layers25/ele.asc
NCOLS 238 
NROWS 317 
XLLCORNER -2739897.89083566 
YLLCORNER -2864754.86789172 
CELLSIZE 25000 
NODATA_value -9999 
[rows 162 to 188 of 317, columns 61 to 121 of 238]
0 0 0 0 0 0 0 0.0285038876817779 168.095705820352 1304.17864021601 1268.40052977858 1536.57164113619 1953.29202583169 2911.55294196332 2947.39871299675 2325.03911595679 2306.61446731239 2448.60421176528 4100.43365941232 4829.99478620581 4392.68886679706 4141.65731731741 3950.6259382584 4162.68113163619 3894.37161371167 3425.80227368046 3681.05277107119 3575.02501608726 4276.96422186849 2597.4829733454 738.070542082995 339.527599315195 299.165019299354 300.487478159855 256.363869293805 249.229934040423 235.855533743028 222.664906819734 214.438394466147 205.636809972566 201.77777621598 193.314738528461 184.155478657551 175.690485397894 165.034713143002 156.99467049994 147.506564592373 141 133.473638191859 126.305320116256 119.235256335934 111.662269678572 103.304643957887 101.13508076749 94.7957086470323 90.0100758274168 86.760513133985 79.1789166901585 70.140877196494 129.940606907436 164.004214695255
0 0 0 0 0 0 0 13.6901209932587 445.934859662643 1067.65081196298 1153.1302091954 1668.97629758556 1893.4456248933 2858.93370591795 2704.38400233327 2424.34907139639 2303 2411.9375505363 4462.54070201017 4299.68126685351 4414.11312909039 4196.72168619001 3899.45673507718 3849.51312345846 3452.96162923583 3420.80382251916 3606.15460365808 2967.79957571361 3021.59147396582 1889.18972871106 1019.7874070321 351.200338734493 341.653948166377 428.171766474313 288.874597739669 245.98590644188 229.782855152072 220.070470714935 210.48865793147 204.801573729755 196.346776043276 186.106618412521 181.045914945844 171.678521237762 164 156.404886399394 147.537336672142 135.390817535202 131.339317262997 125 117.926944369762 113 104.689184914733 100.758034201928 96.1246394398848 88.5701975657592 86.6361666997995 79.2535416000049 66.6483593939341 93.0428748484021 227.654215842343
0 0 0 0 0 0 0 0 654.703658915692 1101.22135115925 710.766032941859 1332.21562643793 1908.80328879921 2729.12472461514 2527.98914055236 2350.61747677548 2303 2611.67344753049 4216.07428963902 5100.70978889356 4333.20128566303 4626.97144213672 3902.15503420881 3893.48519659908 3434.31756484268 3411.60648138964 4014.26005136593 2761.95405664098 1564.82055271535 1275.74501474744 383.983931525658 446.80789844965 415.708209165562 392.902212942865 258.395552299796 232 226.653320555444 217.907331580221 205.70846881912 201.836962150343 193.553953238077 184 176.777626043002 169.505248633534 157.386847867806 160.619575943263 148.865545541332 142.95205955363 132.199257755985 120 113.387130414184 110.019961938067 103.109621267138 100.145976160468 96.1198137901787 88.4929872376444 84.0556622077665 78.5898374162694 72.3191749627198 74.3951361910359 177.416754493809
0 0 0 0 0 0 0 0 541.476928413431 1003.41484141729 725.764003869021 1507.12272027143 1933.59665055667 2473.42761054552 2837.66194077377 2409.89020894156 3015.03470188206 3237.49944893531 4281.44814408878 4197.47473244166 4089.66027794619 4013.58090559742 3912.78784777681 4039.23495912589 3530.68163284441 4412.80978532387 4987.55042441343 2397.76837386564 1511.36510876513 661.010032535705 384.238209748569 1599.43079850313 717.452778674235 348.652069900642 260.540254243282 228.61743743232 217.660453582865 210.030798430235 204.244786368502 194.534616849674 190.027549473343 182.029087834955 174 165.562005591992 159.314595383116 150.833972831412 146.360468135776 137 130.292523923113 123.195300912712 114.092149828727 108.53030962148 104.93569749546 103.420152625072 97.1442374027836 88 85.4081343357755 74.3185121495304 70.1478588350587 75.7134112995171 77.1955797404649
0 0 0 0 0 0 0 0 843.496673393545 1429.8026562495 1192.85503167785 1202.50025973471 2034.80778539214 2585.2873728939 3308.5685041319 2852.24581748072 3096.99448254483 4029.72875524738 4642.80926469833 3555.9188422188 4575.0575788187 3722.89958943371 4514.98727343582 4543.16254936249 3858.46742312276 3532.4612401024 4249.24477332174 1895.57613741453 1146.90858369417 808.007113735291 465.475654175607 1543.60237833865 751.307347012743 322.549878654104 268.674212139278 237.25944854457 220.51330787081 211.007438317097 199.358536127231 192.957014201274 183.495332396606 179.207373432066 168 163.130885652136 156.666658004465 147.383003094633 140.606104756531 134.482928935216 129.192263106365 124.315140467786 114.376102152066 108.81255970043 103 96.4409454514954 90.3980636619061 87.5105350155238 82.7771950054042 75.9608697582331 70.4425085557752 70.9451703244863 93.710200418315
0 0 0 0 0 0 0 0 1645.68045958752 1344.15388047127 1167.22136821119 1421.58715506548 2132.15524851197 3178.53243591864 3176.1319414955 4064.02874915706 3330.95103779154 5599.99597659544 4005.59714916808 3500.28017182916 3542.89429733877 3659 5285.22651523497 4543.04722471599 4559.15751694168 3317.08180807798 3694.2070129248 3182.31937228654 1062.23823231423 882.585033002171 617.569730757102 2365.88133602338 537.305211942494 341.647817009225 288.002093624879 249.18909513936 236.167310159817 218.517521449352 205.047269149358 192 180 171.624700749998 165.398341173367 157.205956900103 150.710498567422 144.948369114438 137.91501794933 131.510250111417 125.420374352873 119.037881571193 107.846575065764 103.771311933833 98.5176499295433 95.9813297621116 91.0913531261288 86.0478930157824 77.6865425666326 76.1123465448258 70 63.8881332679158 110.513899446741
0 0 0 0 0 0 0 0 1690.57070624622 2285.48794401285 1459.96592249956 1650.95596435175 1958.45697544136 3093.08733605342 3023.43822205728 4486.13843206983 4164.24368343567 4419.6498651803 4022.46462298105 3472.94859575668 4567.37238115481 3703.21101859677 3916.1562245675 3959.44767479808 4141.2275434984 3843.29943899013 3206.57446765996 1712.03402212934 988.5916574621 643.298939414174 1682.25710167832 818.399472130843 464.990789557251 362.208465854362 292.844594497316 265.279369509286 244.359174337341 227.47819188051 211.72076148158 196 180.362973857594 171.106768622908 160.483991529041 153.306899402788 151.166897576805 142.125966318007 132.347047432618 124.594644383707 120.855297746457 115.278198440729 110.770620095317 104.324427639063 98.2628657691718 92.7506402920246 84.8518767491868 82.5724056780746 77 74.6549782808638 68.2656124875343 66.5004895517854 72.7069495290046
0 0 0 0 0 0 0 0 1896.71673568389 2376.32507249552 2204.0151256704 1793.33590778218 2245.96411396632 3865.11094793791 3327.43122025082 4554.2453628432 4045.70946037153 4450.85406781616 3470 3476.04649760388 4082.1371476152 4021.04033883609 4155.91937161273 4694.88931802092 3701.5374473262 2921.74444207909 2500.98745757691 1259.93863873359 1353.192533936 871.187743082593 1409.33561399804 680.260621687114 440.964067568106 359.088469846746 302.356844497029 277.973286606297 253.547659479071 234.435726697994 215.692744880122 199.098802731887 184.259542797696 170.325217238044 157.046891265204 151 142.292245580285 139.967954134858 132.321534518522 125.034383100763 114.855878955616 113 105.210430283185 101.844223568676 94.9916532434563 88.5724946790825 81.00406547316 79.759270650262 74.7097387004368 75.4926701503494 66.2210654569277 65 68
0 0 0 0 0 0 0 0 1878.11267856936 2100.22828377121 2164.31511266093 2362.51178209034 2482.61568718049 4015.49772510334 3788.15792273007 3913.80024393553 4421.08359610012 3990.00103791441 4197.78115743583 3470.574430078 3537.88307846642 3779.38804269593 4035.28294028059 4512.28942813849 3867.20149093307 2684.0706121355 3012.48904869203 1188.67143478971 1376.89095551754 795.669517761125 815.079645710292 595.259933397419 399.38057349903 350.592817665228 315.365086492704 283.015833390345 261.664134142466 236.310175196815 218.195471089311 199.375852755196 183.236605821578 169.694960245758 157.825143129776 145.282267190165 142.496797443287 136.747592778076 131.863457813672 121.947771707417 115.684382801872 107.9796108824 104.135774736487 99.1545050724017 93.7660526635873 83.5081100597939 82.8595334869406 77.5468641258923 70.580707956705 66 66.3716411465027 69.7835225386133 69.275504380973
0 0 0 0 0 0 0 0 58.3721224232625 1894.59025380726 1902.71383761865 2403.16539881246 2936.77550158279 4168.62753652606 3655.57574493668 4077.45248761996 4614.89242377387 3671.68035373865 5006.80529041996 3903.93676783068 4583.32645396225 4372.80429314266 4087.78248260353 4263.20397909386 3027.04202005955 3032.56031756931 2606.29923490362 1232.50793615626 955.846761377898 1048.46448455835 626.21034139884 494.518984759312 434.710118724062 336.344740688466 309.647494313104 283.834883209402 259.224204808325 239.911858573195 217.611701139118 202.424227186577 186.204033012888 170.973765019722 156 145.425827823921 135.991417386822 129.693028816871 122.990572441267 120.777742604205 112.877750824233 104.76278986952 103.822723154245 97.2851910007632 90.1584173976898 83.8050022136174 80.4282412771524 74 73.5200205001357 57.3166377847318 121.723100540788 177.388321506551 154.098159586661
0 0 0 0 0 0 0 0 0 1724.05776151933 1968.10145666438 2053.55392807233 2719.29153278036 3792.77645109699 4116.24848291898 4100.90112909438 4412.16636475857 4267.81201898593 4359.37511022738 4062.02354783854 3980.9748057067 3968 4463.60152446669 3992.65806523742 2156.73244783122 2846.84614922609 2542.9229283831 1104.56595937866 1491.03904603294 1009.47112143594 605.580232438232 687.13221494009 423.899733188142 311.793243845958 295.170608943686 275.438356592024 254.969114906995 234.565789045378 217.029341164641 202.999151133275 185.456124604024 172.467170207876 157.00282466721 147.186438050483 134.469660653064 128.196093183253 120.392808235151 114.183756982713 105.978035223493 104.056545135682 96.8187205550703 94.4018337424489 89.3002788996229 80.0410434078302 73.4789201702878 68.2295456474649 65.7511293594995 60 82.334055884371 134.422713927313 190.312551222647
0 0 0 0 0 0 0 0 347.788880005649 1159.76936522358 1502.63347742784 2018.70065779563 2811.54290552963 3682.66075509272 3963.35460601997 4370.73661333928 3745.0849089947 4319.64006580721 5232.59206474317 3326.30142075617 5381.86795285411 4577.09379335117 4200.75952333062 3917.70394383043 3421.0172819524 1817.36401353412 2722.68123368694 1735.97758577943 1344.83475713489 918.041203266825 670.981316282235 547.492585199609 392.092110497725 289.625977087871 275.331205621596 263.108849799914 245.728624595243 231.935457203478 214.602319114678 199.974679596958 184.558422372417 170 157.854550541002 145.981524803377 131.993996886186 123.874088070994 116.395918758224 108.056205779257 102.427901745723 98.1875891471824 95.4495313207227 91.4063561222714 86.9318651362262 75.6983601552039 72.0401174489483 68.1918115969239 61.4432756323808 61.1385818173124 64.6894948170934 106.150548259216 182.219378620618
0 0 0 0 0 0 0 0 503.474978742971 1090.0941016106 1487.36998105828 1841.95661242963 2448.58453781825 3460.9064810965 3871.82374350705 4204.01808003361 4250.67692793726 3950.01576717381 3678.84395599611 3882.37148104275 3795.82292022894 4749.89920238792 4673.1933261074 4984.61703924812 2805.55104398067 2811.12924339706 2469.9670508449 2084.91076920026 1177.40620916813 1050.62865242428 783.924316971084 478.777472675213 373.811586851801 295.86704044745 258.093495413916 248.606529226156 237.332087999887 224 207.053178969647 193.466911505059 178.997908869356 167 154 144 131.727068354905 122 110.89423358694 105.092019008302 99.7381082857956 94.9120300354245 91.0244936680954 90.383174122875 77.006906104006 75.9926205676868 70.3960900284703 65.3008788918499 56.2273431248721 60.0560913204242 135.285531629946 207.124340343088 289.755458177169
0 0 0 0 0 0 0 0 679.605538076339 780.307500461041 1097.08994517431 1635.2571908071 2508.88318301484 3479.9690403418 4066.30051193453 3976.22903671255 4464.10503500478 4453.02146662903 3328.44527943067 4105.38500499802 3352.99799530942 4680.77097336817 4883.60883318832 4729.84538843023 3779.6003461878 3866.3908451908 1895.60000816231 1378.42596011814 806.443227977427 1089.72226081306 896.551178171082 443.681543131895 330.603540922257 273.335015744343 239.787373487625 233.921925953385 222.978372181204 213.285142497337 201.710667616416 188.861727477297 174.753103722106 162.025338227725 150.822269984662 138.486300771542 129.903476944514 117.814495110654 108.068123786878 99.9125024756077 101.566955210324 87 84.6561368029718 82.443449711047 77.2785444815791 70.6811860567566 66.3813092423471 57.8800490875269 61 62 61.7200225337161 97.2101057396998 90.4730728286287
0 0 0 0 0 0 0 0 488.490253038561 891.553279755704 998.060570380125 1480.32111426919 2572.73466710499 3399.8494405117 3662.35294356446 4646.79459299933 4807.1211824967 5031.06616117811 3513.0544512854 3528.54259615395 3152.77229741623 4638.96953411045 4197.31868677435 4148.51079581697 4550.65992395746 4087.21283946229 1893.83828365064 1724.05459307125 808.689501613272 1595.41460981601 794.357297905885 413.719744322144 296.074105661531 256.997319604801 221.845100969788 216.235872085223 212.671429493169 202.959075639487 194.944665420498 181.309736607508 172.032448764902 164.44997449021 145.827370527714 132.97923105401 124.22912431847 114.735128250653 105.835666019758 100 91.8267092040436 90.3312061056846 81.9526997685739 81.894936439932 74.7144263038469 67.2752970883994 62.379827517127 61.2309459274532 59.0764250892711 60 93.1126516176521 77.0401386998017 86.0684485132816
0 0 0 0 0 0 0 0 154.146578750923 819.044065264073 891.696988906249 1595.41448478758 2155.21790554534 3649.1862259362 3792.56494554313 5550.08171447882 5160.37813543765 4156.40459697346 5120.12629068901 3362.44055015859 3024.06157300132 4039.85144757593 3228.8687987289 3694.37297747751 3263.02824009812 2660.3447213789 2313.96294382453 1732.23330185855 767.945870322442 829.579860024063 519.870593605418 349.339167297314 247.618078694805 232.72032646018 210.158343259101 204.488952896058 198.994701182372 193.26150004868 188 178.577556089769 167 190.549986283711 135.703520738969 128.310292685065 118 108.056443520343 102.057852923691 93.862446266377 87.8582984569641 82.4960835309169 78.3048993720991 74.1711823660793 71.8653523148064 67.0335403019223 58.9341382248676 59 61.7661050034925 65 66.0113167844866 94.1009181175248 84.3683542980909
0 0 0 0 0 0 0 0 296.290315704565 937.534090802427 1205.47701342328 1733.36698835188 3694.22430303456 4458.2357805825 3751.68683306196 4309.02338215245 4433.18684344556 4219.74842081865 4557.15990094888 3971.80697854462 3891.31566765238 3625.6191515972 3344.06751891168 4671.63322040842 2630.58507082292 2309.41016166746 3912.15542630608 2226.42590630919 697.342149735216 477.869899263316 381.261717465577 293.050220050557 220.199568916045 205.238055778186 189.469414837758 191.422560417609 187 181 174.501451867611 170.805039771017 174.940428706207 160.134338287104 132.377068550868 118.866376070554 111.452894314822 103.220505524242 98.1221009963424 88.0324199966966 80.000929355059 79.6290730478098 72.3795357762371 72.7624521587344 66.306409220356 62.958084916877 57.53476373906 60 63 68.4632174948931 74.4041369805211 112.331748211587 138.351045693205
0 0 0 0 0 0 0 0 498.920540672191 1185.82703368236 1571.46145293854 1962.96804185939 3466.95238238803 3815.22130803043 3755.82650720441 4420.16889689077 4447.62581353414 5144.00946119154 4737.74397988571 3708.76025727538 4334.00148081324 4195.49147653371 3103.26771243023 3038.32077413691 2243.93879024772 2160.6242208775 3829.40685508887 1388.10781355413 374.266271376584 370.785114062978 414.691418347601 259.983277900425 198.164205992812 184.898441747855 175.660790174472 176.661070840926 178.597773435063 169.81622149255 164.617594898521 164.098117445725 169.236259048463 167.66753325834 126.465569397435 107.037346418809 102.679000481889 96.9521702370307 92.6365621846229 83.9650011032524 77.4120700915728 76.0043393829812 70.2469555673961 66.0141306726568 61.5319917335097 56.7988438265894 57 60.1305177527521 64.4340476365636 66.9124852078457 71.7438069612344 74 149.604993711383
0 0 0 0 0 0 0 0 716.9515628352 1122.47824004873 1572.76477190915 1787.94654138812 3122.11476636816 3243.43577814062 3844.12068996666 5881.75017644694 6121.18886962913 5025.10332287145 4833.79182163315 2316.59117815259 3420.00524417279 3714.86278416829 2061.50944650866 2185.66870884894 2466.68799379925 3951.19069207993 1572.90477007869 426.165074308317 325.689532941897 322.407857254907 395.509296720925 255.383811361904 193.192154263525 162.2999166389 163.083564435859 165.409116094602 161.392987517353 160.737309170444 158.334888917058 156.183097063144 164.536920007441 150.81778077159 126.818153202795 97.2114468250912 92.9769159038889 91.8378074065988 84 78.8908543861155 74.821966004386 70.8791194928474 68.5388269139894 64.7153879820692 55 49.0341511121702 50.2003185660299 58.255968908659 54.956871400778 62.9206319542385 69.3958097646805 72.9087656761887 76
0 0 0 0 0 0 0 103.534211739103 503.196776483239 797.053671495123 921.384671727977 1765.75962677294 2589.31022121058 3595.32206934795 4520.15050686245 5968.80242699409 5519.69004376799 4063.59103914451 4444.83074313952 1927.09103936608 2320.02221515311 3574.90491959218 1639.69554051964 2275.69084783013 2669.48525373377 3616.52846205566 1320.24017229437 380.027104624153 319.768479442708 286.31818623771 291.768012333649 252.990630758921 194.68578602023 160.005905622042 154.354637430895 151.028090400785 152.19572366064 152.691346007072 151 150.881296768596 147.848512218204 129.556093797959 96.4815181703087 87.8446259082141 85.469468691184 82.7006549989953 78.3415886329817 73.6757220710831 70.7843068486644 67.0532461935673 67.4935885868209 56.2034282207876 50.7294454596437 61.7099077390302 65.4565005226584 66 67.4588682430413 69.6387990478584 73.7977125767477 57.5728872409905 61.9757102393586
0 0 0 0 0 0 0 0 220.924911656918 890.814923118656 1015.92747429296 2158.56661088198 3322.49600756409 3926.13687483917 4298.96692011971 4430.12640463339 4596.33345809221 5045.20289666827 4418.19167161915 2014.96270424771 2322.07280416449 2672.68195662883 1788.27444710545 1545.53332387908 925.898881670224 1869.56033206814 1781.16540658232 400.978462200168 311.861827438155 287.70840739953 361.938371242111 326.19804677044 208.03052086484 178.249756988445 155.028505203198 142.951978388336 142.4976647955 141.935132318938 141.040132368148 138.348434821135 158.72715439827 149.4986982297 73 79.7460214098854 80.1298060937917 78.3369648659754 71.8748578184734 69 66.112157208949 63 63.0857424020924 54.9680422548896 46.3468008099716 64.4459014494423 64.2107339466193 66 70.8442803595787 71.8446836268379 70.3581382613679 72.0844972383057 73.4414198748814
0 0 0 0 0 0 0 0 248.274291672074 785.421154740562 1417.50841730633 1757.39594974826 3895.86721166018 3994.24720983953 4693.09825076031 5748.17017658494 4556.72446211403 4374.35968998313 3233.09998470746 2071.55404985693 3167.17143497286 1463.00719138666 1073.6675055717 902.780364135429 776.367897596255 794.129048630275 1553.45716837776 933.199567460106 360.731994985695 345.289760572579 495.832230829564 340.027875344474 208.052188667313 165.217133840958 150.989385486785 140.159875850984 133.657895765311 131 132.9516054087 134.056821253187 102.983798120441 117.231929962324 72.621083737588 72.0104360361014 70.623381041826 69.889633045861 69 65 63 60.5134997877633 58.9812168471638 46.7011409563999 45.9915850697322 64.960532872953 67.1043077098643 68.0925293619387 72.9348937288426 68 73.3647581603431 69 71
0 0 0 0 0 0 0 355.257483428908 251.915426813113 672.45577797853 1598.73092454225 2380.17727649219 3494.74372223636 3390.07448421306 4720.6046341564 5217.54467182746 4635.62175067743 4107.97881411808 3121.59642760486 2034.44598610802 1249.51124904179 1917.10240055837 1040.10740001662 838.464449698649 749.597926904689 943.884642842636 1684.61806113362 1376.98341924 477.799124536251 433.095494468175 571.247622694336 336.897661161185 193.294570228323 153.805720589113 141.814027901331 131.650893656149 126.077871610521 122.582964179138 122 87.4470349927546 85 80.3467631658603 73 69 66.1310371306776 66 64 60.8969929799883 61 58.736035141587 54.7942066036636 46.7841607243207 43.6957556150236 65.9057538843628 72.8780515822837 62.6971582154315 73.2158608747523 72.1009356204066 65 66 65.0537082553455
0 0 0 0 0 0 0 660.342806648384 336.477322695423 792.189457106734 1441.12647151225 1509.32979845603 2598.2515381955 4293.79045921857 4137.54011637839 4558.85582776723 3644.97081546201 3598.57451656629 3909.53676438276 2681.50042468071 1637.10923047246 1686.15938972561 963.971471604799 787.803090460446 719.739435695098 1067.46703456004 2005.06468063874 1009.43637367169 1029.58019608832 499.913982086415 515.164095354575 251.488798609412 157.8644698752 140.779985276423 132.109527551112 123.939577292274 121.360910324427 113.926100169333 113 108.836646320324 89.9928354815339 83.9638188167305 76 70 66.0817229080113 63 62 60 63.239036699503 61 55.8915623391763 41 55.8218759655924 66.4624875532287 77.2742857474424 63 64.8978409523925 59.936758005474 61.887525192051 65 72.7440215560695
0 0 0 0 0 0 0 419.940686742415 403.252974962492 857.383696621322 2194.1246848491 2481.90177007969 4256.08191071952 4243.88603829814 3813.02045084527 4268.88095721591 3740.57709868034 2291.00336422483 2452.29123714287 3582.50770298641 1364.11161045365 1199.76528223876 2360.08807518306 759.748673286565 725.58470067747 1677.24845161842 1797.49734799502 551.062731013001 910.057585004664 383.831878105328 370.896749111062 229.994059965587 125.213720657406 127.501518609877 121.917524027064 115.252505584177 111.638722287976 109.912013992678 106.283175136453 102.568471284683 94.2268946094157 84.7534669099715 77 71.6139909682277 66 62 59.3660253813531 59.6638757348688 60.3080814007695 53.1427635565505 54.4059128017322 39.054905812721 64 63.9151733338918 63.0389113641943 79.6203150492908 56 58.7921093383321 62.1365034982466 69 72
0 0 0 0 0 0 0 322.934597946527 891.533729732056 1792.85691464897 2200.79568652962 3659.12232607866 5461.49732186496 4075.23819264463 3573.52198616673 4298.49134050072 2589.74240884339 1881.6500488448 1758.53728828048 3589.6941947001 2158.02263136795 1467.48518397023 2885.68783213192 903.023711494574 666.775697250835 2164.88441764714 463.498920595657 1198.26724919279 644.0601271911 316.208908026672 310.487135257832 198.639990607978 116.842725300553 117.237276141444 116.353740465538 111.220282139309 105.791613644904 104 97.8952585654752 98.6446261691673 90 86.0363809707948 76.413004773895 71 66 61.3556887012272 59 54.1120380769885 65.3309517197499 51.4279438800746 46.2139345669299 38.0157309680282 55.0368948869166 70.4953323012926 60.3976153220565 55.0611072718382 67.204084904964 87.1262609147038 73.3742086970991 69.7187578443065 61.6153336902471
0 0 0 0 0 0 0 1069.28663411941 755.198396075676 946.66182459576 2373.0391637361 3074.19226559817 4736.71460876048 4245.8917825391 3529.10255986115 3944.4236964661 2937.7233889333 1855.3385121604 1491.21196490451 4582.09979696679 1878.76606984636 1335.27257200074 2759.77532488944 1362.00291233012 1177.58371228724 373.499467788226 336.280259413604 553.315008132574 587.951036222583 288.953617439658 236.660051914452 151.060697649008 116 111.822425108792 144.312290349354 106.460991764694 102 97.5315942880847 93.1074194271616 90.5354116131843 86.1233335309528 83.9407818505776 77 69.5779392981488 65.905134078977 62 56 63.7342096091826 61.8221438409919 47.0305647599732 37.2963581072526 36.9125660005945 65.9699679471333 60.7235474986309 67.632419675907 73.5825045446762 79.6215560290477 67.6720615726313 66.0517948266652 70 69.0711906613202
