layers25/ele.asc
NCOLS 238 
NROWS 317 
XLLCORNER -2739897.89083566 
YLLCORNER -2864754.86789172 
CELLSIZE 25000 
NODATA_value -9999 
[rows 189 to 215 of 317, columns 61 to 121 of 238]
0 0 0 0 0 0 756.242137916619 1330.94498433019 1060.02288580546 2266.71859474397 1450.79710030185 3824.75607541877 5011.88281490421 3998.37440839462 3204.40897595026 4018.18067475153 3129.15100671292 2060.27407332866 1607.12866515925 4844.84899493765 2203.30743029689 1046.08890854406 1542.82941300433 1485.96458304205 404.86492730454 335.498602631772 296 288.814810703272 516.745943794109 248.913297095675 219.402810088021 128.566247743882 114 266.488060230883 276.235367789561 258.167259100224 94.4742597500331 92.0750050380702 90.3093856049409 86 81.0640391338974 77.5771960333152 73.996993417179 69.7111647993562 65 60 55.9502218125565 60.8975975515036 60.4386298896616 48.0788313236815 32.4743663796688 60.1059828770459 56.2547392432548 45.897413508528 63.715083268324 95.9421657955239 88.0839421821378 67.0125672149189 70.8467728866951 70.5924482025153 67.1050312626708
0 0 0 0 0 0 175.290653533496 1105.05652201244 1156.17584755148 2250.35754335006 3510.27703552342 4113.94807078893 3782.99699037911 4357.61991309843 3856.71089992773 3901.80260702999 1842.3109586896 2043.4053330654 1357.55205447575 2760.04552904899 1308.31329611961 835.727066737217 1581.89348498975 479.903862978888 362.82429528928 325 309.797969192468 254.923612143049 327.771196551717 208.029083428165 193.332264430051 126.027735441637 116.972269619276 256.792592828484 489.651705055849 344.815177042746 90 86.908400090015 85 82.6169754494648 81.5673893595711 75 71 66.7951852430508 63 58 56.3489253920112 62.3194684521068 59.4284737356344 38.9769656793457 32 51.0172605389171 46.6718331738854 67.7560873728543 88.4956242576303 90.9603404117798 94.1679440783439 89.1161156569914 67.4209390711524 63.2627112332891 45.794827863887
0 0 0 0 0 0 0 457.674059338465 886.322758838098 2671.8919458494 2923.18096041179 5182.95632395158 4423.47420494347 5028.62926629285 3272.12058501868 4438.15254516068 1614.96639480358 1360.93624895992 1220.02216635175 1411.38112009845 1872.62183643521 761.729796524192 1878.40588413722 412.69973995471 329.905735977448 308.805351209128 342.128134667452 282.093806510293 224.019020115069 191.531172238258 180 156.67951111734 138.333464462176 447.731653265192 619.953731735078 323.485775862065 93.7909026964926 81.6391294956686 79.8753635812392 78 73.4247778524175 83.1001897858587 68.877037637495 64.2950685466758 60 56 52.3127932409013 59.4402518732084 47.721156655377 30 30.1217624985473 39.8044805918352 41 68.8094907141147 83 95.6696239996943 59.0000970221761 53.2785849239161 73.3016502245803 68.2198088592395 67.0483390534206
0 0 0 0 0 0 0 1320.02657636279 1398.16533591408 2523.40892784668 4459.25994472193 4354.71662671345 4152.0633439742 4271.31590598194 3154.23923868314 3962.56185926811 2202.78076532966 948.801314006043 1061.07849211376 1343.10726444793 2390.62902460995 856.004416801498 1273.20283058383 406.055844597162 322.356511143544 293.240432910709 374.597652819103 278.750325510633 201.254032946804 186.614805617244 180 203.749748716176 225.260070299502 731.391067739097 624.421473601681 254.714010395217 80.2102076107843 79.3624947751768 78 74 95 88.3682578569006 79 67 61.2395676088981 58.4975600489713 51.9173209732146 60 35.0632633884081 27.8347732025618 29.9921581667016 38.9856290485612 41 67.4120025254826 85.204172374333 83.0889882859153 67.5259188716246 68.8176208065089 43.3990943988921 82.0570910651245 132.413695356465
0 0 0 0 0 0 0 650.25935876761 1385.35607672123 2888.79041811848 2845.99371177196 4043.67038190068 4289.37749076497 4615.96395187654 2765.03652037375 3147.70882896003 2098.47662750431 1145.50614547725 966.877132882145 1360.29956983249 1669.05062334054 1466.55389976041 639.654231616654 412.83343340529 342.010969872886 311.17241148189 317.560265055207 243.911413313491 187 182.461402497504 180.86896921055 179.762373837691 438.147712113644 918.971734893926 531.655901889675 212.948111862057 78.5512623874184 77.8664611143919 74.9833463169421 74 74.938730359481 89.9365552096525 89.491361700079 69.3416523036107 59.5847385914265 60.2021007792335 55.5450013316186 57 29.4391677627457 26.2182218045238 36.1184668713062 36 60.1272409691298 74.3825140579572 68.2183526272519 66.1221723201904 74.6136834544536 42.4267643846372 75.7490135002221 74.5167774212379 121.171044486452
0 0 0 0 0 0 0 356.048333762458 481.389625584816 1684.43889785572 3308.26526882326 2639.56762307081 4147.89310558862 3932.06237124554 2089.47342036831 2093.20486511407 1378.63647975024 993.186237500539 794.976186789469 1398.02395162281 1376.62029485987 1037.35057032544 668.633969022466 454.064638746448 418.301554339175 369.340032786181 283.424163016121 210.440738489043 190 186.021582678448 215.474827584189 263.638843566578 534.352407609032 830.548475755165 413.94061936964 188.883126041385 72.6466395294539 74 71.4227915782199 69 69 94.6027468578545 90.0909048538353 78.8309955882345 67 58.2104872232804 56 46.1813867240987 27.571468021268 24.7956003074409 33 54.2936485093882 64.0186879181807 68.1566885544901 75.8431364718825 67.5994330947794 66.197821219141 66.3122287203698 49.8676197586532 92.3986281399973 118.242726185091
0 0 0 0 0 0 0 671.502758606577 1113.05764594579 2085.69991463336 3835.60683955704 4200.20389624365 4969.36905767939 3765.47886789432 2081.42766842096 2353.34613208127 1291.91529714198 1119.98224181862 759.384471822969 857.034792116515 1152.92657496839 962.442752511389 750.260068742454 491.16542708831 557.44209631247 504.25803160538 353.528172547789 216.2775269101 195 235.971233619402 309.184154403388 470.159184739237 723.223308602201 671.139411924772 365.904863601143 175.290812867976 70.0064879643422 69 69 69 70.6222115265342 95.4992830854871 94.9591698107 80 67.8238167341799 58.7997237893769 56 27.4105172083411 26 23.8080975677255 32.1097231080782 66.2445115830279 64.3844012108501 64.0237823592022 75.0965127489722 48.4536081269613 37.977228517471 93.4971121635967 78.3153045612057 95.0577518428408 114.672792085106
0 0 0 0 0 0 94.3296201877331 514.986359733445 595.958222050991 1764.4691046745 4104.15087648842 4799.23881907218 4361.43270412002 4376.09715437717 2147.75380669949 2889.55656733164 1540.37130027245 1004.45426715565 707.708574374823 703.335073388025 1563.8980952516 848.128539116444 706.90328287775 565.410078884171 1158.38948341234 965.514220230097 382.636612112442 253.565277098975 221.11784806083 343.15379627908 414.878712258525 598.882092776117 1161.57029980284 622.532988810406 349.216560356954 170.12664086192 88.4451038965606 73.3206116466644 69 69 69 96.7314663845608 95.5019191558359 79.128364950156 59.80535863625 56.1445276258343 50.89076155303 23.9603214920978 24.199150111672 21.7814909748198 52.6484919274094 55.0255050014309 65.7127461088881 66.3388468582138 66.918515827403 68.033699937946 41.5367462782847 73.5101604913683 138.428053803345 139.343385566765 168.713982914404
0 0 0 0 0 0 234.733968932904 252.563612414139 877.830003053357 3086.98944041588 3771.67510118185 3315.59641994672 3842.67183725447 3739.51992282846 2398.12589493813 2492.16912916906 1861.97700501686 1148.95742109076 696.463488423899 675.558638400762 1417.23160809183 1160.32117376702 628.574805487772 709.314019387958 1108.83620180265 748.469100146265 425.984207963327 259.884949162067 209.954856556184 539.099052376952 565.577483178812 739.034554469472 1607.35820555276 627.638955282131 328.749951500915 175.106240651018 117.577478286293 98.3065101339743 77.7249459379163 76.1146610521339 103.423829631585 101 99.1761875293112 79.8858715238073 61.6116576288218 34.4539991611332 40.5428496342369 19.5798857765238 17.150192961141 53.3300944210047 54.6018595183085 63.2216216261006 66.8087666813666 71.7696912441182 65.7388836879291 43.633246501845 32 41.0680248752699 68.4241406402572 111.170747434346 202.910546158024
0 0 0 0 0 0 302.702917763148 219.696977724852 496.815268595939 898.512127447711 3568.97672645358 3532.26382219815 3080.40232363157 2455.77707790186 2322.6303508377 3130.10455426658 1637.86406418106 929.25514052911 770.484068974872 659.449920523148 637.471166486542 1920.18462246941 566.335574618868 642.283683339742 1240.69773932953 783.664465597697 428.647050307406 269.285082834651 225.381257566162 880.096724609525 1033.46909350509 1165.84170839379 1253.98224437916 545.854594391763 335.048753732235 204.86083742488 157.100869395298 121.984390048338 102.034556171676 87.0700068186248 109 105.851329774707 102.03088044875 77.8285916644585 50.1165958143656 30.91800217351 21.0946908280128 17.008630575638 15.0682061449543 31.9887735444756 63.9338530113934 67.9484807457162 64.6959463681248 63.8084590846232 64.2336940687872 57.9494404018242 63.5000278829376 92.4575268585159 59.8114400201058 114.448364531842 131.979629696581
0 0 0 0 0 0 486.307197263239 832.065585369565 736.030190008031 1775.81699578332 3413.33316284086 3997.62766746033 4288.73648615 2570.30213448324 2249.53315447607 3008.07746691605 1944.29205064748 1247.51489141553 632.073778086347 1684.56098001151 740.581606362085 1750.72652445848 480.959093478921 507.986664129684 717.455187616216 653.942422139997 398.790012440063 252.552286342983 278.087736319811 1350.70398979306 1122.41353165883 1699.71131692667 993.284767267468 444.29358451107 326.663545722601 246.375987554595 190.059411026095 148.598791015013 118.837706212595 100.566681280861 113.508358259355 105 100.161401936276 66.1335951444031 45.5367696695102 22.4108841339719 18.6535053377362 15.4065837023844 73.2860831509489 72.9975671897285 78.3046586227127 62.4696287559964 64.1652021893303 65.2933525499559 63.4736566860581 19.5910874708827 53.0194742273007 80.0290240415951 106.334190901901 105.902625188496 154.509296458856
0 0 0 0 0 0 303.384296504818 813.555389579069 1462.105834476 3538.19320298004 3560.1587692405 4236.53653730779 3125.12596894084 2317.62360100885 1606.42513585426 1907.86675922144 1649.74249059225 772.117632984247 589.739079175671 2192.53390627431 590.580673952761 633.308271894965 453.588743007733 437.524059328828 532.992204971674 597.88404496132 355.79762874515 270.03845847887 286.890699887268 1066.17897558117 1439.51569905516 1427.4303008344 654.365468963695 453.080415210745 332.48127653294 270.516652032424 205.155410590461 161.170151806857 131.245874885989 110 108.178348935943 113.496398986286 92.2673206160798 64.1204905559058 46.197992558351 30 12.4160081456411 21.5143915644217 89.9878723068464 73.6184426955247 55.2675145990541 53.3706762735898 58.3319680399738 60.4165847753329 54.4674202695473 31.0650271501238 67.8837200047097 60.1865398483505 132.247042217372 144.581836555983 127.229624363265
0 0 0 0 0 0 0.60425580115317 674.393345841328 935.880567564378 2062.36591634264 3456.78387440656 2750.2009790509 4135.45592106366 2581.02623806988 1908.88995280032 2708.21592966204 1422.88259080637 652.306648454142 579.634791294454 1345.37754655998 576.77006622296 552.304286405629 503.357083736229 409.862216171844 403.530774283463 516.395594738027 329.95715655377 298.963447136387 322.047894279385 424.259335662934 902.900770131159 1970.05354645393 562.070521012313 422.653245087729 334.210398180388 268.844583389348 219.120793088809 172.334379956784 138.834267192796 116.724840145095 103 103.806256503097 90.099995030171 58.1744865610789 43.098275207074 15.0932601478368 13.761787593314 45.1568168736384 93.6284846527395 84.7804698285512 56.6879390686212 53.3220779074207 57.9646739904261 67.4154179762949 39.4024506113809 50.262610890439 41.4515160062304 102.507574303242 113.990097021372 145.850943562266 216.094288233525
0 0 0 0 0 0 0 604.368762192127 1138.16177073263 1274.72542704538 3696.56048563662 3809.11108617262 3951.67083044867 2352.10280005969 1962.02882564309 3517.25030644509 1805.63530729346 731.269530354296 560.50209812066 593.146934535556 623.975468954462 535.111634741839 762.770042050965 443.322191084592 364.938633130616 508.440853916165 366.663538714639 352.732129613348 377.06071037651 480.465699113107 954.651010050686 1126.24093937985 864.399740328349 475.955150119984 335.182745092205 273.38432220263 220 179.158904565493 140.468973753143 117.551067332632 101.07184391576 109.086308668873 78 49.1989259265949 32.9044293930949 6.3915505524125 69.0272772558452 98.0107137638866 98.1698108832395 76.9235067482475 66.0944499006975 56.498802101253 59.4224483741728 51.1459850240628 47.2911734843665 26.5128371457841 80.5579716787446 106.635016085765 106.064154902964 118.393146933663 183.843520594852
0 0 0 0 0 0 0 293.304918778902 1307.95335278445 1249.69113367706 2753.4818837692 3845.7324939465 4471.75288296318 2302.09424226958 2288.16379821995 3261.04828773594 1537.54548331977 664.155921578881 544.049337882778 541.870155122957 540.000794377122 514.984657241478 534.669422374179 579.384392349913 367.546415950945 487.522606794197 471.726779076297 446.510494319131 423.238851423266 601.50827398784 918.245017089771 1029.4157967237 565.939413450679 404.523123180772 339.059706371028 277.679880940142 227.627246292498 179.911781987081 144.188501120019 117.828242965671 100.891021601798 115.216364734872 90.7910254505195 54.2832704612527 40.1008729122118 10.0496524376035 9.99512616963296 85.8334486206196 73.7199888469629 45.5484142087754 74.5657603773721 41.4323266971918 62.7875061721838 51.6722710992477 36.7307081594966 16.9682437908718 62.3307636164635 38.7628339486933 46.620414872423 73.1845118697884 138.959794967048
0 0 0 0 0 0 0 157.531962627641 1579.01018070279 1493.65005830679 2950.53449468352 3547.61650795064 3568.32916781305 3011.75884633661 2694.69216822209 2236.37739360059 1349.56545006198 609.525587904811 552.116687650009 556.110344985389 525.288539707704 504.707876244701 514.972635823405 661.548820034595 430.133180862718 575.025586781265 597.727406693761 729.657443841553 935.318155827258 684.893438708685 799.658042348663 1125.91330897159 624.805488749813 506.20566994794 331.757134986503 268.587237939631 223.372049206243 177.54193530223 140.695163127072 120.086644784329 110.103850465617 88.7538783359939 106.791601542837 71.0666938699471 28.1258770115652 19.5059625562416 10 59.6751048209621 67.1630151742214 46.9677234570102 77.9262003500203 35.1011373151844 52.0466602106159 48.1232241868825 24.2909929648482 19.0168210332996 55.2481077619308 96.2071187964939 126.27180985815 128.420677773987 160.290548370252
0 0 0 0 0 0 0 62.6579352398878 598.677235869948 608.682606385123 2952.78612790575 3228.70276952449 3203.01544460465 4323.33936973741 2554.3133448332 2643.91427907478 1418.26803425407 573.282835003254 573.004281613265 569.221007928083 536.953204684509 500.332521598586 483.259612894324 826.647529716726 505.360702142734 595.280878622189 836.111686875139 1356.36871020468 996.52944770242 742.644828657637 876.632981153509 1156.30686334035 658.774618204317 515.176140339321 328.414971278029 237 199.032521087912 168.200122304891 138.178368852304 118 115 85.1750710134626 115.785535526364 100.169400515846 51.0327055990458 31.165730208331 7.00542799630482 6.93662953796957 55.9486589625897 33.7895273341695 41.9935061469605 34.6714496540866 51.679001698638 28.8620054009937 40.2207823964028 28.135002184261 53.6278379641719 75.7889920563601 51.2236786988049 104.921285120906 94.7928616493718
0 0 0 0 0 0 0 423.443304329161 742.922039869285 776.916591642368 1946.18163143361 2906.76125594009 4982.56559010244 4779.16438356527 2018.77656391766 2935.46196839668 1109.16095537744 615.505901048649 598.361328711566 585.337246370578 553.645922604217 490.534500864128 477.449089596046 607.860114118967 658.562833561545 683.123249273065 1820.51018231301 1381.00155866751 1032.69574432686 795.335717298909 901.452594870769 777.618693383193 651.721993792877 459.940635992003 312.527117294107 227.668877528635 180.036657627009 151.150032309478 130.423177148933 115.454854262813 106.061764217356 110.329823927525 97.5730411510326 97.4807494432715 69.8364460266097 39.1484756132423 8.58970497618756 6 4.53101511039466 17.8458443126797 23.0898926684802 18.7089124200034 62.9142521359844 19.8647455276404 36.3702156360783 1.43584083371229 51.3729079295671 46.6228378226526 80.9976636708913 89.6316299860373 67.5309020551244
0 0 0 0 0 0 0 33.115703128729 228.737563900492 473.00000177282 792.321801672237 1772.17130189831 4031.5073246407 3046.04903339816 3832.06520306821 1756.82704865505 1251.04174692781 652.91584957622 631.403820507976 606.396348861681 560.877515836537 513.321870327546 470.322056585801 509.012873537406 771.209511401466 657.030753356166 1919.94075450573 1186.52142502445 923.336845243526 971.275894891114 1077.60546030037 671.869589643447 516.197047498897 412.475409987503 300.720731365857 224.043422385721 172.873206747016 140.049312367444 122.497897110858 113.961364595676 108.634411350063 98.4505825291857 61.0760022294357 97.7083261901837 76.4695769522692 48.7129979900986 30.1750599988001 7.03299538452208 5 4 10.5538594052156 27.7263852932135 42.3158790900959 30.8342440532346 0 33.3667258678762 32.517958519164 29.5579243079903 55.4637716175991 61.3422193332256 110.056108467098
0 0 0 0 0 0 0 211.225812295046 192.402721801022 871.868026657654 1001.86571395516 2919.64508922388 5266.8873706688 3953.96203905133 5086.08036248342 2297.04278645835 1057.37350089363 731.163086339192 656.11616847599 617.48287298737 575.799919190606 519.814687065629 475.053215341522 556.183614075708 617.187342076856 591.330349346354 1076.46250083024 823.661739999189 816.798898805172 1024.54528200127 855.876075469527 631.456253619554 464.43064372465 353.014051960769 284.544242625718 215.758399254152 158.973378287644 128.020981202041 113.536278906323 110.076138945734 118.580952639291 110.29966895849 100.91950582841 97.5013448147666 89.0050432504619 62.9572520103726 54.1338329538171 26.4878009520729 4.57537733898689 2.93490518090415 4 7 4.14057424431376 13.4348764646604 12.880704289283 34.2909600619241 34.363719671066 81.6852603830586 73.7057449598908 72.2153726899629 76.3406706926227
0 0 0 0 0 0 0 384.85134250702 669.429798420415 598.475298974598 565.646794342096 2858.86834677468 3684.46611541686 4797.07520741236 3264.32002603834 1549.37238907318 1050.73089890271 788.734964077336 723.021165127019 601.348168944948 559.438903191861 513.764548553797 475.260357783518 547.47235122923 505.992495562898 512.273593541328 831.263157076111 745.174962233654 668.305057335083 660.14760200176 642.929664857443 509.170270755263 372.97887265861 295.730699542439 249.751343710353 187.059354442195 151.135251839616 117.620484315458 121.423792690086 125.323944826979 118.227975496549 112.267650985952 108.302627993782 92 86.6161687928684 76.7863028069397 64.9966302300116 53 26.3551603088958 4 3 2 2.49260288884893 2.3879931944053 3.46192762716894 51.9446627002679 91.4339395690777 116.572363681709 90.9929927535802 103.096845949324 93.8871358494118
0 0 0 0 0 0 0 245.487375420608 506.109272192034 920.551843559634 531.119123549765 2375.8564586496 2020.3450394606 4522.25899056158 4451.9435210972 1241.07454655017 871.11347576359 1063.32597328532 951.557872203001 642.581944776395 543.337052999956 516.864167417332 472.947029656248 445.899274430084 408.081856265378 449.936717355445 697.296989994275 697.217483726587 578.981136682588 504.642528653195 441.283687895474 394.176011429815 314.69368344953 240.445375739265 231.773734264008 156.640047900146 129.932362470767 125.888962653447 133.050177469632 114.055410018662 115.723830355435 112.028100603035 103.761192089285 84.4612655977571 91 84.1416078948277 71.9877953513328 60.9763087740565 54.8681079498374 36.8603764449838 3.23178401267178 1.48937501745142 2 2.9773220832157 33.0879446780086 48.5115536292172 89.3786573962638 139.959478746981 116.21775669483 143.926010936404 123.481956464054
0 0 0 0 0 0 0 178.425266448968 147.91382745392 331.620716873892 554.142623256183 1805.19186349816 2375.5907314243 5519.90818717565 4284.75959480296 1479.30959323187 949.069600732495 1256.80064744229 1015.21673599855 675.704783537513 554.907757640215 496.056137618304 462.300950032226 439.834184175062 422.148649116138 463.056882229217 675.538416628624 624.425617995974 539.065784980413 462.758406687924 390.961217415119 330.944040805182 272.080686941451 211.104381254292 190.015558141989 155.578324241262 132 133.52582753753 129.635576298293 120.582244264897 121.155815134716 114.544825111142 101.163321114274 98.2531675145626 85.1418860765395 84.8858976988982 67.2930468930423 61.9548502498592 57.8533805274695 20.0284222718422 15.0763503114581 2.8844192299655 4.4557292826057 7 15.0420099642113 47.7434649663369 106.530252633385 119.740368139964 147.723846913579 138.719888469229 122.000924752241
0 0 0 0 0 0 0 202.554026995112 136.125773707963 1171.3086523111 396.423969649063 2198.3161799388 3182.40383591219 4008.67774395534 3315.13733132934 2717.43576369548 1121.78308449739 1324.15895716563 972.371417370585 690.646988739961 567.311646753452 489.669777974017 454.340348738421 429.847497255513 414.184412109045 605.180898818507 609.361528580831 550.536017532319 496.043781782742 420.633339288441 357.241357425403 298.124409907423 253.581123040328 208.212057958481 174.70865533349 150.11177766849 140.688354464582 131.50868161473 127.578111585397 122 116.633856238443 104.940081393352 103.983416655458 90.3696401470846 100 70.7447196783777 73.1942651181168 69.6984810025544 48.8974963276715 45.737388228354 46.6084423516644 32.6309794292685 6.29304849864661 5.89350117617257 0.348214007507327 24.0849526084036 39.202774256562 98.2319406031101 90.0086041143147 129.759995074517 70.8625080879057
0 0 0 0 0 0 245.686689912355 128.278578556011 128.394120712429 1168.4601256838 467.789143554347 1672.96527003895 4144.62195886192 2980.7894970679 4061.30951251984 2703.09500298162 1509.75549892909 1384.43058540228 940.005299478046 688.009606542799 552.49186431814 486.05540436597 454.905710483692 420.973777820393 401.188005775076 588.35298069698 577.928465647954 494.909518924178 450.903333767738 388.945206930987 327.489455515388 280.100677030371 240.585503257214 204.570972449099 169.72033531484 148.904165030068 140.396608835468 133.107219561904 122.195048394033 113.314477503639 103 104.630603681651 89.8429358989688 88.7394207962592 78.7998847999418 78 60.3784170667633 65.4749256272313 48.0561653404727 53.6803701872358 45.4001676536427 27.052912919296 16.0343574394724 4.95007360877629 0 0 58.9693669214395 14.6027360017471 33.5979132705532 41.2327062412037 30.8580291309489
0 0 0 0 0 0 369.697727183651 179.35192877883 143.702701462318 284.077341489984 384.858441710151 1991.06793474239 2263.65674546541 3471.84542743793 3593.55908553224 2143.57140611898 1804.68018361643 1451.87486563489 894.077654750962 669.206788405554 544.895092002956 493.329183353358 454.439686605784 420.134452300753 391.5767761563 648.555354297474 515.315629879166 454.551021972829 414.033452362407 356.500266763133 304.994329225767 259.233392682082 220.35488653458 179.183576402486 157.88574834618 143.541626670331 133.869764044155 130.957496839303 118.989911673249 111.061029073186 106.575727976145 102.050081674277 93 88.2261847066321 73.8330281333367 76.288329662174 71.1569268800536 64.98582333232 59.5898848055767 51.6494770319334 36.9103097757828 30.8485900535497 32.6687027006118 15.9892743162446 0 0 0 0 0 27.5594621876163 26.382849709995
0 0 0 0 0 0 321.413883611405 249.127003088799 146.488557736908 268.625913027991 1523.16367361681 3039.95338764895 2189.53537654394 3486.96390568223 2937.889916547 1964.60732189253 1609.52543323772 1443.93297974776 895.581501975452 630.579864361119 542.444463532416 493.02054543394 453.132469923325 420.714181878885 396.22645887835 441.659014587361 478.117907455459 430.086977941802 388.64127294869 345.762387402362 295.494155936763 253.726072593605 217.018571987196 174.061512807884 147.513340110947 131.692317142486 127.552320043869 124.601485324742 119 112 104.418405613152 101.620534980317 98 81.3841899285191 77.7853849866303 73.284629876062 55.9635137021822 59.006616329803 56.5716613329381 49.431455737343 40.0393034692135 40 28.054429575341 13.1165686491177 20.0716109246124 2.52693902715109 0 0 0 0 0
