layers/veg_krg/veg1300.asc
NCOLS 255 
NROWS 330 
XLLCORNER -2985163.8955 
YLLCORNER -3022031.214 
CELLSIZE 25000 
NODATA_value -9999 
[rows 225 to 249 of 330, columns 56 to 111 of 255]
-9999 -9999 -9999 -9999 -9999 -9999 -9999 -9999 -9999 -9999 -9999 -9999 -9999 -9999 -9999 -9999 -9999 -9999 -9999 -9999 0.416016109390432 0.401142772241884 0.380164470334836 0.348399979253482 0.260988350634409 0.131561782652136 0.0323077686232213 0 0 0.0827458304342197 0.157866991688573 0.162991415550352 0.156573781971825 0.170538826129042 0.2228629098833 0.272145859813306 0.298942647494755 0.309712217206221 0.315032362884445 0.321489132081928 0.326462180433996 0.329167642192698 0.333375977306463 0.337618575660712 0.342265809672905 0.349108044005791 0.356260171274584 0.364353426291424 0.371965077880858 0.377372308036151 0.381537292240115 0.386101346362542 0.389101734201072 0.392007676982625 0.395492746233782 0.398208887447788
-9999 -9999 -9999 -9999 -9999 -9999 -9999 -9999 -9999 -9999 -9999 -9999 -9999 -9999 -9999 -9999 -9999 -9999 -9999 0.437796857036023 0.408755463261769 0.396109509016458 0.391801888070324 0.343441532723633 0.236949092693122 0.117519844304276 0.046604965371071 0.00455569330960391 0.0155314562011756 0.104983855825399 0.153643483116895 0.16274115642496 0.123789633902568 0.0907199277231882 0.156612271610284 0.243672803947923 0.288888724343962 0.308073963590133 0.313174888737085 0.318416296554551 0.322098653506824 0.323929023721923 0.327242523380368 0.330449810758821 0.334111052291226 0.340202012861584 0.3470305725791 0.353911660036544 0.361117322835888 0.367822115915024 0.372197762287402 0.376318666889705 0.3794422428373 0.382777930871054 0.386604252618097 0.389370477331516
-9999 -9999 -9999 -9999 -9999 -9999 -9999 -9999 -9999 -9999 -9999 -9999 -9999 -9999 -9999 -9999 -9999 -9999 -9999 0.44207319110317 0.411585760801753 0.394581690631628 0.392849207455992 0.325437347109441 0.237174023336598 0.137134982602312 0.0280281052300993 0.0381998288271492 0.0669266738598425 0.0792716810415257 0.129545161742136 0.160161903503376 0.131584737198734 0.121200195990305 0.177167996190239 0.232936201172518 0.276752555585078 0.302721499853136 0.311600487995116 0.315738288420369 0.318291426361589 0.319042815076065 0.319649324478145 0.322564312425581 0.32773287628799 0.331789232449099 0.337322028572781 0.344322020523099 0.35166545317467 0.357592111666142 0.361838618490858 0.366120486435982 0.369406165194124 0.372961668507072 0.376836948651899 0.379748367661279
-9999 -9999 -9999 -9999 -9999 -9999 -9999 -9999 -9999 -9999 -9999 -9999 -9999 -9999 -9999 -9999 -9999 -9999 -9999 0.418358409507943 0.405831843100165 0.404485083651032 0.394645616974293 0.339138198744781 0.249319177681721 0.165652957706489 0.0803398032663319 0.0538561621505415 0.0767197493507409 0.086982782189079 0.117830941660886 0.153387775343535 0.133485119422462 0.129158426685289 0.183826763667634 0.236117419830007 0.271474905910256 0.297375421481762 0.309624444165806 0.313577974245015 0.315416850356601 0.315635831224825 0.31627272672772 0.319040472825748 0.322604775060017 0.3264621794381 0.331346565828671 0.337110165465941 0.344762190046381 0.349771661067322 0.353544618197782 0.357990432898164 0.361137234381003 0.364655760277872 0.368682804030037 0.371770973121967
-9999 -9999 -9999 -9999 -9999 -9999 -9999 -9999 -9999 -9999 -9999 -9999 -9999 -9999 -9999 -9999 -9999 -9999 0.423367822822965 0.415988461369093 0.406188870718143 0.405831161144083 0.389333176753019 0.309615144703327 0.19789896172556 0.149113446578677 0.084628793701809 0.0322506059651328 0.0556100813979988 0.0911421360373543 0.105649195407677 0.0986145410838361 0.120415294082593 0.166573636364808 0.205649806666755 0.235507543722928 0.264980434147993 0.289408801560003 0.306119428223748 0.312031467607024 0.312562915435151 0.311934544814549 0.311292767629146 0.312192017217189 0.314998614064389 0.318497033032255 0.321463073866025 0.32626606132982 0.333447029607231 0.337703934532106 0.341007890540984 0.344893926820754 0.347986142953197 0.35100998320855 0.354699907934859 0.358136783390508
-9999 -9999 -9999 -9999 -9999 -9999 -9999 -9999 -9999 -9999 -9999 -9999 -9999 -9999 -9999 -9999 -9999 -9999 0.418269168466166 0.414793031971103 0.417390412552005 0.409647444606692 0.38501041571999 0.306745615801482 0.207019791408877 0.157951076928825 0.109906115293359 0.0776628102643785 0.0650375146589387 0.0790493336473201 0.0700140614858573 0.0317841338015489 0.108792721742742 0.188861810733502 0.21846485838785 0.240355703611659 0.264057910300624 0.284252535444862 0.300376251365689 0.309588488056634 0.309397744335933 0.307691013822375 0.306506246299923 0.305927929933525 0.30649993983374 0.309904182116682 0.312219128471884 0.314974662177184 0.321431290022467 0.325957682761828 0.329178333337815 0.332051168897478 0.334751261801366 0.33776277065961 0.341842359175423 0.345740720719058
-9999 -9999 -9999 -9999 -9999 -9999 -9999 -9999 -9999 -9999 -9999 -9999 -9999 -9999 -9999 -9999 -9999 -9999 0.455700435650301 0.433229762794739 0.428467118700372 0.412621011702671 0.371534269995864 0.286260521394423 0.182160844204914 0.120464433240869 0.0844476704711182 0.084592381539422 0.101710877926266 0.119816321553824 0.142024759190069 0.144636115754028 0.179662761763756 0.210737498074526 0.230861932545879 0.248678557704031 0.270000974057227 0.287590770317434 0.299981188735402 0.308172706279641 0.308270165862096 0.306839009785855 0.304506280628525 0.300007102269007 0.294421391987105 0.294498610650556 0.299770127269576 0.30522650944596 0.31316280666956 0.317816344788489 0.319692363445206 0.321971750408166 0.324347444155273 0.327905599328476 0.333187209883729 0.337723679860793
-9999 -9999 -9999 -9999 -9999 -9999 -9999 -9999 -9999 -9999 -9999 -9999 -9999 -9999 -9999 -9999 -9999 0.474084794453686 0.456039328151699 0.43566504900958 0.433536697532992 0.412227015368422 0.354623737791882 0.257262280651281 0.168192943421299 0.152670719368369 0.136625375816064 0.0784403228922062 0.105164326497596 0.176852727666189 0.181622146689602 0.180719491086121 0.194676967641669 0.213897599792279 0.234019516628208 0.253894231098544 0.27477042238716 0.290594020189813 0.302375829337949 0.307498825937777 0.306579441028164 0.304774730968031 0.30029485106145 0.293432598318997 0.286660745705627 0.28358598168027 0.28693217402575 0.293280824293324 0.299318700474198 0.303253107738991 0.305928937255132 0.307950329726149 0.310309362139882 0.31416426618003 0.318728207056465 0.320828658487114
-9999 -9999 -9999 -9999 -9999 -9999 -9999 -9999 -9999 -9999 -9999 -9999 -9999 -9999 -9999 -9999 -9999 0.477788172799232 0.462267317563084 0.439576764405915 0.433146254826897 0.410165015026428 0.338078517239914 0.240963124744064 0.151120643036921 0.12610305825716 0.179320158059567 0.156420429300119 0.102490958087139 0.174803628632245 0.252909609673264 0.258637159870143 0.241466903463418 0.231819845484518 0.247365005772915 0.263467871245703 0.280024308533755 0.293372910556978 0.303531722466122 0.306576277844586 0.304752535950752 0.302137348501385 0.294514420825512 0.28452549124251 0.278241393524544 0.27402815998838 0.27471920709621 0.279657280185302 0.284895151256346 0.288508718090533 0.291746803531667 0.29455890092881 0.295073152191083 0.294831594188485 0.295954156431798 0.299006016707215
-9999 -9999 -9999 -9999 -9999 -9999 -9999 -9999 -9999 -9999 -9999 -9999 -9999 -9999 -9999 -9999 -9999 0.490366834201071 0.467434170995867 0.451065749073043 0.440394875033722 0.415077873581027 0.345430544057375 0.247257831973567 0.166337299225604 0.141392367146354 0.188183539345424 0.19702819980427 0.132361745531701 0.164404907183696 0.235157215328283 0.237945812330684 0.250632066843665 0.24954445401473 0.252554147472594 0.268813763975826 0.285617816508785 0.295460747494748 0.302351499630877 0.305349686762973 0.302776448355732 0.29982594218495 0.295332196057423 0.289468787241549 0.281377798150054 0.273243247544337 0.270375280137418 0.271886117233894 0.273787553478241 0.275957763901547 0.279314102006341 0.281826501643987 0.281127737236827 0.280516321131201 0.281712396472432 0.284503247677719
-9999 -9999 -9999 -9999 -9999 -9999 -9999 -9999 -9999 -9999 -9999 -9999 -9999 -9999 -9999 -9999 0.502784616216587 0.481956449806437 0.457066939172222 0.458891513040203 0.453331729661298 0.423927966639459 0.361287448579321 0.275134504603828 0.204523192930817 0.197838128656467 0.222291002054969 0.226897437448851 0.237691269985513 0.230666055574155 0.238834674706012 0.254091395075192 0.244453241562424 0.257001246096719 0.282456557302737 0.289270771583362 0.297643315353597 0.298432495832844 0.297167062133171 0.297143768074394 0.296159303821506 0.295355172254304 0.291414908053491 0.286407055070297 0.279216118855321 0.266952000794834 0.259070541154196 0.25850582330894 0.259129896795939 0.261712972475923 0.263171956374371 0.262682494306604 0.262046172977478 0.26049835970253 0.258502075668354 0.25301553089728
-9999 -9999 -9999 -9999 -9999 -9999 -9999 -9999 -9999 -9999 -9999 -9999 -9999 -9999 -9999 -9999 0.506567739450368 0.476319989031228 0.439141094546336 0.453924324383704 0.465061866176464 0.433955768014887 0.386341132281649 0.291721819194318 0.199934461555693 0.203823995589396 0.213633790415541 0.224333592875841 0.252394578347446 0.251411479685356 0.26754226859573 0.277075992980749 0.237122399915635 0.241472347401617 0.293434307394107 0.302492377958637 0.305548491133923 0.303155307880188 0.299897005951173 0.29652569141496 0.29353926406097 0.290682907670858 0.28719258394423 0.280772035890787 0.27166007496755 0.261947788196593 0.255914394791897 0.252487363796202 0.249170546878491 0.249422191461701 0.248319531311237 0.24654744778618 0.246092642507124 0.246554860127064 0.248675243249331 0.243984730512689
-9999 -9999 -9999 -9999 -9999 -9999 -9999 -9999 -9999 -9999 -9999 -9999 -9999 -9999 -9999 -9999 0.516772648266381 0.473761718328323 0.410350054201653 0.42235379692555 0.459324846690447 0.431021627651372 0.382458022583074 0.302023488768749 0.191585471894222 0.14154761322199 0.184712461002783 0.240572126480951 0.253200473045027 0.258086107337022 0.280581493964731 0.314880027221417 0.321482942100767 0.315838866591674 0.31016140334626 0.311622659709093 0.31651409495757 0.312847192005697 0.307413944047847 0.301581736474358 0.296868593309792 0.290733948230061 0.285412335346634 0.275325194858158 0.263412732371105 0.254176513813797 0.247368243927748 0.249558712122356 0.254064793481691 0.25344773757406 0.246203000912252 0.239579617620146 0.236696714927387 0.238602069581057 0.244511539506119 0.246067312089672
-9999 -9999 -9999 -9999 -9999 -9999 -9999 -9999 -9999 -9999 -9999 -9999 -9999 -9999 -9999 -9999 -9999 0.509811821814089 0.483132130313998 0.481503487275901 0.464174871359586 0.427365257968425 0.373110459887691 0.321687401984298 0.284252696950939 0.219075939072543 0.202239017375371 0.259132170632968 0.269222409754486 0.275218009864545 0.273616978258869 0.28802057087713 0.324524780605092 0.33017971932109 0.308077409944785 0.298591211300821 0.310323538567601 0.318914388795613 0.31437546171912 0.307067529528082 0.298683562638139 0.292691331837798 0.28577893342395 0.276744690786741 0.262792747908204 0.249327868526952 0.239587335506978 0.233702141083384 0.23747981183852 0.241193295534093 0.239815730208817 0.236950179303444 0.234459842312924 0.235298863194725 0.239544953206754 0.243602903876405
-9999 -9999 -9999 -9999 -9999 -9999 -9999 -9999 -9999 -9999 -9999 -9999 -9999 -9999 -9999 -9999 -9999 0.511012768684622 0.50445521325786 0.497572619511625 0.482793552790751 0.44310984755726 0.376542705659565 0.31076761201565 0.296574779383443 0.256266369337858 0.23270064184588 0.282848377609275 0.296393195800733 0.310466259930278 0.316029280631242 0.323277101286556 0.330866415167813 0.33493738242746 0.334442077989288 0.327455611687139 0.321027857096331 0.314454895396841 0.308794392035447 0.309836246253998 0.307377978057692 0.296500463607962 0.286264026662646 0.277115170461756 0.266429447556351 0.254142007852613 0.240472831411773 0.232653812053883 0.23486361409817 0.234844392725592 0.226584096762114 0.223560972423342 0.228274504073179 0.234651546167283 0.241901000142232 0.248665256621858
-9999 -9999 -9999 -9999 -9999 -9999 -9999 -9999 -9999 -9999 -9999 -9999 -9999 -9999 -9999 -9999 -9999 0.518822171604468 0.513660503473086 0.508705444595248 0.496851660710092 0.462398573355671 0.417266441887609 0.360034640416509 0.322483445651839 0.272116995689143 0.241186921736779 0.301145256065049 0.314309627667679 0.314647686554451 0.325454367048211 0.321775051349313 0.331513404124522 0.344014802158733 0.344295531258059 0.341795404685835 0.332812307617404 0.324668838911825 0.317326873630027 0.311354831170519 0.308739277278496 0.300205551176851 0.287921284537791 0.277856556037551 0.266165246471649 0.252365566228448 0.240470667611028 0.231586292686485 0.227629289338062 0.224164616326699 0.217774087119823 0.216322505080773 0.220067579829529 0.227168513507545 0.237189253438778 0.245066466313791
-9999 -9999 -9999 -9999 -9999 -9999 -9999 -9999 -9999 -9999 -9999 -9999 -9999 -9999 -9999 -9999 -9999 0.542299352110463 0.531582338824414 0.538122105555989 0.530531755552736 0.491775838969088 0.437956104933074 0.377897516149259 0.324408016710831 0.302926045434093 0.275958814379653 0.266773901220993 0.305370679903638 0.324023833667005 0.330151015167005 0.333556216144504 0.34408767380066 0.354982486746278 0.360962364545248 0.356771542219173 0.346216808939361 0.340514271239025 0.335363716728873 0.322611579660112 0.312912423232918 0.304668669125929 0.290791374351896 0.279234937266891 0.267325081039014 0.252048112515948 0.23920122745065 0.228524359922257 0.217362686770274 0.210316743134648 0.206497005913442 0.20655476475939 0.210928035486761 0.217008342770518 0.226984374237065 0.234360535887159
-9999 -9999 -9999 -9999 -9999 -9999 -9999 -9999 -9999 -9999 -9999 -9999 -9999 -9999 -9999 -9999 -9999 0.586754967358948 0.578545452174904 0.569326438212453 0.55472265598621 0.524313760466092 0.46422801314201 0.383164187044527 0.329181694448219 0.324151974573062 0.306646393347127 0.286536624699582 0.315169614015032 0.33140152723954 0.338762847003434 0.34785884458972 0.362450869576953 0.378496898215117 0.377175873212615 0.359326177252458 0.345674423277704 0.342557577321935 0.339549455062109 0.335734870325381 0.325765039337539 0.312710010831682 0.299180415296075 0.28654826726868 0.271567682808438 0.253527703961862 0.240250648731439 0.229485508298699 0.217671172773461 0.209518534899835 0.205333163973159 0.203461577142383 0.205101230354428 0.210756988186732 0.220209090191024 0.23013113365351
-9999 -9999 -9999 -9999 -9999 -9999 -9999 -9999 -9999 -9999 -9999 -9999 -9999 -9999 -9999 -9999 -9999 -9999 0.590872571597546 0.580001591256838 0.56743304341187 0.540758042924809 0.474265456943863 0.394707604983044 0.358172152658145 0.337970665097781 0.320861172442455 0.323945559963088 0.347295238816623 0.369192330701716 0.386629198992744 0.382723415727207 0.380106617536506 0.382062653960326 0.360388508552401 0.342038940583084 0.353377698314654 0.365011307923634 0.359539382856266 0.338418282239786 0.324079103523164 0.31297458587317 0.302114580628931 0.294755282843966 0.279483227870114 0.257804006217426 0.243516274840252 0.231508268683543 0.218050090088652 0.208631285103107 0.202470949735188 0.199973763008706 0.202832538990799 0.208283044651295 0.216676285748675 0.226178779884402
-9999 -9999 -9999 -9999 -9999 -9999 -9999 -9999 -9999 -9999 -9999 -9999 -9999 -9999 -9999 -9999 -9999 -9999 0.606053872695389 0.595010578543056 0.581566608285261 0.561991928498297 0.510542149840769 0.441044031705243 0.41244960284004 0.390097973029396 0.37358079636193 0.372024800521836 0.386600018271388 0.413189831674401 0.42522570779523 0.426833914065087 0.421123867019812 0.402153510387696 0.370758642632875 0.35559593698802 0.362947998718829 0.373235495604162 0.373520905341728 0.360992561420382 0.343801285541148 0.323809491027283 0.309083156753941 0.299462951570888 0.288226143913192 0.268503867564215 0.252083215968777 0.239311036275925 0.225471247364637 0.21604496988203 0.20994942206395 0.205738410275083 0.205028786494123 0.207382269324106 0.213940606058332 0.222815828281482
-9999 -9999 -9999 -9999 -9999 -9999 -9999 -9999 -9999 -9999 -9999 -9999 -9999 -9999 -9999 -9999 -9999 -9999 0.637804408492669 0.632570723395377 0.613298776723028 0.574287188082346 0.538263160495555 0.478670947956878 0.432115302905972 0.435714254665686 0.438054864621755 0.430171247894073 0.421842873428007 0.444634185773728 0.459412267703719 0.451654230865081 0.428096015311368 0.407614417609697 0.388768882932245 0.376657517977989 0.374659477423001 0.374887853240575 0.376758812473443 0.372613875863311 0.36573488902013 0.344389607232636 0.319715181998803 0.305838567963718 0.293210930093486 0.277718133312852 0.265297115472189 0.252930055209504 0.236154044681109 0.224472481820059 0.216215286662581 0.20901178957871 0.205511593215355 0.206262404347049 0.212466246202837 0.217596695254755
-9999 -9999 -9999 -9999 -9999 -9999 -9999 -9999 -9999 -9999 -9999 -9999 -9999 -9999 -9999 -9999 -9999 0.636437646938642 0.64542081698807 0.649213058495488 0.633618925307889 0.591757409930501 0.56913803227584 0.536244496274311 0.476046562160562 0.477171136149681 0.476751523918279 0.454883848487176 0.445799175705349 0.468309831389759 0.477317053579618 0.453129957074923 0.428814590755333 0.409138750848665 0.38908439495701 0.378511667627399 0.377022939411171 0.38018439805396 0.38178887158005 0.375469251390091 0.368212567032328 0.352165900434983 0.330686039891168 0.317024273528207 0.303102575700336 0.284831159638482 0.271032573456434 0.259222231306683 0.244225439387502 0.230531410326267 0.220555313098173 0.21256209701293 0.207854254114073 0.20776828894863 0.213508204350413 0.225010190355311
-9999 -9999 -9999 -9999 -9999 -9999 -9999 -9999 -9999 -9999 -9999 -9999 -9999 -9999 -9999 -9999 -9999 0.625039765696708 0.641419897792498 0.656086320792033 0.652862191457927 0.635072059206333 0.581089812332528 0.530964558702737 0.499824911882393 0.481698278781004 0.500177913234792 0.504880523008727 0.492125361979565 0.48834038213986 0.457704077944218 0.424371299400298 0.40857214299968 0.392280502722264 0.377878273889004 0.3725059770571 0.375193599925284 0.382016162888882 0.381810519230184 0.374871440904064 0.369265012601115 0.36369174604575 0.35006533738595 0.337325194626881 0.328674195969112 0.31163475013277 0.292336052819529 0.271416567008195 0.252927475381508 0.243079444884379 0.233506412248749 0.222768229490144 0.216696723492424 0.215563148700569 0.220309277393936 0.229075477990297
-9999 -9999 -9999 -9999 -9999 -9999 -9999 -9999 -9999 -9999 -9999 -9999 -9999 -9999 -9999 -9999 -9999 0.636745258336811 0.653104307127024 0.687562758141786 0.689575064288545 0.687822537544207 0.664026080343234 0.591746387454168 0.518536891887457 0.48977151406139 0.507985054681913 0.533270797141351 0.51024202495589 0.496166315686694 0.461373666827702 0.423963182496695 0.409484974677227 0.393188157961417 0.381249898305765 0.37936939691986 0.383212908279195 0.392260394334199 0.392500192593828 0.385592808925325 0.381810204270244 0.376093387338409 0.363672207942102 0.34718234884652 0.328853080892558 0.314445413440753 0.300444544576966 0.282241626005983 0.266533887218771 0.255778914476433 0.247059767857087 0.237071180897001 0.229427770115632 0.225907267581772 0.229034002187123 0.235636750472362
-9999 -9999 -9999 -9999 -9999 -9999 -9999 -9999 -9999 -9999 -9999 -9999 -9999 -9999 -9999 -9999 -9999 0.679192909100348 0.694234910629915 0.715354829129795 0.704213024395543 0.643549563597119 0.585344347463599 0.567932522658968 0.524763269803605 0.521070826038501 0.552583139731311 0.562989420266097 0.558412207132703 0.519295580794418 0.468917029866431 0.445010657378504 0.430102392694915 0.40702430571106 0.394123010419402 0.396375062594274 0.39783467153117 0.398794259563368 0.394103504840869 0.384067119268153 0.37641651109237 0.371120461547887 0.364590843063755 0.354176192110176 0.337679885862594 0.324255233944164 0.318940827289525 -9999 0.280155422541431 0.265491364461645 0.256135167916264 0.24671341401676 0.240800022792365 0.237917127906023 0.238319783669853 0.240657806894145
