layers/veg_krg/veg1300.asc
NCOLS 255 
NROWS 330 
XLLCORNER -2985163.8955 
YLLCORNER -3022031.214 
CELLSIZE 25000 
NODATA_value -9999 
[rows 75 to 99 of 330, columns 0 to 55 of 255]
-9999 -9999 -9999 -9999 -9999 -9999 -9999 -9999 -9999 -9999 -9999 -9999 -9999 -9999 -9999 -9999 -9999 -9999 -9999 -9999 -9999 -9999 -9999 -9999 -9999 0.65878254822343 0.649639020286565 0.670477285429628 0.695413106420199 0.708257704904101 0.71211283360149 0.662598991810241 0.508091085093751 0.33121278463549 0.301556783174035 0.298609654264562 0.283285867105188 0.471167161408738 0.638940301405026 0.682085531839979 0.704762166100504 0.719686375407685 0.731151419234359 0.744208373688157 0.755649765350426 0.76356169795987 0.767762833139557 0.769095885564883 0.770715514304201 0.772689026731336 0.773967685644488 0.776769697072266 0.779565200460504 0.781251509128649 0.783132271779809 0.78629967689945
-9999 -9999 -9999 -9999 -9999 -9999 -9999 -9999 -9999 -9999 -9999 -9999 -9999 -9999 -9999 -9999 -9999 -9999 -9999 -9999 -9999 -9999 -9999 -9999 -9999 0.660576985292284 0.657999345024425 0.681508906858014 0.703049026816069 0.716107108069116 0.721902897425754 0.710039777147433 0.57975327751013 0.374125901634619 0.29992984066602 0.298791935720078 0.343098772725316 0.495580257571151 0.612478398189984 0.664547200232687 0.703814321026128 0.720641298721758 0.730901409980193 0.738462111376648 0.748790079562662 0.758676216706085 0.764554847761682 0.768053817992278 0.768021508125806 0.769417717854265 0.768814341690749 0.769292766403972 0.774339957537172 0.777047934359373 0.779372465787067 0.781889492646383
-9999 -9999 -9999 -9999 -9999 -9999 -9999 -9999 -9999 -9999 -9999 -9999 -9999 -9999 -9999 -9999 -9999 -9999 -9999 -9999 -9999 -9999 -9999 -9999 -9999 0.678032151498536 0.66798022584282 0.676784352471068 0.707040439766492 0.723125359050242 0.730024529808581 0.732900882756734 0.678054365331846 0.521081132213476 0.344906622284499 0.257541636568047 0.313002114574729 0.481017054412475 0.597782782389648 0.649179045164811 0.708580256916742 0.726953148568977 0.73555610378696 0.740634815024548 0.745215747203295 0.749490278040577 0.754729209092559 0.75990067316656 0.764227941617479 0.766208532483594 0.765486964517448 0.766832050287523 0.768564349309512 0.770918908604378 0.77471520000181 0.777106552961175
-9999 -9999 -9999 -9999 -9999 -9999 -9999 -9999 -9999 -9999 -9999 -9999 -9999 -9999 -9999 -9999 -9999 -9999 -9999 -9999 -9999 -9999 -9999 -9999 -9999 0.695601281388908 0.693980044075255 0.701286118658313 0.715399664224179 0.727426026974746 0.741315765346187 0.739093254574161 0.666389669930704 0.473826948651305 0.311190336933099 0.308452141368579 0.363934755635385 0.470106428467521 0.622152319757159 0.691663289372342 0.724826434551009 0.732351834652243 0.735019559844589 0.737756994605435 0.741472181005792 0.745090204799214 0.748372107146955 0.752030266388209 0.754275183575493 0.758271388541622 0.762282572348107 0.762741039250046 0.76277383192431 0.762681163186361 0.763652369382537 0.767414896591882
-9999 -9999 -9999 -9999 -9999 -9999 -9999 -9999 -9999 -9999 -9999 -9999 -9999 -9999 -9999 -9999 -9999 -9999 -9999 -9999 -9999 -9999 -9999 -9999 -9999 0.700244649356316 0.701631228596485 0.707818711679534 0.722673818546989 -9999 0.738994273444139 0.729168822535108 0.624486443772698 0.43079917729327 0.319940153692728 0.377192867502577 0.480692568074263 0.54845980326029 0.616003430752741 0.678933324010176 0.725772967936424 0.730908270646768 0.732866922061533 0.735045782877431 0.738482141901514 0.741830615121777 0.743696443750331 0.74570804009795 0.747759311745715 0.752092230367761 0.757580662482335 0.759028854913359 0.758652649085976 0.759897745758102 0.760673901989526 0.762860255814686
-9999 -9999 -9999 -9999 -9999 -9999 -9999 -9999 -9999 -9999 -9999 -9999 -9999 -9999 -9999 -9999 -9999 -9999 -9999 -9999 -9999 -9999 -9999 -9999 -9999 -9999 -9999 0.714675479911932 0.725163050215985 0.732938754828644 0.721481420829436 0.597512257503539 0.359096435036015 0.309007937346921 0.378736746947593 0.394398327924652 0.48848780454402 0.62048256298703 0.67213490245276 0.709521883197108 0.724984544325428 0.729139991851281 0.730449350895772 0.732766025514567 0.736021802859502 0.738604670616075 0.740857837780592 0.743567387296331 0.745770753985812 0.747697831858994 0.751818757313944 0.755943644575826 0.756650076617253 0.757315458248847 0.758290305523467 0.75860873184938
-9999 -9999 -9999 -9999 -9999 -9999 -9999 -9999 -9999 -9999 -9999 -9999 -9999 -9999 -9999 -9999 -9999 -9999 -9999 -9999 -9999 -9999 -9999 -9999 -9999 -9999 -9999 -9999 -9999 0.733607228240788 0.671370868771535 0.550479056309319 0.339134945694647 0.338152459424509 0.382396852213552 0.383343772806961 0.499656242813729 0.622451837091348 0.644989331556019 0.691004126347319 0.715800086625036 0.725796869477261 0.726672024722307 0.728820322642776 0.732207978578047 0.734940361158438 0.737465841077114 0.740048537625023 0.741421995902933 0.743584372056425 0.746403980993177 0.748228086122082 0.750426153312634 0.752391494374279 0.753992353759576 0.754141659064842
-9999 -9999 -9999 -9999 -9999 -9999 -9999 -9999 -9999 -9999 -9999 -9999 -9999 -9999 -9999 -9999 -9999 -9999 -9999 -9999 -9999 -9999 -9999 -9999 -9999 -9999 -9999 -9999 -9999 -9999 0.675168243330988 0.493076563593024 0.418081374683695 0.432213687096274 0.371954093429905 0.454019157307239 0.565080678072138 0.563064716800321 0.591534772253965 0.681514719889138 0.707597816603306 0.723309051256675 0.725127033563789 0.726857828527163 0.729927924260226 0.732561724079889 0.734665551788911 0.736758853477028 0.738334327115776 0.739934033754515 0.7422792743815 0.74444040850784 0.746053241476669 0.747674850829912 0.749049299450047 0.749546747668975
-9999 -9999 -9999 -9999 -9999 -9999 -9999 -9999 -9999 -9999 -9999 -9999 -9999 -9999 -9999 -9999 -9999 -9999 -9999 -9999 -9999 -9999 -9999 -9999 -9999 -9999 -9999 -9999 0.720353175125759 0.727123296058986 0.705000480617016 0.581499727569601 0.480410594742029 0.436770991035598 0.366659655423596 0.462481023996632 0.600970586328758 0.605224347351059 0.634780018714748 0.699230252556692 0.711333299677595 0.714793444633533 0.723704357246138 0.725403147099472 0.727884196532963 0.730310314066142 0.732251170005404 0.733652089916831 0.735120501008712 0.73666904674655 0.738517001117817 0.740123780650136 0.741498848402258 0.743445039227558 0.744946386555372 0.745128896069995
-9999 -9999 -9999 -9999 -9999 -9999 -9999 -9999 -9999 -9999 -9999 -9999 -9999 -9999 -9999 -9999 -9999 -9999 -9999 -9999 -9999 -9999 -9999 -9999 -9999 -9999 -9999 0.713454557491234 0.718544567176058 0.717686074432772 0.673711686424871 0.539214992084951 0.414045099873726 0.38539344032628 0.429558007793969 0.517422134159516 0.555028700598365 0.57493427196766 0.616160372619907 0.666887351722017 0.692479521335455 0.695198596897342 0.720274906034827 0.722783437916962 0.725043938732756 0.727118007584994 0.728288595341299 0.729213381616566 0.73014400676097 0.731341730792739 0.733183226968134 0.734898464750192 0.736364229623911 0.737893258903548 0.738712082337356 0.739332276102295
-9999 -9999 -9999 -9999 -9999 -9999 -9999 -9999 -9999 -9999 -9999 -9999 -9999 -9999 -9999 -9999 -9999 -9999 -9999 -9999 -9999 -9999 -9999 -9999 -9999 -9999 0.702352922058352 0.70431509278688 0.697903924747507 0.683309956931171 0.647654939576531 0.577520171903386 0.459743533284507 0.402605280649899 0.480360035770596 0.56128899057133 0.547426786010105 0.547033296155587 0.60852820222039 0.663532727493569 0.690633824538355 0.688556297750361 0.715909312895814 0.720921552700032 0.722742055402242 0.72404907790799 0.724775932363284 0.725528799046183 0.726041406619281 0.726833097671264 0.728373015105716 0.730107257174419 0.731802194416296 0.732902952316881 0.733067609400004 0.733973562083823
-9999 -9999 -9999 -9999 -9999 -9999 -9999 -9999 -9999 -9999 -9999 -9999 -9999 -9999 -9999 -9999 -9999 -9999 -9999 -9999 -9999 -9999 -9999 -9999 -9999 0.688912641896545 0.682185155305099 0.675635265239841 0.667199395349961 0.638753767560608 0.578035212779739 0.545879631007052 0.545204224395039 0.468670850057145 0.454360568836636 0.51370382908971 0.524491121284056 0.588271013671123 0.61951974436424 0.664087329640987 0.701235247812552 0.701457446917628 0.713116333537469 0.720330785028661 0.72210424794166 0.723233578673143 0.723335373618404 0.723585084132272 0.723947636412701 0.724844369117054 0.726113115596482 0.726947652732622 0.72781266742385 0.728608180230315 0.728867273040179 0.729687153549393
-9999 -9999 -9999 -9999 -9999 -9999 -9999 -9999 -9999 -9999 -9999 -9999 -9999 -9999 -9999 -9999 -9999 -9999 -9999 -9999 -9999 -9999 -9999 -9999 -9999 0.686745309090342 0.657595645074089 0.627491973840923 0.639653267337239 0.649857292169527 0.606040326482607 0.530108096154006 0.480688883176282 0.449067093447588 0.42499449789525 0.47757189426975 0.561304559184722 0.614654360566959 0.660081208042653 0.684119906124439 0.693169409398362 0.696420905199299 0.718202726226278 0.719867686290929 0.720412068812151 0.720472342026149 0.721281894100808 0.721828827805425 0.722105916864965 0.722233061766792 0.722198756249324 0.722085646668117 0.722542872056452 0.723182811659314 0.724016522347926 0.724499496864448
-9999 -9999 -9999 -9999 -9999 -9999 -9999 -9999 -9999 -9999 -9999 -9999 -9999 -9999 -9999 -9999 -9999 -9999 -9999 -9999 -9999 -9999 -9999 -9999 -9999 0.664286325013028 0.638411153999497 0.637507789133463 0.674623574089628 0.679584008667787 0.628192299024438 0.539984694659617 0.447659683695676 0.426897892004937 0.475748699966136 0.47272535716479 0.487382312090983 0.575562499793608 0.648605242514954 0.684369212669904 0.676635222433086 0.676616399560106 0.714654137474329 0.719438397457397 0.719983048986057 0.71984650042212 0.720049360101243 0.719863706532943 0.71937870293431 0.718938653551602 0.718148280106808 0.718053023694645 0.71824809195936 0.718266995519386 0.718780374323583 0.719859975700081
-9999 -9999 -9999 -9999 -9999 -9999 -9999 -9999 -9999 -9999 -9999 -9999 -9999 -9999 -9999 -9999 -9999 -9999 -9999 -9999 -9999 -9999 -9999 -9999 -9999 0.655715271560339 0.645735424147693 0.67550810869146 0.686612857589745 0.673810447057005 0.607628175868126 0.519231716454042 0.402486062199534 0.358469308579444 0.458911502060289 0.510964162773686 0.533153944010092 0.583383309741166 0.64739320883568 0.678562715253923 0.657278897586884 0.637204661407668 0.683286916234836 0.713601484295904 0.71566396458639 0.71521779733908 0.715210790833464 0.716943197959884 0.716960971838727 0.716019209064675 0.714816391073574 0.715043367361969 0.715580546823327 0.715483550189427 0.71575033838063 0.716870860079118
-9999 -9999 -9999 -9999 -9999 -9999 -9999 -9999 -9999 -9999 -9999 -9999 -9999 -9999 -9999 -9999 -9999 -9999 -9999 -9999 -9999 -9999 -9999 -9999 -9999 0.675518593530535 0.677115026242908 0.692007950237238 0.692959181964634 0.688000600909925 0.60846510067124 0.49301719395458 0.409596469451824 0.367292532723989 0.451895812557837 0.512417094070095 0.521464795105679 0.571397607951772 0.616040583311935 0.622654654850159 0.613209238786217 0.589692126902762 0.615908517982672 0.664718387635642 0.683041213183276 0.702647547278415 0.709550579112975 0.711309238808179 0.713641889779033 0.712040153741463 0.707445455936092 0.708173199216624 0.711455318754231 0.712685155135749 0.713416014776451 0.713925045015088
-9999 -9999 -9999 -9999 -9999 -9999 -9999 -9999 -9999 -9999 -9999 -9999 -9999 -9999 -9999 -9999 -9999 -9999 -9999 -9999 -9999 -9999 -9999 -9999 -9999 -9999 0.687001715286023 0.693974137275537 0.69133030441914 0.69117147196706 0.669968143210827 0.593956508871465 0.460080083573147 0.338806751328071 0.38889484345814 0.51524996650905 0.574132749197579 0.582384410776517 0.577172004201601 0.574363048355246 0.54386968447591 0.546359426280341 0.57847596274347 0.609633697796677 0.616942005291638 0.653959201023981 0.708731172745858 0.710141223177409 0.711401730765553 0.709547427401431 0.702177049467687 0.703315000947618 0.708463324834278 0.710558652245477 0.710915464362548 0.711130471534973
-9999 -9999 -9999 -9999 -9999 -9999 -9999 -9999 -9999 -9999 -9999 -9999 -9999 -9999 -9999 -9999 -9999 -9999 -9999 -9999 -9999 -9999 -9999 -9999 -9999 -9999 0.686700416035265 0.695812454504592 0.6936153945114 0.685241924457763 0.683585052582539 0.66505330146777 0.536249748061413 0.413031587415815 0.469954384688677 0.540140533170392 0.592611132092179 0.60985279413305 0.529818760842543 0.476137458937259 0.489350270840194 0.537738699978992 0.590468764376896 0.606674989874 0.602539557976553 0.622889271853667 0.684795194082778 0.712290271648892 0.713101739597472 0.708578671660191 0.703242555929412 0.703585969340917 0.706763557909623 0.708774866219353 0.708226279860315 0.708970459123892
-9999 -9999 -9999 -9999 -9999 -9999 -9999 -9999 -9999 -9999 -9999 -9999 -9999 -9999 -9999 -9999 -9999 -9999 -9999 -9999 -9999 -9999 -9999 -9999 -9999 -9999 -9999 0.70159712973344 0.702744327749708 0.697208036454502 0.692092184697537 0.676750321980663 0.578277004726463 0.472051823106629 0.45007177426213 0.437122581294756 0.526135303345273 0.620519853795401 0.593483027020146 0.501641441857197 0.422292117691165 0.420164142633697 0.453053712087465 0.566677333389001 0.614055821042192 0.572449641092671 0.61149656849199 0.692846995374842 0.709381176214443 0.708482111948303 0.704540546779474 0.703101227144989 0.70687352464148 0.70849911879121 0.707850074672859 0.707600793924081
-9999 -9999 -9999 -9999 -9999 -9999 -9999 -9999 -9999 -9999 -9999 -9999 -9999 -9999 -9999 -9999 -9999 -9999 -9999 -9999 -9999 -9999 -9999 -9999 -9999 -9999 -9999 0.699342245989098 0.708245214861835 0.710457832052389 0.710806364864704 0.707845204092698 0.674322996781972 0.546446768760447 0.468092378821353 0.516353847553233 0.550311987442009 0.570643061594802 0.501400437977861 0.416455848055501 0.424236557398348 0.406062556093172 0.348634486833735 0.436252146237312 0.543711430759134 0.558319802324769 0.609526795306831 0.65453277672486 0.679304594742509 0.70397140885657 0.703962086043357 0.7031992062738 0.707728195570404 0.708375469080004 0.707643890462573 0.706170637073002
-9999 -9999 -9999 -9999 -9999 -9999 -9999 -9999 -9999 -9999 -9999 -9999 -9999 -9999 -9999 -9999 -9999 -9999 -9999 -9999 -9999 -9999 -9999 -9999 -9999 -9999 0.685614656031581 0.698101620094203 0.70902661057823 0.713032591748664 0.714578261633208 0.707891064189314 0.686623778694807 0.559088921422829 0.442118569531415 0.509155450492609 0.543214376229633 0.554275424597258 0.552703130243023 0.466280252236148 0.443912742904387 0.438924978369742 0.419659461537023 0.467732777097679 0.512427558749729 0.554307627482291 0.63008524723958 0.666044433243809 0.661535714605939 0.676223187141655 0.695769000829251 0.701535290971256 0.707838972035294 0.709883253048046 0.708385911651728 0.705328923558979
-9999 -9999 -9999 -9999 -9999 -9999 -9999 -9999 -9999 -9999 -9999 -9999 -9999 -9999 -9999 -9999 -9999 -9999 -9999 -9999 -9999 -9999 -9999 -9999 -9999 -9999 -9999 0.684991227268126 0.709080305634692 0.716513264276823 0.721037910288471 0.721318837846209 0.719536521557119 0.645261026586139 0.510700047326151 0.45789089038552 0.456655086299246 0.442410268892139 0.420410667007806 0.470626339802108 0.493238159362914 0.444246565146939 0.481690566543077 0.539652387762677 0.591933373244492 0.640718717161343 0.679122628119015 0.69800914869481 0.685618558264564 0.655137118794453 0.648969562684573 0.674926707712815 0.706941960637881 0.70833099192533 0.705444646719045 0.701820083135659
-9999 -9999 -9999 -9999 -9999 -9999 -9999 -9999 -9999 -9999 -9999 -9999 -9999 -9999 -9999 -9999 -9999 -9999 -9999 -9999 -9999 -9999 -9999 -9999 -9999 -9999 -9999 -9999 -9999 -9999 0.724481759496586 0.730119932031261 0.718297491979298 0.707389800011345 0.67825506848206 0.58834649211937 0.496773626835645 0.418142860008597 0.356130759898177 0.41915922052788 0.508281368665188 0.44549167554483 0.439472294727724 0.545367527034138 0.631132286491323 0.668765178492006 0.695024019663388 0.720680116722171 0.700143572073402 0.66109486261368 0.643247123803506 0.667680019282016 0.710865170258851 0.705967994654236 0.698512912467288 0.693677282022908
-9999 -9999 -9999 -9999 -9999 -9999 -9999 -9999 -9999 -9999 -9999 -9999 -9999 -9999 -9999 -9999 -9999 -9999 -9999 -9999 -9999 -9999 -9999 -9999 -9999 -9999 -9999 -9999 -9999 -9999 -9999 -9999 0.736760179547868 0.732536098053561 0.708536062384959 0.600763490248566 0.426833217905564 0.338961910716835 0.316905082458979 0.344154285542756 0.453904973744861 0.426953352785852 0.368643780336278 0.497893553119674 0.645260330559294 0.713764267047653 0.724341190737386 0.724954342121827 0.696136153580212 0.677977047022557 0.697997131268956 0.716536410153105 0.719456611006996 0.71435557436925 0.696459721789669 0.690073306842841
-9999 -9999 -9999 -9999 -9999 -9999 -9999 -9999 -9999 -9999 -9999 -9999 -9999 -9999 -9999 -9999 -9999 -9999 -9999 -9999 -9999 -9999 -9999 -9999 -9999 -9999 -9999 -9999 -9999 -9999 -9999 -9999 -9999 0.739740231372147 0.7275911541496 0.65431146448034 0.539241791905379 0.46239337578237 0.418524790012927 0.392907135358906 0.409959271951077 0.467933738220453 0.43341520013044 0.45175154218424 0.622492751299425 0.704171107272732 0.728900862930114 0.721649903440579 0.685152930935965 0.670577069070424 0.69759714951512 0.711749295587703 0.722983777161487 0.724775726141341 0.720123514670525 0.711787042777734
