layers/veg_krg/veg2100.asc
NCOLS 255 
NROWS 330 
XLLCORNER -2985163.8955 
YLLCORNER -3022031.214 
CELLSIZE 25000 
NODATA_value -9999 
[rows 225 to 249 of 330, columns 57 to 113 of 255]
-9999 -9999 -9999 -9999 -9999 -9999 -9999 -9999 -9999 -9999 -9999 -9999 -9999 -9999 -9999 -9999 -9999 -9999 -9999 0.449704294620614 0.438666304436077 0.42033975225053 0.390256972795518 0.30333455504008 0.172476298929432 0.0694509428438119 0 0 0.101077502068782 0.189063364316553 0.203862100086457 0.202117633957174 0.219439373818468 0.273411182205506 0.322894364304398 0.348763875474216 0.358098818558526 0.361545065098832 0.36546316116391 0.36814410763953 0.368547820375884 0.369944502679801 0.371830092207085 0.374272406938373 0.378501474433233 0.38351477030559 0.389646457863686 0.394916400555049 0.3983903523459 0.400760710646996 0.403193038363886 0.40443183865104 0.405712730589045 0.407278578634072 0.408425116392304 0.409266268799177 0.410127392279002
-9999 -9999 -9999 -9999 -9999 -9999 -9999 -9999 -9999 -9999 -9999 -9999 -9999 -9999 -9999 -9999 -9999 -9999 0.46769163345255 0.442227728652204 0.43347077570851 0.432244651354329 0.385794055655628 0.280225967113463 0.16013234466118 0.0867107210027318 0.0391820654921074 0.0438578087868882 0.133897917961841 0.190806059064635 0.207162244822729 0.171859478031495 0.141256025635156 0.208740489730538 0.296314185653376 0.340795021863796 0.358686919367542 0.362013040408366 0.36485515649505 0.366378416110242 0.366052001074835 0.366738025852825 0.367742295193609 0.369340990826058 0.372986253116488 0.377808580261829 0.382826434636526 0.387797991919982 0.392654847297294 0.39527754966525 0.397280812090948 0.398632752182853 0.400301422391072 0.402122832686508 0.403216878334106 0.404093095817448 0.405366140093356
-9999 -9999 -9999 -9999 -9999 -9999 -9999 -9999 -9999 -9999 -9999 -9999 -9999 -9999 -9999 -9999 -9999 -9999 0.471670450941467 0.444434070857759 0.431542689688976 0.433254820609744 0.368130376421275 0.28196563150848 0.182656030395905 0.0726207862908205 0.0816271442096357 0.109157357055768 0.122124124090562 0.175888167587165 0.210142463895604 0.183678033277534 0.17487592793618 0.231840318346492 0.287632927428934 0.330619219903211 0.355378356911958 0.362608795480597 0.364489687412446 0.365028324896021 0.363781613608862 0.361949480211135 0.362842345739087 0.366133908874173 0.3679231255046 0.371592194099163 0.37685742449924 0.382099885892712 0.386260598879692 0.388807353743883 0.391008401256576 0.392526194236356 0.394382173713363 0.396176519336595 0.397323212734462 0.398133519023684 0.39936518578889
-9999 -9999 -9999 -9999 -9999 -9999 -9999 -9999 -9999 -9999 -9999 -9999 -9999 -9999 -9999 -9999 -9999 -9999 0.445998403028074 0.43784718808234 0.44094457046503 0.434727483022527 0.38209995058217 0.295287618708789 0.213645560758 0.129174179183798 0.103267885104202 0.126398902974283 0.137230605458313 0.16988056399471 0.207460768482663 0.188617042480279 0.185033147597632 0.240233762625705 0.292326634346587 0.326680197096217 0.351372867170085 0.362074707394524 0.363893100697204 0.363838532818328 0.362194564088284 0.360571533376421 0.361468530308516 0.363283003770161 0.365036370454671 0.368180400370012 0.372305180234855 0.37797254760861 0.381286489075306 0.383407564692568 0.385814669795524 0.387205725692927 0.38900931154805 0.390912018037975 0.392176432449295 0.393200413593358 0.394728439041501
-9999 -9999 -9999 -9999 -9999 -9999 -9999 -9999 -9999 -9999 -9999 -9999 -9999 -9999 -9999 -9999 -9999 0.44834340600899 0.442746791407925 0.436606584100895 0.440882507374145 0.428221638934419 0.351780989855806 0.244255148587356 0.199706996354563 0.138653426981882 0.0890674501143539 0.113753382928154 0.149585832119842 0.164172100195751 0.157148843235307 0.179160990659778 0.225468706022744 0.264353165753687 0.293554494772009 0.321858301445711 0.345089788049088 0.360418672646765 0.364422852458712 0.363259950538012 0.360989371549417 0.358364698285425 0.357621720329887 0.358899766173141 0.360554782304254 0.361969467973891 0.365297830566499 0.37067425198266 0.373360213057346 0.375100472758335 0.37702210335437 0.378395398926971 0.379694280487795 0.381210359160071 0.382752833656164 0.384674574303171 0.387260258160222
-9999 -9999 -9999 -9999 -9999 -9999 -9999 -9999 -9999 -9999 -9999 -9999 -9999 -9999 -9999 -9999 -9999 0.441185579167761 0.439446928208286 0.445836479077696 0.442699928084408 0.42190771937778 0.347272688881461 0.252991268028781 0.210223204348714 0.168856278798568 0.142124768773644 0.130554729871624 0.143490949574198 0.132836111445421 0.0931734214007328 0.170078382365785 0.249880233933817 0.27880237082169 0.299807805036787 0.322253206105479 0.341282767093497 0.356176068692676 0.363756448962669 0.362103164804785 0.358995551999839 0.356136919291481 0.354167355369169 0.353432892389661 0.355272420522718 0.356248438431174 0.357692993019217 0.362535168647503 0.365636794597445 0.367399931495939 0.368398886237266 0.369433365366142 0.370735061775997 0.372623311272115 0.374577981606734 0.377082330985788 0.380423930142484
-9999 -9999 -9999 -9999 -9999 -9999 -9999 -9999 -9999 -9999 -9999 -9999 -9999 -9999 -9999 -9999 -9999 0.474321810601736 0.456171232545123 0.455097410857509 0.443708678993006 0.40619222953221 0.324272898604708 0.225564896994413 0.171331896281558 0.14567936699659 0.154076601781447 0.171542128239423 0.187299507928136 0.207271661643639 0.208335170530181 0.242545701903154 0.27262753859384 0.291858124908759 0.308738767075663 0.328845330166096 0.345352800400225 0.356630218967869 0.363397750503911 0.362237895430742 0.359614492032113 0.355849649179951 0.350131779456726 0.343370118586185 0.342065500432708 0.346192225571301 0.35050164715795 0.356987691615762 0.360329956415891 0.360825534502256 0.361317786603094 0.362086412346109 0.363973001600017 0.367086127950929 0.369667300099231 0.371902595874866 0.374505704285661
-9999 -9999 -9999 -9999 -9999 -9999 -9999 -9999 -9999 -9999 -9999 -9999 -9999 -9999 -9999 -9999 0.489111576799053 0.473033127948251 0.455417237583707 0.456939809014516 0.439905807285394 0.38548405512226 0.290578372234951 0.204808611085092 0.197263558189916 0.196427896241699 0.148731121137366 0.175512824530296 0.244980855062557 0.247210147396155 0.244671039957919 0.257582054059599 0.275702611171733 0.29498673667435 0.314074523108839 0.333954915717711 0.348919238683304 0.35986209610553 0.36390470678639 0.362051699363591 0.359379137007688 0.353841200488377 0.346059439164877 0.338382802770069 0.334209769646293 0.336630209251702 0.342034577621078 0.346816084614239 0.34959593818419 0.351042222294227 0.351436731114542 0.352312059865138 0.354586399442668 0.35704190883546 0.357178660700725 0.358265459473884 0.362451397118107
-9999 -9999 -9999 -9999 -9999 -9999 -9999 -9999 -9999 -9999 -9999 -9999 -9999 -9999 -9999 -9999 0.489471708200524 0.475735257914015 0.455733779248285 0.452870992254721 0.434111589079769 0.365046436062321 0.270450508976517 0.18477064252085 0.166931038349564 0.23161057602146 0.218258843045795 0.16671362259633 0.238967809895247 0.316590176022487 0.321401092010111 0.3032564996826 0.292591629944544 0.307528548503251 0.323076777594346 0.338946753071888 0.351732258869598 0.361369945186933 0.363737570296188 0.361337640158314 0.358195524528106 0.349895060050607 0.339283844148556 0.33237597021425 0.327349408449314 0.327303933609993 0.331451602794718 0.33560799449469 0.338211844270353 0.34037489898829 0.341760022995501 0.340938688412736 0.339219182285054 0.338335251613379 0.339501995458218 0.343542654296543 0.350292510244336
-9999 -9999 -9999 -9999 -9999 -9999 -9999 -9999 -9999 -9999 -9999 -9999 -9999 -9999 -9999 -9999 0.493626091411879 0.477855403610539 0.46425938651662 0.457094675666592 0.436009648811948 0.369530708793981 0.274343432927691 0.198447226260784 0.179925814303507 0.235077376738594 0.251865226079003 0.190337240904872 0.223583160967172 0.295177887069951 0.29781970611925 0.310313142848968 0.308768223693861 0.311393104069558 0.327394127364711 0.343864475171239 0.353407327644037 0.360033869818897 0.362707438652244 0.359847283515939 0.35663991138424 0.351811943407041 0.345607367975289 0.337066870219776 0.328271342499741 0.324755896480834 0.325523949003126 0.326395881860992 0.327619950699222 0.330011401096724 0.331267344812225 0.329394463110467 0.327471059961062 0.326840760580706 0.327857177285001 0.333340817472265 0.342296178747009
-9999 -9999 -9999 -9999 -9999 -9999 -9999 -9999 -9999 -9999 -9999 -9999 -9999 -9999 -9999 0.50000615285268 0.482169654965185 0.461737456570434 0.467058651248388 0.464982802796036 0.439753347867618 0.380413821421674 0.297507963505443 0.231827569955479 0.230572397494186 0.261015127333819 0.271971394712587 0.286986010876133 0.282272402035084 0.292431779103509 0.308883227907462 0.29971141446035 0.312805728034903 0.33872081241595 0.345715467537402 0.354285216437796 0.355189839804311 0.3540534331097 0.354241113088473 0.353449962661893 0.352827153361573 0.349025487109484 0.344032427514604 0.336651771493308 0.32390221488235 0.315426461393702 0.314113377446769 0.31368787079991 0.315352059385018 0.315970227958896 0.314508231234904 0.313058258616441 0.31057107251681 0.307136686187079 0.300075991126501 0.305370175784854 0.325857367564554
-9999 -9999 -9999 -9999 -9999 -9999 -9999 -9999 -9999 -9999 -9999 -9999 -9999 -9999 -9999 0.500092282136151 0.472022471188558 0.438112973704707 0.45632745856081 0.47095567959842 0.443834429759277 0.399501568606675 0.307742149617545 0.21992734396267 0.22824678505576 0.242684737090192 0.259031222241878 0.291780336154115 0.294283309820345 0.314001197571431 0.32586938018475 0.287024381278253 0.29280807161053 0.346191787657412 0.356047449285989 0.359931895411386 0.358175984825206 0.35553581021972 0.352943714467878 0.350618996241932 0.348352733403401 0.345473292623572 0.339388340388056 0.330279435660015 0.32023525903966 0.313614207061698 0.30926577275893 0.304635645455636 0.303806304204465 0.301935943947329 0.299575837600845 0.298833699390324 0.298951770943484 0.300303284943788 0.294467266099565 0.29051807532455 0.307958837900626
-9999 -9999 -9999 -9999 -9999 -9999 -9999 -9999 -9999 -9999 -9999 -9999 -9999 -9999 -9999 0.506317949675472 0.46522595657804 0.404464621640704 0.419671244677845 0.460186549776294 0.435630077250081 0.39004832014984 0.312131229217415 0.204621309084951 0.157549341610681 0.20490208652331 0.266611530040488 0.284283614632663 0.293666236175463 0.321000936647591 0.358780312515674 0.367649338155643 0.364095718737898 0.359851931522428 0.362515276631216 0.368798718415771 0.366197481347875 0.361762873213639 0.357155979743857 0.35346562639167 0.34821604797476 0.343837025646193 0.334290016799316 0.322479013299771 0.312935045345893 0.305410950874579 0.30643181839226 0.309226986132105 0.30715765746308 0.299073981762634 0.292238747140677 0.289682129262964 0.291935354690824 0.297816130037526 0.298736269198946 0.28760633821786 0.28854771316081
-9999 -9999 -9999 -9999 -9999 -9999 -9999 -9999 -9999 -9999 -9999 -9999 -9999 -9999 -9999 -9999 0.496221893902274 0.470553635103883 0.471616664899257 0.456938767264414 0.423272899960786 0.371378562403244 0.321837672153142 0.286334568897071 0.221990561084139 0.207100737488604 0.269746832334346 0.286521903690183 0.299084596118777 0.304181666933546 0.323288578481378 0.3633937150912 0.372355734399075 0.352369543102674 0.344706340774601 0.35873212679973 0.369181409452699 0.366263796927668 0.360883165872646 0.354060406294416 0.349447275853341 0.343986215803717 0.335855781482711 0.322148507291182 0.308289437583885 0.297485409125351 0.289573073557422 0.290271201459619 0.291344207028229 0.288890724792925 0.286839961140672 0.286276273879252 0.288962957379009 0.294583589988547 0.298868786307825 0.305918541714598 0.313596152433494
-9999 -9999 -9999 -9999 -9999 -9999 -9999 -9999 -9999 -9999 -9999 -9999 -9999 -9999 -9999 -9999 0.488298951108936 0.484124305208752 0.479426863270426 0.466882349791457 0.429733372116951 0.364816110805162 0.299856291332632 0.285910942826697 0.2438838275201 0.218893937352039 0.274690379315625 0.298641965042758 0.32226633320226 0.336883924711393 0.350127016958043 0.362022712068589 0.370442991861538 0.373090564847529 0.368679125639796 0.365220387842384 0.361050805949852 0.357627983356284 0.36140725675634 0.36115162056264 0.352111257100754 0.343835668739164 0.335960808471586 0.325729605157927 0.313011854212369 0.297864099092487 0.286913817498362 0.283767586220506 0.278550370906126 0.268205051057795 0.267788512883426 0.277350868479186 0.287760738941972 0.298142915431816 0.30608308602044 0.309163415826284 0.317565650790346
-9999 -9999 -9999 -9999 -9999 -9999 -9999 -9999 -9999 -9999 -9999 -9999 -9999 -9999 -9999 -9999 0.489275139754363 0.487094421460979 0.483950764251072 0.474003021335734 0.441714316720317 0.39807836502576 0.341315263291698 0.302947451489707 0.249185032828238 0.213116852653238 0.278634917295098 0.306523089797469 0.318011938774945 0.339075414732759 0.342009117819957 0.356674926979996 0.374307957237905 0.378315309019273 0.378965471417338 0.37355657844465 0.368316667775965 0.36366639828148 0.360913431627243 0.36093985418971 0.354651662911956 0.344734216032286 0.336243722400995 0.32519005577593 0.311019607788861 0.297504169954062 0.284725249972242 0.273245998423513 0.261187689754339 0.250847657892254 0.254528508454197 0.26681695393095 0.279705670250795 0.294051730017319 0.303613221816584 0.308917174052245 0.318481854349526
-9999 -9999 -9999 -9999 -9999 -9999 -9999 -9999 -9999 -9999 -9999 -9999 -9999 -9999 -9999 -9999 0.503468247362411 0.495430962551985 0.503245811081637 0.497053173207828 0.459853490628852 0.40709457018177 0.347431417594408 0.293475017523885 0.270358504451011 0.241873664002082 0.238168190264512 0.288240182064777 0.317288602050246 0.333675421894804 0.344229487457636 0.360368776108268 0.377282593067877 0.387837745734109 0.38754504733106 0.381463710928222 0.379440291325979 0.377690724581329 0.36889833476623 0.36242447990898 0.357010402326722 0.346147974998189 0.336667270452554 0.325809113686441 0.31054766575695 0.296273692903894 0.281509886327975 0.261628292432365 0.242800177607818 0.232349257070056 0.240185772213775 0.257067627860391 0.269894701776268 0.284803059644389 0.294646407903279 0.30240657805237 0.318787208144867
-9999 -9999 -9999 -9999 -9999 -9999 -9999 -9999 -9999 -9999 -9999 -9999 -9999 -9999 -9999 -9999 0.539362290903152 0.532837567617144 0.524003529137969 0.510152069844446 0.480836452785637 0.421513601613264 0.340957209326696 0.287865653396326 0.2839843731852 0.268857009678241 0.254643108374798 0.291172538188651 0.315818303711271 0.332692948528337 0.349093737608269 0.369852393209616 0.392764612851287 0.396692511284572 0.38334662106945 0.375026051708166 0.376345345759528 0.377429726168703 0.378446854701685 0.372339349939707 0.362651432747647 0.35282838973306 0.342830925341246 0.329422010781139 0.312083435461205 0.2980740585858 0.284301533649329 0.266287561482351 0.251299509915383 0.24421812914102 0.246281251575197 0.254674773885288 0.265434853158973 0.278964860179563 0.290798666890614 0.295243573542789 -9999
-9999 -9999 -9999 -9999 -9999 -9999 -9999 -9999 -9999 -9999 -9999 -9999 -9999 -9999 -9999 -9999 -9999 0.538138160406825 0.526644313489666 0.514375731888681 0.488391117431092 0.422412273950865 0.343590656580629 0.30891407726004 0.290896055288764 0.277302053308554 0.286850234072835 0.317419125714247 0.347116404680533 0.3738357395202 0.377197716125091 0.380940042397131 0.39018477560178 0.374089776510008 0.360760935188103 0.378298098482418 0.39502701525485 0.394098729293132 0.378201628394236 0.368138467303048 0.360842754447974 0.354228613473673 0.349999217155039 0.336771598312085 0.316445297689167 0.302166644659953 0.28836186835363 0.271118635657378 0.257883715763629 0.250146934043099 0.249329573668211 0.255612690133542 0.264238175096823 0.275476340355799 0.286514407378348 0.290452826343124 -9999
-9999 -9999 -9999 -9999 -9999 -9999 -9999 -9999 -9999 -9999 -9999 -9999 -9999 -9999 -9999 -9999 -9999 0.538595088570662 0.529821280115939 0.515897084436023 0.496321696519089 0.445127988148182 0.376547670833433 0.350528622616366 0.331286910407751 0.319224216859092 0.324683519134238 0.346391282208599 0.38068815190682 0.40204768662858 0.411318508728404 0.412510469240501 0.401448343966106 0.376285241597109 0.366901471388305 0.381285223845016 0.397369922501337 0.402905680233494 0.396448530740618 0.384133292727963 0.368454815911377 0.358663847798113 0.352793690181045 0.344344836374384 0.32701738784262 0.311676315289431 0.298628716304346 0.28339832104577 0.272315019478636 0.26507230707616 0.260448722015841 0.260052266387043 0.263065318494467 0.270711925940369 0.280931968032236 0.286338713699552 -9999
-9999 -9999 -9999 -9999 -9999 -9999 -9999 -9999 -9999 -9999 -9999 -9999 -9999 -9999 -9999 -9999 -9999 0.559249611156392 0.556070818750302 0.535414757176233 0.49532661279204 0.459149587863536 0.400415234401251 0.356487682299039 0.363946548403427 0.371569886837713 0.371337642694271 0.370374564664125 0.401206536081307 0.425859867667734 0.426217073219317 0.410014257499787 0.398238589624637 0.386449625149568 0.380815293204387 0.38655213319664 0.393127530536074 0.400850404449504 0.403544834782684 0.402205225244422 0.385694562923973 0.366523851360337 0.356946285183575 0.347738332142919 0.335591570843165 0.32520353262241 0.313649200368767 0.296831900045047 0.28437976981592 0.274663505307139 0.265149340972525 0.259356485724275 0.258323440624844 0.264031314432796 0.268449543208426 -9999 -9999
-9999 -9999 -9999 -9999 -9999 -9999 -9999 -9999 -9999 -9999 -9999 -9999 -9999 -9999 -9999 -9999 0.552548257617246 0.56285623357371 0.564702983144174 0.547080640508371 0.503353018765275 0.480172174513813 0.448114477660611 0.390363360262469 0.395528153886735 0.400793508910849 0.387061402629592 0.385874117874026 0.416920080130524 0.436338075811433 0.420603480046439 0.404106154466486 0.393709300637214 0.38116803863501 0.377517062339384 0.384271778815216 0.394216394415275 0.402040213942198 0.402973818627844 0.401610461598141 0.390788252568478 0.375264559317115 0.366278192100211 0.356164679256389 0.34175631744341 0.330487484810065 0.320008489863994 0.305515610289126 0.291238611816096 0.279313896417973 0.267488834165683 0.258290633730065 0.253814252127667 0.257398673145013 0.266501581542325 -9999 -9999
-9999 -9999 -9999 -9999 -9999 -9999 -9999 -9999 -9999 -9999 -9999 -9999 -9999 -9999 -9999 -9999 0.532105506292525 0.548778314506002 0.560679155508999 0.554524152941525 0.533880906030478 0.478109408563005 0.428074055032046 0.399400395753696 0.385353226389507 0.410389958753371 0.424560537554075 0.420638935832532 0.426001375363274 0.40634696566956 0.382103136633961 0.374823060891808 0.368550845171687 0.362283123621099 0.364394082171656 0.375962908809121 0.390088905281495 0.396527848154575 0.397358502168292 0.39809305116518 0.398255978343039 0.391173275875036 0.383570487492422 0.379254722363719 0.366719370668043 0.350465507949811 0.331320258911162 0.313804325538598 0.303561652227028 0.291449613261928 0.274883867404593 0.260884216128175 0.248930342601486 0.24617283990291 0.260464439223817 0.27206170406869 -9999
-9999 -9999 -9999 -9999 -9999 -9999 -9999 -9999 -9999 -9999 -9999 -9999 -9999 -9999 -9999 -9999 0.537707764120898 0.55277041887052 0.583018375849829 0.581182660324353 0.575493404269078 0.54916428217135 0.476017575323361 0.404464804361217 0.379892077395674 0.405498893948513 0.441737455580114 0.428542025435044 0.424386387559533 0.401402262766313 0.373638384512726 0.368151918156365 0.362377491542357 0.35899276992302 0.364987307015579 0.378148053041227 0.394871367788795 0.40208754405067 0.40334260873222 0.406246836565757 0.406581869901149 0.401112490662696 0.390075346082741 0.376356538532324 0.366958970721331 0.356557489175038 0.340579988743814 0.326218311793024 0.315308086019167 0.303988104474015 0.287564465924626 0.27056725019399 0.25088321675604 0.246205359341545 0.264702635947591 0.27531413185326 -9999
-9999 -9999 -9999 -9999 -9999 -9999 -9999 -9999 -9999 -9999 -9999 -9999 -9999 -9999 -9999 -9999 0.575798656913471 0.589378207304034 0.605666662603449 0.589978744742696 0.524000861340942 0.462150923150757 0.443688906076587 0.402000643734991 0.402938339832419 0.442829969379434 0.465225959235923 0.471503398052957 0.44257564787103 0.404257579632891 0.390342166124731 0.384553120566988 0.372071539784299 0.367830356716056 0.378117962920491 0.389031514324947 0.397733672726487 0.400118569810536 0.398398397899222 0.397557062877408 0.398476006711801 0.399157264513964 0.394435778270582 0.382762572324243 0.374760381150728 0.372274805394336 -9999 0.338754250715856 0.324138936125578 0.312640742986645 0.297817979303277 0.284463605308907 0.272217015747987 0.267413277375665 0.271028290413708 -9999 -9999
