layers/veg_krg/veg3800.asc
NCOLS 255 
NROWS 330 
XLLCORNER -2985163.8955 
YLLCORNER -3022031.214 
CELLSIZE 25000 
NODATA_value -9999 
[rows 150 to 174 of 330, columns 56 to 111 of 255]
-9999 -9999 -9999 -9999 -9999 -9999 -9999 -9999 -9999 -9999 -9999 -9999 -9999 -9999 -9999 -9999 -9999 -9999 -9999 -9999 -9999 -9999 0.473829164966295 0.429267339023035 0.337105253540752 0.214170478699482 0.107313227075207 0.0504776936510158 0.0554394783197513 0.0920460765171534 0.118566628658269 0.123832129704688 0.12127071868258 0.115716475985943 0.112503706724279 0.102838249387436 0.0524054704356221 0.0146865660233151 0.03582238997603 0.0804591200894611 0.100955581699632 0.129221976204887 0.191791617175916 0.188861614544902 0.199226532401738 0.249063341358504 0.298588109379423 0.35947778236697 0.411656996443378 0.410346271451654 0.433815809647179 0.46979845007063 0.479355909083845 0.483467714157041 0.483001017575868 0.483358808910943
-9999 -9999 -9999 -9999 -9999 -9999 -9999 -9999 -9999 -9999 -9999 -9999 -9999 -9999 -9999 -9999 -9999 -9999 -9999 -9999 -9999 -9999 0.451513655414732 0.428516134417783 0.375184208400887 0.291642771093325 0.173265205886203 0.082999603315266 0.0751018384288912 0.0966287149797058 0.114392238665924 0.120143120414522 0.116272452102992 0.109715416321005 0.103592121077196 0.0911863079134561 0.0523554033349558 0.000958506671507609 0 0.0587908852979428 0.0842810913076411 0.102431732298781 0.136383853708352 0.160525076411782 0.20563297187918 0.218955159383962 0.289907181213014 0.359241426050316 0.411721720027044 0.402102949313118 0.421837636415127 0.466884906521302 0.476528548644842 0.480919530770788 0.482967441820863 0.48221644608059
-9999 -9999 -9999 -9999 -9999 -9999 -9999 -9999 -9999 -9999 -9999 -9999 -9999 -9999 -9999 -9999 -9999 -9999 -9999 -9999 -9999 -9999 0.471816156886548 0.449589789876736 0.404860529684377 0.341639296771512 0.218626888873018 0.0709138485141411 0.0284211022311102 0.0820319616668727 0.10154656677968 0.0983477490929013 0.112605882065201 0.11440428298012 0.113226287384462 0.098716537085744 0.0417177731292146 0.00187877416263496 0.030578972314097 0.049855459634413 0.044875568282228 0.082580626598718 0.142458611733731 0.130986597984892 0.174070947304033 0.255220690187032 0.333816988499678 0.381892839551313 0.410322341468563 0.419622757567869 0.438014482564756 0.467250148444562 0.475742831365776 0.480176725980856 0.483682499458902 0.48438704625385
-9999 -9999 -9999 -9999 -9999 -9999 -9999 -9999 -9999 -9999 -9999 -9999 -9999 -9999 -9999 -9999 -9999 -9999 -9999 -9999 -9999 -9999 -9999 0.461337505725581 0.426840896080661 0.376462190851693 0.252361278163982 0.0975559843491873 0.0246959542357221 0.0608194278194804 0.110819002733659 0.120080019222509 0.116106537582203 0.115853928040069 0.115541111295169 0.0978780193961421 0.0506624974335223 0.040205870749294 0.0798724174015362 0.078127176988078 0.0984681743885134 0.135114811487819 0.145623541131558 0.133964421049591 0.166120188693087 0.252407252386508 0.303084529636437 0.377680542896643 0.415409198977171 0.428767237114092 0.449869066379462 0.470810213557161 0.478035124945333 0.482259585277116 0.486232146051749 0.487630721625605
-9999 -9999 -9999 -9999 -9999 -9999 -9999 -9999 -9999 -9999 -9999 -9999 -9999 -9999 -9999 -9999 -9999 -9999 -9999 -9999 -9999 -9999 -9999 0.455528774522977 0.451528751996607 0.42031363698269 0.294351935744067 0.14316070588025 0.0640959559642665 0.0630881748281677 0.111774776537373 0.120273133766752 0.119479172752706 0.119119084531325 0.118298433004551 0.10270669176259 0.0775063035139729 0.0816177866592366 0.08762350822167 0.10312245272285 0.151446274091641 0.154689956827881 0.146457643308924 0.159620722343487 0.222754105761671 0.289150310833931 0.319280172276934 0.388421620311366 0.405648133281345 0.415098788268066 0.446083195793111 0.468967975056723 0.478712697755866 0.484817245852126 0.489548811324453 0.492040781456115
-9999 -9999 -9999 -9999 -9999 -9999 -9999 -9999 -9999 -9999 -9999 -9999 -9999 -9999 -9999 -9999 -9999 -9999 -9999 -9999 -9999 -9999 -9999 0.461319936754904 0.458482730253873 0.439586105220139 0.321441681884147 0.152328608442403 0.0685892684945259 0.0693564754484787 0.113057056137126 0.118847025501146 0.117890120131612 0.118159922511241 0.117722173117561 0.10367731271591 0.0887735819492775 0.0783819375024863 0.0735452807815808 0.0800935761423073 0.134036765243224 0.169004613674308 0.141795152625994 0.164767376787806 0.229297847575988 0.324260665392506 0.374427415617387 0.401636247960501 0.399268206299436 0.413500716530592 0.441298310038001 0.470543441200737 0.480634477156144 0.486437710326861 0.491764844497835 0.494835658613366
-9999 -9999 -9999 -9999 -9999 -9999 -9999 -9999 -9999 -9999 -9999 -9999 -9999 -9999 -9999 -9999 -9999 -9999 -9999 -9999 -9999 -9999 -9999 0.463937462598662 0.460454501987465 0.457389628753351 0.368130793457467 0.179729085504741 0.0807897668941647 0.0853205559542569 0.0982881207800972 0.114053304821562 0.112765057560992 0.112514004514437 0.11704455027183 0.113970373156238 0.106413076278943 0.0852232133682062 0.0734143618589406 0.0958477232429948 0.146252352609045 0.187192480192044 0.167823644862008 0.152590350791681 0.202137706369661 0.299559025112021 0.388908825699674 0.424577847917094 0.414461872981308 0.421448818692975 0.455075593477678 0.476283130051499 0.486380454997579 0.491620670925249 0.495987444740673 0.498818643380766
-9999 -9999 -9999 -9999 -9999 -9999 -9999 -9999 -9999 -9999 -9999 -9999 -9999 -9999 -9999 -9999 -9999 -9999 -9999 -9999 -9999 -9999 -9999 0.471750474296679 0.462186195665187 0.45260709399444 0.396795354484796 0.213659891451232 0.0735192150509427 0.060579753639031 0.0701520853287235 0.0996024876637162 0.103148199857219 0.102730409193494 0.112939497371668 0.109658922903652 0.10133593190635 0.0872068519862455 0.0763670671755359 0.110945540534675 0.176377053432146 0.184005922949049 0.182204359223415 0.188995434411733 0.233740865099427 0.334824299692677 0.398907235774083 0.446221232329633 0.442020052255304 0.448093459432103 0.472307284863577 0.486619027958094 0.493271528048064 0.497644803727144 0.500313306762972 0.501965536805721
-9999 -9999 -9999 -9999 -9999 -9999 -9999 -9999 -9999 -9999 -9999 -9999 -9999 -9999 -9999 -9999 -9999 -9999 -9999 -9999 -9999 -9999 -9999 0.468754687872551 0.462206010779629 0.459437524903986 0.411886479392016 0.229811928838698 0.0610687063702986 0.0363139490742134 0.048359212694002 0.063061115644874 0.0877595982606764 0.0972486317913883 0.0930140856805128 0.0966034436384834 0.0928182599486203 0.06879335557722 0.055539920853745 0.0680032443783699 0.110060605341563 0.149827828757821 0.176298135942612 0.182937937026483 0.216238559678799 0.308902830049415 0.365796989661943 0.427444546475383 0.468863234603594 0.480048795498517 0.491272418155464 0.493510430213164 0.499073031003662 0.503320729898314 0.504899219640149 0.505588340104879
-9999 -9999 -9999 -9999 -9999 -9999 -9999 -9999 -9999 -9999 -9999 -9999 -9999 -9999 -9999 -9999 -9999 -9999 -9999 -9999 -9999 -9999 -9999 0.466250946299497 0.468424764275587 0.47116181397889 0.430727181596019 0.271941562744468 0.0995224756304949 0.0511465432842154 0.0691993776011068 0.0762538834941774 0.0656419336176065 0.0745954235512574 0.0898922111183898 0.0950537983311806 0.0830504620997397 0.0577074461252344 0.0478471868019738 0.0667171099947345 0.107924254875164 0.145305036502216 0.163012677742395 0.181592028895832 0.22882116098867 0.283014620557186 0.334552275275434 0.410507696876749 0.454951636799017 0.484501302498549 0.50108320653753 0.501654288076149 0.505897711639188 0.508730565460109 0.509314840186379 0.50966483124306
-9999 -9999 -9999 -9999 -9999 -9999 -9999 -9999 -9999 -9999 -9999 -9999 -9999 -9999 -9999 -9999 -9999 -9999 -9999 -9999 -9999 -9999 -9999 0.46407698827733 0.471208361095463 0.479943773458745 0.445593517592441 0.289988334183494 0.123918559307757 0.0901035591085861 0.0668080195186154 0.0212211775765486 0.00894758876615865 0.0426241785958931 0.0757982323920699 0.0876959921388105 0.0644725621690116 0.0416490038058789 0.0377985031206345 0.0741293052357048 0.141642628696368 0.167852965340241 0.130779465121577 0.134199621114364 0.239567226809598 0.313713246863795 0.349784015809129 0.39655784855935 0.418007155532068 0.467906586184009 0.499414317528169 0.5061757690545 0.512215409179564 0.512708881016363 0.513007184314408 0.513110664090979
-9999 -9999 -9999 -9999 -9999 -9999 -9999 -9999 -9999 -9999 -9999 -9999 -9999 -9999 -9999 -9999 -9999 -9999 -9999 -9999 -9999 -9999 -9999 0.459247962328859 0.462547643226563 0.461853379333479 0.436918764420431 0.292414332217773 0.137037826235487 0.073973363545069 0.0380376923043231 0.0438123160936637 0.0207185117834509 0.0145401664728857 0.0619555397190041 0.0745077200602377 0.0458651770675709 0.0188759296377534 0.0187295047107101 0.0808854363363155 0.135538400019329 0.133804915278712 0.121518696845516 0.139365225160542 0.252336387439742 0.335922541456387 0.382001846526755 0.4105286806784 0.432467728150165 0.470076963125319 0.499331209663049 0.509816307002249 0.513201702341685 0.513449890103535 0.513784377126476 0.514042529660859
-9999 -9999 -9999 -9999 -9999 -9999 -9999 -9999 -9999 -9999 -9999 -9999 -9999 -9999 -9999 -9999 -9999 -9999 -9999 -9999 -9999 -9999 -9999 0.415457142999902 0.413188057194509 0.417318652320113 0.413312531207789 0.276015847082877 0.141932630674988 0.109501512113215 0.0632765192636383 0.0125607335361703 0 0.00912528581744108 0.0471507213950721 0.0141752562440524 0 0.0202675257260862 0.0569181581507827 0.0778913368162277 0.100904149868293 0.120320458860368 0.116251101188542 0.146393456145442 0.243028729682218 0.343587408191123 0.418319058877807 0.421702858142757 0.455007562710766 0.489714159800783 0.506814240910508 0.514252308970188 0.51576081059782 0.515421363717465 0.515287405604404 0.515201491885806
-9999 -9999 -9999 -9999 -9999 -9999 -9999 -9999 -9999 -9999 -9999 -9999 -9999 -9999 -9999 -9999 -9999 -9999 -9999 -9999 -9999 -9999 -9999 0.383389796386742 0.377276097005847 0.409163810439034 0.408224525183648 0.288010416780162 0.161594154616386 0.121233308337435 0.0865714350737039 0.0452111510842946 0.0171443036452902 0 0.0153449420807068 0.00718941070085302 0 0.0149676904827446 0.068254944411255 0.0927435323800629 0.104806173908444 0.103838041053911 0.0837676675237602 0.127540714498866 0.25958397463741 0.368187529699787 0.439908240458389 0.459878118150247 0.477538361415361 0.501489368249148 0.511092463362404 0.516562897955525 0.517975592719395 0.517518308779221 0.516924555537183 0.516653371392397
-9999 -9999 -9999 -9999 -9999 -9999 -9999 -9999 -9999 -9999 -9999 -9999 -9999 -9999 -9999 -9999 -9999 -9999 -9999 -9999 -9999 -9999 -9999 0.401521650322691 0.397574634242735 0.406255403870479 0.405849023193178 0.303059247944028 0.219208023310207 0.225216264746439 0.191091386980671 0.118245803089096 0.0339453752261872 0 0 0 0 0.0437879156492329 0.0772855672917706 0.0862894602731417 0.107357256256933 0.0985365053211607 0.0810434145097204 0.114985836980028 0.263206914974251 0.415386157765666 0.455922022110186 0.466304557006667 0.486754717497432 0.509187588979433 0.514276745613251 0.518427464688481 0.519445070513211 0.518952953333894 0.518340391412913 0.518006727497564
-9999 -9999 -9999 -9999 -9999 -9999 -9999 -9999 -9999 -9999 -9999 -9999 -9999 -9999 -9999 -9999 -9999 -9999 -9999 -9999 -9999 -9999 -9999 0.393825953128054 0.385137211860105 0.398483933896892 0.401676091433491 0.328768246896334 0.262280139388807 0.237831890102595 0.171220254381366 0.0925575918099466 0.0184797496244478 0 0 0 0 0.0179944900226778 0.052249872928008 0.0816485350696476 0.111040554740732 0.100021154009958 0.101447723396252 0.181014058387479 0.321596017742709 0.441643651045898 0.481931948161813 0.493993307905117 0.500258883199597 0.515985307577913 0.519158683840624 0.521194649509942 0.521496493513949 0.520645178530898 0.519588092051836 0.519070350606003
-9999 -9999 -9999 -9999 -9999 -9999 -9999 -9999 -9999 -9999 -9999 -9999 -9999 -9999 -9999 -9999 -9999 -9999 -9999 -9999 -9999 -9999 -9999 0.41548438073062 0.396707418184366 0.390634311448085 0.392732799975 0.328387251191765 0.252193901364309 0.216105375804791 0.184633743770783 0.151307528096277 0.0639185436797865 0 0 0 0 0.00847738118961821 0.0254581601145246 0.0651723686078329 0.120931925258472 0.106108181107343 0.140422176685281 0.238051650542835 0.348939412995835 0.458664609010373 0.48617194215271 0.502301926950036 0.512978812756008 0.522172284550285 0.523649509874399 0.523852014296206 0.523145802682398 0.522098140009508 0.521072198945738 0.520200630171197
-9999 -9999 -9999 -9999 -9999 -9999 -9999 -9999 -9999 -9999 -9999 -9999 -9999 -9999 -9999 -9999 -9999 -9999 -9999 -9999 -9999 -9999 -9999 0.428031020020394 0.413092505860126 0.394637699520085 0.38411383076842 0.316416125348333 0.246675587681269 0.224936405016925 0.226802322418334 0.247950727452488 0.146101328457778 0.00480189538755517 0 0 0 0 0.00211401536067613 0.0570476124960808 0.112316534132633 0.109403006928353 0.068539748526539 0.100167372439856 0.302969568773149 0.468080503420125 0.503299126536884 0.506747612445644 0.520273880055153 0.525406012476573 0.525584614472892 0.525036068354362 0.524102542812971 0.523093433919676 0.521958219778438 0.521072954856516
-9999 -9999 -9999 -9999 -9999 -9999 -9999 -9999 -9999 -9999 -9999 -9999 -9999 -9999 -9999 -9999 -9999 -9999 -9999 -9999 -9999 -9999 -9999 0.496672417450697 0.416815332542275 0.395755372702997 0.378569244080613 0.323502092420576 0.228204551569558 0.197419571145277 0.246764734617572 0.28025682558926 0.175408945945705 0.0137838479753963 0 0.00221723386100371 0.027400830556136 0.0380427442037554 0.0401411336605066 0.0879170247978981 0.106197358112191 0.099030178861284 0.109413970043298 0.118334596807925 0.274811250527162 0.463647695900638 0.508689469032034 0.517817035638894 0.524167556999927 0.525231987477414 0.525515003380846 0.525169042871499 0.524597221669093 0.523796519556465 0.522728693832036 0.522031086249521
-9999 -9999 -9999 -9999 -9999 -9999 -9999 -9999 -9999 -9999 -9999 -9999 -9999 -9999 -9999 -9999 -9999 -9999 -9999 -9999 -9999 -9999 0.553661897679344 0.496883467039296 0.42312671958249 0.40876743762685 0.37572479390082 0.298077329227162 0.223220167799873 0.220842066660816 0.259772159299753 0.283896593802198 0.19537439837848 0.0512511080001039 0.000182973329487452 0.00956874923079483 0.0465063086180212 0.0590939433263681 0.0646115913150215 0.0965211630457617 0.106701061806347 0.108191427259275 0.12330764312805 0.180380303492351 0.311836643167234 0.44897307110724 0.51390628073516 0.519565506109233 0.521146110876874 0.524470055847022 0.525242560132328 0.524975934077676 0.524492063637296 0.523997457709795 0.523141729603501 0.522340121179554
-9999 -9999 -9999 -9999 -9999 -9999 -9999 -9999 -9999 -9999 -9999 -9999 -9999 -9999 -9999 -9999 -9999 -9999 -9999 -9999 -9999 -9999 -9999 0.513079885088572 0.460586706299296 0.434411611169421 0.377308388874206 0.310337987337482 0.270729098765928 0.262765037495403 0.271399917667311 0.284005744070155 0.196892505095814 0.0562869754885909 0.00499285773765915 0.00679499534630227 0.0444288924599332 0.0630255506448955 0.0749207712496471 0.117956073061509 0.126167001584052 0.114248092955506 0.163523650883945 0.303960151632456 0.431064455806766 0.488989048159968 0.511318316671868 0.508042951728658 0.514144697334144 0.523992315897938 0.525604079132167 0.52510705270133 0.524716655212909 0.524268198143401 0.523377758839582 0.522650422025769
-9999 -9999 -9999 -9999 -9999 -9999 -9999 -9999 -9999 -9999 -9999 -9999 -9999 -9999 -9999 -9999 -9999 -9999 -9999 -9999 -9999 -9999 -9999 0.493800448350843 0.462609763812327 0.447455552972852 0.396252369947955 0.30985409959647 0.269623172155876 0.264381348180192 0.262889414073933 0.276325681976716 0.198428778981036 0.0397539239906525 0 0.0102610878430834 0.045898786482213 0.0635660359699682 0.0769120165888197 0.116055893221841 0.112855518766271 0.107911964311421 0.212455114104026 0.364111459254014 0.458062124845475 0.499053436060058 0.494405335279421 0.501239539509937 0.514580016402868 0.524850011886968 0.525791738712255 0.52512875494816 0.524665477826531 0.524176291922958 0.523337818101574 0.522561323509604
-9999 -9999 -9999 -9999 -9999 -9999 -9999 -9999 -9999 -9999 -9999 -9999 -9999 -9999 -9999 -9999 -9999 -9999 -9999 -9999 -9999 -9999 0.507143096305192 0.492248099740502 0.473833751991128 0.472528270012829 0.416525008293864 0.30790279889477 0.244766740548102 0.228182472817022 0.205323183589351 0.211342381301685 0.152535771009906 0.0533564450599162 0.0195130604873482 0.0265055994833536 0.056771731893739 0.0436812261310189 0.0454633330364468 0.0714354367292392 0.057524202160311 0.10828913179636 0.271584338040133 0.405464766785931 0.469270809585357 0.447466477851935 0.413856378124762 0.479216911203861 0.514682181441847 0.524298590694013 0.525710072404586 0.525291247586055 0.524496730979024 0.523946513383657 0.523297360584588 0.522572210000939
-9999 -9999 -9999 -9999 -9999 -9999 -9999 -9999 -9999 -9999 -9999 -9999 -9999 -9999 -9999 -9999 -9999 -9999 -9999 -9999 -9999 -9999 0.487005274041986 0.462283183380989 0.434237200497619 0.441768179872796 0.405487689480399 0.304966461687592 0.200174225409065 0.162346718416576 0.171773781818788 0.152390436627616 0.0744692861388616 0.058097134739278 0.0765850785652422 0.0421605335242593 0.0222325959997933 0 0.000665080474369532 0.0513901150623044 0.104514988564882 0.142496057125658 0.273461331482217 0.421370606956565 0.456198401749038 0.441420266402346 0.397816428660924 0.461375313113421 0.514898816272597 0.522016567094804 0.523822769920549 0.523999439165484 0.523711041921631 0.523627057325287 0.523100056981208 0.522554892177405
-9999 -9999 -9999 -9999 -9999 -9999 -9999 -9999 -9999 -9999 -9999 -9999 -9999 -9999 -9999 -9999 -9999 -9999 -9999 -9999 -9999 -9999 0.479366529132315 0.427418852631245 0.386164836560274 0.415230167651774 0.380017590833681 0.261444000748073 0.171815535796182 0.141255218827966 0.107895061810717 0.0687480288009233 0.0297193417484275 0.0666960199683706 0.107119250368196 0.0864284016059288 0.0265202755919619 0.00395827086897365 0.00463836234048886 0.00910534838774143 0.103407747034598 0.161696697997548 0.264349823751136 0.4348048190831 0.466920678591794 0.412039936787841 0.393922802215276 0.484396755569113 0.513723862248644 0.519656453972761 0.521673160331915 0.522111174919162 0.522176913944392 0.522519926411251 0.522522324233632 0.522274982547128
