layers/veg_krg/veg3300.asc
NCOLS 255 
NROWS 330 
XLLCORNER -2985163.8955 
YLLCORNER -3022031.214 
CELLSIZE 25000 
NODATA_value -9999 
[rows 175 to 199 of 330, columns 57 to 113 of 255]
-9999 -9999 -9999 -9999 -9999 -9999 -9999 -9999 -9999 -9999 -9999 -9999 -9999 -9999 -9999 -9999 -9999 -9999 -9999 -9999 -9999 0.504931287125699 0.399259192631691 0.301428829069195 0.351243436684888 0.351318359503134 0.236845545587255 0.150293217744796 0.102246325593959 0.0193874294719565 0.00676721660018964 0.0157803334171979 0.0553551193125164 0.0786715594896985 0.0474245072601883 0.018435383645627 0.010621213983329 0 0.00187222335321566 0.108601563831399 0.219476163847266 0.351768389401512 0.452634413158321 0.454932797829367 0.428762278648938 0.466595754494551 0.514304593667827 0.533455197643121 0.540229827638532 0.542486466087738 0.543501790929319 0.544053123599699 0.54495757213514 0.545747011504269 0.546138076474034 0.546033359190257 0.545639408028832
-9999 -9999 -9999 -9999 -9999 -9999 -9999 -9999 -9999 -9999 -9999 -9999 -9999 -9999 -9999 -9999 -9999 -9999 -9999 -9999 -9999 -9999 0.422935657801132 0.299183115505521 0.303539479637414 0.286500068252622 0.179319646359917 0.106630536846727 0.0570600121942203 0 0.0310037417679794 0.0526930569274707 0.0897804610587341 0.0762254529779087 0.0296872609717361 0 0 0 0.0740120149752627 0.148102571497028 0.217764576750585 0.399221931893923 0.43504997312039 0.443957220616771 0.451684939959909 0.49437798471452 0.520697569211131 0.532577971790433 0.537125774714043 0.539394565824436 0.5410545083371 0.541889983839819 0.543056209908311 0.544164945795149 0.544713722572716 0.544973886993472 0.544934390311874
-9999 -9999 -9999 -9999 -9999 -9999 -9999 -9999 -9999 -9999 -9999 -9999 -9999 -9999 -9999 -9999 -9999 -9999 -9999 -9999 -9999 -9999 0.322139699279181 0.306223351386878 0.295216038472826 0.265773691740547 0.168956333251949 0.0874044698937204 0.047648390769966 0 0 0 0.0557994381937837 0.0778033992453352 0.0451109987454036 0.00688490203696672 0 0 0.108425547069096 0.115747036325569 0.173492111450256 0.396589412290517 0.43334624438329 0.442761758877467 0.458670814921404 0.50565482097853 0.522939440460918 0.532210272944874 0.536051817369696 0.538364270525175 0.540031308006569 0.540985585634108 0.542149538495511 0.543219102511997 0.543841629039589 0.544120931582717 0.544105932770155
-9999 -9999 -9999 -9999 -9999 -9999 -9999 -9999 -9999 -9999 -9999 -9999 -9999 -9999 -9999 -9999 -9999 -9999 -9999 -9999 -9999 -9999 0.377711746378297 0.354945217579433 0.330746091636953 0.262616681055095 0.113420439350638 0.0207780750080927 0.0213563062970916 0 0 0 0 0.0358715944464353 0.0523025154308588 0 0 0.0293634846646 0.165633604720216 0.17890855943565 0.258026063707495 0.376856458387566 0.397480602701979 0.438462793056824 0.48852542530544 0.507862714282862 0.5186054373342 0.532560107040789 0.535473247472936 0.537345368609619 0.538820634359394 0.539628893466135 0.540636644238811 0.541454652820627 0.542033049845667 0.542380074510562 0.542468271209456
-9999 -9999 -9999 -9999 -9999 -9999 -9999 -9999 -9999 -9999 -9999 -9999 -9999 -9999 -9999 -9999 -9999 -9999 -9999 -9999 -9999 -9999 0.439093712432432 0.401804901300076 0.354904946211546 0.297597959239666 0.17210303044604 0.0393750104558774 0 0 0 0 0 0.00489334213609858 0 0 0 0.0852361323364915 0.197982476470977 0.239785547008071 0.28064476455399 0.332122226194112 0.355855085471221 0.430297391724465 0.487131477941041 0.493530660446041 0.515661728305235 0.533369917707622 0.536208968152468 0.537203714773296 0.538060466060038 0.538530474618942 0.539271698503659 0.53989710060135 0.540314385674043 0.540538111230433 0.540468166943204
-9999 -9999 -9999 -9999 -9999 -9999 -9999 -9999 -9999 -9999 -9999 -9999 -9999 -9999 -9999 -9999 -9999 -9999 -9999 -9999 -9999 -9999 0.508726872257527 0.439176114813984 0.378036412429293 0.289744038927472 0.160262659081132 0.0349314896137072 0 0 0 0 0.019261488392602 0.0102404342407151 0 0 0 0.0195784003438306 0.187010920596162 0.268282945645346 0.290974693717375 0.330614218121646 0.39984292368756 0.45881256189732 0.490070261995859 0.506637444011759 0.521307734717297 0.534839843859759 0.537244197301277 0.537598107645996 0.537858787942464 0.537994173212671 0.53847358148083 0.538958947895194 0.539224561353768 0.539240347312456 0.539015291814622
-9999 -9999 -9999 -9999 -9999 -9999 -9999 -9999 -9999 -9999 -9999 -9999 -9999 -9999 -9999 -9999 -9999 -9999 -9999 -9999 -9999 -9999 0.509673270181252 0.440590093164873 0.389858619184652 0.314690192557001 0.17206753939546 0.0453559686727055 0.0082464759917803 0 0 0 0.03176211987098 0.0194809160752798 0 0 0 0 0.0912617035803248 0.220374333519284 0.31113715940227 0.345785051861506 0.428366012305914 0.433751864716036 0.464432728827149 0.512462433935414 0.525721387657729 0.534936873000378 0.537775548680052 0.537646089422895 0.537331464602226 0.537132115178027 0.537422198354747 0.537642891375581 0.537621452313127 0.537397923225269 0.536990183787684
-9999 -9999 -9999 -9999 -9999 -9999 -9999 -9999 -9999 -9999 -9999 -9999 -9999 -9999 -9999 -9999 -9999 -9999 -9999 -9999 -9999 -9999 0.482581684704055 0.476946971284501 0.442653105297551 0.351948719484504 0.1844877890738 0.0611698337113089 0 0 0 0 0.00614374915204338 0.0351737931050416 0.0496355071766716 0 0 0 0 0.162256367453604 0.312486966695961 0.371127027179582 0.414131686473437 0.395320447660027 0.472934071806477 0.516913088389695 0.529992675618543 0.537029548303464 0.539192238471779 0.538455254693432 0.537549665640165 0.536900509224596 0.536690867038466 0.536550342932722 0.536351794235372 0.536009432421507 0.535387199615755
-9999 -9999 -9999 -9999 -9999 -9999 -9999 -9999 -9999 -9999 -9999 -9999 -9999 -9999 -9999 -9999 -9999 -9999 -9999 -9999 -9999 -9999 0.480948455045021 0.46923015965351 0.443023480439691 0.353538519875287 0.194303939741235 0.0923359642873691 0.0168895448098775 0 0 0 0.0033982877954419 0.0383702013346734 0.0596908969449995 0.00104479932144255 0 0 0 0.163182765669115 0.298767882689331 0.353192066024803 0.433700796341087 0.409738215973699 0.461103937383792 0.518179669239772 0.530256494056291 0.537103999653872 0.538940174456299 0.538101572977422 0.53697641920346 0.536045727371131 0.535559764430242 0.535270506594496 0.534804034427454 0.534025728030042 0.533328310260571
-9999 -9999 -9999 -9999 -9999 -9999 -9999 -9999 -9999 -9999 -9999 -9999 -9999 -9999 -9999 -9999 -9999 -9999 -9999 -9999 -9999 -9999 0.485345335111352 0.476696063862761 0.447071565156145 0.346837778375783 0.170371017315627 0.0723787728310776 0 0 0 0 0 0.0717522966850786 0.071154743051278 0.0465986865278133 0.0645962567571108 0.0393525043474448 0.073525786054314 0.186657198771229 0.238710750301848 0.304852116931725 0.453887104090124 0.472512762670774 0.50587573261154 0.526122249751436 0.534801895179494 0.538463799510386 0.538878337871823 0.538081828519611 0.536652369904322 0.53537315832063 0.534332563588696 0.533175284126569 0.53212913248276 0.530726058155676 0.530324978414597
-9999 -9999 -9999 -9999 -9999 -9999 -9999 -9999 -9999 -9999 -9999 -9999 -9999 -9999 -9999 -9999 -9999 -9999 -9999 -9999 -9999 -9999 0.507109408995922 0.421809796381071 0.387254110638379 0.309676033631975 0.117671804421097 0.0142463327874893 0 0 0 0 0 0 0.0129084908840947 0.0530186773550389 0.0573955694629349 0.0821076353390191 0.156816088889813 0.14099548141706 0.186777533340401 0.372630146307314 0.491230183923632 0.513933876891419 0.521499250661577 0.531646649524735 0.537275409680525 0.539759348824222 0.53908041489985 0.53769162767244 0.536120941392191 0.534795072657824 0.533578585228527 0.530983295096866 0.529413751727135 0.529506625806574 0.529233995784457
-9999 -9999 -9999 -9999 -9999 -9999 -9999 -9999 -9999 -9999 -9999 -9999 -9999 -9999 -9999 -9999 -9999 -9999 -9999 -9999 -9999 0.546393542955435 0.49967107911163 0.423194673717802 0.356815856483499 0.250786463256112 0.124006979171408 0.0318074174265215 0 0 0 0 0.047437358186071 0.038360875850401 0 0.0611619276515861 0.165351633681441 0.199537759087697 0.218850319553375 0.112318539084504 0.160445229097808 0.443665913182757 0.521126621959341 0.519287591175217 0.522383491321125 0.529892743076869 0.5359153300587 0.5404342705058 0.539318677353092 0.537632010005587 0.535885973518902 0.534412532058935 0.53280060839127 0.529764954477172 0.527609058359337 0.527726147377795 0.528047458162065
-9999 -9999 -9999 -9999 -9999 -9999 -9999 -9999 -9999 -9999 -9999 -9999 -9999 -9999 -9999 -9999 -9999 -9999 -9999 -9999 -9999 0.545796657642021 0.497260709466771 0.417097294092876 0.365162972465077 0.294668680988429 0.148433913954396 0.0149003336221763 0 0 0 0 0.0721700360306572 0.181225982247289 0.109208459598566 0.162361658179665 0.256296579732354 0.221606719833647 0.160519335438841 0.116459289324712 0.285732501681064 0.495848464560341 0.523528825302462 0.522510392792877 0.523210716443927 0.526992030085714 0.532858979591276 0.539077078330849 0.538255864303181 0.536619545753104 0.534644815253706 0.532692795946965 0.530861684282459 0.527955224081001 0.525041529935659 0.524980235544614 0.525989082919428
-9999 -9999 -9999 -9999 -9999 -9999 -9999 -9999 -9999 -9999 -9999 -9999 -9999 -9999 -9999 -9999 -9999 -9999 -9999 -9999 -9999 0.558210011336087 0.538930037879974 0.495297353045473 0.435838922504788 0.295401843366891 0.12232951603224 0 0 0 0 0 0.111325703321269 0.276998902938454 0.228924087884757 0.210313518734121 0.305887714711682 0.300654832802255 0.300980301948109 0.283165906595876 0.375242692079102 0.501645950879763 0.523989434383822 0.525036536906993 0.523268126207039 0.525169658779057 0.532173987694888 0.536914117250228 0.537376168094006 0.536012282582673 0.533685435803985 0.531620396398868 0.529494890807551 0.525563026308357 0.52226807239519 0.523867006730459 0.525258599158398
-9999 -9999 -9999 -9999 -9999 -9999 -9999 -9999 -9999 -9999 -9999 -9999 -9999 -9999 -9999 -9999 -9999 -9999 -9999 -9999 -9999 0.564721497690403 0.528071037300574 0.475800881928262 0.406727669965188 0.26692498363485 0.109706299377823 0.00413905078080964 0 0 0 0 0.080797404757958 0.272730644464342 0.25348393651961 0.245138360224935 0.307184122379369 0.336985817191584 0.372636594901351 0.325480297803777 0.365910614024877 0.49156924459974 0.520949097785193 0.518789620446537 0.51375022802234 0.519669843176202 0.530643238780927 0.534832418969493 0.535576128529834 0.534428352929133 0.532308452198078 0.530271228368115 0.528060322098737 0.524415127738371 0.521411583116316 0.522377310614317 0.523072778084333
-9999 -9999 -9999 -9999 -9999 -9999 -9999 -9999 -9999 -9999 -9999 -9999 -9999 -9999 -9999 -9999 -9999 -9999 -9999 -9999 0.561081507111424 0.558681805561433 0.509203603467811 0.443156279333275 0.377745276197251 0.253833458540256 0.104376636558759 0 0 0 0 0 0.10996613626447 0.25104132056172 0.313404343615067 0.364836712481816 0.422053304298751 0.438152846987071 0.446260608157654 0.336522666636237 0.300468223896914 0.45452406846533 0.506970878778379 0.500285757958146 0.49664258323754 0.512032472854727 0.526655446387903 0.532829183499986 0.533167422110881 0.532474359744095 0.530975366360722 0.528898006717722 0.526598481324592 0.525164629666783 0.524462605759664 0.522460560988416 0.52024639353029
-9999 -9999 -9999 -9999 -9999 -9999 -9999 -9999 -9999 -9999 -9999 -9999 -9999 -9999 -9999 -9999 -9999 -9999 -9999 -9999 0.529374515158453 0.535194713630729 0.506582892824658 0.422082027721807 0.334450976143721 0.238849030374673 0.11138316501487 0 0 0 0 0.00531379467674354 0.0886580562713076 0.241849534027547 0.357044083327563 0.378246305757039 0.432897435465152 0.447269570881879 0.444282055986381 0.289891737533212 0.241230273166856 0.432025371553131 0.483081993502815 0.484066583569049 0.493866048539247 0.516053388780911 0.52723449320632 0.531611277782554 0.531630646583251 0.530848559313373 0.529064333011741 0.527250937030894 0.525538016575173 0.524310213008268 0.523155371697852 0.520739564685089 0.517610504412969
-9999 -9999 -9999 -9999 -9999 -9999 -9999 -9999 -9999 -9999 -9999 -9999 -9999 -9999 -9999 -9999 -9999 -9999 -9999 -9999 0.516738665008257 0.513860396695032 0.480897769275479 0.377968169702136 0.265672362146713 0.196284293414551 0.0736907365326903 0 0 0 0.0426776993834606 0.0767087584246555 0.0865214417294375 0.185263432807695 0.371804871033139 0.404379604627671 0.428932726982735 0.44792740854461 0.436351793366511 0.254552289574417 0.200333715816795 0.388164212720588 0.44188612058263 0.485649868277906 0.500568273816935 0.520441073458056 0.529425639068438 0.531351683886214 0.530587553745853 0.529615921624702 0.52778605934805 0.52579383630277 0.523478909193362 0.52133353994266 0.519991063745721 0.517778645687376 0.514667440406869
-9999 -9999 -9999 -9999 -9999 -9999 -9999 -9999 -9999 -9999 -9999 -9999 -9999 -9999 -9999 -9999 -9999 -9999 -9999 -9999 0.528382912588681 0.514674665629102 0.456342103092792 0.366660427669614 0.228066614534905 0.0710995246262965 0 0 0 0.0253181865798435 0.131788242496317 0.185980510506018 0.129353590205084 0.147888754568886 0.332863884035635 0.338347461976833 0.364297543538688 0.438263673928458 0.400974837321343 0.285486405638893 0.30360494271591 0.422192271464238 0.460217466851586 0.496603651935415 0.506210832681936 0.520309882369426 0.528724407662031 0.529282225751991 0.528189335692771 0.527158761112142 0.525311481088942 0.523380070966424 0.521262542279337 0.518582633152364 0.516353157965964 0.514037029772647 0.510762184659782
-9999 -9999 -9999 -9999 -9999 -9999 -9999 -9999 -9999 -9999 -9999 -9999 -9999 -9999 -9999 -9999 -9999 -9999 -9999 -9999 0.48724733284121 0.492411067135221 0.421308323497534 0.319271736181559 0.191783396517617 0.0200696999650457 0 0 0 0.0671892324447551 0.196211978493651 0.252587474021123 0.162398525578543 0.122360259896706 0.286044362076919 0.244090675033516 0.27227652037326 0.41601417022846 0.379594742960814 0.381860159729783 0.445014434451403 0.438492697668758 0.475333790093004 0.503234952683115 0.509770612763602 0.520692681595152 0.527540048650201 0.52685453897166 0.525252107126291 0.524370650839422 0.522739398017812 0.520760201052441 0.51874503480767 0.515852172029001 0.513274255762088 0.510693554807405 0.507188077154925
-9999 -9999 -9999 -9999 -9999 -9999 -9999 -9999 -9999 -9999 -9999 -9999 -9999 -9999 -9999 -9999 -9999 -9999 -9999 -9999 0.473518400039501 0.435885973206435 0.406094717234649 0.28808953701851 0.14358568051188 0.0114318690949597 0 0 0.000392568854107072 0.0648169649952023 0.162670521695637 0.250548412680937 0.164901214766327 0.0781254786028353 0.214680574914179 0.242446991362951 0.281328655535514 0.390967570557516 0.454373613825338 0.49399993883927 0.477739943107994 0.458137684605547 0.482785547487938 0.504551632487332 0.511893941395093 0.522471110023731 0.525722516578012 0.521274294898012 0.518383525831185 0.520535515773984 0.521109430378141 0.519313535647686 0.517100023891159 0.514176962264569 0.5114559165442 0.508513781806879 0.504677943805904
-9999 -9999 -9999 -9999 -9999 -9999 -9999 -9999 -9999 -9999 -9999 -9999 -9999 -9999 -9999 -9999 -9999 -9999 -9999 0.515452881936337 0.46518129595221 0.41657613743567 0.360856578656258 0.230601074295466 0.172844605212621 0.0572194700630186 0 0 0.0469008851646016 0.076772097533216 0.137032140567546 0.242082066716781 0.194114969811309 0.0867128002236623 0.223452908686046 0.313527657698902 0.335379790042223 0.399371376984266 0.477966256647917 0.496270038199632 0.498837960896775 0.491801726768584 0.493298206989896 0.506551132942978 0.513181946380573 0.521308571789799 0.516175446611237 0.499540459091993 0.490023807659967 0.502618180299879 0.517012495820577 0.516584035152636 0.514317518898939 0.511381726625424 0.50859849785408 0.505392319685856 0.501131550109706
-9999 -9999 -9999 -9999 -9999 -9999 -9999 -9999 -9999 -9999 -9999 -9999 -9999 -9999 -9999 -9999 -9999 -9999 -9999 -9999 0.463207609842878 0.392793615976467 0.29646201444116 0.147263295384611 0.066825822801822 0 0 0 0.0629881275824135 0.17902323459616 0.311585312989084 0.333173339407576 0.306452273153875 0.26649998224158 0.328847576120529 0.34731332546256 0.358473133407439 0.472212391574979 0.488013961761027 0.49275560072869 0.495326200244671 0.497133018219066 0.50216175359057 0.509415736487011 0.51159088911597 0.515499894830264 0.508366427098273 0.477594601103512 0.461502649922191 0.487470553370901 0.512528489974124 0.514071941667086 0.511701853784027 0.508398266778529 0.505357828797699 0.501957986923525 0.497781518683959
-9999 -9999 -9999 -9999 -9999 -9999 -9999 -9999 -9999 -9999 -9999 -9999 -9999 -9999 -9999 -9999 -9999 -9999 -9999 -9999 0.477692562171122 0.460654909087013 0.320464354299324 0.114092980441059 0.022971275255159 0 0 0 0.0620303619530175 0.172587379946785 0.312887642124562 0.358414181549632 0.347923269327866 0.294450904493401 0.311611834757845 0.345938061387457 0.372027612134703 0.478206184913845 0.487840480974513 0.491280416129284 0.489027354585132 0.494486578298438 0.505770273432159 0.507862879366702 0.506570819630671 0.508508379923242 0.494882877930415 0.457398288772547 0.453340139559511 0.488131519984501 0.511617206420767 0.512054044453342 0.509726484688414 0.506270372199186 0.502279320516699 0.498832307898139 0.495422503118032
-9999 -9999 -9999 -9999 -9999 -9999 -9999 -9999 -9999 -9999 -9999 -9999 -9999 -9999 -9999 -9999 -9999 -9999 -9999 -9999 0.459480220946717 0.424287564953687 0.309388303811061 0.131744500556015 0.014979992062749 0 0 0 0.0533520220352456 0.165318329069039 0.2563149402816 0.329574685687356 0.355705247057306 0.307736673589256 0.2955706506004 0.338265767171625 0.405093718512434 0.472474030348059 0.482344120662544 0.487109754329152 0.486347850013178 0.49222990200625 0.502931623308234 0.503951380963196 0.503486705669497 0.499420853634494 0.471007465645425 0.44025232467634 0.457331442687003 0.492442181445351 0.509021025218518 0.50904174168881 0.506727735130604 0.502940368514625 0.498576531317155 0.494706852787916 0.491231410598479
