layers/veg_krg/veg3400.asc
NCOLS 255 
NROWS 330 
XLLCORNER -2985163.8955 
YLLCORNER -3022031.214 
CELLSIZE 25000 
NODATA_value -9999 
[rows 200 to 224 of 330, columns 57 to 113 of 255]
-9999 -9999 -9999 -9999 -9999 -9999 -9999 -9999 -9999 -9999 -9999 -9999 -9999 -9999 -9999 -9999 -9999 -9999 -9999 -9999 0.502339347472453 0.453771559645142 0.336559140705445 0.2478368272962 0.119687787712322 0 0 0 0.134656026354178 0.2069658240175 0.258933115698322 0.32407377479517 0.350888398652261 0.306059854087102 0.305919772093021 0.36849936368142 0.451132291427406 0.468649407760154 0.477630536603739 0.484782051865991 0.488988729444714 0.495817291488234 0.5034421901914 0.503704543906709 0.50304679369362 0.492055502680239 0.451799284076528 0.43372915430461 0.469793978932687 0.499816271896956 0.510504834115003 0.510412347111471 0.508214290511001 0.504630818475495 0.500195445103148 0.49570149668548 0.492000939158853
-9999 -9999 -9999 -9999 -9999 -9999 -9999 -9999 -9999 -9999 -9999 -9999 -9999 -9999 -9999 -9999 -9999 -9999 -9999 -9999 0.518859122054836 0.475522934859653 0.389771393435103 0.26259925095658 0.131952806701544 0.0228691639666114 0 0.035559696624701 0.18411116491974 0.25635367875315 0.337420680902466 0.366783926096189 0.364023332115801 0.324199068077132 0.334247511299101 0.387166813677277 0.43739502336601 0.456420942442833 0.463183353148755 0.470605302662322 0.484008141914802 0.495601961894631 0.499114552240873 0.497246938831909 0.492214811063504 0.476894727145337 0.44161651507791 0.438807865916967 0.477231771169663 0.499726079575832 0.509368123893378 0.508362610532054 0.506233912308823 0.502656981916821 0.497727794275969 0.492906052476189 0.489088960815678
-9999 -9999 -9999 -9999 -9999 -9999 -9999 -9999 -9999 -9999 -9999 -9999 -9999 -9999 -9999 -9999 -9999 -9999 -9999 0.520668238663115 0.505428147283523 0.43856271447881 0.305557204538378 0.15299295127247 0.0497220241620718 0 0 0.0362481451688264 0.181602807625199 0.255767585572014 0.33688085430576 0.3715559514446 0.393285783536387 0.339382941446182 0.317492187181489 0.391925742584694 0.421828560369408 0.436199589088419 0.420628380180446 0.428200983934552 0.47039641858494 0.487253378704035 0.488752934279108 0.480383012746311 0.46601246023199 0.436549491721791 0.415436887101458 0.440415382670526 0.478170797732544 0.497378552491578 0.506032332025977 0.505190349614835 0.5030511530163 0.499386307744358 0.494341614967974 0.489364786239831 0.485747675224602
-9999 -9999 -9999 -9999 -9999 -9999 -9999 -9999 -9999 -9999 -9999 -9999 -9999 -9999 -9999 -9999 -9999 -9999 -9999 0.509519931075311 0.479318171293966 0.429208452894821 0.336919810553037 0.150243289607713 0.00913727945060138 0 0 0.00313186870171008 0.148899353890909 0.219094869500216 0.322466229844421 0.37619180624943 0.398610523203764 0.360011735805265 0.335687135784466 0.3909650815019 0.416143932486892 0.407290571319078 0.380845018663191 0.403695807359008 0.459858994800341 0.479088225019755 0.470888561172961 0.45122549614619 0.442420022946617 0.407567053531143 0.385917693309408 0.430844730078332 0.476466868259608 0.493377319204775 0.499873659193837 0.500087874339292 0.499321321451382 0.495931152521471 0.490836407736931 0.485915331403988 0.482472786469269
-9999 -9999 -9999 -9999 -9999 -9999 -9999 -9999 -9999 -9999 -9999 -9999 -9999 -9999 -9999 -9999 -9999 -9999 -9999 0.498702293960932 0.493555282780045 0.455630577499449 0.368393832570217 0.213461500657513 0.0354727265519749 0 0.00295223051879996 0.108262365906025 0.148832905889024 0.199440924100417 0.291489977896171 0.353142181055142 0.385432138259911 0.397624508986828 0.36094995535978 0.363530943551904 0.415862680986557 0.390683914037164 0.371575533713151 0.40697566284258 0.452333931175097 0.47442135720718 0.450873913439109 0.41623835903738 0.398616346968089 0.359590330055255 0.371735191755671 0.433677625567571 0.472844025150484 0.487187486376033 0.49288899232221 0.494329948760792 0.494744961172791 0.490914490555477 0.486225628538885 0.483331400231285 0.480475955805508
-9999 -9999 -9999 -9999 -9999 -9999 -9999 -9999 -9999 -9999 -9999 -9999 -9999 -9999 -9999 -9999 -9999 -9999 -9999 0.456931871670547 0.457189781642177 0.42759070576837 0.352817958892507 0.226927136993977 0.0825964670533999 0 0.0181206203619036 0.152965473188206 0.168795380609204 0.172289861384678 0.272801685473891 0.343521987309334 0.357498007271267 0.33230970929675 0.317071616872463 0.359429392078365 0.418260313685703 0.397905494197867 0.380659011947458 0.407766947869754 0.447013439245296 0.466591716987886 0.424811360974019 0.372404740920819 0.337953873523444 0.325755417178539 0.390183087005312 0.439348967528379 0.467683183778513 0.479146396515248 0.485187261553429 0.487353548494351 0.488449437553765 0.486111641363681 0.482468682728304 0.479845391920804 0.477857846968822
-9999 -9999 -9999 -9999 -9999 -9999 -9999 -9999 -9999 -9999 -9999 -9999 -9999 -9999 -9999 -9999 -9999 -9999 -9999 0.414446150273035 0.399136428247523 0.386491289003711 0.295296468453132 0.159567090354497 0.0632822679262719 0 0 0.15291096417814 0.198700977162082 0.175214856960674 0.27151907696116 0.341461341089912 0.313305461216873 0.217388983169614 0.251229208076088 0.375837207697455 0.421707738446226 0.416196381144486 0.404252199189545 0.412473397214846 0.44299591133626 0.459347527122468 0.408619038134749 0.34519869595028 0.301285198485891 0.315712584730589 0.414153895137869 0.44864443349233 0.462098749331799 0.471142379813745 0.477735941249607 0.480835362430265 0.482801247045093 0.482038800942368 0.479052671224428 0.476756234876638 0.475661512349643
-9999 -9999 -9999 -9999 -9999 -9999 -9999 -9999 -9999 -9999 -9999 -9999 -9999 -9999 -9999 -9999 -9999 -9999 -9999 0.448753212224526 0.414731035295943 0.358504287774995 0.235312934737223 0.0658676929792531 0 0 0 0.16336070352277 0.190507219187282 0.183066154065913 0.296147759594357 0.358255923346749 0.300870256201068 0.249100545268252 0.346825500976743 0.405210186224829 0.421743605420135 0.422925064563876 0.415210108560272 0.416971596001934 0.439061477202439 0.455987277865543 0.426596348052001 0.361496983358527 0.285219955090313 0.296162057441498 0.397930096761823 0.443361942413356 0.458374186263315 0.465825018332017 0.472903930151006 0.476672004220533 0.479106141266356 0.479215487902969 0.477312799153592 0.475213461672066 0.474369725896781
-9999 -9999 -9999 -9999 -9999 -9999 -9999 -9999 -9999 -9999 -9999 -9999 -9999 -9999 -9999 -9999 -9999 -9999 -9999 -9999 0.448878635787586 0.399134928922865 0.29625853751656 0.117052157849796 0 0 0.0126689244689177 0.135841819241472 0.130966586479671 0.124784150449808 0.269178195179656 0.34327091804006 0.357490669854094 0.350895882851247 0.383160670004985 0.39679957475973 0.407068837322155 0.421040764234319 0.422174504421052 0.414449729478813 0.42689831283658 0.444469639514376 0.437187351887051 0.39747035666721 0.300847278566106 0.298748928424586 0.405519033143789 0.442130957055802 0.453826394936856 0.461527515539066 0.467825170289393 0.471650158700502 0.47446770155926 0.475752782919987 0.474507676133954 0.472753444027671 0.472903926750592
-9999 -9999 -9999 -9999 -9999 -9999 -9999 -9999 -9999 -9999 -9999 -9999 -9999 -9999 -9999 -9999 -9999 -9999 -9999 -9999 0.413434477534004 0.415942790153385 0.344859337515149 0.197626049175511 0.0255770514583194 0 0.015686405633094 0.130860654584992 0.103741603349103 0.11658184748087 0.228368646757494 0.318944185578205 0.376853453422775 0.379416652958874 0.383358216888344 0.387059381865615 0.389000872206191 0.405723491061295 0.415292296399945 0.415011439463608 0.422182597941709 0.428543911503856 0.425687878144103 0.391990571378778 0.338613321381781 0.35292128589755 0.409696072168272 0.433274983722227 0.448830128702518 0.456746669856936 0.463293692549113 0.467282665828623 0.470529247184817 0.472483954969498 0.471247784884072 0.469264848843512 0.470462032436807
-9999 -9999 -9999 -9999 -9999 -9999 -9999 -9999 -9999 -9999 -9999 -9999 -9999 -9999 -9999 -9999 -9999 -9999 -9999 -9999 0.399914437160681 0.383911238534127 0.307072954018226 0.173767479897536 0.0598607306056715 0 0 0.052889203568676 0.0286468621230797 0.152185109661617 0.259529357020034 0.326658029280048 0.37305410333843 0.378448459400598 0.384005888295237 0.385834460435372 0.380908520086324 0.389738011953941 0.404698122881861 0.40302728668287 0.400474090779071 0.403753846924808 0.394112376561068 0.367438544858722 0.334038402242415 0.346493378452351 0.40470143981991 0.430358808292339 0.446000971873316 0.453578669536537 0.460413661363566 0.4647422596077 0.467957573034199 0.469823833762032 0.469890272810195 0.468035306828484 0.466998017416144
-9999 -9999 -9999 -9999 -9999 -9999 -9999 -9999 -9999 -9999 -9999 -9999 -9999 -9999 -9999 -9999 -9999 -9999 -9999 -9999 -9999 0.402770494046073 0.330972686478194 0.190351526547486 0.0476942041967738 0 0 0 0 0.148507445272014 0.271936050594539 0.336659403228674 0.364490908063174 0.369653210786478 0.376977259115228 0.383859164090641 0.375637588377733 0.373795990757332 0.388402968819987 0.386058644413345 0.366518121560877 0.349108769209373 0.357735550555107 0.368085876458792 0.329887041870898 0.328363790416761 0.392345235766161 0.420591630993565 0.44315902176797 0.451884666095776 0.457846613105059 0.461575190585697 0.464650754107346 0.465907230394136 0.466050378024398 0.464528941064168 0.462608445999028
-9999 -9999 -9999 -9999 -9999 -9999 -9999 -9999 -9999 -9999 -9999 -9999 -9999 -9999 -9999 -9999 -9999 -9999 -9999 -9999 -9999 0.436220633990154 0.389222316408136 0.25672059904572 0.134920723327854 0 0 0 0 0.149690447748375 0.269802419600719 0.326990770319402 0.355948538872336 0.360965413516452 0.369674070371614 0.379759489625518 0.367318257774459 0.35733487525205 0.373431475570431 0.368584938589198 0.32734516507486 0.306335522742644 0.340863526594909 0.359784277399826 0.338055765881117 0.340354681058292 0.388232009894817 0.419600687695383 0.439874490782994 0.450024549402177 0.456137162540573 0.458965104414713 0.461464546531766 0.462656698685643 0.462379911631949 0.461114054844022 0.458862202064739
-9999 -9999 -9999 -9999 -9999 -9999 -9999 -9999 -9999 -9999 -9999 -9999 -9999 -9999 -9999 -9999 -9999 -9999 -9999 -9999 -9999 0.453870165642321 0.358475316844343 0.276628051791311 0.178281011517324 0 0 0 0.00747992712554899 0.15342230357421 0.283383756624031 0.331434698282236 0.348752056206925 0.354685638176021 0.363842551694364 0.375435785898382 0.377306515775675 0.368334235404339 0.364689663854641 0.342462513289963 0.284845052396022 0.287012036386558 0.337411116600819 0.344364227487551 0.345463667370829 0.36664798815078 0.396140888315803 0.421342106137332 0.439255160891184 0.4486715160602 0.455046157629579 0.457889800330518 0.459953638458305 0.460740320810975 0.460775988428453 0.45957464898059 0.456892630376355
-9999 -9999 -9999 -9999 -9999 -9999 -9999 -9999 -9999 -9999 -9999 -9999 -9999 -9999 -9999 -9999 -9999 -9999 -9999 -9999 0.457236101166609 0.450899107202656 0.387468082927352 0.317587319434628 0.265483253136565 0.0887533218320913 0 0 0 0.151447649276851 0.280001875393375 0.318025510660274 0.338155283518792 0.345696481263684 0.355759487954459 0.369058613304193 0.374686937757992 0.366269768527489 0.36200203083532 0.336955256454137 0.299669829667959 0.315537778903839 0.325443839221757 0.320387519509505 0.346200019746302 0.379108194290096 0.401812303031081 0.421952010279887 0.436307817740485 0.445683109701759 0.452646857130286 0.455673773595654 0.456831540945263 0.456624465397477 0.455817441673734 0.455675641584599 0.454395735697715
-9999 -9999 -9999 -9999 -9999 -9999 -9999 -9999 -9999 -9999 -9999 -9999 -9999 -9999 -9999 -9999 -9999 -9999 -9999 -9999 0.42928631620953 0.429222902550926 0.382527107370664 0.334847203767335 0.232924421889831 0 0 0 0 0.169779586755389 0.278484687224932 0.302857578720381 0.329826766618058 0.341472060647867 0.350920794020605 0.362807885845389 0.367452192322961 0.362061890202079 0.365031122367745 0.357726976883258 0.336175801459027 0.340479283003287 0.344128019285145 0.346875005787783 0.367451880819689 0.386780574382002 0.406902763883833 0.424460219248239 0.435341697685305 0.443319042867166 0.449541539315749 0.452626804398232 0.453154378282395 0.452159591293482 0.451477626025005 0.450764363644527 0.449737244473058
-9999 -9999 -9999 -9999 -9999 -9999 -9999 -9999 -9999 -9999 -9999 -9999 -9999 -9999 -9999 -9999 -9999 -9999 -9999 -9999 0.420740427697783 0.407905221450451 0.371009097238699 0.346536141662848 0.276496002878856 0.0595763183054691 0 0 0 0.201806578257675 0.27903412631581 0.297220729579158 0.319216346985101 0.338228322234251 0.3481391646061 0.359501345309936 0.364852536793606 0.362344215704673 0.367154166127107 0.361863089786829 0.34188336896403 0.346510312400323 0.356226052506657 0.359341573979784 0.37423020894336 0.392966450675436 0.41011524944791 0.424485525492004 0.433950520576701 0.441673031334209 0.447098257210734 0.449373669574086 0.449566639287346 0.44911125774277 0.448597296891179 0.447985298784991 0.447260232286246
-9999 -9999 -9999 -9999 -9999 -9999 -9999 -9999 -9999 -9999 -9999 -9999 -9999 -9999 -9999 -9999 -9999 -9999 -9999 -9999 0.437738537296195 0.42305902928421 0.396235212623386 0.375586869903002 0.348665696719131 0.222625726779387 0 0 0 0.19544663795302 0.274017377380397 0.267481165245744 0.289532782893445 0.327265336558412 0.343164903688797 0.355269400208838 0.363474979394902 0.368967967067484 0.374593799275195 0.366430314356985 0.351120021309818 0.35766016706833 0.373112097316265 0.383706735023977 0.394095032105086 0.404688971248592 0.416370649801612 0.426342645489051 0.433051521661267 0.439823549679668 0.443433258644803 0.444193051176449 0.444199326976904 0.444238508991985 0.444197067282016 0.444122614791295 0.444031209247154
-9999 -9999 -9999 -9999 -9999 -9999 -9999 -9999 -9999 -9999 -9999 -9999 -9999 -9999 -9999 -9999 -9999 -9999 -9999 -9999 0.454788354246145 0.440141124457554 0.410540038169235 0.373817736479908 0.338052283694645 0.209109593079124 0 0 0.0268065109238802 0.162347117126844 0.252311131647073 0.246961959500287 0.280209022318782 0.31944728702345 0.336832185766903 0.351152546652318 0.359738095102662 0.365688865530826 0.368315316676833 0.358980865379907 0.350285809110009 0.359397091739893 0.373302616188586 0.385086047780913 0.397069394165406 0.406708153148642 0.416048553872035 0.425174745920002 0.430841779889844 0.435107807271185 0.437931971717002 0.438773364950767 0.439531548186617 0.44006479306404 0.440138180348942 0.440521077779096 0.440462615070148
-9999 -9999 -9999 -9999 -9999 -9999 -9999 -9999 -9999 -9999 -9999 -9999 -9999 -9999 -9999 -9999 -9999 -9999 -9999 0.451551885722796 0.44897153928138 0.423446074696693 0.360856696742638 0.301279944808176 0.259777276779894 0.12087979065302 0 0 0 0.120789367723337 0.222637353145528 0.229263413274372 0.270441221769135 0.314513135421629 0.333087077789584 0.348056177498243 0.356998965838875 0.363204281233777 0.359478274152827 0.348224885840577 0.351443852559306 0.364240676907241 0.375180810628953 0.386155945220369 0.397265470304542 0.406364487118466 0.414320604406484 0.422532208587904 0.428356637191207 0.431596465732578 0.433792538153907 0.435111985185972 0.436240189117456 0.437271549837124 0.437602214367505 0.437975333331857 0.438486773301451
-9999 -9999 -9999 -9999 -9999 -9999 -9999 -9999 -9999 -9999 -9999 -9999 -9999 -9999 -9999 -9999 -9999 -9999 -9999 0.422278467771101 0.423169003741326 0.417343292021693 0.37831445911492 0.344079586217367 0.327037788966451 0.163656821744885 0 0 0 0.0814147867279866 0.168863969428204 0.207765390119639 0.27120998883398 0.310069591785723 0.328462210303667 0.343303175704663 0.352082493653441 0.35895669720231 0.35368954346914 0.341204647442789 0.349746782628053 0.366585440479135 0.37576471204329 0.385348793110264 0.395500047712293 0.403615687134098 0.410748716956586 0.418285709711533 0.423357257435205 0.426136100968578 0.428272779010256 0.429647090722418 0.431178375216225 0.432646928209194 0.432903113198855 0.43341050101152 0.434538832446731
-9999 -9999 -9999 -9999 -9999 -9999 -9999 -9999 -9999 -9999 -9999 -9999 -9999 -9999 -9999 -9999 -9999 -9999 -9999 0.409192355894327 0.418763432402377 0.426430071154937 0.410050035629425 0.376533259891602 0.264745065336348 0.0962844959052695 0 0 0.0267432597395394 0.0823004803907433 0.162739211069952 0.196091186707385 0.268114431960028 0.310775567343487 0.325627999521033 0.338039420195158 0.347299466287736 0.354283957988556 0.353321557347918 0.346190006784613 0.352029628811052 0.365526587765919 0.374619610771262 0.383130912199508 0.392777371802489 0.400313474451536 0.40699006875259 0.414458923247844 0.418775998277349 0.421226887214898 0.423318504366775 0.424473780094241 0.426000822649318 0.427726066195447 0.428544957935973 0.429179607430234 0.430434933608226
-9999 -9999 -9999 -9999 -9999 -9999 -9999 -9999 -9999 -9999 -9999 -9999 -9999 -9999 -9999 -9999 -9999 -9999 -9999 0.423315508976719 0.419571962905224 0.421148396907412 0.397511421207335 0.350909198013909 0.227256484330296 0.0521741357976447 0 0 0.0321626966781693 0.116274933221346 0.171442336830848 0.195798340758982 0.259366456966877 0.306910822954344 0.322688337949201 0.33517377024862 0.344266306551643 0.351031126197608 0.355125040314352 0.353685406598629 0.35490000048553 0.363464745668379 0.371916307374529 0.379777816165439 0.388842006392814 0.396337984539666 0.403078540164 0.410294019391551 0.414565350385216 0.416972561629822 0.419265864417299 0.420518911123344 0.421845254904421 0.423493626712111 0.424292351608146 0.424969005406999 0.426691615749429
-9999 -9999 -9999 -9999 -9999 -9999 -9999 -9999 -9999 -9999 -9999 -9999 -9999 -9999 -9999 -9999 -9999 -9999 -9999 0.44789177078223 0.435444697712401 0.40363862982066 0.387406904155824 0.350518195289495 0.242461939440917 0.0952972317798103 0 0 0.0648665510011791 0.150211102528318 0.180527779223474 0.191032912374255 0.23527539299013 0.294326806027522 0.320026151605441 0.33367615723265 0.341243716410234 0.347307659561317 0.353911456196099 0.357414133535557 0.358135023569112 0.36261995423083 0.368555135247306 0.374967616731446 0.38214554095803 0.387620495675754 0.395350672906718 0.403387831307429 0.407656761043987 0.410702437265662 0.413355607188649 0.414839287079606 0.416231898753369 0.417731519769393 0.418656781197613 0.419678687460943 0.421406359632795
-9999 -9999 -9999 -9999 -9999 -9999 -9999 -9999 -9999 -9999 -9999 -9999 -9999 -9999 -9999 -9999 -9999 -9999 -9999 0.438479280940542 0.432283687587943 0.413946441031104 0.384218684116891 0.320978853343837 0.228564877451041 0.108544664829447 0 0 0.106239568502963 0.174284334795807 0.186313737120694 0.188632536151553 0.212666080532549 0.270322613234479 0.315940070193558 0.332555895696888 0.339357348846231 0.344528896279477 0.35051790039607 0.354646808893044 0.355971075965916 0.359229631841343 0.36386546142269 0.368960573899082 0.374628334030587 0.37984494746192 0.388189246857223 0.395914327083289 0.400063687876245 0.403461232857975 0.406580087794625 0.408326649767952 0.410085310339702 0.412142105933443 0.413658289372371 0.414771822718631 0.416137721560994
