layers/veg_krg/veg3200.asc
NCOLS 255 
NROWS 330 
XLLCORNER -2985163.8955 
YLLCORNER -3022031.214 
CELLSIZE 25000 
NODATA_value -9999 
[rows 250 to 274 of 330, columns 57 to 113 of 255]
-9999 -9999 -9999 -9999 -9999 -9999 -9999 -9999 -9999 -9999 -9999 -9999 -9999 -9999 -9999 -9999 0.580853417694567 0.59219252505302 0.608130610279594 0.595913281243055 0.549984835243655 0.480817730200971 0.434187745982411 0.406017852497967 0.390583010695007 0.403454065853659 0.417166774347242 0.423402042506861 0.415848956216731 0.395254565368534 0.393068425667617 0.387410005779723 0.366031472110007 0.359133655787056 0.376311815983717 0.38179388280785 0.380602005241249 0.376048124327298 0.370492831115131 0.363858230223965 0.36730051240022 0.377344003324429 0.382209990543846 0.380772652715727 0.38180012268141 -9999 -9999 -9999 0.32498608735115 0.31592211687688 0.305417122478755 0.294894996698496 0.284035791326453 0.275799131425546 -9999 -9999 -9999
-9999 -9999 -9999 -9999 -9999 -9999 -9999 -9999 -9999 -9999 -9999 -9999 -9999 -9999 -9999 -9999 0.607954096913919 0.608493541232853 0.624411143166542 0.613700294283921 0.58274735046227 0.538256798834652 0.478373647049978 0.445149529461096 0.456522571389538 0.444721644297897 0.433242121613692 0.437928293031013 0.428736376955487 0.417886413258259 0.436430611189283 0.43668840630112 0.414919624463574 0.402931462849624 0.396267447750786 0.387072149821718 0.367438179834557 0.345002274815128 0.330253478189451 0.318548745050703 0.332794876550252 0.360714678063366 0.380305147744094 0.387376063215848 0.387035100190656 0.388878417556281 -9999 -9999 -9999 -9999 -9999 -9999 -9999 -9999 -9999 -9999 -9999
-9999 -9999 -9999 -9999 -9999 -9999 -9999 -9999 -9999 -9999 -9999 -9999 -9999 -9999 -9999 -9999 0.620184056710633 0.627279268982415 0.635063832195724 0.627736908856882 0.601027564459975 0.565640312501454 0.492716240501545 0.423820545633959 0.439292943744816 0.462199110481379 0.45674897961461 0.446182886204811 0.441551426010298 0.437553901246303 0.448506946239665 0.450118784119628 0.435608032571553 0.419607931298232 0.402808512790754 0.384831031192962 0.366588540237387 0.349819694868717 0.326943974442454 0.308435930934791 0.329398279701217 0.367321513802629 0.388011907890756 0.393381569927005 0.395301589873037 0.398561185789336 -9999 -9999 -9999 -9999 -9999 -9999 -9999 -9999 -9999 -9999 -9999
-9999 -9999 -9999 -9999 -9999 -9999 -9999 -9999 -9999 -9999 -9999 -9999 -9999 -9999 -9999 -9999 0.641958759540921 0.639078199310598 0.64708839243669 0.645504703500711 0.607029365824548 0.569226657761467 0.559761192044035 0.532913589985934 0.465563527731305 0.43351613788306 0.466271932609801 0.444321177623211 0.432571422080354 0.443765100282987 0.450986266690275 0.445337889156121 0.435221897187062 0.424168641635377 0.405228816053554 0.390707298132655 0.37492089813359 0.356582051515734 0.338834475066726 0.330377791334528 0.351978382687728 0.384730150185818 0.400724224863362 0.400207340095581 0.401514658438433 0.408281722327118 -9999 -9999 -9999 -9999 -9999 -9999 -9999 -9999 -9999 -9999 -9999
-9999 -9999 -9999 -9999 -9999 -9999 -9999 -9999 -9999 -9999 -9999 -9999 -9999 -9999 -9999 -9999 0.67565885487156 0.671343570770603 0.671793450247689 0.661056621835878 0.643007088195727 0.622516519570875 0.59892323828637 0.586268154869946 0.551245255245973 0.50032433149961 0.503277398397214 0.50027574849197 0.475359999028545 0.455614001722854 0.442631798653511 0.429547290343828 0.413968361090599 0.421593109646327 0.406574496677912 0.394128319672634 0.392267662581654 0.387430992539734 0.399956542425006 0.400431110200111 0.397319369638124 0.404042134345867 0.409682302271739 0.41262290263639 0.41565275608141 0.424182327319686 -9999 -9999 -9999 -9999 -9999 -9999 -9999 -9999 -9999 -9999 -9999
-9999 -9999 -9999 -9999 -9999 -9999 -9999 -9999 -9999 -9999 -9999 -9999 -9999 -9999 -9999 -9999 0.698838478350618 0.694387241613242 0.691420176527497 0.644688590168023 0.632478090880294 0.624179549300321 0.626199072490546 0.623358508440876 0.591469179707445 0.564352845349273 0.564578692353499 0.551493944830904 0.536242567734281 0.507222590552743 0.477087908582685 0.449177021046192 0.414165088618622 0.395811229266064 0.385912100893948 0.385316963594824 0.385535671522644 0.389099914461696 0.419150205294547 0.433639048259089 0.429020295298692 0.426567429448384 0.433328381010324 0.436128119752898 0.439322425274261 0.443428697131714 0.443472647665894 -9999 -9999 0.417968261332163 0.411737927074485 -9999 -9999 -9999 -9999 -9999 -9999
-9999 -9999 -9999 -9999 -9999 -9999 -9999 -9999 -9999 -9999 -9999 -9999 -9999 -9999 -9999 0.682574812897304 0.698573603985374 0.712349205933889 -9999 0.67297558578387 0.677732793467965 0.653491124642161 0.596007277557607 0.603754501142376 0.612601103340887 0.601474410718703 0.596192762544829 0.576686802707699 0.554155524115375 0.532588711756821 0.50536548994414 0.462137679856008 0.416133141351432 0.390486523991104 0.379485030939735 0.392622219731163 0.406126020724627 0.416860672759984 0.440425544723202 0.450492552595964 0.445888163438059 0.444131257126579 0.449792165042379 0.451562252218723 0.452208392031395 0.451017701833631 0.444654312563821 0.43952947640884 0.43291594078012 0.425002256392605 0.426263592474312 -9999 -9999 -9999 -9999 -9999 -9999
-9999 -9999 -9999 -9999 -9999 -9999 -9999 -9999 -9999 -9999 -9999 -9999 -9999 -9999 -9999 0.642917447280284 0.669519152835896 0.711482930303088 0.724135260746575 -9999 0.698030214977578 0.639040552927139 0.576546413624561 0.611594612886859 0.651902075555626 0.638095208897981 0.624798371237957 0.614204299522338 0.57459180290115 0.549821987793632 0.548283633421846 0.518612805036285 0.483410902617663 0.456373121529193 0.449734954938835 0.443626765163477 0.429368809894955 0.436180989084495 0.464169557873535 0.483718475309068 0.480758195648151 0.477052679838135 0.479766613218759 0.476208127907092 0.469950636401355 0.464809061656455 0.456314869764313 0.443837270219265 0.440250936243849 0.441852106698468 0.443596657780041 -9999 -9999 -9999 -9999 -9999 -9999
-9999 -9999 -9999 -9999 -9999 -9999 -9999 -9999 -9999 -9999 -9999 -9999 -9999 -9999 -9999 0.651810392086127 0.674988692242688 0.714009629578843 -9999 -9999 0.684729805303761 0.71248412659997 0.679369220038068 0.642436614276526 0.673242831220485 0.639623807431508 0.62755041477932 0.641695736461014 0.612545601293155 0.593038064367691 0.58602005242533 0.548300679138739 0.500102655646704 0.459632323945535 0.460297751381296 0.456012533882588 0.449508071875916 0.463139391037339 0.500221661559761 0.534689556577087 0.524416593417944 0.509055103133339 0.502452955150421 0.494692838067895 0.484229696315745 0.484102975601915 0.484628182502296 0.476688810058266 0.466403706244664 0.454849420152334 0.455203206087109 -9999 -9999 -9999 -9999 -9999 -9999
-9999 -9999 -9999 -9999 -9999 -9999 -9999 -9999 -9999 -9999 -9999 -9999 -9999 -9999 -9999 0.694983943066655 0.700017267766012 0.725677045446017 -9999 0.69152065414736 0.675419517179698 0.645560453868124 0.613309590253102 0.610019448748266 0.621860808079782 0.622429178156637 0.626288309555903 0.631144513304875 0.600642876840371 0.584573088128332 0.591796264137974 0.562628784468097 0.527402597580088 0.517404893399568 0.48850998063002 0.477955963037787 0.498452771742385 0.51619002027758 0.542523530439363 0.553804112195124 0.54180206314265 0.522983023023619 0.509741594120134 0.501566945072991 0.496524317869826 0.494489616221077 0.486194708693778 0.477827656569472 0.476231727743514 -9999 -9999 -9999 -9999 -9999 -9999 -9999 -9999
-9999 -9999 -9999 -9999 -9999 -9999 -9999 -9999 -9999 -9999 -9999 -9999 -9999 -9999 -9999 0.738794031564557 0.736912779625116 0.734235244821189 -9999 0.723769948351603 0.708899553117621 0.670955989423902 0.641674283053007 0.635683524896196 0.655202433768213 0.670516700801828 0.654822060074598 0.661649599992798 0.638386887981714 0.586649576639974 0.55602761524021 0.56270106538312 0.565090066598214 0.552118948735614 0.53886794820007 0.535225855605012 0.552247833553907 0.559889723316688 0.564112365497934 0.556563680218513 0.54366421757551 0.528357361020083 0.519761985820594 0.514574018267777 0.511228763342887 0.507190732347006 0.501653040657337 0.499711783740835 -9999 -9999 -9999 -9999 -9999 -9999 -9999 -9999 -9999
-9999 -9999 -9999 -9999 -9999 -9999 -9999 -9999 -9999 -9999 -9999 -9999 -9999 -9999 -9999 0.7391854807063 0.737100446606621 0.738635082658178 -9999 0.743490825704516 0.720421801390643 0.687816427488125 0.657170762731688 0.626006109840393 0.654203757567454 0.68718979929486 0.640157784746564 0.629936990035548 0.635505797571693 0.607855139388071 0.587077606166644 0.583674600276519 0.576599044303958 0.56266430956064 0.584616186975363 0.588629098692842 0.58062058281866 0.569067691722916 0.558868886134818 0.552495022366485 0.545753402633951 0.539860651103965 0.538977635738673 0.525015052546812 0.507386179660701 0.504814457363334 -9999 -9999 -9999 -9999 -9999 -9999 -9999 -9999 -9999 -9999 -9999
-9999 -9999 -9999 -9999 -9999 -9999 -9999 -9999 -9999 -9999 -9999 -9999 -9999 -9999 -9999 -9999 0.745427298317179 0.747426496933616 -9999 0.763415094975612 0.71330675987484 0.70448549143513 0.717568658104135 0.643285252545131 0.65221300781128 0.668096351130068 0.639491648183558 0.643082333743792 0.637362654370172 0.61714662008607 0.60821957907527 0.592069627382782 0.577764740577824 0.573541416102015 0.592243749901055 0.597131021608236 0.584645579366529 0.569121293640762 0.560939361040105 0.554805261011018 0.549666942734971 0.547636349441585 0.542039035559142 0.52349853869481 0.523731852845483 -9999 -9999 -9999 -9999 -9999 -9999 -9999 -9999 -9999 -9999 -9999 -9999
-9999 -9999 -9999 -9999 -9999 -9999 -9999 -9999 -9999 -9999 -9999 -9999 -9999 -9999 -9999 -9999 -9999 -9999 -9999 0.76965998621735 0.727327650991283 0.705964925937523 0.714015410265148 0.682198524851215 0.66861814924592 0.66142349959441 0.653721568720256 0.646087715052373 0.647266440601003 0.633963956915913 0.630896592832273 0.617735403616248 0.614931019327737 0.630641068803032 0.62144262265793 0.608332455815022 0.596539646185239 0.58714792207368 0.575257855942284 0.561698374130149 0.555020099363474 0.544210089969196 0.531691633091618 0.524741181789515 0.527360257146682 0.53780108658153 -9999 -9999 -9999 -9999 -9999 -9999 -9999 -9999 -9999 -9999 -9999
-9999 -9999 -9999 -9999 -9999 -9999 -9999 -9999 -9999 -9999 -9999 -9999 -9999 -9999 -9999 -9999 -9999 -9999 -9999 0.768260150257937 0.759949165762668 0.734756957633869 0.693531760415555 0.643747696812869 0.6517826818658 0.674018919870072 0.665172007046813 0.663020587935345 0.655559854817029 0.631842788846485 0.631224216057798 0.626161876693438 0.623127300462675 0.633383722482034 0.619945871753942 0.597852958731284 0.589791839136387 0.591801256281677 0.588040919988766 0.577954175611276 0.565580915291526 0.55156076810085 0.537017081640763 0.530818050631396 0.536702586911118 0.54969671034091 -9999 -9999 -9999 -9999 -9999 -9999 -9999 -9999 -9999 -9999 -9999
-9999 -9999 -9999 -9999 -9999 -9999 -9999 -9999 -9999 -9999 -9999 -9999 -9999 -9999 -9999 -9999 -9999 -9999 -9999 0.75341739711743 0.743697368868384 0.771227837922819 0.756209959379157 0.698314978474987 0.703262850730493 0.697433161472157 0.700257730721259 0.69665724035755 0.673771475993415 0.643992201241436 0.618840701415784 0.609148739342376 0.617711507480079 0.62744784637748 0.613535076593258 0.593578644765151 0.590558269201029 0.591280498272337 0.587889788933593 0.575360992726657 0.56350533676846 0.547820476900286 0.5392515907587 0.536047744542839 0.543940160097992 0.555560300171151 -9999 -9999 -9999 -9999 -9999 -9999 -9999 -9999 -9999 -9999 -9999
-9999 -9999 -9999 -9999 -9999 -9999 -9999 -9999 -9999 -9999 -9999 -9999 -9999 -9999 -9999 -9999 -9999 0.80065138661765 0.790507495749973 0.773316398854306 0.752457835487514 0.735771186259477 0.737749603182199 0.720453282920752 0.738007400646262 0.759976232230992 0.727866366542315 0.717010358955777 0.710062914409697 0.683358349804021 0.659193507308796 0.631861007649888 0.629058670947991 0.637150658569422 0.608898890236573 0.600320572669682 0.611045774415925 0.608419505335171 0.596292449214296 0.584972079801534 0.571092779533213 0.552543062475983 0.549160123457124 0.554974241636152 0.565813687916705 -9999 -9999 -9999 -9999 -9999 -9999 -9999 -9999 -9999 -9999 -9999 -9999
-9999 -9999 -9999 -9999 -9999 -9999 -9999 -9999 -9999 -9999 -9999 -9999 -9999 -9999 -9999 -9999 -9999 0.800091731380272 0.806309390537621 0.80578904858708 0.779302433973805 0.765511784856134 0.766781513930798 0.758036827358989 0.765875966408577 0.755535697285339 0.736733466901546 0.738527024286078 0.73119494087468 0.709434891588127 0.677327579801705 0.64048515161235 0.640599390290612 0.656658470276408 0.643914313662571 0.632622209550091 0.62100973633829 0.610016204246859 0.601291328268304 0.584271839459987 0.569377141463385 0.579804003417705 0.58785967297923 0.585854338963276 0.585043687942696 -9999 -9999 -9999 -9999 -9999 -9999 -9999 -9999 -9999 -9999 -9999 -9999
-9999 -9999 -9999 -9999 -9999 -9999 -9999 -9999 -9999 -9999 -9999 -9999 -9999 -9999 -9999 -9999 -9999 0.780543541996557 0.807971797224305 0.803240491965914 0.764730945596713 0.74416046141452 0.747037098667829 0.762982018239466 0.764034654168736 0.737754083671555 0.708839583845568 0.726637203852515 0.734527296847993 0.707648713030028 0.671714481405338 0.64728474649846 0.650867384085417 0.655604567202127 0.644636029260276 0.636531734433176 0.617200731039208 0.603981042835445 0.599651321258282 0.581679854213842 0.578182336701805 0.597860927623468 0.597787745539965 0.588027878002398 0.580231984789942 -9999 -9999 -9999 -9999 -9999 -9999 -9999 -9999 -9999 -9999 -9999 -9999
-9999 -9999 -9999 -9999 -9999 -9999 -9999 -9999 -9999 -9999 -9999 -9999 -9999 -9999 0.776819457066126 -9999 0.778494247494323 0.794061896532314 0.813554045663526 0.774041551591725 0.762681415758286 0.74471436553536 0.740953945790818 0.749194873902532 0.758005114479222 0.753212305043595 0.741850744265943 0.738154657130701 0.728192694920382 0.711996264728901 0.693719872540599 0.665537638319311 0.656857032345731 0.657928466545955 0.638419517808837 0.622134749518395 0.608703963831592 0.607309682830706 0.596116548889508 0.592214069194678 0.607554145695821 0.615732906864791 -9999 -9999 -9999 -9999 -9999 -9999 -9999 -9999 -9999 -9999 -9999 -9999 -9999 -9999 -9999
-9999 -9999 -9999 -9999 -9999 -9999 -9999 -9999 -9999 -9999 -9999 -9999 -9999 -9999 -9999 -9999 0.790571515830741 0.792427778111148 0.790655605534149 0.790653035583375 0.757105614174173 0.725142874347195 0.722830931578355 0.721773038172351 0.750424217870779 0.769346102680334 0.73837477115501 0.727818895218582 0.721016447658337 0.712692534517292 0.699360913101408 0.670329244065338 0.662506415114402 0.67442196374253 0.658723352084666 0.637947519181915 0.620507670230556 0.597039572297811 0.596764837404599 0.615063286648417 -9999 -9999 -9999 -9999 -9999 -9999 -9999 -9999 -9999 -9999 -9999 -9999 -9999 -9999 -9999 -9999 -9999
-9999 -9999 -9999 -9999 -9999 -9999 -9999 -9999 -9999 -9999 -9999 -9999 -9999 -9999 -9999 -9999 0.773128003971674 0.785857671839322 -9999 0.802383077768099 0.786511710784493 0.755438374214646 0.760316320910627 0.743622393782459 0.72232672814248 0.723307079283618 0.722652267206144 0.722034961302014 0.719997467892328 0.708449876424842 0.695416864944858 0.669882451716051 0.661652581262387 0.676834224764914 0.659379969556652 0.629951496041692 0.597535727025687 0.584611768342669 0.596712678144622 -9999 -9999 -9999 -9999 -9999 -9999 -9999 -9999 -9999 -9999 -9999 -9999 -9999 -9999 -9999 -9999 -9999 -9999
-9999 -9999 -9999 -9999 -9999 -9999 -9999 -9999 -9999 -9999 -9999 -9999 -9999 -9999 -9999 -9999 0.780433712771697 0.794420247315814 -9999 0.768710140839203 0.759786836319768 0.751296952758318 0.753302671123272 0.758811740495175 0.738046348764843 0.709567985517872 0.705501507333676 0.708131413511344 0.707916280734556 0.700103398944035 0.688566180726075 0.670032230124325 0.658320569848837 0.657560850128279 0.640221241287536 0.608987720191775 0.594514845802378 0.606905668749939 0.622442999774699 -9999 -9999 -9999 -9999 -9999 -9999 -9999 -9999 -9999 -9999 -9999 -9999 -9999 -9999 -9999 -9999 -9999 -9999
-9999 -9999 -9999 -9999 -9999 -9999 -9999 -9999 -9999 -9999 -9999 -9999 -9999 -9999 0.790914405944863 0.764365425675132 0.763086136057966 0.771062407335578 -9999 0.807952032950355 0.73797687556808 0.686452693989165 0.685995005838137 0.660003475930121 0.652996857066672 0.690769338642483 0.68300636843195 0.680521142043704 0.683532398122334 0.677951343025251 0.671446060021066 0.665643235554206 0.659039839711317 0.643237931608691 0.622359598321476 0.630854422337814 0.646325336953259 0.639080133168891 0.635281926078892 -9999 -9999 -9999 -9999 -9999 -9999 -9999 -9999 -9999 -9999 -9999 -9999 -9999 -9999 -9999 -9999 -9999 -9999
-9999 -9999 -9999 -9999 -9999 -9999 -9999 -9999 -9999 -9999 -9999 -9999 -9999 0.801593968812843 0.790591245622324 0.76508107039244 0.752617912137488 0.780917983571065 0.822773701804979 0.789074921267061 0.716051317683492 0.72201607028866 0.721302900367845 0.661135381681838 0.644174357989338 0.64733453307574 0.659878101548958 0.668078069953723 0.673986859274312 0.671743438401244 0.661419430457259 0.652669678887867 0.649019225069146 0.637482179935625 0.627467278832181 0.643093413754324 0.649238006834389 0.638328910935431 0.623879614835938 -9999 -9999 -9999 -9999 -9999 -9999 -9999 -9999 -9999 -9999 -9999 -9999 -9999 -9999 -9999 -9999 -9999 -9999
