layers/veg_krg/veg4700.asc
NCOLS 255 
NROWS 330 
XLLCORNER -2985163.8955 
YLLCORNER -3022031.214 
CELLSIZE 25000 
NODATA_value -9999 
[rows 25 to 49 of 330, columns 112 to 167 of 255]
0.487520273548022 0.490367192064817 0.493466203666829 0.49490928506086 -9999 -9999 -9999 -9999 -9999 -9999 -9999 -9999 -9999 -9999 -9999 -9999 -9999 -9999 -9999 -9999 -9999 -9999 -9999 -9999 -9999 -9999 -9999 -9999 -9999 -9999 -9999 -9999 -9999 -9999 -9999 -9999 -9999 -9999 -9999 -9999 -9999 -9999 -9999 -9999 -9999 -9999 -9999 -9999 -9999 -9999 -9999 -9999 -9999 -9999 -9999 -9999
0.481570904084246 0.484994682506031 0.487457629955726 0.491372591751161 0.49519254344575 0.498150587029874 0.503269546281994 -9999 -9999 -9999 -9999 -9999 -9999 -9999 -9999 -9999 -9999 -9999 -9999 -9999 -9999 -9999 -9999 -9999 -9999 -9999 -9999 -9999 -9999 -9999 -9999 -9999 -9999 -9999 -9999 -9999 -9999 -9999 -9999 -9999 -9999 -9999 -9999 -9999 -9999 -9999 -9999 -9999 -9999 -9999 -9999 -9999 -9999 -9999 -9999 -9999
0.470018973821866 0.474335994953927 0.481662719986771 0.48762372657904 0.493036841545055 0.497938261231311 0.503067058869904 0.508638653901818 0.514029826023195 -9999 -9999 -9999 -9999 -9999 -9999 -9999 -9999 -9999 -9999 -9999 -9999 -9999 -9999 -9999 -9999 -9999 -9999 -9999 -9999 -9999 -9999 -9999 -9999 -9999 -9999 -9999 -9999 -9999 -9999 -9999 -9999 -9999 -9999 -9999 -9999 -9999 -9999 -9999 -9999 -9999 -9999 -9999 -9999 -9999 -9999 -9999
0.45220959188451 0.473378951302062 0.478947337075886 0.483564942303197 0.489745796277662 0.495052071684108 0.500408101919951 0.507146593893506 0.513695386636512 0.517533018329523 0.520974345032179 -9999 -9999 -9999 -9999 -9999 -9999 -9999 -9999 -9999 -9999 -9999 -9999 -9999 -9999 -9999 -9999 -9999 -9999 -9999 -9999 -9999 -9999 -9999 -9999 -9999 -9999 -9999 -9999 -9999 -9999 -9999 -9999 -9999 -9999 -9999 -9999 -9999 -9999 -9999 -9999 -9999 -9999 -9999 -9999 -9999
0.450529396177642 0.462245192840762 0.466607177555648 0.473477655686312 0.481017796777409 0.486551835486486 0.493353480656842 0.502742928066521 0.51010245472115 0.515222104118623 0.520878225296778 0.527702599357022 0.534894601811812 -9999 -9999 -9999 -9999 -9999 -9999 -9999 -9999 -9999 -9999 -9999 -9999 -9999 -9999 -9999 -9999 -9999 -9999 -9999 -9999 -9999 -9999 -9999 -9999 -9999 -9999 -9999 -9999 -9999 -9999 -9999 -9999 -9999 -9999 -9999 -9999 -9999 -9999 -9999 -9999 -9999 -9999 -9999
0.423172367824415 0.445280865214462 0.456860649142033 0.462969510989129 0.471009251677848 0.479444504843722 0.487928905140219 0.498428914633021 0.506995877598607 0.513163012809547 0.519671847175509 0.527324038800103 0.534643135866151 0.54069996478273 -9999 -9999 -9999 -9999 -9999 -9999 -9999 -9999 -9999 -9999 -9999 -9999 -9999 -9999 -9999 -9999 -9999 -9999 -9999 -9999 -9999 -9999 -9999 -9999 -9999 -9999 -9999 -9999 -9999 -9999 -9999 -9999 -9999 -9999 -9999 -9999 -9999 -9999 -9999 -9999 -9999 -9999
0.42772040432527 0.442603990536346 0.449010976575102 0.456216303448813 0.465635558621747 0.476430111080219 0.485765569679097 0.495582204670356 0.504331921239656 0.509588672401032 0.516524687050868 0.524725708473895 0.532036562825078 0.539501651285917 0.543922334745936 -9999 -9999 -9999 -9999 -9999 -9999 -9999 -9999 -9999 -9999 -9999 -9999 -9999 -9999 -9999 -9999 -9999 -9999 -9999 -9999 -9999 -9999 -9999 -9999 -9999 -9999 -9999 -9999 -9999 -9999 -9999 -9999 -9999 -9999 -9999 -9999 -9999 -9999 -9999 -9999 -9999
0.438546039911698 0.44460627673427 0.449786592527014 0.453225467622244 0.460911700732619 0.471103319673327 0.479676031469401 0.49004950036482 0.498815953470571 0.504445523037602 0.510168052333158 0.52056291521051 0.530525395229959 0.539169337288432 0.544881515529441 -9999 -9999 -9999 -9999 -9999 -9999 -9999 -9999 -9999 -9999 -9999 -9999 -9999 -9999 -9999 -9999 -9999 -9999 -9999 -9999 -9999 -9999 -9999 -9999 -9999 -9999 -9999 -9999 -9999 -9999 -9999 -9999 -9999 -9999 -9999 -9999 -9999 -9999 -9999 -9999 -9999
0.438409406258755 0.446282890132131 0.452163403443876 0.456785447309703 0.463675189841687 0.471827950052358 0.477654137143418 0.485252267811846 0.494189085129019 0.500779497877921 0.506334284996165 0.517265296454933 0.527822320197789 0.536571472061347 0.549657028514534 0.559897107456604 -9999 -9999 -9999 -9999 -9999 -9999 -9999 -9999 -9999 -9999 -9999 -9999 -9999 -9999 -9999 -9999 -9999 -9999 -9999 -9999 -9999 -9999 -9999 -9999 -9999 -9999 -9999 -9999 -9999 -9999 -9999 -9999 -9999 -9999 -9999 -9999 -9999 -9999 -9999 -9999
0.439904460368808 0.445202289710165 0.447320083606477 0.452372649622268 0.460972274225085 0.46932695442781 0.478899916308282 0.485619550507056 0.49381284605658 0.502598520231621 0.508572065917023 0.518309115970798 0.527889742658359 0.535767076342382 0.547982021340723 0.559815060430818 0.567849237105779 0.57793771382916 -9999 -9999 -9999 -9999 -9999 -9999 -9999 -9999 -9999 -9999 -9999 -9999 -9999 -9999 -9999 -9999 -9999 -9999 -9999 -9999 -9999 -9999 -9999 -9999 -9999 -9999 -9999 -9999 -9999 -9999 -9999 -9999 -9999 -9999 -9999 -9999 -9999 -9999
0.438008569963722 0.430241271116729 0.407626246473643 0.406220461491667 0.438306911166945 0.464895881019726 0.476171130612455 0.484680775757782 0.494402613707355 0.500903331218854 0.508377902642631 0.519182431701322 0.526494266746281 0.535883060459055 0.549372290980959 0.558958547546606 0.568273057502259 0.578024261377473 0.587056033480584 0.594096704882303 -9999 -9999 -9999 -9999 -9999 -9999 -9999 -9999 -9999 -9999 -9999 -9999 -9999 -9999 -9999 -9999 -9999 -9999 -9999 -9999 -9999 -9999 -9999 -9999 -9999 -9999 -9999 -9999 -9999 -9999 -9999 -9999 -9999 -9999 -9999 -9999
0.436722305169598 0.405738271058375 0.372996307558742 0.380976591027764 0.412370727834116 0.455755176701615 0.480761614546677 0.488584107335013 0.495012482924197 0.501223713428614 0.508743286194822 0.519895507560198 0.529641560239385 0.539551523561816 0.54958215664664 0.558506748287119 0.568287196543385 0.578947955323673 0.58774074114089 0.59432225287833 0.598739184002609 -9999 -9999 -9999 -9999 -9999 -9999 -9999 -9999 -9999 -9999 -9999 -9999 -9999 -9999 -9999 -9999 -9999 -9999 -9999 -9999 -9999 -9999 -9999 -9999 -9999 -9999 -9999 -9999 -9999 -9999 -9999 -9999 -9999 -9999 -9999
0.419173676829348 0.385906798650805 0.359839931723617 0.37496434489313 0.399743946203034 0.428925071071351 0.467307695944179 0.484865859216792 0.489248815579262 0.498719896508741 0.508509851086473 0.521084731713472 0.53107356862946 0.539508449378751 0.549881345577976 0.558879935448483 0.568410907969798 0.579852650574188 0.589242653707991 0.596832144222849 0.608399035235605 0.618437964502099 0.625870257708247 0.635656627603395 0.64441472087353 0.652665990434023 0.662172660111422 0.670561501540215 0.678610454077235 0.688019923692797 0.696418425753083 0.703209373677094 0.711137376925502 0.718703495200888 0.72379388959916 -9999 -9999 -9999 -9999 -9999 -9999 -9999 -9999 -9999 -9999 -9999 -9999 -9999 -9999 -9999 -9999 -9999 -9999 -9999 -9999 -9999
0.316472680787827 0.34038949151921 0.36247039728713 0.383304614345435 0.413936819547355 0.428234573189623 0.432720595272149 0.458334314734684 0.488665492314664 0.502972610164181 0.514753849557621 0.524224817280687 0.531754952716362 0.541673024944805 0.553866945104173 0.56183437776223 0.570171411833173 0.582136332347854 0.591748419325421 0.599766611980596 0.610074512506864 0.618553714194872 0.6260716655888 0.635887529913713 0.644677905906369 0.652929797629383 0.662415149884898 0.670756718492345 0.678804501723843 0.688266428981808 0.696659174920382 0.703541343488013 0.711507060766943 0.719021323200341 0.724229819664027 0.732078708518715 0.741279257378771 -9999 -9999 -9999 -9999 -9999 -9999 -9999 -9999 -9999 -9999 -9999 -9999 -9999 -9999 -9999 -9999 -9999 -9999 -9999
0.3158035353854 0.331424937311066 0.346299994497455 0.393224242865813 0.426935648211677 0.426247223654171 0.415974205126049 0.433996239152502 0.47604885749092 0.503981565927098 0.518023176335694 0.528411194779953 0.536419459065389 0.54578356414224 0.55719251506808 0.564992471299819 0.572240574101566 0.583601298040412 0.59227055344888 0.601125387334451 0.611625196968627 0.619934619930535 0.628217347730504 0.63839426746535 0.647511802238534 0.655789341531018 0.665097610056022 0.672977550121584 0.680996064499259 0.690976167953132 0.699303452724363 0.707081824823373 0.715445413262636 0.722389444889442 0.728739469606084 0.735918548398453 0.741436321523683 0.74738926727603 -9999 -9999 -9999 -9999 -9999 -9999 -9999 -9999 -9999 -9999 -9999 -9999 -9999 -9999 -9999 -9999 -9999 -9999
0.331629123672271 0.336969842048973 0.336122589204202 0.373809554152212 0.416850119620548 0.426451531196676 0.413111744709947 0.422395037130503 0.453728889720806 0.477545662116391 0.504862142042851 0.527916121725066 0.540410926429466 0.549168964647107 0.557166442652342 0.564955855943617 0.574270511968702 0.584633890639474 0.593063760873729 0.602070054391185 0.613628998822654 0.622225258994993 0.629717465705855 0.640614594403743 0.649806543751338 0.658263861371265 0.668036012160869 0.675813132872702 0.683673475314363 0.693839916421962 0.702179416114845 0.710057973372993 0.718509233807469 0.724969495197631 0.731104675017416 0.738526427175369 0.74321466112158 0.747997875511941 0.755610639371941 0.761923894444315 0.767020443206474 -9999 -9999 -9999 -9999 -9999 -9999 -9999 -9999 -9999 -9999 -9999 -9999 -9999 -9999 -9999
0.360530516381579 0.356041785690846 0.359484430305665 0.346568137686343 0.362537755118271 0.385491595899817 0.38079703019021 0.417630158580941 0.447033765023232 0.46481458544188 0.480917724406594 0.50896941081912 0.541534817422585 0.552194089209412 0.55953190153899 0.569072700781959 0.576556500787754 0.585479130486019 0.594326815748603 0.603795890173563 0.614251169473162 0.621650401913327 0.629162890310957 0.640127722660681 0.649400178851424 0.657905827849357 0.668991504306508 0.67547514998221 0.68322032772191 0.694853146941691 0.704621661727692 0.713786250832923 0.72071401721105 0.728283907847061 0.734142840707287 0.739996837905523 0.746237191162666 0.751714908303361 0.757506089323179 0.762182309580955 0.767196304215046 0.77433002122113 -9999 -9999 -9999 -9999 -9999 -9999 -9999 -9999 -9999 -9999 -9999 -9999 -9999 -9999
0.378789826570002 0.372052367288348 0.370006707433876 0.374448524385825 0.395240451994663 0.407204212158141 0.403854031990726 0.419654239170174 0.437643015057992 0.444128247580472 0.471991814365375 0.52194941906339 0.546581641175616 0.555252547653508 0.559164363359606 0.566556823538598 0.579009802875501 0.587498938220114 0.595045342948007 0.602097470923501 0.611393970129053 0.621161493972004 0.627710078471896 0.637532684060225 0.649690853955969 0.659703438871975 0.67029226245055 0.678514066786 0.683975247428484 0.693070279764294 0.707163989292905 0.715463062972394 0.723390563024573 0.732160740723812 0.733313655224102 0.741455992955604 0.753801700242751 0.757583728202319 0.760723091614937 0.765055311320515 0.769445842709671 0.774692833836366 0.780589802322783 0.781249396567793 -9999 -9999 -9999 -9999 -9999 -9999 -9999 -9999 -9999 -9999 -9999 -9999
0.37712053374705 0.380503294027114 0.379983559358052 0.381827905842166 0.410612887832942 0.428590003532149 0.442143183695101 0.455673396597769 0.461448491626345 0.469514595039883 0.497666083927639 0.535061639869742 0.551437404497093 0.557670550793128 0.556347651706935 0.562106435416961 0.579746545318243 0.588988935296444 0.596021862177062 0.60123259553631 0.607628389998948 0.609648477201354 0.60960430880261 0.629718212631313 0.651613739494448 0.65943148123523 0.667606082846177 0.674368869868774 0.684736141115948 0.699943752547585 0.711190053994384 0.719215151623473 0.726186488171971 0.729569265461415 0.731655743929034 0.742554712712174 0.75410574900529 0.759651674946779 0.763297067306193 0.768431939877577 0.774614886558535 0.778178963483948 0.780175743133885 0.781251264643398 0.783629522813542 0.787876471845174 -9999 -9999 -9999 -9999 -9999 -9999 -9999 -9999 -9999 -9999
0.422465967176454 0.438035614710369 0.444947731171273 0.451566344980603 0.465834667207865 0.472766974967547 0.472151963878931 0.480681931574358 0.487096475209996 0.479273819427718 0.495180828126758 0.533800656697146 0.555815200785658 0.559667565977414 0.565300133781483 0.57418737380595 0.581850003197637 0.590997913394013 0.597633796164872 0.603355970785816 0.605279098920914 0.605927647401671 0.618541898917635 0.638217886666128 0.650854637239728 0.657007553830162 0.666724636955604 0.676738196859658 0.688175006693384 0.702538073636547 0.711064530899733 0.715903194709534 0.727030508632107 0.738736036546648 0.744673350372784 0.751679119815576 0.758903303510513 0.763593628822609 0.766856393759485 0.770208284416334 0.775660994899607 0.782358880282083 0.783474047310167 0.78206510340628 0.785239506604033 0.788119664608574 0.786367203880338 -9999 -9999 -9999 -9999 -9999 -9999 -9999 -9999 -9999
0.477698879657839 0.496814318122331 0.50456332724388 0.508919251263715 0.515247400184379 0.51274552388676 0.500931384620034 0.505624897025343 0.520750341156857 0.519689719432419 0.514738583061262 0.534564288460629 0.560353834323455 0.564024976910815 0.571009990866445 0.577443830546727 0.584015272425286 0.592812667295426 0.599678110329441 0.603125484332624 0.605507636798505 0.606469609225754 0.618828827906579 0.641120967849507 0.650095136387925 0.65281938391041 0.662384401261593 0.677845481095234 0.69012999641435 0.704139484556637 0.708768644347136 0.708458200570333 0.722277749814036 0.741040866315903 0.748171472324195 0.755409055008549 0.760407322801964 0.76444742323201 0.767348517565136 0.769095239991454 0.776820104438826 0.785312019431635 0.78980687110705 0.789939800814659 0.789806228519657 0.79025144779479 0.787933064842446 0.784526576492501 -9999 -9999 -9999 -9999 -9999 -9999 -9999 -9999
0.50310357915598 0.510519757670788 0.515054676175309 0.51885942506598 0.523765591686694 0.526081430188079 0.511718965823689 0.512799393487034 0.538775397006369 0.544651549161216 0.544280874589331 0.551431647530897 0.562850711291838 0.567586924452051 0.574210136325668 0.579349166865205 0.585569862206375 0.594204073824437 0.600140415783199 0.604042283707957 0.601488318945863 0.606486772672079 0.62154728509269 0.634707899921536 0.646658682571678 0.652785993048849 0.667380379092997 0.681176695185329 0.69173858261134 0.699627134279479 0.708663285646727 0.721851415009864 0.734017155074812 0.744236911632257 0.747627959098274 0.751091602390183 0.757375430388422 0.762948174084606 0.765798025166625 0.767522921609269 0.777979107263039 0.783380843333884 0.787200194755106 0.790051540206508 0.789421919329469 0.788143385370055 0.788164066563541 0.786279672801163 0.784927873507083 -9999 -9999 -9999 -9999 -9999 -9999 -9999
0.516274391994701 0.522067620102262 0.525000035550965 0.528276995036057 0.532750652192594 0.536020388009016 0.539431239298351 0.544756570756688 0.548830839504478 0.551283034908271 0.555054273112801 0.559484855172769 0.564579014509917 0.569543714662728 0.575510030641282 0.582265379518153 0.587565833806154 0.596290470228005 0.601127334836547 0.60225010238414 0.606669533185156 0.609922730060092 0.614383467489579 0.623323003152491 0.629911579587927 0.641271626304099 0.663093894606472 0.680348164215949 0.68878058168658 0.698278459716026 0.708308987067971 0.720350038661702 0.733062998266741 0.741539410141308 0.746622163582705 0.753642744363996 0.761509198512541 0.766410746630087 0.769410555126729 0.771223950997261 0.778046000470759 0.787273480378579 0.789013466126105 0.78886005088179 0.790428793166223 0.793438779557151 0.794428855824166 0.791385009419065 0.78770969696413 -9999 -9999 -9999 -9999 -9999 -9999 -9999
0.52821983966268 0.531741005563127 0.534395733669015 0.536952426956994 0.540745044153501 0.544148617410128 0.546735926626419 0.549213887068475 0.54581212630326 0.536626462385792 0.53684431568158 0.546916341860752 0.55961980203927 0.571749836082389 0.577746751027486 0.583877889381282 0.589304184191311 0.594113538838737 0.600917498601073 0.606623187493159 0.611963002692919 0.616040459840136 0.621727092291191 0.630708860994083 0.638569705591441 0.651909718942031 0.666649668570284 0.677243475796597 0.686379422337237 0.698382857076889 0.710050993214407 0.720103289319292 0.730554704748169 0.7403865908393 0.746915580773959 0.753731073643908 0.75845985184437 0.755181287320072 0.758871644673653 0.77358125943366 0.784305713173474 0.789523525561796 0.789526461962902 0.791221071915791 0.792612187535445 0.793398031054061 0.793915194364538 0.792714550691881 0.789848842781718 0.787838949252044 -9999 -9999 -9999 -9999 -9999 -9999
0.533230081640131 0.535868802609769 0.537465225538823 0.541149166399337 0.54627903025295 0.548662702276217 0.549971309476198 0.540100953990068 0.518925136315858 0.506497727157166 0.514700184569163 0.536884073793023 0.557123307816364 0.571120800324484 0.570892237826569 0.574343497842424 0.581038589688962 0.587551490063555 0.59544017596355 0.603789382441519 0.612809131291664 0.617236142838339 0.621783323563328 0.623461046176663 0.627478778319137 0.64320385877582 0.66092149912247 0.677023792616525 0.686600787456748 0.698498461604866 0.708325879369121 0.716063378298926 0.727624135413403 0.738274680188415 0.745446070267658 0.755515400480337 0.765122897159364 0.771480745807197 0.776474233329701 0.777731616569306 0.783416154007961 0.791497410458982 0.792657544073861 0.794340632903606 0.794406004380748 0.793064911692258 0.793306117002924 0.79443144147391 0.792196570753169 0.790415914041435 -9999 -9999 -9999 -9999 -9999 -9999
