layers/veg_krg/veg4100.asc
NCOLS 255 
NROWS 330 
XLLCORNER -2985163.8955 
YLLCORNER -3022031.214 
CELLSIZE 25000 
NODATA_value -9999 
[rows 25 to 49 of 330, columns 112 to 167 of 255]
0.497424391538869 0.499104188846945 0.501227422236019 0.501984452896652 -9999 -9999 -9999 -9999 -9999 -9999 -9999 -9999 -9999 -9999 -9999 -9999 -9999 -9999 -9999 -9999 -9999 -9999 -9999 -9999 -9999 -9999 -9999 -9999 -9999 -9999 -9999 -9999 -9999 -9999 -9999 -9999 -9999 -9999 -9999 -9999 -9999 -9999 -9999 -9999 -9999 -9999 -9999 -9999 -9999 -9999 -9999 -9999 -9999 -9999 -9999 -9999
0.491690246974914 0.493878847160703 0.495334879003595 0.498490390534571 0.501296172932217 0.503267824107251 0.507704609350954 -9999 -9999 -9999 -9999 -9999 -9999 -9999 -9999 -9999 -9999 -9999 -9999 -9999 -9999 -9999 -9999 -9999 -9999 -9999 -9999 -9999 -9999 -9999 -9999 -9999 -9999 -9999 -9999 -9999 -9999 -9999 -9999 -9999 -9999 -9999 -9999 -9999 -9999 -9999 -9999 -9999 -9999 -9999 -9999 -9999 -9999 -9999 -9999 -9999
0.479874935102448 0.482606308023092 0.489060184182582 0.494407934810336 0.498874809230194 0.503030154736553 0.507484611515389 0.512244752749278 0.516937500345283 -9999 -9999 -9999 -9999 -9999 -9999 -9999 -9999 -9999 -9999 -9999 -9999 -9999 -9999 -9999 -9999 -9999 -9999 -9999 -9999 -9999 -9999 -9999 -9999 -9999 -9999 -9999 -9999 -9999 -9999 -9999 -9999 -9999 -9999 -9999 -9999 -9999 -9999 -9999 -9999 -9999 -9999 -9999 -9999 -9999 -9999 -9999
0.462423018292902 0.481559569721319 0.486097637760595 0.489913290305259 0.49521066888767 0.499847590652262 0.504616896969375 0.51065979921777 0.51658699597742 0.519920044012112 0.522846975524052 -9999 -9999 -9999 -9999 -9999 -9999 -9999 -9999 -9999 -9999 -9999 -9999 -9999 -9999 -9999 -9999 -9999 -9999 -9999 -9999 -9999 -9999 -9999 -9999 -9999 -9999 -9999 -9999 -9999 -9999 -9999 -9999 -9999 -9999 -9999 -9999 -9999 -9999 -9999 -9999 -9999 -9999 -9999 -9999 -9999
0.459297578238684 0.469440343081901 0.472902235584906 0.478994358027116 0.48577827712352 0.490812187888127 0.497141804750075 0.505929686770398 0.512801399686709 0.517544512371314 0.522732856592999 0.528906792588445 0.535428808656749 -9999 -9999 -9999 -9999 -9999 -9999 -9999 -9999 -9999 -9999 -9999 -9999 -9999 -9999 -9999 -9999 -9999 -9999 -9999 -9999 -9999 -9999 -9999 -9999 -9999 -9999 -9999 -9999 -9999 -9999 -9999 -9999 -9999 -9999 -9999 -9999 -9999 -9999 -9999 -9999 -9999 -9999 -9999
0.431240743853119 0.451353058191352 0.461807274907647 0.4673342993643 0.474831006759149 0.482853265418345 0.491004437282806 0.501105038740356 0.50932775070786 0.515208627101041 0.521340626964276 0.528450637411516 0.535186424846707 0.540714972839137 -9999 -9999 -9999 -9999 -9999 -9999 -9999 -9999 -9999 -9999 -9999 -9999 -9999 -9999 -9999 -9999 -9999 -9999 -9999 -9999 -9999 -9999 -9999 -9999 -9999 -9999 -9999 -9999 -9999 -9999 -9999 -9999 -9999 -9999 -9999 -9999 -9999 -9999 -9999 -9999 -9999 -9999
0.433836028667016 0.447107475717167 0.452725881343745 0.459450459911735 0.468478218256451 0.478946913070364 0.4880963852922 0.497759091405868 0.506322024502559 0.51144759521366 0.518105175975158 0.525858873192366 0.532668702596917 0.539566759790108 0.543619855865353 -9999 -9999 -9999 -9999 -9999 -9999 -9999 -9999 -9999 -9999 -9999 -9999 -9999 -9999 -9999 -9999 -9999 -9999 -9999 -9999 -9999 -9999 -9999 -9999 -9999 -9999 -9999 -9999 -9999 -9999 -9999 -9999 -9999 -9999 -9999 -9999 -9999 -9999 -9999 -9999 -9999
0.441294284687575 0.446249704574436 0.450882182034598 0.454276904847133 0.462017062831402 0.472234897400832 0.480957556052626 0.491492106867487 0.500329748209208 0.505985622505073 0.511664045028663 0.521692474425963 0.531156287678381 0.539196764499305 0.544480524634975 -9999 -9999 -9999 -9999 -9999 -9999 -9999 -9999 -9999 -9999 -9999 -9999 -9999 -9999 -9999 -9999 -9999 -9999 -9999 -9999 -9999 -9999 -9999 -9999 -9999 -9999 -9999 -9999 -9999 -9999 -9999 -9999 -9999 -9999 -9999 -9999 -9999 -9999 -9999 -9999 -9999
0.438113758649061 0.444931271105384 0.450454458987655 0.455284516920716 0.462674901669039 0.471299766092978 0.477717154447851 0.485951899064397 0.495212109185111 0.501957019383027 0.5076495063573 0.518363934794361 0.528513179723228 0.536738661840276 0.548944973025892 0.558363923545546 -9999 -9999 -9999 -9999 -9999 -9999 -9999 -9999 -9999 -9999 -9999 -9999 -9999 -9999 -9999 -9999 -9999 -9999 -9999 -9999 -9999 -9999 -9999 -9999 -9999 -9999 -9999 -9999 -9999 -9999 -9999 -9999 -9999 -9999 -9999 -9999 -9999 -9999 -9999 -9999
0.437265697414391 0.441747467646929 0.443877682769938 0.449375810415737 0.458728131255917 0.467817943880799 0.478043658645382 0.48568852888602 0.494419202680641 0.50337553202128 0.509583319790166 0.519272423427634 0.528566399131954 0.536048339248847 0.547437405786311 0.558304919018936 0.565549041994084 0.574576627261119 -9999 -9999 -9999 -9999 -9999 -9999 -9999 -9999 -9999 -9999 -9999 -9999 -9999 -9999 -9999 -9999 -9999 -9999 -9999 -9999 -9999 -9999 -9999 -9999 -9999 -9999 -9999 -9999 -9999 -9999 -9999 -9999 -9999 -9999 -9999 -9999 -9999 -9999
0.432331285728183 0.42456573228748 0.403427166826307 0.4031649616138 0.435424446374504 0.46230248827757 0.474462789892117 0.484136304476412 0.494550770873174 0.501467169243001 0.509245264799495 0.520087417073229 0.527305098809386 0.536249130086803 0.548900235548107 0.557703990142791 0.566089629783193 0.574682982386961 0.582697060362136 0.588868862158694 -9999 -9999 -9999 -9999 -9999 -9999 -9999 -9999 -9999 -9999 -9999 -9999 -9999 -9999 -9999 -9999 -9999 -9999 -9999 -9999 -9999 -9999 -9999 -9999 -9999 -9999 -9999 -9999 -9999 -9999 -9999 -9999 -9999 -9999 -9999 -9999
0.428480771714498 0.398829432123407 0.368398910652824 0.377493890403281 0.409541300386663 0.452778474992218 0.478289552015576 0.487548331550032 0.494981447364648 0.501719093157837 0.509632917497774 0.520895717557353 0.530494987345725 0.539975425994051 0.549360499489929 0.557553142261633 0.566393040164112 0.575822314432784 0.583477954839644 0.589091799001007 0.592896111606325 -9999 -9999 -9999 -9999 -9999 -9999 -9999 -9999 -9999 -9999 -9999 -9999 -9999 -9999 -9999 -9999 -9999 -9999 -9999 -9999 -9999 -9999 -9999 -9999 -9999 -9999 -9999 -9999 -9999 -9999 -9999 -9999 -9999 -9999 -9999
0.410489858323197 0.378902162261455 0.355118572398248 0.371275675087325 0.397251796599433 0.427089501632392 0.465467527742418 0.484106537420049 0.489640312287035 0.499517709244395 0.509623485904754 0.522266841506192 0.532112284468989 0.540194420356295 0.549914784325257 0.558182964602889 0.566786541178135 0.576960765968738 0.585183840673178 0.591606638882509 0.601836336718362 0.610695550493928 0.616721112559602 0.624945956247899 0.632401516010539 0.639369567424598 0.647417240966219 0.654646923850955 0.661737910721623 0.670171573237215 0.677890936491051 0.684323430562049 0.692056633404813 0.699609614870137 0.704880757330141 -9999 -9999 -9999 -9999 -9999 -9999 -9999 -9999 -9999 -9999 -9999 -9999 -9999 -9999 -9999 -9999 -9999 -9999 -9999 -9999 -9999
0.312113489137763 0.335440674452026 0.357903727197075 0.379699238050281 0.41140220830746 0.427092355231056 0.433123330017548 0.459433413629769 0.489708011349905 0.504178524326642 0.51615937798056 0.525813698995162 0.533294555744438 0.542780654036693 0.554228870996473 0.561506725246684 0.568966548985463 0.579635352590946 0.588066077436364 0.594893074736442 0.603716411470017 0.610851728473187 0.616967973189025 0.62521417568645 0.632692518121739 0.639662472277715 0.64769221360009 0.654879705622495 0.661973862638715 0.67046449982614 0.678185859076799 0.684715017366472 0.692498332130771 0.700015870889481 0.705427454227653 0.714421300470115 0.725049675126214 -9999 -9999 -9999 -9999 -9999 -9999 -9999 -9999 -9999 -9999 -9999 -9999 -9999 -9999 -9999 -9999 -9999 -9999 -9999
0.313115759676528 0.328631225506794 0.344247852249736 0.390885264262612 0.425393584226184 0.426636628275236 0.41843424638169 0.437329649238591 0.478663777354183 0.50605458986173 0.520108626286407 0.530556138673032 0.53843968149473 0.547362222093765 0.558030719191045 0.565130973893163 0.571541595343141 0.581625875355833 0.589152431697172 0.596775544545317 0.605708159431976 0.612666036620916 0.619600747372918 0.62812533545813 0.635837693376377 0.642846613945923 0.65073388486242 0.657512860063669 0.664625911349784 0.673686504211629 0.681427095393806 0.688916347894305 0.697233448239951 0.704360141169551 0.711151786058669 0.719081802276756 0.725374597496012 0.733020803177688 -9999 -9999 -9999 -9999 -9999 -9999 -9999 -9999 -9999 -9999 -9999 -9999 -9999 -9999 -9999 -9999 -9999 -9999
0.330981809903112 0.336545940602854 0.336956146811578 0.374532595835045 0.417632844578507 0.42844042114362 0.417094523958686 0.427420171593427 0.458360175293111 0.481719145081058 0.508343021844639 0.530783301798434 0.542886780218037 0.551190861292292 0.558568569332865 0.565638983658255 0.574011905470508 0.583137508099985 0.590433295479885 0.598201602508074 0.608147651664768 0.615382807368359 0.621568508855911 0.63079015308147 0.638585258267151 0.645783948467955 0.654145236376531 0.660862438119253 0.667876104253009 0.677196692925534 0.685037542545313 0.692735961519482 0.701304404087026 0.708137366941846 0.714918050485022 0.72334273509924 0.729083481177943 0.734913995930059 0.74533282281461 0.75455515145134 0.760462489615654 -9999 -9999 -9999 -9999 -9999 -9999 -9999 -9999 -9999 -9999 -9999 -9999 -9999 -9999 -9999
0.36364949913087 0.359639839220346 0.363741057182346 0.352503758699374 0.369130171261552 0.392181090243256 0.388682159700084 0.424883933470783 0.453687341158539 0.471101736987695 0.486846304595411 0.513888197975528 0.545039818583487 0.555089723975657 0.561778928428354 0.570488280870952 0.577098438241685 0.584840565634853 0.592534536445936 0.600749389199784 0.609651257370711 0.615754014094181 0.621971867464345 0.63127762057709 0.639170656571074 0.646444704634311 0.656107268048052 0.661643345040753 0.668620943617876 0.679457681795086 0.688787795501744 0.697874799125647 0.70522862945288 0.713362847550377 0.720164436611892 0.72748478248021 0.73507100358219 0.741934032705115 0.749355184631588 0.75520896833946 0.761039300907904 0.770277384622071 -9999 -9999 -9999 -9999 -9999 -9999 -9999 -9999 -9999 -9999 -9999 -9999 -9999 -9999
0.386398245600832 0.380086014577092 0.3785497111603 0.383332516994312 0.403888253644796 0.415924571714325 0.413287027758809 0.428977577617106 0.446579537264999 0.453021695127165 0.479807190474712 0.527582498136248 0.551050661565769 0.559132821881006 0.562493488158366 0.569121192673618 0.580461638269968 0.587785973386567 0.59424160450874 0.600159012525513 0.607969773782537 0.616347723705968 0.621662272477031 0.629901110781527 0.640571596169271 0.649313203665283 0.658546864294807 0.665791148683271 0.670655188027553 0.679173768343792 0.692743771457159 0.701149099076465 0.709673588931651 0.719174752991257 0.721750019412874 0.731627034104863 0.74539434639961 0.75101161336275 0.756357603093859 0.762239014324352 0.767508527251606 0.773053337647126 0.779653603505769 0.780851018807688 -9999 -9999 -9999 -9999 -9999 -9999 -9999 -9999 -9999 -9999 -9999 -9999
0.388417843615301 0.391634403316939 0.391300658973401 0.393277567933192 0.4210563223757 0.438505769989851 0.451729696518815 0.464966620423491 0.470706529801033 0.478528497723039 0.505464287227024 0.541131618752943 0.556644517894482 0.562354291277344 0.560682071098534 0.565732791598442 0.582019672845158 0.590065730288569 0.596038734887054 0.600209885747136 0.605267946430342 0.606265937910804 0.605302977128911 0.623383541605247 0.643365385278049 0.650031994507206 0.656990246112667 0.662871909772148 0.672457623549394 0.686870966519946 0.697788290822906 0.706016937111717 0.713757475712158 0.718250166250572 0.721880743007753 0.73462517436942 0.747865004769156 0.755421259832585 0.761577331735933 0.768494318011032 0.775664549229983 0.779703290426529 0.781251412478668 0.78118309949979 0.782650638615134 0.785457308803493 -9999 -9999 -9999 -9999 -9999 -9999 -9999 -9999 -9999 -9999
0.436046633617039 0.450724018314936 0.457218331885354 0.463449828284905 0.476981337047997 0.483552398699243 0.482953641142889 0.491090837364289 0.49720197602547 0.489705645865285 0.504806151287012 0.541501653955129 0.5623089039978 0.56569567759015 0.570625043308272 0.578647703758041 0.585414665245526 0.593384957899116 0.598997740408114 0.60367991015251 0.604498986811031 0.604213881508478 0.615357339680653 0.633049327754574 0.644218768686752 0.649320931689406 0.657783992282839 0.666799884520027 0.67744532452743 0.691111967537533 0.699496884373656 0.704768155425612 0.716604729386398 0.729177896700796 0.736657444572448 0.745942532341323 0.755311091693325 0.762351983808376 0.768549375002684 0.774122350351113 0.780876269244042 0.788065189871513 0.788673461521717 0.785508073292406 0.78578816607195 0.785810286055798 0.780547765650904 -9999 -9999 -9999 -9999 -9999 -9999 -9999 -9999 -9999
0.492017544167245 0.510010579175267 0.517173797563321 0.5210834416611 0.526817944388088 0.524185664015821 0.512706713668766 0.516964583212742 0.531225982609785 0.530076621261093 0.525165378224681 0.543826452446317 0.568179021797417 0.571363799228335 0.577568575165769 0.583250670796822 0.588990669593821 0.59665265495055 0.602511781636956 0.605052141906596 0.606345735047391 0.606389868786211 0.617316434726201 0.637534821061887 0.645230757219492 0.647078719751946 0.655416979481202 0.669648706152821 0.681120183036778 0.694473578413543 0.699164295185057 0.69955605476749 0.714018865891716 0.733391116104061 0.742095153386334 0.751734634371253 0.759119840562885 0.765717657265684 0.771826889514684 0.776115118917789 0.785266289980796 0.794309628301642 0.798037091848959 0.795985165282933 0.792230641975599 0.7891127386934 0.782700957944946 0.775308478680456 -9999 -9999 -9999 -9999 -9999 -9999 -9999 -9999
0.517959657464057 0.524786188142027 0.528860662293252 0.532205853608526 0.536523698824289 0.538429379749359 0.524452948897627 0.525183353951609 0.549739269219986 0.555169786048151 0.554591934238802 0.561122504335257 0.571742992382675 0.57594232884056 0.581809886820307 0.586270544863925 0.591696697073696 0.599232727879084 0.604232555925457 0.60723387654575 0.603848377366563 0.607770617778532 0.621296357177583 0.632820499823058 0.643371505006686 0.648475363302461 0.661618083894043 0.674259841024557 0.684080587533864 0.691579220363125 0.70046202144232 0.713720517246845 0.726582276974953 0.73778057659531 0.742897536388677 0.748916231914147 0.757516683684983 0.765574264938094 0.77164147364043 0.775925964267602 0.78771485869494 0.793817372994954 0.796820146082975 0.797194595641257 0.792769801494457 0.787856057473799 0.78361196030734 0.777360871293005 0.774512795785421 -9999 -9999 -9999 -9999 -9999 -9999 -9999
0.532325436159555 0.537642759476986 0.540213005429584 0.543068015121986 0.546978187612799 0.549787827817349 0.552757262194298 0.557512263398888 0.561141317685631 0.563289741690861 0.566656325028264 0.570591258478908 0.575185747617073 0.57962607760117 0.584904649894071 0.590947352641309 0.595539504179711 0.60321936321201 0.607219771598981 0.607615492528631 0.610939667338447 0.613237571534689 0.616678545426003 0.624204358662751 0.629654634906199 0.639756774947244 0.659789907168406 0.675713208247668 0.683466790267139 0.69244284148527 0.702210537226973 0.714292871248814 0.727558688939823 0.736976094201543 0.74357279393355 0.752800081347667 0.762733998941516 0.769954945966083 0.775901321233057 0.780025655922651 0.788094078305001 0.797588318343811 0.798505047019194 0.796044271216525 0.793765018627174 0.792973550433925 0.79043610346842 0.783239322796143 0.775963011781017 -9999 -9999 -9999 -9999 -9999 -9999 -9999
0.544989959027879 0.548209665511221 0.550577940102344 0.552806693940134 0.556137325607933 0.559128082206557 0.561353177980369 0.563434222608689 0.559961038050273 0.551026915022879 0.551034954564233 0.560398890633147 0.572298335939697 0.583624368988581 0.588994303161806 0.59449746430654 0.599266587360604 0.603279634892316 0.609216235506951 0.614039301419066 0.618301732734024 0.621431234938992 0.626075614928084 0.633671272223172 0.640349892733896 0.652338716949641 0.665590782860937 0.675122311313059 0.683489954787902 0.694762532536976 0.705989775390492 0.716041648896512 0.726954051384583 0.737469282419382 0.745214676277102 0.753919862595432 0.760542913103104 0.759598908853672 0.765719256135982 0.781705941213008 0.793072903298767 0.798353150668007 0.797510839519682 0.796974829691871 0.794787717091832 0.792089892844011 0.789082441842018 0.78377979468072 0.777758935272391 0.774443441254463 -9999 -9999 -9999 -9999 -9999 -9999
0.550416937868075 0.552867498278227 0.554293923950119 0.557669598245671 0.562364268106516 0.564454219564961 0.565523822937169 0.555893130172631 0.535514312738434 0.523529600566945 0.531210143243023 0.552196442915435 0.571341109517133 0.584500767405187 0.583991905268703 0.586990987640855 0.593022329262572 0.598722503537128 0.605744360054724 0.613134647843746 0.620958214684609 0.624457378516546 0.628040092545088 0.628686085743873 0.631705215272602 0.645963714683237 0.66203342951697 0.676786337906872 0.685517201160031 0.696594239638513 0.705961731602029 0.713672499274864 0.725449116743836 0.736549597093425 0.744675826146004 0.756159916859517 0.767124712733123 0.775029033725422 0.781933131719478 0.784677378645692 0.790890009938488 0.79861291912215 0.798792473356947 0.798361095319792 0.795142391273539 0.790638393188331 0.787569420199097 0.784704453941296 0.779442990479568 0.776321247194669 -9999 -9999 -9999 -9999 -9999 -9999
