layers/veg_krg/veg4700.asc
NCOLS 255 
NROWS 330 
XLLCORNER -2985163.8955 
YLLCORNER -3022031.214 
CELLSIZE 25000 
NODATA_value -9999 
[rows 125 to 149 of 330, columns 56 to 111 of 255]
0.0665237881099338 0.0714159371526781 0.106353609604356 0.143692658514524 0.133353014451992 0.200989725613958 0.266667263286478 0.302283936390461 0.310463514450309 0.261199441599894 0.260049410504856 0.226375877648839 0.207627964465121 0.213779868078282 0.216802090828409 0.172364159511166 0.127945245137493 0.168689153446154 0.234849432684223 0.337401584889341 0.483738365025298 0.536902624500802 0.584096824483208 0.599895224188245 0.605530275244918 0.62590226614122 0.644620479290236 0.651646218149292 0.654169672523022 0.669729724502896 0.667357876961716 0.661028739949854 0.649669611772244 0.634491127121064 0.62042890152841 0.605332052595414 0.586118957700262 0.569441122627109 0.552978953202259 0.532892874161977 0.515984919300647 0.499627140332632 0.480526484782713 0.465377066543921 0.451089109276734 0.43452499016577 0.42169268747222 0.41049952095552 0.398169129151401 0.389346092508208 0.382513999197484 0.375180261115048 0.369092996313771 0.363201687231025 0.357433586906139 0.356876651492328
0.112847531531061 0.105573467963337 0.109113304688658 0.136408995254608 0.165273845676882 0.196782838331547 0.210155815749536 0.182709028970751 0.196951504075908 0.177961041594931 0.145459386039435 0.180893285010984 0.211480720236954 0.224053870515862 0.194517740263428 0.153702941087773 0.104742453432743 0.0776477667632399 0.096348247711029 0.148159976648132 0.183519051407662 0.231850001001302 0.339638594809348 0.433683206116418 0.482493421465926 0.522174076740923 0.555013014003946 0.574532602983364 0.605548986684708 0.627184496167063 0.651727879151203 0.657911727510337 0.648737663456576 0.634763084297163 0.621265103076099 0.606636963301105 0.587850427237884 0.571334960180713 0.555041905411033 0.534961672733392 0.517971500452217 0.501786532346883 0.482648629801695 0.467046416309418 0.452146550825671 0.434503667150074 0.421713458438216 0.411151462788726 0.396519392139477 0.384794910075935 0.378094086292594 0.372175290990039 0.367060948326911 0.362170822056392 0.356144700722039 0.351606593578145
0.154722785225805 0.0882957191147033 0.0914947525363804 0.106317476575541 0.113373170427394 0.154691515569205 0.154317902518481 0.116955732884188 0.145676103383838 0.142538883238147 0.153386070241238 0.183556199266427 0.150595051983973 0.184228192034371 0.170714790995077 0.146517727871652 0.123067598125333 0.100006093154321 0.0828846622379786 0.106267520044411 0.132246591868412 0.154880032597737 0.176381108880504 0.257740449455343 0.391335475429937 0.457901690387199 0.511413292550043 0.563727079640729 0.56635569419548 0.582007389379839 0.637356920196001 0.648238940340798 0.644217873268814 0.634051799785146 0.621827356840259 0.607458743406924 0.588801115142967 0.572533000911265 0.556822083133957 0.536910262934562 0.520171017335915 0.504443939451743 0.485274322698269 0.469429971937159 0.454362921681972 0.436470749745926 0.42350057204711 0.412973940902421 0.398541224702846 0.385482339068862 0.376783506161427 0.370325486188985 0.365623849778779 0.361044070349285 0.356529488502198 0.352928587640268
0.209645792742107 0.146146986975962 0.0898189663375149 0.0847019206767136 0.0819812926886868 0.0979386927088183 0.14056021384008 0.162564953722606 0.15260055625677 0.146876344584982 0.144540330044783 0.135275249980541 0.127784356395829 0.141764171064211 0.132850922420903 0.152668507118597 0.167026489403793 0.127346133370302 0.113957459184064 0.127475078533292 0.149873282012351 0.163208646373901 0.157066862066214 0.204945348893654 0.291847136253229 0.344803823491155 0.416560263298687 0.494242099961306 0.492853084780922 0.519085090196018 0.612581952916441 0.629971218950506 0.625129309473387 0.626742390707985 0.620337500245806 0.607058741493553 0.588700071989283 0.572328638402937 0.557192785424472 0.538634354748744 0.522387394044955 0.506504272462212 0.487353732208904 0.471445661881749 0.456229229116557 0.438405485173564 0.425211096641208 0.413785843601499 0.399859035515861 0.382119403188192 0.370058886810223 0.368333769843454 0.362997083407907 0.358106454742632 0.35440188615716 0.350788760025156
0.312025652926088 0.215635246646473 0.122985182393613 0.0923629325780454 0.0897402617942973 0.104971990261606 0.113289692650087 0.108396198958644 0.111582396913507 0.0856615776629409 0.0590268808805696 0.0668771271157428 0.105577611833169 0.140293889029486 0.122591694355142 0.133248024395719 0.150996343638595 0.120389652904633 0.122530974577568 0.158768352311641 0.157210653417839 0.152206198032316 0.143109872069513 0.146265786332785 0.152441121267351 0.188519525263404 0.34504066300506 0.485584608420543 0.497698366235076 0.512671172919819 0.585941345247937 0.635098369458623 0.623381828068285 0.614444123965572 0.616858186007956 0.605830497480787 0.588695636249718 0.573787691525155 0.559235528989915 0.540691106318901 0.524839394208235 0.509409224400834 0.490600831054476 0.474803076978177 0.459956403181602 0.442293937797339 0.428145947487083 0.416232872258776 0.40173783377412 0.3841731184571 0.372068576841497 0.368219612486167 0.363123440846465 0.357848495350479 0.352986219056119 0.350605299474355
0.474891818516116 0.374637668121949 0.225528810638799 0.116825923497267 0.0946951284974281 0.0639335800773768 0.0532831518398864 0.0529414128073116 0.0440388175651018 0.0216168152996943 0.0117245840218392 0.0267423674715277 0.0565574386584038 0.0837083488119469 0.100480361214612 0.136421275235544 0.153214826397001 0.134075230039794 0.1449822434852 0.170154505092985 0.173495566448431 0.171269124107124 0.172114358014285 0.172221559153881 0.137476108913754 0.119474984902894 0.196387659065488 0.413948810835452 0.540468920999043 0.53786710825159 0.550805873546838 0.58484193497796 0.600739162510061 0.611035165182164 0.610104256337911 0.602759847587533 0.58798488744612 0.574611611886615 0.560486096778532 0.543033537974859 0.527804863248905 0.512713150265468 0.494114394758476 0.478731752677834 0.464299609926752 0.446758369465072 0.432256486545263 0.419851712551667 0.405765982730143 0.39369274303973 0.381457155291602 0.369972140903848 0.363581056081939 0.357387325860401 0.352045184042827 0.350999354240619
0.506922715082431 0.442937253364651 0.28129005820234 0.135817042226549 0.124305147223448 0.0948792832751024 0.0614240112020239 0.0598948081942432 0.0565102392199929 0.0216349509055011 0.00788915171504785 0.0232095903318169 0.0260257853142913 0.0481189602883725 0.0739959904641428 0.115422480297018 0.14375037508872 0.13156322550459 0.138341917243502 0.166628680509614 0.175070569393917 0.169745721240423 0.176768912063549 0.17702667716829 0.146684468660561 0.140410876071462 0.191699451317528 0.380342899425502 0.537127758413415 0.545462254940901 0.569167203536348 0.591350315347729 0.577007999736427 0.594603171646408 0.598133228708623 0.596963827737882 0.586161860279315 0.574588561981936 0.56114164555859 0.54452580830972 0.530120851474491 0.51509754124845 0.496844089858241 0.481623276757905 0.467351137214723 0.450063029213289 0.43586356371137 0.423274054281921 0.409506318426102 0.397950123913806 0.383624760695562 0.369229785250365 0.363203448882841 0.358307537879492 0.352491572644707 0.349704539354895
0.52040410172025 0.488290033835757 0.379780917224355 0.272180690701684 0.222181879731583 0.178378007668849 0.12905392469542 0.0896620743469156 0.0701268766722417 0.0548641768979024 0.0466481710618114 0.028488310195529 0.026913163000393 0.028458483437158 0.0435634275449072 0.0678785540645029 0.0768817582337828 0.0665951388415997 0.0691196463980762 0.0847464473244481 0.140999515702082 0.190761970657858 0.19637765223145 0.188130441694275 0.173527220695858 0.158994734056146 0.210279095154843 0.351916344687219 0.471376457315786 0.526926337721762 0.558201542750799 0.569895761297675 0.568412775060789 0.554397659172098 0.54767295808897 0.572888060492816 0.578147793551626 0.571182267275971 0.560720873953357 0.545671071363418 0.532196845919564 0.51782339286203 0.5002548872966 0.485613564070373 0.471435306142723 0.454846963527329 0.441553729257761 0.429040913896587 0.414458448366678 0.403756703339136 0.391866735893521 0.373608613030016 0.359390360952952 0.352946934728033 0.348937222186425 0.343585771564921
0.478489204933272 0.483202074285002 0.424793842758477 0.343044367289531 0.295167091857648 0.260885514831199 0.195045500170773 0.13284066236692 0.147562518073699 0.159221220287494 0.0698176948905482 0.0152995936415551 0.0346546669320395 0.0379899264495365 0.0504403287923739 0.0698564825608245 0.0903579548594472 0.063737216469181 0.0542281916957447 0.0644729700355072 0.117226471643897 0.174637332574908 0.186111337791513 0.196003379933103 0.194062924106064 0.179368831977724 0.247438532749193 0.320476872540949 0.315243179631588 0.417774192820295 0.521863643871849 0.537582306324502 0.536892578516671 0.528259859092292 0.504586989200709 0.527607899184227 0.566708760570049 0.567462862396125 0.56057993643608 0.547295486486064 0.534841710083301 0.521061252262424 0.504335616458088 0.489888977938707 0.475230082390356 0.459018954722564 0.44644510272906 0.434423408795914 0.419993260317147 0.408884336270427 0.397224143954922 0.378192987361896 0.357862167291171 0.347387717349269 0.347113596281966 0.345923015375019
-9999 0.521772058065115 0.470296841117311 0.424011674909065 0.368081480850527 0.241957975421759 0.16141377769923 0.126306963356837 0.154434503949402 0.187162430284946 0.083177306512947 0.0219620854563056 0.0864415971519926 0.143163039115227 0.0994767708804224 0.0667095905012839 0.0640091278394036 0.059229821757785 0.0844448475603223 0.0996124390008562 0.127317622495536 0.165252816450752 0.185249700688026 0.190424058864728 0.195035314279287 0.196340334532596 0.204681134747984 0.190840545199588 0.201276284506314 0.324136425471806 0.453010390179033 0.499335716728308 0.496989218952595 0.499556178742109 0.517582361966045 0.518703457721126 0.531410517838105 0.564663080524139 0.560415383601537 0.548257103130946 0.536109697810628 0.523136324310605 0.507008474209743 0.492793131220992 0.478984882806188 0.462709414157914 0.449441370499807 0.437754855454445 0.424378983787599 0.413072675544914 0.399275338296427 0.379940788672508 0.357240372647664 0.343198114535904 0.343838128869451 0.344040305877703
-9999 -9999 0.511159124813212 0.448253352401491 0.376241886415754 0.312948321556259 0.233522110603795 0.204708425320181 0.257914659280437 0.28448337631348 0.159540648095893 0.118158472428182 0.226460386481325 0.194048552526036 0.0962168865694217 0.067793445479635 0.0583045211584345 0.0669331407444121 0.0719448399072164 0.0935065824506838 0.112875705723784 0.138797960868346 0.168304313573606 0.177641441531053 0.186330659818593 0.190235001310465 0.185443329817004 0.138048641123179 0.080807724756758 0.160915691768435 0.348630570944999 0.446770848638312 0.447468785310031 0.453155431539197 0.475004416928725 0.479617269284904 0.494791612188861 0.538914217839265 0.555942780461042 0.547752286422977 0.537712762376292 0.526277450241049 0.510960899935901 0.497424928416403 0.484580236366045 0.468514118656082 0.45563775441061 0.44436330332178 0.430895297433421 0.419652506958428 0.404023028053774 0.377632243128268 0.357497869388141 0.348133277892859 0.342936716451045 0.345283723519201
-9999 -9999 -9999 -9999 -9999 0.485705623380158 0.379089980053804 0.335978672628083 0.381355855849419 0.377870584129505 0.302441606727388 0.315535384648351 0.308481952109597 0.204846568252258 0.168560401751822 0.124805426832446 0.0874718721045053 0.0851339064678141 0.0684061969169769 0.0907725223478953 0.113914755011123 0.112002853993353 0.149576782973129 0.161437515637318 0.17070004562033 0.17819110784611 0.179785999010319 0.176397095351965 0.159825613787611 0.12332671437413 0.215186137476692 0.382692982882037 0.396185692411751 0.360768188320957 0.358923813241288 0.393035691961709 0.411755941111026 0.448578510460265 0.515195520880106 0.53979841307227 0.538918639543106 0.528263168383637 0.513395820604884 0.500194523679803 0.488111237503377 0.472767242375987 0.46054960148938 0.450016092516761 0.437107959396519 0.426181472658247 0.415949042118148 0.403082804405047 0.388466418357873 0.368495170329889 0.346216295488084 0.341072416451149
-9999 -9999 -9999 -9999 -9999 -9999 0.404291207362934 0.368548272042682 0.373287379037763 0.348015640790847 0.331178053241536 0.375884784644844 0.383190759574234 0.333751609155311 0.265032902634958 0.154256767747123 0.08081878502657 0.0870162640975824 0.0637997739812199 0.0671794159794513 0.0827625354676741 0.086571612930155 0.108473196814382 0.135264904939353 0.148694960447299 0.148868243977357 0.160843040378004 0.170512535921205 0.161486765540789 0.12960880665231 0.159392475718411 0.275423764481266 0.338079607520696 0.318627982009471 0.286899873841968 0.348848721112778 0.389553074884654 0.410590986546313 0.466197578200776 0.516763782771881 0.537081446142945 0.529997339098662 0.51581893018282 0.503463897597335 0.491937432440706 0.47684701049036 0.464736099902563 0.454426752372749 0.441841651581611 0.431159644134008 0.421826610365082 0.410665775127118 0.400314736832276 0.383304443585782 0.36039882782526 0.353013873927048
-9999 -9999 -9999 -9999 -9999 -9999 -9999 -9999 0.515485845469435 0.485438782505768 0.448027231057459 0.446996797160349 0.445354838718674 0.424261586790426 0.394534259385301 0.320819786387605 0.219042812746768 0.142320830659596 0.12648572125737 0.120071397486122 0.0731882624612893 0.0549672297366851 0.061011325163919 0.08855015420809 0.117934047840967 0.138610726556402 0.165303567201857 0.149936641570599 0.142237118013501 0.161792897261207 0.183337656300302 0.20947210467881 0.239680906145538 0.293512183767705 0.289137419339393 0.250113840531011 0.253272312080236 0.292496966136687 0.355141327242554 0.419773185992064 0.50491555971377 0.526862653305986 0.518339973006189 0.508054997753136 0.496773254841102 0.481935341494498 0.469315466205635 0.458582695281359 0.447114476074831 0.437942391585844 0.428567807278221 0.4177695730661 0.409538889152409 0.40025938295285 0.387551237360264 0.378837694089397
-9999 -9999 -9999 -9999 -9999 -9999 -9999 -9999 -9999 -9999 -9999 -9999 0.483009379853246 0.453845568507998 0.422517749396572 0.339406506477241 0.245276325626048 0.256081733749088 0.276814414237138 0.20950435643338 0.0967620185629067 0.0379587663205781 0.053574594719407 0.0796865493847662 0.0988054709721193 0.130950593495985 0.159970258423828 0.154662767348862 0.135467767295073 0.132803885012933 0.180671871136338 0.247279227864977 0.204016668204418 0.155835921167196 0.240939468071978 0.238803816436931 0.153342229682873 0.152661709279125 0.218167803520825 0.336448141133663 0.451187676643031 0.503078891228297 0.513602855482406 0.509256743838147 0.499897556321938 0.486955012383163 0.474766387653684 0.462552033840068 0.451072699518754 0.443573371697034 0.43485807838961 0.424347327743829 0.416432861788929 0.410271728753924 0.402573533060872 0.396297494007022
-9999 -9999 -9999 -9999 -9999 -9999 -9999 -9999 -9999 -9999 -9999 -9999 -9999 0.507963424067948 0.44689373432001 0.436073355319296 0.413688980000424 0.375403686756196 0.298138187291893 0.175994650179437 0.0685686996605478 0.0309953063055255 0.0379252338261719 0.0596997329159045 0.0846051383272878 0.122354706377839 0.152809319929392 0.152007391515887 0.138132873031689 0.128873738611177 0.137773724810889 0.155429421295756 0.152367649868625 0.121447686401894 0.158026484265783 0.221053416247653 0.146447418209446 0.0809193374121813 0.144660679944939 0.232010780013183 0.29827401241887 0.381178907275648 0.458499621232425 0.489810364368838 0.490972460462138 0.482221528378184 0.475366106821101 0.465423311180155 0.454578920279704 0.445382845509953 0.437460187092638 0.428874103335155 0.421440505329924 0.415089935572344 0.408039864499446 0.402493543094826
-9999 -9999 -9999 -9999 -9999 -9999 -9999 -9999 -9999 -9999 -9999 -9999 -9999 -9999 -9999 0.494369414944832 0.481570887370157 0.42162850720682 0.356959816595627 0.273240914552805 0.155946439404351 0.0967551696090383 0.0646511453852566 0.0538185209822541 0.0778147788815194 0.101291899938124 0.13247289165459 0.144280446012881 0.145866998808205 0.136489281498752 0.135789874172779 0.134132356178706 0.131550156525193 0.120377718916073 0.104301343389723 0.142531089594926 0.160394694199256 0.159861209516349 0.172658688400311 0.148910074901586 0.148269839126124 0.228607256981313 0.336793835615168 0.391189565034574 0.408372947583137 0.427468504620367 0.448000008260348 0.455391935323954 0.451726205448791 0.446062796824672 0.439791349149801 0.433770756845946 0.42815106730675 0.422101028889 0.415027598992965 0.40964743293393
-9999 -9999 -9999 -9999 -9999 -9999 -9999 -9999 -9999 -9999 -9999 -9999 -9999 -9999 -9999 -9999 -9999 0.504572196154517 0.449235314412327 0.435625430213459 0.379326628118543 0.298008566640131 0.178793987588097 0.0702146946932127 0.0768125993945689 0.113609066423465 0.122153592312863 0.12236069194276 0.133290529472511 0.148701870893462 0.155117034947088 0.161482620998735 0.158550842150423 0.148966820797717 0.129132948337928 0.105640300703647 0.143254967940144 0.237486177546941 0.256125987219519 0.191415516831114 0.130629191353595 0.154509578382495 0.186627866916909 0.207438227676783 0.283308326004773 0.291615342985906 0.329545210917053 0.387218886058877 0.419797103763764 0.439523797956052 0.437809585841768 0.436643338542664 0.433668648460244 0.428412848860923 0.421684008020175 0.416414858926693
-9999 -9999 -9999 -9999 -9999 -9999 -9999 -9999 -9999 -9999 -9999 -9999 -9999 -9999 -9999 -9999 -9999 0.475860546106264 0.473115599914335 0.484508832002327 0.434836557128644 0.305167128943723 0.178128971492506 0.103312334351246 0.0811282854573877 0.104168285851812 0.107610067467534 0.109284641786551 0.125490611021081 0.139475085140117 0.14371335255585 0.15406527951205 0.157302311872676 0.153946120822308 0.142220020717374 0.11975127682274 0.126261317811873 0.205761913077987 0.24582371266235 0.185511060575792 0.143059022607183 0.190798337106726 0.231124826839113 0.242061966210238 0.27817362575835 0.291027503314531 0.319067480733351 0.351973572720261 0.398172268837928 0.434481256436209 0.43892051890357 0.441157900144793 0.438260522457969 0.433309850242978 0.426893201312209 0.421882759134366
-9999 -9999 -9999 -9999 -9999 -9999 -9999 -9999 -9999 -9999 -9999 -9999 -9999 -9999 -9999 -9999 -9999 -9999 0.52738852350198 0.525894382521261 0.511317124390316 0.464206469213919 0.345444779671859 0.178928129135825 0.0695687132061442 0.0586072629264301 0.0644246872209917 0.0835817620906978 0.111465861033135 0.113482923711199 0.119339274717805 0.119751757002567 0.133841795457373 0.154798890395688 0.151348286913996 0.121704189887452 0.109064722702816 0.125039397298361 0.162351343538044 0.239655699244574 0.259752492103374 0.261261633589253 0.294075162654535 0.309801412006735 0.310936748834121 0.3150075104979 0.313908563526243 0.32129879326887 0.362696603271719 0.411626949736353 0.434617274937979 0.447240302417727 0.444142167767383 0.439293967566823 0.433723362655283 0.429135044457239
-9999 -9999 -9999 -9999 -9999 -9999 -9999 -9999 -9999 -9999 -9999 -9999 -9999 -9999 -9999 -9999 -9999 -9999 -9999 -9999 0.555841084561006 0.538213923285083 0.455221681288964 0.274560347340068 0.107658045147601 0.0532750638635659 0.0335076969064278 0.0678321775259377 0.112668943579973 0.0987392768027952 0.116730170452731 0.134570021269579 0.13373552056612 0.145723458174145 0.153034350663364 0.121005614118534 0.123485416303753 0.14365561512566 0.122460506725975 0.181860533495313 0.262881648748992 0.277319229134414 0.273574123943124 0.293614851478121 0.297367104456217 0.281817966960846 0.286636224740472 0.325371763911345 0.350315225628273 0.401845599523568 0.439499659801247 0.451362984210692 0.449262443039695 0.445589810215274 0.440577102102952 0.436357439182215
-9999 -9999 -9999 -9999 -9999 -9999 -9999 -9999 -9999 -9999 -9999 -9999 -9999 -9999 -9999 -9999 -9999 -9999 -9999 -9999 -9999 0.563678645559621 0.490515076446838 0.349048889972729 0.186195056886243 0.0893252010454141 0.056108862229469 0.0871267407403611 0.13132410756828 0.141187887700854 0.145125755475501 0.143459830310848 0.145209821857257 0.15137096480845 0.152672027901209 0.11916847476455 0.105547104135172 0.13994438738548 0.132085909868664 0.177025784235569 0.251501098519167 0.274011276162769 0.301378586837126 0.311643294452647 0.316070197291341 0.315470955756613 0.297687600346729 0.284852019134652 0.352110334920614 0.427000485990472 0.44870423338397 0.456671393183457 0.453668543602002 0.450008393359339 0.445129523613085 0.441067870633998
-9999 -9999 -9999 -9999 -9999 -9999 -9999 -9999 -9999 -9999 -9999 -9999 -9999 -9999 -9999 -9999 -9999 -9999 -9999 -9999 -9999 0.53996620958294 0.507451850377874 0.371521304988653 0.224308198770152 0.119337206388818 0.0688896900607122 0.0993403738628274 0.12909792875427 0.143217164536576 0.146649381718123 0.146179234188319 0.146802903130232 0.149480145165386 0.150946723155513 0.128597794886644 0.102608413136112 0.116080036209203 0.131304010218738 0.151263856053605 0.190267501822003 0.241357051201595 0.287313086103162 0.295724088205205 0.309868743484761 0.325217628250737 0.310749192898709 0.324598684746034 0.401871346741235 0.450114146457527 0.461264486461644 0.462985998960175 0.460143421547067 0.456630742318067 0.451302623639992 0.446608921429098
-9999 -9999 -9999 -9999 -9999 -9999 -9999 -9999 -9999 -9999 -9999 -9999 -9999 -9999 -9999 -9999 -9999 -9999 -9999 -9999 -9999 0.504577076244007 0.482814957063834 0.396125449055384 0.272653948814906 0.161705653682065 0.0830721693022582 0.0573484320712175 0.0938618534395429 0.134775385551294 0.146912551861692 0.152534633714593 0.148817910471034 0.14429687262762 0.146242637459556 0.127591318559892 0.0820081078377654 0.0537854417973959 0.0664638675565407 0.0830089375437198 0.118903450938736 0.192886858815458 0.232781109986081 0.239049891293716 0.244189695406853 0.268216712360438 0.320883275876721 0.390320839738364 0.431634645592505 0.453946288214103 0.458702085932635 0.464986301353147 0.465589274880116 0.462302991833537 0.454534802741952 0.447959228149108
-9999 -9999 -9999 -9999 -9999 -9999 -9999 -9999 -9999 -9999 -9999 -9999 -9999 -9999 -9999 -9999 -9999 -9999 -9999 -9999 -9999 0.491190585063152 0.473942147037018 0.416253517943159 0.328991610305938 0.213727637598895 0.096051776354167 0.0515020373595013 0.0840371728581026 0.129241777026397 0.15079888552486 0.152730856793493 0.150133750230428 0.144526898916617 0.143970731461377 0.132433048567959 0.0970299927164059 0.0519398323626898 0.0520781547294004 0.0815275549661202 0.110202758150073 0.177737818459487 0.205789221827905 0.20162199889651 0.230848219195005 0.272359366647326 0.328495986236106 0.397913266004438 0.418279717627468 0.436084871451959 0.451744349039434 0.463626699500827 0.467052608206881 0.465428713444142 0.46043136474899 0.456476764286432
