layers/veg_krg/veg5100.asc
NCOLS 255 
NROWS 330 
XLLCORNER -2985163.8955 
YLLCORNER -3022031.214 
CELLSIZE 25000 
NODATA_value -9999 
[rows 200 to 224 of 330, columns 56 to 111 of 255]
-9999 -9999 -9999 -9999 -9999 -9999 -9999 -9999 -9999 -9999 -9999 -9999 -9999 -9999 -9999 -9999 -9999 -9999 -9999 -9999 -9999 0.488330888703982 0.448321806485467 0.352180842623673 0.279520001258814 0.174323883981403 0.0483047353760726 0.00452677248860698 0.0578255510939994 0.187217698806534 0.246730108012494 0.289448982396383 0.342944806872706 0.364816054475541 0.327709005526455 0.327327170130109 0.378450282125907 0.446092022023743 0.460110441678468 0.466973846364191 0.472377827366388 0.475336380892814 0.480306857069486 0.486003677060291 0.485630114843315 0.484339804107286 0.474635380097573 0.440842403927268 0.425133449578614 0.454079388633764 0.47805024685937 0.485918674966613 0.485030685314303 0.48240693949629 0.47842991755068 0.473879082465296
-9999 -9999 -9999 -9999 -9999 -9999 -9999 -9999 -9999 -9999 -9999 -9999 -9999 -9999 -9999 -9999 -9999 -9999 -9999 -9999 -9999 0.503129808815871 0.46701345239185 0.396798675129729 0.292535904571853 0.185316190914117 0.0957751717934639 0.0241970227321578 0.106582060135738 0.228896767433075 0.288360055073707 0.355026504283655 0.379072347558414 0.376590838347312 0.34358640728661 0.351569887549534 0.394716214604379 0.43566544610042 0.450899639588508 0.455904323713619 0.461502413476123 0.472001406442954 0.480860034171083 0.483144743165261 0.480992533165544 0.476072066592374 0.462780835897427 0.43306287182587 0.429888795377129 0.460756893487065 0.478516203493358 0.485505454983413 0.483852616029277 0.481275199152372 0.477292414872686 0.472327394088912
-9999 -9999 -9999 -9999 -9999 -9999 -9999 -9999 -9999 -9999 -9999 -9999 -9999 -9999 -9999 -9999 -9999 -9999 -9999 -9999 0.505290933389471 0.492639470210661 0.437795745933733 0.32875083493904 0.203658313473355 0.119019900333106 0.0458973555013612 0.00894103212391067 0.108642196314813 0.228342929962585 0.28939740496658 0.35610020396876 0.384504489927004 0.402152614793825 0.357534372039957 0.339199837207907 0.400005806791926 0.424186303319548 0.435546711320871 0.422117762926888 0.427793297032455 0.461942534689264 0.475078511383765 0.475661831609745 0.468117365601115 0.455463739639016 0.430494930582412 0.412400528219664 0.432055396055157 0.46234326948968 0.47737246021795 0.483520600650794 0.481981515315142 0.47937888550789 0.475306587121076 0.470234500030818
-9999 -9999 -9999 -9999 -9999 -9999 -9999 -9999 -9999 -9999 -9999 -9999 -9999 -9999 -9999 -9999 -9999 -9999 -9999 -9999 0.496767064198908 0.472025654325411 0.431325359296013 0.355852693037299 0.202762001786127 0.0870461420454834 0.025476469855908 0 0.0829486271406758 0.203007727137274 0.260804821234647 0.345821342575552 0.389886525640061 0.408070837078035 0.376013806529379 0.355637194903631 0.400626461209662 0.420871816442848 0.413071391628549 0.390633274522259 0.408830734890017 0.454425823247868 0.469455340980065 0.462008201121966 0.445125736762189 0.437000490417788 0.407554809659789 0.388982565806932 0.425013450162183 0.461743693070373 0.47485574804697 0.479199483933186 0.478508026751069 0.477017932566669 0.473154036297785 0.468028442448493
-9999 -9999 -9999 -9999 -9999 -9999 -9999 -9999 -9999 -9999 -9999 -9999 -9999 -9999 -9999 -9999 -9999 -9999 -9999 -9999 0.488903321342117 0.484635873086597 0.45400633903812 0.382744677237141 0.255841082452168 0.109822855536863 0.0346107737538588 0.0837895533938302 0.170686972473859 0.204189457432889 0.245873468592463 0.321567175443197 0.372138897586639 0.398417748043072 0.408129114730938 0.377554482475119 0.379131028316488 0.4216814462357 0.400405461383447 0.383955523125295 0.412438150584767 0.449101203447189 0.466435142529812 0.446318321711013 0.417078677534596 0.401656785195707 0.368744232822109 0.37795467661262 0.427956554817929 0.459349399448508 0.470328395893841 0.473995767322525 0.474297362099091 0.473766672590136 0.469527111798788 0.464726301246978
-9999 -9999 -9999 -9999 -9999 -9999 -9999 -9999 -9999 -9999 -9999 -9999 -9999 -9999 -9999 -9999 -9999 -9999 -9999 -9999 0.456013078415013 0.456168343225582 0.432343662657866 0.371427024878297 0.268527805170817 0.15029356206207 0.0528767256348064 0.0981131849205423 0.20936821985344 0.222537083599202 0.225457704727739 0.308103768954658 0.366105582742175 0.37725913962902 0.356153558697062 0.343160683835405 0.37739496127185 0.425226463881723 0.407853989003781 0.392855005765809 0.414445078228288 0.446014211942556 0.461207162345738 0.42602344314367 0.382103167941604 0.352767669605965 0.341882193835595 0.394075092530429 0.433513387213929 0.455954218680278 0.464531758845194 0.468444880187603 0.46931868999874 0.469329098119545 0.466298347694524 0.462344791096716
-9999 -9999 -9999 -9999 -9999 -9999 -9999 -9999 -9999 -9999 -9999 -9999 -9999 -9999 -9999 -9999 -9999 -9999 -9999 -9999 0.422277655333238 0.409750423495686 0.399957209093961 0.325622745163548 0.214743604656937 0.136145311297937 0.0440680263556268 0.0658900468375771 0.211310692768535 0.249167074432868 0.229891456548311 0.309055869572186 0.366374234112021 0.342787757686337 0.263410753514391 0.290738423467849 0.392574026011999 0.429664438397851 0.424434367467748 0.41371006340968 0.419682843118752 0.4440033272487 0.45645932202011 0.413845554551465 0.360802377434772 0.323611975248867 0.334585212463711 0.414724179308256 0.44203471067063 0.452191492822723 0.458746190554933 0.463080345522547 0.464697375512622 0.465404741314745 0.463651267818487 0.460225233319047
-9999 -9999 -9999 -9999 -9999 -9999 -9999 -9999 -9999 -9999 -9999 -9999 -9999 -9999 -9999 -9999 -9999 -9999 -9999 -9999 0.451460611442067 0.423578274327532 0.378008572320055 0.277421953800233 0.138893362735453 0.0675348500682201 0.0261006025948033 0.0722915281912768 0.221472618699257 0.244016098909199 0.237948328902369 0.330896500844175 0.381723392748219 0.334018048869083 0.290913196298687 0.370756265178034 0.418020070573433 0.430905017706575 0.431122977713254 0.423806822650477 0.424403403215873 0.441728644921756 0.454592069928088 0.429485692044815 0.375014260401932 0.311137301647304 0.319201042702864 0.402042676624978 0.438318802618898 0.449728515075532 0.454948753617331 0.459657290365959 0.461806495441334 0.462885526838728 0.461835917838198 0.459292464701447
-9999 -9999 -9999 -9999 -9999 -9999 -9999 -9999 -9999 -9999 -9999 -9999 -9999 -9999 -9999 -9999 -9999 -9999 -9999 -9999 -9999 0.452868759590812 0.413056499657983 0.329315140148657 0.18290983734973 0.083396666451878 0.0609041752358645 0.0993613959035656 0.201248773517344 0.197498579325508 0.192465950996808 0.311127212561308 0.371728787713385 0.382835686684506 0.376808029086102 0.402684162611255 0.413006552146471 0.420636554102854 0.431285126674278 0.431136231387385 0.423830911172403 0.433134444751134 0.446427294643927 0.439433744462497 0.405779145761155 0.325077345962301 0.322346569725085 0.4092517979036 0.438211773355258 0.446848641478552 0.452240218015601 0.456269547043532 0.458439710364311 0.45981509762109 0.459714417763719 0.457700043173103
-9999 -9999 -9999 -9999 -9999 -9999 -9999 -9999 -9999 -9999 -9999 -9999 -9999 -9999 -9999 -9999 -9999 -9999 -9999 -9999 -9999 0.426277863906568 0.428497071259623 0.371054918015669 0.251128230755037 0.110536872775492 0.026749010215893 0.104218196629482 0.199673992801074 0.177702749466963 0.188313564349373 0.280049603314108 0.354101863373795 0.401029489321107 0.402429769908028 0.404894768242046 0.40691368277965 0.407583920946066 0.420394459685732 0.427064922331871 0.4257845448542 0.430652707896492 0.434613216984819 0.431177032109872 0.402402089326485 0.357206425759363 0.367913213829712 0.413621144466642 0.431797751147683 0.443568127961152 0.449103183541016 0.453302805156953 0.455583397369302 0.457294193508055 0.457727877621404 0.455710469442065
-9999 -9999 -9999 -9999 -9999 -9999 -9999 -9999 -9999 -9999 -9999 -9999 -9999 -9999 -9999 -9999 -9999 -9999 -9999 -9999 -9999 0.416422326007476 0.403320968971586 0.341248699031426 0.232912473141185 0.14027761113071 0.0309504471205901 0.0593069446098719 0.137414613857551 0.117903779860248 0.219595124485448 0.307572327259615 0.362236099263587 0.399589989252317 0.403240531262345 0.406957820003668 0.40733886365377 0.402274042834387 0.40850841673068 0.419518871445284 0.41701480303777 0.413807852700478 0.415148955780817 0.40606267870937 0.383010857290597 0.354192257287742 0.363325910292492 0.410173756833069 0.430018458979565 0.441829419444194 0.447061641933925 0.451473930255164 0.454017342144245 0.455690897756517 0.456041425102803 0.455090044050841
-9999 -9999 -9999 -9999 -9999 -9999 -9999 -9999 -9999 -9999 -9999 -9999 -9999 -9999 -9999 -9999 -9999 -9999 -9999 -9999 -9999 -9999 0.4204755046095 0.362797392084215 0.24863375102077 0.132493890225022 0.0603739088978632 0.0480507289467215 0.0517474663250937 0.0921715181870843 0.219323187187409 0.320438967055541 0.373040741064262 0.395009425139304 0.398366835348571 0.40342606668355 0.407820093393179 0.399914772590565 0.397242309064915 0.407811712338611 0.404629739568093 0.387331566367018 0.371518950367535 0.377366539381931 0.384698601491449 0.351836917043986 0.349396133633302 0.400937739884015 0.422852340729884 0.44031860929235 0.446462440220327 0.450123431685981 0.452151215279798 0.453695570440504 0.453532418631793 0.452638280033
-9999 -9999 -9999 -9999 -9999 -9999 -9999 -9999 -9999 -9999 -9999 -9999 -9999 -9999 -9999 -9999 -9999 -9999 -9999 -9999 -9999 -9999 0.450700133273418 0.412572459039906 0.305288271983657 0.206464702121505 0.0910492959522779 0 0 0.0727217364652675 0.222666218369325 0.321160794119297 0.367566230007782 0.390404183566719 0.393557298617826 0.399646323170627 0.406527627496245 0.395015859761603 0.38551183486395 0.397149508603046 0.39177938919709 0.356508582819546 0.337602394736805 0.364663846644673 0.378963374413907 0.359562724937803 0.360197737194174 0.398430904698156 0.422857235780216 0.438395035700731 0.445681112175909 0.449437279035184 0.450705543788141 0.451765001746349 0.45154120960143 0.450299055760844
-9999 -9999 -9999 -9999 -9999 -9999 -9999 -9999 -9999 -9999 -9999 -9999 -9999 -9999 -9999 -9999 -9999 -9999 -9999 -9999 -9999 -9999 0.466251198668569 0.388591022833048 0.32314944805638 0.243743814843148 0.0595812798403515 0 0.0406351094471609 0.107253225584452 0.227464848062005 0.334130281308538 0.37303362909863 0.386261026797196 0.390108546379669 0.396481757457635 0.404486658485358 0.404647175332253 0.395871943938494 0.391140351828014 0.371366921450778 0.322530073237232 0.322598468449662 0.362645173082523 0.367032981284392 0.366351083746532 0.382478181840805 0.405543066238428 0.424854354530527 0.438422085157448 0.445085306302456 0.449039744038734 0.45031077404897 0.451007062839254 0.450447849833799 0.449464322523362
-9999 -9999 -9999 -9999 -9999 -9999 -9999 -9999 -9999 -9999 -9999 -9999 -9999 -9999 -9999 -9999 -9999 -9999 -9999 -9999 -9999 0.46952976495849 0.464676700131938 0.41432439859985 0.358984802625189 0.317829188736365 0.173825978596841 0.061335259571079 0.0122034083752119 0.0302106242809673 0.228503706005315 0.334046132045843 0.364686090237998 0.380155256231263 0.385220527579479 0.392200603568748 0.401420889885318 0.40450607810377 0.396026767272535 0.390592834438914 0.368347250527299 0.336111288116474 0.347309145965969 0.353921198430818 0.348335714949504 0.367896092621316 0.393602308869463 0.4110279507212 0.426121735170727 0.436727200853508 0.443333882674662 0.447754071977192 0.449166474509378 0.449115388734131 0.447741967729269 0.446072196698532
-9999 -9999 -9999 -9999 -9999 -9999 -9999 -9999 -9999 -9999 -9999 -9999 -9999 -9999 -9999 -9999 -9999 -9999 -9999 -9999 -9999 0.447839561320676 0.448368282028802 0.412027346818382 0.375243497182592 0.293314336156062 0.0951141518449165 0.0332662040283644 0.0269329329744575 0.0479114062346509 0.246363673904369 0.335565385813932 0.354917971507923 0.375901668265092 0.384211455926241 0.390526977338102 0.398376774951434 0.400471344999037 0.394313919292289 0.394639878055118 0.386841389805981 0.367422979802143 0.368960587936784 0.370316062819269 0.371067073481523 0.386229959407787 0.400697923535767 0.415952674506458 0.428877115626703 0.436595256409974 0.442035146901751 0.445833963369432 0.447291314750825 0.446725787330225 0.444714661691867 0.443160689752953
-9999 -9999 -9999 -9999 -9999 -9999 -9999 -9999 -9999 -9999 -9999 -9999 -9999 -9999 -9999 -9999 -9999 -9999 -9999 -9999 -9999 0.441796669868127 0.431829886703977 0.403751359549337 0.386309167634104 0.33081688698067 0.154079208795978 0.0127131373235096 0 0.098079629654712 0.27485194826416 0.338120681769565 0.352310555194264 0.369079180679156 0.383325051282472 0.389882561314143 0.397126684875241 0.399657286904956 0.395740127923955 0.397432123405441 0.391175557174913 0.372955506807406 0.374657614059354 0.380931452647145 0.381928110513671 0.392351288290974 0.406291456944445 0.419071377970968 0.429347780481704 0.435885825667403 0.441109923756101 0.444251391688978 0.445045904084749 0.444213522829951 0.44266045485651 0.44125940826026
-9999 -9999 -9999 -9999 -9999 -9999 -9999 -9999 -9999 -9999 -9999 -9999 -9999 -9999 -9999 -9999 -9999 -9999 -9999 -9999 -9999 0.45686202235176 0.445552991039547 0.426082976497935 0.412193418966731 0.392527629881205 0.290875603476145 0.102061700080971 0 0.0956508160442102 0.27281347796636 0.337117044284983 0.330813938368132 0.347396918866411 0.376823123669912 0.388076884777308 0.395651072545928 0.400302727804495 0.402772054480902 0.404916555540315 0.396131166068729 0.38162134104208 0.384758907783673 0.395653824463435 0.40273103616473 0.409377382890995 0.41656849969007 0.424818483923113 0.431450527031019 0.435709273938337 0.440151456934431 0.441807880142624 0.44136928913558 0.440403801137895 0.439287873196409 0.438304747385427
-9999 -9999 -9999 -9999 -9999 -9999 -9999 -9999 -9999 -9999 -9999 -9999 -9999 -9999 -9999 -9999 -9999 -9999 -9999 -9999 -9999 0.47033454046143 0.460567807858047 0.439156629249261 0.412490181655058 0.38593848308272 0.282250492783 0.0711115319535838 0.00922825581908882 0.137043310960145 0.248765464062088 0.322343275269857 0.316825935143116 0.342336852777064 0.372736707138724 0.384954760822808 0.394051902308645 0.398780555750578 0.401429940699715 0.400894876597915 0.390990971913285 0.381805077559661 0.386935893046923 0.396472935721172 0.404467730378639 0.412369768634896 0.418739839929305 0.425044413800031 0.430969720657977 0.434371320712159 0.436761713610209 0.437792616693136 0.43744494843198 0.437127361756757 0.436458053988824 0.435606364727011
-9999 -9999 -9999 -9999 -9999 -9999 -9999 -9999 -9999 -9999 -9999 -9999 -9999 -9999 -9999 -9999 -9999 -9999 -9999 -9999 0.46660415239877 0.465678195379198 0.447234170284301 0.398946186694727 0.353842166661837 0.32290454036237 0.211340004384838 0.043746030900355 0.000721586936258903 0.0986685211757582 0.216883885813651 0.300133743755851 0.304288336070615 0.336067169465128 0.370216399150388 0.383204777106235 0.392603938966567 0.397452416534448 0.400173356691885 0.394267722397197 0.382683728858866 0.383228103720745 0.391318974294478 0.398367368305907 0.405665536489297 0.412821964600256 0.41873449613874 0.423897191700811 0.429074732541369 0.432616280558178 0.43417910317999 0.434719206782716 0.434791053748311 0.434807128056272 0.434586126863736 0.43398046537811
-9999 -9999 -9999 -9999 -9999 -9999 -9999 -9999 -9999 -9999 -9999 -9999 -9999 -9999 -9999 -9999 -9999 -9999 -9999 -9999 0.442088788943528 0.44426431254 0.442296060829999 0.413802316871889 0.390135125815933 0.379879140133004 0.248714019066775 0.0947260020922629 0.0530546971018421 0.08467686974851 0.187733709268249 0.258916119778945 0.289297057302723 0.338955274954422 0.368443640755237 0.380967345813267 0.389926384064948 0.394400475946495 0.397492792341732 0.39014127428552 0.377423949925224 0.382266414713096 0.393607416388918 0.399160526887978 0.405289264556255 0.411642421000451 0.416745021620043 0.421242868086727 0.425891109549333 0.428843164828848 0.430064601172808 0.430609242141614 0.430776660905561 0.431178037256001 0.43138556743684 0.430778799669169
-9999 -9999 -9999 -9999 -9999 -9999 -9999 -9999 -9999 -9999 -9999 -9999 -9999 -9999 -9999 -9999 -9999 -9999 -9999 -9999 0.430412669967917 0.439869972488477 0.449237548310556 0.439769219996615 0.417284935281656 0.329652456653171 0.194943963316343 0.08064784400113 0.0773109934444881 0.145705939406422 0.191420638273111 0.256536657302484 0.281944017734968 0.338161111796826 0.370389158846049 0.379696993843621 0.386354844462787 0.391021259439882 0.394064617246156 0.390126080566284 0.381733486993446 0.384303398527599 0.39285632664461 0.398321547772847 0.403567297658302 0.409517370957611 0.414163053538622 0.418315313296426 0.422952996131692 0.425329625564948 0.426332613577638 0.42690900180241 0.426958861356748 0.427421194427389 0.427921119458509 0.427847392537007
-9999 -9999 -9999 -9999 -9999 -9999 -9999 -9999 -9999 -9999 -9999 -9999 -9999 -9999 -9999 -9999 -9999 -9999 -9999 -9999 0.440159574740538 0.439345613564829 0.443889180441778 0.428689722886044 0.395846188606507 0.298900559200746 0.159283837892509 0.0580176283242878 0.0629182446013398 0.152108022734236 0.221175850861165 0.265183033734788 0.282829391454069 0.331696204649132 0.36767027012596 0.377554196832028 0.384105908030187 0.388534082131238 0.391339310385556 0.391518005140385 0.387789768641763 0.386550639504978 0.391052165872515 0.396003648343474 0.400736251198554 0.406239781150654 0.4108850117992 0.415127022518728 0.419606486145531 0.421992116185648 0.423008640299603 0.423815068596044 0.424002294514859 0.424356508432477 0.424863942080266 0.424833839998191
-9999 -9999 -9999 -9999 -9999 -9999 -9999 -9999 -9999 -9999 -9999 -9999 -9999 -9999 -9999 -9999 -9999 -9999 -9999 -9999 0.456776766495813 0.449294086776989 0.427077508120593 0.418206498290702 0.393831692233181 0.310314623262943 0.194506572069576 0.0808803281133307 0.0725458503418698 0.181127553677273 0.25083851052853 0.27378144169851 0.279479764028983 0.31192994897196 0.357069662207882 0.374954381108286 0.38234612083961 0.385470775290862 0.387696242110466 0.389962576329402 0.390335897932082 0.388736157709772 0.389943662001303 0.392883152531642 0.396485148730793 0.400516426492365 0.403570232843665 0.40870103221395 0.413952682942244 0.416422151162813 0.418052055216383 0.419266407077524 0.419741255109318 0.420246555490141 0.420750176988082 0.420924211827226
-9999 -9999 -9999 -9999 -9999 -9999 -9999 -9999 -9999 -9999 -9999 -9999 -9999 -9999 -9999 -9999 -9999 -9999 -9999 -9999 0.445788907534232 0.443305213729243 0.432167865416266 0.412243276978974 0.366424600235679 0.296181578391563 0.2034366136648 0.0666598283501656 0.0752775287555983 0.215992900312944 0.270875875878976 0.278052917118041 0.276590881203201 0.292119238036098 0.336001306608812 0.370277672605211 0.380165233369736 0.38273557797978 0.384318877452544 0.386198855075876 0.387190786063398 0.386185627159294 0.386501064276167 0.38846839683799 0.391077716891419 0.393977310688828 0.396913166476875 0.402642490824652 0.407754100131661 0.410227266211826 0.412249138695727 0.413975299265093 0.414777912437943 0.415693243465492 0.416788042326225 0.417559400214241
