layers/veg_krg/veg5200.asc
NCOLS 255 
NROWS 330 
XLLCORNER -2985163.8955 
YLLCORNER -3022031.214 
CELLSIZE 25000 
NODATA_value -9999 
[rows 175 to 199 of 330, columns 56 to 111 of 255]
-9999 -9999 -9999 -9999 -9999 -9999 -9999 -9999 -9999 -9999 -9999 -9999 -9999 -9999 -9999 -9999 -9999 -9999 -9999 -9999 -9999 -9999 0.480005078698391 0.394022292118814 0.314601006327082 0.355116677476884 0.355231454710557 0.262311068058357 0.192064607336074 0.153098505680138 0.0858684453521493 0.0756839547742365 0.0830677637344074 0.115286832990298 0.134281599655208 0.10893874243739 0.0854255705224414 0.0790944638809156 0.0575339911733174 0.071950356570583 0.158601712026283 0.248587489041962 0.355916682720146 0.437703200834662 0.43937426040143 0.417823612639424 0.44826261757539 0.486666873869111 0.501725048980363 0.506742178491621 0.508018821185839 0.508074956725052 0.507790177156316 0.507707789696958 0.507239620171117 0.506515856022951
-9999 -9999 -9999 -9999 -9999 -9999 -9999 -9999 -9999 -9999 -9999 -9999 -9999 -9999 -9999 -9999 -9999 -9999 -9999 -9999 -9999 -9999 -9999 0.41393601462515 0.313483275704139 0.317072580974514 0.303284323902961 0.2162860117351 0.157298404662483 0.117090220218006 0.0675613210318639 0.0960573307291439 0.113730533600907 0.143917939032192 0.13295001982948 0.0951744257976009 0.0697267916366453 0.0433621375746719 0.0292591949631648 0.131140276116115 0.191263260943819 0.247756014367609 0.395006847351282 0.423945261920848 0.430970915934436 0.436940437035952 0.47131311105807 0.492329108389673 0.501466527577153 0.504662927706882 0.50593939678623 0.506508346689741 0.506446610521074 0.506571559069988 0.506358635999491 0.505761782741581
-9999 -9999 -9999 -9999 -9999 -9999 -9999 -9999 -9999 -9999 -9999 -9999 -9999 -9999 -9999 -9999 -9999 -9999 -9999 -9999 -9999 -9999 -9999 0.332733444717218 0.319683503008126 0.310793338031957 0.286929651153649 0.208348802601798 0.142159975954085 0.109921948398712 0.065002274804058 0.0542348160960788 0.0709162192882195 0.116770945160965 0.134682842110347 0.10814799680085 0.0771079171860145 0.0409772252728952 0.0458752186059283 0.159504791097175 0.165379267667416 0.212182543029893 0.393248548428542 0.422932260348092 0.430362060514473 0.442967185060745 0.480816981216661 0.494485636417525 0.501494180517575 0.504109796899184 0.505415862965195 0.505984432331435 0.506015009302556 0.506135636003852 0.505889574409819 0.505353175673784
-9999 -9999 -9999 -9999 -9999 -9999 -9999 -9999 -9999 -9999 -9999 -9999 -9999 -9999 -9999 -9999 -9999 -9999 -9999 -9999 -9999 -9999 -9999 0.378527647013394 0.359920909548192 0.340316229072402 0.285025640773281 0.163894236523028 0.0886943561769994 0.0892187429798484 0.043528301754202 0.0284051575219805 0.0462440318172571 0.0515125612767041 0.101242872115893 0.114604703598813 0.0683532734937883 0.0428872826196355 0.0959206682301342 0.206548253588759 0.21724780907125 0.281401861535127 0.377753558778729 0.3943204546411 0.427382389912066 0.467718980438778 0.483099391326772 0.491444114477603 0.502246540969019 0.50409943722538 0.505040872634195 0.505446633302804 0.505354060753973 0.505345632135598 0.504894978787641 0.504324869122994
-9999 -9999 -9999 -9999 -9999 -9999 -9999 -9999 -9999 -9999 -9999 -9999 -9999 -9999 -9999 -9999 -9999 -9999 -9999 -9999 -9999 -9999 -9999 0.428948946452586 0.398597192798911 0.360553492371088 0.314055088309534 0.212177039107526 0.104412600456894 0.0665731126266403 0.0614328589024765 0.0398186650650642 0.0217198738384682 0.0446686508086569 0.0766610212895442 0.0574301159270471 0.045173361004162 0.063144784169374 0.14185904401496 0.233366501691404 0.26723140619958 0.300297308394909 0.341923819706267 0.361006450701221 0.421240446101159 0.467066928241783 0.471928232555942 0.48951625573822 0.503358817350043 0.50514461834554 0.505367863844574 0.505265847184434 0.504895304711511 0.50466934051663 0.504063221173714 0.503365271903773
-9999 -9999 -9999 -9999 -9999 -9999 -9999 -9999 -9999 -9999 -9999 -9999 -9999 -9999 -9999 -9999 -9999 -9999 -9999 -9999 -9999 -9999 -9999 0.486093130214988 0.429374339850499 0.379764534952747 0.308095974478704 0.202979701657254 0.10122361936987 0.0677180143046152 0.0692963069913022 0.0492414396865444 0.0403001927838737 0.0887187461326416 0.0814096778408766 0.0138718608923376 0.025448259052844 0.0260663264126956 0.088907852369943 0.224832962732646 0.290754678902932 0.309056768632316 0.341059937600902 0.397095098734544 0.44475443352326 0.46979749208698 0.482913366315662 0.494435890285151 0.504880676765988 0.506309303268625 0.506008864631259 0.505419738674759 0.504775804806975 0.50433703636202 0.503618534566496 0.50280002834512
-9999 -9999 -9999 -9999 -9999 -9999 -9999 -9999 -9999 -9999 -9999 -9999 -9999 -9999 -9999 -9999 -9999 -9999 -9999 -9999 -9999 -9999 -9999 0.487123232495807 0.431100666490153 0.389948237601644 0.328942107837873 0.213151247425495 0.110273645537548 0.080178165147789 0.0567175665711776 0.0385399171355077 0.0713614739195233 0.0994423118189174 0.0894805753034451 0.0577058931311464 0.00865566121920553 0 0.064862175752901 0.147585357658015 0.2523634203556 0.325956034409558 0.35389598049181 0.420770729866158 0.424894822882627 0.449461310846014 0.488129112084602 0.498499367218626 0.505431117049536 0.507207733186117 0.506511021498964 0.505451319702254 0.504533904662512 0.50394166924065 0.503010585816937 0.501962929560494
-9999 -9999 -9999 -9999 -9999 -9999 -9999 -9999 -9999 -9999 -9999 -9999 -9999 -9999 -9999 -9999 -9999 -9999 -9999 -9999 -9999 -9999 -9999 0.465799126483792 0.4611748232102 0.433377799110657 0.359752579139443 0.223785523826781 0.123665002157325 0.0637555494038242 0.00229977310405199 0 0.0327255810870487 0.0791676423536076 0.102761702167481 0.114504445502636 0.055137721887937 0.0189042576209569 0.0190879579993248 0.0543930913199246 0.20565550102788 0.327551124344192 0.374974332637439 0.409693761121871 0.394156030955299 0.456841653930718 0.492213606575971 0.502433465696682 0.507590213785629 0.508813815248388 0.507620742297451 0.506078526298732 0.504794663878699 0.503797075120056 0.502575064729138 0.50138740545893
-9999 -9999 -9999 -9999 -9999 -9999 -9999 -9999 -9999 -9999 -9999 -9999 -9999 -9999 -9999 -9999 -9999 -9999 -9999 -9999 -9999 -9999 -9999 0.464881933390854 0.455280442542108 0.434054853268585 0.361421489082093 0.232138157015115 0.149361737859421 0.0881230199886159 0.0217500942357056 0.00234399249604923 0.0284418805418268 0.0773130440994903 0.105732357693591 0.123045089959179 0.0753775695579692 0.0614023494490069 0.0400389115801831 0.0518429686465265 0.206766322232367 0.316761711774905 0.360756358357632 0.425938766313438 0.406213211981006 0.447572683277911 0.493580586227073 0.502983091987054 0.50798293132358 0.508939003430491 0.507661725109228 0.505939753934417 0.504426643797734 0.503205068687723 0.501863942689656 0.500461188717945
-9999 -9999 -9999 -9999 -9999 -9999 -9999 -9999 -9999 -9999 -9999 -9999 -9999 -9999 -9999 -9999 -9999 -9999 -9999 -9999 -9999 -9999 -9999 0.468970292656438 0.46186667095922 0.437867442988729 0.356504376790897 0.213224508496864 0.133678943025511 0.0710720087500966 0 0 0 0.0491275672251321 0.133376638130904 0.132882371767135 0.112905163360851 0.127483031613388 0.10690965398639 0.134561483551561 0.226345603092474 0.268481088686656 0.3219897972805 0.442835419374986 0.457702542855959 0.484433097463454 0.500519262787997 0.507158765725851 0.509567074071121 0.509365501579875 0.50812037892016 0.506149477331823 0.504352556919235 0.50268099767745 0.500636818213792 0.498766301022561
-9999 -9999 -9999 -9999 -9999 -9999 -9999 -9999 -9999 -9999 -9999 -9999 -9999 -9999 -9999 -9999 -9999 -9999 -9999 -9999 -9999 -9999 -9999 0.4871442087016 0.417772321980875 0.389770156823514 0.326813588026141 0.170914187501388 0.0869564983560457 0.0653380643307801 0.0199830247536534 0 0 0.0278276160081014 0.0743863271839895 0.0860677714638885 0.118620413066192 0.12213206651374 0.142138284293836 0.202716215535083 0.189744441265995 0.226782832876233 0.377535220135374 0.473654300714647 0.491831352833727 0.497601846800685 0.505481099140032 0.509639535314637 0.511087863353421 0.509995681474234 0.508267665021086 0.506180478565193 0.504344946123634 0.502530807174773 0.499319963059366 0.497026660938276
-9999 -9999 -9999 -9999 -9999 -9999 -9999 -9999 -9999 -9999 -9999 -9999 -9999 -9999 -9999 -9999 -9999 -9999 -9999 -9999 -9999 -9999 0.519304675519768 0.481282069589767 0.419242941074199 0.365391616149363 0.279324547185359 0.176412083046968 0.101575105964673 0.0528075965906625 0.0077732383249375 0.000524113168288094 0.0245504929804513 0.114475620079145 0.107110512209732 0.0395544184035228 0.125591954803069 0.210185644565652 0.237887413797812 0.253463736620139 0.166802131917332 0.205743994999845 0.43559127917115 0.49828952351068 0.496527850996411 0.498665618016684 0.504400083497803 0.508876830846364 0.51197639792649 0.510528018325626 0.508556836788956 0.506326069738433 0.504370025289224 0.502234597184127 0.498666589999184 0.495898087149858
-9999 -9999 -9999 -9999 -9999 -9999 -9999 -9999 -9999 -9999 -9999 -9999 -9999 -9999 -9999 -9999 -9999 -9999 -9999 -9999 -9999 -9999 0.519298992367326 0.479806839866929 0.414776986136662 0.372662950981531 0.315465484942354 0.196751718341338 0.0883396062241864 0.0329733632917094 0 0 0 0.135074253413751 0.223674371589353 0.16516194668967 0.208310114722869 0.28457348304168 0.256323937029895 0.206587155449069 0.170673432223646 0.308027079749546 0.47848652804249 0.50074440151527 0.499647626308413 0.499837096548471 0.502541164938669 0.506889474052932 0.511366917046837 0.51015569538955 0.508223720276748 0.505805409105766 0.503459437752589 0.501145430380955 0.497682434701858 0.494299108223557
-9999 -9999 -9999 -9999 -9999 -9999 -9999 -9999 -9999 -9999 -9999 -9999 -9999 -9999 -9999 -9999 -9999 -9999 -9999 -9999 -9999 -9999 0.52980666332425 0.514118508052773 0.478768695725815 0.430545960697603 0.316533782804411 0.176022022495058 0.0705160130820582 0.00473746544030346 0 0 0.00962798956119318 0.167371621715914 0.301965987024233 0.262904482066537 0.247756855361922 0.325352643870258 0.321032752133925 0.321184614185342 0.306591316023633 0.381234342326583 0.483689287024056 0.501610779734417 0.502190682879918 0.500372930748187 0.50154831301912 0.50681882926842 0.510093460912177 0.509922829139398 0.508210451858548 0.505504176314992 0.503064970750741 0.500510836349649 0.496214151135384 0.492521022451334
-9999 -9999 -9999 -9999 -9999 -9999 -9999 -9999 -9999 -9999 -9999 -9999 -9999 -9999 -9999 -9999 -9999 -9999 -9999 -9999 -9999 -9999 0.53563200336078 0.505626558381402 0.463263555795914 0.407232992495081 0.293738533355984 0.166108136832454 0.0804191842650765 0.0156386612891797 0 0 0.00176916354788098 0.142924499227013 0.298852592264621 0.283210745004389 0.276403216603855 0.326763332638777 0.350904335499421 0.379753181745136 0.3413244411346 0.374012712934904 0.475862523289082 0.499499557592638 0.497473943202874 0.492997992974272 0.497436408112753 0.505930010041754 0.508755542085243 0.508812345485383 0.507274181121915 0.504734408448479 0.502316500975867 0.499691900202988 0.495626973979191 0.492169863905447
-9999 -9999 -9999 -9999 -9999 -9999 -9999 -9999 -9999 -9999 -9999 -9999 -9999 -9999 -9999 -9999 -9999 -9999 -9999 -9999 -9999 0.533003740572515 0.530954025519439 0.490771205084765 0.43722163430529 0.384170226407315 0.283588368091769 0.162267618921488 0.0667492342152711 0 0 0.00853891067609165 0.0518028804039304 0.167128361952604 0.281744785825848 0.332400526125417 0.37415587310851 0.420594924872681 0.433606488326589 0.440082269021797 0.350816439318952 0.321372999781929 0.446291138910729 0.488666136369331 0.482963339352877 0.479620257751954 0.491750381559322 0.5032070177461 0.507642409306757 0.507367736833948 0.506196817401033 0.504158776954677 0.501706019213249 0.499007363846291 0.496736460661364 0.495147195383345
-9999 -9999 -9999 -9999 -9999 -9999 -9999 -9999 -9999 -9999 -9999 -9999 -9999 -9999 -9999 -9999 -9999 -9999 -9999 -9999 -9999 0.507558951425124 0.512251735124732 0.489101393254171 0.420566704588695 0.349469367776097 0.271888886079465 0.168437049270454 0.0724767543568827 0 0 0.0562714383518619 0.0825783463926877 0.150318230460879 0.274780219227716 0.368355991281881 0.385556888395485 0.429914060140677 0.44152404977576 0.438988273235585 0.31345030896967 0.273766098731077 0.428529334429922 0.469774739762122 0.470301650562128 0.477877315150677 0.495527875270809 0.504186779461967 0.507160017975192 0.506624075654292 0.505378498507637 0.503105782435365 0.500864882378258 0.498640274757281 0.496533787209843 0.494574259969968
-9999 -9999 -9999 -9999 -9999 -9999 -9999 -9999 -9999 -9999 -9999 -9999 -9999 -9999 -9999 -9999 -9999 -9999 -9999 -9999 -9999 0.497660562909757 0.495251680183893 0.468570843063806 0.38507010716926 0.293940042103813 0.237657508221393 0.138167445373247 0.0481371863449932 0.0336201369993846 0.054947061123815 0.113252739179689 0.14093989963403 0.148949659155801 0.229182190485848 0.380718313751424 0.4071598654581 0.427068738772785 0.442435122630438 0.432924086631624 0.285121152995283 0.240922981370273 0.393277971529336 0.436688228097956 0.471965940709357 0.483698832066399 0.499467978743094 0.506341086617909 0.507321486128879 0.506147220529273 0.504745723797451 0.502433451976692 0.500045108168469 0.497329322993722 0.494474831376963 0.492360670684261
-9999 -9999 -9999 -9999 -9999 -9999 -9999 -9999 -9999 -9999 -9999 -9999 -9999 -9999 -9999 -9999 -9999 -9999 -9999 -9999 -9999 0.5076036766852 0.496396630973651 0.449112895109583 0.376381270052209 0.263893940294042 0.136472208198033 0.0600352295780582 0.0431948617901242 0.0472257417211481 0.0996232826805623 0.186174250615692 0.230243086977136 0.18428531477579 0.199365648791007 0.349632330102166 0.354069700569894 0.375115724046021 0.435139631524965 0.404742147575325 0.310807571867076 0.325372329630938 0.42147762941469 0.452135985167162 0.481419269492606 0.488835535648226 0.499912260163217 0.506319813602654 0.506185379979952 0.504740963066746 0.503288383393775 0.500957893691343 0.498615399091384 0.496056470658127 0.492763437928324 0.4899250664769
-9999 -9999 -9999 -9999 -9999 -9999 -9999 -9999 -9999 -9999 -9999 -9999 -9999 -9999 -9999 -9999 -9999 -9999 -9999 -9999 -9999 0.474632078817502 0.478792314622824 0.421141768737844 0.338381766870613 0.234922401889463 0.0955271320832072 0.0286919187162084 0.0378261840580088 0.0520523358268781 0.134168168368034 0.23904406586991 0.284890228268702 0.211672744223815 0.179174480574618 0.312148159705335 0.278052873671884 0.300917050393 0.417620816678867 0.387930593353766 0.389653169347625 0.44080219354452 0.435274750227067 0.464969903587946 0.487358588979616 0.49227700602659 0.500770256337494 0.505901772848211 0.504753414262452 0.502891549524203 0.501556522173931 0.499397023133908 0.497011822908491 0.494532259095059 0.491061589483046 0.487936226120237
-9999 -9999 -9999 -9999 -9999 -9999 -9999 -9999 -9999 -9999 -9999 -9999 -9999 -9999 -9999 -9999 -9999 -9999 -9999 -9999 -9999 0.463967876653599 0.433234681702336 0.40914936512945 0.313424328536848 0.196148074514318 0.0888940488137377 0.0211697076753808 0.0380529175094113 0.0802177060366835 0.132643069580025 0.212202067328062 0.283641724704807 0.214116552190851 0.143653372332757 0.254590449358858 0.277133407608205 0.308687134527159 0.397691285471443 0.449093787685133 0.481165905698622 0.467802214150594 0.45164734164873 0.471435734213192 0.488838626045629 0.494409562201696 0.502620053396631 0.50482767917565 0.500619198900011 0.497707686535132 0.498833830674389 0.49846195359968 0.496222488606605 0.493578776013104 0.490079920659715 0.48683522793974
-9999 -9999 -9999 -9999 -9999 -9999 -9999 -9999 -9999 -9999 -9999 -9999 -9999 -9999 -9999 -9999 -9999 -9999 -9999 -9999 0.498378369086252 0.457466354462472 0.418088991643973 0.372951361474965 0.267286909238993 0.220489152904764 0.126670589204185 0.0149085679474148 0.0654729560607046 0.118602639241383 0.14296533962663 0.191990089134615 0.277382862711582 0.238470336972396 0.151253527758119 0.262342117254427 0.335501704928933 0.353221576270596 0.405143562870873 0.468883018782107 0.483631906003771 0.485560392612234 0.479609692316055 0.480587476875897 0.491070658159692 0.496058218024638 0.502273161452648 0.497664719965038 0.483550215454609 0.475250917224112 0.484854819868592 0.495703779925859 0.494570073351074 0.491878596188566 0.488363825064439 0.485064042735408
-9999 -9999 -9999 -9999 -9999 -9999 -9999 -9999 -9999 -9999 -9999 -9999 -9999 -9999 -9999 -9999 -9999 -9999 -9999 -9999 -9999 0.456385916081038 0.399322476492197 0.321206214416062 0.20016769838185 0.134956601823084 0.0515256719665098 0.014086907362743 0.0668014516682369 0.132298194382334 0.226662310461974 0.334425669208436 0.352021311006127 0.33037004779889 0.297946697897068 0.348602601755458 0.363589731053482 0.372622012731227 0.464953810950355 0.477679677896931 0.481407693608457 0.483334105575447 0.484561281250371 0.488403196305724 0.494007650097704 0.495368644050828 0.498151282339353 0.491911856556531 0.466306018025347 0.452659157176036 0.47312126257128 0.492626019764127 0.493088709214211 0.490308171743017 0.486488938060021 0.482975667232389
-9999 -9999 -9999 -9999 -9999 -9999 -9999 -9999 -9999 -9999 -9999 -9999 -9999 -9999 -9999 -9999 -9999 -9999 -9999 -9999 -9999 0.468803501734456 0.45487588794243 0.341142311644559 0.173673031566589 0.0997931727295581 0.0533907775407579 0.00168627112173772 0.0580856749357746 0.132013275879116 0.221932212394544 0.335984486000743 0.373027599289585 0.364560903410841 0.321153665094056 0.335100464234853 0.362968645562951 0.384125801490797 0.470311978421311 0.478022837312529 0.480688760162188 0.478691794663942 0.482879684660957 0.491797221653532 0.493203303259984 0.491740851024769 0.49291615104716 0.48139741052786 0.450331885392686 0.446455221120098 0.47408015668801 0.492302089783832 0.491861388187105 0.489111562070882 0.48516414007993 0.480875341843042
-9999 -9999 -9999 -9999 -9999 -9999 -9999 -9999 -9999 -9999 -9999 -9999 -9999 -9999 -9999 -9999 -9999 -9999 -9999 -9999 -9999 0.45467028382476 0.425990361792506 0.332822424028559 0.188713739032924 0.0940221894569451 0.0450508404706533 0.0186359135501071 0.0478449714511295 0.125739477226307 0.216810457517094 0.290814413210248 0.350386287744323 0.371666026034679 0.332725441914039 0.322842571649202 0.357500483251392 0.411743026098783 0.466402793271042 0.474293808295389 0.478026559367113 0.477230781405646 0.481749476248918 0.490183339623168 0.490707347817415 0.489904227350116 0.48619201929739 0.462650544884147 0.437040113060814 0.450324934247561 0.478201140868138 0.490803148347089 0.49001732535989 0.487272611591225 0.483049731315069 0.478453396959983
