layers/veg_krg/veg5000.asc
NCOLS 255 
NROWS 330 
XLLCORNER -2985163.8955 
YLLCORNER -3022031.214 
CELLSIZE 25000 
NODATA_value -9999 
[rows 25 to 49 of 330, columns 112 to 167 of 255]
0.495888246128824 0.49889583528561 0.50208257996238 0.503996703821414 -9999 -9999 -9999 -9999 -9999 -9999 -9999 -9999 -9999 -9999 -9999 -9999 -9999 -9999 -9999 -9999 -9999 -9999 -9999 -9999 -9999 -9999 -9999 -9999 -9999 -9999 -9999 -9999 -9999 -9999 -9999 -9999 -9999 -9999 -9999 -9999 -9999 -9999 -9999 -9999 -9999 -9999 -9999 -9999 -9999 -9999 -9999 -9999 -9999 -9999 -9999 -9999
0.490717082702369 0.494481389510993 0.497308531954996 0.501230619282557 0.505446237073487 0.50903098872022 0.514095775818367 -9999 -9999 -9999 -9999 -9999 -9999 -9999 -9999 -9999 -9999 -9999 -9999 -9999 -9999 -9999 -9999 -9999 -9999 -9999 -9999 -9999 -9999 -9999 -9999 -9999 -9999 -9999 -9999 -9999 -9999 -9999 -9999 -9999 -9999 -9999 -9999 -9999 -9999 -9999 -9999 -9999 -9999 -9999 -9999 -9999 -9999 -9999 -9999 -9999
0.47982226236769 0.48457934332193 0.492120731056383 0.498214548872841 0.503868211548487 0.508881828786353 0.513966283195857 0.519722634169111 0.525254559773455 -9999 -9999 -9999 -9999 -9999 -9999 -9999 -9999 -9999 -9999 -9999 -9999 -9999 -9999 -9999 -9999 -9999 -9999 -9999 -9999 -9999 -9999 -9999 -9999 -9999 -9999 -9999 -9999 -9999 -9999 -9999 -9999 -9999 -9999 -9999 -9999 -9999 -9999 -9999 -9999 -9999 -9999 -9999 -9999 -9999 -9999 -9999
0.462592276020694 0.483633211631561 0.489600325642183 0.494606223475619 0.50117305510968 0.506717873341319 0.512140002967919 0.518779837110027 0.525051726700258 0.529155730469678 0.532912704704734 -9999 -9999 -9999 -9999 -9999 -9999 -9999 -9999 -9999 -9999 -9999 -9999 -9999 -9999 -9999 -9999 -9999 -9999 -9999 -9999 -9999 -9999 -9999 -9999 -9999 -9999 -9999 -9999 -9999 -9999 -9999 -9999 -9999 -9999 -9999 -9999 -9999 -9999 -9999 -9999 -9999 -9999 -9999 -9999 -9999
0.460399769925637 0.472617336366956 0.47766875778699 0.485089239743331 0.493267043567696 0.49927734332325 0.506293231164687 0.515690685894541 0.522884066702642 0.527722241152416 0.532939837422367 0.539493978765544 0.546284189291358 -9999 -9999 -9999 -9999 -9999 -9999 -9999 -9999 -9999 -9999 -9999 -9999 -9999 -9999 -9999 -9999 -9999 -9999 -9999 -9999 -9999 -9999 -9999 -9999 -9999 -9999 -9999 -9999 -9999 -9999 -9999 -9999 -9999 -9999 -9999 -9999 -9999 -9999 -9999 -9999 -9999 -9999 -9999
0.433225907152236 0.455710185353747 0.467971034033159 0.474950783523065 0.483960102532904 0.493037726489638 0.501901177185903 0.512601662744678 0.521112089337387 0.527042190515592 0.533046409467602 0.539815277929504 0.546130206607799 0.551588101392062 -9999 -9999 -9999 -9999 -9999 -9999 -9999 -9999 -9999 -9999 -9999 -9999 -9999 -9999 -9999 -9999 -9999 -9999 -9999 -9999 -9999 -9999 -9999 -9999 -9999 -9999 -9999 -9999 -9999 -9999 -9999 -9999 -9999 -9999 -9999 -9999 -9999 -9999 -9999 -9999 -9999 -9999
0.436706852349468 0.452497826685171 0.460031246042018 0.468312128469318 0.478943769961394 0.490521630277439 0.500390850097251 0.510623664575258 0.519431969211271 0.524552496705211 0.531011407928173 0.538326391619691 0.544623254566572 0.551011069801736 0.554933528981377 -9999 -9999 -9999 -9999 -9999 -9999 -9999 -9999 -9999 -9999 -9999 -9999 -9999 -9999 -9999 -9999 -9999 -9999 -9999 -9999 -9999 -9999 -9999 -9999 -9999 -9999 -9999 -9999 -9999 -9999 -9999 -9999 -9999 -9999 -9999 -9999 -9999 -9999 -9999 -9999 -9999
0.445626960119772 0.453345388306126 0.460097434055439 0.465170604458756 0.474620221448931 0.485991170053131 0.495416123187084 0.506462267208658 0.515460439118571 0.52102463806283 0.526370526224214 0.535803099575947 0.54461722996024 0.551876570049469 0.556840224927662 -9999 -9999 -9999 -9999 -9999 -9999 -9999 -9999 -9999 -9999 -9999 -9999 -9999 -9999 -9999 -9999 -9999 -9999 -9999 -9999 -9999 -9999 -9999 -9999 -9999 -9999 -9999 -9999 -9999 -9999 -9999 -9999 -9999 -9999 -9999 -9999 -9999 -9999 -9999 -9999 -9999
0.443988516918168 0.45388699949658 0.461751564809277 0.468406831821029 0.477604601682004 0.487401183827384 0.494470596801158 0.503111245783128 0.51242392111157 0.518975880065926 0.524187976080521 0.534118451401946 0.543453872930057 0.550756786520609 0.562011194790561 0.570590369373049 -9999 -9999 -9999 -9999 -9999 -9999 -9999 -9999 -9999 -9999 -9999 -9999 -9999 -9999 -9999 -9999 -9999 -9999 -9999 -9999 -9999 -9999 -9999 -9999 -9999 -9999 -9999 -9999 -9999 -9999 -9999 -9999 -9999 -9999 -9999 -9999 -9999 -9999 -9999 -9999
0.444428197032416 0.452215773431528 0.456831110250374 0.464254068861498 0.475482774859332 0.485748148569676 0.496598891894997 0.504549870347532 0.513224993101281 0.521905339291682 0.527508763252888 0.536247249708623 0.544584865229235 0.551189266940332 0.561222008711894 0.570613456678527 0.576862881129452 0.584640005995581 -9999 -9999 -9999 -9999 -9999 -9999 -9999 -9999 -9999 -9999 -9999 -9999 -9999 -9999 -9999 -9999 -9999 -9999 -9999 -9999 -9999 -9999 -9999 -9999 -9999 -9999 -9999 -9999 -9999 -9999 -9999 -9999 -9999 -9999 -9999 -9999 -9999 -9999
0.44157350427182 0.437405109952744 0.418854074299932 0.42060516520694 0.454926800535659 0.483051156643748 0.495736918423488 0.505542461484797 0.515722834860513 0.522186537126623 0.529159451360865 0.538798618327883 0.544830048084985 0.552504332436599 0.563529874214727 0.570895780116161 0.577869853730392 0.584780701211048 0.591435363791127 0.596479969392113 -9999 -9999 -9999 -9999 -9999 -9999 -9999 -9999 -9999 -9999 -9999 -9999 -9999 -9999 -9999 -9999 -9999 -9999 -9999 -9999 -9999 -9999 -9999 -9999 -9999 -9999 -9999 -9999 -9999 -9999 -9999 -9999 -9999 -9999 -9999 -9999
0.440034446059293 0.414221420274527 0.38655431173999 0.397809932979656 0.431916785079341 0.476414396535244 0.502374417149814 0.511527426025765 0.518484641387105 0.524581797505255 0.531460283447855 0.541244361212177 0.549442578283753 0.557448807340508 0.564948665517284 0.571508119370134 0.578770182496247 0.586277211144142 0.592324967178362 0.59667874645705 0.599666342154526 -9999 -9999 -9999 -9999 -9999 -9999 -9999 -9999 -9999 -9999 -9999 -9999 -9999 -9999 -9999 -9999 -9999 -9999 -9999 -9999 -9999 -9999 -9999 -9999 -9999 -9999 -9999 -9999 -9999 -9999 -9999 -9999 -9999 -9999 -9999
0.423897062524643 0.396408611561814 0.375576223982929 0.39396082235518 0.421898834524808 0.452804206442373 0.49154931076457 0.509920342216538 0.514771547646441 0.523871923991879 0.532769719607419 0.543724357793994 0.551994271684046 0.558437648824631 0.566096297879653 0.572590761804641 0.579492169647256 0.587609384266921 0.594118745168124 0.598942137183163 0.607064951241574 0.614151939663465 0.618770714406296 0.625150573118027 0.631072057322315 0.636787276353743 0.64340045752126 0.649500642518055 0.655614303472741 0.662952634344109 0.66983176547574 0.675558872982608 0.682529253148959 0.689525618293201 0.694427525170404 -9999 -9999 -9999 -9999 -9999 -9999 -9999 -9999 -9999 -9999 -9999 -9999 -9999 -9999 -9999 -9999 -9999 -9999 -9999 -9999 -9999
0.328226355193579 0.356333406324253 0.382163562306147 0.406162885716868 0.439659937805164 0.456083289686073 0.461994336599904 0.48770466073437 0.517122416361574 0.530597960758148 0.541096713357327 0.54871621140648 0.554347224724974 0.561975782665116 0.571115568031461 0.576412443113112 0.581989091392927 0.590407428923351 0.59697212109237 0.602069484813424 0.608795259319348 0.614261915550424 0.61895510150314 0.625357281851865 0.631307865627449 0.63702068527663 0.643611084966218 0.649665251625046 0.655779233149021 0.663171909088773 0.670050997698083 0.675873993374575 0.682893727417798 0.689854065681401 0.694890939292779 0.703120402299018 0.712987578524398 -9999 -9999 -9999 -9999 -9999 -9999 -9999 -9999 -9999 -9999 -9999 -9999 -9999 -9999 -9999 -9999 -9999 -9999 -9999
0.333057070266724 0.35350067176665 0.372439581312385 0.421244235925745 0.457228370484161 0.458778905546599 0.45002140754166 0.467850245132254 0.508049313597444 0.534269262297227 0.546566928059359 0.554660655065845 0.560444047112702 0.56728838796422 0.575399928582513 0.580328282022477 0.584686206975357 0.592332991959807 0.597844915486581 0.603619606327342 0.610380970641404 0.615573857784877 0.620918873391909 0.627603040094369 0.633845141568052 0.639550459446701 0.645946202521938 0.651550717579745 0.657652686885888 0.665586640996609 0.672462965858454 0.679237271331455 0.68678274765121 0.693346111154217 0.699709622487193 0.707216523022789 0.713231937794189 0.720370153282962 -9999 -9999 -9999 -9999 -9999 -9999 -9999 -9999 -9999 -9999 -9999 -9999 -9999 -9999 -9999 -9999 -9999 -9999
0.35428756275965 0.36466962372587 0.368158681376002 0.407595893464886 0.451865050184311 0.46272058916828 0.45050931779974 0.459385048878663 0.488868920928956 0.510849119685015 0.535587726535832 0.555519345436732 0.565373437113811 0.571447508444512 0.576083424502632 0.580853665009241 0.587075756406621 0.593634802370347 0.598818321813488 0.604655933535459 0.612343013354789 0.617741507328249 0.622269793028783 0.629584149211754 0.635854411365364 0.641704015875501 0.648525440295675 0.654029379716074 0.660000853529227 0.668165208071132 0.675121403341337 0.682093269366756 0.689883038199514 0.696150061593244 0.702510296995108 0.710532341489597 0.716014046880977 0.721704746614059 0.731525163722803 0.740138044371852 0.746095696619978 -9999 -9999 -9999 -9999 -9999 -9999 -9999 -9999 -9999 -9999 -9999 -9999 -9999 -9999 -9999
0.392097180957862 0.392571705910227 0.399382419811083 0.389216941960387 0.406225471326517 0.428889040705422 0.424139444724189 0.458571762191526 0.485547469057052 0.501298814439679 0.514821463341939 0.539082995678055 0.567869725681553 0.575506559243391 0.579234412521426 0.585486364106648 0.589791803560235 0.594797682754769 0.600255373157794 0.606432508596347 0.612945027672235 0.617106891569782 0.621583004066483 0.628886813443399 0.63518162320427 0.641044374944914 0.64910614460776 0.653370525041735 0.659265366140172 0.668914420103685 0.677342322442707 0.685696504138243 0.692257487915784 0.699837443481961 0.706236033863681 0.713181472824488 0.720560096099858 0.727341979943539 0.734755645666096 0.740670562599746 0.74656409241348 0.755509120045476 -9999 -9999 -9999 -9999 -9999 -9999 -9999 -9999 -9999 -9999 -9999 -9999 -9999 -9999
0.419563125404833 0.417266631950324 0.417903558977844 0.423299075222928 0.443621715683165 0.454725271404284 0.450456262023504 0.463842117608815 0.479241787269689 0.483744580430929 0.508144839961765 0.553012077771832 0.573877646220476 0.579372558495394 0.579570597063401 0.583587296256372 0.592529067533211 0.596976324311943 0.601079286260267 0.604849817390701 0.610155903338074 0.616520483702744 0.620012748550327 0.626158247792889 0.635180676920029 0.642463353000978 0.650031911284557 0.655968598355591 0.659701560061104 0.666983480824407 0.679654391751505 0.687312354273883 0.695049065417711 0.704012541597111 0.706181982383669 0.71574085516271 0.72938537302669 0.734976549155741 0.740391802061802 0.746417241599889 0.75188438343475 0.757685326415762 0.764186561743338 0.76514250414955 -9999 -9999 -9999 -9999 -9999 -9999 -9999 -9999 -9999 -9999 -9999 -9999
0.424150646952941 0.430989773682782 0.432443411237983 0.434678073710046 0.461907750847419 0.478193628605943 0.489670197695549 0.500362429973358 0.503660973964434 0.50943581124181 0.533860577351993 0.566407861504495 0.57916295529787 0.582178858717594 0.577209564225949 0.579557576555656 0.593402808224616 0.598492941651165 0.602043996000257 0.603998691384699 0.606467400539806 0.605353481497232 0.602482502746942 0.618473140265663 0.636819006501852 0.641977300495844 0.647216300166383 0.65175204153779 0.660211640459794 0.673401124916972 0.683390173491283 0.690865350776694 0.697815281139242 0.701749483176438 0.704999951060373 0.717478182490768 0.73063200336834 0.738226409687934 0.744533695461855 0.75167488980219 0.75912587065089 0.763484720747619 0.765271455403733 0.765361523442076 0.766332861540558 0.768541493012047 -9999 -9999 -9999 -9999 -9999 -9999 -9999 -9999 -9999 -9999
0.47400563440515 0.491766783353407 0.499644296915545 0.505875711397024 0.51848645919434 0.523611635229649 0.521000017547088 0.526359418060832 0.529875494695077 0.520130446244639 0.532525892861465 0.565967859161043 0.583938678464126 0.584520347770645 0.586079356386573 0.59132622797185 0.595512573666652 0.600429962358972 0.603539928646348 0.605936721132906 0.60405673479969 0.601583454775652 0.610829091903313 0.626357471640371 0.635781889986156 0.639317703257564 0.646016912157075 0.653665720535153 0.663161140266392 0.675570919354922 0.682996033260106 0.687491517725737 0.698567507847754 0.710645690922341 0.717798228606853 0.726849476853134 0.736169173290956 0.743325532292787 0.749795254509993 0.755705512967659 0.762863855282181 0.770521503207139 0.771427751894334 0.768443969919495 0.7687753427234 0.768807178330679 0.763515021428412 -9999 -9999 -9999 -9999 -9999 -9999 -9999 -9999 -9999
0.530357626651057 0.551081395544517 0.559393892231881 0.56316224906117 0.567825210556989 0.563619250593722 0.54999666035293 0.551374178789952 0.563022654082442 0.559611248345897 0.551814309252208 0.567040454302943 0.588515663129118 0.588835068486093 0.59160524653777 0.59443686318022 0.597531807270159 0.602067971062926 0.605365717783882 0.605550818637966 0.60407935263942 0.601880070294183 0.610854642704901 0.628862544076641 0.634743080148888 0.634962039784565 0.64148791532038 0.654348047699345 0.664647644502043 0.676717429129075 0.680412594158614 0.679996807806228 0.693722079204779 0.712655995518667 0.72106995420633 0.730528428133631 0.737909714637449 0.744695653254905 0.751191413705277 0.755928549860758 0.765636690995769 0.775310971808539 0.779424673687371 0.777564907870114 0.774031328293924 0.77114910417805 0.765112149257263 0.757811451566957 -9999 -9999 -9999 -9999 -9999 -9999 -9999 -9999
0.555401704224886 0.564686311094345 0.569801936323495 0.572985000041751 0.576235495181162 0.576617208065346 0.560503436146627 0.558352116450347 0.58036691005167 0.583577647169647 0.580138118608017 0.583153616752462 0.590803812193918 0.592128009801514 0.594535555149226 0.596115446601387 0.598869016571956 0.603244402572238 0.605646857878648 0.606264035671962 0.600045830485928 0.601713444253673 0.61326973258044 0.622492220143058 0.631212619715658 0.634678345319644 0.646005566549125 0.657242584684323 0.665863879243608 0.672027800817224 0.679931360194638 0.69245791377726 0.704578724384582 0.715301828241285 0.7201276714161 0.725977282212591 0.734617131564647 0.742916829585699 0.74943658035738 0.754236992335241 0.766681431891438 0.773500702456042 0.776943390861248 0.777550685955364 0.773390112952997 0.768751312727828 0.764939738413715 0.759232840124423 0.756351080823302 -9999 -9999 -9999 -9999 -9999 -9999 -9999
0.567373864912403 0.574866837632975 0.578367379152362 0.581070273453768 0.583982878052243 0.585359179834799 0.586378486947621 0.588372402771978 0.58940669892047 0.589360787435636 0.589931523197836 0.590373842765784 0.591983296990481 0.593557526330361 0.595371415261625 0.598533656773629 0.600430378702953 0.604921387405726 0.606288437110289 0.604250008806438 0.604735369482594 0.604727426905183 0.606097202492499 0.611246392734804 0.614793068327693 0.623248386082635 0.641463893283851 0.655969608635707 0.662487174160998 0.670115283441895 0.678897560812466 0.690240211115311 0.702776668274513 0.711724887284403 0.718066472261488 0.727186713056206 0.737211888991733 0.744719633933328 0.751182139733549 0.755875969913118 0.764624367785123 0.774924949986925 0.776373295869921 0.774273930229248 0.772438569499484 0.772077772214927 0.769926368034563 0.763367700235504 0.756218167087098 -9999 -9999 -9999 -9999 -9999 -9999 -9999
0.577007682354864 0.58213950671298 0.585342424830225 0.58743619345181 0.589854224775617 0.591518856999078 0.591904104203153 0.59134421832544 0.585340262808501 0.574218580082142 0.57148563595595 0.577464415893446 0.58647254893254 0.595005712138496 0.596937360267212 0.599568110017464 0.601641542321254 0.602432523082115 0.605730211988803 0.60812112049667 0.609514739584706 0.61030920220674 0.612853337163081 0.618027075948522 0.622770471457568 0.633087855235586 0.644441273747898 0.652486436916101 0.659598630631281 0.669516059001736 0.679755888773863 0.689055658929249 0.699233898485509 0.709302481401518 0.716824760807063 0.725458022419272 0.732189792813201 0.731521638529684 0.738201620909223 0.75485745346301 0.766944478808753 0.773060600817283 0.772853452929187 0.772871320107007 0.77134892350255 0.769241909920966 0.766869665701556 0.762401075997098 0.757130944995355 0.753951608770318 -9999 -9999 -9999 -9999 -9999 -9999
0.579837948053969 0.584025061706223 0.586210294063123 0.589467369679238 0.593317778880938 0.594154504834748 0.593468409449641 0.581240311979974 0.558322565561769 0.54419851904884 0.549255204888493 0.567000687621453 0.583350368339489 0.593766103771311 0.589818991619398 0.589951279787363 0.593303498773917 0.595793931432722 0.600178508270229 0.605139884689539 0.610095547368987 0.61124072287817 0.612692908835823 0.610844364234347 0.611879211868199 0.624454092618563 0.638612448156582 0.651887584371547 0.659348143865282 0.66905347139808 0.677414650473328 0.684359293396896 0.69541395978336 0.706083315660607 0.714007289496306 0.725463824546216 0.736589808003338 0.744849246798836 0.752348469967748 0.755707429589988 0.762639190650622 0.771275466902716 0.772186831037353 0.772438343721422 0.770046395955394 0.76626140118628 0.763948468976939 0.762067913432288 0.757667230623794 0.754612740765343 -9999 -9999 -9999 -9999 -9999 -9999
