layers/veg_krg/veg5200.asc
NCOLS 255 
NROWS 330 
XLLCORNER -2985163.8955 
YLLCORNER -3022031.214 
CELLSIZE 25000 
NODATA_value -9999 
[rows 175 to 199 of 330, columns 112 to 167 of 255]
0.505290296868063 0.503440817078345 0.501354645108855 0.499034449786162 0.496289771019775 0.493992219868526 0.491718543187703 0.488532218912649 0.485661242098501 0.483204642669389 0.480096892122877 0.476417984337915 0.473168435122429 0.469736498951424 0.465505455071052 0.461849595135582 0.458293675574339 0.453808492108196 0.449797644555646 0.444076907177319 0.431473687250962 0.417816277545857 0.410532288661138 0.405972838196481 0.401776892110278 0.395122183704347 0.388259851612029 0.385593289388509 0.385241205568483 0.381949347208864 0.369884043699126 0.355197123581713 0.347603337698206 0.349142560554818 0.348678169032347 0.336311378402728 0.323177334341543 0.312815987544829 0.300785274499854 0.305327282774266 0.313527940585139 0.306841333866973 0.303699869352826 0.30331281768515 0.300885065918094 0.296447138161695 0.307556393787519 0.336210736844684 0.369692776274217 0.392675086274152 0.416023200674131 0.447517469738435 0.490381045526911 0.541168238609751 0.570566494019844 0.570136181322433
0.504834959449326 0.503280029538736 0.501321682928066 0.498976367608214 0.496114019637467 0.493662616360567 0.491298789598417 0.488107602465684 0.485329003696108 0.482933048809668 0.479760721941171 0.475982749503692 0.472770673144139 0.46946908863549 0.465319167984239 0.46195082472803 0.458577395489354 0.45326504223669 0.449241179129962 0.445614926473998 0.436911852757211 0.424442140851605 0.410832299728566 0.404765992814848 0.405849373608074 0.403301620912549 0.396396557983152 0.392776881782022 0.39531198897804 0.388357522951453 0.37151017995512 0.353322779091019 0.341494450818072 0.339860452870395 0.346257989097755 0.349407060126299 0.337103145533092 0.316536035885288 0.297159085092316 0.297991748613953 0.317973745284461 0.31540670982031 0.298896971936597 0.306737342198574 0.305063762464783 0.305203240357492 0.326544750086925 0.370968233168553 0.409618594783641 0.436383742198884 0.474272133925667 0.479909691552555 0.506635226164243 0.560314948586637 0.581239248860324 0.59186089482449
0.504444944478431 0.502916363695346 0.501036706467682 0.498713579032799 0.495778249199049 0.493318959142257 0.490811343174136 0.487576367580432 0.484745660647579 0.48211389891335 0.479015702008225 0.475276190174822 0.471993073475149 0.468754922968132 0.46492064802911 0.46163376012155 0.457435042387528 0.450031985033208 0.445453190162506 0.444289287082389 0.437867716866826 0.427836670347978 0.415640515991248 0.408383166586874 0.40976126289069 0.409174543706564 0.404148644876791 0.400800650426676 0.401611964294164 0.392495268784482 0.374828034678307 0.359657911722645 0.349079873081335 0.344119056709225 0.348963445061364 0.354500825678781 0.345838510001395 0.331800133530059 0.311701821603859 0.299696348882016 0.31385650866582 0.319954942607758 0.311856747204312 0.312668868824032 0.312728479086891 0.313371818571683 0.336692206973906 0.382880051320452 0.411230919004793 0.42735716744634 0.456755259653489 0.472542329856968 0.510942055539483 0.559089031667368 0.582081669412737 0.591906135030549
0.503477267411938 0.502043230780953 0.500238162735395 0.498007654880343 0.495210748427104 0.492596331101891 0.489924780126597 0.486610003726617 0.483643027791501 0.480977834726001 0.477742758491295 0.474009463964868 0.470723419418156 0.467596974542581 0.463836115799968 0.460639265878232 0.455386502618184 0.447637640373697 0.438607135500744 0.434909007607141 0.435232936010935 0.428256495370254 0.417188174517475 0.408513097663446 0.410420501568645 0.412440689913027 0.411077523512289 0.410289273344251 0.409489711463821 0.402882402302417 0.393230461360096 0.388751609460833 0.378245381747737 0.369351614310802 0.365851559046626 0.349731575368832 0.341948377024728 0.334070268457928 0.314217189942739 0.299317735550602 0.303216318044069 0.318388511530788 0.326441042017928 0.328770044214488 0.335635016753453 0.339539638684913 0.358687606005515 0.384919570754599 0.387850822326153 0.402565690273636 0.447104743340406 0.479172181140864 0.51329304470419 0.567981162911208 0.584204938192566 -9999
0.502423769684792 0.50087253317465 0.499101692555752 0.497006694209165 0.494285631901466 0.491624081459924 0.489005423761901 0.485455754594278 0.482022614456484 0.479445900922406 0.476441005715841 0.472470890395181 0.469132399543559 0.466084948828375 0.4622370119793 0.459224993429665 0.455050517014689 0.447849094247272 0.436676004221769 0.431133283492716 0.43310125635195 0.426839121373048 0.416618201365897 0.412231683388584 0.415297996097407 0.417235319973223 0.416576509360497 0.41582912278035 0.41565377058013 0.414660065678166 0.415321674718886 0.412194704996146 0.403685446325824 0.397526560136303 0.387978027798525 0.369176210351039 0.358378415578409 0.352596266975823 0.338833099122417 0.323792157827244 0.316387830502083 0.327359524937396 0.341459184845145 0.344059503440271 0.347977768015207 0.35382510370419 0.360545698876086 0.371516311173074 0.392646103720018 0.429435786668425 0.497425275674341 0.556491593639236 0.571483512015177 0.571416523138286 -9999 -9999
0.501694426038414 0.500025532460598 0.498142998175714 0.496106915964835 0.493689329497708 0.491172745910077 0.488259590079875 0.484669049550775 0.481508359259962 0.478781422623746 0.475379725381035 0.471321852503704 0.46783808960491 0.464522514473328 0.460557941222534 0.457425424442318 0.45384580973977 0.446169027535459 0.438914179688103 0.435505722291259 0.430913268878981 0.418568839768345 0.410079708153117 0.412853850470705 0.412367318675416 0.412279610232823 0.412497493392925 0.417321598811819 0.418012634919671 0.413374530084892 0.413917910396862 0.411440795947244 0.402924619530114 0.401599707273815 0.400966490829238 0.391507295012509 0.385005110361994 0.369595123902883 0.340445555154445 0.320687191067537 0.312299301620955 0.325969342592816 0.348190020431629 0.351328362931692 0.355909407556888 0.366978559098537 0.376067106818761 0.389103082871609 0.405298580042464 0.462285636480718 0.540005414672238 0.564890867451898 0.57153908100785 -9999 -9999 -9999
0.500669828201542 0.498864260238315 0.496897707454076 0.494678589947804 0.492217421230838 0.489736121128623 0.486630454238384 0.482631179578064 0.479196486964542 0.476499371018013 0.472946949600516 0.4688643895562 0.465378802573081 0.461880043145127 0.457721233159925 0.454191046352427 0.450447203950819 0.44134608600946 0.433703140002676 0.430481848756842 0.426771427918226 0.420721151820421 0.414122165062384 0.410249137118971 0.404773752671238 0.408704232177023 0.413956374463865 0.41910301216001 0.418210627969053 0.409995352719326 0.405556980087352 0.402628912402333 0.392019319992759 0.391732307388045 0.397818631050823 0.386743764167495 0.375471472866817 0.365958479780472 0.347217646371417 0.335494776582056 0.335786304575212 0.345556172939582 0.362217704326268 0.368346941841987 0.373775780894117 0.380061129160767 0.388679915573807 0.400547024910638 0.412720983316974 0.467176258578957 0.542321319614614 0.565319137142798 -9999 -9999 -9999 -9999
0.500004171127401 0.498035097546315 0.495862883518122 0.493392071009104 0.490545412328557 0.487980310445131 0.484968664521347 0.480855241053385 0.477305939232567 0.474312144504118 0.470499171559752 0.466274563727255 0.462584148721705 0.458865372045043 0.454343280313869 0.450387183135291 0.445761173420994 0.43758519449222 0.433429089333634 0.43328101678017 0.429397624383183 0.425890652581648 0.420844945038539 0.416104004674871 0.41085812810426 0.403607346232583 0.407616622343234 0.417878309702674 0.416378778798393 0.404082556503433 0.389901618877121 0.383256499830298 0.37852591657115 0.379703459585526 0.388942515710875 0.382123555315063 0.365590746487003 0.357425820628901 0.346681282265834 0.344876021456875 0.357558877952179 0.365591190370583 0.375619410291855 0.380335959031519 0.38611167129646 0.393330877774908 0.40292988125112 0.413983706682128 0.422775305693539 0.481890393684962 0.552721910915925 -9999 -9999 -9999 -9999 -9999
0.498727971074601 0.496704757430259 0.494736848757643 0.492165515296782 0.489223280055501 0.48648172339829 0.483353399065824 0.47917804536122 0.475378891650225 0.47228712027526 0.468356283308088 0.463764525829709 0.459796222878901 0.455905839063413 0.451328238826619 0.447206787308771 0.442494759296227 0.435912094766217 0.432113155254131 0.430347294307241 0.426639199206113 0.421383411436128 0.417322138107347 0.41006500474249 0.399180341011927 0.400109899715888 0.407420588641359 0.415108800873328 0.411823194556353 0.397531634650347 0.387758215277653 0.382007410542545 0.375438847725083 0.373231692348846 0.381570022806037 0.379690563337176 0.368116729589117 0.352384051892111 0.343109505033154 0.346233097034579 0.356276839686668 0.372356319136836 0.378635457173369 0.382752886245259 0.389578399053125 0.396087649510771 0.407624445614337 0.42525229306482 0.445341584197428 0.505238369745529 0.562119794807145 -9999 -9999 -9999 -9999 -9999
0.496530699950684 0.494756839839382 0.49348187945727 0.490761169526508 0.487342390988567 0.484206440305702 0.480930717348262 0.476602631019324 0.472497441925867 0.469099713557954 0.465017105283163 0.459960651381306 0.455790929941444 0.451634233310428 0.446181351233216 0.441329411783987 0.436965780796423 0.431344344019198 0.425134648886963 0.421945656549635 0.420884168514444 0.417509666815987 0.41202468344285 0.403007169819721 0.398547423941115 0.402866924955076 0.409187772034344 0.406213891275147 0.394818396555136 0.387294818487229 0.38600617204938 0.392549520932717 0.393678067525663 0.393305017305039 0.393214175041879 0.384342591009447 0.369971835310401 0.350595254315981 0.330339167834187 0.328970237189804 0.339464534286792 0.347882646806017 0.356898383025072 0.371140757403305 0.394302908617065 0.40175952779321 0.410737508847027 0.448858288494578 0.50070363549815 0.542752262588845 0.560264350010998 -9999 -9999 -9999 -9999 -9999
0.496010335539645 0.494347707054245 0.492621960851307 0.489404249031579 0.485425973326588 0.482041701292494 0.478506381760387 0.473829637818273 0.469553351238307 0.466080466302719 0.461642284233227 0.456181325457246 0.4515145836972 0.446745491859057 0.440562788912004 0.435271846201324 0.430537434886936 0.424259070828638 0.416325137769301 0.411767473149274 0.411770585631696 0.409188729700655 0.401629887602431 0.397077095678597 0.398760908353536 0.400755033678033 0.399053792614375 0.388660655179636 0.380344735250282 0.383132140036385 0.393120494945982 0.39997319218658 0.396493864647248 0.399157762241988 0.406754146633165 0.393499754356635 0.374126735225394 0.356222382884816 0.335380291861529 0.322943919625243 0.333139277408972 0.33573082306893 0.337049697305411 0.360472406318707 0.395613799422352 0.4211153396776 0.427168607803481 0.468008399100118 0.523042622182101 0.544040914832885 0.557819334640253 -9999 -9999 -9999 -9999 -9999
0.494903524828147 0.493727074849265 0.49181178451507 0.488439199740977 0.484164330693825 0.480490960016981 0.476779777470817 0.471631752291797 0.467063342903485 0.463516287267685 0.458916922915225 0.453127767571435 0.44814617489562 0.442832792292264 0.435979014761951 0.430483099659818 0.425567787230529 0.419833535240925 0.414639277662334 0.409517341086756 0.405792024699077 0.403048653406385 0.395553175955865 0.392000800675186 0.394798181880983 0.391970322324145 0.378783411627986 0.365718599419259 0.37480381929893 0.388959718577903 0.395270289485182 0.397833551235449 0.395838087088919 0.405015298100066 0.402558648085082 0.387008358172101 0.380985473332023 0.362376029968745 0.343844326237478 0.342520237934523 0.352128096884573 0.348721771052402 0.344054383684939 0.348919630811079 0.379176174340299 0.422378956812372 0.443842924112513 0.47959936965866 0.518913164398283 0.53574066186536 0.550482981595702 -9999 -9999 -9999 -9999 -9999
0.493161532205379 0.492547227967142 0.490306173295909 0.486588677779995 0.482019694922987 0.477968858721555 0.473759501071443 0.468237482575049 0.463273584030013 0.459289095703963 0.454397827880839 0.448230313429534 0.442391290618978 0.436326587914768 0.429119317021767 0.423366608512316 0.418007512182666 0.411680687087462 0.406595706830248 0.402005907335827 0.397170135079685 0.393757595806629 0.389350002539875 0.384729652819881 0.382881581319058 0.375089687935565 0.366573259221243 0.370637926637534 0.379260158682539 0.385550095184521 0.38874392892627 0.39103548174484 0.394399031086798 0.395850391917209 0.391852724038676 0.387198638694949 0.384394322982246 0.374703415817967 0.363600374220505 0.358094928445927 0.350753234687413 0.348298259348148 0.349776760507318 0.357066444431788 0.395464417209242 0.431127086718935 0.447273322785418 0.470361076804865 0.503296846787187 0.531005733866694 0.534620279447931 -9999 -9999 -9999 -9999 -9999
0.492732886260592 0.492431414313621 0.489126478851871 0.485084414596266 0.48011950462947 0.47579038887966 0.471112884962094 0.464975331363883 0.459672261700635 0.455267997850704 0.450060802547923 0.443243687435307 0.436182627872478 0.429385906260007 0.421640361282217 0.415190429938132 0.409194905418067 0.402263783090165 0.397114148464717 0.392587377728837 0.386887270911921 0.38195838953021 0.377435261451883 0.368616649987037 0.360407333179807 0.359332141936793 0.366280706763463 0.375674350620949 0.377623414581552 0.376025279690041 0.372477902098989 0.372743431466847 0.379931540444137 0.375941872693242 0.360098231687672 0.360067158204566 0.36779161661396 0.377336083604516 0.371179477500013 0.35493963559191 0.343473860614862 0.344713916172792 0.348463084894062 0.346263657239443 0.372886099806421 0.412992520263453 0.429200415166962 0.445995972584577 0.48397133848559 0.515505205134338 0.522167023241624 -9999 -9999 -9999 -9999 -9999
0.491867080988048 0.491000293603147 0.487632965920205 0.483476293094718 0.478308088245743 0.473660725004656 0.468803570445236 0.462489092730834 0.456815188502517 0.452055005860323 0.446565832144588 0.439063500055266 0.43149830310929 0.424609743123758 0.41629806542893 0.409242856093753 0.402863332346854 0.395579927402026 0.389661629848914 0.384553327321952 0.378369648391944 0.372903663929789 0.367838245255431 0.360960238002019 0.353609278879348 0.350483111185432 0.354653616661343 0.362571786108555 0.367302247326936 0.364749891377187 0.359766347596752 0.356387358916775 0.363662683065031 0.366232006680883 0.35296625009539 0.350595349849565 0.35306658886465 0.359460499395324 0.36566903521696 0.354300710172867 0.338701390742341 0.337077169463269 0.340118478958592 0.344095289555773 0.355252838267107 0.380790860440773 0.408490628594558 0.426807247907741 0.454799474450125 0.485868534557478 0.503346650958519 -9999 -9999 -9999 -9999 -9999
0.492432228806447 0.489200686975052 0.485884903073242 0.481481922256342 0.475809861684851 0.470682764828978 0.465466378970153 0.458710168039844 0.452655610448136 0.447757367281536 0.441831499274294 0.433472838927455 0.425046511124131 0.417306600840201 0.408335614574395 0.400883884344867 0.393866325514444 0.385696547387639 0.379098768644752 0.373021896488239 0.366192496991159 0.360137722573467 0.353820166008394 0.349416130912205 0.348730757784028 0.348509469022149 0.345365827776819 0.341084334511995 0.341587433283137 0.343778522211098 0.340915096766017 0.335960806264206 0.345100015463081 0.352094334098804 0.34256445751784 0.334543802875655 0.334517411344886 0.344410350356383 0.340433388609758 0.328726867884477 0.323024487118242 0.316536630454672 0.317035636187568 0.319405816340569 0.33002081951352 0.341943031023397 0.357664569107289 0.380936076337872 0.412891638199917 0.462784591138923 0.491534411290309 -9999 -9999 -9999 -9999 -9999
0.491521065515916 0.487544039038162 0.483554475137092 0.47905708168951 0.473171588506119 0.46784331699833 0.462216485998309 0.454905605415451 0.448486821328618 0.443197430191802 0.436797599581176 0.427604677501932 0.418377133132313 0.410258931206917 0.400657450983289 0.392479448040185 0.384955350041983 0.376053325950943 0.368416677547036 0.361343114062043 0.353324508455367 0.34634760837736 0.341576334991415 0.34051513775642 0.338948173864178 0.334773918788771 0.330835337465642 0.326502518563127 0.324940316967642 0.32647893063192 0.329481143905945 0.328782917224951 0.328460770344162 0.334433741491044 0.331681612207889 0.324193403037086 0.328597652685878 0.33318169321025 0.321768839847781 0.309445180953573 0.302692482872097 0.298418130408782 0.290252720117874 0.283087517298273 0.274659795647621 0.282171405306056 0.311538287820246 0.346886633661658 0.373232698515907 0.416775542726162 0.471621068898564 -9999 -9999 -9999 -9999 -9999
0.489470639239655 0.485505715954056 0.481536672193215 0.477057967357031 0.471124904932708 0.465603519318398 0.459746193872434 0.452058393552366 0.44542226302885 0.440161613952 0.433099334700217 0.423131876031789 0.414021826995253 0.405952340807055 0.395826580295635 0.387404902256029 0.379331447420731 0.369113650780679 0.360485392404496 0.352826997368167 0.344016960450836 0.337257381594377 0.333646351345948 0.330703979263451 0.326063447444367 0.320780947643901 0.318372556154566 0.319592388841799 0.323637533260889 0.326390318074991 0.325987814026099 0.323392467074302 0.32260726827959 0.326282736634879 0.32693737845038 0.318749526028855 0.311157007189008 0.307829856832554 0.305014614766615 0.300474150400363 0.291777894043763 0.283557710853966 0.277029139646254 0.274871327511139 0.263807869731916 0.248955887580905 0.291724276871845 0.373949300602147 0.401997473679141 0.430542553991867 0.461986042107694 -9999 -9999 -9999 -9999 -9999
0.486947300847144 0.48284527313505 0.478728225173968 0.474159630259751 0.468088403198884 0.462380324540484 0.456097438392146 0.448076428191704 0.441434382284469 0.436099350761143 0.42844127100572 0.417413664559019 0.407803278916696 0.399453695835657 0.388708101833247 0.379264509170148 0.369802138225294 0.358433633745597 0.349079664407377 0.340517030444728 0.331151940964568 0.323883034972038 0.318026134467164 0.312500883191749 0.308579502779366 0.30476325410751 0.30241279140507 0.302451515605276 0.302782854964997 0.305907145155318 0.309155059501124 0.309882460265576 0.315183005829987 0.32067396665749 0.32055912796046 0.318544008375152 0.315632011374234 0.308221537931057 0.298454475280687 0.291791002894005 0.277833894170382 0.264952197984038 0.259389851260162 0.254816994915235 0.244463329555506 0.232500666988652 0.285621647510718 0.37379777530591 0.407178187620749 0.432572012063822 0.450920938351798 -9999 -9999 -9999 -9999 -9999
0.484739774602734 0.480445851868554 0.476211090062212 0.471426435746895 0.465212690305787 0.459387275486442 0.452772030598736 0.444426454890717 0.437872871504676 0.432689214983846 0.424330573231438 0.412100463232407 0.402199521051329 0.393608978373266 0.381218912990662 0.370341597406418 0.360059206879609 0.348183982140544 0.338667186015639 0.329349836390406 0.318997017336115 0.310768738289352 0.302770901125055 0.295866495605256 0.289941810513799 0.284438140027675 0.284447472429648 0.285011627226309 0.283410973055798 0.285680574422901 0.292497337352787 0.29845919510491 0.308367803303694 0.315867626437922 0.3097670103945 0.304054124420557 0.310778183876962 0.309685086658288 0.29824665738928 0.286364085643258 0.269320113859431 0.252522470614354 0.240050240337711 0.231767413524046 0.226566386506109 0.234317318750036 0.292389788249787 0.369967630246738 0.401593241001421 0.411661006927557 -9999 -9999 -9999 -9999 -9999 -9999
0.483342279890052 0.478776518353243 0.474430916193108 0.469508019163363 0.463186322367209 0.457119675191806 0.450304259295214 0.442216086446563 0.435839671565797 0.43032860964228 0.42111476593812 0.409093683146003 0.399665554761308 0.389319017190327 0.375295222013742 0.364608502668743 0.355302715911244 0.342572156404337 0.331748008805553 0.3223243951529 0.310972457506287 0.301237911366855 0.292927310102468 0.282539708269675 0.273231078087327 0.268515695977745 0.26457742232176 0.265302454473851 0.266846582953917 0.270907309875964 0.281946878730288 0.291866379349643 0.30279487631405 0.304766385700289 0.298414694517814 0.290884229801094 0.293858307385632 0.30371887592488 0.304755142970931 0.289181368802606 0.271421509370877 0.261886888131197 0.243453677321114 0.226726992443809 0.252224856159965 0.310650498515819 0.346681293295293 0.374904579308008 0.387214242403024 -9999 -9999 -9999 -9999 -9999 -9999 -9999
0.481352382404507 0.476436432068238 0.471925236086768 0.467012574028238 0.460558848809047 0.454182099907614 0.447236537140944 0.439258365099306 0.432661769292911 0.426614079128866 0.416926217597946 0.405009803853183 0.394762164436641 0.382446218709492 0.367827598886384 0.357431056192135 0.348212597392821 0.334751870489579 0.323388191019429 0.312826002464422 0.299412613680726 0.288733667127589 0.279136853836289 0.268756756153078 0.261319932355963 0.252426688334159 0.247505323384782 0.251133591327435 0.253761387484276 0.259446114691157 0.26662865248294 0.279687614282483 0.29791867291549 0.296380825350925 0.291763094014474 0.299748557866463 0.306190989339818 0.311268585495878 0.309496047127029 0.290521185125824 0.260202710516069 0.239045221670097 0.23234531041723 0.230242130511747 0.26973941120943 0.331878364323119 0.349777355740892 0.355893044503776 -9999 -9999 -9999 -9999 -9999 -9999 -9999 -9999
0.479102639708007 0.474250496127286 0.469834553320857 0.464783728669424 0.458052666421394 0.451389687385588 0.444469496752679 0.436963837979862 0.43026015013786 0.423288838085582 0.413768991666387 0.401699167029665 0.390063451674681 0.377362939767144 0.364004288861472 0.353354125610595 0.342115320971449 0.328082650972554 0.316586054597817 0.305419857577348 0.29105907088998 0.278580339651253 0.269342325075919 0.259838861992509 0.250208455955659 0.242067722302502 0.244576363411497 0.249530717274812 0.248525464273198 0.255980051778845 0.259438217795759 0.273223416638649 0.288199090176226 0.288703580192319 0.289366521675517 0.30754459788799 0.332049760737328 0.326010745912314 0.308534575516258 0.290678049256383 0.269786188523763 0.241483526651219 0.222293281994389 0.235363953869607 0.290090806252214 0.331243976115364 -9999 -9999 -9999 -9999 -9999 -9999 -9999 -9999 -9999 -9999
0.476961213587987 0.472728786536667 0.468371926376743 0.463249077942938 0.456367010135067 0.449645388874981 0.442963826715718 0.435503912517178 0.428444516972547 0.42114047849231 0.411525854954036 0.399190591143197 0.386993527427901 0.374143734456028 0.361200970061327 0.35121357320456 0.339774953408802 0.32549322917574 0.313256144524811 0.300075067667386 0.284566559772944 0.27290683100598 0.263208805874754 0.253864641098706 0.249250406704202 0.248307205310606 0.249764096981472 0.255231497490767 0.261378871983266 0.266444187598076 0.267665832143865 0.283244691032938 0.291702003550909 0.282573586117959 0.30624458495201 0.33136052149308 0.341345040292823 0.339151371613968 0.334217896946254 0.326868571967144 0.305164619194152 0.267170240406964 0.231272079967246 0.242956789189598 0.296223476272073 0.32903534308307 -9999 -9999 -9999 -9999 -9999 -9999 -9999 -9999 -9999 -9999
0.474192209417774 0.469902597224944 0.465947316064648 0.460972408044214 0.454159437094999 0.447435121039629 0.441010113820722 0.433559550234883 0.425827121292618 0.418251368245948 0.408511589494545 0.395542976203199 0.383253500797639 0.371339121936992 0.357892226569998 0.347622135803236 0.336732205344705 0.321279664543783 0.307190795613561 0.292953754624041 0.27721714589125 0.265678545780229 0.257033972224324 0.247612329309693 0.241289331209114 0.242145994718217 0.246629924352337 0.251052543171952 0.259464107819759 0.271947675217379 0.282119971621875 0.294693757859549 0.304171535449687 0.309058646969643 0.320867105650704 0.331432554402547 0.338676939611539 0.340818477484803 0.33807447834396 0.333425816108047 0.321066368966755 0.30495018789803 0.287992443336542 0.289262863863452 0.30971367594966 -9999 -9999 -9999 -9999 -9999 -9999 -9999 -9999 -9999 -9999 -9999
