layers/veg_krg/veg5100.asc
NCOLS 255 
NROWS 330 
XLLCORNER -2985163.8955 
YLLCORNER -3022031.214 
CELLSIZE 25000 
NODATA_value -9999 
[rows 175 to 199 of 330, columns 112 to 167 of 255]
0.500691798010483 0.49894903941616 0.496968615727064 0.494776015672267 0.492217414358785 0.490103409399946 0.488038715868995 0.485133030018986 0.482524467327109 0.480293925181406 0.477489495661274 0.474214067437929 0.471331104851314 0.468280138868984 0.464542623963298 0.461327770522315 0.458223559141176 0.454311634902807 0.450802354451231 0.445558218132553 0.433473217139998 0.420224400029914 0.413427460368985 0.40953095738336 0.405895579121591 0.399742905947102 0.393507845441071 0.391411684079843 0.391625451626771 0.388962716871823 0.377272750373388 0.362848697880039 0.355645891952178 0.357540617631475 0.357228823788798 0.344685091444107 0.33116482929627 0.320158480994544 0.307021093044264 0.310522371502271 0.317322932658129 0.30823306466776 0.302700198241915 0.299723463539501 0.294519356195528 0.288967865631957 0.300899834603494 0.331040529830145 0.36578493571606 0.389579807383143 0.413629479624508 0.445731487688156 0.489237234689253 0.540751629984049 0.57059264892413 0.570261653156281
0.500234433520936 0.49879730078002 0.496952463235253 0.494740072432616 0.492068861982712 0.48980419916331 0.487652542587982 0.484746429441565 0.482234338647822 0.480066370430652 0.477196035890838 0.473817327160309 0.47096773727436 0.468041180301294 0.464372981369325 0.461435606627476 0.458498682625903 0.453722227783352 0.450174866510504 0.447027552481489 0.438862312448789 0.426786635918796 0.413544392404434 0.40808645179813 0.409781716777761 0.407780932461373 0.401498276736708 0.39844435805471 0.401613413853389 0.395286470622415 0.378802277330335 0.360890386094782 0.349465035888574 0.348188685119075 0.354846187268019 0.358007220721989 0.345263912188224 0.323804408656363 0.303068372361587 0.302671043960012 0.321281421037799 0.316188059433668 0.296918459823539 0.302020171796973 0.297201643764817 0.296233737796392 0.318843191834988 0.365217457484487 0.405352399408836 0.433107994800662 0.47203556472923 0.477988944946178 0.505122892466189 0.55947735407766 0.58056553474876 0.591221303251598
0.499854285067283 0.498449809472577 0.496689986528835 0.494505220440203 0.491766220188239 0.489498712096678 0.487205808431662 0.484260319552283 0.481698999882786 0.479293989591374 0.47650026908503 0.473160728968422 0.470237653836818 0.467371676888173 0.464016537102507 0.461153490999513 0.45736846189786 0.450455124055904 0.446328534067972 0.445659965568142 0.439783943143668 0.430159504879746 0.418329725922663 0.411639398636361 0.413615599313489 0.413592718456134 0.40921116975143 0.406438182684901 0.407879315193121 0.399400143052687 0.38213245271741 0.367340110202613 0.357258386725598 0.352664733685937 0.357772762463721 0.363347540768548 0.35425529213811 0.339345962944835 0.3177850559925 0.304298579331783 0.316976678158517 0.320699436150683 0.310064926153119 0.308345983676147 0.305780106891921 0.305317573494356 0.329373706650275 0.377147752949897 0.406697910166344 0.423666343165855 0.454037340192747 0.470326832124886 0.509281745730331 0.557929602232937 0.580996723212318 0.590842903780363
0.498910529180429 0.497611808864961 0.495936411303978 0.493854394402076 0.491266710818323 0.488851127861879 0.486400555198215 0.483384025615957 0.480692131326737 0.478258302830309 0.475330487331656 0.472000915763121 0.469075841635462 0.466320801859437 0.463033745415499 0.460253346903403 0.455386434752764 0.448102348485903 0.439440176693446 0.436177226299947 0.437109752102643 0.430553493414739 0.419838127763965 0.411675586898597 0.414162857321589 0.416767666207729 0.416093560484895 0.415924798639255 0.415764974410756 0.409899666615634 0.400846679494154 0.39701276121817 0.387162304704955 0.378710373364883 0.375430163910731 0.359048069319678 0.350779596683692 0.341995305009319 0.320535974535476 0.304027571016221 0.306313186767086 0.319391993616982 0.325417993178724 0.325717911102551 0.33057036180865 0.333390694532472 0.352612768522672 0.379492689888641 0.382948978052991 0.398473674524441 0.444320086883321 0.477187380697505 0.511764680739199 0.566896820300389 0.583041285622656 -9999
0.497893631885789 0.49648700459811 0.494856179289243 0.492921671641557 0.490423594901283 0.487971152633258 0.485584709962553 0.482342412554606 0.479187766914859 0.476850847869788 0.474164008133538 0.470601603311021 0.467627662581581 0.464953881414629 0.461576627691318 0.458978990072909 0.455196789537139 0.448452809885414 0.437601155083028 0.432447140267384 0.435018789587663 0.429160644618002 0.419277981273911 0.415433085122529 0.419071323033634 0.421576107674038 0.421608670906706 0.421489075803871 0.421996601641187 0.421900310679026 0.42340657161266 0.421089854080899 0.413482173719831 0.407999485141808 0.398713438255049 0.379642922247958 0.368226147236218 0.361398760365516 0.345925716581586 0.329172435840531 0.32001903498271 0.329003143377813 0.341421075280625 0.342327359182275 0.344470314183762 0.349217989607525 0.355446334725154 0.366339632736696 0.38798620041062 0.425985910894831 0.495901669054363 0.55679498768448 0.572057038284395 0.571329314556127 -9999 -9999
0.497202651148485 0.495685707200976 0.493949798436188 0.492083555872106 0.489904132012357 0.487608238129672 0.484932475616364 0.481660129567638 0.47879127696769 0.476309088511645 0.473227769581085 0.469584958105583 0.466469756307907 0.463527887879085 0.460034805740487 0.457314897438883 0.454132848593521 0.446899822712313 0.440013495555121 0.43701244738468 0.432913497831383 0.420870242194463 0.412726584044848 0.416122707643841 0.416140649116142 0.416579560310463 0.417493952748538 0.423028275077 0.424437032205299 0.42069879984109 0.422161486122959 0.420629937499784 0.4132241969059 0.412856706617744 0.412778164107478 0.403232633429183 0.39605981045615 0.379274034653568 0.347997830462969 0.326360640183364 0.316216030777365 0.328032348183378 0.348827729995218 0.350432782936666 0.353362019528648 0.363383094134456 0.371827226201257 0.384529114835716 0.401013011753872 0.459724781819858 0.539953826738169 0.565896284953677 0.572660703794269 -9999 -9999 -9999
0.496247799477056 0.494606612984804 0.492798678533678 0.490760663300887 0.488554916443019 0.486310652393002 0.483455501299457 0.479788247329413 0.476658132013376 0.474218969321125 0.470999672502627 0.467348684276691 0.464244416583623 0.461126450617896 0.457445194076391 0.454326486204987 0.450977860673544 0.442295834348324 0.435008213004257 0.432184558290866 0.428960628423992 0.423281046916166 0.417032149821935 0.413658227459639 0.408592652407798 0.413087707239647 0.419092233403839 0.424950928937764 0.424774180399392 0.417466984629172 0.413968924361373 0.412152814911883 0.402948621254543 0.404020767956291 0.411142034549869 0.400085558867612 0.387791730797638 0.376586860393973 0.355521718840055 0.341881866419086 0.340546647489259 0.348524300833805 0.363847053539127 0.368663678627401 0.372610549323622 0.377815909808428 0.385656615885512 0.396881049351022 0.409040562771404 0.465809501158992 0.544033611784063 0.567785666793688 -9999 -9999 -9999 -9999
0.495667950149772 0.493876249405548 0.491873889670895 0.489595647111428 0.487018503359398 0.48470675287012 0.481964727313949 0.478203979092144 0.474976773952498 0.472251715154249 0.468786063901381 0.465011884885113 0.461716347057834 0.458388806883354 0.454352946089964 0.450811260118985 0.446572423197026 0.438829870904862 0.435075760760351 0.435361139100087 0.431947654522262 0.428831906886413 0.424139503966509 0.419859856188093 0.41500430697415 0.408138131552995 0.41285968606501 0.423892402503666 0.423099693917122 0.411673935390271 0.398338938732084 0.392856842682749 0.389844010709026 0.392735191223602 0.403539592804349 0.396974252458355 0.378938074120841 0.368690968793728 0.355467229449162 0.35179944849067 0.363069928979734 0.369411378110334 0.378162542416324 0.381723102518821 0.386227705417384 0.392531056393925 0.401482486903094 0.412013549784612 0.420847442421284 0.483320171303028 0.558591739955054 -9999 -9999 -9999 -9999 -9999
0.494452210415797 0.492617641007309 0.490833703967156 0.488465551399415 0.485807260209504 0.483330790331914 0.480485065493802 0.476680050679928 0.473215573271328 0.470403967890497 0.466834360164064 0.462706367908589 0.459144015705139 0.455655431040751 0.451577308329231 0.447877910326717 0.443558480308757 0.437436870639777 0.434046375609071 0.432688476017888 0.429446195662556 0.42454831581716 0.42084281421264 0.413994496776051 0.403403916719902 0.404816782396752 0.412863923600609 0.421266449419608 0.418642091656028 0.405167455847321 0.396280878964648 0.391684652030881 0.386782190352454 0.386221451295471 0.396120479368597 0.394566091991723 0.381541050560543 0.363636541339785 0.351948491771669 0.353334726748048 0.362007695357606 0.37663372513442 0.381709305677741 0.384809821613105 0.390582215784715 0.396363894544203 0.407552529921097 0.425280621420052 0.446377771329192 0.510142374760781 0.570497333424431 -9999 -9999 -9999 -9999 -9999
0.492348273770149 0.490785041502624 0.48972118028318 0.487220234048507 0.484103310109278 0.481249249657896 0.478277266847585 0.474347003494615 0.470598142363378 0.467497102279263 0.463799211197015 0.459230821857893 0.455489569908745 0.451753407424541 0.446812519541453 0.442390694027534 0.438438023592533 0.433303055077443 0.427473262620707 0.424671736315683 0.424107981972585 0.421108863969821 0.415945181745874 0.407289437661059 0.403192437400221 0.408016173459077 0.41501987056396 0.412568332166125 0.401666061148889 0.394970680064932 0.394591631099699 0.402311409277099 0.404931084896493 0.405853265879521 0.406661976743109 0.39781711785414 0.382404469723494 0.361270578218438 0.338822258974533 0.335880981137116 0.345189160584299 0.35226354815968 0.360316429200735 0.37391831510327 0.396590218586161 0.403660416855213 0.412643930821658 0.451679955754103 0.505261222278575 0.54942958442569 0.568161125388847 -9999 -9999 -9999 -9999 -9999
0.491951782801687 0.490520231853832 0.489016970565461 0.486031355950819 0.482372715549561 0.479290291522717 0.476079561390788 0.471827189048857 0.467932590111585 0.464777792545438 0.460747101167198 0.455802256553218 0.451584930629432 0.447252875425152 0.441600098906631 0.436754317913936 0.432441672545713 0.426655312184456 0.419084982848735 0.414897283249263 0.415410178581119 0.413207879012327 0.405928691912386 0.401781451389988 0.403894390506635 0.406332882824299 0.405158937331961 0.395136903317032 0.387291924916795 0.390941250106416 0.401864436584211 0.409687876655814 0.40726881940568 0.410854000525723 0.41905583838879 0.405624562195067 0.385420808566357 0.366213947751015 0.343604279793339 0.329716189169303 0.338921057417747 0.340311232740361 0.340755638514121 0.3638957483083 0.399041472304188 0.424719497096517 0.43099794320493 0.472899551730475 0.529377040682772 0.55128723878596 0.565550617632778 -9999 -9999 -9999 -9999 -9999
0.490930939038124 0.490006661154983 0.488324620953186 0.485196714347745 0.481256981038931 0.47789943928979 0.474529373858086 0.469823576642689 0.46565447452362 0.46244215004169 0.458270024938963 0.453019223829821 0.448504977628762 0.443641180334368 0.437330658759961 0.43229424606324 0.427811201571285 0.422588803623055 0.417803787585218 0.413045552336561 0.409775020662615 0.407403895629719 0.40018052170988 0.397034643841619 0.400263157999417 0.397793469560495 0.384942620221005 0.37217888294357 0.381933721944738 0.397028568354946 0.404120940482478 0.407446255465983 0.406299758931882 0.416262958045216 0.414095723372325 0.398275929386238 0.391714534405961 0.371994671889511 0.351968966934298 0.349521935751017 0.358255308150899 0.353698047953675 0.348189476646456 0.352653453615632 0.383063694189518 0.42690463495525 0.448959375227648 0.485679249433193 0.525903427322537 0.5430732818396 0.55803622717479 -9999 -9999 -9999 -9999 -9999
0.48931772837074 0.488984442333826 0.486991902950547 0.483536172772674 0.479327598076463 0.475614359309032 0.471767724591933 0.466719765177074 0.462182601586084 0.458553584508692 0.454119062177127 0.448525676377477 0.443176109352061 0.437581292051653 0.430946985078447 0.425676066990242 0.420762010030769 0.41495547757161 0.410289637618198 0.406071392337486 0.401668452840622 0.398608643389177 0.394503055189519 0.390254521982229 0.388753448254868 0.381228673820189 0.373083427887878 0.377656792452295 0.386886165762199 0.393904090159602 0.397717085127249 0.400600620434434 0.404644071909453 0.406549985362393 0.402666016607841 0.397839789640541 0.394619152627329 0.384115151470938 0.371840512929677 0.365310465398067 0.356960695226511 0.353476089970055 0.354295629441706 0.361364622171903 0.400304263618374 0.43681437938747 0.453774328029215 0.477746677965434 0.511183360171223 0.538786594358453 0.542122042258623 -9999 -9999 -9999 -9999 -9999
0.489037883035883 0.489042340220009 0.485990431277947 0.482227344832445 0.47764656897628 0.473678235381146 0.469385620786353 0.463750808549708 0.458903036406846 0.454875566815352 0.450154730559699 0.44394419894444 0.437389893360309 0.431083706425601 0.423937838386536 0.417984856416855 0.412442553877862 0.406036562210375 0.401309493484808 0.397150320245625 0.391857558833184 0.387243840950239 0.383002716229484 0.37447428655433 0.366504877907362 0.365778943558124 0.373302209330783 0.383262885641626 0.385693977889644 0.384653016933102 0.38155536017071 0.382279895617927 0.390052898617499 0.386311167127007 0.370326677399902 0.370152323720858 0.377641127414337 0.38672287682887 0.379558166095474 0.362196552184503 0.349673147501422 0.349915915728962 0.353014573782422 0.350488670706825 0.377650449631914 0.418975248820342 0.436474201925284 0.454473175166323 0.492872760991074 0.523756798089598 0.529739077971449 -9999 -9999 -9999 -9999 -9999
0.488274630791506 0.487720414317238 0.484619381063133 0.480755905793715 0.475990352798629 0.471719117504924 0.467265485263319 0.461478821352177 0.456279600181265 0.451911334105497 0.446929719657025 0.44005497016761 0.433014778589003 0.426637843838046 0.418941969025328 0.412391933115121 0.406470052196668 0.3997117498057 0.394202698898518 0.389442898290569 0.383639764273923 0.378460363930145 0.373648100281932 0.367065561301758 0.359953481989024 0.357144166189112 0.36185356950865 0.370324719562694 0.375581367136878 0.373569826740239 0.369002608753657 0.366003363550695 0.37382163607211 0.376693695980575 0.363297876274654 0.360737045903119 0.362900480950352 0.368791427792822 0.374155165570403 0.361697027879363 0.344900790978496 0.342099267549175 0.34433489953303 0.347937207089172 0.359331151827564 0.385976246910516 0.415592329269092 0.435781445219885 0.464083427238134 0.493875231307601 0.509974022823718 -9999 -9999 -9999 -9999 -9999
0.489014966700329 0.48608302322747 0.483054276068318 0.478963540748173 0.473717546384128 0.46898822924627 0.46420072528406 0.458005798374546 0.452456084397814 0.447976922467615 0.442588739454025 0.434889627510368 0.427012296959307 0.419803163866646 0.411471193314004 0.404540134829983 0.397980106755233 0.39032068995833 0.384108205763848 0.378335829477466 0.371827689642549 0.366000837453547 0.359869809760374 0.355747342627582 0.355370170421914 0.355510737228182 0.352832342402585 0.348973275013864 0.349992612188826 0.352849137977511 0.350471262227419 0.345895882159234 0.355618248204913 0.362983216040771 0.353379135626529 0.345089527959096 0.344712254734925 0.35411200504598 0.349043705959127 0.336097599934773 0.32910927419978 0.321002795398936 0.320262077276155 0.32175523713772 0.331986578910834 0.344415057691195 0.362118998719509 0.388244097795065 0.420707519873065 0.468517155883728 0.495368943061112 -9999 -9999 -9999 -9999 -9999
0.488253677392574 0.484584931718692 0.480891664031445 0.476726538757367 0.471293166141738 0.466386991875012 0.46121239681252 0.454493072796234 0.448608143057536 0.443760279271802 0.437926264022265 0.429423203850289 0.42076758822448 0.41320361543778 0.404260900673694 0.396609944253687 0.389538506290444 0.381123009157259 0.373829541876805 0.366997952592143 0.35920612855251 0.35236675383044 0.347728597263097 0.346920889317841 0.3456118808059 0.341754639696565 0.338328887520675 0.334499187831093 0.333523503042996 0.335842162896156 0.339511923577452 0.339333511552956 0.339544561101331 0.345934367890086 0.343246895123729 0.335526158174973 0.339635946458547 0.343580752665212 0.330803864832757 0.317011095459786 0.308633995457111 0.302264386958977 0.292192265811875 0.283289664299606 0.273075180739139 0.279866528841143 0.310337999720064 0.347834010535244 0.374768041081161 0.417743568651026 0.472450127294719 -9999 -9999 -9999 -9999 -9999
0.486290461827768 0.482647028866831 0.478987421821067 0.474855953821643 0.469394453821584 0.464311294869916 0.458923285630584 0.451848359922374 0.445766934735524 0.440967844660773 0.434486364424161 0.425227140493703 0.416714375611401 0.409219106554334 0.399762750951379 0.39187343502457 0.384241116166363 0.374471609470905 0.366140554548829 0.358662533262073 0.34998219941533 0.343276038427498 0.339726186218904 0.336919018532876 0.332445375300847 0.327477155480784 0.32567567501358 0.327577680368284 0.332410577520547 0.336111991223386 0.336450977064128 0.334453051832044 0.334309924282683 0.338457198915095 0.339291482045572 0.330914678580131 0.322866037519264 0.318723386781505 0.314503202167803 0.308389060820543 0.297742089669294 0.286929409964006 0.278072288724835 0.273670900790541 0.259828826020149 0.242833863914275 0.285806021218058 0.370387104616092 0.399961042571832 0.429011808531736 0.460641495204673 -9999 -9999 -9999 -9999 -9999
0.483895239885655 0.480130044187312 0.476337530482649 0.47213475772133 0.466560448574914 0.461313681448507 0.455521951061119 0.448145722484767 0.442091255782569 0.437243790116355 0.430191695951336 0.41989771630645 0.410909956630097 0.40315648158553 0.393094537751463 0.384177909895569 0.375125715710551 0.364149726613794 0.355021840102261 0.346524711783822 0.337112674429364 0.329712044608754 0.32369238931328 0.318056116974519 0.314195967803189 0.310737170536195 0.309152058173742 0.310074611768504 0.311396321696084 0.315782534990956 0.320066859846501 0.321645147071646 0.327905772723213 0.334076342270927 0.334281166681757 0.332304876734364 0.32905697376003 0.320684605932398 0.309137419821408 0.300489708607846 0.284000881157958 0.267779818550766 0.259307754189573 0.251860630870866 0.237906165678555 0.222975524425137 0.275881279534194 0.366528937426946 0.402408320381807 0.429380412147837 0.448378069545376 -9999 -9999 -9999 -9999 -9999
0.481811060489682 0.477866361080071 0.473969679681696 0.46956555111983 0.46387129903537 0.458528825940047 0.4524254022498 0.444753480364136 0.438818952753012 0.434149911509995 0.426418350770542 0.414942179230846 0.405689744848181 0.397715647009249 0.386006499418573 0.375642801763847 0.365744855399881 0.354209779817452 0.344847341344017 0.335464481494113 0.324843352053102 0.316239819661577 0.307778881631393 0.300427954368693 0.294346854948849 0.289198807738739 0.290235628595213 0.29200417510512 0.291709085389868 0.295620367669484 0.303820447541442 0.310952708507235 0.322165373942327 0.330600763866524 0.324942961014478 0.319437155590593 0.326083535900329 0.324060484537856 0.310517928591788 0.29612403166306 0.275914252694317 0.25500863993983 0.239030189581414 0.227606769560878 0.218960278956468 0.224437885025398 0.282623983685302 0.362240519554673 0.395839221356507 0.406693907941821 -9999 -9999 -9999 -9999 -9999 -9999
0.480500551994116 0.476289522026916 0.472290023390039 0.467757078457156 0.461969248792542 0.456397292675584 0.450107530855396 0.44271879109807 0.436984031981891 0.431999592872045 0.423421616535526 0.412182877196341 0.403430617155653 0.393692307165209 0.380341242435819 0.370176623401039 0.36126025426678 0.348826489046509 0.338087947910997 0.328504506117172 0.316700102564283 0.30636638718487 0.2973179547136 0.286079066747738 0.276324435810631 0.271987438419266 0.269283456134133 0.271556635068532 0.274778688121688 0.280849478041521 0.293574505262885 0.304913352816906 0.317382748312747 0.320402471304371 0.314689104651728 0.307585876635448 0.310606681522498 0.319712380678633 0.318596746551564 0.300041624532835 0.278550023033042 0.264399798062442 0.242047884266875 0.222129908105456 0.245135870179102 0.302741148775128 0.338907117390505 0.368177579650791 0.381334895046573 -9999 -9999 -9999 -9999 -9999 -9999 -9999
0.478628568947157 0.474073633640193 0.469917978912617 0.465409685856394 0.45950810089836 0.453641032108533 0.447240807127522 0.43999241115764 0.43406067689135 0.428554042242666 0.419523388319554 0.40842546233305 0.398870822724069 0.387159748916075 0.373229669717341 0.363372122503948 0.354539678637521 0.341334877087689 0.329993177104272 0.319140387567484 0.305019873362176 0.293437548481912 0.282630958561207 0.270697492271903 0.26226633917342 0.253687844814178 0.250580917611311 0.256483319552392 0.261340152375997 0.269560640163758 0.278703296321656 0.29347938292313 0.313654007645627 0.313387307957464 0.309758569877791 0.318861146112315 0.325822898089719 0.330279373705509 0.326039092496967 0.303276142647879 0.267986272254858 0.240946991063967 0.230040802880766 0.225272795736389 0.263406827332217 0.325682820146529 0.343435693099978 0.349356005726028 -9999 -9999 -9999 -9999 -9999 -9999 -9999 -9999
0.476480844047104 0.471999241546565 0.467949530768901 0.463312745771163 0.457146560944748 0.451005447998033 0.444649260208376 0.437904814950734 0.431887345266873 0.425463400933706 0.416628356375798 0.405406707777878 0.394471632709053 0.382395840080834 0.369771702782031 0.359676488391463 0.348803816338689 0.335014284090212 0.323514401089844 0.311984844656459 0.296761502372381 0.283151250720929 0.272326802319314 0.260539925661815 0.249066721279654 0.241194214350468 0.246467195241636 0.254492020059881 0.256114634668058 0.26650625223461 0.272102296694262 0.287790206651968 0.304879785677526 0.306898271829299 0.308923809263628 0.328870369558139 0.3547218539017 0.348385104639489 0.328100088959949 0.305567034615786 0.278542658185575 0.242943845030073 0.219012532585123 0.230399258442898 0.285040682612501 0.326890963644097 -9999 -9999 -9999 -9999 -9999 -9999 -9999 -9999 -9999 -9999
0.474398758323368 0.470549961008964 0.466565132109753 0.46186180625425 0.455552042080364 0.449360972802796 0.443257774756861 0.436574793747492 0.430210753577554 0.423461672618421 0.414546947075036 0.40307761068068 0.391592571519556 0.37938513482449 0.367207603662099 0.357805858879419 0.346750561303808 0.332731485622008 0.320497975339604 0.306936341849576 0.290554160540027 0.277766713881962 0.266433408042297 0.254670750994788 0.247973345387944 0.247351938075996 0.251918288038 0.260661568783852 0.269611605686005 0.27763736986316 0.281001703081168 0.298543207553458 0.309075312666452 0.301389376187871 0.326867001768933 0.354092586894297 0.36556958752095 0.363642036681902 0.35617509975213 0.343684468293431 0.315091842230232 0.268879530696673 0.227895877393636 0.238587474100532 0.292283977746836 0.325553923825533 -9999 -9999 -9999 -9999 -9999 -9999 -9999 -9999 -9999 -9999
0.471710241836888 0.467807042239149 0.464234253487228 0.45968778549523 0.453458538099018 0.447275431706908 0.441445165441602 0.434789551174702 0.427760139911199 0.420750836557347 0.411730371953616 0.399647504523689 0.388095904447645 0.376867392996332 0.364220092114215 0.354571641706436 0.344119792996394 0.328981888481876 0.314941777242882 0.300405646896588 0.283952529970793 0.271480638589084 0.261542719942673 0.250359436875145 0.24282151712793 0.244160375301551 0.250934088276933 0.257971413610649 0.268907275636888 0.284214187515767 0.296518675580949 0.310925198569077 0.32240688205076 0.328873509366507 0.342264843603982 0.354662499066374 0.363292843587512 0.365736277394544 0.360573166497304 0.351033125382282 0.332335147999769 0.308996570480892 0.287619657752831 0.287620792789731 0.308514861365887 -9999 -9999 -9999 -9999 -9999 -9999 -9999 -9999 -9999 -9999 -9999
