layers/veg_krg/veg5400.asc
NCOLS 255 
NROWS 330 
XLLCORNER -2985163.8955 
YLLCORNER -3022031.214 
CELLSIZE 25000 
NODATA_value -9999 
[rows 25 to 49 of 330, columns 112 to 167 of 255]
0.474852836689555 0.478545065584644 0.48227383387294 0.484920719044148 -9999 -9999 -9999 -9999 -9999 -9999 -9999 -9999 -9999 -9999 -9999 -9999 -9999 -9999 -9999 -9999 -9999 -9999 -9999 -9999 -9999 -9999 -9999 -9999 -9999 -9999 -9999 -9999 -9999 -9999 -9999 -9999 -9999 -9999 -9999 -9999 -9999 -9999 -9999 -9999 -9999 -9999 -9999 -9999 -9999 -9999 -9999 -9999 -9999 -9999 -9999 -9999
0.470936234662042 0.475375114142544 0.478921557907966 0.482999123283883 0.487875138043818 0.492394991922989 0.497632609683084 -9999 -9999 -9999 -9999 -9999 -9999 -9999 -9999 -9999 -9999 -9999 -9999 -9999 -9999 -9999 -9999 -9999 -9999 -9999 -9999 -9999 -9999 -9999 -9999 -9999 -9999 -9999 -9999 -9999 -9999 -9999 -9999 -9999 -9999 -9999 -9999 -9999 -9999 -9999 -9999 -9999 -9999 -9999 -9999 -9999 -9999 -9999 -9999 -9999
0.4627985440257 0.468643966697489 0.475726367621728 0.481295196283619 0.487159516196437 0.492333987168577 0.497579548745781 0.50382592710456 0.509842099362309 -9999 -9999 -9999 -9999 -9999 -9999 -9999 -9999 -9999 -9999 -9999 -9999 -9999 -9999 -9999 -9999 -9999 -9999 -9999 -9999 -9999 -9999 -9999 -9999 -9999 -9999 -9999 -9999 -9999 -9999 -9999 -9999 -9999 -9999 -9999 -9999 -9999 -9999 -9999 -9999 -9999 -9999 -9999 -9999 -9999 -9999 -9999
0.44737443081969 0.467980563134129 0.474049274211725 0.47910901877484 0.485681969988646 0.49122394259618 0.496664861568468 0.503378840648302 0.509742029097294 0.514360345612065 0.518832695227248 -9999 -9999 -9999 -9999 -9999 -9999 -9999 -9999 -9999 -9999 -9999 -9999 -9999 -9999 -9999 -9999 -9999 -9999 -9999 -9999 -9999 -9999 -9999 -9999 -9999 -9999 -9999 -9999 -9999 -9999 -9999 -9999 -9999 -9999 -9999 -9999 -9999 -9999 -9999 -9999 -9999 -9999 -9999 -9999 -9999
0.448113062906927 0.460115824394083 0.465110250462381 0.472245167684211 0.480063906018242 0.485803923712338 0.492544065496172 0.50164347140019 0.508704541895113 0.513559523801108 0.518942805805913 0.526114455290671 0.533553807458903 -9999 -9999 -9999 -9999 -9999 -9999 -9999 -9999 -9999 -9999 -9999 -9999 -9999 -9999 -9999 -9999 -9999 -9999 -9999 -9999 -9999 -9999 -9999 -9999 -9999 -9999 -9999 -9999 -9999 -9999 -9999 -9999 -9999 -9999 -9999 -9999 -9999 -9999 -9999 -9999 -9999 -9999 -9999
0.425443248499928 0.447001956757816 0.458627222218778 0.465072197823979 0.473343269826572 0.481723443591276 0.489975368536687 0.500044990873863 0.50816301616847 0.513932008410634 0.519937607876099 0.526889583919298 0.53345733754361 0.539399510596005 -9999 -9999 -9999 -9999 -9999 -9999 -9999 -9999 -9999 -9999 -9999 -9999 -9999 -9999 -9999 -9999 -9999 -9999 -9999 -9999 -9999 -9999 -9999 -9999 -9999 -9999 -9999 -9999 -9999 -9999 -9999 -9999 -9999 -9999 -9999 -9999 -9999 -9999 -9999 -9999 -9999 -9999
0.43141942872877 0.446389749521795 0.453292522221024 0.460742367033694 0.470267893263126 0.480792655206661 0.489799501775636 0.499205990769775 0.507453075762516 0.512353787692968 0.51870258031095 0.526093509029175 0.532596283325367 0.539203258971373 0.543466200380072 -9999 -9999 -9999 -9999 -9999 -9999 -9999 -9999 -9999 -9999 -9999 -9999 -9999 -9999 -9999 -9999 -9999 -9999 -9999 -9999 -9999 -9999 -9999 -9999 -9999 -9999 -9999 -9999 -9999 -9999 -9999 -9999 -9999 -9999 -9999 -9999 -9999 -9999 -9999 -9999 -9999
0.44402710399849 0.450949540196433 0.456741853240025 0.460740632870221 0.468662239796267 0.478609118756074 0.486879465057867 0.496737660199536 0.504941996822787 0.510131544080139 0.515298152212883 0.524603075666239 0.533448058010516 0.540988697088275 0.546334661599943 -9999 -9999 -9999 -9999 -9999 -9999 -9999 -9999 -9999 -9999 -9999 -9999 -9999 -9999 -9999 -9999 -9999 -9999 -9999 -9999 -9999 -9999 -9999 -9999 -9999 -9999 -9999 -9999 -9999 -9999 -9999 -9999 -9999 -9999 -9999 -9999 -9999 -9999 -9999 -9999 -9999
0.446579519317314 0.455182462765701 0.461622130462079 0.466696172545951 0.473866745058615 0.481918470040402 0.487634705129752 0.494893162678673 0.503195011532944 0.509211844963245 0.514154183213721 0.523856830551538 0.533162215657292 0.5407235202934 0.55260354616123 0.561988997602089 -9999 -9999 -9999 -9999 -9999 -9999 -9999 -9999 -9999 -9999 -9999 -9999 -9999 -9999 -9999 -9999 -9999 -9999 -9999 -9999 -9999 -9999 -9999 -9999 -9999 -9999 -9999 -9999 -9999 -9999 -9999 -9999 -9999 -9999 -9999 -9999 -9999 -9999 -9999 -9999
0.449893057757767 0.456147021850959 0.45914241308667 0.464601455376936 0.473317956087266 0.481531419724339 0.490647071215124 0.497057318501739 0.504635673760246 0.512624055695474 0.517898614039507 0.526441273511683 0.5347925864718 0.541583349699378 0.55206019849304 0.562090906804722 0.569447912109933 0.578823661772239 -9999 -9999 -9999 -9999 -9999 -9999 -9999 -9999 -9999 -9999 -9999 -9999 -9999 -9999 -9999 -9999 -9999 -9999 -9999 -9999 -9999 -9999 -9999 -9999 -9999 -9999 -9999 -9999 -9999 -9999 -9999 -9999 -9999 -9999 -9999 -9999 -9999 -9999
0.450930133267297 0.445228698195142 0.42557805051387 0.425107801324902 0.455292288317534 0.480161696033071 0.490790734742509 0.498775616111692 0.507691673969037 0.513534375813514 0.520110598718437 0.529535760789384 0.535725247979961 0.543713746227947 0.555227159177615 0.563225314288596 0.570933245924495 0.579033114256736 0.587050127229216 0.593204791873309 -9999 -9999 -9999 -9999 -9999 -9999 -9999 -9999 -9999 -9999 -9999 -9999 -9999 -9999 -9999 -9999 -9999 -9999 -9999 -9999 -9999 -9999 -9999 -9999 -9999 -9999 -9999 -9999 -9999 -9999 -9999 -9999 -9999 -9999 -9999 -9999
0.452392317835735 0.42543425969246 0.396502015464251 0.404602756425248 0.434118980726545 0.474326211704228 0.497480367278428 0.504774197441373 0.510616473313467 0.516142841540475 0.52269187396679 0.532346135964304 0.540683981663274 0.549068080579579 0.557312594159172 0.564615434185259 0.572661476140228 0.581261188062822 0.588293026052601 0.593480271983082 0.597139711330639 -9999 -9999 -9999 -9999 -9999 -9999 -9999 -9999 -9999 -9999 -9999 -9999 -9999 -9999 -9999 -9999 -9999 -9999 -9999 -9999 -9999 -9999 -9999 -9999 -9999 -9999 -9999 -9999 -9999 -9999 -9999 -9999 -9999 -9999 -9999
0.4381643649833 0.409106702485458 0.386271751678372 0.400893781070881 0.42432734218911 0.451504991040328 0.486871324412751 0.503032868684311 0.506961318207169 0.515436038485612 0.52401614416914 0.534911385611534 0.54341668217076 0.550394739725276 0.558882163403243 0.56619143451448 0.573948607914277 0.583188395073067 0.590702944551798 0.596580485612017 0.606494755087796 0.615139852706863 0.620576523531994 0.628251971080395 0.635226679468185 0.641623568427202 0.648930636708382 0.65544321954206 0.661713978064584 0.669014224150337 0.675615160730829 0.680826617715955 0.686901373498054 0.692868797969252 0.696820105259059 -9999 -9999 -9999 -9999 -9999 -9999 -9999 -9999 -9999 -9999 -9999 -9999 -9999 -9999 -9999 -9999 -9999 -9999 -9999 -9999 -9999
0.346674964312807 0.369939380921031 0.391153406377444 0.410971270360644 0.439718582115341 0.453229991087501 0.457520753058244 0.480993517248725 0.508616915632152 0.521469239315853 0.531807486389867 0.539777896132937 0.545958154246179 0.554218497406246 0.564277800714791 0.570560440862577 0.577143135489077 0.586761011574998 0.594392695453963 0.6005794591533 0.608744957334147 0.61532350845743 0.620850487803662 0.628532513946108 0.635516102586711 0.641909250396039 0.649191609001389 0.655656576228509 0.661922179965871 0.669265558860722 0.675857186095278 0.681148427764027 0.687253361351127 0.693169832500047 0.697212711205403 0.70345746776374 0.710961844590009 -9999 -9999 -9999 -9999 -9999 -9999 -9999 -9999 -9999 -9999 -9999 -9999 -9999 -9999 -9999 -9999 -9999 -9999 -9999
0.348380425422451 0.364018763120709 0.378605356721288 0.42227126363266 0.453790761620034 0.45354090027499 0.444275370379027 0.460738443524667 0.499036927987556 0.524316213189289 0.536664058075228 0.54539759891342 0.551947962425203 0.559633037143379 0.568888105197908 0.574943083731127 0.580455866336564 0.589430447502085 0.596122118903009 0.603000621732786 0.611097460645815 0.617412840003303 0.62375322562303 0.631559355562137 0.638634355111994 0.64500459819791 0.652068969345456 0.65806467532831 0.664259590611515 0.672024804792289 0.678513116384335 0.684584820821096 0.691007328951562 0.696364430118848 0.701286466562601 0.70684580025425 0.711109890556809 0.715912561146028 -9999 -9999 -9999 -9999 -9999 -9999 -9999 -9999 -9999 -9999 -9999 -9999 -9999 -9999 -9999 -9999 -9999 -9999
0.364421638562822 0.37061766922057 0.370783959161495 0.405965098900187 0.445987291821539 0.455123651881574 0.443016994241963 0.451437407402462 0.479885610766228 0.501365621101351 0.525824812736325 0.546101481033889 0.556713864245261 0.563799250340497 0.569875379413078 0.575872285216672 0.583229473975758 0.591232985112444 0.597656196630492 0.604626140732091 0.613635327969579 0.620165332959104 0.62573680653062 0.634147787076817 0.641245537384927 0.647737737107962 0.655175669816295 0.661034806262931 0.667045282923568 0.674933872061403 0.681394536971951 0.687522454010257 0.693983952728337 0.698865318800984 0.703562309093599 0.70931269180172 0.712794487294876 0.716501420025073 0.722807210425105 0.72813723829565 0.732466525296991 -9999 -9999 -9999 -9999 -9999 -9999 -9999 -9999 -9999 -9999 -9999 -9999 -9999 -9999 -9999
0.392950944329776 0.390093168182152 0.394138090601864 0.382949803046265 0.398132503588279 0.419440826173032 0.41519781695528 0.448774592102124 0.475401474590645 0.491312366057315 0.505451742903477 0.530234258397397 0.559159333209232 0.567926112467097 0.573325344905198 0.580862930845464 0.586483712531378 0.593094698401384 0.599838333170619 0.60717319440474 0.615101610270662 0.620477322745779 0.626012822372976 0.634420906608801 0.641538869428653 0.648025820745245 0.656607486833336 0.66123436435022 0.667095018437567 0.676273608716701 0.68399978586515 0.691266509561403 0.696289224380056 0.702151538320392 0.706566214394926 0.710849856992838 0.715729755855785 0.720056522468797 0.724631418457628 0.72839750269123 0.732649413449042 0.738983036071187 -9999 -9999 -9999 -9999 -9999 -9999 -9999 -9999 -9999 -9999 -9999 -9999 -9999 -9999
0.411518162583191 0.406536494082727 0.405502381202147 0.410151309564644 0.429685032860512 0.440879848529812 0.437816595145749 0.452077852618243 0.468202921686229 0.473732326966181 0.498585866037634 0.543357891922295 0.56496716355851 0.57186176797925 0.574061280973021 0.579578559482519 0.589697036569519 0.595849773872329 0.601351188248538 0.606426222073744 0.613237924198659 0.620735858854413 0.625347469882369 0.632661544789304 0.642382002072818 0.650213303264262 0.658299509860018 0.664484863940981 0.668225645454298 0.675047652281159 0.686706448934188 0.693157627124732 0.699069447554431 0.706010600886621 0.706101432168261 0.712463573074915 0.722921572108319 0.725690128439664 0.72783452389744 0.731286910372917 0.734950973498518 0.739447805553323 0.744819957210501 0.745547091309674 -9999 -9999 -9999 -9999 -9999 -9999 -9999 -9999 -9999 -9999 -9999 -9999
0.411199377325588 0.415425471354206 0.415741649519774 0.417969733607971 0.444769097836004 0.461426379307401 0.473797297674926 0.485934033726735 0.490840127578588 0.497786989032817 0.522868394171731 0.5560982717289 0.570113818374152 0.574743270298603 0.572110723019509 0.57609927968438 0.590935350678754 0.59774158405775 0.602743800620195 0.606107193211843 0.610233838848457 0.610616400942324 0.609172960585489 0.625885384021194 0.644502417185249 0.650310632344161 0.656171909569315 0.661010664070542 0.669233817565777 0.681642355931684 0.69068844113975 0.696884454419006 0.701917092255081 0.703924531555879 0.7048694838841 0.713755977400493 0.7234886766212 0.727875743371223 0.730489747135787 0.734683745773427 0.739996969562684 0.742965018289742 0.744650127771122 0.745610996097627 0.748277459521718 0.752824183938038 -9999 -9999 -9999 -9999 -9999 -9999 -9999 -9999 -9999 -9999
0.454288338283675 0.469577430207355 0.476620575658861 0.483149417415913 0.49657875814873 0.50305944379852 0.502400710403896 0.509889810504112 0.515323962916762 0.507683337644388 0.521505687945405 0.555796927078904 0.574925870535391 0.577332091184683 0.58101547198124 0.587826781720176 0.593493263226868 0.600171963623394 0.60477887681311 0.608583877335566 0.608587790245377 0.607694197786107 0.617822895509512 0.634119912581529 0.644252666502713 0.648532658352476 0.655804364397839 0.663620434761164 0.67282744627593 0.684471399560407 0.691036954598998 0.694327107633635 0.703179141556004 0.71281911358865 0.717303725180456 0.722645172429967 0.728433658014037 0.732054094813976 0.734338521280994 0.736918156703155 0.741580071475069 0.747437500789846 0.748332718479054 0.747048191699622 0.750169415201889 0.753103174163018 0.752038902162387 -9999 -9999 -9999 -9999 -9999 -9999 -9999 -9999 -9999
0.506235668289456 0.524668494323042 0.532394463864566 0.536776574952174 0.542849776877506 0.540623879247164 0.529650436030329 0.533554880099483 0.546904748820372 0.545411300481404 0.540091155258855 0.557122149737996 0.579662198655496 0.581863754124471 0.58674161180462 0.591273530767181 0.595913396064479 0.602241745798014 0.607037705441277 0.608745321506401 0.609156035987391 0.608542321769834 0.618436355371406 0.63713173168336 0.643918951169925 0.645072288272441 0.652223615309785 0.665045600127071 0.675050823033847 0.68640106243773 0.689426436585162 0.688031332830077 0.699383382040005 0.71551452826471 0.721121072796375 0.726710414145659 0.730490858376301 0.733543103685603 0.735527759921156 0.736662867916929 0.743426013769334 0.750949008765281 0.754955213780017 0.755095100883645 0.755093447087646 0.755675375360118 0.753840838155182 0.751343557382659 -9999 -9999 -9999 -9999 -9999 -9999 -9999 -9999
0.530382877189715 0.538023273969461 0.542739548752977 0.546556188914092 0.551257243166598 0.553385152867049 0.540029273732737 0.540569656112992 0.563807443380534 0.568631750940855 0.567468556247956 0.572856857023359 0.582211466155527 0.585362561978355 0.589882082214663 0.593209117011204 0.597513517034646 0.603679163257759 0.607617047422467 0.609738297696437 0.605632138237447 0.608718685530553 0.621095515404859 0.631448646256387 0.640978464456996 0.645268456125462 0.657053550647999 0.668379786161228 0.67683824096433 0.682624383935319 0.689718402313767 0.700714155255868 0.71059461232878 0.718940936005907 0.72115776778144 0.723331862021986 0.728320857279392 0.732803907106957 0.734772660549477 0.735911245810537 0.745193168015348 0.749906079350468 0.753306193564085 0.755941573833651 0.755490047601088 0.754493839347302 0.754794026236323 0.753398518435599 0.752498212148383 -9999 -9999 -9999 -9999 -9999 -9999 -9999
0.543593532149424 0.549617235958196 0.552759956361836 0.555997377196364 0.560191607941159 0.563104389660776 0.565940678922765 0.570279237853698 0.573399996404114 0.575041574710566 0.577616618416854 0.580456805716901 0.583978352310174 0.587304653431153 0.591188531656929 0.595972213043996 0.599420252191778 0.60565917378773 0.608589102351567 0.608173441434909 0.610467177472396 0.611976780014576 0.614678890248929 0.621210031748077 0.625872989217002 0.635000305432347 0.653465492389125 0.668015689982864 0.674585945033918 0.681923208040993 0.689995629848208 0.70000819916727 0.710471120049982 0.717289786115502 0.721118163356989 0.726621506396751 0.733117435748885 0.737035896066631 0.7391961544684 0.740455563316244 0.746440505046919 0.754683375715997 0.756196366679177 0.756087395439616 0.757647139402674 0.760568451196443 0.761733003438127 0.759246858018584 0.756591508440856 -9999 -9999 -9999 -9999 -9999 -9999 -9999
0.555535094751463 0.55934056514805 0.562116377342291 0.564592859778514 0.568046451394117 0.57098854567612 0.57298960333583 0.574630154141844 0.570836562564092 0.561775219209567 0.561043775108451 0.568990668739915 0.579436056903747 0.589290470986606 0.593172948198046 0.597367577977342 0.600923288437044 0.60357779186245 0.608315624757371 0.612111834184305 0.615277371802448 0.617573850086515 0.621438635371462 0.628066154387445 0.633949392883668 0.644950575153566 0.657014080657269 0.665541219437319 0.672831535130894 0.682558569482136 0.692213524202951 0.700486713510772 0.708977714366467 0.71711879764372 0.722345651875048 0.727747257351726 0.731438580836415 0.727925810147636 0.730778878807479 0.743886838615023 0.753474708492441 0.758073983358012 0.75801040873811 0.759594329200382 0.760982407365661 0.761851383659821 0.762513918159394 0.761665711766126 0.759257294528584 0.75766656833974 -9999 -9999 -9999 -9999 -9999 -9999
0.560766098758909 0.563655830314383 0.565374791818994 0.568803602215809 0.573389481696467 0.575324975060384 0.576091943449019 0.566357647472483 0.546238946908176 0.534172023719291 0.540708992650865 0.559700342440884 0.57701376483135 0.588556416558793 0.586721454044702 0.588453351189762 0.593169360783918 0.597389336434509 0.603131634949383 0.609366920207859 0.615931909124206 0.618580736288517 0.621441283179268 0.62143681847262 0.623853380051874 0.637093469447461 0.651955749401563 0.665591002641625 0.673351983680087 0.683066319220887 0.6911088384551 0.697333030553291 0.7069237799193 0.715883793564001 0.721761640830854 0.730213729469485 0.738426967220211 0.743781474685624 0.74787578045646 0.748703286010732 0.753699981146547 0.760938176888026 0.761940725401748 0.763510316336331 0.763671055589498 0.76257396500586 0.762956886638472 0.764197856238057 0.762327680697173 0.761011421738704 -9999 -9999 -9999 -9999 -9999 -9999
