layers/veg_krg/veg5000.asc
NCOLS 255 
NROWS 330 
XLLCORNER -2985163.8955 
YLLCORNER -3022031.214 
CELLSIZE 25000 
NODATA_value -9999 
[rows 200 to 224 of 330, columns 56 to 111 of 255]
-9999 -9999 -9999 -9999 -9999 -9999 -9999 -9999 -9999 -9999 -9999 -9999 -9999 -9999 -9999 -9999 -9999 -9999 -9999 -9999 -9999 0.488155907041804 0.44793602581864 0.351243650582553 0.278218133215375 0.172453197333522 0.0457521716051009 0.00186720794666681 0.0556708708016215 0.186069007623585 0.246197673845822 0.289404818490402 0.343469794169015 0.365777309355535 0.328700966320706 0.328596497361695 0.380408007920839 0.448804578732613 0.46323995932197 0.470559995376179 0.476357180058944 0.479686372092384 0.485120243108965 0.491218406673353 0.491187588360328 0.490301216705778 0.480873728728898 0.447173335603515 0.431721800749189 0.461137948775272 0.485509389019454 0.493702560594438 0.493016342314461 0.490540457738206 0.486704849015456 0.482235899141145
-9999 -9999 -9999 -9999 -9999 -9999 -9999 -9999 -9999 -9999 -9999 -9999 -9999 -9999 -9999 -9999 -9999 -9999 -9999 -9999 -9999 0.502823698047539 0.466628159808013 0.396031333091798 0.291207829380409 0.183412854597065 0.0934303429011876 0.0215753978979645 0.104657210833872 0.227935808593966 0.288016329216062 0.355323241878105 0.379746768115739 0.377541139630645 0.34458978097196 0.352901428563848 0.396683376967213 0.438216765280221 0.453877949640377 0.459331934231779 0.465329700268716 0.47625397190085 0.485609559062561 0.4882816597517 0.48646870934796 0.481938618870174 0.4689094395273 0.439317534452918 0.436489659350582 0.467847070194919 0.485973081611608 0.493287935480282 0.491836863826971 0.489411491841267 0.485574049177909 0.480690934771105
-9999 -9999 -9999 -9999 -9999 -9999 -9999 -9999 -9999 -9999 -9999 -9999 -9999 -9999 -9999 -9999 -9999 -9999 -9999 -9999 0.50485189332415 0.492185721872215 0.437061995324342 0.32739622579076 0.201625170070136 0.116571553834438 0.0431286750347146 0.00613540977022155 0.106656829369134 0.227310958624064 0.288993946152026 0.356333033905232 0.385133569822878 0.403172682797452 0.358521260310976 0.340336874675857 0.40188283228161 0.426535968834637 0.438298607125144 0.425204472651313 0.431285677544686 0.466019369171663 0.479690931767636 0.480661326056235 0.473432505083252 0.461133291585381 0.436363225561482 0.418479872306343 0.438639437475418 0.469422874266238 0.484810037257412 0.491288221518898 0.48995919744613 0.487514704153218 0.483593829468001 0.478607737715239
-9999 -9999 -9999 -9999 -9999 -9999 -9999 -9999 -9999 -9999 -9999 -9999 -9999 -9999 -9999 -9999 -9999 -9999 -9999 -9999 0.496158639730586 0.471307755274311 0.430405478555664 0.354541821314746 0.200616757591164 0.0843099438781261 0.0225176351014524 0 0.0807847520167063 0.20180792265501 0.260212646427493 0.345974215319598 0.390519880216765 0.409075603176464 0.377045791600782 0.356789706532305 0.402401809499497 0.423085267323805 0.415560773040606 0.393399663109814 0.412085981113758 0.458344861367679 0.473931608045793 0.466829526715472 0.4502129491401 0.442483705359092 0.413218909063523 0.394864832265323 0.431517230912537 0.468794020782181 0.482260491199628 0.486932671078665 0.486464509929106 0.485146348820701 0.481442564674692 0.476408150512243
-9999 -9999 -9999 -9999 -9999 -9999 -9999 -9999 -9999 -9999 -9999 -9999 -9999 -9999 -9999 -9999 -9999 -9999 -9999 -9999 0.48813168334233 0.48389548729605 0.453138217289367 0.381528712456647 0.25398331185331 0.107205171617062 0.0317092536718624 0.0814591337258857 0.169133870220744 0.203055435195411 0.245242569798042 0.321610556016177 0.372684774260128 0.399359335340761 0.409341770355075 0.378803176284225 0.380705966821723 0.423825590241956 0.402733353155131 0.386595578015008 0.415633143654863 0.452905940428305 0.470817509751558 0.45097063697188 0.421924463229801 0.406860454687751 0.374114046247335 0.383727571336611 0.434448899759183 0.466361151934008 0.477687293068777 0.48168618692804 0.482223365521655 0.481875990665608 0.477800096105431 0.473097200166415
-9999 -9999 -9999 -9999 -9999 -9999 -9999 -9999 -9999 -9999 -9999 -9999 -9999 -9999 -9999 -9999 -9999 -9999 -9999 -9999 0.454897501970572 0.455115165708826 0.431216567216055 0.370049207044099 0.266710160138931 0.14794305986693 0.0501536405047526 0.095998676949662 0.208230736106837 0.221707096550706 0.224877942561744 0.308216578877736 0.36672465616802 0.378117787755971 0.357037042768772 0.344153654694726 0.378885382559966 0.427296418643584 0.410119827274038 0.395433908442923 0.417532800574675 0.449681946682035 0.465445414695225 0.430442749353699 0.386630791393406 0.357575676848786 0.347007446196957 0.399888347984251 0.439990450302005 0.462903337411036 0.471821841980919 0.476078884958984 0.477200763518934 0.477405958708384 0.474555936877552 0.470713219747927
-9999 -9999 -9999 -9999 -9999 -9999 -9999 -9999 -9999 -9999 -9999 -9999 -9999 -9999 -9999 -9999 -9999 -9999 -9999 -9999 0.420821090892646 0.408272750423287 0.398516572185635 0.323882829242169 0.212572596261842 0.133757864698888 0.0414135564051872 0.0637814539046348 0.210460628558559 0.248809097777729 0.22963269455426 0.30942694101441 0.36718328349564 0.343531053091959 0.263740191658696 0.291385282154879 0.394103616699851 0.431675830051739 0.426703219266815 0.416308033689021 0.422685801288679 0.447541371958994 0.460555441123755 0.418081529150379 0.365096061534498 0.328146162726463 0.339585780312678 0.420600727711032 0.448508656528464 0.45906830123331 0.465959879379547 0.470651250864051 0.472529892113965 0.473444689128202 0.471889860007658 0.4685860751044
-9999 -9999 -9999 -9999 -9999 -9999 -9999 -9999 -9999 -9999 -9999 -9999 -9999 -9999 -9999 -9999 -9999 -9999 -9999 -9999 0.450097431049756 0.422100799212749 0.376353788085224 0.275331021501937 0.136246190773996 0.0647744637058058 0.0234670799384124 0.0704506880187062 0.220984111823357 0.243952335172929 0.238056170618622 0.33167394263494 0.382827037965554 0.334816476720333 0.291466652488115 0.371918357178695 0.419674950381968 0.432862515417312 0.433359473892739 0.426384713896703 0.427348211639473 0.445164169891721 0.458591179720494 0.433740643586815 0.379322817291766 0.315522430816758 0.324040105483972 0.407781204303553 0.444719757713092 0.456546877022097 0.462101726950549 0.467177506128078 0.46959817069516 0.470893177297319 0.470054220341447 0.467645001573498
-9999 -9999 -9999 -9999 -9999 -9999 -9999 -9999 -9999 -9999 -9999 -9999 -9999 -9999 -9999 -9999 -9999 -9999 -9999 -9999 -9999 0.45147415196099 0.411512486107122 0.327488279872266 0.180555297233915 0.0808400510064924 0.0587186903942957 0.0980940707839602 0.201178647275135 0.19775526903985 0.192870615987653 0.312254790557424 0.373102322218672 0.384122992955321 0.37798015983833 0.40404947178476 0.414567219354617 0.422431064596026 0.433406707119373 0.43363188969552 0.426637871637593 0.436381233041388 0.450244176680162 0.443627538453107 0.410166353920145 0.329442471985273 0.327104741679906 0.414943741349637 0.444529717250234 0.453575210445116 0.459311268358111 0.46371434159026 0.466165414346924 0.467767802003128 0.467895163683119 0.466028151426246
-9999 -9999 -9999 -9999 -9999 -9999 -9999 -9999 -9999 -9999 -9999 -9999 -9999 -9999 -9999 -9999 -9999 -9999 -9999 -9999 -9999 0.424576910944074 0.426922288858055 0.369404410663625 0.249190068516892 0.108220082268656 0.0245412459224841 0.103386745931621 0.200201113932502 0.178551800481412 0.189360857761264 0.281477001033851 0.355679728284999 0.402574930550591 0.403799725561294 0.406244120151995 0.408352212509447 0.409182476821521 0.422319137335248 0.429397371271135 0.428463449003938 0.433744049332396 0.438218703615209 0.435186958692579 0.406642553422019 0.361659999912284 0.37285309258712 0.419238629072526 0.437981655609532 0.450188943912559 0.45607763044963 0.460662437032872 0.463233691530837 0.465182711093664 0.465859309927397 0.463999279351987
-9999 -9999 -9999 -9999 -9999 -9999 -9999 -9999 -9999 -9999 -9999 -9999 -9999 -9999 -9999 -9999 -9999 -9999 -9999 -9999 -9999 0.414512811296417 0.401465864299501 0.339305629462141 0.230789515916257 0.138126626542182 0.0288200715708799 0.0583795455423056 0.137905770728186 0.118855031114051 0.221275038071081 0.309436024139369 0.363993536072988 0.40114697712956 0.404578737133625 0.408252810198352 0.408688698350363 0.403734915258763 0.410247905802878 0.421691001157021 0.419525361906484 0.416680879400082 0.418522578611758 0.409808017737447 0.387027277636343 0.358531786743551 0.368146385232193 0.415683986953961 0.436112001463011 0.448365658165102 0.453955235966417 0.45876133384934 0.461603566326158 0.463521776151786 0.464123259164146 0.463343721763973
-9999 -9999 -9999 -9999 -9999 -9999 -9999 -9999 -9999 -9999 -9999 -9999 -9999 -9999 -9999 -9999 -9999 -9999 -9999 -9999 -9999 -9999 0.418527630592429 0.360781070610638 0.246411103747206 0.130108938252775 0.058279060150272 0.0469656334237087 0.0517069095928092 0.0930769995334857 0.221086319891809 0.32234039693553 0.374758413712853 0.396384855832457 0.399501324780822 0.404517352616359 0.408986983708687 0.401173510569449 0.398724173319692 0.409726646844395 0.406882379897502 0.389860715363354 0.374444544716441 0.380764500640308 0.388567337700848 0.356009673417898 0.353981833987845 0.406249512229203 0.428768820202097 0.446721334746291 0.453236093239537 0.457296211087016 0.45962871505273 0.461426594145174 0.461523775970156 0.460813306962469
-9999 -9999 -9999 -9999 -9999 -9999 -9999 -9999 -9999 -9999 -9999 -9999 -9999 -9999 -9999 -9999 -9999 -9999 -9999 -9999 -9999 -9999 0.448733134188284 0.410601089804853 0.303124790299657 0.204213651405412 0.0887501689758103 0 0 0.0726536991147895 0.223666251355834 0.322497094982367 0.368805513426501 0.391402698921204 0.394365749636307 0.400448323432207 0.407447612913156 0.396021093067243 0.386707580991428 0.398795974581638 0.393757075931861 0.358653673006656 0.340130616571039 0.367805300601983 0.38262494688948 0.363620339937701 0.364693156724582 0.403572636288259 0.428626862232782 0.444645127693253 0.452316542356168 0.456481938469204 0.45805886498906 0.459378243669954 0.459426998114932 0.458377845589068
-9999 -9999 -9999 -9999 -9999 -9999 -9999 -9999 -9999 -9999 -9999 -9999 -9999 -9999 -9999 -9999 -9999 -9999 -9999 -9999 -9999 -9999 0.463944672773089 0.386220378562901 0.320807670237648 0.241382366869307 0.0566429009834452 0 0.039064117372825 0.106534001086418 0.227676805717515 0.33489612745835 0.373802513349303 0.38685798420425 0.390596183365097 0.39700997243543 0.405179108349374 0.40552298827109 0.39695747493091 0.39258488806532 0.373058670041969 0.324307876882839 0.324886125599102 0.365632884722446 0.370480478178425 0.370318044947759 0.386985223891679 0.410602677708362 0.430513608391241 0.444553445062977 0.451602796772947 0.455974290963802 0.457560223855496 0.458521003919823 0.458241485819026 0.457461258809611
-9999 -9999 -9999 -9999 -9999 -9999 -9999 -9999 -9999 -9999 -9999 -9999 -9999 -9999 -9999 -9999 -9999 -9999 -9999 -9999 -9999 0.466917536906315 0.462175981142884 0.411720152016433 0.356391136227082 0.315365185174336 0.170907745941498 0.0583048673788294 0.00935147329911223 0.0278067510251698 0.227579704189688 0.333825434825723 0.36459619906108 0.38009369940359 0.385178781388841 0.392281323196949 0.401743089370019 0.405072678887634 0.39683120380171 0.391774870104381 0.369774669000251 0.337739729750382 0.349526589346316 0.356629898575584 0.351444246847332 0.371657975935356 0.39796927921092 0.415915407720738 0.43158742578848 0.442651514833248 0.449650383485681 0.45449965422036 0.456236636992728 0.456455206822565 0.455369865639883 0.45391179042824
-9999 -9999 -9999 -9999 -9999 -9999 -9999 -9999 -9999 -9999 -9999 -9999 -9999 -9999 -9999 -9999 -9999 -9999 -9999 -9999 -9999 0.444766439148411 0.44540109706293 0.408994623850219 0.372257320047317 0.290106654896664 0.0909915893519232 0.0292016033773566 0.0231977267556357 0.0445897271379591 0.244552709806243 0.33445007120127 0.353991380521215 0.375189235764553 0.383647704270768 0.390157133806162 0.398309754257612 0.40068627369047 0.394809165169636 0.395573841911783 0.388127667327498 0.36900096400908 0.371073214513205 0.372890804566677 0.374085240125221 0.38987661740644 0.404880526954264 0.420645000028195 0.434138371515374 0.44230136238379 0.448131773322539 0.452364110542641 0.454154681575837 0.453865208044211 0.452151500036869 0.450822717332172
-9999 -9999 -9999 -9999 -9999 -9999 -9999 -9999 -9999 -9999 -9999 -9999 -9999 -9999 -9999 -9999 -9999 -9999 -9999 -9999 -9999 0.438395579023683 0.42848561389697 0.400359101001566 0.38303324937205 0.327433062920137 0.149854472102246 0.00795926431860284 0 0.0944417663784885 0.272599324771946 0.336440812915105 0.350850179187112 0.367886554595799 0.382381802539972 0.38918245030851 0.396771634540746 0.399616795350493 0.396013508718189 0.398169900602171 0.392285534291693 0.37437062048823 0.376613105920481 0.383383115551319 0.384826286742228 0.395849155299243 0.410323200758166 0.423598660630365 0.434429696402939 0.441407958871553 0.447025045564138 0.450601610849277 0.45173098994874 0.451179955835905 0.449937060261877 0.448771613819059
-9999 -9999 -9999 -9999 -9999 -9999 -9999 -9999 -9999 -9999 -9999 -9999 -9999 -9999 -9999 -9999 -9999 -9999 -9999 -9999 -9999 0.453177758065668 0.441902796240265 0.422395104680095 0.408578874665462 0.38896971091197 0.286888344644499 0.0971610692918281 0 0.091202258740079 0.26976543524012 0.334689654868242 0.328539097072077 0.345473695597284 0.375315951644075 0.386898843715827 0.394876106986123 0.399892987355959 0.402741426319648 0.405374738563235 0.396957965216399 0.382783951579438 0.386476346604157 0.397899574032357 0.405463379512268 0.412686296188219 0.420369084952433 0.429087242370118 0.436253597383998 0.440941594140879 0.445776887040728 0.447866862675918 0.447763537423188 0.44708860494918 0.446299916305483 0.445568878437183
-9999 -9999 -9999 -9999 -9999 -9999 -9999 -9999 -9999 -9999 -9999 -9999 -9999 -9999 -9999 -9999 -9999 -9999 -9999 -9999 -9999 0.466337465842345 0.456632578566184 0.435134557321226 0.408407694584276 0.381819408888797 0.27763967148726 0.0653890942569906 0.0033302082986949 0.132185610543717 0.244897693955398 0.319182079909014 0.313865130488236 0.339843600062071 0.370715646829198 0.383311004552867 0.392864078883493 0.397987654981096 0.401036741060993 0.400990426606317 0.391457776303196 0.382646768088789 0.388348518738149 0.398406397582152 0.406893752357009 0.415380274032787 0.422236856877239 0.42899802986604 0.435455299584398 0.439283651782278 0.442058628043407 0.443526476443968 0.443522532777109 0.443509393142964 0.443184143828979 0.442598999516885
-9999 -9999 -9999 -9999 -9999 -9999 -9999 -9999 -9999 -9999 -9999 -9999 -9999 -9999 -9999 -9999 -9999 -9999 -9999 -9999 0.462376097472708 0.461514116055117 0.442943063348574 0.394374850360987 0.349063173911898 0.318034220432517 0.205902039645547 0.0374474480101154 0 0.093139848797444 0.212390123909 0.29642050838687 0.300857498757392 0.33317242272007 0.36784268094207 0.381234940165169 0.391114628186711 0.396374342688536 0.399505775894527 0.394063415980204 0.382844763317136 0.383828345608893 0.392509976815265 0.400063089459969 0.407848610342352 0.415583806612761 0.421979363827427 0.427591487343204 0.433297254088641 0.437268231159989 0.439213384800348 0.440192364573547 0.440616144358786 0.440945765369792 0.441081765910478 0.440754122139528
-9999 -9999 -9999 -9999 -9999 -9999 -9999 -9999 -9999 -9999 -9999 -9999 -9999 -9999 -9999 -9999 -9999 -9999 -9999 -9999 0.437351689312396 0.43960157541313 0.43759366773398 0.408921048570845 0.385149459693565 0.374904224620533 0.24301792371153 0.0882263975390299 0.0464717159309733 0.0785048337258344 0.182501978643147 0.254398878358046 0.285249499531533 0.335586248535471 0.365590706919527 0.378537343347217 0.387997257866544 0.392896031562393 0.396411455346691 0.389522306907915 0.377167097416316 0.382477198679206 0.394429064478685 0.40047572486642 0.407082298657084 0.414006768555499 0.41958573767355 0.424528435444275 0.429702476794806 0.433082346011404 0.434687974948424 0.43567845985099 0.436206109250402 0.436933329159317 0.4375149354832 0.437200348240267
-9999 -9999 -9999 -9999 -9999 -9999 -9999 -9999 -9999 -9999 -9999 -9999 -9999 -9999 -9999 -9999 -9999 -9999 -9999 -9999 0.425293228694445 0.434837401729087 0.444223299374196 0.434677481345156 0.412069228586065 0.323928352229446 0.188453948381923 0.0735849206911091 0.0703948749614092 0.139429546429267 0.185717630454693 0.251515627446683 0.277372917626357 0.334328264862732 0.36710586045306 0.376830154932636 0.383988829318075 0.389090922910169 0.392562870649035 0.389112588291273 0.381110981614486 0.384133015407536 0.39327652229546 0.399232025486069 0.404947208318057 0.411463030708005 0.416580234970864 0.421174455659525 0.42633840816861 0.429140949462418 0.430530361508444 0.43155916234004 0.43197564482828 0.432773460696351 0.433662915201366 0.433898294629452
-9999 -9999 -9999 -9999 -9999 -9999 -9999 -9999 -9999 -9999 -9999 -9999 -9999 -9999 -9999 -9999 -9999 -9999 -9999 -9999 0.434851838149901 0.43407580928632 0.438598589522528 0.423272718389049 0.3902221451088 0.292693372315926 0.152265198840188 0.0504942885492318 0.0555843463758734 0.145541808121514 0.215330580211428 0.259886411714723 0.277937758299203 0.327503010276071 0.364057090345176 0.374366728579798 0.381424043320551 0.386289618497959 0.389523199425243 0.390216542953068 0.386908088040963 0.386094717718982 0.391157971603079 0.396593798175026 0.401790163125762 0.407854110049039 0.412969295681759 0.417653234042739 0.422658192463744 0.425470915665128 0.426876341916285 0.428140892277536 0.428700409927724 0.42939567494099 0.430301951896367 0.430590530646912
-9999 -9999 -9999 -9999 -9999 -9999 -9999 -9999 -9999 -9999 -9999 -9999 -9999 -9999 -9999 -9999 -9999 -9999 -9999 -9999 0.451290585045822 0.443779201680152 0.421360631771089 0.412388280664257 0.387837896230805 0.303801976218431 0.187313724791247 0.0730805350918741 0.0648350003674982 0.174299510950338 0.244730209405235 0.268086535624424 0.274116291330595 0.307164759072703 0.352947453977901 0.371312258162082 0.379217311251725 0.382771511717906 0.385420228801881 0.388211433501576 0.389027169763291 0.387846707687209 0.389589599784434 0.392996248582104 0.397051228194658 0.401630023658618 0.405141524176046 0.410719233837111 0.416501770187065 0.419400437236556 0.421426325387617 0.423106919055085 0.42396209437377 0.424817539224235 0.425732103935187 0.426238412452824
-9999 -9999 -9999 -9999 -9999 -9999 -9999 -9999 -9999 -9999 -9999 -9999 -9999 -9999 -9999 -9999 -9999 -9999 -9999 -9999 0.440032861282681 0.43751339340005 0.426215143378609 0.406105320744524 0.359951580675266 0.28925154150788 0.19594998999975 0.0583912430164642 0.0671877313680891 0.208980390336874 0.264480285155396 0.271966784770051 0.270789950804697 0.286808438955877 0.331325314010707 0.366185484763811 0.376599673768492 0.37959273199981 0.381590925095486 0.383987450958175 0.385420492720709 0.384833414097428 0.385672848766395 0.388096872446204 0.391149722452874 0.394586847434105 0.397978244577624 0.404158157305331 0.409800644196513 0.412704693278343 0.415127855854101 0.41732815919237 0.418518271823964 0.419793005570395 0.421312539024153 0.422430304950266
