layers/veg_krg/veg6000.asc
NCOLS 255 
NROWS 330 
XLLCORNER -2985163.8955 
YLLCORNER -3022031.214 
CELLSIZE 25000 
NODATA_value -9999 
[rows 175 to 199 of 330, columns 56 to 111 of 255]
-9999 -9999 -9999 -9999 -9999 -9999 -9999 -9999 -9999 -9999 -9999 -9999 -9999 -9999 -9999 -9999 -9999 -9999 -9999 -9999 -9999 -9999 0.453092832895966 0.378314028509913 0.309305584147862 0.344624294588142 0.344807445582574 0.264089932852531 0.20308726307643 0.169300921011566 0.110961484163886 0.102230122077499 0.108784493516802 0.136978428524411 0.153648689273182 0.131750837470686 0.111481494241427 0.106133400641309 0.0875342741432956 0.100266473803869 0.175805546776586 0.254238468616785 0.347791186007799 0.419094187538708 0.420697087650725 0.402128873366168 0.42875400449565 0.462296113804608 0.475553428961253 0.480046104675778 0.4812716102272 0.481452400908138 0.481308934784665 0.481327199913541 0.481019814675768 0.480466136656559
-9999 -9999 -9999 -9999 -9999 -9999 -9999 -9999 -9999 -9999 -9999 -9999 -9999 -9999 -9999 -9999 -9999 -9999 -9999 -9999 -9999 -9999 -9999 0.39570500489209 0.308392528499194 0.311578900594194 0.29965616349457 0.224074242523337 0.172850873149456 0.1379688479312 0.0950075564333811 0.119905901803214 0.135392895464668 0.16179688646774 0.152383492576426 0.119650968777922 0.0976742978021894 0.074878306689482 0.0627456212026885 0.151535878230311 0.203976899458514 0.253254223188533 0.381508538672158 0.406818928411366 0.413059485720884 0.418406135142058 0.448432847000886 0.46683042313774 0.474914935540516 0.47780532086242 0.479013752682406 0.47962086496333 0.479655526716212 0.479840149911173 0.479739079330804 0.479283800755562
-9999 -9999 -9999 -9999 -9999 -9999 -9999 -9999 -9999 -9999 -9999 -9999 -9999 -9999 -9999 -9999 -9999 -9999 -9999 -9999 -9999 -9999 -9999 0.325156671783169 0.313822252290217 0.306145532947286 0.28545030584027 0.217179830283923 0.159682549145726 0.131723407524479 0.092758469917445 0.083490792145622 0.0981031995897512 0.138120845471559 0.153816231259731 0.130848750626989 0.103991121724774 0.0726859049322025 0.0770680277534055 0.176061211398346 0.181298413694515 0.222133300140105 0.379785842466028 0.40573038276171 0.412309025206416 0.423411568943571 0.456449358653305 0.468442893643352 0.474660300150731 0.477032874029502 0.478255418755419 0.478848514023645 0.47895237409475 0.479123309766182 0.478982096341682 0.478570594227641
-9999 -9999 -9999 -9999 -9999 -9999 -9999 -9999 -9999 -9999 -9999 -9999 -9999 -9999 -9999 -9999 -9999 -9999 -9999 -9999 -9999 -9999 -9999 0.365041045808327 0.348868995391396 0.331861642716027 0.2838178011242 0.178519024826389 0.113170039899815 0.113696436524497 0.0740434052659072 0.0609711843171222 0.0765746060319935 0.081267269506757 0.124623280440277 0.136343633049934 0.0962324049914979 0.0741855461119371 0.120421320041297 0.2167807404142 0.226196063218279 0.282105554163745 0.366044625506356 0.380560150225397 0.409417447791433 0.444620984049445 0.458094770733357 0.46543975522335 0.474936493684441 0.476628243531078 0.477517440642796 0.477949737120444 0.477930761130527 0.47797514728624 0.477639407996404 0.477185412662792
-9999 -9999 -9999 -9999 -9999 -9999 -9999 -9999 -9999 -9999 -9999 -9999 -9999 -9999 -9999 -9999 -9999 -9999 -9999 -9999 -9999 -9999 -9999 0.408940243274569 0.382550595263694 0.349493900383178 0.309087867201183 0.220523660410094 0.126835385546105 0.093977394130427 0.089581937971539 0.0708490798881762 0.0551768022349817 0.0752309862383832 0.10314139363834 0.0864944334159281 0.0759348867684828 0.0916564267934288 0.160214979824617 0.239922032309052 0.269471093516167 0.2983210581488 0.33463559071318 0.351322224148684 0.403799315371141 0.443758282573186 0.44806482533722 0.463434259429225 0.475556122711933 0.477173262935561 0.4774224300328 0.477394705272319 0.477118749721129 0.476959839145559 0.476472265368066 0.475893563253093
-9999 -9999 -9999 -9999 -9999 -9999 -9999 -9999 -9999 -9999 -9999 -9999 -9999 -9999 -9999 -9999 -9999 -9999 -9999 -9999 -9999 -9999 -9999 0.458677499003469 0.409346484178899 0.3662219546271 0.303913863244012 0.212523534283438 0.124053474103326 0.094956884049055 0.096394838869413 0.0790087972451143 0.0712927880958961 0.113490381239417 0.107202822540724 0.0485243546394772 0.058683700099482 0.0592987668046537 0.114039056599126 0.232370486967323 0.289793489206655 0.305789598786672 0.333719336753031 0.382538491003711 0.424066004157214 0.445932325012877 0.457407787380833 0.467489937134484 0.476642719188443 0.477937828979198 0.477720648499279 0.47725610415548 0.47673133292935 0.476376890929544 0.475779015978338 0.475084992039662
-9999 -9999 -9999 -9999 -9999 -9999 -9999 -9999 -9999 -9999 -9999 -9999 -9999 -9999 -9999 -9999 -9999 -9999 -9999 -9999 -9999 -9999 -9999 0.459589388353347 0.410878142229551 0.375100981778319 0.322057930990786 0.221369158675739 0.131912026152097 0.105770087768951 0.0854123895456483 0.06964619593891 0.0982455405484552 0.12273537226504 0.114126032110348 0.0865429633441771 0.0439471078127169 0.0354223996061603 0.092963382985472 0.164997547665228 0.256205249153609 0.320282225237518 0.344658973754767 0.402891488402863 0.406533506141969 0.427966635087996 0.461653276361169 0.470717806630836 0.476795962880929 0.478377870014561 0.477800621050284 0.476907919462724 0.476129252694617 0.475625858164899 0.474824129417305 0.473914673710152
-9999 -9999 -9999 -9999 -9999 -9999 -9999 -9999 -9999 -9999 -9999 -9999 -9999 -9999 -9999 -9999 -9999 -9999 -9999 -9999 -9999 -9999 -9999 0.441086714854835 0.437065033137214 0.41289631823591 0.348866752576429 0.230615015625515 0.143545397237534 0.0914580176342691 0.0380353321767795 0.0313411044110242 0.0645725326352616 0.105019217623031 0.125586166224451 0.135844972155758 0.0842590373049871 0.0527889999864727 0.0529965666029789 0.0837663273926078 0.215395506308724 0.321476370072535 0.362784219868644 0.393031123551076 0.3795557524346 0.434130558865722 0.464935470889662 0.473854826819682 0.47837125673078 0.479456945858491 0.478433098827745 0.477102309259912 0.475989070244127 0.475117507401191 0.474043331038342 0.472995311224028
-9999 -9999 -9999 -9999 -9999 -9999 -9999 -9999 -9999 -9999 -9999 -9999 -9999 -9999 -9999 -9999 -9999 -9999 -9999 -9999 -9999 -9999 -9999 0.440311309202898 0.431954763489964 0.413495852168826 0.350322347726672 0.237876025447674 0.16588604241084 0.112634716680722 0.05492509012164 0.0380697662672125 0.0607999218299105 0.103349268191853 0.128104655846224 0.143199897323156 0.101779978969194 0.089662562497022 0.0711177095875813 0.0814332534889493 0.216237432724762 0.311957248604722 0.350271191566161 0.407007294196823 0.389879441848463 0.425891274187569 0.465937961121099 0.474136318279056 0.478503823121797 0.47934604274528 0.478238289750896 0.476737780484899 0.475413476450076 0.474335385090895 0.47314280312941 0.471894647076127
-9999 -9999 -9999 -9999 -9999 -9999 -9999 -9999 -9999 -9999 -9999 -9999 -9999 -9999 -9999 -9999 -9999 -9999 -9999 -9999 -9999 -9999 -9999 0.443895849736713 0.437707293768632 0.416826224049273 0.346049310613169 0.221415475413709 0.152225175135915 0.097772901431226 0.0312353953799491 0.0153995306587358 0.031238666484068 0.0787508379988242 0.152058925865642 0.151652267897585 0.134304680151468 0.147012237531948 0.129142290586804 0.153228222934786 0.233096049001836 0.269773443426307 0.316347778761169 0.421490556436981 0.434440883207107 0.457711005764635 0.471715348556557 0.477496251118116 0.479591937982006 0.479411891991127 0.478316806323765 0.476580390172818 0.47499213258508 0.473505210277941 0.471678762211356 0.470003804581546
-9999 -9999 -9999 -9999 -9999 -9999 -9999 -9999 -9999 -9999 -9999 -9999 -9999 -9999 -9999 -9999 -9999 -9999 -9999 -9999 -9999 -9999 -9999 0.459749727567447 0.399372829396533 0.375000408933485 0.32022544801698 0.184602270011237 0.111563568798935 0.092755896547669 0.0533028771716103 0.0260927941487608 0.0188336512370734 0.0601450633568152 0.100655701167889 0.110829232851961 0.139162379043844 0.142231959767256 0.159649850804338 0.212363394972396 0.201094534142507 0.233326383571906 0.364476234932553 0.448097527402044 0.46391482995082 0.468937012398152 0.475789095173151 0.479398547994497 0.480642495007127 0.479673083727006 0.478143083471565 0.476286536376716 0.474647796427279 0.473019387131887 0.470155462948507 0.468092308023221
-9999 -9999 -9999 -9999 -9999 -9999 -9999 -9999 -9999 -9999 -9999 -9999 -9999 -9999 -9999 -9999 -9999 -9999 -9999 -9999 -9999 -9999 0.487758229204352 0.454661484081492 0.400668367817131 0.353803501658673 0.278918344457249 0.18937857169237 0.124266227047416 0.0818347872407331 0.0426515268974073 0.0363406011327117 0.0572387428691339 0.135462834836138 0.129058402724389 0.0702973268083772 0.145146245186241 0.218739116792093 0.242843383083075 0.256401497284981 0.181023392294106 0.214903033432749 0.41484577755229 0.469386539575906 0.467851180721958 0.469702778753408 0.474679947922281 0.478557023720185 0.481225577010512 0.47993590189809 0.478183690486782 0.476188467343723 0.474432511915744 0.472511648881007 0.469320055476873 0.466828040692288
-9999 -9999 -9999 -9999 -9999 -9999 -9999 -9999 -9999 -9999 -9999 -9999 -9999 -9999 -9999 -9999 -9999 -9999 -9999 -9999 -9999 -9999 0.487795444956206 0.453414534277642 0.396808264939488 0.360143193955081 0.310360827742258 0.207063136707356 0.112733578916956 0.0645513057793519 0.00385499350077769 0 0.0299152481567423 0.15330228823324 0.23036450187075 0.179459506479602 0.21698680628561 0.28332216964146 0.258744951173907 0.2154755494862 0.184230584199297 0.303705355255381 0.451974432072012 0.47132533902152 0.470356726284144 0.47049893035123 0.472827222190439 0.476579603485035 0.48043017596359 0.47933204602504 0.477598662180789 0.475420458644916 0.473307347391926 0.471212129365402 0.468086798466352 0.46503689904046
-9999 -9999 -9999 -9999 -9999 -9999 -9999 -9999 -9999 -9999 -9999 -9999 -9999 -9999 -9999 -9999 -9999 -9999 -9999 -9999 -9999 -9999 0.496976329155052 0.483299371944846 0.452499294777624 0.41051009300482 0.311295693124295 0.189023699556838 0.0972111553270867 0.039960849737001 0.0231699435037861 0.000736277280576989 0.0441292600719749 0.181321028525107 0.29838181043171 0.264386477481924 0.251191217249896 0.318675145630863 0.314903726965557 0.315019004332361 0.302309721122804 0.367223820666777 0.45632476948692 0.471892664929901 0.472371718565112 0.470754228671319 0.471740740082091 0.476283087219452 0.479071646532189 0.478864621521388 0.4773075591797 0.474859644282845 0.472647910686982 0.470325105479836 0.466449722101729 0.463107339056781
-9999 -9999 -9999 -9999 -9999 -9999 -9999 -9999 -9999 -9999 -9999 -9999 -9999 -9999 -9999 -9999 -9999 -9999 -9999 -9999 -9999 -9999 0.502135909463098 0.475942742378384 0.439033054542488 0.390244153978027 0.291472350037225 0.180395965079943 0.105813630236413 0.049423608762529 0.0246712931267031 0.0249428623949842 0.0372478793041403 0.160000697150286 0.295611514883278 0.281981151692891 0.276032019636598 0.319816960655143 0.340796038182041 0.365865665538374 0.3324152938715 0.360826950566819 0.449392853656195 0.469925084853389 0.468130205964834 0.464190991654688 0.468007624596632 0.475345136764766 0.47773203809665 0.477712947169838 0.4762970026711 0.473980211335261 0.471774424568561 0.469376778889852 0.465684898572729 0.462530973655664
-9999 -9999 -9999 -9999 -9999 -9999 -9999 -9999 -9999 -9999 -9999 -9999 -9999 -9999 -9999 -9999 -9999 -9999 -9999 -9999 -9999 0.499918911091442 0.498093940405944 0.463069107411883 0.416414749151919 0.370205398029816 0.282654220722165 0.17705200011905 0.0939070019379047 0.0188809532023031 0.00585114024243973 0.0431144080466507 0.0807067608341684 0.180977518143434 0.280641272033335 0.324671324120802 0.360953565871328 0.40131739439626 0.412605527524413 0.418201588510948 0.340519284630468 0.314874405901634 0.423495009949837 0.460316678777586 0.455312856238624 0.452346123933675 0.462842116417954 0.472745290047731 0.476517269136816 0.476195994562293 0.475084855324471 0.473185147245199 0.470931201381764 0.468449809235456 0.466292562786003 0.464739175772814
-9999 -9999 -9999 -9999 -9999 -9999 -9999 -9999 -9999 -9999 -9999 -9999 -9999 -9999 -9999 -9999 -9999 -9999 -9999 -9999 -9999 0.477834985496779 0.481879093372603 0.461670065666953 0.401966241028395 0.340046786833577 0.272491859754426 0.182418547797515 0.0988766001914076 0.0154901712385441 0.0263093770726092 0.0845851529671478 0.107415943200436 0.16628003439377 0.274497451867591 0.355852673368894 0.370763744155701 0.409306807512126 0.419366574862783 0.417112644125343 0.307868766685635 0.273306730207803 0.407877839531172 0.443707377603818 0.444113133345994 0.450632327674291 0.465919755172054 0.473378237658957 0.475864018749896 0.47530248765223 0.474112591415941 0.471990419312677 0.469903809036648 0.467816320129835 0.465777223038431 0.46387841749934
-9999 -9999 -9999 -9999 -9999 -9999 -9999 -9999 -9999 -9999 -9999 -9999 -9999 -9999 -9999 -9999 -9999 -9999 -9999 -9999 -9999 0.469289771504736 0.467144625479687 0.443855644587925 0.37112206408024 0.291766965692673 0.242729225146468 0.15609069630797 0.0776974981064783 0.0649977929722705 0.0834655940526101 0.134116333639443 0.158139571540914 0.165036180695867 0.23477156083256 0.366537932911147 0.38947875756046 0.406747874174308 0.420068801638861 0.411739553496188 0.283121463235615 0.244626679062762 0.377095344057403 0.41480152429715 0.445429704085131 0.455556962009382 0.469200512327428 0.475098039310585 0.475840485401826 0.474714762448652 0.473379695531372 0.471210417057504 0.468983761243853 0.466456116565623 0.463748921346746 0.461699202092466
-9999 -9999 -9999 -9999 -9999 -9999 -9999 -9999 -9999 -9999 -9999 -9999 -9999 -9999 -9999 -9999 -9999 -9999 -9999 -9999 -9999 0.478034469769385 0.468228032941142 0.427003303596838 0.363620207617864 0.265671964011576 0.154737375061776 0.088134498770033 0.0733926497698272 0.0768135024312803 0.122292484135611 0.197499704098837 0.23576074601965 0.195697991213377 0.208747460754991 0.339399144640969 0.343186872873325 0.361435273744156 0.413593658246884 0.387085007765089 0.305316790364432 0.317930006903358 0.401458005635079 0.428062706381852 0.453467642985875 0.459828797660879 0.469380619306675 0.474862921675624 0.474622238274992 0.473249338525722 0.471856793333428 0.46965427197458 0.467451315685915 0.465042365225552 0.461929644926957 0.459227271287171
-9999 -9999 -9999 -9999 -9999 -9999 -9999 -9999 -9999 -9999 -9999 -9999 -9999 -9999 -9999 -9999 -9999 -9999 -9999 -9999 -9999 0.449450154924046 0.453011544700174 0.40275443803872 0.330629627074873 0.240518823699876 0.119153453147457 0.0608843856360709 0.0687217828037014 0.0809968872456105 0.152310169217545 0.243444044409637 0.283238728088394 0.219449020433889 0.19109946734072 0.306698096008363 0.276955283706387 0.296775681286619 0.398229870687288 0.372326239534124 0.373759517007761 0.41818861613322 0.413299062737646 0.439057690628241 0.458457076915565 0.462635189405317 0.469930665370765 0.474293623558134 0.473158763060477 0.471411623164056 0.470109419590735 0.468039728222282 0.46578480020176 0.463428594286058 0.460139244784219 0.457166342110423
-9999 -9999 -9999 -9999 -9999 -9999 -9999 -9999 -9999 -9999 -9999 -9999 -9999 -9999 -9999 -9999 -9999 -9999 -9999 -9999 -9999 0.44036867181075 0.413463430443169 0.392392402895862 0.308975122103413 0.206832822417883 0.113414268357269 0.0543571354667068 0.0689229876125945 0.105490025854274 0.150963115428774 0.220063803030646 0.282112204827371 0.221523498324705 0.160140542859426 0.25656246767474 0.276079254386809 0.303451576068233 0.380804348289274 0.425434174373248 0.453261932815184 0.441567480720939 0.427426791128768 0.444562182992501 0.459619081275413 0.464357943461066 0.471401407928586 0.473214713942077 0.469409821328154 0.466742237003252 0.467573039495715 0.467047794849529 0.464909792382158 0.46239996380851 0.459071382780142 0.455980766755194
-9999 -9999 -9999 -9999 -9999 -9999 -9999 -9999 -9999 -9999 -9999 -9999 -9999 -9999 -9999 -9999 -9999 -9999 -9999 -9999 0.470462509531422 0.434785875350221 0.400422929592354 0.361020890662712 0.268934762367927 0.228080376218824 0.146330014265748 0.0489425990552293 0.0927878965523682 0.13887558918867 0.159917302587039 0.202440671135483 0.276612176611265 0.242636326241667 0.16666690902242 0.263209441023034 0.326743759153662 0.342072331866047 0.387159380955266 0.442510647213714 0.455261102583141 0.456861395690369 0.451588028914068 0.452352914589382 0.461383146362653 0.465605343040625 0.470904866525935 0.466780783476486 0.454348175043975 0.446984167881655 0.455179191286062 0.464400841012184 0.46321181515758 0.460646253989762 0.457284565476934 0.454127812467724
-9999 -9999 -9999 -9999 -9999 -9999 -9999 -9999 -9999 -9999 -9999 -9999 -9999 -9999 -9999 -9999 -9999 -9999 -9999 -9999 -9999 0.434004413024673 0.384248566776288 0.316139928769072 0.210655974916806 0.15376326745699 0.0810286037750104 0.0482688209070947 0.0939642985419994 0.150791382301676 0.232704335977015 0.326306036730141 0.341487552265157 0.32251010018542 0.294191150321688 0.338153486431745 0.351072348743736 0.358833947987555 0.439063973277032 0.450029920624598 0.453185738197218 0.454777119357677 0.455739197459511 0.458988517028813 0.463768147649055 0.464827380238455 0.467134010333051 0.461583860501324 0.439145790356889 0.427121554589493 0.444752828311667 0.461491924208376 0.46168038931099 0.459025089987322 0.455381912464175 0.452023720552973
-9999 -9999 -9999 -9999 -9999 -9999 -9999 -9999 -9999 -9999 -9999 -9999 -9999 -9999 -9999 -9999 -9999 -9999 -9999 -9999 -9999 0.444925679948734 0.432699638297987 0.333592950483946 0.187700516859342 0.123250222589397 0.0827095586433086 0.0375207821282 0.0864055033620111 0.150551759146059 0.228581100893675 0.327640048758492 0.3597269351373 0.352205536579147 0.314322004379686 0.326343515760656 0.350457919575359 0.368759405959787 0.443637268055539 0.450233724489086 0.452460068917861 0.450633612164518 0.454165312665108 0.461825005224729 0.462948061796613 0.461545742516813 0.462449467654994 0.45230225840388 0.42510893569025 0.421578196584753 0.445434602880146 0.461050340576944 0.460446070370888 0.457809953647224 0.454045074043032 0.450002653101057
-9999 -9999 -9999 -9999 -9999 -9999 -9999 -9999 -9999 -9999 -9999 -9999 -9999 -9999 -9999 -9999 -9999 -9999 -9999 -9999 -9999 0.432856993487356 0.407782015348548 0.32654061718473 0.20093823249807 0.118357639117627 0.0755565048144134 0.0523355137123846 0.0775424646652499 0.145116392385016 0.224121465427826 0.288322570979426 0.339988927330606 0.358323534642541 0.324310335282692 0.31559031147986 0.345596965785259 0.392667926955394 0.440112590226343 0.446855526252449 0.450001851707383 0.449213212689214 0.45302450030764 0.460256834261714 0.460606486325265 0.4597703662929 0.456416372065261 0.435804824693762 0.413349171908894 0.424740111561308 0.448808165003956 0.459526197272902 0.458613402430098 0.455972730420453 0.45195610892373 0.447634770399538
