layers/veg_krg/veg6000.asc
NCOLS 255 
NROWS 330 
XLLCORNER -2985163.8955 
YLLCORNER -3022031.214 
CELLSIZE 25000 
NODATA_value -9999 
[rows 200 to 224 of 330, columns 112 to 167 of 255]
0.441144643367022 0.436669430976706 0.43280755737758 0.428252749850255 0.422009249409303 0.415460221464219 0.409552577862628 0.402224244902733 0.393807905908576 0.386295908674255 0.376582064803771 0.363226891882456 0.351425805330982 0.340329905650096 0.326248992093551 0.315250788724833 0.304105098945398 0.287581488161101 0.272995499243988 0.257868843112462 0.236993934097872 0.2217110311201 0.213258618680637 0.202273806314193 0.191896336126026 0.187115118418088 0.185091076479055 0.182367182403022 0.185016712849742 0.18983598583353 0.193142706744528 0.197344262616976 0.200509249011003 0.202371911686383 0.203391862346235 0.206240336569021 0.209579926248934 0.211465758704724 0.215263610887723 0.218433262526364 0.221141730074176 0.224796959237067 0.230125404813142 0.241642063870675 0.250874143625293 -9999 -9999 -9999 -9999 -9999 -9999 -9999 -9999 -9999 -9999 -9999
0.439356645210275 0.434790005384557 0.430759221799236 0.426349504620885 0.420436712993488 0.414321304626881 0.408578538222018 0.401145559471704 0.392606301419238 0.385033365810155 0.374831408472108 0.361607674116035 0.350162041528374 0.339103956644685 0.325836406472591 0.31434794115807 0.302306599180054 0.285680482849135 0.270531194016809 0.256277852903066 0.237745145404783 0.220275058861251 0.208860525273805 0.198407166964332 0.186630942224882 0.183868809030615 0.185517350634592 0.182851032479122 0.18407464205529 0.18383527168063 0.183609132449768 0.189050013271847 0.194858031630503 0.197713262982176 0.200037875034944 0.201387548548438 0.199153655495048 0.200445358325981 0.210126668939038 0.216721075326184 0.219395122255869 0.228514829369394 0.238955039360708 0.243418046876702 -9999 -9999 -9999 -9999 -9999 -9999 -9999 -9999 -9999 -9999 -9999 -9999
0.4371550809659 0.432722298633351 0.428827935201461 0.424632303377832 0.418906970958014 0.413656455075049 0.408086312005531 0.399456354069075 0.390734648868377 0.382545265841189 0.372250932810165 0.359607856823303 0.348538371960657 0.337964855805401 0.325833982467221 0.31323899786462 0.298343375286128 0.282188010313255 0.267885385982267 0.251909551000329 0.235880324616458 0.222971133150607 0.208119170054959 0.19635806510845 0.191351886598267 0.189363354208617 0.186249124568133 0.182818645053843 0.176014110247729 0.165240217038548 0.16559559549473 0.177144462227619 0.181844873361671 0.17606173741589 0.178819809176795 0.181649087363858 0.176343429299875 0.184708172829367 0.204671658271304 0.218644406500507 -9999 0.232608714824522 0.242416030202955 0.246278531465335 -9999 -9999 -9999 -9999 -9999 -9999 -9999 -9999 -9999 -9999 -9999 -9999
0.435039450395193 0.430728653470913 0.42714043830161 0.423458051794589 0.417884861742081 0.41266448670147 0.407326371153656 0.397984564834729 0.388109354623221 0.380085148166329 0.371010675828697 0.358645892924141 0.347566032237785 0.337235318755565 0.324626159212969 0.312739185423703 0.29867582495301 0.280341632984767 0.264441061474401 0.248327015926298 0.232424458675422 0.221371066989899 0.206075132152451 0.196022319357635 0.195238442424995 0.192688285196307 0.186946018217982 0.180867172671259 0.171216391840669 0.165660825044891 0.168081699329925 0.172448781173032 0.176584969424265 0.167784710652539 0.169749823217675 0.181583274655674 0.186860200714227 0.197597252290036 0.213565633172429 0.222010761765836 -9999 0.241474462526304 0.242761594384486 -9999 -9999 -9999 -9999 -9999 -9999 -9999 -9999 -9999 -9999 -9999 -9999 -9999
0.433467118640906 0.429574507959377 0.426462564211786 0.422971371249314 0.417816533708627 0.412557837191371 0.406641905084445 0.396605587224791 0.386910844086815 0.379437228718816 0.369828710259915 0.358083128748785 0.348175077789726 0.337863047568258 0.325118010994275 0.314360007189554 0.301842886197411 0.284991027101508 0.268121052350481 0.250381740185848 0.230451504058659 0.215807980709443 0.203920335155598 0.195826180099761 0.19580417743709 0.192896125719477 0.186872760839893 0.177798187194322 0.168698960626151 0.167511844680885 0.173868170225939 0.176291002179326 0.18031437536636 0.181841855786353 0.187776245031965 0.198671133004924 0.199533765084832 0.208235217882739 0.218251483924568 -9999 0.240855861147405 0.240801662953496 -9999 -9999 -9999 -9999 -9999 -9999 -9999 -9999 -9999 -9999 -9999 -9999 -9999 -9999
0.431391891232548 0.42812335245235 0.425476637873692 0.42198203852216 0.417425895615592 0.412219769632439 0.405326116419915 0.394904622066057 0.385317186836191 0.377933486286901 0.369128143391032 0.35808971790743 0.348136853327122 0.338414308057867 0.326250317230661 0.313968506238606 0.300452090688862 0.285314824341586 0.272298978099478 0.256406311130704 0.234525857164171 0.218268196810202 0.212815980387778 0.207524712165426 0.200205179368767 0.195279286816188 0.189998547148875 0.182809961414416 0.172771252703842 0.167062842837141 0.169756542767213 0.176663431096805 0.182134361994562 0.182721113858571 0.187605957489333 0.201660549187598 0.211217013524671 0.217583799455536 0.222970084927683 -9999 0.24183346856361 0.24183242394666 -9999 -9999 -9999 -9999 -9999 -9999 -9999 -9999 -9999 -9999 -9999 -9999 -9999 -9999
0.429605540253634 0.426984247709524 0.424590632215247 0.421031848527242 0.416734133668002 0.411631254433913 0.403310951665989 0.391883271055215 0.383284517538165 0.377016652759653 0.369135407326657 0.358458751180246 0.348426742708067 0.339377236649391 0.327802687066744 0.31574432538727 0.30173212186999 0.285376111849621 0.273148644689467 0.258096589358557 0.235333081734018 0.223543706700921 0.221821297434176 0.2143808297224 0.206472700669353 0.198641419901136 0.191779365628357 0.189295422177637 0.18281211933481 0.172649102959617 0.171339038390019 0.176225175919162 0.176552793084897 0.174547721587706 0.182766643872526 0.200496248821878 0.215406772677131 0.220377342257745 -9999 0.243503525140684 0.243302087669671 -9999 -9999 -9999 -9999 -9999 -9999 -9999 -9999 -9999 -9999 -9999 -9999 -9999 -9999 -9999
0.428812726285425 0.426385572917242 0.424186947230186 0.420721917729574 0.416027228384792 0.410271673755263 0.400677969575659 0.38994984984972 0.383546756894211 0.378041867423097 0.370177957521762 0.359188514819899 0.34910242770408 0.340219617098783 0.328431097182217 0.316929924958051 0.304014642534722 0.285271449533173 0.268977045942507 0.256401682953534 0.241750940896674 0.232652643699791 0.227164215178475 0.218014112348515 0.209103556613441 0.200740315102761 0.195633665533726 0.193300724210954 0.190236606352058 0.187180639062903 0.18190793416937 0.175748151124144 0.179063790875263 0.186155703079603 0.195303837978443 0.211685532705298 0.220946608046151 -9999 -9999 -9999 0.247133098865897 -9999 -9999 -9999 -9999 -9999 -9999 -9999 -9999 -9999 -9999 -9999 -9999 -9999 -9999 -9999
0.427511677774719 0.425816766345279 0.423317308975012 0.41997289791813 0.414048876244908 0.405716670344613 0.39807739417218 0.389682554763987 0.382953016678512 0.377456833031077 0.370457800383389 0.360274478000772 0.35037487337446 0.342514916919596 0.330809053179125 0.317335560796551 0.304430601920635 0.288449128719043 0.273172006359672 0.258742440262694 0.243379831302516 0.236296418355953 0.232800013810558 0.223893089417686 0.214972009313504 0.206039427554804 0.199986817963898 0.197159269902951 0.194042953703667 0.193858201605207 0.186022598128647 0.182555358901893 0.194419734828652 0.203558582981844 0.212838860967966 0.220744960093298 -9999 -9999 -9999 -9999 -9999 -9999 -9999 -9999 -9999 -9999 -9999 -9999 -9999 -9999 -9999 -9999 -9999 -9999 -9999 -9999
0.425476682426499 0.424556220615345 0.422745568965652 0.419422801150894 0.414424629349034 0.405697318345708 0.396777142301436 0.38980414853967 0.383532156102295 0.377371990320405 0.370555027305987 0.361228400748379 0.352261571199967 0.344515681801418 0.333069330560354 0.320610472941664 0.309473507835384 0.295806343017075 0.28055700359321 0.265476112430948 0.251236769693666 0.241017251877321 0.23554456636509 0.228602367878229 0.220771580956641 0.213357704771563 0.206489159345139 0.201526987760111 0.198609825656426 0.199122057186339 0.195772191039334 0.192435149913689 0.201234927066857 0.213641903107496 0.222380660742649 0.231528036870673 0.237629957904405 0.23804707034649 -9999 -9999 -9999 -9999 -9999 -9999 -9999 -9999 -9999 -9999 -9999 -9999 -9999 -9999 -9999 -9999 -9999 -9999
0.424915886425449 0.42244883507106 0.421188606647507 0.418710075846021 0.414790416879773 0.406763463265159 0.397211786393934 0.390714355402189 0.38430005148499 0.377670761813763 0.371420199271711 0.362813358261409 0.354215254827267 0.346208880794859 0.33349578085794 0.320514905633051 0.31033901383715 0.296310771009711 0.283967862714632 0.272311920013945 0.256012091902176 0.246910111788938 0.24117270450046 0.231423809146125 0.22353558337653 0.215629911571603 0.207957278031203 0.202624660555159 0.198827170864858 0.19891621322805 0.200505197845388 0.202721722456897 0.212327939401782 0.221324705426277 0.226551838588729 0.233203832597408 0.237283952428363 -9999 -9999 -9999 -9999 -9999 -9999 -9999 -9999 -9999 -9999 -9999 -9999 -9999 -9999 -9999 -9999 -9999 -9999 -9999
0.422874138032191 0.419834202912601 0.418475964849861 0.416569748494337 0.413604091955702 0.408536884636533 0.400711315119303 0.392292836901541 0.385353036635563 0.379029467279542 0.372737288891596 0.364485774942134 0.356405682999283 0.348571051455905 0.33660966563526 0.324103977789028 0.312579083394583 0.298761647998101 0.285296354959977 0.274798891219708 0.262933576260328 0.253219883490657 0.246190064647987 0.235132561977001 0.225733693076516 0.218152142736469 0.209903021819024 0.204370444018886 0.203443054699625 0.20392805397506 0.207520685787449 0.212933074487054 0.219317560952969 0.225969929004433 0.230737113238068 0.234385186499158 -9999 -9999 -9999 -9999 -9999 -9999 -9999 -9999 -9999 -9999 -9999 -9999 -9999 -9999 -9999 -9999 -9999 -9999 -9999 -9999
0.420871141730354 0.417653091215347 0.415608880663426 0.414368778459213 0.412321960642382 0.409036846031164 0.403016869179741 0.394204688373978 0.386848564981208 0.380852565511288 0.374196751552551 0.366047961217389 0.358443633798071 0.351331820870352 0.339347330203128 0.327211258657841 0.317009171288507 0.304188590350686 0.291821330138846 0.282011862661896 0.270958684047101 0.260953655099071 0.251045692650693 0.238159696445924 0.226851542652948 0.216425490261447 0.206341686195078 0.202306113955345 0.206421084607997 0.209980013407061 0.212953087727605 0.219374248876832 0.225046536459625 0.230565631902773 0.235034356084815 0.237464008899341 -9999 -9999 -9999 -9999 -9999 -9999 -9999 -9999 -9999 -9999 -9999 -9999 -9999 -9999 -9999 -9999 -9999 -9999 -9999 -9999
0.420062937591448 0.416587076925078 0.414577127977652 0.413246403583898 0.410828453409083 0.408237505073041 0.403815956619837 0.396759852258966 0.389669303615501 0.383470275334591 0.37603240419359 0.36745396234013 0.360302223294935 0.354173431863851 0.342686884512368 0.330096233225375 0.320693834985855 0.307383577782128 0.296363992780718 0.286738041510843 0.27369206141773 0.262035838513323 0.250987018750342 0.238634415623365 0.226382806217259 0.215382873844753 0.203795567502772 0.201827596947054 0.209519404179049 0.215534948356078 0.218585802718374 0.222586306461671 0.228267867268127 0.233531260746412 0.236533882289687 -9999 -9999 -9999 -9999 -9999 -9999 -9999 -9999 -9999 -9999 -9999 -9999 -9999 -9999 -9999 -9999 -9999 -9999 -9999 -9999 -9999
0.41768494385951 0.415272312523561 0.412218559146317 0.410025467343733 0.408159242889655 0.40644438003785 0.403169985753089 0.397508587752754 0.391695791085975 0.386349257776574 0.379309134666772 0.370125642228919 0.362930986386121 0.355875173212117 0.343852053163077 0.332891760990335 0.323652413432621 0.311671412655035 0.300667716526422 0.289334063162639 0.275906547517078 0.264290926312307 0.252738144053116 0.238707732834847 0.226089547012812 0.220700313245281 0.218915388652604 0.215476113019936 0.216133548896865 0.220292529743099 0.222835592175267 0.22677051867619 0.232667339372384 0.237868337818561 0.239606666181357 -9999 -9999 -9999 -9999 -9999 -9999 -9999 -9999 -9999 -9999 -9999 -9999 -9999 -9999 -9999 -9999 -9999 -9999 -9999 -9999 -9999
0.414551729913193 0.412397010373532 0.410373318782512 0.408227613459546 0.405969905913112 0.403727529801276 0.401103834455736 0.3973202134 0.392517336897754 0.387920002129286 0.381780952555743 0.37359003153424 0.369212575747857 0.351483555272129 0.345319038439622 0.333963533132527 0.323871944494943 0.311580922044202 0.30172535545813 0.294257437078711 0.282230201589892 0.269854518539564 0.258434672773474 0.244159912006765 0.228693460959512 0.2230842976862 0.225597228245182 0.22534142100763 0.224464400185016 0.224624504093978 0.226929377576856 0.230997755828107 0.23769090706396 0.242242018833593 -9999 -9999 -9999 -9999 -9999 -9999 -9999 -9999 -9999 -9999 -9999 -9999 -9999 -9999 -9999 -9999 -9999 -9999 -9999 -9999 -9999 -9999
0.412803362895123 0.41092596912266 0.408991890838092 0.406897192286009 0.404408272162278 0.402072316390229 0.399720789836279 0.396497190359434 0.392785060014403 0.388549826284546 0.38280591283352 0.375183949349992 0.369759731617359 0.361274246225406 0.346420889942253 0.335161658657075 0.325933656033468 0.314349894312511 0.304201264686962 0.295987003659634 0.285267882262679 0.27463403957239 0.262641774475244 0.247196314685419 0.232118110999464 0.225655160461758 0.227669119770199 0.228888310019461 0.228033633884293 0.228191817361484 0.230748437404761 0.235114662075757 0.238680580444235 -9999 -9999 -9999 -9999 -9999 -9999 -9999 -9999 -9999 -9999 -9999 -9999 -9999 -9999 -9999 -9999 -9999 -9999 -9999 -9999 -9999 -9999 -9999
0.410344779803404 0.409016221307489 0.407331685470186 0.405226903586612 0.402825632710471 0.400458727476117 0.397736713245555 0.394681153454675 0.39187071678163 0.388728787729393 0.383954873682318 0.37708662230707 0.371072957534175 0.362489192029273 0.34903705920836 0.337661260884795 0.327683309812437 0.316132972614439 0.307262292005862 0.299133804433083 0.288999737914353 0.280192225208772 0.268070123538706 0.252472420863731 0.244235273759007 0.242405390413101 0.238854048662893 0.236271951287001 0.234070859518183 0.235533296449791 0.236557597661816 0.237973877237403 0.240405710245172 -9999 -9999 -9999 -9999 -9999 -9999 -9999 -9999 -9999 -9999 -9999 -9999 -9999 -9999 -9999 -9999 -9999 -9999 -9999 -9999 -9999 -9999 -9999
0.408023405535433 0.406826547113598 0.405025103740352 0.403523111722814 0.401614326384565 0.399301743619058 0.397390050159361 0.394818240834221 0.391576091985335 0.388561639331643 0.384471212599297 0.37851348332304 0.372895123463779 0.364890472697063 0.35263751752446 0.342058217874079 0.332680269832567 0.321076784325409 0.313959848776261 0.308363089030906 0.298349659929424 0.289868498892963 0.27844248028839 0.261837843323185 0.251148711961565 0.248223590566249 0.245893025697729 0.244894033164597 0.242842970649649 0.244531288392075 0.248889115260173 -9999 -9999 -9999 -9999 -9999 -9999 -9999 -9999 -9999 -9999 -9999 -9999 -9999 -9999 -9999 -9999 -9999 -9999 -9999 -9999 -9999 -9999 -9999 -9999 -9999
0.406354319740587 0.405646136484454 0.404178159962648 0.402606699045064 0.400991094008605 0.399071527411256 0.396685768540176 0.393488549598122 0.390632560567169 0.388113010552284 0.384180534705867 0.379245271751004 0.374445876162688 0.366385891239396 0.356506165420853 0.347978236826682 0.339254955307997 0.330788736724783 0.323075418147352 0.315897302353175 0.304851930056834 0.295442874818219 0.287107793225782 0.2739767425353 0.2557608524202 0.248902058682467 0.252884360368866 0.249791525390763 0.249084957816714 0.252907995709864 0.255599512095285 -9999 -9999 -9999 -9999 -9999 -9999 -9999 -9999 -9999 -9999 -9999 -9999 -9999 -9999 -9999 -9999 -9999 -9999 -9999 -9999 -9999 -9999 -9999 -9999 -9999
0.403277583952993 0.403140181199807 0.402486312093009 0.401207556756535 0.399419435828624 0.397661029679344 0.395607881634751 0.392796702244642 0.389977259730546 0.387637838582151 0.384596719891346 0.380453590274042 0.376488218997055 0.375230454087369 -9999 0.353956298077882 0.347860994600092 0.339787457642115 0.332843866410498 0.326082407442995 0.317090218852612 0.307850848322945 0.298786125290345 0.284355445172224 0.268451119764188 0.259839474221858 0.258879453577205 0.26339459898708 0.266060036389085 0.265949135525679 -9999 -9999 -9999 -9999 -9999 -9999 -9999 -9999 -9999 -9999 -9999 -9999 -9999 -9999 -9999 -9999 -9999 -9999 -9999 -9999 -9999 -9999 -9999 -9999 -9999 -9999
0.400398783915617 0.400493877275223 0.400115769863105 0.399075479839044 0.397934091686897 0.396791145907945 0.395147703202205 0.393116305265107 0.391013979812747 0.388743596229669 0.385680345668377 0.381919593667438 0.378487947891301 0.375301254077171 -9999 -9999 -9999 -9999 -9999 0.334376831279155 0.325465989016219 0.317198827027961 0.310093213579657 0.295212093489995 0.284666500093877 0.286243827506217 0.284779474687015 0.28348577741365 0.283262449409822 -9999 -9999 -9999 -9999 -9999 -9999 -9999 -9999 -9999 -9999 -9999 -9999 -9999 -9999 -9999 -9999 -9999 -9999 -9999 -9999 -9999 -9999 -9999 -9999 -9999 -9999 -9999
0.397483557676245 0.398020790881754 0.398135616285338 0.397540660247166 0.396969768722343 0.396238327819375 0.39495108421619 0.393082077691273 0.391167340875468 0.38928778051806 0.386500776594864 0.383190418853998 0.380043894691465 0.376118002708093 0.372605154553554 0.369945430837619 0.367253448453597 -9999 -9999 -9999 0.329538614137109 0.324152167971089 0.322813627705815 -9999 0.300602606625697 0.299378831120573 0.296192268416003 -9999 -9999 -9999 -9999 -9999 -9999 -9999 -9999 -9999 -9999 -9999 -9999 -9999 -9999 -9999 -9999 -9999 -9999 -9999 -9999 -9999 -9999 -9999 -9999 -9999 -9999 -9999 -9999 -9999
0.393816043854605 0.394530466842599 0.395091285323137 0.395284207047173 0.395287822194951 0.394814527388924 0.394132966943927 0.393118661803262 0.391819347612352 0.390363687498779 0.388088826827028 0.384950947057525 0.382080044631836 0.378863762505298 0.374413417984487 0.370364452326946 0.367617092205353 0.367179132059095 -9999 -9999 -9999 -9999 -9999 -9999 -9999 -9999 -9999 -9999 -9999 -9999 -9999 -9999 -9999 -9999 -9999 -9999 -9999 -9999 -9999 -9999 -9999 -9999 -9999 -9999 -9999 -9999 -9999 -9999 -9999 -9999 -9999 -9999 -9999 -9999 -9999 -9999
0.390415978697287 0.391055715747409 0.391596402301194 0.392125912855768 0.392802132317351 0.393032605905827 0.393021245122864 0.39286088081689 0.392239932659494 0.391438054797264 0.389841201445793 0.387241663193157 0.384709295380391 0.382191163257804 0.378630966941827 0.374846400202279 0.37153239491415 0.370339147533826 -9999 -9999 -9999 -9999 -9999 -9999 -9999 -9999 -9999 -9999 -9999 -9999 -9999 -9999 -9999 -9999 -9999 -9999 -9999 -9999 -9999 -9999 -9999 -9999 -9999 -9999 -9999 -9999 -9999 -9999 -9999 -9999 -9999 -9999 -9999 -9999 -9999 -9999
