layers/veg_krg/veg_1300.asc
NCOLS 255 
NROWS 330 
XLLCORNER -2985163.8955 
YLLCORNER -3022031.214 
CELLSIZE 25000 
NODATA_value -9999 
[rows 234 to 259 of 330, columns 57 to 113 of 255]
-9999 -9999 -9999 -9999 -9999 -9999 -9999 -9999 -9999 -9999 -9999 -9999 -9999 -9999 -9999 -9999 0.304581760840491 0.295549156785921 0.287931182690325 0.283876780933228 0.271151412743691 0.253139142479001 0.204890760938778 0.165400660391289 0.156839753822981 0.150061546743825 0.144599337890104 0.13613768526254 0.127553323871833 0.119847425756214 0.111616764171542 0.102919601323053 0.100990944098889 0.10045241297874 0.100778462239258 0.0996423269963959 0.0969440195569733 0.0946781677785635 0.0925270471680071 0.090432109514919 0.0891845139172322 0.0890261307054812 0.0890493425180154 0.0891650828513756 0.0897060308465733 0.09053053661174 0.0917955238446959 0.0946570131317595 0.0981663876282358 0.101490232037115 0.104779725135246 0.108004206434816 0.109399097528872 0.109867101656006 0.114479869885829 0.118727538484689 0.12194272512327
-9999 -9999 -9999 -9999 -9999 -9999 -9999 -9999 -9999 -9999 -9999 -9999 -9999 -9999 -9999 0.307532715377536 0.305657142297516 0.298259897846855 0.290795861051176 0.283369349534247 0.268199908993843 0.248309413673566 0.207739161965051 0.172747030281814 0.157719194966432 0.157905575175778 0.16932317004233 0.150169943247691 0.13052883311125 0.122687305249366 0.115962323399362 0.11022992231454 0.10685783650654 0.10482885228627 0.107431158818162 0.106950123984626 0.103174901487057 0.0991833433181185 0.0953443626839257 0.0930240359482697 0.0925009923433334 0.0942882590015719 0.092193536150911 0.0890862051088294 0.0890394132426784 0.0892733794126738 0.0899434779160167 0.0922352662779683 0.0951877217299513 0.0980416297684562 0.101465202408207 0.10596689752703 0.106142431820631 0.104126293862365 0.110853347542705 0.115713560097407 0.115834399976383
-9999 -9999 -9999 -9999 -9999 -9999 -9999 -9999 -9999 -9999 -9999 -9999 -9999 -9999 -9999 0.309514654888395 0.310609870796607 0.301202637697353 0.29275269486593 0.286866123236236 0.270247522556946 0.24708533909539 0.205587020210514 0.170136397299444 0.155568073389771 0.15332929393437 0.160192249640168 0.157613248771657 0.150987031478698 0.133466237425704 0.116699757614921 0.100603843817318 0.106087574527554 0.113544707906853 0.111355874645935 0.108738446733618 0.105663115836787 0.102171275569195 0.0986416435468305 0.0955935108121399 0.0935670417054267 0.0928538659384689 0.0904503030435946 0.0876908384691555 0.0873342671773396 0.0877608669174734 0.0894040523491968 0.0913150790249619 0.0933529930971286 0.0959986774650743 0.0991311663834585 0.103184960448055 0.105378233441504 0.10662894961139 0.105149148492744 0.106479004527989 0.114489499823221
-9999 -9999 -9999 -9999 -9999 -9999 -9999 -9999 -9999 -9999 -9999 -9999 -9999 -9999 -9999 0.322654398111262 0.320141610407073 0.310533225725939 0.30122793962349 0.292864708023517 0.272687337470867 0.245306595041307 0.207948166081077 0.174750674538375 0.155428088117177 0.151800225816069 0.159758292167796 0.16850494897828 0.169768229931069 0.142757816100842 0.124578548330949 0.11424994289 0.118757798035722 0.124082207422389 0.120049816723666 0.116220195523161 0.112607209686861 0.108658955755034 0.104690882420158 0.101188482804419 0.0981187560255014 0.0956052067783367 0.0921006889212369 0.0884645207888193 0.0872060391691283 0.0872049243233281 0.0891570155638 0.0909181593933067 0.092604854368245 0.0944205150921822 0.0968498345866405 0.100440538013912 0.103827667418299 0.107111664379123 0.102885199648196 0.103322843540914 0.114979676919965
-9999 -9999 -9999 -9999 -9999 -9999 -9999 -9999 -9999 -9999 -9999 -9999 -9999 -9999 -9999 0.328004950147197 0.333512266478587 0.325581608331471 0.315537846336064 0.301102676317924 0.27547821375855 0.243031363589134 0.214349178083011 0.18583200473952 0.157088280922129 0.152998733273198 0.167109029335857 0.182483324363457 0.18704833744442 0.150718057282338 0.138849602659395 0.148727083495478 0.143458666745133 0.136250269420519 0.133012716864895 0.1287981581912 0.123539783371192 0.118279277670011 0.113203412553593 0.109491592277599 0.105790506332368 0.102103218788795 0.0967887199788294 0.0911797295867384 0.0884893183326531 0.0875052121905589 0.0891716974264002 0.0909896192040306 0.0928293276499942 0.0932583884906302 0.0946156786055652 0.0977296951243649 0.101573219817849 0.10578631995907 0.103700635820237 0.105607483682878 0.117112440761927
-9999 -9999 -9999 -9999 -9999 -9999 -9999 -9999 -9999 -9999 -9999 -9999 -9999 -9999 -9999 0.351228123950127 0.351279863481409 0.341078980822309 0.330221154503733 0.318208247028371 0.294123132725802 0.262677296198812 0.228876867162992 0.197575964299248 0.173930413654479 0.169314063561884 0.178745170323644 0.187996426382189 0.192485557171526 0.179286126990074 0.168969954108224 0.161216923010236 0.154963086268788 0.1491257240332 0.144027521513274 0.138175286556579 0.131517456611495 0.126060280472601 0.121024809129191 0.116905321112048 0.112564943036907 0.10794062273847 0.101263329860276 0.0942384344279069 0.0911971107247193 0.0897588970330485 0.0908109704210723 0.0914294028287766 0.0918666575011282 0.0921717132920504 0.0933649681987474 0.096239190170127 0.0996964963292809 0.103449198218385 0.105962273239336 0.108987903921575 0.113264418697704
-9999 -9999 -9999 -9999 -9999 -9999 -9999 -9999 -9999 -9999 -9999 -9999 -9999 -9999 -9999 -9999 0.366711860434908 0.357513661565795 0.348151323303103 0.338729981033504 0.316566223038635 0.286633099925667 0.244450780397725 0.208346329849849 0.192074769809329 0.186200196338575 0.188000733540685 0.191458976967744 0.196544963449132 0.20696592324903 0.199270319290151 0.17546955483917 0.167133367626031 0.161346993356606 0.154376560100514 0.146978468226358 0.139123473409231 0.133537096628964 0.128565095490873 0.12397996254808 0.119038593309911 0.113639301580143 0.105926831930703 0.0978446704542822 0.0945274654126065 0.0925311064331626 0.0925865628995776 0.0919852704302261 0.0911465840846002 0.091407005655071 0.0924536750554331 0.0949883629454025 0.0978674068387203 0.10092090460183 0.107898875656168 0.111982039067653 0.109133904646543
-9999 -9999 -9999 -9999 -9999 -9999 -9999 -9999 -9999 -9999 -9999 -9999 -9999 -9999 -9999 -9999 -9999 0.378317355976262 0.382317271300174 0.368436649459954 0.343634874839481 0.312174204034036 0.257795322786044 0.213526451557071 0.202722642227915 0.191914703288459 0.181103715848758 0.192336703092631 0.204603170826144 0.210904721322752 0.21572047803692 0.219215402189076 0.195002133194871 0.169567724617766 0.163140507650935 0.155832940408387 0.147584822420856 0.141174267027419 0.135313630256615 0.13015146926867 0.124812128394757 0.119245032359745 0.111754007366479 0.103927392916649 0.0997101585679336 0.0961314122220634 0.0935444995074492 0.0927908176524504 0.0927718793327501 0.0922164757198545 0.0923595441869554 0.0938245105722388 0.0959296202323311 0.0983590322725934 0.106827634791125 0.111982039067653 0.109133904646543
-9999 -9999 -9999 -9999 -9999 -9999 -9999 -9999 -9999 -9999 -9999 -9999 -9999 -9999 -9999 -9999 -9999 0.407734418032231 0.401948836890054 0.385047692558723 0.359446012136116 0.328539400288121 0.27089827741266 0.223705988567683 0.211669444843804 0.198770892093155 0.185235999703411 0.203637081875505 0.222211697733443 0.227205606857731 0.23828506454862 0.254774418821034 0.218178997597198 0.178928237638945 0.174499320944694 0.168397918714714 0.160509662365417 0.152255611873611 0.144219198694663 0.138453379799625 0.132385867822117 0.125930545703379 0.118202747233843 0.110298763117983 0.105358076956925 0.100625268639655 0.0962153798380919 0.0943444030300241 0.0935142439837886 0.09275734692422 0.0924295192238775 0.0929137295547759 0.0942577896613441 0.0960374574510854 0.1003913845674 -9999 -9999
-9999 -9999 -9999 -9999 -9999 -9999 -9999 -9999 -9999 -9999 -9999 -9999 -9999 -9999 -9999 -9999 -9999 0.410336766139238 0.405945257053754 0.387571311733395 0.363147045853559 0.335033750317056 0.283741347602387 0.239263572138821 0.218786346952045 0.206855228151054 0.201232890446667 0.226149474039392 0.250093838650558 0.256804823880968 0.267427155671405 0.281526574227756 0.236308619192192 0.189514853914652 0.188649522418694 0.184954418726801 0.17823603621006 0.167041976090758 0.155445163982803 0.149047040503265 0.141896150262004 0.133777619059976 0.125320125782049 0.116980641825923 0.111506454462821 0.106080348839162 0.100728933869072 0.0967026793133108 0.0933068091937289 0.093009276904508 0.0926760287446421 0.0922751862794289 0.092872057334781 0.0939743790949674 0.099527386839106 0.103473489481125 -9999
-9999 -9999 -9999 -9999 -9999 -9999 -9999 -9999 -9999 -9999 -9999 -9999 -9999 -9999 -9999 -9999 -9999 0.432333533593861 0.425402931336018 0.403917928513296 0.380624821619788 0.356229269083292 0.31001211600145 0.26937188533992 0.248905691343254 0.240105337305357 0.239916768247144 0.256689656170309 0.272620167806512 0.277850845688577 0.287192718410187 0.300189337892099 0.275115655203065 0.243928299934264 0.2164800456157 0.19797925762823 0.189037785239976 0.179429240744018 0.169897775802467 0.162151145590517 0.153876949481514 0.144924595943874 0.135526490656251 0.126213925152578 0.119792781303624 0.113318987904841 0.106763408170282 0.101016835804976 0.0956861361998859 0.0933364575303847 0.0914733989435731 0.0905312963873251 0.0903567273112101 0.090570997646931 0.0981038233818456 0.103473489481125 -9999
-9999 -9999 -9999 -9999 -9999 -9999 -9999 -9999 -9999 -9999 -9999 -9999 -9999 -9999 -9999 -9999 -9999 0.45461080677129 0.446653120194363 0.423181615444598 0.400455469889492 0.378183788217241 0.33687402970978 0.3007526834196 0.283164088026123 0.278017927261196 0.282056837783338 0.288437340706769 0.29423994829069 0.296843050050723 0.303990000492708 0.315176315863333 0.314497154468555 0.302728975899994 0.245800644185838 0.210680941883776 0.198861195527013 0.191233441725836 0.184386635212186 0.175644684378615 0.166517074079203 0.156893719393837 0.1467100519912 0.136539908479432 0.128821226416581 0.12110088049447 0.113377949916791 0.106206273806185 0.0993170851466618 0.0944280167388004 0.0906416187276824 0.0889420868113469 0.0879412819810637 0.0872944586202626 0.0873590409750447 -9999 -9999
-9999 -9999 -9999 -9999 -9999 -9999 -9999 -9999 -9999 -9999 -9999 -9999 -9999 -9999 -9999 -9999 -9999 0.45625538838276 0.452342887340803 0.438376706277178 0.412079444613238 0.378263619001132 0.342991527776919 0.314385839374823 0.305296856644573 0.303669103104519 0.307549268556773 0.314178409840951 0.319111149095317 0.316489453802221 0.316137246442149 0.317802555642221 0.319419312395144 0.312225903615054 0.260634576328511 0.227583102719617 0.214339282574811 0.203168834855539 0.193098387600134 0.187348382109014 0.179463188550187 0.168833326206397 0.159420507052336 0.150265418917961 0.139399042197962 0.129607343614701 0.121485060766806 0.114283525304612 0.107471310526837 0.101102281586203 0.0953033036073554 0.0905831793167553 0.0883912819470012 0.0874802072310275 0.087434362407282 -9999 -9999
-9999 -9999 -9999 -9999 -9999 -9999 -9999 -9999 -9999 -9999 -9999 -9999 -9999 -9999 -9999 -9999 -9999 0.486453088016609 0.468078980763867 0.45989156124781 0.435085898144958 0.400147682092099 0.362233670832506 0.331625070758224 0.322661604228853 0.324204734227052 0.333503889550775 0.338754514739338 0.341047090094374 0.334106149093531 0.33016617732123 0.328893990218311 0.332043730761817 0.327682233675029 0.281414634654728 0.249853448332677 0.234004334580972 0.219087192518242 0.205395341196359 0.199029291252234 0.190675336799514 0.179766038611619 0.170570480722585 0.161609381844892 0.14862184835076 0.137474220969135 0.129184722092049 0.121641319889732 0.114396498998252 0.106917613521518 0.0997739510714769 0.0932647171602448 0.0898014852433782 0.0878813855215197 0.0879986930171723 -9999 -9999
-9999 -9999 -9999 -9999 -9999 -9999 -9999 -9999 -9999 -9999 -9999 -9999 -9999 -9999 -9999 -9999 0.50892145835631 0.503117350372863 0.49681930198415 0.489586884402832 0.472826130297861 0.450255714428868 0.398464698032196 0.353532100601555 0.333854500535065 0.338118670311586 0.360056781668809 0.361822659426128 0.359183553940826 0.349095536605711 0.346630810445474 0.350942994602459 0.354638156727134 0.350852570178224 0.309891514413248 0.279072512888201 0.259089103665625 0.240161203767061 0.22233307311568 0.210680702251489 0.199642993767328 0.189395400530285 0.179700526418998 0.169870607311583 0.156090694559162 0.144513201760659 0.136356970083295 0.128067830607165 0.119730789912429 0.111621120204123 0.103997314702561 0.0972930346935843 0.0924546008737632 0.0885614216305136 0.0882668168536045 -9999 -9999
-9999 -9999 -9999 -9999 -9999 -9999 -9999 -9999 -9999 -9999 -9999 -9999 -9999 -9999 -9999 0.534109497607422 0.532491687088926 0.530275005801354 0.525671532570889 0.515603486510397 0.491025497799333 0.457600439213487 0.419503236456874 0.383833500095536 0.356043809215052 0.355062948347471 0.373872508096322 0.378382145090012 0.378299622927051 0.367453540110694 0.367536480379833 0.377335041842783 0.381353420872438 0.380999486749456 0.363839936022688 0.33382180141037 0.290065782019007 0.263046095144837 0.241268702968229 0.227574452139816 0.215117570235187 0.204251259162214 0.191822483419354 0.178509372007504 0.160427530899214 0.146245733698713 0.13812230359968 0.132860301432261 0.128653045567912 0.120374500926134 0.112580303866605 0.105702762002019 0.0975729591782422 0.0888087496120361 -9999 -9999 -9999
-9999 -9999 -9999 -9999 -9999 -9999 -9999 -9999 -9999 -9999 -9999 -9999 -9999 -9999 -9999 0.594442937655223 0.566298609629453 0.563063769037502 0.557073636976369 0.543889570333138 0.507489996364723 0.456935355044867 0.438992473111345 0.418131434417311 0.382757108337938 0.37430500963842 0.385727042093531 0.394924123445406 0.399936428743364 0.390325547222644 0.392749182697161 0.405871195095359 0.409949917081641 0.413633721388178 0.423539344098148 0.395430284206136 0.326707006283095 0.289570491832612 0.261991425792426 0.247189544506497 0.233542341549349 0.221379415136089 0.205608650394309 0.190107131798058 0.192683226333589 -9999 -9999 -9999 0.138021085211811 0.129725775619738 0.12186729875266 0.11483555252565 0.112471072965399 -9999 -9999 -9999 -9999
-9999 -9999 -9999 -9999 -9999 -9999 -9999 -9999 -9999 -9999 -9999 -9999 -9999 -9999 -9999 0.618856468717051 0.627306319698736 0.624318763312181 0.620921637045867 0.616978929077967 0.583920857208967 0.533110429933341 0.502515713649547 0.468641247141714 0.421524140896532 0.410437725409512 0.425949357090587 0.438673389105924 0.449985742066055 0.45727270417937 0.454845002605393 0.443781214194315 0.445463278204172 0.448972439831731 0.450121269802432 0.437980348233629 0.411640889950608 0.355446396696543 0.297363690279737 0.279839897543007 0.262626670604715 0.245812659204173 0.22826834222261 0.211028687585292 0.200596831954937 0.194250436842357 -9999 -9999 0.138021085211811 0.129725775619738 0.12186729875266 0.11483555252565 -9999 -9999 -9999 -9999 -9999
-9999 -9999 -9999 -9999 -9999 -9999 -9999 -9999 -9999 -9999 -9999 -9999 -9999 -9999 -9999 0.681657080325084 0.674902863180792 0.672373950296057 0.670957556283638 0.671951759617746 0.64255029364433 0.594615838483406 0.557910353941919 0.516470102028904 0.459264761424676 0.443353797211944 0.457926560841407 0.468331021443253 0.480861930710758 0.503184229434426 0.504910428101737 0.488327222108443 0.490474129041447 0.494141118652196 0.488463618014087 0.487221501018446 0.490718069866706 0.419684237681802 0.337534065371432 0.309470828585895 0.28534182509425 0.266270065729167 0.247734393973498 0.229421402240344 0.211728410343846 0.202773065313999 0.207390868067297 -9999 -9999 -9999 -9999 -9999 -9999 -9999 -9999 -9999 -9999
-9999 -9999 -9999 -9999 -9999 -9999 -9999 -9999 -9999 -9999 -9999 -9999 -9999 -9999 -9999 0.691646810032436 0.699866500440521 0.699776392791114 0.699382752728861 0.69857902269579 0.673327181799706 0.633168724776995 0.600586785533937 0.560104264071157 0.495399432340216 0.471237028418097 0.477003259903113 0.47594053625566 0.481739374956924 0.516182885802512 0.536152801381135 0.543256062014814 0.550344986850222 0.554689996253368 0.545206613733266 0.546931696525825 0.560631706447671 0.481359123466484 0.385211682815861 0.334377497405525 0.298091611755692 0.280506778641178 0.262203597584489 0.243857429604048 0.227894908400615 0.215982965260552 0.210363230480513 -9999 -9999 -9999 -9999 -9999 -9999 -9999 -9999 -9999 -9999
-9999 -9999 -9999 -9999 -9999 -9999 -9999 -9999 -9999 -9999 -9999 -9999 -9999 -9999 -9999 -9999 0.707343939496249 0.719364704706609 0.723898478517048 0.710809887718142 0.680025297374532 0.638451019694017 0.600549592483441 0.560501833398311 0.513572199161266 0.501870173515396 0.516173355519202 0.517072027442878 0.521860672738685 0.547135803025644 0.558639270919136 0.557900084187663 0.567029609605917 0.574994419941689 0.568120273575419 0.571207837853474 0.584938318509569 0.548022808140812 0.492297078278275 0.390405759851176 0.323501016223832 0.301569622344027 0.280671619701394 0.260445902925476 0.244474149116752 0.235262612436986 0.236552464464941 -9999 -9999 -9999 -9999 -9999 -9999 -9999 -9999 -9999 -9999
-9999 -9999 -9999 -9999 -9999 -9999 -9999 -9999 -9999 -9999 -9999 -9999 -9999 -9999 -9999 -9999 -9999 0.755492858166071 0.755080536142959 -9999 0.651076794586627 0.629824019450235 0.584628273132219 0.545110760087911 0.526455839657244 0.535174778639116 0.564101245939402 0.571890088725108 0.577631630335246 0.585151469247282 0.577667988186799 0.556846940505562 0.566712358266061 0.579261589627047 0.577476806572316 0.581167708813905 0.590708736882467 0.615263665227582 0.620694444428572 0.457855108657657 0.353835873076004 0.325426695156113 0.300878103595908 0.278085001879 0.261668312437615 0.26355974209012 0.293891186529815 0.29530199979898 0.284877037614475 0.274324543556342 -9999 -9999 -9999 -9999 -9999 -9999 -9999
-9999 -9999 -9999 -9999 -9999 -9999 -9999 -9999 -9999 -9999 -9999 -9999 -9999 -9999 -9999 -9999 0.756075816581756 0.755492858166071 -9999 -9999 0.667276251156642 0.672100140768117 0.633829287918633 0.606512471171108 0.618864508435376 0.626115467675722 0.629600784042355 0.621369696346198 0.6131631882253 0.610268317762244 0.602484599074398 0.590354819713561 0.59691467912252 0.604712626606704 0.601780351976956 0.602431863983627 0.60691223057662 0.626974156663952 0.629257409658919 0.472146358735912 0.373031355047138 0.348467133513187 0.324415027312187 0.301823953656811 0.29553622250887 0.294269119439309 0.300801110097392 0.29530199979898 0.284877037614475 0.274324543556342 0.267420204282025 -9999 -9999 -9999 -9999 -9999 -9999
-9999 -9999 -9999 -9999 -9999 -9999 -9999 -9999 -9999 -9999 -9999 -9999 -9999 -9999 -9999 0.760134800063135 0.75827207627332 0.760079550679157 -9999 -9999 0.706352439997991 0.704021160124057 0.675471716763623 0.660815651995252 0.69116275329334 0.698734925098457 0.689494523062845 0.670776769984949 0.652532607917181 0.640277909081518 0.630959167600806 0.624250416901408 0.626461742759443 0.629483369560856 0.628490452273992 0.628824069795712 0.630574933766801 0.653402611049601 0.664658918700757 0.55222138862195 0.461050098680283 0.39721541030584 0.361169494081694 0.33594321158512 0.333752491806686 0.32825997629093 0.317638418348032 0.302156250344538 0.284877037614475 0.274324543556343 0.267420204282025 -9999 -9999 -9999 -9999 -9999 -9999
-9999 -9999 -9999 -9999 -9999 -9999 -9999 -9999 -9999 -9999 -9999 -9999 -9999 -9999 -9999 0.762635287361386 0.764520619498685 0.762691207321044 -9999 -9999 0.709266512938483 0.71162608814303 0.702700250009373 0.701582243455335 0.725111291858603 0.736416588365206 0.73869824633818 0.720045524464939 0.699220663629681 0.679617748746423 0.666409302710809 0.658885375462769 0.654759259295065 0.652956821310491 0.659789748386442 0.664995245796061 0.668462025984477 0.707897582509792 0.751240366891577 0.757743233774869 0.680311817663973 0.494987420130585 0.423129242252256 0.389857263182632 0.380260893575491 0.368508472246695 0.353406818671195 0.32208125943413 0.284877037614475 0.274324543556342 -9999 -9999 -9999 -9999 -9999 -9999 -9999
-9999 -9999 -9999 -9999 -9999 -9999 -9999 -9999 -9999 -9999 -9999 -9999 -9999 -9999 -9999 0.738092501523123 0.742042524825933 0.738209661327155 -9999 -9999 0.733748333901105 0.731096634592103 0.722771854870518 0.722549304398348 0.746775788560283 0.76219368851009 0.771109044838657 0.764313271342459 0.75040309537618 0.716946958729452 0.698320211037689 0.692876409753401 0.703268524133811 0.716132443980729 0.727081520289755 0.735933648225202 0.742545433413718 0.79206941887226 0.847813852918656 0.87109093930145 0.782515228931286 0.550158797601647 0.464942307875835 0.429186931491415 0.416878559099263 0.398046676121836 0.36908110674232 0.360671255308737 -9999 -9999 -9999 -9999 -9999 -9999 -9999 -9999 -9999
