layers/veg_krg/veg_2500.asc
NCOLS 255 
NROWS 330 
XLLCORNER -2985163.8955 
YLLCORNER -3022031.214 
CELLSIZE 25000 
NODATA_value -9999 
[rows 25 to 49 of 330, columns 112 to 167 of 255]
0.0908210483220599 0.0853334604469472 0.081708761345655 0.0792364154365072 -9999 -9999 -9999 -9999 -9999 -9999 -9999 -9999 -9999 -9999 -9999 -9999 -9999 -9999 -9999 -9999 -9999 -9999 -9999 -9999 -9999 -9999 -9999 -9999 -9999 -9999 -9999 -9999 -9999 -9999 -9999 -9999 -9999 -9999 -9999 -9999 -9999 -9999 -9999 -9999 -9999 -9999 -9999 -9999 -9999 -9999 -9999 -9999 -9999 -9999 -9999 -9999
0.0848387566180927 0.0758596242093913 0.0748706274036788 0.0788242006521553 -9999 -9999 -9999 -9999 -9999 -9999 -9999 -9999 -9999 -9999 -9999 -9999 -9999 -9999 -9999 -9999 -9999 -9999 -9999 -9999 -9999 -9999 -9999 -9999 -9999 -9999 -9999 -9999 -9999 -9999 -9999 -9999 -9999 -9999 -9999 -9999 -9999 -9999 -9999 -9999 -9999 -9999 -9999 -9999 -9999 -9999 -9999 -9999 -9999 -9999 -9999 -9999
0.0803389338157797 0.0706448100076518 0.0636392923733042 0.058296903504514 0.0561157484091309 0.0560630821474023 0.0616289875404012 0.0659377725926154 0.0693055529768561 -9999 -9999 -9999 -9999 -9999 -9999 -9999 -9999 -9999 -9999 -9999 -9999 -9999 -9999 -9999 -9999 -9999 -9999 -9999 -9999 -9999 -9999 -9999 -9999 -9999 -9999 -9999 -9999 -9999 -9999 -9999 -9999 -9999 -9999 -9999 -9999 -9999 -9999 -9999 -9999 -9999 -9999 -9999 -9999 -9999 -9999 -9999
0.077866956473853 0.0677560508421655 0.0619013733951426 0.0586795306100809 0.0565041913764049 0.0563053025668284 0.061704171233985 0.0660742238590016 0.0696741666808982 0.0751010638011598 0.0812476652328915 0.0892747547112169 -9999 -9999 -9999 -9999 -9999 -9999 -9999 -9999 -9999 -9999 -9999 -9999 -9999 -9999 -9999 -9999 -9999 -9999 -9999 -9999 -9999 -9999 -9999 -9999 -9999 -9999 -9999 -9999 -9999 -9999 -9999 -9999 -9999 -9999 -9999 -9999 -9999 -9999 -9999 -9999 -9999 -9999 -9999 -9999
0.0910878358084456 0.075531852695936 0.0675685518533105 0.0643019627916545 0.0607129016747492 0.0589297176279684 0.0625187731501286 0.0675526490036035 0.0736680304473082 0.0771121476578836 0.0812476652328915 0.0892747547112169 0.0930796951872739 -9999 -9999 -9999 -9999 -9999 -9999 -9999 -9999 -9999 -9999 -9999 -9999 -9999 -9999 -9999 -9999 -9999 -9999 -9999 -9999 -9999 -9999 -9999 -9999 -9999 -9999 -9999 -9999 -9999 -9999 -9999 -9999 -9999 -9999 -9999 -9999 -9999 -9999 -9999 -9999 -9999 -9999 -9999
0.100008603076475 0.0810658138631811 0.0712143184225291 0.0669865518629847 0.063311099944733 0.061349631723507 0.0643141134485755 0.0689795821250018 0.0749183073143176 0.0783807569497714 0.0825735839890641 0.0907145820252847 0.0971985314997454 0.102189172438661 -9999 -9999 -9999 -9999 -9999 -9999 -9999 -9999 -9999 -9999 -9999 -9999 -9999 -9999 -9999 -9999 -9999 -9999 -9999 -9999 -9999 -9999 -9999 -9999 -9999 -9999 -9999 -9999 -9999 -9999 -9999 -9999 -9999 -9999 -9999 -9999 -9999 -9999 -9999 -9999 -9999 -9999
0.102749641661667 0.0833780061605877 0.0719550962759654 0.0654491408903596 0.0635948172845334 0.0634756556917115 0.067518881459059 0.0703325156092272 0.0722257514379866 0.0785823495468454 0.0858049921933707 0.0942235977728964 0.0997006444246663 0.102526800115243 -9999 -9999 -9999 -9999 -9999 -9999 -9999 -9999 -9999 -9999 -9999 -9999 -9999 -9999 -9999 -9999 -9999 -9999 -9999 -9999 -9999 -9999 -9999 -9999 -9999 -9999 -9999 -9999 -9999 -9999 -9999 -9999 -9999 -9999 -9999 -9999 -9999 -9999 -9999 -9999 -9999 -9999
0.105716446468682 0.079518059404679 0.0652840033619319 0.0584508910781294 0.0593078490183555 0.0616775843075886 0.0669440520088421 0.0707338975786493 0.073418432643611 0.0808992332955645 0.0890782391038945 0.0976571591207264 0.103078666789804 0.105654759473498 0.106296300104695 -9999 -9999 -9999 -9999 -9999 -9999 -9999 -9999 -9999 -9999 -9999 -9999 -9999 -9999 -9999 -9999 -9999 -9999 -9999 -9999 -9999 -9999 -9999 -9999 -9999 -9999 -9999 -9999 -9999 -9999 -9999 -9999 -9999 -9999 -9999 -9999 -9999 -9999 -9999 -9999 -9999
0.108207708560624 0.0739594246006831 0.0567790427871475 0.0501565921813245 0.053930456956056 0.059280353381126 0.0671677093831386 0.072626862089298 0.0762684078710793 0.0841550237946246 0.0926078730317103 0.101217647318642 0.106814906384581 0.109697329689645 0.118106140029306 0.150923391838497 0.304680847011739 -9999 -9999 -9999 -9999 -9999 -9999 -9999 -9999 -9999 -9999 -9999 -9999 -9999 -9999 -9999 -9999 -9999 -9999 -9999 -9999 -9999 -9999 -9999 -9999 -9999 -9999 -9999 -9999 -9999 -9999 -9999 -9999 -9999 -9999 -9999 -9999 -9999 -9999 -9999
0.0991891862969614 0.0808065056559738 0.0674078432910585 0.0570922148951324 0.0611844477636296 0.0746573392124693 0.11279652489174 0.112488088774189 0.0834000757064205 0.0904946269020019 0.101088600389419 0.10796674044606 0.111199518069682 0.111147147048897 0.11860037028639 0.150923391838497 0.304680847011739 0.384624066085409 -9999 -9999 -9999 -9999 -9999 -9999 -9999 -9999 -9999 -9999 -9999 -9999 -9999 -9999 -9999 -9999 -9999 -9999 -9999 -9999 -9999 -9999 -9999 -9999 -9999 -9999 -9999 -9999 -9999 -9999 -9999 -9999 -9999 -9999 -9999 -9999 -9999 -9999
0.091117104931985 0.085087714459302 0.07829458817452 0.0710290271349659 0.0787178960786695 0.097921413533791 0.147952685688117 0.14827814151054 0.111396813164179 0.106762552140898 0.107516765810887 0.113603624215678 0.115745558491419 0.114332383393822 0.12126689282175 0.153420017198217 0.308006591602648 0.3889404335178 0.390105970023381 -9999 -9999 -9999 -9999 -9999 -9999 -9999 -9999 -9999 -9999 -9999 -9999 -9999 -9999 -9999 -9999 -9999 -9999 -9999 -9999 -9999 -9999 -9999 -9999 -9999 -9999 -9999 -9999 -9999 -9999 -9999 -9999 -9999 -9999 -9999 -9999 -9999
0.0846958120158576 0.0848935119816491 0.0896312413436426 0.0971773602566734 0.114180841879834 0.134942199544538 0.164842373161409 0.176967225832659 0.175786542476929 0.140347522230578 0.110364839184775 0.117300585098294 0.120573163978783 0.120544548963213 0.127722341855824 0.160271272953401 0.31713312181273 0.396307402886713 0.391343520661319 0.39034129583637 -9999 -9999 -9999 -9999 -9999 -9999 -9999 -9999 -9999 -9999 -9999 -9999 -9999 -9999 -9999 -9999 -9999 -9999 -9999 -9999 -9999 -9999 -9999 -9999 -9999 -9999 -9999 -9999 -9999 -9999 -9999 -9999 -9999 -9999 -9999 -9999
0.0885581470258657 0.0916442929874242 0.103527505237986 0.120852441955462 0.138364101132858 0.157448575646886 0.181117769707456 0.198194172945323 0.210335609547249 0.187044610489578 0.160604396029084 0.138860469170301 0.12945542204296 0.131169997386105 0.135895952187529 0.165974981077386 0.324282760254075 0.407559993112246 0.409576703359749 0.452592488951606 0.501583144285904 0.517105095233275 0.53601627291121 0.559344784229787 0.581439019196403 0.603221565677283 0.626261895036711 0.65201159590542 0.682030652943559 0.700416529851981 0.71427979474188 0.740827115500591 0.76958680804373 0.802597105926435 -9999 -9999 -9999 -9999 -9999 -9999 -9999 -9999 -9999 -9999 -9999 -9999 -9999 -9999 -9999 -9999 -9999 -9999 -9999 -9999 -9999 -9999
0.0972207661683609 0.101637785628681 0.118621022975975 0.143377521668087 0.157301748103138 0.173206059548158 0.197111777731652 0.215952179416994 0.2310009898641 0.239831622408067 0.232880940399073 0.168754443098819 0.140250944673484 0.143850384876058 0.144894908484229 0.171193645558952 0.330529686828393 0.420619394844048 0.435713071174321 0.467715471257744 0.501585081874027 0.51710810399702 0.536020129913003 0.559349198904932 0.581443533902014 0.603225973322097 0.626265449847719 0.652014641670378 0.682033731394148 0.700421574486782 0.714287576834591 0.740836313919954 0.769596258727717 0.802604572375603 0.834503654133902 0.865832183621033 0.87083899644529 -9999 -9999 -9999 -9999 -9999 -9999 -9999 -9999 -9999 -9999 -9999 -9999 -9999 -9999 -9999 -9999 -9999 -9999 -9999
0.138161800472111 0.135326447450107 0.14710150175514 0.167914320288745 0.183602131023328 0.200675110707333 0.222851380241746 0.241463310736499 0.257407191430651 0.266927534917293 0.268998597283398 0.245724050398134 0.208669147348165 0.159195583820464 0.210132749547199 0.283143521092029 0.374338236062042 0.430718701134747 0.44939420096644 0.477161111551498 0.505810343915048 0.523669258605664 0.544431021309268 0.56897619810725 0.591288667666385 0.612837641615889 0.634017359470929 0.658656484130269 0.688746850796074 0.711422314885715 0.731257840303352 0.760895134326889 0.790205187865569 0.818886517894917 0.843500620248966 0.866022674935352 0.87083899644529 0.873952346779271 -9999 -9999 -9999 -9999 -9999 -9999 -9999 -9999 -9999 -9999 -9999 -9999 -9999 -9999 -9999 -9999 -9999 -9999
0.183121988204126 0.172726278628879 0.178826026752046 0.195129601105624 0.208706762700515 0.224367633333351 0.246701533186996 0.265564665415762 0.281829789776463 0.292634343871777 0.301792286676954 0.30725112576033 0.274191429336889 0.206419377961125 0.279368301397608 0.368966167700042 0.410170701184013 0.441647324962987 0.462588306056093 0.48688146393669 0.511408914050704 0.531264842737238 0.553193845910656 0.577824781530167 0.600032973351637 0.621463275598319 0.643162911531015 0.667796502239649 0.697053341506324 0.722278486807416 0.746075519965865 0.77986394157836 0.810542417051664 0.835245787545753 0.853050725413507 0.86730733723743 0.873257098869411 0.880936066246718 0.893155900695039 0.902952895439397 0.911229457968372 -9999 -9999 -9999 -9999 -9999 -9999 -9999 -9999 -9999 -9999 -9999 -9999 -9999 -9999 -9999
0.236682589910719 0.218067481883296 0.217492347060626 0.228076451050729 0.231252657597931 0.239978924587724 0.266508534077525 0.286649299550721 0.302007760699075 0.315368669730611 0.327473160655799 0.335733389610526 0.333516854902661 0.321858810173131 0.357158383035516 0.398880278151209 0.428935486138795 0.454350569806955 0.474740247881313 0.497189660939501 0.519946167254649 0.541073958221501 0.562709757277573 0.585007666425602 0.606421664262727 0.627978937064843 0.655290659245884 0.682282259234167 0.708769419113762 0.73282530284757 0.756286977900562 0.796500276446766 0.830298247168604 0.851770519787948 0.863784469096935 0.8709333690895 0.880849594919342 0.889631550629782 0.895575668357847 0.902952895439397 0.911229457968373 -9999 -9999 -9999 -9999 -9999 -9999 -9999 -9999 -9999 -9999 -9999 -9999 -9999 -9999 -9999
0.298909398657815 0.272626658157435 0.262672342772597 0.262818529934669 0.259308651184771 0.261394261358853 0.28066092069791 0.299216984576985 0.317241139438928 0.332250871478921 0.346078524493411 0.356824040363338 0.367416955233999 0.377872348260102 0.399011083810743 0.421972181669614 0.444146930482199 0.465440231674778 0.485778896419003 0.507631485133689 0.529797101102841 0.55143016317882 0.572564707643644 0.593049511389043 0.616123369137452 0.640294519927404 0.667700784548 0.695115936221044 0.722545091876956 0.752139363333134 0.782639296673629 0.813346967255897 0.839231997886313 0.855851343935844 0.863616804469674 0.866828118537748 0.882974113493231 0.895728090517254 0.899751031366031 0.90643367302203 0.914785387041324 0.922671050491622 0.928430431683935 0.92792823189474 -9999 -9999 -9999 -9999 -9999 -9999 -9999 -9999 -9999 -9999 -9999 -9999
0.366085128071578 0.332449846353845 0.311572035310311 0.298585791526026 0.290511239487388 0.286124054001381 0.291584185593789 0.306920984110394 0.329650861378624 0.345791161613638 0.360643350388472 0.373693639548067 0.386797679681361 0.399950159425703 0.420341398491801 0.441168198472639 0.457329205581761 0.475608441504737 0.496181788144863 0.518149618417417 0.54039822488526 0.562098788828037 0.582613269482631 0.601581873739447 0.627717002418337 0.655922203542664 0.680272164280203 0.707006177070913 0.737496916211842 0.776460042864703 0.818209008870079 0.830313783842954 0.841985696345306 0.852825954990265 0.857223786047794 0.858307845001972 0.881976091074321 0.900340478218465 0.904928943937874 0.911902182034833 0.92037196352393 0.925164098310091 0.928430431683935 0.92792823189474 0.927711535435447 -9999 -9999 -9999 -9999 -9999 -9999 -9999 -9999 -9999 -9999 -9999
0.408403103040872 0.379007407018662 0.358376282907425 0.34316678276071 0.326392893351861 0.314400769204524 0.316776881975001 0.323069432482138 0.332293592694775 0.354109307375944 0.374974787452295 0.386289951257262 0.399344739383324 0.413967252141772 0.433001291336034 0.45249466325771 0.470147197333465 0.488408270095741 0.507328410052937 0.528076077586849 0.549123071276693 0.568929360926227 0.588704174217797 0.608437962937694 0.637450810257519 0.669203388499818 0.696751588533088 0.726682520151265 0.760368097360593 0.788370196521147 0.81300377260765 0.797274346727224 0.801965220068633 0.845889387524015 0.870237475843477 0.884516275210413 0.89228810983996 0.900126968905741 0.908466444899795 0.917552659030992 0.927107482256845 0.931405685656918 0.933440143743439 0.929840153093928 0.926209300586164 0.922555023989395 -9999 -9999 -9999 -9999 -9999 -9999 -9999 -9999 -9999 -9999
0.442622796050285 0.419110106372503 0.399499629199948 0.382302998253758 0.361268602121978 0.34499401103982 0.343481087506955 0.342080267879586 0.340763362492522 0.367619097488986 0.393219607223122 0.400768750800099 0.412228519650651 0.427212488235064 0.445160280654571 0.463686425235807 0.482370799009158 0.500470636642628 0.517937402620054 0.538022948614262 0.558492459315831 0.576841883622943 0.597472511442103 0.621076335750021 0.651299403594144 0.683599492520771 0.714524419820198 0.747956120517294 0.78533792862271 0.80403300625693 0.813986503834646 0.78498754478985 0.785773513170585 0.843784931832658 0.877714591584584 0.899257389428783 0.896822524046867 0.898076250964278 0.909344617823904 0.920668489187406 0.932027191924876 0.93588651245784 0.93704710063923 0.93175777382771 0.92724137043573 0.923311614381197 0.92366298880318 -9999 -9999 -9999 -9999 -9999 -9999 -9999 -9999 -9999
0.458389131093807 0.443672057612921 0.425728037782411 0.405787880566177 0.392864914533984 0.381318814026785 0.37240556655813 0.367656982354838 0.366025814556407 0.39564816473732 0.421938183410977 0.420814701702787 0.426879512631054 0.43942231038345 0.457084473695536 0.475518921079077 0.4930543847555 0.510230371527106 0.527017033116034 0.548099497680712 0.569820486813283 0.588129753507071 0.613889442777534 0.649359607298349 0.676365982313253 0.701269351809551 0.735252396787169 0.772502880149651 0.814902106746079 0.831288353386728 0.836666323107138 0.834441538063591 0.838613025957362 0.855073602010756 0.867948999629422 0.878980299798594 0.884500062150666 0.891735742069142 0.90333403613501 0.916996688814108 0.931954811983689 0.935191751616555 0.936273623107915 0.933447597801276 0.929963129807607 0.92597890512467 0.924921483407933 -9999 -9999 -9999 -9999 -9999 -9999 -9999 -9999 -9999
0.475747989459042 0.465150784591262 0.448677027608533 0.428568129503248 0.419679637820469 0.41052805807877 0.398342951167441 0.392382240847777 0.391080739402595 0.410942230029626 0.431659113130537 0.445665041115402 0.453298130410732 0.455188108351119 0.470540291094585 0.488161808935149 0.504652583286515 0.521013038272228 0.537232353145295 0.557511833391037 0.579155276195502 0.603362400957556 0.632698141646894 0.668718241178692 0.690869086022979 0.709695077499503 0.745005409962329 0.779232579089777 0.811752927999857 0.827360957087632 0.835856237598425 0.841187262952984 0.844250291027557 0.842955841115704 0.847171726568214 0.854221946650445 0.867024764174367 0.880140630976158 0.893697714609939 0.908568090091213 0.924262610574674 0.92903258996177 0.931623857837061 0.930063787867769 0.929269428870401 0.929056242977089 0.926319031558455 0.924852835446668 0.929585227659047 -9999 -9999 -9999 -9999 -9999 -9999 -9999
0.494210797830776 0.484492195652313 0.469352697912103 0.450859920903347 0.443179724973079 0.434804739307086 0.42220965782589 0.416517263188822 0.415991804708264 0.417408289288728 0.428210721147759 0.473845821378983 0.487874160578975 0.473418937427144 0.48505784284754 0.501366467068368 0.516884798774026 0.532504809630642 0.548234942315644 0.566463731047606 0.587108336845551 0.621329600022222 0.65316483305465 0.681890244271764 0.698049503687078 0.711712695246952 0.74715048975021 0.773611347906128 0.785926586516767 0.801817431629489 0.818762760705563 0.818327271858458 0.817166577407549 0.814612553483942 0.818761067381462 0.826357145500989 0.845977478682064 0.864902987273846 0.881548000997524 0.896842040400192 0.911288287488552 0.919085461605762 0.924287018652185 0.923162894003173 0.926208103309432 0.932417828791478 0.928253455717275 0.924852835446668 0.929585227659047 0.931844532012856 -9999 -9999 -9999 -9999 -9999 -9999
0.511964656753577 0.494935449395427 0.481924544957877 0.471399298420374 0.465584769654862 0.459718207766171 0.452749756718362 0.448692297214322 0.44681383087605 0.447067015949808 0.452306748337107 0.475534185332489 0.495908263294994 0.513710934783905 0.513392234590168 0.512748243028072 0.527740936593434 0.543085172290551 0.558810139552979 0.584691650472095 0.613584215373188 0.645838317242174 0.67377712828791 0.696091624161453 0.70583036032952 0.71354363503801 0.749306088907154 0.774454491908705 0.782877553479972 0.781864835354587 0.777285388554014 0.78707588281858 0.796326490228601 0.804539819020784 0.820502529925837 0.840451267202989 0.852534008073252 0.864502539723973 0.876612792187169 0.885673371982364 0.892820155927504 0.908224043547464 0.921083569546403 0.924539514840218 0.92624239622973 0.926614705604174 0.922814432519552 0.920632095530276 0.926817839835969 0.929818949244281 0.929910716202824 -9999 -9999 -9999 -9999 -9999
