layers/veg_krg/veg_4100.asc
NCOLS 255 
NROWS 330 
XLLCORNER -2985163.8955 
YLLCORNER -3022031.214 
CELLSIZE 25000 
NODATA_value -9999 
[rows 75 to 99 of 330, columns 171 to 227 of 255]
0.83003832198857 0.830736044199587 0.831596404495312 0.831139339153204 0.811517101014872 0.793844485454339 0.77928840490652 0.765416896020101 0.75159435882633 0.726501001858942 0.707001170110238 0.69841205613248 0.688490742827715 0.677873748056091 0.670385071533961 0.662506346434057 0.653492625847559 0.654579649020998 0.662096790406543 -9999 -9999 -9999 -9999 -9999 -9999 -9999 -9999 -9999 -9999 -9999 -9999 -9999 -9999 -9999 -9999 -9999 -9999 -9999 -9999 -9999 -9999 -9999 -9999 -9999 -9999 -9999 -9999 -9999 -9999 -9999 -9999 -9999 -9999 -9999 -9999 -9999 -9999
0.830775852719006 0.827212980235332 0.826107777160121 0.824420555050596 0.803084872484697 0.785091215603735 0.772439895326326 0.750530607409234 0.724759866310683 0.70144701951975 0.684159372142287 0.678624465253856 0.674538900259613 0.671210189194426 0.663866647404092 0.65572253750757 0.645895368736609 0.642520315281389 0.643252668684949 -9999 -9999 0.600172103194823 0.600172103194823 -9999 -9999 -9999 -9999 -9999 -9999 -9999 -9999 -9999 -9999 -9999 -9999 -9999 -9999 -9999 -9999 -9999 -9999 -9999 -9999 -9999 -9999 -9999 -9999 -9999 -9999 -9999 -9999 -9999 -9999 -9999 -9999 -9999 -9999
0.830183563377685 0.823841440660269 0.820285510816515 0.816381132410231 0.794551322640452 0.775774696718798 0.761878684343214 0.735837342719836 0.7047826323589 0.679408183969291 0.662202892934588 0.660932341950417 0.661139243863229 0.662117679418008 0.655836389707978 0.648338475942629 0.63835457926677 0.625023690196269 0.609562110825721 0.597386795069262 0.589542782650946 0.594132812834304 0.584855226133835 0.564905370707753 0.564985380821667 -9999 -9999 -9999 -9999 -9999 -9999 -9999 -9999 -9999 -9999 -9999 -9999 -9999 -9999 -9999 -9999 -9999 -9999 -9999 -9999 -9999 -9999 -9999 -9999 -9999 -9999 -9999 -9999 -9999 -9999 -9999 -9999
0.826684616426935 0.820828751670117 0.813766627621477 0.805483312435279 0.78579469817177 0.765219885490822 0.74322845585662 0.721614542196015 0.69985977296556 0.664020812788694 0.642235177679883 0.647861926991674 0.648988224044447 0.647764361353393 0.644495440113528 0.639595905426927 0.630888371221182 0.620585906758099 0.609268112103648 0.597386795069262 0.587657822871122 0.584618844144998 0.57633463369558 0.564013787178979 0.564985380821667 0.567166711484152 -9999 -9999 -9999 -9999 -9999 -9999 -9999 -9999 -9999 -9999 -9999 -9999 -9999 -9999 -9999 -9999 -9999 -9999 -9999 -9999 -9999 -9999 -9999 -9999 -9999 -9999 -9999 -9999 -9999 -9999 -9999
0.818785124496317 0.811319498066827 0.788610063004296 0.762987624981283 0.768116731896241 0.762430494914932 0.739455579442173 0.700321089620092 0.65499905319503 0.639867980475022 0.632264204116134 0.639343155190051 0.64046745546305 0.63848220589629 0.637754636403962 0.634689843663661 0.625907383700493 0.615521619436835 0.604115194078594 0.589733974715972 0.576193089080588 0.565905237441716 0.557856908236864 0.551532075248637 0.556479743603684 0.56294723994099 0.569526343628445 0.582203112396393 0.600526857903326 0.616476860415777 -9999 -9999 -9999 -9999 -9999 -9999 -9999 -9999 -9999 -9999 -9999 -9999 -9999 -9999 -9999 -9999 -9999 -9999 -9999 -9999 -9999 -9999 -9999 -9999 -9999 -9999 -9999
0.808335528491106 0.798045502603926 0.752653011730804 0.702181057630509 0.745268871846976 0.764141144887747 0.744304088858775 0.674930213045419 0.586994449895461 0.610635586822153 0.628086315689654 0.633462048453587 0.634050407787722 0.632138775639703 0.633679604960882 0.632007028486115 0.622366574843082 0.610094274786914 0.59614654528171 0.577646365386697 0.559176901810963 0.541860465055197 0.53360905075975 0.532333914833595 0.543045112312054 0.555239288851988 0.567023608166618 0.582203112396393 0.600526857903326 0.616476860415777 0.629560867082798 -9999 -9999 -9999 -9999 -9999 -9999 -9999 -9999 -9999 -9999 -9999 -9999 -9999 -9999 -9999 -9999 -9999 -9999 -9999 -9999 -9999 -9999 -9999 -9999 -9999 -9999
0.798491761927992 0.790779122356034 0.743323407828873 0.689167065707599 0.727673731531618 0.732452621967238 0.683316567994753 0.631211191630932 0.579747764723905 0.617220895681109 0.641641329675489 0.640601202191513 0.640988402100113 0.64212095984971 0.636747751248236 0.628332549203449 0.612980013668248 0.600387772217479 0.589552729809166 0.572707442416445 0.556823292388333 0.545266697843412 0.537564923002108 0.532829748126064 0.546578868166836 0.561865578980381 0.573544514060271 0.586067756401845 0.599372901882465 0.609259954387297 0.617132070100722 0.617656252571005 0.62343082283572 0.635048887410945 0.656575443102411 0.681610889311112 0.713942384270271 0.741006459901506 0.761012196801734 0.766106101598673 -9999 -9999 -9999 -9999 -9999 -9999 -9999 -9999 -9999 -9999 -9999 -9999 -9999 -9999 -9999 -9999 -9999
0.786937086741353 0.778233951607135 0.733831187750505 0.68313557944611 0.711848898713208 0.704041389396884 0.637854149424189 0.605591630901681 0.588839894711444 0.626877767407485 0.65007341005866 0.644317832007363 0.644369498977975 0.647453739718408 0.637707842913492 0.624923092856314 0.605600388446014 0.592704249766433 0.583899253118419 0.567603140225515 0.553524150943691 0.547944712871795 0.541832295566045 0.535309707020601 0.550630448398358 0.567261263300005 0.577615560856769 0.587686282123713 0.597494386685542 0.60298912027778 0.6066187414198 0.604662955286493 0.61201627793629 0.629730306564352 0.65391131128669 0.680527738027499 0.713089651788972 0.740326671552851 0.760428336562942 0.780685191033118 -9999 -9999 -9999 -9999 -9999 -9999 -9999 -9999 -9999 -9999 -9999 -9999 -9999 -9999 -9999 -9999 -9999
0.770652519533639 0.750518087681893 0.720183510728933 0.68939673530782 0.700098100062996 0.689186958681448 0.643727524284343 0.631671383693864 0.633820181500578 0.63987866609019 0.64212256096611 0.63692572568513 0.636230319523954 0.637885583228425 0.631947914688204 0.622371531223753 0.604485268081827 0.591110290112927 0.580607189467173 0.561052726437103 0.54561263913927 0.544816703833476 0.543011658039835 0.540430018950434 0.553721298249238 0.567316351559939 0.573776251331463 0.582667204322531 0.593809527436553 0.600293619292015 0.599975928271926 0.567574437586797 0.569609405089384 0.60997092205322 0.644013632478459 0.676503656545246 0.709921613270965 0.737801148343806 0.758259201733215 0.779527853625305 0.799707310153238 -9999 -9999 -9999 -9999 -9999 -9999 -9999 -9999 -9999 -9999 -9999 -9999 -9999 -9999 -9999 -9999
0.746773954471716 0.720906941087596 0.692860950449789 0.666217445053644 0.669377239528651 0.664173524423677 0.645600467615353 0.638313898668799 0.635748796727563 0.630840140480513 0.626918357942304 0.624921569051529 0.624431630576845 0.624728577282595 0.620824037733952 0.613300133749741 0.597302939247387 0.5846406989364 0.574101485423449 0.556962211173682 0.543686042939482 0.543717875631922 0.544033790821795 0.544568330796174 0.554657802192565 0.5648510266514 0.570434990924412 0.579467759226815 0.591694424844697 0.599258318178196 0.59706594726158 0.546717544471651 0.532596454372303 0.558795070908142 0.618163736136922 0.681511448175973 0.70600085238715 0.727176041694481 0.743910185024193 0.767600053295109 0.793072005976384 0.80976959219959 -9999 -9999 -9999 -9999 -9999 -9999 -9999 -9999 -9999 -9999 -9999 -9999 -9999 -9999 -9999
0.71755671054404 0.689963386225062 0.655924770093261 0.622341139802275 0.625320179747594 0.632018179073778 0.644661055758942 0.631291783664145 0.607411529145959 0.606307614089959 0.606614953143355 0.609675081303567 0.610060259050041 0.609048563678596 0.605929235337518 0.599645207219866 0.585855284262467 0.574743475639234 0.56533655055364 0.554601036439372 0.545966919939605 0.544045587845049 0.544945389093612 0.54801628386176 0.554079773055034 0.560613818635463 0.567443865499327 0.577547539494944 0.590682881517765 0.599390159080933 0.596780195599808 0.537271693707319 0.499375500786487 0.485533036743892 0.581099224221094 0.692868763605905 0.70155091792925 0.710856822962933 0.720998553573276 0.748100478007638 0.780462939764102 0.804950787925478 0.820098179415059 -9999 -9999 -9999 -9999 -9999 -9999 -9999 -9999 -9999 -9999 -9999 -9999 -9999 -9999
0.720577618511118 0.692748170146607 0.651006611742979 0.607802393150971 0.609368112475511 0.613616538605866 0.622153358697375 0.604872824662154 0.577199381567557 0.573976807257464 0.577250505444715 0.59319581822394 0.599528189578548 0.600840632566925 0.595620955227839 0.588498455536201 0.577189090865225 0.566163358828789 0.55531818689884 0.550239153067739 0.547256313657389 0.549319351471206 0.551994537618086 0.55514082212059 0.555225687924421 0.556892871744574 0.566452544552995 0.575722723257169 0.584724804837085 0.56679753049477 0.542460221180396 0.511734713624539 0.494540008293307 0.492404603134166 0.581536148858052 0.682849121317138 0.687290524748814 0.692916080935881 0.700128401102891 0.735190609656289 0.777567547849429 0.787464145862947 0.801971998015111 0.823957907627454 0.830565562192797 -9999 -9999 -9999 -9999 -9999 -9999 -9999 -9999 -9999 -9999 -9999 -9999
0.721049172327485 0.69770367221239 0.654436859614843 0.607160237116833 0.597235986744843 0.593465354570738 0.599531480950293 0.5809911640844 0.552628154008754 0.551448564690538 0.557935090201315 0.579375122137597 0.589387260214304 0.593431692256201 0.586840833191796 0.578838075701975 0.568087255550975 0.556540905016656 0.544488121042619 0.545732924632557 0.548786750541135 0.554258669000075 0.55827049447687 0.561158658635331 0.557054651010813 0.555288349052979 0.566479990764447 0.574388123621262 0.579255437102183 0.54165067183406 0.501716430431236 0.494043580709875 0.497898265171198 0.514582683939417 0.588548332754582 0.66833390468324 0.672448633571553 0.675469636509234 0.677025047330955 0.7181139580055 0.76933118032258 0.770673636967014 0.784510825505531 0.818610684511598 0.836284899556681 -9999 -9999 -9999 -9999 -9999 -9999 -9999 -9999 -9999 -9999 -9999 -9999
0.700906774740858 0.69792491795362 0.675249936383653 0.644181175391165 0.588156268566779 0.562216668274256 0.584369407618346 0.573003571512511 0.548366382431231 0.565867216799964 0.576884116232371 0.575253466691708 0.579208612331644 0.586080689474277 0.581706816920406 0.573435532379634 0.556456436997222 0.542812040487368 0.531290508239983 0.541453310957227 0.551517034909376 0.55623255932324 0.559620447138591 0.561986609687949 0.560632131916912 0.560859435514174 0.569323529337513 0.57472438076919 0.577288399035508 0.554331029124152 0.527892304113842 0.509512322145177 0.519424552542079 0.560825005992761 0.604776489762453 0.645964606361388 0.659157370858091 0.660333704186515 0.645408026977465 0.684139259703469 0.738973372869522 0.760919929725791 0.785090329669097 0.812867129495666 0.831819772236307 0.846715773591772 -9999 -9999 -9999 -9999 -9999 -9999 -9999 -9999 -9999 -9999 -9999
0.687511591929005 0.676297571534216 0.669728546965533 0.660147687335589 0.586725293317804 0.546978862341975 0.561064552055644 0.560059821199063 0.553150768751486 0.568521392198833 0.575136903142544 0.56467471123422 0.567373387027253 0.576944736872901 0.573833634924372 0.566173837277627 0.548323664938779 0.538222200938635 0.53305355295612 0.539697392608251 0.546177868128648 0.549411576713355 0.552389442183989 0.555170415392032 0.556165342077275 0.558105353593482 0.56473705996409 0.570026115629946 0.574071758087922 0.561589344637748 0.545588914493205 0.527932370944302 0.53989343311104 0.584817833847516 0.602873677559484 0.614676538370266 0.633270788229543 0.643212346183609 0.641559302189387 0.672996201570427 0.715342921441577 0.751873243598178 0.782626510953049 0.8040111452942 0.820931867866995 0.835700038560955 0.83729151221927 -9999 -9999 -9999 -9999 -9999 -9999 -9999 -9999 -9999 -9999
0.67983457265619 0.636153870256898 0.641889091590305 0.658270888077712 0.591776513225877 0.545310037890584 0.530858810421799 0.542915801376268 0.565601638500261 0.56120534965923 0.555849937149233 0.548623660157464 0.554134237151209 0.566296066014095 0.563639050972584 0.557336538867455 0.543155434931395 0.541377548281174 0.547495531009869 0.540080268277328 0.53399996227108 0.535137070921687 0.537886204076954 0.541875922319776 0.54488115317567 0.548295816068255 0.553853770057661 0.561061168201794 0.569796097401018 0.564252560895068 0.556099476128456 0.548853608563352 0.559466177241114 0.589954548367311 0.58560514030853 0.575829946567721 0.596709860481545 0.624408369631734 0.661243792297188 0.681202616769534 0.69741380355955 0.743425747282679 0.777583521644594 0.792517423940347 0.804600756075573 0.815509338192541 0.82923110405623 0.838349024029336 -9999 -9999 -9999 -9999 -9999 -9999 -9999 -9999 -9999
0.651416380881576 0.607824860575752 0.619387208194492 0.644303948194878 0.597277726581998 0.559954691143923 0.538142513957591 0.539130273166719 0.549294410110265 0.537778466474285 0.528624116405157 0.524076285461309 0.527423496961488 0.534893540981574 0.529774229151484 0.522691039743522 0.511648910700311 0.518921559540729 0.537853368302349 0.531635725926858 0.524904615253536 0.522461471320099 0.527770698256503 0.53904601048908 0.53829336702998 0.538389348056597 0.548176263458318 0.556314344006382 0.562925457765993 0.547082693710741 0.528917278858924 0.521870218127915 0.534901563384178 0.570279458218201 0.569049817111953 0.560394269561524 0.569901361736329 0.591274259903355 0.628547330962539 0.67224411982134 0.717323454817083 0.750411109779259 0.776047032736421 0.789598503517252 0.801466007422912 0.812488426390941 0.816682792391943 0.820265101641311 0.822635232070398 0.823456384241145 -9999 -9999 -9999 -9999 -9999 -9999 -9999
0.618199114681126 0.580739154005439 0.596594261173923 0.626004410882489 0.59489232550975 0.566163693509862 0.541245089139037 0.529422472970759 0.522953721582824 0.507926340746912 0.496908155553676 0.493710298406806 0.495425350766473 0.499705950205148 0.494468020287636 0.488449121401593 0.481135416872084 0.494117638693068 0.520020216555107 0.51767501651849 0.51351258416124 0.510386178696377 0.519151231425262 0.537067736667312 0.531587626489158 0.527452251238655 0.540952378624095 0.549437319442538 0.553277754288342 0.529793406178963 0.503541096300338 0.491137588636404 0.504055410142836 0.545154967691413 0.551608687645594 0.54936869331457 0.550746947790552 0.565274635014044 0.597422554209667 0.662569991537127 0.735459010229713 0.756187916559928 0.773666196350282 0.785872944510456 0.797652543501762 0.808963691257052 0.804266595014138 0.80520357091724 0.817298830605459 0.820762298168538 0.81964983653259 0.817163689661522 0.813817813325775 0.808461555983908 0.810495562986173 0.817301884526783 -9999
0.578472807483189 0.550447072869975 0.568396673421987 0.596788697464212 0.55557772873 0.520846741446785 0.496474214977332 0.482093290084919 0.471910304481327 0.460503959271789 0.450391891396099 0.442804437990684 0.44913083409408 0.462723115294194 0.47045454820746 0.475683035908824 0.475234967688873 0.477875264394834 0.482481609545118 0.484829025227161 0.489124364129318 0.499881308445524 0.514139291225105 0.531091610285596 0.520767352518846 0.511807513760441 0.522600333358531 0.52947389409639 0.532717874769485 0.527015041469368 0.515174228802256 0.479399272078398 0.477594218649764 0.513596455731124 0.529516400112322 0.54101974186412 0.559693365431839 0.583258106188564 0.613376941036493 0.662614152916677 0.716622420450486 0.744635436273648 0.764704794984118 0.771891947998128 0.780666626289487 0.790059698410281 0.795872248145859 0.801861466818409 0.808200578442923 0.8139798487296 0.819462333101197 0.817163689661522 0.813817813325775 0.808461555983908 0.810495562986173 0.817301884526783 -9999
0.550624468623579 0.535643855635223 0.551609003456037 0.573226711884069 0.528771323191842 0.494192006354413 0.475399911143379 0.458755420166123 0.443125191143029 0.432479963126034 0.422780620097826 0.414926318211463 0.422329463308422 0.43770012714129 0.449618258332246 0.459223219069777 0.46346035521933 0.46455619495388 0.463652290138147 0.464049506019398 0.468719240937147 0.486105857808288 0.504671125754183 0.524143462384543 0.508907214780891 0.495367489900536 0.506804913487498 0.51500205960991 0.520198422444191 0.523157416069427 0.517837724819354 0.469836174990038 0.460303734702369 0.493586040970257 0.5154594626367 0.53508195557247 0.56088131383008 0.587770291685372 0.616119359146137 0.655566926514169 0.698076410575549 0.729812249184837 0.748151107440951 0.744764121520675 0.757023131674336 0.775841922241509 0.78550714548823 0.793976482375312 0.800077365499331 0.806980054278621 0.814307800317944 0.809712693957993 0.804102660096614 0.796858809561913 0.797337123652615 0.802802079193913 0.797602346726158
0.534876707528496 0.53661978486527 0.54644508879264 0.555424412760074 0.514707529563506 0.486549243788 0.478466283882732 0.459858493341448 0.437015532724404 0.424217904670148 0.414428647167411 0.41050751052849 0.41538656671288 0.424861129686579 0.432018695416404 0.439000445290302 0.445701489582649 0.454215217114735 0.463882896057691 0.45556260114026 0.452371863285306 0.468998531620175 0.490663219235865 0.516205075947023 0.495987724801334 0.478117274900814 0.493614033679218 0.506124735931641 0.515870085951543 0.518200303152787 0.511363481055325 0.462489063969131 0.452355829944558 0.4853401505972 0.509588468705314 0.531600522983418 0.554165388625104 0.5785587211249 0.605402198114719 0.641295409991412 0.679826426471057 0.71165705775979 0.723862843859313 0.704243075443817 0.726597287519919 0.766398188881941 0.77313435237339 0.781463477776333 0.792947465347644 0.799758841471824 0.804093149236773 0.794671060666825 0.78449027833516 0.773435865328108 0.770773637775723 0.773530722278882 0.784349545172674
0.520021138199489 0.530368045134387 0.536400987455415 0.537446339484343 0.489038901711835 0.456457477267173 0.449174449142662 0.445940973441362 0.444305362388384 0.437320262482875 0.433504812621643 0.43587207504179 0.438074537942927 0.440190941671987 0.441745681482759 0.445438486347597 0.454325267941173 0.460434034214493 0.464774320133412 0.465460527664058 0.468520842851937 0.479666150300693 0.49359497823636 0.509665953513451 0.497851746586059 0.487077201173707 0.495085478178779 0.497819890386163 0.495670237718887 0.489341223101663 0.479074943893522 0.45180569502052 0.450073846781963 0.47676421441684 0.503119458235239 0.530055433730083 0.562442855749452 0.592854172004729 0.620617507724775 0.652304121518817 0.682510137847293 0.671048458912214 0.66854946382525 0.680585227135558 0.698821794432064 0.719782983586254 0.744131633655638 0.764244995528459 0.775970366196298 0.774322473064356 0.765585077842867 0.749983807827745 0.740473377807131 0.746397040895721 0.755429243304374 0.76646880657312 0.771048602664464
0.508538225570228 0.523613132512927 0.525848559424027 0.520257411286433 0.465512462855438 0.428361039455505 0.419333437240604 0.431836626550825 0.452957551493439 0.451362426321471 0.452898930013225 0.460543981956677 0.460090357600831 0.455407562059184 0.452351023035167 0.452963802624104 0.462329951202636 0.465236035778873 0.464029653374482 0.475449513491724 0.486080182282199 0.491367624007631 0.497018334620569 0.502948610440679 0.50118624049748 0.498960407950905 0.498936703017527 0.491480683761015 0.477141684618675 0.462580172651604 0.449380610167971 0.443827628986694 0.449849567483564 0.468753978653324 0.495501784386041 0.52571632980259 0.567321025827762 0.603297723288417 0.631732906057926 0.660705245630921 0.684663803040107 0.631850216503112 0.616964322711222 0.663585658222311 0.675343349504135 0.672890299891105 0.713661143362635 0.744573464540692 0.755960975492409 0.74547301034459 0.723388307419117 0.701449554449775 0.693339819004249 0.719143400988179 0.741899712212185 0.762688227174423 0.768719055842432
0.51799432297477 0.524492771817701 0.519336800915504 0.508550980168005 0.473743114050883 0.44749554219079 0.43493187873171 0.439275264025941 0.450294884053336 0.439218476296908 0.432801441598411 0.435472969557111 0.432730058743678 0.427159699641645 0.427322865396209 0.427246045307238 0.426234937778826 0.435561483159863 0.451468962759541 0.458160859305421 0.463682659463307 0.467783425003058 0.478002962325252 0.492931396444924 0.491821671334674 0.490419250940028 0.496282816561155 0.49726546660077 0.493727957466357 0.485932208752797 0.475978810978509 0.458789813994483 0.454633886489071 0.464983300365782 0.481198743226502 0.499973511660228 0.526994556755595 0.552634692430142 0.576424410311422 0.613535250686462 0.651569358112615 0.636023150111457 0.637069159593 0.665022720035049 0.676247642907878 0.680531924339513 0.69870754289137 0.715823801086794 0.730841995363004 0.721686508325308 0.69971594736454 0.672443929228879 0.662614351666014 0.695953181249557 0.723352644197961 0.746916719882585 0.754449082715434
0.520921395425658 0.514645441355504 0.505268322085409 0.493934434372213 0.469800890039105 0.449704813793865 0.436062761420647 0.434521241137876 0.437772683138987 0.425899764941061 0.418170857097347 0.418525246574553 0.412802697735383 0.403906739875319 0.409265215540841 0.41003419119327 0.398845560837237 0.410067344403374 0.435555563603023 0.436519026918956 0.436943963536496 0.441435130146081 0.455908449790501 0.47806385501173 0.479897779852061 0.480783415383921 0.488582518165006 0.49345993065476 0.495631599733574 0.493252146873361 0.486547850864971 0.461124885952559 0.45037490330934 0.45595542648117 0.460665459755101 0.467262091139318 0.491099704765347 0.514930054115659 0.53875066934088 0.579775907794722 0.623872788268946 0.626528149618297 0.635084351244938 0.65320992843193 0.669493833060308 0.68475248264181 0.686867344222553 0.692227198967943 0.704013764922119 0.695885799163364 0.677200641360476 0.653762078550603 0.645725759126811 0.675813721689682 0.703863503909275 0.73059711701352 0.741357286576682
