layers/veg_krg/veg_5400.asc
NCOLS 255 
NROWS 330 
XLLCORNER -2985163.8955 
YLLCORNER -3022031.214 
CELLSIZE 25000 
NODATA_value -9999 
[rows 125 to 149 of 330, columns 168 to 223 of 255]
0.381524555249345 0.387609560030045 0.322955995378702 0.302259238929947 0.339652627128423 0.362084992451227 0.375431399136068 0.331974844472553 0.295249394918257 0.269283835501676 0.274328442079277 0.292280512028157 0.300746898750342 0.311301444558725 0.325929148806481 0.336312990991631 0.344480666177585 0.375816661281309 0.395673385322785 0.386395163827189 0.3842353167862 0.386607016164862 0.353429597839424 0.335629303103235 0.372960631507466 0.346252096984037 0.270259634872983 0.270922352510482 0.290213597091976 0.34319834541477 0.394801575207177 0.445125396750267 0.482778613417288 0.514124300231348 0.524553163231857 0.539351075422402 0.559011583498033 0.575584244703703 0.591008065483292 0.603707287898989 0.616346479143612 0.628905228655107 0.633164975991194 -9999 -9999 -9999 -9999 -9999 -9999 -9999 -9999 -9999 -9999 -9999 -9999 -9999
0.378485141263753 0.372401405022446 0.291173346635913 0.260373766416304 0.296216822703775 0.336738042222843 0.37315266910532 0.330277796656606 0.294669033924904 0.270675383572974 0.278383634313165 0.299220360079786 0.307223236763223 0.316926747088556 0.329947509589051 0.343339327524015 0.356924912550513 0.380256062635293 0.394457793265547 0.386026357870812 0.3866544191197 0.393049742240106 0.36494357474707 0.34798074771339 0.373004112510052 0.352731839451294 0.297600857550146 0.304610240269602 0.321015734130362 0.342078986348485 0.384472810470285 0.446620629240734 0.480135761310424 0.503138960908607 0.499235375043909 0.515367819692613 0.553799651528379 0.57907880232771 0.599282134743717 0.606394537685887 0.617479742156412 0.633888498285246 0.638066531914965 -9999 -9999 -9999 -9999 -9999 -9999 -9999 -9999 -9999 -9999 -9999 -9999 -9999
0.360247364534743 0.340091171835324 0.273202719726532 0.240553196948604 0.253151371597424 0.306969432086074 0.366866647298416 0.318498241080547 0.284257271434933 0.272599467997315 0.286613755960303 0.311154100171875 0.32036376779352 0.328023723669327 0.332660815282595 0.337392719909295 0.342174136388257 0.356978767645109 0.371390508700301 0.384233250900954 0.396440315798093 0.408242709484528 0.382551787640564 0.360848038842605 0.360019693817501 0.346742128743598 0.323883867656954 0.3448391101665 0.362006607876118 0.341107557346018 0.365906570993542 0.433026030585728 0.454515057172927 0.464024302380953 0.456623747914129 0.482657094423939 0.545901179984739 0.588967398605289 0.621797751554445 0.614593158024502 0.617479742156412 0.633888498285246 -9999 -9999 -9999 -9999 -9999 -9999 -9999 -9999 -9999 -9999 -9999 -9999 -9999 -9999
0.335742875664672 0.320823746473065 0.27813675684596 0.26430787606063 0.288615788764454 0.327857174561348 0.366094470059438 0.320317321070344 0.288333872473747 0.278400101962334 0.289060401030504 0.30830334527174 0.321748726768614 0.33137719246845 0.333560390758416 0.339253212437796 0.346778777835159 0.362481443585591 0.379560343361668 0.399453534745455 0.412373997855709 0.420855632685066 0.402319910727426 0.383437343869504 0.369785186419118 0.370381810803909 0.381944041610593 0.400848744021001 0.413680467103018 0.398536735400314 0.41297571911123 0.454810911635109 0.45985863502181 0.458805551035302 0.463477292101648 0.496272311065393 0.560367535046494 0.607555422199762 0.645590623195542 0.645387971957627 -9999 -9999 -9999 -9999 -9999 -9999 -9999 -9999 -9999 -9999 -9999 -9999 -9999 -9999 -9999 -9999
0.308053693074864 0.300119799060079 0.28644111024628 0.294826954435298 0.33237169268687 0.349486117302524 0.356563347596853 0.319182762512317 0.292587497622901 0.283232917363507 0.290193136558347 0.304118311204039 0.321218493451223 0.333375039069846 0.335888538146698 0.344032798123857 0.355117470938085 0.373230545516868 0.392507704649588 0.414158398885032 0.425437201912941 0.430113274673397 0.41585150508248 0.40002530261543 0.383838919968639 0.39855955582661 0.437065677666316 0.45116030513736 0.459675538924465 0.458862690683998 0.466245229389849 0.481217420666304 0.471792444947942 0.462603094678657 0.48050924419489 0.518145226743235 0.577739809605396 0.624561822365834 0.66295953960133 0.660168883561517 -9999 -9999 -9999 -9999 -9999 -9999 -9999 -9999 -9999 -9999 -9999 -9999 -9999 -9999 -9999 -9999
0.270249891997835 0.262164252983575 0.29243807172818 0.322630483976682 0.352715315276356 0.334130805262128 0.301023485411591 0.293146746609237 0.286097073092722 0.280369490298006 0.289709999324605 0.305417822558828 0.320991896477185 0.335126131600744 0.346451820394124 0.356433868613907 0.36571426068793 0.385884825502359 0.403168522889064 0.412811510314385 0.419951569470772 0.425498268273886 0.39803615919833 0.380336686921461 0.400068609920741 0.424598973246836 0.452822130011097 0.461791123591592 0.47015761628632 0.486249868661373 0.496481183169908 0.501284751260106 0.490267168763362 0.482119831220296 0.506330657235278 0.542195461615707 0.59103072816762 0.627100418455226 0.656380293875549 0.657773180247077 -9999 -9999 -9999 -9999 -9999 -9999 -9999 -9999 -9999 -9999 -9999 -9999 -9999 -9999 -9999 -9999
0.264541305605808 0.254606389960224 0.295317207004908 0.327447461115227 0.3482382626494 0.317205420195244 0.272596560594113 0.281227114904743 0.285138736291976 0.281506990134189 0.292703274617516 0.31004648820052 0.321682481850591 0.333899900439877 0.34725144521413 0.360654400699346 0.374084203127126 0.398041516658259 0.416782901914525 0.422285987941195 0.427203127320473 0.431747253949574 0.401491213201237 0.384643691339389 0.416754559627943 0.441164135476839 0.459646935071451 0.468598943146594 0.47954535112422 0.503420464333769 0.513496974936648 0.510794760089414 0.499082610807762 0.493994606676964 0.534485321459675 0.568488877048853 0.59527245588146 0.631701820944144 0.667049139556435 0.672853808683438 -9999 -9999 -9999 -9999 -9999 -9999 -9999 -9999 -9999 -9999 -9999 -9999 -9999 -9999 -9999 -9999
0.291977266474984 0.278440042852082 0.294976580737001 0.308526355179223 0.318129038658569 0.298658629565547 0.272169013341059 0.283885393577835 0.289893355301024 0.286776224625614 0.299286621527645 0.318113152705441 0.323320236263379 0.329599003887857 0.337968196053658 0.356426936893971 0.380154492902965 0.40968435063511 0.433447406512308 0.442935629432231 0.447608309775809 0.44921542299312 0.426912089250843 0.413730837366163 0.43391168621197 0.447945287785144 0.457248078335349 0.471458773291378 0.487802964607236 0.510040453058097 0.516860379923874 0.509402282251809 0.497922967023605 0.497977572004457 0.565049521027569 0.59709881240057 0.590169135223023 0.638433471972319 0.693203765693936 0.682377502908756 -9999 -9999 -9999 -9999 -9999 -9999 -9999 -9999 -9999 -9999 -9999 -9999 -9999 -9999 -9999 -9999
0.27915787844823 0.267716331173805 0.278244738270864 0.287479404712935 0.29500435689555 0.290676839508231 0.283560302975311 0.293033095805276 0.298109758385805 0.296159063980001 0.30549648325382 0.319529736551107 0.329985634049991 0.339409408806059 0.346819927250309 0.366122147603197 0.391634276983623 0.417981565679123 0.440317739144808 0.452923296138792 0.447436911021114 0.430433222897894 0.414693031398739 0.406939103516875 0.423227729198016 0.444306212945386 0.469070885377417 0.479150071713739 0.488276814099321 0.501338712478761 0.503978008365705 0.496965053258558 0.508293723227236 0.528714546004599 0.579204731367936 0.60239117227756 0.595189519656248 0.643562516552227 0.699702571102663 -9999 -9999 -9999 -9999 -9999 -9999 -9999 -9999 -9999 -9999 -9999 -9999 -9999 -9999 -9999 -9999 -9999
0.260168297613568 0.251125320581197 0.260115636894111 0.268192122169912 0.275060954313021 0.285091499995282 0.295935320614038 0.303321721569406 0.307704065847461 0.307284327957598 0.313010971042823 0.321532648505854 0.339270139222608 0.353543543773022 0.361059909601427 0.378490834014247 0.401099192854067 0.423409676003105 0.443635139435997 0.458847874718511 0.444488644127562 0.411303944754313 0.399347763766361 0.394995160833512 0.408872785713718 0.439247387271539 0.482317765597539 0.487387294476785 0.488525949282192 0.494024521713999 0.495396965201512 0.492948248644498 0.526842992962272 0.565424356813482 0.59105526528472 0.605094672214298 0.606233151448442 0.619460447039248 -9999 -9999 -9999 -9999 -9999 -9999 -9999 -9999 -9999 -9999 -9999 -9999 -9999 -9999 -9999 -9999 -9999 -9999
0.263475814281792 0.2497894309691 0.258661449525147 0.264288283458683 0.265626515652534 0.278947605491775 0.296125085975557 0.311012117087035 0.321152474956085 0.323705121479165 0.330009055324813 0.338156111234084 0.358361305290341 0.374580372447225 0.38302410939679 0.386822525152526 0.388195129847827 0.414640381932536 0.438401675815376 0.454133262511247 0.455505837723711 0.447737487926919 0.422855068710576 0.405289092086487 0.414001259989965 0.441168800805083 0.482539264933876 0.491622669048208 0.499682615067067 0.520645638975878 0.542075742800412 0.563938403904579 0.58267695771927 0.600067477839665 0.613428018639127 0.627424324806202 0.642128215146852 0.639967641378194 -9999 -9999 -9999 -9999 -9999 -9999 -9999 -9999 -9999 -9999 -9999 -9999 -9999 -9999 -9999 -9999 -9999 -9999
0.269718011385042 0.255784099871428 0.261887278245182 0.265632817864263 0.266262672294063 0.277057942854086 0.29185286456399 0.314876294356724 0.330745950001026 0.3351800653205 0.341628652494272 0.349163938555017 0.367718147311841 0.382301683686686 0.389140035401246 0.388199801302733 0.383197548947018 0.415242367193585 0.443252252187289 0.459230679404869 0.468227524813446 0.472779905793826 0.449494038016498 0.431101185957912 0.434097235795049 0.456473878603651 0.493765477455956 0.504201786966737 0.515173610696671 0.54238497358808 0.571730942104796 0.603053744073973 0.615300019918953 0.624061061760743 0.634040778536452 0.648750659026582 0.668725042984877 0.675494826678953 -9999 -9999 -9999 -9999 -9999 -9999 -9999 -9999 -9999 -9999 -9999 -9999 -9999 -9999 -9999 -9999 -9999 -9999
0.279604944026057 0.270882978830266 0.270925467572971 0.27349558566452 0.279406036243637 0.28045183677751 0.282039064734953 0.313988487915656 0.335551777638105 0.340512495694663 0.346568420785432 0.353197409931828 0.364985415162336 0.373485746434309 0.375573148241934 0.380940020024509 0.38801944820645 0.427483042107732 0.46062673354265 0.476514176504969 0.483066112924439 0.483675079987683 0.480022387663544 0.476186110390805 0.472782146900426 0.488400840062899 0.518659027911087 0.527143443011136 0.536047640822615 0.558061362981931 0.580243655144087 0.602582058026061 0.619096229148682 0.634828419792118 0.652467709059409 0.668830918859869 0.683773897737178 0.682907781490228 -9999 -9999 -9999 -9999 -9999 -9999 -9999 -9999 -9999 -9999 -9999 -9999 -9999 -9999 -9999 -9999 -9999 -9999
0.282474620198788 0.275922679192998 0.274257426739656 0.278180543124624 0.2894888443634 0.289049547811287 0.286591831421876 0.310996340743837 0.329365933532889 0.338088516235078 0.347009224807779 0.355937491656525 0.361293721896323 0.365891982958169 0.369011751038148 0.375540965790752 0.383850611455088 0.426657941446445 0.460107058205159 0.468837505086329 0.476445236858171 0.483338249888199 0.503405383677436 0.52092768806108 0.527629299396202 0.535607045773263 0.544566882743958 0.554169446500719 0.564569964296684 0.577801532569599 0.591841531696747 0.606630209239102 0.620436158412826 0.635699049015662 0.65992976991645 0.677876274050028 0.688828669107673 0.691158009610696 -9999 -9999 -9999 -9999 -9999 -9999 -9999 -9999 -9999 -9999 -9999 -9999 -9999 -9999 -9999 -9999 -9999 -9999
0.283888681972449 0.278106424544712 0.276081848096141 0.281864236313918 0.297963745479917 0.299184490292469 0.296470734097949 0.308528508842968 0.320883354664999 0.333713078252254 0.345993942627588 0.357784585048162 0.357472352877362 0.359188079332379 0.364859537343505 0.370877811745121 0.377077195482538 0.421144094870488 0.453298823995045 0.454363384241924 0.465435791908488 0.48287918011735 0.526175685800911 0.565052636999139 0.584445437925293 0.58569347478689 0.572977627321278 0.585702637490582 0.599256191395783 0.602730426255433 0.60714262814772 0.612423470404035 0.622527899812787 0.63649000640979 0.666340381798429 0.685515091571374 0.692808166362544 0.703513463569554 -9999 -9999 -9999 -9999 -9999 -9999 -9999 -9999 -9999 -9999 -9999 -9999 -9999 -9999 -9999 -9999 -9999 -9999
0.29325493708856 0.283087436751107 0.280751482507183 0.285324292664504 0.29902722713732 0.308540847365783 0.316300206233882 0.319188511239631 0.324670261440372 0.334297718018225 0.344230983657884 0.354112583802727 0.35551194812783 0.35821416857851 0.363457737271412 0.368018553656044 0.372222833208919 0.408315342068129 0.437958315586839 0.450062958496681 0.479447606344744 0.519832679220836 0.566765252002829 0.603468409366335 0.607475705066357 0.61523131130326 0.625871549964881 0.653529767966551 0.676455526264942 0.671644620155416 0.65319815443651 0.622123955491731 0.641506244912326 0.67055934944586 0.698851648016816 0.715526070907812 0.719270212628329 0.717134032331306 -9999 -9999 -9999 -9999 -9999 -9999 -9999 -9999 -9999 -9999 -9999 -9999 -9999 -9999 -9999 -9999 -9999 -9999
0.300347962769428 0.288052992128406 0.287312592304814 0.291681055840168 0.302801024401464 0.316026911102589 0.328778761912082 0.325039100548836 0.325865598171823 0.333991249239301 0.341141036095563 0.347842290160864 0.352857040397972 0.357916213210378 0.363062036598723 0.366309229799457 0.368564948370859 0.396207637746043 0.422934726059511 0.445879705135118 0.490383163569898 0.548610717382933 0.598154488632731 0.635804689264238 0.639232390477646 0.64963015161156 0.665391945594695 0.696015866567398 0.719384016534242 0.706127930963588 0.679258593702255 0.639782182319201 0.669583967593124 0.71066421995201 0.739817593897198 0.75519439914144 0.755238374893029 0.76549362682905 -9999 -9999 -9999 -9999 -9999 -9999 -9999 -9999 -9999 -9999 -9999 -9999 -9999 -9999 -9999 -9999 -9999 -9999
0.304032869095928 0.292995373989832 0.29670948003731 0.302380681395416 0.310638238640848 0.320708953907905 0.33023652036518 0.323679219338698 0.323175546174813 0.332348793766024 0.336061612488544 0.337676529362324 0.349160905147383 0.358631678043966 0.364174721653564 0.366323934786259 0.366700871866428 0.385180959053378 0.408386274393299 0.441872121445266 0.496706669069152 0.565131767212372 0.615750211596643 0.659026343234765 0.684072082179451 0.691316809351788 0.684862197783098 0.700509644703664 0.710932242690933 0.688991041349423 0.675341573579593 0.669370983869978 0.711303852550461 0.759817802244882 0.793459144335707 0.80934142326829 0.805458498450548 0.791653344640975 -9999 -9999 -9999 -9999 -9999 -9999 -9999 -9999 -9999 -9999 -9999 -9999 -9999 -9999 -9999 -9999 -9999 -9999
0.309600818889105 0.300841931937921 0.303988159655037 0.310722567752069 0.322198856022226 0.329512419195522 0.334544391184025 0.327214495741963 0.32352157772187 0.325642486236757 0.326764345021439 0.327605825235245 0.335102743573103 0.338572794605206 0.334188047284495 0.341734703667173 0.355512001562574 0.384603990807455 0.418511097330442 0.463088387401521 0.518452445966688 0.580683345052915 0.627766317172397 0.667535245012194 0.688541196456448 0.693517340027995 0.686157231547682 0.700540425122472 0.714325399965052 0.714308262808642 0.709540128705207 0.700372151564697 0.741385780115472 0.788297539573764 0.814209981361896 0.825245683547306 0.81972410527438 0.818571729896855 -9999 -9999 -9999 -9999 -9999 -9999 -9999 -9999 -9999 -9999 -9999 -9999 -9999 -9999 -9999 -9999 -9999 -9999
0.316194315447232 0.310089864625215 0.310692324565245 0.318269876772607 0.33506520741533 0.339754734742147 0.339830641650619 0.332195565380748 0.324564483674078 0.316939787406426 0.315972781694332 0.317774622375756 0.317431846726373 0.311001262231539 0.292695811429798 0.307921071977559 0.340656245631857 0.387474704783361 0.437113111705789 0.492683617072227 0.545032971971618 0.59533174735188 0.636879562036033 0.669547889974694 0.677194187556456 0.681109671160801 0.682153987378145 0.70061811012566 0.723637071239712 0.75558967955912 0.757739608555216 0.732289622718904 0.766563150876371 0.807437493589418 0.821040447292446 0.822860215789551 0.811565719511104 -9999 -9999 -9999 -9999 -9999 -9999 -9999 -9999 -9999 -9999 -9999 -9999 -9999 -9999 -9999 -9999 -9999 -9999 -9999
0.330421204482644 0.326306849135913 0.324238777662548 0.329301057947185 0.343786296402463 0.345236498925833 0.341381538939266 0.324510556261292 0.312427390755514 0.307997706503764 0.309472774235266 0.313330419289198 0.311857834870869 0.300498213519363 0.269852960057277 0.285614105666977 0.325608915956931 0.372934217017292 0.423575781520968 0.481765404287134 0.539162228188931 0.596054357531844 0.626995723577041 0.652325766224929 0.666595529087012 0.692384470243037 0.727038363991931 0.748612479321434 0.766778069082333 0.778281459664847 0.780408276458199 0.773851557278388 0.782761515536293 0.793915287861058 0.800914489625489 0.805897584095011 0.808636823068815 -9999 -9999 -9999 -9999 -9999 -9999 -9999 -9999 -9999 -9999 -9999 -9999 -9999 -9999 -9999 -9999 -9999 -9999 -9999
0.341551250202344 0.338675860103135 0.335288038071065 0.338178670915977 0.349366456508745 0.348352181972075 0.342147760984588 0.320630068090316 0.306556718289117 0.304383392708191 0.306111807822192 0.309334604762987 0.305286255844257 0.290415326079334 0.254433894341235 0.265916522709857 0.302185131891396 0.357698545547022 0.415134749820232 0.47601843788981 0.535583228073193 0.594308409855501 0.627524527040483 0.654835550244656 0.670088294779844 0.706361546782371 0.75881180355216 0.781435686259426 0.795808291777572 0.793087913256242 0.793025135464531 0.795423530810988 0.791802440160947 0.7879299342068 0.789058225909464 0.789766594540083 0.790007603772041 -9999 -9999 -9999 -9999 -9999 -9999 -9999 -9999 -9999 -9999 -9999 -9999 -9999 -9999 -9999 -9999 -9999 -9999 -9999
0.347035013326868 0.344029099256847 0.341784321729366 0.343129816369879 0.349219955539644 0.347153935838451 0.341483333262527 0.323686127307904 0.312111222083209 0.310482866670392 0.308474060512138 0.306156309325106 0.296895874385126 0.281098492661493 0.252550157174051 0.250976466792629 0.263489077383557 0.341195388689434 0.415985483474404 0.479699884717818 0.536182622231925 0.588061693545324 0.647038055548995 0.693321299481376 0.699273081307262 0.725265518426779 0.766680883690532 0.786598252773628 0.799111212185702 0.793517539441074 0.787315153931252 0.780549046606537 0.78779364771011 0.795686056097182 0.792279582938954 0.790365031064073 0.790110934354089 -9999 -9999 -9999 -9999 -9999 -9999 -9999 -9999 -9999 -9999 -9999 -9999 -9999 -9999 -9999 -9999 -9999 -9999 -9999
0.341855317957866 0.338454297831399 0.338759259186849 0.342439491854659 0.350580239441002 0.348272038505596 0.342007776226835 0.329452732182152 0.320546754587085 0.317473928230337 0.313140877843875 0.30825977161261 0.30266215356245 0.295265955329835 0.284361450619288 0.274827495362858 0.26600924821055 0.34402344457728 0.420323004557536 0.487105756624651 0.548958268254902 0.607672196274223 0.673720139351303 0.723644392878009 0.722728094080751 0.736457522257938 0.761458038702319 0.776147227349899 0.786115715604292 0.78275626116273 0.78107248043442 0.780940521650401 0.789262325212192 0.797041859576946 0.792926124802483 0.790758238708991 -9999 -9999 -9999 -9999 -9999 -9999 -9999 -9999 -9999 -9999 -9999 -9999 -9999 -9999 -9999 -9999 -9999 -9999 -9999 -9999
0.331476279747162 0.327551147297302 0.331091730671155 0.338998470975926 0.352675209104484 0.350519558196633 0.343111894752935 0.336540958570245 0.330387033591174 0.32489971456526 0.31893136641987 0.312938539954691 0.315331008689898 0.320884009457057 0.332601936931168 0.317592476434907 0.288625833937708 0.356277110615004 0.426360631030519 0.496327602484474 0.567670872536546 0.63989029219615 0.703897503477041 0.749987497396064 0.743389354886234 0.743889285950347 0.749851766870713 0.758083248068375 0.765173354714545 0.766538465278199 0.774570074304951 0.788775450053004 0.793401735123242 0.795276963545095 0.792317225308972 -9999 -9999 -9999 -9999 -9999 -9999 -9999 -9999 -9999 -9999 -9999 -9999 -9999 -9999 -9999 -9999 -9999 -9999 -9999 -9999 -9999
