layers/veg_krg/veg_4400.asc
NCOLS 255 
NROWS 330 
XLLCORNER -2985163.8955 
YLLCORNER -3022031.214 
CELLSIZE 25000 
NODATA_value -9999 
[rows 125 to 149 of 330, columns 171 to 227 of 255]
0.285664729751615 0.293666995435617 0.304425781608913 0.313169565258254 0.280847116687858 0.254087555508651 0.236220450502162 0.236078529268886 0.243466118452789 0.252542858667333 0.261584512351012 0.270557726326128 0.276464050081973 0.280768827700399 0.305325673594888 0.325723852435731 0.334832471127645 0.337432103598344 0.335888125277788 0.301534990433421 0.283150291406361 0.321061493931668 0.307117280732722 0.253266071535561 0.273409120095621 0.305716273692204 0.347443945862983 0.388901070188335 0.430107643299453 0.462919796436167 0.489598097885787 0.491780258084004 0.507592154232402 0.538573460260028 0.557712067181126 0.574046606432098 0.592983674479095 0.604520670752132 0.606141575299293 0.599615674596739 -9999 -9999 -9999 -9999 -9999 -9999 -9999 -9999 -9999 -9999 -9999 -9999 -9999 -9999 -9999 -9999 -9999
0.261417145542452 0.27121884872709 0.295917468625274 0.321450764508703 0.288826420474882 0.260366043434983 0.23856190287701 0.239651606156922 0.250332526968435 0.2569185626521 0.263830090017686 0.271376520729444 0.28242731437416 0.295308104698945 0.315105639583349 0.331639401726743 0.339869134374582 0.343616138454756 0.344509444303598 0.311570559624859 0.291245110269734 0.317229925192603 0.304899707179312 0.263082928414378 0.284504004014704 0.312535183809245 0.333583653134602 0.37230620093094 0.42739650731866 0.453679187601244 0.471627241917744 0.474701584926611 0.492879918501789 0.527868454750727 0.552721666614502 0.575188668616817 0.599993729339044 0.614234750649564 0.614319965502787 0.614341663096421 -9999 -9999 -9999 -9999 -9999 -9999 -9999 -9999 -9999 -9999 -9999 -9999 -9999 -9999 -9999 -9999 -9999
0.246859562839415 0.250636768960464 0.285878029435173 0.325915739881928 0.285492382881066 0.253529560092866 0.235091176034636 0.244289279342782 0.264800227614423 0.267933086171057 0.27095904586605 0.273776488880811 0.284037266793106 0.298184993178406 0.311807225519466 0.324258635786449 0.3339173908719 0.343913953387004 0.354125563601288 0.328487312873839 0.30711715764135 0.30709600582264 0.298903026643428 0.284421155991284 0.312675940925391 0.335710872850697 0.315558007573092 0.343558266473061 0.416152573840876 0.42233617318072 0.421317945231769 0.451376008590002 0.482932956885167 0.516158110643242 0.54589343265392 0.57432966065895 0.599680938436019 0.614234750649564 0.614319965502787 -9999 -9999 -9999 -9999 -9999 -9999 -9999 -9999 -9999 -9999 -9999 -9999 -9999 -9999 -9999 -9999 -9999 -9999
0.259727089845418 0.272870576206349 0.293416295456942 0.312785801999478 0.281033039398705 0.256788808760579 0.244547210335539 0.251818952269379 0.267154363533037 0.273781744074936 0.280496671627323 0.2873823681824 0.298188234552353 0.31104123413418 0.327208942932907 0.341447153828384 0.350824109250788 0.359936274278891 0.368879874142164 0.350925632491551 0.332750387254808 0.320161215378398 0.325246397335905 0.343933444361312 0.368465987548013 0.385786679523112 0.371395944519761 0.390591490317966 0.440890900289053 0.439346722415868 0.433046829159331 0.455721248829253 0.479756541679533 0.505306437831149 0.547937262828267 0.589899172773294 0.589707537244156 -9999 -9999 -9999 -9999 -9999 -9999 -9999 -9999 -9999 -9999 -9999 -9999 -9999 -9999 -9999 -9999 -9999 -9999 -9999 -9999
0.276911864882381 0.298189611604689 0.300919473447377 0.296332828017713 0.276470929536256 0.261534368381686 0.254471118914953 0.258336409588819 0.266874808319203 0.277896355539393 0.289171707158351 0.300942129069429 0.312222397852676 0.323246706105061 0.343069848108963 0.359683328068997 0.368006750892652 0.375137230842754 0.381508285162473 0.367560735317915 0.352320394492227 0.33786897382763 0.357279515741467 0.402749615490019 0.42121609436155 0.433065155695469 0.432826168725066 0.44492831616402 0.468459444700225 0.462603904237709 0.454863486998494 0.4679588169946 0.482787804099932 0.49954628972057 0.553153054179566 0.610000739352161 0.61407262887205 -9999 -9999 -9999 -9999 -9999 -9999 -9999 -9999 -9999 -9999 -9999 -9999 -9999 -9999 -9999 -9999 -9999 -9999 -9999 -9999
0.29267210160443 0.303926353780113 0.294200972629417 0.278166153457888 0.272320527122528 0.265266552906372 0.256280995356639 0.257734004581118 0.263772686207518 0.27790584990506 0.291823981707491 0.305322672776649 0.315674084765358 0.324381971132248 0.346159111840236 0.363249803815977 0.368222374326727 0.373863960311666 0.379931440536377 0.352218917142945 0.335288633002295 0.359076253788038 0.390476713311687 0.427735876710437 0.437444972833418 0.445548759108578 0.46175561699979 0.47335883450613 0.480698674174421 0.476865733298613 0.474985841720733 0.495554933747744 0.50988823951069 0.517281337619972 0.566339767507042 0.619600618856257 0.61756823674334 -9999 -9999 -9999 -9999 -9999 -9999 -9999 -9999 -9999 -9999 -9999 -9999 -9999 -9999 -9999 -9999 -9999 -9999 -9999 -9999
0.300194089544386 0.301841535564641 0.284192648275047 0.261938644924163 0.265792184003791 0.264870594748069 0.256315807756142 0.25997045425328 0.26884773007964 0.280583747861128 0.292446229849627 0.304555392637243 0.316683819301385 0.328822305662756 0.353792374391594 0.373211256637274 0.378440117113623 0.383391507498698 0.388166260843016 0.358355318811602 0.343220980051812 0.38085936160556 0.413238591125387 0.441570471757151 0.449342958560901 0.458072872887595 0.48140921566186 0.491522871921721 0.489391151928858 0.482907001929466 0.48214131723944 0.517098171095704 0.536911687935817 0.53987121090716 0.575926219619352 0.615388837867119 0.611497766413538 -9999 -9999 -9999 -9999 -9999 -9999 -9999 -9999 -9999 -9999 -9999 -9999 -9999 -9999 -9999 -9999 -9999 -9999 -9999 -9999
0.299208484412056 0.291679436029298 0.270786941701747 0.247713702213107 0.256808154925167 0.260211526914378 0.254517521526604 0.265138573148653 0.282367287162627 0.286017291161278 0.290972081165982 0.298471983833442 0.315171763385098 0.33667576683627 0.366118198906639 0.389776766230094 0.398986992166977 0.404072998251193 0.406533532210222 0.386672157024473 0.376933621249238 0.403237123604764 0.425223973057996 0.44388880401631 0.456768455767641 0.470638821493098 0.491483696723632 0.49908477236409 0.49442091917791 0.480458944149466 0.475905969708358 0.5323906340064 0.563855632334913 0.567474635002144 0.581794702272044 0.597856482979004 0.605113703184099 -9999 -9999 -9999 -9999 -9999 -9999 -9999 -9999 -9999 -9999 -9999 -9999 -9999 -9999 -9999 -9999 -9999 -9999 -9999 -9999
0.274882504336071 0.27379349379309 0.266785210367273 0.258894191089885 0.266414105860534 0.269606066709303 0.265879652645644 0.274070486115834 0.287202836025798 0.295806735280121 0.303555126480627 0.309634765586338 0.326673522583556 0.349435188349528 0.376083216847773 0.398586402562068 0.410847259900105 0.406744764158775 0.392225382577408 0.379480168723582 0.376610278843983 0.403420646397747 0.43101166482001 0.459203458120848 0.467245147688108 0.474172099113782 0.487261459080826 0.491446252589319 0.487384630625922 0.493054963360791 0.505589983642006 0.545182871198306 0.570471418978587 0.579839746887603 0.587301726857753 0.593500107851499 -9999 -9999 -9999 -9999 -9999 -9999 -9999 -9999 -9999 -9999 -9999 -9999 -9999 -9999 -9999 -9999 -9999 -9999 -9999 -9999 -9999
0.248877612341475 0.255884752826313 0.264799361762025 0.27409354821048 0.279750302810415 0.282478542026615 0.2805254542862 0.284976341813439 0.292313866080099 0.308056341401802 0.320368419581958 0.325989172776457 0.340810477711756 0.360436358960227 0.383589815451378 0.404370403878946 0.41920669111855 0.40707435586526 0.377773836291251 0.370530036064294 0.373184091387625 0.400867004933861 0.435605121843723 0.475772796466439 0.478079228655173 0.477299738470319 0.484162250429321 0.487334226765392 0.487088440967599 0.514043654456195 0.543816305317196 0.560140348069947 0.575622019519962 0.590166161761165 0.599694418512752 -9999 -9999 -9999 -9999 -9999 -9999 -9999 -9999 -9999 -9999 -9999 -9999 -9999 -9999 -9999 -9999 -9999 -9999 -9999 -9999 -9999 -9999
0.248733638411834 0.250163187126767 0.2615179122949 0.276071269543233 0.288789735338304 0.296584568748325 0.296508815875406 0.303313756414975 0.313178194092942 0.330103338162083 0.343534091354116 0.350148693523153 0.352102016274966 0.351621194498493 0.378122791847036 0.401938213801751 0.417600265976298 0.420228670391232 0.414559874340427 0.406345939556717 0.403010624047079 0.415134246709833 0.441967485481479 0.480120980449979 0.486472032368991 0.492098217644438 0.511558564894123 0.531533599429396 0.551985279876048 0.568161079420183 0.582832548877636 0.593842169723377 0.603275948741146 0.610955872021672 0.609944844202525 -9999 -9999 -9999 -9999 -9999 -9999 -9999 -9999 -9999 -9999 -9999 -9999 -9999 -9999 -9999 -9999 -9999 -9999 -9999 -9999 -9999 -9999
0.251999430120301 0.251573085208406 0.260705630761423 0.27357977112522 0.293920258705694 0.307191564424614 0.309162553336763 0.31777586408219 0.329239224109851 0.342669035423552 0.35315577195973 0.35790175342269 0.355301786503969 0.348865726860952 0.379842177387756 0.40591790855717 0.417850388525003 0.426252197429311 0.432406386470557 0.426250281074675 0.422391453150725 0.42839792620768 0.453901962439374 0.49441097288103 0.502355617917843 0.51008636647035 0.534080831897098 0.56080761308277 0.590064760126606 0.60183601856426 0.610370970678066 0.619796189048191 0.626441396125846 0.629992549810354 0.633837910947552 -9999 -9999 -9999 -9999 -9999 -9999 -9999 -9999 -9999 -9999 -9999 -9999 -9999 -9999 -9999 -9999 -9999 -9999 -9999 -9999 -9999 -9999
0.259499990919242 0.261839927020395 0.262959940059802 0.265537711270504 0.294196100125049 0.313452927558844 0.31768105370677 0.327425022191185 0.339334783169402 0.34345940314144 0.345956450408268 0.345278757999495 0.348451959761847 0.353636118632028 0.390486746225211 0.417860863718927 0.420406256280592 0.423419620661609 0.42673089519557 0.426393208471506 0.42879920807824 0.44041522839787 0.472756742949229 0.521048225383688 0.527542403376968 0.532035935488686 0.550549760422445 0.571545030468039 0.594838337982177 0.610122348557281 0.623654475873074 0.636127801057487 0.644032359466285 0.646852043442062 0.642684895743174 -9999 -9999 -9999 -9999 -9999 -9999 -9999 -9999 -9999 -9999 -9999 -9999 -9999 -9999 -9999 -9999 -9999 -9999 -9999 -9999 -9999 -9999
0.26947782427025 0.27731241327584 0.27693257123478 0.275481540887605 0.297565654913641 0.313669361913103 0.320213194041998 0.325945530592774 0.33125785872751 0.332963442711852 0.33585729506307 0.34106898103088 0.344836284108234 0.347849322874257 0.387338222543972 0.415864170753696 0.415676642955133 0.420651724606598 0.42891331563159 0.446113700290148 0.463778378504531 0.480777707304927 0.500554506745065 0.522468797672972 0.537956540146974 0.553009919851397 0.569715631651274 0.586406545105187 0.603083753982948 0.615271867811183 0.62762302951988 0.645611097991351 0.655772360762247 0.657222668005387 0.657816300600738 -9999 -9999 -9999 -9999 -9999 -9999 -9999 -9999 -9999 -9999 -9999 -9999 -9999 -9999 -9999 -9999 -9999 -9999 -9999 -9999 -9999 -9999
0.279678717398334 0.293113683083234 0.293809101688567 0.291217761748301 0.302420347540137 0.312501418742532 0.320789712447857 0.321703957071958 0.3195768247226 0.321015425201286 0.326506997880431 0.339904289061568 0.342862917831949 0.340370422411865 0.380897884618742 0.41035583006078 0.410437741863715 0.420393970877669 0.436636175304892 0.473930291894326 0.508300707546946 0.52886261019904 0.532042241276965 0.521844788544803 0.548996609947731 0.577636991913117 0.592561017869647 0.603900670451839 0.611920876524341 0.619694515896201 0.629994858294348 0.654305327769701 0.667139017605298 0.66719946112964 0.677243941963757 -9999 -9999 -9999 -9999 -9999 -9999 -9999 -9999 -9999 -9999 -9999 -9999 -9999 -9999 -9999 -9999 -9999 -9999 -9999 -9999 -9999 -9999
0.283820699969337 0.294618242920305 0.30269611845483 0.309621826625203 0.313199282450172 0.316725142719289 0.320168525816599 0.325001687943145 0.330339643287015 0.331798669664839 0.335541678868091 0.343739819858125 0.348086277705843 0.350421366440842 0.385273034927809 0.413710984734841 0.424658103031112 0.44797913502234 0.479177381770818 0.524677418548553 0.560881374541295 0.565429083191659 0.573911697923629 0.58542254565805 0.618039009779377 0.646478000137269 0.647236148002709 0.636591605330713 0.615387163520811 0.626819998430288 0.646674072115999 0.677821220699001 0.694532151064335 0.695176085557538 0.692123250889673 -9999 -9999 -9999 -9999 -9999 -9999 -9999 -9999 -9999 -9999 -9999 -9999 -9999 -9999 -9999 -9999 -9999 -9999 -9999 -9999 -9999 -9999
0.290673392455585 0.299056495897697 0.310773283500616 0.322569819748019 0.319856435542318 0.318648076148764 0.319845547799365 0.325602997812131 0.333183231233979 0.335842038760439 0.33924608427981 0.344103789360004 0.348814586841344 0.353448668405035 0.380916554688899 0.4076105548257 0.431022577277015 0.470184347362451 0.519372382988837 0.571200197517194 0.611693351815208 0.617032011785728 0.627956971328688 0.643181046625875 0.673687334900577 0.697396712983932 0.686083309320729 0.665648550187767 0.636766609800047 0.65807333851131 0.687404468021509 0.707299067016388 0.717479564106704 0.716848612322477 0.719075907854289 -9999 -9999 -9999 -9999 -9999 -9999 -9999 -9999 -9999 -9999 -9999 -9999 -9999 -9999 -9999 -9999 -9999 -9999 -9999 -9999 -9999 -9999
0.301590093080649 0.307893062664407 0.317636285435573 0.327337844999736 0.32033404328359 0.317121569467631 0.319969656439261 0.322161722070241 0.324153981921048 0.329780708642034 0.334959120640593 0.339263050945101 0.342803730460651 0.345945836416165 0.363469253697628 0.387333922406919 0.425609181745328 0.484323714000219 0.556049856503429 0.611389660154618 0.659853636490636 0.691178214966125 0.70025673154717 0.692215078699463 0.709254710625812 0.721445581192939 0.701200526787692 0.6892572672791 0.685002203506809 0.725500158053005 0.764193388370103 0.745715319821378 0.733761769686399 0.729069775787318 0.725098721115405 -9999 -9999 -9999 -9999 -9999 -9999 -9999 -9999 -9999 -9999 -9999 -9999 -9999 -9999 -9999 -9999 -9999 -9999 -9999 -9999 -9999 -9999
0.309831889490048 0.319762934738164 0.327124871039718 0.332676785027263 0.324985340530617 0.319862044626878 0.318844017660204 0.318595090577505 0.318718093738354 0.321034282054964 0.320774226996178 0.31548895737604 0.322153059233532 0.335057185469574 0.363858241474712 0.398947781246833 0.448226688296729 0.509297300792487 0.577874495154025 0.629841438940007 0.674623075344495 0.701374341125644 0.709014925760498 0.701948273641453 0.718318290441586 0.734433296816135 0.73721923760752 0.733125213644422 0.722659734309351 0.759837272362036 0.797120990139294 0.784573987299386 0.764833529422811 0.737087012712975 0.731296204163675 -9999 -9999 -9999 -9999 -9999 -9999 -9999 -9999 -9999 -9999 -9999 -9999 -9999 -9999 -9999 -9999 -9999 -9999 -9999 -9999 -9999 -9999
0.317000531428231 0.33250048735849 0.337367690097881 0.338100703796398 0.330916128203148 0.323894808638237 0.317134459137043 0.314986706077084 0.314725142837543 0.311471664220651 0.303044276168716 0.284524671954134 0.295870337061224 0.322811802247681 0.370495665705152 0.421729273119643 0.480243448008061 0.537212912519083 0.59319901673841 0.638945519927815 0.675513384676044 0.686494041690933 0.693737372385901 0.698104523912116 0.718733714115068 0.744247657679297 0.78061382539925 0.78384464460743 0.756389202793712 0.781399529447674 0.812669322933404 0.822489286499676 0.829151274133023 0.832298547212075 -9999 -9999 -9999 -9999 -9999 -9999 -9999 -9999 -9999 -9999 -9999 -9999 -9999 -9999 -9999 -9999 -9999 -9999 -9999 -9999 -9999 -9999 -9999
0.323547420568079 0.336637823147773 0.340251071463862 0.339818953020396 0.327294066668686 0.317740202977967 0.312935615507157 0.31157668355303 0.311602166056391 0.308240054451438 0.2943615448907 0.25996977301745 0.272614933453919 0.309823026330338 0.357104222733551 0.40858565014854 0.469578254089741 0.530224663797207 0.590650686778688 0.62630053447704 0.655775655285879 0.672200288915104 0.702501239383162 0.743481153905852 0.765874243141552 0.785175537825983 0.80196647573504 0.805266714360758 0.796073373224388 0.808605654549216 0.823820317714447 0.830644658493348 0.833878004105389 0.833114700203488 -9999 -9999 -9999 -9999 -9999 -9999 -9999 -9999 -9999 -9999 -9999 -9999 -9999 -9999 -9999 -9999 -9999 -9999 -9999 -9999 -9999 -9999 -9999
0.33098375616903 0.342226483167119 0.344774186867431 0.343377738915396 0.327636783811467 0.316594366672873 0.313062715076422 0.311156708198439 0.309842024389209 0.304030373000967 0.286514844629998 0.246169760014634 0.255003049243969 0.289517542900073 0.344013887548271 0.401526757746019 0.465080648653837 0.526485690803235 0.586522779080624 0.624379412137007 0.655972161991475 0.673638674367589 0.715458321926303 0.775865788242502 0.798646293117221 0.813742763407297 0.818098212415367 0.820288706607641 0.820474261314986 0.825652188149753 0.831593063961587 0.836403425558971 0.839111293778518 0.839479161873824 -9999 -9999 -9999 -9999 -9999 -9999 -9999 -9999 -9999 -9999 -9999 -9999 -9999 -9999 -9999 -9999 -9999 -9999 -9999 -9999 -9999 -9999 -9999
0.340041764409078 0.350461252758295 0.352286927774552 0.350292261317483 0.335208236333101 0.324580709283612 0.321077038926353 0.316188300640655 0.310566655569614 0.298037434037044 0.280192427938354 0.251978464363908 0.247680644384544 0.255871959867542 0.331472543538799 0.40556177769335 0.471828025269754 0.528670920979736 0.579514925133269 0.642010445157258 0.692513526618879 0.70376049298338 0.736060634641216 0.784562921638096 0.805221185241158 0.819773573154018 0.82471098061763 0.82364183396585 0.817010087380602 0.824175367864348 0.833206458909812 0.837792611307999 0.840024726440218 0.839636882074398 -9999 -9999 -9999 -9999 -9999 -9999 -9999 -9999 -9999 -9999 -9999 -9999 -9999 -9999 -9999 -9999 -9999 -9999 -9999 -9999 -9999 -9999 -9999
0.343820164158305 0.355944705570579 0.35933252590729 0.359061750919056 0.348630790560613 0.339894197588504 0.333866105915079 0.325655371897482 0.316481680898252 0.305422346040777 0.294812777496997 0.285080522117946 0.273524337905741 0.261015688502798 0.335949511098765 0.410679609565082 0.47950096068864 0.542445023479654 0.601647613400642 0.672178170127258 0.726397045704784 0.728273047417073 0.746617532781872 0.777635867194805 0.796115792552185 0.81066963357994 0.816221460454345 0.820079952508176 0.822370266871554 0.830160824930172 0.837920395364669 0.839691833224811 0.84062490489073 -9999 -9999 -9999 -9999 -9999 -9999 -9999 -9999 -9999 -9999 -9999 -9999 -9999 -9999 -9999 -9999 -9999 -9999 -9999 -9999 -9999 -9999 -9999 -9999
0.345024305787579 0.360086657479729 0.36615035221145 0.368735694777763 0.3649062544505 0.358780292523611 0.348983266230631 0.33728511627188 0.324927464767995 0.319330098050709 0.319644506586488 0.331490410697904 0.315539324849905 0.285072505239524 0.348724352794981 0.416325404332854 0.487625184733981 0.561869686761021 0.637988794124698 0.708458598549624 0.75898463906463 0.750050608547225 0.752276437050251 0.763090692490924 0.779364927557268 0.794186216644947 0.800368290406327 0.81314641619678 0.832033069085003 0.839784776800704 0.844146109475685 0.841839741147162 -9999 -9999 -9999 -9999 -9999 -9999 -9999 -9999 -9999 -9999 -9999 -9999 -9999 -9999 -9999 -9999 -9999 -9999 -9999 -9999 -9999 -9999 -9999 -9999 -9999
