layers/veg_krg/veg_3100.asc
NCOLS 255 
NROWS 330 
XLLCORNER -2985163.8955 
YLLCORNER -3022031.214 
CELLSIZE 25000 
NODATA_value -9999 
[rows 175 to 199 of 330, columns 114 to 170 of 255]
0.425881031804926 0.441174351962818 0.456484980086708 0.469868611123693 0.47758551893184 0.484952286498285 0.492056960141663 0.499350026587168 0.50596466423029 0.509906688384428 0.519356771038212 0.533770637470953 0.527068178695345 0.514867862397674 0.494417981508536 0.488670666124892 0.498846707498137 0.509782017739873 0.520231732694595 0.525523318867438 0.536156330124586 0.553751064095975 0.567962853558221 0.58089659243952 0.591665416467423 0.605155767598392 0.622934629362895 0.623483317737469 0.616734893411938 0.604726516794034 0.598079859915366 0.601734615626247 0.59042186387159 0.571410320314797 0.545487613913404 0.517618212301315 0.485490353475593 0.465032221313826 0.451897325739091 0.403839280910552 0.359361437482336 0.333167293202941 0.305275479988552 0.276095139430575 0.3024424674719 0.338186695881053 0.382835364532004 0.423062088887547 0.459249119317824 0.515986553587939 0.576292081478507 0.634856018916854 0.674600476685809 0.693683184470097 0.691872890421855 0.685477542779051 -9999
0.41873986487584 0.425466715245446 0.451540306722605 0.472577442014475 0.474915594095509 0.479544826556589 0.485889023975582 0.492737260675743 0.498736407349468 0.501264273325393 0.510588896065452 0.526038659084519 0.503344599800203 0.478704201899746 0.480453400158364 0.485686602564961 0.49469309480795 0.513478460887243 0.531658964220689 0.526405694825658 0.531325203856415 0.549503358569926 0.567799713917807 0.585974588150819 0.60202481500261 0.619375893025141 0.638776818014869 0.639215952387622 0.631516104867762 0.613668211725783 0.603468965165703 0.607964978340144 0.603937308913822 0.595525338502058 0.555966585654248 0.516940683504175 0.480814396063801 0.461590023246429 0.452972301563428 0.402976134594392 0.355417088718662 0.324120571967482 0.291143374221579 0.256890542944949 0.298396617651046 0.351774154709343 0.413609600254937 0.466055385852339 0.509923190878518 0.566471584183984 0.622168877276014 0.660601046053242 0.691355801300797 0.713681588178042 0.718265154922955 -9999 -9999
0.418157440304754 0.423485769715986 0.447237342867896 0.465182842831117 0.462353575864568 0.465907212766711 0.474238707556286 0.487970316381055 0.498775109171636 0.495889079301371 0.500337186017109 0.511394712044676 0.483059512396764 0.456055176452294 0.473581222263475 0.485451615460934 0.491196752883971 0.504540842709998 0.518397698912416 0.521525194077469 0.531229741718056 0.549506461557822 0.566344248362926 0.582921778684088 0.602331267229521 0.623074028382195 0.645917725346645 0.648962920807811 0.643680662722545 0.634659009256533 0.629998057128808 0.633715272053858 0.626590179211134 0.613888161128788 0.57852936292288 0.541860607881088 0.503271313244675 0.468619924811863 0.436439735543944 0.408420943224029 0.379550591300965 0.347229980460438 0.322533367642827 0.303623354154155 0.341543215461128 0.382741863077869 0.408406310937392 0.454491176529059 0.519231238105357 0.563982038186338 0.606204205361636 0.655116481409729 0.691355801300797 0.713681588178042 -9999 -9999 -9999
0.40902112148255 0.410015953343871 0.432893892734478 0.450500035628048 0.448204607022543 0.45303689801473 0.463204571146424 0.478786668198465 0.49089817321234 0.487241083796858 0.482775140034444 0.477580268268252 0.458286317626588 0.443533124858232 0.465735952916718 0.47911297652723 0.482931366793169 0.494923338424403 0.508206028461365 0.515574250940552 0.527558215072018 0.545558085632309 0.562924048863598 0.580350010770713 0.601336632694951 0.623805408384474 0.648609722888143 0.658479491312677 0.662029043382949 0.661207466490296 0.661637039429481 0.664470432645729 0.655264154506109 0.639865066818981 0.607687768578519 0.572272969497824 0.530053381968211 0.483068249792967 0.433092541067733 0.419692072235533 0.403855608376385 0.372801195809204 0.353577738167848 0.343333951773612 0.372650609891914 0.401598022261708 0.409420605651293 0.457992835906663 0.543792152236235 0.572632213165439 0.587810525192928 -9999 -9999 -9999 -9999 -9999 -9999
0.386877219542615 0.379075446076183 0.403282255272735 0.424734326437579 0.431642422471815 0.441333385857985 0.453107436346926 0.462886705640027 0.470984226582871 0.47361626299669 0.454096542982445 0.414613975943235 0.426688227913793 0.446410778972694 0.456410940242565 0.463492745354318 0.467413875804769 0.484271957075879 0.502682174687832 0.507995526592483 0.518448702527113 0.535600845335181 0.556516152844255 0.578509744534199 0.598363484784309 0.620025355846871 0.644536431757435 0.667645704431102 0.689780929250228 0.696207246408758 0.70104643849439 0.702836304803538 0.693094196198262 0.677420420337229 0.646875896596747 0.611037472468958 0.563412544882569 0.50879749038385 0.44979584186914 0.439823066053965 0.428421441047559 0.402115987633977 0.384096533040645 0.37236613506416 0.3854504435755 0.402036607171267 0.419889744989903 0.484404591389551 0.591547523559758 0.598222140058639 -9999 -9999 -9999 -9999 -9999 -9999 -9999
0.369541414043699 0.364542420642876 0.391282234621302 0.414007411569015 0.41854025210782 0.426338202440945 0.436580217561046 0.443695671826442 0.447783688371407 0.441814137438694 0.425400248363716 0.399574070683626 0.414816237969577 0.434861865115741 0.440497742059389 0.446131680275264 0.451763518785888 0.467952484904956 0.485859710864376 0.496517025017975 0.508972056200206 0.523770133905505 0.545031424483654 0.568186987195429 0.588227921489894 0.609949888386655 0.634320782123845 0.658105460432909 0.681354737637298 0.692889832827899 0.703520127898322 0.712412040546251 0.713901303085363 0.711582886750549 0.677019243492416 0.637467674473147 0.587767821743107 0.537038757131628 0.48566381945705 0.469773367412229 0.454206759912114 0.431917093313042 0.414893208473719 0.40186604151204 0.408741954362833 0.41922588642833 0.433834104168307 0.505672125071636 0.629792778396021 0.651902488564162 -9999 -9999 -9999 -9999 -9999 -9999 -9999
0.354420684743113 0.356716512035197 0.386323692385606 0.40922070393764 0.406895408288443 0.410067594511735 0.417354864976592 0.422702089405046 0.422694130869824 0.403204222471751 0.397103078079199 0.403067696894343 0.410048452355903 0.416783074643947 0.421273748076777 0.427461893686702 0.435488456887809 0.44888021524359 0.464076231242227 0.482674313391927 0.498460539239495 0.510581944635821 0.53099109607283 0.553973851945819 0.574877648569446 0.597092058599861 0.621371698671576 0.641121175054791 0.658935942758454 0.674718995790126 0.691570119373496 0.710473315046216 0.727426815855499 0.74337745798134 0.702605457891079 0.658119343881053 0.60779346488365 0.565474076847441 0.528179093343504 0.503215336513431 0.480458747615535 0.461633715421066 0.44549817944633 0.431403965750734 0.436136148935728 0.443180193675122 0.449844220200845 0.525176081452266 0.663239857958858 0.685245219850921 -9999 -9999 -9999 -9999 -9999 -9999 -9999
0.348040804596559 0.353582595516765 0.381742685530118 0.402613773133478 0.39750683506195 0.394926076739824 0.394236264621658 0.387274871998627 0.380566392361882 0.377775383272909 0.38079267023316 0.389044310770878 0.38260610360536 0.375912659836896 0.381938616381944 0.390673715896494 0.402342905382803 0.415327230432657 0.428959590363534 0.444992085889355 0.461733436140032 0.479398669055213 0.501325930539574 0.524855906297389 0.5510147322472 0.576269306004242 0.600098983003976 0.624773949225387 0.649674052867002 0.669495171195764 0.688978184225071 0.707811599297415 0.726555716761432 0.745253902483205 0.700232976753551 0.653510353412508 0.606092360520494 0.570050780106293 0.541148369484647 0.524051750506268 0.506119924555394 0.483129665453647 0.467173151572636 0.456555236318211 0.46103735144763 0.469493316272957 0.485886563311443 0.553221806840195 0.667095419017416 -9999 -9999 -9999 -9999 -9999 -9999 -9999 -9999
0.340704880426547 0.349253491475209 0.369438920190935 0.384644615150362 0.382871184429458 0.377337494748228 0.368989101398892 0.356685161004788 0.348181194853722 0.356013108829394 0.362099566724086 0.366613044487537 0.355181516769219 0.344317079321807 0.351624061285721 0.361732206107308 0.374874101433202 0.386757934941696 0.398575658453688 0.412312666380877 0.429743713275676 0.451989369489566 0.474366454120184 0.497067704949607 0.52348868647966 0.549310606127557 0.574188539860753 0.603878756590121 0.635405962385985 0.660325323055542 0.683371057218009 0.702817013580263 0.722177557722403 0.741494168637748 0.691655471704819 0.64242779346447 0.598280122112172 0.567859945348573 0.546054339732621 0.534813511967842 0.52096310455799 0.497013716297886 0.48346722668684 0.477816516450439 0.485625506021081 0.499649466941846 0.531141787259556 0.557485983714296 0.57912708051277 -9999 -9999 -9999 -9999 -9999 -9999 -9999 -9999
0.331599698060992 0.342712569495758 0.342843392752693 0.345648482401696 0.358525275194395 0.355220367711144 0.339802812773699 0.335047755194029 0.333825575572457 0.341036191109722 0.338997038830906 0.328622127691229 0.32778980018994 0.329885537470984 0.33800301473516 0.347311765775061 0.357910705069446 0.367411471200173 0.376950093234922 0.388891459702675 0.406521001763013 0.431564202276011 0.452414134821018 0.471740332752131 0.489183641384262 0.510996702151391 0.539695503088345 0.574567081714598 0.611873380726422 0.643852950840044 0.672184006299351 0.693505211072494 0.711309222083089 0.727304104715564 0.671594929119032 0.619365224672703 0.57915859905985 0.553145082611292 0.536038329732162 0.526931088516541 0.515786464059644 0.496811161617492 0.489803396197904 0.491878967565084 0.509634333056139 0.536917537923595 0.593446398606584 0.608671666097022 0.586163786499897 -9999 -9999 -9999 -9999 -9999 -9999 -9999 -9999
0.320058587088027 0.329301711504869 0.322381941117292 0.317337059577913 0.321058273231569 0.319045796638315 0.312741424422967 0.313565061422235 0.313554206279869 0.307007451873695 0.3051776829209 0.307598793997895 0.312432968889105 0.318101839739991 0.325780923363098 0.332268454808951 0.337465496482407 0.345385751301007 0.354623270240974 0.368643415220601 0.385509394684203 0.406084479911784 0.426815122684051 0.447897126348785 0.472953736751953 0.498352910524601 0.524291886620372 0.547773612480736 0.570393274284699 0.599437828966484 0.625191934944659 0.644624138371199 0.663749471583013 0.682716960885352 0.643647820134709 0.60314196473187 0.562271533868514 0.539357868609777 0.527712817145282 0.511995706693312 0.495298015591351 0.476548788242988 0.48553498708204 0.515572319208577 0.544540751456607 0.579401828025791 0.637708681006734 0.667186119248785 0.670326271489598 -9999 -9999 -9999 -9999 -9999 -9999 -9999 -9999
0.307311331417426 0.312489219792819 0.304957763637627 0.294316147396555 0.277094391034793 0.275910713038778 0.286732175774217 0.292158972976595 0.290353666367502 0.263545245075284 0.266051913165815 0.294976921796132 0.303035184590352 0.30762921620698 0.314251521573827 0.316916730817082 0.315296276223388 0.322033403602355 0.331949221000479 0.349966555027739 0.365592611107485 0.378102005670777 0.399410458601109 0.424788801377334 0.465673698204506 0.498419618624186 0.518340354672086 0.522227027237238 0.520026490382122 0.541186915996683 0.560471086393315 0.576150428476795 0.598022047634505 0.623078769728385 0.611795695126838 0.590305173540968 0.546490855577405 0.526029977841509 0.520224350638305 0.493568068029271 0.467227959050469 0.446353839718348 0.476015744159867 0.54403439008752 0.584843088277023 0.624468917564185 0.673037343872181 0.688333469770481 0.673233484622271 -9999 -9999 -9999 -9999 -9999 -9999 -9999 -9999
0.297542181216381 0.294891731184447 0.275351219840829 0.260184150273063 0.261272640383519 0.265501489622798 0.272081022804947 0.281623879899379 0.285317377301929 0.265337069213486 0.262823755459602 0.276051447933331 0.281711076302935 0.286492238907233 0.293963549326306 0.296668900855533 0.294212563857455 0.299717468991984 0.308203551824749 0.324050965258858 0.338228072040635 0.350228192048701 0.376242351148919 0.40595276060252 0.423465799755031 0.443352696285017 0.466980254664125 0.484337185091878 0.49897967395999 0.50934641678874 0.519656721875128 0.529858593753898 0.549219720186335 0.573292064838227 0.571915684574497 0.56503112312027 0.546406558199206 0.529328499885609 0.513220938490749 0.485552238101705 0.460340851986532 0.444988798784246 0.466518104974827 0.516040289556986 0.567694262727473 0.615974554014768 0.650075165043 0.688715632420065 0.731503512991143 0.738323280061009 -9999 -9999 -9999 -9999 -9999 -9999 -9999
0.277033515337529 0.271477312546644 0.248980152320061 0.233999986020304 0.244524193021512 0.25234456203689 0.258141000579134 0.270317441233893 0.277555237102127 0.262978362228383 0.256936076918013 0.258585042025088 0.260184025189962 0.262480239144858 0.268429767524694 0.271373646589256 0.271062309663428 0.276793930600645 0.285009792428881 0.300498334065914 0.314636041132012 0.327013143946017 0.352422859678383 0.380307368318354 0.384100115229111 0.396016301257028 0.420733188404386 0.446780724531267 0.472835803002741 0.476960648456042 0.481703618412904 0.487634184113774 0.507295126955672 0.534018522595203 0.537232170450841 0.538124703271122 0.534741115750006 0.520567177157955 0.499621846568039 0.474158143211528 0.451996141452629 0.440693496392322 0.454088820758984 0.486229854775971 0.540399722801608 0.592376216198708 0.624860059910433 0.671060779581663 0.729792634153167 0.739883357838558 -9999 -9999 -9999 -9999 -9999 -9999 -9999
0.231949099675596 0.234824545706541 0.230355633024216 0.226273677523917 0.224808461216208 0.231929407422292 0.245477438405653 0.256922312818287 0.263026828865161 0.24978268927016 0.243894918796765 0.244636603279264 0.238556399193022 0.232237197297486 0.231201853662649 0.234719287992898 0.243167528973581 0.25245363046306 0.263106885441494 0.282552869189185 0.299871195137303 0.314416447720609 0.326989624374667 0.339007423312311 0.352274992733061 0.367978981964222 0.387522217276357 0.410359129641522 0.434180768202912 0.442529803536044 0.449548109856196 0.454009701302336 0.480537375871112 0.518415115254687 0.514640046885021 0.507874232013779 0.496194902580339 0.483805444081472 0.470970350196001 0.454745711756531 0.43968501951215 0.42884204266071 0.434974940241183 0.453992492736385 0.491718077516876 0.53596819255194 0.596278335243113 0.661362671331732 0.730808500640819 0.741245719230547 -9999 -9999 -9999 -9999 -9999 -9999 -9999
0.210769778884951 0.213802296665649 0.214544701427577 0.213507090765057 0.20769954779247 0.216043866228883 0.234981416843906 0.241346167749406 0.243463524451626 0.235326618313213 0.230502950957601 0.228665127148663 0.219133186193802 0.209548155170699 0.207041956329547 0.209643795640058 0.21777780644719 0.227010166551632 0.237581249661996 0.256227074795551 0.272149071620463 0.284520978889368 0.293590426062206 0.302379887396504 0.321871486033597 0.341347754476097 0.360799866002268 0.379786625419165 0.398533809147974 0.415431736361279 0.427837958190336 0.431614316348001 0.45325688388052 0.484089239798787 0.483595367882933 0.479024000126378 0.466417349018301 0.457876310605916 0.451886612469028 0.431547564669055 0.410215561158268 0.389022841783881 0.385518753028609 0.395440299715889 0.437118208788687 0.488958371020731 0.564509919408685 0.644799418724467 0.729417301733649 0.742904164003191 -9999 -9999 -9999 -9999 -9999 -9999 -9999
0.204061724143142 0.202242188761254 0.200437012439519 0.197689304749756 0.192168706430097 0.202900386561242 0.22579754472281 0.224449715339497 0.220852278898694 0.220107548720822 0.216898615805619 0.21146897852128 0.201044443822845 0.191432026905079 0.190792956022337 0.191577723448737 0.193904554085271 0.200898887826975 0.209862546987942 0.224828136845323 0.236583088403381 0.244153468761274 0.255368926451407 0.268580856257518 0.292328573300498 0.315567723300063 0.338005486765174 0.352754945763591 0.364707828618065 0.392772663392545 0.412451041774385 0.416016614626196 0.425659943753388 0.438429470097855 0.447433822406589 0.451021421702124 0.441948019780698 0.438504834887821 0.438594844261075 0.406057684442773 0.370359076418138 0.332272994452638 0.317694448262867 0.32095807495089 0.378935665051347 0.447637875715889 0.530812397835792 0.624080259981143 0.726568953883419 -9999 -9999 -9999 -9999 -9999 -9999 -9999 -9999
0.199549654626082 0.195961850454649 0.190826181942606 0.185755514577439 0.181187694307031 0.186686196259594 0.199719741512173 0.211597664821399 0.218922704978411 0.209451940520295 0.202117595544792 0.196708561343224 0.187385684552582 0.178507614256542 0.175670257146794 0.177214764348903 0.183504973154715 0.1871876038724 0.190554596080743 0.196540169256224 0.202659999187952 0.208954812068007 0.222636087099286 0.239180648325416 0.261415497940556 0.28145421066486 0.298032308795823 0.309626069273956 0.319584566709614 0.347129760743679 0.370103727564486 0.384295046306962 0.393033208674514 0.398966447397185 0.416339290748088 0.426588601768028 0.419327252108725 0.416740515437186 0.41708729193592 0.38465670568225 0.345411209766646 0.292878314517017 0.262771972467531 0.249687339671941 0.309387779296964 0.382784960624464 0.473217784250573 0.518119490723737 0.521425970055671 -9999 -9999 -9999 -9999 -9999 -9999 -9999 -9999
0.199331383449736 0.1909750756177 0.182374274576077 0.175196833559186 0.172251747019189 0.172993807859942 0.176495845438185 0.198184877096597 0.213756253913316 0.197460894684649 0.187246174147238 0.182511238492882 0.176554393291803 0.170492958302365 0.16505846043128 0.16575611233694 0.173095081946322 0.173119015719416 0.171354737565007 0.170065071101894 0.171392896321531 0.176132217727024 0.19065579732526 0.208681695471101 0.230398399789105 0.24864110404495 0.261409570623469 0.27158518709834 0.281030084266955 0.304442147907536 0.32775311975397 0.350869865058999 0.360689432876241 0.363669371498692 0.383051782220139 0.395810941353277 0.391986565915422 0.391722832740756 0.393693549990338 0.364981337806836 0.326149364090148 0.263686655016959 0.222595180563971 0.197724430662607 0.25376724812982 0.327085755534782 0.427311289155195 0.475160236222412 -9999 -9999 -9999 -9999 -9999 -9999 -9999 -9999 -9999
0.211005408628102 0.18874153491759 0.176430946621364 0.167875425553821 0.168350562503532 0.167069095950289 0.164472741679114 0.18244112091376 0.195612822584624 0.180828843976494 0.172327414597916 0.169487729000408 0.173018239738063 0.175595100956513 0.167152329822523 0.161943026800836 0.160235674938285 0.155800831103594 0.150953526433616 0.148218741968955 0.147430826290437 0.149180353417204 0.159843109664534 0.174248605484058 0.199329735669356 0.221045894400974 0.237459619861069 0.250994843354805 0.263301296709002 0.274339244004185 0.29023545790701 0.31546580548883 0.330058750011273 0.339180165512728 0.342578974117377 0.346236332485583 0.350807795956117 0.357825420062006 0.36637811123317 0.349509401622293 0.320480342124917 0.260573802395724 0.222295908623707 0.200434114095874 0.24004122366496 0.301806592101319 0.419142553074446 -9999 -9999 -9999 -9999 -9999 -9999 -9999 -9999 -9999 -9999
0.221314960554978 0.199647225266862 0.186282286474591 0.175231305775848 0.169308208167054 0.163254261130537 0.157102368083369 0.166235887246304 0.17219538263185 0.158866074774752 0.157719536314362 0.167551935916814 0.171882172771151 0.172961233848097 0.16248618546176 0.153574523802232 0.146356060829061 0.138298243822196 0.13052991421056 0.126581248071301 0.124236199914189 0.123981220148018 0.134897012800522 0.15033278302187 0.176887074389683 0.199470401783793 0.215796388875311 0.232342738343057 0.248488347850191 0.244852842653387 0.251462194114888 0.277754874898079 0.298148609916127 0.315508121941304 0.298235758175115 0.290507029012478 0.307251162695108 0.325634193420892 0.345045699888602 0.343409024832511 0.327186855692707 0.271882293227399 0.233224607584355 0.207201868324965 0.236601993028978 0.265630536587052 -9999 -9999 -9999 -9999 -9999 -9999 -9999 -9999 -9999 -9999 -9999
0.230624188483353 0.220185561859807 0.207713029030943 0.193347414262341 0.173827964284239 0.160986221518835 0.153143008690979 0.149692334742527 0.144911456187521 0.132995243885052 0.143339571616135 0.173744780606276 0.172505659689714 0.16465593550445 0.152864133039808 0.141866348585093 0.131728511466695 0.120660467073682 0.110089879276716 0.10509685567077 0.101604202599818 0.100067050817078 0.114251836864742 0.134127390274803 0.160768316962762 0.182308090150202 0.195809600185453 0.21511159685413 0.235813061582659 0.215818412272178 0.211768422165542 0.23835272871126 0.265300472853282 0.292435157298723 0.251055064956097 0.230265589657985 0.261951267905702 0.294693807598747 0.328099571600872 0.344179135064537 0.34296613428134 0.293763373833796 0.252384767831911 0.216944679485551 0.240704227000993 -9999 -9999 -9999 -9999 -9999 -9999 -9999 -9999 -9999 -9999 -9999 -9999
0.228313214420529 0.213727665624051 0.203886968146791 0.193812506851871 0.182095193322411 0.170586201781076 0.159233147548928 0.147422258940828 0.13506175327482 0.12082363275109 0.130884973262683 0.162844641566591 0.160357446715189 0.150956411386392 0.138723605712493 0.127827023209154 0.118377613870503 0.108268485271263 0.0983100450112903 0.0907689011685632 0.0839701117825261 0.0781388667880304 0.0842706547146432 0.0949961473855537 0.114359577962269 0.132285818880012 0.147947374236487 0.16858778250126 0.190707066444416 0.189048649273112 0.197512582715947 0.225424475978324 0.23607873616647 0.237856239530402 0.20882882882891 0.199458477254945 0.238367986305991 0.27874663693259 0.320047234717631 0.363586634594145 0.383828450372883 0.333870119272594 0.279027422839472 0.220477502837784 -9999 -9999 -9999 -9999 -9999 -9999 -9999 -9999 -9999 -9999 -9999 -9999 -9999
0.226371925026726 0.207676441237423 0.199357745028592 0.192665561818849 0.188663131280115 0.179313439512312 0.165961109640437 0.148061812876121 0.1296259143754 0.111288154211726 0.119436585112078 0.151453993725427 0.148280071229749 0.138223877378742 0.126210662868059 0.115605554114924 0.106525469706723 0.0977693295665715 0.0890532440220732 0.0800182579893349 0.0706048000826619 0.0606980625362135 0.0589052048135391 0.0606193153526986 0.0733744830803738 0.0877728108890713 0.104760387017995 0.124263761625205 0.144681015394083 0.15977671951774 0.17898820062682 0.206107278349569 0.203538210464844 0.185698540407397 0.17337546722317 0.177013409390029 0.218251031288886 0.262160944182514 0.307747830303336 0.370482607213923 0.406925131324861 0.360974467061509 0.337280640420829 0.330479709248448 -9999 -9999 -9999 -9999 -9999 -9999 -9999 -9999 -9999 -9999 -9999 -9999 -9999
0.230830626080864 0.214823504293149 0.203173726656448 0.193211431127379 0.187330680811201 0.179675138597983 0.170691093929102 0.153264882567098 0.132940493890115 0.105554752568381 0.110870741690956 0.145657063986947 0.141997700076642 0.131400235803991 0.121667277724323 0.111108803539537 0.0996562685566252 0.0919890976594597 0.0853639149654952 0.07938085541122 0.0708420382820922 0.058972185843075 0.0546340469814798 0.0537368307362929 0.0655462450306939 0.0778463619442306 0.0909197151035853 0.100756344360333 0.109307112264492 0.120281188208928 0.133675796220436 0.151720945610801 0.157167695279435 0.156134243971317 0.160793037003822 0.172703385684249 0.201529159692348 0.236720876898163 0.27590748699898 0.323089194126029 0.353532368680341 0.332154644519291 0.325221148691383 0.329250793426781 -9999 -9999 -9999 -9999 -9999 -9999 -9999 -9999 -9999 -9999 -9999 -9999 -9999
