layers/veg_krg/veg_700.asc
NCOLS 255 
NROWS 330 
XLLCORNER -2985163.8955 
YLLCORNER -3022031.214 
CELLSIZE 25000 
NODATA_value -9999 
[rows 150 to 174 of 330, columns 57 to 113 of 255]
-9999 -9999 -9999 -9999 -9999 -9999 -9999 -9999 -9999 -9999 -9999 -9999 -9999 -9999 -9999 -9999 -9999 -9999 -9999 -9999 0.562308768100046 0.561827578940057 0.46279306809429 0.354959046981247 0.240123520392637 0.128185264496969 0.0183857892055053 0.0372003293375002 0.0666829355925767 0.0786703074505024 0.0765070881656016 0.0617643563170689 0.0518538175699872 0.0399507056497499 0.0136072143024362 0 0 0 0.00463341380465237 0.0433989287831631 0.0723540041731257 0.0886982900440187 0.095714422972492 0.102937787147407 0.150747884193538 0.193467677257901 0.228280141351421 0.231035450560397 0.220965900029326 0.221098351774241 0.221695675482013 0.223172795673457 0.224227257076492 0.225067595709712 0.22548001172195 0.224792538785497 0.221554731179702
-9999 -9999 -9999 -9999 -9999 -9999 -9999 -9999 -9999 -9999 -9999 -9999 -9999 -9999 -9999 -9999 -9999 -9999 -9999 -9999 -9999 0.558047879322335 0.487202675564292 0.4076671493229 0.316271848256088 0.185721431051568 0.0262664992793638 0.0402157480819102 0.0690869693574177 0.0763803125093181 0.0680523927405894 0.0458375709204599 0.0412705170430747 0.0361655755680481 0.0123179986215953 0 0 0 0.00266037242530077 0.0249184118427734 0.0472791623068398 0.069771942266444 0.0957273211627783 0.123087362253252 0.154028706883475 0.186329805295273 0.220743158792185 0.230750182767266 0.230603315544809 0.224533604676604 0.220823969689765 0.221580911798388 0.223754089302456 0.226644744483315 0.228002976690456 0.227764021442459 0.223861146278163
-9999 -9999 -9999 -9999 -9999 -9999 -9999 -9999 -9999 -9999 -9999 -9999 -9999 -9999 -9999 -9999 -9999 -9999 -9999 -9999 -9999 -9999 0.492372481773102 0.425476712078118 0.36732040560883 0.226292014282111 0.0240870100297279 0.0310111031236158 0.0583526610786254 0.0687051421295277 0.0552652658604104 0.0206745942072197 0.0320381074856864 0.0436637479374445 0.014871876873496 0 0 0 0.00420002742490311 0.0393396097964916 0.0659278323495764 0.0815237443339418 0.117014194959899 0.15678150993468 0.169378454213937 0.189984140673948 0.22303068710867 0.231471518679083 0.22978214871714 0.225866476712622 0.223470120116711 0.223949153866696 0.226117624015952 0.229141977944653 0.229916074986235 0.229148183042113 0.224876424688389
-9999 -9999 -9999 -9999 -9999 -9999 -9999 -9999 -9999 -9999 -9999 -9999 -9999 -9999 -9999 -9999 -9999 -9999 -9999 -9999 -9999 -9999 0.475451853477755 0.458923970581235 0.410805090765704 0.256846433690203 0.0247562912452815 0.0212335263465125 0.0435583064022813 0.0604948088592242 0.0549623787333091 0.0294556438688428 0.039007237816865 0.0471076988702282 0.0160448869024129 0 0 0 0.00511177564065769 0.0478795109475562 0.0721740757381155 0.0727223789031127 0.0973937004043162 0.13027661175019 0.168295301129891 0.202169857576644 0.229606876595949 0.237201407962502 0.23694791532765 0.246177013932049 0.246504248004596 0.229984199945753 0.22626384053255 0.229027919301496 0.229713178267859 0.233126947864963 0.243003567430947
-9999 -9999 -9999 -9999 -9999 -9999 -9999 -9999 -9999 -9999 -9999 -9999 -9999 -9999 -9999 -9999 -9999 -9999 -9999 -9999 -9999 -9999 0.4998865190093 0.501701423700662 0.449776809256768 0.28142473236549 0.027125284700152 0.0111141111388922 0.0263415345328221 0.0519651719011901 0.062108184074122 0.0584893175259952 0.055642979052951 0.0481327080592259 0.0163940051337387 0 0 0 0.00564888474150375 0.0529103501083067 0.0710204402529568 0.0516580141255412 0.0533659201382955 0.067854093559522 0.157407496423917 0.219445803324328 0.238741885746432 0.245919638908055 0.248879067105327 0.277810530724613 0.281702814989534 0.238207036067007 0.225087099329745 0.227355839327848 0.228247778070231 0.238653776636288 0.271340464029985
-9999 -9999 -9999 -9999 -9999 -9999 -9999 -9999 -9999 -9999 -9999 -9999 -9999 -9999 -9999 -9999 -9999 -9999 -9999 -9999 -9999 -9999 0.524558994864925 0.520327424142979 0.502485896373938 0.354159932969248 0.109509666568698 0.0541889854452409 0.0321847791880844 0.0501420844685425 0.056766719326084 0.0533169008603911 0.0522012428937846 0.0479154330897667 0.025518004752224 0.0117621068977362 0.00723866816530038 0.00331924443735397 0.0077758517846802 0.0728326137184042 0.0956929654119028 0.06431211382426 0.0636745950848302 0.0814199937474426 0.205362281378249 0.281148698963602 0.282129307762201 0.269006333613776 0.251682113939816 0.289452435613639 0.303735693500422 0.273568354701262 0.250039607979439 0.229874032123234 0.25087729974429 0.270561936879313 0.285381304495419
-9999 -9999 -9999 -9999 -9999 -9999 -9999 -9999 -9999 -9999 -9999 -9999 -9999 -9999 -9999 -9999 -9999 -9999 -9999 -9999 -9999 -9999 0.513671182126361 0.525538189536306 0.538979306479838 0.416793764473134 0.194487902924891 0.0957836201791594 0.031678125421738 0.0416021004519343 0.0442903428754856 0.0405462046081062 0.0444947384865141 0.0467115435116923 0.0332056245357316 0.0214298477950922 0.0115025245771549 0.00498975116092211 0.00900807058896399 0.0843742066749174 0.112364843466924 0.0794568380967391 0.0858703869999325 0.113734072440397 0.251472979952784 0.331585564656404 0.322180844801987 0.29298389879616 0.257896302244275 0.300306562088107 0.322823715617213 0.307692040257185 0.282253858671019 0.251594307694739 0.277486716943705 0.296287376335942 0.296071942828285
-9999 -9999 -9999 -9999 -9999 -9999 -9999 -9999 -9999 -9999 -9999 -9999 -9999 -9999 -9999 -9999 -9999 -9999 -9999 -9999 -9999 -9999 0.495293032855605 0.497034735532793 0.527606590158084 0.443047907109892 0.273499250039794 0.124401762496085 0.00949770717625117 0.0130664957489579 0.0138237341935227 0.0120815766903661 0.0281250684352728 0.0429396879323597 0.0354008310881764 0.023260259757967 0.00620329763715648 0.00147486654578069 0.00746128571774949 0.0698862266889061 0.102263566568007 0.0960163402893189 0.132482181566347 0.186165780398147 0.282648262485635 0.342986439007959 0.34717769079846 0.31708510149094 0.275213396470532 0.312258705654341 0.335814091996172 0.333839036346182 0.33055429834201 0.326606063396696 0.311292658666682 0.300258686959333 0.299712636794041
-9999 -9999 -9999 -9999 -9999 -9999 -9999 -9999 -9999 -9999 -9999 -9999 -9999 -9999 -9999 -9999 -9999 -9999 -9999 -9999 -9999 -9999 0.502998274390748 0.505028482176012 0.530694374982793 0.463500540667617 0.327757162892832 0.146888992545 0.00183849423936303 0.0105368734479871 0.0130117553218169 0.00995410769757944 0.027526021778059 0.0443283906465294 0.0385112125329896 0.0253004146924521 0.00419040362488738 0 0.00486493623329137 0.0455674865282366 0.0727648635405601 0.0826020706901072 0.1246423140891 0.17974919752036 0.268199979609816 0.329963297088308 0.35027004088624 0.337155462136712 0.311479019666701 0.324839650181978 0.339586949520132 0.356958598037967 0.36412968643938 0.366133078709312 0.339366821634768 0.320218250961765 0.320109233890806
-9999 -9999 -9999 -9999 -9999 -9999 -9999 -9999 -9999 -9999 -9999 -9999 -9999 -9999 -9999 -9999 -9999 -9999 -9999 -9999 -9999 -9999 0.525190629058447 0.539408514831581 0.544236630626393 0.479758872329579 0.36411914990368 0.164943772933291 0.00467763925122409 0.0268087284529986 0.033639106861711 0.0268675458382749 0.0383286216058914 0.049448008737847 0.0422832355841028 0.0274922069563739 0.00455342116271763 0 0.00150978575635315 0.0141414273104667 0.0292424539092854 0.0475177414328301 0.077435670446228 0.116327871355292 0.220767346579896 0.299282387792463 0.33752615466654 0.354311655413724 0.361443811458095 0.337875197301551 0.336695841465295 0.377889423375374 0.387059342385154 0.380005783762632 0.363297095457768 0.351736800832201 0.35261980259568
-9999 -9999 -9999 -9999 -9999 -9999 -9999 -9999 -9999 -9999 -9999 -9999 -9999 -9999 -9999 -9999 -9999 -9999 -9999 -9999 -9999 -9999 0.520056398636914 0.521557164716437 0.529891005422936 0.470355576259271 0.360718691828282 0.172073955471372 0.0161816837175784 0.0176969039249199 0.0166469676468808 0.0133166730495438 0.0229019590257766 0.0313940721244976 0.0226406720927207 0.0129110343853725 0.00213840152215573 0 0.000544569588592713 0.00510071791323304 0.0115631631825976 0.0204760500773126 0.0837342393319232 0.16538485799953 0.257259262392638 0.320106122732389 0.337861306648166 0.355271833637572 0.371888733514247 0.365587494695974 0.368861491148957 0.390257161944665 0.392188544989507 0.384259143590732 0.37548719507377 0.372395084298277 0.382605307299858
-9999 -9999 -9999 -9999 -9999 -9999 -9999 -9999 -9999 -9999 -9999 -9999 -9999 -9999 -9999 -9999 -9999 -9999 -9999 -9999 -9999 -9999 0.479790196726251 0.494853399050221 0.510399908507122 0.45495656456137 0.347108134020594 0.177721610188687 0.0335786593667366 0.0110424594365898 0.000299217199167505 3.96118614807464e-05 0.00739805097423464 0.0132395205254884 0.00450938200269188 0 0 4.15330938240795e-05 0.000208679850225587 0.00122538695913629 0.00205732314118668 0.00265174628961127 0.0926886566182405 0.208917039441152 0.290632616126047 0.340187665996485 0.339784232776641 0.356022556652994 0.378798428880227 0.392057372302692 0.400603929039429 0.400232027432679 0.395373816997196 0.388242801880963 0.386405591421351 0.390652133157941 0.40887825632455
-9999 -9999 -9999 -9999 -9999 -9999 -9999 -9999 -9999 -9999 -9999 -9999 -9999 -9999 -9999 -9999 -9999 -9999 -9999 -9999 -9999 -9999 0.457388209276255 0.457481570488747 0.483696365839851 0.428356001824873 0.312811186272165 0.182473834745242 0.0687617627525659 0.0236732071696825 0.00168161126057658 0.000222620064968702 0.00234999304517061 0.00420553754828785 0.00143240650561207 0 0 0.00023341745880743 0.0011727881517878 0.0068867181257643 0.0115622289443582 0.0149029080988963 0.0893579732097118 0.186412524290297 0.278366844787199 0.336501903827918 0.342101784843354 0.362643977251183 0.389085726556669 0.408022539459608 0.41646580231963 0.405049428190084 0.398807611300881 0.395187271970541 0.397525560520578 0.404661670264001 0.422745115966181
-9999 -9999 -9999 -9999 -9999 -9999 -9999 -9999 -9999 -9999 -9999 -9999 -9999 -9999 -9999 -9999 -9999 -9999 -9999 -9999 -9999 -9999 0.422835387882379 0.4332208519051 0.466341033502769 0.413805103219723 0.298037376484847 0.20900266975313 0.131052439828057 0.0825510143544336 0.0409274687508064 0.00541818193414392 0 0 0 0 0 0.00327872677922967 0.00767237414082137 0.0142972863184604 0.0171922960703094 0.0152927179758388 0.0815064834541785 0.17152320287656 0.283804795186012 0.354000293950757 0.358818835278847 0.378468634905511 0.40396807374486 0.421805141621281 0.428788617669123 0.415231057283445 0.411908365168922 0.413770750007764 0.412943292558359 0.417155678082121 0.433255746524396
-9999 -9999 -9999 -9999 -9999 -9999 -9999 -9999 -9999 -9999 -9999 -9999 -9999 -9999 -9999 -9999 -9999 -9999 -9999 -9999 -9999 -9999 0.41514343235051 0.420379805786077 0.457127917978883 0.409749366192914 0.300268064514615 0.254498759186039 0.216953597890289 0.181709642330328 0.113152101605178 0.0149796381608749 0 0 0 0 0 0.00880934653092711 0.0189933171494397 0.0232314260420542 0.0194474095407778 0.00535138470135997 0.0697174073427926 0.163266654613196 0.304662546348515 0.389949912155554 0.38807773421568 0.402309238804903 0.422852672494638 0.433686747038929 0.438028941721514 0.430084886573864 0.43342896389681 0.442491711354942 0.432104341918005 0.428329671949624 0.440843128256719
-9999 -9999 -9999 -9999 -9999 -9999 -9999 -9999 -9999 -9999 -9999 -9999 -9999 -9999 -9999 -9999 -9999 -9999 -9999 -9999 -9999 -9999 0.428278916713421 0.432203973956313 0.447007846798848 0.406697987205261 0.325702877784381 0.276018338116727 0.228997406157303 0.17796549277982 0.105494924879802 0.0139659430102515 0 0 0 0 0 0.0103151446880878 0.0224485618968648 0.0291570338895057 0.0243636828480029 0.00478536034217486 0.0986617655696323 0.227762726807639 0.338276890928029 0.406080714439339 0.407537868898584 0.415541860999775 0.426278686323079 0.438924494115184 0.447162183195096 0.447057258281363 0.447290387299743 0.447694777501557 0.438817797075237 0.435583229526285 0.445929576587204
-9999 -9999 -9999 -9999 -9999 -9999 -9999 -9999 -9999 -9999 -9999 -9999 -9999 -9999 -9999 -9999 -9999 -9999 -9999 -9999 -9999 -9999 0.44574104462736 0.444927369659565 0.437747351364184 0.404810957258752 0.352861069815843 0.28666675757368 0.221284914660801 0.16528081534291 0.0973224246464469 0.018736975541735 0.00334722616046304 0 0 0 0 0.0117322816709694 0.0254151001829791 0.0320618312184056 0.0278176437693708 0.0095737696154501 0.125817625873884 0.28013836308388 0.366137735643066 0.420286667116421 0.424958805762828 0.427085743979571 0.428586673110259 0.444671588617334 0.456872788443329 0.461723836673203 0.457457220391473 0.44857151269839 0.443229348694672 0.441891386063647 0.44975192774121
-9999 -9999 -9999 -9999 -9999 -9999 -9999 -9999 -9999 -9999 -9999 -9999 -9999 -9999 -9999 -9999 -9999 -9999 -9999 -9999 -9999 -9999 0.443791493539316 0.441267366412595 0.433431142263357 0.407742160979627 0.368874179617022 0.264614921494819 0.179632113121228 0.195707897198914 0.153868816548056 0.0605449066684849 0.0229755587191483 0 0 0 0 0.0161053003829192 0.0326240101793599 0.0228050918001539 0.0219193009025221 0.0325165622575795 0.109994435827451 0.21233367574777 0.355277758063522 0.441808789875606 0.440707226428345 0.43934276843521 0.438465860169577 0.458487394634211 0.469481841882161 0.463392015984862 0.456099014415811 0.448196473155464 0.446919721258442 0.446900344203254 0.449530324607195
-9999 -9999 -9999 -9999 -9999 -9999 -9999 -9999 -9999 -9999 -9999 -9999 -9999 -9999 -9999 -9999 -9999 -9999 -9999 -9999 -9999 -9999 0.528081229315746 0.444477101353757 0.439539057536186 0.413089192043745 0.370759185606457 0.255906858114615 0.168020932273044 0.213063788658508 0.186708600055662 0.0968823808164382 0.0412702171641178 0 0 0 0 0.0202104131699693 0.0397923176718248 0.0178717951352508 0.0191173767439341 0.0501417323530921 0.110658690950415 0.188171092712917 0.35951002386931 0.4623773556861 0.458880222221985 0.457407794256051 0.457182591079671 0.471666833686085 0.476923605154649 0.464716865573096 0.45655768781992 0.45044904154381 0.452294926144996 0.453873368810261 0.45448218937155
-9999 -9999 -9999 -9999 -9999 -9999 -9999 -9999 -9999 -9999 -9999 -9999 -9999 -9999 -9999 -9999 -9999 -9999 -9999 -9999 -9999 0.632201086296796 0.532938566798902 0.454878363827451 0.456559379567865 0.420965211604513 0.357854305174868 0.261167610739079 0.187858568891774 0.216736214599551 0.194731320336172 0.127493153174428 0.0581687301017107 0 0 0 0 0.0240350708971201 0.0469181207752134 0.0174644580840272 0.0195569124172764 0.062200194096068 0.128582689113034 0.209694878803803 0.379541477484148 0.481947698440263 0.479591364057161 0.481552877363354 0.485150830297988 0.484180097343163 0.478956034260072 0.465682303333524 0.458918346092316 0.455452299152757 0.459433883550959 0.462902459847927 0.464849855409683
-9999 -9999 -9999 -9999 -9999 -9999 -9999 -9999 -9999 -9999 -9999 -9999 -9999 -9999 -9999 -9999 -9999 -9999 -9999 -9999 -9999 0.632201086296796 0.542011611505431 0.467044287617581 0.452860375379757 0.402040019124013 0.324174445428491 0.237042385215562 0.171232923335881 0.189111876171458 0.168707301989785 0.114269654261376 0.0525766403797056 0 0 0 0 0.0256844833002695 0.0521616750461729 0.0376187887424644 0.0428335546941059 0.0734457140789668 0.18705661606791 0.3240378930886 0.417235398436164 0.475202307644132 0.478441657454369 0.489017889926647 0.501937713138693 0.491746620675154 0.48126069922183 0.470216797229303 0.461112238364392 0.452990168290666 0.459256795108037 0.464361161443572 0.466126924699654
-9999 -9999 -9999 -9999 -9999 -9999 -9999 -9999 -9999 -9999 -9999 -9999 -9999 -9999 -9999 -9999 -9999 -9999 -9999 -9999 -9999 -9999 0.481460117306099 0.476320686582504 0.44228798236419 0.37570627334718 0.285096716218094 0.204319433200774 0.143784671650393 0.154399352850111 0.134458699246244 0.0873551367456301 0.0405109365989569 0.00131253646389297 0.000447050049641995 0 0 0.0246957185350223 0.0521814160805807 0.0551638877274156 0.0683880260751966 0.0947772730732423 0.254928592524741 0.443571491699574 0.446208120565207 0.453343615348668 0.467467693316042 0.489309618829264 0.513180486220174 0.497417430357785 0.483795252359771 0.474224806811845 0.462776037387075 0.450375692076153 0.45788213842703 0.463679346665278 0.464621115692166
-9999 -9999 -9999 -9999 -9999 -9999 -9999 -9999 -9999 -9999 -9999 -9999 -9999 -9999 -9999 -9999 -9999 -9999 -9999 -9999 -9999 -9999 0.475076013170193 0.462325819381551 0.418333188504548 0.342475813230138 0.243095714503929 0.160700077205815 0.101732438598718 0.12261359794279 0.0997862045883545 0.0381030290083283 0.0208549919327397 0.0118455126833372 0.0040345827935433 0 0 0.00883830043318128 0.0186751007748556 0.0197424914810944 0.0714740622369131 0.188331696406578 0.320513070733695 0.443210970889795 0.384162190047911 0.369645302573165 0.424304702371182 0.467307937742931 0.504311846114596 0.498104007087527 0.487486155867189 0.468522107133172 0.460996906963227 0.459266731066312 0.460418835591922 0.460713218988704 0.458879310475209
-9999 -9999 -9999 -9999 -9999 -9999 -9999 -9999 -9999 -9999 -9999 -9999 -9999 -9999 -9999 -9999 -9999 -9999 -9999 -9999 -9999 -9999 0.394756468351315 0.407788842574249 0.378288864926894 0.307020218366394 0.20491771870668 0.128931739305293 0.073656565376175 0.0840231169019605 0.0609206117432881 0.00806497367267493 0.0116692066257105 0.0208831624944625 0.00711280721462119 0 0 0 0.00105446540780496 0.00987666352866796 0.0862740843120968 0.249535799198782 0.357980030226596 0.435798655993463 0.351350786738297 0.329286669330623 0.404130094195547 0.454023767373804 0.492587308378031 0.491729275439164 0.48216407394712 0.45612006347567 0.453119979513977 0.461794157408442 0.459894405750949 0.455779726327873 0.446950465024531
-9999 -9999 -9999 -9999 -9999 -9999 -9999 -9999 -9999 -9999 -9999 -9999 -9999 -9999 -9999 -9999 -9999 -9999 -9999 -9999 -9999 -9999 0.329288743373438 0.3022022379062 0.31798500102107 0.268762788525091 0.17155355798765 0.112085912082339 0.0631793809010318 0.0368642919791077 0.0167751727304371 0.00222078082530837 0.0156671886193735 0.0280379340484814 0.00954972311478173 0 0 0 0.00343668773756461 0.0321897789968117 0.115824069510929 0.270005173560819 0.360042101302014 0.41950689532175 0.355350781481918 0.343500295234046 0.412901892531172 0.45171647221681 0.477266694544641 0.476463117853366 0.465493062322724 0.435282370554945 0.437564855938779 0.456308679126563 0.455515480028997 0.448368976038178 0.427231050593654
