layers/veg_krg/veg_1900.asc
NCOLS 255 
NROWS 330 
XLLCORNER -2985163.8955 
YLLCORNER -3022031.214 
CELLSIZE 25000 
NODATA_value -9999 
[rows 25 to 49 of 330, columns 112 to 167 of 255]
0.113588583554794 0.110963635151367 0.109067199362733 0.107621409822536 -9999 -9999 -9999 -9999 -9999 -9999 -9999 -9999 -9999 -9999 -9999 -9999 -9999 -9999 -9999 -9999 -9999 -9999 -9999 -9999 -9999 -9999 -9999 -9999 -9999 -9999 -9999 -9999 -9999 -9999 -9999 -9999 -9999 -9999 -9999 -9999 -9999 -9999 -9999 -9999 -9999 -9999 -9999 -9999 -9999 -9999 -9999 -9999 -9999 -9999 -9999 -9999
0.108719051153851 0.105044346797129 0.105068364696759 0.107380353010329 -9999 -9999 -9999 -9999 -9999 -9999 -9999 -9999 -9999 -9999 -9999 -9999 -9999 -9999 -9999 -9999 -9999 -9999 -9999 -9999 -9999 -9999 -9999 -9999 -9999 -9999 -9999 -9999 -9999 -9999 -9999 -9999 -9999 -9999 -9999 -9999 -9999 -9999 -9999 -9999 -9999 -9999 -9999 -9999 -9999 -9999 -9999 -9999 -9999 -9999 -9999 -9999
0.104446155526307 0.103609073194294 0.106277826276169 0.111115233057127 0.103175273073933 0.0970582366429641 0.0988725637399743 0.10211187753769 0.106417850662807 -9999 -9999 -9999 -9999 -9999 -9999 -9999 -9999 -9999 -9999 -9999 -9999 -9999 -9999 -9999 -9999 -9999 -9999 -9999 -9999 -9999 -9999 -9999 -9999 -9999 -9999 -9999 -9999 -9999 -9999 -9999 -9999 -9999 -9999 -9999 -9999 -9999 -9999 -9999 -9999 -9999 -9999 -9999 -9999 -9999 -9999 -9999
0.1009440128685 0.103347396735605 0.106776533635936 0.110840184952157 0.103067394989719 0.0981028555947969 0.103775901023981 0.10644384556283 0.106862352339998 0.111882741790344 0.117507973892372 0.123269102698864 -9999 -9999 -9999 -9999 -9999 -9999 -9999 -9999 -9999 -9999 -9999 -9999 -9999 -9999 -9999 -9999 -9999 -9999 -9999 -9999 -9999 -9999 -9999 -9999 -9999 -9999 -9999 -9999 -9999 -9999 -9999 -9999 -9999 -9999 -9999 -9999 -9999 -9999 -9999 -9999 -9999 -9999 -9999 -9999
0.103311368211104 0.101770948025611 0.103533362196642 0.107338856860374 0.101898555179897 0.109421115702006 0.15690268632344 0.153379946806852 0.11167844876608 0.111967538717768 0.117507973892372 0.123269102698864 0.125999949569675 -9999 -9999 -9999 -9999 -9999 -9999 -9999 -9999 -9999 -9999 -9999 -9999 -9999 -9999 -9999 -9999 -9999 -9999 -9999 -9999 -9999 -9999 -9999 -9999 -9999 -9999 -9999 -9999 -9999 -9999 -9999 -9999 -9999 -9999 -9999 -9999 -9999 -9999 -9999 -9999 -9999 -9999 -9999
0.102117446207299 0.0985777867868039 0.0997594634123929 0.10386168298201 0.101554697616624 0.117147948732389 0.186639191787876 0.189561954129492 0.142655556080171 0.144693269419275 0.152829625607879 0.161138250090149 0.211204114956232 0.298901009428196 -9999 -9999 -9999 -9999 -9999 -9999 -9999 -9999 -9999 -9999 -9999 -9999 -9999 -9999 -9999 -9999 -9999 -9999 -9999 -9999 -9999 -9999 -9999 -9999 -9999 -9999 -9999 -9999 -9999 -9999 -9999 -9999 -9999 -9999 -9999 -9999 -9999 -9999 -9999 -9999 -9999 -9999
0.0958055813628258 0.09306123382435 0.0952228517161045 0.100419221335135 0.102396429259613 0.119713510480668 0.182761321403829 0.210289158964395 0.211228881086751 0.224327571701211 0.238912332117457 0.253429480605305 0.276656582691511 0.307732970762924 -9999 -9999 -9999 -9999 -9999 -9999 -9999 -9999 -9999 -9999 -9999 -9999 -9999 -9999 -9999 -9999 -9999 -9999 -9999 -9999 -9999 -9999 -9999 -9999 -9999 -9999 -9999 -9999 -9999 -9999 -9999 -9999 -9999 -9999 -9999 -9999 -9999 -9999 -9999 -9999 -9999 -9999
0.0890764975946021 0.0862217767608951 0.0889417764604595 0.0951102090949935 0.116664208423145 0.145132368901489 0.190821095956787 0.219096318037089 0.234336837761827 0.250874430467035 0.267667502277229 0.284822609255051 0.301660885137555 0.318213637354739 0.321433135552117 -9999 -9999 -9999 -9999 -9999 -9999 -9999 -9999 -9999 -9999 -9999 -9999 -9999 -9999 -9999 -9999 -9999 -9999 -9999 -9999 -9999 -9999 -9999 -9999 -9999 -9999 -9999 -9999 -9999 -9999 -9999 -9999 -9999 -9999 -9999 -9999 -9999 -9999 -9999 -9999 -9999
0.0823704634151762 0.0791542594186928 0.0827310684778534 0.0905099267355261 0.135633589673605 0.177620073614396 0.20286365305075 0.2234007346269 0.240414815013287 0.257640360765081 0.275094528546608 0.293319818030182 0.311257598987672 0.328936281361117 0.350479247747569 0.375360467968647 0.413811442190737 -9999 -9999 -9999 -9999 -9999 -9999 -9999 -9999 -9999 -9999 -9999 -9999 -9999 -9999 -9999 -9999 -9999 -9999 -9999 -9999 -9999 -9999 -9999 -9999 -9999 -9999 -9999 -9999 -9999 -9999 -9999 -9999 -9999 -9999 -9999 -9999 -9999 -9999 -9999
0.0793380973380795 0.0775427885147401 0.0913458250643311 0.1147977485122 0.148313455860644 0.180195841354285 0.205250730831362 0.226533978966276 0.24499400326672 0.264795856193835 0.283614358301081 0.298055592553258 0.31423831272665 0.331990435179913 0.352006532751078 0.375360467968647 0.413811442190737 0.43380328357735 -9999 -9999 -9999 -9999 -9999 -9999 -9999 -9999 -9999 -9999 -9999 -9999 -9999 -9999 -9999 -9999 -9999 -9999 -9999 -9999 -9999 -9999 -9999 -9999 -9999 -9999 -9999 -9999 -9999 -9999 -9999 -9999 -9999 -9999 -9999 -9999 -9999 -9999
0.0796309861258617 0.0808189777747355 0.10261254021918 0.137152379100482 0.16105912987154 0.184470565159001 0.208568346728774 0.230057094590327 0.249592876758237 0.271011972522825 0.291035655984215 0.30485762371396 0.319952322993459 0.336193989797367 0.355048719587911 0.377470505510787 0.415841045589099 0.448824690957496 0.475974154104721 -9999 -9999 -9999 -9999 -9999 -9999 -9999 -9999 -9999 -9999 -9999 -9999 -9999 -9999 -9999 -9999 -9999 -9999 -9999 -9999 -9999 -9999 -9999 -9999 -9999 -9999 -9999 -9999 -9999 -9999 -9999 -9999 -9999 -9999 -9999 -9999 -9999
0.0857238063494488 0.0926202560833396 0.118504818975065 0.156135124885766 0.173919586322224 0.191708619321495 0.213509013338129 0.234260226276845 0.254226085371667 0.275589617639156 0.296540886793471 0.315263633310597 0.330433767065893 0.342402336857914 0.360733208179734 0.383260884430861 0.421410696602069 0.452722642557896 0.476628956948084 0.481455723713885 -9999 -9999 -9999 -9999 -9999 -9999 -9999 -9999 -9999 -9999 -9999 -9999 -9999 -9999 -9999 -9999 -9999 -9999 -9999 -9999 -9999 -9999 -9999 -9999 -9999 -9999 -9999 -9999 -9999 -9999 -9999 -9999 -9999 -9999 -9999 -9999
0.0904970712364981 0.100353660489978 0.124873833733357 0.158464665438208 0.180504007172566 0.200950487883401 0.219042758080545 0.238061605666589 0.257774033349865 0.281008358511378 0.304034822541213 0.324610637191466 0.341701130121491 0.355650700815409 0.374172452555771 0.396034798405052 0.430802453442687 0.459490353114031 0.481593679932704 0.504107413654388 0.526387087011556 0.546094945342577 0.564347116608745 0.580702024589504 0.599150000746163 0.618431054222816 0.639612208209315 0.662160662065568 0.686863670996455 0.715466265381732 0.745414347301302 0.764259054825762 0.786130280766761 0.813816322929965 -9999 -9999 -9999 -9999 -9999 -9999 -9999 -9999 -9999 -9999 -9999 -9999 -9999 -9999 -9999 -9999 -9999 -9999 -9999 -9999 -9999 -9999
0.0946710917029957 0.106206490501244 0.126823376068061 0.153057924060163 0.184175404117196 0.211128228180306 0.224857915733535 0.241682450138777 0.260823600734152 0.286823143397491 0.312456811482219 0.333466365129279 0.353333905418714 0.372172279554543 0.391216907630974 0.412055154410173 0.441971509728737 0.467593445722969 0.488564385879809 0.50765165819877 0.526389642594237 0.546096148958706 0.564348101214774 0.580704266819205 0.599152884169579 0.618434348111361 0.639615546605224 0.66216468500686 0.686869387038161 0.715472610072765 0.745420871947251 0.764265519198573 0.786135833801837 0.81381932948635 0.839948890789838 0.865279159539021 0.872495774688864 -9999 -9999 -9999 -9999 -9999 -9999 -9999 -9999 -9999 -9999 -9999 -9999 -9999 -9999 -9999 -9999 -9999 -9999 -9999
0.131124570636627 0.139101345749755 0.155296114047282 0.17657440145349 0.204243688896369 0.228714330740002 0.242497037614362 0.259297039630557 0.278355607291588 0.302753818963486 0.326570946839513 0.345659717319396 0.364281554375197 0.382482597687348 0.400726891683252 0.420798418346463 0.450277663795902 0.475571783735622 0.496333276594801 0.514518782166009 0.531962553767074 0.548720852054043 0.566495213097188 0.585593855031129 0.605440711478415 0.625617269018442 0.64689552388625 0.670937437553331 0.699334251869683 0.729308358688523 0.759649044869929 0.778362255620334 0.798245233136251 0.820375670547712 0.8427855718407 0.865339220129978 0.872495774688864 0.877291634568336 -9999 -9999 -9999 -9999 -9999 -9999 -9999 -9999 -9999 -9999 -9999 -9999 -9999 -9999 -9999 -9999 -9999 -9999
0.172372961203799 0.174767319417446 0.185731744697376 0.201997476356683 0.224745043045212 0.246108818120625 0.262100019688544 0.278747644982608 0.295886629592428 0.317701842894587 0.339361676908995 0.358226997576162 0.376375441479023 0.393877846264035 0.411217995694905 0.430375207238145 0.459083948158355 0.483921880471996 0.504567601136793 0.522148878823792 0.538671183411973 0.553033903576797 0.570282240920691 0.591291534627931 0.612201464161363 0.63327351682928 0.65692628209428 0.683302941141376 0.713971840172404 0.743030730132298 0.771193359184467 0.790250884840458 0.809651515659798 0.829711350619071 0.848590517523202 0.86686238775052 0.874716143617827 0.883590734546391 0.895435427090123 0.905253001092076 0.913798474290051 -9999 -9999 -9999 -9999 -9999 -9999 -9999 -9999 -9999 -9999 -9999 -9999 -9999 -9999 -9999
0.223881777444184 0.216363090492202 0.220367685153622 0.231500397466399 0.246173103756855 0.26309327640103 0.285905381928726 0.302127061897604 0.313415545724808 0.330547132754016 0.349320508785372 0.371594430458923 0.390922114413636 0.40759469094735 0.423808556211503 0.441735620418491 0.468960439881009 0.49306748775051 0.513797887555187 0.531411628005818 0.547810088285881 0.560959779458776 0.577578454503985 0.598718414307112 0.619974209560946 0.641942616572809 0.672843318382473 0.703356418532017 0.733258746207852 0.756510490630329 0.776994599617601 0.797414480201268 0.819553228687833 0.844994418987071 0.860747125334014 0.871516395327323 0.881687784750304 0.890803015049957 0.897442450778374 0.905253001092076 0.913798474290051 -9999 -9999 -9999 -9999 -9999 -9999 -9999 -9999 -9999 -9999 -9999 -9999 -9999 -9999 -9999
0.282033779652219 0.264897926125388 0.26161771110371 0.266908372392519 0.273172235056312 0.282358876225358 0.299939197663639 0.317970690926914 0.336339904279193 0.348094578753409 0.360949205790003 0.38110889766034 0.399382153245806 0.415955379350564 0.4358652325644 0.45690976443754 0.48063312872568 0.501127090850037 0.518123505369783 0.535079125258484 0.551921520742838 0.567980661798886 0.585987077928653 0.606531466396818 0.628431844177555 0.651715730960945 0.687405799134719 0.719140193774671 0.744641342383936 0.767438088139429 0.78917716453426 0.813612526239564 0.836797132190049 0.857578674999272 0.865630884681246 0.867135545564439 0.886634003777221 0.901569892027769 0.904730496043492 0.911266700917544 0.919921235073916 0.924574430004029 0.92742638036943 0.925755739804156 -9999 -9999 -9999 -9999 -9999 -9999 -9999 -9999 -9999 -9999 -9999 -9999
0.343979436936131 0.317395381142124 0.306644774024942 0.305688484948539 0.303352779659031 0.302927143811667 0.308392878026848 0.32951093599219 0.36234538198793 0.368327236124997 0.373531495295383 0.388423091847364 0.404366361283808 0.421257383327638 0.447617029243989 0.474261776037706 0.49333155316806 0.508566520844956 0.519648265126977 0.535551400220821 0.553161966846818 0.574484738895175 0.595030953664747 0.614565045946162 0.637280591351788 0.662119303502857 0.701194747953714 0.732485714645842 0.751510106587632 0.776908248490427 0.80500384601421 0.83496978200604 0.858233863997249 0.868621748325593 0.866361414143854 0.857595253845024 0.890423586080589 0.914366655421962 0.915034319341689 0.920714581718645 0.929540457139945 0.928866111573994 0.92742638036943 0.925755739804156 0.925034867547666 -9999 -9999 -9999 -9999 -9999 -9999 -9999 -9999 -9999 -9999 -9999
0.38462322354396 0.362389847470218 0.349289368602574 0.341838353834383 0.335020301407052 0.330697826479797 0.333582074969493 0.352037980805629 0.382149892654634 0.39218182423059 0.399401443786535 0.405368721813435 0.416715739672601 0.43291090235741 0.454359140545758 0.476198315668968 0.495038682046739 0.512154686535593 0.527403151000567 0.544038068832576 0.56138603755074 0.581491683860586 0.601424608725547 0.621132417860697 0.650510238906652 0.682707197573778 0.710045511555735 0.735666108512195 0.758579972281634 0.786158750016971 0.814657797216467 0.802183378370671 0.810331721551653 0.858102348385263 0.876140819932367 0.878886052180498 0.892266632803726 0.904092297464763 0.911668626092117 0.92105220930018 0.931569919574682 0.93457210386803 0.935678705274815 0.9327422061156 0.934771622812598 0.940570159763136 -9999 -9999 -9999 -9999 -9999 -9999 -9999 -9999 -9999 -9999
0.41860356793268 0.401694456726027 0.387252295034854 0.374336148846578 0.364954041901238 0.358380696350124 0.359350068830147 0.37306554201693 0.396321979480877 0.412883245515319 0.424861221577558 0.422536986046857 0.429515415480596 0.444877273931021 0.462303250079137 0.480220560452533 0.498705971127798 0.51709647409972 0.535384188941316 0.552690870984403 0.569955526891358 0.588789343913815 0.60905604933631 0.631190303505454 0.664011666523849 0.699333319153998 0.721135456794625 0.744940442914521 0.77190146484645 0.797188050756105 0.820332854156064 0.785411923039511 0.785174879178401 0.851575602713651 0.880993676705379 0.89138909647211 0.890603624144812 0.893743229359687 0.906787233977001 0.919493656510026 0.931988232309879 0.93752421097603 0.940580612317917 0.937725661867787 0.937683642037582 0.93977663095065 0.938679722658747 -9999 -9999 -9999 -9999 -9999 -9999 -9999 -9999 -9999
0.437507917794793 0.426767533086031 0.413023532729297 0.397421543785934 0.390071645104373 0.384913773493692 0.384535657571726 0.388694822646399 0.396250323345615 0.424709097296096 0.447537450509032 0.439075251368593 0.442580728479654 0.456871304778172 0.474092007643666 0.491768492578263 0.509001572590093 0.526140328184606 0.543176927366535 0.560768412499725 0.578559246390076 0.596798953415353 0.620327756548267 0.650750079655566 0.677681606361833 0.704091764008376 0.738829012374438 0.771770375317412 0.801881829373994 0.812992555499683 0.816173542861683 0.818263125490339 0.829534087033775 0.858445129920887 0.871548363821296 0.876520582553226 0.879831011456356 0.886127144341551 0.899598136774284 0.91403247557208 0.929071354094735 0.932946948661252 0.935491994085856 0.936475464780576 0.936447041835372 0.935650593630962 0.93657338332501 -9999 -9999 -9999 -9999 -9999 -9999 -9999 -9999 -9999
0.457020006053579 0.449490319369206 0.436137093218057 0.41918151872039 0.413614402973783 0.40970642120772 0.408380261504056 0.408448818390755 0.409561376221082 0.431725140397542 0.453259726373799 0.462481862063946 0.468246806186482 0.470896178565337 0.485429319476283 0.502141594105251 0.518765205736585 0.535295645321652 0.551725176549471 0.568754152419308 0.586554455978373 0.609071447658619 0.634834637595558 0.664828745645523 0.685849391187167 0.705560517639266 0.747084105090244 0.779470799125044 0.797459817484077 0.804987113803933 0.808416546992271 0.822020352123102 0.834436041525024 0.844569017371804 0.851518059675515 0.856829391657959 0.864343153213139 0.87409468517096 0.889042778296493 0.903178078543604 0.916803317611362 0.922903229972499 0.927636189799765 0.929910027599165 0.932806922335514 0.93617671604723 0.937115363928486 0.939662248735326 0.949672796400111 -9999 -9999 -9999 -9999 -9999 -9999 -9999
0.476953383468894 0.470583865621663 0.457408330440036 0.44002270182111 0.436065465360497 0.433292589208797 0.431295283954782 0.431062099908697 0.432149430882278 0.435406985342889 0.447229385279704 0.490649665149045 0.502647835583721 0.486328849052404 0.49645368548771 0.511700293588997 0.528160074157512 0.544528229545137 0.560797151881043 0.576676254732566 0.594127841590593 0.624299007974804 0.651584167229429 0.675107861880435 0.69020303779603 0.704748830790554 0.748796379250125 0.773910493340775 0.769189800888813 0.780476425266251 0.798165607168739 0.805609400145555 0.811985909856023 0.816311860079748 0.824150154244524 0.833795082199323 0.845586648734202 0.859000759830408 0.876153900361987 0.888585060637805 0.898052982821761 0.909070119651431 0.917862149830294 0.919660023129775 0.9275006638799 0.939927753100987 0.939375331489093 0.939662248735326 0.949672796400111 0.954451959433957 -9999 -9999 -9999 -9999 -9999 -9999
0.497338017624062 0.481722599017197 0.470305293709761 0.461484874126029 0.45755831138628 0.454497975086726 0.452997522239638 0.452502217680092 0.452759306666252 0.453709870168875 0.459278713844972 0.482110128140935 0.504331627212736 0.526003479381473 0.524537111736693 0.522173917273619 0.53728653312528 0.552854246684893 0.568914845867782 0.586631862221214 0.606340303204276 0.638016926122423 0.666274747783612 0.690076689976231 0.698895156522528 0.705102707842689 0.742111793968753 0.765065805147009 0.765872199900317 0.767934116142264 0.770791599557699 0.784631933601209 0.797374478229292 0.80800785224519 0.823548272733582 0.841612715958701 0.850360320842774 0.858476406367824 0.865582336707685 0.868559260033076 0.868945060523529 0.894046737988366 0.915942046874405 0.922884973055666 0.928564512447289 0.933285143779502 0.932530659143414 0.933263912293455 0.942507228528614 0.947094300157385 0.94742763139632 -9999 -9999 -9999 -9999 -9999
