layers/veg_krg/veg_1400.asc
NCOLS 255 
NROWS 330 
XLLCORNER -2985163.8955 
YLLCORNER -3022031.214 
CELLSIZE 25000 
NODATA_value -9999 
[rows 130 to 155 of 330, columns 171 to 227 of 255]
0.341063366875308 0.359345111674933 0.343012109220423 0.316501893659485 0.310055892812691 0.300013642673586 0.284222671237571 0.282828498939151 0.287551969694815 0.293741287102562 0.299258367885675 0.303464185413516 0.308597149409815 0.314214274148499 0.327353972289364 0.338287843081807 0.343432989711438 0.345089773544116 0.344525870892291 0.33267548344791 0.327774890201106 0.34667898362418 0.369444206483198 0.395180885164074 0.405436083403934 0.416933709766263 0.441501020326723 0.456715031047907 0.46326705953033 0.460087320059984 0.458037811601297 0.472435200323175 0.485533813915462 0.497186937121603 0.524021860867144 0.550942410875959 0.545937678621586 -9999 -9999 -9999 -9999 -9999 -9999 -9999 -9999 -9999 -9999 -9999 -9999 -9999 -9999 -9999 -9999 -9999 -9999 -9999 -9999
0.383599986436118 0.392739757703831 0.364231392054557 0.326180029174936 0.331268689963763 0.328688917763437 0.313850906365702 0.305046609737312 0.298969060850842 0.301139045610423 0.303717261168498 0.307091770808328 0.313607608374637 0.321763863838988 0.336318929000217 0.348288993369835 0.353625001137278 0.356473714829559 0.357739020872692 0.345488682375245 0.342234662202154 0.369540473372378 0.391478239782959 0.409284855420775 0.420609146630177 0.43569166026054 0.469105303485872 0.477378865216154 0.462370489754954 0.453984035495033 0.453921854793058 0.492150549122396 0.513815205213831 0.517044677659422 0.542798931733616 0.571337784217013 0.574161659020857 -9999 -9999 -9999 -9999 -9999 -9999 -9999 -9999 -9999 -9999 -9999 -9999 -9999 -9999 -9999 -9999 -9999 -9999 -9999 -9999
0.438856377843434 0.439014176504415 0.407095589452905 0.3678449679088 0.376505980611594 0.378461374306865 0.369697618225752 0.345630186452065 0.315671808136313 0.312846243879443 0.310802209130278 0.310282624089458 0.317177876089435 0.327945194832351 0.348626905812338 0.364606026462721 0.368623522954364 0.373427510716914 0.378732177633883 0.372655046231146 0.372512643077781 0.39310389101783 0.407341308044336 0.416688930990539 0.432987069225055 0.452391796309729 0.48048071301231 0.475882258773545 0.441012410332623 0.417462955260964 0.413065883841967 0.500910478513823 0.548532134376695 0.551387094276358 0.567345440292339 0.584061574003767 0.578794777562839 -9999 -9999 -9999 -9999 -9999 -9999 -9999 -9999 -9999 -9999 -9999 -9999 -9999 -9999 -9999 -9999 -9999 -9999 -9999 -9999
0.41287828905901 0.419173623489959 0.407656502124974 0.3916831004075 0.396941844489866 0.395990308117952 0.385111436735191 0.371227601786515 0.356511953732817 0.362354491036558 0.367197183199271 0.370089579667958 0.385264146278243 0.40685252647266 0.390276859641033 0.37912729861667 0.383435312223753 0.382783930795657 0.378975405983405 0.375878189786329 0.377599044752839 0.393836504196765 0.415142499959828 0.440349150182596 0.448847564983042 0.454138269817067 0.45547106611036 0.443077722857771 0.417972761353201 0.4271417959875 0.450335282214435 0.513580430798197 0.553281635505656 0.566779270596023 0.577888959288702 0.587223134541889 -9999 -9999 -9999 -9999 -9999 -9999 -9999 -9999 -9999 -9999 -9999 -9999 -9999 -9999 -9999 -9999 -9999 -9999 -9999 -9999 -9999
0.371590322424017 0.38531847529273 0.397282282291802 0.408060978373325 0.410553949536257 0.406558859073022 0.392192391373578 0.392150324347865 0.398378429922537 0.414657168647162 0.428019061088804 0.435691359699965 0.457606182974163 0.486958527232274 0.435690044090243 0.399752115726359 0.405801581215604 0.39841565837431 0.382476787626986 0.378378722082377 0.378904905881508 0.390767055785894 0.420885790122564 0.465054463731818 0.462949523939894 0.451996562947581 0.430224152133534 0.416548034770337 0.410369800643662 0.455201196025272 0.50534184939681 0.530402700669687 0.555170531593456 0.579612241322009 0.593005176645346 -9999 -9999 -9999 -9999 -9999 -9999 -9999 -9999 -9999 -9999 -9999 -9999 -9999 -9999 -9999 -9999 -9999 -9999 -9999 -9999 -9999 -9999
0.355825714423801 0.361649287557944 0.380020154390514 0.402108230120437 0.417316313119127 0.421239272093723 0.407122593784479 0.405177685651923 0.408665151449614 0.425589820978321 0.440199895104325 0.450295124618835 0.455842727525769 0.45901553599695 0.459849770554299 0.464822288921096 0.479925421531973 0.468933555040691 0.441329651558905 0.41421757647016 0.394714100092832 0.398281895761976 0.425493823621359 0.470901850683084 0.459507731367806 0.447265083335963 0.461503290001521 0.48279015477981 0.5106046998879 0.534638131265635 0.556327409459925 0.569261390854212 0.585460791997664 0.605294488829886 0.606095761431634 -9999 -9999 -9999 -9999 -9999 -9999 -9999 -9999 -9999 -9999 -9999 -9999 -9999 -9999 -9999 -9999 -9999 -9999 -9999 -9999 -9999 -9999
0.348488099647883 0.351633032555016 0.366718306286816 0.386531078480979 0.416421050903853 0.430555132172426 0.41950290969277 0.415627861365697 0.415057538171601 0.427167847666193 0.438333658401489 0.44765713197108 0.445981550431613 0.438562204699188 0.472272911927532 0.502156531195799 0.520257281013661 0.512876392502272 0.489273931541429 0.458326376036442 0.436323635725765 0.443287799652625 0.467133723364391 0.503971546008402 0.491543792464486 0.482800938195069 0.514581373082253 0.552218019754305 0.595278036075425 0.611271463514529 0.621909935927917 0.632046707275357 0.637340472417402 0.63724414442442 0.643095964377232 -9999 -9999 -9999 -9999 -9999 -9999 -9999 -9999 -9999 -9999 -9999 -9999 -9999 -9999 -9999 -9999 -9999 -9999 -9999 -9999 -9999 -9999
0.351616415442988 0.358573080026673 0.358334940054433 0.35900086897731 0.406015376396902 0.433208468959471 0.42871638609022 0.422877293381376 0.4166133436118 0.417127867801235 0.419021618319975 0.42360568462938 0.426063382632439 0.427410679967628 0.470119764767949 0.505044047383816 0.518621084290748 0.523814252131867 0.52367026159641 0.51270605986246 0.509975986018697 0.534855847539343 0.554765465121736 0.570850072294247 0.567641684800762 0.568346934943886 0.594732724296188 0.625602430644225 0.660624640391546 0.684422852266324 0.705621210441002 0.724547771926757 0.716033200496854 0.676977627079128 0.65983086133794 -9999 -9999 -9999 -9999 -9999 -9999 -9999 -9999 -9999 -9999 -9999 -9999 -9999 -9999 -9999 -9999 -9999 -9999 -9999 -9999 -9999 -9999
0.358527524968212 0.370860761388156 0.365926993963881 0.358251289840006 0.393198805129203 0.415308461213628 0.416896382396363 0.417426838907063 0.417343963678234 0.409466512346959 0.405293886876241 0.408347886436196 0.410946840997896 0.4133081686779 0.459414631725902 0.494738703679223 0.501334654705453 0.51222569848271 0.525850991814003 0.535797272824638 0.54996759312125 0.57786601582284 0.585670318473238 0.578010547462849 0.594546240561064 0.613555466517585 0.629672387669818 0.648935941287187 0.671113554647456 0.68980802109416 0.709448607441861 0.737922907526054 0.742910639179668 0.721758658040441 0.719288886722909 -9999 -9999 -9999 -9999 -9999 -9999 -9999 -9999 -9999 -9999 -9999 -9999 -9999 -9999 -9999 -9999 -9999 -9999 -9999 -9999 -9999 -9999
0.366200646949829 0.384008727818309 0.378692048303787 0.367455499243622 0.381903501061584 0.393195633450694 0.399443006057802 0.407960447547582 0.416931015598272 0.402155643613509 0.393171683932057 0.395484440125871 0.397049550475549 0.398224236249116 0.445170165677854 0.479535436301952 0.480707821083989 0.496061757828518 0.520443649119485 0.551219650174483 0.580821497857727 0.60535733391209 0.600573519062473 0.573225827808585 0.611438282094698 0.649800885337532 0.654306766186852 0.659501136547423 0.665333109039917 0.676719404673474 0.693083817766894 0.730660308940566 0.75561280420998 0.766515242392055 0.777999850402774 -9999 -9999 -9999 -9999 -9999 -9999 -9999 -9999 -9999 -9999 -9999 -9999 -9999 -9999 -9999 -9999 -9999 -9999 -9999 -9999 -9999 -9999
0.369333548584964 0.388312543614784 0.39414075401508 0.39549217553645 0.395941490455787 0.394940689561902 0.391621831442039 0.397438656778577 0.406580696101471 0.390551232005014 0.37972085808283 0.379031817816871 0.380206889158759 0.382355409346813 0.420878329680863 0.455117186797993 0.47676510471529 0.506513961166229 0.541419862844563 0.588921582418555 0.625721814423962 0.626980100444508 0.632414011326271 0.641061408057089 0.68622280531651 0.725096714598195 0.719813175029366 0.700106640347398 0.667043137574325 0.69104096944414 0.726752667888744 0.76583275004678 0.788715578875968 0.793571442578239 0.791659015539782 -9999 -9999 -9999 -9999 -9999 -9999 -9999 -9999 -9999 -9999 -9999 -9999 -9999 -9999 -9999 -9999 -9999 -9999 -9999 -9999 -9999 -9999
0.377861008852886 0.39465859927261 0.406934038169287 0.416218250287545 0.404912309225747 0.394548016819502 0.385688980373111 0.38666876656121 0.391467262984126 0.380293188504366 0.371627130006844 0.367853201870298 0.367001454636932 0.36767568557811 0.397347541817914 0.429820443195801 0.467255870801363 0.512321473667034 0.562244434571643 0.621396104046618 0.66626497914149 0.665462148551641 0.674414616411168 0.690874586635555 0.731461548924715 0.762823688188334 0.744873296485976 0.713681388376847 0.670226665870595 0.707282912698452 0.757084566076019 0.791057013946612 0.809658112824564 0.811151448638117 0.812191315864656 -9999 -9999 -9999 -9999 -9999 -9999 -9999 -9999 -9999 -9999 -9999 -9999 -9999 -9999 -9999 -9999 -9999 -9999 -9999 -9999 -9999 -9999
0.39447621398265 0.40406646518585 0.415746204772221 0.425983969598849 0.406286216743095 0.390950372784975 0.382587181870855 0.375526915415191 0.369212773418383 0.372053675617179 0.371564983926573 0.364581593848305 0.359249100584662 0.354778714285307 0.374957748715556 0.403206624998117 0.449401084129671 0.511165474042355 0.582841658359137 0.646033476015502 0.700275722047441 0.729220327147291 0.731647681806193 0.713667837092558 0.732404040786433 0.744225883404965 0.709294675229172 0.686730512165958 0.675619325801008 0.726403966603171 0.782413568252663 0.80136656015358 0.81236951220302 0.814524353511059 0.814050521767344 -9999 -9999 -9999 -9999 -9999 -9999 -9999 -9999 -9999 -9999 -9999 -9999 -9999 -9999 -9999 -9999 -9999 -9999 -9999 -9999 -9999 -9999
0.40789498842679 0.424211534228881 0.430897160969365 0.43267196543106 0.410985218156088 0.392194159020236 0.37803195142428 0.366048483340116 0.355121083576693 0.350521396382328 0.340815436565595 0.32114919280162 0.322540373152606 0.334927850678955 0.372485130128548 0.415946570854388 0.472095538568357 0.537047410399863 0.607603197688575 0.662754260572492 0.708829711647223 0.73083391182328 0.729420737453706 0.709985972489804 0.72535785019575 0.739033593696486 0.72768220019939 0.711415891449457 0.690597936825167 0.73805284534056 0.791653081505315 0.80645775677206 0.814736379254257 0.815751737800593 0.815963647173297 -9999 -9999 -9999 -9999 -9999 -9999 -9999 -9999 -9999 -9999 -9999 -9999 -9999 -9999 -9999 -9999 -9999 -9999 -9999 -9999 -9999 -9999
0.420479674055243 0.448335603464429 0.448269608999765 0.438010594841085 0.416227858680898 0.394404285573649 0.372515433280172 0.357152656557903 0.34439675199348 0.324511729472763 0.299042660322444 0.262681362315828 0.274826829506008 0.312302783569014 0.376818805146546 0.442367061857995 0.508730954273097 0.571891476205302 0.633012737329417 0.675312762973124 0.706448928120093 0.707945384097721 0.704819633077149 0.698136714620854 0.717222712445397 0.740431577976677 0.766471058425761 0.755570456644976 0.710460074180175 0.747779128752696 0.795130262743546 0.809857586550416 0.819905881394171 0.824746583923761 -9999 -9999 -9999 -9999 -9999 -9999 -9999 -9999 -9999 -9999 -9999 -9999 -9999 -9999 -9999 -9999 -9999 -9999 -9999 -9999 -9999 -9999 -9999
0.44426525891908 0.466198053168232 0.458547423776274 0.439580498905446 0.401185886679052 0.371736223856979 0.356585353182141 0.346385565940543 0.338034094517697 0.318207375585625 0.284462285509468 0.22356805183472 0.236695878758564 0.288478413467705 0.354227781723339 0.42177393976602 0.492790515984733 0.562790325723046 0.632142863456597 0.659756194780995 0.678923341874653 0.682065732997707 0.705850572507811 0.745521469311447 0.76360820985322 0.777238232194478 0.784512697393451 0.77850524693812 0.760197568812209 0.784414612646078 0.813322141800173 0.822760192756312 0.827175887256137 0.826001878189885 -9999 -9999 -9999 -9999 -9999 -9999 -9999 -9999 -9999 -9999 -9999 -9999 -9999 -9999 -9999 -9999 -9999 -9999 -9999 -9999 -9999 -9999 -9999
0.461639700002439 0.478067572265373 0.46511807420572 0.44065314854807 0.393013179580265 0.360145853202833 0.350893075809106 0.343943876329716 0.337624232320644 0.315164938805162 0.275572624839376 0.202560679534001 0.20731704734916 0.252684435640112 0.331162572043107 0.408972733651699 0.483119815112334 0.555251839970881 0.626101082841935 0.655555561201826 0.675560264253106 0.676401805387956 0.712975478293342 0.777047957633087 0.793690468497896 0.801377165696898 0.79842403499887 0.795161649016808 0.791612865311635 0.806618204769251 0.823312085456362 0.829563176171025 0.832310985303359 0.831159767012205 -9999 -9999 -9999 -9999 -9999 -9999 -9999 -9999 -9999 -9999 -9999 -9999 -9999 -9999 -9999 -9999 -9999 -9999 -9999 -9999 -9999 -9999 -9999
0.467325099745141 0.479010552197026 0.464929681507578 0.440819185004103 0.397364777688341 0.368752750496903 0.363866750002211 0.356681374688318 0.348067733031694 0.318069753438062 0.277058490776032 0.214564742813059 0.193895413011554 0.195067013457704 0.307232807932133 0.410378045298384 0.484880338115063 0.550562464027675 0.610629685019266 0.672059499801634 0.716251191949405 0.707595954230727 0.731211135465781 0.779661051165129 0.794048041748787 0.802419828673476 0.804804849966507 0.800371054755321 0.789622432855818 0.802509022557285 0.818347948335101 0.825245095168859 0.829452459648908 0.830666192325783 -9999 -9999 -9999 -9999 -9999 -9999 -9999 -9999 -9999 -9999 -9999 -9999 -9999 -9999 -9999 -9999 -9999 -9999 -9999 -9999 -9999 -9999 -9999
0.461248144407464 0.468874032307922 0.455192918810588 0.433975551220416 0.407344419548124 0.390639140983028 0.389800660993137 0.380027121470251 0.366236097407326 0.341189576744399 0.313354821155009 0.280081340759281 0.245339430488793 0.209830698445807 0.314793629631221 0.413839261706606 0.489903992476951 0.559008199323709 0.623681347160301 0.694117878623921 0.74357019574827 0.727735964442171 0.734727493945146 0.75928531874325 0.77168766898307 0.781315185433037 0.786311265504507 0.789131284763235 0.789936079402383 0.802749652529123 0.81665662874995 0.823807601217561 0.827574241833877 -9999 -9999 -9999 -9999 -9999 -9999 -9999 -9999 -9999 -9999 -9999 -9999 -9999 -9999 -9999 -9999 -9999 -9999 -9999 -9999 -9999 -9999 -9999 -9999
0.449436040691253 0.453335314049719 0.440800513740765 0.423714107088829 0.42006821134866 0.41900041369535 0.42205378956834 0.408545291489573 0.388170989745901 0.374165935873983 0.366624213249784 0.37168985008978 0.328410969434844 0.259886328506877 0.337708789888658 0.418302906521297 0.496518700874833 0.573858418365627 0.650640426649632 0.718884519407179 0.76436924949171 0.742486142021093 0.731066942574749 0.727700578687009 0.738250365588204 0.749411846993258 0.755689295988576 0.769871142755945 0.791373160402697 0.805111185850877 0.816561086035773 0.823774638420194 -9999 -9999 -9999 -9999 -9999 -9999 -9999 -9999 -9999 -9999 -9999 -9999 -9999 -9999 -9999 -9999 -9999 -9999 -9999 -9999 -9999 -9999 -9999 -9999 -9999
0.463663414504264 0.469869312770435 0.453697379932764 0.431644695099594 0.432322368682536 0.434753520874935 0.439987665576059 0.429635108707019 0.412324499144504 0.377733444874041 0.362158562103245 0.383676580893652 0.343911173278088 0.272143239379844 0.377743659042042 0.47014326504295 0.5197009558556 0.571667142749457 0.625166574608601 0.699640748083649 0.755805387083448 0.751294129948159 0.73371002131784 0.706065281121638 0.726474650693095 0.749040979023717 0.754919700819955 0.766877256578635 0.784464349796806 0.801320699616554 -9999 -9999 -9999 -9999 -9999 -9999 -9999 -9999 -9999 -9999 -9999 -9999 -9999 -9999 -9999 -9999 -9999 -9999 -9999 -9999 -9999 -9999 -9999 -9999 -9999 -9999 -9999
0.477433508780748 0.481981835576514 0.463910590883514 0.440118440032072 0.442422472755114 0.446575704511574 0.45368494098338 0.444998085378323 0.428989013326655 0.382778386909466 0.362355824290085 0.392235401190368 0.361115188678974 0.298140566609061 0.416001880937903 0.510950745030271 0.539408557777937 0.57589985170191 0.617505247601549 0.690073315001336 0.748099962223517 0.754608966417337 0.732654396647008 0.688794771899925 0.711821157456492 0.739115328498781 0.748207864356476 0.761246192976756 0.777938674400287 0.779479792873246 -9999 -9999 -9999 -9999 -9999 -9999 -9999 -9999 -9999 -9999 -9999 -9999 -9999 -9999 -9999 -9999 -9999 -9999 -9999 -9999 -9999 -9999 -9999 -9999 -9999 -9999 -9999
0.489602778699529 0.483465682023974 0.467499954772666 0.449409318342635 0.447699782864895 0.449856187632325 0.458192423444145 0.447675428979759 0.428801106923329 0.391787500972238 0.374289965720049 0.394860434288114 0.383633722508803 0.355802356592808 0.4498958422526 0.525957377738891 0.550954184192096 0.594922565999234 0.650968224004538 0.703188680855387 0.74296882321617 0.745729704146207 0.723160651603887 0.68109813748965 0.690232480127471 0.707055061338667 0.727504143985123 0.749338892071846 0.772456888812917 0.777251943182631 -9999 -9999 -9999 -9999 -9999 -9999 -9999 -9999 -9999 -9999 -9999 -9999 -9999 -9999 -9999 -9999 -9999 -9999 -9999 -9999 -9999 -9999 -9999 -9999 -9999 -9999 -9999
0.487692221950989 0.483103523663209 0.471845388910063 0.458837905652221 0.452651540374379 0.449221011931864 0.450195778177877 0.444400261394389 0.435347965183898 0.407799030739327 0.391122287194599 0.39565281488265 0.393321669808844 0.387407323276135 0.452434603140902 0.507190453388071 0.532766287141094 0.593472931406102 0.676543796549093 0.691856560483381 0.698127017552622 0.692611145172021 0.684321607645786 0.673897507271653 0.677729779277845 0.684571455416649 0.695872029502504 0.72105339555692 0.759089601673955 0.763697880250624 -9999 -9999 -9999 -9999 -9999 -9999 -9999 -9999 -9999 -9999 -9999 -9999 -9999 -9999 -9999 -9999 -9999 -9999 -9999 -9999 -9999 -9999 -9999 -9999 -9999 -9999 -9999
0.47738096953169 0.481639950848483 0.476641930593831 0.468348656714192 0.457409057685847 0.446249567548218 0.434738574330521 0.43757354192286 0.445913105039287 0.427988535468897 0.410877096343707 0.395351747644803 0.395354277646202 0.40346554724269 0.436265356984684 0.468272615160312 0.496837952813974 0.579808517699709 0.697413368017593 0.665937904598344 0.629591935448676 0.613097313225235 0.627973759681993 0.666992816795614 0.670648205057016 0.667801742037778 0.657719514217512 0.682995886913801 0.741017448465868 0.75625523538199 -9999 -9999 -9999 -9999 -9999 -9999 -9999 -9999 -9999 -9999 -9999 -9999 -9999 -9999 -9999 -9999 -9999 -9999 -9999 -9999 -9999 -9999 -9999 -9999 -9999 -9999 -9999
0.493214031740685 0.486145438545453 0.482486822728801 0.479382864713934 0.468045365679485 0.454555756649905 0.43762592989439 0.432627586558498 0.432368528427778 0.417819028354542 0.397492865564444 0.365898757409391 0.370578731504151 0.394201221359855 0.44543618352739 0.486287472666666 0.500372189552026 0.551158588458091 0.625309222670497 0.597260004032356 0.570092720311716 0.569396430163016 0.595042031227616 0.640959878354701 0.642562865950446 0.639148820987242 0.639099490539027 0.666028206636092 0.717940977989289 0.727658014361549 -9999 -9999 -9999 -9999 -9999 -9999 -9999 -9999 -9999 -9999 -9999 -9999 -9999 -9999 -9999 -9999 -9999 -9999 -9999 -9999 -9999 -9999 -9999 -9999 -9999 -9999 -9999
