layers/veg_krg/veg_4200.asc
NCOLS 255 
NROWS 330 
XLLCORNER -2985163.8955 
YLLCORNER -3022031.214 
CELLSIZE 25000 
NODATA_value -9999 
[rows 75 to 99 of 330, columns 0 to 56 of 255]
-9999 -9999 -9999 -9999 -9999 -9999 -9999 -9999 -9999 -9999 -9999 -9999 -9999 -9999 -9999 -9999 -9999 -9999 -9999 -9999 -9999 -9999 -9999 -9999 -9999 -9999 0.623938863928504 0.635235140988027 0.644777633162079 0.651672212179629 0.653397457882658 0.646359909387023 0.451276334153308 0.32950074210136 0.342373937623731 0.360665738225289 0.381619857848915 0.510548036476074 0.616572041382024 0.667972374983461 0.698745815815059 0.717123282504649 0.731603003889878 0.743517670082443 0.748830019509398 0.755257423380927 0.762496578205195 0.775471639877546 0.78764546771559 0.794474556931748 0.801806832431562 0.809580361456834 0.81763258995758 0.820905482827205 0.800410695765876 0.795817627215997 0.807983966728544
-9999 -9999 -9999 -9999 -9999 -9999 -9999 -9999 -9999 -9999 -9999 -9999 -9999 -9999 -9999 -9999 -9999 -9999 -9999 -9999 -9999 -9999 -9999 -9999 -9999 -9999 0.614030570000229 0.626214650394918 0.639125572415141 0.653133900120002 0.662878108746982 0.666374572675149 0.542205806238355 0.440901766614694 0.381594622963099 0.370088954234824 0.382069547027994 0.521103424265035 0.631255877504501 0.672767561304655 0.701071363369637 0.721437733350844 0.731687093486477 0.740601206294514 0.747473989161287 0.753969767050484 0.760191088251737 0.770256664655879 0.780032809963457 0.78713203908807 0.794380658902281 0.80176028222473 0.811946933705458 0.820617677652502 0.81940319345215 0.816061305801015 0.810477269131872
-9999 -9999 -9999 -9999 -9999 -9999 -9999 -9999 -9999 -9999 -9999 -9999 -9999 -9999 -9999 -9999 -9999 -9999 -9999 -9999 -9999 -9999 -9999 -9999 -9999 -9999 0.615072617592035 0.623730258163873 0.636398494245231 0.655122038878414 0.66670225244984 0.672544445793346 0.596890608045052 0.510311678975329 0.40366603634016 0.373338319350558 0.380507829451985 0.530220798508748 0.64557963366272 0.679515523807231 0.704021001315082 0.722859161282822 0.730543354276653 0.737750421298268 0.745528825187943 0.752324414007593 0.758404521109431 0.766106583903269 0.773881650048083 0.781240702960307 0.788517740007951 0.795722855799859 0.806521120246679 0.8179520081868 0.829395643254029 0.829097814171385 0.816425222650555
-9999 -9999 -9999 -9999 -9999 -9999 -9999 -9999 -9999 -9999 -9999 -9999 -9999 -9999 -9999 -9999 -9999 -9999 -9999 -9999 -9999 -9999 -9999 -9999 -9999 -9999 0.639910006338481 0.635521983022803 0.640122388315796 0.658293772904098 0.658193035594739 0.648482332040476 0.572176616770792 0.487710188492881 0.388254531694315 0.363157894404126 0.374596016375096 0.536089550091564 0.658950205773291 0.690514645762348 0.708354083075508 0.717945318385205 0.726722520036898 0.735054352069731 0.742263510988327 0.749849719791036 0.757710417973299 0.764280473727535 0.770956738081098 0.778564773628532 0.786212597719092 0.793895313132204 0.801996844476005 0.810386432404612 0.81983252533279 0.826396544413569 0.829923039490898
-9999 -9999 -9999 -9999 -9999 -9999 -9999 -9999 -9999 -9999 -9999 -9999 -9999 -9999 -9999 -9999 -9999 -9999 -9999 -9999 -9999 -9999 -9999 -9999 -9999 -9999 0.649487742552566 0.646099243487627 0.648914951781688 0.661097944756809 0.645572493682385 0.615881611608448 0.496610220963135 0.406074169645304 0.368317889820962 0.384667010983849 0.427599696761575 0.555618769356186 0.655347016527107 0.68886759028711 0.706529209970052 0.71466020442252 0.722121933257006 0.729466658307439 0.73659502143638 0.744446078203025 0.752823250310315 0.759169771347156 0.765613987702273 0.773270434827404 0.781675417369918 0.790736804712357 0.798693850162751 0.806460590910776 0.814243744298561 0.822798489458372 0.832166443665728
-9999 -9999 -9999 -9999 -9999 -9999 -9999 -9999 -9999 -9999 -9999 -9999 -9999 -9999 -9999 -9999 -9999 -9999 -9999 -9999 -9999 -9999 -9999 -9999 -9999 -9999 0.650222550838938 0.655972725076419 0.660644795638286 0.663689115310986 0.630569449868917 0.578332791387989 0.391574992409376 0.290227799122137 0.345758942997938 0.424540132326054 0.514744748415676 0.583064193194462 0.641907577862946 0.679892108732669 0.701135818450062 0.712318934531963 0.717069481960589 0.722203275843078 0.729533898179749 0.737345119428077 0.745506212941677 0.752155656547916 0.758870106414901 0.766458734725053 0.775844776920166 0.786807005190308 0.796098585195529 0.804643965725744 0.810958080886292 0.818680749874036 0.827887945729169
-9999 -9999 -9999 -9999 -9999 -9999 -9999 -9999 -9999 -9999 -9999 -9999 -9999 -9999 -9999 -9999 -9999 -9999 -9999 -9999 -9999 -9999 -9999 -9999 -9999 -9999 -9999 -9999 -9999 -9999 0.532802216549358 0.524930934300501 0.40046241244851 0.328780774177369 0.354055695962785 0.413673762907811 0.490165620671664 0.557788913352216 0.61673201246988 0.656275823981772 0.683732935118328 0.703926401313948 0.713005808591245 0.720202268820338 0.723976081913965 0.730386490978671 0.738716321379193 0.746531917809547 0.754153045001082 0.76127964870561 0.769557510988642 0.778844933593523 0.787721479405131 0.796325582802085 0.803943191966634 0.812402941155107 0.821750252797693
-9999 -9999 -9999 -9999 -9999 -9999 -9999 -9999 -9999 -9999 -9999 -9999 -9999 -9999 -9999 -9999 -9999 -9999 -9999 -9999 -9999 -9999 -9999 -9999 -9999 -9999 -9999 -9999 -9999 -9999 0.594684927019482 0.484597185892888 0.413959270379803 0.366438216304913 0.361377167676612 0.40816074466772 0.480417101269331 0.54394807844594 0.59988563795432 0.638878026347675 0.670056424792563 0.696538913949128 0.708424396278764 0.717107710729545 0.719227845485798 0.725081056321224 0.733651917472885 0.741668689972174 0.749497389040682 0.75687173104641 0.764596576167965 0.772628784070594 0.781363359471149 0.790086867822196 0.798149642939091 0.806703927050171 0.815776230631535
-9999 -9999 -9999 -9999 -9999 -9999 -9999 -9999 -9999 -9999 -9999 -9999 -9999 -9999 -9999 -9999 -9999 -9999 -9999 -9999 -9999 -9999 -9999 -9999 -9999 -9999 -9999 -9999 -9999 0.67456810071847 0.593372629119108 0.481956598220025 0.424081856795694 0.380128918927691 0.361746920108158 0.42425995073196 0.526519073298295 0.568506951360065 0.607291283009735 0.640406484400574 0.668172670396978 0.692724302594393 0.702299327142668 0.710310002766804 0.716468071325919 0.724244457222051 0.733198965537719 0.738676445652088 0.744725763157138 0.754329946887058 0.763300532892978 0.771715505126189 0.781293547614217 0.790401634719222 0.796192371216675 0.802877714432697 0.810505916688835
-9999 -9999 -9999 -9999 -9999 -9999 -9999 -9999 -9999 -9999 -9999 -9999 -9999 -9999 -9999 -9999 -9999 -9999 -9999 -9999 -9999 -9999 -9999 -9999 -9999 -9999 -9999 -9999 0.680834196646059 0.670857693754831 0.603409996373072 0.51394423417769 0.44480672284102 0.39725134843823 0.389337066932574 0.447333557816799 0.537713937271664 0.577539989938774 0.614393332622225 0.645845518474067 0.665659812976571 0.678480179608132 0.697332211034701 0.71302653270806 0.718724446662282 0.725403321379783 0.732796327894226 0.737229948641212 0.742124954865508 0.749953019453408 0.757046002331893 0.763494378220255 0.771790221106638 0.780402651161543 0.788978882204588 0.796839929075133 0.803947216949249
-9999 -9999 -9999 -9999 -9999 -9999 -9999 -9999 -9999 -9999 -9999 -9999 -9999 -9999 -9999 -9999 -9999 -9999 -9999 -9999 -9999 -9999 -9999 -9999 -9999 -9999 -9999 0.684809171715603 0.678196193116527 0.661598755658667 0.621426325256482 0.570275959928901 0.472985128809995 0.416786326406175 0.436063503633884 0.475310259166975 0.524368652087938 0.575658165854765 0.621281950705498 0.654033738148462 0.662704687980181 0.656903974838824 0.693179150905876 0.722431695145263 0.724507240074755 0.727965022056768 0.732429061849559 0.736870132012647 0.74105025946222 0.744285962525095 0.747305590975395 0.750135739529966 0.755655011595924 0.763152967427715 0.778070204347718 0.789247379432108 0.796482765304432
-9999 -9999 -9999 -9999 -9999 -9999 -9999 -9999 -9999 -9999 -9999 -9999 -9999 -9999 -9999 -9999 -9999 -9999 -9999 -9999 -9999 -9999 -9999 -9999 -9999 -9999 0.678668245975808 0.665242107759982 0.659988820627809 0.667075131179367 0.616356268798978 0.543013385621362 0.476734975820964 0.428405456059603 0.413043645641282 0.449495825825649 0.511405733741565 0.586351883719465 0.641680216623621 0.652299859595413 0.66051396276407 0.667282428456937 0.697582379957919 0.721428337092607 0.72290972040322 0.725300202245467 0.728352500739609 0.732286503182022 0.736198787813675 0.739660415605941 0.742903641903942 0.745955347819851 0.751144310190605 0.757353176836586 0.76673791242873 0.773919964351498 0.778780526655335
-9999 -9999 -9999 -9999 -9999 -9999 -9999 -9999 -9999 -9999 -9999 -9999 -9999 -9999 -9999 -9999 -9999 -9999 -9999 -9999 -9999 -9999 -9999 -9999 -9999 -9999 0.67666020493013 0.653803025274253 0.650219830994163 0.675737035444569 0.612804100272963 0.516961348346244 0.479748703550186 0.441398953969669 0.400960621755624 0.433288350716701 0.501368171959149 0.596298526275007 0.660269990586906 0.653522477526552 0.661901553376524 0.679371130984634 0.701715566414651 0.718914227330183 0.720677658797811 0.722375042150226 0.724024342989081 0.727237523827696 0.730734848205133 0.734612613477387 0.738255449296071 0.741692271053982 0.746686040761754 0.751769872024564 0.755953155870383 0.759475002997984 0.76229973755501
-9999 -9999 -9999 -9999 -9999 -9999 -9999 -9999 -9999 -9999 -9999 -9999 -9999 -9999 -9999 -9999 -9999 -9999 -9999 -9999 -9999 -9999 -9999 -9999 -9999 -9999 0.672744912852476 0.670813916460463 0.675482254592076 0.690114451378201 0.622943220361814 0.525573557206726 0.48910028824739 0.462057943578319 0.452337894057385 0.470101855508048 0.501369514708051 0.599064746415795 0.667646070219979 0.668646140944421 0.675460720280958 0.685769597047954 0.701792237553835 0.714935459462814 0.718926396266948 0.720448039950586 0.720172057470849 0.722108135146646 0.724515783455865 0.727716248453784 0.730805762069404 0.733797980329041 0.738175525967538 0.742768724605248 0.747227757325771 0.750918084643438 0.753798244964565
-9999 -9999 -9999 -9999 -9999 -9999 -9999 -9999 -9999 -9999 -9999 -9999 -9999 -9999 -9999 -9999 -9999 -9999 -9999 -9999 -9999 -9999 -9999 -9999 -9999 -9999 0.686302897084872 0.689978289064494 0.693856075693948 0.698039443390117 0.630047389037284 0.534628045224762 0.471014091203066 0.437395312308098 0.458870314316624 0.485469049860662 0.514585225420395 0.607987717526365 0.670169397592475 0.660060825877642 0.664278279353287 0.677105126391039 0.692533507525126 0.704536058844861 0.706373620233461 0.708928970315403 0.712006864976688 0.714952192398954 0.717864708550236 0.720713074039208 0.72322881566584 0.725452873165387 0.729860489728793 0.734538229183697 0.738660940697176 0.742729463095085 0.746740873584006
-9999 -9999 -9999 -9999 -9999 -9999 -9999 -9999 -9999 -9999 -9999 -9999 -9999 -9999 -9999 -9999 -9999 -9999 -9999 -9999 -9999 -9999 -9999 -9999 -9999 -9999 0.714669221475231 0.710967704939926 0.706391909279094 0.700496102698955 0.634579481812688 0.544057358209428 0.429674784781949 0.374323285651704 0.427397393642908 0.482660817093899 0.538999915208151 0.622128442938454 0.668580090053128 0.631382506386926 0.632127696084616 0.65567504230404 0.675363164725453 0.688695268065559 0.684666723167978 0.68928076708883 0.700186548369799 0.706078775410323 0.710847511502797 0.713619380264352 0.715544019014487 0.716725705817093 0.721711118640169 0.726960849796245 0.73022851986898 0.734852967577844 0.7409073733153
-9999 -9999 -9999 -9999 -9999 -9999 -9999 -9999 -9999 -9999 -9999 -9999 -9999 -9999 -9999 -9999 -9999 -9999 -9999 -9999 -9999 -9999 -9999 -9999 -9999 -9999 0.722994681399871 0.72042921242182 0.715808539804376 0.708084863619548 0.669878465987939 0.617149004213706 0.495563623782362 0.417984948265045 0.421235797782166 0.490734906004471 0.592783719686411 0.604233405272787 0.60348270058828 0.577508579738934 0.586552602879116 0.616641192073862 0.641929742926237 0.658418584857438 0.650778474829944 0.663731867185653 0.691677168915058 0.698857820988454 0.702844381994233 0.70389538747603 0.705255229601093 0.706885896393 0.713180824578592 0.719807012989368 0.724037896008023 0.727349136882068 0.729691132956451
-9999 -9999 -9999 -9999 -9999 -9999 -9999 -9999 -9999 -9999 -9999 -9999 -9999 -9999 -9999 -9999 -9999 -9999 -9999 -9999 -9999 -9999 -9999 -9999 -9999 -9999 0.727228708809257 0.727794112200749 0.72531148825735 0.718226867941253 0.707091028934349 0.69070702432486 0.572282646213049 0.478896414850987 0.431499118890438 0.506063028947271 0.640550043564992 0.585469071275332 0.541499610632118 0.527617049052536 0.542816701164381 0.575493652108088 0.608809217894381 0.631104014589346 0.62203223570543 0.640982170302871 0.680331694110104 0.688226388368044 0.691825136131858 0.692960760314055 0.694683269870545 0.696920430260846 0.704266084831195 0.711930652014862 0.716755687679518 0.718779167973603 0.717849985658859
-9999 -9999 -9999 -9999 -9999 -9999 -9999 -9999 -9999 -9999 -9999 -9999 -9999 -9999 -9999 -9999 -9999 -9999 -9999 -9999 -9999 -9999 -9999 -9999 -9999 -9999 0.727704625842232 0.734188920411296 0.737584184035487 0.736315542897171 0.729810915838267 0.718071611629153 0.617795778086424 0.538759318023704 0.498734378450238 0.546777827051077 0.638091848364405 0.587005839934553 0.542204159123512 0.515338784676543 0.517810202518135 0.537911911197824 0.58949348477408 0.628496508947274 0.626393464024463 0.635700554208696 0.653314133900316 0.660517961877427 0.667562498354826 0.67840772665894 0.684775590135196 0.687217168100064 0.693857177950376 0.700380657698948 0.702706589797375 0.704980125969051 0.707198440139621
-9999 -9999 -9999 -9999 -9999 -9999 -9999 -9999 -9999 -9999 -9999 -9999 -9999 -9999 -9999 -9999 -9999 -9999 -9999 -9999 -9999 -9999 -9999 -9999 -9999 -9999 0.741014330041806 0.741537546213042 0.742464080023976 0.743999554015232 0.742075598385117 0.736324325114035 0.661753355343023 0.591257260583238 0.52824571192559 0.548051479395966 0.608547814431609 0.58452910401965 0.552715744369471 0.505483933219622 0.501919845636396 0.524598390824487 0.57940446068905 0.621591811166377 0.622447416383844 0.629403978527974 0.64080198980666 0.648499396210604 0.656266920964812 0.665848994159719 0.671050992418936 0.672412020504848 0.680994370561748 0.689382127678049 0.690578829012617 0.693487304185848 0.698199880988228
-9999 -9999 -9999 -9999 -9999 -9999 -9999 -9999 -9999 -9999 -9999 -9999 -9999 -9999 -9999 -9999 -9999 -9999 -9999 -9999 -9999 -9999 -9999 -9999 -9999 -9999 0.740892609784385 0.739902013866828 0.739812625009989 0.741083903617317 0.743689131698094 0.745294395760364 0.704126224754718 0.636252213061133 0.519326121175026 0.509144804787315 0.551410315980229 0.577963644947372 0.573218163696478 0.498097912765404 0.495316479525453 0.536007910742999 0.57871506682796 0.610309385969154 0.610038403032432 0.622073421525274 0.643067113232204 0.652464740889822 0.658181424467512 0.655321938756734 0.653437942441037 0.652409371141098 0.66563167320243 0.678945397149802 0.680408413819003 0.684343924355654 0.690885287437524
-9999 -9999 -9999 -9999 -9999 -9999 -9999 -9999 -9999 -9999 -9999 -9999 -9999 -9999 -9999 -9999 -9999 -9999 -9999 -9999 -9999 -9999 -9999 -9999 -9999 -9999 -9999 0.738830948440334 0.741178737012068 0.747071282012755 0.735667446934884 0.717381123779456 0.698046223854612 0.657506313421435 0.578017998851038 0.538015766448923 0.517414200108871 0.506763549065633 0.492411758803592 0.469429237027169 0.474879800366498 0.497417561075067 0.571962601697205 0.629806081444413 0.631308229257097 0.641017170437946 0.656700593284649 0.654150125031015 0.649206116426342 0.643188042143099 0.639364837630431 0.637466355741655 0.647528870372802 0.657247941628304 0.654952129300122 0.655443232302086 0.658871568233919
-9999 -9999 -9999 -9999 -9999 -9999 -9999 -9999 -9999 -9999 -9999 -9999 -9999 -9999 -9999 -9999 -9999 -9999 -9999 -9999 -9999 -9999 -9999 -9999 -9999 -9999 -9999 -9999 -9999 0.75713096482729 0.726779811478986 0.685771436564397 0.682675281544751 0.671047028475255 0.643747403639482 0.581503792039666 0.502091178582508 0.440146300944035 0.408275568958033 0.443963989895898 0.458696055199294 0.460834151771955 0.56406250848201 0.646805931917131 0.654008981533262 0.661776661206254 0.669955387163877 0.653566319887939 0.637023769465496 0.630264514200087 0.626223458311585 0.624566042631318 0.630527505465889 0.635542913074663 0.62932490602981 0.625622272143209 0.624570682869055
-9999 -9999 -9999 -9999 -9999 -9999 -9999 -9999 -9999 -9999 -9999 -9999 -9999 -9999 -9999 -9999 -9999 -9999 -9999 -9999 -9999 -9999 -9999 -9999 -9999 -9999 -9999 -9999 -9999 -9999 0.726779811478986 0.68566126658879 0.679370689237003 0.669606822946476 0.653463376640264 0.618824230595899 0.575097606774559 0.501834512553396 0.455759605741849 0.471946061202084 0.491599970201335 0.513337686242581 0.557771322412771 0.600627883453275 0.635095641763228 0.654694081045366 0.663467771862405 0.641441469768474 0.620157880193006 0.614558505773215 0.613872309772845 0.617494572427222 0.624961429891086 0.630864051653609 0.625747957993841 0.619679485978655 0.612607267262962
-9999 -9999 -9999 -9999 -9999 -9999 -9999 -9999 -9999 -9999 -9999 -9999 -9999 -9999 -9999 -9999 -9999 -9999 -9999 -9999 -9999 -9999 -9999 -9999 -9999 -9999 -9999 -9999 -9999 -9999 -9999 -9999 0.672339516450606 0.670729293612599 0.666161486300817 0.646465158864715 0.619335747394236 0.542537135395346 0.488447058562517 0.487013579722754 0.50878051576925 0.544490014383115 0.547573125607334 0.562279843872504 0.615582109461493 0.644586431300281 0.655902039296622 0.634727071881292 0.613638019571259 0.60654354048786 0.606054559361944 0.611358063754435 0.620041208554266 0.626471203747175 0.618892512773103 0.61033454113689 0.600744469466166
