layers/veg_krg/veg_3800.asc
NCOLS 255 
NROWS 330 
XLLCORNER -2985163.8955 
YLLCORNER -3022031.214 
CELLSIZE 25000 
NODATA_value -9999 
[rows 75 to 99 of 330, columns 171 to 227 of 255]
0.830080173372715 0.836553823966477 0.834517880638449 0.828544132034437 0.807445479379928 0.788979166002388 0.774720732455246 0.768599928635977 0.765384863655057 0.737113647956738 0.714943343729135 0.704673463759951 0.696472425693247 0.689351747704979 0.681612529788993 0.671827892025788 0.657145946657741 0.655881321620086 0.663158142426874 -9999 -9999 -9999 -9999 -9999 -9999 -9999 -9999 -9999 -9999 -9999 -9999 -9999 -9999 -9999 -9999 -9999 -9999 -9999 -9999 -9999 -9999 -9999 -9999 -9999 -9999 -9999 -9999 -9999 -9999 -9999 -9999 -9999 -9999 -9999 -9999 -9999 -9999
0.831755014665582 0.829954302074164 0.825858360556118 0.819819813414324 0.797402280913161 0.779073546906354 0.767280890093508 0.75515684991489 0.742552591077707 0.714004568409957 0.692342530019706 0.684112277147468 0.678097390739407 0.673239380303422 0.671016001803811 0.66514085408386 0.650290717538323 0.644905460210511 0.645545530688229 -9999 -9999 0.609778149345127 0.609778149345127 -9999 -9999 -9999 -9999 -9999 -9999 -9999 -9999 -9999 -9999 -9999 -9999 -9999 -9999 -9999 -9999 -9999 -9999 -9999 -9999 -9999 -9999 -9999 -9999 -9999 -9999 -9999 -9999 -9999 -9999 -9999 -9999 -9999 -9999
0.831069451518942 0.823545157832324 0.817382971171563 0.81056309414221 0.788172266856602 0.770297584374965 0.759642106043055 0.741910371941133 0.720978250561723 0.690256539027868 0.668835309626174 0.665555579853153 0.66321034787962 0.661353115552046 0.661983674714602 0.658458208865132 0.644750074806004 0.635499781524835 0.629087342945683 0.616180791205882 0.606169382990767 0.606491642235651 0.598696521689353 0.584654411540943 0.585588253947956 -9999 -9999 -9999 -9999 -9999 -9999 -9999 -9999 -9999 -9999 -9999 -9999 -9999 -9999 -9999 -9999 -9999 -9999 -9999 -9999 -9999 -9999 -9999 -9999 -9999 -9999 -9999 -9999 -9999 -9999 -9999 -9999
0.825191726010695 0.817607112662684 0.809365427598097 0.800168215776559 0.780702866851964 0.763939727861018 0.751496159214517 0.729076271291947 0.702221675081252 0.665188703763878 0.643417451232211 0.651415673201916 0.655952621069076 0.658682073469119 0.656321555597265 0.651716895716059 0.642012418930468 0.634748241195938 0.629037554149235 0.616180791205882 0.604702502642366 0.599087848343061 0.592065775644696 0.583960579040475 0.585588253947956 0.587917396395992 -9999 -9999 -9999 -9999 -9999 -9999 -9999 -9999 -9999 -9999 -9999 -9999 -9999 -9999 -9999 -9999 -9999 -9999 -9999 -9999 -9999 -9999 -9999 -9999 -9999 -9999 -9999 -9999 -9999 -9999 -9999
0.818053890952379 0.810323007242156 0.785340887981491 0.757029258767192 0.763059217016542 0.763122869786249 0.753649189466168 0.711260334573338 0.655847262698526 0.642199218816092 0.635459531037674 0.642195267211998 0.6453137372537 0.646543251973065 0.64929910538103 0.648691439868925 0.639872997553437 0.631204426757933 0.622631263945547 0.60763021375131 0.592991231230349 0.58095144733527 0.57308470815792 0.568429469197565 0.573427812333641 0.579482619918002 0.584659707584278 0.596638084222494 0.614915055505164 0.630271711612476 -9999 -9999 -9999 -9999 -9999 -9999 -9999 -9999 -9999 -9999 -9999 -9999 -9999 -9999 -9999 -9999 -9999 -9999 -9999 -9999 -9999 -9999 -9999 -9999 -9999 -9999 -9999
0.81018582577194 0.802258863497706 0.752040336866687 0.694915195549363 0.739519616550438 0.76551700552286 0.761770449456745 0.690557437144701 0.593468387519018 0.620414132331229 0.637619598444258 0.635825698729429 0.632715481975402 0.628917877568403 0.641488346922528 0.647819313413864 0.63808025147212 0.62604249692386 0.612541398136356 0.594124599475895 0.575343362530367 0.55659552914025 0.546946662347744 0.544300196722545 0.554220427249513 0.566305081411085 0.580381022815779 0.596638084222494 0.614915055505164 0.630271711612476 0.642764707929057 -9999 -9999 -9999 -9999 -9999 -9999 -9999 -9999 -9999 -9999 -9999 -9999 -9999 -9999 -9999 -9999 -9999 -9999 -9999 -9999 -9999 -9999 -9999 -9999 -9999 -9999
0.803955895961266 0.791241887586944 0.739347868812122 0.681682460486774 0.727021555442347 0.739879382069392 0.700814846309032 0.645878321739743 0.586336942639718 0.625478238878201 0.649346054575315 0.643421453316789 0.641901464486877 0.642681587339328 0.645364040922725 0.643279638103205 0.629574892286183 0.617815238572728 0.607293827552746 0.588293328685756 0.570468665935359 0.558200348924607 0.548657612867262 0.541212434927642 0.556259649518728 0.573026996134666 0.584805145534038 0.597938180660551 0.612325959706931 0.617719261712446 0.621411851564353 0.625366456680404 0.631699513428051 0.640679701991714 0.663273666217395 0.689737910935729 0.718480540080168 0.743784078007088 0.764479235771182 0.769748682427092 -9999 -9999 -9999 -9999 -9999 -9999 -9999 -9999 -9999 -9999 -9999 -9999 -9999 -9999 -9999 -9999 -9999
0.795147993556233 0.776758752497394 0.727686500770526 0.674934205962014 0.714577411204794 0.716042962027102 0.656480292280207 0.620132663075863 0.594955902058 0.633367310649967 0.65578317282533 0.646998157965106 0.647272678263802 0.652278135277941 0.64706200941732 0.638547929389568 0.622709078003525 0.61124310342856 0.602560895622704 0.582324356285468 0.564950325984669 0.558988106043176 0.550743505025141 0.540742424549451 0.55923020647734 0.578688231870651 0.587027873324505 0.597053843909179 0.608641504296475 0.606664039189828 0.603601059738377 0.608983698055797 0.619226622805424 0.634878872966055 0.659885775188757 0.687602114612888 0.717291308676953 0.743136025531727 0.763829145238547 0.782068476076696 -9999 -9999 -9999 -9999 -9999 -9999 -9999 -9999 -9999 -9999 -9999 -9999 -9999 -9999 -9999 -9999 -9999
0.779111997416889 0.753276290372935 0.715950372955157 0.678974518704358 0.70073961446179 0.701006896996609 0.666909226864202 0.649138530262438 0.638633976673828 0.64518176167984 0.646524591493031 0.637714647357944 0.639247771056586 0.64618209895683 0.641217106084124 0.63380635933159 0.621231150215841 0.609592438515377 0.598549899654135 0.574911104155175 0.555902821478978 0.553936469498172 0.549963117786729 0.544445215152295 0.561766065014329 0.578694028787549 0.582059614115532 0.590057085095665 0.60234409152749 0.601424813563249 0.594350597658266 0.567756672117382 0.572887825128656 0.613327858793775 0.647299214328341 0.679667287259925 0.712873122464009 0.74072840620368 0.761413954199457 0.78072252001893 0.798366270307235 -9999 -9999 -9999 -9999 -9999 -9999 -9999 -9999 -9999 -9999 -9999 -9999 -9999 -9999 -9999 -9999
0.756493410686586 0.727746595858123 0.694806536006651 0.662938713108787 0.665701229640851 0.667698674176284 0.668473126276208 0.656506195851377 0.639444608010875 0.636064992844215 0.631838852533822 0.625961482172937 0.627853362438822 0.633802386078722 0.629335734190513 0.623029614350113 0.612930095142231 0.601585287129105 0.589447730144593 0.569305988690861 0.553493144167662 0.552734469049084 0.551019168234233 0.548567665475965 0.561992497127047 0.574700139168025 0.576216408067465 0.583979950862873 0.597529021381909 0.598627886101796 0.590453788604709 0.544993047453241 0.533978984913783 0.561302846803206 0.619846446542016 0.68211146576912 0.707610099322296 0.729356129664635 0.746073673961686 0.768423523544254 0.792169820317598 0.808123250012263 -9999 -9999 -9999 -9999 -9999 -9999 -9999 -9999 -9999 -9999 -9999 -9999 -9999 -9999 -9999
0.729247177498576 0.700777670452612 0.667048957668109 0.632789136251409 0.61575855676425 0.621544887728335 0.663804791122779 0.648661925411368 0.610118871409073 0.612233305295725 0.613337751458356 0.612472117827282 0.614090150680213 0.617005167180979 0.613210646701249 0.608010063216492 0.599832293198389 0.589109443408989 0.576766399683614 0.564972016725712 0.555749945361801 0.554238812644419 0.553366258164537 0.552985142019735 0.560595372546706 0.567894418100615 0.56975810305727 0.578549324623339 0.593756057303157 0.597547925888471 0.590320666981166 0.535209433063693 0.500293501043854 0.487854219579811 0.581942542706809 0.691852219851235 0.701753144875463 0.711681582976204 0.721646888582923 0.748424397768503 0.780357279486371 0.803608853681297 0.817991526048365 -9999 -9999 -9999 -9999 -9999 -9999 -9999 -9999 -9999 -9999 -9999 -9999 -9999 -9999
0.75389566807217 0.721798966901029 0.673767776065962 0.623356332308818 0.61437534894299 0.621999816139962 0.656168635392627 0.63612862976225 0.593915914195347 0.586604757999111 0.586271841204068 0.599550662564807 0.605699697263347 0.608125520019796 0.601980777117103 0.595251079088407 0.587640832170468 0.577306533852247 0.565238108529523 0.558075475978742 0.553846957209382 0.557417927816845 0.559494359546788 0.560420621016376 0.560529778460012 0.56208596122178 0.569817935929187 0.577798992219554 0.586010720068055 0.559605869867596 0.528206936681007 0.506258251403633 0.494424809169238 0.493849271585956 0.581853035861477 0.681632483247677 0.687009957208335 0.693248748935735 0.700641705952476 0.734475221049931 0.77528058977325 0.785652275281092 0.800430620926958 0.82235523453569 0.828944467174206 -9999 -9999 -9999 -9999 -9999 -9999 -9999 -9999 -9999 -9999 -9999 -9999
0.773951579733655 0.744420946476447 0.689887785019271 0.630289091654771 0.617109576706435 0.618925620936782 0.644712553557393 0.623394950763378 0.582798669947253 0.571977145832434 0.571558710688784 0.591432517605887 0.600105321599389 0.602928903193342 0.59508624267286 0.586553193435844 0.577015012055253 0.565750979164126 0.55338827180971 0.551544922905755 0.552596953968332 0.560024078077102 0.564453089579937 0.566574807503188 0.561586508263202 0.559264308088682 0.571266088770557 0.577667238737635 0.578881709713229 0.530291723872793 0.481718955783226 0.485935287551027 0.496793941861489 0.515045264200733 0.58836494078134 0.667120828126785 0.671834760602693 0.675529883815913 0.677859803229959 0.716913887938516 0.765424955794184 0.768320571421399 0.782998339836524 0.816783191249793 0.83378107229721 -9999 -9999 -9999 -9999 -9999 -9999 -9999 -9999 -9999 -9999 -9999 -9999
0.759123887203399 0.755129909496467 0.726158019461525 0.686615695761329 0.616479958864637 0.586593533780085 0.621046940891003 0.611672234658932 0.584595677714254 0.596279674210378 0.602944679761565 0.599819652810132 0.602282109448675 0.607662379286137 0.601492374030495 0.591161594089205 0.571506358708606 0.554810904515293 0.539999642552625 0.547221264905949 0.555134244325165 0.560026611245107 0.563965846464238 0.567171568656063 0.566063079855921 0.566471352838555 0.57517014359602 0.577982731408828 0.575344175108168 0.544425103923142 0.512176470820621 0.502615011340797 0.517691615407734 0.560189505252866 0.604069803436336 0.644947668930739 0.658393625391275 0.66057136673213 0.647649706590572 0.684580849643794 0.736488144232942 0.758059823542723 0.781957797957276 0.809628318395051 0.828528177119243 0.843394901171682 -9999 -9999 -9999 -9999 -9999 -9999 -9999 -9999 -9999 -9999 -9999
0.751124249595782 0.738139918920608 0.726255339136113 0.709429837105188 0.61843108041887 0.571130247470544 0.593681964889178 0.596831729617034 0.592115496458008 0.603166005329912 0.606420745486111 0.594469076635606 0.595779967053936 0.604016635394097 0.597947834569465 0.586511942599688 0.563011423948654 0.549287965321963 0.541788568330488 0.545166468208348 0.548733768452626 0.550346916298202 0.553066884924571 0.556638642932107 0.558635006583002 0.561550350298738 0.568943020938758 0.571862370095915 0.570639028235072 0.552207798420069 0.532242195787297 0.52213392352738 0.538181328715955 0.583339069815314 0.601888651595387 0.614186151023678 0.63272282969989 0.643256752402698 0.643066986914895 0.673364865877114 0.713709756318038 0.748624383526294 0.778357393086043 0.799687388336192 0.817410882365046 0.833318884325517 0.834288862038083 -9999 -9999 -9999 -9999 -9999 -9999 -9999 -9999 -9999 -9999
0.748911286342621 0.69767547973024 0.695696654929131 0.703842667823879 0.622569339986452 0.569963017411081 0.563181833827306 0.579348945113217 0.604485311853777 0.595292369933472 0.586243585838218 0.577475995673825 0.581922561171099 0.593269627972992 0.585970250516907 0.574016230480256 0.551985660385279 0.548355967351299 0.55644024484471 0.545034497507321 0.534758669468292 0.532461677933538 0.533344147848181 0.536673474153143 0.541117924958013 0.546351009196034 0.554129876993742 0.560287718854055 0.564944347439954 0.554608381958377 0.543501034198367 0.544059005387384 0.558325301828213 0.587848475237358 0.5845493701612 0.576146127647203 0.596687579787657 0.623945380920246 0.660203085662335 0.680045269773325 0.696150540273001 0.739888379571102 0.772587542641441 0.787385316494532 0.801323596739871 0.814866119218305 0.82692226178218 0.834933398553771 -9999 -9999 -9999 -9999 -9999 -9999 -9999 -9999 -9999
0.720219103049825 0.668364658628029 0.674460570272111 0.694174485506501 0.632521536914209 0.586418566911017 0.565172742732716 0.566854964272666 0.577751704454884 0.566217477793068 0.556028722507929 0.548464440678416 0.549396443377183 0.554765250361667 0.545414369180264 0.532940511717768 0.513842769608563 0.521279344336081 0.545607625059975 0.535442463476407 0.524137925578891 0.517388510791725 0.521289716273519 0.533387447701844 0.532662649617055 0.533215466549986 0.545580376284973 0.5532412986164 0.556545912902415 0.534425637473877 0.512106818400171 0.515608312662657 0.533532177708246 0.567507626925295 0.567391734627342 0.560345161754758 0.570089085589046 0.591526921875635 0.628634593814287 0.670675726275152 0.713643999394068 0.745413365733966 0.770210469838945 0.783700676502894 0.797219819007909 0.810588585371146 0.814809777884537 0.818381834972712 0.820668278901911 0.82146043716152 -9999 -9999 -9999 -9999 -9999 -9999 -9999
0.685683602392442 0.639580662872324 0.65253578108312 0.680049569545401 0.63414509323717 0.59432080359617 0.564215889822083 0.549935914832166 0.542255513017171 0.530330081113832 0.520022920307237 0.51287235547959 0.510158091369555 0.509760486732391 0.502054627903618 0.492179804493333 0.477523993518591 0.491791619239468 0.524471861048165 0.518595388618977 0.51019102048341 0.503056117561221 0.511487210315704 0.531897613591589 0.525050038937267 0.519900947825299 0.53582136949604 0.544146517509422 0.545437770892132 0.51450007115322 0.483122658326339 0.483452229151737 0.502316679141168 0.541809788418562 0.549319590841903 0.54872138826037 0.550792026547957 0.565887659370641 0.598436777035674 0.660544623429997 0.72946079350734 0.74979337287229 0.767105973286168 0.779521082595537 0.792568422206621 0.805604603399323 0.802750741548194 0.804543849210576 0.815540283211122 0.820150088768173 0.821374182626629 0.819231677004943 0.816987503688359 0.814735604095301 0.811765804420949 0.808332415782047 -9999
0.644153175901112 0.604768568853216 0.62033465368351 0.648348965729157 0.592714439625013 0.549156704038065 0.524904110336844 0.508698770418391 0.495810574961427 0.478942461769885 0.464776437796811 0.455881103004891 0.453961002429576 0.455683405699689 0.467394966556071 0.474589467158638 0.470265398486629 0.470977462996896 0.474895522279785 0.475276640216286 0.478265548898036 0.490024294122055 0.506307043713754 0.526071385761617 0.514463475140819 0.504188495048956 0.515693475547343 0.5221094498472 0.52381255467189 0.512921581759754 0.497717836895538 0.472370926971554 0.475440254600962 0.510135840893671 0.526866907251877 0.539583863384049 0.558199576628673 0.581654239759253 0.611593092826331 0.659071830411919 0.710873719452926 0.738029171546148 0.758049723651747 0.766499629144545 0.776274018365505 0.786575975923864 0.794544565124217 0.801357578946133 0.80588197493116 0.812873542571572 0.821173019699749 0.819231677004943 0.816987503688359 0.814735604095301 0.811765804420949 0.808332415782047 -9999
0.616165341769347 0.590480196372593 0.603653047263506 0.624327465882355 0.567675182975941 0.525165728942166 0.505264046208481 0.488246820153183 0.472223241159072 0.445615804881821 0.424860426971276 0.415520061011503 0.419440444094264 0.430285659789197 0.443889399592489 0.454112186357161 0.456005792291535 0.454907333589848 0.451904131062814 0.450345789974467 0.454048078274743 0.473444872403765 0.495077937488369 0.518431996510229 0.501571634962507 0.486199281718887 0.497869442048758 0.505743478696235 0.510101969335558 0.509700606268486 0.502383048129005 0.462466628815242 0.456898354109053 0.489558338999952 0.512161245786371 0.532645575436344 0.55748027968371 0.58385277570678 0.612285911784292 0.651030234359675 0.692586734447812 0.723653326528604 0.742201428548475 0.740448331550549 0.753381892259083 0.772499899807941 0.784535930800498 0.793793233257988 0.79754726192833 0.805004469873726 0.814424825903354 0.807929406494102 0.801916440910037 0.798229501104325 0.795907769330264 0.794467630126363 0.789093547870012
0.601973906761784 0.597100188135758 0.602781818942924 0.608128986951033 0.559334520562134 0.52274469171571 0.505664372377287 0.488969607097365 0.471921894480158 0.430688597670216 0.400562201907242 0.392100902464649 0.407002664292766 0.434104739096317 0.431746970047829 0.430693856806727 0.434613966376978 0.443670140591209 0.455995925795553 0.444147452337844 0.437683067128861 0.453251365546408 0.477686526210351 0.508945464704274 0.486331314359519 0.465890638218031 0.482392446506591 0.495154888187309 0.504454345926752 0.504806362236042 0.496932190812474 0.453761393353353 0.446847178083154 0.480285245355626 0.505347796270848 0.527947741135201 0.548481827447745 0.57222898344165 0.600281650875882 0.636296726890366 0.674605462572579 0.706616892033055 0.719433795723882 0.701122992654108 0.723768393518379 0.763469192660171 0.772691058042573 0.781768761004888 0.790560950194428 0.796531765914909 0.80100690089479 0.78511304541351 0.771491862955666 0.764907948101826 0.763894497810109 0.766478213705859 0.776642245897896
0.580202256981403 0.587463169960631 0.590038025669017 0.587372555671842 0.533467749271953 0.493112742264358 0.474417529671423 0.473768211894398 0.480104195706806 0.45626311615518 0.440085060514027 0.438854482159632 0.444250314310341 0.453106492737134 0.447198901830805 0.444156284584532 0.448941520937079 0.45370637392073 0.458458250882548 0.457310203972342 0.45851488033968 0.468262026796417 0.483010564549317 0.501608083158969 0.488787514290828 0.476781665587266 0.484521960814671 0.485734527418597 0.480901840436341 0.476204945985748 0.468462269561174 0.444002062355258 0.443085005730092 0.46837063581237 0.495488105853304 0.52351087938659 0.554973039045713 0.585372849979958 0.614349114261881 0.646374258850319 0.676591714059995 0.66472201501049 0.662373412585086 0.675465144935911 0.693858800756649 0.714604921699293 0.739529033979833 0.759700412025477 0.770458996629041 0.768175314135581 0.758977599194915 0.743330880385401 0.733726194355612 0.739406091274521 0.750217049406535 0.764341425960976 0.773196954520687
0.56086805449389 0.575329042711322 0.575290864910548 0.566793767972613 0.508088162949749 0.464453296126155 0.444909493798985 0.459840235736811 0.488651121200309 0.484917069602022 0.484182555189718 0.489298931298192 0.482089042517961 0.468442313645682 0.462435447872921 0.459431831035047 0.463201798092392 0.462382893458219 0.458642720040485 0.470082627978797 0.480586420498317 0.484704945958114 0.489243324037109 0.494104813146267 0.492987873262152 0.49105807152232 0.489042021536609 0.478094603192645 0.458875948449078 0.449364291022204 0.442108407320299 0.436857039179195 0.441456856914253 0.457020693093851 0.484436495180875 0.51627064438683 0.558634181901839 0.595406581028151 0.624686858076742 0.653852904107076 0.677718684129554 0.623867398441897 0.608672594520345 0.656166894943033 0.668051720848535 0.665386973732348 0.7049141335757 0.735255967982218 0.747406259002957 0.736908055672241 0.714403318227368 0.699609486380353 0.695329099190903 0.716285582790027 0.740003163584914 0.765503742074543 0.773582973856582
0.569139389214818 0.57134277509629 0.565306255207766 0.554301000697203 0.512505987469706 0.483485458976166 0.474885359234366 0.478477148893752 0.486743123935263 0.472506439636147 0.461735747633342 0.457725812445402 0.448489561442292 0.436524100944129 0.434403163573472 0.430763913458977 0.422851074223903 0.429812336814306 0.446242430147258 0.450915191975451 0.454445300550541 0.457229505854994 0.467035748568839 0.482246025073216 0.481880729453189 0.480398078570262 0.482663447726595 0.48045112981916 0.474092077980005 0.47011211359114 0.464647928736863 0.448590060425801 0.444396883103314 0.453408683584794 0.470126192983786 0.490105439055542 0.520100499841253 0.54732482406235 0.570836362953494 0.60652943540614 0.642886568325263 0.627584858696075 0.629180134930868 0.65817720412601 0.669809684906422 0.674236594908059 0.693022474710044 0.710337391492433 0.724739064996305 0.716554007489942 0.696395158163538 0.671831050822164 0.663890845667445 0.697046766875621 0.724876907814301 0.749267889147232 0.762311295125008
0.568837850508012 0.557100391722502 0.54799467679637 0.538173447065959 0.506023140961353 0.483561250291105 0.476586606364258 0.474913036310224 0.475157012970363 0.460235133817225 0.447036322058546 0.437198521702561 0.424431482621145 0.410134779733435 0.413460728997787 0.410779127838581 0.39250948021901 0.402448588060397 0.430345346995734 0.427312638898433 0.424016672897312 0.427116239311958 0.441750575051194 0.465261861960287 0.468181136900019 0.46893697917621 0.471922911753153 0.473984152854645 0.475189047931276 0.475945105373845 0.47306443568581 0.450869127488132 0.442490561171035 0.44948953566237 0.456365220236207 0.465157921901638 0.489833839577634 0.513473828622278 0.535725673924035 0.573947409283855 0.615120227462007 0.619301143174498 0.629032154315201 0.647763739111956 0.66364199304967 0.678117068861897 0.682637544570975 0.689434453171707 0.700739838690116 0.694258953472348 0.67834912065905 0.651410755824216 0.642186157032786 0.67720667234683 0.707965775511678 0.735973042178332 0.753112354621117
