layers/veg_krg/veg_4200.asc
NCOLS 255 
NROWS 330 
XLLCORNER -2985163.8955 
YLLCORNER -3022031.214 
CELLSIZE 25000 
NODATA_value -9999 
[rows 250 to 274 of 330, columns 57 to 113 of 255]
-9999 -9999 -9999 -9999 -9999 -9999 -9999 -9999 -9999 -9999 -9999 -9999 -9999 -9999 -9999 0.675021954738954 0.673473040868524 0.663855600569962 0.653010863702277 0.63962470826613 0.59003343786922 0.518367015998868 0.489190444384123 0.460675947125819 0.426139325293159 0.431050358490211 0.465081860017817 0.486268422395031 0.488772792851524 0.427291913955972 0.403809886107883 0.414107862171325 0.412554571201784 0.407567006936322 0.396019989698016 0.390538128543503 0.391536173433678 0.323843471572418 0.248177742667737 0.239100156763724 0.229146029669478 0.21806515628063 0.208232781594309 0.199825525867329 0.204271505158937 -9999 -9999 -9999 0.148672198213255 0.142441763454699 0.13691528310574 0.132721076293824 0.13131074151238 -9999 -9999 -9999 -9999
-9999 -9999 -9999 -9999 -9999 -9999 -9999 -9999 -9999 -9999 -9999 -9999 -9999 -9999 -9999 0.676365545421 0.67683058020089 0.675341423257155 0.674008256216753 0.673101189724082 0.635726467230597 0.576116515516825 0.530587990002822 0.487273532880642 0.447721533980682 0.449618080389838 0.482112162954503 0.496301326631698 0.501853227377145 0.483332583729208 0.478896084041104 0.486980027075319 0.488466526263645 0.486819177660037 0.475355841256593 0.468585978983837 0.466830541891546 0.38636651142576 0.296671306437781 0.282572957953744 0.267123448747129 0.249937095505642 0.234191219591922 0.219464497849223 0.211699971791817 0.206976291560006 -9999 -9999 0.148672198213255 0.142441763454699 0.13691528310574 0.132721076293824 -9999 -9999 -9999 -9999 -9999
-9999 -9999 -9999 -9999 -9999 -9999 -9999 -9999 -9999 -9999 -9999 -9999 -9999 -9999 -9999 0.692881808474078 0.687220051102186 0.691166590164985 0.696243840441179 0.703587268662813 0.677690772631744 0.631527075028758 0.590439736134074 0.548581362166128 0.503549313475778 0.494229665489363 0.511273101263535 0.512386810725825 0.513479909322791 0.521593159764304 0.527890050060511 0.532572242777137 0.531580295791501 0.52848030167056 0.51990024170276 0.515047158177665 0.514175910708534 0.430954013865158 0.337601085139574 0.319860883236654 0.300428658689706 0.278821430542486 0.257632579636705 0.236797753758039 0.218715263493175 0.207913309170747 0.208421011990032 -9999 -9999 -9999 -9999 -9999 -9999 -9999 -9999 -9999 -9999
-9999 -9999 -9999 -9999 -9999 -9999 -9999 -9999 -9999 -9999 -9999 -9999 -9999 -9999 -9999 0.701255750946685 0.708145948843561 0.713781202211177 0.720416729995178 0.729394489964645 0.713821024434728 0.6832780712414 0.679165380159025 0.664197695734317 0.612958558834799 0.579590122168552 0.559413931271941 0.537942310748244 0.52283201407782 0.532034562013663 0.536059465615878 0.535481576211955 0.523377214201188 0.511325545590492 0.5100090784782 0.512087051428865 0.517791584418283 0.447479131504598 0.36669637891735 0.347471798924615 0.326423614827876 0.303031286280306 0.277135657351075 0.2505234293536 0.225084091492304 0.209365667316739 0.208747807407192 -9999 -9999 -9999 -9999 -9999 -9999 -9999 -9999 -9999 -9999
-9999 -9999 -9999 -9999 -9999 -9999 -9999 -9999 -9999 -9999 -9999 -9999 -9999 -9999 -9999 -9999 0.714413950714424 0.723228313014941 0.731454592426008 0.738024408436575 0.726069039660521 0.702818408856398 0.704819921495508 0.698055481656306 0.66127027501874 0.628488235848167 0.598661356150487 0.57238498909497 0.552200217776134 0.553162889799632 0.542887279970678 0.522621125836567 0.511245478418872 0.502586615471807 0.499557136137846 0.500033795536341 0.504256351866766 0.471792562931915 0.427803549678311 0.365845542195743 0.321375896504565 0.299386594083836 0.27497115268721 0.249803016509952 0.225039320406597 0.209965742268263 0.209944890016267 -9999 -9999 -9999 -9999 -9999 -9999 -9999 -9999 -9999 -9999
-9999 -9999 -9999 -9999 -9999 -9999 -9999 -9999 -9999 -9999 -9999 -9999 -9999 -9999 -9999 -9999 -9999 0.731005220336913 0.736139496566905 -9999 0.715743567091448 0.708547073489717 0.704500088469303 0.69798607971343 0.683762126424355 0.661620958092583 0.633635259591822 0.609941021419515 0.589321601323566 0.578263158363153 0.549388032880667 0.504674333633561 0.498650560473998 0.498114433557922 0.490118478059413 0.485776163455706 0.485337334498903 0.499620746401993 0.501019976231083 0.380647999698638 0.304496252994554 0.285187220199164 0.26462383485394 0.243669997185796 0.222908936166633 0.213352562051437 0.221201660317123 0.214927225211818 0.202914899048211 0.19232112855175 -9999 -9999 -9999 -9999 -9999 -9999 -9999
-9999 -9999 -9999 -9999 -9999 -9999 -9999 -9999 -9999 -9999 -9999 -9999 -9999 -9999 -9999 -9999 0.723746162200428 0.731005220336913 -9999 -9999 0.721228934757998 0.722862372767936 0.705851269727665 0.690452403532708 0.683188983536587 0.667625216911392 0.645934090346485 0.626764052168406 0.60753894303124 0.586985147936095 0.5643781886826 0.539946019155946 0.529460725519951 0.523451170677777 0.52735121634749 0.529522957739064 0.529848209249052 0.538766407295817 0.533111451573052 0.404425934513748 0.324148091417678 0.306095695198696 0.282617354445288 0.258044374496601 0.241785545173511 0.229935165496794 0.224932915466192 0.214927225211818 0.202914899048211 0.19232112855175 0.185389782720245 -9999 -9999 -9999 -9999 -9999 -9999
-9999 -9999 -9999 -9999 -9999 -9999 -9999 -9999 -9999 -9999 -9999 -9999 -9999 -9999 -9999 0.692072616781403 0.706608045868629 0.692503745383142 -9999 -9999 0.719412262788574 0.72538626845363 0.707410139415533 0.691250428212326 0.684806225259304 0.671186475315409 0.652269698495143 0.637604130870886 0.621933661674152 0.600619641061602 0.585638571882695 0.576287334088234 0.565707587669978 0.558338134615099 0.568278536115198 0.573524208440154 0.573754114717231 0.575944099639777 0.561325924400569 0.419314196747265 0.332907350014763 0.317977570461157 0.293948488074904 0.267924446392175 0.253838918661584 0.240603014968026 0.228686925726887 0.21593692552075 0.202914899048211 0.19232112855175 0.185389782720245 -9999 -9999 -9999 -9999 -9999 -9999
-9999 -9999 -9999 -9999 -9999 -9999 -9999 -9999 -9999 -9999 -9999 -9999 -9999 -9999 -9999 0.67256051519878 0.657848665950158 0.672124153880686 -9999 -9999 0.7119448246446 0.705898310969131 0.709365061931703 0.707936645114099 0.690600435444425 0.670089037873325 0.647233699739536 0.637034979481847 0.629038803907171 0.623622065422698 0.618856006811906 0.614668385918894 0.61232199542577 0.611436966931348 0.616251262542696 0.618010696494919 0.616506370000229 0.609368961303481 0.5821471215659 0.417250238883596 0.320894931259016 0.312646111479022 0.292574740601304 0.269234072764171 0.252880677916622 0.23999168511406 0.232484328998639 0.218872080531426 0.202914899048211 0.19232112855175 -9999 -9999 -9999 -9999 -9999 -9999 -9999
-9999 -9999 -9999 -9999 -9999 -9999 -9999 -9999 -9999 -9999 -9999 -9999 -9999 -9999 -9999 0.680970363397559 0.67544802234638 0.680806567808076 -9999 -9999 0.703601999810171 0.702928630959439 0.708811124545926 0.707624348134898 0.684805692237032 0.664694916616349 0.646583112589675 0.640978360141573 0.639500945166682 0.647851489070523 0.651676361520071 0.651478028130122 0.651501970400291 0.651707854637635 0.652629636283464 0.653033137220062 0.652882916165967 0.642781313459888 0.619183338678486 0.51431978093534 0.424428717734767 0.353783986520399 0.32078769441204 0.300033123670042 0.280069775455587 0.259564777106196 0.238218374035323 0.232020668196528 -9999 -9999 -9999 -9999 -9999 -9999 -9999 -9999 -9999
-9999 -9999 -9999 -9999 -9999 -9999 -9999 -9999 -9999 -9999 -9999 -9999 -9999 -9999 -9999 0.701557397267391 0.726893583020763 0.702308882089181 -9999 -9999 0.705939509335194 0.709028887213991 0.706976398154147 0.698634201236602 0.673094714295015 0.657107310825578 0.648171306077615 0.64722541723728 0.651676855873006 0.672707303692032 0.684294004238928 0.687485455692803 0.686886619950411 0.685429994678382 0.68308901891542 0.68322412132913 0.686004622100683 0.676187279432913 0.664497427052211 0.661997607937415 0.586949580065549 0.418644753416909 0.364104848221927 0.345886714172569 0.321628268987652 0.289442145384521 0.244941087063857 -9999 -9999 -9999 -9999 -9999 -9999 -9999 -9999 -9999 -9999
-9999 -9999 -9999 -9999 -9999 -9999 -9999 -9999 -9999 -9999 -9999 -9999 -9999 -9999 -9999 0.733974702388654 0.734497868990757 0.733990219789915 -9999 0.679251749058408 0.690337617921174 0.708182814426608 0.716777266681583 0.713696148917225 0.678636831020347 0.657512444382105 0.646674897965413 0.655204194701994 0.667399537165802 0.68464544933522 0.69667572332805 0.704069428762895 0.692708001971311 0.680457312018501 0.680755944475161 0.682490185511698 0.685758205495722 0.682700813639511 0.678715015837012 0.67943038316783 0.607487751197787 0.442147190644662 0.392130383373415 0.377173302582096 0.33394537012133 -9999 -9999 -9999 -9999 -9999 -9999 -9999 -9999 -9999 -9999 -9999 -9999
-9999 -9999 -9999 -9999 -9999 -9999 -9999 -9999 -9999 -9999 -9999 -9999 -9999 -9999 -9999 -9999 0.738946915298062 -9999 -9999 0.679251749058408 0.692090873987168 0.712758330020414 0.726664340148828 0.726852008627788 0.688699548124585 0.664730153120667 0.651230772351842 0.664418204737749 0.679973338352104 0.692473377916628 0.703306331851353 0.712657289421893 0.692454564502488 0.671425464840955 0.673071151331574 0.673761716497901 0.673431846846526 0.671265305234916 0.66875413594478 0.667055144297977 0.601011863550945 0.452257479058434 0.408579509178388 0.397261741483842 0.36541817506346 -9999 -9999 -9999 -9999 -9999 -9999 -9999 -9999 -9999 -9999 -9999 -9999
-9999 -9999 -9999 -9999 -9999 -9999 -9999 -9999 -9999 -9999 -9999 -9999 -9999 -9999 -9999 -9999 -9999 -9999 -9999 -9999 0.698039973162004 0.72828384085224 0.736196865216126 0.734366995205157 0.708580469248435 0.687606836488374 0.670186107032861 0.676457909194096 0.684962341461401 0.691241715984872 0.697364111083563 0.703346955500143 0.67931297798197 0.654689401406012 0.654355668290542 0.647689884627027 0.634259049569175 0.618852756856315 0.603348875168206 0.59073018980694 0.537727776610772 0.432814265331309 0.398501725979536 0.386041962301605 0.361174279030593 0.346045604980207 -9999 -9999 -9999 -9999 -9999 -9999 -9999 -9999 -9999 -9999 -9999
-9999 -9999 -9999 -9999 -9999 -9999 -9999 -9999 -9999 -9999 -9999 -9999 -9999 -9999 -9999 -9999 -9999 -9999 -9999 -9999 0.600765945060433 0.707975839318089 0.736156656533253 0.748555794180969 0.730151621660131 0.715361998085289 0.70324065372836 0.69437945978476 0.688190562153903 0.690520203671938 0.69548343706152 0.702787866073336 0.6751976736026 0.64615413811988 0.641473837102682 0.628642967831158 0.607104174844371 0.586625004475954 0.566835925705388 0.550197206733285 0.506454976077808 0.427872646976014 0.396799367793899 0.38017774935016 0.352014968852288 0.333932899530042 0.331510307482873 -9999 -9999 -9999 -9999 -9999 -9999 -9999 -9999 -9999 -9999
-9999 -9999 -9999 -9999 -9999 -9999 -9999 -9999 -9999 -9999 -9999 -9999 -9999 -9999 -9999 -9999 -9999 -9999 -9999 0.534164558621823 0.587687929259598 0.673845818955761 0.730151839752988 0.766902932510105 0.752775928530004 0.746156856753937 0.74508018038289 0.715965888977079 0.690321669175947 0.690116556937084 0.696133443954653 0.707681528717049 0.676706492587934 0.642728654364784 0.632226855477013 0.613973156513554 0.5874374639024 0.566974056255967 0.548325285563174 0.531965594209488 0.495127865365052 0.431966726827445 0.400315594931604 0.377650498915377 0.339792947459082 0.320031989616045 0.328382460769041 -9999 -9999 -9999 -9999 -9999 -9999 -9999 -9999 -9999 -9999
-9999 -9999 -9999 -9999 -9999 -9999 -9999 -9999 -9999 -9999 -9999 -9999 -9999 -9999 -9999 -9999 -9999 -9999 -9999 -9999 0.587735211785497 0.67396921332967 0.745778812999462 0.798350532281637 0.798078904371572 0.797020542115633 0.795381408389595 0.751303498085994 0.70971143400944 0.696302130494127 0.70112415164506 0.722153352791224 0.677322402510652 0.628462430736791 0.619098656735626 0.598660742139363 0.566391410578644 0.549996877317201 0.53905540362667 0.539321483357472 0.520946765855855 0.478610311650807 0.419984826665539 0.358813942666129 0.331925996348576 -9999 -9999 -9999 -9999 -9999 -9999 -9999 -9999 -9999 -9999 -9999 -9999
-9999 -9999 -9999 -9999 -9999 -9999 -9999 -9999 -9999 -9999 -9999 -9999 -9999 -9999 -9999 -9999 -9999 0.646902127020053 0.656361975253248 0.686299141149236 0.692027306883066 0.68299464818147 0.763905596263226 0.831123853873831 0.842019905763796 0.841325901154401 0.832076055317316 0.776012827099012 0.723056044043138 0.702546619053178 0.706765637803576 0.732967608755133 0.677064627458802 0.61660823042497 0.607757786958667 0.586017721644461 0.550506611138338 0.533473789748276 0.523351814309126 0.530426303938664 0.527864926948975 0.512917164550957 0.435545830406203 0.345162493147961 -9999 -9999 -9999 -9999 -9999 -9999 -9999 -9999 -9999 -9999 -9999 -9999 -9999
-9999 -9999 -9999 -9999 -9999 -9999 -9999 -9999 -9999 -9999 -9999 -9999 -9999 -9999 -9999 -9999 0.646360640079514 0.646902127020053 0.656361975253248 0.686299141149236 0.69388551221685 0.687844052467662 0.784922883501747 0.865089587939517 0.877179844274032 0.861985372457216 0.826649169492119 0.766327210837948 0.714864234152086 0.707588073706441 0.713429493526214 0.730932105736307 0.674402515353891 0.614173943707064 0.602529028467164 0.581425532713942 0.550216655962166 0.517738310525279 0.486635977458008 0.467986115230546 0.470963307503871 0.501740908695186 0.435545830406203 -9999 -9999 -9999 -9999 -9999 -9999 -9999 -9999 -9999 -9999 -9999 -9999 -9999 -9999
-9999 -9999 -9999 -9999 -9999 -9999 -9999 -9999 -9999 -9999 -9999 -9999 -9999 -9999 -9999 -9999 0.646360640079514 0.64886721243951 0.661986637362553 0.699409651986092 0.715023461452686 0.717339660681702 0.774956404863523 0.824788784237287 0.841823639255597 0.83144378264554 0.800826240394502 0.748738337827711 0.704756785417773 0.700587601666272 0.697188387065296 0.694473655289446 0.634574199030352 0.574496912769849 0.565462968239404 0.548816772794789 0.524037782409546 0.498282045737383 0.471771064095247 0.441478567346308 0.424440594152494 -9999 -9999 -9999 -9999 -9999 -9999 -9999 -9999 -9999 -9999 -9999 -9999 -9999 -9999 -9999 -9999
-9999 -9999 -9999 -9999 -9999 -9999 -9999 -9999 -9999 -9999 -9999 -9999 -9999 -9999 -9999 -9999 -9999 0.65231356258633 0.671851122078728 0.722402754728646 0.750694318170259 0.765413368443078 0.741634626216637 0.72850649406649 0.753312963146804 0.762307267096053 0.75962894681479 0.72519205689112 0.693205344365981 0.684510027387266 0.663681714320022 0.632067478941147 0.56673031309651 0.506746617018797 0.504398219909154 0.495089359214991 0.478344061695128 0.476021084338952 0.473377191585525 0.442056739444711 -9999 -9999 -9999 -9999 -9999 -9999 -9999 -9999 -9999 -9999 -9999 -9999 -9999 -9999 -9999 -9999 -9999
-9999 -9999 -9999 -9999 -9999 -9999 -9999 -9999 -9999 -9999 -9999 -9999 -9999 -9999 -9999 -9999 0.700317463970636 0.675051877552606 0.66948190919886 0.710050212102553 0.739961001533257 0.763373642166439 0.722989778700798 0.689379096013597 0.687233126044758 0.686461217464741 0.686703648295451 0.662090058705494 0.63759766194806 0.624631389831187 0.605361128612922 0.580486782780694 0.529793875886032 0.486040679823407 0.500744950658757 0.506623724601587 0.503073492947343 0.490429621748386 -9999 -9999 -9999 -9999 -9999 -9999 -9999 -9999 -9999 -9999 -9999 -9999 -9999 -9999 -9999 -9999 -9999 -9999 -9999
-9999 -9999 -9999 -9999 -9999 -9999 -9999 -9999 -9999 -9999 -9999 -9999 -9999 -9999 -9999 0.722361842853262 0.707304365616749 0.719273074626792 0.714298714862441 0.711133613024868 0.73357296998788 0.771623996932632 0.721639951503387 0.672201109702035 0.640773506619284 0.626983227123242 0.626212913517584 0.608034682897767 0.588560703305063 0.572007581829126 0.554526079036577 0.536219269066521 0.502787775663555 0.476957152644062 0.503205995187902 0.516686093678698 0.516524290686784 0.494902528573352 -9999 -9999 -9999 -9999 -9999 -9999 -9999 -9999 -9999 -9999 -9999 -9999 -9999 -9999 -9999 -9999 -9999 -9999 -9999
-9999 -9999 -9999 -9999 -9999 -9999 -9999 -9999 -9999 -9999 -9999 -9999 -9999 -9999 0.732407325446313 0.735369170785601 0.739808770213632 0.732858696282002 0.715810595947788 0.717631958759298 0.76638266150708 0.843747340174137 0.779742262174138 0.711814704117633 0.658959220843375 0.633747940835853 0.628943758414893 0.607953425201613 0.586148990609802 0.568518237895152 0.544517414807695 0.514853762550974 0.499029692215386 0.489818132742009 0.501392365651958 0.489475481971849 0.452461102648539 0.457537426177555 -9999 -9999 -9999 -9999 -9999 -9999 -9999 -9999 -9999 -9999 -9999 -9999 -9999 -9999 -9999 -9999 -9999 -9999 -9999
-9999 -9999 -9999 -9999 -9999 -9999 -9999 -9999 -9999 -9999 -9999 -9999 -9999 0.747290458546493 0.743675544463899 0.7488391640291 0.758382659146585 0.759602977731872 0.746998769777525 0.741068771380733 0.783584485683173 0.855638745774887 0.793873954887786 0.724422546408907 0.657766952965921 0.619506597431938 0.60220775724392 0.588300742843847 0.573987221715368 0.556645785916706 0.530431796558081 0.496330334665446 0.4856623087019 0.479680866213409 0.476056049651743 0.45567132566671 0.417380611477854 0.401571619166507 -9999 -9999 -9999 -9999 -9999 -9999 -9999 -9999 -9999 -9999 -9999 -9999 -9999 -9999 -9999 -9999 -9999 -9999 -9999
