layers/veg_krg/veg_500.asc
NCOLS 255 
NROWS 330 
XLLCORNER -2985163.8955 
YLLCORNER -3022031.214 
CELLSIZE 25000 
NODATA_value -9999 
[rows 250 to 274 of 330, columns 57 to 113 of 255]
-9999 -9999 -9999 -9999 -9999 -9999 -9999 -9999 -9999 -9999 -9999 -9999 -9999 -9999 -9999 0.514852155634636 0.507987333122076 0.500011706001666 0.491069542721859 0.479944528960175 0.444236658719121 0.393540014626082 0.376335405977773 0.358367369514424 0.331942032118553 0.332823095941477 0.353861890086125 0.371076381559606 0.383688039567742 0.380829180860677 0.389396770541295 0.408122179750423 0.415005269745087 0.409300095196008 0.350850926989219 0.312517458101052 0.295675248433094 0.285256075430248 0.275871889936355 0.262393563949031 0.250174969058017 0.239575690362043 0.227798114243984 0.217098522287004 0.224763605595183 -9999 -9999 -9999 0.149261088327455 0.143604199668323 0.137639000068269 0.13109030457392 0.12888825459333 -9999 -9999 -9999 -9999
-9999 -9999 -9999 -9999 -9999 -9999 -9999 -9999 -9999 -9999 -9999 -9999 -9999 -9999 -9999 0.520806980972475 0.522868025997026 0.518892147539754 0.515116279533405 0.512008924734624 0.484900495235011 0.443158018581551 0.417664065054472 0.390929562748927 0.357579984774362 0.355742554042715 0.377167557671842 0.392052526499679 0.404637976587019 0.411557077775199 0.422241093722394 0.436272022320378 0.444325078819672 0.446319264918105 0.423179721146669 0.386543857883082 0.335488764339194 0.320400571101866 0.313278130714707 0.299216371021748 0.28357926386304 0.265917132735666 0.249053793396447 0.233485338767328 0.230961940190061 0.229426788155244 -9999 -9999 0.149261088327455 0.143604199668323 0.137639000068269 0.13109030457392 -9999 -9999 -9999 -9999 -9999
-9999 -9999 -9999 -9999 -9999 -9999 -9999 -9999 -9999 -9999 -9999 -9999 -9999 -9999 -9999 0.558902605671026 0.548028960416 0.546783811748336 0.546483554632634 0.548021728524767 0.527944019258596 0.494686572945078 0.468390840559116 0.439648332659359 0.402542543737391 0.395124935088752 0.409623298702344 0.418377483557588 0.428081478147356 0.443888614603212 0.45694264470891 0.467549233886433 0.475459132539841 0.481153598490128 0.478121911413925 0.450962448034749 0.398025292976997 0.367562738650344 0.34390207808658 0.329344289001316 0.312068356720846 0.291298398366617 0.271755402118616 0.253250782846249 0.242819598668247 0.238371705564672 0.24321831648743 -9999 -9999 -9999 -9999 -9999 -9999 -9999 -9999 -9999 -9999
-9999 -9999 -9999 -9999 -9999 -9999 -9999 -9999 -9999 -9999 -9999 -9999 -9999 -9999 -9999 0.57498511748709 0.588218034891766 0.588774657501428 0.589304724735425 0.590212309011887 0.57471086112894 0.549204421662782 0.533822141136466 0.51364608146325 0.477740858997264 0.460265611966497 0.456395470628067 0.453071324157102 0.455426472373328 0.478729246045698 0.494550060188579 0.503719604221836 0.509431798239712 0.512569483461854 0.505860591829741 0.500348421950315 0.496114808535373 0.433528052423252 0.363914281689303 0.348997218159032 0.332867003219066 0.315177347752063 0.296719347956325 0.27830251110943 0.263531975065143 0.252236144734099 0.246337956911224 -9999 -9999 -9999 -9999 -9999 -9999 -9999 -9999 -9999 -9999
-9999 -9999 -9999 -9999 -9999 -9999 -9999 -9999 -9999 -9999 -9999 -9999 -9999 -9999 -9999 -9999 0.600255998429374 0.616816287982309 0.623892701591743 0.608600490634745 0.594090888074014 0.580058461152987 0.564633607875303 0.547067912792814 0.523581946448015 0.514180640450315 0.51517670548203 0.512431587637196 0.513601165322569 0.531044240061781 0.538471162284517 0.536993981834189 0.543466470755608 0.5493260660128 0.544873363597165 0.54705898676519 0.556336880186753 0.484457081746976 0.40062232065408 0.376787808373056 0.355951625064453 0.338969631493101 0.320142205888992 0.300810730859167 0.282648829298298 0.272114980702767 0.27343062565811 -9999 -9999 -9999 -9999 -9999 -9999 -9999 -9999 -9999 -9999
-9999 -9999 -9999 -9999 -9999 -9999 -9999 -9999 -9999 -9999 -9999 -9999 -9999 -9999 -9999 -9999 -9999 0.680935009743887 0.66559150234418 -9999 0.625607100882738 0.603094313153213 0.5819459862487 0.564666549313658 0.558301194171039 0.564041967117353 0.578719548078083 0.58134477581658 0.583574656642051 0.589698996661523 0.584429731481433 0.569031843524646 0.57736205266722 0.58790952059074 0.588089709379126 0.592151970874697 0.600361770546314 0.52994722732408 0.446324230671336 0.408845706119332 0.38007589804768 0.362500674023329 0.342679561487311 0.32209884605827 0.30110175618947 0.292569170897318 0.303399071322945 0.298004100272566 0.286012917090249 0.275489039090975 -9999 -9999 -9999 -9999 -9999 -9999 -9999
-9999 -9999 -9999 -9999 -9999 -9999 -9999 -9999 -9999 -9999 -9999 -9999 -9999 -9999 -9999 -9999 0.702628313189741 0.680935009743887 -9999 -9999 0.642766974111242 0.64787685751032 0.628610202775782 0.616603446348388 0.630106240410027 0.635549350074456 0.635042757936167 0.626904022841649 0.61906905690775 0.615767823859681 0.609121487819484 0.599501441021102 0.605082758283938 0.612380680679199 0.614530583021864 0.617975097525645 0.622802752883915 0.604089353755115 0.571008273193372 0.475036522544842 0.407822887413376 0.377576254471508 0.355851618420541 0.336981400974917 0.319340149117859 0.308127123781191 0.306899769629951 0.298004100272565 0.286012917090249 0.275489039090975 0.268603422876625 -9999 -9999 -9999 -9999 -9999 -9999
-9999 -9999 -9999 -9999 -9999 -9999 -9999 -9999 -9999 -9999 -9999 -9999 -9999 -9999 -9999 0.722020309838546 0.713121053742664 0.721756353142523 -9999 -9999 0.696076450536404 0.688251133531115 0.667460485678184 0.658194439937416 0.684618813488664 0.692771558582517 0.687436090563564 0.671660981885416 0.655774956471613 0.644126170660726 0.634964546698073 0.628013945822854 0.627893133954355 0.629495281473534 0.633585291153897 0.637000310673643 0.639694182582108 0.658603342228503 0.662658704509421 0.527709703136379 0.435368200873716 0.39779633440211 0.374553333217309 0.356184034456733 0.340816116870795 0.328099387443092 0.319501040140668 0.304051483470158 0.286012917090249 0.275489039090975 0.268603422876625 -9999 -9999 -9999 -9999 -9999 -9999
-9999 -9999 -9999 -9999 -9999 -9999 -9999 -9999 -9999 -9999 -9999 -9999 -9999 -9999 -9999 0.733966513002593 0.742973781609651 0.734233673407473 -9999 -9999 0.705858006492368 0.71377830133978 0.691409936022972 0.680056244323354 0.706155390168296 0.722752558917374 0.732335317737917 0.714888012541435 0.694791132658325 0.676850532055531 0.663003089593256 0.652794359728489 0.641339723362062 0.632581242723798 0.638554901970766 0.643062197574708 0.646002856062824 0.675687322824562 0.691315471814921 0.554605338408015 0.462528927128564 0.427826751745639 0.403799865756737 0.383624870414702 0.368465999411152 0.356489550324527 0.349456707181925 0.321630964170403 0.286012917090249 0.275489039090975 -9999 -9999 -9999 -9999 -9999 -9999 -9999
-9999 -9999 -9999 -9999 -9999 -9999 -9999 -9999 -9999 -9999 -9999 -9999 -9999 -9999 -9999 0.778239587877202 0.774791637482465 0.778137319824183 -9999 -9999 0.739335165048165 0.737121106208035 0.710438075635421 0.697996535330828 0.731236504366782 0.751721973897551 0.76279200419288 0.754026997627452 0.73835129229945 0.705726990704197 0.683729004451592 0.671177539973854 0.673108081523413 0.678144510440781 0.685694404294648 0.691601246306102 0.695752680638301 0.742480582430733 0.783247587382892 0.7024257315286 0.612053241312994 0.509403927147038 0.462229081279129 0.434116667387294 0.420063328678811 0.398981930231639 0.366983073695596 0.357692538923545 -9999 -9999 -9999 -9999 -9999 -9999 -9999 -9999 -9999
-9999 -9999 -9999 -9999 -9999 -9999 -9999 -9999 -9999 -9999 -9999 -9999 -9999 -9999 -9999 0.791093388629475 0.806912388372495 0.791562588623448 -9999 -9999 0.747020972941029 0.757178948611592 0.726953854682733 0.713934868708809 0.758127127610387 0.780174968092374 0.785875681354745 0.791079009336423 0.784231184520044 0.732639070421383 0.700721775985619 0.686294891571496 0.714229819669025 0.745392714444937 0.754361905605073 0.76182515748687 0.7676794903404 0.834650746503768 0.907482172428193 0.911978985972466 0.824044948767804 0.617296051806604 0.535556242877037 0.496376127202441 0.483885982471908 0.448673582012293 0.378164202894232 -9999 -9999 -9999 -9999 -9999 -9999 -9999 -9999 -9999 -9999
-9999 -9999 -9999 -9999 -9999 -9999 -9999 -9999 -9999 -9999 -9999 -9999 -9999 -9999 -9999 0.811699763330512 0.81206019520323 0.811710453932652 -9999 0.944514685598428 0.87952338433598 0.774905283893924 0.721392922108546 0.700764579536382 0.765524831523748 0.802364980547563 0.818594361364155 0.806143916202618 0.786170364498986 0.750903724048064 0.724019320119504 0.70458650945515 0.760549066672578 0.82059829219552 0.832781359495479 0.837945939498059 0.835612091161035 0.862984472222481 0.893580484373222 0.893726441367958 0.811036581547074 0.621865759168572 0.55180337005827 0.520622353730106 0.493860316232314 -9999 -9999 -9999 -9999 -9999 -9999 -9999 -9999 -9999 -9999 -9999 -9999
-9999 -9999 -9999 -9999 -9999 -9999 -9999 -9999 -9999 -9999 -9999 -9999 -9999 -9999 -9999 -9999 0.815125333700045 -9999 -9999 0.944514685598428 0.875634777537296 0.764757090831511 0.709736054701227 0.6894121364645 0.758823869706012 0.807008926375499 0.839524337728605 0.818577919426416 0.792236281840519 0.769582186222105 0.746804999528992 0.723918388027754 0.789922461490839 0.860233663020245 0.871533114920454 0.872219029552738 0.861565627711091 0.861833177260868 0.863631754741491 0.856784143414967 0.779898214351326 0.612981815676157 0.554499292217792 0.529131823961538 0.479069506713382 -9999 -9999 -9999 -9999 -9999 -9999 -9999 -9999 -9999 -9999 -9999 -9999
-9999 -9999 -9999 -9999 -9999 -9999 -9999 -9999 -9999 -9999 -9999 -9999 -9999 -9999 -9999 -9999 -9999 -9999 -9999 -9999 0.853414640124748 0.706768650238282 0.684782585167914 0.683735070823028 0.719858010102593 0.770636246272548 0.832233100397106 0.825870334209837 0.810125160882309 0.789649423791226 0.768083257433552 0.745547727427364 0.779143440018461 0.81572853920726 0.816409787338198 0.80766840415973 0.788860047479654 0.794310651624742 0.802515181269852 0.786747730805408 0.716849374573863 0.577368666507409 0.528020506762942 0.50665900330485 0.470569133142463 0.44861325264257 -9999 -9999 -9999 -9999 -9999 -9999 -9999 -9999 -9999 -9999 -9999
-9999 -9999 -9999 -9999 -9999 -9999 -9999 -9999 -9999 -9999 -9999 -9999 -9999 -9999 -9999 -9999 -9999 -9999 -9999 -9999 0.700214123409724 0.682305720291803 0.686488521019696 0.700384035364084 0.738193822698812 0.78151360389351 0.828900891802612 0.824878440609183 0.812815738412345 0.793657045659094 0.770923796657236 0.745012858837652 0.761406292246026 0.780621619510743 0.775647021946873 0.765524640246503 0.749902456548955 0.755096221144147 0.762497501992595 0.748183211899805 0.701209686218445 0.612254479477458 0.547475458664868 0.493091495025788 0.471107676404823 0.458508530038705 0.460487627146534 -9999 -9999 -9999 -9999 -9999 -9999 -9999 -9999 -9999 -9999
-9999 -9999 -9999 -9999 -9999 -9999 -9999 -9999 -9999 -9999 -9999 -9999 -9999 -9999 -9999 -9999 -9999 -9999 -9999 0.711339257753095 0.704082482083289 0.692401071322741 0.704805480366071 0.730943970781869 0.792233335712884 0.821831658912438 0.828035486890204 0.818724734911952 0.806036511952277 0.787658193268659 0.762276105975913 0.730667848036158 0.739333653948613 0.751370561455945 0.743832079378426 0.737342211820856 0.731972665566231 0.733520084801148 0.735626185963512 0.729228296366227 0.715109836308581 0.691067000471034 0.595550943523408 0.485072735902779 0.477278215494336 0.469864651940919 0.46304287056538 -9999 -9999 -9999 -9999 -9999 -9999 -9999 -9999 -9999 -9999
-9999 -9999 -9999 -9999 -9999 -9999 -9999 -9999 -9999 -9999 -9999 -9999 -9999 -9999 -9999 -9999 -9999 -9999 -9999 -9999 0.715145943301472 0.721273658908259 0.701312227465802 0.698273063877011 0.74895687915671 0.774026709265243 0.780188159561734 0.778287535196102 0.774624114261507 0.767975093456246 0.742367726855411 0.69990687712345 0.717120653440356 0.739009518155372 0.730279465295164 0.724613009851473 0.722219647984191 0.72024357783922 0.717261488446018 0.706107225512657 0.69645311981106 0.688727385098809 0.599006842046813 0.490538933252225 0.479951975949722 -9999 -9999 -9999 -9999 -9999 -9999 -9999 -9999 -9999 -9999 -9999 -9999
-9999 -9999 -9999 -9999 -9999 -9999 -9999 -9999 -9999 -9999 -9999 -9999 -9999 -9999 -9999 -9999 -9999 0.722424612246723 0.70424962563981 0.667564194141377 0.682483432990111 0.728867312011522 0.679699198207292 0.647937760349383 0.684267350193076 0.709166489717185 0.725627610142703 0.738406521634371 0.748998997633389 0.753073840242053 0.727463514842599 0.675463836507811 0.705748671559352 0.741298238439631 0.728666922377824 0.717752494805628 0.708672360687413 0.7041408653789 0.699473138280443 0.685503179048529 0.679082056387264 0.682364554878456 0.599238671123632 0.496336626002943 -9999 -9999 -9999 -9999 -9999 -9999 -9999 -9999 -9999 -9999 -9999 -9999 -9999
-9999 -9999 -9999 -9999 -9999 -9999 -9999 -9999 -9999 -9999 -9999 -9999 -9999 -9999 -9999 -9999 0.732395134597117 0.722424612246723 0.70424962563981 0.667564194141377 0.662872878325031 0.677689163871265 0.608909733757693 0.558437246979974 0.576422313881831 0.612152270161028 0.660981597968213 0.707343369559035 0.745687493020169 0.755215104877373 0.72975439651204 0.67318996891849 0.726556625219158 0.783501351191808 0.758645852467203 0.725065258290054 0.682162925647763 0.677921249444767 0.681615360575035 0.673234838086218 0.672331168261897 0.681038588171734 0.599238671123632 -9999 -9999 -9999 -9999 -9999 -9999 -9999 -9999 -9999 -9999 -9999 -9999 -9999 -9999
-9999 -9999 -9999 -9999 -9999 -9999 -9999 -9999 -9999 -9999 -9999 -9999 -9999 -9999 -9999 -9999 0.732395134597117 0.715332519222196 0.689008734048073 0.641991354810515 0.616441015034079 0.603979658632072 0.555679672429403 0.519174066314915 0.523408434855326 0.55465282485738 0.60583615607125 0.662129694885388 0.70809321519441 0.71323612122959 0.693129407441924 0.650576429283923 0.692751182359698 0.735984314606381 0.707598875853232 0.676625115333447 0.642886037379206 0.632722863416811 0.631451246150368 0.652666776568784 0.664599422515975 -9999 -9999 -9999 -9999 -9999 -9999 -9999 -9999 -9999 -9999 -9999 -9999 -9999 -9999 -9999 -9999
-9999 -9999 -9999 -9999 -9999 -9999 -9999 -9999 -9999 -9999 -9999 -9999 -9999 -9999 -9999 -9999 -9999 0.702894466609151 0.662279387600961 0.597141926022401 0.549791476716984 0.513286207453535 0.515685740288978 0.517779361083492 0.51172581728043 0.526939281342208 0.557852163494802 0.606249476258445 0.644656873602328 0.637999668518569 0.627169964973334 0.612631017320335 0.617778624267266 0.620836990181272 0.595475257779392 0.586158904226665 0.593985151121062 0.573218441411825 0.55693488902994 0.62584245606966 -9999 -9999 -9999 -9999 -9999 -9999 -9999 -9999 -9999 -9999 -9999 -9999 -9999 -9999 -9999 -9999 -9999
-9999 -9999 -9999 -9999 -9999 -9999 -9999 -9999 -9999 -9999 -9999 -9999 -9999 -9999 -9999 -9999 0.71779270214861 0.695454691549729 0.662062475645725 0.604038443412357 0.548422151153954 0.494273917337394 0.476623499688844 0.462461344891669 0.451554596808686 0.466393206086999 0.50023717482543 0.538034890793998 0.568947371378905 0.57240782042268 0.571565246919671 0.566897396745001 0.572342841928579 0.575327117640889 0.556710446498016 0.548593523586818 0.551694346945319 0.546316328503734 -9999 -9999 -9999 -9999 -9999 -9999 -9999 -9999 -9999 -9999 -9999 -9999 -9999 -9999 -9999 -9999 -9999 -9999 -9999
-9999 -9999 -9999 -9999 -9999 -9999 -9999 -9999 -9999 -9999 -9999 -9999 -9999 -9999 -9999 0.774981331655145 0.72259809570725 0.729083052966697 0.615170524088333 0.605107872888821 0.553648128888239 0.476947556481666 0.438778514494945 0.409204899530764 0.397250507139433 0.412791798447762 0.448630549409899 0.476820277486061 0.501183305674985 0.514675767007603 0.522528898381829 0.52536881007173 0.533930408837594 0.539970501349102 0.528094143603568 0.520772875225744 0.518318184182472 0.517965279849828 -9999 -9999 -9999 -9999 -9999 -9999 -9999 -9999 -9999 -9999 -9999 -9999 -9999 -9999 -9999 -9999 -9999 -9999 -9999
-9999 -9999 -9999 -9999 -9999 -9999 -9999 -9999 -9999 -9999 -9999 -9999 -9999 -9999 0.809928413202527 0.782728763179558 0.741958386319289 0.737174928103376 0.619977172593726 0.625767740992639 0.552639510510799 0.431392542074865 0.405166941511297 0.389998925510073 0.389010564715305 0.401818844765092 0.424811878318715 0.448519174978187 0.469941762984806 0.482521307186993 0.493756114895143 0.503795486352554 0.508242190391599 0.509961885439301 0.50300522153392 0.504833980269209 0.516048929975992 0.518197815361982 -9999 -9999 -9999 -9999 -9999 -9999 -9999 -9999 -9999 -9999 -9999 -9999 -9999 -9999 -9999 -9999 -9999 -9999 -9999
-9999 -9999 -9999 -9999 -9999 -9999 -9999 -9999 -9999 -9999 -9999 -9999 -9999 0.79926951609514 0.801858419721752 0.781663780432505 0.75010174350998 0.74927552680673 0.637913552190105 0.638569936943198 0.566718915995141 0.450658341630835 0.425201466856193 0.41069533845991 0.410885278904484 0.417534278218895 0.428951389075619 0.43888149446151 0.448210063730639 0.455956645103703 0.466555948845617 0.479691249601175 0.483552817450048 0.485023775595526 0.482858787851482 0.489350951555277 0.505092263545051 0.501867621112031 -9999 -9999 -9999 -9999 -9999 -9999 -9999 -9999 -9999 -9999 -9999 -9999 -9999 -9999 -9999 -9999 -9999 -9999 -9999
