layers/veg_krg/veg_3300.asc
NCOLS 255 
NROWS 330 
XLLCORNER -2985163.8955 
YLLCORNER -3022031.214 
CELLSIZE 25000 
NODATA_value -9999 
[rows 75 to 99 of 330, columns 171 to 227 of 255]
0.83648183499641 0.833882118408512 0.832444443367576 0.829898711096923 0.80642855839893 0.789965370703549 0.78470304414517 0.780706961328251 0.776496805630332 0.737158013132185 0.711716213219233 0.713381855935751 0.708302556005719 0.699701011694451 0.685465201691436 0.672755879952468 0.664079044859974 0.665071882342778 0.672220418773032 -9999 -9999 -9999 -9999 -9999 -9999 -9999 -9999 -9999 -9999 -9999 -9999 -9999 -9999 -9999 -9999 -9999 -9999 -9999 -9999 -9999 -9999 -9999 -9999 -9999 -9999 -9999 -9999 -9999 -9999 -9999 -9999 -9999 -9999 -9999 -9999 -9999 -9999
0.832071535472353 0.829260375648826 0.827144738385448 0.824073770954362 0.804398232939822 0.789027646510502 0.780538665011362 0.770957488119767 0.760127256986041 0.712390338211551 0.682560708720312 0.687660997621071 0.690765945438851 0.692828915691148 0.679898016326039 0.667633255462437 0.657904783023466 0.654492594132091 0.655101341801181 -9999 -9999 0.617950065997749 0.617950065997749 -9999 -9999 -9999 -9999 -9999 -9999 -9999 -9999 -9999 -9999 -9999 -9999 -9999 -9999 -9999 -9999 -9999 -9999 -9999 -9999 -9999 -9999 -9999 -9999 -9999 -9999 -9999 -9999 -9999 -9999 -9999 -9999 -9999 -9999
0.829542094672644 0.827218331964683 0.823774309435951 0.819044635996873 0.801606181475138 0.786751729066828 0.776027887963042 0.761970317214078 0.745722827876011 0.69288571532891 0.660304382028606 0.667233926386304 0.675350260583176 0.68408634265068 0.673085365995527 0.662270568608852 0.653127757099174 0.644471659860436 0.636125404190996 0.621285455037641 0.610241706956332 0.612277326684244 0.600716925059757 0.578693269749542 0.577690998236971 -9999 -9999 -9999 -9999 -9999 -9999 -9999 -9999 -9999 -9999 -9999 -9999 -9999 -9999 -9999 -9999 -9999 -9999 -9999 -9999 -9999 -9999 -9999 -9999 -9999 -9999 -9999 -9999 -9999 -9999 -9999 -9999
0.831109476301078 0.83079921982355 0.824603258502143 0.815731967976752 0.797073795741887 0.781459715836659 0.770711716389915 0.754643821759416 0.735648041489081 0.684830051683045 0.653048796741891 0.6584005542161 0.664625030774858 0.671305245811026 0.663537653605001 0.65632222637396 0.651334238676181 0.644358712192204 0.636117921520743 0.621285455037641 0.608009720384523 0.601011807607161 0.590627665803615 0.577637542998674 0.577690998236971 0.579112575018154 -9999 -9999 -9999 -9999 -9999 -9999 -9999 -9999 -9999 -9999 -9999 -9999 -9999 -9999 -9999 -9999 -9999 -9999 -9999 -9999 -9999 -9999 -9999 -9999 -9999 -9999 -9999 -9999 -9999 -9999 -9999
0.831665430033643 0.827599862236147 0.802985321094569 0.774197706450726 0.783423503886699 0.785686885472214 0.776820619187366 0.739581969579446 0.690843425222715 0.665298300544019 0.649293283850578 0.651897180438473 0.656983958934054 0.663367311367607 0.661359933873225 0.658028743247099 0.6520229879562 0.641697425750734 0.628621880992072 0.61231986032937 0.596486999161357 0.58283466077248 0.573397481641788 0.567204213321545 0.57033860113621 0.575371491433235 0.583041821280992 0.593289146355403 0.605922996748815 0.620479897503383 -9999 -9999 -9999 -9999 -9999 -9999 -9999 -9999 -9999 -9999 -9999 -9999 -9999 -9999 -9999 -9999 -9999 -9999 -9999 -9999 -9999 -9999 -9999 -9999 -9999 -9999 -9999
0.831635263999177 0.820471370503231 0.768359472866738 0.710514133468341 0.76448940976164 0.795430396180006 0.789550322098943 0.720037498816124 0.625912965205037 0.639116187322441 0.647566053573742 0.646744034512597 0.65113014840648 0.658235976610603 0.663453105223071 0.664171230549156 0.654150204747094 0.637559383789482 0.61678624116492 0.598158727409058 0.579580321996648 0.560652244093417 0.552029150550056 0.551336587769343 0.558725509532734 0.568023533292166 0.580655973836019 0.593289146355403 0.605922996748815 0.620479897503383 0.63309282931263 -9999 -9999 -9999 -9999 -9999 -9999 -9999 -9999 -9999 -9999 -9999 -9999 -9999 -9999 -9999 -9999 -9999 -9999 -9999 -9999 -9999 -9999 -9999 -9999 -9999 -9999
0.831964640987812 0.821222892684566 0.76490320622553 0.701648866356312 0.755134609481423 0.775332177248396 0.742317515533472 0.682717134663607 0.614023285378072 0.645920412585849 0.664849078198158 0.658481491651118 0.65993470714938 0.66547198644245 0.665033540895938 0.660259320042336 0.645393015217299 0.630986182693825 0.616871849543114 0.593759983556523 0.572759760394808 0.560288222385821 0.552155494587004 0.547361837149036 0.558749233398458 0.571910301625219 0.583611506804456 0.594620756209607 0.604989193417122 0.611319172752935 0.617013205706324 0.623519562028366 0.632060877615597 0.642867030268934 0.661864508978868 0.683768671297452 0.711752464262146 0.73687628031413 0.758167729023392 0.763589004593234 -9999 -9999 -9999 -9999 -9999 -9999 -9999 -9999 -9999 -9999 -9999 -9999 -9999 -9999 -9999 -9999 -9999
0.828195381408331 0.814288757991539 0.760800287210282 0.701514610192756 0.746756088852607 0.755385740939431 0.705490199127964 0.660366997500306 0.618918851226501 0.655168664720608 0.676238289823799 0.667697473431199 0.666353769498753 0.668768435392754 0.664233390494113 0.655779536544238 0.638300083569141 0.625594903550834 0.615929018481359 0.589716275452141 0.567437617646267 0.560998027896249 0.553682696196016 0.545693409229693 0.559342668295542 0.574477389973797 0.584139712411079 0.593514759336507 0.602623763750302 0.602910291308487 0.602696158563895 0.609092231083935 0.620466578618693 0.637381568647613 0.658634213048953 0.681748062720357 0.710704671067388 0.736304479269774 0.757406177297487 0.775015124374941 -9999 -9999 -9999 -9999 -9999 -9999 -9999 -9999 -9999 -9999 -9999 -9999 -9999 -9999 -9999 -9999 -9999
0.813247515241757 0.785387742891732 0.750594149820655 0.717440538838379 0.739692229474716 0.740013666548665 0.705278881026961 0.68114277373569 0.66199107117385 0.666451993872603 0.668973348409622 0.667711385631917 0.664251313285434 0.659643376608047 0.657041080510166 0.651160247937868 0.637244009114059 0.623752382610987 0.610531063669571 0.585274913686868 0.564777137994095 0.561580273686174 0.556015429781214 0.548628231335594 0.559859887332991 0.571894343867975 0.577332331266149 0.585604538056983 0.596501482476443 0.597820499851878 0.593788171675749 0.570769974318215 0.577391890346605 0.617002195178808 0.646633143364206 0.674241176396181 0.706811950580377 0.734180146289757 0.754576889972297 0.773339703518182 0.790390096472375 -9999 -9999 -9999 -9999 -9999 -9999 -9999 -9999 -9999 -9999 -9999 -9999 -9999 -9999 -9999 -9999
0.79691509000993 0.766481848468434 0.7386205202232 0.71385812674218 0.720330591573695 0.719631390888942 0.707468049946776 0.689163402866707 0.668493063180119 0.65863233814723 0.652669333798378 0.654309214691099 0.651888118747664 0.64734635942827 0.644710217907374 0.639421946991164 0.627615995431696 0.614168664074488 0.599676432818691 0.579806754239694 0.563852681040519 0.561082069561293 0.55761021716528 0.553598702362378 0.562517791121632 0.571584097605194 0.574439775570673 0.581580358356451 0.59268914167958 0.594918171969063 0.589472608510343 0.551660342516495 0.543892004361948 0.569561486091964 0.621029216584409 0.675697738957315 0.701008009565244 0.722551928515049 0.739048938508471 0.761262247155375 0.784897081428023 0.800685666543007 -9999 -9999 -9999 -9999 -9999 -9999 -9999 -9999 -9999 -9999 -9999 -9999 -9999 -9999 -9999
0.779609301819359 0.754602653359616 0.725404320707179 0.696561098389337 0.692323456062907 0.695726878833943 0.71134479233864 0.688216998350498 0.649285711205392 0.637383036588989 0.630010733635543 0.631475363507019 0.632311492248044 0.632819414406545 0.628766886247643 0.622678888148024 0.611961797429852 0.599142783346442 0.584985688025401 0.573616742720791 0.564148670532861 0.559824295149928 0.55868621881044 0.560000260950767 0.566680624021242 0.572871659074399 0.574299392879634 0.58028811622655 0.590500718961499 0.593553659315489 0.588385578713245 0.546057434948848 0.517123328419356 0.503096307507411 0.585862305052523 0.68345572219922 0.693860455760489 0.704242356614351 0.714593661654022 0.741872025081664 0.774254469017898 0.796618381519182 0.810451975049462 -9999 -9999 -9999 -9999 -9999 -9999 -9999 -9999 -9999 -9999 -9999 -9999 -9999 -9999
0.784852100851887 0.757837680750427 0.718166250191225 0.67710544368899 0.675956019822087 0.67960451017227 0.690922622230682 0.667882339529731 0.630779547885918 0.615371276200864 0.608039865702015 0.616463162553624 0.621884540006629 0.625738299425096 0.618068965612244 0.609246369784239 0.598354804914767 0.586222787936106 0.573301101019458 0.567120550022628 0.562731215362464 0.56223149950244 0.563047411460108 0.564875806941868 0.565830725010415 0.567177612958738 0.57054010907574 0.57581976533627 0.58287488131663 0.564607168546061 0.541727477361611 0.52054407078837 0.508415399155764 0.506364324489404 0.584555926314265 0.673646748393077 0.679108767460454 0.685713187581679 0.693848424427894 0.727073970226862 0.766849273320057 0.776769214365875 0.791314996916835 0.813362493217909 0.819988657072707 -9999 -9999 -9999 -9999 -9999 -9999 -9999 -9999 -9999 -9999 -9999 -9999
0.787415521147251 0.762199482905096 0.71771274032297 0.669739522589585 0.663379875358334 0.662053578815547 0.668773256827262 0.645828055921422 0.610822362261439 0.59834518388252 0.593837676891352 0.604875793069716 0.612843941632472 0.61920893702532 0.608792141661464 0.597308506180028 0.584290221056659 0.572065914728399 0.56034705410115 0.5598481750138 0.560805177169735 0.563587633661844 0.565834102308136 0.567668084341038 0.56469085582779 0.562721814461145 0.567284834239961 0.571532476780329 0.575488052126779 0.541699845544918 0.506229446750891 0.501539928997053 0.506952454069476 0.523608192422713 0.589294029645793 0.659783005686222 0.664047373403406 0.667977173363465 0.671458652730222 0.70895404001163 0.755129472415975 0.757888798995345 0.772744720913615 0.807217656402826 0.82407722974383 -9999 -9999 -9999 -9999 -9999 -9999 -9999 -9999 -9999 -9999 -9999 -9999
0.772442390147838 0.764975739692675 0.738686997425669 0.705223787073866 0.659754570552151 0.63669730412653 0.649466267850788 0.624853593616461 0.585561198341785 0.598943486733802 0.606414529047134 0.60235510799119 0.60529376673545 0.611886859408563 0.602548899226419 0.589365005434047 0.56788776618511 0.552838421921509 0.541881065890957 0.549986766257533 0.557733813311623 0.559951669361318 0.561945870756721 0.563767951549691 0.564368172567481 0.565117570032472 0.567101481598775 0.569032177781512 0.570913591816218 0.549852396765158 0.526161669471475 0.512436477575577 0.524117672099 0.564075268348283 0.602727710980417 0.638210937585685 0.650678516801371 0.653080780217375 0.641995526516206 0.677603432556381 0.727218507959828 0.748128117367799 0.771430071209135 0.798611683078276 0.817770052620797 0.833206298662198 -9999 -9999 -9999 -9999 -9999 -9999 -9999 -9999 -9999 -9999 -9999
0.760909202835766 0.748344733912462 0.735743172731856 0.719680225985601 0.655439494109851 0.618807074376268 0.626307438296678 0.610763541588022 0.586255535587281 0.598219864540895 0.60288945859054 0.593329959065133 0.595168228272821 0.602958472016471 0.593098038358009 0.579116302763377 0.556283286719934 0.544288005715712 0.539192010458158 0.54335772538008 0.547304236295303 0.548427423999183 0.549999795353844 0.551917850373437 0.555219587229415 0.558316751217045 0.559874371972166 0.562143871900895 0.565072634855924 0.552919146177246 0.53823403877823 0.525730650662762 0.539819276098614 0.583503863961648 0.598764003557377 0.607556929885859 0.624739195222073 0.635120569462322 0.636388753724794 0.665949901521781 0.704827576350591 0.738558926874022 0.767114726582177 0.787277350546588 0.805165893335281 0.821811505622745 0.823522113037192 -9999 -9999 -9999 -9999 -9999 -9999 -9999 -9999 -9999 -9999
0.752291316314599 0.715266363565967 0.712529131686859 0.716315897438778 0.650539846529448 0.607244205970604 0.599884231501816 0.60250792423301 0.608946771605728 0.596375930657705 0.585718249710318 0.578792374377731 0.58286010773267 0.592668761130712 0.58092876887433 0.566913975962472 0.54874501960248 0.544786252130255 0.549873669427821 0.539468067902498 0.530638683754527 0.530217978497752 0.531224817885042 0.533330269974638 0.538591181973827 0.543721973249908 0.546677783721208 0.551536795861311 0.558158340940077 0.551675754673874 0.543645299951718 0.541056774636851 0.554280489113146 0.585102662384057 0.580056269541247 0.569206114301012 0.588146592711137 0.614563819138478 0.650999883411541 0.670989347956243 0.687114789963219 0.72915202225015 0.760256337918494 0.773630774420996 0.787225135911208 0.800923973253314 0.815183519855962 0.824658787548714 -9999 -9999 -9999 -9999 -9999 -9999 -9999 -9999 -9999
0.727813647313375 0.692540262733167 0.695758674389644 0.707444694353626 0.657014765700824 0.618159092100006 0.597805241121844 0.591529679795461 0.590891186816772 0.575502959473976 0.562683927045258 0.554876360465023 0.554374964744972 0.557688889719131 0.546919117146212 0.533871395286303 0.516199450468825 0.519547730569247 0.536277454084086 0.528275856151716 0.519920857343709 0.51624429451101 0.519715437912672 0.528687327574046 0.529386694044348 0.530476657010304 0.537465100688122 0.543482957285401 0.548601964471534 0.533296614288209 0.516564708892643 0.513680004350422 0.528878232610988 0.564202119982387 0.56212686278572 0.552512464243524 0.561839181228385 0.58321549212114 0.620738251602504 0.661182640590439 0.701960708058728 0.732925185933695 0.757060401226351 0.770120621199798 0.781988543923222 0.793279529909706 0.800938875004736 0.807229177195541 0.810808088966868 0.812048033880393 -9999 -9999 -9999 -9999 -9999 -9999 -9999
0.698997321234595 0.668943549330894 0.677254392022928 0.694535352690797 0.657315913976389 0.622647314950786 0.592056316016863 0.574370804083984 0.562111170489071 0.548443884238763 0.536152571829753 0.526545230915584 0.521394873444778 0.518571976074568 0.510484388026789 0.500008505087587 0.484095786436482 0.492004779646366 0.51507863862469 0.511964691329206 0.507066622452096 0.5028260921316 0.509676441453882 0.525062132424464 0.520536476937121 0.516865028899476 0.527049544316483 0.533595384990697 0.536771491289203 0.514888201844412 0.491038134789108 0.482999690987471 0.497798752084352 0.538015141417875 0.543182248913 0.539852661791678 0.542613406157991 0.558425807159641 0.591727420201922 0.650708532708524 0.715450166486879 0.735705090838304 0.753159032058493 0.766070627059928 0.776491156358801 0.785694404752869 0.786642162773037 0.791751960671684 0.805104681430644 0.807132170761701 0.803155871258951 0.79947910184487 0.796355892437976 0.794569112385983 0.789324950302086 0.78184815975361 -9999
0.662100074882626 0.633444471436899 0.645812134473045 0.667075323663415 0.620335893804093 0.580247330011111 0.550790391639705 0.5306069660891 0.5145293553679 0.507140580291321 0.49785140935556 0.484855330510748 0.47984977050675 0.479016901297183 0.4793889507931 0.478170022629334 0.473037396961027 0.473320468458674 0.477051164587309 0.477452724615944 0.479783403915784 0.488767440687686 0.500939964930147 0.515566291826598 0.507690679780477 0.500528983412457 0.508027528575006 0.513261396783867 0.516397973995279 0.509360068068879 0.497401277500656 0.469430187591391 0.4706613718748 0.504393645559607 0.518936704669805 0.529456103385392 0.548428095615454 0.572259944277057 0.602603997633668 0.648415169080688 0.697915630952612 0.72386569729187 0.743203090311453 0.751816730190753 0.760133984759631 0.768325200553413 0.776590055663408 0.784990679924956 0.793660195085134 0.799142423592581 0.802934991616034 0.79947910184487 0.796355892437976 0.794569112385983 0.789324950302086 0.78184815975361 -9999
0.636411792106659 0.616057277077715 0.627190302131472 0.644173147501502 0.595299242517348 0.555554037264589 0.530401355024946 0.508861439997456 0.489035711787501 0.477969210807105 0.466366816842653 0.453719111223051 0.45082369656187 0.45302097932341 0.455127732267248 0.456934713794364 0.458023951102305 0.458178767773147 0.457738733678623 0.455817563374553 0.457753237609184 0.47178658014565 0.487656788834819 0.504940616703032 0.493397318332836 0.482810514783102 0.491171272093286 0.497544827992856 0.502078059769459 0.502207485278155 0.495579415393406 0.456839346218544 0.451049132632167 0.481930932847822 0.502515411400952 0.521246648956246 0.547006242321151 0.573947427348358 0.602471944492305 0.640064533081339 0.680012837219015 0.709001319565619 0.726707639630507 0.726117709850761 0.737876520329444 0.754796515439135 0.763582897467758 0.771965664649632 0.779549072348138 0.787145586238525 0.794749048049489 0.789028365072379 0.784123882039843 0.782178091455737 0.779687281703478 0.776844522037289 0.774844124670287
0.622142544265606 0.617121407804812 0.621629167359439 0.625914244622271 0.582429795238355 0.548899284420922 0.531280467697556 0.50954687918874 0.486044202393036 0.461157144885999 0.441826546166143 0.433334363518913 0.434551275392704 0.440838327283334 0.437828815086073 0.436313882884083 0.438981325676367 0.44664607097194 0.457492091488577 0.447300536609767 0.441074572939579 0.451828744296991 0.469741701778718 0.493163932404339 0.477629263252963 0.463683714504695 0.476521364171813 0.486532215393768 0.493925201440295 0.493400009068547 0.485419150245185 0.445245508338215 0.439103065824545 0.470836134191323 0.494065006306526 0.515265287834023 0.538212223533573 0.563260611408475 0.591124943934303 0.625543103114144 0.661734883622092 0.691055265304988 0.703550120644393 0.68875906872054 0.70960818348391 0.745180326007842 0.747565306473666 0.75255952386524 0.762721336794388 0.77106656033074 0.778448764331332 0.76793103037926 0.759430616583344 0.757163824859435 0.760231321371437 0.766743471567602 0.770614803821434
0.606993351870954 0.613090389093046 0.613068440895062 0.607759836391295 0.557280388568527 0.519359981539977 0.501515609128058 0.494282629487656 0.491202495412546 0.472502514577937 0.459147901604983 0.456219951217832 0.453505274659198 0.450901970810981 0.445096122660018 0.442574107792375 0.448174429964149 0.451960863560795 0.454592578431883 0.452346667647994 0.45196525771992 0.458400650373805 0.469178430914556 0.483298035131841 0.474659200571241 0.466457587274621 0.471952208880499 0.47290065324583 0.469638935723 0.46338711614192 0.454431424014514 0.433926067841446 0.43465059647636 0.459003229538108 0.484385130449804 0.510720020678189 0.542607381904812 0.573057969590994 0.60158328159722 0.630834910135739 0.658055740631349 0.651613411913251 0.651988017503442 0.663417625686625 0.681636792760105 0.702747250507814 0.722396072732281 0.739227691674868 0.750479837567611 0.751495406556489 0.747084309741396 0.734272457167153 0.727525299787445 0.736258426014647 0.747620646265779 0.760680622246454 0.773044728096317
0.594272873984993 0.607742679233429 0.60356887583813 0.59035167479339 0.533498468211464 0.490980817138322 0.471379017152746 0.478494385523305 0.496304939858862 0.486002292961978 0.479657344887303 0.481032275276266 0.473021129462404 0.460108525489491 0.453181343408974 0.450376477436513 0.457148014644882 0.455905652663376 0.449561654569174 0.456782646294341 0.463585002567553 0.465954868046775 0.469256202158557 0.473274377789646 0.472884306414982 0.47150593634562 0.468519469992684 0.459999839354106 0.446356009599714 0.43509566089601 0.425881554933925 0.425280402989189 0.432245729617813 0.44763227696863 0.473574074039639 0.503590495947425 0.544122342320292 0.579625148469824 0.608389043745113 0.633900875117397 0.654175133287249 0.613491921869407 0.603703822825522 0.64401823789704 0.657458735425211 0.659963979665094 0.696843860781952 0.725433468428175 0.737604183727231 0.730531201716236 0.713256653779919 0.698174733380931 0.693802592642911 0.715545082838791 0.735638500587616 0.754667018348105 0.769904436304231
0.598939650330876 0.601418638494555 0.592412651120631 0.577717457002522 0.537376937895263 0.504972786326158 0.485255176033331 0.483429498429697 0.488679554400114 0.471042803622453 0.457758150214154 0.452962688192739 0.442831855128426 0.429914863357889 0.429419432566337 0.427608303965644 0.421852848575511 0.425247025673211 0.434465844984629 0.436618027032918 0.438216270305757 0.439771007175955 0.447258014911751 0.459310391691211 0.459601620500506 0.458376628049147 0.457311143418987 0.455900472640003 0.45417012898176 0.450339005319422 0.44502859585257 0.43389126126964 0.432011132743685 0.440433944313414 0.457150767985277 0.477202269414269 0.50659969464098 0.533779046427176 0.557986181137278 0.592209279300927 0.62682469298016 0.616694631852952 0.6201592128165 0.645670185422891 0.657902854270386 0.664630914540704 0.682638233661153 0.699371688893995 0.713582255815655 0.705655069058994 0.685992104611111 0.665003534374279 0.659004281381159 0.689870299510823 0.717430223833096 0.742855215112725 0.759969254628593
0.599728888533885 0.588153141593256 0.57612831404726 0.562687901690911 0.531578075527957 0.504733068789432 0.484705514418602 0.475239777770866 0.470032438168812 0.455135574582404 0.442337799222078 0.433634500656918 0.421713422943318 0.408112004103103 0.411839263070026 0.409947113833685 0.393421722806689 0.397860283651211 0.41564446457387 0.412506218327844 0.409482899049908 0.411678766042136 0.423011807420594 0.441376653993812 0.442954688160359 0.44246338443192 0.44257613955949 0.444829192299288 0.449064349774458 0.451235376377705 0.449924077606124 0.431847383920378 0.424863426476429 0.430225288742347 0.437095026013048 0.446471088589854 0.473026495729609 0.497875781427705 0.52043886542023 0.559199059338186 0.60096435008127 0.605389059619502 0.615179758214968 0.633672465698734 0.650400790540262 0.666167316192919 0.670489468439754 0.677268832866229 0.688914707715374 0.680777351734019 0.662152409594894 0.641936555758995 0.636743845415396 0.668518430108381 0.699843472364049 0.730878219467973 0.750754002280089
