layers/veg_krg/veg_2100.asc
NCOLS 255 
NROWS 330 
XLLCORNER -2985163.8955 
YLLCORNER -3022031.214 
CELLSIZE 25000 
NODATA_value -9999 
[rows 75 to 99 of 330, columns 168 to 223 of 255]
0.858622265891309 0.837238912475343 0.832100191013366 0.825742765845499 0.817774789833473 0.812046212910807 0.806150163244776 0.787419357580101 0.768248119876887 0.748372837255207 0.740733254612484 0.738091840819001 0.727266735219832 0.718895022923236 0.715308894110932 0.70833565130052 0.699593639817993 0.682956067177539 0.669604070075246 0.6646693516987 0.666611902909971 0.672932513547083 -9999 -9999 -9999 -9999 -9999 -9999 -9999 -9999 -9999 -9999 -9999 -9999 -9999 -9999 -9999 -9999 -9999 -9999 -9999 -9999 -9999 -9999 -9999 -9999 -9999 -9999 -9999 -9999 -9999 -9999 -9999 -9999 -9999 -9999
0.84989942831775 0.8325455554951 0.825758977328686 0.818148453234172 0.809449061678574 0.803059857574402 0.796935173309494 0.783678416187501 0.768693269533242 0.75094523607502 0.741207199639166 0.734528566419588 0.712526365361647 0.69924994842025 0.702994026444674 0.698406063049079 0.689467063979238 0.676699028127629 0.665909535729862 0.660131509571344 0.658158567088563 0.65860793512305 -9999 -9999 0.633741124629883 0.633741124629883 -9999 -9999 -9999 -9999 -9999 -9999 -9999 -9999 -9999 -9999 -9999 -9999 -9999 -9999 -9999 -9999 -9999 -9999 -9999 -9999 -9999 -9999 -9999 -9999 -9999 -9999 -9999 -9999 -9999 -9999
0.843685931518943 0.82796054995555 0.819918713824967 0.811540023968139 0.802716172542884 0.795504264366641 0.788509805977855 0.776998208292788 0.764573485743062 0.750689103439653 0.740551392162471 0.731501887015728 0.699214259294887 0.68148689809339 0.692160760172634 0.689700509158781 0.680381555488893 0.6703482232711 0.661656253141549 0.656245265127319 0.651884011130911 0.648191016223763 0.637425607384136 0.629115408778576 0.629932845734193 0.621341914743431 0.605510472867895 0.608253807303443 -9999 -9999 -9999 -9999 -9999 -9999 -9999 -9999 -9999 -9999 -9999 -9999 -9999 -9999 -9999 -9999 -9999 -9999 -9999 -9999 -9999 -9999 -9999 -9999 -9999 -9999 -9999 -9999
0.842930336264138 0.823535226832207 0.815151706586319 0.807093744003422 0.799466014927175 0.791072990750281 0.781803525120988 0.763877862879368 0.750436689697737 0.744164117930927 0.737351788706104 0.729610646983852 0.689026710321865 0.667850609811666 0.68453139105639 0.683621959854046 0.673526827571182 0.663732095521123 0.656111322942343 0.653717734994942 0.651021996185632 0.648133908594279 0.637425607384136 0.627505670004713 0.621808001662497 0.614065405095347 0.604749068517645 0.608253807303443 0.612408887005512 -9999 -9999 -9999 -9999 -9999 -9999 -9999 -9999 -9999 -9999 -9999 -9999 -9999 -9999 -9999 -9999 -9999 -9999 -9999 -9999 -9999 -9999 -9999 -9999 -9999 -9999 -9999
0.836678121582116 0.820423922600412 0.811109352748829 0.802351315455299 0.794328751416543 0.762239337301244 0.725837895890422 0.741996010390982 0.751006500063613 0.748591279299964 0.725930749149043 0.694866143118533 0.67105826268684 0.660953436124694 0.677577755767393 0.676357717068835 0.665819260972551 0.661517218946069 0.657416740159262 0.65341628353205 0.648606473557796 0.643281430466008 0.630048699755985 0.617236399068735 0.60754551707787 0.600779422642269 0.596264192145051 0.601025567754262 0.606929950036107 0.612498394051828 0.622769892181991 0.637396834049365 0.650562378156756 -9999 -9999 -9999 -9999 -9999 -9999 -9999 -9999 -9999 -9999 -9999 -9999 -9999 -9999 -9999 -9999 -9999 -9999 -9999 -9999 -9999 -9999 -9999
0.827240630607737 0.818074088810291 0.807486933623838 0.797437269593258 0.788097915074853 0.719264569847977 0.641326605707812 0.715036887929522 0.760098749605593 0.759365180562875 0.709745409307518 0.641083260518627 0.64858080503766 0.657961561364524 0.671015706428337 0.668406368075277 0.657617476633814 0.661852855683758 0.662691915426182 0.654404838718649 0.645290697372884 0.635650047928381 0.618396893839894 0.601948952349599 0.589726286192043 0.584010966732773 0.583303584342763 0.589608582672237 0.597753307839469 0.609518781495803 0.622769892181991 0.637396834049365 0.650562378156756 0.66144404503281 -9999 -9999 -9999 -9999 -9999 -9999 -9999 -9999 -9999 -9999 -9999 -9999 -9999 -9999 -9999 -9999 -9999 -9999 -9999 -9999 -9999 -9999
0.817485867292849 0.805614559024581 0.794623398371148 0.783736460552258 0.772987256108054 0.706831763111816 0.632627800551716 0.705667529940576 0.737875084349738 0.704811080859182 0.668235875450731 0.631363005556609 0.650119619593254 0.665161868480952 0.672958885023393 0.670215524997328 0.661967925114824 0.660988360221526 0.657037690347846 0.645467439566578 0.635454154154634 0.626432030543727 0.610699413539549 0.596539945786937 0.588735979483928 0.582659321374243 0.577911968607036 0.587205082849988 0.598687408970824 0.611484968699288 0.623824739097178 0.635740556118325 0.641392148817539 0.645625058481267 0.648765933400718 0.652244575751476 0.656099141203611 0.673488579842714 0.695403256738756 0.725101925587301 0.748774953532307 0.764373626291062 0.76834539470869 -9999 -9999 -9999 -9999 -9999 -9999 -9999 -9999 -9999 -9999 -9999 -9999 -9999
0.808184216991187 0.795312909483523 0.782378072346252 0.768719264173705 0.75410370814163 0.696758403837138 0.634082846871047 0.697210467991614 0.716202678126107 0.664643000318362 0.643137356145038 0.634969825562182 0.656452011126823 0.671151350879511 0.672620086774215 0.66900643875851 0.662738743242357 0.658011806027111 0.650816002921667 0.637567340037241 0.626974980194338 0.618073618853141 0.602958110702638 0.590333878044432 0.586747450943295 0.581352899005949 0.574566846690195 0.586089088545651 0.599591798796712 0.611337968951379 0.622158424330321 0.632121586017915 0.632412605924434 0.631207927154395 0.632097860688127 0.637848427272227 0.649008705040979 0.669400593768366 0.693120478863281 0.724117125880045 0.748761480923168 0.764893768542589 0.784474218227174 -9999 -9999 -9999 -9999 -9999 -9999 -9999 -9999 -9999 -9999 -9999 -9999 -9999
0.800157093833064 0.792280326756723 0.773100211044775 0.751353419257399 0.726214693647231 0.688831410378925 0.652533105129252 0.688777061655154 0.70039489216848 0.672647060414863 0.66612953808195 0.668616058798064 0.67245000841971 0.67243166984326 0.664899066530615 0.658240965942572 0.652039535258115 0.64946806353524 0.644577968452167 0.633868122627832 0.623090782205515 0.612270474824129 0.594546283460323 0.580585841405607 0.579701334309642 0.578018967280974 0.575722581587202 0.587211701374387 0.599005297184062 0.60476349883648 0.612956589965068 0.62340460392927 0.625229847434386 0.619898973026889 0.584750822683592 0.584364416878161 0.622666592637283 0.654213067048537 0.684639591367906 0.720458436345485 0.748711428010175 0.76682618078654 0.785831351754628 0.8039163811891 -9999 -9999 -9999 -9999 -9999 -9999 -9999 -9999 -9999 -9999 -9999 -9999
0.777166203092306 0.765626425441198 0.750837176566736 0.729436860149378 0.699299834094925 0.676501224401331 0.658383706869737 0.671262904031751 0.678355530324312 0.676198135139098 0.674908490420676 0.673887131699371 0.668245489691067 0.660370020941142 0.648137254749238 0.642029807677408 0.639121034335593 0.636949603221377 0.632638877311665 0.623120323823698 0.612617845359564 0.60148900174263 0.586719958500356 0.575255087290623 0.574706169234924 0.574794095099195 0.575372124598945 0.584347692119703 0.593346081850934 0.598022051127033 0.606160742224067 0.617506219741523 0.620355953793256 0.612257756683314 0.553574440842243 0.533209999330937 0.555493097943923 0.619364414948858 0.688807916570002 0.714283598006677 0.734782064607179 0.748611066321062 0.77049953050274 0.794348737434275 0.806493183950692 -9999 -9999 -9999 -9999 -9999 -9999 -9999 -9999 -9999 -9999 -9999
0.743655589897166 0.722366431162276 0.719445397132911 0.704321090013674 0.673069818086319 0.66107553704273 0.655376586859668 0.64736486061967 0.651935289906761 0.676618703461723 0.673695358230713 0.659210099307682 0.649838340491651 0.638928795794665 0.625019649400489 0.621990261996886 0.624642341728273 0.621636864789323 0.616691869478764 0.607417280990267 0.597512939745144 0.587207698846912 0.579305249229599 0.573029740012306 0.571152849674594 0.571645893189061 0.57396279520382 0.578681035896834 0.584120683059309 0.591163216005554 0.601056334247571 0.613589346390816 0.617105222050435 0.607195007514489 0.533766239761692 0.48369331573308 0.459614612562625 0.570693737012795 0.701868802158978 0.706339874463762 0.711095366134208 0.71623197958356 0.74343515784875 0.77740722272237 0.80001864871317 0.814005346089078 -9999 -9999 -9999 -9999 -9999 -9999 -9999 -9999 -9999 -9999
0.772828737522687 0.755373012843401 0.740140089864206 0.718184474071336 0.687344632741311 0.660050849338051 0.636056605536968 0.641533935415167 0.649066817599468 0.659885566907683 0.647474837902003 0.625463703455976 0.613768163700341 0.606877729353313 0.609360122860502 0.612315220333691 0.615517166294031 0.60877314198527 0.601456540979796 0.59337446825048 0.584539913141069 0.575226328885734 0.57136899675586 0.569158480698031 0.570696563757172 0.572848112907937 0.575471774537631 0.576169254437206 0.578369565767059 0.587550124347161 0.596207061861384 0.604379079994169 0.574058263956496 0.536443602247954 0.499866110979193 0.475667980153887 0.465247635875279 0.569074256382811 0.688215333036447 0.686630383675655 0.686434123522044 0.688098706070744 0.725738385752687 0.772880907908359 0.778865196173678 0.793154830522291 0.82091322052179 0.82925573878193 -9999 -9999 -9999 -9999 -9999 -9999 -9999 -9999
0.801851276790174 0.790356999101919 0.760542003688566 0.732320868724744 0.706206064676353 0.668168572490029 0.629579985816792 0.639171086169676 0.644198454905959 0.641930550426944 0.621119439399638 0.592891073252059 0.584446772533588 0.583484502548961 0.597116664965895 0.603817272597297 0.606898186010976 0.597394586613458 0.587927635988196 0.579328743896196 0.570679273969467 0.56199760626959 0.562682354716523 0.564868514074498 0.569450223597495 0.573182457965758 0.576260951521665 0.5745032664312 0.574599768970072 0.584601069137326 0.591399489029395 0.59523175873562 0.540388405973531 0.483340891557854 0.476380772389777 0.478450374535289 0.490569734372492 0.57572696999064 0.668498273890155 0.666357831793399 0.662961342094779 0.657881749365188 0.703573118921041 0.762418442242506 0.759378314860209 0.773566160507548 0.815692560041645 0.840437289744166 -9999 -9999 -9999 -9999 -9999 -9999 -9999 -9999
0.807514845171591 0.80443795191535 0.760950760478376 0.733207500623761 0.726270284254387 0.702849380403238 0.673731872239698 0.642293078079571 0.623792238444656 0.625973139332166 0.603404657392456 0.571349072656465 0.585040872400144 0.594079547422509 0.594041847779092 0.59563912176213 0.598090187537185 0.590291228232969 0.580076635732261 0.564668086802515 0.55295374489675 0.543591129599316 0.551574873515808 0.559721325108122 0.564326833808714 0.568912398179785 0.573482613753297 0.574630764628349 0.576457942723172 0.582780010382635 0.586644058597921 0.588231763583134 0.553841601268582 0.515572910351917 0.49426514871466 0.503721303995965 0.547416601321838 0.594020938566563 0.637415885533638 0.648412351878164 0.643978589968389 0.61886833147931 0.662448106435071 0.726779608690163 0.751037294086713 0.77925623167203 0.813899120440953 0.838075868655186 0.857411440157575 -9999 -9999 -9999 -9999 -9999 -9999 -9999
0.796404183710246 0.786709294411921 0.757948463147422 0.735527804978166 0.721485861898819 0.709503392118643 0.695425171108351 0.642419588875276 0.609297406770069 0.607959485565357 0.593830160029334 0.574937081525124 0.586228888632469 0.591302003152175 0.584244949830439 0.584460926702458 0.588474918039082 0.581412946217907 0.570991221743984 0.553148535103838 0.543708906469715 0.539618651862504 0.543666681054084 0.547903636144358 0.550822403199718 0.554869501254157 0.559784942567174 0.563624019600687 0.56756919736282 0.572501367644054 0.576798666131016 0.580508017230386 0.560463579436692 0.536428664352342 0.515811863468185 0.527902712920093 0.576396010368629 0.589961591508263 0.595896225902346 0.614713375996007 0.622401106184876 0.615175420395797 0.650296884866542 0.69948881783996 0.742840303336573 0.779652587901543 0.80586026928477 0.826673251142521 0.844895386523722 0.847785636233273 -9999 -9999 -9999 -9999 -9999 -9999
0.771077613509644 0.742022468245333 0.752055348500859 0.73906312528137 0.695642587403165 0.692405113521081 0.698085153152528 0.640007474258748 0.59981238522914 0.588203196908878 0.591154432070011 0.599822397304993 0.587920240095898 0.577191389724034 0.56875118904253 0.570740239062855 0.578175498429945 0.571030442987043 0.56085966059247 0.54429102321589 0.541651326438149 0.54787877219452 0.538469837916315 0.530432798267234 0.530215165930924 0.532544271118404 0.536833299734343 0.543181170081294 0.549572598898207 0.555055049060049 0.562639607018296 0.57217090256748 0.561296203329527 0.547643204203687 0.540462355227385 0.551160769495868 0.581758165922929 0.566958144002155 0.545531135075709 0.567663548057495 0.598624626156151 0.641416110200872 0.66270051746262 0.679272868238355 0.734765375875593 0.77556259995236 0.792528525307622 0.807608354976374 0.821920164623447 0.838613608380177 0.849706166419823 -9999 -9999 -9999 -9999 -9999
0.750979364979921 0.726974307181431 0.735695763742513 0.723104386134936 0.682347505381775 0.682574447138384 0.692572150171327 0.646978136043361 0.609788340471706 0.586032961224262 0.580962629948953 0.583402731386167 0.567615668282032 0.554120331828853 0.545095232251195 0.54346810647032 0.545704241358026 0.536939189024891 0.52534986513889 0.507627070054587 0.513460930333845 0.534290921815867 0.526151048012633 0.517106664394533 0.51204769315347 0.516984026174327 0.529612565720005 0.531391614995092 0.533626486083043 0.543373099739425 0.552390698791201 0.560733165893249 0.536704289339047 0.510230036301431 0.504699451582335 0.519232928335689 0.556096989733538 0.545523820163502 0.525721392562777 0.532660391026548 0.555852829735366 0.600824868595918 0.652984444977776 0.706624821939375 0.745870656842892 0.775881789602197 0.790917032682525 0.805059884873722 0.818667574289373 0.823750487653299 0.82836828333452 0.832064913123187 0.833345642461185 -9999 -9999 -9999
0.731168430781282 0.714273075705093 0.715878205734621 0.702394026355408 0.668968904900948 0.671953388687657 0.683769409120333 0.648311714069847 0.613600831320903 0.580083752291806 0.564499142302685 0.556331004482985 0.540445334295243 0.52639070422824 0.515907696922129 0.510651571057498 0.508124950060942 0.499769271450008 0.488804986742991 0.471907215448646 0.482947867714248 0.511774078194174 0.507525555840173 0.50088649968442 0.494659751615312 0.503509723168929 0.523962467186076 0.520288509465033 0.517456442289457 0.530646668082019 0.540185762844013 0.54634358760701 0.51248555408884 0.475579667421085 0.464427274522551 0.479286570165678 0.52309594720301 0.522789770656315 0.511717413571254 0.507727220607383 0.522427441628382 0.56217280614661 0.642237506802995 0.731622970543557 0.755239539871974 0.774956716834203 0.788350260507655 0.801569578604709 0.814387042981577 0.808832103842118 0.810209517661466 0.825316461314341 0.827075470975429 0.821758406512604 0.807295496114318 0.793259623497385
0.708719037600865 0.689946543621226 0.687968688949045 0.674447482286944 0.64567141490525 0.652145185560734 0.665913082363022 0.616366845655966 0.574037642634132 0.543245102361304 0.524649311570785 0.511217189736962 0.498131323805364 0.483855384250058 0.467258089748223 0.462407068363482 0.463690012329554 0.466325731455192 0.466735131452177 0.46168858617893 0.461509672112461 0.464429484715672 0.465051898073488 0.46809215896569 0.479034980930382 0.49457388170043 0.513649842118564 0.505797041488732 0.498690023006557 0.508696164916773 0.515936375082218 0.520615088015826 0.509310186328541 0.490683339039468 0.4491249637279 0.444059347386737 0.479608869920557 0.492834181371681 0.501437971122029 0.520359999524394 0.546790258738906 0.583281542725405 0.643510022762992 0.709569485910938 0.741983948501928 0.764910142506957 0.772449238869984 0.781164281381556 0.790356676249731 0.797980220006349 0.805388117221842 0.812368926313363 0.817437344667021 0.821491956792441 0.807295496114318 0.793259623497385
0.689691797084959 0.674782641028977 0.667765358886117 0.655618823392625 0.636693836932052 0.642810672250485 0.652692051107689 0.597796765241401 0.553874337099644 0.527492378419733 0.504380484378862 0.482779848916421 0.467217371752504 0.45107788780404 0.43381289571322 0.43156413701183 0.437156934044101 0.441179007457835 0.444358980842387 0.445604263091679 0.444146518845351 0.440968032017052 0.43950351417331 0.442859198981074 0.460504649166689 0.480537689300032 0.502408175747487 0.489892666099709 0.478449259587819 0.48933379692511 0.497788888259659 0.50399409789605 0.503765301595836 0.4934275387702 0.434888534355952 0.419796239243694 0.453058581647124 0.474692055462252 0.494351831129372 0.522919825450921 0.553953962786066 0.588292730276015 0.636169241299749 0.687696849456069 0.724845520367511 0.745569382898826 0.739657181325653 0.751267794180265 0.770282527477664 0.782274135639086 0.792211209930769 0.798079278471273 0.805370519385916 0.813416219621133 0.798737245629116 0.784534590502473
0.674150845070543 0.668953088178433 0.655412640059834 0.64607893135263 0.642304545783149 0.644146140076594 0.644193187152826 0.592852134706808 0.553474495149196 0.533220759655283 0.50405963560328 0.471331522027012 0.447917130875499 0.428241089893351 0.415857066383595 0.4184489063288 0.428861220616423 0.424484593175031 0.42167079451903 0.423544315035556 0.430934779798246 0.441837322930165 0.431197606997598 0.425329330381632 0.439014302122464 0.461305558392314 0.490220056563942 0.472548903474188 0.45670652080097 0.472608069311749 0.48585766037327 0.496651304472955 0.495806491891092 0.483580633149824 0.421737962487224 0.406702728290329 0.443762501050246 0.468584793442701 0.490518840463327 0.515217917425314 0.543596218789577 0.576904678639794 0.620053737399962 0.66600845052197 0.703751485779538 0.716760252223701 0.689657526683053 0.711702239076363 0.754238741618862 0.761622876361192 0.770522202124008 0.782422364751716 0.790829477980583 0.797384838235552 0.781460351300563 0.7669210054214
0.656024668374847 0.645735944706002 0.638631284110751 0.637073409989042 0.642845768469535 0.639242059675567 0.628971837783576 0.569520648252147 0.52571236160609 0.506909763290617 0.492053567360529 0.478808030967308 0.462856950563198 0.450598110159746 0.445541344836817 0.443349574935675 0.442653920651144 0.435052588571102 0.430471628745467 0.433606684021914 0.437047358787907 0.440682590459055 0.439319365252933 0.440116857729601 0.448661935356497 0.462362472389875 0.4800305583288 0.469650661156448 0.460410946702296 0.470438796568459 0.473004917626204 0.468660818385275 0.459536202634416 0.445373636995161 0.408854687491121 0.403853076149647 0.433929137819427 0.462221505227143 0.490983518407779 0.527404652222597 0.562303580665236 0.595162754824781 0.632794372996102 0.66863752928418 0.653980440329843 0.648815584218685 0.659044254573966 0.678495016459781 0.702016019401274 0.731590329513164 0.755469541934422 0.768069609437209 0.766780457000588 0.758128281202071 0.739574642475186 0.727871635924485
0.641332272247455 0.622941167952891 0.624449452496573 0.630115155479191 0.641275002562622 0.631832459769115 0.612190700877495 0.546634333083998 0.499035078865285 0.480140853927798 0.480456237892886 0.488553838142446 0.480769071691301 0.475944344852904 0.476893464657343 0.46830333831865 0.454731767675748 0.445955782349013 0.440688119977619 0.443588998375889 0.441927749875673 0.437362258286721 0.446938998186769 0.455878809026871 0.459586588704489 0.464287241893103 0.469751992691902 0.468291348791368 0.467115966321362 0.470712821352026 0.462349544613867 0.442910128894283 0.426134946674289 0.410763057361751 0.400208412254254 0.404336443324373 0.424805769183792 0.454497661179685 0.488332273089273 0.536100784238312 0.57705851020631 0.608889788128478 0.642735340622739 0.670970316243049 0.606163983142914 0.585744547844118 0.637307215950941 0.651672990324176 0.650970286041144 0.7016272813077 0.73945627331876 0.751879396002699 0.740197738178392 0.715737532473797 0.693917255545679 0.685298549875694
0.653256187375457 0.629305323581014 0.634165244419386 0.635878207434418 0.633432378156934 0.617324242880003 0.59529421783586 0.554573006323927 0.521021536721918 0.498931132430103 0.489280457481789 0.484600443668229 0.46640394196962 0.45251439291275 0.447025976038115 0.435959179924357 0.421979324951387 0.417732680456044 0.412510327383836 0.404330592614385 0.409359669145989 0.422797454989084 0.426328194651624 0.429073913204442 0.431732953360936 0.441181069147098 0.455853935524895 0.45519799730867 0.455064641575738 0.465062103792493 0.467615364601472 0.463274637033734 0.454629579895636 0.442929806442962 0.419161738902621 0.411315583888104 0.421189949509369 0.438169313975299 0.458568811559848 0.491565424040335 0.521613869217738 0.547711771982366 0.590412952728983 0.634468714636767 0.614753591100247 0.614233068056152 0.644840372950367 0.657412627212548 0.662567209626746 0.6863497589678 0.707030124012618 0.721566610911392 0.711286536786372 0.687850582102383 0.660648332848334 0.651941146687581
0.656813549694232 0.63115354512789 0.640049665003187 0.637695870823739 0.620475002317666 0.600005165853402 0.57796590838214 0.54923050257246 0.523026462990976 0.50086889454191 0.485701377903871 0.473336956768704 0.453846855437637 0.43745698249427 0.427114408104362 0.412453287913163 0.395537000483219 0.396080559238916 0.391441439170202 0.373214785413642 0.380470330441029 0.403947804702483 0.401232104791247 0.39845551965581 0.401588950653409 0.415417586265881 0.437477059136229 0.439984768240493 0.442184440869204 0.453435636907093 0.460636752500826 0.464087135681864 0.462322309102959 0.455183942387059 0.424322977220325 0.409622821863588 0.412909071297388 0.416237206219194 0.422351158224471 0.451071667042863 0.478602206286078 0.504538187014334 0.551151013502196 0.601606216065474 0.604484030056907 0.613720528273536 0.633268886252708 0.650876943946049 0.667443163532137 0.672314899860107 0.67920513518634 0.69009300917585 0.68075246420819 0.660688327706549 0.635507061422179 0.628982482515359
