layers/veg_krg/veg_3400.asc
NCOLS 255 
NROWS 330 
XLLCORNER -2985163.8955 
YLLCORNER -3022031.214 
CELLSIZE 25000 
NODATA_value -9999 
[rows 200 to 224 of 330, columns 114 to 170 of 255]
0.259962293552423 0.25074555399467 0.225475820872006 0.201543472062042 0.184775411104936 0.169358776987838 0.154953739711246 0.129515608373792 0.10557353277473 0.0925264820138597 0.100602942570648 0.127715610320935 0.129760061900551 0.125423093113079 0.112044322953513 0.100213974789513 0.0900606180210913 0.0843632302610114 0.0798382642910788 0.0756569225577625 0.068226254871339 0.0565605926026283 0.0509337597026317 0.0482869799534017 0.0587573108507575 0.0669933673672784 0.0717087132395254 0.0790845101726548 0.0874404056206005 0.0907180854104798 0.0944946669836286 0.0992297830123387 0.109773799538995 0.123305722745236 0.132552634225496 0.144046176911516 0.161097800721986 0.182763356470602 0.20732434551877 0.23079121890676 0.248338604652183 0.248409909637476 0.248440677348207 -9999 -9999 -9999 -9999 -9999 -9999 -9999 -9999 -9999 -9999 -9999 -9999 -9999 -9999
0.256493624225279 0.248165467455662 0.223380540910199 0.199569766989144 0.181937122491306 0.167895419772998 0.156541680066129 0.135216235168395 0.114227349204622 0.0992174496860037 0.0879236712715323 0.0799788082069227 0.0994176150225946 0.118073374884146 0.106508863218381 0.0976275242575717 0.0916521486271338 0.0864031595118992 0.0816411603885422 0.0791871790954127 0.0723667351790563 0.0598552815517652 0.0530241557197756 0.0490406986029313 0.0579853854176534 0.0639278107388411 0.0651393515778687 0.0783847254702501 0.0960769471646483 0.0913470542301348 0.0883577303830902 0.088712542593628 0.0998320488802384 0.116488558485284 0.130787039030536 0.144738422414396 0.157989604175715 0.172843058982238 0.18870200645581 0.199395233998093 0.21328158028672 0.237842692087909 -9999 -9999 -9999 -9999 -9999 -9999 -9999 -9999 -9999 -9999 -9999 -9999 -9999 -9999 -9999
0.257291420886284 0.244888377115445 0.228146042593176 0.208445175095078 0.180923644162477 0.162251131201229 0.15020246080133 0.131381188266622 0.112879201556131 0.0987834795690878 0.0871897402522462 0.0778507520413292 0.0961049034825977 0.114874319488814 0.109937148018957 0.103920924508313 0.0967360525329985 0.0923961055896156 0.0890277174765317 0.0875762565661185 0.0826362034163002 0.0731493090302058 0.061996135571062 0.0516598750822708 0.059413491414294 0.0667258284640607 0.0733428092588102 0.0873219573814451 0.103767434341215 0.0962830130737595 0.0953121575946905 0.10685574372739 0.119516787423833 0.132752614406724 0.141110513262416 0.150277335684425 0.161620441459466 0.17362168377855 0.186035934024674 0.192068132061852 0.1962495175211 0.196276063611206 -9999 -9999 -9999 -9999 -9999 -9999 -9999 -9999 -9999 -9999 -9999 -9999 -9999 -9999 -9999
0.257911980854779 0.242381714625119 0.233001619707979 0.217240449278479 0.181487040389471 0.157754935634686 0.14302125604131 0.127025138713124 0.111397819193809 0.0977697773338246 0.0885898863857835 0.0834186056121744 0.0985998269572883 0.114456643610621 0.114355957970049 0.109937390552531 0.100842416698143 0.0976480211422909 0.096159431225636 0.0962926250667055 0.0929875367113158 0.0852011784911854 0.0706665155790203 0.0555126129259724 0.0616037021503393 0.0703169399530542 0.0831620903309867 0.0967352852599268 0.110071940958631 0.101741378772819 0.103692122792151 0.125396226242717 0.138648274415118 0.147552864332592 0.149035290447154 0.153407597714728 0.165029620961447 0.163281989560183 0.153144346387993 0.174192091452584 0.191661114310378 -9999 -9999 -9999 -9999 -9999 -9999 -9999 -9999 -9999 -9999 -9999 -9999 -9999 -9999 -9999 -9999
0.253870871950691 0.244331649671985 0.23223008428278 0.21602828107153 0.188292502708516 0.16268278899521 0.138664519390223 0.128517651192996 0.118110340114069 0.100176989930438 0.0900459782750105 0.0869463228455037 0.106098450057548 0.124223717532872 0.115772514866409 0.106709689323514 0.0969844563076857 0.0957062722096782 0.0970762100934534 0.102336973362046 0.0983189275491809 0.0822073870370616 0.0717394998457338 0.0638605642482962 0.0656433838872039 0.0726674741053177 0.0879506202728779 0.0999865142295857 0.110307438915767 0.105988765608366 0.10758219274723 0.120534472815715 0.128785130218365 0.134617428109931 0.134300260598092 0.140242405865402 0.161366029135131 0.163281989560183 0.153144346387993 0.174192091452584 -9999 -9999 -9999 -9999 -9999 -9999 -9999 -9999 -9999 -9999 -9999 -9999 -9999 -9999 -9999 -9999 -9999
0.25404439439193 0.247097943693649 0.235525493240109 0.220985296771399 0.19865511798394 0.170878358070431 0.139024615152326 0.130200630243689 0.121423895840975 0.101978969436489 0.091637607320839 0.0895002475320524 0.103849756476046 0.117917437577473 0.11477099287113 0.108145454290977 0.0977519438611013 0.0984271284365211 0.101631905508457 0.102777169954274 0.0962881578710579 0.079849045303393 0.0744053421472182 0.0725781124034755 0.0706687015418836 0.0751588001853147 0.0897330771309863 0.100323931064186 0.109128203403208 0.112716309816947 0.117718843889952 0.125438902116552 0.12905099573445 0.13055008795076 0.127773584650339 0.125753515802664 -9999 -9999 0.152459558276038 -9999 -9999 -9999 -9999 -9999 -9999 -9999 -9999 -9999 -9999 -9999 -9999 -9999 -9999 -9999 -9999 -9999 -9999
0.258690429200745 0.250730547319169 0.243136691066912 0.232488970781417 0.212792538049443 0.182541584871849 0.144390152571189 0.13208572996018 0.121130513589521 0.103138683401142 0.0933730666473011 0.0910207961408196 0.091257336281728 0.0945543220139182 0.111203436776421 0.114530029375048 0.103427897052322 0.1060958810586 0.110049172180438 0.0972703131156655 0.0864447585079334 0.0781650346086325 0.0787615048294411 0.0816878719457305 0.0767399633067741 0.0777995328412254 0.0883255280446925 0.0975692480819674 0.106447670998562 0.122075765007903 0.13448428633794 0.140707078434716 0.140065635579801 0.135893456836114 0.129957507882689 -9999 -9999 -9999 -9999 -9999 -9999 -9999 -9999 -9999 -9999 -9999 -9999 -9999 -9999 -9999 -9999 -9999 -9999 -9999 -9999 -9999 -9999
0.262492986813086 0.254580370907706 0.246841007814056 0.236105175554315 0.216528142063866 0.187737158085587 0.152049165015786 0.13765603498728 0.124588808993167 0.10654050552294 0.0950521260099597 0.0894754564274837 0.0878722436128146 0.0912134510985645 0.116325942914498 0.125892861535014 0.118623418645121 0.116331826142748 0.113108578398206 0.0932088630585634 0.0794067370155464 0.0735518769621196 0.0753911307889674 0.0791765524599555 0.0751636280625463 0.0742974082760236 0.0783896826265522 0.0898462397745711 0.104356463452229 0.118496924438957 0.129693778939649 0.13523511498942 0.133392361915546 0.12775147712587 0.127377560091197 -9999 -9999 -9999 -9999 -9999 -9999 -9999 -9999 -9999 -9999 -9999 -9999 -9999 -9999 -9999 -9999 -9999 -9999 -9999 -9999 -9999 -9999
0.265585033711497 0.258380503256123 0.249597752250368 0.238088622301073 0.218884889719937 0.192268793815491 0.160104248600617 0.143777632505308 0.128659264476932 0.110682197956335 0.0972868402397344 0.0880204531654454 0.0869930123931033 0.0919409301282914 0.119914771504429 0.134131844558158 0.133449889973635 0.125745447235515 0.11455201201622 0.0903243834617664 0.0742826356655954 0.068909919281747 0.0707151218942887 0.0744330263852431 0.0721617743202456 0.0699580855248436 0.0678608611478083 0.0819356549248919 0.102451499047827 0.111516427292195 0.119259755713726 0.124463909072878 0.122827916141381 0.117673577733248 -9999 -9999 -9999 -9999 -9999 -9999 -9999 -9999 -9999 -9999 -9999 -9999 -9999 -9999 -9999 -9999 -9999 -9999 -9999 -9999 -9999 -9999 -9999
0.265024362602602 0.261434466152769 0.252425436501661 0.242247202514476 0.229724482124965 0.203477125229203 0.166956331018313 0.147349076945864 0.130502765140993 0.116204696802039 0.103650261582775 0.0926671636680312 0.0879238404602874 0.0865930562441762 0.0969458831036272 0.110878626750312 0.128688536741999 0.124636400126629 0.113798240472222 0.0934050924971127 0.0780505351592733 0.0692630026010801 0.0702999874918716 0.0741516484724375 0.0724113942216911 0.0704622907498513 0.0681840881834425 0.0814917264653555 0.100849822698172 0.102859674326353 0.106205840822198 0.112119454232625 0.115476257590511 0.117517922250958 -9999 -9999 -9999 -9999 -9999 -9999 -9999 -9999 -9999 -9999 -9999 -9999 -9999 -9999 -9999 -9999 -9999 -9999 -9999 -9999 -9999 -9999 -9999
0.260986617139696 0.26062969327312 0.252093693340049 0.242987690155874 0.23385417567006 0.212526420584493 0.18207079050201 0.158451351566706 0.138225405083423 0.127703767390541 0.114648785233388 0.0993107891686899 0.0913577929571086 0.085894212223701 0.0862460442352821 0.0986351438405237 0.124060995854749 0.123291379041448 0.114465011770923 0.0947558071290429 0.0796412621601279 0.0705151465157172 0.0708325109466889 0.0739479446959355 0.0729141760324484 0.0714157679171564 0.069185193207756 0.0805134918682662 0.0970268671405742 0.0952942155780842 0.0962044069222023 0.102192262992267 0.103107591471877 0.101413779189779 -9999 -9999 -9999 -9999 -9999 -9999 -9999 -9999 -9999 -9999 -9999 -9999 -9999 -9999 -9999 -9999 -9999 -9999 -9999 -9999 -9999 -9999 -9999
0.252509814775613 0.254898609957277 0.247728421805697 0.239364420835009 0.229417580488532 0.218819351554311 0.207733532306062 0.17916796867201 0.153453732603839 0.146832914111772 0.131564778800156 0.108503804875237 0.0979873951992597 0.0911306189338204 0.0912096636231936 0.100447397076554 0.119604288418365 0.121645098391092 0.116945339487254 0.0938978995649518 0.0784524706361126 0.0729150890489136 0.0725748754123143 0.0738434047208643 0.0737401606298674 0.0729428145606679 0.0710517208999318 0.078853127668596 0.0903680835869229 0.0891219732625176 0.0900999667104624 0.0953511060360788 0.0988002794857183 0.101322581166919 -9999 -9999 -9999 -9999 -9999 -9999 -9999 -9999 -9999 -9999 -9999 -9999 -9999 -9999 -9999 -9999 -9999 -9999 -9999 -9999 -9999 -9999 -9999
0.251215073515696 0.255149170326331 0.249559188085185 0.242825480907241 0.234649105803315 0.224544249794199 0.212995848982722 0.188327863774846 0.165923980358302 0.158323149952937 0.142772280648118 0.120056949648909 0.107277399460067 0.0976397265696833 0.0947536850173242 0.0974253331948708 0.106116140156666 0.116477291351129 0.123563913787877 0.10251011469036 0.0887743981025038 0.0845766719250927 0.086691784576432 0.0902937874588226 0.0860420018044747 0.0822164606532698 0.0790625843486709 0.0812164159564814 0.0855135162063435 0.0872292910755662 0.090214836965659 0.0956399798165022 0.0975724892490347 0.09770850333385 -9999 -9999 -9999 -9999 -9999 -9999 -9999 -9999 -9999 -9999 -9999 -9999 -9999 -9999 -9999 -9999 -9999 -9999 -9999 -9999 -9999 -9999 -9999
0.252528440925243 0.257329064877415 0.253213311697015 0.248188183564682 0.242286695881543 0.229684594535448 0.212066816861026 0.194246492547962 0.177953025002411 0.167570169926968 0.152431905134412 0.133008132913493 0.118172974093878 0.10532813915658 0.0983903407722393 0.0937498962432672 0.0915975606788282 0.110382863056227 0.129850405711389 0.114194024733737 0.103568867239947 0.0995011325790555 0.104567059153553 0.111335511478238 0.100797409160674 0.0925848657777712 0.0880368768315939 0.0845834067396167 0.0817832478418533 0.0869411248869596 0.0923026677787843 0.0980555116000654 0.100009511515412 -9999 -9999 -9999 -9999 -9999 -9999 -9999 -9999 -9999 -9999 -9999 -9999 -9999 -9999 -9999 -9999 -9999 -9999 -9999 -9999 -9999 -9999 -9999 -9999
0.257599599401781 0.259656116844188 0.254869060188141 0.249017064180376 0.241413957517399 0.229881987164278 0.215409105784334 0.205852823345767 0.195421104557233 0.179339229157996 0.165553868217614 0.153838093360919 0.138314025082836 0.122489814243574 0.108753133319831 0.10108118655194 0.0999775441771314 0.106771308799506 0.115767646139954 0.126321883701588 0.127978440917078 0.118038245881596 0.119885817238054 0.12359408493079 0.100509441688951 0.0859027125987633 0.0846552570387173 0.0844374886863327 0.0847583050792434 0.0895114243555758 0.0941378349314486 0.0985208014883124 -9999 -9999 -9999 -9999 -9999 -9999 -9999 -9999 -9999 -9999 -9999 -9999 -9999 -9999 -9999 -9999 -9999 -9999 -9999 -9999 -9999 -9999 -9999 -9999 -9999
0.260610099926995 0.260187306228759 0.256936510440329 0.252075479143388 0.24305183761366 0.232679607110168 0.221297904022135 0.214834424140159 0.20630225238682 0.187574513166718 0.174588614506804 0.166777180685244 0.152873111625771 0.137655517457019 0.121468188264967 0.111770958163673 0.109102716518243 0.10794863147646 0.109761834386208 0.131244931570122 0.140559906052423 0.134015611732017 0.132988189684878 0.131708477317089 0.103014674648757 0.0852065670189477 0.0845518505398355 0.0856736059421486 0.0875835500362718 0.0914755904033599 0.0940353283149697 -9999 -9999 -9999 -9999 -9999 -9999 -9999 -9999 -9999 -9999 -9999 -9999 -9999 -9999 -9999 -9999 -9999 -9999 -9999 -9999 -9999 -9999 -9999 -9999 -9999 -9999
0.260442131613022 0.257948461288456 0.259638991468844 0.258572846914794 0.248562229660949 0.239487956491656 0.231114574180465 0.21976750124736 0.207023365058191 0.190359113610235 0.177319019403274 0.16754496402404 0.15882227819546 0.149742527091119 0.137811498315412 0.127641030640921 0.119377307914884 0.116512573606004 0.116214338161137 0.125054894146314 0.134897065090078 0.146044686451674 0.142671890595042 0.133430663575933 0.109828289078431 0.0937435591430128 0.0895049352439098 0.0890414482432627 0.0901777165338444 0.0925048239024076 -9999 -9999 -9999 -9999 -9999 -9999 -9999 -9999 -9999 -9999 -9999 -9999 -9999 -9999 -9999 -9999 -9999 -9999 -9999 -9999 -9999 -9999 -9999 -9999 -9999 -9999 -9999
0.256540624983207 0.258983571711897 0.261211580901628 0.260889599232093 0.253116768471225 0.246100184398907 0.239649681107383 0.226139330928682 0.212287916463438 0.200463056655626 0.188721511934043 0.177055049580157 0.168022389119188 0.159339405740377 0.149947524917966 0.14076691443308 0.131815116596931 0.126395506506223 0.12288042276723 0.127060175927643 0.133812445536181 0.143917593057824 0.142363751069625 0.136053849760064 0.117629117989991 0.103875887252694 0.0974838846402496 0.0962899986092264 0.0972512636414329 0.0979396771689921 -9999 -9999 -9999 -9999 -9999 -9999 -9999 -9999 -9999 -9999 -9999 -9999 -9999 -9999 -9999 -9999 -9999 -9999 -9999 -9999 -9999 -9999 -9999 -9999 -9999 -9999 -9999
0.251140660378482 0.261191729162221 0.262151439545402 0.261343060946461 0.257169904701938 0.25254996036016 0.247595577324271 0.233236149649404 0.21966429655558 0.213522247885122 0.203423329260213 0.189758535854451 0.178420213689951 0.168023388811155 0.160271829437393 0.152542428613791 0.14483702622089 0.136673889170029 0.12966375606301 0.132311106550469 0.134562269310598 0.136297062551931 0.138120452897093 0.138921485902622 0.125795953986146 0.114654105102582 0.106638091626138 0.104963885213218 0.105903894045925 -9999 -9999 -9999 -9999 -9999 -9999 -9999 -9999 -9999 -9999 -9999 -9999 -9999 -9999 -9999 -9999 -9999 -9999 -9999 -9999 -9999 -9999 -9999 -9999 -9999 -9999 -9999 -9999
0.246287295377426 0.25826305579987 0.257333985812548 0.256282640016256 0.257471604096189 0.256261554909117 0.253255748697403 0.244997519387598 0.235902091114698 0.226092247998017 0.210867540914219 0.190763035635294 0.184804772720422 0.17993073765323 0.167143743966326 0.156492623440511 0.148154723033917 0.14233390631903 0.13745756791243 0.134923313381122 0.134541753722126 0.136965899385752 0.137820550117011 0.137785772804911 0.132819989107587 0.125383818156038 0.114054876121388 0.108701844693594 -9999 -9999 -9999 -9999 -9999 -9999 -9999 -9999 -9999 -9999 -9999 -9999 -9999 -9999 -9999 -9999 -9999 -9999 -9999 -9999 -9999 -9999 -9999 -9999 -9999 -9999 -9999 -9999 -9999
0.23886712559167 0.252760479782035 0.25364197279456 0.254369751828736 0.257267008592926 0.258042517092492 0.257229812469971 0.253982239264289 0.248957593305366 0.238311712120347 0.234803197073174 0.237726774615755 0.214158181921103 0.187701441850923 0.17162833711837 0.159070510082517 0.150319843153735 0.147514833627374 0.14569339371648 0.139909637799098 0.137252389726294 0.138670061798269 0.13905588815782 0.138969821446132 0.137136505072339 0.131148629322099 0.118614108475628 0.114932220012798 -9999 -9999 -9999 -9999 -9999 -9999 -9999 -9999 -9999 -9999 -9999 -9999 -9999 -9999 -9999 -9999 -9999 -9999 -9999 -9999 -9999 -9999 -9999 -9999 -9999 -9999 -9999 -9999 -9999
0.226625202324568 0.242422816903019 0.252064104848025 0.258369517010943 0.256111336015462 0.256196778334125 0.258036516090569 0.25775101080865 0.256035146024495 0.249872692924073 0.244209427674527 0.238996023398134 0.214158181921103 0.187701441850923 0.17162833711837 0.159070510082517 0.150319843153735 0.151795788674161 0.154759544575726 0.149355751995413 0.145093505375188 0.142319087623527 0.14317518247647 0.14451155217804 0.136366935021754 0.127586851608955 0.117805417228443 -9999 -9999 -9999 -9999 -9999 -9999 -9999 -9999 -9999 -9999 -9999 -9999 -9999 -9999 -9999 -9999 -9999 -9999 -9999 -9999 -9999 -9999 -9999 -9999 -9999 -9999 -9999 -9999 -9999 -9999
0.218715909860317 0.230736841636705 0.243429812434086 0.252961112992938 0.253065224203697 0.25489452245497 0.258015191950176 0.258308410068242 0.257572809038123 0.254250705308888 0.249575344998497 0.243680449153627 0.235155737670756 -9999 -9999 -9999 -9999 -9999 0.157792807406339 0.152516139190623 0.147716908075803 0.143539942490773 0.144553375111812 0.146365649479897 0.136109459907316 0.129835060297181 -9999 -9999 -9999 -9999 -9999 -9999 -9999 -9999 -9999 -9999 -9999 -9999 -9999 -9999 -9999 -9999 -9999 -9999 -9999 -9999 -9999 -9999 -9999 -9999 -9999 -9999 -9999 -9999 -9999 -9999 -9999
0.212985011543392 0.218372951277482 0.2312476354991 0.242822395764465 0.249068622504546 0.253865523166815 0.257577545508058 0.257251170345572 0.256325082790481 0.25501720841073 0.252909841876712 0.250081984413449 0.238583324128074 0.227605119396952 -9999 -9999 -9999 -9999 0.157792807406339 0.152516139190623 0.147716908075803 0.143539942490773 0.144553375111812 0.146365649479897 0.136109459907316 -9999 -9999 -9999 -9999 -9999 -9999 -9999 -9999 -9999 -9999 -9999 -9999 -9999 -9999 -9999 -9999 -9999 -9999 -9999 -9999 -9999 -9999 -9999 -9999 -9999 -9999 -9999 -9999 -9999 -9999 -9999 -9999
0.210442126824998 0.216603646008155 0.224215811287214 0.232496941059089 0.242451854090896 0.251683159849542 0.260372816730405 0.258819528622471 0.256667018308227 0.257057235684678 0.25493198572122 0.250539832459777 0.245898358970028 0.242198121078924 0.243603514765615 0.244334222068577 -9999 -9999 -9999 -9999 -9999 -9999 -9999 -9999 -9999 -9999 -9999 -9999 -9999 -9999 -9999 -9999 -9999 -9999 -9999 -9999 -9999 -9999 -9999 -9999 -9999 -9999 -9999 -9999 -9999 -9999 -9999 -9999 -9999 -9999 -9999 -9999 -9999 -9999 -9999 -9999 -9999
