layers/veg_krg/veg_700.asc
NCOLS 255 
NROWS 330 
XLLCORNER -2985163.8955 
YLLCORNER -3022031.214 
CELLSIZE 25000 
NODATA_value -9999 
[rows 200 to 224 of 330, columns 114 to 170 of 255]
0.268490428286591 0.24200232145099 0.205464442299714 0.169157180492552 0.135552194847254 0.121413012917275 0.12184476072863 0.15555986316222 0.183769902000551 0.175335196700664 0.16784339335974 0.161201319819133 0.14974717112799 0.1378067157992 0.127950419733958 0.121175653213368 0.117738283440175 0.117025673947875 0.117046204827176 0.117400326733392 0.114475675391021 0.107277649464291 0.103176479373751 0.10079020066118 0.107602645309918 0.115268566482272 0.124279373451601 0.135693449224901 0.148096185126467 0.160061803102649 0.171515148976093 0.181984272147669 0.196693958787409 0.213584851305303 0.231364834136926 0.255346733700715 0.294004450862939 0.339434648463208 0.389114857906687 0.429282910661212 0.467457541031429 0.501729117472344 0.516517115056005 -9999 -9999 -9999 -9999 -9999 -9999 -9999 -9999 -9999 -9999 -9999 -9999 -9999 -9999
0.268955015613519 0.242487262832155 0.205271494480241 0.175182067934176 0.168201368251655 0.150236694284051 0.124050077881949 0.153945867223656 0.181120988451772 0.171516567495671 0.162694827161104 0.154578427442203 0.143834907503006 0.132838899203808 0.123047988544781 0.117659546031134 0.117039119743196 0.118638010374203 0.120758125757297 0.122572101459089 0.118931714299841 0.108182407475501 0.103831588408761 0.102230119526826 0.109120996103907 0.114440610469153 0.117284271280257 0.136474672002631 0.161842968208264 0.162269114744473 0.164274733051705 0.169314972931523 0.186401642089081 0.209684596846099 0.232083219803461 0.258677271080441 0.295277093846179 0.32777378629358 0.357695594604112 0.386158543259297 0.423660650795134 0.488527447464739 -9999 -9999 -9999 -9999 -9999 -9999 -9999 -9999 -9999 -9999 -9999 -9999 -9999 -9999 -9999
0.265861236809434 0.247679286367497 0.202692978262007 0.167178845887222 0.164902127406285 0.14913987370752 0.123283159535561 0.154059625076236 0.182012104018175 0.172532099209805 0.162938904446441 0.153243704509644 0.141315303643985 0.130552138731955 0.127948986488941 0.125777504666571 0.124073535953172 0.124354669005695 0.125301596724018 0.127493774776229 0.125586910862172 0.118337578765409 0.111593332230172 0.105914732623599 0.112145494501535 0.119068731375007 0.127083152083636 0.14422247726514 0.164607175883621 0.162906209010941 0.167416207786926 0.183859265886805 0.201717549760217 0.220303779058647 0.238538810698675 0.260721803423838 0.292295134220271 0.322845540554634 0.352754019441841 0.370573306999772 0.383296151444438 0.383389211558118 -9999 -9999 -9999 -9999 -9999 -9999 -9999 -9999 -9999 -9999 -9999 -9999 -9999 -9999 -9999
0.261777290291391 0.252602501582163 0.200524111365439 0.158634079866806 0.155329423507082 0.141966524861221 0.121074631070028 0.154038290527843 0.183430917247158 0.173854251222744 0.16362415627062 0.152805200486267 0.139986591121395 0.129517837624261 0.133111843287513 0.1333225788247 0.129869122748381 0.128584816160895 0.128298521810522 0.131431754744836 0.131418879970556 0.127305539655587 0.118792707697319 0.109892218034116 0.115054753521578 0.12384903185515 0.138366114784811 0.15178511727789 0.164402689781377 0.163171266892021 0.171305564083925 0.197434115255433 0.21556362465533 0.229578690995284 0.243584073590618 0.261567868710884 0.288996365397183 0.308898134316399 0.324076569968969 0.348446308746401 0.367211020915278 -9999 -9999 -9999 -9999 -9999 -9999 -9999 -9999 -9999 -9999 -9999 -9999 -9999 -9999 -9999 -9999
0.255910309560834 0.252017498147114 0.202509364450915 0.159814066475452 0.14633011915789 0.131009581252806 0.114314282109718 0.151813621691427 0.184344347490071 0.172423212456565 0.161732151178425 0.152149614828658 0.141587943280148 0.132350621894995 0.130897602685482 0.127709491582812 0.122642219512597 0.121772297898935 0.122852014805686 0.130689125363444 0.131200806263868 0.122164920881483 0.11689587512459 0.113341264472962 0.116055870219332 0.124555730851177 0.142171843555664 0.152255321697377 0.159130423125232 0.162972935484369 0.16972755859853 0.182077187765401 0.199406034282177 0.219296025852847 0.236520220096318 0.257580437832745 0.287886748511964 0.308898134316399 0.324076569968969 0.348446308746401 -9999 -9999 -9999 -9999 -9999 -9999 -9999 -9999 -9999 -9999 -9999 -9999 -9999 -9999 -9999 -9999 -9999
0.253804690846465 0.251349418668217 0.210401649350471 0.171000957572491 0.143901235161219 0.121180094652804 0.101736497173502 0.134193179669759 0.165224008919069 0.166376729046327 0.162287098743498 0.153473136985193 0.14416394606085 0.135558360532581 0.131064582923965 0.12525863114806 0.118031552060388 0.119014613974514 0.122345481764273 0.127737501643688 0.126997795500029 0.118266331415632 0.116730720140585 0.117461874599421 0.116814796019445 0.122801121006965 0.139240188391827 0.149620094074063 0.157480074071943 0.165345417353536 0.172711028968976 0.179116511684089 0.193319301581065 0.211532768923747 0.231807948092808 0.246105708453749 -9999 -9999 0.325101858797587 -9999 -9999 -9999 -9999 -9999 -9999 -9999 -9999 -9999 -9999 -9999 -9999 -9999 -9999 -9999 -9999 -9999 -9999
0.255690580939858 0.250593179964204 0.224562400144069 0.192807046511142 0.148444796410417 0.112547050873272 0.0829853242899214 0.100234941922306 0.124844093543384 0.155432395370892 0.165438720875289 0.156896862801377 0.147774235497623 0.139163995903147 0.133758483973906 0.126163484972796 0.116197200242881 0.120559867896181 0.127081185311693 0.122441721652899 0.118566020981591 0.115685767415569 0.118403199055645 0.122295139440461 0.117316711965964 0.118434602000019 0.129158908384428 0.143689422061882 0.159673257215384 0.170446013079695 0.180535078623368 0.189310577546829 0.197919633014341 0.206443075461974 0.22959114400551 -9999 -9999 -9999 -9999 -9999 -9999 -9999 -9999 -9999 -9999 -9999 -9999 -9999 -9999 -9999 -9999 -9999 -9999 -9999 -9999 -9999 -9999
0.25778057328595 0.250394776855622 0.226404505790177 0.196911453904535 0.154591277769734 0.116443467442023 0.0814188391785799 0.0880130869693561 0.107115161569297 0.154250137857961 0.1714573924727 0.161694211062538 0.151428509910144 0.141434019491989 0.133322289214654 0.126742649327275 0.121822313175283 0.125068857166669 0.128626751328523 0.118828623638087 0.112702376571983 0.111361858846445 0.114025907461141 0.117549097713987 0.114976787680539 0.116838498636307 0.125687222927399 0.140159636797573 0.156758318516713 0.164813090896733 0.173136173837712 0.181974758879697 0.187642478904695 0.191679210626888 0.191388239292871 -9999 -9999 -9999 -9999 -9999 -9999 -9999 -9999 -9999 -9999 -9999 -9999 -9999 -9999 -9999 -9999 -9999 -9999 -9999 -9999 -9999 -9999
0.257199242546198 0.248321762137088 0.224766520681635 0.197115563219218 0.160384558659594 0.123546712047058 0.086628889900548 0.0823620744667642 0.0943541723084741 0.152889908233649 0.175569021826496 0.165934658662918 0.154788407954071 0.143406349007009 0.132249801371699 0.126908261153453 0.12786456314589 0.129058743437365 0.128669194029881 0.115767041250599 0.107919527509646 0.106659955160746 0.108407569849667 0.111045389861889 0.112351162671516 0.11617146392375 0.123954092779594 0.137007218983472 0.151987389978414 0.156321475670865 0.161907529860003 0.169898977217887 0.174197311579313 0.176596030515328 -9999 -9999 -9999 -9999 -9999 -9999 -9999 -9999 -9999 -9999 -9999 -9999 -9999 -9999 -9999 -9999 -9999 -9999 -9999 -9999 -9999 -9999 -9999
0.236888165531926 0.231666741778234 0.21978277624936 0.200490756220547 0.16076942562165 0.131640027523983 0.110439112963778 0.085733537302574 0.077369750164593 0.132896341729812 0.160761037059667 0.163697225940821 0.15593592915823 0.145593201857961 0.132125018419716 0.124654220125346 0.123678785053043 0.124019832365776 0.123481474211492 0.113714551331664 0.106409996315891 0.102314757544279 0.104539480371866 0.108816900953541 0.112702936998747 0.11731835070093 0.123083098478929 0.132325373182003 0.142835447925269 0.146173153108092 0.149957884550372 0.154601482580424 0.164214918470312 0.176384674913998 -9999 -9999 -9999 -9999 -9999 -9999 -9999 -9999 -9999 -9999 -9999 -9999 -9999 -9999 -9999 -9999 -9999 -9999 -9999 -9999 -9999 -9999 -9999
0.223021415234257 0.222368788070259 0.215126360841318 0.19995977618996 0.162832456410542 0.139549715190581 0.126630192691944 0.0914137425752947 0.0716275076738042 0.121111907114354 0.148023999070621 0.154594249386812 0.150500870196685 0.143620769417897 0.132521246824849 0.12539371752082 0.122567986168541 0.12128613311937 0.11951037741389 0.111002444560249 0.104102767204187 0.0992992025242544 0.102100823096869 0.107422860049577 0.112939865479107 0.117710787158702 0.121306049741792 0.127314184581533 0.134223706706121 0.137029584825988 0.140293214887824 0.144436318672127 0.145441640335429 0.14483299044564 -9999 -9999 -9999 -9999 -9999 -9999 -9999 -9999 -9999 -9999 -9999 -9999 -9999 -9999 -9999 -9999 -9999 -9999 -9999 -9999 -9999 -9999 -9999
0.217381907173094 0.222463339141867 0.210887834732162 0.194441924269642 0.16703793914563 0.147224971776421 0.133094183678517 0.100041437031211 0.0802377552630103 0.119807778598691 0.137930865022048 0.136726277717807 0.136662065747667 0.136338325688096 0.13358263186022 0.129954958728819 0.125382903643842 0.121495415650002 0.117092499865203 0.107448228462711 0.100777145591429 0.0979811548172484 0.101487070968724 0.107094129172208 0.113030174359994 0.117140043783088 0.118372273598346 0.121882535767704 0.126301620638412 0.129168750523514 0.133545692194972 0.140823418484093 0.143893862583802 0.144800219596621 -9999 -9999 -9999 -9999 -9999 -9999 -9999 -9999 -9999 -9999 -9999 -9999 -9999 -9999 -9999 -9999 -9999 -9999 -9999 -9999 -9999 -9999 -9999
0.223391635877409 0.218709632194257 0.211523509183086 0.201051525137772 0.181427202343099 0.161482327143719 0.141297505696256 0.116195802286248 0.0966324678439009 0.100478718393227 0.108751043529913 0.12101208397211 0.13106994429724 0.138656329148864 0.135567736920204 0.131116481329602 0.125189416986874 0.120204768851913 0.11527344186589 0.108933284489907 0.105032810523616 0.104312087118409 0.110368868490518 0.118297105253374 0.121437123530788 0.122265928952345 0.119452786109805 0.119260248513027 0.120267025514758 0.125668057207065 0.132139307817933 0.140666758151544 0.143601646913143 0.143659906597876 -9999 -9999 -9999 -9999 -9999 -9999 -9999 -9999 -9999 -9999 -9999 -9999 -9999 -9999 -9999 -9999 -9999 -9999 -9999 -9999 -9999 -9999 -9999
0.232848153549809 0.214880303751087 0.213727454215832 0.210553947444092 0.198054581913447 0.177336734958725 0.150467027173493 0.134288676203062 0.114873738269228 0.0780957447303998 0.0767170540741598 0.107239710407284 0.127761321847266 0.142596971230598 0.137587296595629 0.131575973455281 0.124479832397258 0.119046962344083 0.114399504732729 0.112527473952286 0.111888302903254 0.112855974122003 0.121684677755446 0.13221387368813 0.130962680844824 0.127627354221145 0.121007904551705 0.117416099560175 0.115345293359577 0.123790915534036 0.132459336212602 0.141555817182785 0.144645510488891 -9999 -9999 -9999 -9999 -9999 -9999 -9999 -9999 -9999 -9999 -9999 -9999 -9999 -9999 -9999 -9999 -9999 -9999 -9999 -9999 -9999 -9999 -9999 -9999
0.238776863799541 0.225271493724143 0.216003830411737 0.207842529880085 0.20207902838326 0.186893653283269 0.164655630354747 0.146559148768918 0.125148482316971 0.0891645058785197 0.0847677039858767 0.108836813383681 0.120032803760555 0.128672169794887 0.136393641023353 0.136797100097694 0.129274913934281 0.125425311729573 0.122775572464565 0.12218678487125 0.120828270342678 0.118466535623919 0.12551273620371 0.134063329388604 0.121486526595287 0.113455884495482 0.112588962519543 0.114069052132024 0.116660613068471 0.124688803939531 0.132955822146494 0.141681696661589 -9999 -9999 -9999 -9999 -9999 -9999 -9999 -9999 -9999 -9999 -9999 -9999 -9999 -9999 -9999 -9999 -9999 -9999 -9999 -9999 -9999 -9999 -9999 -9999 -9999
0.242778749774983 0.234556027850219 0.222069151629209 0.212111532271072 0.210446135633732 0.199175630170413 0.180715318012851 0.159187227897829 0.135434508824696 0.104654118675567 0.0953280538530652 0.105336321091776 0.112970091803252 0.120932380712533 0.132862854215098 0.137668714459148 0.134758386761181 0.132147987876447 0.129913347294887 0.129961257165201 0.128289186159153 0.124375385699627 0.127901676257722 0.132221595653069 0.1145875113799 0.104564106902932 0.106533410930562 0.111221301778057 0.117092752172667 0.12508838819163 0.130347000825313 -9999 -9999 -9999 -9999 -9999 -9999 -9999 -9999 -9999 -9999 -9999 -9999 -9999 -9999 -9999 -9999 -9999 -9999 -9999 -9999 -9999 -9999 -9999 -9999 -9999 -9999
0.243808599119851 0.242133596915416 0.233978743933354 0.22714750707353 0.225511594719655 0.21566088287081 0.199661066262105 0.172366898481607 0.14573793800105 0.126962689077762 0.109759498920236 0.093973025705995 0.106934354766219 0.122732684891413 0.12572715141296 0.131831408865299 0.141303671065641 0.139401772003105 0.135141113043538 0.134828453735565 0.133468733788312 0.130744331996678 0.128070843268326 0.124686374265034 0.111663612999909 0.103816008330386 0.104123278938585 0.109143693887946 0.116162626360651 0.124719361513909 -9999 -9999 -9999 -9999 -9999 -9999 -9999 -9999 -9999 -9999 -9999 -9999 -9999 -9999 -9999 -9999 -9999 -9999 -9999 -9999 -9999 -9999 -9999 -9999 -9999 -9999 -9999
0.244383729623387 0.242656753425762 0.236247716476299 0.230869774778903 0.229465307289077 0.224123262176754 0.215833783312015 0.186786423076766 0.158613317821386 0.143547894380896 0.127502945468908 0.110575262169331 0.114114339197312 0.120664952372213 0.123228569935328 0.128043527159773 0.135296758479642 0.138451113531779 0.140318783588378 0.140285509956127 0.139280467849174 0.137008875606902 0.130165339450302 0.121671143271343 0.111265420323112 0.105348247597903 0.106504013936538 0.11139854563142 0.117696707962243 0.117914388067256 -9999 -9999 -9999 -9999 -9999 -9999 -9999 -9999 -9999 -9999 -9999 -9999 -9999 -9999 -9999 -9999 -9999 -9999 -9999 -9999 -9999 -9999 -9999 -9999 -9999 -9999 -9999
0.244637326497734 0.24043386239797 0.234690685114304 0.230024169264507 0.228832018913798 0.229037286465604 0.230288577000821 0.201606332672081 0.172850731737276 0.157915913905107 0.14632378393287 0.137744036595694 0.126061765240165 0.11670590236914 0.122345575110814 0.124962545194734 0.124305829963571 0.133909831923363 0.14478328040172 0.145561433699386 0.145084374360452 0.14297133919381 0.133171727511531 0.121086749924557 0.112274932519541 0.108003005544101 0.110884918175981 0.11538511126437 0.120432716799493 -9999 -9999 -9999 -9999 -9999 -9999 -9999 -9999 -9999 -9999 -9999 -9999 -9999 -9999 -9999 -9999 -9999 -9999 -9999 -9999 -9999 -9999 -9999 -9999 -9999 -9999 -9999 -9999
0.240363589536489 0.242060442526827 0.235974630043804 0.22993915872298 0.225619444888346 0.224275858958312 0.225160023355639 0.213032002427616 0.197608228691115 0.175761595988591 0.156337029364706 0.139095194153982 0.118340797772996 0.10211588859672 0.112671036432157 0.117760606264226 0.116930777308532 0.120730927155252 0.126354695455255 0.136943601886531 0.14215337071527 0.140352264386243 0.140494373033829 0.140218886459603 0.125933631773991 0.117173661912262 0.117120290156365 0.118502083204302 -9999 -9999 -9999 -9999 -9999 -9999 -9999 -9999 -9999 -9999 -9999 -9999 -9999 -9999 -9999 -9999 -9999 -9999 -9999 -9999 -9999 -9999 -9999 -9999 -9999 -9999 -9999 -9999 -9999
0.237099650009654 0.23909695349357 0.236494245369632 0.232158750690526 0.223657451033123 0.220575992252236 0.22155150033364 0.22193802076796 0.21720221622797 0.193234912182114 0.174638076569966 0.160881030531286 0.124426616360039 0.0925944843975627 0.106357458211004 0.11306064006511 0.112117837553025 0.112527976587993 0.114719565038572 0.12786547199767 0.136461813251618 0.139128498204187 0.144146200390423 0.148493618916886 0.133705256260151 0.12372407111828 0.121317909523505 0.120611123941191 -9999 -9999 -9999 -9999 -9999 -9999 -9999 -9999 -9999 -9999 -9999 -9999 -9999 -9999 -9999 -9999 -9999 -9999 -9999 -9999 -9999 -9999 -9999 -9999 -9999 -9999 -9999 -9999 -9999
0.235732619170164 0.227511000417094 0.235578064350773 0.238707548072318 0.224044677237582 0.218870271933696 0.220798361169724 0.22611086342802 0.22709652981389 0.210008737500076 0.1884075815259 0.162739046578305 0.124426616360039 0.0925944843975627 0.106357458211004 0.11306064006511 0.112117837553025 0.113672376716813 0.115845967257552 0.117922670255436 0.125584543939528 0.140525825087994 0.140902380530147 0.136372672582248 0.130417986268578 0.125352335114286 0.121687602117407 -9999 -9999 -9999 -9999 -9999 -9999 -9999 -9999 -9999 -9999 -9999 -9999 -9999 -9999 -9999 -9999 -9999 -9999 -9999 -9999 -9999 -9999 -9999 -9999 -9999 -9999 -9999 -9999 -9999 -9999
0.236716867702801 0.22904278736364 0.231095064261334 0.23147932036456 0.225002078277595 0.220764546958504 0.218203528395673 0.22727970733827 0.233301325739581 0.222207618744594 0.205518999906923 0.183788326296015 0.177749657202032 -9999 -9999 -9999 -9999 -9999 0.116222827739601 0.114596106267577 0.121945335060792 0.140993328857197 0.139817095455573 0.132317366580892 0.129318164080041 0.127483350588258 -9999 -9999 -9999 -9999 -9999 -9999 -9999 -9999 -9999 -9999 -9999 -9999 -9999 -9999 -9999 -9999 -9999 -9999 -9999 -9999 -9999 -9999 -9999 -9999 -9999 -9999 -9999 -9999 -9999 -9999 -9999
0.238883310947159 0.237170014677159 0.224818710862675 0.217324171765479 0.226246156300081 0.224468855919552 0.214682714442048 0.22693817716106 0.237651076995366 0.232106273672257 0.224310691770121 0.214486740307037 0.19396888331702 0.175119661586896 -9999 -9999 -9999 -9999 0.116222827739601 0.114596106267577 0.121945335060792 0.140993328857197 0.139817095455573 0.132317366580892 0.129318164080041 -9999 -9999 -9999 -9999 -9999 -9999 -9999 -9999 -9999 -9999 -9999 -9999 -9999 -9999 -9999 -9999 -9999 -9999 -9999 -9999 -9999 -9999 -9999 -9999 -9999 -9999 -9999 -9999 -9999 -9999 -9999 -9999
0.232293095400172 0.234061924751517 0.228386770512486 0.223186103787042 0.220879487788666 0.220365879564115 0.221194409104854 0.229253664558561 0.236022273441936 0.234469283797058 0.228957855343967 0.219879138281383 0.209690089464846 0.198991317570827 0.186717805914372 0.180336430584962 -9999 -9999 -9999 -9999 -9999 -9999 -9999 -9999 -9999 -9999 -9999 -9999 -9999 -9999 -9999 -9999 -9999 -9999 -9999 -9999 -9999 -9999 -9999 -9999 -9999 -9999 -9999 -9999 -9999 -9999 -9999 -9999 -9999 -9999 -9999 -9999 -9999 -9999 -9999 -9999 -9999
