layers/veg_krg/veg_3100.asc
NCOLS 255 
NROWS 330 
XLLCORNER -2985163.8955 
YLLCORNER -3022031.214 
CELLSIZE 25000 
NODATA_value -9999 
[rows 225 to 249 of 330, columns 57 to 113 of 255]
-9999 -9999 -9999 -9999 -9999 -9999 -9999 -9999 -9999 -9999 -9999 -9999 -9999 -9999 -9999 -9999 -9999 -9999 0.197436864544785 0.19398792265418 0.175218353968995 0.147107421293531 0.118415059534154 0.0888917384452203 0.057078135919118 0.0333208453372329 0.015510766995364 0.0191510498295006 0.0246679571252884 0.0276303980092687 0.0279427864787989 0.0258993463256672 0.0316818868200813 0.0399811682174878 0.0538676327858205 0.0626524597696712 0.0659867869205798 0.0696490351849102 0.0734167243225075 0.0773628754441475 0.0808872685886459 0.0838695146632079 0.0900576451961311 0.0967821083160944 0.0972043773371273 0.0976414801098534 0.0981016257803965 0.102807383154128 0.109432461970815 0.122460695110156 0.133454591950101 0.140598392277859 0.146905603935941 0.152788992197799 0.162022290197129 0.173867336604742 0.191667080955814
-9999 -9999 -9999 -9999 -9999 -9999 -9999 -9999 -9999 -9999 -9999 -9999 -9999 -9999 -9999 -9999 -9999 -9999 0.199375150115985 0.202319034072791 0.194393013270976 0.179839343466846 0.137876698941948 0.0965104676875189 0.0619836051822481 0.040192612516313 0.0278033065676009 0.0322220647507899 0.0373604902754315 0.0376958001819356 0.0355646726188362 0.0312409454093242 0.0323241939951813 0.0367267442009487 0.0529620776757347 0.0629373528276925 0.0662244918120462 0.0693272688265576 0.0723094293892041 0.0747394230844432 0.0776097445526318 0.0810460835589693 0.0866206439936705 0.0928013656614765 0.0979056198682663 0.103761441981311 0.110784757175314 0.107975775731794 0.101645871282069 0.112934670667625 0.123962303873162 0.134495665311001 0.142656419613717 0.149615189655396 0.155689743469414 0.163196053895791 0.174084714184894
-9999 -9999 -9999 -9999 -9999 -9999 -9999 -9999 -9999 -9999 -9999 -9999 -9999 -9999 -9999 -9999 -9999 -9999 0.212847542090441 0.21197269760426 0.20696121836981 0.199427530912645 0.150944723401831 0.105034767007819 0.0741979545746409 0.0529426877899879 0.0387605688617913 0.0423446704373999 0.0459662551036318 0.0418124424231531 0.038560835086392 0.0361112651586495 0.0369504467932315 0.0404099535891871 0.0541002899225959 0.0626310757695343 0.0656494886580127 0.0670357191019328 0.0682571955682121 0.0712428144925369 0.0747187395099738 0.0788249264931816 0.0837531397762218 0.0890519723809035 0.0956685815131886 0.103581119107421 0.113506764898729 0.110851635252672 0.103423314819155 0.109125821185999 0.116489957133089 0.126998821045442 0.135869965168418 0.143911425614869 0.146037720008576 0.150828535501221 0.162099128999609
-9999 -9999 -9999 -9999 -9999 -9999 -9999 -9999 -9999 -9999 -9999 -9999 -9999 -9999 -9999 -9999 -9999 -9999 0.214045196954642 0.217120440673164 0.215471907619564 0.210943171371351 0.160085952460377 0.114115244397468 0.0909012319231794 0.0693030701249341 0.0488977378726578 0.0506564382930924 0.0520620309531908 0.0422755078799096 0.0387159959307757 0.0406921371483151 0.0440235374879691 0.0483540806541992 0.0564937320079826 0.0619617170881421 0.064575340929009 0.0635343786208543 0.0623962553150051 0.0672099355895168 0.072065124585114 0.0769736707967758 0.0812354060970426 0.0854446679914357 0.0916269259007642 0.0995313218646966 0.110110904257521 0.112319479380357 0.111074744500574 0.108828314900361 0.11025820689706 0.11864574545503 0.127525184059346 0.136653823681799 0.134346958513516 0.137419232366072 0.153550944466664
-9999 -9999 -9999 -9999 -9999 -9999 -9999 -9999 -9999 -9999 -9999 -9999 -9999 -9999 -9999 -9999 -9999 0.249190027472704 0.245819412593786 0.234702498636534 0.226823206865323 0.220917973186404 0.173462815365988 0.13104681128276 0.110935936718028 0.0888263854804673 0.0652414005140765 0.0633210552029452 0.061555718263467 0.0507166658032248 0.0468665837722233 0.0492295171858845 0.0535857603875008 0.0581598094139472 0.0620220526793547 0.0649084764867787 0.0667523519546463 0.068157618823808 0.0692250831252824 0.0686043318036767 0.0702095569810258 0.0746761545616547 0.0791220899156817 0.0836025618103924 0.0886018300500365 0.0956875602663084 0.106014421325344 0.111004929959659 0.113743686405361 0.114076259827261 0.114247415521208 0.114113079034938 0.120455204744829 0.130078364854282 0.133427432562637 0.137465765109419 0.143386046347195
-9999 -9999 -9999 -9999 -9999 -9999 -9999 -9999 -9999 -9999 -9999 -9999 -9999 -9999 -9999 -9999 -9999 0.254745527389149 0.250331207934064 0.24469365022123 0.23753679914961 0.229453597448692 0.186494954608419 0.148161346841285 0.129691161268102 0.106144186393935 0.0788494987102509 0.0758266349791003 0.0732519897689207 0.0615361099076317 0.0572617837639441 0.0596028079995206 0.0636531070085386 0.0673563833070122 0.0677566180787723 0.0685117478509926 0.0696460411973963 0.0723227422008623 0.0744870792469414 0.070063063965447 0.0693512979887838 0.0734114277261704 0.0776111646908541 0.0818458875193875 0.0859525423801787 0.0920288493863594 0.101164833678515 0.108263220038741 0.114445248666659 0.117722170627871 0.117838203353994 0.111972074417346 0.115449786247288 0.123661172427616 0.131720713142784 0.137100578994937 0.136228398896021
-9999 -9999 -9999 -9999 -9999 -9999 -9999 -9999 -9999 -9999 -9999 -9999 -9999 -9999 -9999 -9999 -9999 0.261278416518955 0.261381345739642 0.255402710181945 0.245841570429553 0.234096089518797 0.197700975721494 0.164285243020415 0.144072906660134 0.116423779980832 0.0832847752136452 0.0870242321194329 0.0907047166273162 0.0777349649875566 0.0726436543031427 0.0745560755461997 0.0747087703032262 0.0744172942189588 0.0734835860307825 0.0733256055600563 0.073996398933876 0.0735767464426562 0.0727224691447587 0.0706559662799457 0.0712432081352174 0.0752416953073038 0.0777764497280765 0.0799955066042312 0.0842006623857859 0.088869185206788 0.0942575070080238 0.101904321907177 0.110382985735873 0.115625381577032 0.118284930217816 0.116056294441584 0.11621079435776 0.11757261239744 0.125630696225913 0.13292482661713 0.138144256527681
-9999 -9999 -9999 -9999 -9999 -9999 -9999 -9999 -9999 -9999 -9999 -9999 -9999 -9999 -9999 -9999 -9999 0.269396850922855 0.26734245707692 0.261339099748884 0.249832293685095 0.234969899202384 0.196056819854394 0.162430346513641 0.14855601428418 0.125759114431863 0.0963755277994857 0.102082659542484 0.107280799181179 0.0949460462143034 0.0873929825528858 0.0840907180337982 0.0832308277733548 0.0824852181099335 0.0800976984478793 0.0788133674221538 0.0787076637250931 0.0765773590875365 0.0741565142254366 0.073289146428385 0.0739604192126802 0.0766095312509386 0.0783642477098614 0.0799503100052955 0.0830551462768681 0.0862810777440346 0.0896951196957185 0.0974467626526269 0.106859543924245 0.11228718518974 0.115217988099717 0.113423383196377 0.114356401713413 0.11667125895663 0.121440554235824 0.127335956446724 0.135755038307725
-9999 -9999 -9999 -9999 -9999 -9999 -9999 -9999 -9999 -9999 -9999 -9999 -9999 -9999 -9999 -9999 -9999 0.27063515377944 0.269520411612074 0.263727510035899 0.250615975234355 0.233042089264925 0.184859906745039 0.147210105521555 0.145680524141638 0.134392491368021 0.115900717977844 0.120011208871348 0.123205188747315 0.112909611291644 0.101672082030998 0.089597181776773 0.0898694153561104 0.0913017504086598 0.0873713096194959 0.0848021062582193 0.0836872250141905 0.0808763916761818 0.0779684235573763 0.0774390589054495 0.077291154871018 0.0776335978300753 0.0792661396996389 0.081247078390732 0.0823603980451047 0.0841178626834923 0.0868759485641019 0.0944026492016161 0.103736659035394 0.108026132802707 0.109539002049014 0.105796990189762 0.110557733239982 0.11962604892848 0.118662769756001 0.120696581583019 0.130165448249825
-9999 -9999 -9999 -9999 -9999 -9999 -9999 -9999 -9999 -9999 -9999 -9999 -9999 -9999 -9999 -9999 0.30187964528615 0.287724005511578 0.2756011608904 0.268639782433085 0.253336881229256 0.232947947890243 0.18914974122502 0.153703882955646 0.146740696454245 0.143668424998054 0.143468447681162 0.133906925956118 0.123833209572208 0.116019147357627 0.109418360702925 0.103896144900466 0.102495537647225 0.101453493503186 0.0984765647010272 0.0958827576762303 0.0936982712174138 0.0909471356709989 0.0880627017331711 0.085230135836915 0.083363179375909 0.082737461621452 0.0837489410393259 0.0851579116291277 0.0849039858716859 0.0852707390230484 0.086601660981374 0.0916108021942422 0.098081948249369 0.103048485172139 0.106279532395307 0.106226067199678 0.106456071839912 0.106829684866104 0.113916457224832 0.122059967712348 0.132380440617893
-9999 -9999 -9999 -9999 -9999 -9999 -9999 -9999 -9999 -9999 -9999 -9999 -9999 -9999 -9999 0.303449873150639 0.302451864853608 0.291745389892341 0.28187088101988 0.274244256673363 0.256730820847494 0.233189152236489 0.193636779615911 0.160152449361763 0.147174965612511 0.149711313233163 0.163700053518286 0.144156315393055 0.124327200783324 0.118372758116791 0.11489041928098 0.113605717341273 0.112047522504243 0.110355903740984 0.108239652252045 0.105674095910091 0.102628510168607 0.0999819929914741 0.097113280711325 0.0918796922325239 0.0885407181445213 0.0876371683906179 0.0879641551829216 0.0885482707367315 0.087358581047391 0.0866223767723371 0.0865906212624426 0.0894424807048045 0.0935084206534232 0.0987796682665483 0.103330516048879 0.106517966404371 0.103276441885066 0.0967779404732496 0.110077763761167 0.122946387854221 0.133949256442869
-9999 -9999 -9999 -9999 -9999 -9999 -9999 -9999 -9999 -9999 -9999 -9999 -9999 -9999 -9999 0.304504479925029 0.305087253571698 0.295557961772539 0.287064573917976 0.281301720475295 0.261774310370207 0.233854310609852 0.191770563046694 0.156480277321714 0.143446152591194 0.143271496373795 0.152589768070667 0.142507431301137 0.131325367961662 0.124683361149173 0.114782514967041 0.101984644174454 0.107266570525562 0.113936602960119 0.1111870782931 0.108271518913773 0.105178570969165 0.102466814625547 0.0993503663644917 0.0925572921130381 0.0890899586162345 0.0898976849955288 0.0895296656279083 0.0887786174222475 0.0879937379280789 0.0872037494294891 0.0864058245524795 0.0895091887553298 0.0941710371589396 0.097511447110568 0.100443151137195 0.102601356083644 0.103711622709355 0.104290994291627 0.110562767699462 0.118367484529909 0.129505655865799
-9999 -9999 -9999 -9999 -9999 -9999 -9999 -9999 -9999 -9999 -9999 -9999 -9999 -9999 -9999 0.315868355839251 0.313394956909927 0.3044902055379 0.295639517047295 0.287135572715144 0.264358575094486 0.232878944885207 0.194350735763363 0.160647353558915 0.14218851197251 0.139801048287971 0.149277561077245 0.149050450817197 0.145110025101569 0.131637469601364 0.119990626814044 0.10996679579899 0.114145203714317 0.119284834406038 0.116373489301896 0.113318520101748 0.110110105444465 0.105490737677682 0.100411556780514 0.0945193436554704 0.0916653141800147 0.0927167054738746 0.0918336396204476 0.0903581860568809 0.0893029478702235 0.0885952106003726 0.0884272847203131 0.0911199742281794 0.0949240329246019 0.0966569115422902 0.0983201019172925 0.099851403351324 0.103195535740792 0.107458064709323 0.108157354391521 0.112198111530237 0.12419771565619
-9999 -9999 -9999 -9999 -9999 -9999 -9999 -9999 -9999 -9999 -9999 -9999 -9999 -9999 -9999 0.321135036209788 0.326556023543817 0.318005092992438 0.307241034023768 0.291874164178764 0.264741575508163 0.230435137906258 0.200910893576272 0.171831379798271 0.14314283002419 0.138988496914308 0.15294545277323 0.162926083870512 0.164969303055393 0.139167582945508 0.129957131085004 0.135495891132548 0.131460389397934 0.126215192712074 0.123564026856834 0.120558150868179 0.117173308814041 0.108997213082138 0.100420197539351 0.0976311142491568 0.0960542554087502 0.0960356455385506 0.0947986159959105 0.0931454499479896 0.0912155060498221 0.0907117860165431 0.0924235763587022 0.0941128710577198 0.0957579276141466 0.0961726679947339 0.0968811954627937 0.0981457316110012 0.101827964254196 0.106735023836465 0.103164714274975 0.104605101238158 0.118116100755858
-9999 -9999 -9999 -9999 -9999 -9999 -9999 -9999 -9999 -9999 -9999 -9999 -9999 -9999 -9999 0.338826275298159 0.338860011687933 0.328048247630189 0.31615290100616 0.302142488852094 0.277254298131232 0.245733657553027 0.212779352358832 0.181869895572387 0.157131262004994 0.151012074756491 0.158637861612364 0.165381296049242 0.168729557489174 0.159802681633695 0.152529274367496 0.146725758265736 0.141523495254674 0.136538093111162 0.132100511450168 0.127874233620182 0.123873709085393 0.117712808262816 0.111465935875617 0.108527210955357 0.105300387814532 0.101703229992213 0.0989684961105075 0.0965451730234345 0.094529961174176 0.0928297289593822 0.0916187892500556 0.0916484907265609 0.0922076637466829 0.0935357135686751 0.094864462629202 0.0961945350382062 0.0999483951623728 0.104930168092917 0.105465041367882 0.108777142961044 0.118768582396752
-9999 -9999 -9999 -9999 -9999 -9999 -9999 -9999 -9999 -9999 -9999 -9999 -9999 -9999 -9999 -9999 0.348922334467334 0.339644741826212 0.329424790091955 0.317360087617065 0.294909606842344 0.266126660906639 0.226426312985786 0.191633380974968 0.173045771372448 0.16458591901336 0.163602430809373 0.166612374340704 0.171289014232876 0.180405353083953 0.174895901285993 0.156384496752237 0.150797730846006 0.147078511774851 0.141040613211262 0.135699923919221 0.131104120745641 0.126907691457248 0.122867998925759 0.119254279479457 0.11428180366292 0.107562720017234 0.103474910629368 0.100320896204304 0.0982065590950757 0.0951516569095199 0.0906356715541478 0.0891625361774579 0.088990785555496 0.0908024428808891 0.0925296678672759 0.0940970998764542 0.0978785560842199 0.102781657001243 0.108303691792256 0.114061168477528 0.12034169870444
-9999 -9999 -9999 -9999 -9999 -9999 -9999 -9999 -9999 -9999 -9999 -9999 -9999 -9999 -9999 -9999 -9999 0.362410350785935 0.367472466643259 0.352703669779748 0.327527863789355 0.296006647679137 0.2442104915747 0.201059593256876 0.186651725653353 0.174116204951103 0.162962860669765 0.172233502593248 0.182717611465778 0.188630119698125 0.184465880167984 0.171343670345343 0.162800784280209 0.155568488636222 0.150787978245557 0.146057254070581 0.141379720612467 0.133696321319129 0.125804780138051 0.121863954778476 0.117384825610094 0.112213736008249 0.108577390342595 0.105446348014072 0.102426446157676 0.0985141892952206 0.0932157392669032 0.0916519181237866 0.0915622275184716 0.0895832939267052 0.0891087972936334 0.091481532698449 0.0953140098968059 0.0998860055072252 0.10709572258337 0.114061168477528 0.12034169870444
-9999 -9999 -9999 -9999 -9999 -9999 -9999 -9999 -9999 -9999 -9999 -9999 -9999 -9999 -9999 -9999 -9999 0.401261976146382 0.393887304037279 0.37670121994836 0.349988362277273 0.317466795806132 0.261493459441329 0.214771328693751 0.199134656393701 0.184602526188549 0.170885774820746 0.184665116787678 0.199104157625109 0.203754564746064 0.203884128544539 0.199994778588856 0.182312647472995 0.164819477592493 0.160807367320146 0.155897743555581 0.150029232167506 0.141474124908523 0.132848622470169 0.128606062605763 0.123773725165428 0.118183260547816 0.114164991743414 0.110611883995149 0.106512210049883 0.101741921842884 0.0959298947536778 0.0935038444593505 0.0924128172813504 0.0895566775446272 0.0883165421405019 0.0901347863398197 0.0933036877387665 0.0971568443066274 0.100066957482789 -9999 -9999
-9999 -9999 -9999 -9999 -9999 -9999 -9999 -9999 -9999 -9999 -9999 -9999 -9999 -9999 -9999 -9999 -9999 0.409778592102681 0.407788287945961 0.38849344516628 0.361521803373791 0.329869427899815 0.278237257337571 0.233093151843883 0.210409511284541 0.196117288162219 0.188019653933435 0.204423009811241 0.220824143507473 0.22630123611801 0.233896506167861 0.243374781630058 0.209902000941175 0.174889113976738 0.171119382205055 0.16518224939062 0.156929503437108 0.150316017404354 0.144310574638927 0.139793573184487 0.133697358623921 0.125571151023048 0.120274455575148 0.115820539926572 0.110453692938925 0.104824645472241 0.0987882931664971 0.0946700374147255 0.091412225917182 0.0908129103176055 0.0903519808802222 0.0901529550821505 0.0918895638267336 0.0946067825597755 0.098996748721972 0.102092366724428 -9999
-9999 -9999 -9999 -9999 -9999 -9999 -9999 -9999 -9999 -9999 -9999 -9999 -9999 -9999 -9999 -9999 -9999 0.432609690838336 0.423198514332776 0.393265554665467 0.36680244136522 0.342454978967489 0.298150196833004 0.259196329668044 0.239415966895916 0.228483104407977 0.224081513592239 0.235890775803826 0.247593620136012 0.251677088029492 0.258903122780853 0.268922818862101 0.249303004364393 0.2241438890661 0.197963622315842 0.179422039342228 0.169041491714429 0.162668389407735 0.157233213850412 0.151395978904462 0.144773113568597 0.137140362855263 0.131190528244069 0.125803498637771 0.120648051281626 0.114926383151304 0.10832514202346 0.103087359658679 0.0984529457437748 0.0954179014216726 0.0930706962519689 0.0920252655835519 0.0931709025060076 0.0954265541123566 0.0993345156645284 0.102092366724428 -9999
-9999 -9999 -9999 -9999 -9999 -9999 -9999 -9999 -9999 -9999 -9999 -9999 -9999 -9999 -9999 -9999 -9999 0.453845747740974 0.438952224490519 0.399837239984304 0.373609471717355 0.355239357012922 0.317803081129969 0.285430314222065 0.271234966949683 0.264216106868314 0.262494967724047 0.26825825135735 0.273914443378652 0.275836568681288 0.28045126127283 0.287459577119919 0.286789958677529 0.276735992792858 0.226317405080268 0.194322998705528 0.182012663502267 0.175529376991905 0.170235736686065 0.163074590216806 0.156144547966869 0.149511577692202 0.14306671908503 0.13680890072193 0.132139270359119 0.126422372237277 0.119078637934159 0.112877794343619 0.107130678140102 0.100896929303009 0.0961654788768083 0.0942772131658204 0.0948957464406342 0.096784246783283 0.0964184738469312 -9999 -9999
-9999 -9999 -9999 -9999 -9999 -9999 -9999 -9999 -9999 -9999 -9999 -9999 -9999 -9999 -9999 -9999 -9999 0.459777324039217 0.454448824795267 0.433043994564157 0.403567566242262 0.369169685504598 0.329567900472606 0.298057201721859 0.290875768240919 0.286076546690783 0.283035886632714 0.285412042746142 0.287410131473912 0.285584240507384 0.285485446799782 0.28692199825536 0.287802647309716 0.280863665006197 0.234984238504038 0.204885917611243 0.191647852286017 0.185618349978784 0.181098297071024 0.174546094313386 0.16757035125597 0.160050170049262 0.153122137402235 0.146520789132954 0.141620179866918 0.135201155224567 0.126423408993502 0.119357618264439 0.112992677383543 0.10664342014009 0.100795461333768 0.0958962381740241 0.0948888169962137 0.0958530179466968 0.0960237895342036 -9999 -9999
-9999 -9999 -9999 -9999 -9999 -9999 -9999 -9999 -9999 -9999 -9999 -9999 -9999 -9999 -9999 -9999 -9999 0.501159352405978 0.478175766470621 0.46751408866831 0.440059141734798 0.402364924460414 0.356641956302657 0.319872988325242 0.310451811858245 0.307968136856759 0.310605762261276 0.310488442241504 0.308770608646782 0.302308246851638 0.298886037002921 0.29816644425475 0.299602487501449 0.293861040759915 0.249955502411818 0.220001570412609 0.20495328916076 0.198375674190149 0.193757089015742 0.188115572973822 0.181293258542165 0.172953091640901 0.164738270576867 0.156723633727799 0.15071815733718 0.143308025977033 0.133715889578605 0.125440097539817 0.117745947930185 0.111565118392224 0.105173966753772 0.098384768643959 0.0958717891225944 0.0955251806636695 0.0956182306819097 -9999 -9999
-9999 -9999 -9999 -9999 -9999 -9999 -9999 -9999 -9999 -9999 -9999 -9999 -9999 -9999 -9999 -9999 0.52908415254447 0.520990479709734 0.512556277528971 0.503619482533475 0.485007826072138 0.460497167975962 0.403532688716974 0.353583126541194 0.32994403144677 0.329900048843045 0.347274103522493 0.345820073124847 0.340311474742545 0.328062603272699 0.323116320494643 0.324661851752356 0.325365499135249 0.318339593030991 0.273087386220682 0.241010401182615 0.223009591270555 0.214586982097718 0.208740970126039 0.204400724845532 0.197989597392257 0.188916462904142 0.178374633930536 0.167561984862751 0.159320457550914 0.150545155938606 0.140940684004619 0.131008243501596 0.121064051019442 0.11541918352507 0.109226953712173 0.101998809751707 0.0981361157629609 0.095978389207479 0.0957931556507828 -9999 -9999
-9999 -9999 -9999 -9999 -9999 -9999 -9999 -9999 -9999 -9999 -9999 -9999 -9999 -9999 -9999 0.556196544853505 0.554455134455424 0.550899333518117 0.545774794384409 0.537107773729462 0.511858397197408 0.476498349336997 0.432243302343986 0.390278484511395 0.356585994512439 0.351941439404405 0.368740224018897 0.37096979660665 0.367966328047064 0.351927981251166 0.34780758093205 0.354281929335738 0.353530588589858 0.348180390600044 0.326194737672541 0.293208113039735 0.248468243796936 0.231687000325791 0.222287877999971 0.21626065263945 0.208674390130867 0.199084069684905 0.188926527689247 0.178328866760456 0.164501306838435 0.152326459108714 0.142718950980999 0.135434963274644 0.129102132329091 0.122788518280043 0.116530425985915 0.110377411753382 0.103468013315965 0.0961754237905205 -9999 -9999 -9999
