layers/veg_krg/veg_2700.asc
NCOLS 255 
NROWS 330 
XLLCORNER -2985163.8955 
YLLCORNER -3022031.214 
CELLSIZE 25000 
NODATA_value -9999 
[rows 150 to 174 of 330, columns 57 to 113 of 255]
-9999 -9999 -9999 -9999 -9999 -9999 -9999 -9999 -9999 -9999 -9999 -9999 -9999 -9999 -9999 -9999 -9999 -9999 -9999 -9999 0.48521857197699 0.485458134900208 0.403913141233738 0.313783368748665 0.214141032090743 0.11659725147529 0.0206026360694951 0.0404814335357474 0.0693361679810209 0.0800581369327485 0.0781996075154131 0.0651573377374774 0.0577330144042737 0.0475131839756957 0.0180889595616099 0.00205961540264339 0.000341125627940223 0.000333061217845025 0.0048545536356414 0.039622529958145 0.0647538557462958 0.0774977884456181 0.0732250642331627 0.067346876755549 0.110543984506191 0.159204296483966 0.216351204392667 0.23353200484459 0.235057992480543 0.26103633348813 0.277094727908478 0.274379062323135 0.270427057767429 0.265848712693025 0.268310410756954 0.268496047640737 0.263060405322149
-9999 -9999 -9999 -9999 -9999 -9999 -9999 -9999 -9999 -9999 -9999 -9999 -9999 -9999 -9999 -9999 -9999 -9999 -9999 -9999 -9999 0.487339881133497 0.426106158843836 0.356860207928295 0.275917434691519 0.163533613007808 0.0279398424719088 0.0430096715360796 0.0704567496389074 0.0769623928544878 0.0693746278185432 0.0492581843425937 0.0473674557339435 0.043888296827763 0.0158421983947718 0.000965897863497825 0.000159977690392552 0.000462023265433623 0.00334407408450259 0.0232103586716231 0.0419646574623646 0.0592895586507092 0.0691526692601065 0.0787528672928228 0.115423940930384 0.156399584313313 0.204061989268139 0.222736537271096 0.23031481996531 0.264700915750227 0.285674591108822 0.281264502180898 0.279532262480178 0.279156645448622 0.28160519712777 0.282831534145891 0.281080790786311
-9999 -9999 -9999 -9999 -9999 -9999 -9999 -9999 -9999 -9999 -9999 -9999 -9999 -9999 -9999 -9999 -9999 -9999 -9999 -9999 -9999 -9999 0.431765188974978 0.373587246967481 0.318270692313273 0.195205417981944 0.0221276791756741 0.0337530601265459 0.0617015648295289 0.0682663047105385 0.056094040389583 0.0272650599368121 0.0388280549661427 0.049748141284564 0.020737457550197 0.00409903076136305 0.000678905605688153 0.000125685354917266 0.00400425007421687 0.0352991436249882 0.0528692195791692 0.0527967847838562 0.0822252804965423 0.11970369360626 0.138387519290604 0.163038865242766 0.196960216692995 0.21467300091323 0.226660614998548 0.270469803150645 0.297492680757388 0.292746516194278 0.292213555419208 0.293815041838029 0.290095103120439 0.287443865830561 0.287519469910268
-9999 -9999 -9999 -9999 -9999 -9999 -9999 -9999 -9999 -9999 -9999 -9999 -9999 -9999 -9999 -9999 -9999 -9999 -9999 -9999 -9999 -9999 0.412411817339387 0.397735712882151 0.35132298080706 0.21818647870765 0.0210300292476867 0.0251344213639919 0.0496612673460934 0.0607231389509506 0.0558230123321876 0.0367330787175175 0.0453215167392188 0.0515328178528293 0.0206128601780563 0.00330752459042016 0.000547811694060321 0 0.00445736856290062 0.0417499988080922 0.0547767378123643 0.0366109859838014 0.0642315485328291 0.106177829416676 0.142011781776105 0.173775472290801 0.199216377463195 0.213375632663802 0.224030866614871 0.27372163238289 0.304969720795615 0.301313999163703 0.301358343397293 0.303277174506227 0.303173477827961 0.305136590253382 0.312014645422735
-9999 -9999 -9999 -9999 -9999 -9999 -9999 -9999 -9999 -9999 -9999 -9999 -9999 -9999 -9999 -9999 -9999 -9999 -9999 -9999 -9999 -9999 0.428523785633698 0.426312155795178 0.378825867810803 0.235982227191344 0.0227452827011237 0.0168964274900559 0.0356609150643299 0.0538678616371423 0.0633141074651905 0.0649723150429182 0.0607843008093785 0.050886055025729 0.0174931771421952 0.000174391692554967 2.88837787647249e-05 0 0.00478694667757233 0.044836996371911 0.0513161908421645 0.0146418665139042 0.0277021555134607 0.0601485751727073 0.134097286648824 0.186956739390365 0.20705592729059 0.216115282800979 0.222012357856921 0.275471664742486 0.309856683730636 0.3081425339982 0.308393083956684 0.309638968570952 0.318989551669076 0.330633700429207 0.347283187300011
-9999 -9999 -9999 -9999 -9999 -9999 -9999 -9999 -9999 -9999 -9999 -9999 -9999 -9999 -9999 -9999 -9999 -9999 -9999 -9999 -9999 -9999 0.440927015286031 0.436834343225392 0.420770537034179 0.29483616314585 0.0877947529920194 0.0468208085248976 0.0343979006153324 0.0545192584129693 0.0631882991867152 0.061676523877893 0.0575794845090549 0.0502710499919891 0.0291112196253748 0.0159552492382356 0.011350462026812 0.00546322537017395 0.00495158163336517 0.0463790517597761 0.0612202405484647 0.0418862025271178 0.0522632507893055 0.0778261543035038 0.1735508207619 0.235058920648653 0.243414664781448 0.235298364636162 0.222248623869416 0.272609197561084 0.301121578553262 0.288285019090073 0.309686561089052 0.348433435349782 0.352720841276158 0.356799340011946 0.361884416773731
-9999 -9999 -9999 -9999 -9999 -9999 -9999 -9999 -9999 -9999 -9999 -9999 -9999 -9999 -9999 -9999 -9999 -9999 -9999 -9999 -9999 -9999 0.433243886401951 0.439672283355316 0.448601497934421 0.344872487452231 0.157978577241454 0.0779569814151888 0.0287133379827302 0.0466959332115267 0.0529738846110763 0.0488467078702733 0.0517081715328391 0.0534221341090534 0.0429999184153801 0.0313135830473492 0.018276684461174 0.00821275312731586 0.00510303287912619 0.047797621761511 0.070576325009622 0.0677542343735461 0.0822626122934327 0.108436960559304 0.210878584617256 0.274560429427017 0.278032446601637 0.256046357133105 0.225855624422186 0.273305282355932 0.299629277354632 0.285971760344709 0.319658352412282 0.377329898887829 0.380131741935563 0.380033025116201 0.37553946741693
-9999 -9999 -9999 -9999 -9999 -9999 -9999 -9999 -9999 -9999 -9999 -9999 -9999 -9999 -9999 -9999 -9999 -9999 -9999 -9999 -9999 -9999 0.424215116293168 0.423898066000688 0.434359200661391 0.363314685946887 0.232102268232718 0.106176144175361 0.00848706483403009 0.0138023455472202 0.0156579772604301 0.0144380697525756 0.0414335349727742 0.0671561578289695 0.0608302742887128 0.0423497592246561 0.0108834496989431 0.00242751881718997 0.00524475151473308 0.0491250311476044 0.0761771719766477 0.0815976504793175 0.117428086914913 0.164852092904068 0.234380446946179 0.284094739397491 0.303029670968161 0.278469178641676 0.238565664010973 0.284770427604157 0.320757138635879 0.337405607244301 0.354980249832506 0.373024100546322 0.386804391089362 0.394912860325136 0.389959169779033
-9999 -9999 -9999 -9999 -9999 -9999 -9999 -9999 -9999 -9999 -9999 -9999 -9999 -9999 -9999 -9999 -9999 -9999 -9999 -9999 -9999 -9999 0.414658161827628 0.415645191651904 0.41963329765022 0.365337887178298 0.268017275479926 0.120799956013116 0.00207169018367643 0.0118733781273086 0.0124898268834965 0.0049408336032228 0.031771037583156 0.0586604968733775 0.0546225379857653 0.0374355243325649 0.00620029192286478 0 0.00446419850504251 0.0418139715472227 0.0695758231219758 0.0850129201880487 0.120435989384513 0.164615808364557 0.237636244873601 0.290018742347713 0.310342059502947 0.29807669644209 0.274232698881791 0.311991169533022 0.344572200384467 0.367354633569865 0.372119949131563 0.367757629741673 0.384381952290098 0.395107785643215 0.391146958876666
-9999 -9999 -9999 -9999 -9999 -9999 -9999 -9999 -9999 -9999 -9999 -9999 -9999 -9999 -9999 -9999 -9999 -9999 -9999 -9999 -9999 -9999 0.41484754417187 0.412830003049765 0.404557763459186 0.355490688758585 0.276308650241329 0.125594772434226 0.00564114481905896 0.0323308214883428 0.0340093913510498 0.0134537287970304 0.0225510968538997 0.0340934987352503 0.0310360448435227 0.0209896623284271 0.00347643144096144 0 0.00301687316808645 0.0282575805420519 0.0541526845622124 0.0808889800797228 0.100195015742346 0.123422396636523 0.226254798397176 0.293332611042686 0.304868888376476 0.315648841459423 0.326496892788424 0.350602694123127 0.37033002045006 0.381770835170663 0.376114512051474 0.361796624070583 0.375384061462064 0.384685999937447 0.382768506133825
-9999 -9999 -9999 -9999 -9999 -9999 -9999 -9999 -9999 -9999 -9999 -9999 -9999 -9999 -9999 -9999 -9999 -9999 -9999 -9999 -9999 -9999 0.388968411302957 0.387450151588127 0.384487351715284 0.335512013703594 0.252569975803877 0.115263666124381 0.00442244710520844 0.0165496679260134 0.0168616858010878 0.00667029131709442 0.010069193916211 0.0147200187072932 0.0133420939261984 0.00899985981250756 0.00149060976431588 0 0.00235506842849453 0.0220587781097998 0.0369720881626722 0.0457275985694498 0.0955298897559226 0.159902890118173 0.240543473694164 0.288537122991252 0.285816698991852 0.308179598528858 0.340419482024257 0.359131442268636 0.372336975758655 0.375121285163021 0.3719019144038 0.365641024904242 0.371766405519095 0.380050012630844 0.392837169651038
-9999 -9999 -9999 -9999 -9999 -9999 -9999 -9999 -9999 -9999 -9999 -9999 -9999 -9999 -9999 -9999 -9999 -9999 -9999 -9999 -9999 -9999 0.341916329207336 0.355680415429265 0.359223595472483 0.30968131614235 0.220951068925906 0.103744608054921 0.00754507976553423 0.00241450908734411 0 0 0 0 0 0 0 4.52366654505835e-05 0.00176568853501533 0.0157441031261593 0.021451161479067 0.0165258387224265 0.0895559933126737 0.185110434326837 0.246765442795446 0.281093765837254 0.272972543208233 0.303280525043714 0.348462882543019 0.363867292363672 0.372833049458268 0.369613292087462 0.36940540696522 0.370723363599682 0.372491665209042 0.38086764330734 0.404656936948432
-9999 -9999 -9999 -9999 -9999 -9999 -9999 -9999 -9999 -9999 -9999 -9999 -9999 -9999 -9999 -9999 -9999 -9999 -9999 -9999 -9999 -9999 0.315891674155496 0.310014652888513 0.317204121887718 0.266812843040737 0.17391515049587 0.0941160729469949 0.0283432445384375 0.00907015215604259 0 0 0 0 0 0 0 0.000254231662565799 0.00111698023105088 0.00599854805628253 0.0126576150347039 0.0216015610431503 0.0724691994236172 0.137718034261815 0.213279021143212 0.267384140315519 0.288159500609315 0.317934847509899 0.35091640288903 0.367185419029034 0.377580766216375 0.376859862685925 0.376480349005705 0.376273786515246 0.386736335145981 0.399059471350824 0.415265466746846
-9999 -9999 -9999 -9999 -9999 -9999 -9999 -9999 -9999 -9999 -9999 -9999 -9999 -9999 -9999 -9999 -9999 -9999 -9999 -9999 -9999 -9999 0.267660128656379 0.275017386829384 0.288840884593428 0.243432526180531 0.154298897135924 0.106046392042812 0.0669139823861925 0.0435974728263363 0.0223561512374951 0.00295961852636192 0 0 0 0 0 0.000239821116183013 0.000694467613327892 0.00229409083964891 0.0072841568419805 0.016632453669629 0.0590379342457918 0.115645941393296 0.216416398474198 0.286960159320148 0.310549468784103 0.336691900865529 0.363494577643488 0.376801704877181 0.386207298647176 0.38822901965964 0.389060735787236 0.389289584663447 0.397430492334665 0.405363999196586 0.412469957631381
-9999 -9999 -9999 -9999 -9999 -9999 -9999 -9999 -9999 -9999 -9999 -9999 -9999 -9999 -9999 -9999 -9999 -9999 -9999 -9999 -9999 -9999 0.251978840871876 0.249312296315738 0.272372120444466 0.237026238337898 0.158564953871735 0.136754301604701 0.120964489964473 0.102400802910633 0.06418433231331 0.00849704123928295 0 0 0 0 0 3.08261190677951e-05 0.000468969638465519 0.00385138178373053 0.0048895683025416 0.00291437955986813 0.048790605488138 0.115627634617386 0.251452813301309 0.33552770985092 0.339213202027901 0.359022400180134 0.384891245825084 0.391903637258619 0.398212248664871 0.403188916562476 0.406436321130989 0.408807665236736 0.405032181171309 0.401314783158251 0.397999637278848
-9999 -9999 -9999 -9999 -9999 -9999 -9999 -9999 -9999 -9999 -9999 -9999 -9999 -9999 -9999 -9999 -9999 -9999 -9999 -9999 -9999 -9999 0.249553278215819 0.252023599032212 0.261384706563617 0.235948346351747 0.184824310747301 0.155491757934139 0.127479089402596 0.0946826391963693 0.0543054671815217 0.00718922792415227 0 0 0 0 0 0 0.000459980309101101 0.004308411361034 0.00478906982882669 0.000940638776893778 0.0713203384847176 0.16692136244044 0.27774299885063 0.345013081134837 0.34462974490041 0.358684844569012 0.378448752911753 0.391248517538965 0.399586328173396 0.399479638500651 0.401825451705711 0.405413725078588 0.405287704808121 0.404736741114922 0.403354370463805
-9999 -9999 -9999 -9999 -9999 -9999 -9999 -9999 -9999 -9999 -9999 -9999 -9999 -9999 -9999 -9999 -9999 -9999 -9999 -9999 -9999 -9999 0.264559624345694 0.260105426824694 0.254747199700736 0.238169195976739 0.213308693612171 0.168047336499977 0.122676775906948 0.0859877954337371 0.0490678279087127 0.0119425188194385 0.00311488377933421 0 0 0 0 0.00129777131060334 0.00296836390320676 0.00501765459094957 0.00490543159923062 0.00201469967238699 0.0906366794290095 0.206744327525755 0.296199057273286 0.34995212732386 0.348245883148785 0.357333044875435 0.370946772312286 0.388448566620384 0.398226560634054 0.39338682571901 0.394746779097696 0.399247550710502 0.405078649104111 0.409632524360909 0.411145629424958
-9999 -9999 -9999 -9999 -9999 -9999 -9999 -9999 -9999 -9999 -9999 -9999 -9999 -9999 -9999 -9999 -9999 -9999 -9999 -9999 -9999 -9999 0.27036086901643 0.270395664071114 0.264655004941723 0.251951147421127 0.23410701988758 0.160607767977219 0.102832717859341 0.128524250743849 0.109920046083885 0.0519380669315458 0.0213807468466713 0 0 0 0 0.00890797918078784 0.0175391932319879 0.00787961758930635 0.00414599655037711 0.00802986966479006 0.0667389774560936 0.147590589637809 0.283909947017738 0.36566763658387 0.362668687224934 0.370124464372036 0.381719747244806 0.388476558193724 0.39251573047667 0.391411617869919 0.394167519623002 0.398878939607153 0.408792101827061 0.415409628690145 0.414104292175978
-9999 -9999 -9999 -9999 -9999 -9999 -9999 -9999 -9999 -9999 -9999 -9999 -9999 -9999 -9999 -9999 -9999 -9999 -9999 -9999 -9999 -9999 0.337496275789984 0.280690597451496 0.281029273307876 0.266893512113371 0.242072644657786 0.168037420750848 0.114735420219399 0.160720414646836 0.149093309575103 0.0862505257976508 0.0380378219672221 0 0 0 0 0.0143904204626831 0.0280802130842003 0.0103544886281976 0.00532636148490334 0.0166203089706997 0.0621606532182772 0.125925020114936 0.279624108473415 0.373236684374415 0.373510272581611 0.380298737434615 0.389377745797228 0.385292973303615 0.382855606748109 0.383536049110601 0.389542444038206 0.398247014767244 0.407592886278744 0.413435478969023 0.41106802297909
-9999 -9999 -9999 -9999 -9999 -9999 -9999 -9999 -9999 -9999 -9999 -9999 -9999 -9999 -9999 -9999 -9999 -9999 -9999 -9999 -9999 0.409443405070685 0.341402674524716 0.290990446940142 0.304172904105204 0.283050645635598 0.236604463995512 0.191032792539071 0.159871951189529 0.182091931625543 0.165572142039017 0.114613690576672 0.0530107509825677 0 0 0 0 0.0176454272218303 0.0344026608441493 0.0124241357112579 0.00853738968577985 0.0279066472562482 0.0778066567624722 0.143503623740818 0.28371642747825 0.372277677624017 0.380602889299922 0.387733272806834 0.393774857575337 0.378747376655965 0.369061198324356 0.369483737253403 0.380682039951717 0.397339442161101 0.401250885348583 0.40334699426333 0.401756009790453
-9999 -9999 -9999 -9999 -9999 -9999 -9999 -9999 -9999 -9999 -9999 -9999 -9999 -9999 -9999 -9999 -9999 -9999 -9999 -9999 -9999 0.409443405070685 0.352947002365838 0.311224754104756 0.322701678436263 0.296045627151595 0.241239610857747 0.187877177994731 0.149011934763184 0.163596207347019 0.144337455003975 0.094993121573754 0.0433976623577919 0 0 0 0 0.0197590124439371 0.03956165725246 0.023636760014462 0.0242206673178755 0.0460257500236861 0.129219203135187 0.230639387566546 0.311522827220398 0.363374836657993 0.37012913286741 0.378064996598484 0.385999836212089 0.376922783027194 0.369832101683319 0.366500741401201 0.377017469056937 0.394549763470585 0.398455493017361 0.400224833926636 0.397595420630097
-9999 -9999 -9999 -9999 -9999 -9999 -9999 -9999 -9999 -9999 -9999 -9999 -9999 -9999 -9999 -9999 -9999 -9999 -9999 -9999 -9999 -9999 0.325261291772742 0.329920714060584 0.336936552630399 0.304878310927542 0.243975375762708 0.176439049211871 0.124889669307284 0.135946940171838 0.114239877752 0.0634061634467418 0.0276121525339826 0 0 0 0 0.0197864107617958 0.0405860642345053 0.0327508361460092 0.0416698767060515 0.0721256235029172 0.187772722296318 0.32144765434595 0.335171318005517 0.346358014807616 0.353603761992169 0.364735617704069 0.377081463476175 0.376226320148689 0.373216258809745 0.366127893248225 0.374837809920638 0.39155127944236 0.395996893253961 0.397913971095662 0.394457470984643
-9999 -9999 -9999 -9999 -9999 -9999 -9999 -9999 -9999 -9999 -9999 -9999 -9999 -9999 -9999 -9999 -9999 -9999 -9999 -9999 -9999 -9999 0.320222454714254 0.321074970106539 0.328781098536592 0.289798025284573 0.216348735525194 0.150869386753754 0.101929687195877 0.111152793424991 0.0854112025329769 0.0285868927439666 0.00988205706005575 0 0 0 0 0.00708131826814751 0.0145252639074358 0.011721130077095 0.0505146121885089 0.142779579894606 0.236240793683241 0.320883253495993 0.289663649982422 0.285722960224019 0.324157607145304 0.354497678339726 0.38063557357126 0.375502158683438 0.370422454061342 0.365444399155081 0.374336934539862 0.390256436578461 0.389929833252364 0.389567359383872 0.389825696881234
-9999 -9999 -9999 -9999 -9999 -9999 -9999 -9999 -9999 -9999 -9999 -9999 -9999 -9999 -9999 -9999 -9999 -9999 -9999 -9999 -9999 -9999 0.28556406988129 0.297376082130344 0.311786273335102 0.272710356856491 0.194150711782478 0.13206653190849 0.0835377615781493 0.0782474424362395 0.0519135911215406 0.00687257947135379 0.00132407430217918 0.00236955773379036 0.000807071598893829 0 0 0 0.001155909259574 0.0108268386444743 0.0677483825928077 0.185408036136322 0.264463922065023 0.32229717502391 0.270196146578008 0.260053466646297 0.315089303746837 0.351858629893134 0.380167579678308 0.373812526439164 0.368240984227931 0.364152280953755 0.373258360252824 0.389049035895745 0.386731904876526 0.385438475115018 0.387321327450819
-9999 -9999 -9999 -9999 -9999 -9999 -9999 -9999 -9999 -9999 -9999 -9999 -9999 -9999 -9999 -9999 -9999 -9999 -9999 -9999 -9999 -9999 0.259834956569257 0.254974480302917 0.283661129313212 0.253095041368375 0.178788268490532 0.121784274876105 0.0708978204109968 0.035128662445588 0.0125369700225834 0.0016597064650847 0.00431539041891951 0.00772280432045706 0.00263038791668745 0 0 0 0.00376731104568402 0.0352865663782282 0.0955454195618971 0.192747471477079 0.267195115850666 0.326202151461396 0.283517778374593 0.278411748007366 0.331680289989267 0.358787918103719 0.374635051309961 0.370907197121944 0.366830551467822 0.362093798235846 0.371452361703296 0.387951740258179 0.387146716518429 0.386620449567394 0.387495733691432
