layers/veg_krg/veg_4100.asc
NCOLS 255 
NROWS 330 
XLLCORNER -2985163.8955 
YLLCORNER -3022031.214 
CELLSIZE 25000 
NODATA_value -9999 
[rows 200 to 224 of 330, columns 114 to 170 of 255]
0.242515830015339 0.235400255586776 0.230863638497004 0.225583517746634 0.21759879154781 0.199072604234012 0.172655713226515 0.158753489200396 0.14672731959293 0.13595128612692 0.12541280201461 0.115088393992573 0.0977524721765173 0.0849678592013235 0.102420145225753 0.10525720580413 0.0922655017514029 0.0808211696293114 0.0700049999698741 0.0609905207267478 0.0511551768513642 0.0402499626950146 0.0348298601121957 0.0319524953379069 0.0388166307234394 0.045827113411997 0.0530682063210096 0.0608480423139248 0.0687967563771408 0.0745282896918688 0.0810523167054843 0.0890989530616052 0.100086374438774 0.112586438563174 0.122497569899632 0.132650065888735 0.143511404772766 0.155287289421717 0.167637089398682 0.177193525057782 0.18534388551881 0.189892287558202 0.191854898133878 -9999 -9999 -9999 -9999 -9999 -9999 -9999 -9999 -9999 -9999 -9999 -9999 -9999 -9999
0.246382975508846 0.236531370786706 0.231536140412168 0.226236039960685 0.219061647446019 0.200216408705222 0.172635076512038 0.157323551511289 0.145034889122057 0.138479449854929 0.125199079557299 0.105858297307628 0.0851090542270312 0.0712408632852497 0.0943023124652146 0.100499453773255 0.0884320010142056 0.0777969161323093 0.0677826700939086 0.0597358186069799 0.0505965311581094 0.0400334221391388 0.0340063073963431 0.0301527343218759 0.0352925328717285 0.0401173588882871 0.0444458594937262 0.0551901448467928 0.0682951312326869 0.0690394638032162 0.0713471646604472 0.0766585476446784 0.085415717938948 0.0959452874891067 0.112962735434179 0.128560424011406 0.140447294389927 0.146815836651193 0.149721399570163 0.158029299982881 0.168615872596537 0.184849972789018 -9999 -9999 -9999 -9999 -9999 -9999 -9999 -9999 -9999 -9999 -9999 -9999 -9999 -9999 -9999
0.245922270992081 0.235752421906262 0.230924891299366 0.225908714111025 0.219261920211397 0.200911200526153 0.173799626020114 0.154836896390258 0.139985078243722 0.136951614101335 0.126349202143861 0.108925762343146 0.0852121956132462 0.0684762728039065 0.0938349645604414 0.101180237852545 0.0890163929221814 0.0791830712550858 0.0701512674543775 0.0627326389433189 0.054498384580624 0.0452010878784711 0.0370846462866515 0.030142453831381 0.0335992267062122 0.0386347269086735 0.0461579439978658 0.0569790550104735 0.0688455950398414 0.0676077261043379 0.0698881754960951 0.0789283308167651 0.0892901244813795 0.100331725286306 0.112814259321989 0.125093909394746 0.136816315726259 0.143448277913186 0.146885775664283 0.154326921881831 0.160123691266184 0.160132000453762 -9999 -9999 -9999 -9999 -9999 -9999 -9999 -9999 -9999 -9999 -9999 -9999 -9999 -9999 -9999
0.245311900339345 0.235159925928382 0.230338311659487 0.225518793629163 0.219631640453566 0.201535182984702 0.174299574744077 0.152443267696054 0.135557448401337 0.135068366031325 0.127020930515513 0.112162014921349 0.0876656974007752 0.0693542642573385 0.0922369345460399 0.0993340572973106 0.0893349185187546 0.0808204422987842 0.0728743763313125 0.0663959480421395 0.0589069488397698 0.0501008265158148 0.0402605574709202 0.0309133569520911 0.0326087779486 0.037962981524383 0.0490825981946495 0.0592881098181138 0.0688201079637532 0.0665680152661381 0.0692823629456157 0.0815386773659938 0.0937081421631963 0.105832934380915 0.112612656104381 0.12096646544831 0.133337467701125 0.136336264698351 0.133453614905492 0.147355975007705 0.158687475883446 -9999 -9999 -9999 -9999 -9999 -9999 -9999 -9999 -9999 -9999 -9999 -9999 -9999 -9999 -9999 -9999
0.247788485150708 0.237188168519216 0.231011574426792 0.225684706598628 0.221963938075349 0.202203947638951 0.170437960480322 0.15144906530451 0.137203709940847 0.135006011165862 0.124100808630402 0.105348527868697 0.0905433938459231 0.0786761291295908 0.0782289418881926 0.0800786583661482 0.084415996296688 0.0798038025344259 0.0732983644988395 0.0696154136390047 0.0618903657490682 0.0488970686066398 0.0404671445210458 0.0339923968868497 0.033499552346672 0.0375885884811305 0.0488976313436601 0.0575942518838039 0.0649927051924377 0.0638889106580811 0.0656253385589541 0.072818654282084 0.0844114399480342 0.098267167737616 0.103833628669456 0.112993520923978 0.131118767455407 0.136336264698351 0.133453614905492 0.147355975007705 -9999 -9999 -9999 -9999 -9999 -9999 -9999 -9999 -9999 -9999 -9999 -9999 -9999 -9999 -9999 -9999 -9999
0.251215667719954 0.241646520392744 0.234545932026107 0.227949808288909 0.222338962922148 0.200561508545395 0.166682703128365 0.151381124325387 0.140171830059363 0.135797665366573 0.122501282853406 0.101164324864881 0.0925485929419135 0.0854266209378696 0.0738713855785912 0.0729774703682765 0.0836301117210266 0.0815608091586482 0.0762463092587003 0.0707279372654927 0.0619256626736866 0.0488433281819108 0.0422960749925202 0.0380482629145947 0.0357382329035669 0.0379931763026835 0.0474414844083845 0.0548977740474502 0.0613909669131457 0.0624768468327261 0.0658292128244624 0.0735361533358036 0.0834984846632183 0.0946209145818902 0.099385145330412 0.102638366827484 -9999 -9999 0.133258894665733 -9999 -9999 -9999 -9999 -9999 -9999 -9999 -9999 -9999 -9999 -9999 -9999 -9999 -9999 -9999 -9999 -9999 -9999
0.255651612356478 0.24868367286136 0.241116446520891 0.232442541946607 0.220636955170938 0.196466449875157 0.163040310358011 0.152296119997947 0.144542689435098 0.137495582961997 0.12230315661582 0.0997702841463926 0.0936279091159942 0.0894484048502549 0.0797547477227221 0.0787741740869712 0.0872301533331207 0.0862611735192391 0.0818726441669553 0.0696046012762341 0.0588324527344247 0.050009971463533 0.0458466153562773 0.0431407241801881 0.039407294073075 0.0392244085603653 0.0446363775801659 0.0511373289161058 0.0580287008791823 0.0624093503269167 0.0701302228906935 0.0842686290319342 0.0914822533763809 0.095133998533428 0.0995321794732553 -9999 -9999 -9999 -9999 -9999 -9999 -9999 -9999 -9999 -9999 -9999 -9999 -9999 -9999 -9999 -9999 -9999 -9999 -9999 -9999 -9999 -9999
0.262852607624933 0.25621408725547 0.247644518775881 0.238415621155376 0.227638034044052 0.206200403647628 0.17678330607798 0.161113444386126 0.14756766825146 0.135636081623093 0.123142909768779 0.110143645316639 0.0996391709149728 0.0899802461096342 0.0823095539216583 0.0833726155496542 0.0938946166931103 0.0922338143298924 0.0862634523455673 0.0709496782602287 0.0588306506613599 0.0508754817387937 0.0472765606010189 0.0450016805780182 0.0412538141471687 0.0399759022657053 0.0425900796224702 0.0483781716758724 0.0553754454678911 0.0579183652149822 0.0652000564232562 0.0815862966127078 0.088141950196865 0.0896410745131198 0.0895199551619788 -9999 -9999 -9999 -9999 -9999 -9999 -9999 -9999 -9999 -9999 -9999 -9999 -9999 -9999 -9999 -9999 -9999 -9999 -9999 -9999 -9999 -9999
0.269951102931396 0.263248282990465 0.253879882734883 0.244503046619402 0.235638396932556 0.218245940373252 0.194470080559529 0.172046630545962 0.151013328886778 0.134637509471427 0.125253903838541 0.122171581562507 0.106166031679969 0.089879915699989 0.0844938320887387 0.0872624884132832 0.0988629933841601 0.0968064072032156 0.0899840523277177 0.0731846889839759 0.060132516415266 0.0519642283383174 0.0484050096238765 0.0462655641992449 0.0428178141895608 0.0408174959375603 0.0410980024758579 0.0460358367867377 0.0527602238067092 0.0534396341634333 0.0595015363678888 0.0759047603832564 0.082285257090035 0.0835103936931968 -9999 -9999 -9999 -9999 -9999 -9999 -9999 -9999 -9999 -9999 -9999 -9999 -9999 -9999 -9999 -9999 -9999 -9999 -9999 -9999 -9999 -9999 -9999
0.271394158741084 0.265808568336114 0.258068507623395 0.248789543502444 0.2354219241866 0.222482255412988 0.209862924672927 0.184280795760609 0.15989999514729 0.146200703012892 0.134737551104798 0.125289576882907 0.107669036119599 0.0913964645089524 0.0899051957041136 0.0881440250051618 0.0860905417742431 0.08896833425966 0.0910406327334204 0.0774864219616268 0.0653938889574437 0.0552064271945624 0.0511149961130106 0.0489416612339156 0.0455714148732829 0.0431646064015141 0.0422759579460419 0.0449366114829882 0.0491611388218276 0.0569083933117948 0.0646322919830921 0.0723113173793606 0.0783027227707605 0.0834260721355629 -9999 -9999 -9999 -9999 -9999 -9999 -9999 -9999 -9999 -9999 -9999 -9999 -9999 -9999 -9999 -9999 -9999 -9999 -9999 -9999 -9999 -9999 -9999
0.272148492131142 0.268031704779887 0.26283726025038 0.254731291204634 0.238285758667279 0.227863986789103 0.221951239795137 0.195579903408744 0.169952056589672 0.15679287576709 0.142535340347532 0.12728798342692 0.108935494847938 0.0931657789921485 0.0937198112668711 0.0899923683861109 0.0816279486239329 0.0841692025368658 0.0878756495070458 0.0794513704851484 0.0699463494841391 0.059032748213732 0.0545241836519611 0.0520750819819067 0.0489529684574377 0.0461899976330311 0.0439929544036276 0.044739071072827 0.0469316416322432 0.0580575214719407 0.066481355611494 0.0697137793553659 0.0706568849159707 0.0704224407674873 -9999 -9999 -9999 -9999 -9999 -9999 -9999 -9999 -9999 -9999 -9999 -9999 -9999 -9999 -9999 -9999 -9999 -9999 -9999 -9999 -9999 -9999 -9999
0.272023558154851 0.26982441523698 0.268346641284712 0.262786238632749 0.245082111598812 0.234708030378029 0.229820780531188 0.205685256388149 0.181491936524838 0.166145380890386 0.148180854737388 0.127857050883441 0.10989996409741 0.0952577904028032 0.0954959155006323 0.0930749995366556 0.0877742555969062 0.0832497787595562 0.0793211464525665 0.0784330295815388 0.0735937673070382 0.0636047971795793 0.0588260162509512 0.0557923516151959 0.053136207128673 0.0500813257458561 0.0463981252778414 0.0456926796293121 0.046450648367365 0.0562452594235201 0.0641408000433009 0.06838767772411 0.0700607007333902 0.0704098178558231 -9999 -9999 -9999 -9999 -9999 -9999 -9999 -9999 -9999 -9999 -9999 -9999 -9999 -9999 -9999 -9999 -9999 -9999 -9999 -9999 -9999 -9999 -9999
0.276952198697986 0.275915523983504 0.273275975679976 0.267477338643082 0.252717377912453 0.243743561263185 0.239100904021241 0.221716210067638 0.201689207505528 0.177600807241398 0.158544901437268 0.144024207880764 0.121739025380329 0.101339390295556 0.0981109975102084 0.0945397775771839 0.0905972646901262 0.0851334478877984 0.0801977375667641 0.0822110782272263 0.0805693663723031 0.074163858018038 0.0712509864120926 0.0692799670693025 0.0645426536595962 0.0590551246108931 0.0523854255438732 0.0482830134904675 0.0455563147071858 0.0552013152370739 0.0635084525564977 0.069245168147513 0.0712632136437198 0.0713684979866964 -9999 -9999 -9999 -9999 -9999 -9999 -9999 -9999 -9999 -9999 -9999 -9999 -9999 -9999 -9999 -9999 -9999 -9999 -9999 -9999 -9999 -9999 -9999
0.28293962715234 0.282561167703465 0.277636346831457 0.270978427633296 0.260142979419051 0.252867801110126 0.248257626692604 0.238658041089533 0.223603443476481 0.190123087265393 0.170627683402159 0.163735319179518 0.136996551946762 0.110175448956081 0.101896048407115 0.0959464232037321 0.0925200204935443 0.0882912413471154 0.0847028808388346 0.0875340929592435 0.0880984558151351 0.085708330727177 0.0855282931045655 0.0854731018860636 0.0774276775638448 0.0687662189528713 0.0591340297564958 0.0516080220509668 0.0453524526171575 0.0549437166499779 0.0636732054368328 0.0707469750141985 0.0731496380422163 -9999 -9999 -9999 -9999 -9999 -9999 -9999 -9999 -9999 -9999 -9999 -9999 -9999 -9999 -9999 -9999 -9999 -9999 -9999 -9999 -9999 -9999 -9999 -9999
0.282036225043513 0.279095945865463 0.277292529637204 0.273106884714235 0.261691106735755 0.254454383462274 0.25034584915968 0.243459638479952 0.232523173560476 0.207469289443303 0.185243615857538 0.165566685274446 0.151427924865276 0.137134326571923 0.116747119435747 0.103008049237201 0.0964691276240822 0.0960621859417445 0.0966445667507231 0.0929496433164718 0.0893232572767375 0.085786199146438 0.0905768074681599 0.0964311859307594 0.0800363563773347 0.0675243710538204 0.0611308692646316 0.0575126014739981 0.0552556824898876 0.0613188943740236 0.0669027971140351 0.0715658085184857 -9999 -9999 -9999 -9999 -9999 -9999 -9999 -9999 -9999 -9999 -9999 -9999 -9999 -9999 -9999 -9999 -9999 -9999 -9999 -9999 -9999 -9999 -9999 -9999 -9999
0.280998819578544 0.278163951675518 0.277243926509695 0.27433567087792 0.26519847722427 0.258294932527757 0.253063363080622 0.248186757150554 0.240616106199326 0.222617681245622 0.200239197743662 0.173913467934477 0.166637217964389 0.159263278329893 0.133178312472233 0.11435599293065 0.103399355623013 0.103345247235226 0.105146797310566 0.100079151875411 0.0949024145567426 0.0895834928151148 0.0964784990769008 0.105204547214317 0.0848853946929192 0.0704953739781811 0.0654483227939837 0.0638514224738259 0.0637522196158148 0.0661738738744473 0.067766560391024 -9999 -9999 -9999 -9999 -9999 -9999 -9999 -9999 -9999 -9999 -9999 -9999 -9999 -9999 -9999 -9999 -9999 -9999 -9999 -9999 -9999 -9999 -9999 -9999 -9999 -9999
0.27975472018285 0.281139343054702 0.277650677319716 0.274176756586917 0.271727888981687 0.265612120187384 0.256751529736818 0.252798995867415 0.247433742317458 0.234376052987228 0.215820371180611 0.192309976951666 0.18304641668191 0.173942294583054 0.152046770053692 0.13231538182215 0.114927823606386 0.109875771277746 0.108343828308673 0.109852361070017 0.107197962722792 0.099117826562354 0.103696176818255 0.110608075472417 0.0931900831135635 0.0799645029295975 0.0733452152833426 0.0708600408651325 0.0700789987481112 0.0686840184739281 -9999 -9999 -9999 -9999 -9999 -9999 -9999 -9999 -9999 -9999 -9999 -9999 -9999 -9999 -9999 -9999 -9999 -9999 -9999 -9999 -9999 -9999 -9999 -9999 -9999 -9999 -9999
0.277081031991166 0.281654881334605 0.277627668627054 0.274195798811053 0.274246252948595 0.268561282817002 0.258583119078585 0.256721365074727 0.253794709429187 0.242989029085365 0.226457690128434 0.204766469273114 0.193193366541011 0.182008973589517 0.163164666634228 0.145066003579291 0.127774897126258 0.119743457631512 0.114744695337153 0.114999049885721 0.114092616866661 0.111673276515113 0.111006051873241 0.110036115177178 0.0974117674445356 0.0883156731093259 0.0847793074263308 0.0825093921144674 0.0808318122381727 0.0817899221718149 -9999 -9999 -9999 -9999 -9999 -9999 -9999 -9999 -9999 -9999 -9999 -9999 -9999 -9999 -9999 -9999 -9999 -9999 -9999 -9999 -9999 -9999 -9999 -9999 -9999 -9999 -9999
0.273720857359473 0.28115358131323 0.27747201114747 0.274382949457451 0.275274169786418 0.269909863525336 0.259863046345533 0.260424836651015 0.25992612535043 0.250391199433848 0.235075377180561 0.214549893580033 0.200756753914812 0.187605913485968 0.1713423612903 0.155828288252782 0.141125925526135 0.130952379719299 0.122501980582088 0.118446772772692 0.118844269964593 0.12504518048872 0.118266682822959 0.107486410420838 0.100342585272074 0.0963982958068019 0.0974957502894664 0.0957421839442313 0.0928742414043618 -9999 -9999 -9999 -9999 -9999 -9999 -9999 -9999 -9999 -9999 -9999 -9999 -9999 -9999 -9999 -9999 -9999 -9999 -9999 -9999 -9999 -9999 -9999 -9999 -9999 -9999 -9999 -9999
0.266845471398987 0.280035200260708 0.278695518554376 0.27773873667589 0.28083419143421 0.276937768501196 0.267807646508519 0.266145151285865 0.264595647132187 0.259958861806478 0.243246745723969 0.215652513748903 0.206917232979974 0.200254845960097 0.186288125858505 0.170730213949949 0.153448989548656 0.141734307279262 0.132121553302245 0.127788877804154 0.125201155060101 0.124887708755638 0.122664016235856 0.119706447844298 0.115364849658065 0.110596990501669 0.105157440550374 0.0990728354885625 -9999 -9999 -9999 -9999 -9999 -9999 -9999 -9999 -9999 -9999 -9999 -9999 -9999 -9999 -9999 -9999 -9999 -9999 -9999 -9999 -9999 -9999 -9999 -9999 -9999 -9999 -9999 -9999 -9999
0.257897939060773 0.272099998705172 0.276521890719495 0.280157756683217 0.283453781949486 0.280720854082624 0.273475014557893 0.272229955798764 0.271261508291142 0.268519901934552 0.265258672022392 0.261529164771408 0.235647838439976 0.208509505664509 0.196041692081198 0.180455171041953 0.161490988367896 0.150699676204576 0.142328221681574 0.136638107777518 0.132307561409194 0.129749001363934 0.127928260454603 0.126449872979921 0.12628610893989 0.121828181082849 0.11060362313396 0.107306522995983 -9999 -9999 -9999 -9999 -9999 -9999 -9999 -9999 -9999 -9999 -9999 -9999 -9999 -9999 -9999 -9999 -9999 -9999 -9999 -9999 -9999 -9999 -9999 -9999 -9999 -9999 -9999 -9999 -9999
0.245057871119454 0.251359371435914 0.267966730180484 0.28081705558191 0.280549760332522 0.278408532913723 0.274864592594917 0.27899945606604 0.281677501286895 0.275189997982647 0.268622557030496 0.261983077409908 0.235647838439976 0.208509505664509 0.196041692081198 0.180455171041953 0.161490988367896 0.156252632166938 0.153637751702491 0.144561469900932 0.140821946555645 0.144038063695634 0.134821000233681 0.122905459117327 0.129503613048794 0.127484902823873 0.111887965315911 -9999 -9999 -9999 -9999 -9999 -9999 -9999 -9999 -9999 -9999 -9999 -9999 -9999 -9999 -9999 -9999 -9999 -9999 -9999 -9999 -9999 -9999 -9999 -9999 -9999 -9999 -9999 -9999 -9999 -9999
0.239398046807875 0.243481204107553 0.255498503588048 0.26739102389201 0.277318506583447 0.28152969276359 0.281462003225843 0.284325179785993 0.285871742645202 0.281023254127632 0.27569061515877 0.26992166670684 0.269372229277197 -9999 -9999 -9999 -9999 -9999 0.157421582081749 0.147212389811219 0.143670605086836 0.148818756442529 0.13712710474237 0.12171960428294 0.13058009366029 0.136000649774373 -9999 -9999 -9999 -9999 -9999 -9999 -9999 -9999 -9999 -9999 -9999 -9999 -9999 -9999 -9999 -9999 -9999 -9999 -9999 -9999 -9999 -9999 -9999 -9999 -9999 -9999 -9999 -9999 -9999 -9999 -9999
0.237348361788367 0.24207012542128 0.24106283490863 0.246883059050278 0.273922724492623 0.287382740879383 0.290677848835201 0.288924990192801 0.286937762844156 0.286435757332858 0.284621086544217 0.281623460525292 0.275417421192584 0.26972014766723 -9999 -9999 -9999 -9999 0.157421582081749 0.147212389811219 0.143670605086836 0.148818756442529 0.13712710474237 0.12171960428294 0.13058009366029 -9999 -9999 -9999 -9999 -9999 -9999 -9999 -9999 -9999 -9999 -9999 -9999 -9999 -9999 -9999 -9999 -9999 -9999 -9999 -9999 -9999 -9999 -9999 -9999 -9999 -9999 -9999 -9999 -9999 -9999 -9999 -9999
0.2342743742228 0.239029254252793 0.242622149872707 0.247417642728729 0.255981519733934 0.271557509967941 0.292382346367737 0.293667875427361 0.292864456467515 0.293309024259181 0.29133537142226 0.287182452636932 0.284151069692178 0.28130458310911 0.278342372300672 0.276802228004354 -9999 -9999 -9999 -9999 -9999 -9999 -9999 -9999 -9999 -9999 -9999 -9999 -9999 -9999 -9999 -9999 -9999 -9999 -9999 -9999 -9999 -9999 -9999 -9999 -9999 -9999 -9999 -9999 -9999 -9999 -9999 -9999 -9999 -9999 -9999 -9999 -9999 -9999 -9999 -9999 -9999
