layers/veg_krg/veg_2100.asc
NCOLS 255 
NROWS 330 
XLLCORNER -2985163.8955 
YLLCORNER -3022031.214 
CELLSIZE 25000 
NODATA_value -9999 
[rows 75 to 99 of 330, columns 0 to 55 of 255]
-9999 -9999 -9999 -9999 -9999 -9999 -9999 -9999 -9999 -9999 -9999 -9999 -9999 -9999 -9999 -9999 -9999 -9999 -9999 -9999 -9999 -9999 -9999 -9999 -9999 -9999 0.657113764981966 0.670762190843978 0.678921440764266 0.678792980307503 0.667352553473564 0.645430922778905 0.455410936862736 0.331762096893092 0.330020775637458 0.335841841937155 0.345378530236715 0.46395901033332 0.558541768206182 0.595999704657637 0.608102097981826 0.60496677904032 0.596114434161421 0.586763623667498 0.576985525936749 0.606710528247039 0.665193479777196 0.693415609528078 0.715443530451398 0.727564883127415 0.738798849349252 0.749254649682892 0.762729164756218 0.777103846547799 0.793304130859565 0.802182512114537
-9999 -9999 -9999 -9999 -9999 -9999 -9999 -9999 -9999 -9999 -9999 -9999 -9999 -9999 -9999 -9999 -9999 -9999 -9999 -9999 -9999 -9999 -9999 -9999 -9999 -9999 0.664055554768419 0.682134280747974 0.691560515730709 0.687922979359969 0.679647715019687 0.665763219743645 0.5462282151783 0.448756946669851 0.39181135054356 0.368329015528759 0.361288158587293 0.4911098089815 0.590424834539976 0.617167022348585 0.629514016320002 0.633210049016441 0.624384366952429 0.615197289101653 0.607145768804204 0.633911422568951 0.686023707930197 0.705048631248039 0.719708212544558 0.732338328385796 0.744130596038628 0.75518813884116 0.767667911388165 0.780772874204365 0.795727837635347 0.806431685753247
-9999 -9999 -9999 -9999 -9999 -9999 -9999 -9999 -9999 -9999 -9999 -9999 -9999 -9999 -9999 -9999 -9999 -9999 -9999 -9999 -9999 -9999 -9999 -9999 -9999 -9999 0.678170288271092 0.69262597110746 0.699443018536257 0.694727041954542 0.6892948599394 0.681292125764779 0.609260716760124 0.528983074320148 0.43355912330737 0.393461371266641 0.380546997565793 0.520012997455181 0.623857272843446 0.643154584846932 0.653059522597971 0.657320002423887 0.648501994019531 0.639574446258722 0.632592821799256 0.656048230522712 0.701661562390642 0.712126034532958 0.719869122250139 0.732461628085292 0.744370692684523 0.755680434797056 0.768102791026793 0.780950428720753 0.794931227890003 0.806902389558368
-9999 -9999 -9999 -9999 -9999 -9999 -9999 -9999 -9999 -9999 -9999 -9999 -9999 -9999 -9999 -9999 -9999 -9999 -9999 -9999 -9999 -9999 -9999 -9999 -9999 -9999 0.707801091740303 0.701185497100673 0.696988751150336 0.696444050169152 0.693154223138544 0.686345954449746 0.611451209553438 0.528701937971129 0.431525827055131 0.402570325638683 0.4071336032647 0.552598428802614 0.660459934943183 0.679593047749113 0.681248857023032 0.67240147490151 0.66353193192745 0.655053886626282 0.647690005210908 0.667094252254589 0.705985488373474 0.709334490280359 0.711190637206931 0.722553760476869 0.73361453997635 0.744410188531394 0.758809088698699 0.77359864150157 0.787201076976349 0.799184432248472
-9999 -9999 -9999 -9999 -9999 -9999 -9999 -9999 -9999 -9999 -9999 -9999 -9999 -9999 -9999 -9999 -9999 -9999 -9999 -9999 -9999 -9999 -9999 -9999 -9999 -9999 0.718877074315398 0.707078011773799 0.699357888579936 0.697796261364062 0.694664489475167 0.686646962932807 0.559246677667561 0.462306713299423 0.421314888545912 0.435133321843417 0.475881636629075 0.591158401914097 0.675638784603137 0.688520986482964 0.686467838605401 0.675439116390965 0.665528607355915 0.656394758346549 0.649270682910342 0.667422120879662 0.703973935788183 0.70888589399363 0.711714602167665 0.720248470286831 0.730340155345902 0.741797919408069 0.756076979772244 0.77052779449242 0.783388877241549 0.794939329563693
-9999 -9999 -9999 -9999 -9999 -9999 -9999 -9999 -9999 -9999 -9999 -9999 -9999 -9999 -9999 -9999 -9999 -9999 -9999 -9999 -9999 -9999 -9999 -9999 -9999 -9999 0.719200587689092 0.711425000502877 0.704522176230642 0.698937073659384 0.694813460447663 0.684193724790023 0.475520374113279 0.357598550845931 0.406365028167814 0.481287872711681 0.569062104833272 0.633180606036973 0.678402592115829 0.681506649863016 0.678375562003398 0.671497389957324 0.659972541952021 0.649542367259298 0.643018581613388 0.661538848376803 0.698290990276569 0.709795029801824 0.717571362352317 0.722348853426057 0.731401435354138 0.74420292493809 0.757147296714833 0.769937740912864 0.781847119761279 0.79270673686813
-9999 -9999 -9999 -9999 -9999 -9999 -9999 -9999 -9999 -9999 -9999 -9999 -9999 -9999 -9999 -9999 -9999 -9999 -9999 -9999 -9999 -9999 -9999 -9999 -9999 -9999 -9999 -9999 -9999 -9999 0.609653246168661 0.599477737312986 0.473249277462044 0.400385658138645 0.425540164048812 0.480965283286033 0.551263239442076 0.605040858311356 0.645474138609913 0.656159751800992 0.663408697715514 0.668592337955052 0.661328462567554 0.653692132151591 0.64714719130302 0.665219011496294 0.701211642037705 0.712987931483352 0.721438208294835 0.727923943719505 0.736478895581908 0.746848382295001 0.758483513202099 0.770044103875999 0.780145306951269 0.789625460872102
-9999 -9999 -9999 -9999 -9999 -9999 -9999 -9999 -9999 -9999 -9999 -9999 -9999 -9999 -9999 -9999 -9999 -9999 -9999 -9999 -9999 -9999 -9999 -9999 -9999 -9999 -9999 -9999 -9999 -9999 0.597018809251284 0.529625111512326 0.473774229880229 0.438222160881609 0.439954032753645 0.481714558440885 0.543142331495769 0.586522995950477 0.621226917625695 0.636779366049543 0.651508009361467 0.665741577289065 0.662703479690459 0.658164759508624 0.652350163192705 0.668834580933122 0.701552507264484 0.713666520084476 0.723036993848103 0.73105160523459 0.739436649572813 0.748146533540431 0.75863327999856 0.769105231606969 0.777970640869189 0.786408834068128
-9999 -9999 -9999 -9999 -9999 -9999 -9999 -9999 -9999 -9999 -9999 -9999 -9999 -9999 -9999 -9999 -9999 -9999 -9999 -9999 -9999 -9999 -9999 -9999 -9999 -9999 -9999 -9999 -9999 0.645599168252891 0.589124800970475 0.511602703278301 0.470529743255326 0.442044714242711 0.43668062752108 0.491856630493034 0.5767777486807 0.603916110632403 0.62552890593763 0.636156000739571 0.64889133233615 0.662893633664097 0.663166280885319 0.661979458059918 0.659022326650684 0.67094088472905 0.693688828917631 0.707199809904283 0.718755178244414 0.727049460196605 0.7360788932276 0.74575299408004 0.755524557798359 0.765231242939043 0.774534426096246 0.782943080182165
-9999 -9999 -9999 -9999 -9999 -9999 -9999 -9999 -9999 -9999 -9999 -9999 -9999 -9999 -9999 -9999 -9999 -9999 -9999 -9999 -9999 -9999 -9999 -9999 -9999 -9999 -9999 -9999 0.631453514718106 0.630219895269331 0.585421635103824 0.523848302257283 0.475309893992322 0.446616744949235 0.454374470385916 0.507037751395455 0.581764444122762 0.605140952757127 0.62488039745655 0.637736988256885 0.644777367315161 0.648322425426965 0.657397841872149 0.664194162156697 0.663572437912618 0.673831579554432 0.692011906832047 0.705387345766228 0.717047522977052 0.72445925560438 0.732849042074474 0.742096502372779 0.751047857401351 0.75993420798656 0.768756148261755 0.776797628533241
-9999 -9999 -9999 -9999 -9999 -9999 -9999 -9999 -9999 -9999 -9999 -9999 -9999 -9999 -9999 -9999 -9999 -9999 -9999 -9999 -9999 -9999 -9999 -9999 -9999 -9999 -9999 0.631945030293017 0.625108134796503 0.607948704486962 0.584664685743381 0.557372702405133 0.48573146874757 0.451715667938478 0.486808560277363 0.525761388916514 0.566610717058025 0.594999289826939 0.620751625600203 0.640867664367432 0.63961078943703 0.625509610301849 0.647248760271939 0.665284049425286 0.666630718991222 0.677273711434686 0.694684354542674 0.706846876887875 0.71714953577234 0.722861663436097 0.729709109928296 0.73755213887542 0.74560945061091 0.753636753061594 0.761331369755417 0.768768314643586
-9999 -9999 -9999 -9999 -9999 -9999 -9999 -9999 -9999 -9999 -9999 -9999 -9999 -9999 -9999 -9999 -9999 -9999 -9999 -9999 -9999 -9999 -9999 -9999 -9999 -9999 0.622010251550042 0.613592048130838 0.609548913214298 0.612111378303074 0.577450594749812 0.527753231462116 0.469503277246004 0.433268171184082 0.437468942415967 0.477747550304378 0.535752253636545 0.589538686121884 0.628597206011804 0.634457270081085 0.635880885089015 0.634638363783519 0.651083096186337 0.664705797163152 0.667273037979726 0.679167040934644 0.697850854098928 0.70768217523321 0.715798295327864 0.721370471307165 0.728887675919237 0.738110512757786 0.745632988613549 0.752673988674288 0.758812518892071 0.764808352714158
-9999 -9999 -9999 -9999 -9999 -9999 -9999 -9999 -9999 -9999 -9999 -9999 -9999 -9999 -9999 -9999 -9999 -9999 -9999 -9999 -9999 -9999 -9999 -9999 -9999 -9999 0.619084834310439 0.602184920581839 0.599400259608438 0.617927199497518 0.571200692825389 0.49968160140981 0.457037811374843 0.422043971438086 0.401101213812158 0.440371152740158 0.509225349067022 0.584802825334392 0.635771268572442 0.630907927636053 0.635935754011632 0.646907793875959 0.657874489913571 0.666809172788292 0.669981714306194 0.680956516241037 0.697611303003334 0.707321317955003 0.715451267420679 0.720728112525937 0.728273263564792 0.737807534781451 0.744537052405812 0.750553944101982 0.755483753570768 0.76032733691866
-9999 -9999 -9999 -9999 -9999 -9999 -9999 -9999 -9999 -9999 -9999 -9999 -9999 -9999 -9999 -9999 -9999 -9999 -9999 -9999 -9999 -9999 -9999 -9999 -9999 -9999 0.610283717340894 0.608903640310135 0.611433095548591 0.619865271250185 0.570657755964896 0.499997947696279 0.467372198259988 0.444529481475758 0.439655796551727 0.464317295444788 0.503490293247137 0.58088330838377 0.636246802216493 0.640788746056712 0.648635625385571 0.658468644620004 0.669860383080869 0.678850422920328 0.680759976635337 0.682948862084866 0.685341098861974 0.703026075790824 0.719127600405785 0.723000340251348 0.727534540193715 0.732648786948056 0.737556405912277 0.742464008108203 0.747549880076343 0.752551000634617
-9999 -9999 -9999 -9999 -9999 -9999 -9999 -9999 -9999 -9999 -9999 -9999 -9999 -9999 -9999 -9999 -9999 -9999 -9999 -9999 -9999 -9999 -9999 -9999 -9999 -9999 0.62674483121815 0.623046267850198 0.621462330080598 0.623071112803306 0.573975781475272 0.505517295919342 0.456738751703828 0.431388131063363 0.449068860732214 0.478306473245376 0.513222320024104 0.587172601167271 0.638077483357828 0.635842002695071 0.644471248871441 0.659629780600445 0.67206563442858 0.68060520885954 0.678564186370254 0.675857245370771 0.672665520881363 0.693203091960406 0.712294583582352 0.71610728793192 0.719449810051872 0.722380020522709 0.727632762011841 0.733436883325819 0.739950558634165 0.745573207062909
-9999 -9999 -9999 -9999 -9999 -9999 -9999 -9999 -9999 -9999 -9999 -9999 -9999 -9999 -9999 -9999 -9999 -9999 -9999 -9999 -9999 -9999 -9999 -9999 -9999 -9999 0.664615307649426 0.643480546150387 0.629793542406218 0.627351370288161 0.580565914809641 0.515446110412638 0.428335380122459 0.388053549631009 0.433784924082108 0.483857272311283 0.536062467812915 0.602113707409699 0.641056631721219 0.618329122640493 0.626014674671919 0.651977313966666 0.665981938216736 0.673642370348297 0.665373080708474 0.661067106344488 0.659646394639039 0.678695429799116 0.696555050084976 0.701446797947188 0.705139449116241 0.707780589820073 0.715214971855599 0.723615505071581 0.732634765049173 0.739272166488469
-9999 -9999 -9999 -9999 -9999 -9999 -9999 -9999 -9999 -9999 -9999 -9999 -9999 -9999 -9999 -9999 -9999 -9999 -9999 -9999 -9999 -9999 -9999 -9999 -9999 -9999 0.671233440837833 0.661080331850986 0.652753175514014 0.647182893229731 0.619211032720243 0.580355248322976 0.484990421332656 0.425191141740813 0.430717050877023 0.491999594520529 0.580677002060903 0.592778856510717 0.594794013478465 0.575999395099396 0.586966509278807 0.615819287156229 0.635295807226439 0.646864601597377 0.637623819900396 0.643110815563767 0.659319518460507 0.669696482457577 0.677839613007318 0.680270587430657 0.681844613994506 0.6826671668469 0.687285843825812 0.695042008723993 0.714966355690235 0.728027862871315
-9999 -9999 -9999 -9999 -9999 -9999 -9999 -9999 -9999 -9999 -9999 -9999 -9999 -9999 -9999 -9999 -9999 -9999 -9999 -9999 -9999 -9999 -9999 -9999 -9999 -9999 0.672478871577537 0.675318791154978 0.674169800102954 0.666998240933619 0.657683113986481 0.644597116639815 0.549693037604279 0.475679505258205 0.440036784130961 0.504762000772637 0.618800918269573 0.580749778190034 0.549098691140198 0.535899020783428 0.548575680478818 0.576803025475956 0.603780947170414 0.62154209280386 0.613378796737305 0.627408576506086 0.657594742665864 0.660301230137871 0.660205403307111 0.661433912141552 0.661416492351238 0.660306494293195 0.661547436527319 0.667384639035558 0.693818507736102 0.710411342957324
-9999 -9999 -9999 -9999 -9999 -9999 -9999 -9999 -9999 -9999 -9999 -9999 -9999 -9999 -9999 -9999 -9999 -9999 -9999 -9999 -9999 -9999 -9999 -9999 -9999 -9999 0.672538239679704 0.676116509246319 0.677316592395086 0.674926023602103 0.671003926805238 0.663981114207318 0.587120576299801 0.526978892393685 0.497545643274799 0.536989301855589 0.610274197963418 0.574661386447044 0.543438516022446 0.524991539612042 0.528875438075983 0.546179338796178 0.587109135484634 0.618021935903449 0.616448718808545 0.624568243451467 0.639744008602298 0.644883106273724 0.649847651992215 0.658400001744468 0.661112038916953 0.658702596034638 0.657754363590454 0.658221190007821 0.664392637328865 0.666987828488109
-9999 -9999 -9999 -9999 -9999 -9999 -9999 -9999 -9999 -9999 -9999 -9999 -9999 -9999 -9999 -9999 -9999 -9999 -9999 -9999 -9999 -9999 -9999 -9999 -9999 -9999 0.679456766650109 0.679316946648363 0.678994512871681 0.678396363742896 0.672575382657821 0.663100265965816 0.609190775181124 0.559800247353387 0.518709946279106 0.535681694717688 0.581181024815989 0.566354415260793 0.546471202770311 0.516729403471564 0.517402557835701 0.53635393681381 0.580892558811403 0.614814803645584 0.614212690692422 0.619784816491767 0.629851740024239 0.638152308065088 0.646541297021025 0.655997322409446 0.658323369808729 0.654397005275638 0.652991806543839 0.651417361962192 0.646833611930453 0.641683938980177
-9999 -9999 -9999 -9999 -9999 -9999 -9999 -9999 -9999 -9999 -9999 -9999 -9999 -9999 -9999 -9999 -9999 -9999 -9999 -9999 -9999 -9999 -9999 -9999 -9999 -9999 0.679489294174182 0.679754012909071 0.679176032859256 0.677325722766306 0.662177282471631 0.641574780896418 0.615615816626024 0.573797266457862 0.502848546288019 0.500210689160606 0.531135955278733 0.55578728540807 0.558359667543932 0.511162189757946 0.514311231814894 0.547716607924523 0.585327162602051 0.611926562541615 0.606571271601334 0.613021879380796 0.628067089495887 0.640271647915927 0.6504184912373 0.654237704272796 0.653003927415871 0.64733908859134 0.647241595924881 0.647017377433865 0.641363832500609 0.634839261069953
-9999 -9999 -9999 -9999 -9999 -9999 -9999 -9999 -9999 -9999 -9999 -9999 -9999 -9999 -9999 -9999 -9999 -9999 -9999 -9999 -9999 -9999 -9999 -9999 -9999 -9999 -9999 0.680040235656065 0.67659520536794 0.6679487726159 0.658634486020079 0.64895841707895 0.636553369027446 0.61258137105394 0.567363722670589 0.533934319717399 0.506296826229259 0.50293375374357 0.498046599045667 0.489077815752142 0.497625657317361 0.516700320892424 0.582334068709886 0.631915346457156 0.627936245236298 0.631842553298951 0.641489377916443 0.640897462505034 0.640004570167313 0.642322313250074 0.640951877350287 0.636347207864597 0.638431737072282 0.639902731314562 0.632579660308177 0.626377133754546
-9999 -9999 -9999 -9999 -9999 -9999 -9999 -9999 -9999 -9999 -9999 -9999 -9999 -9999 -9999 -9999 -9999 -9999 -9999 -9999 -9999 -9999 -9999 -9999 -9999 -9999 -9999 -9999 -9999 0.653710202379918 0.6569233796385 0.661153296986259 0.658247942728067 0.652359625595058 0.6409923371817 0.581800303593918 0.499110575130305 0.455253802209432 0.435307808240912 0.46842317019742 0.482864487716733 0.486083418299094 0.577111228301886 0.64895187547125 0.651224400042052 0.653769207107415 0.656512233708559 0.640491250460012 0.626548154674196 0.628103276104127 0.627552357198298 0.625154611872327 0.629531541670455 0.632670764336727 0.62386954510661 0.618218930341351
-9999 -9999 -9999 -9999 -9999 -9999 -9999 -9999 -9999 -9999 -9999 -9999 -9999 -9999 -9999 -9999 -9999 -9999 -9999 -9999 -9999 -9999 -9999 -9999 -9999 -9999 -9999 -9999 -9999 -9999 0.6569233796385 0.661309682014562 0.662938773952532 0.661120683718771 0.652970965198084 0.61821224928812 0.570379755372133 0.505894050908577 0.466025269696321 0.482265775326819 0.501437767680765 0.522371471506574 0.56841428271964 0.611783480614384 0.643237568841195 0.657429165904111 0.659053803822455 0.635528581106944 0.614653648331512 0.614058650088322 0.615456177550369 0.618600988315947 0.624674031544317 0.628779974915478 0.620674998345163 0.614522313387847
-9999 -9999 -9999 -9999 -9999 -9999 -9999 -9999 -9999 -9999 -9999 -9999 -9999 -9999 -9999 -9999 -9999 -9999 -9999 -9999 -9999 -9999 -9999 -9999 -9999 -9999 -9999 -9999 -9999 -9999 -9999 -9999 0.668192605453547 0.665845305925053 0.659186592797828 0.637908911074959 0.60944850287426 0.536690109281189 0.486632370596408 0.489072955772309 0.511530680041298 0.546017939798915 0.557091504832585 0.577272035693758 0.627321001318067 0.65005440988971 0.652902305632821 0.631236488024823 0.610899701390731 0.605744018579821 0.60596234409581 0.610893238688306 0.617770682882 0.622635125508989 0.615910035852578 0.609811908942446
