layers/veg_krg/veg_4500.asc
NCOLS 255 
NROWS 330 
XLLCORNER -2985163.8955 
YLLCORNER -3022031.214 
CELLSIZE 25000 
NODATA_value -9999 
[rows 125 to 149 of 330, columns 56 to 111 of 255]
0.0644466234868988 0.0785843766254196 0.0993588013918276 0.128759619690909 0.146693482629003 0.150089283582558 0.183162976855319 0.222123149093238 0.218676682171444 0.206700765338254 0.181662581830285 0.162703569795007 0.146777594052561 0.14913862312707 0.150030863432711 0.148184717578835 0.146891245357989 0.145873518703639 0.261227274812869 0.351927678083873 0.381944135706146 0.488344624352095 0.641318340477841 0.680664286183323 0.710301368211352 0.733126393307574 0.760332567363859 0.790772928837543 0.790852017823875 0.784099680877608 0.765384212460947 0.736925370201322 0.699804918512619 0.653810543768195 0.60675855595096 0.562431649551615 0.52106469346396 0.482860096209565 0.454256269069887 0.429266735342525 0.413385994246327 0.398080664837929 0.383514996034558 0.371272201630896 0.359956072721114 0.35084550663365 0.342720985389965 0.336128196040427 0.328761471969349 0.321052863485428 0.312457595262974 0.302086437888305 0.288354309845704 0.27384613244666 0.25894480141572 0.263858049617325
0.0760878217314931 0.068987691640657 0.0696427040549741 0.0966880431756742 0.12162790827517 0.143898406409896 0.16049073410729 0.17612114689185 0.201834674522097 0.199121387831287 0.15287438756769 0.136258215673557 0.131762643284832 0.133406963172064 0.132829654737614 0.128110378188595 0.107865178428195 0.0798736266882412 0.178896046854536 0.248139596582216 0.244551624010486 0.338440902885461 0.491764465928099 0.564614808573292 0.623141920479308 0.655345663442966 0.702009624329905 0.759348194842452 0.773120928057587 0.77720022084917 0.764520420010661 0.744338359832398 0.717486983533873 0.673847573886422 0.627739451130051 0.584426571216724 0.543668390108225 0.505639604253379 0.475322229723181 0.448000678572631 0.428678958044849 0.410158971824503 0.392669571696659 0.377515182851017 0.363236347802185 0.350470376489617 0.339107949507271 0.329925802285029 0.320530572524496 0.311071285879587 0.302423923307252 0.291940740369848 0.277983163554373 0.265544666066253 0.253875747922189 0.253565226495469
0.0992930802540987 0.0766590152856311 0.0640977894656218 0.0777404924277378 0.105593284677911 0.151461945340585 0.122965435659189 0.0807646146517869 0.15735756734022 0.167475191370627 0.0757904155692762 0.0657070429550819 0.0877307931955464 0.0870120190241929 0.08889584680131 0.0956319237959396 0.0764348741631603 0.0442990044646619 0.0867891600818902 0.115167981089248 0.108534588906843 0.153153870416243 0.22902317105669 0.384235541185983 0.513423833561472 0.55267050863253 0.613924035574433 0.691423137379466 0.727660718844743 0.751206369599726 0.745778178667963 0.738045673282898 0.728264691454461 0.68974355863983 0.646297930792263 0.604115598556639 0.563972261241292 0.526007350223051 0.493966419385101 0.464462296173341 0.442837703547539 0.421690060054444 0.401155508876894 0.383506669044237 0.366851431443026 0.350952684999433 0.336545762913815 0.324456255663827 0.313000403215338 0.301842355389767 0.292038453430716 0.280961959300716 0.26747701250718 0.258751456911447 0.252437051997675 0.245219853802503
0.213763439828946 0.143048535743852 0.0737418498668435 0.0774113073676568 0.0894901429276916 0.11223057571451 0.0865348996747053 0.0520359530699187 0.0963817356417341 0.102126681354871 0.0487570968045576 0.0543916515850681 0.0822271484112662 0.0619838469580675 0.0532548660069225 0.0659929990257451 0.0631439146182962 0.0525178966963744 0.0905229434972639 0.114899084240125 0.106271037994411 0.118091854454213 0.142380846810519 0.215394590842881 0.288633328801826 0.353424023808856 0.460287245768465 0.598208630444876 0.654296432678788 0.693999151278166 0.709023723099648 0.713584839713565 0.708844213035344 0.685661967637057 0.656564740466963 0.614380328171536 0.57460970236874 0.537417923584568 0.504333153980203 0.473520804711689 0.451955312455822 0.43051207196549 0.409225979508087 0.389538488393366 0.3703455328595 0.350868207832275 0.333505547000697 0.319427826620166 0.305837822820492 0.292539820381457 0.282488907161631 0.271632654616782 0.259252251847941 0.250586822723003 0.24380343288895 0.235338800057616
0.338416103553196 0.219803839158585 0.0931519499765363 0.0855468601766263 0.078061254478277 0.0707271333911408 0.0546350284228667 0.037458443232928 0.0406184830911705 0.0389633163678248 0.0299339915081104 0.0477726303464993 0.074493135870744 0.0410635603990368 0.0258515721523793 0.0446041605516656 0.0567394210626612 0.06557309684411 0.105529018935008 0.131258780934233 0.123217486359275 0.112331092955924 0.0997099726317555 0.0789344426714199 0.0830220875048566 0.160408139531252 0.307201489835002 0.505231676140098 0.586309928998111 0.645557100728818 0.675451763505234 0.686709457518914 0.681399364340348 0.67287297315577 0.658013747204394 0.614130491212323 0.575304086926569 0.541880334029526 0.50993207054555 0.479645128233306 0.458904400223698 0.437807860396156 0.416253943719814 0.394841738744095 0.373359898602374 0.350424675822719 0.330192025683347 0.31415757883613 0.298763419767112 0.283759733064965 0.273269121823385 0.262543620724703 0.251373577285677 0.2423256491188 0.234352803766718 0.225808666530246
0.438453751965797 0.298839860693353 0.146800049244573 0.118997863458748 0.0888871405846252 0.0558496028562771 0.0433778170129145 0.036815424997995 0.0228042377743111 0.0131262951502165 0.0100844189917057 0.0160940521620527 0.0253592428482914 0.0225685967544365 0.0309416094323624 0.0601279679897 0.0685375257765462 0.0665809101908938 0.0974382897500045 0.120486313729522 0.124451762455111 0.125615217553314 0.125070228034806 0.0870383230209359 0.06051244341876 0.0742018632511176 0.209147184504892 0.433604255812645 0.566176706030785 0.663702532392912 0.671397272957172 0.662893516884362 0.639989712792268 0.634702824004241 0.624213283563251 0.571478184837333 0.536503950157549 0.520505110125716 0.499505226180947 0.477753260463999 0.459585135854832 0.440021135597458 0.418662812686602 0.396652459431226 0.374192535265201 0.348729040428766 0.325962691931777 0.307386117457102 0.291813885900316 0.277519822532982 0.264947109680111 0.253276821775389 0.243314424127753 0.234702552866167 0.226774870502149 0.219173121835475
0.499217932443834 0.374460547178869 0.233664173184493 0.17152104421475 0.116402733708443 0.070190644865732 0.0509886934843794 0.0392967773276352 0.0148122939013296 0.0068330766705361 0.0241305409167025 0.0167597215014715 0.000280992004352717 0.00931960609390018 0.024900473513946 0.0526786128304235 0.0595778277128096 0.0560599166427495 0.0829824514087903 0.106761718401496 0.122264061412931 0.132620402519152 0.139839099354299 0.0938895861819987 0.052900080967278 0.036156513954156 0.159891374253373 0.387328155252155 0.542073226758817 0.656100164594852 0.650583305739169 0.63499694555738 0.610459056979162 0.585404399127793 0.557592081376796 0.516338395035714 0.494818829351662 0.494382850959578 0.487927577834311 0.478943137177632 0.462309341641409 0.44365172722445 0.422392603089265 0.399604041344372 0.37602179559255 0.348677284015967 0.323542112566445 0.301838952104034 0.284312971444622 0.268606720814623 0.256789438676852 0.245829801612796 0.236493306360639 0.228526533813384 0.22125367519267 0.214291942941772
0.519424623998861 0.446554236413744 0.35483029854025 0.243739955124335 0.161153693177221 0.114705542015425 0.0780845379378914 0.0450046495249679 0.0169637853540056 0.0207226330957271 0.0731805553967277 0.0508271129108104 4.48672190679008e-05 0.00148810215865318 0.0073642377880368 0.0215050021732792 0.0291816637474086 0.0336331892104567 0.0619534007266928 0.0899884770038097 0.116542503872489 0.133141361926421 0.143670308042014 0.0994472786344574 0.0606720572730842 0.0478466824346505 0.161029494757014 0.367232219691237 0.513869686184259 0.621908189451241 0.612461921449442 0.6028863299198 0.593195773091052 0.524613866648383 0.457077087528898 0.448302851500414 0.45015440179565 0.463358355240513 0.475161500703345 0.483315514044769 0.46714382753699 0.448745973533814 0.427486501611764 0.403733784213762 0.378880263559562 0.350323152159266 0.322989423658523 0.297556110354732 0.276242649363304 0.256933029628813 0.248801481842376 0.24026205674384 0.230950700761912 0.223844903226663 0.217856461574089 0.211222487720199
0.503341884904276 0.460013868208048 0.406886464836522 0.326970207543306 0.250825812924407 0.179463470003635 0.127803704601723 0.0874111211193695 0.107073507888781 0.103138775542065 0.0630666760903917 0.0297063430227234 0.000910717829153859 0.030205597664451 0.0444113628265881 0.0304852252562227 0.0216546396174763 0.0153663787252208 0.0347970735886519 0.0562088396182589 0.0812837079909396 0.107957631586439 0.135606538586807 0.113009946738637 0.0918974400060697 0.0844507483478281 0.153086426241115 0.277886513181532 0.387522318418339 0.478213507695586 0.504973597423737 0.53376172542504 0.56435272743204 0.520586620513278 0.468696658687175 0.443364620587815 0.445590516533319 0.477258824335881 0.488736618302907 0.492388095080139 0.475223112712886 0.455554454652486 0.432667456893306 0.408281473902025 0.383172935166225 0.355073358070564 0.327679966014181 0.301383568840592 0.27671885372244 0.253110774588501 0.243165888223282 0.234083073021275 0.226631776255882 0.221047279140215 0.216408519632879 0.209678082346059
0.475492381620828 0.459756314091587 0.438497383656235 0.405048007453852 0.345710192199039 0.253550436003602 0.192585082789147 0.150736026673353 0.219280326026966 0.204975924918229 0.0637944297014121 0.0204907029689185 0.0182591233102881 0.0685631524921015 0.0879711291314157 0.0497770022828485 0.0226830569453599 0.0011273273938873 0.0110663040936204 0.0243013096480401 0.0440216180069889 0.0790810692423837 0.123493174179812 0.124764689831405 0.123107720808674 0.121051626638177 0.1422671660287 0.180661948839485 0.243619834806155 0.308362423005456 0.368820762305292 0.441434656173989 0.524854526264708 0.520165533796617 0.495792471976965 0.452153561067023 0.450933499048781 0.495032988835057 0.503248216250238 0.500563251830168 0.483050257723225 0.462464650141897 0.437929364113526 0.412937242689817 0.387636790014957 0.360315675727383 0.333446144631817 0.30727810737035 0.279741738446791 0.25207547767992 0.239507009061116 0.2287878535568 0.221568627722002 0.216869510661359 0.213447103527865 0.207261570254941
-9999 0.459756314091587 0.441276210823818 0.430432821291628 0.404316448261389 0.358836645812138 0.323814976334295 0.297908652107234 0.341452215019789 0.32960051508053 0.232914775032392 0.180558818800203 0.146121540480553 0.11418208836093 0.0886707257573381 0.0751437898704776 0.0454447315326392 0.00767691289912466 0.0204607629073937 0.0323218178046256 0.0403132440313278 0.0661252236968746 0.102802834280302 0.111412594878068 0.116737274713475 0.117819113394953 0.126367499735242 0.140427731189598 0.136967365653726 0.135322747881772 0.148258967573908 0.2502056182164 0.43128025885823 0.453602611334144 0.449120727102276 0.453620814931896 0.459680031933392 0.467404995109545 0.482046420589211 0.495114595961197 0.483974794402351 0.467328400827449 0.443603581025556 0.417661351808732 0.390974885798724 0.363949491556382 0.338160751607887 0.314293042772597 0.286454857720213 0.257477859765115 0.245553994254707 0.230489351319679 0.209480609460751 0.200279965384537 0.197061410579445 0.19646750591767
-9999 -9999 -9999 0.44543388442366 0.436781990049477 0.417161030850689 0.402383330753225 0.391269090284801 0.405630265100888 0.392671888313467 0.337875494750344 0.303168784492848 0.274609712304424 0.185694435708877 0.123139908177632 0.10973193726657 0.0666076988463033 0.0086571171219473 0.0389571097929651 0.0551433437037723 0.0358404414578771 0.0477453145778296 0.0786783379770142 0.088442568842237 0.0974121381673229 0.10804014802081 0.114288344315619 0.117303338993423 0.0841304631019758 0.0519410046531525 0.0395434455258351 0.144198287710283 0.35290971226946 0.387743293741443 0.392229328732414 0.401561866172295 0.408382104391725 0.41251824632744 0.449589757047833 0.488926474876077 0.48486155230158 0.471774756778402 0.447090831504136 0.42082700585315 0.394102587771657 0.368013604291225 0.343554259563457 0.321626411926453 0.293884155631672 0.264261555639172 0.252143956901846 0.236162751077363 0.212869450308135 0.199744523653444 0.191770987410202 0.192627650974901
-9999 -9999 -9999 -9999 0.436781990049477 0.417161030850689 0.415548522076087 0.417797314325115 0.397782685702766 0.379297051414377 0.363152966926023 0.379257483556303 0.403875042075955 0.289365186365611 0.199549333212224 0.155772581295451 0.085785146665208 0.00272041085560038 0.0687575750145991 0.096347039844551 0.0304182543984032 0.0226289727523053 0.050288780395603 0.0535275232404668 0.0619978833295079 0.0901307959636469 0.106954084315649 0.115428547991246 0.0981299716747747 0.0799102101412898 0.0697357513796587 0.144032323109078 0.29342147426503 0.322757820415668 0.32264559976568 0.283025882782713 0.282511771572218 0.323777401513523 0.403155075168653 0.48181997265478 0.485701390727048 0.475702728034275 0.447861972185968 0.4220571317473 0.396968990493699 0.372612125613048 0.349790930712225 0.329355260873292 0.302202913840848 0.272760778490199 0.259408272094334 0.246769066930515 0.235479824693891 0.21914752599338 0.200260369218232 0.197424598122982
-9999 -9999 -9999 -9999 -9999 -9999 -9999 0.424056200043153 0.395931182091312 0.404228001073801 0.468302361605128 0.474527212079708 0.455689363172348 0.381257495789149 0.31071222045725 0.247413044841365 0.168044462040996 0.0806583666934505 0.139738048282684 0.149553914613641 0.0410852859023987 0.00911546377935578 0.0237888506283673 0.0318801999785354 0.0463693777926706 0.0805569817706827 0.101360168640093 0.112282907755628 0.102294793168536 0.0894298700897804 0.0751471120676612 0.124930746929692 0.231667761764213 0.276474542911199 0.289783781928853 0.200457443087796 0.160067780570661 0.171961202006727 0.268856392497249 0.380108087133619 0.442037263941482 0.467404820098826 0.445774390249716 0.421873303141857 0.39735437933799 0.37430417505424 0.351409844540544 0.32875764989578 0.304020139137828 0.278782402282631 0.265938499044042 0.254003314842094 0.24378793281571 0.230390718288188 0.215381558600843 0.210269986629014
-9999 -9999 -9999 -9999 -9999 -9999 -9999 -9999 -9999 -9999 0.630352393177695 0.567412452103933 0.481340633176664 0.463694894991699 0.427118118139179 0.355246617245082 0.273682991407618 0.187283671729668 0.219454049480899 0.199757451556541 0.056758898876698 0.00194632356276854 0.000902913470270066 0.0153715342294578 0.0359052115044595 0.0710513991920488 0.0946675083086819 0.109772052222734 0.102553330810009 0.0909982954178893 0.0732089041538874 0.10096267947933 0.169203161721603 0.22924390522034 0.257497125659423 0.132849046664105 0.0530370041270966 0.0211269940608266 0.120651723244178 0.251351978518458 0.371913489691483 0.43691861799555 0.430509020743476 0.413509988873315 0.393115233192364 0.37309606078286 0.35101576479542 0.325733698886443 0.303841178207728 0.283578637581755 0.271857764078491 0.26001476401841 0.247940632541861 0.238978180066446 0.23159213235244 0.224789222723569
-9999 -9999 -9999 -9999 -9999 -9999 -9999 -9999 -9999 -9999 -9999 0.567412452103933 0.481864854985408 0.481081655780798 0.482157843737288 0.486700643214147 0.422932668225632 0.325082384842292 0.254666041089815 0.174938386846707 0.0728625131622888 0.0256547479921966 0.0119014217274278 0.0105110591977853 0.0148724043280496 0.0335296465669971 0.0696809680469839 0.118746511681043 0.0930901957916857 0.0673613714917156 0.074652291676476 0.08795836552906 0.106611756703785 0.106849958474382 0.10485624326416 0.108330197492899 0.106513710738083 0.0990450099207175 0.120319508383207 0.146843100728482 0.1595942173814 0.200552942965396 0.277771024295417 0.318572550047701 0.345734439020349 0.349495647554922 0.344057295400061 0.32432825392308 0.303789630905164 0.283227740941692 0.27348027856969 0.263996259347675 0.255010821187807 0.246043931229573 0.23708643795826 0.23023611554721
-9999 -9999 -9999 -9999 -9999 -9999 -9999 -9999 -9999 -9999 -9999 -9999 -9999 0.497585837663925 0.515174995300495 0.565557095564694 0.520043791183757 0.426685373343909 0.314715064176118 0.214006171047767 0.139821996552781 0.0794950462375956 0.0276171872483757 0.0172798375282704 0.0135425747044375 0.0211025011992548 0.058402814364107 0.11765763883035 0.090133729909208 0.0640030876417499 0.0817329778595722 0.0862074085729054 0.0788980757889826 0.0441147219851284 0.0214437538802635 0.0848269449565258 0.127321316415711 0.147498440530718 0.128761697780155 0.0974886829060445 0.0448627374991265 0.0559953057947194 0.149085995242157 0.221383404971736 0.283798949406556 0.306500184236613 0.316992312620939 0.308518693291137 0.296127952797418 0.282315772074826 0.274865088418154 0.267612333015323 0.260734168028048 0.251922765999259 0.2421319685778 0.235345366265022
-9999 -9999 -9999 -9999 -9999 -9999 -9999 -9999 -9999 -9999 -9999 -9999 -9999 -9999 0.515174995300495 0.565557095564694 0.538986643150934 0.474022238206763 0.412000789537525 0.348855754871515 0.283026697030708 0.178510292837746 0.0504052594758135 0.0414836722793536 0.0417522619000777 0.0462982263425008 0.0676768393976086 0.101481403006072 0.0969323308363314 0.0910473776158431 0.0972653347686274 0.101327948694284 0.103474517775529 0.0708222852108156 0.0418213274068656 0.062846316794863 0.099150058167576 0.151777349334097 0.150358836040095 0.130824106936294 0.076438902136582 0.0490800666435971 0.0564621672437951 0.120818408988158 0.200042459913461 0.234426861654672 0.259782815456384 0.271113888188234 0.277056852620648 0.280562620577772 0.275893521659414 0.270680551451926 0.264438274067458 0.256022126744109 0.246504677223109 0.239948410007909
-9999 -9999 -9999 -9999 -9999 -9999 -9999 -9999 -9999 -9999 -9999 -9999 -9999 -9999 -9999 -9999 -9999 0.486519440792673 0.496928539168464 0.49078340804554 0.446233471797954 0.353848365164645 0.232296975447657 0.120780417038241 0.0397258844002935 0.0447365402041753 0.0555320829127814 0.0705980598405568 0.080436278201457 0.087979100659672 0.0892863085904127 0.0955355988614442 0.106178273568694 0.0810554574248652 0.0539775058826988 0.0495225492669604 0.0631330530299481 0.0960443768033143 0.114858667079462 0.126531943079183 0.111319916333391 0.101992086029699 0.100228072020929 0.138959765597459 0.188787819086988 0.213399386192156 0.223569845760491 0.211307344860049 0.23490767972912 0.272227149095981 0.276071662900456 0.275886315470986 0.268074227720351 0.259457264821373 0.250432544883277 0.244513869498645
-9999 -9999 -9999 -9999 -9999 -9999 -9999 -9999 -9999 -9999 -9999 -9999 -9999 -9999 -9999 -9999 -9999 -9999 0.636060899654731 0.630495189422835 0.612138443255845 0.553679686103457 0.470769743867089 0.220994506459274 0.0288139246175254 0.034055562803301 0.0357755827739509 0.034895925485493 0.0557714919982261 0.0741097075924106 0.0732879798732583 0.0824385206735906 0.100454152399284 0.0848772420423407 0.0630197381843003 0.0399922084814971 0.0254909303060005 0.0200989492445452 0.0593122332395162 0.108177880529041 0.146768542725392 0.176380190542394 0.194449800981292 0.201533954205553 0.205275183467259 0.211668890352159 0.195628274407224 0.144737957641084 0.185198965530198 0.261281646610336 0.275824749244255 0.281845460080104 0.271737062396882 0.262695069576842 0.254193327117875 0.249075868972809
-9999 -9999 -9999 -9999 -9999 -9999 -9999 -9999 -9999 -9999 -9999 -9999 -9999 -9999 -9999 -9999 -9999 -9999 -9999 0.637158897603238 0.640780298788862 0.608012294534076 0.553056772355478 0.302427372047619 0.0973276092685892 0.0601993046355827 0.0371858892145521 0.0245921599314437 0.0570487378016647 0.0873396782998073 0.0894791417097134 0.0933981367958165 0.0988990898971117 0.0901458525488495 0.0750645687256467 0.0410090306155825 0.0265898355542032 0.033149763908412 0.0667137522062788 0.108627515201815 0.162782947006227 0.197369027365492 0.206799764799295 0.206672804213289 0.202773161199223 0.190304147856544 0.168510128115231 0.13223055043606 0.175398129147785 0.249625514961347 0.273144256704088 0.285525580255645 0.276828709928741 0.267620785302798 0.258153955940842 0.253938681450156
-9999 -9999 -9999 -9999 -9999 -9999 -9999 -9999 -9999 -9999 -9999 -9999 -9999 -9999 -9999 -9999 -9999 -9999 -9999 -9999 0.666024938005002 0.641121914500509 0.601034903412932 0.358109456006807 0.149949492937905 0.0800243785336835 0.0408991002744431 0.0245104245425422 0.0622864617819351 0.0977757326626086 0.100600888158524 0.0997473862471454 0.0956236522581601 0.0924980327557895 0.0834477293774479 0.0436043589998535 0.0275454095422339 0.0368973169132673 0.0624431736758134 0.0957595968968902 0.156773247991521 0.196006116557486 0.207240967139601 0.204204273629977 0.195410291967372 0.172260858280936 0.150102588111357 0.129484001233732 0.176545719841802 0.249945395384588 0.275876296618619 0.290135257701068 0.282304411861516 0.272825307767498 0.262511181115103 0.259953648003921
-9999 -9999 -9999 -9999 -9999 -9999 -9999 -9999 -9999 -9999 -9999 -9999 -9999 -9999 -9999 -9999 -9999 -9999 -9999 -9999 -9999 0.635536974178725 0.586459746920711 0.366841734857273 0.173596840235289 0.0883290165736115 0.0488110546818836 0.0430658835883821 0.0747450803050359 0.103117812412993 0.102479883536993 0.0976908397193238 0.0892115611945137 0.0895328662448779 0.0851547941280679 0.0490776800554304 0.0282396565217111 0.0236828091909454 0.0368915827630151 0.0586106091536684 0.110608365638642 0.153890648788976 0.185969662321247 0.187865677225705 0.179184941553355 0.160273368079417 0.147576557006731 0.144533819827928 0.197654899464968 0.272100396809914 0.288476671698752 0.296439739338727 0.288480336394669 0.278538161289309 0.267591495851004 0.268069265719351
-9999 -9999 -9999 -9999 -9999 -9999 -9999 -9999 -9999 -9999 -9999 -9999 -9999 -9999 -9999 -9999 -9999 -9999 -9999 -9999 -9999 0.544582754444855 0.548955927360276 0.37881472542191 0.217552014033947 0.114504204260598 0.0572578356158973 0.0338223339257972 0.0626857102438347 0.0919259405118132 0.0992719655145816 0.0987301091195972 0.0911761284859888 0.088951189384676 0.082156117094144 0.0474671328900476 0.0240825906289312 0.0127755152402429 0.0171194009537896 0.0312213097001907 0.0886517150381079 0.131585545041503 0.155884811461794 0.146139688404682 0.128011620161278 0.142984888268598 0.16050881635259 0.181994965082058 0.223575136832541 0.272406911701388 0.287197608011949 0.295055398463648 0.289792272440302 0.283037153094718 0.275526176420565 0.271429170769929
-9999 -9999 -9999 -9999 -9999 -9999 -9999 -9999 -9999 -9999 -9999 -9999 -9999 -9999 -9999 -9999 -9999 -9999 -9999 -9999 -9999 0.528484228855571 0.506943208111942 0.392367838539031 0.2714089802402 0.149392804621446 0.0659653899635439 0.0110244034755645 0.0386717357251686 0.0726723611245696 0.0935837446154554 0.101278852054628 0.0972250290810088 0.0895316664224059 0.076862990761504 0.0424025975510754 0.017560097152733 0.00299318420987494 0.00016517256653952 0.00859068825697769 0.0784986360975755 0.118939678438039 0.121502607398724 0.092035186823318 0.0597981909236021 0.123111725224305 0.180978306874194 0.230383537953888 0.251841173985389 0.262060431400847 0.279151137611507 0.289922102752109 0.288732600462134 0.286944284085944 0.284852603070803 0.272470261468091
