layers/veg_krg/veg_3900.asc
NCOLS 255 
NROWS 330 
XLLCORNER -2985163.8955 
YLLCORNER -3022031.214 
CELLSIZE 25000 
NODATA_value -9999 
[rows 200 to 224 of 330, columns 57 to 113 of 255]
-9999 -9999 -9999 -9999 -9999 -9999 -9999 -9999 -9999 -9999 -9999 -9999 -9999 -9999 -9999 -9999 -9999 -9999 -9999 -9999 0.206560324588753 0.217405848698312 0.155897983373407 0.101445019247776 0.0808677330599935 0.0699359518290007 0.06612453355532 0.0884102051641578 0.109327888734883 0.113514416055937 0.137395991783978 0.178785960368287 0.181820591413818 0.180767573892448 0.193932632425236 0.205106505608929 0.214153031400166 0.230618140059419 0.249308047390208 0.270852267513023 0.285365668539665 0.290841331861671 0.296515364046249 0.301293568938865 0.293989372227675 0.285739208962127 0.276019571816922 0.271256434521206 0.268957504160366 0.28198301693433 0.290183244890022 0.289251348400672 0.286388822590572 0.282548222482757 0.271916222551687 0.261679177803364 0.252659129518494
-9999 -9999 -9999 -9999 -9999 -9999 -9999 -9999 -9999 -9999 -9999 -9999 -9999 -9999 -9999 -9999 -9999 -9999 -9999 -9999 0.184820191905018 0.160670088283629 0.149075625159376 0.139322336617252 0.132539908206173 0.124423273276693 0.115321720013379 0.129674514724719 0.144246455730158 0.149186640103628 0.159690865356346 0.175141380233195 0.177464361613676 0.178147220907477 0.182480269235945 0.193382730197064 0.211303836027371 0.228542515704304 0.246912022020769 0.274856816648045 0.291072898401029 0.292212354070921 0.30200754924789 0.312449841757161 0.295795525928862 0.279640329782906 0.264260471129218 0.265284769025438 0.273313517564468 0.291635294490047 0.300420209321899 0.291156073219952 0.288664584485385 0.289604180240379 0.280076871274236 0.270047114269799 0.25929779042972
-9999 -9999 -9999 -9999 -9999 -9999 -9999 -9999 -9999 -9999 -9999 -9999 -9999 -9999 -9999 -9999 -9999 -9999 -9999 0.0934957442522736 0.113451662667077 0.145575196687462 0.144835572944752 0.142496174274365 0.14167448154292 0.139847249461889 0.137277722895603 0.138806290758811 0.140730164870928 0.142303231662074 0.147174836575621 0.154978757272556 0.166180714917657 0.176532911112539 0.179512161391261 0.19129848682887 0.212494136407462 0.223538906554929 0.234029070891543 0.258953306511329 0.279040232632689 0.292909059007078 0.30397431110046 0.311892633750709 0.291618559804904 0.27278174676015 0.256177589132882 0.262278198567769 0.277602469565821 0.290629415173043 0.29728280076188 0.291873863516341 0.289702136675314 0.289170409941463 0.281997339765381 0.273448521697259 0.261974549408914
-9999 -9999 -9999 -9999 -9999 -9999 -9999 -9999 -9999 -9999 -9999 -9999 -9999 -9999 -9999 -9999 -9999 -9999 0.0868979421527931 0.0905716757797454 0.109289686758969 0.137180564658234 0.138678364272935 0.139285337494912 0.142248583295986 0.145707380274391 0.14953199576228 0.140162590471115 0.131186915487196 0.129558584428012 0.130786905208433 0.134554716201207 0.152817694855512 0.170993864526736 0.175566300085619 0.188547086281025 0.210511206353202 0.216291144384327 0.220382792134215 0.241564556248674 0.264461838191755 0.289564325524227 0.300324743086049 0.304425093075254 0.283094865390052 0.264426479909591 0.249893026656505 0.261334130110541 0.282981816267484 0.289871539814665 0.293997232950273 0.292891842193636 0.290628007799334 0.287777295367301 0.282729778917289 0.275729331973609 0.264262908024196
-9999 -9999 -9999 -9999 -9999 -9999 -9999 -9999 -9999 -9999 -9999 -9999 -9999 -9999 -9999 -9999 -9999 -9999 0.0852449710853053 0.0834668990948252 0.0904441458449665 0.102759726352837 0.120680345381671 0.134991164359721 0.137834552457234 0.138502357884478 0.137564136636564 0.131227820508787 0.125647512026303 0.125293032756051 0.125932829469393 0.127456512028992 0.135227404277623 0.145005461239348 0.159234178053181 0.17393411236456 0.189137487159337 0.200453009219431 0.212219922141197 0.234405131683187 0.252907816877148 0.266676816181431 0.271809115635957 0.272894448521502 0.258208564268049 0.249285495418481 0.249314441489825 0.268042336179144 0.293854387234389 0.299788551154277 0.301817840144277 0.296456932462978 0.292093904994749 0.288236412679287 0.283068214332614 0.276824216759979 0.268124434462049
-9999 -9999 -9999 -9999 -9999 -9999 -9999 -9999 -9999 -9999 -9999 -9999 -9999 -9999 -9999 -9999 -9999 -9999 -9999 0.0780724100786444 0.0804315515668356 0.0842291198009588 0.11103259301885 0.132312597345507 0.13335175101006 0.132129909615377 0.129238989666637 0.12235482766455 0.116808379004487 0.118032356037584 0.118856111998857 0.119324081692939 0.122478596092097 0.128090810739291 0.14366048870527 0.155628457284542 0.16374842292643 0.18009217441309 0.199187815061671 0.223551549741753 0.242078662974469 0.253103114995029 0.251503450351235 0.245931135124022 0.241757262514621 0.24216214768513 0.24967972085487 0.268686164051875 0.291865136744404 0.296507493699431 0.297568839650415 0.29185291972807 0.289900304675961 0.289854213951687 0.283817806318612 0.277563797730978 0.271061360605668
-9999 -9999 -9999 -9999 -9999 -9999 -9999 -9999 -9999 -9999 -9999 -9999 -9999 -9999 -9999 -9999 -9999 -9999 -9999 -9999 0.0797923662144649 0.0825610220234411 0.110246035683782 0.131348490687408 0.12879597108114 0.126640978253726 0.124779441804528 0.113547391900413 0.104467615576192 0.107593291290519 0.109420755819902 0.110094143904958 0.114867506511841 0.120805109543818 0.128891638329878 0.133404176630826 0.134098326381144 0.154931909140871 0.180988536453795 0.208777775689087 0.232018729010398 0.249413106771451 0.239910090915672 0.223814614579705 0.234257073184888 0.24354701256154 0.251046617074526 0.262894552081741 0.276227087386333 0.279220816043239 0.280511727311702 0.278579960358239 0.283823292843723 0.292701595682839 0.285003712348871 0.277926334880515 0.273017112854775
-9999 -9999 -9999 -9999 -9999 -9999 -9999 -9999 -9999 -9999 -9999 -9999 -9999 -9999 -9999 -9999 -9999 -9999 -9999 -9999 0.0771294911976247 0.0772724094004869 0.10050361996341 0.11936875498097 0.121318859505954 0.120667879883639 0.118096766137268 0.107258357508944 0.0988675086652954 0.103292390027061 0.102210055571755 0.0962319475150341 0.101224383702332 0.107965472119424 0.113563015766484 0.117731259876473 0.120372465509302 0.13486430344344 0.152295833022387 0.169761973857972 0.193589219879028 0.225593322592241 0.228079824066487 0.221755710395753 0.224720015265089 0.233754070928693 0.252216938009691 0.262934574034828 0.270320150902811 0.271971306540506 0.273238517217331 0.27377909033912 0.27720937736093 0.282103619613803 0.281483945105547 0.280631659941561 0.279475228297771
-9999 -9999 -9999 -9999 -9999 -9999 -9999 -9999 -9999 -9999 -9999 -9999 -9999 -9999 -9999 -9999 -9999 -9999 -9999 -9999 0.0674151504844804 0.0705979397877399 0.0882178509823926 0.104025499982431 0.111905844172938 0.1134822879916 0.110405159094749 0.100875795186392 0.0938711470275692 0.0991614668634897 0.0947941218232198 0.0818413604269012 0.0868310204994501 0.0944466897632325 0.0990120601984948 0.104489644263583 0.110941821320555 0.116112601133885 0.121076128213611 0.126850746636177 0.150018384239909 0.195543807345002 0.213569653042636 0.221507338769256 0.214438269838293 0.221462404290594 0.250379061429874 0.262362799752986 0.267291494139097 0.267747350853946 0.268799901082103 0.270981727534213 0.270955277149342 0.269810093720653 0.276555169625655 0.282050529586485 0.284284862000816
-9999 -9999 -9999 -9999 -9999 -9999 -9999 -9999 -9999 -9999 -9999 -9999 -9999 -9999 -9999 -9999 -9999 -9999 -9999 -9999 0.0646681431662688 0.063429007043367 0.0734034532109102 0.083866728495197 0.0936474466451934 0.0983662524797449 0.0993483277744727 0.0893410310447969 0.0812766855332665 0.0853579960107629 0.0819379787879026 0.0718494736483098 0.0777147440927007 0.0858710637061592 0.0910936811804367 0.0972360360976597 0.104361022316325 0.0978537449978028 0.0901779442696892 0.0987653291669665 0.119573438263348 0.156090627391719 0.180051008311901 0.198751554263557 0.202376170277559 0.210913116413567 0.227080925151732 0.246995170768735 0.267842393673362 0.267626962122017 0.267530334498005 0.267658550026223 0.268263692823806 0.269110451295111 0.269771026821305 0.269980440203178 0.269144196885925
-9999 -9999 -9999 -9999 -9999 -9999 -9999 -9999 -9999 -9999 -9999 -9999 -9999 -9999 -9999 -9999 -9999 -9999 -9999 -9999 0.0540019467169136 0.0557887238595435 0.0618410029128419 0.0696577605669432 0.0817718495629489 0.0887260516498662 0.0918711978318842 0.0809770106074384 0.0716569163507287 0.0744650023827273 0.0670378456418025 0.0505118206094929 0.0549354869927838 0.0628476730684586 0.0693289330415708 0.0771073234203846 0.0862715451018934 0.0787883385486358 0.0699912006427548 0.0818870597132949 0.10050637964304 0.127768344886467 0.15286124594275 0.176363800049161 0.1886815623638 0.200541585140265 0.211690550753096 0.232364904088934 0.256461645483252 0.263888866812492 0.268381174359997 0.267318991571769 0.267149770032357 0.267432930748273 0.265949804137454 0.263888334195011 0.260552692800775
-9999 -9999 -9999 -9999 -9999 -9999 -9999 -9999 -9999 -9999 -9999 -9999 -9999 -9999 -9999 -9999 -9999 -9999 -9999 -9999 0.051239042340974 0.0485783041715685 0.0544301980512529 0.0630446947851826 0.0780449463197523 0.0860766537939587 0.0889641450538672 0.0766609656486384 0.0658348308214585 0.0672877112949853 0.0495282231712236 0.0146894321612898 0.0147131894049033 0.0213793363241974 0.0298870189453293 0.0405414236957336 0.0534893485978952 0.0586932380610548 0.0634793711015188 0.0793165566965179 0.0959650642905857 0.113656482436224 0.13375134211661 0.154445896990685 0.172902789220048 0.190396989387505 0.206395734105073 0.218676001582856 0.229848187899908 0.255532174454216 0.271939061558199 0.270788513223641 0.268049991491962 0.264506988056578 0.265911235969855 0.265428106500269 0.260322269183306
-9999 -9999 -9999 -9999 -9999 -9999 -9999 -9999 -9999 -9999 -9999 -9999 -9999 -9999 -9999 -9999 -9999 -9999 -9999 -9999 0.024157147622143 0.0255362148806436 0.0289353927888084 0.0349894815828494 0.0483306769203244 0.074155182861886 0.109194934952629 0.0865348909589447 0.0624599338547562 0.0588121539990542 0.0391251118615083 0.00517957696211563 0.00272132229035967 0.00694361445318128 0.0162656489588599 0.0267117679041883 0.0383588388867919 0.0494080609409452 0.061843817939061 0.0855842363596311 0.1036706367177 0.114489102639229 0.125770117248012 0.138021865163989 0.160607918918306 0.17925539780645 0.191784655218103 0.206498405518079 0.222194623297168 0.241007050848309 0.257171349270224 0.26832391353231 0.270548812197957 0.268250874623306 0.266265054061109 0.263604927946309 0.259356361645659
-9999 -9999 -9999 -9999 -9999 -9999 -9999 -9999 -9999 -9999 -9999 -9999 -9999 -9999 -9999 -9999 -9999 -9999 -9999 -9999 0.00566603261271922 0.00104501369935836 0.00081485252023842 0.00338255323154484 0.013207386166351 0.060748775751806 0.136132727655744 0.101529085479788 0.0615512742148594 0.0505230649909714 0.0310648294253754 0.00411251667198488 0 0.00157964396092811 0.0111276473711188 0.0203586836893298 0.0292510779434439 0.0435750133433884 0.0611671073685642 0.0929246595083836 0.1131896729406 0.11868164940814 0.121053088314782 0.12414928298245 0.149072083546169 0.16724104585095 0.174918528448315 0.195014803561885 0.219637687353627 0.224797738554737 0.237014535854063 0.262586624286031 0.272122746661337 0.273534903410269 0.266854934866058 0.26122173183336 0.258384301502338
-9999 -9999 -9999 -9999 -9999 -9999 -9999 -9999 -9999 -9999 -9999 -9999 -9999 -9999 -9999 -9999 -9999 -9999 -9999 -9999 0.00941517221854998 0.0108292357890771 0.0116371843209879 0.0125660770238411 0.0139572853159064 0.0656062878907544 0.154355860972847 0.123546066264355 0.0812975798774747 0.0496348779735083 0.0238017610137566 0.00315099554069066 0 0.0012109290972448 0.00853027157945791 0.0163232287386907 0.0246221874856933 0.0375838320139706 0.0530700650114666 0.0786469609788723 0.0967687392215651 0.105307366819715 0.11261501998679 0.119984458808434 0.133143300621579 0.148432854027401 0.167032276070859 0.186104890764907 0.20503567560127 0.212187301119812 0.222813852399243 0.240016897228971 0.256044712019746 0.271477144629878 0.268799293621562 0.265199537052076 0.260232023171644
-9999 -9999 -9999 -9999 -9999 -9999 -9999 -9999 -9999 -9999 -9999 -9999 -9999 -9999 -9999 -9999 -9999 -9999 -9999 -9999 0.0364701637928332 0.0288292591091839 0.0281594202631358 0.0272692914646072 0.0244416307612733 0.0684691398345931 0.147085383943648 0.122472388278429 0.0850533023288493 0.0458424480712274 0.018768760172691 0.0024847018493405 0 0.000931017963950458 0.00655846498025461 0.0144506592528678 0.0247624696463354 0.0353522791138993 0.0472983989334021 0.0687286058429979 0.0851588861665053 0.0951620312715702 0.104532863134261 0.113534206855527 0.120459615109802 0.132769187192352 0.153442573061974 0.173652154006842 0.19336180013999 0.202178780021722 0.212010322427681 0.223761981796148 0.241138599224749 0.26136487134636 0.265971995214499 0.267626549145414 0.263062498998044
-9999 -9999 -9999 -9999 -9999 -9999 -9999 -9999 -9999 -9999 -9999 -9999 -9999 -9999 -9999 -9999 -9999 -9999 -9999 -9999 0.0470734275941103 0.0565008581465267 0.0534734926612801 0.0504863714485811 0.049940905879029 0.0682553214019389 0.100492201255299 0.0857824454334267 0.0641442955248405 0.0375703588907565 0.0171755346120065 0.00227378272305696 0 0.00078808244548998 0.00555156970158578 0.015914239780798 0.0322589782716979 0.0389197778234959 0.0451135173760504 0.0655343346954871 0.0809699007830723 0.0899971960264081 0.0969996831429999 0.103558789081312 0.112781341097845 0.121955803580471 0.131055563301529 0.155734776425777 0.18620443842234 0.196183593593509 0.206446743357012 0.217247368949729 0.228040121252875 0.238828884876224 0.255784638049132 0.267661535127929 0.267408827303937
-9999 -9999 -9999 -9999 -9999 -9999 -9999 -9999 -9999 -9999 -9999 -9999 -9999 -9999 -9999 -9999 -9999 -9999 -9999 -9999 0.0747455334556685 0.0738334646464141 0.0666164706214525 0.0602631739238401 0.0575804423445284 0.0622637121658851 0.0723846033198512 0.0651258839629293 0.0545743664962399 0.039479602735337 0.0293176763933723 0.0235409159896762 0.0172165039345591 0.0121669549550739 0.0140457552916478 0.0194542844431939 0.0286339137557662 0.0380748571150224 0.0485852849470768 0.0664973341024316 0.0797511077034519 0.0870169200100453 0.0923614596956895 0.0973381885043457 0.10550794786439 0.113737409081965 0.122059611760436 0.140321572881736 0.162635541390237 0.184437043151994 0.201736541546453 0.2105157439272 0.216113114343167 0.220098539871034 0.240325954300715 0.257228955854847 0.265663068129793
-9999 -9999 -9999 -9999 -9999 -9999 -9999 -9999 -9999 -9999 -9999 -9999 -9999 -9999 -9999 -9999 -9999 -9999 -9999 -9999 0.100743208971542 0.0869424745956469 0.0751797465847565 0.064842949563448 0.0582420562001807 0.0542989759572656 0.0523179074674306 0.0512536410087557 0.0496059701357006 0.045373014279633 0.0466398699833898 0.0527959170937891 0.0413104801195314 0.0287490177131257 0.0267832567893797 0.0243853238146473 0.021525665824624 0.035975505116444 0.0542418860395766 0.069042880657086 0.0796429109391873 0.0848428287663084 0.0889695336481643 0.0928975072007903 0.0986937426890871 0.106813266874966 0.118541810893809 0.126263181410445 0.133208621530615 0.170477836008599 0.197141944385937 0.203735289624649 0.204991558024397 0.203544014964838 0.222990204216321 0.242422244219294 0.26091508029188
-9999 -9999 -9999 -9999 -9999 -9999 -9999 -9999 -9999 -9999 -9999 -9999 -9999 -9999 -9999 -9999 -9999 -9999 -9999 -9999 0.11130658379089 0.114509974373117 0.0956085053572226 0.0779075420111368 0.067799512896867 0.0586058482839085 0.0500871723992525 0.0465760264066913 0.0446489906888094 0.04640170060173 0.0509598311562411 0.0580119087021506 0.0618139290070888 0.0627724992088024 0.0523395622132183 0.0474367826437599 0.0484423259663326 0.0515882522097485 0.0562463571834128 0.0681389642703083 0.0764071959312414 0.0800164889969809 0.0879426880414834 0.0969249918204713 0.101623483680455 0.107860658412821 0.116488038464416 0.123394981966559 0.130264057791367 0.160521347318027 0.184925197892495 0.198251084169302 0.204776845603103 0.207857602209354 0.214309502128015 0.223432773451866 0.238649076913197
-9999 -9999 -9999 -9999 -9999 -9999 -9999 -9999 -9999 -9999 -9999 -9999 -9999 -9999 -9999 -9999 -9999 -9999 -9999 -9999 0.116808516803314 0.124773467376466 0.104023212912632 0.0840599192858086 0.071729964369614 0.0580619412666975 0.0434061491258949 0.0388152400819276 0.0371905762431055 0.0421495853745594 0.0483537548027209 0.0556648397963219 0.0685882087956565 0.0784503667601258 0.0677729563500309 0.0644185683455215 0.0688879686319884 0.0683983196531486 0.0675527102336597 0.0731323583530396 0.0780429140913401 0.0820933877598775 0.0898345145864006 0.098487835441405 0.103595822541651 0.109212853224772 0.115620637286217 0.121422714727419 0.12743132129465 0.149395008656562 0.170353372816788 0.189409105955002 0.201311821605165 0.209590753817994 0.20922813588385 0.212228802555533 0.223459517545927
-9999 -9999 -9999 -9999 -9999 -9999 -9999 -9999 -9999 -9999 -9999 -9999 -9999 -9999 -9999 -9999 -9999 -9999 -9999 0.111860496335986 0.108184375646855 0.102266833513956 0.0898694752063736 0.0772276715617442 0.06509006308714 0.0484058250437554 0.0283652409192487 0.0252627028316086 0.0250332057311769 0.0279774624373196 0.0327370881021037 0.0391105302069476 0.0495721872361818 0.0596659220893251 0.0641904194622112 0.0699984477913527 0.0771777780106806 0.0874575583622285 0.0963326871966524 0.0892038747208837 0.0888296397519559 0.0971380488643843 0.0972090789272557 0.0954208406785208 0.103769677512789 0.111137622256919 0.116981839445798 0.121133459867341 0.1248086527389 0.13607110195119 0.15135752281306 0.17425953762456 0.191741073769735 0.206476546334573 0.210908137017706 0.215649925601369 0.221563087734493
-9999 -9999 -9999 -9999 -9999 -9999 -9999 -9999 -9999 -9999 -9999 -9999 -9999 -9999 -9999 -9999 -9999 -9999 0.116311288247858 0.115737298573283 0.1083322356333 0.0967620988571059 0.0864930051150054 0.0760131000819784 0.0646816956046231 0.0459841669960814 0.0218489264546104 0.0195948729058336 0.0204636608521186 0.0232359892340398 0.0270461059236001 0.0317787897994052 0.040025181292453 0.0487975665655972 0.0570318059510192 0.0649342383386566 0.0724821739679404 0.0846502860516798 0.0957500082486355 0.0905502284294441 0.0939085444615598 0.108267829868263 0.110569074771423 0.109298170703328 0.112161653173373 0.114237196398666 0.115088746943049 0.118853141938841 0.123833858067479 0.12967861746558 0.139835603833725 0.158153723649697 0.177179237101589 0.196563122575611 0.206726017850026 0.215128945362465 0.219821215955089
-9999 -9999 -9999 -9999 -9999 -9999 -9999 -9999 -9999 -9999 -9999 -9999 -9999 -9999 -9999 -9999 -9999 -9999 0.117302604384625 0.119998159464567 0.112890551257338 0.0998057126306566 0.088535214289132 0.0776230279904609 0.0674064676339623 0.0471999066555272 0.01961867419119 0.0178913780620765 0.0197091825461703 0.023236132180567 0.0263456373741274 0.0290840451672245 0.0352390813979349 0.0419093245231186 0.0480751845454964 0.0545183102615804 0.0612576617663843 0.0708487975719901 0.0804041425217146 0.0844929491918703 0.0961176261191987 0.117429256704257 0.126938472881636 0.131694901440429 0.124685600106499 0.117927448281363 0.111559434607899 0.11557174168125 0.123687594371463 0.126771167889072 0.132071486601622 0.141567120978543 0.160107941585756 0.183231135450645 0.199596495790923 0.212625923469333 0.218157054077062
-9999 -9999 -9999 -9999 -9999 -9999 -9999 -9999 -9999 -9999 -9999 -9999 -9999 -9999 -9999 -9999 -9999 -9999 0.132637807757839 0.13376447378782 0.122172503938694 0.102825668130127 0.0902267978468468 0.077077242803493 0.0610780165530477 0.0428126555716522 0.0228744219032567 0.0220054876960997 0.0236597999387139 0.0262331725046491 0.0285950431610972 0.0307688940450305 0.0357386150698502 0.0417618973951512 0.0505603021207574 0.0573625579252477 0.0620321633442685 0.0682950198463628 0.0748579248101778 0.0807243634314131 0.0898056512390199 0.103019453808983 0.112538684665759 0.121545249547952 0.139141509755558 0.14252946771768 0.123846107272372 0.119841745555324 0.121882835706452 0.12532549636814 0.130223433953233 0.137875565428852 0.150093095564206 0.164623498004934 0.184352759197892 0.201814514497908 0.213754824072102
