layers/veg_krg/veg_3300.asc
NCOLS 255 
NROWS 330 
XLLCORNER -2985163.8955 
YLLCORNER -3022031.214 
CELLSIZE 25000 
NODATA_value -9999 
[rows 125 to 149 of 330, columns 57 to 113 of 255]
0.071104756353919 0.0972021989551558 0.130323962294895 0.151299706565395 0.156876456723238 0.196181013035004 0.241963110014842 0.23700798679163 0.222167883512825 0.192189612251047 0.172430367918491 0.157281317839396 0.157653491015694 0.158486100648074 0.1601771406044 0.163196204605478 0.166877859909366 0.273368549671701 0.358777978495362 0.392181995760917 0.500317822639435 0.65401947685695 0.694037639238183 0.724754868199956 0.749848071290204 0.780496627961743 0.815246176134731 0.812451073107324 0.804120347764638 0.791861819506011 0.770467134466449 0.740950640390851 0.702927555319467 0.663964614948047 0.627987129046412 0.593135745903907 0.5594874711357 0.53036462829892 0.503021235948919 0.480529848449589 0.460257920814153 0.442838988800063 0.422741606651612 0.402550912846052 0.392090825591773 0.381263676285267 0.369866329126125 0.360686625988125 0.352387916986658 0.343165670568601 0.333638846374011 0.323535591509886 0.310809956294389 0.29675579944455 0.303780702735318 0.306717296790125 0.29919106729315
0.0677885594527404 0.0717306426965138 0.101697880474396 0.129766203713968 0.155427040712232 0.177746752092894 0.199334630572285 0.224867977320499 0.219515845632956 0.16686472515986 0.148412856117084 0.14390137676677 0.144951119978789 0.145390114929951 0.144690440645666 0.126594472540773 0.0998189680734047 0.190811025813903 0.254997079354799 0.253503696118037 0.348763767657192 0.503016806683731 0.576178234305574 0.635222682694941 0.668654637975386 0.717128159229691 0.776705444326329 0.785696567334369 0.786346011251943 0.778407838183607 0.764294755434187 0.744692336364574 0.709097871768799 0.671164554137766 0.635958556974374 0.601318932690593 0.567284411226168 0.537057111773109 0.50834530882385 0.483851415029191 0.462864668257332 0.446386169308392 0.426621408573978 0.406240353222151 0.391482347796095 0.377103004265885 0.363311877901073 0.351205747163167 0.339863025333964 0.331120223834102 0.321768206356956 0.311263213184493 0.300824833775786 0.290420201503053 0.292051443887617 0.290764118182235 0.282138210023846
0.0859796982218979 0.0765343093652696 0.0921779511404954 0.122651411937029 0.171926448336162 0.145829278401298 0.105711455715296 0.184428789310625 0.19177293320244 0.0898139394919722 0.0771238779460334 0.0997058104403678 0.102020420445476 0.106191616703593 0.113824202514076 0.0966629002217181 0.0671311783690297 0.099806741319751 0.121515004151582 0.115866264992173 0.161925936283036 0.239513500645852 0.395198120465016 0.524694287243772 0.564006959970302 0.625378722464877 0.703034622115572 0.733242876223663 0.751571108121311 0.746710993180727 0.743308097728212 0.741200633022946 0.710853677779884 0.675689866164889 0.641877577328818 0.607525989631708 0.572598224520324 0.541503709960325 0.511978050536457 0.487015880021937 0.465832785158871 0.449507487664308 0.430559713361266 0.410629163160606 0.389006650186301 0.370011949681138 0.355099319272695 0.341121245038601 0.327681194405128 0.319707958025869 0.310737010438178 0.299877837956256 0.293007745477055 0.288158557052429 0.282154980055378 0.275213381252034 0.266131010325676
0.158639035746301 0.0885056611848716 0.0936732150315632 0.108126692541749 0.134353071363022 0.110224357949697 0.0764674165078807 0.118971439326564 0.121831509169601 0.0639795880648383 0.0678310021737081 0.0951042416928947 0.0784972560423125 0.0710246327319607 0.0805819676693174 0.0803257380614718 0.0751732247282582 0.104379735725487 0.122570961359746 0.11425833812096 0.126880556924642 0.152267265211672 0.227845462086162 0.302631251266077 0.36575806802473 0.464667883259751 0.589992897905699 0.64742781070816 0.689684561424577 0.705554355148862 0.712810653763221 0.712409776160809 0.694748215064351 0.671799689899791 0.637859320294768 0.60464708060274 0.572212762098451 0.541481568392046 0.511909874516587 0.48777241659679 0.467372385841699 0.451776615577849 0.431890658219753 0.410423202901208 0.3865182463786 0.365497805115163 0.34895819862257 0.332775402958846 0.316964751632965 0.309096344383457 0.300499667922376 0.290524700786226 0.283607453421878 0.278239274584703 0.270659300098061 0.263070761565287 0.255558146040852
0.240641514679788 0.109380946893532 0.102725403664914 0.0971793664973143 0.0930399858814763 0.0780616637881279 0.0607893909063989 0.0572777309250502 0.0521693554687353 0.0446157199365162 0.0616643957181178 0.0868667917395573 0.0576402027713616 0.0431067862198878 0.0559670840255826 0.0712469812153423 0.0877340896107284 0.119986228519417 0.14005173171657 0.131564678968748 0.121081683424271 0.10938171233321 0.0930950385075453 0.0997138414855134 0.173313363013718 0.304501835682624 0.47820277776497 0.565602821450008 0.633382190387471 0.666400898416398 0.680088652602151 0.67659168465985 0.671213736668586 0.660516736143307 0.62469677320431 0.592986305913842 0.565666351468491 0.537194339388537 0.509193865651747 0.486768835048918 0.467857739336421 0.453463616883453 0.432645178181211 0.40955744388739 0.384064549628361 0.361249115843261 0.342592875860656 0.324470331046038 0.306836549454862 0.298698986002195 0.290272404448284 0.281298839790407 0.273888399887516 0.267269853141193 0.259361586520627 0.252018391599246 0.246050909417503
0.323466032224543 0.166813506717348 0.138860910343121 0.109147515816999 0.0772017420874514 0.0651960058882562 0.0580648661202813 0.0334635107629824 0.0175752585127652 0.0150305251918884 0.0207740288535645 0.0297018875864546 0.0339274761738894 0.0463945561196678 0.0742269400137344 0.085771421657426 0.0891893769669238 0.111572391791806 0.127964993445402 0.129934402010648 0.132814359613523 0.136249501420382 0.10228985685191 0.0769094852415889 0.0832781614860381 0.202064368907545 0.403837794554695 0.529403937821747 0.625279722609241 0.644325384768083 0.644406066515987 0.627627367129884 0.62667751619578 0.620851359456215 0.576049949704878 0.546881856493754 0.534416123609038 0.516223601083699 0.496861421270931 0.479331080479903 0.464478264390307 0.45306726149747 0.432746844597664 0.409231975652544 0.381785851041321 0.356200702720293 0.333506413527956 0.314968671263953 0.298330432518206 0.288679018823732 0.279458249994833 0.271052500932052 0.263921335032715 0.257435884506634 0.25028282217574 0.243418963702391 0.237259522099558
0.401083526183619 0.256842445000683 0.194233973508643 0.138463491658177 0.0913623657203578 0.0718528840047437 0.059097523849286 0.022275869718224 0.00778597663643179 0.0274956416941779 0.0190969319291017 0.000466751086648321 0.0154806407445029 0.0357590173216058 0.0658524186471294 0.0767490202522223 0.0780677587253865 0.0958199886790598 0.112232643180801 0.124998175114588 0.136526472357036 0.147300397095789 0.105325121638814 0.0653023947914606 0.0407653341224966 0.149579397957783 0.356833969728078 0.496267217672404 0.601876196665742 0.611494256391949 0.6068406860618 0.589500002678536 0.572379105570454 0.552314481427029 0.517200884230432 0.499547930759313 0.50054962182787 0.495382173033111 0.487782326784451 0.473519365794464 0.461167352929369 0.451271760530183 0.430666665535199 0.406314705098689 0.378407749046032 0.351413657772362 0.325837619750364 0.305953248920527 0.288634341130217 0.279633336979696 0.27087054379349 0.262558578330874 0.255737531825376 0.249671798365349 0.243059231310544 0.236424672559981 0.22976246621037
0.473323756241532 0.380533479549742 0.26947355280256 0.185694470145823 0.136502650619689 0.0986705750026345 0.0640102027796951 0.0241276257427293 0.0236124874501109 0.0833858775530644 0.0579151577981346 7.45281820494209e-05 0.00247186143675183 0.0107449561270692 0.0299727259435644 0.0434099280219457 0.0539580409782068 0.072489089433204 0.0927354899635414 0.116647912355634 0.131955794447866 0.142017276116163 0.101999450192796 0.0652586575994796 0.0473285946401801 0.148680087828387 0.338085858909574 0.466292776484103 0.56267135421813 0.567555865323594 0.567330954478431 0.562563898575717 0.507999336211165 0.453962166731449 0.447816020985825 0.450944331766488 0.46398130871758 0.474674282953073 0.482062948392361 0.469386853329628 0.45792724659303 0.448031369809083 0.4263333069473 0.400720894901863 0.37389429934918 0.346896526265272 0.319632844297207 0.297439961238732 0.277709369835084 0.27159379410777 0.264582078149998 0.255874366118843 0.24939529286783 0.244045268205439 0.237751467638867 0.231087997094567 0.223602059090576
0.486974126633893 0.431816932177247 0.351534172330156 0.273872448395466 0.199533732300141 0.145568176560691 0.102914842011176 0.118303903681889 0.11144251915367 0.0705061045939122 0.0338490117820684 0.00100127667659466 0.0332091450017141 0.0501966970901327 0.0388077363609755 0.0338575968406997 0.0321199796766367 0.0438872694206471 0.0591753765543065 0.0820877633301856 0.106164975056913 0.130952409282805 0.110648892236421 0.090631300889318 0.0798582137137099 0.141302930247805 0.256059212811532 0.350440267620329 0.430064464118401 0.463704734643275 0.49595697966335 0.526975305612481 0.494489742273729 0.454371349642565 0.433429926442306 0.437705649918679 0.468922929213586 0.479806326528019 0.483354491761408 0.469965347820206 0.455673066324347 0.440219850345814 0.419495939325719 0.396927691002265 0.372605910179596 0.347376669119755 0.320737770277397 0.297777062107356 0.276623524940498 0.266087042852195 0.256622023288307 0.24918480715565 0.24388517991762 0.239668474571661 0.232304327284806 0.224173619849535 0.214389043372177
0.486891935310047 0.462135773299191 0.428249029835173 0.367276581597404 0.271964272210849 0.207916157444171 0.16354951718099 0.23608478775509 0.219409179417178 0.0661132376761155 0.0200374396582584 0.0189317820992253 0.0746806201787867 0.0973504792350308 0.0583484217785243 0.0328357843512585 0.0140534259627254 0.0187821807457879 0.0278298995665546 0.0459900148320079 0.0776907181613238 0.117647451967914 0.119011747735863 0.117123930282327 0.113053524937474 0.131562819120501 0.166740567347748 0.21944017641931 0.275315959877686 0.335236461386239 0.40477490981396 0.482863466352701 0.484784743739452 0.468781342344631 0.431540729172089 0.433515753012145 0.477388073444974 0.486259568137305 0.484757584724807 0.470695845532516 0.453363150619788 0.43182581902954 0.412967223945054 0.394688939042032 0.372808181113791 0.349575513728506 0.324242776710063 0.300763919757256 0.278236676856202 0.262492170968799 0.249483924549298 0.241654203940373 0.23686067574914 0.233605310132537 0.225843563943121 0.216788579766082 0.20490855805627
0.486891935310047 0.465354252950016 0.457650105126931 0.430847835742342 0.379832541512993 0.343421050498082 0.317885466724688 0.367122312905369 0.349481871391695 0.229423457391587 0.176564778766418 0.150579840680523 0.119365728387344 0.0939541270028106 0.0793606336399947 0.0519111298134253 0.0180473741095793 0.0259187060271099 0.0340421562623414 0.0413011635680383 0.0648467377329363 0.0983226333672968 0.106286568649375 0.110630986282199 0.109289880033685 0.116078284982148 0.128867938247557 0.12248927603064 0.118998195329719 0.13482132987297 0.229583304513702 0.394519883221643 0.419706623109468 0.420743280170174 0.426890769497669 0.434451756547478 0.443522899693591 0.460421014855672 0.475717277318141 0.464933699093677 0.449098098447703 0.426768396204318 0.412542301544632 0.400161398868043 0.378010894081165 0.355496215810416 0.332415826817923 0.307657579313543 0.282512067005905 0.267873204174481 0.250615930693201 0.228403166955232 0.21819081405226 0.214057977954288 0.212700980654436 0.208718626376243 0.198484117563563
-9999 -9999 0.477738647960967 0.466063789577849 0.439587285117699 0.42385252368113 0.41396857414065 0.433326412237085 0.413332354697263 0.333073571964296 0.296371811632129 0.275037264157026 0.186371265391454 0.12361810393404 0.109176419622 0.0686944313118542 0.015220148908948 0.0407712403168871 0.0538837546459413 0.0356761644378435 0.046673684823362 0.0754782813872447 0.084925861718658 0.092864192536146 0.100059783813579 0.104270913472476 0.106278897723089 0.0737507711784008 0.0430768348319652 0.0347079736033551 0.130666451613778 0.319369258213824 0.354400556598589 0.36229471070984 0.372876689000691 0.381008649474744 0.386523054020917 0.42486506731477 0.46510026137635 0.459389879095549 0.445463682137731 0.420976499743493 0.411872853495647 0.406404496684339 0.384057041581936 0.361988815599546 0.340354346916936 0.315109303204731 0.28868895200551 0.272869340880845 0.254057838504867 0.229584012709231 0.215462163923675 0.206584720439164 0.206823891138831 0.204369351652533 0.195228014143657
-9999 -9999 -9999 0.466063789577849 0.439587285117699 0.43588539093967 0.437704382223826 0.419010435755499 0.394937958988256 0.362628632504719 0.370573945401439 0.390564255892899 0.281097728694183 0.19434145999022 0.149925831996002 0.0826311216464047 0.00392134615182222 0.065206696108848 0.0906523565332474 0.0288885135395335 0.0218821736913182 0.0482628339273293 0.0528402339939795 0.0610958058650158 0.0840406112973765 0.0970304055813917 0.102671357794633 0.0848898016363928 0.0670040395998539 0.0591647205615008 0.12647926583191 0.260603668777899 0.288811391988556 0.290916779190813 0.257554684374994 0.260029236036292 0.300791030254936 0.377240571604691 0.45252504734182 0.454117210302775 0.442612486007578 0.414272421455549 0.410899716053237 0.413604690761075 0.391150695237367 0.369191685533456 0.348001591738506 0.323254116840717 0.297227404476518 0.277387454177 0.260368535911733 0.248688580333738 0.232531751321936 0.214106897685902 0.209970204320883 0.204640985426117 0.195906836853028
-9999 -9999 -9999 -9999 -9999 -9999 0.443304444632532 0.41563282326986 0.415821597983894 0.458676655635208 0.457467664184851 0.437015496683343 0.369452371809367 0.302285671063926 0.235858057088406 0.161132895215525 0.0822678361072223 0.132885488390263 0.138957114798487 0.0381741447852918 0.00874973581939079 0.0228344013517514 0.0322573311492433 0.0463748932081455 0.0749154899036129 0.0910741377012704 0.0980923650993467 0.0865890273292703 0.0731166564199502 0.060549106496052 0.104862507558571 0.199741615052916 0.240073122486436 0.252667178950105 0.174887487719699 0.143622983932385 0.162054487983618 0.252249264813453 0.353848204047353 0.4085288895481 0.42938293171029 0.406754653286444 0.410117366944682 0.419267073859812 0.395431655216102 0.372687543701559 0.351638679565062 0.324722202447684 0.295750799024962 0.278917954556879 0.264396403218563 0.254249104859071 0.241297102491632 0.226924211674304 0.221148546167702 0.214144242665898 0.203897480165768
-9999 -9999 -9999 -9999 -9999 -9999 -9999 -9999 -9999 0.599993424409935 0.540825171515303 0.460115458225496 0.450096737198782 0.416370389938281 0.338443925595113 0.26385423822093 0.190929369648636 0.210355030596632 0.184775209210505 0.0525694916838132 0.00192195849242184 0.00100246165865359 0.0163102227944349 0.0360697313883634 0.0656508517377296 0.0840038084734639 0.0940680752306742 0.0846188238738007 0.0718107293193158 0.0551636620940556 0.0788364156748807 0.138352455749829 0.191323648689887 0.216431151029521 0.106927619317103 0.0421742858113965 0.02523127669873 0.115456736354346 0.231269165599026 0.34004682182544 0.397462711193506 0.388855827032216 0.402290297009841 0.419627351378258 0.396342873743115 0.374167268219338 0.35371419569213 0.324065629586208 0.29124986572712 0.279325493063155 0.267496403680152 0.255847643295756 0.247344790952894 0.240435684113287 0.233946957663776 0.225862085829811 0.21403103523768
-9999 -9999 -9999 -9999 -9999 -9999 -9999 -9999 -9999 -9999 0.540825171515303 0.46061095140719 0.466530661310769 0.470605112491096 0.471239292983364 0.414461939293695 0.329040237348237 0.247995341777579 0.162960131658496 0.06860301850862 0.0253335887813059 0.0132135795489291 0.0124825148770783 0.016279965891529 0.0310240236877009 0.0600430760990794 0.0996000053068821 0.0742118903507922 0.049063298797784 0.0537429269061526 0.0636859033034547 0.0783078613248548 0.0842699046704393 0.0883310646411526 0.0906691295251118 0.0921787882927278 0.0928033925412868 0.113827973124461 0.138708931593821 0.154779591369859 0.19239175140704 0.257694345014125 0.3150365617072 0.366013495036776 0.369287606218132 0.365903075363608 0.35217494356396 0.322704879679926 0.28751127039856 0.277492006724814 0.268103446449538 0.259908528029541 0.251676939133524 0.243426772642265 0.237128393714009 0.230468626510417 0.222880154523593
-9999 -9999 -9999 -9999 -9999 -9999 -9999 -9999 -9999 -9999 -9999 -9999 0.486465258786197 0.503139359983353 0.550900387298492 0.509014330719034 0.422400636605016 0.303966052596199 0.200335618237656 0.131828737935141 0.0766695884042758 0.0296488795034211 0.0197978243655789 0.0155366204326024 0.0204723198248982 0.0500205238499253 0.0977378094376772 0.0706006557280801 0.0450128141088464 0.0585552049750822 0.0610031721295807 0.0535884811760604 0.0297443568463829 0.0165460814348178 0.0719724609853544 0.110581381536196 0.131222824791676 0.117038138941676 0.0919865559981658 0.0504217180717141 0.0637303398988625 0.147575826551473 0.223938254448327 0.294439103402244 0.3216333395528 0.33779851465647 0.336831036337161 0.314270142945423 0.28353802543759 0.276094720767815 0.26912232054199 0.263041133611508 0.255111169189377 0.246244597347407 0.240179419239493 0.234430864250624 0.229300316300117
-9999 -9999 -9999 -9999 -9999 -9999 -9999 -9999 -9999 -9999 -9999 -9999 -9999 0.503139359983353 0.550900387298492 0.519526289285869 0.448669287333237 0.387418454796218 0.326452040546371 0.265806939485756 0.169870954589271 0.0524172474827402 0.0438192052686917 0.0433484536794663 0.0460150353943077 0.0608946662823599 0.0847900348967768 0.077177813262135 0.068993561979078 0.0727122736697659 0.0770126529016898 0.0818301196580131 0.0539712478778639 0.0291910242721935 0.0496203742766938 0.08160508867218 0.125935351068612 0.127503026822647 0.113986188830882 0.0673664910453046 0.049625275545305 0.0690057872061055 0.127076006299829 0.19593753627101 0.243096203537619 0.279948455926186 0.300790620657401 0.295229793311476 0.279212984066932 0.275351404418542 0.270758629144622 0.264782024791697 0.257199203347781 0.24880265777963 0.243034927926015 0.237427136441028 0.232078884768747
-9999 -9999 -9999 -9999 -9999 -9999 -9999 -9999 -9999 -9999 -9999 -9999 -9999 -9999 -9999 -9999 0.455088174381875 0.46234197092174 0.455030101054849 0.41399267353002 0.329273972366298 0.217921721407843 0.116664442946977 0.0428351150946939 0.0463008737833532 0.0519008048335624 0.0590761932492259 0.0636360603491176 0.0671356767541821 0.0678445051930173 0.074501938612726 0.0864475292788487 0.0636713675333833 0.0385751424142936 0.0333130502007029 0.0440371658783163 0.0718406647926816 0.091924284616469 0.106669239257282 0.0961712384679324 0.0930838187783573 0.0995223003106137 0.135574201867426 0.180603188311992 0.218048806896314 0.237131277919895 0.227688252387082 0.243420880399969 0.26887608816716 0.274054603874734 0.274891607152367 0.267512052592885 0.259739541510992 0.251767955096225 0.246426566928621 0.241227228831248 0.236245590791167
-9999 -9999 -9999 -9999 -9999 -9999 -9999 -9999 -9999 -9999 -9999 -9999 -9999 -9999 -9999 -9999 -9999 0.585253251848531 0.580104630621719 0.563123521467143 0.509750846652998 0.434189336776145 0.208050855967345 0.0338816882468816 0.0378540599313572 0.0357370417626939 0.0291248036820444 0.0430637563532934 0.0560871820888514 0.0565385223604031 0.0654704193665612 0.0819413137836973 0.0677263598535314 0.0468107463888235 0.0199660004286292 0.00467273245341504 0.001720860311351 0.0404836984626408 0.0885436185163952 0.12898498715848 0.157510011313537 0.170717219094895 0.18381558422058 0.197110438058532 0.213321413906857 0.200535500871726 0.142705531459273 0.180767944785836 0.256369829646453 0.272537038250894 0.279907293473393 0.270628816849659 0.262462266252504 0.254859027450042 0.250001205322008 0.245319388034004 0.240929578345918
-9999 -9999 -9999 -9999 -9999 -9999 -9999 -9999 -9999 -9999 -9999 -9999 -9999 -9999 -9999 -9999 -9999 -9999 0.586095796487628 0.588874665208754 0.559458617709986 0.510412535808642 0.282900463879234 0.0962419393879669 0.0608428320441569 0.0362963395842016 0.0197613050370414 0.0455507704418332 0.0703561607003675 0.0726331893115416 0.0763623611631933 0.0813824511081887 0.0732782497191519 0.0585434502385535 0.0222819268976607 0.0072822321321064 0.0149983009187159 0.0478932143791166 0.0889929186518596 0.144596245950667 0.178660554952902 0.185037620816454 0.18922751462338 0.192330695372557 0.190661478536001 0.172504197337378 0.128734192523371 0.171843465273434 0.248928492314028 0.270925169970677 0.282334438245676 0.273706435423707 0.265314771424423 0.257042838812999 0.252845427194871 0.248787897615457 0.244880364461091
-9999 -9999 -9999 -9999 -9999 -9999 -9999 -9999 -9999 -9999 -9999 -9999 -9999 -9999 -9999 -9999 -9999 -9999 -9999 0.611390769956866 0.592078290799665 0.560990516820587 0.336662490804533 0.143892291769537 0.0783048561577594 0.0395780283262247 0.0206798437338092 0.0521293107032034 0.082100265980986 0.0841234954322235 0.083170864884988 0.0795727711298512 0.0755549005784809 0.0655076658358114 0.0254271727999098 0.00959189636697734 0.0196597827627988 0.0449419269968279 0.0779082143660044 0.139722471024934 0.178510460544997 0.187699428973583 0.186670534930856 0.181749274846141 0.169440109066124 0.151564013656339 0.125040194240726 0.174287831691927 0.252962476470473 0.27639905249816 0.288636549482364 0.279679155937485 0.270601128723749 0.26146198740091 0.2577315813761 0.254202189079794 0.250907707381538
-9999 -9999 -9999 -9999 -9999 -9999 -9999 -9999 -9999 -9999 -9999 -9999 -9999 -9999 -9999 -9999 -9999 -9999 -9999 -9999 0.593542293323775 0.564811160312637 0.351976837508204 0.164722996892468 0.0856903029781305 0.0478232838053142 0.0403449842335352 0.0661676772012311 0.0892409261112006 0.0872189556506205 0.0825342888982091 0.0754825534404587 0.0718600110300514 0.0637777921684817 0.0300844654556583 0.011354889209314 0.00861232067708463 0.023100428721057 0.0457942742494613 0.097499602990004 0.139524232173752 0.169104845632597 0.169584335065814 0.160590014476457 0.150841587696922 0.143552629570979 0.140084234579786 0.197460310695644 0.277918703501764 0.294791945573027 0.302003647053314 0.290930336491725 0.280324977851127 0.269956687891486 0.266340664255324 0.263164104127022 0.260721107700509
-9999 -9999 -9999 -9999 -9999 -9999 -9999 -9999 -9999 -9999 -9999 -9999 -9999 -9999 -9999 -9999 -9999 -9999 -9999 -9999 0.519406194737323 0.525199257591275 0.359988478455469 0.204946564009213 0.111189184245699 0.0576283782973896 0.033740896502336 0.0579931390620814 0.0825193316688128 0.086620356391638 0.084038095575745 0.0755145653420533 0.0703123564245608 0.0612526807777293 0.0297176642716929 0.0101923792068049 0.00349807990475709 0.00957016524196281 0.0242059329601418 0.0786347833440794 0.119674941770464 0.143504660777858 0.136719582372071 0.122299452289556 0.136430341553379 0.154975340102489 0.180377260037244 0.225945066484156 0.278725189787452 0.295052128832334 0.303069266939359 0.29535963675477 0.286016261057407 0.275845215088036 0.273628665167112 0.271338578936662 0.268531756852671
-9999 -9999 -9999 -9999 -9999 -9999 -9999 -9999 -9999 -9999 -9999 -9999 -9999 -9999 -9999 -9999 -9999 -9999 -9999 -9999 0.498080769834549 0.469545770299987 0.364439429320555 0.254625800527104 0.145519905182248 0.068194026957824 0.0143283260596048 0.0389879209152389 0.0690387092688767 0.0842205889926762 0.0865855208213995 0.077556514725822 0.0698116614557394 0.0583398233693751 0.02690119008929 0.00760343778113608 0.00127678908696006 9.23355180177836e-05 0.0077497162015424 0.0711589986684892 0.109156536041804 0.114488649425134 0.0961614433579215 0.0756559236118655 0.124060748170427 0.175873824445329 0.232981312926866 0.257020008964061 0.267756623753031 0.286471074041396 0.298136870329895 0.296462690239578 0.28974132544563 0.280463011173404 0.280272526274272 0.279129109666147 0.275365894496001
