layers/veg_krg/veg_2700.asc
NCOLS 255 
NROWS 330 
XLLCORNER -2985163.8955 
YLLCORNER -3022031.214 
CELLSIZE 25000 
NODATA_value -9999 
[rows 125 to 149 of 330, columns 57 to 113 of 255]
0.102033790323962 0.126849280165937 0.15768104675707 0.178688215254868 0.187239538974548 0.223045468659626 0.263916939048865 0.261765688172293 0.24915735815999 0.220534729719403 0.200005489547402 0.183221637855274 0.181664863649771 0.181368351702595 0.183421452442223 0.188006056194392 0.193853703251971 0.284875136583535 0.357972083918697 0.386928579937734 0.486683195073134 0.629605169440022 0.673766940613672 0.709558415716554 0.739626083223208 0.772057013651267 0.806232517312073 0.80829039283605 0.804637015621056 0.793982651674704 0.775010513522661 0.748644087452478 0.712470750418498 0.674936939017617 0.63944787966125 0.604158702467409 0.569083075859122 0.539032119308977 0.511073639635969 0.489362252006695 0.46942617529833 0.45177216476574 0.430640762051605 0.409191359654008 0.397897474400204 0.391173686890124 0.391549134792697 0.395033332055249 0.399511149199639 0.394217751730528 0.38699958743481 0.376138693051597 0.362045912594183 0.346315829383547 0.347545276788748 0.344107005378436 0.329031308291201
0.0975757244189573 0.103865869944252 0.131220411717009 0.157050035764902 0.180946335080336 0.202937028975089 0.224422703743632 0.247108465450573 0.242652174670674 0.196629694820323 0.177829566972788 0.170223809512021 0.170096689931911 0.169586993839572 0.168364028250453 0.152484677600189 0.129292813813943 0.207324996790183 0.262214820286718 0.260417278807877 0.347495181576654 0.488762634528105 0.558990505959829 0.617276560316859 0.654352606143385 0.703485026474233 0.761517526459246 0.777765273498398 0.785628545085121 0.78082328729074 0.768811230354591 0.750392513835643 0.716156763125763 0.679405429861236 0.644330961017147 0.609060067798188 0.573579318233166 0.543389080064035 0.515218112320604 0.492269951121279 0.471348147127838 0.453031115732323 0.430324217704168 0.406999915402911 0.393777902669104 0.384108869959704 0.379959071854064 0.377550585004865 0.375756028559885 0.370503029396772 0.363755060565754 0.354177777080157 0.342797312037022 0.330503338887186 0.326814357785843 0.320055518091737 0.30575353951446
0.108673388528033 0.103410829801835 0.118030339456588 0.144607439421261 0.186344639311214 0.169352829779405 0.141470568489925 0.206593609620982 0.212380970445377 0.127299812485262 0.114505130307057 0.130343526893654 0.131989413887791 0.134775250028405 0.139686389024976 0.12101014067025 0.0905654324169673 0.120382068412898 0.140747914444317 0.137309301828111 0.179426973709032 0.249321435746017 0.387347792174391 0.503313875185019 0.542874464261783 0.604043803314515 0.68116483629846 0.721188109096821 0.749720740927959 0.751906795550482 0.750249426275685 0.745175351739905 0.715278448276105 0.680953938507748 0.646841161391598 0.612196226849435 0.576982744676525 0.546474433866053 0.517971520714357 0.495657132862223 0.474130286718264 0.453615782848027 0.429488645395014 0.404878107427564 0.388891993946483 0.375659699232034 0.366705214053487 0.35947871533287 0.352961710423848 0.346533619088477 0.339543625360403 0.331490199571966 0.324263195099421 0.317454863149597 0.307892552864531 0.297026275747033 0.283233901537197
0.164674995543099 0.11152941274102 0.117457984944639 0.131005054582803 0.154211025336888 0.138152869052666 0.114498320812363 0.149243156157344 0.150523148227186 0.100554031429452 0.102411306521506 0.12394496011266 0.108738270409804 0.101099448111025 0.107570036093465 0.104260656877576 0.0960717566673298 0.120391168857176 0.135796133516994 0.129589391682751 0.1413449344995 0.164052525249517 0.226781803735037 0.289497829042647 0.344703009949086 0.445186308665964 0.579094154286145 0.639548570928818 0.685252431054495 0.708643427292423 0.719049239572637 0.717911556384114 0.701433081048287 0.67952750492771 0.644179357798463 0.609891511268575 0.576736471243259 0.545852311523951 0.516202741956755 0.49150473123254 0.470157750131945 0.453118336380824 0.430007900717818 0.405262050352683 0.384650582635697 0.366966865066021 0.353831143773607 0.342632078464471 0.332299116505713 0.324556733012407 0.317150514942994 0.310380508952397 0.303987771184175 0.297786160913957 0.288218982265107 0.278282890643713 0.26763113227951
0.228685495362817 0.127030966806732 0.123360203852078 0.120889711630749 0.119940949438883 0.110495631359409 0.0989335541212118 0.0943401722006701 0.0874212289611341 0.0769408482979871 0.0908177049762886 0.112951694102303 0.08695336586548 0.0732670577557201 0.0825350819681377 0.0939872675502759 0.106529197202358 0.130558919423919 0.145351815452657 0.13851934008978 0.129148319105801 0.118229484251633 0.0966806052703926 0.0957283579863777 0.156219948345484 0.290765134177166 0.479977077262189 0.56385933970595 0.628391702535893 0.667651490897512 0.685279603354887 0.683677710785385 0.680049112587698 0.670482259891508 0.63280130231439 0.599585716934555 0.571140856642946 0.541434196179034 0.51185697179306 0.485535307612484 0.465291242402534 0.452859601978251 0.430906856428327 0.405835104093896 0.380272073274643 0.357970650211039 0.340735841163052 0.325859200844917 0.312090659874869 0.303354910503011 0.295615506750757 0.289761743438637 0.283710140142521 0.27755830931887 0.269010189327779 0.2607488462139 0.25326122392597
0.29482865146002 0.170741925607068 0.149923831468155 0.128263152114231 0.105534224415611 0.0977578468184294 0.0927865022240226 0.064522892763806 0.0436670478072504 0.0341556853690247 0.040636167839 0.0533644902682447 0.060253367142098 0.0722791852554391 0.0938822340030534 0.102697497873384 0.105132549671968 0.119448019308781 0.130644700924287 0.134262816107575 0.135956243781519 0.136476142014835 0.102412576472229 0.0770106410282079 0.0830705933195979 0.204922809075855 0.41225348834565 0.536470338422127 0.630499380667458 0.648919215520406 0.649412151948216 0.633968535500615 0.63322954735571 0.627630832848519 0.584161618090572 0.555629938233427 0.543057257841288 0.521951795618865 0.498887904054827 0.476964692165385 0.461579890921703 0.454599862950278 0.432525856097801 0.405302740481132 0.37472709142805 0.347728385192367 0.326286137602055 0.308456947772729 0.292334577234591 0.284240978881046 0.276702063699837 0.270212917796113 0.264814365483015 0.259968317759369 0.252609927761399 0.24553152089069 0.239216000607307
0.358491693022112 0.244899220932908 0.194183613970989 0.150182532415583 0.114694276059509 0.0995800795676025 0.088362589976308 0.0463019258213684 0.0264545108846383 0.0406251613584305 0.0353738379910682 0.0231734245224367 0.0379763190563685 0.0564051917387019 0.0815942797676957 0.0906509861842576 0.0916587602096839 0.102245741214448 0.113869747929856 0.127545632275664 0.137357502396654 0.144813387751381 0.106014024890499 0.0698903672217017 0.0501275013371124 0.161407539028868 0.369424143714646 0.508178338939028 0.612285391715462 0.617973213493537 0.612194232185851 0.596221557058162 0.578471290957177 0.557956618682444 0.525111740279609 0.508613015606356 0.509578233970401 0.500889451851847 0.488823378629472 0.469491508416059 0.455827750783573 0.449450045328799 0.428123958739939 0.40147367475304 0.368674429588001 0.338680680606067 0.31304501737416 0.291796498563431 0.272706003916243 0.266367781762105 0.259942127100904 0.253351001474753 0.248669090325721 0.244954404520687 0.238522582090203 0.232308712244102 0.226721732736894
0.419593534285999 0.35049827634056 0.256718115859321 0.187123422760841 0.148191605104585 0.116438360086941 0.085718154330018 0.040056405415103 0.036651380325167 0.0979596252747219 0.0764993202687136 0.02333958485302 0.020266827158763 0.0251583849721285 0.0448984845352581 0.057169104039903 0.0657129743619381 0.0787529314225136 0.0949593498094277 0.118287338889484 0.133175327452321 0.14291723955454 0.10741529444148 0.0747467075747221 0.0587051905276895 0.161603180108182 0.35230294481041 0.478953818306393 0.573085331734245 0.574414164813091 0.57358169136613 0.570827871855192 0.515514792947113 0.460582663473857 0.455311314241011 0.458434866904851 0.470527385048446 0.478195509642401 0.481758357675614 0.463151636194006 0.447968099704456 0.437184882388175 0.417504314966107 0.394240123336348 0.362097489480871 0.330866591843675 0.301051994340698 0.275902106021254 0.253209108755789 0.249775884169516 0.245406104474061 0.239263841261303 0.235364240497801 0.232600792840692 0.226823771624379 0.221145629724926 0.215829127814027
0.424357134448937 0.387674680091271 0.320506389091235 0.25651846774932 0.19656269005565 0.152013773358577 0.115976515463288 0.123317224082512 0.113778488602014 0.0783900438855125 0.0450179573017725 0.0143901837238186 0.0440053467945166 0.0598762964594839 0.0501227556861535 0.045131459388547 0.0425161906816605 0.0498002389223168 0.0614862002604078 0.0829461010143732 0.107023067072978 0.132695722389259 0.115667252528113 0.0983804897939682 0.0883209497902651 0.149455156440793 0.263144964766921 0.357608401266793 0.437049101808269 0.469001978417672 0.50170093505256 0.535063137693167 0.502502385629335 0.462128774480889 0.442221206159608 0.446274185638628 0.475926192806323 0.48333166089713 0.482751842275744 0.463935590287583 0.444308787318236 0.423640064899109 0.404742891666181 0.385757161822984 0.358444202661155 0.330016152375371 0.299855908416838 0.273170255159201 0.248403609623235 0.241106587315381 0.234146244303872 0.22782308590386 0.224705030973264 0.223210710485763 0.218011995903766 0.212090337484742 0.204640834906042
0.41698638086655 0.406333314972201 0.37855788760283 0.329357944335955 0.252995521552829 0.201004478020738 0.165015397560303 0.228061562793792 0.209410051504491 0.0656441602098681 0.0225948276342683 0.0219333834575495 0.0792117924921232 0.103413697289207 0.0659482995244351 0.0413090429875932 0.0230691356642119 0.0240498966101143 0.0298217628569555 0.0459395251326011 0.0780093547722068 0.11980555328968 0.122651388714079 0.121794414430256 0.117520595503403 0.133753879651286 0.165125616140367 0.219708681807372 0.277632712665008 0.337681549730768 0.408827825269753 0.48983943896239 0.492745881937964 0.477561910781675 0.442064862134536 0.443990648988976 0.485898334845809 0.490455485336126 0.484032120563161 0.464864136879889 0.440939529071019 0.410900538198287 0.393596375658948 0.379691154885583 0.356716117309531 0.331103875111956 0.301394972954485 0.274072565228693 0.248112685122618 0.235713429953302 0.224767500001231 0.216572070225383 0.213549543066284 0.213147655218754 0.209024703235193 0.203208916007955 0.19360073543585
0.41698638086655 0.408191050986693 0.395528458294576 0.373799217088858 0.340575076501985 0.311467276846066 0.289404665961212 0.33611762180723 0.324136652025576 0.222269966669916 0.177897671552055 0.156386350180244 0.126302100814368 0.101617509979174 0.0869999556709191 0.0591793909419808 0.0247714455777097 0.0288378750167176 0.0337486588421588 0.0392688751143017 0.0646117188594878 0.102040907435875 0.110052247708162 0.113704923571894 0.110267562767388 0.113573568652727 0.121857563622208 0.116251794208587 0.113698038659046 0.128720322017368 0.226121821880308 0.396756332190824 0.425358564773252 0.429518533404261 0.439388574604364 0.448236888759758 0.455993607717674 0.466647155583068 0.474388708079529 0.45539394472079 0.432834027035622 0.405691296275891 0.396872694854922 0.392085343316992 0.363430098246907 0.33426615408208 0.304311991670227 0.278696491401347 0.255097464569401 0.239976410604143 0.222967222858458 0.2023846351372 0.194785878408144 0.193764848041602 0.194228437186877 0.192143670454683 0.184042592391308
-9999 -9999 0.402530783023804 0.398417919845441 0.389090676917733 0.37867821526822 0.370312254715079 0.390606225075386 0.380063160557673 0.322295295235625 0.297743859779878 0.284134676121999 0.194970581329847 0.131577318972928 0.116230782160028 0.0743538379803342 0.0192400723359132 0.0406872724561489 0.0509561930559854 0.0328866651099355 0.046499786474888 0.0794306004746609 0.0872679006971019 0.0930055642536334 0.097367219152177 0.0977596651616597 0.0952220201007304 0.062194200269528 0.0312201853618701 0.0214935016562906 0.121853572327924 0.320077943918156 0.360930753660184 0.373736513274234 0.38800089251347 0.397504497802874 0.401921775969168 0.434026629504003 0.466263358506681 0.448957471171564 0.431099275536359 0.41253111745154 0.405511175619301 0.40003900407521 0.367029575111945 0.335984422562001 0.307990596582223 0.285326548421106 0.26489814501122 0.246404736552817 0.226506223618667 0.203948470989025 0.192216659893631 0.185969368819455 0.187026874004824 0.185626989060796 0.17817083189064
-9999 -9999 -9999 0.398417919845441 0.389090676917733 0.392172370491593 0.397217635542013 0.378566559271251 0.362962711081533 0.352025483392195 0.373554543664131 0.403556152492468 0.290438140236988 0.200976586820259 0.155619754817768 0.0861801024507679 0.00472480369263499 0.0613066213318037 0.0846576574226067 0.0268626840823086 0.0225329188538793 0.0508022095574019 0.0518340052570687 0.0566453393931411 0.0774531801415278 0.0873686351204547 0.0892432731077296 0.0694882134742294 0.049907885113474 0.0406160464476078 0.115001336287771 0.263773447053352 0.30017851033703 0.308343461592731 0.27611594171465 0.278491224594112 0.317835533110166 0.390461768657907 0.460023371910145 0.446288733930873 0.437276697575367 0.434335310197635 0.420809209701431 0.402477737612137 0.36676098391087 0.335909297700781 0.312615055850771 0.294448125916002 0.2781960424941 0.255522319861288 0.236676357256838 0.225074647010792 0.209760184378209 0.192564807763836 0.18925757578255 0.184759411139866 0.176877385711049
-9999 -9999 -9999 -9999 -9999 -9999 0.403565505023972 0.3757260037845 0.385395030842179 0.452505792629008 0.463872959961001 0.450757366122606 0.373710849086295 0.301696958965259 0.239065817530024 0.163338938260296 0.0810781998881635 0.132967842812439 0.139791313940364 0.0384033150502901 0.00921104600837914 0.0240382939286756 0.0293471232433663 0.0397588357293328 0.066678943331086 0.0802698763867041 0.0840211420412863 0.0710747361211526 0.0567636897099002 0.0448000192803378 0.0965386612102805 0.204907024864961 0.255687303881177 0.276252371268235 0.196706515367173 0.161496904231754 0.173655356916365 0.263084592376463 0.363276842947775 0.401779746648675 0.423133472600537 0.422442858024511 0.416976142808277 0.407826367751332 0.371767453225911 0.341044354374291 0.318609964804406 0.30219425121675 0.287903247655363 0.26175392423329 0.241147180977151 0.231030084182964 0.218603964676993 0.205008073354671 0.201118103395991 0.19520975515439 0.184166351624746
-9999 -9999 -9999 -9999 -9999 -9999 -9999 -9999 -9999 0.60714253779182 0.550888779309206 0.473656123261737 0.448095081318298 0.407365499742956 0.338355936819349 0.264393432913648 0.187959757171085 0.216017792056861 0.194435288728916 0.0551546363382704 0.00175933733649798 0.000730456379917991 0.0120668428297872 0.0283429691698402 0.0565705459538782 0.072769626533761 0.0800892073686407 0.0702742307567496 0.0580803079196535 0.0446437735663483 0.0753126855988355 0.145190208164596 0.209895329806183 0.244327168806509 0.130746441443339 0.0583185960842118 0.029857765781268 0.122180967727671 0.240985588264983 0.334503745685386 0.388265289067067 0.39092185523463 0.400917384158211 0.409881485611588 0.375984397610781 0.34665816927713 0.324432359935592 0.308521513153399 0.29477625932087 0.266351541036132 0.243955292707391 0.232968264751066 0.225055406711676 0.218699950991957 0.215198574891769 0.208466002546401 0.194062888063638
-9999 -9999 -9999 -9999 -9999 -9999 -9999 -9999 -9999 -9999 0.550888779309206 0.474171839126154 0.465199727138419 0.460221679318628 0.462690100500751 0.407062787615094 0.322449758487478 0.250180674116369 0.169607798348714 0.0695242192136146 0.0231900578426514 0.00962824203773808 0.00830171679901555 0.0108605192067684 0.0223511268732442 0.04941343502683 0.0879708551343766 0.0624895939416543 0.0383130668987768 0.0475355237351919 0.0632758031287457 0.0848102595935956 0.0934168379394238 0.0992792328615177 0.103041142154033 0.102648357777019 0.0978167717845035 0.119404713361398 0.145556083398274 0.157123394124526 0.191827181269191 0.256271657573813 0.314213128188731 0.36506476886514 0.353161012900885 0.339636496237488 0.32359427374021 0.303733129413243 0.282356916710452 0.262643388160925 0.247849701823637 0.242367095147804 0.234794325275731 0.226162659799879 0.220852828057707 0.21401944230062 0.203483586266036
-9999 -9999 -9999 -9999 -9999 -9999 -9999 -9999 -9999 -9999 -9999 -9999 0.476097804396913 0.491928968429133 0.537275500085202 0.496276503974405 0.412197116389552 0.304541938553479 0.207099039431987 0.133941476420384 0.0748962887792931 0.0244557644376221 0.0152756139336458 0.0106358174533914 0.0113994074897461 0.0395936771024308 0.0880374199800394 0.0615947873579588 0.0375499460726915 0.055815455308112 0.0622731959024881 0.0582341330439726 0.0324933631361699 0.0175515788635445 0.0767956930552244 0.116822178049718 0.136316886140378 0.121634351162782 0.0964190213601918 0.0559677571604769 0.0666404742681001 0.143030304439267 0.222316705820968 0.297539978609376 0.309832177897026 0.315400795738943 0.310524935108827 0.294169932156237 0.273342238224797 0.260370581905762 0.250991949039331 0.248413316284578 0.241250744505587 0.231765907704662 0.224782137178395 0.217895642494714 0.211127873896916
-9999 -9999 -9999 -9999 -9999 -9999 -9999 -9999 -9999 -9999 -9999 -9999 -9999 0.491928968429133 0.537275500085202 0.505347321948941 0.434864457368631 0.389185451161764 0.33802109376604 0.27339227176706 0.171992814009086 0.0481733928002501 0.0383498976502871 0.0362846438069534 0.0353315834315646 0.0500682988682276 0.0763872900904657 0.0710294985061315 0.0652785862824613 0.072173570738492 0.0778136293552348 0.0823380910896697 0.0548602619093824 0.0307563039215546 0.0527389115900363 0.0857849668226041 0.130651014773439 0.131369029026546 0.116685499466038 0.0690913570702231 0.0482768069112393 0.0618859742683797 0.122635973379289 0.195970307697184 0.2357607258333 0.265357115086803 0.279117998209079 0.277448137483595 0.269431972658856 0.260249706520472 0.253006524102294 0.249433167302536 0.242785905309809 0.234581375108969 0.226125339021624 0.219257255943559 0.216108893510835
-9999 -9999 -9999 -9999 -9999 -9999 -9999 -9999 -9999 -9999 -9999 -9999 -9999 -9999 -9999 -9999 0.440264829768974 0.465842751248756 0.471039912533449 0.428513413206839 0.339468334710761 0.222059731265011 0.114163288721404 0.0345613194097721 0.0348647627331296 0.0410308870961127 0.0515248737215793 0.058760925000338 0.0645614082461849 0.0664569101204429 0.0735886919404957 0.0853753923218987 0.0636682345107939 0.0396763738093029 0.0345817328749461 0.0457240632575559 0.0742136881088687 0.0940270620518956 0.108153836333648 0.0962194261285256 0.091075470071736 0.0946602755786459 0.131189875328581 0.177534821387374 0.213283324390145 0.230245392152695 0.218024424056104 0.232754954439959 0.257845124898113 0.259516261884227 0.258288871418276 0.251575853803566 0.244500707637312 0.237242103867402 0.227964031442601 0.221246818060663 0.220598314624479
-9999 -9999 -9999 -9999 -9999 -9999 -9999 -9999 -9999 -9999 -9999 -9999 -9999 -9999 -9999 -9999 -9999 0.604918007214864 0.600271500091539 0.584946456517195 0.529364700065999 0.449237432972386 0.209892242974421 0.0248038115017404 0.0260737771143127 0.0250118519181957 0.0222285125494595 0.0388237218515886 0.0536414183063266 0.0531931815749303 0.0624411151428254 0.0803086954002431 0.0672134059284189 0.0470528610138182 0.0193756313186138 0.00377234668368075 0.0010686525124327 0.0404780210294621 0.0890403645225134 0.128195824543805 0.156134105144653 0.169653308252379 0.180532599121257 0.191232331009536 0.210420269166701 0.200946439529593 0.146949133957258 0.17831871360102 0.243200286556432 0.25843653042258 0.264759659944425 0.254214216428507 0.246384310495518 0.239930120494011 0.230212853422927 0.223706454333925 0.224840856959619
-9999 -9999 -9999 -9999 -9999 -9999 -9999 -9999 -9999 -9999 -9999 -9999 -9999 -9999 -9999 -9999 -9999 -9999 0.606676468238947 0.612476199327829 0.58069922069276 0.52601079543119 0.284762211778412 0.0872091700918168 0.0506312028422909 0.0270099331638467 0.012953366406351 0.0415126176418676 0.0683329734363932 0.0696787541605284 0.073531150522939 0.0796118638931423 0.0723214591346157 0.0581063792893301 0.021105323576779 0.00579992621029114 0.0136737884898595 0.0473828764511895 0.0891249924192847 0.14290791649787 0.17471822321272 0.178283918638127 0.184850608317419 0.191751898531985 0.190646209451487 0.170380243373224 0.120350511921326 0.156782252134029 0.227352055640416 0.254536080633635 0.268724464953898 0.258317864244668 0.250886801212627 0.244963172514388 0.238207559489295 0.232124020102545 0.227646254599547
-9999 -9999 -9999 -9999 -9999 -9999 -9999 -9999 -9999 -9999 -9999 -9999 -9999 -9999 -9999 -9999 -9999 -9999 -9999 0.637618992925089 0.611361593639661 0.569094410456222 0.336127131251723 0.136790864649891 0.0701480240461674 0.0315730737854246 0.0137179891598535 0.0479982832585036 0.0801820221431737 0.0813154859859117 0.0805819734929205 0.0781887669253667 0.0744940867791041 0.0644758016389003 0.0237408267747986 0.00753607893623008 0.0175389940471802 0.0436349580444597 0.0772735691520289 0.137114523420565 0.172484669713239 0.176398915792697 0.180302554843951 0.183139217406328 0.172590239384512 0.150458505547063 0.11033400331087 0.15172141651174 0.225241276471444 0.256055543863724 0.272819066314764 0.262990759230063 0.255129263992012 0.248264173446965 0.243616282166508 0.238267272416124 0.231184575361485
-9999 -9999 -9999 -9999 -9999 -9999 -9999 -9999 -9999 -9999 -9999 -9999 -9999 -9999 -9999 -9999 -9999 -9999 -9999 -9999 0.604333720180639 0.550753595770482 0.344636750212653 0.162991966892254 0.080474623242617 0.040812928284134 0.0327875006666657 0.0614063641228497 0.0868485049567908 0.0841116267964751 0.0802683506693924 0.0754415151289364 0.0713147348208717 0.0623050020254789 0.0280278389523887 0.0087408912278464 0.00546922583177658 0.0204644969624796 0.0436598831313863 0.093934749621034 0.132295545117343 0.155341446693137 0.15958955847999 0.15787627298352 0.157666755752541 0.149944149263268 0.130550634992177 0.176699568971163 0.248177142157862 0.267456798785203 0.277150317323376 0.268701527319241 0.258897633938999 0.248407232916575 0.244310141509331 0.240263909880958 0.236059189453608
-9999 -9999 -9999 -9999 -9999 -9999 -9999 -9999 -9999 -9999 -9999 -9999 -9999 -9999 -9999 -9999 -9999 -9999 -9999 -9999 0.514197173853825 0.517684532048711 0.358302216804824 0.206717522956207 0.10805321881431 0.0516509108762161 0.0264466328618756 0.0526023224198523 0.0789756754079721 0.0832791492154303 0.0820866057579613 0.0760082439246899 0.0696854903508448 0.0590736817287624 0.0270481333383264 0.00748610864779209 0.00123989338496366 0.00772622996238368 0.0225171447978928 0.0752541741300461 0.112355866138549 0.129359177613894 0.125632683774757 0.117420778578039 0.137155195110549 0.156319776250028 0.17459916940701 0.209083084977628 0.249516250661296 0.266055006663037 0.27515586328263 0.270180074621048 0.261274257772537 0.250377453054105 0.247929545391684 0.244551589924515 0.238634993763779
-9999 -9999 -9999 -9999 -9999 -9999 -9999 -9999 -9999 -9999 -9999 -9999 -9999 -9999 -9999 -9999 -9999 -9999 -9999 -9999 0.501359509708099 0.484181763328213 0.374481597573213 0.258987740546936 0.14404362973776 0.0632681168194692 0.00771604423068595 0.0329679820347138 0.0640136946517117 0.0806774115888639 0.0849443326246941 0.0781908200817819 0.0688120551032724 0.055325267411704 0.0235004549163882 0.00503206440255954 0.000833440130111505 7.45447364663163e-05 0.00745505399782101 0.0685190412391554 0.102289513921575 0.10097564973698 0.0852182921117877 0.0695576240735803 0.11391897171317 0.166054856008979 0.230267783081954 0.245077345469277 0.240325103438458 0.258410640329253 0.270077090089044 0.269595054378733 0.262972287020948 0.253238569399949 0.2529754010269 0.249956348056663 0.240089932813258
