layers/veg_krg/veg_1600.asc
NCOLS 255 
NROWS 330 
XLLCORNER -2985163.8955 
YLLCORNER -3022031.214 
CELLSIZE 25000 
NODATA_value -9999 
[rows 75 to 99 of 330, columns 0 to 55 of 255]
-9999 -9999 -9999 -9999 -9999 -9999 -9999 -9999 -9999 -9999 -9999 -9999 -9999 -9999 -9999 -9999 -9999 -9999 -9999 -9999 -9999 -9999 -9999 -9999 -9999 -9999 0.70985879852839 0.724607272900838 0.733764930633678 0.73448141803928 0.720058233285188 0.693040607068226 0.481171474386639 0.341943464426132 0.336139382909799 0.338830016964052 0.345694353017273 0.462508420964319 0.556306051828435 0.59517445377702 0.610122846836153 0.610696228836722 0.607593617215877 0.601949084044689 0.589729582704913 0.611188142855612 0.657164069520849 0.685342696276406 0.705213474928539 0.702201622272966 0.706432920347317 0.717015873661103 0.728964316152126 0.740574622762834 0.749341764000389 0.761172630609999
-9999 -9999 -9999 -9999 -9999 -9999 -9999 -9999 -9999 -9999 -9999 -9999 -9999 -9999 -9999 -9999 -9999 -9999 -9999 -9999 -9999 -9999 -9999 -9999 -9999 -9999 0.712658316603025 0.733306268493063 0.747545814568405 0.752109771459746 0.739346666221906 0.715591606642356 0.576081756550979 0.46307615715775 0.398752366582294 0.370935664986701 0.361055963045261 0.487902824516186 0.585429863966016 0.613071702770922 0.62478087308851 0.626915118632612 0.621142473302692 0.614380167685693 0.606175324700591 0.62955440625797 0.675926338938758 0.692409579172452 0.703479753361014 0.707342796622107 0.714009802726676 0.723135656637953 0.734734868970024 0.74660659594767 0.757684926338213 0.769154187484296
-9999 -9999 -9999 -9999 -9999 -9999 -9999 -9999 -9999 -9999 -9999 -9999 -9999 -9999 -9999 -9999 -9999 -9999 -9999 -9999 -9999 -9999 -9999 -9999 -9999 -9999 0.723576182687002 0.743087935837997 0.757319077618015 0.763577405605756 0.752321106024874 0.731660332963547 0.641764996647329 0.546895128901601 0.442888266838721 0.397119297624034 0.379964307038347 0.515176048302481 0.616037238603219 0.635226718011545 0.642667461172269 0.643047662914972 0.634872647870679 0.626746965974105 0.620237335829174 0.644048455015405 0.689932843607529 0.698943481903277 0.70448463393461 0.712866167606096 0.720364686549166 0.727088873252666 0.737813349310249 0.749346177040181 0.761405378169288 0.772343448867335
-9999 -9999 -9999 -9999 -9999 -9999 -9999 -9999 -9999 -9999 -9999 -9999 -9999 -9999 -9999 -9999 -9999 -9999 -9999 -9999 -9999 -9999 -9999 -9999 -9999 -9999 0.752126221648044 0.755268857393051 0.758447784878783 0.761681506643179 0.751585217250177 0.733634381078612 0.64347774870422 0.549022036300047 0.446669968157102 0.410420163295901 0.406648332076406 0.546396648681322 0.64964943050417 0.666610719277243 0.667616024788909 0.659032394239011 0.649036009112633 0.639005182743216 0.62912043620634 0.650249180156527 0.693955503679739 0.704572624899891 0.711566582644766 0.719245508794029 0.72403691248366 0.726296193366023 0.734988968312605 0.744867792919525 0.755032036775505 0.765092241071801
-9999 -9999 -9999 -9999 -9999 -9999 -9999 -9999 -9999 -9999 -9999 -9999 -9999 -9999 -9999 -9999 -9999 -9999 -9999 -9999 -9999 -9999 -9999 -9999 -9999 -9999 0.763202936741392 0.767827805378156 0.768472843804592 0.763109023982869 0.751031096742342 0.731918753284172 0.590261817726853 0.483673043892901 0.441495883277165 0.449504483922638 0.482170815642816 0.587967483558632 0.665977487119619 0.679232670951552 0.678952023438654 0.67053685866165 0.658359065157395 0.6465581373419 0.636475263847508 0.652582232863664 0.687755203287612 0.701643429800925 0.711809956886534 0.717330801738353 0.721451652885135 0.724344823194759 0.732760462219088 0.74215736302125 0.751617937101751 0.760840446985886
-9999 -9999 -9999 -9999 -9999 -9999 -9999 -9999 -9999 -9999 -9999 -9999 -9999 -9999 -9999 -9999 -9999 -9999 -9999 -9999 -9999 -9999 -9999 -9999 -9999 -9999 0.764153907274573 0.78060581867085 0.783653314783641 0.766462452202404 0.750582310460171 0.728064968144721 0.505214861488191 0.379221947583122 0.431131944190536 0.503530247902025 0.585995055618879 0.635536251711998 0.6722894334535 0.680982064947304 0.682399577010223 0.679445020368877 0.664877177254964 0.651384405067089 0.642944461515801 0.652673979714773 0.675630724582625 0.693754700610359 0.7080903954701 0.710609715855131 0.715240197116031 0.721721995095096 0.730877264042639 0.740471457877708 0.749918710109103 0.758326805141858
-9999 -9999 -9999 -9999 -9999 -9999 -9999 -9999 -9999 -9999 -9999 -9999 -9999 -9999 -9999 -9999 -9999 -9999 -9999 -9999 -9999 -9999 -9999 -9999 -9999 -9999 -9999 -9999 -9999 -9999 0.648870535363862 0.638356329942584 0.512785187840972 0.441666956992389 0.470565370469332 0.521836836863985 0.584100837959739 0.627686386243741 0.661071510537511 0.671875701566086 0.676425830553583 0.677217507300662 0.667620907285922 0.65797753504229 0.649993927019277 0.649714818487598 0.655044525590794 0.681126668655881 0.704235856969914 0.707736911415126 0.712601895269924 0.718662934502229 0.726468420709767 0.734640296861228 0.743110059403465 0.75124525607901
-9999 -9999 -9999 -9999 -9999 -9999 -9999 -9999 -9999 -9999 -9999 -9999 -9999 -9999 -9999 -9999 -9999 -9999 -9999 -9999 -9999 -9999 -9999 -9999 -9999 -9999 -9999 -9999 -9999 -9999 0.635228841154211 0.568689211617588 0.524704444688389 0.498126010732813 0.503518741843967 0.539174057283481 0.589698264760128 0.625614461044087 0.65381653976138 0.664954296683796 0.670932189425463 0.673809201017724 0.668067406295229 0.661493754483691 0.654047951943731 0.646911379239858 0.63999992344869 0.67085294148362 0.699472179808655 0.70402289554426 0.709208818035157 0.714951765288594 0.72221529933439 0.729746426332606 0.737282320777705 0.745005753945653
-9999 -9999 -9999 -9999 -9999 -9999 -9999 -9999 -9999 -9999 -9999 -9999 -9999 -9999 -9999 -9999 -9999 -9999 -9999 -9999 -9999 -9999 -9999 -9999 -9999 -9999 -9999 -9999 -9999 0.683479114992385 0.633626303100728 0.565412861805885 0.535513728094915 0.515053991366709 0.511932112044979 0.558861304578871 0.630382051346504 0.646960222722212 0.659766643407778 0.66547953915906 0.668056170276508 0.668748026225086 0.662802994161771 0.656409228827084 0.649887938954983 0.644956283055496 0.641181868309617 0.66763255675647 0.692258871003507 0.697488106752492 0.70326802973481 0.70953086071964 0.718737258642281 0.727975620069296 0.734830565714713 0.741689664797723
-9999 -9999 -9999 -9999 -9999 -9999 -9999 -9999 -9999 -9999 -9999 -9999 -9999 -9999 -9999 -9999 -9999 -9999 -9999 -9999 -9999 -9999 -9999 -9999 -9999 -9999 -9999 -9999 0.66174655472418 0.669881494769843 0.635834863187335 0.585599416464387 0.549488159484411 0.529444130346015 0.538911658539446 0.580656118716149 0.638259178797667 0.651329121834654 0.6618009524257 0.6675613700236 0.66531376402451 0.658253641930799 0.659224922820922 0.65872630879939 0.652673118277313 0.648256608745727 0.64503159023041 0.667822567207608 0.689208090416807 0.694500532981928 0.699922637871467 0.705458446094397 0.714192677546221 0.722967661505319 0.729182513984882 0.735367766335065
-9999 -9999 -9999 -9999 -9999 -9999 -9999 -9999 -9999 -9999 -9999 -9999 -9999 -9999 -9999 -9999 -9999 -9999 -9999 -9999 -9999 -9999 -9999 -9999 -9999 -9999 -9999 0.658505320373195 0.657191545101233 0.653894195414795 0.640722674636191 0.622280696908839 0.565687730907926 0.542050133766411 0.57894346747836 0.603932579645139 0.62307279989242 0.643763066641574 0.661082407093778 0.670737502690174 0.662665289369924 0.643939640973914 0.656832370902491 0.666246813410777 0.660340857763812 0.655251564093638 0.650756793983233 0.670410129648057 0.689083621089942 0.694006697322638 0.698401843324648 0.702334037368205 0.708898304729996 0.715683942939222 0.721287424292764 0.726932744986269
-9999 -9999 -9999 -9999 -9999 -9999 -9999 -9999 -9999 -9999 -9999 -9999 -9999 -9999 -9999 -9999 -9999 -9999 -9999 -9999 -9999 -9999 -9999 -9999 -9999 -9999 0.637455172737369 0.636802236431423 0.640579127261028 0.651044294201586 0.623281865388915 0.580334151859096 0.535798117789486 0.511453804138307 0.524196729221277 0.552912867312686 0.589477111736708 0.620932031426053 0.643349334370359 0.645460698212892 0.645991861988194 0.645573385922383 0.659182611889924 0.668412052133031 0.662799458180513 0.657386697977522 0.652119415188086 0.670287144626622 0.687582166400057 0.6918187551341 0.695910154414551 0.699874234329715 0.70525744060761 0.710979865750697 0.717147225792429 0.722460386687813
-9999 -9999 -9999 -9999 -9999 -9999 -9999 -9999 -9999 -9999 -9999 -9999 -9999 -9999 -9999 -9999 -9999 -9999 -9999 -9999 -9999 -9999 -9999 -9999 -9999 -9999 0.636280104733551 0.623311990358446 0.623587061535419 0.643857062277482 0.602474341796996 0.537904488281859 0.507262172410605 0.484665257802311 0.476845772316853 0.507772816665049 0.557737163401537 0.600388697181431 0.62853623072787 0.624072629643718 0.630999592862035 0.644771849849598 0.656251918352224 0.663834345888441 0.660758037301155 0.656948030809406 0.6526038979565 0.66709866939322 0.681495385817919 0.687601295718493 0.692855104245679 0.697361689036315 0.701930371371476 0.706992403699188 0.714429437988116 0.720142732428006
-9999 -9999 -9999 -9999 -9999 -9999 -9999 -9999 -9999 -9999 -9999 -9999 -9999 -9999 -9999 -9999 -9999 -9999 -9999 -9999 -9999 -9999 -9999 -9999 -9999 -9999 0.635076564921237 0.617437819369833 0.60966645894071 0.616793150776714 0.578087060013076 0.522437104752671 0.500225794180568 0.486863239387421 0.489753678954023 0.510155104087479 0.539160188149474 0.593365816653363 0.630080771519469 0.6265797155385 0.626965705317211 0.629687661024645 0.633219519712402 0.63774676442887 0.644957315696393 0.649324710806127 0.651622310372601 0.654231851376168 0.659956495474672 0.676939677943232 0.688193636066327 0.694423529498704 0.699092735196893 0.704558528370273 0.71529278243859 0.723878390597638
-9999 -9999 -9999 -9999 -9999 -9999 -9999 -9999 -9999 -9999 -9999 -9999 -9999 -9999 -9999 -9999 -9999 -9999 -9999 -9999 -9999 -9999 -9999 -9999 -9999 -9999 0.624548156995939 0.609771498236021 0.600395181949305 0.599172452800245 0.564619016611949 0.51740471041489 0.485020649555572 0.469724624664225 0.485815131297128 0.508276279875334 0.533867511009085 0.588407914977195 0.622980417295081 0.611636367980532 0.609249469173935 0.612245475457386 0.615418647746618 0.619966409317614 0.628382122866031 0.63549048684848 0.641647110527213 0.642641943717421 0.646441080616515 0.66266712909801 0.67319938136573 0.678738636538404 0.682866151586038 0.687647655333073 0.696867087236642 0.710130992833442
-9999 -9999 -9999 -9999 -9999 -9999 -9999 -9999 -9999 -9999 -9999 -9999 -9999 -9999 -9999 -9999 -9999 -9999 -9999 -9999 -9999 -9999 -9999 -9999 -9999 -9999 0.606117062906067 0.600586356676472 0.595064138822297 0.589554736953217 0.560404864316825 0.521215813240953 0.462892597669165 0.436198533972032 0.467599465759449 0.502786227327059 0.539833077698121 0.585200051972385 0.608553643928965 0.581904039244282 0.579937647371136 0.592804922942117 0.602051416339133 0.60922630420597 0.611150577263142 0.61639261474536 0.624049958893632 0.632134198476384 0.639725441148162 0.645334370214205 0.649448244734626 0.652251077777101 0.655292635409402 0.658467743408929 0.6620942196198 0.681566966826499
-9999 -9999 -9999 -9999 -9999 -9999 -9999 -9999 -9999 -9999 -9999 -9999 -9999 -9999 -9999 -9999 -9999 -9999 -9999 -9999 -9999 -9999 -9999 -9999 -9999 -9999 0.602165815337308 0.600602414720587 0.597269880458939 0.591266259057238 0.573659792888356 0.550193548409454 0.491230287253963 0.455170493582966 0.461178752996833 0.501496170573809 0.558670680165038 0.565889393078999 0.566336407368835 0.552774792141763 0.558380968601618 0.57550625522323 0.588642452159647 0.598368573201716 0.59911154556247 0.607836301486003 0.622371733689218 0.630087504566339 0.636587681320261 0.641514707015092 0.645150822216107 0.647654913701555 0.650698076433846 0.652405937084932 0.64707523553575 0.65286175608417
-9999 -9999 -9999 -9999 -9999 -9999 -9999 -9999 -9999 -9999 -9999 -9999 -9999 -9999 -9999 -9999 -9999 -9999 -9999 -9999 -9999 -9999 -9999 -9999 -9999 -9999 0.600880702362734 0.602057216236531 0.60057261923849 0.595070203095798 0.588310068928674 0.579432514733739 0.525211406659517 0.48313462878657 0.463364007303835 0.503123321056058 0.572131431618957 0.546016692497206 0.52727654960112 0.527702220334455 0.539599893436322 0.558391801472368 0.576202189562484 0.589626691601894 0.590781582918768 0.602593167292704 0.622162741228684 0.62865354070563 0.633892947918173 0.640063767597943 0.644406446577105 0.647145994558115 0.648991948790522 0.648464326780224 0.637023671264823 0.62949265082133
-9999 -9999 -9999 -9999 -9999 -9999 -9999 -9999 -9999 -9999 -9999 -9999 -9999 -9999 -9999 -9999 -9999 -9999 -9999 -9999 -9999 -9999 -9999 -9999 -9999 -9999 0.600965564841982 0.603197497507134 0.603239683039212 0.599975727498284 0.596164335270951 0.590767153761335 0.547040309975272 0.512938253039125 0.496514569231712 0.515093648840381 0.550870608993154 0.535768042120263 0.523973575471766 0.520991183962723 0.52780463103317 0.540505002667854 0.568287603062607 0.590789953312768 0.595714480417457 0.604713229918051 0.616677981596959 0.623635241873501 0.630535784085343 0.639337393247261 0.645368507220259 0.648970121802914 0.643231263698829 0.636798485539767 0.635012062745444 0.630985916313484
-9999 -9999 -9999 -9999 -9999 -9999 -9999 -9999 -9999 -9999 -9999 -9999 -9999 -9999 -9999 -9999 -9999 -9999 -9999 -9999 -9999 -9999 -9999 -9999 -9999 -9999 0.610016206370153 0.608874629665984 0.607495166176114 0.605756534606492 0.603169894155041 0.599233733138574 0.566912435136449 0.537120938331457 0.511976065935068 0.51575517799137 0.53374548884829 0.532153156689843 0.528207494070823 0.519451588498763 0.524046100378124 0.536663702858645 0.565902919549241 0.589743330911246 0.595404071618237 0.6034668198139 0.613278210756922 0.622658061332192 0.631220209372586 0.6369742606455 0.6410491431253 0.643651530877271 0.637966850332017 0.63181242469661 0.6304986411822 0.626564003638329
-9999 -9999 -9999 -9999 -9999 -9999 -9999 -9999 -9999 -9999 -9999 -9999 -9999 -9999 -9999 -9999 -9999 -9999 -9999 -9999 -9999 -9999 -9999 -9999 -9999 -9999 0.610281781132433 0.612443108103766 0.613368837807265 0.612429028419435 0.609310839638537 0.604778501491913 0.584791109435244 0.55557734055412 0.509416980057778 0.50489596610414 0.520833579924074 0.535296362064227 0.540119557110521 0.523180353841696 0.528474920852547 0.547131133969845 0.56915177699276 0.586445408136549 0.589752089765959 0.598790844661659 0.612002504259655 0.625797735183897 0.636021968706082 0.632943694696996 0.631349373145201 0.631056357441079 0.633208009503217 0.633631332501725 0.623436519165538 0.616116054239908
-9999 -9999 -9999 -9999 -9999 -9999 -9999 -9999 -9999 -9999 -9999 -9999 -9999 -9999 -9999 -9999 -9999 -9999 -9999 -9999 -9999 -9999 -9999 -9999 -9999 -9999 -9999 0.614780007088824 0.615030245357472 0.615658300318064 0.61326305581646 0.609288484927528 0.594595670998391 0.573726564916028 0.541513124778334 0.524701017648222 0.515456035494383 0.516166364309895 0.516530254024272 0.515850312669627 0.523078690279909 0.535059665311908 0.568767181479751 0.597122064754394 0.6065474130877 0.615817301510279 0.624974016328413 0.625745830857083 0.625363856972566 0.624293772298431 0.621995078258563 0.618618993535269 0.624226054847059 0.628135344807545 0.615933187884685 0.606830727383805
-9999 -9999 -9999 -9999 -9999 -9999 -9999 -9999 -9999 -9999 -9999 -9999 -9999 -9999 -9999 -9999 -9999 -9999 -9999 -9999 -9999 -9999 -9999 -9999 -9999 -9999 -9999 -9999 -9999 0.618384704132545 0.616259731747219 0.613008797003736 0.601779013476536 0.590052225348688 0.577412561651339 0.550599646804847 0.516822999487092 0.498471823900094 0.490770093528009 0.506749868558913 0.51627099248889 0.521910713973395 0.56763951372745 0.60796197271546 0.626034260652714 0.635449831785778 0.638563380495109 0.624216631972956 0.611886314447433 0.61428056875622 0.612585568473175 0.607304623851532 0.615451801294061 0.621981283148368 0.608956790927313 0.598603408247671
-9999 -9999 -9999 -9999 -9999 -9999 -9999 -9999 -9999 -9999 -9999 -9999 -9999 -9999 -9999 -9999 -9999 -9999 -9999 -9999 -9999 -9999 -9999 -9999 -9999 -9999 -9999 -9999 -9999 -9999 0.616259731747219 0.613078874553617 0.603881017502654 0.594790645325601 0.585897696503093 0.570273946691457 0.5513431576612 0.524041097730202 0.504497116352846 0.502717765277326 0.515033145800386 0.535818921277454 0.567110339786164 0.598689288080919 0.629271042419304 0.63939705518698 0.634631447379713 0.617762922350291 0.603217394901879 0.602261580484606 0.602287216903999 0.603173506039512 0.614454474084954 0.622570210657845 0.606132295244886 0.595606065781976
-9999 -9999 -9999 -9999 -9999 -9999 -9999 -9999 -9999 -9999 -9999 -9999 -9999 -9999 -9999 -9999 -9999 -9999 -9999 -9999 -9999 -9999 -9999 -9999 -9999 -9999 -9999 -9999 -9999 -9999 -9999 -9999 0.599807166371391 0.599775588102459 0.599686008297528 0.589985507036844 0.575562879207179 0.537448655349299 0.507034103732569 0.494652701941294 0.510244541971614 0.542647231127773 0.55662386933259 0.577034638747998 0.618872744218881 0.634600290255342 0.631319552346056 0.616475031211075 0.60250088355505 0.596578150568745 0.595197048762759 0.597798588842556 0.609111082067517 0.617332393379609 0.602817895101845 0.592605836103938
