layers/veg_krg/veg_1100.asc
NCOLS 255 
NROWS 330 
XLLCORNER -2985163.8955 
YLLCORNER -3022031.214 
CELLSIZE 25000 
NODATA_value -9999 
[rows 125 to 149 of 330, columns 171 to 227 of 255]
0.296575812759317 0.311218206217483 0.31898178780605 0.321617923798046 0.284868274385656 0.253531252554542 0.230846491709686 0.229400583132886 0.236793324631981 0.237611170222629 0.240157741496496 0.246076361218446 0.247518730006164 0.246623577108627 0.263936004585332 0.279628784696603 0.290285353146192 0.292478621515608 0.289284165844753 0.255424577864115 0.236303533049318 0.269231583397414 0.238793215444609 0.159589190785814 0.170637277869173 0.200205365341143 0.255890555831675 0.309040144158841 0.359841540801679 0.397939049216337 0.430237555761391 0.444421647805244 0.474585358799614 0.522533815621805 0.558517354518573 0.589253741017147 0.602951024190858 0.618379193672246 0.636126749764772 0.623942866990197 -9999 -9999 -9999 -9999 -9999 -9999 -9999 -9999 -9999 -9999 -9999 -9999 -9999 -9999 -9999 -9999 -9999
0.26048356025291 0.282745984913988 0.3080410093252 0.330103630066304 0.292800411579567 0.261218143325168 0.23878099982881 0.238464809494338 0.247303424060502 0.246906389619626 0.248384006362139 0.253518313506726 0.258436142191868 0.263240924691534 0.276975755681079 0.289533852218144 0.298699245570925 0.303348261530465 0.305122158467165 0.270813280037859 0.248346187714459 0.270361653922011 0.241457792350711 0.173367331240647 0.195847199165655 0.227358736413092 0.247140332185615 0.294877968383817 0.368505368600535 0.393069462298916 0.406040251102481 0.407836419854725 0.432860465384191 0.483736309124993 0.539653494883676 0.592526963785987 0.609769798962211 0.630377864589563 0.655495336997202 0.661890803148854 -9999 -9999 -9999 -9999 -9999 -9999 -9999 -9999 -9999 -9999 -9999 -9999 -9999 -9999 -9999 -9999 -9999
0.251233630025352 0.256089897937616 0.295488357461729 0.340210118317863 0.297404075505648 0.264509719904356 0.247459518232981 0.24978635650199 0.260053329447199 0.258522532561392 0.258270836385498 0.260514151191205 0.265497408161404 0.271911477282204 0.282002837075262 0.291331607916125 0.298592428660223 0.308359026153699 0.319720797338793 0.289598423194776 0.263854578420173 0.261107446967504 0.238105875475252 0.199516850940411 0.232702106221936 0.259671256414782 0.224236545206516 0.26273039597512 0.369688628489695 0.376714480440054 0.367977872658525 0.379201691454893 0.400805639352955 0.433962300635813 0.50995946934083 0.589787743190197 0.608772365497368 0.630377864589563 0.655495336997202 -9999 -9999 -9999 -9999 -9999 -9999 -9999 -9999 -9999 -9999 -9999 -9999 -9999 -9999 -9999 -9999 -9999 -9999
0.276674974330815 0.292275637457639 0.316603440487095 0.339527877117924 0.301947547358794 0.272826674987806 0.257228520007817 0.258071360946733 0.265778499933647 0.269441302557069 0.273404526278815 0.277953750722485 0.282501758951106 0.287049132065859 0.300199489056375 0.311372979898273 0.317243300543006 0.326301011683827 0.337387810797285 0.313303306931694 0.28972681089358 0.275883269982446 0.27861232707219 0.294095357741433 0.320406853186212 0.336585416001079 0.306833792423323 0.33127775565676 0.405911621752763 0.401837800832212 0.38793345922375 0.40381194221849 0.424917987065698 0.451842121764312 0.507026590114699 0.562844627871588 0.563098215818276 -9999 -9999 -9999 -9999 -9999 -9999 -9999 -9999 -9999 -9999 -9999 -9999 -9999 -9999 -9999 -9999 -9999 -9999 -9999 -9999
0.309421834805406 0.33450103430737 0.338473805535845 0.333650803344742 0.304879960191368 0.28149275173813 0.266711458208979 0.265603390135251 0.270359484172724 0.279038505536733 0.287312972191129 0.294798315334514 0.298828268861754 0.3010537998315 0.318396844281759 0.332011309718821 0.335692114859606 0.342412566482614 0.351068052462322 0.330919939143787 0.310561406451249 0.296264699420753 0.324581355997978 0.385692491362277 0.402185439398489 0.40833270629638 0.396843099798743 0.409071109965503 0.443263729181793 0.431794345720364 0.417704263810642 0.437665951414792 0.458305920723266 0.479700793371323 0.5111313180073 0.542053267370801 0.547266992007132 -9999 -9999 -9999 -9999 -9999 -9999 -9999 -9999 -9999 -9999 -9999 -9999 -9999 -9999 -9999 -9999 -9999 -9999 -9999 -9999
0.34912671148318 0.355163335302339 0.337010796077397 0.311727898038048 0.300208907795468 0.287798690118418 0.273963816441051 0.271987226075878 0.275123185656104 0.282916648266662 0.291206862263213 0.300466038401351 0.303984995465199 0.304506380060166 0.326067227321554 0.340897352820178 0.33818273405061 0.33949090946394 0.343359989574367 0.315687117358132 0.299183285382557 0.324055230532468 0.361425557129332 0.408414413467432 0.41515896784068 0.419877156883722 0.437697372683383 0.450262484492629 0.457960905592712 0.451540089591542 0.447700824193512 0.472848067101949 0.490836553242955 0.500857598486512 0.527262534230497 0.554345135318557 0.551742834681273 -9999 -9999 -9999 -9999 -9999 -9999 -9999 -9999 -9999 -9999 -9999 -9999 -9999 -9999 -9999 -9999 -9999 -9999 -9999 -9999
0.383959403586735 0.381756244458417 0.352781658508544 0.316851684289495 0.309232007494628 0.298105944689642 0.281374809963013 0.280102592752889 0.285331563844253 0.288957168996363 0.293880011115224 0.301333240757679 0.306739363748554 0.311076476922867 0.33655389331663 0.353740835107245 0.349613079919439 0.34845260713424 0.349181101842023 0.323035017438074 0.312113486808368 0.353839954680006 0.388827466600369 0.418628799132841 0.423412562567793 0.430972642060151 0.462705121462126 0.47311137695571 0.463767664428531 0.448890052479973 0.442881248167337 0.490987860636055 0.518507740429201 0.523115321174785 0.544560313756209 0.567907110171206 0.570567751026264 -9999 -9999 -9999 -9999 -9999 -9999 -9999 -9999 -9999 -9999 -9999 -9999 -9999 -9999 -9999 -9999 -9999 -9999 -9999 -9999
0.413760618148529 0.414473659227332 0.386349843280246 0.349906436431222 0.332396980858493 0.312545335932924 0.288949625254502 0.290006101459469 0.301162628969827 0.297230765295537 0.295292507391469 0.29724297244028 0.307012830138589 0.320866015637834 0.349948918842196 0.370671142530441 0.370275431128737 0.369686178196757 0.368973717019107 0.353701901684715 0.350146755830613 0.385684070732926 0.40647837470684 0.415926722430978 0.426791908357033 0.441604483187877 0.471348254135054 0.477018091601121 0.460393339156275 0.423112018608776 0.402107244355346 0.491528144162631 0.541160605815817 0.546509955234111 0.563062796627664 0.579895401894236 0.574933052371188 -9999 -9999 -9999 -9999 -9999 -9999 -9999 -9999 -9999 -9999 -9999 -9999 -9999 -9999 -9999 -9999 -9999 -9999 -9999 -9999
0.387033858465494 0.394143497561886 0.384324887682878 0.369365024047122 0.361925009352848 0.351506942234091 0.336328361590164 0.337112387757188 0.344657854258101 0.352817817308097 0.359353872534762 0.362722336796216 0.3770193506297 0.397023310295383 0.389023539183456 0.382977522201484 0.383380803585803 0.374099151487373 0.358652085370872 0.343668188279651 0.340065256741338 0.371035822598285 0.401571166258767 0.431771570738642 0.437245355199069 0.439706907954008 0.443200630149446 0.436986768473354 0.421782826235174 0.423472626593134 0.437750290644459 0.502651422281282 0.543697331353621 0.558193228733614 0.571406624346779 0.582874208575755 -9999 -9999 -9999 -9999 -9999 -9999 -9999 -9999 -9999 -9999 -9999 -9999 -9999 -9999 -9999 -9999 -9999 -9999 -9999 -9999 -9999
0.350365136934413 0.362766974614638 0.373319098670428 0.383039159813219 0.38980526719555 0.39229937860717 0.387964565708778 0.388264286679792 0.390947546392189 0.413518076349282 0.430515470312385 0.436641917680592 0.452503941481226 0.473449934291553 0.430946306295748 0.400313588588918 0.402256318658395 0.383022271711776 0.350307120521628 0.331829577277433 0.325035203061733 0.350529710183761 0.393504207783579 0.449930991905512 0.447128976877554 0.434668628981746 0.414979116568077 0.401571309097136 0.39398091554193 0.439378639715676 0.490814904590731 0.519046483510598 0.545136657836721 0.568843525243438 0.581016022653282 -9999 -9999 -9999 -9999 -9999 -9999 -9999 -9999 -9999 -9999 -9999 -9999 -9999 -9999 -9999 -9999 -9999 -9999 -9999 -9999 -9999 -9999
0.33630436825836 0.340913945106932 0.358014971609717 0.379037365884539 0.396293358306201 0.406377178527862 0.404996048541705 0.407524912359241 0.412065912373051 0.433442673938001 0.449930974420814 0.456883853659207 0.453872364851721 0.445657430855545 0.451234678425005 0.459299491892767 0.472512395885822 0.44954617851258 0.403548387155837 0.372734829546081 0.353182854750146 0.364414764821926 0.399961052015577 0.454219246865342 0.441826889447048 0.428258322024673 0.445044837396886 0.467809626882142 0.496110826519477 0.51940718134726 0.540438561388963 0.554440263766328 0.571245785628481 0.591171858552486 0.592421988274257 -9999 -9999 -9999 -9999 -9999 -9999 -9999 -9999 -9999 -9999 -9999 -9999 -9999 -9999 -9999 -9999 -9999 -9999 -9999 -9999 -9999 -9999
0.330880797036454 0.333078751970551 0.347004368091851 0.365629682889049 0.39494062835936 0.412801990630409 0.412360822284614 0.416254193044401 0.422152886221168 0.436154547605279 0.44728718127424 0.452823495904096 0.44344058617606 0.426266779338783 0.461845501035298 0.493022883822226 0.510311696290053 0.493108925611935 0.453948865230977 0.424402799023734 0.404376779439117 0.411123931045326 0.434967476879372 0.471968100455541 0.457062426805463 0.445391319162574 0.473842893376307 0.509943399146257 0.553127491503179 0.567189971626532 0.575686975279317 0.584711018602767 0.596641684268583 0.611807316909302 0.618184192894907 -9999 -9999 -9999 -9999 -9999 -9999 -9999 -9999 -9999 -9999 -9999 -9999 -9999 -9999 -9999 -9999 -9999 -9999 -9999 -9999 -9999 -9999
0.336184220185763 0.342653054524191 0.341326119556176 0.340540326571678 0.383849966195969 0.409722150595032 0.407719996462701 0.411904036901259 0.418539388134628 0.417489025004986 0.417246774961925 0.418580828496661 0.41835350969109 0.417310834070665 0.460437260776157 0.49537142079966 0.50780120128454 0.508154988661675 0.500821217077126 0.48943755877484 0.484193094905527 0.498599105234185 0.505431142632203 0.506434386581896 0.497804731454827 0.491763996398951 0.501066569034315 0.522140455768983 0.554115619636549 0.574925050239123 0.593082011314609 0.608619216009196 0.621151785734794 0.630340303928605 0.627337627575992 -9999 -9999 -9999 -9999 -9999 -9999 -9999 -9999 -9999 -9999 -9999 -9999 -9999 -9999 -9999 -9999 -9999 -9999 -9999 -9999 -9999 -9999
0.341880589787151 0.355545987320948 0.349609652869061 0.340003810488201 0.371006199998199 0.390353266778834 0.391068921621511 0.399817826056599 0.411586274970732 0.405701916114075 0.400892031599778 0.398178014332571 0.398374272855765 0.400090292641249 0.448327288554474 0.483916630301129 0.486104978697286 0.492246165810098 0.500903724075923 0.522612689018625 0.545393520922482 0.568403397534455 0.567199365394082 0.54736074424917 0.54460945779967 0.542827906923972 0.53591765513354 0.540445921013654 0.555567265123119 0.570355304845788 0.586540208817001 0.610678908033808 0.627569902560257 0.63639446032421 0.638326165776996 -9999 -9999 -9999 -9999 -9999 -9999 -9999 -9999 -9999 -9999 -9999 -9999 -9999 -9999 -9999 -9999 -9999 -9999 -9999 -9999 -9999 -9999
0.347770426791154 0.368642768229764 0.362467312568364 0.348968293767616 0.359931847327121 0.368121712540854 0.37187774684681 0.385653992724239 0.403133754310361 0.395646381178913 0.388456141784023 0.381845490790553 0.379742919197595 0.379994490281707 0.431571650287653 0.466916301650312 0.459912004332083 0.470146788390491 0.491355945599473 0.548163378566843 0.600107078677376 0.62894523382256 0.623677586334209 0.592162726087021 0.597054825042494 0.600670238581395 0.580083225333624 0.566653501396274 0.559852059877946 0.565595737684964 0.577527417142432 0.609858268028806 0.631412236352058 0.640971918841908 0.653614996253554 -9999 -9999 -9999 -9999 -9999 -9999 -9999 -9999 -9999 -9999 -9999 -9999 -9999 -9999 -9999 -9999 -9999 -9999 -9999 -9999 -9999 -9999
0.354466770949617 0.372560979170399 0.378264772785871 0.379394162736507 0.374694265693694 0.370121421357918 0.365751674900905 0.374969303549667 0.389446434728212 0.381203558315598 0.372586681740685 0.363240281286359 0.358547221571938 0.356284160766921 0.399820747616634 0.435567613462216 0.449680434055456 0.48570409411784 0.53567616147196 0.598461976978154 0.646562875840738 0.64693238594304 0.651029274579832 0.657994686748489 0.691637972552317 0.718106153590195 0.702061059619048 0.66012593091422 0.594214342042646 0.601197086486765 0.623529919741483 0.652265877179847 0.66891834905838 0.672122332580513 0.669408059378112 -9999 -9999 -9999 -9999 -9999 -9999 -9999 -9999 -9999 -9999 -9999 -9999 -9999 -9999 -9999 -9999 -9999 -9999 -9999 -9999 -9999 -9999
0.366397310507481 0.380670163998048 0.392644262448336 0.401949326663536 0.384744548703687 0.370976205738686 0.362701115725462 0.364791992723595 0.371011073713101 0.365318902248801 0.358785905749915 0.350612797820679 0.344187771395958 0.338675602289657 0.371281449598041 0.404247106062161 0.435719533668723 0.49401508325184 0.569386191746872 0.635672979067317 0.684311732053236 0.681285585627243 0.688926639211675 0.704776978213696 0.746429366548234 0.778575503219174 0.759411235212369 0.710192019942977 0.633139267435509 0.654319869068448 0.690048883982112 0.701008793686889 0.706131658444389 0.704758100408935 0.711619482206261 -9999 -9999 -9999 -9999 -9999 -9999 -9999 -9999 -9999 -9999 -9999 -9999 -9999 -9999 -9999 -9999 -9999 -9999 -9999 -9999 -9999 -9999
0.386175171751704 0.395062629781217 0.404897872154454 0.41270440487558 0.38773020398179 0.370114472169202 0.364261492179798 0.355375364450148 0.345457253095037 0.34727259035863 0.348086586237018 0.346947367850841 0.340077505434861 0.330215070688386 0.347557121773315 0.372968848462172 0.416167467722527 0.491462095592824 0.587188994036823 0.653262516804422 0.709006783175967 0.740175439021667 0.742634516957404 0.722999219700861 0.741563322015289 0.753638227800593 0.719868958595936 0.695181532525019 0.678904695793846 0.733711508042585 0.787326973949241 0.759249864353432 0.742905985012602 0.739620772369035 0.729869490932369 -9999 -9999 -9999 -9999 -9999 -9999 -9999 -9999 -9999 -9999 -9999 -9999 -9999 -9999 -9999 -9999 -9999 -9999 -9999 -9999 -9999 -9999
0.398708394544478 0.41742499502269 0.423370178912174 0.423233877628332 0.398001707727452 0.377064741485804 0.362993797798037 0.347350802138896 0.331233882670846 0.324055116447881 0.31413185217453 0.298855176147417 0.299796236425996 0.309206283554794 0.345460966230526 0.38836213723041 0.44563832301723 0.519794689699116 0.604696954027421 0.663368545806041 0.71188776995474 0.735573902425409 0.734359161505266 0.713981155940916 0.730037348277153 0.745235956045418 0.737882145109487 0.724089906784131 0.704335115707224 0.756341804533314 0.809730389193794 0.794711716539224 0.776065771277998 0.753382801006514 0.748648774766562 -9999 -9999 -9999 -9999 -9999 -9999 -9999 -9999 -9999 -9999 -9999 -9999 -9999 -9999 -9999 -9999 -9999 -9999 -9999 -9999 -9999 -9999
0.408959858484546 0.442711578280001 0.443972126986983 0.433420817040171 0.410147053460541 0.385931814378134 0.360211596126204 0.339878210157793 0.321737574384708 0.299632122676637 0.272215567959844 0.23443918760268 0.246039735760805 0.283425174634744 0.350831441271701 0.420099057696293 0.491998313732678 0.558411216600659 0.621331515333277 0.669435470109405 0.705010089787986 0.705851981958847 0.702782232773339 0.696702154699811 0.718181606443039 0.744842605095975 0.777597419860008 0.76923126671024 0.722783463251961 0.757909050855873 0.803632820543155 0.820719007134012 0.831886763857343 0.836467519274844 -9999 -9999 -9999 -9999 -9999 -9999 -9999 -9999 -9999 -9999 -9999 -9999 -9999 -9999 -9999 -9999 -9999 -9999 -9999 -9999 -9999 -9999 -9999
0.434172226072265 0.462570444573932 0.456288038049767 0.436840781377979 0.396032591632284 0.364181994547653 0.346650400266801 0.332555541792561 0.319706767778146 0.29716275243672 0.261350935100172 0.199658972890761 0.211486631734317 0.261706621800578 0.32897943039546 0.399256225652562 0.475725241919144 0.548066260394511 0.617779401714722 0.646140643511011 0.666232695163461 0.670749213744436 0.698512490885365 0.744166055624348 0.76717904215831 0.78493118588825 0.793689621571147 0.78762822180305 0.767842344720668 0.791821383850062 0.82111470836458 0.833020827927419 0.838766368322583 0.837655403879394 -9999 -9999 -9999 -9999 -9999 -9999 -9999 -9999 -9999 -9999 -9999 -9999 -9999 -9999 -9999 -9999 -9999 -9999 -9999 -9999 -9999 -9999 -9999
0.452146758057797 0.472342157553897 0.459983084607119 0.435076209612105 0.387463261016741 0.353807174289034 0.342461584563903 0.331361257659695 0.320097077814145 0.296291587776131 0.255882231732349 0.183085411824025 0.1873388969666 0.231828455009949 0.309212935225566 0.387643155674753 0.466558885081071 0.539890277419905 0.609666689221308 0.637219453580092 0.656440927233215 0.660100497470937 0.70308847103293 0.776342876985007 0.798795861447765 0.81060706590282 0.806854933227162 0.802299234266787 0.796999361912475 0.812708313798226 0.830760294606439 0.839333743635342 0.843221292345253 0.841893601167039 -9999 -9999 -9999 -9999 -9999 -9999 -9999 -9999 -9999 -9999 -9999 -9999 -9999 -9999 -9999 -9999 -9999 -9999 -9999 -9999 -9999 -9999 -9999
0.45692499271048 0.463722588707439 0.44796024289888 0.423858994305058 0.389004024668952 0.364171686168045 0.355360849063374 0.341340476897893 0.324901659857523 0.298334332353471 0.260251592376368 0.199706914605583 0.182162627446772 0.187073369509224 0.2932488316636 0.3928581391687 0.470349761458913 0.535668848989445 0.593238919288577 0.654504825063893 0.699496857048561 0.694037339386646 0.723792308252773 0.780647713077732 0.798723679385214 0.81000516133017 0.814683827540913 0.810176966324493 0.797163494949633 0.80984683318238 0.826118437568627 0.834727459661196 0.839924576749894 0.841324365287114 -9999 -9999 -9999 -9999 -9999 -9999 -9999 -9999 -9999 -9999 -9999 -9999 -9999 -9999 -9999 -9999 -9999 -9999 -9999 -9999 -9999 -9999 -9999
0.456013201849926 0.456540031926324 0.439788840747055 0.417244121801357 0.39474699630702 0.381236370219394 0.382090955307333 0.370254337220349 0.352862730083413 0.32657997957466 0.298294257799187 0.26610154475433 0.234203466960976 0.202459249239311 0.303314701168492 0.399639257246924 0.476816001306604 0.54612465474221 0.610424493577745 0.683417572598719 0.735270038250721 0.72067753737129 0.730626054383069 0.759460897713868 0.775337853825566 0.788125396882377 0.79545393621801 0.800132807863993 0.802357853067891 0.814491673975123 0.827420545836798 0.834191807535567 0.837758442626642 -9999 -9999 -9999 -9999 -9999 -9999 -9999 -9999 -9999 -9999 -9999 -9999 -9999 -9999 -9999 -9999 -9999 -9999 -9999 -9999 -9999 -9999 -9999 -9999
0.452327039668914 0.450058140731325 0.433495342907423 0.412873282799934 0.402538901696164 0.401567957990916 0.41556477308377 0.408400445283196 0.392114557538186 0.367601770143319 0.352755522897184 0.356764807227456 0.314142512902255 0.247168963938667 0.32607239614605 0.407183999119891 0.48458670836016 0.563736860318996 0.643999431671524 0.717999654756582 0.767492260175188 0.743760000929109 0.730696951587385 0.725844734441498 0.740584644456604 0.75587086626508 0.763030585803906 0.781350203688891 0.810004873686166 0.822796484796066 0.831620842669564 0.835640934604759 -9999 -9999 -9999 -9999 -9999 -9999 -9999 -9999 -9999 -9999 -9999 -9999 -9999 -9999 -9999 -9999 -9999 -9999 -9999 -9999 -9999 -9999 -9999 -9999 -9999
