layers/veg_krg/veg_5800.asc
NCOLS 255 
NROWS 330 
XLLCORNER -2985163.8955 
YLLCORNER -3022031.214 
CELLSIZE 25000 
NODATA_value -9999 
[rows 250 to 274 of 330, columns 57 to 113 of 255]
-9999 -9999 -9999 -9999 -9999 -9999 -9999 -9999 -9999 -9999 -9999 -9999 -9999 -9999 -9999 0.705331231680412 0.706046769560917 0.697936226597559 0.688918964946647 0.678123240427242 0.631264304790172 0.562416739952396 0.540434610429832 0.518612261826458 0.488500770360096 0.492252072573749 0.521001068825239 0.53837437534314 0.547342715458775 0.530018138495986 0.532359699026196 0.552183951351703 0.51269717216241 0.471647352651538 0.476584623083151 0.480348179114449 0.482857759331727 0.395700517069623 0.298355173549065 0.289550009651687 0.279055341978787 0.266388908574856 0.252009445831918 0.238619968920541 0.244664733981289 -9999 -9999 -9999 0.19757044156257 0.186214083037814 0.177619284228999 0.174250893381199 0.173118245664197 -9999 -9999 -9999 -9999
-9999 -9999 -9999 -9999 -9999 -9999 -9999 -9999 -9999 -9999 -9999 -9999 -9999 -9999 -9999 0.704710545115942 0.704495717159969 0.702932706623349 0.70162996207775 0.700971998543239 0.665069581647027 0.607677752345925 0.570297501598408 0.53535088413009 0.503693333565424 0.504864186106085 0.530269140071818 0.542088827864326 0.5497273166327 0.547817244691327 0.55337420077705 0.565569153249764 0.5528475574944 0.537986029761075 0.534961308478339 0.532004638960975 0.529120674752375 0.4418978771672 0.344569194030037 0.326665783562762 0.308995928621467 0.291626296677578 0.277449207554246 0.264531477995345 0.254465795907911 0.248342168638896 -9999 -9999 0.19757044156257 0.186214083037814 0.177619284228999 0.174250893381199 -9999 -9999 -9999 -9999 -9999
-9999 -9999 -9999 -9999 -9999 -9999 -9999 -9999 -9999 -9999 -9999 -9999 -9999 -9999 -9999 0.719099911532879 0.712796417823 0.714914045118772 0.718185712346175 0.723818242499498 0.698392095996689 0.654028708374997 0.613548272378638 0.574199097990944 0.53739068956885 0.530971786406296 0.546986577333417 0.547417528294564 0.548707454880556 0.560145391748624 0.568983724843548 0.575511076863926 0.578848732884928 0.579940053016 0.572597124601841 0.567723843391235 0.565489089799944 0.500051053427884 0.422595554615966 0.371923313567657 0.334495270210564 0.314091926707681 0.298549978029773 0.284172500151172 0.264658265024317 0.253983538753884 0.257040193697373 -9999 -9999 -9999 -9999 -9999 -9999 -9999 -9999 -9999 -9999
-9999 -9999 -9999 -9999 -9999 -9999 -9999 -9999 -9999 -9999 -9999 -9999 -9999 -9999 -9999 0.728423005094786 0.736094177886188 0.737824065684 0.740757058328863 0.746660552739337 0.730959268204594 0.702085017135072 0.677746050245798 0.647640524852837 0.600041101405442 0.578194758607682 0.575359476642488 0.555271920871118 0.542360886352722 0.563913541019778 0.576136487335916 0.580065562234895 0.582711704951589 0.583741244611143 0.577781264416205 0.578507224387579 0.586376325194829 0.576910594935576 0.550396288213901 0.429919636237582 0.353045730101382 0.332220795601997 0.312861855638519 0.294002563608509 0.275463139496621 0.262727547134448 0.259007684893854 -9999 -9999 -9999 -9999 -9999 -9999 -9999 -9999 -9999 -9999
-9999 -9999 -9999 -9999 -9999 -9999 -9999 -9999 -9999 -9999 -9999 -9999 -9999 -9999 -9999 -9999 0.743072631354125 0.761709276669455 0.771413013637507 0.759942518782188 0.740751033286117 0.71685186938316 0.700322135959232 0.680104143971648 0.647862788775187 0.626796597121026 0.613979970511407 0.593002934203255 0.578450863315063 0.59150760484621 0.593372113832656 0.585287015167373 0.587424921341295 0.589891876689891 0.584733222052549 0.586130016747183 0.594530538166247 0.605749514752914 0.600640410338845 0.470108213720434 0.381825223192216 0.347851302154949 0.323401669397911 0.302110653558245 0.281796484269046 0.269522241248178 0.269737299874663 -9999 -9999 -9999 -9999 -9999 -9999 -9999 -9999 -9999 -9999
-9999 -9999 -9999 -9999 -9999 -9999 -9999 -9999 -9999 -9999 -9999 -9999 -9999 -9999 -9999 -9999 -9999 0.79975945110397 0.815279631163578 -9999 0.729587683368038 0.717793469702831 0.705930538287382 0.695383113468005 0.688646168946709 0.674887642323598 0.655945746522463 0.641990911789652 0.630875643917374 0.628133665669285 0.614621426581697 0.591534701864741 0.593208899694822 0.597493429691072 0.592455394426569 0.5922484641365 0.597203001398764 0.614210168540496 0.61792858317798 0.501766040066081 0.413804199303875 0.362092836250848 0.332193632311628 0.309340781819281 0.286366606008804 0.273152412194282 0.275099471748504 0.278113324078317 0.281146936069014 0.269547525019021 -9999 -9999 -9999 -9999 -9999 -9999 -9999
-9999 -9999 -9999 -9999 -9999 -9999 -9999 -9999 -9999 -9999 -9999 -9999 -9999 -9999 -9999 -9999 0.777816360336223 0.79975945110397 -9999 -9999 0.738577561199091 0.741254575584741 0.719138172633192 0.700164969958547 0.694894928961834 0.682494623231067 0.664830718226273 0.650925378662111 0.639363989840548 0.634873944907505 0.630402277451475 0.625946947101127 0.625992002450376 0.623157885841016 0.601712406729917 0.590848614752836 0.591290111127016 0.601365911689358 0.599171200522813 0.489008484150617 0.407522272308435 0.362898156145717 0.333795337096193 0.31028655317042 0.29399030826508 0.282117681993444 0.277116749024123 0.278113324078317 0.281146936069014 0.269547525019021 0.261958203591287 -9999 -9999 -9999 -9999 -9999 -9999
-9999 -9999 -9999 -9999 -9999 -9999 -9999 -9999 -9999 -9999 -9999 -9999 -9999 -9999 -9999 0.797717237841512 0.788584449265909 0.797446354447224 -9999 -9999 0.755252404490691 0.756210579254241 0.73064851133859 0.708708234034824 0.702175150880196 0.690017850062831 0.673708721913563 0.661146714905062 0.650454630969821 0.645070273017516 0.646839912064951 0.654969270945295 0.650836755107935 0.641263802256354 0.615384451174307 0.601213401403481 0.599551294748283 0.608798655917477 0.609848436057516 0.530607057883188 0.458586774102397 0.395848816630466 0.355357366782988 0.323660530141595 0.312077333724181 0.301825448920559 0.293641636854965 0.287131795415872 0.281146936069014 0.269547525019021 0.261958203591287 -9999 -9999 -9999 -9999 -9999 -9999
-9999 -9999 -9999 -9999 -9999 -9999 -9999 -9999 -9999 -9999 -9999 -9999 -9999 -9999 -9999 0.809976930854384 0.819220566383649 0.81025110202861 -9999 -9999 0.75405469709316 0.753084892721332 0.738922180863859 0.724424339257198 0.711422325916913 0.697381361504364 0.682573437895531 0.673822055230241 0.666507736204125 0.661857136448536 0.664530004795104 0.673713248437701 0.660543418388798 0.64495591118685 0.637475770446216 0.634012838777912 0.634841822600477 0.654898761856774 0.676656211997548 0.675860413607673 0.619008428671405 0.49009924758223 0.414982870444574 0.360734556259704 0.350117462771095 0.342018692003847 0.337831908867177 0.31334810049265 0.281146936069014 0.269547525019021 -9999 -9999 -9999 -9999 -9999 -9999 -9999
-9999 -9999 -9999 -9999 -9999 -9999 -9999 -9999 -9999 -9999 -9999 -9999 -9999 -9999 -9999 0.847697991496741 0.845225433297289 0.847624654097972 -9999 -9999 0.757690715097402 0.756899736010764 0.74504593832675 0.73254708318634 0.72025163022659 0.707901568746837 0.695511194967758 0.69148902727314 0.687733974829774 0.681247370097671 0.681853368436772 0.688764508981066 0.684144048831077 0.678846553711735 0.68060787450625 0.683004248970508 0.686079103601875 0.70732864965117 0.731512687766035 0.744155223088106 0.684993319555602 0.533530693231129 0.451132486442278 0.394430140353167 0.379944341863273 0.366663868921311 0.355255760706212 0.351943535285397 -9999 -9999 -9999 -9999 -9999 -9999 -9999 -9999 -9999
-9999 -9999 -9999 -9999 -9999 -9999 -9999 -9999 -9999 -9999 -9999 -9999 -9999 -9999 -9999 0.856915574932012 0.868259530918574 0.857252042734464 -9999 -9999 0.760436492760122 0.764065459692873 0.750072151948621 0.736793367670526 0.728867608860844 0.720033289359986 0.710528265534274 0.711704259193407 0.71160113109657 0.701966640872924 0.698989514536181 0.701930613933663 0.71483763826094 0.728153740538305 0.734481433604639 0.740261764717624 0.745457303950375 0.762989931515881 0.780267948454608 0.773162203116279 0.702767639336933 0.551018722262149 0.475297511828641 0.426401008212288 0.40557830438908 0.383371658743413 0.359015184068695 -9999 -9999 -9999 -9999 -9999 -9999 -9999 -9999 -9999 -9999
-9999 -9999 -9999 -9999 -9999 -9999 -9999 -9999 -9999 -9999 -9999 -9999 -9999 -9999 -9999 0.869455689156079 0.869507769618801 0.869457233890461 -9999 0.850986709068886 0.825223431582234 0.783751648444199 0.755542497042197 0.734456946767339 0.731459742883365 0.725695520504508 0.71788867038543 0.718349534314569 0.718936939692605 0.716313048019343 0.717374021919051 0.721710746796411 0.738605656809996 0.755631088436927 0.761908433264399 0.765558832065237 0.766402647951821 0.771549298638043 0.776799898347383 0.774966013434289 0.70899055486301 0.560564572283665 0.507386203797498 0.482581841880322 0.42709882594261 -9999 -9999 -9999 -9999 -9999 -9999 -9999 -9999 -9999 -9999 -9999 -9999
-9999 -9999 -9999 -9999 -9999 -9999 -9999 -9999 -9999 -9999 -9999 -9999 -9999 -9999 -9999 -9999 0.869950665609151 -9999 -9999 0.850986709068886 0.829405880886076 0.794666689538996 0.762882491584211 0.738360198720026 0.734250086910049 0.729934667495803 0.725467688918314 0.727018538102685 0.729362423485439 0.7319842471856 0.735335989767192 0.739336611511975 0.758247173766135 0.776917693928747 0.780834775982287 0.781835320313652 0.779719887058557 0.776306910533368 0.773138799481818 0.774141771559274 0.722525585256968 0.603270316627263 0.553695074200829 0.525379831903287 0.480945603986437 -9999 -9999 -9999 -9999 -9999 -9999 -9999 -9999 -9999 -9999 -9999 -9999
-9999 -9999 -9999 -9999 -9999 -9999 -9999 -9999 -9999 -9999 -9999 -9999 -9999 -9999 -9999 -9999 -9999 -9999 -9999 -9999 0.828530159599367 0.792381298100244 0.774603775393889 0.757271787600771 0.737795810550654 0.731132793774565 0.733928372283784 0.741103160139966 0.747855471138243 0.751080377009734 0.752243162139657 0.751572774823676 0.768503632113959 0.784672619130456 0.781011368716206 0.778401975844183 0.776916369063045 0.774369283250625 0.771525489943431 0.768432592687599 0.753832377186084 0.724440126423004 0.633109336515669 0.526612368159413 0.48141181242448 0.453913292873715 -9999 -9999 -9999 -9999 -9999 -9999 -9999 -9999 -9999 -9999 -9999
-9999 -9999 -9999 -9999 -9999 -9999 -9999 -9999 -9999 -9999 -9999 -9999 -9999 -9999 -9999 -9999 -9999 -9999 -9999 -9999 0.779174522551938 0.788736090120537 0.786750392911522 0.781153722808984 0.767288800581052 0.761685417868799 0.762180747479159 0.763999356693251 0.766170921697389 0.76906990240787 0.767927958691647 0.763193736809702 0.773686968460869 0.783619353562174 0.776891639526373 0.771646416967935 0.767985062219761 0.763064324506025 0.758014881641725 0.754314988342844 0.75394593117069 0.757858483699869 0.69027284563757 0.604017736613129 0.573888129127301 0.564196574400607 0.586253694658505 -9999 -9999 -9999 -9999 -9999 -9999 -9999 -9999 -9999 -9999
-9999 -9999 -9999 -9999 -9999 -9999 -9999 -9999 -9999 -9999 -9999 -9999 -9999 -9999 -9999 -9999 -9999 -9999 -9999 0.77323464488482 0.779199605456651 0.788801549595555 0.799162028651199 0.808132596543367 0.812949092372136 0.810528331856644 0.80276499029256 0.792385895930303 0.784375714518573 0.786369921350257 0.782851113594852 0.774431377280222 0.775709328502013 0.777077853664893 0.770094944988481 0.762820842621802 0.755235634039939 0.745922740347361 0.737091268195119 0.734958236647716 0.734623507462473 0.736600398707299 0.733572287698661 0.72888510532553 0.723694384290815 0.690761029206575 0.614731989712714 -9999 -9999 -9999 -9999 -9999 -9999 -9999 -9999 -9999 -9999
-9999 -9999 -9999 -9999 -9999 -9999 -9999 -9999 -9999 -9999 -9999 -9999 -9999 -9999 -9999 -9999 -9999 -9999 -9999 -9999 0.78319957863922 0.799240378256484 0.817250292460352 0.833323436914546 0.843437787669353 0.842338859794145 0.832962230114329 0.82306881380371 0.813631783592489 0.806127885067057 0.797612210750952 0.788197093708965 0.778820772654941 0.770210196706003 0.765427108980536 0.759506983663789 0.752372067390472 0.746004134099127 0.740476410986759 0.739738798999338 0.740045250200483 0.741693788165098 0.74097316060914 0.73923703217598 0.734365739657067 -9999 -9999 -9999 -9999 -9999 -9999 -9999 -9999 -9999 -9999 -9999 -9999
-9999 -9999 -9999 -9999 -9999 -9999 -9999 -9999 -9999 -9999 -9999 -9999 -9999 -9999 -9999 -9999 -9999 0.809569801703776 0.814816501151784 0.826321174128057 0.824395127667045 0.814280040339938 0.834436037220113 0.854354162640925 0.867933576026519 0.868268479021739 0.858826214145104 0.848389425250827 0.837350273771353 0.82450663892098 0.812467139186313 0.801142494943463 0.785345862293544 0.770954310344852 0.767712418723349 0.761941298521022 0.753467995004224 0.74012715152747 0.72700567353201 0.72438064628932 0.729239080713436 0.743717100386746 0.744614999709662 0.741377141093826 -9999 -9999 -9999 -9999 -9999 -9999 -9999 -9999 -9999 -9999 -9999 -9999 -9999
-9999 -9999 -9999 -9999 -9999 -9999 -9999 -9999 -9999 -9999 -9999 -9999 -9999 -9999 -9999 -9999 0.807083535281437 0.809569801703776 0.814816501151784 0.826321174128057 0.831402547814573 0.832567477514257 0.847758294214558 0.863421338947736 0.877828807041985 0.880318764265228 0.874011151705508 0.857327197290813 0.842335547997422 0.838281212075203 0.8276342226779 0.811126533442658 0.801766885454047 0.794340412194314 0.790173146081474 0.780270185789802 0.764239310755886 0.712978563369133 0.658463647224201 0.644251337110857 0.665132910211709 0.731125772223369 0.744614999709662 -9999 -9999 -9999 -9999 -9999 -9999 -9999 -9999 -9999 -9999 -9999 -9999 -9999 -9999
-9999 -9999 -9999 -9999 -9999 -9999 -9999 -9999 -9999 -9999 -9999 -9999 -9999 -9999 -9999 -9999 0.807083535281437 0.811388707196385 0.817823843752097 0.829005093935888 0.836310311329018 0.841252215939891 0.850972299538661 0.86103461862824 0.871192764967654 0.871168243273356 0.863626821987107 0.841043039191759 0.81960738718604 0.809157415201128 0.794842737142865 0.777092434515017 0.761295318792337 0.74764721505875 0.74306552942571 0.731738667881214 0.713205379072972 0.667532885211823 0.619810570510549 0.606501839437556 0.599016361923284 -9999 -9999 -9999 -9999 -9999 -9999 -9999 -9999 -9999 -9999 -9999 -9999 -9999 -9999 -9999 -9999
-9999 -9999 -9999 -9999 -9999 -9999 -9999 -9999 -9999 -9999 -9999 -9999 -9999 -9999 -9999 -9999 -9999 0.814578688226948 0.823098095705473 0.83371212973809 0.839635371476291 0.842698521469391 0.846566790460834 0.850014048148641 0.852095589405766 0.846036734301452 0.83396859539401 0.805746804008916 0.775989074023744 0.747697190732062 0.725900488912986 0.709877836821799 0.677938600311018 0.648128836545851 0.643517884917502 0.632808343454723 0.615583175916336 0.608295015753062 0.603687530574614 0.600697884341325 -9999 -9999 -9999 -9999 -9999 -9999 -9999 -9999 -9999 -9999 -9999 -9999 -9999 -9999 -9999 -9999 -9999
-9999 -9999 -9999 -9999 -9999 -9999 -9999 -9999 -9999 -9999 -9999 -9999 -9999 -9999 -9999 -9999 0.877464048416067 0.844092306855196 0.823848545440681 0.834929842129823 0.841783361858122 0.846059101708974 0.837590268237201 0.828766833072009 0.821299303905732 0.811184220381681 0.79911469817754 0.775479583522421 0.750469942914295 0.725484334910294 0.704253705205714 0.686361154894213 0.65798418306488 0.632265061122686 0.62947611181759 0.622413958321054 0.610786388652579 0.605441163950047 -9999 -9999 -9999 -9999 -9999 -9999 -9999 -9999 -9999 -9999 -9999 -9999 -9999 -9999 -9999 -9999 -9999 -9999 -9999
-9999 -9999 -9999 -9999 -9999 -9999 -9999 -9999 -9999 -9999 -9999 -9999 -9999 -9999 -9999 0.882822574290078 0.878861863935736 0.881216937784305 0.849850049281005 0.844694893515062 0.844824880649707 0.848177349751768 0.829137683905103 0.809836744956107 0.793962465058198 0.780341323248982 0.768383459936467 0.749127197544222 0.72905873404368 0.709211346832195 0.689084652266106 0.668709660626 0.646236713201987 0.626824110436801 0.624754671945513 0.619552992864073 0.611004883047274 0.601092283800057 -9999 -9999 -9999 -9999 -9999 -9999 -9999 -9999 -9999 -9999 -9999 -9999 -9999 -9999 -9999 -9999 -9999 -9999 -9999
-9999 -9999 -9999 -9999 -9999 -9999 -9999 -9999 -9999 -9999 -9999 -9999 -9999 -9999 0.885464932388696 0.885397804578984 0.88529718467772 0.883906660420815 0.852312523758769 0.855279066221375 0.851875262822521 0.844587302447993 0.824915353102521 0.804777234191342 0.785605617376876 0.76963772142312 0.756034829214046 0.735405522385361 0.714691125668958 0.696789665027222 0.675938993732681 0.652466549814983 0.635366641952597 0.620979740482156 0.614490215323199 0.602804465902606 0.585567161907433 0.586873282009113 -9999 -9999 -9999 -9999 -9999 -9999 -9999 -9999 -9999 -9999 -9999 -9999 -9999 -9999 -9999 -9999 -9999 -9999 -9999
-9999 -9999 -9999 -9999 -9999 -9999 -9999 -9999 -9999 -9999 -9999 -9999 -9999 0.869467484512965 0.873353050759149 0.875801950044285 0.877534052794608 0.873729644314903 0.856388128379615 0.857952653890826 0.854156471253221 0.847091732652783 0.824896892213151 0.799951339972893 0.769889930600148 0.745080685582928 0.724148616171375 0.707500705228578 0.6909107496584 0.672628349926862 0.650650069029395 0.625386244574682 0.609810533625576 0.596454145979288 0.585493288435891 0.572597486808474 0.557634424966653 0.529225419614721 -9999 -9999 -9999 -9999 -9999 -9999 -9999 -9999 -9999 -9999 -9999 -9999 -9999 -9999 -9999 -9999 -9999 -9999 -9999
