layers/veg_krg/veg_2500.asc
NCOLS 255 
NROWS 330 
XLLCORNER -2985163.8955 
YLLCORNER -3022031.214 
CELLSIZE 25000 
NODATA_value -9999 
[rows 250 to 274 of 330, columns 56 to 111 of 255]
-9999 -9999 -9999 -9999 -9999 -9999 -9999 -9999 -9999 -9999 -9999 -9999 -9999 -9999 -9999 -9999 0.645492586516164 0.636949725482549 0.628107350771629 0.611786405652236 0.578288678508564 0.54067494207365 0.500551573265831 0.474779219784321 0.447041715241799 0.410951618289588 0.401761271814537 0.412428463925239 0.418850797144781 0.420751148376996 0.40767002750033 0.407205179911749 0.417955875669151 0.414753117378974 0.411009457753802 0.417211075177442 0.422538347506227 0.426931484919602 0.353628909332349 0.270500753452012 0.256742825837243 0.244087847553819 0.232850650985707 0.221928266321815 0.211987431729095 0.213118535390767 -9999 -9999 -9999 0.161024637478968 0.15305744690134 0.145793017096891 0.139858601805048 0.137863108337762 -9999 -9999
-9999 -9999 -9999 -9999 -9999 -9999 -9999 -9999 -9999 -9999 -9999 -9999 -9999 -9999 -9999 -9999 0.652903010492536 0.655467857755019 0.651052447631733 0.644047321026854 0.631332032317525 0.603424043600512 0.566252691010087 0.53328260137065 0.497580157685581 0.453205428169096 0.440913988933015 0.452306604879599 0.459984621908751 0.465865449514105 0.466695449306362 0.47201167494139 0.48131604027905 0.459255301974529 0.43620406069229 0.436644974806218 0.436798163433272 0.436643951212623 0.372153640599215 0.299564278496 0.284689942032257 0.270335963856644 0.256650878118204 0.240348391094095 0.22399521224925 0.217660493952099 0.21380666135844 -9999 -9999 0.161024637478968 0.15305744690134 0.145793017096891 0.139858601805048 -9999 -9999 -9999
-9999 -9999 -9999 -9999 -9999 -9999 -9999 -9999 -9999 -9999 -9999 -9999 -9999 -9999 -9999 -9999 0.683365849002682 0.676697861872521 0.672982751002339 0.670481690575939 0.670668586537985 0.65132287503854 0.620067651061342 0.5892788054078 0.5529123379326 0.500357120501022 0.480811309500977 0.485633217542174 0.488772480559243 0.493680886738271 0.505940068265418 0.515758818710891 0.523408088521758 0.498059889813067 0.471194479628294 0.466646958156866 0.464189256720267 0.463964282238902 0.399096866457381 0.325744479761408 0.307823139983959 0.291235111062592 0.276360981138082 0.257921309935401 0.238935275987269 0.227589501023591 0.222540386668321 0.227272567698705 -9999 -9999 -9999 -9999 -9999 -9999 -9999 -9999
-9999 -9999 -9999 -9999 -9999 -9999 -9999 -9999 -9999 -9999 -9999 -9999 -9999 -9999 -9999 -9999 0.693228041422524 0.701342792352814 0.693325283416462 0.687799702625549 0.688559143599229 0.675986607131725 0.655285235228299 0.641352217530599 0.615744918739684 0.555172160683224 0.52187365501581 0.508709147233353 0.498243535714663 0.494430094246355 0.514235154554634 0.526555981386426 0.532223516628039 0.527949877049444 0.521511674205722 0.513184026303512 0.512125870873752 0.518834313296258 0.439211876868475 0.347413361432094 0.323424362560653 0.303765129113651 0.289671574955706 0.274168669453274 0.258463262467889 0.245947217240459 0.236077482399772 0.230318552505484 -9999 -9999 -9999 -9999 -9999 -9999 -9999 -9999
-9999 -9999 -9999 -9999 -9999 -9999 -9999 -9999 -9999 -9999 -9999 -9999 -9999 -9999 -9999 -9999 -9999 0.708724768135499 0.708190481669336 0.705347046577607 0.697215243077259 0.683354894486901 0.666001710679158 0.648951646171678 0.62338224423493 0.573162328997223 0.547829291038601 0.540867877986609 0.530885629954797 0.525250045796931 0.537178809952362 0.538213010257853 0.529562222746063 0.532787060920086 0.535991852358718 0.528308992501396 0.527907818263995 0.535286268823079 0.49469644128231 0.439692373807999 0.366020453364419 0.318145224726936 0.303430248259471 0.289809113827068 0.276472292956513 0.262260347820269 0.254057427742923 0.255188987120032 -9999 -9999 -9999 -9999 -9999 -9999 -9999 -9999
-9999 -9999 -9999 -9999 -9999 -9999 -9999 -9999 -9999 -9999 -9999 -9999 -9999 -9999 -9999 -9999 -9999 -9999 0.742855817910496 0.728775032051857 -9999 0.683575299732392 0.667411311819998 0.639302538720999 0.609588124143137 0.57746873965238 0.568637732389123 0.576998328809598 0.572939296904817 0.568134866129375 0.566082391975369 0.550737034619521 0.523574645059387 0.528576207447504 0.536735348557878 0.531608348927659 0.531594158945861 0.537042404833549 0.555951043498936 0.558827394315434 0.419044133027609 0.33350253652814 0.317685666595293 0.30537361894677 0.293842242288386 0.277866790132579 0.270585908527972 0.276811259528486 0.279516571113341 0.280566428836275 0.274054900140906 -9999 -9999 -9999 -9999 -9999
-9999 -9999 -9999 -9999 -9999 -9999 -9999 -9999 -9999 -9999 -9999 -9999 -9999 -9999 -9999 -9999 -9999 0.762763831927772 0.742855817910496 -9999 -9999 0.69589594108415 0.699564793404386 0.670844188827083 0.645983369998198 0.638312658716415 0.630125450475473 0.621556961437721 0.609471143389236 0.598258327784248 0.591869954379981 0.582470427019046 0.570394061026663 0.572628801134136 0.576750312284638 0.577390802235571 0.579126132112076 0.582031169701567 0.595815947106653 0.592727496464608 0.445492861144687 0.356884403658361 0.343636727133371 0.327479098117732 0.310744921651797 0.298601945875609 0.288281727768172 0.280792999601724 0.279516571113341 0.280566428836275 0.274054900140906 0.269794504156828 -9999 -9999 -9999 -9999
-9999 -9999 -9999 -9999 -9999 -9999 -9999 -9999 -9999 -9999 -9999 -9999 -9999 -9999 -9999 -9999 0.748794646822416 0.755205299523874 0.748984790210604 -9999 -9999 0.716176728752895 0.718645925783124 0.694994759832769 0.6781174294343 0.68567206224782 0.678287847469164 0.659875696102762 0.643705537027137 0.628886350957404 0.618109126699838 0.612016889638771 0.610089486025578 0.60966396586859 0.610129408912574 0.613725080997148 0.616278812825411 0.617719354016568 0.626095787956745 0.617081155157643 0.467300950390961 0.377407378402019 0.364494834036701 0.347797100779415 0.330379194173352 0.319308260205107 0.306554028830215 0.291184946476328 0.284201301066424 0.280566428836275 0.274054900140906 0.269794504156828 -9999 -9999 -9999 -9999
-9999 -9999 -9999 -9999 -9999 -9999 -9999 -9999 -9999 -9999 -9999 -9999 -9999 -9999 -9999 -9999 0.740189100610388 0.733700640203533 0.739996649404038 -9999 -9999 0.713090260958533 0.710591094662451 0.705050863520834 0.702125591163112 0.707317079437668 0.70103943501458 0.686295215956091 0.673558787719717 0.660476551064753 0.645209499543228 0.637392972008384 0.636199769191929 0.633317197914093 0.630854194758824 0.632042100635175 0.633638632946944 0.635671734552611 0.638097329800746 0.623230160177733 0.480259542559882 0.392478569345281 0.375640899223246 0.364706463254891 0.355222496387261 0.339959575209757 0.325925655726389 0.313800879731517 0.297819607878679 0.280566428836275 0.274054900140906 -9999 -9999 -9999 -9999 -9999
-9999 -9999 -9999 -9999 -9999 -9999 -9999 -9999 -9999 -9999 -9999 -9999 -9999 -9999 -9999 -9999 0.764164212912049 0.75892835534653 0.764008914575991 -9999 -9999 0.723519038395406 0.721335317374618 0.715147921418493 0.711409453352928 0.715488174400667 0.712865417138833 0.705295593017516 0.698812950940671 0.691009603580633 0.677794007852349 0.671137854789266 0.670312878005991 0.667407210603577 0.664858850798026 0.666002767403781 0.667326635924426 0.66884276190472 0.670329930279867 0.661871753664886 0.580203899027607 0.499579977463323 0.420297975405981 0.391625753938639 0.379019482806288 0.362565002913613 0.344565336966896 0.324165363593701 0.31824244376189 -9999 -9999 -9999 -9999 -9999 -9999 -9999
-9999 -9999 -9999 -9999 -9999 -9999 -9999 -9999 -9999 -9999 -9999 -9999 -9999 -9999 -9999 -9999 0.78368324950178 0.807705065363705 0.784395749409532 -9999 -9999 0.731099532623104 0.741118320108971 0.725265886701758 0.713176466572423 0.716780745998338 0.71911380790516 0.720508450291783 0.721719250629377 0.721002975498237 0.713178202348206 0.709155063638202 0.708511480433542 0.706825266479729 0.705642965399691 0.707949615960807 0.709350280550796 0.70978300566988 0.712890615423875 0.717101021120156 0.724555043816258 0.65366339931836 0.482062636763415 0.423655176913984 0.402282318328388 0.386168017632866 0.362831355274674 0.328275404281127 -9999 -9999 -9999 -9999 -9999 -9999 -9999 -9999
-9999 -9999 -9999 -9999 -9999 -9999 -9999 -9999 -9999 -9999 -9999 -9999 -9999 -9999 -9999 -9999 0.80777801879732 0.807661330570563 0.807774557762097 -9999 0.798408205890535 0.778203031868986 0.74567826495134 0.724168965836016 0.711215469122652 0.720904422372623 0.729066876966421 0.736102462149597 0.734986352124287 0.732248224336191 0.727089705849835 0.721792573837181 0.716372217955083 0.729477480753124 0.743608523852381 0.746087357059006 0.746899206567767 0.745930080023984 0.7441891892843 0.742900473973018 0.746350745394115 0.67283678151578 0.50038945556973 0.444157880223186 0.42470220905243 0.394943604391256 -9999 -9999 -9999 -9999 -9999 -9999 -9999 -9999 -9999 -9999
-9999 -9999 -9999 -9999 -9999 -9999 -9999 -9999 -9999 -9999 -9999 -9999 -9999 -9999 -9999 -9999 -9999 0.806669005521005 -9999 -9999 0.798408205890535 0.776162638928499 0.740353401174869 0.724832216745625 0.717233327015523 0.728716739578567 0.738294468870637 0.746465412656733 0.744268577517284 0.740797592358131 0.737191514458046 0.730591394937622 0.721329649213817 0.736894806164857 0.753270559110583 0.751185224542189 0.749044334976057 0.746844091427822 0.739687702346444 0.732477839997715 0.733916213101558 0.6644532480651 0.50385044736303 0.452012590478539 0.433504530664922 0.391656425455651 -9999 -9999 -9999 -9999 -9999 -9999 -9999 -9999 -9999 -9999
-9999 -9999 -9999 -9999 -9999 -9999 -9999 -9999 -9999 -9999 -9999 -9999 -9999 -9999 -9999 -9999 -9999 -9999 -9999 -9999 -9999 0.767927780700261 0.718862688570538 0.730177626025361 0.742218086677946 0.745079253170678 0.745636221960125 0.744492219774356 0.744629266206813 0.743897164929135 0.739351318320102 0.731567148158169 0.720904191420636 0.709241031373025 0.696419723742339 0.678664729877548 0.668036527985492 0.665022465242592 0.651425406310427 0.638171165700089 0.646750249885188 0.59764432056117 0.474387426114517 0.430636670422066 0.411843526957982 0.383463122699272 0.3661974256591 -9999 -9999 -9999 -9999 -9999 -9999 -9999 -9999 -9999
-9999 -9999 -9999 -9999 -9999 -9999 -9999 -9999 -9999 -9999 -9999 -9999 -9999 -9999 -9999 -9999 -9999 -9999 -9999 -9999 -9999 0.534104810701589 0.667822163465905 0.717113139204159 0.748347292871615 0.743217924722953 0.744844995717535 0.751459705950748 0.744851941459035 0.737605635534064 0.733867684608976 0.728058948225994 0.720409336686543 0.698445727885672 0.674469367414101 0.653341157205396 0.6391276167754 0.632301587874709 0.619413150034227 0.607185594953768 0.610886889568097 0.569960473366712 0.471667548484936 0.427453639609425 0.400789206360052 0.374823408773939 0.358417272368659 0.356861208980119 -9999 -9999 -9999 -9999 -9999 -9999 -9999 -9999
-9999 -9999 -9999 -9999 -9999 -9999 -9999 -9999 -9999 -9999 -9999 -9999 -9999 -9999 -9999 -9999 -9999 -9999 -9999 -9999 0.451036348162105 0.515294766029165 0.61873312599547 0.692577758255788 0.742727923388194 0.730001629279052 0.738986247944938 0.763997977662584 0.744988622878439 0.72546266972677 0.723621554537803 0.721756873108208 0.719871241895169 0.698154652038678 0.674264907850318 0.657425186419518 0.642680644207628 0.630174554608954 0.622449339832688 0.615654330243179 0.606989311299922 0.566654800361081 0.485610870223698 0.435606289630565 0.396343730174758 0.365905543617975 0.349488531349365 0.354852151053073 -9999 -9999 -9999 -9999 -9999 -9999 -9999 -9999
-9999 -9999 -9999 -9999 -9999 -9999 -9999 -9999 -9999 -9999 -9999 -9999 -9999 -9999 -9999 -9999 -9999 -9999 -9999 -9999 -9999 0.512061211279266 0.610294438419505 0.691329186326598 0.753006277053848 0.762012202183078 0.77819327704897 0.799671085536066 0.765982877625909 0.731385403813983 0.717972947710907 0.716370614102878 0.725267176463572 0.694575196816284 0.660649233804764 0.646367686352966 0.631276242151262 0.615319518511934 0.610200890089384 0.607848057454463 0.606096134384654 0.586450422996808 0.543803214464947 0.468071195844241 0.386187962859091 0.361587515363983 -9999 -9999 -9999 -9999 -9999 -9999 -9999 -9999 -9999 -9999
-9999 -9999 -9999 -9999 -9999 -9999 -9999 -9999 -9999 -9999 -9999 -9999 -9999 -9999 -9999 -9999 -9999 -9999 0.551115203397539 0.554417207605135 0.579423666914326 0.595124428531728 0.605151276771559 0.691620245791493 0.766069661972987 0.791547851922772 0.808210157862528 0.818364531431489 0.773167484172542 0.728768730479158 0.712008930757924 0.712894968143858 0.729467702102743 0.695787659126525 0.656892194787234 0.63733220764765 0.618808342810744 0.601391452811648 0.596711400643088 0.595360512596676 0.595296468628589 0.592987097274532 0.587791478998477 0.493631444973279 0.379741440319962 -9999 -9999 -9999 -9999 -9999 -9999 -9999 -9999 -9999 -9999 -9999
-9999 -9999 -9999 -9999 -9999 -9999 -9999 -9999 -9999 -9999 -9999 -9999 -9999 -9999 -9999 -9999 -9999 0.55716627845751 0.551115203397539 0.554417207605135 0.579423666914326 0.586075630424747 0.581536405192481 0.691608210975325 0.784068363936007 0.804287177408272 0.801549439554282 0.781865053658185 0.735036452974533 0.697049829109461 0.704148213716963 0.714894027636053 0.728882312656665 0.711898810874436 0.685176524697683 0.637459297752755 0.606313972843146 0.592873776488686 0.58273733028421 0.572392965459193 0.55448950037363 0.555372167836919 0.58040339269283 0.493631444973279 -9999 -9999 -9999 -9999 -9999 -9999 -9999 -9999 -9999 -9999 -9999 -9999
-9999 -9999 -9999 -9999 -9999 -9999 -9999 -9999 -9999 -9999 -9999 -9999 -9999 -9999 -9999 -9999 -9999 0.55716627845751 0.551204100696525 0.557322696459898 0.591411419921177 0.602058321763723 0.598412166848742 0.663594653395097 0.722214402001863 0.749037384143773 0.749944216145916 0.731719608552308 0.688413468504641 0.653286056154234 0.659849930791803 0.66857996937412 0.679235672141262 0.651216698010024 0.616343910286092 0.582025602876252 0.559391899010061 0.549241819981583 0.544075633828391 0.539331375351615 0.528602482350222 0.522568031216264 -9999 -9999 -9999 -9999 -9999 -9999 -9999 -9999 -9999 -9999 -9999 -9999 -9999 -9999
-9999 -9999 -9999 -9999 -9999 -9999 -9999 -9999 -9999 -9999 -9999 -9999 -9999 -9999 -9999 -9999 -9999 -9999 0.551360008025731 0.562418318177942 0.612435439501255 0.636909537606776 0.645809424520495 0.614473785378316 0.600168179087306 0.642537969640606 0.664460205874462 0.671287948974361 0.635389321661095 0.600442961125475 0.58808531965476 0.585847892592743 0.592607076556789 0.532648473405675 0.474305366692471 0.484710659376706 0.486518513913315 0.479141016803249 0.486804614145391 0.498660981239878 0.51396199630612 -9999 -9999 -9999 -9999 -9999 -9999 -9999 -9999 -9999 -9999 -9999 -9999 -9999 -9999 -9999
-9999 -9999 -9999 -9999 -9999 -9999 -9999 -9999 -9999 -9999 -9999 -9999 -9999 -9999 -9999 -9999 -9999 0.607201844984189 0.572106031170045 0.562158598990952 0.611220985921627 0.633151172735479 0.638538188010287 0.58653231033188 0.551206163349795 0.574747658879458 0.591384124110793 0.602923259324096 0.584838332771262 0.56569407858599 0.555795401014472 0.550595904047191 0.549573858103203 0.504242071382638 0.463411562995942 0.485533464956584 0.497614511269545 0.498968084075422 0.495758868754388 -9999 -9999 -9999 -9999 -9999 -9999 -9999 -9999 -9999 -9999 -9999 -9999 -9999 -9999 -9999 -9999 -9999
-9999 -9999 -9999 -9999 -9999 -9999 -9999 -9999 -9999 -9999 -9999 -9999 -9999 -9999 -9999 -9999 0.63993858409198 0.614642641347617 0.627003994638086 0.618809658283891 0.622385056161688 0.6313111210552 0.64349961958506 0.580714685016053 0.530157276168165 0.528897253192478 0.535339770705674 0.547468344492744 0.544165460753641 0.538818992174788 0.532722460023219 0.524655352861648 0.51483645506139 0.489185893779526 0.469656817820411 0.495386738018659 0.509543453109351 0.511335559491417 0.491511836009291 -9999 -9999 -9999 -9999 -9999 -9999 -9999 -9999 -9999 -9999 -9999 -9999 -9999 -9999 -9999 -9999 -9999
-9999 -9999 -9999 -9999 -9999 -9999 -9999 -9999 -9999 -9999 -9999 -9999 -9999 -9999 -9999 0.656814581878456 0.653526806544199 0.648598660803486 0.641196336844184 0.617101790195773 0.615044321885064 0.655553377494848 0.722016292504366 0.649783824822645 0.581136588972675 0.54873560789356 0.53883320186386 0.545539363357771 0.540311087648317 0.533483023561691 0.526002809994568 0.511554406844721 0.490911461889737 0.481840894508407 0.478345651047497 0.492463493879284 0.484009497224227 0.451440144408544 0.456587328549129 -9999 -9999 -9999 -9999 -9999 -9999 -9999 -9999 -9999 -9999 -9999 -9999 -9999 -9999 -9999 -9999 -9999
-9999 -9999 -9999 -9999 -9999 -9999 -9999 -9999 -9999 -9999 -9999 -9999 -9999 -9999 0.672681244363969 0.66882744414082 0.667803265025779 0.668190869337319 0.669390310048897 0.643314693294802 0.635254078734826 0.675908026721482 0.746264444879683 0.679199626062999 0.607876458406004 0.549918526486349 0.519700506465089 0.509960236650301 0.516382626742637 0.521150741107968 0.512545502763431 0.494793732207068 0.468910929122735 0.46459590238191 0.464312056049566 0.464773281354001 0.448466262217772 0.414244345755127 0.393749910642137 -9999 -9999 -9999 -9999 -9999 -9999 -9999 -9999 -9999 -9999 -9999 -9999 -9999 -9999 -9999 -9999 -9999
