layers/veg_krg/veg_5300.asc
NCOLS 255 
NROWS 330 
XLLCORNER -2985163.8955 
YLLCORNER -3022031.214 
CELLSIZE 25000 
NODATA_value -9999 
[rows 250 to 274 of 330, columns 56 to 111 of 255]
-9999 -9999 -9999 -9999 -9999 -9999 -9999 -9999 -9999 -9999 -9999 -9999 -9999 -9999 -9999 -9999 0.750413012140421 0.751483454455215 0.74679218276795 0.73860344027022 0.72257619115494 0.658937487907587 0.56626890689364 0.542114969955314 0.518283554009149 0.482590601865454 0.48683067942425 0.520549531473407 0.5396900943591 0.549763273299597 0.532498719547567 0.535214242774139 0.555691541946167 0.561956340833702 0.566882539878293 0.57796539331806 0.557809714667791 0.504279337968407 0.403545504327951 0.302837091814911 0.288435407833142 0.272092663931152 0.253254792478874 0.235898169075744 0.22119694924721 0.233885551657641 -9999 -9999 -9999 0.17945563751828 0.172223691488138 0.165792302718275 0.16087601384439 0.159222873332871 -9999 -9999
-9999 -9999 -9999 -9999 -9999 -9999 -9999 -9999 -9999 -9999 -9999 -9999 -9999 -9999 -9999 -9999 0.749484467082313 0.749163085167058 0.747462057983067 0.745901675461381 0.744712250393953 0.697240923388562 0.621550379378425 0.579345133886338 0.540867290925092 0.506897688704353 0.50815437298641 0.535415288945483 0.547473310627954 0.55522389007553 0.553675553796137 0.559608446299353 0.57219195929696 0.577270239933127 0.580219007451911 0.579242591609934 0.568097246872238 0.546087597422676 0.458649590323101 0.363768328248412 0.333425777059143 0.307444819674516 0.287070455240345 0.266396763988402 0.246912190631134 0.24361237507554 0.241604876692078 -9999 -9999 0.17945563751828 0.172223691488138 0.165792302718275 0.16087601384439 -9999 -9999 -9999
-9999 -9999 -9999 -9999 -9999 -9999 -9999 -9999 -9999 -9999 -9999 -9999 -9999 -9999 -9999 -9999 0.754348327813768 0.751667587375237 0.753087720572569 0.756364908994009 0.763768082368611 0.731410913011699 0.674810882131343 0.628747850849601 0.58530149794163 0.547441663503851 0.540338359353921 0.555939689117729 0.556272329233666 0.557821289694487 0.570711196922719 0.58021880154141 0.586719625896204 0.590258214544341 0.591252818740807 0.582105115131482 0.577204450696371 0.576841248189166 0.516398241099044 0.442478972247957 0.378898126246669 0.333749358230233 0.312294029612517 0.290405647258752 0.268973289089341 0.255043522005926 0.247906252920782 0.251320517967686 -9999 -9999 -9999 -9999 -9999 -9999 -9999 -9999
-9999 -9999 -9999 -9999 -9999 -9999 -9999 -9999 -9999 -9999 -9999 -9999 -9999 -9999 -9999 -9999 0.758313239190525 0.761575624156602 0.766467330483361 0.771780177099095 0.778004514691691 0.759113611160076 0.724909325728974 0.697196044918171 0.663923490128528 0.613390274216287 0.589514628066262 0.585317741412725 0.566660697263359 0.555938829035466 0.58126743014296 0.594908854308219 0.598160677947654 0.599606990256891 0.59868383713688 0.587448077660873 0.584464883585562 0.590298585182075 0.578284643245031 0.549007716431426 0.425124593185674 0.345897771481052 0.324074210288087 0.304260567414196 0.285317025277943 0.269141295596402 0.257673257288477 0.2535181937101 -9999 -9999 -9999 -9999 -9999 -9999 -9999 -9999
-9999 -9999 -9999 -9999 -9999 -9999 -9999 -9999 -9999 -9999 -9999 -9999 -9999 -9999 -9999 -9999 -9999 0.764543410478112 0.784210709435154 0.795645921809763 0.787481864692853 0.765286771433345 0.734536609407647 0.715828297903561 0.69277577534126 0.654933859956072 0.632791583935198 0.622238865026534 0.60354023105753 0.591455804006723 0.607679839367498 0.60968057162553 0.599037152252625 0.601435722412638 0.60316906413004 0.589700800401657 0.586343186772802 0.593787613815367 0.605991277321645 0.600482974544802 0.455816349084987 0.359078533566728 0.323950611123798 0.303122735167442 0.286695126389177 0.267427637539922 0.255385957293342 0.254568920193096 -9999 -9999 -9999 -9999 -9999 -9999 -9999 -9999
-9999 -9999 -9999 -9999 -9999 -9999 -9999 -9999 -9999 -9999 -9999 -9999 -9999 -9999 -9999 -9999 -9999 -9999 0.827769282866714 0.830621141376809 -9999 0.737956398114777 0.726801408170876 0.714282030001197 0.701009182197484 0.685815941829314 0.672841917917576 0.661506131373547 0.650463292993152 0.641475710984186 0.640026292959037 0.624530239438288 0.59654708725783 0.600682789026405 0.606398680085264 0.590912405825422 0.586305899549857 0.593323145961298 0.618859021817528 0.627603697108843 0.478869815002075 0.372105019533534 0.31928921514997 0.296245558298481 0.282166148337007 0.259695551592035 0.247627706202816 0.251719598516186 0.252496343571553 0.251621603348597 0.240381096076473 -9999 -9999 -9999 -9999 -9999
-9999 -9999 -9999 -9999 -9999 -9999 -9999 -9999 -9999 -9999 -9999 -9999 -9999 -9999 -9999 -9999 -9999 0.823737203992407 0.827769282866714 -9999 -9999 0.746459041838973 0.74899096718807 0.726693365442952 0.705972290386748 0.694438391881203 0.683157602009102 0.672063658273707 0.664201690658784 0.656787700850856 0.649605310017645 0.641039628259687 0.631244236351008 0.619451647463671 0.60811434835561 0.600887750646675 0.597695038619491 0.598812059079257 0.604030706773254 0.59310957539216 0.455811421055693 0.363376652421941 0.328611339789956 0.30608015480707 0.287639683358509 0.27087449141929 0.258866515202838 0.254248445333811 0.252496343571553 0.251621603348597 0.240381096076473 0.233026600030833 -9999 -9999 -9999 -9999
-9999 -9999 -9999 -9999 -9999 -9999 -9999 -9999 -9999 -9999 -9999 -9999 -9999 -9999 -9999 -9999 0.814738605473158 0.81886818708237 0.814861091072604 -9999 -9999 0.757753446304886 0.760671708655869 0.734322630737767 0.711426623510521 0.703963663831913 0.69350695830454 0.680840253700849 0.671669764043448 0.662518122720411 0.651879165828095 0.647616420941275 0.64902196497765 0.630576811018308 0.611972279130889 0.610593997175933 0.610589010977181 0.612051229801488 0.608404407365792 0.5922225983598 0.493022747537825 0.413674145136191 0.359843248975968 0.327423867798365 0.30296736261812 0.291555943013348 0.28036711547048 0.269524064656481 0.260282056030169 0.251621603348597 0.240381096076473 0.233026600030833 -9999 -9999 -9999 -9999
-9999 -9999 -9999 -9999 -9999 -9999 -9999 -9999 -9999 -9999 -9999 -9999 -9999 -9999 -9999 -9999 0.809195128540407 0.805015425159789 0.809071156302411 -9999 -9999 0.754105652041596 0.751151970005933 0.73283269564505 0.71781770128159 0.715210577991251 0.703920526032585 0.686220690042093 0.667180600947689 0.649976909940613 0.640222395939165 0.635252183528331 0.634535092514328 0.627125779913722 0.619915411600183 0.619787084932265 0.626352635155517 0.640069805671836 0.649395519049353 0.655422988808915 0.645165817177225 0.576531392780567 0.432856167135828 0.370714966809583 0.337086467597921 0.330358272453961 0.321436506665272 0.309107226360595 0.282914784506576 0.251621603348597 0.240381096076473 -9999 -9999 -9999 -9999 -9999
-9999 -9999 -9999 -9999 -9999 -9999 -9999 -9999 -9999 -9999 -9999 -9999 -9999 -9999 -9999 -9999 0.789650301283048 0.791112168219978 0.789693661038351 -9999 -9999 0.744412053884729 0.744854527028939 0.732025590281631 0.721479338968547 0.72000077245418 0.710569275100785 0.695266881987969 0.681268235780214 0.669386020560117 0.664819893342338 0.663091249330023 0.663885055105987 0.664494842463116 0.665324159706776 0.66742801631889 0.675136127937295 0.68883172699865 0.701696584969859 0.714345248599635 0.726916943921502 0.654934229427008 0.474261394018057 0.404784527944878 0.372921922191611 0.361745309962301 0.346520182157722 0.325006049882704 0.31875964561615 -9999 -9999 -9999 -9999 -9999 -9999 -9999
-9999 -9999 -9999 -9999 -9999 -9999 -9999 -9999 -9999 -9999 -9999 -9999 -9999 -9999 -9999 -9999 0.784200528466621 0.777493566343582 0.784001596382493 -9999 -9999 0.742876067793252 0.740846026245892 0.731567073856788 0.723747580057487 0.721494770267954 0.715296060194281 0.706184465586069 0.704839444619727 0.705105975366769 0.707925425782606 0.711454358232858 0.715614002013507 0.722702823572861 0.72985934391852 0.734696817475348 0.740776474564962 0.748183258685025 0.759771454773885 0.771083495361464 0.7727325341692 0.690222549782358 0.49953069259991 0.434146435089311 0.409633584226864 0.389346793571923 0.363443047670807 0.32881386747243 -9999 -9999 -9999 -9999 -9999 -9999 -9999 -9999
-9999 -9999 -9999 -9999 -9999 -9999 -9999 -9999 -9999 -9999 -9999 -9999 -9999 -9999 -9999 -9999 0.790998058895665 0.792278508707754 0.791036037722005 -9999 0.750653444380642 0.749827723541065 0.748498540341867 0.743793656711132 0.737368918583487 0.726609533671349 0.716264867206728 0.706226348101385 0.711339241423339 0.718481069147099 0.726443062445269 0.73177942177828 0.734781659863714 0.747170971457986 0.759831690469678 0.765335300444462 0.77048650588218 0.775261208512987 0.78020285403637 0.785133940870368 0.789682671150392 0.710868209254082 0.524894872295674 0.468736921820121 0.45219451228285 0.405719044428955 -9999 -9999 -9999 -9999 -9999 -9999 -9999 -9999 -9999 -9999
-9999 -9999 -9999 -9999 -9999 -9999 -9999 -9999 -9999 -9999 -9999 -9999 -9999 -9999 -9999 -9999 -9999 0.803167545747329 -9999 -9999 0.750653444380642 0.752962177266644 0.756678601530658 0.753293974997952 0.745752319250282 0.727535869521648 0.71634616742323 0.710343647723319 0.720543644343819 0.732351662394 0.742941022983805 0.749411558693166 0.752220564731578 0.765030708073352 0.778570270398277 0.786705369426964 0.792061552142995 0.794448789565075 0.795904727707493 0.797188895642494 0.798906807719224 0.722045803580943 0.54417585238377 0.495597896493844 0.487409656795475 0.461162956366338 -9999 -9999 -9999 -9999 -9999 -9999 -9999 -9999 -9999 -9999
-9999 -9999 -9999 -9999 -9999 -9999 -9999 -9999 -9999 -9999 -9999 -9999 -9999 -9999 -9999 -9999 -9999 -9999 -9999 -9999 -9999 0.756575209426974 0.766107620663205 0.75576677303617 0.741257643973746 0.718425979796399 0.714517674734232 0.724578693815825 0.7369347450518 0.748459730139606 0.755861309015258 0.762045999601758 0.767148907712358 0.768945944050502 0.772512196304082 0.788005779760573 0.796202347881356 0.796602913207032 0.802273470118044 0.806590415604083 0.791321227966565 0.711630031760185 0.549127827634654 0.504007209896546 0.495100567235675 0.464072053218972 0.445195333996246 -9999 -9999 -9999 -9999 -9999 -9999 -9999 -9999 -9999
-9999 -9999 -9999 -9999 -9999 -9999 -9999 -9999 -9999 -9999 -9999 -9999 -9999 -9999 -9999 -9999 -9999 -9999 -9999 -9999 -9999 0.753921686504283 0.773485912155904 0.769271496273134 0.761994453992277 0.750315906866121 0.749757255456271 0.757407370088456 0.762740203680915 0.767166966564454 0.769245352993116 0.771535068784065 0.774012650957494 0.769242427777511 0.765257342467447 0.771815926895811 0.776836338945292 0.780213394689017 0.788246383473094 0.794621602645723 0.780290411200315 0.729133528847988 0.630639212456155 0.557953228689505 0.496055108525799 0.464855837934428 0.445933017556008 0.446080557371333 -9999 -9999 -9999 -9999 -9999 -9999 -9999 -9999
-9999 -9999 -9999 -9999 -9999 -9999 -9999 -9999 -9999 -9999 -9999 -9999 -9999 -9999 -9999 -9999 -9999 -9999 -9999 -9999 0.741767915044866 0.756458889535532 0.780107313478447 0.789650025059016 0.798452574707189 0.807752124643285 0.808093324244553 0.801821422077849 0.794411589113552 0.787493700925344 0.782918356684524 0.779064310172397 0.775851478839808 0.76728412833213 0.757256795464277 0.744728187573419 0.742823638566217 0.752269647142068 0.761511001547783 0.769337297571437 0.767112925663679 0.764033049031309 0.75985346734319 0.640272396552276 0.492812332411286 0.46431537669113 0.446779605690382 0.446271048348575 -9999 -9999 -9999 -9999 -9999 -9999 -9999 -9999
-9999 -9999 -9999 -9999 -9999 -9999 -9999 -9999 -9999 -9999 -9999 -9999 -9999 -9999 -9999 -9999 -9999 -9999 -9999 -9999 -9999 0.761244910107041 0.792597509395606 0.809825082566738 0.825860587852716 0.841092121885835 0.843323204133869 0.835957283867929 0.819264454743676 0.803057062111678 0.792816305766355 0.788445714109175 0.789293548290165 0.77763817662642 0.764897436088832 0.758038211530579 0.754621798097757 0.754883623495753 0.765444390210182 0.776739119275192 0.774650880531572 0.77355350959961 0.773729845651037 0.651760293883684 0.499752135623227 0.46698555522844 -9999 -9999 -9999 -9999 -9999 -9999 -9999 -9999 -9999 -9999
-9999 -9999 -9999 -9999 -9999 -9999 -9999 -9999 -9999 -9999 -9999 -9999 -9999 -9999 -9999 -9999 -9999 -9999 0.787957941929582 0.792938227404366 0.807163012339514 0.810624811983907 0.807524154062363 0.82809876262549 0.849306226040357 0.867920147574595 0.871195877452835 0.863148872835705 0.840960007775203 0.819738582238989 0.808427438360889 0.803589593724459 0.804506346073894 0.788923063332684 0.773138370223602 0.77132452054774 0.764992719394659 0.753834018375795 0.761466331784037 0.771198762727981 0.762118821413631 0.762395176240147 0.774698543744899 0.656616689599481 0.508152735449416 -9999 -9999 -9999 -9999 -9999 -9999 -9999 -9999 -9999 -9999 -9999
-9999 -9999 -9999 -9999 -9999 -9999 -9999 -9999 -9999 -9999 -9999 -9999 -9999 -9999 -9999 -9999 -9999 0.787014380940249 0.787957941929582 0.792938227404366 0.807163012339514 0.81475819407391 0.818311143239124 0.840776180946144 0.862893183322065 0.88047432529837 0.882081029897391 0.871895320032403 0.854717799489381 0.840732146484797 0.841771166057319 0.835435644020555 0.82254434364996 0.800394067894842 0.779889109619146 0.776093641227588 0.761552267421462 0.735530157342523 0.727613147130603 0.72044211570556 0.685734835847008 0.695217494363131 0.761503928762466 0.656616689599481 -9999 -9999 -9999 -9999 -9999 -9999 -9999 -9999 -9999 -9999 -9999 -9999
-9999 -9999 -9999 -9999 -9999 -9999 -9999 -9999 -9999 -9999 -9999 -9999 -9999 -9999 -9999 -9999 -9999 0.787014380940249 0.791267064133673 0.798103303531189 0.810729910111197 0.819206019487335 0.825151468359705 0.839523247297141 0.85396762382833 0.867048269010612 0.87056802239083 0.867029874693678 0.848131331701376 0.831347242405422 0.829296118531704 0.819410479486059 0.802560157407709 0.771534963045411 0.742592650040605 0.737032141491501 0.72197406568727 0.696768956135503 0.685130522784694 0.674242035004774 0.644126562264435 0.627188155981139 -9999 -9999 -9999 -9999 -9999 -9999 -9999 -9999 -9999 -9999 -9999 -9999 -9999 -9999
-9999 -9999 -9999 -9999 -9999 -9999 -9999 -9999 -9999 -9999 -9999 -9999 -9999 -9999 -9999 -9999 -9999 -9999 0.797070574597387 0.807161770248084 0.816985505179694 0.82389086961181 0.829016831578232 0.827769732447912 0.828072320071357 0.834038532609588 0.842171471825582 0.851903900176056 0.826209533598208 0.799063306479476 0.782283266737968 0.767300399109016 0.753915171390705 0.712275363677761 0.672093785348583 0.664931491722712 0.655155534592745 0.6425871853619 0.636143099967026 0.631476655362421 0.628731925514557 -9999 -9999 -9999 -9999 -9999 -9999 -9999 -9999 -9999 -9999 -9999 -9999 -9999 -9999 -9999
-9999 -9999 -9999 -9999 -9999 -9999 -9999 -9999 -9999 -9999 -9999 -9999 -9999 -9999 -9999 -9999 -9999 0.841044172933433 0.820102600882013 0.80871666967404 0.820015865961419 0.827783227068458 0.833397141164773 0.820164530052025 0.810964592094193 0.816925212428563 0.819268388865017 0.818941149014686 0.797099281355368 0.773598337374454 0.753492218947866 0.735411701173974 0.719131890423716 0.686589602448633 0.656025613454494 0.650212026754184 0.642363640084063 0.632341308928102 0.62859199920065 -9999 -9999 -9999 -9999 -9999 -9999 -9999 -9999 -9999 -9999 -9999 -9999 -9999 -9999 -9999 -9999 -9999
-9999 -9999 -9999 -9999 -9999 -9999 -9999 -9999 -9999 -9999 -9999 -9999 -9999 -9999 -9999 -9999 0.862363524831914 0.845339513129722 0.852374694422867 0.835388048926587 0.831023203255781 0.832988948963744 0.838814612358868 0.817118769484916 0.800589783758153 0.804115292809519 0.799260286419331 0.788218739046526 0.770424458122426 0.751221365338528 0.729770137462935 0.709190848386039 0.689386690535974 0.666985388023923 0.647043654322489 0.641867938808407 0.634179979642942 0.623807983562776 0.614328624936797 -9999 -9999 -9999 -9999 -9999 -9999 -9999 -9999 -9999 -9999 -9999 -9999 -9999 -9999 -9999 -9999 -9999
-9999 -9999 -9999 -9999 -9999 -9999 -9999 -9999 -9999 -9999 -9999 -9999 -9999 -9999 -9999 0.873720966090638 0.870138521445363 0.86476868697523 0.860495360166847 0.83747301426066 0.839984771540761 0.84363302882414 0.847974238187608 0.829611062377671 0.811870828066034 0.80016813528052 0.78773300109221 0.774757174772567 0.756604028987102 0.737426068924176 0.716730882561001 0.694989183514921 0.672317161536764 0.654525572916681 0.638971082646107 0.630268561017097 0.617564805146929 0.600586201014444 0.601486024251667 -9999 -9999 -9999 -9999 -9999 -9999 -9999 -9999 -9999 -9999 -9999 -9999 -9999 -9999 -9999 -9999 -9999
-9999 -9999 -9999 -9999 -9999 -9999 -9999 -9999 -9999 -9999 -9999 -9999 -9999 -9999 0.862153485984019 0.864963072275835 0.865852219440589 0.865783201526785 0.862869422257707 0.845491390795267 0.84571889914761 0.847904468099939 0.851283914889302 0.830794377454819 0.808788421172954 0.786861473475302 0.766229219286461 0.746552714718039 0.730784242385555 0.714333748098021 0.693597340711612 0.670700503625474 0.645883099951248 0.628423774296303 0.613068762452784 0.601645477544819 0.588415210840059 0.573254396577096 0.546713321985565 -9999 -9999 -9999 -9999 -9999 -9999 -9999 -9999 -9999 -9999 -9999 -9999 -9999 -9999 -9999 -9999 -9999
