layers/veg_krg/veg_2800.asc
NCOLS 255 
NROWS 330 
XLLCORNER -2985163.8955 
YLLCORNER -3022031.214 
CELLSIZE 25000 
NODATA_value -9999 
[rows 75 to 99 of 330, columns 0 to 56 of 255]
-9999 -9999 -9999 -9999 -9999 -9999 -9999 -9999 -9999 -9999 -9999 -9999 -9999 -9999 -9999 -9999 -9999 -9999 -9999 -9999 -9999 -9999 -9999 -9999 -9999 -9999 0.626876764852302 0.63815045131897 0.654632073202658 0.678976780703729 0.683033757677808 0.670497748683135 0.418205565999162 0.256598323981808 0.261557079036466 0.27364203699904 0.289228306697677 0.465093373235596 0.60794070501782 0.671923740366869 0.712095235458888 0.737956904994482 0.752442629458318 0.769805030118946 0.797288903533461 0.813854783192688 0.822472448416309 0.830326161678663 0.83838124612178 0.847494281172478 0.855763731673462 0.86329342700092 0.869408921396575 0.875774439238202 0.884591419445512 0.891409178218844 0.896119883732805
-9999 -9999 -9999 -9999 -9999 -9999 -9999 -9999 -9999 -9999 -9999 -9999 -9999 -9999 -9999 -9999 -9999 -9999 -9999 -9999 -9999 -9999 -9999 -9999 -9999 -9999 0.632960365398502 0.649271398390253 0.664216211880873 0.677098269202432 0.686700089101884 0.689299189796471 0.532196662564361 0.40301960423894 0.325134784050893 0.291288641870755 0.279079989128161 0.476063374380862 0.629752746098579 0.680057876919237 0.715092090374016 0.740949066185471 0.750001918700502 0.762947161649372 0.789831169964858 0.808231660281601 0.820456215556279 0.829653131045699 0.838115005164724 0.845164130193723 0.852697443961542 0.860655351950092 0.868555329834032 0.876326137548184 0.883511085234186 0.890552946813086 0.897444004662487
-9999 -9999 -9999 -9999 -9999 -9999 -9999 -9999 -9999 -9999 -9999 -9999 -9999 -9999 -9999 -9999 -9999 -9999 -9999 -9999 -9999 -9999 -9999 -9999 -9999 -9999 0.647666332168176 0.662289551142536 0.673488308644003 0.679516719050382 0.690188223426143 0.699048774777754 0.605769378626053 0.498354889315949 0.364977700263993 0.304629660195971 0.280162975137945 0.490172693741094 0.65023021710677 0.691184143314794 0.719864872747406 0.741169880031006 0.745371917954739 0.754106655265505 0.778647724064219 0.797440464095033 0.812048465544961 0.821066747792381 0.829003462146657 0.835339193467083 0.842869089215333 0.851446170232475 0.860681437083694 0.86958221041168 0.876268262660784 0.883658398659604 0.891790594509573
-9999 -9999 -9999 -9999 -9999 -9999 -9999 -9999 -9999 -9999 -9999 -9999 -9999 -9999 -9999 -9999 -9999 -9999 -9999 -9999 -9999 -9999 -9999 -9999 -9999 -9999 0.681044461502935 0.679363958048225 0.682069315592858 0.69139656795421 0.69337266015068 0.689084093931363 0.590858623314216 0.48183874768779 0.352992197202753 0.308635402248527 0.305790893211474 0.510939898992334 0.667503916221472 0.708748923298928 0.728531482432485 0.735415930701484 0.736092454869735 0.741100885202415 0.759466314819165 0.775475289409852 0.789768783091243 0.795296707409348 0.800687294886742 0.809266550725976 0.818399837557447 0.828018964596564 0.837598719080879 0.847016702679741 0.855672325418852 0.863673318317106 0.870984372664074
-9999 -9999 -9999 -9999 -9999 -9999 -9999 -9999 -9999 -9999 -9999 -9999 -9999 -9999 -9999 -9999 -9999 -9999 -9999 -9999 -9999 -9999 -9999 -9999 -9999 -9999 0.693912123822186 0.693981392633785 0.695141129600111 0.697947285689763 0.688469674552594 0.669119456547423 0.509475538859586 0.388502724314325 0.338559242814533 0.350116241458421 0.391890223211426 0.547563900598072 0.667373283428046 0.703093337098029 0.719327578138762 0.723851590586976 0.725467456026084 0.731175104097401 0.748989377789626 0.763752018150406 0.776293093208914 0.782201573332183 0.788153805196783 0.797058719956074 0.806142470695907 0.815383046073962 0.824610421253724 0.833991362835254 0.844139655829411 0.852745552212147 0.859725859877143
-9999 -9999 -9999 -9999 -9999 -9999 -9999 -9999 -9999 -9999 -9999 -9999 -9999 -9999 -9999 -9999 -9999 -9999 -9999 -9999 -9999 -9999 -9999 -9999 -9999 -9999 0.694894025230613 0.707175018315361 0.710815354315631 0.701409786132135 0.678880049296871 0.643359871031191 0.389571917023754 0.250649784435153 0.322707996912455 0.413313799482431 0.513032575076941 0.593376873383193 0.657156886730938 0.683981610647939 0.699767758675238 0.708920144515466 0.714062722800365 0.723034168375772 0.743556659184284 0.757963902599407 0.767919293531478 0.776451513640927 0.784766335048322 0.792885510730315 0.800961858490911 0.809000649640929 0.817471812985105 0.826494524827103 0.83785912566258 0.847066475541718 0.854000219015088
-9999 -9999 -9999 -9999 -9999 -9999 -9999 -9999 -9999 -9999 -9999 -9999 -9999 -9999 -9999 -9999 -9999 -9999 -9999 -9999 -9999 -9999 -9999 -9999 -9999 -9999 -9999 -9999 -9999 -9999 0.57197130845596 0.560661891450253 0.395953136601837 0.30144460834475 0.335876680929563 0.40401167772307 0.488705906073188 0.563334189417509 0.625373828343815 0.659206107709526 0.682931535353714 0.700583131423022 0.707461121606737 0.717525939340186 0.738487931941321 0.753259345625593 0.763524066064328 0.772347811092804 0.780831709609729 0.788679748040266 0.796300369186323 0.803721563834112 0.812299411466762 0.821409664649589 0.832142403943888 0.841670124307578 0.849927830743748
-9999 -9999 -9999 -9999 -9999 -9999 -9999 -9999 -9999 -9999 -9999 -9999 -9999 -9999 -9999 -9999 -9999 -9999 -9999 -9999 -9999 -9999 -9999 -9999 -9999 -9999 -9999 -9999 -9999 -9999 0.597452855355579 0.494297142101685 0.407579266591536 0.349749970428188 0.344981910094319 0.397110886882335 0.477195040697492 0.544942829739516 0.603272177008449 0.640623288493535 0.669524733224401 0.693348251203884 0.703100196222891 0.714855736584745 0.734721684325444 0.749095429068332 0.759470892796511 0.76827664012272 0.77669969854996 0.784384457956029 0.791764868084854 0.79887838860258 0.807621375034363 0.816818421760181 0.826844174320972 0.836525712980667 0.84584447190526
-9999 -9999 -9999 -9999 -9999 -9999 -9999 -9999 -9999 -9999 -9999 -9999 -9999 -9999 -9999 -9999 -9999 -9999 -9999 -9999 -9999 -9999 -9999 -9999 -9999 -9999 -9999 -9999 -9999 0.671780576591335 0.591129044025311 0.480221364302871 0.415832288472402 0.364983938081777 0.339006579692544 0.406842165021513 0.520770791073525 0.568766843969292 0.610465167675885 0.639644572010489 0.665049481829757 0.688186064716157 0.704153138074599 0.719524029148889 0.734441110109579 0.746248306361471 0.755791530761978 0.764064167969595 0.772108069547433 0.779850627049777 0.787499039321677 0.795064893868559 0.804011377980558 0.813231012854723 0.822603579593444 0.832025925265711 0.841500734793355
-9999 -9999 -9999 -9999 -9999 -9999 -9999 -9999 -9999 -9999 -9999 -9999 -9999 -9999 -9999 -9999 -9999 -9999 -9999 -9999 -9999 -9999 -9999 -9999 -9999 -9999 -9999 -9999 0.650964662501788 0.650699456628603 0.587466702540725 0.49990423128801 0.428849382685438 0.377234365645178 0.361325551898278 0.423842154187218 0.524891455182639 0.570817808602735 0.611541052077859 0.641938314162531 0.66008459309278 0.670868499411169 0.697141474527955 0.720455653542575 0.73270576908374 0.743653922514563 0.753654257667414 0.762864958334817 0.771839766028728 0.780284550643836 0.788318008767701 0.795990766947489 0.803730276429354 0.811439293014238 0.818940586078434 0.826558608611485 0.834299656640181
-9999 -9999 -9999 -9999 -9999 -9999 -9999 -9999 -9999 -9999 -9999 -9999 -9999 -9999 -9999 -9999 -9999 -9999 -9999 -9999 -9999 -9999 -9999 -9999 -9999 -9999 -9999 0.651070329462014 0.642429827610906 0.620743655951688 0.585675408834892 0.543319862872844 0.445215681462784 0.387387325875772 0.40353578536743 0.445952141364981 0.501274682536633 0.557562037317297 0.608316531532932 0.646532637127159 0.654775482961276 0.645005545334316 0.684460288915675 0.718760351806843 0.729947708145134 0.741237217360235 0.75260109307419 0.763784111284872 0.774610816330415 0.784210870004949 0.792711657224338 0.800248476993689 0.805789431539689 0.810909965848161 0.815683653698191 0.82041110657938 0.825089830720399
-9999 -9999 -9999 -9999 -9999 -9999 -9999 -9999 -9999 -9999 -9999 -9999 -9999 -9999 -9999 -9999 -9999 -9999 -9999 -9999 -9999 -9999 -9999 -9999 -9999 -9999 0.645865993470479 0.633510188184636 0.626114537892341 0.626207867448432 0.577219499009029 0.508876335217105 0.442472110450146 0.394822177224678 0.381619278391301 0.420191779009455 0.484203046398854 0.559945068665661 0.618643693276783 0.638490091785771 0.651706401965515 0.660938282478339 0.696873719137658 0.727432203755763 0.738133435717 0.747535438897471 0.755991613642617 0.763709671713691 0.77142610531458 0.779447389714294 0.787375754185259 0.795222635421331 0.7992331069151 0.802782039991893 0.807370394875294 0.811904343247748 0.816380950590199
-9999 -9999 -9999 -9999 -9999 -9999 -9999 -9999 -9999 -9999 -9999 -9999 -9999 -9999 -9999 -9999 -9999 -9999 -9999 -9999 -9999 -9999 -9999 -9999 -9999 -9999 0.642260741894448 0.621696360169116 0.615869949575382 0.63229533735371 0.569869382599585 0.478212176572969 0.441821343714136 0.40601852031253 0.371295726084576 0.405455684482068 0.473459752189434 0.566168778723369 0.631892362925899 0.635939454027858 0.653982588345471 0.680436809671077 0.710013564125175 0.734457520586438 0.743805400797875 0.75182853186845 0.758887255880276 0.763584156751664 0.76839193040918 0.77459955904148 0.781559905120446 0.78918032329955 0.79233797026763 0.795106507379559 0.799811657169851 0.804432836046263 0.808965514877217
-9999 -9999 -9999 -9999 -9999 -9999 -9999 -9999 -9999 -9999 -9999 -9999 -9999 -9999 -9999 -9999 -9999 -9999 -9999 -9999 -9999 -9999 -9999 -9999 -9999 -9999 0.630703999312367 0.630484070315352 0.62958148773574 0.627648215806675 0.568794495936945 0.489060759422046 0.455413574672163 0.431292400908349 0.424668173234479 0.446514944070521 0.482350348475988 0.580058333982521 0.650369119263261 0.657100279269692 0.674040552992917 0.697116113841467 0.716539150500761 0.731977413456529 0.736744535467739 0.745970433223892 0.758442285001948 0.763642889231519 0.768051129970187 0.772623840111857 0.777618540849272 0.78298329308477 0.787402522824724 0.791773067479358 0.796720086046639 0.801422747856257 0.805867873059906
-9999 -9999 -9999 -9999 -9999 -9999 -9999 -9999 -9999 -9999 -9999 -9999 -9999 -9999 -9999 -9999 -9999 -9999 -9999 -9999 -9999 -9999 -9999 -9999 -9999 -9999 0.640064991983598 0.646967812172319 0.647534135564109 0.638533440005222 0.579496692069045 0.50134257163307 0.442347585577978 0.412717473160291 0.437023432380887 0.468682390003078 0.50395409061497 0.599441825272368 0.663961223094958 0.656867802938143 0.669331249919133 0.693547626536399 0.710588166802064 0.723290541688918 0.72492742935943 0.735380932676698 0.75225286352996 0.759404051581702 0.764880805928205 0.768328260006074 0.771967559669258 0.775775092338019 0.780647280656866 0.785774821576401 0.791240415026882 0.796369783609339 0.801144792393519
-9999 -9999 -9999 -9999 -9999 -9999 -9999 -9999 -9999 -9999 -9999 -9999 -9999 -9999 -9999 -9999 -9999 -9999 -9999 -9999 -9999 -9999 -9999 -9999 -9999 -9999 0.667153452215513 0.669973825721026 0.669081060361303 0.662582094757397 0.600179789607293 0.514839024277834 0.406689153971341 0.356981336606534 0.414617238580458 0.474839306607689 0.536332033591849 0.623481345122916 0.673413657034537 0.638504823707242 0.643632058132356 0.672819438995627 0.694063476696723 0.709343529784757 0.709079480376173 0.720781639829821 0.741195106154497 0.751523087566823 0.759312502980921 0.762066632273831 0.764867703746084 0.767709939699165 0.772349789695674 0.777518192469083 0.783736865086438 0.78958551247901 0.795044176629766
-9999 -9999 -9999 -9999 -9999 -9999 -9999 -9999 -9999 -9999 -9999 -9999 -9999 -9999 -9999 -9999 -9999 -9999 -9999 -9999 -9999 -9999 -9999 -9999 -9999 -9999 0.680538746379374 0.683565704022039 0.682760708674394 0.67617012421477 0.640253307397305 0.590342329029769 0.473569339355691 0.40082695873206 0.408958009179389 0.483200409348686 0.589925247593304 0.60813773515229 0.612912804095573 0.589612216917696 0.602542660433593 0.637246568553668 0.665399338112943 0.684955940705553 0.681263002533514 0.698691933392987 0.731497420431741 0.740021709931418 0.744368993774857 0.743667522596783 0.747641850651812 0.755716475084051 0.762359967330105 0.768604034238224 0.774117152235589 0.778319428228746 0.78114015945125
-9999 -9999 -9999 -9999 -9999 -9999 -9999 -9999 -9999 -9999 -9999 -9999 -9999 -9999 -9999 -9999 -9999 -9999 -9999 -9999 -9999 -9999 -9999 -9999 -9999 -9999 0.689780362810921 0.694496942776646 0.694752655989219 0.688273228613618 0.679092097788472 0.665237859380738 0.550490726143655 0.461393180086898 0.4194076355573 0.498313191650823 0.636616078253588 0.590396350405304 0.553645928438862 0.5431364488358 0.56215008078986 0.59890597434082 0.636241583308972 0.662270472210909 0.656131952641216 0.677338583815838 0.718452271796068 0.725270102897944 0.726962576524302 0.724355555063399 0.729364341518938 0.741051573316659 0.749628419243373 0.757242583913255 0.762802533895965 0.765941828684963 0.766529905620329
-9999 -9999 -9999 -9999 -9999 -9999 -9999 -9999 -9999 -9999 -9999 -9999 -9999 -9999 -9999 -9999 -9999 -9999 -9999 -9999 -9999 -9999 -9999 -9999 -9999 -9999 0.690207466457178 0.700235854634387 0.704890936462859 0.701433251045704 0.697474077378609 0.690214273998788 0.596108097106217 0.523888271603424 0.491868306349854 0.543073929893912 0.635170717296672 0.591446146594902 0.553239234956755 0.531062700326265 0.536680348941082 0.559001239321466 0.614014812800962 0.655411956934637 0.652550202100555 0.665090936940836 0.68884456432511 0.698190127797418 0.705251573559177 0.710028142627119 0.713899582483409 0.716977297493437 0.725462996317351 0.735027166520302 0.745232359818901 0.751812037839628 0.754570651493338
-9999 -9999 -9999 -9999 -9999 -9999 -9999 -9999 -9999 -9999 -9999 -9999 -9999 -9999 -9999 -9999 -9999 -9999 -9999 -9999 -9999 -9999 -9999 -9999 -9999 -9999 0.672815165974996 0.682276850745214 0.687495673821247 0.68630850640534 0.686620680551521 0.685261998228529 0.620515573458768 0.563535581311224 0.520820621305763 0.548230054242071 0.610093650659835 0.592405133784578 0.566499376219494 0.524089655226567 0.522754237868398 0.546102907029645 0.603207348994699 0.646676758231676 0.645651078917912 0.655162232112102 0.672344117321934 0.684772595267531 0.695482000451973 0.701907350038971 0.703715360776049 0.701474340146548 0.707227181086237 0.714413908907473 0.721759235352122 0.726185734204553 0.727535972925311
-9999 -9999 -9999 -9999 -9999 -9999 -9999 -9999 -9999 -9999 -9999 -9999 -9999 -9999 -9999 -9999 -9999 -9999 -9999 -9999 -9999 -9999 -9999 -9999 -9999 -9999 0.670614013240849 0.652700372910392 0.642050851683509 0.642368899343824 0.64598399623491 0.649820127342444 0.623315652671045 0.579906910426337 0.505449174132317 0.513039319883488 0.560941987750034 0.593271610089059 0.593682487464508 0.522312907718047 0.520588090865883 0.560717114511999 0.604033205367915 0.636029704479332 0.635372410977712 0.64759592948575 0.669196578834139 0.685273558230341 0.697877655984851 0.700109497871942 0.698910640912607 0.694703339546228 0.695032102535136 0.69543283774761 0.692272531105004 0.688847457353973 0.685143335774976
-9999 -9999 -9999 -9999 -9999 -9999 -9999 -9999 -9999 -9999 -9999 -9999 -9999 -9999 -9999 -9999 -9999 -9999 -9999 -9999 -9999 -9999 -9999 -9999 -9999 -9999 -9999 0.63333154604513 0.635729447609108 0.641747767590332 0.648465245732142 0.654870607624006 0.644792063348182 0.618606138629404 0.562834906096818 0.534036895236169 0.518491616415257 0.521362920687602 0.517140323896751 0.496392530486271 0.5042821897562 0.529381863490275 0.599879054099837 0.654243472036937 0.65502018143377 0.663690037725444 0.678106043492753 0.681988623043592 0.684622290198278 0.687124696145767 0.686386223087892 0.682805762215273 0.684062882957704 0.684723935793766 0.678275145126314 0.673262493586303 0.669763442079766
-9999 -9999 -9999 -9999 -9999 -9999 -9999 -9999 -9999 -9999 -9999 -9999 -9999 -9999 -9999 -9999 -9999 -9999 -9999 -9999 -9999 -9999 -9999 -9999 -9999 -9999 -9999 -9999 -9999 0.653188063978472 0.659212949228841 0.667268494680738 0.665422494099186 0.654573836183486 0.627189504492883 0.567360541196241 0.491590582269473 0.450714168876256 0.43392364289239 0.470693511218162 0.489505995687117 0.497526778835324 0.593977803725287 0.670843858774904 0.676906345652679 0.682775620929204 0.688504239664553 0.677075128379544 0.667255126458135 0.670542990405306 0.671033264441055 0.669070279214193 0.672646231186258 0.67512674182425 0.667433775322929 0.662357679478585 0.660039600206808
-9999 -9999 -9999 -9999 -9999 -9999 -9999 -9999 -9999 -9999 -9999 -9999 -9999 -9999 -9999 -9999 -9999 -9999 -9999 -9999 -9999 -9999 -9999 -9999 -9999 -9999 -9999 -9999 -9999 -9999 0.659212949228841 0.666825669377192 0.652139772706952 0.638628229360925 0.627273685081386 0.596948540582534 0.557302585822403 0.498752345834652 0.463884194989214 0.48306996645719 0.506282676837569 0.531915423584384 0.584080785395396 0.633014692922746 0.668205763360006 0.685754094567946 0.69045864900067 0.667138570936667 0.646444402947285 0.647151475941185 0.648691201257124 0.650961095070324 0.656413281919403 0.660333256562233 0.653963827769526 0.649399247977224 0.646736865162379
-9999 -9999 -9999 -9999 -9999 -9999 -9999 -9999 -9999 -9999 -9999 -9999 -9999 -9999 -9999 -9999 -9999 -9999 -9999 -9999 -9999 -9999 -9999 -9999 -9999 -9999 -9999 -9999 -9999 -9999 -9999 -9999 0.630740791375969 0.630775104610689 0.630872442842856 0.616531103089 0.595095618902411 0.529937190716198 0.4855831234435 0.489423670284801 0.515729029968115 0.5555348835068 0.570661076331896 0.594907707960918 0.649279418142358 0.675421634936258 0.681013000366645 0.657247556571109 0.635061753480396 0.631012596700168 0.631188461515761 0.635069327311792 0.642011920289913 0.647288872029886 0.641723659823747 0.63651348176124 0.631677487286813
