layers/veg_krg/veg_5200.asc
NCOLS 255 
NROWS 330 
XLLCORNER -2985163.8955 
YLLCORNER -3022031.214 
CELLSIZE 25000 
NODATA_value -9999 
[rows 225 to 249 of 330, columns 56 to 111 of 255]
-9999 -9999 -9999 -9999 -9999 -9999 -9999 -9999 -9999 -9999 -9999 -9999 -9999 -9999 -9999 -9999 -9999 -9999 -9999 0.268463082857288 0.265120395060257 0.241549244783772 0.205644302064073 0.172715908569499 0.136546385060184 0.0904644941609049 0.0571626032761673 0.0332949762382316 0.0479985435633758 0.0647415603397239 0.071909930306076 0.0737472595192182 0.0708454302438307 0.0775689925621932 0.0886630298225968 0.113060840983641 0.126347550360896 0.127763354090021 0.12996482319577 0.131717700996323 0.128732632804271 0.128319358486887 0.131211986106631 0.153510143321531 0.179351981060689 0.170786639288958 0.164805809851166 0.162839787648238 0.163607310221095 0.165303654971167 0.160343948880108 0.156873711710016 0.156222378719796 0.15903285503052 0.163597115283325 0.166439760559812
-9999 -9999 -9999 -9999 -9999 -9999 -9999 -9999 -9999 -9999 -9999 -9999 -9999 -9999 -9999 -9999 -9999 -9999 -9999 0.27034165423701 0.273194843792072 0.253598153492048 0.220313217790824 0.180869382855504 0.138650302793848 0.0895694983706053 0.0610833568790175 0.0478003048797702 0.061648677031895 0.0758673114156295 0.0793798195318627 0.0774030484614156 0.0705464489938959 0.0707166519522311 0.0769958605169866 0.107708966800973 0.12282800502024 0.121286615293747 0.122630756186263 0.124465252441553 0.124647505327941 0.125612325254383 0.127583092787721 0.136065615914218 0.145918619733573 0.146508417609504 0.151978913408106 0.165031134034949 0.162662637972161 0.15437978189891 0.159955408878889 0.162200689790866 0.158143102399013 0.157838200938946 0.159434444156331 0.163991735116706
-9999 -9999 -9999 -9999 -9999 -9999 -9999 -9999 -9999 -9999 -9999 -9999 -9999 -9999 -9999 -9999 -9999 -9999 -9999 0.284335962403854 0.283334054438614 0.270301259162176 0.249932935189244 0.196684248345415 0.144517795863082 0.101614778582866 0.0737336146541063 0.0569416626051858 0.0695122581892711 0.0814227121061333 0.0777883269696289 0.0740987634966421 0.0703601478978454 0.071965783872771 0.0784642377082488 0.104789895441263 0.117949765115122 0.117043538476051 0.118636778092579 0.120725260570893 0.12190185140496 0.122974903003838 0.123914860515529 0.127280755508241 0.131373274044219 0.13473404370171 0.141829075013488 0.1547249456208 0.158638455125187 0.158984581217358 0.163106579626745 0.163145892899691 0.155458493628185 0.154851196666874 0.157830743653474 0.161722465157527
-9999 -9999 -9999 -9999 -9999 -9999 -9999 -9999 -9999 -9999 -9999 -9999 -9999 -9999 -9999 -9999 -9999 -9999 -9999 0.285707566119722 0.289229461982716 0.289862854024351 0.288735054050515 0.217204545112065 0.152696781013198 0.121607646617175 0.0917453114771775 0.0627886060598113 0.0738218863497727 0.0835569455140538 0.0706315645835409 0.0665197784703979 0.0702430520813902 0.078190633808238 0.0880001328839672 0.103364989591266 0.112237049626001 0.114172319935258 0.116694197510562 0.119142530103512 0.11997886801068 0.120380234044829 0.120222467260529 0.123814441939224 0.128428466321413 0.130639214516078 0.133323417464822 0.13674308975031 0.152722915330185 0.173126695471016 0.168431750530189 0.161399921461718 0.149945407003469 0.150763376580321 0.157798697709248 0.159562982262156
-9999 -9999 -9999 -9999 -9999 -9999 -9999 -9999 -9999 -9999 -9999 -9999 -9999 -9999 -9999 -9999 -9999 -9999 0.312234531462949 0.309937030816816 0.302359446928627 0.297159005533602 0.293407966541179 0.226370457446519 0.167700497359485 0.145002696965079 0.116470556713738 0.0836314758114092 0.0874441827089412 0.0908212576056591 0.0762436729046407 0.0727829994058083 0.0792049748171997 0.0901313514318078 0.101376526034411 0.110138537476989 0.115447382337552 0.117066924779681 0.11985613946833 0.122445746284219 0.12143095255374 0.120548170988139 0.119835083920954 0.121664300819711 0.124251005268142 0.126020637837664 0.12834729152497 0.131539227371811 0.141008237446513 0.152917112675396 0.160322535782006 0.163330374679305 0.158015536725511 0.154242454727345 0.151250440258477 0.153968186616042
-9999 -9999 -9999 -9999 -9999 -9999 -9999 -9999 -9999 -9999 -9999 -9999 -9999 -9999 -9999 -9999 -9999 -9999 0.319823395488306 0.314966701743669 0.311135531315423 0.30526571485145 0.298152885622896 0.237061977819092 0.184617153876982 0.167210572379675 0.138549855989735 0.101581277485255 0.102466830576613 0.103348350031493 0.0873499405020698 0.0841252889864432 0.0922561806984793 0.103305298725567 0.113538673171076 0.11700650933536 0.119365311768739 0.120539242077251 0.123229128292926 0.125619437992564 0.123037156132491 0.12102971031628 0.119761185145948 0.119605724874444 0.119921579706778 0.121637623343208 0.123952053490942 0.12719602321304 0.130769385984334 0.13474562226795 0.148137143128629 0.158448697931924 0.162931242763409 0.157634686305714 0.14738394857516 0.149646351836377
-9999 -9999 -9999 -9999 -9999 -9999 -9999 -9999 -9999 -9999 -9999 -9999 -9999 -9999 -9999 -9999 -9999 -9999 0.328747382176179 0.329914357655733 0.325132655965027 0.318113749491397 0.309730764088211 0.25440087643792 0.205781548822181 0.185300112056304 0.151618980960962 0.10819376544781 0.119761291228186 0.130209733180773 0.111982071821021 0.107576038450917 0.115457077839166 0.118962258450722 0.121418568946332 0.122558511196179 0.123612753057262 0.12457543413087 0.126226272904798 0.127467659446404 0.12443731452382 0.121888616507784 0.119959049541502 0.117558447068771 0.115388712019092 0.118042413230299 0.120563921196642 0.122880078858053 0.125954837659363 0.129177240837298 0.126685448386694 0.133010644996814 0.156022492108514 0.159305490007516 0.152593674230465 0.149699166330246
-9999 -9999 -9999 -9999 -9999 -9999 -9999 -9999 -9999 -9999 -9999 -9999 -9999 -9999 -9999 -9999 -9999 -9999 0.333595776980251 0.333398292273199 0.330470020037723 0.320901564038434 0.307284424239728 0.247510225982531 0.198616525362694 0.189751160757529 0.163602533089046 0.124695308887895 0.139622623015573 0.152962769456404 0.136396279656548 0.127932029597428 0.126670462845559 0.12812558773497 0.1297000328694 0.129408829924299 0.129171487096591 0.128991687470648 0.129644660686809 0.129984986233817 0.126502851962414 0.123371215533991 0.120690125126955 0.117061749638753 0.113540612578889 0.115225931198106 0.116857521232789 0.118405648748422 0.12109126383397 0.124019171870914 0.119113099976099 0.122031579272415 0.139758464268099 0.149000969416164 0.153945210898691 0.147767309605845
-9999 -9999 -9999 -9999 -9999 -9999 -9999 -9999 -9999 -9999 -9999 -9999 -9999 -9999 -9999 -9999 -9999 -9999 0.329945498950633 0.328360153864814 0.329369761446166 0.316210661327375 0.294412550698536 0.222607450032499 0.170391554071225 0.184063423538552 0.174779075799647 0.148548326667809 0.161392153956202 0.172661681231533 0.160648484265366 0.14598739290196 0.12897239133784 0.132461584654957 0.1382800205434 0.137224310912516 0.135705029602862 0.133690476468065 0.133376198532862 0.132999722576833 0.129063028854023 0.125317464691462 0.121817587241857 0.117717745898174 0.113688356414578 0.112988351722997 0.112914522676558 0.113813401122128 0.116191244696972 0.119166127136545 0.121858588151649 0.121801252262344 0.116539770198172 0.129794052690792 0.152428589187061 0.144360058232556
-9999 -9999 -9999 -9999 -9999 -9999 -9999 -9999 -9999 -9999 -9999 -9999 -9999 -9999 -9999 -9999 -9999 0.351402518925085 0.342591460075287 0.335704323809738 0.333543544408095 0.316873478530308 0.291356742863471 0.229135672847611 0.181600964522839 0.183316541627342 0.18567429678616 0.188506111193345 0.18022032479101 0.170927425519061 0.162829879098085 0.153384509714737 0.142740960289468 0.142220779534143 0.143469096919553 0.144443462495505 0.14293632456825 0.138777991959739 0.135905480748836 0.133251880097424 0.129864994059564 0.126209382562443 0.122208339020756 0.118270479648927 0.114411593087649 0.111289400555476 0.109310828895833 0.109108769304898 0.111195728407235 0.114218965656373 0.117234621701141 0.118662990361899 0.117087327868692 0.121087134560301 0.127911524432511 0.135019015222222
-9999 -9999 -9999 -9999 -9999 -9999 -9999 -9999 -9999 -9999 -9999 -9999 -9999 -9999 -9999 -9999 0.352673460777473 0.351865673231212 0.347453032887076 0.342902055884117 0.338157868215622 0.318338583528104 0.289327640409661 0.236466369583148 0.193163198718296 0.181905855547666 0.191947363234366 0.217711795677961 0.193859233835511 0.169218841852246 0.163744359146778 0.157838565213283 0.151549346661196 0.149356516825043 0.1485008996122 0.150670006444493 0.148976889314979 0.14315744005975 0.138066883605854 0.133380502351309 0.130341667967268 0.126707584580582 0.122308340793485 0.118457981040684 0.114704262030853 0.10993212980682 0.106540275729578 0.105292559491066 0.106836722877575 0.109518333733576 0.112032106500831 0.115006476518666 0.118852552885402 0.114643673513092 0.106354080617521 0.127529557124983
-9999 -9999 -9999 -9999 -9999 -9999 -9999 -9999 -9999 -9999 -9999 -9999 -9999 -9999 -9999 -9999 0.353527059110363 0.353998755884296 0.348400994524759 0.343873625443949 0.342016194244552 0.320374928534417 0.286670971018902 0.232419276975926 0.187985012961162 0.175728581644686 0.180924282805119 0.19900324079569 0.189283002371279 0.177428638638935 0.169996491632054 0.156081640801084 0.136403832551704 0.144116938626961 0.154493657673818 0.15342778261894 0.15020877996446 0.144689413666427 0.139392343302907 0.134309341461726 0.130397714430798 0.126204657141334 0.121649836474943 0.117315912270326 0.113110018094541 0.109616137421452 0.10675509535669 0.104877111097398 0.104921060193596 0.105790221941674 0.108025521490559 0.110728745521344 0.114317543100746 0.111921668351205 0.106493904402494 0.129739507674273
-9999 -9999 -9999 -9999 -9999 -9999 -9999 -9999 -9999 -9999 -9999 -9999 -9999 -9999 -9999 -9999 0.366043815371821 0.363179271277978 0.356555577623464 0.350487273103308 0.345825406664774 0.320636893308584 0.282932777103455 0.235164622491803 0.194003836623542 0.173796521184256 0.175435765630275 0.19320225654487 0.198717440089325 0.197870129104488 0.178740985542178 0.162084931591769 0.147627390871649 0.153691527142744 0.161385122796455 0.15865870623574 0.154750933631363 0.149581021015668 0.14378393522013 0.13796755187964 0.133153247299839 0.128414325239701 0.123772303331722 0.118913183062158 0.114078322712549 0.11043268660423 0.10718663823119 0.104561313431216 0.104067194242598 0.10445191184154 0.105079218166266 0.106773034166246 0.110485280050275 0.111151787853408 0.110275297162486 0.126604391495177
-9999 -9999 -9999 -9999 -9999 -9999 -9999 -9999 -9999 -9999 -9999 -9999 -9999 -9999 -9999 -9999 0.372143372532095 0.378421638874973 0.371160843324378 0.362151172844555 0.349590657250322 0.319310601539084 0.278226505223458 0.243989913050478 0.210045158935235 0.175664372325212 0.174901263466364 0.198954902765613 0.220692897261251 0.229260269230155 0.189716404521508 0.175034429487877 0.182454036668431 0.176526349736896 0.169081025065453 0.166103356390747 0.162256120138371 0.157479853185883 0.150920037290367 0.144068836087881 0.138325103835263 0.133052051053595 0.128384031276365 0.122962450278517 0.117340377247362 0.112262979360114 0.107812171159 0.104334713625303 0.104163747811977 0.105252725085012 0.103081978236268 0.103105564189565 0.107282049085988 0.112129263821618 0.117316276367936 0.118684879585163
-9999 -9999 -9999 -9999 -9999 -9999 -9999 -9999 -9999 -9999 -9999 -9999 -9999 -9999 -9999 -9999 0.389140963535118 0.389168420307651 0.379577832408437 0.369484307006226 0.358567681500886 0.332553457469087 0.29733385528235 0.259100540445661 0.223508349218302 0.196103345121994 0.193079145978967 0.208052986465434 0.223186540183198 0.232261276697403 0.218657884633206 0.206351798527662 0.195198984143492 0.187507076164805 0.180905716606138 0.176662010700683 0.170958610966029 0.163695700027287 0.157234979979534 0.151014869292193 0.145103668334164 0.139379250175559 0.133894931203956 0.127770494412389 0.121504041918644 0.116056367675927 0.110883637909286 0.106138009633802 0.104410612280609 0.103854197278732 0.10105553805252 0.100766151685235 0.105225706132283 0.110407192317137 0.115954415658194 0.119603705916649
-9999 -9999 -9999 -9999 -9999 -9999 -9999 -9999 -9999 -9999 -9999 -9999 -9999 -9999 -9999 -9999 -9999 0.397357764501296 0.388746413042881 0.380046835591566 0.37144241478858 0.350044165200796 0.320845202684582 0.275127315503827 0.235932796495033 0.218654465814574 0.212975657609996 0.215859678467223 0.223186155399172 0.232352312593927 0.246403564667688 0.236550175127306 0.205446172345464 0.197308447127997 0.193044416216133 0.187460787206607 0.179992209882927 0.170509786945703 0.164082958695085 0.158373103960774 0.152370121136074 0.146170245298036 0.139717274139795 0.132914493821298 0.126085064868812 0.12034444918961 0.114513116651911 0.108540863641502 0.105135198157763 0.102757686149704 0.0996110798898828 0.0991413765259545 0.103737863302764 0.108549440107598 0.113469983468488 0.121693754858196
-9999 -9999 -9999 -9999 -9999 -9999 -9999 -9999 -9999 -9999 -9999 -9999 -9999 -9999 -9999 -9999 -9999 -9999 0.407520574589091 0.411139653493638 0.399368432371203 0.375654601722824 0.344659067520702 0.289976246686851 0.245454245261967 0.234687580851019 0.224212577226568 0.213952879142842 0.228601934181128 0.24403558224772 0.251299327191405 0.243916499914962 0.22351324561907 0.212132712911575 0.202939413409275 0.196584138341206 0.189601240163973 0.181947800499813 0.174418707555228 0.167049503885782 0.160631264531241 0.153755749180412 0.146292430266932 0.139067337280718 0.131957604366786 0.125329867536041 0.1187133933467 0.112114414656835 0.108159733794818 0.105253285546633 0.101166378460132 0.0999291098314905 0.104084943164829 0.108514337130754 0.113082319390517 0.121529695044175
-9999 -9999 -9999 -9999 -9999 -9999 -9999 -9999 -9999 -9999 -9999 -9999 -9999 -9999 -9999 -9999 -9999 -9999 0.440700592863337 0.43407115711434 0.419507932917625 0.394694329864462 0.363630818030137 0.306338879911968 0.259454382302643 0.247511640775644 0.234917966047508 0.221843768975148 0.242973901870888 0.263878721086529 0.268704029571793 0.267463343654367 0.260830144305567 0.237107389610069 0.213764263666711 0.207858432283706 0.201626340105341 0.19504567663371 0.18685588025838 0.178445510398005 0.171346035587653 0.163704492065399 0.155366148530364 0.147737015605393 0.140313115848523 0.132584780875119 0.124922308688144 0.117362148410458 0.113248537878413 0.110474291858309 0.105217121311883 0.102841268549079 0.105918472664097 0.10956133416201 0.113490762812704 0.121174079041233
-9999 -9999 -9999 -9999 -9999 -9999 -9999 -9999 -9999 -9999 -9999 -9999 -9999 -9999 -9999 -9999 -9999 -9999 0.449414024156613 0.448223248436462 0.431271203720415 0.406665716317942 0.377393736162184 0.324329855566573 0.278272401556453 0.256883607453493 0.245051568530688 0.240274377009002 0.266980356401214 0.292499717683036 0.299565037717855 0.308416139693229 0.318854756008489 0.273001219688737 0.225589389510541 0.221446570919617 0.216250491003304 0.209929125218872 0.201553628365908 0.192767093195605 0.184700260060832 0.176195454113709 0.167127657802926 0.159114141555254 0.151339647464978 0.142281069654852 0.133291987140758 0.124410859312596 0.120557948001958 0.118627114071326 0.111952301186902 0.108038746266397 0.109351028224137 0.111772384162174 0.114755607022427 0.121693451115955
-9999 -9999 -9999 -9999 -9999 -9999 -9999 -9999 -9999 -9999 -9999 -9999 -9999 -9999 -9999 -9999 -9999 -9999 0.480713570476331 0.473298152954573 0.450520432725968 0.424456894884786 0.396389913011169 0.346179235959781 0.303116768089357 0.284824521029889 0.281093728377273 0.288112278659799 0.30744954149738 0.325143915668645 0.331219991284981 0.343062478979723 0.360031159103828 0.335094680104363 0.301209688037011 0.260246888574561 0.234227254957538 0.224172636807678 0.217708775952672 0.21151543806734 0.200763821110873 0.190121798401595 0.179620653169959 0.170792744695298 0.162275089541628 0.150849842707611 0.140817975869555 0.13295059941339 0.129007277912354 0.126536935168934 0.11941536203899 0.114637236993477 0.11429421999723 0.115815117717185 0.118280291512021 0.123156841491786
-9999 -9999 -9999 -9999 -9999 -9999 -9999 -9999 -9999 -9999 -9999 -9999 -9999 -9999 -9999 -9999 -9999 -9999 0.517572258922167 0.50124631904055 0.473550709126195 0.444633586990695 0.414971678729322 0.367069994479554 0.327688471560549 0.316308854241758 0.321319041250874 0.338428268811713 0.348109141752627 0.355816044911856 0.359467071043183 0.371025576193019 0.389613627363653 0.392412337744146 0.379341360760348 0.300558619031029 0.252696771473155 0.23787026320095 0.23284991069967 0.229005449026874 0.215932544610979 0.203449038162378 0.191723170924682 0.182152822419094 0.172944843223889 0.159521639384979 0.148785618135629 0.142223893120154 0.137938808183413 0.134470620893204 0.126980396073052 0.121402854351898 0.119445173580261 0.120107544020529 0.122097256131991 0.122873042588392
-9999 -9999 -9999 -9999 -9999 -9999 -9999 -9999 -9999 -9999 -9999 -9999 -9999 -9999 -9999 -9999 -9999 -9999 0.53307328759777 0.530234406389321 0.51086110790771 0.471763784328921 0.420640236219205 0.373549665739247 0.338921705037791 0.339518224819631 0.344301278986948 0.352174855059692 0.359334264342649 0.36417934278749 0.360707247673396 0.360765492823327 0.36396211991483 0.364855448804407 0.356690828258673 0.304926333502352 0.268571418722623 0.248679828061331 0.23766600523496 0.228774671210491 0.219321800333993 0.209599398262783 0.199530528417664 0.190562603702799 0.181795839850729 0.171078483315594 0.161641964845428 0.154195112999174 0.148344273195185 0.143038527587819 0.133944564112297 0.126793658756043 0.123320100793237 0.122836106700069 0.123866652736819 0.123602360875385
-9999 -9999 -9999 -9999 -9999 -9999 -9999 -9999 -9999 -9999 -9999 -9999 -9999 -9999 -9999 -9999 -9999 -9999 0.58077133198951 0.562216843468686 0.549518318150532 0.510156684835071 0.454537897014475 0.399607546299461 0.358222274711059 0.355810863894996 0.361699892281457 0.373716348945841 0.378124929516465 0.378658679497142 0.368123943015794 0.361225494748794 0.357559613433641 0.357223603394098 0.353635256161489 0.330616318971372 0.301250222966459 0.265102934160839 0.247499469901179 0.235158143804545 0.227748491194698 0.219431801433879 0.209949164470223 0.200927641794466 0.192022310541978 0.182701973227898 0.173407153811877 0.164151974153195 0.15661799781415 0.149723443137093 0.140554522843538 0.132921692481585 0.128195999199095 0.126306034730261 0.125852676158848 0.126371062464481
-9999 -9999 -9999 -9999 -9999 -9999 -9999 -9999 -9999 -9999 -9999 -9999 -9999 -9999 -9999 -9999 -9999 0.601560944658642 0.600967775646795 0.59807524524689 0.589918876415358 0.563128323237575 0.524976048312097 0.451007973637002 0.38796541560103 0.363150304597725 0.371870915890651 0.405347775389816 0.406708631115759 0.40105477702306 0.383535685912434 0.375561855787566 0.376073517843311 0.375383256068928 0.375943913909239 0.383906410347096 0.355680768043507 0.288792355031803 0.263827549845562 0.250103275325138 0.242695770003725 0.234030337570599 0.22374790786707 0.213823615497092 0.20402923087922 0.194411731444036 0.183759919623185 0.171501396627251 0.162132341848684 0.153970965641393 0.146705983771469 0.140004015145218 0.134367580927623 0.130735605483112 0.128119107005469 0.127298158140609
-9999 -9999 -9999 -9999 -9999 -9999 -9999 -9999 -9999 -9999 -9999 -9999 -9999 -9999 -9999 -9999 0.687650102883945 0.682120655183912 0.679584200242164 0.674378297634489 0.662933963543982 0.618558123584856 0.554103132348728 0.499810711258765 0.451250939652413 0.417342890283385 0.424476427464251 0.461907081684437 0.471180341147397 0.471732250511265 0.452287367662644 0.448797898995518 0.459492384279732 0.459304719505062 0.459941886506771 0.474623998954935 0.450655006606956 0.385391853953431 0.324581346767202 0.270648649530629 0.259257880270377 0.248369480897701 0.23812685084614 0.226298698845644 0.213839041843296 0.199886623882345 0.186308086459623 0.173310338793692 0.166501266144987 0.162151754705415 0.155260518061553 0.148814881799646 0.143212569464516 0.136313426870578 0.128757298323403 -9999
