layers/veg_krg/veg_1900.asc
NCOLS 255 
NROWS 330 
XLLCORNER -2985163.8955 
YLLCORNER -3022031.214 
CELLSIZE 25000 
NODATA_value -9999 
[rows 75 to 99 of 330, columns 0 to 55 of 255]
-9999 -9999 -9999 -9999 -9999 -9999 -9999 -9999 -9999 -9999 -9999 -9999 -9999 -9999 -9999 -9999 -9999 -9999 -9999 -9999 -9999 -9999 -9999 -9999 -9999 -9999 0.699646260827283 0.710154025513979 0.71519167694113 0.711970399358526 0.698041804683199 0.673388056447989 0.467107475837609 0.332784963854455 0.330631777452414 0.335625923465549 0.344131762759129 0.468536867255543 0.566219852811733 0.600437236541353 0.613904191635694 0.614900932254756 0.609672208661211 0.599623365896204 0.576978170616345 0.60455088878166 0.668681856888969 0.683398014664954 0.693069147711006 0.705100475999498 0.716714590151424 0.727962841372245 0.740791914545805 0.752918723841199 0.760224017700676 0.771214671421706
-9999 -9999 -9999 -9999 -9999 -9999 -9999 -9999 -9999 -9999 -9999 -9999 -9999 -9999 -9999 -9999 -9999 -9999 -9999 -9999 -9999 -9999 -9999 -9999 -9999 -9999 0.705695253571992 0.721952351244814 0.730379726724958 0.726985570056271 0.713310374817634 0.691761052528558 0.563677711435149 0.458833964509282 0.396675652955714 0.369507742079871 0.359531637573505 0.495815817691276 0.598501915517966 0.621377769033474 0.632839663836028 0.63744220572283 0.631777400239395 0.623895389219239 0.611496635398494 0.636508538939498 0.688755109723661 0.699406491495871 0.706290601728575 0.716914291289984 0.727154884415273 0.737059533063302 0.749069942452225 0.761057659740899 0.771116068105545 0.783568269313412
-9999 -9999 -9999 -9999 -9999 -9999 -9999 -9999 -9999 -9999 -9999 -9999 -9999 -9999 -9999 -9999 -9999 -9999 -9999 -9999 -9999 -9999 -9999 -9999 -9999 -9999 0.717630976866665 0.733029622546726 0.740855050122883 0.737246222551503 0.724768536915727 0.706727695168601 0.631203608317472 0.545940239913397 0.44278819968899 0.396706306752304 0.378664644925993 0.523937060283894 0.630636772328151 0.645829659009533 0.653489899179275 0.656623306712561 0.650779548574388 0.644493238694589 0.638500732685321 0.661462476314806 0.705502688215024 0.711991869727584 0.715514672131973 0.724002562930562 0.732655447494474 0.741453018197479 0.752993606179129 0.765140326152206 0.777903181418879 0.791277062633035
-9999 -9999 -9999 -9999 -9999 -9999 -9999 -9999 -9999 -9999 -9999 -9999 -9999 -9999 -9999 -9999 -9999 -9999 -9999 -9999 -9999 -9999 -9999 -9999 -9999 -9999 0.742312535168056 0.742532648220681 0.741086445909156 0.737124394355138 0.727908290502715 0.714272673329364 0.635121523316941 0.547765668442267 0.445339782799349 0.40932869825834 0.405949146323307 0.553735880075727 0.662223975481463 0.677881118312958 0.67789235545216 0.668501001296877 0.663060303567828 0.657124631611257 0.649103490867183 0.671285450332525 0.715455031559262 0.717359427986855 0.716061135681338 0.720848838375084 0.727461154225458 0.735673507704256 0.747502499121828 0.76044525510795 0.775748984652298 0.788845039579374
-9999 -9999 -9999 -9999 -9999 -9999 -9999 -9999 -9999 -9999 -9999 -9999 -9999 -9999 -9999 -9999 -9999 -9999 -9999 -9999 -9999 -9999 -9999 -9999 -9999 -9999 0.751871782556483 0.752789995464332 0.749215164328949 0.738856610438644 0.728670378104654 0.714361619373003 0.582731913153562 0.482038275184946 0.438166608050826 0.446763295255672 0.481139218218021 0.594570229292765 0.677646115089871 0.690003403800606 0.687591870944992 0.676304840830186 0.668300068870224 0.660637656761157 0.653379895181071 0.672661270643478 0.711262931212981 0.715569419629196 0.717003936168555 0.722377818971749 0.729257544156618 0.737457770875967 0.748977616342693 0.761382578986385 0.775279332605181 0.786924796090385
-9999 -9999 -9999 -9999 -9999 -9999 -9999 -9999 -9999 -9999 -9999 -9999 -9999 -9999 -9999 -9999 -9999 -9999 -9999 -9999 -9999 -9999 -9999 -9999 -9999 -9999 0.752667691119192 0.763484470044992 0.761920360143756 0.7416632402355 0.728054614612189 0.710129814698455 0.497712242394304 0.377164201942472 0.425357962070033 0.498576499132933 0.584090440397523 0.641799638367444 0.683700643504554 0.690576786235707 0.688771071485193 0.681747892231025 0.669459599432959 0.658866612119237 0.653990194308026 0.669141987919494 0.698874163487307 0.709631620514371 0.718176412853777 0.726620414709996 0.735105016350204 0.743625220705348 0.754489641945938 0.765583860694538 0.775785869728403 0.785301127493627
-9999 -9999 -9999 -9999 -9999 -9999 -9999 -9999 -9999 -9999 -9999 -9999 -9999 -9999 -9999 -9999 -9999 -9999 -9999 -9999 -9999 -9999 -9999 -9999 -9999 -9999 -9999 -9999 -9999 -9999 0.642911476437936 0.633120414800134 0.503005187807129 0.427832475531097 0.453575689076969 0.506645057287991 0.573140563831995 0.618833145988785 0.652982979127899 0.661571619352728 0.666832512278683 0.670093556273038 0.663461558416095 0.656580482869792 0.650699957030665 0.655564077422234 0.668250216601361 0.691224960605625 0.71175080509285 0.718990527890426 0.726372578563017 0.733879439228768 0.74612275944363 0.758469488738246 0.767236957014288 0.776349011769998
-9999 -9999 -9999 -9999 -9999 -9999 -9999 -9999 -9999 -9999 -9999 -9999 -9999 -9999 -9999 -9999 -9999 -9999 -9999 -9999 -9999 -9999 -9999 -9999 -9999 -9999 -9999 -9999 -9999 -9999 0.62600852893175 0.569108724045014 0.511564597973776 0.475440618221067 0.478660194330525 0.516870820608083 0.572273572368719 0.606092134472801 0.632163882762777 0.641279783495255 0.650723435209052 0.66036405273514 0.658086956286583 0.654288084684407 0.648229562597726 0.645426111296539 0.644992326180007 0.676496037950867 0.705520780034339 0.712034000085471 0.718664344230772 0.725397396699305 0.737796925943852 0.75023289923926 0.757957213108218 0.766983983190473
-9999 -9999 -9999 -9999 -9999 -9999 -9999 -9999 -9999 -9999 -9999 -9999 -9999 -9999 -9999 -9999 -9999 -9999 -9999 -9999 -9999 -9999 -9999 -9999 -9999 -9999 -9999 -9999 -9999 0.666758528862004 0.617754580778173 0.550538738842989 0.516396414800938 0.493045366389277 0.489515244934637 0.539055134018178 0.61466987013196 0.630905694201411 0.643349883729814 0.648771584768031 0.653666746732248 0.658245478838664 0.655403410817133 0.652050508003648 0.648529210319158 0.646031099728055 0.644277861373396 0.673491888929292 0.700881554779744 0.708561693775801 0.71577055556913 0.72256614551081 0.731518341481811 0.740527586607188 0.747956175639092 0.757519982644055
-9999 -9999 -9999 -9999 -9999 -9999 -9999 -9999 -9999 -9999 -9999 -9999 -9999 -9999 -9999 -9999 -9999 -9999 -9999 -9999 -9999 -9999 -9999 -9999 -9999 -9999 -9999 -9999 0.640942558458941 0.650804167550223 0.615572033223064 0.563041255874545 0.525829021333516 0.505081612549085 0.514576050962271 0.559707970385807 0.622349625655721 0.635782350943955 0.646860636108675 0.653900867450555 0.653292095099075 0.648086563892394 0.651403679945715 0.653509738683708 0.650710558865303 0.647680754933644 0.644483058443403 0.671842934197459 0.697583250404086 0.704535371668764 0.711761292052088 0.719227312037274 0.726944303446821 0.734566819925578 0.741507639122015 0.750055688642475
-9999 -9999 -9999 -9999 -9999 -9999 -9999 -9999 -9999 -9999 -9999 -9999 -9999 -9999 -9999 -9999 -9999 -9999 -9999 -9999 -9999 -9999 -9999 -9999 -9999 -9999 -9999 0.637013360952477 0.635634302004373 0.632173101533368 0.617657758938876 0.597388144496031 0.538496042628597 0.513203129661442 0.549623687076982 0.579284158553508 0.605623202259745 0.626643106620466 0.644975589303263 0.657369268959571 0.650584872385382 0.63227518503185 0.64647865368657 0.657567872827641 0.654214767467169 0.65006482441424 0.645334789726165 0.671146698606787 0.695227630776891 0.700119569279343 0.706967835261603 0.715531641642027 0.723568583631102 0.731238517554778 0.737556556794071 0.743997214246535
-9999 -9999 -9999 -9999 -9999 -9999 -9999 -9999 -9999 -9999 -9999 -9999 -9999 -9999 -9999 -9999 -9999 -9999 -9999 -9999 -9999 -9999 -9999 -9999 -9999 -9999 0.651198747822289 0.635948766345205 0.63108504963702 0.641902804103718 0.611471975372201 0.564695784687229 0.517324462209083 0.487606561582782 0.490313667698179 0.524226657819048 0.573472010674247 0.617024525198788 0.647630059523096 0.649103466836767 0.645863962570209 0.639792178583483 0.651927142472883 0.660737585019629 0.656977803541668 0.653242654499362 0.649525437678402 0.672134157330065 0.692899137817503 0.695838012780755 0.701477080186539 0.709483997180796 0.717392679995509 0.725030534409958 0.731419980058858 0.737191772274099
-9999 -9999 -9999 -9999 -9999 -9999 -9999 -9999 -9999 -9999 -9999 -9999 -9999 -9999 -9999 -9999 -9999 -9999 -9999 -9999 -9999 -9999 -9999 -9999 -9999 -9999 0.647740463326248 0.630578830757476 0.628873853335123 0.650505763382117 0.604760195351988 0.533642302880241 0.498702159929762 0.467710377272731 0.443970764206849 0.479851275580856 0.5450248963575 0.608756859361686 0.650778696300739 0.643738444403764 0.64414981331248 0.649039321505386 0.658688235148609 0.664984792220065 0.660952415423056 0.657559338722634 0.654631667514309 0.674003269323984 0.691527612759099 0.692908444753137 0.697156359665188 0.703918473565653 0.711366205390134 0.718708453579812 0.724939643843983 0.730295453175688
-9999 -9999 -9999 -9999 -9999 -9999 -9999 -9999 -9999 -9999 -9999 -9999 -9999 -9999 -9999 -9999 -9999 -9999 -9999 -9999 -9999 -9999 -9999 -9999 -9999 -9999 0.634131004744281 0.631803128355298 0.634520961765109 0.644856948045769 0.59923152913984 0.532712583221151 0.501276569693074 0.479930647502008 0.477117748674495 0.499830377630155 0.535084444312373 0.605364052477183 0.653992994498781 0.652740740704717 0.6536306519442 0.65580792248981 0.666237322074526 0.673304570679533 0.66941246479309 0.665549281711194 0.661707154205787 0.678326568408745 0.693475785236329 0.694633947484654 0.697160559232758 0.700887190110555 0.70687971350444 0.713038426488506 0.718059414882537 0.723355056723121
-9999 -9999 -9999 -9999 -9999 -9999 -9999 -9999 -9999 -9999 -9999 -9999 -9999 -9999 -9999 -9999 -9999 -9999 -9999 -9999 -9999 -9999 -9999 -9999 -9999 -9999 0.639140384104415 0.641620344504091 0.643545743643076 0.644633850779814 0.598417880390553 0.534052998012558 0.485691692420978 0.460983648693642 0.479720846452511 0.507708796545305 0.540241911592386 0.612169721872499 0.659189481631995 0.6488468710636 0.649117326204602 0.6557658281784 0.666306595320883 0.67265535827348 0.66644345179615 0.662783274767524 0.660980736907277 0.676101194108231 0.689911157404857 0.691803932432201 0.693662612399942 0.695491393768019 0.700954226706751 0.70694805470263 0.712419040356617 0.718358034414572
-9999 -9999 -9999 -9999 -9999 -9999 -9999 -9999 -9999 -9999 -9999 -9999 -9999 -9999 -9999 -9999 -9999 -9999 -9999 -9999 -9999 -9999 -9999 -9999 -9999 -9999 0.659928949960561 0.658719930518417 0.655433053216063 0.649008968374192 0.60160013837346 0.537317317774663 0.454717091168397 0.415622855842616 0.456438457397919 0.505332067609841 0.558194639536567 0.627618447278875 0.66606584422122 0.634023693797794 0.632744155604785 0.649951771536437 0.660036838420881 0.66440506034382 0.653788479496926 0.650901761235838 0.653642322744901 0.668325917124796 0.681674513819406 0.685113184238254 0.687196648907876 0.688091708142 0.693809213257949 0.700501447079217 0.707829423908452 0.715007992607457
-9999 -9999 -9999 -9999 -9999 -9999 -9999 -9999 -9999 -9999 -9999 -9999 -9999 -9999 -9999 -9999 -9999 -9999 -9999 -9999 -9999 -9999 -9999 -9999 -9999 -9999 0.663674452727792 0.664536752299779 0.662207870598735 0.655060854731046 0.627762936428324 0.590650465620484 0.502030825554224 0.446081875103022 0.450140969546152 0.50717479188805 0.590236646115023 0.607301320098308 0.611931411280087 0.590165117538888 0.596008638912038 0.618444603851071 0.633399764051376 0.641335312381819 0.630653049523355 0.635637323022967 0.652026712996189 0.659649134557666 0.664997862869285 0.665724597769669 0.665563981086043 0.66462522909253 0.667079080388644 0.67245067920778 0.689257051448639 0.702159383418734
-9999 -9999 -9999 -9999 -9999 -9999 -9999 -9999 -9999 -9999 -9999 -9999 -9999 -9999 -9999 -9999 -9999 -9999 -9999 -9999 -9999 -9999 -9999 -9999 -9999 -9999 0.664498338102318 0.668316181472389 0.668126481268833 0.661886080411073 0.654648384737733 0.644265862340275 0.556891855053916 0.48838977245479 0.454550787488961 0.511983420069757 0.614260465560904 0.58261174037144 0.556621071380936 0.546928734852924 0.558552682242474 0.582986901503518 0.604670300531042 0.618345097843386 0.60978105324361 0.621449000246664 0.647845679590383 0.649313701760443 0.648070731698931 0.647411872375514 0.64576685531198 0.643257057960077 0.642020370012608 0.644941765824788 0.667233164802346 0.683335867342909
-9999 -9999 -9999 -9999 -9999 -9999 -9999 -9999 -9999 -9999 -9999 -9999 -9999 -9999 -9999 -9999 -9999 -9999 -9999 -9999 -9999 -9999 -9999 -9999 -9999 -9999 0.664714002240199 0.671214020179738 0.673956376965739 0.671025312519438 0.667430635170091 0.661159074587788 0.587299377182646 0.528075016167045 0.495732179032789 0.527346358348392 0.590384488847137 0.564804831674076 0.542198445950655 0.528633703073375 0.533221433529625 0.548718106625308 0.581704608421698 0.606980501238757 0.607370332773212 0.614822588241476 0.62741623333857 0.631968270889931 0.636392491258562 0.643735356726278 0.64600554886665 0.643827418264758 0.639592266322221 0.636356830501853 0.639818206041244 0.644008690629686
-9999 -9999 -9999 -9999 -9999 -9999 -9999 -9999 -9999 -9999 -9999 -9999 -9999 -9999 -9999 -9999 -9999 -9999 -9999 -9999 -9999 -9999 -9999 -9999 -9999 -9999 0.650914320556199 0.657515831731815 0.661156414504646 0.660326505292891 0.658565591487119 0.65476699321683 0.604237358489853 0.55612334190066 0.512446223441493 0.524055933147557 0.562829677165587 0.555674059759897 0.542476929878128 0.516817277656495 0.518051241916713 0.53544724173963 0.571669638136886 0.59983587041821 0.601905386025242 0.607410665601076 0.615417154591958 0.623267876747677 0.631263812606972 0.639856286485437 0.642846353199489 0.640923563596433 0.637124558315628 0.632736436056862 0.627067751632105 0.624278914117359
-9999 -9999 -9999 -9999 -9999 -9999 -9999 -9999 -9999 -9999 -9999 -9999 -9999 -9999 -9999 -9999 -9999 -9999 -9999 -9999 -9999 -9999 -9999 -9999 -9999 -9999 0.649378554492691 0.636880030211929 0.629377444778855 0.629417866651552 0.627647553691602 0.624653219871751 0.607453361296967 0.572316657843959 0.50423436905445 0.501762554838573 0.531527084100677 0.555382027338046 0.557732042126311 0.511600876575785 0.5132325395573 0.543567836868948 0.574807729147775 0.596990293331388 0.593328972608098 0.599198510778243 0.612006440006163 0.623374539185121 0.632807443519717 0.635770865501988 0.636225587203729 0.634480382399017 0.634616503753595 0.634173624798458 0.629256634509848 0.62451381997822
-9999 -9999 -9999 -9999 -9999 -9999 -9999 -9999 -9999 -9999 -9999 -9999 -9999 -9999 -9999 -9999 -9999 -9999 -9999 -9999 -9999 -9999 -9999 -9999 -9999 -9999 -9999 0.623366207873219 0.625341877751786 0.630300468915451 0.630554450785927 0.628768829275672 0.62200683304848 0.601908255698142 0.557313649393281 0.528441600342571 0.507294503127536 0.502444639374805 0.496282016168946 0.48672428927153 0.494101384301557 0.511655660017714 0.569243014350941 0.612745327629083 0.609393167624341 0.61141033769014 0.617336338236406 0.619855536510887 0.622054951802094 0.624519594564827 0.625265559194863 0.624504382613363 0.629729728403473 0.633675469781513 0.626154822471055 0.619551277381844
-9999 -9999 -9999 -9999 -9999 -9999 -9999 -9999 -9999 -9999 -9999 -9999 -9999 -9999 -9999 -9999 -9999 -9999 -9999 -9999 -9999 -9999 -9999 -9999 -9999 -9999 -9999 -9999 -9999 0.640248339783128 0.639819961922755 0.639199519632268 0.637948225360924 0.631991153833009 0.617390723496257 0.565590187948728 0.495512153620941 0.451538706083846 0.430954883790971 0.462586606752726 0.47657814147622 0.479968597321688 0.562065765807168 0.626479530662614 0.627160545105619 0.62634499847193 0.624439967028104 0.615710345660431 0.608889951557052 0.611923899043806 0.613797479205996 0.614653511415429 0.624379381500478 0.632019317908805 0.621734813048107 0.613594873314587
-9999 -9999 -9999 -9999 -9999 -9999 -9999 -9999 -9999 -9999 -9999 -9999 -9999 -9999 -9999 -9999 -9999 -9999 -9999 -9999 -9999 -9999 -9999 -9999 -9999 -9999 -9999 -9999 -9999 -9999 0.639819961922755 0.639463640636829 0.645870640113044 0.645003657875665 0.630776155050173 0.597674651555861 0.555299799982335 0.493893469365742 0.456320361819837 0.473146308228417 0.491386568949551 0.510476778513814 0.557427577421324 0.5986500902685 0.618819282692665 0.628304788129183 0.630012652632395 0.612924397598896 0.598425537261665 0.601308659867922 0.605551604310702 0.610987002122837 0.619572193681779 0.625644085486677 0.616625050228053 0.608951048990289
-9999 -9999 -9999 -9999 -9999 -9999 -9999 -9999 -9999 -9999 -9999 -9999 -9999 -9999 -9999 -9999 -9999 -9999 -9999 -9999 -9999 -9999 -9999 -9999 -9999 -9999 -9999 -9999 -9999 -9999 -9999 -9999 0.657110859975141 0.652462721033129 0.639277090731312 0.616019275936921 0.587812702564175 0.52232120637936 0.477660533240775 0.481085973149686 0.501044282644675 0.530938214832283 0.548611934189421 0.570469668065206 0.606302334352164 0.62690392916079 0.636417422537299 0.617754744605262 0.600213628610815 0.598637148215645 0.600768591457753 0.60615158274522 0.612944898665296 0.617415515811495 0.609234908399409 0.601426653921049
