layers/veg_krg/veg_1500.asc
NCOLS 255 
NROWS 330 
XLLCORNER -2985163.8955 
YLLCORNER -3022031.214 
CELLSIZE 25000 
NODATA_value -9999 
[rows 130 to 155 of 330, columns 57 to 113 of 255]
0.273280837737443 0.172193538372827 0.156910996037829 0.137463506560329 0.112735604121077 0.106015765647831 0.102750965327668 0.0723547596849289 0.052567573612361 0.0490273723070535 0.0606179188646266 0.0780409192776703 0.0874778231850097 0.101195396167399 0.122893779731308 0.127197607305973 0.122822765574715 0.139560393093964 0.150522862640505 0.147482544226728 0.140512215844224 0.131145663462823 0.0885700235115137 0.0582997639567462 0.0697536816333484 0.203244042100271 0.426822352402801 0.555186406815664 0.65363809474909 0.682899332243551 0.690517607326608 0.678895843967419 0.682159281372898 0.679117725451651 0.63075114904885 0.600226756706853 0.58876463988567 0.575966776437244 0.561871732107198 0.540657966399948 0.51890112437898 0.496446187127592 0.472015880204657 0.446681518317737 0.418011339529081 0.394232283962695 0.378051147988919 0.364213303804403 0.351472064918214 0.34357372069232 0.338641312913991 0.339322107621174 0.340384774069226 0.341640900199441 0.340350267388667 0.338738795177115 0.336488424945981
0.325750111064916 0.234991055841823 0.194668845921048 0.156183830720372 0.120028051997702 0.105835923813578 0.0958579540545863 0.0527913774452032 0.0343135594164382 0.0534917362195013 0.0506592822786019 0.0398965316078598 0.0580221283951918 0.079271442574041 0.106344565221806 0.113433871314713 0.110552647808756 0.121172124667508 0.131520156110492 0.140777288390431 0.146095081511947 0.149010962397536 0.103143445776894 0.0630705142748823 0.0488341039113819 0.168811213845028 0.387865456865582 0.5269484666142 0.632844610018035 0.650541205389174 0.650593692591376 0.634961020202368 0.616809179951038 0.595788652763666 0.562585453180005 0.547460904640447 0.551651268786068 0.553829690349268 0.553205951090676 0.535610709816161 0.516128551597933 0.494220863697536 0.469667144451497 0.443971171959006 0.414671975433858 0.388591034165587 0.367509362708983 0.348341398655447 0.330194886460912 0.32042405939586 0.314705461640053 0.316655937053092 0.318966642947443 0.321459844865882 0.321678267437543 0.32140548423212 0.320084100687856
0.37528329650398 0.322000492290957 0.248077888221362 0.190344564605432 0.153136372143421 0.121146069897459 0.0898250069101251 0.0466647736360478 0.046557377112564 0.112382442891336 0.0908661749665044 0.0359194162026153 0.0344584179906521 0.0413739486770191 0.0639065451295427 0.0761218013042834 0.0831894248264331 0.0958101879565222 0.111460288843222 0.133880255427288 0.147616382471406 0.156057758389249 0.115762877778817 0.0811270688098813 0.0719277741523806 0.179592585470696 0.373527100133458 0.49779198400788 0.591880751823241 0.60441424035633 0.609259022950206 0.607268743179256 0.547313752273794 0.488348456559026 0.487024424295274 0.49484735475036 0.512442739235227 0.529945272676903 0.543889352275386 0.531789437148596 0.51499671450704 0.49217164160349 0.467266040483777 0.441281924897616 0.410194409464505 0.381402262946983 0.356175765394632 0.333259196066578 0.311571579935975 0.29985388431613 0.293122892942618 0.295829521411908 0.2991113472551 0.30268457329691 0.30419977715114 0.305148414279562 0.304863037804544
0.379677936042718 0.353920650238697 0.308179443477553 0.256885458923793 0.198551538729398 0.156591418302386 0.123473496339844 0.134014958476285 0.126353284122203 0.0908147565564083 0.0572024548734671 0.026418678414232 0.0596328741259226 0.0779484003234577 0.0684870866801868 0.0609984001206871 0.0544939167874463 0.0628210091263425 0.0756157617771689 0.0981649178476724 0.122232658877385 0.147226318607706 0.127600850255443 0.109333469463354 0.103317650946546 0.166276917847592 0.280153958922922 0.371238694817429 0.449747609146387 0.491487457906222 0.530089324435769 0.565901605251762 0.530865595338026 0.48812963233049 0.470902895241491 0.479987459515699 0.51718255522414 0.528530478217071 0.532337117864996 0.527747189191469 0.514290648150757 0.489436556439608 0.463180199490629 0.436197914977695 0.405788370021113 0.377220530842997 0.351513615788469 0.32866610597306 0.307194894335448 0.292973441553307 0.283173267073051 0.281740611854266 0.283880102483964 0.287829274549936 0.289417873797574 0.290423331833321 0.29016918656301
0.374276463671232 0.370742083244237 0.364299578948 0.32730579683204 0.251578422697313 0.204816660503858 0.175170733522536 0.240424042717297 0.222222909281272 0.0762170292129774 0.0337302136147059 0.0348752644782632 0.0975828500231948 0.124500772683475 0.0846930234333287 0.0546385375614637 0.0294502493416692 0.0331614552580444 0.0416527945100167 0.0601299677052991 0.0924998622628468 0.133340491653932 0.135510373905008 0.134327680762968 0.130687003427724 0.146319307183191 0.176179027880543 0.226785276407282 0.282988243434801 0.350830925488625 0.428196049823188 0.514026381094902 0.517918714934537 0.503059023674427 0.468030146273078 0.47456291964311 0.525499429428146 0.52860813517557 0.521253193245558 0.524076200705565 0.513933711144799 0.487124776368882 0.459390269005405 0.431180357060798 0.400755432386665 0.372186511748008 0.346500726287972 0.324919260085847 0.305136443497128 0.289549120082972 0.276754246988989 0.269244244071757 0.269412183616066 0.273469838343013 0.275125824779365 0.276085206121564 0.275521760943018
0.374276463671232 0.372745927938575 0.382604864400435 0.372409361595695 0.336788393011707 0.307919797804946 0.28640163777657 0.327284291231847 0.319636319808778 0.237667029820042 0.19772278735482 0.174479121420095 0.144674227298358 0.120016194276462 0.104953886316949 0.0725168095222878 0.0314109358304631 0.0383705620705191 0.0457299539416968 0.0523452183219833 0.076135736822836 0.110398431332998 0.117909061201122 0.121222125328851 0.117412480491895 0.119624846962154 0.126282694144154 0.11603801280428 0.110146915840599 0.12803060021831 0.231974871104845 0.412424795945637 0.444053647542199 0.449837562604796 0.460422109504313 0.47308036620004 0.48795413795552 0.502946188725724 0.516931754992768 0.523287248550877 0.515274584562042 0.488792431110895 0.460308165414204 0.430442214039136 0.391337927777795 0.356541771861288 0.3284379085874 0.310175518177321 0.296103530349752 0.287791219166885 0.275795706072154 0.256829525030949 0.252754747097623 0.25622408883563 0.25986147092415 0.261934859275926 0.260348105989722
-9999 -9999 0.403305291992677 0.3973949478626 0.383991337507266 0.368100583994214 0.354151135801451 0.372936835545998 0.372562042687736 0.34284427148996 0.325201108218766 0.309921021334113 0.216854573752056 0.150719846279227 0.134796184660344 0.0873879971807933 0.0242712289034642 0.0509901960873877 0.0641973676347527 0.0432439862235027 0.0534716885389044 0.0827112665828575 0.090383278548391 0.0959117355488756 0.0992790574123496 0.0979683130853304 0.0932041954653769 0.0549261897028033 0.0197081986705448 0.0108390942388488 0.117659554118742 0.327325069236947 0.372192386373827 0.387372709848895 0.402484667195276 0.415561241578189 0.4264632486151 0.466717996804246 0.509316956932278 0.515632524666328 0.509495265496506 0.487350570820383 0.460404351648551 0.429805459905307 0.372783389301705 0.330113066997189 0.309736893630355 0.298621220241014 0.291404422376309 0.2880567089173 0.277756458492313 0.254298138611689 0.246180197308473 0.245833830715385 0.249220717670719 0.250949671675849 0.248644457626349
-9999 -9999 -9999 0.3973949478626 0.383991337507266 0.374973822078884 0.3678987654716 0.367411342845817 0.370236142858305 0.378133384333817 0.407330438608521 0.440193965710457 0.320194243885279 0.225125631009951 0.176538176716986 0.0985245270922706 0.00582925993310001 0.0728133575251916 0.100536802580261 0.0325077443026409 0.0229834313903965 0.0491309045574268 0.0505317694266596 0.0554435136104149 0.0751111081142423 0.0825686475762691 0.0810126595956314 0.0554592570532697 0.0316096610420546 0.0248087914271829 0.105067478083847 0.262719877190268 0.302819758607622 0.313427997900709 0.282040462385642 0.288447322254916 0.335233049167802 0.417367023297559 0.497611960366182 0.499450834124914 0.4948730011249 0.482046838617346 0.459480012363722 0.429294626017585 0.342881083059093 0.290291183127302 0.290243267596135 0.291028062213678 0.292087697282674 0.290835155029495 0.283342836395749 0.264041388029231 0.252128120203886 0.24395777154823 0.244322259634385 0.243895463492578 0.241250394791822
-9999 -9999 -9999 -9999 -9999 -9999 0.371142286141081 0.366107696310952 0.397170387826027 0.483513586298031 0.502161165014478 0.491297091400402 0.409666142486573 0.33292746806535 0.265309871530261 0.181301819898108 0.089116075219407 0.143049239637678 0.149325572123573 0.0410225559062475 0.00861723589871374 0.0224886130410792 0.026178020561767 0.0349864537423527 0.0604737765854979 0.0706505451899794 0.0695249813872639 0.0530329473054106 0.0362831657434256 0.0254177761999465 0.0814829501285877 0.197047678216514 0.252020574260206 0.275542667110794 0.195449293525362 0.163271753788171 0.182286647864685 0.280810337878476 0.390838733160262 0.440558350234434 0.471077256456725 0.476914687299235 0.46135152343405 0.435028459102424 0.36041286594587 0.306683526394813 0.285399101492994 0.28150595346077 0.284690984694906 0.286575935347807 0.281517290650368 0.263317499010642 0.253130153478356 0.247001985704989 0.245841066587327 0.243824161878767 0.239592594111489
-9999 -9999 -9999 -9999 -9999 -9999 -9999 -9999 -9999 0.648866402162384 0.592806878663288 0.515821856989348 0.489736704207373 0.446655064139017 0.37188544651256 0.290624857151382 0.206125725961681 0.224249660875187 0.195464851847377 0.0553247116249351 0.00152547450673547 0.000370415329846559 0.00794776537235111 0.0208127318597689 0.0473117140557909 0.0590301385506123 0.0598374768954063 0.0493034799974414 0.036856903500451 0.0223268342658229 0.0554659636394157 0.130981787861857 0.20093330238016 0.23928726921834 0.123304511571931 0.052486013176161 0.0299202147074393 0.130186008891981 0.257369155515708 0.358741517955406 0.428840966138773 0.458740774359534 0.454917807640172 0.437646394723487 0.388413169656753 0.337741849714376 0.284836578850065 0.271875079297007 0.275275565287852 0.279378502164186 0.276143648245563 0.259021610209342 0.25234336739548 0.250956045820509 0.248823902440431 0.245555972781235 0.239667610732419
-9999 -9999 -9999 -9999 -9999 -9999 -9999 -9999 -9999 -9999 0.592806878663288 0.516510271429518 0.512569209447213 0.511336950801117 0.515154941531897 0.449414201835056 0.348968510825031 0.260897452186644 0.168997563898542 0.0678702038927458 0.0201074809900315 0.00488249339495353 0.00467790907219235 0.00780378710227833 0.0177396483279039 0.0387179466201322 0.0678478305680337 0.0412207097667722 0.0165456775773509 0.0239953961035316 0.0402036110019876 0.0641979045201638 0.0824986635130524 0.0967586177589068 0.0958065155857402 0.0959025353599072 0.0971183501811041 0.12335383389507 0.153634434359212 0.168066771732081 0.212090635442326 0.294152805878833 0.345969367727795 0.383864882798305 0.369693596935376 0.338698550258167 0.28156930574881 0.267687933400432 0.271185487964279 0.263626590645749 0.256688496988057 0.250925309372233 0.248631614843016 0.248095596931282 0.246020144690931 0.243339608325809 0.239312606313932
-9999 -9999 -9999 -9999 -9999 -9999 -9999 -9999 -9999 -9999 -9999 -9999 0.532346963431545 0.55013822809873 0.601099240491124 0.548657036596658 0.444623845276161 0.316939749497995 0.205126575657152 0.130605949770521 0.0694645594781215 0.0164808190830249 0.0100629308974857 0.00737975173905836 0.00678359154817231 0.0287081795662234 0.0672577034519397 0.039430266917028 0.0147544573766945 0.0314106106431755 0.0374085282482138 0.0339315477337317 0.0178304782361918 0.0116849340806315 0.0672254139226249 0.108365882256277 0.134121631659813 0.122167764152719 0.098776302559394 0.0599282647492089 0.0742808478232475 0.157019951827287 0.236570251450688 0.3105804181633 0.327846065740436 0.319092051384639 0.269918834688323 0.260363692128889 0.266439303644392 0.25221798449853 0.243300460470348 0.244420668694208 0.244615360763609 0.244341177967665 0.242830708690844 0.24094134355548 0.238220649178073
-9999 -9999 -9999 -9999 -9999 -9999 -9999 -9999 -9999 -9999 -9999 -9999 -9999 0.55013822809873 0.601099240491124 0.558625287013973 0.469533807289336 0.402059090350089 0.335102542429345 0.268588994524886 0.164960895581628 0.0387031395598545 0.028423703076769 0.025823531746619 0.0237374234113025 0.0341442329272775 0.0537733807133156 0.0470735408749591 0.0407291938221741 0.0474414439992307 0.0533048908575325 0.058413773337247 0.0337711783871644 0.0127501084796786 0.0370204755437236 0.0744229517480998 0.125855542301106 0.129446568345459 0.117195969990701 0.0755314927760793 0.0548219791810666 0.0610489380245702 0.126495462574335 0.20805632220592 0.251324145027768 0.26865635558299 0.245699927387563 0.248336188046221 0.26070945664708 0.247321040952583 0.239008492677294 0.240302310592703 0.2401425854324 0.239246482186622 0.239063047945819 0.238270366328511 0.236023822124381
-9999 -9999 -9999 -9999 -9999 -9999 -9999 -9999 -9999 -9999 -9999 -9999 -9999 -9999 -9999 -9999 0.475295917407705 0.479893106765091 0.469218181523459 0.423286056837773 0.333152399750907 0.216067978271445 0.104161721074895 0.0212668150931936 0.0211560449777584 0.0239824510614425 0.0289770962058082 0.0346231164392687 0.039518801675043 0.0413245956385212 0.0489111411251962 0.0616366264398483 0.0409803743238591 0.0189402227933648 0.0202394677400733 0.0371646102747255 0.0707841868577156 0.0916397330161279 0.106549709302555 0.100948666606497 0.0963489057067157 0.0930362384043367 0.136420584264078 0.193089084835945 0.226828464118944 0.23747469549544 0.212247800606179 0.224602761241892 0.251296953389245 0.241594569604275 0.235613203427582 0.236674073541748 0.236304848849527 0.23521112517742 0.235109771946458 0.234549797129164 0.232875629760554
-9999 -9999 -9999 -9999 -9999 -9999 -9999 -9999 -9999 -9999 -9999 -9999 -9999 -9999 -9999 -9999 -9999 0.606517820262035 0.600273560913912 0.57967883372214 0.524349431114554 0.447841440287706 0.201384491816189 0.0105701761490729 0.0121186749827881 0.00840627199636722 0.000810243361526022 0.0152993443463107 0.0286114400229617 0.0276924038535067 0.0374734329914266 0.0567665457311711 0.0449071106423486 0.0273452716656859 0.00931380223857579 7.71861855936235e-05 0.00023683673379959 0.0382432733822567 0.0852674633493165 0.129672186267547 0.160124973835101 0.172643303063353 0.191544535217873 0.211735375842325 0.222169772794817 0.213739475342123 0.176004573462952 0.196636432279969 0.239789758849847 0.235260511114422 0.232523821027611 0.233179647680966 0.232658813230514 0.231541871609004 0.231055387587689 0.230400375435194 0.229324407236807
-9999 -9999 -9999 -9999 -9999 -9999 -9999 -9999 -9999 -9999 -9999 -9999 -9999 -9999 -9999 -9999 -9999 -9999 0.606509260319654 0.606481028039687 0.568343226172995 0.50696907988021 0.271057308497037 0.0767926869796773 0.0353450031426508 0.0116737608846627 0.00112518215743288 0.0229595812137921 0.0436103029217876 0.0454170716358406 0.0505279967163318 0.058576232055051 0.0526807176698813 0.0411735175410836 0.014023704153775 0.00221081841561274 0.00678363632754721 0.0409324130685252 0.0845400028468169 0.143866753555667 0.17898390602633 0.182980929274712 0.196115361954509 0.210403682991147 0.202012734890833 0.187068828028186 0.161945489671523 0.178296444756519 0.210981831914956 0.221412608084537 0.228208557825975 0.228125392960079 0.227479965182433 0.226549689921829 0.226248079425241 0.225800162826576 0.22498326956591
-9999 -9999 -9999 -9999 -9999 -9999 -9999 -9999 -9999 -9999 -9999 -9999 -9999 -9999 -9999 -9999 -9999 -9999 -9999 0.628809919963862 0.597456297328117 0.546985597735834 0.323104078977733 0.129426475071851 0.0553206939246681 0.0171670002259307 0.00555332831483078 0.0322159383895413 0.0572819490908141 0.0593376893885054 0.0598631495207627 0.0590282298376007 0.0567869837823125 0.0493242885322677 0.016799857560913 0.00283297185027498 0.00869264097979646 0.0354641159563095 0.0714201342769508 0.136882054112513 0.176522770342182 0.182971725808849 0.19211946105596 0.200248475677364 0.184568221596198 0.16779042929068 0.149307710161712 0.165151864779084 0.194716372949364 0.212916354229261 0.224619948733757 0.224028763818932 0.223368765028775 0.222673904506194 0.222294299901395 0.22183660532006 0.221182851702565
-9999 -9999 -9999 -9999 -9999 -9999 -9999 -9999 -9999 -9999 -9999 -9999 -9999 -9999 -9999 -9999 -9999 -9999 -9999 -9999 0.599438266321023 0.552157991095465 0.343014371201106 0.157284786697578 0.0693696989242173 0.0267183125023279 0.017480830677211 0.0443824028576608 0.0685337632058669 0.0663226183497058 0.0624169307788715 0.0570048381996749 0.0542068143639366 0.0471236712369821 0.0160503270921117 0.000699339620255886 0.00214584138604891 0.015122869611287 0.0357059556791584 0.0912825095085827 0.13519007549261 0.164097788688118 0.172504376294037 0.174005900983468 0.172069286404612 0.161989859497426 0.139261306711205 0.161479749570237 0.201318818935994 0.214177430826182 0.222356203069375 0.221678114080797 0.221204141149569 0.220833575261472 0.219896706275678 0.219033821625988 0.218368294771462
-9999 -9999 -9999 -9999 -9999 -9999 -9999 -9999 -9999 -9999 -9999 -9999 -9999 -9999 -9999 -9999 -9999 -9999 -9999 -9999 0.520041777690054 0.52403658281642 0.359543692059344 0.202748641792161 0.0996348902463541 0.0409493883034773 0.0150610560420335 0.0390000054675569 0.0634759410249662 0.067756317310349 0.0661119186578805 0.0592005470560046 0.0540687794090598 0.045130083404207 0.0153713108787531 0 0 0.00507618568762994 0.017302216609515 0.0729365205756756 0.114135393000087 0.136778298880201 0.136446271423658 0.131508275046918 0.162140070294308 0.178117730986239 0.171331512914144 0.187534808599849 0.212529944523526 0.21597237899189 0.218389941986019 0.218867877746653 0.218182512817619 0.216907809224323 0.217508079144384 0.217521635956256 0.216083552157614
-9999 -9999 -9999 -9999 -9999 -9999 -9999 -9999 -9999 -9999 -9999 -9999 -9999 -9999 -9999 -9999 -9999 -9999 -9999 -9999 0.505336099731558 0.485658812380228 0.374424501857501 0.256796696512469 0.137806851433748 0.0574622467924898 0.00564576377058072 0.0250610455571462 0.0504657841697575 0.0664833195662076 0.0703633418133881 0.0634534261978043 0.0551214926855353 0.0432374400403001 0.014726676361492 0 0 4.89763993798751e-05 0.00733878889870695 0.0678789576890709 0.102967965984439 0.105340883923049 0.0923707959273475 0.0810849292914851 0.153463810766388 0.204937582406216 0.22393714794173 0.228084393085209 0.22598819334103 0.2180276349481 0.21359355985311 0.215833553863468 0.214743021934849 0.211965215404225 0.215123823941637 0.216638726576525 0.214057139079116
-9999 -9999 -9999 -9999 -9999 -9999 -9999 -9999 -9999 -9999 -9999 -9999 -9999 -9999 -9999 -9999 -9999 -9999 -9999 -9999 0.485464089192145 0.485601604149875 0.405215067304472 0.314622331847426 0.20960090857235 0.110293534487882 0.0152043018460153 0.0320687389981955 0.0579441273420622 0.0675637319246253 0.0663947942913511 0.0556351193540599 0.0477646696084199 0.0375356274449759 0.0127846384266154 0 0 0 0.00398641479218295 0.0373388043805589 0.0620992647466174 0.0758152647694446 0.0822872578544874 0.0894314649244248 0.134529245549706 0.174659549821197 0.207073326784103 0.218187326962764 0.220345623410591 0.214025252698843 0.210426586243499 0.211978899037701 0.212721708724676 0.213054416806653 0.215429291954062 0.216640584645804 0.215045653220035
-9999 -9999 -9999 -9999 -9999 -9999 -9999 -9999 -9999 -9999 -9999 -9999 -9999 -9999 -9999 -9999 -9999 -9999 -9999 -9999 -9999 0.486681772358941 0.42745243144392 0.358768662717065 0.273850436534803 0.158854782770582 0.0216558123147785 0.0349547554219988 0.0609738203094952 0.0674046117556975 0.061403959938283 0.0443520739257501 0.0408416057718179 0.0360471401099917 0.0124761225734541 0.000214462357936928 3.55205182612641e-05 0 0.00213789204520278 0.0200245927792343 0.038225502759312 0.0568303117319953 0.0788604491676848 0.102096196892966 0.126559749664783 0.156531938508486 0.195061297563843 0.2103022596658 0.215888165337915 0.217007218618191 0.216107293402469 0.211386337186154 0.21160132754999 0.214316913151374 0.215801579639333 0.216554190919184 0.215650403458877
-9999 -9999 -9999 -9999 -9999 -9999 -9999 -9999 -9999 -9999 -9999 -9999 -9999 -9999 -9999 -9999 -9999 -9999 -9999 -9999 -9999 -9999 0.430147338744465 0.372138642718436 0.320429730458596 0.197033419593082 0.0207170905611135 0.0281303695814979 0.053569577748871 0.0644123384707945 0.0543008175998407 0.0255614778696651 0.0350774244151695 0.0440963934067933 0.015861464011491 0.000910125009651084 0.000150740262003703 0 0.00351770422172034 0.0329486209164794 0.0531397997811093 0.061453795372203 0.089619341399492 0.123152586972356 0.143419592089611 0.166927250751124 0.195468972947303 0.208045191526299 0.214511440814091 0.235794046028585 0.241604031874797 0.21813121040841 0.212471108974382 0.21583509282114 0.21626442039309 0.216250251469804 0.215327530432804
-9999 -9999 -9999 -9999 -9999 -9999 -9999 -9999 -9999 -9999 -9999 -9999 -9999 -9999 -9999 -9999 -9999 -9999 -9999 -9999 -9999 -9999 0.409320400309432 0.396233370039073 0.356645458116919 0.224679118850259 0.0245185341744375 0.0221766358740749 0.0426233866531776 0.0599675918452127 0.0567147744790379 0.0351517323717746 0.0429454979718054 0.0486647541367342 0.0172548173175959 0.000734383571392458 0.000121632930409586 0 0.00420012496950641 0.0393405234492475 0.0566201343024128 0.0509406686156772 0.0718239862799972 0.102360370772157 0.146241538630078 0.181216986918789 0.202358201612016 0.212585919789238 0.219036322109621 0.249635558003832 0.262062620084682 0.240097815374154 0.226870091964639 0.218068653065422 0.21760786027513 0.219334020525566 0.225806282128976
-9999 -9999 -9999 -9999 -9999 -9999 -9999 -9999 -9999 -9999 -9999 -9999 -9999 -9999 -9999 -9999 -9999 -9999 -9999 -9999 -9999 -9999 0.426415001034592 0.426726992779643 0.38667778818683 0.246040365528857 0.031148186374276 0.0167423747267839 0.0295639002430133 0.0546562303959372 0.0648070863610974 0.0616753550218088 0.058947224558313 0.0511562484529231 0.0174596555608721 3.87209196783095e-05 6.41318666714849e-06 0 0.004466448751428 0.041835048508346 0.0532784218236299 0.0313963186463718 0.0369918062212693 0.0565992814525022 0.140687807403428 0.197830322018465 0.213114633891955 0.221182537386471 0.22708238272281 0.260526459083917 0.279515207716693 0.271146431005254 0.249341241445907 0.220729043457353 0.219476707568742 0.224439057942465 0.242729797967875
-9999 -9999 -9999 -9999 -9999 -9999 -9999 -9999 -9999 -9999 -9999 -9999 -9999 -9999 -9999 -9999 -9999 -9999 -9999 -9999 -9999 -9999 0.449131920565306 0.446217152795823 0.432835690503935 0.309372881267495 0.104647437406281 0.0508347096986485 0.0279076049895167 0.0529874822383937 0.0631328888856545 0.0600019342369097 0.0580311937409081 0.0530376290292343 0.0317419108149694 0.0186651329546538 0.014369326357845 0.0070756415297825 0.00598416859562078 0.0560507905525335 0.0717758652425448 0.0433567381938689 0.0507251893857478 0.0764556200431666 0.187582327833978 0.255700473571877 0.257008690092705 0.243536994328387 0.225788455586383 0.270196713616463 0.297281801879596 0.291581811530324 0.27699290132528 0.257900783823043 0.24917545141919 0.247733425541069 0.262852638349314
