layers/veg_krg/veg_1600.asc
NCOLS 255 
NROWS 330 
XLLCORNER -2985163.8955 
YLLCORNER -3022031.214 
CELLSIZE 25000 
NODATA_value -9999 
[rows 125 to 149 of 330, columns 56 to 111 of 255]
0.0885575128381972 0.112733476188236 0.142575404957693 0.177682592115995 0.20357497751712 0.217784631547648 0.260195369955822 0.307920034691353 0.311996577194128 0.306878898398165 0.28768090120903 0.275438556495576 0.266371430146306 0.269030122948977 0.267993423606781 0.260067094579237 0.252139962741822 0.244212430358317 0.33471602193162 0.406856681820814 0.433390612906191 0.525449177839822 0.657459727983545 0.693445589479716 0.721604810231993 0.745098909147946 0.779145578219126 0.820982210591794 0.830526182617155 0.834276664757926 0.830797293507842 0.819990683590805 0.802670346442352 0.772175822840144 0.739523376941163 0.707951502040604 0.668375195749496 0.620247095797136 0.583310545620395 0.550166722787489 0.524543860213991 0.499922055444897 0.476587056343767 0.455159886551348 0.435225493346468 0.426311473213996 0.427272521975573 0.443573601241156 0.462023867076053 0.480857350170417 0.48227033649847 0.483475816381504 0.484288578580416 0.487897198505946 0.492922225275131 0.464812897548262
0.102932205407659 0.10869640454702 0.120201050765652 0.149960839375629 0.179243605681839 0.207921592462722 0.234109644719933 0.259786218451658 0.288809566164576 0.290498787210166 0.250327670770933 0.237822985005762 0.236649648727439 0.241654657267536 0.241742847965487 0.232664202551133 0.205533446816834 0.169395948062608 0.247546814279426 0.300763399894884 0.292722482752146 0.373481753113628 0.50838468776537 0.571083625516981 0.622638906390606 0.655505747028294 0.707635299587509 0.773984688333413 0.797467698677449 0.812702371417577 0.816258368166277 0.814332151616964 0.807532388064364 0.779434263746627 0.74802560575852 0.719262400288449 0.68387214765124 0.641401674422263 0.598348794182976 0.55702328675575 0.529485054482435 0.504826220381808 0.48386869690744 0.461762077609742 0.439986174655355 0.427051041278259 0.423250993993524 0.433641480548809 0.443017307907637 0.451783598748737 0.453722608862878 0.455820423903471 0.458218786249657 0.457937397132186 0.456298421655336 0.434911043395287
0.125548594220491 0.119332298395465 0.120395540907931 0.137739899628544 0.16692225253992 0.211113078746957 0.193763916254825 0.1651967666309 0.236408411085717 0.246443386702204 0.162790496050385 0.154440712749009 0.175970166804772 0.184312254936003 0.190042790227498 0.190904388403758 0.165816892497435 0.127782609879782 0.155358962067582 0.170662299847671 0.155490120139271 0.191807171164959 0.259518475984285 0.391867158203559 0.503678401263379 0.544132793889708 0.609272270789774 0.692634407928809 0.738916155488492 0.774267936053057 0.785357416184572 0.796287517963338 0.80707593647456 0.783934040620736 0.755413792735308 0.730581583471647 0.704932253367903 0.678409925735696 0.62440272013826 0.566959548030345 0.534349556479036 0.50775733046848 0.488900616605426 0.466075676692193 0.442357120507927 0.423547822761601 0.413665865021279 0.417651726278578 0.421485227998949 0.425179634783303 0.426178417501242 0.427432419779229 0.429169439510267 0.422030620633124 0.410395221537281 0.401476015895278
0.207915588585465 0.166746186837477 0.126317230319009 0.134221839727139 0.148918169263023 0.172225193189054 0.155496543299493 0.131259889822263 0.169418749044803 0.174084254522297 0.127456989305863 0.135653799960547 0.164581965625367 0.152054032258285 0.146200822150816 0.152791858745228 0.144703874181767 0.129292082650045 0.150414032943051 0.160444545177222 0.143720959463313 0.147565408088566 0.16395069449434 0.217545648833599 0.274335212328817 0.333399540680243 0.442654066793225 0.588959263302682 0.656790535795975 0.709766622114476 0.74227618992118 0.764574564864662 0.777795451269603 0.769113464552561 0.752578321680263 0.716322889848921 0.68424557446298 0.656632085174161 0.61262733273957 0.566827332334571 0.537707348374607 0.511718624361181 0.489754965663012 0.466387909720168 0.44251476414831 0.417985818345391 0.402156235602052 0.399840330194146 0.398121593197328 0.396620747783169 0.394191940338073 0.392596538512036 0.392578403958929 0.388178465360494 0.381558665150979 0.376048790979499
0.293160422409187 0.21921984819298 0.138319901699137 0.136660843825624 0.134349132184107 0.131209971526268 0.121522716069027 0.110353722762092 0.106348420497676 0.101958765068541 0.0969804991678037 0.118563384163038 0.149006259997839 0.122465203296165 0.109515741761763 0.121906231676296 0.129582519085183 0.134906748493111 0.155552794996692 0.165399617921864 0.149897749004852 0.130965130271668 0.109940698767234 0.0763711879131963 0.0679432414526775 0.134437163666548 0.281922008006942 0.489194780959856 0.580856543000829 0.652607380048227 0.701572882647924 0.729561450064839 0.738902060162173 0.743568228067782 0.738825363561401 0.690865310567993 0.65245256867379 0.624240005974902 0.59404049498382 0.564051269044333 0.539236161207639 0.514399004571901 0.489533505397447 0.465896267737205 0.442221497297414 0.413073612707568 0.391882656607209 0.383052072576808 0.375537240903158 0.368589832518349 0.362664913931152 0.358365696838492 0.357143211776733 0.356641169859966 0.356504110964801 0.352957268007546
0.344297084557587 0.266317020625399 0.174624269616173 0.160433669178803 0.140638447103978 0.113737560604714 0.10627889584971 0.102838410411687 0.0735575347248137 0.0535744423694629 0.0478302665471029 0.0578802691210058 0.0741293188935373 0.0854972793654731 0.100538437476608 0.122427846193658 0.128042804248072 0.125537947371657 0.13882429756163 0.146558779777754 0.140987729109999 0.135755365979582 0.130729508993312 0.088711971580428 0.0588175768265684 0.0708275298284198 0.203722161467611 0.425854504531129 0.553178875880347 0.651161639041805 0.681902585815652 0.689803593174458 0.677400480237218 0.68253552676357 0.68139546162368 0.632671451808496 0.601291448636768 0.588441476998493 0.573351324246159 0.556769161263647 0.533283142623433 0.510172059903513 0.4875429370317 0.464786155502573 0.441556411153156 0.412893767043015 0.389018418473881 0.372579702541811 0.358118528482638 0.344629621399486 0.336872037652792 0.332164126889986 0.33322789474397 0.334455250337011 0.335765480960112 0.334555979967935
0.306422732361995 0.276290675921926 0.233092339477402 0.197822277425713 0.160772455524855 0.121466214357482 0.106544678975501 0.0965789010281089 0.0531981324608379 0.0340572735041411 0.052038171143129 0.0486454416739183 0.0375942401838284 0.0559141958738634 0.0767997047261824 0.102468389634869 0.108660620232461 0.105135459577158 0.115657999045258 0.125421634601059 0.132955176944151 0.139000893329773 0.144139445536717 0.100457489709466 0.0624509932223769 0.0499440505035679 0.169567414971857 0.38673007355155 0.52389980524317 0.628674547491885 0.648214098836525 0.648760099331648 0.632421320305695 0.61683918839889 0.598418900401564 0.564994555621648 0.548501795843101 0.55009844357208 0.550529285445632 0.548272891695316 0.52834787553383 0.507546945473556 0.485620075467907 0.463319635415841 0.440354231180894 0.410540624401407 0.383726115455858 0.361570434995531 0.341791577821519 0.323236967370044 0.313525898355211 0.308066762069864 0.310654648971741 0.313370273474754 0.316150611003298 0.316747241365894
0.17662720747299 0.247927084364402 0.314448739383539 0.249271827904936 0.195203800871645 0.155219865522745 0.122827142036904 0.0916162522885003 0.0456766531312028 0.0443510516578619 0.11134872322436 0.0925409707748288 0.0406545866081361 0.0339573954699935 0.0378169280205485 0.0613582464423849 0.070852618887152 0.0733385457602972 0.0858434196467703 0.10191310609776 0.125828780755126 0.140651209067582 0.149929260828086 0.111588280473153 0.0792606406573287 0.0731836300662638 0.180897794976939 0.372613209645025 0.492966974222575 0.584458171861044 0.600049105923443 0.606388935456131 0.604504770352527 0.54632673833417 0.489060448161495 0.487524580146331 0.494030366452865 0.509127714745363 0.525504645821108 0.538522764093995 0.5244636346749 0.50657603210015 0.483767134336779 0.461485054949574 0.438597397440439 0.405943130224046 0.375926363520175 0.350006716416229 0.32659208337428 0.304495815071664 0.292706490543649 0.286142398022892 0.289467352624036 0.293422233891389 0.297696241712473 0.299550425227399
0.237700340800615 0.301855394532746 0.352199085763089 0.314042105534551 0.265693111016805 0.204422453265947 0.160850057253471 0.126636610300698 0.13723505736164 0.128586677743667 0.0904631050786735 0.0586252131827743 0.0311019248406767 0.0592180200891931 0.074017298470229 0.063988917645461 0.0556499882370332 0.0481539771623591 0.054640656201064 0.0665437722443555 0.0904111246337146 0.115424646363921 0.141137015807795 0.122967962617989 0.106427924840082 0.102783833716829 0.16654535482158 0.280066056661123 0.368562069530588 0.44513506016162 0.488369321761238 0.527690425711438 0.563532832883711 0.5291731043381 0.48721115930173 0.470664565941777 0.478616900229974 0.5127434577636 0.524275846951347 0.528660645754679 0.521614137457952 0.506825059750451 0.482083327802048 0.458451041724754 0.434521994190492 0.402340959232976 0.37287763989857 0.34763604711686 0.323434204694283 0.299926913665783 0.28587189182453 0.276452245377634 0.275805309049411 0.278567543360535 0.283056894391079 0.284609745045803
0.355760632195502 0.365713848728887 0.376480531785761 0.375837210883167 0.340793133694914 0.262135009756525 0.212687007344108 0.181007249447391 0.251115820048048 0.232360002059442 0.0775144767975114 0.0343056460468399 0.037800314938354 0.0967817655628186 0.120367365001795 0.0779615087289581 0.0494117341827389 0.0277751772694107 0.0280328110609436 0.034152318286627 0.0529860530271411 0.0860172142745499 0.127704896596742 0.13081212648917 0.130658429736911 0.12829446432595 0.14542897584324 0.176957366526618 0.226893515300094 0.282256738968435 0.349668669879073 0.426608710962978 0.512018997595106 0.515568620527363 0.500700101728088 0.46727639722378 0.472924445722021 0.520316067668309 0.525032666126054 0.519801511084565 0.519147752372662 0.507231180747819 0.480836872243221 0.45574762165964 0.430530908419078 0.398396567289636 0.369254736139835 0.344761499836686 0.321002272853335 0.29777295052304 0.28260664385324 0.270436045424031 0.263934994282583 0.264591132423524 0.268873167470589 0.270072521290181
-9999 0.365713848728887 0.378696479412941 0.39608007400415 0.389680576064784 0.353128342503041 0.323881014092102 0.303295366914025 0.358724011502182 0.35106220846935 0.246781718414784 0.199693023638733 0.175351919630878 0.142699152618693 0.115714091174066 0.0992958088411803 0.0681137940174114 0.0295657071830253 0.0349426482868166 0.0409986378636227 0.0470955866294208 0.071079236714166 0.105968849710613 0.114175525586812 0.118333147302894 0.115783881368638 0.119278774777386 0.127235498695457 0.116995043988579 0.110904150656978 0.128403573605201 0.231108379426016 0.409558585104434 0.440874212466678 0.446872647810905 0.458802041910105 0.47103554865655 0.483593964004509 0.501289949672925 0.517953401827435 0.517637538833995 0.50675795131308 0.482299267223553 0.457212775814701 0.43081917783993 0.390530556702894 0.354128660493001 0.323764441547215 0.304273155431859 0.289422085648008 0.28130758239991 0.269895957427273 0.252244343100039 0.248458314225214 0.251696716507632 0.254678300056367
-9999 -9999 -9999 0.422594853817264 0.416762280473323 0.403535040442874 0.389667311758439 0.379075276781521 0.410183482177394 0.406405062725895 0.349200173587224 0.323987970197246 0.309076815783754 0.213974318712187 0.146465713875604 0.13040271795513 0.0841525816706346 0.022841169394224 0.0487434852452205 0.0612599565417581 0.0399960442344003 0.0501414189742878 0.0794378106351882 0.0876285082410782 0.0937766353109206 0.0979689148858229 0.0976219714374609 0.0939241494591905 0.0561465426053315 0.0212013022344385 0.0120076554213414 0.117300036962645 0.324367561146988 0.369109560173912 0.384732002054283 0.400902548588537 0.413673433970319 0.422812181193174 0.4652475178847 0.510058962669254 0.511626698240056 0.503296038476419 0.482241526839226 0.458134281443986 0.431457582827326 0.384870952861138 0.34245662001474 0.306523575124512 0.29178767824646 0.285787220227778 0.282004851549956 0.271882651856825 0.249761963375408 0.241944167815001 0.241372347335698 0.244098761044415
-9999 -9999 -9999 -9999 0.416762280473323 0.403535040442874 0.399059363222278 0.397094172873448 0.391908873604795 0.383058571564421 0.368595569518144 0.39724804361146 0.438049119306555 0.316742657729786 0.221188558469328 0.173646749360211 0.0968837101148274 0.00554131666105005 0.0711026208572483 0.0981820752782158 0.031394886125919 0.0217520809727384 0.0469516160249183 0.0487732182213832 0.0540295095443091 0.0735661527062087 0.0815457574460548 0.0809938950781368 0.0562158046658506 0.0329036034393527 0.0258543407043604 0.104949315633671 0.260624308248812 0.300983527213211 0.312266761712215 0.281619350654235 0.287416183294645 0.332149404673056 0.413929416196884 0.494655265194424 0.500026289809423 0.496122320948482 0.480295849588022 0.458380601087672 0.432530839775839 0.381951602771799 0.335074329308664 0.293947722929624 0.284572603314512 0.28800940506892 0.285181469731815 0.277007491617451 0.258715825165693 0.247375960892364 0.239557942558305 0.239498831664787
-9999 -9999 -9999 -9999 -9999 -9999 -9999 0.401345426603558 0.387597288840434 0.4043477906602 0.467804864133256 0.488217799797711 0.488703283139805 0.407959703050906 0.331644994859202 0.263587404207218 0.178609776497766 0.0851902313081253 0.140001673975941 0.147347198158043 0.040479059200022 0.00821549772624664 0.0214401870248213 0.0252324577535807 0.034014452478129 0.058962113153615 0.0696261635098939 0.069745976911323 0.0540167837413314 0.0377684662586191 0.0266442589302814 0.0819257355186159 0.196240161804591 0.251096747372809 0.274867981845423 0.195837242784598 0.16437387531535 0.183730650715917 0.28098857700785 0.389978085068403 0.443263141434477 0.472768653875091 0.471706848654067 0.457058431997227 0.436414730444918 0.395631553237087 0.347452653228033 0.287785163662066 0.273550534917739 0.277824361700292 0.279315192151382 0.274405144563461 0.257381073241973 0.247740514501592 0.241840510100056 0.240403051382023
-9999 -9999 -9999 -9999 -9999 -9999 -9999 -9999 -9999 -9999 0.623083995613078 0.576739037007129 0.51303982626585 0.489707817167495 0.447516740968887 0.370165123361328 0.285619471063292 0.197484497595312 0.219518479310212 0.193893550951048 0.0549282144096587 0.00157738181627865 0.000427823684372605 0.0077342759946037 0.0201988426752842 0.0459751813637855 0.058251023903097 0.0605607285246251 0.0506473049714035 0.0385574748041108 0.0237926057209317 0.0565487264383848 0.131549788176293 0.200809861000032 0.238852857506492 0.124638856292183 0.0561882238345209 0.0366303693589117 0.135236352052541 0.260091366651759 0.362728404558424 0.429236950185156 0.449304272901207 0.447081871287008 0.436448648473894 0.410708093283607 0.363652897951422 0.283487328052059 0.262005540347249 0.264615976205668 0.270149571692367 0.268332532493645 0.252604001388144 0.246342560626991 0.244877233568469 0.242588141729873
-9999 -9999 -9999 -9999 -9999 -9999 -9999 -9999 -9999 -9999 -9999 0.576739037007129 0.513514893511281 0.505464278301432 0.500564844298795 0.50154042186138 0.437118495724283 0.340067779959366 0.257071179465649 0.168889189005102 0.0683039962284884 0.0207916780941292 0.00563920049966402 0.00492439010097054 0.00757360778067901 0.0172385119728151 0.038612454049038 0.068630070042709 0.0420222014719294 0.0173805929468168 0.0253035398792972 0.0417065717200947 0.0656481815304011 0.0830769257606087 0.0972389537701939 0.10083793048481 0.103016977724967 0.103678997297992 0.128047022882351 0.15655694078807 0.172328181722312 0.215954456626387 0.295386871231903 0.345754740948967 0.383731587717328 0.384089741681079 0.354361523196397 0.277896833699145 0.257757572853046 0.260440099515539 0.255314846198429 0.250137127452954 0.244860114916767 0.242732806368412 0.242201166384082 0.240091323547732
-9999 -9999 -9999 -9999 -9999 -9999 -9999 -9999 -9999 -9999 -9999 -9999 -9999 0.515642866848107 0.532387264355418 0.580349647290855 0.53288930132766 0.43781967411049 0.314555483775211 0.205905217506354 0.131815875986543 0.0709635524514369 0.01818216522977 0.0111894794122897 0.00807534390881431 0.00760857781191812 0.0296582917936003 0.0683297908864617 0.0404050206157496 0.0157552638302839 0.0329955630520014 0.0399561616508616 0.0377783700700888 0.0213045994744596 0.0153387290899598 0.0753638468718402 0.117537129475369 0.140637825473907 0.12704444431654 0.102568658639003 0.0648733251815465 0.081080640264174 0.166576894861079 0.242575069817223 0.311896291883903 0.335852647431914 0.326202385195646 0.264347267734722 0.250477316732229 0.255771075043628 0.244622758738369 0.237661306984391 0.238623733210014 0.238816828350904 0.238620173397189 0.237126916130347
-9999 -9999 -9999 -9999 -9999 -9999 -9999 -9999 -9999 -9999 -9999 -9999 -9999 -9999 0.532387264355418 0.580349647290855 0.545110061779329 0.468358501475257 0.401922071337023 0.335904774098337 0.27049386220535 0.167548305060823 0.0417169490360104 0.0310601459508396 0.0282575765645934 0.0266242493812887 0.0367226342092196 0.0554814311156138 0.0492944065074072 0.0434424292075694 0.0499545298839102 0.0578334352765358 0.0669273950034286 0.0434307268591426 0.022963715616473 0.0473812960484045 0.0836188919637983 0.132484784450856 0.135317297499299 0.122861999237834 0.0817735838102917 0.0637603476075254 0.0754090063373921 0.136617993098567 0.211398149275469 0.255203842297423 0.269755918122665 0.238865133248422 0.238650928401363 0.250362703071812 0.24014148512865 0.233760523675299 0.234647464840465 0.23444174704035 0.23368247831328 0.233461479640477
-9999 -9999 -9999 -9999 -9999 -9999 -9999 -9999 -9999 -9999 -9999 -9999 -9999 -9999 -9999 -9999 -9999 0.475904231868502 0.482063165380859 0.472651543926757 0.427242821881731 0.336118891452868 0.217121271054869 0.107512596619611 0.0264532586616328 0.0260580872159483 0.0281872246127323 0.0321798201960238 0.0378078633696679 0.0430565958305797 0.0461613953259929 0.055963136612228 0.0717182873740992 0.0519473884268207 0.0297921518253835 0.027877359046734 0.0424381655793696 0.0746012125312252 0.0958334350475906 0.111619903574516 0.107232694762114 0.104375610788445 0.103485419542162 0.143629168502111 0.195595408813789 0.229292802790949 0.237807541238023 0.207203291438221 0.216755131083372 0.241803605874775 0.234115450357035 0.229558453375989 0.230927351029382 0.230714695717995 0.229700811352073 0.229590269895142
-9999 -9999 -9999 -9999 -9999 -9999 -9999 -9999 -9999 -9999 -9999 -9999 -9999 -9999 -9999 -9999 -9999 -9999 0.613627492635918 0.607241692020225 0.586180135436935 0.527759968634451 0.446561335852235 0.205418551479553 0.0186998427342952 0.0189581444646637 0.0141799194606337 0.00568370368745459 0.0192968089241063 0.0326707654795679 0.0353021916155662 0.0471137481794368 0.0670862052235493 0.0551905068299872 0.0364929276884835 0.0124294947862482 0.000125111767440929 0.000383890745898595 0.0398963305785655 0.0888292475763796 0.135542621503936 0.166154988404389 0.176070381552424 0.193300351316443 0.212334337271491 0.224292940714619 0.215345942880398 0.17392397553053 0.191267293867253 0.231392215743657 0.227244066098556 0.225224701452859 0.2272341828263 0.227168932108221 0.226052603323757 0.225613972674211
-9999 -9999 -9999 -9999 -9999 -9999 -9999 -9999 -9999 -9999 -9999 -9999 -9999 -9999 -9999 -9999 -9999 -9999 -9999 0.613821920357821 0.614463179099312 0.581345717016489 0.5276447302976 0.283259696472179 0.0823473885687761 0.0425369072768308 0.0175044152770393 0.00338111341408369 0.0266934849704778 0.0494016506473449 0.0531769262240769 0.0588118733801803 0.0661000208698113 0.0602387762132397 0.0481215633438328 0.0163902092425716 0.00358353502431806 0.0109956558170176 0.0449656629744195 0.0881021786274187 0.150310855937513 0.186003822106631 0.187612275637028 0.198303458530828 0.210458701892484 0.204061085438729 0.189474898733568 0.162168505335319 0.175367989122995 0.204576132960858 0.214003000854911 0.220532985689775 0.221580455482403 0.221677077272221 0.221291990852913 0.220989518088476
-9999 -9999 -9999 -9999 -9999 -9999 -9999 -9999 -9999 -9999 -9999 -9999 -9999 -9999 -9999 -9999 -9999 -9999 -9999 -9999 0.63827994352 0.612577550207521 0.571203773826162 0.335023788909937 0.131964955847892 0.0608943313595132 0.0221096066335255 0.0071585044852557 0.0358028274462921 0.0631351299250357 0.0661491979988029 0.0664373097367229 0.0643021162127927 0.0622007280552357 0.0545833542205917 0.0191104250595178 0.00515318438998523 0.0141829267404718 0.0403135020653281 0.0752128525670316 0.143508201265421 0.183721535980924 0.187836960463828 0.194473444695344 0.200337914263961 0.186221691512445 0.170159085820619 0.15107294945805 0.164100383619752 0.189985046808795 0.205993884882265 0.216558543275588 0.216819783692011 0.216990308269949 0.217114875382586 0.216956885235269
-9999 -9999 -9999 -9999 -9999 -9999 -9999 -9999 -9999 -9999 -9999 -9999 -9999 -9999 -9999 -9999 -9999 -9999 -9999 -9999 -9999 0.603052874460346 0.546346992633489 0.339243206669753 0.156002532261486 0.0697320119529978 0.029049810840352 0.0220211489402605 0.0480347685382024 0.0714036247064137 0.070183112953388 0.0666372647910905 0.0610242522057764 0.0585355882946392 0.0516247570533945 0.0195689165453295 0.00327914931283372 0.00383357736697124 0.0179367445748214 0.0401488364608452 0.0973766806148965 0.141088949902241 0.167427678653011 0.174538548384231 0.175184251253969 0.172744324172839 0.162795019977157 0.141180574480763 0.161277468449388 0.197683039781924 0.207523857941928 0.213891860929637 0.213687364775341 0.213771402400288 0.214001613850767 0.214003284288801
-9999 -9999 -9999 -9999 -9999 -9999 -9999 -9999 -9999 -9999 -9999 -9999 -9999 -9999 -9999 -9999 -9999 -9999 -9999 -9999 -9999 0.509822277625617 0.512995576123447 0.352267454857099 0.198878891674822 0.0972810060932 0.0410422592928558 0.0182878695065479 0.0415335235656281 0.0652763456124605 0.0703801585609248 0.0690522801822973 0.0620067931866214 0.0574888943925102 0.0489978905227892 0.0181691603502304 0.00159982370743364 0.000264972220586198 0.0063649165190899 0.0201689005336023 0.077160516180159 0.118449252209572 0.13955278574039 0.138244774288162 0.132550329597123 0.162894950128418 0.179530114594928 0.174868873286095 0.183176018607704 0.196640593886997 0.204898804638076 0.210564300205571 0.211322935639679 0.211123869174563 0.210439622254331 0.211293891634929
-9999 -9999 -9999 -9999 -9999 -9999 -9999 -9999 -9999 -9999 -9999 -9999 -9999 -9999 -9999 -9999 -9999 -9999 -9999 -9999 -9999 0.498140730141042 0.482509953565428 0.369584806645266 0.250940759860527 0.133953356807352 0.0554981064606295 0.00548749576995808 0.0258982573066425 0.0521299025301173 0.0687064040723926 0.0725473258576069 0.065066643906125 0.0577189155203941 0.04653277088807 0.0158633503843292 1.54355277080586e-05 2.55652296794941e-06 6.14104196814869e-05 0.00754373645168973 0.0695802917561117 0.105557787810806 0.108037772536153 0.0939746561043741 0.0813932953195651 0.154814531341852 0.208015599342804 0.229806456683826 0.217128385440138 0.191336440752385 0.200247822636387 0.206914505070731 0.209332966832512 0.208754928702587 0.206658836591153 0.208703571291299
