layers/veg_krg/veg_800.asc
NCOLS 255 
NROWS 330 
XLLCORNER -2985163.8955 
YLLCORNER -3022031.214 
CELLSIZE 25000 
NODATA_value -9999 
[rows 200 to 224 of 330, columns 57 to 113 of 255]
-9999 -9999 -9999 -9999 -9999 -9999 -9999 -9999 -9999 -9999 -9999 -9999 -9999 -9999 -9999 -9999 -9999 -9999 -9999 -9999 0.216140734220627 0.216196483107601 0.147379705515017 0.0868701584805672 0.0632016332384059 0.0425074452561781 0.0240089288269751 0.0680335764927998 0.110685205570907 0.120358261796454 0.158098744113893 0.220790448298183 0.218211715757323 0.208540197333445 0.222374384164682 0.232559549720969 0.238846165150919 0.251619390520984 0.264228290335856 0.263792309787055 0.260445005481057 0.253355351936526 0.269316122838032 0.291161158515701 0.293217512556413 0.284823173158519 0.260194622348401 0.249068883619529 0.244059906894742 0.25985532986911 0.26470430075515 0.248836491913757 0.235873318704244 0.224381660210286 0.217858781509952 0.213905914551684 0.215740055572383
-9999 -9999 -9999 -9999 -9999 -9999 -9999 -9999 -9999 -9999 -9999 -9999 -9999 -9999 -9999 -9999 -9999 -9999 -9999 -9999 0.216028984139437 0.215904846164766 0.154872436272356 0.100421289394013 0.0763415488197274 0.044489101207175 0.00689880000154943 0.0827247653280568 0.152878511175495 0.151338245847114 0.17523681193973 0.221749846660166 0.222328118069652 0.216465938180204 0.219837677593467 0.22672291597324 0.237361914829504 0.251032528003124 0.264106355223153 0.267252979199988 0.266307117171224 0.260100585713684 0.265046990781002 0.27356834494993 0.281675585845934 0.27950755689592 0.261377821291912 0.247521552992584 0.23625817741984 0.254651653682962 0.261649493378774 0.247080446314033 0.234881896705633 0.223884262575894 0.21760663220812 0.213456095269915 0.214068878502166
-9999 -9999 -9999 -9999 -9999 -9999 -9999 -9999 -9999 -9999 -9999 -9999 -9999 -9999 -9999 -9999 -9999 -9999 -9999 0.22964591729918 0.221331641207045 0.207947945936853 0.156140534554686 0.107059918062565 0.0730253290099892 0.0385372623819741 0.00371443620071713 0.0757134149772283 0.144150111012196 0.151703484099961 0.176320885173648 0.216107769434891 0.223240060152912 0.224377496532679 0.224934359826483 0.22936864954945 0.237945513446772 0.240952872798923 0.243917918111289 0.256732434835515 0.264239227466384 0.264923227829643 0.261060209222759 0.256783434114201 0.265811861112072 0.265304222867962 0.249983165773848 0.246857144765443 0.248776903921394 0.252680430581972 0.253597453400872 0.248862348777572 0.241120834944579 0.231856246979847 0.218257723314819 0.209378095178085 0.211707851167799
-9999 -9999 -9999 -9999 -9999 -9999 -9999 -9999 -9999 -9999 -9999 -9999 -9999 -9999 -9999 -9999 -9999 -9999 0.215346132981653 0.223308420681916 0.214372005882248 0.195132035416623 0.15288993532908 0.109576540189889 0.0674652989931857 0.0350188386356393 0.00970697079408466 0.0688489648076813 0.126794201439678 0.142647914425313 0.170789597499103 0.209854970795108 0.220168564907433 0.224936847779405 0.227847341420275 0.232233892089906 0.238197436118129 0.23089583542317 0.2241137201225 0.245359745521649 0.260472394379041 0.267700919399659 0.256389036276851 0.24088389148756 0.248088136545498 0.248832883346836 0.239543381135842 0.248383515975056 0.263919129951201 0.25410708533949 0.247807764526911 0.248156472189926 0.244730000044544 0.239390987620115 0.220135260280265 0.20730657086323 0.210092395254786
-9999 -9999 -9999 -9999 -9999 -9999 -9999 -9999 -9999 -9999 -9999 -9999 -9999 -9999 -9999 -9999 -9999 -9999 0.211763556633986 0.207909842081544 0.191624934236891 0.167760421266868 0.132633630686833 0.0976734982381537 0.0652972981677889 0.0506530073378993 0.0490985060300637 0.0819366029751727 0.111541149265537 0.113757817338755 0.146509169146741 0.206405071580992 0.200084059565637 0.188870033786837 0.21311792603472 0.228680940623925 0.23496518473133 0.229358442960072 0.223995462524549 0.24212243965453 0.255262012884445 0.261990548131543 0.248057238797199 0.228680972636433 0.224922792074912 0.228930316891289 0.245001165889014 0.260045412166265 0.274139167889891 0.269603903300649 0.2577178047172 0.23191983702382 0.228830753428737 0.237246196170016 0.22732470295681 0.218447206849514 0.21280333298475
-9999 -9999 -9999 -9999 -9999 -9999 -9999 -9999 -9999 -9999 -9999 -9999 -9999 -9999 -9999 -9999 -9999 -9999 -9999 0.196218065294131 0.179545766578919 0.152707956168808 0.116291420850011 0.0830148195926714 0.0605911643105297 0.0541928340266272 0.0596244837186337 0.0852850822553202 0.106540591878912 0.102347147688223 0.134102975036254 0.19781678268421 0.178176951341831 0.156409712302564 0.199620358399006 0.225736795636365 0.233590080897953 0.230377785791596 0.226628641404757 0.239113181008889 0.249817511031451 0.258233477914888 0.242118470752966 0.219519127020681 0.215183934825786 0.220758899216124 0.241728399679879 0.262901355117356 0.283455775260972 0.279365898088142 0.266759137378304 0.238033692845005 0.22727044182907 0.22560700071506 0.226512851107479 0.224562317554616 0.215829002277132
-9999 -9999 -9999 -9999 -9999 -9999 -9999 -9999 -9999 -9999 -9999 -9999 -9999 -9999 -9999 -9999 -9999 -9999 -9999 -9999 0.178787240896573 0.15072841298901 0.104102797884921 0.0654318948664505 0.0531915964502838 0.044898301123455 0.0395187044278146 0.0782984918687619 0.112419849588458 0.109485420751852 0.134297564992246 0.183775700999124 0.154335720471685 0.127776554103832 0.187430011690751 0.223438708223263 0.234185758070205 0.234110303107169 0.232181609151152 0.236345923130312 0.244124563676905 0.256549225554519 0.238719154648639 0.213584429058305 0.219693092463577 0.225036425163112 0.229190885511718 0.256412534185741 0.291813673778108 0.283042172567375 0.274878608825521 0.267865601129519 0.240926422935209 0.203892466314608 0.217210128813864 0.225344405717051 0.219188660639981
-9999 -9999 -9999 -9999 -9999 -9999 -9999 -9999 -9999 -9999 -9999 -9999 -9999 -9999 -9999 -9999 -9999 -9999 -9999 -9999 0.152192517309523 0.152095424183479 0.102210788026647 0.0582114105782931 0.0404978013191838 0.0319296739137724 0.0301127897568549 0.0624047342151999 0.0900339948313542 0.0850693472712703 0.113941079301213 0.172892484884322 0.159181343386184 0.144142126260447 0.188402320932493 0.213026202539383 0.21667099276456 0.218852420550113 0.221170336963452 0.227163502785343 0.235721007838485 0.24757483228781 0.236907432267989 0.220171023507361 0.218743553674385 0.222074469170221 0.232797107891178 0.256593734773099 0.284852778289104 0.281981358387419 0.27793689068791 0.271672363681404 0.251383955100013 0.223990921112199 0.22439413755623 0.224125491116729 0.221082128145465
-9999 -9999 -9999 -9999 -9999 -9999 -9999 -9999 -9999 -9999 -9999 -9999 -9999 -9999 -9999 -9999 -9999 -9999 -9999 -9999 0.156334546787977 0.156000798109866 0.104974336774642 0.0578431163127946 0.0314218192590718 0.0218018124052941 0.0245846071581375 0.0468254527759379 0.0646332280619481 0.0572310964361291 0.0909726632960062 0.161289922774737 0.16785856157031 0.167280074410545 0.188550927054194 0.198470725825209 0.196263258358281 0.200833863331933 0.207448893834279 0.216758083359631 0.226539870692836 0.236929156948816 0.234894433962094 0.228427692007408 0.216763127190638 0.217908809179305 0.23895405631204 0.257012827774119 0.27351774848062 0.278363427271808 0.278531987466935 0.269848836173094 0.260910485035648 0.251842847346338 0.235647747318793 0.223397783352575 0.220671170551728
-9999 -9999 -9999 -9999 -9999 -9999 -9999 -9999 -9999 -9999 -9999 -9999 -9999 -9999 -9999 -9999 -9999 -9999 -9999 -9999 0.156622599176576 0.156752535532274 0.123198095847971 0.0887437054345311 0.0579806300144912 0.0387968517092833 0.0281609719969973 0.049350357994156 0.06758931145428 0.0606405768558601 0.0855781771732053 0.138861911346901 0.153350644931219 0.15957437398343 0.159343257652191 0.168294481342418 0.187055955550099 0.196538183018581 0.203506231624758 0.208882897989791 0.216536846467106 0.227118117938904 0.228601706036698 0.226547446312998 0.217006514790873 0.217877736238889 0.234923299951048 0.247306868831975 0.257685108112465 0.264622130354584 0.270260514961114 0.2734411543891 0.269369507172208 0.261623785864151 0.247116170594668 0.229786261010175 0.206157880890733
-9999 -9999 -9999 -9999 -9999 -9999 -9999 -9999 -9999 -9999 -9999 -9999 -9999 -9999 -9999 -9999 -9999 -9999 -9999 -9999 0.155611360520192 0.156158457318373 0.133146379786494 0.106234738176167 0.0724645137196412 0.0479681145883289 0.0303177025374289 0.0470858916967344 0.0628889405871208 0.0597565367216559 0.0809467813211031 0.123759236530477 0.143356847682641 0.154847699351231 0.146530636664246 0.151153126811904 0.169600007539185 0.185809884604293 0.199875543530219 0.202227051976198 0.206955217280115 0.21473844643963 0.220130324980963 0.22388471552094 0.216766017916624 0.217610726395611 0.230825869303393 0.239222095017835 0.245626056836632 0.251302181807036 0.259411157660723 0.272124441417279 0.2733142557461 0.268666176106034 0.257907092339166 0.240821945750722 0.209226720365864
-9999 -9999 -9999 -9999 -9999 -9999 -9999 -9999 -9999 -9999 -9999 -9999 -9999 -9999 -9999 -9999 -9999 -9999 -9999 -9999 0.154765381409707 0.153950684770406 0.132529659567046 0.106606268218023 0.0715327684228134 0.04715104095327 0.0306620365663167 0.0387070054835341 0.0484138474509525 0.0533911119218316 0.0772895956202623 0.118008557883144 0.139126065771967 0.15392424077579 0.154648989649759 0.15065295170627 0.141613308188334 0.166869291925815 0.196643141669193 0.197127893060191 0.197911568120119 0.199079493389952 0.208877535123215 0.220223013893308 0.215907762979951 0.217042504317487 0.226643317970296 0.233207030475875 0.23838461226028 0.238520153705755 0.245270706721631 0.264540543290993 0.271495792155992 0.272212359368778 0.267833072025423 0.257790554142719 0.23474203746351
-9999 -9999 -9999 -9999 -9999 -9999 -9999 -9999 -9999 -9999 -9999 -9999 -9999 -9999 -9999 -9999 -9999 -9999 -9999 -9999 0.157034641818674 0.156807942756687 0.138572036428162 0.117132991586367 0.0898095760986626 0.05999817807898 0.0283501381480134 0.0379955726969295 0.0506745687405981 0.0562753624984978 0.0789575275353442 0.116824593502389 0.131320231036519 0.140411936431634 0.143472099862129 0.142195283760788 0.136284915035942 0.153430638080623 0.174032701258386 0.178031682505186 0.181846883167283 0.185425843827036 0.19707065839551 0.210366631950373 0.211604639517241 0.216513316687974 0.227124048628912 0.231718598202412 0.233793657984457 0.233827668937904 0.237315122402721 0.24733841115299 0.257578603459089 0.267928681070856 0.266460224935499 0.261571321472449 0.249206210593455
-9999 -9999 -9999 -9999 -9999 -9999 -9999 -9999 -9999 -9999 -9999 -9999 -9999 -9999 -9999 -9999 -9999 -9999 -9999 -9999 0.154998718003182 0.159897830795315 0.145750141504123 0.129865826341884 0.112524452603423 0.0757723975077455 0.0246912744025355 0.0388202956441557 0.0571306925648995 0.061990249378758 0.0824894687346976 0.116891946933559 0.12285122243433 0.124158578968427 0.127834498872091 0.132568257394021 0.13843219208324 0.142698799028167 0.147120849846269 0.155602194619516 0.164461361036427 0.173806196742771 0.18631430487156 0.199369995083349 0.206438566087052 0.215738483463219 0.228504596547573 0.231667375885161 0.230948827588281 0.231903020635591 0.231525890133061 0.228629154510491 0.240635822912819 0.260192690759722 0.26109605252233 0.260961859929943 0.259213360894817
-9999 -9999 -9999 -9999 -9999 -9999 -9999 -9999 -9999 -9999 -9999 -9999 -9999 -9999 -9999 -9999 -9999 -9999 -9999 -9999 0.151023954396543 0.149524792186401 0.140661962737675 0.129715201545229 0.114127369595771 0.0737038654079577 0.0149465361463772 0.028326972734468 0.0492289005436249 0.0660563871399685 0.0879508046775824 0.114349593855322 0.120311289242512 0.123799322883193 0.133372046303297 0.139905822840168 0.14319284199667 0.143551050547988 0.143666504617087 0.147337118422189 0.158493563646883 0.179272640309819 0.190641028998525 0.198755800952162 0.204235559991029 0.211793128607756 0.222578387344708 0.231447240194461 0.239114677661902 0.232125392980444 0.227994693916982 0.229274029822125 0.234163193053586 0.240881127499237 0.251192610372468 0.258350450654601 0.257986812001546
-9999 -9999 -9999 -9999 -9999 -9999 -9999 -9999 -9999 -9999 -9999 -9999 -9999 -9999 -9999 -9999 -9999 -9999 -9999 -9999 0.129298029880578 0.134658115721671 0.129878780714006 0.122492387904317 0.109473016349484 0.0706391807792235 0.0127489708499492 0.0251526795558626 0.0460231277257644 0.0671675698683944 0.086334510374713 0.103743502649223 0.110286952508428 0.116380944683247 0.130076769185137 0.138366409636206 0.140880178168129 0.139718736762982 0.138000051468876 0.138881590023573 0.149664614472624 0.173175463542856 0.18562743914163 0.194351243903122 0.201177765934416 0.209129892767651 0.21883054532587 0.230341036001764 0.242003909661179 0.233015562701056 0.227504269479982 0.228573497128232 0.229340513196619 0.229954426141812 0.243008478860877 0.252928734335063 0.254990186621438
-9999 -9999 -9999 -9999 -9999 -9999 -9999 -9999 -9999 -9999 -9999 -9999 -9999 -9999 -9999 -9999 -9999 -9999 -9999 -9999 0.121859852528069 0.115246520846281 0.110311321619746 0.104361052617747 0.0951671154219821 0.0660379773069331 0.0221925680574908 0.0332676485851763 0.0500607456398237 0.0637208721941696 0.0738013013180074 0.0806994712452813 0.0887182721710213 0.0980741996589025 0.113157271912377 0.123134670635341 0.127657257591638 0.128660699350741 0.12892152496563 0.130132297981766 0.136422472033532 0.14924194141046 0.166206850332361 0.184100228728477 0.196801501291694 0.208444265747015 0.218442733151039 0.22786811244588 0.236754204232812 0.234935778746619 0.231704093776729 0.22579773529754 0.227062804311203 0.231960983437353 0.237476303868863 0.243172250392986 0.249263300766622
-9999 -9999 -9999 -9999 -9999 -9999 -9999 -9999 -9999 -9999 -9999 -9999 -9999 -9999 -9999 -9999 -9999 -9999 -9999 -9999 0.120793583295198 0.119650539274539 0.103021533309694 0.0878294589427114 0.0796770045579245 0.0591289812808463 0.029430483251966 0.0331081197735207 0.0415492685158549 0.0528944521664013 0.0598037684821203 0.0627697125170739 0.072433807286549 0.0838341988685824 0.0979092978444824 0.10574627397991 0.106918549431131 0.111366387504946 0.116833109044037 0.123829409552421 0.129744245765597 0.134268918115457 0.151398590876416 0.171971364762007 0.184558685823101 0.19789306194972 0.2123879208655 0.224593857598047 0.235560856276607 0.235905494709274 0.233679650119294 0.226589021017988 0.226670493985051 0.230385418810667 0.231165450759259 0.235245499831218 0.247160333498167
-9999 -9999 -9999 -9999 -9999 -9999 -9999 -9999 -9999 -9999 -9999 -9999 -9999 -9999 -9999 -9999 -9999 -9999 -9999 -9999 0.1635655178725 0.137184346440151 0.102402715174652 0.0738988251293034 0.0650862130380571 0.0519639324788764 0.0356602317810044 0.0296813868305353 0.0282707608515125 0.0393053516257727 0.0454407438852554 0.0472208743294313 0.0583330807336971 0.0710048460090816 0.0830674100512935 0.0873383424273495 0.0832848326235244 0.091560984087513 0.103299921109542 0.118052891859498 0.125326373322139 0.122985375814585 0.138488842755888 0.15894456399463 0.169076935063843 0.18322712658511 0.203618640466291 0.220595533426889 0.235760875983113 0.236368587072323 0.234683256727504 0.228658215770398 0.226955037258881 0.227441353401184 0.224798320010302 0.228274743189277 0.24617944923539
-9999 -9999 -9999 -9999 -9999 -9999 -9999 -9999 -9999 -9999 -9999 -9999 -9999 -9999 -9999 -9999 -9999 -9999 -9999 -9999 0.18375822605911 0.189881754982476 0.157589326946733 0.124460222025211 0.0960885426841648 0.067280939916871 0.0381515361624456 0.0292427624365288 0.0257361908920716 0.0333778444617928 0.0386345655000068 0.0417711426911761 0.045537578027731 0.0502598854378361 0.0592319013509919 0.0641590245022637 0.0647646553958381 0.0723990012789441 0.0823846411217259 0.0968677100439538 0.107587203905863 0.113468825570864 0.126468381429883 0.141426000129193 0.152047655178375 0.164878195443081 0.181140040030776 0.203416587854438 0.227613576101348 0.23283595479981 0.233394300158525 0.225125698615969 0.224325066032245 0.227307774153162 0.227012070938773 0.228359203307042 0.233685515998148
-9999 -9999 -9999 -9999 -9999 -9999 -9999 -9999 -9999 -9999 -9999 -9999 -9999 -9999 -9999 -9999 -9999 -9999 -9999 -9999 0.213770152077097 0.218362326906414 0.190417166963545 0.157917952975745 0.118347094652758 0.0771674735049655 0.0348002551006093 0.0259833843148424 0.0235208327806394 0.029820401884244 0.0359002862574587 0.0417848765402651 0.0422233212231826 0.0426811019800713 0.0481831083411842 0.0513223311668256 0.0519371976358848 0.0572377389264205 0.0644957928403769 0.0776251964368164 0.0896676555810478 0.100312906416518 0.112195248195266 0.124384378555872 0.135398030142986 0.147654381173639 0.161841153913316 0.183459385291525 0.207868021025323 0.223497763151595 0.230961266985962 0.22296970295633 0.222394042558414 0.225575346098914 0.227180162076442 0.227670383781375 0.225625738190849
-9999 -9999 -9999 -9999 -9999 -9999 -9999 -9999 -9999 -9999 -9999 -9999 -9999 -9999 -9999 -9999 -9999 -9999 -9999 0.210917381700643 0.206018406421684 0.19813240509779 0.18124396109165 0.15924637619418 0.124180423827645 0.0768528393427194 0.0204736529434196 0.0174252085644754 0.0219051154555248 0.0307151355059732 0.0408150865179676 0.0520617530680765 0.0567196243432293 0.0598350370801509 0.0611542140253075 0.0579143012103181 0.0498035371118842 0.049591846617542 0.0522921091277124 0.0620319931523081 0.0714092647250824 0.0803204176019878 0.0936904613957142 0.108238695065226 0.119461588325108 0.132544103636579 0.148515374388984 0.158283215397838 0.166335095248659 0.203253804030213 0.226379081147354 0.223399508659233 0.221775995350035 0.220839473901382 0.22350547277489 0.225528955224045 0.225895539831348
-9999 -9999 -9999 -9999 -9999 -9999 -9999 -9999 -9999 -9999 -9999 -9999 -9999 -9999 -9999 -9999 -9999 -9999 0.206593447731055 0.207151077362193 0.199635873625397 0.187198464293891 0.173669565176882 0.15583742876024 0.125786354364669 0.077132932660814 0.0147471594329751 0.0147328289100366 0.0226580153338842 0.0324196393671416 0.0421334915852003 0.0518048758848932 0.0605466997858261 0.0681636105983578 0.0709503189925616 0.0698463565223022 0.0645856697560457 0.060528477159958 0.0577081892153762 0.061803882559226 0.0652444451113722 0.0678428724618217 0.0780276235372363 0.0908572742107793 0.106088402042828 0.119842411536241 0.131301850671124 0.141539912093385 0.151773818115174 0.17940969174409 0.20051075711311 0.209244328230212 0.216033915946185 0.221838664066389 0.223212161586318 0.224228727231058 0.22460382753437
-9999 -9999 -9999 -9999 -9999 -9999 -9999 -9999 -9999 -9999 -9999 -9999 -9999 -9999 -9999 -9999 -9999 -9999 0.205630386414499 0.203011660936464 0.193941764425416 0.180938429838308 0.166899031490809 0.150046588898248 0.125266800208864 0.0777120477329838 0.0133446961007121 0.0149897002917986 0.0246018271749961 0.0345312858699385 0.041643672827926 0.0462517552695865 0.0590094171313139 0.0720548994983263 0.0791500721601572 0.0844633418512762 0.0878728577607219 0.0808081745049259 0.0719832725475961 0.0693011539604083 0.0651601262403231 0.0591437497311894 0.0637936830905029 0.0728545396179989 0.0940039895127864 0.108351726940913 0.1121336163899 0.129036551691773 0.150773558345411 0.15375546617105 0.163940021316927 0.187755993910553 0.207715535386469 0.225721373934227 0.224618966245691 0.223351444665336 0.22252700499441
-9999 -9999 -9999 -9999 -9999 -9999 -9999 -9999 -9999 -9999 -9999 -9999 -9999 -9999 -9999 -9999 -9999 -9999 0.206464229724877 0.206907252580759 0.198001860058851 0.183396508132725 0.160324597998299 0.133424282748026 0.0970528153976312 0.057095588516551 0.0144913349167556 0.0212965197339619 0.0326201001074696 0.0387899210549592 0.0417743214539792 0.0419269646913744 0.0507531350387568 0.0615207840996527 0.0742039434067433 0.0823044812267058 0.0855090268801523 0.084537586694273 0.0828995181935706 0.0839695230117773 0.0802236132927858 0.0702871058923888 0.0686615033043037 0.0704587795286472 0.0814990249909529 0.0913379019822315 0.0993105612093775 0.114993970891953 0.133619456015805 0.144779636731208 0.156122941214771 0.16781281778737 0.185184816566273 0.205435429912317 0.217897914059754 0.225963146867624 0.224095957213648
