layers/veg_krg/veg_3900.asc
NCOLS 255 
NROWS 330 
XLLCORNER -2985163.8955 
YLLCORNER -3022031.214 
CELLSIZE 25000 
NODATA_value -9999 
[rows 175 to 199 of 330, columns 57 to 113 of 255]
-9999 -9999 -9999 -9999 -9999 -9999 -9999 -9999 -9999 -9999 -9999 -9999 -9999 -9999 -9999 -9999 -9999 -9999 -9999 -9999 -9999 -9999 0.214630363875524 0.220894042331048 0.237564887064786 0.208974471191602 0.146971952492227 0.0947905595628187 0.0478070088585001 0.0158423810029362 0.000547820832507159 7.25232473063581e-05 0.0013848771268574 0.0024783702099599 0.000844133139057814 0 0 0 0.000701138387376459 0.00656722153983735 0.0640945160972422 0.188029503953977 0.258845183969854 0.308353131792749 0.305954174357911 0.321182235943618 0.363792284669972 0.390585485110818 0.410406075206233 0.412613746700132 0.4134839235316 0.411822816063405 0.409960466921751 0.407996166925873 0.428768773862158 0.444819888415755 0.448857420425434
-9999 -9999 -9999 -9999 -9999 -9999 -9999 -9999 -9999 -9999 -9999 -9999 -9999 -9999 -9999 -9999 -9999 -9999 -9999 -9999 -9999 -9999 0.175534265402909 0.169085817383 0.17622582537454 0.154179309078039 0.110587145630427 0.0636889401604492 0.0230753885044454 0.00738437988323034 0 0 0 0 0 0 0 0.00156624812141515 0.00392643238348131 0.00927764516084914 0.067545347289958 0.193834334630574 0.245319405885829 0.273239724721919 0.309133073089859 0.337987784803727 0.35590860814289 0.371725412819579 0.386399606860365 0.391177622162884 0.393174666456152 0.38990856581788 0.395381625538522 0.405282023039022 0.430916939060051 0.449372248242099 0.450376510689097
-9999 -9999 -9999 -9999 -9999 -9999 -9999 -9999 -9999 -9999 -9999 -9999 -9999 -9999 -9999 -9999 -9999 -9999 -9999 -9999 -9999 -9999 0.189279399799812 0.190296755305044 0.184208777543068 0.148222413081705 0.0901649008586222 0.0446470449356441 0.00868276515822662 0.00277858101296409 0 0 0 0 0 0 0 0.0214692924459693 0.0449719135716869 0.0442838272898818 0.0864590654594504 0.183732789060277 0.245632324160197 0.294344146073516 0.321099255743216 0.34170893137537 0.352772228485232 0.365677864523956 0.379210930817445 0.388308136401129 0.39350879105051 0.391335002661057 0.395599276609929 0.403125131242635 0.417382696443609 0.427878695675108 0.429297252548786
-9999 -9999 -9999 -9999 -9999 -9999 -9999 -9999 -9999 -9999 -9999 -9999 -9999 -9999 -9999 -9999 -9999 -9999 -9999 -9999 -9999 -9999 0.229399676990563 0.217599781587861 0.200913107884936 0.156150517607729 0.0906621366887988 0.03923413868069 0 0 0 0 0 0 0 0 0 0.0375433089759916 0.0780342486564472 0.0717437597252933 0.102061717150568 0.179437852494799 0.246650149321226 0.30720307874617 0.325323034258406 0.340569520189858 0.351352329817431 0.362859321030065 0.37458336588113 0.383525186791716 0.389079294423614 0.388221963060669 0.393105876461169 0.400898356451673 0.406092417215988 0.410836196432331 0.414640993874947
-9999 -9999 -9999 -9999 -9999 -9999 -9999 -9999 -9999 -9999 -9999 -9999 -9999 -9999 -9999 -9999 -9999 -9999 -9999 -9999 -9999 -9999 0.250767819916517 0.254166815980546 0.230879707803738 0.185193016710315 0.122970834611163 0.0545463199275832 0 0 0 0 0 0 0 0 0 0.047794667914594 0.0989569157218165 0.0877283959698385 0.112629355412549 0.183972806391487 0.248739899695419 0.307523408977763 0.317773231945763 0.332038842854843 0.352542618801019 0.364951002880681 0.373850385635121 0.375832505157275 0.377405939367123 0.378205913507483 0.386489883368483 0.398565313236791 0.398214448152175 0.400562245452655 0.409751947300364
-9999 -9999 -9999 -9999 -9999 -9999 -9999 -9999 -9999 -9999 -9999 -9999 -9999 -9999 -9999 -9999 -9999 -9999 -9999 -9999 -9999 -9999 0.287610196013185 0.279701962870189 0.253614244436313 0.204644613393354 0.138783433005487 0.0617784945670994 0 0 0 0 0 0 0 0 0 0.0291660722743648 0.0643486074032204 0.0906399973191573 0.126924333199363 0.176054060674247 0.220144440520159 0.2624877871611 0.303360352385546 0.336359244767856 0.357127095233109 0.367713345854998 0.37389513351456 0.37168675752587 0.370491941638586 0.371215345571929 0.376916848341845 0.385140301064143 0.391692561722823 0.398085936266915 0.404180696687846
-9999 -9999 -9999 -9999 -9999 -9999 -9999 -9999 -9999 -9999 -9999 -9999 -9999 -9999 -9999 -9999 -9999 -9999 -9999 -9999 -9999 -9999 0.307167417823401 0.300196489090226 0.273081449095192 0.219577990010961 0.146594459885711 0.0652283972391059 0.000236562118381544 7.57024978268294e-05 0 0 0 0 0 0 0 0 0.00932403534072682 0.0873336945035193 0.141178393398273 0.163960342767243 0.181318068557687 0.202043802679215 0.287242976300054 0.345795012792602 0.362953120718358 0.370568214130843 0.374034067845751 0.368897729268517 0.365526188207025 0.365494626264076 0.366357657595549 0.367673897981302 0.385485184163335 0.398106854007554 0.397892302276882
-9999 -9999 -9999 -9999 -9999 -9999 -9999 -9999 -9999 -9999 -9999 -9999 -9999 -9999 -9999 -9999 -9999 -9999 -9999 -9999 -9999 -9999 0.307159288447419 0.301867374957131 0.281303375293824 0.214132897004281 0.112557268806292 0.0522235108860154 0.00745417402710452 0.00238541824425814 0 0 0 0 0 0 0 0 0.00581871553503069 0.0545010723757767 0.110326491408061 0.175333930573702 0.201965857142522 0.22106879620346 0.301654561681011 0.354834794575071 0.365442999838755 0.368254881860317 0.367792849164332 0.364372319027259 0.362000981145848 0.361615298952405 0.361522931172447 0.361579159130623 0.372587935236135 0.37998586006618 0.378475293922448
-9999 -9999 -9999 -9999 -9999 -9999 -9999 -9999 -9999 -9999 -9999 -9999 -9999 -9999 -9999 -9999 -9999 -9999 -9999 -9999 -9999 -9999 0.309737591727108 0.304478798134263 0.287878564940221 0.214420676219765 0.0989901643900409 0.0476268927776443 0.01149993898018 0.00368010783641878 0 0 0 0 0 0 0 0.00276159553709881 0.00818759760011569 0.0282026426213969 0.0810433304128641 0.176079606696227 0.218044667450647 0.246154503883636 0.315957917620674 0.360779361875701 0.366793565592367 0.366559233355995 0.363765050712534 0.360850761669057 0.358542283234979 0.357380335644884 0.356742599682526 0.356370434078051 0.361760371649511 0.365159399392846 0.363658569609794
-9999 -9999 -9999 -9999 -9999 -9999 -9999 -9999 -9999 -9999 -9999 -9999 -9999 -9999 -9999 -9999 -9999 -9999 -9999 -9999 -9999 -9999 0.312286258443423 0.308830782732736 0.29140629853914 0.225317727512894 0.12330506927847 0.0585906433733207 0.00967587358695536 0.00309638670891405 0 0 0 0 0 0 0 0.0106338088040371 0.0214272968526475 0.0139964106363441 0.0546632866319534 0.157157234709095 0.225668111621874 0.282456188995947 0.330060983802427 0.360995915136606 0.366035714304486 0.366006672448893 0.363833414974328 0.35918693773828 0.355206667375119 0.352487231200709 0.352062931633788 0.35280136905703 0.354762974520881 0.356429812756642 0.357355145985235
-9999 -9999 -9999 -9999 -9999 -9999 -9999 -9999 -9999 -9999 -9999 -9999 -9999 -9999 -9999 -9999 -9999 -9999 -9999 -9999 -9999 -9999 0.291645686886757 0.289889420155451 0.273867908705017 0.206881874032988 0.102273557799778 0.0460413501867321 0.00546443143025183 0.0017486785767039 0 0 0 0 0 0.0090780925465514 0.0278550594425702 0.04401593970548 0.0575871913094432 0.056854781058111 0.106820624942464 0.221956332635545 0.284998541608132 0.329269324974015 0.349378355722952 0.363229651053181 0.367360117775638 0.367057280542742 0.364847997789983 0.35938435638734 0.354398856322638 0.350318265784487 0.347891714277453 0.346303113922596 0.346769034970787 0.347234691586885 0.347610626410352
-9999 -9999 -9999 -9999 -9999 -9999 -9999 -9999 -9999 -9999 -9999 -9999 -9999 -9999 -9999 -9999 -9999 -9999 -9999 -9999 -9999 -9999 0.274267746966407 0.259414407905183 0.24589867414037 0.173921897206171 0.0587888678939033 0.0218496250351746 7.08849147533893e-05 2.2683957777291e-05 0 0 0 0 0 0.0226511826707722 0.0695024903638552 0.0900292502722154 0.105095970060442 0.127968563976941 0.197865575430001 0.328209932433473 0.369931572008003 0.381287182752073 0.371277579672946 0.366462190529475 0.36971554511551 0.368901694244863 0.366331098643512 0.360503365210209 0.354842682266335 0.349498151822366 0.343972255164271 0.338354476739643 0.33828165963035 0.33780906201573 0.336162255736582
-9999 -9999 -9999 -9999 -9999 -9999 -9999 -9999 -9999 -9999 -9999 -9999 -9999 -9999 -9999 -9999 -9999 -9999 -9999 -9999 -9999 0.372462995051292 0.32777620153093 0.285032084918177 0.256239777296839 0.172452941423174 0.0480688528834265 0.0163175108215201 0 0 0 0 0.0494525270196268 0.0929284963463416 0.0613390048966906 0.0758961712408245 0.139755614830393 0.163807889186925 0.182061352491457 0.230223245923774 0.289637912044659 0.363517408879867 0.38882457617832 0.397274583049179 0.391319474758762 0.388113409673237 0.38917773571838 0.379813200011283 0.366376413326299 0.359768287426799 0.353500656962213 0.347877433367215 0.337898253095364 0.325712305723378 0.328285787136407 0.330753838430653 0.332335534308291
-9999 -9999 -9999 -9999 -9999 -9999 -9999 -9999 -9999 -9999 -9999 -9999 -9999 -9999 -9999 -9999 -9999 -9999 -9999 -9999 0.372382874981599 0.372422591507871 0.339788131925254 0.304366374828036 0.26699885713943 0.172842828345281 0.03676521922037 0.0104326540036919 0 0 0 0 0.0845142640724663 0.160437587768408 0.11626118221374 0.125526733838597 0.191888732213243 0.223193660688683 0.249610569898998 0.303979038592592 0.350591339178581 0.387233505134345 0.401221890031479 0.407167838048446 0.404125107218276 0.402491312851423 0.403046174438 0.389976831636366 0.371594604536279 0.362381954737934 0.353056021654446 0.343515693546329 0.33078260713907 0.316432040463776 0.320205835355639 0.323999776735699 0.327054722149712
-9999 -9999 -9999 -9999 -9999 -9999 -9999 -9999 -9999 -9999 -9999 -9999 -9999 -9999 -9999 -9999 -9999 -9999 -9999 -9999 0.37233685223715 0.37230248481668 0.340538303753373 0.307671844853531 0.277547673125661 0.176514578174135 0.0231361397152999 0.00317700567424189 0 0 0 0 0.0852645002878418 0.167170662158781 0.154691010513694 0.165712102607233 0.201840975820117 0.248921685562564 0.294797212717141 0.311813873989514 0.341257778035251 0.38667623057117 0.40081467607164 0.404260875456651 0.400488974307215 0.399727329176977 0.403641845768223 0.398160058827482 0.388650238759997 0.372686816437704 0.354711595141612 0.332928930496774 0.321357506458868 0.314959189385659 0.316539848000975 0.317860369663894 0.318227270528968
-9999 -9999 -9999 -9999 -9999 -9999 -9999 -9999 -9999 -9999 -9999 -9999 -9999 -9999 -9999 -9999 -9999 -9999 -9999 -9999 0.364832001836162 0.366097337587947 0.328590743155878 0.291445806168936 0.262584152568796 0.170527118475342 0.0318189190614967 0.00798187896014203 0 0 0 0 0.0651736844631828 0.136890358499347 0.182415812810179 0.220961673930146 0.252050660489574 0.292717362416346 0.326853173732608 0.295405213546982 0.305964430679115 0.370521602404727 0.389854305853842 0.394167991788557 0.393580739306514 0.39466891386389 0.39835971349332 0.395020106613642 0.388597326094237 0.374910180757887 0.359566556059971 0.341087950476951 0.331462637381706 0.326322482436385 0.323392815155812 0.318702136533384 0.309802582679607
-9999 -9999 -9999 -9999 -9999 -9999 -9999 -9999 -9999 -9999 -9999 -9999 -9999 -9999 -9999 -9999 -9999 -9999 -9999 -9999 0.361227464650533 0.356690488000381 0.308956441922657 0.263396109791252 0.232176400912641 0.15869232825355 0.0540084779130365 0.020087748871373 0 0 0 0 0.0324664615323029 0.0842035158151191 0.203660185717449 0.285330559949374 0.326630720729544 0.347450531887779 0.350960302468083 0.264320431543938 0.254955982635065 0.3449249094874 0.372505442610345 0.379725015545596 0.38469169393325 0.388221533945038 0.389519374894177 0.385025517655203 0.378187527790511 0.372241303516902 0.366358308568549 0.360594978694603 0.353390652883951 0.345456305482072 0.336613570854563 0.323770049585587 0.301621713217995
-9999 -9999 -9999 -9999 -9999 -9999 -9999 -9999 -9999 -9999 -9999 -9999 -9999 -9999 -9999 -9999 -9999 -9999 -9999 -9999 0.355126786571503 0.355078611473412 0.296826775305191 0.2344904025061 0.171230051009147 0.10167112734144 0.0274625642645472 0.00916514285919231 0 0 0.0203384343917938 0.0587572152775131 0.0661009645415323 0.0841518547939153 0.184439051340701 0.258189217594344 0.303587687596666 0.331881436889343 0.346576749219252 0.292305391857705 0.276304427344907 0.309497983084905 0.342164749302402 0.372738824274733 0.379119327668547 0.383097750069896 0.383344755901614 0.380716678988045 0.376813149196108 0.369426503906339 0.36141945866557 0.352238271426638 0.341962599275531 0.331132451156237 0.327224150659256 0.316646481952136 0.29019168037882
-9999 -9999 -9999 -9999 -9999 -9999 -9999 -9999 -9999 -9999 -9999 -9999 -9999 -9999 -9999 -9999 -9999 -9999 -9999 -9999 0.357746609687193 0.355938195565435 0.290559597066946 0.215321861689799 0.123491834340147 0.0555922671397407 0.00535829264406643 0.000306629493516261 0.000504775847534883 0.000161533861644802 0.0393792926726724 0.113765766453389 0.100991741566616 0.0899659696089366 0.166926211247558 0.230678118256691 0.280318472945748 0.314719338002644 0.339571152636919 0.321883168624271 0.306910484415701 0.295428171255372 0.32643374718895 0.368288376008912 0.37370299703121 0.376833068375727 0.376414297466982 0.374162493560492 0.371002629512388 0.362290001895833 0.351559125343145 0.337008598523176 0.324504653120527 0.313037524397779 0.312167337517668 0.304275399382185 0.279523916686333
-9999 -9999 -9999 -9999 -9999 -9999 -9999 -9999 -9999 -9999 -9999 -9999 -9999 -9999 -9999 -9999 -9999 -9999 -9999 -9999 0.359676837098191 0.360975557642721 0.299720037806397 0.224170003960644 0.119033788256662 0.0489409055727048 0.00471719733366854 0.00149068031205526 0.0024539694772752 0.000785297410639967 0.0510541361220238 0.147494089719097 0.127561680129608 0.10311119020851 0.161569691104856 0.21854515623329 0.273936172041014 0.30562587823583 0.330179795979984 0.345409248879251 0.351011172420703 0.34423742765247 0.354841894606533 0.369754647963576 0.368137452461914 0.367065971991153 0.366842210691804 0.360162020370073 0.350875220929764 0.342813143150562 0.329722890096363 0.307116530931939 0.295783249557624 0.290161011481023 0.284954285503941 0.279078253186072 0.271620972585002
-9999 -9999 -9999 -9999 -9999 -9999 -9999 -9999 -9999 -9999 -9999 -9999 -9999 -9999 -9999 -9999 -9999 -9999 -9999 -9999 0.385512840583492 0.350047869319089 0.280796461799207 0.207905018065783 0.130813772132729 0.0645282583119155 0.00621959329303885 0.0139118067444899 0.0229017240307282 0.00732880532829264 0.0630254065196228 0.182078782834947 0.141763166450504 0.0949488318711801 0.160105818686415 0.213404955149183 0.254035372931942 0.295717362454608 0.334972017840586 0.354427165345916 0.362008737293989 0.354327470014538 0.358388354661291 0.364739875947865 0.352114170393127 0.343868758879066 0.342427739812436 0.333629061447349 0.32207588757684 0.31950232710758 0.311245087758072 0.292231164648985 0.282554655535056 0.277608564910905 0.271771688890315 0.267527918010134 0.267043626485636
-9999 -9999 -9999 -9999 -9999 -9999 -9999 -9999 -9999 -9999 -9999 -9999 -9999 -9999 -9999 -9999 -9999 -9999 -9999 0.407544540853041 0.37567317312675 0.324369046493711 0.241283903270507 0.173229070465242 0.15449819681714 0.0964192795855389 0.00929342772171366 0.0345710693201469 0.0569111621199574 0.0182122021741438 0.0752139937387943 0.217291298674149 0.146897080659906 0.0711654398952036 0.161495728071347 0.213391293977619 0.224223878862205 0.285211311990719 0.350162519008043 0.352808842226499 0.348737707339301 0.336031643353468 0.343708189543936 0.354973714477042 0.328424101321112 0.31082564512324 0.307132005413837 0.297908274016286 0.286918984039627 0.293380756445594 0.295229423121677 0.288347526278714 0.28068416557975 0.272624908214382 0.26887511381013 0.265982346615086 0.264904346128564
-9999 -9999 -9999 -9999 -9999 -9999 -9999 -9999 -9999 -9999 -9999 -9999 -9999 -9999 -9999 -9999 -9999 -9999 -9999 -9999 0.376902327578869 0.327576801180517 0.217397826008263 0.129964873743835 0.119558077475538 0.0757561654004195 0.00730180157588084 0.0361124708672922 0.065693355957303 0.0548143208377248 0.107921880712013 0.217911882281144 0.178894500889159 0.135282261992149 0.203833823528749 0.237868276599423 0.235025258306893 0.287510712407581 0.343914445994245 0.328239238949516 0.317443266882989 0.312919287500257 0.318985625884003 0.326923661755948 0.315301323614064 0.306228138415695 0.301114832822469 0.28932525204323 0.275492662081018 0.285835414662179 0.292126021217706 0.290747712223328 0.283418317107152 0.273074047868503 0.268004200940424 0.263693558943919 0.260927360474352
-9999 -9999 -9999 -9999 -9999 -9999 -9999 -9999 -9999 -9999 -9999 -9999 -9999 -9999 -9999 -9999 -9999 -9999 -9999 -9999 0.30076453603955 0.318663745938332 0.19491028417199 0.0933778340343799 0.0824422154093096 0.052915979978018 0.00966605254163059 0.0394792292975238 0.0728735617922056 0.0870788098265811 0.134288791374227 0.210839134444507 0.203714615295425 0.192371431529463 0.235748756185457 0.25330370453478 0.24327048037773 0.283056581081043 0.326069913721675 0.301964756354127 0.290035528224582 0.293757798627149 0.297969302017455 0.302174827789384 0.304313261799245 0.303176469023018 0.29695190629347 0.28372701033249 0.268431827422148 0.281009906920948 0.290099304682131 0.292586174928996 0.285891783181706 0.274546080962463 0.267515498744816 0.261242571303854 0.256552071609317
-9999 -9999 -9999 -9999 -9999 -9999 -9999 -9999 -9999 -9999 -9999 -9999 -9999 -9999 -9999 -9999 -9999 -9999 -9999 -9999 0.283056702366538 0.272451175695525 0.170818430470118 0.0851755528464343 0.0626887758643005 0.0448033016191591 0.0303145334781184 0.0578712645370123 0.0850661085537732 0.0921784326111104 0.128343583305376 0.190335951675529 0.190384769341924 0.185419234510865 0.211422077216595 0.224731106232158 0.224478288046321 0.248108475154083 0.274678982590482 0.279336494803465 0.284793032744415 0.291276675045444 0.294993857538155 0.29754144968603 0.296632067897919 0.293510693221424 0.286953186731921 0.277396412275283 0.267214817651059 0.278182682929237 0.286455372456825 0.289627289432614 0.285407372933348 0.277442686655008 0.267560976166424 0.258514452899052 0.251501728520622
