layers/veg_krg/veg_3400.asc
NCOLS 255 
NROWS 330 
XLLCORNER -2985163.8955 
YLLCORNER -3022031.214 
CELLSIZE 25000 
NODATA_value -9999 
[rows 125 to 149 of 330, columns 57 to 113 of 255]
0.0718557399131598 0.0973376642601374 0.129604101535962 0.149786902499523 0.154649799602293 0.194262129430124 0.240577658664568 0.234972129399532 0.220145037798119 0.191195756882369 0.1718814724289 0.156950207486688 0.157784580096407 0.158210225909682 0.157873848056835 0.159969344230674 0.163278175800041 0.271735608474804 0.358606943011919 0.39223171721625 0.501869762074343 0.657854972671093 0.696913640134159 0.726462143266565 0.750388126598536 0.780348532848561 0.81476358212733 0.813469037433568 0.806081592406497 0.791869440023503 0.769039799559046 0.738549433228541 0.699284703963426 0.65907622280415 0.622076755049329 0.586378755549246 0.552071221833445 0.522944323055051 0.495956525197434 0.475274728783836 0.455558103674391 0.437082154077663 0.419169064541249 0.401530731766176 0.385058828735791 0.371627367384389 0.362918958459422 0.355995300557396 0.349742638541636 0.341411399260018 0.332578608897514 0.322796604745838 0.310551231546468 0.297057893279211 0.303580914863755 0.306353352790109 0.299497845963768
0.0685118717864934 0.0721217228047375 0.100914602667225 0.128113551998554 0.153291680621025 0.175449204698039 0.196974810728291 0.222423474744318 0.217263524309528 0.16522858326509 0.147290179499705 0.143238204323124 0.144353864921085 0.144037351647291 0.14105071643931 0.122472116084946 0.0961142134351636 0.187988454127832 0.252785621204053 0.251264311088096 0.347922985045466 0.504444416583574 0.577164102218954 0.635502879399716 0.667973261875745 0.716140620348638 0.775895569821753 0.787155267074596 0.789342092926453 0.779281491149533 0.763876971489952 0.743721845904055 0.707334699158734 0.668505440819019 0.632100593025599 0.596938962326162 0.563105562895776 0.533494210717495 0.505494593535051 0.481665007425528 0.460564377016586 0.442971671572295 0.42336296922981 0.403233218549101 0.384753531326997 0.369018371162921 0.357546586701933 0.347381963801722 0.337784966718852 0.32934099815515 0.320391379009532 0.310484787537166 0.300709268688581 0.2910001524182 0.292329413371853 0.291009851288339 0.283024982836902
0.086495509476506 0.0769844182292236 0.0909505163082977 0.120589320734405 0.170098332130514 0.142632335046036 0.100825708507166 0.180119690129359 0.188134991073496 0.0869918884962738 0.0749530114066187 0.0980728794461451 0.0994615174185848 0.102676535829298 0.109296628557156 0.0924363638399987 0.0638610396768763 0.0955999449638264 0.116786180399232 0.111633802929645 0.158215059298398 0.236339588060863 0.393059311934601 0.523274507566282 0.562300743021837 0.623915027491855 0.70220392964141 0.734402179636053 0.75411466722646 0.747774067295097 0.743656253401557 0.741514439281231 0.711291070383766 0.675935898144085 0.640200077820561 0.605743277168845 0.572652958630389 0.542184058327268 0.512814303659435 0.486758821730864 0.465163204130716 0.449300500924637 0.427714344209311 0.4044727862281 0.383698976146827 0.365445959060129 0.351108766951055 0.338190849078379 0.325955450618735 0.317297061040394 0.308211734998838 0.298318407552382 0.292591242432115 0.288974692875153 0.282905172333672 0.276044069928716 0.267440538856171
0.155371448377534 0.0868640549354404 0.0912666084103545 0.105301533747149 0.13154859515474 0.10640270599672 0.0714950024926944 0.115197461329388 0.11898610722589 0.0616494901748289 0.0658869526092134 0.093447919765622 0.0756854046053768 0.0672753944801406 0.0763020443345725 0.0743592348252995 0.066943430757199 0.0982177248010865 0.117935479874043 0.109755647896619 0.122278465664518 0.147424199545925 0.222693307717918 0.2973708713604 0.360982039139105 0.467216685281624 0.604916209397159 0.656407871517531 0.692085828536093 0.707166437212383 0.714598732626169 0.715231873728651 0.699144795803175 0.677407882962564 0.6423577600147 0.608663972353751 0.576419269448889 0.545498893354482 0.515655737490892 0.491331794769815 0.470229890814241 0.453269743436167 0.430763220077902 0.40649509183781 0.382637095075881 0.361803808530508 0.345669137000946 0.330864961344531 0.316724973468281 0.30679374458263 0.297489349288909 0.289371272022708 0.283448768338824 0.278638562114907 0.271536336809531 0.264399491678633 0.257281193118871
0.233777205475568 0.10590351879768 0.0993896098015478 0.0938223568537832 0.0894552955764267 0.0740129469697657 0.0563705572075738 0.0545139726377789 0.0504767853022582 0.0431001546106514 0.0602483527634105 0.0854764211550159 0.0549455967177901 0.0395025639811266 0.0521889674481305 0.0641324344671432 0.0757052280552606 0.112620685404182 0.136069652384041 0.127693374050743 0.116532213120685 0.103673040591277 0.0855488587066019 0.0911974479658079 0.166457139887233 0.311593342039492 0.508312754947727 0.584215104899632 0.639410913082222 0.671172155130056 0.68488837733892 0.682563039765288 0.679548626385562 0.670916760586383 0.634574087084151 0.601942042952815 0.573274369953545 0.54404117613987 0.515590199372422 0.493933188196677 0.473846424280488 0.455778128293736 0.432924225134284 0.40835057283471 0.381616456445327 0.358326020657501 0.340385032659934 0.323959333805606 0.308281495780522 0.297095796820213 0.287498867691301 0.280908775331878 0.274219663374707 0.267480387192593 0.260432999762438 0.253803540392788 0.248163553850176
0.316750874401325 0.164435323453036 0.136370924153827 0.106639559516527 0.0747947790117792 0.0625891625156191 0.0552899960646838 0.0320476137786945 0.017005051003787 0.0145199485869882 0.0202969801959657 0.0291949660185706 0.0317420547236236 0.0431944575184489 0.0712497846863972 0.0816280891487771 0.0831867931298467 0.107029931324661 0.125208768524901 0.12959904265723 0.131217878293432 0.131146899529991 0.0952020444643597 0.0696251553305305 0.0806770003035537 0.212627655509831 0.433826454159551 0.559759023733136 0.652591953409871 0.664365068160193 0.659143293489008 0.63881349804063 0.637445366346943 0.631369864943345 0.584325783251672 0.554127756429148 0.541927758225774 0.524214437077427 0.505299036919123 0.487587185437766 0.470201474583752 0.453234999867723 0.431909830337103 0.40878786112623 0.380797553188054 0.355684622364042 0.335041437845237 0.317558273384917 0.301497631905527 0.289991011177048 0.27981929017629 0.272173942414483 0.265398254642317 0.259063144496562 0.252145512711391 0.24553234329908 0.239655538104352
0.395392701480692 0.254417769523166 0.190942563429457 0.135099600393909 0.088932965482745 0.0698073590246081 0.0573297427908642 0.0216095328231593 0.00764615422350314 0.0270018684469384 0.0187539847014711 0.000425650156515773 0.0141174543441972 0.0333981171008874 0.0630985578932454 0.0738122937391686 0.0750529890808599 0.0933532869650388 0.111218714912786 0.127494540818146 0.138657073787357 0.146701905950595 0.10184211346181 0.0605356284986686 0.0393649555414884 0.159879021292365 0.384985513218211 0.531673247508883 0.640072371641764 0.640544393591855 0.628917379624027 0.606534633065165 0.585505884482281 0.56184601066987 0.523683858415891 0.505314727425738 0.508092112099508 0.504447934808596 0.498088903758341 0.483446566811796 0.467470359039581 0.449779532459887 0.429763957523609 0.408400530453387 0.379538170444893 0.352883872131312 0.329659598875589 0.310317027527269 0.292774988677475 0.282692973634875 0.27330019254697 0.265211825702591 0.25851497559158 0.252523080459301 0.245831900288023 0.239173699856136 0.23262285454626
0.469561059907026 0.376879115672261 0.263679632084017 0.179713912105527 0.132811410219418 0.0962770241758634 0.0625918138619958 0.0235929866464954 0.0231884488067025 0.0818884142099191 0.0568751036743413 6.79654172462034e-05 0.00225419551777385 0.00967255352107237 0.026845606642871 0.039857506519331 0.0507932813731177 0.0713263892991841 0.0939971853381747 0.121248758568158 0.138612880897569 0.149948380570959 0.105370553768014 0.0643369835375919 0.0439748616028103 0.154858476438667 0.362628390809211 0.49983910566171 0.601011902328412 0.599153883028502 0.594064137864173 0.586101471300068 0.52340859179178 0.461365120220593 0.452308499766378 0.455470302694133 0.471686054182409 0.48474363873693 0.494060532177945 0.481583435946564 0.465682954872817 0.445381897729038 0.426449613741629 0.40716162042502 0.377823907019961 0.349918560049278 0.324238265382733 0.302208126905608 0.282050178941825 0.275195365946099 0.267979515953138 0.260080383022034 0.253633192136445 0.247921568239934 0.241556697064497 0.234790139785887 0.22711373822092
0.487147063735613 0.431453777709727 0.349588996877174 0.270926288771097 0.196323239947801 0.143443282491978 0.102237364898379 0.118272401919098 0.111469593460883 0.069692193320649 0.0332411432096823 0.00100129351299051 0.033209703411117 0.049437217978425 0.0358702082967673 0.0304180177120122 0.0290145554456432 0.0418104621995452 0.0587637949189884 0.0847804265829231 0.112220525212149 0.140528546755314 0.117518900636099 0.0948659011168859 0.0828241765783955 0.149631940740622 0.274646815993739 0.375604090883295 0.459815856425649 0.492264119136575 0.523913054232808 0.554851407582313 0.515603082605465 0.467999470000259 0.441998375564653 0.44560624764399 0.480847818583899 0.493622623918773 0.498366852898265 0.484942809950925 0.467714476557046 0.445595933539256 0.424095104923893 0.402586043027827 0.378458401966555 0.353310456240578 0.32657755907296 0.303765441980193 0.282840274667339 0.271848412678434 0.262020148220194 0.254394057903826 0.248975858220512 0.244676195926612 0.237734984134951 0.229744335002527 0.219417190212961
0.490907351337007 0.465583345110708 0.431105628340131 0.368468907776368 0.270131573607628 0.206671910977337 0.163947627540726 0.237003489929806 0.220745216782412 0.067708479803923 0.0215112017316163 0.0201218809433013 0.0753067528898001 0.0969957851691079 0.0562357126552073 0.030058466803462 0.0111570335809496 0.0157042580177084 0.0254456579497624 0.0463130135220239 0.0821933626365201 0.127227504160565 0.128412385756879 0.126417423041189 0.123430019805978 0.143103146979848 0.179504397983491 0.235104279657425 0.29417285935474 0.357630597274715 0.431004310564483 0.513193071613454 0.511072892595183 0.489353661890841 0.445346008851629 0.445831986697664 0.493854176924739 0.503953721503601 0.502883106453317 0.488714630776874 0.470388740785843 0.446718719536306 0.422405575877115 0.398320845547453 0.379729297458684 0.357889561187606 0.331004056999971 0.30783859007621 0.286352943702504 0.270410944499964 0.256803099515929 0.247612773414218 0.242588414146516 0.239674571404012 0.232637696508908 0.223856151730555 0.211178582228254
0.490907351337007 0.468927104435153 0.461651143714227 0.434669171181565 0.382703476974909 0.346240735551598 0.321013252408141 0.371442972558855 0.35679529222183 0.242486043025987 0.189551192144314 0.16106641332929 0.124873991022396 0.0961888941752143 0.0815003341818167 0.052374395196175 0.0160452118163996 0.0247914614252022 0.033956162215213 0.0425231220591007 0.0695104201332094 0.10772905270425 0.116983716348178 0.122224801494162 0.121287310516984 0.128032872653324 0.140450105379604 0.131466735003227 0.125213160854844 0.138679600325741 0.23948114123761 0.417921347187138 0.442096657104429 0.43980862664628 0.444146327216011 0.450899355647656 0.460232877869748 0.478500990199601 0.495510774493524 0.48695052376849 0.47133867073054 0.446662364286836 0.423711930310901 0.401501773159918 0.381581943160798 0.360396995074196 0.337246799933487 0.313602617897303 0.290010602189823 0.275347774801007 0.257663147364299 0.234259592418716 0.224057239651741 0.220542735458832 0.218126857023668 0.213288149911607 0.202743052467327
-9999 -9999 0.482928662676472 0.471341491892127 0.445063847325932 0.428936725098613 0.418605237670448 0.439104527119877 0.423942029174564 0.354165953344575 0.319098213431597 0.295707921246658 0.200965412324477 0.13383538639132 0.118185629677125 0.073432141341134 0.0141579223541232 0.0426382537394076 0.057416995929259 0.0376710045170775 0.050879605500712 0.0841814341863333 0.0953265866325076 0.104567647737522 0.112448860297537 0.116846005338359 0.11867119324313 0.0809450550366624 0.0445751393580854 0.0308866487627878 0.133018672541672 0.338112162805646 0.373434677547459 0.378966825363889 0.3884258813153 0.395701424055343 0.400644139698847 0.439526750392449 0.481372479559526 0.483125052050033 0.472045996355047 0.444472576592716 0.424386933945723 0.406522825719755 0.386132997816843 0.365600512290044 0.344846420987575 0.320897075981079 0.295942079128581 0.28157860193702 0.263214310528606 0.237278251921824 0.222217776340607 0.212666969609665 0.211325927542698 0.207645443242992 0.198144916769032
-9999 -9999 -9999 0.471341491892127 0.445063847325932 0.440999319444107 0.442333750357701 0.423831025221901 0.405514049556502 0.387481536446404 0.400838771415041 0.42252136822696 0.309998625807489 0.219239178059903 0.16905486689984 0.092927284111414 0.0038558196099101 0.0713640448718402 0.0994454380248762 0.0314996519764386 0.0248618124890339 0.0556049399817719 0.0609661886725316 0.0701881761236917 0.0952946137039291 0.110482147497854 0.118347493867316 0.0963907892170269 0.0736285006389798 0.0611467790590098 0.132197606826701 0.277506728356474 0.305162989129567 0.304094970196071 0.264993201846832 0.265656814112917 0.308805059364296 0.383759430842281 0.458831175764673 0.476739461987707 0.472452018785904 0.439633165806544 0.42427782948267 0.413829227208752 0.39403534990631 0.374152438622483 0.354131221064036 0.330092256712505 0.304697531999258 0.289416512486233 0.274591619020254 0.260629969897589 0.241108635899065 0.218770715193801 0.214100344886602 0.208119722278902 0.198312644619479
-9999 -9999 -9999 -9999 -9999 -9999 0.447932091541146 0.420227500811507 0.428860180989909 0.493140895656499 0.496373701007722 0.473573940289546 0.405065825026408 0.336130669019972 0.266399345119429 0.182804204160979 0.0922919861792474 0.147531580664245 0.153742984495002 0.0422361025439121 0.0102179277864666 0.0266659781364274 0.0380296555581777 0.054281870371753 0.0855958038541663 0.104115057862999 0.113189211570448 0.0985923107183818 0.0812690958425917 0.0643193111778339 0.110205311876846 0.211950714027783 0.253482164663347 0.265062066034362 0.180246115166559 0.144560044739912 0.16136347414593 0.252461915590508 0.357703876736382 0.431588109891075 0.458472715467159 0.424941841643076 0.419879636478906 0.422111665637513 0.400240919921112 0.379258970034952 0.359657684455443 0.333086027185255 0.30403751653641 0.288154345712348 0.273805003773206 0.262358519754792 0.247290353703535 0.230387410736406 0.224457093832843 0.217252319577371 0.206595050266673
-9999 -9999 -9999 -9999 -9999 -9999 -9999 -9999 -9999 0.653241885620627 0.587975595896419 0.499007558250072 0.489880899097529 0.457147034134803 0.380400274312212 0.298409051769349 0.213801208390366 0.234233323367659 0.205099545197987 0.0584201991398048 0.00223246700497346 0.0012197035616988 0.019882370696451 0.0430842404662915 0.0757163706406597 0.0961822903063536 0.107667048796463 0.0959281256190042 0.0801140614520459 0.059441299609894 0.0827638138848559 0.145197000150101 0.201481875608873 0.22822315982329 0.111519145008016 0.0397087666788518 0.0158619596766673 0.110282663216597 0.234489332711896 0.362343749813763 0.423137696815333 0.397729036293393 0.407628045837182 0.42572656626589 0.403271762501226 0.382187594965642 0.363232587417656 0.333643003690349 0.300200751781725 0.284253843536378 0.269830746817616 0.258291549602334 0.249840527898937 0.242954003876446 0.236423311255979 0.228472352135182 0.217188795329106
-9999 -9999 -9999 -9999 -9999 -9999 -9999 -9999 -9999 -9999 0.587975595896419 0.499562433339392 0.508284331165621 0.515570491879119 0.520179887409261 0.458682831473937 0.364203270459922 0.274923203153645 0.181212542047607 0.0771396729050626 0.0294264425037426 0.0160770737708468 0.0158425433144658 0.0207549308645493 0.0380769028719549 0.0707546290936409 0.114768054584445 0.0845864811204901 0.0545431297310774 0.0580710829392444 0.0674893316376922 0.0821439019410543 0.0886283945554421 0.0921789377386776 0.0883502704889167 0.0856073747491339 0.0840244981866736 0.107207000334505 0.135638494051108 0.15755401866036 0.198688032212294 0.264526373918254 0.32237498228438 0.373783268593179 0.376663827065704 0.372660247119663 0.35796277789876 0.328364704244834 0.293351952142644 0.282272471915958 0.272211916188538 0.264079732708114 0.255665209184599 0.247107649638376 0.240206633342947 0.233138773531608 0.225609391119379
-9999 -9999 -9999 -9999 -9999 -9999 -9999 -9999 -9999 -9999 -9999 -9999 0.531970107951191 0.550617471823674 0.60403068101188 0.560253732062014 0.467985678033511 0.336584354232482 0.221876527271054 0.146887302590862 0.0864019723640929 0.0347600242771427 0.0238012204927785 0.0193295021301611 0.025988838047958 0.0593902982004597 0.112532936409855 0.0797527151351858 0.0489070716506717 0.0635604174797267 0.0649879689075841 0.0546581283541024 0.029184024089413 0.0144035971804023 0.0673217826819697 0.104930140572615 0.126181748017183 0.112753732266381 0.0882885008692333 0.0457880707582012 0.0609948873893643 0.150381248761859 0.230164367295778 0.30312564884082 0.329326732004731 0.344279083122113 0.341757541694894 0.318553096068036 0.287573320198327 0.28070344569145 0.274148768687864 0.26819062078737 0.259980540416665 0.250629610663 0.243835522698532 0.237415393325952 0.231757789524592
-9999 -9999 -9999 -9999 -9999 -9999 -9999 -9999 -9999 -9999 -9999 -9999 -9999 0.550617471823674 0.60403068101188 0.573814854414591 0.501873976231952 0.429686500430774 0.359318017399959 0.293138448866024 0.188027237200286 0.059178442594239 0.0497485507218819 0.0492440340090442 0.0522084906752008 0.0691102923233983 0.0963007160165777 0.0846758291079219 0.0731581985714718 0.0793338741956907 0.0816365939291904 0.0804963552170711 0.0498127956786991 0.0239873677652976 0.0495022509383337 0.0844093072785766 0.129350796177208 0.131227514231527 0.118150699964056 0.0734872165241032 0.0533706962744202 0.0648079696474189 0.127522704151744 0.204410745342831 0.250911625624703 0.287631500111296 0.3091574626496 0.301944964413719 0.283399127813164 0.279752624696342 0.275419483002418 0.269786838963863 0.26203299177817 0.253204523868474 0.247232880131904 0.241107606476682 0.23449961586765
-9999 -9999 -9999 -9999 -9999 -9999 -9999 -9999 -9999 -9999 -9999 -9999 -9999 -9999 -9999 -9999 0.510443500985322 0.512804244800892 0.500937148112843 0.456290159388547 0.363457382941541 0.241244543373653 0.129404264786027 0.0477725637234554 0.0514113293216271 0.0590057534487557 0.0695202656985423 0.0721577867666831 0.0735780261885721 0.073965660376458 0.0779264520016161 0.0850636889371021 0.0618320073166199 0.0376512052553166 0.0362664825021178 0.0493135804442352 0.0777793816921572 0.098133257616762 0.113238728420896 0.104481407093708 0.100177374075002 0.101597802332379 0.139915683443137 0.18919180437202 0.226162975499627 0.245103233486884 0.236034091179755 0.250208286661931 0.273376699969404 0.278452572272719 0.279446245803071 0.272714127259365 0.264746180671352 0.256152152404407 0.250512956919288 0.244802672828806 0.238798204133561
-9999 -9999 -9999 -9999 -9999 -9999 -9999 -9999 -9999 -9999 -9999 -9999 -9999 -9999 -9999 -9999 -9999 0.644798549753177 0.639250802428689 0.620953301266912 0.562413440834539 0.479336821507465 0.229529639779778 0.0371074207423284 0.0414769167010298 0.0418969009128984 0.0394013345893 0.0535549520481011 0.0654283406783285 0.0613760304755199 0.0671211603392451 0.081575963118004 0.0704686177513918 0.0528137560700905 0.0253484655657444 0.0100852368159901 0.00785847615194428 0.0470200833196367 0.0953962232834114 0.136141102198932 0.166567896901916 0.183731352376327 0.195538622077077 0.206034253048627 0.221828891903137 0.208427666280101 0.149673293607499 0.186709084146752 0.261260908847317 0.27702362150468 0.284456279126464 0.276123836431092 0.267689212135853 0.259202821716763 0.253701801724745 0.248484869880304 0.24380197757033
-9999 -9999 -9999 -9999 -9999 -9999 -9999 -9999 -9999 -9999 -9999 -9999 -9999 -9999 -9999 -9999 -9999 -9999 0.645814536951042 0.649165451447674 0.616427072900112 0.561684162358011 0.31342350141778 0.109683811147613 0.0706011468757397 0.0454682643799858 0.030633184836617 0.0552092249496924 0.0781542481286997 0.0774549842688292 0.0801621488129382 0.0858975408333739 0.0790089581450788 0.065243099082736 0.0282517384544128 0.0131542954511127 0.0214479288191759 0.05505239591897 0.0966634457395713 0.151077211216258 0.185571791604778 0.194461336839571 0.200071461583687 0.204008071687674 0.200233845808821 0.180046000303722 0.134361074378301 0.177143984654925 0.254523993022015 0.275812188527811 0.286844837561538 0.278468284825422 0.269846907903367 0.261101500831582 0.255686319776738 0.25179436010744 0.251315595313464
-9999 -9999 -9999 -9999 -9999 -9999 -9999 -9999 -9999 -9999 -9999 -9999 -9999 -9999 -9999 -9999 -9999 -9999 -9999 0.673949478149735 0.650077909792909 0.611651257494029 0.371111733273209 0.164177302689171 0.0919923923258155 0.0504498633262084 0.0315277028986672 0.0613190984899252 0.0894426613620628 0.0896401207918549 0.0890947620283675 0.0878890569443242 0.0835873543998323 0.0727986608575864 0.0320990433072656 0.0160836481954869 0.0264404420229661 0.0523782827565813 0.0857875105172669 0.145808255567257 0.18428895359881 0.195081086125363 0.196472966789977 0.193865544163965 0.179195506105758 0.158889859108238 0.1298298009805 0.179096787526225 0.258790856562579 0.281649768367113 0.2933187270037 0.283810066346833 0.274931195666376 0.266371382291361 0.261337111912856 0.258088025875541 0.258855502857301
-9999 -9999 -9999 -9999 -9999 -9999 -9999 -9999 -9999 -9999 -9999 -9999 -9999 -9999 -9999 -9999 -9999 -9999 -9999 -9999 0.646602523544262 0.602581456291793 0.381020863555658 0.185701364809936 0.0992845657182417 0.0580026572697836 0.0500395646695534 0.0755525926890995 0.0981101804297503 0.0947259014738993 0.0905368291133219 0.0856323160588753 0.0809421833138591 0.0714681591896895 0.0376675431658915 0.0187582838428174 0.0157586880082795 0.0301838066722888 0.0527717080622398 0.103700657039194 0.146018572430511 0.177267469852758 0.17804911383154 0.168924985418365 0.159172174682775 0.15090756968769 0.144954758331773 0.202049468342894 0.28312022943303 0.300339376649441 0.307241147420555 0.294616699700277 0.285351357337993 0.277787768170202 0.273672394492943 0.269822554063905 0.266443342966339
-9999 -9999 -9999 -9999 -9999 -9999 -9999 -9999 -9999 -9999 -9999 -9999 -9999 -9999 -9999 -9999 -9999 -9999 -9999 -9999 0.559239378648139 0.564082134853933 0.387558818652063 0.222206084478636 0.122964444207923 0.0669110549492166 0.0427394618302267 0.0672457531548507 0.0918409246921494 0.0950806236038302 0.0929424596730071 0.0860235136172577 0.0795916696697171 0.0691019879582578 0.0377005099535285 0.0171687025117735 0.00824985984976645 0.013753088911378 0.0283748004216223 0.0838558489762128 0.125462847476473 0.149235504973664 0.144138018447628 0.131707601563033 0.144527499067271 0.161593052173335 0.185253849033171 0.230477930558931 0.28348051834349 0.299836051865496 0.307619958694043 0.299181577179183 0.290976017991607 0.282888408703478 0.280132693659985 0.277043637595198 0.272944789176244
-9999 -9999 -9999 -9999 -9999 -9999 -9999 -9999 -9999 -9999 -9999 -9999 -9999 -9999 -9999 -9999 -9999 -9999 -9999 -9999 0.541412222894311 0.517558166834127 0.392453039158765 0.266015148664934 0.15463472255156 0.0764804247311336 0.0228538311804034 0.047948584083747 0.0782887210058013 0.0931285523579033 0.0958179093685672 0.087705806349083 0.0788724116268162 0.0662308397407197 0.0350344336244207 0.0134999527725222 0.00228810287341818 0.000132693486148864 0.00818033695836818 0.0748660445043441 0.11354452389055 0.116221226175178 0.102675575338072 0.0885042214390555 0.132505375561626 0.18138066098037 0.237827470564267 0.261576301870485 0.272153840479975 0.289974540034641 0.301395108754511 0.300703067867058 0.294262464087023 0.284909586286493 0.283728438801494 0.282064033030466 0.278916525972814
