layers/veg_krg/veg_5300.asc
NCOLS 255 
NROWS 330 
XLLCORNER -2985163.8955 
YLLCORNER -3022031.214 
CELLSIZE 25000 
NODATA_value -9999 
[rows 125 to 149 of 330, columns 168 to 223 of 255]
0.374653523842259 0.381648689926644 0.312498379258139 0.292530178794798 0.337557504910794 0.368980434751903 0.390521470266503 0.337783149092976 0.294148362924923 0.265065873138272 0.271768476597434 0.293396293370262 0.305496600817296 0.317047287304129 0.327525884376272 0.338719783700595 0.350287217607886 0.375525503204008 0.396946273712536 0.40830840223029 0.414167067827827 0.416522237247856 0.366159208337633 0.335024070135791 0.374750528102757 0.353122522623108 0.284277224734566 0.296329030451513 0.32424935240645 0.372673490383355 0.42358359311101 0.47679591889226 0.508161566925138 0.53171576210316 0.535878128731914 0.543420731593751 0.554725416794943 0.57342396326288 0.593034848291213 0.60419067535403 0.619081530346323 0.638977320517452 0.636529905371257 -9999 -9999 -9999 -9999 -9999 -9999 -9999 -9999 -9999 -9999 -9999 -9999 -9999
0.372454838047599 0.366307478728908 0.278232256470357 0.246635941996828 0.289678075056358 0.34170301462567 0.389628758600827 0.338193836215567 0.29729997466628 0.273256341228077 0.282909707203803 0.306479171211466 0.314598040407105 0.32329367957668 0.333114364966362 0.349279682716722 0.368758200720138 0.386926869202365 0.400868198237813 0.40469004440422 0.410398047139705 0.417306774296477 0.373628913757538 0.343873802709378 0.368317841116482 0.353362602014626 0.308086387023894 0.324263079685368 0.347424036597814 0.366026158176547 0.413542531145023 0.48783605616558 0.515120955160756 0.530432816509789 0.530329766387163 0.536481761487999 0.549595398777254 0.572781183820091 0.596865299624322 0.606625088654134 0.623184596510631 0.648855723504777 0.655392162406801 -9999 -9999 -9999 -9999 -9999 -9999 -9999 -9999 -9999 -9999 -9999 -9999 -9999
0.359705817444375 0.337054021155913 0.258936105225932 0.222313718849559 0.240528828928189 0.309131653901442 0.385108913263128 0.32794743503181 0.289234746106377 0.280013046087546 0.296706536753701 0.323815466927458 0.325590807606611 0.328751928543829 0.334616149350484 0.348574864392981 0.366760566725835 0.383075618514945 0.393371539531436 0.389259102271636 0.394957292434435 0.40690091318745 0.378702313774863 0.35513629069736 0.355028853269563 0.342809428408521 0.32126883569494 0.341678301845745 0.358901943683572 0.341428640834011 0.377260742417508 0.46245835931253 0.488308119332473 0.50222115887668 0.513972383912271 0.530598366441439 0.552649780156667 0.580703500369135 0.607432706527154 0.610473002654816 0.623184596510631 0.648855723504777 -9999 -9999 -9999 -9999 -9999 -9999 -9999 -9999 -9999 -9999 -9999 -9999 -9999 -9999
0.334244104241592 0.319725019864825 0.267524793477218 0.25359381776061 0.290236721220441 0.330420414144342 0.36651730440759 0.328931648290372 0.30112589448085 0.288953632153172 0.299828238349606 0.320224833805611 0.330248818942382 0.339879103026479 0.348741434718492 0.357690889315968 0.366685839951041 0.38466686432129 0.398344012333624 0.401079148965934 0.407334050479004 0.41582962899567 0.397541946214094 0.378654044662999 0.364169967224435 0.36600597368265 0.380401623404022 0.398052520676584 0.409990125113306 0.397528559405454 0.423068084352655 0.483799977551044 0.494010907927301 0.499230320404713 0.530741510186538 0.555627303004996 0.573139265360614 0.610617874755565 0.648644409422156 0.648230341897134 -9999 -9999 -9999 -9999 -9999 -9999 -9999 -9999 -9999 -9999 -9999 -9999 -9999 -9999 -9999 -9999
0.305229150092964 0.300665017496736 0.280837345292457 0.292727122886572 0.346532392573257 0.35346182764546 0.344145921272783 0.327593189864992 0.311299913045235 0.295421382811319 0.299804244914709 0.312871304043381 0.331493986977786 0.348029478052844 0.360493697359057 0.365520789399145 0.366664174623867 0.386782506104803 0.404219993935353 0.414013049385822 0.420654004413554 0.425288337076011 0.412042427509486 0.396484920507541 0.378044274612059 0.394637275677058 0.438191541819736 0.451502970359424 0.459070126015951 0.459718907315644 0.476745372214752 0.508939019486703 0.504644142318463 0.5023488059936 0.549540663077699 0.580037040432381 0.591951944450266 0.638773401386041 0.689029933505052 0.692264893546231 -9999 -9999 -9999 -9999 -9999 -9999 -9999 -9999 -9999 -9999 -9999 -9999 -9999 -9999 -9999 -9999
0.269503360780903 0.263849039558718 0.294288949097213 0.324699301566926 0.355070593548148 0.341761085933309 0.315074506453596 0.306243456103539 0.297361559373896 0.288398383055038 0.293375797801775 0.304379251970269 0.321595365918953 0.337508944995005 0.350881802464113 0.359389654374822 0.365356974899171 0.387036935549936 0.404416872307168 0.410447375484262 0.416210869205161 0.421804385109784 0.394927062019639 0.377507189335832 0.396463522039547 0.422094435677361 0.452861986846794 0.45991582748132 0.466940290581644 0.486310055287571 0.502162339144217 0.514757124880926 0.512694825551769 0.514316611292484 0.551493499042806 0.576788620765966 0.588859760776354 0.640990701140267 0.696656669555771 0.695042019921595 -9999 -9999 -9999 -9999 -9999 -9999 -9999 -9999 -9999 -9999 -9999 -9999 -9999 -9999 -9999 -9999
0.262601543086373 0.256677020730644 0.307210152501989 0.339148287539855 0.346512617196216 0.322399496676389 0.290076570478661 0.290596791525256 0.289175795198893 0.284651699852752 0.292049237763754 0.304491986303498 0.317180181138958 0.329695329921619 0.34187293546104 0.354646957646131 0.367732431727728 0.392187899800756 0.411677482891454 0.418479931982174 0.423973008788528 0.428632541177537 0.398737313064198 0.382416322876999 0.415501609522442 0.440806761145084 0.46012446067841 0.466014709840641 0.475170248569719 0.504349178415847 0.517745888354362 0.516526867922093 0.511648341071775 0.513819785160849 0.558226112668216 0.587397927621034 0.599614273583483 0.640378772016063 0.682582307735736 0.675165218039037 -9999 -9999 -9999 -9999 -9999 -9999 -9999 -9999 -9999 -9999 -9999 -9999 -9999 -9999 -9999 -9999
0.28546607837964 0.280118151350916 0.319583614403954 0.335501171194769 0.320299514902421 0.29512659334974 0.26928529314103 0.280839654340095 0.286930697765238 0.284288450284806 0.295991367744961 0.313490835047135 0.318427710090011 0.324677133789917 0.333486811962199 0.351338093317708 0.373910947217023 0.402395487940092 0.42623276990818 0.438489915625987 0.444339466839362 0.446109953075151 0.424157330330965 0.411993286939575 0.435178769641707 0.450488345291985 0.459736764420599 0.469723963508205 0.483771763196671 0.51355667370205 0.523174522523872 0.514115889984814 0.501207262781587 0.500450804423081 0.569894775736351 0.612318030528787 0.624668191782715 0.63684511417952 0.649162451444014 0.662996032721567 -9999 -9999 -9999 -9999 -9999 -9999 -9999 -9999 -9999 -9999 -9999 -9999 -9999 -9999 -9999 -9999
0.276184780728424 0.268588615343873 0.290616830288126 0.300408577628357 0.294029492686755 0.286190963691739 0.279076178552878 0.288911223585805 0.294320807523728 0.292656148166038 0.301857270319008 0.315573113104912 0.325591185068975 0.33486093550351 0.342671011637598 0.361010002041883 0.38484724663039 0.410251280858647 0.432808610402131 0.448399737174491 0.444278913646302 0.427609492347876 0.412671365834521 0.406098646878026 0.424614985279711 0.446182996618145 0.470099520604174 0.476499604543519 0.48340829724574 0.501541956075336 0.506337456467239 0.498780643400751 0.509081025694482 0.528688156805765 0.580044940071959 0.615959391640016 0.634687078924725 0.639660165820159 0.640858408339529 -9999 -9999 -9999 -9999 -9999 -9999 -9999 -9999 -9999 -9999 -9999 -9999 -9999 -9999 -9999 -9999 -9999
0.261585983809614 0.251105285308351 0.256616378773345 0.262802616443174 0.269881075958043 0.281323921917678 0.293828519524949 0.300710089114761 0.304657121797318 0.303913201922338 0.309676090671964 0.318371905469078 0.335604656904151 0.349539344588124 0.357040836501631 0.373207995671521 0.393900411675001 0.415556267509452 0.436207039877675 0.454372845549065 0.441458408948292 0.408758337089299 0.398447364643148 0.395610799956924 0.410340756729658 0.440291295271098 0.481955319998131 0.483925121784735 0.482851084220834 0.490549430767154 0.493387687363516 0.491725071161109 0.526854756017755 0.566490697515301 0.591719831552567 0.616725728818238 0.641483171520973 0.649182770425481 -9999 -9999 -9999 -9999 -9999 -9999 -9999 -9999 -9999 -9999 -9999 -9999 -9999 -9999 -9999 -9999 -9999 -9999
0.26213384515017 0.248948338301336 0.254388378153765 0.25832519113429 0.260275447993087 0.274868631090207 0.293507622991585 0.309408590293847 0.319665446703908 0.320900008536817 0.327723553773325 0.337103886846584 0.355578067864393 0.37054151901377 0.378656948340247 0.381870136672581 0.382523349078964 0.407243916002096 0.430712682277534 0.449669836681925 0.452479588086788 0.445009927146067 0.424547237504543 0.410517790320649 0.419116077477234 0.445944475317009 0.486802438707848 0.490877431864311 0.495299892164588 0.520432291892525 0.542497124736235 0.561721119552298 0.582797945325117 0.602963146183007 0.616207289751446 0.63191094644085 0.650351953492112 0.653181092933426 -9999 -9999 -9999 -9999 -9999 -9999 -9999 -9999 -9999 -9999 -9999 -9999 -9999 -9999 -9999 -9999 -9999 -9999
0.266943442887669 0.254070382287076 0.257145938989391 0.259066949654178 0.259462195618017 0.271625343961975 0.288356743172463 0.313748998778395 0.33030487586643 0.33273551489547 0.340072892000084 0.34962083812897 0.365553474202233 0.378291596968281 0.384798509227913 0.383191293439702 0.377346837481663 0.407396014469968 0.434615917503312 0.45278509233433 0.462614287711867 0.467134264773707 0.448056619458991 0.433589897416481 0.438665596698096 0.462346143630209 0.500344646948672 0.505439998293666 0.512107085596073 0.542306985506955 0.571845269999399 0.600770840144831 0.616547386062195 0.629159877104802 0.638467194033936 0.65025936586093 0.664817092543413 0.671801070896985 -9999 -9999 -9999 -9999 -9999 -9999 -9999 -9999 -9999 -9999 -9999 -9999 -9999 -9999 -9999 -9999 -9999 -9999
0.277045917462164 0.268232591884628 0.266095333455225 0.266290689841243 0.269568661584808 0.272371214866192 0.27720725051689 0.312676860421018 0.335518341305898 0.338173347802513 0.345345426231007 0.35441901336146 0.363111827453439 0.369583192294909 0.371721403200859 0.375395291895384 0.379871119575256 0.41806056303774 0.45019052250867 0.465610266040485 0.471648021334826 0.471713217096391 0.468348733135731 0.466802696755442 0.471596165384465 0.492096930538229 0.524685748806616 0.529454146380261 0.534327189504907 0.554235910453983 0.576650816768953 0.601386672214115 0.622733231402331 0.642594648258309 0.657960580768397 0.672536333639038 0.686232644760199 0.683046322851105 -9999 -9999 -9999 -9999 -9999 -9999 -9999 -9999 -9999 -9999 -9999 -9999 -9999 -9999 -9999 -9999 -9999 -9999
0.280130492160771 0.27304481771805 0.270434729930686 0.273098034531397 0.282730273846226 0.283736642746924 0.283640626357948 0.308572253503587 0.327842410258808 0.338062522715152 0.347386496687784 0.356204568516316 0.359066910232873 0.362050290517521 0.365269768362149 0.370569405870742 0.376955313652104 0.418158174259672 0.449764955700199 0.456059314382545 0.463326303330624 0.471212467235914 0.489895433964038 0.507702831316614 0.520329519847277 0.530821551745931 0.539670790264542 0.551047766904861 0.562680336082312 0.573999537667005 0.587975245713535 0.604411113509565 0.621870365934495 0.640103757293396 0.661466896938605 0.679612670678242 0.694177630942734 0.697364977020679 -9999 -9999 -9999 -9999 -9999 -9999 -9999 -9999 -9999 -9999 -9999 -9999 -9999 -9999 -9999 -9999 -9999 -9999
0.281780696489024 0.275235789890932 0.27350078905792 0.279533917119905 0.295832843578102 0.298045279523965 0.296291088454413 0.305146528717598 0.317732639578771 0.33628234855987 0.348170703061658 0.357011800672641 0.355019241331547 0.355597031969467 0.361188541522947 0.366827339021899 0.372490830533679 0.414471752349738 0.443981061881759 0.441146290584329 0.452497471437978 0.47287940799147 0.514105818020407 0.551362756127637 0.571672671255926 0.571610407695963 0.555870081545388 0.576390199576537 0.597288202544535 0.600631362049863 0.604537530618395 0.608965095334761 0.620647831426746 0.635907068526556 0.662951804633307 0.684403508217278 0.69963036613175 0.710842700343569 -9999 -9999 -9999 -9999 -9999 -9999 -9999 -9999 -9999 -9999 -9999 -9999 -9999 -9999 -9999 -9999 -9999 -9999
0.291622847864707 0.280399706771537 0.278245862822767 0.283254069916722 0.29772712666776 0.30859749780016 0.317749426083414 0.31978130244533 0.324911405500736 0.334994124553482 0.346058619883363 0.357281573474891 0.356476218438486 0.35715689407847 0.360736217829468 0.364949048431688 0.369492699630036 0.404958708822959 0.43352681274961 0.443534499934053 0.473557281147192 0.516321640969758 0.563767638821841 0.599339152342299 0.597635990513682 0.604496901388515 0.6179485687028 0.652005651095179 0.680656123279728 0.677007502436836 0.657158039764604 0.622305165826816 0.639739998591335 0.667622185648931 0.697031650900594 0.716121204545756 0.723725064730044 0.722759400649207 -9999 -9999 -9999 -9999 -9999 -9999 -9999 -9999 -9999 -9999 -9999 -9999 -9999 -9999 -9999 -9999 -9999 -9999
0.298679484898364 0.28599434263459 0.284937524116236 0.289510221521385 0.301522480797881 0.316615615176082 0.331440216971663 0.328074640898855 0.327399849157493 0.331026363564356 0.340669440936025 0.352645597915527 0.354755446640276 0.357308491720332 0.360726034618991 0.363919116136081 0.366994982743948 0.394836941843089 0.421385546227058 0.443278980598367 0.488727164651952 0.549170266754477 0.600603016517927 0.638082078135107 0.635136829737547 0.645232785465315 0.665365017512008 0.700205366786943 0.727001491519289 0.714123229141022 0.685163255146158 0.641310194990742 0.66935931784617 0.709813377168156 0.741694029183576 0.756263407182767 0.75156595477206 0.756688801581879 -9999 -9999 -9999 -9999 -9999 -9999 -9999 -9999 -9999 -9999 -9999 -9999 -9999 -9999 -9999 -9999 -9999 -9999
0.301559963910417 0.292234730166002 0.294547589741628 0.299568447164715 0.308167999063034 0.32083450393467 0.333485581325881 0.326860637965086 0.322856368168872 0.323041330182909 0.330367104810866 0.340654722019366 0.348270462581282 0.355348761173265 0.361378726661713 0.364161077595877 0.365247507198212 0.383802551548662 0.406715033632707 0.439059874147031 0.495066627794391 0.566136519581485 0.618208461538795 0.662981804132579 0.689935194890074 0.697736799443039 0.690799533528027 0.707302280255029 0.717841121643594 0.692378123912278 0.676264206579616 0.668808363910809 0.714761377826122 0.767710731627281 0.80222217606068 0.809035977241551 0.785023289580528 0.772271220076631 -9999 -9999 -9999 -9999 -9999 -9999 -9999 -9999 -9999 -9999 -9999 -9999 -9999 -9999 -9999 -9999 -9999 -9999
0.307165737618739 0.299764065354047 0.301703915369005 0.307895611109639 0.3197062392369 0.329278731090536 0.337026507050258 0.329774508147602 0.323261887246878 0.317931186096615 0.321895184401545 0.329703649370453 0.333530023776934 0.334899319977227 0.331475844928485 0.339670148039425 0.353931315761338 0.383455354618751 0.417431723031921 0.461206073439942 0.517473580712141 0.581694212762899 0.629971459254442 0.671214571991472 0.694732796712823 0.700020326789949 0.691277841910093 0.706460874489587 0.720351557893207 0.716536824441649 0.70981039276526 0.700387471214549 0.745593706975713 0.796879894557587 0.823450442537276 0.823618984268684 0.794403034922786 0.788305549929718 -9999 -9999 -9999 -9999 -9999 -9999 -9999 -9999 -9999 -9999 -9999 -9999 -9999 -9999 -9999 -9999 -9999 -9999
0.314050183664145 0.308024851035521 0.308108949526909 0.315616059118568 0.332932884341657 0.339160757157389 0.341019283723246 0.333813402667142 0.325047300678217 0.313787134853515 0.31423054269224 0.319438003481005 0.316032625973712 0.307830678224713 0.290272551298948 0.305906428653622 0.338873344509161 0.386626544034026 0.436853248105898 0.492132526736507 0.544922471525597 0.596127710153358 0.638649143356959 0.672104561650004 0.679953913142801 0.683591395104833 0.683987497971516 0.704291916914385 0.728542281734983 0.758000520806843 0.759102241902955 0.733943321377424 0.770579610063393 0.813930769318754 0.828439235189715 0.830940768686413 0.820079014791255 -9999 -9999 -9999 -9999 -9999 -9999 -9999 -9999 -9999 -9999 -9999 -9999 -9999 -9999 -9999 -9999 -9999 -9999 -9999
0.326505022609444 0.322295640321056 0.32015493247231 0.32527269942561 0.339982742715848 0.34316763170775 0.341412343970472 0.324663134856932 0.311847913388341 0.305321298942811 0.308934347875396 0.316561326999387 0.311405060587205 0.297745217963378 0.26749831861563 0.283708563534005 0.324178972538931 0.371787054929491 0.422735347411741 0.481301427006481 0.538693474543396 0.595338135046641 0.626216974257976 0.651640209605021 0.666434651391958 0.693739575337989 0.730672341515843 0.749759910181856 0.766036070342715 0.780525597349541 0.784074984100723 0.777492834152311 0.792148477728977 0.808512404096227 0.811701518917871 0.814628050851277 0.817262337397571 -9999 -9999 -9999 -9999 -9999 -9999 -9999 -9999 -9999 -9999 -9999 -9999 -9999 -9999 -9999 -9999 -9999 -9999 -9999
0.336580395694282 0.333610596696419 0.330442379588396 0.333707469102453 0.345474352252536 0.345996577616773 0.341509324390238 0.319745483466591 0.305058408685908 0.301683774432162 0.306070056407554 0.313409424555087 0.305377600172184 0.287915631531012 0.252059244608218 0.263984810450563 0.300862362317228 0.356729114495594 0.41440256526081 0.475259203082007 0.534317248090075 0.592230311631558 0.625099827000197 0.652332325882803 0.668215127449857 0.706971089502341 0.763329824789015 0.781659902220255 0.792864259955615 0.795755860517892 0.798298122488422 0.80051686605058 0.803390780145414 0.805559188457858 0.803195332402001 0.803198654278763 0.805836560746762 -9999 -9999 -9999 -9999 -9999 -9999 -9999 -9999 -9999 -9999 -9999 -9999 -9999 -9999 -9999 -9999 -9999 -9999 -9999
0.342317436062841 0.339536366014664 0.337523597252805 0.339914477743458 0.348124903203689 0.346677879196425 0.341066480800153 0.322544899421026 0.309955645868989 0.306849411025567 0.307639703680806 0.30975571966087 0.296797797862927 0.278552564001861 0.249993911065655 0.248771952593075 0.261825359163867 0.341272885284019 0.416617431412242 0.477948239784821 0.533319063379127 0.584895769671039 0.644612658198835 0.69159772039529 0.697890667769481 0.725824255437873 0.770412090952081 0.788822198036704 0.800246523561819 0.797685942310689 0.79292217409317 0.786118060040549 0.795805295783485 0.807100527361827 0.809697184218917 0.809748692069817 0.806967539873618 -9999 -9999 -9999 -9999 -9999 -9999 -9999 -9999 -9999 -9999 -9999 -9999 -9999 -9999 -9999 -9999 -9999 -9999 -9999
0.338431501920159 0.335180661021299 0.335877123904681 0.340303621698437 0.349659464372835 0.347308116817256 0.340606533329456 0.328004975889952 0.318376579676955 0.3135008782503 0.311816907089641 0.311299347255049 0.302207131142484 0.292497605189313 0.28158395604285 0.272650353547339 0.264750741784792 0.344464830752111 0.421143969596876 0.485071965175418 0.546175143034676 0.605480046203045 0.673060965829283 0.724344679484228 0.724039865069491 0.738380151844726 0.763991045294671 0.778034284231905 0.787831765217851 0.786847604105208 0.787979836276099 0.791072035661473 0.801395188606502 0.811557186960875 0.813191568504079 0.81405244832582 -9999 -9999 -9999 -9999 -9999 -9999 -9999 -9999 -9999 -9999 -9999 -9999 -9999 -9999 -9999 -9999 -9999 -9999 -9999 -9999
0.329853549360442 0.325811862959052 0.329975158980523 0.337856061864712 0.350649885618895 0.347913456415656 0.340138246262438 0.334762350623659 0.328515615246562 0.320876814263622 0.317265515862514 0.315377116421205 0.314437357665021 0.317807331509907 0.329583860119481 0.315589067513499 0.288136355973991 0.356749347227102 0.4267976444835 0.494357978429563 0.565786354742804 0.639677120981135 0.705866078097844 0.753913346973017 0.748469670265379 0.747865593833242 0.750985986796055 0.758494116741501 0.765764275124037 0.769783575317429 0.783248920490363 0.805462138098195 0.813409198248169 0.817435313319176 0.815219556610894 -9999 -9999 -9999 -9999 -9999 -9999 -9999 -9999 -9999 -9999 -9999 -9999 -9999 -9999 -9999 -9999 -9999 -9999 -9999 -9999 -9999
