layers/veg_krg/veg_5400.asc
NCOLS 255 
NROWS 330 
XLLCORNER -2985163.8955 
YLLCORNER -3022031.214 
CELLSIZE 25000 
NODATA_value -9999 
[rows 225 to 249 of 330, columns 56 to 111 of 255]
-9999 -9999 -9999 -9999 -9999 -9999 -9999 -9999 -9999 -9999 -9999 -9999 -9999 -9999 -9999 -9999 -9999 -9999 -9999 0.263182438283013 0.262072401857781 0.239939539280099 0.204988541137369 0.168536662724511 0.130649619493469 0.0888997274400464 0.0588230798616198 0.0373636833160597 0.0481385180021395 0.0607855482914019 0.0660571270659453 0.0669741571965305 0.0640201052767105 0.0696517475201397 0.0787639063692718 0.0976348794733919 0.108054680432203 0.10944539776769 0.109954685403985 0.110627906202637 0.114116850623728 0.116748699956695 0.118278799907629 0.130985816894538 0.146722388804914 0.155082953948288 0.165833514114677 0.180296716385219 0.181102640415725 0.176268984456147 0.16960746434282 0.16357393123066 0.15872889903824 0.160521321680049 0.165676339049819 0.181303098769189
-9999 -9999 -9999 -9999 -9999 -9999 -9999 -9999 -9999 -9999 -9999 -9999 -9999 -9999 -9999 -9999 -9999 -9999 -9999 0.263806272390626 0.264753756728536 0.255436381170174 0.239860267383543 0.185192324448493 0.131582026914379 0.0883239441995446 0.062610912944082 0.0498497318048244 0.0594130307255479 0.0694964500719589 0.0715745049715838 0.0693840928898052 0.0633991231476398 0.0637836015650172 0.0689948483809329 0.0927689419034812 0.105909087927055 0.107688111544957 0.11145115731373 0.115224730988172 0.115456146535559 0.115756455395508 0.116145322882843 0.121300083035095 0.12804594672318 0.135413423272065 0.146715569960773 0.164129872485119 0.173057068308344 0.178414285090132 0.180340757169004 0.176824556724516 0.163007790682594 0.159587802935553 0.161434917226158 0.169133028504312
-9999 -9999 -9999 -9999 -9999 -9999 -9999 -9999 -9999 -9999 -9999 -9999 -9999 -9999 -9999 -9999 -9999 -9999 -9999 0.264880763265815 0.265135321147286 0.26043403960148 0.252711060537141 0.19239017257043 0.135573057472198 0.0986914880897004 0.0744953290597003 0.0596636072859011 0.0682249231719172 0.0763042366437933 0.0721629462355914 0.0686168577247595 0.0655998884337742 0.0679068551541418 0.074179341621475 0.0956198198038645 0.107439477321063 0.108980419316034 0.113339236286606 0.117642808695531 0.116398402089902 0.115014098573582 0.113449965144528 0.115000702240161 0.117801436377302 0.123652616702736 0.132819898819975 0.147138446532063 0.15299644789758 0.155826451163678 0.173876938016228 0.181540412927027 0.169545880230693 0.163156172251179 0.159605919230626 0.163047304106269
-9999 -9999 -9999 -9999 -9999 -9999 -9999 -9999 -9999 -9999 -9999 -9999 -9999 -9999 -9999 -9999 -9999 -9999 -9999 0.264532275631978 0.263637456566007 0.258983367055777 0.252037157645457 0.193779272548824 0.141442616431599 0.115780144684028 0.0913524601855532 0.0678363021885958 0.0755243369879813 0.0819431783429367 0.0697241601961846 0.0658982851680572 0.0695336990884573 0.0781665717775446 0.088547925032853 0.103210169153277 0.111227561139054 0.11214571001905 0.115467830340099 0.118722755458665 0.117096805572667 0.114425216434348 0.110409514587836 0.110781133218277 0.112735603670678 0.116749146977493 0.122131614708182 0.129640583291189 0.125556490944196 0.118048156153186 0.156851090842462 0.181014431283847 0.177471511570314 0.169489486512011 0.159258570485409 0.160698429919674
-9999 -9999 -9999 -9999 -9999 -9999 -9999 -9999 -9999 -9999 -9999 -9999 -9999 -9999 -9999 -9999 -9999 -9999 0.280242452224657 0.277913965087277 0.270234181995261 0.263613156814854 0.257637682443988 0.204131414984101 0.157205477240031 0.138150497207717 0.114234262406128 0.0867294235303845 0.0888567098188687 0.0905104744960807 0.0771956236076936 0.0735006669478307 0.0783575495070576 0.0883194480248927 0.0986948084332558 0.106518995321083 0.111065267848126 0.112109474346373 0.11481791412251 0.117133720685183 0.113520910480396 0.110711634109174 0.10893525702397 0.109856567929811 0.111721097417357 0.11447351244803 0.118069480939324 0.122975833789098 0.124142506584771 0.124278160247577 0.141936440402274 0.158579186570846 0.173299977230315 0.174578458156442 0.1690469432378 0.164916745235344
-9999 -9999 -9999 -9999 -9999 -9999 -9999 -9999 -9999 -9999 -9999 -9999 -9999 -9999 -9999 -9999 -9999 -9999 0.285094358622124 0.280991623568486 0.275251814262813 0.269446063901558 0.263600107652493 0.215112640845148 0.173343872856021 0.158932616794856 0.134479905610107 0.102614538953221 0.102293024151613 0.102019903138289 0.0878738465250873 0.0840223879727082 0.0893225630401945 0.0985808018687954 0.10731239410275 0.10979229422192 0.111708190589942 0.113021515273774 0.115176309865644 0.116593849928032 0.111045191186111 0.108013340418848 0.108216710188019 0.109221791042143 0.11052296089974 0.112286589651293 0.114573996112004 0.11767504408975 0.123292160743081 0.129764411242897 0.130117429578468 0.138990057674373 0.163986529125577 0.172817041724094 0.173457733168553 0.169048651500165
-9999 -9999 -9999 -9999 -9999 -9999 -9999 -9999 -9999 -9999 -9999 -9999 -9999 -9999 -9999 -9999 -9999 -9999 0.290799869744359 0.290711260550363 0.284901073026007 0.277603515483842 0.269399071760658 0.226186917342326 0.188656233519609 0.174063422858497 0.145877568235867 0.107657256409149 0.114861334097708 0.121531126316984 0.105969763978743 0.101044880163012 0.105575552928361 0.109178871710124 0.11229459403187 0.113792991260838 0.115463232820321 0.117317069838959 0.119011003327803 0.11962801857017 0.112603634982388 0.10887884928283 0.109395518218446 0.108791695067277 0.108003719253669 0.109459982379932 0.111443201811188 0.114245000421953 0.119032950631935 0.124543820347416 0.126905941162268 0.131943098368997 0.142042913252036 0.15134274618106 0.160237301007526 0.171654410702295
-9999 -9999 -9999 -9999 -9999 -9999 -9999 -9999 -9999 -9999 -9999 -9999 -9999 -9999 -9999 -9999 -9999 -9999 0.295581855127036 0.29454157773744 0.290552853180469 0.281213452807414 0.268611613432208 0.220870717999921 0.18239790574234 0.177241447372808 0.155320611041932 0.121024221914898 0.13080335636232 0.13958846515816 0.125027963529018 0.116967396233607 0.114685103837714 0.11645025045621 0.118600319951288 0.119015841599701 0.119610387859987 0.120396200865696 0.120800332562727 0.120341988667583 0.114226558774748 0.110440507828925 0.109648747541107 0.108445603248315 0.107267483895662 0.108079229832988 0.109256826176438 0.111002738189384 0.114612789792231 0.118956875120163 0.122295493805028 0.124007901858425 0.122642614310482 0.130954105312662 0.144167939961458 0.16019845841932
-9999 -9999 -9999 -9999 -9999 -9999 -9999 -9999 -9999 -9999 -9999 -9999 -9999 -9999 -9999 -9999 -9999 -9999 0.294687780042289 0.293993804069542 0.293232927747589 0.28144279079479 0.262927841634382 0.203369920965039 0.160104036155669 0.171533833916015 0.163310599258379 0.140579391751759 0.14925337947655 0.156564993660611 0.144801518772974 0.132072195563017 0.118484257968506 0.121248583694685 0.125889948466649 0.125147234583944 0.124049037599257 0.122571048723068 0.121069148269711 0.119331134781187 0.115897416673425 0.11251968056395 0.109213906285632 0.108161959698348 0.107856726486911 0.107773318450585 0.107772526650515 0.107900071735778 0.110072978986596 0.11309758391655 0.116645067373861 0.115412394255808 0.105133004444952 0.111372534694868 0.125980699443283 0.138289100207767
-9999 -9999 -9999 -9999 -9999 -9999 -9999 -9999 -9999 -9999 -9999 -9999 -9999 -9999 -9999 -9999 -9999 0.304489562116253 0.297244672509008 0.290842777813918 0.286628884574616 0.272675748077566 0.252784354779385 0.204675574546627 0.167987125493468 0.169535845785432 0.169695084530469 0.168828600622217 0.160523767070401 0.151521414495643 0.14323039711539 0.134305833998503 0.124818064972182 0.125625794493284 0.127673036529342 0.126621566438735 0.125861539779987 0.125412886155948 0.123014209228777 0.120279676574406 0.118628741989204 0.116325848961652 0.113184898615926 0.111206944867331 0.109556464123308 0.107292503005153 0.105331564459299 0.1038413441993 0.105244109254276 0.107862887423009 0.111620214171389 0.112684690050062 0.10865279334551 0.109704745768357 0.113332222198596 0.129926289154481
-9999 -9999 -9999 -9999 -9999 -9999 -9999 -9999 -9999 -9999 -9999 -9999 -9999 -9999 -9999 -9999 0.305964471617384 0.305027045940011 0.296738557436006 0.288674667245422 0.281381261405203 0.265124779031313 0.2434032878496 0.206530004463007 0.17608515857152 0.167027189933883 0.172533992408306 0.188792586227259 0.16949932510588 0.149317395115553 0.141658779537056 0.134915045253123 0.128984616973372 0.128755085070442 0.129202413009985 0.12788601963343 0.127291481089842 0.1274681595489 0.124287064441369 0.120705898837033 0.12030363601078 0.11888341281054 0.116154656603268 0.113338451668563 0.110418135070214 0.106543520614448 0.10308370109961 0.100268228182758 0.100937132882809 0.103075286083548 0.106748186746635 0.10998528560471 0.112397604897095 0.109887379380209 0.104883348084269 0.124573833951821
-9999 -9999 -9999 -9999 -9999 -9999 -9999 -9999 -9999 -9999 -9999 -9999 -9999 -9999 -9999 -9999 0.306955060045141 0.307502457278319 0.299125535695087 0.291404972897185 0.285501588221416 0.266280814837141 0.238940101127042 0.201835341573118 0.171165127259522 0.160893457904722 0.162742138432664 0.173538125578699 0.173113622956559 0.167908792939658 0.149866341601087 0.135298448053098 0.123819347258608 0.12737281756961 0.132298655915772 0.130493317016759 0.128482619945417 0.126252521815995 0.122257643493894 0.11826514928418 0.117509937858306 0.115942478608036 0.113330918707805 0.110500915453526 0.107611501764445 0.104863724211287 0.102002185022558 0.0989639273745926 0.0987301015506693 0.0996869726183048 0.102165632662082 0.104703688475266 0.107354154141576 0.108837055569519 0.109728458380817 0.124362508714168
-9999 -9999 -9999 -9999 -9999 -9999 -9999 -9999 -9999 -9999 -9999 -9999 -9999 -9999 -9999 -9999 0.315398913886747 0.313655293045215 0.305156583921251 0.296608408692753 0.288180248674535 0.266285935381762 0.236180976338448 0.202939789816269 0.173879814863017 0.157475881192801 0.15672594252218 0.167531866051455 0.178871762482966 0.182549042573909 0.157397274429784 0.140732373129754 0.131612078766184 0.134092802044362 0.137502682099489 0.135062499228574 0.132407610739519 0.129523334545749 0.12524673575289 0.120980318514176 0.119329100727178 0.117098614427977 0.114123509784565 0.110659599433779 0.107139081176997 0.10489622186876 0.102357423466638 0.0993589103246765 0.0983219343466373 0.0981248566223319 0.099240633670747 0.100835722780164 0.103337937075747 0.107019283506456 0.111297988955068 0.118974030120726
-9999 -9999 -9999 -9999 -9999 -9999 -9999 -9999 -9999 -9999 -9999 -9999 -9999 -9999 -9999 -9999 0.31911165652235 0.322933177743708 0.31444945724327 0.304025555542513 0.289568466417862 0.265260865969516 0.234947165836163 0.209235051188221 0.183428377222846 0.156489548572801 0.15408935686659 0.169803717203073 0.186548865323086 0.193652599872523 0.164322553075016 0.150687045738171 0.151003581417276 0.148065152435693 0.144593395546262 0.141387774277942 0.138779685959003 0.136809991329708 0.132727924066194 0.12831057621119 0.125277258368114 0.121922057939431 0.118153094855132 0.113500214966934 0.108756025967398 0.106461402429941 0.103998708006413 0.101274930592294 0.0995239393429467 0.0981973790359016 0.0977993204619723 0.0982331055911228 0.100241201978871 0.104514564707471 0.109935531878649 0.108951455888742
-9999 -9999 -9999 -9999 -9999 -9999 -9999 -9999 -9999 -9999 -9999 -9999 -9999 -9999 -9999 -9999 0.333381761049559 0.33341152717027 0.323688715744721 0.312818733456886 0.299649737409813 0.277386359242223 0.249577912012282 0.220957342922389 0.193704902345166 0.170553656323748 0.166026446308528 0.175247598529215 0.188591349929012 0.197825121530967 0.189886811644062 0.178412227713933 0.163793986864727 0.159733360030341 0.157360763875487 0.153913884404911 0.150011203569755 0.145621552576418 0.14122855380596 0.13688775991831 0.13293764174696 0.128739816685084 0.124223577812018 0.119099412197191 0.113868799224107 0.109773560575931 0.105827850928588 0.102114421122392 0.0994028858551521 0.0971300052848679 0.0958669156560169 0.0962348541548015 0.0996896056389097 0.103888841412414 0.108465239668992 0.112635508051466
-9999 -9999 -9999 -9999 -9999 -9999 -9999 -9999 -9999 -9999 -9999 -9999 -9999 -9999 -9999 -9999 -9999 0.342289664887148 0.334249383394133 0.325086387980884 0.313621347197001 0.293527847705714 0.268173364147542 0.234258481705545 0.204326751643958 0.187492064162353 0.180756542866809 0.181476279656053 0.191780376104211 0.203485875067124 0.21615030901472 0.208208525097376 0.181948342047122 0.174662799153023 0.170834463270573 0.167211169407695 0.162024183246766 0.155166575747459 0.150280882031084 0.145843190903164 0.141108095296435 0.136146687782543 0.130894368551481 0.125211713438506 0.11938412423374 0.113484478749068 0.108028831284187 0.10326289477124 0.0996318504096858 0.0964960332539534 0.0944458567174881 0.0947754145816105 0.0996087544007406 0.103583833673318 0.107124110380585 0.117767882537951
-9999 -9999 -9999 -9999 -9999 -9999 -9999 -9999 -9999 -9999 -9999 -9999 -9999 -9999 -9999 -9999 -9999 -9999 0.351609275290189 0.353818067773757 0.33936246072063 0.317926780007299 0.292235176242437 0.250566435148779 0.216034012929533 0.205086107303258 0.196171348963791 0.188757470743363 0.206076296174266 0.223206854206432 0.228615955932668 0.232023313167167 0.23365117089321 0.20839656956148 0.182625873181864 0.17866888951672 0.173500158657543 0.167036818416716 0.161201081457698 0.155568581044288 0.150288206144722 0.144704060288316 0.138729433295553 0.131374089110362 0.12369783846212 0.117604139248562 0.111953956058876 0.106992735083855 0.102881507907501 0.0991379613047959 0.096094199046845 0.0955048270587339 0.0995605274808554 0.103165921504604 0.106543186228953 0.117524807336666
-9999 -9999 -9999 -9999 -9999 -9999 -9999 -9999 -9999 -9999 -9999 -9999 -9999 -9999 -9999 -9999 -9999 -9999 0.385814133847582 0.377984487060314 0.361698730142629 0.339397088416437 0.31342741336019 0.268966426392718 0.232239028083241 0.221289795399403 0.211533026710997 0.202656541273601 0.224231674323269 0.2448301342109 0.248217490440627 0.25787071520136 0.273094136366773 0.236666282353297 0.197693759105176 0.192799304719873 0.187229547204517 0.18093830770684 0.174119432167157 0.167262096246169 0.161084077142402 0.154656852935036 0.147909289044602 0.139942061855105 0.131684482513311 0.124738293953809 0.118310769238403 0.112688942111047 0.107813629904296 0.103270970640934 0.0996847365313583 0.0983761452059911 0.101378121677156 0.105335971944372 0.109778076533083 0.117874191442926
-9999 -9999 -9999 -9999 -9999 -9999 -9999 -9999 -9999 -9999 -9999 -9999 -9999 -9999 -9999 -9999 -9999 -9999 0.397195795167471 0.397239895343794 0.380372289227783 0.357716973286813 0.331532747930453 0.289616896145805 0.253282434979319 0.235997829761537 0.226837552427127 0.223674697060047 0.246538807025033 0.268499786041694 0.275495349754756 0.285904671437748 0.299348736393195 0.259058116535637 0.216286265304611 0.209804831868328 0.203383011374564 0.197024880299711 0.189187264362348 0.181072792672527 0.173618078058633 0.166110748017559 0.158535783690412 0.151097819826469 0.14362222612353 0.135115245908563 0.127283435006341 0.120500438847996 0.114555638030337 0.109007988464308 0.105364561530549 0.103551586480292 0.105202845153087 0.11028998461986 0.117117772412276 0.120947804057298
-9999 -9999 -9999 -9999 -9999 -9999 -9999 -9999 -9999 -9999 -9999 -9999 -9999 -9999 -9999 -9999 -9999 -9999 0.420555399815251 0.414291455491316 0.394618090404033 0.370281523951229 0.343101688623113 0.310305793002985 0.282667168349946 0.270965324857366 0.265969919427806 0.265925242174051 0.281598829063481 0.297664895614211 0.308192557656887 0.31957728562346 0.331723923212658 0.307662146218638 0.276192378182367 0.240241511916364 0.218395372358515 0.211618474645744 0.202482027541928 0.193049469554362 0.185740442731744 0.178114146825135 0.170080018669727 0.16211234703237 0.154115029094718 0.145474016319856 0.136862367140686 0.128296331663906 0.121321745448779 0.115055427884046 0.110796669843859 0.108527879657883 0.110025216192025 0.115259758068507 0.122387602015635 0.123143905195639
-9999 -9999 -9999 -9999 -9999 -9999 -9999 -9999 -9999 -9999 -9999 -9999 -9999 -9999 -9999 -9999 -9999 -9999 0.447031793438609 0.432349168658078 0.410720950134727 0.384338502711527 0.355057284680435 0.331207153615004 0.312807415059331 0.309128000808663 0.308765738526353 0.310852215434482 0.318025652647723 0.326803584962155 0.3393019357688 0.350604996396019 0.360845474712895 0.355992175401804 0.338755320821611 0.272760379887546 0.234656372730235 0.226350548484467 0.215480098011593 0.204500260279754 0.197393604242581 0.189699313818901 0.181249651172039 0.172553278851845 0.163798225860004 0.155309076913973 0.146154253458208 0.135965364580254 0.128121325705599 0.12129170327284 0.116396349372596 0.113630024900006 0.114893009040841 0.119835108494806 0.126641081084554 0.1269776946421
-9999 -9999 -9999 -9999 -9999 -9999 -9999 -9999 -9999 -9999 -9999 -9999 -9999 -9999 -9999 -9999 -9999 -9999 0.462916597783169 0.462072327429754 0.449029794199052 0.420359682820296 0.382161051641087 0.353627436938603 0.332968750689599 0.333239091360446 0.334327315097844 0.336019304456282 0.340781244313996 0.345442885889284 0.348362556392429 0.351257335506596 0.354129986814425 0.353134190977654 0.343768231799549 0.295693479255513 0.262406412222475 0.244918248202944 0.229580213904643 0.2154511210368 0.206304946524901 0.197122629817605 0.187893854272783 0.178963798192407 0.170127608944662 0.161256611913242 0.15216022194473 0.142713704339897 0.135126379471386 0.128360104152871 0.123715183301917 0.120047881455561 0.118230778871232 0.121427423020745 0.127164076670225 0.127187301652133
-9999 -9999 -9999 -9999 -9999 -9999 -9999 -9999 -9999 -9999 -9999 -9999 -9999 -9999 -9999 -9999 -9999 -9999 0.513238725569055 0.492835103943066 0.485016597785591 0.458775021424688 0.421300444815412 0.383927200964865 0.3554479477428 0.352625252976124 0.355838048059483 0.363506273786436 0.366040912909758 0.366545645750385 0.36176341693407 0.359161127750687 0.358496748985579 0.359255274097126 0.355948864099405 0.330844875338608 0.300796203769986 0.265464720090215 0.244647870618269 0.228243881658552 0.217866332565191 0.207666902266633 0.197696434045705 0.188144349929726 0.178763468088032 0.169833910764522 0.160696944642186 0.151237787623266 0.143886446590578 0.137479944251806 0.133969875447757 0.130209755700281 0.125976400399055 0.126613994629857 0.129719256005014 0.130982143409087
-9999 -9999 -9999 -9999 -9999 -9999 -9999 -9999 -9999 -9999 -9999 -9999 -9999 -9999 -9999 -9999 -9999 0.538734652785846 0.531890430282742 0.524943588883717 0.517997691374663 0.500289421477258 0.476019067715629 0.424426371138193 0.380927445315439 0.36589534285384 0.3721052629805 0.393996156934183 0.39454192425273 0.390837171361709 0.380782397675504 0.37645139081133 0.377208665837453 0.376999097363472 0.37740758256635 0.381811954627935 0.352958368981554 0.288572566487261 0.26096793750527 0.243420845695642 0.232858004637642 0.222251022467734 0.211587299285724 0.200910504135175 0.190384890237268 0.181815244806657 0.172509541858501 0.162060439821895 0.154918248949739 0.149255220992973 0.148024819345006 0.145217984479595 0.139427660584378 0.136453066723661 0.134904947197736 0.133105624432785
-9999 -9999 -9999 -9999 -9999 -9999 -9999 -9999 -9999 -9999 -9999 -9999 -9999 -9999 -9999 -9999 0.623196804776246 0.617771858572906 0.610966562500183 0.603544520381987 0.594752835563612 0.562733856743362 0.51655262394421 0.476477449277217 0.441318523036901 0.419211909406442 0.425221547600063 0.451986752130905 0.459993258716214 0.462592462018606 0.453373082646573 0.451894814134551 0.457298194617761 0.457282731650345 0.458287953335647 0.469363807279869 0.444724268918209 0.381927033822308 0.321921834313235 0.268173130509064 0.255419104082184 0.241848579480597 0.227228490633599 0.215066864407483 0.203446066611051 0.188622704516762 0.175417022721821 0.164724261637 0.1626756160359 0.16402813786138 0.160627429312269 0.156273966983942 0.150117364239044 0.143345269804156 0.136261361705212 -9999
