arr.asc
NCOLS 128 
NROWS 165 
XLLCORNER -2985163.8955 
YLLCORNER -3022031.214 
CELLSIZE 50000 
NODATA_value -9999 
[rows 51 to 67 of 165, columns 37 to 73 of 128]
0.000000000000000000e+00 0.000000000000000000e+00 0.000000000000000000e+00 5.048000000000000000e+03 5.107000000000000000e+03 5.158000000000000000e+03 5.214000000000000000e+03 5.255000000000000000e+03 5.311000000000000000e+03 5.361000000000000000e+03 5.419000000000000000e+03 5.466000000000000000e+03 5.521000000000000000e+03 5.568000000000000000e+03 5.591000000000000000e+03 5.626000000000000000e+03 5.647000000000000000e+03 5.649000000000000000e+03 5.648000000000000000e+03 5.651000000000000000e+03 5.646000000000000000e+03 5.636000000000000000e+03 5.603000000000000000e+03 5.561000000000000000e+03 5.511000000000000000e+03 5.457000000000000000e+03 5.406000000000000000e+03 5.345000000000000000e+03 5.299000000000000000e+03 5.246000000000000000e+03 5.200000000000000000e+03 5.139000000000000000e+03 5.092000000000000000e+03 5.039000000000000000e+03 0.000000000000000000e+00 0.000000000000000000e+00 0.000000000000000000e+00
0.000000000000000000e+00 0.000000000000000000e+00 5.002000000000000000e+03 5.055000000000000000e+03 5.108000000000000000e+03 5.167000000000000000e+03 5.217000000000000000e+03 5.267000000000000000e+03 5.319000000000000000e+03 5.370000000000000000e+03 5.429000000000000000e+03 5.479000000000000000e+03 5.532000000000000000e+03 5.586000000000000000e+03 5.639000000000000000e+03 5.697000000000000000e+03 5.701000000000000000e+03 5.708000000000000000e+03 5.715000000000000000e+03 5.713000000000000000e+03 5.701000000000000000e+03 5.677000000000000000e+03 5.629000000000000000e+03 5.577000000000000000e+03 5.521000000000000000e+03 5.460000000000000000e+03 5.415000000000000000e+03 5.357000000000000000e+03 5.302000000000000000e+03 5.256000000000000000e+03 5.205000000000000000e+03 5.151000000000000000e+03 5.100000000000000000e+03 5.043000000000000000e+03 0.000000000000000000e+00 0.000000000000000000e+00 0.000000000000000000e+00
0.000000000000000000e+00 0.000000000000000000e+00 0.000000000000000000e+00 5.057000000000000000e+03 5.109000000000000000e+03 5.163000000000000000e+03 5.217000000000000000e+03 5.273000000000000000e+03 5.319000000000000000e+03 5.377000000000000000e+03 5.427000000000000000e+03 5.488000000000000000e+03 5.536000000000000000e+03 5.593000000000000000e+03 5.650000000000000000e+03 5.708000000000000000e+03 5.787000000000000000e+03 5.778000000000000000e+03 5.786000000000000000e+03 5.772000000000000000e+03 5.758000000000000000e+03 5.698000000000000000e+03 5.638000000000000000e+03 5.588000000000000000e+03 5.527000000000000000e+03 5.472000000000000000e+03 5.421000000000000000e+03 5.369000000000000000e+03 5.311000000000000000e+03 5.256000000000000000e+03 5.208000000000000000e+03 5.151000000000000000e+03 5.100000000000000000e+03 5.048000000000000000e+03 0.000000000000000000e+00 0.000000000000000000e+00 0.000000000000000000e+00
0.000000000000000000e+00 0.000000000000000000e+00 5.005000000000000000e+03 5.058000000000000000e+03 5.111000000000000000e+03 5.166000000000000000e+03 5.218000000000000000e+03 5.274000000000000000e+03 5.323000000000000000e+03 5.378000000000000000e+03 5.431000000000000000e+03 5.486000000000000000e+03 5.541000000000000000e+03 5.596000000000000000e+03 5.651000000000000000e+03 5.713000000000000000e+03 5.782000000000000000e+03 5.890000000000000000e+03 5.869000000000000000e+03 5.887000000000000000e+03 5.772000000000000000e+03 5.702000000000000000e+03 5.641000000000000000e+03 5.585000000000000000e+03 5.531000000000000000e+03 5.477000000000000000e+03 5.422000000000000000e+03 5.368000000000000000e+03 5.310000000000000000e+03 5.260000000000000000e+03 5.208000000000000000e+03 5.153000000000000000e+03 5.098000000000000000e+03 5.048000000000000000e+03 0.000000000000000000e+00 0.000000000000000000e+00 0.000000000000000000e+00
0.000000000000000000e+00 0.000000000000000000e+00 5.006000000000000000e+03 5.057000000000000000e+03 5.109000000000000000e+03 5.163000000000000000e+03 5.216000000000000000e+03 5.273000000000000000e+03 5.323000000000000000e+03 5.374000000000000000e+03 5.433000000000000000e+03 5.490000000000000000e+03 5.544000000000000000e+03 5.594000000000000000e+03 5.653000000000000000e+03 5.718000000000000000e+03 5.788000000000000000e+03 5.888000000000000000e+03 6.000000000000000000e+03 5.879000000000000000e+03 5.763000000000000000e+03 5.701000000000000000e+03 5.644000000000000000e+03 5.585000000000000000e+03 5.534000000000000000e+03 5.480000000000000000e+03 5.421000000000000000e+03 5.373000000000000000e+03 5.320000000000000000e+03 5.265000000000000000e+03 5.208000000000000000e+03 5.163000000000000000e+03 5.100000000000000000e+03 5.049000000000000000e+03 0.000000000000000000e+00 0.000000000000000000e+00 0.000000000000000000e+00
0.000000000000000000e+00 0.000000000000000000e+00 5.005000000000000000e+03 5.057000000000000000e+03 5.108000000000000000e+03 5.160000000000000000e+03 5.218000000000000000e+03 5.268000000000000000e+03 5.328000000000000000e+03 5.377000000000000000e+03 5.436000000000000000e+03 5.480000000000000000e+03 5.545000000000000000e+03 5.597000000000000000e+03 5.659000000000000000e+03 5.719000000000000000e+03 5.787000000000000000e+03 5.874000000000000000e+03 5.893000000000000000e+03 5.886000000000000000e+03 5.766000000000000000e+03 5.704000000000000000e+03 5.642000000000000000e+03 5.584000000000000000e+03 5.536000000000000000e+03 5.476000000000000000e+03 5.424000000000000000e+03 5.370000000000000000e+03 5.318000000000000000e+03 5.264000000000000000e+03 5.207000000000000000e+03 5.156000000000000000e+03 5.104000000000000000e+03 5.047000000000000000e+03 0.000000000000000000e+00 0.000000000000000000e+00 0.000000000000000000e+00
0.000000000000000000e+00 0.000000000000000000e+00 5.008000000000000000e+03 5.058000000000000000e+03 5.110000000000000000e+03 5.161000000000000000e+03 5.215000000000000000e+03 5.268000000000000000e+03 5.325000000000000000e+03 5.376000000000000000e+03 5.431000000000000000e+03 5.487000000000000000e+03 5.533000000000000000e+03 5.593000000000000000e+03 5.653000000000000000e+03 5.709000000000000000e+03 5.750000000000000000e+03 5.783000000000000000e+03 5.779000000000000000e+03 5.787000000000000000e+03 5.767000000000000000e+03 5.696000000000000000e+03 5.640000000000000000e+03 5.574000000000000000e+03 5.525000000000000000e+03 5.476000000000000000e+03 5.417000000000000000e+03 5.369000000000000000e+03 5.312000000000000000e+03 5.258000000000000000e+03 5.207000000000000000e+03 5.155000000000000000e+03 5.099000000000000000e+03 5.048000000000000000e+03 0.000000000000000000e+00 0.000000000000000000e+00 0.000000000000000000e+00
0.000000000000000000e+00 0.000000000000000000e+00 5.002000000000000000e+03 5.055000000000000000e+03 5.109000000000000000e+03 5.163000000000000000e+03 5.211000000000000000e+03 5.259000000000000000e+03 5.317000000000000000e+03 5.378000000000000000e+03 5.423000000000000000e+03 5.474000000000000000e+03 5.530000000000000000e+03 5.584000000000000000e+03 5.633000000000000000e+03 5.671000000000000000e+03 5.709000000000000000e+03 5.708000000000000000e+03 5.706000000000000000e+03 5.709000000000000000e+03 5.712000000000000000e+03 5.659000000000000000e+03 5.629000000000000000e+03 5.577000000000000000e+03 5.521000000000000000e+03 5.468000000000000000e+03 5.417000000000000000e+03 5.365000000000000000e+03 5.311000000000000000e+03 5.255000000000000000e+03 5.206000000000000000e+03 5.149000000000000000e+03 5.098000000000000000e+03 5.045000000000000000e+03 0.000000000000000000e+00 0.000000000000000000e+00 0.000000000000000000e+00
0.000000000000000000e+00 0.000000000000000000e+00 0.000000000000000000e+00 5.058000000000000000e+03 5.108000000000000000e+03 5.154000000000000000e+03 5.206000000000000000e+03 5.260000000000000000e+03 5.310000000000000000e+03 5.361000000000000000e+03 5.416000000000000000e+03 5.467000000000000000e+03 5.517000000000000000e+03 5.564000000000000000e+03 5.603000000000000000e+03 5.631000000000000000e+03 5.642000000000000000e+03 5.644000000000000000e+03 5.651000000000000000e+03 5.655000000000000000e+03 5.648000000000000000e+03 5.639000000000000000e+03 5.597000000000000000e+03 5.559000000000000000e+03 5.501000000000000000e+03 5.460000000000000000e+03 5.404000000000000000e+03 5.356000000000000000e+03 5.307000000000000000e+03 5.260000000000000000e+03 5.202000000000000000e+03 5.145000000000000000e+03 5.095000000000000000e+03 5.047000000000000000e+03 0.000000000000000000e+00 0.000000000000000000e+00 0.000000000000000000e+00
0.000000000000000000e+00 0.000000000000000000e+00 0.000000000000000000e+00 5.048000000000000000e+03 5.090000000000000000e+03 5.150000000000000000e+03 5.197000000000000000e+03 5.254000000000000000e+03 5.303000000000000000e+03 5.348000000000000000e+03 5.394000000000000000e+03 5.446000000000000000e+03 5.492000000000000000e+03 5.533000000000000000e+03 5.558000000000000000e+03 5.577000000000000000e+03 5.586000000000000000e+03 5.583000000000000000e+03 5.597000000000000000e+03 5.592000000000000000e+03 5.595000000000000000e+03 5.578000000000000000e+03 5.566000000000000000e+03 5.529000000000000000e+03 5.487000000000000000e+03 5.435000000000000000e+03 5.396000000000000000e+03 5.344000000000000000e+03 5.295000000000000000e+03 5.249000000000000000e+03 5.196000000000000000e+03 5.133000000000000000e+03 5.096000000000000000e+03 5.035000000000000000e+03 0.000000000000000000e+00 0.000000000000000000e+00 0.000000000000000000e+00
0.000000000000000000e+00 0.000000000000000000e+00 0.000000000000000000e+00 5.038000000000000000e+03 5.089000000000000000e+03 5.141000000000000000e+03 5.188000000000000000e+03 5.245000000000000000e+03 5.292000000000000000e+03 5.334000000000000000e+03 5.385000000000000000e+03 5.427000000000000000e+03 5.462000000000000000e+03 5.490000000000000000e+03 5.510000000000000000e+03 5.524000000000000000e+03 5.530000000000000000e+03 5.540000000000000000e+03 5.535000000000000000e+03 5.536000000000000000e+03 5.539000000000000000e+03 5.529000000000000000e+03 5.517000000000000000e+03 5.497000000000000000e+03 5.446000000000000000e+03 5.425000000000000000e+03 5.376000000000000000e+03 5.327000000000000000e+03 5.285000000000000000e+03 5.235000000000000000e+03 5.191000000000000000e+03 5.126000000000000000e+03 5.081000000000000000e+03 5.035000000000000000e+03 0.000000000000000000e+00 0.000000000000000000e+00 0.000000000000000000e+00
0.000000000000000000e+00 0.000000000000000000e+00 0.000000000000000000e+00 5.031000000000000000e+03 5.082000000000000000e+03 5.128000000000000000e+03 5.185000000000000000e+03 5.228000000000000000e+03 5.272000000000000000e+03 5.321000000000000000e+03 5.356000000000000000e+03 5.392000000000000000e+03 5.422000000000000000e+03 5.442000000000000000e+03 5.464000000000000000e+03 5.470000000000000000e+03 5.479000000000000000e+03 5.482000000000000000e+03 5.483000000000000000e+03 5.483000000000000000e+03 5.482000000000000000e+03 5.471000000000000000e+03 5.466000000000000000e+03 5.447000000000000000e+03 5.423000000000000000e+03 5.391000000000000000e+03 5.348000000000000000e+03 5.314000000000000000e+03 5.265000000000000000e+03 5.222000000000000000e+03 5.168000000000000000e+03 5.124000000000000000e+03 5.075000000000000000e+03 5.027000000000000000e+03 0.000000000000000000e+00 0.000000000000000000e+00 0.000000000000000000e+00
0.000000000000000000e+00 0.000000000000000000e+00 0.000000000000000000e+00 5.022000000000000000e+03 5.074000000000000000e+03 5.119000000000000000e+03 5.159000000000000000e+03 5.206000000000000000e+03 5.249000000000000000e+03 5.293000000000000000e+03 5.330000000000000000e+03 5.357000000000000000e+03 5.384000000000000000e+03 5.400000000000000000e+03 5.413000000000000000e+03 5.414000000000000000e+03 5.416000000000000000e+03 5.429000000000000000e+03 5.430000000000000000e+03 5.429000000000000000e+03 5.425000000000000000e+03 5.418000000000000000e+03 5.412000000000000000e+03 5.396000000000000000e+03 5.381000000000000000e+03 5.359000000000000000e+03 5.328000000000000000e+03 5.288000000000000000e+03 5.250000000000000000e+03 5.203000000000000000e+03 5.158000000000000000e+03 5.114000000000000000e+03 5.064000000000000000e+03 5.016000000000000000e+03 0.000000000000000000e+00 0.000000000000000000e+00 0.000000000000000000e+00
0.000000000000000000e+00 0.000000000000000000e+00 0.000000000000000000e+00 5.005000000000000000e+03 5.053000000000000000e+03 5.102000000000000000e+03 5.150000000000000000e+03 5.189000000000000000e+03 5.229000000000000000e+03 5.261000000000000000e+03 5.290000000000000000e+03 5.307000000000000000e+03 5.336000000000000000e+03 5.345000000000000000e+03 5.355000000000000000e+03 5.362000000000000000e+03 5.374000000000000000e+03 5.375000000000000000e+03 5.377000000000000000e+03 5.375000000000000000e+03 5.376000000000000000e+03 5.366000000000000000e+03 5.356000000000000000e+03 5.345000000000000000e+03 5.336000000000000000e+03 5.318000000000000000e+03 5.288000000000000000e+03 5.253000000000000000e+03 5.221000000000000000e+03 5.186000000000000000e+03 5.137000000000000000e+03 5.097000000000000000e+03 5.052000000000000000e+03 0.000000000000000000e+00 0.000000000000000000e+00 0.000000000000000000e+00 0.000000000000000000e+00
0.000000000000000000e+00 0.000000000000000000e+00 0.000000000000000000e+00 0.000000000000000000e+00 5.040000000000000000e+03 5.086000000000000000e+03 5.126000000000000000e+03 5.163000000000000000e+03 5.196000000000000000e+03 5.226000000000000000e+03 5.250000000000000000e+03 5.269000000000000000e+03 5.290000000000000000e+03 5.295000000000000000e+03 5.304000000000000000e+03 5.314000000000000000e+03 5.322000000000000000e+03 5.315000000000000000e+03 5.321000000000000000e+03 5.320000000000000000e+03 5.317000000000000000e+03 5.316000000000000000e+03 5.313000000000000000e+03 5.294000000000000000e+03 5.285000000000000000e+03 5.271000000000000000e+03 5.250000000000000000e+03 5.224000000000000000e+03 5.194000000000000000e+03 5.161000000000000000e+03 5.112000000000000000e+03 5.078000000000000000e+03 5.031000000000000000e+03 0.000000000000000000e+00 0.000000000000000000e+00 0.000000000000000000e+00 0.000000000000000000e+00
0.000000000000000000e+00 0.000000000000000000e+00 0.000000000000000000e+00 0.000000000000000000e+00 5.025000000000000000e+03 5.057000000000000000e+03 5.095000000000000000e+03 5.129000000000000000e+03 5.160000000000000000e+03 5.187000000000000000e+03 5.199000000000000000e+03 5.212000000000000000e+03 5.232000000000000000e+03 5.244000000000000000e+03 5.255000000000000000e+03 5.258000000000000000e+03 5.262000000000000000e+03 5.261000000000000000e+03 5.271000000000000000e+03 5.269000000000000000e+03 5.273000000000000000e+03 5.266000000000000000e+03 5.254000000000000000e+03 5.251000000000000000e+03 5.236000000000000000e+03 5.218000000000000000e+03 5.204000000000000000e+03 5.181000000000000000e+03 5.164000000000000000e+03 5.126000000000000000e+03 5.091000000000000000e+03 5.051000000000000000e+03 5.017000000000000000e+03 0.000000000000000000e+00 0.000000000000000000e+00 0.000000000000000000e+00 0.000000000000000000e+00
0.000000000000000000e+00 0.000000000000000000e+00 0.000000000000000000e+00 0.000000000000000000e+00 0.000000000000000000e+00 5.029000000000000000e+03 5.064000000000000000e+03 5.092000000000000000e+03 5.123000000000000000e+03 5.138000000000000000e+03 5.159000000000000000e+03 5.170000000000000000e+03 5.188000000000000000e+03 5.199000000000000000e+03 5.198000000000000000e+03 5.201000000000000000e+03 5.207000000000000000e+03 5.214000000000000000e+03 5.215000000000000000e+03 5.213000000000000000e+03 5.209000000000000000e+03 5.211000000000000000e+03 5.206000000000000000e+03 5.200000000000000000e+03 5.190000000000000000e+03 5.179000000000000000e+03 5.151000000000000000e+03 5.139000000000000000e+03 5.123000000000000000e+03 5.091000000000000000e+03 5.066000000000000000e+03 5.028000000000000000e+03 0.000000000000000000e+00 0.000000000000000000e+00 0.000000000000000000e+00 0.000000000000000000e+00 0.000000000000000000e+00
