arr.asc
NCOLS 128
NROWS 165
XLLCORNER -2985163.8955
YLLCORNER -3022031.214
CELLSIZE 50000
NODATA_value -9999
[rows 51 to 67 of 165, columns 37 to 73 of 128]
3.729000000000000000e+03 3.793000000000000000e+03 3.860000000000000000e+03 3.917000000000000000e+03 3.979000000000000000e+03 4.048000000000000000e+03 4.108000000000000000e+03 4.168000000000000000e+03 4.243000000000000000e+03 4.301000000000000000e+03 4.366000000000000000e+03 4.426000000000000000e+03 4.485000000000000000e+03 4.550000000000000000e+03 4.598000000000000000e+03 4.644000000000000000e+03 4.659000000000000000e+03 4.669000000000000000e+03 4.666000000000000000e+03 4.667000000000000000e+03 4.651000000000000000e+03 4.640000000000000000e+03 4.603000000000000000e+03 4.560000000000000000e+03 4.485000000000000000e+03 4.428000000000000000e+03 4.363000000000000000e+03 4.307000000000000000e+03 4.235000000000000000e+03 4.174000000000000000e+03 4.109000000000000000e+03 4.047000000000000000e+03 3.974000000000000000e+03 3.925000000000000000e+03 3.852000000000000000e+03 3.789000000000000000e+03 3.728000000000000000e+03
3.730000000000000000e+03 3.796000000000000000e+03 3.862000000000000000e+03 3.925000000000000000e+03 3.993000000000000000e+03 4.060000000000000000e+03 4.121000000000000000e+03 4.178000000000000000e+03 4.248000000000000000e+03 4.312000000000000000e+03 4.377000000000000000e+03 4.442000000000000000e+03 4.507000000000000000e+03 4.571000000000000000e+03 4.636000000000000000e+03 4.685000000000000000e+03 4.727000000000000000e+03 4.746000000000000000e+03 4.741000000000000000e+03 4.740000000000000000e+03 4.731000000000000000e+03 4.709000000000000000e+03 4.648000000000000000e+03 4.572000000000000000e+03 4.509000000000000000e+03 4.447000000000000000e+03 4.385000000000000000e+03 4.311000000000000000e+03 4.245000000000000000e+03 4.176000000000000000e+03 4.114000000000000000e+03 4.049000000000000000e+03 3.992000000000000000e+03 3.920000000000000000e+03 3.860000000000000000e+03 3.793000000000000000e+03 3.727000000000000000e+03
3.734000000000000000e+03 3.799000000000000000e+03 3.865000000000000000e+03 3.931000000000000000e+03 3.998000000000000000e+03 4.063000000000000000e+03 4.129000000000000000e+03 4.194000000000000000e+03 4.257000000000000000e+03 4.324000000000000000e+03 4.385000000000000000e+03 4.451000000000000000e+03 4.514000000000000000e+03 4.589000000000000000e+03 4.653000000000000000e+03 4.724000000000000000e+03 4.817000000000000000e+03 4.830000000000000000e+03 4.830000000000000000e+03 4.823000000000000000e+03 4.805000000000000000e+03 4.737000000000000000e+03 4.658000000000000000e+03 4.592000000000000000e+03 4.526000000000000000e+03 4.461000000000000000e+03 4.387000000000000000e+03 4.320000000000000000e+03 4.254000000000000000e+03 4.188000000000000000e+03 4.123000000000000000e+03 4.057000000000000000e+03 3.992000000000000000e+03 3.928000000000000000e+03 3.860000000000000000e+03 3.792000000000000000e+03 3.723000000000000000e+03
3.739000000000000000e+03 3.803000000000000000e+03 3.870000000000000000e+03 3.934000000000000000e+03 4.001000000000000000e+03 4.057000000000000000e+03 4.134000000000000000e+03 4.193000000000000000e+03 4.258000000000000000e+03 4.328000000000000000e+03 4.394000000000000000e+03 4.457000000000000000e+03 4.529000000000000000e+03 4.591000000000000000e+03 4.669000000000000000e+03 4.740000000000000000e+03 4.817000000000000000e+03 4.964000000000000000e+03 4.974000000000000000e+03 4.942000000000000000e+03 4.826000000000000000e+03 4.746000000000000000e+03 4.667000000000000000e+03 4.595000000000000000e+03 4.527000000000000000e+03 4.457000000000000000e+03 4.396000000000000000e+03 4.319000000000000000e+03 4.255000000000000000e+03 4.194000000000000000e+03 4.124000000000000000e+03 4.063000000000000000e+03 3.990000000000000000e+03 3.927000000000000000e+03 3.864000000000000000e+03 3.798000000000000000e+03 3.732000000000000000e+03
3.739000000000000000e+03 3.804000000000000000e+03 3.871000000000000000e+03 3.934000000000000000e+03 4.000000000000000000e+03 4.066000000000000000e+03 4.128000000000000000e+03 4.195000000000000000e+03 4.263000000000000000e+03 4.323000000000000000e+03 4.392000000000000000e+03 4.460000000000000000e+03 4.525000000000000000e+03 4.602000000000000000e+03 4.673000000000000000e+03 4.747000000000000000e+03 4.831000000000000000e+03 4.963000000000000000e+03 5.000000000000000000e+03 4.968000000000000000e+03 4.834000000000000000e+03 4.748000000000000000e+03 4.667000000000000000e+03 4.597000000000000000e+03 4.524000000000000000e+03 4.459000000000000000e+03 4.391000000000000000e+03 4.325000000000000000e+03 4.260000000000000000e+03 4.198000000000000000e+03 4.133000000000000000e+03 4.063000000000000000e+03 3.998000000000000000e+03 3.928000000000000000e+03 3.859000000000000000e+03 3.800000000000000000e+03 3.736000000000000000e+03
3.738000000000000000e+03 3.800000000000000000e+03 3.868000000000000000e+03 3.936000000000000000e+03 4.001000000000000000e+03 4.063000000000000000e+03 4.129000000000000000e+03 4.194000000000000000e+03 4.259000000000000000e+03 4.326000000000000000e+03 4.393000000000000000e+03 4.464000000000000000e+03 4.532000000000000000e+03 4.604000000000000000e+03 4.676000000000000000e+03 4.748000000000000000e+03 4.835000000000000000e+03 4.972000000000000000e+03 4.961000000000000000e+03 4.960000000000000000e+03 4.830000000000000000e+03 4.739000000000000000e+03 4.668000000000000000e+03 4.599000000000000000e+03 4.524000000000000000e+03 4.458000000000000000e+03 4.386000000000000000e+03 4.325000000000000000e+03 4.263000000000000000e+03 4.195000000000000000e+03 4.127000000000000000e+03 4.062000000000000000e+03 3.994000000000000000e+03 3.929000000000000000e+03 3.865000000000000000e+03 3.795000000000000000e+03 3.733000000000000000e+03
3.731000000000000000e+03 3.797000000000000000e+03 3.866000000000000000e+03 3.934000000000000000e+03 3.998000000000000000e+03 4.056000000000000000e+03 4.124000000000000000e+03 4.190000000000000000e+03 4.259000000000000000e+03 4.325000000000000000e+03 4.387000000000000000e+03 4.455000000000000000e+03 4.529000000000000000e+03 4.598000000000000000e+03 4.656000000000000000e+03 4.742000000000000000e+03 4.827000000000000000e+03 4.833000000000000000e+03 4.837000000000000000e+03 4.833000000000000000e+03 4.818000000000000000e+03 4.729000000000000000e+03 4.658000000000000000e+03 4.587000000000000000e+03 4.514000000000000000e+03 4.448000000000000000e+03 4.382000000000000000e+03 4.323000000000000000e+03 4.255000000000000000e+03 4.191000000000000000e+03 4.122000000000000000e+03 4.058000000000000000e+03 3.989000000000000000e+03 3.926000000000000000e+03 3.863000000000000000e+03 3.800000000000000000e+03 3.729000000000000000e+03
3.735000000000000000e+03 3.799000000000000000e+03 3.862000000000000000e+03 3.924000000000000000e+03 3.988000000000000000e+03 4.059000000000000000e+03 4.121000000000000000e+03 4.184000000000000000e+03 4.251000000000000000e+03 4.320000000000000000e+03 4.390000000000000000e+03 4.452000000000000000e+03 4.519000000000000000e+03 4.576000000000000000e+03 4.642000000000000000e+03 4.715000000000000000e+03 4.743000000000000000e+03 4.753000000000000000e+03 4.752000000000000000e+03 4.749000000000000000e+03 4.744000000000000000e+03 4.702000000000000000e+03 4.646000000000000000e+03 4.567000000000000000e+03 4.511000000000000000e+03 4.445000000000000000e+03 4.379000000000000000e+03 4.310000000000000000e+03 4.250000000000000000e+03 4.177000000000000000e+03 4.116000000000000000e+03 4.053000000000000000e+03 3.986000000000000000e+03 3.922000000000000000e+03 3.862000000000000000e+03 3.796000000000000000e+03 3.727000000000000000e+03
3.737000000000000000e+03 3.798000000000000000e+03 3.857000000000000000e+03 3.921000000000000000e+03 3.977000000000000000e+03 4.040000000000000000e+03 4.111000000000000000e+03 4.176000000000000000e+03 4.245000000000000000e+03 4.315000000000000000e+03 4.372000000000000000e+03 4.443000000000000000e+03 4.500000000000000000e+03 4.566000000000000000e+03 4.617000000000000000e+03 4.638000000000000000e+03 4.677000000000000000e+03 4.679000000000000000e+03 4.676000000000000000e+03 4.674000000000000000e+03 4.667000000000000000e+03 4.648000000000000000e+03 4.607000000000000000e+03 4.558000000000000000e+03 4.493000000000000000e+03 4.428000000000000000e+03 4.365000000000000000e+03 4.299000000000000000e+03 4.241000000000000000e+03 4.179000000000000000e+03 4.105000000000000000e+03 4.043000000000000000e+03 3.983000000000000000e+03 3.917000000000000000e+03 3.849000000000000000e+03 3.790000000000000000e+03 3.723000000000000000e+03
3.733000000000000000e+03 3.800000000000000000e+03 3.859000000000000000e+03 3.913000000000000000e+03 3.978000000000000000e+03 4.045000000000000000e+03 4.107000000000000000e+03 4.174000000000000000e+03 4.233000000000000000e+03 4.299000000000000000e+03 4.370000000000000000e+03 4.422000000000000000e+03 4.467000000000000000e+03 4.523000000000000000e+03 4.548000000000000000e+03 4.582000000000000000e+03 4.603000000000000000e+03 4.606000000000000000e+03 4.609000000000000000e+03 4.602000000000000000e+03 4.588000000000000000e+03 4.583000000000000000e+03 4.565000000000000000e+03 4.516000000000000000e+03 4.468000000000000000e+03 4.411000000000000000e+03 4.343000000000000000e+03 4.282000000000000000e+03 4.231000000000000000e+03 4.167000000000000000e+03 4.106000000000000000e+03 4.042000000000000000e+03 3.979000000000000000e+03 3.914000000000000000e+03 3.845000000000000000e+03 3.780000000000000000e+03 3.716000000000000000e+03
3.733000000000000000e+03 3.801000000000000000e+03 3.848000000000000000e+03 3.914000000000000000e+03 3.972000000000000000e+03 4.032000000000000000e+03 4.098000000000000000e+03 4.163000000000000000e+03 4.217000000000000000e+03 4.273000000000000000e+03 4.329000000000000000e+03 4.401000000000000000e+03 4.441000000000000000e+03 4.478000000000000000e+03 4.510000000000000000e+03 4.527000000000000000e+03 4.532000000000000000e+03 4.541000000000000000e+03 4.541000000000000000e+03 4.531000000000000000e+03 4.525000000000000000e+03 4.516000000000000000e+03 4.498000000000000000e+03 4.472000000000000000e+03 4.430000000000000000e+03 4.389000000000000000e+03 4.325000000000000000e+03 4.268000000000000000e+03 4.205000000000000000e+03 4.150000000000000000e+03 4.095000000000000000e+03 4.033000000000000000e+03 3.968000000000000000e+03 3.906000000000000000e+03 3.839000000000000000e+03 3.778000000000000000e+03 3.716000000000000000e+03
0.000000000000000000e+00 0.000000000000000000e+00 0.000000000000000000e+00 3.905000000000000000e+03 3.956000000000000000e+03 4.021000000000000000e+03 4.073000000000000000e+03 4.135000000000000000e+03 4.193000000000000000e+03 4.246000000000000000e+03 4.308000000000000000e+03 4.360000000000000000e+03 4.398000000000000000e+03 4.429000000000000000e+03 4.444000000000000000e+03 4.449000000000000000e+03 4.465000000000000000e+03 4.471000000000000000e+03 4.472000000000000000e+03 4.466000000000000000e+03 4.458000000000000000e+03 4.454000000000000000e+03 4.442000000000000000e+03 4.402000000000000000e+03 4.395000000000000000e+03 4.343000000000000000e+03 4.310000000000000000e+03 4.248000000000000000e+03 4.195000000000000000e+03 4.126000000000000000e+03 4.083000000000000000e+03 4.014000000000000000e+03 3.953000000000000000e+03 3.888000000000000000e+03 3.829000000000000000e+03 3.766000000000000000e+03 3.705000000000000000e+03
0.000000000000000000e+00 0.000000000000000000e+00 0.000000000000000000e+00 0.000000000000000000e+00 0.000000000000000000e+00 4.000000000000000000e+03 4.057000000000000000e+03 4.115000000000000000e+03 4.173000000000000000e+03 4.225000000000000000e+03 4.268000000000000000e+03 4.320000000000000000e+03 4.340000000000000000e+03 4.358000000000000000e+03 4.374000000000000000e+03 4.391000000000000000e+03 4.398000000000000000e+03 4.406000000000000000e+03 4.402000000000000000e+03 4.401000000000000000e+03 4.392000000000000000e+03 4.387000000000000000e+03 4.376000000000000000e+03 4.362000000000000000e+03 4.334000000000000000e+03 4.297000000000000000e+03 4.266000000000000000e+03 4.220000000000000000e+03 4.169000000000000000e+03 4.102000000000000000e+03 4.047000000000000000e+03 3.995000000000000000e+03 3.934000000000000000e+03 3.886000000000000000e+03 3.816000000000000000e+03 3.759000000000000000e+03 3.685000000000000000e+03
0.000000000000000000e+00 0.000000000000000000e+00 0.000000000000000000e+00 0.000000000000000000e+00 0.000000000000000000e+00 0.000000000000000000e+00 4.045000000000000000e+03 4.082000000000000000e+03 4.149000000000000000e+03 4.187000000000000000e+03 4.224000000000000000e+03 4.249000000000000000e+03 4.281000000000000000e+03 4.298000000000000000e+03 4.315000000000000000e+03 4.327000000000000000e+03 4.326000000000000000e+03 4.337000000000000000e+03 4.332000000000000000e+03 4.332000000000000000e+03 4.327000000000000000e+03 4.327000000000000000e+03 4.312000000000000000e+03 4.302000000000000000e+03 4.280000000000000000e+03 4.245000000000000000e+03 4.222000000000000000e+03 4.184000000000000000e+03 4.141000000000000000e+03 4.093000000000000000e+03 4.026000000000000000e+03 3.981000000000000000e+03 3.919000000000000000e+03 3.860000000000000000e+03 3.803000000000000000e+03 3.739000000000000000e+03 3.688000000000000000e+03
0.000000000000000000e+00 0.000000000000000000e+00 0.000000000000000000e+00 0.000000000000000000e+00 0.000000000000000000e+00 0.000000000000000000e+00 4.000000000000000000e+03 4.059000000000000000e+03 4.103000000000000000e+03 4.152000000000000000e+03 4.176000000000000000e+03 4.196000000000000000e+03 4.211000000000000000e+03 4.238000000000000000e+03 4.248000000000000000e+03 4.256000000000000000e+03 4.266000000000000000e+03 4.269000000000000000e+03 4.267000000000000000e+03 4.264000000000000000e+03 4.259000000000000000e+03 4.263000000000000000e+03 4.250000000000000000e+03 4.230000000000000000e+03 4.216000000000000000e+03 4.199000000000000000e+03 4.175000000000000000e+03 4.142000000000000000e+03 4.109000000000000000e+03 4.052000000000000000e+03 4.015000000000000000e+03 3.946000000000000000e+03 3.892000000000000000e+03 3.832000000000000000e+03 3.796000000000000000e+03 3.724000000000000000e+03 3.664000000000000000e+03
0.000000000000000000e+00 0.000000000000000000e+00 0.000000000000000000e+00 0.000000000000000000e+00 0.000000000000000000e+00 0.000000000000000000e+00 3.990000000000000000e+03 4.033000000000000000e+03 0.000000000000000000e+00 0.000000000000000000e+00 4.122000000000000000e+03 4.141000000000000000e+03 4.160000000000000000e+03 4.169000000000000000e+03 4.181000000000000000e+03 4.197000000000000000e+03 4.195000000000000000e+03 4.202000000000000000e+03 4.201000000000000000e+03 4.201000000000000000e+03 4.199000000000000000e+03 4.193000000000000000e+03 4.190000000000000000e+03 4.171000000000000000e+03 4.146000000000000000e+03 4.129000000000000000e+03 4.116000000000000000e+03 4.086000000000000000e+03 4.065000000000000000e+03 4.011000000000000000e+03 3.970000000000000000e+03 3.920000000000000000e+03 3.880000000000000000e+03 3.817000000000000000e+03 3.759000000000000000e+03 3.708000000000000000e+03 3.644000000000000000e+03
0.000000000000000000e+00 0.000000000000000000e+00 0.000000000000000000e+00 0.000000000000000000e+00 0.000000000000000000e+00 0.000000000000000000e+00 0.000000000000000000e+00 0.000000000000000000e+00 0.000000000000000000e+00 4.046000000000000000e+03 4.077000000000000000e+03 4.076000000000000000e+03 4.091000000000000000e+03 4.112000000000000000e+03 4.123000000000000000e+03 4.132000000000000000e+03 4.127000000000000000e+03 4.136000000000000000e+03 4.137000000000000000e+03 4.131000000000000000e+03 4.135000000000000000e+03 4.134000000000000000e+03 4.123000000000000000e+03 4.111000000000000000e+03 4.096000000000000000e+03 4.085000000000000000e+03 4.060000000000000000e+03 4.036000000000000000e+03 3.998000000000000000e+03 3.973000000000000000e+03 3.929000000000000000e+03 3.892000000000000000e+03 3.850000000000000000e+03 3.796000000000000000e+03 3.745000000000000000e+03 3.689000000000000000e+03 3.627000000000000000e+03
