arr.asc
NCOLS 128
NROWS 165
XLLCORNER -2985163.8955
YLLCORNER -3022031.214
CELLSIZE 50000
NODATA_value -9999
[rows 34 to 50 of 165, columns 37 to 73 of 128]
0.000000000000000000e+00 0.000000000000000000e+00 0.000000000000000000e+00 0.000000000000000000e+00 0.000000000000000000e+00 0.000000000000000000e+00 0.000000000000000000e+00 0.000000000000000000e+00 0.000000000000000000e+00 0.000000000000000000e+00 0.000000000000000000e+00 3.514000000000000000e+03 3.514000000000000000e+03 3.519000000000000000e+03 3.530000000000000000e+03 3.535000000000000000e+03 3.540000000000000000e+03 3.542000000000000000e+03 3.543000000000000000e+03 3.536000000000000000e+03 3.541000000000000000e+03 3.536000000000000000e+03 3.531000000000000000e+03 3.527000000000000000e+03 3.521000000000000000e+03 3.512000000000000000e+03 3.510000000000000000e+03 3.506000000000000000e+03 0.000000000000000000e+00 0.000000000000000000e+00 0.000000000000000000e+00 0.000000000000000000e+00 0.000000000000000000e+00 0.000000000000000000e+00 0.000000000000000000e+00 0.000000000000000000e+00 0.000000000000000000e+00
0.000000000000000000e+00 0.000000000000000000e+00 0.000000000000000000e+00 0.000000000000000000e+00 0.000000000000000000e+00 0.000000000000000000e+00 3.514000000000000000e+03 3.527000000000000000e+03 3.545000000000000000e+03 3.559000000000000000e+03 3.563000000000000000e+03 3.570000000000000000e+03 3.580000000000000000e+03 3.592000000000000000e+03 3.592000000000000000e+03 3.605000000000000000e+03 3.603000000000000000e+03 3.602000000000000000e+03 3.603000000000000000e+03 3.607000000000000000e+03 3.605000000000000000e+03 3.603000000000000000e+03 3.593000000000000000e+03 3.593000000000000000e+03 3.587000000000000000e+03 3.580000000000000000e+03 3.576000000000000000e+03 3.568000000000000000e+03 3.550000000000000000e+03 3.531000000000000000e+03 3.510000000000000000e+03 3.515000000000000000e+03 0.000000000000000000e+00 3.502000000000000000e+03 0.000000000000000000e+00 0.000000000000000000e+00 0.000000000000000000e+00
0.000000000000000000e+00 0.000000000000000000e+00 0.000000000000000000e+00 3.501000000000000000e+03 3.533000000000000000e+03 3.550000000000000000e+03 3.569000000000000000e+03 3.584000000000000000e+03 3.600000000000000000e+03 3.621000000000000000e+03 3.632000000000000000e+03 3.640000000000000000e+03 3.638000000000000000e+03 3.649000000000000000e+03 3.660000000000000000e+03 3.668000000000000000e+03 3.671000000000000000e+03 3.670000000000000000e+03 3.667000000000000000e+03 3.669000000000000000e+03 3.669000000000000000e+03 3.672000000000000000e+03 3.660000000000000000e+03 3.656000000000000000e+03 3.654000000000000000e+03 3.648000000000000000e+03 3.635000000000000000e+03 3.622000000000000000e+03 3.608000000000000000e+03 3.584000000000000000e+03 3.570000000000000000e+03 3.570000000000000000e+03 3.563000000000000000e+03 3.563000000000000000e+03 3.520000000000000000e+03 0.000000000000000000e+00 0.000000000000000000e+00
0.000000000000000000e+00 0.000000000000000000e+00 3.522000000000000000e+03 3.551000000000000000e+03 3.581000000000000000e+03 3.606000000000000000e+03 3.624000000000000000e+03 3.642000000000000000e+03 3.653000000000000000e+03 3.675000000000000000e+03 3.690000000000000000e+03 3.699000000000000000e+03 3.711000000000000000e+03 3.718000000000000000e+03 3.720000000000000000e+03 3.735000000000000000e+03 3.731000000000000000e+03 3.739000000000000000e+03 3.730000000000000000e+03 3.734000000000000000e+03 3.733000000000000000e+03 3.733000000000000000e+03 3.726000000000000000e+03 3.715000000000000000e+03 3.717000000000000000e+03 3.706000000000000000e+03 3.691000000000000000e+03 3.686000000000000000e+03 3.668000000000000000e+03 3.652000000000000000e+03 3.628000000000000000e+03 3.609000000000000000e+03 3.587000000000000000e+03 3.572000000000000000e+03 3.554000000000000000e+03 3.531000000000000000e+03 0.000000000000000000e+00
0.000000000000000000e+00 3.531000000000000000e+03 3.558000000000000000e+03 3.595000000000000000e+03 3.627000000000000000e+03 3.669000000000000000e+03 3.681000000000000000e+03 3.709000000000000000e+03 3.722000000000000000e+03 3.743000000000000000e+03 3.749000000000000000e+03 3.767000000000000000e+03 3.769000000000000000e+03 3.776000000000000000e+03 3.787000000000000000e+03 3.797000000000000000e+03 3.801000000000000000e+03 3.800000000000000000e+03 3.806000000000000000e+03 3.797000000000000000e+03 3.798000000000000000e+03 3.795000000000000000e+03 3.790000000000000000e+03 3.783000000000000000e+03 3.782000000000000000e+03 3.770000000000000000e+03 3.752000000000000000e+03 3.739000000000000000e+03 3.730000000000000000e+03 3.707000000000000000e+03 3.686000000000000000e+03 3.676000000000000000e+03 3.636000000000000000e+03 0.000000000000000000e+00 3.580000000000000000e+03 3.552000000000000000e+03 3.511000000000000000e+03
3.527000000000000000e+03 3.567000000000000000e+03 3.605000000000000000e+03 3.659000000000000000e+03 3.678000000000000000e+03 3.705000000000000000e+03 3.732000000000000000e+03 3.754000000000000000e+03 3.771000000000000000e+03 3.803000000000000000e+03 3.817000000000000000e+03 3.819000000000000000e+03 3.836000000000000000e+03 3.844000000000000000e+03 3.852000000000000000e+03 3.855000000000000000e+03 3.863000000000000000e+03 3.867000000000000000e+03 3.865000000000000000e+03 3.864000000000000000e+03 3.860000000000000000e+03 3.863000000000000000e+03 3.855000000000000000e+03 3.851000000000000000e+03 3.846000000000000000e+03 3.828000000000000000e+03 3.816000000000000000e+03 3.807000000000000000e+03 3.797000000000000000e+03 3.759000000000000000e+03 3.742000000000000000e+03 3.727000000000000000e+03 3.676000000000000000e+03 3.652000000000000000e+03 3.600000000000000000e+03 3.575000000000000000e+03 3.524000000000000000e+03
3.552000000000000000e+03 3.617000000000000000e+03 3.641000000000000000e+03 3.693000000000000000e+03 3.723000000000000000e+03 3.758000000000000000e+03 3.794000000000000000e+03 3.809000000000000000e+03 3.839000000000000000e+03 3.848000000000000000e+03 3.879000000000000000e+03 3.888000000000000000e+03 3.903000000000000000e+03 3.906000000000000000e+03 3.914000000000000000e+03 3.921000000000000000e+03 3.925000000000000000e+03 3.934000000000000000e+03 3.930000000000000000e+03 3.933000000000000000e+03 3.928000000000000000e+03 3.928000000000000000e+03 3.923000000000000000e+03 3.915000000000000000e+03 3.907000000000000000e+03 3.895000000000000000e+03 3.878000000000000000e+03 3.864000000000000000e+03 3.847000000000000000e+03 3.818000000000000000e+03 3.799000000000000000e+03 3.776000000000000000e+03 3.740000000000000000e+03 3.691000000000000000e+03 3.643000000000000000e+03 3.606000000000000000e+03 3.561000000000000000e+03
3.587000000000000000e+03 3.628000000000000000e+03 3.681000000000000000e+03 3.735000000000000000e+03 3.766000000000000000e+03 3.810000000000000000e+03 3.842000000000000000e+03 3.865000000000000000e+03 3.900000000000000000e+03 3.914000000000000000e+03 3.930000000000000000e+03 3.952000000000000000e+03 3.964000000000000000e+03 3.970000000000000000e+03 3.974000000000000000e+03 3.985000000000000000e+03 3.996000000000000000e+03 3.996000000000000000e+03 4.001000000000000000e+03 3.994000000000000000e+03 3.996000000000000000e+03 3.993000000000000000e+03 3.981000000000000000e+03 3.969000000000000000e+03 3.969000000000000000e+03 3.949000000000000000e+03 3.944000000000000000e+03 3.927000000000000000e+03 3.894000000000000000e+03 3.873000000000000000e+03 3.847000000000000000e+03 3.813000000000000000e+03 3.770000000000000000e+03 3.732000000000000000e+03 3.691000000000000000e+03 3.628000000000000000e+03 3.582000000000000000e+03
3.604000000000000000e+03 3.677000000000000000e+03 3.719000000000000000e+03 3.758000000000000000e+03 3.810000000000000000e+03 3.848000000000000000e+03 3.877000000000000000e+03 3.921000000000000000e+03 3.941000000000000000e+03 3.973000000000000000e+03 3.991000000000000000e+03 4.006000000000000000e+03 4.028000000000000000e+03 4.036000000000000000e+03 4.045000000000000000e+03 4.051000000000000000e+03 4.056000000000000000e+03 4.065000000000000000e+03 4.062000000000000000e+03 4.064000000000000000e+03 4.061000000000000000e+03 4.055000000000000000e+03 4.051000000000000000e+03 4.042000000000000000e+03 4.031000000000000000e+03 4.016000000000000000e+03 4.000000000000000000e+03 3.972000000000000000e+03 3.950000000000000000e+03 3.934000000000000000e+03 3.895000000000000000e+03 3.859000000000000000e+03 3.798000000000000000e+03 3.759000000000000000e+03 3.722000000000000000e+03 3.660000000000000000e+03 3.611000000000000000e+03
3.632000000000000000e+03 3.686000000000000000e+03 3.742000000000000000e+03 3.793000000000000000e+03 3.844000000000000000e+03 3.888000000000000000e+03 3.935000000000000000e+03 3.955000000000000000e+03 3.990000000000000000e+03 4.029000000000000000e+03 4.043000000000000000e+03 4.065000000000000000e+03 4.091000000000000000e+03 4.094000000000000000e+03 4.101000000000000000e+03 4.116000000000000000e+03 4.117000000000000000e+03 4.126000000000000000e+03 4.128000000000000000e+03 4.130000000000000000e+03 4.125000000000000000e+03 4.120000000000000000e+03 4.118000000000000000e+03 4.102000000000000000e+03 4.090000000000000000e+03 4.072000000000000000e+03 4.058000000000000000e+03 4.031000000000000000e+03 4.002000000000000000e+03 3.965000000000000000e+03 3.938000000000000000e+03 3.892000000000000000e+03 3.844000000000000000e+03 3.787000000000000000e+03 3.733000000000000000e+03 3.688000000000000000e+03 3.625000000000000000e+03
3.656000000000000000e+03 3.709000000000000000e+03 3.767000000000000000e+03 3.823000000000000000e+03 3.872000000000000000e+03 3.928000000000000000e+03 3.969000000000000000e+03 4.015000000000000000e+03 4.043000000000000000e+03 4.066000000000000000e+03 4.114000000000000000e+03 4.120000000000000000e+03 4.153000000000000000e+03 4.165000000000000000e+03 4.175000000000000000e+03 4.188000000000000000e+03 4.180000000000000000e+03 4.189000000000000000e+03 4.196000000000000000e+03 4.194000000000000000e+03 4.191000000000000000e+03 4.191000000000000000e+03 4.183000000000000000e+03 4.166000000000000000e+03 4.156000000000000000e+03 4.130000000000000000e+03 4.105000000000000000e+03 4.077000000000000000e+03 4.057000000000000000e+03 4.001000000000000000e+03 3.971000000000000000e+03 3.920000000000000000e+03 3.863000000000000000e+03 3.822000000000000000e+03 3.768000000000000000e+03 3.709000000000000000e+03 3.641000000000000000e+03
3.661000000000000000e+03 3.720000000000000000e+03 3.779000000000000000e+03 3.841000000000000000e+03 3.897000000000000000e+03 3.952000000000000000e+03 4.014000000000000000e+03 4.053000000000000000e+03 4.085000000000000000e+03 4.135000000000000000e+03 4.151000000000000000e+03 4.183000000000000000e+03 4.207000000000000000e+03 4.224000000000000000e+03 4.240000000000000000e+03 4.247000000000000000e+03 4.256000000000000000e+03 4.254000000000000000e+03 4.262000000000000000e+03 4.259000000000000000e+03 4.259000000000000000e+03 4.254000000000000000e+03 4.238000000000000000e+03 4.230000000000000000e+03 4.220000000000000000e+03 4.179000000000000000e+03 4.162000000000000000e+03 4.124000000000000000e+03 4.100000000000000000e+03 4.051000000000000000e+03 4.000000000000000000e+03 3.954000000000000000e+03 3.903000000000000000e+03 3.845000000000000000e+03 3.784000000000000000e+03 3.729000000000000000e+03 3.662000000000000000e+03
3.687000000000000000e+03 3.745000000000000000e+03 3.803000000000000000e+03 3.864000000000000000e+03 3.919000000000000000e+03 3.975000000000000000e+03 4.029000000000000000e+03 4.082000000000000000e+03 4.140000000000000000e+03 4.179000000000000000e+03 4.212000000000000000e+03 4.240000000000000000e+03 4.261000000000000000e+03 4.290000000000000000e+03 4.296000000000000000e+03 4.313000000000000000e+03 4.323000000000000000e+03 4.322000000000000000e+03 4.330000000000000000e+03 4.328000000000000000e+03 4.327000000000000000e+03 4.320000000000000000e+03 4.311000000000000000e+03 4.290000000000000000e+03 4.257000000000000000e+03 4.238000000000000000e+03 4.206000000000000000e+03 4.183000000000000000e+03 4.125000000000000000e+03 4.087000000000000000e+03 4.023000000000000000e+03 3.981000000000000000e+03 3.908000000000000000e+03 3.856000000000000000e+03 3.796000000000000000e+03 3.738000000000000000e+03 3.678000000000000000e+03
3.705000000000000000e+03 3.756000000000000000e+03 3.816000000000000000e+03 3.882000000000000000e+03 3.936000000000000000e+03 3.997000000000000000e+03 4.059000000000000000e+03 4.113000000000000000e+03 4.157000000000000000e+03 4.214000000000000000e+03 4.256000000000000000e+03 4.296000000000000000e+03 4.326000000000000000e+03 4.351000000000000000e+03 4.354000000000000000e+03 4.377000000000000000e+03 4.382000000000000000e+03 4.390000000000000000e+03 4.395000000000000000e+03 4.397000000000000000e+03 4.387000000000000000e+03 4.376000000000000000e+03 4.368000000000000000e+03 4.345000000000000000e+03 4.324000000000000000e+03 4.305000000000000000e+03 4.268000000000000000e+03 4.212000000000000000e+03 4.159000000000000000e+03 4.112000000000000000e+03 4.052000000000000000e+03 3.983000000000000000e+03 3.921000000000000000e+03 3.876000000000000000e+03 3.812000000000000000e+03 3.749000000000000000e+03 3.692000000000000000e+03
3.700000000000000000e+03 3.764000000000000000e+03 3.822000000000000000e+03 3.891000000000000000e+03 3.954000000000000000e+03 4.013000000000000000e+03 4.062000000000000000e+03 4.135000000000000000e+03 4.193000000000000000e+03 4.239000000000000000e+03 4.291000000000000000e+03 4.329000000000000000e+03 4.386000000000000000e+03 4.414000000000000000e+03 4.426000000000000000e+03 4.445000000000000000e+03 4.457000000000000000e+03 4.461000000000000000e+03 4.465000000000000000e+03 4.458000000000000000e+03 4.456000000000000000e+03 4.442000000000000000e+03 4.431000000000000000e+03 4.400000000000000000e+03 4.382000000000000000e+03 4.341000000000000000e+03 4.283000000000000000e+03 4.245000000000000000e+03 4.194000000000000000e+03 4.126000000000000000e+03 4.071000000000000000e+03 4.009000000000000000e+03 3.951000000000000000e+03 3.893000000000000000e+03 3.829000000000000000e+03 3.762000000000000000e+03 3.697000000000000000e+03
3.716000000000000000e+03 3.781000000000000000e+03 3.837000000000000000e+03 3.898000000000000000e+03 3.964000000000000000e+03 4.028000000000000000e+03 4.086000000000000000e+03 4.152000000000000000e+03 4.215000000000000000e+03 4.264000000000000000e+03 4.329000000000000000e+03 4.377000000000000000e+03 4.411000000000000000e+03 4.465000000000000000e+03 4.491000000000000000e+03 4.498000000000000000e+03 4.520000000000000000e+03 4.530000000000000000e+03 4.532000000000000000e+03 4.526000000000000000e+03 4.518000000000000000e+03 4.511000000000000000e+03 4.492000000000000000e+03 4.457000000000000000e+03 4.434000000000000000e+03 4.382000000000000000e+03 4.324000000000000000e+03 4.267000000000000000e+03 4.205000000000000000e+03 4.145000000000000000e+03 4.083000000000000000e+03 4.027000000000000000e+03 3.965000000000000000e+03 3.893000000000000000e+03 3.833000000000000000e+03 3.772000000000000000e+03 3.717000000000000000e+03
3.721000000000000000e+03 3.786000000000000000e+03 3.846000000000000000e+03 3.910000000000000000e+03 3.976000000000000000e+03 4.036000000000000000e+03 4.103000000000000000e+03 4.163000000000000000e+03 4.230000000000000000e+03 4.291000000000000000e+03 4.353000000000000000e+03 4.409000000000000000e+03 4.452000000000000000e+03 4.506000000000000000e+03 4.541000000000000000e+03 4.564000000000000000e+03 4.585000000000000000e+03 4.597000000000000000e+03 4.598000000000000000e+03 4.599000000000000000e+03 4.590000000000000000e+03 4.568000000000000000e+03 4.545000000000000000e+03 4.505000000000000000e+03 4.469000000000000000e+03 4.401000000000000000e+03 4.345000000000000000e+03 4.291000000000000000e+03 4.224000000000000000e+03 4.159000000000000000e+03 4.098000000000000000e+03 4.038000000000000000e+03 3.975000000000000000e+03 3.909000000000000000e+03 3.846000000000000000e+03 3.785000000000000000e+03 3.716000000000000000e+03
