arrival_time.asc
NCOLS 124
NROWS 164
XLLCORNER -2864897.89083566
YLLCORNER -3014754.86789172
CELLSIZE 50000
NODATA_value -9999
[rows 48 to 63 of 164, columns 37 to 73 of 124]
4.890000000000000000e+03 4.980000000000000000e+03 5.040000000000000000e+03 5.100000000000000000e+03 5.160000000000000000e+03 5.250000000000000000e+03 5.310000000000000000e+03 5.370000000000000000e+03 5.430000000000000000e+03 5.490000000000000000e+03 5.520000000000000000e+03 5.550000000000000000e+03 5.580000000000000000e+03 5.610000000000000000e+03 5.610000000000000000e+03 5.610000000000000000e+03 5.610000000000000000e+03 5.610000000000000000e+03 5.580000000000000000e+03 5.550000000000000000e+03 5.490000000000000000e+03 5.430000000000000000e+03 5.400000000000000000e+03 5.340000000000000000e+03 5.280000000000000000e+03 5.220000000000000000e+03 5.160000000000000000e+03 5.100000000000000000e+03 5.040000000000000000e+03 4.950000000000000000e+03 4.890000000000000000e+03 4.830000000000000000e+03 4.770000000000000000e+03 4.680000000000000000e+03 4.620000000000000000e+03 4.560000000000000000e+03 4.500000000000000000e+03
4.920000000000000000e+03 4.980000000000000000e+03 5.070000000000000000e+03 5.130000000000000000e+03 5.190000000000000000e+03 5.250000000000000000e+03 5.340000000000000000e+03 5.400000000000000000e+03 5.460000000000000000e+03 5.520000000000000000e+03 5.580000000000000000e+03 5.640000000000000000e+03 5.670000000000000000e+03 5.670000000000000000e+03 5.700000000000000000e+03 5.700000000000000000e+03 5.700000000000000000e+03 5.670000000000000000e+03 5.640000000000000000e+03 5.580000000000000000e+03 5.520000000000000000e+03 5.490000000000000000e+03 5.430000000000000000e+03 5.370000000000000000e+03 5.310000000000000000e+03 5.250000000000000000e+03 5.190000000000000000e+03 5.100000000000000000e+03 5.040000000000000000e+03 4.980000000000000000e+03 4.920000000000000000e+03 4.830000000000000000e+03 4.770000000000000000e+03 4.710000000000000000e+03 4.620000000000000000e+03 4.560000000000000000e+03 4.500000000000000000e+03
4.920000000000000000e+03 5.010000000000000000e+03 5.070000000000000000e+03 5.130000000000000000e+03 5.220000000000000000e+03 5.280000000000000000e+03 5.340000000000000000e+03 5.430000000000000000e+03 5.490000000000000000e+03 5.550000000000000000e+03 5.610000000000000000e+03 5.670000000000000000e+03 5.730000000000000000e+03 5.760000000000000000e+03 5.760000000000000000e+03 5.760000000000000000e+03 5.760000000000000000e+03 5.760000000000000000e+03 5.700000000000000000e+03 5.610000000000000000e+03 5.580000000000000000e+03 5.520000000000000000e+03 5.460000000000000000e+03 5.400000000000000000e+03 5.340000000000000000e+03 5.280000000000000000e+03 5.190000000000000000e+03 5.130000000000000000e+03 5.070000000000000000e+03 4.980000000000000000e+03 4.920000000000000000e+03 4.860000000000000000e+03 4.770000000000000000e+03 4.710000000000000000e+03 4.650000000000000000e+03 4.560000000000000000e+03 4.500000000000000000e+03
4.950000000000000000e+03 5.010000000000000000e+03 5.070000000000000000e+03 5.160000000000000000e+03 5.220000000000000000e+03 5.280000000000000000e+03 5.340000000000000000e+03 5.430000000000000000e+03 5.490000000000000000e+03 5.550000000000000000e+03 5.610000000000000000e+03 5.700000000000000000e+03 5.760000000000000000e+03 5.850000000000000000e+03 5.850000000000000000e+03 5.850000000000000000e+03 5.850000000000000000e+03 5.790000000000000000e+03 5.700000000000000000e+03 5.700000000000000000e+03 5.610000000000000000e+03 5.550000000000000000e+03 5.490000000000000000e+03 5.430000000000000000e+03 5.370000000000000000e+03 5.280000000000000000e+03 5.220000000000000000e+03 5.130000000000000000e+03 5.070000000000000000e+03 4.980000000000000000e+03 4.920000000000000000e+03 4.860000000000000000e+03 4.770000000000000000e+03 4.710000000000000000e+03 4.650000000000000000e+03 4.560000000000000000e+03 4.500000000000000000e+03
4.950000000000000000e+03 5.010000000000000000e+03 5.070000000000000000e+03 5.160000000000000000e+03 5.220000000000000000e+03 5.280000000000000000e+03 5.370000000000000000e+03 5.430000000000000000e+03 3.990000000000000000e+03 5.580000000000000000e+03 5.640000000000000000e+03 5.700000000000000000e+03 5.790000000000000000e+03 5.850000000000000000e+03 5.970000000000000000e+03 5.970000000000000000e+03 3.990000000000000000e+03 5.790000000000000000e+03 5.790000000000000000e+03 5.700000000000000000e+03 5.640000000000000000e+03 5.610000000000000000e+03 5.520000000000000000e+03 5.460000000000000000e+03 5.370000000000000000e+03 5.310000000000000000e+03 5.220000000000000000e+03 5.130000000000000000e+03 5.070000000000000000e+03 5.010000000000000000e+03 4.920000000000000000e+03 4.860000000000000000e+03 4.770000000000000000e+03 4.710000000000000000e+03 4.650000000000000000e+03 4.590000000000000000e+03 4.500000000000000000e+03
4.950000000000000000e+03 5.010000000000000000e+03 5.100000000000000000e+03 5.160000000000000000e+03 5.250000000000000000e+03 5.310000000000000000e+03 5.370000000000000000e+03 5.430000000000000000e+03 5.490000000000000000e+03 4.980000000000000000e+03 5.640000000000000000e+03 5.730000000000000000e+03 5.790000000000000000e+03 5.880000000000000000e+03 5.970000000000000000e+03 6.000000000000000000e+03 9.900000000000000000e+02 -9.999000000000000000e+03 5.790000000000000000e+03 5.730000000000000000e+03 5.700000000000000000e+03 5.610000000000000000e+03 5.520000000000000000e+03 5.460000000000000000e+03 5.370000000000000000e+03 5.310000000000000000e+03 5.220000000000000000e+03 5.130000000000000000e+03 5.070000000000000000e+03 5.010000000000000000e+03 4.920000000000000000e+03 4.860000000000000000e+03 4.770000000000000000e+03 4.710000000000000000e+03 4.650000000000000000e+03 4.590000000000000000e+03 4.500000000000000000e+03
4.950000000000000000e+03 5.010000000000000000e+03 5.100000000000000000e+03 5.160000000000000000e+03 5.250000000000000000e+03 5.310000000000000000e+03 5.370000000000000000e+03 5.430000000000000000e+03 5.460000000000000000e+03 1.980000000000000000e+03 5.640000000000000000e+03 5.730000000000000000e+03 5.790000000000000000e+03 5.880000000000000000e+03 5.970000000000000000e+03 4.980000000000000000e+03 6.000000000000000000e+03 3.990000000000000000e+03 5.790000000000000000e+03 5.790000000000000000e+03 5.700000000000000000e+03 5.610000000000000000e+03 9.900000000000000000e+02 3.000000000000000000e+03 5.370000000000000000e+03 5.310000000000000000e+03 5.220000000000000000e+03 5.130000000000000000e+03 5.070000000000000000e+03 5.010000000000000000e+03 4.920000000000000000e+03 4.860000000000000000e+03 4.770000000000000000e+03 4.710000000000000000e+03 4.650000000000000000e+03 4.590000000000000000e+03 4.530000000000000000e+03
9.900000000000000000e+02 3.990000000000000000e+03 5.100000000000000000e+03 3.990000000000000000e+03 5.250000000000000000e+03 3.990000000000000000e+03 3.990000000000000000e+03 5.430000000000000000e+03 5.460000000000000000e+03 3.990000000000000000e+03 4.980000000000000000e+03 3.990000000000000000e+03 5.790000000000000000e+03 5.880000000000000000e+03 5.970000000000000000e+03 6.000000000000000000e+03 6.000000000000000000e+03 3.990000000000000000e+03 9.900000000000000000e+02 3.990000000000000000e+03 -9.999000000000000000e+03 3.990000000000000000e+03 3.990000000000000000e+03 1.980000000000000000e+03 5.280000000000000000e+03 5.280000000000000000e+03 5.190000000000000000e+03 5.130000000000000000e+03 3.990000000000000000e+03 4.980000000000000000e+03 4.920000000000000000e+03 4.860000000000000000e+03 4.770000000000000000e+03 4.710000000000000000e+03 4.650000000000000000e+03 4.590000000000000000e+03 4.530000000000000000e+03
1.980000000000000000e+03 5.010000000000000000e+03 5.040000000000000000e+03 5.160000000000000000e+03 3.000000000000000000e+03 5.160000000000000000e+03 -9.999000000000000000e+03 9.900000000000000000e+02 9.900000000000000000e+02 3.990000000000000000e+03 1.980000000000000000e+03 3.990000000000000000e+03 5.790000000000000000e+03 5.850000000000000000e+03 5.970000000000000000e+03 5.970000000000000000e+03 5.970000000000000000e+03 3.990000000000000000e+03 9.900000000000000000e+02 9.900000000000000000e+02 -9.999000000000000000e+03 -9.999000000000000000e+03 5.310000000000000000e+03 4.980000000000000000e+03 5.220000000000000000e+03 5.190000000000000000e+03 5.190000000000000000e+03 5.100000000000000000e+03 5.040000000000000000e+03 4.980000000000000000e+03 4.920000000000000000e+03 4.830000000000000000e+03 4.770000000000000000e+03 4.740000000000000000e+03 4.650000000000000000e+03 4.620000000000000000e+03 1.980000000000000000e+03
4.920000000000000000e+03 4.950000000000000000e+03 5.040000000000000000e+03 5.040000000000000000e+03 5.130000000000000000e+03 5.130000000000000000e+03 -9.999000000000000000e+03 -9.999000000000000000e+03 -9.999000000000000000e+03 -9.999000000000000000e+03 -9.999000000000000000e+03 1.980000000000000000e+03 1.980000000000000000e+03 3.990000000000000000e+03 4.980000000000000000e+03 -9.999000000000000000e+03 9.900000000000000000e+02 3.990000000000000000e+03 5.640000000000000000e+03 -9.999000000000000000e+03 -9.999000000000000000e+03 -9.999000000000000000e+03 5.280000000000000000e+03 5.280000000000000000e+03 3.990000000000000000e+03 5.280000000000000000e+03 5.190000000000000000e+03 5.100000000000000000e+03 5.040000000000000000e+03 4.980000000000000000e+03 4.920000000000000000e+03 4.830000000000000000e+03 4.800000000000000000e+03 3.990000000000000000e+03 4.740000000000000000e+03 4.650000000000000000e+03 3.990000000000000000e+03
4.860000000000000000e+03 4.950000000000000000e+03 4.980000000000000000e+03 5.040000000000000000e+03 5.070000000000000000e+03 5.070000000000000000e+03 -9.999000000000000000e+03 -9.999000000000000000e+03 -9.999000000000000000e+03 -9.999000000000000000e+03 -9.999000000000000000e+03 -9.999000000000000000e+03 4.980000000000000000e+03 3.990000000000000000e+03 3.990000000000000000e+03 3.990000000000000000e+03 -9.999000000000000000e+03 -9.999000000000000000e+03 -9.999000000000000000e+03 -9.999000000000000000e+03 -9.999000000000000000e+03 3.990000000000000000e+03 3.990000000000000000e+03 5.370000000000000000e+03 5.370000000000000000e+03 5.280000000000000000e+03 5.190000000000000000e+03 5.130000000000000000e+03 5.040000000000000000e+03 4.980000000000000000e+03 9.900000000000000000e+02 9.900000000000000000e+02 3.990000000000000000e+03 4.800000000000000000e+03 4.740000000000000000e+03 4.650000000000000000e+03 1.950000000000000000e+03
4.830000000000000000e+03 4.890000000000000000e+03 4.950000000000000000e+03 3.990000000000000000e+03 4.980000000000000000e+03 -9.999000000000000000e+03 -9.999000000000000000e+03 -9.999000000000000000e+03 -9.999000000000000000e+03 -9.999000000000000000e+03 -9.999000000000000000e+03 -9.999000000000000000e+03 -9.999000000000000000e+03 -9.999000000000000000e+03 4.950000000000000000e+03 -9.999000000000000000e+03 -9.999000000000000000e+03 -9.999000000000000000e+03 -9.999000000000000000e+03 -9.999000000000000000e+03 -9.999000000000000000e+03 -9.999000000000000000e+03 3.000000000000000000e+03 5.460000000000000000e+03 5.370000000000000000e+03 5.280000000000000000e+03 5.190000000000000000e+03 5.130000000000000000e+03 5.040000000000000000e+03 -9.999000000000000000e+03 4.920000000000000000e+03 3.990000000000000000e+03 3.990000000000000000e+03 4.800000000000000000e+03 4.740000000000000000e+03 3.990000000000000000e+03 1.920000000000000000e+03
4.800000000000000000e+03 4.830000000000000000e+03 4.830000000000000000e+03 3.990000000000000000e+03 4.920000000000000000e+03 4.920000000000000000e+03 -9.999000000000000000e+03 -9.999000000000000000e+03 -9.999000000000000000e+03 -9.999000000000000000e+03 -9.999000000000000000e+03 -9.999000000000000000e+03 -9.999000000000000000e+03 -9.999000000000000000e+03 -9.999000000000000000e+03 4.950000000000000000e+03 -9.999000000000000000e+03 -9.999000000000000000e+03 -9.999000000000000000e+03 5.610000000000000000e+03 -9.999000000000000000e+03 -9.999000000000000000e+03 5.520000000000000000e+03 1.980000000000000000e+03 4.980000000000000000e+03 5.280000000000000000e+03 -9.999000000000000000e+03 5.130000000000000000e+03 5.040000000000000000e+03 -9.999000000000000000e+03 -9.999000000000000000e+03 1.950000000000000000e+03 -9.999000000000000000e+03 3.990000000000000000e+03 -9.999000000000000000e+03 -9.999000000000000000e+03 -9.999000000000000000e+03
4.740000000000000000e+03 4.740000000000000000e+03 4.740000000000000000e+03 4.860000000000000000e+03 4.860000000000000000e+03 -9.999000000000000000e+03 -9.999000000000000000e+03 -9.999000000000000000e+03 -9.999000000000000000e+03 -9.999000000000000000e+03 -9.999000000000000000e+03 -9.999000000000000000e+03 4.950000000000000000e+03 -9.999000000000000000e+03 -9.999000000000000000e+03 -9.999000000000000000e+03 2.910000000000000000e+03 -9.999000000000000000e+03 -9.999000000000000000e+03 -9.999000000000000000e+03 3.990000000000000000e+03 5.520000000000000000e+03 5.520000000000000000e+03 5.460000000000000000e+03 1.980000000000000000e+03 5.190000000000000000e+03 5.190000000000000000e+03 5.100000000000000000e+03 5.040000000000000000e+03 3.990000000000000000e+03 -9.999000000000000000e+03 -9.999000000000000000e+03 -9.999000000000000000e+03 -9.999000000000000000e+03 -9.999000000000000000e+03 -9.999000000000000000e+03 -9.999000000000000000e+03
-9.999000000000000000e+03 -9.999000000000000000e+03 -9.999000000000000000e+03 4.800000000000000000e+03 4.800000000000000000e+03 3.990000000000000000e+03 3.990000000000000000e+03 1.980000000000000000e+03 4.770000000000000000e+03 4.860000000000000000e+03 3.000000000000000000e+03 9.900000000000000000e+02 -9.999000000000000000e+03 -9.999000000000000000e+03 -9.999000000000000000e+03 -9.999000000000000000e+03 -9.999000000000000000e+03 2.910000000000000000e+03 -9.999000000000000000e+03 -9.999000000000000000e+03 -9.999000000000000000e+03 9.900000000000000000e+02 -9.999000000000000000e+03 -9.999000000000000000e+03 9.900000000000000000e+02 5.190000000000000000e+03 5.130000000000000000e+03 5.100000000000000000e+03 5.010000000000000000e+03 -9.999000000000000000e+03 -9.999000000000000000e+03 -9.999000000000000000e+03 -9.999000000000000000e+03 -9.999000000000000000e+03 -9.999000000000000000e+03 -9.999000000000000000e+03 -9.999000000000000000e+03
-9.999000000000000000e+03 -9.999000000000000000e+03 -9.999000000000000000e+03 -9.999000000000000000e+03 4.710000000000000000e+03 4.710000000000000000e+03 3.000000000000000000e+03 3.990000000000000000e+03 4.770000000000000000e+03 4.770000000000000000e+03 4.860000000000000000e+03 3.990000000000000000e+03 4.860000000000000000e+03 4.860000000000000000e+03 -9.999000000000000000e+03 3.960000000000000000e+03 -9.999000000000000000e+03 -9.999000000000000000e+03 -9.999000000000000000e+03 -9.999000000000000000e+03 2.970000000000000000e+03 -9.999000000000000000e+03 -9.999000000000000000e+03 -9.999000000000000000e+03 5.190000000000000000e+03 5.160000000000000000e+03 5.130000000000000000e+03 5.040000000000000000e+03 5.010000000000000000e+03 -9.999000000000000000e+03 -9.999000000000000000e+03 -9.999000000000000000e+03 -9.999000000000000000e+03 -9.999000000000000000e+03 -9.999000000000000000e+03 -9.999000000000000000e+03 -9.999000000000000000e+03
