arrival_time.asc
NCOLS 238
NROWS 317
XLLCORNER -2739897.89083566
YLLCORNER -2864754.86789172
CELLSIZE 25000
NODATA_value -9999
[rows 64 to 79 of 317, columns 74 to 110 of 238]
3.820000000000000000e+03 3.850000000000000000e+03 3.880000000000000000e+03 3.910000000000000000e+03 3.940000000000000000e+03 3.970000000000000000e+03 3.970000000000000000e+03 4.000000000000000000e+03 4.000000000000000000e+03 4.000000000000000000e+03 4.000000000000000000e+03 4.030000000000000000e+03 4.030000000000000000e+03 4.030000000000000000e+03 4.060000000000000000e+03 4.060000000000000000e+03 4.060000000000000000e+03 4.060000000000000000e+03 4.060000000000000000e+03 4.090000000000000000e+03 4.090000000000000000e+03 4.090000000000000000e+03 4.090000000000000000e+03 4.090000000000000000e+03 4.090000000000000000e+03 4.090000000000000000e+03 4.090000000000000000e+03 4.090000000000000000e+03 4.090000000000000000e+03 4.090000000000000000e+03 4.090000000000000000e+03 4.090000000000000000e+03 4.090000000000000000e+03 4.060000000000000000e+03 4.060000000000000000e+03 4.060000000000000000e+03 4.060000000000000000e+03
3.850000000000000000e+03 3.880000000000000000e+03 3.910000000000000000e+03 3.940000000000000000e+03 3.970000000000000000e+03 4.000000000000000000e+03 4.000000000000000000e+03 4.030000000000000000e+03 4.030000000000000000e+03 4.060000000000000000e+03 4.060000000000000000e+03 4.060000000000000000e+03 4.060000000000000000e+03 4.090000000000000000e+03 4.090000000000000000e+03 4.090000000000000000e+03 4.090000000000000000e+03 4.120000000000000000e+03 4.120000000000000000e+03 4.120000000000000000e+03 4.120000000000000000e+03 4.120000000000000000e+03 4.120000000000000000e+03 4.120000000000000000e+03 4.120000000000000000e+03 4.120000000000000000e+03 4.120000000000000000e+03 4.120000000000000000e+03 4.120000000000000000e+03 4.120000000000000000e+03 4.120000000000000000e+03 4.120000000000000000e+03 4.120000000000000000e+03 4.120000000000000000e+03 4.120000000000000000e+03 4.090000000000000000e+03 4.090000000000000000e+03
3.880000000000000000e+03 3.910000000000000000e+03 3.940000000000000000e+03 3.970000000000000000e+03 4.000000000000000000e+03 4.030000000000000000e+03 4.060000000000000000e+03 4.060000000000000000e+03 4.090000000000000000e+03 4.090000000000000000e+03 4.090000000000000000e+03 4.090000000000000000e+03 4.120000000000000000e+03 4.120000000000000000e+03 4.120000000000000000e+03 4.150000000000000000e+03 4.150000000000000000e+03 4.150000000000000000e+03 4.150000000000000000e+03 4.150000000000000000e+03 4.150000000000000000e+03 4.180000000000000000e+03 4.180000000000000000e+03 4.180000000000000000e+03 4.180000000000000000e+03 4.180000000000000000e+03 4.180000000000000000e+03 4.180000000000000000e+03 4.180000000000000000e+03 4.180000000000000000e+03 4.180000000000000000e+03 4.180000000000000000e+03 4.150000000000000000e+03 4.150000000000000000e+03 4.150000000000000000e+03 4.150000000000000000e+03 4.120000000000000000e+03
3.910000000000000000e+03 3.940000000000000000e+03 3.970000000000000000e+03 4.000000000000000000e+03 4.030000000000000000e+03 4.060000000000000000e+03 4.090000000000000000e+03 4.090000000000000000e+03 4.120000000000000000e+03 4.120000000000000000e+03 4.150000000000000000e+03 4.150000000000000000e+03 4.150000000000000000e+03 4.150000000000000000e+03 4.180000000000000000e+03 4.180000000000000000e+03 4.180000000000000000e+03 4.180000000000000000e+03 4.210000000000000000e+03 4.210000000000000000e+03 4.210000000000000000e+03 4.210000000000000000e+03 4.210000000000000000e+03 4.210000000000000000e+03 4.210000000000000000e+03 4.210000000000000000e+03 4.210000000000000000e+03 4.210000000000000000e+03 4.210000000000000000e+03 4.210000000000000000e+03 4.210000000000000000e+03 4.210000000000000000e+03 4.210000000000000000e+03 4.210000000000000000e+03 4.180000000000000000e+03 4.180000000000000000e+03 4.180000000000000000e+03
3.940000000000000000e+03 3.970000000000000000e+03 4.000000000000000000e+03 4.030000000000000000e+03 4.060000000000000000e+03 4.090000000000000000e+03 4.120000000000000000e+03 4.150000000000000000e+03 4.150000000000000000e+03 4.180000000000000000e+03 4.180000000000000000e+03 4.180000000000000000e+03 4.180000000000000000e+03 4.210000000000000000e+03 4.210000000000000000e+03 4.210000000000000000e+03 4.210000000000000000e+03 4.240000000000000000e+03 4.240000000000000000e+03 4.240000000000000000e+03 4.240000000000000000e+03 4.240000000000000000e+03 4.240000000000000000e+03 4.240000000000000000e+03 4.270000000000000000e+03 4.270000000000000000e+03 4.270000000000000000e+03 4.270000000000000000e+03 4.270000000000000000e+03 4.270000000000000000e+03 4.240000000000000000e+03 4.240000000000000000e+03 2.980000000000000000e+03 4.240000000000000000e+03 4.240000000000000000e+03 4.210000000000000000e+03 4.210000000000000000e+03
3.970000000000000000e+03 4.000000000000000000e+03 4.030000000000000000e+03 4.060000000000000000e+03 4.090000000000000000e+03 4.120000000000000000e+03 4.150000000000000000e+03 4.180000000000000000e+03 4.180000000000000000e+03 4.210000000000000000e+03 4.210000000000000000e+03 4.240000000000000000e+03 4.240000000000000000e+03 4.240000000000000000e+03 4.240000000000000000e+03 4.270000000000000000e+03 4.270000000000000000e+03 4.270000000000000000e+03 4.270000000000000000e+03 4.300000000000000000e+03 4.300000000000000000e+03 4.300000000000000000e+03 4.300000000000000000e+03 4.300000000000000000e+03 4.300000000000000000e+03 4.300000000000000000e+03 4.300000000000000000e+03 4.300000000000000000e+03 4.300000000000000000e+03 4.300000000000000000e+03 4.300000000000000000e+03 4.300000000000000000e+03 4.270000000000000000e+03 4.270000000000000000e+03 4.270000000000000000e+03 4.270000000000000000e+03 4.240000000000000000e+03
4.000000000000000000e+03 4.030000000000000000e+03 4.060000000000000000e+03 4.090000000000000000e+03 4.120000000000000000e+03 4.150000000000000000e+03 4.180000000000000000e+03 4.210000000000000000e+03 4.240000000000000000e+03 4.240000000000000000e+03 4.270000000000000000e+03 4.270000000000000000e+03 4.270000000000000000e+03 4.270000000000000000e+03 4.300000000000000000e+03 4.300000000000000000e+03 4.300000000000000000e+03 4.300000000000000000e+03 4.330000000000000000e+03 4.330000000000000000e+03 4.330000000000000000e+03 4.330000000000000000e+03 4.330000000000000000e+03 4.330000000000000000e+03 4.330000000000000000e+03 4.330000000000000000e+03 4.330000000000000000e+03 4.330000000000000000e+03 4.330000000000000000e+03 4.330000000000000000e+03 4.330000000000000000e+03 4.330000000000000000e+03 4.330000000000000000e+03 4.330000000000000000e+03 4.300000000000000000e+03 4.300000000000000000e+03 4.300000000000000000e+03
4.030000000000000000e+03 4.060000000000000000e+03 4.090000000000000000e+03 4.120000000000000000e+03 4.150000000000000000e+03 4.180000000000000000e+03 4.210000000000000000e+03 4.240000000000000000e+03 4.270000000000000000e+03 4.270000000000000000e+03 4.300000000000000000e+03 4.300000000000000000e+03 4.330000000000000000e+03 4.330000000000000000e+03 4.330000000000000000e+03 4.330000000000000000e+03 4.360000000000000000e+03 4.360000000000000000e+03 4.360000000000000000e+03 4.360000000000000000e+03 4.360000000000000000e+03 4.390000000000000000e+03 4.390000000000000000e+03 4.390000000000000000e+03 4.390000000000000000e+03 4.390000000000000000e+03 4.390000000000000000e+03 4.390000000000000000e+03 4.390000000000000000e+03 4.390000000000000000e+03 4.390000000000000000e+03 4.360000000000000000e+03 4.360000000000000000e+03 4.360000000000000000e+03 4.360000000000000000e+03 4.330000000000000000e+03 4.330000000000000000e+03
4.060000000000000000e+03 4.090000000000000000e+03 4.120000000000000000e+03 4.150000000000000000e+03 4.180000000000000000e+03 4.210000000000000000e+03 4.240000000000000000e+03 4.270000000000000000e+03 4.300000000000000000e+03 4.330000000000000000e+03 4.330000000000000000e+03 4.360000000000000000e+03 4.360000000000000000e+03 4.360000000000000000e+03 4.360000000000000000e+03 4.390000000000000000e+03 4.390000000000000000e+03 4.390000000000000000e+03 4.390000000000000000e+03 4.420000000000000000e+03 4.420000000000000000e+03 4.420000000000000000e+03 4.420000000000000000e+03 4.420000000000000000e+03 4.420000000000000000e+03 4.420000000000000000e+03 4.420000000000000000e+03 4.420000000000000000e+03 4.420000000000000000e+03 4.420000000000000000e+03 4.420000000000000000e+03 4.420000000000000000e+03 4.390000000000000000e+03 4.390000000000000000e+03 4.390000000000000000e+03 4.390000000000000000e+03 4.360000000000000000e+03
4.090000000000000000e+03 4.120000000000000000e+03 4.150000000000000000e+03 4.180000000000000000e+03 4.210000000000000000e+03 4.240000000000000000e+03 4.270000000000000000e+03 4.300000000000000000e+03 4.330000000000000000e+03 4.360000000000000000e+03 4.360000000000000000e+03 4.390000000000000000e+03 4.390000000000000000e+03 4.420000000000000000e+03 4.420000000000000000e+03 4.420000000000000000e+03 4.420000000000000000e+03 4.450000000000000000e+03 4.450000000000000000e+03 4.450000000000000000e+03 4.450000000000000000e+03 4.450000000000000000e+03 4.450000000000000000e+03 4.450000000000000000e+03 4.480000000000000000e+03 4.480000000000000000e+03 4.480000000000000000e+03 4.480000000000000000e+03 4.480000000000000000e+03 4.450000000000000000e+03 4.450000000000000000e+03 4.450000000000000000e+03 4.450000000000000000e+03 4.450000000000000000e+03 4.420000000000000000e+03 4.420000000000000000e+03 4.420000000000000000e+03
4.120000000000000000e+03 4.150000000000000000e+03 4.180000000000000000e+03 4.210000000000000000e+03 4.240000000000000000e+03 4.270000000000000000e+03 4.300000000000000000e+03 4.330000000000000000e+03 4.360000000000000000e+03 4.390000000000000000e+03 4.420000000000000000e+03 4.420000000000000000e+03 4.450000000000000000e+03 4.450000000000000000e+03 4.450000000000000000e+03 4.450000000000000000e+03 4.480000000000000000e+03 4.480000000000000000e+03 4.480000000000000000e+03 4.480000000000000000e+03 4.510000000000000000e+03 4.510000000000000000e+03 4.510000000000000000e+03 4.510000000000000000e+03 4.510000000000000000e+03 4.510000000000000000e+03 4.510000000000000000e+03 4.510000000000000000e+03 4.510000000000000000e+03 4.510000000000000000e+03 4.510000000000000000e+03 4.480000000000000000e+03 4.480000000000000000e+03 4.480000000000000000e+03 4.480000000000000000e+03 4.450000000000000000e+03 4.450000000000000000e+03
4.150000000000000000e+03 4.180000000000000000e+03 4.210000000000000000e+03 4.240000000000000000e+03 4.270000000000000000e+03 4.300000000000000000e+03 4.330000000000000000e+03 4.360000000000000000e+03 4.390000000000000000e+03 4.420000000000000000e+03 4.450000000000000000e+03 4.450000000000000000e+03 4.480000000000000000e+03 4.480000000000000000e+03 4.510000000000000000e+03 4.510000000000000000e+03 4.510000000000000000e+03 4.510000000000000000e+03 4.540000000000000000e+03 4.540000000000000000e+03 4.540000000000000000e+03 4.540000000000000000e+03 4.540000000000000000e+03 4.540000000000000000e+03 4.540000000000000000e+03 4.540000000000000000e+03 4.540000000000000000e+03 4.540000000000000000e+03 4.540000000000000000e+03 4.540000000000000000e+03 4.540000000000000000e+03 4.540000000000000000e+03 4.540000000000000000e+03 4.510000000000000000e+03 4.510000000000000000e+03 4.510000000000000000e+03 4.510000000000000000e+03
4.180000000000000000e+03 4.210000000000000000e+03 4.240000000000000000e+03 4.270000000000000000e+03 4.300000000000000000e+03 4.330000000000000000e+03 4.360000000000000000e+03 4.390000000000000000e+03 4.420000000000000000e+03 4.450000000000000000e+03 4.480000000000000000e+03 4.510000000000000000e+03 4.510000000000000000e+03 4.540000000000000000e+03 4.540000000000000000e+03 4.540000000000000000e+03 4.540000000000000000e+03 4.570000000000000000e+03 4.570000000000000000e+03 4.570000000000000000e+03 4.570000000000000000e+03 4.600000000000000000e+03 4.600000000000000000e+03 4.600000000000000000e+03 4.600000000000000000e+03 4.600000000000000000e+03 4.600000000000000000e+03 4.600000000000000000e+03 4.600000000000000000e+03 4.600000000000000000e+03 4.570000000000000000e+03 4.570000000000000000e+03 4.570000000000000000e+03 4.570000000000000000e+03 4.540000000000000000e+03 4.540000000000000000e+03 4.540000000000000000e+03
4.210000000000000000e+03 4.240000000000000000e+03 4.270000000000000000e+03 4.300000000000000000e+03 4.330000000000000000e+03 4.360000000000000000e+03 4.390000000000000000e+03 4.420000000000000000e+03 4.450000000000000000e+03 4.480000000000000000e+03 4.510000000000000000e+03 4.540000000000000000e+03 4.540000000000000000e+03 4.570000000000000000e+03 4.570000000000000000e+03 4.600000000000000000e+03 4.600000000000000000e+03 4.600000000000000000e+03 4.600000000000000000e+03 4.630000000000000000e+03 4.630000000000000000e+03 4.630000000000000000e+03 4.630000000000000000e+03 4.630000000000000000e+03 4.630000000000000000e+03 4.630000000000000000e+03 4.630000000000000000e+03 4.630000000000000000e+03 4.630000000000000000e+03 4.630000000000000000e+03 4.630000000000000000e+03 4.630000000000000000e+03 4.600000000000000000e+03 4.600000000000000000e+03 4.600000000000000000e+03 4.600000000000000000e+03 4.570000000000000000e+03
4.240000000000000000e+03 4.270000000000000000e+03 4.300000000000000000e+03 4.330000000000000000e+03 4.360000000000000000e+03 4.390000000000000000e+03 4.420000000000000000e+03 4.450000000000000000e+03 4.480000000000000000e+03 4.510000000000000000e+03 4.540000000000000000e+03 4.570000000000000000e+03 4.600000000000000000e+03 4.600000000000000000e+03 4.630000000000000000e+03 4.630000000000000000e+03 4.630000000000000000e+03 4.630000000000000000e+03 4.660000000000000000e+03 4.660000000000000000e+03 4.660000000000000000e+03 4.660000000000000000e+03 4.660000000000000000e+03 4.660000000000000000e+03 4.690000000000000000e+03 4.690000000000000000e+03 4.690000000000000000e+03 4.690000000000000000e+03 4.690000000000000000e+03 4.660000000000000000e+03 4.660000000000000000e+03 4.660000000000000000e+03 4.660000000000000000e+03 4.630000000000000000e+03 4.630000000000000000e+03 4.630000000000000000e+03 4.630000000000000000e+03
4.270000000000000000e+03 4.300000000000000000e+03 4.330000000000000000e+03 4.360000000000000000e+03 4.390000000000000000e+03 4.420000000000000000e+03 4.450000000000000000e+03 4.480000000000000000e+03 4.510000000000000000e+03 4.540000000000000000e+03 4.570000000000000000e+03 4.600000000000000000e+03 4.630000000000000000e+03 4.630000000000000000e+03 4.660000000000000000e+03 4.660000000000000000e+03 4.690000000000000000e+03 4.690000000000000000e+03 4.690000000000000000e+03 4.690000000000000000e+03 4.720000000000000000e+03 4.720000000000000000e+03 4.720000000000000000e+03 4.720000000000000000e+03 4.720000000000000000e+03 4.720000000000000000e+03 4.720000000000000000e+03 4.720000000000000000e+03 4.720000000000000000e+03 4.720000000000000000e+03 4.720000000000000000e+03 4.690000000000000000e+03 4.690000000000000000e+03 4.690000000000000000e+03 4.690000000000000000e+03 4.660000000000000000e+03 4.660000000000000000e+03
