lc_change.asc
NCOLS 571 
NROWS 842 
XLLCORNER -81.57551 
YLLCORNER -57.1755216688396 
CELLSIZE 0.0833333376792288 
NODATA_value -9999 
[rows 168 to 195 of 842, columns 315 to 377 of 571]
0 0 0 0 0 0.169285354564016 0.284072333820828 0.286691021718177 0.655639062229566 0.437092708153044 0.169285354564016 0.327819531114783 0.476678844192422 0.666666666666667 0.301879687409855 0.103759374819711 0.166666666666667 0.166666666666667 0.166666666666667 0.0914658234492331 0.0518796874098555 0 0.103759374819711 0 0 0 0 0 0 0 0 0 0 0.103759374819711 0.301879687409855 0.301879687409855 0 0 0 0 0 0 0 0 0 0 0 0 0 0 0 0 0 0 0 0 0 0 0 0.301879687409855 0.385213020743189 0.385213020743189 0.349598313565133
0 0 0.103759374819711 0 0.103759374819711 0.169285354564016 0.182931646898466 0 0.849598313565133 0.551879687409855 0.49448619778145 0.401478000974988 0.413771552345466 0.666666666666667 0.437092708153044 0.155639062229566 0.166666666666667 0.166666666666667 0 0.166666666666667 0.270426041486378 0.424799156782566 0 0 0 0.166666666666667 0 0 0 0 0 0 0 0 0.437092708153044 0.333333333333333 0.103759374819711 0.103759374819711 0.103759374819711 0 0.103759374819711 0 0 0 0 0 0 0 0 0 0 0 0 0 0 0 0 0 0 0 0.349598313565133 0.333333333333333 0.349598313565133
0 0 0 0 0.182931646898466 0.169285354564016 0.322305728896233 0.0914658234492331 0.607730803681033 0.505237375794699 0.401478000974988 0.437092708153044 0.542204823936727 0.607730803681033 0.468546354076522 0.411152864448117 0.166666666666667 0.155639062229566 0.103759374819711 0.0518796874098555 0 0 0 0 0 0 0 0 0 0 0 0 0 0 0.103759374819711 0.182931646898466 0.333333333333333 0.169285354564016 0.301879687409855 0.103759374819711 0.182931646898466 0 0 0 0 0 0 0 0 0 0 0 0 0 0 0 0 0 0 0 0 0.286691021718177 0.666666666666667
0 0 0 0 0 0.182931646898466 0.103759374819711 0.270426041486378 0.419285354564016 0.577819531114783 0.4889723955629 0.518883668129149 0.669285354564016 0.583333333333333 0.5 0.551879687409855 0.301879687409855 0.182931646898466 0 0.103759374819711 0 0.103759374819711 0 0 0 0 0 0 0 0 0 0 0 0 0 0.437092708153044 0.333333333333333 0.385213020743189 0.349598313565133 0.169285354564016 0 0 0 0 0 0 0 0 0 0 0 0 0 0 0 0 0 0 0 0 0 0 0.5162649802318
0 0 0 0 0 0 0.103759374819711 0.259398437049277 0.270426041486378 0.5 0.607730803681033 0.666666666666667 0.603759374819711 0.603759374819711 0.7662649802318 0.551879687409855 0.437092708153044 0.0518796874098555 0.103759374819711 0 0.0518796874098555 0 0 0.0914658234492331 0 0 0 0 0 0 0.0518796874098555 0.0518796874098555 0.207518749639422 0.207518749639422 0.182931646898466 0.333333333333333 0.333333333333333 0.385213020743189 0.385213020743189 0.349598313565133 0.284072333820828 0 0 0 0 0 0 0 0 0 0 0 0 0 0 0 0 0 0 0 0 0 0.301879687409855
0 0 0 0 0.103759374819711 0.182931646898466 0.286691021718177 0.182931646898466 0.437092708153044 0.468546354076522 0.924799156782567 0.39180313750186 0.450739000487494 0.603759374819711 0.551879687409855 0.551879687409855 0.551879687409855 0.5 0.103759374819711 0.333333333333333 0 0 0 0 0.0518796874098555 0 0 0 0 0 0.0518796874098555 0.166666666666667 0.333333333333333 0.207518749639422 0.103759374819711 0.182931646898466 0.333333333333333 0.349598313565133 0.333333333333333 0.437092708153044 0.5 0.333333333333333 0.103759374819711 0 0 0 0 0 0 0 0 0 0 0 0 0 0 0 0 0 0.103759374819711 0 0.103759374819711
0 0 0.166666666666667 0.103759374819711 0.103759374819711 0.103759374819711 0 0 0.207518749639422 0.385213020743189 0.424799156782566 0.577819531114783 0.568144667641655 0.551879687409855 0.554498375307205 0.5162649802318 0.5162649802318 0.335952021230683 0.270426041486378 0.25 0.437092708153044 0.103759374819711 0 0 0.0914658234492331 0.166666666666667 0 0 0 0 0.166666666666667 0 0.103759374819711 0 0 0 0.437092708153044 0.349598313565133 0.385213020743189 0.385213020743189 0.385213020743189 0.349598313565133 0.103759374819711 0 0 0 0 0 0 0 0 0 0 0 0 0 0 0 0 0 0.365863293796932 0.333333333333333 0
0 0.0914658234492331 0.0914658234492331 0 0.187092708153044 0 0.365863293796932 0.365863293796932 0.5162649802318 0.333333333333333 0.666666666666667 0.63367064738596 0.416666666666667 0.718546354076522 0.551879687409855 0.5 0.551879687409855 0.591465823449233 0.166666666666667 0.270426041486378 0.450739000487494 0.103759374819711 0 0.103759374819711 0 0 0.0518796874098555 0.0914658234492331 0.166666666666667 0.166666666666667 0.218546354076522 0.103759374819711 0 0 0 0 0.333333333333333 0.333333333333333 0.333333333333333 0.349598313565133 0.666666666666667 0.333333333333333 0.333333333333333 0 0 0 0 0 0 0 0 0 0 0 0 0 0 0 0 0 0.103759374819711 0.333333333333333 0
0 0.166666666666667 0 0 0.103759374819711 0.385213020743189 0.476678844192422 0.666666666666667 0.666666666666667 0.666666666666667 0.583333333333333 0.437092708153044 0.659610491090888 0.5162649802318 0.5 0.270426041486378 0.401478000974988 0.218546354076522 0.218546354076522 0.275939843704928 0.5162649802318 0.25261868789735 0.424799156782566 0.192606510371594 0.182931646898466 0 0.333333333333333 0.166666666666667 -9999 0.2581324901159 0.161152864448117 0 0 0 0 0.103759374819711 0 0.333333333333333 0.333333333333333 0.453357688384844 0.385213020743189 0.333333333333333 0.333333333333333 0.182931646898466 0 0 0 0.103759374819711 0.182931646898466 0 0 0 0 0 0 0 0 0 0 0.182931646898466 0.103759374819711 0.0518796874098555 0
0 0 0 0.103759374819711 0.437092708153044 0.666666666666667 0.365863293796932 0.437092708153044 0.457518749639422 0.437092708153044 0.585952021230683 0.603759374819711 0.5162649802318 0.5 0.166666666666667 0.270426041486378 0.169285354564016 0.322305728896233 0.629699218524639 0.387831708640539 0.182931646898466 0.218546354076522 0.270426041486378 0.187092708153044 0.207518749639422 0.333333333333333 0.182931646898466 0.5 0.103759374819711 0.0518796874098555 0 0.333333333333333 0.103759374819711 0 0 0.349598313565133 0.385213020743189 0.666666666666667 0.5162649802318 0.5162649802318 0.718546354076522 0.666666666666667 0.286691021718177 0.103759374819711 0.333333333333333 0 0 0.437092708153044 0.182931646898466 0.333333333333333 0.333333333333333 0.103759374819711 0 0 0 0.333333333333333 0.103759374819711 0.103759374819711 0.333333333333333 0.218546354076522 0.166666666666667 0.166666666666667 -9999
0.155639062229566 0.155639062229566 0.166666666666667 0.4889723955629 0.5162649802318 0.713032551857972 0.361891864935611 0.182931646898466 0.607730803681033 0.674799156782567 0.554498375307205 0.361891864935611 0.450739000487494 0.166666666666667 0.270426041486378 0.286691021718177 0.326277157757555 0.437092708153044 0.338570709128033 0.385213020743189 0.385213020743189 0.333333333333333 0.5162649802318 0.286691021718177 0.103759374819711 0.207518749639422 0.103759374819711 0.286691021718177 0.103759374819711 0.103759374819711 0.169285354564016 0.333333333333333 0 0 0.182931646898466 0.5162649802318 0.833333333333333 0.666666666666667 0.718546354076522 0.666666666666667 0.666666666666667 0.666666666666667 0.182931646898466 0 0 0.103759374819711 0.333333333333333 0.5162649802318 0.182931646898466 0.286691021718177 0.182931646898466 0.103759374819711 0 0.103759374819711 0.333333333333333 0 0.103759374819711 0.333333333333333 0.333333333333333 -9999 0 0 0
0.143345510859089 0.234811334308322 0.333333333333333 0.437092708153044 0.349598313565133 0.687092708153044 0.270426041486378 0.286691021718177 0.669285354564016 0.528558531602277 0.437092708153044 0.301879687409855 0.226678844192422 0.218546354076522 0.416666666666667 0.520426041486378 0.4889723955629 0.335952021230683 0.286691021718177 0.390450396537888 0.661152864448116 0.63367064738596 0.718546354076522 0.352217001462483 0.349598313565133 0.0778195311147832 0.117405667154161 0.474598313565133 0.182931646898466 0.385213020743189 0.333333333333333 0.195225198268944 0.0518796874098555 0.103759374819711 0.437092708153044 0.666666666666667 0.666666666666667 -9999 0.682931646898466 0.617405667154161 0.682931646898466 0.5162649802318 0.333333333333333 0.333333333333333 0.333333333333333 0.333333333333333 0.718546354076522 0.333333333333333 0.333333333333333 0.333333333333333 0.333333333333333 0.333333333333333 0.103759374819711 0 0.103759374819711 0.103759374819711 0.182931646898466 0.117405667154161 0 0 0 0 0.0518796874098555
0.0518796874098555 0 0.333333333333333 0.333333333333333 0.333333333333333 0.385213020743189 0.580438219012133 0.544823511834077 0.385213020743189 0.476678844192422 0.169285354564016 0.182931646898466 0.275939843704928 0.284072333820828 0.367405667154161 0.333333333333333 0.568144667641655 0.385213020743189 0.568144667641655 0.349598313565133 0.540852082972755 0.437092708153044 0.335952021230683 0.365863293796932 0.4889723955629 0.385213020743189 0.568144667641655 0.286691021718177 0.5162649802318 0.333333333333333 0.286691021718177 0 0.0914658234492331 0.182931646898466 0.333333333333333 0.718546354076522 0.666666666666667 -9999 0.682931646898466 0.333333333333333 0.333333333333333 0.333333333333333 0.333333333333333 0.333333333333333 0.333333333333333 0.437092708153044 0.5162649802318 0.333333333333333 0.333333333333333 0.117405667154161 0.0518796874098555 0.103759374819711 0.333333333333333 0.103759374819711 0 0.103759374819711 0.103759374819711 0 0 0 0 0.0518796874098555 0
0 0 0 0.333333333333333 0.103759374819711 0.103759374819711 0 0.333333333333333 0.195225198268944 0.182931646898466 0.234811334308322 0.375538157270061 0.385213020743189 0.301879687409855 0.221165041973872 0.286691021718177 0.4889723955629 0.393345510859089 0.476678844192422 0.143345510859089 0.278558531602277 0.411152864448117 0.5162649802318 0.50261868789735 0.5162649802318 0.5162649802318 0.333333333333333 0.333333333333333 0.437092708153044 0.349598313565133 0.385213020743189 0.270426041486378 0.166666666666667 0.218546354076522 0.365863293796932 0.718546354076522 0.682931646898466 0.666666666666667 0.666666666666667 0.333333333333333 0.5162649802318 0.333333333333333 0.333333333333333 0.333333333333333 0.333333333333333 0.437092708153044 0.296365885191305 0.0518796874098555 0 0 0 0.0518796874098555 0.0914658234492331 0.333333333333333 0.182931646898466 0.117405667154161 0.0518796874098555 0 0 0 0 0 0
0.103759374819711 0.182931646898466 0.182931646898466 0.169285354564016 0.284072333820828 0 0.195225198268944 -9999 0.385213020743189 0.273044729383727 0.273044729383727 0.286691021718177 0.103759374819711 0.182931646898466 0.551879687409855 0.50261868789735 0.591465823449233 0.458871490603394 0.348245572601161 0.207518749639422 0.286691021718177 0.333333333333333 0.405639062229566 0.207518749639422 0.5162649802318 0.770426041486377 0.849598313565133 0.540852082972755 0.182931646898466 0.234811334308322 0.450739000487494 0 0.166666666666667 0.0518796874098555 0.286691021718177 0.437092708153044 0.5162649802318 0.718546354076522 0.718546354076522 0.5162649802318 0.333333333333333 0.333333333333333 0.333333333333333 0.333333333333333 0.333333333333333 0.117405667154161 0.166666666666667 0.0518796874098555 0 0 0 0 0 0 0.103759374819711 0.0518796874098555 0 0 0 0 0 0 0
0 0 0 0.333333333333333 0.103759374819711 0 0.169285354564016 0.333333333333333 0.270426041486378 0.182931646898466 0.620024355051511 0.699196627130266 0.5162649802318 0.666666666666667 0.699196627130266 0.385213020743189 0.333333333333333 0.437092708153044 0 0 0 0 0 0 0.182931646898466 0.286691021718177 0.5162649802318 0.635213020743189 0.5162649802318 0.666666666666667 0.333333333333333 0.103759374819711 0.0778195311147832 0.218546354076522 0.0778195311147832 0.333333333333333 0.333333333333333 0.437092708153044 0.333333333333333 0.286691021718177 0.333333333333333 0.333333333333333 0.333333333333333 0.333333333333333 0.333333333333333 0.182931646898466 0.166666666666667 0 0 0 0 0 0 0 0 0 0 0 0 0 0 0 0
0.103759374819711 0 0.333333333333333 0.169285354564016 0.103759374819711 0.207518749639422 0 0 0 0 0.103759374819711 0.286691021718177 0.666666666666667 0.5162649802318 0.532529960463599 0.387831708640539 0.207518749639422 0 0 0 0 0 0 0 0.103759374819711 0.207518749639422 0.333333333333333 0.333333333333333 0.4889723955629 0.484811334308322 0.666666666666667 0.333333333333333 0.103759374819711 0.135213020743189 0.135213020743189 0 0.182931646898466 0.333333333333333 0.286691021718177 0.286691021718177 0.333333333333333 0.333333333333333 0.333333333333333 0.333333333333333 0.103759374819711 0.135213020743189 0.0518796874098555 0 0 0 0 0 0 0 0 0 0 0 0 0 0 0 0
0 0 0.103759374819711 0.333333333333333 0.182931646898466 0.103759374819711 0 0 0 0 0 0.333333333333333 0 0.103759374819711 0.103759374819711 0 0 0 0 0 0 0 0 0.207518749639422 0 0.166666666666667 0.274397470347699 0.5 0.301879687409855 0.385213020743189 0.700739000487494 0.207518749639422 0.182931646898466 0.103759374819711 0.0518796874098555 0.0914658234492331 0 0 0.103759374819711 0.182931646898466 0.2581324901159 0.182931646898466 0.103759374819711 0 0 0.0518796874098555 0 0 0 0 0 0 0 0 0 0 0 0 0 0 0 0 0
0 0 0.103759374819711 0.333333333333333 0 0 0 0 0 0 0 0.182931646898466 0 0 0 0.103759374819711 0 0.103759374819711 0 0 0 0 0 0.333333333333333 0.103759374819711 0.349598313565133 0.166666666666667 0.166666666666667 0.166666666666667 0.349598313565133 0.218546354076522 0.635213020743189 0.207518749639422 0.333333333333333 0.103759374819711 0 0 0 0.0518796874098555 0.0914658234492331 0.182931646898466 0.103759374819711 0.0518796874098555 0 0 0 0 0 0 0 0 0 0 0 0 0 0 0 0 0 0 0 0
0 0 0.333333333333333 0.182931646898466 0 0 0 0 0 0 0 0.0518796874098555 0 0.103759374819711 0.333333333333333 0.103759374819711 0.155639062229566 0.333333333333333 0 0 0 0 0.182931646898466 0.333333333333333 0.117405667154161 0.551879687409855 0.270426041486378 0.349598313565133 0.361891864935611 0.437092708153044 0.551879687409855 0.385213020743189 0.603759374819711 0.333333333333333 0.103759374819711 0.333333333333333 0 0 0 0.0778195311147832 0.218546354076522 0.218546354076522 0 0 0 0 0 0 0 0 0 0 0 0 0 0 0 0 0 0 0 0 0
0 0.333333333333333 0.333333333333333 0 0 0 0 0 0 0 0 0 0 0.103759374819711 0.207518749639422 0 0.155639062229566 0.103759374819711 0.103759374819711 0 0 0.333333333333333 0.333333333333333 0.218546354076522 0.322305728896233 0.551879687409855 0.182931646898466 0.182931646898466 0.286691021718177 0.25261868789735 0.310012177525755 0.322305728896233 0.0518796874098555 0.259398437049277 0.182931646898466 0.182931646898466 0.333333333333333 0.333333333333333 0.103759374819711 0.0914658234492331 0.166666666666667 0 0 0 0 0 0 0 0 0 0 0 0 0 0 0 0 0 0 0 0 0 0
0.333333333333333 0.333333333333333 0.182931646898466 0 0 0 0 0 0 0 0.0518796874098555 0 0.103759374819711 0.187092708153044 0 0 0 0 0 0.161152864448117 0.333333333333333 0.2581324901159 0.310012177525755 0.182931646898466 0.270426041486378 0.234811334308322 0.218546354076522 0.349598313565133 0.349598313565133 0.349598313565133 0.551879687409855 0.437092708153044 0.437092708153044 0.2471048856788 0 0.103759374819711 0.333333333333333 0.103759374819711 0.333333333333333 0.155639062229566 0.166666666666667 0.0518796874098555 0 0 0 0 0 0 0 0 0 0.0518796874098555 0 0 0 0 0 0 0 0 0 0 0
0.182931646898466 0.182931646898466 0.333333333333333 0 0 0 0 0 0 0.0518796874098555 0 0 0.103759374819711 0 0 0 0 0.207518749639422 0.0914658234492331 0.166666666666667 0.218546354076522 0.218546354076522 0.333333333333333 0.166666666666667 0.182931646898466 0.349598313565133 0.441064137014366 0.333333333333333 0.333333333333333 0.441064137014366 0.5 0.5 0.270426041486378 0.322305728896233 0.322305728896233 0.234811334308322 0 0.333333333333333 0.286691021718177 0.182931646898466 0.166666666666667 0.0914658234492331 0 0 0 0 0 0 0 0 0 0 0 0 0 0 0 0 0 0 0 0 0
0 0.333333333333333 0.333333333333333 0 0 0 0 0 0.0518796874098555 0 0 0 0 0 0 0 0 0 0 0.270426041486378 0.270426041486378 0.166666666666667 0.221165041973872 0.270426041486378 0.416666666666667 0.333333333333333 0.322305728896233 0.349598313565133 0.349598313565133 0.218546354076522 0.333333333333333 0.5 0.5 0.284072333820828 0.471165041973872 0.143345510859089 0.207518749639422 0.333333333333333 0.286691021718177 0.333333333333333 0.103759374819711 0.0518796874098555 0 0 0 0 0 0 0 0 0 0 0 0 0 0 0 0 0 0 0 0 0
0 0.182931646898466 0.103759374819711 0 0 0 0 0 0 0 0 0 0 0 0 0 0 0.103759374819711 0 0.0914658234492331 0.166666666666667 0.270426041486378 0.166666666666667 0.551879687409855 0.361891864935611 0.270426041486378 0.5 0.429498375307205 0.585952021230683 0.5 0.270426041486378 0.207518749639422 0.5 0.349598313565133 0.349598313565133 0.2389723955629 0.135213020743189 0.207518749639422 0.520426041486378 0.352217001462483 0.333333333333333 0 0 0 0 0 0 0 0 0 0 0 0 0 0 0 0 0 0 0 0 0 0
0.103759374819711 0.333333333333333 0.103759374819711 0 0 0 0 0 0 0 0.103759374819711 0.103759374819711 0 0 0 0 0.103759374819711 0 0.103759374819711 0 0.221165041973872 0.603759374819711 0.5 0.270426041486378 0.0914658234492331 0.5 0.469084511346583 0.692606510371594 0.37815684516741 0.429498375307205 0.5 0.218546354076522 0.5 0.5 0.284072333820828 0.353759374819711 0.0518796874098555 0 0.182931646898466 0.338570709128033 0 0 0 0 0 0 0 0 0 0 0 0 0 0 0 0 0 0 0 0 0 0 0
0 0 0 0 0 0 0 0 0 0 0 0 0 0 0.187092708153044 0.385213020743189 0.103759374819711 0 0.333333333333333 0.103759374819711 0.784072333820828 0.349598313565133 0.5 0.0518796874098555 0 0.5 0.924799156782567 0.524397470347699 0.849598313565133 0.7581324901159 0.551879687409855 0.166666666666667 0.349598313565133 0.5 0.182931646898466 0.270426041486378 0 0 0.352217001462483 0.155639062229566 0 0.103759374819711 0 0 0 0 0 0 0 0 0 0 0 0 0 0 0 0 0 0 0 0 0
0 0.0518796874098555 0.0914658234492331 0 0 0 0 0 0 0 0 0 0.103759374819711 0.103759374819711 0.103759374819711 0 0.182931646898466 0.103759374819711 0.103759374819711 0.24448619778145 0.540852082972755 0.591465823449233 0.166666666666667 0 0 0.349598313565133 0.585952021230683 0.578357688384844 0.367405667154161 0.726678844192422 0.551879687409855 0.0518796874098555 0.349598313565133 0.5 0.450739000487494 0.166666666666667 0 0.311278124459133 0.0518796874098555 0 0 0 0 0 0 0 0 0 0 0 0 0 0 0 0 0 0 0 0 0 0 0 0
