lc_change.asc
NCOLS 571 
NROWS 842 
XLLCORNER -81.57551 
YLLCORNER -57.1755216688396 
CELLSIZE 0.0833333376792288 
NODATA_value -9999 
[rows 112 to 139 of 842, columns 252 to 314 of 571]
0.441064137014366 0.437092708153044 0.583333333333333 0.322305728896233 0.5 0.603759374819711 0.453357688384844 0.166666666666667 0.166666666666667 0.5 0.349598313565133 0.349598313565133 0.5 0.344084511346583 0.5162649802318 0.655639062229566 0.385213020743189 0.5 0.603759374819711 0.286691021718177 0.335952021230683 0.385213020743189 0.349598313565133 0.450739000487494 0.273044729383727 0.333333333333333 0.666666666666667 0.453357688384844 0.365863293796932 0.207518749639422 0.437092708153044 0 0 0.192606510371594 0 0 0 0 0 0 0 0 0 0 0 0 0 0 0 0 0 0 0 0 0 0 0 0 0 0 0 0 0
0.2581324901159 0.218546354076522 0.361891864935611 0.568144667641655 0.385213020743189 0.424799156782566 0.270426041486378 0.166666666666667 0.166666666666667 0.270426041486378 0.270426041486378 0.2581324901159 0.284072333820828 0.5 0.5 0.476678844192422 0.338570709128033 0.333333333333333 0.476678844192422 0.528558531602277 0.221165041973872 0.349598313565133 0.270426041486378 0.450739000487494 0.437092708153044 0.352217001462483 0.682931646898466 0.4889723955629 0.568144667641655 0.401478000974988 0.286691021718177 0.182931646898466 0.0518796874098555 0.0518796874098555 0.0518796874098555 0 0 0 0 0 0 0 0 0 0 0 0 0 0 0 0 0 0 0 0 0 0 0 0 0 0 0 0
0.333333333333333 0.385213020743189 0.333333333333333 0.333333333333333 0.274397470347699 0.349598313565133 0.166666666666667 0.166666666666667 0.270426041486378 0.551879687409855 0.4889723955629 0.361891864935611 0.333333333333333 0.218546354076522 0.2581324901159 0.385213020743189 0.166666666666667 0.426065103715944 0.375538157270061 0.551879687409855 0.326277157757555 0.4889723955629 0.401478000974988 0.335952021230683 0.4889723955629 0.286691021718177 0.437092708153044 0.450739000487494 0.4889723955629 0.666666666666667 0.103759374819711 0.0518796874098555 0.0518796874098555 0 0 0.0518796874098555 0 0 0 0 0 0 0 0 0 0 0 0 0 0 0 0 0 0 0 0 0 0 0 0 0 0 0
0.349598313565133 0.2581324901159 0.333333333333333 0.333333333333333 0.424799156782566 0.333333333333333 0.333333333333333 0.270426041486378 0.166666666666667 0.682931646898466 0.551879687409855 0.296365885191305 0.353759374819711 0.365863293796932 0.208871490603394 0.195225198268944 0.551879687409855 0.551879687409855 0.335952021230683 0.551879687409855 0.453357688384844 0.5 0.385213020743189 0.353759374819711 0.349598313565133 0.385213020743189 0.551879687409855 0.50261868789735 0.5 0.718546354076522 0.301879687409855 0 0 0.103759374819711 0 0 0 0 0 0 0 0 0 0 0 0 0 0 0 0 0 0 0 0 0 0 0 0 0 0 0 0 0
0.166666666666667 0.2581324901159 0.333333333333333 0.333333333333333 0.218546354076522 0.2581324901159 0.333333333333333 0.349598313565133 0.166666666666667 0.349598313565133 0.551879687409855 0.270426041486378 0.182931646898466 0 0.143345510859089 0.568144667641655 0.551879687409855 0.270426041486378 0.218546354076522 0.5 0.617405667154161 0.603759374819711 0.284072333820828 0.349598313565133 0.349598313565133 0.401478000974988 0.103759374819711 0.437092708153044 0.286691021718177 0.301879687409855 0.333333333333333 0.103759374819711 0 0.333333333333333 0.103759374819711 0 0 0 0 0 0 0 0 0 0 0 0 0 0 0 0 0 0 0 0 0 0 0 0 0 0 0 0
0.2581324901159 0.2581324901159 0.333333333333333 0.333333333333333 0.166666666666667 0.333333333333333 0.424799156782566 0.5 0.349598313565133 0.361891864935611 0.286691021718177 0.424799156782566 0 0.270426041486378 0.103759374819711 0.5 0.262831708640538 0.437092708153044 0.310012177525755 0.2581324901159 0.385213020743189 0.492943824424222 0.349598313565133 0.352217001462483 0.437092708153044 0.335952021230683 0.103759374819711 0.333333333333333 0 0.182931646898466 0.182931646898466 0 0 0 0 0.333333333333333 0 0 0 0 0 0 0 0 0 0 0 0 0 0 0 0 0 0 0 0 0 0 0 0 0 0 0
0.2581324901159 0.333333333333333 0.333333333333333 0.333333333333333 0.218546354076522 0.333333333333333 0.349598313565133 0.5 0.5 0.424799156782566 0.333333333333333 0.419285354564016 0.333333333333333 0.218546354076522 0.385213020743189 0.551879687409855 0.551879687409855 0.365863293796932 0.270426041486378 0.50261868789735 0.476678844192422 0.424799156782566 0.352217001462483 0.5162649802318 0.591465823449233 0.484811334308322 0.103759374819711 0.333333333333333 0.103759374819711 0.333333333333333 0.103759374819711 0 0 0 0 0 0 0 0 0 0 0 0 0 0 0 0 0 0 0 0 0 0 0 0 0 0 0 0 0 0 0 0
0.437092708153044 0.385213020743189 0.234811334308322 0.333333333333333 0.2581324901159 0.333333333333333 0.333333333333333 0.385213020743189 0.333333333333333 0.333333333333333 0.385213020743189 0.301879687409855 0.275939843704928 0.353759374819711 0.437092708153044 0.5 0.5162649802318 0.349598313565133 0.5 0.492943824424221 0.405639062229566 0.476678844192422 0.395964198756438 0.318144667641655 0.607730803681033 0.335952021230683 0.182931646898466 0.333333333333333 0.103759374819711 0.169285354564016 0.284072333820828 0 0.333333333333333 0 0 0 0.103759374819711 0.103759374819711 0 0 0 0 0 0 0 0 0 0 0 0 0 0 0 0 0 0 0 0 0 0 0 0 0
0.453357688384844 0.385213020743189 0.385213020743189 0.349598313565133 0.310012177525755 0.333333333333333 0.385213020743189 0.349598313565133 0.349598313565133 0.333333333333333 0.450739000487494 0.385213020743189 0.385213020743189 0.25261868789735 0.437092708153044 0.349598313565133 0.718546354076522 0.5 0.5 0.4889723955629 0.385213020743189 0.528558531602277 0.333333333333333 0.310012177525755 0.361891864935611 0.270426041486378 0.333333333333333 0.333333333333333 0 0.349598313565133 0.349598313565133 0.103759374819711 0 0 0 0 0 0.103759374819711 0.182931646898466 0 0.103759374819711 0 0 0 0 0 0 0 0 0.103759374819711 0.103759374819711 0.103759374819711 0 0 0.103759374819711 0 0 0 0 0 0 0 0
0.50261868789735 0.528558531602277 0.367405667154161 0.349598313565133 0.468546354076522 0.424799156782566 0.155639062229566 0.353759374819711 0.353759374819711 0.401478000974988 0.218546354076522 0.335952021230683 0.468546354076522 0.385213020743189 0.476678844192422 0.401478000974988 0.666666666666667 0.5 0.551879687409855 0.437092708153044 0.437092708153044 0.75 0.335952021230683 0.333333333333333 0.286691021718177 0.169285354564016 0.182931646898466 0.333333333333333 0 0.169285354564016 0.284072333820828 0.103759374819711 0 0 0 0 0 0 0 0 0 0 0 0 0 0 0 0.103759374819711 0 0 0.103759374819711 0.182931646898466 0 0 0 0.103759374819711 0 0 0 0 0 0 0
0.75 0.367405667154161 0.643345510859089 0.603759374819711 0.5 0.666666666666667 0.5162649802318 0.551879687409855 0.5 0.310012177525755 0.437092708153044 0.476678844192422 0.603759374819711 0.469622668616643 0.385213020743189 0.62002435505151 0.635213020743189 0.551879687409855 0.385213020743189 0.385213020743189 0.591465823449233 0.25261868789735 0.437092708153044 0.218546354076522 0.591465823449233 0.5162649802318 0.333333333333333 0.103759374819711 0 0.169285354564016 0.182931646898466 0 0 0 0 0 0 0 0 0 0 0 0 0 0.103759374819711 0.182931646898466 0.333333333333333 0.103759374819711 0 0.103759374819711 0 0 0.286691021718177 0.207518749639422 0.103759374819711 0 0 0 0 0 0 0 0
0.916666666666667 0.708871490603394 0.520426041486378 0.669285354564016 0.5 0.5 0.520426041486378 0.666666666666667 0.551879687409855 0.551879687409855 0.5 0.591465823449233 0.718546354076522 0.666666666666667 0.352217001462483 0.635213020743189 0.551879687409855 0.424799156782566 0.349598313565133 0.437092708153044 0.551879687409855 0.441064137014366 0.437092708153044 0.221165041973872 0.617405667154161 0.453357688384844 0.333333333333333 0.286691021718177 0.284072333820828 0.301879687409855 0.333333333333333 0 0.103759374819711 0 0 0 0 0 0 0 0 0 0 0 0.182931646898466 0.333333333333333 0.333333333333333 0.333333333333333 0.103759374819711 0 0 0 0 0.5162649802318 0.5162649802318 0.103759374819711 0 0 0 0 0 0 0
0.666666666666667 0.669285354564016 0.468546354076522 0.885213020743189 0.801879687409855 0.5 0.5162649802318 0.551879687409855 0.385213020743189 0.468546354076522 0.695225198268944 0.551879687409855 0.568144667641655 0.603759374819711 0.5162649802318 0.5 0.5 0.349598313565133 0.437092708153044 0.25 0.534072333820828 0.5 0.437092708153044 0.322305728896233 0.666666666666667 0.385213020743189 0.182931646898466 0.365863293796932 0.385213020743189 0.333333333333333 0.333333333333333 0.333333333333333 0.333333333333333 0.103759374819711 0 0 0 0 0.182931646898466 0.103759374819711 0 0 0 0 0 0 0.333333333333333 0.333333333333333 0.333333333333333 0 0 0 0 0.103759374819711 0.5162649802318 0.103759374819711 0 0.103759374819711 0 0 0 0 0
0.551879687409855 0.75 0.643345510859089 0.551879687409855 0.682931646898466 0.655639062229566 0.296365885191305 0.441064137014366 0.568144667641655 0.437092708153044 0.528558531602277 0.520426041486378 0.577819531114783 0.450739000487494 0.551879687409855 0.424799156782566 0.437092708153044 0.270426041486378 0.270426041486378 0.603759374819711 0.187092708153044 0.385213020743189 0.333333333333333 0.551879687409855 0.5162649802318 0.182931646898466 0.182931646898466 0.385213020743189 0.270426041486378 0.103759374819711 0.103759374819711 0.333333333333333 0.182931646898466 0.182931646898466 0 0 0 0.333333333333333 0.333333333333333 0 0 0.333333333333333 0 0 0 0 0 0.103759374819711 0.103759374819711 0.333333333333333 0.103759374819711 0.103759374819711 0 0 0.182931646898466 0 0 0 0 0 0 0 0
0.551879687409855 0.551879687409855 0.387831708640538 0.5 0.603759374819711 0.603759374819711 0.5162649802318 0.5 0.349598313565133 0.551879687409855 0.603759374819711 0.551879687409855 0.568144667641655 0.603759374819711 0.424799156782566 0.333333333333333 0.286691021718177 0.166666666666667 0.182931646898466 0.591465823449233 0.385213020743189 0.385213020743189 0.4889723955629 0.5162649802318 0.437092708153044 0.103759374819711 0.207518749639422 0.103759374819711 0.103759374819711 0.182931646898466 0.103759374819711 0.301879687409855 0.333333333333333 0 0 0 0 0 0.333333333333333 0 0 0 0 0 0 0 0 0 0.103759374819711 0.333333333333333 0.103759374819711 0 0 0.333333333333333 0.103759374819711 0.103759374819711 0.333333333333333 0.5162649802318 0 0 0 0.103759374819711 0
0.476678844192422 0.424799156782566 0.453357688384844 0.387831708640538 0.385213020743189 0.427417844679916 0.5162649802318 0.551879687409855 0.536691021718177 0.551879687409855 0.551879687409855 0.551879687409855 0.607730803681033 0.5162649802318 0.551879687409855 0.476678844192422 0.182931646898466 0.278558531602277 0.4889723955629 0.335952021230683 0.335952021230683 0.333333333333333 0.5162649802318 0.50261868789735 0.286691021718177 0 0.333333333333333 0.103759374819711 0 0.333333333333333 0.333333333333333 0.385213020743189 0.182931646898466 0 0 0 0 0 0 0 0 0 0 0 0 0 0 0 0 0.103759374819711 0 0 0 0.103759374819711 0.333333333333333 0.437092708153044 0.333333333333333 0.207518749639422 0.182931646898466 0 0.103759374819711 0 0
0.5 0.379699218524639 0.417742981206788 0.385213020743189 0.349598313565133 0.5 0.476678844192422 0.643345510859089 0.453357688384844 0.5 0.385213020743189 0.437092708153044 0.5081324901159 0.359273177038261 0.296365885191305 0.385213020743189 0.333333333333333 0.50261868789735 0.335952021230683 0.718546354076522 0.333333333333333 0.5162649802318 0.666666666666667 0.286691021718177 0 0.182931646898466 0.365863293796932 0 0.103759374819711 0.284072333820828 0.284072333820828 0.385213020743189 0.207518749639422 0.103759374819711 0 0 0 0 0 0 0 0 0 0 0 0 0 0 0.103759374819711 0.333333333333333 0.182931646898466 0 0.103759374819711 0.301879687409855 0.437092708153044 0.718546354076522 0.520426041486378 0.5162649802318 0.437092708153044 0.333333333333333 0.5162649802318 0.182931646898466 0
0.551879687409855 0.385213020743189 0.401478000974988 0.385213020743189 0.353759374819711 0.385213020743189 0.476678844192422 0.385213020743189 0.385213020743189 0.424799156782566 0.405639062229566 0.572305728896233 0.349598313565133 0.401478000974988 0.450739000487494 0.385213020743189 0.333333333333333 0.666666666666667 0.437092708153044 0.333333333333333 0.437092708153044 0.666666666666667 0.718546354076522 0 0.103759374819711 0.207518749639422 0 0 0.333333333333333 0.284072333820828 0.182931646898466 0.296365885191305 0 0 0 0 0 0 0 0 0 0 0 0 0 0 0 0 0 0.333333333333333 0.333333333333333 0 0.103759374819711 0.635213020743189 0.437092708153044 0.666666666666667 0.577819531114783 0.437092708153044 0.333333333333333 0.333333333333333 0.333333333333333 0.437092708153044 0.333333333333333
0.284072333820828 0.234811334308322 0.349598313565133 0.182931646898466 0.234811334308322 0.169285354564016 0.169285354564016 0.103759374819711 0.155639062229566 0.365863293796932 0.554498375307205 0.437092708153044 0.427417844679916 0.333333333333333 0.437092708153044 0.333333333333333 0.437092708153044 0.666666666666667 0.437092708153044 0.437092708153044 0.666666666666667 0.333333333333333 0.103759374819711 0.207518749639422 0.103759374819711 0 0.103759374819711 0.666666666666667 0.5162649802318 0.5162649802318 0.333333333333333 0.182931646898466 0.182931646898466 0.182931646898466 0.103759374819711 0 0 0 0 0 0 0 0 0 0 0 0 0 0 0 0.333333333333333 0.333333333333333 0.182931646898466 0.182931646898466 0.103759374819711 0.307931646898466 0.5 0.207518749639422 0.234811334308322 0.333333333333333 0.333333333333333 0.103759374819711 0.333333333333333
0.450739000487494 0.437092708153044 0.353759374819711 0.333333333333333 0.286691021718177 0 0.103759374819711 0.385213020743189 0.385213020743189 0.385213020743189 0.437092708153044 0.417742981206788 0.437092708153044 0.301879687409855 0.221165041973872 0.333333333333333 0.333333333333333 0.286691021718177 0.207518749639422 0.270426041486378 0.301879687409855 0.207518749639422 0.103759374819711 0 0 0.182931646898466 0.5162649802318 0.182931646898466 0.365863293796932 0.286691021718177 0.103759374819711 0.103759374819711 0.333333333333333 0.333333333333333 0.333333333333333 0.333333333333333 0 0 0 0 0 0 0 0 0 0 0 0 0 0 0 0 0.182931646898466 0 0 0 0 0 0.5162649802318 0.437092708153044 0.207518749639422 0.103759374819711 0.286691021718177
0.390450396537888 0.437092708153044 0.221165041973872 0.182931646898466 0.437092708153044 0.385213020743189 0.385213020743189 0.385213020743189 0.385213020743189 0.234811334308322 0.103759374819711 0.207518749639422 0.166666666666667 0.0518796874098555 0.437092708153044 0.666666666666667 0.365863293796932 0.405639062229566 0.374185416306088 0.103759374819711 0.207518749639422 0 0 0.103759374819711 0.103759374819711 0.333333333333333 0.103759374819711 0.103759374819711 0.103759374819711 0 0.103759374819711 0.333333333333333 0.333333333333333 0.333333333333333 0 0.103759374819711 0 0 0 0 0 0 0 0 0 0 0 0 0 0 0 0 0 0 0 0 0 0 0.333333333333333 0.333333333333333 0.182931646898466 0.103759374819711 0.333333333333333
0.603759374819711 0.5 0.5 0.5 0.5162649802318 0.353759374819711 0.169285354564016 0.273044729383727 0.333333333333333 0.424799156782566 0 0.103759374819711 0.103759374819711 0.603759374819711 0.50261868789735 0.467003980719294 0.437092708153044 0.617405667154161 0.182931646898466 0 0.103759374819711 0 0.103759374819711 0.103759374819711 0.333333333333333 0.333333333333333 0.103759374819711 0 0 0 0.182931646898466 0.333333333333333 0.333333333333333 0.333333333333333 0.103759374819711 0 0 0 0 0 0 0 0 0 0 0 0 0 0 0 0 0 0 0 0.103759374819711 0.103759374819711 0 0 0 0.182931646898466 0.207518749639422 0.182931646898466 0.182931646898466
0.528558531602277 0.424799156782566 0.476678844192422 0.273044729383727 0.103759374819711 0.169285354564016 0.37815684516741 0.607730803681033 0.274397470347699 0.0778195311147832 0.218546354076522 0.0778195311147832 0.333333333333333 0.349598313565133 0.333333333333333 0.385213020743189 0.333333333333333 0.437092708153044 0.286691021718177 0 0.103759374819711 0 0.182931646898466 0.333333333333333 0.333333333333333 0.182931646898466 0 0 0 0.182931646898466 0.333333333333333 0.333333333333333 0.333333333333333 0 0 0 0 0 0 0 0 0 0 0 0 0 0 0 0 0 0 0 0 0.0518796874098555 0 0.333333333333333 0.103759374819711 0 0 0 0 0.182931646898466 0.103759374819711
0.361891864935611 0.2581324901159 0.270426041486378 0.270426041486378 0.221165041973872 0.270426041486378 0 0 0.270426041486378 0.166666666666667 0.195225198268944 0.349598313565133 0.182931646898466 0.103759374819711 0.103759374819711 0.365863293796932 0.286691021718177 0.182931646898466 0 0 0.182931646898466 0.333333333333333 0.333333333333333 0.333333333333333 0.103759374819711 0 0 0 0 0 0.103759374819711 0.182931646898466 0 0 0 0 0 0 0 0 0 0 0 0 0 0 0 0 0 0 0 0 0 0 0 0 0.103759374819711 0 0 0 0 0 0
0.234811334308322 0.182931646898466 0.453357688384844 0.166666666666667 0.166666666666667 0.166666666666667 0.103759374819711 0.333333333333333 0.353759374819711 0.169285354564016 0.349598313565133 0.333333333333333 0.103759374819711 0.103759374819711 0.182931646898466 0 0 0.103759374819711 0.182931646898466 0.182931646898466 0.333333333333333 0.333333333333333 0.182931646898466 0.103759374819711 0 0 0 0 0 0 0 0 0 0 0 0 0 0 0 0 0 0 0 0 0 0 0 0 0 0 0 0 0 0 0 0 0 0 0.103759374819711 0 0 0 0
0.103759374819711 0.143345510859089 0.349598313565133 0.182931646898466 0.0778195311147832 0.0914658234492331 0.333333333333333 0.437092708153044 0.270426041486378 0.617405667154161 0.5162649802318 0.207518749639422 0 0 0 0 0 0.182931646898466 0.333333333333333 0.333333333333333 0.182931646898466 0 0 0 0 0 0 0 0 0 0 0 0 0 0 0 0 0 0 0 0 0 0 0 0 0 0 0 0 0 0 0 0 0 0 0 0 0 0.0518796874098555 0 0 0 0
0.365863293796932 0.301879687409855 0.359273177038261 0.259398437049277 0.182931646898466 0 0.333333333333333 0.182931646898466 0.286691021718177 0.666666666666667 0.207518749639422 0.437092708153044 0.155639062229566 0 0 0 0 0 0 0 0 0 0 0 0 0 0.0518796874098555 0 0 0 0 0 0 0 0 0 0 0 0 0 0 0 0 0 0 0 0 0 0 0 0 0 0 0 0 0 0 0 0 0.0518796874098555 0 0 0
0.385213020743189 0.5162649802318 0.484811334308322 0.666666666666667 0.385213020743189 0.273044729383727 0.467003980719294 0.5162649802318 0.666666666666667 0.352217001462483 0.103759374819711 0 0 0.195225198268944 0.0914658234492331 0 0 0 0 0 0 0 0 0 0 0 0 0 0 0 0 0 0 0 0 0 0 0 0 0 0 0 0 0 0 0 0 0 0 0 0 0 0 0 0 0 0 0 0 0 0 0 0
