test.asc
NCOLS 255
NROWS 330
XLLCORNER -2985163.8955
YLLCORNER -3022031.214
CELLSIZE 25000
NODATA_value 0
[rows 150 to 199 of 330, columns 96 to 191 of 255]
3502 3508 3515 3521 3527 3532 3538 3544 3548 3551 3553 3553 3553 3553 3552 3551 3549 3547 3545 3543 3541 3538 3536 3532 3530 3527 3523 3520 3515 3511 3506 3501 3496 3491 3486 3480 3475 3469 3462 3456 3450 3442 3436 3429 3422 3415 3407 3400 3393 3385 3377 3370 3362 3352 3340 3325 3309 3293 3276 3259 3242 3225 3209 3192 3175 3159 3142 3125 3108 3091 3074 3057 3040 3023 3005 2988 2971 2954 2936 2919 2902 2884 2867 2849 2832 2814 2797 2780 2762 2745 2727 2710 2692 2675 2658 2640
3485 3491 3497 3503 3509 3515 3520 3526 3529 3532 3534 3534 3534 3534 3533 3532 3530 3528 3526 3524 3522 3519 3517 3514 3511 3508 3505 3501 3497 3493 3488 3483 3478 3473 3467 3463 3457 3451 3444 3438 3432 3425 3418 3412 3405 3398 3391 3383 3375 3368 3361 3353 3346 3338 3328 3315 3301 3285 3269 3252 3235 3218 3202 3185 3168 3152 3135 3118 3101 3084 3067 3050 3032 3015 2998 2981 2964 2947 2930 2913 2896 2878 2861 2843 2825 2808 2791 2773 2756 2739 2721 2704 2686 2669 2652 2634
3467 3473 3479 3485 3491 3497 3502 3507 3511 3513 3515 3515 3515 3515 3515 3513 3511 3509 3507 3505 3503 3500 3498 3495 3492 3489 3486 3483 3479 3474 3470 3465 3460 3455 3450 3444 3439 3433 3427 3420 3414 3408 3401 3394 3388 3381 3374 3366 3359 3352 3344 3337 3329 3321 3313 3303 3291 3277 3261 3244 3227 3210 3194 3178 3161 3144 3127 3110 3094 3077 3060 3042 3025 3008 2991 2974 2957 2940 2923 2906 2889 2872 2854 2837 2819 2801 2785 2767 2749 2732 2715 2698 2680 2663 2646 2628
3449 3456 3462 3468 3473 3479 3484 3490 3493 3495 3496 3496 3496 3496 3495 3494 3492 3490 3489 3486 3484 3481 3479 3477 3474 3471 3467 3464 3460 3456 3451 3446 3442 3437 3432 3427 3421 3415 3409 3403 3396 3390 3383 3377 3370 3363 3356 3349 3342 3335 3328 3320 3312 3304 3297 3289 3279 3267 3253 3237 3220 3203 3187 3170 3154 3137 3120 3103 3086 3069 3052 3035 3018 3001 2984 2967 2950 2934 2916 2899 2882 2865 2848 2830 2813 2795 2778 2761 2743 2726 2708 2691 2674 2657 2640 2623
3432 3438 3444 3450 3455 3461 3466 3471 3475 3477 3478 3478 3478 3477 3476 3475 3473 3472 3469 3467 3465 3463 3460 3458 3455 3452 3449 3445 3442 3437 3433 3428 3423 3419 3414 3409 3403 3397 3391 3385 3379 3373 3366 3359 3353 3345 3339 3332 3325 3318 3311 3303 3295 3288 3281 3273 3265 3255 3243 3229 3213 3196 3179 3163 3146 3129 3112 3096 3079 3062 3045 3028 3011 2994 2977 2960 2944 2927 2909 2892 2875 2858 2841 2824 2807 2789 2772 2754 2737 2720 2702 2685 2668 2651 2634 2617
3415 3420 3426 3431 3437 3442 3448 3453 3457 3459 3459 3459 3459 3458 3458 3456 3454 3452 3450 3448 3446 3444 3442 3439 3436 3433 3430 3426 3423 3419 3414 3410 3405 3401 3396 3391 3385 3379 3373 3368 3362 3355 3349 3343 3336 3329 3322 3315 3308 3301 3294 3286 3278 3271 3264 3256 3249 3241 3231 3218 3205 3189 3172 3155 3138 3121 3105 3088 3072 3055 3037 3021 3003 2987 2970 2953 2936 2919 2903 2885 2868 2851 2834 2817 2800 2783 2765 2748 2731 2713 2696 2679 2662 2645 2627 2610
3397 3403 3408 3414 3419 3425 3430 3435 3439 3440 3440 3440 3440 3440 3439 3437 3435 3433 3431 3429 3427 3426 3424 3421 3417 3414 3411 3408 3404 3400 3396 3392 3388 3383 3377 3372 3367 3361 3355 3350 3344 3337 3331 3325 3319 3312 3305 3298 3291 3284 3276 3269 3261 3254 3247 3239 3232 3225 3216 3207 3195 3181 3164 3147 3131 3114 3097 3081 3064 3047 3030 3013 2996 2979 2963 2946 2929 2912 2895 2878 2861 2844 2827 2810 2793 2776 2758 2741 2724 2707 2690 2673 2656 2638 2621 2604
3379 3385 3391 3396 3401 3407 3412 3417 3420 3422 3422 3422 3421 3421 3419 3418 3416 3414 3413 3411 3409 3407 3405 3402 3398 3395 3393 3389 3386 3382 3378 3374 3369 3364 3359 3354 3349 3343 3337 3332 3326 3320 3314 3307 3301 3294 3287 3281 3274 3266 3259 3252 3245 3237 3230 3223 3215 3208 3200 3192 3183 3171 3156 3140 3123 3107 3090 3073 3056 3039 3023 3005 2989 2972 2955 2939 2922 2905 2888 2871 2854 2837 2819 2803 2786 2769 2752 2735 2717 2700 2683 2666 2649 2632 2614 2597
3362 3367 3373 3378 3384 3389 3395 3399 3402 3403 3403 3403 3403 3402 3401 3399 3397 3396 3394 3392 3390 3388 3386 3383 3380 3377 3374 3371 3367 3363 3360 3355 3351 3346 3341 3336 3331 3325 3320 3314 3308 3303 3296 3290 3283 3277 3270 3264 3257 3250 3242 3235 3228 3220 3213 3206 3199 3191 3184 3176 3168 3158 3146 3132 3116 3099 3082 3065 3048 3032 3015 2998 2981 2965 2948 2931 2915 2898 2881 2864 2847 2830 2813 2796 2779 2762 2745 2728 2711 2694 2676 2659 2642 2625 2608 2591
3344 3349 3355 3361 3366 3372 3377 3381 3383 3384 3384 3384 3384 3382 3381 3380 3379 3377 3375 3373 3371 3369 3367 3364 3361 3359 3355 3352 3349 3345 3341 3337 3332 3328 3323 3318 3313 3307 3302 3296 3291 3285 3279 3273 3266 3260 3253 3246 3240 3233 3226 3218 3211 3204 3197 3189 3181 3174 3167 3159 3152 3144 3134 3122 3107 3091 3074 3058 3041 3024 3007 2991 2974 2957 2940 2924 2907 2890 2874 2857 2840 2823 2806 2789 2772 2755 2738 2721 2704 2687 2669 2652 2635 2618 2601 2584
3326 3332 3338 3343 3348 3354 3359 3363 3365 3365 3365 3365 3364 3363 3362 3361 3360 3358 3356 3354 3352 3350 3348 3345 3343 3340 3337 3334 3330 3326 3323 3319 3314 3310 3305 3300 3295 3290 3284 3278 3273 3267 3261 3256 3249 3243 3236 3229 3223 3216 3209 3201 3194 3187 3180 3173 3165 3158 3150 3143 3136 3128 3120 3109 3097 3083 3067 3050 3033 3016 3000 2983 2966 2950 2933 2916 2899 2883 2866 2850 2833 2816 2799 2782 2765 2748 2731 2714 2697 2680 2663 2646 2629 2612 2595 2578
3309 3315 3320 3325 3331 3336 3341 3345 3347 3347 3347 3347 3346 3345 3343 3342 3341 3339 3338 3336 3333 3332 3329 3327 3324 3321 3318 3315 3312 3308 3305 3300 3296 3291 3287 3282 3277 3272 3266 3261 3255 3250 3244 3238 3231 3225 3218 3212 3205 3199 3192 3184 3177 3170 3163 3156 3148 3141 3133 3126 3119 3111 3104 3095 3085 3073 3059 3043 3025 3009 2993 2976 2959 2942 2926 2909 2892 2875 2859 2842 2826 2809 2792 2775 2758 2741 2724 2707 2690 2674 2657 2640 2623 2606 2589 2572
3291 3297 3302 3307 3313 3318 3323 3326 3328 3328 3328 3328 3327 3326 3324 3324 3322 3320 3318 3316 3314 3312 3310 3308 3305 3303 3300 3297 3293 3290 3286 3282 3277 3273 3268 3264 3259 3254 3248 3243 3238 3232 3226 3220 3214 3207 3201 3195 3188 3182 3174 3167 3160 3153 3146 3139 3131 3124 3117 3109 3102 3095 3087 3080 3071 3061 3049 3034 3018 3002 2985 2968 2952 2935 2918 2902 2885 2868 2851 2835 2818 2801 2784 2768 2751 2734 2717 2700 2683 2667 2650 2633 2617 2600 2583 2566
3274 3279 3285 3290 3296 3301 3305 3308 3309 3309 3309 3309 3308 3307 3306 3304 3303 3301 3300 3298 3296 3294 3292 3289 3287 3284 3281 3278 3275 3271 3268 3264 3259 3255 3250 3246 3241 3236 3230 3225 3220 3214 3208 3202 3196 3190 3183 3177 3171 3164 3157 3150 3143 3136 3129 3122 3115 3107 3100 3092 3085 3078 3070 3063 3055 3047 3037 3024 3010 2994 2977 2961 2944 2927 2911 2894 2878 2861 2844 2827 2810 2794 2777 2760 2743 2727 2710 2693 2677 2660 2644 2627 2611 2594 2577 2560
3256 3262 3267 3273 3279 3284 3288 3290 3290 3290 3290 3290 3289 3288 3286 3285 3283 3282 3281 3279 3277 3276 3273 3271 3268 3265 3263 3260 3256 3253 3249 3246 3241 3237 3232 3227 3223 3218 3212 3207 3201 3196 3190 3185 3178 3173 3166 3160 3153 3147 3140 3133 3127 3120 3112 3105 3098 3091 3083 3076 3068 3061 3053 3046 3038 3031 3023 3012 3000 2986 2970 2953 2936 2920 2903 2887 2870 2853 2836 2820 2803 2786 2769 2753 2736 2720 2703 2687 2670 2654 2638 2621 2605 2588 2571 2555
3239 3244 3250 3255 3261 3266 3269 3271 3271 3271 3271 3271 3270 3269 3268 3266 3265 3263 3262 3260 3259 3257 3254 3252 3250 3247 3244 3241 3238 3234 3231 3227 3223 3219 3214 3209 3205 3200 3194 3189 3183 3178 3172 3167 3161 3155 3149 3142 3136 3129 3123 3116 3109 3103 3095 3088 3081 3074 3066 3059 3051 3044 3037 3029 3022 3014 3006 2998 2988 2975 2962 2946 2929 2912 2896 2879 2863 2846 2829 2812 2795 2778 2762 2746 2729 2713 2696 2680 2664 2648 2632 2615 2599 2582 2565 2549
3221 3227 3232 3237 3243 3247 3251 3253 3253 3253 3253 3252 3251 3250 3249 3248 3246 3245 3243 3241 3240 3238 3236 3234 3231 3229 3226 3223 3220 3217 3213 3209 3205 3201 3196 3191 3187 3181 3176 3171 3166 3160 3155 3149 3143 3137 3131 3125 3119 3112 3106 3099 3092 3086 3078 3071 3064 3057 3050 3042 3035 3027 3020 3012 3005 2997 2990 2982 2974 2964 2952 2938 2921 2904 2888 2872 2855 2838 2821 2805 2788 2771 2754 2738 2722 2706 2690 2674 2658 2642 2626 2609 2593 2576 2560 2543
3204 3209 3214 3220 3226 3230 3232 3233 3233 3233 3233 3233 3232 3231 3230 3229 3228 3226 3224 3223 3221 3219 3217 3215 3213 3210 3207 3205 3202 3198 3194 3191 3187 3183 3178 3173 3168 3163 3158 3153 3148 3143 3137 3132 3126 3120 3113 3107 3101 3095 3088 3082 3075 3068 3061 3054 3047 3040 3033 3025 3018 3010 3003 2995 2988 2980 2973 2965 2958 2950 2940 2927 2913 2897 2880 2864 2848 2831 2814 2797 2780 2764 2747 2731 2715 2699 2684 2669 2653 2637 2620 2604 2588 2572 2555 2538
3186 3192 3197 3203 3208 3212 3214 3215 3215 3215 3215 3214 3213 3212 3211 3210 3209 3207 3206 3204 3202 3200 3199 3196 3194 3191 3189 3186 3183 3179 3176 3172 3168 3164 3159 3155 3150 3145 3140 3135 3130 3125 3119 3114 3108 3102 3095 3090 3084 3078 3071 3064 3058 3050 3044 3037 3030 3023 3016 3008 3001 2994 2986 2979 2971 2964 2956 2948 2941 2933 2925 2915 2903 2889 2873 2856 2840 2823 2807 2790 2773 2756 2741 2725 2709 2693 2679 2664 2649 2632 2615 2600 2584 2567 2550 0
3169 3174 3180 3185 3191 3194 3196 3196 3196 3196 3196 3195 3194 3193 3192 3191 3190 3188 3186 3185 3183 3181 3180 3178 3176 3173 3170 3167 3164 3161 3157 3154 3150 3145 3141 3136 3132 3127 3122 3117 3112 3107 3101 3096 3090 3084 3078 3072 3066 3060 3054 3047 3040 3033 3027 3020 3013 3006 2999 2992 2984 2976 2969 2962 2955 2947 2940 2932 2924 2917 2909 2901 2891 2879 2865 2849 2832 2816 2799 2782 2766 2750 2734 2719 2704 2689 2676 2661 2645 2627 2611 2596 2579 2562 0 0
3152 3156 3162 3168 3173 3176 3178 3178 3178 3178 3178 3177 3176 3175 3173 3172 3171 3170 3168 3166 3164 3163 3161 3159 3157 3154 3152 3149 3146 3142 3139 3135 3131 3127 3123 3118 3114 3109 3104 3099 3094 3089 3084 3078 3072 3066 3061 3055 3049 3043 3037 3030 3023 3016 3010 3003 2996 2989 2982 2975 2967 2960 2953 2945 2938 2931 2923 2915 2908 2900 2893 2885 2877 2867 2855 2841 2825 2808 2792 2775 2759 2744 2728 2713 0 0 0 2656 2639 0 2608 2590 2573 2558 0 0
3134 3139 3145 3151 3155 3158 3160 3160 3160 3160 3159 3158 3157 3156 3155 3154 3152 3151 3149 3147 3146 3144 3142 3140 3138 3135 3133 3130 3127 3124 3120 3117 3113 3108 3105 3100 3096 3091 3087 3081 3076 3071 3066 3060 3054 3049 3043 3037 3031 3025 3020 3013 3006 2999 2993 2986 2979 2972 2965 2958 2950 2943 2936 2929 2921 2914 2907 2899 2891 2883 2876 2869 2861 2853 2843 2831 2817 2801 2784 2768 2753 2738 2723 0 0 0 0 0 0 0 0 0 0 0 0 0
3117 3122 3128 3134 3138 3140 3141 3141 3141 3141 3140 3140 3139 3138 3136 3135 3133 3132 3130 3129 3127 3125 3123 3122 3119 3117 3114 3112 3108 3105 3102 3098 3095 3090 3086 3082 3077 3073 3068 3063 3058 3053 3048 3043 3037 3031 3026 3020 3014 3008 3002 2995 2989 2982 2975 2969 2962 2955 2948 2941 2934 2926 2919 2912 2905 2897 2890 2883 2875 2867 2860 2853 2844 2837 2828 2818 2807 2793 2777 2761 2748 0 0 0 0 0 0 0 0 0 0 0 0 0 0 0
3099 3105 3110 3116 3120 3122 3122 3122 3122 3122 3121 3121 3120 3119 3117 3116 3114 3113 3112 3110 3108 3107 3105 3103 3100 3098 3096 3093 3090 3087 3083 3080 3076 3072 3068 3064 3060 3055 3050 3045 3040 3035 3030 3025 3019 3014 3008 3002 2996 2990 2984 2978 2971 2965 2958 2952 2945 2938 2931 2924 2917 2909 2902 2895 2888 2880 2873 2866 2858 2851 2844 2836 2828 2820 2812 2804 2795 2783 0 2756 0 0 0 0 0 0 0 0 0 0 0 0 0 0 0 0
3082 3087 3093 3098 3102 3104 3104 3104 3104 3103 3102 3102 3101 3100 3099 3098 3096 3094 3093 3091 3089 3088 3086 3084 3082 3080 3077 3074 3072 3068 3065 3061 3058 3054 3050 3046 3041 3037 3032 3027 3022 3017 3012 3007 3001 2996 2990 2984 2979 2973 2967 2960 2954 2947 2941 2935 2928 2921 2914 2907 2900 2893 2885 2878 2871 2864 2856 2849 2842 2834 2827 2819 2811 2804 2796 2788 0 0 0 0 0 0 0 0 0 0 0 0 0 0 0 0 0 0 0 0
3064 3070 3075 3081 3084 3086 3086 3086 3086 3085 3084 3083 3082 3081 3080 3079 3077 3075 3073 3072 3071 3069 3067 3065 3063 3061 3059 3056 3053 3050 3046 3043 3039 3036 3032 3028 3023 3019 3014 3009 3004 2999 2994 2989 2984 2978 2973 2967 2961 2955 2949 2942 2936 2930 2924 2917 2911 2904 2897 2890 2883 2876 2869 2861 2854 2846 2839 2832 2825 2818 2810 2803 2795 2787 2779 0 0 0 0 0 0 0 0 0 0 0 0 0 0 0 0 0 0 0 0 0
3047 3053 3058 3063 3066 3067 3067 3067 3067 3067 3065 3064 3063 3063 3061 3060 3058 3056 3055 3053 3052 3050 3049 3047 3045 3042 3040 3037 3034 3031 3028 3024 3021 3018 3013 3009 3005 3000 2996 2991 2986 2981 2976 2971 2966 2960 2955 2950 2944 2938 2932 2925 2919 2912 2906 2900 2893 2886 2880 2873 2866 2859 2852 2845 2837 2830 2822 2815 2808 2800 2793 2785 2778 0 0 0 0 0 0 0 0 0 0 0 0 0 0 0 0 0 0 0 0 0 0 0
3030 3036 3042 3046 3048 3048 3048 3048 3048 3048 3047 3046 3044 3043 3042 3041 3039 3038 3036 3034 3033 3032 3030 3028 3026 3024 3021 3019 3016 3013 3009 3006 3003 2999 2995 2991 2987 2982 2978 2973 2968 2963 2958 2953 2948 2942 2937 2932 2926 2920 2914 2908 2902 2896 2889 2883 2876 2869 2862 2856 2849 2841 2835 2828 2820 2813 2806 2798 2791 2783 2776 2768 0 0 0 0 0 0 0 0 0 0 0 0 0 0 0 0 0 0 0 0 0 0 0 0
3013 3019 3023 3027 3029 3030 3030 3030 3029 3029 3028 3027 3025 3024 3023 3022 3020 3019 3017 3016 3014 3013 3011 3009 3007 3006 3003 3000 2998 2995 2991 2988 2985 2981 2977 2973 2969 2964 2960 2955 2950 2945 2940 2935 2930 2925 2919 2914 2908 2903 2896 2891 2884 2878 2872 2865 2859 2853 2846 2839 2832 2825 2818 2811 2804 2797 2789 2781 2774 2767 2759 0 0 0 0 0 0 0 0 0 0 0 0 0 0 0 0 0 0 0 0 0 0 0 0 0
2995 3001 3006 3009 3011 3011 3011 3011 3011 3010 3009 3008 3007 3005 3004 3003 3001 3000 2999 2997 2996 2994 2993 2991 2989 2986 2984 2982 2979 2977 2973 2970 2966 2963 2959 2955 2951 2946 2942 2937 2932 2927 2923 2918 2912 2907 2902 2896 2891 2885 2879 2873 2867 2861 2854 2848 2842 2835 2829 2822 2815 2808 2801 2794 2787 2780 2773 2765 2758 2751 0 0 0 0 0 0 0 0 0 0 0 0 0 0 0 0 0 0 0 0 0 0 0 0 0 0
2978 2983 2988 2991 2992 2993 2993 2993 2992 2992 2990 2990 2988 2987 2986 2984 2982 2981 2979 2978 2977 2976 2974 2972 2970 2968 2966 2963 2960 2957 2954 2951 2948 2944 2941 2936 2932 2928 2924 2919 2914 2909 2905 2900 2894 2889 2884 2878 2873 2867 2862 2856 2849 2843 2837 2831 2824 2818 2812 2805 2798 2791 2784 2777 2770 2763 2755 2748 2742 0 0 0 0 0 0 0 0 0 0 0 0 0 0 0 0 0 0 0 0 0 0 0 0 0 0 0
2960 2965 2969 2972 2974 2974 2974 2974 2974 2973 2972 2970 2969 2967 2966 2965 2964 2963 2961 2959 2958 2956 2955 2953 2951 2949 2947 2944 2942 2939 2936 2932 2929 2926 2922 2918 2914 2910 2906 2901 2896 2891 2887 2882 2877 2871 2866 2861 2855 2850 2844 2838 2832 2825 2820 2813 2807 2801 2795 2788 2781 2774 2767 2760 2753 2746 2739 2733 0 0 0 0 0 0 0 0 0 0 0 0 0 0 0 0 0 0 0 0 0 0 0 0 0 0 0 0
2942 2947 2951 2954 2955 2956 2956 2956 2955 2954 2953 2952 2951 2949 2948 2946 2945 2944 2942 2941 2939 2938 2937 2935 2933 2931 2928 2926 2923 2920 2917 2914 2911 2908 2904 2899 2896 2892 2888 2883 2878 2873 2868 2864 2859 2853 2848 2843 2838 2832 2826 2820 2814 2808 2802 2796 2790 2783 2777 2771 2764 2757 2751 2743 2736 2730 2724 0 0 0 0 0 0 0 0 0 0 0 0 0 0 0 0 0 0 0 0 0 0 0 0 0 0 0 0 0
2924 2929 2934 2936 2937 2937 2937 2937 2937 2935 2934 2933 2932 2931 2929 2927 2926 2925 2924 2922 2921 2919 2918 2916 2914 2912 2910 2907 2904 2902 2898 2896 2892 2889 2885 2881 2878 2874 2869 2865 2860 2855 2851 2846 2840 2835 2830 2825 2820 2814 2808 2802 2797 2791 2785 2779 2773 2766 2760 2753 2747 2741 2734 2726 2720 2714 2710 0 0 0 0 0 0 0 0 0 0 0 0 0 0 0 0 0 0 0 0 0 0 0 0 0 0 0 0 0
2906 2911 2915 2917 2918 2918 2918 2918 2917 2917 2916 2915 2913 2912 2910 2909 2908 2906 2905 2904 2902 2901 2899 2897 2895 2893 2891 2889 2886 2883 2880 2877 2874 2870 2867 2863 2860 2856 2851 2847 2842 2837 2833 2828 2823 2817 2812 2807 2802 2797 2791 2785 2779 2773 2767 2762 2755 2749 2742 2736 2730 2723 2717 2710 2704 2700 2698 0 0 0 0 0 0 0 0 0 0 0 0 0 0 0 0 0 0 0 0 0 0 0 0 0 0 0 0 0
2889 2894 2897 2899 2900 2900 2900 2900 2899 2898 2897 2896 2895 2893 2892 2890 2889 2888 2887 2885 2884 2882 2881 2879 2877 2874 2872 2870 2867 2864 2862 2859 2856 2852 2848 2845 2841 2837 2833 2829 2824 2819 2814 2810 2805 2800 2794 2789 2784 2779 2773 2767 2762 2756 2750 2744 2738 2732 2725 2719 2712 2706 2700 2694 2689 2685 2682 0 0 0 0 0 0 0 0 0 0 0 0 0 0 0 0 0 0 0 0 0 0 0 0 0 0 0 0 0
2871 2876 2879 2881 2882 2882 2882 2882 2881 2879 2878 2877 2876 2875 2873 2872 2871 2869 2868 2867 2865 2864 2862 2860 2858 2856 2853 2851 2848 2846 2843 2840 2837 2834 2830 2827 2823 2819 2815 2810 2806 2801 2796 2792 2787 2782 2777 2772 2766 2761 2756 2750 2744 2738 2733 2726 2720 2715 2708 2702 2695 2689 2684 2678 2673 2669 2666 0 0 0 0 0 0 0 0 0 0 0 0 0 0 0 0 0 0 0 0 0 0 0 0 0 0 0 0 0
2854 2858 2862 2863 2863 2863 2863 2863 2862 2861 2859 2859 2857 2856 2854 2853 2852 2851 2849 2848 2847 2845 2843 2841 2840 2837 2835 2832 2830 2827 2825 2822 2819 2816 2812 2808 2805 2801 2797 2792 2788 2783 2779 2774 2769 2764 2759 2754 2749 2743 2738 2732 2726 2721 2715 2709 2703 2697 2691 2685 2678 2673 2667 2662 2657 2653 2650 0 0 0 0 0 0 0 0 0 0 0 0 0 0 0 0 0 0 0 0 0 0 0 0 0 0 0 0 0
2835 2840 2843 2845 2845 2845 2845 2845 2843 2843 2841 2840 2838 2837 2836 2835 2833 2832 2831 2829 2828 2826 2824 2823 2821 2819 2816 2814 2811 2809 2806 2804 2801 2797 2793 2790 2786 2783 2778 2774 2769 2765 2761 2756 2751 2746 2741 2736 2731 2725 2720 2714 2709 2703 2697 2692 2686 2680 2674 2667 2662 2656 2651 2646 2641 2636 2634 0 0 0 0 0 0 0 0 0 0 0 0 0 0 0 0 0 0 0 0 0 0 0 0 0 0 0 0 0
2818 2822 2825 2827 2827 2827 2827 2826 2825 2824 2823 2821 2820 2819 2817 2816 2815 2814 2812 2811 2809 2807 2806 2804 2802 2800 2797 2795 2793 2790 2788 2785 2782 2779 2776 2772 2768 2764 2760 2756 2751 2747 2743 2738 2733 2728 2724 2718 2713 2708 2702 2697 2691 2685 2680 2674 2668 2662 2657 2651 2645 2639 2634 2630 2625 2621 2618 0 0 0 0 0 0 0 0 0 0 0 0 0 0 0 0 0 0 0 0 0 0 0 0 0 0 0 0 0
2801 2805 2807 2808 2808 2808 2808 2807 2807 2805 2804 2803 2801 2800 2799 2797 2796 2795 2794 2792 2790 2789 2787 2785 2783 2781 2779 2776 2774 2772 2769 2766 2763 2761 2757 2754 2750 2746 2742 2738 2733 2729 2725 2720 2716 2710 2705 2700 2695 2690 2685 2679 2673 2668 2663 2657 2651 2645 2640 2634 2628 2623 2618 2613 2609 2605 2602 0 0 0 0 0 0 0 0 0 0 0 0 0 0 0 0 0 0 0 0 0 0 0 0 0 0 0 0 0
2784 2787 2789 2789 2789 2789 2789 2788 2787 2787 2785 2784 2782 2781 2780 2779 2778 2776 2775 2773 2771 2770 2769 2767 2765 2763 2760 2758 2755 2753 2751 2748 2745 2742 2739 2735 2731 2728 2724 2720 2715 2711 2707 2702 2697 2692 2688 2682 2677 2672 2667 2662 2656 2650 2645 2639 2634 2628 2623 2617 2612 2606 2601 2597 2593 2589 2586 0 0 0 0 0 0 0 0 0 0 0 0 0 0 0 0 0 0 0 0 0 0 0 0 0 0 0 0 0
2766 2769 2771 2771 2771 2771 2770 2769 2768 2767 2766 2765 2764 2763 2761 2760 2759 2757 2756 2755 2753 2751 2750 2748 2746 2744 2742 2739 2737 2735 2732 2729 2726 2723 2720 2717 2714 2710 2706 2701 2697 2693 2689 2684 2679 2674 2670 2664 2659 2654 2649 2644 2638 2632 2627 2622 2616 2611 2605 2600 2595 2590 2585 2580 2576 2572 2569 0 0 0 0 0 0 0 0 0 0 0 0 0 0 0 0 0 0 0 0 0 0 0 0 0 0 0 0 0
2748 2750 2752 2752 2752 2752 2752 2750 2750 2748 2747 2746 2745 2744 2743 2741 2739 2739 2737 2736 2734 2733 2731 2730 2728 2726 2723 2721 2718 2717 2714 2711 2708 2705 2702 2699 2695 2691 2687 2684 2679 2675 2671 2666 2661 2656 2652 2646 2642 2637 2631 2626 2620 2615 2610 2604 2599 2593 2588 2583 2578 2573 2568 2563 2559 2556 0 0 0 0 0 0 0 0 0 0 0 0 0 0 0 0 0 0 0 0 0 0 0 0 0 0 0 0 0 0
2730 2732 2733 2733 2733 2733 2733 2732 2731 2730 2728 2727 2726 2725 2724 2722 2721 2719 2718 2717 2716 2714 2712 2711 2709 2708 2705 2703 2700 2698 2695 2693 2690 2687 2684 2680 2677 2673 2669 2665 2661 2657 2653 2648 2643 2639 2634 2629 2624 2619 2614 2608 2603 2598 2592 2587 2581 2576 2571 2565 2561 2556 2551 2546 2542 2540 0 0 0 0 0 0 0 0 0 0 0 0 0 0 0 0 0 0 0 0 0 0 0 0 0 0 0 0 0 0
2712 2714 2715 2715 2715 2715 2714 2713 2712 2711 2710 2709 2707 2706 2704 2703 2702 2701 2700 2699 2697 2695 2694 2693 2691 2689 2687 2684 2682 2679 2677 2674 2672 2669 2666 2662 2658 2654 2651 2647 2643 2639 2634 2630 2625 2621 2616 2611 2606 2601 2596 2591 2586 2580 2575 2569 2564 2559 2554 2549 2544 2539 2534 2530 2527 0 0 0 0 0 0 0 0 0 0 0 0 0 0 0 0 0 0 0 0 0 0 0 0 0 0 0 0 0 0 0
2695 2696 2696 2696 2696 2696 2695 2695 2693 2692 2691 2690 2688 2687 2685 2684 2683 2683 2682 2680 2678 2677 2675 2674 2672 2671 2669 2666 2664 2661 2659 2656 2653 2650 2647 2644 2640 2636 2633 2629 2625 2621 2617 2612 2608 2603 2598 2593 2588 2583 2578 2573 2568 2563 2557 2552 2547 2541 2536 2532 2527 2522 2518 0 0 0 0 0 0 0 0 0 0 0 0 0 0 0 0 0 0 0 0 0 0 0 0 0 0 0 0 0 0 0 0 0
2677 2678 2678 2678 2678 2677 2677 2676 2674 2673 2672 2671 2670 2668 2667 2666 2664 2664 2663 2661 2660 2658 2657 2656 2654 2652 2650 2647 2645 2642 2640 2638 2635 2632 2629 2625 2622 2618 2615 2611 2606 2603 2598 2594 2589 2585 2580 2575 2571 2565 2560 2556 2550 2545 2539 2534 2529 2524 2519 2515 2510 2506 0 0 0 0 0 0 0 0 0 0 0 0 0 0 0 0 0 0 0 0 0 0 0 0 0 0 0 0 0 0 0 0 0 0
2658 2660 2660 2660 2660 2659 2658 2657 2656 2654 2653 2652 2651 2649 2648 2647 2646 2645 2644 2642 2641 2640 2638 2637 2635 2634 2631 2629 2627 2624 2621 2619 2616 2614 2610 2607 2603 2600 2596 2593 2589 2585 2580 2576 2571 2567 2562 2557 2553 2547 2543 2537 2532 2527 2522 2517 2512 2507 2502 2498 2494 2493 0 0 0 0 0 0 0 0 0 0 0 0 0 0 0 0 0 0 0 0 0 0 0 0 0 0 0 0 0 0 0 0 0 0
2640 2640 2640 2640 2640 2640 2639 2638 2637 2635 2634 2633 2632 2631 2630 2629 2627 2626 2625 2624 2622 2621 2620 2618 2616 2614 2613 2610 2608 2605 2603 2601 2598 2595 2592 2588 2585 2582 2578 2575 2570 2567 2562 2558 2554 2549 2544 2539 2535 2530 2525 2520 2514 2509 2504 2499 2495 2490 2486 2482 2480 0 0 0 0 0 0 0 0 0 0 0 0 0 0 0 0 0 0 0 0 0 0 0 0 0 0 0 0 0 0 0 0 0 0 0
