test.asc
NCOLS 255
NROWS 330
XLLCORNER -2985163.8955
YLLCORNER -3022031.214
CELLSIZE 25000
NODATA_value 0
[rows 50 to 99 of 330, columns 0 to 95 of 255]
0 0 0 0 0 0 0 0 0 0 0 0 0 0 0 0 0 0 0 0 0 0 0 0 0 0 0 0 0 0 0 0 0 0 0 0 0 1945 1965 1984 2003 2021 2040 2058 2076 2094 2111 2128 2144 2162 2179 2197 2213 2230 2246 2262 2278 2293 2308 2323 2336 2349 2362 2374 2388 2399 2412 2423 2437 2449 2462 2473 2486 2498 2509 2522 2532 2544 2557 2568 2578 2588 2596 2607 2618 2626 2636 2647 2656 2666 2675 2685 2694 2701 2709 2717
0 0 0 0 0 0 0 0 0 0 0 0 0 0 0 0 0 0 0 0 0 0 0 0 0 0 0 0 0 0 0 0 0 0 0 0 0 0 1977 1997 2016 2036 2054 2072 2090 2110 2127 2144 2162 2179 2197 2214 2230 2247 2263 2280 2295 2311 2327 2341 2355 2368 2382 2396 2408 2419 2431 2444 2457 2470 2482 2495 2507 2519 2529 2541 2552 2566 2576 2588 2599 2608 2620 2630 2639 2649 2660 2669 2679 2689 2698 2707 2716 2724 2731 2740
0 0 0 0 0 0 0 0 0 0 0 0 0 0 0 0 0 0 0 0 0 0 0 0 0 0 0 0 0 0 0 0 0 0 0 0 0 0 1989 2009 2029 2049 2067 2086 2106 2125 2142 2160 2179 2197 2214 2230 2247 2263 2280 2296 2312 2329 2344 2360 2373 2388 2401 2414 2426 2438 2452 2463 2477 2490 2502 2514 2526 2537 2549 2562 2574 2584 2597 2607 2623 2631 2641 2651 2661 2673 2683 2692 2702 2712 2721 2730 2739 2746 2755 2763
0 0 0 0 0 0 0 0 0 0 0 0 0 0 0 0 0 0 0 0 0 0 0 0 0 0 0 0 0 0 0 0 0 0 0 0 0 0 2001 2021 2040 2061 2080 2101 2120 2138 2157 2176 2194 2212 2230 2246 2263 2280 2297 2312 2330 2346 2362 2378 2393 2407 2420 2434 2446 2459 2472 2485 2497 2509 2522 2534 2546 2559 2570 2582 2594 2606 2618 2630 2641 2652 2664 2675 2685 2696 2704 2714 2724 2734 2744 2753 2761 2768 2777 2785
0 0 0 0 0 0 0 0 0 0 0 0 0 0 0 0 0 0 0 0 0 0 0 0 0 0 0 0 0 0 0 0 0 0 0 0 0 1992 2013 2032 2051 2071 2092 2114 2133 2152 2171 2190 2209 2226 2243 2261 2279 2297 2312 2330 2347 2364 2380 2396 2412 2426 2440 2452 2466 2478 2492 2504 2517 2529 2541 2554 2567 2579 2592 2602 2615 2627 2639 2650 2664 2673 2685 2696 2706 2716 2726 2735 2745 2756 2765 2776 2785 2793 2801 2808
0 0 0 0 0 0 0 0 0 0 0 0 0 0 0 0 0 0 0 0 0 0 0 0 0 0 0 0 0 0 0 0 0 0 0 0 0 2005 2025 2044 2064 2082 2107 2127 2146 2166 2186 2204 2222 2241 2258 2276 2294 2312 2330 2347 2364 2380 2397 2414 2430 2445 2457 2472 2485 2499 2511 2523 2537 2548 2562 2575 2588 2601 2612 2624 2635 2649 2660 2673 2685 2695 2706 2717 2728 2736 2747 2757 2765 2777 2788 2798 2809 2816 2824 2830
0 0 0 0 0 0 0 0 0 0 0 0 0 0 0 0 0 0 0 0 0 0 0 0 0 0 0 0 0 0 0 0 0 0 0 0 2000 2018 2037 2056 2078 2099 2118 2139 2158 2179 2198 2217 2236 2254 2273 2290 2308 2327 2346 2364 2380 2397 2414 2431 2447 2461 2475 2490 2505 2518 2531 2545 2557 2569 2583 2595 2609 2622 2634 2645 2658 2669 2682 2694 2707 2718 2729 2738 2749 2759 2769 2779 2788 2799 2810 2821 2830 2838 2846 2853
0 0 0 0 0 0 0 0 0 0 0 0 0 0 0 0 0 0 0 0 0 0 0 0 0 0 0 0 0 0 0 0 0 1951 1971 1990 2012 2031 2050 2070 2091 2112 2132 2150 2171 2192 2211 2230 2249 2268 2286 2303 2323 2342 2361 2379 2396 2414 2431 2447 2463 2479 2493 2508 2523 2537 2551 2564 2577 2590 2601 2614 2629 2642 2654 2666 2678 2691 2703 2715 2728 2737 2750 2760 2770 2781 2790 2800 2810 2821 2832 2842 2851 2859 2868 2876
0 0 0 0 0 0 0 0 0 0 0 0 0 0 0 0 0 0 0 0 0 0 0 0 0 0 0 0 0 0 0 0 1942 1963 1983 2004 2022 2043 2064 2084 2105 2124 2143 2162 2183 2204 2223 2242 2263 2282 2300 2318 2336 2356 2375 2394 2412 2430 2447 2463 2480 2496 2510 2526 2541 2555 2569 2583 2597 2610 2622 2635 2648 2661 2674 2685 2699 2712 2723 2736 2748 2760 2771 2783 2791 2801 2812 2823 2832 2843 2853 2863 2871 2880 2890 2898
0 0 0 0 0 0 0 0 0 0 0 0 0 0 0 0 0 0 0 0 0 0 0 0 0 0 0 0 0 0 0 0 0 1975 1997 2016 2036 2055 2077 2097 2117 2137 2155 2176 2198 2217 2236 2254 2275 2295 2313 2331 2351 2370 2389 2408 2427 2445 2462 2479 2496 2513 2528 2543 2559 2574 2587 2601 2615 2629 2642 2655 2667 2681 2694 2708 2721 2732 2746 2758 2770 2780 2791 2802 2813 2823 2832 2843 2854 2864 2877 2885 2894 2902 2910 2920
0 0 0 0 0 0 0 0 0 0 0 0 0 0 0 0 0 0 0 0 0 0 0 0 0 0 0 0 0 0 0 0 1967 1988 2009 2028 2049 2069 2088 2110 2129 2148 2171 2190 2211 2230 2249 2269 2288 2307 2325 2345 2364 2384 2403 2423 2442 2461 2479 2496 2513 2529 2545 2561 2578 2592 2606 2620 2634 2648 2662 2675 2689 2702 2715 2728 2741 2754 2766 2779 2790 2802 2813 2824 2834 2844 2855 2865 2875 2885 2895 2906 2915 2925 2934 2942
0 0 0 0 0 0 0 0 0 0 0 0 0 0 0 0 0 0 0 0 0 0 0 0 0 0 0 0 0 0 0 0 1980 2000 2021 2039 2061 2080 2101 2122 2142 2163 2184 2204 2223 2243 2263 2281 2300 2320 2340 2359 2377 2398 2416 2437 2457 2475 2495 2513 2529 2546 2563 2580 2596 2610 2625 2638 2652 2667 2681 2695 2708 2722 2735 2748 2761 2772 2787 2799 2812 2821 2833 2844 2856 2867 2876 2886 2895 2907 2918 2927 2938 2946 2955 2965
0 0 0 0 0 0 0 0 0 0 0 0 0 0 0 0 0 0 0 0 0 0 0 0 0 0 0 0 0 0 0 0 1991 2013 2033 2053 2071 2093 2112 2134 2153 2176 2196 2217 2236 2255 2276 2295 2313 2331 2354 2373 2392 2412 2432 2452 2471 2490 2510 2528 2545 2563 2580 2597 2612 2628 2643 2656 2671 2686 2700 2713 2727 2741 2754 2767 2781 2793 2806 2819 2832 2843 2854 2866 2876 2887 2896 2908 2919 2929 2939 2949 2958 2966 2977 2987
0 0 0 0 0 0 0 0 0 0 0 0 0 0 0 0 0 0 0 0 0 0 0 0 0 0 0 0 0 0 0 1981 2004 2025 2044 2065 2086 2106 2126 2148 2169 2188 2209 2229 2248 2269 2290 2309 2327 2345 2368 2386 2407 2426 2445 2464 2483 2504 2524 2543 2561 2579 2597 2613 2629 2646 2662 2678 2691 2703 2718 2731 2745 2759 2772 2786 2800 2813 2826 2839 2852 2864 2876 2887 2900 2909 2920 2931 2940 2950 2960 2970 2979 2990 3000 3009
0 0 0 0 0 0 0 0 0 0 0 0 0 0 0 0 0 0 0 0 0 0 0 0 0 0 0 0 0 1955 1975 1996 2016 2036 2056 2078 2096 2119 2139 2160 2181 2201 2220 2241 2261 2279 2303 2322 2341 2361 2381 2401 2420 2440 2459 2477 2497 2518 2538 2558 2576 2595 2613 2629 2646 2664 2680 2696 2710 2724 2737 2750 2762 2778 2790 2805 2819 2833 2847 2859 2872 2884 2896 2909 2920 2932 2942 2950 2960 2971 2981 2992 3001 3011 3020 3030
0 0 0 0 0 0 0 0 0 0 0 0 0 0 0 0 0 0 0 0 0 0 0 0 0 0 0 1926 1946 1967 1987 2008 2027 2047 2068 2089 2111 2131 2151 2173 2194 2213 2233 2254 2274 2295 2315 2335 2355 2373 2392 2414 2434 2453 2472 2491 2509 2530 2552 2572 2591 2611 2629 2646 2664 2681 2697 2714 2728 2742 2757 2771 2784 2798 2811 2825 2839 2853 2867 2880 2893 2905 2918 2930 2941 2952 2963 2972 2982 2992 3001 3013 3024 3033 3043 3054
0 0 0 0 0 0 0 0 0 0 0 0 0 0 0 0 0 0 0 0 0 0 0 0 0 0 0 1936 1959 1978 1999 2021 2039 2059 2079 2100 2121 2143 2164 2185 2205 2225 2245 2265 2287 2307 2327 2348 2368 2387 2407 2427 2447 2467 2486 2505 2525 2544 2563 2586 2607 2626 2645 2664 2680 2697 2714 2731 2746 2762 2776 2790 2804 2817 2831 2845 2859 2872 2886 2899 2913 2925 2938 2949 2961 2973 2983 2993 3004 3014 3025 3036 3044 3055 3065 3075
0 0 0 0 0 0 0 0 0 0 0 0 0 0 0 0 0 0 0 0 0 0 0 0 0 0 0 1948 1968 1989 2011 2031 2050 2069 2090 2111 2132 2153 2175 2196 2216 2236 2257 2277 2298 2319 2340 2360 2380 2400 2419 2440 2460 2480 2500 2520 2539 2559 2580 2600 2620 2639 2660 2678 2695 2713 2731 2748 2764 2780 2795 2809 2821 2837 2849 2865 2879 2892 2905 2919 2933 2946 2957 2970 2981 2994 3004 3015 3027 3037 3047 3058 3068 3078 3086 3097
0 0 0 0 0 0 0 0 0 0 0 0 0 0 0 0 0 0 0 0 0 0 0 0 0 0 0 1958 1979 2000 2023 2041 2061 2081 2101 2123 2143 2164 2186 2207 2228 2248 2269 2291 2312 2331 2351 2372 2391 2412 2433 2453 2473 2492 2513 2533 2552 2572 2591 2612 2634 2653 2673 2691 2710 2729 2747 2764 2781 2798 2813 2828 2842 2856 2869 2885 2899 2912 2924 2939 2952 2966 2979 2990 3003 3014 3027 3038 3049 3060 3070 3079 3090 3100 3110 3120
0 0 0 0 0 0 0 0 0 0 0 0 0 0 0 0 0 0 0 0 0 0 0 0 0 0 0 1968 1989 2013 2031 2051 2072 2092 2112 2133 2154 2175 2197 2219 2240 2261 2282 2302 2324 2344 2364 2382 2404 2424 2445 2465 2485 2505 2525 2546 2564 2586 2605 2625 2647 2668 2686 2706 2725 2744 2763 2781 2798 2814 2831 2845 2861 2877 2891 2904 2919 2933 2946 2960 2971 2986 2999 3012 3023 3035 3047 3058 3070 3082 3092 3102 3112 3123 3133 3143
0 0 0 0 0 0 0 0 0 0 0 0 0 0 0 0 0 0 0 0 0 0 0 0 0 0 1960 1979 2001 2022 2042 2062 2083 2103 2124 2144 2166 2186 2209 2231 2252 2273 2294 2316 2336 2356 2375 2396 2416 2437 2456 2477 2496 2517 2538 2559 2580 2600 2620 2639 2658 2681 2700 2719 2739 2759 2778 2797 2814 2831 2846 2863 2879 2894 2910 2925 2940 2954 2966 2981 2994 3006 3018 3032 3044 3056 3068 3079 3090 3101 3113 3123 3134 3146 3156 3165
0 0 0 0 0 0 0 0 0 0 0 0 0 0 0 0 0 0 0 0 0 0 0 0 0 0 1968 1990 2011 2031 2053 2072 2094 2114 2135 2155 2176 2198 2220 2243 2264 2284 2306 2329 2347 2368 2387 2409 2430 2450 2470 2490 2511 2531 2552 2572 2594 2614 2632 2650 2672 2692 2713 2733 2754 2773 2793 2812 2831 2847 2863 2880 2896 2912 2929 2945 2959 2973 2987 3000 3013 3027 3040 3052 3064 3077 3087 3099 3111 3123 3135 3147 3158 3169 3179 3187
0 0 0 0 0 0 0 0 0 0 0 0 0 0 0 0 0 0 0 0 0 0 0 0 0 0 1977 1999 2020 2040 2062 2084 2104 2126 2146 2167 2188 2209 2232 2254 2276 2295 2318 2340 2359 2379 2400 2420 2443 2463 2483 2504 2524 2544 2565 2586 2606 2626 2645 2665 2685 2705 2726 2746 2765 2787 2806 2827 2845 2863 2879 2896 2912 2929 2946 2963 2978 2992 3006 3019 3032 3046 3059 3072 3085 3097 3108 3119 3133 3143 3156 3167 3179 3191 3200 3209
0 0 0 0 0 0 0 0 0 0 0 0 0 0 0 0 0 0 0 0 0 0 0 0 0 1966 1986 2008 2030 2050 2073 2093 2115 2136 2158 2178 2198 2221 2243 2265 2286 2308 2330 2350 2370 2391 2413 2435 2455 2476 2496 2516 2537 2557 2577 2598 2619 2639 2660 2679 2698 2717 2738 2757 2780 2801 2821 2840 2860 2877 2895 2913 2929 2947 2963 2980 2996 3010 3024 3038 3052 3063 3078 3091 3105 3117 3129 3141 3152 3165 3176 3188 3199 3210 3220 3231
0 0 0 0 0 0 0 0 0 0 0 0 0 0 0 0 0 0 0 0 0 0 0 0 0 1974 1996 2018 2041 2060 2083 2103 2126 2146 2166 2189 2210 2232 2254 2276 2298 2320 2341 2361 2381 2402 2424 2447 2468 2488 2508 2530 2549 2570 2590 2611 2632 2653 2673 2692 2712 2732 2750 2773 2794 2813 2834 2853 2872 2891 2911 2929 2946 2963 2980 2996 3013 3028 3043 3057 3073 3085 3098 3111 3124 3136 3148 3162 3173 3185 3197 3208 3220 3232 3243 3253
0 0 0 0 0 0 0 0 0 0 0 0 0 0 0 0 0 0 0 0 0 0 0 0 0 1981 2005 2028 2050 2071 2091 2113 2135 2156 2176 2199 2221 2242 2265 2287 2309 2331 2351 2373 2391 2413 2436 2458 2479 2500 2521 2541 2562 2582 2603 2624 2644 2665 2685 2705 2725 2745 2766 2784 2807 2826 2846 2866 2886 2906 2924 2944 2962 2980 2996 3013 3030 3045 3062 3077 3091 3105 3118 3132 3144 3157 3170 3181 3194 3207 3218 3231 3242 3253 3265 3274
0 0 0 0 0 0 0 0 0 0 0 0 0 0 0 0 0 0 0 0 0 0 0 0 0 1989 2013 2037 2059 2080 2101 2122 2144 2165 2187 2207 2229 2252 2276 2298 2319 2341 2361 2381 2403 2424 2446 2469 2491 2512 2532 2553 2573 2594 2615 2636 2656 2675 2697 2718 2737 2758 2778 2799 2819 2838 2858 2878 2899 2919 2939 2958 2977 2995 3012 3030 3045 3065 3080 3096 3111 3123 3138 3152 3165 3177 3190 3202 3213 3229 3241 3252 3263 3274 3285 3295
0 0 0 0 0 0 0 0 0 0 0 0 0 0 0 0 0 0 0 0 0 0 0 0 0 1993 2019 2045 2068 2089 2110 2132 2152 2175 2197 2218 2240 2263 2286 2308 2329 2350 2370 2393 2414 2434 2456 2480 2503 2523 2545 2564 2585 2605 2628 2648 2669 2690 2710 2731 2751 2771 2791 2811 2831 2851 2871 2891 2911 2931 2952 2972 2991 3010 3028 3046 3065 3081 3097 3114 3130 3144 3158 3171 3184 3197 3209 3222 3236 3249 3262 3273 3285 3295 3306 3316
0 0 0 0 0 0 0 0 0 0 0 0 0 0 0 0 0 0 0 0 0 0 0 0 0 1993 2022 2052 2076 2099 2119 2143 2163 2183 2206 2228 2250 2274 2295 2317 2338 2358 2379 2403 2424 2445 2468 2491 2512 2534 2555 2575 2596 2617 2640 2660 2681 2702 2723 2743 2763 2783 2803 2822 2844 2864 2884 2903 2924 2944 2963 2985 3006 3024 3043 3062 3080 3097 3115 3131 3147 3162 3176 3190 3203 3217 3230 3242 3256 3269 3282 3295 3305 3318 3329 3339
0 0 0 0 0 0 0 0 0 0 0 0 0 0 0 0 0 0 0 0 0 0 0 0 0 1993 2023 2056 2083 2107 2128 2150 2172 2191 2216 2237 2261 2282 2306 2327 2347 2368 2390 2413 2434 2456 2479 2502 2522 2544 2565 2586 2607 2629 2651 2671 2693 2714 2735 2755 2775 2795 2815 2836 2855 2877 2895 2916 2936 2957 2977 2998 3019 3037 3057 3075 3095 3114 3131 3148 3164 3180 3196 3209 3222 3237 3251 3264 3276 3290 3303 3315 3328 3339 3351 3362
0 0 0 0 0 0 0 0 0 0 0 0 0 0 0 0 0 0 0 0 0 0 0 0 0 0 0 2056 2091 2116 2139 2158 2180 2202 2225 2248 2270 2293 2316 2336 2357 2379 2401 2423 2445 2467 2489 2511 2532 2553 2576 2598 2619 2641 2661 2682 2704 2725 2746 2766 2783 2806 2827 2847 2869 2889 2909 2929 2949 2970 2990 3011 3031 3051 3070 3089 3110 3129 3147 3164 3181 3197 3214 3227 3242 3256 3270 3284 3298 3311 3324 3337 3349 3361 3372 3384
0 0 0 0 0 0 0 0 0 0 0 0 0 0 0 0 0 0 0 0 0 0 0 0 0 0 0 0 2091 2126 2149 2167 2188 2212 2233 2257 2279 2303 2325 2346 2368 2389 2411 2432 2454 2475 2498 2522 2543 2564 2587 2610 2631 2652 2671 2693 2713 2735 2756 2775 2796 2816 2838 2859 2881 2901 2921 2942 2961 2984 3003 3023 3043 3063 3083 3104 3124 3143 3162 3180 3197 3214 3230 3246 3261 3274 3289 3303 3317 3331 3345 3357 3370 3381 3394 3404
0 0 0 0 0 0 0 0 0 0 0 0 0 0 0 0 0 0 0 0 0 0 0 0 0 0 0 0 0 0 2157 2177 2198 2221 2241 2265 2288 2313 2333 2355 2378 2399 2421 2443 2465 2487 2510 2532 2553 2575 2597 2620 2642 2662 2684 2704 2724 2746 2766 2786 2807 2827 2848 2869 2892 2912 2933 2954 2975 2996 3016 3036 3056 3076 3095 3117 3137 3156 3175 3196 3214 3232 3248 3265 3280 3293 3307 3322 3336 3350 3364 3377 3390 3403 3415 3425
0 0 0 0 0 0 0 0 0 0 0 0 0 0 0 0 0 0 0 0 0 0 0 0 0 0 0 0 2121 2144 2166 2187 2207 2230 2253 2275 2295 2320 2343 2366 2388 2409 2431 2453 2475 2498 2520 2543 2563 2586 2608 2631 2654 2673 2695 2714 2735 2757 2777 2798 2820 2838 2858 2880 2902 2925 2944 2966 2987 3008 3029 3049 3068 3089 3110 3131 3151 3171 3191 3211 3230 3248 3265 3282 3298 3313 3328 3341 3355 3369 3383 3397 3410 3423 3435 3447
0 0 0 0 0 0 0 0 0 0 0 0 0 0 0 0 0 0 0 0 0 0 0 0 0 0 0 2103 2129 2152 2174 2195 2215 2239 2261 2283 2306 2328 2351 2375 2398 2420 2441 2464 2486 2508 2531 2554 2574 2596 2619 2642 2662 2684 2706 2726 2747 2767 2788 2809 2830 2850 2871 2891 2914 2936 2956 2977 3000 3021 3040 3061 3081 3100 3124 3144 3165 3184 3205 3224 3244 3264 3282 3299 3316 3332 3347 3361 3375 3387 3403 3415 3431 3444 3456 3467
0 0 0 0 0 0 0 0 0 0 0 0 0 0 0 0 0 0 0 0 0 0 0 0 0 0 0 2114 2137 2160 2181 2204 2226 2247 2270 2293 2315 2336 2358 2383 2406 2429 2451 2474 2496 2519 2541 2564 2585 2607 2630 2651 2672 2694 2715 2736 2758 2780 2799 2822 2840 2861 2882 2904 2926 2947 2968 2990 3012 3033 3054 3073 3094 3115 3136 3156 3177 3198 3218 3237 3258 3278 3297 3315 3332 3349 3364 3379 3395 3409 3423 3434 3449 3465 3477 3489
0 0 0 0 0 0 0 0 0 0 0 0 0 0 0 0 0 0 0 0 0 0 0 0 0 0 2097 2121 2145 2166 2189 2212 2235 2256 2279 2301 2322 2345 2368 2391 2414 2436 2460 2483 2505 2528 2549 2572 2595 2617 2640 2661 2681 2703 2725 2746 2767 2788 2810 2830 2852 2872 2894 2915 2937 2959 2980 3001 3024 3045 3065 3087 3107 3128 3148 3169 3189 3210 3230 3250 3269 3292 3312 3330 3348 3365 3380 3396 3413 3429 3444 3458 3469 3486 3499 3511
0 0 0 0 0 0 0 0 0 0 0 0 0 0 0 0 0 0 0 0 0 0 0 0 0 2081 2103 2129 2151 2175 2197 2220 2241 2264 2287 2309 2329 2353 2376 2399 2421 2444 2468 2491 2513 2536 2557 2581 2604 2625 2649 2668 2689 2712 2733 2756 2776 2796 2819 2840 2862 2883 2905 2926 2947 2970 2991 3013 3035 3057 3079 3098 3120 3140 3161 3181 3202 3222 3242 3263 3285 3304 3323 3345 3363 3380 3397 3415 3431 3447 3463 3480 3493 3507 3519 3531
0 0 0 0 0 0 0 0 0 0 0 0 0 0 0 0 0 0 0 0 0 0 0 0 2066 2089 2113 2137 2160 2182 2205 2227 2249 2271 2294 2316 2337 2361 2385 2406 2429 2452 2476 2499 2522 2543 2565 2588 2612 2633 2657 2677 2697 2720 2742 2764 2784 2807 2828 2851 2872 2894 2915 2936 2958 2979 3003 3023 3047 3067 3089 3111 3131 3152 3173 3194 3214 3234 3255 3277 3297 3318 3339 3360 3378 3396 3414 3431 3449 3465 3482 3498 3514 3527 3539 3552
0 0 0 0 0 0 0 0 0 0 0 0 0 0 0 0 0 0 0 0 0 0 0 0 0 2096 2121 2144 2168 2190 2213 2235 2256 2278 2300 2323 2345 2368 2392 2414 2437 2460 2484 2506 2529 2550 2572 2597 2620 2643 2665 2685 2706 2728 2750 2772 2792 2815 2838 2860 2883 2905 2925 2947 2969 2991 3012 3035 3058 3078 3100 3121 3143 3164 3184 3205 3225 3246 3268 3289 3311 3332 3352 3373 3392 3411 3429 3447 3465 3483 3500 3516 3532 3546 3558 3571
0 0 0 0 0 0 0 0 0 0 0 0 0 0 0 0 0 0 0 0 0 0 0 0 0 2104 2128 2152 2174 2197 2219 2242 2265 2287 2307 2330 2352 2376 2399 2421 2444 2468 2491 2513 2536 2558 2580 2605 2628 2651 2673 2693 2714 2736 2758 2781 2803 2825 2847 2870 2893 2915 2937 2958 2979 3002 3022 3045 3067 3089 3110 3131 3154 3174 3197 3216 3237 3258 3279 3302 3322 3345 3365 3385 3406 3424 3443 3461 3482 3500 3516 3533 3550 3564 3579 3591
0 0 0 0 0 0 0 0 0 0 0 0 0 0 0 0 0 0 0 0 0 0 0 0 0 2109 2134 2159 2180 2204 2227 2250 2273 2294 2317 2339 2360 2384 2406 2430 2452 2475 2497 2520 2543 2566 2587 2613 2635 2658 2681 2700 2721 2743 2767 2789 2810 2832 2857 2878 2901 2924 2946 2969 2990 3011 3033 3055 3077 3099 3120 3142 3164 3188 3207 3228 3249 3271 3293 3313 3336 3357 3378 3397 3419 3439 3458 3477 3496 3515 3533 3550 3567 3583 3598 3613
0 0 0 0 0 0 0 0 0 0 0 0 0 0 0 0 0 0 0 0 0 0 0 0 0 2111 2137 2162 2186 2211 2235 2258 2281 2303 2325 2347 2368 2391 2415 2438 2460 2481 2505 2528 2551 2573 2596 2621 2645 2667 2689 2710 2730 2753 2775 2799 2820 2841 2863 2887 2911 2934 2956 2979 3000 3020 3042 3065 3086 3110 3132 3153 3174 3198 3218 3240 3259 3283 3303 3327 3346 3369 3390 3411 3431 3452 3472 3492 3511 3531 3549 3567 3584 3601 3617 3632
0 0 0 0 0 0 0 0 0 0 0 0 0 0 0 0 0 0 0 0 0 0 0 0 0 0 2138 2165 2191 2216 2241 2267 2288 2310 2332 2355 2376 2399 2423 2445 2467 2490 2513 2536 2557 2581 2608 2630 2654 2675 2696 2719 2741 2763 2785 2807 2829 2851 2871 2895 2919 2942 2965 2987 3008 3031 3053 3074 3097 3120 3143 3164 3186 3208 3229 3250 3273 3293 3314 3338 3361 3381 3403 3422 3444 3463 3486 3506 3526 3546 3566 3584 3601 3618 3634 3651
0 0 0 0 0 0 0 0 0 0 0 0 0 0 0 0 0 0 0 0 0 0 0 0 0 0 0 2165 2191 2220 2247 2272 2295 2317 2340 2361 2384 2407 2429 2450 2474 2498 2521 2543 2567 2592 2616 2637 2660 2682 2705 2726 2750 2772 2793 2816 2838 2860 2879 2902 2927 2949 2973 2996 3018 3040 3063 3084 3107 3130 3153 3174 3196 3217 3239 3260 3283 3305 3326 3348 3370 3393 3413 3436 3455 3477 3498 3519 3540 3561 3581 3600 3618 3634 3652 3669
0 0 0 0 0 0 0 0 0 0 0 0 0 0 0 0 0 0 0 0 0 0 0 0 0 0 2138 2165 2191 2220 2251 2278 2301 2323 2345 2368 2391 2414 2436 2458 2482 2506 2527 2553 2577 2601 2624 2647 2668 2690 2712 2734 2757 2780 2801 2824 2846 2868 2890 2912 2935 2957 2980 3004 3027 3049 3072 3094 3115 3139 3163 3184 3205 3227 3249 3272 3294 3315 3337 3359 3382 3404 3426 3447 3468 3490 3511 3530 3553 3573 3595 3614 3633 3651 3669 3686
0 0 0 0 0 0 0 0 0 0 0 0 0 0 0 0 0 0 0 0 0 0 0 0 0 0 2136 2165 2191 2220 2251 2282 2307 2328 2351 2375 2398 2421 2443 2467 2492 2514 2538 2562 2585 2608 2631 2654 2675 2697 2720 2742 2765 2787 2811 2834 2855 2877 2898 2921 2943 2965 2991 3012 3035 3056 3082 3103 3126 3148 3171 3193 3215 3237 3259 3283 3303 3327 3348 3369 3393 3415 3437 3459 3480 3502 3523 3544 3565 3587 3607 3628 3647 3666 3685 3703
0 0 0 0 0 0 0 0 0 0 0 0 0 0 0 0 0 0 0 0 0 0 0 0 0 0 0 0 0 0 2251 2284 2311 2334 2358 2383 2407 2429 2452 2476 2499 2523 2547 2570 2592 2615 2638 2661 2683 2705 2728 2750 2773 2794 2818 2842 2862 2885 2907 2930 2952 2975 2998 3020 3044 3066 3090 3112 3135 3156 3177 3202 3222 3247 3271 3291 3315 3338 3359 3381 3403 3425 3447 3469 3492 3513 3534 3554 3578 3600 3619 3641 3661 3680 3701 3719
0 0 0 0 0 0 0 0 0 0 0 0 0 0 0 0 0 0 0 0 0 0 0 0 0 0 0 0 0 0 0 0 2314 2341 2365 2389 2412 2436 2460 2484 2507 2531 2554 2578 2599 2623 2645 2666 2688 2711 2735 2756 2779 2802 2826 2847 2870 2892 2915 2937 2960 2983 3005 3028 3052 3076 3098 3121 3141 3164 3187 3210 3232 3257 3281 3302 3325 3348 3369 3392 3413 3436 3459 3480 3502 3526 3544 3566 3590 3610 3633 3653 3674 3694 3715 3734
0 0 0 0 0 0 0 0 0 0 0 0 0 0 0 0 0 0 0 0 0 0 0 0 0 0 0 0 0 0 0 0 0 2345 2371 2394 2417 2442 2466 2490 2514 2537 2561 2582 2605 2627 2650 2672 2694 2717 2740 2763 2785 2809 2832 2853 2877 2899 2924 2945 2968 2991 3012 3037 3059 3083 3106 3129 3151 3173 3197 3217 3241 3265 3289 3311 3334 3356 3379 3401 3424 3446 3469 3491 3513 3534 3554 3577 3601 3622 3643 3664 3685 3707 3727 3747
