output/arrival_times.asc
NCOLS 255
NROWS 330
XLLCORNER -2985163.8955
YLLCORNER -3022031.214
CELLSIZE 25000
NODATA_value 0
[rows 118 to 176 of 330, columns 96 to 191 of 255]
3688 3688 2800 2800 2700 2300 2200 2200 2200 2200 2200 2200 2200 2200 2196 2196 1800 1800 2200 2200 1900 1800 1700 1800 1900 2200 2200 2200 2200 2300 2300 2300 3444 3484 3463 3447 3447 3461 3461 3461 3444 3427 3413 3397 3379 3368 3359 3348 3342 3349 3353 3360 3360 3362 3382 3382 3390 3366 3377 3377 3364 3360 3347 3348 3340 3347 3347 3337 3356 2600 2600 2600 2500 2400 2400 2398 2399 2400 2300 2197 0 0 0 0 0 0 0 0 0 0 0 0 0 0 0 0
3731 2900 2800 2700 2300 2200 2200 2200 1900 1900 2196 2196 2195 2191 2191 2192 2200 1900 2191 2191 1800 1700 1700 1800 1900 2200 2197 2200 2200 2200 2200 2200 2300 3500 3466 3470 3470 3490 3481 3461 3444 3431 3413 3397 3375 3356 3340 3369 3380 3380 3378 3378 3378 3382 3400 3399 3393 3393 3397 3386 3397 3366 3356 3351 3349 3355 3355 3338 2700 2600 2600 2500 2500 2400 2300 2300 2398 2400 2300 2200 0 0 0 0 0 0 0 0 0 0 0 0 0 0 0 0
3688 2800 2800 2700 2200 2200 1900 1900 1800 1800 1800 1900 2191 2191 2192 2200 2696 2200 2200 1900 1800 1796 1700 1700 1700 1700 1800 1800 1800 1800 1800 1800 1900 2200 3500 3500 3481 3537 3482 3451 3444 3431 3413 2400 3372 3348 3374 3396 3403 3403 3396 3396 3382 3399 3391 3387 3393 3416 3409 3414 3397 3388 3371 3351 3355 3367 2700 2700 2700 2500 2500 2400 2400 2400 2396 2396 2400 2300 2300 2292 0 0 0 0 0 0 0 0 0 0 0 0 0 0 0 0
2900 2800 2700 2300 2200 2000 1900 1800 1800 1800 1800 1800 1800 1800 2187 2200 2694 2668 2200 2194 1800 1796 1800 1700 1600 1600 1700 1700 1700 1600 1700 1700 1700 2200 2200 2300 3485 3481 3481 2300 2300 2300 2300 2300 2400 3374 3404 3416 3416 3410 3410 3400 3388 3382 3373 3369 3404 3393 3397 3397 3401 3388 3366 3355 3382 2600 2600 2600 2600 2500 2400 2400 2400 2400 2396 2396 2300 2300 1200 1200 0 0 0 0 0 0 0 0 0 0 0 0 0 0 0 0
3629 2800 2700 2300 2200 1900 1800 1800 1800 1795 1795 1794 1794 1800 2187 2200 2694 2621 2200 2180 1800 1799 1798 1500 1500 1600 1600 1500 1500 1500 1500 1500 1600 1700 2200 2200 2200 3461 2200 2200 2200 2200 2200 2200 2300 2300 3416 3429 3421 3429 3414 3401 3388 3371 3363 2500 2500 3374 3374 3388 3388 3388 3366 3373 2600 2600 2500 2500 2500 2400 2400 1300 2300 2300 1300 2300 1200 1200 0 0 0 0 0 0 0 0 0 0 0 0 0 0 0 0 0 0
3622 2800 2700 2200 2200 1900 1800 1798 1795 1700 1700 1700 1700 1700 1700 2200 2200 2200 2200 1800 1800 1799 1700 1500 1400 1500 1500 1400 1400 1400 1400 1400 1400 1500 1500 1700 2200 2200 2200 1800 1700 1800 2200 2200 2200 2200 2300 2300 2300 3426 3414 3413 3388 3370 3356 2500 2400 2500 3364 3364 3366 3366 3366 2600 2500 2500 2500 2400 2400 2400 2300 1300 2300 1200 0 1300 1200 0 0 0 0 0 0 0 0 0 0 0 0 0 0 0 1878 1871 1894 0
3561 2800 2700 2200 2200 1900 1800 1700 1700 1700 1696 1700 1694 1691 1700 1700 1700 1700 1700 1700 1700 1700 1700 1500 1400 1400 1400 1400 1399 1400 1300 1300 1300 1300 1300 1400 1400 1500 1500 1500 1400 1400 1400 1700 1800 1500 1400 1500 2300 2400 2300 3401 2400 2400 2400 2400 2400 2599 3350 3356 3378 3369 2600 2600 2500 2497 2400 2300 2300 2392 1300 1200 1300 1200 0 0 1200 0 0 0 0 0 0 0 0 0 0 0 0 0 0 1900 1874 1871 0 0
3553 2800 2700 2200 2197 1800 1700 1700 1697 1696 1695 1693 1695 1696 1691 1686 1689 1697 1700 1500 1500 1697 1699 1500 1400 1400 1300 1300 1300 1300 1300 1297 1294 1294 1300 1300 1400 1400 1400 1400 1300 1300 1300 1400 1500 1400 1400 1400 2200 2300 2300 2400 2400 2300 2394 2400 2499 3345 3343 3356 3382 2600 2600 2500 2500 2500 2400 2300 1300 2300 1200 1200 1297 1200 0 0 1196 0 0 0 0 0 0 0 0 0 0 0 0 0 0 1900 1881 1879 0 0
3532 3100 2700 2200 2199 1700 1700 1695 1696 1700 1700 1700 1700 1700 1691 1686 1696 1697 1690 1500 1400 1400 1500 1700 1500 1300 1300 1200 1200 1200 1200 1200 1200 1200 1300 1300 1300 1300 1300 1300 1300 1300 1200 1200 1300 1400 1400 1300 1300 1400 1500 2300 2300 2300 2396 2400 2400 3335 3343 3357 2600 2500 2500 2500 2400 2400 2400 2300 1300 1200 1200 1200 1200 1200 0 0 0 0 0 0 0 0 0 0 0 0 0 0 0 0 0 1900 1881 0 0 0
3512 3519 2700 2200 2200 1700 1695 1696 1700 1700 1400 1400 1400 1400 1400 1400 1400 1500 1500 1400 1400 1400 1400 1500 1500 1400 1200 1200 1100 1100 1100 1200 1200 1298 1400 1398 1300 1300 1300 1200 1300 1400 1400 1300 1300 1300 1400 1300 1200 1300 1400 2200 2200 2300 2400 2400 2500 2500 2500 2500 2500 2500 2500 2400 2400 2398 2400 2300 1300 1200 1193 1200 1200 1196 0 0 0 0 0 0 0 0 0 0 0 0 0 0 0 0 0 0 0 0 0 0
3499 3503 2700 2500 2200 1700 1696 1700 1700 1300 1300 1300 1400 1400 1400 1398 1400 1400 1500 1400 1300 1300 1400 1300 1300 1400 1300 1100 1100 1100 1196 1300 1300 1300 1200 1300 1400 1400 1200 1300 2200 1300 1200 1200 1200 1200 1200 1200 1200 1200 1300 1300 1400 1400 2300 2400 2498 2500 2500 2500 2498 2500 2400 2400 2300 1300 1300 1300 1300 1200 1198 1200 0 0 0 0 0 0 0 0 0 0 0 0 0 0 0 0 0 0 0 0 0 0 0 0
3483 3483 2700 2600 2200 1700 1697 1700 1300 1300 1296 1300 1300 1300 1300 1400 1400 1400 1400 1400 1399 1300 1300 1300 1300 1400 1300 1100 1100 1100 1100 1200 1299 1300 1300 1300 1300 1200 1200 1300 1300 1300 1200 1200 800 600 600 600 600 600 1200 1300 1400 1400 2300 2400 2400 2400 2400 2400 2400 2400 2400 2300 1300 1300 1297 1200 1200 1200 0 0 0 0 0 0 0 0 0 0 0 0 0 0 0 0 0 0 0 0 0 0 0 0 0 0
3472 3488 2700 2600 2200 1700 1700 1700 1300 1300 1300 1300 1300 1300 1300 1300 1300 1300 1400 1400 1400 1400 1400 1400 1300 1300 1300 1200 1100 1096 1100 1200 1200 1200 1200 1200 1200 1200 1200 1000 1000 1200 900 600 0 0 0 0 594 600 600 1200 1300 1300 1400 2400 2400 2400 2399 2400 2396 2394 2300 1300 1300 1200 0 0 1200 0 0 0 0 0 0 0 0 0 0 0 0 0 0 0 0 0 0 0 0 1185 0 0 0 0 0 1900
3470 3470 3400 2600 2200 1700 1700 1300 1300 1200 1200 1200 1200 1200 1200 1300 1300 1300 1300 1300 1300 1300 1300 1300 1300 1300 1200 1200 1000 1100 1200 1200 1196 1200 1200 1200 1000 1200 1200 1000 800 800 700 600 0 0 0 599 599 598 600 1200 1300 1300 1300 2300 2400 2400 2400 2400 2396 2395 2300 1300 1200 0 0 1200 0 0 0 0 0 0 0 0 0 0 0 0 0 0 0 0 0 0 0 0 0 1200 0 0 0 0 0 1887
3453 3460 3500 2600 2200 1700 1700 1300 1200 1200 1198 1197 1199 1200 1200 1200 1200 1200 1200 1200 1200 1200 1200 1200 1200 1200 1100 1100 1200 1200 1100 1100 1200 1200 1100 900 800 900 1100 1200 1000 600 600 0 594 595 0 0 0 595 600 1200 1200 1200 0 1300 2300 2300 2400 2400 2300 2300 1300 1200 0 0 0 0 0 0 0 0 0 0 0 0 0 0 0 0 0 0 0 0 0 0 0 0 570 1200 1869 1851 0 0 0 1900
3442 3460 3460 2600 2200 1700 1700 1200 1200 1198 1197 1199 1200 900 1200 1200 1200 1200 1193 1194 1194 1194 1195 1200 1200 900 900 1000 1100 1100 1000 900 1100 1000 700 600 800 900 900 1000 1200 800 0 0 600 600 597 598 0 0 600 1200 1197 1197 1200 1300 2300 2300 2300 2300 2300 1300 1300 0 0 0 0 0 0 0 0 0 0 0 0 0 0 0 0 0 0 0 0 0 0 0 0 0 600 1800 0 0 0 1862 1900 1986
3433 3437 3437 2600 2200 1700 1696 1200 1200 1200 1198 1199 900 900 900 1100 1200 1196 1200 1200 1200 1200 1195 1200 1100 900 600 900 1000 1000 1000 900 1000 900 700 799 899 899 900 1000 1000 700 0 600 696 600 598 600 0 0 600 1199 1197 1199 1200 1200 1300 2200 1300 1300 1300 1300 1300 0 0 0 0 0 0 0 0 0 0 0 0 0 0 0 0 0 0 0 0 0 0 0 0 563 1200 2187 2251 0 0 1987 1900 1800
0 0 0 0 2200 1700 1695 1200 1197 1197 1199 900 900 900 900 900 900 900 1100 1100 1100 1100 1100 1100 900 900 800 900 900 900 900 900 900 700 700 900 900 895 900 900 900 800 600 600 696 600 600 700 600 0 600 600 1200 1200 1200 1200 1300 1300 1300 1299 1294 1300 1200 0 0 0 0 0 0 0 0 0 0 0 0 0 0 0 0 0 0 0 0 0 0 554 570 600 1787 1900 2260 0 0 2179 2000 1900
0 0 0 0 2183 1700 1700 1200 1194 1197 1199 1199 1200 900 897 896 894 900 900 900 900 900 900 900 900 893 893 895 897 898 900 898 700 600 700 800 800 800 894 888 888 800 600 600 700 799 798 700 600 0 0 0 0 0 0 0 1200 1200 1200 0 1200 1200 0 0 0 0 0 0 0 0 0 0 0 0 0 0 0 0 0 0 0 0 0 0 544 556 557 600 600 1800 2289 0 0 2198 2000 2000
0 0 0 0 0 2193 1700 1200 1193 1195 1199 1199 1199 900 900 898 895 895 893 893 897 897 900 895 895 895 895 897 900 900 900 800 600 600 700 700 700 700 800 800 800 800 700 700 700 700 800 700 600 0 0 0 0 0 0 0 1200 1199 0 0 0 0 0 0 0 0 0 0 0 0 0 0 0 0 0 0 0 0 0 0 0 0 0 0 546 554 570 574 600 1800 2300 2587 2592 2000 2000 2600
0 0 0 0 0 2195 1700 1200 1192 1196 1198 1200 1196 1199 900 900 900 896 894 897 898 900 900 900 900 900 900 900 900 800 600 600 600 600 600 600 600 700 700 700 700 800 800 700 600 600 700 600 0 0 0 0 0 0 0 0 0 0 0 0 0 0 0 0 0 0 0 0 0 0 0 0 0 0 0 0 0 0 0 0 0 0 0 0 554 563 586 592 600 1800 2300 2587 2600 2600 2700 2921
0 0 0 0 2183 2194 1700 1200 1192 1196 1199 1200 1200 1199 1200 1100 900 898 894 899 900 900 800 800 600 600 800 800 600 600 600 597 591 593 595 596 600 600 600 700 700 700 800 700 600 0 0 0 0 0 0 0 0 0 0 0 0 0 0 0 0 0 0 0 0 0 0 0 0 0 0 0 0 0 0 0 0 0 0 0 0 0 0 0 554 586 598 586 600 1800 1900 1900 2000 2700 2921 2936
0 0 0 1686 2186 1700 1200 1200 1191 1196 1199 1200 1200 1200 1200 900 900 896 899 899 900 800 600 600 600 600 600 600 600 597 600 597 596 597 600 596 595 600 600 700 700 700 700 700 600 0 0 0 0 0 0 0 0 0 0 0 0 0 0 0 0 0 0 0 0 0 0 0 0 0 0 0 0 0 0 0 0 0 0 0 0 0 0 0 554 586 586 586 600 1800 1891 1900 2600 2904 2923 2921
0 0 0 0 0 0 900 1200 1194 1196 1200 1196 1200 1193 900 900 898 900 900 900 900 800 600 595 598 594 593 593 593 597 597 599 599 599 600 600 600 600 600 600 700 698 695 600 0 0 0 0 0 0 0 0 0 0 0 0 0 0 0 0 0 0 0 0 0 0 0 0 0 0 0 0 0 0 0 0 0 0 0 0 0 0 0 0 568 571 581 581 600 1800 1894 1900 2866 2915 2904 2910
0 0 0 0 0 0 0 0 0 900 1200 1199 1192 1191 900 898 896 895 894 896 900 600 600 596 597 595 596 595 594 593 596 599 600 600 600 600 600 591 591 600 700 698 693 685 600 0 0 0 0 0 0 0 0 0 0 0 0 0 0 0 0 0 0 0 0 0 0 0 0 0 0 0 0 0 0 0 0 0 0 0 0 0 0 0 600 573 575 584 600 1800 1800 1900 2866 2872 2884 2890
0 0 0 0 0 0 0 0 0 900 900 1200 1192 1190 900 898 895 894 891 900 600 600 597 600 599 0 0 0 597 594 595 599 599 599 600 597 595 594 591 600 700 697 691 685 600 600 0 0 600 0 0 0 0 0 0 0 0 0 0 0 0 0 0 0 0 0 0 0 0 0 0 0 0 0 0 0 0 0 0 0 0 0 0 0 575 574 585 600 1792 1800 1900 2700 2871 2883 2888 2911
0 0 0 0 0 0 0 0 0 0 900 1200 1200 1200 900 900 895 893 891 893 600 599 0 600 598 599 600 600 0 0 595 593 594 597 600 598 596 594 592 600 700 697 691 685 677 674 673 677 673 600 0 0 0 0 0 0 0 0 0 0 0 0 0 0 0 0 0 0 0 0 0 0 0 0 0 0 0 0 0 0 0 0 0 0 575 577 585 600 1794 1800 2700 2876 2889 2891 2908 2929
0 0 0 0 0 0 0 0 0 0 900 1197 1200 1200 900 897 900 893 891 889 600 600 599 600 0 0 598 600 0 0 0 0 595 598 600 598 596 595 600 700 700 695 692 684 681 600 600 674 600 0 0 0 0 0 0 0 0 0 0 0 0 0 0 0 0 0 0 0 0 0 0 0 0 0 0 0 0 0 0 0 0 0 0 0 574 577 589 600 1798 1800 2873 2887 2891 2908 2928 2949
0 0 0 0 0 0 0 0 0 0 900 1195 1189 1200 900 900 900 894 893 893 600 598 599 600 600 600 600 600 600 600 595 594 597 600 600 598 597 600 600 700 696 692 695 694 683 682 681 676 680 600 0 0 0 0 0 0 0 0 0 0 0 0 0 0 0 0 0 0 0 0 0 0 0 0 0 0 0 0 0 0 0 0 0 0 0 581 588 600 600 600 2873 2887 2908 2924 2949 2959
0 0 0 0 0 0 0 0 0 900 1185 1189 1200 1200 900 897 900 899 900 897 600 600 600 600 600 600 598 598 600 595 596 597 598 600 600 600 600 700 700 694 700 700 700 700 600 689 687 680 600 600 0 0 0 0 0 0 0 0 0 0 0 0 0 0 0 0 0 0 0 0 0 0 0 0 0 0 0 0 0 0 0 0 0 0 0 583 584 590 594 600 2887 2900 2916 2933 2952 2967
0 0 0 0 0 0 0 0 0 900 900 1200 1200 1200 900 894 894 900 893 893 800 800 800 600 600 600 600 595 600 600 600 600 600 600 700 697 697 700 700 700 789 784 700 600 600 600 693 692 600 0 0 0 0 0 0 0 0 0 0 0 0 0 0 0 0 0 0 0 0 0 0 0 0 0 0 0 0 0 0 0 0 0 0 0 0 585 587 593 595 600 2700 2905 2921 2933 2952 2964
0 0 0 0 0 0 0 0 0 0 897 900 1200 1200 900 890 891 891 900 891 888 800 899 800 600 600 600 600 600 700 700 600 600 700 700 700 700 700 700 797 800 800 700 600 600 600 680 687 600 585 0 0 0 0 0 0 0 0 0 0 0 0 0 0 0 0 0 0 0 0 0 0 0 0 0 0 0 0 0 0 0 0 0 0 0 582 587 594 600 600 2894 2914 2926 2942 2949 2958
0 0 0 0 0 0 0 0 0 0 0 900 900 1200 900 884 882 891 891 900 888 889 900 889 887 889 800 600 700 800 800 800 700 700 800 800 800 800 800 800 892 888 800 700 600 600 681 683 600 587 600 600 600 600 600 0 0 0 0 0 0 0 0 0 0 0 0 0 0 0 0 0 0 0 0 0 0 0 0 0 0 0 0 0 0 586 593 594 600 1800 2905 2924 2942 2957 2957 2958
0 0 0 0 0 0 0 0 0 0 0 882 900 900 900 900 900 887 900 900 900 900 888 888 883 880 887 800 800 898 900 898 800 800 800 800 800 894 897 896 884 800 700 700 700 600 600 600 600 600 678 679 700 700 700 600 0 600 600 600 0 0 0 0 0 0 0 0 0 0 0 0 0 0 0 0 0 0 0 0 0 0 0 0 0 0 595 595 600 1900 2910 2928 2944 2959 2951 2959
0 0 0 0 0 0 0 0 0 0 0 877 877 900 1200 1200 900 900 1200 1200 1000 900 900 900 900 900 890 893 895 899 900 898 900 900 893 893 900 898 898 895 889 896 800 786 779 700 600 600 682 700 700 700 778 767 700 700 600 685 700 700 0 0 0 0 0 0 0 0 0 0 0 0 0 0 0 0 0 0 0 0 0 0 0 0 0 0 590 595 600 1800 2910 2928 2944 2958 2951 2951
0 0 0 0 0 0 0 0 0 0 0 873 900 1193 1193 1200 1200 1199 1195 1200 1200 1200 1000 1000 1000 900 900 900 900 899 900 900 898 898 900 800 894 894 890 888 883 879 800 800 800 700 600 687 700 773 776 788 785 777 800 800 700 700 881 900 700 0 0 0 0 0 0 0 0 0 0 0 0 0 0 0 0 0 0 0 0 0 0 0 0 0 595 596 600 2200 2910 2918 2938 2938 2940 2940
0 0 0 0 0 0 0 0 0 0 0 874 900 1187 1189 1193 1193 1193 1193 1193 1200 900 900 1200 1199 1200 1000 1000 900 900 900 900 900 900 898 800 800 881 884 884 800 800 872 879 700 700 690 700 785 787 800 800 800 800 886 900 900 900 900 1600 900 0 0 0 0 0 0 0 0 0 0 0 0 0 0 0 0 0 0 0 0 0 0 0 0 0 0 597 600 2200 2907 2922 2930 2930 2931 2931
0 0 0 0 0 0 0 0 0 0 0 900 1177 1179 1180 1183 1200 1200 1200 1200 1200 1200 1200 1200 1200 1200 1200 1200 1000 1000 1000 1000 900 900 900 892 892 897 892 900 900 800 900 900 700 700 700 791 800 800 876 878 800 900 900 1601 1606 1606 1606 1604 1610 0 0 0 0 0 0 0 0 0 0 0 0 0 0 0 0 0 0 0 0 0 0 0 0 0 0 0 600 2902 2923 2930 2941 2930 2925 2941
0 0 0 0 0 0 0 0 0 0 0 900 1173 1200 1200 1200 1300 1559 1560 1548 1529 1554 1531 1548 1560 1200 1610 1649 1657 1666 1680 1677 1663 1645 900 900 895 893 900 1644 1640 900 1624 900 800 700 794 800 900 800 900 900 1613 1617 1617 1617 1617 1620 1614 1612 1608 1610 900 0 0 0 0 0 0 0 0 0 0 0 0 0 0 0 0 0 0 0 0 0 0 0 0 0 0 2923 2936 2930 2930 2930 2938 2941
0 0 0 0 0 0 0 0 0 0 0 0 0 1292 1400 1456 1487 1524 1524 1524 1529 1529 1529 1536 1560 1591 1624 1642 1651 1661 1663 1670 1663 1645 1623 900 800 900 1672 1644 1642 900 900 800 800 797 797 800 1609 1630 1610 1610 1625 1637 1640 1642 1642 1642 1639 1631 1622 1632 1639 900 900 0 0 0 0 0 0 0 0 0 0 0 0 0 0 0 0 0 0 0 0 0 0 0 0 2400 2924 2927 2943 2927 2942 2937
0 0 0 0 0 0 0 0 0 0 0 0 0 0 1417 1462 1491 1504 1504 1504 1497 1509 1521 1539 1562 1596 1624 1640 1647 1649 1649 1673 1655 1633 1623 900 800 900 1658 1654 900 800 800 800 800 800 800 900 1653 1643 1630 1622 1641 1654 1659 1666 1667 1667 1663 1658 1653 1657 1679 1713 900 900 900 900 900 0 0 0 0 0 0 0 0 0 0 0 0 0 0 0 0 0 0 0 0 2914 2923 2937 2937 2929 2928 2931
0 0 0 0 0 0 0 0 0 0 0 0 0 0 0 1457 1470 1480 1481 1486 1492 1501 1513 1536 1560 1593 1605 1620 1632 1635 1647 1669 1647 1629 1626 900 900 900 1666 1663 900 800 900 900 900 900 1679 1673 1669 1653 1642 1641 1664 1673 1683 1683 1698 1699 1699 1691 1684 1687 1716 1786 1800 1800 1760 1200 900 1291 1300 0 0 0 0 0 0 0 0 0 0 0 0 0 0 0 0 0 2300 2908 2923 2929 2943 2929 2920 2920
0 0 0 0 0 0 0 0 0 0 0 0 0 0 0 0 1452 1457 1470 1472 1482 1488 1505 1528 1562 1585 1601 1608 1621 1629 1644 1656 1644 1646 1647 900 900 1679 1679 900 800 800 1698 1698 1698 1698 1693 1685 1680 1668 1659 1660 1675 1685 1711 1721 1732 1732 1729 1723 1711 1718 1786 1828 1886 1800 1798 1773 1300 1300 1779 1300 1300 0 0 0 0 0 0 0 0 0 0 0 0 0 0 0 2500 2920 2940 2929 2929 2929 2915 2905
0 0 0 0 0 0 0 0 0 0 0 0 0 0 0 0 0 1438 1451 1452 1467 1476 1503 1528 1554 1573 1587 1594 1598 1625 1625 1650 1640 1647 1660 1678 1685 1690 1690 900 800 900 1711 1717 1718 1718 1713 1700 1688 1680 1677 1676 1688 1707 1728 1750 1750 1750 1749 1744 1729 1766 1800 1886 1893 1900 1800 1800 1784 1400 1783 1790 1400 0 0 0 0 0 0 0 0 0 0 0 0 0 0 0 2500 2920 2920 2920 2908 2904 2914 2902
0 0 0 0 0 0 0 0 0 0 0 0 0 0 0 0 0 0 1435 1439 1457 1476 1482 1514 1532 1562 1578 1586 1594 1611 1623 1623 1632 1659 1678 1693 1693 1699 1693 800 800 900 1741 1741 1747 1747 1737 1709 1695 1694 1694 1690 1707 1731 1750 1764 1770 1770 1769 1756 1769 1782 1800 1800 1800 1800 1900 1800 1800 1500 1697 1600 1400 1500 1500 0 0 0 0 0 0 0 0 0 0 0 0 0 2600 2902 2898 2896 2900 2916 2916 2912
0 0 0 0 0 0 0 0 0 0 0 0 0 0 0 0 0 0 0 1419 1433 1444 1482 1503 1525 1547 1559 1574 1591 1600 1600 1605 1640 1660 1693 1729 1709 1691 1692 900 800 1729 1744 1767 1763 1753 1737 1724 1712 1727 1727 1707 1731 1763 1781 1783 1813 1813 1775 1756 1000 1300 1800 1400 1400 1800 1888 1882 1879 1700 1400 1600 1800 1800 1600 0 0 0 0 0 0 0 0 0 0 0 0 0 2888 2899 2886 2894 2916 2924 2916 2911
0 0 0 0 0 0 0 0 0 0 0 0 0 0 0 0 0 0 0 0 1418 1447 1462 1482 1511 1533 1547 1566 1573 1587 1594 1615 1636 1660 1693 1693 1693 1691 1681 900 800 900 1740 1747 1747 1747 1765 1724 1728 1759 1727 1725 1749 1777 1805 1842 1845 900 900 900 1000 1300 1000 1300 1400 1800 1800 1898 1800 1799 1500 1500 1800 1900 1800 1300 0 0 0 0 0 0 0 0 0 0 0 2400 2500 2907 2907 2904 2916 2916 2918 2924
0 0 0 0 0 0 0 0 0 0 0 0 0 0 0 0 0 0 0 0 1415 1432 1458 1477 1496 1520 1534 1551 1566 1576 1592 1613 1634 1659 1666 1678 1678 1678 1690 1694 900 1707 1717 1728 1728 1728 1724 1728 1766 1728 1727 1742 1772 1781 1817 1846 1862 1800 900 900 1000 1000 1297 1300 1400 1500 1700 1800 1800 1600 1600 1700 1800 1900 1800 1600 1400 1400 1500 1500 0 0 0 0 0 0 0 2500 2907 2916 2908 2916 2916 2904 2912 2924
0 0 0 0 0 0 0 0 0 0 0 0 0 0 0 0 0 0 0 0 1410 1430 1446 1463 1480 1502 1523 1539 1554 1571 1591 1610 1621 1641 1659 1667 1670 1673 1673 1673 1672 1655 1699 1701 1701 1701 1717 1801 1728 1728 1733 1758 1779 1803 1846 1886 1882 1879 1000 1200 1000 1000 1300 1400 1400 1400 1500 1700 1800 1600 1600 1800 1900 1900 1900 1700 1500 1494 1695 1600 0 0 0 0 0 2495 2879 2900 2908 2917 2908 2916 2904 2903 2919 2929
0 0 0 0 0 0 0 0 0 0 0 0 0 0 0 0 0 0 0 0 0 0 1437 1443 1463 1492 1510 1532 1551 1573 1592 1616 1634 1628 1648 1651 1654 1655 1656 1656 1656 1676 1678 1685 1689 1694 1717 1717 1717 1714 1735 1758 1779 1808 1846 1862 900 1000 1800 1300 1298 1300 1400 1396 1397 1400 1400 1500 1700 2100 2100 2091 2100 2099 2096 1700 1400 1300 1596 1600 1400 0 0 0 2400 2500 2500 2907 2908 2908 2400 2901 2901 2909 2926 2957
0 0 0 0 0 0 0 0 0 0 0 0 0 0 0 0 0 0 0 0 0 0 1414 1432 1454 1479 1506 1529 1548 1573 1592 1616 1629 1648 1648 1629 1635 1637 1637 1637 1645 1653 1665 1670 1676 1686 1690 1695 1715 1725 1735 1758 1779 1808 1831 900 900 900 1200 1300 1300 1400 1400 1399 1300 1400 1400 1400 1500 1900 2100 2000 2086 2095 1900 1600 1500 1400 1500 1400 0 1700 2300 2300 2497 2600 2912 2922 2922 2800 2400 2896 2903 2915 2939 0
0 0 0 0 0 0 0 0 0 0 0 0 0 0 0 0 0 0 0 0 0 0 0 1426 1444 1471 1501 1529 1548 1568 1591 1610 1648 1669 1648 1612 1613 1616 1616 1619 1623 1637 1649 1682 1666 1678 1694 1715 1734 1748 1751 1754 1776 1791 900 900 899 900 1000 1000 1200 1300 1300 1300 1300 1400 1400 1500 1600 1900 2100 2091 2090 2088 1900 1800 1700 1600 1700 2800 2300 1800 1500 1600 2300 2500 2929 2940 2922 2922 2907 2907 2910 2929 0 0
0 0 0 0 0 0 0 0 0 0 0 0 0 0 0 0 0 0 0 0 0 0 0 1419 1443 1467 1498 1523 1543 1565 1589 1608 1648 1648 1648 1608 1594 1594 1600 1603 1612 1626 1645 1647 1668 1690 1710 1734 1764 1771 1775 1775 1773 1764 1000 900 899 900 900 900 900 1300 1300 1300 1400 1400 1500 1600 1700 1800 1900 2000 2000 1900 1700 1800 1900 2889 2901 2896 1900 1600 2393 2885 0 0 0 2922 2936 0 2912 2937 2935 2924 0 0
0 0 0 0 0 0 0 0 0 0 0 0 0 0 0 0 0 0 0 0 0 0 0 1422 1441 1462 1491 1515 1537 1559 1581 1604 1605 1607 1605 1604 1580 1589 1607 1608 1626 1643 1659 1674 1684 1708 1729 1755 1783 1805 1808 1808 1807 1752 1200 900 900 899 900 899 900 1200 1300 1400 1400 1400 1500 1600 1700 1800 1900 1900 1900 1900 1900 1900 2095 2902 2500 2300 1800 1600 1400 0 0 0 0 0 0 0 0 0 0 0 0 0
0 0 0 0 0 0 0 0 0 0 0 0 0 0 0 0 0 0 0 0 0 0 0 0 1438 1458 1482 1506 1526 1545 1562 1575 1585 1585 1585 1585 1577 1608 1610 1629 1654 1667 1687 1695 1701 1715 1744 1769 1805 1848 1848 1848 1000 1000 1300 1000 900 800 900 900 900 900 900 1300 1400 1400 1500 1600 1700 1800 1800 1800 1700 1800 1900 2000 2100 2100 2100 2498 2882 0 0 0 0 0 0 0 0 0 0 0 0 0 0 0
0 0 0 0 0 0 0 0 0 0 0 0 0 0 0 0 0 0 0 0 0 0 0 0 1433 1452 1476 1495 1512 1533 1546 1558 1564 1583 1572 1564 1590 1610 1630 1654 1674 1689 1697 1704 1741 1724 1750 1773 1807 1848 1867 1000 1000 1000 1000 1000 1000 900 898 900 899 899 900 1200 1300 1400 1400 1500 1600 1800 1700 1700 1900 2000 2100 2707 2675 2662 0 2800 0 0 0 0 0 0 0 0 0 0 0 0 0 0 0 0
0 0 0 0 0 0 0 0 0 0 0 0 0 0 0 0 0 0 0 0 0 0 0 0 1427 1445 1465 1482 1508 1527 1538 1546 1558 1582 1582 1581 1592 1618 1643 1674 1689 1697 1704 1715 1735 1733 1750 1773 1808 1848 1848 1000 900 999 1000 900 900 900 899 900 800 800 800 900 900 1300 1393 1400 1500 2000 2831 2831 2700 2752 2729 2707 0 0 0 0 0 0 0 0 0 0 0 0 0 0 0 0 0 0 0 0
0 0 0 0 0 0 0 0 0 0 0 0 0 0 0 0 0 0 0 0 0 0 0 0 1426 1445 1460 1478 1502 1518 1531 1536 1557 1582 1596 1582 1595 1622 1649 1674 1689 1697 1715 1728 1733 1725 1750 1772 1808 1812 1846 1862 1100 1000 900 900 900 899 899 898 800 600 600 900 1300 1400 1400 1600 2100 2747 2883 2831 2780 2752 0 0 0 0 0 0 0 0 0 0 0 0 0 0 0 0 0 0 0 0 0 0
0 0 0 0 0 0 0 0 0 0 0 0 0 0 0 0 0 0 0 0 0 0 0 0 1426 1442 1456 1475 1495 1518 1532 1544 1557 1582 1582 1582 1595 1622 1649 1670 1684 1695 1715 1726 1728 1725 1745 1300 1200 1200 1827 1831 1200 1000 900 899 900 900 800 897 800 600 894 1298 1400 1600 2100 2000 2600 2831 2887 2831 2780 0 0 0 0 0 0 0 0 0 0 0 0 0 0 0 0 0 0 0 0 0 0 0
