output/arrival_times.asc
NCOLS 255
NROWS 330
XLLCORNER -2985163.8955
YLLCORNER -3022031.214
CELLSIZE 25000
NODATA_value 0
[rows 122 to 182 of 330, columns 96 to 191 of 255]
2900 2800 2700 2500 2200 1900 1800 1800 1795 1793 1793 1800 1800 1800 2200 2638 2623 2623 2610 2200 1800 1800 1791 1600 1500 1696 1696 1600 1500 1600 1600 1700 1700 2200 2200 3414 3412 3414 2500 2300 2300 2400 2400 2400 3354 3352 3344 3327 3325 3316 3300 3285 3271 3259 3263 3259 3241 3220 3210 3197 3191 3184 3166 3152 3133 3128 3120 3103 3105 3103 3083 2500 2600 2600 2600 3032 2600 2500 2500 2500 2500 0 0 0 0 0 0 0 0 0 2490 2519 2532 2546 2546 2556
3400 2800 2700 2200 2200 1900 1800 1796 1791 1788 1785 1785 1700 1700 1800 2200 2649 2500 0 2100 1800 1788 1800 1500 1400 1500 1500 1400 1400 1500 1500 1400 1400 1500 1700 2200 2200 3404 3407 2200 2200 2300 2300 2300 2300 2400 3333 3338 3333 3316 3302 3300 3273 3271 3241 3238 3236 3217 3210 3195 3185 3174 3165 3148 3141 3133 3120 3103 2700 2700 2600 2500 2600 2500 2400 2600 2500 2500 2300 2300 0 0 0 0 0 0 0 0 0 0 2508 2521 2521 2530 2540 2551
3435 2800 2700 2500 2200 1900 1800 1700 1700 1700 1700 1700 1700 1700 1700 1700 1800 1800 1800 0 0 1790 1700 1500 1400 1400 1400 1400 1400 1400 1400 1300 1300 1400 1400 1400 1500 2200 2200 2200 1700 1500 1600 2200 2300 2200 2200 2200 3327 3318 3325 3299 2600 2600 3241 3233 3216 3207 3195 3195 3184 3174 3165 3154 3141 3128 2700 2500 2500 2600 2400 1300 2500 2400 0 1200 2500 2400 2400 2400 0 0 0 0 0 0 0 2300 0 2399 2501 2507 0 0 2538 2556
3410 3100 2700 2500 2200 1800 1700 1699 1695 1693 1690 1685 1684 1700 1700 1700 1700 1700 1700 1500 1499 1700 1700 1600 1400 1400 1390 1300 1300 1300 1300 1300 1300 1300 1300 1300 1400 1500 1600 1600 1400 1400 1400 2200 2200 1600 1500 2200 2400 3309 3316 3309 2500 2500 2600 2600 3208 3186 3186 3183 3174 3182 3170 3154 3141 3127 2600 2500 2500 2500 2300 1300 2498 2400 0 0 2400 2400 2399 2400 0 0 0 0 0 0 0 2400 2400 2462 2484 2512 2484 2521 2538 2400
3402 3100 2800 2500 2200 1700 1700 1693 1692 1694 1681 1690 1673 1681 1686 1692 1700 1692 1692 1500 1400 1400 1600 1700 1500 1300 1300 1200 1200 1200 1200 1200 1200 1298 1300 1300 1400 1400 1400 1400 1400 1400 1300 1300 1500 2199 2200 1500 1400 2200 2300 2500 2500 2500 2599 2600 2600 3181 3170 3167 3165 3167 3174 3156 2700 2600 2600 2500 2400 1300 1200 1200 1300 1300 0 0 0 0 1200 2300 0 0 0 0 0 0 0 2400 2484 2486 2501 2484 0 0 2517 2300
3386 3373 2800 2600 2200 1700 1694 1700 1695 1693 1400 1684 1681 1683 1684 1500 1500 1500 1500 1400 1400 1400 1400 1500 1500 1400 1200 1200 1100 1100 1200 1200 1200 1395 1386 1385 1400 1300 1300 1300 1300 2195 2197 1400 1400 2200 2200 1400 1300 1300 2300 2400 2400 2400 2500 2600 3157 3157 3157 3170 3150 3151 3151 2600 2600 2500 2500 2500 2400 1300 1299 1300 1200 1200 0 0 0 0 2300 1200 0 0 0 0 0 0 0 2400 2400 2300 2480 0 0 0 0 0
3360 3365 2800 2600 2200 1700 1693 1700 1693 1300 1300 1400 1400 1400 1400 1400 1400 1400 1500 1400 1300 1300 1400 1300 1300 1400 1300 1100 1100 1100 1200 1290 1382 1300 1300 1400 2112 1500 1300 1400 2183 1400 1200 1300 1300 1300 1300 1200 1200 1300 2200 2200 2300 2300 2500 2600 3131 3135 3148 3148 3148 3150 2600 2600 2500 2500 2400 2400 1300 1300 1200 1200 1200 0 0 0 0 1200 1200 0 0 0 0 0 0 0 0 0 0 2456 0 0 0 0 0 600
3345 3345 2800 2600 2200 1700 1699 1700 1300 1300 1300 1300 1300 1300 1300 1400 1400 1400 1400 1400 1400 1300 1300 1300 1300 1400 1300 1100 1100 1100 1100 1200 1300 1400 1400 1400 1400 1300 1300 2163 2163 2163 1300 1200 1200 600 600 600 600 1200 1200 1400 2300 2300 2400 2600 2600 3133 3157 3143 2600 2600 2600 2500 2400 1300 1300 1200 1200 1200 0 0 0 0 0 0 0 1196 1195 0 0 0 0 0 0 0 0 2400 2460 0 0 0 0 0 0 2494
3337 3360 3100 2600 2200 1700 1700 1700 1300 1300 1200 1200 1300 1300 1300 1300 1300 1300 1400 1400 1400 1389 1387 1400 1391 1300 1300 1200 1100 1100 1100 1200 1300 1300 1300 1300 1200 1300 1200 1200 1200 1200 1200 600 0 0 0 600 600 600 1200 1300 2200 1400 2300 2500 2600 2600 2600 2600 2600 2500 2500 2400 1300 1200 0 1200 1197 1192 0 0 0 0 0 0 1195 1200 0 0 0 0 0 0 0 0 0 2400 2436 0 0 0 0 0 0 2505
3337 3337 3341 2700 2500 1700 1700 1300 1200 1200 1200 1200 1200 1200 1200 1300 1300 1300 1300 1300 1300 1300 1300 1300 1300 1300 1200 1200 1100 1100 1183 1200 1200 1200 1200 1200 1000 1200 1200 1200 900 900 700 600 0 0 593 600 600 600 1200 1300 2200 1300 1400 2500 2500 2500 2600 2600 2500 2500 2490 2400 1300 0 0 1200 1200 0 0 0 0 0 0 0 1193 1180 0 0 0 0 0 0 0 0 0 600 2400 2417 0 0 0 0 0 2495
3313 3317 3317 2700 2500 1700 1700 1300 1200 1200 1200 1200 1200 1200 1200 1200 1200 1200 1200 1200 1300 1300 1300 1300 1200 1200 1100 1188 1192 1188 1191 1200 1200 1200 1200 900 800 1000 1200 2125 1200 700 600 600 600 600 592 592 592 600 1200 1300 1300 1200 1200 2200 2500 2500 2500 2500 2500 2400 2400 1200 0 0 0 0 0 0 0 0 0 0 0 0 0 0 0 0 0 0 0 0 0 0 0 600 2300 2451 2440 2422 0 0 0 2473
3292 3292 3292 2700 2500 1700 1692 1200 1200 1200 1194 1200 900 900 1200 1200 1200 1199 1196 1200 1200 1200 1200 1200 1200 900 900 1100 1100 1100 1000 900 1100 1100 800 600 800 900 900 1200 2115 900 600 600 692 600 600 587 0 0 600 1200 1300 1200 1299 2300 2400 2400 2400 2400 2400 2400 1300 1200 0 0 0 0 0 0 0 0 0 0 0 0 0 0 0 0 0 0 0 0 0 0 0 600 600 0 0 0 0 0 0 2462
0 0 0 0 2500 1700 1687 1200 1199 1200 1194 1192 900 900 900 1100 1200 1188 1190 1200 1192 1200 1195 1200 1200 900 600 900 1000 1000 1000 1000 1000 900 700 893 900 900 900 1200 2104 800 600 600 665 668 600 600 0 0 600 1200 1294 1300 1300 1300 2300 2400 2300 2300 2300 2300 1300 1200 0 0 0 0 0 0 0 0 0 0 0 0 0 0 0 0 0 0 0 0 0 557 600 600 2407 2422 2407 0 0 2388 2402 1800
0 0 0 0 0 1700 1681 1200 1191 1200 1194 900 900 900 900 900 900 900 1100 1100 1100 1200 1200 1100 900 900 800 900 900 900 900 900 900 700 700 900 900 895 900 900 900 800 600 600 700 700 700 700 600 0 600 1200 1200 1200 1300 1300 2200 1300 1300 1300 1300 1300 1300 0 0 0 0 0 0 0 0 0 0 0 0 0 0 0 0 0 0 0 0 0 560 569 600 2386 2440 2422 2407 0 0 2370 2395 2200
0 0 0 0 0 0 1679 1200 1188 1186 1194 1188 1181 900 900 900 891 900 900 900 900 900 900 900 900 894 889 893 900 900 900 895 800 700 800 800 800 800 888 888 888 878 700 600 762 771 762 736 700 0 0 0 0 0 0 0 1300 1300 1200 1200 1200 1200 0 0 0 0 0 0 0 0 0 0 0 0 0 0 0 0 0 0 0 0 0 0 562 600 2296 600 600 2300 0 0 0 0 2370 2386
0 0 0 0 0 0 1677 1200 1179 1184 1191 1187 1181 1168 900 900 892 900 887 894 900 900 896 893 889 900 883 887 895 900 900 800 700 700 700 700 700 800 800 800 888 887 700 700 762 762 762 700 600 0 0 0 0 0 0 0 1200 1200 0 0 0 0 0 0 0 0 0 0 0 0 0 0 0 0 0 0 0 0 0 0 0 0 0 0 546 600 600 600 600 2300 2391 2367 2378 2362 2386 2410
0 0 0 0 0 0 1675 1200 1176 1200 1184 1186 1177 1168 1153 900 900 889 900 900 900 891 900 886 894 885 887 889 893 800 700 600 600 600 600 700 700 700 700 700 800 800 800 781 700 600 700 600 0 0 0 0 0 0 0 0 0 0 0 0 0 0 0 0 0 0 0 0 0 0 0 0 0 0 0 0 0 0 0 0 0 0 0 552 554 569 600 600 600 1800 2407 2367 2362 2362 2386 2396
0 0 0 0 0 1647 1665 1200 1172 1172 1178 1181 1172 1160 1150 1138 900 889 887 894 886 883 896 800 800 800 800 800 700 600 600 600 595 600 600 600 600 700 695 700 700 793 800 781 600 600 600 0 0 0 0 0 0 0 0 0 0 0 0 0 0 0 0 0 0 0 0 0 0 0 0 0 0 0 0 0 0 0 0 0 0 0 0 546 554 571 600 583 600 1800 2360 2200 2367 2355 2375 2400
0 0 0 0 1633 1651 1665 1200 1176 1166 1172 1177 1169 1158 1146 1137 900 889 880 891 886 800 600 600 600 600 600 600 600 600 600 600 591 600 600 596 600 600 700 700 700 700 800 700 600 0 0 0 0 0 0 0 0 0 0 0 0 0 0 0 0 0 0 0 0 0 0 0 0 0 0 0 0 0 0 0 0 0 0 0 0 0 0 547 551 571 573 589 600 1800 2200 1800 2363 2360 2384 2390
0 0 0 0 0 0 1200 1200 1200 1200 1172 1163 1163 1153 1145 1136 900 889 880 883 881 800 600 596 600 596 591 594 593 595 595 600 598 595 600 600 600 600 600 700 686 700 700 700 600 0 0 0 0 0 0 0 0 0 0 0 0 0 0 0 0 0 0 0 0 0 0 0 0 0 0 0 0 0 0 0 0 0 0 0 0 0 0 534 542 555 574 589 600 1800 1900 1900 2346 2360 2372 2365
0 0 0 0 0 0 0 0 0 1166 1176 1166 1153 1149 1144 1136 900 889 880 871 875 600 600 595 600 593 595 583 588 580 588 588 595 591 594 595 600 595 600 687 685 680 677 673 600 0 0 0 0 0 0 0 0 0 0 0 0 0 0 0 0 0 0 0 0 0 0 0 0 0 0 0 0 0 0 0 0 0 0 0 0 0 0 0 553 555 563 591 600 600 1800 1900 2346 2352 2352 2352
0 0 0 0 0 0 0 0 0 900 1156 1163 1152 1146 1141 1133 900 887 877 873 800 600 595 596 588 0 0 587 585 579 572 583 583 584 587 588 600 590 600 689 679 675 671 668 661 600 0 600 600 0 0 0 0 0 0 0 0 0 0 0 0 0 0 0 0 0 0 0 0 0 0 0 0 0 0 0 0 0 0 0 0 0 0 0 542 549 563 575 600 1792 1800 2200 2323 2334 2334 2341
0 0 0 0 0 0 0 0 0 0 900 1159 1156 1145 1141 1130 900 888 876 870 600 600 596 600 590 589 582 582 0 575 582 569 578 582 595 588 600 600 600 680 679 672 665 664 653 643 636 635 624 600 0 0 0 0 0 0 0 0 0 0 0 0 0 0 0 0 0 0 0 0 0 0 0 0 0 0 0 0 0 0 0 0 0 0 547 551 565 575 600 1800 2000 2281 2332 2315 2333 2351
0 0 0 0 0 0 0 0 0 0 900 1152 1148 1143 1133 1123 900 888 875 866 600 600 596 600 600 0 582 586 0 0 0 579 579 589 593 589 600 600 679 675 671 668 665 665 659 654 645 636 600 0 0 0 0 0 0 0 0 0 0 0 0 0 0 0 0 0 0 0 0 0 0 0 0 0 0 0 0 0 0 0 0 0 0 0 543 557 576 575 600 1800 2199 2307 2308 2320 2339 2361
0 0 0 0 0 0 0 0 0 0 900 1134 1138 1134 1127 1118 900 888 876 875 800 600 600 600 595 592 590 594 586 584 577 578 587 597 597 594 600 681 679 677 681 700 700 700 668 659 654 636 630 600 0 0 0 0 0 0 0 0 0 0 0 0 0 0 0 0 0 0 0 0 0 0 0 0 0 0 0 0 0 0 0 0 0 0 0 565 578 574 600 600 2000 2296 2309 2330 2361 2384
0 0 0 0 0 0 0 0 0 885 1110 1123 1123 1123 1115 1108 900 900 886 878 600 600 600 600 600 600 593 586 600 600 600 600 597 600 600 600 689 689 688 700 700 756 750 700 600 653 645 643 632 600 0 0 0 0 0 0 0 0 0 0 0 0 0 0 0 0 0 0 0 0 0 0 0 0 0 0 0 0 0 0 0 0 0 0 0 565 565 576 589 600 2281 2295 2314 2335 2361 2381
0 0 0 0 0 0 0 0 0 900 900 1105 1105 1105 1101 900 900 900 876 899 800 800 800 800 600 600 600 600 700 698 688 600 600 600 700 698 697 697 700 777 768 762 700 600 600 639 660 653 600 600 0 0 0 0 0 0 0 0 0 0 0 0 0 0 0 0 0 0 0 0 0 0 0 0 0 0 0 0 0 0 0 0 0 0 0 548 562 578 589 600 1900 2295 2314 2335 2350 2362
0 0 0 0 0 0 0 0 0 0 900 900 1083 1084 1083 1084 900 900 900 882 882 900 870 872 700 600 600 600 700 700 700 700 700 700 700 700 700 700 786 782 779 764 700 600 600 643 657 660 600 590 0 0 0 0 0 0 0 0 0 0 0 0 0 0 0 0 0 0 0 0 0 0 0 0 0 0 0 0 0 0 0 0 0 0 0 556 566 578 594 600 2281 2297 2312 2328 2346 2366
0 0 0 0 0 0 0 0 0 0 0 900 900 1061 1067 1063 1067 900 900 900 899 882 900 870 862 862 800 700 800 800 800 800 800 796 800 800 800 800 800 800 801 812 773 700 600 600 673 671 600 600 600 600 673 677 600 0 0 588 600 600 0 0 0 0 0 0 0 0 0 0 0 0 0 0 0 0 0 0 0 0 0 0 0 0 0 573 571 581 600 1800 2284 2300 2320 2335 2345 2350
0 0 0 0 0 0 0 0 0 0 0 873 900 1046 1046 1046 900 1046 1030 1024 900 900 900 897 864 860 860 800 861 866 881 881 800 800 800 800 800 851 848 832 819 800 793 700 700 600 600 679 672 682 676 679 700 700 700 600 0 600 700 700 0 0 0 0 0 0 0 0 0 0 0 0 0 0 0 0 0 0 0 0 0 0 0 0 0 0 574 585 600 1800 2284 2305 2320 2345 2337 2346
0 0 0 0 0 0 0 0 0 0 0 856 900 900 1027 1027 900 1005 1030 1007 1030 1003 1002 900 900 900 900 871 874 881 899 885 887 869 863 861 863 859 841 839 831 815 793 762 753 700 600 692 682 700 700 700 769 769 773 700 700 700 800 700 0 0 0 0 0 0 0 0 0 0 0 0 0 0 0 0 0 0 0 0 0 0 0 0 0 0 580 588 600 600 2284 2305 2320 2337 2328 2328
0 0 0 0 0 0 0 0 0 0 0 849 868 1002 1002 1002 998 1003 1003 1003 1002 1002 982 1000 977 956 900 900 900 899 900 896 884 891 891 800 863 851 841 826 818 806 793 767 764 700 688 691 700 763 796 796 788 777 808 800 700 800 900 1176 900 0 0 0 0 0 0 0 0 0 0 0 0 0 0 0 0 0 0 0 0 0 0 0 0 0 600 592 600 2200 2283 2300 2315 2315 2315 2319
0 0 0 0 0 0 0 0 0 0 0 845 867 899 960 960 960 957 964 964 964 900 900 956 953 940 953 940 928 900 900 900 900 900 891 800 800 848 840 832 826 800 789 789 784 700 696 700 779 796 814 800 800 803 822 835 851 869 1155 1172 900 0 0 0 0 0 0 0 0 0 0 0 0 0 0 0 0 0 0 0 0 0 0 0 0 0 0 600 600 2200 2274 2294 2307 2301 2307 2307
0 0 0 0 0 0 0 0 0 0 0 0 0 0 911 920 925 931 937 941 941 941 935 935 935 930 935 930 918 926 932 919 919 900 900 880 867 859 844 844 839 800 814 813 798 700 700 787 800 800 815 821 800 827 835 851 900 900 1169 1200 900 700 0 0 0 0 0 0 0 0 0 0 0 0 0 0 0 0 0 0 0 0 0 0 0 0 0 0 600 2242 2268 2294 2315 2294 2284 2298
0 0 0 0 0 0 0 0 0 0 0 0 0 0 0 888 900 907 913 913 913 909 905 908 908 909 909 909 907 911 926 937 927 910 900 892 875 859 863 863 842 842 832 827 798 785 787 800 839 827 827 823 831 849 852 900 1186 1200 1200 1298 1200 1188 900 882 0 0 0 0 0 0 0 0 0 0 0 0 0 0 0 0 0 0 0 0 0 0 0 0 0 2257 2274 2290 2290 2290 2284 2293
0 0 0 0 0 0 0 0 0 0 0 0 0 0 0 0 866 874 876 876 876 873 870 876 881 881 886 893 904 912 927 954 932 921 916 900 800 879 876 869 857 856 849 800 798 794 795 800 833 841 842 842 849 860 872 900 900 1369 1357 1378 1200 1200 900 900 900 900 0 0 0 0 0 0 0 0 0 0 0 0 0 0 0 0 0 0 0 0 0 0 0 2257 2257 2262 2270 2270 2286 2286
0 0 0 0 0 0 0 0 0 0 0 0 0 0 0 0 0 844 846 846 846 845 848 851 857 864 872 890 904 919 932 959 937 937 926 900 800 881 881 877 876 800 800 800 800 800 800 845 845 842 863 852 863 864 872 900 1388 1200 1413 1410 1450 1300 1300 1200 900 900 900 900 900 900 0 0 0 0 0 0 0 0 0 0 0 0 0 0 0 0 0 0 0 2249 2256 2290 2262 2266 2272 2274
0 0 0 0 0 0 0 0 0 0 0 0 0 0 0 0 0 0 829 829 830 830 835 840 840 851 870 892 909 923 936 955 954 952 952 900 894 891 891 891 881 800 871 871 864 859 858 856 854 848 847 869 865 880 900 1407 1418 1422 900 1299 1472 1493 1489 1489 1400 1300 1300 1300 1300 1300 1300 0 0 0 0 0 0 0 0 0 0 0 0 0 0 0 0 0 2171 2238 2256 2256 2262 2253 2256 2260
0 0 0 0 0 0 0 0 0 0 0 0 0 0 0 0 0 0 0 816 816 817 822 826 837 851 871 892 910 927 954 976 968 983 976 900 900 900 900 893 800 800 880 881 875 875 868 868 866 855 857 872 882 900 1416 1426 1442 1446 1459 1504 1504 1300 1508 1508 1522 1522 1524 1529 1300 1399 1541 1300 1300 0 0 0 0 0 0 0 0 0 0 0 0 0 0 0 2234 2235 2246 2252 2252 2252 2243 2249
0 0 0 0 0 0 0 0 0 0 0 0 0 0 0 0 0 0 0 0 805 805 810 816 834 850 871 891 910 932 959 983 959 976 1003 1000 900 1000 900 900 800 888 888 881 880 878 879 877 873 872 872 879 900 1409 1426 1445 1457 900 1504 1521 1504 1300 1521 1529 1536 1540 1540 1545 1551 1400 1551 1568 1400 1300 0 0 0 0 0 0 0 0 0 0 0 0 0 0 2220 2234 2248 2234 2230 2230 2242 2233
0 0 0 0 0 0 0 0 0 0 0 0 0 0 0 0 0 0 0 0 0 0 0 816 831 848 866 888 910 932 959 959 970 983 1009 1028 1022 1042 900 900 800 898 892 886 886 900 900 881 879 883 884 900 1419 1438 1445 1459 1497 1487 1511 1000 1516 1536 1543 1542 1550 1552 1552 1560 1561 1561 1562 1593 1400 1583 1578 0 0 0 0 0 0 0 0 0 0 0 0 0 2207 2224 2230 2224 2209 2233 2224 2243
0 0 0 0 0 0 0 0 0 0 0 0 0 0 0 0 0 0 0 0 0 0 0 0 825 844 863 883 909 926 937 947 970 983 1005 1022 1046 1028 900 900 897 900 888 900 900 1321 900 890 900 900 900 900 1421 1439 1457 900 900 1504 1000 1000 1200 1300 1400 1400 1571 1564 1567 1571 1576 1576 1400 1598 1618 1598 1598 0 0 0 0 1300 0 0 0 0 0 0 0 0 2197 2220 2211 2211 2224 2230 2211 2211
0 0 0 0 0 0 0 0 0 0 0 0 0 0 0 0 0 0 0 0 0 0 0 0 824 836 853 876 901 918 929 947 970 981 1000 1022 1028 1048 900 900 800 894 900 889 900 900 900 900 1339 1393 1380 1400 1421 1439 900 900 900 900 900 900 1000 1300 1300 1300 1400 1605 1593 1605 1605 1605 1500 1500 1607 1620 1605 1300 0 0 0 1400 0 0 0 0 0 0 0 2167 2195 2195 2195 2205 2205 2206 2223 2200
0 0 0 0 0 0 0 0 0 0 0 0 0 0 0 0 0 0 0 0 0 0 0 0 0 833 848 866 891 916 942 965 955 980 993 1017 1042 1055 1000 900 900 900 900 900 900 900 900 1360 1382 1380 1399 1400 1410 1423 1445 1457 1000 900 900 900 900 1000 1300 1300 1400 1500 1600 1625 1623 1600 1586 1598 1628 1624 1623 1600 1400 1400 1600 1600 1400 0 0 0 0 0 0 2169 2189 2197 2190 2211 2207 2195 2197 2201
0 0 0 0 0 0 0 0 0 0 0 0 0 0 0 0 0 0 0 0 0 0 0 0 0 0 845 863 887 918 942 957 965 973 1003 1029 1046 1080 1000 1000 1000 900 1000 1000 1000 1313 1326 1364 1360 1383 1405 1415 1435 1418 1439 1300 1435 1000 1000 1200 1000 1000 1300 1391 1400 1400 1500 1613 1624 1600 1600 1628 1634 1644 1656 1656 1500 1500 1700 1600 1300 0 0 0 0 2127 2135 2169 2179 2190 2190 2202 2190 2188 2189 2201
0 0 0 0 0 0 0 0 0 0 0 0 0 0 0 0 0 0 0 0 0 0 0 0 0 0 0 860 891 921 939 965 986 984 1009 1029 1046 1079 1067 1084 1000 987 997 1232 1250 1309 1344 1344 1360 1383 900 900 900 900 900 900 900 900 1292 1286 1290 1300 1386 1395 1400 1400 1400 1500 1641 1636 1635 1641 1653 1668 1675 1675 1400 1400 1600 1600 1400 0 0 0 2137 2134 2144 2164 2175 2175 2182 2182 2182 2181 2191 2206
0 0 0 0 0 0 0 0 0 0 0 0 0 0 0 0 0 0 0 0 0 0 0 0 0 0 0 860 894 921 941 965 974 987 1009 1027 1041 1054 1083 1099 1000 900 1000 1199 1243 1309 1321 1335 1360 1360 1384 1000 900 900 900 892 887 900 1200 1291 1300 1388 1390 1392 1300 1400 1400 1400 1500 1658 1644 1654 1673 1683 1705 1600 1500 1500 1500 1400 0 1800 1800 1791 2130 2137 2146 2169 2179 2159 2160 2163 2169 2187 2199 0
0 0 0 0 0 0 0 0 0 0 0 0 0 0 0 0 0 0 0 0 0 0 0 0 0 0 0 860 894 921 941 959 979 1009 993 1010 1033 1059 1088 1119 1091 1119 1146 1222 1243 1271 1305 1327 1348 1364 1372 1400 1300 1000 900 900 891 900 1000 900 1000 1200 1300 1300 1300 1400 1400 1500 1600 1660 1660 1673 1690 1705 1729 1750 1700 1600 1700 1791 1786 1786 1500 0 1800 2138 2149 2157 2155 2165 2175 2162 2182 2191 0 0
0 0 0 0 0 0 0 0 0 0 0 0 0 0 0 0 0 0 0 0 0 0 0 0 0 0 0 858 890 918 939 958 979 1011 1026 1009 1033 1059 1088 1091 1121 1146 1182 1192 1226 1271 1302 1327 1348 1356 1300 1000 1300 1300 1000 900 895 900 900 900 900 1200 1300 1300 1394 1400 1500 1600 1660 1690 1671 1705 1728 1705 1728 1742 1729 1747 1772 1786 1772 1600 1753 1789 0 0 0 2146 2157 0 2160 2169 2187 2181 0 0
0 0 0 0 0 0 0 0 0 0 0 0 0 0 0 0 0 0 0 0 0 0 0 0 0 0 0 854 884 918 939 957 971 993 1033 1011 1042 1059 1087 1116 1140 1146 1164 1185 1223 1262 1296 1320 1340 1364 1300 1000 1000 1200 1000 900 900 890 900 895 900 900 1300 1300 1400 1400 1500 1600 1673 1660 1678 1699 1690 1699 1714 1729 1765 1772 1768 1765 1765 1600 1400 0 0 0 0 0 0 0 0 0 0 0 0 0
0 0 0 0 0 0 0 0 0 0 0 0 0 0 0 0 0 0 0 0 0 0 0 0 0 0 0 0 877 909 937 957 971 979 982 1019 1052 1087 1121 1124 1144 1164 1178 1197 1223 1257 1292 1321 1340 1356 1300 1000 1000 1000 1200 1000 900 800 890 900 900 900 900 1300 1300 1400 1400 1500 1600 1658 1673 1673 1673 1681 1692 1729 1747 1747 1747 1745 1740 0 0 0 0 0 0 0 0 0 0 0 0 0 0 0
0 0 0 0 0 0 0 0 0 0 0 0 0 0 0 0 0 0 0 0 0 0 0 0 0 0 0 0 873 909 931 952 973 1011 985 1025 1065 1097 1121 1144 1168 1188 1188 1216 1241 1257 1292 1321 1336 1338 1300 1000 900 1000 1000 1000 900 900 890 897 894 897 900 900 1300 1400 1400 1500 1600 1644 1651 1651 1656 1666 1686 1709 1716 1717 0 1724 0 0 0 0 0 0 0 0 0 0 0 0 0 0 0 0
0 0 0 0 0 0 0 0 0 0 0 0 0 0 0 0 0 0 0 0 0 0 0 0 0 0 0 0 873 909 938 960 984 1015 1025 1030 1071 1105 1131 1154 1173 1188 1212 1239 1279 1285 1287 1312 1318 1319 1340 1000 900 998 1000 900 900 892 888 895 800 800 800 898 900 900 1400 1400 1500 1632 1638 1652 1671 1652 1671 1682 0 0 0 0 0 0 0 0 0 0 0 0 0 0 0 0 0 0 0 0
0 0 0 0 0 0 0 0 0 0 0 0 0 0 0 0 0 0 0 0 0 0 0 0 0 0 0 831 885 920 946 970 1008 1034 1040 1035 1074 1108 1133 1154 1174 1189 1213 1239 1273 1276 1304 1290 1306 1315 1336 1300 1000 998 900 900 900 892 884 881 800 600 600 900 900 1299 1400 1600 1617 1632 1651 1635 1635 1639 0 0 0 0 0 0 0 0 0 0 0 0 0 0 0 0 0 0 0 0 0 0
0 0 0 0 0 0 0 0 0 0 0 0 0 0 0 0 0 0 0 0 0 0 0 0 0 0 0 862 899 930 950 971 1008 1017 1017 1061 1074 1108 1133 1149 1174 1189 1216 1248 1247 1239 1257 1278 1300 1300 1300 1300 1200 1000 900 892 900 892 800 800 800 600 800 1200 1400 1600 1617 1632 1619 1632 1635 1632 1618 0 0 0 0 0 0 0 0 0 0 0 0 0 0 0 0 0 0 0 0 0 0 0
0 0 0 0 0 0 0 0 0 0 0 0 0 0 0 0 0 0 0 0 0 0 0 0 0 0 0 874 910 937 954 971 984 992 1035 1035 1069 1098 1107 1136 1165 1188 1216 1221 1239 1225 1239 1257 1279 1277 1281 1289 1300 1100 900 890 886 890 884 881 800 600 900 1300 1400 1400 1600 1603 1605 1619 1619 1628 0 0 0 0 0 0 0 0 0 0 0 0 0 0 0 0 0 0 0 0 0 0 0 0
0 0 0 0 0 0 0 0 0 0 0 0 0 0 0 0 0 0 0 0 0 0 0 0 0 0 847 894 925 947 964 982 1008 992 1004 1028 1055 1077 1102 1132 1155 1182 1196 1209 1209 1238 1239 1248 1303 1278 1300 1274 1200 1000 900 800 800 900 888 889 900 900 900 1300 1300 1300 1500 1588 1593 1601 0 0 0 0 0 0 0 0 0 0 0 0 0 0 0 0 0 0 0 0 0 0 0 0 0 0
0 0 0 0 0 0 0 0 0 0 0 0 0 0 0 0 0 0 0 0 0 0 0 0 0 0 875 911 937 957 976 990 1003 1003 1009 1023 1045 1069 1098 1121 1144 1168 1182 1195 1216 1221 1229 1243 1254 1274 1281 1274 1258 1200 1000 900 885 885 896 893 900 900 900 900 1300 1400 1603 1585 1594 1608 0 0 0 0 0 0 0 0 0 0 0 0 0 0 0 0 0 0 0 0 0 0 0 0 0 0
0 0 0 0 0 0 0 0 0 0 0 0 0 0 0 0 0 0 0 0 0 0 0 0 0 0 891 923 947 967 982 1003 1022 1021 1023 1041 1063 1072 1101 1121 1142 1156 1173 1195 1204 1218 1233 1263 1247 1263 1264 1263 1271 1256 1000 900 800 887 900 900 900 900 1100 1200 1300 1559 1585 1585 1594 0 0 0 0 0 0 0 0 0 0 0 0 0 0 0 0 0 0 0 0 0 0 0 0 0 0 0
0 0 0 0 0 0 0 0 0 0 0 0 0 0 0 0 0 0 0 0 0 0 0 0 0 0 905 933 959 974 997 1021 1039 1023 1043 1059 1069 1082 1108 1122 1136 1156 1171 1189 1203 1218 1233 1247 1239 1246 1274 1246 1256 1256 1000 900 900 900 1000 1000 1000 1100 1200 1300 1300 1565 1574 1594 0 0 0 0 0 0 0 0 0 0 0 0 0 0 0 0 0 0 0 0 0 0 0 0 0 0 0 0
0 0 0 0 0 0 0 0 0 0 0 0 0 0 0 0 0 0 0 0 0 0 0 0 0 0 912 940 959 977 997 1021 1037 1038 1059 1061 1072 1086 1111 1123 1139 1158 1167 1186 1202 1218 1231 1231 1232 1244 1244 1244 1200 1100 1000 1000 1000 1000 1091 1100 1100 1200 1300 1300 1300 1559 1572 0 0 0 0 0 0 0 0 0 0 0 0 0 0 0 0 0 0 0 0 0 0 0 0 0 0 0 0 0
