output/arrival_times.asc
NCOLS 255
NROWS 330
XLLCORNER -2985163.8955
YLLCORNER -3022031.214
CELLSIZE 25000
NODATA_value 0
[rows 126 to 188 of 330, columns 96 to 191 of 255]
3325 3100 2700 2200 2200 1700 1700 1692 1685 1676 1671 1672 1669 1676 1666 1671 1676 1676 1676 1500 1400 1400 1500 1687 1500 1300 1300 1200 1200 1200 1200 1200 1200 1200 1300 1300 1300 1300 1300 1300 1300 1300 1200 1200 1300 1400 1400 1300 1300 1400 1500 2300 2300 2300 2375 2400 2400 2582 2600 2600 2600 2500 2500 2500 2400 2400 2400 2300 1300 1200 1200 1200 1200 1200 0 0 0 0 0 0 0 0 0 0 0 0 0 0 0 0 0 0 0 0 0 0
3303 3307 2700 2200 2200 1700 1694 1692 1687 1679 1400 1400 1400 1400 1400 1400 1400 1500 1500 1400 1400 1400 1400 1500 1500 1400 1200 1200 1100 1100 1100 1200 1200 1285 1296 1386 1296 1288 1283 1200 1300 1373 1394 1300 1300 1300 1397 1300 1200 1300 1400 2200 2200 2300 2371 2400 2500 2500 2500 2500 2500 2500 2500 2400 2400 2395 2389 2300 1300 1200 1186 1187 1194 1187 0 0 0 0 0 0 0 0 0 0 0 0 0 0 0 0 0 0 0 0 0 0
3286 3294 2700 2500 2200 1700 1692 1689 1682 1300 1300 1300 1400 1400 1400 1400 1400 1400 1500 1400 1300 1300 1400 1300 1300 1400 1300 1100 1100 1100 1189 1263 1268 1272 1200 1296 1296 1276 1200 1300 1340 1300 1200 1200 1200 1200 1200 1200 1200 1200 1300 1300 1400 1400 2300 2400 2476 2481 2487 2500 2487 2485 2400 2400 2300 1300 1300 1300 1300 1200 1185 1183 0 0 0 0 0 0 0 0 0 0 0 0 0 0 0 0 0 0 0 0 0 0 0 0
3271 3282 2700 2600 2200 1700 1700 1691 1300 1300 1294 1300 1300 1300 1300 1390 1400 1400 1400 1400 1390 1300 1300 1300 1300 1400 1300 1100 1100 1100 1100 1200 1263 1269 1296 1276 1275 1200 1200 1286 1300 1300 1200 1200 800 600 600 600 600 600 1200 1300 1400 1400 2300 2400 2400 2400 2400 2400 2400 2400 2400 2300 1300 1300 1293 1200 1200 1200 0 0 0 0 0 0 0 0 0 0 0 0 0 0 0 0 0 0 0 0 0 0 0 0 0 0
3256 3271 2700 2600 2200 1700 1700 1692 1300 1300 1295 1300 1292 1300 1300 1300 1300 1300 1382 1400 1388 1381 1378 1387 1300 1300 1300 1200 1100 1100 1100 1200 1200 1200 1200 1200 1200 1200 1200 1000 1000 1200 900 600 0 0 0 0 588 600 600 1200 1300 1300 1400 2377 2383 2400 2400 2391 2386 2386 2300 1300 1300 1200 0 0 1200 0 0 0 0 0 0 0 0 0 0 0 0 0 0 0 0 0 0 0 0 1176 0 0 0 0 0 1833
3251 3256 2700 2600 2200 1700 1700 1300 1300 1200 1200 1200 1200 1200 1200 1300 1300 1300 1300 1300 1300 1300 1300 1300 1300 1300 1200 1200 1000 1100 1174 1180 1183 1200 1200 1200 1000 1188 1200 1000 800 800 700 600 0 0 0 589 592 600 600 1200 1300 1300 1300 2300 2377 2384 2391 2386 2378 2374 2300 1300 1200 0 0 1200 0 0 0 0 0 0 0 0 0 0 0 0 0 0 0 0 0 0 0 0 0 1200 0 0 0 0 0 1809
3238 3238 2700 2600 2200 1700 1700 1300 1200 1200 1200 1200 1200 1200 1200 1200 1200 1200 1200 1200 1200 1200 1200 1200 1200 1200 1100 1100 1183 1183 1100 1100 1182 1187 1100 900 800 900 1100 1188 1000 600 600 0 596 576 0 0 0 595 600 1200 1200 1200 0 1300 2300 2300 2384 2376 2300 2300 1300 1200 0 0 0 0 0 0 0 0 0 0 0 0 0 0 0 0 0 0 0 0 0 0 0 0 600 1200 1689 1722 0 0 0 1812
3216 3216 3100 2600 2200 1700 1700 1200 1200 1200 1192 1192 1194 900 1200 1200 1200 1200 1189 1192 1200 1200 1200 1200 1200 900 900 1000 1100 1100 1000 900 1100 1000 700 600 800 900 900 1000 1177 800 0 0 594 576 579 580 0 0 600 1200 1193 1200 1200 1300 2300 2300 2300 2300 2300 1300 1300 0 0 0 0 0 0 0 0 0 0 0 0 0 0 0 0 0 0 0 0 0 0 0 0 0 600 1300 0 0 0 1735 1762 1812
3190 3190 3100 2600 2200 1700 1700 1200 1200 1195 1190 1189 900 900 900 1100 1189 1181 1184 1192 1189 1192 1190 1195 1100 900 600 900 1000 1000 1000 900 1000 900 700 800 896 900 900 1000 1000 700 0 594 599 599 576 576 0 0 600 1180 1187 1192 1200 1200 1300 2200 1300 1300 1300 1300 1288 0 0 0 0 0 0 0 0 0 0 0 0 0 0 0 0 0 0 0 0 0 0 0 0 600 1200 1689 1707 0 0 1762 1791 1800
0 0 0 0 2200 1700 1700 1200 1192 1189 1190 900 900 900 900 900 900 900 1100 1100 1100 1100 1100 1100 900 900 800 900 900 900 900 900 900 700 700 896 893 892 900 900 900 800 600 599 647 600 600 603 596 0 600 600 1192 1192 1200 1200 1300 1300 1293 1293 1286 1285 1200 0 0 0 0 0 0 0 0 0 0 0 0 0 0 0 0 0 0 0 0 0 0 522 551 600 1200 1689 1689 0 0 1762 1785 1812
0 0 0 0 2180 1700 1700 1200 1189 1182 1187 1183 1175 900 900 892 892 900 900 900 900 900 900 900 900 893 885 890 892 900 900 893 700 600 700 800 800 800 887 887 887 800 600 600 669 663 635 610 599 0 0 0 0 0 0 0 1200 1200 1200 0 1200 1200 0 0 0 0 0 0 0 0 0 0 0 0 0 0 0 0 0 0 0 0 0 0 516 551 576 600 600 1200 1639 0 0 1760 1785 1806
0 0 0 0 0 2177 1700 1200 1200 1179 1179 1181 1175 900 900 889 885 900 887 891 900 900 896 891 888 893 877 881 888 890 893 800 600 600 700 700 700 700 800 800 800 800 700 700 670 656 646 635 599 0 0 0 0 0 0 0 1192 1192 0 0 0 0 0 0 0 0 0 0 0 0 0 0 0 0 0 0 0 0 0 0 0 0 0 0 524 551 571 582 600 1638 1667 1700 1723 1760 1782 1804
0 0 0 0 0 2152 1700 1200 1181 1181 1178 1175 1167 1159 900 900 900 879 884 891 896 887 891 881 882 875 878 880 884 800 600 600 600 600 600 600 600 700 700 700 700 800 779 700 600 600 656 600 0 0 0 0 0 0 0 0 0 0 0 0 0 0 0 0 0 0 0 0 0 0 0 0 0 0 0 0 0 0 0 0 0 0 0 0 537 556 571 600 600 1653 1693 1722 1744 1765 1783 1802
0 0 0 0 2119 2152 1700 1200 1183 1179 1168 1167 1163 1155 1145 1100 900 872 873 887 875 884 800 800 600 600 800 800 600 600 600 594 590 593 600 596 600 600 600 700 700 700 773 700 600 0 0 0 0 0 0 0 0 0 0 0 0 0 0 0 0 0 0 0 0 0 0 0 0 0 0 0 0 0 0 0 0 0 0 0 0 0 0 0 537 563 585 585 600 1671 1702 1728 1746 1767 1793 1818
0 0 0 1667 2131 1700 1200 1200 1183 1172 1167 1163 1155 1150 1142 900 900 871 867 872 871 800 600 600 600 600 600 600 600 594 600 594 584 587 591 590 590 600 600 688 700 700 700 700 600 0 0 0 0 0 0 0 0 0 0 0 0 0 0 0 0 0 0 0 0 0 0 0 0 0 0 0 0 0 0 0 0 0 0 0 0 0 0 0 537 563 567 585 600 1679 1703 1728 1748 1774 1793 1802
0 0 0 0 0 0 900 1200 1191 1183 1167 1158 1153 1146 900 900 881 867 862 865 868 800 600 594 594 600 585 585 585 588 588 594 588 582 580 590 590 590 600 600 686 676 673 600 0 0 0 0 0 0 0 0 0 0 0 0 0 0 0 0 0 0 0 0 0 0 0 0 0 0 0 0 0 0 0 0 0 0 0 0 0 0 0 0 532 549 563 585 600 1681 1704 1727 1749 1774 1790 1780
0 0 0 0 0 0 0 0 0 900 1172 1165 1150 1142 900 890 876 866 856 856 856 600 600 594 589 584 585 574 571 572 579 579 581 579 577 581 586 586 591 600 679 673 665 657 600 0 0 0 0 0 0 0 0 0 0 0 0 0 0 0 0 0 0 0 0 0 0 0 0 0 0 0 0 0 0 0 0 0 0 0 0 0 0 0 549 549 569 600 600 1681 1704 1726 1749 1765 1765 1768
0 0 0 0 0 0 0 0 0 900 900 1158 1150 1140 900 886 875 863 853 850 600 600 591 590 582 0 0 0 571 562 561 568 568 568 571 571 578 578 600 600 673 666 656 652 600 600 0 0 540 0 0 0 0 0 0 0 0 0 0 0 0 0 0 0 0 0 0 0 0 0 0 0 0 0 0 0 0 0 0 0 0 0 0 0 536 548 569 600 1641 1678 1699 1719 1731 1741 1746 1757
0 0 0 0 0 0 0 0 0 0 900 1158 1146 1138 900 886 873 862 851 842 600 600 0 590 584 581 576 579 0 0 561 559 559 563 574 571 577 579 600 600 666 656 649 638 627 602 567 563 540 529 0 0 0 0 0 0 0 0 0 0 0 0 0 0 0 0 0 0 0 0 0 0 0 0 0 0 0 0 0 0 0 0 0 0 536 552 577 600 1653 1670 1692 1699 1725 1719 1739 1760
0 0 0 0 0 0 0 0 0 0 900 1138 1140 1134 900 885 873 859 848 837 600 600 590 590 0 0 573 579 0 0 0 0 567 578 584 580 577 584 600 656 649 649 642 630 617 600 565 550 540 0 0 0 0 0 0 0 0 0 0 0 0 0 0 0 0 0 0 0 0 0 0 0 0 0 0 0 0 0 0 0 0 0 0 0 536 553 577 600 600 1670 1675 1699 1708 1732 1745 1764
0 0 0 0 0 0 0 0 0 0 900 1123 1123 1123 900 884 870 856 843 835 600 598 600 600 592 588 588 583 577 577 570 574 582 592 592 588 584 592 600 649 642 633 629 620 606 590 563 548 534 529 0 0 0 0 0 0 0 0 0 0 0 0 0 0 0 0 0 0 0 0 0 0 0 0 0 0 0 0 0 0 0 0 0 0 0 554 573 577 600 600 1675 1690 1708 1733 1758 1788
0 0 0 0 0 0 0 0 0 859 900 1107 1107 1107 900 881 867 850 850 840 600 600 600 600 600 595 592 588 589 580 586 589 592 600 600 600 600 600 635 633 629 624 615 608 595 576 561 546 536 526 0 0 0 0 0 0 0 0 0 0 0 0 0 0 0 0 0 0 0 0 0 0 0 0 0 0 0 0 0 0 0 0 0 0 0 554 559 577 591 600 1672 1690 1711 1733 1758 1764
0 0 0 0 0 0 0 0 0 873 900 900 1091 1091 900 877 858 843 840 832 800 800 799 600 600 600 597 595 590 600 600 600 600 600 641 632 621 612 625 624 615 612 605 593 580 565 557 550 536 0 0 0 0 0 0 0 0 0 0 0 0 0 0 0 0 0 0 0 0 0 0 0 0 0 0 0 0 0 0 0 0 0 0 0 0 540 559 577 592 600 1672 1688 1711 1732 1748 1762
0 0 0 0 0 0 0 0 0 0 872 900 1074 1074 900 869 848 837 831 823 820 799 804 794 600 600 600 600 600 693 688 600 600 651 654 641 627 617 612 612 605 597 590 579 566 555 550 559 559 570 0 0 0 0 0 0 0 0 0 0 0 0 0 0 0 0 0 0 0 0 0 0 0 0 0 0 0 0 0 0 0 0 0 0 0 545 560 582 594 600 1668 1686 1707 1725 1744 1748
0 0 0 0 0 0 0 0 0 0 0 900 900 900 900 857 836 827 821 817 813 804 789 781 780 764 758 600 700 717 695 685 667 659 659 641 632 617 601 590 587 582 573 564 554 550 570 577 577 588 600 600 600 600 600 0 0 0 0 0 0 0 0 0 0 0 0 0 0 0 0 0 0 0 0 0 0 0 0 0 0 0 0 0 0 554 560 582 600 1646 1672 1690 1710 1725 1736 1744
0 0 0 0 0 0 0 0 0 0 0 848 848 848 848 838 824 816 810 806 803 793 782 774 764 764 746 746 732 717 706 691 678 667 654 641 627 617 612 590 578 570 563 556 556 566 577 592 600 600 618 626 637 642 673 600 0 600 600 600 0 0 0 0 0 0 0 0 0 0 0 0 0 0 0 0 0 0 0 0 0 0 0 0 0 0 567 579 600 1648 1672 1690 1710 1727 1727 1736
0 0 0 0 0 0 0 0 0 0 0 818 818 818 817 814 808 803 795 793 785 778 769 763 756 746 739 727 727 727 717 691 678 662 654 633 633 617 600 590 578 575 561 563 581 581 592 600 623 633 643 651 651 652 665 675 600 690 700 700 0 0 0 0 0 0 0 0 0 0 0 0 0 0 0 0 0 0 0 0 0 0 0 0 0 0 568 583 600 600 1670 1688 1708 1717 1719 1720
0 0 0 0 0 0 0 0 0 0 0 795 795 795 795 792 788 784 780 776 768 761 756 750 742 732 725 725 718 710 710 691 678 662 655 633 618 613 598 584 578 578 577 581 606 602 600 630 645 649 669 677 676 676 692 709 700 700 742 784 700 0 0 0 0 0 0 0 0 0 0 0 0 0 0 0 0 0 0 0 0 0 0 0 0 0 578 583 600 1642 1661 1686 1700 1703 1703 1703
0 0 0 0 0 0 0 0 0 0 0 764 769 769 769 768 766 764 761 757 752 743 738 732 724 716 709 709 704 704 706 688 675 675 655 633 618 604 591 591 590 591 595 603 618 626 634 646 666 673 677 714 693 705 717 728 738 748 752 766 792 0 0 0 0 0 0 0 0 0 0 0 0 0 0 0 0 0 0 0 0 0 0 0 0 0 0 589 600 600 1652 1671 1685 1685 1686 1690
0 0 0 0 0 0 0 0 0 0 0 739 742 745 745 745 745 744 742 738 732 726 719 712 705 701 700 694 690 690 688 684 673 659 655 631 611 600 606 608 610 611 621 627 634 644 654 666 682 695 697 721 719 733 743 756 768 774 775 792 822 0 0 0 0 0 0 0 0 0 0 0 0 0 0 0 0 0 0 0 0 0 0 0 0 0 0 0 600 600 1646 1665 1685 1668 1668 1680
0 0 0 0 0 0 0 0 0 0 0 717 720 721 722 722 722 721 719 716 711 706 700 693 687 681 679 679 679 675 682 684 666 655 644 628 616 609 626 626 629 631 642 649 651 661 672 682 695 716 722 725 745 757 768 781 786 794 806 813 824 838 849 0 0 0 0 0 0 0 0 0 0 0 0 0 0 0 0 0 0 0 0 0 0 0 0 0 0 600 1646 1661 1658 1658 1663 1676
0 0 0 0 0 0 0 0 0 0 0 0 0 700 700 700 700 699 697 693 689 684 679 673 667 663 662 664 664 666 666 675 666 653 637 618 609 626 639 641 644 656 663 667 667 675 685 695 716 744 743 745 762 778 791 798 806 818 829 846 857 880 900 900 874 0 0 0 0 0 0 0 0 0 0 0 0 0 0 0 0 0 0 0 0 0 0 0 0 0 1636 1638 1648 1648 1652 1662
0 0 0 0 0 0 0 0 0 0 0 0 0 0 679 679 679 678 677 673 669 664 659 654 649 646 647 650 653 655 658 666 658 646 632 609 622 639 647 654 661 678 687 687 685 691 701 708 723 735 773 766 783 802 809 812 823 836 855 889 902 916 933 900 900 900 900 900 893 0 0 0 0 0 0 0 0 0 0 0 0 0 0 0 0 0 0 0 0 594 1623 1636 1633 1639 1639 1652
0 0 0 0 0 0 0 0 0 0 0 0 0 0 0 660 659 657 654 651 647 643 638 634 630 632 632 637 640 645 651 658 650 639 623 623 639 652 661 669 683 699 705 705 703 710 718 724 744 744 766 796 802 813 825 835 850 862 900 912 921 936 954 1000 1000 1000 1000 900 900 1000 1125 0 0 0 0 0 0 0 0 0 0 0 0 0 0 0 0 0 0 600 1621 1621 1632 1632 1632 1632
0 0 0 0 0 0 0 0 0 0 0 0 0 0 0 0 640 637 634 630 628 624 619 616 615 617 620 623 630 636 642 650 642 630 620 639 652 666 676 687 706 715 721 721 725 733 739 747 756 763 776 797 819 830 850 878 904 912 918 928 939 957 1000 1052 1060 1071 1085 1091 1101 1125 1145 1160 1170 0 0 0 0 0 0 0 0 0 0 0 0 0 0 0 0 600 1600 1600 1600 1618 1617 1620
0 0 0 0 0 0 0 0 0 0 0 0 0 0 0 0 0 619 615 611 608 605 601 599 599 601 606 612 619 625 633 637 634 622 631 651 666 680 692 706 729 731 737 737 746 751 762 766 777 787 796 819 836 847 904 917 925 900 936 946 957 974 1000 1063 1075 1085 1096 1108 1120 1145 1168 1183 1191 0 0 0 0 0 0 0 0 0 0 0 0 0 0 0 0 600 1592 1592 1594 1601 1605 1605
0 0 0 0 0 0 0 0 0 0 0 0 0 0 0 0 0 0 598 592 587 584 580 578 580 586 592 601 603 609 624 624 624 624 645 664 680 703 713 729 731 752 766 752 766 766 777 782 796 809 814 836 847 897 925 900 946 959 946 964 969 1000 1076 1076 1086 1096 1108 1123 1143 1156 1183 1213 1215 1215 1239 0 0 0 0 0 0 0 0 0 0 0 0 0 0 1550 1591 1576 1578 1584 1584 1605
0 0 0 0 0 0 0 0 0 0 0 0 0 0 0 0 0 0 0 573 569 565 562 560 564 570 578 584 587 599 599 599 608 630 656 669 692 692 703 713 726 741 756 767 789 789 801 807 811 824 832 845 904 897 897 900 900 900 964 973 976 1000 1093 1090 1100 1106 1123 1138 1156 1183 1191 1215 1251 1241 1248 0 0 0 0 0 0 0 0 0 0 0 0 0 0 1576 1567 1567 1567 1584 1582 1582
0 0 0 0 0 0 0 0 0 0 0 0 0 0 0 0 0 0 0 0 553 550 547 545 549 557 560 572 577 586 586 592 608 630 656 669 669 683 691 710 726 731 752 766 773 789 807 829 831 837 848 892 892 869 900 900 900 900 900 900 981 1000 1000 1000 1105 1122 1137 1156 1168 1183 1192 1215 1241 1254 1264 1277 0 0 0 0 0 0 0 0 0 0 0 0 0 1548 1548 1551 1563 1563 1573 1571
0 0 0 0 0 0 0 0 0 0 0 0 0 0 0 0 0 0 0 0 535 535 531 532 535 543 549 558 568 572 575 595 608 630 646 652 663 668 691 695 710 731 741 756 775 794 813 831 857 859 902 935 900 900 963 977 1000 900 900 900 1000 991 1000 1112 1122 1134 1145 1166 1180 1192 1208 1233 1254 1270 1279 1282 1297 1308 1314 1332 0 0 0 0 0 0 0 1497 1521 1548 1537 1551 1563 1556 1556 1568
0 0 0 0 0 0 0 0 0 0 0 0 0 0 0 0 0 0 0 0 515 515 515 516 523 530 539 547 556 558 575 586 597 618 631 640 647 660 673 686 710 718 739 753 775 796 819 834 839 902 935 951 963 977 977 1000 1105 1000 1000 1106 1000 1000 1126 1131 1142 1148 1159 1169 1184 1200 1226 1246 1257 1270 1282 1297 1314 1314 1343 1332 0 0 0 0 0 1456 1473 1512 1523 1537 1537 1542 1542 1544 1550 1564
0 0 0 0 0 0 0 0 0 0 0 0 0 0 0 0 0 0 0 0 0 0 0 502 509 517 523 530 540 553 563 577 603 603 621 622 632 644 656 679 698 714 733 753 775 796 819 820 847 902 900 900 900 900 1000 900 900 1000 1119 1121 1123 1132 1138 1147 1156 1166 1177 1186 1199 1225 1240 1256 1270 1282 1297 1297 1301 1300 1334 1370 1356 0 0 0 1466 1477 1497 1512 1517 0 0 0 1528 1536 1552 1563
0 0 0 0 0 0 0 0 0 0 0 0 0 0 0 0 0 0 0 0 0 0 0 0 0 503 509 516 532 543 556 577 578 603 606 606 618 629 643 663 679 698 725 748 770 790 802 821 847 861 902 951 900 900 900 900 900 900 1140 1141 1142 1142 1151 1161 1168 1181 1193 1205 1217 1234 1251 1267 1280 1295 1334 1316 1334 1334 1350 1376 0 1413 1447 1432 1457 1478 1497 1510 1507 0 0 0 1518 1536 1552 0
0 0 0 0 0 0 0 0 0 0 0 0 0 0 0 0 0 0 0 0 0 0 0 0 0 0 0 510 526 538 551 565 577 598 585 592 603 616 632 640 669 693 713 721 750 780 803 824 848 902 935 935 957 969 900 898 886 900 1000 1000 1164 1153 1164 1173 1181 1194 1206 1218 1233 1252 1261 1277 1295 1316 1316 1340 1368 1350 1376 1399 1431 1431 1431 1438 1460 1478 1490 1498 1494 1498 1501 1498 1518 1536 0 0
0 0 0 0 0 0 0 0 0 0 0 0 0 0 0 0 0 0 0 0 0 0 0 0 0 0 0 501 515 526 547 561 573 576 575 575 584 606 613 631 659 684 697 720 751 782 806 827 848 902 902 916 916 957 957 898 882 900 900 900 900 1164 1178 1181 1194 1206 1220 1233 1252 1269 1269 1292 1298 1298 1316 1345 1340 1368 1399 1399 1399 1405 1412 1431 0 0 0 1484 1494 0 1498 1518 1518 1529 0 0
0 0 0 0 0 0 0 0 0 0 0 0 0 0 0 0 0 0 0 0 0 0 0 0 0 0 0 0 506 524 538 545 557 561 562 567 584 606 622 644 657 679 700 724 751 782 806 827 848 862 876 877 903 957 903 898 898 891 900 896 900 1178 1200 1192 1204 1220 1242 1252 1262 1262 1280 1282 1282 1298 1313 1323 1349 1376 1376 1376 1383 1391 1400 0 0 0 0 0 0 0 0 0 0 0 0 0
0 0 0 0 0 0 0 0 0 0 0 0 0 0 0 0 0 0 0 0 0 0 0 0 0 0 0 0 0 513 528 538 545 545 549 567 591 618 639 656 673 697 713 730 751 780 805 824 838 849 861 877 903 903 903 901 874 800 888 900 900 900 900 1210 1220 1228 1228 1245 1245 1262 1267 1269 1276 1289 1296 1323 1349 1351 1351 1358 1367 0 0 0 0 0 0 0 0 0 0 0 0 0 0 0
0 0 0 0 0 0 0 0 0 0 0 0 0 0 0 0 0 0 0 0 0 0 0 0 0 0 0 0 0 505 517 522 533 565 547 573 605 632 655 677 688 709 730 738 759 772 796 813 826 839 861 857 859 863 863 865 875 888 888 895 894 898 898 1200 1210 1210 1224 1228 1233 1244 1255 1255 1263 1273 1294 1315 1321 1329 0 1346 0 0 0 0 0 0 0 0 0 0 0 0 0 0 0 0
0 0 0 0 0 0 0 0 0 0 0 0 0 0 0 0 0 0 0 0 0 0 0 0 0 0 0 0 0 0 507 520 537 565 571 580 614 639 664 688 710 721 734 749 770 792 792 809 826 839 840 857 849 853 859 864 875 875 887 889 800 800 800 900 900 1199 1209 1210 1220 1224 1235 1247 1249 1259 1281 1295 0 0 0 0 0 0 0 0 0 0 0 0 0 0 0 0 0 0 0 0
0 0 0 0 0 0 0 0 0 0 0 0 0 0 0 0 0 0 0 0 0 0 0 0 0 0 0 0 0 0 507 528 550 570 586 587 614 641 664 688 703 727 740 754 764 781 781 801 818 830 840 840 850 850 850 860 875 868 879 879 800 600 600 900 1157 1181 1183 1210 1201 1215 1235 1229 1229 1249 0 0 0 0 0 0 0 0 0 0 0 0 0 0 0 0 0 0 0 0 0 0
0 0 0 0 0 0 0 0 0 0 0 0 0 0 0 0 0 0 0 0 0 0 0 0 0 0 0 0 0 0 507 528 550 565 569 586 614 641 661 678 706 727 740 749 770 766 782 801 816 828 831 840 854 850 847 860 873 876 800 873 800 600 892 1140 1171 1181 1184 1194 1202 1215 1225 1215 1215 0 0 0 0 0 0 0 0 0 0 0 0 0 0 0 0 0 0 0 0 0 0 0
0 0 0 0 0 0 0 0 0 0 0 0 0 0 0 0 0 0 0 0 0 0 0 0 0 0 0 0 0 0 509 524 540 540 570 583 608 631 654 677 700 718 738 741 757 774 790 802 819 833 844 852 868 880 860 860 866 881 890 887 800 600 900 1165 1165 1171 1178 1180 1184 1202 1202 1215 0 0 0 0 0 0 0 0 0 0 0 0 0 0 0 0 0 0 0 0 0 0 0 0
0 0 0 0 0 0 0 0 0 0 0 0 0 0 0 0 0 0 0 0 0 0 0 0 0 0 0 0 0 501 516 524 545 545 550 573 602 621 643 662 685 710 729 752 774 789 802 818 848 855 870 871 883 901 899 800 800 887 888 890 900 900 900 1152 1149 1155 1163 1165 1175 1177 0 0 0 0 0 0 0 0 0 0 0 0 0 0 0 0 0 0 0 0 0 0 0 0 0 0
0 0 0 0 0 0 0 0 0 0 0 0 0 0 0 0 0 0 0 0 0 0 0 0 0 0 0 0 0 509 524 545 570 552 560 583 605 624 645 671 696 717 741 766 786 799 818 848 874 874 908 908 921 935 935 899 875 881 892 897 900 900 900 1000 1135 1140 1154 1154 1164 1177 0 0 0 0 0 0 0 0 0 0 0 0 0 0 0 0 0 0 0 0 0 0 0 0 0 0
0 0 0 0 0 0 0 0 0 0 0 0 0 0 0 0 0 0 0 0 0 0 0 0 0 0 0 0 0 519 540 552 571 571 576 602 620 637 660 687 712 729 755 780 798 814 835 855 864 908 908 951 951 971 951 900 800 882 900 900 900 1000 1135 1131 1122 1128 1128 1143 1161 0 0 0 0 0 0 0 0 0 0 0 0 0 0 0 0 0 0 0 0 0 0 0 0 0 0 0
0 0 0 0 0 0 0 0 0 0 0 0 0 0 0 0 0 0 0 0 0 0 0 0 0 0 0 0 508 530 548 571 597 575 602 618 635 653 675 703 724 743 765 784 801 816 835 864 864 889 921 921 935 984 971 900 900 900 1000 1064 1094 1111 1118 1118 1111 1115 1119 1143 0 0 0 0 0 0 0 0 0 0 0 0 0 0 0 0 0 0 0 0 0 0 0 0 0 0 0 0
0 0 0 0 0 0 0 0 0 0 0 0 0 0 0 0 0 0 0 0 0 0 0 0 0 0 0 0 516 532 551 571 592 597 618 632 647 663 682 708 732 747 765 784 809 832 837 837 851 889 889 919 951 971 989 1000 1000 1024 1042 1079 1093 1093 1095 1095 1095 1104 1119 0 0 0 0 0 0 0 0 0 0 0 0 0 0 0 0 0 0 0 0 0 0 0 0 0 0 0 0 0
0 0 0 0 0 0 0 0 0 0 0 0 0 0 0 0 0 0 0 0 0 0 0 0 0 0 0 0 517 534 557 577 597 618 628 646 660 684 684 710 732 747 765 784 809 820 823 827 851 856 883 910 943 971 984 984 1000 1042 1064 1056 1065 1075 1075 1075 1083 1104 1119 0 0 0 0 0 0 0 0 0 0 0 0 0 0 0 0 0 0 0 0 0 0 0 0 0 0 0 0 0
0 0 0 0 0 0 0 0 0 0 0 0 0 0 0 0 0 0 0 0 0 0 0 0 0 0 0 0 517 537 561 589 612 630 634 654 671 667 685 710 728 748 767 790 809 804 823 820 840 871 910 940 957 957 800 800 800 800 800 900 1048 1052 1054 1059 1083 1099 1104 0 0 0 0 0 0 0 0 0 0 0 0 0 0 0 0 0 0 0 0 0 0 0 0 0 0 0 0 0
0 0 0 0 0 0 0 0 0 0 0 0 0 0 0 0 0 0 0 0 0 0 0 0 0 0 0 0 515 537 561 589 608 620 638 657 686 679 688 708 730 749 767 790 790 805 816 832 859 901 921 921 921 921 800 700 793 700 700 800 1000 1046 1037 1064 1083 1098 1083 0 0 0 0 0 0 0 0 0 0 0 0 0 0 0 0 0 0 0 0 0 0 0 0 0 0 0 0 0
0 0 0 0 0 0 0 0 0 0 0 0 0 0 0 0 0 0 0 0 0 0 0 0 0 0 0 0 510 532 554 574 606 626 641 657 676 688 704 727 730 749 766 773 789 805 818 832 859 886 886 886 886 886 884 800 805 785 700 700 800 1024 1036 1064 1075 1074 1074 0 0 0 0 0 0 0 0 0 0 0 0 0 0 0 0 0 0 0 0 0 0 0 0 0 0 0 0 0
0 0 0 0 0 0 0 0 0 0 0 0 0 0 0 0 0 0 0 0 0 0 0 0 0 0 0 0 510 529 557 593 622 638 660 668 687 703 723 741 733 750 765 775 792 816 837 837 859 877 858 859 859 859 852 841 799 784 786 795 899 1026 1036 1053 1053 1074 1053 0 0 0 0 0 0 0 0 0 0 0 0 0 0 0 0 0 0 0 0 0 0 0 0 0 0 0 0 0
0 0 0 0 0 0 0 0 0 0 0 0 0 0 0 0 0 0 0 0 0 0 0 0 0 0 0 0 514 536 562 597 622 638 661 683 695 723 723 723 700 757 770 783 802 816 817 845 855 845 845 839 838 836 829 819 799 783 789 700 800 900 1000 1032 1048 1048 1051 0 0 0 0 0 0 0 0 0 0 0 0 0 0 0 0 0 0 0 0 0 0 0 0 0 0 0 0 0
