output/arrival_times.asc
NCOLS 255
NROWS 330
XLLCORNER -2985163.8955
YLLCORNER -3022031.214
CELLSIZE 25000
NODATA_value 0
[rows 165 to 219 of 330, columns 96 to 191 of 255]
0 0 0 0 0 0 3430 3422 3422 3431 3438 3448 3459 3470 3480 3493 3503 3511 3517 3520 3529 3542 3554 3564 3580 3600 3617 3630 3639 3644 3647 3648 3650 3651 3654 3657 3660 3663 3660 3649 3649 3642 3639 3639 3632 3632 3623 3623 3623 3614 3598 3584 3571 3559 3548 3537 3532 3524 3517 3503 3499 3488 3479 3482 3465 3473 3463 3463 3469 3456 3447 3434 3427 3428 3411 3395 3381 0 0 3348 0 3328 0 0 0 0 0 3223 3225 3254 3225 3244 3222 3213 3203 3200
0 0 0 0 0 3392 3407 3407 3401 3404 3415 3426 3437 3446 3460 3473 3485 3493 3500 3507 3515 3527 3536 3549 3567 3584 3600 3613 3621 3627 3632 3643 3634 3642 3645 3645 3648 3648 3648 3641 3634 3629 3628 3622 3621 3617 3612 3612 3610 3605 3598 3584 3576 3563 3549 3538 3527 3519 3509 3498 3495 3483 3474 3465 3461 3461 3463 3456 3453 3453 3442 3428 3421 3405 3403 3392 3381 3357 3352 3335 0 0 0 0 0 3247 3222 3205 3222 3225 3222 3220 3220 3204 3194 3200
0 0 0 0 0 3392 3379 3379 3379 3381 3392 3404 3414 3426 3440 3453 3466 3476 3483 3490 3501 3508 3522 3534 3555 3570 3582 3595 3604 3611 3617 3623 3632 3622 3628 3628 3628 3627 3627 3626 3621 3615 3611 3609 3606 3605 3600 3600 3600 3605 3598 3592 3576 3564 3551 3538 3527 3515 3505 3495 3483 3476 3469 3461 3454 3451 3451 3453 3444 3436 3433 3420 3406 3401 3392 3384 0 0 3340 0 0 0 0 0 3261 3247 3234 3219 3206 3206 0 3199 3199 3192 3182 3189
0 0 0 0 0 0 3358 3362 3354 3359 3370 3383 3397 3409 3423 3436 3447 3459 3468 3476 3484 3494 3506 3524 3540 3553 3566 3577 3586 3595 3605 3616 3617 3616 3607 3607 3607 3607 3607 3606 3602 3597 3593 3592 3590 3588 3585 3585 3589 3589 3589 3589 3584 3564 3554 3538 3526 3514 3510 3493 3482 3472 3463 3456 3450 3451 3442 3442 3444 3436 3423 3416 3404 3397 3386 3376 0 0 0 0 3287 3287 3282 3268 3257 3257 3247 3219 3201 3184 3181 3181 3181 3176 3169 0
0 0 0 0 0 3338 3340 3340 3340 3341 3352 3365 3379 3393 3406 3419 3431 3442 3451 3461 3469 3481 3496 3510 3525 3537 3549 3560 3570 3580 3589 3598 3598 3616 3594 3588 3588 3587 3587 3586 3584 3580 3576 3582 3572 3570 3568 3571 3572 3572 3572 3572 3576 3571 3554 3538 3530 3514 3503 3493 3488 3472 3463 3456 3443 3439 3434 3442 3427 3427 3421 3409 3399 3386 3383 3373 0 0 3314 3311 3307 3290 0 0 0 3237 3237 3234 3201 3184 3181 3174 3181 3176 0 0
0 0 0 0 0 3336 3314 3314 3315 3324 3335 3348 3362 3376 3389 3401 3413 3425 3434 3441 3454 3465 3481 3497 3511 3523 3533 3545 3555 3565 3575 3582 3591 3591 3591 3577 3571 3570 3568 3567 3565 3560 3557 3555 3555 3553 3553 3557 3560 3560 3560 3559 3559 3564 3554 3541 3530 3519 3505 3489 3482 3472 3461 3453 3446 3438 3431 3427 3423 3416 3414 3405 3393 3381 3373 3361 3351 3343 3327 3314 3296 3283 0 0 3209 3210 3219 3210 3210 3201 3178 3178 3174 3163 0 0
0 0 0 0 3288 3304 3303 3288 3296 3308 3320 3333 3348 3361 3374 3386 3397 3409 3418 3427 3439 3453 3466 3482 3495 3507 3518 3530 3541 3552 3563 3563 3573 3579 3573 3567 3558 3558 3549 3545 3563 3543 3536 3550 3536 3536 3538 3542 3546 3546 3548 3548 3548 3559 3547 3547 3535 3519 3505 3489 3482 3471 3467 3456 3446 3443 3443 3427 3418 3413 3409 3398 3390 3378 3354 3348 3335 3335 3314 3307 3296 0 3265 0 0 0 0 0 0 0 0 0 0 0 0 0
0 0 0 0 3303 3288 0 3276 3281 3293 3306 3320 3334 3348 3361 3374 3384 3394 3404 3414 3424 3437 3452 3467 3480 3492 3503 3515 3526 3537 3547 3553 3554 3556 3556 3553 3544 3537 3549 3536 3542 3543 3536 3536 3536 3522 3525 3528 3532 3536 3537 3547 3541 3541 3541 3529 3530 3519 3505 3489 3489 3471 3471 3458 3456 3445 3436 3434 3417 3409 3395 3394 3385 3367 3354 3339 3325 3319 3311 3298 3285 0 0 0 0 0 0 0 0 0 0 0 0 0 0 0
0 0 0 0 3282 3273 0 3256 3265 3278 3290 3307 3321 3335 3348 3360 3370 3380 3390 3399 3411 3424 3439 3452 3465 3477 3489 3500 3512 3523 3533 3534 3535 3556 3535 3535 3529 3525 3525 3530 3527 3533 3522 3518 3520 3510 3509 3514 3519 3521 3536 3531 3531 3522 3522 3522 3529 3519 3501 3501 3481 3471 3459 3459 3445 3443 3436 3423 3416 3403 3387 3380 3360 3360 3342 3330 3317 3303 3301 3286 0 0 0 0 0 0 0 0 0 0 0 0 0 0 0 0
0 0 0 3267 3261 0 0 3240 3249 3261 3276 3294 3310 3324 3336 3346 3357 3365 3375 3385 3398 3412 3425 3437 3450 3462 3474 3486 3497 3506 3514 3518 3526 3529 3535 3517 3511 3509 3512 3512 3520 3517 3515 3511 3510 3505 3497 3498 3504 3515 3517 3531 3508 3507 3518 3511 3517 3511 3501 3484 3481 0 0 0 3444 3432 3425 3414 3407 3395 3380 3369 3353 3341 3331 3319 3319 0 0 0 0 0 0 0 0 0 0 0 0 0 0 0 0 0 0 0
0 0 0 3258 3243 0 3205 3224 3235 3246 3264 3280 3298 3311 3322 3333 3342 3351 3359 3368 3377 3397 3410 3423 3435 3447 3458 3470 3479 3488 3496 3502 3510 3518 3526 3515 3499 3495 3497 3501 3501 3501 3501 3504 3505 3497 3491 3484 3490 3499 3515 3508 3508 3497 3497 3501 3511 3501 3489 3478 3468 0 0 0 3421 3421 3412 3412 3392 3385 3384 3365 3353 3338 3324 0 0 0 0 0 0 0 0 0 0 0 0 0 0 0 0 0 0 0 0 0
0 0 0 0 0 3158 3223 3208 3222 3236 3253 3271 3284 3299 3309 3318 3327 3334 3342 3352 3368 3383 3395 3408 3420 3433 3444 3454 3464 3473 3482 3493 3507 3510 3507 3515 3494 3482 3481 3487 3488 3490 3491 3492 3497 3492 3484 3481 3478 3491 3491 3508 3494 3494 3481 3492 3492 3501 3478 3468 3459 0 0 3384 3399 3421 3396 3393 3390 3374 3370 3365 3350 0 0 0 0 0 0 0 0 0 0 0 0 0 0 0 0 0 0 0 0 0 0 0
0 0 0 0 0 3205 3205 3205 3205 3225 3242 3254 3272 3284 3294 3304 3311 3319 3329 3342 3356 3369 3381 3393 3406 3419 3432 3442 3451 3460 3470 3482 3492 3491 3494 3494 3494 3476 3469 3471 3475 3481 3483 3483 3492 3485 3479 3471 3466 3476 3486 3486 3494 3478 3471 3472 3478 3492 3478 3461 3457 0 0 3400 3399 3391 3391 3383 3377 3368 3357 0 0 0 0 0 0 0 0 0 0 0 0 0 0 0 0 0 0 0 0 0 0 0 0 0
0 0 0 0 3087 3165 3170 3176 3200 3216 3230 3244 3258 3269 3279 3287 3294 3301 3315 3324 3344 3355 3368 3379 3391 3404 3417 3427 3437 3446 3465 3478 3482 3478 3472 3472 3469 3465 3456 3456 3461 3464 3469 3477 3477 3485 3471 3469 3462 3464 3486 3477 3476 3476 3460 3448 0 3469 3468 3458 3442 3439 3419 3419 3399 3381 3373 3370 3365 3355 0 0 0 0 0 0 0 0 0 0 0 0 0 0 0 0 0 0 0 0 0 0 0 0 0 0
0 0 0 0 3133 3144 3152 3164 3183 3197 3212 3231 3244 3254 3263 3271 3279 3289 3301 3317 3332 3343 3354 3366 3377 3388 3401 3411 3424 3438 3452 3464 3478 3464 3456 3454 3464 3448 3441 3440 3451 3456 3457 3461 3469 3477 3471 3463 3456 3461 3466 3476 3458 3460 3449 3437 0 3454 3454 3448 3436 3437 3419 3400 3399 3376 3364 3355 3349 0 0 0 0 0 0 0 0 0 0 0 0 0 0 0 0 0 0 0 0 0 0 0 0 0 0 0
0 0 0 0 3110 3125 3138 3153 3171 3187 3204 3218 3230 3241 3247 3257 3265 3275 3290 3306 3317 3330 3341 3354 3365 3376 3389 3399 3415 3431 3440 3456 3464 3456 3444 3440 3451 3438 3441 3438 3436 3440 3443 3453 3457 3461 3468 3454 3444 3451 3461 3451 3458 3443 3440 0 0 3435 3435 3435 3430 3432 3418 3400 3381 3371 3354 3345 0 0 0 0 0 0 0 0 0 0 0 0 0 0 0 0 0 0 0 0 0 0 0 0 0 0 0 0
0 0 0 0 0 3109 3121 3141 3158 3175 3192 3204 3216 3225 3235 3239 3248 3263 3279 3293 3304 3316 3328 3339 3351 3367 3379 3391 3407 3420 3430 3444 3456 3444 3433 3429 3435 3438 3416 3418 3422 3428 3434 3439 3444 3453 3456 3451 3440 3443 3451 3443 3441 3441 3431 0 3412 3417 3417 3435 3413 3409 3409 3391 3374 3360 3344 3345 0 0 0 0 0 0 0 0 0 0 0 0 0 0 0 0 0 0 0 0 0 0 0 0 0 0 0 0
0 0 0 3084 0 3097 3118 3132 3146 3163 3179 3191 3202 3211 3218 3224 3238 3253 3268 3280 3291 3302 3315 3326 3342 3356 3366 3382 3397 3410 3422 3434 3444 3434 3433 3422 3422 3429 3416 3415 3416 3422 3422 3428 3433 3437 3445 3437 3437 3438 3441 3438 3427 3425 3420 3412 3412 3392 3413 3417 3413 3401 3391 3380 3367 3351 3349 0 0 0 0 0 0 0 0 0 0 0 0 0 0 0 0 0 0 0 0 0 0 0 0 0 0 0 0 0
0 0 0 3074 0 3096 3112 3120 3133 3152 3165 3177 3188 3198 3203 3209 3226 3237 3255 3267 3277 3291 3302 3315 3332 3341 3356 3373 3387 3397 3412 3422 3422 3434 3414 3419 3413 3412 3402 3399 3403 3403 3410 3418 3427 3437 3433 3433 3427 3425 3425 3425 3420 0 0 0 3393 3390 3413 3401 3398 3392 3382 3372 3359 3345 3345 0 0 0 0 0 0 0 0 0 0 0 0 0 0 0 0 0 0 0 0 0 0 0 0 0 0 0 0 0
0 0 0 3069 3064 3096 3103 3108 3119 3139 3152 3163 3174 3183 3189 3196 3205 3227 3240 3253 3264 3276 3288 3304 3319 3330 3345 3360 3376 3391 3401 3407 3413 3422 3413 3403 3407 3398 3398 3391 3391 3393 3399 3408 3427 3422 3433 3417 3411 3407 3425 3410 3403 0 0 0 0 3387 3387 3387 3381 3380 0 3366 3366 3345 3345 0 0 0 0 0 0 0 0 0 0 0 0 0 0 0 0 0 0 0 0 0 0 0 0 0 0 0 0 0
0 0 0 3075 3078 3088 3078 3091 3111 3125 3137 3149 3159 3167 3172 3183 3198 3214 3226 3239 3252 3265 3277 3295 3306 3318 3332 3346 3359 3377 3387 3395 3401 3401 3401 3395 3403 3395 3388 3382 3378 3383 3391 3408 3408 3413 3422 3413 3413 3404 3404 3404 3395 3384 0 0 0 0 0 0 3368 3380 3362 3345 3352 3345 3323 0 0 0 0 0 0 0 0 0 0 0 0 0 0 0 0 0 0 0 0 0 0 0 0 0 0 0 0 0
0 0 3047 3066 3066 3066 3066 3080 3097 3110 3123 3134 3142 3150 3162 3171 3184 3201 3212 3224 3239 3249 3264 3283 3293 3307 3319 3331 3346 3360 3370 3375 3382 3383 3383 3390 3390 3395 3384 3382 3369 3373 3382 3387 3392 3401 3402 3401 3401 3404 3390 3390 3382 3375 0 0 3303 3324 0 0 3362 3368 3362 3345 3345 3331 3321 0 0 0 0 0 0 0 0 0 0 0 0 0 0 0 0 0 0 0 0 0 0 0 0 0 0 0 0 0
0 3002 3050 3060 3049 3050 3050 3066 3081 3095 3108 3119 3129 3135 3145 3157 3172 3184 3196 3213 3223 3238 3253 3267 3281 3292 3304 3314 3331 3343 3355 3364 3365 3375 3382 3371 3379 3390 3379 3374 3364 3357 3368 3373 3385 3387 3401 3387 3397 3390 3385 3379 3371 3363 3353 3331 3303 3287 3287 0 3352 3357 3362 3352 3331 3331 3331 0 0 0 0 0 0 0 0 0 0 0 0 0 0 0 0 0 0 0 0 0 0 0 0 0 0 0 0 0
0 3040 3040 3040 3035 3035 3036 3051 3066 3081 3093 3104 3113 3122 3131 3144 3159 3169 3185 3203 3213 3228 3243 3253 3269 3282 3292 3309 3318 3328 3338 3345 3356 3359 3359 3359 3370 3379 3369 3359 3364 3351 3357 3368 3375 3384 3384 3384 3385 3381 3375 3369 3363 3354 3344 3331 3303 3283 3296 3280 3337 3339 3339 3339 3330 3318 3318 0 0 0 0 0 0 0 0 0 0 0 0 0 0 0 0 0 0 0 0 0 0 0 0 0 0 0 0 0
0 3021 3029 3029 3029 3021 3023 3037 3051 3064 3077 3088 3098 3107 3118 3134 3148 3165 3178 3188 3198 3216 3226 3241 3257 3268 3277 3293 3304 3313 3321 3329 3340 3343 3349 3354 3354 3358 3358 3351 3349 3349 3352 3368 3373 3368 3372 3373 3378 3376 3366 3356 3349 3340 3331 3321 3301 3283 3280 3311 3317 3318 3318 3318 3315 3310 3318 0 0 0 0 0 0 0 0 0 0 0 0 0 0 0 0 0 0 0 0 0 0 0 0 0 0 0 0 0
0 0 3008 3008 3008 3008 3007 3022 3035 3049 3061 3073 3083 3092 3106 3122 3139 3151 3165 3175 3190 3206 3216 3228 3243 3249 3266 3278 3289 3298 3306 3316 3323 3333 3338 3339 3349 3339 3339 3339 3337 3352 3353 3363 3357 3357 3356 3365 3365 3365 3354 3346 3334 3325 3317 3306 3297 3275 3280 3291 3299 0 3302 3302 3300 3303 3306 0 0 0 0 0 0 0 0 0 0 0 0 0 0 0 0 0 0 0 0 0 0 0 0 0 0 0 0 0
0 0 2992 2992 2989 2987 2991 3006 3021 3034 3046 3058 3071 3086 3099 3113 3126 3141 3153 3162 3181 3189 3197 3217 3230 3238 3255 3263 3273 3283 3292 3301 3309 3317 3323 3328 3328 3328 3328 3339 3335 3335 3346 3346 3346 3345 3344 3342 3342 3342 3339 3325 3318 3305 3299 3290 3281 3266 3261 3269 0 0 0 3282 3289 3295 3303 0 0 0 0 0 0 0 0 0 0 0 0 0 0 0 0 0 0 0 0 0 0 0 0 0 0 0 0 0
0 0 0 2973 2973 2968 2978 2991 3006 3020 3035 3046 3062 3074 3085 3096 3109 3129 3137 3152 3166 3173 3188 3205 3214 3225 3238 3249 3259 3269 3278 3285 3293 3301 3306 3307 3309 3312 3317 3325 3325 3331 3346 3331 3330 3340 3328 3324 3324 3323 3322 3312 3296 3288 3281 3268 3260 3248 3246 0 0 0 0 3280 3289 3295 0 0 0 0 0 0 0 0 0 0 0 0 0 0 0 0 0 0 0 0 0 0 0 0 0 0 0 0 0 0
0 0 0 2955 2955 2955 2965 2978 2992 3008 3024 3037 3051 3064 3077 3089 3103 3115 3123 3141 3153 3164 3178 3192 3199 3214 3222 3234 3243 3254 3264 3272 3279 3284 3290 3292 3295 3300 3310 3310 3317 3331 3328 3328 3328 3319 3318 3313 3308 3304 3299 3292 3280 3271 3260 3250 3241 3234 3233 3229 0 0 3247 3268 3270 3287 0 0 0 0 0 0 0 0 0 0 0 0 0 0 0 0 0 0 0 0 0 0 0 0 0 0 0 0 0 0
2818 2865 2871 2935 2936 2943 2950 2969 2982 2998 3008 3023 3037 3051 3066 3076 3092 3103 3115 3131 3140 3150 3166 3178 3190 3199 3208 3217 3228 3238 3248 3258 3265 3272 3273 3284 3290 3296 3300 3308 3317 3316 3316 3312 3312 3312 3306 3303 3299 3290 3281 3273 3265 3254 3244 3235 3230 3225 3215 0 0 3226 3252 3270 3270 3270 0 0 0 0 0 0 0 0 0 0 0 0 0 0 0 0 0 0 0 0 0 0 0 0 0 0 0 0 0 0
2847 2871 2907 2916 2919 2930 2943 2956 2971 2986 3001 3016 3027 3039 3050 3066 3079 3090 3106 3119 3125 3140 3153 3164 3180 3198 3193 3203 3212 3222 3232 3242 3250 3256 3265 3271 3276 3293 3293 3305 3305 3305 3298 3298 3294 3292 3292 3287 3284 3282 3272 3260 3250 3241 3235 3223 3219 3211 3202 3205 3207 3242 3254 3261 0 0 0 0 0 0 0 0 0 0 0 0 0 0 0 0 0 0 0 0 0 0 0 0 0 0 0 0 0 0 0 0
2834 2871 2888 2898 2907 2917 2929 2939 2958 2982 2996 3008 3018 3028 3040 3056 3065 3080 3095 3107 3114 3130 3139 3153 3176 3180 3178 3189 3198 3208 3217 3227 3235 3243 3251 3261 3270 3285 3278 3280 3283 3283 3283 3280 3277 3275 3272 3272 3267 3267 3259 3248 3235 3241 3224 3213 3206 3199 3191 3207 3226 3251 3252 0 0 0 0 0 0 0 0 0 0 0 0 0 0 0 0 0 0 0 0 0 0 0 0 0 0 0 0 0 0 0 0 0
2834 2854 2869 2883 2894 2907 2918 2931 2949 2963 2978 2989 3002 3011 3029 3041 3056 3069 3086 3094 3108 3119 3127 3146 3160 3167 3168 3189 3182 3193 3203 3213 3223 3232 3243 3252 3267 3267 3270 3266 3266 3266 3263 3262 3259 3257 3255 3252 3267 3250 3245 3234 3235 3227 3219 3208 3199 3187 3178 3207 3226 3242 0 0 0 0 0 0 0 0 0 0 0 0 0 0 0 0 0 0 0 0 0 0 0 0 0 0 0 0 0 0 0 0 0 0
2823 2835 2850 2867 2880 2894 2902 2914 2937 2953 2966 2977 2985 3002 3015 3026 3046 3059 3071 3084 3099 3112 3127 3136 3148 3160 3164 3171 3169 3179 3191 3200 3210 3220 3236 3248 3248 3258 3258 3258 3258 3252 3262 3257 3241 3237 3236 3252 3249 3249 3230 3217 3219 3207 3207 3208 3193 3183 3179 3206 3223 0 0 0 0 0 0 0 0 0 0 0 0 0 0 0 0 0 0 0 0 0 0 0 0 0 0 0 0 0 0 0 0 0 0 0
2806 2818 2832 2849 2867 2881 2883 2904 2925 2940 2951 2961 2974 2990 3001 3018 3033 3048 3058 3072 3089 3101 3111 3136 3146 3145 3146 3147 3155 3167 3179 3189 3201 3210 3222 3229 3229 3230 3238 3244 3244 3244 3243 3243 3243 3237 3236 3249 3236 3226 3219 3207 3203 3203 3194 3198 3192 3183 3179 3198 3223 0 0 0 0 0 0 0 0 0 0 0 0 0 0 0 0 0 0 0 0 0 0 0 0 0 0 0 0 0 0 0 0 0 0 0
2790 2804 2816 2833 2853 2861 2874 2895 2912 2927 2938 2948 2963 2975 2990 3005 3022 3035 3047 3061 3073 3093 3111 3126 3126 3136 3145 3133 3141 3152 3163 3178 3187 3191 3206 3206 3214 3215 3217 3224 3232 3232 3232 3225 3224 3224 3226 3226 3236 3226 3211 3211 3202 3203 3189 3192 3184 3178 3175 3198 0 0 0 0 0 0 0 0 0 0 0 0 0 0 0 0 0 0 0 0 0 0 0 0 0 0 0 0 0 0 0 0 0 0 0 0
2772 2786 2807 2825 2838 2859 2869 2882 2901 2912 2925 2948 2955 2971 2986 2993 3009 3018 3038 3051 3065 3086 3099 3113 3120 3127 3127 3127 3129 3145 3158 3166 3167 3178 3184 3188 3192 3199 3202 3207 3209 3209 3210 3210 3219 3212 3212 3213 3213 3218 3211 3196 3194 3189 3186 3181 3178 3175 3175 3196 0 0 0 0 0 0 0 0 0 0 0 0 0 0 0 0 0 0 0 0 0 0 0 0 0 0 0 0 0 0 0 0 0 0 0 0
2758 2777 2797 2814 2834 2837 2851 2875 2891 2906 2925 2932 2951 2967 2977 2977 2990 3008 3024 3038 3056 3074 3089 3089 3107 3107 3107 3104 3115 3131 3143 3148 3156 3159 3164 3166 3172 3181 3186 3190 3190 3195 3204 3205 3205 3205 3196 3196 3203 3203 3203 3191 3180 3174 3172 3179 3178 0 3175 0 0 0 0 0 0 0 0 0 0 0 0 0 0 0 0 0 0 0 0 0 0 0 0 0 0 0 0 0 0 0 0 0 0 0 0 0
2747 2767 2789 2805 2820 2837 2842 0 2880 2900 2912 2928 2944 2954 2967 2962 2976 2997 3012 3032 3051 3064 3073 3087 3082 3088 3088 3088 3100 3117 3125 3148 3132 3137 3141 3146 3153 3162 3170 3174 3177 3187 3190 3187 3182 3182 3182 3182 3182 3180 3180 3179 3167 3160 3163 0 0 3163 0 0 0 0 0 0 0 0 0 0 0 0 0 0 0 0 0 0 0 0 0 0 0 0 0 0 0 0 0 0 0 0 0 0 0 0 0 0
2746 2769 2801 2803 2815 2815 0 0 2868 2886 2895 2918 2932 2944 2944 2950 2967 2986 3009 3031 3040 3054 3069 3077 3069 3065 3066 3072 3087 3104 3123 3123 3123 3113 3118 3124 3133 3142 3152 3161 3166 3174 3174 3174 3164 3164 3162 3163 3163 3163 3180 3163 3165 3160 3158 0 0 0 0 0 0 0 0 0 0 0 0 0 0 0 0 0 0 0 0 0 0 0 0 0 0 0 0 0 0 0 0 0 0 0 0 0 0 0 0 0
2748 2769 2789 2795 2803 0 0 2798 2857 2872 2886 2904 2913 2921 2928 2937 2956 2977 2999 3015 3029 3045 3058 3058 3058 3045 3049 3065 3080 3102 3123 3102 3101 3101 3097 3105 3114 3125 3136 3144 3150 3151 3164 3152 3147 3147 3145 3145 3145 3149 3149 3149 3151 3148 3156 0 0 0 0 0 0 0 0 0 0 0 0 0 0 0 0 0 0 0 0 0 0 0 0 0 0 0 0 0 0 0 0 0 0 0 0 0 0 0 0 0
2748 2766 2777 2782 2782 0 2776 2829 2845 2861 2873 2885 2896 2900 2909 2927 2951 2971 2995 3009 3021 3037 3044 3037 3029 3029 3041 3052 3074 3094 3102 3094 3087 3079 3078 3088 3101 3110 3121 3131 3136 3142 3142 3142 3142 3129 3128 3127 3128 3129 3132 3136 3137 3148 0 3140 3140 0 0 0 0 0 0 0 0 0 0 0 0 0 0 0 0 0 0 0 0 0 0 0 0 0 0 0 0 0 0 0 0 0 0 0 0 0 0 0
2742 2758 2769 2782 2756 0 0 2815 2829 2844 2856 2866 2874 2888 2900 2921 2942 2964 2981 2995 3016 3016 3021 3021 3013 3013 3024 3044 3066 3081 3081 3094 3075 3066 3062 3073 3085 3096 3107 3118 3118 3119 3119 3119 3118 3117 3112 3112 3114 3118 3122 3128 3134 0 3134 0 0 0 0 0 0 0 0 0 0 0 0 0 0 0 0 0 0 0 0 0 0 0 0 0 0 0 0 0 0 0 0 0 0 0 0 0 0 0 0 0
2734 2748 2754 2758 2754 0 0 2805 2817 2832 2842 2853 2862 2874 2893 2909 2931 2952 2973 2988 3002 2992 2996 2996 2996 3004 3016 3038 3056 3063 3081 3073 3073 3056 3045 3058 3069 3079 3089 3097 3100 3100 3103 3103 3104 3104 3104 3096 3111 3108 3115 3122 3120 3120 3129 0 0 0 0 0 0 0 0 0 0 0 0 0 0 0 0 0 0 0 0 0 0 0 0 0 0 0 0 0 0 0 0 0 0 0 0 0 0 0 0 0
2727 2734 2744 2754 2744 0 0 2794 2809 2819 2828 2838 2850 2867 2886 2907 2927 2945 2961 2981 2992 2981 2973 2975 2979 2997 3018 3027 3046 3063 3073 3062 3053 3050 3035 3043 3054 3063 3073 3087 3081 3085 3085 3088 3088 3088 3088 3087 3091 3097 3109 3115 3109 0 0 0 0 0 0 0 0 0 0 0 0 0 0 0 0 0 0 0 0 0 0 0 0 0 0 0 0 0 0 0 0 0 0 0 0 0 0 0 0 0 0 0
2721 2727 2727 2744 2736 0 0 2783 2797 2806 2816 2831 2847 2862 2879 2900 2917 2935 2954 2971 2971 2971 2955 2959 2971 2997 3010 3023 3044 3048 3062 3048 3042 3033 3030 3029 3040 3051 3065 3068 3078 3068 3068 3068 3068 3083 3071 3076 3083 3089 3109 3099 0 0 0 0 0 0 0 0 0 0 0 0 0 0 0 0 0 0 0 0 0 0 0 0 0 0 0 0 0 0 0 0 0 0 0 0 0 0 0 0 0 0 0 0
2710 2716 2723 2725 2733 0 0 2772 2784 2793 2807 2822 2838 2852 2867 2878 2906 2926 2943 2955 2969 2955 2946 2946 2968 2988 3002 3018 3030 3041 3048 3041 3030 3024 3016 3015 3031 3041 3053 3065 3060 3060 3049 3050 3061 3067 3068 3066 3077 3089 3099 3089 0 0 0 0 0 0 0 0 0 0 0 0 0 0 0 0 0 0 0 0 0 0 0 0 0 0 0 0 0 0 0 0 0 0 0 0 0 0 0 0 0 0 0 0
2706 2699 0 2715 2721 0 0 2762 2772 2785 2796 2811 2829 2846 2861 2878 2898 2914 2930 2944 2944 2955 2946 2945 2963 2980 2991 3010 3023 3041 3032 3032 3024 3011 3004 3018 3020 3034 3053 3060 3047 3040 3040 3036 3044 3050 3061 3062 3072 3082 3089 0 0 0 0 0 0 0 0 0 0 0 0 0 0 0 0 0 0 0 0 0 0 0 0 0 0 0 0 0 0 0 0 0 0 0 0 0 0 0 0 0 0 0 0 0
2681 0 0 2706 2713 0 2697 2750 2761 2774 2784 2802 2820 2836 2855 2875 2883 2900 2915 2925 2927 2944 2935 2936 2962 2975 2984 3002 3020 3032 3020 3011 3020 3003 3003 3008 3033 3033 3033 3034 3034 3021 3019 3023 3032 3040 3049 3056 3062 3073 3082 0 0 0 0 0 0 0 0 0 0 0 0 0 0 0 0 0 0 0 0 0 0 0 0 0 0 0 0 0 0 0 0 0 0 0 0 0 0 0 0 0 0 0 0 0
2666 0 2642 2688 2688 2688 2727 2738 2751 2760 2774 2791 2807 2818 2839 2850 2871 2889 2899 2907 2918 2918 2918 2932 2949 2961 2977 2993 3011 3020 3011 3002 3008 3000 2993 3008 3009 3009 3013 3013 3013 3011 3003 3016 3021 3032 3037 3044 3058 3071 3067 0 0 0 0 0 0 0 0 0 0 0 0 0 0 0 0 0 0 0 0 0 0 0 0 0 0 0 0 0 0 0 0 0 0 0 0 0 0 0 0 0 0 0 0 0
2655 2644 2667 2684 2667 2697 2714 2727 2740 2748 2764 2779 2796 2811 2823 2844 2861 2874 2888 2895 2904 2907 2914 2923 2938 2958 2971 2985 2999 2999 2999 2993 2993 2993 2993 3008 2992 2992 2992 2991 2991 2989 2996 3004 3013 3024 3035 3037 3055 3058 0 0 0 0 0 0 0 0 0 0 0 0 0 0 0 0 0 0 0 0 0 0 0 0 0 0 0 0 0 0 0 0 0 0 0 0 0 0 0 0 0 0 0 0 0 0
2643 2632 2654 2654 2667 2681 2699 2715 2724 2734 2748 2762 2780 2792 2813 2831 2848 2860 2873 2886 2891 2901 2907 2918 2932 2950 2963 2972 2980 2980 2980 2980 2977 2978 2984 2984 2984 2980 2979 2971 2975 2982 2990 2996 3007 3016 3023 3035 3055 0 0 0 0 0 0 0 0 0 0 0 0 0 0 0 0 0 0 0 0 0 0 0 0 0 0 0 0 0 0 0 0 0 0 0 0 0 0 0 0 0 0 0 0 0 0 0
2631 2623 2632 2645 2655 2672 2694 2707 2709 2726 2737 2750 2761 2775 2795 2817 2834 2846 2860 2870 2878 2879 2897 2908 2929 2944 2956 2967 2972 2967 2965 2965 2962 2959 2969 2972 2972 2972 2966 2958 2962 2973 2985 2996 3001 3011 3031 3035 0 0 0 0 0 0 0 0 0 0 0 0 0 0 0 0 0 0 0 0 0 0 0 0 0 0 0 0 0 0 0 0 0 0 0 0 0 0 0 0 0 0 0 0 0 0 0 0
2631 2615 2625 2638 2649 2667 2681 2695 2698 2711 2724 2734 2740 2762 2784 2804 2819 2832 2843 2853 2858 2872 2889 2900 2922 2936 2948 2957 2957 2957 2949 2944 2943 2946 2950 2959 2959 2959 2950 2945 2952 2968 2978 2984 2994 3011 3019 0 0 0 0 0 0 0 0 0 0 0 0 0 0 0 0 0 0 0 0 0 0 0 0 0 0 0 0 0 0 0 0 0 0 0 0 0 0 0 0 0 0 0 0 0 0 0 0 0
2602 2604 2614 2633 2649 2658 2668 2676 2688 2694 2708 2716 2736 2748 2770 2789 2805 2819 2832 2841 2852 2862 2879 2896 2904 2918 2932 2939 2957 0 2949 2944 2925 2946 2935 2959 2942 2935 2933 2929 2944 2958 2965 2972 2980 2997 0 0 0 0 0 0 0 0 0 0 0 0 0 0 0 0 0 0 0 0 0 0 0 0 0 0 0 0 0 0 0 0 0 0 0 0 0 0 0 0 0 0 0 0 0 0 0 0 0 0
