output/arrival_times.asc
NCOLS 255
NROWS 330
XLLCORNER -2985163.8955
YLLCORNER -3022031.214
CELLSIZE 25000
NODATA_value 0
[rows 62 to 123 of 330, columns 96 to 191 of 255]
0 0 0 0 0 0 0 0 0 0 0 0 0 0 0 0 0 0 0 0 0 0 0 0 0 0 0 0 0 0 0 0 0 0 0 0 0 0 0 2881 0 2930 2930 2952 2954 2983 2982 2970 2973 2973 2986 2989 0 2981 2970 2987 3007 2984 0 0 2998 3015 3027 3040 3044 3046 3040 3014 0 0 0 0 0 0 0 0 0 0 0 0 0 0 0 0 0 0 0 0 0 0 0 0 0 0 0 0
0 0 0 0 0 0 0 0 0 0 0 0 0 0 0 0 0 0 0 0 0 0 0 0 0 0 0 0 0 0 0 0 0 0 0 0 0 0 0 2869 0 2913 2930 2954 2973 2963 2997 2976 2989 2989 2999 3010 2993 2990 2990 2984 3010 2987 2998 2998 3015 3029 3046 3060 3066 3033 0 0 0 0 0 0 0 0 0 0 0 0 0 0 0 0 0 0 0 0 0 0 0 0 0 0 0 0 0 0
0 0 0 0 0 0 0 0 0 0 0 0 0 0 0 0 0 0 0 0 0 0 0 0 0 0 0 0 0 0 0 0 0 0 0 0 0 0 0 0 0 2913 0 2959 2981 2970 2983 2991 3002 2999 2993 3016 3009 3009 3009 3010 3010 3009 3022 0 3030 3063 3066 3073 3046 0 0 0 0 0 0 0 0 0 0 0 0 0 0 0 0 0 0 0 0 0 0 0 0 0 0 0 0 0 0 0
0 0 0 0 0 0 0 0 0 0 0 0 0 0 0 0 0 0 0 0 0 0 0 0 0 0 0 0 0 0 0 0 0 0 0 0 0 0 0 0 0 0 0 2961 2983 2983 3001 2999 3025 3014 3011 3014 3032 3030 3033 3033 3032 3040 3040 3040 3057 3073 3083 3066 0 0 0 0 0 0 0 0 0 0 0 0 0 0 0 0 0 0 0 0 0 0 0 0 0 0 0 0 0 0 0 0
0 0 0 0 0 0 0 0 0 0 0 0 0 0 0 0 0 0 0 0 0 0 0 0 0 0 0 0 0 0 0 0 0 0 0 0 0 0 0 0 0 0 0 0 2973 2989 3004 3014 3035 3023 3016 3033 3030 3054 3064 3064 3057 3062 3058 3067 3083 3097 3089 0 0 0 0 0 0 0 0 3102 3110 3110 0 0 0 0 0 0 0 0 0 0 0 0 0 0 0 0 0 0 0 0 0 0
0 0 0 0 0 0 0 0 0 0 0 0 0 0 0 0 0 0 0 0 0 0 0 0 0 0 0 0 0 0 0 0 0 0 0 0 0 0 0 0 0 0 0 0 2981 3004 3023 3025 3025 3043 3033 3033 3054 3071 3101 3084 3073 3083 3092 3093 3116 0 0 0 0 0 0 0 0 0 3103 3122 3123 3127 3127 0 0 0 0 0 0 0 0 0 0 0 0 0 0 0 0 0 0 0 0 0
0 0 0 0 0 0 0 0 0 0 0 0 0 0 0 0 0 0 0 0 0 0 0 0 0 0 0 0 0 0 0 0 0 0 0 0 0 0 0 0 0 0 0 2974 2988 3004 3024 3024 3043 3035 3054 3064 3054 3064 0 0 3101 3112 3118 3118 3113 3099 0 0 0 0 0 0 3110 3121 3122 3137 3146 3146 3146 0 0 0 3117 3126 3123 0 0 0 0 0 0 0 0 0 0 0 0 0 0 0
0 0 0 0 0 0 0 0 0 0 0 0 0 0 0 0 0 0 0 0 0 0 0 0 0 0 0 0 0 0 2851 0 0 0 0 0 0 0 0 0 2950 2979 0 0 2994 3010 3024 3039 3034 3049 3045 3035 3035 0 3071 3100 3129 3130 3137 3126 3118 3131 0 0 0 0 3118 3123 3126 3132 3132 3140 3166 3170 3170 0 0 3107 3116 3129 3136 3132 0 0 0 0 0 0 0 0 0 0 0 0 0 0
0 0 0 0 0 0 0 0 0 0 0 0 0 0 0 0 0 0 0 0 0 0 0 0 0 0 0 0 0 0 2875 2886 0 0 0 0 0 0 0 0 0 3001 3024 3024 3017 3027 3030 3037 3045 3063 3050 3052 0 0 3100 3129 3150 3154 3141 0 0 3144 0 0 0 3147 3135 3142 3147 3147 3166 3144 3170 3195 0 0 0 3122 3119 3127 3136 3136 3151 3163 3144 0 0 0 0 0 0 0 0 0 0 0
0 0 0 0 0 0 0 0 0 0 0 0 0 0 0 0 0 0 0 0 0 0 0 0 0 0 0 0 0 0 0 2876 0 0 0 0 0 2945 2974 2985 3007 3024 3044 3036 3039 3044 3050 3055 3063 3063 3069 3071 3083 3083 3110 3129 3141 3169 3150 3154 3162 3162 0 3173 3167 3146 3168 3147 3170 0 0 0 0 0 3176 3165 3146 3132 3143 3132 3168 3166 3157 3169 3154 3154 3145 0 0 0 0 0 0 0 0 0
0 0 0 0 0 0 0 0 0 0 0 0 0 0 0 0 0 0 0 0 0 0 0 0 0 0 0 2879 2860 2879 2900 0 2900 0 0 0 0 0 2990 3000 3032 3036 3034 3054 3048 3056 3060 3074 3074 3073 3091 3091 3105 3089 3110 3124 3146 3163 3169 3169 3179 0 0 0 0 0 0 0 0 0 0 0 0 0 3190 3165 3165 3132 3143 3136 3163 3136 3144 3146 3182 3163 3170 3151 3151 0 0 0 0 0 0 0
0 0 0 0 0 0 0 0 0 0 0 0 0 0 0 0 0 0 0 0 0 0 0 0 0 0 0 0 0 0 0 2897 2917 2936 2978 2955 2961 2978 3007 3014 3020 0 3036 3039 3056 3073 3074 3095 3106 3091 3120 3094 3083 3087 3108 3129 3146 3146 3154 3186 3169 0 0 0 0 3175 3169 0 0 0 0 3218 3219 3195 3177 3165 3150 3153 3165 3170 3170 3166 3157 3169 3198 3178 3153 3170 3166 3167 3180 0 0 0 0 0
0 0 0 0 0 0 0 0 0 0 0 0 0 0 0 0 0 0 0 0 0 0 0 0 0 0 0 0 0 0 0 0 2936 2961 2950 2973 2980 2992 2999 2990 0 0 3014 3032 3056 3060 3074 3074 3097 3095 3106 3106 3100 3105 3108 3129 3129 3148 3169 3180 3179 3184 3187 3187 3184 3191 3191 3188 3231 3212 0 3225 3210 3195 3177 3167 0 3183 3190 3194 3194 3189 3177 3204 3203 3170 3158 3178 3174 3190 3202 3180 3172 0 0 0
0 0 0 0 0 0 0 0 0 0 0 0 0 0 0 0 0 0 0 0 0 0 0 0 0 0 0 2835 0 0 2887 2928 2955 2936 2955 2961 2978 2978 0 0 0 0 3012 3031 0 3067 3054 3079 3079 3121 3135 3120 3121 3129 3129 3131 3135 3148 3163 3179 3189 3201 3201 3201 3201 3213 3194 3205 3213 3222 3240 3220 3210 3194 3184 3193 3200 3207 3213 3216 3216 3208 3204 3208 3201 3178 3158 3159 3170 3197 3188 3192 3192 0 0 0
0 0 0 0 0 0 0 0 0 0 0 0 0 0 0 0 0 0 0 0 0 0 0 2788 2815 2821 2846 2856 2861 2875 2912 2930 2930 2930 2958 2950 2958 2958 2958 0 0 0 3016 3016 0 3061 3061 3087 3095 3106 3120 3140 3137 3150 3140 3165 3165 3150 3172 3188 3207 3222 3236 3232 3222 3222 3211 3226 3231 3248 3231 3225 3220 3212 3207 3214 3226 3231 3235 3237 3237 3225 3226 3226 3212 0 3177 3164 3177 3201 3202 3202 3209 0 0 0
0 0 0 0 0 0 0 0 0 0 0 0 0 0 0 0 0 0 0 0 0 0 2791 2805 2821 2832 2856 2882 2882 2889 2902 2920 2913 2920 2936 2932 2932 2932 2949 2991 0 0 2998 0 0 3041 3061 3065 3082 3091 3120 3121 3160 3148 3165 3184 3167 3166 3187 3188 3195 3200 3201 3226 3246 3236 3232 3259 3234 3244 3240 3240 3237 3222 3230 3234 3245 3248 3258 3258 3239 3247 3247 3246 3233 3211 3192 3193 3197 3214 3215 3217 3230 0 3211 0
0 0 0 0 0 0 0 0 0 0 0 0 0 0 0 0 0 0 0 0 0 0 2802 2816 2832 2861 2873 2885 2875 2889 2900 2900 2904 2912 2912 2912 2908 2906 2949 0 0 0 0 0 3034 3035 3043 3069 3097 3091 3110 3137 3137 3140 3165 3174 3166 3187 3197 3192 3201 3211 3211 3236 3262 3260 3251 3253 3235 3251 3256 3256 3244 3237 3244 3250 3255 3266 3281 3260 3269 3273 3273 3265 3244 3230 3219 3217 3218 3223 3234 3237 3237 0 3223 3236
0 0 0 0 0 0 0 0 0 0 0 0 0 0 0 0 0 0 0 0 0 0 2805 2830 2858 2856 2858 2858 2862 2876 2878 2888 2889 2896 2896 0 0 0 0 0 0 0 0 0 3036 0 3041 3069 3069 3089 3110 3120 3126 3150 3160 3166 3184 3200 3220 3210 3222 3228 3220 3236 3236 3251 3266 3259 3245 3256 3280 3256 3244 3248 3254 3256 3267 3286 3275 3279 3291 3293 3293 3269 3259 3245 3240 3241 3241 3244 3252 3252 3247 3243 3236 3241
0 0 0 0 0 0 0 0 0 0 0 0 0 0 0 0 0 0 0 0 0 0 2803 2830 2834 2834 2846 2840 2846 0 2862 2867 0 2882 2882 0 0 0 0 0 0 0 0 3015 3020 0 3036 3047 3063 3084 3097 3110 3125 3160 3176 3178 3184 3191 3191 3207 3220 3249 3220 3228 3249 3262 3272 3262 3263 3256 3256 3256 3254 3256 3256 3269 3281 3281 3288 3296 3312 3306 3296 3283 3270 3263 3262 3259 3258 3257 3262 3257 3253 3249 3240 3225
0 0 0 0 0 0 0 0 0 0 0 0 0 0 0 0 0 0 0 0 0 0 0 0 2815 2827 2846 0 0 0 0 0 0 0 2862 0 0 0 0 0 0 0 0 0 0 0 0 3030 0 3070 3088 3110 3125 3160 3166 3179 3192 3190 3195 3212 3220 3232 3239 3249 3262 3274 3276 3275 3267 3280 3280 3271 3267 3269 3265 3279 3292 3289 3302 3310 3315 3310 3296 3290 3282 3282 3282 3278 3272 3268 3263 3257 3249 3244 3244 3225
0 0 0 0 0 0 0 0 0 0 0 0 0 0 0 0 0 0 0 0 0 0 0 2800 2827 2834 2824 0 0 0 0 0 2815 0 2829 0 0 0 0 0 0 0 0 0 0 0 0 0 0 3061 3086 3101 3125 3147 3157 3179 3180 3188 3201 3220 3222 3248 3251 3253 3262 3282 3296 3278 3280 3309 3287 3286 3269 3283 3271 3283 3289 3308 3306 3312 3323 3310 3306 3299 3299 3298 3290 3292 3285 3278 3267 3262 3257 3255 3244 3222
0 0 0 0 0 0 0 0 0 0 0 0 0 0 0 0 0 0 0 0 0 0 0 0 2819 2819 2819 0 0 0 0 2840 0 0 0 0 0 0 2691 0 0 0 0 0 0 0 0 0 0 3073 3086 3101 3114 3133 3157 3166 3174 3189 3207 3235 3222 3240 3251 3253 3268 3278 3305 3304 3287 3304 3304 3304 3282 3271 3304 3316 3303 3323 3314 3329 3314 3318 3315 3316 3312 3299 3285 3278 3276 3275 3277 3263 3260 3252 3244 3222
0 0 0 0 0 0 0 0 0 0 0 0 0 0 0 0 0 0 0 0 0 0 0 0 0 2795 2820 0 0 0 2730 0 2815 0 2722 2722 0 2722 0 0 0 0 0 0 0 0 0 0 0 0 0 3091 3104 3128 3147 3157 3171 3189 3207 3207 3222 3235 3243 3257 3282 3292 3296 3303 3303 3305 3343 3309 3288 3282 3283 3302 3318 3335 3336 3332 3330 3332 3323 3315 3299 3292 3285 3276 3286 3273 3279 3273 3260 3252 3239 3222
0 0 0 0 0 0 0 0 0 0 0 0 0 0 0 0 0 0 0 0 0 0 0 0 0 0 0 0 0 2728 2760 2760 2777 0 2749 2722 0 0 0 0 0 0 0 0 0 0 0 0 0 0 0 3078 3092 3116 3135 3153 3171 3183 3191 3206 3235 3265 3257 3282 3306 3311 3325 3328 3314 3309 3329 3309 3306 3306 3316 3318 3323 3343 3323 3333 3336 3338 3329 3316 3305 3299 3285 3276 3279 3279 3284 3267 3260 3251 3239 3221
0 0 0 0 0 0 0 0 0 0 0 0 0 0 0 0 0 0 0 0 0 0 0 0 0 0 0 0 0 2777 2777 2777 2815 2777 0 0 2691 0 0 0 0 0 0 0 0 0 0 0 0 0 0 0 0 0 3125 3141 3158 3172 3191 3208 3235 3243 3257 3282 3286 3305 3334 3349 3314 3310 3311 3343 3343 3335 3339 3343 3343 3336 3336 3332 3342 3332 3333 3318 3316 3299 3286 3286 3291 3289 3281 3267 3257 3243 3230 3221
0 0 0 0 0 0 0 0 0 0 0 0 0 0 0 0 0 0 0 0 0 0 0 0 0 0 0 0 0 2760 2760 0 2777 2777 0 0 0 0 0 0 0 0 0 0 0 0 0 0 0 0 0 0 0 0 3112 3144 3142 3169 3190 3208 3222 3243 3257 3271 3292 3306 3334 3341 3328 3328 3343 3357 3343 3355 3362 3362 3355 3356 3356 3342 3346 3338 3332 3318 3306 3300 3300 3301 3300 3284 3277 3270 3257 3243 3229 3221
0 0 0 0 0 0 0 0 0 0 0 0 0 0 0 0 0 0 0 0 0 0 0 0 0 0 0 0 0 0 0 0 2737 0 0 0 0 0 0 0 0 0 0 0 0 0 0 0 0 0 0 0 0 0 0 0 3142 3166 0 3203 3222 3236 3254 3276 3302 3325 3325 3348 3349 3349 3343 3354 3364 3367 3384 3364 3364 3378 3364 3346 3359 3338 3333 3323 3310 3323 3301 3308 3289 3284 3279 3270 3257 3243 3229 3218
0 0 0 0 0 0 0 0 0 0 0 0 0 0 0 0 0 0 0 0 0 0 0 0 0 0 0 0 0 0 0 0 0 0 0 0 0 0 0 0 0 0 0 0 0 0 0 0 0 0 0 0 0 0 0 0 3121 0 0 0 0 3244 3276 3288 3318 3313 3334 3357 3370 3349 3357 3366 3384 3384 3362 3384 3378 3367 3364 3359 3355 3343 3337 3328 3315 3328 3308 3299 3289 3282 3274 3270 3262 3242 3229 3218
0 0 0 0 0 0 0 0 0 0 0 0 0 0 0 0 0 0 0 0 0 0 0 0 0 0 0 0 0 0 0 0 0 0 0 0 0 0 0 0 0 0 0 0 0 0 0 0 0 0 0 0 0 0 0 0 3096 0 0 0 0 0 0 3288 3314 3318 3334 3350 3369 3357 3382 3387 3399 3384 3378 3398 3383 3372 3382 3359 3344 3353 3342 3334 3323 3329 3323 3298 3289 3282 3272 3260 3251 3240 3226 3219
0 0 0 0 0 0 0 0 0 0 0 0 0 0 0 0 0 0 0 0 0 0 0 0 0 0 0 0 0 0 0 0 0 0 0 0 0 0 0 0 0 0 0 0 0 0 0 0 0 0 0 0 0 0 0 0 0 0 0 0 0 0 0 3314 3338 3342 3357 3374 3377 3382 3406 3384 3384 3398 3398 3384 3389 3382 3364 3359 3343 3354 3343 3338 3324 3324 3314 3299 3289 3279 3266 3258 3253 3237 3227 3220
0 0 0 0 0 0 0 0 0 0 0 0 3849 0 0 0 0 0 0 0 0 0 0 0 0 0 0 0 0 0 0 0 0 0 0 0 0 0 0 0 0 0 0 0 0 0 0 0 0 0 0 0 0 0 0 0 0 0 0 0 0 0 0 3323 3342 3361 3376 3402 3390 3390 3390 3397 3398 3412 3399 3407 3395 3382 3366 3357 3350 3357 3353 3346 3330 3322 3316 3299 3289 3276 3272 3250 3264 3240 3235 3219
0 0 0 0 0 0 0 0 0 0 0 3860 3867 0 0 0 0 0 0 0 0 0 0 0 0 0 0 0 0 0 0 0 0 0 0 0 0 0 0 0 0 0 0 0 0 0 0 0 0 0 0 0 0 0 0 0 0 0 0 0 0 0 0 3327 3348 3363 3393 3393 3410 3406 3406 3412 3412 3414 3407 3404 3391 3384 3372 3360 3354 3372 3358 3348 3333 3324 3314 3299 3287 3286 3272 3264 3260 3240 3228 3218
0 0 0 0 0 0 0 0 0 0 3870 3888 0 0 0 0 0 0 0 0 0 0 0 0 0 0 0 0 0 0 0 0 0 0 0 0 0 0 0 0 0 0 0 0 0 0 0 0 0 0 0 0 0 0 0 0 0 0 0 0 0 0 0 0 0 3392 3402 3406 3410 3417 3417 3431 3412 3420 3410 3402 3393 3384 3372 3372 3372 3365 3357 3348 3333 3331 3316 3302 3287 3274 3285 3273 3253 3240 3228 3227
0 0 0 0 0 0 0 3839 3856 3856 3905 3873 0 0 0 0 0 0 0 0 0 0 0 0 0 0 0 0 0 0 0 0 0 0 0 0 0 0 0 0 0 0 0 0 0 0 0 0 0 0 0 0 0 0 0 0 0 0 0 0 0 0 3385 3387 3390 3399 3409 3421 3430 3430 3435 3424 3423 3424 3410 3404 3394 3394 3378 3394 3372 3372 3357 3348 3333 3334 3316 3302 3285 3274 3264 3264 3253 3235 3226 3213
0 0 0 0 0 3853 3853 3861 3872 3873 3897 3888 3873 0 0 0 0 0 0 0 0 0 0 0 0 0 0 0 0 0 0 0 0 0 0 0 0 0 0 0 0 0 0 0 0 0 0 0 0 0 0 0 0 0 0 0 0 0 0 0 0 3360 0 3390 3416 3416 3423 3431 3464 3435 3448 3439 3431 3419 3420 3404 3406 3394 3384 3385 3382 3365 3357 3343 3334 3322 3316 3302 3285 3271 3258 3248 3239 3231 3218 3210
0 0 3857 3859 3865 3880 3880 3862 3878 3888 3916 3905 3880 3864 0 0 0 0 0 0 0 0 0 0 0 0 0 0 0 0 0 0 0 0 0 0 0 0 0 0 0 0 0 0 0 0 0 0 0 0 0 0 0 0 0 0 3365 0 0 0 3346 3393 3409 0 3441 3441 3440 3441 3448 3448 3448 3440 3423 3440 3419 3410 3397 3394 3382 3389 3365 3365 3354 3343 3334 3321 3307 3297 3283 3267 3254 3244 3235 3235 3222 0
0 3877 3879 3885 3888 3904 3889 3888 3903 3905 3928 3905 3883 3870 0 0 0 0 0 0 0 0 0 0 0 0 0 0 0 0 0 0 0 0 0 0 0 0 0 0 0 0 0 0 0 0 0 0 0 0 0 0 0 0 0 0 0 3381 0 0 0 3413 3426 3439 3483 3447 3453 3464 3473 3448 3475 3440 3431 3431 3420 3410 3404 3389 3382 3374 3364 3357 3354 3343 3334 3321 3306 3291 3278 3265 3255 3247 3255 3237 0 0
3889 3900 3904 3909 3913 3913 3910 3914 3945 3927 3916 3905 3885 0 0 0 0 0 0 0 0 0 0 0 0 0 0 0 0 0 0 0 0 0 0 0 0 0 0 0 0 0 0 0 0 0 0 0 0 0 0 0 0 0 0 0 3359 3385 3384 0 3416 3447 3447 3446 3450 3460 3473 3488 3464 3453 3464 3448 3446 3431 3420 3416 3399 3389 3373 3382 3366 3359 3359 3350 3336 3321 3314 3293 3284 3274 3267 3269 3251 3251 0 3239
3911 3922 3925 3934 3934 3932 3933 3938 3948 3946 3928 3917 0 0 0 0 0 0 0 0 0 0 0 0 0 0 0 0 0 0 0 0 0 0 0 0 0 0 0 0 0 0 0 0 0 0 0 0 0 0 0 0 0 0 0 3382 3379 0 3427 0 3447 3467 3474 3483 3483 3490 3499 3473 3481 3475 3475 3449 3455 3431 3437 3416 3399 3385 3372 3386 3374 3367 3359 3350 3336 3333 3314 3296 3291 3286 3281 3267 3271 3262 0 3256
3932 3939 3950 3965 3955 3956 3959 3959 3964 3952 3952 0 0 0 0 0 0 0 0 0 0 0 0 0 0 0 0 0 0 0 0 0 0 0 0 0 0 3888 3928 3902 3900 3913 0 0 0 0 0 0 0 0 0 0 0 0 0 0 3404 3423 3458 3427 3451 3458 3483 3502 3483 3473 3475 3482 3488 3502 3475 3455 3437 3428 3418 3416 3397 3384 3374 3395 3382 3374 3363 3351 3338 3331 3314 3303 3308 3308 3284 3278 3276 0 3255 3266
3953 3973 3953 3974 3986 3986 3981 3981 3978 3975 0 0 0 0 0 0 0 0 0 0 0 0 0 0 0 0 0 0 0 0 0 0 0 0 0 0 0 0 0 3912 3913 0 0 0 0 0 0 0 0 0 0 0 0 0 0 3363 3397 3427 3427 3427 3458 3482 3483 3483 3490 3499 3499 3502 3508 3488 3475 3455 3437 3423 3417 3404 3395 3379 3382 3405 3389 3376 3366 3353 3345 3332 3319 3321 3329 3308 3294 3299 3299 0 3282 3282
3946 3956 3966 3986 4002 4000 4000 3997 3997 3993 0 0 0 0 0 0 0 0 0 0 0 4038 4037 0 0 0 0 0 0 0 0 0 0 0 0 0 0 0 0 3927 3913 3903 0 0 0 0 0 0 0 0 0 0 0 0 0 0 0 3388 3404 3437 3467 3489 3476 3500 3511 3517 3519 3522 3502 3488 3471 3455 3436 3435 3410 3400 3390 3390 3395 3414 3389 3378 3366 3355 3345 3333 3334 3351 3320 3308 3306 3313 3303 0 3299 3282
3975 3975 3978 3996 4017 4017 4018 4013 4010 4018 0 0 0 0 0 0 0 0 0 0 0 0 4054 4056 0 4053 4057 4057 0 0 4030 0 3966 0 0 0 0 3954 3946 0 0 3929 0 3920 0 0 0 0 0 0 0 0 0 0 0 0 0 3382 3401 3437 0 3476 3500 3511 3530 3526 3535 3519 3505 3495 3480 3452 3436 3418 3409 3414 3414 3402 3414 3405 3389 3378 3366 3359 3350 3348 3330 3325 3327 3329 3329 3306 0 3289 3298 3289
3991 3989 3998 4017 4038 4025 4022 4029 4025 4046 4037 0 0 0 0 0 4055 0 0 0 4058 4061 4061 4076 4066 4076 4078 4078 0 0 0 0 4026 0 0 0 3971 3971 3960 3965 3944 3935 0 3927 0 0 0 0 0 0 0 0 0 0 0 0 0 0 0 0 0 0 3500 3512 3527 3538 3530 3519 3517 3500 3480 0 3431 3441 3441 3440 3426 3412 3425 3414 3389 3378 3370 3370 3355 3343 3344 3351 3351 3354 3329 0 3300 3298 3296 3295
3998 3998 4005 4017 4025 4032 4038 4048 4048 4049 4060 4064 4077 0 4086 4083 4085 4085 4084 4081 4083 4089 4089 4087 4087 4107 4107 4083 4074 4071 4071 4049 4028 4030 0 3987 3985 3985 3968 3968 3962 3945 3937 3936 0 0 0 0 0 0 0 0 0 0 0 0 0 0 0 0 0 3502 3508 3517 3535 3546 3550 3533 3519 0 0 0 3441 3467 3441 3449 3446 3425 3446 3414 3389 3391 3388 3376 3356 3348 3379 3379 3354 3346 3344 3315 3322 3322 3309 3322
4012 4014 4019 4034 4038 4044 4061 4067 4067 4080 4080 4092 4112 4114 4114 4113 4115 4115 0 4111 4110 4108 4105 4098 4107 4133 4107 4097 4087 4091 4071 4049 4034 4011 4007 4009 4007 3985 3985 3985 3962 3955 3954 3947 3933 0 0 0 0 0 0 0 0 0 0 0 0 0 3451 0 0 3501 3517 3536 3536 3551 3546 3536 3523 0 0 0 3449 3467 3451 3467 3453 3428 3414 3414 3390 3382 3382 3372 3372 3379 3399 3382 3354 3379 3344 3326 3348 0 3300 3296
4028 4028 4034 4054 4067 4068 4068 4096 4085 4114 4101 4126 4142 4142 4140 4149 4152 4152 4149 4152 4152 4146 4131 4122 4122 4122 4122 4112 4095 4082 4071 4049 4038 4024 0 0 4001 4001 3989 3971 3969 3971 3969 3951 3942 3928 0 0 0 0 0 0 0 0 0 0 0 0 3503 3520 3503 3518 3533 3538 3548 3554 3550 3543 3529 0 0 0 3463 3478 3467 3475 3453 3431 3422 3413 3397 3391 3388 3388 3384 3382 3382 3379 3368 3347 3348 3348 3329 3322 3316 3296
4045 4038 4043 4055 4056 4068 4097 4069 4101 4137 4126 4151 4179 4166 4173 4181 4181 4187 4199 4199 4197 4179 4150 4145 4133 4151 4133 4112 4101 4092 4068 4052 4048 4048 4028 4009 4017 4009 3989 3981 3980 3969 3962 3958 3949 0 3919 0 0 0 0 0 0 0 0 0 0 0 0 0 0 3547 3551 3554 3568 3574 3565 3546 3534 3523 3508 0 3478 3488 0 3467 3453 3441 3441 3415 3415 3399 3410 3403 3401 3401 3399 3399 3377 3357 3377 3357 3334 3316 3312 3299
4038 4055 4055 4080 4071 4077 4085 4095 4106 4122 4151 4173 4181 4196 4205 4240 4217 4244 4261 4261 4239 4193 4176 4176 4162 4176 4126 4112 4103 4092 4075 4057 4068 4049 0 4017 4001 4001 3997 4001 3989 3969 3976 3966 3949 3932 3921 0 0 0 0 0 0 0 0 0 0 3510 3517 3541 0 3581 3581 3574 3581 3565 3567 3548 3540 3537 3519 3503 3488 3513 3490 3475 3466 3455 3440 3433 3424 3415 3424 3411 3411 3412 3410 3399 3382 3366 3366 3354 3338 3338 3328 3310
4055 4069 4068 4080 4085 4091 4112 4122 4133 4144 4166 4187 4210 4246 4246 4246 4265 4320 4320 4320 4240 4199 4240 4193 4161 4133 4126 4107 4101 4092 4066 4052 4048 4048 4031 4017 3997 3983 3983 3981 3976 3981 3959 3958 3949 3942 3925 3915 0 0 0 0 0 0 0 0 3491 3517 3541 3578 3620 3628 3605 3607 3574 3563 3563 3565 3565 3546 3530 3519 3505 3517 3490 3488 3479 3466 3454 3454 3436 3429 3434 3429 3426 3426 3409 3407 3382 3393 3382 3354 3366 3354 3330 3310
4071 4065 4090 4098 4112 4128 4138 4140 4151 4166 4187 4210 4246 4320 4320 4320 4320 4400 4400 4320 4240 4199 4176 4176 4151 4126 4113 4101 0 0 4063 4043 4031 4043 4022 4017 3997 4008 3983 3970 3962 3962 3959 3955 3959 3942 3925 3915 0 0 0 0 0 0 0 0 0 0 3562 3596 3652 3596 3593 3579 3605 3605 3570 3605 3565 3557 3548 3543 3519 3513 3509 3509 3485 3472 3478 3459 3447 3442 3442 3430 3435 3417 0 0 0 0 0 0 3338 3338 3328 3338
4069 4086 4091 4099 4103 4112 4129 4137 4163 4183 4205 4235 4246 4320 4400 4320 4400 4400 4299 4297 4240 4199 4165 4145 4133 4117 4104 4090 4077 4060 4034 4034 4027 4021 4021 4008 0 3983 3994 3970 3962 3949 3949 3943 3943 3942 3925 0 0 0 0 0 0 0 0 0 0 3525 3583 3620 3633 3633 3618 3607 3636 3605 3597 3587 3572 3571 3571 3549 3541 3541 3537 3509 3497 3491 3483 3472 3458 3458 3456 3458 3430 0 0 0 0 0 0 0 3326 3320 3310 3328
4086 4113 4113 4109 4114 4129 4163 4154 4178 4196 4235 4320 4275 4320 4320 4320 4298 4298 4298 4249 4226 4193 4161 4134 4120 4110 4096 4081 4064 0 4032 4015 4016 4007 3998 0 3984 0 3970 3970 3950 3945 3938 3938 3931 3931 3920 0 0 0 0 0 0 0 0 3466 0 0 0 3665 3665 3658 3643 3633 3621 3606 3621 3606 3581 3593 3571 3558 3564 3541 3524 3517 3517 3507 3495 3484 3495 3484 3456 3446 3430 0 0 0 0 0 0 0 3318 3304 3298 3304
4113 4129 4113 4126 4128 4151 4163 4178 4235 4187 4235 4235 4236 4246 4264 4264 4264 4248 4243 4231 4205 4181 4151 4128 4109 4098 4088 4079 4068 4055 4042 4030 4018 4011 0 0 0 3957 3945 3944 3941 3937 3932 3923 3920 0 0 0 0 0 0 0 0 0 0 0 0 0 0 3688 3688 3679 3666 3653 3638 3637 3605 3623 3616 3590 3576 3576 3556 3544 3532 3541 3523 3516 3504 3494 3475 3463 3475 3446 3435 0 0 0 0 0 0 0 3314 3303 3294 3289
4113 4113 4124 4129 4139 4151 4170 4186 4197 4186 4208 4201 4236 4216 4219 4219 4219 4219 4213 4202 4188 4164 4145 4121 4107 4104 4088 4082 4071 4062 4051 4041 4029 4016 0 3992 3981 3968 3950 3939 3942 3927 3926 0 0 0 0 0 0 0 0 0 0 0 0 0 3703 3708 3708 3710 3710 3688 3684 3668 3652 3641 3617 3616 3617 3593 3599 3576 3558 3553 3551 3537 3537 3524 3513 3496 3502 3463 3446 3456 3444 0 0 0 0 0 3368 3340 3325 3322 3312 3299
4101 4118 4129 4144 4165 4152 4165 4169 4169 4186 4201 4197 4207 4246 4228 4248 4199 4191 4185 4190 4161 4181 4142 4128 4127 4105 4096 4085 4081 4075 4062 4053 4041 4029 4018 4009 3994 3976 3962 3955 3942 3924 0 0 0 0 0 0 0 0 0 0 0 0 0 3717 3728 3730 3730 3725 3718 3705 3697 3680 3664 3644 3626 3616 3626 3599 3587 3576 3572 3554 3552 3554 3552 3524 3515 3497 3484 3465 3458 3463 3437 3428 3429 3413 3397 3402 3368 3351 3341 3341 3322 3311
4108 4129 4144 4152 4160 4156 4169 4178 4186 4177 4197 4178 4207 4207 4207 4199 4199 4174 4162 4150 4145 4142 4142 4115 4142 4115 4096 4104 4096 4077 4068 4061 4050 4042 4029 4020 4003 3985 3976 3962 3950 3933 0 0 0 0 0 0 0 0 0 0 0 3752 3744 3738 3741 3741 3742 3742 3732 3718 3701 3689 3672 3653 3635 3648 3635 3616 3589 3574 3566 3563 3555 3544 3537 3528 3522 3508 3490 3469 3483 3460 3437 3430 3421 3413 3397 3376 3394 3351 3368 3343 3330 3322
4108 4129 4135 4144 4145 4161 4160 4161 4164 4168 4168 4176 4170 4178 4178 4178 4174 4171 4145 4134 4161 4120 4112 4118 4112 4107 4096 4105 4085 4077 4081 4063 4060 4048 4037 4026 4012 4004 3985 3971 3954 3942 0 0 0 0 0 0 0 0 0 0 3790 3777 3768 3760 3760 3758 3758 3743 3747 3727 3711 3696 3678 3659 3643 3626 3636 3621 3591 3580 3573 3564 3566 3554 3534 3538 3527 3509 3495 0 3458 3465 3442 3433 3424 3412 3402 3381 3368 3366 3368 3344 3344 3338
4108 4122 4128 4128 4135 4145 4148 4150 4150 4153 4155 4155 4155 4156 4167 4156 4153 4146 4140 4120 0 4120 4000 4000 4000 4000 4090 4085 4090 4074 4079 4074 4068 4048 4042 4033 4017 4017 3997 3980 3966 3956 3944 0 0 0 0 0 3861 3845 3830 3820 3810 3795 3786 3790 3770 3792 3770 3770 3747 3733 3716 3700 3681 3663 3643 3626 3627 3626 3593 3588 3580 3570 3560 3544 3552 3544 3527 3509 3495 0 3458 3469 3453 3439 3424 3418 3403 3406 3393 3380 3367 3371 3356 3358
4102 4109 4122 4144 4133 4134 4137 4137 4140 4142 4142 4142 4142 4145 4145 4145 4134 4100 4000 4000 4000 4000 4000 3900 3900 4000 4000 4000 4000 4000 4063 4063 4061 4063 4042 4038 4037 4017 4010 3992 3981 3966 3954 3943 0 0 0 3901 3877 3860 3848 3839 3824 3810 3790 3792 3792 3790 3760 3753 3760 3733 3716 3700 3682 3665 3650 3632 3629 3632 3611 3596 3583 3577 3572 3553 3539 3534 3527 3511 3498 3482 3489 3473 3466 3448 3429 3421 3408 3393 3402 3385 3379 3372 3379 3356
4095 4108 4122 4122 4135 4128 4126 4126 4128 4126 4128 4128 4100 4100 4000 4000 4000 4000 4000 3991 3900 4000 3995 3900 3900 3900 3900 3900 3994 4000 4000 4000 4000 4060 4048 4046 4030 4029 4013 4013 4001 3975 3966 3950 3942 3929 3917 3907 3892 3875 3868 3852 3837 3823 3818 3823 3800 3770 3760 3748 3740 3733 3716 3700 3684 3671 3659 3637 3617 3598 3617 3598 3593 3588 3572 3555 3548 3541 3526 3516 3502 3489 3495 3489 3470 3448 3442 3427 3413 3409 3409 3398 3389 3382 3374 3362
4089 4101 4104 4119 4119 4119 4116 4115 4115 4115 4117 4100 4000 4000 3900 3900 3900 3900 0 3900 3900 3900 3900 3900 3889 3889 3893 3900 3900 3900 3900 3900 3999 4000 4000 4042 4042 4029 4030 4029 4010 3992 3975 3959 3947 3931 3922 3911 3905 3903 3889 3861 3846 3829 3809 3792 3792 3770 3758 3745 3736 3724 3716 3699 3694 3675 3659 3642 3625 3620 3625 3590 3583 3580 3572 3561 3560 3542 3530 3520 3508 3496 3504 3485 3466 3471 3444 3433 3422 3421 3421 3413 3396 3393 3384 3384
