output/arrival_times.asc
NCOLS 255
NROWS 330
XLLCORNER -2985163.8955
YLLCORNER -3022031.214
CELLSIZE 25000
NODATA_value 0
[rows 61 to 121 of 330, columns 96 to 191 of 255]
0 0 0 0 0 0 0 0 0 0 0 0 0 0 0 0 0 0 0 0 0 0 0 0 0 0 0 0 0 0 0 2289 0 0 2232 0 0 0 0 2354 2379 2389 2401 2417 2436 2433 2433 2429 2422 2432 2448 2443 2443 2429 2430 2443 2451 0 0 2439 0 2459 2477 2498 2498 2498 2503 2488 0 0 0 0 0 0 0 0 0 0 0 0 0 0 0 0 0 0 0 0 0 0 0 0 0 0 0 0
0 0 0 0 0 0 0 0 0 0 0 0 0 0 0 0 0 0 0 0 0 0 0 0 0 0 0 0 0 0 0 0 0 0 0 0 0 0 0 2346 0 2402 2401 2417 2424 2450 2452 2436 2450 2450 2453 2457 0 2450 2440 2452 2483 2457 0 0 2461 2477 2507 2515 2517 2517 2515 2488 0 0 0 0 0 0 0 0 0 0 0 0 0 0 0 0 0 0 0 0 0 0 0 0 0 0 0 0
0 0 0 0 0 0 0 0 0 0 0 0 0 0 0 0 0 0 0 0 0 0 0 0 0 0 0 0 0 0 0 0 0 0 0 0 0 0 0 2333 0 2384 2399 2424 2443 2433 2459 2450 2468 2457 2459 2477 2464 2459 2459 2457 2476 2457 2464 2464 2477 2498 2515 2533 2533 2505 0 0 0 0 0 0 0 0 0 0 0 0 0 0 0 0 0 0 0 0 0 0 0 0 0 0 0 0 0 0
0 0 0 0 0 0 0 0 0 0 0 0 0 0 0 0 0 0 0 0 0 0 0 0 0 0 0 0 0 0 0 0 0 0 0 0 0 0 0 0 0 2380 0 2424 2448 2437 2447 2457 2475 2468 2464 2483 2474 2474 2477 2477 2477 2483 2483 0 2502 2522 2533 2546 2517 0 0 0 0 0 0 0 0 0 0 0 0 0 0 0 0 0 0 0 0 0 0 0 0 0 0 0 0 0 0 0
0 0 0 0 0 0 0 0 0 0 0 0 0 0 0 0 0 0 0 0 0 0 0 0 0 0 0 0 0 0 0 0 0 0 0 0 0 0 0 0 0 0 0 2426 2447 2447 2467 2468 2480 2480 2478 2480 2501 2500 2505 2505 2505 2510 2510 2511 2529 2546 2555 2533 0 0 0 0 0 0 0 0 0 0 0 0 0 0 0 0 0 0 0 0 0 0 0 0 0 0 0 0 0 0 0 0
0 0 0 0 0 0 0 0 0 0 0 0 0 0 0 0 0 0 0 0 0 0 0 0 0 0 0 0 0 0 0 0 0 0 0 0 0 0 0 0 0 0 0 0 2443 2455 2470 2480 2502 2492 2490 2505 2500 2525 2525 2525 2529 2529 2530 2539 2563 2574 2562 0 0 0 0 0 0 0 0 2573 2579 2583 0 0 0 0 0 0 0 0 0 0 0 0 0 0 0 0 0 0 0 0 0 0
0 0 0 0 0 0 0 0 0 0 0 0 0 0 0 0 0 0 0 0 0 0 0 0 0 0 0 0 0 0 0 0 0 0 0 0 0 0 0 0 0 0 0 0 2448 2466 2477 2488 2490 2506 2502 2502 2525 2545 2529 2556 2546 2553 2565 2566 2581 0 0 0 0 0 0 0 0 0 2576 2595 2600 2604 2604 0 0 0 0 0 0 0 0 0 0 0 0 0 0 0 0 0 0 0 0 0
0 0 0 0 0 0 0 0 0 0 0 0 0 0 0 0 0 0 0 0 0 0 0 0 0 0 0 0 0 0 0 0 0 0 0 0 0 0 0 0 0 0 0 2437 2457 2470 2478 2492 2502 2502 2525 2514 2525 2525 0 0 2568 2581 2587 2587 2581 2574 0 0 0 0 0 0 2574 2585 2595 2612 2621 2621 2621 0 0 2587 2594 2603 2599 0 0 0 0 0 0 0 0 0 0 0 0 0 0 0
0 0 0 0 0 0 0 0 0 0 0 0 0 0 0 0 0 0 0 0 0 0 0 0 0 0 0 0 0 0 2327 0 0 0 0 0 0 0 0 0 2419 2450 0 0 2467 2476 2492 2508 2499 2518 2514 2506 2505 0 2545 2568 2596 2600 2612 2611 2590 2597 0 0 0 0 2584 2586 2591 2600 2612 2620 2644 2645 2645 0 0 2583 2592 2606 2614 2616 0 0 0 0 0 0 0 0 0 0 0 0 0 0
0 0 0 0 0 0 0 0 0 0 0 0 0 0 0 0 0 0 0 0 0 0 0 0 0 0 0 0 0 0 2354 2362 0 0 0 0 0 0 0 0 0 2476 2491 2491 2488 2494 2496 2503 2514 2533 2521 2523 0 0 2568 2596 2621 2626 2611 2605 0 2614 0 0 0 2607 2605 2607 2609 2620 2644 2622 2645 2669 0 0 0 2602 2594 2605 2611 2614 2627 2637 2621 0 0 0 0 0 0 0 0 0 0 0
0 0 0 0 0 0 0 0 0 0 0 0 0 0 0 0 0 0 0 0 0 0 0 0 0 0 0 0 0 0 0 2355 0 0 0 0 0 2422 2450 2459 2481 2498 2510 2506 2508 2510 2518 2523 2533 2533 2538 2544 2553 2553 2578 2596 2612 2641 2621 2626 2630 2630 0 2644 2642 2609 2643 2622 2638 0 0 0 0 0 2649 2639 2624 2608 2621 2605 2644 2642 2632 2641 2627 2628 2624 0 0 0 0 0 0 0 0 0
0 0 0 0 0 0 0 0 0 0 0 0 0 0 0 0 0 0 0 0 0 0 0 0 0 0 0 2356 2337 2356 2378 0 2378 0 0 0 0 0 2469 2473 2492 2505 2526 2526 2526 2526 2529 2542 2542 2542 2558 2560 2574 2560 2578 2593 2614 2632 2641 2643 2651 0 0 0 0 0 0 0 0 0 0 0 0 0 2661 2639 2627 2617 2618 2611 2617 2613 2623 2621 2655 2637 2644 2633 2633 0 0 0 0 0 0 0
0 0 0 0 0 0 0 0 0 0 0 0 0 0 0 0 0 0 0 0 0 0 0 0 0 0 0 0 0 0 0 2375 2393 2412 2449 2431 2436 2450 2481 2498 2489 0 2506 2508 2510 2542 2542 2565 2577 2558 2590 2564 2560 2556 2577 2597 2614 2614 2626 2656 2641 0 0 0 0 2648 2643 0 0 0 0 2685 2692 2669 2663 2639 2627 2629 2642 2646 2646 2642 2632 2641 2666 2650 2637 2643 2644 2644 2656 0 0 0 0 0
0 0 0 0 0 0 0 0 0 0 0 0 0 0 0 0 0 0 0 0 0 0 0 0 0 0 0 0 0 0 0 0 2412 2436 2424 2448 2450 2468 2469 2469 0 0 2488 2500 2526 2529 2542 2542 2565 2565 2577 2577 2571 2577 2578 2597 2600 2622 2641 2655 2652 2656 2661 2661 2658 2665 2665 2661 2681 2685 0 2697 2681 2669 2652 2643 0 2663 2671 2672 2672 2664 2651 2682 2683 2644 2636 2656 2652 2665 2677 2656 2650 0 0 0
0 0 0 0 0 0 0 0 0 0 0 0 0 0 0 0 0 0 0 0 0 0 0 0 0 0 0 2312 0 0 2363 2404 2431 2414 2431 2436 2449 2449 0 0 0 0 2483 2500 0 2538 2524 2546 2546 2591 2604 2590 2591 2601 2601 2600 2606 2616 2633 2652 2662 2674 2674 2675 2675 2685 2668 2678 2685 2695 2716 2694 2682 2671 2663 2670 2679 2687 2691 2692 2692 2683 2677 2677 2671 2650 2636 2638 2650 2671 2665 2666 2667 0 0 0
0 0 0 0 0 0 0 0 0 0 0 0 0 0 0 0 0 0 0 0 0 0 0 2261 2293 2293 2318 2333 2333 2352 2387 2404 2404 2404 2434 2425 2434 2434 2434 0 0 0 2488 2485 0 2527 2527 2555 2565 2577 2590 2607 2608 2626 2607 2632 2632 2626 2644 2661 2681 2695 2707 2703 2695 2695 2684 2698 2702 2721 2705 2697 2695 2688 2685 2693 2704 2704 2710 2710 2710 2701 2701 2699 2686 0 2649 2645 2659 2677 2677 2683 2684 0 0 0
0 0 0 0 0 0 0 0 0 0 0 0 0 0 0 0 0 0 0 0 0 0 2271 2289 2298 2308 2333 2355 2354 2367 2377 2398 2388 2400 2412 2414 2414 2414 2417 2454 0 0 2477 0 0 2506 2527 2534 2548 2559 2590 2591 2631 2616 2632 2656 2641 2638 2659 2661 2668 2670 2675 2700 2718 2707 2703 2730 2707 2719 2716 2716 2713 2698 2704 2711 2720 2724 2735 2735 2720 2723 2723 2721 2708 2686 2665 2668 2671 2677 2694 2694 2705 0 2686 0
0 0 0 0 0 0 0 0 0 0 0 0 0 0 0 0 0 0 0 0 0 0 2281 2292 2308 2333 2351 2358 2352 2367 2377 2377 2380 2387 2387 2387 2386 2389 2417 0 0 0 0 0 2510 2505 2508 2535 2566 2559 2581 2607 2607 2616 2632 2645 2638 2659 2675 2664 2674 2685 2685 2707 2735 2726 2725 2727 2707 2725 2732 2731 2718 2709 2718 2726 2733 2746 2758 2735 2745 2749 2749 2737 2720 2701 2693 2693 2694 2698 2705 2714 2714 0 2699 2709
0 0 0 0 0 0 0 0 0 0 0 0 0 0 0 0 0 0 0 0 0 0 2283 2307 2337 2333 2337 2337 2340 2353 2355 2365 2365 2371 2372 0 0 0 0 0 0 0 0 0 2505 0 2508 2535 2535 2558 2581 2590 2600 2621 2631 2635 2656 2673 2696 2683 2696 2701 2696 2707 2707 2725 2748 2730 2718 2731 2755 2731 2718 2721 2731 2735 2746 2765 2752 2756 2769 2770 2770 2742 2732 2718 2716 2716 2716 2718 2729 2729 2725 2722 2709 2722
0 0 0 0 0 0 0 0 0 0 0 0 0 0 0 0 0 0 0 0 0 0 2283 2307 2311 2311 2324 2316 2324 0 2339 2345 0 2358 2359 0 0 0 0 0 0 0 0 2485 2489 0 2505 2516 2534 2551 2569 2584 2600 2631 2651 2649 2656 2664 2664 2678 2696 2722 2696 2701 2722 2735 2737 2737 2737 2731 2731 2732 2732 2731 2733 2742 2758 2758 2767 2775 2792 2784 2770 2759 2745 2737 2735 2735 2733 2731 2741 2732 2731 2724 2714 2700
0 0 0 0 0 0 0 0 0 0 0 0 0 0 0 0 0 0 0 0 0 0 0 0 2295 2304 2319 0 0 0 0 0 0 0 2341 0 0 0 0 0 0 0 0 0 0 0 0 2505 0 2544 2563 2584 2601 2631 2635 2651 2664 2662 2667 2685 2696 2704 2717 2722 2735 2748 2751 2751 2742 2755 2755 2746 2740 2743 2739 2755 2768 2768 2775 2787 2798 2787 2772 2767 2759 2758 2758 2755 2747 2744 2743 2735 2725 2723 2723 2700
0 0 0 0 0 0 0 0 0 0 0 0 0 0 0 0 0 0 0 0 0 0 0 2277 2304 2311 2300 0 0 0 0 0 2296 0 2306 0 0 0 0 0 0 0 0 0 0 0 0 0 0 2536 2563 2576 2601 2619 2628 2651 2652 2659 2672 2694 2696 2718 2726 2727 2735 2755 2774 2752 2755 2786 2761 2761 2743 2758 2745 2764 2768 2782 2792 2792 2801 2787 2784 2777 2777 2775 2777 2770 2761 2755 2749 2741 2734 2732 2723 2701
0 0 0 0 0 0 0 0 0 0 0 0 0 0 0 0 0 0 0 0 0 0 0 0 2296 2296 2296 0 0 0 0 2319 0 0 0 0 0 0 2164 0 0 0 0 0 0 0 0 0 0 2550 2557 2576 2589 2606 2628 2638 2646 2661 2676 2708 2696 2700 2719 2727 2736 2752 2777 2782 2761 2782 2782 2782 2772 2744 2780 2791 2779 2799 2792 2809 2792 2800 2798 2798 2794 2780 2761 2755 2750 2753 2755 2743 2738 2730 2723 2701
0 0 0 0 0 0 0 0 0 0 0 0 0 0 0 0 0 0 0 0 0 0 0 0 0 2278 2279 0 0 0 2208 0 2296 0 2197 2197 0 2197 0 0 0 0 0 0 0 0 0 0 0 0 0 2553 2579 2597 2617 2632 2641 2661 2676 2678 2694 2708 2714 2730 2755 2763 2774 2775 2775 2782 2821 2786 2764 2759 2764 2771 2794 2813 2814 2810 2811 2815 2801 2795 2778 2770 2761 2753 2770 2750 2762 2750 2738 2732 2720 2701
0 0 0 0 0 0 0 0 0 0 0 0 0 0 0 0 0 0 0 0 0 0 0 0 0 0 0 0 0 2201 2244 2244 2269 0 2225 2197 0 0 0 0 0 0 0 0 0 0 0 0 0 0 0 2547 2555 2584 2605 2625 2640 2653 2665 2674 2708 2726 2729 2755 2781 2790 2803 2801 2787 2786 2806 2786 2785 2785 2791 2794 2799 2820 2799 2816 2815 2818 2810 2798 2790 2780 2760 2753 2762 2762 2768 2749 2738 2729 2720 2701
0 0 0 0 0 0 0 0 0 0 0 0 0 0 0 0 0 0 0 0 0 0 0 0 0 0 0 0 0 2253 2269 2269 2296 2269 0 0 2164 0 0 0 0 0 0 0 0 0 0 0 0 0 0 0 0 0 2592 2611 2627 2643 2664 2674 2708 2716 2730 2755 2763 2777 2802 2824 2790 2789 2788 2821 2821 2810 2814 2820 2820 2814 2814 2813 2824 2815 2816 2802 2801 2780 2766 2770 2776 2772 2764 2749 2736 2725 2713 2701
0 0 0 0 0 0 0 0 0 0 0 0 0 0 0 0 0 0 0 0 0 0 0 0 0 0 0 0 0 2244 2244 0 2269 2269 0 0 0 0 0 0 0 0 0 0 0 0 0 0 0 0 0 0 0 0 2579 2607 2609 2638 2657 2674 2694 2716 2730 2744 2763 2781 2804 2819 2803 2801 2821 2833 2821 2831 2839 2839 2831 2834 2834 2820 2826 2818 2814 2802 2790 2788 2788 2785 2788 2768 2758 2752 2736 2725 2712 2699
0 0 0 0 0 0 0 0 0 0 0 0 0 0 0 0 0 0 0 0 0 0 0 0 0 0 0 0 0 0 0 0 2218 0 0 0 0 0 0 0 0 0 0 0 0 0 0 0 0 0 0 0 0 0 0 0 2606 2628 0 2672 2694 2708 2721 2746 2769 2789 2803 2830 2824 2824 2821 2829 2839 2847 2860 2842 2842 2854 2842 2826 2837 2818 2816 2808 2796 2808 2788 2787 2776 2768 2764 2752 2736 2723 2711 2703
0 0 0 0 0 0 0 0 0 0 0 0 0 0 0 0 0 0 0 0 0 0 0 0 0 0 0 0 0 0 0 0 0 0 0 0 0 0 0 0 0 0 0 0 0 0 0 0 0 0 0 0 0 0 0 0 2584 0 0 0 0 2700 2725 2750 2789 2787 2803 2825 2846 2824 2833 2842 2860 2860 2839 2863 2854 2844 2844 2840 2833 2831 2824 2815 2804 2814 2791 2788 2774 2764 2758 2752 2738 2723 2711 2703
0 0 0 0 0 0 0 0 0 0 0 0 0 0 0 0 0 0 0 0 0 0 0 0 0 0 0 0 0 0 0 0 0 0 0 0 0 0 0 0 0 0 0 0 0 0 0 0 0 0 0 0 0 0 0 0 2571 0 0 0 0 0 0 2756 2798 2794 2812 2824 2848 2833 2857 2860 2875 2860 2854 2872 2860 2850 2858 2837 2824 2839 2830 2820 2808 2808 2805 2785 2776 2764 2757 2744 2736 2728 2711 2703
0 0 0 0 0 0 0 0 0 0 0 0 0 0 0 0 0 0 0 0 0 0 0 0 0 0 0 0 0 0 0 0 0 0 0 0 0 0 0 0 0 0 0 0 0 0 0 0 0 0 0 0 0 0 0 0 0 0 0 0 0 0 0 2780 2793 2815 2825 2837 2862 2857 2877 2860 2860 2872 2872 2863 2866 2858 2844 2837 2830 2839 2831 2827 2811 2808 2802 2788 2776 2764 2749 2744 2742 2727 2714 2705
0 0 0 0 0 0 0 0 0 0 0 0 3318 0 0 0 0 0 0 0 0 0 0 0 0 0 0 0 0 0 0 0 0 0 0 0 0 0 0 0 0 0 0 0 0 0 0 0 0 0 0 0 0 0 0 0 0 0 0 0 0 0 0 2793 2815 2835 2848 2867 2869 2869 2868 2872 2872 2885 2875 2881 2870 2858 2846 2839 2835 2844 2839 2833 2815 2810 2805 2788 2777 2762 2751 2734 2756 2728 2723 2705
0 0 0 0 0 0 0 0 0 0 0 3330 3340 0 0 0 0 0 0 0 0 0 0 0 0 0 0 0 0 0 0 0 0 0 0 0 0 0 0 0 0 0 0 0 0 0 0 0 0 0 0 0 0 0 0 0 0 0 0 0 0 0 0 2802 2823 2850 2849 2869 2882 2877 2877 2884 2884 2889 2881 2879 2866 2859 2850 2841 2839 2849 2845 2835 2820 2816 2802 2790 2778 2774 2756 2756 2751 2728 2715 2705
0 0 0 0 0 0 0 0 0 0 3340 3359 0 0 0 0 0 0 0 0 0 0 0 0 0 0 0 0 0 0 0 0 0 0 0 0 0 0 0 0 0 0 0 0 0 0 0 0 0 0 0 0 0 0 0 0 0 0 0 0 0 0 0 0 0 2863 2874 2879 2888 2890 2891 2904 2884 2893 2885 2876 2871 2859 2850 2849 2849 2848 2844 2835 2822 2822 2805 2793 2780 2766 2778 2766 2742 2728 2715 2711
0 0 0 0 0 0 0 3310 3325 3340 3373 3344 0 0 0 0 0 0 0 0 0 0 0 0 0 0 0 0 0 0 0 0 0 0 0 0 0 0 0 0 0 0 0 0 0 0 0 0 0 0 0 0 0 0 0 0 0 0 0 0 0 0 2859 2868 2868 2875 2887 2890 2903 2903 2909 2898 2896 2898 2885 2879 2871 2871 2866 2871 2861 2856 2844 2835 2823 2823 2805 2793 2780 2766 2756 2756 2742 2723 2714 2698
0 0 0 0 0 3320 3320 3325 3347 3344 3369 3359 3343 0 0 0 0 0 0 0 0 0 0 0 0 0 0 0 0 0 0 0 0 0 0 0 0 0 0 0 0 0 0 0 0 0 0 0 0 0 0 0 0 0 0 0 0 0 0 0 0 2836 0 2868 2894 2894 2903 2904 2936 2909 2922 2914 2904 2891 2891 2879 2881 2871 2859 2862 2866 2849 2844 2836 2834 2817 2806 2798 2780 2766 2750 2738 2731 2717 2705 2691
0 0 3318 3324 3328 3354 3336 3329 3342 3359 3387 3373 3348 3332 0 0 0 0 0 0 0 0 0 0 0 0 0 0 0 0 0 0 0 0 0 0 0 0 0 0 0 0 0 0 0 0 0 0 0 0 0 0 0 0 0 0 2848 0 0 0 2830 2872 2883 0 2914 2914 2915 2922 2923 2922 2919 2912 2896 2912 2891 2885 2876 2871 2856 2872 2861 2854 2844 2841 2831 2825 2806 2791 2779 2764 2747 2733 2719 2718 2700 0
0 3338 3346 3356 3356 3353 3353 3358 3374 3374 3398 3373 3349 3334 0 0 0 0 0 0 0 0 0 0 0 0 0 0 0 0 0 0 0 0 0 0 0 0 0 0 0 0 0 0 0 0 0 0 0 0 0 0 0 0 0 0 0 2847 0 0 0 2887 2899 2912 2953 2919 2925 2936 2943 2922 2945 2914 2904 2904 2891 2885 2876 2866 2861 2879 2867 2854 2855 2848 2835 2822 2811 2798 2777 2761 2748 2737 2744 2719 0 0
3353 3364 3370 3371 3376 3376 3377 3381 3398 3398 3387 3373 3350 0 0 0 0 0 0 0 0 0 0 0 0 0 0 0 0 0 0 0 0 0 0 0 0 0 0 0 0 0 0 0 0 0 0 0 0 0 0 0 0 0 0 0 2831 2868 2863 0 2891 2920 2920 2919 2923 2935 2943 2959 2936 2925 2935 2919 2919 2904 2892 2889 2876 2866 2866 2883 2872 2864 2859 2854 2842 2829 2816 2798 2783 2775 2760 2766 2737 2732 0 2698
3372 3388 3389 3390 3395 3396 3399 3402 3417 3417 3397 3383 0 0 0 0 0 0 0 0 0 0 0 0 0 0 0 0 0 0 0 0 0 0 0 0 0 0 0 0 0 0 0 0 0 0 0 0 0 0 0 0 0 0 0 2866 2862 0 2903 0 2920 2938 2945 2953 2953 2959 2966 2943 2949 2945 2945 2920 2926 2904 2909 2889 2876 2866 2872 2888 2879 2871 2867 2855 2850 2840 2822 2804 2794 2789 2774 2756 2755 2744 0 2732
3393 3412 3416 3427 3418 3419 3425 3425 3443 3417 3414 0 0 0 0 0 0 0 0 0 0 0 0 0 0 0 0 0 0 0 0 0 0 0 0 0 0 3330 3364 3341 3344 3356 0 0 0 0 0 0 0 0 0 0 0 0 0 0 2886 2897 2928 2903 2920 2928 2953 2968 2953 2943 2947 2957 2959 2968 2945 2926 2909 2900 2892 2889 2875 2867 2883 2896 2883 2879 2869 2867 2852 2844 2828 2815 2815 2805 2781 2764 2758 0 2726 2744
3418 3438 3418 3441 3445 3445 3443 3443 3441 3436 0 0 0 0 0 0 0 0 0 0 0 0 0 0 0 0 0 0 0 0 0 0 0 0 0 0 0 0 0 3344 3358 0 0 0 0 0 0 0 0 0 0 0 0 0 0 2862 2876 2903 2903 2912 2928 2953 2953 2953 2959 2966 2966 2981 2985 2959 2945 2926 2909 2908 2900 2882 2874 2877 2883 2905 2897 2883 2875 2869 2862 2848 2836 2846 2826 2805 2784 2780 2780 0 2758 2758
3412 3413 3428 3445 3468 3467 3468 3464 3464 3453 0 0 0 0 0 0 0 0 0 0 0 3488 3481 0 0 0 0 0 0 0 0 0 0 0 0 0 0 0 0 3368 3356 3359 0 0 0 0 0 0 0 0 0 0 0 0 0 0 0 2867 2886 2912 2938 2959 2948 2969 2980 2987 2987 2992 2968 2959 2940 2926 2905 2925 2900 2888 2889 2890 2896 2914 2895 2883 2877 2874 2862 2852 2846 2849 2826 2805 2787 2802 2787 0 2780 2758
3424 3435 3443 3463 3498 3498 3478 3502 3482 3482 0 0 0 0 0 0 0 0 0 0 0 0 3502 3506 0 3497 3502 3502 0 0 3475 0 3407 0 0 0 0 3397 3389 0 0 3371 0 3364 0 0 0 0 0 0 0 0 0 0 0 0 0 2878 2909 2911 0 2948 2969 2985 3000 2995 3003 2987 2974 2963 2948 2922 2905 2900 2908 2915 2915 2905 2915 2905 2897 2885 2881 2877 2871 2860 2849 2837 2826 2816 2819 2787 0 2770 2760 2770
3437 3463 3468 3498 3525 3505 3502 3508 3508 3519 3511 0 0 0 0 0 3518 0 0 0 3507 3508 3508 3530 3512 3520 3524 3524 0 0 0 0 3469 0 0 0 3423 3414 3403 3393 3386 3378 0 3367 0 0 0 0 0 0 0 0 0 0 0 0 0 0 0 0 0 0 2969 2983 2997 3006 3000 2987 2986 2970 2948 0 2901 2931 2931 2933 2923 2914 2920 2914 2902 2895 2897 2897 2873 2863 2852 2837 2819 2837 2816 0 2771 2768 2762 2752
3440 3454 3476 3498 3520 3514 3525 3528 3528 3533 3536 3537 3544 0 3553 3551 3547 3546 3537 3531 3531 3539 3539 3527 3532 3547 3547 3527 3521 3516 3516 3492 3473 3476 0 3436 3432 3432 3412 3412 3404 3389 3384 3378 0 0 0 0 0 0 0 0 0 0 0 0 0 0 0 0 0 2958 2976 2992 3003 3014 3019 3002 2990 0 0 0 2931 2956 2936 2947 2939 2920 2939 2914 2920 2921 2917 2897 2877 2800 2800 2800 2799 2816 2816 2779 2769 2775 2700 2700
3460 3468 3478 3498 3520 3530 3558 3555 3550 3558 3558 3562 3575 3587 3587 3578 3578 3574 0 3560 3555 3555 3555 3545 3547 3573 3547 3542 3533 3535 3516 3493 3476 3454 3453 3454 3453 3432 3431 3432 3404 3396 3395 3390 3375 0 0 0 0 0 0 0 0 0 0 0 0 0 2952 0 0 2969 2987 3005 3006 3019 3016 3005 2996 0 0 0 2938 2955 2947 2958 2949 2925 2914 2914 2909 2906 2902 2897 2889 2800 2800 2800 2787 2795 2780 2780 2780 0 2699 2700
3474 3485 3498 3520 3550 3555 3558 3571 3571 3589 3589 3592 3603 3612 3600 3600 3600 3600 3590 3583 3583 3578 3573 3566 3564 3564 3564 3558 3540 3525 3516 3493 3481 3467 0 0 3443 3443 3434 3413 3408 3413 3410 3393 3381 3368 0 0 0 0 0 0 0 0 0 0 0 0 2958 2980 2958 2984 3001 3006 3019 3020 3019 3013 3001 0 0 0 2951 2966 2956 2970 2949 2930 2942 2942 2921 2921 2917 2917 2907 2870 2800 2795 2787 2780 2780 2700 2700 2700 2700 2700
3498 3501 3511 3526 3530 3558 3579 3600 3589 3600 3594 3618 3625 3619 3619 3625 3625 3619 3622 3622 3619 3603 3597 3588 3573 3588 3573 3558 3545 3536 3514 3501 3497 3497 3469 3450 3460 3450 3434 3420 3425 3410 3403 3398 3384 0 3360 0 0 0 0 0 0 0 0 0 0 0 0 0 0 3010 3018 3020 3035 3040 3037 3014 3007 2998 2984 0 2961 2978 0 2958 2949 2950 2961 2942 2947 2929 2932 2925 2907 2870 2800 2790 2782 2772 2700 2600 2600 2695 2700 2697
3477 3501 3526 3558 3556 3558 3571 3571 3589 3600 3618 3642 3648 3648 3634 3645 3637 3660 3680 3680 3657 3621 3607 3607 3597 3607 3569 3558 3559 3536 3523 3501 3515 3497 0 3457 3443 3443 3439 3443 3434 3410 3416 3406 3384 3371 3362 0 0 0 0 0 0 0 0 0 0 2983 3005 3003 0 3045 3045 3040 3045 3034 3040 3018 3013 3011 2995 2978 2978 2996 2979 2966 2959 2954 2949 2950 2950 2800 2700 2800 2800 2800 2800 2792 2791 2772 2761 2700 2696 2700 2697 2691
3483 3509 3526 3531 3531 3500 3500 3200 3200 3621 3631 3648 3731 3654 3654 3671 3671 3731 3731 3731 3657 3619 3657 3618 3600 3573 3569 3553 3545 3536 3515 3501 3497 3497 3475 3457 3439 3425 3425 3420 3416 3420 3399 3398 3384 3383 3368 3351 0 0 0 0 0 0 0 0 2966 2989 3014 3037 3082 3093 3075 3075 3040 3034 3036 3040 3040 3022 3004 2995 2983 2996 2979 2982 2982 2963 2966 2969 2950 2800 2600 2500 2500 2600 2700 2794 2782 2774 2700 2700 2600 2600 2600 2600
3483 3499 3531 3556 3544 3545 3596 3614 3200 3200 3500 3698 3684 3731 3721 3731 3731 3800 3800 3731 3657 3618 3607 3607 3585 3570 3562 3548 0 0 3515 3491 3475 3491 3465 3457 3437 3447 3422 3408 3403 3403 3399 3396 3399 3383 3368 3351 0 0 0 0 0 0 0 0 0 0 3025 3059 3085 3059 3057 3051 3075 3075 3040 3075 3040 3032 3022 3015 2997 2996 2996 2996 2982 2969 2982 2800 2800 2700 2600 2500 2500 2500 0 0 0 0 0 0 2500 2500 2600 2600
3483 3501 3531 3531 3531 3556 3500 3500 3200 3200 3200 3200 3500 3698 3800 3731 3699 4400 3699 3500 3500 3500 3500 3500 3500 3563 3553 3539 3521 3515 3485 3485 3466 3463 3463 3447 0 3422 3433 3408 3399 3390 3390 3384 3385 3383 3368 0 0 0 0 0 0 0 0 0 0 2988 3049 3082 3095 3095 3087 3075 3100 3075 3064 3056 3046 3046 3046 3020 3026 3026 3016 2996 2986 2994 2986 2800 2800 2700 2600 2500 2500 0 0 0 0 0 2592 0 2500 2500 2500 2600
3487 3509 3531 3521 3500 3500 3200 3100 2800 2800 2800 3100 2800 2800 2800 3500 3500 3500 3699 3500 3500 2800 2700 3495 3496 3500 3500 3528 3500 0 3460 3450 3463 3446 3436 0 3424 0 3408 3408 3390 3386 3378 3378 3372 3372 3362 0 0 0 0 0 0 0 0 2933 0 0 0 3120 3120 3112 3103 3092 3084 3075 3084 3074 3055 3064 3046 3035 3045 3026 3003 3000 2800 2800 2800 2700 2600 2500 2500 2500 2600 0 0 0 0 0 0 0 2595 2591 2600 2600
3491 3512 3531 3500 3200 3200 3100 2800 2800 2798 2800 2800 2800 2799 2700 2800 2800 2800 3500 3500 2800 2700 2700 2700 3493 3488 3488 3488 3488 3510 3449 3439 3436 3436 0 0 0 3392 3383 3383 3381 3375 3372 3362 3358 0 0 0 0 0 0 0 0 0 0 0 0 0 0 3144 3144 3133 3121 3110 3100 3108 3073 3089 3084 3062 3052 3052 3034 3026 3011 3026 3004 3002 2700 2600 2500 2500 2500 2500 2591 0 0 0 0 0 0 0 2584 2600 2618 2612
3509 3506 3500 3200 3100 2800 2800 2800 2800 2795 2800 2793 2800 2200 2200 2200 2700 2800 2800 2800 2700 2700 2600 2200 2200 2500 2600 3494 3473 3460 3449 3437 3446 3422 0 3408 3405 3391 3379 3366 3369 3364 3364 0 0 0 0 0 0 0 0 0 0 0 0 0 3163 3165 3165 3165 3165 3140 3138 3123 3110 3104 3084 3072 3084 3064 3069 3052 3035 3027 3031 3023 3023 3013 2800 2700 2500 2300 2400 2500 2500 0 0 0 0 0 2525 2529 2569 2600 2606 2624
3501 3500 3200 3100 2800 2800 2700 2300 2300 2300 2200 2700 2700 2200 2200 2200 2200 2700 2700 2700 2700 2200 1900 1900 2200 2200 2600 3488 3473 3463 3454 3454 3434 3436 3417 3411 3400 3389 3379 3376 3368 3358 0 0 0 0 0 0 0 0 0 0 0 0 0 3174 3180 3180 3180 3179 3174 3159 3151 3136 3118 3105 3093 3084 3093 3069 3062 3052 3041 3041 3032 3041 3032 3013 3004 2600 2500 2400 0 2300 2400 2500 2500 2503 2510 2536 2539 2564 2604 2573 2606 2599
3483 3500 3100 2800 2800 2500 2200 2200 2200 2200 2200 2200 2200 2200 2700 2200 1900 1900 2200 2200 1900 1800 1800 1800 2200 2200 2200 2300 2500 3473 3467 3454 3447 3432 3424 3412 3400 3393 3392 3384 3380 3365 0 0 0 0 0 0 0 0 0 0 0 3201 3199 3196 3192 3194 3194 3193 3184 3172 3159 3146 3128 3110 3100 3110 3100 3087 3063 3056 3053 3042 3051 3042 3023 3013 3010 2700 2600 2400 0 2300 2500 2570 2552 2536 2505 2511 2529 2564 2564 2569 2577 2600
3485 3100 2800 2800 2600 2200 2200 2197 1900 2194 2192 2200 2194 2200 2200 2688 2200 2200 2200 2185 1900 1800 1700 1800 2200 2196 2200 2200 2200 2300 3454 2300 3450 3445 3427 3412 3406 3396 3387 3396 3380 3375 0 0 0 0 0 0 0 0 0 0 3234 3223 3223 3214 3211 3210 3210 3195 3197 3180 3166 3150 3133 3116 3109 3093 3106 3090 3067 3062 3060 3055 3060 3042 3023 3027 3016 2800 2500 0 0 0 2400 2400 2500 2536 2505 2505 2528 2541 2547 2562 2577 2606
2900 2900 2800 2700 2200 2200 1900 1900 1800 1800 1900 1900 2200 2200 2200 2682 2682 2688 2200 2200 0 1800 1800 1700 1700 1800 1800 1900 1900 1900 2200 2200 2200 3441 3427 3414 3407 3407 3393 3383 3393 3375 3372 0 0 0 0 0 3302 3284 3272 3261 3249 3239 3239 3236 3220 3236 3218 3220 3197 3184 3166 3152 3133 3121 3109 3098 3104 3098 3070 3075 3062 3055 3055 3042 3044 3042 3016 2700 2500 0 0 0 2300 2400 2498 2500 2400 2400 2400 2523 2542 2564 2575 2575
2900 2800 2800 2500 2200 2000 1900 1800 1800 1800 1800 1800 1800 2182 2200 2649 2649 2648 2638 2200 1800 1796 1800 1700 1700 1700 1700 1700 1700 1700 1800 1800 1800 2200 3432 3423 3427 3407 3400 2500 2500 3388 3372 3359 0 0 0 3327 3312 3302 3289 3269 3263 3269 3239 3238 3239 3238 3210 3202 3210 3184 3166 3152 3133 3120 3110 3098 3110 3097 3085 2700 2700 3066 3055 3034 3022 3023 3016 2700 2500 0 0 0 2300 2400 2400 2400 2300 0 2300 2500 2542 2554 2562 2559
