output/arrival_times.asc
NCOLS 255
NROWS 330
XLLCORNER -2985163.8955
YLLCORNER -3022031.214
CELLSIZE 25000
NODATA_value 0
[rows 124 to 185 of 330, columns 96 to 191 of 255]
3430 2800 2700 2200 2197 1900 1800 1700 1700 1700 1693 1690 1700 1690 1700 1700 1700 1700 1700 1700 1700 1700 1700 1500 1400 1400 1400 1400 1392 1400 1300 1300 1300 1300 1300 1400 1400 1500 1500 1500 1400 1400 1400 1700 1800 1500 1400 1500 2300 2400 2300 2400 2400 2400 2400 2400 2400 2600 2700 2700 2700 2700 2600 2600 2500 2494 2400 2300 2300 2386 1300 1200 1300 1200 0 0 1200 0 0 0 0 0 0 0 0 0 0 0 0 0 0 0 0 0 0 0
3403 2800 2700 2200 2196 1800 1700 1700 1692 1689 1684 1682 1679 1679 1700 1675 1676 1700 1700 1500 1500 1691 1700 1500 1400 1400 1300 1300 1300 1300 1300 1295 1295 1295 1300 1300 1400 1400 1400 1400 1300 1300 1300 1400 1500 1400 1400 1400 2200 2298 2300 2400 2395 2300 2393 2400 2484 2600 2600 2700 2600 2600 2600 2500 2500 2493 2400 2300 1300 2300 1200 1200 1298 1200 0 0 1196 0 0 0 0 0 0 0 0 0 0 0 0 0 0 0 0 0 0 0
3385 3100 2700 2200 2200 1700 1700 1692 1691 1682 1686 1679 1674 1674 1675 1679 1700 1700 1679 1500 1400 1400 1500 1692 1500 1300 1300 1200 1200 1200 1200 1200 1200 1200 1300 1300 1300 1300 1300 1300 1300 1300 1200 1200 1300 1400 1400 1300 1300 1400 1500 2300 2300 2300 2387 2400 2400 2583 2600 2600 2600 2500 2500 2500 2400 2400 2400 2300 1300 1200 1200 1200 1200 1200 0 0 0 0 0 0 0 0 0 0 0 0 0 0 0 0 0 0 0 0 0 0
3382 3394 2700 2200 2200 1700 1692 1700 1691 1689 1400 1400 1400 1400 1400 1400 1400 1500 1500 1400 1400 1400 1400 1500 1500 1400 1200 1200 1100 1100 1100 1200 1200 1295 1388 1386 1300 1300 1300 1200 1300 1397 1400 1300 1300 1300 1400 1300 1200 1300 1400 2200 2200 2300 2389 2400 2500 2500 2500 2500 2500 2500 2500 2400 2400 2400 2391 2300 1300 1200 1190 1190 1200 1191 0 0 0 0 0 0 0 0 0 0 0 0 0 0 0 0 0 0 0 0 0 0
3365 3365 2700 2500 2200 1700 1692 1700 1692 1300 1300 1300 1400 1400 1400 1400 1400 1400 1500 1400 1300 1300 1400 1300 1300 1400 1300 1100 1100 1100 1200 1285 1282 1300 1200 1300 1395 1391 1200 1300 1391 1300 1200 1200 1200 1200 1200 1200 1200 1200 1300 1300 1400 1400 2300 2400 2481 2485 2493 2500 2492 2500 2400 2400 2300 1300 1300 1300 1300 1200 1190 1193 0 0 0 0 0 0 0 0 0 0 0 0 0 0 0 0 0 0 0 0 0 0 0 0
3344 3344 2700 2600 2200 1700 1699 1700 1300 1300 1295 1300 1300 1300 1300 1400 1400 1400 1400 1400 1400 1300 1300 1300 1300 1400 1300 1100 1100 1100 1100 1200 1279 1300 1300 1300 1300 1200 1200 1294 1300 1300 1200 1196 800 600 600 600 600 600 1200 1300 1400 1400 2300 2400 2400 2400 2400 2400 2400 2400 2400 2300 1300 1300 1295 1200 1200 1200 0 0 0 0 0 0 0 0 0 0 0 0 0 0 0 0 0 0 0 0 0 0 0 0 0 0
3322 3353 2700 2600 2200 1700 1700 1700 1300 1300 1300 1300 1294 1300 1300 1300 1300 1300 1400 1400 1400 1390 1389 1400 1300 1300 1300 1200 1100 1100 1100 1200 1200 1200 1200 1200 1200 1200 1200 1000 1000 1200 900 600 0 0 0 0 599 600 600 1200 1300 1300 1400 2387 2382 2400 2400 2391 2389 2389 2300 1300 1300 1200 0 0 1200 0 0 0 0 0 0 0 0 0 0 0 0 0 0 0 0 0 0 0 0 1188 0 0 0 0 0 1900
3314 3342 3317 2600 2200 1700 1700 1300 1300 1200 1200 1200 1200 1200 1200 1300 1300 1300 1300 1300 1300 1300 1300 1300 1300 1300 1200 1200 1000 1100 1185 1184 1200 1200 1200 1200 1000 1200 1200 1000 800 800 700 600 0 0 0 600 600 600 600 1200 1300 1300 1300 2300 2383 2400 2400 2397 2383 2378 2300 1300 1200 0 0 1200 0 0 0 0 0 0 0 0 0 0 0 0 0 0 0 0 0 0 0 0 0 1199 0 0 0 0 0 1890
3307 3307 3307 2600 2200 1700 1700 1300 1200 1200 1200 1200 1200 1200 1200 1200 1200 1200 1200 1200 1200 1200 1200 1200 1200 1200 1100 1100 1191 1189 1100 1100 1189 1200 1100 900 800 900 1100 1200 1000 600 600 0 600 600 0 0 0 594 600 1200 1200 1200 0 1300 2300 2300 2391 2384 2300 2300 1300 1200 0 0 0 0 0 0 0 0 0 0 0 0 0 0 0 0 0 0 0 0 0 0 0 0 600 1200 1836 1858 0 0 0 1900
3284 3284 3100 2600 2200 1700 1700 1200 1200 1200 1195 1200 1200 900 1200 1200 1200 1199 1192 1191 1199 1199 1199 1200 1200 900 900 1000 1100 1100 1000 900 1100 1000 700 600 800 900 900 1000 1184 800 0 0 593 583 580 588 0 0 600 1200 1195 1200 1199 1300 2300 2300 2300 2300 2300 1300 1300 0 0 0 0 0 0 0 0 0 0 0 0 0 0 0 0 0 0 0 0 0 0 0 0 0 600 1775 0 0 0 1877 1882 1960
3253 3253 3253 2600 2200 1700 1700 1200 1199 1200 1194 1193 900 900 900 1100 1200 1186 1190 1200 1195 1200 1194 1200 1100 900 600 900 1000 1000 1000 900 1000 900 700 800 900 900 900 1000 1000 700 0 598 600 600 580 588 0 0 600 1187 1189 1200 1200 1200 1300 2200 1300 1300 1300 1300 1289 0 0 0 0 0 0 0 0 0 0 0 0 0 0 0 0 0 0 0 0 0 0 0 0 600 1200 1859 1846 0 0 1909 1900 1800
0 0 0 0 2200 1700 1700 1200 1192 1200 1195 900 900 900 900 900 900 900 1100 1100 1100 1100 1100 1100 900 900 800 900 900 900 900 900 900 700 700 900 900 892 900 900 900 800 600 600 646 600 600 621 600 0 600 600 1191 1200 1200 1200 1300 1300 1289 1300 1290 1290 1200 0 0 0 0 0 0 0 0 0 0 0 0 0 0 0 0 0 0 0 0 0 0 541 573 600 1800 1858 1866 0 0 1907 1942 1900
0 0 0 0 2184 1700 1700 1200 1189 1185 1194 1189 1184 900 900 900 892 900 900 900 900 900 900 900 900 895 888 893 900 900 900 895 700 600 700 800 800 800 887 887 887 800 600 600 667 654 627 623 600 0 0 0 0 0 0 0 1200 1200 1200 0 1200 1200 0 0 0 0 0 0 0 0 0 0 0 0 0 0 0 0 0 0 0 0 0 0 532 551 569 600 600 1800 1846 0 0 1942 1962 1979
0 0 0 0 0 2188 1700 1200 1199 1184 1192 1188 1184 900 900 900 889 900 883 893 900 900 894 894 891 900 883 885 895 900 900 800 600 600 700 700 700 700 800 800 800 800 700 700 670 654 639 645 600 0 0 0 0 0 0 0 1196 1196 0 0 0 0 0 0 0 0 0 0 0 0 0 0 0 0 0 0 0 0 0 0 0 0 0 0 534 555 566 582 600 1800 1907 1905 1907 1947 1963 1983
0 0 0 0 0 2181 1700 1200 1181 1200 1184 1185 1179 1171 900 900 900 888 900 900 900 893 900 885 895 885 885 889 892 800 600 600 600 600 600 600 600 700 700 700 700 794 790 700 600 600 657 600 0 0 0 0 0 0 0 0 0 0 0 0 0 0 0 0 0 0 0 0 0 0 0 0 0 0 0 0 0 0 0 0 0 0 0 0 546 564 580 600 600 1800 1866 1905 1932 1951 1968 1985
0 0 0 0 2137 2164 1700 1200 1179 1184 1181 1184 1174 1164 1156 1100 900 882 880 891 884 894 800 800 600 600 800 800 600 600 600 597 590 596 600 597 600 600 600 700 700 700 780 700 600 0 0 0 0 0 0 0 0 0 0 0 0 0 0 0 0 0 0 0 0 0 0 0 0 0 0 0 0 0 0 0 0 0 0 0 0 0 0 0 550 580 600 586 600 1800 1884 1900 1941 1965 1985 2015
0 0 0 1671 2148 1700 1200 1200 1184 1173 1176 1179 1172 1163 1154 900 900 881 877 893 889 800 600 600 600 600 600 600 600 596 600 600 589 600 600 593 594 600 600 700 689 700 700 700 600 0 0 0 0 0 0 0 0 0 0 0 0 0 0 0 0 0 0 0 0 0 0 0 0 0 0 0 0 0 0 0 0 0 0 0 0 0 0 0 550 580 580 586 600 1800 1892 1900 1954 1976 2006 2010
0 0 0 0 0 0 900 1200 1200 1180 1178 1168 1168 1160 900 900 886 879 880 884 880 800 600 595 600 594 589 593 591 593 593 596 597 591 594 597 600 600 600 600 688 682 677 600 0 0 0 0 0 0 0 0 0 0 0 0 0 0 0 0 0 0 0 0 0 0 0 0 0 0 0 0 0 0 0 0 0 0 0 0 0 0 0 0 546 551 577 586 600 1800 1892 1900 1958 1979 1985 1979
0 0 0 0 0 0 0 0 0 900 1184 1173 1162 1157 900 893 886 877 870 867 879 600 600 595 593 591 593 581 581 578 585 585 593 589 588 589 590 589 590 600 688 681 671 663 600 0 0 0 0 0 0 0 0 0 0 0 0 0 0 0 0 0 0 0 0 0 0 0 0 0 0 0 0 0 0 0 0 0 0 0 0 0 0 0 558 551 564 586 600 1800 1800 1900 1958 1965 1965 1967
0 0 0 0 0 0 0 0 0 900 900 1168 1160 1156 900 891 883 874 865 867 600 600 593 594 589 0 0 0 580 577 571 579 579 579 591 580 584 582 600 600 688 674 667 660 600 600 0 0 567 0 0 0 0 0 0 0 0 0 0 0 0 0 0 0 0 0 0 0 0 0 0 0 0 0 0 0 0 0 0 0 0 0 0 0 551 550 565 600 1787 1800 1884 1912 1938 1950 1950 1969
0 0 0 0 0 0 0 0 0 0 900 1166 1166 1154 900 890 882 870 863 866 600 600 0 598 593 588 586 586 0 0 577 575 573 580 594 584 582 600 600 600 681 674 665 656 642 620 601 570 566 565 0 0 0 0 0 0 0 0 0 0 0 0 0 0 0 0 0 0 0 0 0 0 0 0 0 0 0 0 0 0 0 0 0 0 548 558 571 600 1788 1800 1895 1919 1940 1934 1963 1982
0 0 0 0 0 0 0 0 0 0 900 1160 1154 1151 900 889 882 870 860 852 600 600 594 600 0 0 582 589 0 0 0 0 578 591 598 591 589 600 600 674 667 663 657 648 635 600 599 588 577 0 0 0 0 0 0 0 0 0 0 0 0 0 0 0 0 0 0 0 0 0 0 0 0 0 0 0 0 0 0 0 0 0 0 0 547 560 581 600 1791 1800 1902 1919 1933 1958 1973 1993
0 0 0 0 0 0 0 0 0 0 900 1142 1142 1140 900 886 877 866 858 852 600 598 600 600 595 593 592 588 590 582 576 578 588 595 599 595 600 600 600 674 665 653 648 640 627 621 620 588 575 565 0 0 0 0 0 0 0 0 0 0 0 0 0 0 0 0 0 0 0 0 0 0 0 0 0 0 0 0 0 0 0 0 0 0 0 566 575 600 600 600 1906 1920 1941 1964 1993 2013
0 0 0 0 0 0 0 0 0 867 1117 1125 1125 1125 900 879 866 874 866 857 600 600 600 600 600 600 593 592 591 587 585 590 596 600 600 600 600 636 646 663 657 649 637 629 600 617 609 600 573 560 0 0 0 0 0 0 0 0 0 0 0 0 0 0 0 0 0 0 0 0 0 0 0 0 0 0 0 0 0 0 0 0 0 0 0 566 566 581 590 600 1906 1920 1943 1971 1993 2011
0 0 0 0 0 0 0 0 0 900 900 1105 1105 1105 900 876 860 858 852 852 800 800 800 600 600 600 600 596 595 600 600 600 600 600 691 682 672 658 659 653 648 641 634 600 600 600 617 609 596 0 0 0 0 0 0 0 0 0 0 0 0 0 0 0 0 0 0 0 0 0 0 0 0 0 0 0 0 0 0 0 0 0 0 0 0 559 564 577 589 600 1900 1919 1943 1971 1985 1993
0 0 0 0 0 0 0 0 0 0 900 900 1090 1090 900 868 851 849 849 841 840 800 838 800 600 600 600 600 600 700 700 600 600 687 700 695 679 671 658 649 638 634 629 600 600 600 602 617 600 575 0 0 0 0 0 0 0 0 0 0 0 0 0 0 0 0 0 0 0 0 0 0 0 0 0 0 0 0 0 0 0 0 0 0 0 553 564 577 597 600 1907 1925 1942 1963 1978 1996
0 0 0 0 0 0 0 0 0 0 0 900 900 900 900 857 841 837 837 833 831 819 821 821 801 788 791 600 700 756 756 730 700 700 715 710 685 671 658 656 645 634 629 621 600 600 617 640 600 600 600 600 600 600 600 0 0 0 0 0 0 0 0 0 0 0 0 0 0 0 0 0 0 0 0 0 0 0 0 0 0 0 0 0 0 570 572 582 600 1800 1912 1931 1951 1968 1977 1985
0 0 0 0 0 0 0 0 0 0 0 853 853 853 851 841 831 826 821 821 817 811 804 804 801 776 775 776 769 775 756 739 732 724 705 695 682 671 673 656 648 641 635 621 618 600 600 600 600 600 645 650 670 674 665 600 0 600 600 600 0 0 0 0 0 0 0 0 0 0 0 0 0 0 0 0 0 0 0 0 0 0 0 0 0 0 575 582 600 1885 1914 1935 1953 1977 1969 1978
0 0 0 0 0 0 0 0 0 0 0 822 822 822 822 819 816 810 808 805 801 793 785 781 776 768 762 762 762 760 762 739 718 710 705 681 681 677 662 658 656 645 635 627 634 654 600 600 660 660 668 680 680 683 699 699 600 699 700 700 0 0 0 0 0 0 0 0 0 0 0 0 0 0 0 0 0 0 0 0 0 0 0 0 0 0 580 584 600 1800 1914 1935 1953 1969 1961 1963
0 0 0 0 0 0 0 0 0 0 0 794 797 797 797 797 796 793 789 785 781 776 770 766 760 754 749 754 749 745 750 739 718 703 692 678 666 664 677 658 649 647 648 644 649 653 600 674 687 687 690 708 708 718 734 752 700 700 790 835 700 0 0 0 0 0 0 0 0 0 0 0 0 0 0 0 0 0 0 0 0 0 0 0 0 0 589 595 600 1800 1913 1933 1948 1948 1949 1953
0 0 0 0 0 0 0 0 0 0 0 765 771 772 772 772 772 771 768 765 761 757 752 747 741 737 733 737 733 732 756 732 718 705 692 673 666 658 661 662 662 657 663 666 674 677 685 697 711 711 716 748 731 745 757 772 783 793 808 825 840 0 0 0 0 0 0 0 0 0 0 0 0 0 0 0 0 0 0 0 0 0 0 0 0 0 0 600 600 600 1904 1925 1939 1933 1940 1940
0 0 0 0 0 0 0 0 0 0 0 738 744 749 750 750 750 749 747 745 742 737 732 727 724 718 724 718 717 728 740 728 712 699 692 669 662 676 678 682 682 679 686 691 694 694 699 720 729 739 746 749 756 771 785 796 807 819 829 841 855 0 0 0 0 0 0 0 0 0 0 0 0 0 0 0 0 0 0 0 0 0 0 0 0 0 0 0 600 600 1900 1925 1948 1925 1921 1932
0 0 0 0 0 0 0 0 0 0 0 714 721 725 727 727 727 727 726 724 720 716 712 708 704 704 704 705 714 721 727 732 709 699 685 668 681 697 701 701 694 697 706 706 712 700 726 736 745 759 779 779 778 801 812 821 838 845 879 897 897 864 864 0 0 0 0 0 0 0 0 0 0 0 0 0 0 0 0 0 0 0 0 0 0 0 0 0 0 1882 1904 1921 1921 1921 1924 1928
0 0 0 0 0 0 0 0 0 0 0 0 0 699 701 701 701 701 700 698 696 693 690 686 684 688 690 697 701 708 709 728 709 699 681 667 685 701 719 705 708 714 723 723 729 733 740 749 760 790 797 794 801 819 831 849 900 900 912 1162 900 900 900 900 884 0 0 0 0 0 0 0 0 0 0 0 0 0 0 0 0 0 0 0 0 0 0 0 0 0 1896 1896 1909 1909 1917 1920
0 0 0 0 0 0 0 0 0 0 0 0 0 0 677 678 678 678 677 675 673 670 667 665 667 673 679 684 693 696 707 721 707 692 679 685 698 711 722 722 725 733 740 744 744 744 752 765 775 794 825 801 822 837 852 900 950 900 900 1200 1179 1200 1200 900 900 900 900 900 899 0 0 0 0 0 0 0 0 0 0 0 0 0 0 0 0 0 0 0 0 600 1888 1921 1898 1902 1908 1908
0 0 0 0 0 0 0 0 0 0 0 0 0 0 0 657 657 657 657 655 653 651 650 651 658 661 668 677 682 690 700 709 700 686 683 704 711 727 731 734 742 753 763 763 757 759 767 794 801 794 801 828 847 859 900 937 942 900 900 1000 1200 1275 1300 1300 1300 1300 1300 1200 900 1289 1300 0 0 0 0 0 0 0 0 0 0 0 0 0 0 0 0 0 0 600 1888 1888 1902 1888 1894 1894
0 0 0 0 0 0 0 0 0 0 0 0 0 0 0 0 638 638 638 638 636 636 636 638 641 652 659 667 675 685 692 707 692 689 704 715 727 742 742 747 753 778 779 779 775 780 786 787 793 801 812 834 860 900 946 953 961 973 1200 1263 1000 1200 1373 1469 1477 1477 1400 1400 1300 1300 1400 1300 1300 0 0 0 0 0 0 0 0 0 0 0 0 0 0 0 0 600 1881 1886 1886 1886 1879 1877
0 0 0 0 0 0 0 0 0 0 0 0 0 0 0 0 0 624 625 625 625 622 621 624 630 640 652 659 666 672 686 701 686 691 708 726 750 750 767 767 778 807 792 779 791 800 806 806 817 827 832 849 868 900 953 972 969 900 1000 1275 1000 1000 1300 1400 1485 1489 1497 1506 1400 1400 1507 1531 1400 0 0 0 0 0 0 0 0 0 0 0 0 0 0 0 0 600 1870 1869 1865 1865 1879 1865
0 0 0 0 0 0 0 0 0 0 0 0 0 0 0 0 0 0 611 611 609 607 606 609 619 630 641 645 653 661 681 681 681 701 719 731 750 767 786 779 786 819 811 807 819 819 818 824 831 844 850 860 898 900 968 900 981 990 1000 1000 1280 1375 1507 1508 1512 1510 1514 1517 1519 1500 1518 1539 1400 1500 1500 0 0 0 0 0 0 0 0 0 0 0 0 0 0 1834 1860 1858 1847 1858 1869 1871
0 0 0 0 0 0 0 0 0 0 0 0 0 0 0 0 0 0 0 595 594 591 591 596 607 621 626 638 641 655 655 655 677 703 730 749 763 767 767 767 786 806 807 828 841 838 832 841 843 858 862 898 931 960 900 900 900 900 986 1000 1000 1300 1400 1400 1400 1521 1531 1532 1532 1526 1400 1558 1568 1560 1539 0 0 0 0 0 0 0 0 0 0 0 0 0 0 1836 1836 1843 1865 1865 1852 1852
0 0 0 0 0 0 0 0 0 0 0 0 0 0 0 0 0 0 0 0 579 577 575 576 596 610 617 625 633 639 639 655 677 703 730 739 742 749 762 789 783 783 807 819 819 832 845 856 852 861 902 903 944 900 900 900 900 900 900 900 1000 1300 1000 1300 1400 1539 1539 1561 1543 1544 1500 1500 1554 1569 1558 1300 0 0 0 0 0 0 0 0 0 0 0 0 0 1816 1824 1843 1845 1846 1850 1846
0 0 0 0 0 0 0 0 0 0 0 0 0 0 0 0 0 0 0 0 562 562 561 572 586 599 609 617 624 624 636 655 673 699 716 726 733 733 762 762 763 784 788 806 814 832 841 852 868 902 903 930 900 900 973 984 1000 900 900 900 1000 1000 1300 1300 1400 1500 1544 1569 1566 1563 1554 1561 1570 1574 1576 1583 1400 1400 1500 1500 0 0 0 0 0 0 0 1600 1823 1831 1823 1836 1843 1835 1843 1846
0 0 0 0 0 0 0 0 0 0 0 0 0 0 0 0 0 0 0 0 542 542 550 556 574 590 601 608 611 617 636 645 664 680 697 711 722 729 737 744 763 763 780 786 814 826 841 858 861 903 930 960 984 1000 984 1000 1278 1000 1000 1200 1000 1000 1300 1383 1400 1400 1500 1543 1563 1569 1571 1575 1582 1589 1601 1601 1500 1500 1700 1600 0 0 0 0 0 1771 1771 1796 1816 1824 1823 1829 1825 1828 1835 1846
0 0 0 0 0 0 0 0 0 0 0 0 0 0 0 0 0 0 0 0 0 0 532 545 558 577 590 594 600 611 629 651 674 668 690 693 703 713 718 732 742 756 764 786 803 817 841 849 863 903 900 900 900 900 985 900 900 1000 1294 1285 1291 1300 1385 1389 1400 1400 1400 1500 1575 1579 1580 1589 1603 1620 1628 1628 1400 1300 1600 1600 1400 0 0 0 1778 1771 1796 1813 1805 0 0 0 1600 1825 1839 1854
0 0 0 0 0 0 0 0 0 0 0 0 0 0 0 0 0 0 0 0 0 0 519 534 551 567 572 583 593 610 629 651 651 670 670 670 684 691 699 709 723 729 753 769 785 809 819 838 863 881 927 935 900 900 900 900 900 900 1200 1292 1300 1383 1390 1391 1300 1400 1400 1400 1500 1610 1592 1608 1624 1643 1647 1600 1500 1400 1500 1400 0 1700 1761 1756 1765 1778 1796 1804 1600 0 0 0 1809 1835 1848 0
0 0 0 0 0 0 0 0 0 0 0 0 0 0 0 0 0 0 0 0 0 0 0 524 540 553 563 577 591 608 623 634 647 670 652 657 660 673 679 692 703 720 733 750 774 794 819 841 861 890 935 962 978 973 900 899 883 900 1000 1000 1200 1300 1300 1300 1300 1400 1400 1500 1581 1610 1610 1624 1643 1662 1670 1704 1693 1600 1698 1740 1731 1742 1500 1600 1765 1778 1790 1802 1790 1806 1820 1804 1820 1839 0 0
0 0 0 0 0 0 0 0 0 0 0 0 0 0 0 0 0 0 0 0 0 0 0 508 530 541 552 563 584 601 616 630 647 647 647 636 645 650 663 675 695 708 727 737 763 789 825 845 863 897 935 962 962 962 962 900 884 900 900 900 900 1296 1300 1300 1395 1400 1500 1600 1610 1639 1624 1647 1670 1647 1670 1682 1670 1686 1726 1713 1722 1600 1726 1744 0 0 0 1785 1799 0 1802 1815 1831 1825 0 0
0 0 0 0 0 0 0 0 0 0 0 0 0 0 0 0 0 0 0 0 0 0 0 0 518 529 539 554 572 588 602 613 624 628 627 625 637 648 667 684 699 714 730 740 761 791 828 845 863 897 930 943 948 948 948 900 900 887 900 896 900 1200 1300 1400 1395 1400 1500 1600 1624 1610 1631 1645 1639 1648 1658 1657 1685 1722 1713 1704 1695 1600 1400 0 0 0 0 0 0 0 0 0 0 0 0 0
0 0 0 0 0 0 0 0 0 0 0 0 0 0 0 0 0 0 0 0 0 0 0 0 506 522 537 551 563 579 593 607 610 616 616 619 641 667 684 702 720 735 752 761 773 791 828 845 859 881 928 962 928 935 962 948 899 800 892 900 900 900 900 1300 1400 1400 1500 1600 1604 1610 1624 1624 1624 1632 1637 1657 1685 1689 1689 1689 1682 0 0 0 0 0 0 0 0 0 0 0 0 0 0 0
0 0 0 0 0 0 0 0 0 0 0 0 0 0 0 0 0 0 0 0 0 0 0 0 0 510 527 544 554 570 582 587 599 618 611 624 653 675 702 730 748 753 766 778 787 810 824 840 857 878 928 928 928 935 935 935 919 898 892 900 898 898 900 1200 1300 1400 1400 1500 1593 1594 1602 1602 1604 1616 1629 1648 1658 1660 0 1664 0 0 0 0 0 0 0 0 0 0 0 0 0 0 0 0
0 0 0 0 0 0 0 0 0 0 0 0 0 0 0 0 0 0 0 0 0 0 0 0 0 506 519 534 550 565 576 587 603 624 634 632 658 684 709 735 759 766 789 791 822 840 822 840 856 872 875 916 895 909 919 898 899 888 890 896 800 800 800 900 900 1300 1400 1400 1500 1576 1580 1596 1591 1596 1613 1627 0 0 0 0 0 0 0 0 0 0 0 0 0 0 0 0 0 0 0 0
0 0 0 0 0 0 0 0 0 0 0 0 0 0 0 0 0 0 0 0 0 0 0 0 0 0 514 528 541 558 575 590 615 633 661 640 661 688 714 735 748 773 784 800 814 834 814 834 851 863 878 877 928 882 882 882 899 879 884 884 800 600 600 900 1300 1395 1400 1585 1572 1577 1602 1577 1574 1578 0 0 0 0 0 0 0 0 0 0 0 0 0 0 0 0 0 0 0 0 0 0
0 0 0 0 0 0 0 0 0 0 0 0 0 0 0 0 0 0 0 0 0 0 0 0 0 0 510 528 546 562 576 595 615 632 632 662 661 688 714 729 750 773 786 810 812 805 811 826 843 861 866 881 879 879 863 875 890 888 800 882 800 600 900 1295 1400 1556 1564 1577 1572 1577 1580 1577 1561 0 0 0 0 0 0 0 0 0 0 0 0 0 0 0 0 0 0 0 0 0 0 0
0 0 0 0 0 0 0 0 0 0 0 0 0 0 0 0 0 0 0 0 0 0 0 0 0 0 516 531 547 566 579 595 609 609 640 640 655 679 695 718 739 759 786 795 795 811 835 839 850 853 863 863 875 861 859 872 878 890 889 886 800 600 900 1300 1400 1500 1557 1557 1557 1566 1566 1570 0 0 0 0 0 0 0 0 0 0 0 0 0 0 0 0 0 0 0 0 0 0 0 0
0 0 0 0 0 0 0 0 0 0 0 0 0 0 0 0 0 0 0 0 0 0 0 0 0 501 519 536 554 575 587 609 629 618 611 625 646 669 690 705 733 758 771 789 808 827 835 848 865 865 880 882 882 894 898 800 800 900 889 890 900 899 900 1300 1300 1300 1500 1544 1544 1552 0 0 0 0 0 0 0 0 0 0 0 0 0 0 0 0 0 0 0 0 0 0 0 0 0 0
0 0 0 0 0 0 0 0 0 0 0 0 0 0 0 0 0 0 0 0 0 0 0 0 0 504 523 546 566 584 603 625 635 633 623 640 656 669 686 707 731 754 781 808 826 829 840 865 909 880 922 912 912 943 943 900 880 886 900 896 900 900 900 1000 1300 1400 1550 1535 1541 1551 0 0 0 0 0 0 0 0 0 0 0 0 0 0 0 0 0 0 0 0 0 0 0 0 0 0
0 0 0 0 0 0 0 0 0 0 0 0 0 0 0 0 0 0 0 0 0 0 0 0 0 510 529 550 575 593 614 633 654 654 640 659 675 680 706 722 748 765 788 808 826 839 854 880 873 912 925 929 945 982 968 900 800 886 900 900 900 1000 1198 1300 1300 1516 1535 1535 1541 0 0 0 0 0 0 0 0 0 0 0 0 0 0 0 0 0 0 0 0 0 0 0 0 0 0 0
0 0 0 0 0 0 0 0 0 0 0 0 0 0 0 0 0 0 0 0 0 0 0 0 0 515 535 559 583 605 629 654 677 654 660 673 689 701 721 739 760 776 793 814 829 844 872 925 873 925 968 925 968 993 968 900 900 900 1000 1100 1100 1200 1200 1300 1300 1520 1524 1541 0 0 0 0 0 0 0 0 0 0 0 0 0 0 0 0 0 0 0 0 0 0 0 0 0 0 0 0
0 0 0 0 0 0 0 0 0 0 0 0 0 0 0 0 0 0 0 0 0 0 0 0 0 521 541 565 587 610 629 654 666 667 674 689 704 711 725 744 773 791 799 815 834 852 872 872 872 925 925 925 968 985 982 993 1000 1088 1100 1200 1200 1200 1300 1300 1300 1509 1527 0 0 0 0 0 0 0 0 0 0 0 0 0 0 0 0 0 0 0 0 0 0 0 0 0 0 0 0 0
0 0 0 0 0 0 0 0 0 0 0 0 0 0 0 0 0 0 0 0 0 0 0 0 502 525 546 568 589 615 631 646 667 685 689 707 722 733 729 746 773 782 799 815 834 844 851 851 867 871 894 922 958 958 982 993 1000 1093 1100 1100 1100 1100 1200 1300 1400 1509 1521 0 0 0 0 0 0 0 0 0 0 0 0 0 0 0 0 0 0 0 0 0 0 0 0 0 0 0 0 0
0 0 0 0 0 0 0 0 0 0 0 0 0 0 0 0 0 0 0 0 0 0 0 0 502 526 546 568 589 615 638 664 677 701 701 722 738 730 729 748 774 789 807 819 832 832 849 855 849 872 912 946 967 946 800 800 800 800 800 900 1100 1100 1100 1400 1494 1503 1524 0 0 0 0 0 0 0 0 0 0 0 0 0 0 0 0 0 0 0 0 0 0 0 0 0 0 0 0 0
0 0 0 0 0 0 0 0 0 0 0 0 0 0 0 0 0 0 0 0 0 0 0 0 502 526 546 568 589 613 638 664 677 689 702 730 749 748 734 752 767 789 809 819 821 832 848 848 870 922 909 922 922 922 800 700 800 700 700 800 1000 1200 1200 1457 1503 1509 1502 0 0 0 0 0 0 0 0 0 0 0 0 0 0 0 0 0 0 0 0 0 0 0 0 0 0 0 0 0
