output/arrival_times.asc
NCOLS 255
NROWS 330
XLLCORNER -2985163.8955
YLLCORNER -3022031.214
CELLSIZE 25000
NODATA_value 0
[rows 63 to 125 of 330, columns 0 to 95 of 255]
0 0 0 0 0 0 0 0 0 0 0 0 0 0 0 0 0 0 0 0 0 0 0 0 0 0 0 0 0 0 0 3050 3083 3095 3137 0 0 0 0 0 0 0 0 3163 3168 3175 3180 3188 3193 3195 3206 3212 3214 3220 3224 3229 3241 3242 3252 3255 3262 3260 3267 3280 3279 3286 3290 3291 3300 3304 3304 3310 3319 3320 3322 3329 3338 3340 3341 3344 3352 3353 3357 3361 3362 3367 3368 3375 3374 3378 3381 3385 3387 3391 3393 3390
0 0 0 0 0 0 0 0 0 0 0 0 0 0 0 0 0 0 0 0 0 0 0 0 0 0 0 0 0 0 0 3054 3092 3120 3144 0 0 0 0 0 0 0 3156 3165 3171 3183 3187 3191 3198 3204 3206 3216 3222 3227 3231 3238 3234 3249 3250 3258 3266 3271 3279 3279 3281 3284 3293 3303 3308 3310 3320 3322 3320 3327 3332 3337 3341 3342 3349 3353 3358 3364 3366 3369 3375 3374 3378 3375 3385 3383 3391 3388 3396 3391 3400 3398
0 0 0 0 0 0 0 0 0 0 0 0 0 0 0 0 0 0 0 0 0 0 0 0 0 0 0 0 0 3035 3036 3078 3084 3144 0 0 0 0 0 0 0 3158 3160 3170 3175 3176 3188 3188 3199 3206 3218 3216 3224 3225 3230 3240 3245 3255 3260 3267 3266 3270 3286 3279 3294 3294 3300 3304 3310 3316 3320 3322 3327 3334 3341 3339 3348 3344 3353 3363 3364 3368 3372 3377 3379 3376 3386 3387 3393 3395 3399 3403 3406 3396 3410 3413
0 0 0 0 0 0 0 0 0 0 0 0 0 0 0 0 0 0 0 0 0 0 0 0 0 0 0 0 3043 3043 3043 3082 3054 0 0 0 0 0 0 3156 3154 3165 3167 3180 3176 3183 3196 3193 3204 3216 3222 3225 3233 3237 3239 3245 3249 3257 3259 3271 3273 3272 3283 3292 3293 3299 3304 3310 3315 3324 3324 3326 3333 3340 3347 3349 3350 3358 3362 3366 3369 3373 3373 3377 3386 3391 3392 3399 3394 3405 3409 3406 3406 3408 3420 3411
0 0 0 0 0 0 0 0 0 0 0 0 0 0 0 0 0 0 0 0 0 0 0 0 0 0 0 0 0 3045 3045 3046 3076 0 0 0 0 0 0 3158 3161 3171 3170 3181 3187 3191 3194 3200 3212 3216 3216 3227 3234 3239 3241 3252 3259 3261 3269 3276 3276 3285 3289 3288 3297 3303 3317 3317 3315 3329 3332 3332 3344 3344 3347 3357 3358 3360 3368 3374 3372 3379 3381 3389 3391 3395 3397 3401 3408 3411 3411 3413 3415 3422 3424 3419
0 0 0 0 0 0 0 0 0 0 0 0 0 0 0 0 0 0 0 0 0 0 0 0 0 0 0 0 0 3063 3060 3064 3060 0 0 0 0 0 0 0 3163 3169 3179 3184 3190 3194 3199 3207 3215 3219 3230 3230 3232 3242 3243 3251 3259 3270 3275 3284 3286 3291 3297 3298 3303 3310 3312 3325 3325 3332 3335 3345 3348 3357 3359 3355 3365 3370 3377 3377 3378 3382 3390 3394 3394 3402 3406 3412 3413 3415 3415 3421 3423 3427 3430 3424
0 0 0 0 0 0 0 0 0 0 0 0 0 0 0 0 0 0 0 0 0 0 0 0 0 0 0 0 0 3068 3071 3069 3064 0 0 0 0 0 0 0 3171 3170 3182 3184 3192 3197 3202 3212 3215 3223 3235 3238 3240 3248 3255 3261 3265 3270 3276 3284 3285 3292 3297 3309 3308 3317 3320 3330 3331 3343 3346 3351 3347 3355 3363 3366 3370 3378 3380 3390 3388 3395 3397 3399 3404 3408 3411 3415 3414 3418 3422 3429 3429 3429 3440 3440
0 0 0 0 0 0 0 0 0 0 0 0 0 0 0 0 0 0 0 0 0 0 0 0 0 0 0 0 3000 2000 3080 3076 0 0 0 0 0 0 0 0 3174 3180 3182 3192 3197 3206 3205 3214 3220 3229 3238 3243 3246 3254 3257 3269 3269 3280 3283 3285 3293 3302 3309 3309 3319 3322 3322 3333 3335 3347 3346 3352 3357 3363 3364 3376 3378 3379 3390 3392 3396 3403 3404 3405 3412 3417 3418 3417 3425 3427 3436 3434 3439 3439 3446 3448
0 0 0 0 0 0 0 0 0 0 0 0 0 0 0 0 0 0 0 0 0 0 0 0 0 0 0 0 0 3089 3099 3096 0 0 0 0 0 0 0 3173 3178 3182 3184 3193 3200 3197 3210 3218 3228 3231 3239 3246 3244 3258 3264 3270 3263 3278 3285 3286 3302 3308 3308 3318 3310 3326 3332 3337 3342 3352 3357 3360 3357 3367 3374 3376 3385 3386 3393 3401 3402 3404 3409 3413 3415 3422 3429 3431 3433 3440 3437 3441 3442 3448 3451 3449
0 0 0 0 0 0 0 0 0 0 0 0 0 0 0 0 0 0 0 0 0 0 0 0 0 0 0 0 3089 3098 3123 3127 0 0 0 0 0 0 3170 3179 3181 3186 3191 3198 3205 3213 3218 3225 3224 3236 3244 3246 3254 3262 3265 3277 3281 3288 3285 3298 3299 3306 3310 3323 3327 3333 3336 3341 3348 3357 3361 3368 3370 3371 3380 3389 3383 3395 3400 3404 3405 3414 3413 3423 3419 3424 3433 3434 3437 3445 3443 3451 3454 3451 3459 3463
0 0 0 0 0 0 0 0 0 0 0 0 0 0 0 0 0 0 0 0 0 0 0 0 0 0 0 0 3126 1000 1000 3127 0 0 0 0 0 0 3174 3175 3186 3185 3199 3201 3209 3212 3221 3224 3230 3240 3246 3249 3259 3264 3274 3276 3281 3291 3299 3297 3307 3314 3317 3330 3336 3339 3341 3350 3350 3356 3364 3373 3375 3376 3381 3392 3395 3405 3410 3408 3411 3417 3426 3429 3432 3437 3437 3443 3447 3452 3450 3456 3458 3461 3463 3462
0 0 0 0 0 0 0 0 0 0 0 0 0 0 0 0 0 0 0 0 0 0 0 0 0 0 0 0 3127 1000 3106 3134 0 0 0 0 0 0 0 3179 3188 3191 3202 3204 3214 3220 3221 3233 3231 3245 3248 3251 3264 3264 3275 3285 3292 3297 3300 3308 3313 3316 3321 3330 3332 3345 3347 3354 3362 3363 3364 3377 3378 3386 3391 3395 3402 3404 3414 3418 3426 3424 3427 3432 3431 3439 3445 3454 3452 3455 3459 3465 3467 3472 3474 3474
0 0 0 0 0 0 0 0 0 0 0 0 0 0 0 0 0 0 0 0 0 0 0 0 0 0 0 0 3100 3125 0 3142 0 0 0 0 0 0 0 3189 3189 3197 3203 3210 3213 3219 3223 3235 3236 3248 3248 3260 3269 3271 3281 3284 3291 3292 3305 3315 3318 3326 3327 3334 3338 3335 3352 3353 3368 3372 3378 3381 3387 3393 3396 3404 3407 3411 3416 3425 3426 3432 3437 3445 3441 3446 3454 3459 3463 3467 3466 3472 3476 3479 3478 3483
0 0 0 0 0 0 0 0 0 0 0 0 0 0 0 0 0 0 0 0 0 0 0 0 0 0 0 2000 0 0 3145 1000 3170 0 0 0 0 0 0 3185 3196 3198 3205 3214 3220 3226 3232 3237 3245 3250 3257 3258 3270 3275 3280 3285 3296 3299 3309 3313 3323 3322 3339 3344 3344 3353 3356 3362 3368 3374 3379 3386 3390 3402 3403 3406 3412 3418 3419 3425 3432 3431 3442 3450 3449 3458 3461 3463 3466 3469 3476 3473 3482 3483 3485 3487
0 0 0 0 0 0 0 0 0 0 0 0 0 0 0 0 0 0 0 0 0 0 0 0 0 0 0 1000 0 0 3000 0 3174 0 0 0 0 0 0 3191 3200 3202 3205 3213 3223 3227 3237 3241 3252 3252 3263 3268 3270 3282 3287 3295 3300 3302 3309 3315 3325 3331 3338 3344 3353 3360 3361 3370 3379 3377 3386 3389 3398 3408 3406 3413 3422 3422 3431 3438 3442 3438 3445 3456 3457 3462 3462 3464 3471 3475 3482 3485 3483 3486 3494 3491
0 0 0 0 0 0 0 0 0 0 0 0 0 0 0 0 0 0 0 0 0 0 0 0 0 0 0 0 0 0 3000 0 3174 0 0 0 0 0 3190 3192 3200 3203 3216 3221 3230 3225 3239 3243 3253 3255 3260 3266 3279 3285 3295 3294 3304 3305 3312 3316 3328 3332 3343 3348 3347 3358 3368 3375 3376 3390 3388 3394 3401 3405 3418 3414 3422 3429 3433 3438 3443 3453 3459 3456 3465 3470 3469 3476 3478 3486 3487 3492 3490 3500 3499 3505
0 0 0 0 0 0 0 0 0 0 0 0 0 0 0 0 0 0 0 0 0 0 0 0 0 0 0 0 0 0 3151 3170 0 0 0 0 0 0 3195 3201 3204 3214 3217 3226 3232 3237 3240 3249 3252 3257 3264 3271 3280 3289 3291 3292 3306 3316 3320 3327 3336 3337 3344 3352 3359 3369 3371 3374 3387 3389 3388 3405 3411 3417 3411 3422 3427 3439 3433 3443 3447 3455 3464 3461 3472 3474 3481 3479 3483 3492 3499 3503 3503 3504 3507 3509
0 0 0 0 0 0 0 0 0 0 0 0 0 0 0 0 0 0 0 0 0 0 0 0 0 0 0 0 0 0 0 0 0 0 0 0 0 3193 3197 3201 3207 3214 3218 3228 3232 3236 3244 3252 3258 3267 3272 3276 3281 3290 3298 3294 3308 3319 3324 3333 3337 3343 3351 3357 3361 3373 3373 3379 3384 3393 3400 3410 3416 3417 3424 3429 3440 3441 3449 3449 3458 3460 3465 3471 3475 3482 3482 3490 3497 3498 3502 3510 3513 3510 3516 3521
0 0 0 0 0 0 0 0 0 0 0 0 0 0 0 0 0 0 0 0 0 0 0 0 0 0 0 0 0 0 0 3176 0 0 0 0 0 3195 3199 3209 3210 3219 3221 3226 3238 3245 3245 3250 3261 3267 3276 3275 3277 3291 3303 3310 3311 3323 3331 3327 3340 3346 3350 3361 3370 3374 3378 3386 3392 3399 3404 3412 3422 3424 3425 3430 3439 3443 3453 3457 3459 3462 3473 3473 3481 3483 3497 3500 3501 3501 3509 3512 3512 3518 3515 3528
0 0 0 0 0 0 0 0 0 0 0 0 0 0 0 0 0 0 0 0 0 0 0 0 0 0 0 0 0 0 0 0 0 0 0 0 0 3198 3204 3210 3215 3220 3223 3230 3238 3246 3255 3258 3263 3269 3276 3285 3292 3295 3306 3307 3320 3327 3331 3337 3344 3350 3358 3364 3364 3373 3380 3383 3396 3404 3407 3412 3416 3426 3428 3437 3445 3456 3454 3464 3465 3472 3475 3482 3484 3496 3501 3504 3511 3513 3514 3519 3522 3531 3533 3526
0 0 0 0 0 0 0 0 0 0 0 0 0 0 0 0 0 0 0 0 0 0 0 0 0 0 0 0 0 0 0 0 0 0 0 0 0 3200 3203 3211 3220 3226 3231 3235 3235 3249 3251 3258 3268 3269 3281 3285 3289 3298 3305 3309 3326 3330 3336 3343 3350 3355 3358 3370 3375 3381 3389 3394 3400 3405 3415 3415 3427 3432 3442 3442 3451 3456 3460 3466 3473 3477 3485 3488 3498 3494 3504 3509 3508 3518 3521 3527 3533 3535 3537 3541
0 0 0 0 0 0 0 0 0 0 0 0 0 0 0 0 0 0 0 0 0 0 0 0 0 0 0 0 0 0 0 0 0 0 0 0 0 3207 3208 3217 3225 3228 3234 3236 3246 3247 3257 3265 3271 3278 3273 3288 3294 3305 3307 3317 3326 3334 3337 3348 3354 3360 3367 3370 3380 3387 3393 3392 3399 3407 3418 3426 3432 3439 3446 3454 3452 3461 3463 3472 3481 3481 3491 3495 3496 3500 3510 3513 3524 3526 3528 3524 3537 3539 3545 3544
0 0 0 0 0 0 0 0 0 0 0 0 0 0 0 0 0 0 0 0 0 0 0 0 0 0 0 0 0 0 3164 3185 0 0 0 0 0 3213 3214 3216 3225 3227 3238 3242 3245 3253 3257 3269 3272 3275 3284 3293 3300 3305 3309 3318 3329 3336 3337 3351 3351 3363 3371 3379 3375 3391 3395 3398 3401 3416 3419 3427 3435 3436 3450 3455 3462 3471 3464 3475 3485 3493 3491 3498 3504 3509 3520 3524 3520 3534 3538 3541 3544 3544 3549 3548
0 0 0 0 0 0 0 0 0 0 0 0 0 0 0 0 0 0 0 0 0 0 0 0 0 0 0 0 0 0 0 0 0 0 0 0 0 3215 3221 3224 3231 3237 3240 3245 3250 3258 3263 3261 3274 3287 3289 3296 3298 3311 3318 3323 3332 3339 3349 3349 3361 3362 3372 3382 3386 3391 3403 3405 3409 3419 3425 3435 3434 3449 3449 3461 3466 3473 3479 3480 3485 3493 3503 3508 3516 3520 3524 3523 3528 3540 3539 3544 3546 3549 3558 3562
0 0 0 0 0 0 0 0 0 0 0 0 0 0 0 0 0 0 0 0 0 0 0 0 0 0 0 0 0 0 3168 0 0 0 0 0 0 3215 3218 3223 3240 3240 3248 3250 3254 3256 3262 3270 3277 3286 3287 3297 3306 3310 3316 3329 3331 3341 3348 3357 3364 3367 3374 3383 3380 3399 3403 3411 3413 3414 3428 3437 3443 3452 3453 3464 3471 3480 3485 3487 3498 3499 3499 3508 3518 3523 3525 3534 3536 3543 3549 3556 3561 3560 3567 3572
0 0 0 0 0 0 0 0 0 0 0 0 0 0 0 0 0 0 0 0 0 0 0 0 0 0 0 0 0 0 0 0 0 0 0 0 0 3222 3228 3237 3247 3245 3248 3255 3257 3262 3267 3276 3277 3285 3287 3303 3309 3315 3324 3331 3337 3345 3350 3358 3367 3373 3383 3389 3389 3395 3411 3414 3420 3428 3437 3441 3447 3455 3458 3474 3476 3483 3484 3493 3499 3502 3515 3522 3524 3529 3530 3531 3548 3551 3546 3557 3561 3560 3569 3575
0 0 0 0 0 0 0 0 0 0 0 0 0 0 0 0 0 0 0 0 0 0 0 0 0 0 0 0 0 0 0 0 0 0 0 0 0 0 3224 3242 3243 3247 3249 3255 3259 3264 3272 3273 3278 3289 3295 3304 3315 3322 3327 3334 3337 3351 3356 3361 3367 3376 3381 3385 3396 3405 3408 3418 3423 3430 3440 3442 3453 3459 3461 3470 3481 3488 3492 3497 3503 3509 3517 3521 3526 3536 3542 3548 3555 3559 3555 3568 3573 3578 3580 3584
0 0 0 0 0 0 0 0 0 0 0 0 0 0 0 0 0 0 0 0 0 0 0 0 0 0 0 0 0 0 0 0 0 0 0 0 0 0 3235 0 3247 3251 3252 3264 3263 3268 3267 3279 3281 3290 3300 3305 3313 3316 3331 3330 3339 3352 3353 3364 3368 3375 3386 3393 3402 3401 3411 3417 3428 3439 3441 3449 3458 3459 3470 3476 3488 3492 3496 3506 3514 3519 3524 3523 3533 3540 3544 3554 3555 3559 3567 3575 3577 3573 3586 3592
0 0 0 0 0 0 0 0 0 0 0 0 0 0 0 0 0 0 0 0 0 0 0 0 0 0 0 0 0 0 0 0 0 0 0 0 0 0 0 0 0 0 3261 1000 3263 3269 3275 3283 3284 3293 3303 3306 3314 3326 3328 3335 3342 3350 3355 3362 3374 3384 3385 3396 3401 3409 3415 3425 3434 3435 3444 3446 3464 3465 3473 3478 3483 3494 3500 3504 3511 3521 3532 3529 3535 3549 3551 3559 3563 3573 3570 3580 3582 3587 3587 3598
0 0 0 0 0 0 0 0 0 0 0 0 0 0 0 0 0 0 0 0 0 0 0 0 0 0 0 0 0 0 0 0 0 0 0 0 3212 3231 0 0 0 0 0 3267 3267 3271 3275 3285 3288 3297 3298 3307 3317 3327 3328 3340 3348 3351 3358 3369 3378 3379 3393 3395 3405 3415 3419 3426 3438 3443 3445 3460 3463 3463 3480 3486 3494 3500 3509 3512 3517 3528 3530 3541 3544 3548 3554 3561 3567 3577 3572 3583 3592 3593 3595 3608
0 0 0 0 0 0 0 0 0 0 0 0 0 0 0 0 0 0 0 0 0 0 0 0 0 0 0 0 0 0 0 0 0 0 0 0 0 0 0 0 0 0 0 3267 3269 3274 3279 3284 3292 3298 3303 3314 3315 3327 3333 3338 3348 3354 3363 3370 3377 3377 3392 3403 3407 3416 3421 3427 3441 3441 3453 3460 3462 3477 3481 3488 3494 3504 3513 3515 3527 3525 3537 3540 3550 3558 3561 3565 3577 3583 3580 3588 3597 3595 3608 3614
0 0 0 0 0 0 0 0 0 0 0 0 0 0 0 0 0 0 0 0 0 0 0 0 0 0 0 0 0 0 0 0 0 0 0 0 0 0 0 0 0 0 0 0 0 0 3280 3286 3289 3297 3305 3308 3320 3329 3335 3341 3353 3358 3360 3372 3380 3387 3400 3406 3411 3419 3418 3430 3445 3444 3448 3464 3474 3475 3482 3492 3501 3505 3510 3516 3527 3529 3540 3546 3548 3559 3572 3573 3581 3581 3594 3596 3605 3604 3604 3620
0 0 0 0 0 0 0 0 0 0 0 0 0 0 0 0 0 0 0 0 0 0 0 0 0 0 0 0 0 0 0 0 0 0 0 0 0 0 0 0 0 0 0 0 0 3281 2000 3288 3295 3305 3309 3314 3323 3327 3333 3347 3355 3357 3360 3374 3388 3389 3396 3409 3413 3420 3430 3433 3443 3452 3453 3466 3475 3485 3482 3493 3498 3508 3521 3521 3532 3539 3542 3553 3554 3567 3561 3579 3580 3591 3600 3608 3611 3613 3619 3624
0 0 0 0 0 0 0 0 0 0 0 0 0 0 0 0 0 0 0 0 0 0 0 0 0 0 0 0 0 0 0 0 0 0 0 0 0 0 0 0 0 0 0 0 0 3279 3286 3295 3299 3300 3313 3316 3324 3331 3337 3344 3353 3363 3372 3378 3389 3397 3395 3406 3416 3424 3429 3437 3446 3458 3455 3470 3477 3479 3489 3494 3508 3514 3513 3531 3532 3535 3553 3556 3560 3567 3577 3586 3595 3599 3609 3608 3614 3627 3623 3630
0 0 0 0 0 0 0 0 0 0 0 0 0 0 0 0 0 0 0 0 0 0 0 0 0 0 0 0 0 0 0 0 0 0 0 0 0 0 0 0 0 0 0 3000 3000 3282 3291 3291 3300 3303 3315 3315 3328 3332 3342 3346 3349 3364 3375 3380 3386 3392 3404 3408 3415 3423 3433 3441 3450 3454 3464 3467 3472 3493 3494 3504 3506 3521 3525 3528 3539 3546 3549 3564 3571 3579 3576 3585 3598 3601 3606 3614 3618 3611 3634 3640
0 0 0 0 0 0 0 0 0 0 0 0 0 0 0 0 0 0 0 0 0 0 0 0 0 0 0 0 0 0 0 0 0 0 0 0 0 0 0 0 0 0 0 0 3000 3286 3291 3293 3303 3305 3310 3319 3331 3334 3340 3355 3351 3364 3367 3380 3381 3398 3408 3407 3421 3421 3436 3442 3443 3454 3468 3475 3477 3486 3493 3502 3514 3518 3528 3536 3538 3548 3555 3565 3565 3580 3589 3590 3604 3599 3609 3623 3631 3632 3644 3645
0 0 0 0 0 0 0 0 0 0 0 0 0 0 0 0 0 0 0 0 0 0 0 0 0 0 0 0 0 0 0 0 0 0 0 0 0 0 0 0 0 0 0 0 0 3290 3292 3301 3302 3312 3316 3321 3327 3331 3344 3351 3361 3370 3378 3384 3389 3394 3407 3414 3419 3426 3438 3444 3451 3460 3464 3476 3485 3493 3496 3506 3514 3520 3523 3537 3545 3556 3562 3570 3579 3584 3587 3597 3609 3613 3617 3624 3632 3644 3644 3656
0 0 0 0 0 0 0 0 0 0 0 0 0 0 0 0 0 0 0 0 0 0 0 0 0 0 0 0 0 0 0 0 0 0 0 0 0 0 0 0 0 0 0 0 0 0 3295 3301 3306 3311 3315 3326 3333 3336 3342 3352 3360 3366 3375 3383 3392 3397 3408 3417 3420 3429 3438 3440 3449 3463 3468 3474 3489 3490 3498 3507 3512 3529 3535 3531 3547 3557 3559 3574 3579 3588 3591 3602 3606 3618 3624 3632 3633 3645 3649 3657
0 0 0 0 0 0 0 0 0 0 0 0 0 0 0 0 0 0 0 0 0 0 0 0 0 0 0 0 0 0 0 0 0 0 0 0 0 0 0 0 0 0 0 0 0 0 3303 3305 3308 3314 3319 3323 3329 3341 3345 3356 3364 3368 3379 3381 3390 3401 3406 3410 3419 3428 3443 3449 3458 3467 3472 3482 3490 3500 3503 3516 3521 3530 3538 3548 3548 3557 3569 3573 3583 3593 3598 3600 3618 3617 3630 3639 3643 3653 3659 3656
0 0 0 0 0 0 0 0 0 0 0 0 0 0 0 0 0 0 0 0 0 0 0 0 0 0 0 0 0 0 0 0 0 0 0 0 0 0 0 0 0 0 0 0 0 0 0 3307 3313 3311 3319 3324 3329 3343 3348 3355 3363 3373 3378 3375 3393 3400 3405 3418 3427 3433 3443 3452 3456 3466 3470 3483 3487 3493 3503 3509 3517 3532 3539 3547 3548 3558 3564 3581 3587 3600 3601 3607 3614 3627 3627 3639 3652 3649 3661 3664
0 0 0 0 0 0 0 0 0 0 0 0 0 0 0 0 0 0 0 0 0 0 0 0 0 0 0 0 0 0 0 0 0 0 0 0 0 0 0 0 0 0 0 0 0 0 0 3311 3311 3318 3322 3329 3336 3338 3344 3359 3361 3371 3371 3388 3393 3405 3409 3416 3420 3431 3441 3447 3457 3469 3474 3480 3494 3493 3505 3519 3524 3536 3534 3549 3557 3567 3573 3582 3586 3597 3609 3615 3622 3633 3638 3649 3658 3658 3670 3671
0 0 0 0 0 0 0 0 0 0 0 0 0 0 0 0 0 0 0 0 0 0 0 0 0 0 0 0 0 0 0 0 0 0 0 0 0 0 0 0 0 0 0 0 0 0 0 0 3323 3320 3326 3331 3334 3345 3352 3359 3363 3367 3375 3387 3397 3403 3411 3418 3427 3000 3441 3447 3452 3464 3479 3484 3486 3493 3506 3519 3520 3528 3544 3553 3564 3566 3572 3581 3594 3597 3606 3617 3627 3625 3639 3645 3656 3664 3665 3684
0 0 0 0 0 0 0 0 0 0 0 0 0 0 0 0 0 0 0 0 0 0 0 0 0 0 0 0 0 0 0 0 0 0 0 0 0 0 0 0 0 0 0 0 0 0 0 0 0 3324 3325 3331 3341 3344 3348 3356 3365 3370 3383 3385 3394 3399 3404 3414 3000 3437 3444 3450 3458 3467 3478 3485 3491 3499 3508 3515 3523 3538 3544 3552 3561 3566 3581 3589 3597 3601 3607 3624 3627 3639 3650 3654 3665 3673 3678 3687
0 0 0 0 0 0 0 0 0 0 0 0 0 0 0 0 0 0 0 0 0 0 0 0 0 0 0 0 0 0 0 0 0 0 0 0 0 0 0 0 0 0 0 0 0 0 0 0 0 0 3330 3333 3338 3342 3341 3358 3363 3374 3384 3388 3389 3406 3000 3414 3418 3433 3442 3451 3462 3468 3470 3482 3495 3505 3510 3520 3529 3534 3541 3552 3566 3572 3577 3584 3593 3605 3615 3618 3630 3646 3654 3662 3666 3671 3683 1000
0 0 0 0 0 0 0 0 0 0 0 0 0 0 0 0 0 0 0 0 0 0 0 0 0 0 0 0 0 0 0 0 0 0 0 0 0 0 0 0 0 0 0 0 0 0 0 0 0 0 3329 0 3341 3344 3355 3358 3368 3373 3378 3389 3398 3405 3404 3421 3424 3430 3436 3452 3461 3000 3477 3485 3496 3503 3515 3518 3530 3538 3550 3560 3563 3571 3583 3587 3587 3606 3607 3612 3628 3644 3653 3657 3669 3673 3694 3694
0 0 0 0 0 0 0 0 0 0 0 0 0 0 0 0 0 0 0 0 0 0 0 0 0 0 0 0 0 0 0 0 0 0 0 0 0 0 0 0 0 0 0 0 0 0 0 0 0 0 0 0 2000 3347 3351 3362 3366 3375 3381 3385 3394 3400 3414 3413 3423 3436 3444 3450 3460 3467 3481 3483 3497 3504 3515 3521 3524 3537 3546 3559 3568 3577 3586 3588 3596 3609 3620 3624 3635 3648 3657 3661 3677 3680 3686 3697
0 0 0 0 0 0 0 0 0 0 0 0 0 0 0 0 0 0 0 0 0 0 0 0 0 0 0 0 0 0 0 0 0 0 0 0 0 0 0 0 0 0 0 0 0 0 0 0 0 0 0 0 3344 3351 3357 3364 3367 3373 3384 3390 3392 3405 3413 3415 3427 3434 3445 3452 3457 3468 3477 3478 3487 3501 3512 3522 3528 3541 3550 3558 3558 3575 3582 3596 3606 3607 3622 3630 3639 3649 3653 3667 3683 3684 3694 3699
0 0 0 0 0 0 0 0 0 0 0 0 0 0 0 0 0 0 0 0 0 0 0 0 0 0 0 0 0 0 0 0 0 0 0 0 0 0 0 0 0 0 0 0 0 0 0 0 0 0 0 0 0 3350 3357 3362 3370 3377 3381 3390 3399 3402 3413 3419 3425 3432 3440 3449 3451 3463 3478 3488 3494 3494 3513 3522 3518 3540 3551 3552 3565 3575 3587 3592 3602 3599 3616 3631 3637 3642 3659 3655 3681 3692 3697 3705
0 0 0 0 0 0 0 0 0 0 0 0 0 0 0 0 0 0 0 0 0 0 0 0 0 0 0 0 0 0 0 0 0 0 0 0 0 0 0 0 0 0 0 0 0 0 0 0 0 0 0 0 0 3348 3358 3364 3371 3377 3385 3388 3397 3404 3411 3411 3424 3427 3441 3445 3459 3462 3477 3484 3493 3503 3513 3522 3530 3532 3538 3559 3564 3574 3583 3594 3601 3613 3621 3631 3646 3658 3660 3662 3683 3694 3693 3704
0 0 0 0 0 0 0 0 0 0 0 0 0 0 0 0 0 0 0 0 0 0 0 0 0 0 0 0 0 0 0 0 0 0 0 0 0 0 0 0 0 0 0 0 0 0 0 0 0 0 0 0 0 0 0 3362 3371 3376 3384 3387 3393 3406 3411 3418 3426 3428 3433 3445 3457 3460 3470 3475 3492 3503 3507 3522 3514 3535 1000 1000 3558 3568 3585 3595 3606 3613 3622 3630 3644 3657 3658 3670 3685 3691 3682 3711
0 0 0 0 0 0 0 0 0 0 0 0 0 0 0 0 0 0 0 0 0 0 0 0 0 0 0 0 0 0 0 0 0 0 0 0 0 0 0 0 0 0 0 0 0 0 0 0 0 0 0 0 0 0 0 3363 3372 0 0 3388 3398 3406 3409 3419 3426 3431 3436 3448 3454 3464 3469 3479 3486 3497 3513 3517 3521 3530 3546 1000 3560 3571 3586 3592 3594 3610 3620 3628 3639 3654 3657 3673 3687 3699 3696 3705
0 0 0 0 0 0 0 0 0 0 0 0 0 0 0 0 0 0 0 0 0 0 0 0 0 0 0 0 0 0 0 0 0 0 0 0 0 0 0 0 0 0 0 0 0 0 0 0 0 0 0 0 0 0 3355 3363 3374 3378 3382 3385 3394 3406 3412 3420 3421 3431 3435 3443 3447 3459 3466 3469 3485 3487 3510 3517 3516 3528 2000 1000 3561 3567 3584 3584 3601 3613 3622 3629 3641 1000 0 1000 0 1000 1000 1000
0 0 0 0 0 0 0 0 0 0 0 0 0 0 0 0 0 0 0 0 0 0 0 0 0 0 0 0 0 0 0 0 0 0 0 0 0 0 0 0 0 0 0 0 0 0 0 0 0 0 0 0 0 0 3362 0 0 3376 0 3387 3000 3399 3411 3417 3421 3430 3434 3443 3448 3451 3470 3477 3482 3487 3512 3511 3523 3522 3535 3550 3553 3563 3585 3586 3599 3615 3613 2000 2000 1000 0 0 0 0 0 0
0 0 0 0 0 0 0 0 0 0 0 0 0 0 0 0 0 0 0 0 0 0 0 0 0 0 0 0 0 0 0 0 0 0 0 0 0 0 0 0 0 0 0 0 0 0 0 0 0 0 0 0 0 0 0 0 0 0 3384 3000 3397 3400 0 3414 3424 3431 3435 3441 3446 3448 3469 3473 3478 3477 3494 3504 3521 3526 3528 3539 3553 3564 3570 3572 3584 3000 3000 2000 1000 0 0 0 0 0 0 0
0 0 0 0 0 0 0 0 0 0 0 0 0 0 0 0 0 0 0 0 0 0 0 0 0 0 0 0 0 0 0 0 0 0 0 0 0 0 0 0 0 0 0 0 0 0 0 0 0 0 0 0 0 0 0 0 0 0 0 0 3395 3401 0 3421 3426 3429 3436 3437 3441 3449 3455 3464 3473 3480 3498 3500 3520 3523 3531 3534 3548 3559 3565 3576 3591 3602 3616 2000 1000 0 0 0 0 0 0 0
0 0 0 0 0 0 0 0 0 0 0 0 0 0 0 0 0 0 0 0 0 0 0 0 0 0 0 0 0 0 0 0 0 0 0 0 0 0 0 0 0 0 0 0 0 0 0 0 0 0 0 0 0 0 0 0 0 0 0 0 2000 0 0 3420 3423 3430 3434 0 0 3448 3452 3468 3470 3485 3490 3495 3508 3518 3529 3532 3545 3549 3560 3580 3582 3588 3000 2000 1000 0 0 0 0 0 0 0
0 0 0 0 0 0 0 0 0 0 0 0 0 0 0 0 0 0 0 0 0 0 0 0 0 0 0 0 0 0 0 0 0 0 0 0 0 0 0 0 0 0 0 0 0 0 0 0 0 0 0 0 0 0 0 0 0 0 0 0 3390 0 0 0 3420 3434 0 0 0 0 0 3454 3471 3474 3482 3493 3498 3510 3524 3520 3535 3546 3547 3556 3574 3578 3575 3000 1000 0 0 0 0 0 0 0
0 0 0 0 0 0 0 0 0 0 0 0 0 0 0 0 0 0 0 0 0 0 0 0 0 0 0 0 0 0 0 0 0 0 0 0 0 0 0 0 0 0 0 0 0 0 0 0 0 0 0 0 0 0 0 0 0 0 0 0 3000 0 0 0 3421 3432 0 0 0 0 0 3457 3465 3466 3481 3489 3491 3504 3513 3513 3522 3534 3545 3536 3554 3566 3564 2000 1000 0 0 0 0 0 0 0
0 0 0 0 0 0 0 0 0 0 0 0 0 0 0 0 0 0 0 0 0 0 0 0 0 0 0 0 0 0 0 0 0 0 0 0 0 0 0 0 0 0 0 0 0 0 0 0 0 0 0 0 0 0 0 0 0 0 0 0 0 3392 0 0 0 0 0 0 0 0 0 3450 3456 3464 3474 3484 3489 3501 3511 3508 3523 3521 3518 3523 3543 3550 3548 2000 1000 0 0 0 0 0 0 0
0 0 0 0 0 0 0 0 0 0 0 0 0 0 0 0 0 0 0 0 0 0 0 0 0 0 0 0 0 0 0 0 0 0 0 0 0 0 0 0 0 0 0 0 0 0 0 0 0 0 0 0 0 0 0 0 0 0 0 0 0 0 0 0 0 0 0 0 0 0 0 0 0 0 3469 3468 3483 3484 3494 3499 3501 3516 3522 3511 3522 3515 3507 3510 1000 0 0 0 0 0 0 0
0 0 0 0 0 0 0 0 0 0 0 0 0 0 0 0 0 0 0 0 0 0 0 0 0 0 0 0 0 0 0 0 0 0 0 0 0 0 0 0 0 0 0 0 0 0 0 0 0 0 0 0 0 0 0 0 0 0 0 0 0 0 0 0 0 0 0 0 0 0 0 0 0 0 0 3471 3474 0 3488 3491 3497 3508 3500 3511 3519 3517 3512 3000 3521 0 0 0 0 0 0 0
0 0 0 0 0 0 0 0 0 0 0 0 0 0 0 0 0 0 0 0 0 0 0 0 0 0 0 0 0 0 0 0 0 0 0 0 0 0 0 0 0 0 0 0 0 0 0 0 0 0 0 0 0 0 0 0 0 0 0 0 0 0 0 0 0 0 0 0 0 0 0 0 0 0 0 0 0 0 0 3476 3483 3487 3495 3498 3501 3495 3507 2000 0 0 3487 0 0 0 0 0
0 0 0 0 0 0 0 0 0 0 0 0 0 0 0 0 0 0 0 0 0 0 0 0 0 0 0 0 0 0 0 0 0 0 0 0 0 0 0 0 0 0 0 0 0 0 0 0 0 0 0 0 0 0 0 0 0 0 0 0 0 0 0 0 0 0 0 0 0 0 0 0 0 0 0 0 0 0 0 0 0 0 3483 3481 3486 3493 3489 3494 0 0 0 0 0 0 0 0
