output/arrival_times.asc
NCOLS 255
NROWS 330
XLLCORNER -2985163.8955
YLLCORNER -3022031.214
CELLSIZE 25000
NODATA_value 0
[rows 60 to 119 of 330, columns 0 to 95 of 255]
0 0 0 0 0 0 0 0 0 0 0 0 0 0 0 0 0 0 0 0 0 0 0 0 0 0 0 0 0 0 0 0 0 0 0 0 0 0 0 0 0 0 0 0 0 0 515 520 557 586 592 596 625 642 644 661 679 703 710 737 736 753 763 777 800 814 819 837 849 865 876 894 893 928 963 969 960 984 1002 1004 1007 999 1004 1008 1016 1035 1032 1037 1050 1051 1050 1053 1076 1081 1097 1117
0 0 0 0 0 0 0 0 0 0 0 0 0 0 0 0 0 0 0 0 0 0 0 0 0 0 0 0 0 0 0 0 0 0 0 0 0 0 0 0 0 0 0 0 0 519 527 544 570 579 594 606 630 638 660 672 703 712 723 747 744 755 780 799 813 824 830 844 858 874 894 918 912 913 964 981 984 982 1002 1029 1032 1024 1041 1039 1041 1056 1055 1066 1091 1080 1088 1078 1082 1108 1107 1137
0 0 0 0 0 0 0 0 0 0 0 0 0 0 0 0 0 0 0 0 0 0 0 0 0 0 0 0 0 0 0 0 0 0 0 0 0 0 0 0 0 0 0 0 514 532 550 563 584 611 633 626 630 660 676 695 694 732 734 758 765 791 796 814 838 832 851 872 895 898 920 916 926 946 973 986 1000 1005 1014 1031 1055 1056 1038 1063 1073 1070 1077 1089 1092 1099 1094 1118 1111 1120 1141 1140
0 0 0 0 0 0 0 0 0 0 0 0 0 0 0 0 0 0 0 0 0 0 0 0 0 0 0 0 0 0 0 0 0 0 0 0 0 0 0 0 0 0 0 507 526 543 565 566 591 621 635 646 658 690 691 716 724 733 759 766 779 795 825 823 854 857 856 884 903 936 934 939 940 975 998 1016 1015 1020 1040 1043 1054 1075 1063 1078 1089 1104 1112 1106 1119 1118 1117 1122 1125 1164 1166 1180
0 0 0 0 0 0 0 0 0 0 0 0 0 0 0 0 0 0 0 0 0 0 0 0 0 0 0 0 0 0 0 0 0 0 0 0 0 0 0 0 0 0 502 516 542 553 568 590 592 629 645 655 681 690 715 722 732 752 764 796 791 797 822 835 852 866 865 892 902 937 964 959 963 1000 999 1014 1018 1041 1050 1049 1062 1093 1105 1109 1112 1134 1131 1127 1143 1137 1145 1156 1155 1184 1185 1187
0 0 0 0 0 0 0 0 0 0 0 0 0 0 0 0 0 0 0 0 0 0 0 0 0 0 0 0 0 0 0 0 0 0 0 0 0 0 0 0 0 0 515 531 550 555 582 592 617 651 663 667 699 716 719 735 761 769 776 796 811 815 818 839 855 866 891 907 930 939 961 970 983 1001 1022 1036 1051 1056 1065 1075 1099 1113 1118 1125 1124 1150 1152 1145 1152 1168 1182 1186 1187 1195 1199 1219
0 0 0 0 0 0 0 0 0 0 0 0 0 0 0 0 0 0 0 0 0 0 0 0 0 0 0 0 0 0 0 0 0 0 0 0 0 0 0 0 0 512 530 537 563 565 588 602 621 652 668 686 692 710 739 765 766 786 799 800 814 852 849 858 873 909 906 922 924 952 958 991 987 1026 1041 1044 1049 1066 1087 1102 1107 1124 1141 1145 1143 1153 1164 1165 1164 1185 1208 1213 1194 1207 1221 1221
0 0 0 0 0 0 0 0 0 0 0 0 0 0 0 0 0 0 0 0 0 0 0 0 0 0 0 0 0 0 0 0 0 0 0 0 0 0 0 0 0 532 545 562 569 592 604 614 629 664 682 690 709 730 736 767 777 801 819 829 834 859 866 856 878 907 935 932 959 961 966 1004 1008 1038 1044 1067 1085 1091 1092 1128 1119 1149 1166 1161 1167 1166 1183 1180 1191 1209 1230 1239 1242 1239 1227 1258
0 0 0 0 0 0 0 0 0 0 0 0 0 0 0 0 0 0 0 0 0 0 0 0 0 0 0 0 0 0 0 0 0 0 0 0 0 0 0 0 504 529 561 555 587 602 622 643 642 660 671 699 739 748 769 784 801 811 818 835 869 872 883 885 902 912 930 949 962 978 999 1011 1026 1028 1063 1085 1088 1111 1124 1156 1148 1171 1172 1191 1212 1203 1208 1202 1217 1228 1244 1253 1256 1255 1264 1275
0 0 0 0 0 0 0 0 0 0 0 0 0 0 0 0 0 0 0 0 0 0 0 0 0 0 0 0 0 0 0 0 0 0 0 0 0 0 0 0 525 534 560 584 583 610 624 647 675 681 687 718 734 756 763 804 823 830 839 851 872 888 889 912 926 943 939 948 965 993 1017 1016 1037 1055 1075 1088 1108 1127 1147 1154 1174 1196 1201 1194 1211 1219 1221 1224 1228 1243 1263 1264 1276 1277 1290 1305
0 0 0 0 0 0 0 0 0 0 0 0 0 0 0 0 0 0 0 0 0 0 0 0 0 0 0 0 0 0 0 0 0 0 0 0 0 0 0 0 527 544 566 592 597 611 631 659 682 689 708 743 759 762 787 810 833 833 840 877 867 890 913 916 932 950 974 973 984 1006 1046 1050 1063 1077 1090 1110 1119 1130 1149 1181 1189 1199 1224 1218 1236 1230 1251 1255 1257 1256 1297 1302 1303 1303 1306 1312
0 0 0 0 0 0 0 0 0 0 0 0 0 0 0 0 0 0 0 0 0 0 0 0 0 0 0 0 0 0 0 0 0 0 0 0 0 0 0 514 531 550 578 591 609 624 650 666 700 699 718 742 752 781 789 827 831 855 861 875 891 901 921 954 947 957 976 1000 1005 1015 1034 1061 1092 1110 1115 1140 1141 1148 1173 1191 1202 1228 1230 1249 1237 1253 1266 1273 1284 1280 1302 1316 1321 1332 1339 1335
0 0 0 0 0 0 0 0 0 0 0 0 0 0 0 0 0 0 0 0 0 0 0 0 0 0 0 0 0 0 0 0 0 0 0 0 0 0 502 518 534 564 576 596 608 626 648 675 697 715 734 740 771 782 809 837 861 858 876 872 895 922 926 946 984 982 987 1012 1032 1031 1060 1084 1098 1106 1135 1147 1160 1169 1187 1213 1227 1224 1248 1254 1270 1274 1276 1296 1303 1314 1326 1332 1352 1356 1365 1359
0 0 0 0 0 0 0 0 0 0 0 0 0 0 0 0 0 0 0 0 0 0 0 0 0 0 0 0 0 0 0 0 0 0 0 0 0 0 509 523 555 568 588 629 630 641 667 674 693 735 732 773 779 814 817 843 863 868 891 902 907 925 942 955 961 997 1001 1027 1044 1066 1078 1081 1106 1115 1132 1171 1178 1195 1188 1225 1243 1246 1244 1274 1277 1277 1289 1317 1323 1326 1332 1355 1360 1374 1378 1384
0 0 0 0 0 0 0 0 0 0 0 0 0 0 0 0 0 0 0 0 0 0 0 0 0 0 0 0 0 0 0 0 0 0 0 0 0 0 0 522 553 562 583 627 638 649 669 697 706 728 778 779 795 819 835 840 859 875 899 904 931 937 970 975 983 993 1016 1029 1056 1076 1079 1115 1125 1132 1157 1167 1197 1198 1223 1226 1254 1257 1280 1281 1317 1319 1306 1320 1334 1332 1346 1375 1372 1391 1396 1410
0 0 0 0 0 0 0 0 0 0 0 0 0 0 0 0 0 0 0 0 0 0 0 0 0 0 0 0 0 0 0 0 0 0 0 0 0 0 0 538 550 571 596 610 625 663 682 694 720 745 772 792 808 821 844 850 870 882 905 908 932 967 975 976 985 1007 1020 1049 1054 1080 1096 1112 1124 1141 1175 1188 1200 1228 1241 1243 1255 1277 1298 1303 1317 1347 1350 1344 1372 1369 1370 1376 1390 1404 1424 1426
0 0 0 0 0 0 0 0 0 0 0 0 0 0 0 0 0 0 0 0 0 0 0 0 0 0 0 0 0 0 0 0 0 0 0 0 0 0 0 543 566 574 606 620 638 662 693 707 711 760 778 787 812 831 849 878 874 911 923 924 949 963 996 989 997 1037 1032 1050 1082 1097 1113 1113 1129 1166 1173 1194 1205 1221 1246 1267 1284 1299 1306 1322 1327 1348 1357 1372 1384 1388 1390 1395 1421 1416 1448 1449
0 0 0 0 0 0 0 0 0 0 0 0 0 0 0 0 0 0 0 0 0 0 0 0 0 0 0 0 0 0 0 0 0 0 0 0 0 0 0 563 572 580 607 624 640 669 698 709 724 748 779 820 826 841 858 864 891 910 935 948 963 975 995 1004 1022 1039 1063 1072 1068 1104 1113 1121 1137 1165 1176 1194 1211 1228 1251 1290 1291 1318 1316 1360 1351 1356 1373 1394 1395 1396 1407 1419 1430 1440 1458 1470
0 0 0 0 0 0 0 0 0 0 0 0 0 0 0 0 0 0 0 0 0 0 0 0 0 0 0 0 0 0 0 0 0 0 0 0 0 0 541 562 592 590 610 629 642 670 687 701 726 752 786 802 833 842 853 875 894 917 929 954 971 982 994 1014 1026 1062 1075 1079 1085 1105 1136 1142 1164 1187 1197 1203 1217 1256 1269 1299 1313 1316 1361 1360 1380 1383 1385 1401 1426 1433 1427 1450 1448 1472 1500 1499
0 0 0 0 0 0 0 0 0 0 0 0 0 0 0 0 0 0 0 0 0 0 0 0 0 0 0 0 0 0 0 0 0 0 0 0 0 0 545 576 593 604 634 636 672 675 685 718 739 756 773 819 825 839 857 884 901 919 938 962 975 1006 1013 1032 1040 1065 1085 1097 1133 1132 1154 1171 1188 1196 1205 1230 1233 1252 1282 1319 1331 1352 1361 1380 1388 1403 1411 1423 1420 1449 1445 1482 1477 1478 1492 1514
0 0 0 0 0 0 0 0 0 0 0 0 0 0 0 0 0 0 0 0 0 0 0 0 0 0 0 0 0 0 0 0 0 0 0 0 0 529 555 573 589 614 639 659 674 693 707 720 754 755 805 798 823 854 873 894 916 943 955 977 982 1020 1035 1052 1081 1080 1093 1113 1130 1150 1155 1175 1189 1203 1238 1236 1256 1259 1287 1321 1345 1350 1382 1388 1415 1404 1420 1446 1436 1450 1456 1473 1505 1518 1519 1546
0 0 0 0 0 0 0 0 0 0 0 0 0 0 0 0 0 0 0 0 0 0 0 0 0 0 0 0 0 0 0 0 0 0 0 0 0 532 554 570 599 610 641 655 673 687 723 736 746 783 800 825 837 856 873 904 926 931 961 1003 1004 1010 1050 1059 1078 1089 1117 1118 1134 1145 1164 1193 1203 1216 1244 1252 1264 1291 1309 1315 1341 1357 1374 1391 1406 1440 1439 1449 1460 1469 1479 1499 1507 1528 1543 1542
0 0 0 0 0 0 0 0 0 0 0 0 0 0 0 0 0 0 0 0 0 0 0 0 0 0 0 0 0 0 0 0 0 0 0 0 0 544 553 574 601 622 639 664 692 698 733 750 755 785 810 834 845 887 888 901 926 943 962 994 1021 1036 1057 1101 1098 1099 1117 1156 1162 1180 1176 1191 1208 1233 1255 1268 1290 1311 1314 1332 1347 1382 1386 1406 1426 1445 1454 1473 1482 1503 1484 1508 1530 1548 1555 1553
0 0 0 0 0 0 0 0 0 0 0 0 0 0 0 0 0 0 0 0 0 0 0 0 0 0 0 0 0 0 0 0 0 0 0 0 0 564 566 597 614 625 652 678 691 707 730 748 783 803 813 834 857 899 917 920 952 958 989 1002 1015 1043 1056 1093 1119 1131 1135 1155 1179 1182 1196 1210 1224 1235 1262 1284 1301 1313 1336 1354 1362 1384 1406 1413 1419 1439 1452 1470 1501 1520 1519 1521 1552 1571 1585 1580
0 0 0 0 0 0 0 0 0 0 0 0 0 0 0 0 0 0 0 0 0 0 0 0 0 0 0 0 0 0 0 0 0 0 0 0 0 562 577 600 613 631 659 679 693 703 739 759 790 806 833 868 880 902 926 943 956 985 993 1008 1024 1045 1074 1081 1109 1137 1160 1178 1176 1213 1219 1226 1236 1255 1279 1299 1324 1331 1346 1353 1380 1401 1414 1434 1445 1459 1480 1487 1505 1525 1549 1554 1551 1568 1586 1623
0 0 0 0 0 0 0 0 0 0 0 0 0 0 0 0 0 0 0 0 0 0 0 0 0 0 0 0 0 0 0 0 0 0 0 0 0 583 587 600 619 633 669 689 689 723 734 769 799 802 835 869 889 912 918 942 978 996 1009 1023 1035 1052 1093 1097 1121 1139 1165 1176 1206 1215 1234 1249 1260 1285 1288 1313 1317 1346 1359 1374 1378 1409 1426 1445 1467 1477 1501 1510 1533 1543 1566 1571 1575 1582 1602 1612
0 0 0 0 0 0 0 0 0 0 0 0 0 0 0 0 0 0 0 0 0 0 0 0 0 0 0 0 0 0 0 0 0 0 0 0 0 585 593 607 637 634 670 692 703 726 756 775 797 824 854 887 888 911 929 944 977 995 1010 1027 1043 1054 1091 1112 1141 1145 1168 1184 1201 1232 1233 1275 1273 1286 1306 1316 1348 1352 1362 1382 1391 1421 1441 1462 1472 1505 1517 1527 1548 1548 1594 1592 1593 1602 1624 1626
0 0 0 0 0 0 0 0 0 0 0 0 0 0 0 0 0 0 0 0 0 0 0 0 0 0 0 0 0 0 0 0 0 0 0 0 0 591 601 619 635 664 689 698 711 740 758 774 805 823 865 891 901 922 940 968 985 1000 1029 1033 1047 1071 1092 1114 1138 1156 1179 1185 1211 1232 1257 1272 1283 1293 1305 1329 1348 1379 1378 1391 1427 1421 1433 1471 1485 1514 1519 1546 1552 1579 1584 1620 1624 1623 1630 1661
0 0 0 0 0 0 0 0 0 0 0 0 0 0 0 0 0 0 0 0 0 0 0 0 0 0 0 0 0 0 0 0 0 0 0 0 0 611 618 625 645 658 699 725 708 723 760 779 805 826 850 886 894 916 937 961 984 1004 1031 1046 1056 1069 1108 1114 1131 1166 1183 1203 1225 1242 1260 1269 1290 1308 1320 1341 1359 1381 1393 1427 1442 1462 1464 1470 1528 1516 1535 1570 1572 1591 1615 1635 1646 1644 1632 1679
0 0 0 0 0 0 0 0 0 0 0 0 0 0 0 0 0 0 0 0 0 0 0 0 0 0 0 0 0 0 0 0 0 0 0 0 0 0 619 630 652 674 690 723 733 741 758 780 805 839 864 885 899 930 938 954 1000 1003 1031 1055 1062 1096 1104 1114 1137 1174 1188 1216 1244 1248 1266 1278 1297 1313 1363 1362 1365 1394 1409 1424 1452 1461 1488 1501 1524 1544 1559 1571 1590 1600 1639 1641 1659 1664 1662 1696
0 0 0 0 0 0 0 0 0 0 0 0 0 0 0 0 0 0 0 0 0 0 0 0 0 0 0 0 0 0 0 0 0 0 0 0 0 0 612 0 652 670 699 721 727 753 770 796 828 848 853 883 912 937 952 961 993 1014 1030 1045 1067 1100 1131 1134 1146 1173 1200 1220 1251 1258 1272 1291 1311 1330 1360 1383 1381 1401 1427 1449 1478 1483 1487 1520 1531 1554 1567 1591 1603 1623 1649 1675 1666 1682 1688 1717
0 0 0 0 0 0 0 0 0 0 0 0 0 0 0 0 0 0 0 0 0 0 0 0 0 0 0 0 0 0 0 0 0 0 0 0 0 0 0 0 0 0 704 718 744 758 780 798 832 860 859 890 909 938 949 968 997 1004 1036 1051 1075 1098 1128 1151 1158 1188 1217 1219 1242 1274 1284 1320 1326 1350 1352 1380 1397 1416 1441 1460 1475 1510 1514 1532 1544 1552 1591 1600 1619 1627 1649 1674 1700 1705 1709 1731
0 0 0 0 0 0 0 0 0 0 0 0 0 0 0 0 0 0 0 0 0 0 0 0 0 0 0 0 0 0 0 0 0 0 0 0 0 0 0 0 0 0 0 720 739 767 800 799 833 850 877 887 914 940 955 985 1000 1024 1043 1068 1077 1099 1123 1145 1165 1185 1228 1250 1248 1288 1301 1329 1345 1349 1360 1379 1411 1426 1438 1458 1492 1512 1528 1538 1561 1570 1585 1614 1630 1665 1679 1689 1707 1708 1729 1753
0 0 0 0 0 0 0 0 0 0 0 0 0 0 0 0 0 0 0 0 0 0 0 0 0 0 0 0 0 0 0 0 0 0 0 0 0 0 0 0 0 0 0 739 749 779 799 824 826 857 880 891 923 939 960 980 1004 1034 1058 1060 1085 1107 1133 1149 1167 1195 1231 1251 1259 1298 1315 1327 1346 1353 1374 1391 1416 1430 1463 1477 1495 1508 1530 1560 1569 1583 1607 1619 1639 1656 1688 1715 1709 1733 1746 1759
0 0 0 0 0 0 0 0 0 0 0 0 0 0 0 0 0 0 0 0 0 0 0 0 0 0 0 0 0 0 0 0 0 0 0 0 0 0 0 0 0 0 0 0 767 797 808 814 849 859 883 898 926 945 960 982 1019 1027 1055 1072 1087 1115 1141 1159 1177 1201 1220 1253 1284 1300 1314 1338 1343 1375 1387 1419 1425 1454 1481 1489 1502 1526 1531 1555 1586 1604 1637 1635 1647 1681 1705 1713 1759 1763 1755 1772
0 0 0 0 0 0 0 0 0 0 0 0 0 0 0 0 0 0 0 0 0 0 0 0 0 0 0 0 0 0 0 0 0 0 0 0 0 0 0 0 0 0 0 0 0 784 807 835 841 865 889 896 923 942 979 1004 1017 1035 1056 1078 1099 1125 1143 1175 1189 1217 1220 1254 1287 1297 1319 1333 1347 1387 1403 1424 1434 1449 1462 1503 1502 1533 1559 1578 1587 1617 1624 1651 1671 1699 1722 1731 1760 1780 1778 1793
0 0 0 0 0 0 0 0 0 0 0 0 0 0 0 0 0 0 0 0 0 0 0 0 0 0 0 0 0 0 0 0 0 0 0 0 0 0 0 0 0 0 0 0 774 798 817 831 847 871 893 916 942 959 986 1008 1021 1048 1073 1090 1116 1148 1146 1179 1194 1220 1231 1245 1277 1304 1320 1335 1348 1385 1398 1434 1438 1470 1479 1508 1529 1550 1557 1582 1602 1620 1654 1659 1680 1703 1717 1743 1765 1774 1793 1801
0 0 0 0 0 0 0 0 0 0 0 0 0 0 0 0 0 0 0 0 0 0 0 0 0 0 0 0 0 0 0 0 0 0 0 0 0 0 0 0 0 0 0 763 794 797 824 837 848 877 896 933 948 979 990 1001 1024 1046 1068 1101 1116 1147 1156 1180 1193 1212 1230 1259 1268 1305 1314 1332 1365 1375 1406 1437 1442 1469 1491 1511 1531 1552 1578 1595 1608 1644 1647 1671 1692 1717 1753 1748 1772 1795 1809 1819
0 0 0 0 0 0 0 0 0 0 0 0 0 0 0 0 0 0 0 0 0 0 0 0 0 0 0 0 0 0 0 0 0 0 0 0 0 0 0 0 0 0 0 0 792 819 839 852 870 898 899 931 961 981 988 1009 1028 1062 1083 1107 1124 1136 1162 1175 1191 1221 1253 1262 1280 1295 1328 1354 1368 1382 1413 1436 1458 1484 1493 1506 1540 1553 1577 1592 1607 1642 1653 1673 1701 1730 1744 1761 1782 1804 1824 1837
0 0 0 0 0 0 0 0 0 0 0 0 0 0 0 0 0 0 0 0 0 0 0 0 0 0 0 0 0 0 0 0 0 0 0 0 0 0 0 0 0 0 0 0 798 836 847 857 875 901 903 929 956 983 1003 1010 1041 1065 1075 1109 1131 1142 1161 1186 1194 1233 1255 1260 1284 1308 1325 1353 1372 1397 1430 1458 1466 1492 1511 1520 1551 1579 1596 1604 1613 1646 1661 1696 1704 1725 1750 1766 1787 1811 1827 1878
0 0 0 0 0 0 0 0 0 0 0 0 0 0 0 0 0 0 0 0 0 0 0 0 0 0 0 0 0 0 0 0 0 0 0 0 0 0 0 0 0 0 0 0 0 834 846 859 873 900 917 931 956 979 997 1015 1045 1079 1082 1110 1135 1140 1168 1192 1226 1248 1254 1261 1299 1311 1338 1347 1381 1417 1442 1453 1499 1502 1513 1536 1554 1581 1605 1620 1634 1657 1674 1698 1710 1736 1745 1766 1818 1833 1837 1876
0 0 0 0 0 0 0 0 0 0 0 0 0 0 0 0 0 0 0 0 0 0 0 0 0 0 0 0 0 0 0 0 0 0 0 0 0 0 0 0 0 0 0 0 0 0 845 858 876 895 920 941 951 986 1011 1027 1050 1077 1099 1111 1137 1149 1170 1193 1224 1240 1270 1267 1304 1325 1332 1361 1388 1414 1441 1460 1487 1516 1528 1553 1576 1595 1617 1630 1642 1656 1671 1707 1721 1747 1777 1811 1819 1848 1851 1876
0 0 0 0 0 0 0 0 0 0 0 0 0 0 0 0 0 0 0 0 0 0 0 0 0 0 0 0 0 0 0 0 0 0 0 0 0 0 0 0 0 0 0 0 0 0 0 863 874 905 921 950 967 980 1005 1033 1061 1085 1105 1129 1144 1153 1169 1194 1225 1246 1252 1283 1310 1318 1355 1360 1391 1418 1443 1471 1497 1512 1536 1547 1582 1600 1613 1643 1650 1668 1695 1712 1724 1753 1778 1808 1824 1844 1865 1890
0 0 0 0 0 0 0 0 0 0 0 0 0 0 0 0 0 0 0 0 0 0 0 0 0 0 0 0 0 0 0 0 0 0 0 0 0 0 0 0 0 0 0 0 0 0 0 874 887 894 926 956 979 997 1022 1032 1064 1092 1108 1125 1151 1155 1172 1215 1242 1255 1285 1296 1320 1351 1358 1378 1394 1420 1434 1472 1490 1517 1533 1561 1585 1597 1614 1642 1677 1679 1716 1747 1741 1776 1803 1802 1831 1848 1864 1891
0 0 0 0 0 0 0 0 0 0 0 0 0 0 0 0 0 0 0 0 0 0 0 0 0 0 0 0 0 0 0 0 0 0 0 0 0 0 0 0 0 0 0 0 0 0 0 0 884 908 934 963 983 999 1030 1039 1063 1084 1110 1124 1140 1174 1202 1220 1241 1255 1282 1318 1321 1344 1362 1371 1405 1421 1445 1476 1488 1515 1539 1563 1578 1600 1617 1652 1678 1695 1723 1754 1759 1775 1795 1813 1825 1859 1868 1892
0 0 0 0 0 0 0 0 0 0 0 0 0 0 0 0 0 0 0 0 0 0 0 0 0 0 0 0 0 0 0 0 0 0 0 0 0 0 0 0 0 0 0 0 0 0 0 0 0 909 933 957 984 1008 1024 1046 1059 1082 1104 1127 1146 1164 1200 1220 1243 1268 1285 1309 1324 1346 1365 1382 1403 1420 1433 1475 1508 1524 1546 1551 1580 1605 1622 1651 1678 1693 1719 1757 1782 1788 1802 1816 1851 1861 1903 1917
0 0 0 0 0 0 0 0 0 0 0 0 0 0 0 0 0 0 0 0 0 0 0 0 0 0 0 0 0 0 0 0 0 0 0 0 0 0 0 0 0 0 0 0 0 0 0 0 0 0 930 958 987 1009 1030 1042 1063 1081 1099 1129 1152 1176 1199 1218 1231 1267 1289 1312 1321 1342 1366 1377 1399 1416 1449 1477 1495 1529 1544 1558 1571 1619 1629 1655 1673 1698 1716 1751 1776 1791 1820 1833 1863 1874 1904 1918
0 0 0 0 0 0 0 0 0 0 0 0 0 0 0 0 0 0 0 0 0 0 0 0 0 0 0 0 0 0 0 0 0 0 0 0 0 0 0 0 0 0 0 0 0 0 0 0 0 0 936 0 976 1007 1029 1041 1067 1076 1104 1125 1155 1181 1199 1214 1237 1256 1281 1286 1309 1332 1367 1389 1415 1423 1459 1481 1505 1526 1550 1581 1598 1629 1645 1657 1694 1709 1718 1756 1776 1794 1818 1845 1862 1889 1904 1920
0 0 0 0 0 0 0 0 0 0 0 0 0 0 0 0 0 0 0 0 0 0 0 0 0 0 0 0 0 0 0 0 0 0 0 0 0 0 0 0 0 0 0 0 0 0 0 0 0 0 0 0 995 1006 1017 1035 1056 1081 1107 1145 1148 1178 1191 1215 1239 1251 1274 1291 1329 1335 1365 1386 1418 1445 1455 1480 1498 1531 1553 1599 1603 1631 1653 1682 1696 1715 1736 1751 1787 1799 1825 1840 1866 1891 1917 1930
0 0 0 0 0 0 0 0 0 0 0 0 0 0 0 0 0 0 0 0 0 0 0 0 0 0 0 0 0 0 0 0 0 0 0 0 0 0 0 0 0 0 0 0 0 0 0 0 0 0 0 0 996 1010 1025 1039 1059 1099 1118 1146 1153 1180 1194 1215 1242 1244 1290 1303 1327 1351 1367 1388 1412 1442 1479 1500 1505 1535 1546 1599 1612 1629 1652 1684 1696 1723 1730 1760 1782 1809 1827 1856 1865 1893 1914 1938
0 0 0 0 0 0 0 0 0 0 0 0 0 0 0 0 0 0 0 0 0 0 0 0 0 0 0 0 0 0 0 0 0 0 0 0 0 0 0 0 0 0 0 0 0 0 0 0 0 0 0 0 999 1019 1029 1059 1086 1103 1117 1147 1159 1179 1180 1230 1249 1273 1299 1320 1345 1355 1370 1394 1425 1439 1477 1486 1523 1538 1560 1600 1608 1636 1655 1677 1698 1720 1729 1758 1787 1803 1834 1854 1877 1887 1916 1935
0 0 0 0 0 0 0 0 0 0 0 0 0 0 0 0 0 0 0 0 0 0 0 0 0 0 0 0 0 0 0 0 0 0 0 0 0 0 0 0 0 0 0 0 0 0 0 0 0 0 0 0 0 1017 1031 1047 1085 1106 1124 1137 1150 1178 1192 1226 1259 1267 1292 1317 1343 1367 1373 1418 1424 1450 1485 1502 1509 1543 1559 1597 1621 1630 1648 1671 1697 1714 1743 1751 1776 1819 1836 1852 1876 1896 1905 1937
0 0 0 0 0 0 0 0 0 0 0 0 0 0 0 0 0 0 0 0 0 0 0 0 0 0 0 0 0 0 0 0 0 0 0 0 0 0 0 0 0 0 0 0 0 0 0 0 0 0 0 0 0 0 0 1062 1083 1109 1125 1138 1164 1184 1199 1234 1255 1269 1307 1330 1355 1360 1376 1414 1439 1461 1483 1489 1513 1526 1558 1595 1620 1635 1647 1669 1692 1717 1740 1761 1781 1816 1837 1848 1872 1892 1925 1944
0 0 0 0 0 0 0 0 0 0 0 0 0 0 0 0 0 0 0 0 0 0 0 0 0 0 0 0 0 0 0 0 0 0 0 0 0 0 0 0 0 0 0 0 0 0 0 0 0 0 0 0 0 0 0 1048 1061 0 0 1136 1162 1188 1200 1233 1251 1276 1301 1332 1341 1371 1380 1409 1433 1459 1464 1483 1512 1539 1548 1582 1620 1634 1640 1663 1696 1713 1736 1755 1792 1813 1833 1854 1875 1883 1918 1937
0 0 0 0 0 0 0 0 0 0 0 0 0 0 0 0 0 0 0 0 0 0 0 0 0 0 0 0 0 0 0 0 0 0 0 0 0 0 0 0 0 0 0 0 0 0 0 0 0 0 0 0 0 0 1046 1045 1077 1090 1118 1137 1163 1192 1201 1228 1248 1264 1290 1313 1335 1375 1388 1415 1438 1457 1463 1488 1522 1545 1558 1577 1608 1633 1639 1679 1706 1719 1742 1758 1784 1812 1835 1859 1875 1877 1927 1942
0 0 0 0 0 0 0 0 0 0 0 0 0 0 0 0 0 0 0 0 0 0 0 0 0 0 0 0 0 0 0 0 0 0 0 0 0 0 0 0 0 0 0 0 0 0 0 0 0 0 0 0 0 0 1015 0 0 1093 1116 1135 1166 1195 1196 1224 1249 1270 1301 1311 1353 1362 1386 1412 1432 1441 1467 1490 1521 1538 1563 1587 1616 1623 1657 1677 1696 1716 1742 1757 1793 1816 1841 1850 1881 1889 1908 1930
0 0 0 0 0 0 0 0 0 0 0 0 0 0 0 0 0 0 0 0 0 0 0 0 0 0 0 0 0 0 0 0 0 0 0 0 0 0 0 0 0 0 0 0 0 0 0 0 0 0 0 0 0 0 0 0 0 0 1114 1137 1167 1184 0 1228 1245 1274 1288 1319 1342 1367 1387 1408 1429 1449 1476 1497 1524 1543 1549 1601 1603 1623 1658 1678 1705 1734 1749 1761 1784 1811 1838 1857 1876 1892 1911 1927
0 0 0 0 0 0 0 0 0 0 0 0 0 0 0 0 0 0 0 0 0 0 0 0 0 0 0 0 0 0 0 0 0 0 0 0 0 0 0 0 0 0 0 0 0 0 0 0 0 0 0 0 0 0 0 0 0 0 0 1115 1130 1128 0 1222 1239 1279 1299 1323 1354 1361 1384 1410 1422 1457 1475 1492 1523 1536 1560 1571 1605 1624 1646 1673 1688 1724 1750 1762 1777 1814 1830 1842 1863 1893 1912 1944
0 0 0 0 0 0 0 0 0 0 0 0 0 0 0 0 0 0 0 0 0 0 0 0 0 0 0 0 0 0 0 0 0 0 0 0 0 0 0 0 0 0 0 0 0 0 0 0 0 0 0 0 0 0 0 0 0 0 0 0 1096 0 0 1224 1242 1272 1285 0 0 1363 1388 1407 1425 1453 1475 1483 1522 1533 1552 1581 1596 1625 1637 1660 1681 1732 1751 1755 1778 1815 1826 1833 1864 1880 1905 1945
0 0 0 0 0 0 0 0 0 0 0 0 0 0 0 0 0 0 0 0 0 0 0 0 0 0 0 0 0 0 0 0 0 0 0 0 0 0 0 0 0 0 0 0 0 0 0 0 0 0 0 0 0 0 0 0 0 0 0 0 1068 0 0 0 1225 1238 0 0 0 0 0 1406 1431 1459 1457 1490 1511 1524 1562 1585 1594 1609 1628 1656 1683 1708 1740 1749 1765 1794 1814 1842 1852 1881 1905 1939
