output/arrival_times.asc
NCOLS 255
NROWS 330
XLLCORNER -2985163.8955
YLLCORNER -3022031.214
CELLSIZE 25000
NODATA_value 0
[rows 55 to 109 of 330, columns 0 to 95 of 255]
0 0 0 0 0 0 0 0 0 0 0 0 0 0 0 0 0 0 0 0 0 0 0 0 0 0 0 0 0 0 0 0 0 0 0 0 0 0 0 0 0 0 0 0 0 0 0 0 0 0 4300 4355 4200 4100 0 4407 4417 4423 4430 4436 4442 4447 4452 4457 4462 4466 4472 4476 4482 4487 4492 4498 4502 4508 4512 4518 4522 4527 4531 4536 4541 4546 4550 4555 4560 4565 4569 4573 4576 4581 4585 4589 4593 4599 4604 4608
0 0 0 0 0 0 0 0 0 0 0 0 0 0 0 0 0 0 0 0 0 0 0 0 0 0 0 0 0 0 0 0 0 0 0 0 0 0 0 0 0 0 0 0 0 0 0 0 0 0 4353 4365 4375 4300 4403 4414 4426 4434 4441 4448 4454 4460 4466 4470 4475 4481 4485 4490 4494 4500 4505 4511 4516 4522 4526 4530 4535 4540 4545 4549 4554 4558 4563 4568 4573 4578 4583 4586 4589 4593 4598 4604 4609 4612 4616 4620
0 0 0 0 0 0 0 0 0 0 0 0 0 0 0 0 0 0 0 0 0 0 0 0 0 0 0 0 0 0 0 0 0 0 0 0 0 0 0 0 0 0 0 0 0 0 0 0 0 4347 4359 4371 4383 4396 4408 4420 4433 4443 4452 4459 4466 4472 4478 4482 4488 4494 4499 4503 4508 4513 4518 4523 4529 4534 4538 4543 4548 4554 4558 4562 4567 4572 4576 4581 4586 4592 4597 4602 4605 4605 4612 4616 4622 4626 4629 4633
0 0 0 0 0 0 0 0 0 0 0 0 0 0 0 0 0 0 0 0 0 0 0 0 0 0 0 0 0 0 0 0 0 0 0 0 0 0 0 0 0 0 0 0 0 0 0 0 4200 4351 4363 4376 4388 4401 4414 4426 4438 4450 4461 4470 4478 4485 4490 4495 4501 4507 4511 4516 4521 4526 4531 4536 4542 4547 4552 4557 4562 4567 4571 4575 4580 4585 4590 4595 4602 4607 4612 4617 4621 4626 4626 4633 4636 4639 4643 4646
0 0 0 0 0 0 0 0 0 0 0 0 0 0 0 0 0 0 0 0 0 0 0 0 0 0 0 0 0 0 0 0 0 0 0 0 0 0 0 0 0 0 0 0 0 0 0 4330 4343 4356 4368 4380 4392 4405 4418 4432 4444 4457 4469 4479 4488 4496 4503 4508 4514 4520 4524 4530 4534 4540 4545 4550 4555 4560 4565 4570 4575 4580 4585 4589 4595 4601 4605 4610 4615 4620 4625 4629 4634 4638 4642 0 4650 4653 4657 4662
0 0 0 0 0 0 0 0 0 0 0 0 0 0 0 0 0 0 0 0 0 0 0 0 0 0 0 0 0 0 0 0 0 0 0 0 0 0 0 0 0 0 0 0 0 0 4200 4333 4346 4360 4372 4384 4397 4410 4424 4437 4450 4462 4476 4487 4498 4507 4514 4520 4526 4532 4537 4543 4547 4553 4558 4563 4568 4573 4578 4583 4589 4594 4600 4605 4610 4614 4618 4623 4627 4633 4638 4642 4646 4650 4655 4659 4664 4667 4672 4676
0 0 0 0 0 0 0 0 0 0 0 0 0 0 0 0 0 0 0 0 0 0 0 0 0 0 0 0 0 0 0 0 0 0 0 0 0 0 0 0 0 0 0 0 0 4314 4325 4337 4351 4364 4376 4389 4403 4415 4429 4442 4455 4468 4481 4493 4505 4516 4525 4532 4539 4545 4551 4556 4561 4566 4571 4576 4581 4587 4592 4597 4604 4609 4613 4618 4623 4627 4632 4636 4640 4646 4651 4655 4660 4664 4669 4674 4677 4681 4686 4690
0 0 0 0 0 0 0 0 0 0 0 0 0 0 0 0 0 0 0 0 0 0 0 0 0 0 0 0 0 0 0 0 0 0 0 0 0 0 0 0 0 0 0 4292 4307 4317 4330 4342 4356 4368 4381 4393 4408 4421 4434 4447 4461 4473 4487 4499 4511 4523 4533 4543 4551 4557 4563 4569 4574 4580 4585 4589 4595 4601 4606 4611 4616 4621 4626 4631 4636 4641 4645 4649 4655 4660 4664 4669 4673 4678 4682 4687 4691 4697 4702 4707
0 0 0 0 0 0 0 0 0 0 0 0 0 0 0 0 0 0 0 0 0 0 0 0 0 0 0 0 0 0 0 0 0 0 0 0 0 0 0 0 0 0 0 4296 4310 4322 4334 4347 4361 4373 4386 4400 4413 4426 4439 4452 4465 4479 4492 4505 4518 4530 4541 4552 4562 4570 4576 4581 4587 4593 4599 4604 4609 4614 4619 4625 4630 4635 4640 4645 4649 4654 4659 4663 4668 4673 4678 4682 4687 4692 4698 4703 4707 4711 4716 4720
0 0 0 0 0 0 0 0 0 0 0 0 0 0 0 0 0 0 0 0 0 0 0 0 0 0 0 0 0 0 0 0 0 0 0 0 0 0 0 0 0 0 4286 4301 4313 4326 4339 4352 4365 4378 4391 4404 4417 4431 4444 4457 4470 4484 4497 4510 4523 4536 4548 4560 4571 4580 4587 4594 4601 4607 4612 4617 4622 4627 4633 4638 4643 4649 4653 4658 4663 4668 4672 4677 4681 4686 4691 4697 4702 4707 4712 4717 4721 4726 4730 4734
0 0 0 0 0 0 0 0 0 0 0 0 0 0 0 0 0 0 0 0 0 0 0 0 0 0 0 0 0 0 0 0 0 0 0 0 0 0 0 0 0 4278 4290 4305 4317 4330 4344 4356 4369 4383 4396 4410 4423 4435 4449 4462 4475 4489 4502 4515 4528 4541 4554 4567 4578 4589 4600 4608 4614 4619 4625 4629 4635 4640 4645 4652 4656 4662 4666 4672 4676 4681 4686 4690 4695 4702 4707 4711 4717 4721 4726 4730 4734 4738 4742 4747
0 0 0 0 0 0 0 0 0 0 0 0 0 0 0 0 0 0 0 0 0 0 0 0 0 0 0 0 0 0 0 0 0 0 0 0 0 0 0 4260 4269 4281 4295 4309 4321 4334 4347 4360 4374 4387 4402 4415 4428 4440 4454 4467 4481 4494 4507 4520 4534 4546 4558 4572 4585 4598 4609 4618 4626 4633 4638 4643 4649 4653 4659 4664 4669 4674 4680 4685 4690 4695 4701 4705 4710 4715 4720 4725 4730 4734 4739 4744 4748 4752 4756 4762
0 0 0 0 0 0 0 0 0 0 0 0 0 0 0 0 0 0 0 0 0 0 0 0 0 0 0 0 0 0 0 0 0 0 0 0 0 0 0 4262 4272 4284 4301 4313 4325 4339 4352 4365 4377 4392 4407 4420 4433 4446 4459 4472 4486 4500 4512 4525 4538 4551 4565 4578 4591 4605 4617 4627 4636 4644 4650 4656 4662 4667 4673 4677 4683 4688 4694 4700 4705 4710 4714 4719 4724 4729 4734 4738 4743 4748 4752 4757 4761 4766 4770 4775
0 0 0 0 0 0 0 0 0 0 0 0 0 0 0 0 0 0 0 0 0 0 0 0 0 0 0 0 0 0 0 0 0 0 0 0 0 0 0 0 4275 4288 4305 4317 4330 4343 4356 4370 4383 4397 4411 4425 4438 4451 4464 4477 4491 4504 4517 4530 4544 4557 4570 4583 4597 4611 4623 4635 4646 4654 4662 4669 4674 4680 4685 4691 4698 4703 4708 4713 4719 4723 4729 4733 4739 4743 4747 4752 4756 4761 4767 4771 4775 4780 4784 4788
0 0 0 0 0 0 0 0 0 0 0 0 0 0 0 0 0 0 0 0 0 0 0 0 0 0 0 0 0 0 0 0 0 0 0 0 0 0 0 0 4279 4293 4308 4322 4335 4348 4362 4375 4388 4403 4417 4430 4443 4456 4469 4482 4496 4509 4523 4536 4549 4562 4575 4588 4604 4616 4628 4641 4654 4664 4673 4680 4686 4692 4701 4706 4711 4717 4722 4726 4732 4737 4741 4747 4751 4756 4761 4766 4770 4775 4779 4784 4789 4792 4797 4802
0 0 0 0 0 0 0 0 0 0 0 0 0 0 0 0 0 0 0 0 0 0 0 0 0 0 0 0 0 0 0 0 0 0 0 0 0 0 0 0 4284 4300 4313 4326 4340 4353 4367 4380 4393 4408 4421 4435 4448 4461 4474 4487 4501 4514 4527 4540 4553 4566 4580 4593 4608 4622 4635 4647 4660 4672 4682 4691 4700 4708 4714 4719 4724 4730 4735 4740 4745 4749 4754 4759 4764 4770 4774 4779 4784 4788 4792 4798 4803 4807 4811 4816
0 0 0 0 0 0 0 0 0 0 0 0 0 0 0 0 0 0 0 0 0 0 0 0 0 0 0 0 0 0 0 0 0 0 0 0 0 0 0 4274 4289 4304 4318 4332 4344 4358 4371 4385 4399 4413 4426 4439 4452 4466 4479 4492 4505 4519 4532 4545 4558 4571 4585 4599 4613 4626 4640 4653 4665 4678 4690 4703 4711 4719 4726 4732 4738 4742 4748 4753 4759 4763 4768 4774 4778 4784 4788 4791 4797 4802 4807 4812 4817 4821 4826 4831
0 0 0 0 0 0 0 0 0 0 0 0 0 0 0 0 0 0 0 0 0 0 0 0 0 0 0 0 0 0 0 0 0 0 0 0 0 0 4268 4278 4294 4309 4323 4336 4349 4362 4375 4390 4404 4419 4431 4444 4458 4470 4483 4497 4510 4524 4536 4549 4562 4575 4590 4604 4618 4632 4645 4658 4671 4683 4698 4711 4721 4730 4738 4744 4750 4755 4760 4766 4772 4777 4782 4787 4792 4797 4803 4807 4811 4816 4821 4826 4831 4835 4839 4843
0 0 0 0 0 0 0 0 0 0 0 0 0 0 0 0 0 0 0 0 0 0 0 0 0 0 0 0 0 0 0 0 0 0 0 0 0 0 4272 4282 4299 4313 4327 4340 4354 4366 4380 4395 4409 4422 4436 4449 4462 4475 4488 4502 4515 4528 4542 4554 4567 4581 4594 4610 4623 4637 4650 4663 4676 4689 4704 4717 4728 4739 4748 4756 4763 4768 4773 4779 4784 4790 4795 4801 4806 4811 4816 4821 4825 4830 4835 4840 4844 4847 4852 4857
0 0 0 0 0 0 0 0 0 0 0 0 0 0 0 0 0 0 0 0 0 0 0 0 0 0 0 0 0 0 0 0 0 0 0 0 0 0 0 4287 4304 4317 4332 4344 4358 4371 4385 4401 4413 4426 4440 4453 4467 4480 4493 4507 4520 4533 4546 4559 4572 4586 4602 4615 4628 4641 4655 4667 4680 4693 4708 4722 4735 4747 4758 4767 4773 4781 4787 4791 4797 4804 4809 4814 4819 4824 4829 4834 4839 4843 4848 4852 4858 4862 4866 4871
0 0 0 0 0 0 0 0 0 0 0 0 0 0 0 0 0 0 0 0 0 0 0 0 0 0 0 0 0 0 0 0 0 0 0 0 0 0 0 4293 4308 4322 4335 4349 4363 4376 4390 4404 4418 4431 4444 4457 4472 4485 4498 4511 4524 4537 4551 4564 4577 4591 4606 4619 4633 4647 4659 4672 4686 4701 4714 4728 4741 4753 4766 4776 4785 4793 4801 4806 4811 4817 4822 4827 4832 4837 4842 4847 4851 4857 4861 4866 4871 4875 4880 4885
0 0 0 0 0 0 0 0 0 0 0 0 0 0 0 0 0 0 0 0 0 0 0 0 0 0 0 0 0 0 0 0 0 0 0 0 0 0 0 4299 4313 4326 4339 4353 4366 4380 4394 4409 4423 4436 4448 4462 4476 4489 4502 4515 4528 4542 4555 4570 4583 4597 4611 4623 4637 4651 4664 4677 4691 4706 4719 4732 4746 4759 4772 4783 4794 4805 4813 4819 4824 4830 4836 4841 4846 4851 4856 4860 4865 4870 4874 4879 4884 4889 4894 4899
0 0 0 0 0 0 0 0 0 0 0 0 0 0 0 0 0 0 0 0 0 0 0 0 0 0 0 0 0 0 0 0 0 0 0 0 0 0 0 4304 4318 4332 4344 4358 4370 4384 4400 4414 4427 4440 4453 4466 4480 4493 4506 4520 4533 4546 4560 4574 4587 4602 4615 4628 4641 4655 4669 4682 4697 4711 4724 4738 4751 4764 4777 4790 4803 4814 4823 4830 4838 4843 4848 4853 4859 4863 4869 4873 4878 4883 4888 4893 4899 4904 4909 4913
0 0 0 0 0 0 0 0 0 0 0 0 0 0 0 0 0 0 0 0 0 0 0 0 0 0 0 0 0 0 0 0 0 0 0 0 0 0 4293 4309 4323 4336 4349 4362 4375 4389 4404 4418 4432 4444 4458 4471 4484 4498 4511 4524 4538 4551 4565 4578 4592 4606 4619 4633 4646 4660 4674 4687 4703 4716 4729 4743 4756 4769 4782 4795 4810 4822 4832 4842 4849 4856 4861 4867 4872 4877 4882 4887 4892 4897 4903 4908 4914 4918 4922 4927
0 0 0 0 0 0 0 0 0 0 0 0 0 0 0 0 0 0 0 0 0 0 0 0 0 0 0 0 0 0 0 0 0 0 0 0 0 0 4299 4313 4327 4340 4353 4366 4380 4394 4408 4422 4436 4449 4462 4475 4489 4502 4516 4529 4542 4555 4569 4582 4596 4611 4624 4638 4651 4664 4678 4692 4708 4721 4734 4748 4761 4775 4788 4802 4815 4828 4840 4851 4860 4867 4874 4880 4885 4890 4896 4902 4907 4912 4916 4922 4927 4931 4936 4940
0 0 0 0 0 0 0 0 0 0 0 0 0 0 0 0 0 0 0 0 0 0 0 0 0 0 0 0 0 0 0 0 0 0 0 0 0 4288 4304 4317 4331 4345 4358 4371 4384 4398 4413 4427 4441 4454 4467 4480 4494 4508 4521 4533 4547 4559 4573 4587 4601 4615 4629 4643 4656 4669 4682 4697 4713 4725 4739 4752 4766 4779 4793 4807 4820 4833 4847 4859 4869 4878 4886 4892 4899 4905 4910 4915 4920 4926 4930 4935 4940 4945 4950 4954
0 0 0 0 0 0 0 0 0 0 0 0 0 0 0 0 0 0 0 0 0 0 0 0 0 0 0 0 0 0 0 0 0 0 0 0 0 4294 4309 4321 4335 4349 4363 4375 4388 4403 4417 4431 4445 4458 4471 4484 4497 4512 4525 4538 4551 4564 4578 4591 4606 4620 4634 4647 4661 4674 4687 4703 4717 4730 4744 4758 4771 4785 4798 4812 4825 4838 4852 4865 4876 4887 4897 4905 4912 4918 4924 4929 4934 4939 4944 4949 4953 4958 4963 4968
0 0 0 0 0 0 0 0 0 0 0 0 0 0 0 0 0 0 0 0 0 0 0 0 0 0 0 0 0 0 0 0 0 0 0 0 0 4298 4313 4326 4339 4353 4367 4379 4393 4407 4420 4435 4448 4462 4474 4488 4501 4516 4529 4542 4555 4569 4582 4597 4611 4625 4639 4652 4665 4678 4692 4708 4722 4735 4749 4763 4776 4789 4804 4818 4831 4844 4857 4870 4883 4896 4907 4916 4924 4931 4937 4942 4947 4952 4958 4962 4967 4972 4977 4981
0 0 0 0 0 0 0 0 0 0 0 0 0 0 0 0 0 0 0 0 0 0 0 0 0 0 0 0 0 0 0 0 0 0 0 0 0 4303 4316 4330 4343 4357 4370 4384 4398 4411 4425 4439 4452 4466 4479 4492 4505 4519 4534 4547 4560 4573 4586 4603 4616 4630 4643 4657 4670 4683 4698 4712 4726 4740 4754 4767 4780 4795 4809 4822 4836 4849 4862 4876 4889 4903 4916 4926 4935 4942 4949 4955 4960 4966 4971 4976 4981 4986 4990 4995
0 0 0 0 0 0 0 0 0 0 0 0 0 0 0 0 0 0 0 0 0 0 0 0 0 0 0 0 0 0 0 0 0 0 0 0 0 4307 4321 4334 4348 4362 4375 4389 4403 4416 4429 4442 4455 4470 4484 4496 4510 4524 4537 4552 4565 4578 4592 4607 4620 4634 4647 4661 4674 4688 4704 4717 4731 4745 4758 4772 4785 4800 4814 4828 4841 4854 4868 4881 4894 4908 4922 4934 4945 4954 4961 4968 4973 4978 4984 4990 4995 5000 5005 5010
0 0 0 0 0 0 0 0 0 0 0 0 0 0 0 0 0 0 0 0 0 0 0 0 0 0 0 0 0 0 0 0 0 0 0 0 0 4312 4326 4339 4353 4367 4379 4393 4407 4421 4434 4447 4460 4474 4488 4502 4515 4527 4541 4555 4569 4582 4596 4612 4625 4638 4652 4666 4679 4693 4708 4722 4736 4750 4762 4776 4790 4805 4819 4832 4845 4859 4872 4885 4900 4914 4927 4940 4953 4962 4972 4980 4986 4991 4997 5003 5008 5013 5018 5023
0 0 0 0 0 0 0 0 0 0 0 0 0 0 0 0 0 0 0 0 0 0 0 0 0 0 0 0 0 0 0 0 0 0 0 0 0 4316 4330 4344 4358 4371 4383 4399 4412 4425 4439 4452 4465 4478 4491 4506 4519 4532 4546 4559 4573 4587 4602 4616 4630 4643 4657 4671 4684 4700 4713 4727 4739 4754 4767 4781 4795 4810 4823 4837 4850 4864 4877 4890 4906 4919 4932 4945 4958 4970 4981 4991 4998 5005 5011 5017 5022 5027 5031 5037
0 0 0 0 0 0 0 0 0 0 0 0 0 0 0 0 0 0 0 0 0 0 0 0 0 0 0 0 0 0 0 0 0 0 0 0 0 4320 4336 4349 4362 4375 4388 4403 4415 4429 4443 4456 4469 4482 4496 4509 4523 4536 4551 4564 4578 4592 4606 4620 4634 4647 4661 4675 4689 4705 4718 4730 4744 4758 4772 4786 4801 4814 4828 4842 4855 4869 4882 4895 4910 4923 4937 4950 4963 4976 4988 5001 5009 5016 5023 5030 5036 5041 5046 5051
0 0 0 0 0 0 0 0 0 0 0 0 0 0 0 0 0 0 0 0 0 0 0 0 0 0 0 0 0 0 0 0 0 0 0 0 0 4320 4340 4354 4368 4380 4392 4406 4419 4433 4446 4459 4473 4487 4500 4512 4527 4541 4555 4568 4582 4596 4611 4625 4637 4651 4665 4678 4693 4708 4722 4735 4749 4763 4776 4790 4805 4819 4833 4847 4860 4873 4886 4901 4915 4928 4942 4955 4969 4981 4995 5008 5019 5028 5036 5042 5048 5054 5059 5065
0 0 0 0 0 0 0 0 0 0 0 0 0 0 0 0 0 0 0 0 0 0 0 0 0 0 0 0 0 0 0 0 0 0 0 0 0 0 4340 4354 4372 4384 4397 4410 4423 4437 4451 4464 4477 4491 4504 4517 4531 4545 4558 4572 4585 4602 4616 4629 4642 4655 4669 4681 4698 4712 4725 4739 4753 4767 4780 4794 4809 4824 4837 4851 4864 4877 4891 4907 4920 4933 4947 4960 4974 4987 5001 5014 5025 5037 5046 5055 5061 5067 5072 5077
0 0 0 0 0 0 0 0 0 0 0 0 0 0 0 0 0 0 0 0 0 0 0 0 0 0 0 0 0 0 0 0 0 0 0 0 0 0 4340 0 4372 4388 4402 4414 4426 4441 4454 4468 4481 4494 4508 4522 4534 4548 4561 4576 4590 4606 4620 4633 4646 4660 4672 4686 4702 4716 4729 4743 4757 4771 4785 4800 4814 4828 4842 4855 4868 4882 4897 4912 4924 4938 4951 4965 4978 4991 5006 5019 5032 5045 5056 5065 5073 5080 5085 5091
0 0 0 0 0 0 0 0 0 0 0 0 0 0 0 0 0 0 0 0 0 0 0 0 0 0 0 0 0 0 0 0 0 0 0 0 0 0 0 0 0 0 4406 4417 4429 4443 4458 4471 4484 4498 4511 4525 4538 4552 4566 4580 4595 4610 4623 4637 4651 4664 4677 4689 4706 4719 4734 4748 4762 4776 4790 4805 4819 4832 4845 4859 4873 4887 4901 4916 4929 4943 4956 4970 4983 4997 5011 5024 5038 5051 5064 5074 5083 5091 5098 5105
0 0 0 0 0 0 0 0 0 0 0 0 0 0 0 0 0 0 0 0 0 0 0 0 0 0 0 0 0 0 0 0 0 0 0 0 0 0 0 0 0 0 0 4420 4433 4446 4460 4473 4487 4501 4514 4528 4542 4556 4570 4583 4599 4613 4627 4641 4654 4668 4681 4695 4710 4724 4739 4752 4766 4780 4794 4808 4822 4836 4849 4863 4878 4891 4906 4920 4934 4948 4961 4975 4988 5002 5017 5030 5043 5057 5070 5082 5093 5102 5111 5118
0 0 0 0 0 0 0 0 0 0 0 0 0 0 0 0 0 0 0 0 0 0 0 0 0 0 0 0 0 0 0 0 0 0 0 0 0 0 0 0 0 0 0 4422 4434 4448 4461 4475 4489 4504 4516 4531 4545 4559 4573 4586 4603 4616 4631 4644 4658 4672 4685 4700 4714 4728 4742 4756 4770 4784 4798 4813 4826 4840 4854 4867 4881 4896 4910 4925 4939 4953 4966 4979 4993 5008 5022 5035 5049 5061 5076 5088 5101 5112 5121 5130
0 0 0 0 0 0 0 0 0 0 0 0 0 0 0 0 0 0 0 0 0 0 0 0 0 0 0 0 0 0 0 0 0 0 0 0 0 0 0 0 0 0 0 0 4436 4450 4463 4476 4490 4505 4518 4532 4546 4561 4575 4590 4606 4619 4634 4647 4661 4675 4689 4705 4718 4732 4746 4759 4773 4787 4803 4817 4830 4845 4857 4871 4885 4899 4915 4929 4943 4957 4971 4984 4997 5013 5027 5040 5053 5067 5080 5094 5108 5120 5131 5141
0 0 0 0 0 0 0 0 0 0 0 0 0 0 0 0 0 0 0 0 0 0 0 0 0 0 0 0 0 0 0 0 0 0 0 0 0 0 0 0 0 0 0 0 0 4451 4463 4476 4491 4505 4519 4533 4547 4563 4577 4592 4608 4622 4637 4651 4664 4678 4693 4708 4722 4735 4749 4763 4776 4790 4806 4820 4835 4848 4862 4876 4889 4905 4919 4932 4947 4961 4975 4989 5004 5018 5031 5045 5058 5072 5086 5101 5114 5127 5138 5150
0 0 0 0 0 0 0 0 0 0 0 0 0 0 0 0 0 0 0 0 0 0 0 0 0 0 0 0 0 0 0 0 0 0 0 0 0 0 0 0 0 0 0 0 4437 4451 4464 4477 4492 4505 4520 4533 4548 4563 4578 4593 4609 4624 4638 4653 4666 4681 4696 4711 4725 4739 4752 4766 4780 4794 4810 4824 4838 4852 4866 4881 4894 4908 4923 4936 4950 4965 4978 4994 5009 5022 5035 5049 5063 5077 5091 5106 5120 5132 5145 5157
0 0 0 0 0 0 0 0 0 0 0 0 0 0 0 0 0 0 0 0 0 0 0 0 0 0 0 0 0 0 0 0 0 0 0 0 0 0 0 0 0 0 0 4426 4438 4452 4464 4477 4492 4505 4520 4533 4548 4564 4578 4594 4609 4625 4639 4654 4668 4682 4698 4713 4727 4741 4755 4769 4784 4798 4813 4827 4841 4855 4869 4883 4899 4913 4927 4940 4954 4969 4984 4998 5013 5027 5040 5054 5068 5082 5095 5110 5124 5138 5151 5164
0 0 0 0 0 0 0 0 0 0 0 0 0 0 0 0 0 0 0 0 0 0 0 0 0 0 0 0 0 0 0 0 0 0 0 0 0 0 0 0 0 0 0 0 4441 4453 4465 4478 4492 4505 4520 4533 4548 4564 4578 4594 4609 4625 4639 4654 4668 4683 4699 4714 4728 4743 4757 4771 4786 4801 4815 4830 4844 4857 4872 4886 4902 4916 4930 4944 4958 4973 4987 5003 5017 5030 5045 5059 5073 5086 5101 5115 5129 5143 5157 5170
0 0 0 0 0 0 0 0 0 0 0 0 0 0 0 0 0 0 0 0 0 0 0 0 0 0 0 0 0 0 0 0 0 0 0 0 0 0 0 0 0 0 0 0 4444 4455 4466 4479 4492 4505 4520 4533 4548 4564 4578 4594 4609 4625 4639 4654 4668 4683 4699 4714 4729 4744 4758 4772 4787 4803 4817 4832 4846 4860 4875 4889 4904 4919 4933 4947 4962 4976 4991 5006 5020 5034 5048 5063 5077 5091 5106 5120 5134 5148 5162 5175
0 0 0 0 0 0 0 0 0 0 0 0 0 0 0 0 0 0 0 0 0 0 0 0 0 0 0 0 0 0 0 0 0 0 0 0 0 0 0 0 0 0 0 0 0 4457 4468 4479 4492 4505 4519 4533 4548 4564 4578 4594 4609 4625 4639 4654 4668 4683 4699 4714 4729 4744 4758 4773 4787 4804 4818 4833 4847 4862 4877 4892 4907 4922 4935 4950 4965 4979 4994 5010 5024 5037 5052 5066 5081 5095 5110 5125 5137 5153 5166 5180
0 0 0 0 0 0 0 0 0 0 0 0 0 0 0 0 0 0 0 0 0 0 0 0 0 0 0 0 0 0 0 0 0 0 0 0 0 0 0 0 0 0 0 0 0 0 4469 4481 4492 4506 4519 4532 4547 4563 4578 4594 4609 4624 4639 4654 4668 4683 4699 4714 4729 4744 4758 4773 4787 4804 4818 4833 4848 4862 4878 4893 4909 4924 4938 4953 4968 4982 4997 5012 5027 5041 5055 5070 5085 5101 5115 5129 5143 5158 5171 5185
0 0 0 0 0 0 0 0 0 0 0 0 0 0 0 0 0 0 0 0 0 0 0 0 0 0 0 0 0 0 0 0 0 0 0 0 0 0 0 0 0 0 0 0 0 0 0 4482 4493 4506 4519 4532 4547 4562 4578 4593 4609 4624 4638 4654 4668 4683 4699 4714 4729 4744 4758 4773 4787 4804 4818 4833 4848 4862 4878 4894 4909 4925 4939 4954 4970 4985 5000 5015 5030 5044 5058 5074 5089 5104 5119 5133 5147 5162 5175 5189
0 0 0 0 0 0 0 0 0 0 0 0 0 0 0 0 0 0 0 0 0 0 0 0 0 0 0 0 0 0 0 0 0 0 0 0 0 0 0 0 0 0 0 0 0 0 0 4483 4494 4506 4520 4532 4546 4561 4577 4592 4608 4623 4638 4653 4668 4682 4698 4713 4728 4744 4758 4773 4787 4804 4818 4833 4848 4862 4878 4894 4909 4925 4940 4955 4971 4986 5002 5016 5032 5047 5061 5077 5091 5107 5121 5136 5152 5166 5180 5194
0 0 0 0 0 0 0 0 0 0 0 0 0 0 0 0 0 0 0 0 0 0 0 0 0 0 0 0 0 0 0 0 0 0 0 0 0 0 0 0 0 0 0 0 0 0 0 0 4494 4507 4521 4531 4546 4560 4575 4591 4607 4622 4637 4652 4667 4682 4698 4713 4727 4743 4757 4772 4787 4803 4818 4833 4848 4862 4878 4894 4909 4925 4940 4955 4971 4986 5002 5017 5033 5048 5063 5078 5094 5110 5124 5139 5154 5169 5183 5198
0 0 0 0 0 0 0 0 0 0 0 0 0 0 0 0 0 0 0 0 0 0 0 0 0 0 0 0 0 0 0 0 0 0 0 0 0 0 0 0 0 0 0 0 0 0 0 0 0 4507 4521 4531 4545 4560 4575 4590 4607 4621 4636 4651 4666 4681 4697 4712 4727 4742 4757 4771 4786 4803 4817 4833 4847 4862 4878 4894 4909 4925 4940 4955 4971 4986 5002 5017 5033 5049 5063 5079 5095 5111 5126 5141 5157 5172 5186 5201
0 0 0 0 0 0 0 0 0 0 0 0 0 0 0 0 0 0 0 0 0 0 0 0 0 0 0 0 0 0 0 0 0 0 0 0 0 0 0 0 0 0 0 0 0 0 0 0 0 0 4521 4531 4545 4559 4574 4589 4606 4621 4635 4650 4665 4680 4696 4711 4726 4741 4756 4771 4785 4802 4817 4832 4846 4862 4876 4892 4909 4925 4940 4955 4971 4986 5002 5017 5033 5049 5064 5079 5095 5112 5127 5141 5157 5173 5188 5203
0 0 0 0 0 0 0 0 0 0 0 0 0 0 0 0 0 0 0 0 0 0 0 0 0 0 0 0 0 0 0 0 0 0 0 0 0 0 0 0 0 0 0 0 0 0 0 0 0 0 4521 0 4545 4559 4573 4588 4605 4620 4635 4649 4664 4679 4695 4711 4725 4740 4754 4770 4785 4801 4816 4831 4846 4862 4876 4891 4909 4924 4939 4955 4971 4986 5002 5017 5033 5049 5064 5079 5095 5112 5127 5141 5158 5174 5189 5204
0 0 0 0 0 0 0 0 0 0 0 0 0 0 0 0 0 0 0 0 0 0 0 0 0 0 0 0 0 0 0 0 0 0 0 0 0 0 0 0 0 0 0 0 0 0 0 0 0 0 0 0 4544 4558 4572 4587 4605 4619 4634 4648 4664 4678 4694 4710 4724 4739 4754 4770 4784 4800 4815 4830 4845 4861 4875 4890 4908 4923 4938 4954 4970 4985 5002 5017 5033 5049 5064 5079 5095 5112 5127 5142 5158 5174 5189 5204
0 0 0 0 0 0 0 0 0 0 0 0 0 0 0 0 0 0 0 0 0 0 0 0 0 0 0 0 0 0 0 0 0 0 0 0 0 0 0 0 0 0 0 0 0 0 0 0 0 0 0 0 4544 4558 4571 4586 4604 4618 4633 4648 4662 4677 4693 4709 4724 4738 4754 4768 4784 4799 4814 4828 4845 4859 4875 4890 4906 4922 4938 4953 4968 4984 5000 5016 5032 5048 5064 5079 5095 5111 5127 5142 5158 5174 5189 5204
