output/arrival_times.asc
NCOLS 255
NROWS 330
XLLCORNER -2985163.8955
YLLCORNER -3022031.214
CELLSIZE 25000
NODATA_value 0
[rows 55 to 109 of 330, columns 0 to 95 of 255]
0 0 0 0 0 0 0 0 0 0 0 0 0 0 0 0 0 0 0 0 0 0 0 0 0 0 0 0 0 0 0 0 0 0 0 0 0 0 0 0 0 0 0 0 0 0 0 0 0 0 0 2507 2520 2533 0 2558 2572 2585 2598 2612 2625 2637 2649 2662 2675 2687 2699 2711 2723 2734 2746 2757 2767 2779 2789 2800 2810 2820 2830 2840 2849 2857 2867 2875 2884 2892 2899 2906 2913 2919 2927 2935 2942 2949 2953 2959
0 0 0 0 0 0 0 0 0 0 0 0 0 0 0 0 0 0 0 0 0 0 0 0 0 0 0 0 0 0 0 0 0 0 0 0 0 0 0 0 0 0 0 0 0 0 0 0 0 0 2505 2518 2531 2545 2558 2572 2585 2598 2612 2625 2638 2651 2664 2677 2689 2701 2713 2726 2738 2750 2761 2772 2783 2795 2805 2815 2826 2836 2846 2856 2866 2875 2883 2892 2901 2910 2917 2923 2929 2936 2944 2953 2961 2967 2972 2977
0 0 0 0 0 0 0 0 0 0 0 0 0 0 0 0 0 0 0 0 0 0 0 0 0 0 0 0 0 0 0 0 0 0 0 0 0 0 0 0 0 0 0 0 0 0 0 0 0 2502 2516 2530 2545 2558 2572 2585 2598 2612 2625 2638 2652 2665 2678 2690 2703 2715 2727 2740 2752 2764 2776 2787 2799 2810 2821 2831 2841 2852 2862 2872 2882 2891 2900 2910 2918 2927 2935 2943 2949 2949 2962 2971 2979 2984 2989 2995
0 0 0 0 0 0 0 0 0 0 0 0 0 0 0 0 0 0 0 0 0 0 0 0 0 0 0 0 0 0 0 0 0 0 0 0 0 0 0 0 0 0 0 0 0 0 0 0 0 2514 2528 2543 2557 2571 2585 2598 2612 2625 2638 2652 2665 2678 2691 2704 2717 2730 2742 2754 2766 2779 2791 2802 2814 2825 2836 2847 2858 2868 2878 2888 2898 2908 2917 2926 2935 2943 2952 2961 2969 2976 2976 2990 2996 3002 3008 3013
0 0 0 0 0 0 0 0 0 0 0 0 0 0 0 0 0 0 0 0 0 0 0 0 0 0 0 0 0 0 0 0 0 0 0 0 0 0 0 0 0 0 0 0 0 0 0 0 2513 2526 2541 2555 2570 2583 2598 2611 2625 2638 2652 2665 2678 2692 2705 2718 2731 2744 2756 2769 2781 2793 2805 2818 2829 2841 2851 2862 2873 2884 2894 2904 2914 2925 2934 2943 2951 2960 2969 2977 2985 2993 3000 0 3014 3020 3026 3032
0 0 0 0 0 0 0 0 0 0 0 0 0 0 0 0 0 0 0 0 0 0 0 0 0 0 0 0 0 0 0 0 0 0 0 0 0 0 0 0 0 0 0 0 0 0 0 2509 2524 2538 2553 2568 2582 2596 2610 2624 2638 2652 2665 2678 2692 2705 2718 2732 2745 2758 2770 2783 2796 2808 2820 2833 2843 2855 2867 2878 2889 2900 2910 2920 2930 2940 2950 2959 2968 2977 2986 2994 3002 3010 3017 3025 3031 3038 3044 3049
0 0 0 0 0 0 0 0 0 0 0 0 0 0 0 0 0 0 0 0 0 0 0 0 0 0 0 0 0 0 0 0 0 0 0 0 0 0 0 0 0 0 0 0 0 0 2507 2522 2537 2551 2565 2580 2594 2609 2623 2637 2651 2665 2678 2692 2705 2718 2732 2745 2759 2772 2785 2798 2810 2822 2834 2847 2858 2870 2882 2893 2904 2915 2926 2937 2946 2956 2967 2976 2985 2994 3002 3011 3019 3027 3035 3042 3050 3056 3062 3068
0 0 0 0 0 0 0 0 0 0 0 0 0 0 0 0 0 0 0 0 0 0 0 0 0 0 0 0 0 0 0 0 0 0 0 0 0 0 0 0 0 0 0 0 2488 2503 2518 2533 2548 2563 2578 2591 2606 2621 2635 2649 2664 2677 2692 2705 2718 2732 2745 2759 2772 2785 2799 2812 2824 2836 2849 2861 2873 2886 2897 2908 2919 2931 2942 2952 2962 2972 2983 2993 3002 3011 3020 3028 3036 3044 3052 3060 3067 3074 3080 3086
0 0 0 0 0 0 0 0 0 0 0 0 0 0 0 0 0 0 0 0 0 0 0 0 0 0 0 0 0 0 0 0 0 0 0 0 0 0 0 0 0 0 0 2484 2499 2514 2529 2545 2559 2575 2589 2604 2618 2632 2647 2662 2676 2690 2704 2718 2732 2745 2759 2772 2785 2799 2812 2825 2838 2851 2863 2876 2888 2900 2912 2923 2935 2947 2957 2967 2978 2989 2999 3009 3019 3028 3036 3045 3053 3062 3069 3077 3085 3092 3098 3104
0 0 0 0 0 0 0 0 0 0 0 0 0 0 0 0 0 0 0 0 0 0 0 0 0 0 0 0 0 0 0 0 0 0 0 0 0 0 0 0 0 0 2479 2494 2510 2525 2541 2556 2571 2586 2601 2616 2631 2645 2659 2674 2688 2702 2717 2731 2745 2758 2772 2785 2799 2812 2825 2839 2852 2865 2878 2890 2903 2915 2926 2939 2950 2962 2973 2984 2994 3005 3015 3025 3035 3044 3053 3062 3070 3079 3087 3095 3102 3110 3116 3122
0 0 0 0 0 0 0 0 0 0 0 0 0 0 0 0 0 0 0 0 0 0 0 0 0 0 0 0 0 0 0 0 0 0 0 0 0 0 0 0 0 2474 2489 2505 2520 2536 2551 2567 2582 2597 2612 2627 2642 2657 2671 2686 2700 2715 2729 2744 2757 2772 2785 2799 2812 2825 2839 2853 2866 2879 2891 2904 2917 2929 2941 2954 2965 2977 2988 3000 3010 3021 3031 3041 3052 3061 3070 3079 3088 3097 3104 3112 3120 3128 3134 3141
0 0 0 0 0 0 0 0 0 0 0 0 0 0 0 0 0 0 0 0 0 0 0 0 0 0 0 0 0 0 0 0 0 0 0 0 0 0 0 2457 2469 2483 2500 2515 2531 2547 2562 2578 2593 2608 2624 2639 2654 2669 2684 2699 2713 2727 2742 2756 2770 2784 2798 2812 2825 2839 2853 2866 2879 2892 2906 2919 2931 2944 2955 2968 2980 2992 3003 3014 3026 3036 3047 3057 3067 3078 3087 3096 3104 3113 3122 3130 3138 3145 3152 3159
0 0 0 0 0 0 0 0 0 0 0 0 0 0 0 0 0 0 0 0 0 0 0 0 0 0 0 0 0 0 0 0 0 0 0 0 0 0 0 2466 2478 2494 2509 2526 2541 2557 2573 2589 2604 2619 2635 2650 2665 2680 2695 2710 2725 2739 2754 2768 2783 2796 2811 2825 2839 2853 2866 2880 2892 2906 2919 2932 2945 2958 2970 2983 2995 3007 3018 3030 3041 3052 3063 3073 3084 3094 3104 3113 3121 3130 3139 3147 3155 3163 3170 3177
0 0 0 0 0 0 0 0 0 0 0 0 0 0 0 0 0 0 0 0 0 0 0 0 0 0 0 0 0 0 0 0 0 0 0 0 0 0 0 0 2487 2503 2519 2535 2552 2567 2583 2599 2615 2630 2646 2661 2676 2691 2707 2722 2737 2751 2766 2781 2795 2809 2823 2838 2852 2866 2879 2892 2906 2919 2933 2946 2959 2971 2984 2997 3010 3022 3033 3045 3056 3067 3079 3089 3100 3110 3120 3129 3138 3147 3156 3164 3173 3180 3188 3195
0 0 0 0 0 0 0 0 0 0 0 0 0 0 0 0 0 0 0 0 0 0 0 0 0 0 0 0 0 0 0 0 0 0 0 0 0 0 0 0 2497 2513 2529 2546 2561 2578 2593 2609 2625 2641 2656 2672 2688 2703 2718 2733 2748 2763 2778 2793 2807 2821 2836 2850 2864 2878 2892 2906 2919 2932 2946 2960 2973 2986 2999 3011 3024 3036 3049 3060 3072 3083 3095 3105 3116 3126 3136 3146 3155 3164 3173 3182 3190 3198 3205 3213
0 0 0 0 0 0 0 0 0 0 0 0 0 0 0 0 0 0 0 0 0 0 0 0 0 0 0 0 0 0 0 0 0 0 0 0 0 0 0 0 2507 2524 2540 2555 2572 2587 2603 2619 2635 2651 2666 2683 2698 2714 2729 2744 2760 2775 2790 2805 2819 2834 2848 2862 2877 2891 2906 2919 2933 2946 2960 2973 2987 3000 3013 3026 3038 3050 3063 3075 3087 3099 3110 3121 3132 3142 3153 3163 3172 3181 3190 3199 3207 3215 3223 3231
0 0 0 0 0 0 0 0 0 0 0 0 0 0 0 0 0 0 0 0 0 0 0 0 0 0 0 0 0 0 0 0 0 0 0 0 0 0 0 2500 2516 2533 2549 2566 2581 2597 2613 2629 2645 2661 2678 2693 2709 2725 2740 2756 2771 2786 2801 2816 2831 2846 2861 2875 2889 2904 2918 2932 2946 2960 2973 2987 3000 3013 3027 3039 3052 3065 3077 3090 3102 3114 3125 3137 3148 3158 3168 3178 3189 3198 3207 3216 3224 3233 3240 3248
0 0 0 0 0 0 0 0 0 0 0 0 0 0 0 0 0 0 0 0 0 0 0 0 0 0 0 0 0 0 0 0 0 0 0 0 0 0 2496 2509 2525 2541 2558 2574 2591 2607 2623 2639 2656 2671 2687 2704 2719 2735 2751 2767 2782 2797 2813 2828 2843 2858 2873 2887 2902 2916 2930 2944 2959 2973 2986 3000 3013 3027 3040 3054 3067 3079 3092 3104 3117 3129 3140 3152 3163 3174 3184 3195 3205 3215 3224 3233 3242 3250 3258 3266
0 0 0 0 0 0 0 0 0 0 0 0 0 0 0 0 0 0 0 0 0 0 0 0 0 0 0 0 0 0 0 0 0 0 0 0 0 0 2505 2518 2534 2550 2567 2583 2600 2617 2633 2649 2665 2681 2698 2713 2730 2745 2761 2777 2793 2808 2824 2839 2855 2870 2885 2899 2914 2928 2943 2957 2972 2986 3000 3013 3026 3040 3054 3067 3081 3094 3106 3119 3132 3144 3156 3167 3179 3190 3201 3211 3221 3231 3241 3250 3259 3267 3276 3283
0 0 0 0 0 0 0 0 0 0 0 0 0 0 0 0 0 0 0 0 0 0 0 0 0 0 0 0 0 0 0 0 0 0 0 0 0 0 0 2525 2542 2559 2575 2592 2609 2626 2642 2659 2675 2692 2708 2724 2740 2755 2772 2787 2803 2819 2835 2850 2866 2881 2896 2911 2926 2941 2956 2970 2983 2999 3013 3026 3041 3054 3068 3081 3094 3107 3121 3134 3146 3158 3171 3182 3195 3205 3216 3227 3237 3248 3258 3267 3276 3284 3293 3301
0 0 0 0 0 0 0 0 0 0 0 0 0 0 0 0 0 0 0 0 0 0 0 0 0 0 0 0 0 0 0 0 0 0 0 0 0 0 0 2534 2551 2568 2583 2600 2618 2634 2651 2668 2685 2701 2717 2733 2750 2766 2782 2797 2814 2829 2845 2861 2877 2892 2908 2922 2938 2953 2967 2982 2997 3011 3025 3040 3054 3068 3081 3094 3108 3121 3135 3148 3160 3173 3186 3198 3209 3221 3232 3243 3253 3264 3274 3284 3293 3302 3310 3319
0 0 0 0 0 0 0 0 0 0 0 0 0 0 0 0 0 0 0 0 0 0 0 0 0 0 0 0 0 0 0 0 0 0 0 0 0 0 0 2542 2560 2575 2593 2610 2626 2643 2660 2676 2694 2710 2726 2743 2760 2776 2792 2808 2824 2840 2856 2871 2888 2903 2919 2934 2949 2964 2980 2994 3009 3023 3038 3053 3066 3081 3094 3108 3121 3135 3149 3162 3175 3187 3200 3212 3224 3236 3248 3259 3270 3280 3290 3301 3310 3318 3328 3335
0 0 0 0 0 0 0 0 0 0 0 0 0 0 0 0 0 0 0 0 0 0 0 0 0 0 0 0 0 0 0 0 0 0 0 0 0 0 0 2551 2568 2584 2601 2618 2635 2652 2669 2686 2702 2719 2735 2752 2769 2786 2802 2818 2834 2850 2866 2882 2898 2914 2930 2945 2961 2975 2991 3006 3021 3036 3051 3065 3079 3094 3107 3121 3135 3148 3162 3175 3189 3202 3215 3227 3240 3251 3263 3275 3285 3297 3306 3317 3327 3335 3345 3353
0 0 0 0 0 0 0 0 0 0 0 0 0 0 0 0 0 0 0 0 0 0 0 0 0 0 0 0 0 0 0 0 0 0 0 0 0 0 2541 2559 2575 2592 2610 2626 2643 2660 2677 2694 2712 2727 2744 2761 2778 2794 2812 2828 2844 2860 2876 2892 2908 2924 2940 2956 2972 2987 3003 3018 3033 3048 3063 3077 3092 3106 3120 3135 3148 3162 3175 3189 3203 3216 3229 3241 3254 3266 3278 3290 3301 3312 3323 3333 3343 3353 3362 3371
0 0 0 0 0 0 0 0 0 0 0 0 0 0 0 0 0 0 0 0 0 0 0 0 0 0 0 0 0 0 0 0 0 0 0 0 0 0 2550 2567 2583 2600 2617 2634 2651 2669 2686 2702 2719 2736 2753 2770 2787 2804 2820 2837 2854 2870 2885 2902 2918 2935 2951 2966 2982 2998 3013 3029 3045 3060 3075 3089 3104 3119 3133 3148 3161 3175 3189 3203 3216 3230 3243 3256 3269 3282 3293 3306 3317 3328 3339 3350 3360 3370 3379 3388
0 0 0 0 0 0 0 0 0 0 0 0 0 0 0 0 0 0 0 0 0 0 0 0 0 0 0 0 0 0 0 0 0 0 0 0 0 2542 2558 2574 2591 2608 2625 2642 2660 2676 2694 2711 2728 2745 2762 2778 2795 2812 2829 2846 2863 2880 2896 2913 2929 2944 2960 2977 2993 3009 3024 3040 3055 3071 3086 3101 3116 3131 3146 3161 3174 3189 3203 3216 3230 3243 3257 3270 3284 3296 3308 3321 3332 3344 3355 3366 3376 3386 3397 3405
0 0 0 0 0 0 0 0 0 0 0 0 0 0 0 0 0 0 0 0 0 0 0 0 0 0 0 0 0 0 0 0 0 0 0 0 0 2549 2565 2582 2599 2616 2633 2650 2667 2685 2702 2719 2736 2753 2771 2787 2804 2821 2838 2855 2871 2888 2905 2922 2939 2955 2971 2986 3003 3019 3035 3051 3067 3082 3098 3113 3128 3143 3158 3172 3187 3201 3216 3230 3243 3257 3270 3284 3298 3311 3323 3335 3348 3360 3371 3382 3392 3403 3413 3422
0 0 0 0 0 0 0 0 0 0 0 0 0 0 0 0 0 0 0 0 0 0 0 0 0 0 0 0 0 0 0 0 0 0 0 0 0 2557 2573 2590 2606 2624 2640 2658 2674 2692 2710 2727 2744 2761 2778 2795 2813 2829 2846 2863 2881 2897 2914 2931 2947 2964 2981 2997 3013 3029 3045 3061 3078 3093 3109 3125 3139 3155 3170 3185 3200 3214 3229 3243 3257 3270 3284 3298 3311 3325 3337 3350 3362 3375 3386 3398 3408 3419 3429 3440
0 0 0 0 0 0 0 0 0 0 0 0 0 0 0 0 0 0 0 0 0 0 0 0 0 0 0 0 0 0 0 0 0 0 0 0 0 2564 2580 2597 2614 2631 2648 2665 2682 2699 2717 2735 2751 2769 2786 2804 2821 2838 2855 2872 2889 2906 2923 2940 2956 2974 2990 3008 3023 3039 3055 3072 3088 3104 3120 3135 3151 3166 3182 3197 3212 3227 3241 3256 3270 3284 3298 3312 3325 3339 3352 3365 3377 3390 3402 3413 3425 3436 3446 3456
0 0 0 0 0 0 0 0 0 0 0 0 0 0 0 0 0 0 0 0 0 0 0 0 0 0 0 0 0 0 0 0 0 0 0 0 0 2572 2588 2605 2621 2638 2655 2672 2689 2707 2724 2741 2759 2776 2794 2811 2829 2846 2863 2880 2897 2914 2932 2948 2965 2982 2999 3016 3033 3050 3066 3082 3098 3114 3130 3146 3162 3178 3193 3208 3224 3239 3254 3268 3283 3297 3312 3326 3338 3353 3366 3379 3392 3405 3417 3429 3441 3452 3462 3473
0 0 0 0 0 0 0 0 0 0 0 0 0 0 0 0 0 0 0 0 0 0 0 0 0 0 0 0 0 0 0 0 0 0 0 0 0 2579 2597 2613 2629 2645 2662 2679 2696 2713 2731 2749 2766 2783 2802 2819 2836 2854 2871 2888 2905 2923 2940 2957 2974 2991 3009 3025 3042 3059 3076 3092 3108 3124 3140 3157 3173 3189 3205 3220 3235 3250 3266 3281 3295 3311 3324 3338 3352 3366 3380 3394 3407 3419 3432 3445 3456 3467 3479 3489
0 0 0 0 0 0 0 0 0 0 0 0 0 0 0 0 0 0 0 0 0 0 0 0 0 0 0 0 0 0 0 0 0 0 0 0 0 2587 2605 2621 2637 2652 2668 2685 2702 2720 2738 2755 2773 2791 2809 2826 2844 2861 2879 2896 2913 2931 2948 2965 2983 3000 3017 3033 3050 3068 3084 3102 3118 3134 3151 3167 3183 3200 3215 3231 3247 3263 3278 3293 3309 3323 3337 3352 3366 3380 3394 3407 3421 3434 3447 3459 3472 3484 3495 3505
0 0 0 0 0 0 0 0 0 0 0 0 0 0 0 0 0 0 0 0 0 0 0 0 0 0 0 0 0 0 0 0 0 0 0 0 0 2593 2614 2629 2645 2660 2676 2692 2709 2726 2744 2762 2780 2797 2815 2833 2851 2868 2886 2903 2921 2938 2956 2973 2991 3008 3025 3042 3059 3076 3093 3110 3127 3144 3161 3177 3193 3209 3226 3242 3258 3274 3290 3305 3320 3335 3350 3365 3379 3394 3407 3421 3435 3449 3462 3474 3487 3499 3511 3522
0 0 0 0 0 0 0 0 0 0 0 0 0 0 0 0 0 0 0 0 0 0 0 0 0 0 0 0 0 0 0 0 0 0 0 0 0 2593 2618 2637 2654 2668 2682 2698 2715 2732 2750 2767 2786 2804 2822 2840 2857 2875 2893 2911 2928 2946 2963 2981 2999 3016 3033 3050 3068 3085 3102 3119 3136 3153 3170 3187 3204 3220 3236 3252 3269 3285 3301 3316 3332 3347 3362 3378 3392 3407 3421 3435 3449 3462 3476 3489 3502 3514 3526 3538
0 0 0 0 0 0 0 0 0 0 0 0 0 0 0 0 0 0 0 0 0 0 0 0 0 0 0 0 0 0 0 0 0 0 0 0 0 0 2618 2637 2661 2677 2690 2704 2721 2738 2756 2773 2792 2810 2828 2846 2864 2882 2899 2917 2936 2953 2971 2989 3006 3024 3041 3058 3076 3093 3110 3127 3145 3163 3179 3196 3213 3230 3247 3263 3279 3295 3312 3328 3343 3359 3374 3389 3405 3419 3434 3449 3463 3476 3490 3504 3516 3530 3542 3554
0 0 0 0 0 0 0 0 0 0 0 0 0 0 0 0 0 0 0 0 0 0 0 0 0 0 0 0 0 0 0 0 0 0 0 0 0 0 2618 0 2661 2683 2697 2711 2726 2743 2761 2779 2798 2815 2833 2851 2870 2887 2906 2924 2942 2960 2978 2996 3013 3031 3048 3066 3084 3101 3118 3136 3154 3171 3188 3205 3222 3239 3256 3273 3289 3306 3322 3338 3354 3370 3386 3402 3417 3432 3447 3462 3476 3490 3504 3517 3531 3545 3557 3570
0 0 0 0 0 0 0 0 0 0 0 0 0 0 0 0 0 0 0 0 0 0 0 0 0 0 0 0 0 0 0 0 0 0 0 0 0 0 0 0 0 0 2702 2717 2732 2749 2766 2785 2802 2821 2839 2857 2875 2893 2911 2930 2948 2966 2984 3002 3020 3038 3056 3074 3091 3109 3126 3144 3162 3179 3196 3214 3231 3247 3265 3282 3299 3316 3332 3348 3365 3381 3397 3413 3429 3444 3459 3474 3489 3504 3517 3531 3546 3559 3572 3585
0 0 0 0 0 0 0 0 0 0 0 0 0 0 0 0 0 0 0 0 0 0 0 0 0 0 0 0 0 0 0 0 0 0 0 0 0 0 0 0 0 0 0 2723 2738 2754 2772 2790 2808 2826 2845 2862 2881 2899 2917 2935 2953 2972 2990 3008 3027 3044 3062 3081 3099 3116 3134 3152 3169 3187 3205 3222 3239 3257 3273 3291 3308 3325 3342 3359 3375 3391 3408 3425 3440 3456 3471 3487 3501 3517 3531 3545 3560 3573 3587 3600
0 0 0 0 0 0 0 0 0 0 0 0 0 0 0 0 0 0 0 0 0 0 0 0 0 0 0 0 0 0 0 0 0 0 0 0 0 0 0 0 0 0 0 2728 2743 2759 2777 2795 2813 2832 2849 2868 2886 2904 2923 2941 2959 2977 2996 3014 3032 3050 3068 3086 3105 3123 3141 3159 3177 3194 3212 3230 3247 3265 3283 3300 3317 3334 3351 3368 3386 3402 3418 3435 3451 3467 3484 3499 3515 3530 3545 3559 3573 3588 3601 3615
0 0 0 0 0 0 0 0 0 0 0 0 0 0 0 0 0 0 0 0 0 0 0 0 0 0 0 0 0 0 0 0 0 0 0 0 0 0 0 0 0 0 0 0 2748 2764 2782 2800 2818 2836 2854 2873 2891 2910 2927 2946 2964 2983 3001 3019 3037 3056 3074 3092 3111 3130 3147 3165 3184 3202 3220 3237 3255 3272 3290 3308 3326 3342 3360 3377 3395 3412 3429 3445 3462 3478 3495 3511 3526 3542 3557 3572 3587 3601 3615 3629
0 0 0 0 0 0 0 0 0 0 0 0 0 0 0 0 0 0 0 0 0 0 0 0 0 0 0 0 0 0 0 0 0 0 0 0 0 0 0 0 0 0 0 0 0 2770 2787 2804 2823 2840 2859 2877 2896 2914 2933 2952 2970 2988 3007 3025 3043 3061 3080 3098 3116 3135 3153 3171 3190 3208 3226 3244 3263 3280 3298 3316 3334 3351 3368 3386 3404 3421 3438 3455 3472 3489 3506 3522 3538 3554 3570 3585 3600 3615 3629 3644
0 0 0 0 0 0 0 0 0 0 0 0 0 0 0 0 0 0 0 0 0 0 0 0 0 0 0 0 0 0 0 0 0 0 0 0 0 0 0 0 0 0 0 0 2759 2775 2791 2809 2827 2845 2863 2882 2901 2919 2938 2956 2974 2993 3011 3030 3048 3067 3085 3104 3122 3141 3159 3177 3195 3214 3232 3251 3269 3287 3305 3323 3341 3359 3377 3395 3413 3430 3447 3464 3482 3499 3516 3532 3549 3565 3581 3598 3613 3628 3643 3657
0 0 0 0 0 0 0 0 0 0 0 0 0 0 0 0 0 0 0 0 0 0 0 0 0 0 0 0 0 0 0 0 0 0 0 0 0 0 0 0 0 0 0 2753 2766 2781 2796 2813 2831 2849 2868 2886 2904 2923 2941 2960 2979 2998 3016 3035 3053 3072 3091 3109 3127 3146 3164 3183 3201 3219 3238 3256 3275 3294 3312 3330 3349 3367 3385 3403 3420 3438 3456 3473 3492 3508 3526 3543 3560 3576 3593 3610 3625 3641 3656 3671
0 0 0 0 0 0 0 0 0 0 0 0 0 0 0 0 0 0 0 0 0 0 0 0 0 0 0 0 0 0 0 0 0 0 0 0 0 0 0 0 0 0 0 0 2773 2787 2801 2818 2835 2853 2871 2890 2908 2927 2946 2964 2983 3002 3020 3039 3058 3076 3095 3113 3132 3151 3169 3188 3206 3225 3243 3262 3280 3299 3318 3337 3355 3373 3392 3410 3428 3446 3464 3482 3500 3517 3535 3552 3570 3587 3604 3620 3638 3654 3669 3684
0 0 0 0 0 0 0 0 0 0 0 0 0 0 0 0 0 0 0 0 0 0 0 0 0 0 0 0 0 0 0 0 0 0 0 0 0 0 0 0 0 0 0 0 2779 2794 2807 2821 2839 2856 2875 2893 2912 2930 2948 2967 2986 3005 3024 3043 3061 3080 3099 3117 3136 3156 3174 3193 3212 3230 3249 3267 3286 3304 3324 3342 3361 3379 3398 3416 3435 3453 3472 3490 3508 3526 3544 3562 3579 3597 3614 3631 3648 3665 3682 3697
0 0 0 0 0 0 0 0 0 0 0 0 0 0 0 0 0 0 0 0 0 0 0 0 0 0 0 0 0 0 0 0 0 0 0 0 0 0 0 0 0 0 0 0 0 2800 2813 2826 2843 2861 2878 2896 2914 2933 2952 2971 2989 3008 3027 3045 3064 3083 3102 3121 3140 3159 3178 3196 3216 3235 3253 3272 3291 3310 3329 3348 3366 3385 3404 3422 3441 3460 3478 3497 3516 3534 3552 3570 3588 3606 3624 3641 3658 3676 3693 3709
0 0 0 0 0 0 0 0 0 0 0 0 0 0 0 0 0 0 0 0 0 0 0 0 0 0 0 0 0 0 0 0 0 0 0 0 0 0 0 0 0 0 0 0 0 0 2819 2832 2847 2864 2882 2899 2917 2936 2955 2974 2993 3011 3030 3049 3068 3087 3105 3124 3143 3162 3181 3200 3219 3238 3257 3276 3295 3314 3333 3352 3371 3390 3409 3427 3447 3465 3484 3504 3522 3540 3560 3578 3596 3614 3632 3650 3669 3686 3703 3721
0 0 0 0 0 0 0 0 0 0 0 0 0 0 0 0 0 0 0 0 0 0 0 0 0 0 0 0 0 0 0 0 0 0 0 0 0 0 0 0 0 0 0 0 0 0 0 2837 2852 2868 2885 2902 2920 2939 2957 2977 2996 3014 3033 3052 3071 3090 3108 3127 3146 3165 3184 3203 3222 3241 3260 3279 3299 3318 3337 3356 3375 3395 3414 3433 3452 3471 3489 3509 3528 3546 3566 3584 3604 3623 3641 3659 3677 3696 3714 3731
0 0 0 0 0 0 0 0 0 0 0 0 0 0 0 0 0 0 0 0 0 0 0 0 0 0 0 0 0 0 0 0 0 0 0 0 0 0 0 0 0 0 0 0 0 0 0 2841 2856 2872 2889 2905 2923 2941 2960 2979 2997 3016 3036 3055 3073 3092 3111 3130 3149 3169 3187 3206 3226 3244 3264 3283 3302 3321 3340 3359 3379 3398 3417 3436 3456 3475 3495 3515 3533 3552 3571 3591 3610 3629 3648 3668 3687 3705 3723 3742
0 0 0 0 0 0 0 0 0 0 0 0 0 0 0 0 0 0 0 0 0 0 0 0 0 0 0 0 0 0 0 0 0 0 0 0 0 0 0 0 0 0 0 0 0 0 0 0 2857 2876 2894 2908 2926 2943 2962 2981 3000 3019 3038 3056 3076 3095 3114 3133 3151 3170 3190 3209 3228 3247 3266 3286 3305 3324 3343 3363 3382 3401 3420 3440 3459 3479 3498 3518 3537 3556 3577 3596 3615 3634 3654 3674 3693 3713 3732 3750
0 0 0 0 0 0 0 0 0 0 0 0 0 0 0 0 0 0 0 0 0 0 0 0 0 0 0 0 0 0 0 0 0 0 0 0 0 0 0 0 0 0 0 0 0 0 0 0 0 2876 2898 2912 2928 2945 2964 2983 3002 3021 3039 3058 3078 3096 3115 3134 3153 3172 3191 3211 3230 3249 3269 3288 3308 3326 3346 3365 3384 3404 3424 3443 3463 3482 3501 3521 3541 3560 3580 3600 3620 3640 3660 3679 3700 3719 3738 3758
0 0 0 0 0 0 0 0 0 0 0 0 0 0 0 0 0 0 0 0 0 0 0 0 0 0 0 0 0 0 0 0 0 0 0 0 0 0 0 0 0 0 0 0 0 0 0 0 0 0 2898 2915 2930 2947 2965 2985 3003 3022 3041 3060 3079 3098 3117 3135 3155 3174 3193 3212 3232 3251 3270 3289 3309 3328 3348 3367 3387 3406 3425 3445 3464 3484 3504 3524 3544 3564 3583 3603 3623 3643 3664 3684 3704 3724 3745 3765
0 0 0 0 0 0 0 0 0 0 0 0 0 0 0 0 0 0 0 0 0 0 0 0 0 0 0 0 0 0 0 0 0 0 0 0 0 0 0 0 0 0 0 0 0 0 0 0 0 0 2898 0 2933 2949 2967 2986 3005 3023 3042 3061 3080 3099 3118 3136 3156 3175 3194 3212 3233 3251 3271 3290 3310 3329 3349 3368 3388 3407 3426 3446 3466 3486 3506 3526 3546 3566 3586 3606 3627 3647 3667 3688 3708 3728 3749 3770
0 0 0 0 0 0 0 0 0 0 0 0 0 0 0 0 0 0 0 0 0 0 0 0 0 0 0 0 0 0 0 0 0 0 0 0 0 0 0 0 0 0 0 0 0 0 0 0 0 0 0 0 2937 2951 2967 2987 3006 3024 3043 3062 3081 3100 3119 3137 3156 3175 3195 3213 3233 3251 3272 3291 3310 3329 3349 3368 3388 3408 3427 3447 3467 3487 3507 3527 3546 3567 3587 3607 3628 3648 3669 3690 3710 3731 3752 3774
0 0 0 0 0 0 0 0 0 0 0 0 0 0 0 0 0 0 0 0 0 0 0 0 0 0 0 0 0 0 0 0 0 0 0 0 0 0 0 0 0 0 0 0 0 0 0 0 0 0 0 0 2940 2953 2968 2988 3007 3025 3044 3063 3081 3101 3120 3138 3156 3176 3195 3213 3233 3252 3272 3291 3310 3330 3350 3369 3389 3409 3428 3447 3467 3488 3507 3527 3547 3568 3588 3608 3629 3649 3669 3691 3711 3732 3754 3776
