output/arrival_times.asc
NCOLS 255
NROWS 330
XLLCORNER -2985163.8955
YLLCORNER -3022031.214
CELLSIZE 25000
NODATA_value 0
[rows 58 to 115 of 330, columns 0 to 95 of 255]
0 0 0 0 0 0 0 0 0 0 0 0 0 0 0 0 0 0 0 0 0 0 0 0 0 0 0 0 0 0 0 0 0 0 0 0 0 0 0 0 0 0 0 0 0 0 0 0 0 2812 2829 2845 2861 2878 2894 2911 2926 2941 2953 2963 2971 2979 2987 2994 3002 3009 3016 3024 3032 3039 3046 3053 3061 3068 3075 3083 3090 3097 3105 3111 3118 3125 3132 3138 3145 3152 3159 3165 3172 3178 3178 3190 3195 3200 3206 3212
0 0 0 0 0 0 0 0 0 0 0 0 0 0 0 0 0 0 0 0 0 0 0 0 0 0 0 0 0 0 0 0 0 0 0 0 0 0 0 0 0 0 0 0 0 0 0 2600 2803 2819 2836 2852 2869 2886 2902 2918 2935 2951 2966 2977 2987 2995 3003 3011 3018 3026 3033 3041 3049 3056 3063 3070 3077 3084 3092 3099 3107 3114 3121 3128 3135 3142 3149 3156 3162 3169 3176 3182 3188 3194 3200 0 3212 3218 3224 3229
0 0 0 0 0 0 0 0 0 0 0 0 0 0 0 0 0 0 0 0 0 0 0 0 0 0 0 0 0 0 0 0 0 0 0 0 0 0 0 0 0 0 0 0 0 0 2779 2794 2810 2827 2843 2860 2877 2893 2910 2926 2943 2959 2975 2990 3002 3011 3019 3027 3034 3042 3050 3057 3065 3073 3080 3087 3094 3101 3109 3116 3123 3131 3138 3145 3152 3159 3166 3172 3179 3186 3192 3199 3205 3211 3218 3224 3230 3236 3242 3247
0 0 0 0 0 0 0 0 0 0 0 0 0 0 0 0 0 0 0 0 0 0 0 0 0 0 0 0 0 0 0 0 0 0 0 0 0 0 0 0 0 0 0 0 0 2770 2784 2801 2818 2834 2851 2868 2884 2901 2917 2934 2951 2967 2984 3000 3014 3025 3035 3043 3051 3059 3066 3074 3081 3089 3096 3104 3111 3118 3125 3133 3141 3148 3155 3162 3169 3176 3183 3190 3197 3203 3210 3216 3222 3228 3235 3241 3247 3253 3259 3264
0 0 0 0 0 0 0 0 0 0 0 0 0 0 0 0 0 0 0 0 0 0 0 0 0 0 0 0 0 0 0 0 0 0 0 0 0 0 0 0 0 0 0 2746 2760 2775 2791 2808 2825 2842 2858 2875 2892 2908 2925 2942 2958 2975 2991 3008 3024 3038 3050 3059 3068 3075 3083 3091 3098 3105 3113 3121 3128 3135 3142 3150 3157 3165 3172 3179 3187 3193 3200 3207 3214 3220 3227 3233 3240 3246 3252 3258 3264 3271 3276 3282
0 0 0 0 0 0 0 0 0 0 0 0 0 0 0 0 0 0 0 0 0 0 0 0 0 0 0 0 0 0 0 0 0 0 0 0 0 0 0 0 0 0 0 2751 2766 2782 2799 2816 2833 2849 2866 2883 2899 2916 2932 2949 2966 2982 2999 3015 3032 3048 3062 3074 3084 3092 3100 3107 3114 3122 3130 3137 3144 3152 3159 3167 3174 3181 3189 3196 3203 3210 3218 3224 3231 3237 3244 3251 3257 3263 3270 3276 3282 3288 3294 3300
0 0 0 0 0 0 0 0 0 0 0 0 0 0 0 0 0 0 0 0 0 0 0 0 0 0 0 0 0 0 0 0 0 0 0 0 0 0 0 0 0 0 2741 2757 2773 2789 2806 2823 2840 2857 2873 2890 2907 2923 2940 2957 2973 2990 3006 3023 3039 3056 3072 3087 3099 3108 3116 3124 3131 3138 3146 3154 3161 3168 3176 3184 3191 3198 3205 3213 3220 3227 3234 3241 3248 3255 3261 3268 3274 3281 3287 3293 3299 3305 3312 3317
0 0 0 0 0 0 0 0 0 0 0 0 0 0 0 0 0 0 0 0 0 0 0 0 0 0 0 0 0 0 0 0 0 0 0 0 0 0 0 0 0 2731 2747 2763 2779 2797 2813 2830 2847 2864 2880 2897 2914 2931 2948 2964 2981 2997 3014 3030 3047 3064 3081 3096 3111 3123 3132 3140 3148 3155 3163 3170 3178 3185 3193 3201 3208 3215 3222 3230 3237 3244 3251 3258 3265 3272 3278 3285 3292 3298 3304 3311 3317 3323 3329 3335
0 0 0 0 0 0 0 0 0 0 0 0 0 0 0 0 0 0 0 0 0 0 0 0 0 0 0 0 0 0 0 0 0 0 0 0 0 0 0 2711 2722 2737 2753 2770 2787 2804 2820 2837 2854 2871 2888 2905 2922 2939 2955 2972 2988 3005 3022 3038 3055 3071 3088 3105 3121 3135 3147 3157 3164 3172 3179 3187 3195 3202 3210 3217 3225 3232 3239 3246 3253 3261 3268 3275 3282 3289 3296 3303 3309 3316 3322 3329 3334 3341 3346 3352
0 0 0 0 0 0 0 0 0 0 0 0 0 0 0 0 0 0 0 0 0 0 0 0 0 0 0 0 0 0 0 0 0 0 0 0 0 0 0 2714 2728 2744 2761 2778 2795 2811 2828 2845 2861 2878 2895 2912 2929 2946 2962 2979 2996 3012 3029 3045 3062 3079 3096 3112 3129 3145 3159 3170 3180 3189 3196 3204 3211 3219 3226 3234 3242 3249 3256 3263 3270 3277 3285 3292 3299 3306 3313 3320 3326 3333 3340 3346 3352 3358 3364 3369
0 0 0 0 0 0 0 0 0 0 0 0 0 0 0 0 0 0 0 0 0 0 0 0 0 0 0 0 0 0 0 0 0 0 0 0 0 0 0 0 2734 2751 2767 2785 2802 2819 2836 2852 2869 2886 2903 2919 2936 2953 2970 2987 3003 3019 3036 3053 3069 3086 3103 3119 3137 3153 3169 3183 3194 3204 3213 3220 3228 3235 3243 3251 3258 3266 3273 3280 3287 3294 3302 3309 3316 3323 3330 3337 3344 3350 3357 3363 3369 3376 3382 3387
0 0 0 0 0 0 0 0 0 0 0 0 0 0 0 0 0 0 0 0 0 0 0 0 0 0 0 0 0 0 0 0 0 0 0 0 0 0 0 0 2741 2757 2774 2792 2809 2826 2843 2860 2876 2893 2910 2927 2943 2961 2977 2994 3010 3027 3043 3060 3077 3094 3110 3127 3144 3160 3177 3193 3207 3219 3229 3237 3244 3252 3260 3267 3275 3282 3290 3297 3304 3311 3319 3326 3333 3341 3347 3354 3361 3367 3374 3380 3387 3393 3399 3405
0 0 0 0 0 0 0 0 0 0 0 0 0 0 0 0 0 0 0 0 0 0 0 0 0 0 0 0 0 0 0 0 0 0 0 0 0 0 0 0 2748 2764 2782 2799 2816 2834 2850 2867 2883 2900 2917 2934 2951 2968 2985 3001 3018 3034 3051 3068 3084 3101 3118 3135 3151 3168 3184 3201 3217 3231 3243 3253 3262 3269 3276 3283 3291 3299 3306 3314 3321 3329 3336 3343 3350 3357 3364 3371 3378 3384 3391 3398 3404 3411 3417 3423
0 0 0 0 0 0 0 0 0 0 0 0 0 0 0 0 0 0 0 0 0 0 0 0 0 0 0 0 0 0 0 0 0 0 0 0 0 0 0 2739 2755 2772 2789 2806 2823 2840 2857 2874 2891 2907 2924 2941 2958 2975 2992 3008 3025 3041 3058 3075 3092 3108 3125 3143 3159 3175 3192 3208 3225 3241 3256 3267 3277 3286 3293 3300 3308 3315 3323 3330 3337 3345 3353 3360 3367 3374 3381 3388 3395 3402 3409 3415 3422 3428 3434 3440
0 0 0 0 0 0 0 0 0 0 0 0 0 0 0 0 0 0 0 0 0 0 0 0 0 0 0 0 0 0 0 0 0 0 0 0 0 0 2731 2745 2762 2779 2796 2813 2830 2847 2864 2881 2897 2914 2931 2948 2965 2982 2999 3016 3032 3049 3065 3082 3099 3116 3132 3150 3166 3183 3200 3216 3232 3249 3266 3279 3292 3302 3310 3317 3325 3332 3340 3347 3355 3362 3370 3377 3384 3391 3399 3405 3412 3419 3426 3432 3439 3446 3452 3458
0 0 0 0 0 0 0 0 0 0 0 0 0 0 0 0 0 0 0 0 0 0 0 0 0 0 0 0 0 0 0 0 0 0 0 0 0 0 2738 2752 2769 2786 2803 2820 2837 2854 2871 2888 2905 2922 2938 2955 2972 2989 3006 3023 3040 3056 3073 3089 3106 3123 3139 3157 3174 3191 3207 3224 3240 3257 3274 3290 3304 3317 3326 3334 3342 3350 3357 3364 3372 3379 3387 3394 3401 3409 3416 3422 3429 3436 3443 3449 3456 3463 3470 3476
0 0 0 0 0 0 0 0 0 0 0 0 0 0 0 0 0 0 0 0 0 0 0 0 0 0 0 0 0 0 0 0 0 0 0 0 0 0 0 2759 2776 2793 2810 2827 2844 2861 2878 2895 2912 2928 2945 2962 2979 2996 3013 3031 3047 3063 3080 3097 3114 3130 3147 3164 3181 3198 3215 3231 3248 3265 3281 3298 3314 3329 3340 3350 3358 3366 3373 3381 3389 3396 3404 3411 3418 3425 3432 3439 3446 3453 3460 3467 3474 3480 3487 3493
0 0 0 0 0 0 0 0 0 0 0 0 0 0 0 0 0 0 0 0 0 0 0 0 0 0 0 0 0 0 0 0 0 0 0 0 0 0 0 2766 2783 2800 2817 2834 2851 2868 2885 2902 2919 2936 2952 2969 2986 3004 3020 3038 3054 3071 3088 3104 3121 3138 3154 3171 3188 3205 3222 3239 3255 3272 3289 3306 3322 3338 3352 3364 3374 3382 3390 3398 3405 3412 3420 3428 3435 3442 3450 3456 3463 3470 3478 3484 3491 3498 3504 3511
0 0 0 0 0 0 0 0 0 0 0 0 0 0 0 0 0 0 0 0 0 0 0 0 0 0 0 0 0 0 0 0 0 0 0 0 0 0 0 2772 2789 2807 2824 2841 2858 2875 2892 2909 2926 2943 2959 2976 2993 3010 3027 3044 3061 3078 3095 3112 3129 3145 3162 3179 3195 3212 3229 3246 3263 3279 3296 3313 3330 3347 3362 3376 3388 3398 3406 3414 3422 3429 3437 3445 3452 3459 3466 3473 3481 3488 3495 3502 3509 3515 3521 3528
0 0 0 0 0 0 0 0 0 0 0 0 0 0 0 0 0 0 0 0 0 0 0 0 0 0 0 0 0 0 0 0 0 0 0 0 0 0 0 2779 2797 2813 2830 2847 2864 2881 2899 2916 2933 2950 2967 2984 3000 3017 3034 3051 3068 3085 3102 3119 3136 3152 3169 3186 3203 3220 3237 3254 3270 3287 3303 3320 3338 3354 3371 3386 3400 3413 3423 3431 3439 3447 3454 3461 3469 3476 3483 3490 3498 3505 3512 3519 3526 3532 3539 3545
0 0 0 0 0 0 0 0 0 0 0 0 0 0 0 0 0 0 0 0 0 0 0 0 0 0 0 0 0 0 0 0 0 0 0 0 0 0 2768 2786 2803 2820 2837 2854 2871 2888 2905 2922 2939 2957 2974 2991 3008 3024 3042 3058 3076 3092 3109 3126 3143 3160 3176 3193 3210 3227 3244 3261 3278 3295 3311 3328 3345 3362 3378 3395 3411 3425 3437 3447 3455 3463 3471 3478 3486 3493 3500 3507 3515 3522 3529 3536 3543 3549 3556 3563
0 0 0 0 0 0 0 0 0 0 0 0 0 0 0 0 0 0 0 0 0 0 0 0 0 0 0 0 0 0 0 0 0 0 0 0 0 0 2775 2792 2810 2826 2844 2861 2878 2895 2912 2929 2946 2963 2980 2998 3015 3032 3049 3066 3083 3100 3116 3133 3150 3167 3184 3201 3218 3235 3252 3269 3285 3302 3319 3336 3353 3369 3386 3402 3419 3435 3449 3461 3472 3480 3487 3495 3502 3510 3517 3524 3532 3540 3546 3553 3560 3567 3574 3580
0 0 0 0 0 0 0 0 0 0 0 0 0 0 0 0 0 0 0 0 0 0 0 0 0 0 0 0 0 0 0 0 0 0 0 0 0 2766 2781 2799 2817 2833 2850 2867 2884 2901 2918 2936 2953 2970 2987 3005 3021 3039 3056 3073 3090 3107 3123 3140 3157 3174 3191 3208 3225 3242 3259 3275 3292 3309 3326 3343 3360 3377 3393 3410 3426 3443 3459 3474 3486 3496 3504 3512 3519 3526 3534 3541 3549 3556 3563 3570 3577 3584 3591 3598
0 0 0 0 0 0 0 0 0 0 0 0 0 0 0 0 0 0 0 0 0 0 0 0 0 0 0 0 0 0 0 0 0 0 0 0 0 2772 2788 2806 2823 2840 2857 2874 2891 2908 2925 2942 2960 2977 2994 3011 3028 3046 3063 3079 3096 3114 3130 3147 3164 3181 3198 3215 3232 3249 3266 3283 3299 3316 3333 3350 3367 3384 3401 3417 3434 3451 3468 3484 3498 3511 3520 3529 3536 3543 3551 3558 3565 3573 3580 3587 3594 3601 3608 3615
0 0 0 0 0 0 0 0 0 0 0 0 0 0 0 0 0 0 0 0 0 0 0 0 0 0 0 0 0 0 0 0 0 0 0 0 0 2778 2795 2813 2830 2847 2863 2880 2897 2914 2931 2948 2966 2983 3000 3017 3035 3052 3069 3086 3103 3120 3137 3154 3171 3188 3205 3222 3240 3256 3273 3290 3306 3323 3340 3357 3374 3391 3408 3425 3441 3458 3475 3492 3508 3523 3535 3545 3553 3560 3567 3575 3582 3590 3597 3605 3612 3619 3625 3632
0 0 0 0 0 0 0 0 0 0 0 0 0 0 0 0 0 0 0 0 0 0 0 0 0 0 0 0 0 0 0 0 0 0 0 0 0 2785 2802 2819 2836 2853 2869 2886 2903 2920 2937 2954 2972 2989 3007 3024 3042 3059 3075 3092 3110 3127 3144 3161 3178 3196 3213 3229 3246 3263 3280 3297 3314 3331 3348 3365 3382 3399 3416 3433 3449 3466 3483 3500 3517 3533 3546 3559 3569 3577 3584 3592 3599 3607 3615 3622 3629 3636 3643 3650
0 0 0 0 0 0 0 0 0 0 0 0 0 0 0 0 0 0 0 0 0 0 0 0 0 0 0 0 0 0 0 0 0 0 0 0 0 2791 2809 2826 2842 2860 2876 2892 2909 2926 2944 2961 2978 2995 3013 3030 3048 3065 3082 3099 3116 3133 3151 3168 3185 3203 3220 3236 3253 3270 3287 3304 3321 3338 3355 3372 3389 3406 3423 3440 3457 3473 3490 3507 3524 3541 3556 3571 3583 3593 3601 3608 3616 3624 3631 3639 3646 3653 3660 3667
0 0 0 0 0 0 0 0 0 0 0 0 0 0 0 0 0 0 0 0 0 0 0 0 0 0 0 0 0 0 0 0 0 0 0 0 0 2799 2816 2833 2849 2867 2883 2899 2916 2933 2950 2967 2985 3002 3019 3036 3054 3071 3089 3105 3123 3140 3157 3175 3192 3209 3226 3243 3260 3277 3294 3311 3328 3345 3363 3379 3396 3414 3431 3447 3464 3480 3497 3515 3532 3548 3565 3581 3595 3608 3617 3626 3633 3641 3648 3655 3663 3670 3677 3684
0 0 0 0 0 0 0 0 0 0 0 0 0 0 0 0 0 0 0 0 0 0 0 0 0 0 0 0 0 0 0 0 0 0 0 0 0 2806 2823 2840 2857 2874 2889 2906 2922 2939 2957 2974 2991 3008 3025 3042 3060 3077 3095 3112 3129 3146 3163 3181 3199 3216 3233 3250 3267 3284 3301 3318 3335 3353 3369 3386 3403 3421 3438 3455 3471 3488 3505 3522 3539 3556 3572 3589 3605 3620 3632 3642 3650 3658 3665 3672 3680 3687 3694 3701
0 0 0 0 0 0 0 0 0 0 0 0 0 0 0 0 0 0 0 0 0 0 0 0 0 0 0 0 0 0 0 0 0 0 0 0 0 2811 2830 2847 2864 2880 2896 2912 2928 2945 2963 2980 2997 3014 3031 3048 3066 3083 3101 3118 3136 3153 3170 3187 3205 3222 3239 3256 3273 3290 3308 3325 3342 3359 3376 3393 3410 3428 3445 3462 3479 3495 3512 3530 3546 3563 3579 3596 3613 3630 3644 3657 3667 3675 3682 3690 3697 3704 3711 3719
0 0 0 0 0 0 0 0 0 0 0 0 0 0 0 0 0 0 0 0 0 0 0 0 0 0 0 0 0 0 0 0 0 0 0 0 0 2811 2834 2855 2873 2888 2903 2919 2935 2951 2968 2986 3003 3020 3037 3054 3072 3090 3107 3124 3142 3159 3177 3194 3211 3228 3245 3262 3280 3297 3314 3332 3349 3366 3383 3400 3417 3435 3452 3469 3486 3503 3520 3537 3554 3570 3587 3604 3621 3638 3654 3668 3680 3691 3699 3706 3714 3721 3729 3736
0 0 0 0 0 0 0 0 0 0 0 0 0 0 0 0 0 0 0 0 0 0 0 0 0 0 0 0 0 0 0 0 0 0 0 0 0 0 2834 2855 2881 2896 2910 2925 2941 2957 2974 2992 3009 3026 3044 3061 3078 3095 3113 3130 3148 3165 3183 3200 3217 3234 3252 3269 3286 3304 3321 3338 3355 3373 3390 3407 3424 3442 3459 3476 3493 3510 3527 3544 3561 3578 3595 3611 3629 3646 3663 3678 3692 3705 3715 3723 3730 3738 3746 3753
0 0 0 0 0 0 0 0 0 0 0 0 0 0 0 0 0 0 0 0 0 0 0 0 0 0 0 0 0 0 0 0 0 0 0 0 0 0 2834 0 2881 2903 2917 2931 2947 2963 2980 2997 3015 3032 3049 3067 3084 3102 3119 3136 3154 3171 3189 3206 3223 3240 3258 3276 3293 3310 3328 3345 3362 3379 3396 3413 3431 3448 3465 3483 3500 3517 3534 3551 3568 3585 3602 3619 3636 3653 3669 3686 3702 3717 3730 3739 3747 3755 3763 3770
0 0 0 0 0 0 0 0 0 0 0 0 0 0 0 0 0 0 0 0 0 0 0 0 0 0 0 0 0 0 0 0 0 0 0 0 0 0 0 0 0 0 2925 2938 2952 2969 2986 3003 3021 3038 3055 3072 3090 3107 3125 3142 3159 3177 3194 3212 3229 3246 3264 3282 3299 3316 3334 3351 3368 3386 3403 3420 3437 3455 3472 3489 3507 3524 3541 3558 3575 3592 3609 3626 3643 3660 3677 3694 3711 3727 3741 3754 3764 3772 3780 3787
0 0 0 0 0 0 0 0 0 0 0 0 0 0 0 0 0 0 0 0 0 0 0 0 0 0 0 0 0 0 0 0 0 0 0 0 0 0 0 0 0 0 0 2945 2958 2974 2992 3009 3026 3043 3061 3078 3096 3113 3130 3148 3165 3182 3200 3218 3235 3252 3270 3287 3305 3323 3340 3358 3375 3392 3409 3427 3444 3462 3479 3496 3514 3531 3548 3565 3582 3599 3616 3633 3650 3667 3684 3702 3719 3736 3752 3766 3779 3789 3797 3805
0 0 0 0 0 0 0 0 0 0 0 0 0 0 0 0 0 0 0 0 0 0 0 0 0 0 0 0 0 0 0 0 0 0 0 0 0 0 0 0 0 0 0 2950 2964 2980 2997 3015 3031 3049 3066 3084 3101 3119 3136 3154 3171 3188 3206 3224 3241 3259 3276 3294 3311 3329 3346 3364 3381 3398 3416 3433 3450 3468 3485 3503 3520 3537 3554 3571 3589 3606 3623 3640 3658 3675 3692 3709 3726 3743 3760 3777 3791 3804 3813 3822
0 0 0 0 0 0 0 0 0 0 0 0 0 0 0 0 0 0 0 0 0 0 0 0 0 0 0 0 0 0 0 0 0 0 0 0 0 0 0 0 0 0 0 0 2969 2986 3003 3020 3037 3054 3072 3089 3107 3124 3142 3159 3177 3194 3212 3229 3247 3265 3282 3299 3317 3335 3352 3370 3387 3404 3422 3439 3457 3474 3492 3509 3526 3544 3561 3578 3596 3613 3630 3647 3665 3682 3699 3716 3733 3751 3768 3785 3801 3816 3828 3837
0 0 0 0 0 0 0 0 0 0 0 0 0 0 0 0 0 0 0 0 0 0 0 0 0 0 0 0 0 0 0 0 0 0 0 0 0 0 0 0 0 0 0 0 0 2992 3009 3026 3043 3060 3077 3095 3112 3130 3148 3165 3183 3200 3218 3235 3253 3271 3288 3305 3323 3340 3358 3376 3393 3410 3428 3446 3463 3480 3498 3516 3533 3550 3567 3585 3602 3620 3637 3654 3672 3689 3707 3723 3741 3758 3775 3792 3809 3825 3840 3852
0 0 0 0 0 0 0 0 0 0 0 0 0 0 0 0 0 0 0 0 0 0 0 0 0 0 0 0 0 0 0 0 0 0 0 0 0 0 0 0 0 0 0 0 2981 2997 3015 3032 3049 3066 3083 3100 3118 3136 3153 3170 3188 3206 3223 3240 3258 3276 3294 3311 3328 3346 3364 3381 3399 3416 3434 3452 3469 3486 3504 3522 3539 3556 3574 3591 3608 3626 3644 3661 3679 3696 3713 3730 3748 3765 3782 3800 3817 3834 3850 3865
0 0 0 0 0 0 0 0 0 0 0 0 0 0 0 0 0 0 0 0 0 0 0 0 0 0 0 0 0 0 0 0 0 0 0 0 0 0 0 0 0 0 0 2973 2987 3003 3020 3037 3054 3071 3089 3106 3123 3141 3159 3177 3194 3211 3229 3246 3264 3281 3299 3316 3334 3352 3369 3387 3405 3422 3440 3458 3475 3493 3510 3528 3545 3563 3581 3598 3615 3632 3650 3667 3685 3703 3720 3737 3755 3772 3789 3807 3824 3841 3858 3875
0 0 0 0 0 0 0 0 0 0 0 0 0 0 0 0 0 0 0 0 0 0 0 0 0 0 0 0 0 0 0 0 0 0 0 0 0 0 0 0 0 0 0 0 2994 3008 3025 3042 3059 3076 3094 3111 3129 3147 3165 3182 3200 3217 3235 3252 3269 3287 3304 3322 3339 3357 3374 3392 3410 3428 3446 3464 3481 3499 3517 3534 3551 3569 3586 3604 3621 3639 3656 3674 3691 3709 3727 3744 3761 3779 3796 3814 3831 3848 3866 3883
0 0 0 0 0 0 0 0 0 0 0 0 0 0 0 0 0 0 0 0 0 0 0 0 0 0 0 0 0 0 0 0 0 0 0 0 0 0 0 0 0 0 0 0 2999 3014 3028 3044 3061 3079 3096 3114 3132 3151 3169 3187 3204 3222 3240 3258 3275 3293 3310 3327 3345 3362 3380 3398 3416 3434 3451 3469 3486 3504 3522 3540 3557 3575 3592 3610 3628 3645 3663 3680 3698 3715 3733 3750 3768 3786 3803 3821 3838 3855 3873 3891
0 0 0 0 0 0 0 0 0 0 0 0 0 0 0 0 0 0 0 0 0 0 0 0 0 0 0 0 0 0 0 0 0 0 0 0 0 0 0 0 0 0 0 0 0 3018 3031 3047 3062 3080 3097 3116 3134 3153 3170 3189 3207 3225 3244 3262 3279 3297 3315 3333 3350 3368 3385 3404 3421 3439 3457 3474 3492 3510 3527 3545 3563 3580 3598 3616 3633 3651 3668 3687 3704 3721 3739 3757 3774 3792 3810 3827 3845 3863 3880 3898
0 0 0 0 0 0 0 0 0 0 0 0 0 0 0 0 0 0 0 0 0 0 0 0 0 0 0 0 0 0 0 0 0 0 0 0 0 0 0 0 0 0 0 0 0 0 3035 3048 3064 3080 3098 3116 3134 3153 3171 3190 3208 3227 3245 3264 3281 3299 3318 3336 3354 3372 3391 3408 3427 3444 3462 3480 3497 3514 3532 3550 3568 3585 3603 3621 3638 3656 3674 3692 3710 3728 3745 3763 3781 3799 3816 3834 3852 3870 3887 3905
0 0 0 0 0 0 0 0 0 0 0 0 0 0 0 0 0 0 0 0 0 0 0 0 0 0 0 0 0 0 0 0 0 0 0 0 0 0 0 0 0 0 0 0 0 0 0 3051 3065 3081 3098 3116 3134 3153 3171 3190 3208 3227 3245 3264 3282 3301 3320 3338 3356 3374 3393 3411 3430 3448 3467 3484 3502 3520 3538 3555 3574 3591 3609 3627 3644 3662 3680 3697 3715 3733 3751 3769 3787 3804 3823 3840 3858 3876 3894 3912
0 0 0 0 0 0 0 0 0 0 0 0 0 0 0 0 0 0 0 0 0 0 0 0 0 0 0 0 0 0 0 0 0 0 0 0 0 0 0 0 0 0 0 0 0 0 0 3054 3067 3083 3099 3116 3134 3153 3171 3190 3208 3227 3245 3264 3282 3301 3320 3338 3356 3375 3395 3413 3432 3450 3469 3487 3505 3524 3542 3560 3578 3597 3614 3632 3650 3667 3685 3703 3721 3739 3757 3775 3793 3810 3828 3847 3864 3883 3901 3919
0 0 0 0 0 0 0 0 0 0 0 0 0 0 0 0 0 0 0 0 0 0 0 0 0 0 0 0 0 0 0 0 0 0 0 0 0 0 0 0 0 0 0 0 0 0 0 0 3069 3086 3101 3116 3134 3152 3171 3189 3208 3227 3245 3264 3282 3301 3320 3338 3356 3375 3395 3413 3432 3451 3469 3488 3507 3526 3544 3562 3581 3600 3618 3636 3654 3673 3691 3709 3727 3745 3763 3780 3799 3817 3834 3852 3871 3889 3907 3925
0 0 0 0 0 0 0 0 0 0 0 0 0 0 0 0 0 0 0 0 0 0 0 0 0 0 0 0 0 0 0 0 0 0 0 0 0 0 0 0 0 0 0 0 0 0 0 0 0 3086 3103 3115 3133 3151 3170 3189 3208 3227 3245 3264 3282 3301 3320 3338 3356 3375 3395 3413 3432 3451 3469 3488 3507 3526 3544 3563 3582 3602 3620 3639 3657 3676 3695 3713 3731 3750 3768 3786 3804 3822 3840 3858 3876 3894 3913 3931
0 0 0 0 0 0 0 0 0 0 0 0 0 0 0 0 0 0 0 0 0 0 0 0 0 0 0 0 0 0 0 0 0 0 0 0 0 0 0 0 0 0 0 0 0 0 0 0 0 0 3103 3114 3133 3151 3170 3189 3208 3226 3245 3263 3282 3301 3320 3337 3356 3375 3394 3413 3432 3451 3469 3488 3507 3526 3544 3563 3582 3602 3620 3639 3658 3677 3696 3715 3733 3752 3771 3789 3808 3827 3845 3863 3882 3900 3918 3937
0 0 0 0 0 0 0 0 0 0 0 0 0 0 0 0 0 0 0 0 0 0 0 0 0 0 0 0 0 0 0 0 0 0 0 0 0 0 0 0 0 0 0 0 0 0 0 0 0 0 3103 0 3132 3151 3169 3188 3207 3226 3244 3262 3281 3300 3319 3337 3356 3375 3394 3413 3432 3450 3469 3488 3507 3526 3544 3563 3582 3602 3620 3639 3658 3677 3696 3715 3734 3753 3772 3791 3810 3829 3847 3866 3885 3905 3923 3942
0 0 0 0 0 0 0 0 0 0 0 0 0 0 0 0 0 0 0 0 0 0 0 0 0 0 0 0 0 0 0 0 0 0 0 0 0 0 0 0 0 0 0 0 0 0 0 0 0 0 0 0 3132 3150 3169 3187 3206 3225 3243 3262 3281 3300 3318 3336 3355 3374 3393 3412 3431 3449 3468 3487 3507 3525 3544 3563 3582 3602 3620 3639 3658 3677 3696 3715 3734 3753 3772 3791 3810 3829 3848 3867 3887 3907 3926 3945
0 0 0 0 0 0 0 0 0 0 0 0 0 0 0 0 0 0 0 0 0 0 0 0 0 0 0 0 0 0 0 0 0 0 0 0 0 0 0 0 0 0 0 0 0 0 0 0 0 0 0 0 3133 3150 3168 3187 3205 3224 3242 3261 3280 3299 3317 3336 3355 3373 3392 3411 3429 3448 3467 3487 3506 3524 3543 3562 3582 3601 3620 3639 3658 3677 3696 3715 3734 3753 3772 3791 3810 3829 3848 3867 3887 3907 3926 3946
0 0 0 0 0 0 0 0 0 0 0 0 0 0 0 0 0 0 0 0 0 0 0 0 0 0 0 0 0 0 0 0 0 0 0 0 0 0 0 0 0 0 0 0 0 0 0 0 0 0 0 0 3133 3149 3168 3186 3204 3223 3242 3260 3279 3298 3317 3335 3354 3372 3391 3409 3428 3446 3466 3485 3504 3523 3542 3561 3580 3599 3618 3638 3657 3676 3695 3714 3733 3752 3772 3791 3810 3829 3848 3867 3887 3907 3926 3946
0 0 0 0 0 0 0 0 0 0 0 0 0 0 0 0 0 0 0 0 0 0 0 0 0 0 0 0 0 0 0 0 0 0 0 0 0 0 0 0 0 0 0 0 0 0 0 0 0 0 0 0 0 3149 3167 3186 3204 3222 3241 3260 3278 3297 3316 3334 3353 3371 3389 3408 3426 3445 3464 3483 3502 3521 3540 3559 3579 3597 3616 3636 3656 3674 3694 3712 3731 3751 3770 3790 3809 3828 3847 3867 3887 3907 3926 3946
0 0 0 0 0 0 0 0 0 0 0 0 0 0 0 0 0 0 0 0 0 0 0 0 0 0 0 0 0 0 0 0 0 0 0 0 0 0 0 0 0 0 0 0 0 0 0 0 0 0 0 0 0 0 0 3185 3204 3222 3240 3259 3277 3296 3314 3333 3352 3370 3388 3406 3425 3443 3463 3481 3500 3519 3538 3558 3577 3595 3614 3634 3654 3672 3692 3710 3729 3749 3769 3788 3808 3827 3846 3866 3886 3905 3926 3946
0 0 0 0 0 0 0 0 0 0 0 0 0 0 0 0 0 0 0 0 0 0 0 0 0 0 0 0 0 0 0 0 0 0 0 0 0 0 0 0 0 0 0 0 0 0 0 0 0 0 0 0 0 0 0 3181 3199 0 0 3258 3276 3295 3314 3332 3351 3370 3387 3405 3424 3442 3461 3480 3499 3518 3537 3556 3575 3594 3613 3632 3652 3670 3689 3708 3728 3747 3767 3786 3805 3825 3844 3864 3884 3904 3924 3944
0 0 0 0 0 0 0 0 0 0 0 0 0 0 0 0 0 0 0 0 0 0 0 0 0 0 0 0 0 0 0 0 0 0 0 0 0 0 0 0 0 0 0 0 0 0 0 0 0 0 0 0 0 0 3165 3181 3198 3215 3238 3257 3276 3293 3312 3332 3351 3370 3389 3405 3422 3440 3459 3478 3497 3516 3535 3554 3573 3592 3611 3630 3649 3668 3687 3706 3726 3745 3765 3783 3803 3823 3842 3862 3882 3902 3922 3942
0 0 0 0 0 0 0 0 0 0 0 0 0 0 0 0 0 0 0 0 0 0 0 0 0 0 0 0 0 0 0 0 0 0 0 0 0 0 0 0 0 0 0 0 0 0 0 0 0 0 0 0 0 0 3162 0 0 3215 3235 3256 3276 3291 3311 3331 3351 3370 3391 3406 3422 3439 3458 3476 3495 3514 3533 3552 3571 3590 3609 3628 3647 3666 3685 3704 3723 3743 3762 3781 3800 3820 3839 3859 3879 3899 3918 3938
