output/arrival_times.asc
NCOLS 255
NROWS 330
XLLCORNER -2985163.8955
YLLCORNER -3022031.214
CELLSIZE 25000
NODATA_value 0
[rows 63 to 125 of 330, columns 0 to 95 of 255]
0 0 0 0 0 0 0 0 0 0 0 0 0 0 0 0 0 0 0 0 0 0 0 0 0 0 0 0 0 0 0 3463 3511 3501 3536 0 0 0 0 0 0 0 0 3555 3556 3561 3564 3567 3567 3575 3578 3582 3585 3588 3594 3597 3604 3606 3606 3615 3618 3621 3629 3630 3636 3636 3639 3646 3645 3647 3653 3656 3660 3664 3667 3674 3671 3676 3679 3682 3683 3688 3691 3694 3700 3701 3703 3705 3704 3709 3710 3711 3717 3719 3718 3721
0 0 0 0 0 0 0 0 0 0 0 0 0 0 0 0 0 0 0 0 0 0 0 0 0 0 0 0 0 3443 3455 3463 3504 3505 3539 0 0 0 0 0 0 0 3554 3556 3558 3563 3566 3568 3572 3576 3581 3579 3590 3594 3595 3604 3601 3606 3611 3616 3621 3622 3626 3635 3633 3638 3643 3646 3644 3654 3661 3664 3661 3666 3673 3672 3679 3679 3683 3691 3692 3688 3693 3699 3701 3707 3706 3710 3713 3712 3710 3718 3721 3722 3723 3726
0 0 0 0 0 0 0 0 0 0 0 0 0 0 0 0 0 0 0 0 0 0 0 0 0 0 0 3437 3441 3436 3458 3457 3489 3539 0 0 0 0 0 0 0 3548 3551 3556 3560 3562 3567 3570 3574 3577 3583 3583 3593 3596 3599 3605 3607 3611 3615 3614 3624 3624 3633 3635 3640 3642 3645 3652 3652 3658 3663 3665 3668 3670 3673 3680 3682 3681 3693 3691 3691 3701 3702 3706 3703 3710 3711 3717 3716 3714 3722 3723 3722 3726 3727 3733
0 0 0 0 0 0 0 0 0 0 0 0 0 0 0 0 0 0 0 0 0 0 0 0 0 0 0 3434 3445 3438 3453 3482 3486 0 0 0 0 0 0 0 3546 3549 3555 3554 3559 3564 3567 3573 3576 3580 3586 3589 3594 3598 3605 3606 3609 3610 3620 3621 3624 3629 3632 3640 3642 3644 3650 3657 3658 3655 3660 3664 3668 3677 3681 3681 3683 3685 3694 3695 3698 3701 3701 3705 3710 3713 3716 3719 3719 3719 3725 3728 3729 3724 3736 3736
0 0 0 0 0 0 0 0 0 0 0 0 0 0 0 0 0 0 0 0 0 0 0 0 0 0 0 3433 3436 3454 3442 3455 3491 0 0 0 0 0 0 3544 3548 3549 3554 3559 3564 3565 3568 3577 3579 3581 3587 3591 3595 3600 3603 3610 3613 3614 3618 3627 3633 3628 3632 3641 3642 3650 3651 3656 3661 3662 3666 3666 3671 3682 3678 3684 3687 3691 3694 3696 3703 3705 3709 3708 3718 3712 3715 3717 3726 3728 3727 3732 3736 3730 3735 3738
0 0 0 0 0 0 0 0 0 0 0 0 0 0 0 0 0 0 0 0 0 0 0 0 0 0 0 3439 3437 3448 3446 3442 3443 0 0 0 0 0 0 0 3549 3552 3555 3559 3556 3566 3575 3578 3577 3585 3586 3590 3599 3602 3608 3610 3613 3612 3625 3630 3628 3637 3642 3645 3649 3651 3658 3661 3664 3669 3669 3676 3675 3681 3689 3687 3691 3695 3698 3697 3707 3708 3712 3717 3715 3721 3725 3722 3726 3730 3735 3732 3736 3739 3741 3745
0 0 0 0 0 0 0 0 0 0 0 0 0 0 0 0 0 0 0 0 0 0 0 0 0 0 0 3444 3447 3446 3447 3449 3448 0 0 0 0 0 0 0 3548 3554 3556 3557 3568 3572 3575 3579 3584 3587 3593 3596 3597 3606 3609 3609 3617 3622 3625 3626 3630 3638 3640 3646 3649 3647 3658 3663 3665 3669 3675 3676 3683 3684 3686 3695 3695 3699 3701 3710 3705 3710 3715 3716 3719 3727 3728 3729 3734 3737 3739 3739 3743 3748 3749 3745
0 0 0 0 0 0 0 0 0 0 0 0 0 0 0 0 0 0 0 0 0 0 0 0 0 0 3446 3447 3447 3448 3469 3467 0 0 0 0 0 0 0 0 3551 3557 3562 3563 3563 3570 3577 3581 3585 3591 3594 3599 3605 3607 3611 3616 3620 3625 3630 3634 3631 3639 3638 3649 3650 3660 3664 3664 3668 3672 3678 3678 3686 3688 3689 3698 3698 3704 3706 3704 3714 3716 3720 3724 3722 3726 3732 3735 3733 3741 3743 3747 3746 3750 3748 3751
0 0 0 0 0 0 0 0 0 0 0 0 0 0 0 0 0 0 0 0 0 0 0 0 0 0 3447 3449 3472 3473 3477 3471 0 0 0 0 0 0 0 3553 3552 3556 3560 3563 3568 3575 3577 3584 3584 3594 3598 3602 3606 3606 3611 3617 3625 3625 3634 3636 3640 3642 3652 3653 3657 3660 3660 3669 3674 3677 3675 3686 3690 3689 3692 3701 3705 3707 3709 3710 3716 3720 3726 3729 3728 3734 3737 3740 3742 3747 3747 3744 3751 3754 3756 3760
0 0 0 0 0 0 0 0 0 0 0 0 0 0 0 0 0 0 0 0 0 0 0 0 0 0 3455 3464 3474 3470 3473 3476 0 0 0 0 0 0 3548 3552 3555 3557 3561 3567 3572 3576 3581 3587 3588 3592 3601 3603 3608 3613 3616 3620 3625 3629 3633 3638 3643 3646 3651 3656 3661 3663 3667 3671 3678 3673 3682 3681 3688 3696 3701 3703 3708 3711 3714 3715 3720 3724 3722 3729 3734 3737 3738 3743 3746 3750 3751 3754 3752 3759 3761 3762
0 0 0 0 0 0 0 0 0 0 0 0 0 0 0 0 0 0 0 0 0 0 0 0 0 0 3469 3472 3484 3480 3477 3481 0 0 0 0 0 0 3549 3553 3558 3561 3566 3570 3574 3579 3582 3585 3593 3598 3595 3607 3608 3615 3616 3623 3626 3632 3636 3642 3647 3647 3649 3654 3658 3664 3670 3675 3679 3684 3686 3690 3695 3695 3702 3704 3711 3712 3719 3718 3723 3727 3733 3738 3742 3739 3745 3747 3755 3754 3755 3758 3764 3766 3768 3762
0 0 0 0 0 0 0 0 0 0 0 0 0 0 0 0 0 0 0 0 0 0 0 0 0 0 3474 3479 3478 3478 3480 3516 0 0 0 0 0 0 0 3555 3556 3565 3564 3569 3575 3580 3585 3584 3595 3596 3597 3603 3609 3614 3623 3623 3627 3636 3633 3643 3642 3650 3657 3658 3660 3668 3676 3675 3683 3686 3685 3692 3697 3701 3699 3711 3710 3713 3724 3725 3727 3733 3729 3742 3742 3744 3748 3750 3751 3756 3760 3764 3764 3770 3767 3772
0 0 0 0 0 0 0 0 0 0 0 0 0 0 0 0 0 0 0 0 0 0 0 0 0 0 3475 3474 3475 3491 3514 3520 0 0 0 0 0 0 0 3556 3561 3563 3571 3574 3577 3581 3588 3588 3598 3601 3608 3611 3608 3616 3621 3626 3631 3633 3638 3645 3650 3653 3657 3657 3665 3668 3679 3678 3680 3687 3687 3693 3696 3707 3709 3708 3718 3719 3724 3725 3735 3738 3740 3745 3749 3749 3751 3754 3762 3762 3766 3771 3772 3771 3772 3773
0 0 0 0 0 0 0 0 0 0 0 0 0 0 0 0 0 0 0 0 0 0 0 0 0 0 3478 3478 3479 3492 3518 3528 3546 0 0 0 0 0 0 3562 3563 3565 3571 3575 3581 3583 3585 3588 3595 3605 3600 3611 3617 3619 3622 3630 3634 3633 3642 3644 3649 3658 3659 3666 3669 3670 3678 3683 3689 3690 3690 3698 3703 3707 3711 3715 3715 3721 3724 3733 3726 3736 3741 3741 3744 3749 3753 3758 3757 3762 3767 3771 3772 3775 3780 3778
0 0 0 0 0 0 0 0 0 0 0 0 0 0 0 0 0 0 0 0 0 0 0 0 0 0 3491 3480 3487 3501 3533 3528 3548 0 0 0 0 0 0 3557 3562 3567 3569 3576 3579 3587 3588 3588 3600 3601 3606 3614 3614 3622 3624 3633 3632 3637 3646 3647 3654 3658 3659 3663 3670 3674 3677 3684 3688 3690 3694 3700 3706 3710 3716 3713 3722 3729 3727 3732 3738 3740 3744 3745 3754 3758 3761 3761 3768 3766 3774 3776 3774 3784 3786 3781
0 0 0 0 0 0 0 0 0 0 0 0 0 0 0 0 0 0 0 0 0 0 0 0 0 0 3490 3476 3484 3506 3526 3535 3548 0 0 0 0 0 3559 3562 3569 3570 3576 3580 3586 3588 3591 3594 3603 3607 3610 3617 3616 3627 3629 3632 3635 3642 3647 3654 3655 3659 3665 3667 3673 3679 3683 3687 3692 3698 3699 3704 3710 3714 3716 3716 3728 3725 3732 3737 3739 3748 3747 3753 3756 3760 3763 3766 3766 3770 3777 3782 3783 3787 3788 3788
0 0 0 0 0 0 0 0 0 0 0 0 0 0 0 0 0 0 0 0 0 0 0 0 0 0 3489 3476 3488 3524 3523 3541 0 0 0 0 0 0 3560 3560 3568 3573 3577 3579 3587 3585 3592 3599 3604 3605 3614 3616 3620 3623 3628 3637 3640 3646 3645 3650 3660 3663 3668 3666 3679 3682 3687 3683 3692 3699 3702 3705 3711 3715 3717 3723 3728 3729 3738 3740 3743 3750 3751 3757 3762 3763 3770 3765 3777 3780 3778 3784 3783 3791 3794 3794
0 0 0 0 0 0 0 0 0 0 0 0 0 0 0 0 0 0 0 0 0 0 0 0 0 0 0 3479 3489 3529 3518 3546 0 0 0 0 0 3559 3561 3564 3569 3573 3575 3583 3588 3589 3594 3595 3607 3607 3613 3616 3621 3631 3628 3638 3638 3641 3649 3654 3661 3661 3669 3672 3676 3681 3686 3688 3693 3701 3701 3706 3714 3719 3725 3723 3730 3732 3738 3743 3746 3747 3758 3760 3758 3768 3774 3773 3778 3780 3783 3787 3792 3797 3792 3799
0 0 0 0 0 0 0 0 0 0 0 0 0 0 0 0 0 0 0 0 0 0 0 0 0 0 0 0 0 0 3528 3547 0 0 0 0 0 3561 3565 3568 3570 3578 3579 3584 3589 3595 3596 3599 3606 3612 3615 3620 3624 3628 3635 3637 3642 3650 3654 3660 3659 3665 3670 3679 3680 3683 3688 3686 3694 3703 3706 3712 3713 3723 3728 3732 3734 3737 3742 3743 3750 3756 3761 3763 3766 3772 3772 3779 3779 3775 3787 3790 3797 3799 3802 3808
0 0 0 0 0 0 0 0 0 0 0 0 0 0 0 0 0 0 0 0 0 0 0 0 0 0 0 0 0 0 3527 0 0 0 0 0 0 3563 3566 3570 3571 3574 3577 3585 3586 3592 3593 3599 3610 3615 3613 3617 3625 3632 3633 3641 3645 3645 3653 3658 3663 3667 3671 3680 3679 3688 3687 3692 3700 3705 3713 3715 3719 3724 3723 3732 3738 3737 3746 3745 3755 3757 3761 3763 3769 3776 3776 3781 3787 3786 3789 3798 3798 3803 3806 3809
0 0 0 0 0 0 0 0 0 0 0 0 0 0 0 0 0 0 0 0 0 0 0 0 0 0 0 0 0 3489 3540 0 0 0 0 0 0 3564 3566 3573 3575 3579 3581 3582 3589 3594 3602 3604 3611 3614 3617 3622 3624 3632 3637 3640 3645 3652 3653 3659 3666 3665 3675 3678 3686 3685 3695 3695 3701 3707 3710 3715 3719 3721 3730 3733 3737 3743 3746 3752 3753 3757 3762 3765 3773 3780 3779 3785 3790 3794 3799 3804 3801 3806 3810 3812
0 0 0 0 0 0 0 0 0 0 0 0 0 0 0 0 0 0 0 0 0 0 0 0 0 0 0 0 3487 3543 3535 0 0 0 0 0 0 3564 3567 3570 3578 3581 3587 3590 3589 3600 3598 3606 3608 3614 3619 3621 3628 3635 3638 3642 3642 3652 3656 3660 3668 3666 3675 3680 3685 3689 3693 3700 3701 3710 3714 3719 3723 3731 3732 3736 3741 3743 3748 3751 3758 3767 3765 3766 3779 3774 3786 3783 3792 3789 3802 3798 3808 3808 3812 3820
0 0 0 0 0 0 0 0 0 0 0 0 0 0 0 0 0 0 0 0 0 0 0 0 0 0 0 3480 3475 3544 3541 3553 0 0 0 0 0 3568 3570 3575 3579 3581 3586 3588 3593 3600 3603 3607 3612 3615 3622 3624 3630 3636 3637 3641 3650 3657 3655 3663 3669 3669 3676 3682 3687 3687 3697 3700 3707 3713 3709 3720 3726 3730 3731 3731 3742 3749 3750 3752 3763 3764 3772 3771 3774 3784 3789 3789 3793 3803 3802 3807 3809 3818 3817 3826
0 0 0 0 0 0 0 0 0 0 0 0 0 0 0 0 0 0 0 0 0 0 0 0 0 0 3467 3476 3482 3537 0 0 0 0 0 0 0 3570 3574 3579 3580 3584 3588 3589 3593 3597 3604 3608 3608 3614 3618 3627 3629 3632 3640 3646 3650 3653 3658 3664 3671 3678 3678 3684 3691 3689 3701 3704 3708 3712 3717 3720 3720 3731 3736 3741 3747 3751 3751 3755 3765 3772 3769 3777 3777 3782 3793 3795 3799 3800 3806 3809 3812 3819 3823 3825
0 0 0 0 0 0 0 0 0 0 0 0 0 0 0 0 0 0 0 0 0 0 0 0 0 0 3465 3471 3481 3480 3542 0 0 0 0 0 0 3571 3577 3583 3583 3584 3587 3594 3594 3602 3606 3610 3615 3620 3626 3629 3632 3635 3640 3651 3655 3655 3662 3663 3669 3676 3682 3685 3689 3695 3700 3707 3710 3712 3719 3724 3726 3727 3738 3746 3747 3749 3757 3762 3764 3769 3774 3777 3787 3791 3793 3798 3804 3804 3811 3819 3818 3821 3830 3832
0 0 0 0 0 0 0 0 0 0 0 0 0 0 0 0 0 0 0 0 0 0 0 0 0 0 3469 3467 3480 3484 3473 0 0 0 0 0 0 3572 3578 3584 3586 3588 3590 3595 3595 3595 3606 3611 3614 3619 3624 3631 3634 3636 3645 3648 3653 3656 3663 3670 3674 3675 3686 3685 3692 3699 3703 3702 3712 3717 3719 3725 3730 3737 3743 3745 3746 3754 3757 3766 3768 3768 3775 3781 3788 3787 3795 3798 3808 3809 3815 3821 3825 3826 3828 3836
0 0 0 0 0 0 0 0 0 0 0 0 0 0 0 0 0 0 0 0 0 0 0 0 0 0 3461 3469 3465 3483 0 0 0 0 0 0 0 0 3581 3583 3583 3590 3592 3593 3598 3604 3604 3608 3615 3622 3625 3630 3636 3639 3643 3642 3656 3661 3660 3667 3672 3675 3676 3686 3693 3699 3706 3708 3707 3722 3723 3728 3729 3735 3742 3739 3750 3753 3762 3766 3765 3775 3777 3785 3790 3793 3798 3806 3804 3815 3814 3818 3823 3825 3833 3840
0 0 0 0 0 0 0 0 0 0 0 0 0 0 0 0 0 0 0 0 0 0 0 0 0 0 3473 3470 3470 3484 3551 0 0 0 0 0 0 0 3579 0 3587 3590 3593 3593 3600 3601 3610 3611 3619 3616 3622 3631 3636 3643 3646 3653 3653 3659 3661 3669 3678 3679 3686 3688 3690 3696 3704 3709 3708 3719 3722 3731 3736 3740 3740 3753 3754 3761 3759 3764 3768 3778 3784 3789 3784 3796 3803 3802 3812 3817 3823 3826 3828 3834 3837 3840
0 0 0 0 0 0 0 0 0 0 0 0 0 0 0 0 0 0 0 0 0 0 0 0 0 0 3462 3458 3482 3495 3546 3540 0 0 0 0 0 0 0 0 0 0 3594 3597 3601 3605 3609 3615 3617 3624 3628 3630 3636 3641 3641 3651 3651 3663 3669 3670 3675 3681 3684 3686 3698 3697 3709 3710 3715 3715 3722 3731 3734 3743 3741 3749 3751 3761 3764 3771 3771 3780 3784 3789 3793 3802 3807 3809 3818 3816 3824 3827 3835 3837 3844 3846
0 0 0 0 0 0 0 0 0 0 0 0 0 0 0 0 0 0 0 0 0 0 0 0 0 0 3475 3470 3485 3499 3548 3549 3557 0 0 0 3565 3578 0 0 0 0 0 3597 3600 3605 3610 3613 3621 3624 3623 3634 3635 3639 3648 3653 3656 3655 3666 3671 3677 3682 3687 3689 3699 3700 3706 3711 3711 3719 3727 3730 3733 3742 3748 3750 3748 3762 3765 3770 3781 3782 3791 3789 3800 3801 3807 3816 3813 3819 3823 3829 3840 3839 3848 3850
0 0 0 0 0 0 0 0 0 0 0 0 0 0 0 0 0 0 0 0 0 0 0 0 0 0 3474 3462 3472 3490 3550 3548 0 0 0 0 0 0 0 0 0 0 0 3599 3605 3608 3612 3616 3620 3625 3629 3631 3638 3644 3647 3653 3659 3657 3670 3673 3679 3684 3687 3692 3697 3703 3708 3711 3719 3720 3730 3732 3734 3745 3745 3753 3759 3762 3766 3772 3780 3787 3790 3791 3798 3806 3807 3816 3823 3828 3830 3836 3839 3840 3844 3847
0 0 0 0 0 0 0 0 0 0 0 0 0 0 0 0 0 0 0 0 0 0 0 0 0 0 0 3462 3479 3484 3544 3543 3533 0 0 0 0 0 0 0 0 0 0 0 3603 3608 3611 3619 3620 3628 3632 3632 3639 3641 3648 3653 3658 3662 3667 3675 3674 3683 3687 3696 3696 3704 3710 3712 3721 3722 3725 3733 3731 3746 3752 3753 3758 3765 3769 3778 3777 3786 3787 3796 3797 3801 3812 3811 3820 3825 3834 3832 3840 3843 3849 3860
0 0 0 0 0 0 0 0 0 0 0 0 0 0 0 0 0 0 0 0 0 0 0 0 0 0 3462 3459 3472 3486 3491 3547 3536 3485 0 0 0 0 0 0 0 0 0 0 0 3608 3605 3617 3621 3627 3630 3634 3636 3645 3647 3656 3657 3663 3665 3670 3671 3683 3687 3694 3700 3706 3710 3712 3723 3727 3726 3732 3741 3747 3751 3754 3760 3763 3772 3777 3781 3786 3791 3800 3800 3806 3815 3816 3823 3830 3835 3838 3846 3849 3847 3862
0 0 0 0 0 0 0 0 0 0 0 0 0 0 0 0 0 0 0 0 0 0 0 0 0 0 0 3460 3459 3475 3477 3535 3552 3539 0 0 0 0 0 0 0 0 0 0 3605 3609 3608 3620 3622 3627 3629 3637 3642 3645 3648 3654 3658 3666 3668 3676 3678 3684 3689 3693 3701 3701 3706 3714 3714 3728 3732 3737 3738 3744 3750 3756 3753 3767 3770 3780 3782 3785 3795 3802 3805 3811 3814 3814 3816 3828 3837 3836 3847 3847 3856 3857
0 0 0 0 0 0 0 0 0 0 0 0 0 0 0 0 0 0 0 0 0 0 0 0 0 0 0 0 0 0 3481 3502 3552 3551 3550 0 0 0 0 0 0 0 0 3601 3607 3610 3614 3616 3624 3630 3635 3634 3641 3646 3652 3656 3662 3666 3672 3671 3679 3683 3688 3691 3701 3700 3711 3716 3721 3728 3734 3735 3739 3744 3747 3760 3765 3772 3777 3773 3789 3791 3793 3802 3803 3808 3820 3826 3821 3832 3835 3848 3852 3849 3863 3869
0 0 0 0 0 0 0 0 0 0 0 0 0 0 0 0 0 0 0 0 0 0 0 0 0 0 0 0 0 0 0 0 3499 3503 3549 0 0 0 0 0 0 0 0 0 3608 3613 3613 3623 3623 3628 3637 3639 3642 3647 3651 3657 3659 3662 3668 3674 3681 3684 3688 3695 3702 3706 3713 3715 3714 3727 3734 3737 3745 3747 3754 3751 3765 3770 3774 3780 3788 3789 3796 3806 3805 3811 3823 3818 3828 3830 3845 3849 3850 3861 3863 3874
0 0 0 0 0 0 0 0 0 0 0 0 0 0 0 0 0 0 0 0 0 0 0 0 0 0 0 0 0 0 0 0 0 3492 3488 3484 0 0 0 0 0 0 0 0 3609 3615 3618 3621 3626 3632 3636 3639 3646 3647 3649 3650 3660 3666 3666 3676 3681 3680 3690 3694 3701 3704 3713 3719 3722 3725 3726 3740 3740 3740 3753 3759 3762 3769 3774 3778 3780 3795 3800 3799 3809 3813 3822 3824 3833 3838 3840 3849 3859 3862 3865 3866
0 0 0 0 0 0 0 0 0 0 0 0 0 0 0 0 0 0 0 0 0 0 0 0 0 0 0 0 0 0 0 0 0 3472 3480 3482 3464 0 0 0 0 0 0 0 0 3617 3617 3624 3627 3632 3635 3638 3645 3651 3652 3655 3662 3664 3668 3671 3682 3687 3691 3695 3697 3708 3710 3713 3721 3726 3729 3739 3744 3751 3751 3761 3766 3769 3778 3780 3788 3794 3799 3796 3803 3811 3822 3826 3833 3836 3846 3849 3858 3866 3872 3875
0 0 0 0 0 0 0 0 0 0 0 0 0 0 0 0 0 0 0 0 0 0 0 0 0 0 0 0 0 0 0 0 0 0 3455 3463 0 0 0 0 0 0 0 0 0 0 3617 3625 3628 3634 3640 3643 3646 3647 3653 3654 3660 3664 3665 3677 3681 3688 3692 3690 3694 3705 3705 3714 3724 3727 3730 3736 3745 3751 3753 3761 3767 3764 3769 3783 3782 3791 3796 3805 3811 3812 3823 3830 3835 3838 3845 3850 3856 3860 3870 3872
0 0 0 0 0 0 0 0 0 0 0 0 0 0 0 0 0 0 0 0 0 0 0 0 0 0 0 0 0 0 0 0 0 0 0 0 3450 0 0 0 0 0 0 0 0 0 0 3623 3629 3637 3637 3642 3648 3648 3653 3656 3660 3664 3669 3674 3678 3685 3692 3697 3696 3705 3709 3717 3723 3728 3732 3735 3739 3748 3754 3760 3759 3773 3774 3781 3787 3792 3797 3805 3812 3817 3820 3828 3829 3841 3848 3853 3863 3870 3870 3878
0 0 0 0 0 0 0 0 0 0 0 0 0 0 0 0 0 0 0 0 0 0 0 0 0 0 0 0 0 0 0 0 0 0 0 0 0 0 0 0 0 0 0 0 0 0 0 3625 3630 3633 3641 3646 3650 3652 3655 3658 3661 3661 3670 3673 3681 3684 3692 3696 3696 3707 3711 3712 3716 3728 3734 3738 3741 3750 3754 3755 3760 3772 3775 3784 3783 3792 3801 3803 3810 3815 3824 3827 3836 3843 3847 3852 3858 3861 3876 3884
0 0 0 0 0 0 0 0 0 0 0 0 0 0 0 0 0 0 0 0 0 0 0 0 0 0 0 0 0 0 0 0 0 0 0 0 0 3437 3437 0 0 0 0 0 0 0 0 0 3631 3640 3644 3646 3647 3653 3657 3659 3662 3664 3667 3666 3681 3686 3687 3695 3698 3708 3708 3716 3722 3722 3727 3731 3743 3748 3751 3758 3763 3771 3775 3781 3788 3790 3799 3803 3810 3812 3820 3829 3831 3842 3847 3856 3857 3862 3869 3881
0 0 0 0 0 0 0 0 0 0 0 0 0 0 0 0 0 0 0 0 0 0 0 0 0 0 0 0 0 0 0 0 0 0 0 0 0 0 3435 0 0 0 0 0 0 0 0 0 0 3600 3600 3600 3600 3600 3600 3659 3662 3666 3667 3673 3676 3684 3686 3693 3697 3705 3712 3711 3715 3727 3731 3734 3743 3747 3750 3758 3761 3769 3769 3773 3785 3791 3797 3795 3807 3812 3825 3827 3828 3842 3850 3848 3862 3870 3877 3881
0 0 0 0 0 0 0 0 0 0 0 0 0 0 0 0 0 0 0 0 0 0 0 0 0 0 0 0 0 0 0 0 0 0 0 0 0 0 3435 3435 0 0 0 0 0 0 0 0 0 0 700 3200 3400 3500 3600 3600 3661 3663 3670 3675 3674 3677 3687 3691 3697 3700 3703 3715 3717 3725 3730 3733 3740 3746 3751 3758 3764 3768 3773 3777 3786 3791 3797 3797 3812 3815 3824 3826 3835 3841 3848 3851 3860 3866 3877 3880
0 0 0 0 0 0 0 0 0 0 0 0 0 0 0 0 0 0 0 0 0 0 0 0 0 0 0 0 0 0 0 0 0 0 0 0 0 0 0 3427 0 0 0 0 0 0 0 0 0 0 0 0 3200 3400 3600 3600 3500 3600 3671 3675 3678 3682 3688 3691 3696 3704 3707 3711 3717 3721 3727 3734 3738 3742 3751 3756 3761 3767 3767 3777 3781 3788 3796 3800 3804 3811 3818 3827 3836 3843 3843 3848 3861 3867 3873 3881
0 0 0 0 0 0 0 0 0 0 0 0 0 0 0 0 0 0 0 0 0 0 0 0 0 0 0 0 0 0 0 0 0 0 0 0 0 0 0 0 3416 0 0 0 0 0 0 0 0 0 0 0 700 3400 3500 3500 3400 3500 3667 3669 3678 3681 3684 3690 3697 3700 3705 3711 3717 3724 3724 3736 3737 3741 3750 3755 3762 3766 3771 3779 3783 3783 3793 3798 3810 3811 3816 3818 3825 3837 3845 3853 3859 3865 3869 3880
0 0 0 0 0 0 0 0 0 0 0 0 0 0 0 0 0 0 0 0 0 0 0 0 0 0 0 0 0 0 0 0 0 0 0 0 0 0 0 0 0 0 0 0 0 0 0 0 0 0 0 0 0 3200 3500 3500 3300 3400 3500 3600 3676 3677 3687 3689 3698 3705 3707 3706 3719 3722 3726 3732 3739 3740 3748 3756 3753 3767 3770 3770 3784 3788 3793 3793 3797 3802 3812 3821 3829 3831 3835 3840 3851 3853 3700 3700
0 0 0 0 0 0 0 0 0 0 0 0 0 0 0 0 0 0 0 0 0 0 0 0 0 0 0 0 0 0 0 0 0 0 0 0 0 0 0 0 0 0 0 0 0 0 0 0 0 0 0 0 0 800 3200 3200 3200 3300 3300 3500 3500 3680 3685 3689 3696 3699 3701 3705 3715 3722 3725 3726 3739 3744 3746 3746 3761 3759 3764 3774 3775 3786 3791 3795 3798 3809 3812 3811 3823 3832 3833 3841 3850 3861 3700 3500
0 0 0 0 0 0 0 0 0 0 0 0 0 0 0 0 0 0 0 0 0 0 0 0 0 0 0 0 0 0 0 0 0 0 0 0 0 0 0 0 0 0 0 0 0 0 0 0 0 0 0 0 0 0 800 800 800 800 800 3300 3500 3600 3686 3691 3697 3700 3700 3709 3712 3714 3723 3722 3734 3739 3745 3748 3757 3752 3760 3773 3776 3781 3780 3796 3795 3803 3813 3814 3812 3825 3825 3844 3839 3700 3700 3200
0 0 0 0 0 0 0 0 0 0 0 0 0 0 0 0 0 0 0 0 0 0 0 0 0 0 0 0 0 0 0 0 0 0 0 0 0 0 0 0 0 0 0 0 0 0 0 0 0 0 0 0 0 0 0 800 700 800 800 3300 3400 3600 3684 3686 3694 3701 3704 3703 3714 3720 3718 3724 3733 3740 3741 3737 3753 3756 3761 3764 3770 3772 3785 3792 3794 3792 3804 3810 3810 3826 3831 3839 3800 3700 3500 3100
0 0 0 0 0 0 0 0 0 0 0 0 0 0 0 0 0 0 0 0 0 0 0 0 0 0 0 0 0 0 0 0 0 0 0 0 0 0 0 0 0 0 0 0 0 0 0 0 0 0 0 0 0 0 0 700 700 0 0 800 3300 3300 3685 3687 3689 3696 3699 3705 3709 3712 3717 3724 3729 3738 3743 3745 3750 3752 3760 3768 3770 3774 3782 3787 3785 3790 3794 3802 3809 3814 3823 3835 3800 3700 3300 3100
0 0 0 0 0 0 0 0 0 0 0 0 0 0 0 0 0 0 0 0 0 0 0 0 0 0 0 0 0 0 0 0 0 0 0 0 0 0 0 0 0 0 0 0 0 0 0 0 0 0 0 0 0 0 700 700 700 700 700 900 3200 3200 3684 3688 3689 3696 3696 3706 3711 3716 3716 3724 3725 3732 3738 3744 3745 3753 3757 3766 3765 3771 3779 3777 3788 3793 3791 3807 3812 3810 3813 3819 3700 3500 3200 3100
0 0 0 0 0 0 0 0 0 0 0 0 0 0 0 0 0 0 0 0 0 0 0 0 0 0 0 0 0 0 0 0 0 0 0 0 0 0 0 0 0 0 0 0 0 0 0 0 0 0 0 0 0 0 0 0 0 700 800 900 3200 3679 3682 3688 3690 3694 3697 3701 3707 3706 3719 3719 3722 3727 3730 3742 3741 3750 3754 3756 3763 3767 3775 3783 3782 3783 3793 3804 3798 3811 3813 3813 3700 3500 3200 3000
0 0 0 0 0 0 0 0 0 0 0 0 0 0 0 0 0 0 0 0 0 0 0 0 0 0 0 0 0 0 0 0 0 0 0 0 0 0 0 0 0 0 0 0 0 0 0 0 0 0 0 0 0 0 0 0 0 0 700 900 3400 3679 0 3688 3688 3691 3696 3698 3705 3711 3711 3717 3720 3728 3734 3734 3741 3746 3747 3756 3762 3764 3771 3770 3782 3785 3786 3794 3796 3799 3792 3805 3700 3500 3200 2700
0 0 0 0 0 0 0 0 0 0 0 0 0 0 0 0 0 0 0 0 0 0 0 0 0 0 0 0 0 0 0 0 0 0 0 0 0 0 0 0 0 0 0 0 0 0 0 0 0 0 0 0 0 0 0 0 0 0 0 700 3500 3675 0 3688 3690 3691 3692 3699 3699 3704 3709 3718 3714 3726 3733 3728 3738 3740 3748 3751 3759 3756 3764 3773 3772 3776 3782 3781 3788 3789 3791 3786 3700 3500 3200 2500
0 0 0 0 0 0 0 0 0 0 0 0 0 0 0 0 0 0 0 0 0 0 0 0 0 0 0 0 0 0 0 0 0 0 0 0 0 0 0 0 0 0 0 0 0 0 0 0 0 0 0 0 0 0 0 0 0 0 0 0 3671 0 0 3689 3686 3693 3696 0 0 3703 3705 3709 3721 3722 3728 3733 3735 3741 3745 3747 3753 3761 3757 3759 3769 3769 3778 3775 3784 3781 3782 3788 3700 3500 3200 2200
0 0 0 0 0 0 0 0 0 0 0 0 0 0 0 0 0 0 0 0 0 0 0 0 0 0 0 0 0 0 0 0 0 0 0 0 0 0 0 0 0 0 0 0 0 0 0 0 0 0 0 0 0 0 0 0 0 0 0 0 3671 0 0 0 3691 3694 0 0 0 0 0 3708 3716 3719 3725 3728 3730 3740 3740 3742 3750 3755 3759 3760 3764 3766 3768 3767 3776 3781 3784 3779 3700 3300 3100 2000
0 0 0 0 0 0 0 0 0 0 0 0 0 0 0 0 0 0 0 0 0 0 0 0 0 0 0 0 0 0 0 0 0 0 0 0 0 0 0 0 0 0 0 0 0 0 0 0 0 0 0 0 0 0 0 0 0 0 0 0 3670 0 0 0 3687 3695 0 0 0 0 0 3707 3713 3715 3719 3721 3727 3731 3734 3741 3742 3745 3753 3757 3758 3759 3767 3764 3768 3770 3765 3764 3700 3300 2700 2000
0 0 0 0 0 0 0 0 0 0 0 0 0 0 0 0 0 0 0 0 0 0 0 0 0 0 0 0 0 0 0 0 0 0 0 0 0 0 0 0 0 0 0 0 0 0 0 0 0 0 0 0 0 0 0 0 0 0 0 0 0 3672 0 0 0 0 0 0 0 0 0 3706 3708 3711 3717 3719 3726 3731 3729 3740 3743 3742 3744 3754 3751 3754 3759 3758 3761 3761 3765 3764 3757 3500 3200 2000
0 0 0 0 0 0 0 0 0 0 0 0 0 0 0 0 0 0 0 0 0 0 0 0 0 0 0 0 0 0 0 0 0 0 0 0 0 0 0 0 0 0 0 0 0 0 0 0 0 0 0 0 0 0 0 0 0 0 0 0 0 0 0 0 0 0 0 0 0 0 0 0 0 0 3717 3718 3724 3719 3728 3732 3733 3739 3737 3749 3744 3748 3752 3752 3753 3750 3756 3758 3758 3700 3200 2100
0 0 0 0 0 0 0 0 0 0 0 0 0 0 0 0 0 0 0 0 0 0 0 0 0 0 0 0 0 0 0 0 0 0 0 0 0 0 0 0 0 0 0 0 0 0 0 0 0 0 0 0 0 0 0 0 0 0 0 0 0 0 0 0 0 0 0 0 0 0 0 0 0 0 0 3712 3720 0 3723 3727 3731 3735 3739 3737 3746 3739 3738 3750 3752 3754 3753 3745 3751 3750 3300 2400
0 0 0 0 0 0 0 0 0 0 0 0 0 0 0 0 0 0 0 0 0 0 0 0 0 0 0 0 0 0 0 0 0 0 0 0 0 0 0 0 0 0 0 0 0 0 0 0 0 0 0 0 0 0 0 0 0 0 0 0 0 0 0 0 0 0 0 0 0 0 0 0 0 0 0 0 0 0 0 3721 3730 3724 3732 3735 3739 3732 3739 3737 3739 3743 3743 3737 3742 3740 3727 3200
0 0 0 0 0 0 0 0 0 0 0 0 0 0 0 0 0 0 0 0 0 0 0 0 0 0 0 0 0 0 0 0 0 0 0 0 0 0 0 0 0 0 0 0 0 0 0 0 0 0 0 0 0 0 0 0 0 0 0 0 0 0 0 0 0 0 0 0 0 0 0 0 0 0 0 0 0 0 0 0 0 0 3722 3725 3732 3733 3730 3736 3732 3736 3737 3732 3734 3730 3723 3300
