output/arrival_times.asc
NCOLS 255
NROWS 330
XLLCORNER -2985163.8955
YLLCORNER -3022031.214
CELLSIZE 25000
NODATA_value 0
[rows 55 to 109 of 330, columns 0 to 95 of 255]
0 0 0 0 0 0 0 0 0 0 0 0 0 0 0 0 0 0 0 0 0 0 0 0 0 0 0 0 0 0 0 0 0 0 0 0 0 0 0 0 0 0 0 0 0 0 0 0 0 0 3120 3133 3145 3156 0 3175 3182 3188 3195 3201 3207 3211 3217 3222 3227 3231 3237 3241 3247 3252 3257 3261 3266 3272 3277 3281 3286 3291 3296 3302 3307 3311 3315 3320 3325 3329 3334 3337 3342 3346 3351 3355 3360 3365 3369 3374
0 0 0 0 0 0 0 0 0 0 0 0 0 0 0 0 0 0 0 0 0 0 0 0 0 0 0 0 0 0 0 0 0 0 0 0 0 0 0 0 0 0 0 0 0 0 0 0 0 0 3125 3138 3150 3162 3173 3184 3193 3201 3208 3214 3219 3225 3230 3235 3240 3245 3250 3255 3260 3265 3270 3275 3280 3285 3290 3295 3301 3306 3310 3315 3319 3324 3329 3333 3337 3342 3347 3351 3354 3357 3362 3369 3373 3378 3383 3387
0 0 0 0 0 0 0 0 0 0 0 0 0 0 0 0 0 0 0 0 0 0 0 0 0 0 0 0 0 0 0 0 0 0 0 0 0 0 0 0 0 0 0 0 0 0 0 0 0 3116 3130 3143 3155 3168 3180 3192 3202 3212 3219 3226 3232 3238 3243 3248 3253 3258 3263 3268 3274 3279 3283 3288 3293 3299 3305 3310 3314 3319 3324 3328 3333 3338 3342 3347 3351 3355 3360 3365 3368 3368 3376 3382 3388 3391 3396 3400
0 0 0 0 0 0 0 0 0 0 0 0 0 0 0 0 0 0 0 0 0 0 0 0 0 0 0 0 0 0 0 0 0 0 0 0 0 0 0 0 0 0 0 0 0 0 0 0 3108 3122 3135 3147 3160 3173 3186 3198 3211 3221 3229 3237 3244 3250 3255 3261 3266 3271 3276 3281 3287 3292 3297 3302 3308 3313 3318 3323 3328 3333 3337 3342 3347 3351 3356 3360 3365 3369 3374 3380 3384 3389 3389 3398 3402 3405 3409 3413
0 0 0 0 0 0 0 0 0 0 0 0 0 0 0 0 0 0 0 0 0 0 0 0 0 0 0 0 0 0 0 0 0 0 0 0 0 0 0 0 0 0 0 0 0 0 0 3101 3113 3126 3139 3152 3165 3179 3191 3204 3217 3229 3240 3249 3255 3263 3269 3274 3279 3284 3289 3294 3301 3306 3312 3316 3322 3326 3331 3336 3340 3346 3351 3356 3361 3365 3369 3374 3378 3383 3388 3393 3396 3401 3406 0 3414 3419 3423 3427
0 0 0 0 0 0 0 0 0 0 0 0 0 0 0 0 0 0 0 0 0 0 0 0 0 0 0 0 0 0 0 0 0 0 0 0 0 0 0 0 0 0 0 0 0 0 3093 3105 3117 3131 3144 3156 3170 3183 3196 3210 3222 3235 3247 3258 3267 3274 3281 3287 3292 3298 3303 3309 3314 3320 3325 3330 3335 3340 3344 3349 3354 3359 3364 3369 3374 3379 3383 3387 3392 3397 3402 3407 3411 3415 3419 3424 3429 3432 3437 3441
0 0 0 0 0 0 0 0 0 0 0 0 0 0 0 0 0 0 0 0 0 0 0 0 0 0 0 0 0 0 0 0 0 0 0 0 0 0 0 0 0 0 0 0 0 3085 3097 3110 3123 3136 3148 3161 3175 3189 3202 3215 3227 3240 3253 3265 3276 3285 3292 3301 3306 3311 3316 3321 3328 3333 3338 3343 3348 3353 3358 3363 3368 3373 3377 3382 3388 3392 3397 3402 3406 3411 3415 3420 3424 3428 3433 3438 3442 3446 3450 3454
0 0 0 0 0 0 0 0 0 0 0 0 0 0 0 0 0 0 0 0 0 0 0 0 0 0 0 0 0 0 0 0 0 0 0 0 0 0 0 0 0 0 0 3067 3079 3089 3103 3115 3128 3141 3154 3167 3180 3193 3207 3220 3233 3245 3258 3271 3283 3295 3305 3311 3318 3324 3330 3334 3340 3346 3351 3355 3361 3366 3371 3376 3381 3386 3390 3395 3401 3406 3410 3415 3420 3424 3429 3434 3439 3443 3447 3452 3456 3460 3464 3468
0 0 0 0 0 0 0 0 0 0 0 0 0 0 0 0 0 0 0 0 0 0 0 0 0 0 0 0 0 0 0 0 0 0 0 0 0 0 0 0 0 0 0 3070 3082 3094 3107 3119 3132 3145 3159 3172 3185 3199 3212 3224 3238 3251 3263 3277 3290 3304 3314 3322 3331 3337 3342 3347 3353 3358 3364 3368 3374 3379 3384 3389 3394 3399 3404 3409 3414 3419 3424 3429 3433 3437 3442 3447 3452 3456 3461 3466 3470 3474 3478 3483
0 0 0 0 0 0 0 0 0 0 0 0 0 0 0 0 0 0 0 0 0 0 0 0 0 0 0 0 0 0 0 0 0 0 0 0 0 0 0 0 0 0 3062 3073 3086 3098 3111 3124 3137 3150 3164 3177 3190 3204 3217 3230 3244 3256 3269 3282 3295 3309 3321 3331 3341 3348 3354 3360 3366 3371 3377 3381 3387 3393 3398 3403 3408 3413 3418 3422 3428 3433 3437 3442 3447 3451 3456 3461 3465 3470 3474 3479 3483 3488 3492 3497
0 0 0 0 0 0 0 0 0 0 0 0 0 0 0 0 0 0 0 0 0 0 0 0 0 0 0 0 0 0 0 0 0 0 0 0 0 0 0 0 0 3053 3065 3077 3089 3102 3116 3130 3142 3156 3169 3182 3195 3209 3222 3235 3248 3261 3274 3287 3301 3314 3326 3338 3349 3359 3366 3373 3379 3384 3389 3394 3400 3406 3411 3416 3421 3426 3431 3435 3441 3446 3450 3455 3460 3464 3470 3474 3479 3484 3488 3493 3497 3504 3506 3511
0 0 0 0 0 0 0 0 0 0 0 0 0 0 0 0 0 0 0 0 0 0 0 0 0 0 0 0 0 0 0 0 0 0 0 0 0 0 0 3036 3045 3057 3069 3081 3094 3107 3121 3134 3147 3160 3174 3187 3201 3214 3227 3240 3253 3266 3278 3292 3306 3320 3332 3345 3356 3367 3377 3384 3391 3397 3403 3408 3413 3418 3424 3429 3433 3439 3444 3449 3454 3459 3464 3469 3473 3478 3483 3488 3493 3499 3503 3508 3513 3517 3521 3525
0 0 0 0 0 0 0 0 0 0 0 0 0 0 0 0 0 0 0 0 0 0 0 0 0 0 0 0 0 0 0 0 0 0 0 0 0 0 0 3039 3048 3061 3073 3086 3099 3112 3125 3139 3153 3165 3179 3191 3205 3219 3232 3245 3258 3271 3284 3297 3311 3325 3338 3351 3363 3374 3386 3395 3404 3411 3416 3421 3426 3432 3437 3443 3447 3453 3458 3463 3468 3473 3477 3482 3487 3492 3498 3504 3508 3514 3518 3522 3527 3531 3535 3539
0 0 0 0 0 0 0 0 0 0 0 0 0 0 0 0 0 0 0 0 0 0 0 0 0 0 0 0 0 0 0 0 0 0 0 0 0 0 0 0 3052 3065 3077 3091 3104 3117 3131 3144 3157 3170 3183 3196 3210 3223 3236 3250 3263 3276 3290 3303 3316 3330 3343 3357 3369 3381 3394 3405 3415 3422 3428 3433 3439 3445 3450 3455 3460 3466 3470 3475 3481 3486 3491 3496 3502 3507 3512 3517 3522 3526 3531 3536 3540 3545 3549 3553
0 0 0 0 0 0 0 0 0 0 0 0 0 0 0 0 0 0 0 0 0 0 0 0 0 0 0 0 0 0 0 0 0 0 0 0 0 0 0 0 3056 3068 3082 3095 3108 3121 3135 3149 3162 3174 3188 3202 3214 3228 3241 3255 3268 3281 3295 3308 3321 3334 3348 3362 3375 3387 3401 3413 3424 3433 3439 3446 3451 3457 3463 3468 3474 3479 3484 3489 3494 3500 3505 3511 3516 3520 3525 3530 3535 3539 3545 3549 3553 3558 3563 3566
0 0 0 0 0 0 0 0 0 0 0 0 0 0 0 0 0 0 0 0 0 0 0 0 0 0 0 0 0 0 0 0 0 0 0 0 0 0 0 0 3061 3073 3086 3099 3113 3125 3139 3152 3166 3178 3192 3206 3219 3233 3246 3260 3273 3286 3300 3313 3326 3339 3353 3367 3380 3394 3406 3419 3431 3442 3451 3458 3464 3470 3476 3482 3487 3492 3497 3504 3509 3514 3519 3524 3529 3534 3539 3544 3549 3554 3558 3562 3567 3571 3576 3580
0 0 0 0 0 0 0 0 0 0 0 0 0 0 0 0 0 0 0 0 0 0 0 0 0 0 0 0 0 0 0 0 0 0 0 0 0 0 0 3052 3065 3078 3090 3104 3117 3130 3144 3157 3170 3182 3196 3211 3224 3238 3251 3265 3278 3291 3305 3318 3332 3345 3358 3372 3386 3400 3412 3424 3437 3449 3459 3469 3475 3483 3489 3495 3501 3507 3511 3517 3522 3527 3532 3537 3542 3548 3553 3558 3562 3567 3571 3576 3580 3585 3589 3594
0 0 0 0 0 0 0 0 0 0 0 0 0 0 0 0 0 0 0 0 0 0 0 0 0 0 0 0 0 0 0 0 0 0 0 0 0 0 3046 3057 3069 3082 3095 3108 3121 3135 3148 3161 3174 3187 3202 3215 3229 3242 3256 3270 3283 3296 3310 3323 3337 3350 3363 3377 3390 3404 3418 3431 3443 3456 3468 3478 3487 3494 3503 3509 3514 3520 3524 3530 3536 3541 3546 3550 3555 3560 3566 3571 3576 3581 3585 3589 3594 3598 3604 3608
0 0 0 0 0 0 0 0 0 0 0 0 0 0 0 0 0 0 0 0 0 0 0 0 0 0 0 0 0 0 0 0 0 0 0 0 0 0 3049 3061 3074 3086 3099 3113 3126 3140 3153 3166 3179 3193 3207 3220 3234 3247 3261 3275 3288 3302 3315 3328 3342 3355 3368 3382 3396 3409 3423 3437 3449 3461 3474 3486 3497 3506 3514 3521 3527 3532 3537 3543 3548 3554 3559 3564 3569 3573 3579 3584 3589 3594 3599 3604 3609 3613 3617 3622
0 0 0 0 0 0 0 0 0 0 0 0 0 0 0 0 0 0 0 0 0 0 0 0 0 0 0 0 0 0 0 0 0 0 0 0 0 0 0 3065 3078 3091 3105 3118 3131 3144 3157 3171 3184 3198 3212 3225 3238 3252 3265 3279 3292 3306 3320 3333 3347 3360 3373 3387 3402 3415 3428 3441 3454 3467 3479 3492 3505 3515 3525 3533 3540 3545 3551 3555 3561 3567 3572 3577 3582 3587 3593 3598 3603 3609 3613 3618 3622 3626 3631 3636
0 0 0 0 0 0 0 0 0 0 0 0 0 0 0 0 0 0 0 0 0 0 0 0 0 0 0 0 0 0 0 0 0 0 0 0 0 0 0 3068 3083 3096 3109 3123 3135 3149 3162 3176 3188 3202 3216 3230 3243 3257 3270 3284 3298 3311 3324 3338 3351 3366 3378 3392 3407 3420 3433 3446 3459 3472 3485 3498 3512 3524 3534 3544 3552 3558 3563 3568 3573 3579 3586 3591 3595 3601 3607 3612 3617 3622 3626 3631 3636 3640 3645 3650
0 0 0 0 0 0 0 0 0 0 0 0 0 0 0 0 0 0 0 0 0 0 0 0 0 0 0 0 0 0 0 0 0 0 0 0 0 0 0 3072 3086 3100 3113 3127 3140 3153 3166 3180 3193 3207 3222 3235 3248 3262 3275 3289 3303 3316 3329 3343 3356 3370 3383 3397 3412 3424 3438 3451 3464 3477 3490 3505 3518 3530 3542 3552 3562 3569 3576 3582 3587 3593 3599 3605 3610 3615 3620 3624 3630 3634 3639 3644 3648 3654 3659 3663
0 0 0 0 0 0 0 0 0 0 0 0 0 0 0 0 0 0 0 0 0 0 0 0 0 0 0 0 0 0 0 0 0 0 0 0 0 0 0 3077 3090 3104 3119 3131 3145 3158 3171 3184 3198 3213 3227 3240 3253 3267 3280 3294 3307 3320 3334 3347 3361 3374 3387 3402 3416 3429 3443 3456 3469 3482 3496 3510 3523 3536 3549 3560 3571 3581 3587 3594 3601 3608 3613 3618 3623 3628 3633 3638 3643 3647 3653 3658 3662 3667 3672 3677
0 0 0 0 0 0 0 0 0 0 0 0 0 0 0 0 0 0 0 0 0 0 0 0 0 0 0 0 0 0 0 0 0 0 0 0 0 0 3067 3081 3095 3109 3122 3136 3150 3162 3175 3189 3203 3216 3230 3244 3257 3271 3285 3299 3312 3325 3339 3352 3365 3379 3393 3407 3420 3433 3447 3461 3473 3488 3503 3516 3529 3542 3554 3567 3578 3589 3599 3607 3614 3620 3626 3631 3636 3641 3646 3652 3656 3661 3666 3671 3676 3681 3686 3690
0 0 0 0 0 0 0 0 0 0 0 0 0 0 0 0 0 0 0 0 0 0 0 0 0 0 0 0 0 0 0 0 0 0 0 0 0 0 3071 3085 3099 3113 3126 3141 3154 3167 3181 3194 3208 3221 3235 3249 3263 3276 3290 3303 3317 3330 3343 3357 3371 3384 3398 3412 3425 3438 3452 3465 3479 3493 3508 3521 3534 3547 3560 3573 3585 3597 3609 3618 3626 3633 3638 3644 3649 3654 3659 3664 3669 3675 3678 3684 3690 3694 3699 3705
0 0 0 0 0 0 0 0 0 0 0 0 0 0 0 0 0 0 0 0 0 0 0 0 0 0 0 0 0 0 0 0 0 0 0 0 0 3063 3076 3089 3103 3117 3131 3145 3158 3171 3185 3199 3213 3226 3240 3253 3268 3281 3294 3308 3322 3335 3348 3362 3376 3389 3404 3417 3430 3443 3457 3470 3484 3499 3512 3526 3539 3552 3566 3578 3591 3606 3617 3628 3637 3644 3652 3657 3662 3667 3672 3677 3683 3688 3693 3697 3703 3708 3713 3719
0 0 0 0 0 0 0 0 0 0 0 0 0 0 0 0 0 0 0 0 0 0 0 0 0 0 0 0 0 0 0 0 0 0 0 0 0 3067 3080 3094 3108 3121 3134 3149 3161 3175 3189 3203 3217 3231 3244 3258 3273 3285 3300 3313 3326 3340 3353 3367 3380 3393 3407 3421 3435 3449 3462 3475 3489 3504 3516 3531 3544 3557 3570 3583 3597 3611 3623 3635 3645 3655 3664 3670 3675 3680 3686 3691 3696 3702 3707 3712 3717 3722 3727 3732
0 0 0 0 0 0 0 0 0 0 0 0 0 0 0 0 0 0 0 0 0 0 0 0 0 0 0 0 0 0 0 0 0 0 0 0 0 3072 3085 3099 3112 3125 3139 3152 3165 3179 3193 3208 3221 3235 3248 3263 3277 3290 3304 3318 3331 3344 3358 3371 3384 3397 3411 3425 3440 3453 3466 3480 3494 3508 3521 3535 3549 3562 3576 3588 3602 3616 3629 3642 3654 3665 3674 3682 3688 3694 3700 3705 3711 3715 3720 3725 3730 3736 3741 3746
0 0 0 0 0 0 0 0 0 0 0 0 0 0 0 0 0 0 0 0 0 0 0 0 0 0 0 0 0 0 0 0 0 0 0 0 0 3076 3090 3103 3117 3130 3143 3156 3170 3184 3198 3211 3226 3239 3253 3267 3280 3294 3307 3322 3335 3348 3362 3375 3388 3402 3416 3430 3445 3458 3471 3485 3500 3513 3527 3540 3553 3567 3580 3593 3607 3622 3634 3647 3660 3672 3683 3692 3701 3708 3713 3718 3723 3729 3734 3739 3744 3750 3755 3759
0 0 0 0 0 0 0 0 0 0 0 0 0 0 0 0 0 0 0 0 0 0 0 0 0 0 0 0 0 0 0 0 0 0 0 0 0 3081 3095 3108 3122 3135 3148 3161 3174 3187 3202 3217 3231 3244 3257 3271 3284 3298 3312 3325 3339 3353 3366 3379 3393 3407 3421 3435 3449 3463 3476 3490 3505 3518 3532 3544 3558 3572 3585 3599 3613 3626 3640 3652 3665 3679 3691 3702 3712 3719 3726 3732 3737 3742 3747 3752 3757 3762 3768 3773
0 0 0 0 0 0 0 0 0 0 0 0 0 0 0 0 0 0 0 0 0 0 0 0 0 0 0 0 0 0 0 0 0 0 0 0 0 3085 3099 3113 3126 3140 3153 3166 3178 3191 3207 3221 3235 3249 3262 3275 3289 3303 3316 3329 3342 3357 3371 3384 3398 3412 3426 3439 3452 3467 3481 3495 3509 3523 3536 3549 3563 3576 3590 3604 3618 3631 3644 3657 3671 3684 3697 3709 3721 3730 3737 3744 3750 3756 3761 3766 3771 3776 3781 3786
0 0 0 0 0 0 0 0 0 0 0 0 0 0 0 0 0 0 0 0 0 0 0 0 0 0 0 0 0 0 0 0 0 0 0 0 0 3089 3104 3118 3131 3144 3157 3170 3182 3197 3211 3225 3238 3252 3266 3279 3294 3307 3320 3333 3346 3360 3375 3388 3402 3416 3430 3444 3457 3471 3485 3500 3514 3527 3540 3554 3568 3581 3595 3609 3622 3636 3649 3663 3676 3690 3703 3716 3728 3739 3747 3756 3762 3768 3774 3779 3785 3789 3794 3800
0 0 0 0 0 0 0 0 0 0 0 0 0 0 0 0 0 0 0 0 0 0 0 0 0 0 0 0 0 0 0 0 0 0 0 0 0 3093 3110 3123 3136 3149 3160 3173 3186 3202 3216 3229 3242 3257 3270 3284 3298 3311 3324 3337 3351 3365 3379 3393 3407 3420 3434 3448 3461 3475 3489 3504 3518 3532 3545 3559 3572 3586 3600 3614 3627 3642 3655 3668 3681 3694 3709 3721 3735 3746 3757 3766 3773 3780 3787 3793 3798 3803 3808 3813
0 0 0 0 0 0 0 0 0 0 0 0 0 0 0 0 0 0 0 0 0 0 0 0 0 0 0 0 0 0 0 0 0 0 0 0 0 3093 3114 3128 3142 3153 3165 3177 3191 3206 3220 3233 3246 3260 3274 3288 3301 3315 3328 3341 3355 3370 3384 3398 3412 3425 3438 3453 3466 3480 3494 3508 3522 3536 3550 3563 3577 3591 3605 3619 3633 3646 3660 3673 3686 3701 3714 3727 3740 3752 3765 3776 3784 3792 3800 3806 3811 3816 3821 3826
0 0 0 0 0 0 0 0 0 0 0 0 0 0 0 0 0 0 0 0 0 0 0 0 0 0 0 0 0 0 0 0 0 0 0 0 0 0 3114 3128 3146 3158 3169 3181 3195 3210 3223 3237 3250 3264 3278 3292 3304 3319 3331 3346 3360 3374 3388 3403 3417 3430 3443 3457 3471 3483 3499 3513 3526 3539 3554 3568 3581 3596 3609 3623 3636 3650 3663 3678 3691 3705 3719 3732 3746 3759 3771 3783 3794 3803 3812 3818 3824 3830 3835 3840
0 0 0 0 0 0 0 0 0 0 0 0 0 0 0 0 0 0 0 0 0 0 0 0 0 0 0 0 0 0 0 0 0 0 0 0 0 0 3114 0 3146 3163 3173 3185 3200 3213 3227 3241 3255 3268 3282 3296 3309 3322 3336 3350 3364 3377 3391 3407 3421 3434 3446 3460 3474 3488 3503 3517 3531 3544 3558 3572 3585 3600 3614 3628 3641 3655 3668 3682 3696 3711 3724 3737 3751 3764 3777 3790 3802 3812 3822 3830 3836 3842 3848 3854
0 0 0 0 0 0 0 0 0 0 0 0 0 0 0 0 0 0 0 0 0 0 0 0 0 0 0 0 0 0 0 0 0 0 0 0 0 0 0 0 0 0 3178 3189 3204 3218 3231 3245 3259 3272 3286 3300 3313 3327 3340 3354 3367 3381 3395 3410 3424 3438 3451 3465 3479 3492 3507 3521 3535 3548 3563 3576 3590 3604 3619 3632 3646 3660 3673 3687 3701 3715 3729 3742 3755 3769 3782 3795 3808 3820 3832 3841 3848 3855 3861 3867
0 0 0 0 0 0 0 0 0 0 0 0 0 0 0 0 0 0 0 0 0 0 0 0 0 0 0 0 0 0 0 0 0 0 0 0 0 0 0 0 0 0 0 3195 3207 3221 3234 3249 3262 3276 3289 3303 3316 3330 3344 3358 3371 3385 3400 3414 3427 3441 3456 3469 3483 3497 3512 3526 3540 3553 3568 3581 3594 3609 3623 3637 3650 3664 3677 3692 3706 3720 3733 3747 3760 3774 3787 3801 3814 3827 3839 3849 3859 3867 3873 3879
0 0 0 0 0 0 0 0 0 0 0 0 0 0 0 0 0 0 0 0 0 0 0 0 0 0 0 0 0 0 0 0 0 0 0 0 0 0 0 0 0 0 0 3198 3211 3224 3238 3252 3266 3279 3293 3306 3320 3334 3348 3361 3375 3389 3404 3418 3431 3445 3459 3474 3487 3503 3516 3530 3544 3558 3572 3585 3600 3614 3627 3641 3654 3668 3682 3696 3711 3725 3738 3751 3765 3778 3792 3806 3819 3833 3846 3858 3869 3878 3885 3892
0 0 0 0 0 0 0 0 0 0 0 0 0 0 0 0 0 0 0 0 0 0 0 0 0 0 0 0 0 0 0 0 0 0 0 0 0 0 0 0 0 0 0 0 3214 3227 3241 3255 3269 3282 3297 3309 3322 3337 3351 3366 3379 3393 3408 3422 3436 3450 3464 3477 3492 3507 3520 3534 3548 3561 3575 3589 3604 3618 3631 3645 3659 3673 3687 3701 3714 3728 3743 3756 3770 3784 3797 3811 3825 3838 3851 3865 3877 3887 3897 3904
0 0 0 0 0 0 0 0 0 0 0 0 0 0 0 0 0 0 0 0 0 0 0 0 0 0 0 0 0 0 0 0 0 0 0 0 0 0 0 0 0 0 0 0 0 3230 3243 3258 3272 3285 3300 3312 3326 3340 3354 3368 3382 3396 3411 3426 3440 3454 3467 3480 3495 3510 3524 3538 3551 3565 3579 3593 3608 3622 3636 3650 3664 3677 3691 3705 3719 3733 3747 3761 3775 3789 3802 3816 3830 3843 3856 3870 3883 3894 3907 3916
0 0 0 0 0 0 0 0 0 0 0 0 0 0 0 0 0 0 0 0 0 0 0 0 0 0 0 0 0 0 0 0 0 0 0 0 0 0 0 0 0 0 0 0 3221 3232 3246 3259 3274 3287 3301 3315 3329 3343 3357 3371 3385 3401 3415 3429 3443 3457 3470 3484 3499 3514 3528 3542 3555 3569 3584 3597 3612 3626 3640 3654 3667 3681 3695 3709 3723 3737 3751 3765 3780 3794 3807 3821 3834 3847 3861 3874 3888 3902 3913 3925
0 0 0 0 0 0 0 0 0 0 0 0 0 0 0 0 0 0 0 0 0 0 0 0 0 0 0 0 0 0 0 0 0 0 0 0 0 0 0 0 0 0 0 3213 3224 3234 3247 3261 3275 3289 3303 3316 3331 3345 3360 3373 3388 3403 3418 3432 3446 3460 3474 3487 3503 3517 3531 3546 3559 3573 3587 3602 3616 3630 3644 3658 3672 3686 3700 3713 3727 3741 3756 3770 3784 3798 3812 3825 3839 3852 3866 3880 3893 3908 3921 3933
0 0 0 0 0 0 0 0 0 0 0 0 0 0 0 0 0 0 0 0 0 0 0 0 0 0 0 0 0 0 0 0 0 0 0 0 0 0 0 0 0 0 0 0 3227 3237 3249 3262 3275 3290 3304 3317 3332 3346 3361 3375 3389 3405 3419 3434 3447 3462 3477 3490 3506 3520 3535 3549 3563 3576 3590 3605 3620 3634 3647 3661 3675 3689 3703 3717 3731 3746 3760 3774 3788 3802 3816 3830 3844 3858 3872 3885 3900 3913 3927 3939
0 0 0 0 0 0 0 0 0 0 0 0 0 0 0 0 0 0 0 0 0 0 0 0 0 0 0 0 0 0 0 0 0 0 0 0 0 0 0 0 0 0 0 0 3229 3239 3250 3263 3276 3291 3305 3318 3332 3347 3362 3376 3390 3405 3420 3435 3449 3463 3478 3493 3508 3522 3537 3551 3565 3579 3593 3609 3623 3637 3651 3665 3679 3692 3707 3722 3736 3750 3764 3779 3791 3807 3821 3835 3850 3864 3877 3890 3905 3918 3932 3945
0 0 0 0 0 0 0 0 0 0 0 0 0 0 0 0 0 0 0 0 0 0 0 0 0 0 0 0 0 0 0 0 0 0 0 0 0 0 0 0 0 0 0 0 0 3241 3251 3263 3276 3291 3305 3318 3332 3347 3362 3376 3390 3406 3421 3435 3449 3464 3479 3495 3510 3524 3538 3552 3567 3581 3596 3611 3626 3640 3654 3669 3682 3696 3711 3725 3739 3753 3767 3782 3796 3811 3825 3840 3854 3868 3881 3895 3910 3923 3936 3950
0 0 0 0 0 0 0 0 0 0 0 0 0 0 0 0 0 0 0 0 0 0 0 0 0 0 0 0 0 0 0 0 0 0 0 0 0 0 0 0 0 0 0 0 0 0 3251 3263 3277 3292 3306 3319 3332 3347 3362 3376 3390 3407 3421 3436 3450 3465 3480 3495 3511 3525 3539 3553 3567 3582 3598 3614 3628 3642 3656 3671 3685 3700 3714 3728 3742 3756 3771 3785 3800 3815 3829 3844 3858 3872 3886 3901 3915 3929 3942 3955
0 0 0 0 0 0 0 0 0 0 0 0 0 0 0 0 0 0 0 0 0 0 0 0 0 0 0 0 0 0 0 0 0 0 0 0 0 0 0 0 0 0 0 0 0 0 0 3264 3277 3292 3306 3319 3332 3347 3362 3376 3390 3407 3421 3436 3450 3465 3480 3495 3511 3526 3539 3554 3567 3583 3599 3614 3630 3644 3658 3673 3687 3702 3716 3731 3745 3760 3775 3790 3804 3818 3832 3847 3862 3876 3891 3906 3918 3933 3946 3961
0 0 0 0 0 0 0 0 0 0 0 0 0 0 0 0 0 0 0 0 0 0 0 0 0 0 0 0 0 0 0 0 0 0 0 0 0 0 0 0 0 0 0 0 0 0 0 3265 3278 3292 3307 3319 3332 3347 3361 3376 3390 3407 3421 3436 3450 3465 3480 3495 3511 3526 3539 3554 3567 3584 3600 3615 3630 3645 3659 3674 3689 3703 3718 3732 3747 3763 3778 3792 3807 3821 3835 3850 3864 3880 3894 3909 3923 3937 3952 3965
0 0 0 0 0 0 0 0 0 0 0 0 0 0 0 0 0 0 0 0 0 0 0 0 0 0 0 0 0 0 0 0 0 0 0 0 0 0 0 0 0 0 0 0 0 0 0 0 3278 3292 3307 3319 3332 3346 3361 3376 3390 3407 3421 3436 3450 3465 3480 3495 3511 3526 3539 3554 3567 3584 3600 3615 3630 3645 3659 3675 3689 3704 3719 3735 3750 3765 3780 3794 3809 3823 3838 3853 3867 3883 3898 3912 3927 3942 3956 3970
0 0 0 0 0 0 0 0 0 0 0 0 0 0 0 0 0 0 0 0 0 0 0 0 0 0 0 0 0 0 0 0 0 0 0 0 0 0 0 0 0 0 0 0 0 0 0 0 0 3292 3308 3319 3332 3346 3360 3375 3390 3407 3420 3435 3450 3465 3480 3495 3511 3526 3539 3554 3567 3584 3600 3615 3630 3645 3659 3675 3689 3705 3720 3735 3750 3766 3781 3795 3811 3825 3840 3855 3870 3885 3901 3915 3931 3946 3961 3975
0 0 0 0 0 0 0 0 0 0 0 0 0 0 0 0 0 0 0 0 0 0 0 0 0 0 0 0 0 0 0 0 0 0 0 0 0 0 0 0 0 0 0 0 0 0 0 0 0 0 3308 3319 3332 3346 3360 3374 3390 3406 3420 3435 3449 3464 3479 3494 3510 3525 3539 3554 3567 3584 3600 3615 3630 3645 3659 3675 3689 3705 3720 3735 3751 3766 3781 3795 3811 3826 3841 3856 3871 3886 3903 3918 3935 3949 3964 3980
0 0 0 0 0 0 0 0 0 0 0 0 0 0 0 0 0 0 0 0 0 0 0 0 0 0 0 0 0 0 0 0 0 0 0 0 0 0 0 0 0 0 0 0 0 0 0 0 0 0 3308 0 3331 3345 3359 3373 3389 3405 3420 3434 3449 3464 3478 3493 3509 3524 3538 3553 3567 3582 3600 3614 3629 3644 3659 3674 3689 3705 3720 3735 3751 3766 3781 3796 3812 3827 3842 3856 3872 3887 3904 3920 3936 3952 3966 3983
0 0 0 0 0 0 0 0 0 0 0 0 0 0 0 0 0 0 0 0 0 0 0 0 0 0 0 0 0 0 0 0 0 0 0 0 0 0 0 0 0 0 0 0 0 0 0 0 0 0 0 0 3332 3345 3358 3373 3387 3404 3419 3434 3448 3463 3478 3493 3508 3523 3537 3553 3566 3581 3598 3613 3628 3643 3658 3673 3689 3705 3720 3735 3751 3766 3781 3796 3812 3827 3842 3856 3873 3887 3905 3920 3936 3952 3967 3985
0 0 0 0 0 0 0 0 0 0 0 0 0 0 0 0 0 0 0 0 0 0 0 0 0 0 0 0 0 0 0 0 0 0 0 0 0 0 0 0 0 0 0 0 0 0 0 0 0 0 0 0 3333 3344 3357 3372 3387 3403 3418 3434 3448 3462 3478 3492 3508 3522 3536 3551 3566 3580 3597 3612 3627 3642 3657 3672 3688 3705 3720 3735 3750 3766 3781 3796 3812 3827 3842 3856 3873 3887 3905 3920 3936 3953 3967 3986
