output/arrival_times.asc
NCOLS 255
NROWS 330
XLLCORNER -2985163.8955
YLLCORNER -3022031.214
CELLSIZE 25000
NODATA_value 0
[rows 110 to 164 of 330, columns 96 to 191 of 255]
2834 2848 2867 2884 2904 2922 2941 2950 2974 2987 3006 3025 3043 3058 3073 3099 3112 3130 3146 3160 3184 3205 3213 3227 3242 3268 3284 3286 3311 3324 3339 3365 3371 3386 3411 3416 3441 3453 3471 3482 3490 3518 3536 3546 3558 3572 3594 3603 3619 3632 3641 3653 3662 3683 3691 3709 3719 3724 3740 3763 3770 3782 3793 3806 3819 3823 3835 3833 3831 3836 3843 3837 3849 3850 3844 3845 3852 3844 3849 3840 2500 0 0 0 0 0 0 0 0 0 0 0 0 0 0 0
2833 2839 2859 2877 2895 2912 2936 2944 2966 2989 3000 3018 3044 3055 3074 3089 3111 3115 3129 3155 3177 3190 3199 3225 3232 3249 3267 3296 3309 3324 3341 3348 3374 3376 3403 3416 3429 3437 3458 3480 3489 3498 3524 3536 3544 3561 3578 3583 3602 3621 3630 3640 3655 3671 3673 3694 3697 3715 3726 3745 3757 3768 3783 3793 3795 3804 3807 3817 3821 3815 3825 3827 3825 3829 3832 3828 3836 3835 3831 3828 2500 0 0 0 0 0 0 0 0 0 0 0 0 0 0 0
2822 2839 2862 2874 2898 2911 2928 2948 2957 2974 2991 3020 3035 3040 3059 3080 3103 3116 3137 3153 3164 3183 3195 3207 3234 3250 3262 3274 3293 3313 3320 3339 3356 3369 3393 3405 3417 3433 3446 3463 3474 3489 3505 3525 3534 3546 3561 3581 3590 3604 3619 3619 3642 3652 3668 3682 3693 3701 3721 3729 3738 3751 3767 3776 3782 3774 3783 3798 3799 3805 3806 3811 3806 3810 3806 3813 3810 3813 3813 3809 2300 0 0 0 0 0 0 0 0 0 0 0 0 0 0 0
2808 2839 2853 2876 2891 2909 2923 2943 2956 2972 2988 3005 3025 3033 3054 3080 3091 3100 3117 3138 3156 3172 3196 3203 3216 3234 3252 3268 3289 3290 3318 3332 3343 3367 3384 3389 3400 3425 3442 3451 3470 3475 3503 3514 3528 3530 3553 3561 3581 3592 3600 3617 3633 3643 3654 3669 3679 3694 3702 3714 3730 3730 3744 3759 3766 3771 3768 3779 3778 3786 3784 3784 3787 3793 3787 3787 3797 3500 2600 2400 2200 0 0 0 0 0 0 0 0 0 0 0 0 0 0 0
2814 2831 2854 2868 2892 2908 2918 2600 2950 2969 2983 3001 3017 3036 3051 3067 3079 3100 3123 3139 3155 3164 3178 3197 3213 3232 3243 3264 3279 3290 3297 3322 3339 3347 3361 3376 3405 3412 3429 3446 3452 3472 3479 3501 3513 3525 3536 3552 3562 3579 3581 3607 3611 3625 3641 3649 3667 3672 3689 3703 3706 3706 3729 3733 3737 3751 3749 3765 3764 3756 3762 3772 3771 3770 3772 3781 3500 2600 2500 2200 0 0 0 0 0 0 0 0 0 0 0 0 0 0 0 0
2796 2819 2831 2851 2881 2887 2920 2600 2700 2968 2975 2995 3009 3025 3032 3068 3073 3093 3113 3130 3141 3160 3173 3182 3208 3213 3239 3251 3268 3286 3302 3313 3332 3332 3350 3371 3385 3405 3420 3427 3446 3449 3476 3489 3491 3518 3532 3541 3541 3562 3579 3586 3600 3618 3620 3634 3648 3656 3666 3681 3696 3699 3703 3714 3716 3736 3740 3739 3748 3750 3747 3750 3746 3758 3763 3600 2600 2600 2300 0 0 0 0 0 0 0 0 0 0 0 0 0 0 0 0 0
2780 2806 2830 2827 2862 2877 2600 2600 2700 2954 2977 2988 3004 3022 3037 3048 3066 3078 3103 3120 3133 3144 3156 3175 3202 3214 3227 3235 3260 3276 3287 3295 3311 3333 3354 3361 3379 3390 3406 3417 3431 3447 3464 3472 3489 3500 3507 3517 3540 3550 3567 3576 3591 3602 3609 3620 3635 3649 3659 3661 3670 3689 3688 3701 3707 3712 3721 3723 3726 3735 3731 3739 3735 3737 3750 3748 3400 2600 2300 0 0 0 0 0 0 0 0 0 0 0 0 0 0 0 0 0
2775 2792 2811 2827 2841 2600 2500 2600 2900 2956 2965 2977 2988 3014 3029 3044 3064 3087 3102 3114 3122 3136 3159 3174 3188 3195 3220 3227 3243 3257 3281 3297 3311 3318 3339 3351 3363 3374 3395 3401 3425 3434 3450 3460 3471 3486 3498 3504 3520 3537 3532 3563 3575 3585 3597 3603 3622 3626 3644 3650 3660 3668 3672 3684 3693 3692 3704 3705 3709 3707 3713 3717 3721 3729 3732 3726 3715 3698 2600 1900 0 0 0 0 0 0 0 0 0 0 0 0 0 0 0 0
2769 2786 2801 2818 2834 2000 2000 2700 2900 2942 2955 2981 2998 3007 3028 3043 3053 3072 3086 3109 3120 3130 3144 3154 3176 3195 3214 3217 3234 3246 3266 3275 3298 3310 3316 3335 3357 3361 3372 3402 3408 3416 3435 3447 3455 3468 3486 3497 3500 3526 3530 3550 3562 3574 3581 3590 3598 3619 3624 3638 3647 3653 3655 3670 3673 3675 3688 3687 3685 3689 3695 3697 3706 3706 3714 3710 3705 2600 2599 1900 0 0 0 0 0 0 0 0 0 0 0 0 0 0 0 0
2758 2767 2780 2798 1900 0 1200 1800 2700 2900 2953 2972 2982 3002 3013 3027 3057 3071 3090 3110 3115 3000 3000 3158 3165 3180 3192 3214 3230 3242 3254 3273 3278 3290 3315 3326 3343 3357 3358 3383 3397 3403 3425 3432 3445 3454 3472 3487 3490 3507 3518 3537 3542 3551 3568 3568 3594 3603 3605 3619 3630 3629 3642 3647 3649 3662 3661 3670 3669 3677 3682 3675 3689 3683 3684 3673 2600 2600 2600 1900 0 0 0 0 0 0 0 0 0 0 0 0 0 0 0 0
2742 2758 2761 1900 1300 0 0 1200 2700 2900 2951 2956 2975 3001 3008 3027 3044 3056 3069 3087 2800 2700 2700 3000 3152 3168 3186 3202 3216 3229 3246 3261 3272 3283 3297 3313 3323 3341 3351 3370 3382 3398 3411 3420 3431 3445 3455 3474 3485 3494 3502 3520 3532 3539 3550 3565 3574 3590 3597 3597 3616 3618 3615 3624 3632 3641 3651 3648 3652 3654 3664 3663 3669 3664 3668 3648 3642 3639 3300 1900 0 0 0 0 0 0 0 0 0 0 0 0 0 0 0 0
2720 2728 2750 1800 1300 0 0 1200 2700 2927 2937 2955 2973 2987 2997 2800 2800 2800 2800 2800 2700 2700 2600 2600 2600 3169 3180 3192 3208 3215 3237 3251 3260 3280 3279 3305 3320 3331 3338 3356 3366 3385 3395 3401 3418 3427 3444 3458 3472 3468 3491 3493 3516 3528 3537 3545 3562 3570 3580 3588 3588 3604 3602 3608 3623 3622 3636 3623 3639 3637 3638 3640 3643 3641 3638 3644 3627 3612 2500 1900 0 0 0 0 0 0 0 0 0 0 0 0 0 0 0 0
2713 2721 2713 1800 1300 0 0 1400 2800 2918 2937 2900 2961 2800 2800 2800 2799 2800 2700 2700 2700 2400 2600 1900 1900 2200 2700 3100 3100 3207 3222 3231 3244 3266 3281 3285 3310 3321 3333 3347 3355 3367 3378 3393 3408 3419 3435 3438 3460 3475 3482 3489 3505 3517 3521 3534 3543 3549 3562 3571 3575 3587 3588 3592 3604 3608 3612 3613 3615 3623 3618 3627 3618 3630 3625 3626 3615 2500 2500 0 0 0 0 0 0 0 0 0 0 0 0 0 0 0 0 0
2689 2705 2703 2100 1500 1400 1400 1900 2894 2912 2925 2899 2800 2799 2400 2400 2400 2200 2100 1800 1800 1900 1900 1899 1900 1900 1900 2300 2600 2700 3211 3227 3234 3250 3264 3279 3288 3305 3314 3328 3346 3359 3372 3381 3396 3401 3416 3429 3433 3453 3461 3468 3483 3492 3500 3509 3524 3537 3544 3557 3553 3562 3570 3569 3572 3590 3593 3593 3601 3600 3599 3601 3610 3611 3579 3603 3583 3300 2500 0 0 0 0 0 0 0 0 0 0 0 0 0 0 0 0 0
2653 2668 2665 2657 1800 1800 1900 2300 2800 2898 2894 2800 2600 2300 2200 2300 2300 2100 1900 1700 1700 1700 1700 1700 1400 1400 1700 1800 1900 2300 2300 2300 2900 3242 3251 3267 3282 3288 3297 3320 3333 3338 3355 3371 3381 3393 3404 3415 3427 3434 3449 3456 3471 3481 3484 3494 3513 3508 3530 3529 3543 3548 3560 3557 3566 3569 3577 3573 3574 3580 3587 3585 3586 3583 3585 3581 3579 3575 2600 2300 0 0 0 0 0 0 0 0 0 0 0 0 0 0 0 0
2652 2641 2643 2645 2100 2000 2100 2200 2300 2500 2500 2400 2300 2200 2000 2000 2000 1800 1700 1600 1500 1500 1600 1600 1300 1200 1200 1400 1800 1900 1900 2300 2300 2400 2500 3257 3267 3283 3294 3309 3318 3332 3341 3354 3367 3380 3387 3395 3414 3429 3435 3448 3454 3469 3479 3478 3488 3501 3507 3522 3528 3531 3536 3535 3536 3556 3551 3556 3551 3561 3562 3563 3567 3563 2700 2500 2700 2700 2700 2500 0 0 0 0 0 0 0 0 0 0 0 0 0 0 0 0
2622 2613 2620 2613 2300 2100 2100 2199 2200 2200 2200 2200 2000 2000 1800 1700 1700 1600 1500 1300 1300 1100 1300 1300 1300 1100 900 1000 1400 1800 1800 1900 1900 2300 3230 3239 3252 3269 3282 3290 3300 3319 3328 3341 3349 3366 3372 3384 3398 3408 3406 3434 3439 3448 3447 3475 3475 3489 3494 3502 3508 3509 3524 3522 3531 3532 3533 3539 3532 3540 3537 3547 3544 3544 2500 0 2500 2698 2700 2500 0 0 0 0 0 0 0 0 0 0 0 0 0 1300 0 0
2593 2601 2599 2601 2400 2200 2000 2000 2000 2000 1900 1900 1600 1600 1600 1500 1400 1300 1300 1200 1100 900 1300 1299 1299 1100 0 800 800 800 800 1400 1900 2300 3215 3224 3239 3252 3259 3278 3294 3302 3320 3322 3338 3347 3353 3375 3371 3388 3391 3418 3419 3431 3432 3448 3466 3473 3475 3480 3489 3488 3501 3501 3506 3514 3515 3519 3400 3525 3522 3529 3531 3500 2500 0 0 2500 2698 2500 0 0 0 0 0 0 0 0 0 0 0 0 0 2252 0 0
2573 2581 2588 2585 2400 2200 1900 1500 1500 1500 1400 1400 1400 1400 1400 1300 1300 1200 1200 1100 900 900 900 1100 1298 1000 600 700 700 700 700 800 1900 2300 3201 3209 3227 3231 3252 3267 3279 3282 3293 3314 3324 3337 3352 3356 3370 3374 3393 3399 3415 3418 3430 3437 3443 3458 3459 3459 3466 3478 3483 3481 3488 3497 3498 3501 3507 3506 3501 3509 3499 3000 2500 0 2499 2600 2599 2500 0 0 0 0 0 0 0 0 0 0 0 0 2243 2294 2295 0
2550 2556 2559 2554 2400 2000 1400 1200 1200 1200 1200 1200 1300 1300 1100 1100 1100 1000 1000 1000 900 900 600 600 1100 900 700 0 0 700 699 700 1900 3174 3193 3206 3206 3223 3228 3254 3251 3264 3283 3299 3315 3325 3333 3345 3354 3366 3375 3387 3399 3397 3408 3426 3426 3431 3441 3445 3448 3464 3460 3476 3479 3478 3485 3484 3479 3400 3300 3300 2800 2700 2500 2500 2588 2600 2598 2499 0 0 0 0 0 0 0 0 0 0 0 2257 2255 2299 2298 2300
2538 2535 2538 2531 2300 1900 1300 1200 900 0 0 0 0 0 0 0 0 0 0 600 600 600 600 600 900 700 600 0 0 600 700 699 1400 1700 3187 3190 3192 3214 3226 3240 3251 3262 3272 3287 3298 3309 3321 3318 3338 3347 3356 3374 3379 3386 3394 3396 3411 3423 3422 3436 3431 3444 3440 3453 3457 3460 3459 3471 3474 3400 3000 2700 2500 2499 2500 2600 2592 2583 2400 0 0 0 0 0 0 0 0 0 0 0 0 0 0 0 0 0
2516 2516 2518 2512 2300 1500 1200 900 0 0 0 0 0 0 0 0 0 0 0 0 0 0 0 0 600 0 0 0 0 0 600 698 699 1100 1100 700 0 3189 3212 3224 3237 3250 3261 3265 3287 3282 3306 3316 3326 3329 3344 3353 3348 3374 3383 3381 3397 3398 3413 3411 3422 3425 3428 3441 3435 3445 3433 3460 3445 3400 3000 2500 0 0 0 2574 2579 2500 0 0 0 0 0 0 0 0 0 0 0 0 0 0 0 0 0 0
2495 2494 2500 2493 2300 1400 1200 0 0 0 0 0 0 0 0 0 0 0 0 0 0 0 0 0 0 0 0 0 0 0 0 0 700 700 700 0 0 3179 3201 3208 3221 3229 3244 3260 3270 3271 3287 3297 3293 3314 3330 3332 3346 3344 3360 3374 3370 3378 3390 3399 3393 3405 3410 3418 3400 3420 3434 3436 3399 3300 3000 2700 2500 0 0 2571 2580 2400 0 0 0 0 0 0 0 0 0 0 0 0 0 0 2300 2495 0 0
2470 2483 2477 2481 2300 1400 1200 0 0 0 0 0 0 0 0 0 0 0 0 0 0 0 0 0 0 0 0 0 0 0 0 0 0 0 0 0 0 2400 3184 3196 3213 3216 3231 3231 3249 3263 3277 3285 3293 3303 3310 3317 3323 3328 3343 3348 3354 3371 3366 3374 3378 3392 3399 3399 3411 3412 3411 3416 3400 3300 2700 2500 0 0 0 2500 2500 2400 0 0 0 0 0 0 0 0 0 0 1500 1500 2400 2500 2499 2500 0 0
2459 2460 2460 2400 2300 1400 1100 0 0 0 0 0 0 0 0 0 0 0 0 0 0 0 0 0 0 0 0 0 0 0 0 0 0 0 0 0 0 2400 3167 3184 3191 3208 3214 3222 3228 3248 3264 3267 3277 3290 3300 3312 3314 3325 3327 3329 3346 3355 3354 3367 3373 3377 3374 3370 3385 3393 3395 3398 3300 2700 2500 0 0 0 0 0 0 2500 2489 2494 1900 1900 1900 1900 1900 1900 1900 1900 1900 1900 2400 2500 2500 0 0 0
2440 2449 2447 2400 2300 1400 0 0 0 0 0 0 0 0 0 0 0 0 0 0 0 0 0 0 0 0 0 0 0 0 0 0 0 0 0 0 0 0 2400 3169 3178 3194 3204 3211 3216 3237 3240 3256 3258 3270 3281 3285 3297 3302 3306 3322 3322 3337 3338 3340 3352 3343 3355 3358 3364 3370 3376 3377 3000 0 0 0 0 0 0 0 0 0 2495 2499 2499 2100 2100 2100 2200 2600 2500 2200 2100 2500 2700 2738 2750 2804 2700 0
2425 2425 2424 2422 2404 1100 0 0 0 0 0 0 0 0 0 0 0 0 0 0 0 0 0 0 0 0 0 0 0 0 0 0 0 0 0 0 0 0 0 2300 3172 3180 3190 3193 3210 3224 3230 3238 3248 3249 3269 3266 3281 3287 3298 3306 3308 3314 3315 3325 3329 3329 3338 3342 3345 3358 3360 3300 3000 2800 0 0 0 0 0 0 0 0 2499 2500 2500 2500 2500 2500 2600 2699 2700 2600 2600 2744 2725 2737 2763 2794 2814 2859
2411 2406 2402 2415 2394 1100 0 0 0 0 0 0 0 0 0 0 0 0 0 0 0 0 0 0 0 0 0 0 0 0 0 0 0 0 0 0 0 0 0 0 0 0 0 600 2500 2700 3222 2800 2600 1700 0 2300 3200 3269 2300 2800 3283 3298 3299 3309 3303 3323 3320 3329 3341 3344 3350 3349 3000 3000 2900 0 0 0 0 0 0 0 0 2500 2699 2700 2700 2917 2800 2796 2798 2782 2764 2742 2727 2737 2753 2791 2810 2850
1800 2391 2386 2395 2375 0 0 0 0 0 0 0 0 0 0 0 0 0 0 0 0 0 0 0 0 0 0 0 0 0 0 0 0 0 0 0 0 0 0 0 0 0 0 0 1500 2300 2400 2200 0 0 0 2300 2800 2799 2800 2800 3280 3274 3285 3286 3297 3296 3309 3314 3311 3324 3322 3325 3200 3000 3000 2999 2900 0 0 0 2500 2500 0 2600 2700 2699 2800 2936 2800 2800 2798 2777 2761 2740 2718 2743 2759 2789 2811 2828
0 1500 2100 2100 2358 2000 0 0 0 0 0 0 0 0 0 0 0 0 0 0 0 0 0 0 0 0 0 0 0 0 0 0 0 0 0 0 0 0 0 0 0 0 0 0 1500 0 700 0 0 0 0 2400 2800 2800 2900 3100 3200 3265 3267 3270 3278 3279 3294 3302 3304 3300 3304 3303 3297 3000 3000 3000 3000 2999 0 2400 2500 2600 2600 2999 2988 2966 2948 2921 2920 2700 2700 2700 2699 2745 2722 2730 2756 2767 2796 2813
0 0 0 0 800 600 0 0 0 0 0 0 0 0 0 0 0 0 0 0 0 0 0 0 0 0 0 0 0 0 0 0 0 0 0 0 0 0 0 0 0 0 0 0 0 0 0 0 0 0 0 0 2800 2799 2800 2800 2900 3200 3254 3254 3263 3265 3278 3280 3281 3284 3282 3277 3273 3252 3200 3201 3100 3000 3000 3000 3072 3055 3031 3008 2989 2700 2700 2935 2700 2600 2600 2600 0 2724 2712 2718 2741 2766 2782 2797
0 0 0 0 0 0 0 0 0 0 0 0 0 0 0 0 0 0 0 0 0 0 0 0 0 0 0 0 0 0 0 0 0 0 0 0 0 0 0 0 0 0 0 0 0 0 0 0 0 0 0 0 0 2798 2800 2800 2900 3000 3241 3237 3246 3242 3254 3258 3257 3259 3264 3257 3244 3234 3226 3194 3168 3154 3132 3107 3093 3058 3029 3008 2989 2900 2600 2600 2600 2500 0 0 0 2600 2687 2708 2737 2751 2764 2772
0 0 0 0 0 0 0 0 0 0 0 0 0 0 0 0 0 0 0 0 0 0 0 0 0 0 0 0 0 0 0 0 0 0 0 0 0 0 0 0 0 0 0 0 0 0 0 0 0 0 0 2300 2300 2300 2700 2900 2900 3000 3226 3219 3228 3228 3236 3232 3241 3243 3240 3238 3235 3231 3203 3197 3166 3150 3131 3114 3085 3062 3038 3011 2990 2974 2600 2500 0 0 0 0 0 0 2689 2708 2723 2739 2742 2768
0 0 0 0 0 0 0 0 0 0 0 0 0 0 0 0 0 0 0 0 0 0 0 0 0 0 0 0 0 0 0 0 0 0 0 0 0 0 0 0 0 0 0 0 0 0 0 0 0 0 0 2299 2300 2300 2700 2900 3000 3208 3213 3212 3208 3213 3216 3220 3214 3217 3224 3216 3212 3198 3194 3169 3151 3140 3119 3097 3070 3062 3028 3012 2985 2968 2600 0 0 0 0 0 0 0 2675 2692 2707 2725 2730 2746
0 0 0 0 0 0 0 0 0 0 0 0 0 0 0 0 0 0 0 0 0 0 0 0 0 0 0 0 0 0 0 0 0 0 0 0 0 0 0 0 0 0 0 0 0 0 0 0 2299 0 1900 2000 2300 2300 2900 3160 3165 3169 3197 3194 3192 3196 3198 3199 3200 3201 3200 3193 3197 3176 3168 3150 3142 3128 3114 3076 3065 3044 3032 3000 2990 2600 0 0 0 0 0 0 0 0 2665 2683 2694 2709 2711 2726
0 0 0 0 0 0 0 0 0 0 0 0 0 0 0 0 0 0 0 0 0 0 0 0 0 0 0 0 0 0 0 0 0 0 0 0 0 0 0 0 0 0 0 0 0 0 0 0 600 600 1800 2300 2300 2800 3000 3130 3154 3166 3168 3173 3173 3172 3179 3170 3173 3181 3179 3177 3163 3153 3145 3141 3127 3105 3094 3077 3059 3045 3025 3001 2981 2600 0 0 0 0 0 0 0 0 2656 2664 2671 2694 2708 2715
0 0 0 0 0 0 0 0 0 0 0 0 0 0 0 0 0 0 0 0 0 0 0 0 0 0 0 0 0 0 0 0 0 0 0 0 0 0 0 0 0 0 0 0 0 0 0 600 600 2300 2300 2300 2800 2900 3101 3116 3132 3148 3152 3157 3151 3161 3160 3160 3156 3160 3156 3149 3149 3136 3129 3125 3114 3086 3078 3066 3049 3032 3010 2994 2980 2700 0 0 0 0 0 0 0 0 2643 2657 2660 2680 2689 2686
0 0 0 0 0 0 0 0 0 0 0 0 0 0 0 0 0 0 0 0 0 0 0 0 0 0 0 0 0 0 0 0 0 0 0 0 0 0 0 0 0 0 0 0 0 0 600 600 2400 2400 2799 2800 2800 3000 3084 3098 3110 3116 3136 3135 3139 3140 3142 3136 3139 3136 3136 3131 3127 3121 3116 3097 3092 3071 3066 3053 3041 3020 3005 2989 2968 2954 2700 0 0 0 0 0 0 0 2635 2634 2655 2659 2676 2688
0 0 0 0 0 0 0 0 0 0 0 0 0 0 0 0 0 0 0 0 0 0 0 0 0 0 0 0 0 0 0 0 0 0 0 0 0 0 0 0 0 0 0 0 0 0 600 2400 2500 2400 2800 2800 2900 3064 3070 3080 3101 3093 3106 3112 3117 3117 3125 3120 3118 3119 3118 3120 3104 3108 3097 3083 3073 3062 3052 3039 3024 3001 2994 2975 2960 2947 2933 0 0 0 0 0 0 0 2623 2621 2630 2635 2659 2674
0 0 0 0 0 0 0 0 0 0 0 0 0 0 0 700 800 0 0 0 0 0 0 0 0 0 0 0 0 0 0 0 0 0 0 0 0 0 0 0 0 0 0 0 0 2300 2300 2500 2500 2600 2979 3026 3037 3045 3057 3070 3081 3089 3088 3094 3101 3099 3101 3103 3104 3095 3099 3081 3090 3083 3084 3059 3050 3052 3031 3023 3012 2993 2978 2957 2951 2930 2913 2600 0 0 0 0 0 0 2605 2618 2623 2632 2648 2657
0 0 0 0 0 0 0 0 0 0 0 0 0 0 800 998 999 0 0 0 0 0 0 0 0 0 0 0 0 0 0 0 0 0 0 0 0 0 0 0 0 0 0 0 2300 2400 2400 2500 2600 2967 2986 3010 3025 3029 3045 3051 3055 3071 3072 3076 3074 3084 3082 3086 3083 3082 3077 3074 3072 3067 3062 3051 3046 3032 3015 3012 2994 2978 2965 2957 2940 2923 2912 2600 0 0 0 0 0 0 2590 2601 2602 2619 2624 2635
0 0 0 0 0 0 0 0 0 0 0 0 700 1000 1098 1000 998 600 600 0 0 0 0 0 0 0 0 0 0 0 0 0 0 0 0 0 0 0 0 0 0 0 0 0 2400 2500 2500 2600 2900 2959 2963 2994 3005 3015 3026 3032 3038 3042 3050 3058 3060 3053 3063 3061 3059 3063 3053 3056 3047 3047 3032 3030 3024 3015 2994 2984 2983 2964 2954 2938 2921 2910 2899 2700 0 0 0 0 0 2569 2579 2580 2586 2602 2612 2615
0 0 0 0 0 0 0 0 0 0 0 1000 1100 1099 1000 1000 600 600 600 600 600 600 600 0 0 0 0 0 0 0 0 0 0 0 0 0 0 0 0 0 2298 2300 0 2300 2400 2500 2600 2600 2930 2940 2959 2969 2992 3004 3013 3016 3019 3029 3030 3038 3040 3041 3040 3037 3044 3038 3039 3041 3023 3030 3014 3015 3001 3000 2981 2967 2974 2956 2939 2920 2913 2901 2886 2879 2100 0 0 0 0 2563 2564 2566 2571 2576 2587 2607
0 0 0 0 0 0 0 0 0 0 0 1199 1100 1100 2113 1000 800 800 800 800 800 800 800 700 700 700 700 700 0 0 0 0 0 0 0 0 0 0 0 2300 2300 2300 2300 2400 2499 2500 2600 2700 2916 2932 2949 2949 2962 2989 2996 2987 2999 3006 3012 3003 3022 3020 3022 3022 3021 3021 3020 3019 3018 3005 2997 2998 2995 2973 2969 0 2954 2935 2930 2911 2901 2887 2871 2865 2500 700 700 700 1300 0 2548 2554 2555 2574 2584 2582
0 0 0 0 0 0 0 0 0 0 0 1199 1100 1100 2128 2134 1000 1000 900 2211 2230 2246 1400 1400 1200 1200 1200 1200 1200 1300 1200 700 700 0 0 0 0 0 0 2499 2300 2300 2500 2499 2500 2500 2700 2700 2903 2907 2931 2947 2955 2963 2968 2982 2983 2989 2995 2995 3000 3001 3005 2998 2998 3002 3003 2997 2999 2994 2984 2975 2971 2963 0 0 2940 0 2916 2903 2891 2875 2867 2859 2600 1800 900 1200 1300 2530 2536 2536 2542 2548 2562 2568
0 0 0 0 0 0 0 0 0 0 1000 1200 1200 1200 1300 2152 2179 2176 1900 2227 2237 2257 2264 2286 2299 2302 2300 1500 1500 1500 1500 1200 1200 0 0 0 0 0 2300 2500 2500 2500 2500 2500 2600 2600 2700 2800 2891 2897 2915 2919 2938 2950 2952 2958 2973 2983 2979 2980 2978 2987 2984 2982 2985 2983 2981 2975 2972 2976 2960 2961 2959 2944 2937 0 0 0 2903 2894 2883 2867 2853 2845 2831 1800 800 800 1300 2539 2545 2547 2526 2541 2545 2552
0 0 0 0 0 0 0 0 0 0 1000 1200 1300 1400 1400 2162 2181 2181 2211 2226 2236 2259 2273 2298 2305 2329 2336 2353 1700 1699 1699 1500 1400 1200 0 0 0 0 2500 2674 2697 2500 2698 2700 2700 2700 2800 2873 2881 2891 2895 2908 2918 2931 2936 2939 2946 2952 2945 2960 2961 2962 2959 2962 2968 2962 2962 2956 2959 2952 2947 2942 2937 2927 2926 2906 0 2904 2884 2878 2864 2847 2840 2828 2821 2300 0 0 2200 2615 2620 2562 2541 2529 2530 2537
0 0 0 0 0 0 0 1199 1100 0 1000 1300 1399 1400 1500 2166 2177 2198 2208 2235 2249 2261 2277 2300 2317 2340 2350 2367 1700 1700 1700 1699 1699 1698 1400 0 0 2300 2600 2685 2698 2731 2759 2775 2797 2797 2800 2861 2863 2873 2889 2800 2905 2913 2922 2925 2934 2937 2933 2938 2939 2947 2949 2941 2944 2949 2942 2934 2934 2925 2924 2928 2917 2916 0 2903 0 0 2853 2854 2848 2838 2820 2814 2810 2500 2200 0 2500 2609 2616 2611 2559 2540 2531 2521
0 0 0 0 0 0 0 1199 1200 1100 1100 1400 1400 2126 1600 1600 2180 2201 2216 2239 2249 2270 2285 2306 2328 2338 2370 2376 2386 2415 2300 2300 1700 1700 1699 600 0 2500 2659 2676 2707 2724 2761 2772 2802 2817 2839 2852 2853 2851 2800 2700 2800 2897 2895 2903 2915 2914 2918 2921 2926 2927 2928 2926 2924 2921 2926 2923 2919 2920 2907 2906 2904 2897 2883 2884 2868 2858 2847 0 2824 2819 2808 2803 2788 2780 2300 0 0 2693 2617 2612 2584 2565 2525 2514
0 0 0 0 0 0 0 1100 1200 1300 1300 1400 2118 2118 2158 1600 2188 2203 2220 2243 2248 2282 2304 2319 2338 2351 2370 2392 2405 2438 2442 2300 1700 1700 1700 700 600 2500 2652 2677 2702 2733 2744 2768 2784 2813 2823 2836 2841 2849 2700 2700 2800 2881 2883 2884 2893 2899 2904 2899 2905 2904 2905 2904 2905 2902 2906 2900 2889 2896 2894 2890 2883 2876 2881 2856 2859 2843 2816 2812 2813 2788 2791 2788 0 0 0 2753 0 2700 2640 2620 2587 2566 2522 0
0 0 0 0 0 0 0 0 0 1300 1300 1800 2121 2146 2159 1600 2187 2209 2229 2250 2267 2284 2305 2325 2343 2366 2374 2405 2426 2448 2448 2480 2300 2300 2300 2400 2400 2600 2657 2675 2705 2717 2739 2749 2775 2800 2802 2818 2819 2814 2824 2799 2856 2860 2863 2871 2875 2883 2885 2886 2880 2883 2891 2877 2883 2888 2887 2883 2876 2879 2871 2866 2869 2863 2863 0 0 2823 2816 2802 2777 2789 2781 0 0 0 2752 2701 2697 2695 2643 2627 0 2564 2541 2515
0 0 0 0 0 0 0 0 1100 1300 1400 1800 2117 2150 2161 2174 2196 2209 2229 2248 2264 2286 2311 2333 2342 2370 2387 2400 2425 2445 2471 2488 2495 2499 2500 2500 2599 2600 2646 2673 2682 2704 2713 2743 2753 2772 2795 2791 2794 2813 2811 2819 2850 2849 2842 2856 2857 2859 2858 2867 2868 2861 2868 2864 2867 2868 2862 2869 2860 2861 2858 2852 2853 2842 2838 2832 2813 2802 2796 2783 2770 2766 2759 2746 2754 2715 2707 0 2699 2653 2646 2623 2594 2573 2535 2517
0 0 0 0 0 0 0 800 1100 1300 1500 2099 2131 2148 2167 1800 1800 2215 2228 2249 2268 2287 2304 2332 2350 2370 2391 2413 2428 2452 2477 2487 2500 2500 2500 2595 2614 2630 2632 2655 2674 2689 2712 2727 2742 2748 2761 2776 2777 2793 2792 2815 2814 2816 2834 2833 2835 2842 2846 2848 2849 2846 2846 2849 2852 2846 2848 2846 2832 2844 2840 2837 2828 2824 2815 2807 2789 2789 2779 2766 2761 2746 2735 2738 2717 0 0 0 2673 2641 2638 2599 2577 2558 2529 2514
0 0 0 0 0 0 0 1000 1200 1300 1500 2102 2125 2156 2168 1800 2198 2212 2231 2249 2272 2290 2313 2331 2354 2372 2396 2407 2433 2460 2471 2490 2498 2557 2578 2594 2607 2615 2638 2651 2665 2677 2700 2715 2730 2739 2747 2757 2753 2757 2778 2785 2806 2804 2806 2817 2814 2820 2827 2828 2823 2832 2830 2831 2831 2832 2828 2827 2821 2819 2822 2821 2815 2805 2806 0 2784 0 2757 2751 2735 2741 2726 0 0 0 0 2676 2639 2641 2616 2595 2579 2553 2512 2515
0 0 0 0 0 0 1200 1200 1300 1500 1600 1600 2124 2157 2166 2185 2203 2220 2231 2253 2275 2292 2311 2333 2349 2374 2400 2408 2436 2456 2473 2514 2530 2539 2564 2579 2597 2602 2627 2635 2653 2667 2680 2697 2709 2708 2728 2736 2742 2749 2764 2776 2768 2792 2790 2793 2801 2809 2804 2810 2808 2804 2813 2811 2808 2808 2804 2808 2807 2802 2801 2798 2792 2776 2788 0 0 0 0 2746 2737 2722 2719 0 0 0 0 2619 2618 2610 2578 2576 2559 2536 2515 2505
