output/arrival_times.asc
NCOLS 255
NROWS 330
XLLCORNER -2985163.8955
YLLCORNER -3022031.214
CELLSIZE 25000
NODATA_value 0
[rows 55 to 109 of 330, columns 0 to 95 of 255]
0 0 0 0 0 0 0 0 0 0 0 0 0 0 0 0 0 0 0 0 0 0 0 0 0 0 0 0 0 0 0 0 0 0 0 0 0 0 0 0 0 0 0 0 0 0 0 0 0 0 2932 2942 2957 2964 0 2982 2992 2998 3004 3016 3025 3026 3044 3051 3056 3062 3070 3084 3094 3096 3097 3114 3123 3124 3133 3140 3147 3156 3157 3171 3174 3177 3191 3190 3193 3196 3201 3205 3213 3223 3223 3222 3232 3233 3238 3243
0 0 0 0 0 0 0 0 0 0 0 0 0 0 0 0 0 0 0 0 0 0 0 0 0 0 0 0 0 0 0 0 0 0 0 0 0 0 0 0 0 0 0 0 0 0 0 0 0 0 2945 2953 2963 2973 2983 2989 2991 2997 3011 3023 3029 3045 3049 3054 3060 3075 3084 3088 3095 3106 3108 3122 3126 3138 3142 3150 3147 3166 3169 3180 3184 3193 3191 3204 3212 3213 3214 3222 3221 3229 3240 3242 3250 3247 3248 3261
0 0 0 0 0 0 0 0 0 0 0 0 0 0 0 0 0 0 0 0 0 0 0 0 0 0 0 0 0 0 0 0 0 0 0 0 0 0 0 0 0 0 0 0 0 0 0 0 0 2947 2955 2952 2970 2985 2993 2992 3008 3009 3025 3034 3043 3049 3053 3060 3077 3085 3085 3100 3105 3115 3123 3121 3137 3149 3148 3166 3162 3177 3186 3186 3192 3198 3208 3211 3216 3230 3234 3233 3244 3245 3246 3258 3259 3256 3261 3271
0 0 0 0 0 0 0 0 0 0 0 0 0 0 0 0 0 0 0 0 0 0 0 0 0 0 0 0 0 0 0 0 0 0 0 0 0 0 0 0 0 0 0 0 0 0 0 0 2944 2946 2958 2968 2981 2987 2998 3008 3013 3030 3030 3043 3051 3060 3068 3080 3086 3095 3099 3109 3119 3116 3130 3138 3148 3155 3166 3171 3176 3190 3191 3202 3205 3207 3218 3226 3232 3239 3241 3238 3250 3260 3253 3261 3275 3274 3274 3276
0 0 0 0 0 0 0 0 0 0 0 0 0 0 0 0 0 0 0 0 0 0 0 0 0 0 0 0 0 0 0 0 0 0 0 0 0 0 0 0 0 0 0 0 0 0 0 2942 2945 2955 2966 2976 2980 2993 3009 3018 3023 3031 3035 3051 3052 3070 3076 3086 3093 3102 3113 3116 3121 3135 3140 3151 3152 3163 3167 3180 3191 3194 3204 3211 3210 3222 3227 3239 3240 3246 3254 3258 3260 3265 3263 0 3277 3284 3284 3292
0 0 0 0 0 0 0 0 0 0 0 0 0 0 0 0 0 0 0 0 0 0 0 0 0 0 0 0 0 0 0 0 0 0 0 0 0 0 0 0 0 0 0 0 0 0 2941 2941 2960 2971 2973 2991 2997 3007 3017 3021 3031 3042 3051 3060 3068 3080 3080 3096 3099 3112 3123 3126 3131 3143 3147 3162 3169 3171 3184 3190 3193 3209 3216 3219 3217 3230 3232 3243 3248 3258 3259 3271 3270 3284 3282 3291 3290 3298 3300 3301
0 0 0 0 0 0 0 0 0 0 0 0 0 0 0 0 0 0 0 0 0 0 0 0 0 0 0 0 0 0 0 0 0 0 0 0 0 0 0 0 0 0 0 0 0 2934 2950 2954 2964 2971 2977 2988 2996 3009 3016 3028 3041 3047 3064 3069 3069 3086 3087 3106 3109 3124 3122 3135 3144 3151 3163 3165 3174 3185 3196 3203 3210 3210 3227 3226 3237 3241 3251 3253 3265 3269 3279 3283 3286 3288 3292 3294 3303 3315 3306 3312
0 0 0 0 0 0 0 0 0 0 0 0 0 0 0 0 0 0 0 0 0 0 0 0 0 0 0 0 0 0 0 0 0 0 0 0 0 0 0 0 0 0 0 2925 2929 2942 2954 2959 2975 2984 2985 3001 3014 3019 3027 3040 3048 3053 3067 3074 3083 3093 3098 3107 3123 3127 3134 3150 3158 3158 3171 3179 3189 3193 3205 3205 3213 3223 3227 3242 3246 3256 3258 3265 3276 3277 3282 3294 3294 3296 3310 3307 3317 3320 3327 3325
0 0 0 0 0 0 0 0 0 0 0 0 0 0 0 0 0 0 0 0 0 0 0 0 0 0 0 0 0 0 0 0 0 0 0 0 0 0 0 0 0 0 0 2922 2942 2956 2962 2969 2977 2991 2997 3007 3015 3031 3034 3043 3059 3065 3071 3085 3096 3105 3112 3113 3132 3139 3143 3158 3159 3174 3179 3192 3197 3205 3209 3223 3228 3233 3243 3250 3252 3265 3275 3278 3279 3293 3299 3303 3306 3308 3311 3322 3329 3338 3336 3341
0 0 0 0 0 0 0 0 0 0 0 0 0 0 0 0 0 0 0 0 0 0 0 0 0 0 0 0 0 0 0 0 0 0 0 0 0 0 0 0 0 0 2926 2942 2941 2960 2971 2975 2990 2994 3008 3017 3030 3037 3045 3053 3053 3073 3080 3096 3101 3107 3120 3129 3141 3148 3157 3167 3175 3181 3188 3197 3208 3213 3223 3235 3231 3247 3255 3259 3264 3278 3278 3289 3299 3298 3309 3318 3321 3320 3327 3334 3334 3346 3349 3353
0 0 0 0 0 0 0 0 0 0 0 0 0 0 0 0 0 0 0 0 0 0 0 0 0 0 0 0 0 0 0 0 0 0 0 0 0 0 0 0 0 2928 2933 2946 2957 2966 2971 2982 2989 3009 3020 3020 3034 3043 3057 3061 3071 3082 3090 3105 3112 3122 3132 3138 3147 3148 3166 3175 3187 3186 3202 3210 3217 3221 3226 3236 3248 3259 3264 3270 3282 3278 3288 3297 3306 3310 3312 3325 3332 3334 3339 3347 3345 3360 3354 3362
0 0 0 0 0 0 0 0 0 0 0 0 0 0 0 0 0 0 0 0 0 0 0 0 0 0 0 0 0 0 0 0 0 0 0 0 0 0 0 2917 2919 2930 2939 2953 2963 2970 2983 2993 3004 3015 3016 3029 3045 3055 3056 3062 3080 3093 3098 3104 3118 3126 3136 3149 3152 3168 3176 3179 3196 3198 3209 3214 3219 3230 3239 3243 3258 3267 3276 3281 3286 3298 3307 3312 3313 3322 3325 3337 3339 3348 3348 3363 3361 3368 3373 3378
0 0 0 0 0 0 0 0 0 0 0 0 0 0 0 0 0 0 0 0 0 0 0 0 0 0 0 0 0 0 0 0 0 0 0 0 0 0 0 2925 2928 2940 2943 2959 2971 2981 2990 2994 3008 3024 3034 3036 3043 3056 3069 3077 3080 3100 3101 3118 3126 3137 3146 3158 3156 3169 3181 3187 3201 3211 3219 3227 3235 3245 3250 3259 3268 3270 3276 3282 3291 3305 3300 3323 3324 3330 3335 3349 3354 3358 3363 3371 3373 3376 3385 3391
0 0 0 0 0 0 0 0 0 0 0 0 0 0 0 0 0 0 0 0 0 0 0 0 0 0 0 0 0 0 0 0 0 0 0 0 0 0 0 0 2936 2944 2958 2970 2977 2987 2996 3007 3020 3026 3037 3051 3059 3066 3076 3092 3096 3104 3114 3121 3140 3147 3156 3164 3168 3184 3184 3200 3210 3213 3224 3237 3248 3255 3255 3259 3278 3285 3285 3303 3301 3314 3319 3332 3343 3341 3344 3362 3362 3367 3374 3382 3379 3386 3392 3404
0 0 0 0 0 0 0 0 0 0 0 0 0 0 0 0 0 0 0 0 0 0 0 0 0 0 0 0 0 0 0 0 0 0 0 0 0 0 0 0 2940 2955 2965 2968 2983 2988 3005 3016 3029 3029 3047 3055 3068 3075 3083 3095 3110 3118 3125 3135 3142 3157 3162 3169 3183 3190 3203 3210 3218 3227 3236 3242 3254 3261 3270 3273 3280 3295 3302 3311 3317 3325 3333 3336 3346 3347 3368 3363 3376 3381 3389 3387 3398 3406 3410 3412
0 0 0 0 0 0 0 0 0 0 0 0 0 0 0 0 0 0 0 0 0 0 0 0 0 0 0 0 0 0 0 0 0 0 0 0 0 0 0 0 2947 2958 2965 2984 2994 3003 3011 3021 3031 3043 3049 3066 3069 3076 3091 3105 3114 3126 3130 3145 3146 3163 3167 3181 3192 3198 3208 3219 3224 3239 3240 3255 3261 3273 3279 3285 3289 3303 3312 3320 3325 3332 3344 3354 3362 3367 3376 3382 3384 3397 3404 3402 3413 3415 3418 3427
0 0 0 0 0 0 0 0 0 0 0 0 0 0 0 0 0 0 0 0 0 0 0 0 0 0 0 0 0 0 0 0 0 0 0 0 0 0 0 2947 2960 2961 2973 2985 2994 3006 3015 3028 3037 3044 3057 3071 3080 3087 3102 3112 3115 3131 3143 3151 3152 3170 3177 3182 3198 3208 3208 3228 3234 3242 3249 3261 3263 3280 3289 3297 3307 3314 3321 3330 3342 3341 3354 3360 3362 3375 3381 3391 3399 3402 3405 3414 3426 3424 3425 3437
0 0 0 0 0 0 0 0 0 0 0 0 0 0 0 0 0 0 0 0 0 0 0 0 0 0 0 0 0 0 0 0 0 0 0 0 0 0 2940 2945 2954 2974 2986 2993 2994 3013 3030 3039 3044 3051 3064 3075 3088 3096 3101 3116 3123 3142 3150 3148 3171 3171 3188 3194 3199 3219 3220 3236 3234 3253 3264 3272 3281 3289 3296 3309 3315 3317 3332 3333 3344 3355 3357 3363 3378 3387 3386 3403 3410 3410 3423 3430 3437 3434 3446 3444
0 0 0 0 0 0 0 0 0 0 0 0 0 0 0 0 0 0 0 0 0 0 0 0 0 0 0 0 0 0 0 0 0 0 0 0 0 0 2947 2953 2967 2980 2981 2996 3009 3022 3022 3041 3053 3063 3072 3082 3094 3104 3118 3127 3133 3146 3156 3161 3176 3183 3196 3204 3211 3211 3230 3243 3253 3260 3263 3278 3287 3298 3302 3307 3321 3332 3338 3348 3349 3368 3370 3383 3381 3387 3404 3411 3420 3425 3430 3440 3441 3446 3459 3458
0 0 0 0 0 0 0 0 0 0 0 0 0 0 0 0 0 0 0 0 0 0 0 0 0 0 0 0 0 0 0 0 0 0 0 0 0 0 0 2960 2973 2977 2995 3003 3012 3026 3035 3052 3062 3071 3073 3085 3103 3110 3110 3128 3143 3155 3163 3172 3179 3188 3203 3214 3216 3232 3240 3252 3255 3267 3276 3286 3293 3300 3308 3326 3333 3332 3351 3358 3369 3371 3377 3395 3393 3408 3413 3422 3423 3435 3438 3446 3453 3460 3462 3473
0 0 0 0 0 0 0 0 0 0 0 0 0 0 0 0 0 0 0 0 0 0 0 0 0 0 0 0 0 0 0 0 0 0 0 0 0 0 0 2965 2978 2994 3004 3017 3025 3027 3045 3056 3065 3077 3084 3097 3104 3117 3128 3138 3144 3153 3171 3178 3196 3202 3211 3221 3222 3243 3250 3260 3269 3279 3283 3299 3308 3317 3324 3336 3344 3352 3357 3367 3371 3386 3394 3407 3405 3418 3422 3423 3435 3444 3450 3459 3461 3465 3475 3484
0 0 0 0 0 0 0 0 0 0 0 0 0 0 0 0 0 0 0 0 0 0 0 0 0 0 0 0 0 0 0 0 0 0 0 0 0 0 0 2969 2985 2988 3009 3021 3029 3039 3048 3060 3068 3085 3091 3096 3110 3121 3132 3142 3157 3163 3175 3186 3196 3207 3217 3228 3235 3243 3249 3265 3271 3288 3294 3299 3311 3328 3331 3344 3348 3364 3362 3380 3382 3392 3404 3410 3420 3425 3431 3443 3449 3461 3459 3465 3470 3482 3488 3494
0 0 0 0 0 0 0 0 0 0 0 0 0 0 0 0 0 0 0 0 0 0 0 0 0 0 0 0 0 0 0 0 0 0 0 0 0 0 0 2974 2989 2998 3014 3023 3036 3049 3056 3066 3079 3090 3093 3111 3125 3129 3140 3153 3159 3172 3178 3195 3207 3208 3216 3230 3241 3256 3265 3279 3283 3287 3307 3310 3325 3327 3344 3343 3360 3368 3377 3383 3394 3401 3417 3425 3427 3435 3444 3454 3461 3464 3477 3479 3487 3488 3504 3501
0 0 0 0 0 0 0 0 0 0 0 0 0 0 0 0 0 0 0 0 0 0 0 0 0 0 0 0 0 0 0 0 0 0 0 0 0 0 2969 2981 2997 3001 3009 3029 3044 3051 3065 3073 3077 3094 3110 3116 3126 3131 3147 3162 3170 3182 3192 3200 3211 3218 3232 3237 3255 3262 3271 3288 3291 3304 3311 3324 3329 3338 3345 3350 3366 3377 3377 3396 3403 3411 3423 3431 3436 3440 3456 3459 3462 3476 3482 3489 3491 3502 3509 3518
0 0 0 0 0 0 0 0 0 0 0 0 0 0 0 0 0 0 0 0 0 0 0 0 0 0 0 0 0 0 0 0 0 0 0 0 0 0 2980 2992 2996 3006 3026 3033 3034 3049 3063 3075 3091 3100 3111 3126 3129 3146 3157 3167 3179 3180 3202 3203 3208 3230 3233 3247 3252 3272 3283 3294 3304 3304 3316 3326 3339 3351 3358 3369 3376 3388 3393 3398 3409 3424 3428 3444 3450 3458 3463 3469 3479 3488 3490 3501 3503 3515 3519 3525
0 0 0 0 0 0 0 0 0 0 0 0 0 0 0 0 0 0 0 0 0 0 0 0 0 0 0 0 0 0 0 0 0 0 0 0 0 2967 2978 2996 3000 3018 3019 3034 3048 3062 3071 3085 3100 3109 3119 3130 3142 3149 3164 3172 3177 3194 3204 3213 3225 3233 3244 3251 3264 3279 3289 3301 3309 3318 3327 3338 3349 3356 3368 3373 3387 3388 3403 3416 3421 3434 3438 3445 3461 3465 3469 3475 3486 3492 3505 3509 3517 3527 3531 3538
0 0 0 0 0 0 0 0 0 0 0 0 0 0 0 0 0 0 0 0 0 0 0 0 0 0 0 0 0 0 0 0 0 0 0 0 0 2974 2983 2998 3000 3019 3030 3037 3057 3063 3079 3087 3099 3113 3124 3137 3146 3150 3169 3175 3189 3194 3209 3221 3229 3244 3252 3266 3272 3278 3293 3307 3316 3328 3339 3345 3356 3356 3369 3384 3395 3407 3414 3424 3435 3438 3448 3460 3466 3473 3480 3495 3500 3512 3513 3526 3534 3536 3544 3545
0 0 0 0 0 0 0 0 0 0 0 0 0 0 0 0 0 0 0 0 0 0 0 0 0 0 0 0 0 0 0 0 0 0 0 0 0 2977 2993 3005 3007 3022 3028 3045 3062 3060 3078 3086 3102 3119 3131 3128 3155 3163 3171 3177 3195 3210 3216 3229 3240 3251 3259 3263 3283 3290 3298 3306 3323 3333 3338 3353 3355 3377 3382 3389 3406 3414 3421 3436 3440 3448 3456 3467 3470 3483 3490 3496 3506 3512 3523 3534 3536 3542 3557 3555
0 0 0 0 0 0 0 0 0 0 0 0 0 0 0 0 0 0 0 0 0 0 0 0 0 0 0 0 0 0 0 0 0 0 0 0 0 2984 2995 3001 3016 3033 3043 3053 3070 3069 3087 3092 3107 3124 3129 3141 3149 3170 3177 3190 3203 3208 3225 3231 3249 3256 3264 3273 3290 3296 3308 3318 3334 3337 3350 3356 3372 3372 3392 3397 3406 3414 3424 3442 3449 3458 3462 3469 3484 3495 3499 3511 3521 3528 3536 3548 3547 3560 3563 3566
0 0 0 0 0 0 0 0 0 0 0 0 0 0 0 0 0 0 0 0 0 0 0 0 0 0 0 0 0 0 0 0 0 0 0 0 0 2989 3000 3010 3024 3026 3048 3053 3069 3081 3091 3101 3114 3127 3137 3147 3161 3169 3186 3194 3206 3215 3230 3243 3249 3266 3277 3276 3290 3308 3318 3321 3328 3345 3359 3366 3378 3387 3395 3405 3413 3424 3439 3447 3455 3465 3470 3476 3490 3504 3515 3524 3531 3532 3540 3556 3563 3564 3579 3573
0 0 0 0 0 0 0 0 0 0 0 0 0 0 0 0 0 0 0 0 0 0 0 0 0 0 0 0 0 0 0 0 0 0 0 0 0 2999 3007 3016 3031 3036 3048 3066 3069 3083 3092 3111 3116 3126 3143 3155 3169 3172 3181 3196 3211 3219 3229 3247 3257 3269 3285 3286 3299 3314 3317 3331 3343 3360 3364 3374 3379 3396 3405 3412 3425 3440 3442 3451 3468 3471 3477 3495 3506 3507 3521 3519 3535 3546 3551 3558 3571 3577 3583 3598
0 0 0 0 0 0 0 0 0 0 0 0 0 0 0 0 0 0 0 0 0 0 0 0 0 0 0 0 0 0 0 0 0 0 0 0 0 3000 3010 3020 3035 3043 3057 3063 3073 3086 3092 3108 3122 3127 3146 3155 3168 3181 3195 3207 3209 3229 3242 3245 3267 3269 3277 3294 3310 3313 3322 3334 3350 3360 3371 3383 3387 3400 3405 3418 3427 3441 3454 3457 3472 3479 3486 3504 3512 3512 3527 3532 3537 3555 3564 3573 3583 3583 3594 3604
0 0 0 0 0 0 0 0 0 0 0 0 0 0 0 0 0 0 0 0 0 0 0 0 0 0 0 0 0 0 0 0 0 0 0 0 0 3004 3012 3030 3038 3051 3056 3067 3075 3085 3105 3120 3128 3138 3144 3162 3168 3189 3201 3205 3223 3236 3243 3251 3267 3283 3283 3297 3311 3319 3333 3348 3353 3366 3374 3382 3398 3412 3416 3423 3441 3455 3465 3474 3478 3492 3503 3509 3520 3534 3530 3545 3558 3559 3572 3574 3593 3599 3608 3607
0 0 0 0 0 0 0 0 0 0 0 0 0 0 0 0 0 0 0 0 0 0 0 0 0 0 0 0 0 0 0 0 0 0 0 0 0 3012 3019 3034 3050 3051 3064 3074 3081 3096 3107 3121 3132 3143 3158 3169 3176 3191 3197 3211 3229 3234 3252 3263 3273 3280 3289 3302 3321 3327 3337 3350 3359 3367 3386 3395 3403 3416 3425 3438 3440 3455 3471 3474 3489 3492 3512 3522 3530 3541 3547 3557 3566 3577 3584 3591 3602 3609 3611 3625
0 0 0 0 0 0 0 0 0 0 0 0 0 0 0 0 0 0 0 0 0 0 0 0 0 0 0 0 0 0 0 0 0 0 0 0 0 0 3028 3043 3044 3058 3066 3079 3090 3097 3106 3123 3136 3146 3156 3168 3188 3188 3207 3216 3226 3233 3255 3261 3279 3291 3297 3311 3325 3335 3343 3352 3370 3377 3392 3393 3406 3427 3433 3449 3452 3463 3477 3482 3496 3509 3514 3526 3536 3550 3558 3565 3567 3578 3587 3596 3610 3617 3622 3638
0 0 0 0 0 0 0 0 0 0 0 0 0 0 0 0 0 0 0 0 0 0 0 0 0 0 0 0 0 0 0 0 0 0 0 0 0 0 3020 0 3051 3065 3069 3083 3093 3101 3114 3126 3139 3148 3167 3177 3180 3193 3209 3221 3235 3248 3252 3267 3277 3286 3304 3310 3324 3337 3350 3357 3375 3385 3391 3411 3422 3429 3442 3453 3455 3471 3484 3495 3506 3511 3525 3537 3542 3551 3567 3576 3581 3591 3598 3600 3625 3628 3629 3647
0 0 0 0 0 0 0 0 0 0 0 0 0 0 0 0 0 0 0 0 0 0 0 0 0 0 0 0 0 0 0 0 0 0 0 0 0 0 0 0 0 0 3072 3086 3099 3107 3119 3129 3144 3152 3166 3179 3189 3199 3214 3224 3240 3244 3254 3277 3279 3298 3307 3318 3333 3339 3351 3367 3378 3392 3397 3408 3421 3434 3443 3462 3462 3473 3489 3492 3511 3519 3535 3542 3554 3563 3569 3578 3591 3604 3611 3623 3629 3635 3642 3655
0 0 0 0 0 0 0 0 0 0 0 0 0 0 0 0 0 0 0 0 0 0 0 0 0 0 0 0 0 0 0 0 0 0 0 0 2969 2994 0 0 0 0 0 3087 3097 3113 3121 3133 3140 3159 3168 3181 3195 3201 3219 3225 3242 3244 3267 3272 3290 3301 3305 3326 3332 3341 3359 3369 3382 3394 3407 3417 3427 3432 3456 3464 3474 3484 3489 3505 3513 3525 3540 3553 3559 3570 3579 3583 3594 3613 3621 3628 3643 3648 3649 3663
0 0 0 0 0 0 0 0 0 0 0 0 0 0 0 0 0 0 0 0 0 0 0 0 0 0 0 0 0 0 0 0 0 0 0 0 0 0 0 0 0 0 0 3086 3099 3115 3121 3139 3145 3161 3164 3186 3195 3211 3220 3234 3247 3256 3265 3284 3289 3308 3317 3320 3337 3351 3362 3379 3390 3403 3411 3423 3439 3446 3452 3463 3475 3495 3503 3507 3526 3532 3547 3557 3568 3576 3590 3598 3612 3606 3627 3634 3644 3654 3669 3670
0 0 0 0 0 0 0 0 0 0 0 0 0 0 0 0 0 0 0 0 0 0 0 0 0 0 0 0 0 0 0 0 0 0 0 0 0 0 0 0 0 0 0 0 3103 3115 3126 3138 3145 3164 3171 3187 3193 3214 3218 3236 3245 3264 3275 3282 3292 3312 3326 3333 3343 3358 3363 3374 3394 3409 3415 3425 3433 3448 3456 3467 3489 3496 3509 3519 3525 3544 3548 3561 3570 3582 3596 3607 3616 3623 3641 3643 3654 3662 3668 3687
0 0 0 0 0 0 0 0 0 0 0 0 0 0 0 0 0 0 0 0 0 0 0 0 0 0 0 0 0 0 0 0 0 0 0 0 0 0 0 0 0 0 0 0 0 3116 3127 3143 3155 3168 3173 3192 3194 3216 3225 3244 3251 3257 3273 3289 3304 3311 3325 3332 3353 3363 3371 3386 3396 3408 3421 3433 3440 3455 3465 3477 3494 3503 3513 3522 3530 3546 3555 3572 3578 3586 3603 3615 3623 3635 3641 3656 3665 3673 3681 3693
0 0 0 0 0 0 0 0 0 0 0 0 0 0 0 0 0 0 0 0 0 0 0 0 0 0 0 0 0 0 0 0 0 0 0 0 0 0 0 0 0 0 0 0 3114 3125 3129 3145 3157 3171 3180 3192 3206 3216 3232 3237 3255 3269 3270 3289 3305 3312 3323 3340 3348 3364 3378 3393 3396 3410 3427 3439 3442 3456 3475 3474 3501 3507 3522 3533 3538 3556 3567 3574 3584 3602 3612 3625 3634 3643 3654 3661 3678 3678 3685 3696
0 0 0 0 0 0 0 0 0 0 0 0 0 0 0 0 0 0 0 0 0 0 0 0 0 0 0 0 0 0 0 0 0 0 0 0 0 0 0 0 0 0 0 3108 3114 3128 3132 3146 3158 3164 3180 3197 3206 3222 3232 3245 3258 3267 3285 3296 3311 3318 3328 3340 3345 3361 3380 3392 3404 3415 3426 3443 3456 3464 3477 3488 3498 3518 3525 3529 3550 3559 3572 3581 3597 3603 3620 3628 3641 3652 3659 3670 3683 3690 3697 3708
0 0 0 0 0 0 0 0 0 0 0 0 0 0 0 0 0 0 0 0 0 0 0 0 0 0 0 0 0 0 0 0 0 0 0 0 0 0 0 0 0 0 0 0 3124 3129 3137 3148 3157 3168 3183 3198 3210 3222 3237 3250 3259 3271 3277 3288 3313 3320 3336 3344 3355 3367 3379 3393 3403 3419 3433 3445 3457 3469 3477 3494 3505 3516 3517 3543 3555 3561 3575 3583 3604 3615 3616 3628 3643 3653 3664 3676 3690 3698 3704 3721
0 0 0 0 0 0 0 0 0 0 0 0 0 0 0 0 0 0 0 0 0 0 0 0 0 0 0 0 0 0 0 0 0 0 0 0 0 0 0 0 0 0 0 0 3123 3134 3144 3157 3159 3179 3182 3198 3216 3215 3236 3248 3262 3273 3285 3294 3315 3323 3337 3345 3364 3368 3387 3400 3408 3427 3440 3448 3457 3475 3488 3496 3506 3516 3532 3540 3561 3567 3585 3588 3603 3614 3628 3638 3647 3658 3673 3685 3689 3710 3720 3721
0 0 0 0 0 0 0 0 0 0 0 0 0 0 0 0 0 0 0 0 0 0 0 0 0 0 0 0 0 0 0 0 0 0 0 0 0 0 0 0 0 0 0 0 0 3131 3145 3160 3171 3181 3193 3201 3217 3225 3242 3251 3264 3279 3292 3299 3310 3328 3339 3348 3364 3376 3392 3401 3409 3424 3439 3448 3461 3472 3488 3498 3512 3519 3539 3553 3565 3576 3581 3597 3606 3620 3639 3647 3653 3671 3684 3687 3697 3712 3718 3730
0 0 0 0 0 0 0 0 0 0 0 0 0 0 0 0 0 0 0 0 0 0 0 0 0 0 0 0 0 0 0 0 0 0 0 0 0 0 0 0 0 0 0 0 0 0 3149 3152 3172 3178 3191 3206 3217 3227 3242 3256 3265 3280 3288 3296 3317 3330 3340 3352 3371 3374 3391 3407 3408 3431 3438 3449 3464 3476 3484 3501 3509 3534 3543 3549 3562 3576 3582 3596 3615 3627 3641 3642 3664 3676 3687 3695 3709 3724 3726 3744
0 0 0 0 0 0 0 0 0 0 0 0 0 0 0 0 0 0 0 0 0 0 0 0 0 0 0 0 0 0 0 0 0 0 0 0 0 0 0 0 0 0 0 0 0 0 0 3164 3167 3180 3192 3203 3220 3232 3243 3256 3270 3282 3291 3303 3316 3320 3345 3355 3369 3373 3393 3409 3420 3426 3443 3455 3470 3482 3490 3505 3517 3531 3541 3558 3570 3585 3594 3601 3621 3629 3646 3653 3670 3680 3689 3703 3717 3725 3735 3748
0 0 0 0 0 0 0 0 0 0 0 0 0 0 0 0 0 0 0 0 0 0 0 0 0 0 0 0 0 0 0 0 0 0 0 0 0 0 0 0 0 0 0 0 0 0 0 3161 3172 3189 3198 3206 3215 3234 3244 3262 3262 3278 3289 3305 3320 3331 3343 3355 3372 3376 3398 3407 3418 3428 3445 3458 3471 3487 3494 3510 3522 3538 3539 3556 3564 3584 3596 3610 3620 3630 3643 3654 3676 3674 3698 3706 3718 3733 3745 3753
0 0 0 0 0 0 0 0 0 0 0 0 0 0 0 0 0 0 0 0 0 0 0 0 0 0 0 0 0 0 0 0 0 0 0 0 0 0 0 0 0 0 0 0 0 0 0 0 3170 3186 3201 3215 3226 3235 3248 3262 3271 3289 3295 3307 3325 3332 3335 3360 3374 3383 3396 3405 3423 3433 3446 3462 3469 3488 3496 3515 3521 3531 3548 3558 3573 3587 3598 3610 3619 3641 3644 3660 3675 3679 3700 3710 3725 3736 3752 3763
0 0 0 0 0 0 0 0 0 0 0 0 0 0 0 0 0 0 0 0 0 0 0 0 0 0 0 0 0 0 0 0 0 0 0 0 0 0 0 0 0 0 0 0 0 0 0 0 0 3194 3203 3211 3222 3234 3249 3263 3275 3287 3299 3312 3322 3337 3350 3363 3371 3386 3398 3405 3427 3437 3447 3460 3471 3485 3503 3507 3524 3539 3553 3567 3577 3592 3599 3616 3629 3643 3656 3665 3675 3695 3704 3717 3721 3735 3742 3755
0 0 0 0 0 0 0 0 0 0 0 0 0 0 0 0 0 0 0 0 0 0 0 0 0 0 0 0 0 0 0 0 0 0 0 0 0 0 0 0 0 0 0 0 0 0 0 0 0 0 3204 3210 3225 3238 3253 3257 3276 3290 3304 3305 3327 3336 3354 3358 3376 3386 3399 3414 3425 3436 3451 3456 3479 3491 3505 3510 3525 3538 3554 3569 3579 3590 3606 3617 3630 3632 3653 3667 3677 3685 3709 3717 3735 3748 3756 3771
0 0 0 0 0 0 0 0 0 0 0 0 0 0 0 0 0 0 0 0 0 0 0 0 0 0 0 0 0 0 0 0 0 0 0 0 0 0 0 0 0 0 0 0 0 0 0 0 0 0 3204 0 3227 3238 3250 3261 3278 3285 3301 3314 3329 3340 3351 3360 3376 3390 3397 3416 3427 3442 3453 3465 3475 3488 3504 3517 3528 3536 3545 3565 3580 3595 3605 3619 3637 3643 3651 3670 3677 3688 3711 3722 3738 3744 3760 3768
0 0 0 0 0 0 0 0 0 0 0 0 0 0 0 0 0 0 0 0 0 0 0 0 0 0 0 0 0 0 0 0 0 0 0 0 0 0 0 0 0 0 0 0 0 0 0 0 0 0 0 0 3231 3241 3253 3269 3277 3288 3304 3313 3329 3342 3351 3364 3377 3392 3401 3415 3427 3443 3451 3466 3479 3491 3506 3512 3531 3544 3557 3570 3584 3595 3610 3623 3634 3648 3661 3666 3687 3695 3712 3724 3734 3751 3765 3773
0 0 0 0 0 0 0 0 0 0 0 0 0 0 0 0 0 0 0 0 0 0 0 0 0 0 0 0 0 0 0 0 0 0 0 0 0 0 0 0 0 0 0 0 0 0 0 0 0 0 0 0 3228 3245 3257 3265 3278 3291 3300 3314 3330 3341 3349 3369 3378 3383 3397 3418 3422 3441 3454 3467 3471 3492 3508 3520 3534 3546 3556 3566 3586 3597 3610 3620 3635 3644 3665 3675 3686 3702 3719 3722 3733 3749 3768 3780
