output/arrival_times.asc
NCOLS 255
NROWS 330
XLLCORNER -2985163.8955
YLLCORNER -3022031.214
CELLSIZE 25000
NODATA_value 0
[rows 64 to 127 of 330, columns 0 to 95 of 255]
0 0 0 0 0 0 0 0 0 0 0 0 0 0 0 0 0 0 0 0 0 0 0 0 0 0 0 0 0 2559 2572 2585 2593 2693 2692 0 0 0 0 0 0 0 3239 3262 3272 3288 3310 3313 3321 3327 3345 3343 3363 3373 3377 3382 3420 3414 3422 3415 3433 3448 3463 3458 3487 3482 3497 3501 3499 3519 3516 3533 3541 3555 3568 3572 3584 3576 3589 3617 3606 3618 3609 3635 3639 3640 3631 3649 3655 3662 3673 3674 3684 3693 3703 3693
0 0 0 0 0 0 0 0 0 0 0 0 0 0 0 0 0 0 0 0 0 0 0 0 0 0 0 0 2543 2564 2568 2590 2592 2692 0 0 0 0 0 0 0 3250 3251 3273 3282 3328 3326 3327 3322 3334 3348 3376 3370 3382 3384 3405 3419 3425 3442 3435 3446 3452 3456 3481 3485 3492 3500 3504 3517 3527 3536 3543 3569 3563 3573 3576 3591 3595 3598 3629 3625 3630 3640 3639 3655 3652 3653 3674 3665 3675 3686 3685 3707 3707 3713 3718
0 0 0 0 0 0 0 0 0 0 0 0 0 0 0 0 0 0 0 0 0 0 0 0 0 0 0 2535 2541 2551 2571 2570 2573 0 0 0 0 0 0 3235 3244 3241 3256 3275 3285 3314 3336 3333 3335 3331 3348 3373 3379 3382 3402 3404 3420 3445 3444 3448 3461 3458 3468 3481 3491 3502 3505 3504 3536 3553 3552 3562 3567 3573 3579 3595 3603 3604 3616 3616 3633 3648 3649 3653 3654 3678 3681 3677 3678 3679 3681 3699 3704 3720 3721 3727
0 0 0 0 0 0 0 0 0 0 0 0 0 0 0 0 0 0 0 0 0 0 0 0 0 0 0 2539 2541 2542 2557 2571 2561 0 0 0 0 0 0 3224 3247 3250 3259 3277 3289 3322 3334 3337 3342 3371 3366 3372 3390 3403 3420 3406 3435 3447 3464 3453 3484 3482 3481 3490 3492 3505 3525 3520 3545 3545 3554 3558 3583 3579 3610 3618 3626 3625 3622 3624 3626 3653 3664 3661 3675 3689 3695 3702 3704 3699 3705 3713 3719 3724 3744 3751
0 0 0 0 0 0 0 0 0 0 0 0 0 0 0 0 0 0 0 0 0 0 0 0 0 0 0 2529 2530 2525 2530 2543 2547 0 0 0 0 0 0 0 3249 3259 3261 3278 3295 3312 3330 3334 3347 3374 3375 3385 3408 3421 3419 3436 3434 3458 3460 3468 3478 3496 3485 3504 3517 3521 3524 3542 3546 3564 3568 3569 3577 3591 3612 3617 3637 3625 3633 3632 3662 3655 3663 3676 3699 3704 3713 3716 3714 3710 3738 3733 3739 3735 3758 3775
0 0 0 0 0 0 0 0 0 0 0 0 0 0 0 0 0 0 0 0 0 0 0 0 0 0 0 2527 2547 2545 2535 2542 2543 0 0 0 0 0 0 0 3245 3256 3275 3289 3299 3307 3322 3331 3348 3361 3371 3390 3415 3422 3423 3437 3451 3465 3466 3479 3498 3501 3512 3510 3520 3530 3544 3545 3559 3570 3571 3570 3575 3595 3610 3620 3636 3654 3655 3652 3656 3664 3673 3695 3694 3708 3720 3723 3724 3734 3732 3741 3762 3759 3769 3786
0 0 0 0 0 0 0 0 0 0 0 0 0 0 0 0 0 0 0 0 0 0 0 0 0 0 2532 2545 2546 2549 2561 2558 0 0 0 0 0 0 0 0 3240 3264 3274 3291 3306 3309 3324 3330 3344 3373 3395 3396 3410 3421 3436 3438 3457 3463 3483 3481 3500 3510 3507 3516 3527 3537 3565 3568 3568 3569 3567 3577 3597 3599 3609 3624 3637 3664 3658 3658 3673 3663 3680 3697 3698 3706 3729 3732 3733 3741 3744 3754 3761 3773 3770 3800
0 0 0 0 0 0 0 0 0 0 0 0 0 0 0 0 0 0 0 0 0 0 0 0 0 0 2534 2563 2562 2571 2573 2557 0 0 0 0 0 0 0 3255 3257 3268 3287 3291 3316 3316 3335 3342 3348 3381 3393 3403 3415 3425 3437 3451 3460 3497 3507 3508 3500 3512 3527 3526 3536 3554 3563 3580 3577 3590 3589 3603 3601 3603 3611 3641 3644 3665 3669 3663 3684 3682 3695 3712 3719 3718 3732 3761 3763 3759 3764 3765 3778 3777 3784 3806
0 0 0 0 0 0 0 0 0 0 0 0 0 0 0 0 0 0 0 0 0 0 0 0 0 0 2555 2572 2566 2574 2570 2572 0 0 0 0 0 0 3247 3249 3273 3271 3298 3306 3318 3319 3346 3346 3350 3372 3392 3412 3412 3435 3443 3452 3465 3490 3509 3513 3516 3516 3528 3531 3541 3557 3571 3579 3584 3603 3605 3602 3611 3611 3632 3641 3659 3665 3664 3671 3704 3698 3699 3714 3729 3749 3751 3762 3764 3769 3768 3774 3780 3788 3793 3810
0 0 0 0 0 0 0 0 0 0 0 0 0 0 0 0 0 0 0 0 0 0 0 0 0 2571 2574 2578 2581 2585 2599 2601 0 0 0 0 0 0 3252 3257 3272 3288 3303 3309 3317 3327 3338 3365 3352 3363 3388 3400 3417 3439 3448 3450 3464 3488 3494 3505 3521 3518 3546 3554 3552 3553 3578 3582 3610 3606 3612 3615 3624 3644 3633 3649 3661 3679 3674 3712 3711 3719 3710 3736 3733 3748 3759 3760 3788 3785 3780 3789 3795 3814 3813 3824
0 0 0 0 0 0 0 0 0 0 0 0 0 0 0 0 0 0 0 0 0 0 0 0 0 2578 2591 2588 2591 2593 2603 2608 0 0 0 0 0 0 0 3255 3279 3290 3302 3328 3340 3345 3341 3369 3396 3391 3391 3406 3427 3437 3446 3455 3475 3476 3489 3517 3518 3523 3559 3565 3555 3562 3584 3595 3607 3611 3609 3622 3640 3646 3653 3657 3665 3679 3689 3718 3721 3743 3744 3745 3749 3761 3766 3774 3781 3794 3800 3815 3816 3816 3827 3832
0 0 0 0 0 0 0 0 0 0 0 0 0 0 0 0 0 0 0 0 0 0 0 0 0 2593 2589 2601 2609 2616 2625 2635 0 0 0 0 0 0 0 3277 3278 3290 3302 3335 3350 3353 3362 3369 3390 3412 3406 3420 3423 3440 3453 3464 3477 3495 3494 3514 3521 3526 3556 3563 3566 3577 3590 3599 3609 3631 3633 3632 3674 3679 3678 3681 3672 3698 3695 3719 3730 3736 3751 3748 3763 3759 3776 3792 3807 3803 3814 3815 3824 3825 3834 3842
0 0 0 0 0 0 0 0 0 0 0 0 0 0 0 0 0 0 0 0 0 0 0 0 0 2594 2602 2612 2624 2637 2638 2642 2636 0 0 0 0 0 0 3278 3288 3292 3300 3327 3344 3365 3368 3375 3395 3409 3419 3422 3429 3438 3462 3465 3485 3490 3499 3516 3519 3530 3556 3563 3572 3587 3605 3618 3632 3645 3652 3669 3672 3676 3682 3681 3685 3697 3702 3723 3733 3742 3755 3757 3769 3765 3778 3787 3811 3816 3819 3821 3833 3857 3860 3859
0 0 0 0 0 0 0 0 0 0 0 0 0 0 0 0 0 0 0 0 0 0 0 0 0 2600 2620 2639 2659 2662 2656 2667 2660 0 0 0 0 0 0 3276 3291 3293 3310 3324 3349 3362 3366 3374 3383 3399 3423 3428 3443 3441 3461 3464 3492 3498 3500 3504 3537 3553 3553 3564 3576 3594 3598 3624 3630 3653 3654 3663 3675 3675 3688 3689 3692 3706 3715 3739 3731 3736 3752 3764 3790 3784 3785 3788 3809 3816 3821 3828 3853 3854 3861 3859
0 0 0 0 0 0 0 0 0 0 0 0 0 0 0 0 0 0 0 0 0 0 0 0 0 2603 2636 2638 2670 2671 2679 2684 2669 0 0 0 0 0 3260 3276 3292 3295 3314 3328 3349 3359 3365 3369 3390 3397 3410 3439 3444 3463 3469 3473 3496 3501 3516 3515 3532 3551 3554 3574 3592 3595 3615 3621 3631 3633 3658 3671 3681 3682 3701 3712 3710 3718 3720 3740 3744 3786 3784 3765 3775 3791 3803 3800 3807 3844 3839 3839 3853 3879 3880 3872
0 0 0 0 0 0 0 0 0 0 0 0 0 0 0 0 0 0 0 0 0 0 0 0 0 2604 2640 2653 2666 2690 2701 2704 0 0 0 0 0 0 3273 3283 3306 3310 3323 3326 3337 3366 3367 3376 3383 3409 3412 3440 3441 3452 3468 3479 3495 3505 3517 3533 3538 3550 3555 3570 3590 3608 3612 3622 3636 3643 3657 3678 3690 3712 3706 3716 3719 3735 3729 3741 3762 3787 3788 3785 3788 3794 3800 3811 3815 3837 3846 3844 3860 3875 3884 3872
0 0 0 0 0 0 0 0 0 0 0 0 0 0 0 0 0 0 0 0 0 0 0 0 0 0 0 2651 2665 0 2713 2714 0 0 0 0 0 3262 3275 3289 3295 3322 3324 3326 3356 3365 3387 3384 3377 3405 3416 3435 3442 3458 3467 3492 3500 3506 3515 3530 3548 3552 3577 3579 3596 3603 3613 3630 3635 3643 3660 3691 3697 3713 3723 3733 3736 3741 3738 3745 3759 3781 3780 3803 3796 3799 3822 3826 3824 3841 3857 3853 3861 3879 3894 3885
0 0 0 0 0 0 0 0 0 0 0 0 0 0 0 0 0 0 0 0 0 0 0 0 0 0 0 0 0 0 2719 2716 0 0 0 0 0 3264 3277 3288 3301 3317 3322 3327 3354 3363 3374 3394 3403 3411 3417 3443 3450 3453 3470 3483 3513 3513 3515 3532 3551 3567 3570 3598 3607 3616 3610 3630 3639 3671 3679 3689 3702 3722 3728 3735 3743 3744 3744 3752 3777 3781 3797 3804 3805 3818 3833 3850 3847 3848 3866 3877 3883 3892 3904 3912
0 0 0 0 0 0 0 0 0 0 0 0 0 0 0 0 0 0 0 0 0 0 0 0 0 0 0 0 0 0 2720 0 0 0 0 0 0 3263 3272 3298 3297 3316 3320 3342 3351 3362 3397 3401 3401 3412 3435 3451 3455 3463 3469 3478 3512 3515 3534 3529 3552 3577 3580 3594 3608 3617 3618 3636 3644 3687 3691 3696 3713 3721 3725 3749 3752 3753 3760 3768 3779 3786 3795 3798 3815 3837 3839 3851 3852 3882 3876 3881 3889 3906 3927 3914
0 0 0 0 0 0 0 0 0 0 0 0 0 0 0 0 0 0 0 0 0 0 0 0 0 0 0 0 2746 2746 2748 0 0 0 0 0 0 3278 3298 3301 3305 3314 3319 3346 3358 3368 3402 3403 3419 3423 3437 3457 3454 3474 3476 3487 3509 3528 3530 3539 3557 3571 3584 3595 3613 3621 3638 3637 3643 3685 3689 3708 3712 3723 3732 3744 3755 3770 3769 3789 3790 3806 3808 3814 3817 3841 3840 3868 3864 3872 3886 3893 3892 3907 3928 3932
0 0 0 0 0 0 0 0 0 0 0 0 0 0 0 0 0 0 0 0 0 0 0 0 0 0 0 0 2758 2773 2772 0 0 0 0 0 0 3265 3303 3307 3311 3313 3327 3350 3363 3369 3399 3398 3410 3420 3434 3452 3479 3484 3502 3493 3511 3527 3530 3545 3547 3576 3581 3597 3618 3627 3645 3644 3650 3681 3687 3700 3727 3730 3744 3747 3754 3770 3778 3821 3824 3820 3825 3827 3840 3846 3856 3868 3879 3877 3885 3896 3897 3939 3946 3943
0 0 0 0 0 0 0 0 0 0 0 0 0 0 0 0 0 0 0 0 0 0 0 0 0 0 0 2766 2826 2840 2836 2766 0 0 0 0 0 3299 3304 3314 3324 3330 3336 3334 3353 3372 3384 3388 3399 3426 3446 3460 3472 3490 3495 3505 3509 3519 3526 3546 3562 3560 3585 3596 3614 3622 3646 3646 3676 3682 3700 3714 3735 3745 3742 3754 3759 3777 3794 3819 3825 3833 3839 3851 3852 3856 3866 3864 3873 3886 3892 3902 3910 3949 3960 3956
0 0 0 0 0 0 0 0 0 0 0 0 0 0 0 0 0 0 0 0 0 0 0 0 0 0 2739 2783 2846 2904 0 0 0 0 0 0 0 3300 3305 3319 3328 3344 3359 3347 3372 3375 3395 3400 3425 3428 3447 3457 3487 3489 3494 3510 3513 3524 3542 3556 3562 3574 3596 3610 3623 3620 3647 3658 3684 3680 3701 3722 3728 3744 3748 3763 3764 3776 3812 3822 3821 3837 3853 3867 3870 3857 3886 3890 3896 3903 3923 3922 3926 3942 3956 3964
0 0 0 0 0 0 0 0 0 0 0 0 0 0 0 0 0 0 0 0 0 0 0 0 0 2725 2733 2787 2839 2844 2845 0 0 0 0 0 0 3288 3308 3325 3331 3349 3361 3360 3367 3376 3403 3425 3426 3453 3441 3453 3476 3488 3504 3512 3522 3538 3547 3569 3569 3582 3608 3600 3622 3632 3648 3653 3673 3690 3695 3717 3751 3760 3773 3761 3779 3802 3806 3817 3833 3837 3866 3869 3872 3869 3894 3904 3898 3910 3917 3929 3937 3949 3972 3965
0 0 0 0 0 0 0 0 0 0 0 0 0 0 0 0 0 0 0 0 0 0 0 0 2713 2719 2741 2765 2770 2767 2771 0 0 0 0 0 0 3289 3304 3323 3348 3350 3362 3367 3371 3384 3409 3424 3430 3447 3458 3468 3486 3483 3500 3517 3521 3541 3550 3565 3580 3589 3607 3612 3632 3640 3660 3659 3682 3688 3708 3715 3740 3757 3774 3780 3782 3804 3829 3836 3860 3859 3868 3875 3879 3880 3901 3906 3905 3920 3927 3933 3942 3953 3969 3974
0 0 0 0 0 0 0 0 0 0 0 0 0 0 0 0 0 0 0 0 0 0 0 0 0 2723 2733 2733 2751 2754 0 0 0 0 0 0 0 0 3306 3329 3360 3364 3376 3382 3379 3393 3408 3414 3426 3449 3461 3474 3490 3490 3493 3518 3538 3542 3556 3579 3582 3592 3604 3620 3627 3652 3669 3678 3678 3689 3707 3712 3744 3754 3777 3780 3794 3807 3824 3839 3857 3863 3871 3870 3885 3884 3903 3907 3926 3914 3942 3950 3954 3957 3973 3984
0 0 0 0 0 0 0 0 0 0 0 0 0 0 0 0 0 0 0 0 0 0 0 0 0 2713 2724 2751 2749 2757 2779 0 0 0 0 0 0 0 3303 0 3357 3383 3386 3398 3403 3400 3418 3424 3428 3428 3462 3474 3494 3497 3504 3519 3529 3545 3550 3573 3585 3605 3618 3633 3638 3658 3659 3677 3700 3693 3708 3730 3746 3758 3767 3774 3800 3809 3826 3835 3843 3859 3865 3873 3883 3886 3906 3906 3925 3946 3950 3948 3966 3975 3977 3995
0 0 0 0 0 0 0 0 0 0 0 0 0 0 0 0 0 0 0 0 0 0 0 0 0 2713 2751 2766 2772 2775 2780 2781 0 0 0 0 0 0 0 0 0 0 3389 3385 3402 3418 3419 3430 3434 3432 3455 3470 3493 3496 3508 3526 3528 3551 3570 3571 3592 3615 3626 3635 3652 3651 3667 3679 3696 3707 3710 3737 3736 3762 3782 3783 3794 3807 3825 3831 3838 3875 3877 3884 3891 3894 3905 3914 3932 3936 3953 3965 3971 3983 3996 4004
0 0 0 0 0 0 0 0 0 0 0 0 0 0 0 0 0 0 0 0 0 0 0 0 0 0 0 2779 2788 2793 2811 2810 2813 0 0 0 2200 2583 0 0 0 0 0 3401 3411 3412 3424 3429 3436 3447 3459 3479 3495 3498 3511 3530 3536 3560 3551 3597 3610 3620 3630 3644 3650 3670 3676 3677 3690 3706 3724 3736 3763 3773 3785 3789 3797 3808 3819 3841 3858 3873 3878 3888 3896 3903 3905 3928 3944 3955 3957 3975 3992 3991 4003 4009
0 0 0 0 0 0 0 0 0 0 0 0 0 0 0 0 0 0 0 0 0 0 0 0 0 0 0 2774 2778 2802 2819 2824 0 0 0 0 0 0 0 0 0 0 0 3397 3399 3413 3434 3438 3445 3448 3472 3480 3493 3514 3522 3539 3539 3561 3593 3595 3608 3618 3630 3637 3654 3671 3674 3689 3708 3712 3731 3740 3762 3772 3786 3796 3801 3808 3824 3840 3852 3876 3889 3891 3900 3921 3924 3922 3941 3959 3961 3980 3990 4004 4020 4027
0 0 0 0 0 0 0 0 0 0 0 0 0 0 0 0 0 0 0 0 0 0 0 0 0 0 0 2774 2792 2817 2839 2834 2840 0 0 0 0 0 0 0 0 0 0 0 3405 3430 3437 3443 3451 3450 3473 3485 3510 3511 3524 3540 3547 3563 3589 3599 3610 3617 3625 3638 3646 3665 3675 3690 3714 3721 3727 3739 3757 3776 3782 3795 3793 3807 3818 3830 3850 3879 3893 3899 3909 3916 3931 3928 3954 3960 3972 3976 3993 4014 4028 4030
0 0 0 0 0 0 0 0 0 0 0 0 0 0 0 0 0 0 0 0 0 0 0 0 0 0 2755 2774 2797 2818 2838 2857 2842 2851 0 0 0 0 0 0 0 0 0 0 0 3428 3433 3444 3447 3466 3472 3489 3498 3519 3530 3546 3556 3566 3598 3596 3610 3620 3626 3643 3655 3672 3684 3689 3725 3730 3730 3742 3761 3767 3772 3798 3798 3810 3821 3824 3853 3875 3898 3897 3910 3938 3934 3941 3948 3969 3978 3982 3998 4009 4040 4039
0 0 0 0 0 0 0 0 0 0 0 0 0 0 0 0 0 0 0 0 0 0 0 0 0 0 0 2783 2789 2811 2837 2853 2858 2857 0 0 0 0 0 0 0 0 0 0 3413 3431 3432 3451 3455 3471 3481 3508 3516 3525 3536 3549 3560 3564 3574 3594 3620 3624 3628 3639 3662 3666 3689 3710 3729 3733 3736 3749 3770 3770 3777 3815 3812 3815 3830 3845 3856 3873 3880 3904 3920 3939 3950 3957 3957 3980 3987 3993 4002 4026 4027 4048
0 0 0 0 0 0 0 0 0 0 0 0 0 0 0 0 0 0 0 0 0 0 0 0 0 0 0 0 0 0 2830 2856 2865 2864 2867 0 0 0 0 0 0 0 0 3399 3414 3420 3433 3456 3461 3477 3490 3493 3521 3526 3540 3551 3552 3570 3587 3598 3617 3632 3631 3640 3661 3676 3690 3708 3731 3728 3736 3772 3774 3782 3780 3803 3816 3817 3840 3845 3864 3872 3886 3903 3915 3931 3953 3961 3969 3981 3999 4002 4018 4020 4041 4049
0 0 0 0 0 0 0 0 0 0 0 0 0 0 0 0 0 0 0 0 0 0 0 0 0 0 0 0 0 0 0 0 0 2873 2885 0 0 0 0 0 0 0 0 0 3412 3417 3423 3450 3465 3487 3492 3509 3520 3522 3539 3542 3561 3576 3574 3599 3621 3630 3633 3645 3660 3676 3698 3706 3716 3722 3737 3769 3783 3783 3794 3813 3814 3820 3843 3862 3868 3888 3900 3910 3918 3939 3951 3960 3979 3986 3996 4008 4020 4027 4042 4050
0 0 0 0 0 0 0 0 0 0 0 0 0 0 0 0 0 0 0 0 0 0 0 0 0 0 0 0 0 0 0 0 0 2901 2894 2900 0 0 0 0 0 0 0 0 3413 3418 3424 3454 3459 3487 3489 3497 3501 3523 3540 3548 3555 3572 3588 3597 3617 3625 3631 3657 3670 3681 3692 3710 3715 3743 3747 3771 3772 3793 3794 3812 3821 3827 3845 3869 3888 3889 3901 3922 3928 3936 3945 3952 3974 3984 4006 4009 4017 4057 4053 4068
0 0 0 0 0 0 0 0 0 0 0 0 0 0 0 0 0 0 0 0 0 0 0 0 0 0 0 0 0 0 0 0 0 2915 2916 2911 2909 0 0 0 0 0 0 0 0 3419 3435 3431 3463 3486 3485 3496 3521 3520 3545 3551 3566 3571 3585 3597 3613 3627 3644 3660 3668 3683 3697 3708 3718 3728 3745 3775 3782 3785 3797 3805 3851 3847 3866 3878 3892 3897 3913 3924 3926 3937 3950 3965 3983 3993 3994 4018 4033 4044 4064 4057
0 0 0 0 0 0 0 0 0 0 0 0 0 0 0 0 0 0 0 0 0 0 0 0 0 0 0 0 0 0 0 0 0 0 2936 2934 0 0 0 0 0 0 0 0 0 0 3436 3447 3452 3456 3494 3502 3522 3532 3536 3561 3575 3575 3583 3586 3616 3618 3642 3652 3659 3684 3695 3709 3716 3735 3742 3770 3780 3780 3807 3827 3850 3854 3864 3885 3897 3898 3924 3926 3933 3946 3951 3967 3987 4000 4010 4009 4035 4041 4058 4077
0 0 0 0 0 0 0 0 0 0 0 0 0 0 0 0 0 0 0 0 0 0 0 0 0 0 0 0 0 0 0 0 0 0 0 2937 2935 0 0 0 0 0 0 0 0 0 0 3444 3451 3471 3496 3503 3526 3534 3539 3560 3580 3582 3584 3599 3605 3612 3639 3655 3665 3682 3691 3713 3714 3730 3741 3778 3781 3792 3828 3832 3845 3855 3865 3889 3893 3902 3925 3927 3939 3942 3964 3977 3979 4001 4016 4021 4044 4052 4078 4084
0 0 0 0 0 0 0 0 0 0 0 0 0 0 0 0 0 0 0 0 0 0 0 0 0 0 0 0 0 0 0 0 0 0 0 0 2947 0 0 0 0 0 0 0 0 0 0 3451 3453 3467 3497 3502 3531 3533 3530 3553 3581 3579 3576 3588 3604 3610 3641 3650 3667 3673 3690 3716 3720 3721 3751 3779 3780 3803 3825 3832 3846 3855 3878 3892 3890 3922 3926 3937 3937 3948 3962 3981 3989 4002 4016 4042 4040 4060 4083 4104
0 0 0 0 0 0 0 0 0 0 0 0 0 0 0 0 0 0 0 0 0 0 0 0 0 0 0 0 0 0 0 0 0 0 0 0 0 2958 2961 0 0 0 0 0 0 0 0 0 3455 3457 3472 3494 3516 3520 3532 3545 3561 3563 3573 3592 3609 3614 3636 3644 3654 3668 3692 3715 3717 3725 3746 3775 3785 3800 3830 3831 3853 3855 3870 3879 3902 3924 3928 3927 3939 3949 3963 3984 4005 4017 4014 4048 4049 4056 4089 4093
0 0 0 0 0 0 0 0 0 0 0 0 0 0 0 0 0 0 0 0 0 0 0 0 0 0 0 0 0 0 0 0 0 0 0 0 0 0 2980 0 0 0 0 0 0 0 0 0 0 3198 3197 3199 3200 3195 3400 3544 3559 3562 3588 3594 3612 3615 3634 3639 3657 3669 3692 3701 3707 3732 3741 3767 3787 3802 3805 3827 3852 3848 3869 3877 3901 3916 3921 3933 3945 3961 3970 3982 4004 4018 4019 4045 4043 4059 4092 4087
0 0 0 0 0 0 0 0 0 0 0 0 0 0 0 0 0 0 0 0 0 0 0 0 0 0 0 0 0 0 0 0 0 0 0 0 0 0 2987 1300 0 0 0 0 0 0 0 0 0 0 3197 3194 3193 3194 3200 3539 3551 3561 3586 3595 3606 3607 3632 3646 3663 3671 3687 3706 3705 3735 3752 3772 3778 3792 3806 3822 3842 3849 3865 3872 3897 3904 3917 3922 3951 3958 3965 3981 4012 4014 4024 4035 4051 4050 4067 4098
0 0 0 0 0 0 0 0 0 0 0 0 0 0 0 0 0 0 0 0 0 0 0 0 0 0 0 0 0 0 0 0 0 0 0 0 0 0 3002 3017 0 0 0 0 0 0 0 0 0 0 3183 0 3183 3190 3200 3537 3557 3559 3583 3600 3602 3621 3634 3647 3654 3679 3691 3706 3716 3745 3751 3771 3782 3799 3798 3815 3839 3847 3857 3867 3878 3901 3911 3915 3935 3963 3971 3982 3989 4012 4016 4038 4043 4053 4073 4096
0 0 0 0 0 0 0 0 0 0 0 0 0 0 0 0 0 0 0 0 0 0 0 0 0 0 0 0 0 0 0 0 0 0 0 0 0 0 0 3019 3082 0 0 0 0 0 0 0 0 0 0 0 0 3199 3198 3199 3200 3200 3585 3597 3614 3624 3631 3647 3668 3680 3680 3710 3719 3740 3759 3772 3782 3788 3805 3805 3831 3841 3854 3864 3872 3880 3900 3910 3922 3936 3956 3977 3989 4001 4002 4017 4048 4057 4072 4093
0 0 0 0 0 0 0 0 0 0 0 0 0 0 0 0 0 0 0 0 0 0 0 0 0 0 0 0 0 0 0 0 0 0 0 0 0 0 0 0 3099 800 0 0 0 0 0 0 0 0 0 0 0 3178 3186 3193 3197 3192 3195 3300 3595 3618 3633 3647 3656 3673 3692 3711 3719 3735 3749 3764 3783 3785 3802 3810 3829 3837 3849 3852 3872 3879 3884 3905 3931 3929 3951 3974 3991 3992 3994 4016 4044 4056 4058 4090
0 0 0 0 0 0 0 0 0 0 0 0 0 0 0 0 0 0 0 0 0 0 0 0 0 0 0 0 0 0 0 0 0 0 0 0 0 0 0 0 0 799 0 0 0 0 0 0 0 0 0 0 0 800 3180 3193 3184 3188 3196 3200 3598 3606 3634 3639 3655 3669 3693 3695 3717 3732 3739 3759 3782 3783 3788 3799 3826 3828 3844 3841 3860 3881 3888 3903 3911 3934 3955 3973 3986 3995 3998 4011 4039 4052 4073 4077
0 0 0 0 0 0 0 0 0 0 0 0 0 0 0 0 0 0 0 0 0 0 0 0 0 0 0 0 0 0 0 0 0 0 0 0 0 0 0 0 0 800 0 0 0 0 0 0 0 0 0 0 0 799 800 800 3177 3189 800 3198 3199 3593 3622 3642 3646 3676 3690 3706 3718 3722 3737 3747 3758 3774 3773 3790 3806 3823 3833 3849 3855 3885 3884 3900 3902 3930 3938 3953 3972 3990 3995 4008 4022 4049 4052 4054
0 0 0 0 0 0 0 0 0 0 0 0 0 0 0 0 0 0 0 0 0 0 0 0 0 0 0 0 0 0 0 0 0 0 0 0 0 0 0 0 0 799 0 0 0 0 0 0 0 0 0 0 0 0 0 799 800 800 800 800 3200 3200 3599 3625 3652 3665 3686 3715 3713 3718 3724 3742 3748 3752 3774 3777 3798 3806 3834 3839 3843 3872 3879 3894 3905 3910 3928 3950 3963 3988 4003 4005 4018 4020 4037 4044
0 0 0 0 0 0 0 0 0 0 0 0 0 0 0 0 0 0 0 0 0 0 0 0 0 0 0 0 0 0 0 0 0 0 0 0 0 0 0 0 0 0 0 0 0 0 0 0 0 0 0 0 0 0 0 800 800 0 0 800 3197 2400 3400 3638 3649 3673 3683 3690 3697 3693 3731 3735 3738 3739 3762 3761 3773 3795 3800 3814 3838 3857 3868 3903 3899 3907 3930 3944 3968 3974 3977 3982 4006 3900 3700 3500
0 0 0 0 0 0 0 0 0 0 0 0 0 0 0 0 0 0 0 0 0 0 0 0 0 0 0 0 0 0 0 0 0 0 0 0 0 0 0 0 0 0 0 0 0 0 0 0 0 0 0 0 0 0 0 0 600 800 800 900 1400 1400 3600 3634 3643 3647 3653 3663 3686 3708 3714 3732 3734 3744 3754 3756 3777 3791 3795 3816 3837 3845 3859 3874 3882 3906 3929 3944 3966 3965 3969 3973 3974 3900 3600 3500
0 0 0 0 0 0 0 0 0 0 0 0 0 0 0 0 0 0 0 0 0 0 0 0 0 0 0 0 0 0 0 0 0 0 0 0 0 0 0 0 0 0 0 0 0 0 0 0 0 0 0 0 0 0 0 0 0 800 800 900 1400 1300 3400 3640 3637 3647 3651 3663 3687 3704 3706 3717 3721 3748 3743 3763 3770 3792 3802 3806 3827 3846 3858 3874 3876 3905 3919 3943 3936 3947 3956 3962 3953 3899 3499 3300
0 0 0 0 0 0 0 0 0 0 0 0 0 0 0 0 0 0 0 0 0 0 0 0 0 0 0 0 0 0 0 0 0 0 0 0 0 0 0 0 0 0 0 0 0 0 0 0 0 0 0 0 0 0 0 0 0 0 800 900 2898 800 0 3614 3624 3637 3638 3669 3678 3686 3705 3712 3717 3725 3738 3755 3769 3782 3787 3815 3835 3843 3845 3864 3878 3890 3940 3934 3933 3935 3940 3937 3937 3899 3500 3300
0 0 0 0 0 0 0 0 0 0 0 0 0 0 0 0 0 0 0 0 0 0 0 0 0 0 0 0 0 0 0 0 0 0 0 0 0 0 0 0 0 0 0 0 0 0 0 0 0 0 0 0 0 0 0 0 0 0 0 799 3021 1100 0 3613 3623 3633 3644 3670 3679 3680 3696 3713 3720 3723 3740 3759 3767 3778 3803 3801 3836 3824 3848 3869 3874 3888 3901 3904 3907 3924 3927 3922 3929 3700 3500 3300
0 0 0 0 0 0 0 0 0 0 0 0 0 0 0 0 0 0 0 0 0 0 0 0 0 0 0 0 0 0 0 0 0 0 0 0 0 0 0 0 0 0 0 0 0 0 0 0 0 0 0 0 0 0 0 0 0 0 0 0 3085 0 0 3618 3612 3616 1400 0 0 3671 3691 3708 3719 3730 3736 3758 3757 3782 3786 3805 3821 3823 3847 3849 3869 3883 3889 3899 3896 3915 3905 3919 3906 3695 3498 3199
0 0 0 0 0 0 0 0 0 0 0 0 0 0 0 0 0 0 0 0 0 0 0 0 0 0 0 0 0 0 0 0 0 0 0 0 0 0 0 0 0 0 0 0 0 0 0 0 0 0 0 0 0 0 0 0 0 0 0 0 3099 0 0 0 3299 3602 0 0 0 0 0 3703 3718 3729 3746 3753 3762 3773 3774 3806 3815 3824 3846 3861 3863 3870 3888 3876 3884 3903 3898 3901 3897 3600 3300 3200
0 0 0 0 0 0 0 0 0 0 0 0 0 0 0 0 0 0 0 0 0 0 0 0 0 0 0 0 0 0 0 0 0 0 0 0 0 0 0 0 0 0 0 0 0 0 0 0 0 0 0 0 0 0 0 0 0 0 0 0 3084 0 0 0 1400 3297 0 0 0 0 0 3698 3716 3732 3745 3747 3754 3772 3787 3794 3812 3830 3849 3861 3864 3865 3872 3871 3873 3882 3881 3873 3877 3600 3300 3200
0 0 0 0 0 0 0 0 0 0 0 0 0 0 0 0 0 0 0 0 0 0 0 0 0 0 0 0 0 0 0 0 0 0 0 0 0 0 0 0 0 0 0 0 0 0 0 0 0 0 0 0 0 0 0 0 0 0 0 0 0 1000 0 0 0 0 0 0 0 0 0 3693 3707 3723 3740 3743 3757 3773 3777 3791 3801 3828 3845 3856 3860 3858 3863 3861 3858 3852 3859 3859 3856 3700 3300 3200
0 0 0 0 0 0 0 0 0 0 0 0 0 0 0 0 0 0 0 0 0 0 0 0 0 0 0 0 0 0 0 0 0 0 0 0 0 0 0 0 0 0 0 0 0 0 0 0 0 0 0 0 0 0 0 0 0 0 0 0 0 0 0 0 0 0 0 0 0 0 0 0 0 0 3731 3745 3746 3763 3777 3794 3806 3805 3819 3825 3841 3844 3845 3836 3839 3838 3846 3844 3837 3700 3499 3198
0 0 0 0 0 0 0 0 0 0 0 0 0 0 0 0 0 0 0 0 0 0 0 0 0 0 0 0 0 0 0 0 0 0 0 0 0 0 0 0 0 0 0 0 0 0 0 0 0 0 0 0 0 0 0 0 0 0 0 0 0 0 0 0 0 0 0 0 0 0 0 0 0 0 0 3725 3752 0 3772 3775 3800 3795 3796 3813 3815 3812 3834 3831 3833 3829 3832 3818 3822 3817 3698 3300
0 0 0 0 0 0 0 0 0 0 0 0 0 0 0 0 0 0 0 0 0 0 0 0 0 0 0 0 0 0 0 0 0 0 0 0 0 0 0 0 0 0 0 0 0 0 0 0 0 0 0 0 0 0 0 0 0 0 0 0 0 0 0 0 0 0 0 0 0 0 0 0 0 0 0 0 0 0 0 3776 3781 3781 3786 3786 3802 3801 3801 3808 3817 3819 3818 3821 3812 3800 3779 3699
0 0 0 0 0 0 0 0 0 0 0 0 0 0 0 0 0 0 0 0 0 0 0 0 0 0 0 0 0 0 0 0 0 0 0 0 0 0 0 0 0 0 0 0 0 0 0 0 0 0 798 800 0 0 0 0 0 0 0 0 0 0 0 0 0 0 0 0 0 0 0 0 0 0 0 0 0 0 0 0 0 0 3772 3785 3791 3783 3789 3803 3801 3806 3798 3793 3790 3776 3772 3699
0 0 0 0 0 0 0 0 0 0 0 0 0 0 0 0 0 0 0 0 0 0 0 0 0 0 0 0 0 0 0 0 0 0 0 0 0 0 0 0 0 0 0 0 0 0 0 0 0 0 0 1000 1000 0 0 0 0 0 0 0 0 0 0 0 0 0 0 0 0 0 0 0 0 0 0 0 0 0 0 0 0 0 0 0 3775 3774 3783 3791 3798 3799 3793 3777 3772 3766 3762 3760
0 0 0 0 0 0 0 0 0 0 0 0 0 0 0 0 0 0 0 0 0 0 0 0 0 0 0 0 0 0 0 0 0 0 0 0 0 0 0 0 0 0 0 0 0 0 0 0 0 0 0 1296 1298 1300 0 0 0 0 0 0 0 0 0 0 0 0 0 0 0 0 0 0 0 0 0 0 0 0 0 0 0 0 0 0 0 3770 3785 3779 3790 3789 3787 3770 3759 3752 3754 3757
