output/arrival_times.asc
NCOLS 255
NROWS 330
XLLCORNER -2985163.8955
YLLCORNER -3022031.214
CELLSIZE 25000
NODATA_value 0
[rows 62 to 123 of 330, columns 0 to 95 of 255]
0 0 0 0 0 0 0 0 0 0 0 0 0 0 0 0 0 0 0 0 0 0 0 0 0 0 0 0 0 0 0 0 0 0 0 0 0 0 0 0 0 0 0 0 2931 2947 2957 2964 2985 2992 3020 3036 3056 3055 3072 3098 3107 3104 3124 3136 3151 3154 3172 3186 3208 3210 3209 3210 3228 3242 3257 3274 3283 3299 3308 3311 3332 3339 3342 3358 3365 3357 3376 3377 3385 3400 3411 3421 3427 3443 3439 3436 3440 3443 3457 3472
0 0 0 0 0 0 0 0 0 0 0 0 0 0 0 0 0 0 0 0 0 0 0 0 0 0 0 0 0 0 0 0 0 0 0 0 0 0 0 0 0 0 0 2933 2945 2959 2978 2983 2981 3010 3038 3039 3064 3064 3092 3092 3113 3131 3133 3141 3161 3173 3170 3198 3211 3226 3227 3239 3244 3253 3262 3280 3297 3319 3318 3325 3333 3348 3353 3372 3380 3391 3386 3400 3414 3425 3430 3432 3446 3447 3453 3452 3461 3463 3461 3475
0 0 0 0 0 0 0 0 0 0 0 0 0 0 0 0 0 0 0 0 0 0 0 0 0 0 0 0 0 0 0 0 0 0 0 0 0 0 0 0 0 0 2928 2955 2951 2959 2979 2999 3008 3013 3022 3060 3061 3085 3098 3122 3128 3124 3139 3142 3161 3188 3187 3186 3217 3246 3245 3249 3262 3266 3283 3293 3305 3312 3327 3336 3349 3352 3364 3377 3402 3400 3408 3409 3447 3445 3441 3452 3453 3453 3472 3476 3465 3478 3477 3492
0 0 0 0 0 0 0 0 0 0 0 0 0 0 0 0 0 0 0 0 0 0 0 0 0 0 0 0 0 0 0 0 0 0 0 0 0 0 0 0 0 2925 2938 2956 2963 2985 2995 2996 3016 3027 3046 3059 3077 3090 3099 3116 3145 3149 3144 3152 3179 3186 3193 3202 3226 3244 3260 3264 3271 3284 3281 3297 3307 3325 3333 3355 3358 3366 3368 3389 3401 3424 3421 3421 3443 3452 3450 3460 3461 3467 3466 3489 3484 3493 3500 3509
0 0 0 0 0 0 0 0 0 0 0 0 0 0 0 0 0 0 0 0 0 0 0 0 0 0 0 0 0 0 0 0 0 0 0 0 0 0 0 2890 2916 2941 2946 2952 2973 2988 2998 3006 3034 3040 3063 3068 3081 3096 3105 3126 3144 3157 3157 3170 3182 3200 3204 3221 3240 3244 3261 3286 3287 3296 3298 3305 3330 3329 3357 3361 3373 3376 3384 3400 3409 3424 3446 3444 3443 3462 3467 3481 3474 3481 3489 3488 3502 3501 3519 3536
0 0 0 0 0 0 0 0 0 0 0 0 0 0 0 0 0 0 0 0 0 0 0 0 0 0 0 0 0 0 0 0 0 0 0 0 0 0 0 2899 2930 2934 2958 2955 2967 2989 2993 3010 3039 3049 3059 3078 3098 3105 3108 3129 3148 3168 3181 3190 3196 3208 3233 3242 3245 3260 3279 3290 3299 3308 3311 3315 3333 3351 3349 3372 3374 3393 3396 3409 3414 3425 3433 3453 3452 3465 3479 3494 3499 3500 3507 3508 3518 3520 3520 3539
0 0 0 0 0 0 0 0 0 0 0 0 0 0 0 0 0 0 0 0 0 0 0 0 0 0 0 0 0 0 0 0 0 0 0 0 0 0 0 0 2923 2945 2958 2971 2977 2991 3004 3027 3035 3063 3073 3087 3103 3117 3129 3135 3140 3173 3185 3200 3212 3223 3230 3243 3247 3262 3278 3290 3305 3312 3325 3324 3350 3352 3379 3389 3390 3408 3417 3417 3421 3440 3453 3462 3461 3479 3496 3506 3504 3520 3520 3537 3538 3533 3553 3549
0 0 0 0 0 0 0 0 0 0 0 0 0 0 0 0 0 0 0 0 0 0 0 0 0 0 0 0 0 0 0 0 0 0 0 0 0 0 0 0 2929 2944 2963 2978 2981 2993 3007 3019 3041 3066 3075 3093 3101 3137 3136 3144 3158 3173 3199 3205 3219 3231 3242 3248 3259 3261 3288 3297 3316 3327 3334 3351 3359 3374 3389 3389 3408 3410 3431 3436 3454 3459 3457 3483 3491 3486 3506 3511 3520 3530 3543 3542 3554 3546 3551 3570
0 0 0 0 0 0 0 0 0 0 0 0 0 0 0 0 0 0 0 0 0 0 0 0 0 0 0 0 0 0 0 0 0 0 0 0 0 0 0 0 2925 2941 2964 2975 2993 3004 3010 3028 3044 3067 3083 3102 3111 3126 3157 3148 3166 3180 3194 3202 3213 3234 3252 3261 3273 3277 3302 3306 3317 3335 3347 3362 3371 3379 3399 3402 3421 3430 3449 3450 3447 3478 3488 3486 3503 3512 3504 3512 3534 3544 3542 3558 3568 3571 3573 3572
0 0 0 0 0 0 0 0 0 0 0 0 0 0 0 0 0 0 0 0 0 0 0 0 0 0 0 0 0 0 0 0 0 0 0 0 0 0 0 2920 2947 2962 2971 2989 3004 3009 3018 3025 3038 3073 3084 3101 3114 3134 3155 3174 3172 3191 3204 3208 3227 3252 3258 3279 3292 3289 3320 3313 3342 3341 3356 3369 3383 3386 3406 3422 3430 3454 3459 3462 3472 3474 3486 3502 3509 3523 3530 3536 3534 3561 3567 3563 3590 3588 3593 3588
0 0 0 0 0 0 0 0 0 0 0 0 0 0 0 0 0 0 0 0 0 0 0 0 0 0 0 0 0 0 0 0 0 0 0 0 0 0 2931 2936 2948 2961 2968 2981 2998 3013 3020 3034 3066 3077 3092 3100 3120 3150 3152 3168 3189 3199 3204 3228 3230 3255 3277 3284 3293 3303 3321 3324 3344 3360 3375 3389 3400 3401 3416 3426 3451 3458 3473 3467 3481 3490 3494 3507 3517 3521 3543 3551 3543 3565 3583 3591 3587 3605 3604 3624
0 0 0 0 0 0 0 0 0 0 0 0 0 0 0 0 0 0 0 0 0 0 0 0 0 0 0 0 0 0 0 0 0 0 0 0 0 0 2938 2950 2965 2965 2984 2992 3013 3029 3034 3048 3058 3083 3093 3101 3125 3152 3158 3174 3194 3212 3230 3237 3240 3253 3276 3284 3305 3308 3321 3330 3346 3368 3377 3397 3402 3413 3423 3441 3444 3479 3483 3484 3498 3506 3503 3520 3527 3548 3552 3564 3571 3583 3604 3602 3599 3615 3628 3627
0 0 0 0 0 0 0 0 0 0 0 0 0 0 0 0 0 0 0 0 0 0 0 0 0 0 0 0 0 0 0 0 0 0 0 0 0 0 0 2948 2981 2979 2999 2999 3010 3030 3045 3060 3078 3085 3103 3106 3124 3148 3161 3182 3193 3211 3235 3251 3273 3269 3272 3296 3310 3331 3332 3359 3363 3374 3383 3400 3417 3428 3438 3442 3466 3484 3486 3489 3507 3528 3523 3539 3559 3560 3572 3571 3574 3589 3607 3626 3622 3623 3637 3656
0 0 0 0 0 0 0 0 0 0 0 0 0 0 0 0 0 0 0 0 0 0 0 0 0 0 0 0 0 0 0 0 0 0 0 0 0 0 0 2949 2982 2990 3003 3018 3026 3028 3051 3064 3076 3087 3108 3112 3127 3156 3178 3191 3195 3226 3248 3257 3271 3278 3291 3297 3318 3324 3341 3358 3378 3381 3392 3402 3418 3455 3457 3454 3468 3479 3486 3498 3517 3541 3546 3545 3562 3576 3578 3587 3597 3612 3621 3628 3641 3652 3651 3665
0 0 0 0 0 0 0 0 0 0 0 0 0 0 0 0 0 0 0 0 0 0 0 0 0 0 0 0 0 0 0 0 0 0 0 0 0 0 0 2950 2984 2987 3004 3026 3033 3046 3059 3066 3082 3094 3111 3136 3137 3157 3177 3193 3208 3219 3246 3260 3272 3292 3293 3307 3326 3339 3355 3374 3377 3388 3403 3410 3425 3453 3458 3469 3476 3495 3512 3513 3529 3543 3552 3558 3575 3578 3591 3615 3616 3617 3623 3631 3654 3653 3668 3667
0 0 0 0 0 0 0 0 0 0 0 0 0 0 0 0 0 0 0 0 0 0 0 0 0 0 0 0 0 0 0 0 0 0 0 0 0 0 0 2966 2980 2995 3011 3027 3059 3069 3077 3092 3096 3101 3108 3126 3146 3161 3182 3191 3210 3230 3243 3267 3269 3296 3313 3314 3339 3344 3353 3371 3381 3407 3415 3421 3438 3458 3473 3479 3495 3504 3519 3526 3529 3551 3555 3564 3584 3607 3609 3622 3630 3627 3639 3658 3667 3686 3690 3692
0 0 0 0 0 0 0 0 0 0 0 0 0 0 0 0 0 0 0 0 0 0 0 0 0 0 0 0 0 0 0 0 0 0 0 0 0 0 2958 2985 2986 3005 3014 3032 3068 3078 3079 3090 3111 3124 3137 3142 3170 3170 3182 3196 3215 3228 3251 3271 3290 3301 3313 3326 3336 3353 3363 3376 3385 3393 3422 3435 3446 3461 3488 3487 3504 3527 3537 3546 3550 3547 3568 3576 3585 3601 3631 3630 3633 3649 3662 3668 3668 3694 3710 3708
0 0 0 0 0 0 0 0 0 0 0 0 0 0 0 0 0 0 0 0 0 0 0 0 0 0 0 0 0 0 0 0 0 0 0 0 0 0 2962 2983 3010 3012 3030 3042 3064 3076 3089 3103 3126 3133 3157 3156 3162 3178 3187 3212 3222 3236 3259 3274 3289 3306 3314 3333 3348 3350 3365 3375 3395 3415 3421 3445 3459 3468 3489 3497 3513 3524 3547 3564 3562 3572 3580 3593 3604 3611 3628 3645 3656 3669 3678 3696 3697 3705 3712 3720
0 0 0 0 0 0 0 0 0 0 0 0 0 0 0 0 0 0 0 0 0 0 0 0 0 0 0 0 0 0 0 0 0 0 0 0 0 2964 2975 2987 3005 3018 3047 3044 3061 3078 3089 3106 3124 3141 3156 3172 3188 3192 3197 3228 3227 3250 3254 3281 3296 3322 3335 3337 3352 3353 3375 3393 3408 3413 3429 3435 3461 3482 3495 3506 3527 3546 3553 3571 3579 3591 3604 3602 3632 3630 3646 3660 3665 3682 3686 3693 3706 3726 3733 3739
0 0 0 0 0 0 0 0 0 0 0 0 0 0 0 0 0 0 0 0 0 0 0 0 0 0 0 0 0 0 0 0 0 0 0 0 0 2974 2984 2993 3011 3037 3040 3063 3069 3083 3098 3114 3127 3130 3158 3173 3191 3209 3213 3232 3245 3252 3268 3289 3311 3324 3334 3354 3366 3371 3387 3405 3412 3417 3444 3447 3477 3478 3501 3510 3519 3553 3562 3578 3591 3613 3618 3628 3620 3640 3663 3668 3676 3681 3696 3699 3702 3731 3739 3756
0 0 0 0 0 0 0 0 0 0 0 0 0 0 0 0 0 0 0 0 0 0 0 0 0 0 0 0 0 0 0 0 0 0 0 0 0 2975 2989 2997 3006 3043 3052 3070 3084 3097 3110 3126 3140 3143 3167 3179 3192 3212 3226 3224 3253 3265 3287 3295 3311 3318 3337 3351 3373 3392 3399 3406 3421 3435 3441 3458 3468 3498 3505 3518 3537 3551 3567 3603 3603 3614 3623 3632 3647 3667 3684 3697 3690 3696 3714 3723 3729 3738 3746 3773
0 0 0 0 0 0 0 0 0 0 0 0 0 0 0 0 0 0 0 0 0 0 0 0 0 0 0 0 0 0 0 0 0 0 0 0 0 2986 3005 3017 3029 3053 3053 3076 3093 3110 3116 3133 3142 3153 3168 3185 3193 3212 3239 3247 3257 3281 3296 3303 3322 3328 3337 3354 3369 3393 3419 3416 3438 3442 3457 3470 3480 3501 3509 3531 3540 3562 3563 3604 3615 3619 3638 3642 3659 3673 3683 3698 3707 3707 3716 3735 3755 3762 3771 3793
0 0 0 0 0 0 0 0 0 0 0 0 0 0 0 0 0 0 0 0 0 0 0 0 0 0 0 0 0 0 0 0 0 0 0 0 0 2992 3006 3024 3038 3046 3073 3078 3090 3104 3123 3130 3147 3158 3174 3182 3213 3217 3229 3247 3266 3287 3287 3313 3318 3336 3338 3355 3362 3400 3408 3426 3436 3452 3479 3481 3491 3504 3522 3541 3544 3564 3587 3604 3612 3636 3640 3652 3675 3678 3691 3712 3720 3735 3740 3756 3764 3771 3777 3809
0 0 0 0 0 0 0 0 0 0 0 0 0 0 0 0 0 0 0 0 0 0 0 0 0 0 0 0 0 0 0 0 0 0 0 0 0 2992 3017 3029 3039 3064 3076 3085 3109 3117 3127 3160 3158 3170 3182 3198 3215 3223 3240 3251 3272 3284 3297 3314 3334 3334 3348 3359 3375 3396 3433 3431 3462 3474 3483 3498 3505 3521 3539 3551 3569 3582 3585 3605 3619 3639 3649 3662 3685 3694 3704 3722 3735 3734 3754 3767 3782 3790 3798 3822
0 0 0 0 0 0 0 0 0 0 0 0 0 0 0 0 0 0 0 0 0 0 0 0 0 0 0 0 0 0 0 0 0 0 0 0 0 3006 3015 3030 3052 3062 3072 3092 3105 3118 3141 3158 3173 3191 3190 3197 3214 3232 3255 3272 3270 3283 3305 3313 3333 3345 3358 3371 3379 3392 3426 3447 3461 3483 3500 3505 3510 3533 3551 3550 3581 3579 3612 3642 3637 3650 3661 3675 3696 3704 3702 3723 3741 3756 3772 3769 3790 3795 3801 3832
0 0 0 0 0 0 0 0 0 0 0 0 0 0 0 0 0 0 0 0 0 0 0 0 0 0 0 0 0 0 0 0 0 0 0 0 0 3018 3022 3036 3046 3066 3076 3088 3099 3111 3133 3161 3171 3192 3201 3215 3219 3231 3283 3281 3288 3288 3304 3328 3336 3350 3372 3378 3395 3411 3425 3444 3469 3477 3501 3521 3531 3552 3545 3568 3590 3595 3611 3640 3653 3658 3677 3687 3694 3699 3727 3732 3746 3759 3770 3781 3795 3804 3809 3838
0 0 0 0 0 0 0 0 0 0 0 0 0 0 0 0 0 0 0 0 0 0 0 0 0 0 0 0 0 0 0 0 0 0 0 0 0 3008 3029 3051 3052 3067 3080 3095 3105 3124 3139 3151 3167 3190 3204 3207 3231 3244 3284 3301 3293 3315 3337 3339 3356 3358 3382 3392 3408 3416 3438 3470 3477 3489 3502 3525 3546 3547 3560 3579 3596 3610 3629 3645 3662 3683 3685 3695 3708 3719 3729 3739 3750 3778 3787 3792 3802 3816 3829 3836
0 0 0 0 0 0 0 0 0 0 0 0 0 0 0 0 0 0 0 0 0 0 0 0 0 0 0 0 0 0 0 0 0 0 0 0 0 0 3027 3050 3058 3070 3088 3091 3117 3128 3144 3149 3176 3190 3202 3214 3238 3240 3280 3297 3307 3303 3341 3352 3367 3373 3369 3404 3424 3424 3439 3474 3481 3494 3519 3520 3545 3553 3569 3588 3596 3615 3632 3646 3664 3675 3701 3704 3719 3749 3746 3753 3755 3769 3790 3811 3823 3818 3838 3848
0 0 0 0 0 0 0 0 0 0 0 0 0 0 0 0 0 0 0 0 0 0 0 0 0 0 0 0 0 0 0 0 0 0 0 0 0 0 3015 0 3060 3075 3083 3103 3115 3149 3141 3152 3165 3197 3207 3236 3244 3251 3263 3296 3306 3326 3344 3352 3367 3379 3399 3413 3421 3432 3452 3469 3490 3493 3516 3533 3544 3556 3581 3585 3601 3618 3639 3656 3665 3690 3702 3709 3726 3739 3760 3763 3762 3777 3788 3824 3826 3846 3864 3880
0 0 0 0 0 0 0 0 0 0 0 0 0 0 0 0 0 0 0 0 0 0 0 0 0 0 0 0 0 0 0 0 0 0 0 0 0 0 0 0 0 0 3093 3098 3123 3147 3159 3171 3175 3197 3204 3235 3243 3267 3273 3284 3311 3327 3335 3358 3380 3386 3404 3427 3435 3446 3457 3484 3497 3508 3516 3538 3555 3557 3575 3610 3618 3628 3645 3656 3674 3684 3691 3706 3735 3750 3749 3775 3784 3794 3807 3821 3836 3854 3864 3879
0 0 0 0 0 0 0 0 0 0 0 0 0 0 0 0 0 0 0 0 0 0 0 0 0 0 0 0 0 0 0 0 0 0 0 0 0 0 0 0 0 0 0 3111 3122 3145 3156 3169 3182 3209 3233 3232 3254 3264 3272 3288 3311 3326 3343 3365 3385 3396 3414 3419 3437 3456 3482 3479 3499 3505 3525 3543 3575 3571 3592 3603 3629 3627 3652 3664 3681 3717 3719 3722 3734 3754 3758 3781 3801 3802 3811 3837 3846 3856 3880 3880
0 0 0 0 0 0 0 0 0 0 0 0 0 0 0 0 0 0 0 0 0 0 0 0 0 0 0 0 0 0 0 0 0 0 0 0 0 0 0 0 0 0 0 3113 3133 3129 3154 3170 3183 3206 3229 3252 3255 3267 3292 3306 3316 3336 3363 3378 3398 3402 3421 3428 3437 3456 3473 3497 3497 3519 3539 3545 3574 3581 3588 3607 3630 3642 3653 3687 3690 3712 3723 3731 3742 3760 3783 3792 3802 3820 3835 3845 3868 3891 3881 3896
0 0 0 0 0 0 0 0 0 0 0 0 0 0 0 0 0 0 0 0 0 0 0 0 0 0 0 0 0 0 0 0 0 0 0 0 0 0 0 0 0 0 0 0 3126 3143 3146 3166 3189 3203 3222 3247 3263 3275 3287 3300 3314 3342 3367 3374 3401 3411 3423 3432 3444 3453 3481 3499 3509 3519 3532 3552 3568 3590 3607 3622 3633 3646 3663 3688 3707 3714 3719 3743 3763 3776 3789 3802 3811 3817 3843 3858 3874 3893 3909 3899
0 0 0 0 0 0 0 0 0 0 0 0 0 0 0 0 0 0 0 0 0 0 0 0 0 0 0 0 0 0 0 0 0 0 0 0 0 0 0 0 0 0 0 0 0 3152 3158 3169 3185 3194 3215 3252 3263 3287 3307 3313 3337 3350 3368 3385 3400 3412 3422 3436 3445 3476 3483 3493 3516 3523 3544 3564 3578 3603 3611 3626 3635 3648 3668 3688 3697 3713 3754 3751 3766 3783 3790 3813 3820 3849 3853 3853 3872 3890 3911 3918
0 0 0 0 0 0 0 0 0 0 0 0 0 0 0 0 0 0 0 0 0 0 0 0 0 0 0 0 0 0 0 0 0 0 0 0 0 0 0 0 0 0 0 0 3132 3143 3164 3187 3195 3204 3233 3249 3262 3286 3305 3320 3333 3351 3369 3381 3397 3411 3423 3436 3455 3477 3494 3496 3503 3532 3543 3561 3582 3605 3610 3624 3643 3653 3672 3689 3705 3729 3738 3762 3764 3786 3807 3818 3831 3850 3860 3877 3890 3903 3913 3929
0 0 0 0 0 0 0 0 0 0 0 0 0 0 0 0 0 0 0 0 0 0 0 0 0 0 0 0 0 0 0 0 0 0 0 0 0 0 0 0 0 0 0 3125 3136 3155 3177 3179 3209 3215 3228 3254 3277 3281 3305 3316 3341 3351 3369 3373 3388 3398 3420 3429 3454 3468 3498 3502 3512 3528 3549 3565 3578 3595 3608 3625 3642 3658 3681 3688 3703 3734 3753 3759 3773 3780 3808 3814 3833 3851 3861 3873 3898 3916 3928 3935
0 0 0 0 0 0 0 0 0 0 0 0 0 0 0 0 0 0 0 0 0 0 0 0 0 0 0 0 0 0 0 0 0 0 0 0 0 0 0 0 0 0 0 0 3138 3148 3176 3193 3206 3217 3235 3251 3268 3286 3308 3314 3336 3342 3361 3372 3389 3413 3433 3450 3461 3467 3490 3509 3521 3525 3548 3558 3562 3589 3595 3614 3646 3658 3676 3688 3708 3732 3739 3757 3761 3785 3812 3827 3835 3839 3862 3874 3896 3919 3928 3944
0 0 0 0 0 0 0 0 0 0 0 0 0 0 0 0 0 0 0 0 0 0 0 0 0 0 0 0 0 0 0 0 0 0 0 0 0 0 0 0 0 0 0 0 3151 3158 3170 3185 3197 3214 3239 3249 3274 3281 3310 3321 3333 3343 3363 3375 3398 3410 3434 3453 3476 3475 3483 3508 3526 3540 3546 3560 3576 3594 3609 3627 3640 3673 3677 3705 3713 3725 3743 3754 3768 3800 3805 3827 3832 3845 3860 3881 3901 3915 3927 3947
0 0 0 0 0 0 0 0 0 0 0 0 0 0 0 0 0 0 0 0 0 0 0 0 0 0 0 0 0 0 0 0 0 0 0 0 0 0 0 0 0 0 0 0 0 3167 3175 3194 3205 3214 3247 3253 3269 3295 3309 3324 3339 3347 3363 3384 3405 3422 3433 3456 3472 3487 3489 3502 3525 3537 3563 3566 3592 3602 3623 3620 3656 3671 3686 3703 3718 3729 3752 3771 3785 3798 3821 3828 3849 3856 3856 3878 3909 3925 3943 3954
0 0 0 0 0 0 0 0 0 0 0 0 0 0 0 0 0 0 0 0 0 0 0 0 0 0 0 0 0 0 0 0 0 0 0 0 0 0 0 0 0 0 0 0 0 0 3178 3197 3211 3231 3238 3254 3270 3289 3307 3316 3342 3348 3366 3381 3404 3420 3435 3454 3474 3490 3501 3522 3525 3542 3565 3584 3595 3615 3621 3641 3658 3681 3691 3696 3723 3748 3751 3776 3788 3801 3827 3831 3854 3878 3882 3889 3908 3926 3937 3964
0 0 0 0 0 0 0 0 0 0 0 0 0 0 0 0 0 0 0 0 0 0 0 0 0 0 0 0 0 0 0 0 0 0 0 0 0 0 0 0 0 0 0 0 0 0 0 3199 3215 3229 3244 3258 3265 3283 3301 3322 3341 3357 3370 3383 3402 3411 3443 3457 3479 3487 3512 3519 3534 3551 3555 3580 3595 3610 3625 3640 3687 3686 3707 3708 3722 3751 3764 3773 3792 3803 3828 3846 3858 3870 3897 3914 3913 3931 3957 3981
0 0 0 0 0 0 0 0 0 0 0 0 0 0 0 0 0 0 0 0 0 0 0 0 0 0 0 0 0 0 0 0 0 0 0 0 0 0 0 0 0 0 0 0 0 0 0 3191 3202 3230 3227 3255 3269 3293 3298 3324 3342 3356 3376 3385 3405 3426 3444 3465 3483 3489 3511 3525 3536 3551 3567 3589 3598 3615 3634 3665 3663 3690 3699 3724 3745 3753 3761 3779 3795 3818 3831 3857 3866 3879 3901 3911 3926 3939 3967 3980
0 0 0 0 0 0 0 0 0 0 0 0 0 0 0 0 0 0 0 0 0 0 0 0 0 0 0 0 0 0 0 0 0 0 0 0 0 0 0 0 0 0 0 0 0 0 0 0 900 1200 1300 1299 1300 3199 3304 3323 3338 3357 3375 3389 3414 3421 3448 3465 3481 3492 3511 3528 3538 3548 3565 3582 3606 3614 3636 3650 3685 3692 3710 3720 3739 3748 3767 3779 3802 3822 3834 3855 3861 3890 3895 3912 3930 3940 3948 3968
0 0 0 0 0 0 0 0 0 0 0 0 0 0 0 0 0 0 0 0 0 0 0 0 0 0 0 0 0 0 0 0 0 0 0 0 0 0 0 0 0 0 0 0 0 0 0 0 0 899 900 899 1200 3200 3297 3318 3331 3359 3376 3390 3411 3426 3457 3466 3478 3497 3511 3525 3541 3566 3578 3584 3609 3623 3634 3657 3664 3692 3700 3719 3735 3753 3774 3791 3802 3816 3833 3850 3867 3889 3904 3914 3928 3951 3972 3979
0 0 0 0 0 0 0 0 0 0 0 0 0 0 0 0 0 0 0 0 0 0 0 0 0 0 0 0 0 0 0 0 0 0 0 0 0 0 0 0 0 0 0 0 0 0 0 0 0 0 0 700 800 3197 3295 3321 3326 3200 3000 1100 3412 3424 3439 3446 3200 3504 3511 3527 3558 3577 3576 3598 3612 3624 3644 3664 3671 3698 3705 3725 3739 3749 3777 3792 3799 3826 3831 3844 3868 3873 3903 3917 3929 3953 3971 3983
0 0 0 0 0 0 0 0 0 0 0 0 0 0 0 0 0 0 0 0 0 0 0 0 0 0 0 0 0 0 0 0 0 0 0 0 0 0 0 0 0 0 0 0 0 0 0 0 0 0 0 0 700 3190 3200 3199 800 799 900 900 1000 1200 1300 1299 3000 3000 3514 3527 3549 3580 3582 3591 3606 3620 3644 3665 3672 3695 3709 3730 3747 3757 3776 3773 3801 3810 3830 3847 3855 3882 3907 3912 3926 3949 3968 3982
0 0 0 0 0 0 0 0 0 0 0 0 0 0 0 0 0 0 0 0 0 0 0 0 0 0 0 0 0 0 0 0 0 0 0 0 0 0 0 0 0 0 0 0 0 0 0 0 0 0 0 0 600 2999 3000 800 700 799 800 899 1197 1200 1298 1300 2300 3505 3507 3520 3555 3578 3575 3588 3608 3619 3641 3660 3682 3700 3705 3729 3742 3751 3771 3779 3791 3813 3822 3830 3861 3873 3898 3910 3921 3942 3959 3974
0 0 0 0 0 0 0 0 0 0 0 0 0 0 0 0 0 0 0 0 0 0 0 0 0 0 0 0 0 0 0 0 0 0 0 0 0 0 0 0 0 0 0 0 0 0 0 0 0 0 0 0 0 698 700 700 700 700 793 799 1193 1197 1291 1300 1600 2300 3100 3516 3544 3550 3578 3582 3601 3625 3639 3668 3681 3682 3703 3711 3728 3758 3767 3772 3785 3801 3818 3832 3857 3865 3892 3904 3919 3946 3961 3982
0 0 0 0 0 0 0 0 0 0 0 0 0 0 0 0 0 0 0 0 0 0 0 0 0 0 0 0 0 0 0 0 0 0 0 0 0 0 0 0 0 0 0 0 0 0 0 0 0 0 0 0 0 599 695 692 691 698 700 800 799 1200 1296 1296 1500 1600 3099 3514 3534 3554 3569 3579 3601 3629 3635 3649 3666 3677 3694 3704 3726 3749 3755 3766 3773 3801 3819 3830 3853 3854 3888 3909 3928 3934 3959 3974
0 0 0 0 0 0 0 0 0 0 0 0 0 0 0 0 0 0 0 0 0 0 0 0 0 0 0 0 0 0 0 0 0 0 0 0 0 0 0 0 0 0 0 0 0 0 0 0 0 0 0 0 0 0 600 683 685 690 699 799 1198 1288 1299 1399 1300 3099 3500 3517 3526 3554 3559 3580 3587 3620 3639 3648 3651 3679 3687 3701 3715 3730 3750 3764 3775 3804 3810 3829 3841 3869 3877 3907 3906 3931 3952 3969
0 0 0 0 0 0 0 0 0 0 0 0 0 0 0 0 0 0 0 0 0 0 0 0 0 0 0 0 0 0 0 0 0 0 0 0 0 0 0 0 0 0 0 0 0 0 0 0 0 0 0 0 0 0 0 600 681 685 698 800 1199 1300 1297 1400 1400 3475 3494 3511 3521 3540 3560 3589 3599 3613 3614 3638 3653 3681 3685 3700 3720 3734 3740 3761 3768 3774 3790 3823 3840 3860 3869 3888 3899 3915 3940 3957
0 0 0 0 0 0 0 0 0 0 0 0 0 0 0 0 0 0 0 0 0 0 0 0 0 0 0 0 0 0 0 0 0 0 0 0 0 0 0 0 0 0 0 0 0 0 0 0 0 0 0 0 0 0 0 599 675 0 0 700 900 1297 1396 1400 3462 3481 3488 3515 3528 3543 3555 3591 3599 3596 3614 3625 3649 3674 3686 3696 3713 3733 3745 3757 3770 3782 3799 3818 3847 3857 3867 3882 3895 3909 3300 3200
0 0 0 0 0 0 0 0 0 0 0 0 0 0 0 0 0 0 0 0 0 0 0 0 0 0 0 0 0 0 0 0 0 0 0 0 0 0 0 0 0 0 0 0 0 0 0 0 0 0 0 0 0 0 0 0 0 598 600 696 899 1200 1399 1599 3465 3474 3497 3514 3527 3530 3555 3567 3580 3595 3610 3636 3643 3674 3685 3686 3699 3719 3738 3748 3764 3789 3801 3812 3829 3844 3861 3883 3901 3900 3300 3100
0 0 0 0 0 0 0 0 0 0 0 0 0 0 0 0 0 0 0 0 0 0 0 0 0 0 0 0 0 0 0 0 0 0 0 0 0 0 0 0 0 0 0 0 0 0 0 0 0 0 0 0 0 0 0 0 0 595 694 700 900 1100 1400 3448 3466 3481 3487 3509 3518 3523 3541 3565 3576 3589 3616 3624 3636 3655 3667 3691 3693 3708 3732 3743 3766 3774 3794 3806 3823 3839 3862 3861 3868 3299 3300 3100
0 0 0 0 0 0 0 0 0 0 0 0 0 0 0 0 0 0 0 0 0 0 0 0 0 0 0 0 0 0 0 0 0 0 0 0 0 0 0 0 0 0 0 0 0 0 0 0 0 0 0 0 0 0 0 0 0 0 0 700 1000 1194 0 3447 3454 3475 3494 3501 3508 3520 3538 3549 3573 3591 3589 3619 3632 3655 3668 3677 3697 3707 3723 3742 3765 3778 3777 3795 3819 3837 3836 3851 3850 3300 3200 2700
0 0 0 0 0 0 0 0 0 0 0 0 0 0 0 0 0 0 0 0 0 0 0 0 0 0 0 0 0 0 0 0 0 0 0 0 0 0 0 0 0 0 0 0 0 0 0 0 0 0 0 0 0 0 0 0 0 0 0 600 1000 1183 0 3442 3449 3465 3487 3488 3503 3520 3541 3557 3571 3581 3595 3610 3619 3639 3660 3674 3689 3697 3719 3742 3750 3765 3773 3787 3815 3819 3823 3822 3600 3300 3200 2500
0 0 0 0 0 0 0 0 0 0 0 0 0 0 0 0 0 0 0 0 0 0 0 0 0 0 0 0 0 0 0 0 0 0 0 0 0 0 0 0 0 0 0 0 0 0 0 0 0 0 0 0 0 0 0 0 0 0 0 0 1164 0 0 3398 3442 3460 3400 0 0 3511 3532 3556 3560 3579 3589 3609 3622 3633 3648 3666 3671 3698 3705 3724 3742 3752 3772 3791 3793 3810 3809 3808 3700 3300 3199 2200
0 0 0 0 0 0 0 0 0 0 0 0 0 0 0 0 0 0 0 0 0 0 0 0 0 0 0 0 0 0 0 0 0 0 0 0 0 0 0 0 0 0 0 0 0 0 0 0 0 0 0 0 0 0 0 0 0 0 0 0 1159 0 0 0 2900 2400 0 0 0 0 0 3536 3553 3578 3585 3608 3610 3617 3646 3654 3670 3688 3698 3720 3735 3754 3754 3760 3773 3798 3797 3794 3700 3300 3198 2100
0 0 0 0 0 0 0 0 0 0 0 0 0 0 0 0 0 0 0 0 0 0 0 0 0 0 0 0 0 0 0 0 0 0 0 0 0 0 0 0 0 0 0 0 0 0 0 0 0 0 0 0 0 0 0 0 0 0 0 0 1152 0 0 0 1399 1395 0 0 0 0 0 3533 3550 3558 3580 3596 3596 3611 3627 3646 3666 3683 3700 3693 3716 3736 3740 3746 3770 3771 3775 3770 3700 3298 3200 2100
0 0 0 0 0 0 0 0 0 0 0 0 0 0 0 0 0 0 0 0 0 0 0 0 0 0 0 0 0 0 0 0 0 0 0 0 0 0 0 0 0 0 0 0 0 0 0 0 0 0 0 0 0 0 0 0 0 0 0 0 0 1142 0 0 0 0 0 0 0 0 0 3538 3542 3548 3565 3581 3590 3605 3633 3641 3667 3682 3683 3697 3702 3717 3738 3748 3749 3750 3751 3751 3698 3300 2700 2000
0 0 0 0 0 0 0 0 0 0 0 0 0 0 0 0 0 0 0 0 0 0 0 0 0 0 0 0 0 0 0 0 0 0 0 0 0 0 0 0 0 0 0 0 0 0 0 0 0 0 0 0 0 0 0 0 0 0 0 0 0 0 0 0 0 0 0 0 0 0 0 0 0 0 3561 3578 3585 3596 3623 3641 3655 3673 3672 3680 3695 3711 3715 3724 3727 3734 3731 3729 3724 3500 2700 1900
0 0 0 0 0 0 0 0 0 0 0 0 0 0 0 0 0 0 0 0 0 0 0 0 0 0 0 0 0 0 0 0 0 0 0 0 0 0 0 0 0 0 0 0 0 0 0 0 0 0 0 0 0 0 0 0 0 0 0 0 0 0 0 0 0 0 0 0 0 0 0 0 0 0 0 3565 3582 0 3617 3627 3650 3652 3667 3666 3681 3699 3693 3705 3710 3717 3722 3724 3715 3695 3300 2000
