res/forest_model.asc
NCOLS 124
NROWS 164
XLLCORNER -2864897.89083566
YLLCORNER -3014754.86789172
CELLSIZE 50000
NODATA_value -9999
[rows 48 to 63 of 164, columns 37 to 73 of 124]
4.250000000000000000e+03 4.310000000000000000e+03 4.340000000000000000e+03 4.400000000000000000e+03 4.430000000000000000e+03 4.490000000000000000e+03 4.520000000000000000e+03 4.550000000000000000e+03 4.610000000000000000e+03 4.640000000000000000e+03 4.670000000000000000e+03 4.700000000000000000e+03 4.730000000000000000e+03 4.730000000000000000e+03 4.730000000000000000e+03 4.730000000000000000e+03 4.730000000000000000e+03 4.730000000000000000e+03 4.700000000000000000e+03 4.670000000000000000e+03 4.640000000000000000e+03 4.580000000000000000e+03 4.550000000000000000e+03 4.490000000000000000e+03 4.430000000000000000e+03 4.400000000000000000e+03 4.340000000000000000e+03 4.310000000000000000e+03 4.250000000000000000e+03 4.220000000000000000e+03 4.160000000000000000e+03 4.100000000000000000e+03 4.070000000000000000e+03 4.010000000000000000e+03 3.950000000000000000e+03 3.920000000000000000e+03 3.860000000000000000e+03
4.250000000000000000e+03 4.310000000000000000e+03 4.340000000000000000e+03 4.400000000000000000e+03 4.460000000000000000e+03 4.490000000000000000e+03 4.550000000000000000e+03 4.580000000000000000e+03 4.640000000000000000e+03 4.670000000000000000e+03 4.700000000000000000e+03 4.730000000000000000e+03 4.760000000000000000e+03 4.790000000000000000e+03 4.790000000000000000e+03 4.790000000000000000e+03 4.790000000000000000e+03 4.790000000000000000e+03 4.760000000000000000e+03 4.700000000000000000e+03 4.640000000000000000e+03 4.610000000000000000e+03 4.550000000000000000e+03 4.520000000000000000e+03 4.460000000000000000e+03 4.400000000000000000e+03 4.370000000000000000e+03 4.310000000000000000e+03 4.250000000000000000e+03 4.220000000000000000e+03 4.160000000000000000e+03 4.100000000000000000e+03 4.070000000000000000e+03 4.010000000000000000e+03 3.950000000000000000e+03 3.920000000000000000e+03 3.860000000000000000e+03
4.250000000000000000e+03 4.310000000000000000e+03 4.370000000000000000e+03 4.400000000000000000e+03 4.460000000000000000e+03 4.520000000000000000e+03 4.550000000000000000e+03 4.610000000000000000e+03 4.640000000000000000e+03 4.700000000000000000e+03 4.730000000000000000e+03 4.790000000000000000e+03 4.820000000000000000e+03 4.850000000000000000e+03 4.850000000000000000e+03 4.850000000000000000e+03 4.850000000000000000e+03 4.820000000000000000e+03 4.760000000000000000e+03 4.700000000000000000e+03 4.670000000000000000e+03 4.610000000000000000e+03 4.580000000000000000e+03 4.520000000000000000e+03 4.460000000000000000e+03 4.430000000000000000e+03 4.370000000000000000e+03 4.310000000000000000e+03 4.280000000000000000e+03 4.220000000000000000e+03 4.160000000000000000e+03 4.130000000000000000e+03 4.070000000000000000e+03 4.010000000000000000e+03 3.980000000000000000e+03 3.920000000000000000e+03 3.860000000000000000e+03
4.280000000000000000e+03 4.310000000000000000e+03 4.370000000000000000e+03 4.400000000000000000e+03 4.460000000000000000e+03 4.520000000000000000e+03 4.550000000000000000e+03 4.610000000000000000e+03 4.670000000000000000e+03 4.700000000000000000e+03 4.760000000000000000e+03 4.790000000000000000e+03 4.850000000000000000e+03 4.910000000000000000e+03 4.910000000000000000e+03 4.910000000000000000e+03 4.910000000000000000e+03 4.820000000000000000e+03 4.760000000000000000e+03 4.730000000000000000e+03 4.670000000000000000e+03 4.610000000000000000e+03 4.580000000000000000e+03 4.520000000000000000e+03 4.460000000000000000e+03 4.430000000000000000e+03 4.370000000000000000e+03 4.310000000000000000e+03 4.280000000000000000e+03 4.220000000000000000e+03 4.160000000000000000e+03 4.130000000000000000e+03 4.070000000000000000e+03 4.010000000000000000e+03 3.980000000000000000e+03 3.920000000000000000e+03 3.860000000000000000e+03
4.280000000000000000e+03 4.340000000000000000e+03 4.370000000000000000e+03 4.430000000000000000e+03 4.460000000000000000e+03 4.520000000000000000e+03 4.550000000000000000e+03 4.610000000000000000e+03 3.980000000000000000e+03 4.730000000000000000e+03 4.760000000000000000e+03 4.820000000000000000e+03 4.880000000000000000e+03 4.940000000000000000e+03 4.970000000000000000e+03 4.970000000000000000e+03 3.980000000000000000e+03 4.820000000000000000e+03 4.760000000000000000e+03 4.730000000000000000e+03 4.670000000000000000e+03 4.610000000000000000e+03 4.580000000000000000e+03 4.520000000000000000e+03 4.460000000000000000e+03 4.430000000000000000e+03 4.370000000000000000e+03 4.310000000000000000e+03 4.280000000000000000e+03 4.220000000000000000e+03 4.160000000000000000e+03 4.130000000000000000e+03 4.070000000000000000e+03 4.010000000000000000e+03 3.980000000000000000e+03 3.920000000000000000e+03 3.860000000000000000e+03
4.280000000000000000e+03 4.340000000000000000e+03 4.370000000000000000e+03 4.430000000000000000e+03 4.460000000000000000e+03 4.520000000000000000e+03 4.550000000000000000e+03 4.610000000000000000e+03 3.980000000000000000e+03 4.730000000000000000e+03 4.760000000000000000e+03 4.820000000000000000e+03 4.880000000000000000e+03 4.940000000000000000e+03 4.970000000000000000e+03 5.000000000000000000e+03 9.800000000000000000e+02 -9.999000000000000000e+03 3.980000000000000000e+03 4.730000000000000000e+03 4.670000000000000000e+03 4.610000000000000000e+03 4.580000000000000000e+03 4.520000000000000000e+03 4.460000000000000000e+03 4.430000000000000000e+03 4.370000000000000000e+03 4.310000000000000000e+03 4.280000000000000000e+03 4.220000000000000000e+03 4.160000000000000000e+03 4.130000000000000000e+03 4.070000000000000000e+03 4.010000000000000000e+03 3.950000000000000000e+03 3.920000000000000000e+03 3.860000000000000000e+03
4.280000000000000000e+03 4.340000000000000000e+03 4.370000000000000000e+03 4.430000000000000000e+03 4.460000000000000000e+03 4.520000000000000000e+03 4.580000000000000000e+03 4.610000000000000000e+03 4.670000000000000000e+03 2.000000000000000000e+03 4.760000000000000000e+03 4.820000000000000000e+03 4.880000000000000000e+03 4.940000000000000000e+03 4.970000000000000000e+03 5.000000000000000000e+03 5.000000000000000000e+03 3.980000000000000000e+03 3.980000000000000000e+03 4.670000000000000000e+03 3.980000000000000000e+03 3.980000000000000000e+03 9.800000000000000000e+02 2.990000000000000000e+03 4.460000000000000000e+03 4.430000000000000000e+03 4.370000000000000000e+03 4.310000000000000000e+03 4.250000000000000000e+03 4.220000000000000000e+03 4.160000000000000000e+03 4.100000000000000000e+03 4.070000000000000000e+03 4.010000000000000000e+03 3.950000000000000000e+03 3.920000000000000000e+03 3.860000000000000000e+03
9.800000000000000000e+02 3.980000000000000000e+03 4.370000000000000000e+03 3.980000000000000000e+03 3.980000000000000000e+03 3.980000000000000000e+03 3.980000000000000000e+03 4.610000000000000000e+03 4.610000000000000000e+03 3.980000000000000000e+03 4.760000000000000000e+03 3.980000000000000000e+03 4.880000000000000000e+03 4.940000000000000000e+03 4.970000000000000000e+03 5.000000000000000000e+03 5.000000000000000000e+03 3.980000000000000000e+03 9.800000000000000000e+02 3.980000000000000000e+03 -9.999000000000000000e+03 3.980000000000000000e+03 3.980000000000000000e+03 2.000000000000000000e+03 4.400000000000000000e+03 4.400000000000000000e+03 4.370000000000000000e+03 4.310000000000000000e+03 3.980000000000000000e+03 4.190000000000000000e+03 4.160000000000000000e+03 4.100000000000000000e+03 4.040000000000000000e+03 4.010000000000000000e+03 3.950000000000000000e+03 3.920000000000000000e+03 3.860000000000000000e+03
2.000000000000000000e+03 4.310000000000000000e+03 4.310000000000000000e+03 4.310000000000000000e+03 2.990000000000000000e+03 9.800000000000000000e+02 -9.999000000000000000e+03 9.800000000000000000e+02 9.800000000000000000e+02 3.980000000000000000e+03 2.000000000000000000e+03 3.980000000000000000e+03 4.880000000000000000e+03 4.940000000000000000e+03 4.970000000000000000e+03 4.970000000000000000e+03 4.970000000000000000e+03 3.980000000000000000e+03 9.800000000000000000e+02 9.800000000000000000e+02 -9.999000000000000000e+03 -9.999000000000000000e+03 4.340000000000000000e+03 4.340000000000000000e+03 4.340000000000000000e+03 4.340000000000000000e+03 4.340000000000000000e+03 4.280000000000000000e+03 4.250000000000000000e+03 4.160000000000000000e+03 4.130000000000000000e+03 4.100000000000000000e+03 4.040000000000000000e+03 4.010000000000000000e+03 3.950000000000000000e+03 3.890000000000000000e+03 2.000000000000000000e+03
4.250000000000000000e+03 4.250000000000000000e+03 4.250000000000000000e+03 4.250000000000000000e+03 2.990000000000000000e+03 -9.999000000000000000e+03 -9.999000000000000000e+03 -9.999000000000000000e+03 -9.999000000000000000e+03 -9.999000000000000000e+03 -9.999000000000000000e+03 2.000000000000000000e+03 2.000000000000000000e+03 3.980000000000000000e+03 4.940000000000000000e+03 -9.999000000000000000e+03 9.800000000000000000e+02 3.980000000000000000e+03 9.800000000000000000e+02 -9.999000000000000000e+03 -9.999000000000000000e+03 -9.999000000000000000e+03 4.310000000000000000e+03 4.310000000000000000e+03 3.980000000000000000e+03 4.280000000000000000e+03 4.280000000000000000e+03 4.250000000000000000e+03 4.220000000000000000e+03 4.160000000000000000e+03 4.100000000000000000e+03 4.070000000000000000e+03 4.040000000000000000e+03 3.980000000000000000e+03 3.950000000000000000e+03 3.890000000000000000e+03 3.860000000000000000e+03
4.190000000000000000e+03 4.190000000000000000e+03 4.190000000000000000e+03 4.190000000000000000e+03 9.800000000000000000e+02 4.100000000000000000e+03 -9.999000000000000000e+03 -9.999000000000000000e+03 -9.999000000000000000e+03 -9.999000000000000000e+03 -9.999000000000000000e+03 -9.999000000000000000e+03 4.550000000000000000e+03 3.980000000000000000e+03 3.980000000000000000e+03 3.980000000000000000e+03 -9.999000000000000000e+03 -9.999000000000000000e+03 -9.999000000000000000e+03 -9.999000000000000000e+03 -9.999000000000000000e+03 3.980000000000000000e+03 3.980000000000000000e+03 4.280000000000000000e+03 4.280000000000000000e+03 4.220000000000000000e+03 4.220000000000000000e+03 4.190000000000000000e+03 4.190000000000000000e+03 4.130000000000000000e+03 9.800000000000000000e+02 9.800000000000000000e+02 3.980000000000000000e+03 3.980000000000000000e+03 2.000000000000000000e+03 3.890000000000000000e+03 2.000000000000000000e+03
4.130000000000000000e+03 4.130000000000000000e+03 4.160000000000000000e+03 3.980000000000000000e+03 4.160000000000000000e+03 -9.999000000000000000e+03 -9.999000000000000000e+03 -9.999000000000000000e+03 -9.999000000000000000e+03 -9.999000000000000000e+03 -9.999000000000000000e+03 -9.999000000000000000e+03 -9.999000000000000000e+03 -9.999000000000000000e+03 4.550000000000000000e+03 -9.999000000000000000e+03 -9.999000000000000000e+03 -9.999000000000000000e+03 -9.999000000000000000e+03 -9.999000000000000000e+03 -9.999000000000000000e+03 -9.999000000000000000e+03 2.990000000000000000e+03 4.220000000000000000e+03 4.220000000000000000e+03 4.220000000000000000e+03 4.160000000000000000e+03 4.160000000000000000e+03 4.130000000000000000e+03 -9.999000000000000000e+03 4.070000000000000000e+03 3.980000000000000000e+03 3.950000000000000000e+03 3.950000000000000000e+03 3.920000000000000000e+03 3.860000000000000000e+03 2.000000000000000000e+03
4.070000000000000000e+03 4.100000000000000000e+03 4.100000000000000000e+03 3.980000000000000000e+03 4.100000000000000000e+03 4.100000000000000000e+03 -9.999000000000000000e+03 -9.999000000000000000e+03 -9.999000000000000000e+03 -9.999000000000000000e+03 -9.999000000000000000e+03 -9.999000000000000000e+03 -9.999000000000000000e+03 -9.999000000000000000e+03 -9.999000000000000000e+03 4.520000000000000000e+03 -9.999000000000000000e+03 -9.999000000000000000e+03 -9.999000000000000000e+03 4.010000000000000000e+03 -9.999000000000000000e+03 -9.999000000000000000e+03 2.990000000000000000e+03 2.000000000000000000e+03 4.160000000000000000e+03 4.160000000000000000e+03 -9.999000000000000000e+03 4.100000000000000000e+03 4.100000000000000000e+03 -9.999000000000000000e+03 -9.999000000000000000e+03 1.970000000000000000e+03 -9.999000000000000000e+03 3.920000000000000000e+03 -9.999000000000000000e+03 -9.999000000000000000e+03 -9.999000000000000000e+03
4.040000000000000000e+03 4.040000000000000000e+03 4.070000000000000000e+03 4.130000000000000000e+03 4.130000000000000000e+03 -9.999000000000000000e+03 -9.999000000000000000e+03 -9.999000000000000000e+03 -9.999000000000000000e+03 -9.999000000000000000e+03 -9.999000000000000000e+03 -9.999000000000000000e+03 4.520000000000000000e+03 -9.999000000000000000e+03 -9.999000000000000000e+03 -9.999000000000000000e+03 2.990000000000000000e+03 -9.999000000000000000e+03 -9.999000000000000000e+03 -9.999000000000000000e+03 3.980000000000000000e+03 4.040000000000000000e+03 3.980000000000000000e+03 4.130000000000000000e+03 2.000000000000000000e+03 4.130000000000000000e+03 4.100000000000000000e+03 4.070000000000000000e+03 3.980000000000000000e+03 3.980000000000000000e+03 -9.999000000000000000e+03 -9.999000000000000000e+03 -9.999000000000000000e+03 -9.999000000000000000e+03 -9.999000000000000000e+03 -9.999000000000000000e+03 -9.999000000000000000e+03
4.010000000000000000e+03 4.040000000000000000e+03 4.100000000000000000e+03 4.130000000000000000e+03 4.190000000000000000e+03 3.980000000000000000e+03 3.980000000000000000e+03 2.000000000000000000e+03 4.400000000000000000e+03 4.460000000000000000e+03 2.990000000000000000e+03 9.800000000000000000e+02 -9.999000000000000000e+03 -9.999000000000000000e+03 -9.999000000000000000e+03 -9.999000000000000000e+03 -9.999000000000000000e+03 2.990000000000000000e+03 -9.999000000000000000e+03 -9.999000000000000000e+03 -9.999000000000000000e+03 9.800000000000000000e+02 -9.999000000000000000e+03 -9.999000000000000000e+03 9.800000000000000000e+02 4.070000000000000000e+03 4.070000000000000000e+03 3.980000000000000000e+03 3.980000000000000000e+03 -9.999000000000000000e+03 -9.999000000000000000e+03 -9.999000000000000000e+03 -9.999000000000000000e+03 -9.999000000000000000e+03 -9.999000000000000000e+03 -9.999000000000000000e+03 -9.999000000000000000e+03
-9.999000000000000000e+03 -9.999000000000000000e+03 4.100000000000000000e+03 4.130000000000000000e+03 4.190000000000000000e+03 4.220000000000000000e+03 2.990000000000000000e+03 3.980000000000000000e+03 4.400000000000000000e+03 4.400000000000000000e+03 4.460000000000000000e+03 3.980000000000000000e+03 4.460000000000000000e+03 4.460000000000000000e+03 -9.999000000000000000e+03 3.980000000000000000e+03 -9.999000000000000000e+03 -9.999000000000000000e+03 -9.999000000000000000e+03 -9.999000000000000000e+03 2.990000000000000000e+03 -9.999000000000000000e+03 -9.999000000000000000e+03 -9.999000000000000000e+03 3.980000000000000000e+03 2.990000000000000000e+03 3.980000000000000000e+03 -9.999000000000000000e+03 -9.999000000000000000e+03 -9.999000000000000000e+03 -9.999000000000000000e+03 -9.999000000000000000e+03 -9.999000000000000000e+03 -9.999000000000000000e+03 -9.999000000000000000e+03 -9.999000000000000000e+03 -9.999000000000000000e+03
