res/forest_model.asc
NCOLS 124
NROWS 164
XLLCORNER -2864897.89083566
YLLCORNER -3014754.86789172
CELLSIZE 50000
NODATA_value -9999
[rows 16 to 31 of 164, columns 37 to 73 of 124]
-9.999000000000000000e+03 -9.999000000000000000e+03 -9.999000000000000000e+03 -9.999000000000000000e+03 2.990000000000000000e+03 3.170000000000000000e+03 3.170000000000000000e+03 3.170000000000000000e+03 2.990000000000000000e+03 3.170000000000000000e+03 3.170000000000000000e+03 3.200000000000000000e+03 3.200000000000000000e+03 3.200000000000000000e+03 3.200000000000000000e+03 3.200000000000000000e+03 3.200000000000000000e+03 3.200000000000000000e+03 3.200000000000000000e+03 3.200000000000000000e+03 3.140000000000000000e+03 3.140000000000000000e+03 3.140000000000000000e+03 3.140000000000000000e+03 3.140000000000000000e+03 -9.999000000000000000e+03 -9.999000000000000000e+03 -9.999000000000000000e+03 -9.999000000000000000e+03 -9.999000000000000000e+03 -9.999000000000000000e+03 -9.999000000000000000e+03 -9.999000000000000000e+03 -9.999000000000000000e+03 -9.999000000000000000e+03 -9.999000000000000000e+03 -9.999000000000000000e+03
-9.999000000000000000e+03 -9.999000000000000000e+03 -9.999000000000000000e+03 -9.999000000000000000e+03 3.200000000000000000e+03 3.200000000000000000e+03 3.200000000000000000e+03 3.230000000000000000e+03 3.230000000000000000e+03 3.230000000000000000e+03 3.230000000000000000e+03 3.230000000000000000e+03 3.230000000000000000e+03 3.260000000000000000e+03 3.260000000000000000e+03 3.260000000000000000e+03 3.260000000000000000e+03 3.260000000000000000e+03 3.260000000000000000e+03 3.200000000000000000e+03 3.170000000000000000e+03 3.200000000000000000e+03 3.200000000000000000e+03 3.200000000000000000e+03 3.170000000000000000e+03 9.800000000000000000e+02 3.140000000000000000e+03 -9.999000000000000000e+03 -9.999000000000000000e+03 -9.999000000000000000e+03 -9.999000000000000000e+03 -9.999000000000000000e+03 -9.999000000000000000e+03 -9.999000000000000000e+03 -9.999000000000000000e+03 -9.999000000000000000e+03 -9.999000000000000000e+03
-9.999000000000000000e+03 -9.999000000000000000e+03 -9.999000000000000000e+03 3.230000000000000000e+03 3.230000000000000000e+03 3.260000000000000000e+03 3.260000000000000000e+03 3.260000000000000000e+03 3.260000000000000000e+03 3.260000000000000000e+03 3.260000000000000000e+03 3.290000000000000000e+03 3.290000000000000000e+03 3.290000000000000000e+03 3.290000000000000000e+03 3.320000000000000000e+03 3.320000000000000000e+03 3.320000000000000000e+03 -9.999000000000000000e+03 3.200000000000000000e+03 3.200000000000000000e+03 3.230000000000000000e+03 3.230000000000000000e+03 3.230000000000000000e+03 3.230000000000000000e+03 2.990000000000000000e+03 3.200000000000000000e+03 3.200000000000000000e+03 3.200000000000000000e+03 2.000000000000000000e+03 3.170000000000000000e+03 3.170000000000000000e+03 3.140000000000000000e+03 3.140000000000000000e+03 -9.999000000000000000e+03 -9.999000000000000000e+03 -9.999000000000000000e+03
3.260000000000000000e+03 2.990000000000000000e+03 2.990000000000000000e+03 3.290000000000000000e+03 3.290000000000000000e+03 3.290000000000000000e+03 3.320000000000000000e+03 3.320000000000000000e+03 3.320000000000000000e+03 3.320000000000000000e+03 3.320000000000000000e+03 3.320000000000000000e+03 3.320000000000000000e+03 3.350000000000000000e+03 3.350000000000000000e+03 3.350000000000000000e+03 3.350000000000000000e+03 3.350000000000000000e+03 2.990000000000000000e+03 2.000000000000000000e+03 3.260000000000000000e+03 3.260000000000000000e+03 3.260000000000000000e+03 3.260000000000000000e+03 2.990000000000000000e+03 2.990000000000000000e+03 2.990000000000000000e+03 3.260000000000000000e+03 3.260000000000000000e+03 3.230000000000000000e+03 3.230000000000000000e+03 3.200000000000000000e+03 3.200000000000000000e+03 3.170000000000000000e+03 3.140000000000000000e+03 3.140000000000000000e+03 3.110000000000000000e+03
3.290000000000000000e+03 3.290000000000000000e+03 3.320000000000000000e+03 3.320000000000000000e+03 3.320000000000000000e+03 3.350000000000000000e+03 3.350000000000000000e+03 3.350000000000000000e+03 3.350000000000000000e+03 3.350000000000000000e+03 3.380000000000000000e+03 3.380000000000000000e+03 3.380000000000000000e+03 3.380000000000000000e+03 3.380000000000000000e+03 3.380000000000000000e+03 3.380000000000000000e+03 3.380000000000000000e+03 2.990000000000000000e+03 9.800000000000000000e+02 9.800000000000000000e+02 3.320000000000000000e+03 3.320000000000000000e+03 3.320000000000000000e+03 3.290000000000000000e+03 3.290000000000000000e+03 3.290000000000000000e+03 3.290000000000000000e+03 3.290000000000000000e+03 3.290000000000000000e+03 3.260000000000000000e+03 3.260000000000000000e+03 3.230000000000000000e+03 3.200000000000000000e+03 3.200000000000000000e+03 3.170000000000000000e+03 3.170000000000000000e+03
9.800000000000000000e+02 3.350000000000000000e+03 3.350000000000000000e+03 3.380000000000000000e+03 3.380000000000000000e+03 3.380000000000000000e+03 3.380000000000000000e+03 3.410000000000000000e+03 3.410000000000000000e+03 3.410000000000000000e+03 3.410000000000000000e+03 3.410000000000000000e+03 3.440000000000000000e+03 3.440000000000000000e+03 3.440000000000000000e+03 3.440000000000000000e+03 3.440000000000000000e+03 3.410000000000000000e+03 2.990000000000000000e+03 -9.999000000000000000e+03 -9.999000000000000000e+03 -9.999000000000000000e+03 3.380000000000000000e+03 3.350000000000000000e+03 3.350000000000000000e+03 3.350000000000000000e+03 3.350000000000000000e+03 3.350000000000000000e+03 3.350000000000000000e+03 3.320000000000000000e+03 3.320000000000000000e+03 3.290000000000000000e+03 3.260000000000000000e+03 3.260000000000000000e+03 3.230000000000000000e+03 3.230000000000000000e+03 3.200000000000000000e+03
3.380000000000000000e+03 3.380000000000000000e+03 3.410000000000000000e+03 3.410000000000000000e+03 3.440000000000000000e+03 3.440000000000000000e+03 3.440000000000000000e+03 3.440000000000000000e+03 3.440000000000000000e+03 3.440000000000000000e+03 3.470000000000000000e+03 3.470000000000000000e+03 3.470000000000000000e+03 3.470000000000000000e+03 3.470000000000000000e+03 3.470000000000000000e+03 3.470000000000000000e+03 -9.999000000000000000e+03 2.000000000000000000e+03 -9.999000000000000000e+03 -9.999000000000000000e+03 3.410000000000000000e+03 3.410000000000000000e+03 3.410000000000000000e+03 3.410000000000000000e+03 3.410000000000000000e+03 3.410000000000000000e+03 3.410000000000000000e+03 3.380000000000000000e+03 3.380000000000000000e+03 3.350000000000000000e+03 3.350000000000000000e+03 3.320000000000000000e+03 3.290000000000000000e+03 3.260000000000000000e+03 3.260000000000000000e+03 3.260000000000000000e+03
3.410000000000000000e+03 3.440000000000000000e+03 3.440000000000000000e+03 3.470000000000000000e+03 3.470000000000000000e+03 3.470000000000000000e+03 3.500000000000000000e+03 3.500000000000000000e+03 3.500000000000000000e+03 3.500000000000000000e+03 3.500000000000000000e+03 3.500000000000000000e+03 3.500000000000000000e+03 3.530000000000000000e+03 3.530000000000000000e+03 3.530000000000000000e+03 2.990000000000000000e+03 9.800000000000000000e+02 3.530000000000000000e+03 3.470000000000000000e+03 3.440000000000000000e+03 9.800000000000000000e+02 -9.999000000000000000e+03 3.470000000000000000e+03 9.800000000000000000e+02 3.470000000000000000e+03 3.470000000000000000e+03 3.440000000000000000e+03 3.410000000000000000e+03 3.410000000000000000e+03 3.410000000000000000e+03 3.380000000000000000e+03 3.350000000000000000e+03 3.320000000000000000e+03 3.320000000000000000e+03 3.320000000000000000e+03 3.290000000000000000e+03
3.440000000000000000e+03 3.470000000000000000e+03 3.470000000000000000e+03 3.500000000000000000e+03 3.500000000000000000e+03 3.530000000000000000e+03 3.530000000000000000e+03 3.530000000000000000e+03 3.530000000000000000e+03 3.560000000000000000e+03 3.560000000000000000e+03 3.560000000000000000e+03 3.560000000000000000e+03 3.560000000000000000e+03 3.590000000000000000e+03 3.590000000000000000e+03 2.990000000000000000e+03 3.590000000000000000e+03 2.990000000000000000e+03 2.990000000000000000e+03 2.990000000000000000e+03 2.990000000000000000e+03 9.800000000000000000e+02 -9.999000000000000000e+03 3.500000000000000000e+03 3.500000000000000000e+03 3.500000000000000000e+03 3.470000000000000000e+03 3.470000000000000000e+03 3.440000000000000000e+03 3.440000000000000000e+03 3.440000000000000000e+03 3.380000000000000000e+03 3.380000000000000000e+03 3.380000000000000000e+03 3.350000000000000000e+03 3.320000000000000000e+03
3.500000000000000000e+03 3.500000000000000000e+03 3.530000000000000000e+03 3.530000000000000000e+03 3.560000000000000000e+03 3.560000000000000000e+03 3.590000000000000000e+03 3.590000000000000000e+03 3.590000000000000000e+03 3.590000000000000000e+03 3.590000000000000000e+03 3.590000000000000000e+03 3.590000000000000000e+03 3.620000000000000000e+03 3.620000000000000000e+03 3.620000000000000000e+03 3.620000000000000000e+03 3.620000000000000000e+03 3.590000000000000000e+03 3.590000000000000000e+03 3.590000000000000000e+03 3.590000000000000000e+03 3.590000000000000000e+03 2.990000000000000000e+03 3.560000000000000000e+03 3.560000000000000000e+03 3.530000000000000000e+03 3.530000000000000000e+03 3.500000000000000000e+03 3.500000000000000000e+03 3.500000000000000000e+03 3.440000000000000000e+03 3.440000000000000000e+03 3.440000000000000000e+03 3.410000000000000000e+03 3.410000000000000000e+03 3.380000000000000000e+03
3.530000000000000000e+03 3.560000000000000000e+03 3.560000000000000000e+03 3.590000000000000000e+03 3.590000000000000000e+03 3.620000000000000000e+03 3.620000000000000000e+03 3.620000000000000000e+03 3.620000000000000000e+03 3.650000000000000000e+03 3.650000000000000000e+03 3.650000000000000000e+03 3.650000000000000000e+03 3.650000000000000000e+03 3.650000000000000000e+03 3.650000000000000000e+03 3.650000000000000000e+03 2.990000000000000000e+03 2.990000000000000000e+03 3.650000000000000000e+03 3.650000000000000000e+03 3.650000000000000000e+03 3.650000000000000000e+03 3.620000000000000000e+03 3.620000000000000000e+03 3.590000000000000000e+03 3.590000000000000000e+03 3.560000000000000000e+03 3.560000000000000000e+03 3.530000000000000000e+03 2.990000000000000000e+03 2.990000000000000000e+03 3.500000000000000000e+03 3.470000000000000000e+03 3.470000000000000000e+03 3.440000000000000000e+03 3.410000000000000000e+03
3.590000000000000000e+03 3.590000000000000000e+03 3.620000000000000000e+03 3.620000000000000000e+03 3.650000000000000000e+03 3.650000000000000000e+03 3.680000000000000000e+03 3.680000000000000000e+03 3.680000000000000000e+03 3.680000000000000000e+03 3.680000000000000000e+03 3.680000000000000000e+03 3.710000000000000000e+03 3.710000000000000000e+03 3.710000000000000000e+03 3.710000000000000000e+03 3.710000000000000000e+03 3.710000000000000000e+03 -9.999000000000000000e+03 3.680000000000000000e+03 3.680000000000000000e+03 3.680000000000000000e+03 3.680000000000000000e+03 3.680000000000000000e+03 3.650000000000000000e+03 3.650000000000000000e+03 3.620000000000000000e+03 3.590000000000000000e+03 3.590000000000000000e+03 3.590000000000000000e+03 3.590000000000000000e+03 3.560000000000000000e+03 3.530000000000000000e+03 3.530000000000000000e+03 3.500000000000000000e+03 3.470000000000000000e+03 3.440000000000000000e+03
3.620000000000000000e+03 3.650000000000000000e+03 3.650000000000000000e+03 3.680000000000000000e+03 3.680000000000000000e+03 3.710000000000000000e+03 3.710000000000000000e+03 3.710000000000000000e+03 3.740000000000000000e+03 3.740000000000000000e+03 3.740000000000000000e+03 3.740000000000000000e+03 3.740000000000000000e+03 3.740000000000000000e+03 3.740000000000000000e+03 3.740000000000000000e+03 3.740000000000000000e+03 3.740000000000000000e+03 3.740000000000000000e+03 2.990000000000000000e+03 3.740000000000000000e+03 3.740000000000000000e+03 3.740000000000000000e+03 3.710000000000000000e+03 3.710000000000000000e+03 3.650000000000000000e+03 3.650000000000000000e+03 3.650000000000000000e+03 3.650000000000000000e+03 3.650000000000000000e+03 3.620000000000000000e+03 3.590000000000000000e+03 3.590000000000000000e+03 3.560000000000000000e+03 3.530000000000000000e+03 3.530000000000000000e+03 3.500000000000000000e+03
3.680000000000000000e+03 3.680000000000000000e+03 3.710000000000000000e+03 3.710000000000000000e+03 3.740000000000000000e+03 3.740000000000000000e+03 3.770000000000000000e+03 3.770000000000000000e+03 3.770000000000000000e+03 3.770000000000000000e+03 3.770000000000000000e+03 3.800000000000000000e+03 3.800000000000000000e+03 3.800000000000000000e+03 3.800000000000000000e+03 3.800000000000000000e+03 3.800000000000000000e+03 3.800000000000000000e+03 3.800000000000000000e+03 3.800000000000000000e+03 3.800000000000000000e+03 3.770000000000000000e+03 9.800000000000000000e+02 3.770000000000000000e+03 2.990000000000000000e+03 3.680000000000000000e+03 3.680000000000000000e+03 3.680000000000000000e+03 3.680000000000000000e+03 3.680000000000000000e+03 3.650000000000000000e+03 3.650000000000000000e+03 3.620000000000000000e+03 3.590000000000000000e+03 3.590000000000000000e+03 3.560000000000000000e+03 3.530000000000000000e+03
3.710000000000000000e+03 3.740000000000000000e+03 3.740000000000000000e+03 3.770000000000000000e+03 3.770000000000000000e+03 3.800000000000000000e+03 3.800000000000000000e+03 3.800000000000000000e+03 3.830000000000000000e+03 3.830000000000000000e+03 3.830000000000000000e+03 3.830000000000000000e+03 3.830000000000000000e+03 3.830000000000000000e+03 3.860000000000000000e+03 3.860000000000000000e+03 3.860000000000000000e+03 3.830000000000000000e+03 2.000000000000000000e+03 3.830000000000000000e+03 3.830000000000000000e+03 3.830000000000000000e+03 3.800000000000000000e+03 3.800000000000000000e+03 2.990000000000000000e+03 2.990000000000000000e+03 2.000000000000000000e+03 3.710000000000000000e+03 3.710000000000000000e+03 3.710000000000000000e+03 3.710000000000000000e+03 3.680000000000000000e+03 3.650000000000000000e+03 3.650000000000000000e+03 3.620000000000000000e+03 3.590000000000000000e+03 3.560000000000000000e+03
3.770000000000000000e+03 3.770000000000000000e+03 3.800000000000000000e+03 3.800000000000000000e+03 3.830000000000000000e+03 3.830000000000000000e+03 3.860000000000000000e+03 3.860000000000000000e+03 3.860000000000000000e+03 3.860000000000000000e+03 3.890000000000000000e+03 3.890000000000000000e+03 3.890000000000000000e+03 3.890000000000000000e+03 3.890000000000000000e+03 3.890000000000000000e+03 3.890000000000000000e+03 3.890000000000000000e+03 3.890000000000000000e+03 3.890000000000000000e+03 3.890000000000000000e+03 3.860000000000000000e+03 3.860000000000000000e+03 3.860000000000000000e+03 3.830000000000000000e+03 3.830000000000000000e+03 2.990000000000000000e+03 3.770000000000000000e+03 2.000000000000000000e+03 3.770000000000000000e+03 3.710000000000000000e+03 3.710000000000000000e+03 3.680000000000000000e+03 3.680000000000000000e+03 3.650000000000000000e+03 3.620000000000000000e+03 3.590000000000000000e+03
