layers/veg_sum/veg1300.asc
NCOLS 255 
NROWS 330 
XLLCORNER -2985163.8955 
YLLCORNER -3022031.214 
CELLSIZE 25000 
NODATA_value -9999 
[rows 75 to 99 of 330, columns 0 to 56 of 255]
-9999 -9999 -9999 -9999 -9999 -9999 -9999 -9999 -9999 -9999 -9999 -9999 -9999 -9999 -9999 -9999 -9999 -9999 -9999 -9999 -9999 -9999 -9999 -9999 -9999 0.775789026758604 0.777428495403646 0.779159090317312 0.784452317522025 0.786662548845343 0.782966602808484 0.724561027639987 0.638096476411627 0.438876534698871 0.302126689675232 0.318926181003252 0.367831120605855 0.436828081418233 0.554434910714811 0.644454749338526 0.641818673875256 0.64163321450023 0.643302822061048 0.636754508893764 0.629124551029121 0.621352622383585 0.640709327628585 0.684784771896068 0.678188223404961 0.664330378443307 0.66260917518664 0.663904461884468 0.668502870080533 0.682843667112055 0.699028496157355 0.710030323534997 0.724315353979231
-9999 -9999 -9999 -9999 -9999 -9999 -9999 -9999 -9999 -9999 -9999 -9999 -9999 -9999 -9999 -9999 -9999 -9999 -9999 -9999 -9999 -9999 -9999 -9999 -9999 0.780930677443848 0.777531871380422 0.774589942480893 0.789509881094779 0.798614520922934 0.79657863791153 0.752052132950856 0.685733424991059 0.483770355126968 0.333296680131405 0.311547758262589 0.367038932662711 0.470867997853446 0.575465720883174 0.653535306118283 0.652334143029528 0.64984237574274 0.64637364711692 0.638313953069272 0.628780972076879 0.615802965599722 0.639795628984942 0.697474778151268 0.702154335081383 0.697842206967655 0.698852134961362 0.70284120168617 0.710092489514767 0.711154388282071 0.711554671352139 0.719235299472976 0.730582141180014
-9999 -9999 -9999 -9999 -9999 -9999 -9999 -9999 -9999 -9999 -9999 -9999 -9999 -9999 -9999 -9999 -9999 -9999 -9999 -9999 -9999 -9999 -9999 -9999 -9999 0.790324157167152 0.781086635076114 0.772652801792128 0.795639630620338 0.810422044546482 0.809487042228087 0.778846792022466 0.732971584962822 0.525633355069483 0.359995644183955 0.301227045341385 0.367936118688777 0.513170806425099 0.602392587980571 0.66586259372583 0.664515938827815 0.659633838586439 0.652075477550313 0.643477796086132 0.633145813375214 0.616608759957115 0.640576787382102 0.701451742243418 0.719189061440312 0.727891175335124 0.731865086598659 0.738226111971461 0.747201078730444 0.737929635436731 0.726212520608441 0.732085278650766 0.741435785574692
-9999 -9999 -9999 -9999 -9999 -9999 -9999 -9999 -9999 -9999 -9999 -9999 -9999 -9999 -9999 -9999 -9999 -9999 -9999 -9999 -9999 -9999 -9999 -9999 -9999 0.815216960456867 0.801409613524506 0.78847946781162 0.80984399297099 0.822831701899442 0.819771720763832 0.798239190345684 0.767232627178453 0.540292954044289 0.357180677481681 0.287718503604913 0.372585429570064 0.554033581275767 0.63692255053136 0.691466045638572 0.682554232658811 0.67596422838223 0.67113178644978 0.666394032537363 0.660484200382216 0.649988293910704 0.654130413714066 0.671610232450326 0.700738851048619 0.72764517144714 0.731223019418952 0.73542176312935 0.740300401052302 0.744152452585064 0.748235973665497 0.756195321563338 0.766269536868435
-9999 -9999 -9999 -9999 -9999 -9999 -9999 -9999 -9999 -9999 -9999 -9999 -9999 -9999 -9999 -9999 -9999 -9999 -9999 -9999 -9999 -9999 -9999 -9999 -9999 0.826910987104888 0.810956848875087 0.79596424480849 0.818563355079897 0.832767734045627 0.830890102561213 0.772216138915754 0.68441298997532 0.51864754238734 0.384479882462514 0.329039771715018 0.416589969443114 0.593625424816971 0.662728300825854 0.706290931461199 0.69676727727343 0.68960727992608 0.684236523118436 0.680579998114526 0.676423385027346 0.669485700504692 0.664219160837102 0.660475314634571 0.693338546390562 0.727330872145801 0.730828717018263 0.734865098329071 0.739491188644027 0.74651872502096 0.754349004290885 0.763624674878604 0.773286868121894
-9999 -9999 -9999 -9999 -9999 -9999 -9999 -9999 -9999 -9999 -9999 -9999 -9999 -9999 -9999 -9999 -9999 -9999 -9999 -9999 -9999 -9999 -9999 -9999 -9999 0.826910987104888 0.810956848875087 0.796058164669615 0.822423044149959 0.840512151023944 0.842747139797867 0.705955306813979 0.497860664337537 0.464836137372848 0.438460039451648 0.418939879732627 0.495462975467399 0.6320912318319 0.680804458190816 0.711566080781197 0.707591177008489 0.700869367992514 0.692068207128192 0.687031002867876 0.682262953639516 0.676683636346097 0.671238048464723 0.665914310524241 0.695728383320256 0.72695606357111 0.730653932532524 0.736299866355868 0.744078973179112 0.745468124979898 0.746365508476886 0.756275050266319 0.764518971972893
-9999 -9999 -9999 -9999 -9999 -9999 -9999 -9999 -9999 -9999 -9999 -9999 -9999 -9999 -9999 -9999 -9999 -9999 -9999 -9999 -9999 -9999 -9999 -9999 -9999 -9999 -9999 -9999 -9999 0.837321802474601 0.82745212493268 0.685350333703365 0.475430540941406 0.471527500581752 0.470731054837332 0.466839803971821 0.537428636535445 0.654628106744288 0.688123603725963 0.708581618791354 0.708056672348575 0.703752417437179 0.696587302265331 0.690992995029287 0.6851889800457 0.677799166820118 0.671905805819585 0.667375963975964 0.679579950691535 0.696456280939387 0.721328084026534 0.738722442124106 0.74792883683724 0.751162211118119 0.753718169773672 0.762995538517629 0.769083415375911
-9999 -9999 -9999 -9999 -9999 -9999 -9999 -9999 -9999 -9999 -9999 -9999 -9999 -9999 -9999 -9999 -9999 -9999 -9999 -9999 -9999 -9999 -9999 -9999 -9999 -9999 -9999 -9999 -9999 0.741332655015856 0.779353058357684 0.670966368984124 0.487491744000343 0.494169283876577 0.505123556685686 0.516556527043718 0.579011280948323 0.673396153018878 0.694498023778568 0.706437884657623 0.706723533572972 0.70407582163773 0.699207614721275 0.694010865674482 0.68804521395558 0.679263416477359 0.673665921644793 0.67096986100844 0.666401242541131 0.668793382234784 0.709786798490241 0.736519138283821 0.74763529205994 0.754585928670524 0.760773361809701 0.769374272109977 0.773880971286308
-9999 -9999 -9999 -9999 -9999 -9999 -9999 -9999 -9999 -9999 -9999 -9999 -9999 -9999 -9999 -9999 -9999 -9999 -9999 -9999 -9999 -9999 -9999 -9999 -9999 -9999 -9999 -9999 0.728292885532968 0.728062338932531 0.727390128066441 0.646822166460001 0.525278000245879 0.542516603452032 0.569625768583234 0.613055868371402 0.651778541894458 0.687555244766266 0.70578440215326 0.715918231790351 0.705663326820324 0.69908101360935 0.695278778262774 0.694527514082928 0.69316489103514 0.687931919049383 0.686599926222421 0.68882238018948 0.684741095766414 0.682375997080968 0.695345644650756 0.71023570577198 0.727228661112296 0.740576222557053 0.752580860633102 0.761418879336319 0.76788854175751
-9999 -9999 -9999 -9999 -9999 -9999 -9999 -9999 -9999 -9999 -9999 -9999 -9999 -9999 -9999 -9999 -9999 -9999 -9999 -9999 -9999 -9999 -9999 -9999 -9999 -9999 -9999 0.721354502279851 0.722665407056351 0.717907066815689 0.701521712173213 0.644853160883277 0.567524530768346 0.582218466431709 0.608436081885366 0.657257685925553 0.680478876435328 0.687678983942839 0.704739565476517 0.71603221198587 0.708016970100397 0.700527434198839 0.693435847120605 0.695516315244963 0.697512784944795 0.694666807616043 0.69417165005762 0.695818483895671 0.69178846615944 0.686996366342766 0.683835279697303 0.688981777387393 0.703225258933266 0.723992425194028 0.744913740171735 0.753913565522266 0.761405647171637
-9999 -9999 -9999 -9999 -9999 -9999 -9999 -9999 -9999 -9999 -9999 -9999 -9999 -9999 -9999 -9999 -9999 -9999 -9999 -9999 -9999 -9999 -9999 -9999 -9999 -9999 -9999 0.721208575741576 0.716668474585734 0.711068720453563 0.703438960878889 0.666496496789402 0.614520399913774 0.612714572461454 0.619889439377063 0.645772647891575 0.662256366644809 0.672857758322915 0.690564344371461 0.706172803665399 0.714005710418618 0.708832530725007 0.693814005998376 0.697007868742241 0.701038877460677 0.699342767267708 0.696033570984754 0.691254582516907 0.686811503174188 0.682073658999939 0.675445644095443 0.673083308493146 0.675391983641829 0.704667713207485 0.737806049639491 0.746887499676728 0.754400501151401
-9999 -9999 -9999 -9999 -9999 -9999 -9999 -9999 -9999 -9999 -9999 -9999 -9999 -9999 -9999 -9999 -9999 -9999 -9999 -9999 -9999 -9999 -9999 -9999 -9999 0.700654931818415 0.700522978863168 0.70054539871901 0.706603109714842 0.705099004401703 0.689108526091643 0.65365755030881 0.60822585191154 0.580377977099636 0.570412798259354 0.601874382066277 0.6319927342438 0.661270474006983 0.67856732552085 0.693222018876518 0.702559167275525 0.703551542612197 0.698227093102533 0.699252086581359 0.699456298537888 0.69335461463833 0.687518614245051 0.681924696121037 0.677926992017018 0.674179489382135 0.670162951356169 0.667963216113106 0.667752919065028 0.693542026829236 0.723918953733011 0.737857377435122 0.748155728042893
-9999 -9999 -9999 -9999 -9999 -9999 -9999 -9999 -9999 -9999 -9999 -9999 -9999 -9999 -9999 -9999 -9999 -9999 -9999 -9999 -9999 -9999 -9999 -9999 -9999 0.706306018855958 0.69171804662129 0.6779251028771 0.695214241338945 0.696957747907633 0.668920073226265 0.630799362963393 0.587507357290871 0.538529740328216 0.51611423756209 0.556844754876792 0.60209258362207 0.650167406598921 0.667934486748556 0.68110114578208 0.687028744006263 0.694253180021821 0.702459296080806 0.700661362656191 0.695939535791409 0.68482038214026 0.676904108051711 0.671906194848853 0.668695040465886 0.666206564689657 0.665752886166487 0.665337397504039 0.66496372756198 0.683878245122652 0.707362425918841 0.727770432279278 0.741951482978337
-9999 -9999 -9999 -9999 -9999 -9999 -9999 -9999 -9999 -9999 -9999 -9999 -9999 -9999 -9999 -9999 -9999 -9999 -9999 -9999 -9999 -9999 -9999 -9999 -9999 0.720040341297376 0.698681304750678 0.677943133251326 0.681478027021458 0.671382140087977 0.635173403351798 0.596802980739244 0.557323892372291 0.540298390354841 0.53628082772156 0.561907266806192 0.596529111671453 0.636780402423566 0.66334966109134 0.680611625814918 0.673044409957816 0.680056410754081 0.698104584410671 0.694613411576533 0.687485330544241 0.676879416525152 0.669629097150298 0.665436287733768 0.663959475390143 0.663008234581269 0.662126186246086 0.661533960598871 0.661259097039961 0.670136095827054 0.683503190554455 0.713568194199786 0.734674367659971
-9999 -9999 -9999 -9999 -9999 -9999 -9999 -9999 -9999 -9999 -9999 -9999 -9999 -9999 -9999 -9999 -9999 -9999 -9999 -9999 -9999 -9999 -9999 -9999 -9999 0.721935209929802 0.702567090408 0.683558930452666 0.67862359049033 0.662477956492963 0.624856463500721 0.581684329332131 0.535665432895984 0.53801207364301 0.547396370136953 0.570982430168616 0.597471008784493 0.625776022556703 0.650266496114296 0.665911171675759 0.655993327150619 0.663844727717206 0.685147088310817 0.681894333171732 0.675555509077702 0.669357472818475 0.664923801826387 0.662097763741829 0.661754927481875 0.661658939208945 0.660392951204623 0.659705666897114 0.65965207560728 0.662439748833608 0.668579366898209 0.695214550301033 0.717386719782717
-9999 -9999 -9999 -9999 -9999 -9999 -9999 -9999 -9999 -9999 -9999 -9999 -9999 -9999 -9999 -9999 -9999 -9999 -9999 -9999 -9999 -9999 -9999 -9999 -9999 0.70866274955299 0.702510376837423 0.696345934413504 0.689709620010579 0.674931259514067 0.644554964361312 0.590749627528533 0.524928217290766 0.530531005920201 0.546916764564316 0.585198135102126 0.60674682691339 0.61782398339536 0.626296248795831 0.63300532414661 0.635013483087788 0.645051771882213 0.66116870696185 0.660628983576102 0.659173132995087 0.662372331167854 0.663510526747072 0.66277080302375 0.662792823923359 0.662678411741274 0.661085402791076 0.660407696577649 0.660732266583549 0.662488579457381 0.665102551811513 0.671542608875431 0.687274743745745
-9999 -9999 -9999 -9999 -9999 -9999 -9999 -9999 -9999 -9999 -9999 -9999 -9999 -9999 -9999 -9999 -9999 -9999 -9999 -9999 -9999 -9999 -9999 -9999 -9999 0.704754868453668 0.704124427500477 0.703329508528578 0.696104229689339 0.685583774657065 0.668750662787802 0.628386471529751 0.575953874696439 0.54491052777213 0.536620809349219 0.581091676824537 0.607480943345634 0.622554500870184 0.612382340613754 0.606030052138057 0.616465682208565 0.628380736771645 0.64141568582714 0.642331603188123 0.642823059680684 0.647639056934371 0.653676841990599 0.660827880812338 0.661575062823 0.660978164097506 0.659664636904125 0.659069059776498 0.659259653440961 0.658425176390189 0.657145225665519 0.654444245066279 0.665826115383366
-9999 -9999 -9999 -9999 -9999 -9999 -9999 -9999 -9999 -9999 -9999 -9999 -9999 -9999 -9999 -9999 -9999 -9999 -9999 -9999 -9999 -9999 -9999 -9999 -9999 -9999 -9999 0.708077735376473 0.701210350175984 0.695867262277624 0.693444311337714 0.672844613630386 0.642922591672495 0.566995653886876 0.52652049568056 0.572272691654465 0.60511614781153 0.62988114102445 0.601750950801848 0.582086442455258 0.598974587003734 0.612004106691785 0.622112725211052 0.625412412505013 0.62811394370444 0.631852138618299 0.641820335649477 0.657465110316999 0.659240865074089 0.65840095564023 0.657567258683748 0.657007989696747 0.656749225249587 0.653183121431139 0.648402550432069 0.640779675201914 0.648084702411796
-9999 -9999 -9999 -9999 -9999 -9999 -9999 -9999 -9999 -9999 -9999 -9999 -9999 -9999 -9999 -9999 -9999 -9999 -9999 -9999 -9999 -9999 -9999 -9999 -9999 -9999 -9999 0.708269229838951 0.709079921904021 0.708772541185893 0.706323238644577 0.687718682273803 0.660828566530087 0.597360647132911 0.558155176583073 0.578220133904681 0.598421238378758 0.618707545571441 0.591668199041979 0.572091209218169 0.584884298591747 0.590792145510272 0.591488002805085 0.613745356619654 0.6336777701879 0.633986957521775 0.638527286010959 0.646922894290763 0.652057005934449 0.655809532796566 0.655518323247407 0.654135184949886 0.651556361144484 0.649751205019271 0.64783451158996 0.643488804135562 0.641749489344321
-9999 -9999 -9999 -9999 -9999 -9999 -9999 -9999 -9999 -9999 -9999 -9999 -9999 -9999 -9999 -9999 -9999 -9999 -9999 -9999 -9999 -9999 -9999 -9999 -9999 -9999 -9999 0.72625989541716 0.720855228092024 0.715772334198925 0.711305870243623 0.695912452650631 0.674914918645344 0.61408906990994 0.571767577714489 0.575255139512316 0.586322913220835 0.602134485464158 0.579169508061784 0.562602805786639 0.573405449158656 0.578835153894025 0.580197652484389 0.608971748447438 0.63455897177411 0.634303616061038 0.637710214811329 0.644453468737746 0.648607157756379 0.6515353543408 0.650574506104879 0.648988927120446 0.646719254504958 0.644722234891789 0.642427844183558 0.637259330465089 0.629222560193309
-9999 -9999 -9999 -9999 -9999 -9999 -9999 -9999 -9999 -9999 -9999 -9999 -9999 -9999 -9999 -9999 -9999 -9999 -9999 -9999 -9999 -9999 -9999 -9999 -9999 -9999 -9999 0.726254068712215 0.720615776402903 0.713630636763585 0.704065305805785 0.693765349493997 0.683088625224763 0.609708547394 0.557482105358777 0.55849399762503 0.565860285088301 0.577203238505023 0.562931025691307 0.553898957582007 0.565969018064303 0.581204539036898 0.598836249735187 0.614868961871268 0.628191629966789 0.631805824460561 0.64072587366152 0.65448044708981 0.650937431001818 0.644656327676459 0.641149510963497 0.640323441574966 0.642432848270309 0.637221080164122 0.629531145035759 0.617193205284996 0.607111066039384
-9999 -9999 -9999 -9999 -9999 -9999 -9999 -9999 -9999 -9999 -9999 -9999 -9999 -9999 -9999 -9999 -9999 -9999 -9999 -9999 -9999 -9999 -9999 -9999 -9999 -9999 -9999 0.726252381864817 0.720546454468332 0.713066504826473 0.702188013498162 0.69474481079379 0.689063467615572 0.638168440075023 0.596646180907947 0.579596668165485 0.563443581773329 0.547851491044256 0.545037913577078 0.548440555732294 0.567648009268996 0.583930277061502 0.597998238263397 0.623680619903018 0.645859817606687 0.648751279197744 0.653771769003989 0.660732160872207 0.64959615669548 0.636741673362464 0.632838084971759 0.630892093542815 0.63108971296848 0.623166345542107 0.612823394216377 0.599899949623573 0.590751877181332
-9999 -9999 -9999 -9999 -9999 -9999 -9999 -9999 -9999 -9999 -9999 -9999 -9999 -9999 -9999 -9999 -9999 -9999 -9999 -9999 -9999 -9999 -9999 -9999 -9999 -9999 -9999 -9999 -9999 -9999 0.698874960473544 0.696933960147939 0.693997477262264 0.678957095192934 0.656208487634663 0.61583255176305 0.56935500847326 0.519058997220924 0.527487335653253 0.543877221389842 0.571453968573895 0.584769193558906 0.5872887339758 0.632648161792248 0.6730518386707 0.673163857365639 0.670436184724878 0.665121076634371 0.646522432758045 0.628231915358777 0.624795382069541 0.621001093028538 0.616815053730579 0.606557381192714 0.594838681982329 0.58391185482808 0.576794166012912
-9999 -9999 -9999 -9999 -9999 -9999 -9999 -9999 -9999 -9999 -9999 -9999 -9999 -9999 -9999 -9999 -9999 -9999 -9999 -9999 -9999 -9999 -9999 -9999 -9999 -9999 -9999 -9999 -9999 -9999 -9999 0.696933960147939 0.693997477262264 0.68389804710938 0.668751056215073 0.64202250957162 0.608474184568075 0.570657950570238 0.544564447319876 0.524759747708637 0.521202013108394 0.516402223052469 0.510662222075962 0.606480128963323 0.691054920697846 0.682069295812483 0.671146276743211 0.658457966380286 0.635396728505794 0.613826046226596 0.610451422772055 0.606083517782358 0.600627948108852 0.593903367796058 0.586250779284218 0.573894517784594 0.564798655814733
-9999 -9999 -9999 -9999 -9999 -9999 -9999 -9999 -9999 -9999 -9999 -9999 -9999 -9999 -9999 -9999 -9999 -9999 -9999 -9999 -9999 -9999 -9999 -9999 -9999 -9999 -9999 -9999 -9999 -9999 -9999 -9999 -9999 0.695701371688106 0.685894122541636 0.66980931921752 0.639461920147118 0.600188796888411 0.54878283333425 0.506555870399934 0.494294326633616 0.482723663579738 0.471675983286155 0.586525670351262 0.688798060554723 0.680355889034346 0.666821009397168 0.648645817853211 0.621991246378631 0.597710510664939 0.594401892224802 0.589852863555467 0.583945558957321 0.579259437511936 0.574371765437348 0.565450669798016 0.556314787905215
