layers/veg_sum/veg1500.asc
NCOLS 255 
NROWS 330 
XLLCORNER -2985163.8955 
YLLCORNER -3022031.214 
CELLSIZE 25000 
NODATA_value -9999 
[rows 175 to 199 of 330, columns 114 to 170 of 255]
0.339206153288755 0.347948486500981 0.360221232899436 0.363642295670419 0.365858432760474 0.368065362719266 0.371210648337922 0.375234548641782 0.383079958646161 0.391253120157196 0.397034722023944 0.406018171502042 0.418604664530294 0.427009676432492 0.435157912186971 0.450553212022396 0.465207126681557 0.478856360937396 0.480832240383273 0.480070595324878 0.499565269133482 0.514311953702156 0.521268532639886 0.530142069112071 0.539913141493764 0.553899434561585 0.564282052008459 0.567438913898948 0.552252733675782 0.527223965062923 0.527138289173344 0.528421728244449 0.531113317082808 0.518230814456835 0.495174821180946 0.467005292566159 0.440730665120713 0.421771903170274 0.409901867028983 0.403625149314135 0.369508787332598 0.334520822457132 0.312054700027694 0.296730780156502 0.288186009490544 0.333734074802524 0.387114439324045 0.422441249969528 0.458304541353049 0.494779834900009 0.550643612648265 0.608734149414873 0.640063209758315 0.659720417383076 0.663338723960502 0.667381647687116 0.671334294458492
0.333413636515972 0.342397525918744 0.360209416209369 0.358414100050149 0.356308729482863 0.363713156598666 0.368934913166412 0.3721129602128 0.379574163296481 0.387478833853767 0.39312610189231 0.399363085657246 0.406263677345578 0.412036919781187 0.419210214668738 0.440654296901585 0.463407121347094 0.48793347417725 0.49426805492585 0.494164893008837 0.492000268984237 0.49597113912169 0.510008617502163 0.522615339879443 0.534819997629305 0.561781355883013 0.577298222988802 0.569867659692866 0.549042366056573 0.521029670433511 0.514694982870231 0.513194806981997 0.521979547485382 0.519159628489717 0.508759177738512 0.448351878555123 0.39571782135039 0.38073529285293 0.380326985991815 0.391418385089764 0.350677506078202 0.308312509595559 0.289255283782117 0.276033384473907 0.268350189608426 0.347751465189069 0.436726107307304 0.479309700394998 0.517172966784775 0.549651417007947 0.593042676598381 0.636954364861171 0.659432816907102 0.670399581206726 0.665547535493841 0.667381647687115 -9999
0.315151149414341 0.322449730314826 0.337086838472098 0.346303938552598 0.35410607816379 0.359166817973254 0.364352527601586 0.369655250770477 0.375784791754042 0.381898196796223 0.387010386889923 0.392925257427001 0.399743385378359 0.406566023884159 0.414505844559841 0.431800834495806 0.449471133368694 0.467650028240244 0.479093164205311 0.4877242291477 0.488957738424616 0.494930800088676 0.508680124897722 0.52311790020399 0.537982739920918 0.561361781526954 0.577340745720208 0.578481762188013 0.565367185404036 0.544603281111636 0.531479174200043 0.52189934339269 0.520519890129627 0.50576519142437 0.482273358051698 0.441751425696103 0.404333300880692 0.381176121939674 0.381357687709389 0.399954556081459 0.35852410882625 0.316539184516462 0.307022476190786 0.306426117756121 0.314296668847041 0.349435073532239 0.394639237637154 0.465656662218794 0.515464649160528 0.541077505129994 0.597893828754034 0.657504544357928 0.667184970135134 -9999 -9999 -9999 -9999
0.296776307687032 0.301585402707175 0.31174352144408 0.328456169416029 0.343638792839216 0.34904231886324 0.356215882343225 0.365046792785229 0.370500813785547 0.375367155496787 0.380690297668856 0.387824740639826 0.396997442907629 0.404860416116842 0.412768300534014 0.423996833263746 0.436193649501358 0.449702625054224 0.464001630352453 0.477967967056113 0.482542633033013 0.490925840311774 0.505557785222835 0.521913330335685 0.539080315326628 0.560333835844875 0.577476135793352 0.586374998207421 0.581939146726767 0.570348097141741 0.553881739587625 0.539646465072371 0.531348090138641 0.508555454872065 0.476294708909506 0.445585175179637 0.415265174235057 0.385764161385477 0.383779847319116 0.403507426543993 0.36512526959918 0.327119471265491 0.324313953860791 0.331327761668914 0.347661757496011 0.352233155556996 0.36849105824726 0.465091904815512 0.522621152393332 0.535578616837651 0.600662132043025 0.671822911893338 -9999 -9999 -9999 -9999 -9999
0.278874502225726 0.279376253933048 0.282440232480743 0.297229320995944 0.312871364786474 0.325523425959096 0.339674752869978 0.355229893868631 0.361641754268922 0.366659649410829 0.374010552860643 0.385925231028025 0.402975531203836 0.411637709603671 0.417490948333172 0.418652699989288 0.425221900790215 0.439118950004728 0.450815275215379 0.461466978595065 0.467752753720797 0.478765127722611 0.497532511826412 0.516127576758999 0.534722737071555 0.558338462247211 0.578607783967605 0.592167208376427 0.597941005082038 0.599537156206108 0.588045310847488 0.57769955928447 0.571250345528393 0.551095808360565 0.521988519123517 0.473777175591207 0.428568432579551 0.397847620763567 0.387722371962807 0.393847933987223 0.367143591529652 0.341304276551309 0.3380448759384 0.339988355428337 0.346870241554954 0.35844458826347 0.386112353315895 0.500184355978241 0.554692061698154 0.541250489824698 0.600662132043025 -9999 -9999 -9999 -9999 -9999 -9999
0.263567722593604 0.263556433426707 0.265794640928027 0.276469659680646 0.2889583564866 0.304143347614649 0.321325950958137 0.340378987339863 0.35056795513441 0.358872151852588 0.366473820987047 0.377271862619745 0.391666786650231 0.399263520122736 0.404383513085856 0.404022806441804 0.411189304920185 0.428556217057213 0.44182523936452 0.45319208007742 0.4570947351383 0.465317311887721 0.480627656652311 0.50093299275402 0.523427620109619 0.546918793057863 0.567611540833674 0.582693146440836 0.590187838726023 0.593611512446581 0.587682656055631 0.584075775784905 0.586989990759684 0.572787410293526 0.547403595995929 0.492222304150943 0.440108095378192 0.405499384541581 0.391074347376538 0.392575122113375 0.37861240290389 0.364747630392024 0.360240847220663 0.356424322675094 0.353262969440655 0.359859409728357 0.387999065616664 0.527769564155238 0.604750978298606 0.610104367863312 -9999 -9999 -9999 -9999 -9999 -9999 -9999
0.249907124222937 0.251789748865849 0.257178589604242 0.262349965905661 0.269393519687922 0.284120048231824 0.301830433486937 0.322334706430005 0.338089213198572 0.351668271143813 0.35839345057526 0.364334114584776 0.369391962303796 0.374740390914079 0.379965381709341 0.383502395586967 0.395215029248561 0.418006768946968 0.435497181709936 0.450135486120598 0.449057804805377 0.451053008902359 0.458089947667047 0.479769820625913 0.507731604285164 0.529520725260306 0.54892184540806 0.563534768153454 0.567365428701845 0.565410496650204 0.565417935505522 0.570357439882838 0.587401836312295 0.581253392754992 0.55995465029963 0.504484404541995 0.450529003246642 0.410339856743503 0.394051701826813 0.396622487183734 0.39607622922517 0.394064239507486 0.387806709323008 0.377792677874111 0.364213096113041 0.358231451635679 0.379904383891216 0.550592475714866 0.633135223982792 0.615124239137422 -9999 -9999 -9999 -9999 -9999 -9999 -9999
0.238263563110081 0.240114386111734 0.242669141210444 0.250081206400385 0.260555293509406 0.280733784176685 0.295401993190979 0.304910735931446 0.320276459569787 0.3348957265006 0.338909352627926 0.343465581464218 0.348632401880167 0.356212371834575 0.364368237576465 0.371927268826063 0.383062935740394 0.399045443240724 0.411108615394801 0.421459550092165 0.426329480535212 0.433107139049831 0.443014839028672 0.461317276278205 0.483349187314891 0.510403701145847 0.531958630976312 0.542486305906708 0.547174363571229 0.548728974300111 0.548920735157307 0.556697144954332 0.583439241544896 0.576172793370911 0.546690884797725 0.489115551669392 0.436440962216593 0.406600467281532 0.3998404598595 0.411291978679788 0.405838899066363 0.397821618144302 0.389007715140063 0.379510768960952 0.369365500144908 0.369789821041947 0.397952804175689 0.57216338037083 0.664447080011837 0.663270899102008 -9999 -9999 -9999 -9999 -9999 -9999 -9999
0.226369648300887 0.228392147221217 0.229245751371676 0.238522843300775 0.251577158744699 0.275267817240615 0.287578579321174 0.289233952902148 0.302405192804048 0.316051870978392 0.319645020656835 0.324220384560748 0.329901035492501 0.33875827894916 0.348544449968516 0.358977088034139 0.369106693307905 0.37882564684855 0.387114475229933 0.395037795692817 0.40497618868428 0.416057426324094 0.429013748358697 0.443976332141146 0.460013044627973 0.489470641672759 0.511982374143629 0.520566904274996 0.527712223373777 0.53408528442987 0.536751498251001 0.547732144014878 0.579680375798352 0.572917125451715 0.540866306812761 0.476780426528638 0.420941315220519 0.399515608375868 0.400433209336378 0.418980669120461 0.409783461133044 0.397844699751186 0.39065384734701 0.380128348700123 0.366437710974407 0.385280155158905 0.431169759127583 0.593680257865123 0.679312714252483 0.677244858395149 -9999 -9999 -9999 -9999 -9999 -9999 -9999
0.213254884937917 0.216506814400077 0.220465095947576 0.228696199806405 0.239721054179303 0.259687320072577 0.272534430471346 0.278715630670746 0.285576485916074 0.293113068841725 0.303655796888566 0.31171385100461 0.316975898106186 0.323190813547985 0.330015449883143 0.339809393864252 0.348803041694894 0.356712176528826 0.368447930093611 0.38131443393415 0.391154673330779 0.40256843448324 0.416563899188737 0.429387576721551 0.441837799014621 0.463421558630058 0.482470711767125 0.496437707470855 0.509859505586707 0.522988759237183 0.536392540377626 0.552997722641598 0.577540133297043 0.578296211005326 0.563514301384591 0.479968683396474 0.406765378093565 0.384244285646797 0.384620050438335 0.403062449057545 0.397839462834857 0.392385505658374 0.39968086486393 0.381902044256615 0.340323617748441 0.409682517830636 0.504422857418291 0.615319612236258 0.675076905922656 0.676495738168594 -9999 -9999 -9999 -9999 -9999 -9999 -9999
0.204761321906704 0.209596451764048 0.214044250188852 0.219066205133076 0.227066850500067 0.246786267859813 0.259302728217106 0.265074812140239 0.269157903473811 0.273803356929205 0.283436262657448 0.293214466591343 0.303156174797229 0.307355067170242 0.310765978938933 0.320480628679058 0.329638470839289 0.338041761004348 0.349175944264167 0.361177240852885 0.371950231836544 0.383351252701051 0.395782692731225 0.409406410733525 0.423596591605652 0.440958491995044 0.458053164788581 0.474612017633635 0.49192422581589 0.509640672643475 0.526180880027201 0.54423319993242 0.566138982983605 0.572114350392787 0.567683464894417 0.487477674171976 0.416160329321761 0.392789960934761 0.387788049336196 0.397279663173118 0.382460548014446 0.373080016386445 0.400225735981796 0.401385181237643 0.377879289771517 0.456556819318391 0.550357051634732 0.61192077975075 0.641063416921054 0.633220983812107 -9999 -9999 -9999 -9999 -9999 -9999 -9999
0.199812060438797 0.20650171998984 0.209433297203792 0.209587033335583 0.213800532276172 0.235940257684182 0.247461110105726 0.249039146444528 0.253053872362312 0.257277032282206 0.259972225935555 0.270118771882754 0.288650334882952 0.291313558519412 0.29096393164919 0.301028327570214 0.311347535710198 0.322012049975947 0.329439606266223 0.336120859952115 0.348617271306968 0.359740746434642 0.368611622052543 0.385289451480631 0.40530479377027 0.421245776491201 0.437542628948376 0.454553038338663 0.473925623845848 0.494565715968268 0.508412536069653 0.524708072504058 0.547635035197695 0.557065642072214 0.557680001138748 0.498300519107475 0.443633340458251 0.41960245376902 0.405513942811168 0.399270406377393 0.364447170473195 0.343154895389803 0.394265092821091 0.434450850119521 0.464267479821757 0.520666324250772 0.575338586916892 0.589318519920063 0.606423947095926 0.627094850270977 -9999 -9999 -9999 -9999 -9999 -9999 -9999
0.194673456567957 0.19943739836981 0.202304038639633 0.200886714512625 0.203578056628752 0.22521990829132 0.236043382999172 0.236737239195572 0.238492626826971 0.24098722386373 0.246419768387524 0.25520995754782 0.267778508866383 0.272376875342645 0.275291933813194 0.28201215924026 0.28926340335335 0.297234251910564 0.302757713928765 0.307559267762402 0.314316219391912 0.32599224620791 0.34573908223869 0.365176707386699 0.384434611859077 0.400676673708285 0.416773683211526 0.432579847226688 0.455125891305509 0.481288449202018 0.496665490365752 0.513707044002141 0.535749786269043 0.555574081095015 0.573949215669855 0.534499574824787 0.494904151101799 0.470068370410446 0.448071652895722 0.428315081890709 0.390215610413445 0.361651856420732 0.383071356642943 0.410516776667819 0.443681806170012 0.480166664066033 0.517788759342872 0.558049891049164 0.579662182785603 0.580000401479083 -9999 -9999 -9999 -9999 -9999 -9999 -9999
0.188145834873257 0.191046148919177 0.194349518384953 0.192554760044587 0.194132796023755 0.212135309838454 0.222117077536244 0.224588744718807 0.22513109682403 0.22650323664288 0.234614026850085 0.241344861801096 0.246522831191704 0.252286032152579 0.258051762021807 0.262523141174277 0.26675011652498 0.270645890608118 0.275295344691417 0.280147432473777 0.284092585345806 0.296750577671151 0.323703871914196 0.344531590625886 0.362692799354224 0.380856043239232 0.397885054460463 0.412639807719936 0.4378659248241 0.468710811353935 0.485544169080714 0.503265623194334 0.524316083951534 0.553503166438258 0.588005348382103 0.565518332158249 0.538764831455895 0.513568473176805 0.484600586508645 0.452656797005139 0.413478645872578 0.379242753350805 0.369596776897831 0.379066969039188 0.406681614250388 0.429678217687197 0.458863715870393 0.528727806345129 0.563333767328503 0.557718244113939 -9999 -9999 -9999 -9999 -9999 -9999 -9999
0.176228971011694 0.179471224483667 0.184440621410265 0.185274178661064 0.186179578825684 0.189645392198049 0.198060618827258 0.211110151356255 0.215709116894359 0.219030644636821 0.224569104295543 0.227357692438225 0.227051846356586 0.229136901074263 0.232474724270786 0.240939932117237 0.244508411155943 0.241441139128912 0.248351307698818 0.259095458266372 0.27566470588818 0.290570644459525 0.302747563956641 0.319706876863136 0.338844580187625 0.364436399135472 0.38655877020386 0.401724526712691 0.427104360771655 0.457964908470345 0.473772433298728 0.490614742378345 0.511234077079929 0.542113307899206 0.579694628369204 0.562912878041078 0.541010666335336 0.517283905447675 0.484435627141599 0.444390067853418 0.404140488938802 0.368144537256754 0.349825200054989 0.347483290251904 0.360306641216508 0.393974131511616 0.437303027816358 0.511589712205118 0.552657499607832 0.555830102000106 -9999 -9999 -9999 -9999 -9999 -9999 -9999
0.162234825628826 0.164807703845328 0.167353536207721 0.168086358021947 0.168700585911864 0.16983085731965 0.180341451704441 0.199635165190095 0.205015135450753 0.207745186853949 0.211087394476708 0.210623076596828 0.205875270298524 0.205173928093983 0.206411335410288 0.214805123709005 0.218908844821231 0.217198926048024 0.22521545157852 0.237037016486887 0.255582540562007 0.269711381007679 0.276593694497788 0.296242065369665 0.321534596734818 0.352638217379351 0.379387258031505 0.397404899444291 0.422586076409941 0.451611094076872 0.46982583995465 0.487933083635988 0.506637985806571 0.538019845026962 0.577682694782882 0.561327015197684 0.537618757322615 0.505489197107706 0.470500715895617 0.433256419474451 0.392889618921667 0.354883440148238 0.328429629244324 0.314097110339606 0.311269732370425 0.352484843594924 0.405721888972219 0.476475934609825 0.509053774702682 0.498081271365336 -9999 -9999 -9999 -9999 -9999 -9999 -9999
0.146323372154558 0.147293442741617 0.1436410618946 0.141754264065338 0.142429406349606 0.152485671426729 0.168471535302388 0.190009486520406 0.193147110542201 0.192940495721948 0.194433567656556 0.191352597748929 0.183124452223271 0.180459787952316 0.179899049802814 0.184469238953949 0.190210009594337 0.197537081553385 0.2055945046918 0.214049616162356 0.224743597030244 0.235303256528934 0.24564253270288 0.274032428775534 0.310259333231601 0.345105594750555 0.376050554985091 0.399172988333699 0.423830270819228 0.449311129252596 0.473101767370844 0.494452907673265 0.509874301682938 0.540660875436705 0.581484472076772 0.560682223932256 0.52902327244845 0.479378798868741 0.443856289889651 0.419476636050517 0.379873335678813 0.33962602755372 0.305535129789198 0.279047241631975 0.259775885926246 0.305655877837339 0.36489198380426 0.424770798075564 0.467522574425629 0.49073630678288 -9999 -9999 -9999 -9999 -9999 -9999 -9999
0.133799289961931 0.132421279504423 0.128189727947157 0.130339103299772 0.134061721919177 0.140637754282298 0.15585855271993 0.179173743026333 0.179815710244632 0.176529057908055 0.176405040506173 0.174357791937916 0.170146328675336 0.168439461072817 0.167803989441066 0.170519885200598 0.17427409121957 0.179435352577146 0.188268450528698 0.198221611259757 0.205813697930487 0.214840716586307 0.226222052232377 0.25294890373269 0.286418759660634 0.324093635990726 0.358068513025297 0.384624495220156 0.412292184123367 0.440556397391107 0.476201000451286 0.504331004839091 0.513188017287617 0.54306546456089 0.586674126758418 0.558419101548203 0.523783421426561 0.48795885588023 0.459299752687603 0.436294516451605 0.391130616776162 0.344347210034956 0.303708980381937 0.273085367539077 0.251967307225099 0.295556864104436 0.353016589398652 0.414567601758978 0.447366829921547 -9999 -9999 -9999 -9999 -9999 -9999 -9999 -9999
0.120726061181963 0.118084950486655 0.115411967368136 0.121569599389601 0.127647005669918 0.128553164134565 0.141866445548541 0.166796943004024 0.166255946569754 0.161313859954337 0.159993588620316 0.159177195616816 0.158927817596295 0.158146856765131 0.15747326165368 0.158894663200687 0.160186437807086 0.161302549814421 0.170187472473017 0.181448717694811 0.187815292433537 0.196476183660163 0.208901398453754 0.233953046384939 0.264629566249499 0.30389066426668 0.340371004596585 0.37127562795768 0.401580508125659 0.431563575512924 0.476606710375475 0.510249831963341 0.514345753552553 0.543706776448168 0.589571765080632 0.557632124176748 0.5239873540315 0.505447899139792 0.484040822367454 0.460371065003874 0.410771442105565 0.358613126649693 0.310906741324002 0.277778141045614 0.258486305982378 0.29516732152071 0.335297059942026 0.330174354248808 -9999 -9999 -9999 -9999 -9999 -9999 -9999 -9999 -9999
0.101144169350247 0.103885217524898 0.108458407774875 0.111518829638162 0.113085021184518 0.109444873673097 0.121193771617492 0.147351962228926 0.152990467945581 0.154245641696107 0.153762129669306 0.151428294069343 0.147012286790643 0.143932577051839 0.141618047326083 0.142714118908707 0.142756681540862 0.14137159248649 0.145626696652031 0.15208604553557 0.162409959810686 0.174884164771284 0.190886387747646 0.225068640228834 0.267061541943015 0.302146240541706 0.339514638262701 0.381462097297144 0.408693250027909 0.428027863860366 0.462633054243593 0.491251721934545 0.503765146934146 0.535061028895001 0.578626207637333 0.566517689586031 0.550119806459967 0.534860750967815 0.515077539953794 0.49172456998367 0.450379415794621 0.40361253133431 0.344883208799799 0.309687498863758 0.296829137923655 0.308898808022667 0.32383203713926 0.326188737500902 -9999 -9999 -9999 -9999 -9999 -9999 -9999 -9999 -9999
0.0840484559913903 0.0879877838220258 0.0961331909558488 0.0998292724456691 0.101543103211807 0.0976908693784499 0.109257476042782 0.135261273496854 0.142690553293011 0.14576382449503 0.145105784776923 0.142488448075979 0.137666311767516 0.133823337218609 0.130634114349167 0.130724202685197 0.129430261568365 0.126260767347122 0.127160297975893 0.130068955653482 0.142252862996403 0.155451718459159 0.170315816335892 0.208858549602196 0.25751587756993 0.293271244149327 0.332973778082281 0.380590805281819 0.406447258677947 0.420627329839143 0.447059217932247 0.473383713968362 0.498460952639985 0.52912359221786 0.56343479287077 0.573279052662715 0.5767211831994 0.566432388870293 0.551098342680778 0.531783369459151 0.494410255896256 0.449514130950253 0.384019911609322 0.340922103924249 0.319082250636119 0.316120120660546 0.31686483245715 -9999 -9999 -9999 -9999 -9999 -9999 -9999 -9999 -9999 -9999
0.0697104987848131 0.0702072010553772 0.0778495439903115 0.0863219148831783 0.0933511486856392 0.0940944966229637 0.107011877022585 0.131328222822037 0.135680145961395 0.135713993885402 0.133759671552778 0.132227564832664 0.131170577925883 0.128267551253708 0.125053577090212 0.123382677743288 0.12065540578663 0.116496601485407 0.115453995668137 0.116199842651591 0.127917292974221 0.138414745611574 0.1469105275716 0.18452255343868 0.234684195743127 0.276486767058967 0.320127478429586 0.367453857466028 0.393820232947074 0.408939799618326 0.429710405776308 0.456769254751756 0.499009539514998 0.526190308726899 0.543533724600744 0.577684176187265 0.603842707191991 0.60039862782144 0.592647667036499 0.581498386183299 0.543347094176686 0.496416476751389 0.428880528005158 0.371408249616678 0.323488083808472 0.316120120660546 -9999 -9999 -9999 -9999 -9999 -9999 -9999 -9999 -9999 -9999 -9999
0.0605393173212372 0.0588640828108138 0.065782484862543 0.0734447586369066 0.080867116952824 0.0869119032864366 0.0934577919636134 0.100472880003758 0.113884881765491 0.126314771981477 0.126234083386415 0.126101354258635 0.125910063847336 0.122712786881416 0.118760741640145 0.115238694433486 0.112136562610727 0.109603474748872 0.109580425949935 0.110747277209228 0.116869769697034 0.121788042435296 0.124730531620188 0.152949535102091 0.192286780908077 0.239314908251382 0.286395477909561 0.333581200025385 0.365559414874842 0.389377520101877 0.426648340406344 0.463799272810694 0.49957579775177 0.527321031339123 0.549819970612552 0.594004485190172 0.626856605823962 0.618297713917067 0.613930461859136 0.612870599173489 0.570541701733881 0.518832039405261 0.452295269000596 0.420172579422958 0.42071462971861 -9999 -9999 -9999 -9999 -9999 -9999 -9999 -9999 -9999 -9999 -9999 -9999
0.0543542491990068 0.0505649153205479 0.0556849118935664 0.0614976373731317 0.068276006672302 0.0785753430680636 0.0776177009452483 0.0661197625781689 0.0907957610969769 0.118083813248517 0.120008191044724 0.12093982907488 0.120754335671804 0.116941296734314 0.112165787868476 0.107476330966695 0.104741745112994 0.104656282408642 0.106785935350584 0.109463536561683 0.108738378226041 0.107853764696068 0.106707530352641 0.124390717039391 0.150632240048468 0.20104818127156 0.250159784706726 0.296656051188773 0.334864155173592 0.368624961296821 0.424401032076746 0.472040022338552 0.497687500383335 0.528049915126152 0.561492276106749 0.61119844281756 0.645938913419702 0.62924833543069 0.624882466723149 0.630241339158174 0.585075303656053 0.530662935453451 0.467337718077603 0.436500834968956 -9999 -9999 -9999 -9999 -9999 -9999 -9999 -9999 -9999 -9999 -9999 -9999 -9999
0.0613380618854434 0.0532083349695078 0.0483189171347647 0.0557272179822734 0.0639178908605651 0.0685191187723307 0.0672826081409788 0.0605800220845495 0.0885948094487288 0.117910634545064 0.116182460793394 0.114806451557111 0.113826733537578 0.109416995329371 0.104640275866076 0.104497554100824 0.105883798267389 0.109342004698942 0.116499642331783 0.124013703371602 0.117192931305625 0.11479844060733 0.119666224034793 0.135520065474388 0.156452018667065 0.197152698002509 0.237971563741137 0.279027405875346 0.317643253655431 0.354949838776029 0.398451380306743 0.439941351314273 0.47593458121531 0.516918366345566 0.561162140482476 0.61019277885951 0.641969967395107 0.618128989106646 0.595344539162865 0.573393736847368 0.543424243112654 0.508898857628153 0.460210261060257 -9999 -9999 -9999 -9999 -9999 -9999 -9999 -9999 -9999 -9999 -9999 -9999 -9999 -9999
