layers/veg_sum/veg1000.asc
NCOLS 255 
NROWS 330 
XLLCORNER -2985163.8955 
YLLCORNER -3022031.214 
CELLSIZE 25000 
NODATA_value -9999 
[rows 150 to 174 of 330, columns 57 to 113 of 255]
-9999 -9999 -9999 -9999 -9999 -9999 -9999 -9999 -9999 -9999 -9999 -9999 -9999 -9999 -9999 -9999 -9999 -9999 -9999 -9999 -9999 0.500994181656666 0.502298051930083 0.342181702687975 0.182581418633771 0.108973565873452 0.0588501711903817 0.0304186381540926 0.0632090266341082 0.0987500614092078 0.0850389136755287 0.0739495099748268 0.0657703806854243 0.0560183857247168 0.0438998971889085 0.0159736906776644 0 0 0.00495209169296068 0.0165225982488187 0.100162326452953 0.149223617596056 0.142364095162286 0.162587694294696 0.195517951313822 0.288303620262418 0.349812007929335 0.349556807351449 0.354509486463554 0.362215038587866 0.36127175854968 0.361021209585372 0.36306888342374 0.369880128223955 0.379759065659811 0.384967922729619 0.388699625951373
-9999 -9999 -9999 -9999 -9999 -9999 -9999 -9999 -9999 -9999 -9999 -9999 -9999 -9999 -9999 -9999 -9999 -9999 -9999 -9999 -9999 0.53497148995742 0.538013063434967 0.404116799621618 0.260034637934798 0.146884910782126 0.0776890505814475 0.049092006739552 0.0719788648040207 0.0965449841604475 0.0762609035129185 0.0649798897264813 0.0636927558838841 0.0507224297112751 0.034063729633324 0.0123946413393374 0 0 0.00278868146811667 0.011059490283897 0.0855580536051958 0.134119133268693 0.14073369042971 0.15677406487603 0.178112447243604 0.267680218529045 0.328957889395224 0.334370790623548 0.338957205662527 0.343106742036667 0.35362358832572 0.361097477585771 0.360685497144027 0.364877695411302 0.372034939278181 0.381912688608946 0.389788973180713
-9999 -9999 -9999 -9999 -9999 -9999 -9999 -9999 -9999 -9999 -9999 -9999 -9999 -9999 -9999 -9999 -9999 -9999 -9999 -9999 -9999 0.53226409004177 0.530520227236827 0.434279603083041 0.323625507014648 0.20511068205933 0.109421722382608 0.034816302720424 0.0595267322799388 0.0915913574828796 0.0594168965686647 0.0511427308026218 0.0693991555585083 0.0599430948858563 0.0421019216650746 0.0153194680780044 0 0 0.000900067846763827 0.00703373450381275 0.0851577689385616 0.132126446607101 0.128710172099548 0.141540844180806 0.162718251643392 0.258996690594759 0.323075754582353 0.323570361881015 0.328828816266209 0.336605429068926 0.367797562360302 0.385101423186223 0.366808040297883 0.363370392972581 0.369499692576115 0.379833888422256 0.389097246242282
-9999 -9999 -9999 -9999 -9999 -9999 -9999 -9999 -9999 -9999 -9999 -9999 -9999 -9999 -9999 -9999 -9999 -9999 -9999 -9999 -9999 0.552494191118653 0.545804637246885 0.467878945815291 0.373474650976071 0.25094447563788 0.135367326313792 0.0262124703135818 0.0512346596177743 0.0900438180991977 0.0629186158709297 0.0572818603683726 0.075498416195142 0.0650197852706976 0.0457813197346729 0.0166582768317208 0.00163059388824938 0.00544036099445927 0.018100985083372 0.0360408968995871 0.0870921020684133 0.113773712030233 0.101044414318305 0.123965372517233 0.163207074797097 0.259296100957807 0.325330116778827 0.332014176105989 0.337059631574789 0.341238924880118 0.37843029790712 0.39955867061259 0.379101406632414 0.369935612982871 0.368041414667217 0.377573371575758 0.388670940354702
-9999 -9999 -9999 -9999 -9999 -9999 -9999 -9999 -9999 -9999 -9999 -9999 -9999 -9999 -9999 -9999 -9999 -9999 -9999 -9999 -9999 0.564412072289569 0.578787844096523 0.504607246842969 0.410811997045986 0.285495412143869 0.156043822985911 0.0227728593322099 0.0467303084942318 0.0915975105808508 0.0849450555091487 0.0816093383438386 0.0819553755132562 0.066323399525002 0.0454920494867798 0.0165530211532801 0.00474583842967974 0.0158341537184069 0.052682860669835 0.0951244283408231 0.0911520974256649 0.0805252048158485 0.0591364462690046 0.104257288647067 0.178157337023657 0.267774448643464 0.3349927341433 0.357979813574369 0.362006445547067 0.356010629380682 0.385838746847802 0.405323679105635 0.397013288240351 0.383850839523362 0.367563713487912 0.37514740227686 0.388486299506683
-9999 -9999 -9999 -9999 -9999 -9999 -9999 -9999 -9999 -9999 -9999 -9999 -9999 -9999 -9999 -9999 -9999 -9999 -9999 -9999 -9999 0.577575663128463 0.577572869672019 0.535798552440339 0.479277161161981 0.386154299593546 0.244103220080888 0.0568586713053411 0.0581774622849754 0.0893942343345223 0.0849275028425401 0.0821507330976553 0.0812499101907491 0.0710709026820479 0.0575022450492065 0.036227547332498 0.0229601444364293 0.0203939238195275 0.0593102493011268 0.108680119983034 0.104453926287836 0.0949085861945762 0.0767610356084268 0.124283602601753 0.200281722987075 0.295024408840007 0.359251006420945 0.363217151889712 0.368120012055114 0.373518017416258 0.395726510380328 0.411140934624293 0.408767183822604 0.395240457560444 0.374531325292458 0.387576073917519 0.403428680596899
-9999 -9999 -9999 -9999 -9999 -9999 -9999 -9999 -9999 -9999 -9999 -9999 -9999 -9999 -9999 -9999 -9999 -9999 -9999 -9999 -9999 0.566103237432026 0.56807377976503 0.561636287934145 0.543992927226218 0.486402209095395 0.333872796176225 0.093651471206078 0.0687500026485599 0.0823990648081444 0.0791802846015075 0.0771724092045195 0.0765087021312557 0.0733732384050417 0.068401713888302 0.053826287617956 0.0384089237246096 0.0218663698422306 0.0567039394019375 0.106173184850278 0.113862529399021 0.114860819953587 0.1050382286279 0.153068874620047 0.22636412995029 0.325838402909884 0.386929758500063 0.372225948817124 0.37832126605746 0.395410953097582 0.408029383985237 0.417386889795211 0.419082790801806 0.40656719789459 0.38489954331557 0.402177005265993 0.418713600703812
-9999 -9999 -9999 -9999 -9999 -9999 -9999 -9999 -9999 -9999 -9999 -9999 -9999 -9999 -9999 -9999 -9999 -9999 -9999 -9999 -9999 0.564467378663871 0.563546476014217 0.56475700672702 0.558035608664991 0.518834215136118 0.365739774228841 0.107445876807121 0.0588719769929474 0.0538794675214677 0.0651264781766114 0.0667240283118994 0.0576101673862493 0.0593684521586573 0.0612329299824493 0.0408420103739318 0.0242877374979392 0.0128608711862326 0.0331928016002109 0.0642215796970978 0.0935743438435669 0.116861495641038 0.130339240009273 0.188558601003669 0.266182618183036 0.356794868009471 0.418141410403328 0.421696641356785 0.428769159175864 0.437700906597955 0.43059880419027 0.425840393747944 0.427933306427369 0.420070653232629 0.40579671397531 0.413474981773981 0.420781647884348
-9999 -9999 -9999 -9999 -9999 -9999 -9999 -9999 -9999 -9999 -9999 -9999 -9999 -9999 -9999 -9999 -9999 -9999 -9999 -9999 -9999 0.568296916152087 0.566072350329859 0.571761643175578 0.571193759440935 0.541762352576717 0.393701400488023 0.136066036515282 0.0687030090018855 0.0440328003162323 0.0511673185490761 0.0485097680195572 0.034982503744403 0.0446386921864053 0.0558623517902192 0.0304820018792418 0.0129831214900921 0.00601726678189752 0.0149725605802898 0.0315395105776895 0.0801285012753861 0.116584902604985 0.133420282109316 0.192339813328429 0.269581545175643 0.362834373417582 0.42958779063078 0.444012532062699 0.454110725265199 0.461921915202307 0.447953799492342 0.438629909483136 0.442184303104023 0.437934855959104 0.428659812462477 0.424462763121142 0.421654362356822
-9999 -9999 -9999 -9999 -9999 -9999 -9999 -9999 -9999 -9999 -9999 -9999 -9999 -9999 -9999 -9999 -9999 -9999 -9999 -9999 -9999 0.571759457427169 0.57565507006532 0.58301612176591 0.583384043227966 0.554291211539414 0.417389731043857 0.180908763273961 0.100099993552298 0.0546183389932161 0.0373117228957718 0.0217979636321236 0.00827437018973397 0.0291156548676674 0.0524593978111722 0.022993508414213 0.00476043972297349 0.00153924015528189 0.00254169979560348 0.00900030965564641 0.0741696551251737 0.113816487278329 0.112187893747584 0.161425084274723 0.233129630861981 0.341609360179999 0.419406708085285 0.436615223000923 0.451980564069802 0.466371607758253 0.459603091259406 0.456163955672868 0.462344588800539 0.460570655218757 0.453674059266719 0.435111124175825 0.4212191254857
-9999 -9999 -9999 -9999 -9999 -9999 -9999 -9999 -9999 -9999 -9999 -9999 -9999 -9999 -9999 -9999 -9999 -9999 -9999 -9999 -9999 -9999 0.578212573819813 0.580175963808 0.576987245343002 0.552400362845258 0.416418790031968 0.177545415220829 0.0854858180064712 0.0299258506835773 0.0181711016542878 0.00981099595222756 0.0052191237185984 0.023036051272676 0.0413897419645431 0.0164449954939707 0.00216918934198411 0.00215166612226212 0.00119482866462477 0.00301163573721327 0.0500257779363996 0.0743940734497628 0.0621391355713688 0.14083722105714 0.257850838759106 0.340036981707578 0.400165059974794 0.416734837500303 0.437245995404255 0.459840557749272 0.470318356034435 0.476859097606201 0.474619051433853 0.471316904064455 0.467330774017651 0.453601995734733 0.443324270095109
-9999 -9999 -9999 -9999 -9999 -9999 -9999 -9999 -9999 -9999 -9999 -9999 -9999 -9999 -9999 -9999 -9999 -9999 -9999 -9999 -9999 -9999 -9999 0.519618312101107 0.564511851598552 0.54530442447639 0.409122778808706 0.16489569489486 0.0648604285878149 0.00360420299952019 0.00124246101646477 0.00236856090580937 0.00736634957339745 0.0184616528670087 0.0278164059863389 0.010121451152336 0.0019698943780639 0.00657241304217646 0.00501597608329307 0.00291212732928883 0.023444318661016 0.0290345291046982 0.0104603238394009 0.125660307280473 0.295957580628838 0.346970975469079 0.385691422998601 0.400136853490146 0.424356721614015 0.453743334587855 0.480836266354444 0.496625639899145 0.484934464265735 0.480219739628353 0.479997780505501 0.471385809660121 0.464434089179671
-9999 -9999 -9999 -9999 -9999 -9999 -9999 -9999 -9999 -9999 -9999 -9999 -9999 -9999 -9999 -9999 -9999 -9999 -9999 -9999 -9999 -9999 0.465618353276721 0.507318622737426 0.541878125979006 0.526507811046352 0.40192687768551 0.176471501426673 0.0896225253355755 0.0353424220074003 0.0121834373861537 0.000858396290522901 0.00266965782175594 0.00669073541621528 0.0100810157154025 0.00366814131845391 0.00914382525493462 0.0305077252009728 0.0269407442180851 0.0155781370396504 0.0143192661552785 0.0108678550985784 0.00387063223956424 0.132002293801441 0.315821132097728 0.380876482089 0.426614215136186 0.43420523945699 0.451159341746098 0.47306274512979 0.491687550630496 0.502801653450716 0.495778762005334 0.498586625672639 0.507725398505253 0.467916290730086 0.432552631658148
-9999 -9999 -9999 -9999 -9999 -9999 -9999 -9999 -9999 -9999 -9999 -9999 -9999 -9999 -9999 -9999 -9999 -9999 -9999 -9999 -9999 0.454837001958904 0.458568415433207 0.495877921623053 0.526200526073947 0.511426037651016 0.398233782903585 0.194136106209685 0.128035431744452 0.0859951785462829 0.0296447389233925 0 0 0 0 0 0.00982897188248072 0.0327936683869791 0.0307594712734715 0.020114662235537 0.00800425920811891 0.000402696227768226 9.29030655549039e-05 0.137184275497787 0.330844302161128 0.400770056600131 0.4493959552447 0.455960796500255 0.471396778422608 0.49152202453362 0.505863402211497 0.510510159044693 0.491854583073824 0.485757577892838 0.487748168222623 0.444952669897751 0.407367288790155
-9999 -9999 -9999 -9999 -9999 -9999 -9999 -9999 -9999 -9999 -9999 -9999 -9999 -9999 -9999 -9999 -9999 -9999 -9999 -9999 -9999 0.4496804699616 0.444297509468068 0.485568530974061 0.519684329512466 0.501236807793802 0.399153977622736 0.219819820903365 0.184426819049876 0.161558886164996 0.0556934828449453 0 0 0 0 0 0.00196821635738048 0.00656681444503971 0.0107320586683351 0.0139444392113103 0.00539015730963373 8.06384749112537e-05 1.86035055814814e-05 0.1408384998598 0.339492560641191 0.402209542306613 0.448285445336942 0.461500029011828 0.482987693151446 0.508848488257002 0.524417797722501 0.520236997586861 0.468479925944018 0.431842652115348 0.404942378696324 0.396314796230133 0.391000907754333
-9999 -9999 -9999 -9999 -9999 -9999 -9999 -9999 -9999 -9999 -9999 -9999 -9999 -9999 -9999 -9999 -9999 -9999 -9999 -9999 -9999 0.510605763369884 0.505860779029914 0.504611789201824 0.500718313792503 0.484547468652435 0.399282623802473 0.250197805870748 0.194958693721371 0.148490908177848 0.0511886163834244 0 0 0 0 0 0 0 0.0105069112884419 0.0227863049499674 0.00870255533656771 0.00532653184725954 0.0192672180565609 0.170043236422875 0.376474220844419 0.42283435320065 0.46071446271927 0.48184897871485 0.487857654032328 0.485870845377754 0.491466375659476 0.483935539222815 0.443776790359868 0.410230839507312 0.380943465239406 0.382465203104804 0.386823586580894
-9999 -9999 -9999 -9999 -9999 -9999 -9999 -9999 -9999 -9999 -9999 -9999 -9999 -9999 -9999 -9999 -9999 -9999 -9999 -9999 -9999 0.577977691109366 0.584919152847124 0.529946784901617 0.477087470548783 0.464785584123715 0.396710488694665 0.277119419197491 0.191860551187833 0.114247382132854 0.0420606955472708 0.00293388191632884 0.000505274170667746 0 0 0 0 0 0.0158017955637179 0.034335273498719 0.0141839626288666 0.0128096184589764 0.0418016917334145 0.203853217997184 0.419432439823731 0.447341120925435 0.475207798748667 0.502991532240099 0.488366936885719 0.451325398183586 0.444017252311856 0.434999002197568 0.419721596637205 0.400322536372167 0.378269171199015 0.381330038539752 0.387158331067078
-9999 -9999 -9999 -9999 -9999 -9999 -9999 -9999 -9999 -9999 -9999 -9999 -9999 -9999 -9999 -9999 -9999 -9999 -9999 -9999 -9999 0.5728995010912 0.570865061403447 0.506865384149875 0.446477130839273 0.432599229055452 0.360555921433879 0.234787042120967 0.21202793192766 0.196187434664182 0.109879010372315 0.0463074756107393 0.00797508966012206 0 0 0 0 0 0.00601334492782483 0.0140823707649725 0.0222766811403561 0.0254946033312199 0.020664629214292 0.183505773915164 0.414322556591932 0.437026237076816 0.455819007684527 0.466888861931929 0.459713300766748 0.442893255727959 0.433869381745862 0.423818994133104 0.410713752469731 0.403008059229957 0.398779621827773 0.395281170011082 0.393567487292591
-9999 -9999 -9999 -9999 -9999 -9999 -9999 -9999 -9999 -9999 -9999 -9999 -9999 -9999 -9999 -9999 -9999 -9999 -9999 -9999 -9999 0.550127129553914 0.554545562668104 0.492549783355742 0.431000821034843 0.405759730169337 0.329820100844702 0.2070518123987 0.22280100144947 0.244869266329694 0.156019836211061 0.0784872987279099 0.0135171100622618 0 0 0 0 0 0 0.00148226253740651 0.0246216152981223 0.0326036030346483 0.0160728523169098 0.167471019326618 0.387334359956032 0.419604746033712 0.441063436613893 0.441172154256146 0.438040486304467 0.433195958113749 0.425055388599821 0.416694795081232 0.408026459729878 0.405397087890495 0.406656748888232 0.402476897534657 0.3990707608735
-9999 -9999 -9999 -9999 -9999 -9999 -9999 -9999 -9999 -9999 -9999 -9999 -9999 -9999 -9999 -9999 -9999 -9999 -9999 -9999 -9999 0.544636965728288 0.539351317440946 0.492197176657576 0.43963142346144 0.387437208816861 0.307715771750782 0.202568297672341 0.218609924777297 0.240574262585137 0.167630710169219 0.0928366268260882 0.01598835637047 0 0 0 0 0 0 0.00107224820021106 0.0178109356631878 0.0308306469134072 0.0378359690481393 0.158305923893694 0.325496319339145 0.390863179837303 0.433688095953202 0.431999188807918 0.427487383910539 0.421483401869955 0.418366121392045 0.416031071692855 0.415407138275466 0.407313832589986 0.394410324960797 0.39891197960721 0.403131059018123
-9999 -9999 -9999 -9999 -9999 -9999 -9999 -9999 -9999 -9999 -9999 -9999 -9999 -9999 -9999 -9999 -9999 -9999 -9999 -9999 -9999 0.544372537247511 0.543297120273476 0.50454466930769 0.456733186323844 0.392687482719417 0.313828357191161 0.221286535735661 0.212919447689445 0.208732198795211 0.138982252512587 0.0734670105934377 0.0126525142823359 0 0 0 0 0 0 0.000815619621586055 0.013548121230554 0.0430123110677012 0.0995352605758802 0.209761345158238 0.341394786876106 0.386644808877223 0.415944419805122 0.413746580139751 0.409243193540937 0.403521100230511 0.401679795658227 0.402755317946934 0.410692269829534 0.405714649583515 0.392420172481851 0.39772578216046 0.402760271870949
-9999 -9999 -9999 -9999 -9999 -9999 -9999 -9999 -9999 -9999 -9999 -9999 -9999 -9999 -9999 -9999 -9999 -9999 -9999 -9999 -9999 0.516416850575621 0.550568986296665 0.520906910488952 0.476581108680754 0.407447435609808 0.331138949372565 0.248203311934602 0.205833213021968 0.165492606893274 0.0936379745978361 0.0401039323979944 0.00690671327640469 0 0 0 0 0 0 0.00071839414753411 0.0119331251290718 0.0625696877088127 0.176959880673032 0.285014214374705 0.388506844433556 0.391983690738322 0.393642634053197 0.391711744520216 0.388084190412185 0.383559783381765 0.381350064970137 0.384529597179741 0.400725843206687 0.402293490373551 0.394440464404187 0.39736123961209 0.400448906445237
-9999 -9999 -9999 -9999 -9999 -9999 -9999 -9999 -9999 -9999 -9999 -9999 -9999 -9999 -9999 -9999 -9999 -9999 -9999 -9999 -9999 0.492832404451891 0.485298100156984 0.477248246149411 0.459468108454521 0.403471964019486 0.317683432172086 0.204376601041363 0.164323892702789 0.131332724371606 0.0598242649370689 0.0159485579229449 0.00274666622845746 0 0 0 0 0 0 0.00489101091542325 0.0812437649467776 0.149670204519106 0.205278078797911 0.2824583614821 0.367229338072286 0.362708412089168 0.36267903966004 0.371519186988393 0.381499862285627 0.392083417997174 0.386509729400554 0.38253986532255 0.383620733877415 0.383492222792416 0.382584883167941 0.388893345272541 0.394769355682545
-9999 -9999 -9999 -9999 -9999 -9999 -9999 -9999 -9999 -9999 -9999 -9999 -9999 -9999 -9999 -9999 -9999 -9999 -9999 -9999 -9999 0.404337841625208 0.419314120778299 0.433378733667498 0.435062389129463 0.388252400598079 0.296786502541182 0.164073333291041 0.119201742241649 0.086805878042469 0.0299242077879967 0 0 0 0 0 0 0 0 0.00769721828650519 0.127857206623868 0.212355600696958 0.239181481660603 0.286434336011449 0.3413776666949 0.338986882366407 0.342387453407922 0.357224277019828 0.377011158696731 0.399414629478443 0.393478720780096 0.385324934519196 0.373727739331757 0.370820623628577 0.373509833255805 0.380823212740487 0.387631199666278
-9999 -9999 -9999 -9999 -9999 -9999 -9999 -9999 -9999 -9999 -9999 -9999 -9999 -9999 -9999 -9999 -9999 -9999 -9999 -9999 -9999 0.387433695800932 0.372531229562772 0.389099473533711 0.396484505454813 0.35118184919364 0.261428448255953 0.130617280498704 0.0670586683299825 0.022132593478876 0.00762967141263315 0 0 0 0 0 0 0 0 0.00784804043323396 0.130362488098289 0.227594345285855 0.283938783925939 0.303103810793948 0.306636880367098 0.326058123004689 0.342835107385053 0.354390446164526 0.376594946446158 0.40442856856758 0.403963832626869 0.397389020822435 0.377850268301596 0.37006099680883 0.369838275013986 0.373526062909592 0.37765849139389
