layers/veg_sum/veg1700.asc
NCOLS 255 
NROWS 330 
XLLCORNER -2985163.8955 
YLLCORNER -3022031.214 
CELLSIZE 25000 
NODATA_value -9999 
[rows 200 to 224 of 330, columns 114 to 170 of 255]
0.0600622972775866 0.0448529008086508 0.0308339471561985 0.0287839988620518 0.0294096860252015 0.0342751549793692 0.0441595165078627 0.0587432398112969 0.0912456937753515 0.121902179352296 0.12254469774658 0.121821381100182 0.119561088391445 0.115031411758302 0.110819565665703 0.114373465452563 0.118600934001412 0.123741182245788 0.134678415390264 0.146190979158538 0.135501385220706 0.13406012207635 0.147792750478587 0.161936069044719 0.176491013432307 0.206610518838574 0.237287645610223 0.26908286293804 0.307059668063605 0.348353416142852 0.381628579021404 0.416631019152076 0.456569309927501 0.49920632106188 0.543606221954639 0.596212949906854 0.629859232894838 0.601609228420739 0.56824519277322 0.530845960171294 0.515129605977183 0.504057823845506 0.499603473472247 -9999 -9999 -9999 -9999 -9999 -9999 -9999 -9999 -9999 -9999 -9999 -9999 -9999 -9999
0.0654697518666698 0.0500561102213745 0.036421822077157 0.0288601282698705 0.0245041182084882 0.0297658353551961 0.0390849086484296 0.0522030240809273 0.0868362352196235 0.119944109997495 0.120855104580333 0.120260965769204 0.117973098265917 0.115197581656565 0.11304525893636 0.117213347576335 0.12100165926552 0.124275320173565 0.136944230718164 0.151385580213018 0.142851670380173 0.145011469000874 0.164716614552664 0.17499190391151 0.181475604963225 0.208904854223484 0.241031246583884 0.28257591390158 0.31550535186946 0.343811993038007 0.38020292317042 0.415574994037102 0.447767197303139 0.485741392153599 0.527492567347133 0.578828989758656 0.612243468934558 0.58667075212656 0.558086677458287 0.527126508148752 0.504265388148406 0.488012623736247 0.49434887573411 -9999 -9999 -9999 -9999 -9999 -9999 -9999 -9999 -9999 -9999 -9999 -9999 -9999 -9999
0.0685876112417936 0.0534861745904071 0.0409654475794504 0.0311098517308679 0.0248962153620358 0.0319332234479209 0.0398709703829686 0.0486521100892846 0.086005821212277 0.122331396020418 0.121442724113898 0.119146445704354 0.115266185748062 0.114218214878736 0.114765546338484 0.122319511562004 0.129209818193087 0.135200774791738 0.144241581944529 0.153779024566711 0.154639164783219 0.158679191123844 0.167936509995997 0.175931150064214 0.183770496496638 0.217971078251772 0.254177009210195 0.294403880084503 0.323351717612089 0.346247402940627 0.380142328748143 0.415200572406436 0.4522709641857 0.483552388397442 0.511052275332629 0.548453059224424 0.576672806338933 0.57336117336827 0.55468436551777 0.523883754589713 0.50032118757015 0.482170899223706 -9999 -9999 -9999 -9999 -9999 -9999 -9999 -9999 -9999 -9999 -9999 -9999 -9999 -9999 -9999
0.0713349831977426 0.056740728675651 0.0452378460290263 0.0344658280166352 0.027606327020819 0.0361522457924199 0.0422533756101762 0.0460653654259595 0.0861332830251678 0.125715470615665 0.122627273075813 0.118238815083595 0.112387172204061 0.113094182841043 0.116487473652061 0.127656488311237 0.138290909328215 0.14820088133643 0.15253716815598 0.155483131615146 0.166811914833867 0.171872710409483 0.166649513464097 0.173288722876127 0.185557815623928 0.228978326503654 0.269614506458352 0.304667804719872 0.330185541285869 0.350586645166185 0.379477172586238 0.41309898646819 0.45780429646528 0.481502313150593 0.491477699364853 0.511762413690415 0.520648689494486 0.4909099967404 -9999 0.516984619027366 -9999 -9999 -9999 -9999 -9999 -9999 -9999 -9999 -9999 -9999 -9999 -9999 -9999 -9999 -9999 -9999 -9999
0.0800282295479784 0.0662227786229012 0.050732625764106 0.043167880044318 0.0378368693124817 0.0371798957781877 0.0388551455794386 0.0427141363218189 0.0824830522323551 0.122092423918674 0.12122568429373 0.118135845749681 0.112544350913984 0.115537822228232 0.120737025966293 0.125128557066474 0.131317753573499 0.139943037641763 0.150447421746901 0.161022920868951 0.162614809597227 0.16470221443886 0.16760262088387 0.178499554105502 0.193276289879256 0.234711518754137 0.271856308823417 0.300398309602035 0.325239467237039 0.348094810549004 0.363243463800038 0.382462611133599 0.412418264852151 0.425615919627771 0.427866717827669 0.447451620380309 0.465476475426101 0.474024106852292 -9999 -9999 -9999 -9999 -9999 -9999 -9999 -9999 -9999 -9999 -9999 -9999 -9999 -9999 -9999 -9999 -9999 -9999 -9999
0.0849737745823517 0.0722428256157519 0.0556488662128077 0.0489659643095149 0.0437226042129053 0.0388548102041944 0.0385997301555638 0.0426636928721889 0.0732317815813197 0.105147430138377 0.115332447556912 0.118217708784351 0.11288854426311 0.117120439979351 0.123257597307258 0.123874067141829 0.127500423097936 0.135205594896802 0.150306802755995 0.166540181781601 0.160612688815027 0.160153603165213 0.168666625175698 0.1824893671001 0.198917392413399 0.234990704371157 0.267379025843421 0.292378546747452 0.316972213490754 0.341348105263823 0.350798584386315 0.362763635192883 0.382174488889967 0.386978323968175 0.382240391060583 0.404790168592217 0.422609400787145 0.418342817764141 -9999 -9999 -9999 -9999 -9999 -9999 -9999 -9999 -9999 -9999 -9999 -9999 -9999 -9999 -9999 -9999 -9999 -9999 -9999
0.0838631908999725 0.0726684205051546 0.0596302113508365 0.0500713580221117 0.0425873119307537 0.0415756769176133 0.0434229718038231 0.0479471811063666 0.0549294645767542 0.0666747265716066 0.102180895423113 0.118598253202839 0.113534945454182 0.11731168274712 0.122984207646423 0.124677405175677 0.128782774397233 0.136156972975359 0.153315892222336 0.172021037836365 0.162157571186758 0.159841847998046 0.169909834178587 0.184506065651449 0.201201549055726 0.226456443181606 0.252043981724271 0.278298507947214 0.303338072139494 0.327725706782529 0.344476294910166 0.36073903961847 0.376399965292149 0.376214064859389 0.365676514855678 0.397113148016751 0.422609400787145 0.418342817764141 0.416461074017061 -9999 -9999 -9999 -9999 -9999 -9999 -9999 -9999 -9999 -9999 -9999 -9999 -9999 -9999 -9999 -9999 -9999 -9999
0.08278875169287 0.0747472327722215 0.0654848369321659 0.0517728859454998 0.0407177573198651 0.0428385731986045 0.0457083868194057 0.0492795127927701 0.0495718093615073 0.0554860802654789 0.0962599679121917 0.115415153022692 0.110242782237136 0.116596379450612 0.125544650414075 0.130334613116628 0.135154774199984 0.140015858304701 0.150851298377557 0.16252431614513 0.155104386668008 0.154475779442795 0.164989808614319 0.18054743963595 0.198301322046927 0.216102515327033 0.235228554706738 0.257011052400808 0.28471566469106 0.315597990689083 0.326443048151749 0.336941791173258 0.34818271618875 0.355192546947185 0.359438492700729 0.349193139113789 0.351378560091113 0.396542058941236 0.416461074017061 -9999 -9999 -9999 -9999 -9999 -9999 -9999 -9999 -9999 -9999 -9999 -9999 -9999 -9999 -9999 -9999 -9999 -9999
0.0818023602993351 0.0775534063596676 0.0720736956099247 0.0537506831853844 0.0386233037369871 0.0434560045443803 0.0468801671593652 0.0489854670089249 0.0498080637157221 0.0559830101911135 0.0933184425593487 0.110597149452371 0.105305995398706 0.115411388403924 0.129050883418755 0.137706541941251 0.143323182230431 0.144821528598857 0.145986020271639 0.146826932873181 0.144448680075544 0.146929668304929 0.157383294839465 0.173941315820713 0.193048960956961 0.204957725972121 0.217858987974535 0.232750312728066 0.263877096565522 0.303715572830584 0.303190946309033 0.303800797939757 0.310460580783392 0.303765946201937 0.288347782474632 0.340497300110761 0.340497300110761 -9999 -9999 -9999 -9999 -9999 -9999 -9999 -9999 -9999 -9999 -9999 -9999 -9999 -9999 -9999 -9999 -9999 -9999 -9999 -9999
0.0847043517145721 0.0814224453074171 0.0750479536367626 0.0568612368123663 0.0413152354487978 0.042921485095211 0.0465771001995073 0.0521516066833335 0.052938581364994 0.0569569599502926 0.0842123532517068 0.0998976672413984 0.102563154962319 0.109848510961982 0.118252969823498 0.125653769851391 0.131037292937007 0.133687124175441 0.138006507824905 0.142339735405124 0.137927072434344 0.138474724635977 0.147160849189426 0.162499736476664 0.180650333170489 0.193164447444448 0.204744034718962 0.214449795276225 0.238680356559003 0.270704697853718 0.268851445892102 0.269279146461753 0.278088192850417 0.283579234500053 0.286902850186757 -9999 -9999 -9999 -9999 -9999 -9999 -9999 -9999 -9999 -9999 -9999 -9999 -9999 -9999 -9999 -9999 -9999 -9999 -9999 -9999 -9999 -9999
0.0848196459816731 0.0813461003691922 0.0736822385037363 0.0595325338468417 0.0469132104488276 0.0440367234889621 0.0459923984006341 0.0524725927064039 0.0536367704464694 0.0567975510756177 0.0769154216618428 0.0908326405213679 0.0977722574077593 0.104380282182303 0.110907844005078 0.117506277721351 0.12224976250468 0.124479532552733 0.131072889390674 0.138293390530009 0.13180698306824 0.130872846765782 0.139048414937575 0.153222863431942 0.169928477774151 0.181271653343323 0.191103260634363 0.197904011646032 0.21606277025013 0.240316057393529 0.239312638361945 0.241047859574855 0.251612557010954 0.253163833209205 0.248827256694056 -9999 -9999 -9999 -9999 -9999 -9999 -9999 -9999 -9999 -9999 -9999 -9999 -9999 -9999 -9999 -9999 -9999 -9999 -9999 -9999 -9999 -9999
0.0794365479717822 0.0734851749275138 0.0637533844158687 0.0613371399825696 0.0582450578875024 0.0484070754814361 0.0448520069299177 0.0471798467622823 0.0495357668272865 0.0544019284941131 0.0731881132834367 0.0849925345482843 0.0889403676524766 0.0990988033241046 0.110375364354169 0.117064237611793 0.120364793894281 0.119073707702459 0.126202909470138 0.13511688559927 0.126479123666682 0.124954140819305 0.135099213990041 0.148217141418514 0.16251503799318 0.169182506487872 0.176424996994314 0.184820468216418 0.198534075205166 0.215101310344973 0.219246009288821 0.225228001073828 0.236771718369312 0.243907819591314 0.248164726157582 -9999 -9999 -9999 -9999 -9999 -9999 -9999 -9999 -9999 -9999 -9999 -9999 -9999 -9999 -9999 -9999 -9999 -9999 -9999 -9999 -9999 -9999
0.0738358232334237 0.0690868131518982 0.062758692887831 0.0636585624884038 0.0622016629943659 0.0472559498148118 0.0416924332395913 0.0449137901069567 0.04743695514374 0.052295969649276 0.0709064905635519 0.0818716087335691 0.0842333446100715 0.0934836725004445 0.104046095626135 0.110122813073773 0.113899021670883 0.114557719648966 0.120216126014876 0.126991562860785 0.124232447711549 0.125578329291103 0.133659347897301 0.147314593154606 0.163149662836771 0.162493728651742 0.163933855704873 0.169576810018628 0.179636785523234 0.192066865246144 0.202158759428738 0.213912800320158 0.229986280152756 0.236337299680065 -9999 -9999 -9999 -9999 -9999 -9999 -9999 -9999 -9999 -9999 -9999 -9999 -9999 -9999 -9999 -9999 -9999 -9999 -9999 -9999 -9999 -9999 -9999
0.0681201549343119 0.0665172680842036 0.0664827436953756 0.0662529510690112 0.0622628981666396 0.0431885541328974 0.0374663913090554 0.0442463350875486 0.0463956379693184 0.0503430020364812 0.0693884333233777 0.0801868679496771 0.0817049458154727 0.0876923172523648 0.0946551460919273 0.0997486190677224 0.105013813737098 0.110511715271795 0.113639482224685 0.116252430943867 0.123613155484322 0.12965826783259 0.133544833177357 0.148579211600779 0.168035021088121 0.158657255074528 0.152597883325759 0.153192247462085 0.160016647403021 0.170183986737427 0.186645123517604 0.204976817436927 0.227455449881978 -9999 -9999 -9999 -9999 -9999 -9999 -9999 -9999 -9999 -9999 -9999 -9999 -9999 -9999 -9999 -9999 -9999 -9999 -9999 -9999 -9999 -9999 -9999 -9999
0.0649598457803757 0.0649710668603215 0.0662232869528274 0.0682711482629557 0.0663815549433217 0.0481478928393226 0.039978058257251 0.041231331595057 0.0403711339176006 0.0413863197449081 0.0551542103149044 0.068007506350215 0.0798316078893469 0.0877915884181154 0.0945335952353802 0.0997515739809262 0.104604361256584 0.1089622631137 0.112727086233093 0.116586024721969 0.125085405366129 0.133422308590841 0.141492632386623 0.14408690019199 0.144187081431927 0.136914966556852 0.133034422391125 0.135954340718605 0.145755686469819 0.15924949812967 0.172557608016023 0.182417142868857 0.183717828695642 -9999 -9999 -9999 -9999 -9999 -9999 -9999 -9999 -9999 -9999 -9999 -9999 -9999 -9999 -9999 -9999 -9999 -9999 -9999 -9999 -9999 -9999 -9999 -9999
0.063798958711764 0.0645568279105165 0.0667499838174048 0.0686783717996076 0.0673151241959952 0.0527989804868643 0.0441501216279694 0.0409950034179451 0.0374972297065087 0.035886471582505 0.0451408033798493 0.0590508316762028 0.0781999216889105 0.0878936782827503 0.09486204630533 0.100238334355974 0.104830567857224 0.108360297998369 0.112464698546753 0.11707316803892 0.126403428147391 0.136011131219365 0.146074039617852 0.138710953141191 0.123891043990113 0.117689605729452 0.115330873453158 0.120677178210911 0.132933713303406 0.148898169494345 0.161397538126619 0.170231954039565 -9999 -9999 -9999 -9999 -9999 -9999 -9999 -9999 -9999 -9999 -9999 -9999 -9999 -9999 -9999 -9999 -9999 -9999 -9999 -9999 -9999 -9999 -9999 -9999 -9999
0.0673457729681082 0.0668371809940892 0.0694735420279466 0.0651897106229415 0.0601857788454909 0.0560711392440058 0.0519116348042729 0.0477101218730694 0.0426661657422602 0.0393177209339334 0.0463210555128288 0.0586952269267656 0.0771132084673371 0.0875942540684592 0.0956472617876499 0.101187644907438 0.106022148831308 0.109900087911483 0.113397665840551 0.117167775700334 0.127199644871403 0.135750634104828 0.141871918771114 0.131575292778284 0.114264893228948 0.105854869385103 0.10274176441271 0.1102495490522 0.123255832247748 0.139212523435236 0.157290750711425 -9999 -9999 -9999 -9999 -9999 -9999 -9999 -9999 -9999 -9999 -9999 -9999 -9999 -9999 -9999 -9999 -9999 -9999 -9999 -9999 -9999 -9999 -9999 -9999 -9999 -9999
0.070351066074605 0.0665172352147129 0.0674672134254016 0.0633447026694852 0.0597230480778167 0.0609091507322533 0.0574600911097434 0.0496709695906392 0.0451055741356678 0.0424423050354339 0.0467962960940819 0.0584074986115506 0.0781852512315628 0.0878612621017015 0.0947992368017574 0.101492177654807 0.106125590501154 0.10796805541022 0.111171093100359 0.115349338373971 0.127327553402377 0.136390116394243 0.140668920156685 0.127887837945859 0.107889106059384 0.101843116313889 0.100681464200341 0.109313432127997 0.121455224725997 0.135480334133507 -9999 -9999 -9999 -9999 -9999 -9999 -9999 -9999 -9999 -9999 -9999 -9999 -9999 -9999 -9999 -9999 -9999 -9999 -9999 -9999 -9999 -9999 -9999 -9999 -9999 -9999 -9999
0.073007893778486 0.06452401371849 0.0624172328563301 0.0625573750713533 0.0635502412315695 0.0667547784558693 0.0615844594479693 0.0485724744419657 0.0457885489177422 0.0453695520064928 0.0468178662429053 0.0581634483484044 0.0806464396901946 0.0884927656698771 0.0929002320019016 0.101381800001789 0.105528821475885 0.103801927350958 0.106911376520199 0.112299868811702 0.127025409877907 0.137608729684233 0.141395837551021 0.126419281357425 0.103604907109255 0.102865403033544 0.105396385248257 0.114485042728678 0.124723592431308 0.135579156245644 -9999 -9999 -9999 -9999 -9999 -9999 -9999 -9999 -9999 -9999 -9999 -9999 -9999 -9999 -9999 -9999 -9999 -9999 -9999 -9999 -9999 -9999 -9999 -9999 -9999 -9999 -9999
0.0791371066598366 0.0699927955743922 0.061999350254452 0.0622417089068731 0.0637946577428922 0.0661217560238905 0.0629627817842767 0.0546670091143076 0.0515228427928229 0.0495201425408716 0.0481818181678005 0.0581455075262674 0.0808273685849751 0.0848186910427554 0.0843751361387963 0.0887688528620943 0.0913395320471146 0.0914397408911247 0.0956531555118297 0.101688254530115 0.113858766873307 0.125613713076276 0.136686832938581 0.13711597876866 0.132710243705299 0.114840383128897 0.105911126802442 0.114908739492994 -9999 -9999 -9999 -9999 -9999 -9999 -9999 -9999 -9999 -9999 -9999 -9999 -9999 -9999 -9999 -9999 -9999 -9999 -9999 -9999 -9999 -9999 -9999 -9999 -9999 -9999 -9999 -9999 -9999
0.0842080605039524 0.0761081112176124 0.0641676050815533 0.063566602137415 0.0645091442055999 0.0654633503676534 0.0641523330314258 0.0607203090065963 0.0570978321936829 0.0538955682501922 0.0532386571786535 -9999 -9999 -9999 0.0775373512058558 0.0784904923936735 0.0796678773574921 0.0811491439398372 0.0860895210448303 0.0924237870902669 0.101779104468126 0.113850464858789 0.130378082603617 0.141961100385702 0.150830588051829 0.122194730101778 0.10308793618932 -9999 -9999 -9999 -9999 -9999 -9999 -9999 -9999 -9999 -9999 -9999 -9999 -9999 -9999 -9999 -9999 -9999 -9999 -9999 -9999 -9999 -9999 -9999 -9999 -9999 -9999 -9999 -9999 -9999 -9999
0.0851579897619765 0.082391680299578 0.0731907530247462 0.0698447626208708 0.0675543684172712 0.0663148072681773 0.0654318450199157 0.0648827785900525 0.060942243448634 0.0566569507060428 0.0541945991136001 0.0528908368912811 -9999 -9999 0.0775373512058558 0.0784904923936735 0.0791073634059061 0.0792685413904819 0.0834774511948891 0.0891755673215599 0.096211756580799 0.106042741504782 0.120459194580667 0.125743982219064 0.126824487898686 0.112587395980732 -9999 -9999 -9999 -9999 -9999 -9999 -9999 -9999 -9999 -9999 -9999 -9999 -9999 -9999 -9999 -9999 -9999 -9999 -9999 -9999 -9999 -9999 -9999 -9999 -9999 -9999 -9999 -9999 -9999 -9999 -9999
0.0878838463827629 0.0872648651855704 0.0825676946678843 0.0748887511159759 0.0679599761241694 0.0656985854493335 0.0651240587440415 0.0661290008041404 0.0632164602561274 0.0595187128751533 0.0557759668851923 0.0543892900549061 0.0556539011120844 0.0593941594156197 -9999 -9999 -9999 0.0783387118252357 0.0823347795690955 0.0877546066362525 0.0937762740603322 0.102627188150086 0.116120094727152 0.118649669338581 0.116439826460559 -9999 -9999 -9999 -9999 -9999 -9999 -9999 -9999 -9999 -9999 -9999 -9999 -9999 -9999 -9999 -9999 -9999 -9999 -9999 -9999 -9999 -9999 -9999 -9999 -9999 -9999 -9999 -9999 -9999 -9999 -9999 -9999
0.0919907457825251 0.091041270467694 0.0922197625604411 0.0789729907225484 0.0663128966606239 0.0639410291706803 0.0635819163497554 0.0651074149672794 0.0642696216597127 0.062458534925011 0.0578436945460433 0.0555460016035244 0.0558557978794352 0.0593941594156197 0.0633288960302126 -9999 -9999 -9999 0.0823347795690955 0.0877546066362525 0.0937762740603322 0.102627188150086 0.116120094727152 0.118649669338581 -9999 -9999 -9999 -9999 -9999 -9999 -9999 -9999 -9999 -9999 -9999 -9999 -9999 -9999 -9999 -9999 -9999 -9999 -9999 -9999 -9999 -9999 -9999 -9999 -9999 -9999 -9999 -9999 -9999 -9999 -9999 -9999 -9999
0.0965894445969377 0.0939484975486026 0.0922306524482939 0.0850680401994337 0.0776178933501399 0.0719947442663982 0.0690246192914812 0.0685386120577536 0.0679915083755141 0.0667275039175488 0.0615465907184461 0.0582807647252138 0.057169989016271 0.0578487912678027 0.0588966457416996 0.059015437129271 -9999 -9999 -9999 -9999 -9999 -9999 -9999 -9999 -9999 -9999 -9999 -9999 -9999 -9999 -9999 -9999 -9999 -9999 -9999 -9999 -9999 -9999 -9999 -9999 -9999 -9999 -9999 -9999 -9999 -9999 -9999 -9999 -9999 -9999 -9999 -9999 -9999 -9999 -9999 -9999 -9999
