layers/veg_sum/veg1500.asc
NCOLS 255 
NROWS 330 
XLLCORNER -2985163.8955 
YLLCORNER -3022031.214 
CELLSIZE 25000 
NODATA_value -9999 
[rows 75 to 99 of 330, columns 0 to 56 of 255]
-9999 -9999 -9999 -9999 -9999 -9999 -9999 -9999 -9999 -9999 -9999 -9999 -9999 -9999 -9999 -9999 -9999 -9999 -9999 -9999 -9999 -9999 -9999 -9999 -9999 0.754498952759638 0.762369814556533 0.770267514159846 0.779214452771898 0.78486679458872 0.784207589536368 0.718190682110686 0.618653711849109 0.445874145730907 0.325443084452227 0.332605637235507 0.372024649447894 0.431630187681005 0.548262954036413 0.639343279463545 0.642035184023245 0.638609473251828 0.630552851102083 0.625875045590476 0.620848039180544 0.612804557970211 0.633592473040446 0.680650629479587 0.687793366673409 0.68791390893592 0.690721555524435 0.684024185665152 0.666918617985414 0.667410609624483 0.672154671268788 0.674740809296789 0.684984476966702
-9999 -9999 -9999 -9999 -9999 -9999 -9999 -9999 -9999 -9999 -9999 -9999 -9999 -9999 -9999 -9999 -9999 -9999 -9999 -9999 -9999 -9999 -9999 -9999 -9999 0.761783188095192 0.762735085657866 0.764118760998204 0.782383029349838 0.794853460158934 0.796224482003917 0.747340910534285 0.672683221179113 0.492684425558722 0.35797240006106 0.335770399985904 0.381228738259127 0.469029826009929 0.571464278022218 0.650422115740143 0.656244739848444 0.653430611220355 0.644078635023572 0.636492883791346 0.627953720290774 0.614852161528009 0.630329208676675 0.671846162737033 0.680821480122238 0.683858200184358 0.687958053654445 0.687202148419719 0.681129082773369 0.684334994628235 0.688731320793076 0.683765724056087 0.686799256879407
-9999 -9999 -9999 -9999 -9999 -9999 -9999 -9999 -9999 -9999 -9999 -9999 -9999 -9999 -9999 -9999 -9999 -9999 -9999 -9999 -9999 -9999 -9999 -9999 -9999 0.772319945315393 0.765961747270514 0.760392939801228 0.785685797111425 0.803114054113365 0.8054758867429 0.774001226118446 0.725172813161306 0.53416765675952 0.383031820613691 0.333453730229364 0.390353574149974 0.513888741026697 0.600554498140589 0.665055203676791 0.671342221183165 0.668508691856604 0.65877109259116 0.649819055757494 0.639443584264942 0.62316829178419 0.634108566711883 0.669846791688688 0.679782361380262 0.68458379209192 0.687983318080139 0.6917054665765 0.695780893671012 0.700560178733161 0.703878625328983 0.694356772943193 0.69042829359089
-9999 -9999 -9999 -9999 -9999 -9999 -9999 -9999 -9999 -9999 -9999 -9999 -9999 -9999 -9999 -9999 -9999 -9999 -9999 -9999 -9999 -9999 -9999 -9999 -9999 0.790064680778176 0.781704964781069 0.77409318278532 0.795722297679894 0.809853868294293 0.809622193549942 0.789180858178431 0.758374576220441 0.545042382367729 0.375443898853663 0.318593983154815 0.395073609957967 0.554992657165049 0.638326846935336 0.695492690516646 0.690997622438138 0.68566431541537 0.679696478423877 0.675999883558784 0.670999355233084 0.659830153635262 0.670414717738832 0.700820613771561 0.704559770189942 0.703177708926268 0.701322395676023 0.699425483403074 0.697483019303907 0.700020008686587 0.703260161104585 0.70298560768944 0.696892848326036
-9999 -9999 -9999 -9999 -9999 -9999 -9999 -9999 -9999 -9999 -9999 -9999 -9999 -9999 -9999 -9999 -9999 -9999 -9999 -9999 -9999 -9999 -9999 -9999 -9999 0.798400720996258 0.789100741100488 0.780573743809446 0.802266932526609 0.816652553237777 0.817038871200793 0.759057969820316 0.671142220841087 0.514179333537656 0.389269416268119 0.343712154840292 0.427005902812164 0.590936344955632 0.661456012520105 0.707688572732207 0.70146715311535 0.695572624276296 0.68992554516078 0.687946907057428 0.685109643050566 0.677140272374338 0.682424043076571 0.699783650117783 0.709727167355125 0.716851566912074 0.716482566876663 0.714131143030494 0.709608922395106 0.710099945547272 0.71218754262297 0.716672960510562 0.713225391253517
-9999 -9999 -9999 -9999 -9999 -9999 -9999 -9999 -9999 -9999 -9999 -9999 -9999 -9999 -9999 -9999 -9999 -9999 -9999 -9999 -9999 -9999 -9999 -9999 -9999 0.798400720996258 0.789100741100488 0.780657715549428 0.805717798010447 0.823503397277878 0.82735307525387 0.688797355415817 0.477206052784002 0.446336899438762 0.422067095658644 0.404250491591319 0.483048070974491 0.622308105404245 0.671611417027016 0.703722516885622 0.703798064719166 0.699059861434605 0.690677745674562 0.687282876415491 0.683763351035721 0.677304877875281 0.67290654552874 0.670385347258826 0.697520227112829 0.726166286104444 0.733256214668405 0.735026034833311 0.730970221665781 0.729589225148555 0.729572478771181 0.734842126061222 0.738300904837763
-9999 -9999 -9999 -9999 -9999 -9999 -9999 -9999 -9999 -9999 -9999 -9999 -9999 -9999 -9999 -9999 -9999 -9999 -9999 -9999 -9999 -9999 -9999 -9999 -9999 -9999 -9999 -9999 -9999 0.818523369616105 0.805347008960354 0.660617146642544 0.448417323143943 0.447313012557731 0.448838613658667 0.44588384072922 0.519991373583848 0.642325533553148 0.675447652502063 0.69549309561257 0.695616238476038 0.691589967510218 0.684422673993062 0.679648124392167 0.674813859433979 0.668569921354998 0.662553630425557 0.656744764259979 0.684951476891501 0.715280168221619 0.722935119866245 0.726980717904498 0.72707399597093 0.728863354342598 0.731404299510341 0.736409923857215 0.741200225386734
-9999 -9999 -9999 -9999 -9999 -9999 -9999 -9999 -9999 -9999 -9999 -9999 -9999 -9999 -9999 -9999 -9999 -9999 -9999 -9999 -9999 -9999 -9999 -9999 -9999 -9999 -9999 -9999 -9999 0.73369406093368 0.756173800692413 0.641341624415762 0.456086163866782 0.466603771317451 0.480846457210151 0.493977365688695 0.55994338354055 0.658974323242125 0.67901362832776 0.689323736272981 0.687508704741804 0.684135864411781 0.679583794250956 0.67380197553418 0.667782738024687 0.66144961682244 0.655131455715709 0.648826925767048 0.675137353062249 0.703595751362671 0.710912332944037 0.716645356330468 0.720644349371595 0.725490028009597 0.730476253962179 0.734857882244035 0.73974518928829
-9999 -9999 -9999 -9999 -9999 -9999 -9999 -9999 -9999 -9999 -9999 -9999 -9999 -9999 -9999 -9999 -9999 -9999 -9999 -9999 -9999 -9999 -9999 -9999 -9999 -9999 -9999 -9999 0.725984236767593 0.723797804059238 0.717422763951318 0.628968885353805 0.498419159996673 0.51599518980533 0.544514485350416 0.59141945783842 0.632112256326691 0.668917392799035 0.686892678630032 0.697307637610376 0.689203361215601 0.68658923571511 0.688131043673816 0.683176434599427 0.677190193051308 0.670407858301842 0.66315331782499 0.655468518670637 0.67945941791313 0.706028371264978 0.71466066156823 0.720786461522102 0.724167600534599 0.726974935388781 0.729661076103001 0.732554067474957 0.736349022609541
-9999 -9999 -9999 -9999 -9999 -9999 -9999 -9999 -9999 -9999 -9999 -9999 -9999 -9999 -9999 -9999 -9999 -9999 -9999 -9999 -9999 -9999 -9999 -9999 -9999 -9999 -9999 0.710977128859206 0.715994677655176 0.713513392414733 0.696666390995147 0.633181202042395 0.545776644447609 0.557838801940233 0.583438592085241 0.636030808405613 0.660346594317509 0.666966609883983 0.684399055502303 0.696368819247321 0.689737440932775 0.687093677081954 0.687468456927159 0.685382023666191 0.68230501424297 0.676603634680503 0.670368895039296 0.663648174841731 0.679066739168147 0.696500219875394 0.702521379680652 0.711499011610384 0.723714044221238 0.728191289226697 0.730647285323215 0.732866759518223 0.735641370590244
-9999 -9999 -9999 -9999 -9999 -9999 -9999 -9999 -9999 -9999 -9999 -9999 -9999 -9999 -9999 -9999 -9999 -9999 -9999 -9999 -9999 -9999 -9999 -9999 -9999 -9999 -9999 0.710772212411394 0.70757352195471 0.702815670214265 0.695070891656764 0.655053429523341 0.598484247515056 0.591645444596323 0.596015157319713 0.624387528450338 0.641799059708137 0.652351149997591 0.670860520002418 0.685929011782677 0.689035728482716 0.685522880997894 0.676999156979642 0.679954137961488 0.682849001804052 0.679857914329828 0.676725933124602 0.673465574081385 0.673653760668726 0.674236135776291 0.673464832722542 0.687912720093168 0.719025948915228 0.729121684931393 0.733551627084136 0.735965530643076 0.73779647223087
-9999 -9999 -9999 -9999 -9999 -9999 -9999 -9999 -9999 -9999 -9999 -9999 -9999 -9999 -9999 -9999 -9999 -9999 -9999 -9999 -9999 -9999 -9999 -9999 -9999 0.709137360809329 0.702218459870602 0.695645183918977 0.702584309585981 0.703167383028255 0.691573997858843 0.650345558354928 0.593918162226689 0.561826184262258 0.549389901904738 0.582233734774364 0.612212514261019 0.640398304818025 0.6597361352009 0.675206759449019 0.681036998159995 0.683118508356092 0.682362306699744 0.684519635891613 0.685131335673028 0.678321958197347 0.673579173384078 0.670719401364379 0.668265345830862 0.666091788892831 0.664994596658905 0.673594591486743 0.692813215098141 0.710472690276889 0.726452600897497 0.732435359968596 0.737310246111966
-9999 -9999 -9999 -9999 -9999 -9999 -9999 -9999 -9999 -9999 -9999 -9999 -9999 -9999 -9999 -9999 -9999 -9999 -9999 -9999 -9999 -9999 -9999 -9999 -9999 0.714156526479734 0.69644893564294 0.679627231644835 0.697439767645888 0.702317409901064 0.682415331541233 0.634941991495607 0.573328153993481 0.521594862182666 0.4976086148968 0.538783152525128 0.58292943275626 0.628935469465321 0.649967722292584 0.665671904958969 0.670826875544735 0.679003772506048 0.689468206764093 0.689213431127977 0.685701082901499 0.674851281038722 0.668179949325952 0.665315905277133 0.663355527852446 0.661841951691688 0.661786570037656 0.662687594032687 0.664635902821672 0.687667331812811 0.714200577609061 0.725695151582401 0.735184181606088
-9999 -9999 -9999 -9999 -9999 -9999 -9999 -9999 -9999 -9999 -9999 -9999 -9999 -9999 -9999 -9999 -9999 -9999 -9999 -9999 -9999 -9999 -9999 -9999 -9999 0.73144601059582 0.707393199578127 0.68396559430406 0.684980756241314 0.672790420941467 0.635301962707913 0.58922845940876 0.538751936425652 0.51982801529374 0.514739061311996 0.54078984390702 0.575740081009863 0.616259716402905 0.645762505408726 0.665323511157427 0.65759352671679 0.663889978010753 0.68080415816229 0.676851625213927 0.670624734855135 0.665865886977997 0.663430672022636 0.663112676681399 0.66189923407967 0.6606317329862 0.659970618805201 0.66002285230955 0.660856216900271 0.669738824460128 0.682299887561335 0.707430389361817 0.725829362334773
-9999 -9999 -9999 -9999 -9999 -9999 -9999 -9999 -9999 -9999 -9999 -9999 -9999 -9999 -9999 -9999 -9999 -9999 -9999 -9999 -9999 -9999 -9999 -9999 -9999 0.737003588486698 0.714075987728813 0.691507846622372 0.682992981052268 0.662368753584599 0.618546298861039 0.567965401590186 0.513918295890464 0.515164123948896 0.524496197104753 0.550160196606569 0.578153746157469 0.607605159451467 0.633609428617231 0.650671470309024 0.641804897566901 0.648876255181949 0.668012304518067 0.663793406477783 0.658053361211171 0.657923954533576 0.658437006559716 0.659535446301818 0.658944939370835 0.658047502163621 0.657212048012435 0.656866774510073 0.657058259380379 0.659068085696748 0.664064653177685 0.688759159177689 0.709883236176438
-9999 -9999 -9999 -9999 -9999 -9999 -9999 -9999 -9999 -9999 -9999 -9999 -9999 -9999 -9999 -9999 -9999 -9999 -9999 -9999 -9999 -9999 -9999 -9999 -9999 0.727531614804168 0.715299469535544 0.703154549141903 0.694419733879176 0.676422598633192 0.640681390189463 0.578025443100494 0.501565710109648 0.506788876731883 0.524807506265468 0.568964014372951 0.592869677867571 0.604102090517113 0.611274479580337 0.617695263135739 0.622742740940236 0.633990732514627 0.649932387912965 0.649843024761035 0.648691068960138 0.651318783556222 0.653130259456167 0.654198004898055 0.654071580369009 0.653703047079109 0.653245902847368 0.653081254166693 0.653236894417008 0.657695154572369 0.663336008663981 0.669567209589252 0.685493095474092
-9999 -9999 -9999 -9999 -9999 -9999 -9999 -9999 -9999 -9999 -9999 -9999 -9999 -9999 -9999 -9999 -9999 -9999 -9999 -9999 -9999 -9999 -9999 -9999 -9999 0.72403643518038 0.718462783336377 0.712801866521603 0.703729277008663 0.690878496217877 0.6707897337216 0.623221507811647 0.561559865106506 0.524072536207304 0.513718657645319 0.566348741870224 0.595320353355109 0.609486174495068 0.596361469893217 0.588462112758663 0.601978924199764 0.615654886513587 0.629451322827077 0.631230803368369 0.63254021160744 0.637947237086969 0.645616963645637 0.655348390682361 0.655488149995235 0.65393777681223 0.653018862596932 0.65280424931446 0.653360860729415 0.655100622679405 0.656785326775912 0.655658734034119 0.666491784131774
-9999 -9999 -9999 -9999 -9999 -9999 -9999 -9999 -9999 -9999 -9999 -9999 -9999 -9999 -9999 -9999 -9999 -9999 -9999 -9999 -9999 -9999 -9999 -9999 -9999 -9999 -9999 0.721138823051068 0.711868163108676 0.704665110888875 0.701423029877176 0.676393974802175 0.640191014998479 0.550302961099422 0.502694250275837 0.55785936659355 0.593290812851156 0.616372663052562 0.584090434055427 0.561829157003152 0.581286130173771 0.596103817385086 0.607409658726168 0.611851800161637 0.616237744158793 0.623786322597975 0.637671396213976 0.657330080518411 0.657940136436747 0.655184548065091 0.653634899055402 0.653234197097898 0.654091616919565 0.651788565715314 0.648521093767192 0.644071193199482 0.649612843387843
-9999 -9999 -9999 -9999 -9999 -9999 -9999 -9999 -9999 -9999 -9999 -9999 -9999 -9999 -9999 -9999 -9999 -9999 -9999 -9999 -9999 -9999 -9999 -9999 -9999 -9999 -9999 0.721188969078186 0.713928942058463 0.708520695922619 0.70665995576898 0.688061200994382 0.660878005802373 0.585037156329954 0.538114831155044 0.562093796532312 0.584665503957552 0.606356530434875 0.574951617638835 0.552538427711309 0.568289453682547 0.575258044256781 0.575578508427489 0.601604283908945 0.625230239829264 0.626902186125039 0.633185875534954 0.643671637004123 0.648082098290848 0.6506801164082 0.649762466317219 0.648406454542293 0.646570427277813 0.644446435603745 0.642262200922922 0.640186298024589 0.637545949861264
-9999 -9999 -9999 -9999 -9999 -9999 -9999 -9999 -9999 -9999 -9999 -9999 -9999 -9999 -9999 -9999 -9999 -9999 -9999 -9999 -9999 -9999 -9999 -9999 -9999 -9999 -9999 0.707551257376256 0.708572543001809 0.708309648750939 0.705586616892265 0.692005007291436 0.672854349284553 0.601857776568083 0.552312521413317 0.556159504960362 0.569590260946111 0.589018670584323 0.562053098545381 0.54289653529443 0.556944584822644 0.563839072475122 0.565318458115969 0.598527097090229 0.627887649275864 0.626718358301717 0.629996436265163 0.63732681382278 0.641926105584918 0.645337499141979 0.645199184799597 0.644037770202896 0.641756038782378 0.637780625759719 0.633472515013223 0.629970679560878 0.62148916593181
-9999 -9999 -9999 -9999 -9999 -9999 -9999 -9999 -9999 -9999 -9999 -9999 -9999 -9999 -9999 -9999 -9999 -9999 -9999 -9999 -9999 -9999 -9999 -9999 -9999 -9999 -9999 0.707476832786714 0.705514022989543 0.701803593831818 0.694745203697629 0.683993223404582 0.671346908247868 0.590948794603404 0.533657901914222 0.534484379829351 0.54453074023478 0.560347027070215 0.54333468813071 0.5327110543549 0.548156657754179 0.567012467180793 0.588449733766719 0.606549335313781 0.620738561639503 0.621426720977664 0.628813286745778 0.64230322510083 0.641500752766929 0.638697399182958 0.639566492969171 0.640379692301845 0.641131686003505 0.632161736588347 0.620765247884156 0.609955317688639 0.59925616794394
-9999 -9999 -9999 -9999 -9999 -9999 -9999 -9999 -9999 -9999 -9999 -9999 -9999 -9999 -9999 -9999 -9999 -9999 -9999 -9999 -9999 -9999 -9999 -9999 -9999 -9999 -9999 0.707455286659621 0.704628572880786 0.700391549248121 0.693452757449049 0.682899749280047 0.670493114752967 0.617494244978813 0.574353847471762 0.556601249453544 0.541069081037866 0.526926487322642 0.522442857271705 0.525641533764823 0.549683775839795 0.56971325813261 0.586705162230671 0.616376786865334 0.641234533399078 0.641203597793542 0.645144542557716 0.652704537019839 0.643907080815478 0.633468910650458 0.630660406068084 0.628187198427538 0.626081148163133 0.616585849486016 0.605271621980086 0.59460171819743 0.585901035004446
-9999 -9999 -9999 -9999 -9999 -9999 -9999 -9999 -9999 -9999 -9999 -9999 -9999 -9999 -9999 -9999 -9999 -9999 -9999 -9999 -9999 -9999 -9999 -9999 -9999 -9999 -9999 -9999 -9999 -9999 0.694261987604747 0.684576025989766 0.669922416642837 0.658195185057096 0.637677968543153 0.59621136955256 0.547472456288862 0.494182430971856 0.50181843755844 0.519370823999734 0.553468662336717 0.569846668989087 0.572811120566668 0.625692214609897 0.672382144488335 0.670510465790701 0.667938399567434 0.664728162748088 0.646928022273038 0.62834084578358 0.620128634453821 0.612435411154524 0.605310490931517 0.597088697983138 0.588698092442955 0.581194471995839 0.576132121242989
-9999 -9999 -9999 -9999 -9999 -9999 -9999 -9999 -9999 -9999 -9999 -9999 -9999 -9999 -9999 -9999 -9999 -9999 -9999 -9999 -9999 -9999 -9999 -9999 -9999 -9999 -9999 -9999 -9999 -9999 -9999 0.684576025989766 0.669922416642837 0.661232345976558 0.648038814261462 0.623885709733522 0.590135630116859 0.55037963445183 0.520462606423727 0.497064615852683 0.491002861757116 0.4890996561532 0.490344387855732 0.592517844892013 0.682660700153397 0.676503079306664 0.667780565670973 0.656721004186625 0.631585168048764 0.607043623907476 0.59965576305109 0.593897134538304 0.589922550547776 0.582218772599859 0.57401272743057 0.569382754106422 0.56530058071552
-9999 -9999 -9999 -9999 -9999 -9999 -9999 -9999 -9999 -9999 -9999 -9999 -9999 -9999 -9999 -9999 -9999 -9999 -9999 -9999 -9999 -9999 -9999 -9999 -9999 -9999 -9999 -9999 -9999 -9999 -9999 -9999 -9999 0.669387315864034 0.662912201672499 0.654650173560833 0.624659503483576 0.581070757107913 0.525959875670794 0.479621025800656 0.461903461814596 0.452603849497202 0.449676456754705 0.571283796637007 0.679573823768454 0.674954299161525 0.66294211723214 0.644193983622558 0.614680681583364 0.587237305113741 0.581438305303576 0.57750515075446 0.575615136970643 0.568513325159831 0.560583707540063 0.556667692484196 0.552186865242644
