layers/veg_sum/veg1900.asc
NCOLS 255 
NROWS 330 
XLLCORNER -2985163.8955 
YLLCORNER -3022031.214 
CELLSIZE 25000 
NODATA_value -9999 
[rows 175 to 199 of 330, columns 58 to 115 of 255]
-9999 -9999 -9999 -9999 -9999 -9999 -9999 -9999 -9999 -9999 -9999 -9999 -9999 -9999 -9999 -9999 -9999 -9999 -9999 -9999 0.206021104659682 0.211930730663244 0.230697408746815 0.242500854934696 0.220077413120872 0.147082043978678 0.0273749624686828 0.00399803612280766 0 0 0 0 0 0 0 0 0 0 0.00713212496005558 0.118470535814713 0.201991786220882 0.240526670096598 0.24199124170732 0.228589084421806 0.269965315121714 0.301496036959164 0.313584725137583 0.319964163925649 0.323325706851629 0.310963884531359 0.299445924312411 0.291090032177371 0.289910803374848 0.293353274853469 0.291746939654082 0.289706599039808 0.28756628934095 0.293955580442618
-9999 -9999 -9999 -9999 -9999 -9999 -9999 -9999 -9999 -9999 -9999 -9999 -9999 -9999 -9999 -9999 -9999 -9999 -9999 -9999 0.187771789964813 0.161425031469506 0.16431492564666 0.16876194675318 0.164162158910965 0.111957416654006 0.0157814623950808 9.44447301274518e-05 0 0 0 0 0 0 0 0 0 0 0.00751312499951843 0.124799263798783 0.202495698028657 0.216167014961276 0.224185005366758 0.230477130570367 0.274425022356164 0.306860642932667 0.316562856077442 0.314739162856374 0.30682290251308 0.288836288481133 0.277509723532722 0.283172694873605 0.284856432234669 0.283977582227319 0.280861342947588 0.277637875110148 0.274633309951789 0.283059590344612
-9999 -9999 -9999 -9999 -9999 -9999 -9999 -9999 -9999 -9999 -9999 -9999 -9999 -9999 -9999 -9999 -9999 -9999 -9999 -9999 0.227404068206371 0.233766473638328 0.206110401209237 0.174836924903436 0.146948609061095 0.0922796406746078 0.012874218592349 0 0 0 0 0 0 0 0 0 0 0 0.00674798138656022 0.112089591112165 0.182011381943288 0.194651662744651 0.221378946206958 0.254041119486839 0.28133601748701 0.297414099140193 0.291342211298469 0.289010386771255 0.288655550956405 0.277624610446791 0.269320374021317 0.268429713836772 0.266427426935269 0.263709263410849 0.259423578166218 0.255431948343225 0.252735487653438 0.26904113537818
-9999 -9999 -9999 -9999 -9999 -9999 -9999 -9999 -9999 -9999 -9999 -9999 -9999 -9999 -9999 -9999 -9999 -9999 -9999 -9999 0.314449726039911 0.30261925984615 0.24583109075908 0.187125644575176 0.144218777545959 0.0854109662471691 0.011915948540883 0 0 0 0 0 0 0 0 0 0 0.000600894239127859 0.00740395685152916 0.101837062299928 0.164412829844646 0.175468389844332 0.215235832635335 0.266577697663828 0.27872748216174 0.280885699403716 0.26331345988514 0.261936823523285 0.269121145075309 0.26470700710912 0.259924020465107 0.255049439527792 0.250109788081363 0.245128231869956 0.240584731496234 0.236771201005157 0.235107541770613 0.252891433828917
-9999 -9999 -9999 -9999 -9999 -9999 -9999 -9999 -9999 -9999 -9999 -9999 -9999 -9999 -9999 -9999 -9999 -9999 -9999 -9999 0.326682462169641 0.33647384022983 0.274119377327077 0.209591884185024 0.173991437247891 0.108405890369287 0.0151240416532794 0 0 0 0 0 0 0 0 0 0 0.00264591422293774 0.0115435959265619 0.0986242290463167 0.155000259431497 0.161720304427821 0.20017896812215 0.251320540929915 0.253094646105037 0.248220078241395 0.230216303262781 0.232853114723016 0.24640049185412 0.247039108065065 0.246807736906497 0.245350875401767 0.239663348719138 0.231251315460656 0.228620630083411 0.227234616579636 0.228275560698502 0.231805780019875
-9999 -9999 -9999 -9999 -9999 -9999 -9999 -9999 -9999 -9999 -9999 -9999 -9999 -9999 -9999 -9999 -9999 -9999 -9999 -9999 0.337906274214767 0.34037090647593 0.274390289792468 0.207696065242671 0.173776429548437 0.108814958482658 0.0151811120132439 0 0 0 0 0 0 0 0 0 0 0.010845139730825 0.029037331314064 0.100633159831426 0.149860211389817 0.162912111247236 0.196265558395191 0.237465013413729 0.232656838708692 0.225609353540966 0.214139877595838 0.218356776717734 0.230865456977425 0.234422965094239 0.2355705136623 0.231450341109323 0.22627978693832 0.220432797383014 0.220202479423458 0.220298175226401 0.220020110999435 0.220366569894271
-9999 -9999 -9999 -9999 -9999 -9999 -9999 -9999 -9999 -9999 -9999 -9999 -9999 -9999 -9999 -9999 -9999 -9999 -9999 -9999 0.331820605443138 0.323528577790622 0.256888093518734 0.190345924486593 0.154538437339241 0.0948964570907776 0.0132392987585864 0 0 0 0 0 0 0 0 0 0 0.0229483486592062 0.0550023747194073 0.105954570213316 0.147430481753436 0.173581191999873 0.199421113551229 0.224498623773468 0.21551455104754 0.20937705558115 0.208860727254631 0.213114087052507 0.219888692826845 0.225011455422888 0.225525291608976 0.214884243926766 0.211033031414411 0.211554405668285 0.214033739007432 0.215011161310293 0.210861669371112 0.215046680298268
-9999 -9999 -9999 -9999 -9999 -9999 -9999 -9999 -9999 -9999 -9999 -9999 -9999 -9999 -9999 -9999 -9999 -9999 -9999 -9999 0.329310094899697 0.329796453700067 0.26542401805539 0.197783134723693 0.15094698105213 0.0887561368034289 0.0123826436499573 0 0 0 0 0 0 0 0 0 0 0.0210225456702453 0.0510957263611542 0.108841660783027 0.154020864884412 0.178876947316575 0.194745174812081 0.206581055724886 0.208540137505874 0.208730896086933 0.205429727571755 0.206356821139468 0.209518964145611 0.209836616382074 0.208830015423775 0.204783931401347 0.204561761905802 0.206802155585527 0.202926740413391 0.201696823935677 0.210153822032839 0.217043790810513
-9999 -9999 -9999 -9999 -9999 -9999 -9999 -9999 -9999 -9999 -9999 -9999 -9999 -9999 -9999 -9999 -9999 -9999 -9999 -9999 0.317391495779145 0.328044960748713 0.269141260064298 0.203064041579989 0.144790181243979 0.0807076297990144 0.011259771500051 0 0 0 0 0 0 0 0 0.000138222256054031 0.000461168765455047 0.0237920150166875 0.0565532925752681 0.112661462012566 0.156456474731764 0.180338449156017 0.189265542173355 0.191928956401436 0.202284932419252 0.207311772620823 0.201815110242648 0.199450954001323 0.198742633170574 0.194340903599309 0.19217055527042 0.195714695637617 0.198329412600356 0.20034559007327 0.192892876898605 0.191087330076343 0.209077369416907 0.217208910168732
-9999 -9999 -9999 -9999 -9999 -9999 -9999 -9999 -9999 -9999 -9999 -9999 -9999 -9999 -9999 -9999 -9999 -9999 -9999 -9999 0.307228667375139 0.299918931749135 0.252284535119305 0.196133788018297 0.127272150412408 0.0650912297963321 0.00908107914938368 0 0 0 0 0 0 0 0 0.000695761778570806 0.00232135988540718 0.0440141812755819 0.0972512233273999 0.119867587200246 0.144224773742359 0.171397247157809 0.183139113682932 0.188315631309346 0.195885815553328 0.19998267645548 0.197220727898016 0.192440718042829 0.186593965710052 0.179190041136319 0.177140839404849 0.188294438285431 0.190814613439564 0.187774949011564 0.187244070154113 0.190519490428567 0.20494976393264 0.210142774436238
-9999 -9999 -9999 -9999 -9999 -9999 -9999 -9999 -9999 -9999 -9999 -9999 -9999 -9999 -9999 -9999 -9999 -9999 -9999 -9999 0.266635270292486 0.270856212421924 0.222850670703922 0.164287138594304 0.0911277434385722 0.0386919976097145 0.00539804047090506 0 0 0 0 0 0 0.00175665349485075 0.0177296720354168 0.0279361651763503 0.0304361056298704 0.0600703827709034 0.0983362894189695 0.127753341122374 0.153644710721934 0.173834289598203 0.181338768939701 0.183482609412016 0.189573287792267 0.193178157899804 0.191874275317848 0.185672027132027 0.176880514355335 0.169582447924144 0.167570399313765 0.178380005765246 0.181003298081674 0.178354684975412 0.18249013599224 0.188130587692836 0.19675641333563 0.199908716791902
-9999 -9999 -9999 -9999 -9999 -9999 -9999 -9999 -9999 -9999 -9999 -9999 -9999 -9999 -9999 -9999 -9999 -9999 -9999 -9999 0.257952916395698 0.246827455093953 0.183770573299996 0.113330471324972 0.0406975472021224 0.0040227043517814 0.000561219948177344 0 0 0 0 0 0 0.00486059974505009 0.0490573921537612 0.0756414065723307 0.0786871909223406 0.0729314327116058 0.0690396520429957 0.136160346886675 0.179670708636432 0.184998053811359 0.18285638149921 0.177714122054798 0.183327170893688 0.186775972311441 0.185951010758071 0.179088592957286 0.169034789918123 0.164226351392709 0.162187035798667 0.1665526267566 0.169430633861323 0.171350651661817 0.17842253829402 0.184344992261233 0.185444776205989 0.187244972101233
-9999 -9999 -9999 -9999 -9999 -9999 -9999 -9999 -9999 -9999 -9999 -9999 -9999 -9999 -9999 -9999 -9999 -9999 -9999 -9999 0.226178374661994 0.225689612075127 0.170284071464416 0.108671520162789 0.0510707826634846 0.016176992784316 0.00225690238658943 0 0 0 0 0 0.0134934066315716 0.0329746792639235 0.0722272071822347 0.0942807843888897 0.0933491823685441 0.0955396516581978 0.101628991626035 0.149155131475238 0.179209275955784 0.181007423957887 0.176323730849978 0.168992870178797 0.168659308371892 0.168545901295477 0.168867236164875 0.165243039164231 0.159533243253782 0.160604406277688 0.161391636823531 0.161010791569485 0.165488925347039 0.173096193614529 0.172573921294289 0.171954569051182 0.173035352841894 0.17403461266455
-9999 -9999 -9999 -9999 -9999 -9999 -9999 -9999 -9999 -9999 -9999 -9999 -9999 -9999 -9999 -9999 -9999 -9999 -9999 -9999 0.211237720375706 0.210711340613974 0.164219322838927 0.112887758541634 0.0663211454585461 0.0303746627487358 0.00423766331378562 0 0 0 0.000964219280036934 0.00299877291090159 0.0269628665367603 0.0570396466632247 0.0899621357237992 0.107675961028126 0.105064484626481 0.116807123217059 0.133984626920946 0.159173747467352 0.174718124667164 0.174664865289891 0.169195647046743 0.161450539022777 0.156086544911634 0.152703509822368 0.153232296104508 0.152694590473274 0.151593139713345 0.158244543338183 0.161463809405129 0.155748730422575 0.160348606943958 0.171591212898746 0.164895628885799 0.159164911692391 0.160832288294207 0.161586441114812
-9999 -9999 -9999 -9999 -9999 -9999 -9999 -9999 -9999 -9999 -9999 -9999 -9999 -9999 -9999 -9999 -9999 -9999 -9999 -9999 0.211703774209423 0.212001163006068 0.174203058806953 0.128158122208702 0.0693089183527056 0.0283641571889444 0.00395717145373214 0 0 0 0.00573766469553725 0.0178444403851315 0.0333406158063772 0.0521390775413976 0.0904564491194278 0.115425818843102 0.122556529680641 0.127723396387413 0.133325557285471 0.155055741965325 0.168042500272634 0.16688924654472 0.163889780815721 0.160096807555808 0.156157798817353 0.152427277864195 0.149108460013016 0.149036286808373 0.150680282363323 0.159971380741283 0.162584270081242 0.148332523349036 0.146515994091163 0.152707622027571 0.150912616921504 0.149260145535792 0.150013726197324 0.152432805540331
-9999 -9999 -9999 -9999 -9999 -9999 -9999 -9999 -9999 -9999 -9999 -9999 -9999 -9999 -9999 -9999 -9999 -9999 -9999 -9999 0.196736715625624 0.199726278509689 0.160414996314978 0.115052194901419 0.0677549016759745 0.0345979745477683 0.0145020626666329 0.00596972228547205 0.00157349801929661 0.00745682652186167 0.0170393853435197 0.0307282852891563 0.0485267011889546 0.0690936092711509 0.103328493404505 0.126944509696061 0.136369161373372 0.134002336195569 0.129199673770402 0.147457319986411 0.158472333902105 0.157774444485676 0.156845805855679 0.155797441406812 0.153618558879187 0.151499437425937 0.149498326817605 0.148049981645026 0.146893826987733 0.153930915766204 0.155160628857252 0.141617013430123 0.138614383555147 0.142400044231465 0.141091509259208 0.140601427575072 0.143896167023934 0.148045755918542
-9999 -9999 -9999 -9999 -9999 -9999 -9999 -9999 -9999 -9999 -9999 -9999 -9999 -9999 -9999 -9999 -9999 -9999 -9999 0.195045345848167 0.188569188384501 0.177122324284888 0.124685824220364 0.0757552618344235 0.0620088629721886 0.0484412116592142 0.035038663883886 0.0174494328532043 0.00459931747565288 0.0217962222477036 0.0343666325259416 0.0418013894490077 0.0718427843248168 0.106220159704836 0.127625047725468 0.141941792162505 0.146785734834651 0.136001068103797 0.121873959016982 0.136646511720836 0.146230536992067 0.147423590896195 0.148197575576508 0.148779286710269 0.148669861716231 0.149970169497722 0.154054291956036 0.149529901831827 0.14045507210948 0.140721315772452 0.139850875164248 0.135548239310092 0.136187023194394 0.140008032569338 0.13511179368172 0.133092798451001 0.142117582058164 0.148058212921984
-9999 -9999 -9999 -9999 -9999 -9999 -9999 -9999 -9999 -9999 -9999 -9999 -9999 -9999 -9999 -9999 -9999 -9999 0.139777888442857 0.139892636240284 0.13514031778976 0.126652333764083 0.0903766354901517 0.0571206901651421 0.0502599558027744 0.0420412726708824 0.0325682946033762 0.0245279328979391 0.0213410624169471 0.0429328380228834 0.0556850992068294 0.0586250322965572 0.0888156398883604 0.123776517436272 0.139406067472814 0.147796042102141 0.146510837061964 0.130201083130681 0.110956038895818 0.123554935463966 0.135893512802546 0.147811097628321 0.150458477918827 0.149172525230105 0.149915362497088 0.150771545543564 0.151851553736187 0.147563677449644 0.140438349993916 0.137685885787785 0.135495661385076 0.134374770415245 0.134227475304975 0.134707166309196 0.132963455467682 0.13265479532464 0.13733157871551 0.140924243649306
-9999 -9999 -9999 -9999 -9999 -9999 -9999 -9999 -9999 -9999 -9999 -9999 -9999 -9999 -9999 -9999 -9999 -9999 0.0977607926902528 0.0904392127791763 0.0849577377357603 0.0808886158551317 0.063536514269897 0.0469206160375017 0.0401246727576614 0.0335319917307299 0.0271270577088009 0.0301213851373564 0.0381197222619168 0.0633645783708618 0.0762640745569103 0.0754595688915314 0.10159332052228 0.132478327669969 0.144542342812376 0.149769020786345 0.145858082001784 0.127050818612513 0.105371268916911 0.115818422936306 0.129786237649559 0.149447722379801 0.153167297732545 0.150135971268679 0.151309366928869 0.15118766206339 0.14850850807429 0.145521694333034 0.142372252367036 0.136471982485878 0.132647187088607 0.134089782653156 0.132580733203668 0.129170853527212 0.130532759237537 0.131839618805192 0.13180206695253 0.132756610234309
-9999 -9999 -9999 -9999 -9999 -9999 -9999 -9999 -9999 -9999 -9999 -9999 -9999 -9999 -9999 -9999 -9999 -9999 0.100409004994765 0.103777297271846 0.0996207677710958 0.0896886403551881 0.075598233628255 0.0607364794816545 0.0449866138326795 0.0347691511685696 0.0296617966332991 0.0322838702241035 0.0407664527414429 0.0728827322814544 0.0886742345699637 0.0863443714972405 0.0983154443223007 0.113751784985834 0.126827473295867 0.140309199807432 0.154333567610996 0.146376444319001 0.132376494184928 0.139420095430601 0.14455912651644 0.146618055610849 0.146899264619557 0.146438518219249 0.147034128029859 0.147085415449712 0.14606182351185 0.146670896580178 0.148142992548622 0.134476337483411 0.126499508894761 0.13349383054419 0.132136535868547 0.125400882793017 0.122572002609602 0.121597077194713 0.125394773147222 0.12646708751236
-9999 -9999 -9999 -9999 -9999 -9999 -9999 -9999 -9999 -9999 -9999 -9999 -9999 -9999 -9999 -9999 -9999 -9999 0.122413768349277 0.120274453113172 0.111583218005787 0.0978631256222969 0.0826107438506834 0.0668242120718234 0.0497219820221576 0.0383278395669284 0.0322060796363012 0.0326070787647371 0.03924767174748 0.0728388508668247 0.0897188120801626 0.0880484383859872 0.0958416708059403 0.106250346540602 0.117705292017998 0.133664583084319 0.155643612935729 0.15717315960531 0.152127175332455 0.152721399640298 0.150359829351494 0.143218099730478 0.141667094707159 0.142483586078504 0.14182544111732 0.141385339410588 0.141375810094922 0.142952457174318 0.145367553382821 0.131942854574298 0.124105289087742 0.131036736705317 0.1287294188716 0.120472427365689 0.114439924233146 0.111244325276495 0.116275376663172 0.116679092599534
-9999 -9999 -9999 -9999 -9999 -9999 -9999 -9999 -9999 -9999 -9999 -9999 -9999 -9999 -9999 -9999 -9999 -9999 0.123858309953041 0.127550085029596 0.120550090633619 0.105343740884904 0.0840224946301478 0.0643396315151843 0.0543169511382706 0.0444616491174731 0.0347609492651224 0.030890097405023 0.033108359677887 0.0621884252984569 0.0781562878019483 0.0795689119879672 0.0942598361214147 0.11120018647814 0.118114421188442 0.130142689424378 0.14900550118162 0.158509309031097 0.163830862308536 0.154597174943802 0.146208269507588 0.139185559213579 0.137583940501211 0.138243049120603 0.13558134100728 0.133912895065478 0.134205854759558 0.133834659330514 0.133112393058209 0.128812783040447 0.12587453665509 0.126515199339181 0.122035727714626 0.114258940181916 0.106117809778766 0.100769324228726 0.104147620992697 0.103010469922733
-9999 -9999 -9999 -9999 -9999 -9999 -9999 -9999 -9999 -9999 -9999 -9999 -9999 -9999 -9999 -9999 -9999 -9999 0.134660863339635 0.134540021293352 0.12148289365631 0.0984966558962884 0.0744034321954963 0.0524089419771093 0.0392908492195622 0.0307376966087217 0.0264010368699963 0.0318943994477422 0.0421734736715893 0.0680657381096427 0.080864466009268 0.0791286764800769 0.092136141076368 0.108071898249092 0.11636093923642 0.128961247676329 0.147323259650042 0.156678055110899 0.16215945717905 0.155848573619548 0.146956834036538 0.133891291909922 0.128150738219466 0.125489703462334 0.119685023825342 0.117228471310507 0.121383501915763 0.121214228646194 0.118759138471818 0.120147069511209 0.118650753374716 0.109833030107475 0.10467648365189 0.101877698890808 0.0906553020919579 0.0833982393240628 0.0904779631168293 0.0897242900688442
-9999 -9999 -9999 -9999 -9999 -9999 -9999 -9999 -9999 -9999 -9999 -9999 -9999 -9999 -9999 -9999 -9999 -9999 0.154812962069521 0.144963716077065 0.122939388700936 0.0915702054953203 0.0639949231388601 0.0389933187284709 0.0221977084148066 0.0151691787187935 0.0171621968376867 0.0336712229255187 0.0536942667982461 0.0775350121370253 0.0872831449762693 0.0813877332780314 0.0893221923022088 0.10099480104583 0.113516666022049 0.12842615635367 0.146526538829871 0.154061751848736 0.157638007677547 0.155920960380063 0.147736400097885 0.12909247210962 0.118328761477793 0.110924486977236 0.102654755830573 0.0998488356771933 0.107832362643511 0.108592006827771 0.105533123484927 0.11056273814696 0.109394601709827 0.0925058627454754 0.0871156771876283 0.0891304464185638 0.0755036960787921 0.0668211458010669 0.0772788987222923 0.0772637870236045
-9999 -9999 -9999 -9999 -9999 -9999 -9999 -9999 -9999 -9999 -9999 -9999 -9999 -9999 -9999 -9999 -9999 -9999 0.158151598277243 0.161779215254759 0.145655978263923 0.114373180771832 0.0705915847701551 0.033605822688309 0.0299985544515205 0.0267934373329569 0.0239597746626477 0.0359199213489752 0.0528223823064199 0.080985120901789 0.0934244386202623 0.0884099283293861 0.0820811657997295 0.0791436684696313 0.106445408572693 0.128151019305381 0.142377799572651 0.151818020197127 0.15844602111028 0.147793137680628 0.138379563013194 0.130970218731704 0.116706911603064 0.0997681753389524 0.0969246381878091 0.0963801773471336 0.10037572755487 0.103379869463232 0.105859955265485 0.105292022432109 0.102784171663368 0.0957455612949195 0.0905345491971244 0.0865004923290709 0.0779989966108192 0.0712753484279879 0.071149527001438 0.0706621870599368
