layers/veg_sum/veg1600.asc
NCOLS 255 
NROWS 330 
XLLCORNER -2985163.8955 
YLLCORNER -3022031.214 
CELLSIZE 25000 
NODATA_value -9999 
[rows 150 to 174 of 330, columns 57 to 113 of 255]
-9999 -9999 -9999 -9999 -9999 -9999 -9999 -9999 -9999 -9999 -9999 -9999 -9999 -9999 -9999 -9999 -9999 -9999 -9999 -9999 -9999 0.490583711954035 0.491882726032519 0.326905104798674 0.162152551336125 0.0847672309387457 0.0385163239116505 0.0210233036989081 0.0528278356630618 0.0855679766381367 0.0717221101393477 0.0595634111550684 0.0492775572629462 0.0367649271262855 0.0234660572029469 0.00853850608285612 0 0 0 0.00457684595149636 0.0760252232331817 0.11497353663355 0.10136221553292 0.118013670929535 0.148842363828583 0.245404733898905 0.311634359139647 0.317965582562258 0.322513452881443 0.32611864692508 0.326267731734406 0.326699897792108 0.328065758340811 0.331510846669559 0.336294937146012 0.338523325562377 0.342352168138153
-9999 -9999 -9999 -9999 -9999 -9999 -9999 -9999 -9999 -9999 -9999 -9999 -9999 -9999 -9999 -9999 -9999 -9999 -9999 -9999 -9999 0.522425581563731 0.5266661778448 0.388293579268551 0.238945520855379 0.120358746647782 0.053171077953255 0.0334591603231304 0.0580092310248465 0.0828466638468881 0.062864152651034 0.0505142498976001 0.0466369458273488 0.0308256365100809 0.0130498719225835 0.00474840787388344 0 0 0 0.00366151285070131 0.0608207780632688 0.0969878079710578 0.0992058518397037 0.113664744243488 0.134729791375887 0.229564235859291 0.2948757523443 0.301888021134087 0.309799387476864 0.318186014681317 0.323039857542516 0.326252123287185 0.325697037339249 0.329370230364144 0.335766393272405 0.340187246564635 0.347107848859987
-9999 -9999 -9999 -9999 -9999 -9999 -9999 -9999 -9999 -9999 -9999 -9999 -9999 -9999 -9999 -9999 -9999 -9999 -9999 -9999 -9999 0.518650893857375 0.516219580532239 0.416334170091475 0.301174394556525 0.176287031099344 0.0833891076703792 0.0200388325187397 0.0455845072720504 0.0766622692540875 0.0445525109683273 0.0355232974333577 0.052114708163069 0.0406518726137194 0.0223280836123662 0.00812443590731412 0 0 0 0.00380475204998818 0.0632001004649691 0.0969811047434064 0.0893381730346466 0.0988124816104951 0.117189599846697 0.220588792832887 0.289687555804986 0.29105288578044 0.299915179877169 0.312740351657613 0.332512655430287 0.343336105819893 0.331791376200832 0.331087637976952 0.337365391103234 0.348425579719488 0.359329121237858
-9999 -9999 -9999 -9999 -9999 -9999 -9999 -9999 -9999 -9999 -9999 -9999 -9999 -9999 -9999 -9999 -9999 -9999 -9999 -9999 -9999 0.53657657017527 0.529893421942775 0.447694072257202 0.348205729649538 0.219612317763691 0.109075667293524 0.0152174843072353 0.0393766271048893 0.0748085983716832 0.0476246489533694 0.0413324865498336 0.0582313116685936 0.0461027630470349 0.0266561509328861 0.00969927350460033 0 0 0.0112623002506719 0.0273101566154291 0.0572611386795107 0.0712203154443289 0.0593172833036566 0.0820172665970333 0.120702685016844 0.222366296411362 0.291992853122413 0.298355488771216 0.307640602517124 0.318470531343486 0.345649639930683 0.358969804591275 0.337258152520948 0.332348262136261 0.338258540276746 0.353122114103068 0.366953249747315
-9999 -9999 -9999 -9999 -9999 -9999 -9999 -9999 -9999 -9999 -9999 -9999 -9999 -9999 -9999 -9999 -9999 -9999 -9999 -9999 -9999 0.548483039277587 0.562845045441832 0.482076197055257 0.381399753205999 0.251462614222528 0.130636337519327 0.0182254802146242 0.0388291636464197 0.0768980379300333 0.0701666516790952 0.0660801397477765 0.0649295780681497 0.0475699148841561 0.0264771272333014 0.00963413282354515 0 0 0.0327788897783825 0.0720867399339197 0.0437484050672311 0.022010511044948 0.010946957836094 0.0634529994967518 0.143384713005013 0.233934324359886 0.30112095324144 0.32217244599472 0.331399538606367 0.334376280984693 0.362122854921706 0.373283024518066 0.342153535102981 0.333192986384816 0.338509016447687 0.354593851744125 0.370391693092492
-9999 -9999 -9999 -9999 -9999 -9999 -9999 -9999 -9999 -9999 -9999 -9999 -9999 -9999 -9999 -9999 -9999 -9999 -9999 -9999 -9999 0.555063352382923 0.555058402314889 0.511960926661739 0.452974796750604 0.353559171695879 0.216522761229661 0.0447372043490308 0.0456654567259759 0.0739610611106566 0.0694773209256065 0.0660183484015071 0.0636969221304662 0.0523533482733932 0.0384044092715536 0.022552195738827 0.0100533770181998 0.00203613290449101 0.0378274604289718 0.084094549233142 0.0655206928802436 0.0469850576619117 0.0285112342870998 0.0830551999247411 0.169051457234387 0.264559500884153 0.328229372610051 0.329028059226752 0.336204645784972 0.346752575321279 0.377274094483887 0.393329974954476 0.372617247195882 0.361026526347115 0.355310287823405 0.366781261147211 0.379001157560007
-9999 -9999 -9999 -9999 -9999 -9999 -9999 -9999 -9999 -9999 -9999 -9999 -9999 -9999 -9999 -9999 -9999 -9999 -9999 -9999 -9999 0.533470678135375 0.537799235679389 0.535520530323508 0.520059448080034 0.455897199989691 0.304638848988986 0.0729325435117088 0.0508679494888927 0.0660020430731134 0.062897940233595 0.060273827607276 0.0581825294806097 0.0544904774812237 0.0491019662599028 0.0333875286231093 0.0181902481502516 0.00368411159081509 0.0362451057717715 0.0819654261913676 0.0858460925497818 0.080138811757616 0.0589257461248532 0.112354492630247 0.198032165084754 0.298688337301824 0.359059263216748 0.33987847418119 0.345031683644978 0.36304778774834 0.39360088341042 0.413296741866159 0.405567262521663 0.391597327805647 0.373608601485692 0.380259722031217 0.38852565264059
-9999 -9999 -9999 -9999 -9999 -9999 -9999 -9999 -9999 -9999 -9999 -9999 -9999 -9999 -9999 -9999 -9999 -9999 -9999 -9999 -9999 0.529877297423253 0.52785441263428 0.530210198535968 0.525362710487515 0.489748379248589 0.34062621416236 0.0866604022888521 0.04012701095648 0.0365662687598346 0.0483457897072889 0.0492163821069998 0.0379774873836905 0.0393871296337709 0.0412959191374799 0.0203527282547197 0.00624258463229191 0.00126432461011548 0.016068795856635 0.037870226313265 0.0635052400812922 0.0827302422819429 0.0915888690084166 0.154859681039682 0.241514869410384 0.332357890088172 0.39164719846817 0.388627047262973 0.393878539498606 0.403502403092707 0.417436144282511 0.427146906784749 0.42623001860322 0.4097928860423 0.383360869440119 0.389901166265948 0.397737567654158
-9999 -9999 -9999 -9999 -9999 -9999 -9999 -9999 -9999 -9999 -9999 -9999 -9999 -9999 -9999 -9999 -9999 -9999 -9999 -9999 -9999 0.529154961383031 0.527014917910049 0.533403872568675 0.535171990448357 0.514228532580026 0.37155898132453 0.116454833201936 0.0501178388916813 0.026072015023828 0.0332332238319842 0.0314353724986034 0.0196924910054327 0.0272963898319959 0.0360645613624519 0.0131226764643769 0 0 0.00395775581319804 0.0114327848458961 0.050612525156146 0.0813787781416832 0.0985386019127879 0.161686154253897 0.244748627136235 0.339527488707753 0.404811771779986 0.411852789221876 0.419651111174611 0.427849742518888 0.4327541377447 0.437443764424641 0.441838374418446 0.430131724006892 0.408056020973759 0.404234732198013 0.403718935087439
-9999 -9999 -9999 -9999 -9999 -9999 -9999 -9999 -9999 -9999 -9999 -9999 -9999 -9999 -9999 -9999 -9999 -9999 -9999 -9999 -9999 0.532485943447767 0.536233542334811 0.545902759922756 0.54991182378018 0.528454765919131 0.396960929982785 0.163829553243254 0.0827936829931124 0.0363038630013266 0.0175074429047107 0.0062973361397054 0.00350843803861925 0.0185020918614307 0.0336504680766759 0.0122442694091605 0 0 0.000671857501428072 0.00431673288156953 0.0480581069336144 0.0757129383138709 0.0773523499613697 0.129472431242755 0.203941371486981 0.317700431899222 0.396723005185101 0.407151058742048 0.420175447954121 0.434572254115333 0.438752406851149 0.44385253885721 0.451916128105222 0.452815771452454 0.449101904418933 0.423702489503698 0.406165387915198
-9999 -9999 -9999 -9999 -9999 -9999 -9999 -9999 -9999 -9999 -9999 -9999 -9999 -9999 -9999 -9999 -9999 -9999 -9999 -9999 -9999 -9999 0.538693873767687 0.542345144472318 0.542280612984268 0.525620803738991 0.395305696276307 0.160010733785832 0.0722236209802599 0.0202355726927554 0.00753224566970218 0.000609998061442929 0.000105054079678224 0.0107868085206558 0.021411509712725 0.00779092560561373 0 0 0 0.00156110317009551 0.0259312238721376 0.0403654469311093 0.0387311739260066 0.117425354856679 0.230041435642398 0.316344978599403 0.377154861156403 0.387622134660579 0.408741801414074 0.435492298301343 0.446240067067982 0.45605447821145 0.464704607074777 0.466288582542964 0.463322025037845 0.447430804503509 0.429872476154803
-9999 -9999 -9999 -9999 -9999 -9999 -9999 -9999 -9999 -9999 -9999 -9999 -9999 -9999 -9999 -9999 -9999 -9999 -9999 -9999 -9999 -9999 -9999 0.481936815013072 0.527793143114897 0.517889576442542 0.387688033033738 0.146370999577373 0.0551786717039868 0.00247159605739608 0.000852022416653964 0 0 0.00391037940667617 0.0077619924824063 0.00282432704620641 0 0 0 0.000104294349921163 0.00173241601721895 0.00211637483889028 0.000488253171592502 0.112131171015934 0.270355257142595 0.323705832756646 0.362313841373962 0.371809542260391 0.399823929342961 0.437627250595587 0.455068504118331 0.469269040478153 0.476967642142788 0.475008361005139 0.466829498762111 0.463826791249499 0.449003413529139
-9999 -9999 -9999 -9999 -9999 -9999 -9999 -9999 -9999 -9999 -9999 -9999 -9999 -9999 -9999 -9999 -9999 -9999 -9999 -9999 -9999 -9999 0.428949814274101 0.468577990282186 0.504668600931224 0.506158025199476 0.387812046891246 0.158777843863287 0.0743540051515288 0.024236201707825 0.0083548390068923 0 0 0.00141717072547938 0.00281304379280355 0.00102357167752823 0 0 0 3.77975853925664e-05 0.00062784937435039 0.000767000885053716 0.000176949096095896 0.119089786969304 0.28738661630815 0.358033866725407 0.407402858494255 0.414753440993735 0.434534746714257 0.46088690362844 0.471374792727278 0.478765429723334 0.479690698656283 0.465106622931714 0.440534682479082 0.414439634321593 0.389759045564488
-9999 -9999 -9999 -9999 -9999 -9999 -9999 -9999 -9999 -9999 -9999 -9999 -9999 -9999 -9999 -9999 -9999 -9999 -9999 -9999 -9999 0.419345801873993 0.422669739682968 0.456461697955057 0.487959323005867 0.494536864023148 0.38831955448272 0.177917158587768 0.111183228623418 0.0710604543420204 0.0244963572651121 0 0 0 0 0 0 0 0 0 0 0 0 0.124367265706298 0.300249745149883 0.381059497658062 0.437524534537632 0.445915796127057 0.459533708642575 0.475914416601759 0.471983676902696 0.467888117701163 0.464808637498435 0.447616380999266 0.421335635998559 0.38861056504222 0.362049979719508
-9999 -9999 -9999 -9999 -9999 -9999 -9999 -9999 -9999 -9999 -9999 -9999 -9999 -9999 -9999 -9999 -9999 -9999 -9999 -9999 -9999 0.41475237051425 0.409957236972526 0.44598185398805 0.479699119441497 0.483061089512908 0.389332133563815 0.205923316684266 0.171263096740698 0.150888931323083 0.0520152763343014 0 0 0 0 0 0 0 0 0 0 0 0 0.127430641831111 0.307623203334008 0.389199561938321 0.447933822649184 0.461561543688874 0.471741897577482 0.480099981260497 0.451918660207792 0.430178096988428 0.426740166186668 0.420131876817934 0.411481907855018 0.393808126362994 0.375873748981027
-9999 -9999 -9999 -9999 -9999 -9999 -9999 -9999 -9999 -9999 -9999 -9999 -9999 -9999 -9999 -9999 -9999 -9999 -9999 -9999 -9999 0.466660341146249 0.462592025162704 0.460032583396807 0.459734323058511 0.467594500933733 0.392018804758643 0.239375993373809 0.183110901692094 0.137330714955976 0.0473414121565157 0 0 0 0 0 0 0 0.00120454370661686 0.00261229008897496 0.000997686948559183 0.00227838555247643 0.0082414134591285 0.15338730647198 0.355562699494738 0.417639520497751 0.458300531799057 0.456671510266849 0.453748875775372 0.450142440502042 0.432604056793193 0.418049900734134 0.41176652662447 0.40877575036676 0.407905374595043 0.385951568781114 0.36579218736072
-9999 -9999 -9999 -9999 -9999 -9999 -9999 -9999 -9999 -9999 -9999 -9999 -9999 -9999 -9999 -9999 -9999 -9999 -9999 -9999 -9999 0.533637568431068 0.532296496292553 0.480406038481769 0.436441965143617 0.450117143711572 0.392281106746286 0.268392389815474 0.179590348825945 0.100350896204742 0.0361265959193735 0.00168037469377913 0.000289394717996263 0 0 0 0 0 0.00259404113359912 0.00562568872052542 0.00214856544332992 0.00490660970528133 0.0177482688212465 0.182786594627734 0.409533463939234 0.447721127831829 0.465922646997023 0.444657308335697 0.427064282958101 0.411412433785205 0.414565062534024 0.414430653684691 0.404944563332087 0.403011210752661 0.405941746678575 0.37538758390085 0.350765248244471
-9999 -9999 -9999 -9999 -9999 -9999 -9999 -9999 -9999 -9999 -9999 -9999 -9999 -9999 -9999 -9999 -9999 -9999 -9999 -9999 -9999 0.534618661377298 0.535011709770534 0.474991088230676 0.421171541682903 0.42329770734364 0.35141913261626 0.211184686766594 0.186297809645938 0.170487823971093 0.0829690727663322 0.0265225092107487 0.00456771582077085 0 0 0 0 0 0.000987157695490844 0.00214084574102245 0.000817632721461924 0.00186720151296068 0.00675407183085992 0.154237116580917 0.359871107290381 0.406969895633467 0.43591017033376 0.428992630230055 0.419624313741509 0.408960522593334 0.410653759924097 0.410317258263371 0.404154039842787 0.400064226648383 0.397309665934521 0.387606494764279 0.377633031965966
-9999 -9999 -9999 -9999 -9999 -9999 -9999 -9999 -9999 -9999 -9999 -9999 -9999 -9999 -9999 -9999 -9999 -9999 -9999 -9999 -9999 0.523334902033207 0.528653611331349 0.470334974240825 0.414307706611217 0.400439487671885 0.321165494334001 0.181478226630268 0.195385039644796 0.217541048427675 0.123433531815706 0.0530959334124461 0.00914420023910622 0 0 0 0 0 0 6.18038197556611e-05 0.00102661292151449 0.00172015647242714 0.00197500494085464 0.136881208565225 0.326940323508184 0.380389139853928 0.415626957689409 0.414903318281055 0.411485422840917 0.406643349969775 0.406219348968457 0.404604678533752 0.399769760979329 0.3961879158389 0.393413036952803 0.392585617371533 0.389229969822278
-9999 -9999 -9999 -9999 -9999 -9999 -9999 -9999 -9999 -9999 -9999 -9999 -9999 -9999 -9999 -9999 -9999 -9999 -9999 -9999 -9999 0.516726091934009 0.510363468359982 0.466887606319417 0.420834679521793 0.383891068087863 0.307809815339741 0.195578343677632 0.208262990759235 0.227824370013314 0.153738481717903 0.0824271193430408 0.0141956273477771 0 0 0 0 0 0 0.000222054600944378 0.0036885118672679 0.00618034064167547 0.00709598428929599 0.137355476119731 0.320661169272999 0.376380457305576 0.410841435696356 0.403323398338555 0.402233223469403 0.404540801663784 0.400951681632559 0.396344766996067 0.389661009128307 0.39083128567913 0.397059482798141 0.386032521451569 0.376502062064139
-9999 -9999 -9999 -9999 -9999 -9999 -9999 -9999 -9999 -9999 -9999 -9999 -9999 -9999 -9999 -9999 -9999 -9999 -9999 -9999 -9999 0.514669114079787 0.51355313210638 0.479235389091183 0.438770705946929 0.391261885724391 0.318024828195713 0.221023400110789 0.208877063649133 0.201628922320475 0.131994837933292 0.0684921860578229 0.0117957482593204 0 0 0 0 0 0 0.00015676950889451 0.00260407211345288 0.0245663285319114 0.0780884872172719 0.200471056066717 0.350139117401237 0.380170319826796 0.399314080856947 0.396958292699003 0.399281176740276 0.404077195953036 0.400738438005835 0.396781034108854 0.391879202243998 0.393176136030215 0.398465013652295 0.381387004758084 0.367146955510996
-9999 -9999 -9999 -9999 -9999 -9999 -9999 -9999 -9999 -9999 -9999 -9999 -9999 -9999 -9999 -9999 -9999 -9999 -9999 -9999 -9999 0.486159584695694 0.521168653112713 0.496835632316219 0.460611345872688 0.408218655202053 0.337407230139899 0.249582994442922 0.203495921881267 0.160241465014348 0.0885939860395872 0.0365594378473872 0.00629627918410985 0 0 0 0 0 0 0.000107042380596507 0.00177806309552543 0.050539476813541 0.175456243757597 0.287936033350653 0.393025983572332 0.386475105822745 0.384803543727536 0.392767219435747 0.398937770732953 0.404160480664299 0.402543770519461 0.400777916301073 0.399125212193708 0.398416006534848 0.398314404555118 0.377228099524932 0.359180877385735
-9999 -9999 -9999 -9999 -9999 -9999 -9999 -9999 -9999 -9999 -9999 -9999 -9999 -9999 -9999 -9999 -9999 -9999 -9999 -9999 -9999 0.461983366415605 0.454260014157652 0.45146482981002 0.441951731309916 0.403305648354981 0.322680008677415 0.203279161438098 0.160679403565912 0.1264190820132 0.0568443927160844 0.0145389810244273 0.00250390840155689 0 0 0 0 0 0 0.00503444353202204 0.0836263001711229 0.154124146856947 0.211532228355073 0.284130314028215 0.36173510842673 0.358159747246771 0.363789463731843 0.387596547410185 0.396606417625522 0.397794515445375 0.399410221183015 0.400223937220388 0.399046656753997 0.387992837594155 0.370578625095331 0.358811670318712 0.349812202772911
-9999 -9999 -9999 -9999 -9999 -9999 -9999 -9999 -9999 -9999 -9999 -9999 -9999 -9999 -9999 -9999 -9999 -9999 -9999 -9999 -9999 0.370403159353017 0.386138664366045 0.405969426267147 0.41642352488797 0.38766223077864 0.301517681661431 0.16237000918585 0.115768177721177 0.0830625922601828 0.0286338013767605 0 0 0 0 0 0 0 0 0.0082873482434369 0.137659756717924 0.226373627298017 0.249333845858281 0.287338012565229 0.331117536919445 0.338708029950407 0.354024797487897 0.384598723503768 0.394983400173747 0.39469608690359 0.396294452301188 0.395044831020903 0.38669922621516 0.370076913596791 0.348124482920457 0.343371876013066 0.340543252293777
-9999 -9999 -9999 -9999 -9999 -9999 -9999 -9999 -9999 -9999 -9999 -9999 -9999 -9999 -9999 -9999 -9999 -9999 -9999 -9999 -9999 0.352642054031742 0.336984103896066 0.360231881714049 0.377547373569288 0.351166077434877 0.267849816961173 0.131944505241323 0.0667862425883962 0.021178180893428 0.00730066096810481 0 0 0 0 0 0 0 0 0.00828615274489564 0.137639898491443 0.237728474207752 0.290488938631234 0.304175100800323 0.301808416991072 0.336481298183884 0.36612146147838 0.385823461886387 0.394736913092961 0.397947562448222 0.393213236721314 0.380877573656242 0.350509314986587 0.337600089247253 0.335934308220865 0.33371666746316 0.331468098777492
