layers/veg_sum/veg1200.asc
NCOLS 255 
NROWS 330 
XLLCORNER -2985163.8955 
YLLCORNER -3022031.214 
CELLSIZE 25000 
NODATA_value -9999 
[rows 250 to 274 of 330, columns 57 to 113 of 255]
-9999 -9999 -9999 -9999 -9999 -9999 -9999 -9999 -9999 -9999 -9999 -9999 -9999 -9999 -9999 -9999 0.708800106591565 0.724858825112216 0.716377645854815 0.70025605739075 0.666567794726951 0.593000137545717 0.488823469994137 0.44251658373158 0.422193621774911 0.474542494091833 0.504785726401737 0.514610668322801 0.483974682404701 0.456288630272874 0.486968568909232 0.489550170602419 0.460941133553913 0.483686687156276 0.506909538325038 0.424812297830444 0.360759137436706 0.320820611828417 0.303227432622952 0.293477374921065 0.287177781329551 0.279409655191975 0.269266594218711 0.261312337676346 0.253833961024885 0.221366335781215 0.19671213637257 0.187487194120571 0.190466995834851 0.199898196637753 0.189824428521706 0.180993548282523 0.176564693516713 0.167769711354742 0.156162986286715 -9999 -9999
-9999 -9999 -9999 -9999 -9999 -9999 -9999 -9999 -9999 -9999 -9999 -9999 -9999 -9999 -9999 0.884402569978818 0.838827092021948 0.764317964401715 0.764480525847818 0.757231289189843 0.710330138948858 0.631755024863836 0.528868892532329 0.484747790233862 0.463162864719175 0.500148026214257 0.528966913834204 0.550242868911849 0.541366459297541 0.532853012275824 0.557897269282313 0.561736184827086 0.542036050845037 0.549877705735234 0.55812509516067 0.511100621753115 0.450362328496024 0.371296486517325 0.331239667420858 0.306136492784392 0.305490570572789 0.301678331620227 0.292745473482823 0.28291987793091 0.272871381261733 0.271455932306016 -9999 -9999 -9999 -9999 0.190383851636387 0.181515309667087 0.177044541659752 -9999 -9999 -9999 -9999
-9999 -9999 -9999 -9999 -9999 -9999 -9999 -9999 -9999 -9999 -9999 -9999 -9999 -9999 -9999 0.884402569978818 0.848320099715671 0.789330627696655 0.800450363725587 0.800707785386048 0.751882894728516 0.672340702007042 0.569221766739659 0.522491023600148 0.495006211759133 0.514314419369319 0.537442438671505 0.564098698926368 0.577420987760522 0.58964572303351 0.609898439291921 0.615697816648245 0.605453224099232 0.59947524065739 0.593771300416354 0.581214100584507 0.528999683140764 0.423786203734718 0.364982699318693 0.32482738631251 0.326297954289366 0.324002290027896 0.315615813434021 0.304882242429877 0.293506122239379 0.301767849963359 -9999 -9999 -9999 -9999 -9999 -9999 -9999 -9999 -9999 -9999 -9999
-9999 -9999 -9999 -9999 -9999 -9999 -9999 -9999 -9999 -9999 -9999 -9999 -9999 -9999 -9999 -9999 0.851507213100138 0.797728197417488 0.803749853765872 0.806170098723996 0.783923647639627 0.714175179740431 0.607967037794237 0.547684534708066 0.503796407462184 0.500864504850305 0.5075297073974 0.523059456728299 0.557384457077338 0.592425984382829 0.611654322059915 0.621309387345312 0.620337614417867 0.604792971062157 0.589421106979132 0.606430279062008 0.574770354487635 0.478067630021698 0.411272578052459 0.35790941007077 0.352038739294444 0.344872392077659 0.335610655744386 0.32684266225247 0.318320699972045 0.311668323009254 -9999 -9999 -9999 -9999 -9999 -9999 -9999 -9999 -9999 -9999 -9999
-9999 -9999 -9999 -9999 -9999 -9999 -9999 -9999 -9999 -9999 -9999 -9999 -9999 -9999 -9999 -9999 0.835057962253522 0.828065066562113 0.818544177503207 0.807758402992025 0.793712069519574 0.744537811731225 0.668401484616474 0.586378809762038 0.520646348688582 0.522404494398319 0.52791891567306 0.536902891561122 0.572090443090188 0.604906240699819 0.59742492451596 0.598302090003865 0.608457611815145 0.598001344500423 0.586803120460888 0.613422181466712 0.605628868946959 0.551845857033753 0.475202002038678 0.395328843198592 0.381980980746965 0.36965435467473 0.358979288766683 0.348014949742749 0.33716476176664 0.339200031889605 -9999 -9999 -9999 -9999 -9999 -9999 -9999 -9999 -9999 -9999 -9999
-9999 -9999 -9999 -9999 -9999 -9999 -9999 -9999 -9999 -9999 -9999 -9999 -9999 -9999 -9999 -9999 0.853188123409797 0.875835344551538 0.84084151972473 0.806818026774057 0.788975735718544 0.767412430156711 0.742993098995936 0.633885433398652 0.542757124584997 0.566783430893628 0.58114169006889 0.586569875570669 0.609473898984527 0.623717971090911 0.572761460954482 0.55661440967048 0.579107697067582 0.583305581911509 0.585315796714641 0.608518558991378 0.626753776838743 0.638350223464452 0.550645279776066 0.435579431916048 0.4146656372893 0.396989704538426 0.384550094933938 0.368672799911603 0.35151815622932 0.344926721923415 -9999 -9999 -9999 0.282719917733037 -9999 -9999 -9999 -9999 -9999 -9999 -9999
-9999 -9999 -9999 -9999 -9999 -9999 -9999 -9999 -9999 -9999 -9999 -9999 -9999 -9999 -9999 -9999 0.893831419407201 0.894535966232654 0.893930473476628 -9999 -9999 0.751312228627577 0.699303135369297 0.662644771692481 0.637167809549663 0.647930680728916 0.655384873916239 0.659782944411752 0.649388187693413 0.634033550959577 0.607322496171355 0.597033103955522 0.60497262492659 0.619745758679629 0.634931953403664 0.638932344335001 0.646243667118851 0.657979815772272 0.58163350736146 0.479619694860732 0.440697790456849 0.411368097282728 0.397551084887751 0.383118992530426 0.368595058853056 0.36336060290059 0.359885798937782 -9999 0.29677935303376 0.297565531233459 0.296823030513479 -9999 -9999 -9999 -9999 -9999 -9999
-9999 -9999 -9999 -9999 -9999 -9999 -9999 -9999 -9999 -9999 -9999 -9999 -9999 -9999 -9999 -9999 0.905138559435727 0.905512842963678 -9999 -9999 -9999 0.774127171690958 0.669650059798106 0.689287305476648 0.717339312558615 0.714123112515317 0.717076293001273 0.725727937911946 0.68789046402244 0.647643271830503 0.643057823211069 0.638190908965401 0.633011553001781 0.653537330693242 0.6768009797862 0.667571276188953 0.666820370501626 0.67740077757031 0.612590313127694 0.5245585250026 0.472232385508475 0.43177345497853 0.410506368747168 0.395024859078587 0.382030185825893 0.369502787743255 0.361833552885748 0.363757785899082 -9999 0.30981016161234 -9999 -9999 -9999 -9999 -9999 -9999 -9999
-9999 -9999 -9999 -9999 -9999 -9999 -9999 -9999 -9999 -9999 -9999 -9999 -9999 -9999 -9999 0.904909619019665 0.905138559435727 0.905512842963678 -9999 -9999 0.833235956601759 0.785148366719539 0.700151652333276 0.714183810840676 0.73373375743686 0.723604157368475 0.733749575088338 0.762622394534998 0.721284849692973 0.673849109151656 0.666957652541913 0.660142806077389 0.653413000922186 0.665582375765074 0.680884826382433 0.681362108045302 0.691246502810559 0.713702837823342 0.655106448872788 0.571331684403708 0.52283003977912 0.474546090032373 0.42661420000015 0.400564262464368 0.383999897505939 0.373531370027679 0.366150545038207 0.364867039806882 -9999 -9999 -9999 -9999 -9999 -9999 -9999 -9999 -9999
-9999 -9999 -9999 -9999 -9999 -9999 -9999 -9999 -9999 -9999 -9999 -9999 -9999 -9999 -9999 0.904909619019665 0.904909619019665 -9999 -9999 0.849896544712601 0.846404522710512 0.81118190415176 0.751604799502816 0.753767844415714 0.760601831974228 0.753800024907324 0.767036116758272 0.798780591029137 0.748422715828384 0.691222480547168 0.68299711504117 0.685161424285374 0.698858821499611 0.706686510647397 0.712459507553577 0.71408348632316 0.727086143622679 0.755295598695026 0.72645047774554 0.674874560972677 0.574967957852841 0.492927264166382 0.439779611222101 0.409799536635335 0.389878861690508 0.377306524694132 0.368960594035153 -9999 -9999 -9999 -9999 -9999 -9999 -9999 -9999 -9999 -9999
-9999 -9999 -9999 -9999 -9999 -9999 -9999 -9999 -9999 -9999 -9999 -9999 -9999 -9999 -9999 -9999 -9999 -9999 -9999 0.852965898911164 0.861863746115148 0.849052017409281 0.819577331750296 0.80493235202215 0.795727905716054 0.800328624729668 0.813421487476384 0.834358278592112 0.770627589770519 0.701631838610032 0.6928390218549 0.712598018037203 0.764051035276805 0.770702467729608 0.765709510216707 0.761730773037413 0.771924837027544 0.801059845758397 0.82052404033892 0.823177878235778 0.628320306613384 0.492076837467904 0.450625052856978 0.421948843381175 0.398840100609152 0.380881862760637 -9999 -9999 -9999 -9999 -9999 -9999 -9999 -9999 -9999 -9999 -9999
-9999 -9999 -9999 -9999 -9999 -9999 -9999 -9999 -9999 -9999 -9999 -9999 -9999 -9999 -9999 0.938262581948751 0.959677669560511 0.994688152552553 -9999 0.855895807633716 0.855580838063964 0.854579530161532 0.853051430481121 0.827411048448238 0.802748438794773 0.794493309339412 0.794033646618373 0.800774413445967 0.760886922407007 0.71732498698477 0.702722601553801 0.717441176665215 0.76470756731769 0.785547784953768 0.798608542073383 0.804894707055403 0.812890680262373 0.823171691036643 0.831542140465179 0.826650750357686 0.637495827593343 0.500839583762061 0.449085061557647 0.413122398073935 0.384460739679681 0.384848831746862 -9999 -9999 -9999 -9999 -9999 -9999 -9999 -9999 -9999 -9999 -9999
-9999 -9999 -9999 -9999 -9999 -9999 -9999 -9999 -9999 -9999 -9999 -9999 -9999 -9999 0.779865852024799 0.893957937276679 0.959677669560511 0.994688152552553 -9999 0.81970270218884 0.832035278793854 0.847371733151778 0.86501378232634 0.834347725126075 0.801164448724462 0.783149403513079 0.770958954895783 0.764148504533148 0.747715939885337 0.729182992544187 0.709358982532624 0.714813451453115 0.748328367719789 0.778053734728395 0.805092043027757 0.818441138131366 0.823374927375024 0.817062256489582 0.810854076754184 0.794367788794031 0.627190048078464 0.50139971121572 0.44254176031361 0.402102695395194 0.370151118448138 0.370562832464472 -9999 -9999 -9999 -9999 -9999 -9999 -9999 -9999 -9999 -9999 -9999
-9999 -9999 -9999 -9999 -9999 -9999 -9999 -9999 -9999 -9999 -9999 -9999 -9999 0.74636280471197 0.779865852024798 0.893957937276679 0.959677669560511 0.994688152552553 -9999 0.814971815927845 0.808207521265941 0.806328790978939 0.808199924310127 0.793765753389277 0.780330481842725 0.779326000327793 0.770657869666186 0.754911065251395 0.738845592139992 0.72217784505926 0.702582917151172 0.69442734980347 0.6989700771412 0.706842266460502 0.714412598219071 0.712461409887066 0.710417830883797 0.708250778293477 0.707392437869831 0.698280524836473 0.562067605761754 0.462589727368519 0.422520357175418 0.394150589676386 0.371211870188647 0.370986049177182 -9999 -9999 -9999 -9999 -9999 -9999 -9999 -9999 -9999 -9999 -9999
-9999 -9999 -9999 -9999 -9999 -9999 -9999 -9999 -9999 -9999 -9999 -9999 -9999 0.74636280471197 0.74636280471197 -9999 -9999 -9999 -9999 0.755697990104065 0.76404048400049 0.770324507339026 0.775028573222943 0.775925701231548 0.776646527754041 0.778649976651636 0.769070543411707 0.748792363112267 0.731251734244667 0.714004760598996 0.695479516713326 0.680962614781952 0.670895184223297 0.66656879668233 0.663154049673984 0.65491130333559 0.649584033454505 0.648153091321943 0.649714516319618 0.646642074862866 0.560981175846432 0.487019011003709 0.431976230274814 0.397113721749439 0.371368335519989 0.371228956492687 -9999 -9999 -9999 -9999 -9999 -9999 -9999 -9999 -9999 -9999 -9999
-9999 -9999 -9999 -9999 -9999 -9999 -9999 -9999 -9999 -9999 -9999 -9999 -9999 -9999 -9999 -9999 -9999 -9999 -9999 0.749392540776776 0.732282223626757 0.739099239971513 0.764281429808461 0.779655676696005 0.789228845664992 0.780959147902115 0.766263256179922 0.745631689475476 0.724868588630187 0.704723922998922 0.688065648806647 0.67406258811027 0.663006954697584 0.655639089187649 0.649285037150286 0.643295238280231 0.638187619559019 0.634258972111789 0.63546107545628 0.637161989844944 0.620630980245466 0.571428840329396 0.469390414477235 0.410429629007305 0.370660802052957 0.370946666135185 -9999 -9999 -9999 -9999 -9999 -9999 -9999 -9999 -9999 -9999 -9999
-9999 -9999 -9999 -9999 -9999 -9999 -9999 -9999 -9999 -9999 -9999 -9999 -9999 -9999 -9999 -9999 -9999 -9999 -9999 0.699988143129257 0.700109762216298 0.712528380098652 0.734385430239178 0.753240253394607 0.76598667088973 0.756135199834787 0.740805403240426 0.72041544816737 0.701124340863067 0.682821402687625 0.668717671229046 0.657567415906996 0.64969567516013 0.642288659801947 0.635304139051429 0.630750778672137 0.626548334812453 0.622814866021778 0.622528152424866 0.623381511180426 0.623748375287896 0.581906217645716 0.471802940151348 0.410375874021901 0.370534918866116 -9999 -9999 -9999 -9999 -9999 -9999 -9999 -9999 -9999 -9999 -9999 -9999
-9999 -9999 -9999 -9999 -9999 -9999 -9999 -9999 -9999 -9999 -9999 -9999 -9999 -9999 -9999 -9999 0.695105680842808 0.673414611495648 0.71613393800147 0.741817984502657 0.70098313602894 0.690747865954176 0.703998980862824 0.71956952793034 0.730266950651594 0.720484445950733 0.706815389703665 0.689556446981633 0.672826814994248 0.657079424330441 0.646095881234938 0.638336952077244 0.634157514781256 0.627744417629922 0.62115249659178 0.617862266071808 0.614737512118881 0.611833905875206 0.610298933213029 0.609470459291423 0.612157039836977 0.573139479650658 0.466677301446052 0.434750635763064 -9999 -9999 -9999 -9999 -9999 -9999 -9999 -9999 -9999 -9999 -9999 -9999 -9999
-9999 -9999 -9999 -9999 -9999 -9999 -9999 -9999 -9999 -9999 -9999 -9999 -9999 -9999 -9999 -9999 0.714287045990861 0.723954655648651 0.739724101337338 0.742767932160331 0.705767677698835 0.690882384666382 0.692971197984152 0.679427220186964 0.664884744864475 0.654523417671349 0.650406150671645 0.652056327373829 0.638665920636098 0.624058952061123 0.618623700985509 0.614619091233992 0.61220256894826 0.609197310747378 0.606157237858128 0.604087100527118 0.602230090101639 0.600657908687176 0.600552333925776 0.599790493755317 0.582145278108322 0.540235970394527 0.459086376409704 -9999 -9999 -9999 -9999 -9999 -9999 -9999 -9999 -9999 -9999 -9999 -9999 -9999 -9999
-9999 -9999 -9999 -9999 -9999 -9999 -9999 -9999 -9999 -9999 -9999 -9999 -9999 -9999 -9999 -9999 0.752734988258379 0.752733717345402 0.740931093466737 0.723461690841818 0.691493983626872 0.67021210674806 0.657132026700228 0.629365494364631 0.604209961658198 0.597019286512006 0.60155461187168 0.616920878265067 0.61556405778529 0.61191858836818 0.613402778450336 0.611086886526258 0.604552702776403 0.599948962886364 0.59564486418471 0.589661488006384 0.583484285491359 0.577048047808281 0.584747712347469 0.594634024374188 0.566158162260615 0.548562509639521 -9999 -9999 -9999 -9999 -9999 -9999 -9999 -9999 -9999 -9999 -9999 -9999 -9999 -9999 -9999
-9999 -9999 -9999 -9999 -9999 -9999 -9999 -9999 -9999 -9999 -9999 -9999 -9999 -9999 -9999 -9999 0.752737068606928 0.7527391987544 0.716622835218008 0.681064810191349 0.655495233161725 0.625825815124741 0.59300960718712 0.567996325394262 0.548901311100322 0.549155426851702 0.561318322980896 0.584480988212179 0.605068717721024 0.623580088733474 0.633546734134177 0.630564918643034 0.613209627356676 0.601300550237908 0.590242666083516 0.574494411405411 0.55762716084749 0.539264451567517 0.562037368870926 0.594634024374188 0.566158162260615 -9999 -9999 -9999 -9999 -9999 -9999 -9999 -9999 -9999 -9999 -9999 -9999 -9999 -9999 -9999 -9999
-9999 -9999 -9999 -9999 -9999 -9999 -9999 -9999 -9999 -9999 -9999 -9999 -9999 -9999 -9999 -9999 0.759518876356997 0.736980337819489 0.699127870111852 0.662623024924038 0.633726570731705 0.598483515348856 0.558369192886662 0.522077863710129 0.494035174294292 0.496628325077851 0.508668298826945 0.52943400838378 0.546559677920696 0.56162647153517 0.569359173100622 0.568821783917352 0.559104157005916 0.552499331596912 0.546571845592778 0.539507983967301 0.529707669328849 0.516250279092936 0.512423664221108 -9999 -9999 -9999 -9999 -9999 -9999 -9999 -9999 -9999 -9999 -9999 -9999 -9999 -9999 -9999 -9999 -9999 -9999
-9999 -9999 -9999 -9999 -9999 -9999 -9999 -9999 -9999 -9999 -9999 -9999 -9999 -9999 0.769678500703715 0.770905659859039 0.751093566341818 0.717924676729501 0.685682190633839 0.653029982899979 0.618920892597954 0.579536010422786 0.536101749612086 0.486912266715633 0.447518385291997 0.449860148123554 0.458947943266239 0.474266838103726 0.48160795194223 0.4869665584995 0.489949484972445 0.492309917515126 0.49397934890222 0.495355834607035 0.496984130668161 0.501273114012266 0.501754433574827 0.497147080233894 0.489631146658332 -9999 -9999 -9999 -9999 -9999 -9999 -9999 -9999 -9999 -9999 -9999 -9999 -9999 -9999 -9999 -9999 -9999 -9999
-9999 -9999 -9999 -9999 -9999 -9999 -9999 -9999 -9999 -9999 -9999 -9999 -9999 0.769318146423657 0.76643037379681 0.75659628325412 0.739254751721253 0.71714711180695 0.691207769085946 0.663395474594987 0.630775482205789 0.592997154894874 0.551259601797731 0.508389612084044 0.472382608279628 0.464108278523563 0.464078710018171 0.471664570396514 0.474619648751902 0.476641365639239 0.478461252642986 0.480277213580532 0.48208881637714 0.484769259469002 0.486812839939566 0.481855171035506 0.478398899724541 0.476949139935518 0.478838143112021 -9999 -9999 -9999 -9999 -9999 -9999 -9999 -9999 -9999 -9999 -9999 -9999 -9999 -9999 -9999 -9999 -9999 -9999
-9999 -9999 -9999 -9999 -9999 -9999 -9999 -9999 -9999 -9999 -9999 -9999 -9999 0.769318146423657 0.764626495528382 0.748649434429498 0.732148109535364 0.715313955109585 0.697330830012084 0.67669767197429 0.648281134528873 0.613723883014667 0.574453390918769 0.533082952062209 0.496223350283 0.478296647840456 0.470032433204756 0.470693157265975 0.469789829353513 0.468608235185513 0.467558691731123 0.467786766160618 0.469433063951403 0.472228023536074 0.474206773453947 0.467137925496612 0.463298579879698 0.463775235358031 0.457747613447547 -9999 -9999 -9999 -9999 -9999 -9999 -9999 -9999 -9999 -9999 -9999 -9999 -9999 -9999 -9999 -9999 -9999 -9999
