layers/veg_sum/veg1900.asc
NCOLS 255 
NROWS 330 
XLLCORNER -2985163.8955 
YLLCORNER -3022031.214 
CELLSIZE 25000 
NODATA_value -9999 
[rows 200 to 224 of 330, columns 58 to 115 of 255]
-9999 -9999 -9999 -9999 -9999 -9999 -9999 -9999 -9999 -9999 -9999 -9999 -9999 -9999 -9999 -9999 -9999 -9999 0.189663023981733 0.185464466041877 0.165263368906292 0.132779690901036 0.0790853829826424 0.0337039445865177 0.0322318551328689 0.0306283815706616 0.0289035526041245 0.0412524018440214 0.0580486726841948 0.084180102296644 0.0966668231535727 0.094007196296407 0.080979456148762 0.0701304514137672 0.0989568670711507 0.120900127670465 0.133644539147564 0.14355487012262 0.151310354825595 0.141678244156754 0.134015865771546 0.129538970629405 0.116488049070366 0.0999960929082804 0.0960388174134335 0.0939123799573625 0.0954013183311631 0.0988243289924002 0.103269685737011 0.101316957080234 0.0992181999910535 0.097209376686303 0.0915920045546645 0.0836507626307525 0.0791094527317983 0.074189564135472 0.0672622016886166 0.0651962082755727
-9999 -9999 -9999 -9999 -9999 -9999 -9999 -9999 -9999 -9999 -9999 -9999 -9999 -9999 -9999 -9999 -9999 -9999 0.192182682878945 0.19815507366667 0.1807186530723 0.145315045186789 0.0901126675645858 0.0411277057732648 0.0270301084860578 0.0240612693640356 0.0313717171485126 0.0507030464829666 0.0714186270784976 0.0870343798536483 0.0960379277848371 0.0977015789459354 0.088076352605164 0.0782613263043864 0.0909110734092272 0.104333628853075 0.118788987895121 0.127253229473607 0.133566488537325 0.138251469495549 0.136320139543975 0.123688803449832 0.118142772942987 0.115426811272332 0.101622198807911 0.0927811587398502 0.0937417391819309 0.0951456253802966 0.0967838419636322 0.099072137492802 0.0997178785569645 0.0963016307366123 0.0894959616561234 0.0805075387713819 0.0783705509973706 0.0750472405783546 0.0663689644508189 0.061246768051033
-9999 -9999 -9999 -9999 -9999 -9999 -9999 -9999 -9999 -9999 -9999 -9999 -9999 -9999 -9999 -9999 -9999 -9999 0.207820742024719 0.207634703239 0.188425933851992 0.154616467405943 0.094716291548118 0.0412414646695989 0.0267487051777069 0.0247632985346283 0.034330543720752 0.0545798209551252 0.0752981779109477 0.0873642165678039 0.0952756159213743 0.0985751461143991 0.0899473401892689 0.0802405793650078 0.0871601778431191 0.0937727857128969 0.099975122382306 0.108462788597536 0.117793138889838 0.128068748017222 0.131749446239803 0.124764746757663 0.121281075207151 0.119031884675466 0.102430586404164 0.0913052541861216 0.090993371817192 0.0910561691835996 0.0913170213809614 0.0927089889870417 0.0928610731837345 0.0899022186649436 0.0847184358580351 0.0781018212157347 0.0753162393302576 0.0718924085864111 0.0655519142082347 0.0617180356832369
-9999 -9999 -9999 -9999 -9999 -9999 -9999 -9999 -9999 -9999 -9999 -9999 -9999 -9999 -9999 -9999 -9999 -9999 0.204754715363443 0.208497575305111 0.192770052171612 0.162098241024869 0.0972085923244757 0.0396554675551132 0.0289149405659499 0.0288711381657844 0.0387075667292225 0.056756200764936 0.0751351556701829 0.0866982523085907 0.0944649109186468 0.0980173227109274 0.089802369254713 0.0802301392849906 0.0846917412793708 0.085341726340197 0.080897755389914 0.0895331497687991 0.102615641475657 0.115618148995839 0.12471565522936 0.127497929557422 0.124169508693302 0.118039001924968 0.101915499911341 0.0904192737431337 0.0880605796205613 0.086928416228051 0.0864445941080784 0.0854274851117753 0.0840696763967786 0.08191600780761 0.0790985968645468 0.0758537424033096 0.0716568605336358 0.0677150990629274 0.0647966370395355 0.0634606986939183
-9999 -9999 -9999 -9999 -9999 -9999 -9999 -9999 -9999 -9999 -9999 -9999 -9999 -9999 -9999 -9999 -9999 -9999 0.203560986593676 0.202485196627864 0.186508696634153 0.15909531317497 0.100769251542194 0.0495236516119376 0.0423589550217368 0.0465779117739605 0.0613115941599017 0.0617768079119508 0.0631019458221092 0.0840331388960734 0.0936102367971918 0.0905836890985265 0.086181295489826 0.081712085947699 0.0796272709909726 0.0781819692288037 0.0775913315470996 0.0809052337097865 0.0863556619364464 0.103601627726051 0.115861946484585 0.120059395377355 0.11606878757806 0.108654710080131 0.105777367412511 0.0998337651813599 0.0878351867702756 0.084277659273154 0.0851820515282059 0.085170904759143 0.0835420725240945 0.0780214502467889 0.0744933121040865 0.0722483140584471 0.0706543101215453 0.0685218253737397 0.064563733586745 0.0618229223866939
-9999 -9999 -9999 -9999 -9999 -9999 -9999 -9999 -9999 -9999 -9999 -9999 -9999 -9999 -9999 -9999 -9999 -9999 0.193014465453295 0.194423882308922 0.180010036671177 0.15345121211354 0.0994845973228063 0.0518416791242628 0.0434637708611183 0.0526713343831803 0.0781220498529404 0.0693745136880498 0.0603036417142419 0.0853135609529777 0.0945688418701996 0.0863356417649954 0.0822453651113079 0.0792729876765024 0.0765395288879745 0.0756227574420764 0.0771338599327826 0.0762882025594757 0.0757678167363442 0.091722265596774 0.10475704822938 0.113070098918329 0.109338109623663 0.100698077761859 0.105662917546292 0.104624991577437 0.0917333386501201 0.0852778063309951 0.0822243922980613 0.0836363986513127 0.082821655645375 0.0762498116546846 0.0728436403761268 0.0714761310475292 0.0703960664642802 0.0682468019705088 0.0627199714128942 0.0594088056837017
-9999 -9999 -9999 -9999 -9999 -9999 -9999 -9999 -9999 -9999 -9999 -9999 -9999 -9999 -9999 -9999 -9999 -9999 0.192253307727718 0.190590207025902 0.173127902673091 0.143539085512142 0.0903701190659682 0.0419589691681068 0.0246289573692523 0.0399980670790868 0.0855703357208695 0.0811367031564432 0.0724285593724873 0.0929698034516538 0.098457630347791 0.0872353687382105 0.0778006396024521 0.0704976446455136 0.0766460969286762 0.0804978346515149 0.08128017606714 0.0781525938139779 0.0743459035999732 0.0800645469069275 0.0900143217984706 0.106806751843669 0.104821364165559 0.0950484835791975 0.0991229049775038 0.101945214863312 0.102294966498355 0.0921776617087249 0.0765274953969454 0.0800368179252957 0.0817896610062103 0.0779087214030705 0.0759701157989482 0.0752823541000516 0.0713405914195754 0.066223716233754 0.0582731288606917 0.0557401553430142
-9999 -9999 -9999 -9999 -9999 -9999 -9999 -9999 -9999 -9999 -9999 -9999 -9999 -9999 -9999 -9999 -9999 -9999 0.199548052389723 0.198402997569284 0.177945181002339 0.142664057017317 0.0796241780619977 0.0244640938075917 0.0149060548643701 0.0358393521221566 0.0849365458651069 0.0745202322740154 0.060743777203598 0.0911293297009525 0.10232806676684 0.0922284248597366 0.0818495653781643 0.0729025381720944 0.0761367732632207 0.0775463255827535 0.0765173186412798 0.0739976915629055 0.0713199556454568 0.0737463504242352 0.0821301222333775 0.100148261545427 0.0979040407072229 0.087362694241539 0.0975026790681224 0.104753893422644 0.106300621240649 0.0985848516431897 0.0859729475959122 0.0813828383013955 0.0774111833973339 0.0743913818645579 0.0724752113188988 0.0712697682251362 0.0696482498170337 0.0659042791035186 0.0556983395880509 0.0515456734736045
-9999 -9999 -9999 -9999 -9999 -9999 -9999 -9999 -9999 -9999 -9999 -9999 -9999 -9999 -9999 -9999 -9999 -9999 0.200960035889798 0.208015943384516 0.187439313667603 0.14565362026493 0.0687185102258994 0.00456730700104332 0.00925807840109652 0.0351983289078963 0.0807660606762839 0.0603145501613239 0.0394567767530737 0.0855715049131584 0.106342723695997 0.098981307902235 0.0895802967406961 0.0802114542159914 0.0754392446713674 0.0713490114458011 0.0681701912584435 0.0674855787487941 0.0677746631901247 0.0698842695447051 0.0773070006385434 0.0933222039002329 0.0899689456819438 0.0788748731454711 0.0978487250182088 0.109682347315753 0.107416080448254 0.104677086420372 0.101688209922192 0.0848578707407691 0.071759176227574 0.0687526145211022 0.0662451697101261 0.0640591512486047 0.066826841964911 0.066240317429898 0.0540609006674915 0.047321759661449
-9999 -9999 -9999 -9999 -9999 -9999 -9999 -9999 -9999 -9999 -9999 -9999 -9999 -9999 -9999 -9999 -9999 -9999 0.198835268786772 0.197314262443335 0.179248205684131 0.148483169266831 0.0866618394792239 0.0305217649029772 0.013003299417836 0.0277933017925596 0.0724256285049546 0.0609085893426035 0.0496470811858619 0.0986001685723091 0.118504678890832 0.106163733717866 0.0998185387751783 0.0939092073409973 0.0787799537649436 0.0707081349111827 0.0720680776046432 0.0726980849963764 0.0731832128993258 0.0751821741300234 0.0792265203886246 0.0865786967448223 0.0825479644030594 0.0741046995420071 0.0907354096707177 0.102336827607078 0.104006847435857 0.105191658606337 0.106119989615939 0.0890003691062895 0.0746069688686226 0.0681410161773643 0.0652972408696351 0.0647861120100071 0.063974642505347 0.0626316923179014 0.0597188742893911 0.0535773400545879
-9999 -9999 -9999 -9999 -9999 -9999 -9999 -9999 -9999 -9999 -9999 -9999 -9999 -9999 -9999 -9999 -9999 -9999 -9999 0.187079886016863 0.173823829683701 0.150393226553088 0.0986501301847846 0.0481491543893509 0.0172856229005012 0.0218594637796502 0.0591657005268925 0.0566114904517491 0.0558597515311276 0.106631800181718 0.127021262487017 0.113684448513016 0.108183277053102 0.103120044819428 0.0849419726910693 0.0743751635439563 0.0739802681781417 0.0748670177606006 0.0761007475925654 0.076029342223574 0.0771234603223922 0.0801024820230654 0.0759387372298218 0.0691319694979613 0.0848703534053766 0.0966310873555707 0.100537112581971 0.103613435450708 0.106251179595563 0.092755524502727 0.0795461808875065 0.0681641644829291 0.0642035468346673 0.0650222366625059 0.0621548119273149 0.0604367980157968 0.0631807174174932 0.0577142658055824
-9999 -9999 -9999 -9999 -9999 -9999 -9999 -9999 -9999 -9999 -9999 -9999 -9999 -9999 -9999 -9999 -9999 -9999 -9999 -9999 0.173858452978633 0.150489047889295 0.0988886195234781 0.0493465243105472 0.0226276955749916 0.0188284079381699 0.0361991857500004 0.0426637570025213 0.0542242089616305 0.104803859340435 0.128345215531948 0.121872636454155 0.112851431870972 0.103477813224621 0.0966706776866399 0.0865420582343837 0.0719745108295353 0.0710307192256334 0.0741032961938304 0.0680948258166648 0.0670835055669049 0.0741536581783121 0.0709311704696259 0.0637595782387398 0.0814682192776527 0.0941607724926092 0.0969480024101702 0.0979059477457405 0.0978969375337227 0.0957464190281266 0.0886119425613224 0.06943972232166 0.0628222455797683 0.0642898996103412 0.062371933620547 0.0610313157501081 0.0623094068857369 0.0576709043912591
-9999 -9999 -9999 -9999 -9999 -9999 -9999 -9999 -9999 -9999 -9999 -9999 -9999 -9999 -9999 -9999 -9999 -9999 -9999 -9999 0.140155321656024 0.141246428510648 0.107939316465166 0.0714566106904574 0.0403039591652782 0.024980956836583 0.0242793078794561 0.0361647556212764 0.0557170925604243 0.103594276046124 0.126603879267205 0.122009154375115 0.115728424683287 0.109102943052516 0.103271972116859 0.0943957362798688 0.0814497196333206 0.0744362611947821 0.0693958731924901 0.063675588984081 0.0629545979115157 0.0703185454083894 0.0683458211310034 0.0627467529469277 0.0773339766232466 0.0892338876622985 0.0958271331469361 0.0973985388652407 0.0963154118394544 0.0951054193629615 0.0902642908054155 0.0765527406936996 0.0676311816621143 0.0617943295613137 0.0608365999120991 0.060332700615871 0.0600318384038064 0.0578134119915579
-9999 -9999 -9999 -9999 -9999 -9999 -9999 -9999 -9999 -9999 -9999 -9999 -9999 -9999 -9999 -9999 -9999 -9999 -9999 -9999 0.136847307403945 0.13209136841455 0.121644342988134 0.104612133040993 0.064494752624454 0.0359839955474644 0.0181939145380116 0.0335999391309174 0.058862311999897 0.102711289667402 0.123243554055318 0.117893034632284 0.117659382326787 0.117510126729966 0.107165130317788 0.0999713095954782 0.0969888119487254 0.0816667144687636 0.0632571288284813 0.061113011736287 0.0619477185393666 0.0675998280327971 0.0670398104899499 0.0640365126324332 0.0728130573804126 0.083009520205315 0.0960099107327124 0.0996376472921055 0.0983110209058908 0.0925461679578481 0.088001108347247 0.0867489212498107 0.0757096054882695 0.0583674755632787 0.0583756746398365 0.0589510935647655 0.0570115289117589 0.0580540897317324
-9999 -9999 -9999 -9999 -9999 -9999 -9999 -9999 -9999 -9999 -9999 -9999 -9999 -9999 -9999 -9999 -9999 -9999 -9999 -9999 0.138894557685836 0.139567800714965 0.126915668649963 0.105645458119137 0.0572202386194903 0.0286860144682397 0.0185244824904658 0.0401643986262534 0.0678785395045576 0.0951618880193183 0.11030596715257 0.111974815825296 0.11402934673085 0.115893244542363 0.115394391373374 0.114067124854331 0.111632742578969 0.0951370599283531 0.074655207742477 0.0658719498078583 0.0627832196446215 0.0689037728665683 0.0693470576882519 0.0674932547570704 0.0729316246344343 0.0786806088136979 0.0850429664403755 0.0931241100808303 0.102113799984399 0.0977296904836442 0.0938317510893388 0.0920570499276804 0.0840235425318949 0.0719594257579551 0.0645771277364654 0.0591756488033544 0.0587484481853621 0.0587448572180824
-9999 -9999 -9999 -9999 -9999 -9999 -9999 -9999 -9999 -9999 -9999 -9999 -9999 -9999 -9999 -9999 -9999 -9999 -9999 -9999 0.172556056463543 0.148502159931817 0.131465765996673 0.107989260956621 0.0553918869653951 0.0254759604997788 0.01651017987342 0.0442224091138797 0.0755577791043007 0.0880812718825271 0.097824802043606 0.104482426804581 0.109230678895543 0.113669649832194 0.119665084717608 0.122622328021847 0.121519243507833 0.107288035540782 0.0888108649377082 0.0735949431357446 0.0657886358866645 0.0699652783977756 0.0708027573230451 0.0702743458382032 0.0732324027334834 0.0756382067647405 0.0769534710462875 0.0870672944411277 0.101832015585362 0.100814632498449 0.0988438858194916 0.0956445213927694 0.0897539946079726 0.0821303858530958 0.0707451680558518 0.0617131843771009 0.0608849118425573 0.0593705977537948
-9999 -9999 -9999 -9999 -9999 -9999 -9999 -9999 -9999 -9999 -9999 -9999 -9999 -9999 -9999 -9999 -9999 -9999 -9999 0.186164746162188 0.172494322554035 0.148331308899008 0.134838515777125 0.115761793575995 0.0690507744138114 0.0335221005805082 0.00832221044588485 0.0415238785403847 0.079563531154446 0.0826081503045109 0.0871227358879558 0.0932690618864548 0.101962427077493 0.110658746472105 0.113963822797393 0.117050332976455 0.119844744984637 0.115782992015336 0.108487830733975 0.0880519302288814 0.0739677228838818 0.0701555775316266 0.0699274987212644 0.0712544894256418 0.0736566889402293 0.0756075126561087 0.0766669996626366 0.0827331390434656 0.0914457831485119 0.0982356398325262 0.101295142188105 0.0953670797773839 0.0891563058134341 0.0827634684023781 0.0762310085943875 0.0697902960005217 0.0636676964882572 0.0598062634337333
-9999 -9999 -9999 -9999 -9999 -9999 -9999 -9999 -9999 -9999 -9999 -9999 -9999 -9999 -9999 -9999 -9999 -9999 0.185912164156391 0.185955447722116 0.171370791642937 0.145558614140586 0.131933383244097 0.115247400531288 0.0801176922099272 0.0437014672914615 0.00609692710768736 0.0397538460940234 0.0799517953869815 0.0809019361531886 0.0827688266395805 0.0856533577570411 0.0946398535451826 0.104550076048018 0.108962771014291 0.113173838117963 0.117115443866887 0.118394660273341 0.117806462252499 0.10317630858649 0.0899967937128167 0.079163275603844 0.0743347753447406 0.0721534293512493 0.0740291837105094 0.0755444117555978 0.0763477045586372 0.0795643767864973 0.0840567557284686 0.0922513905893518 0.0978731401486514 0.0969446965799324 0.0910502348320901 0.081957706440849 0.0775926569088357 0.0729311798450159 0.0661896458910508 0.0599046014519719
-9999 -9999 -9999 -9999 -9999 -9999 -9999 -9999 -9999 -9999 -9999 -9999 -9999 -9999 -9999 -9999 -9999 -9999 0.185866050350913 0.185723189215991 0.169564001140299 0.141111649556055 0.124988473523132 0.109400423729153 0.0895166940830714 0.0552535517194991 0.00770859419954624 0.0385812962645288 0.0780122293045316 0.0816197028813364 0.0824999158315875 0.0803527253761022 0.0872823243365588 0.0964480122957653 0.10441229998397 0.110388386804918 0.113707384013869 0.117220470125518 0.120459571795495 0.118730148961864 0.111077279019684 0.0938449135987149 0.082141329659622 0.0730001152389088 0.0743683510220832 0.0754604572914121 0.0760072876001546 0.0771455375751787 0.0785964106012545 0.0840758804793845 0.0906717338210928 0.0997160316309058 0.0945475040059435 0.0802260572228342 0.0763004138577559 0.0728956326288383 0.0685437494803221 0.0597858712735558
-9999 -9999 -9999 -9999 -9999 -9999 -9999 -9999 -9999 -9999 -9999 -9999 -9999 -9999 -9999 -9999 -9999 -9999 0.184634694426281 0.184574935913081 0.172384194836332 0.150882445516271 0.131246439120636 0.111385702467764 0.0896658030925009 0.0547474103559844 0.00763798084967966 0.0310267201084159 0.0636137811184082 0.0721409312580674 0.0773356557854236 0.0788312117955426 0.0849124918982199 0.0922506664061041 0.100011209773698 0.106637739272833 0.111748739571992 0.112786086664567 0.112867886842775 0.119250395604119 0.118430407333745 0.105962423143608 0.0944282197924854 0.0834098225488945 0.0786609190243954 0.0761416691033366 0.0780253404544693 0.0784184097857113 0.0780235503788174 0.0835079520639211 0.0896886665406595 0.0971613170162972 0.0963935090116366 0.090318927160891 0.0858826358707759 0.0808081735562622 0.0733568429495901 0.0622186148137993
-9999 -9999 -9999 -9999 -9999 -9999 -9999 -9999 -9999 -9999 -9999 -9999 -9999 -9999 -9999 -9999 -9999 -9999 0.182697218664039 0.183150965939135 0.174081571699818 0.157702790221798 0.136045638033951 0.113148121369054 0.0880900257890356 0.0536156686909101 0.0104438044410828 0.0266708665750693 0.0518649138672655 0.0633757868645788 0.0717728590367376 0.0767134477576726 0.0826398104698189 0.0888843181576792 0.0956077192680725 0.102286130270194 0.108904415179778 0.108945719171566 0.107634062998996 0.119267940706 0.123884079895832 0.117151017655379 0.106527898377193 0.0942766115474966 0.0840878943848312 0.0779289330057702 0.0797275742937744 0.0795533659721764 0.078336313965488 0.0832136978886274 0.0883152483003594 0.0935391526927651 0.0969576206478491 0.0992134053748999 0.0944639212626416 0.0881984515102971 0.0789680638777057 0.0670007962067491
-9999 -9999 -9999 -9999 -9999 -9999 -9999 -9999 -9999 -9999 -9999 -9999 -9999 -9999 -9999 -9999 -9999 -9999 0.182508765120206 0.182201793817887 0.171175398627686 0.151921422228725 0.133100845459525 0.11230182511158 0.0834524829580447 0.0535071512535695 0.0225494881754212 0.0337628297214973 0.0513569465224026 0.059315322072563 0.0661788201918608 0.0718269465088508 0.0794445286304266 0.0871282637504647 0.0911601906413637 0.0963143329570022 0.102968236688403 0.107739966396369 0.112197000927802 0.12141786894825 0.126834297293313 0.126098123614282 0.116950754137463 0.104211216181253 0.0920506851392673 0.0829460217274697 0.0798758134315676 0.0793571468188363 0.0801872191665347 0.0818999692285396 0.0842112750545029 0.0879245698391092 0.0939658375899132 0.101506296930718 0.0972866174644399 0.0920265398358366 0.0864424495426111 0.0784166118178657
-9999 -9999 -9999 -9999 -9999 -9999 -9999 -9999 -9999 -9999 -9999 -9999 -9999 -9999 -9999 -9999 -9999 -9999 0.191836648600741 0.189699401389747 0.177028699777757 0.156273155883253 0.134800293764525 0.110194901829029 0.0735731395959855 0.0446962117585243 0.0229729459571898 0.0358325367068771 0.0532214300055288 0.0589001595722451 0.0636305233241751 0.067308150909413 0.0773241455830382 0.08811365890691 0.091687425574324 0.0959219175897576 0.101039422226057 0.105329444859435 0.109773892901366 0.120590458067062 0.127891178767516 0.129506018334621 0.124799379906886 0.117254113018059 0.102624890892294 0.0910431576034176 0.0854793337359851 0.0827217038760468 0.0814474215990212 0.0820956765018993 0.0832845079802241 0.0856608981716383 0.0905762108178719 0.0971265644406102 0.0964981314733855 0.0946824736735795 0.0909613904227467 0.0859881113603892
-9999 -9999 -9999 -9999 -9999 -9999 -9999 -9999 -9999 -9999 -9999 -9999 -9999 -9999 -9999 -9999 -9999 -9999 0.193738147781389 0.199276562817105 0.189693770866089 0.16850485532494 0.140111317331465 0.107107657004918 0.0596175311095447 0.0291178687117379 0.0143117676595499 0.0339967063652157 0.0569308403438689 0.0613197517542936 0.0634507354689753 0.0630753001309843 0.0760396532629133 0.0912309313029342 0.0960832654036615 0.0998682861779633 0.102226918301553 0.101982039735018 0.101918114303836 0.117447731377803 0.127475715167339 0.128606367688721 0.130646166065733 0.132714160799199 0.11522985302778 0.101535479774971 0.0953251315233793 0.0888552842481978 0.0822482663966478 0.0834651905648406 0.0848284825210469 0.0860030491260295 0.0868772024798687 0.087557892668036 0.0929014241577562 0.0964268862829441 0.0931820415393195 0.0905700939564691
-9999 -9999 -9999 -9999 -9999 -9999 -9999 -9999 -9999 -9999 -9999 -9999 -9999 -9999 -9999 -9999 -9999 -9999 0.19798893309576 0.197843463096417 0.191600102076412 0.180676368855495 0.134175781258027 0.0858206665510877 0.048633525707003 0.0259767278153209 0.0167411546317861 0.0356313510240594 0.0562131974971822 0.0564856157445602 0.056478323222847 0.0561605369673398 0.071192828411793 0.088507526642025 0.0916582985320686 0.0960248755052905 0.102016289842748 0.103526773977643 0.104401227110286 0.118270547587365 0.127164199234524 0.128011117925906 0.130112002277353 0.132465146225928 0.119399279722805 0.1082877355532 0.101035412996178 0.0942060729129797 0.0876003203752193 0.0870840629747382 0.0870360633867695 0.0877076440871304 0.0864945568368648 0.0840677620468002 0.0906956257782795 0.0960942390914511 0.0954629854196252 0.0943929449465546
