layers/veg_sum/veg1100.asc
NCOLS 255 
NROWS 330 
XLLCORNER -2985163.8955 
YLLCORNER -3022031.214 
CELLSIZE 25000 
NODATA_value -9999 
[rows 125 to 149 of 330, columns 57 to 113 of 255]
0.123810136912424 0.171246614943744 0.220819290467995 0.202480405149549 0.213231082539494 0.270354318770904 0.242076775345293 0.17918629246871 0.178900547313495 0.176183007934445 0.168735814940177 0.20180382071258 0.255967831731757 0.196687644124229 0.153082366484071 0.154000443192557 0.169173180319712 0.193395506592467 0.284161272695973 0.374504224615995 0.448284555584332 0.544633752076991 0.658305444240411 0.703144395397304 0.740774166000387 0.78568948699048 0.806921077289759 0.806276744042714 0.82635879301416 0.84492894553283 0.833596541287451 0.812047170741765 0.779156427731458 0.747390566091923 0.716767739870082 0.693003786373669 0.662371595565665 0.622560492146821 0.5932669282233 0.567667704410908 0.543732415657567 0.515414814581103 0.480010066389674 0.472461046977249 0.476961106328646 0.487810800000714 0.501738218284514 0.521743252903888 0.544499946216739 0.568711159873184 0.533550487386003 0.488004171366282 0.421209826204863 0.501708321619824 0.677061951121696 0.713469452685175 0.728665442905096
0.140998780014866 0.164700424647794 0.185655859435041 0.186856950540072 0.195668227755527 0.216611134680847 0.210110929121201 0.191896459312437 0.166927684430152 0.146460217052902 0.134747448204715 0.180524774954652 0.256236827321024 0.182798788210122 0.120456391614644 0.0937683667732991 0.075129374576737 0.0616003209066232 0.112781480013472 0.175866964537889 0.260243795842809 0.367204373366811 0.491498868082534 0.570836882546028 0.64151551085452 0.701326444122674 0.742831832791391 0.76742896070681 0.801016530468687 0.831180270856373 0.83338555088332 0.819576969136285 0.787992154637046 0.755807091570032 0.724805419298797 0.704656935455918 0.675123617632848 0.633048134030785 0.601621085415399 0.574379223123902 0.555321903542066 0.525507195768985 0.478295463990599 0.468079492074043 0.4737887463104 0.483741612062447 0.495599394127844 0.511218835199306 0.526072250777654 0.540520747073647 0.516942597799209 0.505996473396444 0.528596513330536 0.586891636906996 0.668174041683893 0.697689621919972 0.713156822476167
0.144879905529336 0.149052873196221 0.15432203779305 0.201384463423921 0.221856597603309 0.199940337453559 0.201358558464717 0.210994335851156 0.147201464157611 0.107288544014337 0.113820301662447 0.155645514045369 0.215847802906437 0.172693626350228 0.133169317135101 0.108588604453692 0.0745393361988012 0.0344789434957915 0.0623719354463097 0.0948729829580791 0.125764605534851 0.219192832530246 0.360620373365247 0.485516012519289 0.591061742325961 0.628674770504918 0.68198491465633 0.749793995372851 0.787241227943247 0.816148568975281 0.830627764939702 0.824050386951328 0.794099099232008 0.762685089520988 0.732149148233856 0.711829129533558 0.682216300673581 0.64018428935162 0.610336758247154 0.585180596881151 0.567964565979285 0.535517220108299 0.478437542723445 0.464029398563037 0.467972795794875 0.475897017776905 0.485225000817929 0.497325006122042 0.497285975719077 0.490830279459475 0.460141646393138 0.455979204538349 0.518374857860773 0.579407424883126 0.639562177795443 0.67036983115506 0.689846956012147
0.1941515998456 0.166166902151605 0.14490731591318 0.177391095166614 0.185832512109165 0.155947266250851 0.1583107428619 0.172854317278024 0.123315002306739 0.0907747250336814 0.0912962748332493 0.132586909695825 0.195105746778228 0.149787693908928 0.113516344230652 0.105487673966232 0.087719148251013 0.0637672630183822 0.0774895147234778 0.0906095543839981 0.0932507350118175 0.136599589706306 0.211193192038941 0.310795061624496 0.415585564230401 0.52789128263331 0.608750540475613 0.660563683243943 0.725233495271032 0.785179400524019 0.806076580349261 0.808822584487739 0.79141982449374 0.761376010369853 0.729123819025779 0.705875126428742 0.675094967553283 0.634249537536935 0.609066765030591 0.589430038923026 0.572920788710427 0.538660799631248 0.475694025532904 0.45892910395737 0.46198281189182 0.46657649222295 0.472284066397166 0.480191258883894 0.472458079124944 0.456457435211866 0.443243723753453 0.447883645807198 0.49598667699213 0.547266382170988 0.60059183401659 0.636415324989457 0.66173225783039
0.261729989869554 0.197167036017978 0.144015978521429 0.142781240041884 0.131907636127222 0.10566842293766 0.105872371671168 0.116539766601716 0.0962859737110288 0.078860031865577 0.0669340438354205 0.107381024761926 0.175098276143276 0.122797545436748 0.0871247910844524 0.0986630362992714 0.104647483055069 0.107106093854383 0.111476728476106 0.111074257235412 0.0957385856891099 0.0816345410594114 0.0684758187325937 0.118256959145625 0.206397163421372 0.413517129261589 0.527546529536342 0.555591077095967 0.652952677164676 0.750070766778632 0.77324278611104 0.784041093435472 0.781103926595898 0.753032737369815 0.719322749498663 0.693415077511427 0.662001239322587 0.623228800070269 0.603645603473759 0.59042601248152 0.574738148861737 0.540121619744152 0.474893343406954 0.455519965936635 0.455801881755784 0.456826935492767 0.458626396546549 0.461955088169248 0.450090329247964 0.430194347937802 0.438707245161207 0.450667879621867 0.469074466261688 0.508204241643993 0.560679545832618 0.601302130483248 0.631690859165936
0.374013433406177 0.269232471371004 0.160568673721522 0.134560944881473 0.110732581455038 0.0903784108823428 0.0777315314390408 0.0680602237378885 0.0460072428835882 0.0299069331836301 0.0253841132109647 0.0462884869618592 0.08043263809339 0.0973028701769953 0.111432653729599 0.120008742820803 0.111534508805478 0.0922358556611148 0.111166574793079 0.125797617031075 0.118594456434846 0.107366677279415 0.093049844423296 0.0761670779057467 0.0925916715138071 0.242084313221648 0.395259177888761 0.551835197086346 0.653203534061038 0.729188104665862 0.725574237156542 0.71883096878165 0.708613900086355 0.687823107212997 0.665393163427578 0.652178130067167 0.631774218682077 0.601762881087766 0.586770766923234 0.57697981686529 0.568477717919189 0.549027933017149 0.51187337145445 0.478728758779493 0.447870529429467 0.447797430346431 0.446604233837151 0.443199168732082 0.442914657117165 0.44427966277176 0.424670563918117 0.415919784416502 0.435186471038342 0.484391556900707 0.552876676084411 0.579493373392456 0.597063124241146
0.462486617182142 0.341495286257066 0.204386294146332 0.153846224625295 0.114846811764733 0.0942447115561953 0.0730455002537212 0.0518483393854792 0.0421752979425927 0.0305932329221546 0.0152982631762234 0.0130189943698967 0.0175169179178184 0.0687603640548314 0.107262222375434 0.112305524909523 0.0984201735420789 0.0725179423713272 0.106895056121781 0.134902557011364 0.129727432860948 0.122116121210156 0.112634939433063 0.0595294824773532 0.0342905370764551 0.141954203813451 0.31472707850204 0.54763929837679 0.643308928151163 0.699414128199355 0.68509116721472 0.668410703862508 0.649113288310294 0.62454356370694 0.601829906458578 0.605346388205918 0.59979374649522 0.582120863752985 0.572543052023713 0.565842181457059 0.560911542664773 0.551105692051727 0.533415569200023 0.496338682167368 0.451655390159144 0.444739572711008 0.437452998818043 0.429434288132521 0.433702057453398 0.444464431342358 0.405509257507533 0.38644885057925 0.419511144768741 0.47274748093432 0.538975700814195 0.555562738931918 0.564509748942444
0.513572125847871 0.41406803316104 0.291016222225632 0.216321688288864 0.158671132605861 0.128190902320609 0.10518900344684 0.0863042236806982 0.111275666974352 0.109224994804638 0.0546183765604236 0.0234381883052799 0.00445599253213693 0.0354320508385727 0.0583742106822516 0.0589887034545182 0.053899024793073 0.0451880457025031 0.0964032681773489 0.135185264189419 0.122452724172319 0.119620170286988 0.124386246768053 0.0828579269955305 0.0631442218287541 0.153786015729309 0.315462826515062 0.542752467423702 0.617483573435709 0.655678709241161 0.655890979422771 0.641213976873845 0.610009094834968 0.564294707533093 0.523139533646631 0.549729510941963 0.565059945390685 0.565342798467597 0.562471937063036 0.558329525360128 0.551295043533176 0.542461024287734 0.530716763716856 0.505157071390067 0.47383744485743 0.451058597951082 0.432809791549516 0.423506505506636 0.421291005290953 0.422822092070644 0.378301091350357 0.365264293989397 0.432433967220643 0.480210965996982 0.515499274022802 0.528300260866092 0.535213603280948
0.509158433943666 0.464492936774995 0.408143321608785 0.296104607548069 0.209912594302847 0.164923594882182 0.145886322836502 0.137373227606923 0.110105557423742 0.0803573416542641 0.0457846546014249 0.0589221020441154 0.0969019118170124 0.0712833766223745 0.0536886940267103 0.0592173497207078 0.0525161310761596 0.0380507612827565 0.074034067078471 0.104751512886913 0.107895198696555 0.117440825367484 0.131900194500773 0.109786903899508 0.0968845736835844 0.139433098155007 0.225117431586588 0.350644966718115 0.464875529534696 0.564803288718511 0.599123682001649 0.611258088346591 0.598764876867861 0.547665466977912 0.497807858240679 0.540078969079794 0.563054429146528 0.560242618888438 0.559318961622481 0.558340647653196 0.547172222662163 0.535003697302874 0.521217793282057 0.502394713231942 0.481365804746065 0.457728177937557 0.438545416097511 0.428159724665229 0.424127446478217 0.423453567658978 0.398140426313768 0.393700523498234 0.442023833404022 0.473838269779634 0.495021154708476 0.502174629541871 0.505636158646967
0.472312763911182 0.504707080771933 0.534770870189294 0.38289171002607 0.26619547065236 0.205585398021045 0.192679317279562 0.197314727111649 0.0855355953315892 0.0146530068589617 0.0233110645512377 0.106896036754864 0.229494974822489 0.134699055152608 0.0678454990326666 0.0812716659674912 0.0683543236554572 0.0387127712720882 0.0470678452193443 0.0622755939056493 0.0895682246821295 0.114165985306972 0.136695326653729 0.137004209479998 0.131544168572758 0.114823928530311 0.100271727017337 0.0877220750914764 0.261566557159476 0.450914855715978 0.528913903586984 0.578584335891268 0.59680850801364 0.548105259092663 0.494999531815229 0.548556654161876 0.573233127544024 0.559312659533041 0.558724017873345 0.561394037354772 0.545364307982654 0.528200687233433 0.509203318816451 0.494869207014994 0.482426411416112 0.464237962919553 0.448387998187604 0.437155862833273 0.433313769425411 0.433378034889973 0.436329773538576 0.440946030976665 0.449430826253082 0.461484352777145 0.475836106965844 0.476791519952568 0.476250336713826
-9999 0.504707080771933 0.539850461998344 0.463270965467484 0.398879597212598 0.353917695853129 0.338511271202536 0.33450338404908 0.282469239456376 0.247460684849188 0.245565599480869 0.236641138811622 0.224056527316411 0.155736566999974 0.102651992109844 0.0895649461810971 0.0590402988498335 0.0174453682748644 0.0326347285043409 0.0462477742947896 0.0420361840503322 0.0632945502573117 0.104102114003221 0.117537247723455 0.123328117746758 0.113121087809686 0.100700436785531 0.0862351329871269 0.128748977922908 0.201759502124639 0.380196740191166 0.484799790193297 0.507442989996446 0.509755799023192 0.508503710900391 0.521624954297024 0.530138984460463 0.532495800519545 0.546189920784376 0.56156317437587 0.545079065419572 0.52770230649757 0.508881939461256 0.488662317258271 0.468055148244686 0.458912798450941 0.45076889791031 0.444596645992119 0.443814036050505 0.445880378240271 0.430337720598182 0.420469773814758 0.425708605500003 0.439437080443611 0.458632801768447 0.461947189732309 0.458821289839303
-9999 -9999 -9999 0.499402935217873 0.490491120233715 0.467372709265977 0.452128114272335 0.440190782520813 0.427750929353318 0.419168393354697 0.418088043977786 0.359514588141571 0.271004838952735 0.199855344571245 0.13867640059873 0.100437423301355 0.0547789716881579 0.004410257447689 0.0188193663374917 0.0284324436533382 0.00860841951712844 0.0278666110461333 0.0771219466909954 0.0990585842052695 0.112886261359771 0.108850177247091 0.0983712944363725 0.0819413993640052 0.0420795123100667 0.0396086969061088 0.264146418453061 0.398057017635691 0.431366722196625 0.467626092028489 0.498343179897535 0.47793615369514 0.477393633315903 0.503398617738319 0.531966835830004 0.55863719173974 0.544828868863001 0.529086476548199 0.510216275527073 0.486756737309892 0.461685724304069 0.455793582658059 0.45177748948677 0.451466049685972 0.45306033841759 0.455661990790033 0.430711993336687 0.412860313805365 0.414291256495723 0.426242747359891 0.44496936730562 0.449281348593823 0.44573311489771
-9999 -9999 -9999 -9999 0.503482893397833 0.514066837308604 0.50407991206494 0.485579567139275 0.474162244082774 0.473920664336424 0.4954150498422 0.469234558706259 0.418230063779417 0.288155478599938 0.177032100429406 0.116246909477777 0.0601893427058265 0.00713311410709999 0.00618648845125654 0.00719552153770897 0.00217856997437009 0.0220000746951984 0.0608860756348208 0.0824716868179959 0.0981838453452856 0.0996635566687264 0.090763167437449 0.0722750029902395 0.0437451615144311 0.0439989735787251 0.210625829394343 0.324793362424953 0.380728275178769 0.418260367785054 0.442884483518181 0.402171493402037 0.40617427521313 0.469936518473501 0.514510749019221 0.549786638653698 0.544645756153761 0.534074159869812 0.514719924492922 0.493084575067002 0.470633142845156 0.456896917133219 0.450159256516258 0.457241738671226 0.459906345994493 0.460235675024202 0.443272465372407 0.429880029607238 0.426427465229549 0.42999440282683 0.438081830343742 0.440785495523226 0.440954086105161
-9999 -9999 -9999 -9999 -9999 0.53641141433041 0.521682287677754 0.500958254103156 0.489887386027115 0.508697321025552 0.585623130673919 0.583462124132326 0.540121117489968 0.395659373709982 0.270584730731273 0.19822213550047 0.126637534180038 0.0555468432748557 0.0226084352203895 0 0 0.0199616255670777 0.055244587162076 0.0732694770945364 0.0878312670207894 0.0976717591309539 0.0863064964722802 0.0553541393595569 0.0339806517925487 0.0360168154223676 0.154770381252889 0.22046711204691 0.227267952392038 0.262525345905733 0.295305374944864 0.247536159890498 0.254561984248889 0.334817497020722 0.415651838822057 0.493304574741255 0.521592346729699 0.53294784814642 0.516920204847744 0.499090636461538 0.480471486954509 0.460892038142357 0.44733240967799 0.445660186065719 0.448421371636539 0.453526046922693 0.437953851982042 0.42658261529364 0.426928707319182 0.430494841830601 0.436134651889102 0.435559031616097 0.435366568434985
-9999 -9999 -9999 -9999 -9999 -9999 0.521682287677754 0.500958254103156 0.489887386027115 0.533237465902791 0.682432123703944 0.699999608410742 0.649029664726573 0.513004244134352 0.392423050898395 0.314104022292526 0.224364582009967 0.127374878970373 0.0539195389095812 0 0 0.019884881320684 0.0550321944290874 0.067851553620825 0.0797077648208699 0.0993669516381766 0.0834647904559559 0.0347157209805374 0.0183587523981164 0.021694397917112 0.097718433608118 0.100222821918975 0.0211165168109042 0.0522813334280288 0.100519123015306 0.0524835172446224 0.0617523015661936 0.147604343718242 0.275078018088968 0.412413723391758 0.486819044288409 0.528688417131713 0.51794012300451 0.504931803425893 0.490766386240062 0.466369056357705 0.44388620816296 0.425183907823091 0.427542677999111 0.44103428074475 0.423473093865159 0.412873679243373 0.421467605936437 0.429329193612185 0.436719162196246 0.432007967538945 0.429364740304848
-9999 -9999 -9999 -9999 -9999 -9999 -9999 -9999 -9999 -9999 -9999 0.702422893395527 0.651294313297523 0.623287355290845 0.584402652251752 0.517962637086355 0.426751328249518 0.319813932382371 0.159998689568007 0.0315227161222752 0.010353735616804 0.0109937378137849 0.0283729956033798 0.0310051339637317 0.0363125173123696 0.0598704060422459 0.0671775592902227 0.0594744148948688 0.040894062790205 0.0271166377467681 0.0507418023776049 0.045371227183046 0.00781384862816067 0.0694828488612317 0.144477383570611 0.116352752844209 0.122214711977139 0.17349734079673 0.191207990081024 0.204488624611907 0.320027556744599 0.398072660996446 0.415482133987475 0.437835618589237 0.461720262764497 0.45385569157271 0.441405139025548 0.419898599112321 0.422886190675476 0.438821322794987 0.42058112248046 0.408587896837001 0.414258269577492 0.420702543489991 0.427645202111165 0.427020797376235 0.427228981923932
-9999 -9999 -9999 -9999 -9999 -9999 -9999 -9999 -9999 -9999 -9999 -9999 -9999 0.737346764760546 0.720366304578291 0.662540635986401 0.577755727252439 0.475855710911721 0.272594875862732 0.104060527112658 0.0642508391181868 0.0338754128738786 0.0107411551388129 0.00787045398308242 0.0121554296653981 0.0342030803972803 0.0557223698184247 0.0767536283719061 0.0592093448201947 0.0365394802293197 0.0265345455635192 0.0155277471218321 0.00340882694976414 0.0704205301086981 0.149175472796873 0.154730671590941 0.1680265731184 0.191667375486196 0.131298395741762 0.0559019118148468 0.178799417414816 0.270188272311677 0.310620822303334 0.362746303531702 0.41909884695116 0.433150569265359 0.435071140490999 0.413036195442011 0.415220799044569 0.430207799365089 0.414902598925285 0.404376467584516 0.407653131833555 0.412625223328393 0.418689153218809 0.420968767703285 0.423210660317003
-9999 -9999 -9999 -9999 -9999 -9999 -9999 -9999 -9999 -9999 -9999 -9999 -9999 -9999 0.720366304578291 0.662540635986401 0.602018859850998 0.539785456441108 0.396845686315774 0.271990135029888 0.220580357143449 0.132322075517409 0.0157811119011966 0.0187332659849684 0.0352552534238825 0.0433012119196363 0.0563669554780524 0.0740693179747333 0.0656311317553994 0.0544298406266508 0.0556564523701273 0.0415292101294286 0.0103583786584603 0.02148489181789 0.0490612818038964 0.119837780666933 0.166482786059106 0.180877759938187 0.125192906065043 0.0539908132240873 0.10464073083619 0.155106006094298 0.205272674719668 0.272420426376399 0.346355793100002 0.393980444136066 0.419578966092537 0.401682250887978 0.399626774637462 0.405944940212874 0.4020538012358 0.399867712094643 0.402564314567083 0.406221324715717 0.410496827919049 0.412471130192042 0.414547168529879
-9999 -9999 -9999 -9999 -9999 -9999 -9999 -9999 -9999 -9999 -9999 -9999 -9999 -9999 -9999 -9999 0.59027173749677 0.585109448344885 0.521460590762346 0.458555648432203 0.411338498810495 0.283428913816691 0.0935846976430398 0.0532224613869203 0.0359508968406236 0.0322624694917655 0.0394421511856054 0.0566603663189177 0.0559845897754557 0.0541477114461965 0.0647725281921414 0.0581985314000251 0.0325329427839388 0.0143894042774762 0.00687677068210598 0.0694063395051436 0.113954468357413 0.134471676520577 0.120640493470284 0.0987060074129608 0.12922183148108 0.16199318337049 0.198412211717609 0.253160810738722 0.315224678109372 0.34827362545839 0.370105218658652 0.369785780360993 0.374697663225268 0.38237481020894 0.390108001585949 0.396130362678415 0.397965282600614 0.400712213098132 0.404046469395548 0.406233253931042 0.408349937298503
-9999 -9999 -9999 -9999 -9999 -9999 -9999 -9999 -9999 -9999 -9999 -9999 -9999 -9999 -9999 -9999 0.604260609883251 0.621968046395986 0.646303173326004 0.656774712693394 0.623625817953339 0.467465626960678 0.2168894076349 0.102485892512717 0.0226365821540214 0.00863157880978764 0.0115307179080644 0.0300436862850197 0.0362900740933661 0.0425018182835423 0.0613784005770534 0.0690322044676731 0.064228131312024 0.0334577285841946 0.000917302188777903 0.0092582100067401 0.0295441033179857 0.0657936235405503 0.117059263240495 0.172577921392193 0.215547671769806 0.245151251487944 0.253138841554327 0.278340908191914 0.310114667713614 0.298479230205703 0.299381846947064 0.325043496069437 0.34393106185194 0.359237863039475 0.378726871765999 0.392875394969868 0.393672527026675 0.395762636715555 0.398685411224951 0.401408469332247 0.403694927497722
-9999 -9999 -9999 -9999 -9999 -9999 -9999 -9999 -9999 -9999 -9999 -9999 -9999 -9999 -9999 -9999 -9999 -9999 0.654631703997581 0.680162588453058 0.688981544437919 0.567205529495897 0.345192716383124 0.169921850336018 0.0307378867911209 0.00997128939233396 0.0164385188223928 0.0480607849043753 0.0570407827607083 0.0622190931014811 0.0705364489615093 0.0735890843442084 0.0707976018057478 0.0445894165224023 0.016471473994518 0.0226833677627047 0.0341132823253065 0.0525167120273267 0.117306559712162 0.195160438730525 0.233168139846192 0.261705962111365 0.274928941520591 0.292327153588873 0.310792754692258 0.290230628079561 0.284006584916894 0.306096111416881 0.330843060869329 0.35699471787328 0.371771636842794 0.383556593911687 0.388819977666953 0.391517035723085 0.392561405384116 0.395804005955566 0.398541092948553
-9999 -9999 -9999 -9999 -9999 -9999 -9999 -9999 -9999 -9999 -9999 -9999 -9999 -9999 -9999 -9999 -9999 -9999 -9999 0.725198367522866 0.735877994433989 0.637040212829006 0.454143494683819 0.228852097592841 0.0392289991520878 0.0127257838437379 0.0225107604782837 0.0658140084924773 0.076509135585088 0.0799651236149869 0.0783895649831655 0.0764925696056489 0.0742387624554797 0.0544771522178442 0.0330818146585945 0.0356875284131158 0.0401011961325547 0.0469310662479708 0.110194794326837 0.190147934288279 0.233249514420738 0.265112980683927 0.278801985518166 0.292867127740737 0.306428832197299 0.284020130446049 0.274701269796404 0.291231061039114 0.320490976648992 0.35648000619746 0.366126605808814 0.375080398726624 0.384180544820045 0.387312691426378 0.386601505326496 0.390464667544984 0.393735582725841
-9999 -9999 -9999 -9999 -9999 -9999 -9999 -9999 -9999 -9999 -9999 -9999 -9999 -9999 -9999 -9999 -9999 -9999 -9999 0.720711674811005 0.713280151209157 0.63573587569104 0.504377293901037 0.25857345847814 0.0443209917490099 0.014377612810139 0.0250632068808143 0.0732765164506069 0.0835445856625544 0.0851599978182514 0.0796822522908433 0.0758070985062183 0.0737109062380939 0.0623491471054934 0.0482572988327337 0.0317703244973617 0.0313677249339759 0.0524607528124312 0.0803445960983498 0.113849831303205 0.195711278989479 0.243535064899442 0.236312587861599 0.255733410905122 0.285811854266107 0.275034251643487 0.271692557576345 0.283034633179285 0.314524781527901 0.356665153962175 0.363442284497923 0.370405658447739 0.380295207206654 0.383081344519684 0.381292955042837 0.3860811849659 0.390073978135627
-9999 -9999 -9999 -9999 -9999 -9999 -9999 -9999 -9999 -9999 -9999 -9999 -9999 -9999 -9999 -9999 -9999 -9999 -9999 -9999 0.696934178413944 0.628731514200165 0.508180611467066 0.273148750005045 0.0674119895619684 0.0370791479561698 0.0330301057278104 0.0532585894177323 0.0747857574841197 0.0919488940281701 0.084121865155792 0.0776824739923729 0.0727834340095956 0.0656736594805173 0.0556722065526187 0.0269689298616336 0.0182618484019088 0.0362782653086931 0.0470566767552806 0.0610407521976565 0.157863543690828 0.210221993888313 0.190671984602049 0.2135382191234 0.254351842767898 0.28318952518878 0.30261502931041 0.303454202359136 0.325325251157153 0.35831370023951 0.361476983154936 0.365140110323799 0.372109333420053 0.376812624627997 0.380056678087138 0.383211694631465 0.385734444619734
-9999 -9999 -9999 -9999 -9999 -9999 -9999 -9999 -9999 -9999 -9999 -9999 -9999 -9999 -9999 -9999 -9999 -9999 -9999 -9999 -9999 0.617415581683218 0.476863321291876 0.27626736174229 0.104117664187317 0.0757029489825443 0.0450925653717873 0.0124541113185204 0.0540799360492209 0.0999435287881894 0.0909418525970379 0.0814949064553091 0.0715536871400795 0.0655583981582578 0.0572169153901579 0.0214987221027093 0.00184862878094831 0.003672412775342 0.0111684213722806 0.0259990699520918 0.119781698750147 0.168032301984177 0.142647769285108 0.1675144632206 0.214690022563655 0.304310584709848 0.359203480794598 0.345519276203456 0.348808239573289 0.361069179792208 0.360055557674375 0.359427667620292 0.360670479292845 0.369002809858895 0.381900720548343 0.381487407315749 0.380882117029164
