layers/veg_sum/veg1800.asc
NCOLS 255 
NROWS 330 
XLLCORNER -2985163.8955 
YLLCORNER -3022031.214 
CELLSIZE 25000 
NODATA_value -9999 
[rows 200 to 224 of 330, columns 57 to 113 of 255]
-9999 -9999 -9999 -9999 -9999 -9999 -9999 -9999 -9999 -9999 -9999 -9999 -9999 -9999 -9999 -9999 -9999 -9999 -9999 0.139702949777101 0.137020717812504 0.113923009454147 0.0751556166330813 0.0335273897059502 0 0 0 0 0.00380761739688237 0.012348235568255 0.0425266644829687 0.0566682425155564 0.0530080686711397 0.0413173475882227 0.0300096678491721 0.0388752940734589 0.0479984641531585 0.0574658233508292 0.0602747945588853 0.0608682744816989 0.0622099028765982 0.0622447020357166 0.0601660755954673 0.0812701744015805 0.111875052597846 0.119240531676098 0.123450311088716 0.121428495976951 0.124095332736805 0.129240579899615 0.131405032786672 0.129580116888868 0.118208183865228 0.109746204760944 0.103158207230559 0.097733153888548 0.0885615551015123
-9999 -9999 -9999 -9999 -9999 -9999 -9999 -9999 -9999 -9999 -9999 -9999 -9999 -9999 -9999 -9999 -9999 -9999 -9999 0.141312623796322 0.145128061788455 0.123523407304686 0.082407827852637 0.0368394544294551 0 0 0 0 0.0114173650772187 0.0268535973643001 0.0520877163291954 0.0640403133080493 0.0612497190779604 0.0490743272203567 0.0373673588954546 0.0494038971358217 0.0635928980824572 0.0806585129523761 0.0649806197867893 0.0405209042568105 0.0506151976145912 0.0571787302885321 0.0580322590766102 0.0589029455695479 0.0604060899065712 0.0957446143074451 0.119630803226291 0.120901940447289 0.124003840204197 0.128073476751675 0.126972364849849 0.12480859327428 0.120407548591223 0.112435853879015 0.102164695825838 0.104261334465236 0.102189865939048
-9999 -9999 -9999 -9999 -9999 -9999 -9999 -9999 -9999 -9999 -9999 -9999 -9999 -9999 -9999 -9999 -9999 -9999 -9999 0.142337771150113 0.142829719919226 0.124056776939805 0.0904972686564232 0.0410950506976202 0 0 0 0 0.0148565427926873 0.0328577864771516 0.0523202323318609 0.0629023515256934 0.0636268388835979 0.0555194377514759 0.0467960688198761 0.0518648539641434 0.061067787647439 0.0757957179839439 0.0675173054594578 0.0519533461518474 0.0443733004947742 0.0425756348827398 0.050129328788734 0.0490633635954576 0.0448542947831079 0.0703640714952049 0.0935221691531264 0.112036380551308 0.121177279211 0.125363466700548 0.12188879592343 0.118774680146712 0.117077483255064 0.112324159288641 0.105602719680412 0.104285655481867 0.100502813078989
-9999 -9999 -9999 -9999 -9999 -9999 -9999 -9999 -9999 -9999 -9999 -9999 -9999 -9999 -9999 -9999 -9999 -9999 -9999 0.130435956504574 0.133256281147227 0.121411670603643 0.0983111430977354 0.0453799715134605 0 0 0.000180066373503848 0.000526454441484749 0.0164002313763353 0.0346046556363897 0.0491596278531401 0.0590061490234583 0.0636260407345583 0.0610528345051591 0.0565615935439436 0.0518408882372946 0.053022757996077 0.0620930011826534 0.0688450318918333 0.0724482168727557 0.0415747577611766 0.0273814291141686 0.0401634800802075 0.0429568024919053 0.0415729171750987 0.0456764980484276 0.0612638454538208 0.099528311794142 0.11621687698909 0.12150047134892 0.116501361602005 0.112564175905422 0.111942162504181 0.111030130347299 0.109931328977154 0.101998428868551 0.0938556730166904
-9999 -9999 -9999 -9999 -9999 -9999 -9999 -9999 -9999 -9999 -9999 -9999 -9999 -9999 -9999 -9999 -9999 -9999 -9999 0.129536456464903 0.128725825824647 0.117385603775881 0.0979635044439053 0.04541786377024 0 0 0.00298301168618453 0.00872133825230396 0.0109945363862967 0.0164527300197981 0.0427869992182218 0.0570908986078216 0.0580404518169016 0.0598049337643456 0.0609735710948369 0.0555875314043641 0.0543362839207176 0.058610893306694 0.0633085753956225 0.0675135528049088 0.0624153726540664 0.0508231050735362 0.0287284931601347 0.0291651909645593 0.0390940330947236 0.0404191144975343 0.0498464835438716 0.0752735283084703 0.0937238594423045 0.108486316083773 0.109912277928601 0.11003518443455 0.107903496148384 0.106391627061215 0.105278915414426 0.0982603548596162 0.090830028666286
-9999 -9999 -9999 -9999 -9999 -9999 -9999 -9999 -9999 -9999 -9999 -9999 -9999 -9999 -9999 -9999 -9999 -9999 -9999 0.126679997587901 0.125946979678609 0.113843251855501 0.093012055075511 0.0429904207324468 0 0 0.00623835740628632 0.018238891027805 0.0119270026683284 0.00829621674115115 0.0383695144521458 0.0538857792641063 0.0532429683548587 0.0563088286835823 0.0595958666259392 0.0567880185847116 0.0547406040001152 0.0537094548600746 0.0570243392352411 0.0621791274096634 0.0725995984731534 0.0662472674204425 0.0327696866450118 0.0253529439218764 0.0291145416901058 0.0337095728037888 0.0407963980751804 0.052803796428404 0.0743491373719758 0.100936212439977 0.105149750097643 0.106980281046371 0.104546789674814 0.102925459924395 0.101827154233881 0.0952653079938628 0.0885677179795204
-9999 -9999 -9999 -9999 -9999 -9999 -9999 -9999 -9999 -9999 -9999 -9999 -9999 -9999 -9999 -9999 -9999 -9999 -9999 0.127075865029401 0.127940820343735 0.111082563011878 0.0806210399773303 0.0365790988805409 0 0 0.0102247632797832 0.0298938215782806 0.0231016727056933 0.0162918721103621 0.0371114604761817 0.0485962856339127 0.0497190303755818 0.049179719337866 0.0488622779534324 0.0538740240897847 0.053675685427673 0.0465144375225339 0.0495317223859242 0.0561987044146471 0.0655635448602617 0.0687154628070499 0.0618197409426116 0.0376669328667593 0.00701438228636886 0.0246534042342647 0.0355717324113476 0.0332186333489076 0.0600134504836553 0.102215787883421 0.103338860179603 0.103075525976734 0.102292101873048 0.101353739014968 0.100315597129845 0.0934709619417266 0.0875389225948571
-9999 -9999 -9999 -9999 -9999 -9999 -9999 -9999 -9999 -9999 -9999 -9999 -9999 -9999 -9999 -9999 -9999 -9999 -9999 0.134435510893571 0.133893664587938 0.113293933596207 0.0772989839008538 0.0346974341740894 0 0 0.0106369735033617 0.0310989877556494 0.0218875738549906 0.013017965031939 0.0370896908600555 0.0483219363102428 0.0453016800942637 0.0451011220324418 0.0462359283592008 0.052182822957723 0.053369213158146 0.048193526471688 0.0483857397116209 0.0507768307287626 0.0585958267137314 0.0645812765737986 0.0676014856725713 0.0486998870446495 0.0209975727830354 0.0251928598444652 0.0287274674143224 0.0309574239912823 0.0507689386248395 0.0798740236877558 0.0919845288426632 0.100287951582252 0.100469217211278 0.0994827036378144 0.0977441517955354 0.0918713297482788 0.0867192414972196
-9999 -9999 -9999 -9999 -9999 -9999 -9999 -9999 -9999 -9999 -9999 -9999 -9999 -9999 -9999 -9999 -9999 -9999 -9999 0.130394192816671 0.136933100771177 0.117428201091108 0.0779336504242007 0.0348351576854211 4.94787287291984e-05 1.60507690810463e-05 0.00951050013103612 0.0278055526820407 0.0154429541001403 0.00508753354781567 0.037721993828835 0.050342663437403 0.0407469678575675 0.0424431021113775 0.047023150773328 0.0509352621006594 0.0532714162643492 0.05350141532197 0.0498784622173883 0.045646883625961 0.0516870742126712 0.0575963958446578 0.0632940740640985 0.0588193270701929 0.049788141576844 0.0299767136983949 0.0216195731198121 0.0358813385150356 0.0436028415711882 0.0478671772660082 0.0763501297594956 0.0973999999712653 0.0985815139075053 0.0974197447370839 0.0947489243974666 0.0903198588279875 0.0859258407084706
-9999 -9999 -9999 -9999 -9999 -9999 -9999 -9999 -9999 -9999 -9999 -9999 -9999 -9999 -9999 -9999 -9999 -9999 -9999 0.128425111373661 0.127015552010049 0.110580809556695 0.0826136456467099 0.0393041037983024 0.00274974862065022 0.000892011199045562 0.00789937692771222 0.0230951620096208 0.0128268454480403 0.00607588609073972 0.0450502262963932 0.0603331594857475 0.0493173790173386 0.0459493115417774 0.0448071203464986 0.045419176935067 0.0469635739367837 0.0497539778522981 0.047222175971924 0.0433502694377168 0.046370569355438 0.049267122453803 0.0519635501733449 0.0493694615692406 0.0445536509981586 0.0421425292414563 0.0375221630113178 0.0285391776404501 0.031055768477554 0.0396510083770749 0.0502263493065766 0.0635196287994009 0.0833207893720923 0.0919373032613326 0.0933510151900572 0.0868841881151991 0.0817458077546295
-9999 -9999 -9999 -9999 -9999 -9999 -9999 -9999 -9999 -9999 -9999 -9999 -9999 -9999 -9999 -9999 -9999 -9999 -9999 -9999 0.117531067487745 0.106869025871185 0.088023446205477 0.0429021060281743 0.00363354218482235 0.00117871149992598 0.00546430246255776 0.015975810724972 0.00888601932734322 0.00670690673107828 0.0495590430198559 0.0674358842427545 0.0575888282313596 0.0503699853394143 0.044299108870267 0.0419308417914289 0.0420541114550381 0.0455071434707771 0.0452616738022278 0.043774629845742 0.0425432208427618 0.0421552809616593 0.0431314131304043 0.0419785071083943 0.0400977277416476 0.0481808168899137 0.0474742571332483 0.0294106818837256 0.0308087326990844 0.0424941534916426 0.0369539202085168 0.0417795617423224 0.073156589702655 0.0881811167812674 0.0926747948537628 0.0846696737697748 0.0787887953026929
-9999 -9999 -9999 -9999 -9999 -9999 -9999 -9999 -9999 -9999 -9999 -9999 -9999 -9999 -9999 -9999 -9999 -9999 -9999 -9999 -9999 0.109344065174895 0.094873215232749 0.0447816613420494 0.000933272292901385 0.000302751069961483 0.00140350154998608 0.00410337371849782 0.00233141212053054 0.00663288090635221 0.0485049108727053 0.0688407887767674 0.0652703999071177 0.0565949756978809 0.0471611651508432 0.0424434312074763 0.0399037722421054 0.0402749561867703 0.0446740132386659 0.0495677063038863 0.0416541054099245 0.0374455369324975 0.0392288074354044 0.038649960566365 0.0371779845304725 0.0421289669088555 0.0456855131789677 0.0464884512678158 0.0548307245850132 0.0671582728539332 0.0490383086195763 0.0439933550570899 0.0730482703362935 0.0878309793376924 0.0934225285047123 0.08486460558315 0.0782449071067494
-9999 -9999 -9999 -9999 -9999 -9999 -9999 -9999 -9999 -9999 -9999 -9999 -9999 -9999 -9999 -9999 -9999 -9999 -9999 -9999 -9999 0.0834926405314211 0.0852379121490631 0.0507265879756708 0.0170499636013671 0.00553096321660936 0 0 0.000367957567008192 0.00680849947362858 0.0457440870312635 0.0653643402488561 0.0635435517139154 0.0595485397989115 0.0551832104620388 0.0524434743734587 0.046977127445646 0.0378668582883471 0.0389330970756356 0.0428658619534552 0.0380637748772593 0.035968093506492 0.038249255676962 0.0382801385091426 0.0374425829884589 0.0417714726579902 0.0460755041183555 0.0503304478021454 0.0593747528655625 0.070950703142102 0.063651703569405 0.0578347556599287 0.0569606469117414 0.0686824640313587 0.0885159329628631 0.0834419020201912 0.0784530148037809
-9999 -9999 -9999 -9999 -9999 -9999 -9999 -9999 -9999 -9999 -9999 -9999 -9999 -9999 -9999 -9999 -9999 -9999 -9999 -9999 -9999 0.0782013316550754 0.0705940058480223 0.0588187152705609 0.0431051791809837 0.013983206420233 0 0 0.000829404759913768 0.00711597231974686 0.0420818425700705 0.059309715289301 0.0568474734614556 0.0607742399311233 0.0659305989183661 0.0674544907970789 0.0589221465619503 0.0369503551593251 0.0304703941530242 0.0295645952839953 0.0330467478899781 0.0361978491151246 0.0388135686363659 0.0394730212261267 0.0393890500876979 0.0444215571564464 0.0476162339783657 0.0471817273809614 0.0536311362929844 0.0637193668276799 0.0796008398538623 0.0778174909882454 0.0324332600457276 0.0396052395855571 0.0806228994238654 0.0811648145703573 0.0790583029676555
-9999 -9999 -9999 -9999 -9999 -9999 -9999 -9999 -9999 -9999 -9999 -9999 -9999 -9999 -9999 -9999 -9999 -9999 -9999 -9999 -9999 0.0851110698175123 0.0865088105218049 0.0719766534339592 0.0516614923682653 0.0167588518477018 0 0 0.00371637920400157 0.0112686911262998 0.0356971504409702 0.0498020356612995 0.0524472081324032 0.0574948705899295 0.0627684683249766 0.0647626992952102 0.0615427379450343 0.0513543779397335 0.0391224515549552 0.0271493027090132 0.0291216548077252 0.0332081888155885 0.0407138123618415 0.0436058486589502 0.0445427486479507 0.0466193157783788 0.0482089020982704 0.0488368421038859 0.0515672238640267 0.0554089514136822 0.0707854824518588 0.0770189236432445 0.0600886844442319 0.0511809434948137 0.0474396121563411 0.0643113694082047 0.0781040413513188
-9999 -9999 -9999 -9999 -9999 -9999 -9999 -9999 -9999 -9999 -9999 -9999 -9999 -9999 -9999 -9999 -9999 -9999 -9999 -9999 -9999 0.120570933514207 0.100982505344741 0.0820835446026861 0.0590234370073759 0.019147047268739 0 0 0.00706031048579971 0.0164203518072857 0.0308349977645498 0.0415387324387877 0.0481231595018515 0.0541003481125552 0.059521873364809 0.0617375120366993 0.0624779435253521 0.0612468651194684 0.0476779926405114 0.0308567311880626 0.0278826183449404 0.0297656509375703 0.0395037385157402 0.044325749656915 0.0470043412678512 0.0476445478186066 0.0485515698621656 0.0499854753674438 0.049469994210469 0.0479240718274447 0.0611028504920752 0.0724572058546737 0.0783214828101153 0.0635628492378219 0.0355232650387649 0.0524032744374203 0.0690121181324811
-9999 -9999 -9999 -9999 -9999 -9999 -9999 -9999 -9999 -9999 -9999 -9999 -9999 -9999 -9999 -9999 -9999 -9999 -9999 -9999 0.131653247778379 0.11980807018791 0.0988712509591336 0.0843850885850646 0.0646805824644038 0.0209822103321558 0 0 0.0113524875764178 0.0237459730964769 0.0298813693189334 0.0365550158958714 0.0438261488077896 0.0507368296136762 0.0570332752624531 0.0591251385975626 0.0599419854944098 0.0590548632455713 0.0548111546825855 0.0487680866933104 0.0331302868645815 0.0254398742094531 0.0306021059862788 0.0365035692693311 0.042666385941505 0.045836494580404 0.0483491817044317 0.0495636513976635 0.0470362499234703 0.0425309041100948 0.0510182830654566 0.0601423686476086 0.0699156324223682 0.0750959268933712 0.0773183945110113 0.0535879442054534 0.0401468818509225
-9999 -9999 -9999 -9999 -9999 -9999 -9999 -9999 -9999 -9999 -9999 -9999 -9999 -9999 -9999 -9999 -9999 -9999 -9999 0.13585991312121 0.135139040407914 0.124443481621142 0.106091957312363 0.0907419361984182 0.0705860622782324 0.0298615946670559 0.00712169132824816 0.000993569223252643 0.0120739136569195 0.0247418800672783 0.0279758499893523 0.0326023833609076 0.0387747357453637 0.0448678579391073 0.0506556846518065 0.0541412432208878 0.0561902934617511 0.0563195520863273 0.056746959260988 0.0561679390097176 0.0394012073505883 0.0288454760509967 0.0283342760475584 0.0324775782444964 0.0385925153400579 0.0435121973013876 0.0473733683190826 0.0491442862394419 0.0476207896519894 0.0443558732681064 0.0474541987843451 0.0521429077939915 0.0602760260544198 0.0702782658177354 0.0814842013621041 0.0579563727236006 0.0467329220221684
-9999 -9999 -9999 -9999 -9999 -9999 -9999 -9999 -9999 -9999 -9999 -9999 -9999 -9999 -9999 -9999 -9999 -9999 -9999 0.136627922491946 0.139007224941527 0.132552648397149 0.119317720821658 0.0997083458074474 0.0766513436651855 0.0432738904167229 0.0188261455581881 0.0026264938982818 0.0104975842596692 0.0216646562858992 0.0254577949532335 0.0293132468021636 0.0332378695753349 0.0373866431419062 0.0417755521911278 0.0476312886182551 0.0516562843607729 0.0532346248706902 0.0553382974937528 0.056803706134204 0.0463305839440571 0.0372261706415675 0.030335255722842 0.0308944108380345 0.0346885815730491 0.0408557002780385 0.045899860737653 0.0487265033107602 0.0501475758744305 0.0508256674216262 0.0480860037777113 0.0469203640725417 0.0498425055900572 0.0549390087589497 0.0614357793487686 0.0643735296709186 0.0761316322541226
-9999 -9999 -9999 -9999 -9999 -9999 -9999 -9999 -9999 -9999 -9999 -9999 -9999 -9999 -9999 -9999 -9999 -9999 -9999 0.134943359448778 0.134616983355367 0.126662625763321 0.112853491096 0.094142603718826 0.0732492950334278 0.0462736179456815 0.023022607433584 0.0032119552969538 0.00568196660486913 0.0122902150086976 0.0179605717419311 0.0239276914013779 0.0302242335900715 0.0350908358005082 0.0395475097449446 0.0437268225049167 0.0476551444972479 0.0512480351091845 0.0522810823743965 0.052355539190459 0.0511566595512759 0.0471602730886437 0.0386397128677236 0.0340643743731969 0.0313291982428632 0.0367271507917844 0.041875716939782 0.0465318170437592 0.0487716559583067 0.0497342648647172 0.0493800140525695 0.04841475126826 0.0460473754465581 0.0483283880063026 0.0536029167579051 0.0601588308006324 0.0699388495540784
-9999 -9999 -9999 -9999 -9999 -9999 -9999 -9999 -9999 -9999 -9999 -9999 -9999 -9999 -9999 -9999 -9999 -9999 -9999 0.132000997332417 0.130882068276127 0.12194784937907 0.107015086856212 0.0886441058083495 0.0690280151588636 0.0462755527699422 0.0244250339086052 0.00340761215980164 0.00175356475990699 0.00467209235058961 0.0120611071420644 0.0197555308321937 0.0277889745378383 0.0333186583519613 0.0379520342165917 0.0406548448406763 0.0442269073276026 0.0489606633501284 0.0490371219837572 0.0480262346067464 0.054293363537385 0.0551927696263683 0.0474114066039335 0.0393981502612076 0.0314816543981683 0.0341789664937537 0.0375595896721108 0.0422895546931731 0.0455473517130604 0.0480269641739499 0.0499585000521296 0.0497764500550175 0.044464301641753 0.044264442465797 0.0473568470495619 0.0552894844101506 0.0625629516762966
-9999 -9999 -9999 -9999 -9999 -9999 -9999 -9999 -9999 -9999 -9999 -9999 -9999 -9999 -9999 -9999 -9999 -9999 -9999 0.132465718902174 0.133222702202047 0.124296283056683 0.107937470078536 0.0869160416470884 0.0645965129574879 0.0395678135374278 0.0190352642684104 0.0026556686974842 0.00136056327826443 0.0040243444591067 0.0123189786798896 0.0198463952498759 0.0265221596871879 0.0318931182117903 0.0366802145384429 0.039516283127063 0.0424381524296171 0.0454746883080945 0.0456203229600439 0.0453105484417863 0.0527259920557537 0.0569689725423737 0.0560813938076277 0.0502522733022647 0.0423512736237897 0.0368745812809645 0.0329666177502443 0.0321564401027035 0.0375688021794872 0.0462703841872539 0.0481638589138826 0.0490814700310501 0.0480884506733667 0.0459291647864877 0.0430188147774488 0.0510039285703881 0.060257061521181
-9999 -9999 -9999 -9999 -9999 -9999 -9999 -9999 -9999 -9999 -9999 -9999 -9999 -9999 -9999 -9999 -9999 -9999 -9999 0.141932986530601 0.140484143820176 0.130151839876361 0.113001128574369 0.0906042511680643 0.0654440720718523 0.0320832135755449 0.011099628004843 0.00154854349435529 0.00237882433401344 0.00568964879830865 0.0115544408130659 0.0177926097660827 0.0244452468500528 0.0305803314611796 0.0362214919795381 0.0389657361280625 0.0415159872540195 0.0438069804480681 0.0446039264223583 0.0452421954728233 0.0509933410806989 0.0558177678131993 0.0591434896338334 0.0574580725112751 0.0534874687157809 0.0420090380959883 0.0332757393613944 0.0299632824802899 0.033357428466688 0.0402966690283356 0.0435017552291298 0.0459199216227932 0.0466747151889148 0.0457877010997562 0.0438433791015566 0.0496138472331652 0.0576131793030556
-9999 -9999 -9999 -9999 -9999 -9999 -9999 -9999 -9999 -9999 -9999 -9999 -9999 -9999 -9999 -9999 -9999 -9999 -9999 0.143222015339524 0.146976514215709 0.138734696917821 0.121285233149334 0.0985044041584931 0.0703968720101054 0.0239944909884577 0.00118420878946878 0.000165212637404614 0.00449454803230657 0.00915368891216092 0.00999483038018219 0.0140710459024031 0.0217383645682458 0.029355226930981 0.0363950711288469 0.0388724564095685 0.0412677220945672 0.0435532407573559 0.0454541932344663 0.0472325305282329 0.0491321611715832 0.0523900762894268 0.0578446312596858 0.0618267673492059 0.0648309654593029 0.0490400506160466 0.0373969543146425 0.0339446004958077 0.0320755838965221 0.0310435156448138 0.036609780814937 0.0408402562197768 0.0413432890499286 0.0442416641205915 0.0486826159283085 0.0504754200104557 0.0547064589149926
-9999 -9999 -9999 -9999 -9999 -9999 -9999 -9999 -9999 -9999 -9999 -9999 -9999 -9999 -9999 -9999 -9999 -9999 -9999 0.150830187200694 0.150862926243742 0.14126579701069 0.124277363534057 0.0831514043005176 0.0420574172081176 0.0136433152001005 0 0 0.00583624392852146 0.0116785722572379 0.0114388685008488 0.0127847276167923 0.0158906453032195 0.0258881907964931 0.0367396072394764 0.0398492936461403 0.0418169226160855 0.0422582727268958 0.0438047837185148 0.0456948447151014 0.0471074702675156 0.0496247777071304 0.0539285947500237 0.0591972476872978 0.0645540183905612 0.0523106952426621 0.0428159688247519 0.0387489263271021 0.0364135330157686 0.0349934854104394 0.035086283028284 0.0361146177505908 0.0393249398533834 0.0422286276635512 0.0449348460187967 0.0479819192884227 0.0518680432347336
