layers/veg_sum/veg1700.asc
NCOLS 255 
NROWS 330 
XLLCORNER -2985163.8955 
YLLCORNER -3022031.214 
CELLSIZE 25000 
NODATA_value -9999 
[rows 125 to 149 of 330, columns 171 to 227 of 255]
0.357892194964262 0.353524890542049 0.355900492321509 0.352540128852952 0.346046315203521 0.287576221245436 0.252448615743205 0.264849372107387 0.275060756158356 0.284079687994756 0.300029950253003 0.310507503165926 0.306522555368054 0.313339819899214 0.327314390747917 0.347448079473372 0.366294548071583 0.379278238128342 0.353978368413025 0.298051877723285 0.303559640315053 0.311524832293957 0.292351448944907 0.257869599377256 0.208658363202974 0.208520479437565 0.233722325861185 0.347594469799605 0.415781731971503 0.431135829039995 0.424676751020715 0.418453336022715 0.469302295466362 0.508853477237789 0.532661498460978 0.577005435205273 0.625734345904729 0.62197799318562 0.632715288842751 0.667932456608282 0.660650883452548 -9999 -9999 -9999 -9999 -9999 -9999 -9999 -9999 -9999 -9999 -9999 -9999 -9999 -9999 -9999 -9999
0.314279681891215 0.293455648541853 0.32829344896794 0.346711271231577 0.357062797211944 0.297411592319517 0.261513589092865 0.273980213587544 0.286505580280162 0.299062941194868 0.311268170397876 0.320640490049162 0.322883155940474 0.331737570995353 0.344972784410511 0.358939224158332 0.37417168862379 0.393262596279426 0.367563360100723 0.30603227425153 0.299507420587163 0.300657224881669 0.300603694207489 0.289223658778698 0.266945570922562 0.215011229372498 0.188649587329995 0.348446912947217 0.438531742020619 0.447996206166879 0.417511258146126 0.385523024240554 0.440601604736761 0.484636329999122 0.513281729053954 0.567284718222596 0.626963417188806 0.626421985372687 -9999 0.703492509504773 0.703492509504773 -9999 -9999 -9999 -9999 -9999 -9999 -9999 -9999 -9999 -9999 -9999 -9999 -9999 -9999 -9999 -9999
0.300859640477859 0.267852437263505 0.298593802843272 0.331031392191868 0.363228698007188 0.309055743229452 0.275975331444595 0.285842098061231 0.299896816816058 0.316232523948948 0.319071700384078 0.324618458196717 0.338231980514585 0.339599266665645 0.33285246832984 0.359494782796199 0.387086809768047 0.408344525462599 0.388545624159198 0.335901672531989 0.307652196793997 0.289352933434509 0.298139392558486 0.302495585825593 0.302589098714132 0.227866862523846 0.17481467898234 0.34017361415347 0.430710486790888 0.434717938088798 0.407185176363729 0.381481242769279 0.451725858177732 0.502729232562486 0.526920435972386 0.573313573214622 0.624792193520833 0.625584342568439 -9999 -9999 -9999 -9999 -9999 -9999 -9999 -9999 -9999 -9999 -9999 -9999 -9999 -9999 -9999 -9999 -9999 -9999 -9999
0.315396140725842 0.312591102852331 0.334962462814465 0.352006995720923 0.365985333525914 0.318071578288001 0.289049029057543 0.298491447986469 0.309987254411757 0.322601448263718 0.333177866081557 0.345147921147517 0.360825574869026 0.365369946816556 0.362537653174785 0.389546361553821 0.415249742906703 0.428377229954988 0.417519953919524 0.387475009535017 0.338315286281327 0.298309871001612 0.30859515435633 0.334388722506437 0.375103937220947 0.322085801863017 0.277186709418739 0.394336360316638 0.459770211764173 0.465396326709738 0.449683861482829 0.435717767667142 0.491258944201768 0.531869945730978 0.551676135115448 0.586345160793103 0.62419553199186 -9999 -9999 -9999 -9999 -9999 -9999 -9999 -9999 -9999 -9999 -9999 -9999 -9999 -9999 -9999 -9999 -9999 -9999 -9999 -9999
0.337311752750253 0.37643948817677 0.387801540070785 0.381236630429977 0.366443158449391 0.325620733741992 0.301428415109699 0.311097169212184 0.319150726982169 0.326324560261246 0.349065380479929 0.369881313999294 0.384421648201809 0.395768783115098 0.405000174998182 0.427146133589539 0.445584496465494 0.448492303277047 0.446755639320348 0.441303426269133 0.375353278354534 0.316864284800288 0.326787574116699 0.372742494006025 0.453366061243635 0.436410444467129 0.412329111962655 0.465601053631521 0.497526053714099 0.504763970331189 0.505680476426728 0.508003724913003 0.538942573266011 0.563709199121083 0.579874992799808 0.593265149486543 -9999 -9999 -9999 -9999 -9999 -9999 -9999 -9999 -9999 -9999 -9999 -9999 -9999 -9999 -9999 -9999 -9999 -9999 -9999 -9999 -9999
0.335814849101084 0.388479940129891 0.372649772828412 0.361185485126343 0.351463467095613 0.325263995700383 0.310682084034596 0.31975504463617 0.330349874192062 0.341773597031161 0.361214680339094 0.378598181509679 0.390054218745911 0.409876195673551 0.435241258700745 0.436941663303526 0.438922007964318 0.44845111011302 0.445131748556879 0.431533692168421 0.399171576173075 0.374018088095317 0.390732585905126 0.415711862567819 0.44864328291389 0.464681039270124 0.477581454581106 0.492711218365008 0.490814739631764 0.46922793343754 0.511617780812537 0.566356648120924 0.571361173780721 0.583451994738638 0.605417384643408 0.608495072198769 -9999 -9999 -9999 -9999 -9999 -9999 -9999 -9999 -9999 -9999 -9999 -9999 -9999 -9999 -9999 -9999 -9999 -9999 -9999 -9999 -9999
0.335764123920369 0.393657529701967 0.356342582054681 0.345812847997169 0.3469301380362 0.330481650408248 0.322882150957537 0.333300349707038 0.344684783836443 0.356595482736627 0.369670183338523 0.381827397746351 0.391559830261637 0.419412574774266 0.459271436143707 0.453270943036357 0.447964779377325 0.457774628799526 0.452790042196366 0.43596999443503 0.42312454365341 0.416858243338591 0.435922076983098 0.445072343794108 0.444684048318334 0.481398150847543 0.517451265210022 0.504329447961025 0.483348422893522 0.453278464940538 0.509855255485405 0.583592681933237 0.593903956775025 0.609547174368295 0.632620316076373 0.644282275918698 -9999 -9999 -9999 -9999 -9999 -9999 -9999 -9999 -9999 -9999 -9999 -9999 -9999 -9999 -9999 -9999 -9999 -9999 -9999 -9999 -9999
0.337984237078821 0.38805882066966 0.338221106176991 0.337786562624992 0.35880004033468 0.344452405130526 0.339708751660607 0.354520062096371 0.363943573703132 0.370432594631206 0.372325561589073 0.376439718367343 0.386585151142268 0.421771362552847 0.47354903853254 0.479859738012265 0.481668481040388 0.481802934736912 0.475023535697573 0.462713095436494 0.447288973991057 0.437222624340818 0.451661015152592 0.453063689890151 0.441923755916322 0.479973592339398 0.51746456570258 0.491621717085764 0.474696575451704 0.468084488533896 0.496002197144129 0.536265585493329 0.600939397110641 0.64561708220366 0.662430682929989 0.660121020733536 -9999 -9999 -9999 -9999 -9999 -9999 -9999 -9999 -9999 -9999 -9999 -9999 -9999 -9999 -9999 -9999 -9999 -9999 -9999 -9999 -9999
0.345564742063478 0.39001628521818 0.351464167215153 0.370186908999015 0.413559394862618 0.39712874349354 0.389216144372083 0.398647414580904 0.417419145356567 0.441278203134955 0.440024896377532 0.43640359606081 0.429069874554802 0.452722944259253 0.496907174594103 0.505954036510133 0.509068433823939 0.503013834559082 0.479239934204606 0.441290697971378 0.422506226725768 0.413056022397174 0.431285726044012 0.446427664732977 0.458598640611855 0.471961825115129 0.479412189872061 0.450735869735047 0.436639671454662 0.439404937087348 0.488007888934861 0.549974296600548 0.617050105395611 0.661222722152609 0.673480334049051 0.676850875034466 -9999 -9999 -9999 -9999 -9999 -9999 -9999 -9999 -9999 -9999 -9999 -9999 -9999 -9999 -9999 -9999 -9999 -9999 -9999 -9999 -9999
0.354991814339507 0.394484130306297 0.376959326391967 0.418181247714649 0.484404001178334 0.46466744328889 0.451533182029185 0.451842060902594 0.484054303902309 0.533642868405234 0.532893379440654 0.522168979096514 0.490786103313269 0.495733956029477 0.524753743705828 0.532619105563171 0.534526312306343 0.52325262292791 0.476607101016671 0.401664322669441 0.378972504900734 0.371716244417291 0.39768108955517 0.43488489128888 0.482902509011156 0.462263507414656 0.428629708374691 0.402622400748465 0.391549967702222 0.397749259217193 0.485042827874554 0.588830126179982 0.637160456960219 0.66894101352479 0.677659888396421 0.694742590149353 -9999 -9999 -9999 -9999 -9999 -9999 -9999 -9999 -9999 -9999 -9999 -9999 -9999 -9999 -9999 -9999 -9999 -9999 -9999 -9999 -9999
0.349911275341832 0.374908598367031 0.37373547433106 0.421472859605393 0.490022464614217 0.48677721188365 0.485608870035802 0.488669390598442 0.511338390057439 0.544687242341458 0.556917926808625 0.558683205173623 0.535904310312226 0.547100775918415 0.58080856186423 0.589379522042169 0.585948678725027 0.551055993220847 0.497800765979327 0.429855614152301 0.394595808887733 0.379773307550899 0.431218681501161 0.46805771433514 0.490842926091428 0.493000694829202 0.495727211255173 0.526973174098896 0.54620489651183 0.551542518212937 0.583055217449439 0.622410997892013 0.666597530894262 0.699538389984157 0.716808693765582 0.71803531276505 -9999 -9999 -9999 -9999 -9999 -9999 -9999 -9999 -9999 -9999 -9999 -9999 -9999 -9999 -9999 -9999 -9999 -9999 -9999 -9999 -9999
0.354242923689007 0.370282947564074 0.377650988172032 0.42731084779841 0.495003595490159 0.503845460889055 0.51105969194833 0.514959846446059 0.531494715341521 0.554911142514257 0.566930194066863 0.571420441162347 0.557910007704275 0.576891710150641 0.617401981236071 0.626203477961688 0.621044472428416 0.579983040639002 0.527717775175673 0.466489509159772 0.433193398872492 0.421247108147897 0.482320355935925 0.509504875326686 0.50408258910788 0.523798231217928 0.554370940896437 0.617914989247668 0.657977107253325 0.670883092750317 0.66592176597581 0.660765363259923 0.698855594815814 0.729379944803306 0.749361434798681 0.758492657837029 -9999 -9999 -9999 -9999 -9999 -9999 -9999 -9999 -9999 -9999 -9999 -9999 -9999 -9999 -9999 -9999 -9999 -9999 -9999 -9999 -9999
0.376591053848799 0.394273839518362 0.395232428031272 0.438023020987655 0.49876476653593 0.511263408358629 0.520001095016213 0.521080984674607 0.538007328553918 0.563564520331851 0.550120641858406 0.538644589301146 0.535674542684213 0.565382834117412 0.616743067601819 0.624865754144322 0.624888508213029 0.611060991747024 0.574332706648015 0.519283942337522 0.5157675684419 0.52668606590632 0.567042586477384 0.566790486366108 0.527465884473727 0.554711285515069 0.596832751688024 0.644906538027381 0.687664709832787 0.724275536401893 0.719796672093298 0.708256984239392 0.736513499703278 0.757774732113943 0.769288218783599 0.76844351351432 -9999 -9999 -9999 -9999 -9999 -9999 -9999 -9999 -9999 -9999 -9999 -9999 -9999 -9999 -9999 -9999 -9999 -9999 -9999 -9999 -9999
0.404135576266362 0.4263229056156 0.431828207659502 0.450001494577311 0.473783775459642 0.498026915454027 0.515571508522738 0.519476983257316 0.537111436928432 0.562223445347933 0.539524953775455 0.520019649386971 0.512915695944526 0.546841097860381 0.607951640686814 0.602855359219843 0.594068170571327 0.592038387444885 0.582242765744026 0.566234519198893 0.589105965143834 0.612853767879512 0.616562404291424 0.608967704566788 0.590497244624081 0.618716711601575 0.655672718971116 0.686852616155586 0.715853584769107 0.742334689294419 0.765611543439882 0.787931204008547 0.809685899726729 0.829825459868442 0.84771437042001 0.861257955963493 -9999 -9999 -9999 -9999 -9999 -9999 -9999 -9999 -9999 -9999 -9999 -9999 -9999 -9999 -9999 -9999 -9999 -9999 -9999 -9999 -9999
0.434342992047139 0.462501386387568 0.47816789357214 0.462628884331264 0.434073851507895 0.474206046031074 0.504289952894466 0.513914230831178 0.532419053932489 0.555760708889304 0.532113562935459 0.508646350156929 0.489888642025996 0.524695369470853 0.594992703975145 0.570251245430373 0.545484060420175 0.54734173278684 0.57031849697134 0.610190409472238 0.657711486217264 0.689145906849441 0.648042731133477 0.643402620604087 0.673846271983077 0.699680337308045 0.722905679326988 0.736462149037912 0.743274436104394 0.742287282713477 0.807296046632174 0.884097409847437 0.901057717481606 0.924247692372026 0.956118547221559 0.924315166538948 -9999 -9999 -9999 -9999 -9999 -9999 -9999 -9999 -9999 -9999 -9999 -9999 -9999 -9999 -9999 -9999 -9999 -9999 -9999 -9999 -9999
0.441263385145761 0.469535115880703 0.493866069650412 0.49190027537367 0.478597094948627 0.491017449912039 0.502615162159066 0.512537866157295 0.525263028437363 0.539514563168681 0.515729620683804 0.494278600405599 0.482171730232329 0.513328908102497 0.573151884695358 0.550604350193667 0.531499250046136 0.546591784607082 0.59365322262199 0.666289593973339 0.69324751990497 0.708401445838414 0.701642797934886 0.717990795210436 0.756571373148535 0.783375715404901 0.797832279457318 0.754262834900976 0.749892364681285 0.790854306474751 0.843018437303724 0.896156141642782 0.929860262221168 0.953801430723822 0.96413817839149 -9999 -9999 -9999 -9999 -9999 -9999 -9999 -9999 -9999 -9999 -9999 -9999 -9999 -9999 -9999 -9999 -9999 -9999 -9999 -9999 -9999 -9999
0.451322443397481 0.477979073514675 0.507140863987693 0.515244973499211 0.5139508989619 0.505395986127889 0.502750130584749 0.512135889140551 0.518873136118269 0.524167858461169 0.505288691517883 0.48933182993347 0.482951340389338 0.506528498420519 0.549954929333817 0.532134577449638 0.522148620272915 0.554522347267012 0.620981192883283 0.714707931431262 0.737669979339791 0.74970055023648 0.758815004378745 0.78160828494115 0.817562957362814 0.832116928311256 0.830625406009898 0.76117623544715 0.751737360739246 0.811698553322895 0.862604715252624 0.910057976468232 0.949166516157683 0.970166409148021 0.965932372018062 -9999 -9999 -9999 -9999 -9999 -9999 -9999 -9999 -9999 -9999 -9999 -9999 -9999 -9999 -9999 -9999 -9999 -9999 -9999 -9999 -9999 -9999
0.46997165097372 0.491220639315702 0.516224377204605 0.523741154087881 0.523395598655784 0.51198225152448 0.506681681014311 0.513827523824953 0.514418355772252 0.511438969363658 0.509349693405764 0.506810007346057 0.503051097961256 0.509982672851917 0.523997525529731 0.51579738313183 0.52201768393434 0.580770269899725 0.65598032982444 0.744356271400437 0.804763536348131 0.845982343165443 0.823322437570196 0.817271068400035 0.827199977755635 0.798076701803077 0.763413483193357 0.743945237722729 0.743341905991445 0.764555268617521 0.844338739543163 0.932540497143986 0.949161625615493 0.960322709311632 0.963875362040808 -9999 -9999 -9999 -9999 -9999 -9999 -9999 -9999 -9999 -9999 -9999 -9999 -9999 -9999 -9999 -9999 -9999 -9999 -9999 -9999 -9999 -9999
0.491154555015859 0.518280964796715 0.529033754873091 0.530906821176243 0.528696335296562 0.512920244994555 0.500663286844924 0.495571742387591 0.499351336797813 0.50796263987838 0.483864678559825 0.4701361047079 0.485582817306282 0.500641603678694 0.515443358737212 0.536728899663197 0.567816745648418 0.628547866853578 0.689313698573407 0.750107298499298 0.803923089011908 0.837652101861899 0.790897378848598 0.779704518309084 0.802728307128721 0.798458769599663 0.786155395955351 0.760066879657732 0.751084593751888 0.761885138831674 0.84453711461011 0.937863967976769 0.946515423620683 0.95134748480143 0.950857318728714 -9999 -9999 -9999 -9999 -9999 -9999 -9999 -9999 -9999 -9999 -9999 -9999 -9999 -9999 -9999 -9999 -9999 -9999 -9999 -9999 -9999 -9999
0.513921850041841 0.553982545668628 0.544173019378277 0.537240481107416 0.53140573639771 0.510326216679421 0.488422915132261 0.464842285954178 0.47764818937328 0.510272193676433 0.4399037163573 0.399599397845378 0.444622195777631 0.483299312229607 0.517771920867398 0.580965579320291 0.642337114662697 0.689788568934104 0.721605416066825 0.740914670129015 0.760601616253551 0.763905041270741 0.697857732588432 0.69634562592666 0.756927521807261 0.820366056961285 0.865147948038534 0.797044856309601 0.768918911599107 0.787025311750147 0.856281762597425 0.932457406925936 0.942217535992895 0.948602326703436 0.950283670843207 -9999 -9999 -9999 -9999 -9999 -9999 -9999 -9999 -9999 -9999 -9999 -9999 -9999 -9999 -9999 -9999 -9999 -9999 -9999 -9999 -9999 -9999
0.544383260185391 0.564029937052104 0.532467853357688 0.51530108996539 0.504489071637967 0.492538943438186 0.478511620820709 0.460254858478419 0.463626102968947 0.478777145938182 0.398074566659383 0.356574562219947 0.422857010780821 0.448524096305743 0.447280343051344 0.533401386535772 0.614701187845343 0.655973916823217 0.684240400284631 0.702101964399347 0.710914349539396 0.717496802905093 0.720196043935087 0.759365391066426 0.833625274681353 0.867248868098649 0.884150916102142 0.852616266395084 0.843846925850549 0.861404967387477 0.903367053532368 0.947298351588956 0.947524520413414 -9999 -9999 -9999 -9999 -9999 -9999 -9999 -9999 -9999 -9999 -9999 -9999 -9999 -9999 -9999 -9999 -9999 -9999 -9999 -9999 -9999 -9999 -9999 -9999
0.561868718115175 0.565437781568356 0.518645677475901 0.493937035152565 0.479169619810537 0.479447851341557 0.476403907669698 0.466595580435019 0.457700548508115 0.449302947285772 0.368810339696165 0.331710422771773 0.410834244327805 0.42222954206878 0.388749422014403 0.490904153161074 0.586160284965336 0.621156377279282 0.652200245697346 0.68008235841699 0.683278790191416 0.693126100217406 0.746103520575307 0.814439347430111 0.897552612058517 0.907156554888319 0.901650231751325 0.897290659301435 0.903198286208855 0.920979614389412 0.940626639120126 0.958579439342735 0.956546512312337 -9999 -9999 -9999 -9999 -9999 -9999 -9999 -9999 -9999 -9999 -9999 -9999 -9999 -9999 -9999 -9999 -9999 -9999 -9999 -9999 -9999 -9999 -9999 -9999
0.539059469165128 0.546570784172324 0.504233212297139 0.480307598951177 0.464917148558596 0.48358236247438 0.497047640379452 0.499925167931056 0.474259473861469 0.433047576148165 0.376523935671465 0.355089709087843 0.423747221564113 0.424911756023862 0.381356940110429 0.48305043471643 0.576677235454713 0.60359288457233 0.650856393385412 0.714398069386812 0.722692386731623 0.728585050025792 0.758074441729018 0.81467133864929 0.89735033410129 0.920966403497055 0.92744464215339 0.905542665199334 0.903987792047631 0.92596372061847 0.94108908863369 0.953124720360443 0.954539352662954 -9999 -9999 -9999 -9999 -9999 -9999 -9999 -9999 -9999 -9999 -9999 -9999 -9999 -9999 -9999 -9999 -9999 -9999 -9999 -9999 -9999 -9999 -9999 -9999
0.514427596926021 0.521901576196361 0.499040809297786 0.481814850628792 0.467575738016913 0.496432102422305 0.518651519265465 0.527357242141392 0.494159338463433 0.438138422006378 0.419316647350245 0.413939406757751 0.439181450160968 0.42288029560583 0.379053539429329 0.480304194558976 0.576924562696201 0.617912644348575 0.675670735099999 0.746844733762602 0.759498042680531 0.764687266390515 0.774113815656962 0.810254611305242 0.872099122612816 0.900854998822334 0.918281623201034 0.909675337062075 0.913886514362463 0.932920695157942 0.943308287822013 0.950486319383876 -9999 -9999 -9999 -9999 -9999 -9999 -9999 -9999 -9999 -9999 -9999 -9999 -9999 -9999 -9999 -9999 -9999 -9999 -9999 -9999 -9999 -9999 -9999 -9999 -9999
0.488417069214935 0.492843502230583 0.500822578773862 0.494771685825558 0.483026069205475 0.515874152458451 0.540981664949311 0.550328362181326 0.516586332069123 0.459375818303186 0.488643648976437 0.499619375389232 0.456522785402032 0.417283351850329 0.380599584608698 0.481421316035778 0.584532070856175 0.656349302424278 0.720271467973003 0.777877627487202 0.794331019146864 0.801276057772228 0.793230619086306 0.802321534025714 0.827900578734045 0.855085126083278 0.882676359405707 0.910692092189542 0.930675564050785 0.941369972417332 0.946856314841376 -9999 -9999 -9999 -9999 -9999 -9999 -9999 -9999 -9999 -9999 -9999 -9999 -9999 -9999 -9999 -9999 -9999 -9999 -9999 -9999 -9999 -9999 -9999 -9999 -9999 -9999
