layers/veg_sum/veg1000.asc
NCOLS 255 
NROWS 330 
XLLCORNER -2985163.8955 
YLLCORNER -3022031.214 
CELLSIZE 25000 
NODATA_value -9999 
[rows 175 to 199 of 330, columns 57 to 113 of 255]
-9999 -9999 -9999 -9999 -9999 -9999 -9999 -9999 -9999 -9999 -9999 -9999 -9999 -9999 -9999 -9999 -9999 -9999 -9999 -9999 -9999 0.302712884629479 0.309825054422422 0.324524501494427 0.330208628815633 0.296290380827391 0.213999643684561 0.087028746633408 0.0333445171456025 0 0 0 0 0 0 0 0 0 0 0.00857885934459887 0.14250199890297 0.243943011070383 0.292853395922167 0.302914391229927 0.297018971461519 0.328168064836329 0.350440718196962 0.355184968715358 0.374373534105519 0.401197330521989 0.39320464129701 0.383033400211119 0.369967454936511 0.363975406344203 0.362538877325628 0.363454951257102 0.364941659289822
-9999 -9999 -9999 -9999 -9999 -9999 -9999 -9999 -9999 -9999 -9999 -9999 -9999 -9999 -9999 -9999 -9999 -9999 -9999 -9999 -9999 0.280750035434534 0.249042001829811 0.249390304169539 0.249522351150201 0.232127245723262 0.160290804580195 0.0381685991952716 0.00921835911733722 0 0 0 0 0 0 0 0 0 0 0.009611432465485 0.159653898453857 0.260869134201985 0.283120175156683 0.293953815261048 0.300471711358951 0.338102173400475 0.361770390483284 0.357867210268584 0.371212932515182 0.393676384222229 0.371392702257575 0.354932430898098 0.355838636753488 0.355118883268242 0.353352028032007 0.351940633870106 0.35079714522588
-9999 -9999 -9999 -9999 -9999 -9999 -9999 -9999 -9999 -9999 -9999 -9999 -9999 -9999 -9999 -9999 -9999 -9999 -9999 -9999 -9999 0.324497159318654 0.331797037243847 0.297718314644492 0.258161414939525 0.218458001757972 0.140000745069627 0.0257477715346258 0.00362520772629235 0 0 0 0 0 0 0 0 0 0.00601844962921689 0.0219112006365519 0.152140402829057 0.241589921937645 0.265089871045871 0.291165904240116 0.317857331750986 0.318131981890424 0.322415621692929 0.334615857077943 0.348051291075071 0.362139648166898 0.356160524948261 0.350266764007749 0.345983810829248 0.342817347330317 0.340369892154179 0.33610560901578 0.334457240214392
-9999 -9999 -9999 -9999 -9999 -9999 -9999 -9999 -9999 -9999 -9999 -9999 -9999 -9999 -9999 -9999 -9999 -9999 -9999 -9999 -9999 0.411978484687323 0.404540189511888 0.339164518585171 0.270172629771656 0.217010320679265 0.132302808101458 0.0184579746889766 0 0 0 0 0 0 0 0 0 0 0.0152246742674225 0.0412752827045922 0.149775420629642 0.22433517321296 0.244005979888392 0.277868071039501 0.316743211433673 0.297936647746327 0.292549363110358 0.313661275076773 0.326565545447174 0.335131275684446 0.340292959932191 0.341720991398743 0.334256884539698 0.329869742237404 0.327464134709434 0.323063944940559 0.321633087992658
-9999 -9999 -9999 -9999 -9999 -9999 -9999 -9999 -9999 -9999 -9999 -9999 -9999 -9999 -9999 -9999 -9999 -9999 -9999 -9999 -9999 0.419669703329588 0.425825940877046 0.35671488011053 0.284965419895346 0.241925835446975 0.152876098436986 0.0213282181685477 0 0 0 0 0 0 0 0 0 0 0.03173343476547 0.0769456037920735 0.16125358724699 0.214103200890321 0.216077824708027 0.238943985754687 0.270338539301502 0.278982159608386 0.288506959665794 0.299771834980732 0.310299287810025 0.320436940839752 0.322506298001117 0.322453725541913 0.317776072380352 0.315574723352483 0.314968089720978 0.316993010359519 0.317389143085817
-9999 -9999 -9999 -9999 -9999 -9999 -9999 -9999 -9999 -9999 -9999 -9999 -9999 -9999 -9999 -9999 -9999 -9999 -9999 -9999 -9999 0.424601168020234 0.42652979301343 0.364492992282731 0.300084785885404 0.259564567008207 0.165899126230215 0.0231451011268967 0 0 0 0 0 0 0 0 0 0 0.0460000945304304 0.107390513877781 0.164845384460831 0.202123710145465 0.206772197648051 0.226194584472039 0.251832807700732 0.271384953110621 0.286840086390374 0.294204805162523 0.300664627188167 0.30664612291202 0.307277964950471 0.307009863923464 0.304914883478825 0.302113990805983 0.298858497632548 0.302520063784124 0.304057493818524
-9999 -9999 -9999 -9999 -9999 -9999 -9999 -9999 -9999 -9999 -9999 -9999 -9999 -9999 -9999 -9999 -9999 -9999 -9999 -9999 -9999 0.419839008132034 0.413350327436373 0.366071977807893 0.315411318627181 0.272587196477713 0.174132567508956 0.02429377403042 0 0 0 0 0 0 0 0 0 0 0.0588444546898928 0.134520630878276 0.163434382324092 0.18903566315876 0.20927996238093 0.230049362556059 0.251025055287982 0.270992354754664 0.28668015505229 0.293917181697594 0.295236788177613 0.293428460211256 0.293672534075302 0.293991418014335 0.294349839730669 0.2891824963586 0.280456614863821 0.282717214689806 0.284960966044206
-9999 -9999 -9999 -9999 -9999 -9999 -9999 -9999 -9999 -9999 -9999 -9999 -9999 -9999 -9999 -9999 -9999 -9999 -9999 -9999 -9999 0.425696432417196 0.426551740842917 0.378026546517226 0.319349444436238 0.246202435655336 0.145842538334266 0.0203469444056367 0 0 0 0 0 0.00318363752886287 0.00754578942120651 0.0146769070864121 0.0189988564636615 0.0195665514296973 0.0663891395325852 0.127220049702953 0.162655850775714 0.193438064332161 0.216694420097406 0.236695786290192 0.255256027837379 0.271278948772742 0.282789819177062 0.285390694219916 0.284403831437473 0.281520498839661 0.279707093026408 0.277849468657731 0.275808962442375 0.274187713548964 0.272836462228647 0.270030494815239 0.269640474061284
-9999 -9999 -9999 -9999 -9999 -9999 -9999 -9999 -9999 -9999 -9999 -9999 -9999 -9999 -9999 -9999 -9999 -9999 -9999 -9999 -9999 0.407901429256407 0.424896898813907 0.375481153467868 0.31038170801464 0.217790951618413 0.119761429151308 0.0167082880530799 0 0 0 0 0 0.00980302532095409 0.0218918876528125 0.0316379347298872 0.0377906868465223 0.039141254802864 0.0759969986952966 0.124302940543134 0.16330573477153 0.197313439288192 0.223243003081585 0.242064861756044 0.257779208309292 0.270084305687309 0.277452257083641 0.275070772498917 0.272310380767872 0.269349699606324 0.26590805456793 0.262195134074154 0.257852462472648 0.259234955345061 0.2643043975744 0.258530738064521 0.256540833242367
-9999 -9999 -9999 -9999 -9999 -9999 -9999 -9999 -9999 -9999 -9999 -9999 -9999 -9999 -9999 -9999 -9999 -9999 -9999 -9999 -9999 0.39168867206879 0.380027452957449 0.326574777807861 0.264867078080063 0.192244904928606 0.108735545958546 0.015170032925951 0 0 0 0 0 0.0261170549466475 0.0551417332599618 0.0521710709148339 0.0516087957801422 0.0542651595384834 0.0930760105576148 0.142559188969583 0.168144257242727 0.19558934969444 0.226042503648604 0.242920372636479 0.25396902779901 0.264240760805262 0.268577593348123 0.261194713260156 0.25762937120683 0.256081970821558 0.252696168949828 0.24873449999233 0.243493097401131 0.244881628359016 0.250539771019172 0.24900410793428 0.249314760169664
-9999 -9999 -9999 -9999 -9999 -9999 -9999 -9999 -9999 -9999 -9999 -9999 -9999 -9999 -9999 -9999 -9999 -9999 -9999 -9999 -9999 0.333642922227765 0.338909968149331 0.28451131918374 0.221379759233123 0.154739668087637 0.084806499338425 0.0118316174895468 0 0 0 0.00186530269532165 0.00580118994628278 0.0304585104478896 0.0583385541143142 0.0682447186595535 0.0745294528187342 0.0759744018144369 0.0960380743702013 0.123807335496394 0.17155353194615 0.210203810922509 0.23414402349411 0.245629788985509 0.251808681497453 0.259496946214351 0.261997637073437 0.254254369295009 0.247265579287884 0.240675604464399 0.239099626481793 0.237041339993219 0.233453338745267 0.232952826488213 0.234440626637094 0.236132264869231 0.238841038773003
-9999 -9999 -9999 -9999 -9999 -9999 -9999 -9999 -9999 -9999 -9999 -9999 -9999 -9999 -9999 -9999 -9999 -9999 -9999 -9999 -9999 0.322808763578031 0.308926006179815 0.247696142349353 0.179447318197443 0.108062144112224 0.0509811705785895 0.00711254106891203 0 0 0 0.00516122834235557 0.016051692867457 0.0256174137679356 0.0384857395997999 0.0808980922946148 0.104431450886157 0.102734371274565 0.0881729250239104 0.0766715419207658 0.173866622815502 0.237349378153929 0.246312009596941 0.249761087005718 0.250913701236188 0.25559658689702 0.257177642422764 0.252633480173228 0.240212944674297 0.223628976714741 0.2252080654522 0.226703771767835 0.226726569501845 0.222883551913204 0.216550987450795 0.220694758646721 0.225876482916608
-9999 -9999 -9999 -9999 -9999 -9999 -9999 -9999 -9999 -9999 -9999 -9999 -9999 -9999 -9999 -9999 -9999 -9999 -9999 -9999 -9999 0.284822019540219 0.284261793952939 0.231865964479406 0.17306445155237 0.11588652854086 0.0621340511204074 0.0115455509820937 0.00167794974194918 0 0 0.0102218044722483 0.031790352035625 0.045848221775747 0.0612549648900746 0.103546093083459 0.124426526114554 0.116693081826589 0.114167888352561 0.11833144956951 0.194317839693829 0.242299332024318 0.244990845921021 0.242789307828206 0.238407491863739 0.229458431095105 0.222853319344546 0.220876829267188 0.220045775079444 0.219820195621423 0.219873922449501 0.219387787544349 0.2175620040856 0.214836566184914 0.211531759712152 0.220720350938356 0.229303998162122
-9999 -9999 -9999 -9999 -9999 -9999 -9999 -9999 -9999 -9999 -9999 -9999 -9999 -9999 -9999 -9999 -9999 -9999 -9999 -9999 -9999 0.301261372161922 0.280290190639597 0.230000928762594 0.178627460566371 0.138213593076741 0.0893596779328061 0.0327099539434122 0.0130296777153077 0.00242367208398526 0.00221608552387091 0.0157995094693444 0.0446916838021687 0.0630990978602309 0.081414971068771 0.121281216473054 0.139650659057885 0.129291147539852 0.140175759290621 0.160276629050602 0.209368032028109 0.238798448551063 0.236432796433842 0.230126442182757 0.221940620058729 0.2033893851272 0.191214723873194 0.191631952159852 0.201295380967079 0.215846329723634 0.215323501450052 0.213299578482114 0.208658171368836 0.207096257221999 0.207517506120348 0.220328522447062 0.231130918308162
-9999 -9999 -9999 -9999 -9999 -9999 -9999 -9999 -9999 -9999 -9999 -9999 -9999 -9999 -9999 -9999 -9999 -9999 -9999 -9999 -9999 0.319829144437042 0.331677233764493 0.272424386414579 0.212949117822544 0.189572293438471 0.156758199308573 0.115227193382096 0.0617283344223823 0.0144222564698237 0.0131869958793172 0.0225051010831038 0.0435379999654088 0.0555762881026732 0.0691650681811952 0.114424832103303 0.141164108309274 0.143152064701396 0.148676207529783 0.157303121436928 0.193675379507836 0.213421551360768 0.206279744839564 0.200738063750139 0.195847921350105 0.189124939207508 0.185486002888887 0.187937165472553 0.194942713240764 0.204355698355471 0.209431724250689 0.210494929313859 0.202048521717764 0.199518826546599 0.200799435720331 0.210269133792052 0.218134326901436
-9999 -9999 -9999 -9999 -9999 -9999 -9999 -9999 -9999 -9999 -9999 -9999 -9999 -9999 -9999 -9999 -9999 -9999 -9999 -9999 -9999 0.285392385789494 0.319431095167731 0.274136700325611 0.226839637238179 0.212881365440587 0.190486872765929 0.160300105920622 0.102203258086651 0.049211206524776 0.0531025886670285 0.0523981065732482 0.0465919723289547 0.0659110252825078 0.0928607650332065 0.128147061117709 0.149696245983195 0.152886754861761 0.150741152392837 0.148727402896346 0.175181551909018 0.19000017180967 0.186001623855305 0.18241073544828 0.179059373011432 0.179221321371911 0.179780031090274 0.181122229786439 0.186460254432401 0.193910463320986 0.200783359697589 0.203256363616533 0.195010563278261 0.193488145363707 0.196295519303419 0.203659845953644 0.209726518690732
-9999 -9999 -9999 -9999 -9999 -9999 -9999 -9999 -9999 -9999 -9999 -9999 -9999 -9999 -9999 -9999 -9999 -9999 -9999 -9999 0.266134706142464 0.262001477957067 0.254695833893226 0.238273074478783 0.221872440212201 0.210300937698411 0.193138645385301 0.170812314863424 0.135087766228147 0.105035414466153 0.119733806304433 0.103692841096202 0.0535295652783167 0.0927280826892643 0.14973385672751 0.160863124885167 0.164706556194405 0.158812982695199 0.14686619812874 0.134980905032052 0.154102270394378 0.168383713620483 0.174837955662553 0.174292635263831 0.170858453554521 0.173342700093153 0.174095056540882 0.171427430749863 0.176012021783216 0.184430117652108 0.189590695210289 0.191925341528203 0.187577280518365 0.18888509702063 0.193835242760965 0.200234963379506 0.205554107108352
-9999 -9999 -9999 -9999 -9999 -9999 -9999 -9999 -9999 -9999 -9999 -9999 -9999 -9999 -9999 -9999 -9999 -9999 -9999 0.259650691542723 0.259664153830094 0.252666100018294 0.240286430673253 0.211779731615188 0.184980632106473 0.173322577641679 0.163727010389489 0.156036498264264 0.135478714884221 0.120600947317361 0.149959955425423 0.151168621330372 0.1211289199071 0.162314400064275 0.211661939440482 0.175635136462502 0.155317898089433 0.155995379922016 0.14237614950239 0.12589711917902 0.138744802539579 0.151295081171072 0.163364392013834 0.162285634658113 0.155740821965674 0.158170848576866 0.160000738948576 0.160645533747165 0.164396354381575 0.169789013001429 0.176381042052398 0.180168579088775 0.177014441732993 0.178716336729917 0.183545468584681 0.1919987985653 0.197196662870284
-9999 -9999 -9999 -9999 -9999 -9999 -9999 -9999 -9999 -9999 -9999 -9999 -9999 -9999 -9999 -9999 -9999 -9999 -9999 0.246454042110449 0.250143638897334 0.245598528854112 0.234732956080462 0.191297617301825 0.15052064840963 0.137196635576322 0.133159537052727 0.137700471697671 0.129921821383429 0.1279675111345 0.170457590534526 0.191633536207537 0.18914966719059 0.225921947281547 0.260132728164432 0.190152814798948 0.151403006928756 0.154390022666121 0.140477023602078 0.122473874666011 0.128769632846702 0.138071764993487 0.152235854255439 0.150005948169776 0.140956295321043 0.142866565897795 0.145601032176552 0.149963046691146 0.152489650312799 0.154046060033237 0.161417481197529 0.166576587716768 0.165919597833222 0.167269401461045 0.169911560283191 0.180238966658479 0.185584654435497
-9999 -9999 -9999 -9999 -9999 -9999 -9999 -9999 -9999 -9999 -9999 -9999 -9999 -9999 -9999 -9999 -9999 -9999 -9999 0.245119516539686 0.243422117820592 0.236106706052684 0.224479247380536 0.193527619633724 0.162567105371581 0.141621548431323 0.129844889889299 0.126537256898289 0.126156649798781 0.133067493928557 0.176391765938513 0.198180771064731 0.196064492012203 0.212513188536606 0.230557501534475 0.222044727953515 0.202579053234593 0.168475602064512 0.153229825109095 0.144785424853043 0.141918148785582 0.141017327781726 0.143296690047144 0.140315281645877 0.135200031949143 0.136556555600205 0.138336848436479 0.140953962901545 0.140229131053887 0.137737754208996 0.139077985098598 0.143506286387082 0.155218198479908 0.154726836050675 0.146376685396844 0.154453745718908 0.160747950234094
-9999 -9999 -9999 -9999 -9999 -9999 -9999 -9999 -9999 -9999 -9999 -9999 -9999 -9999 -9999 -9999 -9999 -9999 -9999 0.228679589346319 0.231240835218811 0.224610688177791 0.210925784052016 0.18805510830494 0.164990061462584 0.145933591280353 0.131877256320246 0.122439390353408 0.125487085449199 0.137092084842369 0.181949551578352 0.203810604985219 0.200144424451024 0.205600079065589 0.214691402001089 0.233812165721836 0.230578014320176 0.197468102512698 0.189938608629558 0.18916388161955 0.159846848506625 0.140029198727569 0.135574106937209 0.132964887000909 0.131149214355471 0.1294896155722 0.129458789527476 0.132644318761905 0.131739827512727 0.128673361010869 0.125524101705343 0.127606788951432 0.142489038056887 0.141265537137206 0.129670092325165 0.136489485162778 0.14309257716539
-9999 -9999 -9999 -9999 -9999 -9999 -9999 -9999 -9999 -9999 -9999 -9999 -9999 -9999 -9999 -9999 -9999 -9999 -9999 0.226950145196228 0.222530252551417 0.210891547001592 0.193712117432637 0.174038699316489 0.156738293665881 0.150120434769494 0.139840717319497 0.126178655305547 0.128251276958555 0.139923813455173 0.187089832522101 0.208422825687297 0.201079795067335 0.205892171048842 0.214031945918961 0.223256831246049 0.232868141524428 0.242995881375291 0.253220205607584 0.25801972327442 0.183077895335167 0.134677681043848 0.129200998149158 0.128210403809035 0.128990136891735 0.121583062602615 0.118790563812381 0.125110517555057 0.127433688398715 0.127644169158634 0.121715527329572 0.119661398098013 0.127510614104965 0.126785146876056 0.1205376683606 0.12720050751559 0.133402987860385
-9999 -9999 -9999 -9999 -9999 -9999 -9999 -9999 -9999 -9999 -9999 -9999 -9999 -9999 -9999 -9999 -9999 -9999 -9999 0.22753777900755 0.227211454604062 0.210833471033239 0.182135205074492 0.154732817077721 0.130422438731459 0.117667272775498 0.110471477704197 0.108410700169879 0.115013092260713 0.128813426590138 0.172510779847029 0.198143641595019 0.20372396322841 0.206894371224001 0.210656409363953 0.224330046505439 0.238980180485574 0.254935333314081 0.261244888414446 0.261574381069251 0.222506658806752 0.196195091691344 0.190512987170763 0.159815360282143 0.119091139299263 0.11563872542499 0.115251850580673 0.120918529070785 0.122772243729511 0.122610434633317 0.119164581361741 0.117392493701092 0.119942745361835 0.119797449888133 0.117916248691688 0.11638114658349 0.115568586933566
-9999 -9999 -9999 -9999 -9999 -9999 -9999 -9999 -9999 -9999 -9999 -9999 -9999 -9999 -9999 -9999 -9999 -9999 -9999 0.23820159683709 0.237529400541223 0.214411402606868 0.174065365394664 0.135622655223563 0.100935443315927 0.0801116781972626 0.0757879313435198 0.0867047368667897 0.0989558625835144 0.11564725755568 0.154982860261749 0.18492559435493 0.204441747962393 0.205318691488069 0.204246765451375 0.227030922140726 0.245429860388147 0.257968264843295 0.255941929947411 0.250093166846839 0.260839462840089 0.265292997543213 0.259569775836908 0.199043434913078 0.116518567736251 0.113881850611009 0.113548283907055 0.117762773442553 0.118211712030283 0.116670189202377 0.116688513903805 0.116224804097851 0.114473383200787 0.11490431420793 0.116740658279878 0.105637116178815 0.0968210271164152
-9999 -9999 -9999 -9999 -9999 -9999 -9999 -9999 -9999 -9999 -9999 -9999 -9999 -9999 -9999 -9999 -9999 -9999 -9999 0.238429453760737 0.238677033189353 0.218402466939436 0.182376343337731 0.129305593380562 0.0841234848498174 0.0790062125120362 0.0773113681680985 0.078777713845848 0.0940475701447083 0.1154282861962 0.155434073138862 0.179533696100004 0.185976636549396 0.181414450540862 0.179085805404488 0.218230440455877 0.246505572298425 0.260254383114056 0.260110710069134 0.255576016975475 0.255985034282566 0.253881384349608 0.247714207888151 0.222777439513656 0.189533024402263 0.141790719283216 0.111556008386571 0.115893734619968 0.115219468427562 0.111895874772217 0.112151489794703 0.111919913406717 0.110246927427544 0.11104810760506 0.113442626342875 0.0987455461748668 0.0879618518111401
