layers/veg_sum/veg1800.asc
NCOLS 255 
NROWS 330 
XLLCORNER -2985163.8955 
YLLCORNER -3022031.214 
CELLSIZE 25000 
NODATA_value -9999 
[rows 175 to 199 of 330, columns 114 to 170 of 255]
0.293009075370734 0.292213679197333 0.29787393216695 0.320499718623341 0.342065872701645 0.350038703740048 0.356665248076533 0.362031217859685 0.374665942066294 0.388037032314454 0.397487023553787 0.405501034889088 0.411899136050203 0.421862382076772 0.43261106291963 0.441929882497325 0.453126226084453 0.466866876786741 0.465184851363745 0.45948096651678 0.474266419204892 0.485419972119997 0.490614606123745 0.497377021305498 0.504853173869234 0.514419048437489 0.522702009301658 0.528412590795228 0.509320664588504 0.476920102179913 0.477066487449715 0.480822399658567 0.490948100971397 0.481106229531491 0.458220906075991 0.431749516004303 0.407780348591046 0.392638443748626 0.384781102495337 0.382671604345121 0.354069581460387 0.324181925442488 0.304327033226229 0.291643205420321 0.2857659215624 0.330776224904634 0.382697221896404 0.415023352632733 0.446138990292262 0.475873731436218 0.528427310940654 0.584132947140951 0.612960634361196 0.629262387633175 0.628351602333608 0.630137288299183 0.632717469851696
0.274658485971148 0.273527790707577 0.278953641988021 0.310326368530724 0.340133617563364 0.349374056812071 0.358549181593509 0.367663150192324 0.373565776177281 0.379619487641689 0.390053267318557 0.397445987636381 0.401416599646992 0.414620904960951 0.429482397224021 0.437479491508112 0.454344233620224 0.483225876368595 0.485110872909677 0.477719257497117 0.471558308060437 0.471114360109196 0.480050392442932 0.491753379874441 0.504744058606219 0.523296254320005 0.532460704967676 0.522801721375284 0.502876115210361 0.477441600571716 0.466812442679239 0.464745436222692 0.482780730926227 0.483868838266628 0.473886505153017 0.417412327904674 0.368958999117335 0.358012185690649 0.361016350260175 0.375028453970528 0.339808322296637 0.302694689386492 0.286271364531849 0.275782043411661 0.2709250879899 0.348457062858077 0.43474965569662 0.475460062435452 0.506944120375747 0.527903018650498 0.568610044262225 0.612441319389624 0.636456848283555 0.644786860642722 0.631562587350671 0.630137288299183 -9999
0.267589643492919 0.268942602631459 0.27266168983381 0.296872432855959 0.321492909881894 0.336520820060471 0.34429905190999 0.345289160539961 0.357270499823899 0.370215713224562 0.376400333510445 0.384506889028158 0.394776200923256 0.408515260258303 0.422348574907026 0.429172334038359 0.44275068703003 0.465482457571898 0.473603301919105 0.476211647615913 0.471868843930718 0.473556380337066 0.485137996938159 0.495624091141784 0.505760332120917 0.524388603166174 0.535541649647095 0.531706070315803 0.520754224308086 0.505983901336006 0.487752850731106 0.476571452309951 0.483193503979286 0.473698472303674 0.453675250454705 0.416840334986565 0.382748265009005 0.361722420197803 0.365350238016298 0.388430886876447 0.351219094128741 0.313220212485639 0.306882865277317 0.308357139467656 0.317245953719617 0.351674198045164 0.395727094209023 0.465080940115497 0.511436053004895 0.531554856992949 0.578837049706769 0.629314922658909 0.642960203841356 -9999 -9999 -9999 -9999
0.261207533434217 0.263776489059882 0.265052825255651 0.283071213317812 0.302599638075415 0.319038887618375 0.326785110275066 0.326391752804689 0.341454424933027 0.35732432251237 0.360640749322282 0.369422826164984 0.38435540655702 0.397601175575891 0.409706310902174 0.416041351750405 0.427798897670123 0.446904694885721 0.460716163539098 0.47180496478041 0.469144733643076 0.473429417886746 0.489108741351797 0.499836068180678 0.508525187504408 0.525065811556916 0.53668690656727 0.538443818990122 0.537018587890299 0.533885868539805 0.51322905596636 0.497315712548053 0.494597485767769 0.478083192204938 0.452556870124149 0.425741435123656 0.398524272808108 0.370380720500582 0.371616468435939 0.396033784657156 0.360928417975539 0.325960584368572 0.326025312220238 0.334363560848869 0.350554769589211 0.354913339891619 0.371197672031034 0.46927168713113 0.52597078623752 0.535470542842216 0.585534533863613 0.640388043532597 -9999 -9999 -9999 -9999 -9999
0.255803589592757 0.256374011466368 0.253526538176119 0.268630851146161 0.28409499946316 0.2911591275351 0.302388660302381 0.317518404782218 0.32769545470319 0.336109930391094 0.340188850940378 0.349474812417423 0.364620264259858 0.375063312438319 0.38406429825712 0.391547114458927 0.405539674069544 0.428353844690018 0.446386575745381 0.461607570075807 0.45894760092366 0.466130480052136 0.489462685546094 0.504302460189701 0.515425340468889 0.525209197360899 0.533578048157656 0.539109660193059 0.547955313399044 0.558579229062611 0.547747309722476 0.537830462947673 0.531905306237672 0.518218714982502 0.499462108442263 0.456588929467418 0.415940057929079 0.388646294064205 0.380852352302892 0.388444633287483 0.365018922820788 0.342116321504408 0.339333100700202 0.341697315576503 0.348947311025104 0.359067229759682 0.386926484307316 0.512697875439925 0.567996902540091 0.542903035371239 0.585534533863613 -9999 -9999 -9999 -9999 -9999 -9999
0.242619151407588 0.243621191053559 0.244137383359773 0.258324855708378 0.272443918316897 0.278782423000626 0.289447550506959 0.304163843804555 0.317040794990386 0.328265142545478 0.332332749161408 0.339840589041141 0.351219728175788 0.359006369910462 0.366172685742425 0.376214452654794 0.389788735140744 0.408150069330486 0.423620330247782 0.437370677952019 0.440002602714854 0.449993624946413 0.472058841901848 0.492166935093826 0.511360205993855 0.526351523814915 0.537592310763028 0.541312881647003 0.548097996089848 0.556527496489251 0.554920681977804 0.553031506281326 0.55124333774993 0.542097552363187 0.528145538217934 0.478636920529027 0.431628073738021 0.401853113041187 0.389597548467534 0.391165562883138 0.380226671693638 0.368992007950359 0.363778181232705 0.359475348151628 0.356037200962194 0.362130195777529 0.390446827803583 0.534540532610451 0.612263308582932 0.614271992406283 -9999 -9999 -9999 -9999 -9999 -9999 -9999
0.224499076802372 0.227474325775208 0.236103940322997 0.25064153822961 0.265140461671305 0.276240240825329 0.283773253292491 0.287966579408501 0.30835538650638 0.328901500353276 0.332466920198869 0.336749024413318 0.34183761454032 0.347060665869992 0.353197619074751 0.366693530264997 0.378166393372873 0.386897743933153 0.395502204369933 0.404227686585668 0.415508306273859 0.428250346336772 0.443390163335353 0.469499813535603 0.500339128920327 0.528127538520082 0.546125198272277 0.544491356037731 0.541393366964939 0.537509739687663 0.544747548076199 0.552174539801991 0.559182049254763 0.555663794557817 0.545269776776673 0.495102856394769 0.446220061355801 0.411850859139903 0.39803147185343 0.400426798127527 0.402486758385811 0.402668004235084 0.395288317254858 0.383878815544637 0.368644343161674 0.364501123057379 0.386222603862132 0.542691455341844 0.6229135656686 0.616155534431711 -9999 -9999 -9999 -9999 -9999 -9999 -9999
0.216441793473057 0.219947606448573 0.226685404587252 0.237124167313596 0.24941444082791 0.267153365105762 0.279825206091759 0.287752562676158 0.299809733566454 0.312212590036789 0.321983662770874 0.329393756408968 0.334147037001462 0.337588183381519 0.341487192885852 0.352174022282092 0.362030405304326 0.370761417568304 0.382105889281591 0.394331332673879 0.406173331357909 0.418396309637798 0.431244367534553 0.452142234619922 0.476496608117854 0.497664018971222 0.515219115607384 0.525531135376509 0.52955784464604 0.530211954988654 0.534129794986993 0.543345482643339 0.56547133375858 0.559620301631734 0.535493881773344 0.482484814370721 0.43395354545558 0.407131566159654 0.402803779395365 0.416224906182335 0.413714701444782 0.408274879514572 0.399966499565289 0.39023514650647 0.379153153089033 0.38102944890537 0.409383352640379 0.573816620509334 0.660527966384998 0.658576325812316 -9999 -9999 -9999 -9999 -9999 -9999 -9999
0.208347266593889 0.212458761051007 0.217678652371192 0.224156433076508 0.233972478192146 0.256584674572634 0.272776908631769 0.282957911112875 0.288806031257574 0.295037935214084 0.308179615308296 0.318107285092671 0.324418224625445 0.327278509720276 0.329900756627088 0.338284311581522 0.346908921628061 0.355860194973125 0.369012343544043 0.383461529689577 0.395450976805977 0.407462246412368 0.419509320544332 0.435445123585811 0.453046777449991 0.468846168646148 0.48622305493191 0.506762987814491 0.517690296275751 0.523459621402646 0.5265730612242 0.538184910189217 0.571137654708488 0.564387987322569 0.5317034448769 0.471558749135847 0.419245024972908 0.398830630552535 0.402065536834142 0.423960788141109 0.418202478529516 0.40945223416855 0.404363600693095 0.395778474352464 0.383874589318731 0.401581294765584 0.445357136109095 0.60356253936197 0.6869746052047 0.685064531667052 -9999 -9999 -9999 -9999 -9999 -9999 -9999
0.197838057018026 0.203113094258506 0.210237922511611 0.214190545785254 0.221318771196714 0.243017675474189 0.255928700770904 0.260611332661421 0.270313512788358 0.280352575789869 0.286730032683367 0.295870190645537 0.308119219945368 0.313863386185491 0.318401195975768 0.327448527036542 0.335897507002412 0.34353563771124 0.353469919029436 0.364321339467596 0.377052357897885 0.390532296326437 0.405241000365184 0.419537166616102 0.433720924907104 0.452394961026189 0.472042342688525 0.493641386405725 0.506899200164123 0.515681240894276 0.528404073038285 0.54597670370016 0.575291404800146 0.573814570827032 0.55222372924839 0.472418025396532 0.403271772876094 0.383030544503123 0.385447775846353 0.4057435348203 0.40476640678413 0.403612347908518 0.414045372003995 0.402983426700504 0.371519147028978 0.43110079883947 0.513937254388995 0.623869332077886 0.683061999124032 0.68437257109534 -9999 -9999 -9999 -9999 -9999 -9999 -9999
0.191136867164647 0.196359742849943 0.204238240402546 0.204332644603441 0.207915525340606 0.229864570503064 0.241433703141634 0.243283766599181 0.252793167918456 0.26283410856584 0.267384995766229 0.2749927518295 0.286040406656541 0.29463836344315 0.302623659325947 0.310979746607401 0.317982802954817 0.323152313517889 0.330981421331568 0.340112894210484 0.35513897313759 0.370305391545478 0.385702067294787 0.400682419960898 0.415541065208939 0.434378515945451 0.453546331692174 0.47337656466488 0.488721211187567 0.501658962450439 0.518588617194261 0.537730145547331 0.562051353282905 0.565645430465569 0.555699888379748 0.473804364937292 0.403146030788881 0.386827883871938 0.386772136955174 0.399548143449128 0.389196020158786 0.384103462623965 0.414113442637234 0.421338246138778 0.40693609213234 0.474498199877876 0.55560026589828 0.618889363838851 0.648905267605366 0.640964045653834 -9999 -9999 -9999 -9999 -9999 -9999 -9999
0.18735629734212 0.191594608096854 0.199343792308084 0.19455756505 0.19393740898226 0.217028908078722 0.228743536747514 0.229805610253094 0.236018446730821 0.243142745192968 0.249654072955101 0.255158122074507 0.259528679142628 0.270957348022348 0.283565062360457 0.290190652258704 0.294773513575779 0.296588192522191 0.303165524630221 0.312017271823046 0.330529883969282 0.347549836015611 0.362120755584866 0.379567587064189 0.398240142570302 0.415161587617738 0.431740635112365 0.447633138844472 0.464877729687512 0.482847829244836 0.499840721602062 0.517182723810607 0.535470854737076 0.54398097565583 0.546103790219275 0.475594943868997 0.415174783306799 0.405655773868328 0.401857488029974 0.402573106324268 0.371988687497225 0.354110925661613 0.406808135815516 0.44824462978582 0.478992813736369 0.528539470122462 0.576618783172764 0.594515320478741 0.613829454481643 0.634760742995207 -9999 -9999 -9999 -9999 -9999 -9999 -9999
0.182305418024835 0.18428926377648 0.188336905866201 0.18510616078468 0.186120166127827 0.208278104213812 0.218835518353437 0.218530962846274 0.220516319056578 0.223373211002853 0.228549224628925 0.233114205800726 0.236991591305734 0.248335487911074 0.261210076680112 0.270132339392952 0.277024309517376 0.281164949777253 0.287068108846152 0.294193565036529 0.310788207614641 0.326418779023818 0.34046758268622 0.35771596732507 0.376373627711779 0.396131396594758 0.414806395452217 0.431310324449026 0.451831543065975 0.474508376216664 0.488496710214767 0.504260632057677 0.52513411195733 0.543632474142388 0.560579334083015 0.517105189737832 0.477247548447345 0.464686222048768 0.450800064687169 0.435868557055733 0.40335851925488 0.378933787980637 0.398062595739232 0.426130454721523 0.462682973933551 0.494041019667162 0.524503880039946 0.55588394161877 0.572954274416026 0.573700470386751 -9999 -9999 -9999 -9999 -9999 -9999 -9999
0.176278052822245 0.175645740518847 0.175580048790977 0.174260401338121 0.177317775798595 0.198746642897437 0.208601254514776 0.207618492552649 0.206445545731859 0.205962371558744 0.209522366941361 0.213319093683699 0.217382214552895 0.227513526630755 0.239153917867646 0.249804105256401 0.259177491375915 0.266820633547733 0.27215830432935 0.277363606218555 0.292892226687995 0.307323449665869 0.319954154161828 0.336549306670071 0.354949472104599 0.378646305092373 0.400029373980041 0.416773098053951 0.440420740498228 0.467772917139971 0.479154272107939 0.493499980318623 0.516493362845252 0.543944744410925 0.574308232383891 0.555278402939767 0.533418885756217 0.515644083456936 0.491604222665361 0.462620953417719 0.431992409075957 0.404089460338005 0.388390103775771 0.398150236302469 0.432075697915733 0.450282821207836 0.470453474774179 0.520065423313153 0.544041109901715 0.538771668634435 -9999 -9999 -9999 -9999 -9999 -9999 -9999
0.167051729780528 0.163032878012395 0.159079442127899 0.157738284893916 0.161428713671299 0.184012897246483 0.195635427998769 0.19699418611531 0.197369540454036 0.197910282258548 0.200454353456416 0.203553706085523 0.207277917678016 0.21325297811523 0.219987665808504 0.228030573124793 0.238113672742782 0.250961517718714 0.255863547909948 0.259132950168749 0.279763781204732 0.295428030834763 0.302943526998447 0.318470698533999 0.337640414515024 0.367168419998055 0.391248486671423 0.404404852583283 0.429871636508726 0.461943997451439 0.473879871235262 0.48732409988611 0.506129452364417 0.535813899595617 0.572604916670815 0.559671468054914 0.540325457931766 0.513863200969022 0.482699982270334 0.447827496686796 0.42462768656649 0.402134989420739 0.375802457272565 0.37241571806418 0.390808388317052 0.415856176334737 0.44668059540276 0.502752585992518 0.534022815335337 0.536999891794955 -9999 -9999 -9999 -9999 -9999 -9999 -9999
0.156265806557959 0.152330077582356 0.14917897695411 0.146785902069726 0.148204147319279 0.164604067556535 0.177964476008036 0.188478885010668 0.191143285578535 0.192095380555525 0.192185480872914 0.193427814661641 0.195966758370982 0.19653012248605 0.197301352933543 0.204256055218676 0.214379769207894 0.228797936416466 0.236804902731531 0.243340234615786 0.26149404995767 0.275390777982635 0.282302831400491 0.30032677249636 0.323345969348737 0.356933997307637 0.384538652451048 0.400146004308856 0.425982992719168 0.457309043485582 0.473549684067388 0.489222802273903 0.50469194784713 0.535871376155639 0.577313259573069 0.563410026565182 0.541007464001383 0.50639343581941 0.471400427485044 0.43610838703592 0.412049316593594 0.387693454341272 0.355608352216055 0.340510629552054 0.341536781705996 0.371543610789086 0.410163874433753 0.464321648169727 0.487559966119195 0.475526237018335 -9999 -9999 -9999 -9999 -9999 -9999 -9999
0.144040389450989 0.143390243527661 0.145370370082633 0.140974322370715 0.137438881383232 0.140880186505466 0.15595074474005 0.181910172727865 0.187547319110649 0.188345378500453 0.184654206588339 0.182969182155281 0.183541678258009 0.177534584360972 0.171366062481315 0.178634649359774 0.188181406554512 0.200815402536147 0.215195218501815 0.229797711438295 0.238478968263867 0.247838701507787 0.258311622398085 0.282122558751012 0.31183397842966 0.347847276796195 0.379740377546578 0.403372040823162 0.428241880741176 0.453776106804075 0.477782951994359 0.498574256162767 0.511493418261983 0.543486583657225 0.587939493149451 0.566544482648051 0.535944263733798 0.493672894284204 0.457890023753764 0.427226866066161 0.394658807117786 0.36172649581271 0.328393569229484 0.302910172264324 0.284877296624739 0.318106448744585 0.361884727255311 0.406398934893051 0.44201199971607 0.467470890729229 -9999 -9999 -9999 -9999 -9999 -9999 -9999
0.134681187847973 0.133045690796952 0.133010961853269 0.127942037402669 0.124119096007743 0.128093209649965 0.144031234252686 0.171171480264604 0.177749941534044 0.178550994280291 0.169912020616181 0.16640768087998 0.168681351811987 0.164907964234315 0.160528489160142 0.164661468674271 0.170234475273349 0.177758919584992 0.188369642005191 0.199958509461933 0.210131193623265 0.221351206532866 0.234289589296955 0.259357502556799 0.289807666996904 0.32708354598599 0.360549395636046 0.386375728425464 0.41533298553071 0.445970247464438 0.480386064262295 0.508026242042437 0.518518780872642 0.550943167159751 0.597694132018022 0.573245033296285 0.540971341922595 0.502784869605254 0.469207740567024 0.439267587395963 0.400424861359941 0.360294333896192 0.320002680831492 0.28858430654146 0.265588163385668 0.298490776934743 0.343580233691124 0.393373226411769 0.419906855453983 -9999 -9999 -9999 -9999 -9999 -9999 -9999 -9999
0.12608294953966 0.122458530320522 0.117989150238337 0.113435540360502 0.110952078458566 0.116878260651627 0.132925332299453 0.158448940917891 0.165532216220574 0.166643840995072 0.154897089923017 0.150739934491381 0.155123361542041 0.154441674726144 0.152714780292482 0.153611880549819 0.155203661948595 0.157736833264116 0.162972966960654 0.169561540284598 0.182587435415677 0.19634845900778 0.211315620203465 0.237618398929978 0.268950801600865 0.306639209644988 0.341256472619345 0.369715760823903 0.402440344089367 0.437453617714094 0.480486179559604 0.513867740987432 0.522613757325179 0.553808606638892 0.599667745866763 0.577911308465862 0.549419436600396 0.517502856040935 0.486422449415303 0.45600182103441 0.411831238217911 0.365343022692003 0.317249388979393 0.28026692819254 0.253830835769591 0.283200013964969 0.315226023695112 0.297674535105283 -9999 -9999 -9999 -9999 -9999 -9999 -9999 -9999 -9999
0.118604412903071 0.112027345637178 0.0975061958820264 0.0985027059788181 0.101280255371725 0.102735551943464 0.115671371165282 0.139356798691949 0.146707316417038 0.149628527005091 0.145941972311076 0.146281538108213 0.151151702868386 0.14900161140954 0.145475891709478 0.146199252044305 0.147318642963343 0.14897471060564 0.150752415308551 0.153176814441768 0.164963064493906 0.178261439696673 0.19404078401191 0.226192207390321 0.265403408126473 0.300122955465849 0.336451036738983 0.376004400815575 0.405484137896356 0.429558524899614 0.468755807972396 0.500082143961661 0.51063007386032 0.532015284342156 0.560479750325732 0.567852022556123 0.565821953780733 0.539720362309731 0.509579970232065 0.476252785709298 0.429539185288122 0.379797960448128 0.325310057285594 0.280118476871597 0.243750667340377 0.25595473012801 0.275944396181105 0.284018957161988 -9999 -9999 -9999 -9999 -9999 -9999 -9999 -9999 -9999
0.103660209558152 0.0967752932375825 0.0833892203998624 0.0846043641130351 0.0871050709391065 0.086784835024712 0.100356091593289 0.126934430462312 0.134163098178897 0.13744461540209 0.140121680916024 0.143057281940678 0.146283813333498 0.143062943786723 0.138644394613084 0.138678934358988 0.138506671735482 0.138054163034014 0.137669868495164 0.137927758320924 0.147764370461865 0.159047289760817 0.172703189487132 0.208296378259317 0.25333146496924 0.291168654486057 0.331662023957343 0.377481318701478 0.404992991854656 0.422681082714473 0.451763287626865 0.478661547126155 0.499218531289568 0.520701740313248 0.542789988801169 0.571072498211759 0.587832493887662 0.566659660002433 0.539406627310539 0.507356048636846 0.458882083285258 0.406023550102919 0.344575500267826 0.289265937285682 0.239782828808453 0.241626586378507 0.252073258387077 -9999 -9999 -9999 -9999 -9999 -9999 -9999 -9999 -9999 -9999
0.0804348274802777 0.0761757656872857 0.0763336114274301 0.0718535175422836 0.0679346005313104 0.0688286121374381 0.0871912654435956 0.121910408921549 0.128585631691109 0.130619864375166 0.137778648446802 0.141201977282293 0.140421793168646 0.136571206821529 0.132264790408069 0.131039164067441 0.128666492646509 0.124739415026476 0.123631166488086 0.123938426792242 0.131037852130143 0.138582887098233 0.146859041265191 0.183224200742496 0.231803793033918 0.279509986688901 0.326891228251443 0.37362090606783 0.40058076684695 0.4169324542145 0.428933807758557 0.448771941356734 0.488441627417494 0.521012733021399 0.548946820660507 0.589023350048158 0.616063649246784 0.598836533955732 0.576630923680361 0.550497060502923 0.501130875951857 0.44530555869314 0.37626967137037 0.308724748255724 0.242595000466074 0.241626586378507 -9999 -9999 -9999 -9999 -9999 -9999 -9999 -9999 -9999 -9999 -9999
0.0641865680935358 0.0601925865708026 0.0642858770711826 0.0653743329605172 0.065474966779349 0.0632341508546623 0.0822126760759301 0.121059600390025 0.127975131759406 0.129439708012889 0.135813154901642 0.138205675657664 0.136118454724754 0.130881520131574 0.125133658328805 0.122182994003721 0.11937996913834 0.116777016349756 0.118105911571624 0.120730626688254 0.122320580915575 0.124526849454804 0.127744315229117 0.156680884381637 0.196945791151461 0.246066724588639 0.294495222677153 0.341535313735088 0.371670552743102 0.392734913568257 0.42067792688678 0.451933495644939 0.490874246394521 0.526463407428984 0.559863203728611 0.607171846680358 0.639476142019464 0.620847417585756 0.602332551786577 0.583907525489683 0.534951056627602 0.478925867220615 0.411400138640996 0.379082986379515 0.380184683586113 -9999 -9999 -9999 -9999 -9999 -9999 -9999 -9999 -9999 -9999 -9999 -9999
0.0519483287921631 0.0473367133363818 0.0524374022368956 0.0602400760860613 0.0657840317879743 0.0607196297976659 0.0785160771314278 0.117717924135584 0.126436384252775 0.129346747588709 0.13358474669455 0.134610470201932 0.132021415530829 0.125289090183069 0.117846257012314 0.113760973461363 0.111511272725523 0.111749042931988 0.116323856800771 0.12176847831058 0.117406511178103 0.114523310178666 0.114066345591677 0.134201584168505 0.163571084828975 0.21100303598788 0.257889389634774 0.303681761839208 0.338127594820525 0.366485053009445 0.415496632576166 0.460767034600672 0.495083744160568 0.53195222925965 0.570487615098851 0.623272191338502 0.659087473405703 0.63768944649822 0.621003607683967 0.608035893847367 0.560432462475663 0.505919352848612 0.442938670750314 0.412269562732237 -9999 -9999 -9999 -9999 -9999 -9999 -9999 -9999 -9999 -9999 -9999 -9999 -9999
0.0573123780331136 0.0499569760939486 0.0527803253745105 0.0526756606236952 0.0530357498734129 0.0568806385231944 0.0678225949608087 0.0854097801181842 0.106871021335188 0.126070947197798 0.12843232112021 0.128596077688347 0.126286852405021 0.11878216003533 0.110889578011747 0.111424292679165 0.113921770987278 0.119079068009456 0.126732242736321 0.134247751228757 0.126236310731022 0.123670785448698 0.130040464658507 0.147668569203849 0.170434378591272 0.209026968853516 0.245835163251913 0.279065452843051 0.319091262777503 0.362763442230084 0.404259177224023 0.445358413553778 0.485646027596536 0.526854579144532 0.56866471628872 0.622409229978799 0.658208312794301 0.634327931037941 0.60730848261103 0.577812171638869 0.536421928720376 0.49138449240124 0.438178689926713 -9999 -9999 -9999 -9999 -9999 -9999 -9999 -9999 -9999 -9999 -9999 -9999 -9999 -9999
