layers/veg_sum/veg1400.asc
NCOLS 255 
NROWS 330 
XLLCORNER -2985163.8955 
YLLCORNER -3022031.214 
CELLSIZE 25000 
NODATA_value -9999 
[rows 175 to 199 of 330, columns 57 to 113 of 255]
-9999 -9999 -9999 -9999 -9999 -9999 -9999 -9999 -9999 -9999 -9999 -9999 -9999 -9999 -9999 -9999 -9999 -9999 -9999 -9999 -9999 0.279580130657306 0.285616316457922 0.308036404052895 0.322729867643583 0.2983429175945 0.216715948592026 0.082218158908402 0.0303178614299571 0 0 0 0 0 0 0 0 0 0 0.00889371124230292 0.14773195115874 0.250673750089607 0.295563237954932 0.307698575575897 0.306698049045626 0.354092834963652 0.389391954558782 0.400805630032798 0.405884305943749 0.407614315916233 0.388860954440964 0.367781691854149 0.342445986687978 0.333589398450661 0.335345198702856 0.339393681724027 0.344910390333792
-9999 -9999 -9999 -9999 -9999 -9999 -9999 -9999 -9999 -9999 -9999 -9999 -9999 -9999 -9999 -9999 -9999 -9999 -9999 -9999 -9999 0.260939990965597 0.234028993649391 0.241421459565881 0.248957622201791 0.23922158992691 0.167755381976897 0.0392709355914045 0.00925389484523997 0 0 0 0 0 0 0 0 0 0 0.00923093957981279 0.153333594716649 0.252018261045822 0.277252213548139 0.29459899167672 0.309190535374214 0.357512587864195 0.389583970832086 0.389564979575136 0.394617942479325 0.402351928479379 0.361352654141496 0.33113308965698 0.330678235880967 0.32948404010569 0.327813715387541 0.333830989327107 0.343191953203282
-9999 -9999 -9999 -9999 -9999 -9999 -9999 -9999 -9999 -9999 -9999 -9999 -9999 -9999 -9999 -9999 -9999 -9999 -9999 -9999 -9999 0.309315620945609 0.316528228157436 0.28841253202561 0.25590609258154 0.224407401043782 0.146861724159536 0.026783882721956 0.00367123249471583 0 0 0 0 0 0 0 0 0 0 0.00866453570305622 0.143925154575359 0.237617116143217 0.264083565706007 0.298015413468149 0.334991788513974 0.363675126182164 0.381561203617304 0.37812581358856 0.365920842134212 0.349080290468345 0.334055721944788 0.322162615275631 0.317800052516313 0.317268222514679 0.319203346561587 0.322968962337285 0.329807178910372
-9999 -9999 -9999 -9999 -9999 -9999 -9999 -9999 -9999 -9999 -9999 -9999 -9999 -9999 -9999 -9999 -9999 -9999 -9999 -9999 -9999 0.402379217215204 0.391747738770377 0.330568931103264 0.267080893106229 0.220748274611815 0.137151300437367 0.0191344028774644 0 0 0 0 0 0 0 0 0 0 0.00439883302272257 0.01779809973568 0.140821734149285 0.226255402534364 0.250897963474882 0.296648566038754 0.350632905349306 0.360897775161079 0.364574102116918 0.355239961685189 0.333124860856175 0.304253774282061 0.308427406666079 0.310640322029832 0.305749898889015 0.306252875873701 0.310229149252747 0.311495701104488 0.31575940409662
-9999 -9999 -9999 -9999 -9999 -9999 -9999 -9999 -9999 -9999 -9999 -9999 -9999 -9999 -9999 -9999 -9999 -9999 -9999 -9999 -9999 0.41337219655807 0.422171243280925 0.354336659615861 0.283602843056362 0.241257884197399 0.152645036291659 0.0212959819727237 0 0 0 0 0 0 0 0 0 0 0.0193693567041725 0.0502973874923812 0.153765549289872 0.223136585300615 0.237365192193972 0.282801962938617 0.340467306729827 0.336471801962392 0.326532566940544 0.304856183003304 0.29151672052496 0.282584135212614 0.286796674089719 0.2913359794314 0.295755912652019 0.298605898352287 0.300444853360435 0.298869239492164 0.30081341467234
-9999 -9999 -9999 -9999 -9999 -9999 -9999 -9999 -9999 -9999 -9999 -9999 -9999 -9999 -9999 -9999 -9999 -9999 -9999 -9999 -9999 0.422919628458199 0.42523057093605 0.361987812095842 0.296806518491842 0.258051284742477 0.16543909729893 0.0230809210653265 0 0 0 0 0 0 0 0 0 0 0.0354364202055721 0.0846397375442107 0.15873079762494 0.2119242497416 0.231321748701135 0.270472607810501 0.317018909373105 0.305879417219551 0.29339286330697 0.278246251856922 0.273091754985794 0.273219066489014 0.276193405972022 0.280105376645486 0.286111239054671 0.288830053825939 0.289432042394217 0.283229797913148 0.280962954922925
-9999 -9999 -9999 -9999 -9999 -9999 -9999 -9999 -9999 -9999 -9999 -9999 -9999 -9999 -9999 -9999 -9999 -9999 -9999 -9999 -9999 0.417213450424218 0.409438497855566 0.359415249202603 0.307905212441218 0.272487269951901 0.176520591866509 0.0246269347076641 0 0 0 0 0 0 0 0 0 0 0.052199084992994 0.120151253074016 0.158634760241455 0.195577707788002 0.23002923713621 0.259105734501422 0.285144432346948 0.271375306042139 0.263362686808666 0.26671750483038 0.269373274250958 0.271659528217483 0.272585523082894 0.273996433551652 0.276688155514468 0.2777037406714 0.277639910285474 0.265679041577057 0.25800129409959
-9999 -9999 -9999 -9999 -9999 -9999 -9999 -9999 -9999 -9999 -9999 -9999 -9999 -9999 -9999 -9999 -9999 -9999 -9999 -9999 -9999 0.419623444224057 0.420368604203553 0.361248862130755 0.297351808769567 0.245694574837361 0.152621066844533 0.0212926379208875 0 0 0 0 0 0.00429877567070875 0.00853294807726969 0.00310485176237075 0 0 0.0454659181327222 0.105518880539211 0.152556649658765 0.192356841212167 0.220452304032151 0.23899462010756 0.253252743003896 0.257108569417447 0.260641508755209 0.263536839465195 0.265318102096936 0.266510470950609 0.269676362386526 0.269575703922051 0.261349403954218 0.256811663289247 0.254649318372579 0.251662627805581 0.250483958340271
-9999 -9999 -9999 -9999 -9999 -9999 -9999 -9999 -9999 -9999 -9999 -9999 -9999 -9999 -9999 -9999 -9999 -9999 -9999 -9999 -9999 0.405289692304507 0.419453582775337 0.356909145930319 0.285485965867847 0.218840999046721 0.129094693131992 0.0180104006294728 0 0 0 0 0 0.00921000838497339 0.0187446070731435 0.0113250675079881 0.00698752608320376 0.00676885683971493 0.0461135827419521 0.0987126050154754 0.14818258280871 0.187629251807374 0.210866061999082 0.222324811679997 0.22894176733495 0.246559540305022 0.25882293344658 0.260512974382225 0.261071796654346 0.261032659389171 0.262405899458615 0.259054744936372 0.244052259824166 0.23642248612747 0.233540665740424 0.238459184832677 0.243127431647328
-9999 -9999 -9999 -9999 -9999 -9999 -9999 -9999 -9999 -9999 -9999 -9999 -9999 -9999 -9999 -9999 -9999 -9999 -9999 -9999 -9999 0.391778108157999 0.38205973999579 0.332833899535439 0.27459121149319 0.201233119458097 0.114701664368878 0.0160023845909656 0 0 0 0 0 0.0149959437408113 0.0320971068159528 0.0343532979344068 0.0351727262616762 0.0340720229009305 0.0745263577446478 0.12711752473197 0.150346281279126 0.175328516464262 0.203146505962192 0.218094806338064 0.227631923411595 0.24265974771831 0.253496047598251 0.256055298508309 0.256322673309522 0.255378567765002 0.24174497221333 0.229641703973674 0.222167160060722 0.219792688646876 0.22070261353405 0.226913583642003 0.23272610573181
-9999 -9999 -9999 -9999 -9999 -9999 -9999 -9999 -9999 -9999 -9999 -9999 -9999 -9999 -9999 -9999 -9999 -9999 -9999 -9999 -9999 0.351121493730688 0.35382473427797 0.303640648830581 0.24208921017569 0.16308449732697 0.0864701535118758 0.0120637190379978 0 0 0 0.00199026542515421 0.00618983063917563 0.0189274535243061 0.0341571572209223 0.0514025431362181 0.0618475174425614 0.0632042233847647 0.0848210121818021 0.113881235874634 0.150924113598643 0.182696764183548 0.205946317300703 0.219713683922445 0.229431599513283 0.239807947707833 0.247405996446432 0.249517706968074 0.246460468145344 0.240670934799962 0.224416284043093 0.212012042285811 0.209754452327741 0.21048294341963 0.213134441205395 0.218395308282246 0.223391972930592
-9999 -9999 -9999 -9999 -9999 -9999 -9999 -9999 -9999 -9999 -9999 -9999 -9999 -9999 -9999 -9999 -9999 -9999 -9999 -9999 -9999 0.345561007379559 0.33843586868402 0.270522065014278 0.193015194312093 0.109181832808932 0.0476250032975559 0.00664431177269192 0 0 0 0.00550699591378918 0.0171270482852035 0.0214366827349533 0.0275562877417999 0.063866112505509 0.0873638769201951 0.0937392303037327 0.0812196918862959 0.0687075735967937 0.150285641176034 0.205150444780019 0.216814121272521 0.225818453355506 0.233616170424694 0.237759921924749 0.240730623779845 0.241384891715717 0.232676705250564 0.21901954730703 0.209643308526524 0.20341982684278 0.20460674318206 0.20678742626788 0.209608085320119 0.212198887614964 0.214876340508456
-9999 -9999 -9999 -9999 -9999 -9999 -9999 -9999 -9999 -9999 -9999 -9999 -9999 -9999 -9999 -9999 -9999 -9999 -9999 -9999 -9999 0.322117476046705 0.32171202714448 0.26108398409691 0.192275553836884 0.122433504717549 0.0614227829067634 0.00856928275740092 0 0 0 0.00953074049989199 0.0296411065653178 0.0406494767738377 0.0523553772016205 0.0890576616472437 0.109750396797683 0.10904750345528 0.105563666003505 0.105152573298003 0.163469047549169 0.201673061771341 0.207350876909717 0.212741732960495 0.217890395792634 0.216582944107398 0.216978250294197 0.220736011009634 0.21844329968485 0.212952323004082 0.20313004548252 0.197082673039821 0.200568765251576 0.203901393969159 0.207135193712706 0.205820335069926 0.205635025114656
-9999 -9999 -9999 -9999 -9999 -9999 -9999 -9999 -9999 -9999 -9999 -9999 -9999 -9999 -9999 -9999 -9999 -9999 -9999 -9999 -9999 0.287025390463401 0.300362603043299 0.251711293803897 0.194834450199074 0.1376638495369 0.076559916119955 0.0118228858843996 0.000665907559620549 8.02372619096702e-05 0.000594926690930365 0.0131193574104571 0.0389752355651463 0.0563004178372313 0.073698384202443 0.109822130153913 0.128273654986711 0.123107508220707 0.130411507112526 0.143217576991562 0.174387919369929 0.193909874363229 0.194593866892182 0.196540487955838 0.198915407236297 0.19519894769202 0.195139698142177 0.202302381029071 0.206819136194941 0.209937260161735 0.198522354746685 0.191578997815124 0.196585392618817 0.199993433537852 0.202372150346805 0.198359132432135 0.196405713684867
-9999 -9999 -9999 -9999 -9999 -9999 -9999 -9999 -9999 -9999 -9999 -9999 -9999 -9999 -9999 -9999 -9999 -9999 -9999 -9999 -9999 0.275216693575971 0.267681568010556 0.230317232159515 0.185360330039568 0.125887716924999 0.0696898880251316 0.0165168751919028 0.00396253671175278 0.000477458306898879 0.00354015932024633 0.0147260513372438 0.034929114603097 0.0492182123120006 0.0651051742476948 0.106496869760386 0.133157787667949 0.140132064856352 0.142758673561352 0.1453585682822 0.169193125697172 0.182662017975379 0.179367387174444 0.177942261486392 0.17742879560282 0.182916569059694 0.189717258516132 0.199110577506668 0.205736159823725 0.2108987230146 0.197159645487244 0.188198667906981 0.192242283184121 0.191628499049902 0.188015395709589 0.186715279019378 0.187600133229205
-9999 -9999 -9999 -9999 -9999 -9999 -9999 -9999 -9999 -9999 -9999 -9999 -9999 -9999 -9999 -9999 -9999 -9999 -9999 -9999 -9999 0.282151840641117 0.253007563680294 0.210817314220225 0.164733562441438 0.110035607143692 0.0645743569994082 0.0276447633916272 0.0108687956060495 0.00134766613414517 0.00999239673168954 0.0216043924545268 0.0365102092586977 0.0606440833067655 0.087986476896063 0.121675618282233 0.14432428541945 0.152218140846482 0.147692446280387 0.140781884024191 0.160800326672994 0.171846781254485 0.168383590092283 0.166077104888259 0.164535753670039 0.17759081368687 0.188247136446867 0.194166646601437 0.197665570786243 0.19988497889415 0.189588785708052 0.183361543174458 0.18795861915806 0.185072407659455 0.177367032956733 0.178630826133812 0.180627600937151
-9999 -9999 -9999 -9999 -9999 -9999 -9999 -9999 -9999 -9999 -9999 -9999 -9999 -9999 -9999 -9999 -9999 -9999 -9999 -9999 0.298640454913158 0.281935206409423 0.252408019887885 0.193065670173904 0.133813023414016 0.0904214150797907 0.061078207551204 0.0447110697974479 0.0211067032155682 0.00265443558072221 0.0196815611443062 0.0333484061875245 0.0432851622936839 0.0891527062078505 0.139918409932225 0.153933364355889 0.161289337319152 0.159746053292693 0.145783737786798 0.130004858814453 0.149455803737671 0.161430847747644 0.161315742612044 0.160426498033061 0.159574482444388 0.178685945385667 0.190424960192205 0.187605521313162 0.183145491794127 0.177818249903502 0.176287870997899 0.177179812775516 0.183729822593055 0.180185858635484 0.170141475294588 0.173831660948216 0.175346952022468
-9999 -9999 -9999 -9999 -9999 -9999 -9999 -9999 -9999 -9999 -9999 -9999 -9999 -9999 -9999 -9999 -9999 -9999 -9999 0.215457630705297 0.215630337146116 0.205586945148522 0.187702294103999 0.141109005463433 0.0955464541831177 0.0689913344475372 0.050641545586612 0.0398707650005906 0.0295229209176454 0.0244591229755953 0.0475631521071751 0.0614477342690773 0.0650982431329404 0.100448918828906 0.14031224614954 0.149299499514052 0.15525444488423 0.157156925433169 0.141438969626924 0.122070854744271 0.137013601622701 0.148692013520677 0.15509128953486 0.157832762894837 0.159214082848131 0.171780027073772 0.178575344968827 0.173975344153565 0.169863669986209 0.166010124141739 0.16437885101497 0.164019975406093 0.166617252177116 0.162875128969821 0.155050494809376 0.157395002110852 0.158075432264792
-9999 -9999 -9999 -9999 -9999 -9999 -9999 -9999 -9999 -9999 -9999 -9999 -9999 -9999 -9999 -9999 -9999 -9999 -9999 0.138906692898998 0.135210773760202 0.130365795496975 0.124638868972459 0.0939610022699229 0.0641315249736756 0.0506339755065591 0.0398477834691417 0.0315659877455138 0.0358803303938797 0.0461369340686596 0.075370750090495 0.0898604844243011 0.0879835089973323 0.107595149487468 0.130865771718967 0.138062023708004 0.145210817398666 0.152296186435566 0.138649574683079 0.11983060297904 0.128558458576898 0.138058790834341 0.148808384971285 0.154998641237908 0.159258879935681 0.164760624496876 0.166614822663644 0.161266171209941 0.158674979416405 0.157541374343874 0.154225850930182 0.150851691465257 0.147486593895254 0.143940956561748 0.140279053404267 0.140492230122926 0.140275723542083
-9999 -9999 -9999 -9999 -9999 -9999 -9999 -9999 -9999 -9999 -9999 -9999 -9999 -9999 -9999 -9999 -9999 -9999 -9999 0.140243505261728 0.141943812578335 0.140787585518473 0.137438855502872 0.108553856014091 0.077439434132209 0.0507883396489726 0.0343751857840059 0.0274184984344249 0.03300913063404 0.0457108051132094 0.0837693178229809 0.102878539801141 0.100953047774114 0.11028720176669 0.122063584190222 0.129665947550543 0.137524032155947 0.145723870089733 0.146815542890848 0.145406082021235 0.142808454167896 0.141237854832251 0.141328182801526 0.14767066815629 0.156687222211864 0.165487764523304 0.168711645934112 0.160923234283207 0.15751010263758 0.156409733759981 0.152113356536991 0.144929038045615 0.130906080375241 0.129210570508358 0.13545381523249 0.133228977928619 0.132149125746324
-9999 -9999 -9999 -9999 -9999 -9999 -9999 -9999 -9999 -9999 -9999 -9999 -9999 -9999 -9999 -9999 -9999 -9999 -9999 0.159558365092085 0.156203670296238 0.150366382737198 0.142623607179819 0.114438126695243 0.084166107263885 0.0562734733882629 0.0376831277363651 0.0276850156579984 0.0310284963304205 0.0432643664658196 0.0896701391090126 0.111404472737074 0.105752205403128 0.110340146140067 0.117508081879402 0.123784308652825 0.132625807805089 0.144895611763982 0.153248835812386 0.159139452297194 0.148530095305505 0.139775447647446 0.134020266237733 0.140043256414772 0.151115484027502 0.162412652656962 0.167507655676747 0.160355174668359 0.155179474627666 0.151048696378748 0.147925833254528 0.140893823683487 0.124232284011587 0.120267436445809 0.124479133153829 0.121726805302611 0.120986307605099
-9999 -9999 -9999 -9999 -9999 -9999 -9999 -9999 -9999 -9999 -9999 -9999 -9999 -9999 -9999 -9999 -9999 -9999 -9999 0.161823574126613 0.167612706288034 0.159010102843174 0.139361273903909 0.110662532333778 0.0835926431202982 0.0676716832854647 0.0507307514814782 0.0328477033737777 0.0300357083912961 0.0385769296184692 0.0928003726416946 0.114947586284356 0.101488490385343 0.10746569968317 0.117663151401771 0.120691771542562 0.130820752765885 0.150438863575922 0.157760184680963 0.159737141179973 0.144791787280411 0.133164558223936 0.126903454896269 0.132083696834477 0.142215951624937 0.155119949952202 0.162642287560437 0.15953740109092 0.151555754563155 0.140996264085352 0.141436615323825 0.138952222764535 0.128547364949018 0.117743724784654 0.106683272727578 0.105522673815981 0.106455607620796
-9999 -9999 -9999 -9999 -9999 -9999 -9999 -9999 -9999 -9999 -9999 -9999 -9999 -9999 -9999 -9999 -9999 -9999 -9999 0.187348622668991 0.186860053249899 0.168178608727656 0.135533414017198 0.1015042747738 0.0707507277353399 0.0536721991010473 0.0407616883094083 0.0317010456342386 0.034064698003737 0.0453855463333935 0.0932360637928449 0.117601284301793 0.115896584217003 0.117717652841702 0.12090781008668 0.127681834964985 0.138229595716934 0.153820687126973 0.159886978368991 0.161550519002991 0.146261846398408 0.13332629336494 0.124196243762068 0.124873935875731 0.129821196243858 0.138476377373389 0.144992881228832 0.147286115761224 0.14346017543011 0.136399653591459 0.135249873093692 0.133006256609122 0.127674892189734 0.11678580962824 0.102317611493146 0.0991065749873968 0.097366339887663
-9999 -9999 -9999 -9999 -9999 -9999 -9999 -9999 -9999 -9999 -9999 -9999 -9999 -9999 -9999 -9999 -9999 -9999 -9999 0.209728544979291 0.204921763003124 0.177746172225229 0.133401637212612 0.0920053258585996 0.0553087855005764 0.0356669448869308 0.0272644580478822 0.0292434118312166 0.0389654604972748 0.0544644360049953 0.093130226044976 0.119347967765175 0.13174771808728 0.128229298869275 0.12288718955904 0.136629136043804 0.148367876989092 0.157429475640915 0.161544188594313 0.162866787980624 0.147999720287611 0.134173924758208 0.122032091590704 0.117975038047736 0.117453969121422 0.120880756977012 0.12557402962052 0.132768243578423 0.134546132945928 0.13346096581485 0.129509724779068 0.12637503548667 0.125437321677686 0.116576602496959 0.102613546135639 0.09604976315668 0.090318881677531
-9999 -9999 -9999 -9999 -9999 -9999 -9999 -9999 -9999 -9999 -9999 -9999 -9999 -9999 -9999 -9999 -9999 -9999 -9999 0.211357918066383 0.213128324036274 0.189424811695685 0.146169060932874 0.0911640391823273 0.0448701191799739 0.0391399329745788 0.0340563675871748 0.0295700656867823 0.0402634495286892 0.0575136529366769 0.0943617186406392 0.115653359456261 0.11967654663401 0.113014554765291 0.108097001757011 0.140014264361967 0.161022984978039 0.167453212003229 0.164462801005829 0.157590657424114 0.140860713195128 0.126206045709575 0.114907549692534 0.111997846498461 0.112717952979631 0.115415877212983 0.118960535589959 0.12417724910909 0.128499816670231 0.132349740771219 0.126735868485267 0.122696608336812 0.123168991063451 0.119096205521404 0.112096376520309 0.0993805098317309 0.0882303102493861
