layers/veg_sum/veg1100.asc
NCOLS 255 
NROWS 330 
XLLCORNER -2985163.8955 
YLLCORNER -3022031.214 
CELLSIZE 25000 
NODATA_value -9999 
[rows 125 to 149 of 330, columns 171 to 227 of 255]
0.308291799974156 0.302868839031265 0.301424234790307 0.297107763380836 0.291133450423924 0.251376479296682 0.227712768108312 0.236817040651902 0.244295276843176 0.250887884474343 0.265367846823256 0.275387327640294 0.273416635138442 0.279531912670318 0.291004774615743 0.311479358754939 0.330216800681514 0.340848399803186 0.324136850374516 0.285550944123117 0.28617391762396 0.28952654097505 0.280457851637953 0.245242310039192 0.184868983851889 0.185827680138067 0.21440680776923 0.330062751797591 0.398654661904604 0.412818459724783 0.411771478775952 0.411101889632203 0.452152375819285 0.490322310611191 0.524478271646718 0.568577399051053 0.61349324957804 0.610046032969067 0.617726332205856 0.644201082481971 0.65222973435785 -9999 -9999 -9999 -9999 -9999 -9999 -9999 -9999 -9999 -9999 -9999 -9999 -9999 -9999 -9999 -9999
0.270598444501032 0.254052575175029 0.280487241838075 0.292608318974524 0.297882556795008 0.258237574951333 0.235389273674959 0.246741212602924 0.255897548095133 0.263858037561756 0.275502630688934 0.284885653138724 0.288217890850178 0.295888824222538 0.306434481116139 0.323373221774607 0.340256235947999 0.355163808516452 0.33694508513307 0.292225521272899 0.285409830031801 0.284693771576782 0.286570681149853 0.271591930074126 0.240395124317997 0.193182270090221 0.173142066760559 0.331988882183474 0.421114925149557 0.429611032348832 0.397356597354571 0.363030922412331 0.412665693412502 0.459078471052333 0.501001484401448 0.554369627421633 0.608430447765559 0.60247622380519 -9999 0.668340222947545 0.668340222947545 -9999 -9999 -9999 -9999 -9999 -9999 -9999 -9999 -9999 -9999 -9999 -9999 -9999 -9999 -9999 -9999
0.259831578102471 0.232858345909298 0.2550175502589 0.278654772941508 0.302264200517849 0.266445766701005 0.246381847316432 0.258396181472936 0.268900105389294 0.278581377066514 0.283041636827441 0.289508585784424 0.301521144816648 0.304502555222204 0.301500126840716 0.327563315133325 0.353458686494503 0.370647458055966 0.355851894711964 0.315469052961756 0.294039433815465 0.279171615535621 0.28041614553314 0.28135392470505 0.281996556640276 0.211806684686854 0.162854234304908 0.324912850654295 0.413375415659145 0.416726403676309 0.387302714289376 0.358788946911631 0.421042437440087 0.468433829429917 0.495115272068146 0.538002196214252 0.584553106977134 0.593264513841342 -9999 -9999 -9999 -9999 -9999 -9999 -9999 -9999 -9999 -9999 -9999 -9999 -9999 -9999 -9999 -9999 -9999 -9999 -9999
0.270861086186083 0.270375004861182 0.286805250316098 0.298519196044729 0.307663385830121 0.274652522405604 0.256510461621217 0.268643229235561 0.277276501751096 0.284003757343303 0.295088067990466 0.306971737223506 0.320481655811133 0.326967820956932 0.328800202845115 0.353555548372095 0.376879985538892 0.389169494042754 0.381523690115926 0.357929754368118 0.320382112990189 0.288375779572441 0.288266439500867 0.311266444253137 0.356501627192153 0.306185161519262 0.262842989631549 0.37705707618299 0.440422608930104 0.444983348175879 0.427955239811228 0.412135456609643 0.461598828250185 0.498207306076617 0.516902822343919 0.546406091466646 0.57799151183944 -9999 -9999 -9999 -9999 -9999 -9999 -9999 -9999 -9999 -9999 -9999 -9999 -9999 -9999 -9999 -9999 -9999 -9999 -9999 -9999
0.287299353842709 0.32339093624205 0.332732032001134 0.326120884015426 0.312269615684435 0.282409280951837 0.266338090579008 0.278343403026293 0.284504373261152 0.287482194256455 0.30864994409673 0.327812908755281 0.340260796057843 0.352908254876649 0.365687945356018 0.38502289494584 0.401579156071264 0.407373714643403 0.407433900263164 0.402906621499149 0.351664103582948 0.304723436956036 0.304451861547566 0.348579110895077 0.435425692497855 0.418865198580039 0.393822018223964 0.445290615140045 0.475598169656933 0.481433627418699 0.481605729955035 0.48315055352125 0.511346416537792 0.533566808102982 0.54746053497894 0.560581573559456 -9999 -9999 -9999 -9999 -9999 -9999 -9999 -9999 -9999 -9999 -9999 -9999 -9999 -9999 -9999 -9999 -9999 -9999 -9999 -9999 -9999
0.280980859666566 0.327272389331615 0.317972229878495 0.309854285888026 0.302142956248753 0.284287990294286 0.275935431140258 0.286931016031252 0.296555112266133 0.305432220574215 0.322696082064171 0.337755128705981 0.346481063163273 0.364882632867579 0.389695063900132 0.394576401016631 0.399160388246907 0.408390844617693 0.407447367098863 0.398364802752392 0.371563600635222 0.351320570407674 0.369563088846187 0.396233467211265 0.431012901398935 0.445957460518112 0.457068856629649 0.469920484630808 0.467864749447986 0.448569105789954 0.487744719426403 0.5382112139601 0.54326407221745 0.554398682851215 0.574008057890368 0.576364427519026 -9999 -9999 -9999 -9999 -9999 -9999 -9999 -9999 -9999 -9999 -9999 -9999 -9999 -9999 -9999 -9999 -9999 -9999 -9999 -9999 -9999
0.277074891941931 0.325842119046306 0.301828085535027 0.296582118633095 0.299502374829872 0.290576428037193 0.288574294716936 0.300669951905827 0.312457799114233 0.324077996128709 0.334697382669424 0.344323441112744 0.35152900546143 0.375147333935404 0.409640395916196 0.409056811027808 0.408375822417829 0.417239274125921 0.414937494444486 0.403703595809259 0.392664152254792 0.388759402262854 0.414836368892742 0.427273958193546 0.426588112469246 0.461040754581789 0.494684327383316 0.480682441415104 0.461281928545456 0.435638069181601 0.488637696864875 0.55702663622465 0.566167388411547 0.579842570304611 0.59983636254123 0.609584088428935 -9999 -9999 -9999 -9999 -9999 -9999 -9999 -9999 -9999 -9999 -9999 -9999 -9999 -9999 -9999 -9999 -9999 -9999 -9999 -9999 -9999
0.276957154840166 0.31607120108174 0.283510200219639 0.288011908002129 0.308616686283035 0.303789170446155 0.305989060593051 0.322497669161753 0.334408944733795 0.343816260664119 0.343487810494653 0.345593929792562 0.354736123700606 0.382727442479373 0.423207773361228 0.431273612228084 0.435859674016313 0.438384675007372 0.434167726974364 0.424557259670465 0.415650640374139 0.411817559228644 0.428959433268834 0.432226795967792 0.422144484139931 0.457267161160389 0.492052557828075 0.46966853267175 0.456505817585732 0.454007264878508 0.48129320879554 0.518928559738004 0.57491608389141 0.612528396080319 0.624535326356262 0.622290887148207 -9999 -9999 -9999 -9999 -9999 -9999 -9999 -9999 -9999 -9999 -9999 -9999 -9999 -9999 -9999 -9999 -9999 -9999 -9999 -9999 -9999
0.281598866236948 0.315274399168186 0.28968594172233 0.310133709774556 0.350405912298901 0.343615231210601 0.343441710794033 0.356741595645676 0.375639106006036 0.397585390160561 0.396835883420165 0.394468597935165 0.390066608547193 0.409371208439946 0.444383268624915 0.449955852406873 0.452678702780064 0.454526900159705 0.439755570394023 0.411688717388488 0.394972793955458 0.386600179480874 0.406497156805937 0.423000806313066 0.436239488801313 0.451205561930562 0.460907313880959 0.437631577239435 0.426308262928594 0.428807558592096 0.473442268456136 0.530013363699989 0.588143916516301 0.62513303476949 0.632662111569952 0.634678193899693 -9999 -9999 -9999 -9999 -9999 -9999 -9999 -9999 -9999 -9999 -9999 -9999 -9999 -9999 -9999 -9999 -9999 -9999 -9999 -9999 -9999
0.287998399834269 0.317813267035404 0.305617043955994 0.344172213803496 0.404363251617905 0.393572878895378 0.388676986150425 0.395783026186471 0.424130837317834 0.464048081766277 0.467380608866195 0.462121087619881 0.438453634159337 0.444121051018459 0.469225102362074 0.468099975464085 0.466149270541911 0.46891929012776 0.440106087437959 0.386026494069075 0.357542304591264 0.34282366662543 0.370554040668998 0.408958212687749 0.457632420560682 0.445104554437229 0.420585462311465 0.400476110446923 0.389801469799041 0.390037783413013 0.467758829677011 0.56139762814881 0.60347493038842 0.629977401248691 0.634776748005222 0.649427744542385 -9999 -9999 -9999 -9999 -9999 -9999 -9999 -9999 -9999 -9999 -9999 -9999 -9999 -9999 -9999 -9999 -9999 -9999 -9999 -9999 -9999
0.286105892114636 0.305540998074961 0.306387519023597 0.347287199147627 0.405280812132961 0.408898109808297 0.413823016299394 0.421410385496332 0.444512639101029 0.476065149502691 0.489010888442586 0.493244555108891 0.47713904452849 0.486991251678126 0.514042466904922 0.5221756305148 0.521109716520089 0.495831112739431 0.456513197195329 0.405963915428214 0.371896490264423 0.354852648677466 0.399566978384642 0.435919486615425 0.464226479410325 0.474249993391918 0.482493003731166 0.502618324699741 0.51708573539608 0.525009946329288 0.554319729876773 0.589921171621344 0.628420126482696 0.656474372460679 0.669974187151275 0.670519893246714 -9999 -9999 -9999 -9999 -9999 -9999 -9999 -9999 -9999 -9999 -9999 -9999 -9999 -9999 -9999 -9999 -9999 -9999 -9999 -9999 -9999
0.292147204850583 0.305598642048701 0.312769737666453 0.353277164873313 0.408060753559145 0.421845462841917 0.433328315919229 0.440124288465172 0.459415536652415 0.485512397124146 0.498804524270654 0.505588831100825 0.49708091483387 0.512559818503081 0.543931857081842 0.557512094844925 0.558714722742809 0.525185101993125 0.483693749946635 0.435833060038694 0.407188081084747 0.394425067976599 0.436934831768439 0.462198772758996 0.470869255739963 0.496478522619493 0.527494939603538 0.569536434821818 0.600234224682847 0.617813367086563 0.617073343914026 0.615237426084248 0.649658693891362 0.677455528310612 0.696021386391683 0.702675378442606 -9999 -9999 -9999 -9999 -9999 -9999 -9999 -9999 -9999 -9999 -9999 -9999 -9999 -9999 -9999 -9999 -9999 -9999 -9999 -9999 -9999
0.313375160893272 0.329257776727084 0.329893760775827 0.364770318100279 0.414405599782072 0.430241164702927 0.442036325253124 0.445604693643674 0.46383090619051 0.49004058441812 0.485940868121767 0.481986631564113 0.481144552344854 0.505010199311246 0.545246637679823 0.556978651742174 0.563098549525745 0.559213801734117 0.531496452751693 0.484713164032977 0.482557324975126 0.486720177341048 0.490295374276041 0.487172621594684 0.477605285376207 0.505466943705122 0.540136753039406 0.569029789338661 0.598899545281438 0.629898847546555 0.634255878409474 0.6344143994223 0.663802161526333 0.687878502144907 0.704553514501328 0.707193887108605 -9999 -9999 -9999 -9999 -9999 -9999 -9999 -9999 -9999 -9999 -9999 -9999 -9999 -9999 -9999 -9999 -9999 -9999 -9999 -9999 -9999
0.337775219579763 0.358767294031782 0.365301555898607 0.379888735152524 0.398105691070141 0.422212488497513 0.440189819236109 0.445686753491563 0.463341214284957 0.487617330680897 0.478394480249309 0.469545755816287 0.464676004107107 0.492712242929411 0.542551261288185 0.543074770392319 0.541017205653806 0.544532870009075 0.539933487640399 0.528842115977007 0.554901527444339 0.576538669792957 0.556837881299098 0.547950306620669 0.549466909896666 0.557709625561796 0.567472315968343 0.577935656085838 0.591740284381768 0.609409010015006 0.630631736920294 0.652638369238928 0.672765471344997 0.691988330540958 0.709951150663622 0.715055236536013 -9999 -9999 -9999 -9999 -9999 -9999 -9999 -9999 -9999 -9999 -9999 -9999 -9999 -9999 -9999 -9999 -9999 -9999 -9999 -9999 -9999
0.363800823578962 0.391274842334732 0.410078877557073 0.396864920152481 0.370201468319471 0.405767132954121 0.432934647459143 0.443002429040475 0.460337921612464 0.481631808110126 0.473572928705856 0.462824505063605 0.447934737062157 0.477980999189284 0.537800878287464 0.522319202428883 0.505373774126186 0.504890667478977 0.528197569712432 0.570536338086445 0.625695546185252 0.665088018882995 0.630135491493944 0.627075682321115 0.654702172470181 0.632117971252969 0.602337696906556 0.591664968621167 0.581596214282595 0.572225937296192 0.616345205711178 0.670373972006566 0.679074207146694 0.692862984944252 0.713742515130171 0.717621379171792 -9999 -9999 -9999 -9999 -9999 -9999 -9999 -9999 -9999 -9999 -9999 -9999 -9999 -9999 -9999 -9999 -9999 -9999 -9999 -9999 -9999
0.369083871756465 0.395400440631491 0.420921694107932 0.420267823896462 0.408318032726752 0.421016251583331 0.432858140488422 0.442956429524617 0.456475053003527 0.471856578171733 0.460082200711617 0.448812563083634 0.441277749655075 0.468987780863775 0.52005026446828 0.507648608737948 0.498436574543234 0.517297651369388 0.560340019828199 0.62272727831068 0.660948061778768 0.688328923029579 0.684731283951172 0.698950972005874 0.730314003873918 0.734107765731286 0.720623490439888 0.639485613039523 0.607733813677048 0.633095499430293 0.668340058129402 0.703638550156685 0.714529280721403 0.720493082067495 0.719591335166045 -9999 -9999 -9999 -9999 -9999 -9999 -9999 -9999 -9999 -9999 -9999 -9999 -9999 -9999 -9999 -9999 -9999 -9999 -9999 -9999 -9999 -9999
0.377193665365031 0.401249479447897 0.429611397997146 0.438647654743189 0.439081786477555 0.434861758503596 0.435020372644182 0.444094475263949 0.45283661367066 0.461397946163901 0.452916125176179 0.446256557844723 0.445746796220737 0.468497598393122 0.506660334263752 0.49657181629199 0.494632883429693 0.532413439528699 0.592993278820964 0.671812409574253 0.705902756774456 0.730167264736242 0.740285049145945 0.759103734083327 0.786294187025937 0.797906569141569 0.789272383880893 0.680937676757451 0.642142850286071 0.683768763755272 0.719623305467852 0.750562180426885 0.751687177901523 0.75466247765486 0.76021612570655 -9999 -9999 -9999 -9999 -9999 -9999 -9999 -9999 -9999 -9999 -9999 -9999 -9999 -9999 -9999 -9999 -9999 -9999 -9999 -9999 -9999 -9999
0.393028363036436 0.412598374481112 0.434914171465237 0.444828448543601 0.449146022309506 0.44379728270931 0.442115362175417 0.447899565221772 0.449771964434081 0.449513780777176 0.461139082075833 0.471152584041588 0.476015490721959 0.487823567768725 0.504233360670142 0.493686550640964 0.496796637440183 0.551320499963659 0.624651200337389 0.713027259554351 0.775581402476344 0.819255721327271 0.799042801494423 0.791904220572193 0.797345410195926 0.770023236614995 0.736373275111945 0.705620433296348 0.694286900224759 0.705411202336145 0.76589616133852 0.829001058262481 0.791407766895605 0.767574136844373 0.762914238430137 -9999 -9999 -9999 -9999 -9999 -9999 -9999 -9999 -9999 -9999 -9999 -9999 -9999 -9999 -9999 -9999 -9999 -9999 -9999 -9999 -9999 -9999
0.409740798535203 0.433659847986277 0.44449943340475 0.450264904482312 0.453656195426511 0.44574470926507 0.438990380419625 0.434592175333437 0.440003746985906 0.450758260962915 0.444755135789699 0.445622976268989 0.465377811704636 0.483038260632038 0.499311015508421 0.515343887573798 0.540640752472716 0.595742374206499 0.657461937665503 0.724475815291106 0.777442047795478 0.81033831038327 0.767137947231485 0.75578041358278 0.775061177703581 0.770315148362449 0.758626144488623 0.735560322360512 0.723280297853583 0.72347371761218 0.786739062639997 0.856936887167568 0.830808569394925 0.819193405696931 0.827801946278435 -9999 -9999 -9999 -9999 -9999 -9999 -9999 -9999 -9999 -9999 -9999 -9999 -9999 -9999 -9999 -9999 -9999 -9999 -9999 -9999 -9999 -9999
0.42700210794944 0.460794867382961 0.456762654687007 0.455235905220336 0.454693258402782 0.443322283685889 0.429474565910095 0.410583875077841 0.426043601587018 0.460212448962921 0.412983807442388 0.388560814817983 0.429160237756421 0.46317550060028 0.4928282449891 0.552348397610137 0.610548758383822 0.656119372315085 0.690993562835808 0.717310678008081 0.736894208201435 0.740135100222176 0.678539239375553 0.676556325788446 0.731931356126463 0.788225825260402 0.827873639383552 0.768787642845922 0.737796947662182 0.739297607116197 0.791679904921692 0.853291752662479 0.87000940049046 0.867405238797223 0.837876636014747 -9999 -9999 -9999 -9999 -9999 -9999 -9999 -9999 -9999 -9999 -9999 -9999 -9999 -9999 -9999 -9999 -9999 -9999 -9999 -9999 -9999 -9999
0.44855427785721 0.466549887097755 0.446590330658058 0.436519587630225 0.430821204899615 0.424950545161279 0.417731795574625 0.407768158601156 0.41568334672432 0.433336323368746 0.376875455111293 0.350466494247181 0.406738840056863 0.426718773106511 0.422652158355188 0.505705079168286 0.584579579305415 0.625559381547544 0.655570637939448 0.676807122643571 0.687913928720807 0.695988602473991 0.697455329145368 0.732249977242513 0.799111837852376 0.832085390006284 0.848926035043873 0.812542839405686 0.797954946238583 0.808572652153874 0.840512260020186 0.875181362314606 0.880768723360657 -9999 -9999 -9999 -9999 -9999 -9999 -9999 -9999 -9999 -9999 -9999 -9999 -9999 -9999 -9999 -9999 -9999 -9999 -9999 -9999 -9999 -9999 -9999 -9999
0.461315323192585 0.466158552349546 0.434764241362247 0.418200421321512 0.408346140953762 0.411504150856042 0.413430724260351 0.412849931768267 0.410927200638357 0.408273576141962 0.349618404929106 0.325026054361546 0.39161452567399 0.398795482908355 0.366614338855574 0.465433504842765 0.557988236369353 0.593620973888558 0.624769093241575 0.652329544634545 0.65939927759501 0.671858212748799 0.719563331800461 0.779918860576386 0.852446266854615 0.864903983575152 0.862457151565623 0.845954612634713 0.845332072122933 0.863074262915645 0.87858089742691 0.891766928338386 0.889646538545133 -9999 -9999 -9999 -9999 -9999 -9999 -9999 -9999 -9999 -9999 -9999 -9999 -9999 -9999 -9999 -9999 -9999 -9999 -9999 -9999 -9999 -9999 -9999 -9999
0.446973268080069 0.452009596181125 0.422789043560816 0.406108531477931 0.395337119573642 0.416127054785777 0.431773218547029 0.436945990350178 0.422099502669622 0.396349428531293 0.349653558772303 0.33324327362297 0.395290884355866 0.399827530057374 0.366258685808373 0.461956327155849 0.549960148590226 0.576940892419234 0.622418604078734 0.682693780401741 0.69364882716252 0.701808521875952 0.728285351148216 0.774951117442971 0.841042125583307 0.859305021748268 0.863844835204289 0.846310727100803 0.844914910595673 0.862182533537762 0.875237115206511 0.886077530597017 0.887553024724744 -9999 -9999 -9999 -9999 -9999 -9999 -9999 -9999 -9999 -9999 -9999 -9999 -9999 -9999 -9999 -9999 -9999 -9999 -9999 -9999 -9999 -9999 -9999 -9999
0.436511388185002 0.439088651635032 0.421533983409705 0.408221788534361 0.3972300856631 0.424935012144765 0.447466045529655 0.45946235534269 0.438339438585112 0.399177974966136 0.383498543902057 0.380167042679899 0.405924658498946 0.397667102079771 0.366871846924694 0.461470360703599 0.551255256838941 0.590350798610252 0.644763961938442 0.711431131749968 0.724936108717729 0.731019348190361 0.738247161222749 0.7658554181802 0.813073179675886 0.833361371372585 0.845938423212018 0.846178413549608 0.852235202536883 0.865018940824427 0.875020829768224 0.88332561750935 -9999 -9999 -9999 -9999 -9999 -9999 -9999 -9999 -9999 -9999 -9999 -9999 -9999 -9999 -9999 -9999 -9999 -9999 -9999 -9999 -9999 -9999 -9999 -9999 -9999
0.428984522249148 0.427096590722182 0.428387771927821 0.421079999647689 0.410395104892462 0.436908597225841 0.461154630412675 0.480783819982425 0.458412597320925 0.413165647093257 0.442917716078425 0.456368939036828 0.421821110318756 0.393091845251412 0.368217831414826 0.463246984530577 0.559602549319734 0.626521154746545 0.685789573055741 0.738937887000828 0.753982693015777 0.759670820285855 0.749146764795169 0.753637280320276 0.772574404543231 0.792028739432863 0.813437711520978 0.84567664682466 0.865408202839459 0.870675358172262 0.877170222733223 -9999 -9999 -9999 -9999 -9999 -9999 -9999 -9999 -9999 -9999 -9999 -9999 -9999 -9999 -9999 -9999 -9999 -9999 -9999 -9999 -9999 -9999 -9999 -9999 -9999 -9999
