layers/veg_sum/veg1200.asc
NCOLS 255 
NROWS 330 
XLLCORNER -2985163.8955 
YLLCORNER -3022031.214 
CELLSIZE 25000 
NODATA_value -9999 
[rows 75 to 99 of 330, columns 0 to 56 of 255]
-9999 -9999 -9999 -9999 -9999 -9999 -9999 -9999 -9999 -9999 -9999 -9999 -9999 -9999 -9999 -9999 -9999 -9999 -9999 -9999 -9999 -9999 -9999 -9999 -9999 0.625964404719611 0.632987086187883 0.639909251032117 0.642901662403599 0.640590141074504 0.628117734541152 0.574064149272691 0.498684787953689 0.332501725413317 0.212996368365728 0.208555465097971 0.245198651810613 0.307552814436461 0.434390484798324 0.534556130553022 0.541400744037693 0.546288256891514 0.549694284053705 0.549658892596907 0.548147791044884 0.542616141771264 0.564379642923162 0.611013607610751 0.615801182055378 0.614901926089341 0.625660254313753 0.635235002939758 0.643513706402228 0.652401041793351 0.661482654130948 0.670858854889423 0.679815112899751
-9999 -9999 -9999 -9999 -9999 -9999 -9999 -9999 -9999 -9999 -9999 -9999 -9999 -9999 -9999 -9999 -9999 -9999 -9999 -9999 -9999 -9999 -9999 -9999 -9999 0.626910788618269 0.630100066165952 0.633441202509338 0.64271934315923 0.646008994486177 0.637826337246551 0.597797741423131 0.541436290807796 0.379297785560718 0.255447419863632 0.227567326361492 0.268149986553327 0.351577558535035 0.457313399600385 0.539728359273793 0.547831726074676 0.553217359112724 0.556545722524557 0.547862763464651 0.53865827422848 0.53334933231977 0.549402743622319 0.584920844376829 0.594472891687987 0.600130565371964 0.611092117804511 0.620767115122194 0.629033306866951 0.637564130314284 0.646848611318106 0.661494325945126 0.673464231027356
-9999 -9999 -9999 -9999 -9999 -9999 -9999 -9999 -9999 -9999 -9999 -9999 -9999 -9999 -9999 -9999 -9999 -9999 -9999 -9999 -9999 -9999 -9999 -9999 -9999 0.633340747375739 0.630988806941183 0.629010013232878 0.641619598883541 0.648265013680617 0.643484707450863 0.617519989581845 0.58069040370946 0.42034524300626 0.291064277956849 0.241557993230471 0.291893375203233 0.404711014635281 0.487853295526518 0.550101903003584 0.556390075756511 0.560225087975955 0.562203107165846 0.547135397216737 0.532316890800915 0.526858354204863 0.536018502964139 0.55849872783223 0.574029139501587 0.587943507601491 0.600249582873812 0.610232093313603 0.617670250194571 0.624889349845529 0.633260376910187 0.651080451933021 0.664895731468026
-9999 -9999 -9999 -9999 -9999 -9999 -9999 -9999 -9999 -9999 -9999 -9999 -9999 -9999 -9999 -9999 -9999 -9999 -9999 -9999 -9999 -9999 -9999 -9999 -9999 0.659139705270539 0.649964875006977 0.641094209489551 0.644115034348681 0.643601758192559 0.636318110551083 0.619854167308938 0.598681917712497 0.431641777238991 0.293923270697136 0.232989179081521 0.301449890473781 0.450887609389306 0.527613196321717 0.579778922304604 0.574252283407456 0.568996271547489 0.56394511889457 0.555340919242913 0.547006849987528 0.541468822922403 0.541441235393524 0.546434583210864 0.567713242760262 0.590861249047311 0.607658074056038 0.618136745244892 0.621696901860054 0.628046550588159 0.635302405149102 0.644031921929562 0.651920175485167
-9999 -9999 -9999 -9999 -9999 -9999 -9999 -9999 -9999 -9999 -9999 -9999 -9999 -9999 -9999 -9999 -9999 -9999 -9999 -9999 -9999 -9999 -9999 -9999 -9999 0.671259421061552 0.658879364992431 0.646838387438982 0.648053873552791 0.647455735800374 0.643383190481211 0.600813485789485 0.538499708795451 0.425262597991291 0.331399561588004 0.285966306026597 0.356234362308864 0.498909855225557 0.559491269304262 0.598356195189868 0.590013351954988 0.581435548059685 0.572679883684942 0.566767462829131 0.561093624197393 0.554943549138442 0.549940113805165 0.545981459725751 0.568521659361061 0.594564026272801 0.612702014696087 0.62331055865828 0.625674198694262 0.631110443849132 0.637064395855172 0.640884204455432 0.645909797333839
-9999 -9999 -9999 -9999 -9999 -9999 -9999 -9999 -9999 -9999 -9999 -9999 -9999 -9999 -9999 -9999 -9999 -9999 -9999 -9999 -9999 -9999 -9999 -9999 -9999 0.671259421061552 0.658879364992431 0.646965352138542 0.65327155868676 0.658855924204417 0.663057439625493 0.562834823848636 0.40905611120435 0.403222856399504 0.399546544016796 0.393472719644915 0.45109049712144 0.548567335411508 0.584386096264966 0.607099167980828 0.603912825497656 0.597124730056304 0.58761018029359 0.58104780968663 0.574645980606028 0.567412015195802 0.561164436708083 0.555815622272068 0.575642169296969 0.598962339878392 0.615650979581833 0.62606486765344 0.629607767482468 0.63409166731376 0.638578275205134 0.641192580443995 0.646070519533797
-9999 -9999 -9999 -9999 -9999 -9999 -9999 -9999 -9999 -9999 -9999 -9999 -9999 -9999 -9999 -9999 -9999 -9999 -9999 -9999 -9999 -9999 -9999 -9999 -9999 -9999 -9999 -9999 -9999 0.658039208530111 0.656070894753634 0.555344218589268 0.40396725343673 0.41334528105758 0.423590347915073 0.42773589436006 0.483104545741784 0.570529304922326 0.596200298892943 0.611539228329005 0.609270097904455 0.604219597566474 0.597063656320182 0.590023194254162 0.582755188247749 0.574549035883972 0.567478697735449 0.561443276983732 0.577405658780362 0.596064556687028 0.607049279626507 0.615276236668415 0.620483380629298 0.624488278154252 0.627994956100938 0.630024635533413 0.633932987954002
-9999 -9999 -9999 -9999 -9999 -9999 -9999 -9999 -9999 -9999 -9999 -9999 -9999 -9999 -9999 -9999 -9999 -9999 -9999 -9999 -9999 -9999 -9999 -9999 -9999 -9999 -9999 -9999 -9999 0.614976589228237 0.632263018865751 0.552800515810236 0.423718301757973 0.433205220122487 0.445768973701335 0.458587529344176 0.51048428233205 0.586836696651329 0.605997825284206 0.616243816490398 0.612131613381035 0.608086065247576 0.604090973586064 0.596950706773051 0.589147098772835 0.580323339584566 0.572719319662488 0.566226686945462 0.576882425840202 0.589234442734008 0.593462440604936 0.599468027814625 0.607420113653011 0.61195713200928 0.615428206854868 0.617435227386593 0.620680353334338
-9999 -9999 -9999 -9999 -9999 -9999 -9999 -9999 -9999 -9999 -9999 -9999 -9999 -9999 -9999 -9999 -9999 -9999 -9999 -9999 -9999 -9999 -9999 -9999 -9999 -9999 -9999 -9999 0.609047902579945 0.608838906444089 0.608229530841816 0.547713404851904 0.456472850609945 0.473040165135223 0.498155182268235 0.538031291254547 0.570995585434509 0.599634372974618 0.617416793828205 0.62613435834714 0.610141604722145 0.603474293352262 0.603866153621935 0.598368652658791 0.591810890313793 0.584047188048041 0.576980946830581 0.570550209697132 0.569698729251444 0.56923211862265 0.565240878764888 0.570639446394807 0.586320055551379 0.596034372195229 0.603767484324288 0.608012625994584 0.61286786591846
-9999 -9999 -9999 -9999 -9999 -9999 -9999 -9999 -9999 -9999 -9999 -9999 -9999 -9999 -9999 -9999 -9999 -9999 -9999 -9999 -9999 -9999 -9999 -9999 -9999 -9999 -9999 0.605069974018763 0.606618640972623 0.605216383172161 0.598160960188851 0.554221455592677 0.491365179316782 0.506532398715533 0.530806105401592 0.572673496489516 0.59245293707605 0.598409441251329 0.614890486973143 0.624272151766656 0.610233613821241 0.602741298547497 0.600204341761415 0.597424387702512 0.593637513178497 0.586070523741237 0.579169159135199 0.572874290475702 0.564493514277414 0.555926201184927 0.548451562664054 0.550692641512029 0.563572640229105 0.580386816153979 0.59676385060218 0.601806016066774 0.607048706011369
-9999 -9999 -9999 -9999 -9999 -9999 -9999 -9999 -9999 -9999 -9999 -9999 -9999 -9999 -9999 -9999 -9999 -9999 -9999 -9999 -9999 -9999 -9999 -9999 -9999 -9999 -9999 0.60502675066031 0.604842352952262 0.604272023500186 0.602962354322456 0.573076134786744 0.528533834500809 0.53327085831021 0.542442725932646 0.559610616728301 0.572325303459636 0.582253115211167 0.597515130273064 0.609895517011301 0.612542573434533 0.60613845913279 0.592882791206177 0.593964820213023 0.594572711596809 0.586283138730441 0.579149581362094 0.573069348149944 0.561395003636848 0.549750675484466 0.543835400693506 0.540203229096359 0.539071104691789 0.565032299469996 0.594719125318287 0.599023821662247 0.603352058474122
-9999 -9999 -9999 -9999 -9999 -9999 -9999 -9999 -9999 -9999 -9999 -9999 -9999 -9999 -9999 -9999 -9999 -9999 -9999 -9999 -9999 -9999 -9999 -9999 -9999 0.594797218444302 0.591109711832893 0.587721506781601 0.596034663137351 0.597397870958291 0.585446877181234 0.557101233330503 0.52034725074254 0.503781582935366 0.499057944394408 0.521334111954335 0.545259884289432 0.570218001472885 0.584174843984929 0.595442931774601 0.601045098786859 0.601225266457071 0.597301090018126 0.59312637102151 0.588515495790474 0.58233878300537 0.575172448901424 0.56710440366782 0.556683745886996 0.546794912587209 0.542055613152001 0.538097744670987 0.534995559922762 0.548055856475314 0.565613915753259 0.585823072589734 0.59941161817317
-9999 -9999 -9999 -9999 -9999 -9999 -9999 -9999 -9999 -9999 -9999 -9999 -9999 -9999 -9999 -9999 -9999 -9999 -9999 -9999 -9999 -9999 -9999 -9999 -9999 0.599441914474946 0.583523133755728 0.568413450450991 0.584935881782193 0.587052003459795 0.561569573860294 0.531862129185215 0.499987797277672 0.465201730161704 0.450169576772943 0.482031573291143 0.518827170206348 0.558710280585606 0.572577419023328 0.58359721019124 0.591688062697157 0.600491208459362 0.609833545845544 0.599808786277982 0.588114904655504 0.579494590890185 0.570116514382826 0.560047988826798 0.552001956850811 0.544948635757597 0.541120507291816 0.538136720516212 0.536077506084872 0.533081288931864 0.534357288814619 0.570928162346434 0.594479878845899
-9999 -9999 -9999 -9999 -9999 -9999 -9999 -9999 -9999 -9999 -9999 -9999 -9999 -9999 -9999 -9999 -9999 -9999 -9999 -9999 -9999 -9999 -9999 -9999 -9999 0.610227765610958 0.587553035187568 0.565548683410423 0.569753158664413 0.562010325779094 0.531379716340693 0.501628226329334 0.472327611078939 0.461423701174905 0.460125985590882 0.480627946892092 0.509510074350851 0.543636622468025 0.566452220852357 0.590940100268109 0.622832791315114 0.645262632771551 0.660529288007783 0.656736917233951 0.641644834282832 0.592175465386506 0.564301959730972 0.556105910359018 0.550439311559714 0.545413634154925 0.541251691287236 0.538752761669268 0.538074867393658 0.535657423384664 0.536100180978634 0.562410505331079 0.582742335864712
-9999 -9999 -9999 -9999 -9999 -9999 -9999 -9999 -9999 -9999 -9999 -9999 -9999 -9999 -9999 -9999 -9999 -9999 -9999 -9999 -9999 -9999 -9999 -9999 -9999 0.606890194248733 0.58737905940053 0.56827924518776 0.565260240602222 0.552647624930596 0.521656272867875 0.486794987886451 0.449948926973573 0.454031680783534 0.463805523121178 0.484971644739528 0.507991159178241 0.532170551764064 0.568693613449672 0.605330982051481 0.639670332708646 0.663777637565278 0.680139490189853 0.665688663367431 0.640326716055528 0.587881019833724 0.559820968109039 0.553980331657956 0.550188913660474 0.546544055531673 0.541632072457435 0.538875466432041 0.538479044718293 0.536424488205611 0.535885144021018 0.550531507081545 0.56756292136362
-9999 -9999 -9999 -9999 -9999 -9999 -9999 -9999 -9999 -9999 -9999 -9999 -9999 -9999 -9999 -9999 -9999 -9999 -9999 -9999 -9999 -9999 -9999 -9999 -9999 0.585459339258465 0.581819565841992 0.578177890431209 0.574461855492181 0.563371002711975 0.538152014882403 0.491691286623345 0.434336288093385 0.442009835608517 0.45944386436791 0.496678144889802 0.516462364664828 0.525326101796556 0.581653307491928 0.6287509297691 0.638179172514204 0.648655976355157 0.659926519790187 0.613178654168605 0.568743668318239 0.56183977173619 0.557048382090584 0.554181840848913 0.55161961425234 0.548526939312681 0.542331696018291 0.53836616608171 0.536842220316858 0.534873983757772 0.533161836357365 0.534346350014753 0.547974182024394
-9999 -9999 -9999 -9999 -9999 -9999 -9999 -9999 -9999 -9999 -9999 -9999 -9999 -9999 -9999 -9999 -9999 -9999 -9999 -9999 -9999 -9999 -9999 -9999 -9999 0.580157690932591 0.580661746589348 0.581071275319444 0.577785221136075 0.571170790403106 0.558180100025411 0.523222852667394 0.476999597730612 0.45037610623621 0.445249183229376 0.489998824107056 0.532321499854924 0.573125348192363 0.596430229061427 0.615116387613662 0.623770600152237 0.633587138765311 0.644283534766009 0.591672428441742 0.543995001979034 0.546603796895611 0.550178544119248 0.554633436029962 0.552075105214484 0.548137966311956 0.543907728340384 0.540438384146625 0.537802235034992 0.536419493583792 0.534876524415048 0.529558441466277 0.538233442128143
-9999 -9999 -9999 -9999 -9999 -9999 -9999 -9999 -9999 -9999 -9999 -9999 -9999 -9999 -9999 -9999 -9999 -9999 -9999 -9999 -9999 -9999 -9999 -9999 -9999 -9999 -9999 0.581675964022937 0.579710402651333 0.578391884544957 0.578312924463038 0.561172860853444 0.535282653932038 0.466462106938416 0.432277349785339 0.482233052903985 0.551613108185849 0.63314918422505 0.609895403430693 0.590605517494493 0.60553828930018 0.618086448178053 0.628829503180867 0.580059912956795 0.535396695910212 0.53594663410606 0.542581649707381 0.554761192206903 0.552141400459951 0.547346389784095 0.545808526316556 0.543204780180058 0.539433869553855 0.541193795939438 0.542945177783296 0.533500590139162 0.536467078274028
-9999 -9999 -9999 -9999 -9999 -9999 -9999 -9999 -9999 -9999 -9999 -9999 -9999 -9999 -9999 -9999 -9999 -9999 -9999 -9999 -9999 -9999 -9999 -9999 -9999 -9999 -9999 0.581872495931915 0.587786991052549 0.59012341851697 0.585605246430406 0.572282468022391 0.554444063354221 0.496899071507092 0.473878677533616 0.534572149259358 0.584001502919147 0.626381620039552 0.599775634209398 0.579225792663657 0.591483388295059 0.597004968219626 0.597427520158122 0.567324941693576 0.54008351947055 0.538956557564292 0.542349666115976 0.549861317549837 0.551273294950024 0.551045585982555 0.548238233568846 0.544266153414557 0.539018671287267 0.573716398664783 0.612244881811301 0.600352755183732 0.594418090226268
-9999 -9999 -9999 -9999 -9999 -9999 -9999 -9999 -9999 -9999 -9999 -9999 -9999 -9999 -9999 -9999 -9999 -9999 -9999 -9999 -9999 -9999 -9999 -9999 -9999 -9999 -9999 0.593994026301224 0.595565693544896 0.594608633287579 0.588807222375586 0.578874561934825 0.566823103880829 0.513081914060625 0.494092843129629 0.559456611630158 0.595044687502529 0.611998734573803 0.587066249531682 0.568945976876769 0.580094267728032 0.577944038444157 0.565727097725276 0.55272414051921 0.542099192034681 0.541071339342933 0.5435845429361 0.549324243172037 0.551948231651651 0.55516096836617 0.56458356071313 0.567545947001799 0.563434268454825 0.604492246230352 0.649637102834655 0.635851642486267 0.624341834083874
-9999 -9999 -9999 -9999 -9999 -9999 -9999 -9999 -9999 -9999 -9999 -9999 -9999 -9999 -9999 -9999 -9999 -9999 -9999 -9999 -9999 -9999 -9999 -9999 -9999 -9999 -9999 0.593875887410625 0.590710709952129 0.58787679345157 0.585677482394982 0.578473699633763 0.568703269026795 0.507199862621876 0.481200412248904 0.541842238378322 0.573046215875825 0.585827591887623 0.570348228582576 0.560368782719615 0.572831684222406 0.562010851334685 0.533564701279581 0.535235098374734 0.539980014096895 0.541800472377493 0.547090069568785 0.555540634603583 0.555011744990085 0.559920592748468 0.602469792125499 0.625219096366303 0.626287088793088 0.632564176473622 0.637637630051098 0.622816726798076 0.610880324276296
-9999 -9999 -9999 -9999 -9999 -9999 -9999 -9999 -9999 -9999 -9999 -9999 -9999 -9999 -9999 -9999 -9999 -9999 -9999 -9999 -9999 -9999 -9999 -9999 -9999 -9999 -9999 0.593841685870955 0.589305178605925 0.585508522729953 0.583129219874243 0.579983035230072 0.576443539242274 0.532775404323963 0.515757122545566 0.563838974579223 0.571242201181521 0.55318819703715 0.550110362006198 0.553866563907906 0.574800073426881 0.573502206105284 0.555375635049533 0.576485302712435 0.597588738835714 0.599344683868943 0.601589895635755 0.604280911520408 0.597099887662164 0.593642605275559 0.619668611321795 0.633889421501236 0.635183287833119 0.628357301368009 0.619485936488917 0.610958144573945 0.602631013017708
-9999 -9999 -9999 -9999 -9999 -9999 -9999 -9999 -9999 -9999 -9999 -9999 -9999 -9999 -9999 -9999 -9999 -9999 -9999 -9999 -9999 -9999 -9999 -9999 -9999 -9999 -9999 -9999 -9999 -9999 0.579510416667741 0.582205455091252 0.586282700263484 0.571529835420607 0.57034766067811 0.602234555756824 0.578744722534592 0.520599388163935 0.529906117827675 0.548311365883334 0.579428056597587 0.593907706490946 0.595793452147259 0.638971190769064 0.677535050450073 0.677893635755662 0.674715571467685 0.668315025772422 0.65313705777818 0.637473416058683 0.627987139195199 0.622803327323507 0.622330807325542 0.611454869889818 0.599475068279114 0.599796623745853 0.596520980474303
-9999 -9999 -9999 -9999 -9999 -9999 -9999 -9999 -9999 -9999 -9999 -9999 -9999 -9999 -9999 -9999 -9999 -9999 -9999 -9999 -9999 -9999 -9999 -9999 -9999 -9999 -9999 -9999 -9999 -9999 -9999 0.582205455091252 0.586282700263484 0.62257970476902 0.648777164544355 0.649440879392942 0.622961370047809 0.579495266043176 0.559692911602022 0.546214406539425 0.546534573356421 0.53732941720161 0.520913783737443 0.60955227940588 0.689384900144165 0.683374654288974 0.674530604879806 0.663104484778306 0.642688745117172 0.623666329426001 0.620949313009212 0.618887063922302 0.617541799170261 0.610114382888192 0.601521301802649 0.596051035861046 0.59093849384898
-9999 -9999 -9999 -9999 -9999 -9999 -9999 -9999 -9999 -9999 -9999 -9999 -9999 -9999 -9999 -9999 -9999 -9999 -9999 -9999 -9999 -9999 -9999 -9999 -9999 -9999 -9999 -9999 -9999 -9999 -9999 -9999 -9999 0.712948715096419 0.70516316940306 0.687829634857394 0.656509737629285 0.616436986578365 0.570878287057453 0.534193178979468 0.52514176630333 0.507214992766013 0.48256975012363 0.588626372437992 0.684998557796793 0.679494030019119 0.67029447965529 0.657728143504977 0.632789073229378 0.609912536245267 0.610242181855267 0.609929178266477 0.608912459957474 0.604796338651019 0.599490153350927 0.591114091184289 0.584345170077285
