layers/veg_sum/veg1300.asc
NCOLS 255 
NROWS 330 
XLLCORNER -2985163.8955 
YLLCORNER -3022031.214 
CELLSIZE 25000 
NODATA_value -9999 
[rows 200 to 224 of 330, columns 114 to 170 of 255]
0.088813336137037 0.0905527460068324 0.0926767467042636 0.0892596903257946 0.0854194701178611 0.0829111584331342 0.0970393641173493 0.12674491333581 0.136423511431518 0.14061261497123 0.136372174680883 0.131485070304461 0.12587027393664 0.119890713328312 0.114661964930226 0.116547214242949 0.118919501594502 0.121951793473999 0.130185938508068 0.139024996331308 0.129314000458798 0.127822992955282 0.139818658323953 0.153083566415767 0.167104698929138 0.194742531114518 0.224789578727699 0.259667361289046 0.296489601319207 0.334355206696742 0.362464186941927 0.391507632509197 0.423654931921344 0.459230672601137 0.497045979888077 0.541585387162388 0.571871957377174 0.555484157593602 0.538779190049136 0.521823963102762 0.516558040598262 0.512473905050686 0.506499705476976 -9999 -9999 -9999 -9999 -9999 -9999 -9999 -9999 -9999 -9999 -9999 -9999 -9999 -9999
0.0813703573341925 0.0833173545684387 0.087332360860033 0.087000518855368 0.0845600810416184 0.0759868937841603 0.0806805581570216 0.097796432111388 0.118343358503927 0.135934174673613 0.13331342566872 0.129314271498491 0.123763996087247 0.119422896358547 0.116057521604477 0.118153500063419 0.120071082905504 0.121746914784618 0.131546665767174 0.142957263602245 0.135713269131149 0.138601854587449 0.158115133984626 0.167296285583401 0.172258464409639 0.195852419321591 0.225442437486151 0.267055204621827 0.304922925037007 0.340781112183842 0.365545174879312 0.39189896342953 0.423092700759107 0.453407857877621 0.483149098528332 0.529646638372146 0.562027180760141 0.545520944646232 0.528185759147032 0.510196495891665 0.498240195466595 0.490953993139785 0.499452209672503 -9999 -9999 -9999 -9999 -9999 -9999 -9999 -9999 -9999 -9999 -9999 -9999 -9999 -9999
0.0795333997145379 0.0796430725007062 0.0821241378758308 0.0790197848373309 0.0748283226235957 0.0693107757397435 0.0734840558558327 0.086731190671274 0.112241734223197 0.135413470674093 0.132067020073748 0.127434192789589 0.121353804042088 0.118652795249166 0.117529882654158 0.122039551827243 0.12641050807776 0.130593488955352 0.137657055102952 0.145308857739316 0.146610309884901 0.150999665748445 0.160455397065999 0.167181512929943 0.173087826448315 0.203621919555289 0.23706992005292 0.276360616934334 0.308649933699203 0.33718241982388 0.36931553615895 0.401642722748454 0.434164313741979 0.460258922260229 0.482155221922446 0.523663581814634 0.553447554107604 0.541131237856379 0.524409998341777 0.504213079400513 0.492025505162618 0.483119039629601 -9999 -9999 -9999 -9999 -9999 -9999 -9999 -9999 -9999 -9999 -9999 -9999 -9999 -9999 -9999
0.079368618837175 0.0769725759393622 0.076985411878066 0.069772062335386 0.0631986489911321 0.0631770436904715 0.0696012172636479 0.082060795341074 0.110247978610875 0.136064744555898 0.131368491430836 0.125705120538357 0.118953450683185 0.117926068369631 0.119140242979183 0.126277621489815 0.133633912743881 0.141286861323193 0.144856206281648 0.147520178478653 0.15807979987183 0.162717545832131 0.157639171383512 0.162852307473493 0.172996467913992 0.213287494511876 0.251434374816324 0.285282012174642 0.310214122802411 0.330362301771386 0.371560472026147 0.411228493388901 0.445408118359164 0.467879038249112 0.482701460508875 0.517008815317581 0.538695172727442 0.515489862908691 -9999 0.497625659594254 -9999 -9999 -9999 -9999 -9999 -9999 -9999 -9999 -9999 -9999 -9999 -9999 -9999 -9999 -9999 -9999 -9999
0.0757893099567822 0.0712819648034077 0.0721844521435814 0.0704132944446479 0.0678765679063769 0.0637145056566614 0.0685965214242419 0.0819468185695671 0.108749557501646 0.133190184881854 0.129672240871292 0.124735432629683 0.118201974504398 0.119328628224662 0.122380243028149 0.124349479798641 0.128033382533954 0.134040897000725 0.144385034189148 0.155518772354134 0.155606106597851 0.156511289975183 0.158758332151911 0.168112099417299 0.180916456617224 0.217580479841835 0.251298700689862 0.279110272291524 0.303588981298324 0.326279328566795 0.348170692038495 0.372181836583949 0.401527021017227 0.423915976287451 0.441760901974245 0.471065808326655 0.495643908456003 0.50231368500272 -9999 -9999 -9999 -9999 -9999 -9999 -9999 -9999 -9999 -9999 -9999 -9999 -9999 -9999 -9999 -9999 -9999 -9999 -9999
0.0763865357998395 0.0698911764720122 0.0689673292341594 0.0704687388810843 0.0706274497632975 0.0640304231306035 0.0678617750899666 0.0814575766772856 0.107314915013543 0.130945942711144 0.128686060269233 0.124245978266707 0.117352514680037 0.119930377054478 0.124373608634042 0.123163450704899 0.124723657244225 0.130038094351731 0.144862548224626 0.161451608010708 0.154328165977248 0.152671826789642 0.159985454995027 0.172042932721779 0.186418984171293 0.217741198176123 0.246671434097015 0.270805497790226 0.294980943334236 0.31917859372964 0.331478518783935 0.346955499249964 0.371283078494336 0.389786778589711 0.404486136055904 0.437102405412971 0.45960014764818 0.445503134439128 -9999 -9999 -9999 -9999 -9999 -9999 -9999 -9999 -9999 -9999 -9999 -9999 -9999 -9999 -9999 -9999 -9999 -9999 -9999
0.0837328672261365 0.0754487221109413 0.0683096204483529 0.0695775749172455 0.0702643202613706 0.0639883339630182 0.0675632558752797 0.0803619220314852 0.105983336111987 0.129720267285987 0.128847323045929 0.124532561245484 0.116344717378988 0.119238048731998 0.124352465074533 0.12317664455706 0.125115776976931 0.131276105441191 0.146873099399035 0.164046264709836 0.154982511676152 0.152657001657095 0.161387040039342 0.173826224399892 0.188014995529658 0.211224345725394 0.234785941774041 0.259053828481618 0.283168627552454 0.30720128220108 0.32560939812914 0.344062220654829 0.363076208286911 0.371548694603009 0.373135137818624 0.422497542082051 0.45960014764818 0.445503134439128 0.439285754789978 -9999 -9999 -9999 -9999 -9999 -9999 -9999 -9999 -9999 -9999 -9999 -9999 -9999 -9999 -9999 -9999 -9999 -9999
0.082585155083522 0.0733649033030027 0.0634007753485406 0.0662691695638783 0.0686006272215581 0.0617190710085179 0.0635080786444622 0.073415633492901 0.101267450244429 0.127470428432405 0.124726865709862 0.120576909308595 0.114844336153443 0.119018035990851 0.125529349022361 0.129368357716405 0.132411487007153 0.13437608861014 0.144245364912556 0.155643673198573 0.148297067216843 0.147294823228215 0.156701880438413 0.170449460828922 0.186097621673537 0.202487480581165 0.22030721356657 0.240993997210578 0.266554285788589 0.294729620594117 0.308800227881087 0.322580513973528 0.336767529653542 0.34999187600651 0.362587376213295 0.347038046294805 0.348610496841738 0.411533879192019 0.439285754789978 -9999 -9999 -9999 -9999 -9999 -9999 -9999 -9999 -9999 -9999 -9999 -9999 -9999 -9999 -9999 -9999 -9999 -9999
0.0778991093199626 0.0681539243409227 0.0569072612427174 0.062057055087314 0.0664188112148916 0.0585968551686132 0.057958671937247 0.0640469023252822 0.0948595024515851 0.124278423995048 0.118694058564698 0.11490531887779 0.113137199326104 0.118928429023483 0.127063684512011 0.137856076031439 0.142268340969516 0.138034643792072 0.139587349600907 0.142677624484907 0.138523686233301 0.139626012207833 0.149352379113505 0.164756347312315 0.182519735153897 0.192789053458286 0.204801597997674 0.220309497829414 0.247830942519919 0.281798666754095 0.287169105291005 0.293120793885119 0.302805621584353 0.298274077162953 0.284455947442101 0.333450340971868 0.333450340971868 -9999 -9999 -9999 -9999 -9999 -9999 -9999 -9999 -9999 -9999 -9999 -9999 -9999 -9999 -9999 -9999 -9999 -9999 -9999 -9999
0.0784009657691896 0.0706089327308481 0.0629863879470991 0.0648519356633153 0.0662982755365144 0.060842987747445 0.0584897226293924 0.0590409880525488 0.0753959819166809 0.0940925730308756 0.108379830203147 0.114569598912392 0.111647252642862 0.114995952424404 0.120279822359893 0.127689397668773 0.131050974147459 0.128926947153666 0.132505187282179 0.137372741045278 0.131603163005596 0.130985223821101 0.138819664965711 0.153276276391159 0.170536019915629 0.182476122320585 0.193738992964903 0.203643941400869 0.226220288609868 0.255595909443812 0.258038983868132 0.262440532944653 0.273866025678854 0.280182259883825 0.28316096432058 -9999 -9999 -9999 -9999 -9999 -9999 -9999 -9999 -9999 -9999 -9999 -9999 -9999 -9999 -9999 -9999 -9999 -9999 -9999 -9999 -9999 -9999
0.0778172732544569 0.0719643255622248 0.0674322790902225 0.0664760029407111 0.0655032162761969 0.0625009823735224 0.0588940932484774 0.0547210446376602 0.0611511276267575 0.072224380183978 0.0974130481997819 0.110269563274555 0.109248689570371 0.111935111173548 0.115657196838429 0.119727544359532 0.121810834837184 0.121201385648938 0.126431616073444 0.132785520786827 0.12519973970667 0.123251488375011 0.130552826715764 0.144170606022349 0.160463988182121 0.171809290409024 0.181624379986182 0.188371229322162 0.206440119163467 0.230584238169862 0.232094049682677 0.236421467408059 0.249564866129921 0.252128864606074 0.247782063198461 -9999 -9999 -9999 -9999 -9999 -9999 -9999 -9999 -9999 -9999 -9999 -9999 -9999 -9999 -9999 -9999 -9999 -9999 -9999 -9999 -9999 -9999
0.0750916996086061 0.0711500826659342 0.0686556565122053 0.0657899552480759 0.0633772641859678 0.0629985304188176 0.0590485132276698 0.0517545805090079 0.0572031490474919 0.0667676395773337 0.0851587219410706 0.0981475930962236 0.105057348498755 0.110594081158808 0.115298876394636 0.11611599982137 0.11647193484454 0.116202895203888 0.12234808155511 0.129614311484395 0.119816598879679 0.117307446109962 0.126756755784642 0.139749831415621 0.154163871823654 0.160444181943403 0.167434065179146 0.175846718504337 0.190271652425708 0.207922681714731 0.212433762868646 0.21959933984061 0.234415738999482 0.242851026919459 0.247117970530322 -9999 -9999 -9999 -9999 -9999 -9999 -9999 -9999 -9999 -9999 -9999 -9999 -9999 -9999 -9999 -9999 -9999 -9999 -9999 -9999 -9999 -9999
0.0754121638883926 0.0710449459901541 0.067627850120571 0.0638747249596487 0.0609535365151052 0.0615778242870254 0.0581821493322898 0.051022444983705 0.0539587865537187 0.0608569697830393 0.0786430477513844 0.0912678159887006 0.0980845552396268 0.106050248607062 0.11326332343592 0.111584466417255 0.110892058599571 0.111536427147028 0.116023129333362 0.121261239270155 0.117514274829919 0.118017208573069 0.125493021591285 0.139293924948621 0.155586069785507 0.154354904242473 0.155519152303846 0.161486461179369 0.173005984993552 0.187504740167163 0.195909858903615 0.207477066508506 0.227393280551029 0.235262657040218 -9999 -9999 -9999 -9999 -9999 -9999 -9999 -9999 -9999 -9999 -9999 -9999 -9999 -9999 -9999 -9999 -9999 -9999 -9999 -9999 -9999 -9999 -9999
0.0773414491426396 0.0713143368115783 0.065411039578256 0.0613102792675301 0.0583725331925597 0.0591439569176563 0.0567766396521573 0.051470411219661 0.0510860518413269 0.0547065489364468 0.0751583482373819 0.0871567996026066 0.0896426868317399 0.099814796967049 0.110341909265054 0.106567023966717 0.105184906313215 0.107045322823369 0.108514331111723 0.110171270817975 0.116839140844985 0.12224130042667 0.12556678763843 0.140932136539206 0.161086950138456 0.151052153629897 0.1448060348239 0.146156620560764 0.15516081082726 0.168271805113282 0.181042493246575 0.197837107663392 0.2246630716895 -9999 -9999 -9999 -9999 -9999 -9999 -9999 -9999 -9999 -9999 -9999 -9999 -9999 -9999 -9999 -9999 -9999 -9999 -9999 -9999 -9999 -9999 -9999 -9999
0.0759401114369775 0.0709873687834119 0.0652104733805006 0.06355000317638 0.0626951030588365 0.0628352001557884 0.0599103216865749 0.0541156011549019 0.0524653048289897 0.0544968443098618 0.072421563870311 0.0830886247642155 0.0855886323121057 0.0936274737451051 0.102313559552414 0.103974653254819 0.105442222917538 0.106647540492584 0.109143859146827 0.11232279415888 0.119144035586713 0.126212198474533 0.133685489545811 0.136513048836566 0.137205523222213 0.130362001926285 0.127376958606146 0.132128576851961 0.143636693811294 0.158770241894898 0.171365087861694 0.180508566912076 0.181274518607817 -9999 -9999 -9999 -9999 -9999 -9999 -9999 -9999 -9999 -9999 -9999 -9999 -9999 -9999 -9999 -9999 -9999 -9999 -9999 -9999 -9999 -9999 -9999 -9999
0.0744775863483112 0.0708653473352623 0.0657201297420911 0.0652486354119957 0.0652589089708082 0.064650115338344 0.0615675818795457 0.0561688007209078 0.0531798940622628 0.0533422741915025 0.0683615218962011 0.0783538581180408 0.082689403888237 0.0896582027685718 0.0970624704462175 0.10219793389103 0.105693472586753 0.106966684331411 0.110189645697684 0.114259291496392 0.120976569548415 0.1286179174125 0.137775402125798 0.131074378596144 0.117596889281057 0.112604860393958 0.111804105726526 0.119407304734908 0.132873317569226 0.149485224249099 0.163441170685925 0.173332917070647 -9999 -9999 -9999 -9999 -9999 -9999 -9999 -9999 -9999 -9999 -9999 -9999 -9999 -9999 -9999 -9999 -9999 -9999 -9999 -9999 -9999 -9999 -9999 -9999 -9999
0.0730964860094398 0.0712853847531714 0.0678251710688814 0.0652922296666064 0.0630471815230425 0.0614562429960435 0.0593030336510409 0.0566233507961631 0.0519758246490475 0.0494673931348438 0.0610167244058485 0.0719875448714522 0.0823073663267644 0.0911046047272172 0.098950681550541 0.102245832425891 0.105516379797227 0.108753585986237 0.111688174729867 0.114752410122634 0.12144845339409 0.127217240467005 0.131464662732929 0.123564682682914 0.110464374471406 0.103218948703138 0.10123188559882 0.10978840278116 0.123530294134137 0.140054575850279 0.159441445790282 -9999 -9999 -9999 -9999 -9999 -9999 -9999 -9999 -9999 -9999 -9999 -9999 -9999 -9999 -9999 -9999 -9999 -9999 -9999 -9999 -9999 -9999 -9999 -9999 -9999 -9999
0.0749499886067069 0.0713205342986253 0.0672683305965736 0.0644022537306912 0.0618897513170126 0.0601546253580531 0.0591872246819286 0.0589386715990494 0.0525528144344755 0.047668250415231 0.057893471199011 0.0695710267323406 0.0828828965701605 0.0912731099527044 0.0979950542772022 0.10179540572348 0.104888930061499 0.107024605002284 0.109908226625754 0.113354828935146 0.12150557284412 0.127414339029898 0.129644654738359 0.120046048997909 0.105442229750385 0.100468398311926 0.100110809503752 0.109009281546758 0.121696723591399 0.136417267447391 -9999 -9999 -9999 -9999 -9999 -9999 -9999 -9999 -9999 -9999 -9999 -9999 -9999 -9999 -9999 -9999 -9999 -9999 -9999 -9999 -9999 -9999 -9999 -9999 -9999 -9999 -9999
0.0788849375422395 0.0711080109554492 0.0649985861811801 0.0629115313374986 0.0614107546549386 0.0600706615412929 0.060454115707731 0.0624513864851807 0.0542759044431586 0.0472048320630732 0.0574867547864045 0.0696961765276466 0.0840746155824522 0.0906192967890638 0.0952094351641632 0.101024309912412 0.103971678506167 0.10303317598723 0.106018599415686 0.11074059448859 0.121295794053591 0.128639595931533 0.130714403727773 0.119095638376056 0.101778094707859 0.101987660553923 0.105071484253391 0.113918502768176 0.124695438041209 0.136507936344634 -9999 -9999 -9999 -9999 -9999 -9999 -9999 -9999 -9999 -9999 -9999 -9999 -9999 -9999 -9999 -9999 -9999 -9999 -9999 -9999 -9999 -9999 -9999 -9999 -9999 -9999 -9999
0.0770807822029208 0.0695320496244889 0.0647472000653032 0.0630643792880049 0.0621320311576241 0.06252888967567 0.0624169547906509 0.061828619139069 0.0572810404200233 0.0536808110116376 0.0597105191459995 0.0697053766415458 0.0841622222031587 0.0856861962752572 0.0844513469326317 0.0891613422007533 0.0918029778827799 0.0916416976046558 0.0958627771099685 0.101842520097991 0.111537223718821 0.120547993978963 0.128436623295842 0.129084254183195 0.126423826056121 0.113338265240054 0.107131695126073 0.114718238076708 -9999 -9999 -9999 -9999 -9999 -9999 -9999 -9999 -9999 -9999 -9999 -9999 -9999 -9999 -9999 -9999 -9999 -9999 -9999 -9999 -9999 -9999 -9999 -9999 -9999 -9999 -9999 -9999 -9999
0.078126792798653 0.0706601411066724 0.0658759715240606 0.0638208725737006 0.0628435031585242 0.0647221773660223 0.0642691023697865 0.061632730378347 0.0605786164194687 0.0594645864669968 0.0562731823058835 -9999 -9999 -9999 0.075845860472094 0.0795341440101711 0.0819000279963045 0.0824738759966463 0.0874564961160675 0.0940778127343268 0.102414538570035 0.112361425821572 0.124950131931225 0.134555400662185 0.142420446571366 0.120773979528986 0.106330738979567 -9999 -9999 -9999 -9999 -9999 -9999 -9999 -9999 -9999 -9999 -9999 -9999 -9999 -9999 -9999 -9999 -9999 -9999 -9999 -9999 -9999 -9999 -9999 -9999 -9999 -9999 -9999 -9999 -9999 -9999
0.0893860540471001 0.0804773043112006 0.0707742524188525 0.0660395380628024 0.0632304257770895 0.0654736309351344 0.0656086252811398 0.0637696293181482 0.0644654521922009 0.0644932708009961 0.0580140241882869 0.0545834024246589 -9999 -9999 0.075845860472094 0.0795341440101711 0.0817560319498145 0.0819907491603563 0.0859920444093591 0.0913554433550182 0.0975975304526941 0.106165535366306 0.118549712676153 0.123386965692786 0.124753203341152 0.113703480463013 -9999 -9999 -9999 -9999 -9999 -9999 -9999 -9999 -9999 -9999 -9999 -9999 -9999 -9999 -9999 -9999 -9999 -9999 -9999 -9999 -9999 -9999 -9999 -9999 -9999 -9999 -9999 -9999 -9999 -9999 -9999
0.0956170117486614 0.0866895463287894 0.0780572317258937 0.0707819034797126 0.0653359578225754 0.0665358773606675 0.0668091923981762 0.0662148957651729 0.0668980311352904 0.0666494014396779 0.0598140475797618 0.056786286172616 0.0580432138243538 0.0657676489050944 -9999 -9999 -9999 0.0818016281644289 0.085351407861053 0.0901645202850494 0.0954902902894856 0.103455091685056 0.11574979617464 0.118501241161208 0.117119062219464 -9999 -9999 -9999 -9999 -9999 -9999 -9999 -9999 -9999 -9999 -9999 -9999 -9999 -9999 -9999 -9999 -9999 -9999 -9999 -9999 -9999 -9999 -9999 -9999 -9999 -9999 -9999 -9999 -9999 -9999 -9999 -9999
0.0979377293978801 0.0900984358678986 0.0871946621728449 0.0774868140066773 0.0687779595845008 0.0678398106024058 0.0679017011000081 0.0688999629653427 0.0681997130971934 0.0665717022374996 0.0616600932340081 0.0588495515716151 0.0584033438971815 0.0657676489050944 0.0742182896083793 -9999 -9999 -9999 0.085351407861053 0.0901645202850494 0.0954902902894856 0.103455091685056 0.11574979617464 0.118501241161208 -9999 -9999 -9999 -9999 -9999 -9999 -9999 -9999 -9999 -9999 -9999 -9999 -9999 -9999 -9999 -9999 -9999 -9999 -9999 -9999 -9999 -9999 -9999 -9999 -9999 -9999 -9999 -9999 -9999 -9999 -9999 -9999 -9999
0.109652259318804 0.101241832673283 0.0921322171451179 0.0854269661417285 0.0790428139334423 0.0726361441881907 0.0696472116390755 0.0698584240021028 0.0684236115526493 0.0665838497251971 0.0643082154843697 0.0619197446200669 0.05940429854714 0.0653140559239743 0.0726170066032515 0.0726599235455926 -9999 -9999 -9999 -9999 -9999 -9999 -9999 -9999 -9999 -9999 -9999 -9999 -9999 -9999 -9999 -9999 -9999 -9999 -9999 -9999 -9999 -9999 -9999 -9999 -9999 -9999 -9999 -9999 -9999 -9999 -9999 -9999 -9999 -9999 -9999 -9999 -9999 -9999 -9999 -9999 -9999
