layers/veg_sum/veg1600.asc
NCOLS 255 
NROWS 330 
XLLCORNER -2985163.8955 
YLLCORNER -3022031.214 
CELLSIZE 25000 
NODATA_value -9999 
[rows 200 to 224 of 330, columns 114 to 170 of 255]
0.0657728983901874 0.0536080888880624 0.0389580451473784 0.0384351392464818 0.040488733728578 0.045197002174557 0.0496923198332796 0.0539882443440605 0.0851098047787338 0.115876941807129 0.115100010274879 0.114109133818503 0.112877504842795 0.108319361479527 0.103958414186431 0.108728276013266 0.113684308881925 0.118892629499754 0.12673395803139 0.134349684790472 0.124340738896452 0.122728818684888 0.134894039436909 0.148443354644435 0.162862282577671 0.195135311292127 0.2271308664707 0.258570057493741 0.29731159449439 0.339971455690741 0.374872466834284 0.411639340407854 0.453665828139217 0.496355637794243 0.539478750374433 0.591364432277168 0.625628919834508 0.602070264878685 0.572619520268478 0.538519656123759 0.51409938586679 0.495358334258012 0.494455761484338 -9999 -9999 -9999 -9999 -9999 -9999 -9999 -9999 -9999 -9999 -9999 -9999 -9999 -9999
0.0645002585663265 0.0559145767360731 0.0500858423153711 0.0414729142379892 0.0360927457993171 0.0453011929888631 0.0498155178866005 0.0499345745975135 0.0817065268918267 0.114001219561997 0.114304907415463 0.113523040506456 0.11151959732024 0.10845226545775 0.105993993020665 0.111032980349789 0.115251598507283 0.118358501922407 0.128406354896288 0.139645868635031 0.132088153554788 0.134194412255102 0.152156514926608 0.162221424993465 0.169168153296752 0.197476117024397 0.230381556382184 0.272505426746011 0.305736877618608 0.334196795814218 0.371915961964677 0.409118845180377 0.44429733756546 0.482869694177711 0.523659030577275 0.575974632319015 0.610864736114164 0.587820874726347 0.561575845235702 0.532804952420991 0.509760583675834 0.492107139458943 0.49339103678654 -9999 -9999 -9999 -9999 -9999 -9999 -9999 -9999 -9999 -9999 -9999 -9999 -9999 -9999
0.0670713692008409 0.0571525062414238 0.0521493815565044 0.0455591101563949 0.0406955378032777 0.0436790267256169 0.0474072771681611 0.0518328734430117 0.0836120072259838 0.115089383653659 0.114733396808841 0.112559616426575 0.108340270459802 0.106902091157114 0.107219651242577 0.116003703549183 0.122864099616985 0.12711767295926 0.134168035284216 0.141815028198979 0.143691385120406 0.148157520303247 0.156872748143561 0.16478907843581 0.17275718497276 0.207432784127489 0.244281685793856 0.285488291746339 0.315196845162954 0.338735724122497 0.372353402882479 0.407658556584951 0.446352640584858 0.47997377421805 0.510281095726698 0.548149420629656 0.576904489642096 0.574957565642705 0.558193842169145 0.529739008085436 0.507825204614061 0.490923446876523 -9999 -9999 -9999 -9999 -9999 -9999 -9999 -9999 -9999 -9999 -9999 -9999 -9999 -9999 -9999
0.070887733101339 0.0580113058098435 0.0510987774164689 0.0496864204415457 0.0478999456927298 0.0415829821406591 0.0441599237364519 0.0550645346861627 0.0867612145793737 0.116897501137329 0.115439185468629 0.111481685656183 0.104711850466546 0.105124930593933 0.108588603295336 0.121478733958207 0.13158108401682 0.137905602212151 0.140862370168325 0.143291981239839 0.155632369762368 0.161686590297777 0.157426989516637 0.164025854776698 0.175829386243492 0.21957382157197 0.26081778091766 0.297048018128863 0.32402309415419 0.346031996004676 0.372793375696293 0.40474579010934 0.449223699780254 0.477246284689495 0.494519729400887 0.514560235388248 0.524399533898252 0.501370885985367 -9999 0.524052745965568 -9999 -9999 -9999 -9999 -9999 -9999 -9999 -9999 -9999 -9999 -9999 -9999 -9999 -9999 -9999 -9999 -9999
0.0738010649677473 0.0586411783364807 0.0495905690017991 0.0492188216835131 0.0484207632867533 0.0411365677057891 0.0412304374632706 0.0482326436138986 0.0817276342564763 0.11450974700128 0.114122592619558 0.110605094575723 0.10356501647481 0.108379274492217 0.116057076808304 0.12109236213438 0.126438704794075 0.132206573561115 0.140883953583419 0.150177143267357 0.15339173645148 0.156520909870802 0.15950993364842 0.170279934136559 0.184832333501311 0.225804456776982 0.262993404118591 0.292596678552397 0.318492746818855 0.342399586463645 0.356456909315344 0.375423797925724 0.407384705608635 0.424510104910307 0.431944479464311 0.458615956290866 0.481676018683194 0.488295018254915 -9999 -9999 -9999 -9999 -9999 -9999 -9999 -9999 -9999 -9999 -9999 -9999 -9999 -9999 -9999 -9999 -9999 -9999 -9999
0.0788042252059053 0.0626526300716701 0.0500745562990367 0.0489624597465649 0.0481352185517459 0.0421651059376608 0.0410768133103989 0.0445595366788923 0.071475464124595 0.0996265201975124 0.108807677576135 0.110803168143416 0.104712617899021 0.11147106231502 0.120590172921701 0.120615245366682 0.122949350533218 0.12841251735386 0.141390138421423 0.155791499211466 0.151911661457903 0.152719442166525 0.161218277157849 0.175032295305053 0.191445617457283 0.226945566299259 0.259183328466627 0.28488005698685 0.310141812101371 0.335170167316014 0.344462126027197 0.357110531076242 0.37936266006788 0.387016315931187 0.385133785994233 0.420263957163182 0.443717661371218 0.420642367811958 -9999 -9999 -9999 -9999 -9999 -9999 -9999 -9999 -9999 -9999 -9999 -9999 -9999 -9999 -9999 -9999 -9999 -9999 -9999
0.0871844607626508 0.0721285724977818 0.0537778486164495 0.0490474476852832 0.0465466259894521 0.045577106043374 0.0454088663456743 0.0459908929098003 0.0527902709368553 0.0645511317259875 0.0970316409493137 0.112737854874228 0.109567931075081 0.11430016631277 0.120379821821522 0.119991488561755 0.122131215533839 0.127696817010393 0.142679418908228 0.159352285629481 0.151660616922738 0.151122485214139 0.162321281715437 0.177357942630397 0.194197305377192 0.219862215000339 0.245700613599947 0.271886876177196 0.297232926041596 0.322128130956663 0.339483321185909 0.356586904331936 0.37366822612923 0.374153593532947 0.363797957001623 0.410340347316868 0.443717661371218 0.420642367811958 0.410465186415731 -9999 -9999 -9999 -9999 -9999 -9999 -9999 -9999 -9999 -9999 -9999 -9999 -9999 -9999 -9999 -9999 -9999 -9999
0.0896316076491054 0.0761309861223309 0.0562570674838109 0.0497774012970171 0.046542040011315 0.0490615686308237 0.0490828815244135 0.0467650290913741 0.044453388320667 0.0488910603859932 0.0908320316570446 0.111860964167498 0.109357550507002 0.114382462516058 0.121095913595225 0.125041311200621 0.128925379263806 0.132726337236345 0.141613862210398 0.151256363500195 0.145291409859142 0.145901624131784 0.157299826750763 0.173368954656286 0.191471015894339 0.209547711979945 0.228921005490517 0.250894115697517 0.27904877233148 0.31052034972021 0.322260559112217 0.333688178600767 0.34591734966157 0.352784845872989 0.356149925967678 0.341107014810879 0.340259027045333 0.388978039368739 0.410465186415731 -9999 -9999 -9999 -9999 -9999 -9999 -9999 -9999 -9999 -9999 -9999 -9999 -9999 -9999 -9999 -9999 -9999 -9999
0.0894546146629817 0.0777477942674116 0.0582979756028095 0.0508343613162894 0.0472030878138165 0.052475252008103 0.0523903914386877 0.0472895642931529 0.0407390170402799 0.0418352346216038 0.0870275661122572 0.109676893005942 0.106958545614865 0.113224796234735 0.122054308697131 0.132174969963548 0.138546200268042 0.139836428238461 0.139404015000901 0.138316739964104 0.136333521510488 0.139083585492258 0.149599625403937 0.166582143230957 0.186258606947379 0.197847307096112 0.210821973208468 0.226575649508201 0.258515339719271 0.299140190854685 0.299564996940726 0.301149130006642 0.308831926237094 0.303087700818993 0.288572518872826 0.328521135770872 0.328521135770872 -9999 -9999 -9999 -9999 -9999 -9999 -9999 -9999 -9999 -9999 -9999 -9999 -9999 -9999 -9999 -9999 -9999 -9999 -9999 -9999
0.0847251653625567 0.0770546615275017 0.0649222839054431 0.0546226746247303 0.0472068561630308 0.0504355611722884 0.0511501418122092 0.049510661315387 0.0474061425458353 0.0505909830557888 0.0836847853193745 0.101925455720305 0.103451876271366 0.108615881854667 0.114752420549568 0.120864698747654 0.125068205059256 0.126685059020427 0.129881362490928 0.133144517840144 0.12896623063813 0.129786839080248 0.138809219501624 0.154686009391708 0.173453282594906 0.185982107328817 0.197626970596635 0.207499396456904 0.233072397691055 0.267070081152341 0.26439774453044 0.265153357765681 0.277365356008476 0.284083246175102 0.287212210639671 -9999 -9999 -9999 -9999 -9999 -9999 -9999 -9999 -9999 -9999 -9999 -9999 -9999 -9999 -9999 -9999 -9999 -9999 -9999 -9999 -9999 -9999
0.0809386184794608 0.0766438061455048 0.0708119409926661 0.0578382812318766 0.0469544995015065 0.0484339772733457 0.0495328043718887 0.0502752151500577 0.0513147526739745 0.0557668721094568 0.0788572691298936 0.093690379787298 0.0992315546678014 0.104887144379295 0.110343428184815 0.11387174109963 0.11614432370545 0.116715216455992 0.122227119036748 0.128627818157611 0.122274579274156 0.121629101797701 0.130348444254455 0.14512880909634 0.16246258837217 0.174112898750742 0.184026391431657 0.190457378623918 0.210112277999935 0.236862921021945 0.233977079055581 0.235716223643225 0.251325026487997 0.254793027709746 0.25033027213087 -9999 -9999 -9999 -9999 -9999 -9999 -9999 -9999 -9999 -9999 -9999 -9999 -9999 -9999 -9999 -9999 -9999 -9999 -9999 -9999 -9999 -9999
0.0790124988670024 0.0767899081801962 0.0752520682765525 0.0599238884397392 0.0461967862453729 0.0465075816263942 0.0471714403606281 0.0481658844583956 0.0497805755737658 0.0538793918322603 0.0711002427697464 0.0845010433580162 0.093603135999283 0.102895071362925 0.111642367103871 0.115397213089651 0.116206099248561 0.113022798617415 0.118259406761427 0.125404520426472 0.116916022558597 0.115718727134032 0.126484229925669 0.140186525116034 0.155052314898639 0.162235780445466 0.169625574971771 0.177429081198773 0.192050979543319 0.210331520040933 0.212921836359181 0.219219844565678 0.235991134881912 0.245267696779435 0.249648464295242 -9999 -9999 -9999 -9999 -9999 -9999 -9999 -9999 -9999 -9999 -9999 -9999 -9999 -9999 -9999 -9999 -9999 -9999 -9999 -9999 -9999 -9999
0.0770180483716224 0.0753854405459195 0.0739413179819276 0.0613627415113793 0.0494044026556756 0.0460635427169732 0.0451920709788998 0.0466327723638156 0.0474657504390696 0.0504621105411873 0.066151729397235 0.0780866807129407 0.0857964994469949 0.0963754894113016 0.106760353256379 0.109068211579499 0.109760462713134 0.108263340583444 0.112276698395169 0.117660163730872 0.114686962942525 0.116227348345032 0.125173250361904 0.139277817906791 0.155387542415038 0.15542280781416 0.157238470551837 0.162624020625336 0.173305809016248 0.186829475730777 0.194919230986194 0.206859019480226 0.228805369353943 0.237476901470992 -9999 -9999 -9999 -9999 -9999 -9999 -9999 -9999 -9999 -9999 -9999 -9999 -9999 -9999 -9999 -9999 -9999 -9999 -9999 -9999 -9999 -9999 -9999
0.0749875076632078 0.0731620110120544 0.0695931358838467 0.0624599994863477 0.0547063808873858 0.0464024377923525 0.0434144590890762 0.0454040007231275 0.0447386116818198 0.0462368366978349 0.0626865838329586 0.0731379715287212 0.0768393970423749 0.0874646203139125 0.0986137554819185 0.098590725375815 0.0998778167585878 0.102940305637808 0.105229732769579 0.107527926560253 0.114110804799147 0.120126280330309 0.125210808716237 0.140499518482942 0.159813698788698 0.15128455689575 0.14591494519608 0.146880529904473 0.154199438872606 0.164927441883451 0.178528932181026 0.196682463325733 0.225923186531459 -9999 -9999 -9999 -9999 -9999 -9999 -9999 -9999 -9999 -9999 -9999 -9999 -9999 -9999 -9999 -9999 -9999 -9999 -9999 -9999 -9999 -9999 -9999 -9999
0.0731193362389864 0.0723632813500779 0.0711181882486904 0.0678472629438137 0.0626215888565229 0.0506106996946107 0.0448831270273163 0.0450388397496538 0.0440520871740524 0.0440078453011648 0.0504612517831513 0.0599088864061488 0.072725930101868 0.0842729994606814 0.0945517325538261 0.0970528298876437 0.0990358714015492 0.100316874964393 0.104043487543438 0.108805134673699 0.116469975271226 0.124362695867812 0.13262930300334 0.135518158211221 0.135962054451273 0.129457087707675 0.126345804226486 0.130039219133639 0.140308529009469 0.154106360875789 0.165222018480276 0.173430308778709 0.174625020580163 -9999 -9999 -9999 -9999 -9999 -9999 -9999 -9999 -9999 -9999 -9999 -9999 -9999 -9999 -9999 -9999 -9999 -9999 -9999 -9999 -9999 -9999 -9999 -9999
0.0714432298601828 0.0713218067450709 0.0723034247596044 0.0715381062912054 0.067851913368021 0.053324265651616 0.0459207445132963 0.0451877881709151 0.0440702897163473 0.0429000535527644 0.0418606650971432 0.0506626443273439 0.0705391282402116 0.082994058284578 0.0927621727925775 0.0966898016725187 0.099097129989891 0.099444238827199 0.104068849181071 0.110319860225691 0.118800381243074 0.127683169559469 0.13722596458456 0.130252345915437 0.116216776361396 0.110727459425174 0.10899204020029 0.114783587911092 0.127479160389871 0.143879324157403 0.154670731742316 0.162237914276125 -9999 -9999 -9999 -9999 -9999 -9999 -9999 -9999 -9999 -9999 -9999 -9999 -9999 -9999 -9999 -9999 -9999 -9999 -9999 -9999 -9999 -9999 -9999 -9999 -9999
0.0702251079069179 0.0695884972589015 0.0722512491837581 0.0707869311170026 0.0663415179463083 0.0521178163620503 0.0456801794081206 0.0465329026201284 0.0456687613517101 0.0443931048494198 0.0427231836036712 0.0517211242663091 0.072723624704584 0.0859915404128452 0.0962413702287397 0.0985773503673845 0.100738244239871 0.102661871781533 0.106648007519567 0.111623850398872 0.120857003507311 0.128742472173506 0.134416772357268 0.124721639629252 0.108464437710815 0.100792690522158 0.0976224230673766 0.103478104565921 0.116881693576869 0.13433537124747 0.150638051529602 -9999 -9999 -9999 -9999 -9999 -9999 -9999 -9999 -9999 -9999 -9999 -9999 -9999 -9999 -9999 -9999 -9999 -9999 -9999 -9999 -9999 -9999 -9999 -9999 -9999 -9999
0.070469915201822 0.06924606644635 0.0709203332229111 0.0699697087556633 0.0666483811406766 0.0551902045488508 0.0490382803584582 0.0478547828347459 0.0462457419090052 0.0443516316776448 0.0413423598216566 0.0504623464004754 0.0732314042894806 0.0861084571776934 0.095643857480133 0.0994026532140049 0.101762105329447 0.102225251508435 0.104891166296919 0.108846797522563 0.120952900624978 0.129944045245616 0.133824425207192 0.121811610753475 0.103078358832639 0.0975850612325551 0.0963117894546561 0.103500121394776 0.115739605289564 0.130689458013881 -9999 -9999 -9999 -9999 -9999 -9999 -9999 -9999 -9999 -9999 -9999 -9999 -9999 -9999 -9999 -9999 -9999 -9999 -9999 -9999 -9999 -9999 -9999 -9999 -9999 -9999 -9999
0.0716561081279338 0.0697986571802855 0.0687665559883619 0.0691099854510762 0.0681246386523081 0.0610159973336968 0.0547120999400385 0.0491617119677387 0.0461653994792158 0.0433227018075196 0.0385179595994569 0.047712427931655 0.0726602272673387 0.0843717485219884 0.0924230077551534 0.0995444076391282 0.10238876795112 0.099437142613857 0.10034413703962 0.103443619499097 0.119787083628965 0.131237168449178 0.134658603710982 0.12058797105973 0.0992149530107518 0.0987063033351406 0.101474047516167 0.110811312265832 0.120681992716216 0.130838895656318 -9999 -9999 -9999 -9999 -9999 -9999 -9999 -9999 -9999 -9999 -9999 -9999 -9999 -9999 -9999 -9999 -9999 -9999 -9999 -9999 -9999 -9999 -9999 -9999 -9999 -9999 -9999
0.0746350419483998 0.0716908436006389 0.0722153325227126 0.0708083851092683 0.0689226726374652 0.06616291419641 0.0600357046396433 0.0507554347577544 0.0477994162357167 0.0453908385212571 0.0390524675359473 0.0475102736807056 0.0726182384358952 0.078453577650725 0.0794588066682945 0.0832965625273927 0.0853295852792406 0.0849169427492237 0.0891800071829336 0.0954252053899448 0.107271651241675 0.118928522490701 0.130274355507462 0.131004898795205 0.126929403527709 0.110483071668968 0.102507854744127 0.111518130477564 -9999 -9999 -9999 -9999 -9999 -9999 -9999 -9999 -9999 -9999 -9999 -9999 -9999 -9999 -9999 -9999 -9999 -9999 -9999 -9999 -9999 -9999 -9999 -9999 -9999 -9999 -9999 -9999 -9999
0.0794217922669184 0.0748181999414833 0.075041463100215 0.0725721141610553 0.0703432336339092 0.0705638249756671 0.064758027914141 0.0533095160736191 0.0502462065302206 0.0485197194151306 0.0449784001483599 -9999 -9999 -9999 0.0690804790453393 0.0700390828191796 0.0714675093404265 0.0735326112666661 0.0800736924420051 0.0881393613942852 0.0957926682541855 0.10702613396042 0.124133626371256 0.135530466771975 0.143923274739984 0.117683034287493 0.100174675801652 -9999 -9999 -9999 -9999 -9999 -9999 -9999 -9999 -9999 -9999 -9999 -9999 -9999 -9999 -9999 -9999 -9999 -9999 -9999 -9999 -9999 -9999 -9999 -9999 -9999 -9999 -9999 -9999 -9999 -9999
0.089354717838805 0.0814334956477467 0.074570272421415 0.0739105507341566 0.0738535115863118 0.0728262040141379 0.0677084069779599 0.0587605439375254 0.0547839659524787 0.0514203315025836 0.045982540927749 0.0431033477426206 -9999 -9999 0.0690804790453393 0.0700390828191796 0.0718194740888436 0.0747135021281398 0.0789477193960984 0.0837581119772586 0.0902984863317212 0.0997135509702104 0.113845168203319 0.118999503819849 0.120051815017308 0.108129583787419 -9999 -9999 -9999 -9999 -9999 -9999 -9999 -9999 -9999 -9999 -9999 -9999 -9999 -9999 -9999 -9999 -9999 -9999 -9999 -9999 -9999 -9999 -9999 -9999 -9999 -9999 -9999 -9999 -9999 -9999 -9999
0.0999440788011838 0.0897820564761376 0.076253180370279 0.0749771537334739 0.0748466110412805 0.0726182264611151 0.0683089219488616 0.0620511805173577 0.0581362654343968 0.054334242082399 0.0485767452801663 0.0457810843061277 0.0463183812903495 0.0536284573248345 -9999 -9999 -9999 0.0760682545274509 0.0784551531460056 0.0818414980725908 0.0878950108695742 0.09651460087538 0.109344396823898 0.111767896934273 0.109692453788185 -9999 -9999 -9999 -9999 -9999 -9999 -9999 -9999 -9999 -9999 -9999 -9999 -9999 -9999 -9999 -9999 -9999 -9999 -9999 -9999 -9999 -9999 -9999 -9999 -9999 -9999 -9999 -9999 -9999 -9999 -9999 -9999
0.111043914107791 0.0994784839634672 0.07961121446299 0.0758323664462124 0.073882236750326 0.0704891860292194 0.0670820745483374 0.0636617974943659 0.0605666967562204 0.0572584941813743 0.0524074561821688 0.0488858647231532 0.0468603012964912 0.0536284573248345 0.061782034796372 -9999 -9999 -9999 0.0784551531460056 0.0818414980725908 0.0878950108695742 0.09651460087538 0.109344396823898 0.111767896934273 -9999 -9999 -9999 -9999 -9999 -9999 -9999 -9999 -9999 -9999 -9999 -9999 -9999 -9999 -9999 -9999 -9999 -9999 -9999 -9999 -9999 -9999 -9999 -9999 -9999 -9999 -9999 -9999 -9999 -9999 -9999 -9999 -9999
0.111874467159279 0.106927303495449 0.0968446313785942 0.0869317803293823 0.0780625447825918 0.0733163071450923 0.0692285228993361 0.0657572712160752 0.0634469193108551 0.0609798785366497 0.0563621688327544 0.0525038858719247 0.0495001868765272 0.0519025361599356 0.0553623372947438 0.0555343954422684 -9999 -9999 -9999 -9999 -9999 -9999 -9999 -9999 -9999 -9999 -9999 -9999 -9999 -9999 -9999 -9999 -9999 -9999 -9999 -9999 -9999 -9999 -9999 -9999 -9999 -9999 -9999 -9999 -9999 -9999 -9999 -9999 -9999 -9999 -9999 -9999 -9999 -9999 -9999 -9999 -9999
