layers/veg_sum/veg2500.asc
NCOLS 255 
NROWS 330 
XLLCORNER -2985163.8955 
YLLCORNER -3022031.214 
CELLSIZE 25000 
NODATA_value -9999 
[rows 125 to 149 of 330, columns 171 to 227 of 255]
0.424808606689753 0.420183861270469 0.445213900325975 0.443677578242106 0.429337928890303 0.323306595926843 0.257918816705004 0.275286632861182 0.284485818631631 0.289235920372529 0.305270744190582 0.315065185989292 0.308062284945632 0.312002586382581 0.323193611084626 0.344466313455162 0.364570778583165 0.378092096524721 0.351243929248277 0.292100413000494 0.296950804029977 0.305568693681497 0.29101234358457 0.262585303874405 0.220812266799347 0.225858603430612 0.252718392141938 0.350323316017326 0.408754198048066 0.421881501728237 0.422703395943072 0.424317018496059 0.46407061519241 0.502992305799191 0.540754756818405 0.583157050831236 0.624728180488872 0.622434540954836 0.632202651883617 0.662343142565809 0.671686026514474 -9999 -9999 -9999 -9999 -9999 -9999 -9999 -9999 -9999 -9999 -9999 -9999 -9999 -9999 -9999 -9999
0.383836488243577 0.346855605811163 0.397063521277495 0.420044633747027 0.429666125757662 0.324565402142216 0.25984978321957 0.277363523582348 0.291465425841468 0.303709053983433 0.315190484187772 0.323087015787031 0.321990010338578 0.327914019912772 0.338489998328766 0.354494191022337 0.37135503153092 0.389440288877356 0.361843099206062 0.297700222604768 0.289497675000334 0.29033592736187 0.295164162492668 0.287963425839322 0.269188742236696 0.231901712058341 0.216386884629283 0.351140166480102 0.427721532279573 0.437028860667078 0.411934496089656 0.385471437540356 0.433315171402615 0.477337880267048 0.516036089770203 0.564847822685384 0.614040330080194 0.606136765857593 -9999 0.689845495739077 0.689845495739077 -9999 -9999 -9999 -9999 -9999 -9999 -9999 -9999 -9999 -9999 -9999 -9999 -9999 -9999 -9999 -9999
0.347483956224497 0.290001910801675 0.324547674196872 0.368200177019232 0.414386874065174 0.33029688556043 0.277979063922844 0.290353532783683 0.305287078101964 0.321614436784245 0.321596410435226 0.323995106623077 0.333983233789529 0.333551694375006 0.326216314971496 0.352967580797818 0.380899629176811 0.403043081453842 0.381895387762056 0.32611503381012 0.294121304046151 0.274008720343997 0.289499340394982 0.29965762491513 0.304685282341199 0.245633962796224 0.204272618901023 0.344875607453952 0.42243412573944 0.427083647050412 0.403393101196237 0.380963588605472 0.441298714511507 0.483595796574494 0.500757331768338 0.538728465903076 0.582345839304849 0.593909254466714 -9999 -9999 -9999 -9999 -9999 -9999 -9999 -9999 -9999 -9999 -9999 -9999 -9999 -9999 -9999 -9999 -9999 -9999 -9999
0.35882548108876 0.348437275434385 0.370552770861698 0.387640531919654 0.40156775113487 0.333841442117733 0.291742309249076 0.301823461438832 0.312871241343808 0.324445499706889 0.332886972499744 0.342122375386629 0.353648477909656 0.356129203895424 0.35261666399614 0.378158970630153 0.402767814060848 0.416215365620306 0.40590412458098 0.37658599024163 0.322297661594519 0.279096354578604 0.29791442326087 0.328115717653924 0.369269639823693 0.327198758886567 0.291099309554837 0.391625519550091 0.448294528492178 0.454244029040719 0.441018528799326 0.428616074823193 0.471940257240156 0.503522275905617 0.518741893531966 0.545018658390384 0.573636057993521 -9999 -9999 -9999 -9999 -9999 -9999 -9999 -9999 -9999 -9999 -9999 -9999 -9999 -9999 -9999 -9999 -9999 -9999 -9999 -9999
0.382681848077778 0.437468110301273 0.446781167994103 0.424811946758324 0.388813230829037 0.336098964907339 0.303636249557881 0.312408341961406 0.318606377790341 0.323402441262053 0.345479748933643 0.364539839676364 0.374407723725736 0.382998383611387 0.390742783092459 0.410229497263896 0.426332073959219 0.42827181484625 0.42921477786651 0.429360324499604 0.357393486154127 0.294605685361514 0.314568444074167 0.362704005747906 0.437946666244 0.425419080454448 0.405934109895649 0.452813523423033 0.481336954250859 0.488632253865448 0.490163887675684 0.491844449771597 0.509387052774914 0.527817256715558 0.547484309571493 0.56204223417208 -9999 -9999 -9999 -9999 -9999 -9999 -9999 -9999 -9999 -9999 -9999 -9999 -9999 -9999 -9999 -9999 -9999 -9999 -9999 -9999 -9999
0.365629000306332 0.432106331390185 0.409889227240836 0.388103790365695 0.366352239859758 0.330906592559516 0.309812413360963 0.317939701725363 0.326915356201439 0.336353077381533 0.354150747220206 0.369205177317182 0.376567795072843 0.39333279038033 0.416327592527547 0.417661753434558 0.419219874536984 0.427583896932563 0.426428449931035 0.417657483817947 0.381953902954698 0.354544277922214 0.378568488248376 0.405552854621672 0.435385402008766 0.450502423210902 0.462658921855091 0.475422248781572 0.474702716567645 0.458390671130815 0.491940617070522 0.535034788995167 0.538642357640136 0.550612243377334 0.574234801379623 0.57767770341509 -9999 -9999 -9999 -9999 -9999 -9999 -9999 -9999 -9999 -9999 -9999 -9999 -9999 -9999 -9999 -9999 -9999 -9999 -9999 -9999 -9999
0.353911837931735 0.420889263596378 0.374510992768276 0.357139754541811 0.352384621145655 0.328865272701886 0.316223274083683 0.32572898348019 0.33512566329058 0.344462959609805 0.356262495242291 0.366892454342568 0.374342802370303 0.399649161341412 0.436786517152647 0.430897778397646 0.426130099996042 0.437052045711584 0.434267059989595 0.420516610335855 0.406877648739082 0.400206028561717 0.422860738128363 0.433676568806691 0.433101354709858 0.465477013354119 0.497295525124987 0.485616684139254 0.468688096924401 0.445688339148321 0.490936559713082 0.549974223580658 0.561514555836231 0.577746447539 0.600515905809432 0.61114218597305 -9999 -9999 -9999 -9999 -9999 -9999 -9999 -9999 -9999 -9999 -9999 -9999 -9999 -9999 -9999 -9999 -9999 -9999 -9999 -9999 -9999
0.350572949213665 0.40047802318017 0.341509631089387 0.335195331094149 0.351753582782161 0.331771842029125 0.323002663846781 0.337063730705259 0.34318103333304 0.344971726369686 0.348074686673222 0.353622544600073 0.365232233799471 0.399656276591904 0.449196604097911 0.45324707739501 0.455058811225076 0.462467593877329 0.458789307008877 0.446241430218557 0.432371905981194 0.423449799191114 0.436207142913909 0.438678378517279 0.431252602819508 0.464578498278304 0.497248476114184 0.476317781501387 0.463646422482249 0.460526731852981 0.485566016954387 0.520553132292173 0.574363784071552 0.611694237766054 0.626059962303692 0.624262418458059 -9999 -9999 -9999 -9999 -9999 -9999 -9999 -9999 -9999 -9999 -9999 -9999 -9999 -9999 -9999 -9999 -9999 -9999 -9999 -9999 -9999
0.344221638285213 0.381274521163208 0.334274804889883 0.343380844897219 0.376671407181261 0.354686849153344 0.341715377467572 0.34709572932507 0.357768140810929 0.371322898157008 0.368659253748721 0.369148279203213 0.379075697726983 0.411379197756029 0.458508593133306 0.46617843054022 0.471095482969932 0.478264891231476 0.458355492761341 0.416783209357093 0.403534878774958 0.399340100902654 0.416049161715997 0.430941343122222 0.444085372961665 0.457777724941354 0.466724357473326 0.447173983534186 0.4379019520888 0.440516508612211 0.481975775376646 0.53461454469746 0.590272882800448 0.624947107246378 0.630380512847214 0.631412373088098 -9999 -9999 -9999 -9999 -9999 -9999 -9999 -9999 -9999 -9999 -9999 -9999 -9999 -9999 -9999 -9999 -9999 -9999 -9999 -9999 -9999
0.336888624920675 0.362825614480762 0.337772075564109 0.36404898637917 0.412183960036368 0.386377283511865 0.366309353201777 0.357926261346425 0.376532582013973 0.409838816688208 0.403093881854775 0.398752623182643 0.404114273063828 0.429557128506504 0.46830534539286 0.476007037930992 0.48175795044325 0.489971449904475 0.448275961467876 0.366653578440909 0.353984442971795 0.356905741621933 0.383504652056392 0.418867132017926 0.462661678378219 0.449460790305426 0.426158627791642 0.413212370539028 0.407490218521325 0.410122522722879 0.481251492319155 0.566579530864911 0.607479658804755 0.629963823669075 0.626785821002759 0.63796191818967 -9999 -9999 -9999 -9999 -9999 -9999 -9999 -9999 -9999 -9999 -9999 -9999 -9999 -9999 -9999 -9999 -9999 -9999 -9999 -9999 -9999
0.3398825742718 0.354244514644123 0.34354860383711 0.384787159967017 0.448144258293979 0.436974769410408 0.427303068602861 0.420681060368198 0.452401219641575 0.505004625807411 0.512478451791416 0.511801106271874 0.494604057438774 0.509893725913901 0.546708372786417 0.516818534015532 0.491105314046544 0.497544048507236 0.46504428557081 0.401393955440655 0.373983925150131 0.364554351797933 0.408857173236692 0.443254578728517 0.4681212644932 0.477181505109682 0.48581943642878 0.511279481963525 0.528738175664419 0.536943551284099 0.563117831559176 0.594341200055054 0.625857374474591 0.64803254144623 0.65719125649245 0.656898820302669 -9999 -9999 -9999 -9999 -9999 -9999 -9999 -9999 -9999 -9999 -9999 -9999 -9999 -9999 -9999 -9999 -9999 -9999 -9999 -9999 -9999
0.358152452792087 0.367039953870904 0.364152259501596 0.413784371568909 0.485830470099287 0.486533958869918 0.484915607595426 0.478569686076258 0.513269687612678 0.570325549571411 0.575774081296868 0.570536593635115 0.542957891580892 0.556389160176314 0.596992725804273 0.555168134953668 0.518123361693678 0.519585412350951 0.492393211718001 0.442277779839152 0.414766861057708 0.404799491944544 0.455046031396907 0.480529910112656 0.482187835386037 0.502975633561924 0.53102320246314 0.578283943947175 0.610858156752216 0.626447849416468 0.625122115670744 0.622198826891054 0.647470554649542 0.668818958503166 0.684700312118329 0.693447994618292 -9999 -9999 -9999 -9999 -9999 -9999 -9999 -9999 -9999 -9999 -9999 -9999 -9999 -9999 -9999 -9999 -9999 -9999 -9999 -9999 -9999
0.405662983879453 0.420753621044296 0.413137486972361 0.458590746622181 0.526820365618374 0.534105677380905 0.536056016249162 0.527143651993624 0.545425352289408 0.578518431308518 0.550847863253186 0.525308032702896 0.510656554590833 0.538107016392223 0.593453289842634 0.588805261787257 0.578966018438349 0.569322383630409 0.539995158476942 0.494921177679086 0.495332761583074 0.507439776583389 0.541119081454932 0.542474782307742 0.512729597329605 0.525081957394497 0.548553800128232 0.585829362225234 0.618080726310015 0.644521759431295 0.649107144334882 0.650240132516905 0.675276948503317 0.694807501044052 0.706665218097916 0.705205770604416 -9999 -9999 -9999 -9999 -9999 -9999 -9999 -9999 -9999 -9999 -9999 -9999 -9999 -9999 -9999 -9999 -9999 -9999 -9999 -9999 -9999
0.438942038036829 0.461282578280896 0.465661963693771 0.483179842422531 0.50651204695741 0.53006111266197 0.543921540720073 0.538054634354334 0.550589137953698 0.57314605844929 0.534102430616542 0.49890470147405 0.479006995273106 0.512088085121631 0.580271750267777 0.572896838786388 0.560513913925804 0.553288487575607 0.544202653766101 0.533628505012701 0.5617302814322 0.58956797428585 0.592679518878597 0.587705237944242 0.574950997311654 0.590218777198623 0.608795421266589 0.612561639090227 0.622576012481312 0.639816186223019 0.662508719075162 0.686222295102457 0.70541406569618 0.719575535362994 0.726727410984337 0.730013108147568 -9999 -9999 -9999 -9999 -9999 -9999 -9999 -9999 -9999 -9999 -9999 -9999 -9999 -9999 -9999 -9999 -9999 -9999 -9999 -9999 -9999
0.464928165951209 0.495055025453406 0.520000130158523 0.497408585102052 0.454791433069342 0.49956576223855 0.529610832880582 0.529665205203215 0.541920924046473 0.560822165257687 0.521549244847654 0.482148366998214 0.447691439693328 0.482104433901426 0.562149110705584 0.53159877826659 0.501427176187926 0.503550283333653 0.526172644439168 0.565194287247394 0.620867208739676 0.661184744548073 0.62655395367346 0.624370383897413 0.653406640918314 0.677406592473136 0.69092432406136 0.649126229579287 0.62567370115241 0.623437257408932 0.670486798471806 0.726273753123627 0.736745563028815 0.74371811973845 0.745814557758658 0.739998761476433 -9999 -9999 -9999 -9999 -9999 -9999 -9999 -9999 -9999 -9999 -9999 -9999 -9999 -9999 -9999 -9999 -9999 -9999 -9999 -9999 -9999
0.466682241609356 0.493916364786668 0.524100089249618 0.522719850079286 0.507678783447639 0.518929892290387 0.526802121041272 0.527794507653089 0.531437385161808 0.536523865350909 0.495747318284592 0.457540362433178 0.429981984164377 0.458525397483037 0.524240613680935 0.500535160658827 0.48228914917655 0.506696558531829 0.552029711477452 0.614103335303134 0.654129942725962 0.683442147683229 0.681011456260867 0.697787434385315 0.733043543513158 0.757542866716035 0.768497696755097 0.713164654847985 0.681322172421904 0.676645801835084 0.706038128453495 0.747000862927368 0.806540606493576 0.817738845870652 0.761574451314493 -9999 -9999 -9999 -9999 -9999 -9999 -9999 -9999 -9999 -9999 -9999 -9999 -9999 -9999 -9999 -9999 -9999 -9999 -9999 -9999 -9999 -9999
0.472251620958461 0.495807582709632 0.52786804946353 0.541548077414132 0.546880119423441 0.533260585089069 0.524780537352997 0.526765157054315 0.522333782276114 0.514407905087521 0.47727368460662 0.443740698428132 0.421956251389708 0.440836695350777 0.486660794221377 0.474866999677039 0.472529545632497 0.51673843264834 0.580520939187627 0.659962225365252 0.696065172151152 0.722804065669027 0.736495577301156 0.759824105205438 0.792425106026338 0.806823458396229 0.80820006540056 0.755444852370199 0.725294043281874 0.721284534320736 0.746213096488296 0.784050627233762 0.865466081646165 0.913529214896822 0.915116752509154 -9999 -9999 -9999 -9999 -9999 -9999 -9999 -9999 -9999 -9999 -9999 -9999 -9999 -9999 -9999 -9999 -9999 -9999 -9999 -9999 -9999 -9999
0.48805841640136 0.506615369001813 0.533373437676068 0.544491621612014 0.548470543820061 0.533187034746718 0.524042509274365 0.527397757964121 0.51658399195723 0.498053003597927 0.476791985943113 0.455890080393283 0.436143195558743 0.436753305551028 0.450851508837743 0.461441790791371 0.482938153826876 0.540428736089995 0.613036763382433 0.697738657122275 0.75980442445579 0.805085507676014 0.793373547098693 0.793108180615654 0.803856413231067 0.783504111225162 0.758590417920196 0.744901309732911 0.739019705234399 0.742167239380536 0.795935600118566 0.860663296849723 0.896760764841402 0.917220076184788 0.915888021302413 -9999 -9999 -9999 -9999 -9999 -9999 -9999 -9999 -9999 -9999 -9999 -9999 -9999 -9999 -9999 -9999 -9999 -9999 -9999 -9999 -9999 -9999
0.507545095639745 0.530303451895098 0.547130927917114 0.549868946513363 0.546206857618992 0.527931215075918 0.511749069986176 0.499829559735757 0.49249175020492 0.487649386120518 0.437953124634204 0.402479847195212 0.407023315244707 0.419710271551628 0.437792922571482 0.47631770000612 0.521041935867785 0.579921817294778 0.643612806219266 0.711152652634287 0.766468508451116 0.803787605790106 0.772643354696575 0.768012728696937 0.788892786052156 0.787764378821262 0.780256955941151 0.762215389779981 0.756216964621455 0.764146062800039 0.82236118979448 0.889307484856636 0.908363232945398 0.919438435868141 0.919392955816212 -9999 -9999 -9999 -9999 -9999 -9999 -9999 -9999 -9999 -9999 -9999 -9999 -9999 -9999 -9999 -9999 -9999 -9999 -9999 -9999 -9999 -9999
0.529332908729649 0.562045943072351 0.566048687443643 0.556768182288852 0.541533088693376 0.519434778026379 0.492229710158007 0.454626616188439 0.456929462587281 0.480967272326798 0.375128460969294 0.308073360275833 0.350822471139898 0.394563211004422 0.438960982252283 0.5088910867816 0.576464281647076 0.629296815668624 0.67297584973453 0.709332138073552 0.737441899702602 0.750225211814628 0.703382616462847 0.706410932002579 0.75742367109308 0.809270947844175 0.84649447836804 0.796949617349225 0.775585110596085 0.786810319565531 0.834218570169311 0.887955645007461 0.907651610367116 0.919183726413939 0.919339729905497 -9999 -9999 -9999 -9999 -9999 -9999 -9999 -9999 -9999 -9999 -9999 -9999 -9999 -9999 -9999 -9999 -9999 -9999 -9999 -9999 -9999 -9999
0.562288904736315 0.573081151729301 0.547563325300473 0.529900714717072 0.515682124164984 0.498782454245799 0.476602640964263 0.443671764662733 0.434315623803016 0.437799576570049 0.331746070200564 0.269165417035788 0.326401407399913 0.3604802207191 0.379215602108628 0.468415524699876 0.553715500748122 0.606695001722212 0.649793302990849 0.684986703044624 0.705877496531143 0.722253006287098 0.728310938744723 0.762153279160734 0.822729015373002 0.853384928160491 0.870398466210591 0.843946731420909 0.83637209741946 0.850628251723765 0.880057627761206 0.910882112388838 0.916073517635579 -9999 -9999 -9999 -9999 -9999 -9999 -9999 -9999 -9999 -9999 -9999 -9999 -9999 -9999 -9999 -9999 -9999 -9999 -9999 -9999 -9999 -9999 -9999 -9999
0.582219882593884 0.576207869823122 0.53023670611299 0.506276727418542 0.492118401377144 0.483623980092776 0.470182040188423 0.44666630477781 0.422858005626364 0.39889036021912 0.302773321547458 0.250376417624387 0.315035948676208 0.33717024553724 0.331128265348917 0.434002809894049 0.532017155261243 0.583822992215694 0.631088333988319 0.674721306519476 0.692077136183166 0.711522590270277 0.755826363348067 0.811326449179681 0.877599320263905 0.889850914839972 0.889571902394476 0.881772669209778 0.885304219914174 0.901939474794123 0.917243585832491 0.930782716900182 0.931750382012549 -9999 -9999 -9999 -9999 -9999 -9999 -9999 -9999 -9999 -9999 -9999 -9999 -9999 -9999 -9999 -9999 -9999 -9999 -9999 -9999 -9999 -9999 -9999 -9999
0.560970191629529 0.560184186717732 0.524326932659915 0.499505801320491 0.479878144759051 0.487420624235508 0.490359303700692 0.483924043737344 0.441878221625546 0.380436934685909 0.312587739664017 0.279704932942605 0.335796654500683 0.347856713479591 0.330742369368599 0.433207270537547 0.530094409640808 0.575473271910807 0.636911789983586 0.711197937539613 0.731737518953193 0.746707328572516 0.770991702605971 0.815941538439693 0.880775115199131 0.898718820186073 0.903667477878823 0.889665689681754 0.890099867693091 0.90722879803002 0.921415069945363 0.933379141256788 0.932705781954906 -9999 -9999 -9999 -9999 -9999 -9999 -9999 -9999 -9999 -9999 -9999 -9999 -9999 -9999 -9999 -9999 -9999 -9999 -9999 -9999 -9999 -9999 -9999 -9999
0.546853741881392 0.545746471292902 0.52373140006877 0.500782537915548 0.477836546561918 0.491155449097592 0.500367857273553 0.501218905421427 0.45481854790546 0.382682483865161 0.354337722244478 0.341029088864441 0.361766364957269 0.359009287647823 0.340685372832252 0.44111260417346 0.538711848185743 0.593862280418738 0.661835567124268 0.740067061428011 0.763045183377296 0.776707446681607 0.784799893594481 0.813427021666568 0.861812057116107 0.882193882018749 0.894865881296294 0.89651935554922 0.903070060414392 0.915284262337705 0.925704885916311 0.934635009538965 -9999 -9999 -9999 -9999 -9999 -9999 -9999 -9999 -9999 -9999 -9999 -9999 -9999 -9999 -9999 -9999 -9999 -9999 -9999 -9999 -9999 -9999 -9999 -9999 -9999
0.538132966650706 0.532508402023322 0.527155626957105 0.508146629080855 0.483509343502446 0.494843513068356 0.502684669121676 0.503413592452051 0.463159968157553 0.400585001175458 0.42024417257294 0.426555154891593 0.391676232868627 0.370514430502462 0.35844128740235 0.455599388970452 0.555302016291683 0.632476803992152 0.701207070474619 0.763181770019373 0.788034745249633 0.80278585203616 0.797581520344995 0.805519580074779 0.826102888610717 0.846461473569963 0.868744572103732 0.902586840354789 0.922223583055491 0.925432070986526 0.930084209611991 -9999 -9999 -9999 -9999 -9999 -9999 -9999 -9999 -9999 -9999 -9999 -9999 -9999 -9999 -9999 -9999 -9999 -9999 -9999 -9999 -9999 -9999 -9999 -9999 -9999 -9999
