layers/veg_sum/veg2100.asc
NCOLS 255 
NROWS 330 
XLLCORNER -2985163.8955 
YLLCORNER -3022031.214 
CELLSIZE 25000 
NODATA_value -9999 
[rows 75 to 99 of 330, columns 171 to 227 of 255]
0.84179608826938 0.841136520863361 0.836003819765198 0.827773384878883 0.818222031078042 0.812975169457188 0.806986130457666 0.799485921169294 0.788548540725628 0.775739088395766 0.767433971158447 0.759894559392687 0.753882987007516 0.751519737245411 0.75157378514078 0.746284402919359 0.743261928910608 0.749017803213945 0.75157595904455 -9999 -9999 -9999 -9999 -9999 -9999 -9999 -9999 -9999 -9999 -9999 -9999 -9999 -9999 -9999 -9999 -9999 -9999 -9999 -9999 -9999 -9999 -9999 -9999 -9999 -9999 -9999 -9999 -9999 -9999 -9999 -9999 -9999 -9999 -9999 -9999 -9999 -9999
0.833076230529459 0.831722489622928 0.827835934904754 0.821270693098667 0.813514329256358 0.805217438581098 0.798164234521108 0.793643339199781 0.777475406625763 0.754963858906287 0.751293269496665 0.747728510429237 0.742725319208873 0.740900839098832 0.741182502472975 0.739556290760414 0.739401680189299 0.744507041765744 0.746870379169138 0.747040113481525 -9999 -9999 0.732766684208879 0.732766684208879 -9999 -9999 -9999 -9999 -9999 -9999 -9999 -9999 -9999 -9999 -9999 -9999 -9999 -9999 -9999 -9999 -9999 -9999 -9999 -9999 -9999 -9999 -9999 -9999 -9999 -9999 -9999 -9999 -9999 -9999 -9999 -9999 -9999
0.824788957686837 0.822362595914889 0.819301038336803 0.813344308163586 0.806075321943698 0.796053722002287 0.788542633711078 0.786143275748292 0.765452189480058 0.734798424961766 0.73640378466696 0.737176040128053 0.732921297689787 0.731239886733205 0.731263508144992 0.733796947355219 0.736553930493578 0.739323188500271 0.737036338031285 0.730704630740935 0.723305053882663 0.718708187550073 0.72658757165336 0.726427850386798 0.718533122276765 0.727105044282843 -9999 -9999 -9999 -9999 -9999 -9999 -9999 -9999 -9999 -9999 -9999 -9999 -9999 -9999 -9999 -9999 -9999 -9999 -9999 -9999 -9999 -9999 -9999 -9999 -9999 -9999 -9999 -9999 -9999 -9999 -9999
0.818113781189207 0.815207968184148 0.809950792177676 0.799011832518206 0.785653516596231 0.780490253022555 0.775190038405374 0.76961097353767 0.747609081051845 0.71666241611022 0.724682842978274 0.73059397585223 0.727644550962981 0.725223347102857 0.723152130781735 0.727929160816865 0.731906058308547 0.731390068406833 0.730745705727189 0.729998645585856 0.723305053882663 0.717465150065406 0.71885726769122 0.718822610082716 0.717415148450155 0.727105044282843 0.737357186236302 -9999 -9999 -9999 -9999 -9999 -9999 -9999 -9999 -9999 -9999 -9999 -9999 -9999 -9999 -9999 -9999 -9999 -9999 -9999 -9999 -9999 -9999 -9999 -9999 -9999 -9999 -9999 -9999 -9999 -9999
0.812207879553844 0.804674603462058 0.788765604684117 0.765176708816484 0.738767573972668 0.76266454117936 0.773672696022619 0.758437541837537 0.730834133783743 0.69649429646797 0.711687611341107 0.723365274963764 0.721670426158615 0.720680807559477 0.720158458854231 0.726676436627923 0.731290068714368 0.727812320068659 0.725814364390651 0.725000234318523 0.714843504003989 0.705424745778791 0.704823149059089 0.707143663034535 0.712275751828881 0.721792663192795 0.731290817863618 0.73532546806241 0.742981347916946 0.754825068844533 -9999 -9999 -9999 -9999 -9999 -9999 -9999 -9999 -9999 -9999 -9999 -9999 -9999 -9999 -9999 -9999 -9999 -9999 -9999 -9999 -9999 -9999 -9999 -9999 -9999 -9999 -9999
0.806983550232585 0.791147700665488 0.757094739381192 0.714062371118717 0.668434585086807 0.742834497491796 0.782641307514545 0.752012033089215 0.715005570063892 0.674525740438064 0.69756336744626 0.715563658419163 0.715078429104107 0.717444222102912 0.721699039256853 0.729512626401341 0.734246299769046 0.728093401586521 0.722087345638588 0.71619876260824 0.698885078282126 0.683817947686285 0.685203893354315 0.691855439421189 0.703573401867281 0.711773548462357 0.719828127136019 0.731324111060741 0.742981347916946 0.754825068844533 0.757409982199082 -9999 -9999 -9999 -9999 -9999 -9999 -9999 -9999 -9999 -9999 -9999 -9999 -9999 -9999 -9999 -9999 -9999 -9999 -9999 -9999 -9999 -9999 -9999 -9999 -9999 -9999
0.796441928176848 0.772691593226458 0.728063780425568 0.698861671635816 0.677102825104631 0.70937241716921 0.721451491309133 0.692420028155306 0.683761090575322 0.686198147536917 0.707806780805426 0.72319285954443 0.721112541671372 0.722325177006537 0.725719650106292 0.725903238592014 0.724375885546072 0.718258733864769 0.709994448307059 0.700012468370727 0.689928523284121 0.681428452167766 0.679672809770916 0.683909682061902 0.693912387737017 0.707167281937186 0.720012947413284 0.726488347851045 0.735773332959674 0.748307516600685 0.723217560877331 0.691731224340408 0.697306508115663 0.715362174982249 0.750808932416447 0.760372240087045 0.762095585828709 0.789334902168912 0.806444338833511 -9999 -9999 -9999 -9999 -9999 -9999 -9999 -9999 -9999 -9999 -9999 -9999 -9999 -9999 -9999 -9999 -9999 -9999
0.780805562339608 0.75003097712634 0.700927747137083 0.69154379571208 0.699471371085694 0.684871551802645 0.667101040782721 0.642874586364899 0.659949245021481 0.6995187545778 0.718056404803858 0.729504185193352 0.72493326459494 0.72432471236642 0.726341537542308 0.720353708861006 0.713812549109021 0.707744638163936 0.697798437538274 0.684749628148349 0.682423326062225 0.680957768627548 0.676577401592083 0.677996897853399 0.684996863610744 0.701746840946736 0.718142231808478 0.720554437687124 0.727245589617175 0.738885211466836 0.717775562649574 0.69005190689046 0.685146831561033 0.700384573253525 0.743690808721533 0.757008934945012 0.760732322399968 0.785032289339489 0.776299104408952 0.711772698053093 0.738770957944026 -9999 -9999 -9999 -9999 -9999 -9999 -9999 -9999 -9999 -9999 -9999 -9999 -9999 -9999 -9999 -9999
0.744393723180517 0.710710406293669 0.680924904808633 0.691536549334139 0.719670714612394 0.717529706305984 0.709973589175926 0.69139160168063 0.687232237551119 0.690928224961695 0.706479929891085 0.715366608570044 0.706330751194036 0.70459560495733 0.707697748006213 0.71085787584625 0.711280123134531 0.702897500203682 0.69258942201946 0.680740991041524 0.675914693725604 0.672870491113017 0.673057658838726 0.675691382338061 0.680679114745266 0.687388939270432 0.695517537038277 0.70986287956157 0.718566175807401 0.720744618513682 0.705190054362692 0.679952518229341 0.612018728519849 0.610309512654089 0.700882525073288 0.736782070860222 0.752533677638216 0.759156443635638 0.747496036572923 0.704955224064361 0.738770957944026 0.806365034222363 -9999 -9999 -9999 -9999 -9999 -9999 -9999 -9999 -9999 -9999 -9999 -9999 -9999 -9999 -9999
0.711780363878922 0.681186328620035 0.662619910399505 0.679232052532032 0.711186923611724 0.724084327782352 0.72745045747648 0.711409664758547 0.692013824565019 0.670790641544454 0.688074077754966 0.697487657620146 0.683519788966275 0.683457888660718 0.69260977457592 0.7000488709224 0.703378424587473 0.69399769938323 0.684297974295711 0.674343051191756 0.668998592541611 0.665743282113026 0.66848711111487 0.672813232312238 0.678661791691179 0.679636317781999 0.682129348460088 0.699477266050161 0.707271175575234 0.704016167690887 0.692567672623458 0.669524396978586 0.562506078517107 0.553510256536188 0.681106244396517 0.728081249703853 0.744902351901074 0.740463176698841 0.730003067970048 0.709373560972632 0.745674870016756 0.80711907908226 0.81292292304744 -9999 -9999 -9999 -9999 -9999 -9999 -9999 -9999 -9999 -9999 -9999 -9999 -9999 -9999
0.683211658779212 0.662093641583171 0.646122799138024 0.653833337130454 0.672161082911775 0.70284368154571 0.717885785990067 0.701081797031931 0.672835720391419 0.638357655379719 0.662396245690309 0.675624858931527 0.656227634032602 0.660820273438885 0.681308064886128 0.687841589193308 0.689759478171154 0.680782588101417 0.672724326102974 0.66540096111838 0.661648615005107 0.659638362370084 0.662797657170966 0.669325336107453 0.679093981935366 0.678917055760716 0.678576271553355 0.689417425009729 0.693191076300656 0.688791378020841 0.679906027713274 0.658746238423474 0.538139367138431 0.532143364802619 0.685854639666773 0.731653458736007 0.737875112367567 0.729417981748845 0.724553190841473 0.725755886492415 0.759930127370231 0.808573997641978 0.813508732134096 0.816834909555154 -9999 -9999 -9999 -9999 -9999 -9999 -9999 -9999 -9999 -9999 -9999 -9999 -9999
0.705662773070166 0.67555456017909 0.648031410884244 0.634865071189032 0.628627756653318 0.672808431298118 0.696887240455306 0.680036020284557 0.658829905467026 0.635251876227069 0.655012899514493 0.668786192447312 0.663498456729537 0.666276780374683 0.67439949606448 0.676112745971939 0.675079254572608 0.667029908291043 0.661599451508145 0.658264090806361 0.657980719892134 0.658386782766353 0.659838217681529 0.663266374165084 0.668596477961882 0.669338225913154 0.66977992289125 0.674064224876831 0.670219395443146 0.656973474755326 0.634492559449275 0.604506178436954 0.530064110492223 0.5445406849779 0.682923084496352 0.716328968930249 0.711761280253012 0.70216928580877 0.704080886725206 0.725422139576471 0.747050341242208 0.768818435675141 0.791951162322907 0.808437744492627 0.811181416262912 -9999 -9999 -9999 -9999 -9999 -9999 -9999 -9999 -9999 -9999 -9999 -9999
0.73405291949683 0.692402542253607 0.654789186424349 0.62207858039875 0.592468157337205 0.644069066158449 0.672998922860205 0.655767549962762 0.646078093904494 0.640496379312899 0.652284603365557 0.664243752648429 0.675062222943587 0.675249187005 0.668391950821684 0.663928487411729 0.658952308160803 0.651657626101502 0.648759800734157 0.649379434667491 0.653211694331849 0.656488657505292 0.655461552292917 0.655156710735212 0.655546811469546 0.65676627803132 0.657894825460499 0.657477659072356 0.647126336780229 0.625286467757904 0.590472962980167 0.553677557223224 0.531680266557562 0.565024290233561 0.675485001979425 0.692144405655865 0.675636589119675 0.668059231657953 0.677672309028935 0.716320149440133 0.726980819044627 0.725408080180517 0.76703719393922 0.79798945609322 0.806864103859483 0.805130115857412 0.797531561608337 -9999 -9999 -9999 -9999 -9999 -9999 -9999 -9999 -9999 -9999
0.713985591602983 0.675391084328315 0.663846539143495 0.642892517506286 0.618314103742857 0.640635298757314 0.648578018685712 0.627244281295953 0.633178185807722 0.653963543302304 0.650637517974664 0.649431748937071 0.655769128491009 0.659333102459039 0.661059479394488 0.647554460011306 0.634163056845307 0.625416629763415 0.62257994844837 0.62447102872953 0.633765579911902 0.641126838644705 0.635811876250353 0.636689054968419 0.643524142144802 0.638271377143989 0.632876675351587 0.641408005314969 0.639155637687736 0.624432254415945 0.615610429934212 0.606034738774252 0.57479160329956 0.583812277662729 0.648939528111191 0.637231158989608 0.600714782214029 0.612978652338025 0.634927502692101 0.67323435147764 0.703223284490312 0.72948733838102 0.75746300057252 0.779414258962511 0.788908243525905 0.794185260949378 0.797131094260819 -9999 -9999 -9999 -9999 -9999 -9999 -9999 -9999 -9999 -9999
0.705119305269813 0.66652813936029 0.656916404737395 0.645753160702523 0.634020873980905 0.632513272097489 0.626367481127275 0.610777730069467 0.625393510729786 0.656460880264297 0.644897411056833 0.636796576071424 0.641309252246008 0.645345159814341 0.649065171077957 0.633775801013199 0.618528285064315 0.608757064342956 0.607406372264717 0.612792053206451 0.619631719897127 0.624013049861565 0.617135274452039 0.619793594285434 0.631627283587257 0.625177880398922 0.618073028183228 0.62944701509831 0.631099962974451 0.621510827240836 0.626062851242724 0.631005262867672 0.603849199534167 0.600801289141103 0.631347465414844 0.601473697284967 0.554572772975289 0.589610364954236 0.623524618476961 0.6555415455965 0.688424916146465 0.721623173255223 0.745506192992025 0.763918593151634 0.771018835574213 0.781868117081825 0.794789907115218 0.802361652580406 -9999 -9999 -9999 -9999 -9999 -9999 -9999 -9999 -9999
0.710602488543754 0.668104119950218 0.629504964253191 0.625614135168656 0.636738512853799 0.618385193823768 0.606988607785584 0.609756840707036 0.624161876307889 0.644904952744378 0.633913801766129 0.626950105300234 0.633041132133545 0.633827327958939 0.631098660409132 0.623322025670468 0.614621166032191 0.604372112046673 0.606332754871457 0.618061082797838 0.612303301386993 0.604654841305487 0.59970526201934 0.604912246794451 0.619891599128601 0.619004033416361 0.616355012266498 0.622749565980411 0.622935427394853 0.615941126518174 0.617702502771919 0.620891191774165 0.614902780589953 0.615485662199026 0.625225470104192 0.590256395762576 0.545300087868854 0.606868171746095 0.652273353776614 0.670379283069841 0.685103987873326 0.698458485486315 0.730497057638159 0.752368064124571 0.753214558672973 0.769506799309399 0.794337612024808 0.802361652580406 0.807660882854061 -9999 -9999 -9999 -9999 -9999 -9999 -9999 -9999
0.699274603649249 0.664870009579538 0.619591096078676 0.626505321023333 0.655807308791053 0.624079259519605 0.60268954980463 0.602350052643776 0.612064511259844 0.627254905494087 0.613506445185918 0.60417159701051 0.608614561560414 0.605699107213366 0.597908127700354 0.5881412946982 0.581094729057376 0.583335447576151 0.589199932107153 0.597963407975879 0.58999984069873 0.582661233156768 0.588171272113928 0.59402064313721 0.600196510173779 0.604383701872459 0.608034514722099 0.610968169455861 0.607017942828169 0.595106718459897 0.579448335009109 0.566356412537746 0.585859267765896 0.599000468580819 0.603276868752151 0.572838149941829 0.534807968600437 0.582360088634543 0.626420640946286 0.664583911284408 0.687663617332747 0.704048382240293 0.730995825334925 0.750553035238283 0.754828706662584 0.764203292417849 0.776396612036236 0.786355197236667 0.787080828186551 0.76429704421512 -9999 -9999 -9999 -9999 -9999 -9999 -9999
0.682661680903384 0.65933921816873 0.616231350422384 0.633688166788371 0.676936683496467 0.63306544826486 0.600716470637658 0.591828317676854 0.595341901642439 0.605610151579237 0.588250915633806 0.575554744556668 0.577148258765541 0.571308671832731 0.560544076934902 0.547094868000351 0.540481420115278 0.556565132722676 0.565687360252858 0.569240440970454 0.563508844610008 0.561058463256975 0.578119523620407 0.583979393783192 0.579061785747718 0.587124871078349 0.596352826131572 0.596562848827395 0.588491897813208 0.570844254590998 0.534715051884987 0.501782791322919 0.54424891449732 0.571006826860957 0.57587575433799 0.553151923908881 0.52356653824403 0.547465885331999 0.586626844680086 0.651564772435115 0.690357501342754 0.717325592331792 0.735121845062782 0.750353168327669 0.760280725484256 0.75994017925682 0.753923316692233 0.765653494582706 0.771247430355982 0.759265034888229 0.754857712778242 0.755541068654988 0.747650523650499 0.739122682776005 0.731078671753776 -9999 -9999
0.667646968882407 0.644512006823147 0.624303504579508 0.63489574705943 0.658219035298032 0.603619509033028 0.567286307078461 0.568145732355458 0.564616961417277 0.558698138196452 0.540447961053545 0.526125955496385 0.522850839864943 0.525563580764 0.532243742601368 0.532120754218854 0.530345318075641 0.525177332632076 0.527151988413228 0.534840714851551 0.544910423329478 0.554866618861134 0.562890305018272 0.568536654351558 0.571895595353225 0.570879079796349 0.569315847230533 0.569888907075217 0.568574358754923 0.565076849464292 0.529114351699892 0.4902456617842 0.506933236138688 0.524723116242327 0.544049030855194 0.530094797435191 0.507891159660722 0.550661088768932 0.592113863520445 0.631341955475608 0.671176104305743 0.71105318238793 0.7222557400495 0.731256010475307 0.735702387097738 0.740354484850545 0.745120307423757 0.750661462736522 0.753090841564569 0.747441726727037 0.748878905788255 0.755078288283568 0.747650523650499 0.739122682776005 0.731078671753776 0.727476218575406 -9999
0.660812291315472 0.64098949192647 0.636915488476678 0.63971263520681 0.644837367012277 0.587893952387281 0.549641495026848 0.549446273174097 0.538979334932395 0.522917856702447 0.504590194022881 0.489828425185616 0.484286356961829 0.493152234928941 0.511564498502436 0.516132237553705 0.515886678173886 0.504081003255286 0.504175368576759 0.513789695578467 0.527877879115832 0.540839480198105 0.546316831488195 0.552160149433223 0.558355590462875 0.552872112690319 0.546434337586129 0.548659867941847 0.551900800517041 0.556316014627693 0.519493412000955 0.476221136553074 0.478632294624615 0.4915046194259 0.518954309097198 0.512552728348779 0.497778602145366 0.549416782314513 0.590599460952942 0.614122725366814 0.653330474337468 0.699216135897847 0.698660764545906 0.701402359244631 0.710961426716321 0.721818613144791 0.733393413485621 0.737162969375592 0.739584322493246 0.73933186549852 0.743132965243278 0.74965817749323 0.741700075293785 0.733169126019973 0.727103128690028 0.73200030885658 0.745789489308997
0.666640027672728 0.654966260990958 0.656554973741573 0.650116608661298 0.639715613366873 0.593407079328915 0.556431867918635 0.538460523045686 0.52121669634684 0.504369115938591 0.48722316929959 0.473857634886297 0.47007592158287 0.48138107126635 0.502682441768218 0.49857345987427 0.494736897309261 0.498915519011132 0.505283165390948 0.513402018542398 0.513269259115061 0.514683573644623 0.527662497246236 0.534338207436703 0.534949138447394 0.532138905566301 0.529985352409979 0.535859352077371 0.540248813782415 0.542921452848673 0.503649278856479 0.458346207753663 0.464285857823792 0.478510627298428 0.504280496059907 0.503547779716537 0.496277101630367 0.541300266191458 0.578247097198097 0.601552945107488 0.63755256616495 0.678765222109058 0.658457863996195 0.654898023680744 0.685968733041585 0.704907831119979 0.717140445951851 0.725976422574088 0.733275952513218 0.736970293279205 0.737747494001009 0.736564288545108 0.726538536134147 0.717999666765047 0.716973580758765 0.726712216152453 0.74518188830956
0.665371964025105 0.665098889018374 0.673730800050434 0.656040151178031 0.626459189584061 0.575388255382971 0.535083843940069 0.516701482096201 0.511972437738613 0.514679738754753 0.507548031176203 0.500279388942008 0.493555459305229 0.493733606771423 0.498484917451647 0.500099133852106 0.500999252223332 0.500488695671619 0.506514667857065 0.517769824301062 0.517205787139458 0.517925047993752 0.531274119518938 0.535533853071697 0.53104807475655 0.525749811793379 0.520106442113246 0.513431444141889 0.513608480721863 0.521709685182908 0.486216334926 0.443893339294492 0.449761957510626 0.463083272597425 0.486789727731786 0.504936896439929 0.522239256851138 0.559762435407149 0.589692993276653 0.606799562420311 0.62408749711707 0.641235322968286 0.630688810943065 0.632245795041313 0.658830411821068 0.675610473402086 0.686970472993889 0.705933315688118 0.717070428035535 0.707317402280415 0.695143069633802 0.681341545657218 0.69231256994598 0.704050151061039 0.710874053010722 0.723177985006493 0.739926652914999
0.661494975119875 0.673318792379287 0.688679162338383 0.659311692654145 0.610022110245843 0.548816931526095 0.503844311049336 0.491923303884906 0.506715271153197 0.536056589085961 0.541587135664702 0.541781794069901 0.530643400233435 0.514958017154717 0.496259899847296 0.508375575706488 0.516571712857524 0.503526986214816 0.50687959840863 0.523349984511799 0.5276569051678 0.531782849252441 0.542571182841976 0.54343142359432 0.534739125537267 0.525070816346926 0.513015836135033 0.488157728266063 0.482226632712433 0.498184046615411 0.469125431636139 0.432030471751211 0.435820284048871 0.446962802617061 0.468351126921511 0.509408602860242 0.55654810105199 0.586482034604607 0.608639524016579 0.617662545620351 0.611036237848374 0.597571179607189 0.608474367170712 0.619633610119269 0.631322324887984 0.64190395164237 0.651873568413279 0.682443172245376 0.69685124659716 0.667620273062066 0.638960807586777 0.610685412781419 0.651074357070322 0.690435451208223 0.705864319583141 0.719892274151942 0.732783977303811
0.667234685769538 0.669742105500079 0.661954299273909 0.634438624532274 0.598146658600825 0.557527557169169 0.526208265424442 0.513824603483068 0.519036938155116 0.533833017447755 0.519639407088966 0.508601584426813 0.508166422771736 0.503565767168686 0.496205147658113 0.481726604089506 0.468818010384828 0.462949195562098 0.476014441927232 0.504226825051842 0.50262302671471 0.499251453917495 0.506624903630098 0.51566799597668 0.526317572702533 0.51980674371577 0.509713399636295 0.499564700558533 0.497357729356873 0.50433512295731 0.485732019658269 0.460887958170222 0.444170591907695 0.441004959780932 0.456723318151785 0.474624495071187 0.494004131948701 0.525589866322201 0.552784417979191 0.572562231730424 0.579982407118641 0.581999336338273 0.602888581755062 0.617958794806927 0.62099640148577 0.62992391882258 0.642107441172371 0.664460230739479 0.677282154470349 0.664569879429529 0.636847969849152 0.599039132719609 0.63557832092761 0.671294268870889 0.68204461786426 0.7007317203349 0.725856154884791
0.667111754438339 0.657165355730082 0.630959464788885 0.606892909515264 0.58373195115 0.557018704944821 0.533915962233331 0.518164677224924 0.516701727159068 0.52302098779439 0.50001457572602 0.482934615393821 0.483491920320608 0.483460324881806 0.483038537121408 0.453254419758814 0.429168490006454 0.43162498861521 0.450753722039877 0.483220144528557 0.475706071683429 0.465806077950446 0.47024862744619 0.486327511413104 0.513602557468528 0.50992337981968 0.501095407154521 0.49986901730761 0.500390950904917 0.502934766963356 0.49268897248873 0.477108143452263 0.445608219490236 0.430760847900178 0.439118376701681 0.439327488666494 0.438829629992194 0.477303552286039 0.511596167220805 0.53882652517658 0.55244062243395 0.560099877863951 0.588394090369543 0.608906418423492 0.613327350765089 0.621290216703487 0.631211101059571 0.644274524095446 0.652538430815185 0.648144723298818 0.623752386075026 0.585920365932254 0.618136652323756 0.649261987162628 0.655834083646246 0.679068551531015 0.715817514762554
