layers/veg_sum/veg2700.asc
NCOLS 255 
NROWS 330 
XLLCORNER -2985163.8955 
YLLCORNER -3022031.214 
CELLSIZE 25000 
NODATA_value -9999 
[rows 182 to 207 of 330, columns 114 to 170 of 255]
0.18500576450565 0.196523380279435 0.205839458849599 0.211294900429303 0.219691556843091 0.242089847171984 0.255321439005976 0.259969935690707 0.265675089391203 0.272289155655952 0.28278968974075 0.295529357527957 0.310788725570663 0.317788484278411 0.321854212507989 0.319890935758571 0.321504370694806 0.327964749235999 0.338759063375063 0.350556632330967 0.354630846229361 0.360327746072099 0.368687013977086 0.385857260192089 0.40690885151446 0.43102291922515 0.448039656946624 0.450825487949695 0.4469012510011 0.439376496946025 0.440307142301168 0.449199977082105 0.477211569752523 0.477407590295507 0.459433596644813 0.415086446275896 0.374785283531858 0.354172482728241 0.35200718792228 0.364397791876776 0.363204337732594 0.359954161476814 0.356079518567515 0.352622247543125 0.349561132502662 0.360554538875826 0.395439323659605 0.550371641072858 0.631864655092352 0.629580173720791 -9999 -9999 -9999 -9999 -9999 -9999 -9999
0.164841884670154 0.170509038552273 0.17937817996803 0.187409286647025 0.19905388108437 0.225756986053443 0.242092427254893 0.248720268207188 0.255934908164432 0.263080799445981 0.269197686212145 0.278969189698877 0.292853238441245 0.300516806407511 0.305702296021629 0.304097228776033 0.306175759100721 0.313246078324173 0.320940815194658 0.329042430545987 0.34009376512073 0.350490883777797 0.359814619399099 0.374097116456286 0.390608541742583 0.411820254786384 0.426851234900892 0.429489183565294 0.429407606125053 0.427866773676989 0.425845375721493 0.433870808452413 0.466912712809245 0.467810615473662 0.447711036428302 0.404106983108681 0.366515244547092 0.354051920880631 0.359626307807875 0.379433246783389 0.375457081043589 0.369118316226391 0.366797914765376 0.362815209930734 0.357254700139946 0.383375321645556 0.4334744791578 0.583669704610455 0.662554544194356 0.660090497727119 -9999 -9999 -9999 -9999 -9999 -9999 -9999
0.161601475990457 0.168605969098007 0.176191708567546 0.184132376450335 0.192120267815297 0.200104121696248 0.211384747595464 0.225752254549393 0.230856250174565 0.234238175503544 0.238262174631166 0.244454105286216 0.253085612290679 0.265585546651356 0.27804682808728 0.281488189421487 0.286203717144887 0.292645918185717 0.297333387227844 0.301953066873519 0.314940389691876 0.32769464404615 0.340066499059839 0.353484301467258 0.367428560303673 0.386128293298464 0.401169930321857 0.408876693158054 0.418694444072808 0.429644918045388 0.438633934187063 0.451983404576218 0.476330594489241 0.47386925067899 0.453895722110075 0.400272463706378 0.354502934206986 0.342333472120616 0.347024658292732 0.36501964223119 0.366804591031591 0.369047776107166 0.382568446868485 0.37191094035502 0.338304284763287 0.407666133847446 0.499762662592336 0.602154819816867 0.657507176645023 0.659197849895195 -9999 -9999 -9999 -9999 -9999 -9999 -9999
0.155710144772089 0.164532238747857 0.171503593477443 0.178884458370221 0.184582467369836 0.18325694782772 0.191900695283186 0.20987901038656 0.214284407219672 0.216146523869664 0.21883770698676 0.223488829884001 0.230345475729464 0.243020900815634 0.256496083496342 0.263595495163076 0.270257123162676 0.276325493183368 0.28092969700144 0.285571730775122 0.298657591240213 0.31212956983764 0.32623505893497 0.338230299587452 0.349401386950255 0.366886910580591 0.38237778353894 0.393869168282431 0.409102114958707 0.426342725020955 0.440471061330487 0.456768228592465 0.47870646707817 0.478130180503753 0.462846691861656 0.40294870999087 0.352290070756123 0.34248280434806 0.345084241646684 0.357476695407154 0.352697794796143 0.35322405377145 0.385591962580499 0.393103309761848 0.377021607232118 0.454951787218159 0.54623205979421 0.604639145098725 0.63334420196867 0.628166018730245 -9999 -9999 -9999 -9999 -9999 -9999 -9999
0.147785647228199 0.158793686218538 0.165663769373544 0.172124845098165 0.176581276160055 0.173163435416045 0.181024778757433 0.199447210179207 0.204236998537849 0.206300497879504 0.208241813758256 0.21291579152207 0.220664837488634 0.229941022119268 0.23962745154634 0.249320075226762 0.257397909194673 0.26328747769467 0.270051025623393 0.277403083187525 0.289178219948295 0.302110550642601 0.316941508844719 0.327086322877941 0.335326240005935 0.352592899709337 0.368869383616955 0.383160459010947 0.400369426121953 0.419144088113793 0.433908817667843 0.45133111022902 0.475681361125057 0.481012332190093 0.473919306261663 0.41061848941511 0.357593045709933 0.351734316028276 0.351320623583693 0.355203306528818 0.334407733459271 0.325318183000554 0.378838955554038 0.423573384824924 0.459968099337598 0.519873692136465 0.577501130244485 0.594851415357551 0.610472534522535 0.624121069722923 -9999 -9999 -9999 -9999 -9999 -9999 -9999
0.147056545565965 0.158636770769585 0.164729008677375 0.165489212657775 0.165718128903307 0.16672739938547 0.175683670154896 0.192080990682283 0.196397254946342 0.198265063474946 0.19984421197777 0.203975567619757 0.210978925489089 0.218248214518898 0.225523562500234 0.232251912020438 0.239934187329777 0.248909165241284 0.257392912055877 0.265465757079217 0.269811782825351 0.278524450780527 0.294401541892964 0.308773788486293 0.322559816227324 0.340948689967592 0.358709013840286 0.375209027913816 0.393862878391474 0.413672443665685 0.427775590864399 0.442663278928397 0.459958029097196 0.469378838951753 0.473656141183514 0.446940908498471 0.419329888879745 0.39705357120348 0.37811790032671 0.36181814763932 0.339661262592799 0.327625800494382 0.360761804258169 0.400895973479578 0.447672576517902 0.488708907438724 0.527928912978051 0.563442197134334 0.58261030858589 0.583132305931569 -9999 -9999 -9999 -9999 -9999 -9999 -9999
0.145313399579679 0.156872881402484 0.16256631803875 0.158388578959908 0.155040504899742 0.160462582797664 0.170585340317982 0.185109505879337 0.188776523083827 0.19035431001764 0.192290561974665 0.196026467609695 0.201787526020284 0.206783696058674 0.211475082141649 0.215330875987658 0.22182761065391 0.231903188778831 0.241200944439245 0.249674912627242 0.249566244345019 0.255806784496228 0.27246457748225 0.290694448880125 0.309622993714827 0.329509276219721 0.348902893325052 0.367308663542157 0.3872933046762 0.408125143154043 0.421976769691068 0.434809533749255 0.445667727683638 0.457206445455504 0.469189702988392 0.475532978820539 0.471934029458623 0.438495732618271 0.404244468617493 0.369351737543373 0.346539052451682 0.331378217022234 0.340808743450446 0.369654749563728 0.416929305217985 0.445244593849421 0.474633368057384 0.532143641173378 0.559911123085567 0.553748863866717 -9999 -9999 -9999 -9999 -9999 -9999 -9999
0.135832963124616 0.145866112044141 0.153009033595913 0.149386629051545 0.146579894252765 0.152977570651217 0.163576011462284 0.17810777250562 0.180876213462081 0.181997222872193 0.186931071115701 0.191146174400385 0.194552472987771 0.19550177616837 0.196211820119796 0.200439275693681 0.203569086217383 0.205211434478516 0.211970944096523 0.220614709249118 0.230974757059544 0.243555246577462 0.259778852070295 0.277253673430185 0.295334349034698 0.31750485134549 0.338760116996444 0.358180235126963 0.37932035955964 0.401383412367826 0.417276575057504 0.431847211949936 0.443623489762886 0.450432279458122 0.453996148315767 0.458727640980263 0.459194485494166 0.445917923258147 0.41705934287002 0.37590586046454 0.347624910152607 0.325170997986698 0.31931697051879 0.332141519965775 0.362695174519325 0.403016471265174 0.448549372299262 0.512494250349461 0.548195397467341 0.551676889323492 -9999 -9999 -9999 -9999 -9999 -9999 -9999
0.123023844956736 0.132133772774451 0.140661581568986 0.140036336644769 0.139702591493819 0.145570629443633 0.153844615600802 0.164371373832824 0.171109791091135 0.176896893061141 0.181573453885741 0.183015299522286 0.180817115679105 0.177975495587872 0.175671109329919 0.179316729719559 0.180353751694383 0.177855758684545 0.185648306103145 0.197183141400434 0.211442738280008 0.227146434824624 0.245219489925844 0.263721054211881 0.282488901640543 0.306587444954891 0.329626889201903 0.350542726394474 0.372808184696633 0.395797828495473 0.414259024991225 0.430960119550362 0.443647639765562 0.449438767678891 0.450724953344902 0.449297288214914 0.445448939844878 0.434688304727433 0.40663170894044 0.364927834626864 0.330630482897799 0.299390566749284 0.276482865489928 0.272157728956073 0.285470565843271 0.34054820801115 0.403734344023225 0.46474514785619 0.490138248990618 0.47489967490793 -9999 -9999 -9999 -9999 -9999 -9999 -9999
0.107142390027457 0.115885762330149 0.125738835423052 0.130364527927404 0.134286664573326 0.138235746857498 0.141600781708174 0.144418952854742 0.159620967092482 0.174802514598003 0.176217565994829 0.171884173367983 0.161082048722323 0.15468573848571 0.150259371131815 0.152443089131112 0.152563335754225 0.149887290623957 0.162009131713449 0.178946742494166 0.19104261923323 0.206900504858158 0.228930781599512 0.250103664201355 0.270975509533794 0.296673344718411 0.321425463646573 0.344281320198862 0.367644284777627 0.391279355561174 0.412794537430301 0.431988441156467 0.445580889166209 0.453780736426672 0.458457965791434 0.446673965894446 0.430774865659374 0.406243270628224 0.374751494537323 0.337767827516935 0.296948150664822 0.255544275037757 0.21395002170099 0.191433855886632 0.187025997812107 0.259398516612106 0.341630777896858 0.391060319272306 0.432459863966957 0.464699013902566 -9999 -9999 -9999 -9999 -9999 -9999 -9999
0.0966703591058245 0.105748188212882 0.121386475814518 0.12568771389557 0.128516770313996 0.131621124176847 0.135900656469464 0.141280548753811 0.150132068204984 0.157630262204033 0.153779834962976 0.149168429267845 0.143700693464736 0.13791350011696 0.13320073780463 0.138213015685764 0.140836194333284 0.140221810026423 0.14814275212009 0.15898671389421 0.169288322825069 0.183108282373096 0.202700858826811 0.225356028177472 0.24941188109437 0.277979617895825 0.305373713344103 0.330414532187896 0.35661669863857 0.3834420259805 0.411666650720299 0.435676517942874 0.449095869185646 0.45827383802344 0.464681201311716 0.456260577190868 0.441506721546021 0.410702125685899 0.371386195228885 0.325354445044017 0.279709968334817 0.232492608482858 0.178558329097089 0.162930433352152 0.183661726260349 0.258596220152601 0.338181049761204 0.381424252074351 0.404467636817496 -9999 -9999 -9999 -9999 -9999 -9999 -9999 -9999
0.0855250973089283 0.0945916364425578 0.115170607387736 0.119185067044994 0.121061261139726 0.123391129813823 0.128735948000265 0.136903767134 0.139010000913897 0.138576245155569 0.13070886474329 0.126912020366142 0.127695755825164 0.12371678111591 0.119795423076019 0.127063228940718 0.131734033438048 0.13288553856883 0.135589095462751 0.139170967532962 0.1480246972994 0.15967852702277 0.175926527739253 0.200151494170357 0.227902423812382 0.259228816436323 0.289456454997108 0.317480973989972 0.346408727068072 0.375821141374414 0.410088860712378 0.438881318984551 0.453672934665956 0.464107727971995 0.471696506677399 0.468769401205538 0.457618319319362 0.423324655873698 0.377262488346988 0.321914450199746 0.270401163847521 0.217438695708844 0.156273773101771 0.1531759028866 0.205193413236832 0.276566076985707 0.341271618688023 0.3454724995504 -9999 -9999 -9999 -9999 -9999 -9999 -9999 -9999 -9999
0.0650874361958395 0.0715407427926396 0.0878338585320173 0.0975908845265643 0.104861416815013 0.105674167166872 0.106814771255633 0.108262356076926 0.116967638022349 0.125102054757884 0.122062462148914 0.119243819776789 0.116673813012098 0.116635960708528 0.117415740128861 0.119357638140081 0.120041017002403 0.119018926742084 0.119921964162373 0.121936351601595 0.130829105639048 0.141914105230642 0.156595958895133 0.184106292593647 0.217187187738784 0.249343087763898 0.282469066729289 0.31754015786074 0.346759308096298 0.372838398729843 0.40572671668487 0.436693896630811 0.46234001750656 0.477033399811201 0.484572105793352 0.48432080467967 0.476272193129944 0.445707818206899 0.403313718871772 0.351585443365173 0.28678462901929 0.223901028888118 0.17650073322843 0.190233173494196 0.261990842641832 0.312084158813828 0.35067352419718 0.348740909278332 -9999 -9999 -9999 -9999 -9999 -9999 -9999 -9999 -9999
0.0545235775973279 0.0594500014828931 0.0685072108245345 0.0784338338815209 0.0873008509843836 0.0914098314266804 0.0920411435419887 0.0894161951656152 0.101912506581901 0.115180908750274 0.116069646570004 0.114768081283654 0.111001764879462 0.111383103180564 0.112570660224769 0.111193154841384 0.109323915123102 0.106788306740152 0.105954192100678 0.106161596596768 0.11336618690354 0.12231404429692 0.134122109256364 0.163832263240651 0.201293388660435 0.235944763130934 0.272514586260698 0.312931104408948 0.344204151164585 0.370570954734779 0.40459146782987 0.438633341411095 0.472115949933388 0.491038786821489 0.500450718953148 0.505471762047941 0.502554136696348 0.475780772526342 0.434166396116997 0.38084180415407 0.307037659730312 0.238519716865923 0.203680681083231 0.223019475240012 0.293782124962398 0.330762921170842 0.356386988636898 -9999 -9999 -9999 -9999 -9999 -9999 -9999 -9999 -9999 -9999
0.0549120862275702 0.0595166446393058 0.0580656475802486 0.0619801351845056 0.0682309252484044 0.0809752702572165 0.0851958273028074 0.0814352684470594 0.0946078567468711 0.109200923899442 0.113020282556375 0.113833533450354 0.111264007116592 0.108157886037992 0.104990875752998 0.102519651927412 0.0996893318164756 0.0963723861128674 0.09387140876629 0.09200617041149 0.0956067396226215 0.100677828199216 0.108161622578293 0.138867470153557 0.179655346301797 0.218650144154503 0.259268903305889 0.3031438787796 0.338425848017338 0.3690969450297 0.407035604007718 0.445150451613529 0.483121857119369 0.506241831678256 0.519660380364387 0.532833940521279 0.537297402138391 0.514383513179034 0.470345006064839 0.409638240203135 0.331582947931704 0.262185718973176 0.238573126207773 0.251068268885202 0.297835713983891 0.330762921170842 -9999 -9999 -9999 -9999 -9999 -9999 -9999 -9999 -9999 -9999 -9999
0.0437631451065229 0.0474271984394708 0.0457088936289079 0.0504403762682689 0.0574524551754838 0.0701378605660734 0.0758406229004938 0.075005296327796 0.0828367177542155 0.0927013197085876 0.104310792252415 0.109151868595414 0.106376459322474 0.101078575225076 0.0953960327942478 0.0921592172656051 0.0890254417900615 0.0860312999697624 0.0847989981200755 0.0842003546849718 0.0839589258345638 0.0848871194659953 0.0877343323330293 0.113913123833751 0.150342502622486 0.193059030151626 0.236622381826621 0.281883706604863 0.322788667284293 0.361356071388618 0.405838132442513 0.447346491948559 0.480988525996218 0.506589340899424 0.52693737634083 0.550296978946223 0.562226471328713 0.537351913853442 0.502883523110677 0.460845173275116 0.385027182474692 0.316604571517978 0.298268333541273 0.290352798000144 0.292328258416917 -9999 -9999 -9999 -9999 -9999 -9999 -9999 -9999 -9999 -9999 -9999 -9999
0.0310428925290452 0.0338294687894331 0.0340104133294497 0.0411819969413582 0.0496953098447334 0.0597920468970315 0.0661785943264254 0.0690911635756824 0.0707497775445864 0.0749494635282278 0.0946539153770886 0.103547427478847 0.100275374114965 0.0934863954635618 0.0861862085195759 0.0825063230558174 0.0794470447574067 0.0772287757981996 0.0779731729778785 0.0794029496541353 0.0755462075600858 0.0728769206125734 0.072155911252916 0.0928254690021277 0.123031440294183 0.168266026074574 0.213528757743677 0.258847924933938 0.304564982067456 0.350495540697161 0.400555716628275 0.444625509070175 0.47347184452967 0.501840950783603 0.529898315779833 0.562037536900061 0.579939131887319 0.551909694070632 0.528196588407237 0.507889259863406 0.439293057394278 0.375286682000305 0.358186821296422 0.349859863607986 -9999 -9999 -9999 -9999 -9999 -9999 -9999 -9999 -9999 -9999 -9999 -9999 -9999
0.0300860617314373 0.0338156164749657 0.0316889117763334 0.0399358085930482 0.0487680689207088 0.054271118920247 0.0593583577614701 0.0640562583106213 0.0655795348087082 0.0693807942929032 0.0893421390678875 0.0984318639372185 0.0952877398744761 0.0899209606313848 0.0843577817064308 0.0821445280808643 0.0808187623120266 0.0806956664729189 0.0829134856824213 0.0854472746390878 0.0803107525051417 0.079013787796248 0.0840164493935165 0.102949643755962 0.128158491367036 0.16750604680977 0.206750589085193 0.245788578927941 0.286346214060274 0.327719266994683 0.369995485500295 0.411345686770861 0.450321399699602 0.48741878644317 0.523289190930593 0.548536883562664 0.560163021821661 0.531669213843762 0.50286055007604 0.473803451153921 0.438938619781335 0.403219101884509 0.367334331414389 -9999 -9999 -9999 -9999 -9999 -9999 -9999 -9999 -9999 -9999 -9999 -9999 -9999 -9999
0.0244636261072328 0.0313926145272609 0.0339577444517499 0.0399746889998337 0.0457677607575251 0.0487616798720047 0.053877311819248 0.0609795764819825 0.0619178255267696 0.0647881163201426 0.0851915794945871 0.0945860756199036 0.0915921658824317 0.0875026372553942 0.0834645918621863 0.0823209865632657 0.0819484606431036 0.0826208549156363 0.0865171326788797 0.0909247133455719 0.0859481176354873 0.0867792837827592 0.0971393422804381 0.114149428795539 0.134263928441148 0.168387162923151 0.203505072512802 0.240617412218226 0.277368018815258 0.313924525105985 0.349523944640354 0.386882323433258 0.42869033135791 0.467926516447857 0.505482705268229 0.526898138492666 0.535773454921697 0.509388274415413 0.479014873547638 0.445494590287 0.431632953161406 0.422069496556058 0.418865678891287 -9999 -9999 -9999 -9999 -9999 -9999 -9999 -9999 -9999 -9999 -9999 -9999 -9999 -9999
0.0126106183931565 0.0257523704377431 0.0423566308694895 0.0417296842120186 0.0399990237709009 0.0432675834428178 0.0501846564559826 0.0605179580250106 0.060270651719669 0.0614988028942085 0.0825917394643886 0.0924359787224713 0.0896220433209287 0.0866161968588929 0.0838203422030663 0.0832162429493285 0.0827549601016949 0.0824872134199832 0.0883357609341873 0.0956451171217461 0.0927510699272103 0.0967196937495264 0.11194801708466 0.126785612260402 0.141675928059483 0.171459841211247 0.204977152974213 0.245980328781735 0.280729928848381 0.312123958361362 0.342525107608451 0.374192692586926 0.40908827856604 0.441663493257605 0.472722967807778 0.494391570471842 0.505222955740071 0.484382451799618 0.457159465590496 0.424900418368304 0.415044431466752 0.410528892149763 0.415086278609763 -9999 -9999 -9999 -9999 -9999 -9999 -9999 -9999 -9999 -9999 -9999 -9999 -9999 -9999
0.00630116979009589 0.0174992940836079 0.0334712342363706 0.0350731194030922 0.0356236154865713 0.0398142339342734 0.0478120768503763 0.0593747550106021 0.0584152238148907 0.0588532771118224 0.0808638740404833 0.0909595098919957 0.0876472235465986 0.0855121870835581 0.084042235423127 0.0855013150912947 0.0871445760032904 0.0890374282104147 0.0934329495610925 0.0985550459757975 0.101497320794844 0.107607965357802 0.118917007334005 0.131973227219875 0.146054276940925 0.177799742335216 0.211581991193002 0.249448209024844 0.281258625767017 0.309819594728056 0.339200915636077 0.368397565853013 0.397069459236921 0.422558348862637 0.445967999449159 0.459863899951096 0.469759425627362 0.469555396072716 0.446034177948285 0.40411466597083 0.402800286974365 0.406327197487763 -9999 -9999 -9999 -9999 -9999 -9999 -9999 -9999 -9999 -9999 -9999 -9999 -9999 -9999 -9999
0.00207873318242945 0.00860323643872154 0.0189052061633988 0.0257832788233122 0.0319253134935362 0.0369731315073271 0.0455093958894196 0.0573120126140563 0.0562612432368988 0.0565527462886979 0.0784744999513555 0.0886259771134367 0.0855323458329475 0.0844535374417764 0.0843666549941421 0.0880659120762659 0.0922368091689076 0.0970468443117286 0.0993056457932181 0.101159926318225 0.11044197391505 0.118114497012776 0.123146246252354 0.13478661762219 0.149611094391465 0.184976137513031 0.219360834430246 0.251779832217361 0.280386805244165 0.306948305638099 0.336137518326613 0.363609425258378 0.386601594133226 0.405134841093313 0.420755378794409 0.42472250526546 0.423089134100455 0.406878037752916 -9999 0.377906909675859 -9999 -9999 -9999 -9999 -9999 -9999 -9999 -9999 -9999 -9999 -9999 -9999 -9999 -9999 -9999 -9999 -9999
0.000793764720294714 0.00328514771550911 0.00721895710774486 0.0198068274147721 0.0311874305254481 0.0329404423991053 0.037685327850538 0.0452316074578803 0.0507901642443978 0.0560882043046262 0.0621297844036485 0.070471201632451 0.081400628767622 0.0851334318308183 0.0868476085050704 0.0878170885783116 0.089813036213888 0.0931999906803792 0.100232814543158 0.108290354620807 0.112649653526356 0.118364910278348 0.126304909825895 0.139916205217016 0.156229786529288 0.188151509895023 0.218813198234707 0.246948381403446 0.273150294864731 0.298314846155725 0.318669023026841 0.339334436573761 0.361158510463141 0.376746828831558 0.388261753857386 0.390653865010008 0.393013767796846 0.397673235438516 -9999 -9999 -9999 -9999 -9999 -9999 -9999 -9999 -9999 -9999 -9999 -9999 -9999 -9999 -9999 -9999 -9999 -9999 -9999
0 0 0 0.0143560876527926 0.0278282681213049 0.0298493843654152 0.0329267970801387 0.0369932565185155 0.0465732570034691 0.0552228354633354 0.0526229932453555 0.0602175825535654 0.0792839797728409 0.0858814010927561 0.0887447537439433 0.0883346982306228 0.0893890785405064 0.0924279738104916 0.102597178302895 0.114504277326351 0.115056813464613 0.119187221942535 0.129187905615181 0.14402066731352 0.161112930240765 0.188635386292562 0.215266198540645 0.240109169471508 0.263921588832526 0.287181030402104 0.303026286262283 0.319892601922531 0.339890641334618 0.352380127306148 0.359964787953078 0.365848346058646 0.364677428883886 0.341728564058427 -9999 -9999 -9999 -9999 -9999 -9999 -9999 -9999 -9999 -9999 -9999 -9999 -9999 -9999 -9999 -9999 -9999 -9999 -9999
0 0 0 0.00975487594311302 0.0202332276870386 0.0282799627991037 0.0331220464323312 0.0349635046409987 0.044383038903505 0.0537097471706102 0.0541660021558237 0.062731902045393 0.0804235965739983 0.0867393765045677 0.08969848921147 0.0900908318259037 0.0921967387935768 0.0966247646552417 0.107283989140673 0.119237165286198 0.117786325275303 0.120933697520281 0.131625433784773 0.146468569442883 0.163191500220705 0.184769917651987 0.206872352770965 0.230025499473561 0.251473577875711 0.272006743399527 0.290333898995473 0.308260942220463 0.325369744430568 0.334511695887345 0.338449447674826 0.356011644045556 0.364677428883886 0.341728564058427 0.331607143086408 -9999 -9999 -9999 -9999 -9999 -9999 -9999 -9999 -9999 -9999 -9999 -9999 -9999 -9999 -9999 -9999 -9999 -9999
0 0 0 0.00488854513906982 0.0120271995534484 0.0255729806124416 0.0321598006818123 0.0322307061776718 0.0387718535139835 0.0463609451580914 0.0526409047688558 0.0629436880142614 0.0777733602655072 0.0855318789663991 0.0911104178240071 0.0943095913423456 0.0977019853594996 0.101356220124075 0.108715881515747 0.11677361003433 0.115754997880726 0.119321807226166 0.130411994581721 0.144993847454565 0.161108807103457 0.178102147735895 0.196050768902368 0.215914829845547 0.236910245978377 0.258512729542293 0.273789257672221 0.288596838977081 0.302744681250951 0.316924682451916 0.331125690884337 0.313569934386979 0.303011185067222 0.322855125308792 0.331607143086408 -9999 -9999 -9999 -9999 -9999 -9999 -9999 -9999 -9999 -9999 -9999 -9999 -9999 -9999 -9999 -9999 -9999 -9999
