layers/veg_sum/veg2200.asc
NCOLS 255 
NROWS 330 
XLLCORNER -2985163.8955 
YLLCORNER -3022031.214 
CELLSIZE 25000 
NODATA_value -9999 
[rows 200 to 224 of 330, columns 57 to 113 of 255]
-9999 -9999 -9999 -9999 -9999 -9999 -9999 -9999 -9999 -9999 -9999 -9999 -9999 -9999 -9999 -9999 -9999 -9999 -9999 0.208027697067358 0.208023368353092 0.179011431368626 0.127735009351085 0.0696566149955263 0.0218052818091565 0.0179404475344862 0.0163263513134796 0.016791191651393 0.0384277074846449 0.0639339440980828 0.0882103343253773 0.101133364884649 0.101453566293356 0.0903253919349205 0.0808097299807536 0.108683820123614 0.128747478908686 0.138373049486595 0.142295648647232 0.143828470449381 0.138810805814762 0.126872070122797 0.103740465196547 0.0762139567754737 0.0474889780065907 0.0557897161097528 0.0640984952422316 0.0724231530829431 0.0674327775574732 0.0554041065658377 0.0626495714978228 0.0669184798664657 0.0625621178964576 0.065103307507475 0.0720864521892842 0.0682583317072466 0.0673992559982488
-9999 -9999 -9999 -9999 -9999 -9999 -9999 -9999 -9999 -9999 -9999 -9999 -9999 -9999 -9999 -9999 -9999 -9999 -9999 0.208030294836299 0.208036452372665 0.188672410602029 0.154440975817077 0.0839631678277884 0.0214529111342746 0.00930602114068645 0.0072270192913221 0.0144474117895479 0.0423525064325775 0.0725611393208355 0.0935699145201495 0.103568761119558 0.101346005201136 0.0953757282689244 0.0900849387483215 0.0982605953164269 0.109957528058005 0.126360396953012 0.131031140679355 0.131904475393833 0.135649210412291 0.129711490652967 0.10811514677367 0.090342038092164 0.0743451112637619 0.0658464767884332 0.061937083743424 0.0670901157700044 0.0647729087762811 0.0585069509246504 0.055936793179774 0.0552535224343209 0.0589260747069688 0.0631653428161248 0.067769570324874 0.0647873670220274 0.0637808436619646
-9999 -9999 -9999 -9999 -9999 -9999 -9999 -9999 -9999 -9999 -9999 -9999 -9999 -9999 -9999 -9999 -9999 -9999 -9999 0.202306221687766 0.202697110884028 0.187039847761184 0.159064993894938 0.0847963789426984 0.0182400151424971 0.00626272387830738 0.00610110195293516 0.0168532453662685 0.0450394062271687 0.0749219637319974 0.0957231723918288 0.105703211878352 0.103671181784743 0.0976808203748938 0.09174864958351 0.0947030466421259 0.100750697783347 0.110932263875273 0.117035560423797 0.121856994385419 0.128234354483913 0.127732421187543 0.11610518217548 0.0998901342879364 0.0819579041053739 0.077447458548795 0.0721939316218679 0.0654730338139095 0.0608196604874904 0.0572591757618288 0.0550702768592412 0.0537487836504033 0.0544525442789452 0.0561801485659229 0.0585670980534205 0.0612988102681308 0.0637363023808925
-9999 -9999 -9999 -9999 -9999 -9999 -9999 -9999 -9999 -9999 -9999 -9999 -9999 -9999 -9999 -9999 -9999 -9999 -9999 0.185658365947336 0.19246981371214 0.181129638048996 0.155857374487634 0.0814623964127322 0.0151345058676609 0.00626037784957903 0.00908216388372416 0.0227071010324932 0.0476016507685438 0.073927394716057 0.0961946366007825 0.1075242429473 0.106712495894487 0.0992247755979908 0.091265239811987 0.0936808645720405 0.0951258802971146 0.0952737458063196 0.102610794685789 0.112221350363338 0.119291276204397 0.123857224500486 0.124373699384987 0.107389773908327 0.0834520884483409 0.0888724988609946 0.0855224988337496 0.064853473720232 0.0563326808732602 0.0542334151627295 0.0556002523589983 0.0551766957412763 0.0501328866288516 0.0483461240464284 0.048656867249905 0.057903948914786 0.0643794441688573
-9999 -9999 -9999 -9999 -9999 -9999 -9999 -9999 -9999 -9999 -9999 -9999 -9999 -9999 -9999 -9999 -9999 -9999 -9999 0.183485957338057 0.181528179790344 0.168857708906421 0.147964822777979 0.0841741182062536 0.0277640102077371 0.0228550913517816 0.0323865996604267 0.0552562802677298 0.0544805919331316 0.0551006349973381 0.0880526426434326 0.106270805201785 0.108133621166591 0.103281581919977 0.0972132024609657 0.095577308450342 0.0942033348822872 0.0931793994308936 0.0954639368110237 0.0992885061481759 0.109158129855464 0.116233090525646 0.118788476455293 0.107740086785494 0.0911514036264306 0.0900848045171573 0.0820752756779406 0.0603554678285084 0.0504785677562174 0.0468618010100493 0.0475098914759153 0.0489892635081799 0.0522034079960867 0.0531514329681583 0.0526400993611545 0.0559610211054104 0.057334846552287
-9999 -9999 -9999 -9999 -9999 -9999 -9999 -9999 -9999 -9999 -9999 -9999 -9999 -9999 -9999 -9999 -9999 -9999 -9999 0.169018352180415 0.169916971222475 0.158359162303474 0.137240552944765 0.0807376260975997 0.0310533959981282 0.0267403736227482 0.0419124034246351 0.0750821683507182 0.0630333814569359 0.0508538912787069 0.0853448369808007 0.104519001206477 0.106690728644429 0.104258974343096 0.100708584136742 0.0978924866504573 0.0954093438618591 0.0933711714397155 0.0916642371304377 0.090913384628677 0.102484130162856 0.110527578615042 0.112866624574882 0.106029886572651 0.0953926141789612 0.0917830138008453 0.0823885471782603 0.0615706421322108 0.0503263918592581 0.0441427530869319 0.0428957083522635 0.0440885509115305 0.0509027870255126 0.0547424287738467 0.0566664611395144 0.054646177067333 0.05188467805053
-9999 -9999 -9999 -9999 -9999 -9999 -9999 -9999 -9999 -9999 -9999 -9999 -9999 -9999 -9999 -9999 -9999 -9999 -9999 0.168533051594231 0.167472688257757 0.150726327778105 0.121940344956273 0.0673658772458046 0.0192495405189427 0.0100877461282541 0.0291725136408427 0.0743477496150713 0.074291039982129 0.0701678441436357 0.0914184525175018 0.101961858177328 0.100619703048873 0.100260162588801 0.100240697448761 0.100884322016471 0.10005500779433 0.0972572152247167 0.0932734052199384 0.089903352526356 0.101399966915366 0.107922479784487 0.106400794377229 0.10098998331148 0.0940456721645461 0.0942664230415779 0.0887786208985924 0.0720180768882219 0.0593883082362776 0.0489420577684337 0.0438988832246512 0.0412671234776859 0.0441545409109991 0.0511392289043619 0.0607625186576136 0.054346290157185 0.0490110403699932
-9999 -9999 -9999 -9999 -9999 -9999 -9999 -9999 -9999 -9999 -9999 -9999 -9999 -9999 -9999 -9999 -9999 -9999 -9999 0.178138427883444 0.176903142745522 0.156017404358715 0.120049166988276 0.0604615864160798 0.00917017447913217 0.00297478041125572 0.024129798134375 0.0705475384036693 0.0639925083394485 0.0561068989783263 0.0965194361063272 0.112887609790724 0.102565269532596 0.102341514387669 0.104447587915022 0.103938487872549 0.101997152923714 0.098141737484168 0.0941402831341853 0.0907612715230974 0.0972030533132366 0.101639390228065 0.102832488912866 0.097262153175337 0.0890383146820136 0.0939975929688218 0.0932016831402002 0.0810409406129965 0.0687279876808002 0.0563345766848574 0.0463747047595383 0.0404560019857414 0.0442492202407527 0.049818356430666 0.0565311662246954 0.0515811670665675 0.0476617366766254
-9999 -9999 -9999 -9999 -9999 -9999 -9999 -9999 -9999 -9999 -9999 -9999 -9999 -9999 -9999 -9999 -9999 -9999 -9999 0.179761499464224 0.187305583804431 0.166480149125259 0.123879988115019 0.0566255831919926 0.000313546786780144 0.000101713750534223 0.0223573342762156 0.0653654410895404 0.0448354780241047 0.0284382918122696 0.100990992341405 0.129146649833431 0.108019243585042 0.107060971888813 0.11052680474085 0.106915598187763 0.102713705892131 0.0977224039466403 0.0946636328168546 0.0923747408750801 0.0917221620673934 0.0938226862935197 0.100375573743583 0.0940467044754676 0.0825952292281793 0.0925341339482907 0.0966512902452175 0.0892721764783835 0.0780413771130715 0.0647745857574041 0.0496719045960675 0.0407969932163195 0.0472792339210382 0.0494883247549652 0.0489455492905622 0.047887133515115 0.0470158689319103
-9999 -9999 -9999 -9999 -9999 -9999 -9999 -9999 -9999 -9999 -9999 -9999 -9999 -9999 -9999 -9999 -9999 -9999 -9999 0.177489726167803 0.175863486007275 0.157691618537107 0.12682032862001 0.0688849189691563 0.0174251616119074 0.00565267646150314 0.0193053075159653 0.0564423256171796 0.0453314712327424 0.0369692549479658 0.0940419358077291 0.121996712857503 0.117629078068826 0.113708955783415 0.109731180578182 0.104335390710934 0.0997563594704008 0.0962688682740807 0.093801944150954 0.0916378595191837 0.0888222881730168 0.0881727313272547 0.091026088533627 0.0881984842369486 0.0831601278267861 0.0901726761352755 0.0930484004832538 0.0877550934682699 0.0795777304541816 0.0698758621906946 0.0632090036893516 0.0567692892919418 0.0506729653288657 0.0499126364456879 0.0525886356746588 0.0509503764867233 0.0491061249411608
-9999 -9999 -9999 -9999 -9999 -9999 -9999 -9999 -9999 -9999 -9999 -9999 -9999 -9999 -9999 -9999 -9999 -9999 -9999 -9999 0.164921024107296 0.152832586809607 0.131465796440522 0.0780697890571363 0.0282379260074444 0.00916030870869356 0.0152531666053039 0.044595207588259 0.0422409752469912 0.0424366107699612 0.0896487977135491 0.117326489104627 0.123319858216708 0.118932710632039 0.111726343227133 0.103773974055315 0.0978789030003447 0.0947332651364956 0.0921760971323472 0.0897012402886542 0.0855020132038753 0.0830160476592845 0.0833007966796166 0.0825135906211937 0.081399032541459 0.0874190367522612 0.0904490810750323 0.0875748190186871 0.082044208983554 0.0751094596254848 0.0736796354013852 0.0700617329524663 0.0607086649090493 0.055645767641908 0.0533456979680628 0.0518181124332787 0.0502516560690999
-9999 -9999 -9999 -9999 -9999 -9999 -9999 -9999 -9999 -9999 -9999 -9999 -9999 -9999 -9999 -9999 -9999 -9999 -9999 -9999 -9999 0.155726793069345 0.139475626574038 0.0811884748765489 0.0266225187305941 0.00863627484932593 0.00922771477192174 0.0269787819452521 0.03207402873947 0.0418592068287165 0.0902987057278228 0.117548952037815 0.12127800831972 0.121346339524813 0.119227967409586 0.107195804688561 0.0981321619452222 0.0930357358577116 0.0890425001999295 0.0853974354209232 0.0813522508882985 0.078832630533328 0.078780177500801 0.0771509544282926 0.0750485519989979 0.0838915895239619 0.0898298919748797 0.0900321824157412 0.0863459042156804 0.0806041377353732 0.0780998641918119 0.0780665981502545 0.0838495368712897 0.0718536546573945 0.0484083874150703 0.0483539248772362 0.0495331640487903
-9999 -9999 -9999 -9999 -9999 -9999 -9999 -9999 -9999 -9999 -9999 -9999 -9999 -9999 -9999 -9999 -9999 -9999 -9999 -9999 -9999 0.131112891872843 0.132459833602485 0.0925010685407419 0.0499927228921915 0.0188828117832913 0.00709111283363382 0.0131430440858352 0.0252234058429139 0.0439757920402479 0.0925381374220814 0.119044060417017 0.121066189086498 0.121887717160183 0.121269245612887 0.111549592614694 0.101483915918799 0.0909558030637585 0.08630438821322 0.0835387235805751 0.0790951860777396 0.0764849209104021 0.0768394537276605 0.0758667722104766 0.0744898717109281 0.0820051098202922 0.0878556690629978 0.0904189688040171 0.0903409333733826 0.0888666943545175 0.0806792716948416 0.0759895957080116 0.0803220605137603 0.0753350653940831 0.0643464301581272 0.054340445000566 0.0470156406183636
-9999 -9999 -9999 -9999 -9999 -9999 -9999 -9999 -9999 -9999 -9999 -9999 -9999 -9999 -9999 -9999 -9999 -9999 -9999 -9999 -9999 0.127029238269625 0.121158160967428 0.108141425392822 0.0865595374451337 0.0348180238494288 0.00700847851836792 0.0013041460401754 0.0201243602785092 0.0475152571895097 0.0956171052935615 0.121211339903928 0.121820934219068 0.121440230846415 0.120426541622423 0.116395610932142 0.106472197050977 0.0886738968174285 0.0837751588771116 0.0829714326098924 0.0778377842781869 0.0751067739803743 0.0762613491805089 0.0767367004990543 0.0769902372905164 0.0809853373069082 0.0851657601121915 0.0897121418485717 0.0941739912015303 0.098591156934507 0.0822864155656717 0.0685876693754583 0.0627092053203489 0.0720947535297568 0.0913101748300041 0.0653185302682753 0.0435479256483145
-9999 -9999 -9999 -9999 -9999 -9999 -9999 -9999 -9999 -9999 -9999 -9999 -9999 -9999 -9999 -9999 -9999 -9999 -9999 -9999 -9999 0.132989337336901 0.134123445321698 0.118656002088179 0.0925342622370982 0.0329079623795604 0.00295567776896432 0.000412355763503354 0.0243836699856682 0.0547197325780647 0.0917373745061801 0.111266934970566 0.11138380092838 0.114826159753103 0.118349560044058 0.115458630133298 0.110040291662984 0.10124425069819 0.0913238819613131 0.0815743084403517 0.0799125171067993 0.0784045372455226 0.077145303811157 0.0780006024552703 0.0797791343885971 0.0825044104829184 0.0852091292996599 0.0878732534363067 0.0916429677186197 0.0959970943636868 0.0878207772671888 0.0792441695307178 0.0705641975239472 0.0700058667715566 0.0746777927456666 0.071509619371177 0.0650672132579431
-9999 -9999 -9999 -9999 -9999 -9999 -9999 -9999 -9999 -9999 -9999 -9999 -9999 -9999 -9999 -9999 -9999 -9999 -9999 -9999 -9999 0.169151123454242 0.146633937071724 0.126868531086671 0.0986863685757179 0.0357840441334037 0.00385601068266437 0.000537963997910473 0.029632054950744 0.0634736789014868 0.0890611584246505 0.102406037519334 0.102160983231273 0.107859459992464 0.114214368272428 0.113245403193029 0.111850657790713 0.109886887149728 0.0985743995890045 0.0848130409225062 0.081771451056936 0.0794965343056569 0.0784614938455764 0.0796504964590541 0.0817878296122079 0.0836913452271632 0.0853448832574637 0.0865047878267864 0.0895974901719939 0.0937118648967521 0.0918893275414494 0.087682575850342 0.0780604587111156 0.0702346436057967 0.0635656292629596 0.0749754846594069 0.0796663453001162
-9999 -9999 -9999 -9999 -9999 -9999 -9999 -9999 -9999 -9999 -9999 -9999 -9999 -9999 -9999 -9999 -9999 -9999 -9999 -9999 0.181890406753399 0.168528666731724 0.144911263507578 0.129812211140957 0.107392810027291 0.0515905617247614 0.0171327910340541 0.00239024876188257 0.0366480679377525 0.0757591006393797 0.0898077465497953 0.097032009455909 0.0966808466223202 0.100458772325694 0.105136256310986 0.108315068356963 0.109465111452632 0.10790384856721 0.104397649571226 0.0994353479083074 0.0828721395443282 0.0748753545919599 0.0807323295933951 0.0822161082231672 0.0818703792344797 0.0838908000043212 0.0855168462793539 0.0863641169411147 0.0891794942413068 0.0930352081031318 0.0921044206147405 0.0894498696523373 0.0829145895429312 0.0760459655308666 0.0689626713389074 0.0721151348806454 0.0756262127266625
-9999 -9999 -9999 -9999 -9999 -9999 -9999 -9999 -9999 -9999 -9999 -9999 -9999 -9999 -9999 -9999 -9999 -9999 -9999 0.181685979692503 0.181721011214635 0.170345093207042 0.150210820748052 0.135714011759683 0.11530042425612 0.0685535245984841 0.0318572784751265 0.00444450762755266 0.0383762905909425 0.0784336658825417 0.0873843308724343 0.0928815024803746 0.0945451139494655 0.0969894854924042 0.0997312967448733 0.103220307749453 0.105018001888403 0.104555370851828 0.105739775824953 0.106451489520488 0.092064556637796 0.0825122030311671 0.0807784100478001 0.0821166264211516 0.0847416155040237 0.0857916705198199 0.0865346466952531 0.0866712309377023 0.0885298102037423 0.091298632007971 0.0912483978005538 0.0900788970192943 0.0863693937442829 0.0797395167989955 0.071228948063164 0.0671574619515783 0.0674837663289059
-9999 -9999 -9999 -9999 -9999 -9999 -9999 -9999 -9999 -9999 -9999 -9999 -9999 -9999 -9999 -9999 -9999 -9999 -9999 0.181648657517905 0.181533032963273 0.173730925449256 0.160029138678263 0.143519344075671 0.122693998267183 0.086260652628149 0.0475133561856055 0.00662873553817317 0.0367018539239191 0.0749237063313147 0.082921037986871 0.0895183235133968 0.0945614838573323 0.0960500299956523 0.0966899872941218 0.0980197402077862 0.0992442895500804 0.100328241772015 0.104198327568875 0.108573112275876 0.106463949428089 0.09803701432608 0.0793928746747179 0.0803021739244717 0.089407353826875 0.0887873912003484 0.088096738073996 0.0872664916471665 0.087731036348602 0.0888800046092636 0.0897031187512541 0.089975457202502 0.088923740192853 0.0820702961701698 0.0714805972718018 0.0608501749655306 0.0567015071762012
-9999 -9999 -9999 -9999 -9999 -9999 -9999 -9999 -9999 -9999 -9999 -9999 -9999 -9999 -9999 -9999 -9999 -9999 -9999 0.183783321823538 0.183921433911543 0.173690136686525 0.155499908263143 0.136278797375658 0.114068686731002 0.0805729582182826 0.0445581137809443 0.00621644051369269 0.0261608181979491 0.0546473125216798 0.0683161673378528 0.0795833198841713 0.0881844560034094 0.0944553005018897 0.099643581344024 0.101025150607212 0.101092474528388 0.0994034026530518 0.0992121797593506 0.0998337160696095 0.104880153031652 0.102728351179566 0.0889354398668005 0.0842222338709994 0.0834587015380593 0.0859675679812072 0.0872012215103629 0.0859166981994362 0.0866665798325893 0.0884918431565334 0.0867256541080863 0.0860387205330169 0.0882418373779329 0.0859916849791268 0.080873671185392 0.0667054918640038 0.057479614881281
-9999 -9999 -9999 -9999 -9999 -9999 -9999 -9999 -9999 -9999 -9999 -9999 -9999 -9999 -9999 -9999 -9999 -9999 -9999 0.184354146997565 0.185145143601794 0.173211626895548 0.151511543655609 0.129576339932429 0.105614632612305 0.0737602054681095 0.040395465458402 0.00563569654854815 0.0173062353964669 0.0375317778774325 0.0554314193771884 0.0703508754401679 0.0819621681933492 0.0921338427272685 0.101074090666819 0.103109276293379 0.102913020589194 0.0997346016250752 0.095876758885376 0.0926877424584837 0.102650238308152 0.105971781332769 0.0985534669067169 0.0898202869693268 0.0807517775150156 0.0840178947076277 0.0858954909472928 0.0850311597273829 0.0859726000289946 0.0878685669294757 0.0841497277535451 0.0826886142490481 0.0871406536849335 0.088638417964295 0.0882336582309132 0.074483820679254 0.0631620208722365
-9999 -9999 -9999 -9999 -9999 -9999 -9999 -9999 -9999 -9999 -9999 -9999 -9999 -9999 -9999 -9999 -9999 -9999 -9999 0.184025624664962 0.183490495814485 0.172220735879397 0.152711722611435 0.128225048281878 0.101616869939344 0.0692067348692305 0.0370649550908803 0.00517104672782818 0.0158360639899129 0.0342928878684764 0.0503476842275725 0.0649002872745083 0.0777853763680546 0.0877276303797207 0.0963289713914977 0.100335116105485 0.102779603884594 0.103137047800325 0.09848614580608 0.0931276880214735 0.102342386941694 0.107397467375043 0.1057255448052 0.0991970401042299 0.0906631424425502 0.0861824812975467 0.0839248077912144 0.0860568922037902 0.0864884302957848 0.0860210635837892 0.0831655606136025 0.0820908038342852 0.0855373929267631 0.0869568485499464 0.0870708502468589 0.0852219980903554 0.0811633120490703
-9999 -9999 -9999 -9999 -9999 -9999 -9999 -9999 -9999 -9999 -9999 -9999 -9999 -9999 -9999 -9999 -9999 -9999 -9999 0.186039775973442 0.185262219714251 0.175774404369791 0.159601121156635 0.131686958654162 0.100033133666194 0.0596948030919334 0.0278625842056455 0.00388719545274427 0.0167233023981242 0.0354508456077526 0.0475085490738833 0.0589091522711282 0.0695803394482955 0.0820995183563797 0.0941564901373156 0.0985439444489344 0.101970235866285 0.104112001165647 0.101363508907185 0.0975197383369848 0.101996812918963 0.105677171285496 0.108069067166612 0.104461823493132 0.0982723911100955 0.0914059749367332 0.0866701587187502 0.0861416614545255 0.0860350745842657 0.0861515085605411 0.0840144243743047 0.0830214060933449 0.0849834419422922 0.084742510385963 0.0830828895858194 0.0867126189009421 0.0871291787023273
-9999 -9999 -9999 -9999 -9999 -9999 -9999 -9999 -9999 -9999 -9999 -9999 -9999 -9999 -9999 -9999 -9999 -9999 -9999 0.186731564261739 0.188746506311901 0.182862131302969 0.170914718459431 0.138891836242769 0.100326655324658 0.0463269438995454 0.0140939845786412 0.00196629545776451 0.0194437710780422 0.0400279943343825 0.0464149180894875 0.0524976631910079 0.0582427539140473 0.0755212009590631 0.093984610504861 0.0975171898746879 0.100635217024462 0.103199224499629 0.1044492626084 0.104985127035962 0.101621904024129 0.101510414829925 0.106657682713038 0.106528950128637 0.104091408316667 0.099008215353816 0.0930829146050385 0.0854946944330775 0.0848280352903578 0.0878200971039543 0.0862887372508069 0.0851405723279012 0.0852454824878028 0.0821138667441913 0.0768979602953956 0.0810119144726153 0.0837357458263854
-9999 -9999 -9999 -9999 -9999 -9999 -9999 -9999 -9999 -9999 -9999 -9999 -9999 -9999 -9999 -9999 -9999 -9999 -9999 0.188368394689373 0.188317981644012 0.183357497799076 0.174628340687107 0.122944146057741 0.0689884053904275 0.0283885336295891 0.00614523865928493 0.000857341285937166 0.0210453227510082 0.042598683572021 0.0448524394380555 0.0472077964055403 0.0496759359643044 0.0680453337814123 0.0885897284370263 0.0929291008133873 0.0977160153129933 0.10310103815577 0.103218606928482 0.101531771171219 0.0996810029988582 0.0997213293731416 0.102819964756953 0.103602282949454 0.103322568431585 0.0992616597842821 0.0947307571733603 0.0892717523599134 0.0879941722582708 0.0889268834703515 0.0874775065106862 0.0862148843759109 0.085575368477561 0.0826746556752689 0.0783177544073255 0.0825289613084177 0.0851406011660508
