layers/veg_sum/veg2800.asc
NCOLS 255 
NROWS 330 
XLLCORNER -2985163.8955 
YLLCORNER -3022031.214 
CELLSIZE 25000 
NODATA_value -9999 
[rows 104 to 129 of 330, columns 171 to 227 of 255]
0.594801796684413 0.554947742351253 0.547707563260625 0.497574652360926 0.428954216777675 0.402721523407286 0.388631684679273 0.399266287418825 0.429353313729802 0.470035196578651 0.432367417652271 0.397579420774869 0.377165684996968 0.379351546869062 0.396511400929729 0.40494881418133 0.411101449754309 0.412371113565341 0.388582174622782 0.344746501958177 0.348397715698694 0.36039076499224 0.378585853424877 0.395754732613212 0.411936221393992 0.401933013534932 0.388651227837269 0.388114232155412 0.393431812810128 0.405520031501764 0.404787241966507 0.402444657465353 0.417873056307062 0.438413826394013 0.466078553389229 0.477774668636097 0.484107176292889 0.496926996643878 0.509832996021288 0.52288455236893 0.531244803845839 0.537546312116758 0.550072584381604 0.558522502761956 0.55854332869991 0.566674270390966 0.579288569993781 0.587920252366192 0.595263797473312 0.599699983369405 0.607179394893312 0.61670394591363 0.629894373790948 0.641595942897883 0.647329056954567 0.653345834919813 0.659592686653072
0.604864025539045 0.561027878724619 0.550265201709129 0.486348294176022 0.399717558414583 0.382755143808511 0.374996656032969 0.38597856801475 0.414463156058748 0.452480661233979 0.415579515061892 0.381731177858242 0.362383846804916 0.364916094883025 0.381945266847897 0.394877248845679 0.402876755345604 0.396194430058064 0.364428685560995 0.312596354324172 0.318519784425796 0.331808163967298 0.340907971684119 0.360812604930864 0.391113345153636 0.395951795808584 0.393645078994791 0.380528568959944 0.375669751435059 0.380360702124122 0.387876726007468 0.39779996428145 0.422326111073145 0.444454656318639 0.463242205912806 0.474533567099457 0.483287783094134 0.494748433810439 0.503621607808835 0.508124515778031 0.521248566282518 0.538152987432058 0.54324940394148 0.541488886742305 0.525549588765282 0.539064416203868 0.568861796226923 0.579733550536585 0.586728677069159 0.58567850983019 0.591526397388817 0.602009986022652 0.619466336653947 0.634890140584625 0.641576359378921 0.648917578830763 0.656790055396341
0.592711561172788 0.55273573748876 0.541715086067995 0.482401909248773 0.402505914936961 0.390571593968924 0.385848930352384 0.395810145059558 0.407303924294311 0.419632422207952 0.391988257629894 0.363910839407145 0.33835752034073 0.341336238389621 0.363219651447047 0.37448589147643 0.378202617756275 0.360669060321796 0.325898900751167 0.277339561604404 0.284962476680902 0.300449961169015 0.314817352424727 0.337011107809396 0.366735176246567 0.37546911234505 0.377116473709039 0.362837463722967 0.36045348513223 0.371825745658663 0.385052142062324 0.39946317247519 0.419892108909373 0.439306848674161 0.457308331650134 0.470163176931081 0.481319132810345 0.49508919813283 0.503871255002048 0.504228531178248 0.517030810155281 0.535297270792154 0.537399125622238 0.536377765641224 0.528898216036304 0.541224087653015 0.564498605951589 0.572088236606307 0.577140994880493 0.577263814160611 0.583688367500982 0.594347876378236 0.611143732885748 0.62650381148721 0.635328983046533 0.644904046213855 0.65508733052827
0.566866076688346 0.535584599889981 0.526318209199738 0.482942861566551 0.425034322278475 0.415513234337901 0.41179504948953 0.419892334896766 0.404909994617052 0.377357224632103 0.364203448038921 0.344874911635954 0.308632939904096 0.312119819030229 0.341930153627648 0.347733468549063 0.343389129865525 0.313217262110484 0.278507642818778 0.240167849185478 0.249137220621239 0.267380892029049 0.295869060844333 0.320076636799094 0.340165543629994 0.346047801635666 0.34732153941572 0.338917417136154 0.346806433528625 0.373537965261547 0.390910052560465 0.40501453791732 0.413212961059462 0.427262423651023 0.44946515816019 0.465096699186802 0.478642086501015 0.496982862469911 0.508103450453497 0.507029091113207 0.516374879607631 0.53030735395294 0.532148539055736 0.538615607731108 0.554648087400197 0.561733538205238 0.563872976664027 0.564776631331088 0.566904519141195 0.572305106894908 0.580667442568585 0.591020162259196 0.604118907177767 0.617081614514608 0.628776689329028 0.641146146964964 0.654062582175934
0.542851224785496 0.536919894982928 0.527819340845961 0.491543939466181 0.443283234908014 0.398121599676786 0.372662177689512 0.387319040750376 0.376609357701086 0.352083662682306 0.347801848908718 0.33925751456168 0.318104616948275 0.319474428043692 0.335767286420509 0.307195943547167 0.277798959440268 0.258359240029463 0.246461071147642 0.240596098002732 0.235239440266019 0.236157442657284 0.263237167093213 0.288099550831396 0.310828470125178 0.323673760130221 0.334626676216771 0.346550377454999 0.360350434650186 0.376320439982122 0.390787403840738 0.404682504128783 0.41720403602316 0.431249591674467 0.447418834955395 0.459000259566729 0.469434597237893 0.488652454458771 0.501537689840469 0.503727083242991 0.517194117486543 0.53560674489349 0.538616378503717 0.544232063423115 0.555236546277401 0.563023112470764 0.569030780241425 0.563626093778369 0.561454231265865 0.568751626716901 0.576175163767855 0.583683471782149 0.600138401980578 0.616223964486854 0.628421108213354 0.64104440673965 0.654013350367725
0.52042348889425 0.534120548144481 0.525618584103895 0.495058069530682 0.454381031456413 0.382413666789098 0.338800902505036 0.352921816022352 0.347459041743499 0.33132991723219 0.331396263768759 0.329311040313274 0.32032026020334 0.321300755195581 0.32888799592739 0.27744508453434 0.230927278327412 0.216807450163349 0.221067177525903 0.240030440404572 0.225806642044559 0.215118366105549 0.239607052005191 0.263640387528887 0.28723559740152 0.306328939597682 0.325642019033958 0.351739998480435 0.367707083711466 0.371958100386922 0.387038764597415 0.404771600193358 0.419154418258154 0.432286954386473 0.443677255021445 0.453071584059975 0.462288732376624 0.480981709388213 0.494615184363154 0.499703125489462 0.517297584221176 0.540351460129336 0.543190403741213 0.547335285728587 0.554180589613336 0.563082308579479 0.573120835589514 0.56307216556627 0.557695104991629 0.566366582540502 0.573786751984323 0.580366004604746 0.599031222881258 0.616888941280962 0.628484588807794 0.63340016272843 0.632897670907187
0.502277536183777 0.515567394147476 0.509244377372561 0.482093990940265 0.445401355823475 0.380004372865556 0.333234671673865 0.324392554340562 0.320946148346931 0.320438542619174 0.312727769960585 0.304044124442206 0.293553292405555 0.299718979606738 0.316920907046306 0.281981759432773 0.244911673939093 0.215653780247073 0.212103998735089 0.229120554637742 0.225101593616857 0.223513270734765 0.245021902396934 0.264153268623434 0.280997295206068 0.302305647795724 0.324131383676157 0.343540320020956 0.351582290281512 0.346478712767142 0.373863419632798 0.407256455853883 0.413023592263429 0.421522776294857 0.433828997921162 0.447837472818532 0.462466600825108 0.477263110758903 0.488784361120903 0.494773675468035 0.515014996302284 0.541438315007933 0.539905678198312 0.54241672248753 0.553289298369807 0.563342572194594 0.572942927161823 0.563045419723987 0.557937677193507 0.567122415877367 0.577845142550048 0.589601443582842 0.60572918631347 0.620315249673199 0.628548706450684 0.632431799925831 0.632786406177236
0.489927268333526 0.490903293219034 0.475365905228615 0.451334388033465 0.423300730574142 0.373928008385561 0.332967291999843 0.30913452050213 0.296546366386279 0.290082647487802 0.291703915761233 0.291122018698614 0.284238503020768 0.281287017875826 0.280940808957337 0.261509528901289 0.237276134458849 0.202991203597021 0.192548829337445 0.201180359084334 0.210873579857775 0.222305601505895 0.240425247387024 0.258756251832711 0.277290619696098 0.293678606557367 0.307646603637627 0.310045030112876 0.306405631936996 0.295783674666645 0.335607621316351 0.385607634682564 0.400350989004484 0.414448531372394 0.427646151510383 0.443684456932902 0.460616305836743 0.4753295463444 0.487827675507516 0.496584466326234 0.516988724952422 0.542440347340827 0.544435039151569 0.54932712156753 0.560210433877938 0.568385632824404 0.5750637580119 0.567910248442302 0.56459564602101 0.572553967547482 0.5841034171468 0.598066213226683 0.612132080542323 0.624124104577982 0.629301431482001 0.631620060547687 -9999
0.48190049562912 0.461680516304615 0.428429510100891 0.407299587310488 0.391412071064231 0.365116063532812 0.336652776880919 0.303776626257893 0.273722934288697 0.245206508070044 0.268922997562791 0.287408958641554 0.287942780488789 0.26520477067452 0.227047361324468 0.22238102498074 0.213512443314427 0.181743152823113 0.165092191678857 0.160535804430956 0.186557634063439 0.213934554270051 0.228360157489679 0.248950538669487 0.275472500232523 0.281617236362034 0.279991333242612 0.257679588368238 0.239556712252328 0.226278134428433 0.2786421759198 0.345955447705415 0.382798316706386 0.410126921993461 0.424197647236175 0.440337922185529 0.457253030935619 0.474727591040643 0.490507024441694 0.503423377143973 0.52213760278151 0.543379103309764 0.554793593004398 0.565061751503576 0.572959524140804 0.576996589255194 0.5788994143483 0.576424119401242 0.576039405801353 0.581473535906685 0.592002772678585 0.605956074950915 0.618314857511665 0.628218333520509 0.630567847435627 -9999 -9999
0.462578669547513 0.440694909362282 0.419669627205829 0.380239420466451 0.332968885060769 0.311953190960471 0.291524775096586 0.272292134592695 0.26569051094042 0.26596843167905 0.273541605432395 0.277017518937684 0.269475087456483 0.25175693462727 0.227296574510209 0.218117700168888 0.20795081444474 0.190318074918719 0.174040604582588 0.158847341567934 0.187314971111169 0.217205808149501 0.226445610736472 0.244354521735308 0.270604611236927 0.269777091293897 0.263128373684656 0.255405422536812 0.258006982315829 0.272548522441047 0.289858115739848 0.311395297488772 0.364103350147366 0.404066920876736 0.426271386148645 0.439030855836889 0.448801166877221 0.465628125602357 0.480596809840162 0.492426855647443 0.513857577084196 0.539481763082469 0.549903063837394 0.560509058355073 0.571496962992405 0.578310222305057 0.582815693453521 0.584353460133435 0.587125990199897 0.59337406778024 0.600188948118333 0.607384737021322 0.618990203475715 -9999 -9999 -9999 -9999
0.441718399623614 0.417817780256764 0.409660417761539 0.356050111425231 0.282960908690212 0.26456555491536 0.249574894319869 0.241516634688347 0.256138075093417 0.283112123764877 0.277344301608359 0.268122262909009 0.253132672918368 0.243904874851782 0.238494712328941 0.223576078049418 0.210357109604651 0.205266089908887 0.190692819148908 0.168533803723149 0.195905195000768 0.224602049991185 0.228652108223784 0.243009622602918 0.267284688769752 0.261437490948614 0.252279300649763 0.260483287555761 0.282439760534595 0.320300562017154 0.307564794462599 0.289753403720605 0.353596960959474 0.402568969981483 0.430817861770041 0.440500680471575 0.444157957607733 0.45905598153828 0.472287163189475 0.482703036730238 0.50607181194397 0.535099575319926 0.543779809273308 0.554206808278792 0.568245771435707 0.578408437937732 0.586428246581115 0.5911632505463 0.596546293757836 0.603928708076569 0.607882703229468 0.609532697199475 -9999 -9999 -9999 -9999 -9999
0.420276869321837 0.383945499983761 0.377177764396866 0.334851924458096 0.277255786691693 0.259670612096313 0.242349953190863 0.225567882853386 0.23395291924151 0.256045341974169 0.265323607321876 0.267999769682088 0.255146217576556 0.256032990025046 0.266023796789848 0.249672629478177 0.234498696973786 0.230506200247471 0.219621169581757 0.203222152605152 0.222526187806282 0.24221949174962 0.241758030513944 0.251563544523936 0.271247660708353 0.266259847098972 0.259204066843835 0.27014478787788 0.289906672436656 0.319869962162422 0.318185524897405 0.314697073303359 0.374650656277595 0.419165947294378 0.442168378355136 0.45154541637353 0.456311527836451 0.466009218865071 0.47589255208478 0.486089436246102 0.506398920715877 0.531127304411109 0.54007106784695 0.55070171933043 0.564820521179756 0.577291841363675 0.588852416228543 0.594002295989175 0.599818460773925 0.60799815636072 0.610711640970628 0.60975166677999 -9999 -9999 -9999 -9999 -9999
0.429436888960625 0.394303818094472 0.3817864616595 0.345543900962054 0.298961602878004 0.265906977056152 0.236155019596315 0.213127727217984 0.217937280853372 0.237908307243005 0.255989336172954 0.266672272728647 0.258824113329351 0.266394294694243 0.284180326701227 0.269668132463746 0.255292073219869 0.25042933061039 0.244858750132459 0.238721903553947 0.227222824488867 0.216078534133529 0.209704748256458 0.224690956708677 0.260229166249631 0.258583374149737 0.252952418277705 0.269352312497763 0.289446718153163 0.313813713012963 0.326170508248879 0.339705548534769 0.394124295348936 0.433468285612757 0.451805993093967 0.462130510011913 0.469344917810973 0.472460857568265 0.479904606323762 0.494658054337547 0.510398579525667 0.526546333202844 0.538142551689394 0.550753699016456 0.565463518161899 0.578081550136216 0.589543220000683 0.595121523769592 0.601366770625997 0.609923720318754 0.613362969538929 -9999 -9999 -9999 -9999 -9999 -9999
0.466082179566559 0.444388554768182 0.419709348056638 0.384878537262393 0.345286991110077 0.282141103930521 0.23088520372416 0.203838873312282 0.20746289313906 0.227791667494328 0.249067918883124 0.264262482427183 0.263996872607313 0.275168710282782 0.293918747008732 0.284183881320178 0.273078200155018 0.2655769304645 0.266781406750052 0.274950428231927 0.212227750457804 0.150635271038356 0.137091004974497 0.165999483202561 0.23575482840339 0.23968087816436 0.234866162289303 0.259170431828762 0.281867122366105 0.302704697074502 0.331788153248966 0.364772229994847 0.412178781659373 0.445709657259234 0.459905137674386 0.47230276860806 0.483168531946124 0.478461977454173 0.484281913538023 0.507881164833376 0.517696797824362 0.521418648096082 0.537812973297754 0.554000516723915 0.569760476394943 0.580583437510795 0.588677173519813 0.594696069840797 0.601366770625997 0.609923720318754 -9999 -9999 -9999 -9999 -9999 -9999 -9999
0.438942864199017 0.420005736925475 0.410630625261741 0.392348821316297 0.369372352625404 0.280588212771369 0.217149233271519 0.205316317758983 0.214963404257913 0.236309677694092 0.260765851372242 0.277948029637923 0.276460106951656 0.276869529094919 0.278536089842877 0.270190764325491 0.260867655285431 0.251219370735128 0.260269173525669 0.284277335396296 0.213333772899665 0.143981251776 0.139310054823403 0.164548172150856 0.21856421189583 0.229301876613107 0.232406955777815 0.243596187956663 0.268162729608008 0.308199719527374 0.339707839282064 0.369628300706646 0.406707830264571 0.435723249156454 0.453501538713916 0.471336878712719 0.488087255224667 0.48541760919628 0.492238590222867 0.515089305827198 0.524716933658147 0.528495469494935 0.544041053757977 0.558704987615978 0.571545843062103 0.580984855363829 0.588543292734157 -9999 -9999 -9999 -9999 -9999 -9999 -9999 -9999 -9999 -9999
0.413561424484532 0.394290015682252 0.399378402404055 0.396289548360191 0.388411270201825 0.27832976359941 0.205900332214499 0.210135454368652 0.225731292570606 0.247514799689597 0.27364976804242 0.290951442417416 0.285528722645649 0.273115045771398 0.256069315766624 0.24899261434454 0.242375673703936 0.234433103253358 0.250544763882592 0.285899666846097 0.221961227511026 0.158074662866521 0.155026457116618 0.168625820150035 0.198243017574468 0.216341944030048 0.230093026934126 0.232412487505351 0.260246963515588 0.317588772612395 0.349962164834895 0.375366869306611 0.400790532538901 0.425917612004272 0.450631409672631 0.472709267932479 0.492772380706389 0.494065949429751 0.502320082555055 0.522330656980612 0.532534827844721 0.538397571773478 0.552528449248366 0.564782890058966 0.57315723150779 0.576138551117415 -9999 -9999 -9999 -9999 -9999 -9999 -9999 -9999 -9999 -9999 -9999
0.457416026851501 0.432007989111208 0.421316607309484 0.412164311617442 0.402504473285862 0.289232873684617 0.215424358119571 0.221967847096984 0.236326849371566 0.254942608746326 0.275055717656412 0.285257852056388 0.27026966556258 0.247999081406031 0.220903342067307 0.217671285400661 0.219911592178027 0.233012062517447 0.251148772726936 0.273314444991028 0.254048744024943 0.223313530637736 0.169484030241033 0.147095149543987 0.15495757136774 0.182072560840795 0.213776587707817 0.248883566202859 0.287862759296944 0.33132004985602 0.37004272759685 0.40471630542653 0.414783073882792 0.438020144315512 0.479609689411812 0.496611761054806 0.504661564007968 0.510513130347349 0.519943843358811 0.535419759794232 0.544715287980102 0.551301403360264 0.566438399001278 0.576543822454098 0.576244951209586 -9999 -9999 -9999 -9999 -9999 -9999 -9999 -9999 -9999 -9999 -9999 -9999
0.478229521307498 0.444114386149747 0.422587677666987 0.407731849044124 0.394765355243165 0.28924424253653 0.22190215816632 0.232297572859815 0.247754587139218 0.265968426102596 0.271763712027378 0.270482662046815 0.252437226117212 0.228957125638177 0.201876136958783 0.216765033789796 0.235889457100251 0.256815670748442 0.271867606917249 0.28222015590966 0.284463700918655 0.272370996372314 0.204745962674828 0.158602818285119 0.133128958991434 0.167142258376171 0.214897086535663 0.270599227489238 0.314326997276368 0.344206773933526 0.391023044683498 0.437759575571277 0.441114621681432 0.461479894798003 0.505548478644653 0.52092334930772 0.525874239494809 0.528670243265248 0.536850450520701 0.554124614611396 0.564590669964199 0.571995893897007 0.579294401635363 0.584213841918423 -9999 -9999 -9999 -9999 -9999 -9999 -9999 -9999 -9999 -9999 -9999 -9999 -9999
0.474172259195472 0.428575442339634 0.401550477333421 0.381379604134148 0.363460254776532 0.277498978597095 0.225091837604186 0.241005307855266 0.260080587712769 0.280877962457682 0.263400695851965 0.24590472058189 0.231827057122708 0.216471503437465 0.200269248029506 0.248689060448092 0.293361867154884 0.307846967265686 0.314298544818934 0.31432335192752 0.313073283551705 0.303962127044467 0.262464287307147 0.205772335340594 0.134461025041657 0.173086714660564 0.234839156067153 0.297975933260663 0.339548234533929 0.356181880553903 0.412974563800317 0.474789999770819 0.4807649919522 0.497198717609763 0.528206417461527 0.545676518123742 0.557150767180055 0.548673070490449 0.552982956293124 0.578891157154955 0.592772012271421 0.601099684151346 0.591012765301338 -9999 -9999 -9999 -9999 -9999 -9999 -9999 -9999 -9999 -9999 -9999 -9999 -9999 -9999
0.454744424025021 0.449547697758319 0.420125164032926 0.393400543265549 0.367185711168939 0.28136523727899 0.227908732893233 0.240349506637772 0.253128803301733 0.266092478110293 0.263063076667027 0.257557698310139 0.247241206043628 0.237956114223127 0.229354405463733 0.281371413300224 0.3270995252165 0.3356054889737 0.328148469250407 0.307921157328876 0.312524752926901 0.311629538240867 0.272375990349401 0.2152889948584 0.141043144883106 0.196260405813772 0.273282096187637 0.320094567600014 0.352590586878658 0.368530068194872 0.424898644441407 0.488067400372237 0.510752294996124 0.532696493061479 0.553608549658234 0.571231531898255 0.586527567802366 0.581688720482198 0.585432149957937 0.603671104156568 0.618699746640814 0.632183863229749 0.632969927220349 -9999 -9999 -9999 -9999 -9999 -9999 -9999 -9999 -9999 -9999 -9999 -9999 -9999 -9999
0.428972305436718 0.466051943739382 0.440976515179506 0.411099172261367 0.378434456810713 0.287942949574874 0.22988860715354 0.237880578095061 0.243623665538662 0.248141887713247 0.266397567237815 0.277834578056541 0.270790264229204 0.267487866815397 0.266664780228901 0.31265836228677 0.351907336205367 0.3563499281126 0.334751545446629 0.292320537423812 0.303532648912697 0.311321299336796 0.271917148455833 0.219695477257198 0.155141139323606 0.22059621410298 0.304685895225403 0.33931242540345 0.36579521759486 0.382860026484795 0.431178831541201 0.486553276321748 0.526860282675645 0.556844149464894 0.572442988663475 0.592309935438338 0.612628350575842 0.613959292531175 0.61829123055874 0.627691871658091 0.642638837832844 0.65994020405727 -9999 -9999 -9999 -9999 -9999 -9999 -9999 -9999 -9999 -9999 -9999 -9999 -9999 -9999 -9999
0.38450675170049 0.379449349283697 0.40375101888979 0.398751932671707 0.379922628845329 0.285328823956899 0.226257384286341 0.23951412983129 0.251470164143237 0.262717759794045 0.282207243172401 0.294379611513189 0.287308193598936 0.293228763847102 0.307757537315123 0.331969297084718 0.354393535945049 0.368358770529822 0.340947701928334 0.28043583594664 0.286195017087642 0.296254579441103 0.283997856060317 0.257063813276632 0.216007656053313 0.220969101903095 0.247792008828861 0.34662046035966 0.403365779805561 0.411443247228277 0.413901111341485 0.418497259486184 0.456541533860118 0.495719703985097 0.53647792846869 0.578066878478824 0.617605187922934 0.615879321339446 0.623242042447704 0.64595545087529 0.655845914765968 -9999 -9999 -9999 -9999 -9999 -9999 -9999 -9999 -9999 -9999 -9999 -9999 -9999 -9999 -9999 -9999
0.343422571309057 0.307673809632741 0.353515214846217 0.37196796450506 0.377206294941242 0.286624690716087 0.23093222552442 0.246278614151923 0.262460146337711 0.27909654349989 0.293199627757817 0.302888112250088 0.30164595898697 0.309742373722625 0.324026316503328 0.341870723195558 0.360657371369886 0.381468059480418 0.353293189389951 0.285930162994936 0.278562197577269 0.281071392405509 0.288623624234405 0.282873822567515 0.264325168865683 0.227487801003974 0.212368658082394 0.346928076483452 0.420617443173778 0.4239124612846 0.4017354275483 0.379487641751518 0.420764094235882 0.463039538776323 0.506707052870753 0.553416862493069 0.597988134461807 0.585802853901688 -9999 0.665650200109218 0.665650200109218 -9999 -9999 -9999 -9999 -9999 -9999 -9999 -9999 -9999 -9999 -9999 -9999 -9999 -9999 -9999 -9999
0.306730506204485 0.255157348298945 0.286380131798022 0.326431918466607 0.369028666786551 0.29299930375382 0.246395934896976 0.259707741841352 0.277533245337506 0.297817155481345 0.297934762161581 0.300957843110807 0.31315187749639 0.314270525370857 0.308050867773194 0.33955000086777 0.371828033030431 0.396006734526179 0.37362613278938 0.313998364346402 0.283535100705908 0.26573692449868 0.283566062561088 0.293670552241363 0.296342596972811 0.241989384279948 0.204833700077575 0.338142746211479 0.411476591691297 0.415450956403249 0.396209842602137 0.378206816584434 0.429852866253367 0.467306065181599 0.484981894229603 0.515249095236442 0.549123312031024 0.566951149448672 -9999 -9999 -9999 -9999 -9999 -9999 -9999 -9999 -9999 -9999 -9999 -9999 -9999 -9999 -9999 -9999 -9999 -9999 -9999
0.312950668120122 0.303519803717117 0.324788564830602 0.348033123588895 0.371097836250457 0.302279109734057 0.26008537491797 0.272103608230982 0.285651583223158 0.300032739416186 0.30949916918965 0.319875817017842 0.332998485293664 0.336025536561634 0.33236345590099 0.363587939989007 0.39378530428551 0.41088193257159 0.399610683447361 0.365645300484299 0.31312842347191 0.272222549897787 0.291627993663571 0.321908163806483 0.362651697604695 0.324125985014372 0.290483907101315 0.382259535814752 0.434398692676534 0.440699485062353 0.430207115835069 0.420317792705763 0.458170440905411 0.485121398536679 0.496881132739355 0.515608964374245 0.535695050311798 -9999 -9999 -9999 -9999 -9999 -9999 -9999 -9999 -9999 -9999 -9999 -9999 -9999 -9999 -9999 -9999 -9999 -9999 -9999 -9999
0.331459802597099 0.380158004801584 0.391402815944879 0.386605125256801 0.374138253294666 0.311734080220808 0.27335857325353 0.283908575665453 0.291715242611159 0.298027738632963 0.322914696658172 0.344071268313229 0.354115660011192 0.362212899844535 0.369020000036352 0.394349631828678 0.416765186914101 0.424621446956526 0.425152795851588 0.419824259231372 0.349647938426464 0.288922654994651 0.307660360218848 0.356565640056327 0.434497333325318 0.422500915276756 0.40193106796986 0.440884161693813 0.465249365014966 0.472744120337581 0.474293151219472 0.47581348461601 0.492051824669203 0.506828602070989 0.519568729775818 0.529968081241238 -9999 -9999 -9999 -9999 -9999 -9999 -9999 -9999 -9999 -9999 -9999 -9999 -9999 -9999 -9999 -9999 -9999 -9999 -9999 -9999 -9999
