layers/veg_sum/veg2900.asc
NCOLS 255 
NROWS 330 
XLLCORNER -2985163.8955 
YLLCORNER -3022031.214 
CELLSIZE 25000 
NODATA_value -9999 
[rows 175 to 199 of 330, columns 114 to 170 of 255]
0.285362540189264 0.302188232469325 0.324141949541968 0.327316207580704 0.330353442491347 0.343145170937016 0.350982450957174 0.354180710475903 0.362103070418275 0.370452536175419 0.375967541840743 0.381815568622861 0.388038344528791 0.397242954244167 0.407051677564956 0.415221762039424 0.42230852684786 0.427927242288926 0.424096917671228 0.418036684781812 0.428156061874128 0.436295586155141 0.441186732700992 0.45567637765085 0.474223204307123 0.484670751631715 0.494065821206742 0.50135056017857 0.487481265903379 0.462261049532375 0.46674684728759 0.47146849193557 0.474399721700868 0.455896291403658 0.423391061115131 0.403254293867817 0.386987821768972 0.379659745063837 0.372992428629532 0.366846481295656 0.342779592936629 0.31762629283583 0.298364998643335 0.286890486310458 0.282806937146781 0.323647333108679 0.371253884117351 0.405359169766946 0.437122489709688 0.466214160928313 0.508197789542514 0.551545237163313 0.576082819731329 0.588999805520732 0.585948323721024 0.587173833100252 0.589751530714185
0.273962613591415 0.288446808944138 0.303061555305429 0.314553899969573 0.324932606698756 0.332526099552094 0.338946942971177 0.344269794384027 0.356373080705144 0.368587150751856 0.373941725115376 0.379675123921954 0.385834814398805 0.392560513174722 0.399241818406466 0.404278635510813 0.410633643289488 0.418774983437271 0.419205662169182 0.417361283637944 0.421667682869969 0.428315748136525 0.438805824165864 0.451211144575993 0.464555595736275 0.484945504801401 0.49753072899497 0.494466724176723 0.478778894639918 0.456317318968826 0.45172119978602 0.452745249177241 0.466312524103766 0.459318132275878 0.438892207382206 0.391270715155803 0.352377905090791 0.34814309381423 0.353022972775683 0.365094745771719 0.332049486956359 0.297396718105272 0.282232009681736 0.276813095495138 0.28064457608759 0.346055614108714 0.417744495982791 0.453822812570102 0.4850376536321 0.510704378364321 0.547888205860893 0.585124533885199 0.595422944844244 0.597319023282346 0.5876690187533 0.587173833100252 -9999
0.273081354203694 0.287480651413428 0.307541230543143 0.311016536493657 0.313556720349544 0.321422681849765 0.329490677978425 0.337747846079993 0.351445219885619 0.364919158294514 0.371153691959337 0.377012040337211 0.382447066890838 0.386907046933135 0.390932346994408 0.393505557381885 0.403007725974816 0.421899600144982 0.425697181321775 0.424491628054291 0.426817069924121 0.434195934125846 0.449866033158554 0.460848567194319 0.469908113992909 0.48682650733233 0.499316624621353 0.502927574182186 0.492631254996238 0.474872513762122 0.464261203586893 0.458075087155262 0.462318843924891 0.446641334135562 0.41795062100553 0.389637445851462 0.364976934249073 0.351725053065419 0.356493736540153 0.375481443161274 0.346782878659556 0.316586999582178 0.307821696767873 0.308807215816302 0.319047901704659 0.354731624875893 0.397719281666117 0.452874959050494 0.492591201931821 0.514694571417761 0.560746492201072 0.607539468099271 0.603810481758366 -9999 -9999 -9999 -9999
0.271293361617807 0.284604713292338 0.306438294115604 0.306102097901977 0.304949852880594 0.312669783225135 0.321231225829093 0.330580605310855 0.344174069793376 0.35767165641193 0.365957436010357 0.372885992074185 0.378287262615392 0.383352571016272 0.387633733954235 0.386096640344573 0.395911548953653 0.421110005187858 0.428200302071305 0.428963618607191 0.428931991067706 0.436485990105883 0.456485853978782 0.467513408860269 0.47475584317127 0.490062327897628 0.50283116141777 0.510511732499171 0.506578395861884 0.496413218695493 0.483223201764168 0.472851427522238 0.469728269983469 0.448099122813293 0.414381276092729 0.397017439088254 0.379813694834377 0.358810111733457 0.360874365061173 0.381140162365656 0.358322146567843 0.334510039910956 0.331540842470218 0.337169408406893 0.350958695114429 0.36462548190484 0.387378417817707 0.462129753224899 0.507253161474155 0.51857786227092 0.569356790836056 0.624579066026981 -9999 -9999 -9999 -9999 -9999
0.266699438498879 0.27637776083305 0.290395631382677 0.297328448742924 0.303352600988799 0.309594734986047 0.31569437596075 0.321660595816465 0.331223508715724 0.341928952965313 0.355018930534132 0.365275151905933 0.372342543505767 0.384900447947001 0.396407459422924 0.38676265993235 0.389847225001443 0.410181855932743 0.420439853415619 0.426581675439461 0.423060729034475 0.429322019149699 0.451633188897853 0.466193917887757 0.477495399997223 0.496458462234237 0.510600180375171 0.51507458726062 0.519409336426541 0.523669147452964 0.515976567692742 0.508897224918897 0.504298793613712 0.484485766196827 0.454734081899756 0.42544220381232 0.397215307789155 0.37222270220774 0.366044916427747 0.374712856257521 0.360667682129529 0.347038586081052 0.348278366092524 0.354296062719625 0.364848804294466 0.378264457124089 0.40427542756134 0.498848833223761 0.541403783731847 0.524617541097399 0.569356790836055 -9999 -9999 -9999 -9999 -9999 -9999
0.259237771897229 0.268767282595081 0.284835851146393 0.292396841118064 0.298571308614671 0.303814037163561 0.309484170959306 0.315554498991077 0.320506050526185 0.326733076740263 0.341282124042176 0.355454035755456 0.369201556268686 0.382590580564349 0.393543921790491 0.384884865043689 0.386026115555591 0.40044815042166 0.412719025364568 0.423241657332454 0.418236132418537 0.421363872001091 0.437835995142706 0.455545786338577 0.473857321763263 0.496378169707315 0.512377036898243 0.51529863420628 0.517701639143977 0.519826375558293 0.515293427205532 0.51300678857418 0.516837512829258 0.503610529301222 0.479240909874458 0.444538249249353 0.411075996446482 0.384241303366082 0.37465226158437 0.378670802008825 0.373562698294061 0.368991272218815 0.371919701670784 0.37539284177449 0.379383003728484 0.39228245697844 0.421151367761214 0.530825042350809 0.591521584035641 0.596346387610489 -9999 -9999 -9999 -9999 -9999 -9999 -9999
0.249956922792335 0.261547871104847 0.285925994983293 0.289902471962353 0.291770187490174 0.296316982766058 0.302846816220102 0.311233436539911 0.311205184066861 0.311884085974031 0.325770186588438 0.344230808356735 0.367839145113131 0.377833513493446 0.383298166903702 0.381393375340647 0.383628012248738 0.391472152555403 0.405023331050604 0.419293874557222 0.414075498749551 0.412901931036036 0.418364747846179 0.438979935921451 0.466173525290216 0.49218948934701 0.510352703697476 0.512770313894904 0.506771207766808 0.496255823811314 0.493399495792383 0.496857274668343 0.515400130853183 0.511785041532022 0.493695679220816 0.45771652588771 0.422690463443453 0.395375613098585 0.38543977214553 0.389216738836846 0.393149885723785 0.396922258243093 0.399940541201066 0.399008110195683 0.394325788423916 0.406540894999116 0.438013942279817 0.55979256267527 0.617103210104721 0.600870604011305 -9999 -9999 -9999 -9999 -9999 -9999 -9999
0.242342756203662 0.250420173634278 0.262007727218646 0.266454416489762 0.27091642764377 0.27935996836203 0.286949773605741 0.293740196954823 0.298975370028519 0.304137294245893 0.310606737321821 0.321841667179477 0.338439205910638 0.350642100462566 0.36069499518767 0.362603282235685 0.368255922174558 0.378982682952372 0.390486036259776 0.401449844064002 0.399890416626233 0.401865217260013 0.409638685205353 0.427472641777606 0.449717398550061 0.474057221865434 0.491507970393131 0.495145386184649 0.490199522415886 0.480648005603204 0.475960948911668 0.478567423663908 0.498917575832305 0.496407713747149 0.478964965092134 0.443042168122265 0.410251217502841 0.392191164345594 0.391238122627874 0.403783270130928 0.404280664003531 0.40342654273116 0.403969416437208 0.404894465625265 0.406182263502398 0.420962688083253 0.456075420742571 0.591575294487695 0.66280822161421 0.660727220430846 -9999 -9999 -9999 -9999 -9999 -9999 -9999
0.229810218688465 0.234318558215637 0.235132558647535 0.243550211507418 0.253003547552935 0.262467395868175 0.270420297566594 0.276958447968804 0.286262737655833 0.294841497910673 0.29633846703367 0.301638765165982 0.311218954698352 0.325084312306138 0.338893898106776 0.342603259192978 0.350026747063379 0.362483395178953 0.371997129147776 0.380146151057723 0.382955591981655 0.388594260291913 0.398874889457537 0.413895478927568 0.431064862369101 0.453944730803786 0.471069723518247 0.476655574094054 0.474669667456399 0.468620874783974 0.464462166870528 0.467387298338801 0.487772758084532 0.485142261955847 0.467477013243135 0.428726989969815 0.395583738291365 0.385654364403983 0.392025869871335 0.411259490663333 0.409664881361438 0.40633043694228 0.40787412138873 0.409568647407548 0.411406347400654 0.436585693913769 0.482126535096198 0.616795098085054 0.685345471449581 0.678470070459775 -9999 -9999 -9999 -9999 -9999 -9999 -9999
0.201975863053864 0.204021797626108 0.205007467789454 0.227088669054367 0.247226564208749 0.247934128445857 0.254090245194796 0.265348029099124 0.272755354693141 0.279222059462386 0.284706141070343 0.29062215704875 0.297024229372257 0.30961385205918 0.32235256785824 0.3224320435596 0.326097777355996 0.334623391474641 0.343085337029563 0.351525609376296 0.359971953168884 0.369134339650582 0.379471549389571 0.392882007025346 0.407755726630713 0.431014311815723 0.449644713569096 0.458995111885774 0.46359070074996 0.46563493351834 0.46996342681766 0.478265124430381 0.496262078088344 0.491737880873489 0.472502153399889 0.421872270031333 0.379658483763526 0.372222902688523 0.378754414070607 0.396306579616409 0.399550337812202 0.403213032583784 0.416889907348919 0.414620723565569 0.397216053319322 0.455815388077456 0.532141139352657 0.621461373217858 0.671261858861095 0.675979325309975 -9999 -9999 -9999 -9999 -9999 -9999 -9999
0.182321563284451 0.187267553103903 0.191522486133893 0.21002950079422 0.226370248375944 0.226136279088568 0.233618019947082 0.248324245647454 0.254718902038557 0.259676430014234 0.265810149346807 0.271595497439962 0.276988822895063 0.28773264964217 0.298863359597358 0.301209832225724 0.306163709398204 0.31465098369389 0.322921185458362 0.331258146508178 0.341793937683992 0.352516445706662 0.363545303193614 0.376681936582522 0.390789651917608 0.408476254130488 0.424355578131694 0.436611115767658 0.448119204711975 0.459226224424226 0.473326967594338 0.487656172311163 0.502313842061505 0.4924305055838 0.466516205247151 0.411753487081363 0.367951411730489 0.366274312191646 0.373726604007608 0.388382389690006 0.386556659898309 0.388801973671184 0.417395217859539 0.428573806814563 0.423222964516172 0.489627120006148 0.566108510719037 0.616858467668097 0.641649028437101 0.63682583889357 -9999 -9999 -9999 -9999 -9999 -9999 -9999
0.168941084754013 0.180899952185675 0.190799895378121 0.192511974114116 0.193948603651037 0.198766745480336 0.209968890703514 0.227148597923883 0.233208808849719 0.237119547233687 0.241343176046833 0.246425404094142 0.252473815048423 0.260934628679306 0.27004536809122 0.279181543371532 0.289293593552384 0.300728090445222 0.309466173037216 0.317397207523691 0.32730166985142 0.338078288398994 0.350285868293771 0.364173579351122 0.378688486642333 0.386239124056948 0.396102791472615 0.41060433175482 0.429278789895532 0.450192370239136 0.475050951361187 0.49590691248864 0.506496084475362 0.488595736955748 0.452085131432826 0.399131280171419 0.359479540454257 0.366064826311333 0.375021386426656 0.385848986889693 0.371354785044867 0.365729070515108 0.411373286685111 0.449353656072976 0.480059748317553 0.534622772893981 0.587768206906691 0.605146419639046 0.620345342918456 0.633058193976823 -9999 -9999 -9999 -9999 -9999 -9999 -9999
0.161883479366473 0.172237658757682 0.17835264820525 0.181480513916561 0.185277497227523 0.193417355495184 0.204862188046368 0.219401581715397 0.224529522332813 0.228000457762321 0.232638174964833 0.238002162626687 0.244183423441992 0.249995715334818 0.255921420706271 0.263627278834433 0.27281403414515 0.284007611855723 0.294366941325115 0.304453474824167 0.314792815101178 0.323335590586776 0.328930712067549 0.339380042533429 0.351941505688655 0.364438409197631 0.38086606808013 0.405175312451604 0.425712303508064 0.44422516266474 0.467220182693204 0.48517257353361 0.490229568692324 0.485699716788789 0.474907432230781 0.439555142592113 0.408479503548839 0.397341743066249 0.391229051825192 0.389081362636628 0.372961170020313 0.36388238225816 0.391960065107251 0.427564883907804 0.470314218323379 0.508864620209801 0.545824788438448 0.578580450701491 0.596237126421055 0.596669302218912 -9999 -9999 -9999 -9999 -9999 -9999 -9999
0.15460587135597 0.162834166742502 0.166859873828687 0.172948768514665 0.180045388061635 0.190080735929572 0.201112568356987 0.21307744355804 0.217660853186212 0.221052200085174 0.225956314913709 0.231186671089826 0.236784147106074 0.240260395791941 0.243456392966116 0.249071386639588 0.25666120162814 0.266927175162671 0.276663722298252 0.286356472747051 0.29821235549843 0.305711915768887 0.306063984633204 0.314429277252612 0.326378717718149 0.344737899401232 0.367763495581777 0.400145752580364 0.421463321072872 0.43684375144234 0.456987529681122 0.47180967049745 0.473020259036158 0.480314478212112 0.491582717930279 0.474377406962275 0.45326315429052 0.427327456592258 0.406891702722951 0.390795647974634 0.374253268171493 0.362456690457627 0.370508668066575 0.398444258263992 0.445252734714222 0.472763070446698 0.500554211817031 0.552336017610789 0.577636183437411 0.57272683790199 -9999 -9999 -9999 -9999 -9999 -9999 -9999
0.143180351949953 0.151692439852543 0.165217729792818 0.170928949892391 0.176083295616292 0.183277017911514 0.19310890022334 0.205410982515462 0.21129166320222 0.215711720272098 0.219093548042827 0.222038519914024 0.22449189723663 0.227056111623996 0.229925354526288 0.235102491169984 0.241596604108245 0.249875403761518 0.249525863327058 0.247425439624613 0.264518178383831 0.27686463038595 0.281423770049275 0.295227940198106 0.313088877271351 0.333108112936161 0.356342481364362 0.38602353530847 0.406597672798836 0.422285181909997 0.4422207270933 0.457907267879304 0.462690222897315 0.464608586228682 0.464655707387969 0.459562668953377 0.451587472038009 0.435884657368602 0.412668042560328 0.383522706864713 0.365587701708235 0.351687166304073 0.347949448281893 0.362432831082686 0.394211097381281 0.432489011467052 0.475121300103716 0.535064449886256 0.568302505119868 0.571076138278356 -9999 -9999 -9999 -9999 -9999 -9999 -9999
0.133071156246004 0.142961684048591 0.160380631154357 0.165177026281274 0.169253630964074 0.177350811989164 0.188162101100012 0.201514702981036 0.206594292334944 0.209762569975907 0.211429198703202 0.212919659205586 0.214211877360567 0.215633242427659 0.216966856056774 0.217274540494126 0.219663195223903 0.224871855181229 0.221314917501054 0.216203633173638 0.234065706644767 0.249058383529113 0.259343193276748 0.276703221680229 0.297173885643249 0.319696909087286 0.343444125810387 0.369645981163245 0.390397935523235 0.408225558580653 0.427512250029195 0.443373865858963 0.45060345846424 0.451258318874072 0.44761835562313 0.445987351067219 0.44089640849164 0.424375928245742 0.39859002923359 0.365493304706489 0.342408319068974 0.321329584244935 0.302735421656763 0.302355933669998 0.319265229617985 0.371737333083175 0.431273758981277 0.489870607454003 0.514289059996553 0.499717758072595 -9999 -9999 -9999 -9999 -9999 -9999 -9999
0.12417691290118 0.136456228149309 0.152594624412504 0.15598041064374 0.159777228573843 0.172234540119634 0.186036758590881 0.201098259683292 0.203439992200721 0.203251623490656 0.203024997524774 0.203827833277704 0.205789123728149 0.205854599738021 0.20453680570875 0.195884724131683 0.19138994868526 0.192528903361562 0.192113524261734 0.19209735850015 0.206605293460455 0.222213003829221 0.239625134168062 0.25880301466056 0.278835908228464 0.304641476505281 0.329182200384301 0.351186775786964 0.372966848711661 0.394626457131647 0.412857606784634 0.428258058301823 0.436895253057286 0.440082267250364 0.439709050587037 0.433556004378802 0.421884246757814 0.394346565610947 0.366186665403973 0.337535806817754 0.305832843071187 0.272892439289769 0.236611256459272 0.220066870826317 0.222256018993958 0.292085036283515 0.37042971661231 0.418904811303231 0.459136316826127 0.489963767277489 -9999 -9999 -9999 -9999 -9999 -9999 -9999
0.114436031604684 0.126034754361882 0.141804043055654 0.15066208314613 0.159036448326345 0.169250356687811 0.181318146722659 0.195121789944668 0.19642460053329 0.195230310031629 0.193939795505693 0.193362938978142 0.193589162784265 0.187399164453473 0.179733053246207 0.174115845106267 0.171980405979307 0.174563249882844 0.176384401553938 0.178479618503996 0.188906895765328 0.201970880073264 0.219360953884136 0.239229163246684 0.260255007563903 0.286552962294451 0.312267757634493 0.336813255942992 0.361746884004287 0.386888776396814 0.4076162717414 0.426021731429206 0.439007434896321 0.445826713700041 0.448617888276934 0.43861320718325 0.423084042429454 0.393517321069249 0.358980193410786 0.320521195181582 0.28546018874655 0.248287708639439 0.200431802390209 0.18964482801763 0.214042492840193 0.290629702750846 0.370812551918548 0.410970503351087 0.432369823379595 -9999 -9999 -9999 -9999 -9999 -9999 -9999 -9999
0.105663729286869 0.115978699076476 0.130517564498798 0.145546842165772 0.159022232445356 0.165950720470814 0.175182842227615 0.186571935495604 0.187869785844974 0.186782951829304 0.183568176182007 0.181052561015368 0.179323712105632 0.168069895053702 0.155611091993685 0.154462236360441 0.155541894497153 0.159641499868965 0.162674382948769 0.165594658341783 0.172496063133517 0.182735170121653 0.198450501119721 0.21918174044728 0.242152930869158 0.26889835168917 0.296173109128307 0.324509243178208 0.352525626545214 0.380370436716263 0.404564798111252 0.426838088839847 0.444627362960706 0.455265387519175 0.461231988982126 0.449122578941904 0.431730257913119 0.402451161298581 0.361791651059339 0.312152490747379 0.272223841626051 0.230721804445735 0.177102419743183 0.177916306857845 0.230396506761686 0.307273981360675 0.377210213078655 0.37922788820749 -9999 -9999 -9999 -9999 -9999 -9999 -9999 -9999 -9999
0.103013210613434 0.111990255062554 0.119689176589761 0.137477343166603 0.153808881845057 0.158717636243474 0.164097083865007 0.169917257743912 0.175025634118069 0.177610108055641 0.166952411226963 0.160198271762711 0.157836810805295 0.15308199680238 0.148104668085237 0.146642057234788 0.145906342911252 0.146155674848705 0.145804804564338 0.145712583211982 0.152846989311532 0.162041554920381 0.17461625881157 0.198322459271075 0.226893701379447 0.256759089537967 0.287282690719664 0.319126079504288 0.347621569204987 0.374320628823416 0.403518195015283 0.430702892868542 0.45268337470206 0.46699896976496 0.476307617612212 0.470838574868311 0.459520453132424 0.433663712977743 0.392442677734834 0.339098533608887 0.280643758123458 0.226313054032399 0.191965200573755 0.213069489950405 0.286807171752541 0.340076975517984 0.381725930503393 0.380797699214975 -9999 -9999 -9999 -9999 -9999 -9999 -9999 -9999 -9999
0.0984142753970342 0.106766873662716 0.109729479437913 0.124976329623392 0.139358582429487 0.143505020002666 0.146808411789968 0.149322430805885 0.157025538254081 0.162851324575873 0.152522877989213 0.146092574199306 0.144048855895736 0.142118931722267 0.140162801877811 0.137731191119648 0.135237188050909 0.132658634692038 0.130197746306058 0.128256648302694 0.133733492308032 0.140711114608741 0.150151089046066 0.17588467592706 0.208725078360444 0.242501315869016 0.276690777012176 0.311708795796954 0.341905956147086 0.369516319554639 0.402623792589166 0.433939370219739 0.460360188566678 0.479606582775899 0.494166415521757 0.494530038527892 0.488142735970047 0.464222438283108 0.422324831521321 0.36624233218315 0.29654162957176 0.235397819098219 0.21746108910425 0.245967381215516 0.318555897798268 0.357327888318624 0.384470096662149 -9999 -9999 -9999 -9999 -9999 -9999 -9999 -9999 -9999 -9999
0.0916540883770232 0.100173656504556 0.100733364469009 0.107559725091374 0.114662336191634 0.119441227652547 0.122639250788145 0.124357052526457 0.133306288749244 0.141896421324758 0.140518389467478 0.139472650667586 0.138800841705246 0.135620352422628 0.131737927836444 0.12761049683316 0.123421524273277 0.119149154313657 0.115991119546675 0.113491873015474 0.115214075851168 0.118674285602478 0.124986072469021 0.151695962747481 0.187329254240476 0.225893615098882 0.26421150518471 0.302035194975678 0.3352901370912 0.366093560939076 0.401898216471477 0.436478885635411 0.46761638287847 0.493183701293461 0.515112402177826 0.520412760117773 0.517687999508253 0.494055916497589 0.451354124596831 0.393605488313377 0.32073431030163 0.259450063665113 0.254751592742807 0.276363623874048 0.322948738256717 0.357327888318624 -9999 -9999 -9999 -9999 -9999 -9999 -9999 -9999 -9999 -9999 -9999
0.0746587393751338 0.08187254059066 0.0865241596104834 0.0895936644585184 0.0941161466234434 0.105377090260773 0.112092150134206 0.11455074265413 0.118253100908184 0.123147723252046 0.133297294082581 0.136948914403563 0.133288382019445 0.128713020397338 0.123875833783451 0.118900233024318 0.114283475234665 0.110152999759318 0.107173291819719 0.104639466666936 0.102834525225097 0.102475201153907 0.104487725764383 0.128373696730285 0.161907824709193 0.203889057306155 0.245497034290557 0.286356593797889 0.323952034947709 0.35979600143759 0.401023824307389 0.439673360528976 0.471482104898682 0.499994402366938 0.526353356135712 0.542991421482394 0.548794691560205 0.523020560807935 0.488552905815548 0.447225675402676 0.382219161624099 0.326953781316133 0.325609462679177 0.326147494626288 0.328472193272068 -9999 -9999 -9999 -9999 -9999 -9999 -9999 -9999 -9999 -9999 -9999 -9999
0.0567987519662512 0.0626169985048121 0.0724043295041484 0.0734610903268711 0.0769739655936954 0.0952017785068227 0.105525167207263 0.108447371593053 0.106559919225433 0.107272218247249 0.127735436383571 0.135118587881293 0.127782722280664 0.121865388979869 0.116354082858819 0.111057752634641 0.106567321360165 0.103168995657456 0.100772258764655 0.0985493842093945 0.093643528361629 0.0900420377053532 0.0885806409097751 0.108861445304942 0.138819534849012 0.182990792284848 0.226755588787359 0.269705387588537 0.311191006330411 0.351890969041904 0.398040144138634 0.440243861650274 0.472202553432119 0.502950969556111 0.532908795223049 0.560774453700109 0.575146088263836 0.54755441100486 0.522737082849447 0.500108838935706 0.447544433263493 0.401192395046817 0.397817938593155 0.396174711399805 -9999 -9999 -9999 -9999 -9999 -9999 -9999 -9999 -9999 -9999 -9999 -9999 -9999
0.0536500116829132 0.0604691942527899 0.070056661012154 0.0733035555520469 0.0785314431545243 0.0952429023961853 0.10223361471071 0.100122457268757 0.103638354131338 0.109928997870995 0.125437014573358 0.130206703476945 0.122892537240877 0.11636643686382 0.110388593352535 0.107235268043321 0.104661053312282 0.102871614252346 0.102470696974556 0.102240039975966 0.0971940001549341 0.0956545505703453 0.0998684224374144 0.118288735120882 0.143110748127837 0.182468579855856 0.221013040871695 0.257926606501509 0.296945857538856 0.337094986304016 0.378333714650317 0.41823036825327 0.454703231742352 0.489117816934898 0.522187869442973 0.546823469655281 0.559775866174368 0.538139308437938 0.515253276776405 0.491381354883426 0.464843021120182 0.437729119793943 0.409783248462017 -9999 -9999 -9999 -9999 -9999 -9999 -9999 -9999 -9999 -9999 -9999 -9999 -9999 -9999
