layers/veg_sum/veg2000.asc
NCOLS 255 
NROWS 330 
XLLCORNER -2985163.8955 
YLLCORNER -3022031.214 
CELLSIZE 25000 
NODATA_value -9999 
[rows 125 to 149 of 330, columns 57 to 113 of 255]
0.101179555835451 0.142104755996521 0.185777832542668 0.169762357439418 0.179148095937392 0.229026683508948 0.211611785437292 0.166826832272342 0.167011789909847 0.165140129035558 0.159268502586837 0.188184938051874 0.235215295180834 0.193756140115064 0.165899349080087 0.176080662432406 0.192601389386343 0.213146701060905 0.287571916730317 0.36418214737094 0.435056395536093 0.524485885660582 0.628157256847466 0.672904213442974 0.711042241077158 0.75368674980538 0.775917215900861 0.779291867355683 0.797848134768935 0.814320232042906 0.803600721408378 0.781911953298376 0.748046729767752 0.717062390256068 0.686089956037138 0.649088945531578 0.611786108792406 0.57407990267383 0.547853562400477 0.525771236719841 0.50713642586767 0.490027854136939 0.475387541258771 0.46107916018946 0.447138501585509 0.445405815899557 0.447905372972023 0.458762385947669 0.466957085968896 0.473744493595031 0.480987919544418 0.484631430806941 0.479440141997627 0.488172791786183 0.505872320464102 0.508998589105821 0.509550958986758
0.115631385975186 0.136125833899225 0.155290878466041 0.156480902377203 0.164599839631677 0.183764368906254 0.184320642494996 0.176727098436338 0.155161291553718 0.13802720600538 0.129512479210709 0.170005759532681 0.236017196169786 0.182109534282327 0.13791983599722 0.124313682586561 0.113221190431327 0.103724499294476 0.148481994415318 0.204500179416871 0.28225597662531 0.379218404089282 0.490922678860236 0.562991964344404 0.627421375760433 0.68224775433087 0.721740351308608 0.74706961235853 0.775956741238313 0.801109957880601 0.802317769354557 0.787198258923336 0.753954558430841 0.724619048901638 0.695547936585224 0.660307518449578 0.623090857348247 0.583233087523256 0.556202314033005 0.533710443814723 0.513735215124614 0.495635787081346 0.480569934502874 0.46550681372627 0.450632299641792 0.445903203488713 0.444563376487525 0.449916376220957 0.45316474950662 0.455300622179035 0.457304829901988 0.460492006070412 0.466581116363702 0.475005671564166 0.484934230210797 0.485967719817558 0.485835570776735
0.120570926606744 0.123427742267321 0.127325684044275 0.170133859267116 0.189795374507625 0.172558093338781 0.177365155844988 0.189973170038482 0.134926427475534 0.102074322006391 0.112389086719058 0.150046377186689 0.201940746191407 0.17073531272522 0.1424625926631 0.126238994310492 0.100098718929354 0.067662828629162 0.100731081325815 0.137489165048386 0.170411866531671 0.255435066467429 0.380447456728898 0.490926161361119 0.584771703113652 0.620390284866243 0.670227888470724 0.733199159190249 0.764095170648443 0.786604850905314 0.797313094697932 0.787503387687064 0.754917671102188 0.727061008741665 0.699914679225571 0.668462739884106 0.632506189127792 0.590529544328875 0.56426854207382 0.543270081982219 0.520993321205639 0.500499885202485 0.482890471170183 0.46693125919415 0.451799400193026 0.443190015161591 0.437699014328343 0.438365920759199 0.43811005721618 0.437366419625223 0.437309868432065 0.440177917312199 0.450149540577931 0.458566849033096 0.46598319410679 0.466466382694019 0.465900131690462
0.166011589915737 0.139493474497856 0.11862730023349 0.148670606695161 0.158305901559482 0.13540816290514 0.139924163776545 0.154748767214487 0.11303786943442 0.0876127877245904 0.0938623716169757 0.131618921992616 0.18578094859629 0.150971917266323 0.123776459015945 0.120242466218143 0.106865081408598 0.087238606765339 0.108922827507382 0.129543101911347 0.137447426795917 0.178504055021649 0.245006385446466 0.337757572771301 0.434337908967654 0.532411375524024 0.604218454077117 0.651764089055332 0.706762899961885 0.756758108351505 0.771851710866333 0.770132501867388 0.749750183688037 0.72348587449082 0.695460140581909 0.665684878233884 0.633064737342883 0.596642617814601 0.56956717463095 0.545932324392271 0.526077737079183 0.505936622251592 0.485332130444444 0.467975471763733 0.452083018159192 0.440143086324 0.430710792132687 0.426230357328025 0.42240905840197 0.418936177158273 0.418739950807166 0.421506378749415 0.431288508442805 0.439146340508575 0.445764943914099 0.447181796231633 0.44791971627514
0.228666112851337 0.168245021536194 0.117459405991156 0.117556254039974 0.110499170788441 0.0920377875307897 0.094141810898376 0.104350676361819 0.0890214757182635 0.0774564497133336 0.0732124552387002 0.110911707692936 0.170450540951747 0.128347328332002 0.100540782720548 0.113232965844477 0.119369389521341 0.121343881044733 0.133240952207418 0.140542713733527 0.131611916175917 0.122194695160933 0.112404124930612 0.167022616358025 0.253267634503425 0.431100533408856 0.529474002784345 0.554453274762296 0.639182087873845 0.722921537180336 0.73870086879967 0.744233002687736 0.738390205625364 0.714209674116453 0.685315067752453 0.657257147939186 0.629000940976666 0.600479737286126 0.5727729013138 0.546070338280551 0.529990435509427 0.51113079325382 0.487775710870898 0.468836057804926 0.451823693883101 0.436758653340366 0.423535870402472 0.413951013636019 0.406583368299523 0.400387735734292 0.400630290614312 0.403370132272397 0.411766814564575 0.418953916412393 0.425362060404624 0.42813847078232 0.430642334915676
0.342705949946602 0.239512692750715 0.132127726024854 0.11085269477658 0.0924420810620158 0.0785977226727724 0.0700359550582173 0.0634244322422261 0.044273799171028 0.0314212623845134 0.0308180407620374 0.0538238666230655 0.0891227727291558 0.104289727035079 0.117440977954947 0.126953635526765 0.121602636893875 0.106815427372518 0.128497329940589 0.145954817215399 0.142210807871808 0.134591669161055 0.123998215608734 0.114428970113373 0.133865869340485 0.267491969758588 0.402685502351755 0.539326823170239 0.632609135256527 0.702712148474912 0.692738465921086 0.682622973013422 0.672350063119645 0.656192411267597 0.638593498914831 0.621841953512033 0.602480669007449 0.579631653071107 0.560481491609602 0.542783455503278 0.527904356146683 0.510697160910455 0.489724930966491 0.468926301825346 0.448253961497491 0.430392358356011 0.414450868766559 0.402301048336032 0.391899139774787 0.382421173335691 0.382427147059077 0.385188702372517 0.394025911580577 0.401455968999121 0.407979834567792 0.411320278985839 0.414173016762871
0.438848894530782 0.315627289130195 0.176251170144694 0.130205379349151 0.0964702389034012 0.0823598815265885 0.0668065317232197 0.0507930783052829 0.04150380572519 0.031662672344427 0.020748211950464 0.0223624269415195 0.0305002431909478 0.0760080156685868 0.110537786907419 0.116414693165568 0.107054759783603 0.0880216995385209 0.120543887229672 0.147192965493086 0.144170213312236 0.138794451632296 0.131612662227243 0.0851625376431814 0.0643320405005099 0.165252094753787 0.321050518857356 0.527538382005156 0.618996897529093 0.674250688241514 0.653993631782968 0.635425641485996 0.618732603879749 0.597742314748091 0.578137627475967 0.578882635908836 0.574257001776296 0.562453884319357 0.551103009456435 0.539746264305748 0.526054328690857 0.510224569556858 0.490937487286442 0.469047991311409 0.44608015467826 0.425081550833089 0.406238042408842 0.391650224401147 0.377916409849642 0.364634019525814 0.366446976871878 0.370508674316671 0.379014580184678 0.386381714797263 0.393015491972349 0.396276058701119 0.398911321307483
0.5068895332429 0.399352691320812 0.266626046241097 0.190472459183458 0.135177399371999 0.113133553811028 0.0963579887234053 0.0825913178319397 0.104648589919399 0.104569160385397 0.0614355407284213 0.0311404293736752 0.00753024729854045 0.0410934638165855 0.0662577137184113 0.0677824875430899 0.0661565934931892 0.0625304939693059 0.107550275905222 0.141877028151068 0.132563605257409 0.130130437447287 0.132978137156619 0.092525285139673 0.0731025317478609 0.159375410074576 0.310317114696379 0.520991397699962 0.594331336261687 0.632831546219858 0.626582068170534 0.610859616008751 0.584621662023899 0.53861256816102 0.49611568961521 0.524077280961533 0.543358605698094 0.551039369033643 0.546298504655568 0.537101147270997 0.524574957922262 0.50969080344785 0.490993309232809 0.469219057531072 0.446098277391866 0.421428105417415 0.399394735168857 0.382568286027493 0.365035196749407 0.347128579149332 0.353957394645428 0.361326665849482 0.368289314407206 0.375113225642327 0.381847791412407 0.384017388477726 0.385545875851911
0.522994226047417 0.460198051449561 0.378243166938786 0.264147098980548 0.180300238129894 0.144674560614504 0.130325169625304 0.124568517872616 0.101827558477558 0.0777762814325927 0.0511765368613754 0.0589564467056161 0.0846376230377164 0.0695908409693472 0.0597948615016202 0.0650772375551259 0.0617436302246983 0.0529401549760011 0.0847652107557965 0.111734180663233 0.114628477391059 0.122350544868735 0.133778117074755 0.110324782979036 0.0963310974380183 0.137892004027932 0.219489369540686 0.338067163766109 0.448521518676937 0.545354732361993 0.576946407560789 0.587824675885026 0.575709968068337 0.523070649575722 0.471782448093523 0.517586299240659 0.546868253195363 0.554069861988038 0.547716254049428 0.536685688217687 0.524743501376269 0.510173966590054 0.491355441765244 0.469193520411465 0.445594264324785 0.421712535076978 0.399981867531831 0.382498924975813 0.364957323017525 0.347384713836521 0.350239479658655 0.354202646731652 0.359448993420124 0.365508991343871 0.372092972624312 0.371769498499952 0.371635640963015
0.513679080640169 0.510275165617204 0.495737332277345 0.343017483888635 0.229646601278256 0.179003104747833 0.168462839443068 0.172617279457364 0.0765495727309301 0.0161509327316744 0.0251258971040933 0.0963760295080572 0.200052444184587 0.123379021907947 0.0694440830019832 0.0810447424108586 0.0718200708597499 0.049374411682576 0.0581499361539172 0.0718550213711467 0.0933608628713916 0.113841917425976 0.133536407524738 0.131412259404791 0.124585906407468 0.110509343303187 0.0984946186650324 0.0883843499269503 0.254192923631344 0.435444378987737 0.515992226451301 0.563768713479135 0.575167258762873 0.524764071199555 0.471870044913046 0.530212009307552 0.563127678859462 0.562062906590607 0.551231195063306 0.537233720353928 0.525561830601062 0.511019456667949 0.491834888802369 0.469133380172555 0.444977291116473 0.423628880374325 0.403587809735358 0.386128357847127 0.370195203573713 0.355068846646348 0.350033107803046 0.347647583900002 0.351037671617174 0.356309300100451 0.362792622247592 0.359538395604106 0.357580565797464
-9999 0.510275165617204 0.499843434772881 0.407992283786799 0.339754906555549 0.309160966040487 0.297450222397863 0.292648069685768 0.240172093401594 0.205433872789464 0.2051942291613 0.200434128380158 0.193320254429439 0.139275686596229 0.0964349068731959 0.0833647521339966 0.0576845972752663 0.0239989679361858 0.0402937597117936 0.0532325612157774 0.0445046975008593 0.0628460421806305 0.101964073429899 0.112328856250269 0.115482940222779 0.10507204695517 0.0943233320296358 0.0832625817724401 0.124400518656215 0.195355481170497 0.373065880584939 0.475485302953408 0.494327762375648 0.494632283198975 0.492300141162855 0.508042552447097 0.521060324858544 0.530436810433954 0.536110436194018 0.53932967850378 0.525106080792636 0.509578754196305 0.49194301593826 0.47089060457692 0.448369598844694 0.425573035894305 0.404899544934595 0.388418507374701 0.375905889434585 0.365490968815203 0.345093888778681 0.330090852752328 0.328975405060977 0.336056903909081 0.348417155343264 0.347785396918129 0.34666186593876
-9999 -9999 -9999 0.41879625099783 0.41643215019814 0.410299364233269 0.401152580983778 0.390367673728802 0.362870437068483 0.344981188082522 0.345778739646379 0.300175275613515 0.230411099100343 0.174652680573355 0.124912086254807 0.0888050972565417 0.0497244760854268 0.00875604077886003 0.0237831718142564 0.0326356314128388 0.00988100811289595 0.0272731740221755 0.075479586288779 0.0938157516999275 0.104090688330139 0.0980176545104836 0.0884815984553135 0.0757468567432111 0.0388162648691342 0.0383980116004895 0.261030652161205 0.393053330405824 0.424494162589026 0.45858750456505 0.487275185430834 0.46657617631379 0.467430275571951 0.497088577319471 0.52183583516432 0.542248761217708 0.523760653047655 0.506952663025561 0.49286178753277 0.473436998768737 0.451702752470077 0.428630468882989 0.408133431092019 0.392721759242805 0.382362094446639 0.374672908751699 0.347077558488838 0.325927696881794 0.321929908929289 0.327680435752558 0.33970878097867 0.33933028622824 0.337837603764272
-9999 -9999 -9999 -9999 0.429116817848545 0.455889714985544 0.456455224924969 0.445379980796224 0.407233143792469 0.389326299447595 0.410784691483661 0.391653064093401 0.351386472816727 0.24731824366595 0.156234395683135 0.100218279926083 0.0535849997710282 0.0129084246320808 0.00984826273106713 0.00825924045048594 0.00250062947657586 0.0212224898679337 0.0587340789138434 0.0763942929119936 0.0883163653194874 0.0878678729338705 0.0794423534214941 0.063648702687306 0.0378537172452464 0.0405678320214164 0.208126126855166 0.321821977018092 0.375727667469077 0.411224284818486 0.433525054108172 0.388172308141605 0.391667316932127 0.460443889508245 0.509180920055552 0.546743440357296 0.520712234725058 0.502057542015552 0.495332266568932 0.477493994333198 0.454922675368222 0.43381889890057 0.415046631792436 0.40087842162817 0.390245346300846 0.381480934972394 0.362312781149066 0.347402057195903 0.343628992704994 0.342036456188583 0.341848158144267 0.33718787809352 0.333022441394411
-9999 -9999 -9999 -9999 -9999 0.482580094289372 0.475192938582553 0.464019322137095 0.422264173711281 0.417581939857224 0.485003686970134 0.486672078365006 0.454103117372462 0.340072395041864 0.238622405267548 0.172330660899083 0.111312443661294 0.0536421317736956 0.0221784861387243 0 0 0.0186017575345465 0.0514810986726418 0.0665468283916145 0.0780915397948503 0.0849748061805916 0.0739466183225004 0.0463741786842803 0.0264988701329766 0.0296878316475163 0.149695705148177 0.216475449101867 0.224169156648724 0.255148493514479 0.282454070157201 0.230521809661582 0.235204961515864 0.315550601256171 0.404248301107396 0.490428954165114 0.498290937938289 0.500298619648595 0.492838628378122 0.477659992479414 0.459096814493651 0.436294123625431 0.416989583444679 0.404592879553573 0.394329430573227 0.385193615144644 0.367388705354263 0.353947795766484 0.351783948110354 0.349960347629642 0.348355862968278 0.341333993441382 0.335930951531034
-9999 -9999 -9999 -9999 -9999 -9999 0.475192938582553 0.464019322137095 0.422264173711281 0.437592524216512 0.563943910487795 0.583505795259246 0.547463068612771 0.443120951797971 0.347179054032377 0.275548371165302 0.196644013105261 0.113121953174984 0.0479682875621137 0 0 0.0177387054313689 0.0490925678899562 0.0605806603684219 0.0707105565537863 0.0858004459419903 0.0702667563562211 0.0264470217594202 0.00981848484664739 0.0121204452061555 0.0884335355434246 0.0936465858786868 0.0199348348384175 0.0433628999211343 0.0815109749970128 0.032261342681155 0.0373881668210803 0.115185272905492 0.252027934634199 0.402952786030542 0.465942001564371 0.500146843574303 0.487801126259768 0.475832047388218 0.46375994211969 0.437378965175077 0.416385528915063 0.4060309279649 0.396466629845874 0.387320083953246 0.367258492861376 0.35284335594583 0.352998209326591 0.354588091905055 0.357102119108838 0.348702665250633 0.342797460840332
-9999 -9999 -9999 -9999 -9999 -9999 -9999 -9999 -9999 -9999 -9999 0.585519359337995 0.549404399073282 0.549070509819928 0.530473229776115 0.465794132762212 0.382514605716373 0.287426572204816 0.142168822260204 0.0256174492696051 0.00775613074135557 0.00783900377436447 0.0216947525551707 0.0258736721087676 0.0317400606181856 0.0493132588191176 0.0555824846650702 0.0514105837208407 0.0319228145008971 0.0166807001988008 0.0404744195785681 0.0380605259663727 0.00655479710543391 0.0592801274031469 0.122680601714855 0.0933935576155131 0.0967141384778189 0.143612500128946 0.163768599172782 0.181366899114987 0.294607628011523 0.368691074560671 0.379448724097644 0.399196416705448 0.422333634458064 0.420502786699905 0.415075163328645 0.40254494795216 0.387468258128591 0.371045507873724 0.362237865617773 0.35558917328211 0.353687751302608 0.353302080359841 0.353892538109202 0.350310190783108 0.34855895233314
-9999 -9999 -9999 -9999 -9999 -9999 -9999 -9999 -9999 -9999 -9999 -9999 -9999 0.677906172016877 0.660401646440952 0.600791312919517 0.522450366421407 0.432218266650917 0.245666371757803 0.0914258383231972 0.0574186650195245 0.0289198393673262 0.00464888809556111 0.00369700985683008 0.00864712775091231 0.0248123910114264 0.0448578900522003 0.0684874418918689 0.0497032655991987 0.025321620825044 0.0150713208867072 0.00695169277032368 0.00119722296242156 0.0608112953839274 0.129315266163981 0.13078675109105 0.141131358264327 0.163334264734546 0.100863354425382 0.0234535678455654 0.148935556924668 0.238467529276231 0.26986054699668 0.316310685481923 0.368702928228334 0.393626262768075 0.405869882083485 0.393074729546444 0.376309141602998 0.357444790798725 0.357301436379568 0.356769402832548 0.353978930933322 0.352238940561877 0.351175449915629 0.35076660143412 0.351709480638507
-9999 -9999 -9999 -9999 -9999 -9999 -9999 -9999 -9999 -9999 -9999 -9999 -9999 -9999 0.660401646440952 0.600791312919517 0.548731649741448 0.501465539154209 0.367710613302369 0.250973919337301 0.20577366064678 0.1237035820064 0.0133344603425694 0.0125896059932003 0.0246805606924676 0.0305249421383791 0.0440479201281365 0.0646633783157625 0.0553131760081411 0.0424997107418653 0.0423308720248614 0.0303397001536055 0.00522511378119926 0.0168959636137573 0.0421406393859673 0.0990285562045915 0.137388104227949 0.150985799933507 0.0946929471255715 0.0228186445611499 0.070916718640504 0.117750004589371 0.162537854501487 0.222403451360214 0.288530701172177 0.344007106091861 0.378033629295795 0.369702837288725 0.360600345443015 0.351089934869189 0.352809622861068 0.354054700653073 0.353354583432252 0.351999671926858 0.350223079371527 0.348790619866365 0.348742229625591
-9999 -9999 -9999 -9999 -9999 -9999 -9999 -9999 -9999 -9999 -9999 -9999 -9999 -9999 -9999 -9999 0.554720986277117 0.54963262950469 0.491372859450108 0.433217508938752 0.387587650008231 0.265410993382125 0.0844816462291711 0.0424010401263286 0.0231387092228923 0.0219122927992892 0.0299473221567266 0.0465368601969145 0.044636761849673 0.0414184978565075 0.0504355840213939 0.0441072566825646 0.0207447094927766 0.00840515023807591 0.00545485372429745 0.0550551191891048 0.089655072671855 0.104208171834892 0.0897871371728974 0.0689285526895934 0.0981271674489954 0.127187128955592 0.156022858155556 0.201217762995096 0.25310989726026 0.288217878945411 0.313052505478525 0.317600225621386 0.328214731873926 0.342036127061375 0.347477633336956 0.351139569813155 0.351035374803421 0.350567188693441 0.349864595911111 0.348367244793848 0.347631507894923
-9999 -9999 -9999 -9999 -9999 -9999 -9999 -9999 -9999 -9999 -9999 -9999 -9999 -9999 -9999 -9999 0.568509515251782 0.585963352464482 0.616046888950583 0.629653232311344 0.590324480252314 0.436461082018431 0.19468781918023 0.0852936064158142 0.0106065427987677 0.00434169653735108 0.007535724216998 0.0194666188147145 0.0237760552347768 0.0289192342612935 0.0465622414871655 0.051858877285798 0.0434503884097341 0.0220662750706943 0.000341146930802665 0.00344315097812398 0.0144140077654686 0.0359010287986783 0.0856721151705406 0.144269306118002 0.191140420953982 0.21801358122289 0.212545722512537 0.225506883068381 0.245673404925575 0.2285703348481 0.224843659024648 0.247531494726836 0.285400639796147 0.331294589456671 0.341620258350912 0.348099105348321 0.347656322295961 0.348388555131072 0.34987748658863 0.348914757815313 0.347681725643637
-9999 -9999 -9999 -9999 -9999 -9999 -9999 -9999 -9999 -9999 -9999 -9999 -9999 -9999 -9999 -9999 -9999 -9999 0.624364175066595 0.652311729411025 0.651968668632033 0.530871889941868 0.317091863461047 0.148508607470487 0.0164486927007306 0.00533591252252039 0.0127936834796668 0.0374044934640544 0.0445122604311224 0.0485399235572708 0.0542290455122308 0.0545157762925159 0.0488055674029766 0.0251970496446212 0.000284281135246887 0.00286921200370907 0.00906585979406119 0.0200893113911461 0.0871593377870019 0.170370852344773 0.210651502509873 0.235026501109239 0.233678620029103 0.238300712995575 0.24481852026755 0.215532565622403 0.205958896274958 0.235311291553358 0.282101801528489 0.33811005810876 0.332719603052025 0.330758461984761 0.341472876999568 0.345251188082502 0.344562716761594 0.346282971253911 0.34740987980406
-9999 -9999 -9999 -9999 -9999 -9999 -9999 -9999 -9999 -9999 -9999 -9999 -9999 -9999 -9999 -9999 -9999 -9999 -9999 0.680315613508952 0.69125869966126 0.597000635438053 0.421996533272656 0.20413133128506 0.0226475707488989 0.00734681220948023 0.0186209886728682 0.054441603953662 0.0635558788527451 0.0660569830060205 0.0607322613491677 0.0558560251409951 0.0514776314791265 0.0285750711678679 0.0040433982160053 0.00571096966539401 0.00869652587979846 0.0134434753646547 0.0810397369358297 0.167119104174835 0.210644285123363 0.23719642466286 0.236299484222491 0.238060023445989 0.240333555146165 0.208760431633059 0.198289622330528 0.229489782898318 0.28281630413488 0.347838767821973 0.330778215572738 0.321788323832739 0.338268726004677 0.342692685258067 0.339352414388833 0.343400340198108 0.346741613526128
-9999 -9999 -9999 -9999 -9999 -9999 -9999 -9999 -9999 -9999 -9999 -9999 -9999 -9999 -9999 -9999 -9999 -9999 -9999 0.675718237093706 0.668103382783278 0.595195212930146 0.4721718445705 0.232808534902015 0.0259964179233069 0.00843316939901769 0.0202522759101656 0.0592109475834669 0.0686992398553937 0.0704673455284313 0.0613116309465896 0.0543587847811631 0.0498512389589868 0.034932061437126 0.0180937583485452 0.00785994984819864 0.0082759657336949 0.0229247174615458 0.0510658967627278 0.0869071591723648 0.168142728450463 0.210866366165316 0.191307878703941 0.201436470508396 0.223632794688177 0.210728668862756 0.209269744365046 0.230411783672897 0.28707218969379 0.362507521208819 0.350217030901355 0.340799682353573 0.344537287531063 0.342062818598167 0.335587835313096 0.340447446996555 0.344960965345515
-9999 -9999 -9999 -9999 -9999 -9999 -9999 -9999 -9999 -9999 -9999 -9999 -9999 -9999 -9999 -9999 -9999 -9999 -9999 -9999 0.651354165790034 0.58832585485918 0.476920825920123 0.246657158012036 0.0458454582000525 0.0233348421758258 0.0225164141336535 0.0417343837368915 0.0616131753119407 0.0767799616559769 0.0657407723823445 0.0563983915653259 0.0489395577956337 0.0391119586937828 0.0278620861266448 0.0101380726133891 0.00535476864220979 0.0178658062349958 0.025241265324871 0.0363759439980302 0.127979933241907 0.173031874579324 0.142799083179862 0.156216834040237 0.188345977647817 0.221235430567418 0.247044399441832 0.258871459300484 0.299612705234745 0.355637922238932 0.351827385934903 0.347107975760829 0.344346668909478 0.33658460283283 0.325602097222288 0.334333807520293 0.343401306420192
-9999 -9999 -9999 -9999 -9999 -9999 -9999 -9999 -9999 -9999 -9999 -9999 -9999 -9999 -9999 -9999 -9999 -9999 -9999 -9999 -9999 0.577626071425128 0.447308752667296 0.249289253943737 0.0781754547148797 0.0486865956389977 0.0252592489041987 0.00743073211218711 0.0452766175099486 0.0845314666408934 0.073081930274078 0.0611133145807107 0.0485684934063747 0.0416450750644233 0.0343914300883523 0.0125138804728832 0.000542057912728804 0.00180853782563472 0.00255514822597213 0.00829561093166286 0.0895862069955598 0.126495283264541 0.0916298403344857 0.104495010494721 0.139000430663852 0.238200840946605 0.305086780614078 0.308160982955137 0.318419820421735 0.332476439196083 0.33995206650664 0.3438075089076 0.339270244148491 0.327439034047042 0.310910595208859 0.325829339301019 0.342008806582476
