layers/veg_sum/veg2200.asc
NCOLS 255 
NROWS 330 
XLLCORNER -2985163.8955 
YLLCORNER -3022031.214 
CELLSIZE 25000 
NODATA_value -9999 
[rows 175 to 199 of 330, columns 57 to 113 of 255]
-9999 -9999 -9999 -9999 -9999 -9999 -9999 -9999 -9999 -9999 -9999 -9999 -9999 -9999 -9999 -9999 -9999 -9999 -9999 -9999 -9999 0.246788095435947 0.252692850701624 0.27226579836936 0.284815759922332 0.262480642789295 0.186855462964541 0.0620079138922297 0.0209604717934581 0 0 0 0 0 0 0 0 0 0 0.0087864883193403 0.145950889104143 0.245529423970342 0.284323482156761 0.291885117442605 0.286897611044193 0.326781910892653 0.354764229478712 0.359243575943634 0.359654794878869 0.357915611125615 0.349412922718205 0.332882164819029 0.297192768468294 0.284027292129137 0.285366997742481 0.282450361062176 0.281626908386948
-9999 -9999 -9999 -9999 -9999 -9999 -9999 -9999 -9999 -9999 -9999 -9999 -9999 -9999 -9999 -9999 -9999 -9999 -9999 -9999 -9999 0.228553821900772 0.202228778511407 0.205060227608813 0.209239628667685 0.203586604927432 0.139094469961522 0.0202544826445684 0.000495144626278918 0 0 0 0 0 0 0 0 0 0 0.00907278401178234 0.150706499006523 0.245222038371876 0.263537293993847 0.279308226096134 0.294360141300526 0.329483665504431 0.352865458733117 0.353060727829366 0.348841961684475 0.342289946844608 0.321322114005041 0.299697758410411 0.277475196199759 0.266991083276252 0.264066415718506 0.264937349864814 0.269945187452804
-9999 -9999 -9999 -9999 -9999 -9999 -9999 -9999 -9999 -9999 -9999 -9999 -9999 -9999 -9999 -9999 -9999 -9999 -9999 -9999 -9999 0.277519361278607 0.284723527831739 0.256143090295066 0.22414558033813 0.197244085547732 0.127357899753647 0.0177680952039304 0 0 0 0 0 0 0 0 0 0 0.00235795204022781 0.0134035187893096 0.139654095987341 0.22633218964819 0.249013016146536 0.278574361687255 0.310802975737496 0.327878974926002 0.337119690674198 0.330887986814359 0.320780631594349 0.308624616138456 0.287693485408032 0.269704043951956 0.259521068204985 0.254808229129838 0.25361810402673 0.255220796193882 0.261001931928612
-9999 -9999 -9999 -9999 -9999 -9999 -9999 -9999 -9999 -9999 -9999 -9999 -9999 -9999 -9999 -9999 -9999 -9999 -9999 -9999 -9999 0.369924642237567 0.359577660205374 0.301483324923179 0.241948054628278 0.201546178585055 0.125851490129661 0.0175579313297862 0 0 0 0 0 0 0 0 0 0 0.00852604293956238 0.0262673361883515 0.136243214945954 0.2127364547707 0.235081023661557 0.273356745189715 0.317702185179203 0.321221740872688 0.317969232033022 0.301343853549541 0.28723749571375 0.274462686295166 0.257281837023557 0.244410493110118 0.242385103816525 0.242728413094765 0.244597140850667 0.246497067346497 0.252397331554466
-9999 -9999 -9999 -9999 -9999 -9999 -9999 -9999 -9999 -9999 -9999 -9999 -9999 -9999 -9999 -9999 -9999 -9999 -9999 -9999 -9999 0.380623451470091 0.389187037316996 0.32597379194518 0.261320101471833 0.228298981887218 0.146784553499015 0.0204783678600371 0 0 0 0 0 0 0 0 0 0 0.0237105140631677 0.0593976640152009 0.152139124649682 0.212971321132653 0.222199334093901 0.256657653161745 0.301130138212549 0.302678368898516 0.291461411116965 0.255036896538054 0.241547765978081 0.24018222571757 0.234931525328096 0.230222692885952 0.227110347739731 0.23060702747392 0.23835985393433 0.239694815430994 0.244443440198259
-9999 -9999 -9999 -9999 -9999 -9999 -9999 -9999 -9999 -9999 -9999 -9999 -9999 -9999 -9999 -9999 -9999 -9999 -9999 -9999 -9999 0.385409787677558 0.388462348292841 0.334667723299633 0.276946812588733 0.233262150322673 0.146676050405056 0.0204632302572099 0 0 0 0 0 0 0 0 0 0 0.0375961950194693 0.0890736260251745 0.156366828059732 0.203903638344662 0.219490088986889 0.249729593800171 0.285343846144599 0.272148011707058 0.253667475346015 0.224751180497525 0.217169314760576 0.220864778306961 0.220670215104574 0.220520720724326 0.220753221414501 0.225593537291788 0.233401240624643 0.231897173217006 0.232695387936232
-9999 -9999 -9999 -9999 -9999 -9999 -9999 -9999 -9999 -9999 -9999 -9999 -9999 -9999 -9999 -9999 -9999 -9999 -9999 -9999 -9999 0.377872406502013 0.367602348192802 0.333340960170277 0.29019763155776 0.224402840304098 0.133219613724445 0.0185858810820959 0 0 0 0 0 0 0 0 0 0 0.0506579751066797 0.116558275635092 0.153192685083728 0.188934788052983 0.223233838399619 0.248999889267904 0.270056005759018 0.23401358744847 0.20871407681372 0.20462870305565 0.206309891739146 0.211039271829426 0.211540245963382 0.213664379621791 0.220053085023064 0.225089013513 0.22925376703739 0.223468094953797 0.218540470772951
-9999 -9999 -9999 -9999 -9999 -9999 -9999 -9999 -9999 -9999 -9999 -9999 -9999 -9999 -9999 -9999 -9999 -9999 -9999 -9999 -9999 0.37909063854648 0.379955664046838 0.327791618273903 0.2682435715752 0.207070480488556 0.122777381781025 0.0171290529491642 0 0 0 0 0 0.00534091062122408 0.0106015564679907 0.00385754852665718 0 0 0.0430651976171344 0.100439143592486 0.152672764565641 0.19523782101417 0.222166716887156 0.228139429939598 0.224892447966582 0.208476924411143 0.197311073960226 0.196511810206134 0.198270446642239 0.201381183130703 0.204690162863826 0.208012421816242 0.21135330188312 0.211634134833185 0.209944327673103 0.209396246014061 0.209159194418018
-9999 -9999 -9999 -9999 -9999 -9999 -9999 -9999 -9999 -9999 -9999 -9999 -9999 -9999 -9999 -9999 -9999 -9999 -9999 -9999 -9999 0.365545295548338 0.380286861792819 0.316525574650703 0.245799152973117 0.188352732549756 0.111081003471668 0.0154972549708382 0 0 0 0 0 0.0101009183040813 0.020056308739627 0.00735883110233527 7.15110328676921e-05 1.44832892263418e-05 0.0394072683537696 0.0925430940674193 0.150255786276442 0.193634722229383 0.213832873289185 0.206573632988604 0.187916036497227 0.188895175585767 0.189580989613446 0.189687571446428 0.190758008534541 0.19233793725408 0.197387258319407 0.201111679253929 0.201353898327157 0.198243704754749 0.192974590560184 0.197377506587743 0.201990439889154
-9999 -9999 -9999 -9999 -9999 -9999 -9999 -9999 -9999 -9999 -9999 -9999 -9999 -9999 -9999 -9999 -9999 -9999 -9999 -9999 -9999 0.351482640010736 0.34136790717328 0.288882932840209 0.229919700845581 0.167370280365457 0.0948905401611991 0.0132384732694078 0 0 0 0 0 0.0118770266637507 0.0236071313935882 0.00889697807273214 0.000359961158469385 7.29037374974977e-05 0.052410664395049 0.119566610493704 0.141476698028503 0.16318163028941 0.184554782088252 0.187472673068122 0.182610103067481 0.184496991021921 0.185319131921818 0.184038705208201 0.184199298738983 0.185121612197449 0.18818916757095 0.190147083974957 0.189241696100895 0.188010970813299 0.1865707314457 0.192877864264232 0.200441799013977
-9999 -9999 -9999 -9999 -9999 -9999 -9999 -9999 -9999 -9999 -9999 -9999 -9999 -9999 -9999 -9999 -9999 -9999 -9999 -9999 -9999 0.309439643999306 0.312193753408676 0.261143862267912 0.201163088185441 0.133842239203192 0.070141900363347 0.0097857138493277 0 0 0 0 0 0.00839223660667894 0.0184688596723349 0.0243346250160032 0.0284859324532492 0.0303459883532975 0.0666591998913322 0.113344238078534 0.140202895594306 0.162552850381382 0.177611257423838 0.179531084203098 0.175961965658916 0.179908738015337 0.180871699468723 0.175942497010683 0.175466434444163 0.177344291199262 0.178919686805984 0.17953686120439 0.177832011539702 0.179370530426315 0.182997746615684 0.191180597815034 0.200088912371415
-9999 -9999 -9999 -9999 -9999 -9999 -9999 -9999 -9999 -9999 -9999 -9999 -9999 -9999 -9999 -9999 -9999 -9999 -9999 -9999 -9999 0.303774521894018 0.296515304232394 0.233330834155005 0.162530136710678 0.0906921631939084 0.0388294338266163 0.00541721462336127 0 0 0 0 0 0.000872518577598342 0.00666635169926382 0.0504327099291498 0.0779623241400046 0.0837926802044055 0.0818627144839725 0.0816234134572146 0.144685388999507 0.184798291059076 0.187797576394899 0.180148348760981 0.168284404005805 0.175174709056539 0.176281937562248 0.165969261783489 0.165066068496655 0.169136705626956 0.169595452356055 0.169198429948012 0.166961133842483 0.171951324378721 0.181595944905131 0.191632657185809 0.200653128059792
-9999 -9999 -9999 -9999 -9999 -9999 -9999 -9999 -9999 -9999 -9999 -9999 -9999 -9999 -9999 -9999 -9999 -9999 -9999 -9999 -9999 0.285946792604484 0.28571465597797 0.231382618347727 0.170569323479712 0.112258332041407 0.0582179391866202 0.00812216508002581 0 0 0 0 0 0.011614373000277 0.030648691370325 0.0850388274869567 0.113271466761483 0.106546464542333 0.105741557023681 0.109945320543517 0.157883833506781 0.184212616254156 0.175593790099592 0.167595096899171 0.16002779723752 0.161432881799506 0.160164640826973 0.15361735478427 0.153205643379025 0.156037182363436 0.161895436743491 0.165056387242929 0.161410100021906 0.163829737715669 0.170155771123585 0.177525998303659 0.185487456997007
-9999 -9999 -9999 -9999 -9999 -9999 -9999 -9999 -9999 -9999 -9999 -9999 -9999 -9999 -9999 -9999 -9999 -9999 -9999 -9999 -9999 0.28177201153546 0.279749318237779 0.23524241051563 0.185609439122214 0.137797601193158 0.0793470865286553 0.0110699578928576 0 0 0 0 0 0.0217845931066708 0.052759890634607 0.11179905554091 0.138953401509019 0.123495945734006 0.127383543330925 0.138978767598896 0.166967995647002 0.177802448492367 0.160893918496362 0.154034971691593 0.151467167210014 0.14816794746747 0.145005511976732 0.142113185838873 0.142171632932201 0.143789851847618 0.153527417005983 0.159250025027432 0.154587502357356 0.15490610871639 0.158432512956921 0.164327259245835 0.17182481071106
-9999 -9999 -9999 -9999 -9999 -9999 -9999 -9999 -9999 -9999 -9999 -9999 -9999 -9999 -9999 -9999 -9999 -9999 -9999 -9999 -9999 0.28356289339368 0.284705654513146 0.248634814929357 0.204105102516028 0.145473830060485 0.0810614115483073 0.0113091286880621 0 0 0 0 0 0.0202268503931802 0.0489224976110218 0.103151559374884 0.133948807268325 0.133431095868327 0.13568999210528 0.139687602141827 0.155278631248464 0.160221397004284 0.147943617230311 0.143326782036402 0.142005736929401 0.14145807848165 0.13960939233632 0.135191552616398 0.135159565010741 0.137445928565174 0.141678142171635 0.143655450443654 0.139982844115332 0.143178171428853 0.150796380152957 0.162264863263176 0.172256835879604
-9999 -9999 -9999 -9999 -9999 -9999 -9999 -9999 -9999 -9999 -9999 -9999 -9999 -9999 -9999 -9999 -9999 -9999 -9999 -9999 -9999 0.284237016582184 0.276756697173427 0.237053204655081 0.19073362367996 0.135005438921478 0.0760901256903041 0.0142309612681548 0.00210857427711276 0.00142145197312993 0.0105394887433055 0.0168719423172542 0.0201122513513259 0.0472886696397537 0.081010972581897 0.116818718927087 0.138875243101726 0.142554233002357 0.138573005005883 0.133025688842391 0.142697868244511 0.146334262749246 0.140209487267001 0.136605026454381 0.1341544815002 0.135728839975429 0.13463480985222 0.12827148368033 0.128748097254212 0.132840286965047 0.132841583430815 0.131570887312357 0.127475585325232 0.132576864553563 0.143600651222987 0.154944937468963 0.164188658779051
-9999 -9999 -9999 -9999 -9999 -9999 -9999 -9999 -9999 -9999 -9999 -9999 -9999 -9999 -9999 -9999 -9999 -9999 -9999 -9999 0.288469068779891 0.276794241234382 0.256158522438223 0.202420852367767 0.147949121611123 0.107789762257266 0.0649480942206868 0.0196288612921173 0.00616333951648196 0.00415488854809 0.0308068101561395 0.0493165025925126 0.0587878904075313 0.10076603110127 0.146258630210437 0.151082061291568 0.152967910917511 0.150927891031213 0.13645024599869 0.119560656017317 0.129294354091377 0.135856573640299 0.137289826282643 0.133562705857908 0.127789399822374 0.130904712660891 0.130049301546239 0.121352858563483 0.122890976871452 0.129839060318049 0.126785728645607 0.122726026306035 0.116904203256139 0.123015425208632 0.136811410244909 0.142772369245169 0.148274888088067
-9999 -9999 -9999 -9999 -9999 -9999 -9999 -9999 -9999 -9999 -9999 -9999 -9999 -9999 -9999 -9999 -9999 -9999 -9999 0.213954061566717 0.21410877165027 0.205269067692164 0.189525795713334 0.146925872564832 0.105269455606948 0.0813122830108282 0.0561708479745332 0.0299355466492539 0.024141563365847 0.0274970685483595 0.0589757623534846 0.0777942029145339 0.0825590933984749 0.116461820496829 0.153441738798907 0.153376251927094 0.153462048429378 0.153750024444007 0.134060587384791 0.10975902643308 0.117436645115893 0.123969148211985 0.12864975166507 0.126986858069535 0.122712030210392 0.124134082679398 0.123068532182241 0.117090684994878 0.120470538340093 0.128796850279957 0.124748653852188 0.120364766651102 0.116024587594383 0.118243438989133 0.124686241191808 0.130510418243965 0.137128885009165
-9999 -9999 -9999 -9999 -9999 -9999 -9999 -9999 -9999 -9999 -9999 -9999 -9999 -9999 -9999 -9999 -9999 -9999 -9999 0.137552056451841 0.138548101482672 0.13420549625113 0.125765266087665 0.0972312033484083 0.0700448073767829 0.058638943293354 0.0483686432387201 0.0391472282689648 0.0414233805183703 0.0504158047911823 0.0837274341492504 0.100978520032691 0.100401554009519 0.122307443696816 0.147214740925213 0.148612195952061 0.151013293009441 0.154755686541141 0.13340159379979 0.105670437437577 0.109593106617006 0.114030116508354 0.119298926605578 0.119901220359841 0.118516921367329 0.117796798058908 0.116173069105376 0.112764980235849 0.116827762003218 0.124839628499547 0.121780633183067 0.118893123921557 0.117198448985498 0.115134300650915 0.112832215098056 0.119689180509354 0.128112434116021
-9999 -9999 -9999 -9999 -9999 -9999 -9999 -9999 -9999 -9999 -9999 -9999 -9999 -9999 -9999 -9999 -9999 -9999 -9999 0.137191787392631 0.136733556952519 0.132596399407182 0.125635520005528 0.100698046121793 0.0750202065508493 0.0557634134797277 0.0433676056195503 0.0373090758633374 0.0403913204283493 0.0495112489181778 0.0817454544813186 0.0996861980447949 0.101760443512625 0.114370113210106 0.129149372024503 0.139087914726973 0.146861059665066 0.15174030389105 0.142379256163441 0.128644668939094 0.121839168851917 0.116099138816985 0.112082204364951 0.113751248042965 0.117746725178748 0.115836496157505 0.112241626877254 0.105320080116279 0.102984826166995 0.103073875861216 0.109579797075773 0.115457075381066 0.119348788955151 0.116011833933638 0.108019687755363 0.116751333359652 0.125628803090938
-9999 -9999 -9999 -9999 -9999 -9999 -9999 -9999 -9999 -9999 -9999 -9999 -9999 -9999 -9999 -9999 -9999 -9999 -9999 0.143869907928589 0.141480161708078 0.134271505687285 0.123364146066917 0.100124921056811 0.0767296639676946 0.059130836631034 0.0469080816581732 0.0396510370940874 0.0406257059143008 0.0474869155574812 0.0775965005038415 0.0953468711542335 0.0993778608670144 0.108037180608271 0.118056717609934 0.129244219053593 0.140096740250128 0.150501584076878 0.148062360373061 0.140954313658864 0.129516300675198 0.118429427812966 0.107910424494269 0.107795625239403 0.111982203384321 0.10776949855809 0.102918142763032 0.096805635939036 0.0930564021908644 0.0905563890580263 0.100573536809627 0.109929719256445 0.116795084893725 0.113757177637414 0.104341660481363 0.111614583900642 0.118909591218347
-9999 -9999 -9999 -9999 -9999 -9999 -9999 -9999 -9999 -9999 -9999 -9999 -9999 -9999 -9999 -9999 -9999 -9999 -9999 0.145483549424571 0.149607488424902 0.139589564985269 0.11871720357538 0.0950705223089868 0.0748164245137042 0.0694231616489548 0.0599231035094604 0.0466297266304661 0.0422648771454405 0.0442204858269627 0.0710438628008312 0.0876276998124048 0.0928451064017434 0.103483902277449 0.114698442075308 0.11904621769801 0.130435003570092 0.151233600844882 0.15009102540323 0.141434425571574 0.132125415021231 0.121049522960151 0.107116201241395 0.102055581716203 0.100677800878845 0.0929287404201042 0.087613617123806 0.0871048160701922 0.0874700917368309 0.0882974023115352 0.0951108118431463 0.102082611585664 0.109023490600795 0.108028187066422 0.101922060379168 0.10403873506162 0.10749212486877
-9999 -9999 -9999 -9999 -9999 -9999 -9999 -9999 -9999 -9999 -9999 -9999 -9999 -9999 -9999 -9999 -9999 -9999 -9999 0.159834943883504 0.159620382210993 0.141897864454496 0.110737298908585 0.0830671219924146 0.059825087990235 0.052281471726504 0.0487848314479159 0.0490262566962738 0.0503334004148116 0.055235012401303 0.0784825933354861 0.0914595457402835 0.0930355577706345 0.100423015514454 0.109200522488414 0.116872048463956 0.130447745495024 0.151913948881586 0.153932467642118 0.14851519316654 0.131186107944671 0.117038837748093 0.108037250815088 0.0981622466363838 0.0879643358339291 0.0805385164283969 0.0759261089229773 0.0768693765606961 0.0769612609680884 0.0766031061930634 0.0824812347272093 0.0887995013005489 0.0957583305917241 0.0956018878890394 0.090863280320762 0.0906743378095925 0.0920471136698402
-9999 -9999 -9999 -9999 -9999 -9999 -9999 -9999 -9999 -9999 -9999 -9999 -9999 -9999 -9999 -9999 -9999 -9999 -9999 0.184374936746204 0.173547418726976 0.145320389010756 0.103738546855261 0.0702896777095144 0.0420248618515684 0.0300336432108688 0.032381438583222 0.0479737340883565 0.0575560104568378 0.0678383451520696 0.0882082623671167 0.0977318292967097 0.0952153742811008 0.0974003930233945 0.102042215899451 0.116571028399217 0.132985029413249 0.151918451327052 0.157076183740721 0.155871071513931 0.130218743732827 0.112821179944427 0.108773355403708 0.0934939800440938 0.0736807794767799 0.0688670952781988 0.066282493855126 0.0680996864841059 0.0665989037057255 0.0633442468945706 0.0693044628190513 0.0754616287796543 0.0814565779066657 0.081864084971142 0.0786733345509325 0.0769271095857426 0.076811965261174
-9999 -9999 -9999 -9999 -9999 -9999 -9999 -9999 -9999 -9999 -9999 -9999 -9999 -9999 -9999 -9999 -9999 -9999 -9999 0.188045181527017 0.192033109965498 0.164123096201207 0.111730151953845 0.0659895805194561 0.029256992192453 0.0246920119366753 0.0246458675270907 0.0287736308848354 0.0443172496080753 0.0630041452535539 0.0867495437981553 0.0992324723618982 0.0992134641304994 0.0915234261172512 0.0860072181518607 0.114392578258733 0.135407753385843 0.146573198402315 0.150741322260915 0.151457760918772 0.13654635344156 0.120986966167797 0.104379655376249 0.0786515697919688 0.0497012952572969 0.0578075352814133 0.0654818198132956 0.0723031171266866 0.0678540125200338 0.0574473998430533 0.0668992368032928 0.0732041320258883 0.0704262861514798 0.0717286752083391 0.0756586952484628 0.0723575098446369 0.071809237463878
