layers/veg_sum/veg2400.asc
NCOLS 255 
NROWS 330 
XLLCORNER -2985163.8955 
YLLCORNER -3022031.214 
CELLSIZE 25000 
NODATA_value -9999 
[rows 125 to 149 of 330, columns 57 to 113 of 255]
0.0959685428603369 0.13553942545057 0.177556530908897 0.157507547533783 0.163823875201557 0.212169949069575 0.189713487237498 0.138571971872995 0.139843195620158 0.138793304711065 0.133229023473341 0.160666816393329 0.20528857855891 0.164549541798664 0.137997649044473 0.150702453652721 0.173263708489995 0.202082343186694 0.286810657335049 0.370066903388675 0.436015886622403 0.522359811605436 0.624357659900524 0.668620659100517 0.707031241019086 0.752321706079339 0.772009522388289 0.768048970373063 0.778501161374723 0.787676171421783 0.774834685541457 0.751488792486365 0.716482452407436 0.687779596875595 0.659233489105435 0.61855435150322 0.582630846523146 0.553062907646508 0.529503736877063 0.50806640286038 0.487743710116509 0.470299138132232 0.457509110081357 0.445178360916262 0.433163424252372 0.427594184401214 0.424467644416144 0.426164730480153 0.42821736254765 0.43045793540024 0.431987891128971 0.432087208204924 0.428737806896265 0.435129212907302 0.447793602593641 0.449558637170202 0.44809704296345
0.108610761124244 0.127694184357865 0.145407503774889 0.143212089291393 0.148224342084775 0.164726557042845 0.160938381185491 0.148469042065986 0.130093557772239 0.114794667774693 0.105479518174651 0.14445436870579 0.208573513900298 0.15544516656263 0.11232603651174 0.10033046346182 0.0956289083329459 0.0955579696808886 0.148595230676307 0.209798663914185 0.283605906047172 0.378004394560891 0.488207477944542 0.562467958593192 0.629168452917362 0.684661542927795 0.719573814682837 0.735476226354883 0.756848668429184 0.775633452365193 0.774675845882053 0.757795796523959 0.723240994222218 0.695690922494599 0.668332402638857 0.627631628850055 0.59206842286928 0.563371212311025 0.538579826492074 0.515248806101138 0.493827662248134 0.47537185687292 0.46171164535049 0.447944730364655 0.43422823528256 0.425714742534202 0.419075889705023 0.416138908756355 0.415239938152635 0.415418255046164 0.416260186835828 0.417339632437277 0.418953509747847 0.422744148890741 0.427936601147378 0.42650047555535 0.423406790524089
0.109633417007749 0.111811191445088 0.115668529374923 0.156363058378605 0.173487026226959 0.153036443881527 0.154809999905082 0.164632051000515 0.114602037441746 0.0839674052477221 0.0910553051212492 0.126485517066417 0.176673389898613 0.146451789945535 0.120163348655903 0.108168822333987 0.0907866382791995 0.0699840929174698 0.0999300531308515 0.133702962667823 0.167444832442167 0.252382059485755 0.376613745247434 0.492705056046925 0.591217234433688 0.624436029710007 0.666632558746919 0.717121540519843 0.743734285307105 0.763514879649405 0.77131869601797 0.75943328160649 0.725691780637138 0.697197257247325 0.669011901137137 0.632173220510568 0.59981055243273 0.573429758038915 0.548103235661745 0.523313986575729 0.50113087799103 0.481192813955573 0.464885472658925 0.449054739630125 0.433500883729276 0.421883480705655 0.412071868912579 0.405826172744173 0.4026260369193 0.401035777162201 0.398616960730187 0.397948444276146 0.401617858674162 0.404345546893699 0.406466772758491 0.404406723325687 0.401221616128153
0.157493706495349 0.128909098577873 0.107114194424419 0.134920343079799 0.142048095709065 0.116211786757871 0.119244696589386 0.133269046902242 0.0939123649297376 0.069580571376636 0.0744710356669676 0.110838362833424 0.16359549147194 0.130017511597483 0.104355120690141 0.102922238158084 0.0963677917020435 0.0865619139292481 0.105502970027599 0.124367073896285 0.136397070139859 0.178070854886177 0.242497418120646 0.338573907974625 0.437849484965019 0.53331725669908 0.599303067513258 0.638057310315676 0.687302033440058 0.732385706509322 0.743947490121898 0.740459212426285 0.720264571423354 0.69421060453246 0.666025031421525 0.633045912385366 0.60315622460716 0.577395342845326 0.551528113533246 0.525924457922598 0.50470079833754 0.484526205412526 0.466048180236441 0.448154837780823 0.430581498827368 0.416773223424803 0.404622119605295 0.39574345057272 0.389546430156086 0.384766922919957 0.382551614623798 0.381863084890287 0.38472886067297 0.386833551546264 0.388448111257384 0.386800277856974 0.384638615304028
0.224400793319948 0.160083175097038 0.106747641755049 0.104046217975897 0.0943580871014216 0.073532233424654 0.0756707633345484 0.0868783812507583 0.0704232107087555 0.0586390988535368 0.0559398385816907 0.0933284623859354 0.151590591406622 0.110857819536895 0.0837107609594917 0.0951931796199273 0.105056371935217 0.113891596363029 0.126978258015628 0.13649457302008 0.134192890687027 0.125519382782878 0.111955247091025 0.166067378188829 0.251858296617021 0.427744584728802 0.523349355098474 0.544800590822922 0.621195015556524 0.696506485031079 0.708386975442554 0.712681251457436 0.708554428631499 0.686244261954471 0.658989534597907 0.630377959174809 0.603216950354954 0.577994521040048 0.552066490204413 0.526325449720857 0.506826102951233 0.487013264218309 0.466693441158518 0.446772805249778 0.427095597461246 0.411339344980824 0.397082368888062 0.385786030218951 0.376400594323011 0.368025257159444 0.366998147136498 0.366803915721017 0.368132933904082 0.369832861604412 0.371771651369297 0.370838183834514 0.369982862754387
0.339484275793059 0.233867217602631 0.122586772686936 0.0982145260489796 0.0773543172949721 0.0620927552122628 0.053626890998003 0.0478183284431842 0.032622052974384 0.0222383325224918 0.0212146631847349 0.0415036002339668 0.0728898753155671 0.0879735501725144 0.101241769610092 0.111122914339496 0.109673064254917 0.10102971782137 0.123773345987984 0.142954020443368 0.14410869983989 0.137432585177317 0.124746026789022 0.115128608991116 0.134288509981064 0.265669057829841 0.396334011705873 0.526337993742529 0.614365345589402 0.6800495220712 0.668735872322271 0.658183397609253 0.64847586740709 0.632432920346285 0.614738430397735 0.597147680398505 0.579179306362887 0.560706264554079 0.541016614502863 0.521229710243585 0.506073158956819 0.489102486673458 0.469197988263789 0.44770667051556 0.425603259073674 0.407159234078275 0.390277431124862 0.376480565064756 0.364386100176906 0.3531915205633 0.351370702717151 0.350984978116288 0.353453590340068 0.355715494535436 0.357844280802771 0.357132231126914 0.356500898118868
0.435795845949438 0.311001543533548 0.167164850205754 0.118315196588137 0.0823239247134377 0.0668305912215456 0.0509848907877377 0.0352615992315018 0.0318443693840638 0.0256481282471578 0.0140469228813145 0.0137013182930131 0.0192164331454849 0.062674228302206 0.0963679004910004 0.104294176263221 0.0986208082131003 0.084313689129703 0.117608387654429 0.145367406236647 0.145386971540245 0.140835258859233 0.132774909777649 0.0871193543687051 0.0664965605866352 0.16443305191428 0.314324681907541 0.512205653450299 0.600175502273464 0.653323232926495 0.633083703718113 0.614877937844407 0.598929756737596 0.577620617041742 0.557365134511926 0.557034465139455 0.553226784148311 0.544772323445459 0.53247486694366 0.518939430639396 0.506430850580871 0.491050787423674 0.471026914866808 0.448274930181969 0.424411383186515 0.403633184002472 0.384516759007515 0.368681857615779 0.353629113648458 0.338989816264611 0.337211888686374 0.337214495614566 0.340672482040341 0.343494791915308 0.345907732372002 0.345209133082042 0.344513962485931
0.502631124542821 0.393396597801426 0.256869793571625 0.179135739672513 0.121796872163381 0.0969705931188098 0.0788083663378964 0.0643212850402868 0.0892021969836389 0.0915698148565334 0.0501507991207316 0.0236201042138664 0.00484166287810488 0.0335827093129492 0.0563131345921997 0.0617293145390172 0.0629646395492367 0.0615457435298194 0.106795464506163 0.141427529225598 0.133102289821651 0.130874412541006 0.133326501511661 0.0951147989807549 0.0768674546548223 0.158729319365524 0.30298531670362 0.504872828810867 0.574428465853093 0.610471700510244 0.603710797330282 0.589147153782387 0.565922056124107 0.521236569830271 0.479386929464754 0.50611343024265 0.524267455389899 0.530964974143652 0.527871467015416 0.521054379005167 0.508532499813381 0.492777808147003 0.471794959308524 0.448269103571907 0.42369130367878 0.401134162356369 0.380395828123079 0.36324911207225 0.344846708108634 0.325780550453951 0.325359167759027 0.32666056659185 0.330872046948608 0.334252295955647 0.337097240185981 0.336085533722563 0.334874571952913
0.514278139064463 0.452315730799547 0.370754027546055 0.254106179817025 0.167665394646675 0.129378608901214 0.113811012398297 0.107514234851075 0.0874122406247227 0.0653376468767693 0.0394264980587881 0.0494676049209342 0.0782288217060074 0.0615771318389566 0.0515823894511737 0.0603299655535434 0.0597589770567836 0.0532720860711504 0.085389069178798 0.112475669118638 0.115423189018405 0.122863735790913 0.133752858145025 0.111722790070085 0.0986951984362065 0.138393794523186 0.216363653909934 0.329683485853658 0.434425672284895 0.526219985116865 0.556894128659066 0.56819404718169 0.557987552185673 0.506393188131377 0.455745835064178 0.500755494589051 0.529062983954615 0.535049206108722 0.530329458744699 0.521662151208807 0.508568389394112 0.492555819960582 0.471822907139882 0.448963452875985 0.42521632757215 0.40272577995634 0.381819665606484 0.36404234889599 0.345349834825265 0.326173549572449 0.322233771544599 0.320675014994275 0.323874074509794 0.327091475141305 0.330320687270305 0.327099403942067 0.324469158891072
0.49869276679522 0.500274381191641 0.491646816038035 0.334577777937918 0.217796238792136 0.165238230077644 0.154141480451873 0.158388674771714 0.0659075356929219 0.007318736889165 0.0146479455133662 0.0837760730443259 0.185082502970149 0.112325001003488 0.0619063987644349 0.0756844132525698 0.0694530294554724 0.0505186539199777 0.0598406971142987 0.0736972136244848 0.0948354732584601 0.114618332451567 0.133360868273355 0.130960725028748 0.124428890402463 0.112551724561468 0.101417292005208 0.0909688990245644 0.248635385315269 0.42153377196218 0.500762844765875 0.547579331524909 0.558416135071808 0.507985124651358 0.455181666600056 0.51343718063947 0.546401376538481 0.54556551741726 0.535268816991465 0.521727208281302 0.507832300449267 0.491568100139206 0.471472241309155 0.44989562453527 0.42769473447973 0.406034956575936 0.385571768475459 0.367471499301484 0.349801904696708 0.332359963660979 0.322628341192106 0.316274220992184 0.317640467978235 0.320461468432029 0.324219315746175 0.318153366953967 0.313798637152703
-9999 0.500274381191641 0.495848987987508 0.401072776991528 0.330517571831201 0.298573810561339 0.285811405372962 0.2801557475754 0.230119612334132 0.197108796598134 0.19721092403763 0.190364039115521 0.179898847836716 0.128404948312423 0.0886193073805862 0.079463018863499 0.0581020831491127 0.0289930117683097 0.0438451400704002 0.0556469620030253 0.0480924114476669 0.0659195317095556 0.103228086799201 0.113815320292476 0.117574077685904 0.108222819152402 0.0974351732538766 0.0853207811349021 0.122641139472438 0.189375662576669 0.363580234032113 0.463302389786709 0.480345128413082 0.47961361849734 0.476683825930886 0.493752691140968 0.507883040124376 0.518086270339674 0.522991716976197 0.524958819533059 0.510345045111207 0.49219504945016 0.468326219003883 0.448801780558028 0.431080589687478 0.410239693746839 0.390543729251405 0.373108673359676 0.35823379537091 0.344712221428137 0.31932961128374 0.29993720600736 0.296021465326038 0.300969082772747 0.31162461528447 0.30855344604384 0.305153725104299
-9999 -9999 -9999 0.411652633210084 0.408909025885667 0.401791750474011 0.391594431359248 0.379779883262404 0.353466541004426 0.336841988955755 0.339061392202066 0.290997756610218 0.216752063828855 0.162959748733336 0.116390059642979 0.0859645018761409 0.0521005662888407 0.0160537722055378 0.0281912908500867 0.0348566263909066 0.0138415818857961 0.0311783364949372 0.0779516116685091 0.0970589984745362 0.108161159012188 0.101990402325961 0.0918908995727294 0.0781625365813572 0.0402451753215606 0.0383119756211485 0.256562626549211 0.384875040903164 0.413351260263742 0.445872312500272 0.473706558532913 0.45501155399392 0.457260066268218 0.487498105093744 0.510416356875994 0.528529294027837 0.512840652738294 0.493276775967668 0.467445805038865 0.449348228880693 0.434468103427663 0.414441318863937 0.395746703586689 0.379682737519052 0.366312160145416 0.354365301730066 0.323752479973125 0.299359919189125 0.291482028496156 0.29491707681737 0.305637546092572 0.303085844200229 0.299422813906574
-9999 -9999 -9999 -9999 0.421587419023031 0.44735954980766 0.447825655330131 0.437018778492113 0.398590824054444 0.380758065993684 0.402981388355122 0.380234058471771 0.334070797170423 0.232878470726083 0.146185699438397 0.0976780221537206 0.0563387413080593 0.0195503259829056 0.0131915268666353 0.00882131725945392 0.0035029490180143 0.0231543045621904 0.061970909317069 0.081047445652888 0.0938516028446273 0.0921143501175687 0.0833564032312867 0.0681136600654693 0.0413035263457985 0.042476412935154 0.207285819640574 0.317644779308237 0.367560865566231 0.401852322318001 0.423871623487256 0.379792844398496 0.383466816223029 0.450958956767617 0.497270077689845 0.532748408762252 0.515303457249015 0.495229021204201 0.470902139797728 0.453034467701135 0.437858791872983 0.418636986995829 0.401391876046358 0.388050164140302 0.373713817932613 0.358851710361575 0.342955764266625 0.328949356160179 0.319635702813646 0.314592178453253 0.312298574971319 0.305528183858851 0.299269781835633
-9999 -9999 -9999 -9999 -9999 0.473743938761649 0.466877991679589 0.45641253532644 0.413879892253321 0.409117095230957 0.477813757553168 0.474723812813428 0.434255040242963 0.323239967216061 0.225681539911284 0.164732228393732 0.109786391627251 0.0586518683784206 0.0246245980493685 0 0 0.020378022882583 0.0563969831787823 0.0726186733371951 0.0844580200024183 0.0892609645482776 0.0779455238457089 0.0517420332835963 0.0313034115344964 0.0334684781582345 0.151983139102368 0.216175737393389 0.220067975725609 0.250124279724844 0.277353188151947 0.226074056569464 0.230531272733669 0.309476169215943 0.395071912499387 0.478110071793281 0.49069898673993 0.490778976198144 0.470629326906317 0.45369280861428 0.43809533750137 0.420480506753917 0.404967052014359 0.393603207380943 0.379443667076983 0.363806328586444 0.351366086812312 0.340558461691736 0.333519730815653 0.327911587570257 0.323224728624905 0.313679989526983 0.306075183313455
-9999 -9999 -9999 -9999 -9999 -9999 0.466877991679589 0.45641253532644 0.413879892253321 0.429503908883923 0.558238176834609 0.57190570105285 0.525658706685396 0.424077371958145 0.330646268791609 0.260145792059984 0.188451457931079 0.115999201927749 0.0496031865532209 0 0 0.0202909529921727 0.056156013818156 0.0680757000301935 0.0775836297254431 0.0900063474047846 0.0741353432619885 0.032130310511015 0.0156363813288162 0.0177103558514462 0.0935924971286603 0.0971610183326096 0.0204576001555548 0.0432012010947615 0.0812892530771591 0.0321278711594555 0.0370392282128744 0.114214970308327 0.247239071468598 0.393310209338575 0.45222387994415 0.483048074907447 0.468445510758079 0.452799501991625 0.436715541337762 0.421118667104327 0.407481457423459 0.397714018693355 0.384316797190395 0.369000881011216 0.354245551643265 0.342953538935298 0.340091272657267 0.337974019425422 0.336336547234638 0.324757613414762 0.316446436943345
-9999 -9999 -9999 -9999 -9999 -9999 -9999 -9999 -9999 -9999 -9999 0.573926505020104 0.527559358083663 0.519665059803789 0.494824632708236 0.426909173438717 0.357140395140891 0.286195034920431 0.144111435884907 0.0282930403105347 0.00856621271733402 0.0104689303158761 0.0289731781304916 0.0312140087194329 0.0350064041784785 0.0533936460584898 0.0599243886538484 0.0555036525626701 0.0368386997781935 0.0221694602935286 0.0440598896928094 0.0399165810572146 0.00687444756291119 0.0589591047088387 0.121940734330194 0.0921256976434566 0.0948825436456293 0.141169403421145 0.156947714555307 0.169073589015287 0.279581549436923 0.352349207293848 0.364082631002742 0.381733281760096 0.401637201013589 0.406313706202176 0.406009098262774 0.395868231939301 0.38252830012486 0.367497349781076 0.357300349731053 0.348755358690957 0.343912319106068 0.340431085121795 0.337826840489763 0.331334128024391 0.326538984496188
-9999 -9999 -9999 -9999 -9999 -9999 -9999 -9999 -9999 -9999 -9999 -9999 -9999 0.630444090428889 0.611087418221162 0.545169739894897 0.484103819279763 0.426118043166859 0.246303624388386 0.0950841659191073 0.0586696574894024 0.0312578377388229 0.0107559371200363 0.00759509494946097 0.0106278897661969 0.029138338216151 0.0496275065181778 0.0719443566482337 0.0541476834038898 0.0305729501609456 0.0177416720212436 0.00789441493768368 0.00135957890409455 0.0603931215183445 0.128312337878834 0.128740015497125 0.138348595437269 0.160226800941858 0.0930268703842974 0.00974145605957346 0.134501679949671 0.224371061759642 0.257814403489806 0.303275563009698 0.353458584217775 0.380590426639637 0.395905761628527 0.387886910598854 0.377257024648681 0.365246951752101 0.35938487265211 0.353550276192079 0.347353337030304 0.342863144387822 0.339472079641212 0.336499031202241 0.334087197393618
-9999 -9999 -9999 -9999 -9999 -9999 -9999 -9999 -9999 -9999 -9999 -9999 -9999 -9999 0.611087418221162 0.545169739894897 0.50789306911198 0.488799178091661 0.363172431199567 0.251478125692987 0.206552035643437 0.124910828171142 0.0150893179750952 0.0169095740022067 0.0310702986800088 0.0359760751365108 0.0491071155549399 0.0698355758194434 0.0604002553420029 0.0472873130160466 0.0458659132159411 0.0324054117753916 0.00558087135982832 0.0167797771327343 0.0417487538282157 0.0973170762775917 0.135202385828448 0.149455601331241 0.0885663696362756 0.01086792652241 0.0613257888887876 0.10899974421355 0.152171519569487 0.210864958230607 0.275998137279478 0.329827673511815 0.365595844442783 0.365698040458401 0.364085673463521 0.361566992475173 0.359166511094248 0.355793464791923 0.350033928852902 0.34561793469957 0.34206716818211 0.338552369375526 0.335633676897591
-9999 -9999 -9999 -9999 -9999 -9999 -9999 -9999 -9999 -9999 -9999 -9999 -9999 -9999 -9999 -9999 0.544602387889179 0.538947472759861 0.484179858089491 0.430603942280083 0.391923291006645 0.270815681270657 0.086442125376103 0.046875561601131 0.0297598813428808 0.0261282846638967 0.0339153023360815 0.0522493380356262 0.0494772346844211 0.0450453218230403 0.053740360435684 0.0465219883359284 0.0216388894702254 0.00871091047602423 0.0053554149508523 0.0540514967638772 0.0880391897999392 0.102370163199624 0.0843204393073319 0.0590722245370557 0.0897072170330707 0.1184666374659 0.144192852103156 0.189755414272372 0.24342352485437 0.275917840707753 0.300152288012744 0.308075882869125 0.32755555171753 0.353143734224739 0.357200018369865 0.358000145179091 0.352342314586558 0.348072936135075 0.344697707144605 0.341520148936056 0.338704148220596
-9999 -9999 -9999 -9999 -9999 -9999 -9999 -9999 -9999 -9999 -9999 -9999 -9999 -9999 -9999 -9999 0.559926187810681 0.579323406310298 0.607775279408332 0.623944622196547 0.600737385653883 0.449395079728348 0.199704047223463 0.0897555128037016 0.014846815760811 0.00584656908703748 0.00954904006430535 0.0249846152468381 0.0278138374990964 0.0309493943576455 0.0489520473641317 0.054138644329392 0.0450987418799843 0.0228689959412486 0.000334928023004553 0.0033803843619403 0.0133509459380019 0.032576420078776 0.0802086858389404 0.136715599613958 0.181595266060121 0.205998341673366 0.197286339915226 0.213232409950356 0.238917275179927 0.220040051310794 0.212738688210332 0.228296303537585 0.276418540011227 0.34175435898735 0.354140370527619 0.360183995963826 0.354417949483881 0.350340471234746 0.347350414243301 0.345059754170538 0.342727614083407
-9999 -9999 -9999 -9999 -9999 -9999 -9999 -9999 -9999 -9999 -9999 -9999 -9999 -9999 -9999 -9999 -9999 -9999 0.616020609136235 0.644265632977464 0.652053883064038 0.534266764520289 0.320095590822818 0.152629000880979 0.0209983313211004 0.00681180328959001 0.0142536994266709 0.0416730965629136 0.0473770593434618 0.0495837031000574 0.0556063256160329 0.0558601778180842 0.0497103901460275 0.0256274470817793 0.000105816675986507 0.00106799375438474 0.00575932377291059 0.0154344025172025 0.0811641187379687 0.163066772189558 0.202457955185759 0.225247600277118 0.221188966927568 0.227211254203634 0.236784866856173 0.204856278245006 0.192254903272872 0.217819187725228 0.275601589931547 0.350414413758292 0.358871443561357 0.362146247003748 0.357384985145357 0.352398851473064 0.347267902574339 0.346167310613216 0.344885331316518
-9999 -9999 -9999 -9999 -9999 -9999 -9999 -9999 -9999 -9999 -9999 -9999 -9999 -9999 -9999 -9999 -9999 -9999 -9999 0.674877389569817 0.684633973401692 0.593049434473405 0.423681581253522 0.20811371347938 0.0274574092979884 0.00890711114705162 0.0199667280936945 0.0583761003362417 0.0657236452999702 0.066091133600049 0.0612097581873804 0.0564002444188496 0.0516705008725288 0.0288091206045253 0.0041086055398592 0.00307311218320733 0.00393820853410372 0.00734330838855007 0.0739977046938275 0.15935249413775 0.203338356049892 0.229490231480097 0.22680069248695 0.22802699310714 0.230265171864137 0.196484985057397 0.18422689343692 0.214468717754738 0.278041705831365 0.359233469040882 0.363593849995131 0.36398675413027 0.360045948688802 0.353884535467707 0.346293072776002 0.346939030447688 0.347206951091338
-9999 -9999 -9999 -9999 -9999 -9999 -9999 -9999 -9999 -9999 -9999 -9999 -9999 -9999 -9999 -9999 -9999 -9999 -9999 0.670778482938019 0.663989267956692 0.594065844390972 0.475684422185421 0.237329189588713 0.0303471053805089 0.00984452093356397 0.0224932043447099 0.0657626801721729 0.0716667174852135 0.0692926507905629 0.0612459864094053 0.0546759849340876 0.0497451573121003 0.0356791171440835 0.0196982143087884 0.00764256499516825 0.00501983728472616 0.0150035410548018 0.0415566991656539 0.0769936344023331 0.159814732117908 0.203567585841542 0.184138636836704 0.191651518306402 0.21016994091552 0.199742892528959 0.199053030880908 0.217591298013104 0.279469361204754 0.364256739132676 0.366631430146953 0.365511766530303 0.361605281143795 0.353708656049257 0.343242420405083 0.34722816612493 0.350414152933952
-9999 -9999 -9999 -9999 -9999 -9999 -9999 -9999 -9999 -9999 -9999 -9999 -9999 -9999 -9999 -9999 -9999 -9999 -9999 -9999 0.649056082067591 0.587831445107099 0.479614481148639 0.250024779430303 0.0490650308257989 0.0244627552198495 0.024339205326492 0.0468258910919889 0.0626266367138202 0.0734196659486506 0.064103199369635 0.0555480257480067 0.0478379275363035 0.0381948860859033 0.0272537362759539 0.00991671463851904 0.00362877483825127 0.0121071501800442 0.0182480501769064 0.0291312042364961 0.120929066570832 0.166484811778843 0.137257049373223 0.147648596910475 0.175186052000808 0.212212347847783 0.23969597207558 0.248335578649336 0.291386193044193 0.352626385615293 0.360200864866473 0.363375338496085 0.359539898474472 0.354222409957825 0.347950496852925 0.349797803894693 0.3517881307188
-9999 -9999 -9999 -9999 -9999 -9999 -9999 -9999 -9999 -9999 -9999 -9999 -9999 -9999 -9999 -9999 -9999 -9999 -9999 -9999 -9999 0.576112441384201 0.447181675491262 0.250224516872654 0.0797556305772493 0.0494293394208008 0.0256704861468966 0.00797777046294186 0.0422531081942446 0.0782467395581807 0.0690942411188649 0.0583839411788942 0.0459443992579312 0.0374170618096946 0.0287321726500086 0.0104546677281159 0.00036733727374887 0.00122559479114687 0.00184723200033202 0.0073623128042746 0.0855516118232951 0.1209603744211 0.0871837542988336 0.0978761777533756 0.128940192552412 0.231649535292748 0.299867072475476 0.299973265289932 0.311237171571147 0.328399019070094 0.346608473778051 0.358469350278853 0.354732735114371 0.355257811299334 0.35852737460809 0.354092442495723 0.351775434475188
