layers/veg_sum/veg2600.asc
NCOLS 255 
NROWS 330 
XLLCORNER -2985163.8955 
YLLCORNER -3022031.214 
CELLSIZE 25000 
NODATA_value -9999 
[rows 104 to 129 of 330, columns 171 to 227 of 255]
0.60110082532426 0.565051275027197 0.556575772149587 0.503215293169176 0.43061676279565 0.411805609698579 0.403392272085436 0.4161502477997 0.442552264830737 0.476385574924936 0.433374523451391 0.395223431730008 0.37631615154659 0.377217262448808 0.391242973973492 0.399894047699127 0.40637434259569 0.407396814329314 0.38661711293854 0.348395802233611 0.35310687055721 0.365325461490374 0.383006792314085 0.40058588815137 0.418066616286868 0.408061923117051 0.394344978066833 0.392417963481673 0.396846740634463 0.408625796069031 0.400486928493255 0.390680196197108 0.415997223184903 0.441602556967997 0.467609638802539 0.477811369465853 0.482568872160305 0.49136770629045 0.499136093238438 0.505164047786053 0.512450870454838 0.520248786749184 0.521209121647841 0.528010301564187 0.546889192099109 0.561467631136469 0.573668735024407 0.58453891272336 0.593857391327503 0.59932181618214 0.606181632104726 0.613979192951617 0.627775912701422 0.640136045620458 0.645999723450384 0.652609485845408 0.659824381575929
0.612482888192417 0.569189769457493 0.556434291182405 0.494335714042827 0.411204754395609 0.397357097289281 0.38943651628092 0.393584238021288 0.416513974257274 0.449673425487008 0.411948787707578 0.378659559580526 0.363001211485882 0.364695777303976 0.377887999027392 0.395369383671235 0.407893729951474 0.403300696931853 0.371826940894783 0.318848765721266 0.324414785709526 0.337313037646927 0.345403340357153 0.365349108554079 0.396701880696507 0.402800264619433 0.401371581959278 0.386639927270349 0.380651230609698 0.384773496857103 0.389986037588171 0.397662586474398 0.424824321670908 0.445920148190944 0.458563288091071 0.467685711115628 0.47575719325339 0.487571105693811 0.49276099808057 0.48676287489335 0.504133427891047 0.531630463299539 0.512040117665719 0.501009695045452 0.507679497779887 0.529959400439573 0.560868731720726 0.572776735546157 0.580188044486111 0.577967664589225 0.584492953759608 0.596895596573616 0.616137124572236 0.632953641565337 0.639788875890334 0.647584441299075 0.656158910841576
0.596892484893897 0.558691431950155 0.547460007374681 0.492371766584189 0.418539827662008 0.401943122171985 0.392033093372814 0.39573801355595 0.404019982721542 0.414794863742455 0.387709995708892 0.362238525571681 0.344273732732258 0.347733362305847 0.365388339019046 0.380411863868247 0.387788714553465 0.371359280436795 0.335293850499498 0.283519740255717 0.290555299510168 0.305742082808632 0.319414073689294 0.34152217763485 0.371747278346488 0.381844120523538 0.384680707451322 0.369520230352177 0.36660375354421 0.377847087682367 0.390681896404704 0.404222730290373 0.42012484828311 0.435349791730615 0.449631109989692 0.461685714423271 0.47322598637592 0.489774415392792 0.496651475695331 0.487193527510418 0.503865868112553 0.531898808604433 0.511954790676787 0.500418184539755 0.506266440755811 0.521574670989728 0.542112475085374 0.557358035281185 0.567846840300348 0.566644025833728 0.574328010312103 0.587984191972624 0.606833509159787 0.623915124778337 0.633658627485081 0.644375567596728 0.655882042100702
0.564676395245135 0.539171028182633 0.533041230330301 0.494670578129887 0.442361661457552 0.418261935776462 0.404832441446047 0.41312893480509 0.399874625909963 0.374882568383122 0.361737250623008 0.34590553624182 0.322209993582165 0.328033581492221 0.353415890641921 0.35902358661126 0.354354530978018 0.32225416796138 0.285358539535374 0.244626727195468 0.253510654282789 0.271977668172394 0.300583729777571 0.324728217458933 0.344579900997831 0.351213978011151 0.353370503940709 0.345409593397685 0.353880312702559 0.381353708146748 0.398279372888061 0.410522603607355 0.407087667101813 0.415602582584612 0.440769307284963 0.458228753888122 0.473333239954857 0.49567603825632 0.50686959840078 0.499232018372352 0.508560213764492 0.525316954952674 0.51746859443335 0.516105101983246 0.528151032262639 0.527443146147767 0.519684815208545 0.539685473407342 0.556324296265436 0.56150314246057 0.571266236474937 0.584110083421574 0.598969281933876 0.613732509861036 0.627578059975133 0.642286172054961 0.657693889814649
0.544399244120337 0.541518314935448 0.535914793811366 0.499102739845723 0.448503433812519 0.399465179674166 0.371052266231875 0.384635246161205 0.374810926210019 0.352237707219983 0.352324819869254 0.348289848726654 0.331782536283106 0.333360636264947 0.346921729421225 0.319796628183736 0.291283161215441 0.269746530075361 0.255333856291265 0.246620306180062 0.239809403744728 0.239749821127994 0.267011678974135 0.292327646547194 0.315771331834293 0.328777777918028 0.339877182059064 0.35253727602535 0.367515138751437 0.385173429987419 0.39604075912355 0.404818084220617 0.411844373156969 0.423545153732706 0.441759717328016 0.455068588776044 0.466989779416717 0.485472640185845 0.496113997476431 0.493511001288223 0.508709762593234 0.531675264286859 0.525343850914711 0.522893113363362 0.528466844776039 0.533122041396891 0.537269462253313 0.527754468975143 0.527222933806102 0.55117283988089 0.566197123397146 0.57522311909088 0.594717861855836 0.61372266261088 0.627988642113323 0.642736627687879 0.657875558144281
0.527453636015587 0.541179049256274 0.533970197367241 0.498713786249015 0.450825351691348 0.38330809055342 0.342253336491237 0.35507971059442 0.349926513597241 0.334980656280828 0.341510307011047 0.343797756154533 0.333416489418224 0.333434139761053 0.340341881933135 0.291552027303189 0.246759072018346 0.23044805916584 0.231979634887252 0.247785175744333 0.231142259648858 0.218587414099814 0.243089741200902 0.267702234155894 0.292420725675984 0.311584400452504 0.330896116426594 0.357857894508431 0.37460717379572 0.379546011333632 0.389719021989639 0.401538519145596 0.415028873466242 0.427934550475711 0.44002549479652 0.450346361116604 0.460317765113353 0.475313725904932 0.485380550586317 0.487122030368329 0.508105189937444 0.537444490109469 0.530265647839904 0.526242628181114 0.528745224617438 0.539622632930413 0.555129725976594 0.524572551844935 0.51093209413703 0.545456553798938 0.564001358023137 0.571807351369827 0.59413283211637 0.6153847785089 0.628775401852473 0.634549002804582 0.634144598766441
0.517894811796443 0.528654309121631 0.514508007200771 0.483796569498546 0.445467125691099 0.381819310709298 0.337241276916745 0.331491813727961 0.3297036855237 0.330073117569213 0.323318252723296 0.315483929976874 0.305565834545899 0.313186472163775 0.332427885325461 0.298969216625299 0.262364753927911 0.230471892647993 0.224205161300827 0.238439182056244 0.232588071000291 0.229498069635484 0.250319024519154 0.268913066827619 0.285364434893546 0.308110763557963 0.331594070338729 0.351713159530635 0.357342468202945 0.346214789948673 0.373395534699612 0.407728350706762 0.410094096271174 0.416451349651263 0.428370665783413 0.440994916271158 0.453960169294787 0.468470042446068 0.478859877034273 0.48229093806267 0.506192913687429 0.538930923077954 0.526078741371012 0.521291194081854 0.533179713431621 0.54856496149298 0.565883238232553 0.545854543579168 0.535600775898478 0.554266965271185 0.570609859938284 0.585391430423302 0.603560983908745 0.619927120795526 0.629379091277877 0.6337696670797 0.634055053217256
0.504713621013611 0.501984354817194 0.479746029372079 0.453885231638944 0.426190477084259 0.378307232532658 0.33964670881616 0.3197648519103 0.307720591285136 0.299945115363883 0.302532616153352 0.303205207927054 0.298098624886896 0.295721153292084 0.295151930414673 0.277531486598948 0.254241424060759 0.217543598017989 0.205469876953413 0.213095293965115 0.220633570481581 0.230220104938531 0.24850119889435 0.265953722891516 0.282609019584694 0.300506348425469 0.315938121011228 0.315396150460351 0.308049069719811 0.292832087683811 0.333557838849063 0.385397608437787 0.396597202698617 0.408435543043132 0.421163959510293 0.435010446067915 0.449368692136361 0.465665727716916 0.478934716918313 0.487089314892888 0.510256991345524 0.539883294393546 0.533375851857598 0.533328498753466 0.546639331064508 0.559567253712389 0.572283499841698 0.561738248411928 0.556053388836517 0.565224558545018 0.579429102034689 0.597016224662097 0.613257419316427 0.626647708864209 0.63111550893965 0.633116381456808 -9999
0.488830198375132 0.464762280051586 0.433570636341313 0.412788501302864 0.396530891166518 0.373285803739098 0.34758547959704 0.316885972130472 0.284424364534465 0.251003020584361 0.279812205578634 0.302888436282038 0.305837163739215 0.280331425398724 0.235972389084388 0.234568413710516 0.228416602530994 0.194953207471483 0.178557989967556 0.175817213373283 0.198682635594771 0.223341580311043 0.239934363869862 0.259883488912889 0.283061993738244 0.289820433851395 0.288082401858855 0.256571071382095 0.234862740275287 0.224491277388215 0.276178891356696 0.341790940116023 0.376713097003759 0.403006361212665 0.417275486981463 0.431537689125974 0.446094713364799 0.465874722288803 0.483929712230573 0.499071133209339 0.518779340585793 0.540437263618692 0.549239869061732 0.558039151162466 0.566831561249557 0.572106248338118 0.575436300884219 0.573594911095694 0.573360876818283 0.577783917670566 0.589897523593559 0.607179421421059 0.623153990331281 0.634993236054378 0.633696925104553 -9999 -9999
0.467749701275058 0.444410609769673 0.425435863224992 0.389726637051449 0.346867946426709 0.326073765106804 0.306229840616265 0.28832076341236 0.280615150033952 0.27846690255515 0.287935886848539 0.293272904816894 0.287112504639703 0.267511445139353 0.239004902858679 0.231590845954181 0.223165866515631 0.205568503711777 0.188534260197819 0.171950508779103 0.199103977861406 0.228215211019947 0.238884042173725 0.25378377177209 0.272754355889376 0.270606102008133 0.263088469845481 0.249870757173545 0.250809241619575 0.268118934015582 0.284744971839387 0.304606320739338 0.355380362533169 0.39436881106953 0.416934340675135 0.427256863527748 0.433895941530012 0.453041605584265 0.469829615167518 0.48263553008229 0.50650549272243 0.535193727144212 0.544565260603616 0.555114712236633 0.568099865346091 0.575591687396787 0.580046737838547 0.580711627363541 0.582461861657566 0.587386988580135 0.596609726526501 0.608720588825082 0.624234994761161 -9999 -9999 -9999 -9999
0.447418830999192 0.425120172724541 0.418595054026781 0.371014745901417 0.30578752829405 0.2853696956433 0.269365417667883 0.262347714715225 0.276668919256455 0.302612462923837 0.29549001978701 0.285267595706129 0.270202468062701 0.259961092008128 0.252915826775073 0.238300633667531 0.225784046935345 0.222131242817153 0.206126338721626 0.180239827834665 0.207837645954846 0.237104305837389 0.240758934369769 0.249982608471876 0.264564665579512 0.255921602634176 0.245359054723461 0.251897222496041 0.273845094935303 0.313613818373157 0.300254442452637 0.281116156408682 0.343664184965287 0.392081549115136 0.42080819843035 0.427616448884972 0.427494349082688 0.443860586651445 0.458181859452014 0.469049172649598 0.496343315755841 0.530812169718977 0.539226372374038 0.550279826476449 0.566790729823656 0.57735740463944 0.58463804694632 0.587000207658584 0.590237262819694 0.596222697271987 0.600336242218381 0.60319182090475 -9999 -9999 -9999 -9999 -9999
0.432343454255106 0.402012007814227 0.398981336359542 0.360406193095863 0.306524094659464 0.288931066174285 0.272425165701776 0.2581328001606 0.263148538172434 0.27868052812642 0.286553744587262 0.287684781846276 0.272465196602842 0.27118507093474 0.27914092203165 0.263139200996155 0.2486601479832 0.245801313177727 0.235436633202052 0.219067321564925 0.237673905135081 0.255748532005631 0.250225787944234 0.254905145764421 0.269400686386221 0.262365040457254 0.253827585376776 0.262771819672517 0.282327926810747 0.314156339540329 0.311432372777955 0.30653482416223 0.369061534281524 0.415348503981476 0.43900581605309 0.445935608505968 0.44720728381713 0.454578829653573 0.464699694918782 0.479464179668486 0.503846259264181 0.532390846437415 0.540913900554231 0.551046692355524 0.56450810285258 0.576813390238384 0.588479560519624 0.592353190864552 0.596802859205963 0.603524296208674 0.605232171819075 0.603570782815186 -9999 -9999 -9999 -9999 -9999
0.451134268802907 0.42175129923558 0.41137730546295 0.375901107910692 0.329499359991266 0.298657262321351 0.271335145634868 0.251180170971821 0.252509172549774 0.265539525648307 0.281372958984033 0.289774489914264 0.279134515476062 0.283583831377974 0.298030976408674 0.282836277527455 0.268268121002612 0.264040998550808 0.258971746462339 0.253228795654446 0.237773205728914 0.221545045966016 0.207987161090406 0.220176708265051 0.257139728848507 0.254393033731086 0.247201864858278 0.26243197954637 0.282482379908614 0.308107292867159 0.319268479905569 0.331533762592701 0.390194026833599 0.432119631751006 0.450725922366662 0.45940187465532 0.464178929186851 0.463091721630148 0.470944209217927 0.493895903585399 0.511762168809371 0.527313175412314 0.53917061228918 0.551171818208479 0.563470310031642 0.576836758298776 0.59079358420271 0.595102037991939 0.599909539738957 0.606979235248756 0.609820720315511 -9999 -9999 -9999 -9999 -9999 -9999
0.500342544103203 0.479974718088911 0.452523286123728 0.414841269195776 0.372448668083487 0.313920495084282 0.266517945051848 0.241768619646857 0.244457436990617 0.262090571427888 0.279565226359333 0.29157006831998 0.289761683856288 0.297037740608581 0.310332946635674 0.297915441959073 0.284940772621915 0.277403296891957 0.277319788445905 0.283199409659662 0.21116378189299 0.139875542915896 0.119308430947097 0.149835114295375 0.229522847070728 0.233473565182973 0.227019001505211 0.252019713395878 0.275156566553856 0.296137924231801 0.324103075139452 0.356155714426086 0.407495970147915 0.443056428636698 0.456628148413677 0.468509437003658 0.478688441719017 0.469623842350602 0.476943235743814 0.511935305955037 0.520048990398069 0.51625699932005 0.53434588142337 0.550720555004582 0.563550584890024 0.577369729981375 0.591735668437834 0.59551193869687 0.599909539738957 0.606979235248756 -9999 -9999 -9999 -9999 -9999 -9999 -9999
0.480843197145223 0.454923913679818 0.442564401857028 0.422055769962033 0.397273169426018 0.314144739388289 0.254582735873426 0.243005061441355 0.250732308674045 0.268974074818068 0.290480062561701 0.305241854981823 0.302658897165834 0.301500552184945 0.301286124073503 0.291432721139373 0.280580397013117 0.269230251468653 0.273892936741095 0.291365791785541 0.213719768427424 0.138436686799224 0.131193535276519 0.159259126357576 0.221297821796596 0.228067545170948 0.22569018664462 0.237155973345584 0.261858592434567 0.301869202350282 0.33343074314256 0.363659740101671 0.403148562650046 0.433449715647811 0.450948089108229 0.469451042720426 0.486934874645197 0.48017935538732 0.487997569279316 0.520430919014931 0.52839893301318 0.525549092876689 0.544986270499284 0.560950793640758 0.569734555133142 0.580353908100097 0.591987995481555 -9999 -9999 -9999 -9999 -9999 -9999 -9999 -9999 -9999 -9999
0.461133851312911 0.428232479508528 0.429981072568526 0.425333192002286 0.416769772585333 0.31351526170143 0.24496824709628 0.247090237885878 0.25973158295216 0.278102345179409 0.302315604538452 0.318162296360587 0.312329462001386 0.300506114461989 0.28471358574711 0.276759405887195 0.268640487854392 0.257790058652381 0.267062046134839 0.292431847732645 0.225227993797662 0.159740549266699 0.158011508826992 0.174513970188303 0.208558282876327 0.219787790008138 0.225608340378299 0.227567375158041 0.255105313001467 0.312224468010653 0.34558472863662 0.372256042785723 0.398423566522099 0.424024867998561 0.448837153422268 0.472510142546837 0.494439217274867 0.492917365729638 0.501772962199541 0.528156139967636 0.5383820660632 0.541466577889733 0.559625721620051 0.572961472251242 0.576323401307907 0.577520269752316 -9999 -9999 -9999 -9999 -9999 -9999 -9999 -9999 -9999 -9999 -9999
0.505193047995321 0.471705107337479 0.45214327199329 0.438319278535574 0.425990078379269 0.322692195934926 0.253999317875154 0.2557667582981 0.269211231651202 0.289015657440501 0.306875290231457 0.316012134655205 0.30327404006869 0.279949969741437 0.249611866664344 0.240340865666081 0.23759677283907 0.249883808465357 0.263287632489046 0.277584880613302 0.255219558225813 0.222207827138788 0.166662988609507 0.144451946977973 0.154313771077255 0.182096427929098 0.214140444394985 0.24929194589331 0.287625370339712 0.329638591120514 0.368024000162446 0.402622432631551 0.4121910978475 0.434924161705536 0.476001474083612 0.494159391243879 0.504040801398167 0.513075022320932 0.524762014006935 0.540929553815203 0.556699460012968 0.572230314070953 0.580222146803143 0.584041332887929 0.579232312169023 -9999 -9999 -9999 -9999 -9999 -9999 -9999 -9999 -9999 -9999 -9999 -9999
0.522165454756532 0.483041952822918 0.452810999205971 0.433342625634754 0.41772796850937 0.323021515282428 0.261649554128971 0.268150982091585 0.283229996851621 0.302980835727873 0.305562693611145 0.303233696282744 0.290044735372794 0.262793315827647 0.226224423068296 0.235081762655835 0.249653389133062 0.269802326108401 0.281556179931366 0.286594016976181 0.285527885847631 0.27059398347487 0.200880113918728 0.153831665870404 0.128591265161615 0.165230585454875 0.215701821308982 0.271729243531846 0.315040609581468 0.343646246530188 0.389858429281345 0.436183532165072 0.439177605043583 0.459154399302312 0.502796175913473 0.518820475757972 0.524966066156518 0.53174811914331 0.541885979313258 0.55769182096941 0.576166660780403 0.595671028339269 0.593921932163389 0.592742982370495 -9999 -9999 -9999 -9999 -9999 -9999 -9999 -9999 -9999 -9999 -9999 -9999 -9999
0.509900163359202 0.459691177258332 0.430277420821262 0.408976847806144 0.390595199039409 0.313800648202811 0.267809306528188 0.284537330634375 0.302148320787492 0.320240222666632 0.297911508391816 0.278983010883538 0.272310108166014 0.249306099539726 0.215481462329871 0.263456405933416 0.308232848518495 0.319755121180172 0.323618076260342 0.321353622659392 0.316178130199747 0.30378086435597 0.262693001934149 0.205785117338836 0.133655641018304 0.170843975771682 0.231327099826124 0.294935864302722 0.336945667251557 0.353976933399306 0.411039986658017 0.473193026943091 0.480432780752855 0.49777416458961 0.529191908213906 0.546732559994741 0.558114202558738 0.548818770251442 0.55267912323798 0.578759688355964 0.59687497224325 0.611207214056186 0.600177429217963 -9999 -9999 -9999 -9999 -9999 -9999 -9999 -9999 -9999 -9999 -9999 -9999 -9999 -9999
0.487540450276693 0.477988297058182 0.448084716887783 0.421843985946155 0.39659812849058 0.316824798565782 0.268651045303948 0.284818166293936 0.298610296655634 0.311108876890113 0.297022772774649 0.284186229328532 0.276915680627858 0.262558273745968 0.24350527180568 0.297417501562784 0.344336368087027 0.348302181203571 0.338126121583458 0.316636647569471 0.31756608175712 0.313232879611867 0.27301028232883 0.214348546278447 0.13794517630346 0.193244593558503 0.270930425910821 0.319085170451472 0.352975394372551 0.370369137535151 0.427269502293669 0.490492405342664 0.511245581698817 0.532350160895258 0.553944410847514 0.572233761765992 0.588152441150399 0.583267895602434 0.588038270442938 0.60911587243502 0.624904018136722 0.638214199622977 0.638958222151096 -9999 -9999 -9999 -9999 -9999 -9999 -9999 -9999 -9999 -9999 -9999 -9999 -9999 -9999
0.461143472242433 0.494187830960685 0.469109439276481 0.440992294815255 0.410872201877663 0.323316449546326 0.269032351633675 0.282493697146908 0.290958167141202 0.296701064727493 0.298337242159333 0.296826957836263 0.287734328260872 0.283096941598957 0.281411500083048 0.330487859104808 0.371034931405675 0.369938171230489 0.345405664976692 0.30212470072485 0.310147483658651 0.31454368969084 0.272318381069735 0.21707579193429 0.149308332277872 0.217198210812856 0.304697252389781 0.341551997207448 0.370361867248633 0.389868086259827 0.438474376382515 0.493033516405256 0.528000902761187 0.554226455310086 0.568270488882161 0.590778870462837 0.615105053322448 0.617981529679507 0.625396564178314 0.640477254692943 0.653083379516279 0.664486033876644 -9999 -9999 -9999 -9999 -9999 -9999 -9999 -9999 -9999 -9999 -9999 -9999 -9999 -9999 -9999
0.423445722852332 0.41541686419359 0.437774831377664 0.436817537478648 0.424632284425201 0.332720930954591 0.27604204980667 0.291101093994692 0.294913669832447 0.29260080231394 0.303436523058505 0.309655527321359 0.303013017034981 0.307841062257915 0.32026924316712 0.346218588296672 0.369433030497846 0.380068789295054 0.35046511937614 0.28867014491676 0.291840876766405 0.299487261025816 0.28635373078821 0.258184649124487 0.215548771987155 0.220979870234284 0.248839173635344 0.349525126630145 0.409155162490151 0.421305288923228 0.421153010210367 0.421602012127679 0.458465105268902 0.487904894101769 0.507000500661316 0.561387116083087 0.624670564262214 0.621671836452523 0.6311710319032 0.661779305971786 0.668487689193327 -9999 -9999 -9999 -9999 -9999 -9999 -9999 -9999 -9999 -9999 -9999 -9999 -9999 -9999 -9999 -9999
0.388389366624029 0.350363279611954 0.39737087536763 0.417384593141608 0.424338610634396 0.333736615539316 0.277851409871018 0.292654131663269 0.297773990324772 0.297620030771829 0.308722730614638 0.316980633107437 0.317027702779361 0.324068864694752 0.335744157015552 0.3534649487521 0.372011401456206 0.39150933634057 0.362094636934291 0.293550119919651 0.283544179009652 0.283831756946152 0.29180813737697 0.286358137927659 0.267989643760593 0.230099820009265 0.214377658181236 0.352474353939257 0.429284128511382 0.435217457736841 0.408392040128438 0.38027513116493 0.42302309095318 0.456372343283743 0.476624740219804 0.53950525514177 0.61297270275953 0.603574287257857 -9999 0.686026977496127 0.686026977496127 -9999 -9999 -9999 -9999 -9999 -9999 -9999 -9999 -9999 -9999 -9999 -9999 -9999 -9999 -9999 -9999
0.356763954601401 0.303127403354425 0.345186610465514 0.378132566573515 0.405790307213155 0.323855969251927 0.272905974716141 0.285044159030811 0.299211762642942 0.314484699286346 0.314251739939119 0.317157209412039 0.329400556503607 0.329234696849978 0.320846772018606 0.349690838580105 0.38001958867398 0.404651369295886 0.382258105610088 0.32224508511766 0.288249498614206 0.267398105049515 0.28611663144657 0.297729687565703 0.30250605493686 0.246153753191797 0.207708451701918 0.348897961323337 0.425169724360667 0.426366103796336 0.401554635219468 0.378051585676739 0.431865990194017 0.470027746817211 0.486377944038993 0.527378104612546 0.575283631723855 0.589034109008367 -9999 -9999 -9999 -9999 -9999 -9999 -9999 -9999 -9999 -9999 -9999 -9999 -9999 -9999 -9999 -9999 -9999 -9999 -9999
0.3636387571336 0.350392235668065 0.37952043749254 0.391340699848203 0.394665134301021 0.324783504696135 0.281300991737406 0.291570535732031 0.303519793850182 0.316383916386026 0.325950785409255 0.336405041392644 0.349401145947972 0.352679139558647 0.349518128385846 0.376276960985173 0.402950690242001 0.420943278043688 0.410026797953232 0.375983234845214 0.317607051316931 0.271986622277013 0.29503651188484 0.327892711453765 0.37018427368665 0.330303076452134 0.295990275202315 0.394655385230565 0.448278823059937 0.449812947930628 0.435604007434057 0.423075042846781 0.465359522545283 0.495918648462527 0.510138797598779 0.536220471754786 0.564926514177005 -9999 -9999 -9999 -9999 -9999 -9999 -9999 -9999 -9999 -9999 -9999 -9999 -9999 -9999 -9999 -9999 -9999 -9999 -9999 -9999
0.380766107916596 0.42346205713345 0.435446667936102 0.416967941515519 0.384737978513888 0.328468396457899 0.2936174117562 0.302377494814089 0.309059765935959 0.314610346742019 0.339335477595342 0.360367102100942 0.370325443161982 0.380639313539307 0.391188749756668 0.410613203534258 0.428079956345842 0.43676848050009 0.437713381991765 0.432463431237005 0.354044386814322 0.286951488651208 0.312312679620122 0.364650132764479 0.442943405983166 0.430900701021558 0.41077211141711 0.453523258844789 0.477433867990862 0.479555972249118 0.480204137100072 0.482745971361411 0.506086212133864 0.525151095181413 0.538258377980746 0.550562622455326 -9999 -9999 -9999 -9999 -9999 -9999 -9999 -9999 -9999 -9999 -9999 -9999 -9999 -9999 -9999 -9999 -9999 -9999 -9999 -9999 -9999
