layers/veg_sum/veg2300.asc
NCOLS 255 
NROWS 330 
XLLCORNER -2985163.8955 
YLLCORNER -3022031.214 
CELLSIZE 25000 
NODATA_value -9999 
[rows 75 to 99 of 330, columns 171 to 227 of 255]
0.839437549857574 0.838494370580353 0.833650065320494 0.826407913204493 0.818153166214785 0.81409197842273 0.808391514039346 0.799353267946047 0.789467866269623 0.779121057209408 0.769479167565945 0.759920079478806 0.750506484571462 0.746779256595993 0.746819689237229 0.739254798092172 0.734257772790595 0.739640796217635 0.742033241229539 -9999 -9999 -9999 -9999 -9999 -9999 -9999 -9999 -9999 -9999 -9999 -9999 -9999 -9999 -9999 -9999 -9999 -9999 -9999 -9999 -9999 -9999 -9999 -9999 -9999 -9999 -9999 -9999 -9999 -9999 -9999 -9999 -9999 -9999 -9999 -9999 -9999 -9999
0.830662520459612 0.829984095353671 0.825633387747679 0.819915452978902 0.813582049439379 0.806318068426664 0.798656651936727 0.790186004793613 0.775694614802216 0.757923998112165 0.752513235245038 0.746675833478209 0.738640764738476 0.735771989137393 0.736326284791831 0.733240711474868 0.731491137345049 0.735052972445847 0.736742036494988 0.736932894799617 -9999 -9999 0.717649728777827 0.717649728777827 -9999 -9999 -9999 -9999 -9999 -9999 -9999 -9999 -9999 -9999 -9999 -9999 -9999 -9999 -9999 -9999 -9999 -9999 -9999 -9999 -9999 -9999 -9999 -9999 -9999 -9999 -9999 -9999 -9999 -9999 -9999 -9999 -9999
0.822507053055091 0.821005934392946 0.815829268902936 0.810294614044459 0.804570986317696 0.796178023417781 0.788007042047067 0.780288044125654 0.76169602476775 0.737181961720543 0.736300907821647 0.73448959729838 0.728186747877544 0.725868013911889 0.726189066487048 0.72787572287464 0.729422594558106 0.730137001639567 0.726692808104629 0.71992175871771 0.71193885718669 0.706492311434812 0.712486199457978 0.711904393464163 0.704995634920043 0.712262971682522 -9999 -9999 -9999 -9999 -9999 -9999 -9999 -9999 -9999 -9999 -9999 -9999 -9999 -9999 -9999 -9999 -9999 -9999 -9999 -9999 -9999 -9999 -9999 -9999 -9999 -9999 -9999 -9999 -9999 -9999 -9999
0.816786802808144 0.811792523543896 0.799892795488086 0.78797684840228 0.776193048431517 0.776556539500673 0.774243889515093 0.766482266053718 0.74615600364444 0.718986349890407 0.723994545386337 0.727398521576222 0.723833495760185 0.72089864085186 0.718381323211042 0.722922538041916 0.726415165919097 0.724558275851105 0.722191413428462 0.71941657614386 0.71193885718669 0.705298133760126 0.705059748909227 0.704598090722867 0.703921605052812 0.712262971682523 0.720993153342657 -9999 -9999 -9999 -9999 -9999 -9999 -9999 -9999 -9999 -9999 -9999 -9999 -9999 -9999 -9999 -9999 -9999 -9999 -9999 -9999 -9999 -9999 -9999 -9999 -9999 -9999 -9999 -9999 -9999 -9999
0.81179834851801 0.801215608271996 0.778494254630544 0.755704486199028 0.733439466454056 0.759565305451454 0.77223382370294 0.75750147544554 0.730784635300733 0.697540383712299 0.710335525471516 0.720168421828433 0.718344149589672 0.716761338123316 0.715338513209632 0.721369377140863 0.725561646109747 0.721757432153206 0.718345834116911 0.715248326490429 0.704270573649357 0.694150135954673 0.692457572794107 0.693843568442973 0.698191668998226 0.707210498400218 0.716164791869808 0.719038075545972 0.724396157398427 0.732627832159966 -9999 -9999 -9999 -9999 -9999 -9999 -9999 -9999 -9999 -9999 -9999 -9999 -9999 -9999 -9999 -9999 -9999 -9999 -9999 -9999 -9999 -9999 -9999 -9999 -9999 -9999 -9999
0.807458260485765 0.789430637322789 0.752256359038689 0.714612418911312 0.67794916124462 0.744904454958306 0.780636913066389 0.752795591028238 0.715562692176687 0.673214625611611 0.695478060197672 0.712815147736188 0.711848231788099 0.713361244068996 0.716517401794524 0.722828614399142 0.726616474925063 0.721417773160067 0.715081302773529 0.707834624231429 0.689808242870791 0.674183120976744 0.675269738906373 0.680033947022662 0.688336631617687 0.697681568033622 0.707126200426298 0.715882914858384 0.724396157398427 0.732627832159966 0.734424409954351 -9999 -9999 -9999 -9999 -9999 -9999 -9999 -9999 -9999 -9999 -9999 -9999 -9999 -9999 -9999 -9999 -9999 -9999 -9999 -9999 -9999 -9999 -9999 -9999 -9999 -9999
0.791925583855656 0.770178712986059 0.725546895246362 0.7003783845366 0.684306163159316 0.710664990587175 0.719611527233127 0.693104360698684 0.684153354173114 0.684764395068884 0.705101321739279 0.719568904850089 0.717412811127018 0.717863630288549 0.720041732111254 0.719384768719022 0.717528667376513 0.712620041632016 0.704421883061563 0.693592117721957 0.682042125817134 0.672157393073544 0.669737897924584 0.67265527135326 0.6807076334494 0.694583268630662 0.708126276560725 0.712609098381907 0.719485691354896 0.729130607273963 0.708972431478187 0.683966187365604 0.690290460736619 0.705718962973891 0.733833972316166 0.743091788468631 0.746599572961834 0.768024229678989 0.781481388536604 -9999 -9999 -9999 -9999 -9999 -9999 -9999 -9999 -9999 -9999 -9999 -9999 -9999 -9999 -9999 -9999 -9999 -9999
0.772081076378961 0.74683382830972 0.70023727274024 0.692642461942015 0.70199197998155 0.684472494702319 0.665386868302391 0.643112373583684 0.6600057811254 0.698232175984346 0.714743838954525 0.72483249633871 0.720650103236114 0.719496497297215 0.720349698560481 0.714261528254795 0.708020973604072 0.703241904138621 0.693597511065579 0.680060887935176 0.675749183670636 0.672303118311422 0.666877183253333 0.667757711592444 0.674706146158832 0.690940785363346 0.706690014227593 0.708255215665251 0.71351929457521 0.72306101187745 0.705492308932548 0.682647868148201 0.680492613942762 0.693693051819401 0.728291248865252 0.740573972198903 0.745644664047674 0.764759555529654 0.757306694328083 0.70498071553611 0.733221427103637 -9999 -9999 -9999 -9999 -9999 -9999 -9999 -9999 -9999 -9999 -9999 -9999 -9999 -9999 -9999 -9999
0.740656616565128 0.709664593812479 0.682369418407505 0.693396919581941 0.721004656534143 0.716188946971102 0.707536723145969 0.691072854110036 0.686788311157846 0.689137297036212 0.702524244008804 0.709970732066067 0.701400419958708 0.699653293665043 0.702427058966785 0.705115783636718 0.705505692983791 0.698540320584927 0.688579118998056 0.676221271812096 0.670836364594586 0.667243545504039 0.666954291036896 0.669532014577696 0.674868265776898 0.678801641846688 0.684033530838117 0.698592329419421 0.706663055024843 0.70723052315245 0.694651135761981 0.674719517164662 0.621568517836765 0.621369411785184 0.694957397440323 0.725431864858773 0.739901856896849 0.745125856679542 0.735218043723174 0.699752494646501 0.733221427103637 0.797162012657473 -9999 -9999 -9999 -9999 -9999 -9999 -9999 -9999 -9999 -9999 -9999 -9999 -9999 -9999 -9999
0.712079962936571 0.683471451054532 0.668827391936931 0.684715260912605 0.713884075212976 0.723442938635765 0.725122225329412 0.710757662420431 0.690905710658557 0.668065026030033 0.683650860987098 0.69195319656808 0.678363634820908 0.678542299129101 0.687843484669596 0.694693730442559 0.697734686714744 0.689236606676071 0.679920538876099 0.669950085713948 0.66463641766588 0.661437314883224 0.664316303858121 0.668880988677916 0.675067603836525 0.672760283349563 0.671853402911234 0.689528726174551 0.697139647915496 0.693111397861801 0.683756250507527 0.665522435315361 0.580598944333623 0.574814655773304 0.679308795902856 0.718664889756761 0.733576587580224 0.729880445749923 0.72154347852862 0.705368125201901 0.739014622907013 0.794629013884661 0.797126450939331 -9999 -9999 -9999 -9999 -9999 -9999 -9999 -9999 -9999 -9999 -9999 -9999 -9999 -9999
0.686535677962201 0.668965745702893 0.659891544384164 0.665985943992716 0.678936574904877 0.704649090695424 0.716551392365433 0.700334290424514 0.670889083158824 0.634239124378795 0.657692466879477 0.670575368577932 0.651294310870934 0.656081349874843 0.676815375976688 0.682912652838946 0.684367338322867 0.675032504565367 0.667385855033081 0.661089742877894 0.657065925868461 0.654836036565494 0.658787260083046 0.665647451606873 0.675306572414596 0.673211899075474 0.670828588881461 0.681103244651761 0.684776217723425 0.680814547156085 0.672804172161645 0.654974397868088 0.558747501770457 0.555698830320222 0.682491601389319 0.720815827890853 0.726631107512266 0.719307721748386 0.71682830424484 0.722530382554626 0.750976463701944 0.789382796642024 0.795014111584812 0.798809807714661 -9999 -9999 -9999 -9999 -9999 -9999 -9999 -9999 -9999 -9999 -9999 -9999 -9999
0.708892509822601 0.6810963098631 0.656738777498301 0.643163023586662 0.634902610247941 0.674247258373794 0.695162002042546 0.678551047889619 0.656077410741124 0.63041063495687 0.649673264649299 0.663233496389996 0.658310014263235 0.66149931220811 0.670063958303059 0.671469183971834 0.670031804416813 0.661481596935443 0.656177345225916 0.653469838900461 0.653517078090842 0.65402015760473 0.654764576179249 0.657918325428701 0.663390266616364 0.66402167290457 0.664349429178168 0.668806577326656 0.665301576490565 0.652588594466514 0.629315197253823 0.59950788939487 0.537349410450974 0.55290772980547 0.676762394547883 0.707963486555488 0.705605024105996 0.698045952275159 0.70142864586707 0.723292056752225 0.741905068565228 0.759097576499275 0.781341320783592 0.798300248278092 0.804331221398473 -9999 -9999 -9999 -9999 -9999 -9999 -9999 -9999 -9999 -9999 -9999 -9999
0.736408390974091 0.695268846507486 0.656033169703756 0.624068963479347 0.596187864970897 0.643860974949598 0.670278251987793 0.653415870917599 0.642621606967463 0.635132372342129 0.646298111675095 0.658017284016067 0.669446394747057 0.67031964492891 0.664198816018985 0.659560485043203 0.654305145339914 0.646652606442659 0.643622469313154 0.644290226208532 0.64901192740446 0.652685401612542 0.649461558842886 0.648325432292839 0.649198049067199 0.651977821349651 0.654767413873374 0.655286103895117 0.645517644783108 0.623852413093147 0.586761796296329 0.547237108702539 0.52460664446875 0.557393256483427 0.667402128822697 0.68731116863856 0.675288389272599 0.670554127690092 0.680556982163354 0.715450927335579 0.726635754812619 0.727463290034179 0.765656969259727 0.793943393786683 0.801743577896072 0.800032486938549 0.79306346235587 -9999 -9999 -9999 -9999 -9999 -9999 -9999 -9999 -9999 -9999
0.715381685608092 0.676405808198506 0.662799720894887 0.6395973013252 0.612708135565705 0.634488684198766 0.642936523223552 0.624237220326417 0.629703358051757 0.648331319836166 0.644563484397639 0.643064172953705 0.64932748882455 0.653809264983025 0.657110632439106 0.643643854072552 0.630154895176289 0.621306857333304 0.618840087088933 0.621478293112252 0.63027675170365 0.637141811436196 0.632089197427226 0.633205863231061 0.640258440977326 0.636438973945658 0.632329290138449 0.639791762049903 0.636277157055986 0.620067899168838 0.609629080504694 0.599198216353323 0.574303725135472 0.585665972148272 0.647551044753941 0.636667560238676 0.602425534508869 0.616776696729303 0.638931589398424 0.674267036638293 0.703940574707142 0.731052673209303 0.75608620807205 0.775923789961485 0.785017170248355 0.789994398059046 0.79269617317191 -9999 -9999 -9999 -9999 -9999 -9999 -9999 -9999 -9999 -9999
0.704575534866151 0.665147864111664 0.653539217109344 0.639161454689199 0.623729425937359 0.623176813519735 0.618934161134221 0.607178104373375 0.621880316349708 0.650993152302102 0.639047272196832 0.630561302349381 0.634539608474147 0.639331385299018 0.644662149768609 0.629426989408247 0.614268669466376 0.605136364432839 0.604414667915921 0.610421408376556 0.616577347519364 0.620562809553424 0.615300196689862 0.61881466589242 0.63077420288844 0.62541761825499 0.619205768994826 0.629120502318351 0.62908403619863 0.617539313018099 0.620960581155036 0.625848573550639 0.606271640441075 0.606118263472162 0.633031108871202 0.600878950746697 0.552484816048015 0.591277393685989 0.626888377810399 0.657125628538552 0.689439078997663 0.722592769936192 0.744133956647874 0.76112624025633 0.768712293234403 0.776294421876481 0.783874381104044 0.790558860280026 -9999 -9999 -9999 -9999 -9999 -9999 -9999 -9999 -9999
0.706862768087767 0.663632680803683 0.623746717523817 0.61827415460722 0.627706063438583 0.609380178983747 0.599209806616691 0.605645124360481 0.620584660574963 0.64015606049182 0.628686533919553 0.621197394384582 0.626581217060754 0.627457308178932 0.625346676339338 0.617387667325139 0.608969349187405 0.600720140936134 0.603257383292739 0.614423722222222 0.609329187171043 0.602657358810366 0.599258529696227 0.605356573555417 0.620592248290277 0.620183546692284 0.618015031607265 0.624628013536597 0.624513763271369 0.616619675224345 0.617513779746295 0.620073745786565 0.615527014405706 0.616551938153363 0.625340819004134 0.584120835355461 0.531909268355108 0.602004733932913 0.652742410635807 0.670784648367238 0.685434377231294 0.698696724520435 0.729130817359106 0.750456410943743 0.752947432163156 0.765446237087719 0.783477450872968 0.790558860280026 0.795345912065314 -9999 -9999 -9999 -9999 -9999 -9999 -9999 -9999
0.695284424422202 0.660971277386702 0.615211919855167 0.621087101595407 0.64909410644068 0.615300127301724 0.593728461823386 0.597043026774389 0.607731351311808 0.622435829655255 0.609733705053976 0.600822633506632 0.603976819077107 0.600596301214905 0.592886033784989 0.583593512471065 0.577103550425943 0.580054421071902 0.586641854184052 0.596138515721275 0.589346770821136 0.583154408417844 0.589434993376842 0.595708592676386 0.601975470565872 0.606390881784065 0.610341555616711 0.613827635593847 0.609865686079043 0.597290318807055 0.579786919678397 0.564718062619478 0.584028293362409 0.596786606677388 0.600414992766 0.56892968501549 0.530119586522232 0.584090360774725 0.631197525800889 0.666712007487363 0.689307197440566 0.706140071928412 0.728521001072507 0.744962834322351 0.749123793601139 0.756811531487267 0.766448909952347 0.774416289839333 0.774158366176359 0.752924195506894 -9999 -9999 -9999 -9999 -9999 -9999 -9999
0.67924935484589 0.656912485327954 0.614097152252964 0.630739945210357 0.672656287687103 0.624953813959589 0.591188202167428 0.58579986551448 0.590470081156709 0.600618735933004 0.586089256329324 0.574980245907451 0.574752612811374 0.56797242084817 0.556850648702384 0.544686667941892 0.538906904244989 0.553913305804687 0.563986858429697 0.570114161135781 0.565560303802549 0.563906010617598 0.581005584838291 0.586790812687232 0.581689686571569 0.589948158500872 0.599463930542028 0.600041143172132 0.591884229426873 0.573626566309384 0.534280201134823 0.497807913530395 0.540388201395487 0.566728429351667 0.570438554479071 0.553996023462615 0.533006890287068 0.559246407044127 0.597582523671111 0.656349880940559 0.693818154248845 0.721568051222465 0.731164397094518 0.740080839026205 0.747591374275674 0.748263567167937 0.745155451955623 0.753519811243724 0.757150668912662 0.747448201329264 0.74153039795609 0.738156003190622 0.731959571041651 0.725521186508136 0.719136749774386 -9999 -9999
0.663317912482603 0.640068963489042 0.620125496267934 0.630543586325424 0.653538341778637 0.602088687697989 0.568188959772846 0.570023178664258 0.564678312231265 0.555423322270171 0.538514056995555 0.525243098850225 0.52186276948162 0.523702290478919 0.529000368562724 0.529314635956306 0.528364322121155 0.524755243720419 0.528133728674837 0.537102222909667 0.54546271045041 0.554218549542496 0.565013524066131 0.571696866095738 0.574424108035101 0.574823617811597 0.574704116782136 0.574383260389879 0.572807712705802 0.569781153010503 0.529295284873004 0.485750389732979 0.508963203778489 0.52960803789546 0.546674458498501 0.535989968631045 0.518829310538923 0.562921170057802 0.603672964233139 0.638783364997992 0.674723257873848 0.710794001280983 0.716627713620596 0.722078126057473 0.726735950214511 0.731931775903868 0.737425014540203 0.73814863969966 0.737487702143284 0.733751387220626 0.734249176422109 0.737592411421975 0.731959571041651 0.725521186508136 0.719136749774385 0.716277525148755 -9999
0.656245996793658 0.636212000398323 0.633451457043447 0.63672212163692 0.641996805216371 0.589387013235756 0.554129708931753 0.554204340857952 0.540884771337428 0.520269985246776 0.503565340140932 0.490404470502181 0.48584814652151 0.493913278535311 0.510341107372156 0.514795789779803 0.515140971750378 0.505659336806333 0.507300341177942 0.517839391096615 0.529373898425729 0.540356093832486 0.548400414204578 0.555441178124651 0.561516347533016 0.557742622730294 0.552874996701269 0.553617763741625 0.556564482922391 0.562060005182246 0.521624951689687 0.47474950749406 0.485462028456313 0.502274562948964 0.527587308292076 0.523088383314466 0.51150192275718 0.563424805167162 0.603595361071882 0.623916156422417 0.657627950372688 0.697031819261044 0.69561713082038 0.697289625916451 0.705345805097651 0.714890135762228 0.725257132333189 0.723854766676397 0.722798186988417 0.723825056479291 0.727780335992689 0.733703595449478 0.727600861133007 0.721033022393709 0.716546429065677 0.716622560278318 0.720399420402166
0.66288832577608 0.65245778665962 0.658073879294923 0.652768775413153 0.642183291529766 0.592418014999421 0.553909259646456 0.538320254811403 0.520184419181765 0.500661439847602 0.488161986873192 0.478628240217727 0.475955788275923 0.486540543273783 0.505909229571275 0.501597646092946 0.497767883702048 0.502139302396223 0.509717001657437 0.519859706373969 0.519490542965447 0.520030889035596 0.530825941566214 0.537387154180296 0.539874682071773 0.537633103077994 0.535582490329953 0.540425513716442 0.544707084540087 0.548339352688457 0.509797684839393 0.465384270295315 0.474226659387459 0.490090900461541 0.5157399103906 0.518088342450465 0.514778398153042 0.559019642598884 0.593969836912791 0.61322738344898 0.643627938146993 0.678644110851189 0.664585172996176 0.661996959019195 0.683127930051381 0.69674967380487 0.706220237161425 0.711228514965356 0.715807405051449 0.719735305199731 0.722569033764108 0.724667445991228 0.716495017169023 0.709597333535242 0.709946380379129 0.713643854782413 0.720057167620756
0.664214215230996 0.664354509209426 0.675304754569807 0.65860748210194 0.629402876064582 0.576012149633102 0.534876929044814 0.518695522514218 0.513500255172876 0.514288641651733 0.510126862071146 0.505299009754314 0.499235555696678 0.499074685710974 0.502824737023708 0.504269655350291 0.505034003449101 0.504261506020749 0.510817513164056 0.523236280540782 0.523701823415913 0.52468025435697 0.53512005407809 0.53883045193767 0.536066003771879 0.531738190936866 0.526513833395776 0.517941137032983 0.517726474481777 0.527177621783474 0.495557300986305 0.457562535222937 0.465510924177271 0.480172227789231 0.504187804096917 0.52179266101122 0.53816846055152 0.573384677683427 0.600884641829568 0.615351801443394 0.630788217026567 0.646494234060501 0.641451755913775 0.64404081261155 0.662410371813382 0.674708745683439 0.6836509039803 0.696637768739071 0.705161742906164 0.701801942602753 0.697541341885894 0.692675376096169 0.696306995501217 0.700560928369549 0.704304884049901 0.70976427247613 0.716615011947399
0.663514154414536 0.67406992741567 0.688399648297179 0.659572684032093 0.611530514373338 0.552610646566736 0.50953536660232 0.498721741431555 0.512862618021422 0.540595084633848 0.54564603863596 0.54551801814195 0.534351370390856 0.518822623708515 0.500403647017044 0.512436970477792 0.520534001688308 0.507437975751748 0.51054489655728 0.526614078748463 0.532728628040728 0.538193266256104 0.54699340169329 0.547247614684877 0.539279175334027 0.531562455119872 0.520916383697757 0.492786101126169 0.485976384444931 0.503823248545485 0.481166354643799 0.451278395392582 0.458174701673074 0.471175514326324 0.492682798489487 0.527931429674014 0.567349217106244 0.593343264552827 0.612860883141427 0.621439768703879 0.618050549055824 0.609450653220624 0.621908641381956 0.633326568011381 0.642593853394574 0.6514483714523 0.660074707359401 0.681272508373549 0.692902182962805 0.678658064583993 0.665184309593725 0.652228262057713 0.672776625843863 0.692377438244681 0.698841662004562 0.705379060413789 0.711975809226044
0.667592828968122 0.669848528931373 0.663207489044588 0.63621655632444 0.60018405416321 0.560685444442107 0.530374350092665 0.518770239622141 0.523648577729283 0.537504161136067 0.524222661763331 0.513617569033346 0.512235526025901 0.508001725164798 0.501878412796203 0.48752658331308 0.474534827927852 0.468221246451479 0.481771376899471 0.511212359187641 0.510165350688374 0.507001593545764 0.513520723685144 0.52260800357396 0.534166286761409 0.528908008059303 0.519415240926891 0.505624326603594 0.501658382728442 0.509054715951342 0.495135144776888 0.475941472561548 0.462855710651133 0.462146614570075 0.478684081738581 0.496188833414665 0.514625107469785 0.543325394245172 0.567682622994952 0.584704396773955 0.592686866866076 0.596720782738597 0.615032343104747 0.628670326217486 0.632644277251079 0.640784473186306 0.651227813442861 0.666791002055662 0.67639693971812 0.670168259589831 0.658205200355028 0.642388465240615 0.661449865216963 0.679946645105584 0.686147925323945 0.696275030255382 0.709586288182799
0.665872391687984 0.656464975432946 0.632693853884002 0.609563300544277 0.586673872323264 0.560102329021895 0.53733998209447 0.522333657581854 0.520890620763031 0.526834894156225 0.505473939868326 0.489276655283929 0.48860539572192 0.488960869828529 0.489996634893046 0.460203450685284 0.435895668984974 0.437859420965074 0.457929478613216 0.492484473509711 0.484495996290182 0.473897751540012 0.47826238843024 0.495120508552681 0.523999515807962 0.519981539743845 0.510161337113887 0.506483135997928 0.505457750061705 0.507500263547795 0.499793728098668 0.487803518422955 0.461721121036609 0.450656488579838 0.460518722558341 0.464614008587819 0.468388854882522 0.50290612697846 0.53321710873493 0.556423637086157 0.570772358247742 0.581233523393993 0.603400987491054 0.619897172202948 0.624666274438983 0.632225831682152 0.641327982017022 0.65093492102065 0.657787159121826 0.657506337117989 0.648583452296094 0.633852840357902 0.650705076485136 0.667137173729844 0.672733568120069 0.686022667189751 0.705551155545127
