layers/veg_sum/veg2000.asc
NCOLS 255 
NROWS 330 
XLLCORNER -2985163.8955 
YLLCORNER -3022031.214 
CELLSIZE 25000 
NODATA_value -9999 
[rows 250 to 274 of 330, columns 57 to 113 of 255]
-9999 -9999 -9999 -9999 -9999 -9999 -9999 -9999 -9999 -9999 -9999 -9999 -9999 -9999 -9999 -9999 0.777380265094425 0.808387277811233 0.816959468376429 0.811429812184614 0.768229105145565 0.669226455284363 0.527393610351319 0.460664595175511 0.430356339267068 0.505035448676777 0.533285285922098 0.518649852200643 0.470572855460347 0.428976033566181 0.457505421081941 0.450834087538038 0.405088093588442 0.432265764896695 0.474768961703235 0.486259730476552 0.440559055181078 0.31842606641422 0.279486254112911 0.269151920429602 0.26297084769927 0.25486100827623 0.243631935833323 0.236518279160152 0.230797025538204 0.205026998102968 0.18403682288253 0.172485473927301 0.170142681791614 0.172667511233017 0.158258499502416 0.146488304440131 0.142353986860537 0.134423266818005 0.124047701097565 -9999 -9999
-9999 -9999 -9999 -9999 -9999 -9999 -9999 -9999 -9999 -9999 -9999 -9999 -9999 -9999 -9999 0.887941603264416 0.86030651459854 0.815127255038151 0.833521730976757 0.836940493565433 0.780286618974365 0.679412710765374 0.544598180238353 0.478674750636401 0.442728039950381 0.489513057319067 0.518202167378295 0.530176652112189 0.509626269564934 0.487469267670032 0.490691294731013 0.482997688023921 0.463187151044934 0.471638870921891 0.484651260767152 0.474485376083418 0.428278893597984 0.333906705319875 0.299686063195171 0.286103078772421 0.27486419274614 0.264034387191299 0.25386615326102 0.246705798697587 0.240927390112726 0.240212361273917 -9999 -9999 -9999 -9999 0.158511758201627 0.146707348525167 0.142697612330807 -9999 -9999 -9999 -9999
-9999 -9999 -9999 -9999 -9999 -9999 -9999 -9999 -9999 -9999 -9999 -9999 -9999 -9999 -9999 0.887941603264416 0.860122300381562 0.814641877976205 0.842112062659606 0.853455788600066 0.799079507191385 0.701966811726808 0.572052230555156 0.501454538887766 0.454700887703806 0.471403029469945 0.493204020750178 0.519714660337121 0.527098244767621 0.528603437563995 0.51832007113927 0.512342930240482 0.511145927219298 0.501324644659228 0.488685702962368 0.471579529225224 0.434658014012098 0.371254698664448 0.33160990950939 0.301192686483467 0.287424766572837 0.275390179122147 0.266158765255847 0.258590778098458 0.251947527936355 0.256791264570085 -9999 -9999 -9999 -9999 -9999 -9999 -9999 -9999 -9999 -9999 -9999
-9999 -9999 -9999 -9999 -9999 -9999 -9999 -9999 -9999 -9999 -9999 -9999 -9999 -9999 -9999 -9999 0.860050377463164 0.81445237178395 0.833716880716989 0.84870683632594 0.835823785149195 0.756595276579785 0.626444009078578 0.538743602856636 0.469911876686371 0.453629628002912 0.449682814942965 0.457129859131837 0.490299219542584 0.523871119820899 0.53267182361823 0.535295951808748 0.53106375470135 0.506192767543953 0.481130061477343 0.498395048035143 0.494910852982843 0.463696846611385 0.39161215238539 0.310501378304522 0.300799789293371 0.2915593039049 0.283064522831462 0.274710293368448 0.26649597146172 0.262595774908095 -9999 -9999 -9999 -9999 -9999 -9999 -9999 -9999 -9999 -9999 -9999
-9999 -9999 -9999 -9999 -9999 -9999 -9999 -9999 -9999 -9999 -9999 -9999 -9999 -9999 -9999 -9999 0.84649294146096 0.839931886363361 0.843059367094906 0.842402718580074 0.828030509058347 0.774390218646822 0.69061012521863 0.583431807517893 0.492802288644177 0.479793671377693 0.471035736254623 0.466204023685043 0.499148202653094 0.530496454375266 0.513623381253325 0.50706950203917 0.511970473335711 0.493377427188698 0.474261455586543 0.500863142513201 0.514608490645991 0.511172252742847 0.434666370221444 0.33866780267869 0.321307792031663 0.306323077299819 0.295179729944657 0.283320936650165 0.271372163886904 0.271140624887707 -9999 -9999 -9999 -9999 -9999 -9999 -9999 -9999 -9999 -9999 -9999
-9999 -9999 -9999 -9999 -9999 -9999 -9999 -9999 -9999 -9999 -9999 -9999 -9999 -9999 -9999 -9999 0.863503489240302 0.884752149634453 0.863979755057387 0.835083498259612 0.791166252031657 0.76814282921222 0.761156241082132 0.632949650505829 0.520705287477939 0.534636986631002 0.534733922208379 0.522052118058718 0.537792993109292 0.544535265050363 0.472773642245623 0.445436695154795 0.467413485535759 0.469019566510761 0.467841298181265 0.487438951846568 0.507834546983088 0.529296534368536 0.46665811003506 0.379143227743508 0.346471702139397 0.320169536210894 0.304168002852773 0.287030316737627 0.26973927469374 0.270489137861895 -9999 -9999 -9999 0.199433169071704 -9999 -9999 -9999 -9999 -9999 -9999 -9999
-9999 -9999 -9999 -9999 -9999 -9999 -9999 -9999 -9999 -9999 -9999 -9999 -9999 -9999 -9999 -9999 0.857770316488408 0.855972569214591 0.857517566526533 -9999 -9999 0.735168061714343 0.676653009253885 0.630804042953069 0.596698901128015 0.602454253181598 0.602768830233265 0.598057933066848 0.577787499381654 0.552161029469524 0.513836443118457 0.497046250717136 0.504160373491703 0.515614780607437 0.527483868828965 0.533481223713059 0.543736068016922 0.559680745323454 0.49168384577738 0.398784039936683 0.359551125871561 0.328500991794491 0.310684183256249 0.293918592669437 0.277724730867275 0.268104528959056 0.261718322633652 -9999 0.216595599152896 0.217555291209873 0.216648916492872 -9999 -9999 -9999 -9999 -9999 -9999
-9999 -9999 -9999 -9999 -9999 -9999 -9999 -9999 -9999 -9999 -9999 -9999 -9999 -9999 -9999 -9999 0.822510108212432 0.827542666134722 -9999 -9999 -9999 0.682628467868369 0.603385763150019 0.627755234045937 0.657267990275904 0.65323632647707 0.653884656613878 0.658855751220098 0.611744810483658 0.562225660126053 0.554236450437186 0.546989220790698 0.540565628197969 0.5569635791011 0.576556740843329 0.57348841530429 0.576827165172218 0.58872851743485 0.532987421077542 0.455085507769858 0.389844056661412 0.341217211105982 0.319459777205671 0.30227747950231 0.2870963196986 0.274156916059407 0.267481214700044 0.273174514502112 -9999 0.232502378930869 -9999 -9999 -9999 -9999 -9999 -9999 -9999
-9999 -9999 -9999 -9999 -9999 -9999 -9999 -9999 -9999 -9999 -9999 -9999 -9999 -9999 -9999 0.819431811096635 0.822510108212432 0.827542666134722 -9999 -9999 0.727460679479949 0.687851062689699 0.617839500589872 0.635412290207562 0.656678086660575 0.64699922591342 0.65061185241044 0.666501411227218 0.626346615950096 0.581648215437207 0.571069010922081 0.561989227533138 0.554573880824667 0.563192472307253 0.575037619249363 0.578905784012133 0.589881162429654 0.610354828411214 0.627350896073063 0.632237022169912 0.477484128488507 0.369180388398556 0.335994978677517 0.314431328456697 0.297967421059226 0.288088575494979 0.280254059982715 0.2764565053057 -9999 -9999 -9999 -9999 -9999 -9999 -9999 -9999 -9999
-9999 -9999 -9999 -9999 -9999 -9999 -9999 -9999 -9999 -9999 -9999 -9999 -9999 -9999 -9999 0.819431811096635 0.819431811096635 -9999 -9999 0.717822968564992 0.719843011215401 0.691677569042513 0.640343575060587 0.646764319663804 0.656754098472173 0.650822667767366 0.656118220754115 0.671783788503261 0.636577670041122 0.597129176147912 0.588011206315763 0.586812354388967 0.594404141788558 0.599851966562047 0.604847642260761 0.610742322339465 0.624557289370003 0.648957158826817 0.688898034777559 0.718545806859006 0.52050296026445 0.386376885350972 0.355618058277656 0.33063008483207 0.308307243555364 0.296443680021082 0.288568256489717 -9999 -9999 -9999 -9999 -9999 -9999 -9999 -9999 -9999 -9999
-9999 -9999 -9999 -9999 -9999 -9999 -9999 -9999 -9999 -9999 -9999 -9999 -9999 -9999 -9999 -9999 -9999 -9999 -9999 0.716047428093998 0.710900258105343 0.694403320658183 0.669194988415734 0.661029674062831 0.657355155492048 0.662578407591057 0.66854658293082 0.675202820640292 0.643362577709583 0.609502361795515 0.605039844043099 0.619380582104936 0.654593927697111 0.660504659681953 0.659359326458175 0.663409221181801 0.676281520504551 0.700944338581827 0.724570926654123 0.733229069728121 0.528339894566735 0.395084325445605 0.377675794816873 0.35001807391394 0.318228175888007 0.30040191474132 -9999 -9999 -9999 -9999 -9999 -9999 -9999 -9999 -9999 -9999 -9999
-9999 -9999 -9999 -9999 -9999 -9999 -9999 -9999 -9999 -9999 -9999 -9999 -9999 -9999 -9999 0.683474723131387 0.707000191191742 0.745460832321903 -9999 0.695203648967776 0.694899119540796 0.697159772264587 0.701389303603637 0.677272970107959 0.654479845168262 0.65166223057217 0.653392114562191 0.65932238119866 0.641096635659665 0.621033578712446 0.616331904366513 0.6292277443584 0.661657755129605 0.67814750090456 0.689772341536197 0.695916061869479 0.704785141728287 0.71729647152446 0.727796624366667 0.724975168432336 0.537517355929251 0.412589529760097 0.388786219501605 0.360391224956501 0.330575376532393 0.330310595199162 -9999 -9999 -9999 -9999 -9999 -9999 -9999 -9999 -9999 -9999 -9999
-9999 -9999 -9999 -9999 -9999 -9999 -9999 -9999 -9999 -9999 -9999 -9999 -9999 -9999 0.746689281989479 0.701156265986812 0.707000191191742 0.745460832321902 -9999 0.737038871447107 0.70941394644553 0.709176160373305 0.729959085112927 0.692876591622061 0.656227875762179 0.651389406882972 0.650723988189034 0.653913085829522 0.648251673439491 0.640844176000936 0.633255538421119 0.641223060433973 0.66645874159249 0.693963664117379 0.719442620614567 0.723701164280873 0.727256703806382 0.729872728099566 0.729942558456475 0.718616890584239 0.553458079722601 0.438051604715892 0.403105420422925 0.374781089982068 0.350086259750285 0.368318871883813 -9999 -9999 -9999 -9999 -9999 -9999 -9999 -9999 -9999 -9999 -9999
-9999 -9999 -9999 -9999 -9999 -9999 -9999 -9999 -9999 -9999 -9999 -9999 -9999 0.760060014815208 0.746689281989479 0.701156265986812 0.707000191191742 0.745460832321902 -9999 0.747636038797995 0.76278803328451 0.759354071786522 0.741654654998742 0.704700817586629 0.6790453148019 0.708089555449369 0.715462938164158 0.70281962513504 0.699475532653922 0.695277249994124 0.676710533350285 0.675193531327535 0.69260261345243 0.727080420399677 0.759964121094131 0.743657844594734 0.738264350525746 0.747455017097338 0.746370219233928 0.733317336726449 0.596510157314587 0.491240851349344 0.436975109787738 0.410936887401733 0.397061281943791 0.387060876928892 -9999 -9999 -9999 -9999 -9999 -9999 -9999 -9999 -9999 -9999 -9999
-9999 -9999 -9999 -9999 -9999 -9999 -9999 -9999 -9999 -9999 -9999 -9999 -9999 0.760060014815208 0.760060014815208 -9999 -9999 -9999 -9999 0.75450153556776 0.766765629111724 0.769523891074881 0.764986051857053 0.739363069344158 0.722591906406644 0.7517964245764 0.755187467906883 0.734735409429592 0.732018657371787 0.728689634737332 0.70346309022678 0.696643167641776 0.71025556801225 0.732966851115019 0.753983211904728 0.741938044690332 0.739998082677209 0.751563011547891 0.750213692271921 0.739174324135744 0.650789771078109 0.562345389795094 0.473804253328142 0.43781494599959 0.424609366188251 0.426212419240246 -9999 -9999 -9999 -9999 -9999 -9999 -9999 -9999 -9999 -9999 -9999
-9999 -9999 -9999 -9999 -9999 -9999 -9999 -9999 -9999 -9999 -9999 -9999 -9999 -9999 -9999 -9999 -9999 -9999 -9999 0.745232050765412 0.720078597529489 0.741747236705037 0.799353681093686 0.795686502581009 0.785799476578192 0.783179558434054 0.771186571416793 0.750535972947194 0.746843666532487 0.742164527124937 0.714373886301097 0.706217168445576 0.71985514255441 0.713026135946818 0.703896163936213 0.71965875439489 0.732935785421394 0.742891042347511 0.742121441230019 0.736643556567653 0.715718365659065 0.650442044403564 0.513440350261032 0.455893348000211 0.432746987074775 0.429459151750173 -9999 -9999 -9999 -9999 -9999 -9999 -9999 -9999 -9999 -9999 -9999
-9999 -9999 -9999 -9999 -9999 -9999 -9999 -9999 -9999 -9999 -9999 -9999 -9999 -9999 -9999 -9999 -9999 -9999 -9999 0.709178281722419 0.709104904718427 0.732389390005992 0.773601957145421 0.784290431137172 0.786859092341151 0.773188130216414 0.761461661708207 0.751531261321482 0.752742275903396 0.748882589714993 0.705893602520288 0.696119077065765 0.723214359217046 0.713283709903316 0.698713704125156 0.725317247063218 0.737618040465372 0.730804222340735 0.731444283222155 0.734472379682783 0.73531663099121 0.67852190384533 0.528512478672015 0.462992463402862 0.434194819153721 -9999 -9999 -9999 -9999 -9999 -9999 -9999 -9999 -9999 -9999 -9999 -9999
-9999 -9999 -9999 -9999 -9999 -9999 -9999 -9999 -9999 -9999 -9999 -9999 -9999 -9999 -9999 -9999 0.803387753543978 0.81219704528436 0.796134762800141 0.773412305989589 0.736175947116303 0.727404233363248 0.740480258980771 0.757957506094562 0.769023579414349 0.752443907588159 0.745619800803626 0.747806605255525 0.754667527423438 0.752559601592686 0.696991659999164 0.686212119008998 0.725150069337372 0.71773809701892 0.703898666469928 0.736585251593695 0.746265193091305 0.725198385207247 0.723430349463113 0.728936441225998 0.744732952297601 0.69455187248764 0.537670754343759 0.490624083916568 -9999 -9999 -9999 -9999 -9999 -9999 -9999 -9999 -9999 -9999 -9999 -9999 -9999
-9999 -9999 -9999 -9999 -9999 -9999 -9999 -9999 -9999 -9999 -9999 -9999 -9999 -9999 -9999 -9999 0.795597716139015 0.791671455402646 0.786554200970617 0.773559378250876 0.736916696732274 0.72602960674516 0.734910950502371 0.724846677482531 0.715406417521876 0.718287411450869 0.724678541100812 0.734311873665118 0.744276052166895 0.74672301358738 0.70812065251246 0.700153459711178 0.726192922476259 0.722741986865247 0.716215736319882 0.747499641825702 0.763920479957891 0.760477881466916 0.733584457419015 0.703808967607337 0.748566740245798 0.711345094745294 0.541544994330876 -9999 -9999 -9999 -9999 -9999 -9999 -9999 -9999 -9999 -9999 -9999 -9999 -9999 -9999
-9999 -9999 -9999 -9999 -9999 -9999 -9999 -9999 -9999 -9999 -9999 -9999 -9999 -9999 -9999 -9999 0.782196112753549 0.781499305862789 0.769272755345063 0.751572515069292 0.719897948614268 0.704243780080586 0.700885899693832 0.681372322850189 0.666813470378806 0.680253238137892 0.6955585976534 0.71258714610248 0.726286347943736 0.733057220978261 0.705802361607668 0.695267045530495 0.703291305980783 0.70281866996156 0.702500422781533 0.721496512148687 0.733030749145312 0.734592749057393 0.713512498801475 0.690423687684959 0.75060897997226 0.787798354318948 -9999 -9999 -9999 -9999 -9999 -9999 -9999 -9999 -9999 -9999 -9999 -9999 -9999 -9999 -9999
-9999 -9999 -9999 -9999 -9999 -9999 -9999 -9999 -9999 -9999 -9999 -9999 -9999 -9999 -9999 -9999 0.783336711071597 0.784504612779688 0.743212840557295 0.704354512856127 0.682634614637883 0.659190612300667 0.634423291956852 0.626084273064049 0.6239477768095 0.637798783931269 0.657115526505182 0.68148079848675 0.699635193887343 0.710466682456903 0.688155107699683 0.668918307023073 0.653094668049042 0.654480080012466 0.659110012092524 0.6534099906623 0.646803091938443 0.638984215956176 0.658984937380684 0.690423687684959 0.75060897997226 -9999 -9999 -9999 -9999 -9999 -9999 -9999 -9999 -9999 -9999 -9999 -9999 -9999 -9999 -9999 -9999
-9999 -9999 -9999 -9999 -9999 -9999 -9999 -9999 -9999 -9999 -9999 -9999 -9999 -9999 -9999 -9999 0.788034353139261 0.77722325913673 0.732356109042806 0.691354063940914 0.669908371405503 0.640904126259887 0.606098393453031 0.584259358019627 0.570786180229457 0.583656996652383 0.601156152741781 0.622930361862812 0.636477100360364 0.64490832051033 0.634261493349307 0.624162228269997 0.614670786034931 0.615163257768969 0.617124738846605 0.609748346475497 0.604174952092737 0.601011136794358 0.599712392528609 -9999 -9999 -9999 -9999 -9999 -9999 -9999 -9999 -9999 -9999 -9999 -9999 -9999 -9999 -9999 -9999 -9999 -9999
-9999 -9999 -9999 -9999 -9999 -9999 -9999 -9999 -9999 -9999 -9999 -9999 -9999 -9999 0.771783048790845 0.786351303667599 0.782702747569103 0.767489226046867 0.72692664091082 0.689013948274722 0.664968282251447 0.631492376194804 0.5907783884554 0.551353329906986 0.522166009467225 0.53279950412214 0.546345033987953 0.562580319976628 0.56950442454631 0.57405009992959 0.575473421188371 0.577790698453847 0.581100314123983 0.580251554555054 0.578232303654009 0.575581364455128 0.575794813543221 0.579836314659349 0.576568923184062 -9999 -9999 -9999 -9999 -9999 -9999 -9999 -9999 -9999 -9999 -9999 -9999 -9999 -9999 -9999 -9999 -9999 -9999
-9999 -9999 -9999 -9999 -9999 -9999 -9999 -9999 -9999 -9999 -9999 -9999 -9999 0.767505092687898 0.767325904053833 0.766715690758217 0.766457289250853 0.766422235900988 0.732527636248893 0.698012777758269 0.669388729788761 0.635597610985393 0.597840561238195 0.563893618615645 0.537356949198055 0.538147007844584 0.543030903446764 0.551696148593157 0.556008236605785 0.559104152078732 0.560176046687277 0.56105398496671 0.561716621472045 0.562161059838712 0.562838179723063 0.56586226216801 0.567629343403712 0.567716531571083 0.56926597794614 -9999 -9999 -9999 -9999 -9999 -9999 -9999 -9999 -9999 -9999 -9999 -9999 -9999 -9999 -9999 -9999 -9999 -9999
-9999 -9999 -9999 -9999 -9999 -9999 -9999 -9999 -9999 -9999 -9999 -9999 -9999 0.767505092687898 0.765198418314382 0.757343213776891 0.748387504149213 0.738733137477009 0.725463638367158 0.708349213026907 0.680389193290709 0.648922124033024 0.614763255753024 0.58223433042498 0.554587401260611 0.545401499291151 0.542231182068954 0.544617272903222 0.545703196593569 0.546331497128504 0.545844215965329 0.544797550811715 0.54312993987049 0.544017522392032 0.545876094626879 0.550160271051717 0.553104121267937 0.554256720457031 0.548814580260034 -9999 -9999 -9999 -9999 -9999 -9999 -9999 -9999 -9999 -9999 -9999 -9999 -9999 -9999 -9999 -9999 -9999 -9999
