layers/veg_sum/veg3200.asc
NCOLS 255 
NROWS 330 
XLLCORNER -2985163.8955 
YLLCORNER -3022031.214 
CELLSIZE 25000 
NODATA_value -9999 
[rows 125 to 149 of 330, columns 171 to 227 of 255]
0.366676619569957 0.365175963186273 0.388679457659222 0.381261344556744 0.359491371502507 0.278988768938338 0.228843154619702 0.240508341888769 0.251798443324248 0.262884252447169 0.281224361434856 0.292730050966461 0.286301620772361 0.292577465204913 0.307270880249438 0.329232548830355 0.350129068703393 0.365563972513755 0.341826060564749 0.286750128120632 0.292354714662372 0.30232561701954 0.293671473217637 0.271143355851874 0.235266081393941 0.246380134849854 0.275333880651851 0.351521822669748 0.39802195104117 0.410189033133531 0.413727846669617 0.417805466681578 0.448478570838947 0.486588199602372 0.535060432781526 0.570924432615032 0.600844891080058 0.605870916416767 0.615123823539906 0.631515963164277 0.632713853738897 -9999 -9999 -9999 -9999 -9999 -9999 -9999 -9999 -9999 -9999 -9999 -9999 -9999 -9999 -9999 -9999
0.329344831194997 0.299031767761083 0.345421978210968 0.358636615846422 0.356296624802491 0.27728727834929 0.229134710776804 0.24381058394439 0.259320309557432 0.275284196936022 0.289358385218762 0.29955469868534 0.300118927656634 0.30844063219361 0.321902267994965 0.336121095824345 0.352577363086608 0.37600301053742 0.35324573630519 0.293542398376194 0.288750247693014 0.292892055745747 0.301201396556989 0.298120237167985 0.284079450687896 0.259091818719918 0.25111161021501 0.356223324145127 0.415833430708887 0.422822323393995 0.402689860276169 0.381283721459322 0.416702937096298 0.457719637844392 0.506536289107304 0.546621889020744 0.580987583750546 0.569934450148191 -9999 0.642449522554142 0.642449522554142 -9999 -9999 -9999 -9999 -9999 -9999 -9999 -9999 -9999 -9999 -9999 -9999 -9999 -9999 -9999 -9999
0.296426153213932 0.248911968530575 0.28627486495293 0.320309997180701 0.351722660777915 0.282831061359608 0.24080006620313 0.253460777191052 0.271446716982815 0.292333068386575 0.29362681627094 0.298073176132508 0.312263302432192 0.312861116556551 0.304452966084101 0.332356069114729 0.362296214127214 0.38857119830047 0.371080909067233 0.318578660433073 0.295185490204516 0.282774825883584 0.298926700540685 0.30969811521757 0.315292598774219 0.2750736187972 0.248465398698709 0.357601407233982 0.416095999871307 0.416025347645346 0.399388552505153 0.38449858425841 0.42709850745773 0.460727790739639 0.481856719656503 0.508592073481057 0.536662842262807 0.552834276957818 -9999 -9999 -9999 -9999 -9999 -9999 -9999 -9999 -9999 -9999 -9999 -9999 -9999 -9999 -9999 -9999 -9999 -9999 -9999
0.302518273687125 0.293385948222748 0.318596405351303 0.337754872880133 0.353338347606406 0.290636431099411 0.252183048021286 0.263102852969654 0.277098358592541 0.292769059456798 0.303271942618986 0.31493133873394 0.329982300140858 0.333510520416239 0.329404027969436 0.357545366904865 0.385563694008491 0.404124991498342 0.394892012224395 0.363423776230045 0.321145499134399 0.289203792204376 0.307470489714766 0.335036554055716 0.371550214275201 0.343248918952455 0.318480436701443 0.393561284874477 0.435181135244204 0.438104367540108 0.42990396465442 0.423095361369369 0.456864057772931 0.481555587115602 0.493598319278081 0.508898975721868 0.524482214160096 -9999 -9999 -9999 -9999 -9999 -9999 -9999 -9999 -9999 -9999 -9999 -9999 -9999 -9999 -9999 -9999 -9999 -9999 -9999 -9999
0.31936753769807 0.36388635919097 0.37505884144888 0.369015132492007 0.354866801596744 0.298082638112397 0.26309902000999 0.272504165845819 0.281013766881023 0.289035605111196 0.314432239047465 0.336402934760116 0.348139713955958 0.358168344014046 0.367065192336823 0.390094176413908 0.410644831731977 0.419268711870031 0.418576765554549 0.410432213275709 0.35267125190389 0.303777593464841 0.322585321062654 0.365457488962693 0.431483801740617 0.423744177921311 0.408435334872265 0.438805101377144 0.458585073932391 0.466118274458954 0.46905127273249 0.472475495101526 0.491919427515654 0.507299899676135 0.517018045225972 0.526855840188022 -9999 -9999 -9999 -9999 -9999 -9999 -9999 -9999 -9999 -9999 -9999 -9999 -9999 -9999 -9999 -9999 -9999 -9999 -9999 -9999 -9999
0.309565281200884 0.36900871991086 0.354891091671409 0.341728953928479 0.328707859926217 0.291132700869377 0.269119393633787 0.278792053645033 0.289995570009712 0.302032874687975 0.3223449988229 0.339543363520122 0.348120957700728 0.365636621590433 0.389074452240704 0.394694797304264 0.401332966649295 0.416245345966266 0.414979249018352 0.400770466921555 0.373235661551328 0.353889266464619 0.377224472287002 0.403320126741785 0.432071809209679 0.441484292370744 0.447489766063221 0.457129133963969 0.457734208692474 0.447891400351017 0.47603393847888 0.511110757350327 0.513069300771721 0.520906587133294 0.536935749509266 0.53899776302121 -9999 -9999 -9999 -9999 -9999 -9999 -9999 -9999 -9999 -9999 -9999 -9999 -9999 -9999 -9999 -9999 -9999 -9999 -9999 -9999 -9999
0.29989897587498 0.364233008605234 0.328119249722387 0.314419944518297 0.31041269496066 0.286960387006049 0.275056375793448 0.286666208339753 0.298349652319794 0.310073189123082 0.323910126449422 0.336230888645196 0.344527431430204 0.369746753443076 0.406178733658607 0.405291616575881 0.405798000114106 0.421264780331898 0.419280368645415 0.403335106839816 0.394205244289183 0.392181802428334 0.415978649485535 0.428679012848312 0.430702643743225 0.451837729497153 0.472531374455036 0.467302965687435 0.457317283267373 0.441829959722199 0.478487080061529 0.525086621813841 0.53004291665014 0.539999074668441 0.556922412523093 0.5649683828813 -9999 -9999 -9999 -9999 -9999 -9999 -9999 -9999 -9999 -9999 -9999 -9999 -9999 -9999 -9999 -9999 -9999 -9999 -9999 -9999 -9999
0.290446145675926 0.343915009864372 0.290977438903221 0.287075085340587 0.30446549812062 0.287149591309361 0.280862413855928 0.297031172959419 0.305718066171744 0.310329924956537 0.315507987406512 0.322785846253342 0.335320680387285 0.368583811311888 0.415581051977417 0.425303869329897 0.431895985596156 0.438913291678268 0.435984193898308 0.425098031964548 0.415811043516072 0.411915529709172 0.429789703258214 0.434404085216891 0.426260259144214 0.450592356082496 0.475569574591001 0.464679076385366 0.457581744814813 0.454871094162474 0.473827809619268 0.500341465924028 0.540458831958227 0.567705551009136 0.577017356867702 0.575141104419844 -9999 -9999 -9999 -9999 -9999 -9999 -9999 -9999 -9999 -9999 -9999 -9999 -9999 -9999 -9999 -9999 -9999 -9999 -9999 -9999 -9999
0.285726002282911 0.32732609499963 0.282473436939748 0.295393512935908 0.333170442864852 0.309999810932535 0.296981089578489 0.30463298697668 0.317655286760826 0.33360260216685 0.334656083409152 0.338162688838439 0.349219316084991 0.379411394408465 0.422282198229106 0.439810814171749 0.451933060087424 0.453822464696931 0.436704049135782 0.404379490065968 0.395210774069632 0.394224682486096 0.413623264402855 0.428139323938143 0.437957554262766 0.449192038501192 0.457211049462201 0.444646306269654 0.440065081980291 0.444716552534568 0.475881071288257 0.514643876146891 0.555177440568959 0.581411167582827 0.587718441566508 0.5897665521156 -9999 -9999 -9999 -9999 -9999 -9999 -9999 -9999 -9999 -9999 -9999 -9999 -9999 -9999 -9999 -9999 -9999 -9999 -9999 -9999 -9999
0.283109171650296 0.312403196354417 0.285902249062211 0.318225919553209 0.375532758286871 0.342336019246014 0.318129670069468 0.312228931436509 0.332400064406889 0.366771368286408 0.365856774163744 0.366235095340755 0.373076868992062 0.395409282731095 0.428005451040542 0.451793204616441 0.468951116997776 0.467302597149448 0.431275582378389 0.367745975373533 0.358632483358507 0.362268805454521 0.386473551672915 0.417824360815094 0.456050915836495 0.448334281255082 0.431846826336779 0.420022766725512 0.418165388075971 0.427834170388712 0.482144911547852 0.54493648616057 0.571795948711026 0.589668624006505 0.595018444040291 0.60624298866788 -9999 -9999 -9999 -9999 -9999 -9999 -9999 -9999 -9999 -9999 -9999 -9999 -9999 -9999 -9999 -9999 -9999 -9999 -9999 -9999 -9999
0.286036271568495 0.302187231609585 0.292050345091675 0.331010808023383 0.390861527860718 0.378515280750242 0.368692988532623 0.364009798845099 0.382649143178908 0.413991218416574 0.421905305813518 0.423664535392935 0.411985714679104 0.419300744410586 0.439200678201153 0.454305017648751 0.466242611348132 0.469362615135995 0.444191690463742 0.396388190656862 0.380456964353352 0.378329778650328 0.414981898826416 0.443067287612644 0.462910002260616 0.471019557647768 0.478559327038664 0.497083290259955 0.5119936275539 0.522724917253564 0.543896976051722 0.568066125957345 0.592976859807101 0.611563610284414 0.621338053737703 0.621705789611975 -9999 -9999 -9999 -9999 -9999 -9999 -9999 -9999 -9999 -9999 -9999 -9999 -9999 -9999 -9999 -9999 -9999 -9999 -9999 -9999 -9999
0.302947909513898 0.312342711762066 0.311431247131152 0.353175968974349 0.413149535012895 0.417304425333103 0.41864629424394 0.414260483360253 0.430981350926809 0.459198072948222 0.463918505848118 0.461007808691117 0.440933259401694 0.445265149872035 0.465768206040705 0.474780297228684 0.482061093359459 0.487013592797556 0.46934968377891 0.433592782004854 0.42091745637168 0.419999255043637 0.454591462626408 0.472104576392723 0.473184654208783 0.492612347955828 0.517668111243202 0.553324289317055 0.579262207101064 0.593961254813454 0.594728256983402 0.594180391983043 0.616863135144283 0.633971173685971 0.643311005737776 0.648191624269624 -9999 -9999 -9999 -9999 -9999 -9999 -9999 -9999 -9999 -9999 -9999 -9999 -9999 -9999 -9999 -9999 -9999 -9999 -9999 -9999 -9999
0.346628263996036 0.361492503549233 0.356141926413081 0.393296521414631 0.448758672808339 0.461089317375767 0.467431934752015 0.46158214497568 0.475644350797961 0.500551721284454 0.479065762025666 0.45990283985921 0.450813228110276 0.475197512257616 0.52176085744112 0.529640619996678 0.533343291083914 0.534508243468856 0.517940668227191 0.487187175955555 0.497050352833593 0.510687638010081 0.515450589411229 0.508404900973522 0.489997262945225 0.512113939379607 0.542222125662191 0.5697132783843 0.595691208922046 0.619919144397681 0.62465535364855 0.626007725779356 0.645927924663193 0.657359894398512 0.656963736679709 0.654424777844706 -9999 -9999 -9999 -9999 -9999 -9999 -9999 -9999 -9999 -9999 -9999 -9999 -9999 -9999 -9999 -9999 -9999 -9999 -9999 -9999 -9999
0.378220118899069 0.39913933335325 0.404524742754084 0.417799562312736 0.434667754550493 0.460557939269727 0.476857950030519 0.473631111324479 0.486452823576066 0.508015456690932 0.477473964714921 0.450423723573191 0.436917101828002 0.469015791370567 0.531331548736927 0.527843640210466 0.521826601555796 0.526182969810192 0.528213838209931 0.52838432050533 0.559831675054496 0.585769114507451 0.569366049649972 0.558416760080088 0.552714943609704 0.574168962426729 0.60005754407385 0.61879401954482 0.636939147979145 0.654400401695785 0.672601756998343 0.690771808904988 0.706795153471084 0.705702366442458 0.680758693383118 0.675782099509542 -9999 -9999 -9999 -9999 -9999 -9999 -9999 -9999 -9999 -9999 -9999 -9999 -9999 -9999 -9999 -9999 -9999 -9999 -9999 -9999 -9999
0.403617217189516 0.430891465528075 0.454789347250859 0.434299402957167 0.39510802199793 0.437316670184056 0.46611410906969 0.467604570384984 0.47991252993339 0.498112292189961 0.467304232516025 0.436653271958361 0.410836905827046 0.444327393563308 0.517113287363682 0.497012602280628 0.478128596263453 0.489252752825495 0.518851028310557 0.563228489468539 0.615770977529549 0.652852825325246 0.619723225093282 0.61545510072941 0.63895669738322 0.658030509121546 0.674948031736296 0.684627662596233 0.690905561695128 0.693249462306577 0.729782161516642 0.772414342856522 0.78395955545523 0.766832398684217 0.709751037875731 0.687315176555513 -9999 -9999 -9999 -9999 -9999 -9999 -9999 -9999 -9999 -9999 -9999 -9999 -9999 -9999 -9999 -9999 -9999 -9999 -9999 -9999 -9999
0.410986855365387 0.43725278735189 0.466489568622063 0.463177419661941 0.445796294417231 0.457109667532844 0.465302351514829 0.46714090394412 0.471688995974009 0.47771285184621 0.445775932443519 0.416244523223322 0.396231382565972 0.425047413866654 0.486216571572412 0.475467708910197 0.468933393814957 0.496137871837402 0.543612138410254 0.607302115717974 0.637224044327615 0.65688541390599 0.653874398032519 0.666782326040736 0.695007025530458 0.713963019452607 0.725149535052282 0.702094394593388 0.701207509244974 0.725957531272004 0.756055809038506 0.786468806627799 0.80624942374194 0.787294997090473 0.714364290276895 -9999 -9999 -9999 -9999 -9999 -9999 -9999 -9999 -9999 -9999 -9999 -9999 -9999 -9999 -9999 -9999 -9999 -9999 -9999 -9999 -9999 -9999
0.422150242210235 0.445557365773694 0.474990416923564 0.483946718968002 0.483714649708096 0.47210960168762 0.465077897604092 0.467358120395279 0.464584553284392 0.459058415071586 0.430161533916657 0.404720243685882 0.390130739065531 0.411614104622776 0.456998553934888 0.458455095233149 0.466593498254588 0.508525079279088 0.568850829449199 0.643891805944031 0.665324597416812 0.678912778264538 0.6921337630159 0.712013142082617 0.738299045660009 0.74966226481658 0.751171463982195 0.713118907536377 0.70857936550457 0.742796597162079 0.772990788810766 0.80149898193762 0.824929047521079 0.839696339354051 0.842392280351155 -9999 -9999 -9999 -9999 -9999 -9999 -9999 -9999 -9999 -9999 -9999 -9999 -9999 -9999 -9999 -9999 -9999 -9999 -9999 -9999 -9999 -9999
0.443188556993021 0.459731343950032 0.477863056993454 0.484922587494493 0.486909072921868 0.473616308757379 0.465743365152425 0.46890588562371 0.460210560136798 0.445056801523854 0.429100034942265 0.414535360937591 0.403562577663782 0.411732888332286 0.432586988491061 0.451692184156525 0.478729686548968 0.531721303114238 0.593505377975918 0.662323367376392 0.710873718913039 0.746652010042486 0.740920060785259 0.743116590356579 0.752941684945489 0.738925037508203 0.721263739569603 0.711340123960751 0.711215761363428 0.722423934437188 0.769397569300797 0.822229598841401 0.837827925363656 0.845964124245291 0.843702041545711 -9999 -9999 -9999 -9999 -9999 -9999 -9999 -9999 -9999 -9999 -9999 -9999 -9999 -9999 -9999 -9999 -9999 -9999 -9999 -9999 -9999 -9999
0.466026207265398 0.485243306705761 0.489654635460191 0.488972647896803 0.48589417092513 0.470308381959346 0.456159705966438 0.444937180094452 0.43898990004426 0.435915808133259 0.395349962751586 0.368478847306556 0.379622450686466 0.398393616582726 0.422218636238092 0.463288209834428 0.509588399413217 0.567832827368066 0.622522759946048 0.674369117284141 0.72013446433305 0.752441556098141 0.731682364365251 0.73056581951295 0.748348891104928 0.74894162890215 0.744265322096315 0.729680870894919 0.723726679916143 0.727753120288399 0.775605538248611 0.830970305499878 0.843720217166421 0.851236638518879 0.851460326677899 -9999 -9999 -9999 -9999 -9999 -9999 -9999 -9999 -9999 -9999 -9999 -9999 -9999 -9999 -9999 -9999 -9999 -9999 -9999 -9999 -9999 -9999
0.489989032145303 0.517845227072555 0.50702347457026 0.494945086119901 0.482247060610879 0.463989730477714 0.440166982313309 0.405012314562574 0.407234549796606 0.429814295934077 0.341158815090498 0.287484246412661 0.332312592526539 0.376638647840104 0.420631896409196 0.486364590108193 0.552154828463092 0.61202064876813 0.654268343208155 0.682421641349615 0.706703077271029 0.719492237877312 0.686160647946213 0.690716849335865 0.731727645069962 0.771936161290538 0.800352568199635 0.760602920746738 0.742412412593778 0.749154388056338 0.787942463380584 0.83221338726705 0.84523109552902 0.852489396299023 0.851722111910654 -9999 -9999 -9999 -9999 -9999 -9999 -9999 -9999 -9999 -9999 -9999 -9999 -9999 -9999 -9999 -9999 -9999 -9999 -9999 -9999 -9999 -9999
0.517824289901422 0.529996870498979 0.502144751180536 0.479988051667656 0.460431396202928 0.447907724670476 0.429263457742948 0.398156857447443 0.388776752254508 0.391230087652525 0.302442119895876 0.251822614139056 0.305953719140489 0.345032541165546 0.374138054320278 0.459700400751161 0.541846310291272 0.597160199683489 0.64081128318982 0.675132191093572 0.692033912100818 0.704923766617957 0.711522603156923 0.738952963614438 0.786426845416291 0.809477905113026 0.821939843662804 0.802128517143662 0.795654026515446 0.804603177699056 0.827035390611671 0.850754716178259 0.852123982141178 -9999 -9999 -9999 -9999 -9999 -9999 -9999 -9999 -9999 -9999 -9999 -9999 -9999 -9999 -9999 -9999 -9999 -9999 -9999 -9999 -9999 -9999 -9999 -9999
0.5389220668559 0.537698264186189 0.496699571688488 0.466870100598026 0.442202378191431 0.436805259932249 0.425496400907512 0.402150463878126 0.379385602729048 0.356937227367301 0.27646481379558 0.233724973755589 0.291626144396051 0.323416749500922 0.337907072962535 0.438135749081607 0.532350798367073 0.583168286831684 0.631510143845877 0.677871510368702 0.690291930159822 0.703176654243932 0.738741486075249 0.782074233454497 0.832881056263595 0.841267287493556 0.840278654483798 0.836110662412303 0.838784423313661 0.849370461765804 0.857827098230769 0.864702352575021 0.862673418582425 -9999 -9999 -9999 -9999 -9999 -9999 -9999 -9999 -9999 -9999 -9999 -9999 -9999 -9999 -9999 -9999 -9999 -9999 -9999 -9999 -9999 -9999 -9999 -9999
0.539123794813104 0.5364968699339 0.494304423571447 0.46368776878077 0.438527163754134 0.442616270506911 0.441905653640684 0.431422171235536 0.394172963714769 0.342345674615072 0.285143807727569 0.258298192353962 0.308679209427295 0.333660573051997 0.341812689615639 0.442355064938934 0.536536831642686 0.584337935374595 0.64421553463497 0.713754258760735 0.727324513570679 0.735711128696257 0.756397846685431 0.791200600094165 0.839585415877965 0.852822202196289 0.856286714517196 0.845362348532194 0.844434236822157 0.85506648670447 0.858191290070586 0.859258347651213 0.860670201359029 -9999 -9999 -9999 -9999 -9999 -9999 -9999 -9999 -9999 -9999 -9999 -9999 -9999 -9999 -9999 -9999 -9999 -9999 -9999 -9999 -9999 -9999 -9999 -9999
0.537518226281505 0.533225124264087 0.503391518800069 0.475413198691282 0.44864253448734 0.455611050565191 0.458476035973152 0.452985695813436 0.412805305892338 0.353730812665089 0.325116468298988 0.311626459303588 0.333612425199406 0.346803327410332 0.354166815480739 0.452093929917721 0.546055161746501 0.601836095985259 0.666729928149248 0.738914024656372 0.755795457771246 0.76446883552239 0.772276181306728 0.793883790710244 0.828769635517467 0.842558902423518 0.850318600771965 0.848479872849974 0.850802414391412 0.85793733648633 0.858160896816459 0.856625128973213 -9999 -9999 -9999 -9999 -9999 -9999 -9999 -9999 -9999 -9999 -9999 -9999 -9999 -9999 -9999 -9999 -9999 -9999 -9999 -9999 -9999 -9999 -9999 -9999 -9999
0.534545595664868 0.528387338410422 0.521163929153394 0.498415049464145 0.469189279504656 0.474039725365998 0.47516829878696 0.468718652751945 0.434346040819863 0.384765050522737 0.388760056927637 0.386705411100962 0.364506287367366 0.362138869957159 0.372911501328864 0.466007852158664 0.559606909092676 0.631685351112615 0.696663976269565 0.755962790004975 0.777790269017057 0.790369747208518 0.786809594421969 0.79169328091046 0.804701398112668 0.81579202730633 0.827727429253388 0.846957439045164 0.857713971686575 0.858671187793184 0.857832034371143 -9999 -9999 -9999 -9999 -9999 -9999 -9999 -9999 -9999 -9999 -9999 -9999 -9999 -9999 -9999 -9999 -9999 -9999 -9999 -9999 -9999 -9999 -9999 -9999 -9999 -9999
