layers/veg_sum/veg3800.asc
NCOLS 255 
NROWS 330 
XLLCORNER -2985163.8955 
YLLCORNER -3022031.214 
CELLSIZE 25000 
NODATA_value -9999 
[rows 125 to 149 of 330, columns 57 to 113 of 255]
0.0874621249254427 0.121039371920233 0.155555369773235 0.131929009057792 0.133032739763717 0.173559463214092 0.147837574843977 0.0954797392580826 0.101435769579788 0.10451523673286 0.102000008719463 0.13156647813041 0.177837682499887 0.139412897318776 0.113359205176467 0.122153879329736 0.143851153632811 0.1737396599145 0.258002842756055 0.340461090779194 0.404953724425986 0.494580702095069 0.603499281508351 0.652457972168119 0.693008878002774 0.731490159594478 0.748426469316333 0.745462360325214 0.755458566254663 0.763668400458648 0.748626472126221 0.722764777405827 0.684892570271151 0.64893566252725 0.613700947559244 0.58023880738889 0.549123768975183 0.521145465787071 0.498017525232525 0.476850694302554 0.460211969192097 0.443863079920129 0.427982917903339 0.412655212476669 0.397659089397714 0.387801921428274 0.379641135799344 0.374830214867459 0.370351270418616 0.366047807961534 0.362267954027746 0.35777880403822 0.351518615710714 0.354325061131117 0.362970329107387 0.362006944932696 0.358543467590319
0.0959779821819211 0.111553500315693 0.124940626006503 0.118057418466931 0.118114918296449 0.129236811362158 0.121455724779314 0.105733624489668 0.0911663088288329 0.0801907841246442 0.0762010178850095 0.116555142215133 0.17999884716189 0.129444513636113 0.0875478100178626 0.0733282145367153 0.0673508637364269 0.0666061123673804 0.117616403724551 0.176707114361518 0.248451924473232 0.346344020668296 0.464305191646623 0.544145081948222 0.614242971649794 0.665636483109477 0.699684307166272 0.717710460632493 0.738938122143835 0.7568108297593 0.753163416771909 0.733233044224764 0.6952277261639 0.66052847557753 0.626885563018916 0.594762566193093 0.564356056836058 0.536243511382545 0.511717739711346 0.488764824800881 0.470952313970749 0.453577251088871 0.436909636178711 0.420293569112115 0.403781280918991 0.391691120220825 0.381028011875767 0.373182919366142 0.366196192443963 0.359663195561828 0.355393202699396 0.351680947505835 0.349174427716493 0.348284176988986 0.34843478756866 0.343116439243155 0.336743280748405
0.0935508077659443 0.0948037120420574 0.0976140296017966 0.131209676844679 0.143393544325387 0.121444240851431 0.120289029917053 0.126682404913585 0.0778918847742051 0.0503077389302875 0.0639683677754161 0.100392748561374 0.148670069601819 0.120351683173473 0.0950833898613342 0.0817556385160231 0.0624952659182236 0.0394685612357147 0.0640488004734671 0.0938210538713091 0.12842879148652 0.218586275826953 0.351380384774085 0.467282346053502 0.565394019363278 0.601928788249687 0.648005517485019 0.702895857962607 0.730024383220611 0.749234194013077 0.754655073465712 0.73967371084798 0.702044781464128 0.669606617211766 0.638466379535755 0.606794226803239 0.576672539113093 0.548622938114836 0.523433294316326 0.499541741749639 0.480391171090167 0.461867088967083 0.444356174344586 0.426766927654874 0.409209916085809 0.395213826086362 0.382470668051912 0.37220168842472 0.362709140408095 0.353627012323147 0.346146361356613 0.340538193790683 0.339396953495085 0.336904778633792 0.333542615259342 0.325400821076025 0.316893372439451
0.137758603846325 0.109761257611521 0.0886082802044785 0.111904309809479 0.11505818383422 0.0861028335229745 0.0865610664522853 0.0983405253419806 0.0612982347696779 0.0396659703988284 0.0480050273757891 0.0844242437318797 0.13546461974225 0.103576096493918 0.0790625935819481 0.0772735724875684 0.0702775480418799 0.0599758509512375 0.072436979423055 0.0858631996908326 0.0969936014376022 0.144191729004004 0.219073260669363 0.315305749995688 0.414121060327096 0.512047460956343 0.581227917596459 0.623856642113682 0.675680460099243 0.722305985987263 0.731150631396075 0.724654030231204 0.701127834727893 0.673447624773282 0.644502659889452 0.614153872564734 0.584735501442901 0.556560565664162 0.531415620458859 0.507657202454954 0.489086156310119 0.470418482063286 0.451594539270579 0.432270455547965 0.41279233502192 0.39657236940024 0.38187120198382 0.370169221937037 0.358773298512504 0.347539155901996 0.33944353306233 0.332895633026293 0.329913127346344 0.326125972900507 0.321820632599317 0.314514241691707 0.307396806875172
0.201569804029511 0.1387757144798 0.0869543855593889 0.0836365684500537 0.0711678826763091 0.0441115181586555 0.0439307911412038 0.0545863307608368 0.0429768054345671 0.0341374327813293 0.0306857950261738 0.0667745480597685 0.123451730051662 0.0842141101275701 0.0583619414665761 0.0704724060049887 0.0817817729895779 0.0925825621817314 0.0989407905527101 0.101950369879572 0.095811350014645 0.0923656580553749 0.0909872016394863 0.147322721793593 0.233699297543613 0.40887505191068 0.505441009903297 0.529397550151321 0.61063491549216 0.689966802488871 0.698964803106584 0.70062651002179 0.694144543272584 0.672094463828845 0.645735411684641 0.617603110093491 0.589580031864322 0.561702922920898 0.537365638143745 0.514605211109628 0.497277169700931 0.478838224544916 0.458602707691747 0.437411621069161 0.415867094039239 0.397346651184576 0.380726850266258 0.36786026769515 0.354749293509101 0.341509134487528 0.333493728592826 0.326267585856171 0.320606401399236 0.315765405174697 0.311452602068411 0.306052752296838 0.30131041804835
0.32170484581772 0.215610501704899 0.102857991940091 0.0773830940431529 0.0538240867304453 0.0333192590127231 0.0245446800196875 0.0207013579399336 0.0162985535025952 0.0129463036864119 0.0116373021900203 0.026309863518642 0.0493039225437154 0.0639825951155048 0.0774977230327547 0.0887138277345765 0.0877520237213781 0.079059059000962 0.0966049148276098 0.111093886545725 0.110275653420649 0.106778380102893 0.101224837625774 0.0921930389714357 0.111410111639942 0.24416294151682 0.376604617158064 0.508758889334091 0.600498941240247 0.669869918323009 0.660465805201626 0.650852634394926 0.641007398510775 0.625283322249414 0.607936643892283 0.589957211774852 0.570582900164239 0.549344430926316 0.532752390786279 0.51770219144135 0.502068581193587 0.484414708807602 0.46349363547183 0.441973996415847 0.420221858659235 0.399762924906748 0.381215956040085 0.366444565072375 0.351497269054708 0.336456990039437 0.326479548071552 0.31789347903374 0.31235603133928 0.308297884274123 0.305192392198837 0.300012989646508 0.295411498434182
0.422901895059914 0.294015043679761 0.145288084622457 0.0962830140924892 0.059074399270701 0.0406708741620847 0.0257043018676832 0.0126218459529906 0.0193289332690913 0.0199839032875534 0.00886796844246214 0.00430406681640671 0.0031517670428275 0.0429687598832346 0.0743466062206853 0.0829622723671041 0.0768763931094003 0.0614572192094446 0.0912679122002564 0.116118962553013 0.115524386983646 0.112617922541538 0.107936992079144 0.0614941663822852 0.0407335748485339 0.143267999316857 0.296426794524903 0.496345742444556 0.587716465338423 0.644635986912501 0.628748624423049 0.613327201854571 0.59842299721895 0.578159516313078 0.558606476807185 0.556197073825223 0.549958118438532 0.538601237554079 0.529893669307247 0.521648413016032 0.50698043751933 0.489738754511102 0.468334829649684 0.446544626382441 0.424584848405961 0.402402305935056 0.382286092534951 0.366250281672325 0.349077885242733 0.33130469234325 0.320103522956138 0.310979763160395 0.306476759591092 0.303249387731703 0.300843510090336 0.295928136057017 0.291466249745274
0.49436186794646 0.374884467649898 0.229370963189228 0.154679644774244 0.099802745061155 0.0765126143336977 0.0591255284561292 0.0450629412768595 0.0690088112383453 0.0713472073485487 0.031660720837195 0.0112830400559543 0.000959331102355044 0.0207264989840798 0.03619984785927 0.0395361329484979 0.0395487899041858 0.0374514373473426 0.0812184386165202 0.114677123757091 0.106302521119779 0.104995568423813 0.109113316202026 0.0691573782413173 0.0511009651702764 0.142580932834034 0.29265430425543 0.496848575701176 0.570778363044437 0.61133569018975 0.607680482249126 0.595034688876115 0.572408870604652 0.530544754229602 0.491169316574715 0.51283615003086 0.526777545597444 0.530394440706086 0.529789963698466 0.526928141910718 0.512081420395283 0.494666412651805 0.473097930443388 0.451128218032374 0.428960753524842 0.405392017600674 0.384268583117748 0.367973912042714 0.347965941926379 0.32599513062984 0.314729551040646 0.306359202543951 0.304320666599705 0.301999325044922 0.299495859471055 0.294912946787506 0.290588721213986
0.508290219207924 0.438051052071424 0.350707597581267 0.236832131137018 0.151805075075495 0.112766149580464 0.0958186039534682 0.0879766992756568 0.0708450351143933 0.0500728431183309 0.0222201031604411 0.0364691965908938 0.0726404457825546 0.0495439276108412 0.0340894982036495 0.0405798143828954 0.0381688698592199 0.0301069487515068 0.0612340403391118 0.0879425603191202 0.0922354993925956 0.100921394606261 0.112979057161898 0.0929634886694745 0.0833157818341147 0.131354516015179 0.216074207079118 0.33467495425079 0.442182362050269 0.536039558359895 0.567609551795605 0.579641428087055 0.5699849619413 0.522006663464999 0.474645323710307 0.513751357591388 0.536432388903051 0.537162567852183 0.536241118902678 0.533842633746952 0.518078492445811 0.499847712851329 0.477627845493279 0.455929521470686 0.434428106795845 0.411492895052115 0.39031603357462 0.372611405532501 0.351220456852392 0.327880927712913 0.315544029902157 0.306428021531549 0.304419385552722 0.302298535811191 0.300105421515143 0.293363277808129 0.287684296090807
0.490726229103651 0.492481760713953 0.484154549641609 0.328329882162348 0.210006744249646 0.151465938024192 0.13606247256077 0.137057864127507 0.0571577187805944 0.00437037689448332 0.00431536229585478 0.070933580052583 0.172268124086971 0.098738578318655 0.0473468355690709 0.0597160800544759 0.0511409506815121 0.0292692591482999 0.037487841707364 0.0513751122584045 0.0755672625206914 0.0973637077926424 0.117321354863647 0.122438394340742 0.123496908244122 0.116221889973333 0.112125271561149 0.110964441991278 0.268745967490318 0.439992966420556 0.517616761592739 0.56390654659027 0.575413924584044 0.528898906057524 0.479698021046311 0.532119707503823 0.558275759207841 0.549329650760261 0.545011503797503 0.541357120599493 0.524381746268615 0.505084863132768 0.482033598013995 0.460793027326413 0.440310178609343 0.418859865470714 0.398038818596648 0.378460390673721 0.356356478663489 0.332917601676998 0.318810708354223 0.308084694116187 0.304974002357229 0.302831752758372 0.30131317034247 0.291543452283709 0.283970040849575
-9999 0.492481760713953 0.488722483457501 0.400612682204069 0.327547970233333 0.27846709380632 0.261496169070719 0.2571193414603 0.210122125068069 0.17832139692995 0.176076675178065 0.172766721644311 0.168902108724858 0.117923506504692 0.0776852185323072 0.0661137212842111 0.0432092292814838 0.0131099712649464 0.0274612071996299 0.0398042466333394 0.0358430788552927 0.0568162854264738 0.0969276091197671 0.112407497225801 0.121631039990854 0.118920487761209 0.116453967532971 0.114212852055163 0.150099357830672 0.213788451213945 0.388068703022154 0.488315735017294 0.506381981055454 0.506436263410698 0.50363818892732 0.516050832074641 0.525291674683866 0.530293630568969 0.538415721943876 0.54587691617821 0.528162533331281 0.508412284823142 0.48536960109281 0.464570804233564 0.444741215053377 0.425347752437146 0.40543150824134 0.38448292156244 0.364316319888802 0.344563073658277 0.317760139210153 0.295980385324444 0.286976455232867 0.287543162281817 0.294273265091954 0.287831733291346 0.281411236871623
-9999 -9999 -9999 0.421279419325734 0.40913528525961 0.377631816809354 0.363169462976116 0.355404190079928 0.32562172611173 0.306983148047171 0.310018575017711 0.269200781623355 0.205548896454364 0.154498185186644 0.108892009346925 0.0756248585027202 0.0403322047101587 0.00375365781615092 0.0171451185060307 0.0256776650619078 0.00798210294995899 0.0288597874193458 0.0793439621304487 0.101927935348448 0.117349409196323 0.11895288677881 0.117974448641922 0.11461117546289 0.0761067951657324 0.071815335093243 0.289592343351617 0.418227526666858 0.447910573982028 0.478757353176407 0.504073408413884 0.482155883568268 0.480875099586403 0.50717385783167 0.530495549904149 0.550220455916559 0.532201025266036 0.512291028526602 0.489323577408125 0.468853397628899 0.449475053129464 0.43129562160349 0.412160416936697 0.391137836631552 0.372370253398248 0.354794656338052 0.324501617184779 0.299112393236911 0.286603099963995 0.286117937120505 0.293376195475889 0.287787203633643 0.281337509500046
-9999 -9999 -9999 -9999 0.421900873823866 0.423513007885346 0.419361420216499 0.412004973054024 0.369407499374682 0.34895375502576 0.371567869155776 0.355300107271708 0.318786800866893 0.22435971973499 0.141761076281548 0.0910957415061542 0.0471307050881369 0.00741936153310615 0.00627496667236038 0.00665902087220341 0.00282926692939159 0.0250043991125874 0.0671393084875513 0.0905895549801561 0.108443609726264 0.113881740797412 0.114119542484434 0.109553962073088 0.0875894569160793 0.0910750349037613 0.250592349546878 0.358672210113905 0.40965377866726 0.441093644863197 0.459516272803872 0.414138885678625 0.414574848469378 0.476237107937342 0.520040276210954 0.55422661285259 0.536732806908156 0.517225093661495 0.494460456609684 0.474102293196599 0.454788503563107 0.436209807469951 0.417618739214352 0.39900323951473 0.380604295086983 0.362319821268981 0.34615836087326 0.331409228913123 0.319965360061961 0.311229483903111 0.304237528283307 0.294762280315108 0.286020629377821
-9999 -9999 -9999 -9999 -9999 0.442863175600359 0.438400452161323 0.431182523865003 0.384243051948797 0.375944128504442 0.442798113962748 0.44539797607141 0.414541126512003 0.314241027911479 0.224238271949639 0.163178869197723 0.104792670946002 0.0481035599428303 0.019732186972381 0.00013054428149005 0.00065750417879346 0.0235120549400027 0.0635039135407111 0.0843410816283431 0.101290983071591 0.112828362677692 0.110272387279484 0.09469881931487 0.081333841601677 0.0882127666794802 0.202390128688908 0.258411707879572 0.249877295151245 0.286408670704697 0.32342196472665 0.268522917079678 0.268557995871015 0.342008643032317 0.422282740528583 0.500571294772397 0.515910079277475 0.517542373838158 0.497008308837218 0.47817043270159 0.460039035856319 0.440821355874638 0.421459978729736 0.401814841230435 0.384141005442394 0.367509195124004 0.35591460634204 0.345389740774851 0.337128750150401 0.32816593108941 0.318751141449311 0.307065938463986 0.297478667710393
-9999 -9999 -9999 -9999 -9999 -9999 0.438400452161323 0.431182523865003 0.384243051948797 0.395257875125972 0.518989365946823 0.537544899963966 0.501335984981523 0.414381477369634 0.332137173719357 0.264272965110802 0.188519640740765 0.107757901279339 0.0456559791910955 2.65924639815043e-06 1.33936592186815e-05 0.0232306537120086 0.0642598387593706 0.0807009332337715 0.0950367705517787 0.113833891361591 0.106429204053368 0.0748227235965702 0.0659882388638009 0.0740140867797703 0.149472222768826 0.137291816395466 0.0278279971210775 0.0717561004301927 0.140419394732556 0.0831413238235406 0.0816903378498723 0.154848296018959 0.279787124556584 0.417367329954804 0.482094422876045 0.51549378065215 0.498229413120349 0.481633493273544 0.465257325722427 0.445277817586781 0.424472543514304 0.402036620446164 0.385270566411879 0.371501591875427 0.359572436572672 0.349984044916959 0.345991022597956 0.340913045104014 0.335136367196702 0.32210023039127 0.312408515809177
-9999 -9999 -9999 -9999 -9999 -9999 -9999 -9999 -9999 -9999 -9999 0.539461006686585 0.503140800647384 0.512469169673023 0.500304884344647 0.433697948626086 0.359465787460438 0.280392742302329 0.140566392292189 0.0277103796118045 0.0107027407917591 0.0158955033480263 0.0381279507885838 0.043853004489074 0.0516688474210603 0.0763391040551974 0.090146407605582 0.0939199401150019 0.082633127745818 0.0745666851734068 0.0997168470800316 0.0874296988345818 0.033585158108013 0.0970448536348785 0.177195998783755 0.14303332655949 0.140801431237633 0.181242757222344 0.191502967509462 0.198679553979528 0.310920429157281 0.38373878932079 0.39280241386823 0.409906603892069 0.430060072199488 0.428842442336 0.420398369291271 0.397684160133975 0.382358439166946 0.370938255760451 0.363460453110846 0.356280663254265 0.349554164396996 0.343497238765618 0.337871511676371 0.329763476398263 0.32393675758234
-9999 -9999 -9999 -9999 -9999 -9999 -9999 -9999 -9999 -9999 -9999 -9999 -9999 0.638651279186857 0.619386997273842 0.553783947085199 0.487078644099919 0.41967357453647 0.240829883558285 0.0920637472166235 0.0602190640455342 0.0364291743430257 0.0188216567601084 0.0191838520553188 0.0264068723503913 0.0514193836619964 0.0781519064222225 0.106473150125109 0.0955721470892675 0.0788121314118028 0.0714234021265976 0.0594302575314145 0.0423259686417951 0.103785890131656 0.176918407451821 0.177483697081301 0.184271005144099 0.199373600066031 0.128768435644819 0.0432542266773812 0.166210412306924 0.254392933358472 0.28633891570185 0.331162810720291 0.380945848617119 0.400579828386198 0.407407856017944 0.38894783038925 0.377708868481285 0.370286943951206 0.366845645493368 0.361977173653622 0.353340690495731 0.346578569572816 0.34102351941064 0.336767586883379 0.33377861414914
-9999 -9999 -9999 -9999 -9999 -9999 -9999 -9999 -9999 -9999 -9999 -9999 -9999 -9999 0.619386997273842 0.553783947085199 0.507856780344519 0.474420873027148 0.350286260461416 0.24166308299169 0.200967356273197 0.123208972408055 0.0170035353546223 0.0249770475549069 0.0458173333335334 0.0581647165895837 0.0769210617613755 0.101597165214089 0.0981429513457563 0.091048162849698 0.0937149330859278 0.0795443280966465 0.0466833469089657 0.0546262860065327 0.0779964847910153 0.139465992418338 0.17840810800692 0.187243960009523 0.123720568398056 0.0442066575749146 0.0909673818236325 0.137255529438561 0.182779418397373 0.239603707567214 0.300956087599883 0.345402298087763 0.373691709852962 0.370076115084032 0.369154281221297 0.36965636306734 0.369030422463271 0.36616934103592 0.357921440106922 0.351345578967523 0.345846494932976 0.342583353109806 0.339804036606696
-9999 -9999 -9999 -9999 -9999 -9999 -9999 -9999 -9999 -9999 -9999 -9999 -9999 -9999 -9999 -9999 0.52127240338935 0.516458871082159 0.464701022399406 0.414091669453483 0.377748517827745 0.261969117473351 0.0852192588023499 0.0543084361851762 0.0445013260998508 0.0423133741615667 0.0546523118955722 0.0804092846505628 0.0839824896141004 0.0852300121887168 0.0971281503169565 0.0907725766935036 0.0641544184874276 0.0401547382207666 0.0257920201678294 0.0838529323623524 0.12364441849817 0.139020110939715 0.118631568922712 0.089919673082482 0.117485259548306 0.14592830072554 0.175790376003485 0.218466148248871 0.266188882922813 0.290004824334788 0.30879252719756 0.317650912593362 0.338851310411766 0.366575667103452 0.370240342457366 0.370042335763163 0.362079835899191 0.355830028639117 0.350683178494657 0.348478779194932 0.345891316594422
-9999 -9999 -9999 -9999 -9999 -9999 -9999 -9999 -9999 -9999 -9999 -9999 -9999 -9999 -9999 -9999 0.534316207638267 0.550827355159025 0.582216400630383 0.600796022346945 0.57706203637606 0.433234021586408 0.197229096439627 0.0983589127070398 0.0302244808922406 0.012331701135513 0.0192279738311509 0.0490211213187382 0.0593595011604534 0.0681220785079069 0.0887362320616183 0.0964442732723093 0.0898258478147055 0.0473745984038667 0.00280128351050332 0.0172370064077032 0.0383017012412149 0.0682255474614225 0.113516848318976 0.16362272908706 0.20763706803078 0.233273679389222 0.229189529324901 0.241365142093741 0.259700602535214 0.234469813812503 0.224393723127674 0.244243779832591 0.294948469502241 0.361962845924721 0.370840657226923 0.373715742937688 0.365974122082555 0.3601377858443 0.355528434075219 0.354424018808868 0.352017277818992
-9999 -9999 -9999 -9999 -9999 -9999 -9999 -9999 -9999 -9999 -9999 -9999 -9999 -9999 -9999 -9999 -9999 -9999 0.59005611695057 0.621121481235653 0.629996974389963 0.519248297674572 0.316683345903028 0.159974974852005 0.035007385403679 0.0117283299942098 0.0214091864194616 0.0615340856689996 0.0745589221808342 0.0826339070192319 0.0923017890098413 0.0955521057491199 0.0916785859510142 0.0590537222862635 0.0239798414782396 0.0302133899698769 0.0394599130246868 0.0527330631395986 0.113104732985073 0.187088574866712 0.225693090478927 0.249371506323233 0.248911189665611 0.253075550782062 0.258472232449315 0.223348111366458 0.20959769028591 0.238054147556508 0.297681126363512 0.37378476988282 0.3784934945029 0.378367039059189 0.371405229489347 0.36457013962197 0.357816655990998 0.358230672627586 0.358929475605236
-9999 -9999 -9999 -9999 -9999 -9999 -9999 -9999 -9999 -9999 -9999 -9999 -9999 -9999 -9999 -9999 -9999 -9999 -9999 0.655091203843138 0.665143895580479 0.578723087287916 0.418255057401057 0.21371722655439 0.0403330144838045 0.0130839235050923 0.0254390680695546 0.0743754100882345 0.0888480735708377 0.095338166035543 0.0947155069541969 0.0931539464835767 0.0905501558586896 0.0688511970137034 0.0448060581211027 0.0423710136886097 0.0421303666371803 0.0448223762311835 0.104774449975473 0.181858931722593 0.224454908448624 0.250700503986258 0.250503995829809 0.251016019213885 0.25121120711827 0.217829711822437 0.206448015510997 0.238509562034617 0.303188419179246 0.38510871035929 0.385888761109895 0.382959274882471 0.376627874466441 0.368649659675936 0.359610912698695 0.360850319166184 0.363863243042603
-9999 -9999 -9999 -9999 -9999 -9999 -9999 -9999 -9999 -9999 -9999 -9999 -9999 -9999 -9999 -9999 -9999 -9999 -9999 0.65086789724939 0.643872632664787 0.577288722282763 0.4649681727356 0.240262312697573 0.043216748324174 0.0140193991559785 0.0269682885438787 0.0788463443057227 0.0919454194517836 0.09592422659118 0.0911515115675275 0.0876670851310525 0.0856127271003687 0.0720935218157485 0.0551769221619094 0.0351405791759849 0.0308858119856884 0.0477220028560583 0.0718539866131804 0.101841261738299 0.181090495080242 0.223204051500925 0.205261184246373 0.210317442424935 0.224858398847456 0.219546279298537 0.223171980863364 0.244447295196756 0.30703067413149 0.391449399310127 0.391014895638667 0.387167327768429 0.380902234334724 0.371651530921584 0.360478124179335 0.360389192513226 0.36273570140265
-9999 -9999 -9999 -9999 -9999 -9999 -9999 -9999 -9999 -9999 -9999 -9999 -9999 -9999 -9999 -9999 -9999 -9999 -9999 -9999 0.628486231339653 0.570365236731733 0.467634083213029 0.251900115745822 0.0620459652165168 0.0333192297628802 0.0328912470198844 0.0586019397599059 0.0803258819780463 0.0969735937319711 0.0903127337811428 0.0845689481215203 0.0798431633839503 0.070952520128163 0.0587096323748966 0.0281921995341815 0.0172277001738664 0.0323943112513541 0.038352837390341 0.0468999376720813 0.139068584535726 0.184544359140245 0.154507657563073 0.163703555150999 0.1899992627147 0.232254544077846 0.264406692154578 0.276608072814388 0.320024744158581 0.37994174508189 0.387704579776614 0.390386679714263 0.384288657841229 0.377340212260505 0.369844102214164 0.370907987789565 0.372447473761403
-9999 -9999 -9999 -9999 -9999 -9999 -9999 -9999 -9999 -9999 -9999 -9999 -9999 -9999 -9999 -9999 -9999 -9999 -9999 -9999 -9999 0.559289710480711 0.436982126873882 0.252261859975692 0.0929365485990827 0.0665100923792287 0.042137684886735 0.0196625381555111 0.057574306474722 0.0983734118752604 0.091535345300777 0.0832776726320206 0.0734441621856928 0.0664959144500671 0.0570698759297697 0.0214571697894143 0.00174394298266263 0.00327924396262054 0.00441244998594792 0.0109266810747327 0.0980621602276584 0.137440649943201 0.0995857557840793 0.112615251678422 0.148705831835623 0.253277068706887 0.324181643885894 0.328604295280959 0.339941363681895 0.354933376725118 0.378012825377475 0.392858165675152 0.387003434973368 0.385061230977916 0.385638655525816 0.389732135872816 0.390358241297342
