layers/veg_sum/veg3600.asc
NCOLS 255 
NROWS 330 
XLLCORNER -2985163.8955 
YLLCORNER -3022031.214 
CELLSIZE 25000 
NODATA_value -9999 
[rows 75 to 99 of 330, columns 171 to 227 of 255]
0.842748806890619 0.844273581487888 0.839430798899771 0.829078872795507 0.816414570256975 0.814614355289286 0.811562852222345 0.805963562800366 0.796776302566068 0.785634836683356 0.77661989144147 0.768388358970773 0.761944730618701 0.754810822180362 0.747219549465908 0.739685823643303 0.734164798550543 0.735088355742387 0.735498823916413 -9999 -9999 -9999 -9999 -9999 -9999 -9999 -9999 -9999 -9999 -9999 -9999 -9999 -9999 -9999 -9999 -9999 -9999 -9999 -9999 -9999 -9999 -9999 -9999 -9999 -9999 -9999 -9999 -9999 -9999 -9999 -9999 -9999 -9999 -9999 -9999 -9999 -9999
0.834853501139866 0.835227769303194 0.831226995034702 0.822684387383325 0.812201176833039 0.807689189205675 0.802536534786297 0.796079398919525 0.787393301424028 0.777493189201882 0.771346470853016 0.763490412364588 0.750973322783364 0.74252146016567 0.736763126775329 0.73192104844252 0.72862776603403 0.730048624151982 0.730774781186125 0.730945181469563 -9999 -9999 0.714569128025548 0.714569128025548 -9999 -9999 -9999 -9999 -9999 -9999 -9999 -9999 -9999 -9999 -9999 -9999 -9999 -9999 -9999 -9999 -9999 -9999 -9999 -9999 -9999 -9999 -9999 -9999 -9999 -9999 -9999 -9999 -9999 -9999 -9999 -9999 -9999
0.827573118132667 0.826097684874409 0.823080505635644 0.81638354086338 0.808073699485547 0.801061560630239 0.793796152558626 0.786015055211429 0.77646848776811 0.765960348502051 0.7628239240096 0.756147057718305 0.739852548879663 0.730731709328587 0.726363983949677 0.724783428883383 0.723906656429622 0.724505780788978 0.720399679574865 0.712529425782055 0.705326900142488 0.701014129203983 0.708485239349294 0.708168750256421 0.700359246626445 0.708732708024019 -9999 -9999 -9999 -9999 -9999 -9999 -9999 -9999 -9999 -9999 -9999 -9999 -9999 -9999 -9999 -9999 -9999 -9999 -9999 -9999 -9999 -9999 -9999 -9999 -9999 -9999 -9999 -9999 -9999 -9999 -9999
0.821518624688052 0.818667912858123 0.815217721589746 0.80786613413035 0.798825765396656 0.793012173489945 0.785763038655873 0.775590950519053 0.759129458779232 0.7392424129619 0.740768399104863 0.739878536133314 0.730942596175694 0.723533325308404 0.717135591521872 0.718892330775392 0.72023394812566 0.717951488441509 0.715152594367864 0.711940555842674 0.705326900142488 0.699714733070631 0.700404447577568 0.700218692461511 0.699190584469908 0.708732708024019 0.718764841799961 -9999 -9999 -9999 -9999 -9999 -9999 -9999 -9999 -9999 -9999 -9999 -9999 -9999 -9999 -9999 -9999 -9999 -9999 -9999 -9999 -9999 -9999 -9999 -9999 -9999 -9999 -9999 -9999 -9999 -9999
0.813328814693236 0.806824858721381 0.797277983550381 0.780863281592344 0.761817018873627 0.778207439614881 0.783681389821404 0.766927977128725 0.743101356692586 0.715422279464657 0.722171522102359 0.726514398831305 0.721656692639519 0.717153995678991 0.712886519961691 0.71660517805395 0.718948410203731 0.714632302773279 0.710922871125958 0.707698776510378 0.697492723308888 0.688114621486255 0.686492099603407 0.688170839700657 0.69302596359105 0.702930194673228 0.712587091985456 0.714629135046032 0.721302154012696 0.733330754632972 -9999 -9999 -9999 -9999 -9999 -9999 -9999 -9999 -9999 -9999 -9999 -9999 -9999 -9999 -9999 -9999 -9999 -9999 -9999 -9999 -9999 -9999 -9999 -9999 -9999 -9999 -9999
0.803247128707342 0.791071666537543 0.770410132570744 0.737482449358777 0.70021238068667 0.7574175143181 0.786872698700562 0.7598253541357 0.728234726956331 0.69416957893718 0.706638983699774 0.715723526319155 0.71203769921407 0.711500342688545 0.713049092942195 0.717511096518753 0.719777889060909 0.714179399696475 0.707594523689815 0.700220544214053 0.682717518897925 0.667388145826786 0.66741303235806 0.672492368373342 0.68243495714501 0.691986693820966 0.701432628923336 0.710735373107048 0.721302154012696 0.733330754632972 0.73595601831235 -9999 -9999 -9999 -9999 -9999 -9999 -9999 -9999 -9999 -9999 -9999 -9999 -9999 -9999 -9999 -9999 -9999 -9999 -9999 -9999 -9999 -9999 -9999 -9999 -9999 -9999
0.799804595578517 0.783447747549408 0.75005375742932 0.725659982254014 0.705694905928423 0.724741247736774 0.730332679475141 0.708528153156353 0.700290707065585 0.699442636808934 0.711018440096793 0.718609576654254 0.715002627447393 0.714355634821414 0.715669843779955 0.713638541696064 0.710500854616124 0.704751822944803 0.696124463953446 0.685194460161136 0.674242019147026 0.664862429328406 0.662132211901259 0.665252520177774 0.674002043929615 0.686982523740492 0.699829158606897 0.706725303044014 0.715963879293617 0.727911406117393 0.709377501324444 0.685822146244269 0.693741667396279 0.711660522387478 0.743513190078219 0.752765950773391 0.755153782838428 0.779477483183114 0.794755576263661 -9999 -9999 -9999 -9999 -9999 -9999 -9999 -9999 -9999 -9999 -9999 -9999 -9999 -9999 -9999 -9999 -9999 -9999
0.793567673712425 0.772979483003524 0.731573993585171 0.720520996446709 0.722614703721275 0.700314659491362 0.680410119843598 0.665383141080069 0.678209963312304 0.70620749291172 0.7157524637325 0.72084387597246 0.716347583764936 0.714816837647575 0.715250996599618 0.708053627100174 0.700631298877671 0.694631437898888 0.684435024610581 0.670881394340668 0.667151034138474 0.664330228705364 0.659349530485047 0.660250709764538 0.66681127035829 0.681737505493362 0.696704630270639 0.701697695213383 0.70939332594792 0.720214391162301 0.704962632213259 0.684570211259526 0.683472055699898 0.698979847400125 0.737627596475358 0.750308752941758 0.754652364959621 0.776294991679563 0.769812682359921 0.715827162017541 0.743049841445991 -9999 -9999 -9999 -9999 -9999 -9999 -9999 -9999 -9999 -9999 -9999 -9999 -9999 -9999 -9999 -9999
0.767364560414687 0.740957939980955 0.716662882227025 0.720585738726202 0.736705133235623 0.727913608367351 0.717245052362785 0.702754615274331 0.697257717663935 0.69665919480812 0.704403671679637 0.707542414651138 0.698282532538851 0.695641782583419 0.697386722795881 0.698169150368605 0.696856165202186 0.68908740285906 0.678948551682095 0.666913643481649 0.661351291220311 0.657467814783501 0.656715762664727 0.658901130877065 0.663912804420407 0.669957432592655 0.677386515934328 0.691672494826616 0.701432459022761 0.705958225986574 0.695612643720268 0.677041094004322 0.621710772909865 0.622718468000706 0.702231729363688 0.735531203932377 0.751636845743845 0.757155537965168 0.747016507489509 0.710431475346026 0.743049841445991 0.806266521236735 -9999 -9999 -9999 -9999 -9999 -9999 -9999 -9999 -9999 -9999 -9999 -9999 -9999 -9999 -9999
0.742852636314055 0.717025229624606 0.701938684548248 0.709630185692274 0.727258613690937 0.732768925549429 0.731630225975498 0.716953268815546 0.69763665074755 0.675793018936273 0.686430047370641 0.690952421818783 0.677076088761622 0.675698885495508 0.682603328423001 0.687273363232005 0.688610456934754 0.679876740118316 0.67058708175618 0.660852673451631 0.65511848885753 0.651298413606588 0.65311156696822 0.656956618456564 0.662756706630247 0.663697388037996 0.666040070288883 0.682536636819374 0.691780434108918 0.692636626135036 0.685522014033076 0.66790308134797 0.575586860050675 0.570158377128741 0.685805707043884 0.729907624248925 0.747133018547326 0.743434795232916 0.734719966446932 0.717532056406699 0.751666306376089 0.808434521573659 0.81105386408559 -9999 -9999 -9999 -9999 -9999 -9999 -9999 -9999 -9999 -9999 -9999 -9999 -9999 -9999
0.720141505096069 0.701705578244258 0.68741351417171 0.686940126904029 0.692749747238369 0.713406627014692 0.722110702156899 0.706477302524592 0.678136861495202 0.642875468938689 0.661402244383121 0.67086077219394 0.652524663028868 0.65493838358033 0.671100481111845 0.675300724030217 0.675604442179853 0.666761820492284 0.65916429016415 0.65256282554597 0.648424561052979 0.645866938393739 0.648474051276796 0.654378615665054 0.663455897511951 0.663315117403953 0.663181926405237 0.674347758268967 0.680327649543424 0.680310159522908 0.674642743197163 0.657051902954594 0.546113753927343 0.542835623251858 0.689578939511523 0.734031270268138 0.741044428141879 0.735483942815987 0.733603526306087 0.737938771417542 0.769457657679782 0.812847162927024 0.812830572055733 0.812819389249126 -9999 -9999 -9999 -9999 -9999 -9999 -9999 -9999 -9999 -9999 -9999 -9999 -9999
0.736626392596446 0.708779154497449 0.682821996492097 0.665734660789885 0.653084422602933 0.685206875877423 0.701990014287751 0.687540299824423 0.664808426202905 0.637565634557077 0.652357322963966 0.662351136363286 0.656409974779309 0.657641741487835 0.663626131401633 0.663953864060636 0.661911711931224 0.65385186006958 0.648436625753358 0.645137069803208 0.644637602891514 0.644679855575222 0.645298079229318 0.648275184176977 0.653521940050858 0.655343747275197 0.6570743092138 0.662451425396747 0.660880121368549 0.651273182398808 0.629503443608759 0.599900924544034 0.530264490469885 0.546787311293225 0.683370822096597 0.719503916169513 0.719263154782644 0.713555471402963 0.717732339990686 0.738604285051188 0.760058544876423 0.781729281007915 0.797745411989208 0.809111686210381 0.810862977634289 -9999 -9999 -9999 -9999 -9999 -9999 -9999 -9999 -9999 -9999 -9999 -9999
0.756818679402798 0.717431582078015 0.681183059168458 0.648646628228106 0.618544680156731 0.657533922830577 0.679277149666842 0.6659052308736 0.652817799487268 0.639885315542419 0.647381364619825 0.65557281678422 0.663672516540293 0.663154110917914 0.656925539804278 0.652215118505712 0.64699435311672 0.639708762444399 0.636341153240038 0.636107905994659 0.639753929680408 0.642771863809913 0.640771631097123 0.640341568816172 0.641422281488022 0.644819248438802 0.648303698367968 0.649473160839534 0.641135550311134 0.621803301337039 0.585359384538444 0.546250426262067 0.526199404335887 0.561467356563645 0.673820866388337 0.697520757274461 0.689664150373238 0.686568379231804 0.697246236502624 0.731187847194794 0.74365459881442 0.746708173661807 0.779618294219748 0.80332523065005 0.808001805150452 0.805495129573625 0.799017477250434 -9999 -9999 -9999 -9999 -9999 -9999 -9999 -9999 -9999 -9999
0.733532883479896 0.697303447759153 0.683236904998287 0.658977192696478 0.630748748921011 0.649622963022444 0.656707320690853 0.639785987450966 0.639492722236392 0.648256014657596 0.643365370222249 0.640593959959388 0.644416236881561 0.646948664966489 0.648626467818151 0.636485612272461 0.624363426879799 0.616184439211854 0.612997678533058 0.613804669864921 0.621621039449014 0.627953125654641 0.623743904424542 0.625379925466127 0.632640078409604 0.629299892907466 0.625921735510189 0.63526309416324 0.633614746970666 0.619257141902648 0.610174600797446 0.601546156211686 0.583727223736709 0.598243831006446 0.65781917534681 0.654629412010795 0.631185381348736 0.647778055942718 0.669598870775729 0.700250050544739 0.725013759816402 0.747134202577837 0.769619551912667 0.786669272942893 0.792479191257192 0.796164806659811 0.798676084906709 -9999 -9999 -9999 -9999 -9999 -9999 -9999 -9999 -9999 -9999
0.717898349385924 0.682649566121181 0.671232736508202 0.655547526447412 0.638168054701885 0.637691434459174 0.633528929689382 0.621861481565663 0.629377435744617 0.647341722726877 0.635830511134712 0.627423526045882 0.629532844258695 0.632432696229434 0.635856338335702 0.62228629053367 0.608746018809016 0.600076829986247 0.598600419546635 0.602878189193867 0.608403467746806 0.612096694650719 0.60729909530982 0.611049972970226 0.623025960896552 0.618262664630135 0.61292089332023 0.624624447203848 0.626380809693095 0.61663355030717 0.622218228190573 0.629892162922208 0.617796178647637 0.620689049405556 0.644468501405992 0.620590224214384 0.5840638616838 0.625915295700904 0.661411095227118 0.686172184246637 0.712311236331616 0.739012257310497 0.75854414909226 0.77331131405101 0.778225967674389 0.782161509973667 0.785555789159686 0.789882675853723 -9999 -9999 -9999 -9999 -9999 -9999 -9999 -9999 -9999
0.712065720630447 0.675008659307072 0.64121907772856 0.634489855570644 0.639457679538743 0.62060922157404 0.609570919913942 0.614435118785461 0.623374159255966 0.634532581902542 0.623787692528715 0.616569832898163 0.62025148509643 0.620081088887537 0.617358410834864 0.610047262913741 0.602113513188486 0.593470650752723 0.595664009971885 0.606526282306652 0.601482829545088 0.594910892452829 0.591601052264542 0.59752926920923 0.612346091521869 0.612967415655185 0.611938050097092 0.618561087141149 0.619514371797483 0.613910761647196 0.617900383726587 0.62371332366688 0.621812369162368 0.624774732049293 0.634514001750262 0.597891389352623 0.551491926860828 0.625738157296442 0.678152679713236 0.69369329665536 0.707216190911523 0.71993964329667 0.746089454245353 0.764178367048215 0.765598939082543 0.773601471431932 0.785242581176733 0.789882675853723 0.793024333490181 -9999 -9999 -9999 -9999 -9999 -9999 -9999 -9999
0.688254704374824 0.659497956542462 0.624712325948567 0.629366676711279 0.650883857537825 0.621524275854473 0.601922832892954 0.602190237641955 0.607818787695854 0.616367311457683 0.603534365650077 0.594419386367872 0.59663935259353 0.593010133431576 0.585505373755138 0.576321392463099 0.569774200116419 0.572162968497162 0.578479726912325 0.587938854080334 0.581403985518442 0.575544478303127 0.582298723818244 0.588243354088241 0.593408994760083 0.599573411165121 0.605650870212709 0.609999010107657 0.607409435567939 0.596796606988948 0.582420633863719 0.570569329246359 0.590975996026842 0.604969583241105 0.61002671019311 0.582740928122014 0.548887701107286 0.603644929423482 0.650342990952958 0.68342906417433 0.704841614478984 0.721045294636905 0.741987435322209 0.757105375080612 0.760180020903546 0.76415520473935 0.768628215529508 0.774552524470159 0.774289579675374 0.757973051184618 -9999 -9999 -9999 -9999 -9999 -9999 -9999
0.659279228684575 0.640991587211962 0.612568100635607 0.628245153670092 0.662607709636003 0.625261099035197 0.597077007014482 0.587549002133143 0.58826708981838 0.594565761353132 0.578828870717957 0.566909787337934 0.566637270121583 0.560279857694225 0.549890728650977 0.53743082159874 0.531210299758626 0.54560007869178 0.555389971300765 0.56149998210632 0.557311321175431 0.5561975070261 0.574343544449059 0.579843194527174 0.573174837326212 0.583873136181409 0.596510480510051 0.599314526265508 0.59302446708248 0.57621735435561 0.539445046374651 0.505657548282242 0.549091660955711 0.576286259164431 0.580851514606686 0.568969738166326 0.553370638163434 0.576197482995507 0.611347834715119 0.667312674595519 0.702117420857519 0.727308375304562 0.739608323771818 0.74983198091485 0.755762278843949 0.753804155540575 0.747485229405212 0.754608207334628 0.758498604402952 0.752714385183793 0.745831178117234 0.738209418038947 0.732684510035118 0.727597759439047 0.723316120034478 -9999 -9999
0.638074829361383 0.616748603858977 0.600585088990676 0.613078555457726 0.637448010670436 0.59202422282062 0.561770702949318 0.562405834365426 0.557272984733573 0.548998576339546 0.531641992889393 0.517998789584063 0.514565288397644 0.516119484185745 0.520978417371924 0.520355431647543 0.518179674155701 0.512560039153443 0.515921985726065 0.526469144339637 0.535996836025587 0.545822973315886 0.557530611527246 0.56550058746648 0.569874287212855 0.571924319780942 0.573133116198894 0.572246156488846 0.571265326562369 0.570175938608574 0.528038121096949 0.482473443139162 0.509388480427989 0.532872963594458 0.551577058450536 0.542125176005982 0.525985101253085 0.569927520417297 0.611655752986949 0.649644209121306 0.684154209968097 0.716905135337797 0.725208067226336 0.731819338312961 0.734932589923221 0.735752072766904 0.735303535934858 0.738673884909736 0.740443906802578 0.737712196154999 0.736954088081378 0.737522300520218 0.732684510035118 0.727597759439047 0.723316120034478 0.721398618250977 -9999
0.626490247390733 0.607419876215844 0.601986026323506 0.608390382462756 0.619356563152221 0.571485159833585 0.539617207987551 0.540334378080845 0.52900571157357 0.511116221928084 0.493267531272394 0.479273872139251 0.475021960205929 0.483288084363305 0.49984838160913 0.503622526337386 0.502883296618034 0.491249285380567 0.492893152692441 0.505159244167798 0.51910244594748 0.532261896480207 0.541090901271247 0.549857858515916 0.558565115312124 0.556205553609735 0.552132535597738 0.551524004868358 0.554561591702802 0.56181580171295 0.517944094355132 0.467180800253288 0.483021312877992 0.503462689456388 0.530315250781466 0.525009340740431 0.511997864926661 0.566439551469596 0.609910345097796 0.634851224897816 0.667589042319567 0.703546317576301 0.703895062402653 0.706561415307368 0.714020122676714 0.71918293280917 0.723076546624956 0.725160109621303 0.726646039436817 0.72677927039737 0.729160235807097 0.73305174662543 0.728517258472734 0.723730889477786 0.720644787192879 0.722400470831671 0.728083224139032
0.629796814091572 0.621177906975798 0.624104859509811 0.61992245378605 0.612206527439727 0.570601877995463 0.537823812248933 0.523017826249745 0.504959481091024 0.485129722793043 0.468534388939563 0.456316659080409 0.454872559732872 0.467993548835857 0.490765042521347 0.487419775553091 0.484079612478123 0.488095065327912 0.49531156626976 0.505088886717944 0.509050212060409 0.5137681597311 0.525228926953526 0.532202585288927 0.534858870440152 0.534651033966007 0.534811134994347 0.540625582181799 0.545683452125036 0.549866363681353 0.509882389701351 0.464103871387847 0.477297837890797 0.495728614184749 0.521456749277243 0.522953242397673 0.518750740249837 0.567258013635591 0.604986458448212 0.624509387430796 0.653187997854081 0.685612366344122 0.671881359367476 0.670088045718514 0.692979517409414 0.704909337676679 0.710779440902631 0.715393258619932 0.719437599870968 0.722145425187076 0.723043198586889 0.722724562453758 0.717899243835254 0.713878236899642 0.713838322358908 0.718744798860252 0.727663188018691
0.623946944232433 0.626775834801998 0.637076287189826 0.622488343473011 0.596643025312929 0.549179835513349 0.512546111432523 0.497962597057242 0.493047727064465 0.493398930976167 0.48692965627111 0.480931105137753 0.476740099130251 0.479499144084065 0.486863138666483 0.488889445991782 0.490474381857562 0.492142495240822 0.499431613336271 0.511217501895089 0.512857323649008 0.515276592278963 0.527178523445468 0.531883683483025 0.529664307596212 0.527519019624991 0.524946553319945 0.519778779334075 0.521118994899238 0.529985500850752 0.497475947397491 0.458781787237513 0.468510845827398 0.484327425559421 0.508626808322442 0.526447603370102 0.543182967211493 0.581709957599743 0.611097677256492 0.625049105590072 0.639909738662236 0.655022184533679 0.65053601979301 0.65398810007062 0.673854898742531 0.686577408487262 0.695350479622154 0.703452197717449 0.70823896098854 0.704571723718865 0.697915800121394 0.689251389083658 0.697270405512966 0.705505902159136 0.709451628322327 0.71547922473704 0.723195381870356
0.614773740103026 0.628885811284153 0.645388149119751 0.620814171463337 0.577903262392182 0.520454323211393 0.479242609312554 0.47109201142825 0.486564521081667 0.514903470457718 0.52131697592315 0.522854241049105 0.514049725892271 0.500986466787803 0.485101458394136 0.49660985932201 0.505408584052841 0.497811277585695 0.503236847016041 0.51908063999937 0.521376788227658 0.523826481445768 0.53519492559805 0.537711682960517 0.531711589909218 0.526164813695283 0.518253869769834 0.495926655114788 0.4914809504999 0.507714664014582 0.484132804878113 0.453448455307957 0.458974940582794 0.471633505045008 0.494230437117847 0.531109621904215 0.572331020079309 0.599757418838698 0.620215894345319 0.628905499401861 0.626775605243773 0.619948080493182 0.633777608276515 0.646249395473399 0.655913644060959 0.666947097726653 0.678737462465722 0.690582590781209 0.695426054118176 0.682263969851 0.665956590891737 0.647535478943423 0.673063859274197 0.697602855521514 0.705739357319696 0.712140863451134 0.717135151468154
0.619482219360555 0.625444587099799 0.621947488213084 0.599159893933426 0.567743740715966 0.528012381048162 0.498497968892382 0.489786599198845 0.496571086736864 0.511795467828345 0.501850028341749 0.494104379275732 0.494198776530847 0.490514446516622 0.484326415618419 0.471970356317709 0.461489252572534 0.458760057583941 0.472706211151122 0.499992544755757 0.498057599582168 0.494615688185352 0.502655924982551 0.51230662933945 0.523506881441076 0.521443707417743 0.516108042846091 0.507777016024677 0.506732211676451 0.514113700229087 0.499181080653773 0.478888734514446 0.466446158483144 0.465801814451872 0.481598001111744 0.498513926259835 0.516747343791845 0.551063824430209 0.578607929529122 0.594713445614963 0.602968831046604 0.60779645913837 0.625191068496862 0.640546730075662 0.651686251494104 0.65941568749114 0.665259992138727 0.676261058786974 0.683008178587258 0.678295814907134 0.665134491756002 0.646295212767549 0.665932215265623 0.685139841844442 0.691416462659752 0.700910040579934 0.713012824043428
0.617718930398264 0.612619938184273 0.593069055379425 0.57368447699724 0.55428631761628 0.527289992216074 0.505248825253361 0.493297009465348 0.494096698861833 0.50184155720221 0.483234848267232 0.469709193339724 0.471414362716041 0.471842512631676 0.471424537774424 0.445290818072838 0.424524633587607 0.428214736477188 0.447543812765952 0.479383975107776 0.472784322846314 0.464019505145382 0.469587972089491 0.485784619492799 0.512207410826737 0.512217655153661 0.50764223873189 0.508425437246781 0.510225987838571 0.513203074916145 0.505293954870411 0.492886051272608 0.467309569734664 0.45587170135721 0.464135624196833 0.468669651056031 0.473833120359359 0.513578608638893 0.546589334689488 0.568225000867982 0.581438252307843 0.590951715898437 0.611181340493555 0.629863979305112 0.645347757922928 0.651965351762999 0.653681624724239 0.662397947692779 0.668935729716277 0.669162434965868 0.659943349747034 0.644376408166439 0.658794415265615 0.672940946900609 0.677216761375187 0.68906237970115 0.707047705062958
