layers/veg_sum/veg3700.asc
NCOLS 255 
NROWS 330 
XLLCORNER -2985163.8955 
YLLCORNER -3022031.214 
CELLSIZE 25000 
NODATA_value -9999 
[rows 250 to 274 of 330, columns 57 to 113 of 255]
-9999 -9999 -9999 -9999 -9999 -9999 -9999 -9999 -9999 -9999 -9999 -9999 -9999 -9999 -9999 -9999 0.635726879947245 0.653840483730393 0.658615867827821 0.655182937425796 0.629886852378406 0.572219345085951 0.489705492677378 0.445607284127209 0.422427762353307 0.462004310062421 0.487109574011066 0.498848164385601 0.473778071158639 0.450337893149126 0.474289670294743 0.472409763732348 0.441855323290746 0.456992328123956 0.47305205932435 0.399436666477505 0.342707102477414 0.308544252513899 0.291265208399967 0.279814289407069 0.269538351324174 0.259533865451966 0.249968376531588 0.238562403746546 0.226242083806206 0.207102209798053 0.191128295048614 0.181406234553838 0.178316745835546 0.178733219031104 0.162841391098165 0.150710698871647 0.1489166069039 0.142327380437117 0.132650134728593 -9999 -9999
-9999 -9999 -9999 -9999 -9999 -9999 -9999 -9999 -9999 -9999 -9999 -9999 -9999 -9999 -9999 0.690945504268975 0.682701161992572 0.669222888623752 0.679885393667269 0.682604568907889 0.655659897115153 0.602868117581019 0.530237661996927 0.481729687701851 0.451464280779229 0.480804235039453 0.503507242583547 0.520079909395491 0.506278270921266 0.491484487171364 0.503143589257556 0.502557801247522 0.488379538202555 0.492177062942141 0.495153411033265 0.453266531521189 0.402965863093307 0.341420761824712 0.312289139342134 0.294799484862829 0.286186472128449 0.276599692452409 0.265438120962739 0.252522197948863 0.239085303495723 0.238124212939926 -9999 -9999 -9999 -9999 0.163124487229136 0.150926467171545 0.149244091406968 -9999 -9999 -9999 -9999
-9999 -9999 -9999 -9999 -9999 -9999 -9999 -9999 -9999 -9999 -9999 -9999 -9999 -9999 -9999 0.690945504268975 0.692004229598167 0.693735088037923 0.710987567007667 0.719038093235117 0.695581790553806 0.64832480798802 0.582799863578265 0.532461758756314 0.496678005670162 0.510559638448454 0.52506543356695 0.540147747976814 0.538966242495887 0.53591782808242 0.53980142283331 0.540866736055348 0.538803607860495 0.531447756587891 0.522490661175904 0.511827540215039 0.468246156634631 0.380671847041659 0.341186450880764 0.318945360109964 0.309467292683807 0.297472313098362 0.281406942031647 0.266766879372445 0.253093532676611 0.258700136006252 -9999 -9999 -9999 -9999 -9999 -9999 -9999 -9999 -9999 -9999 -9999
-9999 -9999 -9999 -9999 -9999 -9999 -9999 -9999 -9999 -9999 -9999 -9999 -9999 -9999 -9999 -9999 0.713232800142997 0.749669213912675 0.767582180663136 0.778154764250635 0.770690338395056 0.729983079119953 0.663760632235042 0.618650821622348 0.582151015257239 0.568724288678084 0.560987117338134 0.558505210764125 0.571776679806313 0.586994581870353 0.596245887939574 0.599752984344787 0.596883704495099 0.582271679563206 0.56808896260516 0.582346326349463 0.543775427177748 0.434603297051119 0.388997605901341 0.365485629017394 0.348606529423544 0.327108509712075 0.298140696893185 0.28136246609094 0.269933290507869 0.265418830569743 -9999 -9999 -9999 -9999 -9999 -9999 -9999 -9999 -9999 -9999 -9999
-9999 -9999 -9999 -9999 -9999 -9999 -9999 -9999 -9999 -9999 -9999 -9999 -9999 -9999 -9999 -9999 0.794054603614586 0.790568304743817 0.796659708286433 0.800494172597854 0.795276045723457 0.771586324776135 0.733718925823 0.684434229234004 0.640400335526453 0.623071734659432 0.606461876525494 0.590515898642675 0.601987614835894 0.614413996892516 0.603282373096667 0.599790661660849 0.604779656642708 0.593559623920931 0.58196543237693 0.60180454311163 0.583955005780023 0.515737260227414 0.452108814192408 0.392551321004134 0.369647008680894 0.345584929341775 0.31965049026164 0.302721867283341 0.289943215062499 0.292991602184461 -9999 -9999 -9999 -9999 -9999 -9999 -9999 -9999 -9999 -9999 -9999
-9999 -9999 -9999 -9999 -9999 -9999 -9999 -9999 -9999 -9999 -9999 -9999 -9999 -9999 -9999 -9999 0.803093371409112 0.814384113467444 0.80777601867321 0.798827972088904 0.786883998328977 0.787044468689232 0.796495577989353 0.736898261151268 0.680879947286342 0.674927578344686 0.658172211043258 0.631438451009934 0.630501777717491 0.6263915660625 0.578068806048115 0.561416133335812 0.579918930997253 0.57904126379646 0.575136122878529 0.587934013594365 0.601060793231185 0.614627109611923 0.525206820511447 0.406905379707726 0.378873892760607 0.356777031929816 0.344277745451902 0.328496210558319 0.311441443893541 0.301568924650684 -9999 -9999 -9999 0.252583849370584 -9999 -9999 -9999 -9999 -9999 -9999 -9999
-9999 -9999 -9999 -9999 -9999 -9999 -9999 -9999 -9999 -9999 -9999 -9999 -9999 -9999 -9999 -9999 0.82035291426482 0.82053583598957 0.820378631705547 -9999 -9999 0.762187974250631 0.729242173558668 0.710832886483276 0.696972691127758 0.693544413538103 0.685190430096644 0.672286725750466 0.648433027043018 0.62227466825898 0.595110465982096 0.583605272336739 0.589482405704783 0.601844893551936 0.61436559057141 0.614378418881427 0.621712713549286 0.638831629340884 0.553732479919532 0.438949369276055 0.398883835243192 0.369933953762007 0.358960487265411 0.343287416474229 0.325883433024957 0.323750018071206 0.322333787081218 -9999 0.270479628591416 0.271480328206238 0.270535224176677 -9999 -9999 -9999 -9999 -9999 -9999
-9999 -9999 -9999 -9999 -9999 -9999 -9999 -9999 -9999 -9999 -9999 -9999 -9999 -9999 -9999 -9999 0.835002784264089 0.824155146013152 -9999 -9999 -9999 0.745092691039856 0.668255984421273 0.68167321877402 0.701401884626078 0.699153596023677 0.700731770574286 0.705844329824706 0.665222609518708 0.622368302896792 0.615343948021606 0.609021885318745 0.603479404036747 0.624229663726418 0.648109199578531 0.641413683073367 0.64486983857498 0.661892984554176 0.599693542963615 0.511577200754899 0.438840550716917 0.388861286532465 0.37568563870482 0.359546296182584 0.342311459547815 0.334493665327341 0.332769853307613 0.343079894359327 -9999 0.287066103681152 -9999 -9999 -9999 -9999 -9999 -9999 -9999
-9999 -9999 -9999 -9999 -9999 -9999 -9999 -9999 -9999 -9999 -9999 -9999 -9999 -9999 -9999 0.841638029015705 0.835002784264089 0.824155146013152 -9999 -9999 0.788563689447909 0.741704280703934 0.658878424987813 0.663368676689907 0.675516465312272 0.672539172633406 0.686626081786434 0.716474662085231 0.681194238034813 0.639934956001925 0.634542082935771 0.628714018958758 0.622402870074913 0.635508509921456 0.652507745280852 0.659736131842962 0.674981912615158 0.70094237278506 0.712220008612944 0.707299999179458 0.538750166398874 0.425435216147159 0.401447020698894 0.383304852048073 0.367845426115044 0.362055602378668 0.35590029853091 0.349023277123757 -9999 -9999 -9999 -9999 -9999 -9999 -9999 -9999 -9999
-9999 -9999 -9999 -9999 -9999 -9999 -9999 -9999 -9999 -9999 -9999 -9999 -9999 -9999 -9999 0.841638029015705 0.841638029015705 -9999 -9999 0.765950494693335 0.770690169733324 0.735802711555674 0.670499863518595 0.665325661372981 0.667544562945394 0.667732168005701 0.684873590177705 0.717674724571387 0.69189534133101 0.660475838811676 0.659895642311818 0.661868066956083 0.666674035952519 0.676249769930083 0.687328049791412 0.700425442070229 0.722257783134943 0.755763764455305 0.795908612075416 0.821278501259263 0.597752719895074 0.449533772588498 0.423102268160481 0.403654612737949 0.387318557575618 0.377484627796611 0.370956541883505 -9999 -9999 -9999 -9999 -9999 -9999 -9999 -9999 -9999 -9999
-9999 -9999 -9999 -9999 -9999 -9999 -9999 -9999 -9999 -9999 -9999 -9999 -9999 -9999 -9999 -9999 -9999 -9999 -9999 0.761784501044065 0.749707571323367 0.727919626529118 0.698678094119265 0.683257974320482 0.673696685726563 0.68011935991288 0.692861054610753 0.711439431519004 0.698440865855606 0.683361771745788 0.690102484834558 0.705636246030339 0.730930755255398 0.740220855486543 0.746134581447001 0.758750044945331 0.783066556983099 0.823020691474227 0.856859821649812 0.870805198553708 0.624501842825065 0.463796042556678 0.441520008014268 0.421316687423589 0.402012985461782 0.383347382697344 -9999 -9999 -9999 -9999 -9999 -9999 -9999 -9999 -9999 -9999 -9999
-9999 -9999 -9999 -9999 -9999 -9999 -9999 -9999 -9999 -9999 -9999 -9999 -9999 -9999 -9999 0.847687962731768 0.84920885563299 0.851695289310792 -9999 0.747070708180858 0.747225295090197 0.739147271948009 0.724750395435766 0.698502005183088 0.677249829615037 0.681921854922366 0.694378719846455 0.714026198382055 0.713204384806874 0.709248547665386 0.70977012989994 0.714994257174936 0.725438457930425 0.727319135231755 0.728157497583385 0.738767083335371 0.743989886215729 0.74201363539583 0.757399672167747 0.764612516926599 0.566049505580524 0.435436111839988 0.414711950282861 0.396450239020302 0.379566382264621 0.380170185959473 -9999 -9999 -9999 -9999 -9999 -9999 -9999 -9999 -9999 -9999 -9999
-9999 -9999 -9999 -9999 -9999 -9999 -9999 -9999 -9999 -9999 -9999 -9999 -9999 -9999 0.750623848973681 0.820538468720583 0.84920885563299 0.851695289310792 -9999 0.705927064305052 0.730197621742021 0.741077824500548 0.741680401177371 0.713281760851302 0.687424305938237 0.686700402918442 0.697240505456083 0.718184818699239 0.725425131929062 0.728467230199584 0.723136188763637 0.717449890632856 0.71136923879881 0.704799309002222 0.699741192376774 0.707958213291506 0.696654811946186 0.659263749105915 0.659768988220255 0.662935569547813 0.516493219679217 0.416428459675735 0.391366296013265 0.373404000545885 0.358817328763799 0.36233373650459 -9999 -9999 -9999 -9999 -9999 -9999 -9999 -9999 -9999 -9999 -9999
-9999 -9999 -9999 -9999 -9999 -9999 -9999 -9999 -9999 -9999 -9999 -9999 -9999 0.73009347819408 0.750623848973681 0.820538468720583 0.84920885563299 0.851695289310792 -9999 0.696616662237202 0.683304504739992 0.693642193941386 0.722132074559281 0.727699385049456 0.72639945666345 0.709860549356279 0.709379567975061 0.723730792062426 0.722417158720543 0.718460420722931 0.71660533921011 0.711313618749906 0.702207047463824 0.687006626814738 0.672615030804707 0.677725018319452 0.672939548757494 0.654929501821349 0.662296110327477 0.669783114633787 0.552807625074479 0.460589064710547 0.408407814877075 0.382416783704824 0.367877102012709 0.36594838761085 -9999 -9999 -9999 -9999 -9999 -9999 -9999 -9999 -9999 -9999 -9999
-9999 -9999 -9999 -9999 -9999 -9999 -9999 -9999 -9999 -9999 -9999 -9999 -9999 0.73009347819408 0.73009347819408 -9999 -9999 -9999 -9999 0.703575631955983 0.689607242299827 0.696958851092247 0.720674400749489 0.740477849387095 0.752296228612104 0.734567554809184 0.729028419940818 0.734748382098948 0.726641649811831 0.717383687393283 0.716379324089211 0.709930779081405 0.69743890470828 0.682282795835336 0.667747505082046 0.663900728468002 0.658209346499557 0.650052780149528 0.659272776443096 0.669174484868764 0.602606858818072 0.525135571315048 0.430030704298149 0.38783891789951 0.368640712132744 0.367234309346016 -9999 -9999 -9999 -9999 -9999 -9999 -9999 -9999 -9999 -9999 -9999
-9999 -9999 -9999 -9999 -9999 -9999 -9999 -9999 -9999 -9999 -9999 -9999 -9999 -9999 -9999 -9999 -9999 -9999 -9999 0.714133263073755 0.742782199478047 0.748412528690664 0.73637516773981 0.751701619832445 0.765788551126181 0.760741709574909 0.755800081625456 0.750955636199293 0.737725916050106 0.724776863056561 0.722133255049481 0.713056427089566 0.696838385046392 0.68995437767799 0.68399162688037 0.665639792249508 0.652001204650355 0.644661537815686 0.650985001769607 0.661493897218539 0.665196047206551 0.609017493227499 0.455998886082257 0.389855429403848 0.361501352223291 0.364385861102811 -9999 -9999 -9999 -9999 -9999 -9999 -9999 -9999 -9999 -9999 -9999
-9999 -9999 -9999 -9999 -9999 -9999 -9999 -9999 -9999 -9999 -9999 -9999 -9999 -9999 -9999 -9999 -9999 -9999 -9999 0.754732111200663 0.754818892378265 0.754590507293265 0.754120219653901 0.772558110765717 0.78958699876246 0.791209398439263 0.782350392716616 0.763810039651789 0.743126270978387 0.725834974221894 0.729158317116549 0.720528150144351 0.698628955588551 0.69252680402139 0.689252020180338 0.675273333237003 0.667160150244881 0.66688579776257 0.672201296429216 0.679195766966607 0.682917915458909 0.626503141156899 0.472833952413544 0.39906214956293 0.360231129089996 -9999 -9999 -9999 -9999 -9999 -9999 -9999 -9999 -9999 -9999 -9999 -9999
-9999 -9999 -9999 -9999 -9999 -9999 -9999 -9999 -9999 -9999 -9999 -9999 -9999 -9999 -9999 -9999 0.676087757546603 0.668492607798322 0.68804478104408 0.709826179843458 0.732143774368464 0.751174390453831 0.767682120764139 0.79184186849529 0.812873950035554 0.817556177414149 0.803624265110685 0.772499052398545 0.746050940154155 0.725931873984869 0.735181546630638 0.72818706032897 0.703160699243508 0.693599645828986 0.687805441637034 0.679615722449079 0.677418377754331 0.683229417061075 0.686484155835714 0.687995536295396 0.676749846466674 0.61811955514012 0.482858111801181 0.442294909412242 -9999 -9999 -9999 -9999 -9999 -9999 -9999 -9999 -9999 -9999 -9999 -9999 -9999
-9999 -9999 -9999 -9999 -9999 -9999 -9999 -9999 -9999 -9999 -9999 -9999 -9999 -9999 -9999 -9999 0.682804131845364 0.686189255090496 0.696304900462572 0.709562457379131 0.73081550000549 0.745462641261173 0.75503949230791 0.791018449889297 0.821322556537084 0.81545093076265 0.795084204271904 0.761328805227582 0.741442699582751 0.727880069225671 0.73402481198868 0.73188467270894 0.720547876583083 0.692025787714236 0.660843645997077 0.644670963025591 0.635027770641767 0.634110779869575 0.627120041545578 0.616697437490004 0.586342780553258 0.539124398337808 0.464633723975156 -9999 -9999 -9999 -9999 -9999 -9999 -9999 -9999 -9999 -9999 -9999 -9999 -9999 -9999
-9999 -9999 -9999 -9999 -9999 -9999 -9999 -9999 -9999 -9999 -9999 -9999 -9999 -9999 -9999 -9999 0.710903822327272 0.706291343893102 0.708497819060292 0.714148106168035 0.728690336662331 0.737223361007073 0.74114408229218 0.767575607808159 0.789652160260556 0.782797000712975 0.764615959183418 0.735973553624394 0.718452350624658 0.705990042085795 0.70926725207176 0.705952578558265 0.69532056604087 0.656790573205431 0.614316834468126 0.599239582601068 0.58907132598107 0.585463593748279 0.583113128526763 0.578717295716628 0.538183387270154 0.513136891063832 -9999 -9999 -9999 -9999 -9999 -9999 -9999 -9999 -9999 -9999 -9999 -9999 -9999 -9999 -9999
-9999 -9999 -9999 -9999 -9999 -9999 -9999 -9999 -9999 -9999 -9999 -9999 -9999 -9999 -9999 -9999 0.718453955963744 0.726184823027828 0.72517385378214 0.724261699168296 0.725656775591905 0.72610287204147 0.725820588880004 0.718348204278894 0.71224890551816 0.71531970723385 0.70915111703959 0.694448388635634 0.67450768319052 0.656926107951156 0.65760640126427 0.646244690361871 0.621515718472757 0.583183765657417 0.545487272607025 0.541854187350236 0.539050075801572 0.537353828888089 0.556612351342344 0.578717295716628 0.538183387270154 -9999 -9999 -9999 -9999 -9999 -9999 -9999 -9999 -9999 -9999 -9999 -9999 -9999 -9999 -9999 -9999
-9999 -9999 -9999 -9999 -9999 -9999 -9999 -9999 -9999 -9999 -9999 -9999 -9999 -9999 -9999 -9999 0.707648113112289 0.709923787179527 0.716262104505963 0.718380841256183 0.706753440784404 0.703096355552971 0.705556802064403 0.679475836849572 0.658721556921627 0.673878592237819 0.670168545180046 0.649031562436202 0.631828043598237 0.617279331059117 0.612983993894107 0.601110397244414 0.580824532126464 0.556259736964196 0.534293924541779 0.542458586736775 0.53912800223096 0.520434834849802 0.515341200584213 -9999 -9999 -9999 -9999 -9999 -9999 -9999 -9999 -9999 -9999 -9999 -9999 -9999 -9999 -9999 -9999 -9999 -9999
-9999 -9999 -9999 -9999 -9999 -9999 -9999 -9999 -9999 -9999 -9999 -9999 -9999 -9999 0.70360943653869 0.706283954701681 0.699565240757167 0.686883221561912 0.701330207494559 0.708649251006082 0.688094372154832 0.682156545888041 0.687437884795536 0.648734562154108 0.617996856523243 0.641639392490825 0.637605267959183 0.608007075122478 0.594268777874908 0.583708774157607 0.573740591253793 0.563049150595677 0.551554855612867 0.543335958802171 0.538338713402386 0.552450184049859 0.54529198775308 0.50970838836 0.492938271578839 -9999 -9999 -9999 -9999 -9999 -9999 -9999 -9999 -9999 -9999 -9999 -9999 -9999 -9999 -9999 -9999 -9999 -9999
-9999 -9999 -9999 -9999 -9999 -9999 -9999 -9999 -9999 -9999 -9999 -9999 -9999 0.702824066472433 0.705410703203002 0.714219298302554 0.706130520603734 0.687314424471919 0.694849302969426 0.70343986554118 0.709185849518128 0.707330353643414 0.699640421754187 0.663975660319522 0.631718471445541 0.627487669270364 0.621645231713346 0.614314176807228 0.59812887142653 0.580518598574164 0.564469825849841 0.551788409095131 0.542844935400018 0.541166368316402 0.537902746170533 0.506365875352365 0.48545358944365 0.478740308605099 0.479785955149003 -9999 -9999 -9999 -9999 -9999 -9999 -9999 -9999 -9999 -9999 -9999 -9999 -9999 -9999 -9999 -9999 -9999 -9999
-9999 -9999 -9999 -9999 -9999 -9999 -9999 -9999 -9999 -9999 -9999 -9999 -9999 0.702824066472433 0.706811753466919 0.720391518921821 0.714543311877658 0.696361231988772 0.701702899431855 0.711782560449947 0.73084862545141 0.729459555244153 0.712370360867338 0.671318558202735 0.630957091619498 0.605788426810301 0.598683100892654 0.608262317868251 0.594077883491014 0.575041783800873 0.554634465713402 0.539706023689014 0.530859423602094 0.531756743919087 0.529830896584671 0.48434139353421 0.461389570260599 0.468557759406149 0.449270704186818 -9999 -9999 -9999 -9999 -9999 -9999 -9999 -9999 -9999 -9999 -9999 -9999 -9999 -9999 -9999 -9999 -9999 -9999
