layers/veg_sum/veg3500.asc
NCOLS 255 
NROWS 330 
XLLCORNER -2985163.8955 
YLLCORNER -3022031.214 
CELLSIZE 25000 
NODATA_value -9999 
[rows 75 to 99 of 330, columns 171 to 227 of 255]
0.842352255311859 0.842490748735357 0.837391106176891 0.828730985425711 0.818583984179908 0.81611867569649 0.812488367337346 0.806485966740797 0.797640973545413 0.787247748549004 0.779394910625143 0.771608463069197 0.763759827706968 0.755541149652511 0.747077289516997 0.739589648116807 0.734463306343237 0.736642384979431 0.737610860388162 -9999 -9999 -9999 -9999 -9999 -9999 -9999 -9999 -9999 -9999 -9999 -9999 -9999 -9999 -9999 -9999 -9999 -9999 -9999 -9999 -9999 -9999 -9999 -9999 -9999 -9999 -9999 -9999 -9999 -9999 -9999 -9999 -9999 -9999 -9999 -9999 -9999 -9999
0.835117039057271 0.834417156308372 0.83009489183536 0.822013799737673 0.81232912634719 0.807801110503035 0.80266215225958 0.796279235323015 0.78389502522619 0.768242181797316 0.767895186325576 0.764389719916402 0.751513823326781 0.742432509912374 0.735865403153526 0.731606121821375 0.729012067632059 0.731114843489329 0.732158665581612 0.732355330936572 -9999 -9999 0.712665707397038 0.712665707397038 -9999 -9999 -9999 -9999 -9999 -9999 -9999 -9999 -9999 -9999 -9999 -9999 -9999 -9999 -9999 -9999 -9999 -9999 -9999 -9999 -9999 -9999 -9999 -9999 -9999 -9999 -9999 -9999 -9999 -9999 -9999 -9999 -9999
0.828071142133842 0.825695579876126 0.821969204936151 0.814580128250507 0.805598167365635 0.798998133461397 0.792293990487522 0.785377867820708 0.769695787342058 0.749239285563541 0.754859782076032 0.755046972685777 0.739137714416824 0.729857115386808 0.72496851895798 0.72437621291936 0.724394481671821 0.725165363677787 0.721072751672486 0.713089373276043 0.706001472681344 0.701539535383398 0.707609530979722 0.706642200508458 0.698903747780644 0.706656567382828 -9999 -9999 -9999 -9999 -9999 -9999 -9999 -9999 -9999 -9999 -9999 -9999 -9999 -9999 -9999 -9999 -9999 -9999 -9999 -9999 -9999 -9999 -9999 -9999 -9999 -9999 -9999 -9999 -9999 -9999 -9999
0.820916388225434 0.8161851822507 0.810741319329192 0.80298656060374 0.794232666842474 0.7874923383039 0.780572134423272 0.773285680801784 0.756052950115081 0.733402931541091 0.737875057383567 0.73901305273252 0.729266638431145 0.721962930076133 0.716277704506803 0.71883253247355 0.720827997321114 0.718712322433792 0.715891994089155 0.71250794715398 0.706001472681344 0.700423027352943 0.700666098816133 0.699811101705899 0.697899573111219 0.706656567382828 0.716035444357015 -9999 -9999 -9999 -9999 -9999 -9999 -9999 -9999 -9999 -9999 -9999 -9999 -9999 -9999 -9999 -9999 -9999 -9999 -9999 -9999 -9999 -9999 -9999 -9999 -9999 -9999 -9999 -9999 -9999 -9999
0.811703528269193 0.803779319115402 0.793184473320385 0.776705401161639 0.758002877615324 0.772383965827092 0.777550947321502 0.763956801476527 0.741704501935104 0.714736497126423 0.721838426904625 0.72612378344778 0.720204011554105 0.715780235675229 0.71234767357753 0.716555594458799 0.719282459499256 0.71510804727473 0.711460029592847 0.708233124426011 0.698066002788563 0.688734153440223 0.687163286142989 0.688436763704506 0.69244699192862 0.701779161146397 0.711013281814781 0.713174805860153 0.719739792716602 0.731397249307642 -9999 -9999 -9999 -9999 -9999 -9999 -9999 -9999 -9999 -9999 -9999 -9999 -9999 -9999 -9999 -9999 -9999 -9999 -9999 -9999 -9999 -9999 -9999 -9999 -9999 -9999 -9999
0.80066720030367 0.788808093162774 0.770020211290939 0.737411134936041 0.699743497117569 0.754083734262338 0.78223849395051 0.757076194039162 0.726730887233143 0.693562630665507 0.706641801473026 0.716020653342042 0.711857665107946 0.711113910620518 0.712635664581801 0.717172968097173 0.719527466604714 0.714027759559013 0.707691490696593 0.700685977337712 0.683099760354516 0.667678235011476 0.667848906795483 0.673037146565372 0.683053152725034 0.692580406041778 0.701819477900234 0.70996546413231 0.719739792716602 0.731397249307642 0.733941510136353 -9999 -9999 -9999 -9999 -9999 -9999 -9999 -9999 -9999 -9999 -9999 -9999 -9999 -9999 -9999 -9999 -9999 -9999 -9999 -9999 -9999 -9999 -9999 -9999 -9999 -9999
0.795590159593646 0.779087780970241 0.747885032045346 0.723665042119584 0.702998483878722 0.722839370747422 0.728140621294667 0.703837269153594 0.69631684876235 0.697937333283106 0.711367893830155 0.720011783409278 0.715485713573854 0.714285988065598 0.715290224536794 0.713300540979917 0.710233027364606 0.704547027522622 0.696100087323887 0.685444411199271 0.674594608740019 0.665269602370549 0.662496047346347 0.665749073170233 0.674800709903927 0.688275057123357 0.701465911496399 0.707594665774507 0.715774094228424 0.726325064494739 0.707942626908287 0.6848894401872 0.692575951538994 0.71020953164368 0.741704094403936 0.75225750277172 0.756475503641681 0.781470140256623 0.797169658804629 -9999 -9999 -9999 -9999 -9999 -9999 -9999 -9999 -9999 -9999 -9999 -9999 -9999 -9999 -9999 -9999 -9999 -9999
0.787828435635505 0.766483172394695 0.726811870831387 0.715867981338282 0.717406484904785 0.699307047600728 0.680265835981307 0.659307048584058 0.672299113698845 0.703782674764392 0.716200230745422 0.722972137092006 0.71719830199342 0.71491745469567 0.714950983647203 0.707868702266007 0.700573530031314 0.694594637670271 0.684451467498133 0.670976899751893 0.667502669690403 0.664872935292267 0.65970072996825 0.660698697122376 0.667633435117056 0.683384572125056 0.699122679833019 0.704020263540133 0.710580508060014 0.719063568834095 0.703673820777276 0.683708776345847 0.682597301888186 0.697837308355673 0.735862679952004 0.749593188322442 0.755539737341453 0.77796697098484 0.770714141365843 0.713331480114979 0.742729840696343 -9999 -9999 -9999 -9999 -9999 -9999 -9999 -9999 -9999 -9999 -9999 -9999 -9999 -9999 -9999 -9999
0.761260405948888 0.734706796028635 0.710140587233244 0.714983138041046 0.732558523561296 0.726053367653195 0.716322707692574 0.700024499284854 0.69420205492052 0.694085286085858 0.703695047688508 0.708121960750845 0.698566041786849 0.695779468513072 0.697478113562954 0.698645248411393 0.697640305391092 0.689812372055279 0.679532898274328 0.667292206663486 0.661701103415704 0.657838037043342 0.657205719746948 0.659592228498034 0.664883368929167 0.671170949068751 0.678873804274645 0.693658855959423 0.702787454526616 0.705374538485356 0.694811965791648 0.676608282623047 0.622585860251752 0.623430952611829 0.700732505557317 0.733570043240783 0.749912053568936 0.7568989662294 0.746750268887215 0.707659408021049 0.742729840696343 0.81058980804871 -9999 -9999 -9999 -9999 -9999 -9999 -9999 -9999 -9999 -9999 -9999 -9999 -9999 -9999 -9999
0.737782519768105 0.712460388795061 0.696027855753393 0.70388791561241 0.722368377042234 0.729908817136032 0.730178427440465 0.715643676592419 0.695902118057 0.673324646543156 0.685117828394285 0.690541664271395 0.676751805586674 0.675703855773077 0.683098412187185 0.688189507218243 0.689806091699362 0.680916833918836 0.671450691925819 0.661523045981046 0.655645822566565 0.651753593862589 0.653763003956658 0.657927837331722 0.664166559909883 0.664956383197389 0.667161333757431 0.684316861859517 0.693268669484352 0.692733125896329 0.685106525299478 0.66739878540319 0.576595880537474 0.571060492752425 0.684343181397693 0.727469066712735 0.744307659058084 0.741816118501004 0.733428162103018 0.715081118666608 0.750265882687055 0.809076214057191 0.813544284714853 -9999 -9999 -9999 -9999 -9999 -9999 -9999 -9999 -9999 -9999 -9999 -9999 -9999 -9999
0.717595045116198 0.700361575109857 0.68463949269571 0.681920593184307 0.685193652586542 0.709389869673854 0.720394168580031 0.704537995338566 0.676089981891911 0.640783761804221 0.660075052403017 0.670054312258351 0.651549373830473 0.65462985016608 0.672012343602228 0.67642161581008 0.676753262481358 0.667641447629571 0.659999817407482 0.653534326177801 0.649320384244416 0.646681203458056 0.649311163080659 0.655669365417754 0.665614780707537 0.665129665296984 0.664538501151705 0.676060348049958 0.681912310607154 0.681207225757744 0.67450282766453 0.655943603020799 0.545536074736876 0.542154045399343 0.687909276641059 0.73193330106845 0.738728063154459 0.733106317735224 0.731437499461276 0.736445202409482 0.765826367361903 0.805892786197384 0.812262507838384 0.81655591497803 -9999 -9999 -9999 -9999 -9999 -9999 -9999 -9999 -9999 -9999 -9999 -9999 -9999
0.733777035166095 0.706543986018679 0.679985062689746 0.661037101123669 0.646026197181272 0.680742016146078 0.69944238595088 0.685533204954391 0.662850056202106 0.635388123495253 0.651353322286117 0.662212301875154 0.656230719921999 0.658118210051778 0.665219572823278 0.666652102077568 0.665320887424142 0.656711110015739 0.650986252422747 0.647569313587943 0.646952377733415 0.646839168219879 0.647141693142893 0.650122049876861 0.655678942982785 0.657229152373166 0.658616545730971 0.66394107520962 0.661898429165572 0.651335870500853 0.628085299280864 0.597150710908371 0.528847403357593 0.545845879211328 0.681710180730085 0.717834642077028 0.717853655050591 0.712639453021725 0.716959557745251 0.737383172356833 0.756638965499757 0.775405140741024 0.798578903077386 0.814193686055785 0.814177996905444 -9999 -9999 -9999 -9999 -9999 -9999 -9999 -9999 -9999 -9999 -9999 -9999
0.752957677146074 0.713387216262441 0.677814689123019 0.644598829434831 0.613239677411132 0.65287239056377 0.675722664170458 0.664401694156333 0.651752070876464 0.638378790172241 0.647360768153713 0.656709650867076 0.664961887141838 0.664987514227307 0.659562372513848 0.65673607794613 0.652819648201552 0.644673574794904 0.640671385466301 0.639984278846199 0.643487926652841 0.646299658667912 0.643633784897698 0.642682111670497 0.643379795221354 0.64658338974343 0.649883656003324 0.650691259298603 0.641514366803673 0.620790711043506 0.58260769251073 0.542032719205972 0.523855431264438 0.560132304062394 0.672289639364874 0.696218564110178 0.68876840203995 0.686513998461062 0.697104427150502 0.729389866165844 0.740714545784817 0.742918638073736 0.78266704750678 0.810168257437124 0.812344684560599 0.810705848002867 0.806957893260966 -9999 -9999 -9999 -9999 -9999 -9999 -9999 -9999 -9999 -9999
0.728569719678037 0.692144314397547 0.681674108659053 0.658696313027785 0.630675186266545 0.645326545572712 0.651881185058066 0.641949843183619 0.644474760001018 0.653784038332763 0.648544372287234 0.645535713899951 0.649484342945641 0.652341009092543 0.654474164840283 0.642151195116477 0.629589126941536 0.620321959816482 0.616457739782045 0.616915845405785 0.624884861884744 0.631245429867084 0.626234662077334 0.62733184608365 0.634305933895627 0.630411385501447 0.626547607490689 0.636134000978443 0.63401289786045 0.618352433859785 0.608482715971197 0.599004452045975 0.57847153454072 0.593153955381653 0.656908038051067 0.65308536442659 0.627213999855832 0.64020238725898 0.660434479228849 0.692901238190853 0.720112621986858 0.744985462584298 0.772800047463223 0.794033227669237 0.801657366570025 0.805307344615598 0.806760364435757 -9999 -9999 -9999 -9999 -9999 -9999 -9999 -9999 -9999 -9999
0.716971807727329 0.681932248125392 0.674738028365182 0.660145241673364 0.642429091310277 0.637739569184713 0.632808547561008 0.627385801348472 0.637661344484253 0.656487036804516 0.643820988726542 0.634563063121701 0.636772245828334 0.639758976826347 0.643260894077748 0.628559528569926 0.613802041184434 0.603979820093937 0.601830508082789 0.605819477870499 0.611400813844591 0.615039582738013 0.609510735208986 0.612823322575384 0.624642896263757 0.619108010910227 0.613061319997015 0.625201964858246 0.626645038347259 0.615716698522732 0.621202343506975 0.628619446731175 0.612117278317133 0.614900118701306 0.644556119320436 0.622916332572047 0.586732419150628 0.61856240687296 0.648579472296227 0.675534499447864 0.704771448632994 0.734989219931164 0.759607257218401 0.778821790844809 0.786862949155787 0.789680702833582 0.789610903090263 0.791234683085147 -9999 -9999 -9999 -9999 -9999 -9999 -9999 -9999 -9999
0.72175901214551 0.685851603401992 0.653972011286986 0.64539031518565 0.646904387416289 0.630099900042465 0.619845194405917 0.622926701707591 0.631442217660572 0.642917392695351 0.631530260653424 0.623848276760249 0.627602917353894 0.627259539688738 0.624200906011228 0.616240255022765 0.607550617887199 0.597898487023212 0.599484273233134 0.610060326513668 0.604474653707809 0.597358416362012 0.59365179073891 0.599393140961322 0.61422507458324 0.61404175746738 0.612193398894829 0.61891414110844 0.619448343671292 0.612828002802077 0.617068810292636 0.623188175354822 0.618898240397713 0.622201440308767 0.636085476979235 0.609355482308172 0.573246882492729 0.62852884582171 0.66851447699738 0.682664497626951 0.696169735908678 0.70953918088809 0.742153851998252 0.764793553707634 0.766806994407366 0.775979487954824 0.789109581763815 0.791234683085147 0.792451862682612 -9999 -9999 -9999 -9999 -9999 -9999 -9999 -9999
0.700416245501997 0.672615269580783 0.638951703417284 0.641985724729418 0.660711711756488 0.632243706992355 0.61262598685538 0.611028604660341 0.615844278885306 0.624152855292342 0.610833920143447 0.60132699667295 0.603415041008121 0.599447760577615 0.591468356252479 0.581667513480645 0.57451470308764 0.576373909988629 0.582320922885247 0.591538156356715 0.584460066528601 0.578096751508871 0.584697433254585 0.590254821188407 0.594808380412009 0.599545557476392 0.604371453798629 0.609493391787956 0.606538815210056 0.594243997154218 0.577263607665647 0.562943040096475 0.584423405150185 0.602425743120613 0.615581540439259 0.592160312106431 0.559954877975075 0.604121034032773 0.643958640116912 0.676485295430283 0.698208116381858 0.715132685760609 0.739260894352053 0.756343582378911 0.758857529362547 0.76429994285504 0.771361243659564 0.774228865928451 0.769936431245554 0.747662435689102 -9999 -9999 -9999 -9999 -9999 -9999 -9999
0.671381275787933 0.653540452754362 0.625843853342486 0.641031181710981 0.674352565434452 0.634807183148091 0.605233752127386 0.595964519143008 0.596265068531833 0.601777846153836 0.58557647819577 0.573230561987739 0.572597273548575 0.565794793228454 0.554904743188467 0.541754613841946 0.53499903932552 0.549405055593539 0.559064428143661 0.564926513844959 0.560387262503486 0.558956390828736 0.576989520146981 0.581813878008912 0.573929118014065 0.582506973736469 0.593419334230692 0.597921018511445 0.591366559342039 0.572026009244468 0.529436040268927 0.489984062926391 0.537408545221263 0.572390215930607 0.590033150992488 0.573022322307579 0.546498665030294 0.57141654727638 0.608348232002991 0.665571312010102 0.701836030718485 0.728556030234632 0.739686120415374 0.748714228075897 0.753395852217748 0.752670601319457 0.74895637261529 0.752564202361836 0.752529532666435 0.742387537548239 0.740255467638116 0.743506309286243 0.73830759143495 0.731803333082862 0.723559737355846 -9999 -9999
0.651326743408941 0.630562565747325 0.613509302039334 0.6250941518824 0.648560229414823 0.603417536889056 0.572691920037901 0.571321356355748 0.564736840517276 0.55531252043083 0.537264422894249 0.523088031878748 0.519480082880073 0.520824755633938 0.525450925721696 0.524544804971576 0.522159001008254 0.516578088559524 0.519375473082416 0.528875445538321 0.538261269529289 0.547652199677729 0.557134360799876 0.564859833746803 0.5708950694805 0.571614018676301 0.571391689107482 0.572140732850832 0.57093442244373 0.567466804911122 0.524686867180901 0.478414851097514 0.499660964159369 0.523203199706069 0.549945022460636 0.544279992164166 0.530225962300578 0.573185328437971 0.613426396209604 0.649076239286191 0.682626219766362 0.715037304521573 0.72306993558932 0.728953555148339 0.730393444555336 0.733571117394413 0.737709455325868 0.74106301740714 0.741706811864797 0.735463941994817 0.736803668264632 0.743239128057814 0.73830759143495 0.731803333082861 0.723559737355847 0.719867901585618 -9999
0.639507957673448 0.62101205727816 0.614231794251147 0.619817204047718 0.630217916311919 0.583538068474642 0.551403579700314 0.548885345865053 0.536254550906811 0.518115900645345 0.498784852314666 0.483837735301093 0.480081074202894 0.488108379726882 0.503943480189693 0.507516093423853 0.50663487281962 0.494902837173628 0.495758664421414 0.506684707396813 0.520169522291722 0.532644786984161 0.539298724103912 0.548312551108783 0.559596999479023 0.556306503406567 0.550996217333883 0.551637308456188 0.554439526078602 0.559741020240094 0.517122300236054 0.467423526905197 0.474553142151743 0.492500238385117 0.525521214176406 0.528791878016574 0.524449902622886 0.574005473676707 0.613050549688602 0.634343327056075 0.664862599709473 0.699262410872143 0.700371783629679 0.703109435859734 0.709214047530708 0.717183128436204 0.726182907687854 0.730200894111769 0.732320538970458 0.730065510309875 0.732533541583775 0.738175611722109 0.732893456571388 0.726675127347284 0.720667051254678 0.721908176338331 0.729028974441251
0.640437826428426 0.632246672138066 0.635166143826342 0.631041699016354 0.623407984208914 0.581475962203201 0.547535260201957 0.529865931738329 0.512487269903814 0.495266921054029 0.475525632230175 0.461448244176963 0.461917342667574 0.47436025355586 0.494736746983406 0.490767714345729 0.486955865192282 0.490490060694741 0.497020989401409 0.50594928691477 0.508322649654148 0.511904913836013 0.524589239489789 0.532394921570837 0.535506506524679 0.534165399723378 0.533127294154292 0.53930228505614 0.544039343571999 0.547113477369242 0.505199599768058 0.457326753034995 0.469011235415795 0.490409962683238 0.525345238579298 0.533820837497787 0.534922287849183 0.573357162910024 0.604232080857385 0.622338179079108 0.64933763375994 0.679995046322582 0.668258954292883 0.667848349400391 0.690856608703631 0.704992441068392 0.714223501821734 0.720328016436195 0.725157838370948 0.727027980197344 0.726996672183236 0.725687532471827 0.719098425873096 0.713608634300432 0.713296585876227 0.718670792428414 0.728656999551762
0.633778774267076 0.63696371796843 0.648038152561095 0.633440044682095 0.607231966802101 0.558906699139603 0.520800541108688 0.503501827898447 0.499573008212974 0.502926165670423 0.494481811253681 0.487124243283939 0.483582264190424 0.485355736261073 0.490651108386918 0.491579461141863 0.491879924650128 0.49139207162371 0.498377451505868 0.511341373433415 0.513451883732849 0.516539230152551 0.530373841691302 0.5352852172821 0.531610899820261 0.527776084193995 0.523578005651767 0.5174458122511 0.51822306698259 0.526990886641124 0.491968820134799 0.450578177976957 0.462031181524036 0.481300879053287 0.511462937176635 0.533701673195232 0.553725330022116 0.584807255359102 0.609373692302906 0.622935424396113 0.63679714742719 0.650646714827547 0.646128433143768 0.649675002020158 0.669898084475115 0.682786840386829 0.691621102881172 0.704192948911721 0.711668484639056 0.705663011170636 0.696724523568366 0.685814961920898 0.693718939274477 0.702358634850179 0.707768933013158 0.715569546484547 0.725308893905331
0.624352003904677 0.638798695127104 0.656595017286159 0.631567691735888 0.587433947142849 0.529062820470868 0.486356837591252 0.475547137931868 0.491612127687125 0.522314546953543 0.528967048921696 0.530166965132025 0.519760473632329 0.505458517671178 0.488575513351552 0.498590950618194 0.50520715101133 0.493352929673438 0.498964736345204 0.518549261932484 0.524504101132126 0.530194099507314 0.543087815436618 0.544739929831479 0.535575683350335 0.52766372207853 0.517525235450552 0.492802096694608 0.487503593103704 0.504669084538394 0.479069867782881 0.446148238625956 0.454881896274255 0.469444060296318 0.492128096978718 0.530721612533487 0.57400997816947 0.599435511390453 0.618686720864973 0.627509454931117 0.62510880258092 0.61780684647741 0.628395111175272 0.638649695573911 0.648214295204775 0.656927046143501 0.665168886100216 0.685615185949416 0.695610538714226 0.677499777517593 0.657441850120803 0.636075368252855 0.66420165139715 0.691761714694271 0.702642895085402 0.712219780497611 0.720738779970353
0.625977006232172 0.632923471791877 0.630071784703501 0.606728542387498 0.574255044348334 0.536046642160227 0.506687171249863 0.495345282684884 0.501741119996751 0.517797895457698 0.506499668754628 0.497660111566786 0.497512900745156 0.492359946342243 0.483890297259848 0.473063933108838 0.463302303058062 0.457620736375584 0.472049296452517 0.502565838777572 0.501696649773099 0.498942510844735 0.50739726966184 0.516759992616623 0.526996333778341 0.522737305045197 0.515101567010227 0.505363463233579 0.503726528390324 0.511458347043599 0.495624768191142 0.474221595163421 0.461926585149881 0.461407963864884 0.477299435238005 0.501748233531639 0.529147626823619 0.554411372884469 0.576340174818505 0.592636233112446 0.601025872391398 0.605950061402119 0.621892536627815 0.633938126079221 0.637925727593439 0.645593987182375 0.655296953550121 0.670747261861605 0.67986926239374 0.672139040813488 0.654540825129311 0.630311019494055 0.654521571927446 0.678199109783553 0.685621656455119 0.698516783595431 0.71585060445461
0.62227476703527 0.618241672274618 0.598648763206278 0.578696467049532 0.558532240881738 0.533750980488614 0.512453559137108 0.498249690084771 0.498275888378702 0.506052561645809 0.485545079940602 0.470771528831948 0.473054248425664 0.472310996944889 0.469562804140199 0.445875365333021 0.426939616000719 0.42914102045411 0.449055425214242 0.483140125264158 0.476025403121956 0.466399957630833 0.471334694602746 0.487375371075573 0.514101878134098 0.512388378206819 0.505906815515901 0.506189682060653 0.507774184186639 0.510863987955283 0.502714855750581 0.489784139309684 0.462021777819631 0.451020107668316 0.463374026757707 0.475457796107852 0.488400324276586 0.518133005039074 0.544771828720204 0.566185106444426 0.579562404388574 0.589410532640745 0.609591297605119 0.624743047989033 0.62949579230183 0.636820683050351 0.645567483599407 0.655518138424081 0.662277660841986 0.660711188604162 0.647035401936249 0.625221790392954 0.644796924997751 0.663807170714939 0.668570633447406 0.68430850969844 0.708947499534061
