layers/veg_sum/veg3600.asc
NCOLS 255 
NROWS 330 
XLLCORNER -2985163.8955 
YLLCORNER -3022031.214 
CELLSIZE 25000 
NODATA_value -9999 
[rows 200 to 224 of 330, columns 57 to 113 of 255]
-9999 -9999 -9999 -9999 -9999 -9999 -9999 -9999 -9999 -9999 -9999 -9999 -9999 -9999 -9999 -9999 -9999 -9999 -9999 0.212617583094257 0.2081262892171 0.182515354314173 0.140694260781753 0.0888894922106006 0.0464179573162024 0.0460524928184069 0.0451020969219921 0.0436114181316746 0.0566188321398649 0.0741481380200927 0.100971144756661 0.113930006280781 0.111498934028447 0.104419300445669 0.10100668788799 0.13715390018712 0.15826818720874 0.159292034551647 0.161235186654371 0.163370541861679 0.163741591732206 0.170520212239918 0.187661260709607 0.187185488648268 0.178753554445132 0.148121675711457 0.126354263330809 0.122091609273224 0.120422304726847 0.120123838660926 0.121162866679159 0.121006778509864 0.117834802540215 0.114533488980593 0.111148883290876 0.114708700234168 0.115694305971108
-9999 -9999 -9999 -9999 -9999 -9999 -9999 -9999 -9999 -9999 -9999 -9999 -9999 -9999 -9999 -9999 -9999 -9999 -9999 0.215312920097981 0.221701723720832 0.200745971447554 0.158802192522286 0.100258464583067 0.0493756450196446 0.0374256896972525 0.0368429203197775 0.0467596661544192 0.0669391981229164 0.0886811783254561 0.108130255057794 0.117128931425501 0.114527111182377 0.105913459000167 0.100266350568478 0.13140858810952 0.150252705169894 0.152661255424915 0.153875578272159 0.154694537123426 0.155676896065832 0.159221427163043 0.166909544946019 0.173812282702389 0.179897437462351 0.159938092537654 0.142023683080077 0.128147429977618 0.124260943003488 0.125655023018221 0.10502160677743 0.090336699224743 0.0917368035441848 0.087121376415226 0.0786320064665808 0.0807065178349591 0.0818464788695477
-9999 -9999 -9999 -9999 -9999 -9999 -9999 -9999 -9999 -9999 -9999 -9999 -9999 -9999 -9999 -9999 -9999 -9999 -9999 0.220850939543177 0.221414332427142 0.201915356874112 0.167017721161555 0.103829242726444 0.047808327023919 0.0348492440657611 0.0367546672858998 0.0523899713662542 0.0743412141269147 0.0960128273834417 0.109552779413482 0.116072234419107 0.114798566759908 0.107823661057788 0.102623190751086 0.123904150335015 0.138548697806659 0.144324150623495 0.143980334764756 0.141949790858705 0.145711527782824 0.148796400864996 0.150786638679079 0.155924296273779 0.162043762602008 0.148333058579284 0.13240572760044 0.112101199211849 0.105077362677476 0.105073668766441 0.0903539074878955 0.0803237033941971 0.0827891402667383 0.080533087557556 0.0752364422057727 0.0729480823219985 0.0713401444696003
-9999 -9999 -9999 -9999 -9999 -9999 -9999 -9999 -9999 -9999 -9999 -9999 -9999 -9999 -9999 -9999 -9999 -9999 -9999 0.20785220820199 0.210680718398289 0.19728074368603 0.171424765845543 0.105311767404105 0.0462388482111244 0.035946917155948 0.0408466283558787 0.0597783858096018 0.0804676802580076 0.0996729035024028 0.109001009196515 0.113966815157177 0.114090237906894 0.109645904197682 0.105748311100098 0.115986729232364 0.12584109313487 0.135182195766273 0.133441605014074 0.128712752837722 0.135442422336937 0.138798695881594 0.136699458352606 0.137135698749269 0.138469578423165 0.129605265240936 0.115493839964793 0.0910208852473837 0.0805257334308417 0.0774192155049214 0.0769606976257913 0.0773773834865474 0.079749211698594 0.0808827084726166 0.0812187320351909 0.0742103957496898 0.0692215008473267
-9999 -9999 -9999 -9999 -9999 -9999 -9999 -9999 -9999 -9999 -9999 -9999 -9999 -9999 -9999 -9999 -9999 -9999 -9999 0.206950097503347 0.206137114133732 0.192623943807052 0.169362878383717 0.115008011387213 0.0670543885574573 0.0605895021384165 0.0653502727032381 0.0804798325919269 0.0824715172417475 0.0855272735527589 0.108109871481703 0.117667511102228 0.112766758752965 0.108125877853491 0.104721183136784 0.110768278583958 0.116787552176552 0.122769643831441 0.126091060882656 0.128461105255611 0.13016479791086 0.13069690264855 0.129334296257133 0.127594478390702 0.125681722976734 0.12315396575068 0.117608744224197 0.10610490305566 0.0918322614779602 0.0760960384858855 0.0748320341163746 0.0750320891085505 0.0778010945853135 0.0791317071329216 0.0795360088453885 0.0768612548295671 0.0736476854657487
-9999 -9999 -9999 -9999 -9999 -9999 -9999 -9999 -9999 -9999 -9999 -9999 -9999 -9999 -9999 -9999 -9999 -9999 -9999 0.198770240050228 0.199909315374971 0.18683101853333 0.162840327024072 0.116918576831805 0.0766167871447039 0.0699483330237311 0.0767694739654545 0.0960505332416191 0.0883499176592224 0.0817203395801023 0.109160284871351 0.120207170790686 0.113056894587058 0.108540641820279 0.105314523732862 0.106929210918083 0.109266779373886 0.112570427437841 0.118605042280227 0.125132693432851 0.125280392231779 0.124979284318447 0.123952358854597 0.120094508949652 0.115158648901978 0.117507919379921 0.11845813514634 0.11664562232531 0.100744033531596 0.0773949921619952 0.0742055945274806 0.0729842874059506 0.0751670800051222 0.0764566697030768 0.0771710455574379 0.0774161133727636 0.0755194979377515
-9999 -9999 -9999 -9999 -9999 -9999 -9999 -9999 -9999 -9999 -9999 -9999 -9999 -9999 -9999 -9999 -9999 -9999 -9999 0.198155080681315 0.196810980839996 0.179202162098335 0.149109529208654 0.106247811107624 0.0679945788977722 0.054609255968573 0.0670447619773658 0.103330162545607 0.100489450674593 0.094620306270792 0.113348163711887 0.120870644406101 0.115954564811732 0.112081946078209 0.108526473804454 0.10531916851005 0.104222895859136 0.105947868787569 0.110900102593879 0.116832359169632 0.121031411615944 0.123114393001126 0.121775229680461 0.115893115691113 0.10829536688272 0.113163128400197 0.11726250939899 0.119844561012793 0.1057859799723 0.0829311994673461 0.076006686018922 0.0714172214351096 0.0714246837808217 0.0722884285653523 0.0737036107804637 0.0745839226367671 0.0732635517637474
-9999 -9999 -9999 -9999 -9999 -9999 -9999 -9999 -9999 -9999 -9999 -9999 -9999 -9999 -9999 -9999 -9999 -9999 -9999 0.203887427663337 0.202978647617721 0.182847520387921 0.147962482487641 0.0948075973027743 0.0491403879676843 0.0425893727589731 0.0603931864333438 0.100692796128432 0.0938077007642538 0.0844410955952675 0.111076318895518 0.122519270976482 0.117097999234342 0.11469515667657 0.112713830655886 0.107726429233423 0.103958604075883 0.101820656199823 0.103482880327622 0.106723772662846 0.114128552440522 0.118776231694805 0.118965082919665 0.111737338016846 0.101667210529533 0.109700176472356 0.116515129598739 0.120924859541114 0.112655311963731 0.0976835279722655 0.0813413487921694 0.0695271141691372 0.0688808939730607 0.0694038071579166 0.0706796306891266 0.0723412662001963 0.0719544087096899
-9999 -9999 -9999 -9999 -9999 -9999 -9999 -9999 -9999 -9999 -9999 -9999 -9999 -9999 -9999 -9999 -9999 -9999 -9999 0.200059938570468 0.209022071337549 0.190941161887236 0.152103649441959 0.0834887908379789 0.0266917285998924 0.0321216848646738 0.0549188951500578 0.0937576964383188 0.0793157967814027 0.0648710674852152 0.106236346560041 0.124646586689833 0.117575520631143 0.116917801814347 0.117232916101298 0.111785897219774 0.105723968467149 0.0988402562329235 0.0963165089987504 0.0959891739798443 0.10606711257937 0.113274926093807 0.115841126410337 0.107600275076301 0.0951707251004073 0.106579442610678 0.115860229231736 0.120938967533086 0.120073690938609 0.116066421985452 0.088321076400032 0.0678818876954807 0.0669671079342472 0.0670914331913024 0.0678849318138414 0.0703625690208091 0.0710305946166009
-9999 -9999 -9999 -9999 -9999 -9999 -9999 -9999 -9999 -9999 -9999 -9999 -9999 -9999 -9999 -9999 -9999 -9999 -9999 0.197361143994335 0.195429222296147 0.178852963181845 0.15103659670732 0.0963162489500755 0.0462711398144684 0.0287092226640143 0.0420558266684766 0.0839516678916009 0.0779352155972593 0.0713545534558334 0.111919457216515 0.129831729912533 0.122598385146715 0.119495530830065 0.117159972675306 0.112252382142572 0.106640141933018 0.100086187348821 0.0959925163421801 0.093176072525892 0.0967837161496827 0.102166169136275 0.110418872832479 0.103419965589914 0.0903374519284563 0.101573972182953 0.109882449640469 0.112408889073414 0.115008522409822 0.117646845872249 0.102416198035024 0.0867626996566085 0.0713236617872525 0.0660059513520428 0.0672062757863259 0.0690084477935428 0.0690421830906615
-9999 -9999 -9999 -9999 -9999 -9999 -9999 -9999 -9999 -9999 -9999 -9999 -9999 -9999 -9999 -9999 -9999 -9999 -9999 -9999 0.182429924843483 0.171026213220876 0.150869702526452 0.104449674406146 0.0586166525628182 0.0287644096519398 0.0336708548015472 0.0706828162867508 0.0726094521444744 0.0746580307300148 0.114127842545373 0.132504753871818 0.127467431092707 0.12237626552962 0.117287929061433 0.112336960924427 0.107172952886293 0.101724232112364 0.0963530686909813 0.0912314320522333 0.0893698250923755 0.091997965847544 0.101886999989422 0.0971682935048092 0.0865824556010771 0.0971047450622883 0.104194855504112 0.104507404628287 0.109527446738229 0.117035858619956 0.112518493330486 0.101831536187735 0.0768981740812472 0.0668577090355531 0.066408122556096 0.0677362194511974 0.0677633568510419
-9999 -9999 -9999 -9999 -9999 -9999 -9999 -9999 -9999 -9999 -9999 -9999 -9999 -9999 -9999 -9999 -9999 -9999 -9999 -9999 -9999 0.171607666813994 0.152478898310521 0.103321371180612 0.0566890637343256 0.0356615656462879 0.0341215513021313 0.0505815180444328 0.059499505996511 0.0716870783378972 0.109480297039118 0.130221151250391 0.132032979819564 0.125854856409206 0.117812277992814 0.111668006163068 0.106949356750285 0.104135950704571 0.0980642869969014 0.0910003395147435 0.0856446283404981 0.0836855555473318 0.0872195818598631 0.0868296455087212 0.0849549918900849 0.0936935719393816 0.0990798221374944 0.0978461900407046 0.10322575063306 0.112101029399062 0.114742600096087 0.109379018531372 0.0848758227512606 0.0715318063076353 0.065374191104696 0.0666255727885441 0.0678846031886587
-9999 -9999 -9999 -9999 -9999 -9999 -9999 -9999 -9999 -9999 -9999 -9999 -9999 -9999 -9999 -9999 -9999 -9999 -9999 -9999 -9999 0.141763979300304 0.143059793354583 0.110355538943614 0.0754539499221788 0.0495444467068583 0.036293116401962 0.0347337457143916 0.0491612237690492 0.0697399794566099 0.106875040438982 0.12716762426969 0.128764168494378 0.126619367865178 0.123138125560421 0.116795550257047 0.110602019333864 0.104607675666279 0.0974130611308673 0.0897892345952797 0.0818643203340819 0.077721010477343 0.0796933730713279 0.0805453492254944 0.0811040651339951 0.091765514365931 0.0976942804633599 0.0942773655925386 0.0978260363104771 0.105056699263829 0.110304601720044 0.109436943134795 0.093753319127841 0.0796918041267563 0.0666749112991133 0.0669069884323939 0.0678864135085798
-9999 -9999 -9999 -9999 -9999 -9999 -9999 -9999 -9999 -9999 -9999 -9999 -9999 -9999 -9999 -9999 -9999 -9999 -9999 -9999 -9999 0.137835334418789 0.13218711347907 0.121700865940472 0.10514794751065 0.0671169669914714 0.0393735899147367 0.0211325513555193 0.0402868468370297 0.0683336476449427 0.105348456300675 0.123707447572803 0.121357495763357 0.125950388337236 0.130999972975498 0.124984621871225 0.116301999279455 0.104054757298107 0.0955140669088183 0.088060518105034 0.0780549043045893 0.0729965336270564 0.075938925387326 0.0764024333954103 0.0760787754611525 0.0906207915577604 0.0982785384455076 0.092341843893375 0.092902720261926 0.0968981974079929 0.102347889937406 0.105539120017392 0.103106086626938 0.0896929444568611 0.0692087207155119 0.06792364739597 0.0678251414982523
-9999 -9999 -9999 -9999 -9999 -9999 -9999 -9999 -9999 -9999 -9999 -9999 -9999 -9999 -9999 -9999 -9999 -9999 -9999 -9999 -9999 0.131698954476915 0.13174225355408 0.120082267159308 0.100759663834148 0.0572173709499609 0.0307606872520231 0.0200854480055609 0.044178350739443 0.0747179467737848 0.103735136361289 0.118792094037251 0.118352456623484 0.119632422943062 0.12102799318769 0.119703154828332 0.116193994191927 0.10976564157287 0.100484100006284 0.0904843707485352 0.0841828685268211 0.0796056028625424 0.0778168007404585 0.0774586690736698 0.077847139913938 0.0854771140889366 0.0918489094656091 0.0957361654560635 0.0975975649720084 0.0983881014981648 0.099581673217106 0.100737690528903 0.101773716178836 0.0946538532481693 0.0822816786512792 0.0713769815411258 0.0634917795533609
-9999 -9999 -9999 -9999 -9999 -9999 -9999 -9999 -9999 -9999 -9999 -9999 -9999 -9999 -9999 -9999 -9999 -9999 -9999 -9999 -9999 0.150190160132975 0.133907719879747 0.119219092017809 0.098560058901472 0.0534586351786145 0.0267843065780109 0.0171305111585102 0.0464173452259399 0.0807073509864654 0.10128710639556 0.112851637980544 0.114408794750356 0.113615702110409 0.112589678668166 0.114675341676513 0.115107918692568 0.113331263386982 0.104269778057037 0.0932191758481331 0.0893401163260812 0.0851548970528907 0.0804745512261795 0.0791856660900684 0.0793897530945186 0.0817734463402731 0.086509634307766 0.0958913192426254 0.099584450289882 0.100270625069358 0.0982906199245944 0.0975175844079277 0.0998822544282099 0.0977789999234 0.0927984461672525 0.0754227971831746 0.0616083078643301
-9999 -9999 -9999 -9999 -9999 -9999 -9999 -9999 -9999 -9999 -9999 -9999 -9999 -9999 -9999 -9999 -9999 -9999 -9999 -9999 0.159402084556556 0.150045345414148 0.133506939425786 0.121100318257078 0.104070644493357 0.0666075317532597 0.0349463016647829 0.00864408967056425 0.0437339637527998 0.0851918431014632 0.0968057773439948 0.104507602341297 0.107866779357946 0.108726611054397 0.109134751015316 0.111201160482852 0.112034952307314 0.111221437972268 0.104685678575583 0.0964257809562045 0.0914368047321957 0.0873292522781033 0.0846471527510102 0.0821909660244179 0.0799098165742177 0.0818651721945811 0.084320521837409 0.087763215125941 0.094288582023666 0.102443442974508 0.100243735736899 0.098223518462461 0.0973656617940044 0.0967685669564785 0.096339400161761 0.0807471913072947 0.0660064448190568
-9999 -9999 -9999 -9999 -9999 -9999 -9999 -9999 -9999 -9999 -9999 -9999 -9999 -9999 -9999 -9999 -9999 -9999 -9999 0.16167588527804 0.161286236765024 0.153307404048016 0.139503572711711 0.125891307475492 0.108726837472174 0.0774134534724036 0.0438572890754985 0.00822953835887798 0.0411885378491765 0.0811496378724005 0.0871618874550707 0.0928757206980942 0.0982582960355925 0.10027343911925 0.101542216406284 0.103930107376099 0.106475563685356 0.109231594908618 0.106502017234711 0.101810046884327 0.0957308914255822 0.0907399132406347 0.087508753128412 0.0852907572608993 0.0835328761545117 0.0831895718498154 0.0833568632815796 0.0845324336792255 0.0911301323780988 0.100593955403511 0.100646656504213 0.0996536109458632 0.0967609153638196 0.0962386590528038 0.0972429422125346 0.087792651870041 0.0768521956307624
-9999 -9999 -9999 -9999 -9999 -9999 -9999 -9999 -9999 -9999 -9999 -9999 -9999 -9999 -9999 -9999 -9999 -9999 -9999 0.162091012253677 0.163377080715411 0.158761763933352 0.149616900895327 0.132554710593769 0.112833234259304 0.0867116858306231 0.0532502482647726 0.0130091839712157 0.0387318854737679 0.0716205573406522 0.0741959226273839 0.0791281311424127 0.0866765601780119 0.0895268038930532 0.0912871581372663 0.0942157914341851 0.0993161782285015 0.107318959721857 0.109219528896286 0.108595623646999 0.101438989887663 0.0949461290520066 0.089526732637456 0.0884513530470283 0.0891526939146352 0.0853071892260097 0.0831817764959073 0.0844530481039551 0.0893470979686905 0.0961561399387953 0.100052036657206 0.101549694754894 0.0973864297598481 0.0960179659594433 0.0964493265159222 0.0959456076979918 0.0918469447950077
-9999 -9999 -9999 -9999 -9999 -9999 -9999 -9999 -9999 -9999 -9999 -9999 -9999 -9999 -9999 -9999 -9999 -9999 -9999 0.159761208312465 0.159500272609858 0.153761648688001 0.143818682710869 0.127882637071731 0.109531218737918 0.0847436654215069 0.0515330352204538 0.0105422715447065 0.0319583763870811 0.0609976521401433 0.0659259473314459 0.0719436432128207 0.0791706314248312 0.0830461209194549 0.0861807183999794 0.0904448525531913 0.0950304324780324 0.100045601904962 0.100832707268646 0.100351628902162 0.102371402845015 0.101685505303736 0.0966239516159004 0.0926799594086522 0.0892662797736804 0.0886463450990223 0.0882064754873165 0.088122182317991 0.0892953861297674 0.0911332999018873 0.0957725472232364 0.0987242114715451 0.0973534742057393 0.0962482654645547 0.0953140544698203 0.0942402727288745 0.0917509457256413
-9999 -9999 -9999 -9999 -9999 -9999 -9999 -9999 -9999 -9999 -9999 -9999 -9999 -9999 -9999 -9999 -9999 -9999 -9999 0.157568564820687 0.156598763428826 0.149579537573263 0.13791713951349 0.122527726205424 0.104998227274804 0.0809428444504927 0.0495385473347875 0.0113462872378365 0.0278773731868688 0.0518555198295398 0.0588195998640633 0.0656792320948116 0.0724229217442784 0.0771627089570557 0.0814639532301756 0.0864765385641815 0.0906235742701257 0.0936138642149825 0.0935422790033589 0.0930583075329273 0.101778566239983 0.105726101262737 0.101955109536217 0.0966817529798702 0.0908910520601375 0.091930181995066 0.0922779331279994 0.0912604110051453 0.0894793274862404 0.0872946272009205 0.0916049143285099 0.0954035724377508 0.0974973443022309 0.0967745001687845 0.0942377831606679 0.0922130835697807 0.0907719160992546
-9999 -9999 -9999 -9999 -9999 -9999 -9999 -9999 -9999 -9999 -9999 -9999 -9999 -9999 -9999 -9999 -9999 -9999 -9999 0.157971349628754 0.158627444359431 0.15048783848303 0.135597184995341 0.117842004685109 0.0984780710202934 0.0742411570768601 0.0494110955720971 0.0240331621601276 0.0331738176611099 0.0475567470973398 0.0541573001182672 0.0606486232324971 0.0670186953785118 0.0720788774556363 0.0766889575994491 0.0804413233919945 0.0851380158060429 0.0910967338522344 0.0923617301771803 0.092386930856188 0.0976439035897056 0.100807149902774 0.100584387628113 0.0997209235980245 0.098534888779343 0.0947436283506666 0.0921293579967019 0.0918393027715404 0.0899669286452317 0.087258144452069 0.0886862624668619 0.091710559761924 0.0983489882083247 0.0981045328427176 0.0934275683046497 0.0916082838293735 0.0907641644755408
-9999 -9999 -9999 -9999 -9999 -9999 -9999 -9999 -9999 -9999 -9999 -9999 -9999 -9999 -9999 -9999 -9999 -9999 -9999 0.163093546383925 0.162475857854941 0.153246288821818 0.13740676136658 0.117528430529095 0.0952303592084941 0.0654624988760439 0.0421478515763736 0.0247938359346203 0.0332838803439984 0.0454812116923798 0.050673650813695 0.0560377028672131 0.0615922543436176 0.0681256786629016 0.0745125550206118 0.0776322983847473 0.0824208342580355 0.0894395931000747 0.0918065004736436 0.0927425594157791 0.0959106906014471 0.0984196228366289 0.0998624877549117 0.100908874282657 0.101693256096175 0.0974883808887148 0.0942704423848199 0.0930014185462925 0.0913353990906856 0.0894595286812782 0.0884272884112686 0.0893432348324608 0.0949641762707087 0.0965841383462282 0.0956275092415824 0.0934374061834774 0.0920347844028552
-9999 -9999 -9999 -9999 -9999 -9999 -9999 -9999 -9999 -9999 -9999 -9999 -9999 -9999 -9999 -9999 -9999 -9999 -9999 0.163643101075454 0.165243765434128 0.157443500431227 0.142427650843822 0.120614839206103 0.0945274506707292 0.0550686926555679 0.0293354874182282 0.0162801472992901 0.029360774062804 0.0451345678632322 0.0481065742895866 0.0517531515755729 0.0561485381605223 0.0650517118538298 0.0743569378888921 0.0773321071982495 0.081856469897034 0.0884512198136349 0.0917375476736491 0.0938968344714737 0.0960449552951844 0.0980006477027334 0.0996451417305497 0.100657231223146 0.101363516152343 0.100179713955517 0.0981920712996483 0.0946170761280778 0.0933888739979201 0.0934011811754866 0.0902366021164655 0.0880068256530903 0.0882849014659266 0.0928471206120713 0.100168285737792 0.0971592582762489 0.0942995248310495
-9999 -9999 -9999 -9999 -9999 -9999 -9999 -9999 -9999 -9999 -9999 -9999 -9999 -9999 -9999 -9999 -9999 -9999 -9999 0.165185684108756 0.165152369467575 0.158666664653165 0.147228495536932 0.112810623120963 0.0761540212534199 0.0425943188754842 0.0220222760973657 0.0134465295176967 0.0289928610193555 0.0461903827243125 0.0470543058874931 0.0485511372490699 0.0507505301541558 0.0616882126823532 0.0738627392893504 0.0774687782067817 0.0813499334433566 0.0855987621508196 0.0891275755390619 0.0923725923876736 0.0950524075020918 0.0974390116884638 0.0993514303696602 0.101085632104229 0.102718201858916 0.102981665120795 0.102335469324768 0.0998929598725215 0.0974052988038891 0.0948937706965371 0.0913321636566981 0.0886935265560427 0.0883852118646623 0.0905232471596032 0.0942367076759464 0.0961929004667949 0.0970768723953821
