layers/veg_sum/veg3000.asc
NCOLS 255 
NROWS 330 
XLLCORNER -2985163.8955 
YLLCORNER -3022031.214 
CELLSIZE 25000 
NODATA_value -9999 
[rows 125 to 149 of 330, columns 171 to 227 of 255]
0.373695312923973 0.368278778896549 0.384581348546093 0.375005538382307 0.353355285377097 0.277029763052545 0.230021252484472 0.242706015246655 0.254020943790207 0.264589785504331 0.282390152730272 0.293470343797271 0.286907281994293 0.293379113921194 0.308487577345391 0.332002765099153 0.353277103396055 0.364995906531074 0.338029968088677 0.280116465604725 0.286864344626185 0.298399854134519 0.290657441084049 0.269431901993818 0.235233268586384 0.240326214467397 0.264411417211053 0.351889908917628 0.401986610719208 0.408852418589513 0.415818570159091 0.425197708772136 0.456095272876284 0.490176376719851 0.528693660729415 0.571952685671215 0.615032894643264 0.625065868555501 0.638010650388757 0.655873495891036 0.660554263945335 -9999 -9999 -9999 -9999 -9999 -9999 -9999 -9999 -9999 -9999 -9999 -9999 -9999 -9999 -9999 -9999
0.33217552328229 0.298385597928881 0.336367996772776 0.348193003677113 0.347642520418432 0.276929785232537 0.233853840947759 0.24705002040244 0.262384701866785 0.278884128788948 0.292247607678146 0.301544042460076 0.300843019193324 0.309501258735089 0.324360738243868 0.341574763038406 0.359350764588334 0.378269041873464 0.350435667885802 0.285201249899494 0.279423217197425 0.283925246667244 0.295498975493474 0.293548466447937 0.278585306407273 0.247838951542402 0.235936873583771 0.353802302973148 0.417510779265026 0.41858839970572 0.399044885774606 0.380035420461243 0.417787834454244 0.458053674440549 0.501821908445101 0.548892361887625 0.593964478875838 0.583103718458281 -9999 0.67049752085925 0.67049752085925 -9999 -9999 -9999 -9999 -9999 -9999 -9999 -9999 -9999 -9999 -9999 -9999 -9999 -9999 -9999 -9999
0.297148790291339 0.251803009300494 0.283963541745028 0.317688612221547 0.350970872373305 0.285303672705542 0.245405623292758 0.257976936802649 0.275747259843228 0.296349248558493 0.296194702659244 0.298993406413954 0.31113728174268 0.312685710822688 0.307213832204308 0.338087422383856 0.369629245494863 0.393102426170625 0.371614966862524 0.314159261974562 0.28549441207631 0.269882004096974 0.291759230091006 0.304979674514334 0.309870800983578 0.262875046394632 0.230530349623988 0.34744505369283 0.410895281734291 0.412515482425399 0.395548052822458 0.380256665391427 0.426908521672378 0.462729233449505 0.483457025911698 0.515453928117111 0.550411183024435 0.566301163562917 -9999 -9999 -9999 -9999 -9999 -9999 -9999 -9999 -9999 -9999 -9999 -9999 -9999 -9999 -9999 -9999 -9999 -9999 -9999
0.301312701694544 0.295223674231374 0.32454246788289 0.344017407132386 0.358257971951961 0.2957788198761 0.257671256683124 0.269187438528118 0.282633886532897 0.297131663333173 0.306207702538529 0.316419073623262 0.329991456049339 0.333986207304747 0.331635032559358 0.361171641952403 0.390221918740992 0.408750088127747 0.398576032739594 0.36544036760205 0.314515421432618 0.275912494332572 0.300155237808724 0.330966396285304 0.368097503641973 0.333252134367011 0.30266500925184 0.384924585277252 0.431241893776243 0.435993071840248 0.427172909443379 0.419447884671921 0.455789151216563 0.482965716577459 0.4973715082253 0.517479994273812 0.538442551474489 -9999 -9999 -9999 -9999 -9999 -9999 -9999 -9999 -9999 -9999 -9999 -9999 -9999 -9999 -9999 -9999 -9999 -9999 -9999 -9999
0.317076545865198 0.364302313892082 0.389075771095646 0.383608446940295 0.364311762138816 0.305580343255904 0.26963977268259 0.280104352432026 0.287708138389915 0.293753779179178 0.317998293313942 0.339014642161333 0.350222423711348 0.359931575733776 0.368647769067861 0.391144793318205 0.411936124118666 0.423379555496095 0.425070891648805 0.418960609406253 0.350060137124281 0.291653301951982 0.315851880842119 0.362332145107001 0.43025123632198 0.417110131556454 0.396968379228886 0.434744891087325 0.458337359292053 0.465526415881965 0.467781879953084 0.470543755412286 0.490302158777734 0.507620542421689 0.521538821785775 0.532247109379956 -9999 -9999 -9999 -9999 -9999 -9999 -9999 -9999 -9999 -9999 -9999 -9999 -9999 -9999 -9999 -9999 -9999 -9999 -9999 -9999 -9999
0.316437927110788 0.382873185635872 0.368043452754625 0.35286666703113 0.337260042076158 0.297561422750049 0.274661523251669 0.285966016158783 0.296858149579243 0.307525689411811 0.327016844480129 0.34353619924471 0.351743962162234 0.368916040753595 0.392027676099674 0.397235818880858 0.404079162713736 0.421202660564757 0.420672220257703 0.406018734029837 0.372480270329827 0.348273171930374 0.374963460325419 0.401607600402136 0.428207337831834 0.439894438097504 0.44858645272168 0.457923284410729 0.45804399760255 0.447506552310674 0.47523497470753 0.51016812508782 0.513716494896709 0.523310975010692 0.541330553226886 0.54398980408537 -9999 -9999 -9999 -9999 -9999 -9999 -9999 -9999 -9999 -9999 -9999 -9999 -9999 -9999 -9999 -9999 -9999 -9999 -9999 -9999 -9999
0.313281168980936 0.385961001267037 0.339739642290849 0.322611733838837 0.31811511938741 0.292845636215893 0.280267871962775 0.293532108685741 0.305128647125821 0.3158168656339 0.329186583936122 0.341166295028662 0.349389297664533 0.374359693403669 0.410426540389024 0.409536425896751 0.410539292840948 0.428004120021277 0.425515464127992 0.407064140007055 0.394867286452723 0.390468914586603 0.41515300778176 0.426765675235155 0.425801375113813 0.453409118536966 0.480631874696581 0.470712976197638 0.457775870178346 0.441348299697442 0.478225454974013 0.525524351443774 0.532581983922839 0.5436938273924 0.56045510886398 0.567951574787689 -9999 -9999 -9999 -9999 -9999 -9999 -9999 -9999 -9999 -9999 -9999 -9999 -9999 -9999 -9999 -9999 -9999 -9999 -9999 -9999 -9999
0.306170343243353 0.364736798572012 0.300017888982897 0.293121263825943 0.311385717333452 0.293316542352077 0.286792176446892 0.303774552956489 0.312018102606469 0.315502007960869 0.320602087626277 0.327975185219411 0.340948088208484 0.374243442724799 0.421004002911345 0.431587527711019 0.439480604278567 0.448903695174648 0.444870675892059 0.430072848198607 0.417202301012466 0.410015404715114 0.42563054062924 0.429756161833908 0.42282688690061 0.452368318584221 0.481943657334794 0.467189977498682 0.457547366450906 0.453815549755825 0.474208587051299 0.502773918440206 0.5443047194073 0.571444876024548 0.578532042490531 0.576682624049883 -9999 -9999 -9999 -9999 -9999 -9999 -9999 -9999 -9999 -9999 -9999 -9999 -9999 -9999 -9999 -9999 -9999 -9999 -9999 -9999 -9999
0.296541185630294 0.341913407913155 0.289305801485899 0.301071170597536 0.340609251294074 0.318870872578747 0.306548032879799 0.313396463047137 0.326821375665773 0.343828201244483 0.340597914139813 0.341087166176865 0.352811722586637 0.38733355411595 0.436960354541064 0.450920519459508 0.460159337279496 0.464265569029328 0.443811632863504 0.403709707892583 0.389094983761683 0.384412108351357 0.406070362601581 0.423329327558907 0.436355416938484 0.450840862345389 0.461255371689139 0.446017312230897 0.43941277064024 0.442792627767139 0.475807082662292 0.517285949643644 0.560487201763891 0.586347147204663 0.588042430966662 0.588783499225485 -9999 -9999 -9999 -9999 -9999 -9999 -9999 -9999 -9999 -9999 -9999 -9999 -9999 -9999 -9999 -9999 -9999 -9999 -9999 -9999 -9999
0.286219017644839 0.318764299897356 0.290818264683267 0.324379442356856 0.384127997401964 0.354903824880621 0.332448381180854 0.323774955341601 0.345463674824974 0.383689283539352 0.372791221966542 0.365844696099602 0.373335512854148 0.405762480161975 0.45471158779198 0.46863520464906 0.47695133101027 0.477110185750276 0.434885100969073 0.358753115710298 0.341931352756058 0.341769099802022 0.37568192035716 0.413934872048313 0.456363778960125 0.449703352574487 0.433378451120498 0.42031799978727 0.417064426817049 0.425152208003107 0.481305518310052 0.547077995016084 0.578565201294416 0.596284681556816 0.594819192231268 0.609511987329105 -9999 -9999 -9999 -9999 -9999 -9999 -9999 -9999 -9999 -9999 -9999 -9999 -9999 -9999 -9999 -9999 -9999 -9999 -9999 -9999 -9999
0.289484113006511 0.30868068138439 0.300393129424114 0.341840782217274 0.404454978572795 0.394360418186482 0.384095705969634 0.373484542354121 0.385868606891897 0.410777133610193 0.418897493456942 0.419701357955358 0.403529368367737 0.419081141691682 0.455652376750607 0.467244614814046 0.47573501483727 0.481288041024919 0.448804385962379 0.385891611280084 0.366108800981672 0.363647789581727 0.407934168092635 0.440756400949074 0.462548147076918 0.471518784101108 0.480177535893899 0.502661038690118 0.519021218091262 0.528299961721882 0.547873701295792 0.570842541725732 0.598511204662649 0.620100028263282 0.633216753230399 0.633278299923436 -9999 -9999 -9999 -9999 -9999 -9999 -9999 -9999 -9999 -9999 -9999 -9999 -9999 -9999 -9999 -9999 -9999 -9999 -9999 -9999 -9999
0.306959996282924 0.318527065118227 0.321439373156985 0.367585556972874 0.432163159048869 0.436303872175904 0.435273173246568 0.423712802468391 0.429876519297094 0.44569374612521 0.456238589442099 0.456368565468704 0.430647360591907 0.44051462318034 0.473962015029517 0.485367096989478 0.493828971939737 0.499037420834935 0.473664973401909 0.423827990108615 0.411112478510519 0.411991996410331 0.447564342779716 0.467038833925088 0.47102440999914 0.492069963203481 0.519126484029076 0.560600729890988 0.589369610509104 0.60344512575845 0.599671710205021 0.594193097528221 0.61828974281141 0.64047053446578 0.659981633713332 0.665581682689745 -9999 -9999 -9999 -9999 -9999 -9999 -9999 -9999 -9999 -9999 -9999 -9999 -9999 -9999 -9999 -9999 -9999 -9999 -9999 -9999 -9999
0.351637675765498 0.366522766311343 0.364443731768271 0.409186194841599 0.474000174636893 0.483007588433204 0.485551255608334 0.47493388860301 0.480781131412717 0.495595903553758 0.476801691185463 0.46013231704965 0.451877642236004 0.477481210932874 0.525518500871037 0.540840823259813 0.548885982848655 0.542764941113519 0.519469021623334 0.482433301696156 0.495981000173855 0.510995575933408 0.501317088753175 0.492289348222944 0.483887738283065 0.510201154265508 0.543048973511529 0.571828381272528 0.599214304662453 0.624988706100274 0.623197165363582 0.616751206328099 0.637747724858779 0.654247046731144 0.664479641547715 0.666733107121007 -9999 -9999 -9999 -9999 -9999 -9999 -9999 -9999 -9999 -9999 -9999 -9999 -9999 -9999 -9999 -9999 -9999 -9999 -9999 -9999 -9999
0.387559561307232 0.408331325677391 0.412973312592062 0.431425741348246 0.455986744099598 0.480503950678151 0.493928791325444 0.484768123022709 0.494307419890399 0.514031743190214 0.483008642626913 0.455812180956851 0.442884349323611 0.47372321454095 0.533560922432838 0.535910614585728 0.533321440571622 0.531033606990641 0.529101659210149 0.527454417961304 0.558380360506575 0.582293976277068 0.556737179308248 0.545662301032646 0.548521527989548 0.573990104562017 0.602406806726713 0.620506256046049 0.638624913274419 0.656765783860688 0.672692544138347 0.685618092463646 0.677042407326484 0.676404999594227 0.686829375806361 0.692165710787329 -9999 -9999 -9999 -9999 -9999 -9999 -9999 -9999 -9999 -9999 -9999 -9999 -9999 -9999 -9999 -9999 -9999 -9999 -9999 -9999 -9999
0.418994536620073 0.446969281653381 0.464334295825467 0.44374368857309 0.407302927674058 0.452783983993182 0.480834374572408 0.473393648151615 0.488679170949414 0.516342655250613 0.481858778904323 0.447349453279827 0.4184029731206 0.44909588814882 0.51930454374459 0.500026384448969 0.481566854135103 0.490882359976032 0.520198242446382 0.56551430771117 0.609265389815726 0.639394846083421 0.613011701284261 0.613446609097257 0.639685112079145 0.661176392475392 0.679923496503964 0.688375513296952 0.693186586987652 0.693787021608769 0.735496221018849 0.77821593071146 0.726502415134743 0.702858025160579 0.718327234659717 0.710633542452567 -9999 -9999 -9999 -9999 -9999 -9999 -9999 -9999 -9999 -9999 -9999 -9999 -9999 -9999 -9999 -9999 -9999 -9999 -9999 -9999 -9999
0.422844069935548 0.449400289651555 0.475259783946069 0.471422952315362 0.454817932000751 0.470301883684477 0.480457201288401 0.479762722424505 0.482527078855651 0.48717530665144 0.45359366331148 0.422601781377218 0.401618316847447 0.429950868639904 0.49095911911591 0.478954400294938 0.47109257008732 0.497047206678105 0.545257483703892 0.611272141205371 0.637262766460992 0.653785469340118 0.65479916354977 0.671239986268968 0.702524369198738 0.721785245566432 0.732234280369137 0.705692931131265 0.703778004105698 0.730342779343527 0.763564447628997 0.794584200818111 0.788968844453931 0.770148942575868 0.732928848551809 -9999 -9999 -9999 -9999 -9999 -9999 -9999 -9999 -9999 -9999 -9999 -9999 -9999 -9999 -9999 -9999 -9999 -9999 -9999 -9999 -9999 -9999
0.430834141416246 0.454947502281159 0.484994712648758 0.492983850203719 0.491146772334538 0.483312566081607 0.479690276731354 0.484644001505748 0.4775239143035 0.463827767039222 0.433834201548827 0.408075288462647 0.394497152937933 0.416751146213168 0.462746713345606 0.46215329244977 0.468473523153919 0.510078782142362 0.57237989345777 0.65123756400472 0.672454385422945 0.685589290367748 0.699817812553936 0.721557322842766 0.750523700015699 0.760110524946017 0.758639033335287 0.715985615878223 0.710755664391845 0.748804803928965 0.780814732145555 0.810660784252333 0.836195673184561 0.851803919467269 0.853579646340368 -9999 -9999 -9999 -9999 -9999 -9999 -9999 -9999 -9999 -9999 -9999 -9999 -9999 -9999 -9999 -9999 -9999 -9999 -9999 -9999 -9999 -9999
0.449998970078159 0.469680451652057 0.493944940776477 0.49930744833669 0.496197462980378 0.483395224616139 0.47736332345223 0.485116715018509 0.475263531240739 0.455820841085602 0.435546600686282 0.418533002755728 0.409837536106282 0.417332995886692 0.435556204436847 0.454706376933139 0.482354467377362 0.537020317329081 0.602675159592729 0.677121130592367 0.725804952301974 0.76070862995134 0.753203530957333 0.754700228305945 0.764858207365686 0.747083798524345 0.725058119623367 0.712207432701985 0.711396785134187 0.724510073941456 0.774231511681698 0.829875099851173 0.846737542231251 0.855932301385916 0.854442342576308 -9999 -9999 -9999 -9999 -9999 -9999 -9999 -9999 -9999 -9999 -9999 -9999 -9999 -9999 -9999 -9999 -9999 -9999 -9999 -9999 -9999 -9999
0.476743575334598 0.496219964304773 0.508504557229146 0.507596184050567 0.500715193872458 0.481917032628743 0.466623522315456 0.458465940031085 0.451357336909959 0.44482006536122 0.400496132045559 0.371499337700097 0.384670661754012 0.402968401350123 0.424662790190752 0.466454682413589 0.513889911125901 0.573792482903151 0.631228236082482 0.686690549000223 0.733443607796377 0.765555272683221 0.741213698540228 0.738273920348721 0.755926363621092 0.753929631949684 0.746329648316371 0.729863873432584 0.723359432427239 0.728374968646295 0.77914513601067 0.837718624535435 0.851444387574892 0.859505423273278 0.859672808151135 -9999 -9999 -9999 -9999 -9999 -9999 -9999 -9999 -9999 -9999 -9999 -9999 -9999 -9999 -9999 -9999 -9999 -9999 -9999 -9999 -9999 -9999
0.50822802605301 0.530142449884845 0.526571880467744 0.517113775038588 0.504899650183318 0.479462797327813 0.450622933048179 0.414854092078358 0.41391541378428 0.431947151972513 0.342456818043179 0.288514711542882 0.334173470822927 0.379257378870944 0.423960403241681 0.490206294323976 0.556465205246527 0.616712015520132 0.658691872853169 0.686058276071719 0.712497331659557 0.726458440416954 0.688342712962982 0.690850602340583 0.732445422383053 0.773202330657128 0.801901937324504 0.760923981617878 0.742401745667533 0.749848861142079 0.791248057667698 0.838451676893321 0.852502430044928 0.860442856479097 0.859868700903802 -9999 -9999 -9999 -9999 -9999 -9999 -9999 -9999 -9999 -9999 -9999 -9999 -9999 -9999 -9999 -9999 -9999 -9999 -9999 -9999 -9999 -9999
0.532058715542746 0.535138402272603 0.527290499038698 0.506245322413561 0.479427340853642 0.458279693508991 0.435003971108603 0.407395209344429 0.398058704656419 0.398674273119307 0.309303672734834 0.258379393555683 0.31279450045736 0.34905491541457 0.373286434124484 0.459832836389127 0.542835727929969 0.596952486348371 0.63928550924488 0.672191613546553 0.692753903337372 0.709057817071852 0.714932156075089 0.743321867093083 0.793375251941087 0.814930360952575 0.825302858727462 0.804897840149957 0.798456649174194 0.80816419670078 0.832471291364162 0.85818516454752 0.859816302873953 -9999 -9999 -9999 -9999 -9999 -9999 -9999 -9999 -9999 -9999 -9999 -9999 -9999 -9999 -9999 -9999 -9999 -9999 -9999 -9999 -9999 -9999 -9999 -9999
0.554713339412735 0.543500301529258 0.528151058587314 0.497624077676808 0.46064276481634 0.446293102281608 0.430588176333568 0.412123756681425 0.391800942705224 0.370465945276308 0.289604086585175 0.246240245601462 0.303060537212107 0.329361698715953 0.335441561464888 0.435554407461561 0.529705586454251 0.578295069828548 0.625148882029389 0.670614167575915 0.687951268326777 0.705826647479086 0.74314547741265 0.789297127464733 0.843947474936576 0.849632115688617 0.845145933627095 0.840804184324688 0.843804475059808 0.855295609997631 0.865638948551983 0.874641282378559 0.874435627141141 -9999 -9999 -9999 -9999 -9999 -9999 -9999 -9999 -9999 -9999 -9999 -9999 -9999 -9999 -9999 -9999 -9999 -9999 -9999 -9999 -9999 -9999 -9999 -9999
0.575494224169759 0.568049400559968 0.533128818709945 0.500038562296696 0.46809672361845 0.465691816187255 0.459466135296127 0.445460859527759 0.409542618093651 0.361689373974897 0.304684169736706 0.27645886630914 0.321817238771372 0.342358595076655 0.346456746868605 0.440959249068394 0.530031618952878 0.576268220050021 0.636691978118194 0.708465377699416 0.727402161096268 0.740187138576818 0.759275614063159 0.794648119344699 0.845688671767105 0.858620315671204 0.861240719292125 0.849926898120773 0.849373459536754 0.86126407351082 0.868607406108018 0.87408947136391 0.874232578586984 -9999 -9999 -9999 -9999 -9999 -9999 -9999 -9999 -9999 -9999 -9999 -9999 -9999 -9999 -9999 -9999 -9999 -9999 -9999 -9999 -9999 -9999 -9999 -9999
0.58692001281388 0.579520472906619 0.545041224651849 0.513284525448721 0.483103327968773 0.48528459942056 0.482609103550694 0.470044593696691 0.428798497840753 0.371930837512224 0.345487197381716 0.332206072945236 0.34944475440847 0.357809062066188 0.360293406456402 0.451319430395825 0.539960518082349 0.596064333626185 0.662209877974886 0.736388745866788 0.757303215805469 0.769011849749449 0.774400552622373 0.79581576411238 0.832651242924055 0.847633563754499 0.856431657720314 0.855648177372371 0.85911947518758 0.867511293500596 0.871424919917928 0.873822565089791 -9999 -9999 -9999 -9999 -9999 -9999 -9999 -9999 -9999 -9999 -9999 -9999 -9999 -9999 -9999 -9999 -9999 -9999 -9999 -9999 -9999 -9999 -9999 -9999 -9999
0.591269487595246 0.581099159284704 0.562199085023295 0.53472355693121 0.503822849615537 0.505024179165315 0.50141405178281 0.488007168299741 0.449199741052325 0.396557784848707 0.405747387894248 0.407263427154548 0.383782266808328 0.375115441132357 0.376264265056293 0.465427893807838 0.557153147850386 0.632367614659472 0.698298497409281 0.756802567920093 0.779980651362336 0.793649226473306 0.78876514654136 0.793819071837865 0.808435073374948 0.821537503785057 0.835810659830399 0.858796568207869 0.872025050424341 0.873969368439996 0.874128257955582 -9999 -9999 -9999 -9999 -9999 -9999 -9999 -9999 -9999 -9999 -9999 -9999 -9999 -9999 -9999 -9999 -9999 -9999 -9999 -9999 -9999 -9999 -9999 -9999 -9999 -9999
