layers/veg_sum/veg3900.asc
NCOLS 255 
NROWS 330 
XLLCORNER -2985163.8955 
YLLCORNER -3022031.214 
CELLSIZE 25000 
NODATA_value -9999 
[rows 150 to 174 of 330, columns 57 to 113 of 255]
-9999 -9999 -9999 -9999 -9999 -9999 -9999 -9999 -9999 -9999 -9999 -9999 -9999 -9999 -9999 -9999 -9999 -9999 -9999 -9999 -9999 0.457209571745856 0.458291507297438 0.308510327974823 0.159870990586603 0.0942085531851956 0.052970330921858 0.0342919945994066 0.0650197948881718 0.0974994009325643 0.0876986028869375 0.0788759414827462 0.0711390634359375 0.0602571418706136 0.0465780304551046 0.0169481729686751 0 0 0.00157174174059854 0.00812211218792641 0.0795966693768024 0.116567590127814 0.0977386660923078 0.115013191249352 0.14900214886087 0.250640425463805 0.319422052565344 0.32332129578473 0.330336415599231 0.338998580487478 0.371475587096956 0.394096064265279 0.390950295093442 0.391332295047945 0.393986143465667 0.39822753238437 0.400014880948828
-9999 -9999 -9999 -9999 -9999 -9999 -9999 -9999 -9999 -9999 -9999 -9999 -9999 -9999 -9999 -9999 -9999 -9999 -9999 -9999 -9999 0.482960643504386 0.486956332207659 0.361112297033782 0.226545731359678 0.125007764451976 0.0664363514950187 0.0475518046634275 0.0694402586093365 0.0920345781107049 0.0757305974619515 0.0667011950068436 0.0657469587402221 0.0519090917714624 0.0341888265051992 0.0124401598681732 0 0 0 0.00359831995117649 0.0597710913698471 0.0945708481801324 0.0948058164378946 0.116987242013736 0.149667959597005 0.241818781701216 0.304384295411971 0.308527378181479 0.313511224203009 0.318939495711286 0.362381551357199 0.393525616164037 0.391941234936312 0.399416663315311 0.412726519570676 0.410799206654408 0.407639393459904
-9999 -9999 -9999 -9999 -9999 -9999 -9999 -9999 -9999 -9999 -9999 -9999 -9999 -9999 -9999 -9999 -9999 -9999 -9999 -9999 -9999 0.47940395571168 0.477113058266259 0.386099815494892 0.282217442616074 0.173579194021953 0.091315627117499 0.0334135312892891 0.0560759859836062 0.083733275925162 0.054023342468069 0.0475708658658389 0.0669353953119631 0.0571448728709691 0.0388932063254227 0.0141519248810872 0 0 0 0.00349180832634926 0.0580018445697071 0.0927454348491456 0.0955224056461974 0.112577940912245 0.137088983913287 0.234098212374997 0.29818821431183 0.2972722608362 0.304999352853603 0.317295138484798 0.364126792773157 0.39649447291562 0.391080181445855 0.400033988870255 0.418240710026558 0.415518292379018 0.411916761352537
-9999 -9999 -9999 -9999 -9999 -9999 -9999 -9999 -9999 -9999 -9999 -9999 -9999 -9999 -9999 -9999 -9999 -9999 -9999 -9999 -9999 0.493765546834058 0.488118698553182 0.413421942153617 0.323803888378938 0.211082224235568 0.111486024992188 0.0240134084060601 0.046371964237857 0.0789917998941188 0.0520957052344817 0.0474246913742475 0.0674246915893709 0.0580449094411057 0.0400269496573371 0.0145644558082995 0.000393968654407699 0.00131444850610863 0.0110769805325004 0.0249045441807443 0.0541459026005226 0.0722577313265678 0.0723707027270775 0.100925821863319 0.142641444021385 0.237268909330526 0.301693039027476 0.306474312698331 0.314948101133401 0.325373744228462 0.367174555920563 0.397713425457565 0.398521143451809 0.407315482367591 0.421253126249514 0.419277893031192 0.417415868493507
-9999 -9999 -9999 -9999 -9999 -9999 -9999 -9999 -9999 -9999 -9999 -9999 -9999 -9999 -9999 -9999 -9999 -9999 -9999 -9999 -9999 0.50382577926386 0.515960789142015 0.442869722300002 0.352565743809472 0.238507511332081 0.127369004353667 0.018927356777416 0.0400005895104307 0.0774915344818416 0.0681773483245317 0.0645635305230543 0.0672774228077983 0.0549972641304607 0.0379096395952446 0.0137940381498017 0.00114664454077196 0.00382569828028902 0.0322395173162301 0.0659104877959576 0.0483900311835237 0.0347780707492847 0.0274869942162175 0.0826791396469361 0.164702519907706 0.250356070290787 0.314030508253595 0.334302553364976 0.341705186049396 0.342305077452901 0.371408261044884 0.39733909567056 0.413521064692364 0.420664680006268 0.421987684830668 0.422163885515341 0.424027365412295
-9999 -9999 -9999 -9999 -9999 -9999 -9999 -9999 -9999 -9999 -9999 -9999 -9999 -9999 -9999 -9999 -9999 -9999 -9999 -9999 -9999 0.507925537127711 0.507920874766978 0.466101414074314 0.410962202307706 0.324889215204604 0.201928535683469 0.0448958448870883 0.0465647573422683 0.072678502653402 0.0648700636579908 0.0611204040953769 0.0618762041717671 0.0549279610985213 0.0449047820780177 0.0263757885089988 0.0123951438851115 0.00449304541462041 0.0348117915670198 0.0749954754829284 0.0692065081088819 0.0605118813792052 0.0471181748485153 0.102654763977163 0.187795650625912 0.27718984131436 0.337269132934557 0.33945997385524 0.343757260082117 0.349168008366548 0.389137000887181 0.420097668331538 0.42661560211931 0.42914323649819 0.429101157481658 0.434248813686653 0.439661142722263
-9999 -9999 -9999 -9999 -9999 -9999 -9999 -9999 -9999 -9999 -9999 -9999 -9999 -9999 -9999 -9999 -9999 -9999 -9999 -9999 -9999 0.484973981962392 0.490782224677184 0.483528338474646 0.46539341209324 0.411016353846293 0.27824923428771 0.0730756594104016 0.0522829155230838 0.063744857842276 0.0566661581067465 0.0530328715656516 0.0532241757282993 0.0527987081653082 0.0507242962946387 0.0366164876006673 0.021282685427439 0.00431042982037685 0.0308030714136076 0.0705313053499173 0.0874514354051084 0.0926233254955237 0.0787957698976616 0.131817862326937 0.21368607806963 0.307009432931028 0.363670217708384 0.347933025747485 0.350986823220704 0.363973493718098 0.411440157877248 0.444166868841844 0.438440655295977 0.437158038760819 0.43873705479809 0.44803369850748 0.45585336148576
-9999 -9999 -9999 -9999 -9999 -9999 -9999 -9999 -9999 -9999 -9999 -9999 -9999 -9999 -9999 -9999 -9999 -9999 -9999 -9999 -9999 0.480152230806164 0.47743783791224 0.476534627480226 0.469496778395269 0.437253931351411 0.305582085021441 0.0820707723900602 0.0406963259587321 0.0363836003234829 0.0419095056210186 0.0409066447240245 0.0326565083667634 0.036854918062957 0.0412984279597468 0.0212591803146169 0.00730385665362107 0.00147926640323953 0.0105710916445808 0.026356942628588 0.0657549555636949 0.0955722264727659 0.109895364786415 0.171445494238125 0.253294573434476 0.338914242728332 0.395913225386457 0.396394626201934 0.41003783069797 0.430638333807068 0.444450960492091 0.452171040403606 0.445467154773251 0.447565545506081 0.455332515250848 0.46164290110112 0.466029047259018
-9999 -9999 -9999 -9999 -9999 -9999 -9999 -9999 -9999 -9999 -9999 -9999 -9999 -9999 -9999 -9999 -9999 -9999 -9999 -9999 -9999 0.476413586517007 0.474374674738645 0.477231853463599 0.475886011499245 0.455370494217283 0.328914590052483 0.104604853897604 0.0456683150420326 0.0234990547167065 0.0271384237424278 0.0247562507589468 0.015689847962975 0.0239919316355043 0.0331246245644852 0.0120529327057407 0 0 0 0.00333284503855866 0.0553613319616281 0.095285882247768 0.115635748373796 0.176631730268971 0.255260743493588 0.345938817738025 0.408420082555074 0.415220800472718 0.436836096080702 0.466282342774089 0.461479503326578 0.456859362429131 0.455078884457765 0.459920567295272 0.469026856267149 0.463648912455108 0.457632944043593
-9999 -9999 -9999 -9999 -9999 -9999 -9999 -9999 -9999 -9999 -9999 -9999 -9999 -9999 -9999 -9999 -9999 -9999 -9999 -9999 -9999 0.479587156891183 0.483157656092643 0.486344620397004 0.48477647504285 0.464600918573672 0.347869855590798 0.141953481980757 0.0687589543087883 0.0264551488485156 0.0123515530013262 0.00420255153796184 0.00266346448536269 0.0145000077404813 0.0263208497888809 0.00957726873690901 0 0 0 0.00345169125763985 0.0573354666456048 0.0914594832074131 0.0936276948353213 0.144131663805836 0.216038105091588 0.325739059053905 0.399331341776669 0.401619437846451 0.428342917438987 0.467982883557122 0.461020012902701 0.457919431143398 0.467519412601699 0.474406589852031 0.479546747994773 0.452958534369125 0.428915305077597
-9999 -9999 -9999 -9999 -9999 -9999 -9999 -9999 -9999 -9999 -9999 -9999 -9999 -9999 -9999 -9999 -9999 -9999 -9999 -9999 -9999 -9999 0.485501720033631 0.483052820953393 0.477375393479653 0.460202472550484 0.344481342492756 0.137734304537845 0.0601299586375828 0.0142610385146615 0.00491614495940668 0 0 0.00661900954553736 0.0131385466703618 0.0047806736212458 0 0 0 0.002200896029939 0.0365587161469638 0.0552761704571919 0.0486997695531941 0.123726800135634 0.233208385260168 0.315648267420792 0.376753484299959 0.39572890511669 0.428521130368323 0.468616886098376 0.470083585072908 0.472527915996164 0.480061794146839 0.472491771427746 0.455194985774141 0.43498369052004 0.418283335361105
-9999 -9999 -9999 -9999 -9999 -9999 -9999 -9999 -9999 -9999 -9999 -9999 -9999 -9999 -9999 -9999 -9999 -9999 -9999 -9999 -9999 -9999 -9999 0.424822293964775 0.464320826530732 0.451068059908256 0.335494445855392 0.12541025554223 0.046761949079488 0.00167236521270445 0.00057650708973765 0 0 0 0 0 8.21132182050665e-05 0.000273964935519276 0.000201954245251354 0.000775986820798904 0.012101681371194 0.0147611438625059 0.00340543422401525 0.110415383802549 0.26616148987775 0.315559136049967 0.360638890738476 0.397192058052471 0.433914503747989 0.470726429599691 0.479550853313328 0.485768830936604 0.487568640824009 0.464350308266476 0.425020539152125 0.41712346418617 0.412865967254831
-9999 -9999 -9999 -9999 -9999 -9999 -9999 -9999 -9999 -9999 -9999 -9999 -9999 -9999 -9999 -9999 -9999 -9999 -9999 -9999 -9999 -9999 0.378126507224921 0.411340185583066 0.439820849730082 0.432308270191177 0.327634614628123 0.133216302763622 0.0600395597145591 0.0163990311050085 0.00565316572304021 0 0 0 0 0 0.000805193273124613 0.00268647031469689 0.00198034133005537 0.000739820187941559 0.00456094763576774 0.00534962436658143 0.00123417223443343 0.128208518721618 0.30917472551707 0.373260655278394 0.422038511448629 0.440587347852526 0.462619782295624 0.486493638506958 0.473063586065762 0.461152993801488 0.455564306400801 0.440508691772375 0.419356469541949 0.414772464632645 0.411868649898605
-9999 -9999 -9999 -9999 -9999 -9999 -9999 -9999 -9999 -9999 -9999 -9999 -9999 -9999 -9999 -9999 -9999 -9999 -9999 -9999 -9999 0.369684389822442 0.372606197089329 0.398688022469041 0.420608428878264 0.414025004030462 0.31936582551831 0.143353819675044 0.0860058794754439 0.0516994527192156 0.0178221244987423 0 0 0 0 0 0.000904128554296477 0.00301656087160504 0.00222366878055056 0.000534702659464623 0.000204213868497686 0 0 0.139020446264928 0.335354744420388 0.41074731655595 0.459915592889574 0.457298466478829 0.465736659136113 0.480018667571671 0.459198674627943 0.441272156411876 0.432873604368934 0.42460616917869 0.416423171946158 0.413571463967762 0.411419893527457
-9999 -9999 -9999 -9999 -9999 -9999 -9999 -9999 -9999 -9999 -9999 -9999 -9999 -9999 -9999 -9999 -9999 -9999 -9999 -9999 -9999 0.365646672543074 0.361431655044831 0.387128919437949 0.408359860426078 0.396369332120015 0.310558427955128 0.156561944434915 0.128683568033015 0.114096060083493 0.0393318319763994 0 0 0 0 0 0.000181048499376922 0.000604055492427402 0.000445281695746525 0.000107072289276659 4.08930945359107e-05 0 0 0.140637937246905 0.339364967316831 0.421610470032983 0.466812861895338 0.438865819013805 0.435152927537564 0.444250151760729 0.435617208756447 0.427627440144971 0.422449204936111 0.419159645281632 0.417086374024176 0.413885042552301 0.411693606624104
-9999 -9999 -9999 -9999 -9999 -9999 -9999 -9999 -9999 -9999 -9999 -9999 -9999 -9999 -9999 -9999 -9999 -9999 -9999 -9999 -9999 0.405381309229271 0.402200313227882 0.392341122849498 0.382154636673909 0.374146858661455 0.303095686872539 0.173813298035975 0.128280089186652 0.0939295850139278 0.0323799318984128 0 0 0 0 0 0 0 0 0 0 0.00539280744810705 0.0195069512431775 0.16365532134319 0.36087692556351 0.415968958868734 0.446377626889814 0.428043784454946 0.425886200683478 0.432279349372007 0.428181238328002 0.424267478826064 0.421537518371602 0.421101247691682 0.422142090565052 0.41778030099375 0.414125247304956
-9999 -9999 -9999 -9999 -9999 -9999 -9999 -9999 -9999 -9999 -9999 -9999 -9999 -9999 -9999 -9999 -9999 -9999 -9999 -9999 -9999 0.459876514443767 0.457145049507379 0.402636254603997 0.353386300931149 0.351863858096967 0.295830065293429 0.189445838265471 0.11645807869282 0.0548925437150074 0.020182266555651 0.00138040787852517 0.000237734328066547 0 0 0 0 0 0 5.59897952495979e-06 9.30037132064527e-05 0.0117272790367342 0.0420353422041534 0.189940867530719 0.384988681433345 0.405227010207013 0.419172326656241 0.420690763079491 0.424061831951555 0.428412197998951 0.426050746319644 0.424069707160811 0.423487837523412 0.425007267758092 0.427879914349676 0.422431576439281 0.417117827887151
-9999 -9999 -9999 -9999 -9999 -9999 -9999 -9999 -9999 -9999 -9999 -9999 -9999 -9999 -9999 -9999 -9999 -9999 -9999 -9999 -9999 0.461874782027594 0.46267533396928 0.405777705128925 0.353545340074811 0.349772147665175 0.285090672300573 0.164150115178314 0.145592502378506 0.135870351495126 0.0667159931660997 0.0217879267096284 0.0037523243650353 0 0 0 0 0 0 8.83725436780818e-05 0.00146794155451391 0.00621284286910246 0.0164002145894592 0.162748525550039 0.364357159678894 0.400169781890267 0.424489545592419 0.426114236333254 0.426677007569423 0.426678450641435 0.422715370748191 0.420107507293601 0.421090572402439 0.421975237150084 0.422796533037312 0.421013482359514 0.417907119588545
-9999 -9999 -9999 -9999 -9999 -9999 -9999 -9999 -9999 -9999 -9999 -9999 -9999 -9999 -9999 -9999 -9999 -9999 -9999 -9999 -9999 0.458702521492463 0.461739014086095 0.408296380180767 0.357117566327473 0.344265997359667 0.275228356476633 0.15429339292802 0.168084389571362 0.188673968439793 0.104914780663242 0.0437052170447931 0.0075269277789456 0 0 0 0 0 0 0.000141278618664235 0.00234675552462333 0.00565557961637409 0.0107487548104699 0.152162226556524 0.349196729417063 0.396264646377768 0.427809691396944 0.428701552006037 0.428124729541043 0.426771564641351 0.421981655161324 0.41860701116599 0.418933260105479 0.418008447295 0.416277963077953 0.416768634562949 0.415205699977047
-9999 -9999 -9999 -9999 -9999 -9999 -9999 -9999 -9999 -9999 -9999 -9999 -9999 -9999 -9999 -9999 -9999 -9999 -9999 -9999 -9999 0.454929500296146 0.451297028905888 0.409823039638381 0.366126639380414 0.333321004731915 0.266763132006648 0.169029369413187 0.179995417255657 0.196599073189733 0.129836889911716 0.0680274140284574 0.0117157050577245 0 0 0 0 0 0 0.000146608935942413 0.00243529653414642 0.0129945695839133 0.0369291686032179 0.16802760126176 0.342751170425328 0.394194673098208 0.427948710495255 0.426771168010797 0.427712821079764 0.429774675957123 0.425392109322818 0.421027749260955 0.417158167329982 0.412552684623834 0.407473289089128 0.408021066461417 0.406943945691205
-9999 -9999 -9999 -9999 -9999 -9999 -9999 -9999 -9999 -9999 -9999 -9999 -9999 -9999 -9999 -9999 -9999 -9999 -9999 -9999 -9999 0.456688407504328 0.455750048690495 0.417603227076097 0.374803743884808 0.332953931069551 0.269322262834394 0.18557137393745 0.17517619416021 0.168561848851748 0.105560087152387 0.052011841282367 0.00895749751296564 0 0 0 0 0 0 0.000730080615110151 0.0121272470889742 0.0456944255444098 0.115115309730682 0.2346478867471 0.373589948130597 0.401276680179182 0.42105579968902 0.425219670531813 0.429385348064044 0.433551980608082 0.428374617963753 0.422417405248921 0.415206054445408 0.408358753487651 0.401745897033772 0.400218418772341 0.397974146336569
-9999 -9999 -9999 -9999 -9999 -9999 -9999 -9999 -9999 -9999 -9999 -9999 -9999 -9999 -9999 -9999 -9999 -9999 -9999 -9999 -9999 0.424508086014423 0.461016294123013 0.426820899960278 0.382806769587731 0.33673016251166 0.275932790898733 0.201538308097718 0.162663843185532 0.125591575460646 0.0610610575362417 0.0194734632964233 0.00335372666580977 0 0 0 0 0 0 0.00163875537445364 0.0272210916617549 0.0902001731211075 0.213657882097863 0.320523940355263 0.41834606908301 0.411321934966854 0.410944179718133 0.423691101259259 0.43177094340997 0.437383778320787 0.430947827924225 0.423194299575517 0.413060694645492 0.404634198795357 0.397307064326538 0.392870394272312 0.388722272332424
-9999 -9999 -9999 -9999 -9999 -9999 -9999 -9999 -9999 -9999 -9999 -9999 -9999 -9999 -9999 -9999 -9999 -9999 -9999 -9999 -9999 0.399296606584736 0.391242529047723 0.38219495139134 0.366749163900464 0.326514589016096 0.255947554688921 0.157363373384125 0.120944785309863 0.0920554259620361 0.0387992256350643 0.00774421955087077 0.00133371220200009 0 0 0 0 0 0 0.00622957698008718 0.103478462150245 0.185469447134528 0.242785106557889 0.311136782043175 0.382861189655541 0.381272810159427 0.389223413624599 0.416010750710866 0.426743402872003 0.428989586166583 0.423203925699311 0.41592811406 0.405569574615052 0.398120390107937 0.392544801436536 0.388077881618357 0.38019360209177
-9999 -9999 -9999 -9999 -9999 -9999 -9999 -9999 -9999 -9999 -9999 -9999 -9999 -9999 -9999 -9999 -9999 -9999 -9999 -9999 -9999 0.317975990733448 0.328100167170803 0.343477705959095 0.349059295730213 0.313164873639635 0.235983743486326 0.120667368474396 0.0818056319488872 0.0557910560730548 0.0192326048914001 0 0 0 0 0 0 0 0 0.00927543368092864 0.15407267879458 0.251876743689738 0.273682669462981 0.309029494229586 0.34962680747798 0.360473489691793 0.377654778027289 0.40734508211352 0.417951081637618 0.41846916244754 0.412618639861048 0.404996725637254 0.393488154139475 0.386846199582748 0.383338298254181 0.375252753173132 0.363339205090302
-9999 -9999 -9999 -9999 -9999 -9999 -9999 -9999 -9999 -9999 -9999 -9999 -9999 -9999 -9999 -9999 -9999 -9999 -9999 -9999 -9999 0.306548549170806 0.296474271307487 0.31624302427453 0.328197401892029 0.293724484369239 0.216061568156354 0.0985053968796932 0.0476800860356992 0.0142248519532051 0.00490367052554834 0 0 0 0 0 0 0 0 0.00931891277084687 0.154794902691132 0.262195675610437 0.308020585281421 0.321069401687114 0.320765885523114 0.35764959725432 0.385815088511856 0.39676461477826 0.401842546787051 0.403816767816982 0.396511606235309 0.386942636165426 0.372486262240149 0.366321013255111 0.365495166815779 0.346817596478038 0.330305168315915
