layers/veg_sum/veg3100.asc
NCOLS 255 
NROWS 330 
XLLCORNER -2985163.8955 
YLLCORNER -3022031.214 
CELLSIZE 25000 
NODATA_value -9999 
[rows 175 to 199 of 330, columns 57 to 113 of 255]
-9999 -9999 -9999 -9999 -9999 -9999 -9999 -9999 -9999 -9999 -9999 -9999 -9999 -9999 -9999 -9999 -9999 -9999 -9999 -9999 -9999 0.241732667630846 0.246132888197889 0.262646635469132 0.272470201521096 0.24953351148364 0.177322480242124 0.0595982764752292 0.0203307900503264 0 0 0 0 0 0 0 0 0 0 0.00866351589150401 0.143908214656093 0.244290079311821 0.288291198836643 0.297811349170619 0.293519867935089 0.341082486940069 0.373126565079534 0.374526011431925 0.374349700259658 0.37334044734879 0.366112029425711 0.356255118063957 0.340405221347536 0.313749293747177 0.280134389020489 0.288194444207061 0.298100352298607
-9999 -9999 -9999 -9999 -9999 -9999 -9999 -9999 -9999 -9999 -9999 -9999 -9999 -9999 -9999 -9999 -9999 -9999 -9999 -9999 -9999 0.228144496432467 0.208527087727403 0.210556051466468 0.212550035449697 0.203147836746603 0.140763366766075 0.0294408248699856 0.00571702345306659 0 0 0 0 0 0 0 0 0 0 0.00914096428175936 0.151839030077053 0.248396254249482 0.270333755207755 0.286466244257234 0.300678784865708 0.345558723804313 0.372634304811158 0.364551426156603 0.359089090523026 0.355011967795509 0.339148305193873 0.324776231176365 0.314875065847839 0.291652943468874 0.259852256359668 0.274222556058962 0.288349295680286
-9999 -9999 -9999 -9999 -9999 -9999 -9999 -9999 -9999 -9999 -9999 -9999 -9999 -9999 -9999 -9999 -9999 -9999 -9999 -9999 -9999 0.273655127024358 0.279839528413646 0.252259930735809 0.218759421456822 0.179401146415383 0.112283725752789 0.019526047850011 0.00225181655747297 0 0 0 0 0 0 0 0 0 0.000934414341268443 0.0105619665605575 0.142555796847602 0.233165560758976 0.256848336132315 0.290869356070274 0.328907653244441 0.344698384457623 0.353044763044292 0.346690697361773 0.336940544358691 0.325395227548381 0.313688175545834 0.29915014924808 0.277700788332124 0.260778051733015 0.246770416471184 0.263692170890297 0.279948159761869
-9999 -9999 -9999 -9999 -9999 -9999 -9999 -9999 -9999 -9999 -9999 -9999 -9999 -9999 -9999 -9999 -9999 -9999 -9999 -9999 -9999 0.362567748871369 0.348937867182411 0.288886747774332 0.224654862622705 0.168030413067914 0.097312311164052 0.0135763420456992 0 0 0 0 0 0 0 0 0 0 0.00551862325196397 0.0201001424751061 0.139648902913924 0.221370995142512 0.241919181289543 0.286934436749331 0.34137555197377 0.33874463661261 0.334593754161539 0.327441376131573 0.311302602097565 0.290413640173448 0.282579347556859 0.27047173446841 0.247002390028075 0.237955393471786 0.238196246460905 0.25611407907232 0.273128290527881
-9999 -9999 -9999 -9999 -9999 -9999 -9999 -9999 -9999 -9999 -9999 -9999 -9999 -9999 -9999 -9999 -9999 -9999 -9999 -9999 -9999 0.376661085807524 0.387941733784239 0.307722888448502 0.225855290534255 0.185053741320906 0.114323703547936 0.0159496541057515 0 0 0 0 0 0 0 0 0 0 0.0188186832696351 0.0490900518712702 0.153091975811742 0.218986696846842 0.223253826506249 0.262022373267163 0.314709689952498 0.320867923358108 0.320016939038287 0.305324776081072 0.277689050477157 0.243211387959761 0.237805438798824 0.234108909823858 0.232561282865607 0.235007716179702 0.240026284848116 0.255426145828667 0.27002823188089
-9999 -9999 -9999 -9999 -9999 -9999 -9999 -9999 -9999 -9999 -9999 -9999 -9999 -9999 -9999 -9999 -9999 -9999 -9999 -9999 -9999 0.373772816816354 0.379433268965944 0.30794010325362 0.235035582408646 0.196675042388284 0.123163086486846 0.0171828638077516 0 0 0 0 0 0 0 0 0 0 0.0326412799325872 0.078421053471887 0.15380988847284 0.205429740736639 0.218610005629551 0.253684874457088 0.297406007010452 0.301500205231733 0.2956580246391 0.270194368503885 0.244606942616827 0.218954092328696 0.216623518763096 0.217154839402113 0.223054928677283 0.22775701030315 0.231687586839109 0.24919100449952 0.265548759828854
-9999 -9999 -9999 -9999 -9999 -9999 -9999 -9999 -9999 -9999 -9999 -9999 -9999 -9999 -9999 -9999 -9999 -9999 -9999 -9999 -9999 0.359796031142132 0.34075196258483 0.296346211390981 0.249277982866646 0.204869512082027 0.126818471384014 0.0176928378807028 0 0 0 0 0 0 0 0 0 0 0.0467953530780514 0.107968430412234 0.146455465169056 0.18478529450279 0.222860888656888 0.255861620812956 0.286041318429578 0.28118665286617 0.265093735193295 0.226808518591711 0.211861961558674 0.209252165336534 0.210407418843065 0.212512911368501 0.216678985671998 0.21777663409207 0.216898246559076 0.239436934803246 0.260194242729618
-9999 -9999 -9999 -9999 -9999 -9999 -9999 -9999 -9999 -9999 -9999 -9999 -9999 -9999 -9999 -9999 -9999 -9999 -9999 -9999 -9999 0.342792752465446 0.343227745394077 0.30067835391521 0.252039728617036 0.201672941717993 0.122633125910197 0.0171089273656586 0 0 0 0 0 0 0 0 0 0 0.0355083162533129 0.0839868632750459 0.145355588383694 0.195975633368265 0.229212737176083 0.251335211337562 0.26800076325408 0.246990351149862 0.228141456201546 0.213560932739832 0.206103667884359 0.202411740852219 0.204746402257457 0.207198906267289 0.209518508816281 0.210219310294305 0.20987761987628 0.23041593994727 0.251673238280362
-9999 -9999 -9999 -9999 -9999 -9999 -9999 -9999 -9999 -9999 -9999 -9999 -9999 -9999 -9999 -9999 -9999 -9999 -9999 -9999 -9999 0.341430547066474 0.34584833822822 0.302507981221859 0.251414820516445 0.194496668721337 0.115501317898497 0.0161139467325517 0 0 0 0 0 0 0 0 0 0 0.0300082454479122 0.0723051201754204 0.144890346327311 0.200598486782713 0.229012728404908 0.239998147373014 0.242965985998745 0.216050764452559 0.19944140211011 0.203183132263075 0.201104702475388 0.195949749768375 0.19877953718527 0.201249335248671 0.202280968716094 0.201751844120612 0.200217606752814 0.221019756365979 0.243860186982175
-9999 -9999 -9999 -9999 -9999 -9999 -9999 -9999 -9999 -9999 -9999 -9999 -9999 -9999 -9999 -9999 -9999 -9999 -9999 -9999 -9999 0.337216213642577 0.334185004028099 0.293103045574285 0.24314201870098 0.177852904607576 0.101224427199464 0.0141221334752099 0 0 0 0 0 0 0 0 0 0 0.0478830135737805 0.110180548500778 0.14491973553269 0.178016233681412 0.208456148519572 0.209533212258259 0.198240216708909 0.198166347177542 0.197236817622671 0.194617606893364 0.192236505993183 0.189981269391251 0.191757870120247 0.193525409455526 0.194989095375512 0.189969095385377 0.180773665727545 0.21031770447111 0.238919096486277
-9999 -9999 -9999 -9999 -9999 -9999 -9999 -9999 -9999 -9999 -9999 -9999 -9999 -9999 -9999 -9999 -9999 -9999 -9999 -9999 -9999 0.31920152053117 0.321209971163895 0.273668126768254 0.215798112785332 0.142849366432648 0.0744981281394301 0.0103934646838277 0 0 0 0 0 0 0.00138489527848756 0.0139775653895066 0.0216586706657443 0.0227758174828204 0.0502324155091583 0.0874127422630657 0.135654393898384 0.173374286075585 0.194078216885895 0.190561315910978 0.177084897105769 0.186086082645378 0.190574483184381 0.186151437996867 0.182873860810698 0.180201775328438 0.181830169834979 0.183422792021989 0.184627474605266 0.180134599191327 0.171972552718707 0.194852546699854 0.2193560255143
-9999 -9999 -9999 -9999 -9999 -9999 -9999 -9999 -9999 -9999 -9999 -9999 -9999 -9999 -9999 -9999 -9999 -9999 -9999 -9999 -9999 0.315070196612766 0.309776369048772 0.246540556175592 0.173827326573716 0.0937645136131671 0.0382235614544372 0.00533268749146656 0 0 0 0 0 0 0.00383195755865878 0.0386754422359367 0.0599287961027198 0.0630199028862605 0.0406743960584197 0.0181336628418682 0.119260313693875 0.182491935165205 0.184439095752815 0.180404184634754 0.174007300967319 0.178457403451076 0.180493207997934 0.177761472094842 0.17313199049717 0.167499364968067 0.169673642113955 0.171495799989988 0.171911463236726 0.171794345625105 0.171334122404543 0.17573425069785 0.18857839889887
-9999 -9999 -9999 -9999 -9999 -9999 -9999 -9999 -9999 -9999 -9999 -9999 -9999 -9999 -9999 -9999 -9999 -9999 -9999 -9999 -9999 0.304631685056157 0.304538947623362 0.246599457782045 0.181179096220659 0.116256134919742 0.0587865777641953 0.00820149760986908 0 0 0 0 0 0.007229555691702 0.0211559304723415 0.0739083298533987 0.0994406313378468 0.0885952002955053 0.0787437401032083 0.0739566899629112 0.138220952446988 0.177059355522354 0.174778643193032 0.172666677046264 0.170717504406209 0.173667520351313 0.17408417269141 0.169498164309023 0.166186801996455 0.163549214612379 0.164609297416245 0.164613537316456 0.161777556793593 0.161490032652998 0.16284368924399 0.164893107566648 0.172259886552919
-9999 -9999 -9999 -9999 -9999 -9999 -9999 -9999 -9999 -9999 -9999 -9999 -9999 -9999 -9999 -9999 -9999 -9999 -9999 -9999 -9999 0.305009478935172 0.302960099524714 0.251837053491766 0.195249017986313 0.142568673424138 0.0810284131434049 0.011304524978351 0 0 0 0 0 0.0126250657010326 0.0342467556596317 0.101835327145393 0.131532549719864 0.110590668753642 0.116088903048222 0.131211160670177 0.155437268807611 0.169037541005806 0.165453537650777 0.16461930486147 0.164992061476913 0.166942523336416 0.16643302283372 0.161065807842727 0.15932431416887 0.159499368295247 0.158823750971379 0.156652892237333 0.150885126062093 0.149807248580237 0.151749613081106 0.154216273271783 0.158258940339426
-9999 -9999 -9999 -9999 -9999 -9999 -9999 -9999 -9999 -9999 -9999 -9999 -9999 -9999 -9999 -9999 -9999 -9999 -9999 -9999 -9999 0.30682398853532 0.30798182650907 0.263435749528076 0.210282961174364 0.146859536678209 0.0804290041047147 0.0112208995661375 0 0 0 0 0 0.00702608982724012 0.0228996553573402 0.0954368058793652 0.133667589422323 0.126050343811578 0.125875603705836 0.129248029720049 0.147429044142307 0.158331875197643 0.157464309154879 0.154093073563089 0.149754438988875 0.151100623526118 0.151970531611493 0.151899931396324 0.151338301710607 0.150517114996284 0.146511334108936 0.141816028150002 0.135657114006274 0.133697180828027 0.134441349905875 0.139896374635376 0.145915844203312
-9999 -9999 -9999 -9999 -9999 -9999 -9999 -9999 -9999 -9999 -9999 -9999 -9999 -9999 -9999 -9999 -9999 -9999 -9999 -9999 -9999 0.318784215511037 0.298698913141464 0.248670235031446 0.193312604681314 0.132451432371815 0.0713240002590702 0.00995063226843162 0 0 0 0 0 0.0274901522471858 0.0636625992590449 0.111654076183884 0.138895670776582 0.138406517584755 0.130947180284878 0.122736711816379 0.138220763222479 0.147260007383269 0.145876603930815 0.142024910637049 0.137233686848273 0.138815449301611 0.140240481026144 0.141356014872264 0.141853292168284 0.142023760499293 0.137197012650461 0.131419457440369 0.123666019376463 0.121702362606496 0.123467267787139 0.127147232485844 0.131420568668723
-9999 -9999 -9999 -9999 -9999 -9999 -9999 -9999 -9999 -9999 -9999 -9999 -9999 -9999 -9999 -9999 -9999 -9999 -9999 -9999 0.330147640438489 0.309508132185788 0.273026986170268 0.209570842983918 0.146802630130326 0.100784385819606 0.0543684255696154 0.0075851075078762 0 0 0 0 0 0.0720101135400286 0.152522543192197 0.148745474393984 0.146978595696919 0.147898193665196 0.131666748984834 0.112027467171536 0.127904843524113 0.135850139128226 0.130967544101288 0.128533561707679 0.127220576280081 0.129813093835461 0.131032443219818 0.129540182450397 0.130984724736105 0.133981654241542 0.130649900411276 0.125121228883178 0.114662564076435 0.113505874626859 0.118339565404349 0.115847881368975 0.114938855122474
-9999 -9999 -9999 -9999 -9999 -9999 -9999 -9999 -9999 -9999 -9999 -9999 -9999 -9999 -9999 -9999 -9999 -9999 -9999 0.30797050538612 0.308016550156767 0.291990557546108 0.263628641463443 0.174562326848896 0.0899467017250416 0.0545050611443888 0.0285451861123584 0.0113433222625068 0.014134045932553 0.0223492813736695 0.038988631766249 0.0467098165008413 0.0445313661132753 0.0933354326186954 0.148087436822454 0.142583568515356 0.141358210009812 0.145850776758078 0.126934077901515 0.102543812848576 0.114616114429954 0.122048865134269 0.121978458329796 0.119750431944419 0.116734340887789 0.121086787429738 0.123752835070738 0.123088732421606 0.124262851838902 0.126408651137137 0.123052959154682 0.117946022106214 0.108941109397487 0.107649455806438 0.111325064880646 0.10654386396327 0.103049022075376
-9999 -9999 -9999 -9999 -9999 -9999 -9999 -9999 -9999 -9999 -9999 -9999 -9999 -9999 -9999 -9999 -9999 -9999 -9999 0.21331572491093 0.253180102970252 0.261103749623721 0.244511623390751 0.140542752806515 0.0429947890933256 0.0162849345183425 0.00802278586988013 0.0168002079597476 0.029482157272124 0.046099580110742 0.0799349896014071 0.0955241616260442 0.0908590459200922 0.107553477965222 0.12758215672745 0.129182833831161 0.133006891238241 0.139802338913222 0.121814716007754 0.0975420236318037 0.104708361857229 0.11098012248073 0.115805157585119 0.113533413643589 0.108419992407735 0.11403289993681 0.117896019039642 0.118303811865848 0.118508617742018 0.1186061251916 0.115472621959138 0.111159544590132 0.104187775857522 0.102776838599342 0.10494702187002 0.0990103741015796 0.0937566308590942
-9999 -9999 -9999 -9999 -9999 -9999 -9999 -9999 -9999 -9999 -9999 -9999 -9999 -9999 -9999 -9999 -9999 -9999 -9999 0.198896796514244 0.180557192442627 0.166540335207198 0.155841356899932 0.107595945041365 0.0604046040536534 0.0369093372523837 0.025427909278952 0.0250432896220244 0.0366263538819533 0.0540728657575293 0.090728316150015 0.106911512547167 0.100369425242011 0.107577875425667 0.117667144476137 0.121836071237348 0.124207653284116 0.12417721144659 0.120301450585646 0.115493266194312 0.116187925220326 0.117185027433088 0.118671245710692 0.116271930362215 0.112343485918138 0.115733411707498 0.11771731641056 0.116924735949981 0.113653638242798 0.1090724021214 0.109079011518769 0.107391281377811 0.101239808432287 0.10077858012892 0.103981813155831 0.0989653105697496 0.0937107394880466
-9999 -9999 -9999 -9999 -9999 -9999 -9999 -9999 -9999 -9999 -9999 -9999 -9999 -9999 -9999 -9999 -9999 -9999 -9999 0.125171360811791 0.124045532819782 0.117998054861398 0.10817301616813 0.0887424194934375 0.0685318287474109 0.0502319462177113 0.0377400499121882 0.0306128093805752 0.0373648752799327 0.0518206876688774 0.0934469895900349 0.111528184286871 0.103473065825618 0.106297143816862 0.11183363543305 0.116191538672407 0.11942608094493 0.121159330865834 0.123697346877842 0.125830719663033 0.118049071835366 0.114242028463805 0.116862780380949 0.116492152695476 0.11487249819336 0.115001461678812 0.114554104127577 0.112968679143748 0.109416184415719 0.104823901225921 0.106534896189704 0.106093147049948 0.0999468563746908 0.099165816525771 0.101839945200661 0.0979543597648316 0.093261662023998
-9999 -9999 -9999 -9999 -9999 -9999 -9999 -9999 -9999 -9999 -9999 -9999 -9999 -9999 -9999 -9999 -9999 -9999 -9999 0.125931559844496 0.12787437951466 0.120504026684114 0.105985446125825 0.0855216556979954 0.0663624795241351 0.0554551500485414 0.0444028758494581 0.0332167207288724 0.030997997601444 0.0382260674208354 0.0872089752737936 0.108634581775747 0.0994701276319915 0.103568717378609 0.110527472558355 0.112435179215697 0.119101043882016 0.132125849652376 0.132538657112743 0.12772269186612 0.1092411340497 0.101151854383894 0.109869136798201 0.113918994782585 0.115854703090292 0.111571339911595 0.108080369309933 0.106154144966602 0.105863711671103 0.106437953694016 0.108260775530077 0.107534966109343 0.100489705271067 0.0979806573176809 0.0983928856446572 0.0958720130006748 0.0923653564383058
-9999 -9999 -9999 -9999 -9999 -9999 -9999 -9999 -9999 -9999 -9999 -9999 -9999 -9999 -9999 -9999 -9999 -9999 -9999 0.136351871323258 0.136123318120285 0.123042636122765 0.100097437667221 0.0770800841953796 0.0563166966116807 0.044505470044587 0.0360408019088735 0.0306672454457218 0.0323351323315751 0.0406005586199876 0.0772112446381225 0.0982667410767663 0.102055155135633 0.105162393940965 0.108043582550559 0.110543594301868 0.119321777778629 0.136490293011479 0.137582295173855 0.13229847930717 0.113822019375241 0.102968854761162 0.10444420793285 0.101551361482215 0.0967909127374659 0.0922188057914942 0.0904793648665368 0.0943336204071176 0.0943346103975147 0.0922987732387833 0.092725656790388 0.0915911128250214 0.0864663160182272 0.0851216940911184 0.0862114674386299 0.083026534320049 0.0792020756388984
-9999 -9999 -9999 -9999 -9999 -9999 -9999 -9999 -9999 -9999 -9999 -9999 -9999 -9999 -9999 -9999 -9999 -9999 -9999 0.150129761573803 0.145920842144491 0.126380144401735 0.095071701258861 0.0683195183575327 0.0446891724605143 0.0310363507788394 0.0252613552572947 0.0267628621179146 0.0350114975248784 0.0463942099732081 0.0676773118774967 0.0871648546135119 0.104659231794206 0.105938352597723 0.103911952849034 0.109608974037059 0.120547266004 0.138490145067581 0.141023451985438 0.137444676085632 0.121209333189431 0.108189650864817 0.100370387374427 0.0881641592654993 0.0742786117487367 0.0712076992417685 0.0725438746641533 0.082582774654438 0.0821444866143627 0.076167981509091 0.0750836980961482 0.0736677376447946 0.0710989125510827 0.0711318649747557 0.0728403364142214 0.06890342271754 0.064727537844056
-9999 -9999 -9999 -9999 -9999 -9999 -9999 -9999 -9999 -9999 -9999 -9999 -9999 -9999 -9999 -9999 -9999 -9999 -9999 0.151556474929613 0.153106679644823 0.136101735649616 0.104854982164243 0.0680487906806503 0.0369805428360431 0.0314977199256387 0.0268034712311771 0.0228376039511037 0.0321755213753863 0.0459569859277212 0.0698592933445232 0.0859767560584612 0.0934526297958591 0.0909474426527819 0.0889668118524288 0.112451652835702 0.12873198411644 0.135383998557872 0.139570195492802 0.141509568429698 0.122885762351855 0.109306456799996 0.103885199947796 0.0873025958805691 0.0664018978197431 0.0705499791129757 0.0754930517505292 0.0820060024604959 0.0815229306230732 0.0773417776451596 0.077011563778766 0.0766068967330998 0.0757511114612363 0.0727522757637331 0.0683733367653253 0.0672746536321739 0.0656634434140519
