layers/veg_sum/veg3300.asc
NCOLS 255 
NROWS 330 
XLLCORNER -2985163.8955 
YLLCORNER -3022031.214 
CELLSIZE 25000 
NODATA_value -9999 
[rows 250 to 274 of 330, columns 57 to 113 of 255]
-9999 -9999 -9999 -9999 -9999 -9999 -9999 -9999 -9999 -9999 -9999 -9999 -9999 -9999 -9999 -9999 0.724487966608898 0.743852875842605 0.752895547589703 0.750701625333755 0.716756278629634 0.638384972516031 0.525914987906122 0.467334197357368 0.436608851645247 0.488027591457997 0.518674096716077 0.530133936624149 0.49557511904796 0.462859759950567 0.488342438285933 0.486193278974781 0.453371319791355 0.4745497908971 0.494873063579917 0.393467323853345 0.325772877963236 0.3031311881276 0.289724149818554 0.27964824275252 0.272310475002387 0.263867812586961 0.253638296460045 0.243730148806973 0.233730615487454 0.211333721746474 0.192436266649116 0.180449191182461 0.175317594168177 0.173809787014778 0.164075051281015 0.156503675605881 0.154797201995703 0.145948035095666 0.132499044286333 -9999 -9999
-9999 -9999 -9999 -9999 -9999 -9999 -9999 -9999 -9999 -9999 -9999 -9999 -9999 -9999 -9999 0.910597469247959 0.869145038464782 0.801376479716686 0.817136466144351 0.822186443796335 0.775535462844819 0.689273699627465 0.572609096551987 0.508028026844549 0.469193278532067 0.505099932892783 0.527192849990975 0.536526448711965 0.517888874888194 0.499846324505375 0.514332629811701 0.515071991685249 0.500551519950795 0.505796681773633 0.508739785582417 0.451029769695523 0.388630143472375 0.31996318525376 0.292133097919709 0.278894369416542 0.275728019978289 0.270054893844214 0.260327767466041 0.251159717506963 0.24238175262411 0.241755852155258 -9999 -9999 -9999 -9999 0.164307023777643 0.156768443590798 0.155190255729136 -9999 -9999 -9999 -9999
-9999 -9999 -9999 -9999 -9999 -9999 -9999 -9999 -9999 -9999 -9999 -9999 -9999 -9999 -9999 0.910597469247959 0.882846406299872 0.837477546037937 0.862768999462063 0.874072295928535 0.826674693869355 0.740433947524625 0.624379553790304 0.554959585029936 0.507371745175373 0.521878299699472 0.531762435462703 0.537376987150185 0.5377627448252 0.538345809273608 0.545475725291304 0.548624122793241 0.547352824356604 0.536789505100932 0.523440607237413 0.507303756988806 0.45338891908214 0.348986476919044 0.307299509173735 0.2881719974913 0.286714872418028 0.281853067359861 0.27148515818287 0.262025488748464 0.253220621144161 0.258800867143585 -9999 -9999 -9999 -9999 -9999 -9999 -9999 -9999 -9999 -9999 -9999
-9999 -9999 -9999 -9999 -9999 -9999 -9999 -9999 -9999 -9999 -9999 -9999 -9999 -9999 -9999 -9999 0.883828503100118 0.840065225030741 0.859924652447053 0.873874167649423 0.855269350520088 0.788978183611076 0.68608585982412 0.616083054248664 0.559568982046007 0.539298880397249 0.528561862227471 0.526630256011974 0.551781182472762 0.579125776914345 0.589972226820562 0.594231575301849 0.591178893134651 0.569571459996893 0.547349481534225 0.559602530962307 0.519056559319082 0.407948436374866 0.354632683336525 0.322743816079786 0.316464692130343 0.307351190137936 0.293653885648405 0.281436321856015 0.269981213207512 0.265487976299507 -9999 -9999 -9999 -9999 -9999 -9999 -9999 -9999 -9999 -9999 -9999
-9999 -9999 -9999 -9999 -9999 -9999 -9999 -9999 -9999 -9999 -9999 -9999 -9999 -9999 -9999 -9999 0.867138251836469 0.861736427535778 0.869222912026351 0.871719053733383 0.856102118620782 0.816124233335921 0.757448356632754 0.67402627272821 0.600478775378241 0.57885613740437 0.562811777210816 0.551919898264218 0.577767623268049 0.602973443799359 0.586209364680647 0.579974596714801 0.585427920504425 0.569514944323681 0.55249009015863 0.571892930298987 0.556712168850221 0.495312873831121 0.422524320312736 0.349917609013793 0.336617079717791 0.322882078799582 0.308444443272789 0.297128892445161 0.287376144912007 0.289828235732498 -9999 -9999 -9999 -9999 -9999 -9999 -9999 -9999 -9999 -9999 -9999
-9999 -9999 -9999 -9999 -9999 -9999 -9999 -9999 -9999 -9999 -9999 -9999 -9999 -9999 -9999 -9999 0.881143314893499 0.898637685595594 0.886447010649906 0.868286557317155 0.838813879629361 0.829303052909324 0.835113735221131 0.729893647336559 0.634020919926693 0.632862658829308 0.621506735311053 0.600731548992419 0.611565934265445 0.615768896368072 0.550946186208368 0.526642330490367 0.547316544245818 0.548023786082633 0.545380095775844 0.558068678277167 0.576083496093811 0.601216450090985 0.503835075003993 0.372262491439395 0.350504939037022 0.331907058477875 0.318419050866348 0.310394442936416 0.304669096057748 0.296727744502982 -9999 -9999 -9999 0.266363174998189 -9999 -9999 -9999 -9999 -9999 -9999 -9999
-9999 -9999 -9999 -9999 -9999 -9999 -9999 -9999 -9999 -9999 -9999 -9999 -9999 -9999 -9999 -9999 0.903710531153824 0.90375991658227 0.903717474379571 -9999 -9999 0.794720407045519 0.74257313764781 0.70489105147743 0.676337307187301 0.676363918003668 0.671997866925773 0.663574451025661 0.638005439915462 0.607884102428983 0.571078217882776 0.553600544415732 0.55757820656206 0.575977287761263 0.595860884325902 0.597097705936634 0.608531659912097 0.633593358913071 0.544838811159974 0.423380589725855 0.390207914039942 0.363972808000692 0.348957252984027 0.338125565511205 0.329177422426357 0.325177566950185 0.32252233137547 -9999 0.27763371534683 0.278263943583698 0.277668728758605 -9999 -9999 -9999 -9999 -9999 -9999
-9999 -9999 -9999 -9999 -9999 -9999 -9999 -9999 -9999 -9999 -9999 -9999 -9999 -9999 -9999 -9999 0.916585740669249 0.905322922840561 -9999 -9999 -9999 0.751030173269605 0.659351451141479 0.677681083032349 0.703647889842983 0.702607309469615 0.705775114875344 0.712830075001705 0.660984190003616 0.605968626342324 0.595504426703975 0.585096788773608 0.57475193732786 0.603187083428498 0.63706232607249 0.63251505900214 0.638810634100758 0.659596899635213 0.583250586720957 0.477849111187464 0.431057654644279 0.394963351389163 0.376168659269434 0.361302350649516 0.348084049089634 0.332988438418076 0.323188822491189 0.3238472651088 -9999 0.288079672152276 -9999 -9999 -9999 -9999 -9999 -9999 -9999
-9999 -9999 -9999 -9999 -9999 -9999 -9999 -9999 -9999 -9999 -9999 -9999 -9999 -9999 -9999 0.923474940987093 0.916585740669249 0.905322922840561 -9999 -9999 0.802898163961442 0.749894075919714 0.65620725685431 0.664731552212577 0.681427985899022 0.677288044556687 0.689098302982331 0.715641263583493 0.675000341955642 0.628264402011286 0.61891892665866 0.609820107997316 0.600995091296798 0.615089388907151 0.633954790954513 0.642704338414569 0.658832904670643 0.684823006806983 0.624074808399291 0.535317092789952 0.46874678959079 0.416527391968613 0.387516513401632 0.36635119471535 0.348609993428486 0.334307883790633 0.324666030081628 0.32422683454846 -9999 -9999 -9999 -9999 -9999 -9999 -9999 -9999 -9999
-9999 -9999 -9999 -9999 -9999 -9999 -9999 -9999 -9999 -9999 -9999 -9999 -9999 -9999 -9999 0.923474940987093 0.923474940987093 -9999 -9999 0.810528975349155 0.808929574350679 0.765324018140053 0.689477078727261 0.683524048161513 0.686167053784685 0.686457754216155 0.70248972166963 0.733061406635992 0.693666097749737 0.648106292764133 0.642476788440942 0.647266255142702 0.663621330227499 0.672148789681964 0.67950289712998 0.694003180223215 0.713981102275788 0.741279500753461 0.71011090880065 0.653670920189733 0.518805194119505 0.42363567015655 0.392663493049747 0.369407458177043 0.349557579244797 0.335175128701112 0.325627585155438 -9999 -9999 -9999 -9999 -9999 -9999 -9999 -9999 -9999 -9999
-9999 -9999 -9999 -9999 -9999 -9999 -9999 -9999 -9999 -9999 -9999 -9999 -9999 -9999 -9999 -9999 -9999 -9999 -9999 0.811934787846019 0.816010141808231 0.793815558492498 0.751457760757415 0.727343744835991 0.71216209263435 0.722820512880685 0.739588625946263 0.762000071759967 0.715997862948261 0.666013402515107 0.666147684758221 0.694743796014535 0.754934041417438 0.764812586369945 0.763413849822905 0.777715115163132 0.796824558063024 0.822359789652992 0.831794599452785 0.820030575800065 0.578616227077331 0.419346211531731 0.392921354195195 0.370892658924152 0.350837610936966 0.335685833312036 -9999 -9999 -9999 -9999 -9999 -9999 -9999 -9999 -9999 -9999 -9999
-9999 -9999 -9999 -9999 -9999 -9999 -9999 -9999 -9999 -9999 -9999 -9999 -9999 -9999 -9999 0.761570839177616 0.761688977422394 0.761882115880872 -9999 0.783385597809072 0.782481557429014 0.770427961753593 0.749816642025684 0.731726488670277 0.718014696809491 0.720308505396783 0.72735942065912 0.73880432702377 0.71767850510187 0.694264196586595 0.692584934260475 0.711444892489202 0.753104470839853 0.762075866045486 0.763323671523202 0.77156243159318 0.778893175319297 0.785010419527067 0.789975200725692 0.78060601692854 0.567537930406999 0.427216371950646 0.404541687675388 0.384285453427283 0.365407504422767 0.365060674034622 -9999 -9999 -9999 -9999 -9999 -9999 -9999 -9999 -9999 -9999 -9999
-9999 -9999 -9999 -9999 -9999 -9999 -9999 -9999 -9999 -9999 -9999 -9999 -9999 -9999 0.585285552187824 0.712262643201937 0.761688977422394 0.761882115880872 -9999 0.707582811957595 0.728525558079057 0.737737826464916 0.737946489881268 0.732126045618888 0.724870747968713 0.715076093450632 0.712181493580776 0.715660259035858 0.716683571655547 0.716666851754559 0.7135915010063 0.719111862099593 0.734173917540129 0.737032040464297 0.736988939326304 0.739412873264293 0.735448713804884 0.722947320061845 0.719982623519441 0.709701050808055 0.545079008095167 0.434646971927796 0.411851900045791 0.392902045621522 0.375824770148392 0.370953835893038 -9999 -9999 -9999 -9999 -9999 -9999 -9999 -9999 -9999 -9999 -9999
-9999 -9999 -9999 -9999 -9999 -9999 -9999 -9999 -9999 -9999 -9999 -9999 -9999 0.547998833494767 0.585285552187824 0.712262643201937 0.761688977422394 0.761882115880872 -9999 0.699548987959028 0.688062101614658 0.696645637968214 0.720634016444672 0.738871943512775 0.747493468481814 0.721071963556141 0.713325806769817 0.7228294867356 0.716580182284903 0.708985284449843 0.710609875199558 0.707299642387944 0.698511494663902 0.675095014777636 0.650945151822964 0.651960787542662 0.644995548537202 0.62736443583855 0.628230269764293 0.627811769287618 0.516625651268846 0.433244783173606 0.394831019713191 0.37495113532507 0.363275156134085 0.365946814753143 -9999 -9999 -9999 -9999 -9999 -9999 -9999 -9999 -9999 -9999 -9999
-9999 -9999 -9999 -9999 -9999 -9999 -9999 -9999 -9999 -9999 -9999 -9999 -9999 0.547998833494767 0.547998833494767 -9999 -9999 -9999 -9999 0.702501633307272 0.691198789697478 0.695526909499058 0.711852411080043 0.738959342791808 0.756624192359602 0.731337570131688 0.723160614955374 0.730787325730602 0.719029427136983 0.706432493534325 0.709602923708539 0.700443552917772 0.677597451541009 0.651552682016166 0.626671319847253 0.618005811456918 0.605635371458602 0.588313552829058 0.58949153509336 0.591280155237736 0.509974084256379 0.442394734580202 0.397014462952977 0.373414544826535 0.359419121812724 0.360312048358529 -9999 -9999 -9999 -9999 -9999 -9999 -9999 -9999 -9999 -9999 -9999
-9999 -9999 -9999 -9999 -9999 -9999 -9999 -9999 -9999 -9999 -9999 -9999 -9999 -9999 -9999 -9999 -9999 -9999 -9999 0.711044583235753 0.734226528738105 0.732321807184052 0.711162077840172 0.732731356135834 0.752958162687615 0.74565289349908 0.74123809660891 0.739493138851655 0.723899768875896 0.708744192971012 0.710468891492732 0.698288204114461 0.670671803617381 0.664426562233656 0.660984435306643 0.634791236969256 0.614735358998332 0.602881574920326 0.601034625754843 0.597768926376369 0.524000860022449 0.461553073974891 0.417412630261307 0.387446443619746 0.363951908609911 0.362120531017062 -9999 -9999 -9999 -9999 -9999 -9999 -9999 -9999 -9999 -9999 -9999
-9999 -9999 -9999 -9999 -9999 -9999 -9999 -9999 -9999 -9999 -9999 -9999 -9999 -9999 -9999 -9999 -9999 -9999 -9999 0.728498969202668 0.728675347184149 0.728262403189921 0.72739713130345 0.751828135530977 0.774642515998443 0.77790693159963 0.76832242389164 0.746869766370868 0.720512753702313 0.699582420016287 0.713173929629916 0.701383554048047 0.661417944703514 0.656591841747043 0.657203374268652 0.627112372488299 0.608798351466194 0.606223430928738 0.608718132945816 0.610166553845758 0.571112014656454 0.513555070928207 0.426075736169968 0.385238494378997 0.364758374556593 -9999 -9999 -9999 -9999 -9999 -9999 -9999 -9999 -9999 -9999 -9999 -9999
-9999 -9999 -9999 -9999 -9999 -9999 -9999 -9999 -9999 -9999 -9999 -9999 -9999 -9999 -9999 -9999 0.662310780162861 0.652973960315555 0.666495667346532 0.681822513794579 0.697382488068005 0.718121919437433 0.742836788696095 0.772020928276605 0.797704281570382 0.807217339218569 0.791558374774409 0.752648798423393 0.717877620453733 0.692875202565264 0.716430606949987 0.705795978475443 0.657208606903085 0.648255211909842 0.646093334088116 0.614630207171544 0.598829220444119 0.603959574550291 0.608699616440329 0.612506351066757 0.604618072861756 0.552510682768545 0.428891422197469 0.391819563714114 -9999 -9999 -9999 -9999 -9999 -9999 -9999 -9999 -9999 -9999 -9999 -9999 -9999
-9999 -9999 -9999 -9999 -9999 -9999 -9999 -9999 -9999 -9999 -9999 -9999 -9999 -9999 -9999 -9999 0.670567309518165 0.674728687100994 0.676649943362637 0.683114756451585 0.703891045450206 0.720591004748285 0.734162220002312 0.769161078461067 0.799287438575684 0.798998558229715 0.782442521186765 0.75086101873615 0.729080509076226 0.713430202322779 0.720703375540242 0.711639668672987 0.68444116166011 0.661016441792965 0.637287935259408 0.603077635916889 0.583277934094509 0.582736974989734 0.569253090192906 0.550691270994433 0.522313740422806 0.479118452166705 0.411959643996786 -9999 -9999 -9999 -9999 -9999 -9999 -9999 -9999 -9999 -9999 -9999 -9999 -9999 -9999
-9999 -9999 -9999 -9999 -9999 -9999 -9999 -9999 -9999 -9999 -9999 -9999 -9999 -9999 -9999 -9999 0.691694172612142 0.690251410371492 0.687499346718566 0.689286167151052 0.7051565534295 0.714796181389584 0.719653456250035 0.744188416852829 0.765080928603543 0.761333271562926 0.746937279359508 0.722705751996614 0.705235311517759 0.69152130219711 0.691062851995342 0.681398026532031 0.661513638057426 0.6336857615135 0.60436483500525 0.579849162169467 0.564235151302833 0.560517581051056 0.542144870947216 0.517762686022095 0.478470632864964 0.454191497245998 -9999 -9999 -9999 -9999 -9999 -9999 -9999 -9999 -9999 -9999 -9999 -9999 -9999 -9999 -9999
-9999 -9999 -9999 -9999 -9999 -9999 -9999 -9999 -9999 -9999 -9999 -9999 -9999 -9999 -9999 -9999 0.694055820016684 0.696474000013996 0.699141146645858 0.701019488318521 0.700445351628664 0.699581079873664 0.69849411799698 0.694008695697462 0.69007670031635 0.690101027015019 0.681349979809142 0.664493393356413 0.641437745908654 0.621206524836411 0.622763546279092 0.610021628234245 0.581407131792787 0.560653106455768 0.543949241183544 0.543310975837288 0.541212306656119 0.537161911206756 0.529101459118109 0.517762686022095 0.478470632864964 -9999 -9999 -9999 -9999 -9999 -9999 -9999 -9999 -9999 -9999 -9999 -9999 -9999 -9999 -9999 -9999
-9999 -9999 -9999 -9999 -9999 -9999 -9999 -9999 -9999 -9999 -9999 -9999 -9999 -9999 -9999 -9999 0.673680194667672 0.67233425249691 0.6858707852773 0.693014525762677 0.677328589173581 0.671481553830721 0.673186263791997 0.648433352499305 0.629004114323892 0.64439054127881 0.641739314962727 0.622427270760185 0.605331257238197 0.590943299125238 0.58889649466171 0.578021560758787 0.557346936693918 0.543743073129357 0.534452358134941 0.545034544281033 0.543787767542709 0.526732419890605 0.522127407204589 -9999 -9999 -9999 -9999 -9999 -9999 -9999 -9999 -9999 -9999 -9999 -9999 -9999 -9999 -9999 -9999 -9999 -9999
-9999 -9999 -9999 -9999 -9999 -9999 -9999 -9999 -9999 -9999 -9999 -9999 -9999 -9999 0.70023638343325 0.683636809971262 0.664678479991287 0.644222690460868 0.666649235330983 0.67966749651027 0.654270227582007 0.646192271118858 0.651407571016964 0.610961739995016 0.579732163255624 0.608701106626495 0.611148195737867 0.589097875059293 0.579855563051707 0.573086607848252 0.566290169295915 0.558153365232874 0.54852868462715 0.541893396867725 0.538149393665885 0.551448554826143 0.546472571938041 0.517073153667562 0.500551661463617 -9999 -9999 -9999 -9999 -9999 -9999 -9999 -9999 -9999 -9999 -9999 -9999 -9999 -9999 -9999 -9999 -9999 -9999
-9999 -9999 -9999 -9999 -9999 -9999 -9999 -9999 -9999 -9999 -9999 -9999 -9999 0.705110834573677 0.70477559277275 0.703633952259449 0.681223048425494 0.645309325946387 0.654874811457909 0.666783037498606 0.67536307578507 0.675834232393579 0.670081502045534 0.632871508110284 0.599794644464405 0.599424955151718 0.597203696673064 0.593272201490396 0.580938614491436 0.567883107769252 0.559722065766617 0.550156804403045 0.53903278534895 0.537609867700019 0.53556116703626 0.507822990344558 0.489405391752688 0.483444085507693 0.48515093269506 -9999 -9999 -9999 -9999 -9999 -9999 -9999 -9999 -9999 -9999 -9999 -9999 -9999 -9999 -9999 -9999 -9999 -9999
-9999 -9999 -9999 -9999 -9999 -9999 -9999 -9999 -9999 -9999 -9999 -9999 -9999 0.705110834573677 0.707587974439647 0.716023686275951 0.705822529676863 0.683789733645663 0.676591181713903 0.677750353065301 0.700882885063641 0.702746005447461 0.688284012359576 0.6460216426089 0.604811359563555 0.582220578717075 0.576686094405634 0.586905979363758 0.57559047388454 0.560741766268602 0.549326102316698 0.53800984030758 0.52680391970742 0.527373314448082 0.526197597733331 0.485863930050251 0.465517723133592 0.471883341589946 0.462906390851573 -9999 -9999 -9999 -9999 -9999 -9999 -9999 -9999 -9999 -9999 -9999 -9999 -9999 -9999 -9999 -9999 -9999 -9999
