layers/veg_sum/veg3400.asc
NCOLS 255 
NROWS 330 
XLLCORNER -2985163.8955 
YLLCORNER -3022031.214 
CELLSIZE 25000 
NODATA_value -9999 
[rows 150 to 174 of 330, columns 57 to 113 of 255]
-9999 -9999 -9999 -9999 -9999 -9999 -9999 -9999 -9999 -9999 -9999 -9999 -9999 -9999 -9999 -9999 -9999 -9999 -9999 -9999 -9999 0.450363557923338 0.451624663409296 0.306902790733498 0.162363839925336 0.0944711162464089 0.0507312841247442 0.0293007248126332 0.0597403009762517 0.0920501879834287 0.0801396510037043 0.0703996772492882 0.0630691433689658 0.0503042257145801 0.0352092731253592 0.0128114659464849 0 0 0 0.00424464077996057 0.0705070186458133 0.105087481052916 0.0884314319600926 0.105245679879951 0.13758913682723 0.234478548879066 0.300151641326675 0.304181527218384 0.311484137133069 0.320516701304679 0.350579104262853 0.371216116696562 0.367335736792456 0.378034748174166 0.398122743500444 0.394519693300985 0.389004079964724
-9999 -9999 -9999 -9999 -9999 -9999 -9999 -9999 -9999 -9999 -9999 -9999 -9999 -9999 -9999 -9999 -9999 -9999 -9999 -9999 -9999 0.480321503825753 0.485013549528302 0.362913441737845 0.231087759302503 0.126738568328759 0.065381062445153 0.0437336355367479 0.0651019852029449 0.0872715243134715 0.0687090150466066 0.0583988403358445 0.0572491930411918 0.0418618183221185 0.023213663506281 0.0084466685365816 0 0 0 0.00313893101882519 0.0521402585860953 0.0835213964052569 0.0864068753733851 0.10785526830968 0.138299473602327 0.22528187184117 0.28445860906323 0.288727204415521 0.294494107886522 0.301053013521454 0.340565700710673 0.368914513435951 0.367661687246491 0.387819709695143 0.421766107128861 0.405468683633252 0.390120168060312
-9999 -9999 -9999 -9999 -9999 -9999 -9999 -9999 -9999 -9999 -9999 -9999 -9999 -9999 -9999 -9999 -9999 -9999 -9999 -9999 -9999 0.476144966834921 0.473454818449496 0.388048814452532 0.288699847353278 0.177224047764159 0.0911315807898464 0.0284849066630211 0.0518823573143185 0.0810004853652909 0.0509402575034804 0.0421963559115308 0.0571147028479548 0.0465095707469782 0.0290692801183758 0.0105773297562673 0 0 0 0.00315006104074275 0.0523251375201559 0.0839555233418757 0.0872123486755643 0.10395835619663 0.127722429479777 0.21860895472781 0.278671602840377 0.277866004817422 0.284568637642211 0.29524010371595 0.339385112966708 0.371723900041145 0.372853988680428 0.387017836457841 0.409575296347467 0.402025332815792 0.394777112763381
-9999 -9999 -9999 -9999 -9999 -9999 -9999 -9999 -9999 -9999 -9999 -9999 -9999 -9999 -9999 -9999 -9999 -9999 -9999 -9999 -9999 0.489024896705811 0.483418625551245 0.41429289521986 0.32953680960834 0.215996453682941 0.113251571153364 0.0204781307811229 0.0432997795607932 0.0774706237217497 0.0519769630328586 0.0450803030867089 0.0588272966428647 0.0478481311926242 0.0301834230877957 0.0109827287732086 0 0 0.00914550442830897 0.0223089862752739 0.0486894130933289 0.0649125102246177 0.0647090077716067 0.0924323682272788 0.132988093895346 0.220641325742224 0.280476098784293 0.285377458025091 0.292591220467748 0.301027313829448 0.343903533597319 0.376849138068429 0.383104967886624 0.392400020879516 0.403652303569573 0.402078255355186 0.400385091496364
-9999 -9999 -9999 -9999 -9999 -9999 -9999 -9999 -9999 -9999 -9999 -9999 -9999 -9999 -9999 -9999 -9999 -9999 -9999 -9999 -9999 0.499012838310411 0.511060648426131 0.441546451213611 0.35510007210942 0.244104142670967 0.132065977105283 0.0190651305272982 0.0389392215029887 0.0764365954706585 0.070135984078787 0.0653423867465653 0.0622216546521778 0.0461736826549508 0.0269804690833055 0.00981728193167384 0 0 0.0266179621348102 0.0589019193729785 0.0415750412140838 0.0281356217926848 0.0209830641795158 0.0739601304682963 0.15267849505792 0.230599834465216 0.289192633790626 0.309617154350386 0.316955449674706 0.317376396975118 0.353610883590888 0.384082951597712 0.397961857438087 0.403412770525843 0.403436139548966 0.405314523889165 0.406858983749496
-9999 -9999 -9999 -9999 -9999 -9999 -9999 -9999 -9999 -9999 -9999 -9999 -9999 -9999 -9999 -9999 -9999 -9999 -9999 -9999 -9999 0.504710114265517 0.504706020073054 0.465675948283788 0.414098768196461 0.333193274861103 0.20919010126581 0.0453789442620592 0.045866355797511 0.0724711848096594 0.0683459252368891 0.063667879289658 0.0583762112571766 0.0475684205154316 0.0347178337982387 0.0170627611580955 0.00519199552930196 0.00105154645230592 0.0292064987250337 0.0656010174874905 0.0617475663714582 0.0540895256142489 0.0402786403058172 0.0934280054388305 0.17530491403344 0.259654254440846 0.316580538845753 0.319354215672692 0.324823461628555 0.331717579115496 0.374882262620546 0.406081706026894 0.405488179777678 0.407529267133096 0.411267019620077 0.413367251253801 0.416074830763681
-9999 -9999 -9999 -9999 -9999 -9999 -9999 -9999 -9999 -9999 -9999 -9999 -9999 -9999 -9999 -9999 -9999 -9999 -9999 -9999 -9999 0.485221565376273 0.489880840837392 0.484562683638519 0.469672511596953 0.422113231504824 0.287896168638228 0.0736360139371324 0.0517830345377268 0.0642938768521635 0.0612745149383042 0.0567774650258926 0.0506401033530734 0.0463989089325685 0.0410754154041614 0.0229616578764188 0.00939422513470112 0.00190263340112818 0.0262729552671918 0.0604753221702756 0.0798532926063282 0.0861409390579897 0.0712586996093729 0.122048196157892 0.201182008575829 0.291919342207427 0.347446176259458 0.33344245302485 0.33732799686023 0.350669765389084 0.397813518269181 0.427479323233745 0.412044304684479 0.411321695015631 0.420073731308069 0.422935281585445 0.427057035537232
-9999 -9999 -9999 -9999 -9999 -9999 -9999 -9999 -9999 -9999 -9999 -9999 -9999 -9999 -9999 -9999 -9999 -9999 -9999 -9999 -9999 0.481353636995005 0.479176196274373 0.478920194124235 0.473991513234813 0.449582673356133 0.317034091184956 0.0846002010108632 0.0411646958418223 0.0368291068269695 0.0461789308070668 0.0441815379384997 0.0295881347734456 0.028666767444845 0.029296429183901 0.0134108341817143 0.00322393872660635 0.000652951511857401 0.00901643262044206 0.0227145107118347 0.0599682702473117 0.0880327690034083 0.101236245034678 0.161227859464852 0.241275904983453 0.322142456348377 0.378098986008984 0.384865424310349 0.390650938399951 0.39591793824761 0.418009147516358 0.431046055046857 0.420766838506324 0.42025460666358 0.426032216469 0.43570653387632 0.444625759566627
-9999 -9999 -9999 -9999 -9999 -9999 -9999 -9999 -9999 -9999 -9999 -9999 -9999 -9999 -9999 -9999 -9999 -9999 -9999 -9999 -9999 0.475894075228049 0.47499830489361 0.477675988796306 0.477485799429643 0.46409443702965 0.338318952297806 0.108737758066567 0.0482826281545487 0.0256650375938772 0.0307190039087089 0.0269256708848297 0.0133113680978124 0.015597717962928 0.0199544434370222 0.00726074837342618 0 0 0 0.00303703303086692 0.05044764813697 0.0871239508034896 0.106440547947451 0.16651881403088 0.244216374205383 0.33054034357805 0.393486700687441 0.41026903206288 0.421522650660417 0.429853804626564 0.433433265946631 0.434138186737558 0.428145929597243 0.430481895947623 0.438181155943669 0.447826320708582 0.453673156668999
-9999 -9999 -9999 -9999 -9999 -9999 -9999 -9999 -9999 -9999 -9999 -9999 -9999 -9999 -9999 -9999 -9999 -9999 -9999 -9999 -9999 0.477288343594934 0.478856997667047 0.481244453340336 0.480077669364534 0.464427710925213 0.35101087339948 0.147289818173501 0.074807859656563 0.032337444647905 0.0148604075783423 0.0045708262001992 0.00225970042946105 0.00763109512186611 0.0132790609061373 0.00483180200836768 0 0 0 0.00314661593261102 0.0522679114047146 0.0831506205393363 0.084537589751305 0.134728224829684 0.206502994771679 0.315056733488745 0.392171114708562 0.407201854014188 0.427827884229968 0.451411572121984 0.443636324213608 0.436711003710616 0.434055005090743 0.442125513051383 0.457103785272642 0.459233264065424 0.453396387429867
-9999 -9999 -9999 -9999 -9999 -9999 -9999 -9999 -9999 -9999 -9999 -9999 -9999 -9999 -9999 -9999 -9999 -9999 -9999 -9999 -9999 -9999 0.479886832779409 0.476887883841375 0.4720091675132 0.461255496585285 0.348371784702772 0.141153738552031 0.0637296237434525 0.017761614285307 0.00612288301794199 0 0 0.00316329395452378 0.00627904899783763 0.00228473397123805 0 0 0 0.00187394723749853 0.0311278243943192 0.047529713422082 0.0431471571902538 0.120342349151627 0.231944445684439 0.314521144771978 0.377195077218992 0.400566799456394 0.421928908766831 0.442228741388686 0.445164064676033 0.447498449277396 0.449576566473151 0.448312955857215 0.444897305546618 0.44182759975958 0.434482953891349
-9999 -9999 -9999 -9999 -9999 -9999 -9999 -9999 -9999 -9999 -9999 -9999 -9999 -9999 -9999 -9999 -9999 -9999 -9999 -9999 -9999 -9999 -9999 0.421528328024934 0.459888215993672 0.455318754088474 0.341409541174917 0.126506609625601 0.0470404872957742 0.00189168672238985 0.000652112827231511 0 0 0 0 0 0 0 0 0.000401791083269418 0.00667408453821185 0.00815327522310309 0.0018809817681607 0.112320041464766 0.27078811175986 0.322986873436859 0.367673245680063 0.397524820629189 0.416497251007923 0.429718991035401 0.447013516544849 0.460219582185977 0.463143503635728 0.449749027771631 0.425845665262185 0.418718487066005 0.412381318863131
-9999 -9999 -9999 -9999 -9999 -9999 -9999 -9999 -9999 -9999 -9999 -9999 -9999 -9999 -9999 -9999 -9999 -9999 -9999 -9999 -9999 -9999 0.378033625435095 0.409576291747187 0.437521765190195 0.434835328046527 0.331459219272825 0.135079200463207 0.0619956187382835 0.0185496739382877 0.00639454734917073 0 0 0 0 0 0 0 0 0.00014561414680016 0.00241877225795028 0.0029548495839639 0.000681691472813787 0.119052665425181 0.287542976499009 0.371726282251944 0.428132774101154 0.42968808878916 0.439198245213702 0.452913312357472 0.46877915887435 0.471554184085968 0.442167707605984 0.425042922313891 0.41581454500204 0.40889447030508 0.402782931219797
-9999 -9999 -9999 -9999 -9999 -9999 -9999 -9999 -9999 -9999 -9999 -9999 -9999 -9999 -9999 -9999 -9999 -9999 -9999 -9999 -9999 0.356451670260076 0.363921160490748 0.391756909447332 0.415389017423628 0.41180327935307 0.318388519392828 0.142001492911156 0.0845778169301602 0.0503901014048362 0.0173707575903883 0 0 0 0 0 0 0 0 0 0 0 0 0.128743446523459 0.310960856065109 0.402665685711107 0.459886417065523 0.449011023673891 0.450778969537421 0.459230154932502 0.468570126163044 0.463865506081073 0.424755285223015 0.408687761444256 0.407459506924123 0.401887495411576 0.39717143119597
-9999 -9999 -9999 -9999 -9999 -9999 -9999 -9999 -9999 -9999 -9999 -9999 -9999 -9999 -9999 -9999 -9999 -9999 -9999 -9999 -9999 0.3461293981122 0.335353864632613 0.366210075736857 0.393564062798189 0.385414626561382 0.301208198379841 0.146750298305326 0.117205065727407 0.102226208159684 0.0352399902326057 0 0 0 0 0 0 0 0 0 0 0 0 0.142330199575954 0.343154104107773 0.410162006730883 0.453833642233868 0.451422896707708 0.44771400143686 0.443318907250008 0.439419859544249 0.431122660385754 0.412035921100049 0.403331017626249 0.401311913843411 0.398590639892344 0.396810768645042
-9999 -9999 -9999 -9999 -9999 -9999 -9999 -9999 -9999 -9999 -9999 -9999 -9999 -9999 -9999 -9999 -9999 -9999 -9999 -9999 -9999 0.385985217276372 0.38199147559797 0.378294589214632 0.374493969491413 0.37012868686884 0.300977174209981 0.171984640994415 0.120928433543219 0.0821679586385577 0.0283253982709877 0 0 0 0 0 0 0 0 0 0 0.00252601138825242 0.00913712967957853 0.161278784992312 0.372617143108747 0.413991179854303 0.44072017154755 0.438529433156486 0.434173061810809 0.428671941955185 0.424271304827498 0.418809193385271 0.410674550579548 0.405361878900938 0.401866528747286 0.399642013286279 0.398347276632531
-9999 -9999 -9999 -9999 -9999 -9999 -9999 -9999 -9999 -9999 -9999 -9999 -9999 -9999 -9999 -9999 -9999 -9999 -9999 -9999 -9999 0.455660651798255 0.451236558685765 0.401666145282583 0.357681833079176 0.359270721644278 0.305293699422126 0.199992178030785 0.117421414955394 0.0468345358662345 0.0173191638542214 0.0012869107940743 0.000221632227452736 0 0 0 0 0 0 3.21284033408304e-05 0.000533679538703668 0.00609184350931233 0.0198276444040858 0.178814118577853 0.396346719644184 0.415189762688093 0.426153274152329 0.421556988725463 0.4180091579682 0.415015537894801 0.414047044974579 0.413179031722672 0.412415232207896 0.409101853854034 0.404146571917484 0.401772047105735 0.400270219437593
-9999 -9999 -9999 -9999 -9999 -9999 -9999 -9999 -9999 -9999 -9999 -9999 -9999 -9999 -9999 -9999 -9999 -9999 -9999 -9999 -9999 0.458897201437516 0.460193837643318 0.40735986223563 0.35930927400772 0.35832962729991 0.294257578379906 0.171909044848323 0.147326619580136 0.13195486791741 0.0640198587962352 0.0203121979375237 0.00349817383930835 0 0 0 0 0 0 0.000507104681288319 0.008423431115249 0.0123604708768717 0.00986214319317032 0.152183727784132 0.353617936605433 0.39701267777864 0.424060275597616 0.418826991263931 0.413922559362168 0.409191958086058 0.407233776498771 0.405612502673 0.404621372996676 0.40238714753233 0.399352380662208 0.398750731890156 0.398785076528164
-9999 -9999 -9999 -9999 -9999 -9999 -9999 -9999 -9999 -9999 -9999 -9999 -9999 -9999 -9999 -9999 -9999 -9999 -9999 -9999 -9999 0.456075649777892 0.460082110669908 0.410994176327433 0.364158414090283 0.353843498719147 0.284236333987767 0.159862767339923 0.170801596164114 0.188820489600383 0.103400286334686 0.041989844218612 0.0072315056703356 0 0 0 0 0 0 0.000615713344017611 0.0102275114615303 0.0146143259847006 0.010551211640186 0.141485313365442 0.327858216005523 0.38507646235787 0.421360115253632 0.416303998280001 0.411572066209902 0.407011497520877 0.404529898558589 0.402373652509139 0.400867745111682 0.398795100864242 0.396357483684736 0.396514747826859 0.396941488387097
-9999 -9999 -9999 -9999 -9999 -9999 -9999 -9999 -9999 -9999 -9999 -9999 -9999 -9999 -9999 -9999 -9999 -9999 -9999 -9999 -9999 0.451097385744087 0.446304568334634 0.41134807903273 0.374139380872534 0.343710504780725 0.275831680978244 0.173361508218634 0.18403389819436 0.200679339971852 0.131120300558759 0.0678924186475408 0.0116924561059664 0 0 0 0 0 0 0.000140737066070117 0.00233775988498489 0.0104730726448843 0.0282118849547807 0.15616485568059 0.32912842077392 0.383081293304299 0.417692810265702 0.414110741579419 0.411987005798304 0.410634141376827 0.408371845992529 0.40602833802075 0.40354977928004 0.400177121425387 0.396228672574999 0.39552971339688 0.394526934826183
-9999 -9999 -9999 -9999 -9999 -9999 -9999 -9999 -9999 -9999 -9999 -9999 -9999 -9999 -9999 -9999 -9999 -9999 -9999 -9999 -9999 0.442953331902244 0.442789931660216 0.414963960444164 0.382079477152231 0.343574866884617 0.280315109753978 0.194189795367037 0.183325748786334 0.17605969555986 0.10941964949583 0.0534091954900994 0.0091981503437805 0 0 0 0 0 0 0.000369840794212482 0.0061433636261121 0.0349013667627594 0.100830247114432 0.221002425240343 0.362329462481942 0.391082425771913 0.410394839813911 0.411064898361344 0.412278138128308 0.413778502216301 0.410399421664799 0.406797349497077 0.402990907573606 0.399748858824062 0.396870273702355 0.390609038083386 0.384153214247086
-9999 -9999 -9999 -9999 -9999 -9999 -9999 -9999 -9999 -9999 -9999 -9999 -9999 -9999 -9999 -9999 -9999 -9999 -9999 -9999 -9999 0.411078914822185 0.440067527126609 0.419062947297594 0.388713354520831 0.347403842647038 0.289564218816537 0.216456246004285 0.17581900168788 0.136091900434225 0.0672713585652744 0.0223129410706704 0.00384274252208098 0 0 0 0 0 0 0.000985454719284042 0.0163692236561441 0.0727117833409859 0.195293568867913 0.305039754995207 0.407308518722473 0.402437857767967 0.401312383152084 0.407582568818676 0.412449760358938 0.416575332488505 0.411514687659976 0.406222840723107 0.401007451268565 0.398398866547693 0.397469038320233 0.38377358586929 0.370321153344398
-9999 -9999 -9999 -9999 -9999 -9999 -9999 -9999 -9999 -9999 -9999 -9999 -9999 -9999 -9999 -9999 -9999 -9999 -9999 -9999 -9999 0.391060243934961 0.384665064787965 0.383064961812513 0.375223406076143 0.340202531163732 0.269044120135193 0.164506593816528 0.126489226010824 0.0966525903753544 0.0414142055359931 0.00887342491916424 0.00152818434581833 0 0 0 0 0 0 0.00565601598404739 0.0939511362966152 0.171425245896477 0.231399440109459 0.30260956956735 0.377218653564004 0.375299182124059 0.380713686767904 0.400610673919006 0.409587156630356 0.412791086260333 0.405949969470371 0.399863559326208 0.396324472370723 0.38986716009331 0.381530539540463 0.365337429717876 0.351670704950184
-9999 -9999 -9999 -9999 -9999 -9999 -9999 -9999 -9999 -9999 -9999 -9999 -9999 -9999 -9999 -9999 -9999 -9999 -9999 -9999 -9999 0.320558271756553 0.331225792551685 0.348871317592424 0.357189308865301 0.324986961162695 0.245168767463077 0.121369301546567 0.0817741766358123 0.0563493475148316 0.0194250622397586 0 0 0 0 0 0 0 0 0.00875353502810533 0.145403507490482 0.240019792119601 0.266658509771844 0.304168695660406 0.345735627641379 0.354828573671079 0.369316547316174 0.394458140794965 0.40408779216022 0.405517867238539 0.398017993698855 0.391353928301578 0.387357595729193 0.374383186139518 0.355626983653562 0.342014695845388 0.332635719308821
-9999 -9999 -9999 -9999 -9999 -9999 -9999 -9999 -9999 -9999 -9999 -9999 -9999 -9999 -9999 -9999 -9999 -9999 -9999 -9999 -9999 0.308517542196086 0.297902597931941 0.318184105006913 0.330324428201785 0.294197037163616 0.214773046962793 0.0953573381656459 0.0460270662002695 0.0143671975846557 0.00495274070776755 0 0 0 0 0 0 0 0 0.00879411295341437 0.146077540626544 0.250083325902843 0.300271963993849 0.313480372996687 0.311545229743025 0.347316224386369 0.375801075230435 0.389897898500807 0.393464329795529 0.391464420544128 0.385485653775909 0.37866545699525 0.370065689416604 0.345388657854925 0.310358027130558 0.30919572584593 0.312853450659394
