layers/veg_sum/veg3300.asc
NCOLS 255 
NROWS 330 
XLLCORNER -2985163.8955 
YLLCORNER -3022031.214 
CELLSIZE 25000 
NODATA_value -9999 
[rows 175 to 199 of 330, columns 114 to 170 of 255]
0.306588717876901 0.31442982978554 0.323866805636303 0.330651433938424 0.337255320159695 0.344584884068628 0.35032907187332 0.354588817492243 0.358981399326915 0.364019868086545 0.37250148670025 0.382024079497413 0.392718081984495 0.398466637938886 0.403133794751397 0.409852551738896 0.415939004454122 0.421168596617468 0.417779250527175 0.412305182317658 0.420804014603246 0.428958987844471 0.43654978578066 0.447221762041442 0.459275936992187 0.474065579296714 0.485710336188655 0.491049261026206 0.48144079047809 0.463811782258657 0.466954905609128 0.470590176901117 0.473787035380029 0.459133047196999 0.432818319636377 0.413534220886043 0.396658307435928 0.385519169195516 0.377101229784332 0.370830436695816 0.345659287971519 0.319523662692913 0.300350478649528 0.288762196768507 0.284373260333999 0.32840671962888 0.379217345655036 0.412530948107987 0.444689249599723 0.475529616191743 0.525604334612553 0.57705790651891 0.594746452050183 0.604021512797592 0.601735165672227 0.606326482146031 0.61294214971693
0.291915702647579 0.302524699506089 0.318890535308393 0.326370973966433 0.332863736521483 0.340243486935352 0.346588127810991 0.351963560016629 0.356595716810728 0.36179402809284 0.370958248403238 0.37940097840402 0.387031814360455 0.393836433181957 0.400345198936386 0.40623110166515 0.412466469579643 0.419175411602419 0.419060376835215 0.416729985549942 0.416716169065357 0.420728714167117 0.431347378297583 0.447815796106137 0.466827915565676 0.485654872975677 0.497219765700259 0.494223440998254 0.481258415766122 0.462944342350477 0.457808677491916 0.457865566405705 0.46977757140108 0.464273767843687 0.447393405603683 0.405605443633381 0.371126440705759 0.366230318884635 0.366696519400401 0.371393829588478 0.338354858566951 0.304268997435498 0.287711766861016 0.280343742755414 0.281697818201348 0.34972756804029 0.42549374738722 0.468061691781178 0.503425057179133 0.530569641138 0.572118855151071 0.613841162519686 0.622805577298892 0.621269020808523 0.605302532485305 0.606326482146031 -9999
0.290434295621134 0.299925491828445 0.314882646955417 0.320286976538175 0.325681357652375 0.336279104398444 0.343715146071671 0.348190774517695 0.353780285796443 0.359997321960742 0.368473889405196 0.375936510993147 0.382258137904921 0.388523270621028 0.394088851869212 0.393917105769755 0.398885745295799 0.410820324887539 0.419892937688699 0.42736708186531 0.425447274119273 0.42934702049192 0.442795006976042 0.456303974732939 0.469896371308484 0.487291078389432 0.499522426955213 0.501400688727136 0.495319514936508 0.484967432996017 0.476048229871257 0.470359611582717 0.472588097759232 0.458533538128824 0.433842376379553 0.406395912962392 0.382202895225215 0.368985275833823 0.372347497714944 0.388791948221325 0.358747946175863 0.32762401097228 0.318959993169912 0.31971295003223 0.329404196699859 0.363314633912732 0.405608368261315 0.467650047279414 0.512044073356604 0.5363061524436 0.584282407582764 0.632847599959952 0.630126069480463 -9999 -9999 -9999 -9999
0.288437006392759 0.296828046392866 0.310348394639043 0.314857113836784 0.319916608218154 0.332147731742913 0.339627435780866 0.342658222297208 0.348519750278542 0.35510147224202 0.362564969526485 0.36939530237177 0.375513134397 0.382736455512908 0.388947811564902 0.384190846361093 0.388156943852239 0.403944008941792 0.419478731975433 0.433793583284761 0.43057188009575 0.434638772171802 0.450664184822954 0.462383330924449 0.472324350389417 0.48871223063028 0.501826416031003 0.50837649268022 0.508998965700241 0.50644077968356 0.497237095540431 0.489140101551037 0.48432621958981 0.464601716396514 0.435137122358347 0.414671101787352 0.395020697831672 0.375571615337171 0.378575991780617 0.399297141166941 0.375775380164724 0.351349653011027 0.348810000319624 0.355095303905075 0.369756972462338 0.378972502665649 0.398016448610181 0.479471074065739 0.528818602371228 0.541539255703682 0.59227046184901 0.647095644743973 -9999 -9999 -9999 -9999 -9999
0.284413842085569 0.291978669943431 0.304491431064923 0.311106798188365 0.317725136845743 0.327592567222201 0.332568655271396 0.332964811229899 0.337408516608709 0.342731897052852 0.348481901014889 0.355509914034703 0.363976072416695 0.37585200982317 0.386693817233252 0.381201648763365 0.38488447681673 0.401000705890999 0.416094908193031 0.429730609093935 0.426265154671668 0.430931864770976 0.448941153682074 0.462203183375071 0.473480238560592 0.490209628950762 0.504682206879508 0.5146296341293 0.520912466398452 0.525228934539674 0.523882172137519 0.521526045910074 0.51711359350243 0.499697346520074 0.473786608361636 0.440414714565635 0.409842064913263 0.390052354048657 0.385235703797599 0.392233461112132 0.383063724952174 0.373665360458839 0.372684551223338 0.378048516085049 0.389434736676379 0.400067959052276 0.423911762784247 0.524024292128073 0.568179576473209 0.54850040680891 0.59227046184901 -9999 -9999 -9999 -9999 -9999 -9999
0.276358418657964 0.284769265425415 0.299563534147002 0.30665363259455 0.312685855969762 0.31867308608704 0.321830333831112 0.322337771723418 0.326607376187323 0.331935903965219 0.339001874257923 0.346473323215004 0.35440105787451 0.368890046609145 0.38311243355042 0.380350767024742 0.383748741739045 0.395493890153903 0.409038379887726 0.422175907524254 0.419354413240709 0.422859757680431 0.436745652596071 0.45302196955329 0.470347941648928 0.488280475625595 0.503114941152594 0.511737447649728 0.516724755338581 0.519761472424036 0.522437662690985 0.525758051952782 0.530708868174591 0.519472888410586 0.497663179964498 0.459748496849327 0.424428173551456 0.401520258134705 0.391963210756194 0.392940589199449 0.392021984394889 0.392174678332722 0.397847382769335 0.403850916927092 0.410168464027336 0.42059428029486 0.44669333538672 0.557476317108546 0.618380777038231 0.62238521972308 -9999 -9999 -9999 -9999 -9999 -9999 -9999
0.265745090283629 0.276062752886618 0.295225000195291 0.301754606926159 0.305840037914747 0.306985055926676 0.308757857846798 0.311118475436891 0.316002946599857 0.322138128829707 0.332441834268317 0.340512616852376 0.346070688256626 0.361878909358207 0.378689006812756 0.380856347891903 0.383968464503114 0.388360883840883 0.399652033783894 0.412406192864322 0.410791787536829 0.412018541376823 0.417906832745782 0.438130836984604 0.464495390530297 0.484177654105281 0.498741864103522 0.503043828561388 0.502323075390689 0.498907210803393 0.503174236119599 0.51213031834615 0.532129437769696 0.529529975136034 0.512168401737395 0.475016137389595 0.438865043582169 0.411076939662392 0.398733724131624 0.398577209165452 0.40203957133362 0.408269373924262 0.423827448359393 0.431460729831515 0.431572052429089 0.440759564819111 0.467499674074167 0.583886186351819 0.639612761675471 0.626140184042326 -9999 -9999 -9999 -9999 -9999 -9999 -9999
0.255805927265051 0.263309930197565 0.276371617946689 0.283305761248807 0.28901347038191 0.293129794669028 0.297730327001034 0.302784239982969 0.310057360814188 0.317695358563364 0.324914606977387 0.331799366098413 0.338307723954915 0.350179193288585 0.362797814893256 0.369623978585777 0.376272060843473 0.382678817898708 0.392307183783063 0.402408084078027 0.402536649833186 0.405181176160557 0.411953681223852 0.429528928884881 0.451761463243909 0.470967033168872 0.48492257757836 0.488351258576751 0.486617680020039 0.482114114039931 0.478759516091357 0.485087088586404 0.515394150835796 0.514416014406281 0.493001393641897 0.45624001455349 0.423407692459832 0.406993287936794 0.405322235761343 0.415284341162233 0.421978793039377 0.426391124389354 0.423275162893852 0.428719619163989 0.442289348950124 0.459861744723814 0.493226229906702 0.612075455159391 0.674679099289316 0.673119363654938 -9999 -9999 -9999 -9999 -9999 -9999 -9999
0.247146482662913 0.251665910234874 0.257413715247801 0.26446429436704 0.271657669106943 0.278712844728189 0.285698430025701 0.292618855509087 0.301509047992294 0.310045855656394 0.314447084582919 0.3200358083993 0.326960821859376 0.336502441630922 0.346740530799021 0.356935197437805 0.366333835854842 0.374653744914341 0.382172078081136 0.389128213893013 0.391680159898002 0.396488953287998 0.405000594059002 0.419895154476251 0.437580054633829 0.456051993334822 0.469534853364461 0.473014076351621 0.472330267574844 0.469412641318297 0.461812522400422 0.466318940542736 0.501298783235098 0.500633452608105 0.476683563886047 0.437387562704337 0.404936675977299 0.398090798106558 0.405142264088403 0.423159349497787 0.432282558085247 0.436457300889976 0.425355082348845 0.429307935049673 0.447550577687479 0.478327141273046 0.523370235989731 0.635294201534335 0.693165346952561 0.689374552786051 -9999 -9999 -9999 -9999 -9999 -9999 -9999
0.242215045230369 0.244311131495846 0.24145876884031 0.247531053899176 0.254979293761232 0.26308764936024 0.270151894919884 0.276238504330683 0.283999350761988 0.291443394250948 0.295280978708182 0.299648301583371 0.304611739833732 0.31790050144659 0.332802445792512 0.342513043872512 0.351405405126933 0.359188941265538 0.363105368054387 0.365944885822716 0.372861757721985 0.38125393514368 0.392066671095914 0.405692506647541 0.420581503726525 0.438049611715178 0.451549711858245 0.457093531316291 0.462642715637374 0.468194778659728 0.468698234099444 0.47572302881145 0.499364849266441 0.496647348199943 0.476711102036747 0.426090510002267 0.384161082754364 0.377689667010667 0.384470746296556 0.401708630746168 0.411086355739007 0.42162206943801 0.441489018819264 0.44693882695583 0.438704347813557 0.495103930932252 0.565789799043376 0.643027138448269 0.685400261465477 0.68800126529371 -9999 -9999 -9999 -9999 -9999 -9999 -9999
0.23195952779747 0.237797896679426 0.234325693327675 0.237764813748439 0.242767071884558 0.250290781795963 0.258632141453647 0.267739094697176 0.269106096476446 0.26951361089539 0.273121677881405 0.27947986880626 0.288932778007161 0.297003588970984 0.305485811490202 0.320523724767419 0.330402060746987 0.333288449266144 0.336330363137215 0.339766018403749 0.348464438614233 0.358299658275712 0.370000043875221 0.384506635866822 0.400273731261481 0.418642836892154 0.434782655912818 0.446452516534505 0.455788552901698 0.463872295817862 0.475348024605828 0.487504033072322 0.50107993359479 0.492091113202174 0.468362301216898 0.416085127252284 0.373858576222574 0.370810942107845 0.37712455099077 0.390824594948616 0.390955708380754 0.397222508275669 0.436673400751307 0.457586217200949 0.460903287473785 0.522557014182411 0.591978847234912 0.638057447813499 0.660329790831914 0.655444623622703 -9999 -9999 -9999 -9999 -9999 -9999 -9999
0.217620624293043 0.231930097080344 0.233958689086409 0.233495416107139 0.233980235965185 0.239663144288045 0.250200790877498 0.265284095916402 0.256219563854907 0.245031886151709 0.248666699571249 0.259479458275001 0.27836956874526 0.274346511755533 0.267908290452892 0.292730650203334 0.304739466733148 0.299384143564708 0.303643361407695 0.311289675429897 0.319788282281696 0.329424975712757 0.340928946894795 0.357964873488924 0.377427899786134 0.398158940830296 0.418949829658253 0.439860719702128 0.451107502140494 0.457168676176209 0.48181687167937 0.501108050070592 0.50559368933449 0.487097607669701 0.453589136773576 0.407070410888045 0.371588566632543 0.374303437227757 0.37999841928932 0.388044841204301 0.371642305015098 0.365487435490618 0.415790195569518 0.462877502088659 0.506912803394236 0.558198447070806 0.60571964928491 0.623345279154222 0.638752354367572 0.65162856471871 -9999 -9999 -9999 -9999 -9999 -9999 -9999
0.186680940877127 0.204186887501648 0.222067565496401 0.226530180263383 0.229600477341422 0.234410993740193 0.244579068593561 0.259763609736194 0.248869460561315 0.235740507786596 0.238942190601858 0.245513169319866 0.255875621382175 0.25534877522041 0.253836664032016 0.26854331272149 0.277407488967422 0.278354299505366 0.283535243632878 0.290445634919299 0.301414056265814 0.313299992792599 0.326691311874209 0.342833120765294 0.360225393524448 0.381169844550977 0.4006080055832 0.417025893860401 0.429911056265146 0.440900613434905 0.462670736105879 0.479221843726453 0.481935099151303 0.476109723867299 0.464706644106693 0.437030859761934 0.41240191582185 0.401655099292351 0.394802583937485 0.391022844579978 0.373018791737738 0.363112275516714 0.394867623251111 0.43536469062736 0.484159117435685 0.522322180607375 0.558073347433898 0.592392989417156 0.610932242506982 0.611469671005689 -9999 -9999 -9999 -9999 -9999 -9999 -9999
0.156571933842874 0.174869757979487 0.204222325081166 0.213061087716433 0.218814331427383 0.22336211225198 0.232948273848506 0.247252044689813 0.238866982235146 0.22835749796898 0.23105491218075 0.233148987836575 0.234564125780045 0.23825037796151 0.242508220822011 0.246452422780646 0.251774547478959 0.258963949832888 0.265300219721056 0.271792844986641 0.285285431988284 0.29909235608604 0.313415018332873 0.328748741133755 0.344582914445793 0.364449355231037 0.381799294098873 0.394103377117012 0.408620987259922 0.424326341302864 0.441700124487324 0.454981630538164 0.457955593219434 0.463930143561619 0.471864772960904 0.462137498798211 0.448366716499154 0.42650500240097 0.408085447125758 0.392381907519601 0.374696418502337 0.362443842947387 0.373765296923748 0.402895274013588 0.44892852909458 0.478644513725758 0.508932792857982 0.561417164393178 0.585419230308025 0.576929481655385 -9999 -9999 -9999 -9999 -9999 -9999 -9999
0.138353039806325 0.150678388440985 0.168830783773787 0.175295931125204 0.180433912179438 0.186625277984651 0.196121199244622 0.208711289458656 0.215515125208221 0.220636584231164 0.222787166113805 0.223985022329152 0.224110775032 0.226757895361442 0.229827786564132 0.230773936164581 0.233719457475504 0.239374406545141 0.247942129815283 0.257838979769857 0.272686095539553 0.285847898114834 0.296244579047607 0.312885347448863 0.332177060146948 0.346977764771417 0.362447165826651 0.37925737483975 0.395525234459553 0.411502077910471 0.426804614177873 0.439845444562749 0.447317264871403 0.450151099766538 0.449955255444304 0.447857905977952 0.4428357360547 0.429099154839685 0.409171741432617 0.384359487405795 0.366834825720182 0.353293171945782 0.351973251990995 0.367855198523265 0.400064604067413 0.441232823571595 0.48572181511995 0.538769797842853 0.569278467277838 0.574074920939594 -9999 -9999 -9999 -9999 -9999 -9999 -9999
0.125174980542389 0.135991392946144 0.149318857857911 0.152233178584188 0.155181966853227 0.163985791650258 0.174302778773621 0.186036591838233 0.200349128657009 0.213119007059538 0.214472417155808 0.214926752703098 0.214369358415612 0.21504674735783 0.215957204317698 0.216045777275531 0.218234748912332 0.223270053952442 0.233105644398975 0.244714902677686 0.25802852386403 0.268201627604889 0.273222031665976 0.289046511275522 0.309515293745846 0.326050426778529 0.343803427901628 0.363998384973848 0.382046500709793 0.398942655092762 0.413322843137812 0.426328546135873 0.436118361913707 0.438632025892746 0.436392676672785 0.434129568267617 0.429183099850483 0.415788754403286 0.394124972120046 0.365936238149207 0.34551808016681 0.327046689370887 0.312112008034368 0.312843598481627 0.328445110783648 0.38214046894918 0.44204890611768 0.493223271942015 0.514353207746667 0.5012093013281 -9999 -9999 -9999 -9999 -9999 -9999 -9999
0.116649556560583 0.13007683059082 0.14446364301667 0.142740583943965 0.142047459158706 0.154358003047677 0.166337181675316 0.178006091609296 0.192738591663967 0.205789107311332 0.2061142850442 0.205966039217846 0.205285049204826 0.203133773581821 0.200988128513689 0.202194760469442 0.205122474264781 0.210382494197475 0.220596572306945 0.232356710935743 0.241471223618326 0.246492532335378 0.244798052610385 0.257846429041517 0.277387432808847 0.301933471663735 0.325813526507968 0.348358212087143 0.368214279738589 0.386627677224651 0.401145937958506 0.414306232380007 0.424402054731344 0.429198879502527 0.430534230937747 0.420910032985766 0.408034264337676 0.38779862586802 0.364187561794518 0.337913137515616 0.311782375981837 0.28502095996674 0.255573091293251 0.239398500030118 0.235822477244072 0.303037098494016 0.379489858681008 0.426541072778453 0.464603192357345 0.492410805292021 -9999 -9999 -9999 -9999 -9999 -9999 -9999
0.104460394632943 0.113876553035342 0.126312399037857 0.132788274420127 0.139537066852517 0.150659880894633 0.161146619526778 0.171037778870597 0.185003950269207 0.197419010618681 0.196721021088529 0.195423179935515 0.193450324920773 0.192286741855964 0.191846575942653 0.195651622799117 0.194989567550053 0.188273965388073 0.191782009530287 0.19890505341752 0.207140696661749 0.214421838397896 0.220136913490437 0.235910933883141 0.256149567845596 0.282125305676576 0.307173956468882 0.330363698462065 0.353763473245025 0.377275948325205 0.39280596193029 0.407339707570757 0.420035246285332 0.427012317138461 0.430253903359727 0.423641181672206 0.412389022627475 0.389113524792879 0.358365629015022 0.321721680514711 0.289822487063358 0.256970646759298 0.217439080624016 0.206356406022734 0.222276505266037 0.290566648391567 0.365066351517619 0.414249872933163 0.440458727651966 -9999 -9999 -9999 -9999 -9999 -9999 -9999 -9999
0.0930232914277768 0.0977520940254467 0.107781782974559 0.123105675921129 0.137791154236187 0.146991438622247 0.15551238463883 0.163397242769789 0.176758969818817 0.188723173775626 0.186882414379575 0.184889761072665 0.18272618133756 0.182847369835326 0.183911996324552 0.187749475091242 0.182398375052845 0.164595468105714 0.161860719247956 0.164702483100278 0.173032807531703 0.183487694934321 0.197428388460087 0.216908719916716 0.238862184801566 0.264937218999206 0.290506859292239 0.315063130681269 0.341373640612225 0.36862544740106 0.385819808126526 0.402261299125612 0.417635728790728 0.427097348247746 0.432696532486337 0.430217139735302 0.421883638399793 0.397232528135287 0.360087584604932 0.313084453622525 0.274193664930008 0.235025101214603 0.190012703479637 0.189384198575117 0.230883458789686 0.294666257459546 0.352717066468682 0.352202920707776 -9999 -9999 -9999 -9999 -9999 -9999 -9999 -9999 -9999
0.0894807762392223 0.092784952280112 0.10109267384448 0.11536176407641 0.12907786317648 0.137287672304301 0.144579607632096 0.151012106144663 0.165884239544121 0.179352930024123 0.175717412118007 0.176060543318307 0.180880853866675 0.179905487797125 0.176414492542818 0.16486322939669 0.153402040623997 0.142062915200732 0.142992628662105 0.148479888408932 0.158699662920964 0.169525579350967 0.1813460029986 0.204086474002881 0.231556454896119 0.257413831154879 0.285183831649002 0.316788848567918 0.340773927853465 0.360670268247412 0.382144687044334 0.40210930866036 0.41819407244101 0.431893150570567 0.444033823144294 0.440915551086922 0.43252141821851 0.411521296084963 0.377401816769306 0.332930583944565 0.280492839520899 0.23148561929951 0.20125197942229 0.217086140831383 0.27664637916565 0.31873729147998 0.351566367360486 0.351802900078395 -9999 -9999 -9999 -9999 -9999 -9999 -9999 -9999 -9999
0.0855311571234932 0.0884396549681552 0.0959870790406463 0.106596623959324 0.117446640135457 0.127587359797177 0.135428133636721 0.1411153890813 0.152554817025854 0.16373753547629 0.167151991863121 0.168794210145557 0.168442126435373 0.165201023501003 0.159866664619224 0.143478864446883 0.131162984438734 0.124365124649796 0.125462690493134 0.129594736519514 0.138344765209408 0.148564199745455 0.161194513114167 0.187156925886034 0.218884759358327 0.248058421397516 0.279100000705746 0.313886954183388 0.337416982331168 0.354906721094623 0.38128212420381 0.40588881637301 0.425387272448116 0.442490874123862 0.458030080926519 0.455473494809433 0.44734988906701 0.426449608110553 0.392395043609269 0.347961167152797 0.290725129219951 0.23914207730704 0.218306611345908 0.23994955803611 0.301911649278222 0.331396114845809 0.350867096512775 -9999 -9999 -9999 -9999 -9999 -9999 -9999 -9999 -9999 -9999
0.0811299640873724 0.0847841292597378 0.0926379737338854 0.0966987017102457 0.102578744843728 0.117890878377866 0.128252543268477 0.133978914064444 0.136502563982519 0.141194801150358 0.161470118928168 0.163261483235301 0.144252829110026 0.137449091397319 0.133279900491003 0.123760438169228 0.116419337715158 0.112030221667967 0.109417077806271 0.107756183024402 0.11131032826019 0.119838991585695 0.136529430227802 0.165671414453086 0.20026094698859 0.236670868832653 0.272172260121968 0.305851950349746 0.331001617753311 0.351574208841332 0.383539349374998 0.41402927942581 0.439940087276634 0.459524291712421 0.474975758078959 0.474312566880913 0.466826821036 0.442087324802485 0.404813730132539 0.357650177008724 0.305320167814776 0.259217463617276 0.241811839600111 0.257445913956013 0.30444020851575 0.331396114845809 -9999 -9999 -9999 -9999 -9999 -9999 -9999 -9999 -9999 -9999 -9999
0.0855599103991823 0.0877729219464616 0.0928345101409601 0.0995864379020277 0.106771767693886 0.114780214859438 0.124257028451615 0.135108724043097 0.135150754619138 0.134581043091292 0.142528772525743 0.139883294485926 0.125317265408547 0.12088761221605 0.118653354143292 0.112037329763962 0.106601162291881 0.102763865624593 0.100095255441234 0.0979189721841605 0.0970946343838816 0.0991726162897028 0.106012482846641 0.133329338951388 0.169599654633612 0.208514826875273 0.246604458681083 0.28303879350159 0.313520040796176 0.340806954795207 0.380989174409541 0.416729337367334 0.4403940908623 0.459441580723552 0.475472927491427 0.48945845390392 0.492596608650226 0.462097733133963 0.423048730180343 0.377253298230684 0.335504025471358 0.299120533137073 0.282543555737179 0.275146604093582 0.27646303796409 -9999 -9999 -9999 -9999 -9999 -9999 -9999 -9999 -9999 -9999 -9999 -9999
0.089435670875171 0.089670249217264 0.0911215947570407 0.102396959480976 0.112307920625131 0.111314267089027 0.119841467936753 0.137283372276049 0.135792838782159 0.13008442669817 0.121806972762399 0.114934441107159 0.109642870439378 0.108404194486823 0.107766582913121 0.103057117647554 0.098729137814873 0.0949181239950589 0.0932920469280147 0.0921943021344971 0.0875519922558304 0.0829995422126602 0.078594526709697 0.102840484599586 0.139599838702209 0.179117563658918 0.218476099132283 0.257515442643114 0.293370338787028 0.327516510473624 0.374276673379051 0.41388283870209 0.434693785221076 0.453407226282851 0.470750510234277 0.499484997837042 0.513498147625162 0.478132541801114 0.438009221756224 0.394131854603906 0.364976374124131 0.339879941281281 0.323014518264691 0.314801722482977 -9999 -9999 -9999 -9999 -9999 -9999 -9999 -9999 -9999 -9999 -9999 -9999 -9999
0.0701154632441079 0.0686670431657611 0.0664689818503396 0.0774819245717736 0.0882899281770421 0.0910184404145935 0.105292078307347 0.13037581452109 0.12138037435721 0.108924695014627 0.114809393647446 0.115125366984278 0.109174846035388 0.105141660650881 0.101736444691916 0.0992854735564322 0.0961369844873423 0.0920432612521338 0.0925809850949319 0.0942501817015149 0.0885848903136779 0.0860396488636408 0.0886135257100144 0.110334121278697 0.140459152318792 0.175238359178897 0.209175772830468 0.241425300946908 0.275125442625928 0.309603960766196 0.344132427357464 0.377764980656292 0.409166154415086 0.435578446389764 0.458731842505221 0.475987491721648 0.481736429386255 0.452784827469816 0.41419034030593 0.367987189865915 0.355657649447531 0.345527732017483 0.324864097467557 -9999 -9999 -9999 -9999 -9999 -9999 -9999 -9999 -9999 -9999 -9999 -9999 -9999 -9999
