layers/veg_sum/veg3000.asc
NCOLS 255 
NROWS 330 
XLLCORNER -2985163.8955 
YLLCORNER -3022031.214 
CELLSIZE 25000 
NODATA_value -9999 
[rows 175 to 199 of 330, columns 114 to 170 of 255]
0.303200276980131 0.314441481957732 0.316799552423632 0.326105947946514 0.336406533834678 0.346909710736279 0.355539543297506 0.362415299106923 0.370716905446582 0.379048400794779 0.385974058175319 0.394162764190791 0.403772780583896 0.412520666283743 0.420906417889561 0.428194404978501 0.434970431071099 0.441052678549345 0.434962877952787 0.425987014478462 0.437643639393921 0.447230611166276 0.453421868291973 0.46336730495299 0.47496564156597 0.487811174292508 0.498218751722098 0.503737967687979 0.49192058273327 0.470800649930694 0.474012934782751 0.478065208310098 0.482259015260086 0.464513446412754 0.432436381243457 0.414120622648063 0.397892719634166 0.384620916847964 0.373874177494818 0.365119824955368 0.34036620023702 0.314681358330766 0.294416462323031 0.278234057473839 0.265926622070991 0.312315951829867 0.367365105877595 0.403742454561052 0.437735245529776 0.469007800007629 0.518514286198194 0.56987512053874 0.59398359512108 0.605848343122752 0.600888348402678 0.597204033969189 0.594154914994181
0.289261604635227 0.301085654934314 0.304669725467828 0.314700434372534 0.326332459416045 0.340895243674197 0.35019699252815 0.354572652945468 0.365736160983765 0.377242520502931 0.383170957560573 0.389711103720238 0.396939606979348 0.40598751481733 0.415211374858005 0.421820371765742 0.430396254226937 0.441637541169365 0.438343690196434 0.430747609769129 0.43453577221135 0.441116629699536 0.452279508819136 0.462171597439863 0.47167772524704 0.492362286428822 0.505430968472768 0.503228997221204 0.486948963097292 0.463114861479113 0.459760625021658 0.461939718579372 0.476236965253584 0.469640050686806 0.449394407106854 0.408976527623999 0.373934379344062 0.361138026804122 0.35857890389486 0.364097408287122 0.329156489244039 0.293244833971132 0.276752918281158 0.265443680962619 0.259053675446338 0.333255809584365 0.41663888602162 0.458923126002874 0.494038915413257 0.520977137677584 0.567914629102315 0.616061728434804 0.627153273670653 0.625064163741703 0.604862828699696 0.597204033969189 -9999
0.281942542419354 0.296401128928872 0.303563773659885 0.311693398416108 0.320151550330172 0.329406177429078 0.338990375153597 0.348883161192611 0.361283182500302 0.372992286812337 0.378097395457814 0.383951174922553 0.390647434696775 0.398183704775464 0.405001259702602 0.403905573231056 0.411799515173654 0.4318756584739 0.435534943651275 0.433682191016545 0.434577633755435 0.440776021963577 0.455675041801881 0.466660182904157 0.476074559287027 0.494379000227241 0.507210864237466 0.509069625416304 0.500123799254886 0.485380401172098 0.476803317588823 0.471770723633119 0.475056930926329 0.458034919578925 0.427746935514595 0.401374710154092 0.378132656051001 0.36372185378361 0.364423226607853 0.377048774478417 0.346116123348863 0.314599223428743 0.305891692605999 0.306282841034804 0.315310163488891 0.349104235349119 0.391678973355217 0.455634281298285 0.50070012194826 0.524217388660901 0.575066429952331 0.627794749166609 0.631847525726769 -9999 -9999 -9999 -9999
0.275690162623611 0.29175836902221 0.30200367365813 0.309656076317079 0.316253448464657 0.320011738042409 0.328214331858544 0.340578280623956 0.353048580962271 0.364535604032199 0.370440692270465 0.376361567042183 0.382300206421852 0.391244451760649 0.399106463171099 0.391139791175215 0.397032170985232 0.421705500568424 0.429828264080893 0.432064858871661 0.431973479363119 0.438660521021663 0.456469032050556 0.469171840460158 0.479751431460018 0.496972658111444 0.510155691429911 0.515241714644646 0.513408153494826 0.507861652021037 0.498275863622781 0.489772617410157 0.484283925480132 0.460388553371728 0.424469353798357 0.404983587942414 0.386874151126532 0.368775816929015 0.369307998468167 0.384540481552282 0.359704635997913 0.334799662080477 0.332809709287613 0.34103382487563 0.358952806015525 0.36568534540415 0.381975980381233 0.465793939384365 0.515938413668988 0.527669122021223 0.57937707295538 0.635560871514742 -9999 -9999 -9999 -9999 -9999
0.271606886997614 0.286699282006724 0.298695233912806 0.309448815670791 0.317609619377975 0.315977522662993 0.318822511376267 0.325859549194623 0.335694177621421 0.346115239343119 0.356711232342728 0.364452658484204 0.368981836587948 0.386458699474277 0.403851690613747 0.391436299726067 0.392303562900603 0.411170676446631 0.417525820270057 0.419616746949871 0.422822484499635 0.43193540685713 0.450740346468317 0.466593644051801 0.481240106325513 0.501103901572466 0.51622389156808 0.521832043995955 0.525874405409083 0.529076587948558 0.528529852720401 0.525864872904667 0.518233549169075 0.497286214835165 0.46764043991315 0.435681516738107 0.404856547824927 0.378212987343742 0.37062702612857 0.378078354266698 0.363512803451594 0.349677002869192 0.351601746653571 0.35795746547387 0.36851892344091 0.384330698481803 0.413363275594916 0.51175837563332 0.554748048788262 0.534532766546484 0.57937707295538 -9999 -9999 -9999 -9999 -9999 -9999
0.268152831220033 0.283034605747544 0.296749006584326 0.303131997806364 0.30771673509443 0.309060735298921 0.311903106646225 0.31614845444081 0.323422274885815 0.331636554971851 0.341738772583427 0.352710773151192 0.364661541683808 0.38158707532491 0.396713545159933 0.385575664414383 0.3848075962324 0.398092071589558 0.40650210037315 0.412894593131154 0.414204211959955 0.419758030471985 0.432275378634235 0.452040318999252 0.474927045312003 0.495595702048776 0.5111065635488 0.516275493223995 0.519640120700309 0.522036587946484 0.525188891193293 0.528152139614325 0.530584893443375 0.517050352330028 0.493085467580072 0.455513141155925 0.418870558576672 0.388738556934544 0.37750418673804 0.381180884204009 0.375308882726678 0.370083913165607 0.373058707160275 0.376388119915443 0.380054125404967 0.395187485674497 0.42680588596247 0.539203924956328 0.600559838879657 0.603688329608103 -9999 -9999 -9999 -9999 -9999 -9999 -9999
0.265097927509513 0.280254488259219 0.295666912679688 0.292939519632439 0.290687897223869 0.300315358819252 0.306552104217264 0.309614005393842 0.314374508559027 0.319658315954482 0.325977803126958 0.341074840714708 0.366049267937676 0.376660977478149 0.382037060177836 0.375809181717055 0.375556127251743 0.383399793322155 0.396289552111612 0.409804759587311 0.405923877292471 0.40412195560331 0.405731019470859 0.429890448218372 0.463664873092578 0.483972622960553 0.498893580971787 0.503013444410665 0.501542958704609 0.497072779422792 0.50053662803056 0.508994864826348 0.529235147558096 0.525945663093926 0.507285788189284 0.468451613896034 0.430367182984846 0.3999545637104 0.387907206013939 0.390350852590491 0.392172175827025 0.39399856261634 0.396206189005217 0.395774764051512 0.392838436350265 0.401103516182133 0.428865101373323 0.554901828341603 0.617147432288205 0.606621914124833 -9999 -9999 -9999 -9999 -9999 -9999 -9999
0.259855508105294 0.275277496443545 0.281413875640504 0.282112055907699 0.283385619129641 0.289968766920451 0.293869498516337 0.295258591549686 0.301330013593283 0.308693634674652 0.318076710587426 0.330121161698861 0.345160462006142 0.357732287021852 0.368289040764225 0.367500178585409 0.370240827698788 0.377764457295317 0.383065975610702 0.387371979956949 0.388187319541231 0.390854935732881 0.396561613240796 0.416538674707023 0.442721536107881 0.468484712940469 0.486176478167757 0.487684198716924 0.485703376256554 0.481850656391716 0.476157204941185 0.480445902003724 0.509699086917769 0.509156371904902 0.489150029751631 0.449695347890331 0.413677262261521 0.39360505711363 0.391919237613309 0.404741090211903 0.403229405844422 0.400081454279397 0.398478588954807 0.398355351017419 0.399636527858831 0.414494787303605 0.449194739424181 0.581383823850751 0.651077152353731 0.649477077162825 -9999 -9999 -9999 -9999 -9999 -9999 -9999
0.248468964482001 0.260801379669691 0.259774333806973 0.265753459062607 0.272197438532834 0.276673736014839 0.280338133813979 0.283242322009458 0.289759251287917 0.297572350346563 0.308606155051628 0.316924003458621 0.322185582483034 0.336870367964429 0.352568864488514 0.355582712166759 0.360393216767524 0.367638442292495 0.366542677066884 0.363157902495623 0.369090742596876 0.376559351933626 0.386547723629705 0.402385443324103 0.420912866049385 0.44902632437064 0.468559660539279 0.470888932901964 0.471339820727134 0.470782796902437 0.459784220453251 0.461205923623553 0.494341845711525 0.49489696009732 0.474169257229604 0.431483306753931 0.39503425471442 0.384014233086248 0.390491725002291 0.410775529584211 0.407794389079463 0.402473088932291 0.400962754607194 0.400540333212662 0.401150523819604 0.429758979131873 0.477956074973283 0.605467864104656 0.672634814743465 0.670962067903414 -9999 -9999 -9999 -9999 -9999 -9999 -9999
0.218943687126239 0.218010788325868 0.218739395982434 0.232760610025823 0.246996017416837 0.254800439482947 0.265908919928375 0.280111103899032 0.283573457143513 0.285744153190712 0.292576587483845 0.296764871200719 0.297977688613186 0.313346583607809 0.330653492940065 0.332385074243882 0.335895847337768 0.34181767366344 0.340697916477291 0.337964382314865 0.348031306552216 0.358601587637879 0.369997734752349 0.383788452307583 0.398693490732598 0.418406929987782 0.436194156420068 0.450119119854281 0.460937622579624 0.47008924726387 0.467637521298301 0.472354295149857 0.495821481671946 0.494187237190191 0.476155941605841 0.422171904014758 0.376913486310895 0.368608226396625 0.374024399825129 0.390267391502732 0.393992241836797 0.397745482990005 0.408864175932337 0.405369301754277 0.388003699166888 0.448995108564236 0.528117127648865 0.619810674444879 0.669208350092337 0.670356083454669 -9999 -9999 -9999 -9999 -9999 -9999 -9999
0.196457729680603 0.193871122414274 0.194218397218331 0.208192818785444 0.222490553662058 0.23061451889777 0.244494641928142 0.263764453522305 0.265662397247364 0.265064360984378 0.269746475697479 0.272608888894138 0.273423589454889 0.28567437492892 0.299764710549523 0.303568606186277 0.309028417607879 0.316732226066173 0.318736793467215 0.31945802045212 0.330892639546088 0.342436057390474 0.354157983170626 0.367949783643967 0.382684927717789 0.400247661581241 0.417108269670461 0.432561040388041 0.447859167712816 0.463074315821105 0.47229366610638 0.483435148652146 0.499835079924932 0.491920854887838 0.468123851555415 0.412521825245874 0.367723993594862 0.365336386893135 0.370832473265267 0.382549142422747 0.380011793901393 0.38185169287549 0.410013730394481 0.421990143662645 0.418603682399962 0.484295145492953 0.560600576484523 0.617343515694902 0.645011790390797 0.639512504124157 -9999 -9999 -9999 -9999 -9999 -9999 -9999
0.179370688267806 0.184036074225553 0.182363021198619 0.190086756830759 0.198518865244048 0.204654895278973 0.217723060222384 0.237282021556677 0.238758462177954 0.237595700102602 0.241700580613507 0.245387460197258 0.248603962758942 0.254820467610037 0.261993630965052 0.270442688851257 0.280343233220359 0.292210744385855 0.299754286781087 0.306080478804708 0.316761067414671 0.327645108958036 0.338862959143762 0.354226653266005 0.371439843922878 0.391644880841637 0.40820739227433 0.417466250010441 0.432728116076108 0.451211102156745 0.474497702300575 0.494464218154415 0.505792140021192 0.48846056841948 0.452407706429768 0.402611993621586 0.36538448185974 0.371371035886088 0.377822320421099 0.384640297897466 0.365894595472906 0.357393823912054 0.405984835414969 0.447654946491926 0.482755961237673 0.531915646449361 0.579525911750678 0.601983689358946 0.620721833683904 0.635216724793645 -9999 -9999 -9999 -9999 -9999 -9999 -9999
0.161695356998806 0.171650371942369 0.179749641405255 0.18613140353765 0.192625903770583 0.200518608459617 0.212378697627048 0.227953585365711 0.22913523621172 0.22813228640168 0.230856181550517 0.233739695821592 0.23680282971192 0.24131122586955 0.246437753939318 0.253497239591789 0.262385001044276 0.273750331413635 0.283730237311556 0.293302040154896 0.30398938749343 0.315117109469401 0.326967361503774 0.337334387634157 0.347170227514888 0.364658477413207 0.383629080455526 0.405571960304482 0.4249963109307 0.443069258320027 0.46242482623969 0.478670429294285 0.487081542193363 0.482229066101124 0.468712392877611 0.436704464782481 0.40913093691832 0.400395051250961 0.393650546722478 0.388477330055596 0.368713019007031 0.356937291408121 0.386586055208701 0.423455208476425 0.467177723451339 0.504186378030681 0.53940240059908 0.57217639815336 0.589916558570147 0.590506539678406 -9999 -9999 -9999 -9999 -9999 -9999 -9999
0.145349213721237 0.159678704011416 0.177762940022097 0.18396446427368 0.189297274023911 0.197642906838429 0.207894730565897 0.219931386421049 0.221212107264544 0.220713820907629 0.222186518815317 0.224075651353652 0.226433398358428 0.22982491090452 0.233653697376692 0.238824323140991 0.246056409358435 0.256082062247834 0.267313427730714 0.278951691110647 0.290420237935318 0.301554536993403 0.312140430131205 0.318740054624994 0.323758262085819 0.339060906113732 0.359927443114147 0.391950181390696 0.415132623483271 0.433571501447131 0.448422911686515 0.460840837538005 0.467495765540388 0.474009981253055 0.480432279233826 0.466165167457562 0.448768898955917 0.426959243935234 0.40768986966407 0.390424889342844 0.371244205304708 0.357196435955994 0.365445978178793 0.392098620986336 0.436218895618308 0.465715419281558 0.495493555918896 0.543844136460388 0.568195940560089 0.565170614297279 -9999 -9999 -9999 -9999 -9999 -9999 -9999
0.134559197063025 0.150665373027157 0.173459475884855 0.181524843008842 0.186724384477384 0.188430593955526 0.195698580453475 0.208174250108725 0.211044307643424 0.212037332555521 0.213188362864429 0.2141726122068 0.214969182696611 0.217336125180046 0.220300081585791 0.224738728065214 0.230603302556505 0.238400208548257 0.247810857444036 0.258080713756339 0.272995437873946 0.282731331240943 0.283970230079656 0.295064945826578 0.310488485134247 0.328482993654773 0.347818830237678 0.36984417323546 0.393009828097537 0.416787356401685 0.434203574655265 0.448877836305781 0.457244123191906 0.45937582585838 0.457434900313443 0.454509970708465 0.448277703961179 0.431884400199482 0.410078777651401 0.384002596019403 0.363858543979937 0.347836847552937 0.345396936622376 0.358325953118032 0.385842661757265 0.42388173314256 0.467250667389398 0.528830939189651 0.562444171421218 0.564153390130155 -9999 -9999 -9999 -9999 -9999 -9999 -9999
0.125191615450389 0.142086021155949 0.166601125891518 0.173919154031587 0.178121263109961 0.179174536621229 0.186334578555717 0.199212597847061 0.202307613454075 0.203375016429444 0.203959125567332 0.204297004864032 0.204357801379526 0.20485304936686 0.205937512896844 0.210984745016274 0.21410695936996 0.214620505939066 0.221012717285601 0.229887470613283 0.245656633272705 0.256099155209162 0.257802168315016 0.273266017767163 0.294713881026659 0.31574382352417 0.336090021997415 0.355065240476297 0.3781096862493 0.403337615496417 0.420016186810269 0.434524308765112 0.444320378965029 0.445900653286911 0.442114109085976 0.441850435073186 0.437846341340691 0.421130583540281 0.397458318074224 0.368297060149219 0.34368258454636 0.321223007118022 0.305025921805514 0.302820425918381 0.313895297195226 0.362650658845111 0.419825853193955 0.481340855796739 0.506629727778639 0.49059284705215 -9999 -9999 -9999 -9999 -9999 -9999 -9999
0.117136925804685 0.133907227252651 0.157384644237041 0.161545241140457 0.163952303821848 0.169878103637434 0.179584618439165 0.192831146744815 0.194891813903145 0.194725781112764 0.194516602718753 0.194446716775971 0.194533576821412 0.192375243739249 0.190643691734209 0.197536836235911 0.196647720427135 0.185212555576922 0.187480846044965 0.194935856349047 0.209167311070689 0.222259385142349 0.233482058259483 0.253198783979768 0.276627348889801 0.301009836235208 0.324711769276314 0.347049118053195 0.369875974505406 0.392965493090323 0.405858287714243 0.417964351625528 0.428930313972311 0.433495209166753 0.433878724216296 0.42826390564663 0.418240312877727 0.395905246606793 0.370984376634776 0.344023193089089 0.311701320052337 0.278683681046017 0.245897948258768 0.227255707599042 0.222038015267878 0.283516007739807 0.35469633171125 0.403874962237085 0.44592973208995 0.479857801700354 -9999 -9999 -9999 -9999 -9999 -9999 -9999
0.109733755006872 0.125396409631312 0.144145896649202 0.150364201605102 0.155232184502618 0.161523239175152 0.167243633394024 0.172429698598537 0.179240398278077 0.18502657068377 0.18332770292694 0.182885336888718 0.18385691397413 0.182273730237086 0.179897643994836 0.176617560714134 0.173626775570022 0.171028029783931 0.173170657608076 0.177347090909247 0.187572531412613 0.199017253190485 0.212462470218505 0.232179754661689 0.254683064851473 0.28091065452298 0.307497502867333 0.334804703325625 0.360135630957919 0.384406121621714 0.402034335616319 0.417235023849106 0.426931942525147 0.433786663252793 0.43878477010865 0.43045692345829 0.417821313297593 0.3951210329134 0.364832379197821 0.328556163045225 0.293125203202163 0.256196479661927 0.212595739650931 0.197791893292167 0.21032113320808 0.274348470396416 0.344716300704602 0.39152676619448 0.416471069774908 -9999 -9999 -9999 -9999 -9999 -9999 -9999 -9999
0.102893304160937 0.116518777508758 0.130014428896422 0.139626811476874 0.147945019202831 0.153166283691234 0.154417452310881 0.151951283591228 0.163654622817451 0.175553872575748 0.172920537397124 0.171711698821515 0.172105848245557 0.171430535708403 0.169219780278519 0.156541506633133 0.152325882893445 0.159578331071866 0.161929504483555 0.162927355360289 0.169272276325722 0.178380260938083 0.192021650448158 0.211498550414276 0.233600802621722 0.261390240883349 0.290670100234394 0.322938413486676 0.350941925144936 0.376657011230515 0.400306393895143 0.41975421648641 0.428921567553374 0.438302535056655 0.447823043593359 0.438221833985664 0.424442677219518 0.402533237890347 0.366913209716305 0.32047492008201 0.28064628940404 0.2397039624234 0.190337298852663 0.184660393427338 0.220452402779069 0.282032532468991 0.339097120138639 0.34047352141762 -9999 -9999 -9999 -9999 -9999 -9999 -9999 -9999 -9999
0.0984147427103476 0.106004689994645 0.115258781437663 0.130041839572076 0.14271249818745 0.143814193546977 0.144809760030874 0.145705954397521 0.157029017104689 0.168403036499081 0.168564999896105 0.164422486562049 0.155436139602768 0.154094095331616 0.154158701769356 0.148831485639101 0.146136712223446 0.147009266147068 0.147198353001417 0.147500559261695 0.153222605509309 0.160756080515277 0.171261597086091 0.193638494708198 0.221210425129816 0.250605247571146 0.282032434262583 0.317534728931954 0.346278165246327 0.371394904289861 0.399113906963433 0.423297146330699 0.438481708595021 0.452393241742539 0.46547319188269 0.459626426456648 0.449083387473349 0.428725716238996 0.392275238191873 0.343126823265476 0.287128400673812 0.234672836660635 0.200808077924783 0.211668366416753 0.264980232821272 0.307726479055 0.342177615680313 0.341544402377383 -9999 -9999 -9999 -9999 -9999 -9999 -9999 -9999 -9999
0.0947270076508868 0.0997428629305159 0.108048275341953 0.12297506319737 0.135556191641382 0.135026360976557 0.136625680410572 0.140218596328159 0.151723372461967 0.162308794459285 0.159062244757265 0.153305394728823 0.144723700267437 0.142674661909399 0.142190475448236 0.140139549189529 0.137725710051488 0.134820073303175 0.133172008727049 0.132255595604563 0.135920251444807 0.141215623264712 0.149186538160575 0.173761004376447 0.205566474434536 0.237590402820612 0.271570681717765 0.309473652905394 0.339757471355081 0.36595297207573 0.398282902762647 0.427545606367096 0.44869188117117 0.467563409836678 0.484949002155617 0.483306532031275 0.475797070096579 0.454811212385101 0.41610064360544 0.363404493257213 0.298615691278513 0.241070658799011 0.22042896254046 0.237396931929886 0.290062787637626 0.321238783143276 0.344049608726501 -9999 -9999 -9999 -9999 -9999 -9999 -9999 -9999 -9999 -9999
0.0919164848950989 0.0981977919420485 0.109207104046991 0.118701557415088 0.126265954872348 0.126864422650136 0.130020721763936 0.135572006350963 0.147881874822935 0.157386563494902 0.143850015715893 0.137942284936726 0.140619272489918 0.13781857963441 0.1336529489915 0.130358437759923 0.126850174636746 0.123052247862964 0.119927461268403 0.11721232685373 0.117228377290744 0.119549564707194 0.125652829052671 0.151645704968834 0.186313546501118 0.222102128833254 0.259085588522259 0.298464905277424 0.331177001305978 0.360311571376259 0.39785286785511 0.432576665178742 0.459623091469677 0.483930954294689 0.50644990057978 0.509510716359567 0.504810166204248 0.480778040128891 0.438221572952937 0.381048580719411 0.315654901930326 0.260145869842704 0.250199464382828 0.261706333904476 0.29357596279267 0.321238783143276 -9999 -9999 -9999 -9999 -9999 -9999 -9999 -9999 -9999 -9999 -9999
0.0761978736196388 0.0821418450361416 0.091326710572941 0.0967016457991907 0.10332940207128 0.117109838253638 0.121936100373227 0.118378261280529 0.123118173175031 0.129047864665415 0.132441927115976 0.134527415943512 0.135140365061283 0.131491710266898 0.12676259665592 0.122555746250995 0.11825936288434 0.113841649856693 0.110424311083012 0.107368622739463 0.104544543845393 0.103584631826799 0.105683289686906 0.128904798601424 0.161419551303367 0.200498424604128 0.240152127645965 0.280958425880171 0.317531318325674 0.351832631694678 0.395219392698269 0.434523550857205 0.462950784406564 0.489171311070798 0.513950346787433 0.530527984006767 0.536518167964216 0.511310305319056 0.473388784835399 0.425435625581938 0.366691284360864 0.316459162875937 0.307612816664804 0.304258340982256 0.306116572363879 -9999 -9999 -9999 -9999 -9999 -9999 -9999 -9999 -9999 -9999 -9999 -9999
0.0589516279721027 0.0642116909919486 0.0706111589026653 0.0729032639104209 0.0795535006734019 0.106065152376481 0.112146434617415 0.0990980590949097 0.0957262808705078 0.0982379041396519 0.122779157728478 0.133741669870645 0.129424005462513 0.124896606120022 0.12029268717308 0.115518772588918 0.110783774170798 0.106101512589946 0.102931916092863 0.100135324859635 0.0949967830926275 0.0912838892448797 0.0899100798647565 0.109477286901138 0.138347363804567 0.179716084861995 0.221130158678991 0.262635169635983 0.302682536805514 0.341947755205506 0.389839386278577 0.432578644814555 0.461818088077108 0.489461722116414 0.516062922942269 0.545909252800554 0.562536191524008 0.536660343197297 0.505295941824777 0.469600829163352 0.421438639823477 0.378823027491756 0.366321736080048 0.360234100254309 -9999 -9999 -9999 -9999 -9999 -9999 -9999 -9999 -9999 -9999 -9999 -9999 -9999
0.056726966040553 0.0619010482981257 0.0673516081041884 0.0721521518831729 0.0779237744344199 0.0879753556430595 0.0917203824245489 0.0895603653407561 0.0914535794627045 0.0971018662335082 0.119150893024387 0.128866429285247 0.124703071576409 0.119252418489367 0.113727463635904 0.110473368888082 0.107473679539236 0.104818745018289 0.103751135098136 0.102966555685232 0.0980459951938657 0.0964966647871801 0.100478568159422 0.118140486135248 0.141948597770519 0.178531396660131 0.215061893139704 0.251487517685813 0.288852249733709 0.326720892121911 0.366944370450035 0.405734554002015 0.440772928785478 0.473354325945946 0.504330747372722 0.526759353574098 0.536879870093061 0.510472517491413 0.483215067015567 0.455286851689725 0.434098104731543 0.411127799055419 0.376901135428986 -9999 -9999 -9999 -9999 -9999 -9999 -9999 -9999 -9999 -9999 -9999 -9999 -9999 -9999
