layers/veg_sum/veg3200.asc
NCOLS 255 
NROWS 330 
XLLCORNER -2985163.8955 
YLLCORNER -3022031.214 
CELLSIZE 25000 
NODATA_value -9999 
[rows 200 to 224 of 330, columns 114 to 170 of 255]
0.0603524714134739 0.0582350838447805 0.0559909883726254 0.0583351731411971 0.0624504378853972 0.071202363792089 0.0764732747149766 0.0784847915562758 0.0782663304652877 0.0799360292672146 0.0945578839432475 0.104492463667151 0.109152446397683 0.109386544733254 0.108269397884675 0.105773807747375 0.103031785211864 0.0999558123774357 0.103642924151731 0.108857717253907 0.101433449565666 0.100847400867678 0.11148093283209 0.126895689523839 0.144588058902583 0.175401016088772 0.20676899941097 0.239249869576505 0.271598785980647 0.303876898068262 0.331289654259536 0.361258797829067 0.397972803133466 0.428179823649084 0.454136275259324 0.466619846525844 0.468630213775481 0.441189890371545 0.408486941461011 0.371631548090073 0.359014119227494 0.350569763675965 0.3453171006978 -9999 -9999 -9999 -9999 -9999 -9999 -9999 -9999 -9999 -9999 -9999 -9999 -9999 -9999
0.0595499009509899 0.0570389927370828 0.0562837504838814 0.0593137460129883 0.0634020888956248 0.069688439843501 0.0735706250483744 0.0752017071610865 0.0762356584449971 0.0774795362584925 0.0805484225782077 0.0892834275097136 0.104394523560061 0.107634039103392 0.107153225563336 0.102171288719788 0.0992389394460013 0.0990840674298606 0.104486829882666 0.111117039084792 0.106928275678189 0.109676717628366 0.123807148833784 0.137112228469949 0.150260869231766 0.17696872779475 0.20723849074336 0.244650253448035 0.274148543694476 0.299400588871153 0.324083332748998 0.350220102737496 0.380017362890909 0.405956529703135 0.429375467542586 0.436405957020866 0.433940205374359 0.405869109510187 0.37938489859309 0.35415281013835 0.340173961025812 0.331648928643067 0.339120769315796 -9999 -9999 -9999 -9999 -9999 -9999 -9999 -9999 -9999 -9999 -9999 -9999 -9999 -9999
0.0594078907596904 0.0551476962837852 0.0530456365738761 0.0542952734804341 0.056324419736354 0.0596630381163871 0.0643868838328506 0.0704077655583583 0.0738895173882922 0.0762183867756902 0.0749392693341669 0.0819519384985467 0.0982953666108971 0.103181138810779 0.104773077161245 0.104508723414589 0.104797572725644 0.105836089401158 0.109605687309773 0.114143613756356 0.11592245099018 0.120418683459002 0.12937339189564 0.140388265233434 0.152557524490678 0.181943935482227 0.213155606948983 0.248027121145179 0.275018219952047 0.297780811593289 0.322535255924747 0.347519755586625 0.372916842013054 0.392960430294583 0.409506943742166 0.410031736413118 0.405838792920464 0.390999029988596 0.365993502844073 0.332966737776066 0.326743410500882 0.324760245108005 -9999 -9999 -9999 -9999 -9999 -9999 -9999 -9999 -9999 -9999 -9999 -9999 -9999 -9999 -9999
0.0592173532638689 0.052953496247313 0.0488762894629712 0.0475716265552491 0.0469772042317502 0.0477303054450472 0.0539375934234365 0.065251824102369 0.0714031466636109 0.0753099783628259 0.072434696215477 0.0776494931954653 0.0919680674185208 0.0981184606709737 0.102315008940298 0.108493898188164 0.112771990764129 0.114474238518677 0.115911220003795 0.117654374868972 0.125562558343913 0.131072919663891 0.132649133931832 0.141579090970099 0.154030492382284 0.187890004822696 0.220401036516225 0.25020821989643 0.274844732039581 0.296706743182875 0.32182045740963 0.346064095372732 0.367884417493867 0.381638879299597 0.390124465248893 0.384475316243085 0.376038383685886 0.362538457364615 -9999 0.306241588009218 -9999 -9999 -9999 -9999 -9999 -9999 -9999 -9999 -9999 -9999 -9999 -9999 -9999 -9999 -9999 -9999 -9999
0.0550475988940855 0.0497911367993692 0.0486340933136123 0.0457189587569619 0.0443479418698533 0.0501801879602847 0.0561700817422947 0.0623075864812522 0.0684369723827923 0.0736180290123033 0.0735375782410016 0.0784439395792031 0.0889619674886917 0.097551175423951 0.104983576906107 0.107054322711541 0.109608727690807 0.112818558364289 0.118324328754965 0.124416976687849 0.127275948322342 0.130974169394374 0.136049361103611 0.146779019150463 0.160230668591474 0.191097372549207 0.220007844566045 0.244995862038323 0.267799309491694 0.289430550973374 0.305212875766725 0.321431299593298 0.339201904880754 0.34899836117317 0.35358585035326 0.351809729547342 0.350992870385633 0.354873081107374 -9999 -9999 -9999 -9999 -9999 -9999 -9999 -9999 -9999 -9999 -9999 -9999 -9999 -9999 -9999 -9999 -9999 -9999 -9999
0.0545959021470851 0.0497061309110357 0.0480990531482924 0.0444888006166094 0.0427832286097066 0.0498721224199667 0.055834287558518 0.0607414578805543 0.0663852694884832 0.0715612171859824 0.0733248318806397 0.0774275159010747 0.084162357872353 0.0939460128362673 0.103599914130821 0.10531262314021 0.108250747895236 0.112849482040598 0.121406833720673 0.130659876557012 0.12944094103909 0.131527089424994 0.139035944440772 0.150883611824084 0.164808273412902 0.191316708383192 0.216214194173073 0.237881554331301 0.259062680827858 0.279982901976033 0.291679890064668 0.303809281632355 0.317751644800882 0.323637491094464 0.324260564963353 0.328528857249983 0.325677016652918 0.299433267168018 -9999 -9999 -9999 -9999 -9999 -9999 -9999 -9999 -9999 -9999 -9999 -9999 -9999 -9999 -9999 -9999 -9999 -9999 -9999
0.0601524311475772 0.0545939997779755 0.047090789290603 0.044264592069923 0.0429387822124004 0.0451073280715479 0.0513482561743784 0.0614022958681623 0.0658113141406629 0.0689148028457164 0.0709860850264232 0.0734848018759656 0.0764645115501511 0.0854317674134922 0.0956680158133403 0.103082703657051 0.109810030436976 0.11560588702718 0.125571054996215 0.136062959792846 0.1323357049093 0.133133081428508 0.141354096626618 0.153218188090906 0.16676387067604 0.186707509543317 0.206925545035577 0.227693775147488 0.247593133753105 0.267026269550804 0.2831153229212 0.297516387658326 0.307988402591934 0.310040228057509 0.306591718622665 0.320413291250116 0.325677016652918 0.299433267168018 0.287858662565954 -9999 -9999 -9999 -9999 -9999 -9999 -9999 -9999 -9999 -9999 -9999 -9999 -9999 -9999 -9999 -9999 -9999 -9999
0.0614018118539972 0.0550030243831243 0.0450586209827372 0.0436406863311221 0.0435601181649027 0.0442023296161611 0.0480983988484617 0.0550411670588488 0.0616457025432493 0.0674763017552405 0.0693785433034844 0.0714221457352826 0.0736248217650649 0.0825242876788413 0.0930941799662822 0.102613401811446 0.111280228008792 0.118791939117981 0.126725121965966 0.134092148617427 0.130429737186849 0.131222340328981 0.13932436064859 0.151221348473272 0.164795663035499 0.180063111390852 0.195992066191665 0.213247412259795 0.233676790488674 0.255809304538772 0.267733047091894 0.278247045621102 0.286072996154661 0.293398387462213 0.300396797602539 0.281433320562485 0.26861058218714 0.281967636234634 0.287858662565954 -9999 -9999 -9999 -9999 -9999 -9999 -9999 -9999 -9999 -9999 -9999 -9999 -9999 -9999 -9999 -9999 -9999 -9999
0.0607959092565632 0.0535333807150666 0.0426593800631841 0.0428651390080979 0.0443521975556737 0.0449340207405277 0.0454368478772139 0.0458657082964153 0.0560327317025888 0.066525947832208 0.0680960398739512 0.0701799389432946 0.0728420257721852 0.0820158881961287 0.0928409368028747 0.102869921244806 0.112594498077113 0.121906560106314 0.126444724198947 0.129001171215383 0.12648980205959 0.127805858973861 0.135401638076567 0.147316751622517 0.161077713629403 0.172538395072874 0.184391114990968 0.19702991403612 0.218668842177416 0.245137098278522 0.249338363252161 0.253428379668502 0.259023388643988 0.254415633546362 0.243143109262114 0.26539246177214 0.26539246177214 -9999 -9999 -9999 -9999 -9999 -9999 -9999 -9999 -9999 -9999 -9999 -9999 -9999 -9999 -9999 -9999 -9999 -9999 -9999 -9999
0.0595489054834597 0.0541064548935675 0.0440705919488963 0.0431297683195152 0.0436122660831087 0.0448527127349408 0.0459503717936864 0.0469143339169131 0.0552280921674615 0.0640326698020793 0.0674621466564663 0.0697867184188753 0.0708679389514912 0.0814844698749067 0.0940620335100925 0.101644320761766 0.107597596793676 0.111343335230173 0.118330766919484 0.125818309955172 0.123652782256637 0.124352141962865 0.129751970515186 0.140516205014225 0.153583666800773 0.164514349463856 0.174743498303281 0.183565996695362 0.201279119239581 0.223762811110019 0.225872618677786 0.228832895529384 0.23553768189701 0.239656729574184 0.242086690703312 -9999 -9999 -9999 -9999 -9999 -9999 -9999 -9999 -9999 -9999 -9999 -9999 -9999 -9999 -9999 -9999 -9999 -9999 -9999 -9999 -9999 -9999
0.0582848866676777 0.0545733980254861 0.0460566179970365 0.0436686981060919 0.0427740432101267 0.0445480491158059 0.0458798018675372 0.0467974577770407 0.0530426184698702 0.0600335369028053 0.0652957110385087 0.0686663274261403 0.0699083712609206 0.0815868442344563 0.0950932884085795 0.100463367236077 0.103725681515733 0.104131680611558 0.112528206693565 0.122885143200021 0.120716701384631 0.120976485474457 0.125220300559625 0.134912038946568 0.146935700814054 0.156310556698432 0.164814506430583 0.171572196057646 0.185807036047755 0.204053997522147 0.205219719932507 0.208023248250044 0.216265286970141 0.217703773429194 0.214697963701052 -9999 -9999 -9999 -9999 -9999 -9999 -9999 -9999 -9999 -9999 -9999 -9999 -9999 -9999 -9999 -9999 -9999 -9999 -9999 -9999 -9999 -9999
0.056987295714601 0.0548309355076851 0.0491768016458736 0.0447488462361119 0.0417418829811213 0.0438026857308653 0.044656764736454 0.0443809467872432 0.0481326406402897 0.0530632233037137 0.0601054379344584 0.0661111667851431 0.0709505367524655 0.0829397458655105 0.0957499691501028 0.0993705059832251 0.102073460031376 0.103532961321097 0.111286230927557 0.120444645100718 0.117585164534427 0.117754849086447 0.122894535686233 0.13166843420843 0.141957124832625 0.147752107390134 0.154330337205645 0.162479061655475 0.174118620405368 0.187631306030251 0.190116807052541 0.194683381519222 0.205306117320637 0.211288156022401 0.214238744147386 -9999 -9999 -9999 -9999 -9999 -9999 -9999 -9999 -9999 -9999 -9999 -9999 -9999 -9999 -9999 -9999 -9999 -9999 -9999 -9999 -9999 -9999
0.0536268122218962 0.051444806869543 0.0472298093443451 0.0444556977979027 0.0424731077816614 0.0428973654442963 0.0430856906117891 0.0430531040676408 0.0460640344925449 0.0500967964891341 0.05645314482833 0.0632460729075008 0.0705302847725296 0.0830377542287113 0.0956550085112939 0.0974511500083204 0.0988306773942875 0.0996456345048717 0.105641722120549 0.113058078200987 0.114662133508527 0.117517694991576 0.122426623660674 0.13124453052058 0.141622717613631 0.142552607005212 0.145357528516584 0.151922090235089 0.161211140689001 0.171962109020483 0.177599464541014 0.185687245332764 0.200276312128589 0.206040804265356 -9999 -9999 -9999 -9999 -9999 -9999 -9999 -9999 -9999 -9999 -9999 -9999 -9999 -9999 -9999 -9999 -9999 -9999 -9999 -9999 -9999 -9999 -9999
0.0491767740792383 0.0461342089301496 0.0426064948336885 0.043437217509907 0.0441356968300677 0.0419075609770862 0.0413307943454334 0.0423002615253437 0.0454961510769437 0.0492450961472857 0.0536131641553896 0.0602172820884646 0.06933763009802 0.0824729676237209 0.0951630546480169 0.0950952656392915 0.0947478106196574 0.0940213691168421 0.097671934485756 0.103059154061615 0.111849228670033 0.118856850131301 0.122939970799322 0.132309903822104 0.143741213574554 0.139127197295454 0.137182972702061 0.140591966360403 0.147659789852408 0.156690883984994 0.166447738591473 0.178985330353587 0.198378209869093 -9999 -9999 -9999 -9999 -9999 -9999 -9999 -9999 -9999 -9999 -9999 -9999 -9999 -9999 -9999 -9999 -9999 -9999 -9999 -9999 -9999 -9999 -9999 -9999
0.0466693551927179 0.0448607538971365 0.0444134476372114 0.0453149228979682 0.0459700099731804 0.0448893394893558 0.0438377110338176 0.0428132756284545 0.046114312486983 0.0504047783616331 0.0554254388951216 0.0616682549309905 0.069286364245817 0.0828893709961474 0.0965270775138858 0.0970021339885869 0.096913569546393 0.096061220086323 0.0985957600151446 0.102537066201635 0.110086442583647 0.11772701079223 0.125517198961133 0.128313597250089 0.128868949927853 0.124933301197671 0.12411346363908 0.129541161167971 0.138614789691746 0.149644767541742 0.158151442315089 0.164368424906983 0.165094756541502 -9999 -9999 -9999 -9999 -9999 -9999 -9999 -9999 -9999 -9999 -9999 -9999 -9999 -9999 -9999 -9999 -9999 -9999 -9999 -9999 -9999 -9999 -9999 -9999
0.0448570224688001 0.0440788558898746 0.0455584648395831 0.0464107611224552 0.0470383175719354 0.047102256426646 0.045728742647229 0.0430092925159037 0.0462092228717625 0.0508414336369713 0.0569078133474442 0.0630206138436572 0.0691856517143352 0.0816165563507789 0.0945579146284284 0.0976932600015159 0.0992604054744171 0.0987024211785445 0.100121336339718 0.102482425643294 0.108824183982636 0.116457609689886 0.126210295725575 0.12402324977196 0.116692729475647 0.112974611614382 0.112922461386548 0.120220968871305 0.130787890776261 0.14310859254094 0.151597795514844 0.157563946886972 -9999 -9999 -9999 -9999 -9999 -9999 -9999 -9999 -9999 -9999 -9999 -9999 -9999 -9999 -9999 -9999 -9999 -9999 -9999 -9999 -9999 -9999 -9999 -9999 -9999
0.044608198860664 0.0442180025067795 0.0446404672614935 0.0453955950352025 0.0462232615021373 0.0471613855916474 0.0458196075123441 0.0423430786002505 0.0449435291493192 0.0493721833560299 0.0572616520061714 0.0638214606114885 0.068885000927391 0.076148720997 0.0843166400529913 0.0951186195065327 0.101616416816423 0.102281446503633 0.102500474067631 0.102912789202374 0.108711978204699 0.115018416637514 0.122157107724046 0.119365448726652 0.112281296243214 0.107223427417334 0.1066602821352 0.115109538921626 0.125624554477268 0.137248023753498 0.149103714827474 -9999 -9999 -9999 -9999 -9999 -9999 -9999 -9999 -9999 -9999 -9999 -9999 -9999 -9999 -9999 -9999 -9999 -9999 -9999 -9999 -9999 -9999 -9999 -9999 -9999 -9999
0.0488459528284856 0.0482228628111306 0.0454259097265244 0.0466589419238125 0.0483233196715346 0.0495182722347473 0.048674274755085 0.0459211382072711 0.046744407648455 0.0490592012222855 0.0557204647639749 0.0622565104995903 0.0686516484646611 0.0745648388648889 0.0811933633135432 0.0949018910653878 0.102944799244341 0.103310002041812 0.103480313646803 0.103944136127222 0.109999202479509 0.11546592479964 0.1199673411921 0.116124850712756 0.108736877200915 0.107145999206306 0.108847377905804 0.1171500838619 0.12595304489992 0.135024434960274 -9999 -9999 -9999 -9999 -9999 -9999 -9999 -9999 -9999 -9999 -9999 -9999 -9999 -9999 -9999 -9999 -9999 -9999 -9999 -9999 -9999 -9999 -9999 -9999 -9999 -9999 -9999
0.0559707908221349 0.0547152851929226 0.0473075049837866 0.0493884973653529 0.0522992352424719 0.0533537511451009 0.0533074311824881 0.0522303607288079 0.0505186057938199 0.0494902702591337 0.0529598404532196 0.0591691851998827 0.0684616020439008 0.0754802558340413 0.0826504727370989 0.0962024639769316 0.103611909026881 0.102697346555444 0.103559713800998 0.105362212010999 0.11218695105868 0.11712751314776 0.118976674478922 0.113796213801523 0.105750376254564 0.110719596748508 0.116471528209116 0.123792878982481 0.129815490755693 0.135141219573236 -9999 -9999 -9999 -9999 -9999 -9999 -9999 -9999 -9999 -9999 -9999 -9999 -9999 -9999 -9999 -9999 -9999 -9999 -9999 -9999 -9999 -9999 -9999 -9999 -9999 -9999 -9999
0.057062533135429 0.0559924593488887 0.0528955947737635 0.0513150121476994 0.0508696347083 0.0541782040450645 0.0550233035496496 0.0535617715032257 0.0511625381613131 0.0494700167535164 0.0527389175715294 0.0589422272225914 0.068447631196303 0.0741819377829164 0.0791969304449125 0.0866590377034655 0.0919763528733461 0.0943871753729196 0.0971766476640325 0.100243193768273 0.105568318704475 0.111345420672382 0.117864088941688 0.119874539260671 0.119861838828672 0.115793914083744 0.115796643454279 0.123961470273862 -9999 -9999 -9999 -9999 -9999 -9999 -9999 -9999 -9999 -9999 -9999 -9999 -9999 -9999 -9999 -9999 -9999 -9999 -9999 -9999 -9999 -9999 -9999 -9999 -9999 -9999 -9999 -9999 -9999
0.0594042285223211 0.0574830728327156 0.0577562266824223 0.053170832155417 0.0498550122451082 0.054335144497804 0.055736723353777 0.0542557467574417 0.0517903263190378 0.050067657078489 0.0535582347710089 -9999 -9999 -9999 0.0762934622467325 0.0787990781883067 0.0822491189436752 0.0869789871533908 0.09140611745389 0.0957019460453634 0.0995892022483751 0.105808328628262 0.115853393542876 0.123097234773315 0.128882063097614 0.118650619336629 0.111823860812089 -9999 -9999 -9999 -9999 -9999 -9999 -9999 -9999 -9999 -9999 -9999 -9999 -9999 -9999 -9999 -9999 -9999 -9999 -9999 -9999 -9999 -9999 -9999 -9999 -9999 -9999 -9999 -9999 -9999 -9999
0.0670870103741802 0.060911715440384 0.0594605292113602 0.0550050953242651 0.0514477664175904 0.0531678222028776 0.0540680216761562 0.0542005614801868 0.0531356414212683 0.0523377555744771 0.0543441028582694 0.0554064206042358 -9999 -9999 0.0762934622467324 0.0787990781883067 0.0814341921763919 0.0842447940940489 0.0891124852128938 0.0945484758723421 0.0977449731984337 0.102853098346413 0.111097663344407 0.115435751687032 0.117980000143139 0.114287571580261 -9999 -9999 -9999 -9999 -9999 -9999 -9999 -9999 -9999 -9999 -9999 -9999 -9999 -9999 -9999 -9999 -9999 -9999 -9999 -9999 -9999 -9999 -9999 -9999 -9999 -9999 -9999 -9999 -9999 -9999 -9999
0.0772779964587778 0.0690794067109297 0.0619060934374876 0.0588303959621269 0.0565135403734531 0.055013224293835 0.0541863530320403 0.053990051320708 0.0543586877280586 0.0549695286732071 0.05630362720038 0.0582164621322472 0.0607805499416032 0.0665985773066806 -9999 -9999 -9999 0.0835559746188378 0.0881091167609167 0.0940438807758748 0.0969381999006677 0.101560308342795 0.109017229715175 0.112084172350671 0.113223063854521 -9999 -9999 -9999 -9999 -9999 -9999 -9999 -9999 -9999 -9999 -9999 -9999 -9999 -9999 -9999 -9999 -9999 -9999 -9999 -9999 -9999 -9999 -9999 -9999 -9999 -9999 -9999 -9999 -9999 -9999 -9999 -9999
0.089419477488412 0.080932400135332 0.0649280968444623 0.0642040188888995 0.0642800942112232 0.0592014594000442 0.0556943634471369 0.0536587533905758 0.055486652197282 0.0578825565737543 0.0591758406139845 0.0602696265358314 0.0611389169488476 0.0665985773066806 0.072576101049822 -9999 -9999 -9999 0.0881091167609167 0.0940438807758748 0.0969381999006677 0.101560308342795 0.109017229715175 0.112084172350671 -9999 -9999 -9999 -9999 -9999 -9999 -9999 -9999 -9999 -9999 -9999 -9999 -9999 -9999 -9999 -9999 -9999 -9999 -9999 -9999 -9999 -9999 -9999 -9999 -9999 -9999 -9999 -9999 -9999 -9999 -9999 -9999 -9999
0.0875302900921822 0.0831461481376655 0.0748756179207407 0.0693222573876925 0.0645160855318358 0.0612371026917433 0.0588968037183658 0.0574354267415576 0.0566478177910825 0.0564864439327785 0.0590626441992936 0.0603643756510045 0.0602319455808574 0.0656339299721114 0.0717883430928759 0.0718094562644445 -9999 -9999 -9999 -9999 -9999 -9999 -9999 -9999 -9999 -9999 -9999 -9999 -9999 -9999 -9999 -9999 -9999 -9999 -9999 -9999 -9999 -9999 -9999 -9999 -9999 -9999 -9999 -9999 -9999 -9999 -9999 -9999 -9999 -9999 -9999 -9999 -9999 -9999 -9999 -9999 -9999
