layers/veg_sum/veg4400.asc
NCOLS 255 
NROWS 330 
XLLCORNER -2985163.8955 
YLLCORNER -3022031.214 
CELLSIZE 25000 
NODATA_value -9999 
[rows 125 to 149 of 330, columns 57 to 113 of 255]
0.0906400423704807 0.12578740658164 0.162176254990095 0.140561550112278 0.143380093758676 0.185148423836563 0.159593267289438 0.106874060199892 0.109056844003221 0.108536640692947 0.102759334356258 0.13229483082008 0.180217478176291 0.140700893546593 0.111843387507316 0.113881009132065 0.139141583584009 0.179145278928438 0.257551657413899 0.334439354119342 0.397897928095063 0.485055343111621 0.590402554637426 0.63856621491536 0.67849163284221 0.715574065789304 0.733887387137577 0.734864265349907 0.746072162371912 0.754511242253481 0.7372386612618 0.709219121678167 0.669269890181041 0.631121969190538 0.593792585803715 0.559257830088166 0.527732552690608 0.500229229869147 0.478068448464302 0.458124761147385 0.444001265591545 0.42994540137852 0.415998911678484 0.401974346294759 0.388005553831628 0.37886577421215 0.37029322313812 0.362840784455132 0.355076011802144 0.347146140143804 0.341299872578424 0.334298544253975 0.324327147391248 0.323355791125676 0.328180372084821 0.324803266842461 0.319721776371751
0.100250741884248 0.116134107248224 0.129587369601968 0.125079096359499 0.127268717855978 0.140135657571688 0.130095072010226 0.110489433089754 0.0949288951573603 0.0820958763292367 0.0745676733714887 0.115564995614931 0.181829248921511 0.129035956582902 0.0834682299514157 0.062436990675543 0.062044736898642 0.0747551690968526 0.119758481980336 0.173010935704753 0.243898439279432 0.339945322245927 0.455303022591528 0.533629246068886 0.602457918767523 0.652982249288343 0.689318840994125 0.712550660750553 0.736075163650614 0.754789414311674 0.747151442472868 0.724321349295055 0.684627198669167 0.647893835549061 0.612228763788196 0.578914429463559 0.547751534537717 0.519463885957212 0.494793541233503 0.471888770072894 0.456788301690078 0.441496012743935 0.425893508447597 0.409977381295954 0.394006714979129 0.382355322935967 0.371049983961278 0.36042799975261 0.351082619795286 0.342412049856624 0.335639444380892 0.329083845196538 0.322926289064041 0.319036320601242 0.316606656194101 0.310277349852561 0.303083391124339
0.0997446894890665 0.0989100698325046 0.0986418835383941 0.13582650482593 0.149606679218783 0.126077111225494 0.123629386542276 0.128849241690735 0.0787818493717362 0.049636320722367 0.0611822153736538 0.0989554313338057 0.150385045998233 0.116786794362509 0.0874725918679259 0.0735739326630361 0.0589379157674488 0.0438337864119238 0.0650311425718307 0.0915438379131192 0.125862297394997 0.214728176721826 0.345461355186803 0.459293334468019 0.555754508390544 0.592302576268289 0.641486695285614 0.702342340730323 0.732814564987702 0.753483190839437 0.752903815817953 0.734212348299108 0.695415501053207 0.661259558190355 0.628325202063624 0.595410158032813 0.564359074561422 0.535799042331973 0.50997253085218 0.485578861875666 0.468523888513825 0.451689838916471 0.435213070841896 0.417380211422128 0.399043905342989 0.384898332045414 0.371260036258743 0.358623466901787 0.347368810515582 0.336844630090586 0.326637250498645 0.318308625967367 0.314552022361402 0.310396794393543 0.30598485627501 0.298052934872588 0.289223514930878
0.144903238460319 0.113230507267049 0.0877736754868097 0.112671220459998 0.116245812413607 0.0858288348312154 0.0867562916439677 0.0998044767787351 0.0633844313812 0.0420221851846127 0.0499462057822928 0.0861190214814275 0.137000804378461 0.101548799001351 0.0744920701705218 0.0728186224328955 0.0690670742640871 0.0639962414155215 0.0738237698321083 0.0847492030175191 0.0955878405920849 0.141938978478258 0.215547362956768 0.310054328510983 0.40738014951824 0.504985869755666 0.577298978578292 0.626250090897061 0.680116046773171 0.72714034181952 0.73197025254694 0.722631373467009 0.697564389012661 0.668338054527501 0.637821507991385 0.605706461633067 0.574987059610741 0.546132837373956 0.521047953817596 0.497600434583303 0.479327764546617 0.461246353488901 0.443474249577978 0.424282032736318 0.404541579904415 0.388051874862766 0.372356180851993 0.358228429077987 0.34478656688544 0.331707264319949 0.321290679763985 0.312613290525976 0.308002750185218 0.302771405773414 0.297140269673363 0.29040361341222 0.283347976686529
0.209192560145408 0.141452954477406 0.0848937822555167 0.0802989518567481 0.066979430175394 0.0397516121084578 0.0419696227100993 0.0560927043415431 0.0472978714173242 0.0407232955846047 0.0384669498375554 0.0722310308583763 0.124750718052136 0.0851073593700983 0.0587438254108704 0.0698633492445727 0.0830553367625243 0.0975630304643335 0.10129686523936 0.101859370242547 0.0952654262565941 0.0913314901900958 0.089439215261562 0.144718638014504 0.229988265613554 0.40413798074708 0.503551100306125 0.533932356927539 0.615328236497461 0.693624417339479 0.701685962917149 0.701894001300626 0.693384231714016 0.669878786445895 0.6421007583291 0.611626945195375 0.581950097601577 0.553338337993674 0.529907811426937 0.508411746304082 0.489408710347847 0.47036034384986 0.451238668058854 0.430913699629037 0.410110914504441 0.391343511776224 0.373703703823555 0.358290569564062 0.342684971690433 0.326977638000939 0.317228397681529 0.308566450592751 0.30214700349022 0.295721802758567 0.289292896746606 0.284471096339123 0.280065776657751
0.327787353951228 0.216168708371365 0.10036066713218 0.0728093801774754 0.0486170581665433 0.0297793645858475 0.0241182887475571 0.0239066524897613 0.0189849504957338 0.015443930864015 0.0145882327378565 0.0284098205271248 0.0498737773558103 0.0657483369513318 0.0796508483537952 0.08914569742601 0.0907379748146289 0.0873132946027337 0.100607511106226 0.111289178988105 0.110198747096811 0.105916592050459 0.099184663422171 0.0901521921585443 0.109215788460899 0.240598284907502 0.374940826148607 0.51201746846794 0.604493411317921 0.673691961821697 0.663583672777279 0.653517582888534 0.643498336292418 0.625972372744811 0.606468503578956 0.586917414840967 0.566635570302658 0.545377122405043 0.527396457982045 0.510553657748205 0.494032552391712 0.476421202182139 0.457046690176834 0.436161571622835 0.414642317031458 0.393822369244111 0.374537923642325 0.358285650942136 0.342015223579006 0.325735199703545 0.314281038839583 0.304288442593464 0.297532665588706 0.29185170607714 0.286862918412059 0.281365614815625 0.276450383368815
0.424769354406863 0.293796293521599 0.146353912517596 0.0943968723890142 0.0560463976079708 0.0393865635056519 0.0272991757779155 0.0174743668664032 0.0228930720698718 0.0221025542170802 0.00923557282642311 0.00420073057434382 0.00324403315162723 0.0450441118048503 0.0773112611773582 0.0840777824415123 0.0807244428207329 0.070946496753396 0.0959677666755556 0.116570066170992 0.115763491722634 0.112002402277463 0.105973605880591 0.0603791340427663 0.0398526843789506 0.139049779011215 0.292675547291057 0.496575384254858 0.589627290524727 0.647626662424712 0.631972713288297 0.617025948968003 0.602864197161719 0.58100812092733 0.559375952420571 0.555914413577858 0.54904515629802 0.537621724734784 0.525765058714043 0.51361866089816 0.499393915870832 0.483012678227197 0.46314392547802 0.441811912399598 0.419841084577814 0.397218598957288 0.37651697370234 0.359608492347171 0.341759937743327 0.323414462620996 0.31103891252401 0.300590967547891 0.294439526377744 0.289689418436753 0.285841755250251 0.279827194263219 0.274389971111851
0.487814215825631 0.37599613458503 0.240280681538275 0.161642153672872 0.103974754612965 0.0797380713824224 0.0635055674954827 0.0514815159359947 0.0773957642473059 0.0789112865473453 0.032973154440746 0.0107872552979167 0.000968992165267341 0.0222276038421889 0.0384690606193934 0.0407742607375526 0.0429237861576394 0.044974481299309 0.0851249858022923 0.115336176404689 0.106617381142754 0.10474233734605 0.108120143100003 0.0695374918388672 0.0512143164951517 0.134841936030599 0.283182747384944 0.491297116172031 0.568431093025457 0.611931364163273 0.610554660716252 0.599196205585089 0.576757478642147 0.534382815924685 0.494288056268666 0.515029191456365 0.52788106802034 0.530189509320464 0.525515393253574 0.51813313386245 0.505913360449669 0.490437348149707 0.469695293100316 0.448094223270379 0.42608777124701 0.402055317594432 0.380293674923923 0.363016227449767 0.34215545458964 0.319400544319242 0.307333932352672 0.297805064979156 0.293735024795778 0.290208790308633 0.287032761317094 0.28074942584372 0.274771242658862
0.515418917807647 0.450790941964806 0.365978687106052 0.245728643678587 0.156947251005077 0.118330993963813 0.102195943057926 0.0953029343080683 0.0778534263704175 0.0553814594627052 0.023141194319802 0.0368118258889844 0.0743879681653979 0.0516694833498303 0.0362801905619119 0.042144713266329 0.0414131177200425 0.0364939681828888 0.0648962793048233 0.0891205152528438 0.0930066883276067 0.10112961951016 0.112504429875616 0.0918964345994966 0.080797613047717 0.123942017302849 0.208140328123367 0.330258852318493 0.440995981055923 0.537949167986844 0.572192870056583 0.585493041140636 0.5755447861605 0.527514610975118 0.480056625888514 0.518193640973042 0.539448729236695 0.538142318244937 0.533773278689615 0.52778330756507 0.513343460445774 0.496951343903144 0.477401985340538 0.456251171194428 0.43437983448697 0.410638272280666 0.388225102128538 0.368435122244224 0.34558493215432 0.321117122113855 0.308258798592735 0.298365204867492 0.294910191928532 0.291797456813712 0.288905145235956 0.280484606230306 0.273209903661869
0.527235768067186 0.520716245857103 0.501469178559832 0.336410133247864 0.213812877001733 0.15890525334679 0.144419859045444 0.145092408761403 0.0604785699794263 0.00461423747690875 0.0046654939570567 0.0728466953403559 0.176502723921631 0.101982263119628 0.049716419167682 0.061691640577446 0.05437153799485 0.0348017746393188 0.0410757234272992 0.0531521859600971 0.0769149391136016 0.0980299290977708 0.117112656273312 0.11879327119914 0.117044605510661 0.1107833132529 0.108712597386069 0.110512586263341 0.270953174609622 0.444765164320598 0.52476075538328 0.571969456540258 0.582782977420879 0.536393529930859 0.487379435069382 0.538741198756979 0.563198289039566 0.551699189283247 0.545156565854966 0.539439755198565 0.521135616233458 0.503107501648084 0.485525778201048 0.46508071023856 0.443390140360693 0.420670495656201 0.397807106169312 0.374659862293918 0.350345530281544 0.325414278212176 0.311011423876213 0.299962823159856 0.296380846407977 0.293419509097568 0.290857857455585 0.279692231083618 0.270880066873123
-9999 0.520716245857103 0.506265099454383 0.412300591605789 0.340665390519624 0.304626018154221 0.283827672802198 0.268709417775605 0.219837747150108 0.188271467773759 0.19036284967568 0.184872490692512 0.175434367651401 0.122174252524697 0.0803059471835588 0.0684736906057413 0.0454674947346901 0.0153675094101068 0.0287450466761499 0.0402950082879893 0.0363126414769203 0.0562123356388277 0.0944424548443617 0.109595135994222 0.118977800238814 0.117541639249099 0.116671087329451 0.116322970871318 0.155233573307507 0.221900016245141 0.397719383380102 0.499086648568123 0.517808146496558 0.517273095336244 0.513629954674777 0.525773980715482 0.533529451358616 0.535419928604655 0.541069029273283 0.54639708035377 0.528339219160471 0.510016173308662 0.49126426649284 0.469876908440646 0.447394158188735 0.426723661513491 0.404655529468544 0.379827471625914 0.357991197314672 0.337736372774198 0.310268838091775 0.288035368858237 0.279104794174033 0.279150018490814 0.284975568683883 0.27750920428537 0.269954723771999
-9999 -9999 -9999 0.433103392749119 0.428530541783177 0.416667969668208 0.395848964870008 0.371179388576377 0.343057985112567 0.327569905717946 0.336652674576193 0.29123523502386 0.217439885018679 0.161042066785131 0.11160787344853 0.0778784751210228 0.0419837398468507 0.00471433768103974 0.017370334069475 0.0254020071155849 0.00792818105221905 0.0275747523399332 0.0757126947033492 0.100074076724221 0.117752657172201 0.121365867372816 0.121855392829913 0.119459668090403 0.0847432078836698 0.0842375422528902 0.302833765871993 0.432376776764707 0.463066015900265 0.492961200040566 0.516953593543772 0.494863687301225 0.492017305626655 0.514888531297419 0.534822148829015 0.551386756582958 0.533338767577717 0.514565092059244 0.494617824450706 0.472913306777516 0.450506418303814 0.430823894353651 0.409708760970253 0.385764638124725 0.365828586927969 0.348011193021647 0.317157247675738 0.291322489505528 0.27867207871262 0.278068320987468 0.285222488817753 0.278689746836551 0.271087793799387
-9999 -9999 -9999 -9999 0.441767439566267 0.46424310757762 0.455447929178944 0.433170433979281 0.397102321967576 0.381958285418487 0.407509973938102 0.386757963960045 0.341895913893638 0.23565849574206 0.144273447676288 0.0923036068152156 0.0488753125317752 0.0108696298662399 0.00782549479525784 0.0066121033717653 0.0029306798808916 0.0241658863028686 0.0645255902912032 0.089934887434886 0.110481933694502 0.119573747349262 0.121729450910782 0.117478485857064 0.100829073440331 0.109667065026528 0.269499575763837 0.377482924781064 0.427910964544882 0.45871199114554 0.476391394331423 0.429607382776959 0.427835111341213 0.486217841875833 0.524441927429873 0.552610027640817 0.534119391473559 0.514597053823365 0.493406231672485 0.472581157389626 0.451911706805579 0.431185890703692 0.411325698740739 0.393174864199562 0.37403296523923 0.354367191947067 0.338652643311903 0.323732820604388 0.310480292963695 0.302230238585569 0.297201727564405 0.286308716906135 0.276161006679218
-9999 -9999 -9999 -9999 -9999 0.490475811121784 0.475641327684393 0.454174320508271 0.415413694383696 0.414758814357874 0.488216693557351 0.484514930565756 0.440636634666687 0.326111279890935 0.225830871526344 0.164061832507368 0.106139969854946 0.0506604919711131 0.0209138162851473 0.000149106183183178 0.000750993742566617 0.0230355535312281 0.061962420635579 0.0847946323076912 0.104470982029882 0.120036118717309 0.120092102201441 0.105822764469387 0.0977472797680575 0.109936286922438 0.22535961779861 0.281870960373702 0.272986882986031 0.307685821813073 0.342330396121821 0.283875019530472 0.280668797640153 0.351299157075857 0.426670437330982 0.499588958125215 0.513089636519774 0.513695407043122 0.493447321798374 0.47398571893294 0.45482107657579 0.433495531620438 0.413396994649701 0.395721443719611 0.378625015407266 0.361834709954903 0.349927821926855 0.338564521356869 0.32818927201533 0.319569702844386 0.312080774357293 0.299270016945476 0.288590398879821
-9999 -9999 -9999 -9999 -9999 -9999 0.475641327684393 0.454174320508272 0.415413694383696 0.436496640239777 0.573970752664022 0.583416833189938 0.526199535159679 0.424679410812384 0.33244294395105 0.265200425948199 0.189218335249753 0.107687915802649 0.0456005103761751 3.03736077939228e-06 1.529808416086e-05 0.0230728560745098 0.0638185899152694 0.0822160830608793 0.0991056009522785 0.121653805132088 0.117680232456905 0.0892093214879026 0.0848430111906704 0.0973121022200343 0.175682239622661 0.165392982402106 0.056687112328564 0.0968172507719689 0.160355899668135 0.0969026666837848 0.0909772375985079 0.161933643069557 0.28411525541679 0.418770353831714 0.480883143897464 0.512315332177911 0.494130349796943 0.476280258711752 0.458501213414537 0.436803243801496 0.415701126574779 0.395775645549659 0.381365926523209 0.369871826376567 0.35596564609927 0.344388045712779 0.33867309215352 0.333412998065762 0.328445828983668 0.314968996188941 0.304789468217981
-9999 -9999 -9999 -9999 -9999 -9999 -9999 -9999 -9999 -9999 -9999 0.585473403203267 0.527978733443417 0.523815775438508 0.503910557566345 0.442933033003461 0.365032444278291 0.276388226925342 0.139449372568418 0.0293486571785813 0.0118343082795133 0.0168494257152256 0.0391567983876153 0.046088499781754 0.05602284957682 0.0858295111751709 0.103282309964405 0.109324230888065 0.102610927405356 0.0983625772470282 0.120825347811263 0.107926735054361 0.0557751182920327 0.115521992970196 0.19089866461316 0.154862626707103 0.151166076444591 0.190688960440502 0.199471421196428 0.204879061294825 0.313878315405152 0.383877718372786 0.390805924645585 0.405581797430864 0.423339393070534 0.420541654463112 0.412044847988717 0.392294030082035 0.379304054542471 0.369887844450676 0.361431322345867 0.353229735617787 0.345584495917397 0.338878349471447 0.332776969803174 0.324134938041049 0.317635672879829
-9999 -9999 -9999 -9999 -9999 -9999 -9999 -9999 -9999 -9999 -9999 -9999 -9999 0.641941854703849 0.625380183631674 0.568980669574434 0.49615453352478 0.412899935785031 0.238551634788902 0.0942296146309419 0.0620020585397194 0.0380849498858276 0.0205464378698626 0.0221994352484256 0.0316545735957498 0.0619867596412977 0.0922145212435731 0.122345829243702 0.115203920452333 0.101091900953985 0.0882929098285125 0.0744578347088304 0.05947265160821 0.11771754021788 0.186867047006997 0.188574868264165 0.195937855085763 0.210858570063923 0.139326179996642 0.0525159249122727 0.172494583661857 0.257610833599179 0.286347026202205 0.328152550013707 0.375022116455408 0.39298252864333 0.399755377433456 0.384436022846274 0.37541782996566 0.369730416411785 0.3660020865082 0.360817675624279 0.351935805756681 0.344224476811424 0.33726696465528 0.332023678299065 0.327987231805747
-9999 -9999 -9999 -9999 -9999 -9999 -9999 -9999 -9999 -9999 -9999 -9999 -9999 -9999 0.625380183631674 0.568980669574434 0.516952394753137 0.467699206674039 0.346602293507766 0.241648217262373 0.202209737620746 0.124557711496565 0.0175752791632127 0.0289311052522054 0.0534278212052269 0.0683526173665647 0.0896221762531613 0.116752194630254 0.11402151502499 0.107104043394185 0.108803607027769 0.0947644370075433 0.0632544409864573 0.0693528131239927 0.0904188829554208 0.152659013683578 0.19171196903675 0.199776907115079 0.134196816977945 0.0523089930372334 0.0984564307416937 0.142855726420618 0.184427898243615 0.238474172303049 0.297550788609975 0.339694491254739 0.367353184587642 0.366408172157156 0.367459317713737 0.36956562770917 0.368485681793629 0.365289759599232 0.357142217354196 0.349709360742497 0.342736754617616 0.337220667394595 0.332608889306644
-9999 -9999 -9999 -9999 -9999 -9999 -9999 -9999 -9999 -9999 -9999 -9999 -9999 -9999 -9999 -9999 0.515342098039223 0.510195684940722 0.46121169211298 0.413392320981589 0.379174798468809 0.26439902712907 0.0877916180827148 0.0592519438273743 0.0518299708722249 0.0509233823467089 0.0657949963149078 0.0952404439395096 0.0986267397903052 0.0991899900269246 0.111771304205356 0.106010818180119 0.0798899647359151 0.0540162680703695 0.0375913870731147 0.0971090556062445 0.137243829879724 0.151474739088104 0.128474424241352 0.0968712580383762 0.124758578385481 0.151945712598442 0.178000494351185 0.217368137192872 0.262033095089535 0.28476905912975 0.303699208172459 0.315113972859191 0.337567464509569 0.365856001390686 0.369467738038351 0.369101928997118 0.360733865275996 0.353718257824299 0.347573618847927 0.342831777403685 0.338549267703368
-9999 -9999 -9999 -9999 -9999 -9999 -9999 -9999 -9999 -9999 -9999 -9999 -9999 -9999 -9999 -9999 0.529287949184884 0.546940928421185 0.579922453482503 0.600347838190801 0.579125274122935 0.437613186332555 0.203774138125143 0.104323746657286 0.0356175219237491 0.0186144129496391 0.0286890825237415 0.0637746518187564 0.0743445737868943 0.0825674984653003 0.103768874756503 0.111591590682884 0.10456328666702 0.0593331653456118 0.012041110181618 0.0292813456455435 0.0513578102055829 0.0798975523469503 0.122381193501536 0.169428949026473 0.213806311251978 0.238479485728598 0.231286725725755 0.239142298199082 0.252750177856849 0.228819718461549 0.22050262087917 0.24301739904218 0.293960082188954 0.359929689358915 0.369510840091046 0.372501435426063 0.363315756487284 0.35680417921121 0.352014696985956 0.348701848756605 0.345314279013179
-9999 -9999 -9999 -9999 -9999 -9999 -9999 -9999 -9999 -9999 -9999 -9999 -9999 -9999 -9999 -9999 -9999 -9999 0.58784191651194 0.620654168937799 0.63192197089807 0.522835953931892 0.321373627440261 0.164478502809787 0.0390696846118338 0.0150135081397281 0.0275444222818464 0.0738696911862281 0.0883627284515235 0.0968462628209588 0.106143285765953 0.109234762397246 0.105437754715144 0.0716795851184786 0.0354245119057744 0.0426614714726689 0.0516891169841722 0.0631098874058021 0.120520739205826 0.191482226620954 0.231678578452328 0.25513119124763 0.251505555608413 0.251432279987219 0.252253755095752 0.219144337372233 0.207216056468578 0.237114397300912 0.296892128097062 0.372464034478851 0.376977388974679 0.376202124921841 0.367459203879192 0.360104571533978 0.353643983393706 0.351742651444929 0.348968782997239
-9999 -9999 -9999 -9999 -9999 -9999 -9999 -9999 -9999 -9999 -9999 -9999 -9999 -9999 -9999 -9999 -9999 -9999 -9999 0.667412179169334 0.673024061252088 0.583287112052484 0.42036616894229 0.216587784798996 0.0438396303372449 0.0150678996137189 0.0298085501224511 0.0847402303968051 0.10154541717404 0.109232951864148 0.107499479333224 0.105545324200667 0.103346199719281 0.0819696146926956 0.0581121099256337 0.0549492272468296 0.0534005893180151 0.0540092751420742 0.11111827866344 0.18544653357309 0.23033405940577 0.256748059322457 0.253286371190189 0.250160513244634 0.246663239786467 0.215276076826003 0.205405581910023 0.238024285896315 0.302786974283033 0.384540897573045 0.384395662808335 0.380162440735197 0.371654896632084 0.363325558746828 0.355110983905206 0.354800640549971 0.353620402026156
-9999 -9999 -9999 -9999 -9999 -9999 -9999 -9999 -9999 -9999 -9999 -9999 -9999 -9999 -9999 -9999 -9999 -9999 -9999 0.665054532160684 0.661149448725107 0.588679381411408 0.463582980925814 0.241517171195804 0.0483478309937723 0.0198983888056437 0.0345698682203195 0.089070798347165 0.104083269521151 0.109402697195788 0.103612618430808 0.0995762331604771 0.0974865403355363 0.0846366005400125 0.068306597261767 0.046689799903941 0.0408639811332332 0.0561416865879106 0.0783462974955126 0.106486574162903 0.186897964222829 0.228456244999561 0.207180642415035 0.210506971494026 0.224026011309758 0.218853750839088 0.222896078326963 0.24513455308837 0.307597794996406 0.391323754649842 0.390089323787779 0.384832065617174 0.375673703826429 0.366264321706997 0.356693284975954 0.358512312464863 0.36190486874178
-9999 -9999 -9999 -9999 -9999 -9999 -9999 -9999 -9999 -9999 -9999 -9999 -9999 -9999 -9999 -9999 -9999 -9999 -9999 -9999 0.652560040816195 0.586197824433841 0.468899985933189 0.254651048288175 0.0678557994472188 0.0400646003941299 0.0405614744171659 0.0671871594778236 0.0907897816106989 0.109207817557033 0.102720867321377 0.0966644215507784 0.0910858584845345 0.082491903524162 0.0704246754322895 0.036659601672314 0.0234602096038278 0.0377453942126831 0.0433277056463013 0.0516571349136127 0.143411680798664 0.188012686830595 0.156356217518518 0.165135516901722 0.191494882177318 0.23191332140199 0.263093125516397 0.276029296184678 0.320608053453583 0.381913007922608 0.386796689069143 0.386476327169208 0.377372448567912 0.370810300663623 0.365885002216061 0.37065616947757 0.375775443120551
-9999 -9999 -9999 -9999 -9999 -9999 -9999 -9999 -9999 -9999 -9999 -9999 -9999 -9999 -9999 -9999 -9999 -9999 -9999 -9999 -9999 0.577760404920453 0.44554909418522 0.258862651894324 0.0987097833256732 0.071830947746102 0.0474836862031919 0.0254747606598271 0.0655212662736379 0.108737130946164 0.104094655410346 0.0960651750451898 0.0842759403478864 0.076707588300558 0.0664336548345953 0.0252899697847934 0.00237485372379846 0.00382092877753341 0.00660974886098318 0.0150803284827613 0.099887434349552 0.138377394830487 0.101962510770189 0.115438960202568 0.151479880562767 0.252145119293282 0.320465696940705 0.324914919815871 0.339820471062629 0.360253213007792 0.376706705819214 0.385832165362125 0.377316268517654 0.376571998272297 0.380832578773575 0.389178238705399 0.393871420490217
