layers/veg_sum/veg4100.asc
NCOLS 255 
NROWS 330 
XLLCORNER -2985163.8955 
YLLCORNER -3022031.214 
CELLSIZE 25000 
NODATA_value -9999 
[rows 200 to 224 of 330, columns 114 to 170 of 255]
0.0723529258544913 0.0705112967075692 0.0724150969471096 0.0726522400839229 0.0740186602618771 0.0808621965708384 0.090581005195067 0.102992030201856 0.118953591200407 0.131587320747785 0.121811871663085 0.112313085627723 0.103125628904832 0.0986409210077347 0.0955977532494263 0.0940676014501264 0.0855213935731906 0.0674674503442768 0.0692996185436719 0.077413995873817 0.0760879496317084 0.0764349914148674 0.079527096800339 0.0907977218143209 0.10579503047454 0.131919994939854 0.158650275429925 0.186594279376082 0.215308910837952 0.244437048924947 0.272850981467339 0.300930922485482 0.328237650699436 0.351763663352561 0.372819992653935 0.379714200200633 0.375467913799625 0.339849990890482 0.299321403970526 0.254918085788952 0.238875005284926 0.229046894303677 0.22845230834332 -9999 -9999 -9999 -9999 -9999 -9999 -9999 -9999 -9999 -9999 -9999 -9999 -9999 -9999
0.0773641823279987 0.0683559038453422 0.0671048996781099 0.0703062759454921 0.0742086639452556 0.078499226544865 0.0818029054873693 0.0841825313114151 0.0962877374368458 0.106973737476556 0.0990502139603918 0.0958638117264793 0.0980080986302403 0.0959596820694271 0.0929521333195665 0.0913290433775679 0.0825270512979174 0.0639966447233902 0.0623299148090196 0.066661303430858 0.0733738878847537 0.0805773235649834 0.0885861070901626 0.0975146703768167 0.107041231124326 0.129776651846515 0.154557666679979 0.183440316779873 0.208810511035056 0.232295976633877 0.25697229938299 0.281654632798039 0.306256629620824 0.325879168244322 0.342248966793183 0.343736318008096 0.337799668025517 0.312390058185392 0.282586356730065 0.249315522497917 0.235585866284322 0.226905111570698 0.227750901902288 -9999 -9999 -9999 -9999 -9999 -9999 -9999 -9999 -9999 -9999 -9999 -9999 -9999 -9999
0.0836661986982038 0.0722976000764459 0.0659329165429566 0.0679729505049742 0.0710411305906921 0.0736496675854141 0.0760357177893717 0.0782134459572498 0.0841679051289413 0.0899867611654837 0.0908882733136137 0.0906842460153064 0.0892361536472546 0.0920976635520104 0.0953809801195622 0.0925126736780491 0.0857329433644076 0.0736526877108749 0.0706137557932855 0.0710159720642133 0.0761839111612319 0.0829076588438737 0.0921840477839157 0.100675810499607 0.109030595172909 0.131060410784423 0.154396824322608 0.180353106634144 0.202953526125031 0.223753242317563 0.246042317173403 0.267867414795498 0.288419828026273 0.304277313755612 0.317067923889205 0.315174825462959 0.310307186021198 0.299932643938262 0.277420389197173 0.245330941926208 0.233427831330155 0.22612533290751 -9999 -9999 -9999 -9999 -9999 -9999 -9999 -9999 -9999 -9999 -9999 -9999 -9999 -9999 -9999
0.0898665548102194 0.0778565086529034 0.0660102297506917 0.0657553245469854 0.0670357527952834 0.0681564183584886 0.0713399031052144 0.0764548764176135 0.0759657109076492 0.0762745893006433 0.0871970613061768 0.0889480506531873 0.080378357866236 0.0882493696749822 0.0987823189157153 0.0946729222742425 0.0906978424597932 0.0869047806951607 0.0833694717430856 0.0801630161228742 0.0806658318891775 0.0844277546106994 0.0935369488108896 0.102405981575972 0.11136621788292 0.133411193271189 0.155364603331659 0.177134415103683 0.197186045928278 0.216315727834054 0.23638421529054 0.255352923127883 0.271512290110384 0.283555036215407 0.292908674958875 0.28885250437924 0.282090185553837 0.270331277532185 -9999 0.237916186088263 -9999 -9999 -9999 -9999 -9999 -9999 -9999 -9999 -9999 -9999 -9999 -9999 -9999 -9999 -9999 -9999 -9999
0.0881917945273986 0.0767675592798534 0.063784655059461 0.0651603868681502 0.0674591367059241 0.0656054122288375 0.0673340965525154 0.0724171134767046 0.0725844375660629 0.0724822402781174 0.0763015221026645 0.0815394250138297 0.0883737041979104 0.0904504731322873 0.0912106724259825 0.0916285791378008 0.0905693174747159 0.0875082864666484 0.0856985513640826 0.0842760721133559 0.0821350611921621 0.0831222356528384 0.0892418763695474 0.100907575166588 0.115063937690015 0.134326858778874 0.153294445773808 0.171669856281557 0.189544792446637 0.207151181937509 0.220737110308081 0.234184795403839 0.247610461385994 0.254428995534411 0.256931541550407 0.258406189932937 0.260274667435884 0.263654466695208 -9999 -9999 -9999 -9999 -9999 -9999 -9999 -9999 -9999 -9999 -9999 -9999 -9999 -9999 -9999 -9999 -9999 -9999 -9999
0.0891413946331549 0.077824280229661 0.0618151741962737 0.0633457835962914 0.0661082270294867 0.0642197163238184 0.0649682938410565 0.0681860677812801 0.069122849454471 0.0694997117120755 0.069279465452236 0.076149075516778 0.0909969107193683 0.0888280678842641 0.0831789724925679 0.0866070479318265 0.0882792752394652 0.0875720832310409 0.0875904203635838 0.0876821477206527 0.0850165674762244 0.0846129143067173 0.0879204428507117 0.0998482335885088 0.115550127775591 0.132695488974763 0.149451226310512 0.16542572607325 0.1817063235502 0.198151168254482 0.208509458685844 0.218890068273335 0.229813149924147 0.232331402431322 0.229359353889301 0.23714179325081 0.238467811318676 0.216621900837235 -9999 -9999 -9999 -9999 -9999 -9999 -9999 -9999 -9999 -9999 -9999 -9999 -9999 -9999 -9999 -9999 -9999 -9999 -9999
0.0943318514595627 0.0823483147575125 0.060259530257505 0.0595602516937326 0.0618901330608609 0.0647171130455913 0.0652526688042382 0.0636426852314963 0.0655314760307594 0.0678258191627752 0.0685167947417387 0.0740201759255715 0.0849389637995535 0.0810270323459656 0.0744038454189676 0.0783904634286124 0.0824963114538429 0.0867637327934337 0.0887757752689914 0.0899457725721582 0.0901802543451994 0.0906221314531107 0.0914042855676372 0.0994984024300898 0.110846620035232 0.126948216542806 0.142742812901079 0.157921841081758 0.173549162784728 0.189417031752995 0.201807500800933 0.21308651106317 0.221880483261798 0.22159148690798 0.215369207328401 0.230714991979804 0.238467811318676 0.216621900837235 0.206986929426605 -9999 -9999 -9999 -9999 -9999 -9999 -9999 -9999 -9999 -9999 -9999 -9999 -9999 -9999 -9999 -9999 -9999 -9999
0.0939038624573879 0.0840042975395374 0.0639441314905563 0.059798961336504 0.0590965519840993 0.063567156440044 0.0638411197941504 0.0601856237137174 0.0612918299974092 0.0633915355820669 0.0657631286601481 0.0698355645666945 0.0758219612630053 0.075784748819294 0.0744666146943959 0.0759511058485471 0.0788918044879271 0.083805867540864 0.0870379979321011 0.0896872900088876 0.09233751135488 0.094453711988557 0.095693735877126 0.101080629314906 0.108339764192841 0.120081274214546 0.132607353302669 0.146706577392547 0.163171541246077 0.180905923911736 0.189586244315115 0.197366222611907 0.203632219354141 0.207731196697443 0.210414608218256 0.200946792747412 0.194994568666664 0.203316573130231 0.206986929426605 -9999 -9999 -9999 -9999 -9999 -9999 -9999 -9999 -9999 -9999 -9999 -9999 -9999 -9999 -9999 -9999 -9999 -9999
0.0910868468309074 0.0844563975155865 0.0699314543452349 0.0618419556529871 0.056990117983846 0.0616860270330757 0.0616874080653554 0.0572931410164032 0.0568801750874404 0.0578557386234686 0.0621589838405208 0.0647994046015756 0.0655686467000422 0.0716924395367005 0.0782082368154682 0.0759736251284124 0.0762709106629589 0.0799992703586907 0.0840918101848817 0.0883473075742084 0.0931718449136819 0.0972768321182373 0.1002012413403 0.103417647677325 0.106800772467834 0.112831503311985 0.121120238049829 0.133936512415924 0.151788158920777 0.172341707053705 0.174934734278342 0.177413803454086 0.18104656978041 0.177128048479825 0.168276786528323 0.192989544777212 0.192989544777212 -9999 -9999 -9999 -9999 -9999 -9999 -9999 -9999 -9999 -9999 -9999 -9999 -9999 -9999 -9999 -9999 -9999 -9999 -9999 -9999
0.0890992695426865 0.0861700824375274 0.0791370073142195 0.0682803323632163 0.0590358449375729 0.0584033833727159 0.0586570345183575 0.0597403834784747 0.0581168818231734 0.0565974528154746 0.0586406277344068 0.0612755366336226 0.0645763246001337 0.0705420684928506 0.076406310289314 0.0754290698279034 0.0763986928910884 0.080006587791535 0.0834275322694386 0.0868936683524671 0.0920629775292789 0.0960012941280267 0.0979199005443292 0.101893811717661 0.106749535290594 0.110743784573324 0.115794524776886 0.122963642421833 0.137432623378151 0.155818596370449 0.156630703812496 0.158099006853312 0.162604795553262 0.16553925772802 0.167447279564436 -9999 -9999 -9999 -9999 -9999 -9999 -9999 -9999 -9999 -9999 -9999 -9999 -9999 -9999 -9999 -9999 -9999 -9999 -9999 -9999 -9999 -9999
0.0871996878808793 0.0871494611639868 0.0857365003707061 0.074694875972214 0.0637439673177539 0.0584447359222045 0.0577009166927173 0.0612224865874773 0.0592889852180445 0.056657452607313 0.0561605478000887 0.0583889252532741 0.0636840666073732 0.0686978442268068 0.0732622757947586 0.0746923328880462 0.0765109123865785 0.0788559939778116 0.0818445688667534 0.0851366525345334 0.0896753033377878 0.0933887372389194 0.0957482239192116 0.0999167412088139 0.104847950166812 0.10812126687214 0.111189824014259 0.113847816303376 0.124779112029071 0.140149732477716 0.140410789528876 0.141861553499187 0.147479029314051 0.14825448234636 0.145866972478532 -9999 -9999 -9999 -9999 -9999 -9999 -9999 -9999 -9999 -9999 -9999 -9999 -9999 -9999 -9999 -9999 -9999 -9999 -9999 -9999 -9999 -9999
0.0854737291306994 0.086679990840996 0.0871940138956737 0.0810623948301239 0.0737052240261143 0.0650446178408443 0.0608374831569535 0.060800287046052 0.0603336206852649 0.0593185428570206 0.0557290757269462 0.0567596757294482 0.0629892436729271 0.0654845880941932 0.067470147267709 0.0735764051049072 0.0765924252769354 0.0754207420483586 0.0784489602717428 0.0827810486947041 0.0847644337296147 0.088138127487554 0.0937929241007684 0.0970454000948676 0.0992954699804582 0.104443544988742 0.108007742721057 0.108396096889391 0.115483840267422 0.126166370706662 0.128303015069409 0.1316959620811 0.138896030997619 0.14315856768366 0.145502215120269 -9999 -9999 -9999 -9999 -9999 -9999 -9999 -9999 -9999 -9999 -9999 -9999 -9999 -9999 -9999 -9999 -9999 -9999 -9999 -9999 -9999 -9999
0.0835990492616184 0.0852786754480706 0.0865516172578178 0.0832016209677992 0.0785315606020474 0.0710659697594561 0.0648730624280268 0.0598718124503625 0.0593434914746362 0.0590227930406078 0.0549247364902211 0.0552284781278142 0.0604855693608265 0.0646740585508481 0.0686986672199085 0.0737515957602294 0.0759582577817797 0.0743078313618726 0.075939773587142 0.0786769007248862 0.080912781486942 0.0842506306010333 0.0893964976845255 0.0931288295239785 0.0962550026198045 0.0999942074706196 0.103104278225759 0.104952867741823 0.108934034065966 0.114059507621226 0.119532010263554 0.126094283800957 0.13533813572952 0.13899060456124 -9999 -9999 -9999 -9999 -9999 -9999 -9999 -9999 -9999 -9999 -9999 -9999 -9999 -9999 -9999 -9999 -9999 -9999 -9999 -9999 -9999 -9999 -9999
0.0816458195972709 0.0833851889364467 0.084800114431231 0.083107596508948 0.0806457946326713 0.0767817604141827 0.0693834718539627 0.0586759393698113 0.0572786638617773 0.0571653337403893 0.053923460600669 0.0537490684529427 0.0570265169125711 0.0651325732633785 0.0736352718392965 0.074608714374106 0.0749460905232161 0.0744215079316035 0.073898766943796 0.0736492270013609 0.0776205743843929 0.0810830868539864 0.0837107453413798 0.0886602017842339 0.0945413010515548 0.0951373269580653 0.0972916335205531 0.102570459682665 0.103834296013934 0.102943751842288 0.112523381743461 0.122903120216031 0.134434341093242 -9999 -9999 -9999 -9999 -9999 -9999 -9999 -9999 -9999 -9999 -9999 -9999 -9999 -9999 -9999 -9999 -9999 -9999 -9999 -9999 -9999 -9999 -9999 -9999
0.0794058159998306 0.0825064338150028 0.0844589718545738 0.0824223364168863 0.0799057117427223 0.0776395898202822 0.0711755255249126 0.0607807833701152 0.0597815643790457 0.0601011580058361 0.0573919846369304 0.0559072102871921 0.055800253848958 0.0605192581787981 0.0664201918144846 0.0713808607563187 0.0742930069403789 0.0744291188356736 0.0742472775989208 0.0742079737550193 0.0780824075747382 0.081701499271125 0.0849016468603812 0.0860078079343701 0.0862137511953453 0.0871764397320141 0.0899150703181482 0.0962146549083417 0.101416475573333 0.106029253352315 0.109628645267814 0.112340944037411 0.11292886856426 -9999 -9999 -9999 -9999 -9999 -9999 -9999 -9999 -9999 -9999 -9999 -9999 -9999 -9999 -9999 -9999 -9999 -9999 -9999 -9999 -9999 -9999 -9999 -9999
0.0773799916375891 0.0804930319291284 0.0835482148688146 0.0821537623731439 0.080199236728338 0.0784244224732178 0.0731668762567386 0.0646483282935197 0.0628098082122501 0.0621524816130589 0.0606952901727308 0.0589179083133166 0.0567802157319868 0.0584675631305179 0.0617221356933395 0.0695163528373525 0.0741456542050161 0.0744860529071568 0.0748011406769556 0.0753051397793907 0.0788704462397171 0.0824432743343389 0.0860284433005837 0.0836764216889917 0.0788295485576025 0.0799774635959387 0.0831205066797265 0.0902639951632959 0.0986384995846632 0.107673547829777 0.107308888969997 0.106833102536027 -9999 -9999 -9999 -9999 -9999 -9999 -9999 -9999 -9999 -9999 -9999 -9999 -9999 -9999 -9999 -9999 -9999 -9999 -9999 -9999 -9999 -9999 -9999 -9999 -9999
0.0758973190982286 0.075637178486968 0.0811480296708839 0.0829442009299793 0.0832159007648399 0.0793677191953747 0.0758336025730436 0.0725935557650297 0.0668048554873668 0.0617105261271661 0.0632850501384291 0.0637593259702659 0.0629954910024518 0.0630258945273673 0.0640160019212629 0.0712659013173431 0.0752089766923862 0.0746708439214736 0.0756910416234298 0.0773304290870529 0.0801951803920713 0.0832239589355118 0.0865218597218829 0.0820033810560813 0.0742086161429619 0.0748551446653253 0.0778562761895585 0.0855786388992367 0.0947946746629266 0.104812191934881 0.106108670581391 -9999 -9999 -9999 -9999 -9999 -9999 -9999 -9999 -9999 -9999 -9999 -9999 -9999 -9999 -9999 -9999 -9999 -9999 -9999 -9999 -9999 -9999 -9999 -9999 -9999 -9999
0.0790633337905241 0.0765989201959949 0.0803346609770009 0.082457545773204 0.0835236384971349 0.0812055835032008 0.0790276531018834 0.0769809261771338 0.0716247831560564 0.0664016224361776 0.0655660418103015 0.0652784858284634 0.0656076227373258 0.0653477453228508 0.0657141661799198 0.0726548826868063 0.0762764100029069 0.075399972641996 0.0759006214197226 0.0770419796238946 0.0807146690090883 0.0840386512748529 0.0867905039174559 0.0810812489990011 0.0718366345329387 0.0724761520709084 0.0757843910488658 0.0844437023212736 0.0938706195896512 0.103709422183101 -9999 -9999 -9999 -9999 -9999 -9999 -9999 -9999 -9999 -9999 -9999 -9999 -9999 -9999 -9999 -9999 -9999 -9999 -9999 -9999 -9999 -9999 -9999 -9999 -9999 -9999 -9999
0.0852207490371094 0.0813042472427032 0.0805423985725323 0.0811490889652527 0.0820881994476598 0.0836190963410888 0.0825610333948178 0.0790788382864477 0.0769755160916081 0.0743958048035308 0.0676483430564106 0.0646597940039313 0.0659011546111132 0.0662304351300393 0.0670290000245791 0.0738118414226654 0.0773464886018796 0.0764793792011682 0.0756724188993456 0.0752646540336477 0.0807159872651606 0.0848752273765847 0.0869145086208197 0.0806423218163344 0.0709118384073875 0.0718624724592221 0.075766759759212 0.0855934381438596 0.094825417772755 0.103738291386821 -9999 -9999 -9999 -9999 -9999 -9999 -9999 -9999 -9999 -9999 -9999 -9999 -9999 -9999 -9999 -9999 -9999 -9999 -9999 -9999 -9999 -9999 -9999 -9999 -9999 -9999 -9999
0.0918601590221749 0.0868260803063998 0.0818049388225005 0.0788664552788753 0.0776119947259418 0.0820178237070871 0.0822881254107019 0.0786861906558856 0.0776911745479479 0.076081470236652 0.0681815238690985 0.0646143122255532 0.0659227329657983 0.0661224946523112 0.0662885825416438 0.0686645545583175 0.0706060274425357 0.0719586933508205 0.0729291159799034 0.0739429871111183 0.0776811498348373 0.0814818036459498 0.0853849876329296 0.0860821775028418 0.0852912224084695 0.0783147946896175 0.0767224180803592 0.0859256405519041 -9999 -9999 -9999 -9999 -9999 -9999 -9999 -9999 -9999 -9999 -9999 -9999 -9999 -9999 -9999 -9999 -9999 -9999 -9999 -9999 -9999 -9999 -9999 -9999 -9999 -9999 -9999 -9999 -9999
0.0964240450723863 0.0917727052204297 0.0845433686269786 0.0785510674995209 0.075027020767649 0.0807957263563148 0.0819711496190171 0.0788457246239654 0.0782074395665966 0.0780575758339339 0.0778801905397439 -9999 -9999 -9999 0.0656060066818309 0.0643979484214726 0.0649045334865511 0.0677346996035617 0.0703575977583784 0.0728862169589924 0.075067220255859 0.0783428549090779 0.0834144695997438 0.0890709917454919 0.0947174395337151 0.0826706784324168 0.0746326799873686 -9999 -9999 -9999 -9999 -9999 -9999 -9999 -9999 -9999 -9999 -9999 -9999 -9999 -9999 -9999 -9999 -9999 -9999 -9999 -9999 -9999 -9999 -9999 -9999 -9999 -9999 -9999 -9999 -9999 -9999
0.094456941403962 0.094741915062879 0.0915833175500212 0.0845527808800246 0.0790309209628043 0.0817294362797781 0.0824511561988548 0.0813219345820879 0.0792439546665846 0.0773653199791456 0.0776405437643027 0.0777862688406374 -9999 -9999 0.0656060066818309 0.0643979484214726 0.0643279887999037 0.0658003117003555 0.0689334451154149 0.0725362002433563 0.0744981221595835 0.0770271836575176 0.0804867605854006 0.0830455021585546 0.0850877335313771 0.0788168328489308 -9999 -9999 -9999 -9999 -9999 -9999 -9999 -9999 -9999 -9999 -9999 -9999 -9999 -9999 -9999 -9999 -9999 -9999 -9999 -9999 -9999 -9999 -9999 -9999 -9999 -9999 -9999 -9999 -9999 -9999 -9999
0.092680627362579 0.0946766276472892 0.0949808799735951 0.0881400520935545 0.081911255380128 0.0820770114305034 0.0822321731021095 0.0823774148924112 0.0808472428483937 0.0792154215888163 0.0788657567317553 0.0797625960232628 0.082062128158995 0.0760276142977307 -9999 -9999 -9999 0.0651801512094145 0.0683104377268683 0.0723830825273351 0.0742491654760852 0.0764516323536104 0.0792060099885721 0.0804096017508137 0.0809303267358197 -9999 -9999 -9999 -9999 -9999 -9999 -9999 -9999 -9999 -9999 -9999 -9999 -9999 -9999 -9999 -9999 -9999 -9999 -9999 -9999 -9999 -9999 -9999 -9999 -9999 -9999 -9999 -9999 -9999 -9999 -9999 -9999
0.0910526801081791 0.092251575629887 0.0955459551689158 0.0898497420558066 0.0839178533841758 0.0819687812299684 0.0814696234915164 0.0823280704998153 0.0828912798403059 0.0830425772669625 0.0812301119932874 0.0809076836893021 0.0822619960503312 0.0760276142977307 0.0686396160362247 -9999 -9999 -9999 0.0683104377268683 0.0723830825273351 0.0742491654760852 0.0764516323536104 0.0792060099885721 0.0804096017508137 -9999 -9999 -9999 -9999 -9999 -9999 -9999 -9999 -9999 -9999 -9999 -9999 -9999 -9999 -9999 -9999 -9999 -9999 -9999 -9999 -9999 -9999 -9999 -9999 -9999 -9999 -9999 -9999 -9999 -9999 -9999 -9999 -9999
0.091371784825384 0.091779633979754 0.0944930129676899 0.0937744045026634 0.0917149666404846 0.0861223920265564 0.0822051820691773 0.0798566736748381 0.0823085791115828 0.0850151256289046 0.0838445849606879 0.0827265787805714 0.0816676897326502 0.0777837986667268 0.0736228068315516 0.0734892493583547 -9999 -9999 -9999 -9999 -9999 -9999 -9999 -9999 -9999 -9999 -9999 -9999 -9999 -9999 -9999 -9999 -9999 -9999 -9999 -9999 -9999 -9999 -9999 -9999 -9999 -9999 -9999 -9999 -9999 -9999 -9999 -9999 -9999 -9999 -9999 -9999 -9999 -9999 -9999 -9999 -9999
