layers/veg_sum/veg4300.asc
NCOLS 255 
NROWS 330 
XLLCORNER -2985163.8955 
YLLCORNER -3022031.214 
CELLSIZE 25000 
NODATA_value -9999 
[rows 200 to 224 of 330, columns 114 to 170 of 255]
0.105631766739619 0.103877228701688 0.101549597291753 0.102233404755928 0.104342379508986 0.110556056227005 0.11994158777929 0.13229703612957 0.138281982542595 0.140095992042731 0.125752753191613 0.115211416423756 0.108948365334094 0.102844833548397 0.0973300804628971 0.0963924579141053 0.0938319448277716 0.0890721885248163 0.0843512075312884 0.0795882936669763 0.0739679083166657 0.071193523093652 0.0730886180436079 0.0836206087743763 0.0980701472873437 0.12306761273132 0.15074813031808 0.183808454793142 0.213524572134015 0.24144624043488 0.264427839723075 0.287037186568402 0.309116307732857 0.329270121986219 0.348166264682745 0.349905790635301 0.342376873627616 0.310162482655137 0.274104955259682 0.235015023120594 0.22270043098582 0.215409944886843 0.213354924484926 -9999 -9999 -9999 -9999 -9999 -9999 -9999 -9999 -9999 -9999 -9999 -9999 -9999 -9999
0.1034328352353 0.100609660866388 0.0945676253696804 0.101267761937716 0.105744167825361 0.0942424947357341 0.0967015280397112 0.112232451009724 0.115213665895134 0.115894054807334 0.117622926581824 0.116174527557304 0.111150741303585 0.102597618710317 0.0937931701254584 0.0908155084637006 0.0854175831280188 0.0767398626711112 0.0738824444308277 0.0728583857596593 0.0689887705645239 0.0699195462304527 0.0787264037465727 0.089956979948464 0.102373616358558 0.123545872274558 0.146394380371557 0.172603953610034 0.201145194027613 0.230937570443434 0.253778190813048 0.275730648935097 0.296031201785237 0.312490529725019 0.326440647686212 0.319505314073841 0.307135091614169 0.283138694239706 0.257283698040547 0.22996218510292 0.216609160142176 0.208007470717924 0.210930708908944 -9999 -9999 -9999 -9999 -9999 -9999 -9999 -9999 -9999 -9999 -9999 -9999 -9999 -9999
0.0998855099127029 0.0987117154495555 0.0956013557854436 0.0976646152459015 0.0986263246091878 0.0922979591628088 0.0916852410414784 0.0964242801376222 0.102733441370583 0.108727014440719 0.111235662750342 0.110842319504383 0.107183361142991 0.0996443583485855 0.0916385959355324 0.0884420078264992 0.0841425685878219 0.0783486121221928 0.0748564814886117 0.0722798831597909 0.0715275416005648 0.0736369702526275 0.0804417533191334 0.0899412141092377 0.100761988680737 0.121494905379381 0.143060756705696 0.166296731163795 0.191041141422952 0.216594954648645 0.238013801640938 0.258230402419031 0.275788864773464 0.289329226088006 0.300244836324554 0.295021779847212 0.286679453705751 0.27275717773989 0.252233628123673 0.226501381410035 0.213938404964053 0.205312383432533 -9999 -9999 -9999 -9999 -9999 -9999 -9999 -9999 -9999 -9999 -9999 -9999 -9999 -9999 -9999
0.0959386944549559 0.097140988330735 0.0988153005978846 0.093184562969502 0.0890347924755569 0.0948778888312351 0.0926282394335403 0.0828010737841004 0.0937156176194561 0.106293074505719 0.105245375695408 0.103607514718449 0.101305543438254 0.0960859891626144 0.0904000830394802 0.0873632386063657 0.0851897125639776 0.0841861034510857 0.0794397694436499 0.0739161685904174 0.0764426025630074 0.0788394269921147 0.0810235988680068 0.0881598604745856 0.0976281420146247 0.118881962505668 0.140196402197862 0.161632389880389 0.181815368106475 0.201326001132037 0.220668874388009 0.238690698650453 0.253441607046173 0.264495019951391 0.273133111495045 0.272824637618418 0.270012118135404 0.261665064939075 -9999 0.220388551227152 -9999 -9999 -9999 -9999 -9999 -9999 -9999 -9999 -9999 -9999 -9999 -9999 -9999 -9999 -9999 -9999 -9999
0.0928526628585828 0.0935515881871468 0.0940775287390586 0.0889973176501784 0.0856165971978321 0.0921790525477832 0.0900962298387982 0.079918535872411 0.0826792322687831 0.0884128877186275 0.0964050151907479 0.0998456229981621 0.0981643994251008 0.0971190165762636 0.0956571065735566 0.0892741449137959 0.0846941123938671 0.0825573005281362 0.0799093898842728 0.0773399122588165 0.0787280449968986 0.0809461592213319 0.0845260379999113 0.0921285872369147 0.101624268873457 0.12061275022731 0.139113887039273 0.156637845852482 0.174110998345688 0.191556888965302 0.20563953627156 0.220127004373604 0.235890013394912 0.246907473656114 0.254824990909388 0.254619459454933 0.254526386815732 0.256925535117475 -9999 -9999 -9999 -9999 -9999 -9999 -9999 -9999 -9999 -9999 -9999 -9999 -9999 -9999 -9999 -9999 -9999 -9999 -9999
0.0896727189252786 0.0900332723937867 0.0900528189746497 0.0869440742024356 0.0848835162913727 0.0887747625063202 0.0869762183861944 0.0798501278378283 0.0766277863640458 0.076602189380684 0.0900391528558226 0.0964698634748788 0.0950164280545164 0.0964685725970156 0.0976753936567424 0.0902941793339624 0.0849031763016861 0.0822091873803638 0.0811214642511135 0.0806375139176658 0.0808829186484984 0.0827480647580636 0.0872707477316607 0.0950390826908439 0.104324587368452 0.120581735367372 0.136355174972463 0.151158727445075 0.166461919741743 0.182033210923036 0.193005418351656 0.204909507867567 0.219498375807491 0.229738739224471 0.23713852152591 0.240493119737305 0.238629642593649 0.221390876185615 -9999 -9999 -9999 -9999 -9999 -9999 -9999 -9999 -9999 -9999 -9999 -9999 -9999 -9999 -9999 -9999 -9999 -9999 -9999
0.0863410165799211 0.0866298259399084 0.0871803877572395 0.0883392886030767 0.0884894680027898 0.0842304886715521 0.0829060205028237 0.084329236087236 0.0786317942923086 0.0745995307435834 0.0876719761583711 0.0937180774461841 0.0918574239596264 0.0930977091960799 0.0944600179762461 0.0898746020122408 0.0862509479127979 0.0839306153915606 0.0835333131369113 0.0837312753603296 0.0828267986041491 0.0840573830978968 0.088790998416905 0.0962395205719772 0.104930933696979 0.117703721158154 0.130887798747214 0.144896557089883 0.158902189336739 0.172906144169664 0.184241876177433 0.19509932712759 0.204981178746763 0.213246787263069 0.22045661450747 0.232958012500876 0.238629642593649 0.221390876185615 0.213787850363596 -9999 -9999 -9999 -9999 -9999 -9999 -9999 -9999 -9999 -9999 -9999 -9999 -9999 -9999 -9999 -9999 -9999 -9999
0.0831219255851677 0.0835905681283235 0.0844974126840292 0.0867514620858367 0.0879730831065024 0.0842842048946842 0.0823523470734078 0.0820656478879913 0.0786374949326894 0.0760181653265943 0.081357314144393 0.086337391682903 0.0909134058136794 0.0932412209426462 0.0943995734865369 0.0908081110569724 0.0876597311421273 0.085111789884332 0.0843554005931272 0.0842174521895611 0.0840416003606935 0.0852204790995403 0.0886220870171333 0.0954434462130589 0.103778729357506 0.113802706186234 0.124563077446602 0.136799998406721 0.150524974545464 0.165048417728745 0.173632807790871 0.181738500586927 0.189129257283071 0.200665702464471 0.21491024289103 0.202472638336917 0.19455523390951 0.207901556888018 0.213787850363596 -9999 -9999 -9999 -9999 -9999 -9999 -9999 -9999 -9999 -9999 -9999 -9999 -9999 -9999 -9999 -9999 -9999 -9999
0.0799869580399008 0.0807284803911456 0.0819135324029253 0.0838769373263591 0.0856492335479333 0.0862222106106089 0.0832597802622321 0.0769870263314514 0.07779750551773 0.0788653619096621 0.0735546098233599 0.0771900529414745 0.0908926619095248 0.094804155570961 0.0956005378785791 0.0922926133783013 0.0891069049231916 0.0860868162693442 0.0845037871942489 0.0835668445238865 0.0849226306508618 0.0862915624376309 0.0876820625290457 0.0937438871655428 0.101832275173882 0.109457883293964 0.117889072944495 0.127935539837495 0.141773196238494 0.157645145403111 0.162197782882807 0.166869584492943 0.172743301298003 0.170789443270479 0.163722365023773 0.191339698935286 0.191339698935286 -9999 -9999 -9999 -9999 -9999 -9999 -9999 -9999 -9999 -9999 -9999 -9999 -9999 -9999 -9999 -9999 -9999 -9999 -9999 -9999
0.0787768916614314 0.0790080303221481 0.0802947320871886 0.0804636911251893 0.0810087642574133 0.0836868709255165 0.0818180145239748 0.0756916801778232 0.0774675034158556 0.0798032690219237 0.0765391344464129 0.0795270590555847 0.0895504345215341 0.0918339912257028 0.0920442536425373 0.0922725950898157 0.091211950452683 0.0884045497424298 0.085009212292306 0.0818005673168482 0.0846384101797763 0.0857857194334858 0.0841593418225069 0.0894168480687386 0.097654532825425 0.104791748460547 0.112159695791409 0.119990284882487 0.131697740779548 0.145485462533086 0.148826984546006 0.152615122656343 0.158349416338897 0.161536650677009 0.163060065043035 -9999 -9999 -9999 -9999 -9999 -9999 -9999 -9999 -9999 -9999 -9999 -9999 -9999 -9999 -9999 -9999 -9999 -9999 -9999 -9999 -9999 -9999
0.0776490877454956 0.0774231978704696 0.0784251756881246 0.0777968019240462 0.0778538370647761 0.0815748302549506 0.0809327135924346 0.0762052670771759 0.0777800457637836 0.0799017083409578 0.0781147655729358 0.0796658842007185 0.0849733279388949 0.0874802126319095 0.0892177458961215 0.0908012435432683 0.0912071134988761 0.0900171335481522 0.086551430349488 0.0826643342521979 0.0844650980483545 0.0848750160324136 0.0830029499501487 0.087100841900524 0.0937908066978421 0.100031220732175 0.106253908574055 0.112441053501674 0.122164406131938 0.133785232292598 0.136269226668103 0.139528260732769 0.14544520166956 0.146033365212099 0.143140602299309 -9999 -9999 -9999 -9999 -9999 -9999 -9999 -9999 -9999 -9999 -9999 -9999 -9999 -9999 -9999 -9999 -9999 -9999 -9999 -9999 -9999 -9999
0.0766835947175526 0.0761059505994016 0.0760608560483198 0.0766025390424048 0.0776300117335696 0.080297994814306 0.081145365410341 0.0802880339050894 0.0793603833734898 0.0783438057664519 0.0769105290968354 0.0754675099227519 0.0740135274949028 0.0803964445580718 0.0878311497013339 0.0864662871077552 0.0870392976008781 0.0902383966329465 0.0901393297621434 0.0887174036599483 0.0845106175752884 0.0831654883740256 0.0865155276482316 0.0887527760342289 0.0905466614834046 0.0950844477331374 0.100000049182586 0.105673210569661 0.11370072230169 0.122991541462602 0.125315667288441 0.12874517349411 0.135480234138006 0.139859035571982 0.142698653735088 -9999 -9999 -9999 -9999 -9999 -9999 -9999 -9999 -9999 -9999 -9999 -9999 -9999 -9999 -9999 -9999 -9999 -9999 -9999 -9999 -9999 -9999
0.0772451012628024 0.0761765489345946 0.0751400554347532 0.0754043045892056 0.0760497657270974 0.0775213463506141 0.0792119399566794 0.0811076029526875 0.080482794188491 0.0792462295512131 0.0773884865072918 0.0752392043832851 0.0727618529288094 0.0760408146919721 0.0806331122338421 0.0832953693790124 0.0855594501349887 0.0872839463024193 0.088951890974975 0.0900795889320163 0.0831445713302061 0.0801236961425861 0.0835248201045588 0.0865011662582195 0.0892815454100746 0.0913229012058588 0.0942311784304034 0.0988777259627424 0.105629830700435 0.113511744374662 0.116905505060692 0.121880892787823 0.131147552879693 0.134809033766803 -9999 -9999 -9999 -9999 -9999 -9999 -9999 -9999 -9999 -9999 -9999 -9999 -9999 -9999 -9999 -9999 -9999 -9999 -9999 -9999 -9999 -9999 -9999
0.0786131207278907 0.0769801634616979 0.0749816759541932 0.0742039724774153 0.0737531011842071 0.0739525440437482 0.0761450243063752 0.0802036540530539 0.0813633425414761 0.0814481199701524 0.0787549255696093 0.07710776369333 0.0766377036648834 0.0731261012152893 0.0703656551334952 0.0807392601103922 0.0854993026524339 0.0826521845016562 0.0852422694561481 0.0889641974402718 0.0810329806512424 0.0763782438645609 0.077099282806543 0.0821878279450112 0.089061689989767 0.0881873538466153 0.0887184633513632 0.0920676418966424 0.0977663995419038 0.104725904440912 0.109838684834677 0.117086401853708 0.129789667244997 -9999 -9999 -9999 -9999 -9999 -9999 -9999 -9999 -9999 -9999 -9999 -9999 -9999 -9999 -9999 -9999 -9999 -9999 -9999 -9999 -9999 -9999 -9999 -9999
0.0762626843352257 0.0763373688943099 0.0773202284057636 0.0752449101199095 0.073375757804064 0.0740181547402788 0.0758566198152026 0.0788150046349774 0.079973129727597 0.0804925528540285 0.0794470329693663 0.0779444555044216 0.0759275505115685 0.0742933618971642 0.0737353175970309 0.0813382489709955 0.0861372380662727 0.0871364939734188 0.0868173781946141 0.0860171527981904 0.0848420338964294 0.0823408202373349 0.0776638606541776 0.0784309436398045 0.0815498853805563 0.0834655077272091 0.0852793136491568 0.0868889667355196 0.0923936730580959 0.0999884037900613 0.105965742017759 0.110262626197653 0.110511040895178 -9999 -9999 -9999 -9999 -9999 -9999 -9999 -9999 -9999 -9999 -9999 -9999 -9999 -9999 -9999 -9999 -9999 -9999 -9999 -9999 -9999 -9999 -9999 -9999
0.0752497607626341 0.0757391340575905 0.0782617777136504 0.0762557882611399 0.0741823661372556 0.0743222878110028 0.0753473418900502 0.0772011758900919 0.0783957118911623 0.0793460057682235 0.0796657463597765 0.0785002000761442 0.0756632584154202 0.0753128707974903 0.0760479500802578 0.0802929089996677 0.0849364322243846 0.0901200657181292 0.0885826165907099 0.0851329443317463 0.0881419278625276 0.0867258910221368 0.0780496489941237 0.0752900375849124 0.0751601498314047 0.0786491971088811 0.0815736638796617 0.0833660862706507 0.0886811507187788 0.0958864095849217 0.102921919820479 0.107935407791041 -9999 -9999 -9999 -9999 -9999 -9999 -9999 -9999 -9999 -9999 -9999 -9999 -9999 -9999 -9999 -9999 -9999 -9999 -9999 -9999 -9999 -9999 -9999 -9999 -9999
0.0777623694850717 0.0753500452148095 0.0756171405666518 0.0770378383314737 0.0777484652967786 0.0749571882056869 0.0741058036950092 0.0750708073426521 0.0765183593742891 0.0779517764562291 0.0787746442404337 0.0784410914938531 0.0768062171228643 0.0756883959337882 0.0748326420853531 0.0750115005205344 0.079194927614578 0.0888051042365584 0.0904459747287482 0.0894155207319905 0.0897873933081769 0.0865838332849799 0.0775140009898741 0.0736154726706182 0.0720173399169362 0.0737120756139776 0.0770731559385762 0.0837754356989498 0.0888520556921337 0.0930563721791167 0.101682321079161 -9999 -9999 -9999 -9999 -9999 -9999 -9999 -9999 -9999 -9999 -9999 -9999 -9999 -9999 -9999 -9999 -9999 -9999 -9999 -9999 -9999 -9999 -9999 -9999 -9999 -9999
0.081826698706367 0.0781417907671915 0.0753246430838671 0.0780107070228195 0.0800572476302912 0.0764993906159761 0.0745954670320817 0.0742401782169362 0.075748410339474 0.0774698427467473 0.0783216962837878 0.0788939169659547 0.0791514664093681 0.0768461403396701 0.0741024163466839 0.0734447389853476 0.0769239743342056 0.0860093038743767 0.0894746185599933 0.0908956154188452 0.0908203680422598 0.0886065840787049 0.0828840672460797 0.0754827623489795 0.0675194794387342 0.0708408656430393 0.0760320886918923 0.0849725348646276 0.0896222249240012 0.0919695626231335 -9999 -9999 -9999 -9999 -9999 -9999 -9999 -9999 -9999 -9999 -9999 -9999 -9999 -9999 -9999 -9999 -9999 -9999 -9999 -9999 -9999 -9999 -9999 -9999 -9999 -9999 -9999
0.0868895501618055 0.0829803829450034 0.0765457324579013 0.0791063662785158 0.0815569546135345 0.0786254360806887 0.0761991475023109 0.0742459231109866 0.0756910683752084 0.0775749654329826 0.0781506977334669 0.0796761687336439 0.0822703820075405 0.0785072378514946 0.073684337942922 0.0742683290426369 0.0768862986767853 0.0822605931468541 0.0866791418328901 0.0905723310154201 0.0914592089138622 0.0920223753409547 0.0920544229241893 0.079629212844944 0.0621496525740135 0.0692990565480774 0.0772171494454523 0.086676545956965 0.0907780168802528 0.0920045090589712 -9999 -9999 -9999 -9999 -9999 -9999 -9999 -9999 -9999 -9999 -9999 -9999 -9999 -9999 -9999 -9999 -9999 -9999 -9999 -9999 -9999 -9999 -9999 -9999 -9999 -9999 -9999
0.0871461559697978 0.0841982737841061 0.0797929721960971 0.0790904701440819 0.0790581760907349 0.0797010552305879 0.0785202824028927 0.0756319615015583 0.0764365024029198 0.0778020294865407 0.0782140574710949 0.0797336742640602 0.0824996622766364 0.080570213251482 0.0775457889090975 0.0758971560725479 0.0762109808532416 0.0791842096435038 0.0833382486810121 0.087626461832458 0.0876552260388018 0.0890574370776197 0.092713085384888 0.0862128680486557 0.0754033205625936 0.0720567298603883 0.0738389294063638 0.0859049026687955 -9999 -9999 -9999 -9999 -9999 -9999 -9999 -9999 -9999 -9999 -9999 -9999 -9999 -9999 -9999 -9999 -9999 -9999 -9999 -9999 -9999 -9999 -9999 -9999 -9999 -9999 -9999 -9999 -9999
0.087066794815272 0.0851687342683414 0.0823912492884416 0.0791086119509968 0.0770426676708263 0.0801694493913647 0.0801770466579048 0.0772640442154387 0.0773705615138594 0.0778770117308434 0.0772772251067279 -9999 -9999 -9999 0.0807195938644804 0.0771759809468019 0.0756331792944817 0.0768017561986869 0.0811189499261469 0.086158036472742 0.0854780730302047 0.0869989672694286 0.0921308456438755 0.0909544187245343 0.0869075466161974 0.0745478768588259 0.0663010953832345 -9999 -9999 -9999 -9999 -9999 -9999 -9999 -9999 -9999 -9999 -9999 -9999 -9999 -9999 -9999 -9999 -9999 -9999 -9999 -9999 -9999 -9999 -9999 -9999 -9999 -9999 -9999 -9999 -9999 -9999
0.0871276712457264 0.0862623421033475 0.0824876757861552 0.0795044282848785 0.0775005961798295 0.0790191974129416 0.0796051903395221 0.0793179500255416 0.0786906160985835 0.0779982215671797 0.0773191858156607 0.0769596509859671 -9999 -9999 0.0807195938644804 0.0771759809468019 0.0755130002375812 0.076398538687068 0.0824987969026469 0.0898974718473119 0.0894165898274385 0.0893055315313468 0.0898012492255756 0.0894068499750543 0.088440764967045 0.0751614767723122 -9999 -9999 -9999 -9999 -9999 -9999 -9999 -9999 -9999 -9999 -9999 -9999 -9999 -9999 -9999 -9999 -9999 -9999 -9999 -9999 -9999 -9999 -9999 -9999 -9999 -9999 -9999 -9999 -9999 -9999 -9999
0.0866142380719613 0.0868311529025869 0.0849848370818202 0.0802900303494993 0.076534979305451 0.0781400869965853 0.0789923895064715 0.0791398146275027 0.0790453669475544 0.0787262542061972 0.0774251936047719 0.0776948096836111 0.0797319104054236 0.0827105514811756 -9999 -9999 -9999 0.0764181915439234 0.0831024224098358 0.0915333188745673 0.0911395266746333 0.0903145572031613 0.0887821479458753 0.0887298531868423 0.0893131448760713 -9999 -9999 -9999 -9999 -9999 -9999 -9999 -9999 -9999 -9999 -9999 -9999 -9999 -9999 -9999 -9999 -9999 -9999 -9999 -9999 -9999 -9999 -9999 -9999 -9999 -9999 -9999 -9999 -9999 -9999 -9999 -9999
0.0856541953417275 0.0869918573953016 0.0893489201483114 0.0813787477216898 0.0744623480826895 0.0774718287266761 0.0783477483360813 0.0772259413510373 0.0786494532244638 0.0799261801598472 0.0775810073484788 0.0774088527011172 0.0796819984023526 0.0827105514811756 0.0855973092188377 -9999 -9999 -9999 0.0831024224098358 0.0915333188745673 0.0911395266746333 0.0903145572031613 0.0887821479458753 0.0887298531868423 -9999 -9999 -9999 -9999 -9999 -9999 -9999 -9999 -9999 -9999 -9999 -9999 -9999 -9999 -9999 -9999 -9999 -9999 -9999 -9999 -9999 -9999 -9999 -9999 -9999 -9999 -9999 -9999 -9999 -9999 -9999 -9999 -9999
0.0868656073413954 0.0867608917203927 0.08654320948505 0.0830816379846814 0.0795382835806106 0.0774451004984991 0.0766812687563459 0.0771621544055199 0.0787736458999027 0.0802174780465766 0.0794830694518219 0.0790792610971091 0.0790474776502461 0.082237338558704 0.0858583127563914 0.0858513174446719 -9999 -9999 -9999 -9999 -9999 -9999 -9999 -9999 -9999 -9999 -9999 -9999 -9999 -9999 -9999 -9999 -9999 -9999 -9999 -9999 -9999 -9999 -9999 -9999 -9999 -9999 -9999 -9999 -9999 -9999 -9999 -9999 -9999 -9999 -9999 -9999 -9999 -9999 -9999 -9999 -9999
