layers/veg_sum/veg4900.asc
NCOLS 255 
NROWS 330 
XLLCORNER -2985163.8955 
YLLCORNER -3022031.214 
CELLSIZE 25000 
NODATA_value -9999 
[rows 75 to 99 of 330, columns 171 to 227 of 255]
0.757167400200513 0.759605142495007 0.755065234067996 0.75111633954913 0.747400874534385 0.741243540677069 0.736268769014922 0.733701848771349 0.727463895364712 0.719226495998779 0.711758774408523 0.705918389604128 0.704122188067709 0.70348010166198 0.703602706345859 0.701027385677738 0.699935202891829 0.704362042014984 0.706329517973846 -9999 -9999 -9999 -9999 -9999 -9999 -9999 -9999 -9999 -9999 -9999 -9999 -9999 -9999 -9999 -9999 -9999 -9999 -9999 -9999 -9999 -9999 -9999 -9999 -9999 -9999 -9999 -9999 -9999 -9999 -9999 -9999 -9999 -9999 -9999 -9999 -9999 -9999
0.743093908527321 0.745031080166215 0.742697056136849 0.739219607765947 0.73521836230115 0.729647624418595 0.724403924416215 0.719826116344866 0.708526754391725 0.693566465622566 0.694083320254999 0.694334569004522 0.692512981586032 0.692418297942549 0.693467822441079 0.692869542450264 0.693678038540659 0.699465334785548 0.702121776615282 0.70227355346428 -9999 -9999 0.697864444193369 0.697864444193369 -9999 -9999 -9999 -9999 -9999 -9999 -9999 -9999 -9999 -9999 -9999 -9999 -9999 -9999 -9999 -9999 -9999 -9999 -9999 -9999 -9999 -9999 -9999 -9999 -9999 -9999 -9999 -9999 -9999 -9999 -9999 -9999 -9999
0.730685452872574 0.731493711948276 0.73150888043015 0.728007611932804 0.722956890389776 0.718433645488048 0.713128145167969 0.706229870424302 0.690914452229632 0.671014596163013 0.678597087182976 0.684277404594313 0.682660655442102 0.68291364632663 0.684405485492372 0.68581192639326 0.688252214918645 0.694035144677183 0.693402937095119 0.687638657652466 0.68404694225111 0.683021089115072 0.691493936703644 0.692072778478606 0.685056224226083 0.693633257198872 -9999 -9999 -9999 -9999 -9999 -9999 -9999 -9999 -9999 -9999 -9999 -9999 -9999 -9999 -9999 -9999 -9999 -9999 -9999 -9999 -9999 -9999 -9999 -9999 -9999 -9999 -9999 -9999 -9999 -9999 -9999
0.722601573090626 0.723726895372344 0.722877570778853 0.717193675308864 0.70942536711991 0.706380015888204 0.701618544772104 0.693362828943154 0.679539471394841 0.662683670868184 0.671075927970992 0.677605755466904 0.677141293891163 0.677267260079296 0.677784430609254 0.681182080674639 0.684651516031572 0.687541920250775 0.688193492353045 0.687054012027619 0.68404694225111 0.681831531960493 0.684096220626162 0.684794745331893 0.683986350002272 0.693633257198872 0.70373446467861 -9999 -9999 -9999 -9999 -9999 -9999 -9999 -9999 -9999 -9999 -9999 -9999 -9999 -9999 -9999 -9999 -9999 -9999 -9999 -9999 -9999 -9999 -9999 -9999 -9999 -9999 -9999 -9999 -9999 -9999
0.712862136314403 0.711229640444482 0.705991501429881 0.693712047522717 0.678628736617422 0.690650916916696 0.694871234589129 0.683205938743455 0.667126134119163 0.648641945947345 0.66085647705357 0.67058468909562 0.671247897827263 0.672439482245427 0.673981156675154 0.678739934865795 0.682605087073941 0.682697648509559 0.682717042615963 0.682677903292538 0.675662889102325 0.669284533130341 0.669850999578581 0.672527531491006 0.677234310558402 0.687618735750634 0.698126896005596 0.702428647887858 0.710859695558142 0.724066147206581 -9999 -9999 -9999 -9999 -9999 -9999 -9999 -9999 -9999 -9999 -9999 -9999 -9999 -9999 -9999 -9999 -9999 -9999 -9999 -9999 -9999 -9999 -9999 -9999 -9999 -9999 -9999
0.701655887262015 0.694541249198005 0.681791770936535 0.659006931223872 0.632535338123466 0.671665376992893 0.692343281257699 0.675450224210699 0.653792820074464 0.629540491263587 0.648246357973173 0.663254041414488 0.665023109719948 0.668336985917655 0.672674417563986 0.678236076349579 0.681935730739516 0.67931433767142 0.677004028262966 0.67494258393895 0.659850621687788 0.646674917952251 0.649538935537397 0.655839937369939 0.665447911241212 0.676275389063503 0.68738751000716 0.698679779635223 0.710859695558142 0.724066147206582 0.726948478987359 -9999 -9999 -9999 -9999 -9999 -9999 -9999 -9999 -9999 -9999 -9999 -9999 -9999 -9999 -9999 -9999 -9999 -9999 -9999 -9999 -9999 -9999 -9999 -9999 -9999 -9999
0.693953364240962 0.683394656511581 0.659345715015271 0.643284009498671 0.631054934639832 0.644935515311913 0.649354845603369 0.634509831707632 0.631696992801823 0.635437536171944 0.652979352214694 0.666095028208828 0.666771865191639 0.669718006281225 0.674167737943289 0.674035111602671 0.672937384858542 0.670029409995827 0.665121888881234 0.658614742613139 0.649822141885246 0.642404254173501 0.642181410167768 0.646847158951711 0.65621657772671 0.671714257282077 0.687305266612398 0.695961414860802 0.706716974290881 0.719900438386407 0.702728378813791 0.680487859686285 0.688980920773141 0.708915586542314 0.744793832072852 0.756792835361939 0.761463379954055 0.787995368453957 0.804660521542067 -9999 -9999 -9999 -9999 -9999 -9999 -9999 -9999 -9999 -9999 -9999 -9999 -9999 -9999 -9999 -9999 -9999 -9999
0.683932020153342 0.670141677559145 0.638281439619405 0.632302265501787 0.637557690471472 0.624159869079187 0.611395158660008 0.599919545051918 0.614059611291019 0.642151381393886 0.65750423721093 0.667841773527143 0.666654138852659 0.668791652064109 0.673132334519586 0.668635286865685 0.663869410186135 0.660724139605051 0.653567977383674 0.643203125615972 0.641516262723236 0.640599492661021 0.637633661072653 0.640372029097895 0.648598821645262 0.666975420323374 0.685427283414925 0.691928367394246 0.701130189957552 0.713455333890893 0.69907256601651 0.679281325516395 0.677967776386146 0.695291848800692 0.738586964081347 0.754097835695001 0.760626562250941 0.784594028093491 0.776119050379194 0.712848561656264 0.747005002174848 -9999 -9999 -9999 -9999 -9999 -9999 -9999 -9999 -9999 -9999 -9999 -9999 -9999 -9999 -9999 -9999
0.6591413805802 0.641356442770354 0.622572383449132 0.628066111465982 0.644071030911139 0.640185047153415 0.634941678531009 0.626934496651822 0.626636583252365 0.630537560199643 0.645429284247254 0.654978282631667 0.650025813397689 0.651377567292173 0.656906359616394 0.660540617947353 0.661923233619273 0.656610488356825 0.649193361330948 0.640092741363512 0.636659548969403 0.634709100443448 0.635554156901399 0.6396182733093 0.646779680970006 0.655262078606705 0.664986272615653 0.680379183264343 0.692018823723936 0.699317922281907 0.690281331253302 0.672025248045743 0.611734899720289 0.613358904869218 0.701258957862876 0.737890150198239 0.755593953781048 0.764138420804859 0.752640648845377 0.707291396958913 0.747005002174848 0.824332204520523 -9999 -9999 -9999 -9999 -9999 -9999 -9999 -9999 -9999 -9999 -9999 -9999 -9999 -9999 -9999
0.635285443638405 0.618591124901267 0.608349576190426 0.616592433574482 0.632902653214458 0.639687370528117 0.64207074237412 0.635492398742293 0.624144769376905 0.610199525480369 0.627482833614249 0.638198345184139 0.629482987122009 0.632411243177431 0.643054299714845 0.650428259816968 0.654416834198153 0.648457015413965 0.642235484086747 0.635804584275842 0.63235902733469 0.630540662046994 0.633764647533141 0.63892152643826 0.645938182412545 0.648640220131339 0.652738322973539 0.670290361164145 0.681565000713969 0.685580021195427 0.680179244904986 0.663437145180531 0.568085746636922 0.564068276184692 0.687322268772437 0.733594140731808 0.751067575642327 0.748142947015513 0.737571654919055 0.714085095463156 0.751374572083507 0.815376108133538 0.803854143979575 -9999 -9999 -9999 -9999 -9999 -9999 -9999 -9999 -9999 -9999 -9999 -9999 -9999 -9999
0.612424786141867 0.60223586662911 0.595709339625982 0.597412177690626 0.602906629132976 0.621596015327511 0.631718357058975 0.62439707489676 0.605607582026092 0.580571872751795 0.603284361485663 0.617248141578173 0.604771966519453 0.611792081186552 0.631730005036891 0.638167448764416 0.640989861396471 0.63600190539389 0.632526927985572 0.630262324487746 0.628650743878418 0.628205774970893 0.632283927139014 0.63828548315565 0.646137685636858 0.647439817042954 0.649214415705956 0.661756545182528 0.669681718118846 0.672267522368317 0.668681352452475 0.653430690155704 0.548483937730429 0.549535467069034 0.69829285645031 0.741981786915804 0.747080235938169 0.736896661947874 0.731457070938569 0.734030099915922 0.760396897819374 0.797158752382042 0.796519099373259 0.796087951679593 -9999 -9999 -9999 -9999 -9999 -9999 -9999 -9999 -9999 -9999 -9999 -9999 -9999
0.6178043191514 0.601994388111618 0.58661711136276 0.576711964829435 0.569624450814409 0.597153073192459 0.612921934536821 0.60474638314521 0.591723213355036 0.576059764769033 0.594701271541172 0.608584262385202 0.607331652976925 0.612941790125968 0.623099030941766 0.627193146039754 0.628977958818637 0.625053765343884 0.623887924265625 0.624928748760377 0.626909112656212 0.628831528639915 0.629935871684241 0.633437450587756 0.639245584129276 0.642506786358692 0.645840970956067 0.652712704508346 0.654067266414588 0.649041388463972 0.628760187946248 0.600446401177988 0.538085831913442 0.557775036276105 0.691798474913525 0.725487837567673 0.722916339323529 0.716129208901571 0.718317291279789 0.735664570003225 0.753743784919918 0.772106827357609 0.784828043131939 0.797295901424265 0.80923986662554 -9999 -9999 -9999 -9999 -9999 -9999 -9999 -9999 -9999 -9999 -9999 -9999
0.626164483244084 0.603289740994578 0.579201298316109 0.55878831986727 0.540582346233962 0.57304668119675 0.591771838115324 0.582522230172499 0.578951774248529 0.5784744959266 0.590144587875714 0.602059842153088 0.613494968801676 0.617017077117751 0.615296194981774 0.61614698745981 0.616273764342742 0.61335377453181 0.614152495363537 0.617926162674755 0.623879994381587 0.628495381854529 0.626133019909316 0.626937816041968 0.630789964868681 0.635893600476652 0.640833976256738 0.643289076761434 0.638827392978069 0.626366660228277 0.590834062306332 0.551627251070944 0.537386505450448 0.573686560749833 0.680413913009991 0.701372113248902 0.692007483085645 0.690884114301853 0.700703350638865 0.729004722524929 0.742127746453761 0.748572594513435 0.77299859980199 0.793785084402739 0.807045761089643 0.807811493680853 0.80166988879701 -9999 -9999 -9999 -9999 -9999 -9999 -9999 -9999 -9999 -9999
0.605461229600529 0.58680367912937 0.577649063781964 0.56389350001272 0.548444939419833 0.562836044883092 0.568623898369373 0.556894404724344 0.565936537299487 0.586292036512621 0.586898536708023 0.589049610630579 0.596893523912745 0.603278311058392 0.608696313586508 0.602259303223277 0.59596220523003 0.593445675376721 0.594478266176561 0.598350132469162 0.607900487358773 0.615798654109377 0.61325966345013 0.61595145478013 0.623676161169967 0.623721912909278 0.623617523166935 0.63200814103887 0.633043095000515 0.625571449168303 0.61866491330772 0.610630633845046 0.590997804419994 0.604665368632007 0.664736168821738 0.666353518794348 0.648132331651658 0.650057876461716 0.663039667130511 0.69469553333881 0.722464801040713 0.748435929293703 0.768000842264417 0.784336264201685 0.793993738337026 0.798965208959741 0.801346207194337 -9999 -9999 -9999 -9999 -9999 -9999 -9999 -9999 -9999 -9999
0.588098078976085 0.571610150778787 0.566008102112545 0.558893094839564 0.551192793014295 0.550813361418507 0.5482458073236 0.541222949410386 0.557168692719357 0.585624395722098 0.580253521920798 0.577436590912465 0.584138828900369 0.591149332194121 0.598364085242815 0.590351765795699 0.582585035867474 0.579885700244574 0.582272713530727 0.588728775805759 0.596593301326913 0.60278514998146 0.601060291742647 0.605920443474467 0.617116511311857 0.616192252686877 0.614959998541817 0.626719703540661 0.630324181904145 0.624497390696138 0.632199692324123 0.640984902324606 0.625461669117036 0.627110806445253 0.652689197311846 0.638106279284379 0.611687738546134 0.630640556741714 0.653041935240011 0.681267955883415 0.710330589591722 0.739691058367487 0.759280946107993 0.774095593905495 0.779035991317786 0.778418101321633 0.77472753115825 0.776691943714973 -9999 -9999 -9999 -9999 -9999 -9999 -9999 -9999 -9999
0.575013879241855 0.558072465796322 0.541442638501246 0.540946590983899 0.547388238074461 0.536469294234557 0.53141612376513 0.53830643566716 0.553842112451748 0.574086529014283 0.569254150898936 0.567613516193061 0.57631214171126 0.581082625155616 0.583250408780255 0.580980961786955 0.578091398846503 0.574458202100028 0.579635159222539 0.591860187237053 0.591271748657017 0.589365828854105 0.589724350784688 0.597113315241289 0.61126677879941 0.614609417136201 0.617267176012316 0.629108156684742 0.63153228282235 0.623066105403185 0.627420009302479 0.63463726298486 0.635396071561922 0.638624284602162 0.645293548798681 0.618533710915477 0.584762311164666 0.638649848932922 0.678486597678793 0.694591466820498 0.70784131505436 0.719918357083907 0.745792679555358 0.762840497512233 0.761636852371261 0.766330904447413 0.774285266028943 0.776691943714973 0.778266956012474 -9999 -9999 -9999 -9999 -9999 -9999 -9999 -9999
0.557832047121823 0.548103945586715 0.531407501266538 0.537817997086433 0.554047472572777 0.535190322706277 0.523962983110991 0.528270935917288 0.540640203949111 0.557400106289682 0.55122328239414 0.548348787056207 0.55589933480199 0.559023675197833 0.559215308768118 0.556423771681722 0.55501849596974 0.558901427868004 0.566810316472646 0.577939946587215 0.575779384036083 0.574134159522125 0.582776871383406 0.591216891620193 0.599461887531456 0.607961067218234 0.616105821601364 0.621861988613502 0.619381490448227 0.607375541534412 0.594614497721156 0.585179811582127 0.607659240615063 0.623253280424602 0.629252708698495 0.610430401861032 0.586433358114193 0.628077734111859 0.664179949896789 0.690921418843507 0.707757949623796 0.720198379333608 0.739609019904253 0.752818168034909 0.753203858109986 0.755090970321969 0.757808084598203 0.762322803674214 0.761170530482579 0.745267022504081 -9999 -9999 -9999 -9999 -9999 -9999 -9999
0.539292721922247 0.538384653385838 0.525670345965847 0.538413477158988 0.561851410742396 0.53591029510354 0.51774024646485 0.515393107417424 0.52381199869528 0.538094660436489 0.529704527609353 0.524659327556192 0.530122975283721 0.532343279365365 0.532414615878182 0.528028737781444 0.527304605831863 0.539587200355135 0.549664035009457 0.557976274838503 0.55739521555966 0.559275645360775 0.576970249695034 0.585924657465715 0.586469487662488 0.599276228385516 0.612166090885159 0.610572535676605 0.603001839112321 0.588518761824201 0.556086499863077 0.526642256340169 0.569370360766657 0.599080296378693 0.610649750947814 0.605534662588211 0.595945031960195 0.612976795255252 0.639336788539429 0.681452226636643 0.707283592515699 0.725722741244834 0.735019011016184 0.742606663369401 0.746661233322452 0.743860798605608 0.737270844681203 0.743677701224842 0.746845220969265 0.740365929636236 0.730979065817043 0.719638225507975 0.712123553289808 0.705941342503277 0.702971574835685 -9999 -9999
0.520281514700877 0.517473883247057 0.515194361087949 0.52598321856168 0.541992863543357 0.509173612325288 0.489273651277512 0.49567905606218 0.501436177006606 0.506840207023418 0.492972948349248 0.483758866612301 0.488052855350048 0.496218095655815 0.50694834139386 0.512720223980621 0.516275990091508 0.514111419627457 0.51957635141389 0.531144839793291 0.543778547415716 0.556312879495756 0.567777631627155 0.576490568839206 0.582555785160204 0.585552638855834 0.587569634613131 0.587587249588739 0.587530267772201 0.587387017052622 0.558619337911047 0.527812785993608 0.55071374624808 0.573110624378258 0.594805077125099 0.594598685445898 0.588446296114623 0.615964246217396 0.642647225938081 0.667919934922423 0.692315232857173 0.71616399457001 0.720997032744722 0.725107380764025 0.727723348682933 0.729359746579239 0.730454627788898 0.729399845083057 0.727618265342615 0.724186398341586 0.721341955638359 0.718892279797507 0.712123553289807 0.705941342503277 0.702971574835685 0.701641585487887 -9999
0.509225213885702 0.507166228954165 0.51330996189672 0.520792369196717 0.528381773742518 0.493669944913036 0.472662575034159 0.479559277397608 0.480617561264367 0.478495922271984 0.463515355423105 0.453621418719265 0.457750701234454 0.470716260713783 0.48953654133843 0.498567747358683 0.503328708898539 0.497133106844729 0.502088178291497 0.515963722467159 0.531922727776201 0.546902796386745 0.556480873838241 0.565210638299641 0.573124179253335 0.570971524119676 0.567748222551647 0.570536981891513 0.575626904137944 0.583378050734123 0.557525393291819 0.526890027720044 0.537748662777377 0.555577008691322 0.58311746615268 0.586926524608742 0.584186380029349 0.616064896114219 0.6415131333522 0.656100585251189 0.678132291911212 0.703311121559931 0.703650758228723 0.705031501654845 0.708565047646349 0.713382216989999 0.718908986922193 0.715208730660768 0.712171845900515 0.711776837151577 0.71280815899746 0.714798018063768 0.709185389804814 0.703898994852799 0.701957253649745 0.70189672826199 0.703362017043783
0.510482836466494 0.513271835813304 0.524725043880169 0.526807878042294 0.524441534595696 0.495554601594065 0.474403437159559 0.469003310086325 0.462209447136729 0.454656479204275 0.445317644879735 0.440144747389836 0.445664956239318 0.461659006795356 0.484592792577094 0.48620477680216 0.487411399122003 0.493308584187339 0.504103617012045 0.518816899022816 0.522792641475114 0.527512486409169 0.541926979633608 0.551073407528266 0.55515104735472 0.555062989654931 0.555318415823851 0.562673919936782 0.569247004150811 0.574915243740088 0.550817312986103 0.522726931237255 0.533593874959517 0.551102120021916 0.577864846477067 0.584306639927705 0.584940046302581 0.611696876568233 0.633499060164916 0.646932811352439 0.665165152304252 0.685359053502457 0.68115858667629 0.680967139168227 0.689065549556013 0.695119150566421 0.700042359289074 0.701151889457364 0.702577567337905 0.705203060910274 0.705982254026466 0.705520677496577 0.701699049605779 0.698695162801158 0.699372797914786 0.700948670852352 0.703253085400212
0.507614829275305 0.517880315400018 0.534517270255732 0.530039973278319 0.51598364508263 0.481080458672165 0.455830343752668 0.450235145909078 0.454009633914868 0.462887366614803 0.463907455629999 0.464904845822069 0.46655633026089 0.473093096024106 0.482866740847004 0.491806629733222 0.498989036772619 0.500764239488003 0.510571190878248 0.526803493617514 0.529560412482004 0.532598328522761 0.545048585349535 0.551128995640397 0.551080514185175 0.550388252634617 0.549430842357798 0.547704679820818 0.55101652088681 0.560154658658738 0.53997604722382 0.515541026244941 0.526549698275325 0.544005526456533 0.570445299737986 0.58496591223158 0.595816679600146 0.61737047112947 0.63414883603333 0.642861472418067 0.653296021824778 0.664409644074296 0.663669629281822 0.665615190740342 0.673113991962184 0.679412647352101 0.685047849411062 0.690451825993725 0.694197867863414 0.693705132871384 0.691144302721859 0.687193650191019 0.690121763518235 0.693399679057923 0.695761151277521 0.697429156111995 0.698534704287464
0.503324503412307 0.521707360272357 0.542870814710148 0.531564871979327 0.505678093115524 0.460789905440764 0.430355562363694 0.429351138795807 0.450450195502967 0.483588019597745 0.496056410604443 0.50338146742409 0.499575809671084 0.492299030957529 0.482722364478102 0.503844150422006 0.519995282088642 0.511563889669146 0.51792075043276 0.536108126117386 0.541836653510574 0.546512504217194 0.554353478100094 0.556269542911867 0.552484822610908 0.550215012100542 0.546265884160517 0.530620131903945 0.528955786170475 0.543460508422951 0.528117315964328 0.507870103536459 0.518561491070472 0.535804902534299 0.56217838963208 0.586486738471846 0.609670369077834 0.62612009441604 0.637522235243613 0.640398971006219 0.641800207187757 0.64257892193427 0.648438219968707 0.65397114412948 0.658829191763372 0.66497520727639 0.671833225078494 0.681126713492862 0.686260943085706 0.680455304214634 0.67351316295686 0.665807257784388 0.677162220002433 0.688032603948891 0.691607743903695 0.692761316050913 0.691950806010811
0.507845956485655 0.519696667347828 0.52474710734953 0.51357295364327 0.495138303919559 0.469422091958362 0.4517284019543 0.450369616747605 0.46326732275443 0.483929895621473 0.479486393554247 0.478387421586581 0.48801660269515 0.491831195766571 0.491793171760622 0.485762105063694 0.480562058171489 0.479713720472106 0.493525057667996 0.519064047916497 0.521099070422066 0.521436012619924 0.528958343788112 0.53763381154607 0.547418795724447 0.547457351686259 0.545038248341118 0.54010774583334 0.540899806888613 0.548309837255627 0.538963556428366 0.52562903371281 0.518518743858878 0.52638579349046 0.555123377748131 0.571844220137603 0.584436134414434 0.600281522545443 0.613424999606276 0.622004930227371 0.627781248643692 0.632327768649432 0.640662469287625 0.647704705569657 0.652074381557544 0.658280868474908 0.665502763934366 0.672046177093492 0.676548802663264 0.675873800256834 0.67193817571788 0.665811314668182 0.673897527993645 0.681499174098676 0.683257880815584 0.684669108978963 0.68579850467194
0.509393037786476 0.511837631583147 0.503401568357408 0.494543315946357 0.485438348547343 0.471105646249421 0.459992919800212 0.455436485651551 0.463805065166556 0.479213315857432 0.466604414771411 0.460268467408394 0.472327254251063 0.480897505939553 0.487156331603682 0.4661831169617 0.449913361279363 0.456394316852797 0.474588029455532 0.502151878279599 0.500457554293519 0.496989000669058 0.50389756646303 0.518072026663006 0.539237531309942 0.540790930992866 0.53895383846928 0.541180688840431 0.543911730278365 0.547225853226966 0.542771111347158 0.535161667069398 0.518658220783221 0.52014642046854 0.546705512790807 0.557436588787462 0.563102428099047 0.579610515381658 0.594499299330058 0.606653068774369 0.614849202080279 0.621302145285298 0.632205148937954 0.641191338858567 0.646213937638649 0.652519546081564 0.65953441585907 0.663865858365181 0.667559058814737 0.669883803283146 0.668384022731309 0.664314045904038 0.669881503882465 0.674955933555161 0.675530485092115 0.677967469313818 0.681915033107043
