layers/veg_sum/veg4600.asc
NCOLS 255 
NROWS 330 
XLLCORNER -2985163.8955 
YLLCORNER -3022031.214 
CELLSIZE 25000 
NODATA_value -9999 
[rows 75 to 99 of 330, columns 171 to 227 of 255]
0.784714936567307 0.789034164042126 0.784610891562869 0.777536632225359 0.769313087990087 0.763128401560101 0.757016165227526 0.751051446776499 0.743243439944673 0.734431477185156 0.724221141062061 0.716196478432261 0.713823770787785 0.710906986962011 0.707629710325041 0.702917375103493 0.699498672059585 0.700635793065511 0.70114117809967 -9999 -9999 -9999 -9999 -9999 -9999 -9999 -9999 -9999 -9999 -9999 -9999 -9999 -9999 -9999 -9999 -9999 -9999 -9999 -9999 -9999 -9999 -9999 -9999 -9999 -9999 -9999 -9999 -9999 -9999 -9999 -9999 -9999 -9999 -9999 -9999 -9999 -9999
0.766632909609946 0.771058281977663 0.770592337624713 0.765604118626628 0.75862013346588 0.75204340612567 0.745397018357014 0.738608792837972 0.726880581364499 0.712461782659356 0.707948497923129 0.704145042065256 0.701239116786475 0.698825700270414 0.696738609137661 0.695085269593654 0.694099492706885 0.69513469560833 0.695703746928869 0.695899879746792 -9999 -9999 0.685368849535555 0.685368849535555 -9999 -9999 -9999 -9999 -9999 -9999 -9999 -9999 -9999 -9999 -9999 -9999 -9999 -9999 -9999 -9999 -9999 -9999 -9999 -9999 -9999 -9999 -9999 -9999 -9999 -9999 -9999 -9999 -9999 -9999 -9999 -9999 -9999
0.75099365917917 0.754578589052005 0.757446451278559 0.754164903481819 0.748147359255002 0.740752865878539 0.733328803782921 0.725844535904759 0.710135713366496 0.689947347372287 0.692113602831667 0.693358692581405 0.690250977681569 0.688265539138327 0.687023696019097 0.688525701024527 0.689797391971177 0.689558710822479 0.685866141431075 0.679410481910981 0.67487585777776 0.672792857586381 0.679880160639447 0.680255240963137 0.674172004551564 0.68462544402655 -9999 -9999 -9999 -9999 -9999 -9999 -9999 -9999 -9999 -9999 -9999 -9999 -9999 -9999 -9999 -9999 -9999 -9999 -9999 -9999 -9999 -9999 -9999 -9999 -9999 -9999 -9999 -9999 -9999 -9999 -9999
0.744929519971449 0.747326957188274 0.747977001461154 0.742617401622876 0.734594591447172 0.726150453534516 0.718117374244237 0.71092126411385 0.69372631261776 0.671085443834007 0.679788937374119 0.68631617005132 0.684503760004453 0.682488086700119 0.680337735669361 0.68359177926652 0.686024394457591 0.684301508405337 0.681903635737271 0.678965777776085 0.67487585777776 0.671711962510712 0.673158201254333 0.673642031872208 0.673199859770079 0.68462544402655 0.696497434450468 -9999 -9999 -9999 -9999 -9999 -9999 -9999 -9999 -9999 -9999 -9999 -9999 -9999 -9999 -9999 -9999 -9999 -9999 -9999 -9999 -9999 -9999 -9999 -9999 -9999 -9999 -9999 -9999 -9999 -9999
0.738476702128634 0.736955422842418 0.731165075208043 0.718064217037819 0.702010446956619 0.710448622879765 0.712338871860513 0.700896684508191 0.681167986819615 0.656926001216562 0.669501915633643 0.679202944332156 0.678302615169566 0.6775516748824 0.676899716350939 0.681302304116538 0.68430357964541 0.681386244329554 0.678578822301955 0.675859330253688 0.668590943985535 0.662157902146436 0.662026222312752 0.664041914579028 0.668123749422684 0.679043479218702 0.689799019001745 0.691243267896841 0.69605179675355 0.704751012239907 -9999 -9999 -9999 -9999 -9999 -9999 -9999 -9999 -9999 -9999 -9999 -9999 -9999 -9999 -9999 -9999 -9999 -9999 -9999 -9999 -9999 -9999 -9999 -9999 -9999 -9999 -9999
0.731679517649449 0.723819676042967 0.707847764597536 0.681988085705224 0.652564631712939 0.693772715053168 0.714917879003125 0.695212312977104 0.672021687326504 0.646932907103402 0.661020232416085 0.672027076066667 0.671699293949448 0.673360419354167 0.676339350772894 0.681355790738166 0.684400984797724 0.680545921751407 0.675818999885613 0.670394596130298 0.656737639170263 0.645096674764497 0.646986995933652 0.651795416862836 0.659411553399084 0.668515931423633 0.677897675114356 0.687088787345568 0.69605179675355 0.704751012239907 0.706649631636823 -9999 -9999 -9999 -9999 -9999 -9999 -9999 -9999 -9999 -9999 -9999 -9999 -9999 -9999 -9999 -9999 -9999 -9999 -9999 -9999 -9999 -9999 -9999 -9999 -9999 -9999
0.723523801325529 0.711807250171429 0.685318504637244 0.665973294790111 0.650137264998316 0.664749572256846 0.670048078324948 0.65638246605718 0.651872260012873 0.652348590228554 0.665930705635152 0.675721216331603 0.674739953912769 0.67577264769644 0.678139744194332 0.677727779233191 0.676326196613809 0.672528910159638 0.666257098741249 0.658005682013894 0.649786787680228 0.643071334007692 0.642678864488795 0.646161660838739 0.653373131790735 0.663639881006926 0.674063806334105 0.681679115236976 0.690367582213102 0.700297123598836 0.690091169876118 0.676695705135357 0.685242991107877 0.699732205385071 0.722501342845441 0.732912472659746 0.739594353581181 0.758703456795037 0.770706180617889 -9999 -9999 -9999 -9999 -9999 -9999 -9999 -9999 -9999 -9999 -9999 -9999 -9999 -9999 -9999 -9999 -9999 -9999
0.712209211731023 0.696948979129486 0.663920395302 0.654997163308984 0.656550700503518 0.641862618461321 0.629832248913351 0.623213329879808 0.635248368994326 0.657443376593825 0.670135994413833 0.678324093990332 0.675985264169182 0.675968936508893 0.677491447271894 0.672628504161112 0.667639062559755 0.664037977667426 0.656619679104513 0.646147632223434 0.643970462006062 0.642702262996249 0.6402048075593 0.64200874816013 0.647951374131782 0.658768141359929 0.669746821302068 0.675723971468046 0.683785549840584 0.694257705527216 0.686815896078435 0.675865727665258 0.678385599861384 0.691318148484343 0.718760491996217 0.73127588336652 0.738993178989746 0.756562792703728 0.759463661341756 0.737588918337463 0.751143077311807 -9999 -9999 -9999 -9999 -9999 -9999 -9999 -9999 -9999 -9999 -9999 -9999 -9999 -9999 -9999 -9999
0.686274653797128 0.666814091745673 0.647486993703253 0.651290220887444 0.66511729106242 0.660817610831109 0.655511868474193 0.64815765194297 0.646171018847412 0.64710786601883 0.658793037257832 0.665705245665692 0.659578285700683 0.659131363370124 0.662447908004168 0.663454557550945 0.663211909073077 0.659608141433317 0.652704922140063 0.643162161074398 0.639445240820406 0.637150851191551 0.637301221204018 0.639349280511588 0.643223244445244 0.648848750162115 0.655771155788429 0.668159719913078 0.677800485255304 0.684263505550829 0.680359538907354 0.670874256248844 0.637145357046184 0.640716142973228 0.696263073982288 0.721433461166103 0.735377724477387 0.743688872616915 0.744906564766858 0.734143360808112 0.751143077311807 0.780387108832786 -9999 -9999 -9999 -9999 -9999 -9999 -9999 -9999 -9999 -9999 -9999 -9999 -9999 -9999 -9999
0.661058144669108 0.642989582952715 0.63169580326291 0.639436852542846 0.655491197585763 0.662233902124864 0.664172046044952 0.656327475660978 0.643788189771713 0.628691904386625 0.642464049120038 0.650311434703648 0.640567235234916 0.641491930918743 0.649485599915695 0.654377921037328 0.656657121952808 0.651419756016707 0.644953367433797 0.637503768015824 0.633827801098025 0.631704062415804 0.633825154536666 0.63725179915122 0.641934610591387 0.644654974955202 0.648674214508927 0.662705680853456 0.671926526165775 0.675584035743889 0.673579566100981 0.664541145615459 0.606301067524612 0.605936668719452 0.686220529887872 0.717191241055127 0.729957825007786 0.733936498511839 0.736038720829925 0.734971604148083 0.752661634515256 0.778717701149347 0.79670579132547 -9999 -9999 -9999 -9999 -9999 -9999 -9999 -9999 -9999 -9999 -9999 -9999 -9999 -9999
0.636606220119339 0.625884419856065 0.616588444817941 0.618909099424294 0.626493376815941 0.644974832836464 0.654709774598881 0.646635668473572 0.627237571665569 0.601671808588176 0.620825892073151 0.63196281952715 0.618783346386188 0.622998671736735 0.63873940478558 0.645404901156063 0.647836812139511 0.639229234926269 0.633116357311045 0.628999224592284 0.627047357632126 0.626368677146075 0.629739505882158 0.635752725650612 0.644308381645265 0.646557885171084 0.648901798281809 0.6594986143082 0.666170873168972 0.66830450199129 0.66645500456749 0.656779445941215 0.58652647897531 0.588005162583279 0.689440043253917 0.718912164560079 0.722616536942699 0.727507973563548 0.733228842303107 0.740350627613951 0.755797164561567 0.774993484657871 0.79520627106242 0.808830370568251 -9999 -9999 -9999 -9999 -9999 -9999 -9999 -9999 -9999 -9999 -9999 -9999 -9999
0.644186403133664 0.626726596184338 0.609925252708332 0.602155882465259 0.598708655286138 0.623757512885445 0.637997891824446 0.630230793455961 0.615836698402366 0.597833177567049 0.613307939574283 0.624535433954275 0.621994605101579 0.625396130582546 0.632734928255348 0.635746621204359 0.636131202642575 0.629298762763084 0.625205083264524 0.623302395842614 0.624407594464367 0.626018554572993 0.627926920622598 0.631864780300459 0.637755363121147 0.64132508706419 0.644904937049519 0.651377747868581 0.651895516249965 0.645526460628705 0.629422586061422 0.609399315975241 0.578534719787308 0.598327721332424 0.688710773172159 0.712531900262373 0.71242552102971 0.711772129362873 0.718348414408036 0.737135673301924 0.749847352461823 0.759976882443597 0.788673630008902 0.810606207151513 0.818551819618186 -9999 -9999 -9999 -9999 -9999 -9999 -9999 -9999 -9999 -9999 -9999 -9999
0.655461863763621 0.62957846123977 0.6060437842684 0.588951113096326 0.575186659767519 0.60314937170019 0.619406494511863 0.61182950569253 0.605702198290052 0.600364466879521 0.609452996550377 0.61899492801867 0.62837681307912 0.630469721801203 0.627733116456542 0.625644756946226 0.623054889657841 0.618673018679707 0.616751389471379 0.616797939101117 0.621315996278076 0.625462399185094 0.625310939628661 0.626677942057803 0.629505966990026 0.633888437589398 0.638431998995347 0.642022296195472 0.637206605592923 0.622669647817011 0.59369412570071 0.565192995913841 0.577341966396687 0.613908990897485 0.68450194118946 0.698745740978954 0.692830526941136 0.688160348671159 0.696565902957834 0.72705645975052 0.739716416617086 0.744614447875206 0.781030974017165 0.808291366923497 0.816618689825386 0.815463315849546 0.809065806574303 -9999 -9999 -9999 -9999 -9999 -9999 -9999 -9999 -9999 -9999
0.636069385322143 0.61480336388512 0.607288262496422 0.594883515688369 0.580633936983814 0.594120211452772 0.600131992238042 0.590924725523794 0.595550595895257 0.607710751254587 0.606944946960791 0.6075805480757 0.612929264585557 0.617487352549749 0.621521587574159 0.613534846468856 0.605156028114546 0.598896733663173 0.597265155770292 0.599335723703396 0.607466872316154 0.614424441871765 0.612730778702061 0.616299545919602 0.624931679418087 0.623193233241674 0.621469213486339 0.632491441364772 0.634835160191049 0.627142449374205 0.621345003111997 0.615515575210891 0.604623533006764 0.61705085666984 0.661973112644532 0.645421052763813 0.60963898545261 0.623746471462429 0.64607378792079 0.682284454720592 0.715386681108457 0.747056666463454 0.774338156815601 0.795037747809534 0.802127274587014 0.806248429899518 0.80872863801747 -9999 -9999 -9999 -9999 -9999 -9999 -9999 -9999 -9999 -9999
0.621899898096288 0.602968178154891 0.598563937223347 0.591032536455328 0.582229482453519 0.583161246294365 0.582153960725577 0.577198516750615 0.587916599628158 0.60717134467713 0.601114729034298 0.597218864886113 0.601077173306173 0.606132154197263 0.611980023727834 0.602967706467279 0.593531300597543 0.586909526561303 0.586852589119089 0.592047482053185 0.598081321358592 0.602654130880201 0.600550842995649 0.606002499134694 0.6187233153402 0.61559497419639 0.612032010871506 0.625271110725174 0.630753866631033 0.627266648564151 0.633442224089062 0.63965475597407 0.621860718569941 0.621410431716716 0.6451282120138 0.607276965259538 0.552740848579731 0.593403590789912 0.631418485763305 0.664961148484577 0.700795161393926 0.737570279309132 0.763253082720252 0.782037215623881 0.78655626431623 0.792831063100221 0.800076459136344 0.798729306662758 -9999 -9999 -9999 -9999 -9999 -9999 -9999 -9999 -9999
0.614421498775144 0.594899264719402 0.577068742198263 0.574648228121299 0.578890637908416 0.56973003989233 0.565836816523083 0.572668657397711 0.583507867048937 0.596529709477336 0.591028536043171 0.588205774145391 0.5938311629648 0.59686149764688 0.598172407010725 0.594376984277672 0.589944262703736 0.584900778712392 0.588064147675531 0.597792950373834 0.594413980160203 0.589945613669996 0.588883629217997 0.595809667664615 0.610421562801003 0.611964160700835 0.612235708384643 0.621010754519837 0.624482114795765 0.621819924981942 0.625613912331219 0.630250816712444 0.626230213233663 0.627329994031772 0.635564897690191 0.588580494955704 0.529526758708718 0.606708501854611 0.662673133537287 0.682801917568194 0.698679109322998 0.712802352073831 0.746541160758784 0.76936090892798 0.769602202654942 0.781428553400349 0.799659246404615 0.798729306662758 0.797515198509178 -9999 -9999 -9999 -9999 -9999 -9999 -9999 -9999
0.595083638117761 0.582208240478251 0.564060487486217 0.569730198074863 0.585559167895113 0.568566513815589 0.55884997377822 0.563948554323683 0.57222745273442 0.582238526645226 0.575116060332423 0.570932049070354 0.575727762103216 0.575857720446724 0.572896253210265 0.565912958094444 0.561713829258393 0.56758205153917 0.575671269655441 0.585537271279944 0.580305391037215 0.575665544306889 0.58274081415432 0.589653993402539 0.596411213518927 0.602264785243993 0.607882616612132 0.613221416607925 0.612288023660183 0.604101031873338 0.587507866526768 0.572455688889762 0.592481735412444 0.605820819447345 0.60984179446298 0.575909784456185 0.534033545708503 0.591963372186031 0.642841713938672 0.681810049338286 0.704780508123809 0.720634031791364 0.745669861635937 0.76377338834302 0.767542285221492 0.771559584230608 0.775714202569265 0.778650277398203 0.774865201781219 0.753924960298176 -9999 -9999 -9999 -9999 -9999 -9999 -9999
0.572553480567041 0.567720844316743 0.553767156500569 0.567712501089309 0.593428724503664 0.569419984350687 0.553343663443219 0.553418786418422 0.557873294200611 0.564713055089375 0.555245553465053 0.549007123533702 0.552408274912251 0.55025052352626 0.544409566453937 0.53294944313936 0.527965591689723 0.545349599877815 0.557836142758493 0.566404742412403 0.562730812920598 0.561444311340926 0.577704264912464 0.584240706365339 0.581421450968842 0.590646784379709 0.601011986703302 0.603355568449336 0.598050939717654 0.583901390056115 0.543145458231256 0.504160243320734 0.548171239254079 0.575621608135953 0.579995172179306 0.565072711383606 0.545736316606607 0.57055651309903 0.61001200890748 0.674186626238972 0.711574390544386 0.736810801725552 0.748087297945905 0.758630309558814 0.767656620282547 0.761142779890653 0.746038179320334 0.753337391215249 0.756865447419451 0.748424747914544 0.745168187882475 0.745395526084536 0.738967046022502 0.731349660060054 0.721837107508414 -9999 -9999
0.557815736047756 0.54940481659128 0.543249007178028 0.5558465800669 0.576163454815185 0.546233931049242 0.528888520392732 0.537166011200393 0.53281553545098 0.52158717666833 0.509491417584535 0.502326908429806 0.507707038349281 0.514385190842844 0.521923384306428 0.523611525563594 0.52428050042713 0.523321918348817 0.52680593431585 0.533844002395241 0.54386757019583 0.554246757249137 0.564303584868413 0.571893724950659 0.577110485894078 0.57947143486048 0.581084821066953 0.581801431844801 0.582124783960895 0.581993344491646 0.542222265802416 0.499060639767896 0.525157704155635 0.547196593460928 0.563580520904747 0.552907688922348 0.535919435883808 0.578629675342054 0.620110243442453 0.659513888135162 0.694077122476142 0.726221550096466 0.727971641930564 0.730631069066577 0.735170821497736 0.737774689838279 0.739308380943608 0.743343269672354 0.745039604720405 0.740470097706751 0.741044721117272 0.745076355473353 0.738967046022502 0.731349660060054 0.721837107508414 0.717576978441042 -9999
0.549193085606409 0.541276798757925 0.542291326381145 0.551287066037705 0.56329798590184 0.530378341449913 0.511322067592336 0.520493430884186 0.510880180137978 0.491035798544668 0.478258115623311 0.470910450437941 0.476649900096852 0.489202278212504 0.506268751626334 0.512531721889098 0.515027622759596 0.508467219047831 0.50967642594057 0.517101275279303 0.530476456158393 0.543495823563455 0.551381323207662 0.559451384590645 0.567699026220034 0.566507068054377 0.564041332130331 0.56563152845105 0.56985413646907 0.577121047907518 0.540041393781812 0.496884670911726 0.510603958630049 0.528197260107808 0.55118889941362 0.545937866975083 0.534061213604089 0.583913059802713 0.623799960562928 0.646855999723151 0.677222034823101 0.710558406118139 0.704504895474863 0.702608383042434 0.709307719546327 0.718811469854889 0.729865529826319 0.732568900441133 0.733779869408847 0.732001677893388 0.733685685048652 0.737696394233892 0.732100671423453 0.725309607572211 0.717486251469977 0.720638684676391 0.73269334734149
0.55003639192053 0.548919472239186 0.556132924298946 0.55803762046439 0.557243258301596 0.525870059270123 0.504419071997688 0.503171006615548 0.493778198690947 0.47994931736611 0.469502568571749 0.463121767081589 0.466713359978954 0.480555386938077 0.501189124172196 0.498755538032483 0.49715600191965 0.504716051223668 0.514064726454473 0.524844291828485 0.525556010413947 0.527244379641486 0.539199636862618 0.546861431840487 0.550392175127157 0.550773363596798 0.5514616762253 0.557796234154898 0.563242090907833 0.567660191996776 0.535913676712524 0.49923438870154 0.509145678396809 0.523788559481977 0.545024790610048 0.547010037967695 0.544522722745275 0.584877963548494 0.617569511625584 0.637317029811537 0.661361020517425 0.68704105009537 0.675850775482824 0.674549404135744 0.693696326077337 0.706666838278327 0.716222965738114 0.720586734439805 0.723396448996228 0.72273796027976 0.721318098217752 0.719386570281795 0.714605383484225 0.709919760147122 0.706400418899009 0.714486859685115 0.731986503641465
0.546079161534188 0.553193242491619 0.566197942475964 0.560294676306339 0.54579467442068 0.511000649172083 0.486510551494943 0.48300059906614 0.484900648839645 0.489747282466445 0.488231192889745 0.486932927022302 0.4867614327489 0.49097999952616 0.49810732339273 0.502223596465879 0.506002035532308 0.509542184039952 0.518773681829416 0.532558225321137 0.531963160894127 0.532183754886271 0.544624399742015 0.549912838899001 0.548319621767053 0.546702007061948 0.544901234866386 0.542056266758839 0.54424488235867 0.552254683190692 0.526839249128445 0.496474340495142 0.505648976435318 0.51958375692691 0.540151675552389 0.554558515142335 0.567772556621272 0.598889537763599 0.623489312020244 0.637081478880604 0.649178807792385 0.660480702053676 0.656342068066958 0.658976269225251 0.675615351989034 0.686457999702844 0.694096316710109 0.703973076959157 0.70914652884222 0.702001457927136 0.692401367357365 0.681151429462972 0.6899120042985 0.698441353171231 0.700219719251924 0.709326664931025 0.724377665780705
0.540502413634429 0.555910402273445 0.573936422640579 0.560216282785303 0.53231836420947 0.49266722919688 0.465257540574662 0.462773039123905 0.479814067233916 0.507489769412313 0.516792064733482 0.521813546028025 0.517676850727056 0.508504785505608 0.495996395849382 0.511934637012303 0.524216541652051 0.516767670425673 0.52285092319391 0.539759794975358 0.542277837949061 0.54479773630634 0.556111196662928 0.558438596969226 0.55211985659356 0.547220876749476 0.540819604174303 0.523875899447612 0.521216239005468 0.535075637841769 0.516443498652561 0.49242790226712 0.501684313019114 0.515472529898839 0.535575701233525 0.56368532712483 0.594203935130654 0.61654637316189 0.633059522900392 0.639726964492486 0.638226315610734 0.633156471443606 0.640837612490933 0.648666255820716 0.656799904655297 0.663344443083606 0.669010504443335 0.685623581732283 0.693365947770171 0.677192315395263 0.657647911608596 0.63583824767015 0.662849507809952 0.688659138841084 0.695912643456133 0.704555676278988 0.714325725901942
0.546387202189509 0.552364362336895 0.554847241944406 0.542955623722414 0.524634636186273 0.500142272845776 0.482826030615332 0.480121310269577 0.489706016462704 0.50598421823154 0.49881002758938 0.495173354514995 0.502602968955965 0.503183762732237 0.499226679829357 0.494963413168026 0.490730241943679 0.486679719433006 0.500963659108329 0.529915059894467 0.528477213218566 0.524719363939431 0.52972661366862 0.5363480098996 0.544522493652552 0.54223012950759 0.537629973909069 0.532276776889469 0.532759043331989 0.539989844358109 0.529693584482712 0.515479800309148 0.510069771877852 0.511718709878684 0.523204134759487 0.536692868555064 0.551523824742803 0.577299666974964 0.598341466461961 0.611387435089191 0.618103375320467 0.622044709813565 0.634794896421637 0.644335946687464 0.647241138621181 0.653212454493497 0.660878756163433 0.672428140784339 0.679111241245379 0.672889920267508 0.653766795061697 0.6259732679112 0.654990527692693 0.682365013089554 0.687346778551289 0.69927897964972 0.716848531387426
0.547897963516503 0.543652118881995 0.534867508368305 0.525188768812139 0.515057722407644 0.499975475354307 0.487995423419353 0.482331846801315 0.487974908975245 0.499776186627395 0.484921929159202 0.476322542635209 0.485948888788618 0.490614834759952 0.491994129582494 0.475720929113191 0.462614701378986 0.464635068711936 0.483614073333374 0.516159887299851 0.511403958959886 0.503210269324576 0.503286128364501 0.513880972430481 0.534596895574252 0.533766448534298 0.529548911699118 0.531776852940822 0.534775805346656 0.538666408525262 0.534923635753404 0.528043338971872 0.512082743752503 0.504249747159318 0.50774234872853 0.510087834400198 0.513604820902678 0.544937059179042 0.571249029445516 0.589081732405256 0.599698740791703 0.607145331035378 0.623683151645399 0.635958090205325 0.639418233021444 0.644961945448568 0.651657477231245 0.658171238075537 0.662860063929415 0.662875766758966 0.646971632734778 0.620368887727423 0.647226016845031 0.672250418591164 0.675264582070174 0.690098992311655 0.714520553506816
