layers/veg_sum/veg4900.asc
NCOLS 255 
NROWS 330 
XLLCORNER -2985163.8955 
YLLCORNER -3022031.214 
CELLSIZE 25000 
NODATA_value -9999 
[rows 175 to 199 of 330, columns 114 to 170 of 255]
0.325537223049616 0.335166994591628 0.343115297098019 0.349315763393543 0.355305282661955 0.361401964085493 0.365116112396675 0.366599412991963 0.372284495529503 0.378634085178472 0.384044439713243 0.391884670262705 0.40245924365577 0.408852441929943 0.414452404739393 0.42280206906006 0.430617253848628 0.437708144263545 0.432895908024831 0.425018448700863 0.433555748922218 0.441779757550055 0.449489743402465 0.458155123073594 0.467286967180888 0.479799101202046 0.490905449718687 0.499193047745883 0.488696385158345 0.468120383261113 0.475837972060784 0.483616070938428 0.489280847183298 0.474423185484391 0.446159616223383 0.426230216131311 0.408035921250431 0.393114731761815 0.381825534356292 0.373402139464509 0.346488670388618 0.318413595614306 0.296249674404999 0.281202528574006 0.272910397285976 0.31985177860442 0.373987872154192 0.40510827269533 0.437940229917156 0.472724682945743 0.518705873778646 0.565564928927808 0.593422305836381 0.61323937171364 0.622007827217787 0.636893411429653 0.65296099867696
0.324377593056473 0.332898588730674 0.33988341349445 0.345657317062856 0.351267814267795 0.356882824892654 0.361899338802179 0.366355459647931 0.370495902192899 0.375336936630127 0.384419622011772 0.392872555993641 0.400616829853422 0.405671898097707 0.410458527174032 0.419039941894991 0.427498942460703 0.435792054758339 0.432341804185932 0.42509855293537 0.422142319772498 0.424873313627505 0.436935436298867 0.446328055029717 0.454789119973712 0.478658851507594 0.494141881961614 0.492808678575023 0.477864543045378 0.455616995036272 0.457289226599467 0.46260079950151 0.475046541567758 0.471745382556603 0.458157848173696 0.415334902661311 0.378201917788123 0.366690075871359 0.363663081232254 0.367331006653738 0.331636132022449 0.2939543036725 0.27086241904961 0.259956554454966 0.260617268561467 0.333096134802059 0.413340616780166 0.454587570981333 0.492099193359754 0.52534965406993 0.565814509376689 0.605608106349593 0.622407031747576 0.63016793640513 0.625509225787087 0.636893411429653 -9999
0.32160409919971 0.329099370208507 0.336598982172637 0.343252482143133 0.349881493227558 0.35687600096264 0.362723986728231 0.367498444531673 0.371897613656141 0.377008255455411 0.386486737841203 0.392580269948843 0.394864712821862 0.400224023400958 0.405607517629572 0.404281703282125 0.408478372333903 0.420158777271558 0.422221400013535 0.420856825587331 0.418036352437942 0.421810265701974 0.436403699427383 0.447094504224504 0.456246036400335 0.476065357603815 0.490770580569835 0.495221488874336 0.487016002287723 0.472019292923623 0.467292534978031 0.465769171646778 0.471388262459138 0.458326751385394 0.433062478496724 0.405799901370969 0.380669193867728 0.362781039178253 0.361416972347579 0.373091142230971 0.34025620054839 0.306392386612239 0.294053185026046 0.293590969073692 0.304402006303897 0.341302861170121 0.386785539283473 0.450979044318697 0.498582153521814 0.527259404960349 0.573657362737452 0.620418134212694 0.628182573008661 -9999 -9999 -9999 -9999
0.320223654885077 0.327584374589921 0.335441538176589 0.342539908221125 0.349534314322156 0.356525208160682 0.362263029688078 0.366827556502954 0.372419918400473 0.378529297783718 0.386378914404401 0.390066777081573 0.389071412283978 0.394325197848493 0.399452376338244 0.389470655825202 0.390199762412753 0.405443534839111 0.412523986102848 0.416352639941989 0.413635713977281 0.418266223298657 0.434951793005125 0.446973079882774 0.457064258086701 0.473860783037591 0.488289655645561 0.497971131741759 0.496912670095925 0.49009132648805 0.482525745120933 0.476960810749677 0.476429349756793 0.456485458441753 0.423860751759286 0.404214543698244 0.384670284515411 0.362031402910855 0.360163886632315 0.374685896983574 0.34694504100437 0.31902863421801 0.314858630810735 0.321148782849857 0.337367378377215 0.349497254390892 0.371986682128483 0.458343316345962 0.512363548688477 0.529495321665873 0.578508228936929 0.630288173172588 -9999 -9999 -9999 -9999 -9999
0.32228728521922 0.331650256712061 0.339399002056032 0.345819635748924 0.351526523951495 0.355078878178543 0.358471566239176 0.361714753375433 0.370638646831311 0.379393121647937 0.380943253147242 0.382291352911778 0.383412106085455 0.38747770979165 0.390214097124051 0.375187926738041 0.374651881138302 0.393751977291214 0.40441317664547 0.411475217977914 0.408091458830686 0.412741312717932 0.430572050338101 0.44396741467674 0.455515975294797 0.472677491683813 0.488342307473532 0.501006078272203 0.507409533442764 0.510453801541995 0.508626596036165 0.505993673229751 0.501747373751929 0.483107939149571 0.455066452045608 0.421653461867055 0.39043282243501 0.367533080769433 0.3603489087325 0.365565016739198 0.347593892013115 0.329942498207895 0.327036794883797 0.330832536981613 0.340989075771403 0.357962188467718 0.389368782182045 0.4952418379141 0.546526137530325 0.535537116832266 0.578508228936929 -9999 -9999 -9999 -9999 -9999 -9999
0.322794055854417 0.332808475675619 0.340300246027489 0.345444771452323 0.349709930930253 0.35171085228196 0.355038983924612 0.359609828220744 0.367339002784849 0.374653057633224 0.376178085330175 0.376661825358947 0.375973802933011 0.37943712591586 0.382212601652534 0.369890002879138 0.369219361569007 0.38433874911089 0.396978619994987 0.407696595859007 0.401959501308398 0.403347333230265 0.416425151592397 0.433635096567324 0.452620765291365 0.470066123727805 0.484894948852961 0.494477344470816 0.499321890112514 0.501624179847122 0.503012405431296 0.504934775879046 0.508258249511581 0.49519765127907 0.471434457501365 0.431871443618355 0.394836899206886 0.369926856277327 0.360004624259582 0.361908438445641 0.354786486652132 0.347717905873568 0.346095736077209 0.346422882917158 0.348600258481092 0.362232029919806 0.39433898260718 0.51859870138449 0.586352886024309 0.589647143799202 -9999 -9999 -9999 -9999 -9999 -9999 -9999
0.32231321656516 0.332122188679948 0.33926274554144 0.34275157933334 0.345477184866732 0.347123778864155 0.351834061539978 0.359412981320977 0.363076163577887 0.366358109842846 0.371838251906544 0.372393569343434 0.36740697480914 0.370639689465354 0.374995672638418 0.370291682406936 0.370203625487803 0.37637080254208 0.389973051251367 0.404615008696308 0.395454728753866 0.391498970182225 0.39608235717058 0.418655041012251 0.448871118190918 0.466548840726145 0.479227322691892 0.481881791921129 0.479444974282092 0.474276252049054 0.477279452820455 0.484786861917955 0.502838617814041 0.498068352544915 0.478390018996607 0.437508750261536 0.398379222210977 0.370349102039894 0.359324568730973 0.361718196162005 0.366130172206232 0.369846004174038 0.369519568838324 0.365760135969048 0.358742212135477 0.363840671320914 0.391435567148567 0.533365275094037 0.60381939409353 0.592736168009719 -9999 -9999 -9999 -9999 -9999 -9999 -9999
0.314931185601687 0.323842429532015 0.331954083523329 0.341579072251426 0.34964093299076 0.350557075996766 0.352730727884158 0.356081828597424 0.358722410151871 0.361098153618503 0.362785348683567 0.361556321657815 0.357045665875628 0.360582158364135 0.365677116986562 0.365747355340201 0.369263826072698 0.377450422735921 0.388965171786338 0.400526723612312 0.394951286800026 0.392834181538178 0.39639121889194 0.412989671168809 0.435192473033539 0.452532795838663 0.463719831092729 0.462568865819319 0.45879808911902 0.453621562741338 0.44970804878467 0.454170716117654 0.479356851446221 0.475573825994939 0.452867225643337 0.412969632627165 0.37718810152016 0.358899046545383 0.357381088308711 0.36909626772505 0.370910979863599 0.371253128384615 0.371249275385957 0.370323657093276 0.368523128797774 0.376412479668392 0.406858954736504 0.554801619426371 0.633027903221011 0.631723697084192 -9999 -9999 -9999 -9999 -9999 -9999 -9999
0.307863980030111 0.315717092162211 0.323742404978533 0.338723562447352 0.351544103775628 0.351817671367502 0.351825044975799 0.351583171999793 0.35155537661288 0.351477580525974 0.350885886334402 0.349313793260755 0.346638455967703 0.350705339360429 0.356253617148402 0.35906444986088 0.365483571535144 0.376792428431377 0.38656223065817 0.395043877445628 0.391837157080891 0.391451812978287 0.395695548259818 0.407378989805002 0.422303780767528 0.437412479416866 0.446162004890448 0.442160707109668 0.438609440460957 0.435299653451667 0.428088881507022 0.43090487343812 0.458961114272645 0.4551377269727 0.430489555158573 0.388071180641811 0.352528639607818 0.343325888076387 0.350177625190026 0.369697064452577 0.370164630540646 0.369047836540003 0.372422407715537 0.373411257441655 0.372135657015901 0.39217480124008 0.433765752308833 0.573629189229594 0.645478398404209 0.639738886169284 -9999 -9999 -9999 -9999 -9999 -9999 -9999
0.303330377724474 0.309797098266349 0.314225720465618 0.330414587882275 0.344668924477937 0.344652532100644 0.344513502768629 0.344259644237011 0.335874644853174 0.327934238842404 0.331429011570069 0.334310691399445 0.336502456941521 0.341664962771226 0.346992466629539 0.347025174655627 0.353526482332564 0.368793645484088 0.378555294220359 0.385560693608079 0.379430421020234 0.378809744385141 0.387228754296687 0.399803631809926 0.41408262117429 0.421343615226792 0.42463489955975 0.419966490768137 0.41998703661634 0.422523601901868 0.424947203667606 0.432331678512794 0.452058712371491 0.446748047644059 0.425081963851264 0.368984999462971 0.3230048322986 0.317960293380376 0.327306229253187 0.34800688669106 0.354151999681053 0.360623340567603 0.376869268097339 0.375400687634636 0.357118065313174 0.415108362344883 0.49131718346819 0.583017062044283 0.633721547148055 0.637659638386855 -9999 -9999 -9999 -9999 -9999 -9999 -9999
0.298967447707616 0.304638718007089 0.308443971520562 0.324453457027393 0.338322134691931 0.336843018099589 0.336017921798536 0.335805207195518 0.327266591032101 0.319253909989691 0.323343191391732 0.325501446599181 0.325486715356264 0.330193284478712 0.335531847747479 0.335555322044955 0.341084812981512 0.354075725045366 0.364749870163759 0.37376477030834 0.369518521912638 0.370671272368257 0.380682250850052 0.38841406148822 0.395077991348368 0.396679770738646 0.399664468318761 0.405422064973408 0.410623443275691 0.415526363543413 0.42958204276319 0.442124740629825 0.450173616751767 0.436915681572337 0.409739461268506 0.351607434609208 0.305437132321011 0.305100434644441 0.315396908775528 0.334083426111072 0.335088937792775 0.340405056747622 0.373752526641711 0.388664898587656 0.386079267839837 0.451023459113843 0.52571051903517 0.577659543470485 0.602713571413878 0.597086542477368 -9999 -9999 -9999 -9999 -9999 -9999 -9999
0.294735417460624 0.30006446918751 0.305526789575782 0.320293041470495 0.332380601470857 0.32853929086089 0.326614223859437 0.326483401670353 0.324083037703336 0.321973000298675 0.323978578616728 0.321442676932729 0.31379624151454 0.316856881480649 0.322384312350559 0.324522196961175 0.328271487338918 0.334204457466222 0.346497205724423 0.360195055460322 0.361520076859864 0.365986903882887 0.375608544120942 0.374099121621472 0.367802811089705 0.365423872255844 0.372053124645788 0.396744765173562 0.408361038844357 0.412961275959161 0.440181202630675 0.458334433878488 0.452136622322261 0.425976824435139 0.386777223760404 0.335540319655325 0.297039355061416 0.301832044862801 0.311895122790604 0.326116770229442 0.313686300320761 0.311141343665844 0.364834762964125 0.410576478233861 0.448770691510231 0.496894946830069 0.542342392531946 0.560992817332007 0.577859384410487 0.592690976684715 -9999 -9999 -9999 -9999 -9999 -9999 -9999
0.285193820328646 0.292630289788961 0.298883647986783 0.311689229367613 0.322027333469152 0.318800291303567 0.315371941416867 0.311755100185591 0.314829744388001 0.318512074300013 0.318194566895168 0.313662311872453 0.304387195519842 0.30570105510046 0.309740879671054 0.312829284955878 0.316817468346474 0.322024976669844 0.330493021695609 0.339836443001239 0.345236987889223 0.350027396758628 0.353816745222507 0.355028547202891 0.355197375160065 0.36065123416942 0.371486085165845 0.393110401374797 0.40204737046976 0.40417650831043 0.421596925208571 0.43194920855166 0.423505535875985 0.411229961325408 0.396451266898787 0.364359045039085 0.336984843670183 0.329031884833917 0.326149271371977 0.327267384835325 0.3137383306017 0.308384291219056 0.345256778161006 0.387489883997212 0.434811117063108 0.470919120772702 0.504084791369076 0.53346667014248 0.549364225320661 0.549879242734381 -9999 -9999 -9999 -9999 -9999 -9999 -9999
0.275207903643139 0.283567479734135 0.289271812225909 0.30122055003423 0.311067777846876 0.308997331016119 0.304858327284225 0.298782462564269 0.304950859798447 0.311766547278597 0.308680764562411 0.302923419332296 0.294159761106358 0.294333291830968 0.296999004518402 0.300466576767834 0.304088681097532 0.307920197967024 0.312766401896234 0.318039653609134 0.324480438285219 0.328942302529833 0.330157318810524 0.336009975240444 0.343932034811886 0.355235076143358 0.368676401408249 0.386405214959609 0.391719781745087 0.390373058635053 0.398636974754439 0.402306633990849 0.393785294765319 0.394193891660653 0.400435806142316 0.387468952495364 0.371954917361082 0.353471361943659 0.338723954151142 0.326924532205014 0.31401476436093 0.306840523455795 0.323984789522815 0.357335038393798 0.40606748548019 0.435166168438625 0.46308817952436 0.507072130659517 0.528286638818227 0.523526405716272 -9999 -9999 -9999 -9999 -9999 -9999 -9999
0.266219982388659 0.269553671185163 0.269864034693697 0.285688718689209 0.300000772158241 0.2996859599189 0.298176787933508 0.29554929583008 0.295748035528249 0.295249632438124 0.287760950650136 0.282426486243815 0.279516165639693 0.28099750041301 0.283606818182426 0.285799922121674 0.285618940248727 0.282220740703139 0.287069194110442 0.294081663844614 0.290347185383124 0.293454970168445 0.307788971095776 0.319662913127028 0.330353744393217 0.333543547421219 0.342982943646587 0.364953443534153 0.367635689803189 0.359968162030007 0.373523864784538 0.381883552550435 0.375627055950601 0.370088796668461 0.36501971278912 0.364749824705328 0.362200449697492 0.351206273708069 0.335456298673495 0.315953787689883 0.304052243390454 0.296344707245359 0.301548439504186 0.322590635324517 0.358666191902891 0.398044852298942 0.439734233331719 0.490779333000412 0.519236453988173 0.521925843088706 -9999 -9999 -9999 -9999 -9999 -9999 -9999
0.256033266174322 0.257701128565653 0.255885806159025 0.271426321455512 0.286530430072417 0.290344812758361 0.29125089550826 0.289433836978064 0.286432524600572 0.282178107988575 0.272265006448745 0.266773548467697 0.266257772105307 0.26798712230305 0.269896405057363 0.268267205297463 0.265471434163546 0.261094795976884 0.266260593078124 0.273942149980331 0.269369531946921 0.271439061447789 0.284406473882593 0.293986207952995 0.301961489630099 0.30126348041263 0.308707710247261 0.332478001376126 0.337666568136704 0.33288447335736 0.344325372251694 0.352261162499265 0.350184698149502 0.344508927107904 0.336481974743182 0.339452300240255 0.339967334536414 0.329852405522569 0.313858392652689 0.293225522398858 0.279867809232394 0.268802002317054 0.262984456735073 0.270473787757104 0.290593578531371 0.340987143272089 0.396168500313408 0.443553598866748 0.461405626384944 0.4455671556523 -9999 -9999 -9999 -9999 -9999 -9999 -9999
0.244740075342611 0.247843410726378 0.246918991878447 0.258335598002272 0.270841834816078 0.280976182617518 0.284099467871656 0.280658054071455 0.277013005122316 0.272286641131991 0.261775234582074 0.25559156530791 0.254277904782095 0.255277097112073 0.255892272091556 0.248089144475304 0.243775369141993 0.244190153228518 0.249964122533647 0.25732704754765 0.260534352722556 0.261857129193079 0.260087927790479 0.259698344422941 0.259896108036545 0.259210308543438 0.266511591931798 0.289827831875792 0.302265628494006 0.308866223228648 0.31135611636104 0.314147911361725 0.318019178307981 0.317567856774164 0.314292883306223 0.311774943885674 0.30621656441558 0.290879802525468 0.27534186615443 0.259645194213506 0.242556704976865 0.225525205819189 0.209534845585555 0.202322364200808 0.203441563405739 0.265528361976569 0.333947509437624 0.367777103179986 0.401456617498263 0.434964925423252 -9999 -9999 -9999 -9999 -9999 -9999 -9999
0.230302268735855 0.236443366711592 0.240476282317703 0.2486123266526 0.257421737001094 0.266699337763563 0.271518497217016 0.272163064695619 0.268295438958141 0.263195050487602 0.256217963152425 0.24943709314331 0.242877026762883 0.241578757098875 0.241085839079799 0.235516093874035 0.232323630826145 0.232352716945471 0.235001244142053 0.238247451332174 0.236691077294584 0.235810533875412 0.236038837094268 0.236565520849982 0.237242165333389 0.239260507115381 0.247498306937988 0.26820678620617 0.282741968581611 0.293964656772819 0.291245413472002 0.2909353301926 0.297730291631555 0.301424136043377 0.303092232426682 0.295646165783287 0.286286496644106 0.273296639942736 0.255631975778159 0.234278681607569 0.217132604135613 0.1990733954886 0.174808822781889 0.171978301273188 0.189492292533339 0.249491339768364 0.313608052004732 0.351937481428632 0.372362420886264 -9999 -9999 -9999 -9999 -9999 -9999 -9999 -9999
0.216364278123986 0.224793011686031 0.233002359593417 0.237885334986966 0.242988958312184 0.250809850506104 0.257550400906605 0.263279390120514 0.259539987322021 0.254257506561957 0.250837745529131 0.243398515186159 0.231436170463345 0.22789271368405 0.22647725012469 0.223975757832027 0.221986085012681 0.220689999024235 0.219085067116826 0.217056008541623 0.210116493056634 0.207503900122197 0.211990561634725 0.214103322558992 0.215250570990257 0.220934987150638 0.230515180035379 0.247906822471475 0.264294491377306 0.280143443850425 0.275387784429124 0.273592978271243 0.280807892863141 0.287582758935646 0.294070171354252 0.283574173033909 0.272146881423726 0.262255355081171 0.242254041748141 0.214275658997606 0.196124280367226 0.17712548793119 0.148938634251714 0.155484178749797 0.194996599723463 0.248364878272057 0.296024822283766 0.29503189181062 -9999 -9999 -9999 -9999 -9999 -9999 -9999 -9999 -9999
0.208414567047063 0.21340076424219 0.217315232022127 0.218212594558482 0.220710259189467 0.231329246616244 0.241755293120267 0.252000682400854 0.249846228679628 0.24531712298869 0.241260982021004 0.232733424004444 0.219174174191909 0.2153058312932 0.2137767213834 0.210073010348179 0.206968906893342 0.204677355408767 0.196620918006535 0.18702083045757 0.184455305638289 0.18418078269527 0.187665144980271 0.183611517405675 0.176557649811744 0.188296600314535 0.200285866123457 0.212777040928738 0.235076087604867 0.26263788433115 0.26909102487873 0.272421749666077 0.269678547631603 0.274908287748051 0.285346206627959 0.281370479414529 0.274875472835945 0.264236822213352 0.243462533041555 0.214690776428166 0.186571724262232 0.161950235837237 0.151388358319872 0.174373008110967 0.229198943848088 0.265771680899659 0.293802564906917 0.294259362495005 -9999 -9999 -9999 -9999 -9999 -9999 -9999 -9999 -9999
0.191168221981648 0.196760705272268 0.204146529628264 0.204360113826131 0.205090222094786 0.211843942016794 0.224286535689453 0.242055817560828 0.240991187215113 0.236199304075881 0.23145647209019 0.222354390753054 0.208346840085159 0.203826508570669 0.201150587724111 0.192609855969357 0.186497292590163 0.183675236306325 0.175001312605118 0.164790198959824 0.162180508967534 0.161224329903252 0.162981093969247 0.156660286542295 0.147179712797551 0.161529387685028 0.174918765693783 0.186382645617509 0.212067555582574 0.245383246980026 0.258494632357522 0.26577770852428 0.260187218907494 0.268300054046753 0.285364335669915 0.281275097542896 0.27331262333582 0.258714633327525 0.234660561289515 0.203145221982498 0.173192310036203 0.15067997189453 0.157976787744783 0.190897035041057 0.248138220242143 0.27492582191577 0.292452116480673 -9999 -9999 -9999 -9999 -9999 -9999 -9999 -9999 -9999 -9999
0.163609725211462 0.174299590139226 0.193771352559682 0.196963668796809 0.196856205904971 0.192353423225791 0.204961307512793 0.233590497913411 0.233066480190611 0.226884667676075 0.221399337858595 0.212292662967009 0.199110883449616 0.193575729785217 0.188606975692825 0.171197373685711 0.159975426823778 0.157138616414393 0.154318504635761 0.151216643612928 0.143662015402185 0.138674594353695 0.137899233181472 0.133636384564298 0.128134282145224 0.141274686915029 0.154945002585123 0.169677846361215 0.195947230585957 0.228406941277462 0.243128936503005 0.253063032225782 0.252512835406832 0.268420703219977 0.295079501001255 0.283518328830676 0.266989557420277 0.244869126637219 0.214754633666185 0.17833247179358 0.155568010882406 0.143741257442834 0.169156013962707 0.204797940371295 0.250147167862075 0.27492582191577 -9999 -9999 -9999 -9999 -9999 -9999 -9999 -9999 -9999 -9999 -9999
0.150352731967066 0.161904410445428 0.176343589362203 0.181681761244073 0.184013386492435 0.179194099058737 0.183777741603046 0.197165670960971 0.204465206729301 0.209756958597013 0.210602440110982 0.206645497725597 0.197284381077101 0.18439741153679 0.170635360490926 0.157463339889355 0.148694170425024 0.145891478842828 0.1411455426075 0.135600974502142 0.128118001192185 0.122169158434235 0.118737389420112 0.120989292462612 0.125893974376339 0.14273739669616 0.159332616780338 0.175430164800779 0.197730794693963 0.223359900923986 0.230451045760957 0.240310889966434 0.258537377738908 0.285113591269529 0.317144110569731 0.301643636835103 0.282108613617118 0.262372150074991 0.22687909641384 0.178953395726491 0.15711006731866 0.150053525694063 0.188932913095235 0.208282809458006 0.209095940366153 -9999 -9999 -9999 -9999 -9999 -9999 -9999 -9999 -9999 -9999 -9999 -9999
0.141698136872434 0.152977448150154 0.15849592375853 0.16518685011172 0.170198704066443 0.167783535811965 0.163545924031375 0.157601895682434 0.172527089084225 0.189899109700177 0.197862097521313 0.199910802017779 0.195304155300405 0.175250351807242 0.152962812266406 0.146673809018147 0.141616841278203 0.138229453631075 0.129703013657961 0.119667449545205 0.113842345596435 0.108128165345993 0.102595979469018 0.111669222095642 0.127184510673773 0.148322652155304 0.168253932606489 0.185765327442799 0.20385112883043 0.222245147754606 0.222267910791245 0.232270198102845 0.268553050477932 0.303884956910875 0.338595675284588 0.322246876090133 0.302685445750381 0.286440766292644 0.246346414861961 0.187433616604241 0.166024033226063 0.162271008041315 0.209687097988191 0.232776863546873 -9999 -9999 -9999 -9999 -9999 -9999 -9999 -9999 -9999 -9999 -9999 -9999 -9999
0.139905346805946 0.150728879193064 0.152205823351135 0.155608524154932 0.158302912781936 0.157078665805885 0.154941174061911 0.151948579824709 0.157463192276014 0.164549429450408 0.170991271959815 0.175033785725077 0.176376331532574 0.16408248771894 0.149211809557729 0.143393034102961 0.136191960290266 0.127117679248435 0.116319736589302 0.105495061727373 0.103507087864829 0.101182062348254 0.0983040305262057 0.107228046374605 0.121374222045217 0.141174063936202 0.16215816634602 0.18551683792472 0.207051604531454 0.227607692367798 0.244694707049252 0.262366605724047 0.281770178523617 0.30431736270281 0.328918053569749 0.329200763336182 0.321897554226898 0.297094596007941 0.257232100053497 0.205486962256579 0.193859028349838 0.194100847274527 0.220110963075644 -9999 -9999 -9999 -9999 -9999 -9999 -9999 -9999 -9999 -9999 -9999 -9999 -9999 -9999
