layers/veg_sum/veg4500.asc
NCOLS 255 
NROWS 330 
XLLCORNER -2985163.8955 
YLLCORNER -3022031.214 
CELLSIZE 25000 
NODATA_value -9999 
[rows 225 to 249 of 330, columns 57 to 113 of 255]
-9999 -9999 -9999 -9999 -9999 -9999 -9999 -9999 -9999 -9999 -9999 -9999 -9999 -9999 -9999 -9999 -9999 -9999 -9999 0.256364470556417 0.197383810379101 0.167200521163968 0.159120351544466 0.114406552900275 0.0696771517786272 0.0439384411076638 0.0285154729070379 0.0226208343665792 0.0364851079233047 0.0511654225949246 0.0495616918742706 0.0489882145984502 0.0495583730856707 0.0632313701933474 0.0789215598227431 0.0830792379086705 0.0863256593860814 0.0883542509609768 0.0892686025774091 0.0898754299215623 0.0915312173195403 0.0939154591581383 0.0974777694242151 0.0997085404133968 0.101140433430329 0.0902029473871935 0.0821090402809396 0.0796303794941284 0.077362529926037 0.0752061146746408 0.0741220737926161 0.0739609768942715 0.075981847890553 0.0770101631687706 0.0773992823709449 0.081816792663313 0.0852561441081507
-9999 -9999 -9999 -9999 -9999 -9999 -9999 -9999 -9999 -9999 -9999 -9999 -9999 -9999 -9999 -9999 -9999 -9999 0.270975806151512 0.258085369395512 0.206051353415614 0.177455105219828 0.166848269497394 0.117529028145034 0.0706872603446114 0.0537776485544854 0.042968676292016 0.0377946745345302 0.0485658967347249 0.0595168397090225 0.0547341469970851 0.0495708885155855 0.0439851819205241 0.0595404764520339 0.0788135861265308 0.083227505451313 0.0864634715656825 0.0881251866622848 0.0895068627089087 0.0907971005251229 0.092144242823661 0.0943527735426969 0.097954355694188 0.0996997826854162 0.100543288941772 0.0956031866936007 0.0896139836152342 0.0815531096931037 0.0795308149804177 0.0807004991012104 0.0773750395960056 0.0751688920423977 0.0760138846465983 0.0769042427834772 0.0778238158751922 0.079961057251036 0.0820597379624423
-9999 -9999 -9999 -9999 -9999 -9999 -9999 -9999 -9999 -9999 -9999 -9999 -9999 -9999 -9999 -9999 -9999 -9999 0.269896295979513 0.261206448096301 0.225173311545547 0.196877918118865 0.174521548150131 0.125402447824515 0.0806932598533485 0.0673444132750097 0.0584144965767601 0.0535662076201611 0.0579124309593937 0.0624983463708268 0.0587484646695457 0.0539533746875219 0.0479980482843746 0.0620637421354027 0.0797761027556711 0.0844346220344865 0.0878125600331066 0.0894790918690192 0.0909146896184733 0.0922476947237307 0.0932303846378938 0.0951430584568162 0.0985597174464898 0.0999957506754725 0.100560859684433 0.099905958632435 0.0960528797473649 0.0858843242376943 0.0824846749113889 0.0826630535472426 0.0798542286147682 0.0776489705826133 0.0771283352485607 0.0772755192824399 0.0778527723912525 0.0791049917609282 0.0808861612730819
-9999 -9999 -9999 -9999 -9999 -9999 -9999 -9999 -9999 -9999 -9999 -9999 -9999 -9999 -9999 -9999 -9999 -9999 0.268994530134864 0.265637598994775 0.254076897687447 0.224878944458938 0.182143703779291 0.137721068000696 0.0991162255961514 0.0843988507461222 0.0747890545465053 0.0698969694846274 0.0647006717722725 0.0604555196737076 0.0616791760737591 0.061891138668847 0.0609800676818534 0.0704012590567534 0.0817402190017616 0.0866324461170993 0.090294973890935 0.0923140956085747 0.0934168165970475 0.0941931739835563 0.0947591956699217 0.0962635987117172 0.0992855674187394 0.100576833958243 0.101153586059555 0.103181890002099 0.101494333451432 0.0924690266848535 0.0861735545588808 0.081321066633245 0.0816094367504416 0.0813193432675193 0.0792555416576297 0.0780932829706477 0.0775116090188291 0.0791842630855569 0.0816052361665055
-9999 -9999 -9999 -9999 -9999 -9999 -9999 -9999 -9999 -9999 -9999 -9999 -9999 -9999 -9999 -9999 -9999 -9999 0.2745238860657 0.272992284929472 0.266895704291249 0.238058916351843 0.19176812116061 0.152081407733692 0.117045760430077 0.0969708439145795 0.0834400487401128 0.075953854393243 0.0712958644427129 0.0681886908908813 0.0705152815446464 0.0726102344205534 0.074448057123144 0.0803623489839339 0.0870400410743167 0.0912290238758513 0.0950179915733597 0.0982723674219994 0.0994414240688194 0.0998278293797131 0.0991512677862599 0.0993438106575831 0.100941883474283 0.101796366093673 0.102357072572786 0.104256589921715 0.103937168530747 0.0992359846254109 0.0915152406174707 0.0821983642082442 0.082480435466241 0.0828061082782104 0.0825677438759664 0.0810879702887308 0.0788087414514077 0.0799196493620934 0.0815628236518596
-9999 -9999 -9999 -9999 -9999 -9999 -9999 -9999 -9999 -9999 -9999 -9999 -9999 -9999 -9999 -9999 -9999 -9999 0.287301602135577 0.2810520558422 0.275754005613723 0.247412529321328 0.201384313400769 0.165615556734697 0.133329338451384 0.109481133357906 0.0926402386298423 0.0822717779882993 0.0798106290681028 0.0794269293260965 0.0820068162730295 0.0846867495433535 0.0874777395191557 0.0903163580689232 0.0932178892232506 0.0965273027153637 0.100166610219398 0.104246797700185 0.105563652048929 0.105791358011743 0.103850310220647 0.102700439761159 0.102830074213622 0.103111941575408 0.103474970989557 0.104701565132275 0.105360043925275 0.104896659145176 0.0968765098127384 0.0848618724287211 0.0837490421102444 0.0837318333290156 0.0856320837265415 0.0842929889484595 0.0808677878818188 0.0809831794886536 0.0814228925574916
-9999 -9999 -9999 -9999 -9999 -9999 -9999 -9999 -9999 -9999 -9999 -9999 -9999 -9999 -9999 -9999 -9999 0.293403140637816 0.292717411667578 0.289810623315964 0.280316730125211 0.251825658506608 0.208753502131287 0.172319831182457 0.141020792481517 0.126577138770603 0.11337987194639 0.101333853825287 0.0991907473132147 0.0993692792566147 0.101742676009378 0.101238685455151 0.0975406429471076 0.0984460577700345 0.100601155773295 0.10308256126502 0.105213802383155 0.106877073622147 0.108354910164719 0.109524036441158 0.107104986851895 0.105436578805228 0.10498212052999 0.104258599018334 0.103446387484565 0.104071847398883 0.104419202050663 0.104217379209378 0.100529307337097 0.0949984123885229 0.0881963967477966 0.0839446711899494 0.0860180282888609 0.0862719046501671 0.085354053392814 0.08314646443039 0.0815789652173051
-9999 -9999 -9999 -9999 -9999 -9999 -9999 -9999 -9999 -9999 -9999 -9999 -9999 -9999 -9999 -9999 0.304909834075391 0.301323449073992 0.302169434614269 0.300329628905301 0.289316356507525 0.260623593001332 0.218361121799517 0.181828602106537 0.151220274596632 0.141062621403968 0.128369535249659 0.113334548727125 0.114428914525892 0.117699320225863 0.115852424930282 0.112204932237009 0.106558681287538 0.106655047630172 0.108243634983723 0.109699437246842 0.110790207930105 0.111393139766267 0.112264536608815 0.112999322667196 0.110402786624936 0.108341582806793 0.107146127011144 0.105541356117124 0.10379788886676 0.104037120654833 0.104088220684545 0.103767814880535 0.103052888889892 0.102129420452187 0.0932774219383004 0.0867458617801567 0.0864424617681586 0.0867541618687691 0.0874619803647479 0.0853671789440281 0.0835641461637006
-9999 -9999 -9999 -9999 -9999 -9999 -9999 -9999 -9999 -9999 -9999 -9999 -9999 -9999 -9999 -9999 0.310834271422137 0.316933460289312 0.316160065209608 0.312828197286642 0.303305153356877 0.274352116855588 0.230485793647865 0.194490949873628 0.164239963246935 0.152612645121776 0.136893520155752 0.117394920799243 0.125009575134059 0.134216365440981 0.12363577161334 0.116890229821326 0.114401798435553 0.114953197028035 0.116177591487885 0.116385600285661 0.11696169893512 0.118029723595323 0.11743173655742 0.116185178651837 0.113749077149349 0.111436470669525 0.109323582358796 0.10697715342356 0.104576784937711 0.10467144442364 0.104443010184356 0.103576559244424 0.104306699070626 0.105880793038101 0.0990709917152429 0.0924575816926545 0.0869101749443003 0.0855534690198368 0.0868955330220904 0.0876524713844287 0.0876061075641403
-9999 -9999 -9999 -9999 -9999 -9999 -9999 -9999 -9999 -9999 -9999 -9999 -9999 -9999 -9999 -9999 0.342704330837233 0.328446835194296 0.325754779631673 0.321701973106743 0.310861580047898 0.276289097308788 0.22350129841648 0.192844344122183 0.170467483225327 0.169329326207651 0.158250594066323 0.137990062644705 0.139211146543139 0.142692411675283 0.135904085631744 0.130653659553634 0.127110383700805 0.126378643086907 0.126264161028551 0.125167586272217 0.124718213804316 0.125133781346138 0.12369182540757 0.121585952685105 0.119018884958926 0.116462875267551 0.113924748810798 0.110872514632816 0.10763611209643 0.10635074659857 0.105118218837243 0.103990030330137 0.104741782598043 0.106487267158581 0.103011962129464 0.0978130581192476 0.088764169943517 0.0856942706379467 0.0864747810927145 0.0880557374922111 0.0890449052300938
-9999 -9999 -9999 -9999 -9999 -9999 -9999 -9999 -9999 -9999 -9999 -9999 -9999 -9999 0.358431330844435 0.354140762211458 0.345555821983793 0.334244594532929 0.332903444864824 0.329329501157399 0.3166861952152 0.276615251975428 0.215492513826673 0.189250922272845 0.174338737265968 0.186094388910202 0.181298119624832 0.161213357089482 0.15334602295692 0.148710285023582 0.148771407683376 0.146247029701691 0.140852609388395 0.138345206092023 0.136547654088687 0.134356871621069 0.132827617321445 0.132182448554708 0.130004936339089 0.127308390000073 0.124650083962396 0.121914132861005 0.11905261289352 0.115326434836408 0.111253634030383 0.108466156349687 0.106158048746637 0.104796558460671 0.105115958360975 0.106323872878687 0.106011464792692 0.102513750313498 0.091333167723177 0.0866767712757162 0.0862218862456962 0.0880166600781354 0.0897574332484341
-9999 -9999 -9999 -9999 -9999 -9999 -9999 -9999 -9999 -9999 -9999 -9999 -9999 -9999 0.360147316055034 0.361700404839561 0.346647316581732 0.321051775883887 0.329438188064643 0.334653459212812 0.32243670898663 0.289890076521188 0.241739456487244 0.201436795730351 0.173717538982599 0.191685196552617 0.189728970912239 0.169369675605747 0.158808009149672 0.152181836677298 0.156599211824419 0.15680608056998 0.152339064723857 0.147830578134439 0.143654525443545 0.142256985621063 0.140337362399123 0.137720011698969 0.13431238770291 0.130758248634843 0.128994162309207 0.126591315796154 0.123155455867897 0.118941562199814 0.114430772387457 0.111888487812677 0.109530505094541 0.107536465261464 0.106815387397056 0.106767194249216 0.105285755279097 0.102534360145707 0.0967776549857616 0.0916951798608235 0.0870469022170782 0.0884944036713281 0.0902273720026082
-9999 -9999 -9999 -9999 -9999 -9999 -9999 -9999 -9999 -9999 -9999 -9999 -9999 -9999 -9999 0.367957200592538 0.3509612206398 0.323175321377747 0.333033648428865 0.339385635752446 0.326446849632917 0.296036285802718 0.252215442513526 0.206788989015631 0.17458754813804 0.195527248182189 0.197965791313826 0.183315392698053 0.170166812742504 0.160408174227418 0.167431147138573 0.168893064194165 0.164181915400201 0.157525725539918 0.15106248398631 0.150296016220571 0.148335803948406 0.144780236710031 0.140649353378253 0.136469679355485 0.134438711706442 0.131644710264181 0.127616718100246 0.122849770564678 0.117802543204853 0.114717186528469 0.111765348265982 0.109077170270664 0.107413015515843 0.106290157048657 0.104732872806221 0.103097425783703 0.101301198198056 0.0968806937125792 0.0907701808313078 0.0907833810271986 0.0913730055193508
-9999 -9999 -9999 -9999 -9999 -9999 -9999 -9999 -9999 -9999 -9999 -9999 -9999 -9999 -9999 -9999 0.359638656245755 0.346039073528586 0.34619017248744 0.343316468656049 0.32810031489992 0.292529489163341 0.241335648752802 0.202887554111005 0.177476832244166 0.197001272990211 0.205939870464799 0.205100654591357 0.189510619196004 0.175073066070257 0.182331038840658 0.183049053283329 0.176507368406479 0.167504934119504 0.158878150940854 0.158523156671421 0.156995999535336 0.153902329765722 0.14973452651599 0.14524355178834 0.141373431799076 0.137207540579113 0.132563323290678 0.127154845998041 0.121437869877386 0.116742034817334 0.112459725818076 0.108994011238177 0.106518672138893 0.10456684320014 0.104414019017109 0.104395042089818 0.104577671952852 0.102292488275045 0.0984180570587844 0.0955249876227206 0.0934336113416585
-9999 -9999 -9999 -9999 -9999 -9999 -9999 -9999 -9999 -9999 -9999 -9999 -9999 -9999 -9999 -9999 0.361618484937682 0.360864784338608 0.359223205498922 0.353904004343318 0.337621059646043 0.301350133017605 0.249737640810839 0.219171875823829 0.196907612198152 0.196530550073365 0.20380136373408 0.218136281786101 0.215922649822501 0.209973536096841 0.201137197526569 0.193855504577335 0.188299550415963 0.180621337758085 0.172903425819272 0.169376275821958 0.166090005772504 0.163125654709073 0.15884576355238 0.154105984368675 0.149190255621059 0.143934517844257 0.138128911908229 0.132174138079735 0.126160545771647 0.120421721823281 0.115038371370097 0.110356978302229 0.10698203269085 0.104297672146508 0.104504323944249 0.10498008642429 0.105911921778433 0.104058214217464 0.100410644540157 0.0976424598828322 0.0957267522752296
-9999 -9999 -9999 -9999 -9999 -9999 -9999 -9999 -9999 -9999 -9999 -9999 -9999 -9999 -9999 -9999 0.399815763005361 0.377446041068962 0.374113641428635 0.368466786029546 0.351420709270799 0.315954351619275 0.266349700854367 0.242928143945529 0.221972622671301 0.197153200215648 0.199969877290669 0.22831315776885 0.243696263212865 0.25009484454618 0.221425017880066 0.204351912372992 0.200151780130896 0.194861426188683 0.189045702202176 0.181296101449381 0.175576701634482 0.172570521550639 0.168093630936014 0.163069525594085 0.157365360957153 0.151129774675698 0.144034764624986 0.137551035375082 0.131323065614622 0.124766135131627 0.118407316575858 0.112439711802049 0.108122675576731 0.104678126022077 0.104850387092846 0.105403558460439 0.106635478506491 0.107584471982695 0.108351263543214 0.0976650766006321 0.0979559874884881
-9999 -9999 -9999 -9999 -9999 -9999 -9999 -9999 -9999 -9999 -9999 -9999 -9999 -9999 -9999 -9999 0.417354855480192 0.423658940997596 0.418335189203145 0.408815409674389 0.38922362271461 0.353950898519502 0.306642435661332 0.27414009533485 0.245602751139533 0.225046956865334 0.224051793518982 0.241124175032081 0.254711501535011 0.262657165622802 0.243707017819098 0.227963968390007 0.215780967621946 0.209680201414595 0.20467920007183 0.195647272064238 0.188806516339393 0.184894107144552 0.179311244573846 0.17312048574918 0.166356565882593 0.159331702661359 0.151884837582042 0.144630861086312 0.137463764190778 0.130527107558635 0.123905008713271 0.117904070557895 0.112461723560161 0.107314646540666 0.106957629478587 0.107141302149229 0.108312462862569 0.108639790776198 0.10842369870383 -9999 0.0979559874884881
-9999 -9999 -9999 -9999 -9999 -9999 -9999 -9999 -9999 -9999 -9999 -9999 -9999 -9999 -9999 -9999 0.465338520653368 0.460732996925385 0.450898013764955 0.438499336177955 0.419516357390611 0.386072249261699 0.341528653205774 0.301010457499492 0.26669632714169 0.254826296374707 0.253870303759587 0.262995267869937 0.276243550481382 0.287085050162191 0.280574554578884 0.265059726094143 0.239549612293884 0.229032775673981 0.222012153786972 0.211409371503117 0.203160415165864 0.19805718045773 0.190976069581709 0.183243158159209 0.175824705274617 0.168139736865288 0.160023755193334 0.152075209714397 0.144208217098226 0.13687345545862 0.129957464235775 0.12386842351918 0.117745885566042 0.111605641052085 0.110450804923931 0.109936427723302 0.110639857498081 0.112923565996842 0.11622495838079 -9999 -9999
-9999 -9999 -9999 -9999 -9999 -9999 -9999 -9999 -9999 -9999 -9999 -9999 -9999 -9999 -9999 -9999 0.471434567834982 0.476795174530549 0.464347108238752 0.450699174680638 0.437496634925138 0.408561592147635 0.367551231929155 0.320763062163626 0.283631387815356 0.287696928230687 0.293093592514532 0.299719774409369 0.315017236954514 0.330965766133624 0.341354144905308 0.324261149224333 0.27666237576684 0.255818223106371 0.242131256528431 0.229484598393757 0.219357177923809 0.212596540126242 0.203374068991531 0.193483398218785 0.186074748181943 0.177941443399308 0.168636215117772 0.160117170320789 0.151942486567682 0.144179488959377 0.136919418801347 0.13065248496089 0.124579501487068 0.118609039723003 0.116216128865985 0.114465063184053 0.114033558134755 0.114806152771437 0.116354175709458 -9999 -9999
-9999 -9999 -9999 -9999 -9999 -9999 -9999 -9999 -9999 -9999 -9999 -9999 -9999 -9999 -9999 -9999 0.48558433999135 0.485222427430964 0.473132290335627 0.461523949777308 0.454071506164403 0.424997401054922 0.379327816776785 0.345048574306628 0.320466004661086 0.328310751333233 0.332569757209029 0.333516726119789 0.348499912984074 0.365529672235624 0.378934216721657 0.371222696115427 0.340071227469891 0.299508984647262 0.259686497629096 0.245858601095692 0.235012576565565 0.228151612727591 0.219219866694798 0.209660906719333 0.201237743636008 0.192388259416672 0.182849321688242 0.173176432177272 0.163455221389031 0.154224178660965 0.14572369168957 0.138665841133358 0.131541202867387 0.124381260774391 0.120631063641717 0.117587146570898 0.116032078197906 0.115698310298474 0.116151047837641 0.11615209204603 -9999
-9999 -9999 -9999 -9999 -9999 -9999 -9999 -9999 -9999 -9999 -9999 -9999 -9999 -9999 -9999 -9999 0.516838946511501 0.491872263584072 0.480543732144713 0.472298152988781 0.470282997372987 0.439040191116097 0.385364008615666 0.371411174253479 0.365736818631873 0.372145280254769 0.372100428347392 0.3660948519557 0.379598801157905 0.395784451330249 0.406049143009145 0.412186015315822 0.413740790002618 0.350020170224012 0.276425833355169 0.261704029625699 0.250527170885365 0.244087879993859 0.236433608572189 0.228249962958651 0.218374941330303 0.20870066040536 0.199351020626936 0.188312887876592 0.176563280393962 0.165451137867062 0.155354324555268 0.147262492910838 0.138624371147859 0.129697481707108 0.124543099526219 0.120180880922666 0.117492178205658 0.116201797567138 0.115811922531825 -9999 -9999
-9999 -9999 -9999 -9999 -9999 -9999 -9999 -9999 -9999 -9999 -9999 -9999 -9999 -9999 -9999 -9999 0.535326073127818 0.540583092466114 0.531174936153891 0.519211693024033 0.502856771833878 0.468916578238435 0.421478993523288 0.404742453510684 0.396564860930521 0.406271679206206 0.407969050140852 0.402268344312665 0.405248858256277 0.409079635754955 0.40841841942283 0.40861382438296 0.409760124241929 0.365396384462076 0.312915466256147 0.291500241712731 0.272289753357673 0.25602573873158 0.244959159807265 0.235566436682046 0.224778486382982 0.214799351244625 0.206128245203716 0.196518263461927 0.18649897593198 0.176092884222853 0.166639990534798 0.159069387368069 0.150048176705123 0.140260178315626 0.134028382685112 0.128280336774574 0.123466749253773 0.119484351233354 0.116037231039079 -9999 -9999
-9999 -9999 -9999 -9999 -9999 -9999 -9999 -9999 -9999 -9999 -9999 -9999 -9999 -9999 -9999 -9999 0.588440322386685 0.582190723608309 0.57282011391632 0.559925940696206 0.537048582369918 0.50057365491658 0.45366205610808 0.430543638679042 0.417379509739731 0.431211127226424 0.436092525843467 0.43270688637131 0.427222196907694 0.42128109922286 0.41506803484498 0.411454795347759 0.410727498844539 0.386665527816487 0.356266283533439 0.324191175737704 0.295136396928504 0.270118073845231 0.255606683111941 0.244584782092714 0.232286540358576 0.221496190701877 0.213144428758312 0.204446662970168 0.195591370948394 0.186231701525688 0.177428771447488 0.169725240620909 0.160178663542259 0.149657856529432 0.142515680032752 0.135669162800139 0.12930956940135 0.130781008734852 0.137295555777824 -9999 -9999
-9999 -9999 -9999 -9999 -9999 -9999 -9999 -9999 -9999 -9999 -9999 -9999 -9999 -9999 -9999 -9999 0.595964856280647 0.602016751229195 0.596462250726449 0.5882202252809 0.574482044880182 0.535798251443458 0.477967714748635 0.441258668016814 0.418132840218488 0.437744992033333 0.44869900010115 0.451655750763211 0.441829419441374 0.431291349062517 0.430293089103289 0.427144206001799 0.421608017572043 0.419740851266242 0.413363130470137 0.36268153613461 0.320154901098848 0.288526791457834 0.270505468211281 0.257012739810337 0.242007421097126 0.229391390120411 0.220639354322492 0.21182015516768 0.202994256785929 0.195362926363529 0.1872220687102 0.17807504208051 0.167718052908332 0.156721480368783 0.149003564187458 0.141634278554414 0.134888433402708 0.134245721594324 0.137533367360454 -9999 -9999
-9999 -9999 -9999 -9999 -9999 -9999 -9999 -9999 -9999 -9999 -9999 -9999 -9999 -9999 -9999 -9999 0.673593899460293 0.664237549281651 0.660574625871971 0.654276699200285 0.638669986070392 0.595660796017661 0.531619122637292 0.491627515341168 0.46731563741226 0.49251053108545 0.509181039792093 0.517977839907716 0.505188592709431 0.49228431016024 0.501374131569317 0.492312876651671 0.463102967896443 0.470315710034526 0.480158256368496 0.433846821531735 0.381356584542427 0.32060881619173 0.29149598527307 0.27332634857011 0.257696092755715 0.244344914007705 0.234679495941465 0.225099813809481 0.215494362705111 0.202506326397416 0.190640146230969 0.180989307614 0.173077905202848 0.16608596469798 0.15822124209291 0.150744711127764 0.144278411806429 0.140309769085957 0.137949592539747 -9999 -9999
