layers/veg_sum/veg4400.asc
NCOLS 255 
NROWS 330 
XLLCORNER -2985163.8955 
YLLCORNER -3022031.214 
CELLSIZE 25000 
NODATA_value -9999 
[rows 75 to 99 of 330, columns 0 to 56 of 255]
-9999 -9999 -9999 -9999 -9999 -9999 -9999 -9999 -9999 -9999 -9999 -9999 -9999 -9999 -9999 -9999 -9999 -9999 -9999 -9999 -9999 -9999 -9999 -9999 -9999 0.686970418333766 0.688756523345685 0.690663068952832 0.697278306797651 0.70233165771937 0.704392860244124 0.663153657186777 0.599706936679674 0.441665517073027 0.33164370871515 0.34005412543669 0.384832011025377 0.452369147616424 0.566621337151936 0.656025977606704 0.66134874994802 0.669080469468362 0.67863571340097 0.686326325587103 0.692881310594917 0.695956336177471 0.703654380070725 0.715564769619846 0.721968010416651 0.727594819187002 0.73460791616096 0.741557831745618 0.748438562347588 0.759730680804488 0.771640028206222 0.779499612763188 0.785893266407873
-9999 -9999 -9999 -9999 -9999 -9999 -9999 -9999 -9999 -9999 -9999 -9999 -9999 -9999 -9999 -9999 -9999 -9999 -9999 -9999 -9999 -9999 -9999 -9999 -9999 0.694162454927458 0.688895964516891 0.684068094884084 0.696388349167479 0.708376389432092 0.719727998448673 0.690552716359203 0.640592371651427 0.474364916380158 0.349738202857974 0.329452758780179 0.382960469154091 0.482648927782921 0.585234267032706 0.663934021196382 0.670788090866848 0.678409537574916 0.68661187321806 0.694327526309706 0.700672706225504 0.701949748920415 0.70687358165483 0.715120252229885 0.721259199594148 0.727125337246637 0.733650554237154 0.739913688758674 0.745889837329399 0.758799612424951 0.772528220256682 0.778708391466651 0.783779864592156
-9999 -9999 -9999 -9999 -9999 -9999 -9999 -9999 -9999 -9999 -9999 -9999 -9999 -9999 -9999 -9999 -9999 -9999 -9999 -9999 -9999 -9999 -9999 -9999 -9999 0.703018785941864 0.691945253233406 0.681573337991029 0.698631548862549 0.715089128684317 0.730396063599529 0.711688654752899 0.675536279225741 0.501436377311581 0.362940984286432 0.315696456358473 0.382577090659417 0.520878785973462 0.609419100302887 0.675005057530781 0.682779729400965 0.689642309264697 0.695814453881663 0.702494864673019 0.707888778866311 0.708049796085835 0.71059729701445 0.715319285173953 0.720828142762714 0.726560546499203 0.732689185254875 0.738355332414186 0.743515041309907 0.75741616912401 0.772255376975222 0.77684104192317 0.780537816583924
-9999 -9999 -9999 -9999 -9999 -9999 -9999 -9999 -9999 -9999 -9999 -9999 -9999 -9999 -9999 -9999 -9999 -9999 -9999 -9999 -9999 -9999 -9999 -9999 -9999 0.713718130374932 0.705583461603821 0.698053324606514 0.7141576944409 0.72408437038834 0.722176273544361 0.705079837295057 0.680193743931871 0.500067907929714 0.354843750122806 0.300084076151111 0.38580065598243 0.559429164242237 0.641345422659771 0.698552464451803 0.701683686855734 0.704883276090046 0.708134617635607 0.710476850669663 0.712285856510995 0.712477405905011 0.715053735787662 0.719803000981479 0.723690367462062 0.727840693841725 0.734237117449064 0.740096349328434 0.745367344690496 0.755852710172385 0.766707519448675 0.76995908457951 0.773633721281352
-9999 -9999 -9999 -9999 -9999 -9999 -9999 -9999 -9999 -9999 -9999 -9999 -9999 -9999 -9999 -9999 -9999 -9999 -9999 -9999 -9999 -9999 -9999 -9999 -9999 0.718744419196663 0.711990356410272 0.705799226581373 0.721616274661643 0.729162627819682 0.720864590332442 0.668209064803623 0.592803875005656 0.46551932261223 0.364287102614153 0.327336855573542 0.421295653157796 0.597179091029234 0.666798332355309 0.71378768033661 0.716012686430115 0.716782338137542 0.71645031593754 0.716557763730377 0.716790347606557 0.717291148207301 0.719357355051629 0.722849909737705 0.726023449736287 0.729599248919699 0.73561571488844 0.741634538786694 0.747655944668574 0.756081089555229 0.764346098478623 0.766522014520659 0.769915948066828
-9999 -9999 -9999 -9999 -9999 -9999 -9999 -9999 -9999 -9999 -9999 -9999 -9999 -9999 -9999 -9999 -9999 -9999 -9999 -9999 -9999 -9999 -9999 -9999 -9999 0.718744419196663 0.711990356410272 0.705806788761094 0.721927046654576 0.730770463733328 0.725673442962998 0.604526405256981 0.423860692344622 0.401573379458578 0.389271295998073 0.392567875903466 0.485382920230288 0.634219823228545 0.686515842307336 0.721658351300344 0.726288304329877 0.725720495202079 0.721218084989804 0.720954339054641 0.721390006291589 0.722447001272562 0.72352557726616 0.724623817184639 0.727887715408189 0.731781670008811 0.736844282882742 0.742993024493641 0.750331100474969 0.757897025557981 0.764807838701116 0.766137091247953 0.76902123462658
-9999 -9999 -9999 -9999 -9999 -9999 -9999 -9999 -9999 -9999 -9999 -9999 -9999 -9999 -9999 -9999 -9999 -9999 -9999 -9999 -9999 -9999 -9999 -9999 -9999 -9999 -9999 -9999 -9999 0.72979304605468 0.721620494045438 0.587267709664836 0.38820075749455 0.389201714639267 0.397514394860765 0.412985110621732 0.504708328568446 0.64415138764964 0.689404757267152 0.719834696454127 0.726197686801642 0.727860635314457 0.725965746985157 0.724575419082497 0.723787155278205 0.725082187103784 0.725738522175113 0.725812897297903 0.72837762878711 0.731722506060331 0.736704828250076 0.742524192726329 0.749260136542546 0.756585600954052 0.763535925130332 0.766366357940508 0.769130159978383
-9999 -9999 -9999 -9999 -9999 -9999 -9999 -9999 -9999 -9999 -9999 -9999 -9999 -9999 -9999 -9999 -9999 -9999 -9999 -9999 -9999 -9999 -9999 -9999 -9999 -9999 -9999 -9999 -9999 0.706012404536807 0.706099780144059 0.5775963474265 0.383142432690082 0.392365214519328 0.410186524775275 0.438028032888571 0.524700976641916 0.64819142384738 0.688995049315385 0.716812887753497 0.723584467164714 0.728068596412437 0.730821172037362 0.728725027070494 0.726863038890553 0.728295870671378 0.728907852805908 0.728771903132838 0.730795057527331 0.733558268598294 0.738077209829688 0.743006554043569 0.748385298366467 0.755259407603944 0.762165628854253 0.766313998147641 0.769107980870539
-9999 -9999 -9999 -9999 -9999 -9999 -9999 -9999 -9999 -9999 -9999 -9999 -9999 -9999 -9999 -9999 -9999 -9999 -9999 -9999 -9999 -9999 -9999 -9999 -9999 -9999 -9999 -9999 0.705982437527601 0.697632864178437 0.673287790679707 0.564326506370013 0.411968030905749 0.427160820774043 0.460082130737602 0.526461034521602 0.588189531932912 0.647007742508325 0.687140968253155 0.716479146123409 0.717621239710805 0.72468631028351 0.736234954933736 0.736220267705771 0.735317688735821 0.736671114422966 0.738626326006763 0.741129865552329 0.744109780901237 0.746905813877324 0.748256999777408 0.749897245046749 0.75185401655396 0.756664335921787 0.761857091596338 0.764298653051974 0.767528204709569
-9999 -9999 -9999 -9999 -9999 -9999 -9999 -9999 -9999 -9999 -9999 -9999 -9999 -9999 -9999 -9999 -9999 -9999 -9999 -9999 -9999 -9999 -9999 -9999 -9999 -9999 -9999 0.717828114418913 0.708762459496465 0.691814005953456 0.659764265046249 0.572975803139799 0.458113444801519 0.461391439310235 0.488133579939988 0.564411798293118 0.613928447502595 0.646697346914516 0.688353021323263 0.720443923806399 0.722113001001528 0.727125668937053 0.734669367603688 0.737847292290437 0.740157550137449 0.741257436218507 0.74331522479444 0.746245823327387 0.749355376766843 0.75213756570021 0.753013829214363 0.75383665243076 0.754600957369604 0.758079628096717 0.76207247267594 0.764624394369251 0.767722989517813
-9999 -9999 -9999 -9999 -9999 -9999 -9999 -9999 -9999 -9999 -9999 -9999 -9999 -9999 -9999 -9999 -9999 -9999 -9999 -9999 -9999 -9999 -9999 -9999 -9999 -9999 -9999 0.717730861946324 0.704765814899734 0.688721784209136 0.666779262508439 0.604964787425836 0.522701148216914 0.495020454037677 0.492925182113995 0.548608638614393 0.599471220234468 0.647316833534503 0.69282992053371 0.728985802027967 0.737737324723295 0.735763965301119 0.725672086498271 0.733225789675507 0.741148353543249 0.741809281148284 0.742648589250717 0.743650431927493 0.74600889587901 0.748727550464822 0.751996243401166 0.75463350749409 0.756579343397704 0.759505955796301 0.762845726532227 0.767442944744975 0.769807342192653
-9999 -9999 -9999 -9999 -9999 -9999 -9999 -9999 -9999 -9999 -9999 -9999 -9999 -9999 -9999 -9999 -9999 -9999 -9999 -9999 -9999 -9999 -9999 -9999 -9999 0.716705562489428 0.707230801141113 0.698108283744265 0.702756940069142 0.698846331445153 0.678538510886561 0.61713217974064 0.534647618985609 0.47769284183322 0.456490269675073 0.518598718746191 0.579296771725837 0.639112179867708 0.676544015981759 0.70725391007962 0.722704345848607 0.730327525305643 0.732025629655107 0.736604477255773 0.740380263843122 0.739627077044054 0.739511753748406 0.73997763116993 0.740903243204082 0.742285918434117 0.745623016406328 0.748059437937087 0.749509599357056 0.751320302430319 0.753414304024485 0.756998264561339 0.759497649697529
-9999 -9999 -9999 -9999 -9999 -9999 -9999 -9999 -9999 -9999 -9999 -9999 -9999 -9999 -9999 -9999 -9999 -9999 -9999 -9999 -9999 -9999 -9999 -9999 -9999 0.72378616515643 0.701350350797124 0.680022052129824 0.701992697079906 0.707895758189206 0.68301772079434 0.616182651791188 0.527829042740776 0.451875946788867 0.419639932304926 0.490229102333409 0.559708391730558 0.628493102905521 0.65749956726041 0.681758244778819 0.700363061925542 0.719771310335891 0.739787740002996 0.740437821665415 0.738504643493137 0.736104222265867 0.735056647608924 0.735241743253193 0.734787826666946 0.734763429764584 0.737642226283868 0.739560370463954 0.740426579632883 0.741208969857327 0.742145497043694 0.744456060987316 0.747396905183821
-9999 -9999 -9999 -9999 -9999 -9999 -9999 -9999 -9999 -9999 -9999 -9999 -9999 -9999 -9999 -9999 -9999 -9999 -9999 -9999 -9999 -9999 -9999 -9999 -9999 0.750771340511821 0.729297325094864 0.708319624872603 0.706745643971679 0.685290834772686 0.625749793054147 0.555059215490619 0.478650365580544 0.455764632444731 0.453982504884403 0.499426883279857 0.554697148763564 0.61611658650282 0.655678473463566 0.683264014248053 0.679809104696166 0.697139789394705 0.730204749576372 0.733189488959037 0.73170172023396 0.727706126150962 0.725414796832456 0.724676338775682 0.724460122505116 0.72480013983478 0.727555723582657 0.730264216228618 0.732921143103283 0.734330628307242 0.735822126633759 0.740465083034825 0.744522203349022
-9999 -9999 -9999 -9999 -9999 -9999 -9999 -9999 -9999 -9999 -9999 -9999 -9999 -9999 -9999 -9999 -9999 -9999 -9999 -9999 -9999 -9999 -9999 -9999 -9999 0.765316812968533 0.748607535869927 0.731928861569145 0.716446620715849 0.68118795269203 0.608043056170598 0.52720899585743 0.442431387284528 0.451599159237969 0.472636943506559 0.517000793297588 0.561946389844815 0.607256051334052 0.642928970245157 0.667013484664774 0.658601770372817 0.67608122775259 0.713159779714686 0.716967809471462 0.716355894335939 0.715010913904409 0.714753577817887 0.715487268291054 0.716703876479027 0.71822138980775 0.720846089556593 0.724059360306162 0.72791712898381 0.730779195558473 0.733566202894331 0.737769786379145 0.741216253168352
-9999 -9999 -9999 -9999 -9999 -9999 -9999 -9999 -9999 -9999 -9999 -9999 -9999 -9999 -9999 -9999 -9999 -9999 -9999 -9999 -9999 -9999 -9999 -9999 -9999 0.763925987206984 0.756853331340299 0.74953194828053 0.732486436897176 0.70078773061672 0.641017508419623 0.541984545329102 0.422814865462043 0.437115635947739 0.471193572456873 0.545305224122915 0.584902334830853 0.602899781735784 0.616179261956593 0.628015653215989 0.636557405430384 0.657037758326048 0.6865553910675 0.689250523417897 0.690065896763479 0.696810737052977 0.702786462965701 0.708061396585137 0.712241883060151 0.715978518029703 0.718462506296319 0.721814715668246 0.726117645858551 0.731489810805105 0.736521018001002 0.736734365663428 0.737357837844269
-9999 -9999 -9999 -9999 -9999 -9999 -9999 -9999 -9999 -9999 -9999 -9999 -9999 -9999 -9999 -9999 -9999 -9999 -9999 -9999 -9999 -9999 -9999 -9999 -9999 0.762924368952256 0.760460609071369 0.757708322415159 0.743675920572358 0.722216247379819 0.686527952553879 0.612264529647972 0.518217046559575 0.462561547207431 0.449906874526656 0.537064474507914 0.588135791966262 0.616623828617216 0.595229357629283 0.581758734353841 0.602580962498305 0.625403311738143 0.649739712293287 0.652839425152577 0.654182201658072 0.659179192581373 0.67410063213569 0.69806491021413 0.704092449943524 0.706993155936091 0.711252940050315 0.71569679486939 0.720342211076557 0.726712119737107 0.732946031392737 0.734646400628171 0.735017106081849
-9999 -9999 -9999 -9999 -9999 -9999 -9999 -9999 -9999 -9999 -9999 -9999 -9999 -9999 -9999 -9999 -9999 -9999 -9999 -9999 -9999 -9999 -9999 -9999 -9999 -9999 -9999 0.762479293459886 0.753117860423609 0.74353331330625 0.733521340598614 0.695041049984248 0.641960187893011 0.501220522157332 0.427922625713244 0.518666684773939 0.583726523221408 0.632712831067344 0.57579101519557 0.535095631734634 0.565428636232074 0.589265212689832 0.608184124191702 0.614579573104393 0.618458078466929 0.618756147349665 0.641827593323928 0.685649408345796 0.693768569777051 0.695959304319585 0.702414600918008 0.70819930266388 0.71324968859651 0.72019971964684 0.727261673009866 0.731376411439999 0.732198048964182
-9999 -9999 -9999 -9999 -9999 -9999 -9999 -9999 -9999 -9999 -9999 -9999 -9999 -9999 -9999 -9999 -9999 -9999 -9999 -9999 -9999 -9999 -9999 -9999 -9999 -9999 -9999 0.76265289242189 0.76025200657968 0.756142816730401 0.748760983374937 0.710961109620683 0.657560708484237 0.544290687431101 0.476714032801486 0.520303891648124 0.563258664457703 0.605815991886127 0.551924987173984 0.51244620877707 0.53656353677596 0.547544072612514 0.548580321826495 0.588142034553659 0.623129039377502 0.621424959798394 0.631892387681967 0.653450101854713 0.671173169499904 0.686451747668969 0.692647675241717 0.699057151110517 0.705700466964946 0.714093412868579 0.721495091742975 0.717624294677202 0.717355420281276
-9999 -9999 -9999 -9999 -9999 -9999 -9999 -9999 -9999 -9999 -9999 -9999 -9999 -9999 -9999 -9999 -9999 -9999 -9999 -9999 -9999 -9999 -9999 -9999 -9999 -9999 -9999 0.743660137712087 0.753021789469342 0.757372804587543 0.752124809581781 0.719760739401586 0.673489623675055 0.566988060889701 0.49474999384032 0.506648601829683 0.532502939482536 0.567090960403057 0.52318813401684 0.491340518296724 0.512221408312361 0.522147789685345 0.523781829031001 0.57445767111234 0.619601050296495 0.619164808761452 0.625089918806792 0.636811287896365 0.65627219296441 0.674610731405387 0.679318731602609 0.68632023084779 0.695833160969842 0.704008495296964 0.710327462186672 0.704820841858098 0.70531285244731
-9999 -9999 -9999 -9999 -9999 -9999 -9999 -9999 -9999 -9999 -9999 -9999 -9999 -9999 -9999 -9999 -9999 -9999 -9999 -9999 -9999 -9999 -9999 -9999 -9999 -9999 -9999 0.74341023327819 0.74275182739183 0.740987691044341 0.737105277388929 0.717538186983201 0.689926882488855 0.558149048504891 0.465177574928097 0.469321049486638 0.485821949021247 0.510056291259845 0.486911409925741 0.472624472960855 0.494880684451163 0.522021828008024 0.552860766582217 0.580514787122045 0.603381366685297 0.609274790610447 0.623136819439708 0.644259584869003 0.653281921557644 0.659157599366403 0.660475905827186 0.668018731411776 0.682377539560267 0.687764824117187 0.690799194365416 0.693485888419712 0.697604683164032
-9999 -9999 -9999 -9999 -9999 -9999 -9999 -9999 -9999 -9999 -9999 -9999 -9999 -9999 -9999 -9999 -9999 -9999 -9999 -9999 -9999 -9999 -9999 -9999 -9999 -9999 -9999 0.743337885244734 0.739778644609962 0.733442597677129 0.721786948927709 0.704116604119656 0.683361496804614 0.59680143719419 0.526766009800743 0.499171915855651 0.47547097272864 0.454206415729638 0.452470212097585 0.460366921530077 0.492813951795723 0.52144850251632 0.547197083140856 0.584349210148345 0.616036149309297 0.620940393141514 0.631896916099827 0.648368081218627 0.648328544000973 0.645471099796597 0.644183094804553 0.649195925345722 0.661108306563525 0.661733504021511 0.659796424656479 0.660533991146472 0.660705876320676
-9999 -9999 -9999 -9999 -9999 -9999 -9999 -9999 -9999 -9999 -9999 -9999 -9999 -9999 -9999 -9999 -9999 -9999 -9999 -9999 -9999 -9999 -9999 -9999 -9999 -9999 -9999 -9999 -9999 -9999 0.699049606809443 0.686644813993587 0.667877964074215 0.653155602870097 0.622908903798117 0.555719666041577 0.481391499762068 0.402595696025146 0.420709801511571 0.450692106345742 0.495347375508587 0.518738746492163 0.526033775568607 0.586223908835498 0.639648482295298 0.640819966258306 0.644633440261824 0.650854210650956 0.642378225044293 0.632391229284008 0.629064706885275 0.630505093358392 0.637165347761541 0.632487906079333 0.62514265977652 0.619748455567272 0.612949029394602
-9999 -9999 -9999 -9999 -9999 -9999 -9999 -9999 -9999 -9999 -9999 -9999 -9999 -9999 -9999 -9999 -9999 -9999 -9999 -9999 -9999 -9999 -9999 -9999 -9999 -9999 -9999 -9999 -9999 -9999 -9999 0.686644813993587 0.667877964074215 0.653338152238763 0.630828713263519 0.589245269657698 0.537318543804081 0.478918852847344 0.454778514735317 0.439352741129558 0.442589537618695 0.449475426170226 0.459123603789909 0.552200005582125 0.635749522845754 0.641314201524669 0.64412747827793 0.644433766053397 0.629717047648917 0.615455626558486 0.618557079641431 0.623543312213127 0.630593418937443 0.629597715574879 0.625379702083896 0.612152474077125 0.600480162325565
-9999 -9999 -9999 -9999 -9999 -9999 -9999 -9999 -9999 -9999 -9999 -9999 -9999 -9999 -9999 -9999 -9999 -9999 -9999 -9999 -9999 -9999 -9999 -9999 -9999 -9999 -9999 -9999 -9999 -9999 -9999 -9999 -9999 0.656641115098708 0.645158119631426 0.623169677414081 0.580365966456456 0.524535780445751 0.472985682494599 0.431540149234642 0.419311228631611 0.417617007866971 0.423897342334781 0.529049871362243 0.62456189352547 0.634043057387252 0.637702064706953 0.63605611016634 0.619094022933067 0.603448378564528 0.610002345889169 0.616436953663644 0.622740860158776 0.622524994235166 0.619018071933245 0.60289363531513 0.589215906533647
