layers/veg_sum/veg4700.asc
NCOLS 255 
NROWS 330 
XLLCORNER -2985163.8955 
YLLCORNER -3022031.214 
CELLSIZE 25000 
NODATA_value -9999 
[rows 150 to 174 of 330, columns 57 to 113 of 255]
-9999 -9999 -9999 -9999 -9999 -9999 -9999 -9999 -9999 -9999 -9999 -9999 -9999 -9999 -9999 -9999 -9999 -9999 -9999 -9999 -9999 0.469542886785063 0.470755536438846 0.320253133770565 0.170865621316907 0.10479148761759 0.063320419199514 0.0445744350227675 0.0767856396526488 0.11105344678935 0.1030660716088 0.0960818668719491 0.0902112343357961 0.0780144307792536 0.0613853315947148 0.0223360500098751 0 0 0.00659432354910587 0.0192903517496659 0.0883376972327422 0.123301510541162 0.103144878543851 0.12151115451545 0.15756697031956 0.257956941740368 0.325171424572914 0.32687390850338 0.33354459717918 0.342841467252533 0.37546735547586 0.39731537703023 0.391178132393314 0.387916829598492 0.38650760493585 0.392310250379033 0.39895115938097
-9999 -9999 -9999 -9999 -9999 -9999 -9999 -9999 -9999 -9999 -9999 -9999 -9999 -9999 -9999 -9999 -9999 -9999 -9999 -9999 -9999 0.498108395003826 0.502765572201218 0.375198533684021 0.23877973846876 0.136118566298021 0.0766442542207256 0.0570602981833474 0.0803956231368231 0.104894454833141 0.0907241431967987 0.0833204815143277 0.083428158834928 0.067019507784368 0.045378944647355 0.0165118661202434 0 0 0.00350980118616293 0.0114053330730765 0.065922556007615 0.10014494343137 0.101546191161372 0.124306731635747 0.157286223969372 0.248175165701929 0.309641980397521 0.313008600155081 0.31826118633842 0.32451068995928 0.364708883359145 0.393140826696777 0.390428618735787 0.388927622261407 0.38820663401771 0.407388794846574 0.422813742830233
-9999 -9999 -9999 -9999 -9999 -9999 -9999 -9999 -9999 -9999 -9999 -9999 -9999 -9999 -9999 -9999 -9999 -9999 -9999 -9999 -9999 0.493962895562676 0.491292738767017 0.399454709227642 0.29462592208702 0.184791921401951 0.100723905148846 0.040455125295102 0.064914703579518 0.0952514782183581 0.068635989714164 0.0627079162261561 0.0797439665428548 0.0687307704826358 0.0489461500600308 0.0178098517533434 0 0 0.00113281464101106 0.00619095192948755 0.0629667875548077 0.0998133032852429 0.104429797150067 0.120697835933897 0.143323688188947 0.239939887021465 0.303564294551004 0.302039452209863 0.308877164669638 0.320135304019994 0.364205850902985 0.396313389334197 0.396875028964394 0.404082892841415 0.415570859469101 0.423112898956043 0.42884861931694
-9999 -9999 -9999 -9999 -9999 -9999 -9999 -9999 -9999 -9999 -9999 -9999 -9999 -9999 -9999 -9999 -9999 -9999 -9999 -9999 -9999 0.505520774626541 0.500271537783399 0.425760660419448 0.335936646817074 0.221569383127899 0.119325678623707 0.0282801277086752 0.0532304207414408 0.0896400235915154 0.0665614521030333 0.0622230470629712 0.0786872170234887 0.0679075430534258 0.0485470029189581 0.0176646155825403 0.000232095839693054 0.000774371327123022 0.0113398415295444 0.0265640639590249 0.0600019194849989 0.081121659076837 0.0823203402485013 0.108980212908088 0.147578033081557 0.242027467695314 0.306155992370836 0.310409485717158 0.317746583836299 0.326713668219471 0.369767907371884 0.400490390603603 0.398676206186336 0.410862663698333 0.432065396287288 0.434524647553811 0.436077513122867
-9999 -9999 -9999 -9999 -9999 -9999 -9999 -9999 -9999 -9999 -9999 -9999 -9999 -9999 -9999 -9999 -9999 -9999 -9999 -9999 -9999 0.514872636071082 0.52615318369267 0.453932925950395 0.364012881532063 0.247515671009112 0.13293986175027 0.020138790927032 0.045002963803247 0.0876992571696519 0.0827092493664935 0.0800643824896195 0.0800227459597244 0.0647766702623899 0.0445365041396238 0.0162053304573709 0.000675514218053798 0.00225380533410934 0.0330045734288681 0.0702345087741835 0.057028766242271 0.0457132883923299 0.0374547774812039 0.0898796189262773 0.168418791050436 0.25351397963802 0.316641136999023 0.336387783662561 0.343235703993154 0.343265387780753 0.380852208403993 0.405581930116899 0.396247913233504 0.410016568161289 0.438663115482488 0.44201000989849 0.44439355597655
-9999 -9999 -9999 -9999 -9999 -9999 -9999 -9999 -9999 -9999 -9999 -9999 -9999 -9999 -9999 -9999 -9999 -9999 -9999 -9999 -9999 0.51391334671463 0.513907444982079 0.474074347399731 0.420338893086772 0.332331695162683 0.207484605367297 0.0486096561711965 0.0528186211670026 0.0825111961122349 0.0793145372016184 0.0765190433033232 0.07416886376653 0.0650855538911235 0.0526887149018919 0.027790942149713 0.0104743297498252 0.0032894011001527 0.0359725216643318 0.079156995996824 0.0774743151033983 0.0707910610645098 0.0560207984037056 0.109055185162731 0.191280020471739 0.281455709715066 0.341655508245787 0.342661588672593 0.348861162729519 0.357806005361082 0.386212060015777 0.408865384391983 0.416091738038995 0.430158579500783 0.448630627531685 0.453251735452775 0.456242860297075
-9999 -9999 -9999 -9999 -9999 -9999 -9999 -9999 -9999 -9999 -9999 -9999 -9999 -9999 -9999 -9999 -9999 -9999 -9999 -9999 -9999 0.48935111889013 0.493729173463756 0.48884151868073 0.472730328427182 0.417047967098445 0.284106389063528 0.079802881610584 0.0600837730600646 0.0732168347429093 0.0708310974797904 0.0680975337504256 0.0649778642641466 0.0629597408383049 0.0590080711918946 0.0370665170530681 0.0182775502477252 0.00370179307962977 0.0324331802636051 0.074431494946931 0.0948641892906617 0.10164902460735 0.0863623192402408 0.137406178291435 0.21714997255123 0.312471073902243 0.369942974220359 0.352673644732166 0.358413688219164 0.376316432394686 0.393530708207039 0.413061088212812 0.438303183105375 0.452451084163884 0.459454434003219 0.462836097528079 0.464342630944805
-9999 -9999 -9999 -9999 -9999 -9999 -9999 -9999 -9999 -9999 -9999 -9999 -9999 -9999 -9999 -9999 -9999 -9999 -9999 -9999 -9999 0.48571664789107 0.483670631426641 0.483259248406391 0.476330808088377 0.442776689734492 0.311166722187028 0.0889856242618311 0.0485155743424137 0.0455052765623408 0.0549349425019303 0.0552149643145938 0.0453383976731012 0.0445860950873937 0.0435890558164866 0.021212687414313 0.00627254523137521 0.0012703925971731 0.0131648184739073 0.0322823343973117 0.0728929003797867 0.102904091815393 0.115773801494008 0.176104730872015 0.256870731637203 0.3433446323473 0.401052524521202 0.401955866111721 0.408389585538862 0.417746649743535 0.416857850141732 0.423860300745889 0.450875229399815 0.465234950201242 0.471444842178341 0.459955098309027 0.449171948498412
-9999 -9999 -9999 -9999 -9999 -9999 -9999 -9999 -9999 -9999 -9999 -9999 -9999 -9999 -9999 -9999 -9999 -9999 -9999 -9999 -9999 0.482682669663035 0.481210728742793 0.484221050170219 0.482619483320905 0.460446357183459 0.333995575552206 0.111226775068569 0.0539860601699277 0.0334590593305009 0.0382883724155131 0.0358395413707071 0.0253115857598363 0.028767478609492 0.0328170803300052 0.0119410277404479 0 0 0.00221792472540061 0.00838503772856563 0.0612212898050064 0.101282378111595 0.120683262767942 0.180939659273252 0.258921925126122 0.34912347949815 0.412991557205305 0.424858631528065 0.432297353966457 0.437395259965779 0.437660331410935 0.444044244511089 0.465728335497326 0.472448729766009 0.469532651188998 0.452488117850202 0.4373735759387
-9999 -9999 -9999 -9999 -9999 -9999 -9999 -9999 -9999 -9999 -9999 -9999 -9999 -9999 -9999 -9999 -9999 -9999 -9999 -9999 -9999 0.48497374873109 0.487551380552189 0.4923434757145 0.49184962329012 0.469297683103782 0.352194279003503 0.14775663593652 0.0781005354019222 0.0385540979210507 0.0208206866322936 0.00935953874590991 0.00486093466672201 0.0157446142665545 0.0271299670124131 0.00987167918154072 0 0 0.00037650866670299 0.00445920986100632 0.0608197449010057 0.09651284670525 0.0987822376850519 0.148720491818473 0.219754503410257 0.327443309479131 0.403953916110542 0.418896592494842 0.427680976790516 0.433210102305031 0.455700290340308 0.474497104822739 0.483077412142721 0.473567635462916 0.452408023416173 0.44000308653089 0.429265236469818
-9999 -9999 -9999 -9999 -9999 -9999 -9999 -9999 -9999 -9999 -9999 -9999 -9999 -9999 -9999 -9999 -9999 -9999 -9999 -9999 -9999 -9999 0.489243618377788 0.488617042603363 0.484256435512749 0.465453273144371 0.349027231328309 0.142429979788181 0.065978795355625 0.0208679629516842 0.00909069815020474 0.00207924285229468 0.000358087931883991 0.00689445643192162 0.0136853009463706 0.00497961904574354 0 0 0 0.00236879672482719 0.0393476865307512 0.059314336586699 0.051768514465135 0.130061379729077 0.24451081337049 0.325849652806957 0.382579845249735 0.390715074259097 0.415761290894887 0.449746616000488 0.45901657692593 0.466229383957837 0.470138600864699 0.459699066975342 0.440019079338003 0.431486517888091 0.424394712661331
-9999 -9999 -9999 -9999 -9999 -9999 -9999 -9999 -9999 -9999 -9999 -9999 -9999 -9999 -9999 -9999 -9999 -9999 -9999 -9999 -9999 -9999 -9999 0.432395677374781 0.471100324683769 0.457056518275658 0.340482175864127 0.129203574395783 0.0489081848529366 0.00229113966465078 0.000789814479646047 0 0 0 0 0 0.000139783222110985 0.000466376818122927 0.000420299542730917 0.00111947227342417 0.0145610052026186 0.0176722057011295 0.00407702375026153 0.117324188926617 0.282755133280018 0.33191631882785 0.364295733757662 0.363536003339915 0.404668056427529 0.467944008205194 0.458591114836803 0.450567891692152 0.450870550441698 0.442899101851276 0.429599209881589 0.424509413510371 0.420623210483217
-9999 -9999 -9999 -9999 -9999 -9999 -9999 -9999 -9999 -9999 -9999 -9999 -9999 -9999 -9999 -9999 -9999 -9999 -9999 -9999 -9999 -9999 0.386402150733929 0.419937893129411 0.448272618151284 0.438595606633994 0.33282223708252 0.138287658037493 0.0659065131444268 0.0224666659776825 0.00774483475290431 0 0 0 0 0 0.00137069904943153 0.00457324027607862 0.00412141153278296 0.00275327464638078 0.00617367416813039 0.00640462982480222 0.00147756473351162 0.123607868986053 0.298037740349735 0.357479853749712 0.394881598595786 0.388759987435714 0.414678350602725 0.457532969191755 0.458497490434195 0.454874992606067 0.442962537782267 0.433285749329998 0.425048707932748 0.421587430113485 0.418934650206209
-9999 -9999 -9999 -9999 -9999 -9999 -9999 -9999 -9999 -9999 -9999 -9999 -9999 -9999 -9999 -9999 -9999 -9999 -9999 -9999 -9999 0.371287267303821 0.376518511331684 0.404913133879832 0.428378331557204 0.420300418957583 0.325170657121956 0.149633816548864 0.0929812286709047 0.058593468768614 0.020198668269834 0 0 0 0 0 0.00153911885668013 0.00513516103185511 0.00462781542664378 0.00273717472529913 0.00104538294230124 0 0 0.126497955953649 0.304950267950225 0.362699475212961 0.402498207069742 0.406849939496259 0.426730931418817 0.454820653556163 0.456086778894821 0.451646697073108 0.43512722401464 0.42661771622849 0.423266546939745 0.420972642229757 0.418835058149756
-9999 -9999 -9999 -9999 -9999 -9999 -9999 -9999 -9999 -9999 -9999 -9999 -9999 -9999 -9999 -9999 -9999 -9999 -9999 -9999 -9999 0.364058082599111 0.356511457137221 0.386507599993383 0.412347437364993 0.402223494169409 0.317530085951948 0.163959188076924 0.13332681529644 0.115728528692479 0.0398945856857596 0 0 0 0 0 0.000308203029359569 0.00102829757389937 0.000926703436591696 0.000548109418945908 0.000209334183815422 0 0 0.124918590186431 0.300839177349608 0.341125619325302 0.379863691471009 0.415544180837423 0.44147325828442 0.462247762219385 0.450624401713763 0.438494083171406 0.427387656629092 0.423828747463611 0.4251303649198 0.423396492455246 0.420828179676428
-9999 -9999 -9999 -9999 -9999 -9999 -9999 -9999 -9999 -9999 -9999 -9999 -9999 -9999 -9999 -9999 -9999 -9999 -9999 -9999 -9999 0.409540859456984 0.405565866401983 0.399117287986927 0.392537013054405 0.386722327782205 0.316986236606943 0.188207935960374 0.136814751862321 0.0962420756932257 0.0331771066192452 0 0 0 0 0 0 0 0.00306425528989157 0.00664544065931431 0.0025380295401358 0 0 0.131429236816094 0.316618633249102 0.36451658553482 0.402836896947108 0.42224413653785 0.438301539364489 0.452588226319769 0.441554076978673 0.431998969160974 0.427829699361621 0.427361951393618 0.429277946914193 0.425215737946079 0.419046667699686
-9999 -9999 -9999 -9999 -9999 -9999 -9999 -9999 -9999 -9999 -9999 -9999 -9999 -9999 -9999 -9999 -9999 -9999 -9999 -9999 -9999 0.474718814580375 0.473616593406641 0.420597758772994 0.372804240772332 0.372678079348485 0.31768647374377 0.21201736813263 0.130425316279767 0.0596243340192992 0.0220256605593958 0.00161302367192567 0.000277795501435695 0 0 0 0 0 0.00659901689092946 0.0143112668527159 0.00546576516006495 0 0 0.140151201331699 0.337840478600964 0.400508163499274 0.4387071314426 0.428587457325071 0.430209181356632 0.438037380962568 0.431975553774714 0.428126947568895 0.430660837234737 0.43233982143022 0.433468254949207 0.425594084489207 0.41473462960167
-9999 -9999 -9999 -9999 -9999 -9999 -9999 -9999 -9999 -9999 -9999 -9999 -9999 -9999 -9999 -9999 -9999 -9999 -9999 -9999 -9999 0.475525170471068 0.475848215182001 0.421556093793894 0.371542775098931 0.366856728456292 0.302861468003728 0.184084136101504 0.157582071398233 0.139640084548401 0.0713652063340023 0.0254594617225457 0.00438463741022108 0 0 0 0 0 0.00251124402854662 0.00544612690326936 0.00207998711725043 0 0 0.142106823785652 0.342502345749075 0.403164374700663 0.442367812082323 0.439196734809006 0.436768626540657 0.434733249949004 0.432003189972992 0.429759650071178 0.428754342825727 0.42812320349112 0.427733024594341 0.408895133260233 0.392921041261583
-9999 -9999 -9999 -9999 -9999 -9999 -9999 -9999 -9999 -9999 -9999 -9999 -9999 -9999 -9999 -9999 -9999 -9999 -9999 -9999 -9999 0.471543645812401 0.47383213083402 0.424082368427976 0.375866539115896 0.360781576953323 0.291323103613772 0.171641513444309 0.179254960095382 0.193897134539581 0.113222503316762 0.05083760278026 0.00875526974707769 0 0 0 0 0 0 0 0 0.00226679443148508 0.00819948586682933 0.15019787741185 0.347884340455489 0.405135730151592 0.443066910819778 0.442846264145391 0.439373472760629 0.434181605295405 0.432486182720252 0.430196202529463 0.426208050666473 0.420818720150795 0.414527044426346 0.394488894319178 0.379897633786653
-9999 -9999 -9999 -9999 -9999 -9999 -9999 -9999 -9999 -9999 -9999 -9999 -9999 -9999 -9999 -9999 -9999 -9999 -9999 -9999 -9999 0.46870006815569 0.465962417359012 0.4291062053687 0.389086984504596 0.354302147866226 0.28502001198714 0.183873796474802 0.192192628409427 0.207123293423255 0.143161367730862 0.0786555850559192 0.013546092392582 0 0 0 0 0 0 0 0 0.00814435313054012 0.0294598872578758 0.168062025296254 0.354413422352294 0.406016182679056 0.439048522184025 0.435409649289161 0.435679060241634 0.43801438088631 0.433694510386828 0.428727414222158 0.422642628222193 0.408595593152737 0.389420948349065 0.383734704055344 0.380876056619992
-9999 -9999 -9999 -9999 -9999 -9999 -9999 -9999 -9999 -9999 -9999 -9999 -9999 -9999 -9999 -9999 -9999 -9999 -9999 -9999 -9999 0.462275101387258 0.462363858754676 0.437584683555677 0.404753412504249 0.353008691407198 0.283685876793786 0.198126725309545 0.189424951829116 0.185199874890927 0.124686287100426 0.0666890896227616 0.0114852183600804 0 0 0 0 0 0 0.000555007558055908 0.00921913779586754 0.0410102347150265 0.110202640146294 0.236698206247679 0.385451091652076 0.410360260866013 0.42701934864235 0.427386910684432 0.43228362954566 0.439574450098493 0.431962619999929 0.421967744226189 0.407186776769065 0.393938044274128 0.381676055956451 0.381288417834572 0.37924588101611
-9999 -9999 -9999 -9999 -9999 -9999 -9999 -9999 -9999 -9999 -9999 -9999 -9999 -9999 -9999 -9999 -9999 -9999 -9999 -9999 -9999 0.424554268203525 0.456218363442471 0.446207247431975 0.420363557005988 0.353575056041841 0.284024307282708 0.211922156366206 0.179245628002214 0.14836526858591 0.0859018863750907 0.0380960673767302 0.00656091805956736 0 0 0 0 0 0 0.0014203998355337 0.0235940242956001 0.0862254492376473 0.214285890375247 0.324596598738697 0.425263602404133 0.415470248640139 0.411538546998353 0.419181913689708 0.428974407002858 0.439902923617071 0.428613318967468 0.412706352532963 0.38706079470708 0.378538086849302 0.38104232519827 0.381780839993874 0.37588376539776
-9999 -9999 -9999 -9999 -9999 -9999 -9999 -9999 -9999 -9999 -9999 -9999 -9999 -9999 -9999 -9999 -9999 -9999 -9999 -9999 -9999 0.402687988615059 0.39570257104991 0.395812830562877 0.387059415467358 0.339559066216997 0.265462823244877 0.166800782540176 0.133101459441378 0.106538186633677 0.0505484593792807 0.0151500688552073 0.00260915016169182 0 0 0 0 0 0 0.00573928854844453 0.0953343629475848 0.175817406705158 0.241564325579051 0.317197275091193 0.395505199447364 0.389395023406855 0.392520381363738 0.413883248965357 0.423878161133239 0.427863998671833 0.408179586952881 0.39111033202933 0.382089756359157 0.375866309385066 0.371444185655788 0.357078848676929 0.343991669700448
-9999 -9999 -9999 -9999 -9999 -9999 -9999 -9999 -9999 -9999 -9999 -9999 -9999 -9999 -9999 -9999 -9999 -9999 -9999 -9999 -9999 0.32748152923752 0.338334753793871 0.352581846770022 0.357156677229474 0.321711771571077 0.244618786729271 0.129056769792746 0.0899428833172934 0.0629800236991052 0.0217108260196728 0 0 0 0 0 0 0 0 0.00882033654384242 0.146513136304746 0.243462662695053 0.274521501468473 0.316668288991513 0.362813003048646 0.368280904542933 0.380179808622539 0.404778083600264 0.412341595659567 0.410900571919474 0.389381013343158 0.373951939036318 0.374818882604201 0.368316355342781 0.357067961677212 0.335743856221037 0.320510850308827
-9999 -9999 -9999 -9999 -9999 -9999 -9999 -9999 -9999 -9999 -9999 -9999 -9999 -9999 -9999 -9999 -9999 -9999 -9999 -9999 -9999 0.315231190639478 0.304431457883909 0.323271781839949 0.333863990187062 0.296418984940359 0.21933899608503 0.105649408746194 0.0525863004033062 0.016057798080682 0.00553553396636266 0 0 0 0 0 0 0 0 0.00949585076651676 0.157733990167921 0.268458221629935 0.318514348032259 0.329490640238779 0.324419476012672 0.35680785561049 0.380816006638956 0.388275628973595 0.388289359877513 0.384367210002377 0.373760093135045 0.365417323478108 0.363078668274923 0.351286491372034 0.333406339894753 0.320952055759389 0.313375921740462
