layers/veg_sum/veg4100.asc
NCOLS 255 
NROWS 330 
XLLCORNER -2985163.8955 
YLLCORNER -3022031.214 
CELLSIZE 25000 
NODATA_value -9999 
[rows 75 to 99 of 330, columns 0 to 56 of 255]
-9999 -9999 -9999 -9999 -9999 -9999 -9999 -9999 -9999 -9999 -9999 -9999 -9999 -9999 -9999 -9999 -9999 -9999 -9999 -9999 -9999 -9999 -9999 -9999 -9999 0.684182553421158 0.687354223808798 0.690486924105164 0.692096066950348 0.696292917205709 0.705447107499372 0.663424623751424 0.595155113756928 0.429531734405659 0.316307837823047 0.332020789357427 0.38914256363354 0.472178535951152 0.592180897103912 0.687477940670802 0.701201356344642 0.716442580808978 0.732832755904825 0.740123210048981 0.745764282722305 0.749498824083004 0.752968290661582 0.756196229620778 0.764725297199224 0.77335723558821 0.777253208349076 0.781606047018466 0.786459163702045 0.79003678349097 0.793869398599698 0.802262673612807 0.810259037011596
-9999 -9999 -9999 -9999 -9999 -9999 -9999 -9999 -9999 -9999 -9999 -9999 -9999 -9999 -9999 -9999 -9999 -9999 -9999 -9999 -9999 -9999 -9999 -9999 -9999 0.675236348393677 0.677461348232447 0.679938856868617 0.692288337758022 0.703801650709257 0.713713094460622 0.684540753479548 0.635323477127082 0.464378083306635 0.337417676758576 0.320717628620055 0.382555436463929 0.493543290576358 0.602563565870578 0.68823037682223 0.704678221247797 0.718958511129356 0.731598005953086 0.739510340020753 0.745964031667788 0.749096490352048 0.753022754715648 0.757672309293615 0.764127103704487 0.770413653251275 0.77401459754549 0.77844465853438 0.7837826201694 0.787756681401158 0.792003600518585 0.80112875326334 0.808543520753732
-9999 -9999 -9999 -9999 -9999 -9999 -9999 -9999 -9999 -9999 -9999 -9999 -9999 -9999 -9999 -9999 -9999 -9999 -9999 -9999 -9999 -9999 -9999 -9999 -9999 0.671409115597549 0.670564036442987 0.67028083042511 0.691964368030934 0.709210435463516 0.71795552304341 0.701013381196624 0.670897007190572 0.493751397086568 0.353324928443324 0.307247540566984 0.378721563456945 0.523760839762949 0.619498126778766 0.692807946902213 0.709779448033598 0.721858062411189 0.730232860233699 0.738706434489026 0.745990059278776 0.74861638127899 0.752979548816697 0.758925274169032 0.763342656201948 0.767297204074118 0.77033099650838 0.774685170334119 0.780485190234551 0.78498071203856 0.789731455120819 0.799102981355296 0.805661582094735
-9999 -9999 -9999 -9999 -9999 -9999 -9999 -9999 -9999 -9999 -9999 -9999 -9999 -9999 -9999 -9999 -9999 -9999 -9999 -9999 -9999 -9999 -9999 -9999 -9999 0.692507154649957 0.682695764970904 0.673610983820948 0.692933368330515 0.706373591560495 0.708545201689802 0.696730040498747 0.677741471484206 0.490277636227561 0.341421989842428 0.292473199394725 0.38262992398517 0.559840750254537 0.649655612792343 0.713565192346067 0.718909551559764 0.725104415377211 0.731943094020149 0.739404874036015 0.745915086523944 0.748433022461763 0.75257868487486 0.758207479321244 0.762047138625095 0.765421262872922 0.768120074724525 0.77219601321782 0.777779935057515 0.782222334942929 0.786721170675756 0.793958314358369 0.799718227588349
-9999 -9999 -9999 -9999 -9999 -9999 -9999 -9999 -9999 -9999 -9999 -9999 -9999 -9999 -9999 -9999 -9999 -9999 -9999 -9999 -9999 -9999 -9999 -9999 -9999 0.702418494406607 0.688394952605212 0.67517023469635 0.693175982353518 0.704422514956243 0.702720239171636 0.658461070214138 0.592375709676229 0.459613260720959 0.355630568571362 0.323134483647073 0.418881946984041 0.594885947144439 0.670949898090416 0.723037641177107 0.724994355548833 0.728150092148826 0.732213464384471 0.737883071350497 0.74316524172776 0.746155825443883 0.749782445473495 0.753988601343553 0.758047178557903 0.762016970626984 0.765665143478266 0.770082611404378 0.775342474013877 0.779534530055555 0.783727836927447 0.790079565782885 0.795244843521344
-9999 -9999 -9999 -9999 -9999 -9999 -9999 -9999 -9999 -9999 -9999 -9999 -9999 -9999 -9999 -9999 -9999 -9999 -9999 -9999 -9999 -9999 -9999 -9999 -9999 0.702418494406607 0.688394952605212 0.67516047794118 0.692775023058655 0.70325622217529 0.700071880281407 0.590081062457954 0.425312312509691 0.404858184924712 0.392973774680134 0.394051424079434 0.483790235718293 0.629014394796161 0.684391447626111 0.722511836693452 0.72838104478797 0.731017971172305 0.731208125515659 0.734394149094976 0.738045478432248 0.7420235019715 0.744863919649974 0.746667787441841 0.751651100774002 0.757258569714014 0.762994021502124 0.768302126242534 0.773142276757417 0.776909251666385 0.780749521381576 0.787322412348863 0.792073843300703
-9999 -9999 -9999 -9999 -9999 -9999 -9999 -9999 -9999 -9999 -9999 -9999 -9999 -9999 -9999 -9999 -9999 -9999 -9999 -9999 -9999 -9999 -9999 -9999 -9999 -9999 -9999 -9999 -9999 0.702245197328315 0.696404115924376 0.572235117550362 0.38737917535722 0.389832232003919 0.398449969126534 0.412158290516972 0.499739845365803 0.633552262988653 0.681093725316804 0.714619913562146 0.724796161667379 0.729139791760077 0.729068247694586 0.73314018774423 0.737430814101633 0.74052779522513 0.742373494422375 0.74307906575681 0.748382064957806 0.754350141362577 0.75925013914498 0.763982392800194 0.768530963021656 0.772592905128333 0.776853519652768 0.78364697807112 0.788533552173811
-9999 -9999 -9999 -9999 -9999 -9999 -9999 -9999 -9999 -9999 -9999 -9999 -9999 -9999 -9999 -9999 -9999 -9999 -9999 -9999 -9999 -9999 -9999 -9999 -9999 -9999 -9999 -9999 -9999 0.69875096382287 0.688588749094566 0.563178791462505 0.378661621619058 0.387775324668929 0.405173268367777 0.432357054202468 0.515100145611973 0.632612997482762 0.675411997118547 0.706598139967027 0.719127583262772 0.725485562604708 0.727171868247372 0.732648005915764 0.737805708676743 0.739863672930344 0.740950138883928 0.741151406819956 0.746188813914145 0.75178348752284 0.755503383796716 0.759436198008705 0.763602161950792 0.768074546573799 0.772903964967794 0.779908866251333 0.784980709422843
-9999 -9999 -9999 -9999 -9999 -9999 -9999 -9999 -9999 -9999 -9999 -9999 -9999 -9999 -9999 -9999 -9999 -9999 -9999 -9999 -9999 -9999 -9999 -9999 -9999 -9999 -9999 -9999 0.702236275020158 0.692300585791423 0.663330831958632 0.552865560915472 0.400603611614997 0.415108880226952 0.44673352210276 0.510414002972879 0.571420488719573 0.630753552364348 0.672791650289369 0.704532540482526 0.709264732730957 0.717183355417821 0.727514041658033 0.733970665075389 0.739101263838157 0.741004116225815 0.74269910246903 0.744204687764273 0.746584644638403 0.74927110203233 0.75270446518256 0.75603217802022 0.759244201489106 0.764060152942842 0.769509040413359 0.776680167429693 0.781696178640455
-9999 -9999 -9999 -9999 -9999 -9999 -9999 -9999 -9999 -9999 -9999 -9999 -9999 -9999 -9999 -9999 -9999 -9999 -9999 -9999 -9999 -9999 -9999 -9999 -9999 -9999 -9999 0.693643394869152 0.693106679593792 0.681745894212175 0.649649149307443 0.560295779956304 0.441577154797184 0.443013143781909 0.467743905050577 0.541507794460986 0.591726486871593 0.627210278418571 0.670743207859086 0.70516196041535 0.710681627272076 0.717243262115479 0.724593645702338 0.732788421075126 0.739678161243009 0.741097667031533 0.742773511277794 0.744682922885532 0.745981382582207 0.747513149490842 0.750884622800334 0.753788839138901 0.756181399026046 0.760637558085909 0.765764673430924 0.771986402720954 0.776013461008798
-9999 -9999 -9999 -9999 -9999 -9999 -9999 -9999 -9999 -9999 -9999 -9999 -9999 -9999 -9999 -9999 -9999 -9999 -9999 -9999 -9999 -9999 -9999 -9999 -9999 -9999 -9999 0.69335307597539 0.681175862749859 0.666820894072726 0.648293941248009 0.586619377565372 0.502815660398808 0.471525102147537 0.466872607866938 0.522594809932946 0.573684099059354 0.621874048975504 0.669303734178633 0.70866106033053 0.724109291915186 0.726207219993775 0.71819923767033 0.728938934527566 0.73948982565365 0.740076477660534 0.741064839679002 0.742419226945153 0.744314277893132 0.746558523677879 0.750107309257014 0.752781403538176 0.754497692000576 0.757845115681491 0.761648217129143 0.765732623185598 0.767777133280287
-9999 -9999 -9999 -9999 -9999 -9999 -9999 -9999 -9999 -9999 -9999 -9999 -9999 -9999 -9999 -9999 -9999 -9999 -9999 -9999 -9999 -9999 -9999 -9999 -9999 0.694318999026692 0.682976869941194 0.672002338088031 0.675399225034368 0.67174877756434 0.654597563768052 0.594970644877108 0.51355917340751 0.453215218886803 0.429655438298421 0.492075040174669 0.553437260693553 0.61413775774179 0.656318152002191 0.691253020907792 0.708541167601389 0.718097489179932 0.721800975141562 0.729297372535033 0.735863680583167 0.73695980498793 0.738230384926197 0.739659923137892 0.740887323478395 0.742276081798592 0.744717723748767 0.746811096613573 0.748523107325545 0.751331227316328 0.754516750893339 0.758448041320283 0.760762213751276
-9999 -9999 -9999 -9999 -9999 -9999 -9999 -9999 -9999 -9999 -9999 -9999 -9999 -9999 -9999 -9999 -9999 -9999 -9999 -9999 -9999 -9999 -9999 -9999 -9999 0.70045502750264 0.675943113282282 0.652549153301578 0.672862237779949 0.678351264617277 0.655441449226548 0.591398894447866 0.506260555104711 0.427853565993413 0.393797492735285 0.464354000049174 0.535025932441303 0.605770099399363 0.642018562228752 0.671158732941597 0.686476736564038 0.705137633779211 0.726329033998777 0.729809797232341 0.731124784138111 0.732774018468361 0.734247154654623 0.735559835873594 0.736092912156938 0.736582238954789 0.737617003965968 0.739059099724928 0.7409472314297 0.743502814898016 0.746412271622949 0.75074602878322 0.753910555374999
-9999 -9999 -9999 -9999 -9999 -9999 -9999 -9999 -9999 -9999 -9999 -9999 -9999 -9999 -9999 -9999 -9999 -9999 -9999 -9999 -9999 -9999 -9999 -9999 -9999 0.716930096989871 0.700729270886983 0.684883554296558 0.682921042133041 0.661446909014165 0.602593843720151 0.533049064106696 0.458020815478924 0.435258592661686 0.433314533594338 0.477985241394241 0.533998294665415 0.597109540238042 0.638904697705118 0.66907603979374 0.669142415874006 0.687472830943061 0.719628755036391 0.72387117650565 0.724443344899285 0.724547728197395 0.72389526541005 0.722553188802043 0.724473289306658 0.726565173921558 0.72631519001717 0.727221622861414 0.729394356963393 0.732767927012374 0.73662524855819 0.741849264037776 0.746052901586084
-9999 -9999 -9999 -9999 -9999 -9999 -9999 -9999 -9999 -9999 -9999 -9999 -9999 -9999 -9999 -9999 -9999 -9999 -9999 -9999 -9999 -9999 -9999 -9999 -9999 0.727840322559576 0.718499964046948 0.709037804001508 0.694813745104561 0.660805376420432 0.588895678299919 0.50822469036766 0.423060291952032 0.433322923037745 0.454950315823294 0.498632998274095 0.543882080561199 0.590111436927171 0.626641047686679 0.652605971782332 0.649140844039434 0.668480682722166 0.705083420882356 0.708776793673251 0.70899178819897 0.711942525790799 0.713060540183949 0.712508636120042 0.715523834642567 0.718594247245393 0.718403927386689 0.718680171841022 0.719467314271463 0.722879401125622 0.726966439708529 0.731049798392591 0.73477915092792
-9999 -9999 -9999 -9999 -9999 -9999 -9999 -9999 -9999 -9999 -9999 -9999 -9999 -9999 -9999 -9999 -9999 -9999 -9999 -9999 -9999 -9999 -9999 -9999 -9999 0.731621518366265 0.72728326141125 0.722712596802207 0.709055825350068 0.680997878164914 0.625351214891117 0.526349226153762 0.405111553158294 0.419421041447864 0.453678712532833 0.528269497483742 0.567744311363092 0.585243078387799 0.602655758376214 0.617704475120985 0.625722300753967 0.647788094220482 0.68048791590904 0.681953115011163 0.682304978662326 0.693727571267663 0.70160726174522 0.706258773707332 0.709995088403315 0.713244594671965 0.714836244130499 0.714361205167636 0.711623097851208 0.714075135636788 0.717471883975223 0.717812814005567 0.719129094911485
-9999 -9999 -9999 -9999 -9999 -9999 -9999 -9999 -9999 -9999 -9999 -9999 -9999 -9999 -9999 -9999 -9999 -9999 -9999 -9999 -9999 -9999 -9999 -9999 -9999 0.731820235343961 0.731164952425622 0.73024546226644 0.718996642683582 0.701001137527043 0.670080827043336 0.596995044660632 0.502283819273734 0.449272621621986 0.438055870462907 0.523628823076273 0.573658367343736 0.601444368763085 0.582006431644315 0.570051473322661 0.590506343817942 0.61451666110228 0.641218379872213 0.644452527260874 0.647056547598162 0.658777580360552 0.675676808430924 0.697294241588286 0.701747014776945 0.70314176407782 0.705489908558844 0.706576185509949 0.706280690325601 0.711581312473814 0.717930453137921 0.721218673476461 0.722447089227677
-9999 -9999 -9999 -9999 -9999 -9999 -9999 -9999 -9999 -9999 -9999 -9999 -9999 -9999 -9999 -9999 -9999 -9999 -9999 -9999 -9999 -9999 -9999 -9999 -9999 -9999 -9999 0.73540144797884 0.72751147091174 0.720331562201124 0.71451195036166 0.67902010748521 0.628310241136032 0.49351766983943 0.423190076944006 0.50967870294782 0.572754555765083 0.621178380321579 0.562632515135288 0.521015528941915 0.552748559405008 0.577320926507842 0.596472815918538 0.60480437527884 0.612161064502424 0.621070973250557 0.645978689405469 0.68546309334406 0.691075218521018 0.690923125085147 0.694079536508242 0.697623539573276 0.701591963837895 0.710455488083909 0.720275628535598 0.727726744600986 0.729391064272554
-9999 -9999 -9999 -9999 -9999 -9999 -9999 -9999 -9999 -9999 -9999 -9999 -9999 -9999 -9999 -9999 -9999 -9999 -9999 -9999 -9999 -9999 -9999 -9999 -9999 -9999 -9999 0.735596277245987 0.735518088297388 0.732054215179104 0.722104296681266 0.692241149110786 0.652165086068345 0.541539475211544 0.475196058823911 0.517221239765679 0.558943777137096 0.60047691609294 0.545759493941795 0.505839530487718 0.530622149059617 0.541696734968197 0.54239461672015 0.581203273817706 0.615932729443708 0.616094418460125 0.627400096207466 0.648859818210064 0.661156506900402 0.671429016448071 0.680143161633737 0.688030946736831 0.695013849743448 0.701072549472854 0.706227098631967 0.706170724022036 0.705473422639142
-9999 -9999 -9999 -9999 -9999 -9999 -9999 -9999 -9999 -9999 -9999 -9999 -9999 -9999 -9999 -9999 -9999 -9999 -9999 -9999 -9999 -9999 -9999 -9999 -9999 -9999 -9999 0.6991035976808 0.719919118182737 0.730466600866309 0.72134332989684 0.69820526954535 0.667879431722221 0.565173990314483 0.495490819010383 0.507623074246844 0.532981102715396 0.566615997902087 0.522365334998733 0.490531445151833 0.512374832317987 0.521980954619499 0.522323714314175 0.570533765200292 0.613148440408133 0.610518266862219 0.615929942173359 0.628669091619684 0.642394315059474 0.655516836552967 0.664476560593056 0.672767483266149 0.680326054031331 0.686314191537369 0.691114779430782 0.689788560549412 0.688657895158769
-9999 -9999 -9999 -9999 -9999 -9999 -9999 -9999 -9999 -9999 -9999 -9999 -9999 -9999 -9999 -9999 -9999 -9999 -9999 -9999 -9999 -9999 -9999 -9999 -9999 -9999 -9999 0.698731314750258 0.704619943537684 0.708275147434701 0.707651719756827 0.692935923855522 0.670992562553314 0.551057813093001 0.466697691195886 0.471491686996732 0.488207708685099 0.512384694473605 0.488876677566007 0.475018893834873 0.500132219974298 0.526890851400616 0.554894945733884 0.579881920592276 0.60021575855229 0.604013959887151 0.615463409157463 0.633884429560912 0.64090203475713 0.645149360000207 0.646131628547576 0.64872570575722 0.653084748182635 0.663234868099297 0.674355750733514 0.681415351150635 0.682836197795848
-9999 -9999 -9999 -9999 -9999 -9999 -9999 -9999 -9999 -9999 -9999 -9999 -9999 -9999 -9999 -9999 -9999 -9999 -9999 -9999 -9999 -9999 -9999 -9999 -9999 -9999 -9999 0.69862353779931 0.700190789633496 0.702146914654419 0.704848014401174 0.692621197061908 0.672738285634844 0.588832086890758 0.522211973455476 0.499744786671118 0.478606004791998 0.458298556563881 0.456515591763964 0.465002829884126 0.500155386868322 0.528958311475284 0.55295469248112 0.588763298372197 0.618843769725227 0.62092188806616 0.628606495102158 0.641399554389938 0.641425198831263 0.639088140824534 0.636995361162637 0.637270815413518 0.640139536828604 0.646183422764007 0.652041505338953 0.650057509425245 0.646478811962524
-9999 -9999 -9999 -9999 -9999 -9999 -9999 -9999 -9999 -9999 -9999 -9999 -9999 -9999 -9999 -9999 -9999 -9999 -9999 -9999 -9999 -9999 -9999 -9999 -9999 -9999 -9999 -9999 -9999 -9999 0.707750258403736 0.694276695725538 0.67389293499575 0.646363243097389 0.610184096397596 0.553898855009881 0.484954816383225 0.408088732238321 0.426583913940834 0.457203575416774 0.503591499952959 0.527907846010243 0.535516452469109 0.596316174554977 0.649443140779695 0.646657678717109 0.646746202314713 0.649453409247985 0.642395710066603 0.63443622486722 0.631441341716911 0.630913090976181 0.6330858558739 0.631893764974638 0.62806839162921 0.610421080873634 0.598907132957453
-9999 -9999 -9999 -9999 -9999 -9999 -9999 -9999 -9999 -9999 -9999 -9999 -9999 -9999 -9999 -9999 -9999 -9999 -9999 -9999 -9999 -9999 -9999 -9999 -9999 -9999 -9999 -9999 -9999 -9999 -9999 0.694276695725538 0.67389293499575 0.656667889556674 0.633634541238754 0.596696009318419 0.546452464427724 0.487882463525247 0.463744473359045 0.448627221226953 0.453048631551903 0.460113555592814 0.469179566181901 0.565101043579416 0.649781607015585 0.648151047195947 0.646194289318485 0.643940310257919 0.630632888516521 0.61802263175946 0.620098840468964 0.623480810180136 0.628292616324124 0.628013403205077 0.624689536761174 0.607800131250414 0.593155966567807
-9999 -9999 -9999 -9999 -9999 -9999 -9999 -9999 -9999 -9999 -9999 -9999 -9999 -9999 -9999 -9999 -9999 -9999 -9999 -9999 -9999 -9999 -9999 -9999 -9999 -9999 -9999 -9999 -9999 -9999 -9999 -9999 -9999 0.665155512844175 0.655655591881725 0.63496714491211 0.592412601235605 0.536173960235418 0.484478326313574 0.443165234121555 0.43184146914791 0.430244910336443 0.436011650336302 0.543900705490427 0.640266154222996 0.641706884286165 0.640561151812581 0.63705871782961 0.621144008294712 0.606477342706041 0.610757630171248 0.61628092366135 0.623165335532483 0.620211512199678 0.613631908323048 0.598494602879214 0.583078275688632
