layers/veg_sum/veg4800.asc
NCOLS 255 
NROWS 330 
XLLCORNER -2985163.8955 
YLLCORNER -3022031.214 
CELLSIZE 25000 
NODATA_value -9999 
[rows 234 to 259 of 330, columns 57 to 113 of 255]
-9999 -9999 -9999 -9999 -9999 -9999 -9999 -9999 -9999 -9999 -9999 -9999 -9999 -9999 -9999 -9999 0.356611781920822 0.345943936757117 0.344621371159887 0.342205480154443 0.334323836316566 0.308057822057479 0.267681077390259 0.241541630016231 0.219832074861017 0.208238609167308 0.190309608402971 0.166528671444989 0.159432535494381 0.155037735203233 0.147787920666462 0.142942363821329 0.140765660056485 0.134963723650815 0.128647783061111 0.125879526410778 0.123334882195815 0.121089080159688 0.119258380561711 0.11757833699275 0.116034815159633 0.114226654705486 0.111990516348067 0.109586879007108 0.107126882909703 0.105499798389164 0.103356152032547 0.100192445388106 0.102892529734453 0.108692200271086 0.107948585593543 0.105100200969746 0.0975621474487245 0.0951373687805731 0.0960054885988266 0.0940824543038767 0.0927764508186606
-9999 -9999 -9999 -9999 -9999 -9999 -9999 -9999 -9999 -9999 -9999 -9999 -9999 -9999 0.367831826093196 0.364956693569554 0.357051490564887 0.345952940971124 0.344781623661485 0.342121676567864 0.332661961596781 0.303371271477509 0.258859524686988 0.23643676389524 0.221049646565711 0.222001093227717 0.209361128866393 0.184167201942558 0.170871770372781 0.160786493864233 0.155616147846563 0.152151815693608 0.150581249077391 0.143033917195477 0.134640032291029 0.132102050337084 0.129331834957175 0.126251256055226 0.124297475107681 0.122676484824162 0.120313234986303 0.117744555973374 0.114843653540918 0.111978410601981 0.109151549419589 0.107575422508069 0.105176358533269 0.101152231770238 0.101298023745218 0.103648025003109 0.107246052725954 0.107901651494127 0.10127487658826 0.0979686688007553 0.0968008734304759 0.0954242609865146 0.0946467689737444
-9999 -9999 -9999 -9999 -9999 -9999 -9999 -9999 -9999 -9999 -9999 -9999 -9999 -9999 0.368981716774623 0.370022449707357 0.357835578231478 0.337251145413366 0.342191389889253 0.344871653819205 0.334828590534479 0.310159664985685 0.27426481248556 0.241423187470204 0.216664799823318 0.22228841068483 0.212202668363506 0.18760668634742 0.175581912116387 0.166459949690174 0.159883938466237 0.155431695837982 0.153336948572276 0.145342206954563 0.136598085892503 0.134333061377964 0.131967762133177 0.129468452815024 0.127259337945335 0.125105845178084 0.122321632279425 0.119599630659034 0.116978238134659 0.114481666282309 0.112037958903433 0.10956169826808 0.106202883274961 0.101101278572409 0.102663861143276 0.107749117505657 0.108012113516499 0.108073694352205 0.107979671371624 0.105113299517006 0.100461562378144 0.098139968535053 0.0968444203940981
-9999 -9999 -9999 -9999 -9999 -9999 -9999 -9999 -9999 -9999 -9999 -9999 -9999 -9999 -9999 0.37421516132719 0.360417399156699 0.337860110269732 0.343073667146305 0.345812982437665 0.334662606604674 0.311276256582461 0.278498313097477 0.242050485335958 0.214127519599013 0.221829769623695 0.216044356181829 0.197800808560654 0.185127801529901 0.174150305764126 0.166516730894026 0.161406207804472 0.159096405511056 0.152116703993204 0.14440956914998 0.14074388528094 0.137654644198671 0.135335778064862 0.132769228627496 0.130068206506454 0.126634384612084 0.123447517636059 0.120660030190297 0.118011776422749 0.11542486565175 0.112930155755777 0.10931450330667 0.103485313380492 0.104790788876067 0.10986763181095 0.108334585170414 0.108037745781003 0.111225645373826 0.109803459622187 0.105412424456074 0.101660886534648 0.0992925837575753
-9999 -9999 -9999 -9999 -9999 -9999 -9999 -9999 -9999 -9999 -9999 -9999 -9999 -9999 -9999 -9999 0.365433568008768 0.35107696909629 0.348658143678201 0.344305182394401 0.33133798316543 0.304712543463158 0.267603864751197 0.236775000582464 0.214092067552736 0.220361010646738 0.221240365605198 0.217141526057966 0.201221877254416 0.1845717883352 0.176352021368136 0.171029576662434 0.168923312763275 0.164938985028533 0.16014730302313 0.15281468055431 0.147472887618519 0.144791697320311 0.14172945671152 0.138460557039978 0.134067511942693 0.129993913108041 0.126436927990457 0.122932371505348 0.119489506136325 0.118170254215331 0.115249594157626 0.109166615998265 0.107948324831521 0.109301495820584 0.10805638356541 0.107720151697466 0.109787958350379 0.111169970117571 0.112110336753968 0.106272156722364 0.102079970543919
-9999 -9999 -9999 -9999 -9999 -9999 -9999 -9999 -9999 -9999 -9999 -9999 -9999 -9999 -9999 -9999 0.360692939605867 0.360179943503271 0.357336853780595 0.351754991978167 0.338391473600627 0.31085173553293 0.272431188948478 0.242224338676883 0.217464263858653 0.209974893150486 0.213122892863065 0.226096299944783 0.224495368341208 0.217728848562799 0.198263161336234 0.186484235952588 0.183238022388182 0.180563385440332 0.177324725220264 0.168306294459265 0.161523612437382 0.157728850221577 0.153895858003866 0.149985347247934 0.145132379240704 0.140426971648946 0.135960201172864 0.131630138800434 0.12736300555235 0.123332481152641 0.11878842301057 0.113230284190342 0.110280248858903 0.108708850925929 0.107719607758784 0.107800825073334 0.11045898569246 0.112405463001369 0.113893623289884 0.10753361176349 0.102722276819631
-9999 -9999 -9999 -9999 -9999 -9999 -9999 -9999 -9999 -9999 -9999 -9999 -9999 -9999 -9999 -9999 0.391961455968523 0.372349464352755 0.368851232220598 0.363716538450197 0.349912709271878 0.322127066486274 0.28360982953079 0.252245228253488 0.223103144015625 0.19903137224863 0.202658575402048 0.231870457995583 0.249271558923505 0.25710911088477 0.225538783395411 0.205880053849233 0.19944382743673 0.197021784569573 0.19470671595916 0.184722992015325 0.176828296340211 0.17172543895639 0.167043965324454 0.162465832896764 0.1573016704249 0.152043886301415 0.146634695712746 0.1414941195893 0.136416893565806 0.128540821463978 0.12169453784037 0.116881788748592 0.112483911299484 0.108305334029453 0.107563818232311 0.108182156304442 0.111885630855595 0.113731373839324 0.114380756047907 0.102429040941224 0.102627996467367
-9999 -9999 -9999 -9999 -9999 -9999 -9999 -9999 -9999 -9999 -9999 -9999 -9999 -9999 -9999 -9999 0.407338336179309 0.41286525657036 0.407600308432109 0.397448132325145 0.374933082096381 0.344794158496913 0.308803610972612 0.275514644519821 0.24551876474213 0.227142297415287 0.227121623750927 0.244055624332564 0.25887341244684 0.271041819587088 0.271082185876504 0.25494693179802 0.220855884380653 0.211378041516185 0.207552075653168 0.19713692383175 0.188868867886947 0.18347025347779 0.178210504481953 0.172957314537445 0.167109251667486 0.161162787229934 0.155057186168964 0.149172924006774 0.143335065108142 0.134877156309916 0.127640757438843 0.122816487534422 0.117120173149658 0.110962898094088 0.110514805207577 0.111075951505476 0.113706121628814 0.11462510465767 0.114442100104103 -9999 0.102627996467367
-9999 -9999 -9999 -9999 -9999 -9999 -9999 -9999 -9999 -9999 -9999 -9999 -9999 -9999 -9999 -9999 0.449426202593331 0.445380440247576 0.435989423915314 0.422684377368375 0.398721136768281 0.368742346444632 0.334146384117754 0.297717967991839 0.26651488637936 0.256931487123558 0.256753068180847 0.265261736292527 0.278971653294447 0.294237946975709 0.312481732984958 0.297750979907698 0.246416746047881 0.230508304473569 0.223342010494967 0.21160750274701 0.202084122578179 0.195515757779297 0.189528162278198 0.1836932608322 0.177200643872813 0.170692593251029 0.164159583058163 0.157222026812159 0.150083840105025 0.141465461924716 0.134127000646136 0.12931600522349 0.12306712787598 0.116058189509144 0.115325135373805 0.115274783288919 0.116455373433569 0.117295579151069 0.117916580660462 -9999 -9999
-9999 -9999 -9999 -9999 -9999 -9999 -9999 -9999 -9999 -9999 -9999 -9999 -9999 -9999 -9999 -9999 0.454781328221163 0.459490399762267 0.447394047231521 0.433993042040189 0.420488884746069 0.394790809140405 0.359733419619129 0.318173500599666 0.285183830163783 0.289472084072526 0.294857767003951 0.301257110904213 0.31627804897644 0.332620856075502 0.347087694580541 0.330287519564863 0.278779307371442 0.257465244560492 0.24395938772235 0.229449822874089 0.21722519505865 0.208054223719257 0.201093569405101 0.194829991271904 0.187757325976434 0.180896051857232 0.174376643003342 0.165878210110789 0.156554900313712 0.148466857478975 0.141498577977228 0.136741507333678 0.131162879636583 0.125149978804292 0.123183739630143 0.121613138975285 0.1207272694721 0.119505830571301 0.118068288293843 -9999 -9999
-9999 -9999 -9999 -9999 -9999 -9999 -9999 -9999 -9999 -9999 -9999 -9999 -9999 -9999 -9999 -9999 0.466258604587985 0.466044176750169 0.454497284587443 0.443148674600593 0.43500416290441 0.40980959793249 0.371528443661833 0.341542974306336 0.319858311040517 0.326689655178047 0.330908192529133 0.332713361722654 0.346873078647993 0.362665613114947 0.374354603441841 0.367407756638038 0.339774145889161 0.301792188607118 0.264059594120486 0.250346236646266 0.237555037510462 0.225996237666889 0.218105825768835 0.211364889162429 0.203172458032205 0.195269614229473 0.187835095785879 0.179200465141017 0.170036440939512 0.160042349091411 0.151648624733641 0.146415163501778 0.140711064564653 0.134758187638315 0.131282012675419 0.128414287502563 0.126861374442321 0.123976923242679 0.120234974636779 0.120186583857012 -9999
-9999 -9999 -9999 -9999 -9999 -9999 -9999 -9999 -9999 -9999 -9999 -9999 -9999 -9999 -9999 -9999 0.493950233711977 0.470823251268906 0.46035373739201 0.451904522771878 0.446684009451127 0.420333318164946 0.377764380731915 0.3663085202137 0.361344193661476 0.365873185131446 0.366089562628378 0.36232251307192 0.374575650194013 0.388978027376234 0.398232372590188 0.406014580653552 0.412162638691058 0.353189427695639 0.284206802669702 0.272670853855215 0.260123861765607 0.246225681962602 0.23739525986368 0.230133431587899 0.220583419612146 0.211355589912558 0.202648798655843 0.194481478910243 0.186455552031018 0.173575211982631 0.163025359557802 0.157077546443702 0.150921305490548 0.14465489006961 0.13953720506641 0.135446372658301 0.133786263001152 0.129391436695436 0.123235479886879 -9999 -9999
-9999 -9999 -9999 -9999 -9999 -9999 -9999 -9999 -9999 -9999 -9999 -9999 -9999 -9999 -9999 -9999 0.511075113854091 0.515944763310251 0.50740219309072 0.496083684796519 0.479415168706324 0.450799275933136 0.413013299681668 0.399569416220262 0.392931803778883 0.400553772346173 0.402882757061091 0.40032277763442 0.404030382858353 0.408306969220135 0.409097439496632 0.411153490023783 0.41461440150326 0.372604390354775 0.32230435692474 0.30158804962842 0.281518283585085 0.262312574124426 0.250622214093219 0.241363542118907 0.230253074783173 0.220754362507692 0.213862206858727 0.205097281614801 0.195512867649737 0.184991865026821 0.175605888842522 0.168461261737461 0.163134473530537 0.158768590709511 0.151269704497021 0.144435773809623 0.139446767285342 0.132172429969174 0.123426362201961 -9999 -9999
-9999 -9999 -9999 -9999 -9999 -9999 -9999 -9999 -9999 -9999 -9999 -9999 -9999 -9999 -9999 -9999 0.573949801778588 0.561866789979055 0.555577297615729 0.545725136627757 0.523724224323509 0.489417513407762 0.445665616027359 0.426311128635297 0.415806894060526 0.427617600151767 0.4331668674081 0.432932638853295 0.429521166786181 0.425560042394639 0.421951759262656 0.420207539313641 0.420532527996056 0.396978602155015 0.366658598693638 0.332349559921775 0.30263512866522 0.279061064864078 0.264642298776588 0.253320277042616 0.241706506853185 0.23200473812512 0.225395089410781 0.216001910975914 0.205438983715798 0.196096783990375 0.187241152539171 0.179346352762283 0.173388888137658 0.168455494339116 0.159814869463932 0.151618591333902 0.144767898566548 0.14090706124063 0.138971661279406 -9999 -9999
-9999 -9999 -9999 -9999 -9999 -9999 -9999 -9999 -9999 -9999 -9999 -9999 -9999 -9999 -9999 -9999 0.588497780785066 0.600198550813031 0.60600958506028 0.606310004868117 0.591228999230048 0.544368423565451 0.473115772738283 0.439991992355807 0.421226899403182 0.439421642619429 0.450410362900545 0.454743104490638 0.447070383498794 0.438654219563217 0.438791444718932 0.437105369866939 0.433395335662007 0.431288414289409 0.423547791779698 0.366806059404278 0.32319586303873 0.297135034292926 0.280251379490987 0.266732766527854 0.256733644105039 0.246964705070507 0.237568022373704 0.227485189673596 0.217105696749126 0.206577159772571 0.196982625295805 0.189232475735265 0.179719041085724 0.169273538066081 0.161974373928302 0.155182011570846 0.149409113508424 0.144139318750507 0.139193517550061 -9999 -9999
-9999 -9999 -9999 -9999 -9999 -9999 -9999 -9999 -9999 -9999 -9999 -9999 -9999 -9999 -9999 -9999 0.665262608093372 0.657904090389959 0.662379806671614 0.662357597170214 0.645959623157531 0.597966951104558 0.525724100440164 0.490249183111064 0.470703115891519 0.495034812771121 0.511520558052567 0.520759242490849 0.5109098224471 0.50082230564315 0.509445323389211 0.501159257952478 0.474103216695666 0.480377261990642 0.489704489189932 0.452879043900293 0.403263109045024 0.336553590982504 0.306267971653136 0.288795789220941 0.277368857389029 0.265669546303393 0.253529739036774 0.24204255094056 0.230735510516276 0.214048424773153 0.200382614916809 0.192682951483629 0.183088892702014 0.172493460974096 0.166190917591608 0.159577747354863 0.151905060961853 0.145257561268352 0.139270271680553 -9999 -9999
-9999 -9999 -9999 -9999 -9999 -9999 -9999 -9999 -9999 -9999 -9999 -9999 -9999 -9999 -9999 -9999 0.688951189361444 0.720319978621555 0.721933654905534 0.715972526518268 0.693841379112485 0.650840397969561 0.591820995157563 0.560116791434715 0.543800093869312 0.574136270480357 0.596149908008034 0.610476275693139 0.599567789141871 0.589301394589796 0.608951710924863 0.590495891848114 0.529740248910761 0.537389897623027 0.56082996406766 0.566626234818567 0.515234803522831 0.387416059703223 0.337864556720103 0.315496799983032 0.301010843677893 0.286382203915688 0.27152281413465 0.258248083243564 0.245417841806098 0.219906353396876 0.200382614916809 0.192682951483629 0.184871577154437 0.177001152707134 0.171510343936582 0.164419729570656 0.153250822088361 0.145242373502171 0.139269229219934 -9999 -9999
-9999 -9999 -9999 -9999 -9999 -9999 -9999 -9999 -9999 -9999 -9999 -9999 -9999 -9999 -9999 0.771510947056492 0.75620674550379 0.731186652292805 0.735280055993304 0.733401692339296 0.706704641814872 0.663154529248965 0.606669025936987 0.569040276029029 0.546308037746286 0.572685811029124 0.596655821113933 0.61840185541024 0.615911794666117 0.612024110213539 0.625962446116149 0.621668967752072 0.597137212170809 0.600179614637235 0.608847304724255 0.60441546796309 0.578741924252215 0.524680343997018 0.453710845509889 0.37974171173327 0.346044122465081 0.318290830652294 0.300150753840006 0.276079210083813 0.249944571910666 0.249661091821761 -9999 -9999 -9999 -9999 0.171675218891693 0.164569806204621 0.153292533786377 -9999 -9999 -9999 -9999
-9999 -9999 -9999 -9999 -9999 -9999 -9999 -9999 -9999 -9999 -9999 -9999 -9999 -9999 -9999 0.771510947056492 0.760219374767526 0.74175933356932 0.751242472565703 0.753673150566804 0.728272177471479 0.685755178407409 0.630100953397057 0.588751046043156 0.560623238011443 0.577350621148981 0.59651453656768 0.617929000879907 0.624025923757046 0.628049041691966 0.636892439282002 0.642445034713675 0.644344665861394 0.641449358730777 0.636828741143341 0.628439726699631 0.624037073971328 0.624961911275904 0.539247243625406 0.428519920315359 0.383275250747914 0.346105721329303 0.321995440542232 0.290292109003209 0.256040495406767 0.25990190709864 -9999 -9999 -9999 -9999 -9999 -9999 -9999 -9999 -9999 -9999 -9999
-9999 -9999 -9999 -9999 -9999 -9999 -9999 -9999 -9999 -9999 -9999 -9999 -9999 -9999 -9999 -9999 0.769646345296506 0.766597998757448 0.777374137987862 0.783879674165751 0.774242771284183 0.737129294569138 0.678926462221005 0.64009875918688 0.609875218964314 0.603605296888826 0.601449402795753 0.603093508068727 0.617443097890833 0.632661613342436 0.63927272319274 0.642016874467268 0.640468497390027 0.62880605330447 0.616878423937445 0.624307770187439 0.627945597872398 0.626516329591974 0.542802297936328 0.435897037103877 0.399426830660443 0.362862530896835 0.326146061877948 0.29538843622445 0.267638469073666 0.264529244582 -9999 -9999 -9999 -9999 -9999 -9999 -9999 -9999 -9999 -9999 -9999
-9999 -9999 -9999 -9999 -9999 -9999 -9999 -9999 -9999 -9999 -9999 -9999 -9999 -9999 -9999 -9999 0.79963896229339 0.795363697613982 0.795942750386477 0.794896935858043 0.78780241472202 0.764730972597084 0.729396612588026 0.687986403593198 0.651936379134748 0.640246283680434 0.628942507689391 0.617995562940572 0.627813895489158 0.639396839043679 0.638777429578189 0.63730735797431 0.634893006447268 0.624696537738326 0.614176285706501 0.617580924320388 0.619394937508021 0.619083192495726 0.538071310648274 0.433849096097321 0.391901004194472 0.352443896987749 0.317015250945106 0.292714459147149 0.273539625013668 0.273819953033973 -9999 -9999 -9999 -9999 -9999 -9999 -9999 -9999 -9999 -9999 -9999
-9999 -9999 -9999 -9999 -9999 -9999 -9999 -9999 -9999 -9999 -9999 -9999 -9999 -9999 -9999 -9999 0.810723245692417 0.82456913570805 0.809574734024025 0.793388797829197 0.780206470687969 0.776815676005572 0.780940269212098 0.733615558631377 0.689303877555125 0.683666723386086 0.671160043239377 0.652308196148792 0.649250825367504 0.647517583926689 0.636405161324979 0.62980327342566 0.628208317385642 0.626157279624223 0.622732544863322 0.6091603172988 0.602711798474942 0.605783611728909 0.527931778537704 0.425649140654128 0.368920233150995 0.324287046059183 0.29921525571314 0.284968574261847 0.275516590434118 0.274608718938785 -9999 -9999 -9999 0.236332124456027 -9999 -9999 -9999 -9999 -9999 -9999 -9999
-9999 -9999 -9999 -9999 -9999 -9999 -9999 -9999 -9999 -9999 -9999 -9999 -9999 -9999 -9999 -9999 0.809767368322966 0.808751753019444 0.809624580327688 -9999 -9999 0.761262012358358 0.739286922609308 0.717923365129191 0.699505408296974 0.69241951745446 0.681064019783905 0.665764819418769 0.657150326908239 0.649130987994695 0.637330201668317 0.62831042898933 0.622377728409552 0.612550396184955 0.60195535502785 0.593427556438118 0.594845763857201 0.609556103717276 0.542546483889121 0.449525729747336 0.382929576206735 0.334372936883944 0.314990094798168 0.297609961551913 0.281272104048068 0.274917042081397 0.270698343002408 -9999 0.245025534233691 0.245511653989006 0.245052541451345 -9999 -9999 -9999 -9999 -9999 -9999
-9999 -9999 -9999 -9999 -9999 -9999 -9999 -9999 -9999 -9999 -9999 -9999 -9999 -9999 -9999 -9999 0.767319159055518 0.791210979086756 -9999 -9999 -9999 0.683650703252177 0.697684382141828 0.703161455585641 0.704962838290603 0.696676653769147 0.684832280870986 0.669701320318693 0.660578655288764 0.65232663302114 0.642493542275149 0.63330909655855 0.62484468109941 0.610084259658537 0.595130645889846 0.591999221028374 0.598612096293243 0.618247538376321 0.566853909585749 0.490682883289428 0.405786702512874 0.34674225600878 0.329505656699671 0.310051680065645 0.289842039855038 0.280140197943224 0.275192260375619 0.279631909530359 -9999 0.253082910386066 -9999 -9999 -9999 -9999 -9999 -9999 -9999
-9999 -9999 -9999 -9999 -9999 -9999 -9999 -9999 -9999 -9999 -9999 -9999 -9999 -9999 -9999 0.752705095625154 0.767319159055518 0.791210979086756 -9999 -9999 0.675711034056054 0.687652968054682 0.708760808056375 0.707408906410264 0.702612832487532 0.695875603543658 0.677763063215238 0.64914350245948 0.653484512807485 0.662208777760774 0.66013185276614 0.6571627998696 0.653203437861313 0.646634101365493 0.63991277930594 0.637510413211874 0.63667802698753 0.63794380763937 0.615176590568328 0.577817113570782 0.446790889675708 0.356269401991879 0.331252835732103 0.316518446578101 0.306157576162937 0.294131420179782 0.285152556466515 0.282191214011694 -9999 -9999 -9999 -9999 -9999 -9999 -9999 -9999 -9999
-9999 -9999 -9999 -9999 -9999 -9999 -9999 -9999 -9999 -9999 -9999 -9999 -9999 -9999 -9999 0.752705095625154 0.752705095625154 -9999 -9999 0.662068923646992 0.664928279474436 0.679366861770683 0.702692957715343 0.702728178076302 0.698635865444102 0.690331901372253 0.672496131725825 0.645856130485564 0.662443934886293 0.683891084319418 0.686357293420333 0.682290754712976 0.670972520743707 0.669920773421479 0.671211173557186 0.669629126163372 0.665636040794729 0.658420773974226 0.650015810519158 0.632521106260915 0.488135179813465 0.387762092466411 0.358567287873375 0.338861227544383 0.323159643643825 0.304213235776206 0.291635987302398 -9999 -9999 -9999 -9999 -9999 -9999 -9999 -9999 -9999 -9999
