layers/veg_sum/veg4000.asc
NCOLS 255 
NROWS 330 
XLLCORNER -2985163.8955 
YLLCORNER -3022031.214 
CELLSIZE 25000 
NODATA_value -9999 
[rows 75 to 99 of 330, columns 171 to 227 of 255]
0.853728731492819 0.856065205851455 0.851370361298945 0.842300333569427 0.831370494505701 0.82702860998116 0.822564861049646 0.817852980234329 0.811543339768718 0.804363471785456 0.793181219306411 0.784331988188648 0.781742986670432 0.776399025259289 0.769229688522647 0.764769120842624 0.761945876393915 0.763617219000377 0.764360034880005 -9999 -9999 -9999 -9999 -9999 -9999 -9999 -9999 -9999 -9999 -9999 -9999 -9999 -9999 -9999 -9999 -9999 -9999 -9999 -9999 -9999 -9999 -9999 -9999 -9999 -9999 -9999 -9999 -9999 -9999 -9999 -9999 -9999 -9999 -9999 -9999 -9999 -9999
0.843490436284432 0.844000808183824 0.838470458540845 0.83166709909814 0.824319135540798 0.818585411557763 0.812921075217625 0.807398021200788 0.797093240211921 0.784184068511226 0.7783113656712 0.773402978002166 0.770295236993362 0.766809421246718 0.76307310156373 0.757168347829229 0.751252728332959 0.74591159489131 0.743946836486869 0.744683158106011 -9999 -9999 0.72205100441777 0.72205100441777 -9999 -9999 -9999 -9999 -9999 -9999 -9999 -9999 -9999 -9999 -9999 -9999 -9999 -9999 -9999 -9999 -9999 -9999 -9999 -9999 -9999 -9999 -9999 -9999 -9999 -9999 -9999 -9999 -9999 -9999 -9999 -9999 -9999
0.833796743469625 0.832411191801398 0.826787277811995 0.821847238364678 0.817182859338126 0.810177212671326 0.803320165118581 0.796765684812645 0.782453788298237 0.763916777543872 0.763180569455146 0.762205691867371 0.759015675221755 0.756808334526541 0.755252093122258 0.748094473532135 0.739631019873667 0.728549926813279 0.719092796276295 0.710934826135498 0.704813601461822 0.702360732152306 0.714140770819705 0.71879060304613 0.716579946066485 0.720256405859222 -9999 -9999 -9999 -9999 -9999 -9999 -9999 -9999 -9999 -9999 -9999 -9999 -9999 -9999 -9999 -9999 -9999 -9999 -9999 -9999 -9999 -9999 -9999 -9999 -9999 -9999 -9999 -9999 -9999 -9999 -9999
0.824925260392493 0.825172541412653 0.820902342436276 0.813877381820184 0.805647188338164 0.798580216239519 0.791621771324947 0.784884301962602 0.768738568108478 0.747468577516123 0.749517951826288 0.751448817324834 0.750968625066417 0.746762079498607 0.740086534871129 0.732238061012483 0.72477220266892 0.718864149290544 0.714145959109752 0.710379652436679 0.704813601461821 0.701215192876204 0.707016796752893 0.711781883212666 0.71554966102373 0.720256405859222 0.724444431557537 -9999 -9999 -9999 -9999 -9999 -9999 -9999 -9999 -9999 -9999 -9999 -9999 -9999 -9999 -9999 -9999 -9999 -9999 -9999 -9999 -9999 -9999 -9999 -9999 -9999 -9999 -9999 -9999 -9999 -9999
0.816642463879014 0.814103844933155 0.804476118793846 0.788072703908381 0.769051247993349 0.78309165100592 0.788549673866037 0.776532847361553 0.754544129202525 0.727124172046301 0.735738654617074 0.741568355147152 0.737095417100155 0.731732603472834 0.725780178021669 0.721322664092667 0.717081848653457 0.71311653936884 0.709559800253166 0.706329914851728 0.698091108258386 0.691205224838962 0.693085158022887 0.698695035613942 0.707893763479698 0.714121687285795 0.719274942565794 0.7217537634816 0.72798068480961 0.738542169350768 -9999 -9999 -9999 -9999 -9999 -9999 -9999 -9999 -9999 -9999 -9999 -9999 -9999 -9999 -9999 -9999 -9999 -9999 -9999 -9999 -9999 -9999 -9999 -9999 -9999 -9999 -9999
0.808881239671026 0.799641753575913 0.778710385192138 0.74646649514309 0.710252078858409 0.764155182189576 0.793120416493786 0.771308885264539 0.739925105761997 0.703327754961869 0.721855980090474 0.732464388384726 0.718060272800999 0.712288027417441 0.712235067790733 0.714784973505896 0.715742704438457 0.710858119250179 0.705293199934656 0.699184017348549 0.685412531639328 0.673341432999233 0.673121974541172 0.680223008010543 0.69436761816553 0.70255164963521 0.709747716245276 0.718428031796953 0.72798068480961 0.738542169350768 0.740847232312079 -9999 -9999 -9999 -9999 -9999 -9999 -9999 -9999 -9999 -9999 -9999 -9999 -9999 -9999 -9999 -9999 -9999 -9999 -9999 -9999 -9999 -9999 -9999 -9999 -9999 -9999
0.804820036991158 0.791544914720725 0.761303165103782 0.738375964208896 0.719141976426605 0.73980629649478 0.747513354873382 0.728837732436078 0.717215068774765 0.709433833207221 0.728589722630971 0.737734007511464 0.719130116720286 0.711631999599582 0.711492321808871 0.709266505578079 0.706260492449918 0.701336291937896 0.694628871319717 0.686494885182804 0.677828393609635 0.671405369480709 0.674772370218385 0.681633330938094 0.691856084186758 0.702940528161327 0.71359985153988 0.720714332666684 0.727846444885119 0.73499894692047 0.720929510088905 0.703670022688165 0.711085105765786 0.726330144946808 0.752486025144345 0.762421160637966 0.767482682081571 0.789229715675778 0.802889364445077 -9999 -9999 -9999 -9999 -9999 -9999 -9999 -9999 -9999 -9999 -9999 -9999 -9999 -9999 -9999 -9999 -9999 -9999
0.797748318755089 0.780633344229021 0.745368703303841 0.736067783120959 0.738042965596497 0.72179562490564 0.706290568663303 0.692296900718052 0.699220584790491 0.717537005761027 0.733887177533693 0.739864928510911 0.719799445978928 0.711965346766825 0.712235490874619 0.705455437753875 0.698350281921455 0.692182768415022 0.684106885068325 0.674504317157161 0.672489810896976 0.673146300257605 0.680438824129365 0.686789565057407 0.69223414825028 0.704769073122003 0.717568115263742 0.723259121137293 0.727537236057371 0.730181385907789 0.718048106664452 0.703399202010047 0.703276530828925 0.716737350221389 0.749126411885011 0.761355276071675 0.767128707748042 0.786644776291012 0.782794871664665 0.739479677138581 0.765605766842731 -9999 -9999 -9999 -9999 -9999 -9999 -9999 -9999 -9999 -9999 -9999 -9999 -9999 -9999 -9999 -9999
0.772263087137226 0.749899265770425 0.729321230236509 0.732689405886456 0.746423844036899 0.740419474754545 0.732058828899929 0.718900495523879 0.712127265861965 0.708831713805737 0.713490647752988 0.713365684242731 0.700426880069568 0.700406500502594 0.708945582574613 0.709291027386335 0.705626210054029 0.69139102671485 0.680037219167873 0.670988495181517 0.673840810618902 0.679036809381971 0.686854837667251 0.692893718827683 0.697220753389133 0.703089204797868 0.710117659495495 0.722066095737192 0.726471146092517 0.722152501944041 0.714282765647748 0.70177049072269 0.656315884300038 0.659046434021299 0.728921750724551 0.754945063099023 0.764999911688382 0.771098991595577 0.76412214846472 0.735059981103454 0.765605766842731 0.822487784145267 -9999 -9999 -9999 -9999 -9999 -9999 -9999 -9999 -9999 -9999 -9999 -9999 -9999 -9999 -9999
0.748791849130284 0.727042584589838 0.71406369232992 0.720439976318498 0.73527770765523 0.741365759454865 0.741259187371189 0.728539550227671 0.711711868009333 0.692646719181294 0.698724512315767 0.700103607012493 0.68732790042983 0.691074271577002 0.705767805001005 0.709410912043422 0.707894311016338 0.692920435367862 0.681081248681978 0.67174979459206 0.674575578569587 0.679890475553351 0.688284541135812 0.694891999637719 0.69978043377573 0.701846387758802 0.705057261665544 0.718427644656381 0.723193833185684 0.718009534617498 0.713715112292362 0.70208189078175 0.621992778060469 0.617694076096179 0.719007348378657 0.752313688019319 0.760614069349702 0.758535196196973 0.752919719952924 0.741330896686356 0.773520279650471 0.825007029594324 0.829106820857352 -9999 -9999 -9999 -9999 -9999 -9999 -9999 -9999 -9999 -9999 -9999 -9999 -9999 -9999
0.727465128937463 0.712573824155374 0.699647284213928 0.698744573508154 0.703339037019498 0.72348881990767 0.732817900761864 0.720114615919823 0.697111005307681 0.668497272469541 0.689953669467686 0.700936579720563 0.680909089704572 0.684112964049595 0.702709425194581 0.705574281908954 0.704830034299573 0.696921424990478 0.687570385297237 0.677065409843576 0.674654177601023 0.675380867789285 0.684404778520464 0.692518311411701 0.699755903697842 0.70106894670774 0.702541818197745 0.712185283162472 0.71756199096736 0.718004324932035 0.716552384412662 0.704459138180747 0.601126234011644 0.593739156319687 0.720050102609671 0.753706052207784 0.753824904613965 0.749146648790165 0.749671725828903 0.758985267973584 0.789862234141369 0.830117347836779 0.83116444177513 0.831870218392095 -9999 -9999 -9999 -9999 -9999 -9999 -9999 -9999 -9999 -9999 -9999 -9999 -9999
0.736633218773825 0.714186568369672 0.691909962929046 0.678096729440543 0.668475429242476 0.697927277055795 0.713414428129412 0.700467628758781 0.683897242524391 0.665353252186992 0.683095299243244 0.694306760429529 0.685723485947728 0.687843758238351 0.697055963236916 0.697108049284816 0.695155922852362 0.689344431432686 0.681886513537002 0.673111464216155 0.670392993465872 0.670750740740954 0.680389092819972 0.687167446657039 0.691193988575233 0.693856854791618 0.696808256205333 0.703116485791936 0.70356365108428 0.697232675215555 0.681802179161026 0.65864287800157 0.588671557161983 0.595273513178281 0.708578347072154 0.73648629110118 0.733780935246977 0.731866153537788 0.738429292716512 0.759311698769509 0.778350442049448 0.796557761595778 0.814418973497365 0.827913530959343 0.832378711929873 -9999 -9999 -9999 -9999 -9999 -9999 -9999 -9999 -9999 -9999 -9999 -9999
0.748217190684841 0.716661835361229 0.685860743799981 0.66024192072568 0.637570849659342 0.672040313430901 0.690781139737288 0.677496401394726 0.670568518031965 0.667102926465173 0.676246686822672 0.684607277903216 0.6898463094618 0.691090142441853 0.689686845449363 0.686718391628192 0.68303594100157 0.677501400512624 0.671690319650727 0.665658008129066 0.66463044716117 0.666163455969573 0.67544376100055 0.680365602315152 0.681093849302751 0.684764880918893 0.689028423278989 0.693173373451122 0.688675702210448 0.674183104281279 0.645738174159849 0.613713425389975 0.584534851783186 0.604856852804175 0.694156622392106 0.712960739926126 0.706940417253664 0.709425877741622 0.721871498795222 0.751139899765692 0.759740555822355 0.75933947045482 0.794876641604498 0.821341751556488 0.829047635826602 0.826799631265599 0.81904901150127 -9999 -9999 -9999 -9999 -9999 -9999 -9999 -9999 -9999 -9999
0.722550886256772 0.69648571868191 0.680122959914733 0.660913435085253 0.6408666127697 0.65761130964989 0.664280826137983 0.650435956576338 0.653902118667813 0.666796817836631 0.66602595118271 0.665910507010572 0.668689316759738 0.671544995847075 0.674451606853074 0.670607349365545 0.664941801857678 0.655327030680773 0.650434204670528 0.649318906814467 0.655709273513489 0.66210627422391 0.663948985278768 0.66831994958658 0.675123529877628 0.673519767907239 0.672088006614963 0.681929506407084 0.682350191830749 0.671875994271443 0.667749302064447 0.662038227356439 0.626043062825576 0.627371105719293 0.680708071403656 0.676861713236511 0.654293851423937 0.663485714797194 0.680861320204808 0.712059322373309 0.739406444289174 0.765007860770741 0.788749116388889 0.806485869558041 0.811806500955793 0.815635743243317 0.818640529830034 -9999 -9999 -9999 -9999 -9999 -9999 -9999 -9999 -9999 -9999
0.701841875259776 0.677995790757637 0.664396552886479 0.652669098562272 0.64190890424847 0.643291747469982 0.640973078697547 0.631117647003122 0.640921027905263 0.661431676125574 0.655394758500723 0.650934910143411 0.652865630690928 0.655789162425477 0.65937050883397 0.655357354268721 0.649387377978157 0.639270196667845 0.637429014008516 0.642208581231839 0.648766649467372 0.653357225860686 0.64856139415703 0.653373926443919 0.667431363207394 0.665248245379565 0.662155551837717 0.673557794074402 0.674223641406062 0.662473177198786 0.669413212970176 0.677615829907273 0.6501298214057 0.644022391182493 0.667705456036646 0.648152688342306 0.616304376370936 0.641138533978396 0.667490544135463 0.696406217721451 0.727382099443682 0.759181235068124 0.778143384994157 0.791972530728184 0.795187640471313 0.801861310635444 0.810446909642374 0.797179733193397 -9999 -9999 -9999 -9999 -9999 -9999 -9999 -9999 -9999
0.687483571117796 0.661666011437519 0.635873885489849 0.633002812520784 0.640064310386018 0.629112389120251 0.62175527510896 0.621717659203189 0.632661125211254 0.649585490570009 0.644237736071777 0.640726447947807 0.643874355788942 0.644887755613748 0.644486877766092 0.641210432494971 0.637086541436866 0.631050436897392 0.634993946409882 0.646921088031304 0.644358712684041 0.63859750455561 0.628186781429738 0.634712286598931 0.657533366429488 0.660786140578156 0.66120088145288 0.668865551772634 0.66378980828389 0.643980166835858 0.645010639760755 0.651241535378978 0.651898244564535 0.653162725739651 0.655274121439547 0.628910872866556 0.597091858575878 0.649015933446965 0.689528150785377 0.710765662013413 0.726003259650663 0.738628533928885 0.761800697521404 0.777898018302118 0.779365965440128 0.791713587447346 0.810075608988081 0.797179733193397 0.787006889735935 -9999 -9999 -9999 -9999 -9999 -9999 -9999 -9999
0.662938711096768 0.644640001421116 0.620030117099141 0.626315301604158 0.645812316539503 0.625667665795596 0.61187556370943 0.611018082195102 0.619934281127272 0.634173762363955 0.627065235060348 0.622210999666509 0.624988540331373 0.623858286873521 0.620138815697092 0.614256536084202 0.610524873607 0.614304459804131 0.621714516506662 0.63202892810173 0.626954193294929 0.621197156788345 0.621956786131951 0.628934834199981 0.641896074324354 0.644912504524511 0.645948638267726 0.647514701115295 0.64156945622361 0.626937614221779 0.612673438956275 0.601966270484357 0.62242607933478 0.635076387877619 0.636844360025566 0.620272266374954 0.600499819943882 0.640174504220353 0.676302972173817 0.706441856290111 0.724561320895481 0.737351641187458 0.759278111477608 0.775131163576067 0.77842558979716 0.783733896398318 0.790155497409836 0.784469103221009 0.777437702804449 0.768177405185475 -9999 -9999 -9999 -9999 -9999 -9999 -9999
0.635620411953264 0.626877251537174 0.60825929567675 0.622989940674688 0.651818945073033 0.623673510931587 0.603440814241149 0.599319486723566 0.605116143438462 0.616314678212521 0.60638475121313 0.599250585556729 0.601097140655106 0.5984076576986 0.592712696527268 0.584200449158128 0.580702708321705 0.594093197984176 0.603610362934067 0.610028891064673 0.605527630599263 0.603649903961186 0.619507190205382 0.626203010170923 0.624083918389266 0.625045340508046 0.625735845906972 0.62107670960864 0.616056652381022 0.610619201164214 0.579807609288769 0.549239636734279 0.584785687002204 0.608937291654885 0.617211031484643 0.614737158956201 0.609683871525014 0.627100971115478 0.653855173136445 0.696379805585162 0.722715620128009 0.741771520837403 0.760368047023254 0.774739311978747 0.78037357359421 0.775902351624997 0.765844711266602 0.768769079147054 0.770127460532036 0.766142408209482 0.774564800689624 0.791325370656051 0.786531326803904 0.779915231750475 0.773796145427241 -9999 -9999
0.614604295434452 0.60274205918442 0.596364467280505 0.609502484729268 0.630641927833411 0.596735327335288 0.575583786394743 0.580403216262506 0.582181302401686 0.582302905976191 0.566173658121204 0.554284611341913 0.554586152626338 0.558538640618681 0.564910164928924 0.566850721266301 0.567439576847911 0.564934657099093 0.56893817015771 0.578148390897576 0.586129904777297 0.594848658363364 0.607427876511816 0.609752437742502 0.602210249156239 0.601215344267975 0.601092187102331 0.598086996484868 0.596798974704294 0.597496806036647 0.572137798003829 0.545292162095903 0.570669064534095 0.59168674960637 0.606629978192831 0.605335365771745 0.600115409816324 0.628347632282943 0.657925720413622 0.689776984936882 0.716102518633823 0.739844058977785 0.751040306717729 0.758602810958336 0.758651453366587 0.761232397891949 0.76521322585638 0.766792086005674 0.767498454047871 0.766205586515738 0.775302812624873 0.791382495336289 0.786531326803904 0.779915231750475 0.773796145427241 0.771055756097473 -9999
0.602949929514609 0.592359629772138 0.595326023618229 0.603926837942639 0.614475081620432 0.57750822579502 0.554598892200664 0.560312513901169 0.557500013889063 0.550043720467984 0.532989274879088 0.520447742422459 0.520183834780576 0.529331924543718 0.54471619504797 0.55082080894067 0.553043997579758 0.545415574657094 0.548197171029353 0.55930672115461 0.567997581331599 0.576956328698063 0.588521893247662 0.589918309697215 0.581530250570524 0.578989765359094 0.57795237206657 0.578589258209458 0.58146914878999 0.586943005234051 0.566283224151365 0.542804195111657 0.559717584385269 0.577425206153951 0.596239570332093 0.59620175800042 0.591710982068962 0.627891816551444 0.65915419089316 0.682109252121528 0.708640278966559 0.736580479144731 0.739768251982095 0.742298996678608 0.743471137315362 0.751890440878303 0.764316052887644 0.767282530133903 0.76913186011983 0.76906923789838 0.775898608230455 0.787359605626706 0.780471743215658 0.77288839684681 0.768526854176838 0.769449434672551 0.774657855173576
0.605787233746672 0.603266007629792 0.611092892695665 0.610598401485096 0.606063809021083 0.570217615885132 0.544251826164524 0.538403831074022 0.530115284338354 0.520497479350682 0.510681998468659 0.503838348356265 0.504525324774519 0.516630086225396 0.536300018815033 0.536833926029725 0.536895427807681 0.540818044623849 0.549021183811414 0.560648715532533 0.551824057541207 0.544991311426276 0.559048458671154 0.564846553131294 0.562698013373879 0.559247769675786 0.557140455817283 0.564496977721697 0.572219503237778 0.580365300709393 0.563238575840147 0.54257549612267 0.553665636432903 0.567790530431151 0.58614427508666 0.587483292088043 0.585108439133082 0.624800624732939 0.65598322356859 0.672793071646428 0.699863602411928 0.731248634327434 0.725486464921843 0.725736187188483 0.738417310676613 0.750796040794503 0.763007604653587 0.771592482873656 0.777363335234718 0.77626792594572 0.776274257815487 0.777020993005341 0.765032131213876 0.754984261532362 0.755100880057359 0.761778076160613 0.773776417316926
0.601536661792076 0.608896005060003 0.623034168282346 0.611767217105404 0.589058578188863 0.548590876754967 0.520000953041348 0.515595739485164 0.51799314263961 0.524095623871687 0.523345304386467 0.522105695257608 0.520249663977982 0.52450314835776 0.532804662316504 0.536918201355995 0.538513961209714 0.533204557942771 0.538490668828747 0.552253128254997 0.547349342367835 0.543074650134747 0.552849945813335 0.556812134252503 0.555181110237037 0.552447244083213 0.549742723320005 0.54855675835351 0.5531391734739 0.564392543311151 0.550777520052346 0.533059173845842 0.540960597919643 0.553135720262737 0.571266130445638 0.585570877097489 0.599650171028025 0.633897024194439 0.661323799174566 0.677231415041985 0.694362497525152 0.711917360526561 0.71371230453213 0.718001566441226 0.727448583733029 0.736479824144847 0.745281218692418 0.759318714573716 0.767322877531721 0.759285031218131 0.753965755927552 0.750473442437683 0.745833332250361 0.742801918724643 0.74537661696152 0.751707491901912 0.761084921942966
0.594684932852368 0.612105811824735 0.632320620355876 0.610038841660769 0.568894383265207 0.522149773035486 0.491478208091716 0.493533467200601 0.512474058962917 0.54061132878442 0.548960958659698 0.552889207215539 0.547431980741491 0.540057107271895 0.531411643432661 0.541762269228819 0.545688330602433 0.523653380840725 0.523105299767616 0.539746586328312 0.546960388197002 0.552267863418567 0.55528833743344 0.555266634796703 0.552317833168639 0.550964408126042 0.547875938343154 0.532665831575186 0.531157131001053 0.545493686616642 0.535371682302188 0.520650470748392 0.526042565829456 0.536748748670379 0.554859975157771 0.585877999592391 0.620976621292006 0.64635918327929 0.668752076907809 0.686095400050744 0.689643705626962 0.687137336903973 0.70283066857509 0.713569967150914 0.714065306515597 0.716977313533667 0.72122528003416 0.740252338871179 0.749668463093096 0.732876685673691 0.723205314599685 0.718319071553773 0.725657973262865 0.7331034948703 0.737235459784177 0.740801506682216 0.743908549504092
0.597604511262414 0.606111547833003 0.604278963191389 0.586002260197339 0.560404252653939 0.530689518087346 0.510412868541356 0.509353395477366 0.520036048273554 0.537114106684956 0.530405810040666 0.525948810445456 0.529336797928667 0.531680241729338 0.533331594051868 0.513443974489162 0.495521970921333 0.489962379335348 0.49994523820724 0.522361965351076 0.523374950590977 0.522847171073885 0.528886269000058 0.53828618963998 0.550919801778468 0.550996879637629 0.548227532067536 0.544098088011507 0.546772937832179 0.557316744907398 0.550347816317361 0.538621221929643 0.528082118778971 0.531034351565665 0.552786411524954 0.567327730909894 0.579949156114055 0.604320335560843 0.629165346410106 0.654810661767413 0.666112564642573 0.671060014686078 0.687547224140554 0.699120070190737 0.700530986093511 0.704324971866516 0.709436343911459 0.719983043138371 0.726265729642086 0.721034782992791 0.719386511057677 0.720145904690896 0.724390641823949 0.728598461183222 0.731641402340099 0.734738508423399 0.737879546527449
0.595607164822106 0.593242895014317 0.57493481941888 0.560674243320872 0.548147026053752 0.530644762381576 0.516997902128275 0.511201147881442 0.516134387298191 0.526911769636283 0.514671631405692 0.505538843043473 0.506345511184659 0.511205316073756 0.518750639481475 0.482993788620356 0.454650553780476 0.462273581312846 0.479605361658545 0.504704086727213 0.500683345556517 0.495379193758577 0.502438187430164 0.519860352321769 0.547253676517685 0.548425949501689 0.545131145149692 0.547656493951391 0.553534955402462 0.563291188828952 0.559108782114767 0.549702644901724 0.528275992058529 0.523605187506439 0.542283223533626 0.54401463488649 0.54139622079508 0.569243109776834 0.598564720573561 0.630377146690824 0.64559957758489 0.653429888764038 0.669311549718521 0.681852051539638 0.687483698045953 0.693176399181995 0.698902851964201 0.701983239873188 0.704500661796913 0.705839356649653 0.708283167517719 0.711469649711369 0.715927432669585 0.719956169278104 0.722200590151856 0.726434144680448 0.732281043244847
