layers/veg_sum/veg4300.asc
NCOLS 255 
NROWS 330 
XLLCORNER -2985163.8955 
YLLCORNER -3022031.214 
CELLSIZE 25000 
NODATA_value -9999 
[rows 150 to 174 of 330, columns 57 to 113 of 255]
-9999 -9999 -9999 -9999 -9999 -9999 -9999 -9999 -9999 -9999 -9999 -9999 -9999 -9999 -9999 -9999 -9999 -9999 -9999 -9999 -9999 0.462227883881372 0.463412730655239 0.312314539432802 0.16274723572735 0.0984340146507612 0.0573737287003464 0.0377914538660248 0.0701056596443579 0.104638273897091 0.0968076680247683 0.088547443503069 0.0798103195792265 0.0675305584504627 0.0521262234001192 0.0189669730934748 0 0 0.00136942538213258 0.00758111089913727 0.0777308311040281 0.114957098048644 0.0989390182685918 0.117788670990252 0.15272660755976 0.250072202253184 0.315379486208708 0.317420368757606 0.323537844966111 0.331810199039562 0.361967180753144 0.382843557589858 0.379496866978806 0.377528136400408 0.376446798468877 0.378246320242966 0.381189418900537
-9999 -9999 -9999 -9999 -9999 -9999 -9999 -9999 -9999 -9999 -9999 -9999 -9999 -9999 -9999 -9999 -9999 -9999 -9999 -9999 -9999 0.490747847243286 0.49493109361029 0.367129585345024 0.230729212855889 0.128962136738762 0.0695361218122807 0.0492192248524278 0.0733446405378832 0.0987272026841853 0.0843518725158175 0.0754696729888578 0.0726851387345301 0.0578401977788606 0.0390743090753524 0.0142178220583813 0 0 0 0.00365796801021712 0.0607618953103878 0.0961601048837099 0.096455472983517 0.119326391192236 0.15289097279648 0.241860961431165 0.301708718978294 0.304048489387318 0.308817223085007 0.314869901090754 0.354975693297759 0.383942582003927 0.383292085858178 0.382340830549059 0.381195889310213 0.393825516308102 0.403848707104349
-9999 -9999 -9999 -9999 -9999 -9999 -9999 -9999 -9999 -9999 -9999 -9999 -9999 -9999 -9999 -9999 -9999 -9999 -9999 -9999 -9999 0.487024208493547 0.484625776301398 0.393220558498578 0.288668364250196 0.178409318978914 0.0937727361361916 0.0328028228935076 0.0578192680104231 0.088785207325235 0.0618722659853518 0.0550962845278641 0.0706733925901609 0.0611275040834379 0.0437000417489425 0.0159009700294924 0 0 0 0.00355215856052588 0.0590043122240865 0.0945840782632361 0.0980258942351055 0.114191014319491 0.137191355852511 0.235174133956348 0.298561658777663 0.293633559880819 0.300295818607636 0.31308471324068 0.358090392583763 0.389102172171769 0.383643491083926 0.391867110457049 0.408901996146741 0.410609948318284 0.411000273151442
-9999 -9999 -9999 -9999 -9999 -9999 -9999 -9999 -9999 -9999 -9999 -9999 -9999 -9999 -9999 -9999 -9999 -9999 -9999 -9999 -9999 0.499971869407543 0.49459693729399 0.420363610936776 0.330738965247245 0.21605212828762 0.113774007261214 0.0229574302207179 0.0471874163219503 0.0827631051666713 0.0592301009675959 0.0545734316053744 0.0708704913501221 0.0616116886776026 0.0442967809590002 0.0161181032841712 6.21412179968923e-05 0.000207329771670761 0.00992899656828418 0.024108378240524 0.0557860040195547 0.0755177097122934 0.0759302781932875 0.102187045845823 0.140594120227944 0.237467211139112 0.302194587763837 0.303443472024015 0.310831050089316 0.321463527328998 0.365257883217514 0.396739386598533 0.395795094166773 0.406046423577181 0.423507622841883 0.421454527837517 0.419434659995669
-9999 -9999 -9999 -9999 -9999 -9999 -9999 -9999 -9999 -9999 -9999 -9999 -9999 -9999 -9999 -9999 -9999 -9999 -9999 -9999 -9999 0.509547665261645 0.521098330526246 0.448464578284628 0.358361300565084 0.242947092832919 0.129919011603938 0.0190949210230928 0.0410111001057449 0.080310053549933 0.0746498646198314 0.0721244294225516 0.0730787365111718 0.0595436396909229 0.0412251341776707 0.0150004347086649 0.000180861821304493 0.000603432654263292 0.028898313566299 0.063477311045782 0.0512377101475144 0.0405264393457872 0.032286808955734 0.0839292461268482 0.161389543258321 0.247936463524946 0.312000675773413 0.331668039454517 0.338717289217917 0.33909663350409 0.376115427742061 0.406632470191036 0.418690740620847 0.424462308934863 0.426185303198542 0.426890890176473 0.42903705117752
-9999 -9999 -9999 -9999 -9999 -9999 -9999 -9999 -9999 -9999 -9999 -9999 -9999 -9999 -9999 -9999 -9999 -9999 -9999 -9999 -9999 0.51402975984254 0.514025512513211 0.473285889632149 0.418727563658473 0.330700677268674 0.204905451397286 0.0442247880178877 0.0467387265522155 0.0748312421930514 0.0704327584937484 0.0679934290037677 0.0677288642091433 0.0590282157242016 0.0469309145273116 0.0252805475093879 0.00971466201268651 0.00228025503542104 0.0330550760655624 0.0739330165824687 0.0723761193360523 0.0658910692631789 0.051436129891948 0.103559297246029 0.184394421771522 0.275718315035977 0.336598853538536 0.337362567584057 0.343954898041315 0.353628221488719 0.381681229125239 0.406933278475995 0.424051944592898 0.432497369369845 0.435357312414957 0.440781993707737 0.445729791038028
-9999 -9999 -9999 -9999 -9999 -9999 -9999 -9999 -9999 -9999 -9999 -9999 -9999 -9999 -9999 -9999 -9999 -9999 -9999 -9999 -9999 0.49393507745166 0.49868728766642 0.492732890882059 0.47535226117542 0.418348155355373 0.281755094051276 0.071648196264638 0.0517199173393376 0.065277453229806 0.0608857242265368 0.0582806728268608 0.0576589279764035 0.0555032077940259 0.0512714533585978 0.0334999468452997 0.0173968367282811 0.00352342020321979 0.0309850293913898 0.0711111470364685 0.0906789702661296 0.0971205572089497 0.0823341802890064 0.132525581177843 0.210879836378786 0.30710498383561 0.364747645103999 0.346201050377207 0.351912912566417 0.370447738291094 0.391321353450854 0.411293710828033 0.428898799632501 0.439983677775474 0.446869604671727 0.455933379981541 0.46161401612852
-9999 -9999 -9999 -9999 -9999 -9999 -9999 -9999 -9999 -9999 -9999 -9999 -9999 -9999 -9999 -9999 -9999 -9999 -9999 -9999 -9999 0.489989998669174 0.487769126320893 0.487111868929924 0.479740243360136 0.444999493007911 0.309990919829149 0.08236808520041 0.0409456103177643 0.0372515519285668 0.0427484491351618 0.0406813918682663 0.0302179454514216 0.0345745158987256 0.0396999691944135 0.0195396862096515 0.00597029928967499 0.00120917805145074 0.0108069021817976 0.0270235568620531 0.0685284820655494 0.099322722178092 0.112795467302453 0.173072560435868 0.253515045664225 0.340297973496759 0.396920125621493 0.393983465227201 0.396700341009679 0.402405662779968 0.427690008368857 0.446575936898087 0.448447753421641 0.454886717457513 0.464266879368179 0.469330848922138 0.466195798743509
-9999 -9999 -9999 -9999 -9999 -9999 -9999 -9999 -9999 -9999 -9999 -9999 -9999 -9999 -9999 -9999 -9999 -9999 -9999 -9999 -9999 0.487024978102462 0.48532854661397 0.488255843883337 0.486204795798632 0.462059244455436 0.332463530504517 0.105466789440548 0.0467494313474627 0.0249664117753339 0.0268516015528743 0.0225471483197385 0.0113718642799074 0.0202382204116615 0.0306698875726562 0.0111597367778832 0 0 0.000189014275096942 0.00388787922430958 0.0579284430211351 0.0988245645841111 0.118463279329258 0.178978678538586 0.257229505498579 0.347726104871273 0.409528311681985 0.414667388754145 0.424128043184649 0.435873073289731 0.45435160908335 0.467070161450169 0.465233263082954 0.469426215386518 0.477502331947506 0.46928928119329 0.45511693124801
-9999 -9999 -9999 -9999 -9999 -9999 -9999 -9999 -9999 -9999 -9999 -9999 -9999 -9999 -9999 -9999 -9999 -9999 -9999 -9999 -9999 0.489665477201458 0.492636232159703 0.496802181988322 0.49494156319049 0.468623735479281 0.348629943009363 0.142110582843107 0.0706932938172582 0.0299050533808383 0.0134062640405226 0.00382754051776304 0.00193045571336148 0.0131154259703791 0.0244206475087041 0.00888584927143913 0 0 3.20865320132663e-05 0.00367810495087023 0.0599670822217297 0.0953716727134258 0.0970016915643165 0.146980236190661 0.21835628560584 0.326961933980277 0.400728947318287 0.405699728336027 0.432560467188186 0.470992186506067 0.470391602522983 0.471383128412577 0.478994969885394 0.483567920365385 0.486183855070055 0.45454251385778 0.426901940717115
-9999 -9999 -9999 -9999 -9999 -9999 -9999 -9999 -9999 -9999 -9999 -9999 -9999 -9999 -9999 -9999 -9999 -9999 -9999 -9999 -9999 -9999 0.494586558761733 0.493286232910228 0.48738103281582 0.463939420163441 0.344663348729541 0.136867975975379 0.0607254235265806 0.0162928574943444 0.0056165649621383 0 0 0.00614459686347491 0.0121968509194482 0.00443802232589458 0 0 0 0.00233490699753466 0.0387847499342323 0.0583948279946735 0.0507713630623704 0.128930902246 0.243146122735929 0.320081026331587 0.378408159071338 0.399990323891801 0.431615260204443 0.468548782017189 0.479478659751772 0.488344280128228 0.49397894936706 0.483990547349679 0.463941041798288 0.440616445157798 0.421827897083311
-9999 -9999 -9999 -9999 -9999 -9999 -9999 -9999 -9999 -9999 -9999 -9999 -9999 -9999 -9999 -9999 -9999 -9999 -9999 -9999 -9999 -9999 -9999 0.43632989805634 0.474005215694188 0.455039676583804 0.335712131516772 0.123683330979244 0.0456402876845185 0.00149611081239771 0.00051574768706509 0 0 0 0 0 0.000111626441683062 0.000372433714893169 0.000335456912502481 0.00102431754762044 0.0137994232923283 0.0167653788616822 0.00386781644335669 0.116323606126123 0.280186797148888 0.320279322116027 0.359996506761827 0.398972502784164 0.431883081883481 0.461587495796752 0.485186169233943 0.502131073106433 0.50323198348291 0.478082307963658 0.436027514481743 0.427882658361407 0.422433644583804
-9999 -9999 -9999 -9999 -9999 -9999 -9999 -9999 -9999 -9999 -9999 -9999 -9999 -9999 -9999 -9999 -9999 -9999 -9999 -9999 -9999 -9999 0.390376299963662 0.421905233175722 0.447932526253243 0.435802793478315 0.328243544208052 0.132539026180592 0.0586460997233903 0.0146706996549955 0.00505736563895587 0 0 0 0 0 0.0010945967276739 0.00365204443903146 0.00328945394267209 0.00224220952927761 0.00571565171722412 0.00607598436197328 0.00140174537173927 0.118210721146449 0.285131504878229 0.347883667979617 0.399226640575199 0.428039760327726 0.460433642537833 0.494720307400261 0.478462697481505 0.465763615801434 0.465297685113437 0.450280057739396 0.425891281469418 0.422809159084965 0.420948458406979
-9999 -9999 -9999 -9999 -9999 -9999 -9999 -9999 -9999 -9999 -9999 -9999 -9999 -9999 -9999 -9999 -9999 -9999 -9999 -9999 -9999 0.379444615525639 0.383228059122497 0.408584546524667 0.429223792550548 0.419986233299056 0.323297457643251 0.145832720249458 0.0857911337605721 0.0492577259527998 0.0169803987911353 0 0 0 0 0 0.00122909143675409 0.00410077650807323 0.00369363398438711 0.0021814998124917 0.000833159341833012 0 0 0.126129732909946 0.304375171270522 0.379188128064087 0.432005213723552 0.441386812916742 0.46529320434106 0.496877366935445 0.467830058580095 0.444838002478963 0.440889153307259 0.432829400941823 0.422122267535098 0.420632877333506 0.420022927985773
-9999 -9999 -9999 -9999 -9999 -9999 -9999 -9999 -9999 -9999 -9999 -9999 -9999 -9999 -9999 -9999 -9999 -9999 -9999 -9999 -9999 0.37421618182309 0.368758162348258 0.396717828685947 0.420213585224663 0.408674329760375 0.321673571926745 0.164971377352705 0.131557900786438 0.11204550424215 0.0386249528979202 0 0 0 0 0 0.000246121150763239 0.000821165783934898 0.000739636954217467 0.000436837511176699 0.000166837169187854 0 0 0.141992913778367 0.342450948104929 0.415365737396591 0.456286909173919 0.434029935740318 0.438951087940664 0.458238533725683 0.452048942141165 0.444249710087581 0.434294417298265 0.429012069147724 0.426739051176147 0.422272308438584 0.419834479141472
-9999 -9999 -9999 -9999 -9999 -9999 -9999 -9999 -9999 -9999 -9999 -9999 -9999 -9999 -9999 -9999 -9999 -9999 -9999 -9999 -9999 0.420505238698188 0.416732347067253 0.408207040907748 0.398670837286439 0.387608078084001 0.314215994106901 0.183252256353419 0.13282340102601 0.0938260122187172 0.0323442277051605 0 0 0 0 0 0 0 0.0024234106208823 0.00525564287262607 0.00200723737476056 0.00104145926544789 0.00376718347694365 0.151891552078558 0.359486414512303 0.414994423712385 0.446550379246872 0.430807953349281 0.433313509588564 0.445464906465907 0.444976276266873 0.441834895742901 0.433089825255181 0.43021926595488 0.431131833819464 0.429075438114978 0.426440870617716
-9999 -9999 -9999 -9999 -9999 -9999 -9999 -9999 -9999 -9999 -9999 -9999 -9999 -9999 -9999 -9999 -9999 -9999 -9999 -9999 -9999 0.480463333703488 0.480925864772513 0.426072789549858 0.374505031145265 0.364699504774302 0.304585395948289 0.198002818202488 0.121800151102983 0.0568113391252467 0.0207101732512031 0.00123402480610494 0.000212524184091333 0 0 0 0 0 0.00521892796387275 0.0113182724049012 0.00432267943987739 0.00224283117225159 0.00811280557386627 0.158809420344747 0.368323349704261 0.403657533067769 0.42776689931494 0.429710496860765 0.434775878722624 0.441491428465674 0.440781269420364 0.438627545487544 0.433462662777684 0.432883609676423 0.435257785535384 0.436742779390519 0.434159623018191
-9999 -9999 -9999 -9999 -9999 -9999 -9999 -9999 -9999 -9999 -9999 -9999 -9999 -9999 -9999 -9999 -9999 -9999 -9999 -9999 -9999 0.480124958193178 0.479989397183236 0.424299906958908 0.371883688980842 0.361306012555962 0.291860911517171 0.168041805933457 0.146276659767319 0.13368763391728 0.0638556242908381 0.0194774620252123 0.00335441532828161 0 0 0 0 0 0.00198605366546417 0.00430714824042053 0.00164498789897541 0.000853505375338068 0.00308731359365589 0.152102069069316 0.361023984858385 0.40944597712709 0.440903164241861 0.43885976571607 0.438777910660252 0.439732922890583 0.436157266269048 0.43290544391261 0.430762047232509 0.432499856785115 0.436737124805503 0.432548449674766 0.425927332542906
-9999 -9999 -9999 -9999 -9999 -9999 -9999 -9999 -9999 -9999 -9999 -9999 -9999 -9999 -9999 -9999 -9999 -9999 -9999 -9999 -9999 0.471505100908636 0.474594765335193 0.423625973012782 0.373432679774169 0.354421249479918 0.280336121958089 0.155381137584218 0.166523016497273 0.184995962313928 0.100566953685983 0.0403293672525982 0.0069455377459805 0 0 0 0 0 0 0.000125102729405941 0.0020780605314141 0.00585360989950886 0.0125766841373372 0.155551603472954 0.354256796003224 0.410495414875817 0.446539727003705 0.442706121500696 0.440258762492407 0.438544170135951 0.433256546641809 0.4291001662195 0.427959675419231 0.43039746736868 0.435139638055731 0.427232206889012 0.418007646039495
-9999 -9999 -9999 -9999 -9999 -9999 -9999 -9999 -9999 -9999 -9999 -9999 -9999 -9999 -9999 -9999 -9999 -9999 -9999 -9999 -9999 0.467666010572848 0.463969931202029 0.424702548263038 0.381624570787541 0.341975260433704 0.270722319701501 0.17027809103544 0.180031187691339 0.195577218960003 0.127029406427631 0.0653362866914939 0.011252238165694 0 0 0 0 0 0 0.000449480902072307 0.00746625214858428 0.0210314025161922 0.0451866986273787 0.175179984696746 0.34833730732971 0.403996115777298 0.440230055815548 0.438105496490027 0.437723640528922 0.438262973486487 0.433100835774606 0.428348186647994 0.42499521661131 0.42555747137104 0.428641092217476 0.420128875001478 0.410585904667709
-9999 -9999 -9999 -9999 -9999 -9999 -9999 -9999 -9999 -9999 -9999 -9999 -9999 -9999 -9999 -9999 -9999 -9999 -9999 -9999 -9999 0.473505089938287 0.472134441446231 0.438883429626742 0.398870249994839 0.348692421451361 0.279976435217719 0.194137330772086 0.181902218510195 0.173431570347551 0.108224726100238 0.0530924920155719 0.00914360756053186 0 0 0 0 0 0 0.00103832297857167 0.0172474094760049 0.0532790293504389 0.121367974188406 0.240689525392076 0.37993795952269 0.40994809258297 0.430978712139396 0.434277388510095 0.436847242677094 0.439031843133429 0.433183625347083 0.428567166567014 0.427523986222461 0.424397490337141 0.419929359826599 0.411561925321323 0.400414921150195
-9999 -9999 -9999 -9999 -9999 -9999 -9999 -9999 -9999 -9999 -9999 -9999 -9999 -9999 -9999 -9999 -9999 -9999 -9999 -9999 -9999 0.444566591568745 0.482329687715093 0.456972683847039 0.418807214919397 0.36281060285722 0.296300695117322 0.22007998397959 0.177882938280657 0.137403299840272 0.070574124820445 0.0254375350615829 0.00438086119299439 0 0 0 0 0 0 0.00182185851197869 0.030262587279602 0.0939118643927295 0.214500981350732 0.323524061482403 0.425608756981598 0.420295906950582 0.420277406949394 0.430713717656378 0.436600926453666 0.440083490631176 0.433137620637684 0.428869456519282 0.431877748216372 0.424384845700008 0.410129277861336 0.401857419780741 0.388420981294308
-9999 -9999 -9999 -9999 -9999 -9999 -9999 -9999 -9999 -9999 -9999 -9999 -9999 -9999 -9999 -9999 -9999 -9999 -9999 -9999 -9999 0.418488523895221 0.410157605448176 0.402586295027439 0.388264620527847 0.346849601800093 0.273243756020237 0.16990424704863 0.129268381921274 0.0967634743636109 0.0425860956573154 0.0101160154899644 0.00174218372890401 0 0 0 0 0 0 0.00635822210970761 0.105615364899628 0.188478296535603 0.244828241940839 0.316562416773 0.393448350661132 0.39250219817278 0.400059859586979 0.424410094999457 0.433276558178542 0.433958335603387 0.422769373198532 0.414512450835505 0.414254683066699 0.40626040905178 0.393283901450572 0.368678736472812 0.34646521991962
-9999 -9999 -9999 -9999 -9999 -9999 -9999 -9999 -9999 -9999 -9999 -9999 -9999 -9999 -9999 -9999 -9999 -9999 -9999 -9999 -9999 0.329108198702382 0.341913611036656 0.354909804204701 0.358780316708856 0.326458732926236 0.248059848059278 0.12710079693722 0.0845829713807279 0.0558053041162534 0.0192375165565414 0 0 0 0 0 0 0 0 0.00933632764032688 0.15508417817775 0.25392712826542 0.276914706716053 0.315660681914325 0.360533954446638 0.371703261636788 0.387976954886847 0.414330334923219 0.423225674302994 0.42289273426189 0.411583525945418 0.401961897678683 0.397233827861522 0.384745271210447 0.367259037711467 0.338972334393429 0.31712001371405
-9999 -9999 -9999 -9999 -9999 -9999 -9999 -9999 -9999 -9999 -9999 -9999 -9999 -9999 -9999 -9999 -9999 -9999 -9999 -9999 -9999 0.314654371070977 0.301912072197771 0.320272863636387 0.331352621367536 0.297459166268339 0.218742536371009 0.0986241375636877 0.0475331902321109 0.0142284847273339 0.00490492283576431 0 0 0 0 0 0 0 0 0.00928622255061483 0.154251890905937 0.262790835444631 0.312419886856271 0.326535355441116 0.326154306581658 0.364497480199126 0.391702350379388 0.396912291363415 0.40010294667514 0.402226212307741 0.398808811936481 0.392921879036465 0.381383265682951 0.356640879907154 0.323395395143872 0.316013722757102 0.3122812855415
