layers/veg_sum/veg4200.asc
NCOLS 255 
NROWS 330 
XLLCORNER -2985163.8955 
YLLCORNER -3022031.214 
CELLSIZE 25000 
NODATA_value -9999 
[rows 75 to 99 of 330, columns 0 to 56 of 255]
-9999 -9999 -9999 -9999 -9999 -9999 -9999 -9999 -9999 -9999 -9999 -9999 -9999 -9999 -9999 -9999 -9999 -9999 -9999 -9999 -9999 -9999 -9999 -9999 -9999 0.693619072777916 0.69795298291935 0.702359632166937 0.709610057334691 0.715125916191945 0.717318820148539 0.674320029868939 0.608143735248611 0.443048865397219 0.32817313323098 0.337153928069941 0.385934584052885 0.459622528275877 0.583269085352041 0.682566753684474 0.698576128661627 0.711973906827124 0.723394758897058 0.731431840288449 0.738416537417252 0.742991830607133 0.746369413434996 0.748655681087066 0.757474561945609 0.766186303847816 0.767827401162013 0.771707867593437 0.778040491461212 0.769812887359044 0.760536951736291 0.772360981447659 0.779209891250606
-9999 -9999 -9999 -9999 -9999 -9999 -9999 -9999 -9999 -9999 -9999 -9999 -9999 -9999 -9999 -9999 -9999 -9999 -9999 -9999 -9999 -9999 -9999 -9999 -9999 0.691082150598916 0.690875771631307 0.691039117618355 0.705657066895614 0.718037763158742 0.726132494208365 0.694836372630689 0.643337829497794 0.472971709567125 0.346774746003477 0.331128918533579 0.388164854723485 0.490686015867333 0.598865415637572 0.68440722943765 0.701234535088738 0.714589461695296 0.725315867422913 0.734063968087138 0.741618393599962 0.745524023434333 0.748461141440101 0.750515782605051 0.757348499679699 0.764345506377949 0.767451553448014 0.771575852673579 0.77681515995029 0.774383561107557 0.771844368881211 0.783899175427019 0.787413082306211
-9999 -9999 -9999 -9999 -9999 -9999 -9999 -9999 -9999 -9999 -9999 -9999 -9999 -9999 -9999 -9999 -9999 -9999 -9999 -9999 -9999 -9999 -9999 -9999 -9999 0.691452664675099 0.685986589608204 0.681162098099715 0.701420673604888 0.718999892915794 0.731446198170627 0.711340453531452 0.674539710165858 0.497865674421746 0.359795159894044 0.320170150272473 0.390478830974879 0.5295854932151 0.620623704029392 0.690082606573372 0.705468672948097 0.717701008539871 0.727546033557757 0.736520551802214 0.744265025854895 0.747674270684175 0.750389306505309 0.752471801396859 0.757192462732255 0.762095292985503 0.765332454451931 0.76924018984238 0.773882218128878 0.777281969971039 0.78128149917069 0.792471094084642 0.793535742357616
-9999 -9999 -9999 -9999 -9999 -9999 -9999 -9999 -9999 -9999 -9999 -9999 -9999 -9999 -9999 -9999 -9999 -9999 -9999 -9999 -9999 -9999 -9999 -9999 -9999 0.70385796430149 0.695067544094367 0.686908501334345 0.703433511974836 0.717503207370297 0.726869189925983 0.712734363844987 0.686546657176234 0.498539044751084 0.348728916545224 0.297516265352236 0.387304020379161 0.565331725464653 0.651797353925282 0.712451848439652 0.715712521642507 0.721902379072645 0.730309569864419 0.737254689688349 0.743425790172564 0.747319176883237 0.750800703884088 0.753906957558533 0.757816684873846 0.761882513083063 0.765972088060721 0.770560316108282 0.775694580012153 0.778146572599354 0.780529652775176 0.787771092727719 0.7912584212812
-9999 -9999 -9999 -9999 -9999 -9999 -9999 -9999 -9999 -9999 -9999 -9999 -9999 -9999 -9999 -9999 -9999 -9999 -9999 -9999 -9999 -9999 -9999 -9999 -9999 0.709685668908292 0.699333553129778 0.689596417695058 0.70390228176267 0.71461001597602 0.718424716950996 0.67099943330245 0.597294653253009 0.464206413654136 0.358609662941477 0.321081072951156 0.418351270942083 0.599980362912858 0.674268539497137 0.724327546019586 0.725083382014328 0.728398550435027 0.733651081865788 0.73831525143208 0.742673970132157 0.746139443010755 0.749436078823727 0.752578875730569 0.756391946159948 0.760330784933485 0.764265926498588 0.768943714725717 0.774434717050001 0.776740327285671 0.77873463559555 0.784704157560221 0.789478377486599
-9999 -9999 -9999 -9999 -9999 -9999 -9999 -9999 -9999 -9999 -9999 -9999 -9999 -9999 -9999 -9999 -9999 -9999 -9999 -9999 -9999 -9999 -9999 -9999 -9999 0.709685668908292 0.699333553129778 0.689574535414793 0.703003017251888 0.710479529864734 0.706553696437201 0.591052642073074 0.418327905099051 0.39885870255148 0.387049300280767 0.385595328868516 0.479719035746845 0.633656538806166 0.689029400660045 0.726906034483255 0.733680780649131 0.736927899779113 0.737504676415358 0.739665022501258 0.741999599758022 0.744229083623996 0.746497909919524 0.748802583772012 0.753151842015202 0.757592757711848 0.760481406313966 0.764725192550684 0.770452883697227 0.773322126086361 0.776015376171432 0.783084107968222 0.788138917993321
-9999 -9999 -9999 -9999 -9999 -9999 -9999 -9999 -9999 -9999 -9999 -9999 -9999 -9999 -9999 -9999 -9999 -9999 -9999 -9999 -9999 -9999 -9999 -9999 -9999 -9999 -9999 -9999 -9999 0.710975910366616 0.709150333857593 0.57764698832654 0.379635690278922 0.383669331953986 0.393309423408706 0.405971870514654 0.49805070989877 0.639829395377852 0.687053830319871 0.720399565896251 0.732573460712889 0.738329994792461 0.739228716268982 0.740726019997302 0.742064088222121 0.742490645437143 0.743845931863284 0.746047446488193 0.750314859419185 0.754732402223359 0.757885051524154 0.761750266013296 0.766395754737734 0.769531490548193 0.772740027400886 0.77955580501318 0.784466265383641
-9999 -9999 -9999 -9999 -9999 -9999 -9999 -9999 -9999 -9999 -9999 -9999 -9999 -9999 -9999 -9999 -9999 -9999 -9999 -9999 -9999 -9999 -9999 -9999 -9999 -9999 -9999 -9999 -9999 0.707768454793386 0.706207485499881 0.573255861592183 0.372917796013697 0.383698613152851 0.402589498971676 0.429967303585783 0.516579569005341 0.640261556444473 0.682221728824041 0.713019921218994 0.72800411083213 0.736390112783748 0.739781419798821 0.741631892786139 0.742767549103418 0.741893572529905 0.742561670374761 0.744634856852339 0.748708183527194 0.752924788725038 0.755905823432673 0.75911368360685 0.762569922554433 0.766172958823669 0.770076344093599 0.776033122176671 0.78049255797725
-9999 -9999 -9999 -9999 -9999 -9999 -9999 -9999 -9999 -9999 -9999 -9999 -9999 -9999 -9999 -9999 -9999 -9999 -9999 -9999 -9999 -9999 -9999 -9999 -9999 -9999 -9999 -9999 0.708303816808727 0.697630605490978 0.666510438851074 0.554377531612062 0.400695548184926 0.415043074319194 0.446906092420739 0.511698335392685 0.574699513026549 0.636579817889751 0.678079226739121 0.709411186963751 0.714781111079803 0.72408659707308 0.736371224004599 0.742018996121345 0.746012067894563 0.74686507769657 0.747878411452094 0.74903782723969 0.752908655110182 0.756505332659971 0.755955101313757 0.757058076098867 0.759971347220371 0.765315054008382 0.770978341374591 0.774250278752964 0.777102188169388
-9999 -9999 -9999 -9999 -9999 -9999 -9999 -9999 -9999 -9999 -9999 -9999 -9999 -9999 -9999 -9999 -9999 -9999 -9999 -9999 -9999 -9999 -9999 -9999 -9999 -9999 -9999 0.700028911834199 0.699514771749656 0.686407880144916 0.649176718903699 0.56036086650152 0.445088727750583 0.44583721005484 0.470324430404881 0.545105018678539 0.596055965386982 0.632094001998213 0.676040177811256 0.71068045224842 0.715880065325342 0.723059044688371 0.731736364394832 0.739859345548562 0.74662724466698 0.74841993595727 0.749832698877158 0.750899283280536 0.753962343529035 0.75674463735095 0.756057040839686 0.756939436608215 0.759541007752654 0.764308058856584 0.76913142426381 0.770037798151669 0.771481126879526
-9999 -9999 -9999 -9999 -9999 -9999 -9999 -9999 -9999 -9999 -9999 -9999 -9999 -9999 -9999 -9999 -9999 -9999 -9999 -9999 -9999 -9999 -9999 -9999 -9999 -9999 -9999 0.6997494737509 0.688031107879716 0.674029969405458 0.65565566262823 0.592817117150199 0.507174158097659 0.47604535451261 0.471490125239828 0.527055517745516 0.578266333892774 0.626751997604692 0.676240903995892 0.7171438536286 0.732229160045456 0.734038235568769 0.72579747216326 0.734987889389977 0.744442675319048 0.746336719045004 0.748206616574461 0.750054512865959 0.75166531002103 0.753426161599604 0.75621505494047 0.758883297413506 0.761419424586533 0.763142311025121 0.764357439335792 0.763238218871939 0.763484806008394
-9999 -9999 -9999 -9999 -9999 -9999 -9999 -9999 -9999 -9999 -9999 -9999 -9999 -9999 -9999 -9999 -9999 -9999 -9999 -9999 -9999 -9999 -9999 -9999 -9999 0.701125079738434 0.689484544959103 0.678244629687272 0.682667157478276 0.679653518250797 0.662394215720264 0.601997345265331 0.5194764720547 0.459257703497197 0.435755196580813 0.498008759987948 0.559165180447079 0.619634994097516 0.660308922615418 0.694719495835194 0.714684901848536 0.725270501862565 0.728755777979507 0.735404276439254 0.741177127868541 0.742000763926797 0.743119615404667 0.744507457681789 0.746013801551799 0.747613409071022 0.749587226916643 0.75106749758452 0.752007323458022 0.7532078825309 0.754376893495238 0.754774545762397 0.756582621369339
-9999 -9999 -9999 -9999 -9999 -9999 -9999 -9999 -9999 -9999 -9999 -9999 -9999 -9999 -9999 -9999 -9999 -9999 -9999 -9999 -9999 -9999 -9999 -9999 -9999 0.707620218182229 0.682497493253254 0.658543904623306 0.680298351606824 0.686256312958452 0.661952525868431 0.597931797218475 0.513541405492942 0.43500100449034 0.400878262665017 0.471570736302195 0.541843395489841 0.61185332915028 0.64278363798203 0.668997159401331 0.689499905953525 0.710621468027464 0.73221146096631 0.7360310816568 0.737185488433444 0.736769247139599 0.736736777108688 0.737053987114415 0.738518556490836 0.74001257223876 0.740519451432848 0.740474925014476 0.739826597569004 0.741209967537205 0.743194971680882 0.745796672236401 0.749577388383239
-9999 -9999 -9999 -9999 -9999 -9999 -9999 -9999 -9999 -9999 -9999 -9999 -9999 -9999 -9999 -9999 -9999 -9999 -9999 -9999 -9999 -9999 -9999 -9999 -9999 0.726811857423675 0.708315781336274 0.690244978226592 0.6888004593467 0.66760386804476 0.608567705285827 0.538970373146666 0.46395652469205 0.440774577006606 0.438711996259114 0.483998975432728 0.539887266786077 0.602410001843342 0.642661132074196 0.671184912373536 0.669499262717615 0.688544501772004 0.723282605319377 0.728674851934917 0.72983363536557 0.729048745867216 0.727114950800321 0.724134309916389 0.72358843062802 0.723834780608958 0.725837709620967 0.727161156768154 0.72774055663217 0.72991952473 0.732607472225012 0.736057070891735 0.739849033159833
-9999 -9999 -9999 -9999 -9999 -9999 -9999 -9999 -9999 -9999 -9999 -9999 -9999 -9999 -9999 -9999 -9999 -9999 -9999 -9999 -9999 -9999 -9999 -9999 -9999 0.740735884464755 0.72717080214717 0.713602180487164 0.699895186261356 0.666150175304107 0.594017801757026 0.513199511762997 0.427926468090113 0.438055913741747 0.459796272319489 0.504175667695079 0.549383596961542 0.595110033877113 0.631910849457399 0.657042628367704 0.649285708534498 0.66840040587437 0.707856375259888 0.713412532947231 0.714813456689723 0.716816453908022 0.716711392022904 0.714685534456309 0.714359052699144 0.714759268329638 0.71730250733659 0.718914995023282 0.719508289958849 0.722609585959453 0.725996063852077 0.726566111309307 0.729674835302281
-9999 -9999 -9999 -9999 -9999 -9999 -9999 -9999 -9999 -9999 -9999 -9999 -9999 -9999 -9999 -9999 -9999 -9999 -9999 -9999 -9999 -9999 -9999 -9999 -9999 0.747911660393496 0.737105296099356 0.726270186784187 0.714311274841334 0.686729520317163 0.629218669970253 0.529948532834577 0.409261273212772 0.424457987278233 0.459423094578468 0.534278775471096 0.573551483324342 0.590555888212323 0.607545497380292 0.621980203316954 0.628799397648408 0.650732478313748 0.684106466000216 0.688021853394484 0.689969512549481 0.698804181311911 0.705306368672327 0.709683273967904 0.712432808927278 0.714782368989916 0.716641535467395 0.717160860388516 0.716213029935078 0.720399005260705 0.724478360188712 0.717393682587689 0.718929475799309
-9999 -9999 -9999 -9999 -9999 -9999 -9999 -9999 -9999 -9999 -9999 -9999 -9999 -9999 -9999 -9999 -9999 -9999 -9999 -9999 -9999 -9999 -9999 -9999 -9999 0.748743640059018 0.741734367231594 0.734601331268444 0.722629706493963 0.704643413711241 0.675134661156963 0.601969523647092 0.506414297230169 0.449916297885078 0.436971073426103 0.525110543339552 0.575791141431598 0.603029473877858 0.584778922466345 0.573702866169849 0.593745819046984 0.617887154404992 0.645130882613182 0.650077154124842 0.653212028026128 0.660312604160841 0.675876213974879 0.69915106799317 0.704031681188096 0.705590984812188 0.707938570182528 0.710134865059646 0.712165493586743 0.718469984852713 0.724739446246029 0.722135102052979 0.721163078226817
-9999 -9999 -9999 -9999 -9999 -9999 -9999 -9999 -9999 -9999 -9999 -9999 -9999 -9999 -9999 -9999 -9999 -9999 -9999 -9999 -9999 -9999 -9999 -9999 -9999 -9999 -9999 0.741036922156148 0.729220431733497 0.721396522323181 0.721221306745386 0.685858426774481 0.632448818129302 0.488792385138249 0.413706631766322 0.505465564976698 0.570292944488025 0.61826619558147 0.562612337769609 0.523272465544124 0.554734418751353 0.579737469428737 0.599851261204076 0.609108476475443 0.615898903582551 0.618482224743891 0.642206196398745 0.685192849116835 0.692330179378775 0.693168801996841 0.696463820870719 0.701087616767031 0.707166452134837 0.715554788145715 0.724105871987853 0.72928249352175 0.725803933621621
-9999 -9999 -9999 -9999 -9999 -9999 -9999 -9999 -9999 -9999 -9999 -9999 -9999 -9999 -9999 -9999 -9999 -9999 -9999 -9999 -9999 -9999 -9999 -9999 -9999 -9999 -9999 0.741268664768411 0.738744023622478 0.73438930971795 0.726528676665261 0.696005834002757 0.653860203779851 0.538120985420952 0.468740181703185 0.512795584060795 0.556384712122026 0.59968203945921 0.54150436407023 0.498982360720304 0.524839017960098 0.536404875989853 0.53715288734485 0.580805804306158 0.619376676047146 0.617134733069213 0.627990059152109 0.650779195729415 0.665518660512809 0.677470416968792 0.682725465310665 0.688017215026647 0.693349153538105 0.699251002482171 0.70522695644835 0.710635650098296 0.708409564075355
-9999 -9999 -9999 -9999 -9999 -9999 -9999 -9999 -9999 -9999 -9999 -9999 -9999 -9999 -9999 -9999 -9999 -9999 -9999 -9999 -9999 -9999 -9999 -9999 -9999 -9999 -9999 0.751984646809436 0.749675555549256 0.74443378422112 0.73357379954196 0.708347016210294 0.675751920099946 0.564910095566999 0.489381372537519 0.501386698646912 0.528057347498157 0.563905752506472 0.514012824377821 0.477906830987845 0.50124335077077 0.511622598970103 0.512193454003013 0.566753753710309 0.615094811548338 0.612759712170737 0.618922350689251 0.632827854778625 0.64905213986975 0.663856565012028 0.668858388748933 0.674524026645976 0.680916555351961 0.685054249872329 0.688812971603316 0.694145241219272 0.694320593391226
-9999 -9999 -9999 -9999 -9999 -9999 -9999 -9999 -9999 -9999 -9999 -9999 -9999 -9999 -9999 -9999 -9999 -9999 -9999 -9999 -9999 -9999 -9999 -9999 -9999 -9999 -9999 0.75204427679717 0.752126083149563 0.749914371075501 0.743308904638284 0.724084087151552 0.698387171889538 0.556808844877275 0.45678436624293 0.460970629146894 0.477409658662623 0.501516634270754 0.476639742575744 0.461807353694517 0.487399456013194 0.515555578132159 0.545652611508982 0.57476117854255 0.59880129408106 0.603698179447075 0.617824234125509 0.640359611166008 0.648599323115036 0.653469499046883 0.654792056473409 0.660376378987534 0.67062742610331 0.674119112458343 0.676214615277108 0.680992919356316 0.685348267241063
-9999 -9999 -9999 -9999 -9999 -9999 -9999 -9999 -9999 -9999 -9999 -9999 -9999 -9999 -9999 -9999 -9999 -9999 -9999 -9999 -9999 -9999 -9999 -9999 -9999 -9999 -9999 0.752061539845609 0.752835517752411 0.747180124189662 0.729207812384244 0.712811890836194 0.697224453958839 0.600620290728168 0.523346108354625 0.495923291853427 0.472278214359967 0.450997296731814 0.444635308391785 0.449620901348471 0.485255345599699 0.51534308006232 0.54123206712386 0.579852757142951 0.612845189581887 0.617769259544376 0.628767987158504 0.645301747526132 0.645491698180295 0.642933586187162 0.642147336402453 0.646237474559329 0.655667362586604 0.657049270081155 0.65654340918493 0.657469036080844 0.655701253089498
-9999 -9999 -9999 -9999 -9999 -9999 -9999 -9999 -9999 -9999 -9999 -9999 -9999 -9999 -9999 -9999 -9999 -9999 -9999 -9999 -9999 -9999 -9999 -9999 -9999 -9999 -9999 -9999 -9999 -9999 0.694141092574529 0.691169815688987 0.686674657389478 0.663856610040902 0.627678192053285 0.560812310854781 0.487007398670021 0.408859947594081 0.416911817439657 0.439437982247928 0.486698193345849 0.511881315978189 0.520352528063364 0.582807503913276 0.638355431474415 0.640566135534481 0.644113195903161 0.64887790117674 0.641059438614998 0.632162272537654 0.630102432103276 0.632275300765471 0.639083077093056 0.637888264205604 0.63449608704504 0.630022970770737 0.618139753390713
-9999 -9999 -9999 -9999 -9999 -9999 -9999 -9999 -9999 -9999 -9999 -9999 -9999 -9999 -9999 -9999 -9999 -9999 -9999 -9999 -9999 -9999 -9999 -9999 -9999 -9999 -9999 -9999 -9999 -9999 -9999 0.691169815688987 0.686674657389478 0.668250273484426 0.642323382830631 0.599348541356215 0.546500171718389 0.487472815399614 0.460484803762961 0.443188456133977 0.447942973684031 0.455285260155171 0.464586435489456 0.553450879661624 0.633381024270667 0.639524845200746 0.642252976678547 0.641868841740968 0.628354818882846 0.615439357860244 0.618757699471317 0.624210821436635 0.632001573889206 0.632640297073136 0.629675907537134 0.612925899170626 0.597938379354962
-9999 -9999 -9999 -9999 -9999 -9999 -9999 -9999 -9999 -9999 -9999 -9999 -9999 -9999 -9999 -9999 -9999 -9999 -9999 -9999 -9999 -9999 -9999 -9999 -9999 -9999 -9999 -9999 -9999 -9999 -9999 -9999 -9999 0.669438145660956 0.658788729210614 0.634779561890112 0.591224392750936 0.535437072864374 0.485408827382733 0.44538620777559 0.433968983452516 0.432352579888301 0.438155199899872 0.536115636963583 0.625013421044136 0.633425113210136 0.636395499412487 0.634407942557344 0.618081356456359 0.603064745236765 0.609240606570484 0.615846781557056 0.62292415926572 0.622505816368309 0.617990467596071 0.596518750321036 0.581329971795344
