layers/veg_sum/veg4500.asc
NCOLS 255 
NROWS 330 
XLLCORNER -2985163.8955 
YLLCORNER -3022031.214 
CELLSIZE 25000 
NODATA_value -9999 
[rows 150 to 174 of 330, columns 57 to 113 of 255]
-9999 -9999 -9999 -9999 -9999 -9999 -9999 -9999 -9999 -9999 -9999 -9999 -9999 -9999 -9999 -9999 -9999 -9999 -9999 -9999 -9999 0.466088343498386 0.467212669554825 0.317617259297699 0.169022414140653 0.102771138330172 0.0618860406963015 0.0444308908902556 0.077918366703807 0.113192075318877 0.104761918242132 0.0969720400203046 0.089892905160194 0.0785511484217739 0.0630491515450863 0.0229414579249824 0 0 0.00622463369697263 0.01842612773974 0.086993669316072 0.122875925088221 0.105899002438382 0.123986967243769 0.158246508935082 0.254851102868568 0.319767845889928 0.322110244342355 0.329346683783768 0.339170101834751 0.369790978503436 0.391145153924629 0.388386218762299 0.386089704662909 0.38409098515936 0.385741969036495 0.388853640975555
-9999 -9999 -9999 -9999 -9999 -9999 -9999 -9999 -9999 -9999 -9999 -9999 -9999 -9999 -9999 -9999 -9999 -9999 -9999 -9999 -9999 0.493822985447091 0.497388010711522 0.371633874803193 0.237031077952739 0.13468728880905 0.0755797574072658 0.0564082091129933 0.0802961485667389 0.105410264860664 0.0920476680511149 0.0838435512106131 0.0813656197132596 0.0675446000975081 0.0491526678238077 0.0178849965962532 0 0 0.00310763381910254 0.0106336728713141 0.0672591553585941 0.10317572086037 0.105601487339584 0.127797712953696 0.15949350509766 0.246997436619066 0.305487397190375 0.306683153096966 0.313394050103645 0.323020237784593 0.363747746366258 0.393089043906161 0.392414445980806 0.39041592031967 0.387564798277016 0.400082046131451 0.410696922254106
-9999 -9999 -9999 -9999 -9999 -9999 -9999 -9999 -9999 -9999 -9999 -9999 -9999 -9999 -9999 -9999 -9999 -9999 -9999 -9999 -9999 0.490649644684008 0.488605664815291 0.396629071012131 0.291819281710105 0.183025177149863 0.0999845477214152 0.0407316002418189 0.0655197066424026 0.0963473554811302 0.0718219084149088 0.0658867354584121 0.0805877490861324 0.0709403465186852 0.0529560934558947 0.0192689347932157 0 0 0.00100301210879386 0.00601669488875563 0.0646407097556914 0.102616764116375 0.107200599269037 0.123152606894621 0.145297241184796 0.239061093928834 0.300356764917446 0.297537163515867 0.306706928126848 0.322214243544328 0.367134163990413 0.399752644970929 0.400235191991737 0.406494566114679 0.416474159816695 0.416204287692028 0.416731067636035
-9999 -9999 -9999 -9999 -9999 -9999 -9999 -9999 -9999 -9999 -9999 -9999 -9999 -9999 -9999 -9999 -9999 -9999 -9999 -9999 -9999 0.509728026918461 0.503078735265191 0.42466354159815 0.331876821185201 0.219573414682223 0.118829352861164 0.0287622972858052 0.0539400879227681 0.0907287227769319 0.0696365450654933 0.0657956418975173 0.0811045650415815 0.070870910316741 0.0521425781780595 0.0189729240450863 0.000834097915587908 0.00278290860662801 0.0130480165947931 0.0275346478431204 0.0623366122816254 0.0840230478002016 0.0844988355847901 0.110871195469869 0.149342935944022 0.242309939644331 0.305176830713571 0.308604701302589 0.317758411461359 0.329938787012206 0.373780353906958 0.404788926697807 0.402204641298116 0.412286918008341 0.430526335572491 0.426630288438662 0.424292114510991
-9999 -9999 -9999 -9999 -9999 -9999 -9999 -9999 -9999 -9999 -9999 -9999 -9999 -9999 -9999 -9999 -9999 -9999 -9999 -9999 -9999 0.521574178293199 0.535863427070863 0.455465262031999 0.358522136742334 0.245387211898275 0.13261180882842 0.0201684848109894 0.0452711667674795 0.088246093250854 0.0838769063087185 0.0819712327097311 0.082800189095318 0.0676464361363754 0.0471253525913546 0.0171473250183456 0.0024276393836866 0.0080996468261028 0.0379762116324071 0.0728483739608449 0.0603187277991367 0.0490087391024738 0.0396712003927796 0.0916369518097322 0.169997877219495 0.255742864542379 0.319056976088239 0.338076592758234 0.344960839645925 0.345430358476232 0.383394556335996 0.408343539239399 0.39884650319173 0.408713631364108 0.431051089977435 0.431869879677668 0.433243400436454
-9999 -9999 -9999 -9999 -9999 -9999 -9999 -9999 -9999 -9999 -9999 -9999 -9999 -9999 -9999 -9999 -9999 -9999 -9999 -9999 -9999 0.527001084393796 0.52699579131931 0.478085661216468 0.416764988352728 0.331793923351048 0.208135232471677 0.0487419879048865 0.053227910888643 0.0831740238820161 0.0792708597619152 0.0774735337786581 0.0780137994011826 0.0684042076887794 0.0548568153352727 0.0310204991630257 0.0143014309283234 0.0070940603657703 0.0393838166025657 0.0820772953407785 0.0803220849383307 0.0735712564371536 0.058741432696625 0.111133159651841 0.192482779566866 0.282714776760761 0.342956717109054 0.343976965336207 0.350832051825637 0.360771420160842 0.389341129240126 0.411165312962155 0.415192876585191 0.425766233345882 0.440555016215185 0.445608444762579 0.449825890571017
-9999 -9999 -9999 -9999 -9999 -9999 -9999 -9999 -9999 -9999 -9999 -9999 -9999 -9999 -9999 -9999 -9999 -9999 -9999 -9999 -9999 0.504389996900266 0.508702021536368 0.495095523980905 0.471585206543592 0.418223460653861 0.285755566240495 0.0802197890793074 0.0606848155061247 0.073909527380349 0.0696306221311522 0.0679944429804131 0.0692918294423632 0.066597445794179 0.0611862650140914 0.0422751350072559 0.0234530599807889 0.00475000062679798 0.0337875058995605 0.0774397726970687 0.097167897637849 0.103908045012114 0.0896438227858741 0.139826373755846 0.217918233629453 0.312468589854771 0.369636126254513 0.352983400901234 0.359638500868296 0.378614062734838 0.399352754071073 0.418820981625281 0.435059334300658 0.445709051005316 0.452759741360213 0.460653560461047 0.46590075275588
-9999 -9999 -9999 -9999 -9999 -9999 -9999 -9999 -9999 -9999 -9999 -9999 -9999 -9999 -9999 -9999 -9999 -9999 -9999 -9999 -9999 0.500810341091142 0.498795182702382 0.490660048262107 0.476988068754167 0.444600250840092 0.313114381578563 0.0900947323071287 0.0489968868944158 0.0451206118954303 0.052173822037122 0.0527912875601623 0.0462647364874824 0.047319824676244 0.0474661464006049 0.0241389421429259 0.00804869238764442 0.00163011964824767 0.0146351203428149 0.0355548174190435 0.0755034263255862 0.105513754638102 0.11945173313931 0.178529736608077 0.257087098789936 0.343439059523343 0.401015429247057 0.401768325772528 0.405098331986784 0.409790592349383 0.434431187519684 0.452681141517691 0.45391019510432 0.46040159717477 0.470281899677119 0.474144684492839 0.471721869185645
-9999 -9999 -9999 -9999 -9999 -9999 -9999 -9999 -9999 -9999 -9999 -9999 -9999 -9999 -9999 -9999 -9999 -9999 -9999 -9999 -9999 0.497405554923006 0.496081065790893 0.491849374551691 0.483861944882191 0.462532213389511 0.336250163577418 0.113026929897882 0.0540299364104618 0.0315385724186757 0.0346408491229604 0.0325142026803106 0.0245831752447939 0.0298650177401553 0.03519325458409 0.0128056373400479 0 0 0.00331420701725741 0.0108604848348179 0.063756225268363 0.104166233904914 0.124384113008306 0.183365144774065 0.259215750800457 0.349448002334888 0.41325496224252 0.424879610759727 0.434617919604771 0.443359113715132 0.45988988077668 0.47110706525186 0.468786606316902 0.468736721402926 0.470149063725328 0.468788942905899 0.461782301709889
-9999 -9999 -9999 -9999 -9999 -9999 -9999 -9999 -9999 -9999 -9999 -9999 -9999 -9999 -9999 -9999 -9999 -9999 -9999 -9999 -9999 0.499467124979738 0.501786542346757 0.49919344528581 0.49234542695239 0.471223716291588 0.354765037863452 0.150246575052374 0.0773593361065971 0.0345961294095905 0.0170245267431944 0.00668514652984076 0.00437391539479878 0.01440476197981 0.0245039404784654 0.00891615677145141 0 0 0.00056261046687231 0.00497639470270524 0.062860653106916 0.0995872433138538 0.102097306704015 0.151141718577108 0.220814434685969 0.328143660426101 0.404551465975139 0.419898406053563 0.446695448820866 0.479544989064215 0.474822507086964 0.472644611562422 0.47931411395842 0.470115457243283 0.450697862837019 0.442810672509772 0.434597152689208
-9999 -9999 -9999 -9999 -9999 -9999 -9999 -9999 -9999 -9999 -9999 -9999 -9999 -9999 -9999 -9999 -9999 -9999 -9999 -9999 -9999 -9999 0.503309260125802 0.49396495743995 0.482439095657122 0.467144754783948 0.351999203862099 0.144624203722598 0.0658457894665745 0.0185624625223966 0.00707401463441722 0.000739919811062559 0.000127429248878252 0.00592567169913252 0.0117622906624732 0.00427990051763942 0 0 0 0.00250969901792316 0.0416881909742503 0.0625654228073071 0.0538455576469718 0.131121705668242 0.244644833439789 0.326303493394998 0.383242057174538 0.391365577606297 0.427656646286561 0.478837015029263 0.482405277707394 0.481175372635703 0.471538968628882 0.457259395099019 0.43998966627055 0.432515858806367 0.425604521808915
-9999 -9999 -9999 -9999 -9999 -9999 -9999 -9999 -9999 -9999 -9999 -9999 -9999 -9999 -9999 -9999 -9999 -9999 -9999 -9999 -9999 -9999 -9999 0.431790135215691 0.466911761171659 0.458504784445052 0.343729804346939 0.130706016241864 0.0491899140791037 0.00168957794896218 0.000582440760452026 0 0 0 0 0 0.000194029262984945 0.00064736489062906 0.000677698582581066 0.00157688298806027 0.0172746798034704 0.0208468983658208 0.00480943359273524 0.116843561359965 0.281621743164128 0.331956300900562 0.365938741919736 0.36763047983207 0.409334252025434 0.47218829186946 0.486949545279407 0.488106628709728 0.4593573143751 0.44184361867986 0.431565550381159 0.426252019818664 0.421373174856056
-9999 -9999 -9999 -9999 -9999 -9999 -9999 -9999 -9999 -9999 -9999 -9999 -9999 -9999 -9999 -9999 -9999 -9999 -9999 -9999 -9999 -9999 0.39102345536159 0.419550346382732 0.444402241757323 0.439882952590033 0.335194813514003 0.137983831186045 0.0622976028826236 0.0165678173217681 0.00571135065171053 0 0 0 0 0 0.00190262981721942 0.00634798960003991 0.0066454384790717 0.00576118142716397 0.00824261356665343 0.00755517841328785 0.001742999280869 0.12290259348649 0.296365862478477 0.357048248831874 0.405197299181671 0.428596634321615 0.459031525806345 0.493185395904321 0.482521313199857 0.468522113390172 0.449498818692861 0.435005702463177 0.423429976408756 0.419988432816268 0.417808963506509
-9999 -9999 -9999 -9999 -9999 -9999 -9999 -9999 -9999 -9999 -9999 -9999 -9999 -9999 -9999 -9999 -9999 -9999 -9999 -9999 -9999 0.374956845488467 0.380517480959818 0.405089525700531 0.425780278455008 0.421232733411438 0.326458510359296 0.148344718228196 0.0876714264276814 0.0504825103163583 0.0174026133072155 0 0 0 0 0 0.00213640873988988 0.00712797641428496 0.0074619732743587 0.00605100207353237 0.00231100130109848 0 0 0.125691660122596 0.303373091895558 0.380962288043053 0.439261296914436 0.459467762723748 0.475445999657322 0.48918920470569 0.470187232888479 0.452518263122416 0.440396740306797 0.42986848434414 0.420366276493409 0.418171748233454 0.417238115902491
-9999 -9999 -9999 -9999 -9999 -9999 -9999 -9999 -9999 -9999 -9999 -9999 -9999 -9999 -9999 -9999 -9999 -9999 -9999 -9999 -9999 0.367272466651647 0.359250659026373 0.38770354675567 0.412278330377384 0.402545127369551 0.317457073500359 0.162766093563135 0.129200077019619 0.109468721138358 0.0377366698143167 0 0 0 0 0 0.000427808185655387 0.00142735170487405 0.00149423337786801 0.00121169145685497 0.000462769719675057 0 0 0.124174094876691 0.300190630688433 0.40332499001135 0.46648392101592 0.450702938019391 0.448026137115172 0.452276176187364 0.447440939313899 0.44123024435688 0.43229088370147 0.426971131040332 0.423982370165998 0.422211752900874 0.420609608295251
-9999 -9999 -9999 -9999 -9999 -9999 -9999 -9999 -9999 -9999 -9999 -9999 -9999 -9999 -9999 -9999 -9999 -9999 -9999 -9999 -9999 0.413659216230884 0.409565336407823 0.401345588035167 0.392994818038165 0.386271625586029 0.315499103060851 0.185566211497417 0.133997337516986 0.0936963131634962 0.0322995171214321 0 0 0 0 0 0 0 0.00257331680099837 0.00558074392661203 0.002131400108407 0 0 0.140524219890385 0.338919778581899 0.411683921758448 0.454928279853892 0.439879596607142 0.437084886968508 0.440767599091923 0.439822761847683 0.437401355268015 0.431692582399963 0.428859231662637 0.427877624368504 0.422642501976267 0.417194479833512
-9999 -9999 -9999 -9999 -9999 -9999 -9999 -9999 -9999 -9999 -9999 -9999 -9999 -9999 -9999 -9999 -9999 -9999 -9999 -9999 -9999 0.481655808142179 0.479832558906024 0.423952728665265 0.373343804273183 0.371695499103057 0.315014044039187 0.207500184431213 0.128793128693006 0.06104428125086 0.022447092897133 0.00153842452658815 0.000264948010511417 0 0 0 0 0 0.00554175792451734 0.0120183927093646 0.00459006968613387 0 0 0.160939639231418 0.38715610396492 0.415249223554396 0.432886397724498 0.429876102513346 0.432450277913328 0.437976391404813 0.437385892427669 0.436066939516205 0.433394038472675 0.43176785783661 0.43081575480142 0.421284312969669 0.411441314720176
-9999 -9999 -9999 -9999 -9999 -9999 -9999 -9999 -9999 -9999 -9999 -9999 -9999 -9999 -9999 -9999 -9999 -9999 -9999 -9999 -9999 0.482989649114219 0.483524016477583 0.42727883986131 0.375245616040612 0.369400915583594 0.302402981722735 0.1789197130125 0.154843292405097 0.139917835908131 0.0703867194980512 0.0242820121176135 0.00418185662708049 0 0 0 0 0 0.002108906027309 0.00457357776513723 0.00174674277705826 0 0 0.155126871483838 0.373475138767599 0.417214054820922 0.444840770580496 0.440650548809639 0.438876826698287 0.438380460649797 0.436716633277046 0.434773695137484 0.432229810090555 0.426710835919801 0.419275933747005 0.411884990859675 0.40470701870044
-9999 -9999 -9999 -9999 -9999 -9999 -9999 -9999 -9999 -9999 -9999 -9999 -9999 -9999 -9999 -9999 -9999 -9999 -9999 -9999 -9999 0.478584999056077 0.481511994200169 0.430236059652916 0.380299216618261 0.363848431905059 0.290927781868315 0.165847678043814 0.174803834676143 0.191458477133779 0.109359604296622 0.0475249889632497 0.00818477023589532 0 0 0 0 0 0 0 0 0.00325896833037371 0.011788393510318 0.158678328312651 0.362062550683128 0.415444906282292 0.449220058469572 0.444276652376243 0.44146144902055 0.439771208649736 0.435938527414814 0.432354035641117 0.429526133756484 0.420670170991932 0.407932196577585 0.40320165443835 0.398657479069826
-9999 -9999 -9999 -9999 -9999 -9999 -9999 -9999 -9999 -9999 -9999 -9999 -9999 -9999 -9999 -9999 -9999 -9999 -9999 -9999 -9999 0.474948034901008 0.471446552255329 0.432605674374005 0.39037328409701 0.353106457146834 0.28126189102481 0.177478945413379 0.185064252755536 0.199460672271562 0.134049415850112 0.0715634401805853 0.0123246807194688 0 0 0 0 0 0 0 0 0.011709129224577 0.0423544536091425 0.177146006491007 0.354263247910588 0.407727922038306 0.441533035562017 0.436516200487182 0.437926288005845 0.442733631761666 0.434987040229837 0.428140115756268 0.424370279324799 0.413062666571672 0.396900800340169 0.395658807646269 0.39369868409055
-9999 -9999 -9999 -9999 -9999 -9999 -9999 -9999 -9999 -9999 -9999 -9999 -9999 -9999 -9999 -9999 -9999 -9999 -9999 -9999 -9999 0.465168036697756 0.465442012134566 0.434105666917665 0.39617612844212 0.348609806717563 0.27988716319708 0.191623084918234 0.178560721176423 0.170254416621959 0.108906972580483 0.0550407699734646 0.00947914067245624 0 0 0 0 0 0 0.000508320977981461 0.00844363481635538 0.0428106490893423 0.119923441313915 0.244022874640834 0.386169483273445 0.415776908657252 0.434627893928397 0.432238019672294 0.435011960251524 0.440515481263945 0.431110957401498 0.421491722261536 0.412389041208006 0.4029029559415 0.393169962149849 0.389757489003665 0.385684165012226
-9999 -9999 -9999 -9999 -9999 -9999 -9999 -9999 -9999 -9999 -9999 -9999 -9999 -9999 -9999 -9999 -9999 -9999 -9999 -9999 -9999 0.424344877255752 0.456947286790774 0.434281671754815 0.399670135333497 0.34655518887984 0.281518546291449 0.205470204719033 0.164350896945688 0.125626337461651 0.063271160051675 0.0218827824223235 0.00376866044908092 0 0 0 0 0 0 0.00132250331650664 0.021967881578179 0.0848122524028388 0.215901523715093 0.329232076303701 0.432972060784731 0.429336162089913 0.427495647867742 0.429200498931996 0.432259518788371 0.436034349098081 0.425942178373394 0.413811755651802 0.397666013200973 0.391705804975431 0.392304980158517 0.384531739072018 0.376477492466902
-9999 -9999 -9999 -9999 -9999 -9999 -9999 -9999 -9999 -9999 -9999 -9999 -9999 -9999 -9999 -9999 -9999 -9999 -9999 -9999 -9999 0.401830625805624 0.394638206678738 0.391324954208667 0.380181178943799 0.336049517576707 0.261308240191827 0.158293814943159 0.12098051079509 0.0920502166486225 0.0396715793103948 0.00870235914807893 0.00149872333883857 0 0 0 0 0 0 0.00627173676413777 0.104178771277508 0.188163361277555 0.249632346457476 0.322072322702967 0.397710333500851 0.39208726503738 0.395310669145228 0.416003299059281 0.42502519624462 0.427877971431363 0.418015363331563 0.405839219997457 0.388894140710293 0.382184267850651 0.382065766807119 0.378602385305881 0.371526852651143
-9999 -9999 -9999 -9999 -9999 -9999 -9999 -9999 -9999 -9999 -9999 -9999 -9999 -9999 -9999 -9999 -9999 -9999 -9999 -9999 -9999 0.325318718828396 0.336084407538354 0.352430475711961 0.358230399075136 0.319417144888102 0.238395731415677 0.118387957322436 0.0802661290495452 0.0557658388741308 0.019223911877546 0 0 0 0 0 0 0 0 0.00955547591979396 0.158724413624653 0.260159644401136 0.284399144157057 0.320864412072025 0.361863274750832 0.364799277761947 0.376137834733309 0.404069006591228 0.414285089835766 0.415137018711231 0.405023304783975 0.392793900923985 0.376157105510525 0.369130275077154 0.368292167145092 0.363408425178311 0.354957722317465
-9999 -9999 -9999 -9999 -9999 -9999 -9999 -9999 -9999 -9999 -9999 -9999 -9999 -9999 -9999 -9999 -9999 -9999 -9999 -9999 -9999 0.313167184392398 0.302454556049224 0.32143027075793 0.331495482251408 0.290878565779208 0.210231949428711 0.0926111474842349 0.0447132419991312 0.0142184224115076 0.00490145409797367 0 0 0 0 0 0 0 0 0.00960260901544455 0.15950733359978 0.271223134464099 0.321179183715607 0.331222900147493 0.324878723438068 0.356868631489168 0.382251898830904 0.394588960756652 0.396732086284283 0.393486720896415 0.38218780341876 0.369890486488339 0.35571444819306 0.34921155306716 0.347650086332154 0.330210271798646 0.315810023567424
