layers/veg_sum/veg5000.asc
NCOLS 255 
NROWS 330 
XLLCORNER -2985163.8955 
YLLCORNER -3022031.214 
CELLSIZE 25000 
NODATA_value -9999 
[rows 125 to 149 of 330, columns 171 to 227 of 255]
0.299500773517061 0.304298341663969 0.3040743366992 0.30546553048349 0.30736108934142 0.290936417479153 0.282665126129872 0.290995184726148 0.298843290155134 0.306428897461628 0.317171548870983 0.32587809409685 0.329151547259096 0.33623475169671 0.345842212836644 0.360718548138214 0.374768062412909 0.384682848617489 0.378764647185453 0.360180149460012 0.366367756949435 0.373617038811292 0.370221800210723 0.354023381075725 0.325506092552167 0.323954224085007 0.336476127370899 0.398599985033222 0.435715683063829 0.443910211209236 0.450664594597535 0.458728916647806 0.482239805435638 0.501520609529501 0.514906900171079 0.551202225069465 0.593264127677079 0.592145121405457 0.598461447786039 0.617336102317299 0.605349248319473 -9999 -9999 -9999 -9999 -9999 -9999 -9999 -9999 -9999 -9999 -9999 -9999 -9999 -9999 -9999 -9999
0.27391760455867 0.272294064990967 0.293792213018745 0.304945599866141 0.311234615188364 0.292383085481433 0.282499524181452 0.290875920403061 0.299799793521525 0.309021852578553 0.31852680780217 0.32694038585564 0.332569369542105 0.340648231212814 0.350350327702442 0.363908325110697 0.377425751876734 0.389729376623398 0.38373111525685 0.363091453444692 0.365003568418282 0.369840398276104 0.373248187619361 0.369307762223657 0.358297086012937 0.331434026290176 0.318113256843265 0.403555127519541 0.451992312266957 0.45763471226981 0.445296317866119 0.432592007560244 0.461878782105957 0.482885205653375 0.492353174564494 0.532959719563628 0.581600896997353 0.575002241357568 -9999 0.642626190200198 0.642626190200198 -9999 -9999 -9999 -9999 -9999 -9999 -9999 -9999 -9999 -9999 -9999 -9999 -9999 -9999 -9999 -9999
0.274266684353011 0.264537495372597 0.27868539264632 0.291768374108081 0.304080706542264 0.290272885021613 0.283631010103345 0.291579940440377 0.300945587829832 0.311082857010787 0.317738775683443 0.325218582915379 0.335096385256298 0.341557180794718 0.345753943408244 0.363540473154792 0.381332349388492 0.395322443278177 0.392021780214439 0.374888614041635 0.369157843829051 0.366588110924167 0.370393154343675 0.375214880959814 0.381014832281538 0.344315159154048 0.318384216907088 0.407486719165768 0.457182249450383 0.461304824831201 0.452000361876472 0.443653435589321 0.477767806861048 0.49883144592351 0.50170922769585 0.525284000004122 0.555139287473541 0.564793538710574 -9999 -9999 -9999 -9999 -9999 -9999 -9999 -9999 -9999 -9999 -9999 -9999 -9999 -9999 -9999 -9999 -9999 -9999 -9999
0.273821695263987 0.271436598635731 0.278392040582186 0.288012879053534 0.298574875674499 0.288395931568529 0.284120215649677 0.291864245011536 0.300544604774273 0.309734941416391 0.319008287708014 0.328858609422014 0.340159997110031 0.348270802438045 0.354267598655119 0.373235891863998 0.391100894930038 0.40177914449697 0.402772479769222 0.396017940992172 0.380170424728354 0.367646267607092 0.374694318976152 0.392779166228976 0.421483315974227 0.397099772700801 0.376113360001715 0.43986261681186 0.476631041941773 0.482196962442825 0.477891425215193 0.474040136431436 0.499152926944531 0.516098790291956 0.52166425217591 0.53395470048358 0.547867524259808 -9999 -9999 -9999 -9999 -9999 -9999 -9999 -9999 -9999 -9999 -9999 -9999 -9999 -9999 -9999 -9999 -9999 -9999 -9999 -9999
0.271881283794286 0.280947629279293 0.281877355326252 0.28672386233922 0.293150914563698 0.286320851384157 0.284256080761294 0.291894069527669 0.299661101371814 0.307498417152105 0.320758837359297 0.333750484904522 0.34557164144541 0.356488505005926 0.366806204093076 0.385410955040018 0.40166269892432 0.408032512494157 0.413449724927754 0.418104862096849 0.393275504664309 0.371951729201684 0.38341814908948 0.414464689436938 0.464350685020241 0.459379226857255 0.449753362793472 0.479811986576795 0.499074182066759 0.505850639244752 0.508008905172978 0.509976250739483 0.521853968449717 0.533412006784312 0.544524580189374 0.55292484269652 -9999 -9999 -9999 -9999 -9999 -9999 -9999 -9999 -9999 -9999 -9999 -9999 -9999 -9999 -9999 -9999 -9999 -9999 -9999 -9999 -9999
0.253792252318562 0.261755920265876 0.271239565689901 0.277278000745784 0.281729066719216 0.280654675369759 0.282526300437052 0.290396400542023 0.29910207085553 0.30826283852255 0.319974903506789 0.332015368392104 0.344655012371843 0.359478122825034 0.375747949738572 0.38684984075342 0.397455981498551 0.407923041318562 0.412615655754617 0.412688748099078 0.404327796816086 0.400232258084098 0.419281055179262 0.440043633347936 0.462455164692609 0.47467254438048 0.485013558406684 0.496798348629325 0.499517055181975 0.491751113928687 0.511100424190365 0.535593090396315 0.538189984159315 0.545658981935059 0.559917130454047 0.562050890105767 -9999 -9999 -9999 -9999 -9999 -9999 -9999 -9999 -9999 -9999 -9999 -9999 -9999 -9999 -9999 -9999 -9999 -9999 -9999 -9999 -9999
0.245588399469965 0.254040148506566 0.26387433414328 0.270291286040555 0.275170996479014 0.277816811775452 0.282102738213417 0.289728145614738 0.298760262054396 0.3085585493723 0.318856607841252 0.329908005113496 0.342818575412232 0.360992736160951 0.382654435205817 0.391240123377719 0.399616433873981 0.410995214340747 0.415532269819304 0.414595985846864 0.416488234233461 0.422584795243016 0.444692011651678 0.45804766751434 0.462982811690681 0.485791900896744 0.50799266814898 0.504803739390346 0.497407539559297 0.485145759724351 0.511017654499878 0.544583692472484 0.551513687200654 0.561522126141164 0.575820297352902 0.582647498084825 -9999 -9999 -9999 -9999 -9999 -9999 -9999 -9999 -9999 -9999 -9999 -9999 -9999 -9999 -9999 -9999 -9999 -9999 -9999 -9999 -9999
0.252906588406413 0.264344281525908 0.261647783983091 0.267166006944548 0.276250194320102 0.27942005999326 0.283730243826065 0.290362264691667 0.298759542136566 0.308118275111235 0.317213285949186 0.327216127373682 0.33953782500317 0.360191247574503 0.386365086311145 0.400264789244167 0.411774831601197 0.419063312681625 0.424338333547572 0.428002598172378 0.430388718823001 0.435628999320226 0.453690963362668 0.464157322225539 0.467315397972151 0.490357162681588 0.511687601525365 0.498706905303902 0.491290176821691 0.490308006443411 0.5059505093297 0.527467214020344 0.560107355017538 0.583063501292435 0.592525251759182 0.591325667429446 -9999 -9999 -9999 -9999 -9999 -9999 -9999 -9999 -9999 -9999 -9999 -9999 -9999 -9999 -9999 -9999 -9999 -9999 -9999 -9999 -9999
0.255089515716253 0.26889731385938 0.263375221921459 0.269097261469555 0.279674106507389 0.279870392773522 0.281699987979022 0.286855213973918 0.297282611694147 0.310581523232068 0.325153297908025 0.339200137740032 0.351804700575348 0.370599025385148 0.393494549202581 0.409477943437733 0.422617288120257 0.42856967586222 0.427046976041158 0.419544250462135 0.423988994629058 0.432165916481938 0.448794416163357 0.46413419831871 0.478234011792871 0.488033879803327 0.493781973196346 0.481021505355273 0.476379185272371 0.481125254176296 0.506793229630369 0.53848310226832 0.571804515708946 0.593115497406004 0.597690253565756 0.598845361411786 -9999 -9999 -9999 -9999 -9999 -9999 -9999 -9999 -9999 -9999 -9999 -9999 -9999 -9999 -9999 -9999 -9999 -9999 -9999 -9999 -9999
0.25532805408691 0.271077271296177 0.266857137721764 0.273515730022884 0.284811528685469 0.280847573910721 0.279356989616688 0.282902511368481 0.296361329172089 0.315219471594598 0.337711357156839 0.357607590838519 0.370613049219163 0.385815171772778 0.402472755289742 0.419193161333062 0.43336235246621 0.439324509174909 0.427943265591436 0.402687404539828 0.409432689529928 0.421862113130131 0.43873525296234 0.462067633600607 0.491614918701488 0.483482662453547 0.46868565134349 0.460812145226226 0.460336184600639 0.46841525853373 0.511381781535221 0.561206576809524 0.585030731074752 0.598883775073659 0.59884233519076 0.610501587292665 -9999 -9999 -9999 -9999 -9999 -9999 -9999 -9999 -9999 -9999 -9999 -9999 -9999 -9999 -9999 -9999 -9999 -9999 -9999 -9999 -9999
0.262659936561581 0.273615079899719 0.274863571167335 0.293169123489238 0.318750001791317 0.320798720813304 0.323670800086935 0.328219348605076 0.34072788844355 0.357571876035975 0.375425386749423 0.389370847999471 0.393345431546291 0.407438250025668 0.428235186568951 0.445359991118451 0.461479764853916 0.475405325918211 0.456521183441894 0.411389472541846 0.40467168297696 0.411447612448285 0.451699900980279 0.479284264439781 0.494679897608992 0.50320344327722 0.511764106833521 0.52893269288059 0.541710398779516 0.549410186407761 0.566326731428203 0.586034053936282 0.607704708348035 0.623105055583786 0.629767892184917 0.628894082540476 -9999 -9999 -9999 -9999 -9999 -9999 -9999 -9999 -9999 -9999 -9999 -9999 -9999 -9999 -9999 -9999 -9999 -9999 -9999 -9999 -9999
0.270998605715095 0.278944904809914 0.28256063017362 0.307009421329433 0.340365260160955 0.346823321551876 0.352691905856226 0.357360237653842 0.369255002272776 0.385085678462898 0.395955880573746 0.403544637733507 0.40328711867102 0.418784699560483 0.444721260261198 0.462259615311516 0.479749662531804 0.499444673708644 0.480087399906719 0.429488529519979 0.421471529573454 0.429189447432328 0.477294506886234 0.503761675149991 0.509409457582353 0.530601116455911 0.556200487055231 0.588667584951021 0.611150835379483 0.622088072308244 0.614058505303865 0.603932005269825 0.622662181001247 0.637719562899644 0.647659001725391 0.648558334273545 -9999 -9999 -9999 -9999 -9999 -9999 -9999 -9999 -9999 -9999 -9999 -9999 -9999 -9999 -9999 -9999 -9999 -9999 -9999 -9999 -9999
0.28126443092957 0.289619110273357 0.28966549538324 0.309722493607018 0.338391849283655 0.346190211762223 0.352440247918661 0.355537689018034 0.367462800274948 0.384195944759155 0.383594247594551 0.384049280394732 0.388745301691809 0.410459983657274 0.443450852741428 0.461420276722542 0.479169789888668 0.500434660236068 0.49406039180468 0.465574976121648 0.479542411732613 0.500827161328295 0.527064939116773 0.542137418277425 0.546466953127436 0.572693630103036 0.603236159591772 0.632350946619492 0.657748049800721 0.678845765594506 0.6479830684042 0.608565699226278 0.62284898876533 0.633945118934465 0.640600025076257 0.64409943675578 -9999 -9999 -9999 -9999 -9999 -9999 -9999 -9999 -9999 -9999 -9999 -9999 -9999 -9999 -9999 -9999 -9999 -9999 -9999 -9999 -9999
0.293368110284705 0.30402451134407 0.306838486415869 0.31423436050681 0.323697560204379 0.336693084596581 0.346626672641108 0.350325757495478 0.362013173498015 0.378051472678737 0.373678815732743 0.370897264557282 0.373986122219025 0.399074256391141 0.438738623278652 0.453137386671645 0.468083670575292 0.491887534643205 0.501365003079032 0.499381439898004 0.525416088061601 0.550779870439635 0.55620797126335 0.564799387585486 0.576434459377065 0.600781633736756 0.626733548518677 0.646574735637779 0.664304588080493 0.679592746701688 0.667296163874486 0.650368513301371 0.661141375016415 0.671106101194123 0.679944711433091 0.687348716266 -9999 -9999 -9999 -9999 -9999 -9999 -9999 -9999 -9999 -9999 -9999 -9999 -9999 -9999 -9999 -9999 -9999 -9999 -9999 -9999 -9999
0.306413598754885 0.320341965148023 0.329170892693566 0.31966802045525 0.302484451825495 0.322653588057912 0.337962890520673 0.343376935309788 0.35468929787927 0.369214207742324 0.365016940645992 0.360995896697613 0.359115555246446 0.386119912585165 0.432262630736657 0.441040045593297 0.451613620807353 0.478453111997014 0.50525239994286 0.532019525531874 0.565039301214652 0.589620089873952 0.574780483699486 0.579408826996083 0.602768697677785 0.621693020417822 0.638168734267635 0.645701954458545 0.650342265299253 0.651637015170591 0.679121606710256 0.711218658365077 0.718960980734569 0.729244459565341 0.743068974103206 0.72359826535509 -9999 -9999 -9999 -9999 -9999 -9999 -9999 -9999 -9999 -9999 -9999 -9999 -9999 -9999 -9999 -9999 -9999 -9999 -9999 -9999 -9999
0.328358926293431 0.339554546280244 0.348403771158382 0.33999104470395 0.324185058872041 0.329530996589288 0.334497588792679 0.338691783876156 0.345985762864244 0.354968054141397 0.350293421972179 0.347999535430963 0.352960702144924 0.379737883071792 0.420969871180151 0.434785539213491 0.448984255081819 0.472116981258435 0.50808539185966 0.554322273944735 0.583438604163715 0.605677959863103 0.60935642423056 0.625111739066447 0.65248706840933 0.671323344041485 0.682676436469955 0.660575778919838 0.658338443227812 0.679072430272133 0.700735940290433 0.721944594444775 0.736707896076946 0.745988124244449 0.747627831562945 -9999 -9999 -9999 -9999 -9999 -9999 -9999 -9999 -9999 -9999 -9999 -9999 -9999 -9999 -9999 -9999 -9999 -9999 -9999 -9999 -9999 -9999
0.346438941536443 0.355255887615353 0.363111891486899 0.356255374582101 0.342979917958726 0.337479350836534 0.334583794577472 0.336992381413646 0.340073972742943 0.343522119222956 0.339876586678051 0.340030381538873 0.350431101540702 0.375253709509964 0.409631940597538 0.427974292547591 0.446798122331178 0.471673833856907 0.51718331224293 0.579199681855035 0.610824046638646 0.635130114434864 0.647115748324475 0.666085667260152 0.691775673835272 0.703408721644031 0.705687325180871 0.670276560631586 0.66487893339444 0.694190579281548 0.715027153820554 0.733443431839213 0.751370780499328 0.762567420795729 0.764384993327866 -9999 -9999 -9999 -9999 -9999 -9999 -9999 -9999 -9999 -9999 -9999 -9999 -9999 -9999 -9999 -9999 -9999 -9999 -9999 -9999 -9999 -9999
0.354933112232501 0.362510028344127 0.367277471123268 0.362175908714428 0.352749898107577 0.346909597989949 0.342806039160725 0.342238712922113 0.34083214757007 0.338968486577728 0.339946654713119 0.344102758608589 0.356035303936086 0.374926766325508 0.398429052825166 0.419553349660734 0.444965030276341 0.484807433499996 0.541146728438114 0.610683438998054 0.660521595480862 0.697395070902888 0.691598231123146 0.694317406360419 0.70523045783208 0.6925695651884 0.676211449191456 0.666955783270136 0.66687514446887 0.677405143233425 0.711512377242371 0.749286356979236 0.760753897320376 0.76679308955773 0.765268019318955 -9999 -9999 -9999 -9999 -9999 -9999 -9999 -9999 -9999 -9999 -9999 -9999 -9999 -9999 -9999 -9999 -9999 -9999 -9999 -9999 -9999 -9999
0.361836290465523 0.372262737744813 0.373765110638062 0.367649514492769 0.358149356189819 0.34736416863479 0.337744613544595 0.330498438726028 0.328587317569451 0.32958195918136 0.320851583315372 0.319916575142242 0.339568657348893 0.362476496836073 0.387541528891085 0.424648579495069 0.46530465646926 0.513969078725405 0.56822368357234 0.626950401368156 0.671847794884861 0.702970134448616 0.684420071676526 0.683668636558262 0.700042553126906 0.698535289963577 0.69246252234894 0.681450437715912 0.677237897635557 0.680888822362123 0.716583200827056 0.757657334587473 0.766554758736031 0.771929971249616 0.772397073083114 -9999 -9999 -9999 -9999 -9999 -9999 -9999 -9999 -9999 -9999 -9999 -9999 -9999 -9999 -9999 -9999 -9999 -9999 -9999 -9999 -9999 -9999
0.367744576789539 0.383577871741171 0.381704798882779 0.372843643520833 0.360815805069809 0.342205998714426 0.324376538896309 0.308135966770027 0.308211346412337 0.317173288062323 0.289772016327835 0.278059526545723 0.309300494043188 0.342445173676513 0.376851210750494 0.438195848665502 0.499509501070083 0.55315350736273 0.597247621342118 0.633701878057289 0.659179320536099 0.673095428683006 0.644937073471765 0.648706801406209 0.683196855828365 0.715009575122754 0.737307930669321 0.707085577973041 0.692832482647661 0.697047343867894 0.72702283937123 0.76135589525057 0.770115536052224 0.774545958875419 0.772943728582173 -9999 -9999 -9999 -9999 -9999 -9999 -9999 -9999 -9999 -9999 -9999 -9999 -9999 -9999 -9999 -9999 -9999 -9999 -9999 -9999 -9999 -9999
0.38562006964514 0.390975101444558 0.37305744355366 0.358896290729124 0.346372760165411 0.331750141182661 0.316549946835487 0.300173733445724 0.295897115790052 0.298210601444554 0.261180260047765 0.244589221375638 0.283230741955157 0.313372305101945 0.337881984966027 0.414995448095515 0.490361287139288 0.545334751747081 0.589968726730406 0.626331171279183 0.646055425454751 0.661278840004487 0.667671510793995 0.689952789393863 0.727521650938885 0.745011838148419 0.754145821754926 0.738795873623742 0.733281981275817 0.739143185876137 0.754951890257064 0.771906658862984 0.774144630249395 -9999 -9999 -9999 -9999 -9999 -9999 -9999 -9999 -9999 -9999 -9999 -9999 -9999 -9999 -9999 -9999 -9999 -9999 -9999 -9999 -9999 -9999 -9999 -9999
0.39736095753094 0.393779164603807 0.363415432063216 0.34514229576734 0.332273249477571 0.324268538382296 0.314181878171143 0.29985609704732 0.289703632234859 0.281824184326623 0.240568188492252 0.22240197366383 0.265628361446095 0.292143562033754 0.3075863006073 0.396494921957166 0.48221275396976 0.537043074533058 0.584890823712992 0.627152557160369 0.64247391737118 0.657839863924755 0.689841262546909 0.725452981196028 0.76453845082003 0.769957158314477 0.768011684779395 0.763989195046721 0.765418782752706 0.773153530860449 0.777968846537448 0.781723003066109 0.783256725308221 -9999 -9999 -9999 -9999 -9999 -9999 -9999 -9999 -9999 -9999 -9999 -9999 -9999 -9999 -9999 -9999 -9999 -9999 -9999 -9999 -9999 -9999 -9999 -9999
0.388278050873745 0.383734167356747 0.354342425452988 0.336040441665218 0.322840560593131 0.326775573638412 0.326895093061514 0.319245768048135 0.300027562476944 0.274508310182001 0.243198385929348 0.232041815855828 0.272356836601745 0.296208385254832 0.30915160242641 0.399820944060211 0.486274228205122 0.537351701134824 0.59410039524292 0.655386032689801 0.667416829112634 0.675512967351451 0.697079782259261 0.727607843282454 0.76675816969957 0.776956753856807 0.778987774790201 0.768474309637033 0.767498706471056 0.777553348270537 0.782628017111608 0.785838263330011 0.784771007597598 -9999 -9999 -9999 -9999 -9999 -9999 -9999 -9999 -9999 -9999 -9999 -9999 -9999 -9999 -9999 -9999 -9999 -9999 -9999 -9999 -9999 -9999 -9999 -9999
0.381905237007045 0.376287513830144 0.35395792402993 0.337432658912508 0.323741209187064 0.333264734434279 0.33710086053178 0.329356697519249 0.308510858487745 0.280529128274506 0.268956468716046 0.267314482846833 0.289291266363134 0.305506109680671 0.317903219210926 0.40849150927091 0.496410225677322 0.553786643826274 0.613960423120846 0.676372074756587 0.68913076397708 0.695782883024484 0.706985694228969 0.727538249983294 0.757086873676844 0.769035196023455 0.775802951503334 0.773681908723763 0.774938987999972 0.780102761863346 0.784296858460705 0.787828779566385 -9999 -9999 -9999 -9999 -9999 -9999 -9999 -9999 -9999 -9999 -9999 -9999 -9999 -9999 -9999 -9999 -9999 -9999 -9999 -9999 -9999 -9999 -9999 -9999 -9999
0.377582371847584 0.370806280590768 0.360145518602528 0.346762725399438 0.332458125873193 0.342766025711766 0.345409962834217 0.33244906870693 0.315601875320448 0.296637990254739 0.3122087785786 0.321976145020535 0.313945610189287 0.318762067233222 0.332090656172819 0.421204754965736 0.511141069901674 0.58241973742108 0.641876591843336 0.691876065836172 0.70840225960183 0.718017060558213 0.71890925567874 0.725786050295902 0.738421062517168 0.74982708771469 0.761906633019814 0.779436004286415 0.786433912455743 0.781252506438766 0.783703776693872 -9999 -9999 -9999 -9999 -9999 -9999 -9999 -9999 -9999 -9999 -9999 -9999 -9999 -9999 -9999 -9999 -9999 -9999 -9999 -9999 -9999 -9999 -9999 -9999 -9999 -9999
