layers/veg_sum/veg5100.asc
NCOLS 255 
NROWS 330 
XLLCORNER -2985163.8955 
YLLCORNER -3022031.214 
CELLSIZE 25000 
NODATA_value -9999 
[rows 250 to 274 of 330, columns 57 to 113 of 255]
-9999 -9999 -9999 -9999 -9999 -9999 -9999 -9999 -9999 -9999 -9999 -9999 -9999 -9999 -9999 -9999 0.69545610498174 0.725556601870874 0.727973554438381 0.722861976743321 0.701245256683237 0.662056288354388 0.609379925445019 0.581817683731356 0.56585670856082 0.582718430128796 0.596524118940423 0.607507045586507 0.603423149295839 0.599567814048575 0.612736442109635 0.616462813761085 0.609707781862773 0.616957796057966 0.62256788875004 0.585130783732377 0.515373032454392 0.402421027091912 0.348672263749533 0.315870108670201 0.294642870486254 0.276057651864046 0.261745150459152 0.250344776288217 0.2399255392766 0.215095025201082 0.196593753163232 0.190590904360945 0.189340383108885 0.190601931074425 0.176205102427972 0.163861752236925 0.1576338271426 0.150377008993708 0.142457593883076 -9999 -9999
-9999 -9999 -9999 -9999 -9999 -9999 -9999 -9999 -9999 -9999 -9999 -9999 -9999 -9999 -9999 0.730108883599229 0.726392078414278 0.72031565476981 0.723682653230196 0.721779911986648 0.701706629087257 0.668139060836159 0.624214095606773 0.589206463062567 0.565631309636068 0.58263490147756 0.598225490061529 0.612510931595997 0.613617656435198 0.613673825046848 0.621849776583496 0.625976302072282 0.625607750673581 0.628303946326618 0.629264773981346 0.609665669728574 0.561974205015409 0.476739290651326 0.430910848652031 0.397683078254996 0.352556783226618 0.317627891923546 0.299190408594885 0.278307718501371 0.256752702214246 0.25549851654476 -9999 -9999 -9999 -9999 0.176499052201617 0.164060137479443 0.157872056390644 -9999 -9999 -9999 -9999
-9999 -9999 -9999 -9999 -9999 -9999 -9999 -9999 -9999 -9999 -9999 -9999 -9999 -9999 -9999 0.730108883599229 0.723055012977973 0.71152298369606 0.717225478702015 0.71857558977617 0.702751962004073 0.675747365100491 0.640160932784475 0.603786041126959 0.577225843285905 0.589893690102832 0.602804833433694 0.615940702168145 0.621144329055741 0.624731078924863 0.627874173947943 0.631218010152925 0.634784679677116 0.63429609075571 0.632336837404344 0.62709740226203 0.601359804803859 0.548227865530707 0.501544707468119 0.456187782468129 0.398132474079132 0.353295925729311 0.329836972166768 0.300053498516869 0.268142606819051 0.267714128131608 -9999 -9999 -9999 -9999 -9999 -9999 -9999 -9999 -9999 -9999 -9999
-9999 -9999 -9999 -9999 -9999 -9999 -9999 -9999 -9999 -9999 -9999 -9999 -9999 -9999 -9999 -9999 0.720491320124866 0.704768034348573 0.710389428264515 0.71449023049416 0.709072708361549 0.690632184040031 0.662195991181494 0.640723862715108 0.623680724810769 0.620532769598748 0.619460038411976 0.620304126948857 0.626722303826468 0.632883349016225 0.631811829823309 0.631647982027531 0.632491697444534 0.632660782236191 0.632620815693619 0.632323327582977 0.62556567142914 0.610174458333442 0.53913783043239 0.452240151338371 0.410375414669801 0.372761522038135 0.342022163860197 0.305350621579088 0.26685564626412 0.267200659056193 -9999 -9999 -9999 -9999 -9999 -9999 -9999 -9999 -9999 -9999 -9999
-9999 -9999 -9999 -9999 -9999 -9999 -9999 -9999 -9999 -9999 -9999 -9999 -9999 -9999 -9999 -9999 0.713069803287365 0.710805417532347 0.712058219920633 0.713031628542763 0.712349056683744 0.704012616717335 0.689801530681014 0.6760491247319 0.663260497230288 0.654045148716605 0.64600478203556 0.639049709435697 0.642340395863915 0.646400912548954 0.643894661816402 0.640035662775986 0.634675041633721 0.635068974329171 0.636942494048434 0.638555605707047 0.637170336824756 0.631777944759265 0.551219772345855 0.449006123702559 0.404256872612792 0.3648912714353 0.334232196888147 0.300180127930653 0.265314485695787 0.265078763392241 -9999 -9999 -9999 -9999 -9999 -9999 -9999 -9999 -9999 -9999 -9999
-9999 -9999 -9999 -9999 -9999 -9999 -9999 -9999 -9999 -9999 -9999 -9999 -9999 -9999 -9999 -9999 0.718940572775446 0.726274021922573 0.719278373964003 0.713287588917755 0.713638236219164 0.716411091914401 0.721043088219544 0.710321821344996 0.698352682264227 0.689433015618124 0.679004720506795 0.66718295232334 0.664511969876046 0.663420562055662 0.661294091559314 0.653617575850534 0.639780216687883 0.640116479059113 0.643899698851371 0.645444760118538 0.640549824871924 0.627048290503527 0.546649810628316 0.44623788620748 0.386153246879629 0.339178103739042 0.313403852098577 0.288177110755966 0.26365209446414 0.264415505699204 -9999 -9999 -9999 0.212439725926671 -9999 -9999 -9999 -9999 -9999 -9999 -9999
-9999 -9999 -9999 -9999 -9999 -9999 -9999 -9999 -9999 -9999 -9999 -9999 -9999 -9999 -9999 -9999 0.710719152424879 0.709748788798869 0.71058272648056 -9999 -9999 0.716198422669287 0.720218262787488 0.713471026774339 0.705592867770862 0.698841543818937 0.691619631015162 0.683963049962571 0.673381949834537 0.663278310840184 0.658824120808277 0.651976645129476 0.642472495919819 0.631064964316966 0.620378579932609 0.619575044741907 0.61423502540028 0.602832316362191 0.569555266476805 0.524772695020928 0.420686197894058 0.344109877919024 0.31202346606966 0.29020077689387 0.273020688819716 0.269167858455064 0.266610222983357 -9999 0.228705374359336 0.229614920008092 0.228755905729505 -9999 -9999 -9999 -9999 -9999 -9999
-9999 -9999 -9999 -9999 -9999 -9999 -9999 -9999 -9999 -9999 -9999 -9999 -9999 -9999 -9999 -9999 0.649557536939939 0.691636256538293 -9999 -9999 -9999 0.681655300263037 0.715818547748707 0.715073564061315 0.709918106865792 0.705473891978459 0.698116940027786 0.688069583675037 0.676911184271604 0.666241047277796 0.659378758083877 0.654473091382966 0.651739379038525 0.633453173087951 0.613251307591135 0.61061175327066 0.604597997988864 0.594074862155653 0.597388500959678 0.595835990848821 0.454361915126281 0.353032333876825 0.316625085224552 0.297111138699366 0.284898289879809 0.276203304581292 0.272331300855696 0.277983291408869 -9999 0.243780983485803 -9999 -9999 -9999 -9999 -9999 -9999 -9999
-9999 -9999 -9999 -9999 -9999 -9999 -9999 -9999 -9999 -9999 -9999 -9999 -9999 -9999 -9999 0.623818975521227 0.649557536939939 0.691636256538293 -9999 -9999 0.662327162157957 0.684381080850128 0.723362253181026 0.719970156989499 0.712372924290078 0.710181472842538 0.690705554526198 0.655264513117678 0.667119197615528 0.68347712812129 0.674663787038873 0.67398372461182 0.682332031260063 0.675544348402737 0.665715104856965 0.663450891493143 0.655240059350436 0.639081992477027 0.633526128917574 0.622061826628613 0.471535751072012 0.366478552626012 0.334954365402116 0.315723486356311 0.301841992409562 0.292488184690265 0.28501146936686 0.281241468856461 -9999 -9999 -9999 -9999 -9999 -9999 -9999 -9999 -9999
-9999 -9999 -9999 -9999 -9999 -9999 -9999 -9999 -9999 -9999 -9999 -9999 -9999 -9999 -9999 0.623818975521227 0.623818975521227 -9999 -9999 0.686082950295444 0.681103790238117 0.693157834989954 0.718285537176986 0.715437521376471 0.709383135927601 0.705196872150813 0.685673860857698 0.651984774105594 0.675159703330965 0.703345502577204 0.699083346703449 0.696375627993819 0.695393416673862 0.693550359574711 0.691235109632192 0.686928672665496 0.679583106859909 0.668175960657529 0.66050502342289 0.64548216349942 0.504457967217561 0.401165222244065 0.358892397022167 0.333372448689553 0.31512291189123 0.301986032484878 0.293265340012796 -9999 -9999 -9999 -9999 -9999 -9999 -9999 -9999 -9999 -9999
-9999 -9999 -9999 -9999 -9999 -9999 -9999 -9999 -9999 -9999 -9999 -9999 -9999 -9999 -9999 -9999 -9999 -9999 -9999 0.690459442144043 0.703146591700308 0.706705517299954 0.703258170484184 0.703470351191739 0.702100513875278 0.692570409928536 0.682518450187938 0.671984468522768 0.69726034985816 0.725289325494134 0.730705084580149 0.721039286956921 0.694632164466966 0.692566271535248 0.695511111688775 0.687256307131011 0.68319053142519 0.684723096022984 0.680262656911078 0.666690487103336 0.549797092819931 0.452599058993871 0.387252684007121 0.350261823802733 0.32551588703253 0.306132601947458 -9999 -9999 -9999 -9999 -9999 -9999 -9999 -9999 -9999 -9999 -9999
-9999 -9999 -9999 -9999 -9999 -9999 -9999 -9999 -9999 -9999 -9999 -9999 -9999 -9999 -9999 0.697723858276385 0.696369578433569 0.694155532324444 -9999 0.722452431750525 0.722710343013037 0.715667886955521 0.703022110644273 0.703069340944456 0.703946679060795 0.701505794505432 0.699426394154883 0.697680885492723 0.715632909128676 0.735016022634864 0.741509641052738 0.734741123753791 0.71325093502912 0.705645337848611 0.7010906161999 0.691706791831142 0.686937814790035 0.688336254279716 0.685458874769548 0.677432089885277 0.615435805952786 0.533177793054333 0.418152180907516 0.37287587820317 0.357741848878145 0.356991471561416 -9999 -9999 -9999 -9999 -9999 -9999 -9999 -9999 -9999 -9999 -9999
-9999 -9999 -9999 -9999 -9999 -9999 -9999 -9999 -9999 -9999 -9999 -9999 -9999 -9999 0.671734325025128 0.690454408733817 0.696369578433568 0.694155532324444 -9999 0.731957902164186 0.732222210171023 0.724344774172561 0.710218228083373 0.711538382253074 0.714234353924124 0.71433829342217 0.717047606899239 0.722163423081425 0.731836204837886 0.741776827284917 0.748393096896698 0.745465281719706 0.7319430281114 0.718771810174905 0.706290714089871 0.698648361204967 0.694278663369146 0.694282637166696 0.690682307921078 0.685278225840297 0.671447344948217 0.603669337222801 0.44864715425227 0.396012424609056 0.387449579733265 0.390528000724771 -9999 -9999 -9999 -9999 -9999 -9999 -9999 -9999 -9999 -9999 -9999
-9999 -9999 -9999 -9999 -9999 -9999 -9999 -9999 -9999 -9999 -9999 -9999 -9999 0.666237187788941 0.671734325025128 0.690454408733817 0.696369578433568 0.694155532324444 -9999 0.731856511257949 0.731711540965284 0.734491968857042 0.739517755396995 0.749901336423686 0.754056276094439 0.730789908567736 0.726025925140428 0.738352016974791 0.741247944505924 0.743362745297101 0.751128600991607 0.750241197448362 0.739748218907252 0.723974262597784 0.709173908922902 0.713480453840074 0.716355238380183 0.717316576604372 0.704425104129977 0.687229233530805 0.676045360461735 0.615743774412563 0.476008220135311 0.417998044878923 0.395380911422763 0.393692428363069 -9999 -9999 -9999 -9999 -9999 -9999 -9999 -9999 -9999 -9999 -9999
-9999 -9999 -9999 -9999 -9999 -9999 -9999 -9999 -9999 -9999 -9999 -9999 -9999 0.666237187788941 0.666237187788941 -9999 -9999 -9999 -9999 0.778150106114542 0.766636495784038 0.757085500299117 0.749040889223699 0.765546211706466 0.776143960564836 0.750608815355605 0.743673909463304 0.753919464645843 0.749164969046222 0.744094095269636 0.753026599250168 0.750833964830369 0.736291838926507 0.724914230617387 0.715298636378173 0.713214844150977 0.711150944587866 0.709113630161082 0.697595723221882 0.683334894933895 0.676153455772653 0.626218303926133 0.507141149143716 0.44343203601185 0.40419823140708 0.406039905348771 -9999 -9999 -9999 -9999 -9999 -9999 -9999 -9999 -9999 -9999 -9999
-9999 -9999 -9999 -9999 -9999 -9999 -9999 -9999 -9999 -9999 -9999 -9999 -9999 -9999 -9999 -9999 -9999 -9999 -9999 0.786852358392395 0.810466582956716 0.791484008305414 0.739806707851179 0.759643671546596 0.781411253259785 0.77362149712293 0.769544811654081 0.768897773782385 0.755664301184585 0.744014913125208 0.754130248379098 0.747459141654718 0.722154197327723 0.721811360212639 0.724497860159791 0.69862951729674 0.680071566170453 0.67128343572138 0.671254250244372 0.673896420959912 0.672002996635043 0.635175369065229 0.541851577031154 0.472136703329748 0.413547169868862 0.409769927041898 -9999 -9999 -9999 -9999 -9999 -9999 -9999 -9999 -9999 -9999 -9999
-9999 -9999 -9999 -9999 -9999 -9999 -9999 -9999 -9999 -9999 -9999 -9999 -9999 -9999 -9999 -9999 -9999 -9999 -9999 0.804419229321274 0.804600364752689 0.792917485332733 0.772128505932729 0.789862498247586 0.80878967674486 0.812401004206992 0.804159701561583 0.78497049406789 0.758743070605495 0.739684295174996 0.766815189270748 0.760751938229345 0.71784143208504 0.717684040813137 0.724796914116948 0.699851511455864 0.685508082197547 0.685333439332539 0.685521195012179 0.685681105440703 0.68363163043649 0.645578466167235 0.549299547161971 0.476631006368452 0.41521051757181 -9999 -9999 -9999 -9999 -9999 -9999 -9999 -9999 -9999 -9999 -9999 -9999
-9999 -9999 -9999 -9999 -9999 -9999 -9999 -9999 -9999 -9999 -9999 -9999 -9999 -9999 -9999 -9999 0.72346539393543 0.711093063432577 0.735803880163217 0.760065264381475 0.774447419595303 0.790397532932897 0.807551116058621 0.824824978822454 0.840557199949376 0.850129536918643 0.835821156008575 0.799454900628487 0.762732307211929 0.738108699553019 0.779369539446291 0.775082114720823 0.720233709468018 0.717043477889041 0.724203770489824 0.705301257336051 0.698215587330725 0.706922291070635 0.700055783945814 0.688363484198993 0.683622315232813 0.644146628993725 0.548497713708089 0.519813809313459 -9999 -9999 -9999 -9999 -9999 -9999 -9999 -9999 -9999 -9999 -9999 -9999 -9999
-9999 -9999 -9999 -9999 -9999 -9999 -9999 -9999 -9999 -9999 -9999 -9999 -9999 -9999 -9999 -9999 0.734406218719557 0.739920509414239 0.749259431511859 0.762665415068423 0.787543435159118 0.80348520699375 0.812568055345424 0.845031631916834 0.871757046665907 0.86362768575865 0.840535111236294 0.803621482872187 0.775867545040873 0.757152337042202 0.777781030539025 0.776041130338542 0.749470909162711 0.737458877837658 0.728822849447718 0.716556822992127 0.710113917050678 0.711453199157904 0.669134949706007 0.614619017976103 0.599034069457879 0.573595467907768 0.532221377623024 -9999 -9999 -9999 -9999 -9999 -9999 -9999 -9999 -9999 -9999 -9999 -9999 -9999 -9999
-9999 -9999 -9999 -9999 -9999 -9999 -9999 -9999 -9999 -9999 -9999 -9999 -9999 -9999 -9999 -9999 0.756201108909423 0.756243035872103 0.763766165523208 0.775621363966615 0.798913764043178 0.812673523215937 0.819116603993447 0.846854618677318 0.868118242261169 0.852700017076859 0.827381585965465 0.792918643341881 0.768760106116539 0.750973695524619 0.756893228523782 0.7531712936021 0.738746819826718 0.718226297038972 0.69744578923126 0.687521805925436 0.680483142578408 0.677300504955975 0.632231671186602 0.575335708475914 0.553974332652522 0.540774825399751 -9999 -9999 -9999 -9999 -9999 -9999 -9999 -9999 -9999 -9999 -9999 -9999 -9999 -9999 -9999
-9999 -9999 -9999 -9999 -9999 -9999 -9999 -9999 -9999 -9999 -9999 -9999 -9999 -9999 -9999 -9999 0.756132478957929 0.756062206157849 0.779471174282343 0.800382198856516 0.808316930754285 0.817416844104366 0.827411080239151 0.82772151101086 0.82476581113233 0.813928624017937 0.793860382033674 0.765265702503678 0.73857743084973 0.7160434192173 0.714005581570188 0.703138231046073 0.682469654671163 0.653797789960541 0.625035646829647 0.612558341250982 0.603512092607663 0.599051208497284 0.588508824418396 0.575335708475914 0.553974332652522 -9999 -9999 -9999 -9999 -9999 -9999 -9999 -9999 -9999 -9999 -9999 -9999 -9999 -9999 -9999 -9999
-9999 -9999 -9999 -9999 -9999 -9999 -9999 -9999 -9999 -9999 -9999 -9999 -9999 -9999 -9999 -9999 0.765830139881755 0.762870045120353 0.784645148358162 0.801491892688641 0.797693681093461 0.802026659853243 0.812600648360288 0.798399832451127 0.784429555850001 0.784255950630373 0.767312089968194 0.734878067274411 0.710414298015375 0.68967127005024 0.680723640051975 0.667099787055628 0.648285079436681 0.626499349303814 0.606130901957588 0.603548901123913 0.593223040917749 0.572548061246714 0.566864936451953 -9999 -9999 -9999 -9999 -9999 -9999 -9999 -9999 -9999 -9999 -9999 -9999 -9999 -9999 -9999 -9999 -9999 -9999
-9999 -9999 -9999 -9999 -9999 -9999 -9999 -9999 -9999 -9999 -9999 -9999 -9999 -9999 0.751807044976013 0.763343679722643 0.76870565985213 0.770147652710092 0.785627396070455 0.795323287840677 0.784232587225542 0.784713133729743 0.794075069416486 0.769993938208108 0.749075965672087 0.758061619435427 0.743517710212236 0.707240277343992 0.68577786255501 0.667732950447509 0.652669859231568 0.637373284245937 0.621817529938512 0.610353333452735 0.601697893252848 0.607074461200346 0.594660002374142 0.55846909660756 0.541945396874614 -9999 -9999 -9999 -9999 -9999 -9999 -9999 -9999 -9999 -9999 -9999 -9999 -9999 -9999 -9999 -9999 -9999 -9999
-9999 -9999 -9999 -9999 -9999 -9999 -9999 -9999 -9999 -9999 -9999 -9999 -9999 0.748419321639256 0.75211592797773 0.764704440347182 0.769831480579453 0.770221595814592 0.77521849201244 0.782098948701383 0.793641356524464 0.798456686618914 0.7981087188637 0.773692313686405 0.749794667910631 0.740466262511081 0.727078765815211 0.709942013057232 0.686946533327251 0.663964320064438 0.647192472779241 0.629217632492917 0.609907406408393 0.602908781896458 0.595930913221641 0.562945849461894 0.539698631002572 0.529465352943893 0.529474516405148 -9999 -9999 -9999 -9999 -9999 -9999 -9999 -9999 -9999 -9999 -9999 -9999 -9999 -9999 -9999 -9999 -9999 -9999
-9999 -9999 -9999 -9999 -9999 -9999 -9999 -9999 -9999 -9999 -9999 -9999 -9999 0.748419321639256 0.752203271233466 0.7650892244323 0.757204950993814 0.736134672978008 0.757241343888867 0.781489571851779 0.80559354225439 0.811761013113663 0.804161512152698 0.770602489320358 0.73590662911447 0.710215491703161 0.697779894089972 0.697588025261516 0.677326201482339 0.653786314100458 0.633525518759448 0.613624627981662 0.594123250286651 0.588789257958442 0.58247438430472 0.538100695593578 0.513570431041619 0.515559497140867 0.491898445851814 -9999 -9999 -9999 -9999 -9999 -9999 -9999 -9999 -9999 -9999 -9999 -9999 -9999 -9999 -9999 -9999 -9999 -9999
