layers/veg_sum/veg5700.asc
NCOLS 255 
NROWS 330 
XLLCORNER -2985163.8955 
YLLCORNER -3022031.214 
CELLSIZE 25000 
NODATA_value -9999 
[rows 75 to 99 of 330, columns 171 to 227 of 255]
0.712195674789487 0.715451355224685 0.711645759792966 0.704791020992519 0.696624888626012 0.691719709702124 0.688409878002626 0.688348382071906 0.68829785185965 0.688253294178969 0.679999690860623 0.672808266426498 0.669045303005494 0.668118469162388 0.669070791877863 0.666372774032708 0.665240233958339 0.670158670292588 0.672344633001786 -9999 -9999 -9999 -9999 -9999 -9999 -9999 -9999 -9999 -9999 -9999 -9999 -9999 -9999 -9999 -9999 -9999 -9999 -9999 -9999 -9999 -9999 -9999 -9999 -9999 -9999 -9999 -9999 -9999 -9999 -9999 -9999 -9999 -9999 -9999 -9999 -9999 -9999
0.697091446265067 0.699127420852531 0.696699311755605 0.691820932694438 0.685885012902699 0.682245737913622 0.680254538126178 0.6816190351709 0.673750297708063 0.660852634434058 0.65960406540139 0.658341852877251 0.655990373657148 0.655950581384018 0.657442461613314 0.657840843516416 0.659251913907842 0.664220997301957 0.666545677500669 0.666754850812058 -9999 -9999 0.668526882124586 0.668526882124586 -9999 -9999 -9999 -9999 -9999 -9999 -9999 -9999 -9999 -9999 -9999 -9999 -9999 -9999 -9999 -9999 -9999 -9999 -9999 -9999 -9999 -9999 -9999 -9999 -9999 -9999 -9999 -9999 -9999 -9999 -9999 -9999 -9999
0.683021209018733 0.683434392955571 0.68238420860943 0.6791849244187 0.675058647138179 0.672995735848477 0.671968365462325 0.673049491900944 0.657822207653754 0.633712468686082 0.640135741018601 0.645220291716648 0.644155946250386 0.644781525189563 0.646526810560608 0.650520964097193 0.654542292515907 0.658018883743219 0.657094345964778 0.652648931059936 0.649366457385019 0.649065710444398 0.660634531609132 0.662321556132269 0.654500586776481 0.665171505807844 -9999 -9999 -9999 -9999 -9999 -9999 -9999 -9999 -9999 -9999 -9999 -9999 -9999 -9999 -9999 -9999 -9999 -9999 -9999 -9999 -9999 -9999 -9999 -9999 -9999 -9999 -9999 -9999 -9999 -9999 -9999
0.671073917137619 0.672063461665797 0.67013268653565 0.665472328220629 0.659674480357687 0.659975228327353 0.658538231705441 0.653562959636326 0.636024961552107 0.61164461401123 0.625183963947233 0.63608112681888 0.636865426199229 0.637881880091414 0.639052154414413 0.645000664201038 0.65012554938013 0.651263844386223 0.65187452637885 0.652063121086993 0.649366457385019 0.647874167520842 0.653224466267867 0.655031373512636 0.653428926574556 0.665171505807844 0.677577084436013 -9999 -9999 -9999 -9999 -9999 -9999 -9999 -9999 -9999 -9999 -9999 -9999 -9999 -9999 -9999 -9999 -9999 -9999 -9999 -9999 -9999 -9999 -9999 -9999 -9999 -9999 -9999 -9999 -9999 -9999
0.657737696699768 0.655892175396916 0.648705676786113 0.637457192659448 0.624772883820847 0.643563973548356 0.652066560811263 0.639620410362428 0.617189114786712 0.58931936164602 0.61019881365558 0.627084166410359 0.629458482991431 0.632139231339254 0.635023014579678 0.642436470216759 0.648290693579169 0.647866882048856 0.647792016729447 0.647996306311134 0.642111128560584 0.637140059799785 0.639743185627275 0.643152390800784 0.647337183427249 0.65923416468823 0.671348804216971 0.675323759297474 0.683557574621083 0.696716631242814 -9999 -9999 -9999 -9999 -9999 -9999 -9999 -9999 -9999 -9999 -9999 -9999 -9999 -9999 -9999 -9999 -9999 -9999 -9999 -9999 -9999 -9999 -9999 -9999 -9999 -9999 -9999
0.643170894974302 0.635467807151612 0.619149247143983 0.596770104159977 0.572578976801941 0.624148539680138 0.651760040851508 0.630589792443203 0.600977047761947 0.566766056671701 0.595184094916945 0.618213198215499 0.621948389655921 0.62742167350794 0.634046578844436 0.642491366034988 0.648743372457757 0.647445153191054 0.644717155975531 0.640845344872878 0.628427627571686 0.617951304344186 0.620882849379975 0.62720776230845 0.636797680814635 0.648036379577782 0.659622181784731 0.671230269916121 0.683557574621083 0.696716631242814 0.699588618973929 -9999 -9999 -9999 -9999 -9999 -9999 -9999 -9999 -9999 -9999 -9999 -9999 -9999 -9999 -9999 -9999 -9999 -9999 -9999 -9999 -9999 -9999 -9999 -9999 -9999 -9999
0.630815276266071 0.620389433125295 0.596226623740013 0.581693989176088 0.571763935419728 0.591709475672161 0.599097421802146 0.580916462596612 0.575808247496862 0.577820165672463 0.601819414174264 0.620562537964291 0.624027425468564 0.629111969593559 0.63526966227467 0.637475637705723 0.638623964130137 0.637487741871391 0.63348416322119 0.627186716447896 0.620899418367812 0.615672030548385 0.614910083624307 0.619042031942088 0.62788275212508 0.64257285386417 0.657481720805088 0.666531733732044 0.677517542082153 0.690742038489297 0.675436047046978 0.655446160994539 0.665062436141307 0.682728625144303 0.711612160594976 0.721419526018082 0.724899296567767 0.737530610865314 0.745464535096942 -9999 -9999 -9999 -9999 -9999 -9999 -9999 -9999 -9999 -9999 -9999 -9999 -9999 -9999 -9999 -9999 -9999 -9999
0.615741451498997 0.603058877256031 0.575095559892977 0.571962472085529 0.579563651329713 0.565416954622844 0.551622488312438 0.538545209193755 0.556097890763729 0.590333328498528 0.608502045273681 0.621737952894371 0.623958592826887 0.628126487951269 0.63358459117952 0.630891092505844 0.628041299231923 0.626980533566285 0.622130650957849 0.614249497246992 0.614656185866405 0.615238009668134 0.611498903661624 0.613312447876335 0.620468599941624 0.637289932972822 0.654368430904434 0.661154451313227 0.670413989418368 0.68253407490339 0.670900315996031 0.654899413087822 0.659330471370716 0.675440310971251 0.707824229831062 0.719404585473344 0.723925495785239 0.735635652856408 0.736358310021357 0.718523004034926 0.723214673227094 -9999 -9999 -9999 -9999 -9999 -9999 -9999 -9999 -9999 -9999 -9999 -9999 -9999 -9999 -9999 -9999
0.585055203124532 0.569640680904541 0.556996972837482 0.566056218944813 0.58447194079213 0.581625005532112 0.577120768430994 0.569242047852048 0.571790071522692 0.580017071855337 0.596002301424888 0.606962964138299 0.604519149058509 0.607976998540235 0.615345160073192 0.620988759752316 0.62461879697102 0.622269943943012 0.617490516179451 0.610766643029437 0.609334648384917 0.608888634141439 0.609371614409354 0.612820166773284 0.619122111324798 0.627769060466092 0.63777882152267 0.652916659312829 0.66339573657831 0.668487100130629 0.662478906686742 0.651611279799052 0.624858525633595 0.631608504471389 0.685043673952635 0.707286764812945 0.718069073235975 0.724239405274382 0.724771476378357 0.715780485862118 0.723214673227094 0.737913702944444 -9999 -9999 -9999 -9999 -9999 -9999 -9999 -9999 -9999 -9999 -9999 -9999 -9999 -9999 -9999
0.556931329024352 0.543447941710805 0.539431921263223 0.551866418366972 0.571454989803121 0.580332875199625 0.584514921524576 0.579135624846992 0.570784136199179 0.560813828826185 0.578819984045819 0.590594574935784 0.584082747399196 0.588695594011951 0.600679402992823 0.610350422865823 0.616849981485258 0.613819104999756 0.609952482116848 0.605417267068099 0.603861097414681 0.603602700877799 0.607000721706664 0.612264752024558 0.619324205527444 0.622681540148581 0.62741245903127 0.64471767873165 0.655121950149788 0.65754548645671 0.655942353354844 0.649215618935196 0.606404114082584 0.608764544640932 0.674070897139134 0.699251241063982 0.709637079036407 0.713191149815446 0.715078069009578 0.714149157674059 0.724326956968707 0.739410544231156 0.743717311043551 -9999 -9999 -9999 -9999 -9999 -9999 -9999 -9999 -9999 -9999 -9999 -9999 -9999 -9999
0.531535893211093 0.524948931785102 0.52243498288345 0.528856224841159 0.539351087762214 0.560406400537649 0.572631643595717 0.566877708914171 0.551997902464114 0.532147645837738 0.55665162187636 0.572529519158013 0.562584776355825 0.5703385337741 0.589818924920775 0.598928382413513 0.604453174090328 0.601385616234542 0.599328739835107 0.598080402612118 0.598225681167 0.599449130132613 0.60437043794326 0.611642112023931 0.621175244108559 0.622314691582212 0.623672663647972 0.6365600248853 0.645511260698294 0.649910488136302 0.651412810968088 0.647770270427577 0.605005311454136 0.608268625448997 0.675671145588789 0.695562582370415 0.698462593869801 0.702513439378646 0.707400798312122 0.713701034191438 0.726623610057527 0.742416381059514 0.744927582584387 0.746620217076698 -9999 -9999 -9999 -9999 -9999 -9999 -9999 -9999 -9999 -9999 -9999 -9999 -9999
0.534132145322021 0.522809448397059 0.513546190720467 0.508773795633334 0.506351879319232 0.535661189401847 0.553222467151796 0.546863213336261 0.537526562725628 0.526568258556785 0.548005673355182 0.564696977837869 0.566456916486589 0.573724501813853 0.584641331681628 0.589525742405708 0.592319402797188 0.59009697808969 0.59006380828229 0.59178202942288 0.595396601720341 0.599055450321072 0.601743355483628 0.60654613034441 0.613383774862479 0.616587673962953 0.620049683293514 0.629461692509925 0.634561772795365 0.634675239472207 0.630985966150826 0.624937709534127 0.607184394775095 0.618807632748446 0.671366336035196 0.686691331216899 0.688777658148147 0.693122998342415 0.699801438120671 0.710420499193828 0.722767226870727 0.735823761458589 0.740544041854452 0.742564508834622 0.739002296414786 -9999 -9999 -9999 -9999 -9999 -9999 -9999 -9999 -9999 -9999 -9999 -9999
0.540224461746191 0.522728044953495 0.50715966551119 0.492139098322992 0.477911064001951 0.511654939687952 0.531879554778414 0.524577185718652 0.524207735641655 0.527614333404732 0.542977061463528 0.558508593303859 0.573384280631606 0.579769118617431 0.580528108139519 0.580118282845513 0.579395809698064 0.577998195222672 0.579881898960598 0.584390637826242 0.5917452102166 0.598003100312833 0.597896809016273 0.599821185426875 0.603699414646851 0.60943773132978 0.615691709786479 0.622698362919833 0.624249483101015 0.619491446685007 0.610628781630482 0.602494568659476 0.6112721354553 0.630746066596624 0.665125104393369 0.67613384604736 0.67890882148883 0.684431265291766 0.692913815335587 0.706396005243925 0.717488624125475 0.727483075048853 0.734459783628707 0.738762649842556 0.737536539643148 0.735646462410207 0.733389337166663 -9999 -9999 -9999 -9999 -9999 -9999 -9999 -9999 -9999 -9999
0.521467757590341 0.5082322205959 0.5044617300243 0.495430133677408 0.484396576068954 0.501725485523711 0.509954728119279 0.499655857906085 0.511542836267902 0.535513444310109 0.540037881835762 0.545912474480426 0.556961000352536 0.566095400859818 0.573961544351873 0.567039638501893 0.560226324954435 0.5579172730872 0.560551839002739 0.567141269851864 0.577031224708007 0.585367218632925 0.58513223360816 0.589245534577085 0.597542637147207 0.601539627846188 0.605751824716725 0.616476024865223 0.621004585787072 0.618368079896324 0.619404038302073 0.621405451710051 0.622866965421148 0.633043437581201 0.655363978602735 0.662584117316014 0.665014016258543 0.678528183451185 0.691087536726435 0.702034202707335 0.712894585976537 0.723649081210459 0.726017839207636 0.728431782604445 0.73093916045796 0.732395329696 0.733270379674268 -9999 -9999 -9999 -9999 -9999 -9999 -9999 -9999 -9999 -9999
0.506765893865231 0.49584488021731 0.495672000381436 0.491717568635638 0.48619684672668 0.489960586238607 0.490492786889441 0.484445151433003 0.503230355088389 0.535540884616501 0.534281634007638 0.535260885870216 0.544938628151872 0.554394608435596 0.563703654137731 0.555647926723356 0.547797049146426 0.545483520285094 0.549567208178692 0.55876863157053 0.566648930718299 0.573074427772397 0.574168844441879 0.581116145442307 0.593694931324589 0.596938185186579 0.599749505308031 0.611426032982178 0.61704960481252 0.615673118787976 0.621753304282579 0.629066373929574 0.62872022925589 0.634412292976857 0.64851844369251 0.654205881664516 0.657661775895394 0.675011094084121 0.689284393150753 0.698362274696745 0.708695907468542 0.719503388071497 0.718994110275289 0.719992867279717 0.724109941560098 0.719144704770729 0.709158670198537 0.704716369889632 -9999 -9999 -9999 -9999 -9999 -9999 -9999 -9999 -9999
0.497258619340368 0.486158683889468 0.479078173715951 0.479032806635128 0.48199493188762 0.475844328480751 0.474186007563255 0.481674561802829 0.500493685074056 0.525484057544234 0.52491648656931 0.527100402845465 0.538554186707261 0.545221298116966 0.548716866518829 0.546417316431746 0.544002543841084 0.542846429992906 0.549273768978675 0.561767825297039 0.561815895291818 0.561221164902058 0.565512925263448 0.576120621844987 0.592805339144408 0.596560040337486 0.598791536326334 0.607877914444281 0.612184947371614 0.610964814116658 0.615870339571165 0.622315156871524 0.627218067414439 0.634591642365344 0.645408024172987 0.652452760505335 0.658691107478478 0.674550660323239 0.687510887484889 0.695574133563467 0.705003717675984 0.714958382099366 0.713787233815234 0.713977700347683 0.716983716630009 0.7145028700472 0.708988827541419 0.704716369889632 0.701675694887643 -9999 -9999 -9999 -9999 -9999 -9999 -9999 -9999
0.477614253725964 0.471943165578492 0.463738242845309 0.473060164313426 0.489777403704815 0.475305772841212 0.468598307667446 0.477699700113773 0.493731878681416 0.513538943415832 0.511814284269763 0.512488719399623 0.521177622675479 0.524996828518895 0.525589480843821 0.520247558245839 0.517805448056069 0.526339425046424 0.536708450356 0.548545503447661 0.549805829030504 0.55156924693748 0.561912342370893 0.571871731729589 0.581461929620173 0.587552895340522 0.593035135361322 0.599220265995691 0.601692433296984 0.59987067233987 0.602313335642409 0.606518104903148 0.615879648642559 0.627870736721386 0.64352602672604 0.655391975908999 0.665990169144608 0.678216066170241 0.687011445991569 0.690012658585499 0.695581254179614 0.702254648647151 0.702787640754203 0.703912847298735 0.706262636001904 0.706053766181836 0.704430442822156 0.701280908084935 0.697754925003364 0.693416061035052 -9999 -9999 -9999 -9999 -9999 -9999 -9999
0.455363554058566 0.45614523505463 0.449323536209257 0.468823141623447 0.499359851166334 0.477044698085889 0.464540225058939 0.47201158077107 0.484122163733071 0.49875952424433 0.495314462910828 0.493701246392682 0.49835618319326 0.500063649787966 0.499818187993312 0.490017306820491 0.486425070046763 0.505447761642708 0.519683318074237 0.530089194739651 0.535753201900242 0.542928056824412 0.559371956097255 0.56741696395833 0.567380788707752 0.575855634839244 0.585133300852418 0.588727192213594 0.589632964552851 0.587430009658698 0.587433642957532 0.589309691468407 0.602521348051721 0.619410844457873 0.641425315392775 0.658911035953287 0.674335729263078 0.682115660545505 0.686067189455828 0.683552520345074 0.684628267306089 0.687319292266365 0.690201134521821 0.692758279864359 0.694644016302689 0.696417916888195 0.698129993429403 0.696258789085578 0.694108967551484 0.691606547279174 0.680401874199942 0.663349024514769 0.6774875564272 0.690667646591443 0.691368445795236 -9999 -9999
0.441294633750145 0.43880736053352 0.441391956129199 0.459291461831085 0.483338766544885 0.452737695098297 0.436583221233835 0.449843911006285 0.455219742741428 0.456301048428439 0.451533883547272 0.448824756620801 0.451847862116077 0.460832829104853 0.473767993296944 0.477123021916006 0.480295299094156 0.485573118708791 0.496342600618744 0.511505379824967 0.525040388399649 0.538039690432104 0.549772678606623 0.557413127619666 0.561115847623717 0.565260414157884 0.569768849830114 0.575871451036307 0.580624034342798 0.583815363338684 0.586833959648291 0.590771180880258 0.6034318026586 0.616957000516326 0.631686962746198 0.650852287343238 0.670589915128251 0.672407982470859 0.6744913998906 0.67702299542144 0.677588830770637 0.677303614015297 0.681077083547276 0.684269197682217 0.686259184003335 0.687270565480177 0.687740963831175 0.685264366647557 0.682200588114938 0.677926371359496 0.671127180608362 0.662631131103542 0.6774875564272 0.690667646591443 0.691368445795236 0.69168229373902 -9999
0.433345075870076 0.431573520178965 0.443721128511271 0.458457344953004 0.473771177150329 0.43960881827147 0.420434837515043 0.431779156490919 0.431264090221485 0.424289752445853 0.419390436207292 0.416713122342497 0.419465100913452 0.434446459290793 0.457530733504424 0.467245255795409 0.474038219178988 0.475210117588107 0.484976764654783 0.501619159720667 0.516504303331897 0.530046912944049 0.538998347766182 0.546219186619121 0.551774893464312 0.554299747099364 0.55707747396404 0.565038408868998 0.572615642176221 0.579749136349628 0.585220164796853 0.590854294617738 0.602147660535274 0.612927105415173 0.622990414640843 0.642860473476966 0.664947305008757 0.664126957999488 0.66554624443689 0.670748287218383 0.670619811284774 0.668168705282327 0.674868258873146 0.679496137850983 0.679840204059319 0.679389224865454 0.678498736150063 0.673502214986682 0.668516155339358 0.663973720151642 0.661928915713836 0.661562594543062 0.674139815988282 0.684661567488859 0.684582063496709 0.67580699317498 0.659979133795237
0.434868082006122 0.439980379584283 0.461933595221641 0.471086758378018 0.47419337793084 0.443783298923104 0.422565794366237 0.420065574635754 0.414965866325803 0.408450333994224 0.405260871742852 0.404361048350923 0.408948223900865 0.427942860685907 0.456483561756375 0.462036957715108 0.467584069338347 0.479570813099078 0.49214763620603 0.505196519293536 0.511337719526279 0.51724861311913 0.526405074477283 0.533183004253149 0.537672376133581 0.542773381531786 0.548523927133875 0.557336435678515 0.566156048724927 0.574983877909821 0.582036559917753 0.588803729893351 0.597466357635834 0.606457536953136 0.61590654437972 0.63497227230773 0.656368519495069 0.658054344574867 0.660673220731559 0.66486802659484 0.663759794986395 0.660397197678365 0.673172104934808 0.680475353688403 0.67646429641249 0.673467625714812 0.671031718664602 0.660551644712644 0.652082452660742 0.649599286504802 0.652848959831724 0.65995127436468 0.665609887700828 0.669358283088958 0.667290593206859 0.663593860886479 0.658575846863645
0.437424972734406 0.450042682511347 0.474984532794087 0.475089288968968 0.463978585274299 0.432925869482981 0.411659680489473 0.410320141044976 0.41648791408486 0.426744581162289 0.429336754144257 0.431762676269748 0.434462307139278 0.44466160134979 0.459830006162358 0.467059778216083 0.474144083824757 0.482992327560469 0.492891233832942 0.503630663909288 0.507876552863888 0.512204440692906 0.520842639165477 0.526537565712138 0.529400556683666 0.535444057562591 0.542152338704879 0.548875551850017 0.556659732918405 0.565670890861658 0.573852747102947 0.581887793183154 0.590687206156297 0.602350518363779 0.618004599972844 0.631536028045725 0.643673838533871 0.644716571733909 0.647632194804081 0.653711141787169 0.657599873925203 0.66052901647856 0.66656041025806 0.669702903945692 0.6668717244388 0.664717923400836 0.662938584357052 0.656555040466493 0.652912652408096 0.656784560908602 0.664389683693795 0.674503639183469 0.671473198775702 0.66748651411364 0.66430953375173 0.660502275016131 0.656183810885854
0.440645293445357 0.460633616592779 0.485235024849941 0.475201177435094 0.449759555163808 0.416749864230654 0.396481158496227 0.402154766333248 0.42532025855945 0.458012790179996 0.467498051631657 0.473564644564869 0.473090233116586 0.469847471448844 0.464770462322212 0.475637340681212 0.485069822114345 0.485417409977013 0.49060798058455 0.499672908691646 0.504777958080435 0.509946561733409 0.517800836010043 0.522267228105303 0.523473892823922 0.529784504335002 0.536604628631098 0.540180876739717 0.546073072901499 0.554643591981769 0.563734581878562 0.573053908393133 0.583122367619326 0.599179043288321 0.623580143462006 0.629925178372319 0.629752907104445 0.628965668819498 0.631780004624331 0.640677423916361 0.651645299594927 0.663405414093035 0.657877307433352 0.654336142913595 0.654903581191759 0.655033660546371 0.654921963254401 0.656248702408731 0.660502373624465 0.67213465750906 0.683780640167796 0.695435828816318 0.683053932572226 0.671019350723315 0.667321745277332 0.661303033284517 0.653401721098049
0.452112945930327 0.46625539651768 0.471737041163524 0.462524813648991 0.446778384214393 0.428038024535853 0.41671382035527 0.420489879491988 0.435826816449416 0.457460441401148 0.455186943791434 0.454134223960199 0.458332294412817 0.461140447822576 0.463027673025344 0.463300737542772 0.464080366741567 0.466939669958189 0.47443053599493 0.485626624844164 0.490361124771376 0.494976920428391 0.503036776646247 0.51020096136918 0.51650335552911 0.522749800596415 0.528836582140687 0.534055451616297 0.540493365515987 0.54834106691726 0.557126318946852 0.566417460164696 0.57791135379226 0.595084161388383 0.620170388502975 0.628701822726194 0.631186287179778 0.631850036370951 0.633536000057791 0.636948491080723 0.642968919950513 0.650078868369893 0.646861361303722 0.645579358649335 0.648299595759179 0.652766902957312 0.658200009009762 0.65736725654589 0.658729108079856 0.66636881690262 0.684372656729815 0.709341505483527 0.68961730455151 0.672227142181593 0.675860769374567 0.668085417522537 0.651056485222499
0.455982806574647 0.461985819094167 0.453155556503566 0.446630417804911 0.441088295818724 0.432349882766764 0.426576817921899 0.426841590170252 0.436665131937291 0.451694903733056 0.444645117301008 0.440224014453557 0.444447380944116 0.449733698131232 0.455724302875745 0.451253045433348 0.448273572024538 0.453022666521107 0.4615045777588 0.472972720271173 0.477742035811942 0.482283788250323 0.489955174663904 0.498846858945285 0.508912680387987 0.515315563567782 0.521108444642071 0.527796604002786 0.535009427304568 0.542829008368445 0.551064268118783 0.559825419383023 0.572284358819408 0.589268135454387 0.612557155522088 0.625374989495949 0.633890718901251 0.632869902037483 0.632176912001642 0.632037623740056 0.635800795980799 0.641269419254537 0.640671025654453 0.641084886098525 0.643591887411902 0.650267029538037 0.659246364065257 0.658403783020823 0.6597833705331 0.667872590408792 0.688321017647384 0.717075205356436 0.695478166512446 0.677505315907157 0.686471545314425 0.677066017647436 0.652759548240852
