layers/veg_sum/veg5100.asc
NCOLS 255 
NROWS 330 
XLLCORNER -2985163.8955 
YLLCORNER -3022031.214 
CELLSIZE 25000 
NODATA_value -9999 
[rows 125 to 149 of 330, columns 57 to 113 of 255]
0.112602622228365 0.143926059638366 0.175689735009591 0.152740461449209 0.153341230249006 0.191483839605632 0.166124938008365 0.115024528999832 0.110277908161052 0.105102618255096 0.0990935998274475 0.126243518660027 0.170659084353871 0.125604865914428 0.0957905686180977 0.1080123141867 0.127907203493318 0.152673397779829 0.231237855552733 0.308819363132493 0.371063672552322 0.450602800038292 0.543416383466876 0.588803591719221 0.628428086164432 0.669926022927501 0.691719482239932 0.69531253014515 0.709418800512174 0.720852409366719 0.70679931960452 0.681206360472049 0.64280353656422 0.605978136447367 0.569936434620474 0.536883406460816 0.506732986466727 0.480461696660861 0.459684254108368 0.44107160965045 0.426762485074867 0.41324224788977 0.400997812286411 0.38656931090062 0.371287714415287 0.360467893298512 0.350040653291843 0.340388647482129 0.330618448285288 0.320785772340708 0.31150906628388 0.301280264308881 0.288684439909539 0.285990021885833 0.289672011742747 0.28581141375789 0.280659976923154
0.11907183885341 0.133241763784405 0.1451514161232 0.138809082396664 0.138898233107207 0.149240009252039 0.140096918558858 0.122597879899265 0.0985447915207862 0.0799381142906101 0.0719242898294115 0.110339310741102 0.172929534919815 0.115505432219793 0.0704517095972484 0.0623674420890688 0.0570331830390514 0.053444770327169 0.103878296476304 0.162370795013959 0.232931776553189 0.320467683899921 0.42103251724628 0.492280140772117 0.557292481780943 0.612891008270299 0.652680816090916 0.677868603415799 0.705502106682929 0.72839528983721 0.723059045214959 0.701417742267583 0.661676963009215 0.625524153462305 0.590617538278901 0.558167980828532 0.527985014813846 0.500831187684256 0.478162883311593 0.457338670526026 0.44114751869395 0.425722374603787 0.411536030753739 0.394936409482719 0.377383639991171 0.364191307512104 0.351502248482024 0.339807009016943 0.328228484408507 0.316711655000058 0.307561566528018 0.298772728933246 0.290701906030022 0.285578668884849 0.282353647845892 0.276474434946841 0.26995925537195
0.117359026519579 0.116783536377364 0.117284009575243 0.150046005984756 0.161810965405228 0.140103907971014 0.136271127580892 0.138678760838487 0.082375213345155 0.0485170021524319 0.0583132519081135 0.0927837112099555 0.140101873840208 0.107803314460534 0.0821025273371246 0.0770575327993044 0.0602006558000055 0.0358449903222032 0.0652767029666116 0.098316723761788 0.12996403141275 0.207665510050062 0.320715383876839 0.425312763675571 0.516487396452434 0.558969845107887 0.611222188144419 0.672498677981397 0.709222278572094 0.736152913593664 0.735784128377069 0.716465776567384 0.67611240453169 0.641824030937345 0.609174785752529 0.576896256910403 0.546266031902686 0.517838648201375 0.494406800078898 0.472911541293529 0.454864047187126 0.436970965581166 0.419327602394693 0.400870524553579 0.382130177453758 0.366923180821032 0.352576568379797 0.339928965979012 0.326859460873378 0.313566938985655 0.30191523992662 0.292085003540922 0.286594183485095 0.28128135660903 0.27608315558217 0.268998899603021 0.261316137055457
0.158048318661479 0.130327081045759 0.108490756780576 0.130775205056139 0.134173088919004 0.107463324608519 0.10417370856267 0.109662538357302 0.0655611025647184 0.0384693885493042 0.0444602813222106 0.0793248773197108 0.129223826183842 0.0961354698228166 0.0715173961611987 0.0722618853002698 0.0669791541357726 0.0578700345596742 0.0747129482366605 0.0912168653906954 0.10073266384817 0.139042343899647 0.199452465318859 0.286885746531413 0.379639133717531 0.479379819558254 0.553224810149511 0.603150754503853 0.661496433735155 0.71286420864902 0.71762761497735 0.707755973970217 0.681638657095104 0.65160716511113 0.620518194755892 0.589192951641078 0.55884447929741 0.529801391893491 0.505909678507612 0.48403367649822 0.465986349379249 0.447040344499051 0.426640983255101 0.406615398937389 0.386803515548596 0.369892672007485 0.354016394358121 0.340183085251146 0.32590579099155 0.311393807219672 0.299916043034585 0.289839316026898 0.282976577474026 0.276859821640526 0.271223471308037 0.26464300093929 0.257958549255884
0.216396653008135 0.156856361895632 0.107172137648776 0.103256181217723 0.0921026207110574 0.0694113748760819 0.0644176574553842 0.0664278595133814 0.0477927390177454 0.0341422560932236 0.0301865116781112 0.065374733013066 0.120944967320453 0.0829187387903748 0.0564643675474199 0.0634708233683628 0.0750902604994874 0.0896382546335413 0.0979554300354366 0.102475855370212 0.0968975537487745 0.0897367896435771 0.0813614230810897 0.133193819240357 0.215454514587287 0.386749004180135 0.485638138098594 0.517648702683724 0.600480660553514 0.680015801216415 0.688451448258623 0.688871396699183 0.68039349613708 0.655641768237403 0.626569029224061 0.59712600518124 0.56789991832442 0.538963752648538 0.515120889113276 0.493307822289581 0.47581807398668 0.456372805147948 0.433765036536975 0.412379502966406 0.391559380772339 0.373005953719624 0.355621859749857 0.340546860563802 0.325136488417128 0.309548838908595 0.29896895636216 0.288889254765463 0.279682773623042 0.272708280505234 0.26717116562337 0.261531772363742 0.256403628172881
0.323798452419231 0.224514145627355 0.12178563936378 0.0987268302568577 0.0781161162984949 0.0614079854577983 0.0457704569624068 0.0306877166180333 0.0203107993212021 0.0129481328825602 0.0114479536267879 0.0274295878565378 0.0525138907202889 0.0664571784622486 0.0783561952636741 0.0860075026237888 0.0851393932098344 0.0788627213116779 0.0957006579273038 0.109526657203813 0.108899272487964 0.10355138297415 0.0945803195866465 0.0863789064818551 0.105735543027599 0.233686426810169 0.363593765521929 0.495308220646703 0.586330738736295 0.655318041363047 0.647628946770438 0.638835183060034 0.628815178257425 0.612457593144981 0.594352983173976 0.575583989776773 0.555345837365308 0.53314425800868 0.514699810923094 0.497506186325801 0.479900426553225 0.461126758711318 0.440464330851001 0.419206688224336 0.397708323079823 0.376980337966792 0.357825627530276 0.341777679744936 0.324996585317504 0.307827951291398 0.296137231741657 0.285829522251815 0.278520983693888 0.272619983409348 0.267625423866478 0.261316197569663 0.255751501144875
0.413599502716178 0.295838108825691 0.163611465783117 0.117751370070563 0.0833244779849479 0.0671236043944037 0.0455658440653417 0.0223238978635028 0.025129083705818 0.0228420500622401 0.0106510393202402 0.00720974180349991 0.00832436408295454 0.0473322995961748 0.077832785369675 0.0855916740156211 0.0789911657421011 0.0632745762233512 0.0905832312540266 0.113448268617502 0.112940852348793 0.109568945254051 0.10399842831428 0.0612159332589943 0.0423000376082394 0.137131843078133 0.283531045280546 0.477561443899208 0.567796326298225 0.625122437707958 0.613013605445 0.600465159600202 0.587428719450089 0.56849088618344 0.549911028488587 0.546774919289315 0.539464009940416 0.526573775940562 0.513986264949604 0.501235452658647 0.484592950871142 0.466802280450622 0.447154772950731 0.425957706799028 0.404084183712311 0.381522357388054 0.360814890629771 0.343769247917483 0.325487480722141 0.306552301018891 0.294382517626422 0.284262989066429 0.278684304167083 0.27370528541712 0.269112445742695 0.262471036608611 0.256515178081
0.475763261518137 0.372918831008237 0.248167004740952 0.173761025742462 0.118673267567122 0.0943812742100476 0.0743204059172798 0.0569473091089 0.0806662722969981 0.0815514596225861 0.0380267007863285 0.014822759850839 0.00219973901701758 0.0240253878916189 0.0421122113239584 0.0491350413341133 0.0474092955477073 0.0401295053826419 0.080970767571061 0.112456319408429 0.104483152940598 0.10334334569207 0.107448411534994 0.0700515677372812 0.051540395973007 0.129308021988052 0.269389335304492 0.467027858550856 0.542377238409147 0.58629393378501 0.58814495692572 0.580413782496313 0.562045862434395 0.523295421216733 0.486271538598672 0.506554873147572 0.518356842474614 0.518824068015109 0.512813476171857 0.504228125913341 0.490243587508332 0.473924879706096 0.453831315004203 0.432589125871833 0.410816359172821 0.386955696756412 0.365037565043778 0.346955369883954 0.326968877271007 0.305975777482399 0.294318961829743 0.285041127964466 0.280928357807671 0.276633412427151 0.272221148002432 0.265777745793909 0.259501998282376
0.491153512733129 0.431785070033654 0.356708531797587 0.247411055618958 0.165863463576343 0.12855280791675 0.111833960773773 0.103500846232209 0.0818836710555212 0.0577906571743439 0.0288823265346141 0.0416949719814681 0.0762314632248564 0.0546119251504915 0.0414772949898154 0.0521277173357524 0.0481530497964668 0.0348936254975332 0.0637427375035553 0.08873920776229 0.092368284363503 0.100591237595531 0.112340172581651 0.0907916903649766 0.0779845881969062 0.117067722391064 0.196210526642573 0.312355199007942 0.418585906486943 0.51218823602563 0.54780047597879 0.564033608357874 0.558754907324826 0.514888108165821 0.470857868876406 0.507545434556678 0.527611673334634 0.525464686187046 0.520270592482502 0.513465184947485 0.498273219297126 0.481260862367882 0.461304538909331 0.440620109223091 0.419574963721062 0.395886376098613 0.373381913316212 0.35321575476149 0.331938807247971 0.310074699291249 0.297575826807912 0.287666340771089 0.283434402148383 0.279801318703388 0.276553892076185 0.267902665890685 0.260250096366977
0.481629751165634 0.481816860938036 0.472321638418272 0.328113428380451 0.219636004592332 0.168118116580872 0.155327339687458 0.156811185112571 0.0653348085083975 0.00618942863704713 0.00992536252252103 0.0784688300908854 0.180757166553474 0.106723832067373 0.0558220715067695 0.0711593463989884 0.0617305477598685 0.036578976102965 0.0435985233719661 0.0561489615449393 0.0781080678817873 0.0982986297902462 0.117131763999413 0.115588077254598 0.11075236182397 0.103493948383519 0.101188696267412 0.103458524819909 0.255405168685589 0.420396272592372 0.499192608255936 0.547790284918157 0.562865854371701 0.521046361569268 0.475899303953425 0.524784860721668 0.54811658079898 0.537297408410481 0.530913845590664 0.525204674038002 0.50728653198724 0.488718803184662 0.46910055206998 0.44915449275091 0.429017887022293 0.406167748960207 0.383393372259406 0.360768602344474 0.338456189330486 0.316308887443093 0.302113473975637 0.290713358673849 0.285593057970335 0.282661257739807 0.281138830191632 0.269458700191543 0.260074394002823
-9999 0.481816860938036 0.476796634901201 0.398925591822403 0.338489316202537 0.305846334967373 0.290066545734277 0.280545610889066 0.232507180278545 0.199876140528626 0.197211296590296 0.189892353888194 0.180150051683281 0.127829189481916 0.0874744422052473 0.0784624548088565 0.0537104632517825 0.0189659102010897 0.0327062116388904 0.0445268565155519 0.0393858496409306 0.0580055599899389 0.0948625592623524 0.106433585275183 0.112368910609815 0.109165257176104 0.107522703644323 0.107322089414615 0.144982036215136 0.209354082945425 0.378692555198437 0.477849098884137 0.499099993400435 0.501078623850266 0.499502396548622 0.510131110366084 0.517135748577491 0.519297066476286 0.526476311312441 0.53367691822431 0.516230851430974 0.497479245623666 0.476616300784791 0.454726479171634 0.432442744633792 0.412645678379508 0.391844054594107 0.36905872010312 0.348946361587789 0.330246931915611 0.302978615682498 0.280438991013907 0.270061213629892 0.269717341458545 0.275835205109784 0.267935795017467 0.26003654703372
-9999 -9999 -9999 0.424362109038013 0.420947705945222 0.412090298778559 0.400053359041976 0.386432370129661 0.361724373714486 0.345332568506575 0.345115118605035 0.296001941340548 0.2214290711116 0.166810279306558 0.119381396531777 0.0880479571933772 0.0508155098168893 0.00983806974724871 0.0218443164493089 0.0296374457069495 0.0124715615622544 0.0310535601813788 0.0770734707215897 0.0973667109790607 0.111121926710654 0.112398590446911 0.111665190597465 0.109075157690578 0.0770174978496923 0.0779155731209959 0.288130530748709 0.413647442431715 0.445145047615132 0.475811826749125 0.500478890583863 0.478357433530519 0.475191524185702 0.497358361514273 0.519583747453224 0.539315076058549 0.522314933373398 0.503770757213511 0.482729544882068 0.460432469233829 0.437685078523842 0.419680505007374 0.400269387480632 0.378080752166573 0.359659023970728 0.343228474059043 0.31244003102157 0.286288439985832 0.272478584110914 0.270915777104311 0.277239948568808 0.270268022612741 0.262421118175276
-9999 -9999 -9999 -9999 0.433740201472946 0.458068196992331 0.462660002654366 0.458155746538995 0.418289084247294 0.398468263682427 0.417635070797623 0.391939776573726 0.342885072695165 0.240008474683177 0.151775665988842 0.102002338779612 0.0577309041135431 0.0169523528678067 0.0110406435498907 0.00849387175956442 0.0081596029121304 0.0296385727654427 0.0678600648581549 0.0884675514063775 0.104393668092981 0.110965235727095 0.11161274534089 0.106788387281964 0.0903257243002477 0.0988516598906645 0.254874839901933 0.360432193976834 0.409969814614628 0.440401754393854 0.458144336240976 0.413813388579761 0.412261555630114 0.467880978956667 0.507991851316098 0.539528324321114 0.522924048123388 0.505336327201178 0.48615816339678 0.466394964408058 0.446406362324008 0.427781324912043 0.4086461973347 0.388503789148203 0.37079756921757 0.354379112695742 0.338356134508742 0.323001538230201 0.309253717621227 0.299185011167656 0.291485617880743 0.279979611336247 0.269442597851927
-9999 -9999 -9999 -9999 -9999 0.484193103344034 0.483872466968349 0.482457154101759 0.437454412946859 0.430558465217673 0.497777313684549 0.490369829053151 0.444104889379876 0.330307473903218 0.230263868412154 0.167363039278807 0.110002790904356 0.0561599872127923 0.0234249450718376 0.00114613195710416 0.00577265080203566 0.0290297340593437 0.0665865113366925 0.0853866115368612 0.100805770672861 0.112607971844998 0.110624825895035 0.0959085846553334 0.0879676251253525 0.0999928527502105 0.213028008278966 0.269627031686461 0.263578966316678 0.296945036584101 0.330020664545418 0.276949073831979 0.275070547303888 0.341607924467068 0.415786921426174 0.48858827971016 0.503252347041168 0.505661345496338 0.488251246264475 0.471214260983389 0.454245529536765 0.432320563124444 0.411801832716528 0.39406001187338 0.378840369643514 0.364953945124074 0.352762310232085 0.340986325990905 0.330108328959496 0.319820115552162 0.309911716971706 0.295664602365559 0.28381253122745
-9999 -9999 -9999 -9999 -9999 -9999 0.483872466968349 0.482457154101759 0.437454412946859 0.451863894826334 0.581825602592555 0.590077019291912 0.534954664737674 0.429369787130622 0.332372925861701 0.259066929181357 0.185517631046264 0.111813872675758 0.0476919336832152 0.000868073072127581 0.00437216909011416 0.0288340065932551 0.0693817384340759 0.0852872207623184 0.0988271526481825 0.115827051985846 0.109157522313703 0.0806252791120356 0.0775813108996058 0.0909901440326642 0.166778643009477 0.159558902493112 0.0601956299288508 0.0981197705920937 0.15793432415548 0.103024206894288 0.0998244384115149 0.165731887833444 0.282271809024938 0.411434708994486 0.473187733491766 0.505350642563223 0.489659933337097 0.47544772496356 0.461632655739208 0.435034667324551 0.41228187507908 0.397122233618528 0.3852967543547 0.375233705422611 0.361270218709042 0.34937378329285 0.342804462121404 0.336543107023079 0.330480079033158 0.314410665878796 0.30194818274239
-9999 -9999 -9999 -9999 -9999 -9999 -9999 -9999 -9999 -9999 -9999 0.592150334487248 0.536843798503164 0.523614742011943 0.493454655336414 0.420039199259747 0.346300486279957 0.272356553247509 0.140654177584973 0.0347725652888768 0.0205608533474709 0.0267616817638509 0.0486299411193692 0.0526843338296199 0.0589787506908508 0.0833972883563831 0.0967571536934167 0.0999024682259209 0.0945484481068857 0.093167253363188 0.122202547285642 0.114085986036641 0.0647289024186402 0.122628845589909 0.195456923542344 0.161061851841521 0.156778195994334 0.19273631429826 0.20070158346176 0.205988173554503 0.311371358991579 0.379697764501045 0.388095339842925 0.404821703403322 0.424638203695029 0.418612732551228 0.409804632394056 0.395501644395705 0.384754720078127 0.375887522697272 0.367837257737731 0.359640021770362 0.351026317599678 0.343726608686899 0.337273099738017 0.327227006884971 0.319080478918585
-9999 -9999 -9999 -9999 -9999 -9999 -9999 -9999 -9999 -9999 -9999 -9999 -9999 0.629073491110861 0.607537632981562 0.534198902366465 0.46616256596355 0.401492461213927 0.236644073973486 0.0997255742869039 0.0706214151711873 0.0487242375849677 0.0323587029698774 0.0309860880592508 0.0366324922185686 0.0622422280680517 0.0875507448118319 0.112581034860119 0.107381219135621 0.0978673363400961 0.0966683964664053 0.0882085277877471 0.0716886444632781 0.128897136392268 0.196828136160445 0.194784233589164 0.198921542110124 0.211319601369718 0.142735233599916 0.0600702177086651 0.174475710379978 0.256324062073348 0.28552047325217 0.327799701956178 0.375120746233693 0.392016868173449 0.399808657840772 0.389622023339631 0.382288269561725 0.376462541855376 0.37348390606384 0.368533281093004 0.3585615939727 0.350551928465538 0.343805785492586 0.338028803571458 0.332905973144622
-9999 -9999 -9999 -9999 -9999 -9999 -9999 -9999 -9999 -9999 -9999 -9999 -9999 -9999 0.607537632981562 0.534198902366465 0.484991946911292 0.451105079352796 0.33634333817636 0.236372240122151 0.199884211044625 0.127608160862878 0.0278633909984806 0.0367023129859304 0.0575690189535965 0.0695345229443793 0.0864449459146427 0.107922836356568 0.109065473727378 0.107971317277648 0.116072274069234 0.105418576687582 0.0739462221652634 0.0808243004132114 0.102200217253778 0.159370015434288 0.194389276383928 0.199805913501357 0.137968894791339 0.0613407610334439 0.103116746245364 0.14463241808347 0.185727106878793 0.239413886910265 0.298222716961386 0.342326951512035 0.372184164609328 0.373907629161305 0.375623184693565 0.377334559536519 0.377051866530567 0.374085990292018 0.364698196667818 0.35700934184565 0.350414586826579 0.344365212721578 0.338963369347561
-9999 -9999 -9999 -9999 -9999 -9999 -9999 -9999 -9999 -9999 -9999 -9999 -9999 -9999 -9999 -9999 0.493945115293077 0.489470781198795 0.441422296591894 0.394900111574307 0.363017575113169 0.257063199193161 0.0942557609440393 0.0659599258529895 0.0569151772761774 0.0540534525881622 0.0647553198468309 0.0879854540543513 0.0953341136603961 0.101416102899657 0.117279543529377 0.113569506183039 0.0881318740077078 0.0639322350838005 0.0488232822941874 0.104652008920008 0.141604207799024 0.153329264585605 0.132716224988825 0.10461487083534 0.127950264895264 0.152362067357828 0.178514655082326 0.218205956356497 0.263314066194279 0.287724656872655 0.308315885229948 0.321364977183742 0.344937492637185 0.374072665116652 0.37882694216881 0.379095312156311 0.370097647625634 0.362838914293952 0.356700035473889 0.351405128913781 0.346459655568668
-9999 -9999 -9999 -9999 -9999 -9999 -9999 -9999 -9999 -9999 -9999 -9999 -9999 -9999 -9999 -9999 0.506069753572306 0.521417399661121 0.549865327666125 0.567110910465338 0.547331149040394 0.418141764575806 0.204976173181298 0.109938624415148 0.0427602767659766 0.0243315625316307 0.030194053224976 0.0584935724753305 0.0719629402991155 0.0844434295989967 0.107107966996795 0.116055515945992 0.109776482902468 0.0665383742755155 0.0212417367666057 0.0378628057796618 0.058645317359999 0.0849893021287557 0.127159438867594 0.174154980890724 0.212935622760486 0.234769178148674 0.229195628289899 0.239006228417159 0.254662543546569 0.230050515434627 0.221783356692877 0.245792589642718 0.299231045739941 0.3682257202975 0.379480876977617 0.383764838782518 0.375036137066543 0.368275880317202 0.362783282678258 0.358884967657698 0.354855719802733
-9999 -9999 -9999 -9999 -9999 -9999 -9999 -9999 -9999 -9999 -9999 -9999 -9999 -9999 -9999 -9999 -9999 -9999 0.55709980721528 0.587140862370368 0.602646958421486 0.501924577154021 0.3119922489798 0.164873210157516 0.0464008217224052 0.0189621578569945 0.0277894198179076 0.0701143866408806 0.0859814285734668 0.0967095910938517 0.107334336718648 0.111708327642469 0.109143650554181 0.0767253526935656 0.0417204019850849 0.0492525167389814 0.058259358854071 0.0692370696155258 0.125138203204159 0.194043167248631 0.229499196367953 0.250810581067269 0.249247015625655 0.251239316432482 0.254090653041088 0.220996655561579 0.20938519103081 0.240195518456701 0.30146969033629 0.378846979076632 0.385581387967989 0.38667689394837 0.378919143927542 0.371814043445691 0.365129242818804 0.362914160362345 0.359518796727983
-9999 -9999 -9999 -9999 -9999 -9999 -9999 -9999 -9999 -9999 -9999 -9999 -9999 -9999 -9999 -9999 -9999 -9999 -9999 0.632623967401779 0.643445234426384 0.559952428341612 0.404069846112866 0.213359389647581 0.0508277225657349 0.0178589262423466 0.0293759929683008 0.081983264259755 0.0987992669962443 0.107131311278196 0.107026789079574 0.106640705928631 0.105942075242744 0.0851191496537444 0.061657178049356 0.0596231574628562 0.0592716532364283 0.0611687129332869 0.116486547440146 0.187862559228926 0.228150997060965 0.252767995963146 0.252040887688614 0.250530987767593 0.248165635398438 0.217646004025994 0.208466730602505 0.241428494614008 0.306984350617038 0.389769367342295 0.391885068821676 0.38981938776173 0.383165077202162 0.375410861188083 0.3669483169283 0.366488811746476 0.363860509105317
-9999 -9999 -9999 -9999 -9999 -9999 -9999 -9999 -9999 -9999 -9999 -9999 -9999 -9999 -9999 -9999 -9999 -9999 -9999 0.628077769271785 0.620547684001532 0.557714316118408 0.452433494569171 0.240302295648799 0.0538077522866078 0.0242791430453365 0.0360050029594029 0.0858363296585851 0.10007828237442 0.105831999781186 0.102914456439623 0.100881969207706 0.0998319410244489 0.086556619121255 0.0697453677119377 0.0503099790739801 0.0468658121189997 0.0647927801015026 0.0873295219899299 0.114594396673894 0.188012560560574 0.22690057850525 0.209945880060033 0.213093625098824 0.224572746358649 0.220932083912729 0.225960452596098 0.248107651536124 0.312048744792092 0.398081992741748 0.397634176809325 0.394022622104336 0.388716955167804 0.379586758841395 0.36799360337402 0.369444156184231 0.368039781099757
-9999 -9999 -9999 -9999 -9999 -9999 -9999 -9999 -9999 -9999 -9999 -9999 -9999 -9999 -9999 -9999 -9999 -9999 -9999 -9999 0.603984920352018 0.550904339765146 0.457082317105046 0.25248910321716 0.0720059783861087 0.0444902169166866 0.0431732329777134 0.0660552429280601 0.0884368390735086 0.106557960344499 0.102134654533646 0.097401527863728 0.0923244836691087 0.0835824331861644 0.0713808886008233 0.03897412758156 0.0274676935853341 0.0438930660452928 0.0521549670316504 0.0627861216924773 0.148638539367175 0.19095923936251 0.162879734029534 0.169655161128108 0.191740999926673 0.234427214291884 0.267016979327313 0.279669175827831 0.324795126970837 0.387086628795085 0.394006042825846 0.396001453497813 0.389824829547613 0.382421581644852 0.374228400035612 0.371925136711477 0.367615502244922
-9999 -9999 -9999 -9999 -9999 -9999 -9999 -9999 -9999 -9999 -9999 -9999 -9999 -9999 -9999 -9999 -9999 -9999 -9999 -9999 -9999 0.540636147148608 0.428664688485816 0.253514209971289 0.101715442072113 0.07513287073915 0.0507493358930588 0.028396982480771 0.0670221962500546 0.108815862491666 0.103875621323818 0.0956444181632493 0.0837600732941434 0.0772712149099457 0.0681355286367493 0.026108300389298 0.00278052734808654 0.0044432514929273 0.0124286761036349 0.0272103790226063 0.109842731648922 0.147397857538171 0.112053355590664 0.12167738769202 0.151920864080914 0.255644600503925 0.325896711699379 0.330052039743481 0.343352262726882 0.361486455766515 0.383284843570364 0.396297718166663 0.387571203008452 0.384241998349591 0.384388608327215 0.37404730233448 0.363709038888777
