layers/veg_sum/veg5200.asc
NCOLS 255 
NROWS 330 
XLLCORNER -2985163.8955 
YLLCORNER -3022031.214 
CELLSIZE 25000 
NODATA_value -9999 
[rows 75 to 99 of 330, columns 0 to 56 of 255]
-9999 -9999 -9999 -9999 -9999 -9999 -9999 -9999 -9999 -9999 -9999 -9999 -9999 -9999 -9999 -9999 -9999 -9999 -9999 -9999 -9999 -9999 -9999 -9999 -9999 0.70988241156354 0.71541358532748 0.720974985553859 0.727718106186016 0.734785184700394 0.742472877962 0.690652541291542 0.608312268483044 0.439079756522199 0.322767945363465 0.336095942564438 0.38696949187033 0.461339552508909 0.593451364024008 0.698954067037147 0.712764632270371 0.725107205896586 0.736338539494091 0.741997482295767 0.746754309890982 0.75076159138483 0.76087000055084 0.776537561102045 0.782365469031066 0.786916852414667 0.79452952484845 0.800542859764049 0.804804885635383 0.813745374515807 0.823606158047366 0.831249793585537 0.837687185049517
-9999 -9999 -9999 -9999 -9999 -9999 -9999 -9999 -9999 -9999 -9999 -9999 -9999 -9999 -9999 -9999 -9999 -9999 -9999 -9999 -9999 -9999 -9999 -9999 -9999 0.711661576766218 0.712025869728169 0.712875621009145 0.73270463600246 0.747761800505939 0.75367740387426 0.714796504775707 0.652940783689981 0.478956465753261 0.350383062431938 0.334957635095151 0.392919330429183 0.49680767387028 0.61451887615854 0.707031080541666 0.721445227996573 0.732951580490241 0.742256790865123 0.751133967512077 0.758691632468992 0.761349649472314 0.767032913231479 0.775472684573665 0.781397669652969 0.786812975597673 0.792042597416875 0.796669414734286 0.800636148133259 0.810087765574255 0.820640749255319 0.828769914086282 0.836541295124979
-9999 -9999 -9999 -9999 -9999 -9999 -9999 -9999 -9999 -9999 -9999 -9999 -9999 -9999 -9999 -9999 -9999 -9999 -9999 -9999 -9999 -9999 -9999 -9999 -9999 0.720113969201469 0.714428501256108 0.709611156701125 0.738733580227231 0.759060402393529 0.762537256665308 0.736419166258223 0.695122690301508 0.513337162712853 0.370927085620099 0.328820462868023 0.399800578197159 0.541551894745455 0.641956857380793 0.718233328229815 0.731398267340896 0.741827617028676 0.75018618071552 0.76112801524957 0.770362505251944 0.771712246647498 0.773177665715534 0.774748486559729 0.780378356793621 0.786181056561992 0.788853876820766 0.792277661711119 0.796523769054521 0.80590262853765 0.816391445004887 0.825232183431607 0.83419680420889
-9999 -9999 -9999 -9999 -9999 -9999 -9999 -9999 -9999 -9999 -9999 -9999 -9999 -9999 -9999 -9999 -9999 -9999 -9999 -9999 -9999 -9999 -9999 -9999 -9999 0.749771708762344 0.739823440078176 0.730631020821795 0.750988956466265 0.764484038376146 0.764831768517559 0.74596634410756 0.717247052066776 0.517150840180182 0.359947759459662 0.312938737964727 0.406281012490481 0.587457015184403 0.678382437931107 0.742756679262367 0.747249914249467 0.754721850549774 0.764448603646717 0.770631122003792 0.775344582615949 0.776113895613132 0.777106316447817 0.778302025971174 0.781296968259625 0.784388069641916 0.786194984163011 0.789756557317448 0.795239519484043 0.802717889708827 0.810968561581542 0.821243598887777 0.829879211355563
-9999 -9999 -9999 -9999 -9999 -9999 -9999 -9999 -9999 -9999 -9999 -9999 -9999 -9999 -9999 -9999 -9999 -9999 -9999 -9999 -9999 -9999 -9999 -9999 -9999 0.763704185258 0.751753357647275 0.740628703191063 0.761803748950072 0.775479173019455 0.774787371981449 0.717414039516375 0.630970399710671 0.486177635760969 0.374483221579162 0.344072835943595 0.445055911456632 0.628266781630718 0.705036109359523 0.757730317677514 0.761388460136957 0.766773008476393 0.773464411235491 0.776542205029208 0.778724937763779 0.779220769472474 0.779662235010416 0.780054163841428 0.781768070998172 0.783606299398118 0.784784223190276 0.787763266304218 0.792714573885281 0.800500121218948 0.809086971020307 0.818237080349642 0.8256209910974
-9999 -9999 -9999 -9999 -9999 -9999 -9999 -9999 -9999 -9999 -9999 -9999 -9999 -9999 -9999 -9999 -9999 -9999 -9999 -9999 -9999 -9999 -9999 -9999 -9999 0.763704185258 0.751753357647275 0.740860807232937 0.771342193990501 0.791410617714541 0.791530650689152 0.65510585170736 0.448651183545786 0.424383489763145 0.411624613184706 0.416862634339866 0.512443487242742 0.66456209897402 0.723031935536391 0.764242975438128 0.774009210130546 0.778077207140365 0.777831753190536 0.779270779376335 0.780686177883971 0.781180481363157 0.781001922174558 0.780210272155434 0.781842684037244 0.783720460275841 0.784479298431083 0.786237614368733 0.789090380014446 0.7991390818956 0.810342941933303 0.816100665636465 0.821415374556146
-9999 -9999 -9999 -9999 -9999 -9999 -9999 -9999 -9999 -9999 -9999 -9999 -9999 -9999 -9999 -9999 -9999 -9999 -9999 -9999 -9999 -9999 -9999 -9999 -9999 -9999 -9999 -9999 -9999 0.795140158524625 0.799208742462246 0.646121479795543 0.412433558569661 0.414383990956874 0.42403958159995 0.439980597743221 0.53414702924213 0.677267977464392 0.72782973199914 0.763451647025107 0.774310909544787 0.779491883989412 0.780374508924803 0.78073718705441 0.781026029069322 0.781284972200445 0.781354550504456 0.781251585666033 0.781596077627119 0.782030275033553 0.782492328919997 0.783864902176866 0.786234513763842 0.794567979486178 0.804102462363024 0.811028629278099 0.817236619376485
-9999 -9999 -9999 -9999 -9999 -9999 -9999 -9999 -9999 -9999 -9999 -9999 -9999 -9999 -9999 -9999 -9999 -9999 -9999 -9999 -9999 -9999 -9999 -9999 -9999 -9999 -9999 -9999 -9999 0.788036680753792 0.795467701561538 0.643823084785107 0.410593204545413 0.421101994916965 0.440486869645578 0.468517360939367 0.557829321869423 0.685492050468802 0.730312403004276 0.761824837308523 0.771363678264588 0.778035495261095 0.782537032964506 0.782046507090469 0.781102829743596 0.780862632286592 0.781084573495453 0.781727600599011 0.781077858352557 0.780353500249747 0.780522688918988 0.781774847218486 0.784212880598488 0.790625293679876 0.798120346942259 0.806084577213824 0.813078993285169
-9999 -9999 -9999 -9999 -9999 -9999 -9999 -9999 -9999 -9999 -9999 -9999 -9999 -9999 -9999 -9999 -9999 -9999 -9999 -9999 -9999 -9999 -9999 -9999 -9999 -9999 -9999 -9999 0.785488080795912 0.77709185621745 0.752610760486377 0.627217812348002 0.45007011288349 0.465182663779466 0.49933118863982 0.568778416511334 0.632410586870028 0.692403616049804 0.733025406454212 0.762560448372038 0.763176270238843 0.771054307020225 0.784429693971485 0.783700327201436 0.781315048608717 0.779462862736116 0.778578232647476 0.778575208282513 0.779485903060057 0.780362423066958 0.780148695013138 0.781861825116317 0.785684906420542 0.792712832998578 0.800157812298171 0.804415422786299 0.809003214074101
-9999 -9999 -9999 -9999 -9999 -9999 -9999 -9999 -9999 -9999 -9999 -9999 -9999 -9999 -9999 -9999 -9999 -9999 -9999 -9999 -9999 -9999 -9999 -9999 -9999 -9999 -9999 0.767120158407875 0.771209204532021 0.762381037489792 0.728807020989827 0.633430817608917 0.50635807177901 0.508846177603776 0.536014039746936 0.615015558315949 0.663751987406065 0.693548116565619 0.733353228645987 0.764267612700514 0.766530247934476 0.772082711350203 0.780125508324856 0.780937910943002 0.780550917770618 0.779079561203129 0.777814185237771 0.776736492174851 0.778078588535726 0.779788507315442 0.781030035659236 0.784004108845028 0.788875355964957 0.795505727389657 0.801963172939657 0.803528600051748 0.806333559368953
-9999 -9999 -9999 -9999 -9999 -9999 -9999 -9999 -9999 -9999 -9999 -9999 -9999 -9999 -9999 -9999 -9999 -9999 -9999 -9999 -9999 -9999 -9999 -9999 -9999 -9999 -9999 0.766765237165396 0.756623518140159 0.743660155578536 0.725291295308124 0.663940922297368 0.580546582691697 0.552065501135821 0.549099168193311 0.603727569537029 0.649051206317678 0.688551796325885 0.731141289206793 0.767009295347607 0.782173592957256 0.781639799117356 0.769222866770533 0.77347304800639 0.778747161324966 0.779778603605679 0.77890534694866 0.776296589855158 0.776867881098134 0.778593980015499 0.783248067392504 0.788334899996944 0.793895597950038 0.79904968996178 0.803521386473958 0.803474810869556 0.805161158198008
-9999 -9999 -9999 -9999 -9999 -9999 -9999 -9999 -9999 -9999 -9999 -9999 -9999 -9999 -9999 -9999 -9999 -9999 -9999 -9999 -9999 -9999 -9999 -9999 -9999 0.766389667157992 0.75888583375947 0.751708174568213 0.757282477910532 0.754899187033981 0.737271320872527 0.678669938511698 0.599054432524469 0.539395320979593 0.515773000700501 0.576417765693932 0.634040989021377 0.68977329094757 0.725439814164478 0.754775077976708 0.769520384710173 0.775400262587946 0.774569189688422 0.777829307533395 0.780642563244181 0.77971026830618 0.77761662577429 0.774464800651873 0.773796138233985 0.774054104531973 0.776729767627465 0.779387732079808 0.782026316136539 0.787641250374055 0.793385536908318 0.794152368001484 0.796832262647291
-9999 -9999 -9999 -9999 -9999 -9999 -9999 -9999 -9999 -9999 -9999 -9999 -9999 -9999 -9999 -9999 -9999 -9999 -9999 -9999 -9999 -9999 -9999 -9999 -9999 0.772581751845907 0.755212657200155 0.738850132600228 0.761840025285042 0.768589098870308 0.744225202550127 0.680530194599427 0.596663404511561 0.516325515543661 0.480546550274172 0.55003478914369 0.620141605044701 0.69063553476921 0.719333692082635 0.740847999574554 0.749875466152441 0.763632947761887 0.780970955318738 0.782196489792588 0.780872554059224 0.777609749328434 0.773811459006212 0.7695252514288 0.767631553450394 0.766342266921695 0.765860393865481 0.76541924393404 0.765022686701711 0.771773442213589 0.779678319372319 0.782226794705913 0.786469135788058
-9999 -9999 -9999 -9999 -9999 -9999 -9999 -9999 -9999 -9999 -9999 -9999 -9999 -9999 -9999 -9999 -9999 -9999 -9999 -9999 -9999 -9999 -9999 -9999 -9999 0.799506484709271 0.783838859548746 0.768534727904943 0.767441578010159 0.74624760383858 0.68654594498895 0.616755193267762 0.541790039529196 0.517881568338064 0.514996432914552 0.559272913728524 0.614917720045787 0.677676977317859 0.716553232400325 0.741513247269653 0.730081092399775 0.739908783443582 0.765829748911229 0.765359384784183 0.762270752217061 0.762039004283424 0.755900253118698 0.744379230518433 0.742214232848388 0.741471983784586 0.738921766104484 0.738660381294879 0.74090531779728 0.750237057475224 0.760925650915234 0.767964998220128 0.774124521762121
-9999 -9999 -9999 -9999 -9999 -9999 -9999 -9999 -9999 -9999 -9999 -9999 -9999 -9999 -9999 -9999 -9999 -9999 -9999 -9999 -9999 -9999 -9999 -9999 -9999 0.806322887105991 0.796759709263496 0.787082458190373 0.772945450549568 0.738868872927149 0.666593529776775 0.584184229578134 0.496577517831977 0.506336622617525 0.528028599878829 0.573021959379202 0.617378061364239 0.66133535902782 0.696536072933977 0.71825927963492 0.701664824011193 0.710713023436299 0.739172195374199 0.737401850847484 0.73370038945504 0.737407399541768 0.733543051164434 0.722779924371867 0.721762743342298 0.722021842321209 0.719311675305706 0.719763627079749 0.723678167064357 0.732936955339451 0.743369841639293 0.752230670803491 0.759305426492826
-9999 -9999 -9999 -9999 -9999 -9999 -9999 -9999 -9999 -9999 -9999 -9999 -9999 -9999 -9999 -9999 -9999 -9999 -9999 -9999 -9999 -9999 -9999 -9999 -9999 0.787378838984091 0.789560690743902 0.791362934377423 0.778324186614083 0.750658692352708 0.694972350077536 0.591588243870505 0.46374134313323 0.478008203771334 0.513622884528045 0.592549871609718 0.629682538283645 0.640659757293405 0.654437261655332 0.664362799735406 0.662203188603519 0.674507692433673 0.697761239466076 0.695198118817497 0.692359467707833 0.701168076881472 0.705490156975876 0.705724256014035 0.707672898152842 0.709515354962867 0.709090052341304 0.710938890298649 0.715277961192125 0.721063884977798 0.727347308920785 0.734609908297464 0.74131631411373
-9999 -9999 -9999 -9999 -9999 -9999 -9999 -9999 -9999 -9999 -9999 -9999 -9999 -9999 -9999 -9999 -9999 -9999 -9999 -9999 -9999 -9999 -9999 -9999 -9999 0.783902845444139 0.785061144066719 0.785995425726421 0.778171639292808 0.763111233819575 0.734187444423597 0.65523056986576 0.550613182505324 0.490829428953806 0.47616943810997 0.566018893163517 0.617072333208609 0.643846705422659 0.621130017067417 0.604887729944758 0.618532386232459 0.635875309650684 0.656017746671493 0.656060314406207 0.655249396686711 0.66103187648393 0.672822046107982 0.690086229556567 0.691739062816487 0.690626525082459 0.69046511590156 0.689756430101944 0.688448464612346 0.692810084826828 0.698942810640669 0.707517532403664 0.714514344478873
-9999 -9999 -9999 -9999 -9999 -9999 -9999 -9999 -9999 -9999 -9999 -9999 -9999 -9999 -9999 -9999 -9999 -9999 -9999 -9999 -9999 -9999 -9999 -9999 -9999 -9999 -9999 0.778144303118788 0.776070336155232 0.774278277640414 0.77302627865264 0.731072289724365 0.668243435083118 0.518874726902522 0.439178120917484 0.528744687568814 0.597101157567024 0.652184063895569 0.591239836321404 0.546484390206333 0.574808340174315 0.596362708256666 0.612792639432822 0.618612779021339 0.622156716008169 0.622110143624452 0.639406462233485 0.672505065545644 0.673494731848367 0.669161184486247 0.668707677746943 0.66486444129863 0.657309377778475 0.661137313304535 0.668304081463602 0.67867619786163 0.685994760486853
-9999 -9999 -9999 -9999 -9999 -9999 -9999 -9999 -9999 -9999 -9999 -9999 -9999 -9999 -9999 -9999 -9999 -9999 -9999 -9999 -9999 -9999 -9999 -9999 -9999 -9999 -9999 0.778042481512512 0.771885920461498 0.766809134326467 0.763800901769902 0.733424849515127 0.689012639276626 0.571448944975081 0.500210686646862 0.542308174724995 0.58536292800802 0.629016750727348 0.568634995131334 0.523741509872872 0.547274906510086 0.555623606456603 0.552477797370539 0.58990530438263 0.622073452877683 0.613890333532345 0.615175766243305 0.625088639176462 0.633906592175806 0.641215215568853 0.641648422488338 0.643328978041193 0.646375407224934 0.65254086267228 0.659461542245431 0.666012093773473 0.671404597464269
-9999 -9999 -9999 -9999 -9999 -9999 -9999 -9999 -9999 -9999 -9999 -9999 -9999 -9999 -9999 -9999 -9999 -9999 -9999 -9999 -9999 -9999 -9999 -9999 -9999 -9999 -9999 0.750859245701756 0.75674407600232 0.759151882055588 0.754898660108755 0.735111628152295 0.707357757266442 0.598580463609059 0.523935705515177 0.534172051226052 0.55835351653776 0.591262025197265 0.538553627777608 0.499900146256981 0.521461692311328 0.527884880566599 0.522848637395322 0.571137948475263 0.61288232052983 0.60301607283654 0.598832118918142 0.599825688403147 0.611319702647662 0.622674776525788 0.622840187008774 0.627016382024778 0.635584472527141 0.643545992977257 0.650996190905889 0.655668303189166 0.660016534050442
-9999 -9999 -9999 -9999 -9999 -9999 -9999 -9999 -9999 -9999 -9999 -9999 -9999 -9999 -9999 -9999 -9999 -9999 -9999 -9999 -9999 -9999 -9999 -9999 -9999 -9999 -9999 0.750743692465531 0.751995351318029 0.751203443544738 0.746496620733096 0.735767800305211 0.721950472614003 0.586327552574658 0.489909916180288 0.492445671640448 0.507704837096396 0.530926483602589 0.496898853303026 0.474358368041482 0.498311319086484 0.520270292523214 0.540719865140428 0.567757556833023 0.589592517736804 0.588032813275978 0.59469735352346 0.60885556114181 0.615050167620508 0.618693776457489 0.616804248311809 0.618788606096648 0.625014952448279 0.633934384182125 0.643114713518617 0.648916278652387 0.653585211454807
-9999 -9999 -9999 -9999 -9999 -9999 -9999 -9999 -9999 -9999 -9999 -9999 -9999 -9999 -9999 -9999 -9999 -9999 -9999 -9999 -9999 -9999 -9999 -9999 -9999 -9999 -9999 0.750710239480044 0.7506205822234 0.750067207531796 0.748625476993719 0.742960204082058 0.735128799243912 0.63833568836724 0.557162535870657 0.517464055343998 0.489546211268789 0.469000847883549 0.458660427179032 0.459551249035511 0.49175177716477 0.515731438658749 0.53348806997177 0.570340500085449 0.601374274450839 0.600468039518079 0.605738664948144 0.616637446956347 0.615769236343253 0.612722380428544 0.609894971333472 0.612175958219947 0.620050748779796 0.626596998110447 0.632135274458694 0.632464327566082 0.635218738217888
-9999 -9999 -9999 -9999 -9999 -9999 -9999 -9999 -9999 -9999 -9999 -9999 -9999 -9999 -9999 -9999 -9999 -9999 -9999 -9999 -9999 -9999 -9999 -9999 -9999 -9999 -9999 -9999 -9999 -9999 0.755947759969834 0.752534765790895 0.747371346257601 0.7137636462108 0.662044217140791 0.568906727312694 0.486276186013556 0.410221034376895 0.423720349731946 0.449051415548214 0.490519231715502 0.510696133117418 0.514756241601602 0.574361801889906 0.626680002419464 0.623418926953934 0.622376011320612 0.623354211613131 0.614792914188883 0.605583128135245 0.602450301341246 0.606076264327277 0.617103247758012 0.620026233463093 0.619891806659692 0.612154776894406 0.611968231034536
-9999 -9999 -9999 -9999 -9999 -9999 -9999 -9999 -9999 -9999 -9999 -9999 -9999 -9999 -9999 -9999 -9999 -9999 -9999 -9999 -9999 -9999 -9999 -9999 -9999 -9999 -9999 -9999 -9999 -9999 -9999 0.752534765790895 0.747371346257601 0.695045727182171 0.643012185770036 0.594061258353939 0.539202553319811 0.480646681618241 0.453704540385102 0.436279485471258 0.440475697776925 0.446069986401358 0.452722590591892 0.54461522763091 0.625881759500357 0.624013894450789 0.618998148876013 0.611114155770214 0.597865630271546 0.58629077067351 0.588890986868088 0.595032958688758 0.605053229236266 0.608004717647821 0.607589843898243 0.595073269585529 0.588006709523441
-9999 -9999 -9999 -9999 -9999 -9999 -9999 -9999 -9999 -9999 -9999 -9999 -9999 -9999 -9999 -9999 -9999 -9999 -9999 -9999 -9999 -9999 -9999 -9999 -9999 -9999 -9999 -9999 -9999 -9999 -9999 -9999 -9999 0.646289003339965 0.637392514227873 0.619702819319477 0.578417024153094 0.522364472179683 0.469255512560681 0.42727845244019 0.417867219987961 0.415647510291159 0.418871638226024 0.521620177377179 0.613454359359365 0.61400287116225 0.608742356380235 0.598188843332765 0.583020893193671 0.570396164183787 0.5757887877984 0.583293000790664 0.593109449651099 0.595319597418237 0.593901580950224 0.579416124427761 0.568345873930893
