layers/veg_sum/veg5600.asc
NCOLS 255 
NROWS 330 
XLLCORNER -2985163.8955 
YLLCORNER -3022031.214 
CELLSIZE 25000 
NODATA_value -9999 
[rows 125 to 149 of 330, columns 171 to 227 of 255]
0.341210654942815 0.347277192676448 0.355668550157112 0.362958891068465 0.369605107976592 0.362555079952008 0.360173766778781 0.3672985681454 0.373519901991894 0.379249157885881 0.385000928073096 0.390470366119764 0.395224035676521 0.40173257527524 0.409403852844222 0.417797376107285 0.426151656860829 0.434177006729834 0.434793840522983 0.429483905353448 0.431917320318696 0.434729935343832 0.434414963816911 0.430175174113608 0.422159031936116 0.425095833840279 0.435516573656146 0.476448320166789 0.503797631064375 0.515439271601373 0.517154108779814 0.517917796745366 0.535104770346996 0.548744759921284 0.557442119128382 0.578518207934555 0.604450619184754 0.637625097935573 0.650940812640004 0.630714937851799 0.638137643656989 -9999 -9999 -9999 -9999 -9999 -9999 -9999 -9999 -9999 -9999 -9999 -9999 -9999 -9999 -9999 -9999
0.34089512091986 0.345001343625977 0.354681845422411 0.362140403910123 0.368462079694847 0.361356528570503 0.359077292235291 0.366625064541974 0.374245327152741 0.38190507195807 0.385698092777884 0.390485590482763 0.398137221057638 0.405861328854796 0.413633458452038 0.421480665811035 0.429573667471949 0.438434568888966 0.439347395459949 0.433901809249177 0.431850817800656 0.431951019238302 0.439054418965985 0.441493701260903 0.43944529760055 0.429042721734409 0.426742050641007 0.482148425673836 0.516405643745746 0.526204510207499 0.517932880823203 0.50813336936339 0.530067050900421 0.547665323354663 0.55922231554894 0.574876606341098 0.591236384989682 0.594148486007853 -9999 0.602318524957161 0.602318524957161 -9999 -9999 -9999 -9999 -9999 -9999 -9999 -9999 -9999 -9999 -9999 -9999 -9999 -9999 -9999 -9999
0.338716285002858 0.336278473151329 0.345275154772336 0.355463575794714 0.365992189720207 0.360218637926157 0.358852253133555 0.36645943722358 0.374021582268056 0.381559196578641 0.382844284799196 0.387266941829582 0.400187448872328 0.40828236210743 0.413179943907699 0.423547131731015 0.434302436915187 0.444766548025528 0.446880033470691 0.442313067864038 0.434779393365891 0.430573846676099 0.442220483164316 0.44980791562158 0.453489693218761 0.437104239864557 0.427794078789884 0.484471915931321 0.518453840194926 0.526188637052681 0.517590877718365 0.508511751655123 0.536230239863551 0.556694801459016 0.567051204212426 0.584379981496519 0.602914351570044 0.598653763293921 -9999 -9999 -9999 -9999 -9999 -9999 -9999 -9999 -9999 -9999 -9999 -9999 -9999 -9999 -9999 -9999 -9999 -9999 -9999
0.334404776294197 0.333170792748262 0.335080351083239 0.345539993318921 0.359584318433725 0.356412015933131 0.356653202067704 0.363844697865528 0.371360686565276 0.379053411892766 0.381707732456804 0.387493296093607 0.401650784855626 0.411598008960869 0.418755605079863 0.430258328409335 0.441520922931828 0.450791654751366 0.455021496954319 0.455218657333007 0.444904962498921 0.437475012825134 0.448628219431774 0.462928142760981 0.480255750672458 0.470746167906964 0.464325600497094 0.508784221405387 0.535625288186474 0.542092193758658 0.537348509053979 0.53228828059163 0.552610851721736 0.568395940883267 0.577858166452638 0.591629791299302 0.606123506618373 -9999 -9999 -9999 -9999 -9999 -9999 -9999 -9999 -9999 -9999 -9999 -9999 -9999 -9999 -9999 -9999 -9999 -9999 -9999 -9999
0.328830572821201 0.331121390601056 0.325086144284087 0.33496485369338 0.351691010490927 0.351666234260366 0.353863449627127 0.360584930729369 0.368107088988792 0.376065339932623 0.38124367478954 0.388829307526386 0.402752250047671 0.41503821657362 0.426239559109945 0.438199761378936 0.449140013180301 0.456592979942364 0.463035216644509 0.468668875287643 0.45725002048122 0.447850991891009 0.457384090113165 0.478143991911089 0.509706016394779 0.51095340231409 0.510712876787319 0.538759431046404 0.555960609097105 0.560619442072812 0.561888678811731 0.563080157741411 0.572108259893568 0.581046752582638 0.589860376805986 0.597304714819216 -9999 -9999 -9999 -9999 -9999 -9999 -9999 -9999 -9999 -9999 -9999 -9999 -9999 -9999 -9999 -9999 -9999 -9999 -9999 -9999 -9999
0.315892043751297 0.318827210401624 0.321095092612337 0.329794858627788 0.341263550756273 0.346085800463365 0.351815946148002 0.359394686880227 0.367555933143586 0.376034443860509 0.382208105198592 0.38990007025657 0.401638970640269 0.416270294114955 0.432818072981513 0.442307149943978 0.451319324821164 0.46078425715182 0.46676736025691 0.469965020612581 0.467750226440266 0.468159092958957 0.482941229095079 0.500149946823792 0.519693454850854 0.527297686547632 0.53380735712487 0.548475742107028 0.552805092561135 0.545177666569549 0.562760686808214 0.585253363952924 0.588539810510836 0.594657113840424 0.604719142755748 0.60584857695034 -9999 -9999 -9999 -9999 -9999 -9999 -9999 -9999 -9999 -9999 -9999 -9999 -9999 -9999 -9999 -9999 -9999 -9999 -9999 -9999 -9999
0.315817365467079 0.322323454682705 0.325714563579576 0.332992632573435 0.34194140465329 0.346643957226591 0.352367564311576 0.360170172031323 0.368813605509177 0.377914998801024 0.385642455202707 0.394052387029891 0.404312007044439 0.420463449621542 0.440518683159642 0.448524190037518 0.456026690843592 0.46530071424738 0.471376216491007 0.474892920758841 0.479413060517332 0.486614380676352 0.504514679028517 0.518376907348531 0.528353815362846 0.540081687398594 0.550887744781434 0.554150755119971 0.550833370996338 0.539905962426496 0.56329538188683 0.593859175068198 0.602711714638124 0.611687022948066 0.620833406317231 0.626599936659777 -9999 -9999 -9999 -9999 -9999 -9999 -9999 -9999 -9999 -9999 -9999 -9999 -9999 -9999 -9999 -9999 -9999 -9999 -9999 -9999 -9999
0.335941940726345 0.350614357496058 0.343854568391966 0.349329760408312 0.360057197582968 0.356841136487158 0.357000411177649 0.364032311337159 0.372911561103733 0.382796978764518 0.392955156484669 0.403043464176161 0.412930444584538 0.42930618988923 0.449981246906266 0.458053876306957 0.464703693351677 0.470327779797289 0.477361716533047 0.485523525147076 0.492901492583984 0.502160318210811 0.519832805694515 0.530669963084292 0.534930353206876 0.547275210877774 0.558524600721008 0.553479985266658 0.550720484329783 0.550603648272702 0.563300416814298 0.58116100357054 0.613335445428347 0.634086421734504 0.638919094688039 0.636132471211056 -9999 -9999 -9999 -9999 -9999 -9999 -9999 -9999 -9999 -9999 -9999 -9999 -9999 -9999 -9999 -9999 -9999 -9999 -9999 -9999 -9999
0.334470241899699 0.351402710750767 0.344651819289881 0.352992095996842 0.367834365889943 0.367539350502326 0.369591536572421 0.376422932042852 0.388616515264376 0.40373063996719 0.413375148648306 0.422260208279452 0.429720646743242 0.449567711132144 0.477621879148196 0.490133578371508 0.497597036330443 0.493223363881972 0.49152650353797 0.491971077016512 0.503251141466742 0.516183528814318 0.529471704531305 0.539348172976656 0.545941990196535 0.549287445602771 0.550216820098293 0.540944975655594 0.538270183737424 0.543224680803857 0.565517929866186 0.592996310113824 0.623582261934245 0.642811516819215 0.646215508688777 0.647276723321723 -9999 -9999 -9999 -9999 -9999 -9999 -9999 -9999 -9999 -9999 -9999 -9999 -9999 -9999 -9999 -9999 -9999 -9999 -9999 -9999 -9999
0.324264864616592 0.340872578670756 0.338336533261691 0.351267387149022 0.370896696163832 0.378026751692199 0.385109016327293 0.392093972448183 0.408744720497795 0.430659988849143 0.438712983291085 0.445341105938428 0.449622351922076 0.474056264114751 0.511842885991307 0.53041186905499 0.539408011310032 0.523075875614397 0.509203853641875 0.497299908070825 0.512588503448441 0.529585217920299 0.537186987755885 0.547136451825476 0.559344802939205 0.550488512535613 0.537568323339473 0.526536844328107 0.523952952203044 0.53113843531617 0.570281560012064 0.615428107234632 0.634241140730093 0.646565098668522 0.649846697899964 0.663540680847968 -9999 -9999 -9999 -9999 -9999 -9999 -9999 -9999 -9999 -9999 -9999 -9999 -9999 -9999 -9999 -9999 -9999 -9999 -9999 -9999 -9999
0.322293996034632 0.333213275702285 0.334792078988463 0.344237488062072 0.357187293801876 0.372280899589481 0.386260743281801 0.397972821564362 0.413943586376854 0.432233865395827 0.444198258998848 0.454000819483186 0.458911091936252 0.479026976945811 0.509217763604935 0.526363256314919 0.538009443013133 0.535668838377306 0.531709380968809 0.526454850934435 0.533097106121411 0.543345544150637 0.561544945949123 0.578495510003932 0.594244476611101 0.603494305404678 0.612771438404458 0.630143607270109 0.635496254724905 0.626948694176341 0.638278764927715 0.654696506912561 0.666947200160384 0.677202402131974 0.684676938697872 0.683756450467682 -9999 -9999 -9999 -9999 -9999 -9999 -9999 -9999 -9999 -9999 -9999 -9999 -9999 -9999 -9999 -9999 -9999 -9999 -9999 -9999 -9999
0.323167909180485 0.330324954504334 0.334380864626514 0.34229666618946 0.351984268270314 0.367284206241765 0.382755752405426 0.398576715310751 0.414370518530267 0.430149529095607 0.443873999906853 0.455537839180212 0.462178473673904 0.480933214885791 0.507714494542263 0.525378167827797 0.540428731572673 0.549653428717839 0.55313547827034 0.552023443775866 0.553132416750174 0.559046845754729 0.583878983087681 0.603402453902208 0.617818071297656 0.639742364452702 0.664726032810475 0.698481509403609 0.711922104530159 0.701869162077574 0.697829747335821 0.696676702565753 0.70641822026288 0.716174204260967 0.725950346674729 0.740132201090007 -9999 -9999 -9999 -9999 -9999 -9999 -9999 -9999 -9999 -9999 -9999 -9999 -9999 -9999 -9999 -9999 -9999 -9999 -9999 -9999 -9999
0.329487204614447 0.336569080754313 0.339967189179574 0.350097179005145 0.363063853553965 0.363721526539309 0.370337034142136 0.389083472865504 0.405663181036343 0.421062768937027 0.432429331262362 0.443440845925437 0.453919980723606 0.476973541521892 0.508358638111994 0.530257170966088 0.550156029003797 0.566301824189273 0.572495368142277 0.570727170079808 0.572261768201324 0.578463494943684 0.602338900902449 0.61595898494503 0.619711679327411 0.643913351982105 0.672179117176779 0.699308984255219 0.721127347159516 0.736803118332613 0.741213264242328 0.743847723802604 0.758838492908732 0.771099613997135 0.779557041276895 0.770091059222675 -9999 -9999 -9999 -9999 -9999 -9999 -9999 -9999 -9999 -9999 -9999 -9999 -9999 -9999 -9999 -9999 -9999 -9999 -9999 -9999 -9999
0.336686117639472 0.34448892810095 0.349741039768752 0.355857838247494 0.362297382055747 0.363527341155299 0.368024090600388 0.379172452789253 0.395180154174972 0.413834518145971 0.424796422426208 0.43551272027545 0.446304649754822 0.473023516082999 0.510295217539281 0.527264437762576 0.543594420312865 0.563577780679816 0.576949196344645 0.585031095425817 0.598204694702714 0.611274524342527 0.620798031927773 0.62955506476575 0.637574616610167 0.65839780129555 0.681131188247927 0.69943323768467 0.716204921516707 0.731206784446605 0.746540151871169 0.761737677029969 0.774874524490317 0.787264053705889 0.798612214304596 0.801821087551503 -9999 -9999 -9999 -9999 -9999 -9999 -9999 -9999 -9999 -9999 -9999 -9999 -9999 -9999 -9999 -9999 -9999 -9999 -9999 -9999 -9999
0.344335791063099 0.353267499417131 0.3616607898083 0.360573173681918 0.355460393856731 0.365059342078953 0.370889855497344 0.369047342393082 0.383787174562318 0.407558661249516 0.419116851481475 0.429720932554976 0.439018907409662 0.469078434727268 0.512894106256696 0.520237830012697 0.528685554937917 0.550926322796601 0.573764407075016 0.597080340949911 0.627639240558649 0.650949509423686 0.639256759762521 0.643683861787959 0.663621043278122 0.678167388368834 0.690851415676382 0.699197125005282 0.704042766420566 0.704840686602856 0.732364904075525 0.764622534836817 0.772265436679553 0.783565418281431 0.799961445801035 0.8033301740272 -9999 -9999 -9999 -9999 -9999 -9999 -9999 -9999 -9999 -9999 -9999 -9999 -9999 -9999 -9999 -9999 -9999 -9999 -9999 -9999 -9999
0.347555249302545 0.355863016284472 0.363862040552752 0.366367731511743 0.366457763978744 0.367797071247405 0.36773898756857 0.364835633011827 0.37390763031682 0.389502060906272 0.403755883928325 0.419643025216692 0.439780548248821 0.472351214129689 0.513159804719649 0.512648955402487 0.516963140381088 0.548377079816004 0.581829115847588 0.616911617080083 0.643592910793763 0.665105249954734 0.669939392666357 0.684162784018949 0.707420253064483 0.722704090498026 0.731488876716924 0.711900247409968 0.709693915302645 0.727589676980264 0.749817802482656 0.772484010569922 0.788189851128396 0.799076233059109 0.80324682422692 -9999 -9999 -9999 -9999 -9999 -9999 -9999 -9999 -9999 -9999 -9999 -9999 -9999 -9999 -9999 -9999 -9999 -9999 -9999 -9999 -9999 -9999
0.351752779480017 0.358915351277902 0.36648633341326 0.371035932839674 0.37417187044537 0.370581434125548 0.367101957506787 0.363848409363241 0.36833362581913 0.377033797825948 0.395261697751299 0.416123840808214 0.442782601512193 0.47244843211673 0.504106680546523 0.50403408831083 0.511175402327132 0.550390179854678 0.593312613521916 0.639201150131772 0.666873324342353 0.689705279990746 0.703238180697866 0.720436325479373 0.741161067648781 0.750481352557071 0.751772881426185 0.719910006886835 0.714534215002016 0.73978992213576 0.761022170927332 0.781040876749764 0.800245240921522 0.811065956297534 0.810204274232144 -9999 -9999 -9999 -9999 -9999 -9999 -9999 -9999 -9999 -9999 -9999 -9999 -9999 -9999 -9999 -9999 -9999 -9999 -9999 -9999 -9999 -9999
0.358485260466092 0.36335821236577 0.370598803639221 0.372986833924416 0.37322771546013 0.373415517944322 0.372710635972576 0.370188131602319 0.372863486085195 0.378369879520665 0.403489154962576 0.428327048605344 0.450677751241179 0.464675075855808 0.473137637454963 0.493021634785163 0.519259397354313 0.562683089260507 0.612314541701135 0.666912165786197 0.708153664337857 0.740280673043864 0.742108759178991 0.745443822007769 0.750228856506537 0.737389716275112 0.722381644938886 0.716173298113691 0.716562991903917 0.724583117375568 0.755864748799778 0.79099202797064 0.802222315432379 0.809062634327095 0.809785645733781 -9999 -9999 -9999 -9999 -9999 -9999 -9999 -9999 -9999 -9999 -9999 -9999 -9999 -9999 -9999 -9999 -9999 -9999 -9999 -9999 -9999 -9999
0.368061489113426 0.376355796907796 0.380239397567657 0.378714506191784 0.374824713775503 0.373337507935378 0.371227826436803 0.367850703019864 0.37369851217806 0.384570725459796 0.396794068918918 0.413450191787445 0.441189951828643 0.459248888305096 0.47089352578904 0.503303767318206 0.539954157699853 0.584379922502907 0.631864115857153 0.681795033930113 0.719347544904 0.74589472138492 0.733568817886245 0.733366637936745 0.744829572487791 0.742718966265561 0.7371551611617 0.727914996942907 0.72428605201473 0.727146310160946 0.75530055491938 0.787731635718933 0.795036423813552 0.798519560613755 0.796677325324604 -9999 -9999 -9999 -9999 -9999 -9999 -9999 -9999 -9999 -9999 -9999 -9999 -9999 -9999 -9999 -9999 -9999 -9999 -9999 -9999 -9999 -9999
0.379415992394467 0.394702888343191 0.39333688124972 0.386803898692938 0.378010766041196 0.371438484530852 0.365310511898981 0.360087210300639 0.372223055531734 0.39381364400356 0.380767500865742 0.381639416169333 0.420832110063719 0.455290450736304 0.486611913962701 0.526901997738333 0.568534780909662 0.611957291294824 0.651756148298786 0.688656104069177 0.711727524240384 0.723393188344391 0.695381757816647 0.698099369981877 0.730383624775653 0.759567309611194 0.779546127595821 0.749335775243354 0.735569906047417 0.740821577448155 0.75760863462008 0.776209697286645 0.782120674211923 0.788202185740382 0.79452133282114 -9999 -9999 -9999 -9999 -9999 -9999 -9999 -9999 -9999 -9999 -9999 -9999 -9999 -9999 -9999 -9999 -9999 -9999 -9999 -9999 -9999 -9999
0.392065268123759 0.399867176931206 0.388841017583424 0.380947378963141 0.374475066423707 0.371110977522627 0.36864485560876 0.368007112018526 0.372842604552614 0.380659121601316 0.362995201790749 0.360789526192889 0.399969123754215 0.431972102594604 0.459220013033688 0.510628146217997 0.562721374459552 0.610224338929953 0.648161573539618 0.678446280940929 0.697119653611721 0.711510562204518 0.7149230858408 0.735057725086942 0.771281925637346 0.7862178734759 0.791816004986131 0.768651106273271 0.758444249616037 0.763222971313597 0.772717846032667 0.782580912233751 0.783886275755273 -9999 -9999 -9999 -9999 -9999 -9999 -9999 -9999 -9999 -9999 -9999 -9999 -9999 -9999 -9999 -9999 -9999 -9999 -9999 -9999 -9999 -9999 -9999 -9999
0.400226376120156 0.401861401652874 0.383505455388131 0.374714469338552 0.370218591513595 0.371305338393034 0.3732826868965 0.377073416880077 0.374512313235432 0.368491652698232 0.350868210523659 0.34862566030857 0.386316275327637 0.413095861798842 0.432646042739234 0.495151093884419 0.557455454214323 0.607044584777776 0.645973426034482 0.676374099011665 0.691169938301152 0.706586265713478 0.734147255143895 0.766700654381611 0.804057613499225 0.805346073781284 0.797730635501634 0.781942045499013 0.77549066974759 0.779837496006639 0.783858486203183 0.787237286305243 0.78564268554073 -9999 -9999 -9999 -9999 -9999 -9999 -9999 -9999 -9999 -9999 -9999 -9999 -9999 -9999 -9999 -9999 -9999 -9999 -9999 -9999 -9999 -9999 -9999 -9999
0.394741200502288 0.397219017627418 0.379414816730472 0.370330003065801 0.365246251014209 0.372719731097229 0.379833589429889 0.386215210806817 0.378864396708288 0.364034145240741 0.355930734351196 0.360003985005678 0.394250501709606 0.411575598053878 0.417688936551428 0.490538388242485 0.56114462696342 0.605796241279723 0.65297651807641 0.702179709874213 0.712501513572471 0.720130060222166 0.740133519822327 0.767128353611361 0.800850096018739 0.799977275972335 0.791126725119002 0.777734247339567 0.772707141731923 0.777354332565768 0.780450516511668 0.782958677713146 0.784068296365148 -9999 -9999 -9999 -9999 -9999 -9999 -9999 -9999 -9999 -9999 -9999 -9999 -9999 -9999 -9999 -9999 -9999 -9999 -9999 -9999 -9999 -9999 -9999 -9999
0.388203187477158 0.390978352384381 0.382288090503743 0.375746224608798 0.370328267057704 0.3800429016289 0.389505405407861 0.398454537891655 0.388521765440027 0.368304872183709 0.372689809665401 0.382921880580105 0.405707794284395 0.415435217264135 0.416510373901248 0.493759589567433 0.569570556810822 0.619358614126069 0.670566574520545 0.722910448964991 0.732018179358178 0.736304392222853 0.74664525617789 0.762676577141538 0.784183099869449 0.783304753733806 0.77787676645561 0.773101127292413 0.772224820837012 0.775857973107958 0.778620764826482 0.780889151285774 -9999 -9999 -9999 -9999 -9999 -9999 -9999 -9999 -9999 -9999 -9999 -9999 -9999 -9999 -9999 -9999 -9999 -9999 -9999 -9999 -9999 -9999 -9999 -9999 -9999
0.380868794826388 0.383528726869846 0.390428956344403 0.388575811254418 0.383015526460199 0.39183554697386 0.401537920068758 0.413036878512905 0.402192119519028 0.379177746805327 0.398296305511968 0.414568454554402 0.419829979003399 0.423364248469372 0.425754077090688 0.502906457908543 0.581579430063049 0.644124001470646 0.696164745692704 0.739802490405114 0.750162024491091 0.75446849628964 0.753554466003366 0.754533903098974 0.757335182611488 0.758081950352632 0.759599652216893 0.768146288351748 0.773483162320462 0.775108044752607 0.777984797344241 -9999 -9999 -9999 -9999 -9999 -9999 -9999 -9999 -9999 -9999 -9999 -9999 -9999 -9999 -9999 -9999 -9999 -9999 -9999 -9999 -9999 -9999 -9999 -9999 -9999 -9999
