layers/veg_sum/veg5400.asc
NCOLS 255 
NROWS 330 
XLLCORNER -2985163.8955 
YLLCORNER -3022031.214 
CELLSIZE 25000 
NODATA_value -9999 
[rows 225 to 249 of 330, columns 57 to 113 of 255]
-9999 -9999 -9999 -9999 -9999 -9999 -9999 -9999 -9999 -9999 -9999 -9999 -9999 -9999 -9999 -9999 -9999 -9999 -9999 0.251261918681705 0.229702348027294 0.194293769608506 0.148255530749574 0.122543746898589 0.101972581054653 0.0911616419709353 0.0814094119962366 0.0726350786134661 0.0707342275327592 0.069841109783187 0.0672027061092551 0.0662928363770414 0.0673017306570157 0.0669794752757345 0.0666959071771296 0.0695555304946909 0.0721403444786907 0.0743578952562856 0.078771861916167 0.083315609169538 0.0788307514768095 0.0770892866030269 0.0797844814349919 0.0845372270964315 0.0899650003653169 0.0842259428691732 0.0793701239183076 0.076258445749411 0.0724448860120865 0.068260313320833 0.068382249041596 0.0688729818440758 0.0699646550169836 0.0735765273450706 0.078811383029679 0.0858760229033603 0.0913940131801411
-9999 -9999 -9999 -9999 -9999 -9999 -9999 -9999 -9999 -9999 -9999 -9999 -9999 -9999 -9999 -9999 -9999 -9999 0.256602891827321 0.252172325911591 0.23428773890939 0.201719823261474 0.157881872944615 0.130173826633045 0.107576207458739 0.0968019476473136 0.0870580254259253 0.0782657939090462 0.0756426956290429 0.0742851166554627 0.073316046073213 0.0721037161296385 0.0706213554410072 0.0717155535140205 0.0735013596450142 0.0754063472297898 0.0771349445678597 0.0786278088369535 0.0824996593524421 0.0867055263916517 0.0839587542616283 0.0821733109898768 0.0819425444600094 0.083980918769839 0.0870198578858273 0.0916066856998457 0.0905988500621056 0.078543171528728 0.0743897361992056 0.0744134081276712 0.0728427527468491 0.0716776537896023 0.0716156616514111 0.0747370389821831 0.0799084747994712 0.0830725522510262 0.0865134098470892
-9999 -9999 -9999 -9999 -9999 -9999 -9999 -9999 -9999 -9999 -9999 -9999 -9999 -9999 -9999 -9999 -9999 -9999 0.260979718125008 0.256650595577862 0.243049019087954 0.218368594156453 0.185184715475374 0.148547357276662 0.116678990353837 0.105468490127445 0.0956306993386187 0.0870608374542187 0.0832641558950518 0.0808002978064996 0.0805519949239716 0.0795385037458825 0.0776756131266632 0.0781293099005691 0.0792089901215872 0.0804294744794049 0.081217789447204 0.0814285406407627 0.0839097534491449 0.0869365368856597 0.0866414561786763 0.085758216528735 0.083923796623172 0.0845122009492638 0.0862554816051962 0.0943359633479897 0.0963597671675381 0.0864233830790088 0.0807713632160542 0.0773840482528148 0.0768549430383708 0.076089361315811 0.0745458224443836 0.0766874233094759 0.0812022177559311 0.0824127495085391 0.0843477526579045
-9999 -9999 -9999 -9999 -9999 -9999 -9999 -9999 -9999 -9999 -9999 -9999 -9999 -9999 -9999 -9999 -9999 -9999 0.264635887900521 0.264467120214756 0.25571745192424 0.243646560325847 0.229026498663484 0.176972951036116 0.1290557438006 0.116966517910762 0.106939257724394 0.0988165709632657 0.0934240154848384 0.0892533641631415 0.088838307897016 0.0884926936917605 0.0882241638434352 0.0861127785496851 0.0838894482268313 0.0846781776618606 0.084447554530043 0.0828546389050794 0.0831512984967424 0.0842119300387917 0.0870362229743297 0.0879404780377029 0.0857396164724571 0.0860610824553026 0.0875315297335526 0.0927131178290763 0.0970047525277868 0.0995389865540149 0.0913042411764242 0.0773770384967258 0.0804476708342185 0.0820046846934814 0.0786728182622749 0.0793768485838817 0.0826799565398864 0.0837586603222805 0.0847223230199048
-9999 -9999 -9999 -9999 -9999 -9999 -9999 -9999 -9999 -9999 -9999 -9999 -9999 -9999 -9999 -9999 -9999 -9999 0.273303435121686 0.271600849654006 0.26480427371457 0.252123168379761 0.234925454318388 0.187503894175819 0.143312942011797 0.127618133359888 0.115738941886018 0.107384117023074 0.1020366907168 0.0979297323307463 0.097388374976051 0.0972520658626014 0.0975653816999524 0.0953907032087574 0.0926821437798734 0.0909425746269415 0.0896236909468712 0.0888670235992988 0.0877256030000665 0.0867255047139579 0.089703976882099 0.0912087550816884 0.090330251308779 0.0896380140912927 0.0891157767721733 0.0934765811290893 0.0977878657195706 0.102001363087547 0.094357604752099 0.080446128810285 0.0829584357461183 0.0847046207771822 0.0834299006824442 0.0839330902559404 0.0855812360901403 0.0858700095832347 0.0861163054411101
-9999 -9999 -9999 -9999 -9999 -9999 -9999 -9999 -9999 -9999 -9999 -9999 -9999 -9999 -9999 -9999 -9999 -9999 0.288198497943573 0.27923592410421 0.273396708301414 0.257339315105094 0.233439067181688 0.194083770399067 0.157238126182455 0.13835623424127 0.124700528874425 0.115872089086286 0.110857973814689 0.10712639306582 0.106342723033405 0.106136522738028 0.106571344364647 0.104649456820958 0.101929214580369 0.0977584916065976 0.0953250901014722 0.0952134956647672 0.0930040516756474 0.0904187735071532 0.0927767909448126 0.0944738412831297 0.0951019648253188 0.0934289434074074 0.0908894259965123 0.0948008047251181 0.0986580134080553 0.1024082519114 0.096410209851636 0.0852592495074543 0.0854393157021115 0.0862135090988088 0.0876488595430281 0.0884764061486785 0.0889125330873553 0.0883480399990478 0.0879246264396547
-9999 -9999 -9999 -9999 -9999 -9999 -9999 -9999 -9999 -9999 -9999 -9999 -9999 -9999 -9999 -9999 -9999 0.297487290368313 0.294560806479095 0.290404017750669 0.283183174139114 0.262932772700667 0.232681671014126 0.198410285395539 0.167253295079708 0.150504881234611 0.137318976696734 0.127423650921771 0.122538002920551 0.118965032303955 0.117250741713137 0.115929355628029 0.115044114305594 0.112378646321628 0.109176809385853 0.10541907300173 0.101801648334046 0.0983717403354913 0.0963272906063794 0.0948999895447645 0.0955985792312599 0.0965272159281267 0.0978278884101331 0.0961777936628056 0.0933753619827328 0.0966135067658926 0.0998593166822003 0.103120263020479 0.101132111824433 0.0963692999601578 0.088943889774122 0.084647510196168 0.0881886377836974 0.090895544581708 0.0930652214333189 0.0920195028898944 0.0909116384140394
-9999 -9999 -9999 -9999 -9999 -9999 -9999 -9999 -9999 -9999 -9999 -9999 -9999 -9999 -9999 -9999 0.296483737512076 0.296796523016552 0.298483595856479 0.298223509817255 0.291735065919748 0.270630414081723 0.238307245366997 0.208992576466236 0.182841908846936 0.167640487368906 0.153212990042566 0.139500342323073 0.134239695790283 0.13069919258458 0.127616906836626 0.125215692674112 0.12357050395971 0.12061858816047 0.117229171789296 0.113077297537407 0.108927098782422 0.104779139210353 0.102106095078528 0.100036897075266 0.0994542754031464 0.0996358719249809 0.101053374600721 0.0992285609171183 0.0961186538022442 0.0986231331523746 0.101206378100898 0.10394516233505 0.103958068627587 0.102530082221611 0.0945981618827353 0.0892413037364872 0.0906357088611377 0.0930234171973847 0.0960508029881246 0.0957032853841744 0.0949752847505294
-9999 -9999 -9999 -9999 -9999 -9999 -9999 -9999 -9999 -9999 -9999 -9999 -9999 -9999 -9999 -9999 0.295967039465571 0.295435100517028 0.299663215046218 0.302277594265065 0.298898714145711 0.280694150523112 0.251110289255965 0.226609310521381 0.204697703488229 0.190383787788704 0.172790284030745 0.152167527045482 0.145965748948806 0.142315869237123 0.137373772985522 0.133932489491512 0.132157187462371 0.129432856535208 0.126186472559521 0.120732871851389 0.116782210145918 0.114840119947083 0.110646113441763 0.105911111115367 0.104472571704098 0.103931161908428 0.1048406047901 0.102618825284131 0.0991513349660224 0.100854195387214 0.102717340424168 0.104897001238846 0.104652088795023 0.10312555260281 0.102669708537758 0.100761609386882 0.0952274767045305 0.094823769652305 0.0977240060175882 0.0994009209235307 0.100249575928757
-9999 -9999 -9999 -9999 -9999 -9999 -9999 -9999 -9999 -9999 -9999 -9999 -9999 -9999 -9999 -9999 0.311098479130451 0.299593011895404 0.299380560449101 0.29845822802816 0.292787314964727 0.274783825216644 0.247314595775132 0.228107535444611 0.211643719650188 0.201732694087295 0.184754449827077 0.161248436022182 0.151959840858223 0.145513904290695 0.139563381636911 0.135164160340132 0.132486965521421 0.130392497720271 0.128101855784254 0.12298469146914 0.119569150371864 0.118427708159721 0.11386730516102 0.108448447538632 0.107492506844278 0.106834358606946 0.106657805198332 0.10412955209257 0.100686637630148 0.102259670986444 0.103845854070323 0.105458004064582 0.105277076498546 0.104148332331826 0.105191841251615 0.104174579946525 0.0979663080045398 0.0972261718490843 0.100007461115306 0.101739258562216 0.102867608292553
-9999 -9999 -9999 -9999 -9999 -9999 -9999 -9999 -9999 -9999 -9999 -9999 -9999 -9999 0.324568381243262 0.320629181666917 0.31325973506474 0.303712591811787 0.299178549187323 0.293808932048577 0.284750946739595 0.26646772315857 0.24110376484336 0.226142130636198 0.214323976489733 0.209528528764204 0.194845868728375 0.171030698979019 0.157846415149261 0.147358273868735 0.140330043299569 0.135011956847427 0.131592220730331 0.130143496859714 0.128810180543934 0.124220357542975 0.121269954127895 0.120510518850435 0.115894967800504 0.11032930376127 0.110061727629673 0.109400149080344 0.108101383381349 0.105450747253557 0.102306414430638 0.103782691084359 0.10503124745039 0.105830122082351 0.105715166849521 0.105117163289488 0.106236396548977 0.105632144920354 0.100693443797556 0.100072938348109 0.102233308248789 0.103763984138764 0.105050942380225
-9999 -9999 -9999 -9999 -9999 -9999 -9999 -9999 -9999 -9999 -9999 -9999 -9999 -9999 0.326143838669267 0.327569739803912 0.319281552027902 0.304826362654988 0.302928385102604 0.299861042075658 0.290359565328146 0.273822567148392 0.251885528394149 0.23132052597022 0.21472785697029 0.213132550429138 0.206330215394575 0.194718310503283 0.175679373098155 0.156743878949557 0.146150227569578 0.14005612396833 0.138956756160566 0.137385097660854 0.13520098353647 0.129064463852096 0.125241583178918 0.124510717142593 0.119856667730176 0.114195821320577 0.11333845147175 0.112262757735202 0.110833987039071 0.109398417997861 0.107988763619333 0.108139416934382 0.107549653640355 0.105497781598423 0.104744229591257 0.104676966515032 0.1073551788441 0.108898619814133 0.10747536283539 0.105288361667715 0.102609516788113 0.106211111331693 0.109550205246981
-9999 -9999 -9999 -9999 -9999 -9999 -9999 -9999 -9999 -9999 -9999 -9999 -9999 -9999 -9999 0.333314145566349 0.324917761852904 0.311190923348971 0.309202093685951 0.305854944308781 0.29568796861469 0.279119990741132 0.257638990880586 0.234535877134052 0.215927028467135 0.215937024333753 0.214052055047477 0.210416765537211 0.194378270844974 0.176011093720352 0.158030616409335 0.148206240754137 0.147435568910722 0.146337736232699 0.144420580304597 0.136568312028076 0.131694900087279 0.130802518612585 0.126043744719261 0.120261219862416 0.118751986043629 0.117027767622006 0.114955872586895 0.113406923868358 0.112105766232222 0.112092369981792 0.110720050329604 0.106664249824764 0.10485237698824 0.104226639064032 0.1076648160968 0.110490997592854 0.111536718281268 0.110097100673557 0.107056949758132 0.109592986195271 0.112294222568103
-9999 -9999 -9999 -9999 -9999 -9999 -9999 -9999 -9999 -9999 -9999 -9999 -9999 -9999 -9999 -9999 0.330031813046837 0.324665687587445 0.318893430645274 0.311770026159699 0.300636926543456 0.281631418661683 0.256583526507154 0.2350930294338 0.21820312003955 0.217658814017333 0.216679005843204 0.215296937910937 0.214249755649264 0.208659201316719 0.178117254068162 0.160562188461383 0.157423247712424 0.157607326571375 0.15747070545063 0.147673771882792 0.141508722043643 0.140197427519867 0.135244250983813 0.129304168791951 0.127059020385391 0.124368858511255 0.120959013583901 0.117497807846182 0.114103100549875 0.11549856589477 0.1147733208894 0.109860286041278 0.106421735318926 0.103762593453611 0.106878773249526 0.109816445713454 0.111914102087783 0.114355140007277 0.117017312249268 0.114240622285243 0.112661425456602
-9999 -9999 -9999 -9999 -9999 -9999 -9999 -9999 -9999 -9999 -9999 -9999 -9999 -9999 -9999 -9999 0.338032948637064 0.33729888266583 0.331545764016533 0.323804883886099 0.311180291554025 0.29085282689288 0.264613103486209 0.244917203724428 0.228108323915663 0.219314555101881 0.217810725988687 0.223040386866126 0.228933381629938 0.229764982696456 0.202496179700982 0.18376206570314 0.174501907471301 0.172263524336489 0.17104067249657 0.163107685887079 0.157022363970789 0.153406315025658 0.146643898094928 0.139103007108225 0.135837759655303 0.132163841444715 0.127829014205376 0.123192240844113 0.118531011064767 0.119546626448288 0.118353555931556 0.112798969294646 0.108630993049439 0.105195975811158 0.107018558486749 0.109072822780723 0.111326285796503 0.114984362892921 0.119546997579769 0.114063666929848 0.110442994917795
-9999 -9999 -9999 -9999 -9999 -9999 -9999 -9999 -9999 -9999 -9999 -9999 -9999 -9999 -9999 -9999 0.371426031893397 0.352809446921724 0.34669153899372 0.33926705103349 0.325005198389301 0.303821889368711 0.277326089209108 0.259025310122928 0.241463865565915 0.222564492039158 0.220018779544034 0.232578433813165 0.242214896554379 0.247080678968187 0.22917796607758 0.211562497317993 0.19426588472201 0.188262511762748 0.185010967902742 0.180019540402277 0.174347837249982 0.16776699388075 0.158758011496998 0.149271505221155 0.144885358111941 0.140209478679817 0.135065039399601 0.129614794847231 0.124132380966078 0.123998808056614 0.121877855943516 0.115832404456127 0.111242606782882 0.107422264308032 0.107648036039125 0.108515338967605 0.110668697287841 0.112559885771967 0.114282239471859 0.106165743495761 0.107518776530448
-9999 -9999 -9999 -9999 -9999 -9999 -9999 -9999 -9999 -9999 -9999 -9999 -9999 -9999 -9999 -9999 0.386022458541528 0.391268860085415 0.384501437309814 0.374926631051761 0.359585250533562 0.338778916984282 0.313778016139635 0.289733392601396 0.267305678141662 0.250775642033611 0.24683248060717 0.254515422847281 0.261579621062909 0.267579793063798 0.268466990073006 0.252422585385167 0.217583208136533 0.206889339579224 0.202382502827788 0.196611765528001 0.189178434108659 0.179523163429157 0.170147467991432 0.161106288982866 0.155562087378614 0.149698434222649 0.143318158796026 0.138706593481603 0.134857271650794 0.13125862624478 0.127066861882008 0.121703859050798 0.116645114701675 0.111747200673899 0.110888403963342 0.1112002717279 0.114092583297791 0.114930324261567 0.114444942054036 -9999 0.107518776530448
-9999 -9999 -9999 -9999 -9999 -9999 -9999 -9999 -9999 -9999 -9999 -9999 -9999 -9999 -9999 -9999 0.430849161630104 0.425018348792336 0.415375001633237 0.40429205593102 0.389712947666636 0.369107247302167 0.343875899474353 0.314676660614403 0.288741530686496 0.277779859416558 0.274790300334683 0.279164332699 0.285925628143137 0.293911874897437 0.306029459023068 0.296482631995957 0.262887163827437 0.240121036978183 0.221670751384894 0.21512420061939 0.206118714648498 0.193827035970215 0.183924361411619 0.175001312738851 0.168508687245732 0.16157416526301 0.153925001054794 0.149199706383733 0.145673606004887 0.139266808835424 0.133247826897184 0.127994667922924 0.122620914565167 0.117183415298612 0.115234169023272 0.114820183739803 0.11791668463513 0.122045778396781 0.126839851762389 -9999 -9999
-9999 -9999 -9999 -9999 -9999 -9999 -9999 -9999 -9999 -9999 -9999 -9999 -9999 -9999 -9999 -9999 0.438567048295244 0.445353832206229 0.434876890575278 0.423338616534633 0.412541293885608 0.391847124820118 0.363556735243735 0.330168884487321 0.302954093916279 0.302805388074347 0.304623829343617 0.30825926306103 0.318438129000645 0.329806733797037 0.340761351544035 0.345788805715148 0.34423679512177 0.297296482768574 0.244101329196314 0.236784696980134 0.226517686480444 0.212307704414008 0.201615304781227 0.192273968028639 0.185176594600822 0.177362861883578 0.168390621215055 0.161990184288338 0.156639856398914 0.148501886939023 0.141055045293983 0.134972981277683 0.129536589858644 0.124441499462964 0.121392161898085 0.119972934359082 0.122396913372121 0.124737586930562 0.127024612599296 -9999 -9999
-9999 -9999 -9999 -9999 -9999 -9999 -9999 -9999 -9999 -9999 -9999 -9999 -9999 -9999 -9999 -9999 0.428011985249768 0.430646534036895 0.427540574416553 0.422573294240721 0.413271906715052 0.39641529265039 0.373759743815512 0.350142328728712 0.331901960602891 0.335428536257479 0.337588976878244 0.338487561166322 0.347477097628337 0.357773944202694 0.366671976464513 0.374461981657149 0.381022018254108 0.327939337242179 0.265627377166041 0.255427908913917 0.242582688540814 0.226201607887021 0.21342275709115 0.202190895313813 0.195644611000085 0.188084096371238 0.178883351899857 0.171868098947666 0.165812274185522 0.161017132269991 0.155008541308201 0.14660373928912 0.139825456120888 0.133906947009449 0.129919045033064 0.127484490736679 0.128713479555263 0.129705681671142 0.130545395489917 0.130996038023469 -9999
-9999 -9999 -9999 -9999 -9999 -9999 -9999 -9999 -9999 -9999 -9999 -9999 -9999 -9999 -9999 -9999 0.444473376034576 0.404556390287656 0.409864254426922 0.41422986556294 0.405350357344165 0.393883455488337 0.380430626824266 0.372391583210551 0.367362686768795 0.371423590287891 0.372000345398471 0.369358901264861 0.37516850834002 0.382455399464133 0.388886519093822 0.394300405334901 0.398585108763334 0.34768143314058 0.287866713536213 0.27326974168327 0.256938542818642 0.238289672408106 0.222858443878679 0.209084711646274 0.203524071945728 0.196681617565757 0.187766191535803 0.180601415356338 0.174313922665903 0.174922627371245 0.171524509225543 0.160214074324654 0.151543602568702 0.144268609150871 0.139414634619913 0.135962679585387 0.135769958044533 0.135599982580829 0.135444655366078 -9999 -9999
-9999 -9999 -9999 -9999 -9999 -9999 -9999 -9999 -9999 -9999 -9999 -9999 -9999 -9999 -9999 -9999 0.474030781469251 0.482435757276731 0.480168069509204 0.474453945857532 0.460724740843816 0.444389430728899 0.426053832017975 0.416210924597724 0.409686551582088 0.411870401307672 0.41196790526637 0.410138316695456 0.413632599802239 0.417846833508635 0.42038117310148 0.423330158505376 0.426739422669698 0.409614690096324 0.383158284091763 0.324838327672333 0.282901684816936 0.262860179921686 0.244648773804527 0.227605797834458 0.218531785713064 0.210579611177701 0.204441690722162 0.197399394824454 0.190038933009589 0.186424927774675 0.180729690788877 0.170924622780815 0.160764241310611 0.150416041976127 0.144843743036354 0.140527007817828 0.138946844749296 0.137281023393447 0.135560038946863 -9999 -9999
-9999 -9999 -9999 -9999 -9999 -9999 -9999 -9999 -9999 -9999 -9999 -9999 -9999 -9999 -9999 -9999 0.541096962304909 0.539322545890771 0.530550340585037 0.519775594997698 0.504526586523038 0.485194214381071 0.462727699347744 0.450935891570151 0.442786968252808 0.443494279085354 0.443380705385853 0.442508906240459 0.444032586717564 0.445759240272984 0.446075025421131 0.447356423555877 0.449709703129377 0.454681391698426 0.450895248508008 0.370666240640269 0.313808260430751 0.288184003048249 0.265155243917899 0.243648895792794 0.231476427224583 0.222000666493538 0.216886065752671 0.210329856960796 0.203163648458482 0.196403452796069 0.189308569603741 0.181552775298256 0.170529716163027 0.157779588487636 0.151704996219327 0.147811652756838 0.148785753361435 0.163447232321773 0.186923247712747 -9999 -9999
-9999 -9999 -9999 -9999 -9999 -9999 -9999 -9999 -9999 -9999 -9999 -9999 -9999 -9999 -9999 -9999 0.543233364484259 0.544951647867585 0.541020823876938 0.535240990550916 0.525143448475046 0.506563160138261 0.481472029011326 0.46744074761385 0.457408681426284 0.457441864348937 0.457654484779291 0.458032846040387 0.458276555342395 0.458687800928865 0.460147270205067 0.461358457755634 0.462294039471374 0.465956818000651 0.463427978134732 0.404993010760947 0.354618750787457 0.315017055222017 0.283089566994714 0.25472747190841 0.240287809685977 0.228459303454848 0.220853601370478 0.215511947236681 0.211078806958223 0.203329172289012 0.196632683106369 0.192015851794511 0.181386742112713 0.167579556159628 0.161435477710069 0.160546312165734 0.171971679880066 0.180861530605768 0.188118533441546 -9999 -9999
-9999 -9999 -9999 -9999 -9999 -9999 -9999 -9999 -9999 -9999 -9999 -9999 -9999 -9999 -9999 -9999 0.58966919977818 0.583442424105276 0.579919846831375 0.57521815026833 0.566314999550302 0.549148342910155 0.525639119099008 0.510629041589955 0.499462444711838 0.499076922263777 0.500843300287652 0.504597321678102 0.507686025984866 0.510671309112664 0.51379370049332 0.509381385602858 0.496605148612573 0.495105424696371 0.492979455596761 0.461810854856402 0.417415280147491 0.355342791748026 0.315880387543113 0.284874806518665 0.264969596368266 0.248633401517031 0.238069076540809 0.229408281365897 0.221475094455061 0.20879208957499 0.199188960839121 0.195667697093449 0.19394106185815 0.193163063052115 0.186590361347726 0.184162646105241 0.192275607099109 0.19299435721131 0.18895130857007 -9999 -9999
