layers/veg_sum/veg5000.asc
NCOLS 255 
NROWS 330 
XLLCORNER -2985163.8955 
YLLCORNER -3022031.214 
CELLSIZE 25000 
NODATA_value -9999 
[rows 175 to 199 of 330, columns 114 to 170 of 255]
0.328212994896018 0.333350755415234 0.337626465560063 0.343098836671847 0.34753967873867 0.347156288614075 0.348144166513604 0.350416009837844 0.355006189407897 0.360642524459093 0.369537115150353 0.377329764898597 0.383882398977979 0.389825503154056 0.395673726638683 0.402096738856754 0.408607443291314 0.415236982920119 0.410705505488762 0.403282284175963 0.410977500071947 0.418677002261451 0.42638353704467 0.436672077334935 0.448086705566031 0.459642263333462 0.470340482076122 0.479319644257212 0.468562661738196 0.447215573855035 0.469536645924388 0.488430831167511 0.495311355536251 0.479755524082522 0.449543553187154 0.428253867671696 0.408953700739838 0.393573401202783 0.382220878539925 0.374046450109315 0.347833370295707 0.320401149223852 0.298381198598466 0.28320334369682 0.274519786234861 0.318435016889021 0.369704305000562 0.401923894476885 0.435464529132834 0.470512175039342 0.518563294094462 0.567598066989986 0.594253254673595 0.613684291262169 0.623188245376612 0.635486198193248 0.648009173990915
0.326155146201894 0.332353078334201 0.338126195009036 0.337452105010259 0.337223927035944 0.342336115866371 0.347855171778698 0.35375519133666 0.355500880543355 0.357938495598356 0.368801577308413 0.376116600064782 0.379438987168119 0.387134982106794 0.395828952618712 0.403057429841235 0.409449247876348 0.414707275923801 0.411402707232701 0.40534204617824 0.402555118384927 0.405250848933152 0.416942069037204 0.428915091212054 0.441168385468961 0.463956382398438 0.47953905973626 0.480674299637619 0.46539874490526 0.441317415442263 0.455301944978373 0.469970921322465 0.483295905370414 0.478402972318437 0.461609517833058 0.41567290061037 0.376924137859975 0.368491467828413 0.365946599173625 0.368047466412508 0.335253822534945 0.298738479709981 0.267065022309924 0.254507741432139 0.260094921149144 0.331248866345379 0.409205507546616 0.449921390431365 0.486887351675712 0.519575507597464 0.56437913538347 0.609278137363717 0.626188624591104 0.633394569215406 0.627264996139815 0.635486198193248 -9999
0.319599966286076 0.326029127201531 0.333250579106501 0.333616562379652 0.334578216787586 0.341709361188623 0.348696020161548 0.355547392457611 0.362163857099445 0.368462068037316 0.37325052174058 0.376519219634586 0.378077734212265 0.38491521066403 0.39206020877381 0.389916498269739 0.393782205093242 0.405791511246328 0.407994220150418 0.406677606689347 0.403491797096761 0.407025228598729 0.421583031732834 0.433429456425357 0.444244338100099 0.465002629004057 0.479962629440565 0.483296436520713 0.47513048264713 0.460793937606274 0.460712612887843 0.464649911467182 0.47743759260382 0.465613310686051 0.437711713659175 0.40730305183916 0.380127951007273 0.36380026664725 0.36222707214844 0.372295823217193 0.341294734746073 0.308687266184652 0.293229115915553 0.291412172027868 0.302543022975858 0.340494076468041 0.386789522901069 0.449593408590648 0.496418043144745 0.525013996645352 0.574420095334529 0.624619478992683 0.632215818770983 -9999 -9999 -9999 -9999
0.315232747548077 0.322668386231084 0.331507502518182 0.332636469956269 0.334125093169783 0.34129883791261 0.34867852417211 0.356251040558376 0.365726315160063 0.374210314640179 0.375087455336393 0.375710971028953 0.376049082153745 0.382087841258633 0.387733352455673 0.377267708010603 0.378677344445738 0.396179644136414 0.403501803035539 0.406851447675344 0.403318561312582 0.40754288322214 0.424494586932486 0.436657828730329 0.446863876389319 0.465578151830128 0.480357411875766 0.487246544632797 0.486387215098241 0.48137018235848 0.472806455444889 0.469865761636507 0.481188593753442 0.464642744693758 0.429892188924526 0.407127300883765 0.385187195059253 0.362691112191698 0.360086835254244 0.373178073651925 0.346028001796387 0.318984937345966 0.315684122034979 0.321274554873519 0.335304274799601 0.350100134677763 0.37536760299373 0.459509611890382 0.512473268416958 0.529869535939587 0.580884313638695 0.634885954934478 -9999 -9999 -9999 -9999 -9999
0.316391829460608 0.326746492274578 0.337613144790731 0.338410940269383 0.338484360135231 0.341158105989861 0.34653084916912 0.354430756393075 0.361469760296771 0.36769384449116 0.370338026335872 0.371896368787628 0.372232814667098 0.377772184176635 0.382299008112985 0.366641962193988 0.365907298073617 0.385394544296115 0.396649031740456 0.404276488200901 0.399920188888889 0.404134492022984 0.422410726429906 0.436064359266328 0.44779098040815 0.465217112020144 0.481205893031488 0.494312632155164 0.500540535682141 0.503077364034174 0.499791310660056 0.499621870708959 0.507666715003008 0.492758456439634 0.462856502877013 0.426393448040314 0.392606108075993 0.368975632578096 0.36099398797243 0.365359963593355 0.346509061227037 0.328237425495915 0.325799978966416 0.330303865451793 0.341396242225328 0.360786064262682 0.394057163053759 0.496925214322682 0.546705127014755 0.535923581748887 0.580884313638695 -9999 -9999 -9999 -9999 -9999 -9999
0.319782707959712 0.329625424481195 0.339544558055339 0.341464577301651 0.342236640742574 0.342761679371054 0.34611341375805 0.352111880626414 0.357359612806481 0.362315619445349 0.366477983510234 0.369338590398234 0.370734328132747 0.375096387612188 0.378312339624951 0.36525246559962 0.363712894238605 0.377784941099421 0.390627442730945 0.401887103699781 0.395233826141765 0.395988863908026 0.408898848959784 0.425609888614601 0.443983576720785 0.462892111532863 0.479042551440644 0.489662715686568 0.494350126845414 0.495854115849309 0.496256205193759 0.499877994842106 0.511592635016076 0.501895159766079 0.478210611397914 0.435334867784688 0.395539666538375 0.370500892902156 0.360390891272651 0.362060351537631 0.353559635895708 0.345120910626086 0.342826812613941 0.344975010411094 0.351339692669369 0.367286172066959 0.400444908039783 0.520721101351081 0.586340107893852 0.58960773035504 -9999 -9999 -9999 -9999 -9999 -9999 -9999
0.324589349523244 0.331743648460058 0.338828006318356 0.342792225824631 0.345603873325563 0.345471770719549 0.34679357358554 0.349476718161546 0.353342340335492 0.35765945185992 0.363182131930335 0.367578091115174 0.370706149727479 0.373460853393122 0.375244019169446 0.369722078469524 0.368227257760228 0.372189746781333 0.385133122732778 0.399615440587113 0.389730413517325 0.384838120948284 0.388137491667147 0.408899990678925 0.437172789490757 0.459321252438377 0.474968629187187 0.47758063187221 0.475254464510339 0.470278552636695 0.473360449513814 0.481420500839284 0.50121233477399 0.498992334364243 0.482393505410716 0.43772669075649 0.395627894316439 0.369007067772456 0.358829752358409 0.361627095052847 0.364777649963272 0.366845196989832 0.364237695252592 0.363225110899021 0.363726370884886 0.371130960875336 0.399028870408701 0.535877182165558 0.603665392672865 0.592671778642446 -9999 -9999 -9999 -9999 -9999 -9999 -9999
0.319105359172563 0.328296995779239 0.336426970026017 0.345134679723246 0.351199275817934 0.346268557392833 0.344984810751806 0.347115849253629 0.350474100495831 0.354124960942194 0.358049074803207 0.361419950957701 0.364168267955067 0.364862834074262 0.364930138424289 0.364355780167119 0.36663769471345 0.372790257613819 0.383181554343055 0.393801360891856 0.385211105083127 0.381898189297122 0.387243893855429 0.403008986247089 0.423308380212859 0.443514886653059 0.456783901007772 0.45614250075893 0.453364430667933 0.449439857088 0.446485505060401 0.452028640024769 0.478620254382417 0.476731872469963 0.456239453434244 0.412061140123491 0.372439116897782 0.353405939922778 0.353192069933976 0.367827466142347 0.369063414224459 0.368447356972233 0.367944987410352 0.36863469623672 0.370455887570393 0.38248864860473 0.415978006907497 0.560077429073488 0.636164462803001 0.634664873355802 -9999 -9999 -9999 -9999 -9999 -9999 -9999
0.313054038836207 0.323823154879009 0.333476345923465 0.34447391431937 0.35201041567363 0.344826255033137 0.342232785487997 0.343937737942248 0.346854390478753 0.349878057300871 0.352160612802394 0.353802298467511 0.354722812418407 0.354454572556489 0.354142154602764 0.356131609716463 0.361144304052667 0.370253909547394 0.379072007271918 0.386807956299499 0.379350316777538 0.377738109122842 0.385716599636024 0.397510077992516 0.411008834330768 0.427486554993773 0.437439692125095 0.434310340523769 0.432330496369538 0.430967459862725 0.425297688163864 0.429621929713871 0.459137460827638 0.456672070195927 0.433315726849674 0.38639505023017 0.346412049598607 0.334488639274075 0.342812864578082 0.367113370599118 0.367476087778601 0.365894661590484 0.370148500947613 0.372050574535965 0.371720427613588 0.396239731534037 0.441915716871979 0.579508471740817 0.649258291686155 0.641614796264721 -9999 -9999 -9999 -9999 -9999 -9999 -9999
0.307635454488437 0.317506064049137 0.329243765768611 0.334470327328195 0.337798143301783 0.337028988417285 0.337188537164564 0.338217663071105 0.340692164229674 0.343213381109431 0.344400751258149 0.342762892027714 0.337945798265262 0.340147233340767 0.343573213774773 0.341487473366322 0.345204259381144 0.356784278670454 0.367605572290911 0.377047168417475 0.369194856921504 0.367998442543431 0.377722470271899 0.390726005367398 0.405069929305756 0.413583529767824 0.417805646470518 0.413422878638328 0.41453283103371 0.418590090860691 0.422272772151553 0.430906744472189 0.451880385030466 0.447716031007077 0.427130741392041 0.367144989906956 0.317098852556038 0.308738062195762 0.31898200420818 0.343905903550155 0.349657527434793 0.35534021711972 0.37183949075923 0.372355311202717 0.357700151385272 0.415533073228554 0.490920835145284 0.582402736319161 0.633601309861102 0.638845794256447 -9999 -9999 -9999 -9999 -9999 -9999 -9999
0.303901694441178 0.311879418047295 0.322574219779257 0.326222612082516 0.328642972952636 0.329969862120832 0.33102050901579 0.331812500767155 0.332682855668571 0.333495897182286 0.333904019794444 0.332327262858498 0.328516918218919 0.329142293970365 0.330848175689787 0.331640790527521 0.336343830039174 0.346346040837667 0.356505029629939 0.36582116624415 0.3612435493274 0.362311143819228 0.372640931412088 0.380590086985559 0.387440570897659 0.390123133996343 0.393942236869133 0.400040223706964 0.40621735730812 0.412436959819773 0.427903216138151 0.4416927393381 0.450573815321338 0.437953780074376 0.411288536825123 0.350652592340216 0.301953208376672 0.299801640691174 0.309178477570992 0.327651735926085 0.328046065292985 0.332858886207618 0.36637879759533 0.383004272561749 0.383594091257671 0.448174918045826 0.522085814867762 0.575008190311504 0.600707987740693 0.595353032486311 -9999 -9999 -9999 -9999 -9999 -9999 -9999
0.301460136630028 0.306782319459043 0.314035604890727 0.319321590017343 0.323366425757236 0.323476864037867 0.323990580428637 0.324881899987314 0.323256898562484 0.321437014818943 0.321308203323007 0.32235471006996 0.324723804062917 0.320670181591687 0.316469485235287 0.325473589373014 0.332913221929521 0.33823277710989 0.34568511378209 0.353471395151406 0.354982750637236 0.359731871731658 0.36979324919917 0.367883418300194 0.3608450372046 0.359332564042008 0.36683505072219 0.392413497346121 0.405174398110153 0.411057605017117 0.440172023271292 0.459765812255399 0.45383107892742 0.427573192489085 0.388039577664375 0.336275227171377 0.297673589505977 0.303761097661304 0.310133432996624 0.316730509584053 0.303525578047949 0.301230043994408 0.355433009795688 0.401586898145661 0.440100860777774 0.491054605217752 0.539568022492955 0.559722480790779 0.577055530860002 0.591169997637382 -9999 -9999 -9999 -9999 -9999 -9999 -9999
0.299299731008775 0.303533306657386 0.302234153456914 0.30858583005582 0.31428728956405 0.313162318382073 0.314434677176767 0.317951738500445 0.31661400472884 0.314608828231954 0.314246495750523 0.31559205714784 0.318859513891566 0.313787806138381 0.307998422503246 0.314938509082514 0.320904130253222 0.325549214770328 0.332005011549868 0.338830892727797 0.341670009556033 0.344966605261592 0.349013794238992 0.350221131043534 0.350285781699415 0.35660289457872 0.368361487551805 0.391030830869354 0.400779423066468 0.403594943084161 0.422282838286602 0.433557698980367 0.425132631636503 0.412996968868138 0.398437427445713 0.366578474406376 0.339444630717172 0.33175064840066 0.326575916751425 0.3233889853864 0.30674131539515 0.299751164406508 0.340420179521358 0.382023498512736 0.424513628726612 0.461653628620496 0.497151598201984 0.529484970451635 0.546984119610222 0.547560803559982 -9999 -9999 -9999 -9999 -9999 -9999 -9999
0.295458407502662 0.299882178752814 0.293197464643227 0.298723880233247 0.304332280238387 0.303569193899812 0.306054810115611 0.311582298293419 0.311192863748251 0.309409826864657 0.306404869637675 0.306257698159565 0.309326396941393 0.30481653600531 0.299380878221061 0.303220243638228 0.3070935132575 0.311012727803288 0.316465791678173 0.322210490166356 0.324239445139396 0.325998041606664 0.327313056336112 0.333111380686808 0.340925138176993 0.353003029103479 0.367349940438497 0.386246480693832 0.392004010644963 0.390711353965604 0.39958975058962 0.403715573651076 0.395211959227468 0.396050236329296 0.402990933357462 0.390759552220957 0.37561531444875 0.356339812511699 0.340954817507322 0.328639604675454 0.311089882979924 0.300982059844808 0.324624423085943 0.356747948817101 0.396921521502937 0.423909424597293 0.451770056426196 0.499908396703692 0.522796051784645 0.516878434144914 -9999 -9999 -9999 -9999 -9999 -9999 -9999
0.284830688566986 0.293684123921244 0.296775162190321 0.294302520015293 0.292888924398024 0.298807794166322 0.303630832099518 0.307427804987213 0.309155177759036 0.307934636774054 0.292612358690692 0.285099089029739 0.286373307358444 0.286768548742387 0.287121202104598 0.289092706159493 0.290614261957621 0.291526075059842 0.295065148521055 0.298956208118628 0.294197924673746 0.296743151704179 0.311271370945495 0.320754245134587 0.327983975824887 0.331414193704764 0.341463702952882 0.364785600288698 0.367661539545735 0.35956649872458 0.373557110153168 0.382479331265091 0.377033661217664 0.371914295387585 0.367008081824642 0.367585038817909 0.365781418682299 0.355034489374518 0.339150193058675 0.319212286781998 0.305530960724169 0.297283651231922 0.307844648985503 0.328686996318715 0.359288070356065 0.390686306867829 0.425735463162497 0.480696274733255 0.511545440260775 0.51488871695344 -9999 -9999 -9999 -9999 -9999 -9999 -9999
0.272767359156835 0.282623493110778 0.290294752904959 0.286822506288993 0.284620020970504 0.293664063078785 0.298749286546031 0.300127731930246 0.300275818091109 0.297983854502846 0.283487437893198 0.273955850559422 0.270011192483811 0.270752174033131 0.272637166807961 0.273579458545512 0.273609557652164 0.272403508411563 0.274799798240832 0.277828833387592 0.271323217082432 0.273918376890863 0.291445332806207 0.299788842170325 0.304050397263741 0.302678031780318 0.30911925651565 0.331227566437648 0.336284973456308 0.332193133697345 0.343917496590862 0.352304169285744 0.351127363526218 0.345774942332771 0.337694876661833 0.341425911946163 0.34264728814702 0.332853220210937 0.317068847640152 0.296557859568163 0.283272111096535 0.273074411416829 0.27144026095962 0.27965247178309 0.297210532392537 0.339586845685023 0.387350049921807 0.437065189556068 0.456880823187043 0.442587939843741 -9999 -9999 -9999 -9999 -9999 -9999 -9999
0.259378977003192 0.267074757932286 0.274530821181137 0.276519388876363 0.279281102349802 0.288167444339194 0.291599433073623 0.289924323217318 0.285081668555572 0.280210193483324 0.278670651678893 0.272056689508029 0.259732475073056 0.256610955458364 0.25610007235175 0.256787215654583 0.256119865977922 0.253616989241236 0.255582310850957 0.258664570813538 0.255063399274994 0.257028527874868 0.26812637853046 0.270878102672348 0.269970938943174 0.267344965758321 0.270813953953773 0.286503992457887 0.298416014736387 0.308300812827761 0.31094868634109 0.313878482430999 0.318088206774511 0.317786461841226 0.314537682044944 0.312512019533712 0.307237186599504 0.291403681522242 0.276272310860285 0.261694955330059 0.245599411421374 0.229933899060195 0.216922569231784 0.211259569983657 0.21257137003685 0.271987715296954 0.33756496512267 0.370895668803483 0.402781901325988 0.433020321706827 -9999 -9999 -9999 -9999 -9999 -9999 -9999
0.246598809648754 0.258175894233196 0.263379928051811 0.268282221335373 0.27298948590643 0.277074459052344 0.279500619372037 0.280373576176836 0.275220991035136 0.269425460170059 0.266699625522414 0.259416291823451 0.247004398131981 0.243444301820461 0.242334439752644 0.241866743569491 0.238281154090205 0.230470383969926 0.231833885539577 0.236192377178974 0.237693905491699 0.241326676262703 0.248456212303419 0.250732919582932 0.250897307590815 0.251073621117019 0.256252896762761 0.27146364725144 0.283222215901738 0.293128397981094 0.29100248115947 0.291356504073779 0.298838736313616 0.302033832353583 0.302428435013622 0.295461601083892 0.286647567923404 0.273951254450829 0.256676977088388 0.235790483585816 0.219387734918566 0.202102668121413 0.178579314563374 0.177246356264404 0.196975808217394 0.257246445584753 0.320949063972924 0.357206190633855 0.376526843930495 -9999 -9999 -9999 -9999 -9999 -9999 -9999 -9999
0.231516488313321 0.247781726964485 0.253028937394346 0.259724148244668 0.265097997104441 0.264338726401294 0.266506074816511 0.271413717392436 0.266762711978715 0.260270602571699 0.254084400101276 0.245067021906171 0.232863717748191 0.228493364579108 0.226365995578738 0.225433700061507 0.219876313756223 0.208051283819662 0.209025194604473 0.214405864503927 0.219338980793799 0.223996193038681 0.22820072488648 0.230129450471239 0.231115444175464 0.235306990000633 0.243137886768595 0.258266071933898 0.270041130273423 0.280016953406484 0.275859258150592 0.274974059012068 0.283355624473946 0.288994152390367 0.292840841156171 0.282866869203826 0.27229006005834 0.26345143575525 0.243710581463369 0.215367385152993 0.197546699876169 0.178722107369852 0.149660754191906 0.157778641772061 0.201185870193653 0.256246895436767 0.304733919813195 0.302182199416474 -9999 -9999 -9999 -9999 -9999 -9999 -9999 -9999 -9999
0.203350812426989 0.222354057606056 0.24218296936251 0.247272250847407 0.24955138966517 0.248568136124802 0.253839358238069 0.264966861069386 0.26031440800726 0.252625942349504 0.24546130240217 0.232701138911461 0.213644325030142 0.202876426462399 0.195591006466359 0.19886633998869 0.198775078643967 0.194121611313563 0.196031983723301 0.199783256173079 0.196815271420708 0.196618313843329 0.200967827057813 0.197889033901144 0.19182481557691 0.202352107676979 0.21303176845813 0.224016944762806 0.244049991485474 0.268937983411658 0.273078866525805 0.275170818014717 0.273828767990125 0.277838476538707 0.285344123577792 0.28196828279487 0.276144170146752 0.265470496788323 0.244434363108508 0.215221789569205 0.187362481655134 0.163410104578959 0.154801519474045 0.181036309301152 0.240343311173745 0.274319139318817 0.299022966600829 0.300196885373817 -9999 -9999 -9999 -9999 -9999 -9999 -9999 -9999 -9999
0.181538204614873 0.199080345513778 0.224245648346987 0.23263953221845 0.237372068029916 0.236518587854279 0.24225806995569 0.254170769445114 0.252016812918455 0.246710771181732 0.239394614520553 0.225261953591359 0.203458670971616 0.187821855438379 0.17556795509989 0.177811253107906 0.178953704713378 0.178604355776958 0.178872380652013 0.17888606672136 0.171647713882926 0.169172890128337 0.174513668487409 0.170482846859411 0.162693553303982 0.176368302041783 0.188870452880905 0.199021419353558 0.223247412807543 0.255025844744343 0.265050183682481 0.270097721041683 0.264512674168005 0.271474752226803 0.28663301036302 0.282870155291779 0.275185231457488 0.260123392092632 0.23527578299606 0.202706768440879 0.173085677469519 0.151933825846429 0.164035110606955 0.201174310288904 0.262078694401857 0.283823232202109 0.295552465002619 -9999 -9999 -9999 -9999 -9999 -9999 -9999 -9999 -9999 -9999
0.166772642201466 0.178195878187039 0.198442350478942 0.215587770373412 0.228927857628184 0.228596549574241 0.231880776717919 0.238550353847083 0.241667919416481 0.242714009787115 0.23616358585604 0.223287633714705 0.20329355592039 0.184483431565695 0.167471329286299 0.162870572523504 0.160551997587217 0.16132609759415 0.157091269583397 0.151028892345807 0.143547507453898 0.141652543668809 0.148923314749983 0.148438956357899 0.144831415630762 0.158117058584033 0.171303320501166 0.184290312797608 0.208200166548859 0.237971056254298 0.251199912584381 0.259179115430703 0.255430365664726 0.270426428230868 0.297667196912419 0.285769159804262 0.268887490657773 0.246605478632011 0.215155341443027 0.176471147698321 0.154269233734385 0.14471226644957 0.177808607379542 0.217851867993376 0.264488921582082 0.283823232202109 -9999 -9999 -9999 -9999 -9999 -9999 -9999 -9999 -9999 -9999 -9999
0.158133141061777 0.167223892287441 0.177153261764315 0.193362725101981 0.207216677991874 0.208107203400949 0.209130431610623 0.210277914017679 0.221525658707258 0.232722924619025 0.232504465938614 0.225337338085848 0.210350863192692 0.185282430370758 0.160046721858762 0.15607212431643 0.152280595681639 0.148737150971039 0.141855636072653 0.133877327497394 0.126829154479678 0.122886071225449 0.124037560858561 0.130835427800832 0.140186373021209 0.155896832251609 0.171330040761039 0.186207331882699 0.207276619416309 0.231668435002554 0.239208125336092 0.248420326647682 0.263138989381078 0.288466899555456 0.320725106748488 0.304521215356634 0.284634412478508 0.265899089906864 0.229509709653024 0.179190496479442 0.157002292279389 0.151505641763626 0.198621376312507 0.221990994305771 0.222821561374249 -9999 -9999 -9999 -9999 -9999 -9999 -9999 -9999 -9999 -9999 -9999 -9999
0.151532694632442 0.159494407406857 0.158825931361799 0.172018112131241 0.184461785254865 0.186273351689673 0.185266354566359 0.181620239420669 0.199671532790266 0.219624262997147 0.226223838748477 0.22519482504995 0.215581349081378 0.186336969174107 0.155159970704142 0.151910474041271 0.146296981666813 0.137479945114503 0.128518864829639 0.11968304292826 0.113560027490829 0.107499545323893 0.101541662543347 0.115271507672643 0.137522755548575 0.156504371611972 0.17479158569841 0.191686449453925 0.209730153291575 0.228390306679085 0.230256317526757 0.240828934918333 0.274391256803682 0.308497046275233 0.342957846016206 0.325714920853784 0.305940780428227 0.291799792933967 0.251440956314725 0.190395076274616 0.167659452514226 0.164503949464323 0.219990512581587 0.247010280248428 -9999 -9999 -9999 -9999 -9999 -9999 -9999 -9999 -9999 -9999 -9999 -9999 -9999
0.148417670022093 0.156945324103067 0.154853998623068 0.168751208290832 0.181398168758012 0.180217988648255 0.178633120392508 0.176669328703777 0.184748534965858 0.194129736714864 0.19967489007859 0.198814488243399 0.19074590627409 0.180685562731826 0.16934877948506 0.151788945504943 0.137320160580035 0.127040178602494 0.116646043602236 0.106684033794364 0.104026527270567 0.100859572054321 0.0968567558183525 0.106770669527037 0.122848136900773 0.145972706707461 0.168704814509028 0.190649993959528 0.209524641067525 0.226751688731699 0.241921111678861 0.258484061501596 0.278676170989884 0.304136555241254 0.33303834370976 0.333027730747723 0.325426477154791 0.301519806903732 0.261499484242191 0.208764776602108 0.196646514109784 0.197916294633453 0.230932628114958 -9999 -9999 -9999 -9999 -9999 -9999 -9999 -9999 -9999 -9999 -9999 -9999 -9999 -9999
