layers/veg_sum/veg5900.asc
NCOLS 255 
NROWS 330 
XLLCORNER -2985163.8955 
YLLCORNER -3022031.214 
CELLSIZE 25000 
NODATA_value -9999 
[rows 182 to 207 of 330, columns 114 to 170 of 255]
0.251551571740451 0.253736762123382 0.255145109709136 0.255947337053892 0.256400983811759 0.255779063038612 0.257842154765858 0.262419316065768 0.267258674925816 0.271738383363511 0.273930226199906 0.28001622299487 0.290484316631042 0.296392817811044 0.300870072643913 0.303598800832853 0.30828921421362 0.315637984859692 0.326432675508172 0.337492221237135 0.334159476137251 0.334696696302685 0.341583433428134 0.354713417169495 0.370576042803146 0.387433164777948 0.400312706947116 0.405216775626253 0.40889459848575 0.411914437092006 0.40789599926322 0.407354998827563 0.416022591820116 0.41228314185884 0.400439017812852 0.375228483321584 0.352497162597087 0.341094708711733 0.339731678896772 0.346290199040948 0.346652251455089 0.34601453542661 0.344837770998799 0.346331195460203 0.350359077428028 0.360496646664208 0.382738611171036 0.46697459643103 0.511078802971572 0.509401803109911 -9999 -9999 -9999 -9999 -9999 -9999 -9999
0.250997310644334 0.252263082829107 0.251779362039007 0.252261322753794 0.252671656537089 0.252262553339935 0.256190843898696 0.264180385444116 0.26679161307223 0.268614928763667 0.271988726826617 0.278076499752311 0.287218312348669 0.292145563098168 0.296380314043879 0.304283831808285 0.311362943617298 0.317324870278454 0.326910969697486 0.336841481747429 0.33265506525786 0.333294040726746 0.3418501177659 0.353797389599575 0.367236049442855 0.381687942997818 0.392527792737177 0.396125107793669 0.400634594063983 0.405633537085414 0.409382632345311 0.413267795811068 0.417591246398614 0.411297816712394 0.398069103998986 0.368532694049598 0.343778553773546 0.33838335282309 0.342412118354574 0.353876810566363 0.356944761981122 0.358383903906641 0.357961391227262 0.359457769848101 0.362775498441407 0.379644163901169 0.408664131670129 0.491313124249503 0.535109577920507 0.53458414604918 -9999 -9999 -9999 -9999 -9999 -9999 -9999
0.250616000027171 0.249846835658508 0.245467372722312 0.244853003329485 0.245537163338037 0.249400725525078 0.25619609134637 0.265736605768953 0.266123486663935 0.266278089551551 0.275233336180242 0.280618413366416 0.281985973935865 0.288682984806933 0.296345340652723 0.300120009696446 0.305678655887091 0.313654840136044 0.321915152658217 0.329635586724254 0.327470622841772 0.329662373270073 0.339002257986344 0.351362072994457 0.364975199034214 0.374490569574732 0.381786709975377 0.384633056276667 0.391340582452749 0.400119957124334 0.409934976370927 0.421125226502856 0.43565165815611 0.43282431512617 0.418660935905317 0.370104364789516 0.330335407935655 0.327304467788728 0.33356058516867 0.347144602003467 0.354121826432334 0.361400616503732 0.37374970160881 0.375302393922307 0.366607497062075 0.401662562358192 0.447462255789868 0.503828499456991 0.53403328012662 0.534393798331716 -9999 -9999 -9999 -9999 -9999 -9999 -9999
0.242969375589462 0.242184776550735 0.238700577869488 0.240829776203741 0.243936709706099 0.247912498744313 0.253281570255358 0.259955220076769 0.262240723009919 0.264468083802963 0.271210089389576 0.276105135192593 0.278921794593933 0.28527805789824 0.292160013913967 0.295492111362932 0.300579517406043 0.308045611616627 0.315177886153138 0.321802618479996 0.322359158032149 0.326394926282379 0.336139123449063 0.345410676832109 0.354424108966101 0.359936663458813 0.366793826726923 0.37634707459086 0.386465359933272 0.396886835514844 0.413238696566626 0.428638792257022 0.441198159549947 0.435122484416783 0.4168738083534 0.368107632164997 0.327887722248462 0.322625397773594 0.328114572667088 0.34208715644788 0.347280537651338 0.355240147212476 0.379701764993894 0.392517997186363 0.39428080351809 0.430650018558372 0.472600066971771 0.506253531648786 0.522967779909183 0.520358245675858 -9999 -9999 -9999 -9999 -9999 -9999 -9999
0.229750505569772 0.23049936028141 0.231584962827755 0.239402798334557 0.246580673905247 0.2474777766686 0.248127687212203 0.248546143176662 0.255892443256725 0.263062141183938 0.261612647142136 0.266180767802068 0.277520518617516 0.28191734761523 0.284791509039199 0.290508282543852 0.295929168254537 0.300949084701607 0.307104987859567 0.313488706663021 0.317303664534332 0.323406823855603 0.333264273698461 0.336762568695219 0.337514690482026 0.339740550026203 0.348539958879257 0.370520038092235 0.384979196524307 0.395402746953122 0.418652627564886 0.435888625442052 0.437146922503355 0.422673187231489 0.397922789323332 0.363374057007127 0.333873175963082 0.322854765555812 0.325280477290667 0.338314196462889 0.337357310278551 0.342041095349909 0.378109765558961 0.4107850942912 0.440239572314149 0.464982502128197 0.487260888405333 0.50093961812142 0.511441652612062 0.518319802380083 -9999 -9999 -9999 -9999 -9999 -9999 -9999
0.222470994979528 0.222680847807642 0.222589698162611 0.22931850023584 0.236045253364057 0.239020248988631 0.242881400754344 0.247572291000136 0.252548002434434 0.256766942864291 0.256466028808054 0.260030703317315 0.26794532999141 0.275352725620646 0.282183180661252 0.285317369979539 0.288910168722533 0.293124447252999 0.298461052702722 0.304088720992059 0.308200380046794 0.313411177862575 0.320425351090329 0.325568959236511 0.329949114149709 0.337726801388277 0.349241416053051 0.368248970414383 0.379202258825256 0.38583375458907 0.402693040210211 0.414420537828911 0.412571270976666 0.406616223386367 0.397979149557499 0.377092695073726 0.357505311248532 0.345234671604938 0.338571461846366 0.336332762464596 0.334545278019789 0.338616833751009 0.366612569463327 0.398559677587145 0.43425730145517 0.457875569950192 0.477508738497074 0.488411663041094 0.494385750474719 0.494737158917431 -9999 -9999 -9999 -9999 -9999 -9999 -9999
0.218176268674034 0.217724248489287 0.216268166331047 0.221674114924565 0.227687900614458 0.232390774839137 0.238964183295129 0.247289037301145 0.249863938671312 0.251266774991166 0.252494833434726 0.255046046287283 0.259086206628251 0.268941521999693 0.279201043514205 0.279777043566804 0.281513699326295 0.284823205583812 0.28901041541358 0.293413071376398 0.29644158599939 0.300590593803881 0.306578013576375 0.314207819202671 0.322602626460555 0.334343023432497 0.347399147774234 0.363093446400501 0.370213554867217 0.37273288751973 0.383480398307376 0.390385731622888 0.38708046594324 0.388877971923193 0.394008770242316 0.385621987558517 0.375526875518896 0.363607243247144 0.349529040117996 0.333747629039137 0.331075077181074 0.333968891729919 0.352249729880148 0.38021034349831 0.417358689001017 0.443139035986811 0.464548305475376 0.474199232214113 0.475910249024164 0.468563639512663 -9999 -9999 -9999 -9999 -9999 -9999 -9999
0.222593274379344 0.222068656266947 0.22148413838993 0.228158120428404 0.234769449328161 0.237143459781351 0.240345476733115 0.244322784654188 0.248231084616806 0.25144279929789 0.250859233289327 0.252708232459621 0.25729460059368 0.264797822489162 0.272273719430272 0.272963714355901 0.273854286158059 0.275016667626308 0.276668951648194 0.27826100006397 0.276290999339699 0.280243678023491 0.293913796211781 0.303504824894326 0.311276346757868 0.316118232449647 0.325678260781189 0.344698670395919 0.350761522095986 0.349871551668761 0.362499699861279 0.371102789436576 0.36861736205958 0.366368440535799 0.364274012138752 0.364081817744041 0.362232606875443 0.354662189020466 0.342906527343325 0.327848523042148 0.32131716468018 0.319417910611657 0.331702348252531 0.353480100833438 0.384268602956369 0.419749863686229 0.451572820210957 0.4570730392386 0.461942829250956 0.466093443542931 -9999 -9999 -9999 -9999 -9999 -9999 -9999
0.221904243907353 0.222427114170632 0.221465548063487 0.227369063881557 0.23323454553956 0.235178117183716 0.237557745083367 0.240345667456041 0.244507113281106 0.248042662468927 0.246585451978753 0.247622066000041 0.251464984196889 0.255334557910224 0.258833345526684 0.259163923773667 0.260697751240151 0.263862149359848 0.265073250054758 0.265441544199184 0.26324129929141 0.267157084612391 0.281107543374365 0.288938575205676 0.294046787070889 0.295214106350395 0.301896885291395 0.319638751532987 0.326625950203734 0.327842363117575 0.338409994372837 0.346104710135534 0.345908712551713 0.343418203593471 0.339428847009526 0.340705997334647 0.340238917976112 0.332890414426879 0.322083125092319 0.30854670067946 0.299315478433884 0.292943522105088 0.295881486562521 0.308716887041676 0.330946615810087 0.372306822308978 0.411637639009467 0.417192815607107 0.414913124166439 0.403695635243551 -9999 -9999 -9999 -9999 -9999 -9999 -9999
0.216502397970865 0.219106583999321 0.216615513990307 0.219867050724826 0.223746750468582 0.227012108750326 0.230922048941573 0.235435533349292 0.23885306359917 0.241341768081932 0.239876658349104 0.239999200164305 0.241908328464678 0.240961393039112 0.23938149797793 0.238915705869414 0.242467433158066 0.251463460032846 0.254165878777592 0.254775066843098 0.256745639808408 0.260771689224785 0.268170193351268 0.270806583115799 0.271368564617887 0.271836983285849 0.276213701487931 0.28842697881607 0.298167523002261 0.306581237409457 0.311450709437714 0.315831621876317 0.319281470934778 0.32006120025105 0.319096722639197 0.31563589153229 0.310215759466612 0.299279717427555 0.288152457399047 0.276874317913121 0.266012923128404 0.255463959177916 0.245963370067555 0.247309438417533 0.258950805549933 0.302662323239465 0.346818953751503 0.356310870908328 0.372454647304879 0.396186677961006 -9999 -9999 -9999 -9999 -9999 -9999 -9999
0.242192149429132 0.23405503837726 0.21527583005111 0.215377600094542 0.218168288628822 0.221458432136849 0.224486580300592 0.22726941321044 0.229668780786543 0.230875650568624 0.225877822212363 0.225955958079447 0.231746083514959 0.230996049110727 0.228584635207413 0.226947640521045 0.2280358016774 0.232816929403406 0.234457050248995 0.235390372239622 0.242235646620318 0.248071736887783 0.252252041843641 0.253965708761495 0.254617275333386 0.256048139427517 0.261031459818539 0.273137835535867 0.28245743164834 0.290281685580741 0.29193452883369 0.294497387519246 0.29981646197069 0.302624093055703 0.303791169655422 0.297148263747644 0.28901175163318 0.278225034091525 0.264654222508917 0.248886637497704 0.236583358624124 0.22342287082222 0.204718019834238 0.204678317327334 0.222354974089045 0.267079386055738 0.31354007182145 0.338531486445229 0.35184888089444 -9999 -9999 -9999 -9999 -9999 -9999 -9999 -9999
0.268434267636673 0.251467216841619 0.220794534486717 0.218585350684923 0.220535133019952 0.223663514721124 0.223221278025334 0.219435748489721 0.21996380767186 0.219877761488777 0.211623168960076 0.211379583213646 0.220150794490898 0.220719217089448 0.218989090096247 0.216429449625013 0.214664037254105 0.213974914824929 0.214089223822731 0.215045729879572 0.22473252182724 0.231520752019598 0.233553263293769 0.235141263855313 0.23656284193767 0.239794479597166 0.246030666809875 0.25829129764963 0.267585031005525 0.275286773755547 0.275155282148347 0.276465508014316 0.281986807562829 0.286065495713302 0.28920182433012 0.281102189705759 0.271809377656553 0.2617145702204 0.24555400690943 0.224607293729167 0.209905315430629 0.194123939334534 0.170271105365911 0.17253273025785 0.199581360500868 0.242705163329327 0.281222415518059 0.274800211973361 -9999 -9999 -9999 -9999 -9999 -9999 -9999 -9999 -9999
0.265175991310189 0.263111911851539 0.2597289246711 0.260264412231986 0.261777782429471 0.26509094882435 0.249702064458175 0.216801806585204 0.21113211923478 0.209938777153628 0.203602539454587 0.200629075840157 0.20143974655905 0.204152501365772 0.206845677479613 0.205099003670387 0.203053836801491 0.200604170170287 0.199354656750658 0.19862012254754 0.199419447528054 0.200745045037808 0.202934106718659 0.204242504856508 0.205269306124914 0.213098680883748 0.221038724093222 0.229200669398294 0.243921546262815 0.262161842818783 0.265397581051776 0.266949545949196 0.26551589155573 0.268071441833717 0.273232867165062 0.271379781778921 0.267029027356444 0.256655330261616 0.239333397210389 0.216528998444936 0.194058041415482 0.173969396585231 0.163521592418929 0.177463803324744 0.21455623294018 0.243346594144367 0.266849013161283 0.269803547409926 -9999 -9999 -9999 -9999 -9999 -9999 -9999 -9999 -9999
0.261709183313249 0.265293113392358 0.272370641653981 0.277309978404044 0.281375185303434 0.283082558264027 0.26643469469912 0.232600191727107 0.225703233357536 0.221723842032194 0.204261501540944 0.192541260452507 0.187282611772248 0.191071411778007 0.196448374816562 0.194800976171953 0.192212301397785 0.188348066075928 0.185375701988204 0.182600430491668 0.178090760027632 0.175694957150937 0.176767412301604 0.176269723460924 0.175298165723317 0.188339534994029 0.199353781239757 0.206303428725237 0.223840314426364 0.247058145921248 0.253056758175853 0.255521408573028 0.25057777048985 0.254765668508349 0.264918575616628 0.262972054992818 0.257736492846996 0.245323011565898 0.225552618073943 0.199977295214061 0.176126299990582 0.157833734025045 0.161487302739481 0.183496583795063 0.222928517276729 0.243683919054551 0.258114408972461 -9999 -9999 -9999 -9999 -9999 -9999 -9999 -9999 -9999 -9999
0.258011064691016 0.256977076854184 0.25584760555381 0.26703120959203 0.276962923363427 0.2750783309787 0.272354329008732 0.268844358967128 0.26623355493243 0.25760598241261 0.214548170315697 0.187406996181857 0.178176836785155 0.181856700660572 0.18798791840957 0.185648143348952 0.182223396161544 0.177328360291772 0.172234898838089 0.16703099386289 0.161181693776169 0.1569959263008 0.155539544699764 0.151542538801377 0.146793872581756 0.165728592178905 0.181337078344869 0.19027611025765 0.207732642854837 0.229759532583961 0.237850646240087 0.241972219435754 0.237339879204526 0.246660300014395 0.265095107003207 0.256022618528078 0.243438885733399 0.227032374443174 0.203385834470848 0.174026591408312 0.155882394380276 0.146155953989308 0.164683303691767 0.19075141666547 0.22397697986832 0.243683919054551 -9999 -9999 -9999 -9999 -9999 -9999 -9999 -9999 -9999 -9999 -9999
0.250886676278639 0.25228612198613 0.250174297339813 0.257669949422414 0.265193186044203 0.267554308763982 0.269268820246433 0.270377887382955 0.269459190593159 0.26408695267723 0.236199142969634 0.218095356570338 0.211001545146286 0.193500620036046 0.175010749619419 0.171624877814615 0.168871174933691 0.16697414918868 0.161031414472266 0.153764615314702 0.147706261487504 0.142693103387741 0.139394815459385 0.139443923193941 0.141184766293699 0.158605445991417 0.174843688916373 0.18871101947863 0.204677186490286 0.221769556186355 0.223851951550989 0.227657311331522 0.23694717796564 0.25390552419768 0.275873164594145 0.262783833855317 0.246982145524332 0.231861636640595 0.204997554727503 0.168867273897166 0.152197715484116 0.146580397463376 0.175317300965407 0.189563789656708 0.190056442154402 -9999 -9999 -9999 -9999 -9999 -9999 -9999 -9999 -9999 -9999 -9999 -9999
0.242416950009562 0.247734172966667 0.247263168322378 0.248903729267684 0.252008116142345 0.259867327656829 0.2634223133808 0.262947104425146 0.262793728143059 0.262026118916637 0.257490024384316 0.253296936428451 0.249489834247982 0.210198824092893 0.165834860739366 0.158709253395326 0.155095725196302 0.156241554487659 0.149843942248509 0.141038658514443 0.135433050481788 0.130172470328044 0.125477983205798 0.130870416876491 0.140720459702999 0.155025361311927 0.17083825129782 0.189674819477854 0.204275618607124 0.216603570570577 0.212804327867843 0.216476689850086 0.24001498267751 0.263242761675085 0.286267703187603 0.271353146998663 0.254513146243709 0.241592208582144 0.212341112803409 0.170204799460523 0.154762992095332 0.152194011540379 0.187305916001888 0.204404028546456 -9999 -9999 -9999 -9999 -9999 -9999 -9999 -9999 -9999 -9999 -9999 -9999 -9999
0.23034267365801 0.236620963237963 0.243665858147622 0.242999215017954 0.242986100791721 0.249846119825528 0.254361550243322 0.2566816616825 0.255305918532384 0.253288998994575 0.251783210935489 0.249021507878984 0.244846521937013 0.223509854028253 0.196938673856042 0.165064708184754 0.145030804449564 0.14104183738446 0.134679264582937 0.127796259852946 0.125592726934312 0.122729162759915 0.118782674226952 0.124002829059555 0.133283230900374 0.147235485222599 0.162503702413824 0.180410566090707 0.19764450353822 0.214517359336828 0.223035200443875 0.23223699455753 0.243807686625476 0.256939907719672 0.271092169115064 0.265465177597053 0.256438524732825 0.241906695108989 0.215581293906313 0.179950242717803 0.172712837792969 0.174071030043812 0.194470359646251 -9999 -9999 -9999 -9999 -9999 -9999 -9999 -9999 -9999 -9999 -9999 -9999 -9999 -9999
0.220380306503991 0.227413371249772 0.239721038687787 0.23837339888428 0.236560036647538 0.240360567657054 0.245282137296846 0.251253373971611 0.249528095647894 0.246771833894542 0.246770889221921 0.244690592164315 0.24027039698893 0.230319642336191 0.216109672082444 0.178627034451528 0.149981527045738 0.133311564664349 0.123499875273774 0.116588479296083 0.117783326733012 0.116894505275885 0.112586973294289 0.118358078410084 0.128554758835345 0.141306051944678 0.154261323568583 0.167625593959326 0.184724200025211 0.20382659198068 0.220634258359222 0.233976354084835 0.238886089226004 0.244638653326702 0.250941780043453 0.250007134045024 0.245736860819906 0.232862354261158 0.212265536210827 0.185575472586678 0.183014397549322 0.183614073977159 0.183289794339586 -9999 -9999 -9999 -9999 -9999 -9999 -9999 -9999 -9999 -9999 -9999 -9999 -9999 -9999
0.213238238751986 0.220750591595518 0.235312146137095 0.235455190036129 0.233600674406891 0.23159034422872 0.236177818902149 0.246943045232736 0.246033834266405 0.243219255181267 0.2426860101408 0.240285577421606 0.235783995822339 0.228447500618159 0.2193452736835 0.201813607509642 0.174984536923184 0.135556185538918 0.117642545445943 0.108097781571444 0.112686075285763 0.113208081662675 0.107058462161043 0.114346336857877 0.127443632163845 0.137861103205497 0.146142031030977 0.150138960894496 0.163405147916006 0.181645072789671 0.201364456867394 0.216991772567028 0.222327183315411 0.22432697633277 0.224147838022034 0.221768960345734 0.218172710500238 0.211319987797833 0.200194804440532 0.185698460517754 0.183102233963857 0.18244597285349 0.182907256167388 -9999 -9999 -9999 -9999 -9999 -9999 -9999 -9999 -9999 -9999 -9999 -9999 -9999 -9999
0.210447807497846 0.214031759223849 0.222127325840324 0.22777579817205 0.231286635121397 0.227504625299968 0.230629896819418 0.2402226934794 0.240532238748555 0.238914542649579 0.236820419265061 0.234560730842434 0.232114731853191 0.225747021481283 0.218009530614039 0.207604877647402 0.188389291596942 0.157233661305386 0.143283146019736 0.134648359180583 0.115994869802412 0.105095330444626 0.106917827018992 0.115499249082991 0.126897842693403 0.129935915829665 0.13265065266951 0.134717065607271 0.145632521767985 0.16129623558119 0.175205635320853 0.187035715876481 0.193836639720904 0.197132704918434 0.198139285252265 0.199243070893657 0.200576608746451 0.202608414918639 0.197082799850277 0.185594044914578 0.183054492229097 0.18202069146586 -9999 -9999 -9999 -9999 -9999 -9999 -9999 -9999 -9999 -9999 -9999 -9999 -9999 -9999 -9999
0.209223159746474 0.207693068660628 0.206962067928718 0.218543329070538 0.228421699396158 0.224662165148818 0.226066483517518 0.232305894735064 0.234076487265506 0.23425646053237 0.230523083775273 0.228562867744175 0.228597991933063 0.222638812530444 0.215060862937589 0.207387487137222 0.197368025935253 0.184169291525553 0.177505136268011 0.170525804680965 0.123595416169559 0.0983927050159113 0.108838958756407 0.11789842812704 0.126148251632511 0.120630702585096 0.117847787234244 0.120548105311165 0.129592739262729 0.142041633499006 0.14810527152788 0.154673559145896 0.163007368166209 0.169277204273893 0.174198787793206 0.179952877797033 0.18403094606709 0.182609472164884 -9999 0.183997255570359 -9999 -9999 -9999 -9999 -9999 -9999 -9999 -9999 -9999 -9999 -9999 -9999 -9999 -9999 -9999 -9999 -9999
0.209248356292218 0.207169271938956 0.206424603073984 0.210274956075969 0.214335432667766 0.216722596759743 0.218225515508139 0.218900484921944 0.223666492536629 0.22817714102549 0.226758374195425 0.22512653214237 0.223254916245873 0.217695051564812 0.211264100856481 0.205821726651118 0.199333329449111 0.19142742507297 0.180687107677904 0.168668570198449 0.152067548158778 0.134157874654856 0.114101074730581 0.112865695848731 0.119629417735428 0.113418507975016 0.110554423991956 0.114401084121486 0.121225173501514 0.12964690466803 0.141417855693908 0.151523306303103 0.157220087615704 0.165885908973215 0.176491201484166 0.179496244282352 0.181393780302151 0.18180234684872 -9999 -9999 -9999 -9999 -9999 -9999 -9999 -9999 -9999 -9999 -9999 -9999 -9999 -9999 -9999 -9999 -9999 -9999 -9999
0.208277724835152 0.20608178632507 0.205896770722395 0.204408016805399 0.204440746589542 0.211335903204847 0.213171931642786 0.210270924326491 0.216370216901942 0.223003565316524 0.222682482823522 0.221414092428587 0.219079695140017 0.213921012888939 0.208197582297596 0.204088632204158 0.199660332361509 0.194799269030851 0.182954781637924 0.169615600258718 0.170608853156902 0.159840525567965 0.129774775480471 0.117439242790075 0.112823371978955 0.108306044261584 0.106489029246638 0.110086430390602 0.114612923669906 0.119637953201135 0.132118050301789 0.142506546716767 0.147098513236376 0.157976961605494 0.172961939364355 0.177012566501917 0.178249966367438 0.173501898695896 -9999 -9999 -9999 -9999 -9999 -9999 -9999 -9999 -9999 -9999 -9999 -9999 -9999 -9999 -9999 -9999 -9999 -9999 -9999
0.2056978769394 0.20408340301691 0.205384504093362 0.202421694081227 0.20131947968339 0.210074548701944 0.212622644074419 0.20935893649266 0.214105581206757 0.219293633735585 0.218103734679384 0.21725548000774 0.216791678235059 0.212037196552733 0.206311106755063 0.20208513306904 0.197339909963577 0.19189103141308 0.183744989125792 0.175094204634967 0.173102356728771 0.169230247550402 0.162273162146559 0.137536135521288 0.105553203859772 0.106586657933169 0.107639896701444 0.108732805901798 0.110837191029055 0.113484318257263 0.118596732550756 0.124009757383607 0.129972901151995 0.142767677281966 0.160025092411675 0.171253269894546 0.178249966367438 0.173501898695896 0.171407799834239 -9999 -9999 -9999 -9999 -9999 -9999 -9999 -9999 -9999 -9999 -9999 -9999 -9999 -9999 -9999 -9999 -9999 -9999
0.201927865896165 0.204491165414214 0.204116350873597 0.19990563847734 0.19701461354885 0.201560662893818 0.205029254252626 0.207488984632786 0.210195476110355 0.212727501301504 0.214017862963844 0.214336966869768 0.213563113077647 0.209309555604498 0.204068845603725 0.19837493815487 0.193273949583651 0.188976448856794 0.183695434973085 0.178395697264366 0.178084394520392 0.176819689908514 0.173990722851127 0.155678266288387 0.13079207195275 0.117030200679843 0.108714964129883 0.111320813507901 0.110227682463315 0.107149736602537 0.11421536574894 0.121752473214127 0.129650166995963 0.141675047703042 0.156395937849295 0.161002615515109 0.164939501885686 0.169428126392326 0.171407799834239 -9999 -9999 -9999 -9999 -9999 -9999 -9999 -9999 -9999 -9999 -9999 -9999 -9999 -9999 -9999 -9999 -9999 -9999
