layers/veg_sum/veg5500.asc
NCOLS 255 
NROWS 330 
XLLCORNER -2985163.8955 
YLLCORNER -3022031.214 
CELLSIZE 25000 
NODATA_value -9999 
[rows 125 to 149 of 330, columns 57 to 113 of 255]
0.101770861679538 0.138213685071667 0.176377946109978 0.148802782745859 0.150456442711282 0.198704661120337 0.176766209750005 0.126261436410159 0.121772760602336 0.116749308444356 0.110685757221633 0.13823452155282 0.183285003927281 0.145453800602072 0.115661043391938 0.110185750601705 0.126863320554528 0.157604663360259 0.228092776233463 0.298076267304536 0.357401359155425 0.435948292450423 0.529248748240419 0.573588359950646 0.611709495630999 0.650699539508493 0.671938958257524 0.67678267806541 0.691752997572782 0.703875703704818 0.68996950542635 0.664713944206838 0.626859990414897 0.59023252135201 0.554134067748302 0.519709289777093 0.488341550951777 0.461059328379769 0.440029756462453 0.421456855621521 0.407677750939133 0.394319120384813 0.381640487462776 0.368294786548745 0.354715892027085 0.343980809235349 0.333543087752051 0.32369256888553 0.314307832032886 0.305169306462357 0.295726503407076 0.285688978074158 0.274218426353854 0.271700480482896 0.274947924327718 0.271665855467233 0.267150620025665
0.111968825607897 0.129158811155308 0.144319757633476 0.134884242263722 0.135923226807567 0.153659931026592 0.148556559744499 0.133689261419736 0.112541990876686 0.0960158079531872 0.0884772867125013 0.125411367115385 0.185502047169021 0.135146948601162 0.0892761823935778 0.0608304656746859 0.0552776822087567 0.0642585062923704 0.108559091749227 0.159927395333001 0.224648210570768 0.309110678005826 0.408725643219417 0.477904444674993 0.540557092790774 0.59322745153633 0.632246296895987 0.658655665014909 0.68737983317031 0.711073749428525 0.705105543426154 0.68345773104765 0.644404727070833 0.607968902082391 0.572455175622698 0.538839598670863 0.507719962425511 0.479935974118238 0.457016597658461 0.436125765144199 0.420677435524251 0.405499675476136 0.390759484961869 0.375327047708057 0.359647038961371 0.346616374854897 0.334193099146286 0.322969239926991 0.312128681738454 0.301490735577449 0.291840845095875 0.282901208530633 0.275629335995258 0.270269505447204 0.266141011048126 0.261117450845525 0.255565424142253
0.110207863556567 0.110968158688125 0.113094162628652 0.149889034557896 0.163995110029583 0.141932283296819 0.140382094163366 0.146217674008477 0.0948615248227843 0.0643411571494772 0.0743447895704461 0.108155949570866 0.154363537134711 0.123586447936311 0.0933801274321137 0.0691739010863698 0.0527174353607329 0.04118091493922 0.0690641878358033 0.0980468288249995 0.121316881312036 0.193968979145335 0.304523747177192 0.405769784191747 0.493865577126817 0.534792270516259 0.587222823404244 0.65027913260415 0.688611879063208 0.716780436926569 0.715818377393786 0.696434874613573 0.656602596427427 0.621758149813016 0.588265070446343 0.555104012686947 0.523976615266669 0.495567060822112 0.471982278894936 0.450309374670208 0.432572540192755 0.41534455091947 0.398939474427104 0.381849774918015 0.364509129291799 0.349458413739236 0.335151812133324 0.322314620448124 0.310071713478899 0.298142944019287 0.286322753883077 0.276250777524558 0.270446155005917 0.264648583891006 0.258855553810429 0.252711040887141 0.246145338825956
0.155920397064884 0.126761112329753 0.104079094581567 0.129745818525992 0.134692119501854 0.106607362466915 0.106058193794801 0.116031550334036 0.0768541814214379 0.0532952922193376 0.0601131504833407 0.093320287474646 0.140268153363663 0.104777954739117 0.075923484052841 0.0679856818669495 0.0627973221306796 0.0593544494013088 0.0743911985234685 0.0875649461033788 0.0908384256251179 0.125842984273824 0.185202399404489 0.268309906389136 0.356371819301576 0.451677950516676 0.525091568248442 0.578283753915702 0.638424094462946 0.691048350389193 0.695696071156612 0.685356981806613 0.658381741313286 0.628010567993509 0.596709276755994 0.565100611368471 0.534732182245035 0.506021241028379 0.482172421883122 0.460252478246788 0.442331182593111 0.424373027630785 0.40635526319207 0.387638984735366 0.368665007397074 0.351937513851928 0.336065972013506 0.321884687339557 0.308379325852211 0.295231255778932 0.283626932682357 0.273474288616789 0.266763604456868 0.260488683127688 0.254494388756196 0.248260300290406 0.242140993004596
0.220660381897055 0.156685245699416 0.103443585734363 0.0998547301610826 0.0888425450431641 0.0659966039640743 0.0650060911429234 0.0727288878375452 0.0578572996392011 0.0472364604121533 0.0448830025459226 0.0770205804432863 0.127117420385145 0.0837531424704636 0.0546071896234606 0.0652798063684012 0.0764474934219842 0.0879294764854203 0.0928115705492023 0.0940266856112335 0.0856218816305021 0.0778446896454793 0.0705492146553521 0.11745088983253 0.19347340554466 0.356484597157524 0.45380868393162 0.490459640184531 0.575024092649652 0.655628798743361 0.664591294284158 0.664156928444288 0.653291549935487 0.628518998683485 0.600020484529766 0.570935688970905 0.542140047847521 0.513730841143022 0.490144032424142 0.468492829987546 0.451136202355292 0.432962139039914 0.41346610537734 0.39321613003577 0.372684200213102 0.354370953212986 0.337044687984471 0.321667426417664 0.306923449332202 0.292514224941025 0.281777595253432 0.271847840029807 0.263634554166414 0.256942848219113 0.251231024704661 0.245224348911461 0.239968097318372
0.330596650117129 0.225638170048733 0.117121536379419 0.0932454133102431 0.0727026792196327 0.0574738021333222 0.0481273801687295 0.0411109782994924 0.027323055068176 0.0179139880108787 0.0170214610172829 0.0311988097275578 0.053222946472811 0.064833359497201 0.0752926959202184 0.0836091203555797 0.0825709254623214 0.0755939386896985 0.0902058050874235 0.101601649372937 0.0982746988852465 0.0913930618651769 0.0817830625354597 0.0715560398506581 0.0878219559138887 0.209190691819671 0.336231563291021 0.468511609518945 0.559393790931969 0.628372412543758 0.622127140971268 0.613767882029636 0.603061985403762 0.586243100649119 0.567802711752081 0.549236266202888 0.529366583431305 0.507755216435249 0.489587646032965 0.472654889549886 0.456634607471366 0.439307509606166 0.419867007891705 0.399166273564038 0.377944948789829 0.357763932366462 0.339058629276082 0.323267433388472 0.306996569755347 0.290472154874869 0.278892560022556 0.268644524041555 0.261307090545021 0.255160443237133 0.249780650469838 0.243722894194602 0.238515918617522
0.428170638134699 0.302202738194911 0.160426782124592 0.112676314963063 0.0778902689989803 0.0637712021452656 0.048429580698353 0.0328291594890508 0.0288771182628189 0.0227937016606125 0.012564923105672 0.00798293955916583 0.00634120611019557 0.0445975553873103 0.0738724635167614 0.0791451277618022 0.0730264848498125 0.0596760562218027 0.0850368509986815 0.105639182358845 0.102903507390492 0.0974926819318327 0.0900285728140079 0.0476651252537267 0.0282830338624617 0.117944671713767 0.26060727900186 0.452225229112274 0.540231399761283 0.596000016208633 0.585775543297451 0.574468250968922 0.56195897187024 0.54267202608807 0.523564583230336 0.520319541010468 0.513113272074879 0.500613104252896 0.488870792438957 0.477179053696898 0.462456710835261 0.44589165446396 0.426346531686892 0.40536820670818 0.383766247977887 0.361637440320098 0.341446315552949 0.325081554309174 0.30734829585376 0.288891652975998 0.276989318324875 0.266806706936606 0.260371432395043 0.254816198291986 0.249827701536579 0.243592226836214 0.238142089563066
0.506332955701003 0.390719366847464 0.250253808595088 0.172996448358876 0.116566950834601 0.0933397842918266 0.07570982950882 0.0611904595373354 0.0808173274986896 0.0813788445240109 0.044859713402301 0.0202636189342886 0.0018757735051724 0.0222952903824505 0.0377410526170062 0.0388903143326764 0.0388798207293909 0.0381330549991155 0.0758430914439572 0.10412212190899 0.0949327459950502 0.091896019460036 0.0935816943286411 0.0583255341445851 0.0411515620857703 0.114706936470442 0.250858757145672 0.444828963412284 0.515522802280518 0.555594287741465 0.559022087207313 0.552581594927514 0.535186777362961 0.497067221543527 0.460451685605443 0.48006996347085 0.491395787368743 0.491639333988766 0.487901967816258 0.4822718067087 0.468787096134965 0.452850730789387 0.432949509276102 0.411965508422388 0.390467742692997 0.366265490846646 0.344420868845268 0.327231884195074 0.308137498005585 0.28803592102307 0.276627722036078 0.267113042357731 0.261621234265452 0.256730200873499 0.252226060452939 0.24561401614646 0.239461521591853
0.524117395976302 0.451927001445161 0.361285213710697 0.246743870011651 0.162098965372231 0.12511288576708 0.109209250029399 0.10187398040954 0.0801581414895025 0.0580058055062118 0.035004516148079 0.0453349250544647 0.0730209363737062 0.0514136952764299 0.0367577825575932 0.0417855268897298 0.0393742317367617 0.0322402529841252 0.0585710847132074 0.0807674574848014 0.0827253002110844 0.0887961076282096 0.0980237778913796 0.0778747051881013 0.0661585730376505 0.103073709417893 0.179132592652981 0.291347334299578 0.39208265646185 0.480854580577712 0.516877230024729 0.534058086855144 0.530323558268305 0.487334336679134 0.443911306717665 0.480435246049238 0.50034222083742 0.498041799683723 0.494385695484437 0.489571609524078 0.474581511142164 0.45782758756711 0.438221177061147 0.417614511855153 0.396533355362308 0.372960153770691 0.351151789925422 0.332828470413215 0.312866381101561 0.292038041910366 0.279746785381316 0.269705997997643 0.264571858353697 0.260096962692348 0.2560466136425 0.247024804137003 0.239246545375554
0.51028343110254 0.500568762214449 0.478196495039838 0.325747090486747 0.2120462413224 0.160115645729717 0.147452260263455 0.149373770744836 0.0620896740797457 0.00654567619973878 0.0127337408005376 0.077546953259924 0.172885905798736 0.101054596425096 0.0507318531607331 0.0621940790311563 0.053638409208043 0.0323743530561531 0.038176017983556 0.0488708058476285 0.0682098153978451 0.0858491655742015 0.102183960051303 0.100280586448608 0.0954301579814044 0.0884091639872665 0.0842710689473996 0.0827958177786581 0.229151154972977 0.388942065097072 0.466590325089682 0.515600540970379 0.532821014633592 0.491818924502294 0.44717276734408 0.496820158122455 0.520670760614796 0.51004578304552 0.503593578720151 0.497760135075882 0.480212239861304 0.462077814844384 0.442994844244672 0.422910670758484 0.402373261398305 0.380516286844852 0.359424903285984 0.339845340608463 0.319280846177232 0.298195719126767 0.284182503199759 0.27288669558386 0.267741719077096 0.263653061603989 0.260244663152191 0.248149456818292 0.238449955268137
-9999 0.500568762214449 0.482438212164426 0.392867850792746 0.32312864165982 0.285002876953832 0.269795429233824 0.263302910399868 0.213941831589892 0.182572387674241 0.186195296395825 0.181249053819111 0.171840908888409 0.120520635929944 0.080141897892194 0.0686013144836405 0.0454081283943231 0.0148172727961823 0.0264423544877804 0.0365256664566916 0.0322342048504242 0.0487070265306661 0.0811172557402949 0.0906625121029525 0.0950727172327677 0.0910649437871196 0.087883679351748 0.0854658355174296 0.120796543527397 0.182542159419077 0.347762385287381 0.445645925638742 0.46878218695114 0.471397469957626 0.470221541065921 0.481992608273906 0.489783797489169 0.492256161707607 0.49871857194758 0.50495878503271 0.488106323614342 0.469993764981108 0.449843356536536 0.429757841936597 0.409675892583355 0.388282360161697 0.36716175802801 0.346580114308705 0.327776472484375 0.309912678299332 0.28376209100084 0.262119821599019 0.252080806371099 0.251205382459175 0.256231220819028 0.24799215056847 0.239748265017713
-9999 -9999 -9999 0.407294428791442 0.401446219780305 0.386275202475185 0.372186695580596 0.358264291273239 0.331163720687202 0.315831308102717 0.323387061996692 0.280591826370676 0.211579152069084 0.15765613886614 0.110201477228598 0.0773989824332769 0.0421638375762271 0.00538432175928927 0.0159140533129959 0.0226192664451734 0.006848378461726 0.0231475305880781 0.0640617051383308 0.0814168157791929 0.0927408766339135 0.0924641878319189 0.0903091620451934 0.0864191749549201 0.0539026604273884 0.0536792782331243 0.258303784109313 0.381862421641713 0.41543366173822 0.446894201148952 0.472175355176146 0.451935028723593 0.449536565357768 0.470982488063363 0.492106294244647 0.51072741653151 0.494384426057733 0.476557548132108 0.456330903166194 0.436197140428806 0.416081724920933 0.394805924857902 0.373998457979446 0.354115813745033 0.336929591306268 0.321168691116217 0.291646304002982 0.266646323331142 0.253666552376926 0.252210504882528 0.258175621442568 0.251084462085172 0.243019207697145
-9999 -9999 -9999 -9999 0.417046514241112 0.442344696442912 0.436386723528165 0.416918247677115 0.382097553866542 0.367225609679546 0.391152456464031 0.371590124796626 0.329383255653728 0.228613914445871 0.141504373125528 0.0907723331685723 0.048463555476061 0.0115022964560411 0.00769301479014204 0.00572435562900743 0.00173314876908042 0.019759127413252 0.0546841655234877 0.0728839125196908 0.0866297084793096 0.0914582148162853 0.0904622861434353 0.0840865084662683 0.0663714621962138 0.0732350738523574 0.225062949937501 0.329891444430439 0.38254814187751 0.414577665375275 0.433749930937648 0.39272465577106 0.391372231693538 0.443039762613052 0.482168592920863 0.513758756410753 0.497569273255764 0.480533060245427 0.462127501873779 0.441855703204841 0.42077093608077 0.398951122746735 0.379112112923487 0.363184617382197 0.347341259442993 0.33154237644328 0.315426941865111 0.300446873205639 0.288265252930451 0.278966512397882 0.271524317936883 0.260397078961667 0.250066095754798
-9999 -9999 -9999 -9999 -9999 0.472908200426376 0.45813906039238 0.436791457376619 0.399355021386767 0.3978392714432 0.466186506185896 0.462345797275368 0.420917287134184 0.314920923903536 0.220176259276867 0.156377543712385 0.100055325138862 0.0484795701098419 0.0200611244770731 0 0 0.019299994163015 0.053413496119511 0.0693025642864459 0.0823880426655405 0.0938632296765879 0.0911868992477095 0.0754392534242344 0.0658415498801633 0.0759518938492563 0.186329649429744 0.243714351528983 0.242273964075916 0.278069955870895 0.313326721004393 0.265052923168837 0.26414198813674 0.326528163986156 0.396861422892619 0.466081524880624 0.479509283361688 0.481701496823292 0.465723403241844 0.446176944070382 0.425102775140288 0.404070279108896 0.38533855743174 0.371150199948533 0.356480960431173 0.34155752779633 0.328728030665239 0.31682343604966 0.307034224381401 0.297733381019456 0.288747042021728 0.275178955227319 0.263799076894625
-9999 -9999 -9999 -9999 -9999 -9999 0.45813906039238 0.436791457376619 0.399355021386767 0.417803885733755 0.544945381301345 0.552977135987044 0.498989209292006 0.409093654614799 0.323122404089488 0.248748992433162 0.174857025473388 0.101270704286446 0.04298015168569 0 0 0.0203419664980206 0.0562971957104214 0.068258642475791 0.0791044041000949 0.0980162066856777 0.0922043721296567 0.0635560848644935 0.058650441151319 0.0700395738190561 0.144781732274871 0.140008320484624 0.0469684240657411 0.088169436264839 0.15088371185404 0.10229813847886 0.101518890470011 0.16462940964241 0.272931137432329 0.392418664944142 0.450562367906798 0.481431446381201 0.468191556347434 0.44981287376939 0.429251478719085 0.409688540893823 0.392135251412744 0.378550436420515 0.364968841327631 0.351388948266003 0.336658870211196 0.324271069528352 0.317691244602017 0.312406212108312 0.307955013148751 0.2927635557306 0.2809583492017
-9999 -9999 -9999 -9999 -9999 -9999 -9999 -9999 -9999 -9999 -9999 0.554861727572411 0.500612639880625 0.503267065672961 0.483542055936064 0.406564834464069 0.329480140906143 0.252327218558913 0.128307928153639 0.028911375651433 0.0150458831636443 0.0199464389850081 0.0392506780682662 0.0410337512176999 0.0454364948548084 0.0693126665337516 0.0827369570894156 0.0865071709561892 0.0794363541659852 0.0761749651966932 0.104898866415757 0.0998725899965606 0.0573818330171086 0.115384011176896 0.187124856400639 0.15639719246429 0.153938079523607 0.189257882402632 0.195723127222923 0.198903834214314 0.297615110874874 0.361232799690822 0.368096564662893 0.3818024763687 0.398113163293198 0.396778307390727 0.391287704345814 0.377590702124331 0.365706615100182 0.354780830805212 0.345562517491103 0.336124008834104 0.326027755200957 0.318629946676496 0.312969910141555 0.304008511332681 0.296800299534468
-9999 -9999 -9999 -9999 -9999 -9999 -9999 -9999 -9999 -9999 -9999 -9999 -9999 0.620244081439082 0.597137374355413 0.518449236829765 0.444949751963637 0.374744289782635 0.218652849917185 0.0898191088358715 0.0634769343258634 0.0428733506120781 0.0266743619860131 0.0239054743777955 0.0278191185235633 0.0511780471977755 0.0761690036444597 0.102667413255604 0.0958674020676583 0.0845058221988911 0.0833339190528993 0.0782476119012732 0.0688161094636872 0.1246031735924 0.189326612386241 0.187712548786866 0.192474308373735 0.205756903976268 0.140507840564158 0.0612613164661445 0.168110802751373 0.243489668984898 0.26797373410426 0.307735701133289 0.35355739813191 0.373158140958165 0.382624952309365 0.372080178724859 0.364057910259459 0.357369032094702 0.352926935825356 0.346192965901676 0.333697656617666 0.324776083358015 0.318155960789755 0.31338176076074 0.309284400938762
-9999 -9999 -9999 -9999 -9999 -9999 -9999 -9999 -9999 -9999 -9999 -9999 -9999 -9999 0.597137374355413 0.518449236829765 0.463838598695171 0.42451359141693 0.317726656738025 0.224926195706532 0.190087157019338 0.12101511393097 0.0256678878965444 0.0319637552960691 0.0496765576483928 0.0596818590170166 0.0769828577424232 0.101022664625956 0.100597285711959 0.097422654042763 0.104995552588454 0.0971969637810965 0.0723352117722619 0.0803736166863969 0.101071282988459 0.154271066088582 0.187389214609641 0.193669681128503 0.134945439232611 0.0617387509044514 0.100259991712218 0.137573720475947 0.172934641026073 0.222946725912372 0.27904964578285 0.325146112668949 0.355868037820644 0.356229687838949 0.357155829847732 0.358380361001176 0.356603217152041 0.351822759555511 0.339907962652788 0.33116296844733 0.324459295861453 0.318647925318457 0.313895474656537
-9999 -9999 -9999 -9999 -9999 -9999 -9999 -9999 -9999 -9999 -9999 -9999 -9999 -9999 -9999 -9999 0.469514115441657 0.464601244575728 0.421131494573359 0.378675990090832 0.34815322257495 0.244987678825929 0.0860659352158811 0.0596604509768777 0.0516807971369737 0.0476579435838547 0.0590499621201397 0.0846802173475299 0.0902942593301224 0.0940617202099968 0.1088028608028 0.106846756277556 0.0863558273777643 0.0652212216810455 0.051984914468538 0.104036988865789 0.138351299627941 0.148960345861214 0.128797432926007 0.101498695255391 0.122997026879142 0.144708167297131 0.166763465575384 0.203548098578272 0.246340404413378 0.272812545936074 0.294101067562114 0.305153438480829 0.327389901327378 0.35553824898443 0.358609137309562 0.35690339257526 0.345269362934924 0.336811975514247 0.330400314297998 0.324864560651015 0.319588907633932
-9999 -9999 -9999 -9999 -9999 -9999 -9999 -9999 -9999 -9999 -9999 -9999 -9999 -9999 -9999 -9999 0.482827109265268 0.499679003142994 0.527244646755917 0.544083588831953 0.525889502969121 0.397619520700863 0.184861940379288 0.0996375944956538 0.041270277822577 0.0227974684383435 0.0293942016508361 0.0591468896555379 0.0705907355221381 0.0805218460336359 0.101445362008004 0.110681275224475 0.106943331798991 0.0682515860437416 0.0273919883544472 0.0433020344787267 0.0618284611011863 0.0838514949111961 0.122283231514717 0.165823087386854 0.202381165874928 0.222536175676138 0.216163874699599 0.225039877422096 0.239768936382353 0.217776600824963 0.210441334120596 0.232049541030863 0.283326571643624 0.350286473009237 0.359570534095082 0.361640620151999 0.350099918800902 0.341999566897951 0.336114766049164 0.331675551837296 0.325959170008733
-9999 -9999 -9999 -9999 -9999 -9999 -9999 -9999 -9999 -9999 -9999 -9999 -9999 -9999 -9999 -9999 -9999 -9999 0.534323694821584 0.559582906068482 0.560233275594181 0.462320635958144 0.288756993941792 0.154048538116877 0.045162927325965 0.018201169221418 0.0275734905603021 0.0705064681322404 0.08502549950668 0.0942087003626203 0.104271512891322 0.109000464081038 0.107808547339706 0.0781520733277771 0.0458319700543293 0.052472743801795 0.0599426423480159 0.068520607451345 0.120200621537969 0.184462356900263 0.218167167246833 0.23773002579142 0.234422288740955 0.235515398753379 0.237898750985873 0.20808594074966 0.19812611813672 0.227370206565471 0.286784519940678 0.362146743592489 0.367317391996903 0.366899244397916 0.357718836522413 0.349332480548754 0.341457486154699 0.336777402010025 0.330749796618957
-9999 -9999 -9999 -9999 -9999 -9999 -9999 -9999 -9999 -9999 -9999 -9999 -9999 -9999 -9999 -9999 -9999 -9999 -9999 0.5739952475932 0.579033236743413 0.507275334565756 0.376573552660262 0.201177837688473 0.0499780921552338 0.0177199468155664 0.029534290242496 0.082057017299558 0.0982092372562678 0.105922906222945 0.106052774030206 0.106060880655144 0.105933825933761 0.086095347690084 0.0635187901398591 0.0606909320662686 0.0593728634692186 0.0600725215518438 0.111557722238897 0.178397394897914 0.216975219835607 0.239549099265908 0.236241136447709 0.234124955486774 0.232050093227617 0.204580305523001 0.19713509562587 0.229232637777394 0.293102116932286 0.373766167607372 0.374863748010367 0.371920886909558 0.364656988772965 0.355737871967728 0.345752810693343 0.340352506906569 0.333985182620864
-9999 -9999 -9999 -9999 -9999 -9999 -9999 -9999 -9999 -9999 -9999 -9999 -9999 -9999 -9999 -9999 -9999 -9999 -9999 0.571878702755932 0.568372968371459 0.512128627562854 0.415405323357549 0.223540980098746 0.054495682967653 0.0251826382965973 0.0368330951085118 0.0863202609393667 0.100396446337083 0.105962613578287 0.102552661370546 0.10054579743609 0.100096435625099 0.0867449779878571 0.069798175654172 0.0511853167934267 0.0468299566315781 0.0615287334584919 0.0824275688362893 0.108465289759931 0.178747783384093 0.214861509818168 0.195716947486444 0.199730847305623 0.213348165164717 0.209844166390256 0.214687063326826 0.236012666198594 0.297819311046026 0.38102413991353 0.380367853669002 0.376125514557858 0.368973320681391 0.358923270486549 0.347007029453316 0.339743286490108 0.332923776010361
-9999 -9999 -9999 -9999 -9999 -9999 -9999 -9999 -9999 -9999 -9999 -9999 -9999 -9999 -9999 -9999 -9999 -9999 -9999 -9999 0.560661946790154 0.509221227593871 0.418297724709671 0.234241007480937 0.0721223929844926 0.0452075933338044 0.044431656461631 0.0677993720906442 0.0896587520938879 0.107043586494467 0.101780946891405 0.0969996738821086 0.0927527432276213 0.0832270987590164 0.0701161790348736 0.0392129471201589 0.0274049275742375 0.041116306626098 0.0481808706368093 0.0579214383403158 0.139821407213994 0.179604316431525 0.151274828397542 0.159480698090401 0.183634755490862 0.223949665538438 0.254762458812693 0.26681131852904 0.310303345116073 0.370416156100833 0.376358755894236 0.377230932839501 0.369489060412478 0.359568048419378 0.348243692075491 0.340024191691535 0.333014070933998
-9999 -9999 -9999 -9999 -9999 -9999 -9999 -9999 -9999 -9999 -9999 -9999 -9999 -9999 -9999 -9999 -9999 -9999 -9999 -9999 -9999 0.500443540611513 0.394005129302105 0.236118906093946 0.0996650077483491 0.0747348045399813 0.0522569574398209 0.0320442752088217 0.0691444963421144 0.108912185944255 0.103073027549688 0.0949428964989191 0.0842696647432511 0.0765568622395157 0.0659249170350663 0.0253746929974871 0.00277417360710562 0.00416216289405599 0.0100639527796634 0.0220431089961665 0.100366344137832 0.136352139992434 0.103869137054446 0.114800964844173 0.145592120864889 0.244743092504966 0.311874861973048 0.315777963927869 0.328662315861204 0.3462941355076 0.36515374986556 0.375992069679224 0.367129983809599 0.358291068579152 0.34946707501141 0.340978399248538 0.333975527568156
