layers/veg_sum/veg5300.asc
NCOLS 255 
NROWS 330 
XLLCORNER -2985163.8955 
YLLCORNER -3022031.214 
CELLSIZE 25000 
NODATA_value -9999 
[rows 250 to 274 of 330, columns 57 to 113 of 255]
-9999 -9999 -9999 -9999 -9999 -9999 -9999 -9999 -9999 -9999 -9999 -9999 -9999 -9999 -9999 -9999 0.6204938109323 0.648097435957723 0.646543172250236 0.639164508210536 0.620794042504546 0.600727223229893 0.579358385592039 0.563211136018716 0.551819114086423 0.556518797606464 0.56391397215144 0.573798887706863 0.579774344704618 0.58559563650874 0.594678356516667 0.60132757828587 0.605275488422428 0.608333450453888 0.605511244982976 0.556993700049752 0.493088997780551 0.408620449780819 0.353873241819386 0.31086757953218 0.291583967480801 0.275066992666301 0.263024268810142 0.24893231725929 0.233877864609526 0.214237132438044 0.198700364054294 0.191267737692167 0.186489212302285 0.183113638472939 0.177571631658846 0.172572057068165 0.169050266003017 0.161529930476578 0.151434571822443 -9999 -9999
-9999 -9999 -9999 -9999 -9999 -9999 -9999 -9999 -9999 -9999 -9999 -9999 -9999 -9999 -9999 0.671676440557374 0.6666564448596 0.658449498561582 0.652221858009959 0.644694145214365 0.632764126799497 0.617744341004042 0.600353036710407 0.575499553642739 0.556682976808036 0.565623824919062 0.575730356950288 0.5869135948709 0.59367275921633 0.59960513290974 0.605696133760899 0.609658005009585 0.611256429894904 0.613486387171514 0.613514539826767 0.594381104084971 0.553061239789405 0.482090785451163 0.440311407335433 0.407307811574719 0.357331486184695 0.319149179911289 0.300040354118752 0.276429519773068 0.251329845985913 0.250022243712703 -9999 -9999 -9999 -9999 0.177699155699109 0.172703215836732 0.169298745081808 -9999 -9999 -9999 -9999
-9999 -9999 -9999 -9999 -9999 -9999 -9999 -9999 -9999 -9999 -9999 -9999 -9999 -9999 -9999 0.671676440557374 0.669114254270012 0.664925460786539 0.659001281095203 0.652674004679772 0.645521122633754 0.635066745844066 0.622078341442637 0.595096053050439 0.573830868309804 0.582455267000177 0.59157387035595 0.60114895515114 0.606892117442395 0.611655025937201 0.615125189458387 0.616852851754539 0.616646245615982 0.617710971703374 0.619191660303589 0.621335753607902 0.601127250606618 0.551046086133914 0.514301540734545 0.479620006189516 0.408745437624613 0.355119090822593 0.329386850166327 0.299149344534531 0.26764804840237 0.272195595711716 -9999 -9999 -9999 -9999 -9999 -9999 -9999 -9999 -9999 -9999 -9999
-9999 -9999 -9999 -9999 -9999 -9999 -9999 -9999 -9999 -9999 -9999 -9999 -9999 -9999 -9999 -9999 0.672029645478852 0.672607082990212 0.672366952747389 0.670288420611293 0.662815046389579 0.655511720628314 0.648338913776685 0.636358992830338 0.625621614020414 0.622298680900881 0.62123049318017 0.622244943478147 0.622762655270081 0.623481252832305 0.625808027407388 0.626894657596635 0.62660466198755 0.625703267091135 0.624867009981369 0.625857774253184 0.620587440301173 0.606949592118483 0.553340621911465 0.486289239396663 0.421646373699464 0.369871229067429 0.3389059732564 0.309537485327504 0.281306870136863 0.277645166438967 -9999 -9999 -9999 -9999 -9999 -9999 -9999 -9999 -9999 -9999 -9999
-9999 -9999 -9999 -9999 -9999 -9999 -9999 -9999 -9999 -9999 -9999 -9999 -9999 -9999 -9999 -9999 0.685137061370377 0.68340536426036 0.680986516572318 0.678242694568574 0.674669816496901 0.67067062559639 0.666344222762075 0.666278024877258 0.664788190254171 0.655452100992098 0.648143818169867 0.6427085569262 0.641112294422266 0.639924050280308 0.636922714585236 0.63489216709585 0.633939245811867 0.632260725710428 0.630954340797848 0.634202261487347 0.635830566992938 0.635294371541173 0.59479898623075 0.538189682981481 0.444896624532168 0.373742835441568 0.33839303460965 0.309353340428406 0.283480260958473 0.282707762287616 -9999 -9999 -9999 -9999 -9999 -9999 -9999 -9999 -9999 -9999 -9999
-9999 -9999 -9999 -9999 -9999 -9999 -9999 -9999 -9999 -9999 -9999 -9999 -9999 -9999 -9999 -9999 0.689626753346913 0.695235034827396 0.686508155216738 0.679891507681195 0.682974289884965 0.68237915619762 0.678961076800725 0.688792552287863 0.695714597084116 0.684238763935311 0.673266511393804 0.662759400556891 0.661080116451395 0.659380220092352 0.648319282548123 0.641555303810557 0.639561176402542 0.637881623864442 0.637310583908341 0.645041785903208 0.648321091733879 0.645650753720015 0.637836488327411 0.619613877537396 0.474902179701879 0.370512396332039 0.33133187207122 0.302268351458107 0.27803234619787 0.280534163614096 -9999 -9999 -9999 0.220248358067166 -9999 -9999 -9999 -9999 -9999 -9999 -9999
-9999 -9999 -9999 -9999 -9999 -9999 -9999 -9999 -9999 -9999 -9999 -9999 -9999 -9999 -9999 -9999 0.687340033957832 0.686822186667348 0.68726722846129 -9999 -9999 0.688117046394878 0.693319037686871 0.695536870605894 0.69541526906632 0.687592996698964 0.682841216479425 0.680925554114464 0.67878783418852 0.675732066427538 0.667938105498655 0.661819153550701 0.657559550080164 0.651622966887867 0.645347144170692 0.639891255556467 0.632963879871667 0.624069965959363 0.608361571790671 0.583243362567899 0.454534630724514 0.360164443341288 0.321327111299916 0.296945821347976 0.2789472823455 0.271266785694534 0.266168219493679 -9999 0.231451673661117 0.232078142811258 0.231486478230375 -9999 -9999 -9999 -9999 -9999 -9999
-9999 -9999 -9999 -9999 -9999 -9999 -9999 -9999 -9999 -9999 -9999 -9999 -9999 -9999 -9999 -9999 0.623507660392526 0.675107483334557 -9999 -9999 -9999 0.672021244075395 0.706086613654039 0.70339184372003 0.696542102120722 0.692377274813752 0.688930515995658 0.686147014650331 0.68677610102625 0.687196587513681 0.682912021146287 0.679462041478688 0.676938497147976 0.668936965326052 0.658953976264767 0.644581829926179 0.630698911888588 0.617469812817621 0.593566067512546 0.560351316481465 0.444189904840745 0.35766752944334 0.319077887889139 0.298092834769719 0.284726492259145 0.275578383707505 0.271165055719278 0.27610155051502 -9999 0.241835324058703 -9999 -9999 -9999 -9999 -9999 -9999 -9999
-9999 -9999 -9999 -9999 -9999 -9999 -9999 -9999 -9999 -9999 -9999 -9999 -9999 -9999 -9999 0.59194526437228 0.623507660392526 0.675107483334557 -9999 -9999 0.652748481200824 0.678018374142896 0.722683907978745 0.718878204567473 0.710346524998555 0.708332088300206 0.688127226642495 0.65112043665343 0.664765949461811 0.684092779228372 0.681110229487378 0.685288926881653 0.697416987001129 0.695366018852514 0.689652094769458 0.684439776757132 0.676943641581525 0.666395346556181 0.643988938011571 0.61077294975895 0.478601364205565 0.381747627786978 0.342010494236162 0.319139972495178 0.303557591133964 0.291410542778355 0.282240018650586 0.278947269357316 -9999 -9999 -9999 -9999 -9999 -9999 -9999 -9999 -9999
-9999 -9999 -9999 -9999 -9999 -9999 -9999 -9999 -9999 -9999 -9999 -9999 -9999 -9999 -9999 0.59194526437228 0.59194526437228 -9999 -9999 0.682221848192197 0.676044296396018 0.692820492484704 0.7272145966572 0.724035890367298 0.716949687307802 0.713949837171377 0.691920583832433 0.652314464119478 0.673231054810237 0.70080315483633 0.700998923572562 0.702282095595558 0.704772342725975 0.703024344418823 0.700368948668921 0.699380857379622 0.694714002477376 0.685130740615487 0.671503095575241 0.649001739434732 0.516964531293871 0.41754807376446 0.370886427288566 0.341542230434691 0.319683926179114 0.301512083466295 0.289449016808858 -9999 -9999 -9999 -9999 -9999 -9999 -9999 -9999 -9999 -9999
-9999 -9999 -9999 -9999 -9999 -9999 -9999 -9999 -9999 -9999 -9999 -9999 -9999 -9999 -9999 -9999 -9999 -9999 -9999 0.687651680687839 0.703392392500138 0.714564959232077 0.722231294191195 0.721049867338155 0.71787497041166 0.711417262406169 0.699338195911224 0.68206685586161 0.705724568220895 0.733136148405107 0.737989617618476 0.728079390643849 0.701780680777043 0.695882771420165 0.695331448768955 0.694676078063972 0.690033568135401 0.68006252908935 0.680954734284185 0.677617004855792 0.55844344720077 0.462589501577877 0.404448413677038 0.365012941433344 0.333677673164481 0.307095282033375 -9999 -9999 -9999 -9999 -9999 -9999 -9999 -9999 -9999 -9999 -9999
-9999 -9999 -9999 -9999 -9999 -9999 -9999 -9999 -9999 -9999 -9999 -9999 -9999 -9999 -9999 0.759279821589424 0.75741731732224 0.754372399871936 -9999 0.72996856339363 0.730355240740292 0.72722180868482 0.721386553632823 0.721967612172146 0.723173216558943 0.723511961881522 0.720088656294175 0.713190461587484 0.727633291884832 0.744232264851322 0.750145624851069 0.743540155966465 0.723038125517005 0.714623217206975 0.709282145599896 0.703119315797103 0.696900156309746 0.690605716189447 0.687771658400684 0.682334378625411 0.621650175822962 0.549943114663305 0.460409706807012 0.415365882656502 0.389826201336256 0.388503055800687 -9999 -9999 -9999 -9999 -9999 -9999 -9999 -9999 -9999 -9999 -9999
-9999 -9999 -9999 -9999 -9999 -9999 -9999 -9999 -9999 -9999 -9999 -9999 -9999 -9999 0.741958950901338 0.754435056033879 0.75741731732224 0.754372399871936 -9999 0.739242313567293 0.742200809641452 0.73750277478381 0.726928050033349 0.730249906111213 0.734908522915678 0.737626819889953 0.739720670694332 0.741237740042709 0.746002087794369 0.751563021019146 0.758034775956166 0.755836453714878 0.744013887673034 0.733621224882012 0.72371015426021 0.714656489424367 0.707863241892306 0.704090881955442 0.696423952861185 0.68753576827426 0.680175318037097 0.631423953164065 0.515734524634676 0.463757587476244 0.43952513691368 0.439854091077007 -9999 -9999 -9999 -9999 -9999 -9999 -9999 -9999 -9999 -9999 -9999
-9999 -9999 -9999 -9999 -9999 -9999 -9999 -9999 -9999 -9999 -9999 -9999 -9999 0.738295352855842 0.741958950901338 0.754435056033879 0.75741731732224 0.754372399871936 -9999 0.738107408114951 0.736484702670449 0.743234648274416 0.756410934244655 0.76664278510293 0.770659430834207 0.751625730299048 0.747043438876754 0.755809463436297 0.755886774212269 0.755630266584086 0.762669945328026 0.76105335082318 0.74982783560896 0.738737978956293 0.729143155658211 0.731359022252803 0.729049652516368 0.720692624997954 0.714164758396301 0.708530427015424 0.706853280506158 0.664261718419522 0.555502694741998 0.488542326059822 0.440372663807235 0.440192235745665 -9999 -9999 -9999 -9999 -9999 -9999 -9999 -9999 -9999 -9999 -9999
-9999 -9999 -9999 -9999 -9999 -9999 -9999 -9999 -9999 -9999 -9999 -9999 -9999 0.738295352855842 0.738295352855842 -9999 -9999 -9999 -9999 0.774835446730769 0.76431260561819 0.763419564897335 0.769917776316123 0.782914888322195 0.789660834651311 0.768302922203532 0.762003969488943 0.769614508319885 0.763862851453649 0.758007894169778 0.765593966844937 0.763080155500083 0.749354939208439 0.740639398933634 0.73469916274026 0.740568238603627 0.740194209842812 0.731476714022553 0.727070238906193 0.72426292364798 0.723377972879375 0.683450389140011 0.580382421234221 0.507406934916983 0.448463728874675 0.45135634662578 -9999 -9999 -9999 -9999 -9999 -9999 -9999 -9999 -9999 -9999 -9999
-9999 -9999 -9999 -9999 -9999 -9999 -9999 -9999 -9999 -9999 -9999 -9999 -9999 -9999 -9999 -9999 -9999 -9999 -9999 0.782788852779158 0.804371026046631 0.7973127588055 0.768271822289996 0.78010304008861 0.792775836932715 0.787520383658907 0.784208688350459 0.782692381665445 0.770028670219954 0.758782969853173 0.766895016019143 0.762081253326543 0.742919159792609 0.73949117109895 0.740371837018909 0.742670269352025 0.741814370943404 0.736742932955912 0.735389558868218 0.735004417579972 0.730272593540247 0.68969330367165 0.591140906161391 0.520656478551452 0.463147601375854 0.45721489015908 -9999 -9999 -9999 -9999 -9999 -9999 -9999 -9999 -9999 -9999 -9999
-9999 -9999 -9999 -9999 -9999 -9999 -9999 -9999 -9999 -9999 -9999 -9999 -9999 -9999 -9999 -9999 -9999 -9999 -9999 0.807422259622664 0.807528664663977 0.801480841000212 0.790709403737628 0.802746627049125 0.815621396711812 0.819946419467104 0.813446757529344 0.796948671869848 0.774724227295339 0.757910176427758 0.776391052490306 0.775242138568689 0.752303120513519 0.749785357430517 0.751852188126645 0.7476047751581 0.743861426812843 0.740791725127927 0.73863093201157 0.736647684228532 0.732737678736211 0.70901055372652 0.653234859135576 0.565435319675369 0.465760131739066 -9999 -9999 -9999 -9999 -9999 -9999 -9999 -9999 -9999 -9999 -9999 -9999
-9999 -9999 -9999 -9999 -9999 -9999 -9999 -9999 -9999 -9999 -9999 -9999 -9999 -9999 -9999 -9999 0.735777218377818 0.712663068305166 0.750586900584525 0.784299859351855 0.791211314465423 0.801747231856364 0.8150650671971 0.828451140283496 0.841120704320466 0.850920922568662 0.840153634262099 0.810388781475335 0.781717698647218 0.761830097508069 0.788355473127393 0.790803956090447 0.766525815966053 0.763385147104737 0.763884705912093 0.748904673865004 0.739451501174474 0.737384584483086 0.732726139003502 0.727265865439982 0.722980285146047 0.718233512582209 0.7127408923416 0.711093724745531 -9999 -9999 -9999 -9999 -9999 -9999 -9999 -9999 -9999 -9999 -9999 -9999 -9999
-9999 -9999 -9999 -9999 -9999 -9999 -9999 -9999 -9999 -9999 -9999 -9999 -9999 -9999 -9999 -9999 0.756217010696702 0.766518880876432 0.775724738044579 0.786545589001884 0.802522239865453 0.814167771884724 0.822488999128945 0.84214972476113 0.858916832304362 0.858341983379367 0.84429841352908 0.817814206134186 0.803507782431362 0.794969783260508 0.804906077309399 0.803666755138018 0.790021908435157 0.782585353634224 0.772344959349421 0.726214278141311 0.697749851356855 0.692895122105999 0.680572828897865 0.665578857541211 0.648692545076712 0.654803916975154 0.698107519907342 -9999 -9999 -9999 -9999 -9999 -9999 -9999 -9999 -9999 -9999 -9999 -9999 -9999 -9999
-9999 -9999 -9999 -9999 -9999 -9999 -9999 -9999 -9999 -9999 -9999 -9999 -9999 -9999 -9999 -9999 0.795536362374171 0.796055235994377 0.793648798843878 0.795705592545274 0.811987264044606 0.822284340860353 0.827988004888649 0.844182725226586 0.856816156656661 0.849908191744565 0.836328646474194 0.816586770456352 0.807517562306991 0.801101453688851 0.797868417921314 0.789684517810717 0.776004896672364 0.761866163488314 0.743794450451033 0.694869748665868 0.66275354332354 0.653100702738294 0.643366612145438 0.632718495977215 0.60911983630704 0.594537878569512 -9999 -9999 -9999 -9999 -9999 -9999 -9999 -9999 -9999 -9999 -9999 -9999 -9999 -9999 -9999
-9999 -9999 -9999 -9999 -9999 -9999 -9999 -9999 -9999 -9999 -9999 -9999 -9999 -9999 -9999 -9999 0.794687021780193 0.793817349859095 0.80334965856174 0.812747384953374 0.819348089878068 0.825494683724515 0.831292729382817 0.832917775453796 0.832034515845371 0.823400976727361 0.814549143534766 0.805495678912201 0.791259038739818 0.776445874765707 0.763941787108033 0.745100815740264 0.719225568609149 0.695641651879196 0.673054259895376 0.653660111719961 0.63540085615696 0.618658304172977 0.623199036871218 0.632718495977215 0.60911983630704 -9999 -9999 -9999 -9999 -9999 -9999 -9999 -9999 -9999 -9999 -9999 -9999 -9999 -9999 -9999 -9999
-9999 -9999 -9999 -9999 -9999 -9999 -9999 -9999 -9999 -9999 -9999 -9999 -9999 -9999 -9999 -9999 0.802093869764406 0.798888797584314 0.807855120836435 0.814576117264491 0.811684261021306 0.81310147070722 0.817826058684764 0.814293659055226 0.810059294046092 0.807342883826334 0.795707889934728 0.7758350783997 0.757932466204919 0.740768495158574 0.725539671834002 0.706830220872513 0.684257089315373 0.663608521951851 0.645224320622661 0.641073601370774 0.628710230673171 0.605371233114751 0.599218092088559 -9999 -9999 -9999 -9999 -9999 -9999 -9999 -9999 -9999 -9999 -9999 -9999 -9999 -9999 -9999 -9999 -9999 -9999
-9999 -9999 -9999 -9999 -9999 -9999 -9999 -9999 -9999 -9999 -9999 -9999 -9999 -9999 0.77552131952786 0.795509231689466 0.803841129795335 0.804773192676678 0.809765589767548 0.811361726393548 0.801712380408506 0.799132619505377 0.801979044373241 0.796084463322748 0.791060406442451 0.794025367765048 0.778100563808206 0.744727872672791 0.723743040546102 0.705532889266576 0.689367017438381 0.673295884848384 0.657329917818872 0.642723303373881 0.63039190569751 0.633583475878782 0.623727712432358 0.596435111884947 0.583995612585975 -9999 -9999 -9999 -9999 -9999 -9999 -9999 -9999 -9999 -9999 -9999 -9999 -9999 -9999 -9999 -9999 -9999 -9999
-9999 -9999 -9999 -9999 -9999 -9999 -9999 -9999 -9999 -9999 -9999 -9999 -9999 0.769651885505715 0.774198187822154 0.789680275365559 0.799018562379898 0.804456449879441 0.801484270869242 0.800472696966073 0.807345760324796 0.808495425748111 0.805252157204437 0.798925274616443 0.791226343508082 0.779704563473883 0.764230132755834 0.745104761850446 0.722541371477908 0.700265340059902 0.683147456172544 0.665878354752187 0.648441393879765 0.637468814800499 0.626560747685619 0.602431121845628 0.58456761032387 0.575078316687617 0.574627525744931 -9999 -9999 -9999 -9999 -9999 -9999 -9999 -9999 -9999 -9999 -9999 -9999 -9999 -9999 -9999 -9999 -9999 -9999
-9999 -9999 -9999 -9999 -9999 -9999 -9999 -9999 -9999 -9999 -9999 -9999 -9999 0.769651885505715 0.773275164863497 0.785613967764605 0.778266234841889 0.758420479821614 0.778157888065955 0.799454403984247 0.816396883185249 0.819111314494244 0.810905157094556 0.796148585675665 0.778830808545509 0.754789972115259 0.739742914172232 0.733003128978906 0.712260374901655 0.689290388646071 0.668932580793072 0.649967764024196 0.63254924096527 0.623499246537865 0.613827337358865 0.581330383454433 0.562717161024854 0.562658562167329 0.539618101318607 -9999 -9999 -9999 -9999 -9999 -9999 -9999 -9999 -9999 -9999 -9999 -9999 -9999 -9999 -9999 -9999 -9999 -9999
