layers/veg_sum/veg500.asc
NCOLS 255 
NROWS 330 
XLLCORNER -2985163.8955 
YLLCORNER -3022031.214 
CELLSIZE 25000 
NODATA_value -9999 
[rows 75 to 99 of 330, columns 171 to 227 of 255]
0.802044334705147 0.799019152430315 0.795439207332634 0.794032620669134 0.793559729462943 0.790672234865354 0.785245713020036 0.774649399357235 0.771533150425631 0.772490954911074 0.769954734842855 0.768224977686322 0.768850311536862 0.772317025169484 0.777666374029538 0.775991691761744 0.776141621798058 0.784122409761308 0.787669412038473 -9999 -9999 -9999 -9999 -9999 -9999 -9999 -9999 -9999 -9999 -9999 -9999 -9999 -9999 -9999 -9999 -9999 -9999 -9999 -9999 -9999 -9999 -9999 -9999 -9999 -9999 -9999 -9999 -9999 -9999 -9999 -9999 -9999 -9999 -9999 -9999 -9999 -9999
0.791896402444761 0.789099804347388 0.786155350021366 0.779626499962899 0.771579515886188 0.769411721613181 0.767415721430533 0.765769516502517 0.759090640302278 0.749670695363962 0.750259617960406 0.751053680393102 0.751460071530611 0.754985003073978 0.760576210327218 0.764341421780258 0.769112035258798 0.777623115896613 0.781528856093919 0.78175035122704 -9999 -9999 0.78310222020359 0.78310222020359 -9999 -9999 -9999 -9999 -9999 -9999 -9999 -9999 -9999 -9999 -9999 -9999 -9999 -9999 -9999 -9999 -9999 -9999 -9999 -9999 -9999 -9999 -9999 -9999 -9999 -9999 -9999 -9999 -9999 -9999 -9999 -9999 -9999
0.780465141848045 0.776956217854921 0.774294302212929 0.763906777273957 0.750244371177425 0.749011380485699 0.749938397670744 0.755263473622987 0.744729011115701 0.725556574315977 0.730435363018003 0.73478579880795 0.735622832398093 0.739236214715945 0.744689144126863 0.753830737056314 0.762823540695352 0.770302157701341 0.771733075558283 0.768325869930681 0.766669113092411 0.766906537545374 0.774066624942081 0.766554570304198 0.744925382748562 0.749023377031505 -9999 -9999 -9999 -9999 -9999 -9999 -9999 -9999 -9999 -9999 -9999 -9999 -9999 -9999 -9999 -9999 -9999 -9999 -9999 -9999 -9999 -9999 -9999 -9999 -9999 -9999 -9999 -9999 -9999 -9999 -9999
0.764566157273225 0.7574825613585 0.753449407450942 0.745953530912586 0.737029986645368 0.737180575646484 0.73691529203817 0.735803237362208 0.721793995457151 0.700760238178336 0.712511443403517 0.722888905744133 0.726825034252261 0.730761576658207 0.734698393303669 0.746194109714776 0.756523737606121 0.760986057118703 0.764596313831396 0.767524925352941 0.766669113092411 0.763940600082443 0.755621808591837 0.748408160875112 0.742257852206789 0.749023377031505 0.757100681667285 -9999 -9999 -9999 -9999 -9999 -9999 -9999 -9999 -9999 -9999 -9999 -9999 -9999 -9999 -9999 -9999 -9999 -9999 -9999 -9999 -9999 -9999 -9999 -9999 -9999 -9999 -9999 -9999 -9999 -9999
0.747229852827493 0.738090899553138 0.729211247432386 0.717004392645539 0.7036884530936 0.721996769390461 0.731382925785684 0.722602396772148 0.703271445409906 0.678194155511077 0.696857277105236 0.712822384915546 0.718006459379842 0.723582321274141 0.729417772830489 0.742273964520289 0.75314408145451 0.755665972054706 0.758821796809533 0.762484765131787 0.753349515669137 0.742881778157692 0.734605860806075 0.732506767635419 0.736350845391452 0.743539576571259 0.749982776522963 0.747970836927431 0.747060865584217 0.7474252867394 -9999 -9999 -9999 -9999 -9999 -9999 -9999 -9999 -9999 -9999 -9999 -9999 -9999 -9999 -9999 -9999 -9999 -9999 -9999 -9999 -9999 -9999 -9999 -9999 -9999 -9999 -9999
0.728620092717765 0.718771884488326 0.70196667739483 0.67831296867623 0.652514401924884 0.703842226604575 0.732487303854442 0.714947338322432 0.688658309988186 0.657604062302727 0.683214096861548 0.704377561481775 0.709169476468486 0.717550766159312 0.728310295923865 0.741646597319122 0.752351655697934 0.753886329656683 0.754254219363523 0.753688688582432 0.728228845204241 0.705792783226777 0.711311907994639 0.718594443523623 0.727573684553731 0.733197166070445 0.7382262283016 0.743866901153631 0.747060865584217 0.7474252867394 0.747504822310735 -9999 -9999 -9999 -9999 -9999 -9999 -9999 -9999 -9999 -9999 -9999 -9999 -9999 -9999 -9999 -9999 -9999 -9999 -9999 -9999 -9999 -9999 -9999 -9999 -9999 -9999
0.716256892811412 0.703633342160482 0.678231503652323 0.662803243751176 0.65216032622403 0.674083320709062 0.683285831798491 0.666587773671174 0.662349729786604 0.664898092895335 0.68947477701237 0.708804021640819 0.712873274518357 0.720090563484771 0.729393671346469 0.735224004701266 0.739840459347006 0.741536278501155 0.73494688203137 0.721729362155185 0.708268857663951 0.69789819663498 0.700711566232179 0.706390902016761 0.714827791913733 0.724464918821673 0.73335107039552 0.736368322081837 0.738665557043393 0.740130114737863 0.715828240141725 0.687756103517647 0.690570888532345 0.702643270407899 0.727615873716354 0.732357576027806 0.73061711472996 0.742595611665686 0.750119491196996 -9999 -9999 -9999 -9999 -9999 -9999 -9999 -9999 -9999 -9999 -9999 -9999 -9999 -9999 -9999 -9999 -9999 -9999
0.701888102624676 0.686189261903975 0.656242241875216 0.652729822597663 0.660700948700842 0.650375268275028 0.638948019973313 0.625277835288648 0.641256063553824 0.673382443262741 0.695476765611929 0.711786581923232 0.71438164485481 0.719902489302825 0.727361891695593 0.72719915954962 0.726449160289899 0.725955981279445 0.712974447575403 0.690002304114281 0.69062811149362 0.693648091230825 0.692362034959513 0.695246553029576 0.70214388341987 0.714564059794221 0.726278619856288 0.727112689735931 0.728455750309763 0.730387443016204 0.710666682999212 0.687202238109125 0.684501635010052 0.694763470493549 0.723088128385373 0.73031795491298 0.730554844334727 0.740986380863425 0.729752647512376 0.681926123851915 0.71310390650811 -9999 -9999 -9999 -9999 -9999 -9999 -9999 -9999 -9999 -9999 -9999 -9999 -9999 -9999 -9999 -9999
0.671860290785396 0.653435461074603 0.639859105835287 0.649120481631043 0.668255075791148 0.667414951654446 0.66411973678794 0.655825635841155 0.656800443904898 0.662823608070315 0.682328364999125 0.695984199916094 0.693633377585911 0.698348600584272 0.707745628506437 0.716338831951954 0.719156513056341 0.703660699469026 0.690860490340453 0.68021674880649 0.679986988790599 0.681484631210641 0.683912149173401 0.687880239176532 0.693330625371451 0.697359519616719 0.702016526798727 0.712092138456491 0.716678480661905 0.714916651042003 0.701944999344851 0.683871300276741 0.648001240039245 0.647374478073267 0.695858339367494 0.718051705693286 0.730180351159806 0.731308492196228 0.717662957709219 0.679064583330118 0.71310390650811 0.779261590444728 -9999 -9999 -9999 -9999 -9999 -9999 -9999 -9999 -9999 -9999 -9999 -9999 -9999 -9999 -9999
0.643972783534718 0.628591999164037 0.625405548489573 0.63798896510111 0.657436869763113 0.667176822013517 0.671748644479848 0.665797478233363 0.654571114526637 0.640471589021075 0.662362627255487 0.676907166511095 0.669621112224332 0.676042708317401 0.691546689543614 0.704114008270356 0.707932430229701 0.684492210419883 0.672036461575272 0.668368224416064 0.66796192915386 0.669054268840051 0.674477727407473 0.680791490034751 0.687961878826129 0.687196354214537 0.686650290685654 0.697080205307491 0.701274273630941 0.698256776896043 0.69024563066369 0.676328020299603 0.621698022512422 0.61751171892088 0.683617396585164 0.711649330873377 0.724926941853295 0.719135188700555 0.706965366312533 0.684022940979751 0.715355447070756 0.770508378386364 0.753931213807091 -9999 -9999 -9999 -9999 -9999 -9999 -9999 -9999 -9999 -9999 -9999 -9999 -9999 -9999
0.618364291119544 0.612171534543595 0.613006623224643 0.618847770978855 0.627055644544946 0.648541127648316 0.660697817305968 0.653859862433597 0.633416185319808 0.605562085812497 0.635137729977945 0.654343255978148 0.642133313466295 0.652936076168883 0.678986546970342 0.690436257358295 0.69252212078411 0.668653157343753 0.656715577096322 0.654323032705691 0.654463241501678 0.656339706538551 0.663994963215872 0.673998294197932 0.686260877917774 0.684530905567611 0.68075643997931 0.682077448818315 0.682008072308338 0.680330757770296 0.675375597214683 0.664299401977986 0.606252847714136 0.606311044520718 0.687336706899446 0.711490860225716 0.714478420456524 0.70430474591493 0.697750093338063 0.697307993829563 0.720004447496051 0.752790439207871 0.746797254522381 0.742757645985601 -9999 -9999 -9999 -9999 -9999 -9999 -9999 -9999 -9999 -9999 -9999 -9999 -9999
0.626030093999032 0.613372931823689 0.605618672947854 0.599510528732928 0.594526957022026 0.624105948195745 0.641471410342897 0.633968528725482 0.619499132965361 0.601235391598893 0.626355555675443 0.645867358564658 0.647273109109575 0.656468064915322 0.670823975377749 0.668238744357644 0.661955361014022 0.648561672064016 0.643525988055646 0.645176658476536 0.64850809733913 0.6518365427827 0.654126234633194 0.659366663595016 0.667446210928768 0.667530502199566 0.666095466919414 0.665513106492063 0.661576552277207 0.653760975783826 0.635181317387106 0.611847101453152 0.572728959523642 0.586616692378456 0.674366738773156 0.694567254097816 0.690228331776337 0.680821001840512 0.680030487729016 0.693793834997726 0.706883177834709 0.719662870679279 0.731603896783413 0.742051440039289 0.749410756574472 -9999 -9999 -9999 -9999 -9999 -9999 -9999 -9999 -9999 -9999 -9999 -9999
0.638410440126165 0.617048377538121 0.600500502850222 0.58341031641415 0.566659694606904 0.600431280097927 0.620229752621222 0.611577138158379 0.607328678501157 0.605478963050014 0.622325436013015 0.639634363595068 0.656419506253339 0.66234976878609 0.661087828487411 0.64373246631511 0.628944228809612 0.626918953811171 0.629193029614482 0.634906560584064 0.642027733843666 0.647209068863495 0.643347075770429 0.642818031825277 0.64549586019763 0.647400864948116 0.648901872306342 0.648977510241373 0.642327648216728 0.627899951686817 0.596486164816533 0.562131894659902 0.544034063731689 0.569887970812846 0.656987486360614 0.671249867977556 0.659678427332574 0.653647927012445 0.658937738434699 0.683347634495891 0.689401524403169 0.687447809074486 0.715821698248115 0.737969993036199 0.74724499171909 0.747145586197425 0.741863910713406 -9999 -9999 -9999 -9999 -9999 -9999 -9999 -9999 -9999 -9999
0.625335414841848 0.607076589598209 0.602948333521276 0.591320426611214 0.576726279080916 0.592756755008812 0.598980203248002 0.585235259440894 0.594891056247759 0.617292179557241 0.619818567215416 0.624427589638907 0.636101043716531 0.637440753705167 0.631933554042415 0.617692898242382 0.605358200948545 0.601595858362097 0.602666501451708 0.607603504445065 0.618126618645527 0.626888342792079 0.62480859674229 0.626372515574233 0.631442268886369 0.630212012007649 0.628984342811024 0.635463659782162 0.63381988530637 0.622782004619272 0.614343851441915 0.605203782872848 0.583182119294246 0.590126102243591 0.637432963353857 0.631390411717826 0.607937225336528 0.615092349612352 0.628505070702491 0.652486915987162 0.672048324497858 0.689646940517493 0.710247119355159 0.72686238410568 0.735237635803525 0.739537932168905 0.741585550053969 -9999 -9999 -9999 -9999 -9999 -9999 -9999 -9999 -9999 -9999
0.618754320225543 0.600910014747005 0.597835130556272 0.590948279161696 0.582468518266206 0.58212537148246 0.578874779559932 0.569704248770383 0.587276263145676 0.619413734027647 0.614119531983106 0.610522808422708 0.614606555694662 0.612910046529605 0.607383667644023 0.597272717700184 0.588156558691944 0.58352200962333 0.5854052965068 0.592502813531521 0.601201215172991 0.608281558855646 0.60755815136484 0.611349379475061 0.619484466219194 0.617837493341753 0.61592065851484 0.624364548895456 0.624954688386883 0.616462205764278 0.619871039115846 0.6241570068829 0.606378209168016 0.603933133748325 0.622855203168888 0.603075705571707 0.572436605034746 0.595108690535533 0.616925072724168 0.637296166114535 0.659283480441623 0.681976671581195 0.70210180819906 0.717544345619409 0.723304195367156 0.73485077239752 0.749596313577785 0.766728114575646 -9999 -9999 -9999 -9999 -9999 -9999 -9999 -9999 -9999
0.620492493085083 0.599618235625217 0.583035612102551 0.579965868038562 0.582670910022572 0.56770600537897 0.560235076417298 0.568022862853622 0.585839916927499 0.609119460105094 0.604331064978976 0.5982859886322 0.59160548081981 0.588863983372256 0.588732386832995 0.584051441844046 0.579133847536979 0.57473505128493 0.580013744325396 0.593034371457427 0.59321228094327 0.591870477920675 0.591957784654035 0.598148431129454 0.610211543818581 0.611630538913273 0.611637322264331 0.616358921049328 0.615631588653379 0.608602734406258 0.609601827947237 0.61221220796636 0.609138498890083 0.609501389204537 0.614653091754274 0.589550788391154 0.557741526089204 0.598917209720166 0.629496919034681 0.642179954620329 0.652396703388911 0.661662876592784 0.690663174339162 0.71051889631428 0.711465446832113 0.726487366872941 0.749290300309012 0.766728114575646 0.779130011709283 -9999 -9999 -9999 -9999 -9999 -9999 -9999 -9999
0.612852240168364 0.595541723919711 0.574550589478374 0.579295625315804 0.594974202783532 0.571338961448249 0.55629679220367 0.558751242509468 0.572476206424473 0.592339710062267 0.577153549188658 0.564485624558977 0.561357348915141 0.5586481711827 0.556216678431588 0.550477832811327 0.547228358564769 0.552899167007235 0.563019408505566 0.576699170084171 0.575488341169952 0.574193746353522 0.581636596539205 0.587893972083641 0.593010716420879 0.597703205468358 0.601810167156316 0.603001745054818 0.599541010313988 0.590700018641717 0.579663306597806 0.570372300399458 0.582362822607033 0.589896947804577 0.591221199199405 0.570417757300872 0.544903618815553 0.576191821529836 0.606884969640786 0.636573066421045 0.654679824534662 0.667670698299001 0.691842047823047 0.710227449102649 0.716648655417514 0.725512879286977 0.735727629143419 0.75193227433463 0.757093116136774 0.733254448912346 -9999 -9999 -9999 -9999 -9999 -9999 -9999
0.602497177479335 0.59019117594696 0.568644188577091 0.581469647000563 0.608832485583097 0.578010785096944 0.554698079611621 0.546674670823498 0.554793895324294 0.571705283084932 0.543569547039319 0.523460848330402 0.527723163527153 0.525892605643038 0.520025045183398 0.512449603237677 0.510499574655386 0.527087022128365 0.541543842244446 0.554296173099707 0.554690088563984 0.556576056585256 0.572301746038392 0.577979269380071 0.573988722698935 0.581324834704207 0.589324020126491 0.587382327570731 0.581311215028645 0.570464554876873 0.545059615234546 0.521052413844023 0.546327760459017 0.561715316455232 0.563324492340327 0.549594513364508 0.532199326625354 0.547158322562826 0.575614552193467 0.6268677026579 0.658225958385715 0.680584927834457 0.695782102425265 0.710588290455888 0.724585995721537 0.725231290955587 0.718495232460706 0.732915633489652 0.74050004205044 0.728363161173285 0.731755446159455 0.745583799428936 0.742219664347901 0.735890035382909 0.725010285124116 -9999 -9999
0.595937666023363 0.580149808899508 0.569516306040824 0.577719142235051 0.593574794065505 0.550187702318153 0.523326302042969 0.530113372703831 0.531172358313261 0.529111514707899 0.499954723374325 0.47894963522226 0.481005310609661 0.486262243165113 0.493640257722571 0.500522754518855 0.505419742131075 0.504082509015139 0.510807497015714 0.52398221413807 0.5346452988765 0.544759835575645 0.554093487441673 0.56049170017076 0.56406551381957 0.565383076108524 0.565974474779126 0.565062560541657 0.563579734399323 0.561436666142685 0.531204833444213 0.498426380623311 0.513424981454815 0.527678223952226 0.540892828917547 0.530210274411843 0.51372057538224 0.545931168131083 0.577560417359086 0.60820777336933 0.64076102362578 0.673981498643284 0.683534561839032 0.692097639903836 0.698613624801125 0.703980987481446 0.708713379631031 0.720660490024472 0.72805032235344 0.722991996291069 0.730127563713183 0.745457795688662 0.742219664347901 0.735890035382909 0.725010285124116 0.720137866278424 -9999
0.595510578772987 0.579643804398811 0.576947206575339 0.579416226294457 0.583582784371284 0.536527401931668 0.507832702027836 0.516522755053211 0.507943317978613 0.48995796963442 0.464643772856071 0.446569121842091 0.447459491688951 0.458064786094935 0.475106974056011 0.487631438808131 0.495150316969355 0.487870853943353 0.49152893259989 0.503936979793768 0.517280352433353 0.529424829195456 0.535940280362609 0.542536203520535 0.54920955462233 0.54713623372694 0.543996383053701 0.545281697939444 0.54739411549783 0.550463051938862 0.517888537612563 0.480328237343001 0.487567417339544 0.500515934774589 0.521420266045435 0.515652091911749 0.503269909413867 0.542917289455023 0.574512382694235 0.592507107967097 0.62501420755287 0.663730541893963 0.663270979729243 0.666183947815536 0.676070640474346 0.687078392595697 0.698705878265119 0.710120772221147 0.718865106073937 0.720765498737846 0.728346672431628 0.739745502479401 0.73463217068737 0.727722947777406 0.719885723696275 0.727853526237665 0.748640449995553
0.604576274723741 0.593898215415017 0.594530879270878 0.589545991778062 0.581741870276381 0.544790604921261 0.516917978504491 0.507530649297245 0.485321849092251 0.45612977272494 0.44218693432827 0.432966517284759 0.434303531469675 0.447565076074894 0.46872755007414 0.473247161137856 0.47684757966916 0.482174311091724 0.489986621511705 0.499787380401711 0.504063711795319 0.508642863255011 0.517872291152445 0.523856371175074 0.526717866424124 0.525321200380999 0.524141254689424 0.529430972667032 0.533601437748028 0.536477521169433 0.505405799651544 0.469239113028403 0.472615605224427 0.483995606317572 0.506528289749868 0.508564479953542 0.505246445230356 0.537137622679042 0.563733961671643 0.581387281979449 0.611926980520598 0.647833337075557 0.630598839150045 0.628779640982698 0.658836229454761 0.67690590209732 0.688349080672733 0.702236474747481 0.71473322957699 0.723406838795492 0.726328928699476 0.725385823986608 0.715299496011206 0.706913487527016 0.706828516221057 0.721414805338363 0.747900642001934
0.606616537119279 0.60379589912111 0.609227723598965 0.595414033452651 0.572885049541224 0.532743725430952 0.49930833330014 0.479527096439625 0.467010074691407 0.458449542821813 0.457419543581875 0.456766763456401 0.456385727701646 0.460823212592153 0.468453342396966 0.474110403070078 0.478860981790636 0.481256224763815 0.488370258054234 0.499259295637992 0.501874638573671 0.50520388516673 0.516596174609387 0.521740102935053 0.520872029454935 0.518540725279011 0.515432787409239 0.509557379138339 0.50964425913988 0.516626342729819 0.489111768083957 0.455979679146779 0.459058596025621 0.469878137141963 0.491484037633582 0.508267406189167 0.524029944327006 0.552274348668436 0.575061735927613 0.588632183683421 0.602517310830582 0.616364276107901 0.607768679793901 0.610346376623851 0.636028230616071 0.651797379738822 0.662086680588575 0.683984568542552 0.697716741974978 0.689278189339057 0.671578889120084 0.64765608694474 0.667798990559222 0.688248841859601 0.696501859503925 0.713764031271524 0.738333336492462
0.605901870589938 0.611510324694237 0.621757548496704 0.598901435403895 0.561278499155454 0.512888047195607 0.471729376919228 0.445295560740595 0.451343109829932 0.475081791538543 0.486717154469175 0.493962268417471 0.491204826462124 0.482728155822204 0.470462051097049 0.480341740440166 0.487823942852817 0.481386904040183 0.486102356657387 0.499739736336123 0.503573963233203 0.508043457001934 0.521177982632102 0.525553017849079 0.521499911478874 0.517641479049771 0.51112895039032 0.488815875116001 0.482641806976372 0.495132005779794 0.472132982537836 0.442874654830356 0.446536988298469 0.456804955586376 0.476277702501306 0.509648171375607 0.547359467804585 0.573676630727347 0.593333595662903 0.60174144024511 0.594035388143631 0.579285880771482 0.589416949491332 0.599953077701783 0.611326788709923 0.621109083930838 0.630011627644159 0.661644427455629 0.675513730734343 0.641409418776115 0.597363146210274 0.546635575969838 0.609787934073858 0.670000931096537 0.686483518591777 0.705052399044448 0.725313427378499
0.608854868455298 0.605327742161286 0.600545194714422 0.580451088056833 0.553384480316154 0.508932198160522 0.475072614849114 0.462781152895559 0.465945189305744 0.477527137616927 0.472007798081899 0.468318143025954 0.470802342467564 0.469428195141576 0.465497592817866 0.457803356482295 0.451539347934997 0.450924001684228 0.462672262703806 0.484311336281045 0.484670096607299 0.484041798467296 0.492241045170485 0.501442391463415 0.511607930515103 0.508403948789 0.502150876317448 0.49434192763621 0.492980334009389 0.499074908832586 0.484723546687408 0.465146482315293 0.449922610005182 0.445952548337571 0.457664380301129 0.473937850907377 0.492280615560302 0.518205945763715 0.541330351778842 0.55972397751459 0.566115780389139 0.567262094276945 0.587009822494553 0.600115193793121 0.599485486614087 0.607658650171011 0.62069813393368 0.643943060832098 0.655473566276941 0.635852682541675 0.59197331250457 0.531791507312616 0.584705719287153 0.636181797963486 0.649073023428424 0.677030470550079 0.717207809881021
0.609063191067406 0.596029950798494 0.578005961751345 0.561105468964642 0.544419139392434 0.503074274345952 0.473287628250574 0.467035028830562 0.468257370262902 0.473550974366906 0.458800151597827 0.448143820113906 0.449653217518965 0.451166319977401 0.452681877322033 0.434582300634986 0.420749973408222 0.426127654343312 0.442207310246182 0.466848482710402 0.46352362485836 0.45838489452579 0.462667170154343 0.476559802751896 0.499699257415276 0.496767680093665 0.489866316365172 0.491517916736986 0.493924937335547 0.497205578265799 0.489208079403494 0.47635187961047 0.448067001192573 0.433030130832353 0.436454016547124 0.437894093527556 0.440349508719378 0.47315374261556 0.503255590667255 0.528793090382127 0.541544472296586 0.548701112739038 0.574866197187633 0.592183866524594 0.591206833790687 0.597977811555065 0.609031971609981 0.622626096901842 0.629198594933894 0.617461997697297 0.579333613501163 0.523469151704184 0.56451176681481 0.604765247707661 0.613406609761839 0.647679225115882 0.702740805324533
