layers/veg_sum/veg5400.asc
NCOLS 255 
NROWS 330 
XLLCORNER -2985163.8955 
YLLCORNER -3022031.214 
CELLSIZE 25000 
NODATA_value -9999 
[rows 150 to 174 of 330, columns 57 to 113 of 255]
-9999 -9999 -9999 -9999 -9999 -9999 -9999 -9999 -9999 -9999 -9999 -9999 -9999 -9999 -9999 -9999 -9999 -9999 -9999 -9999 -9999 0.414188541216053 0.41528179944803 0.285730614211565 0.156527885995031 0.0966488335700473 0.0586613257794801 0.040894355157883 0.0710259793106264 0.102947529737503 0.0943746235989355 0.0854125247003588 0.0760184012729683 0.0647162617413921 0.0506663646847536 0.0184357797867571 0 0 0.0035501957296778 0.0122849691713391 0.0791123344178541 0.115228004225865 0.101676218208298 0.118283527706189 0.149003309143883 0.244355025758348 0.309060984952432 0.313250432953735 0.320225285294133 0.328672495847397 0.358487971532507 0.378325887647293 0.37227253698185 0.367338101419657 0.363124236129144 0.352792703081709 0.345940230960664
-9999 -9999 -9999 -9999 -9999 -9999 -9999 -9999 -9999 -9999 -9999 -9999 -9999 -9999 -9999 -9999 -9999 -9999 -9999 -9999 -9999 0.440592305897593 0.444398931977124 0.334629705979317 0.216615231956334 0.125058544764298 0.0714250172864567 0.0528199299379646 0.0746142401928607 0.097400870047254 0.0832316780517414 0.0738180250260535 0.0696832715427064 0.055508476689182 0.0378940013533037 0.0137883479214526 0 0 0 0.00365953000482037 0.0607878413417069 0.097059548471279 0.0996016143893275 0.120039799406564 0.149212145327965 0.236219819770991 0.294801916201221 0.297251713913046 0.301741752337877 0.307310257227291 0.347236112919307 0.375044474926451 0.370821230770004 0.364671508363554 0.357281152997589 0.354590655936243 0.353989738338452
-9999 -9999 -9999 -9999 -9999 -9999 -9999 -9999 -9999 -9999 -9999 -9999 -9999 -9999 -9999 -9999 -9999 -9999 -9999 -9999 -9999 0.437203908674012 0.435021408832588 0.356211564260026 0.265880844039286 0.169836351958658 0.0948624835902424 0.0393508933324518 0.0620317969382891 0.0901067468077581 0.0654613822292278 0.0581139337340484 0.0699680861247553 0.0590581180706907 0.0411467619069346 0.0149719176849221 0 0 0 0.00352956573973438 0.0586290266535551 0.0945277547189239 0.0993747437984485 0.114859318637065 0.136203706169569 0.228091629071114 0.287243364183505 0.281750592469843 0.286500415305111 0.296664449640486 0.344077647010437 0.376048199471651 0.367654046512019 0.363161990186683 0.361182845541356 0.363182093654503 0.364332985565068
-9999 -9999 -9999 -9999 -9999 -9999 -9999 -9999 -9999 -9999 -9999 -9999 -9999 -9999 -9999 -9999 -9999 -9999 -9999 -9999 -9999 0.449827842340315 0.444720295415642 0.381398841070218 0.304650929561789 0.205076051214918 0.113146830531287 0.0282796654285886 0.0519185925735355 0.0863802749286108 0.0657545525826924 0.0601672151358829 0.0712732795653233 0.0587474430431887 0.0393226396901755 0.0143081811863289 0.000374578271025117 0.0012497538655961 0.0109481014270838 0.0248095046532041 0.0556108242928521 0.075576318040778 0.0780179370521756 0.103398959512974 0.139559036532683 0.227310588169692 0.285714264836285 0.286164372929945 0.291593832232618 0.299655364927452 0.34530157159228 0.375693724161001 0.366158894574769 0.364187802318275 0.36708768217287 0.37013570501913 0.371980805670485
-9999 -9999 -9999 -9999 -9999 -9999 -9999 -9999 -9999 -9999 -9999 -9999 -9999 -9999 -9999 -9999 -9999 -9999 -9999 -9999 -9999 0.458927273855474 0.469903331525369 0.409868840214501 0.333864870862397 0.231631332920949 0.126739278353276 0.0193916348743297 0.0440536225220872 0.0859021384937658 0.0824944525910013 0.0783885290310755 0.0735075247763596 0.054921961956726 0.0328760315340908 0.011962478093625 0.00109020889037094 0.00363740473071103 0.0318644150815923 0.0655830936825285 0.051810152134744 0.0416748476537814 0.0374223892920643 0.0862207907195147 0.15781352804419 0.233219104260908 0.289674963353563 0.308710609504254 0.315201979263652 0.315062473889427 0.350515649057325 0.374102612114699 0.366186122854325 0.367522024793862 0.374816375253081 0.375598080593387 0.377174447782885
-9999 -9999 -9999 -9999 -9999 -9999 -9999 -9999 -9999 -9999 -9999 -9999 -9999 -9999 -9999 -9999 -9999 -9999 -9999 -9999 -9999 0.460988131634537 0.460983373190554 0.430850303241233 0.388237860742701 0.311937512108794 0.197436644404371 0.0476511483816279 0.051929281069824 0.0806679148475101 0.0804286806351594 0.0769941156396399 0.0700125646314039 0.0564345852908291 0.0407325974157602 0.0218656726517284 0.00885744983083106 0.00367896711781465 0.0338135784198622 0.0730724066295126 0.0699989678781397 0.0637605466218967 0.0524036639292241 0.101852168916208 0.177418836396285 0.256919544022384 0.310474118650984 0.312792581656893 0.319401158588525 0.328277479697909 0.353926170631311 0.372945033485835 0.374580005227555 0.377950364217539 0.382438295449885 0.389131952764442 0.391604141511024
-9999 -9999 -9999 -9999 -9999 -9999 -9999 -9999 -9999 -9999 -9999 -9999 -9999 -9999 -9999 -9999 -9999 -9999 -9999 -9999 -9999 0.440590651838055 0.444513660100984 0.446294970927119 0.438122104746111 0.391693440022356 0.269992965910501 0.078766268550111 0.0595150305754477 0.0715975072984417 0.0731504942660485 0.0703252955933748 0.0626400795137547 0.0559057025399663 0.0481663283443598 0.0302721058432795 0.0149380375892173 0.00302543412117804 0.029556547153993 0.0677674340727235 0.0854133890274086 0.0911995439666967 0.0778058364804676 0.125567772301061 0.199713358790323 0.284042464525905 0.335271247932839 0.321136464069804 0.327013737469992 0.343469337490235 0.360821458321265 0.375768213535174 0.38477044506674 0.388012692914162 0.387545568177284 0.399181997741427 0.402200535913561
-9999 -9999 -9999 -9999 -9999 -9999 -9999 -9999 -9999 -9999 -9999 -9999 -9999 -9999 -9999 -9999 -9999 -9999 -9999 -9999 -9999 0.437333940547478 0.43550058297711 0.43999496308212 0.439363989481874 0.415170861463465 0.295637569280601 0.0880415403024411 0.0499412757785888 0.0470318717288264 0.0570759773543333 0.055337861133792 0.0405208560837149 0.0393160788587266 0.039167471602975 0.0186259334443104 0.00512648112993208 0.00103827767465703 0.0114258905874029 0.0280846479518306 0.0643684263197934 0.0912535350883771 0.102938961765783 0.159308560737519 0.234839753097294 0.311534709748873 0.36441766188044 0.370278789154138 0.371890895447335 0.371256979197422 0.38787403886133 0.399141195233252 0.39612084551575 0.389101025898495 0.379505587180318 0.382855189973354 0.383421721821121
-9999 -9999 -9999 -9999 -9999 -9999 -9999 -9999 -9999 -9999 -9999 -9999 -9999 -9999 -9999 -9999 -9999 -9999 -9999 -9999 -9999 0.434893597393228 0.433490971890019 0.440513279551739 0.444405118459317 0.431534041182202 0.317264928645973 0.109337612677445 0.0561418247758071 0.0371930843326046 0.0415568500061411 0.0365620705109726 0.0211788113668034 0.0257873680239036 0.0323035524162348 0.0117541722675611 0 0 0.00139835582359886 0.00616653096059588 0.0532152561709364 0.0890973031013221 0.106920415405366 0.16313343946123 0.23595101421364 0.317458815929581 0.3767414711211 0.392135887234153 0.397191945494657 0.396783171996948 0.400527652716379 0.40153306519235 0.395550404028589 0.387555262548631 0.378264103628223 0.372903306838772 0.368349867885588
-9999 -9999 -9999 -9999 -9999 -9999 -9999 -9999 -9999 -9999 -9999 -9999 -9999 -9999 -9999 -9999 -9999 -9999 -9999 -9999 -9999 0.437076786872188 0.439533035000383 0.448492310840102 0.453603438633015 0.440112708725645 0.334496558137902 0.143787029070787 0.0796028584084598 0.0434686396004742 0.026645438418531 0.0136410025939723 0.0048755981022065 0.0156079548725585 0.0277757145767671 0.0101066449219947 0 0 0.00023738095377627 0.00368678681730716 0.0528858368326511 0.0845226111614712 0.0877573862062198 0.134223871917602 0.199842395994994 0.299782734272292 0.370657728823344 0.384137072328694 0.40107251863481 0.419834852790491 0.397425696850107 0.380967081573086 0.381935994847719 0.383127230675338 0.384461640030548 0.369926963805662 0.357334226488355
-9999 -9999 -9999 -9999 -9999 -9999 -9999 -9999 -9999 -9999 -9999 -9999 -9999 -9999 -9999 -9999 -9999 -9999 -9999 -9999 -9999 -9999 0.441145583370388 0.444971867509593 0.446443601060847 0.436612906587184 0.331702285193668 0.138969300033126 0.0666749732405077 0.0235852545788256 0.0124359423230367 0.00471918318298134 0.000812739379774961 0.00740894944692928 0.0147065550241519 0.00535121893062672 0 0 0 0.00205846128545414 0.0341927564095419 0.0518173516614145 0.0459766231284561 0.118585228525199 0.224333349497274 0.304987937891113 0.360140442443864 0.364933704082878 0.376398833805522 0.391390697377975 0.388981374363487 0.385395155878716 0.380146834587578 0.376135283080007 0.372920199093843 0.364037640558819 0.356425195470478
-9999 -9999 -9999 -9999 -9999 -9999 -9999 -9999 -9999 -9999 -9999 -9999 -9999 -9999 -9999 -9999 -9999 -9999 -9999 -9999 -9999 -9999 -9999 0.395622027776396 0.434003003420641 0.428791518520583 0.323785758330035 0.126603137782664 0.0483614606148779 0.00158329191661768 0.000545801244919652 0 0 0.000552240583337394 0.00109618193289025 0.000398863602050923 0.000144494235351356 0.000482094780064275 0.000384976781377478 0.00090405152255972 0.0125884727699867 0.0153086618178844 0.00353174803823427 0.108868678835206 0.262520976938415 0.316071917135728 0.350091398915626 0.345541896881059 0.349015360136087 0.356729744061008 0.380294972750207 0.393498007219082 0.380254710332308 0.368921191363537 0.35881755050547 0.3580530561838 0.357627915742983
-9999 -9999 -9999 -9999 -9999 -9999 -9999 -9999 -9999 -9999 -9999 -9999 -9999 -9999 -9999 -9999 -9999 -9999 -9999 -9999 -9999 -9999 0.351960512614261 0.384296914494689 0.413160091455188 0.411468856443942 0.316062649673005 0.134094845655216 0.0610139722317675 0.0155255880663373 0.00535206755354313 0 0 0.000200138939661776 0.000397270132519425 0.000144553190751967 0.00141689473209586 0.00472736889871761 0.00377504038266014 0.00174080921422076 0.00510193933397472 0.00554805176641685 0.00127994995089471 0.118754418358804 0.286044830278039 0.327139162786789 0.352592251846831 0.347158406991407 0.357766845978443 0.376855198648766 0.38043710625046 0.380141180019857 0.371446114269096 0.365116949328359 0.360311401134322 0.357169070566349 0.355038244724893
-9999 -9999 -9999 -9999 -9999 -9999 -9999 -9999 -9999 -9999 -9999 -9999 -9999 -9999 -9999 -9999 -9999 -9999 -9999 -9999 -9999 0.341915035388643 0.345391763673486 0.372955217305151 0.397226527226568 0.395950105078635 0.310144283876037 0.146261292514857 0.088041026634906 0.0509510770524365 0.0175641402531913 0 0 0 0 0 0.00159099067078503 0.00530822766494003 0.00423888514411013 0.00164770474112226 0.000629292099768987 0 0 0.119403556448197 0.28758124166505 0.32740221453694 0.352502430760833 0.348533408387211 0.362024332603699 0.38474454371306 0.378543711859072 0.372042843475142 0.366828938436206 0.363464023153946 0.361289839007078 0.358454641574416 0.35684615251235
-9999 -9999 -9999 -9999 -9999 -9999 -9999 -9999 -9999 -9999 -9999 -9999 -9999 -9999 -9999 -9999 -9999 -9999 -9999 -9999 -9999 0.33711045911475 0.332094909073743 0.36159167866609 0.387758705081554 0.382807152297287 0.30660281262513 0.164584495468983 0.133999737789168 0.114670504756754 0.0395298577570609 0 0 0 0 0 0.000318590174040514 0.00106295354628664 0.000848821542827427 0.000329946963160067 0.000126013485351738 0 0 0.107887843766364 0.260159604780756 0.313435854371445 0.349000622804919 0.349590336355971 0.360363102238571 0.376518605744563 0.373969472871447 0.370870079561188 0.36773197498712 0.36464443742346 0.361589464514904 0.362597576600747 0.364445789033072
-9999 -9999 -9999 -9999 -9999 -9999 -9999 -9999 -9999 -9999 -9999 -9999 -9999 -9999 -9999 -9999 -9999 -9999 -9999 -9999 -9999 0.385052612335919 0.381223154611436 0.377398183004102 0.373646128892709 0.370180136796871 0.30606916114623 0.18594230518381 0.139739457678171 0.102357883744983 0.0352853821768376 0 0 0 0 0 0 0 0.00350799422521621 0.00760777587095769 0.00290556501594212 0.000563404100497439 0.00203795452078816 0.119194903060498 0.283638699979894 0.325498277134067 0.355359849198971 0.361528829845236 0.370609815877018 0.381230081138424 0.374411702679374 0.368832931344323 0.367503793495307 0.36736372590414 0.367989407811086 0.369526411469731 0.370193871383901
-9999 -9999 -9999 -9999 -9999 -9999 -9999 -9999 -9999 -9999 -9999 -9999 -9999 -9999 -9999 -9999 -9999 -9999 -9999 -9999 -9999 0.448848887252809 0.446991773082981 0.400880336066882 0.359293120087084 0.35861536521314 0.305911937410357 0.205154017758497 0.134331418547719 0.072333026394354 0.0267491305144473 0.00198838624597217 0.000342440575337775 0 0 0 0 0 0.00755462941415168 0.0163868843884853 0.00631015403347448 0.00127792190497454 0.00440373475738794 0.136351532736064 0.32053675514911 0.345458097528611 0.365700585587799 0.376703689024815 0.384032161243839 0.389418232003539 0.376523580720352 0.367097682979765 0.367431226512467 0.370613020688373 0.37562906013796 0.376466335946997 0.374513117544929
-9999 -9999 -9999 -9999 -9999 -9999 -9999 -9999 -9999 -9999 -9999 -9999 -9999 -9999 -9999 -9999 -9999 -9999 -9999 -9999 -9999 0.450207502915634 0.450751795589789 0.405070221373564 0.363010533730546 0.359316854141577 0.297095259021312 0.180813253309355 0.16043458585157 0.148220164017518 0.0797282363368054 0.031384067326507 0.00540497506130856 0 0 0 0 0 0.00287490065834623 0.0062850385442991 0.00321589832757882 0.00148142853906161 0.00190540958134321 0.129060658375944 0.308050340843668 0.354436534722309 0.385520961120926 0.386388820499457 0.386402189349539 0.385963876506692 0.378553521323877 0.373503357458602 0.374711734754826 0.374082772326424 0.372270581268167 0.37073281950419 0.367662296570379
-9999 -9999 -9999 -9999 -9999 -9999 -9999 -9999 -9999 -9999 -9999 -9999 -9999 -9999 -9999 -9999 -9999 -9999 -9999 -9999 -9999 0.446398936917924 0.449113504772883 0.408779263693755 0.368966951633043 0.353607718274913 0.286262616511282 0.170899789095619 0.181409305647792 0.198844697814589 0.121897020691829 0.058476161508922 0.0100707850052892 0 0 0 0 0 0 6.10130589346517e-05 0.001013477725666 0.00322785932840912 0.0074830336252714 0.131209576571755 0.303952850991789 0.359898599481342 0.395202235484125 0.389743666976423 0.386624806897835 0.384742711217495 0.381555271820349 0.379217002154841 0.379046424640118 0.376888611304732 0.373451037734606 0.369278165481465 0.364391595368197
-9999 -9999 -9999 -9999 -9999 -9999 -9999 -9999 -9999 -9999 -9999 -9999 -9999 -9999 -9999 -9999 -9999 -9999 -9999 -9999 -9999 0.44302592620251 0.439778564397404 0.41172237388979 0.378489866991671 0.337687133755721 0.272218755942989 0.183967491344949 0.194214949875692 0.209228570202733 0.14684610398661 0.0818988849078891 0.014104654628441 0 0 0 0 0 0 1.39460984398942e-05 0.000231656310559948 0.00743200544033008 0.0259247923543565 0.148395087932258 0.313218032337416 0.359759454107598 0.388732991873063 0.383015037618234 0.383426826088916 0.38707878221425 0.386105012901052 0.383828316451642 0.378688736815855 0.37863690749253 0.381861539103767 0.374639287656915 0.366823647079177
-9999 -9999 -9999 -9999 -9999 -9999 -9999 -9999 -9999 -9999 -9999 -9999 -9999 -9999 -9999 -9999 -9999 -9999 -9999 -9999 -9999 0.443643726978927 0.442902889202062 0.418923908808723 0.3880745947038 0.342138184113232 0.280781672506269 0.205182094411385 0.194232825425105 0.186387892932488 0.12761374294328 0.0694489319267565 0.0119605193677875 0 0 0 0 0 0 0.000411807192145728 0.00684046044889776 0.034005474890923 0.0947056715639335 0.208126682033039 0.342063018456049 0.364107833925853 0.379425116086 0.381457464894724 0.385160969000724 0.389747841884602 0.386945827651396 0.382960006584638 0.37659564534859 0.376248490955737 0.379776358320267 0.374582621942326 0.366864325763068
-9999 -9999 -9999 -9999 -9999 -9999 -9999 -9999 -9999 -9999 -9999 -9999 -9999 -9999 -9999 -9999 -9999 -9999 -9999 -9999 -9999 0.414445332744184 0.446535294036846 0.42673850178256 0.396945155379495 0.354599789218383 0.298015476203434 0.228279091970432 0.187816187728464 0.149170118285163 0.0896899211656505 0.0419439541066044 0.00722360245918131 0 0 0 0 0 0 0.00108414686594743 0.0180085824112695 0.0713373309750366 0.183539729556744 0.284086013098067 0.377760816749931 0.369747900192556 0.368825596439056 0.381905203071492 0.388827134249045 0.392494132596592 0.386212707376449 0.379819780954694 0.373849272557875 0.37221977134354 0.373385835865838 0.3720804677565 0.365527091919036
-9999 -9999 -9999 -9999 -9999 -9999 -9999 -9999 -9999 -9999 -9999 -9999 -9999 -9999 -9999 -9999 -9999 -9999 -9999 -9999 -9999 0.392284962763193 0.385205594867565 0.381413981882016 0.372483110322549 0.34151612208833 0.277058412007484 0.181666366445772 0.134115366349112 0.09450957523798 0.0477979799148294 0.016680298952927 0.00287268692479497 0 0 0 0 0 0 0.00568033105517281 0.0943550298796266 0.168985610202273 0.220903812541932 0.28407550209905 0.350791950905023 0.348464905430451 0.353885426182915 0.374605150406312 0.385975707450864 0.392404316611573 0.384928890320346 0.378272460776125 0.374590183110687 0.372763161840904 0.372130907360103 0.362182336268819 0.347483592052815
-9999 -9999 -9999 -9999 -9999 -9999 -9999 -9999 -9999 -9999 -9999 -9999 -9999 -9999 -9999 -9999 -9999 -9999 -9999 -9999 -9999 0.318835284938361 0.328607574140252 0.342465520571481 0.348968211770657 0.324255350647547 0.252522720300792 0.137359395266173 0.0851595259551518 0.0466194267811029 0.0160709095445415 0 0 0 0 0 0 0 0 0.00869225267058946 0.144385556491087 0.235977017415526 0.25624625719289 0.288247672736718 0.324768808878264 0.333920025730077 0.347412469959219 0.369477583206349 0.382225993255443 0.390049615804951 0.38252082547308 0.375906843869642 0.372602499863273 0.368283461790172 0.36331097076321 0.343303730804069 0.321973817810213
-9999 -9999 -9999 -9999 -9999 -9999 -9999 -9999 -9999 -9999 -9999 -9999 -9999 -9999 -9999 -9999 -9999 -9999 -9999 -9999 -9999 0.307805028356127 0.298080903397449 0.31590784917287 0.327293932026491 0.298877084484308 0.221032572164211 0.0975332671144163 0.0454247524155946 0.0118863934612766 0.00409754403510678 0 0 0 0 0 0 0 0 0.00862542831147077 0.143275548229229 0.243391986439 0.287659990160336 0.300548176685163 0.300583520908202 0.332469531370381 0.357394110056162 0.368571873538937 0.376730609652724 0.383293494966967 0.377927975465418 0.371951005873116 0.365312256726187 0.354042236055285 0.339789722279626 0.306973095250738 0.281954603932366
