layers/veg_sum/veg5800.asc
NCOLS 255 
NROWS 330 
XLLCORNER -2985163.8955 
YLLCORNER -3022031.214 
CELLSIZE 25000 
NODATA_value -9999 
[rows 125 to 149 of 330, columns 57 to 113 of 255]
0.11797596745531 0.153061229005923 0.189652683513618 0.168704030884206 0.173198621539629 0.218253062068742 0.197613311535751 0.150293805852989 0.148684469642955 0.144427739589725 0.135022031165445 0.158989168313071 0.200333333013723 0.157779225813976 0.126298954882623 0.126498650818373 0.140433797044916 0.163088911212517 0.240009275425176 0.315047042541311 0.37190848796569 0.445835512821559 0.532861043913925 0.573522210367449 0.608802350628834 0.646913211608959 0.666737438794917 0.669670872548739 0.687160032186105 0.702212518830883 0.688820519772942 0.663357276932044 0.624494315639531 0.587440225561791 0.551120272899398 0.516895833817664 0.485980843077356 0.459488695599142 0.43814363308402 0.418804875936046 0.403178697484864 0.38840359271709 0.375004858220361 0.36107302591976 0.346939288201002 0.334236813848616 0.322171052452434 0.311362615070542 0.300373315733049 0.289288413189232 0.279392835728076 0.268417471305627 0.25471858804435 0.25009623625067 0.251319081046543 0.246539414550224 0.241426599271929
0.125669490236791 0.14199966104932 0.156252940102799 0.152590460766378 0.155852583517575 0.170153425584726 0.166001415675305 0.153897496203994 0.133836261122856 0.116941590370482 0.106205644841881 0.141886035654064 0.201735116360143 0.147257331217095 0.0998074542967752 0.0761342777959842 0.0649626124428178 0.0617275472093541 0.110856970546414 0.166807659918294 0.231448925594005 0.312722515429992 0.406762070969956 0.472221035757043 0.531823019464997 0.58312430385837 0.621814263588477 0.648855535966362 0.680950784420139 0.708067014585827 0.702928535533596 0.681409906429119 0.641708445228649 0.60491868050377 0.569122065326352 0.535172445151898 0.504015444655461 0.47659058252538 0.452926556683655 0.430868686509471 0.413571971356208 0.397109385353874 0.381995766647713 0.366187284019292 0.350104282794053 0.335272733800393 0.321348506367088 0.309215976708114 0.297365206448824 0.285663373548593 0.276543213649516 0.267463263706774 0.258301264232434 0.252262249011655 0.248234404795276 0.242340367877881 0.236409803537883
0.122501300839297 0.123178839159076 0.125776639427619 0.163253277100606 0.178095128818727 0.156854178121497 0.156193507083909 0.162955330562458 0.1128987544096 0.0827828994288068 0.0914502206958712 0.124989913611542 0.171480491596801 0.137186762678321 0.10430661825668 0.0796822736953448 0.0607629644046045 0.0454655039509239 0.0735109620113107 0.103467505322304 0.1292755825625 0.198548356555086 0.301182001988591 0.398902495880705 0.484393983644963 0.524073898740193 0.576720296124891 0.641343428886807 0.682993473692831 0.714353900751698 0.714070486958635 0.695032847293285 0.655177025923954 0.61964158005112 0.585254524928438 0.55097587919267 0.518590791436409 0.488736309777309 0.463293418402047 0.439697697114769 0.421147750807123 0.403291230290808 0.386556129297821 0.369379632143911 0.352048463092452 0.336579079089039 0.321677417338358 0.307896842907874 0.295302646740915 0.283335567346682 0.271333652281716 0.260910387507586 0.254349859873082 0.249101122753417 0.244697165764898 0.238954236810981 0.233021558566619
0.164399178043048 0.136082377800886 0.114454048690728 0.140260193741725 0.145845595486882 0.119196493806601 0.119441590792613 0.12997606824134 0.0930478703776998 0.0705796881511556 0.076235129446607 0.10934351905372 0.156746483517976 0.117275527010832 0.0852500660623524 0.0763557247165619 0.0703377784702695 0.0661459152807704 0.0821553646155811 0.0953966784089316 0.0955938523097672 0.126064964721098 0.179772520639961 0.260407059122889 0.346842421945808 0.442216386934881 0.516533114057904 0.571399927159011 0.633687717485764 0.688230860300393 0.693064488951588 0.68238931262404 0.65449854327454 0.622735676123356 0.589941475647318 0.557033132061535 0.525374457180063 0.495385875993523 0.470582472212331 0.447820599521122 0.429096513731628 0.410428086186095 0.391849670062392 0.373142945398415 0.354414928598207 0.33750925369518 0.321359137625379 0.306701031818549 0.293228108336191 0.280381669455974 0.268562777001207 0.258242288887171 0.251514084730644 0.246275744416077 0.241996861695966 0.236661303740353 0.231617516580426
0.22463448448073 0.162546798467292 0.110821168693188 0.108183685204231 0.0980660592372355 0.0760241100797337 0.0756599668319465 0.0839891309600557 0.0722156815799069 0.0631482513433304 0.0593438211993615 0.091361963336682 0.14203269007938 0.0942969733681017 0.0619549525540541 0.072556004782516 0.0839406087514602 0.0958226515311104 0.103809511435788 0.104957080842377 0.0862305589574983 0.072808281425522 0.063457220931053 0.109053592041208 0.184422481174405 0.348967282380234 0.44769658255224 0.485634156641264 0.570868123180487 0.651884319616279 0.660507787815406 0.658874139040749 0.645854548432323 0.618898216985438 0.588306978144852 0.55792922157825 0.528163237529379 0.499214844111582 0.476099177039751 0.455144689672559 0.436755295361701 0.417627724479189 0.39730636237999 0.377115591734801 0.35700904350054 0.338433464531539 0.3209795140387 0.305740455522609 0.291333627606843 0.277366714838113 0.266625764126173 0.256846928583794 0.249195380638902 0.243752531270932 0.239732061964692 0.234847198179843 0.230878150622048
0.331368473291508 0.230272395064458 0.125591571385052 0.101677836745011 0.0809251570072206 0.0652116112682861 0.0555170553436517 0.0482049977736448 0.0338914477500958 0.0239483866403614 0.0225055919137322 0.0374856612748367 0.0610170110815129 0.0734153970700228 0.0842638538865121 0.0920532189503317 0.0911370357477675 0.0846941242483457 0.0983325819856278 0.108021162530616 0.101104622120777 0.0921548741868028 0.0816445591744066 0.0691037499490657 0.0833466866337728 0.204577728460516 0.330493418974991 0.460736173408239 0.551568041391625 0.620856861391989 0.614791938894744 0.605854336580973 0.593727907876548 0.574297698943489 0.553101111975981 0.533137715189708 0.512132154568159 0.48973381580919 0.471640846629008 0.455051850422936 0.439022567322721 0.421552375003679 0.40175192074524 0.38137669206068 0.360768790171087 0.340893047107254 0.322573481280159 0.307326915603563 0.291844974516972 0.276238614539684 0.265133164363544 0.255432640075719 0.248853139029561 0.243740474838605 0.23957243909014 0.234605683739681 0.230320127563662
0.420193904815241 0.301232288352605 0.167295181506041 0.120339585805336 0.0857107426096907 0.0707323514196409 0.054601266529962 0.0382248423851598 0.0327708377924604 0.0252808032215111 0.0138308461978568 0.0095493618238013 0.00900045537681486 0.0513992897686184 0.083358583658387 0.0876249870341973 0.0816106375286097 0.0690695390895828 0.0916579732108852 0.110025684793479 0.107510687092455 0.102153219880039 0.0946140450513355 0.0499156713242641 0.0280780316647614 0.115982357261887 0.255141589198271 0.441643379918548 0.529099562152785 0.585180600961436 0.575153907931915 0.56348268603415 0.549985950194638 0.528504853919216 0.506993230384378 0.502209760867973 0.493739493801379 0.480342082987153 0.46815001191586 0.456212769570511 0.442003517869523 0.425797440725728 0.406362064839028 0.385949113526631 0.365112657086525 0.344018076613892 0.324727298872931 0.308998510046243 0.292072429751626 0.274513463989984 0.263544544662548 0.25434516755645 0.249012453585009 0.244439002555475 0.240354509359059 0.236117875034791 0.232194802762083
0.48089871404121 0.377270783684914 0.251290224780589 0.178520347628417 0.124926040933903 0.101900095760682 0.0838765559778621 0.0687629655941513 0.0900686162202664 0.0902583786274835 0.049379354838 0.0223449317316265 0.00251930378216181 0.0276017035173322 0.0460016361707608 0.0456282105475315 0.0458254936105006 0.0463850918027139 0.0831027278566247 0.110366451013602 0.100620014926273 0.0974726318806755 0.0993902826810776 0.0633284158334931 0.0447372963929068 0.11499689866337 0.245506139116397 0.431666091688303 0.501655958086635 0.542204634089765 0.545059472270891 0.537831123728606 0.519409905121055 0.480839776744248 0.443766635483086 0.461646148474324 0.471638603698617 0.471090564948234 0.466178371666607 0.45934238255395 0.446105110667462 0.430545633227034 0.411230647009857 0.391010381975222 0.37037372936473 0.348188013396071 0.327760212420795 0.310803785342847 0.291854108676578 0.271850804944225 0.261805151207049 0.253770872555325 0.249959328592427 0.246253313534508 0.242615258048775 0.240383794383623 0.237889383034238
0.489737498397158 0.426858771019808 0.34867033751907 0.244576335810011 0.166953053351409 0.131527551530588 0.116824586391119 0.110549671303707 0.0904103292694197 0.0683429024438756 0.0425254982912876 0.0515230261510201 0.0786484667633903 0.0587529668883352 0.0447627418152655 0.0478033942995266 0.0450209374786055 0.0385416723708451 0.0649339478754105 0.086831016154293 0.0875303103529762 0.0935619583505944 0.103686398495761 0.0835914158877291 0.0710307714580867 0.103985604084841 0.175455190642117 0.282499654459606 0.380375315739361 0.466723380215074 0.500260887134028 0.515170051305586 0.50940077069354 0.467496313602541 0.425460661157457 0.459188714641472 0.477602281447959 0.475549121710837 0.47115492131691 0.465371426938699 0.450933350597334 0.434812840584787 0.415971471340936 0.396295606948424 0.37623187708779 0.354521790909897 0.333940516908831 0.315588320616515 0.295932728729399 0.275588164982192 0.264641130483217 0.255965277259352 0.252186602065221 0.249109521875937 0.246484261938057 0.242283342721715 0.238507434743779
0.46956502295426 0.464519497646494 0.4491266274665 0.314012788996567 0.212096759660956 0.163102370053016 0.153477287221724 0.15841771096816 0.0713172479450141 0.0160947874491885 0.0228726016564992 0.0889900966057091 0.186005384343308 0.111703675932767 0.0588606991457075 0.0679320573087482 0.0581541500300795 0.0364097628119512 0.0429971179972869 0.0538841701446919 0.0713227401455575 0.0890928841515746 0.107117524302406 0.105831967802212 0.100508292976366 0.0892563401115353 0.0828298361093834 0.0808604487572534 0.221510043522432 0.374872196066289 0.447637372183464 0.492479826214244 0.506326583273958 0.467770166950887 0.426211070177387 0.471763821345444 0.493963435613243 0.484953236784636 0.478620631532501 0.472492189516486 0.456028593231201 0.438888055268249 0.42065275616001 0.401636815863807 0.382264164291668 0.361682845116164 0.341374392450892 0.321604772257406 0.301850644438792 0.282104705853268 0.269257974283944 0.258985160799996 0.254524365525324 0.252017520592989 0.250769000376209 0.243124497247411 0.237037866192065
-9999 0.464519497646494 0.453804732740639 0.388038937739855 0.332982088403984 0.294996695863609 0.27484698963138 0.261454721956514 0.213575879523144 0.183520235469024 0.188129347923874 0.18476883014701 0.177258576806676 0.127318946221758 0.0875309330968634 0.0747120772850231 0.0498547203511963 0.0173547057964181 0.029371588497618 0.0395199755326601 0.0337731295898024 0.0505815937188581 0.084702149173566 0.0947005308866595 0.0986815167500052 0.0914086173666129 0.0853362255899582 0.0803727052560936 0.112536549509374 0.170294201183289 0.327731391998955 0.420591665560241 0.441768148681995 0.444768915926129 0.444374675203274 0.455147694635291 0.462683070051598 0.465891563600403 0.470991825027631 0.475370976967133 0.459804607454745 0.44324448494862 0.425077248858786 0.405550631833828 0.385456548905482 0.366164284449604 0.346861051413321 0.327536158601762 0.310071849681168 0.293591041049613 0.269435558581279 0.249533648636602 0.240569291814563 0.240188478814459 0.245335383230792 0.24093270242653 0.236159909724939
-9999 -9999 -9999 0.424240724468525 0.416584934891549 0.396724817728247 0.375466375600056 0.353494921883024 0.325904210853074 0.310404407976572 0.318420495917938 0.276625956746817 0.208895342154672 0.15968874777208 0.115650381248243 0.0829304109692981 0.0456084098756422 0.00536480371491791 0.0166571017856439 0.0239470417508829 0.00725038565447353 0.0239338091178549 0.0662377620243775 0.083897867049823 0.0947527837279247 0.0915093381019015 0.0859483712983923 0.0782467824468822 0.0440093601650093 0.0413225624180181 0.237272731450935 0.355514954507803 0.387497251391816 0.418086104403231 0.442886265345347 0.423801846248777 0.422067255203798 0.443519480262266 0.462134383911685 0.477697895567847 0.462790652175676 0.446739052150257 0.428836779873793 0.409091397041471 0.388596343500984 0.370256112700216 0.352078691293655 0.334222771372328 0.318649313683459 0.3042823601873 0.277003943024267 0.253910813051848 0.241954139536367 0.240481979205359 0.2457617417788 0.242136363510096 0.237280121776148
-9999 -9999 -9999 -9999 0.428822949924479 0.440709840689812 0.436366227196151 0.424485408365309 0.380941001937278 0.359685880265137 0.381781711232432 0.360976479668965 0.317832938834122 0.22412949061256 0.142715534369068 0.0939019147522532 0.0491204392774914 0.00689877559688678 0.00568650150661459 0.00606038147068175 0.00183488646876594 0.0199947349600051 0.0553362187146923 0.07372452921088 0.0868005580793714 0.0876830406668011 0.0829346214292052 0.0729851137554491 0.0529030811523637 0.0570739821730896 0.203181106451917 0.303476483491171 0.352918400371369 0.384356177759634 0.403780651774494 0.36426087668969 0.363581847867635 0.414810724889784 0.45092513313516 0.478968446001048 0.464264564737005 0.44858387215667 0.431323464350291 0.411918081448411 0.391635472111661 0.37360216096042 0.356781384199153 0.342355012313444 0.327908715819087 0.313451887223243 0.298719540174161 0.284758349437317 0.272702131591243 0.263980028391995 0.257405062084454 0.249839488247185 0.242225158541331
-9999 -9999 -9999 -9999 -9999 0.462326395540665 0.457000394022072 0.448538497210975 0.399588638984519 0.38781085466174 0.448329908616019 0.445303414412829 0.409189159118809 0.305369381685824 0.214522806790778 0.158951717200484 0.102617339829131 0.0457983882472696 0.0186971074788699 0 0 0.0190775386286633 0.0527978416420797 0.0693398027362745 0.0820753906327842 0.0886905390394046 0.0818838240388119 0.0626797523219773 0.0510137897295198 0.0589243564066739 0.164935752656367 0.219199329509729 0.216020092444042 0.251335723017849 0.286641886491798 0.24002914293483 0.23976878813476 0.301455117236449 0.367939182535368 0.432443074134198 0.444151399488688 0.445716192083863 0.430876697711312 0.413832085872799 0.395879949373897 0.37993154984386 0.36498966094216 0.352035339548414 0.337565092775575 0.32229353139621 0.310624496872474 0.299637918974345 0.29006846463925 0.281115548191062 0.272559676050685 0.261805643231636 0.252615790431242
-9999 -9999 -9999 -9999 -9999 -9999 0.457000394022072 0.448538497210975 0.399588638984519 0.405094172957206 0.516511276279963 0.529618261384969 0.491535795793296 0.395218003223928 0.309258196766409 0.251713966182042 0.181729008289571 0.103846038974581 0.0439968925201065 0 0 0.0197089048402316 0.0545451725690609 0.0679214525511549 0.079003930497432 0.0921751180743114 0.0818389424586169 0.0497897484553286 0.0435987391341207 0.0536511341093094 0.124561818819861 0.118401449099798 0.0266881364760849 0.0674337960570839 0.129515000317458 0.0826466002931785 0.0824785458929215 0.144722195097556 0.248171232403696 0.361424662102575 0.412975927282207 0.440433589395016 0.428926682834089 0.415278387062381 0.400742108051503 0.387789752864445 0.374994375573614 0.362508984245403 0.347424899643317 0.33096715186034 0.317501986810878 0.306334697290955 0.300577360990692 0.2949905871721 0.289513653906558 0.275956389830759 0.265797019796682
-9999 -9999 -9999 -9999 -9999 -9999 -9999 -9999 -9999 -9999 -9999 0.531371507595209 0.493248114961986 0.484894451205112 0.465480284879069 0.417671613499333 0.348100911058288 0.264714555750432 0.133008693116189 0.0275387133419506 0.0128319771290049 0.0165643834463698 0.0344495599288837 0.0362091327927722 0.0401491541447137 0.061099638280448 0.0715519216662946 0.0723073443684651 0.0643026880898601 0.0604282391439238 0.0880956354045427 0.0826968448674078 0.0405928397455094 0.0954461864130621 0.163734716143463 0.134615533205758 0.132910085578076 0.167841153162651 0.177209687980395 0.18358359971427 0.273349690644244 0.33180049461299 0.339607704680305 0.356030929708834 0.37580645731415 0.377270985060547 0.37400665862616 0.361404212300173 0.349457903259196 0.337858426851022 0.329661770354205 0.320569289636124 0.309048485715454 0.300984052075249 0.295145486746935 0.28660765311769 0.279956757771058
-9999 -9999 -9999 -9999 -9999 -9999 -9999 -9999 -9999 -9999 -9999 -9999 -9999 0.58816415529024 0.576185586547522 0.53539347968546 0.471203223598251 0.392158622964349 0.224184575685584 0.085876940175311 0.0580740534156254 0.036250064488905 0.0190151157917813 0.0152575293955303 0.018269396332337 0.0410457507148831 0.0643382995860629 0.0881076412107072 0.0808425299980323 0.0695347964632394 0.0688545306704557 0.0639533469375995 0.0543667212551573 0.105860051889255 0.165880616218274 0.165051476421243 0.170293987867484 0.183650831075596 0.126564286699454 0.0569728259281407 0.155054236587746 0.224950318167899 0.24926462489013 0.289829763411053 0.336841667557542 0.356024457192145 0.365539448563803 0.355963333334193 0.348850290404 0.343039221725097 0.339326511168237 0.332554075103876 0.318153027135533 0.308020232511818 0.30063615087196 0.295749429531892 0.291474621156115
-9999 -9999 -9999 -9999 -9999 -9999 -9999 -9999 -9999 -9999 -9999 -9999 -9999 -9999 0.576185586547522 0.53539347968546 0.487619363781972 0.435412710632417 0.317278235028949 0.215653668287253 0.17930104329256 0.110104179050609 0.0156980639689564 0.0212691690577797 0.0383213510525497 0.0487861057093526 0.0649055471790046 0.0862480465364193 0.0861251001546205 0.0835439901803544 0.0901435355408967 0.0820437888845541 0.057627051369123 0.064024707920741 0.0825851642286603 0.134064389995258 0.166399125390691 0.173148605629101 0.121503087199559 0.056852395899304 0.0926376313914735 0.127504695461677 0.16088687770137 0.210234868164484 0.266203030143331 0.310336309834566 0.339939928405708 0.340851666801078 0.342392279026231 0.344265312485581 0.342826852146679 0.338841040267192 0.328857508385576 0.317917492708567 0.306361510917325 0.301497937715816 0.296697008413358
-9999 -9999 -9999 -9999 -9999 -9999 -9999 -9999 -9999 -9999 -9999 -9999 -9999 -9999 -9999 -9999 0.466463681455518 0.463394897907961 0.411524277938726 0.359957500679955 0.320518515341789 0.219904539895582 0.0723363433715145 0.0471497170184635 0.0392530159512993 0.0360913540034302 0.0468916033300176 0.0705880347483504 0.0765994849468275 0.0808814614581427 0.0943286375981049 0.0917460279337468 0.0713695090020717 0.0501405393165812 0.0365996036351752 0.087089272235115 0.121012896703785 0.132797176754101 0.116014322072983 0.0924948454780364 0.112638492861698 0.133525234486335 0.155613720262865 0.192455138978218 0.235294731855018 0.260752900648433 0.281349415276277 0.292345568435144 0.314102314966404 0.341547085963192 0.34465163067308 0.343655572696576 0.334332830783889 0.323392347488228 0.311410054725119 0.306542062492523 0.30147985208032
-9999 -9999 -9999 -9999 -9999 -9999 -9999 -9999 -9999 -9999 -9999 -9999 -9999 -9999 -9999 -9999 0.474779531297607 0.485305925352821 0.50649093839568 0.513345536075484 0.474236592788201 0.352183089932003 0.166466361624909 0.0854548468462015 0.028228230971658 0.0106179607965547 0.0172583228375654 0.0462982376870172 0.0578138989042621 0.0677936402537798 0.0878181927456778 0.0962028900324142 0.0916667329837467 0.0537350193315896 0.0139449575106361 0.0301163930871493 0.0496809608592229 0.0737802094361552 0.110258188248919 0.150500819957674 0.184177292224251 0.204246046801624 0.202308177922837 0.213330155176343 0.229230921429908 0.208733675726703 0.202128715178794 0.222957001542075 0.272160222699952 0.33636236796303 0.345428633320401 0.3475493519184 0.336538214478307 0.326101748961215 0.316035366484812 0.311145716701985 0.305987836895473
-9999 -9999 -9999 -9999 -9999 -9999 -9999 -9999 -9999 -9999 -9999 -9999 -9999 -9999 -9999 -9999 -9999 -9999 0.512826378821143 0.530912759031834 0.521431986314983 0.426682591340064 0.266486161009052 0.1366918708961 0.0319292850111403 0.0103577758321486 0.0199464022118849 0.0583166741893851 0.0716624321795316 0.0804258111542831 0.0905971276755797 0.0939160788756431 0.0896285424856059 0.0618578105706494 0.0324486073035599 0.0397060887340685 0.0485915459105567 0.0596526773433351 0.11024675188538 0.172150194627809 0.202659038555245 0.221252849119145 0.220577472984165 0.223605337956096 0.227626312041729 0.199542089404172 0.190217020497869 0.217935856924759 0.275017882667176 0.347621221541001 0.350582554190576 0.348817176826389 0.340359217118097 0.32972369079635 0.317685833089764 0.311991672029051 0.306985345995282
-9999 -9999 -9999 -9999 -9999 -9999 -9999 -9999 -9999 -9999 -9999 -9999 -9999 -9999 -9999 -9999 -9999 -9999 -9999 0.543212161543284 0.549743690270109 0.480087943462532 0.351955453586519 0.18183412700265 0.0367071109232431 0.0122723394708247 0.0244093775271259 0.0703266556650228 0.0844659795727846 0.0913777792775595 0.0924511075094254 0.090601484843698 0.0855072322309768 0.0683560880505453 0.0500875511251891 0.0484097433839499 0.0487935718895693 0.0519326311897518 0.103519912095087 0.169499563890219 0.204785928805678 0.225764822671173 0.223605440508479 0.222683635494183 0.221831203954509 0.196040612528069 0.189043224762135 0.219156981095804 0.280655707953996 0.358744456757574 0.355108078408556 0.349054310138687 0.342799203905256 0.331703282395048 0.317489923673555 0.31231688792163 0.308420377609088
-9999 -9999 -9999 -9999 -9999 -9999 -9999 -9999 -9999 -9999 -9999 -9999 -9999 -9999 -9999 -9999 -9999 -9999 -9999 0.540468155354694 0.535923126741476 0.482956201343825 0.392823557690887 0.206065838852143 0.0415568976787406 0.0152965634769695 0.0272771670701144 0.0745797324969945 0.0872071145763921 0.0918473195640167 0.0895714390402597 0.0856610962045039 0.0799364138363561 0.0690505365280175 0.0563859542344913 0.0402995428269411 0.0378849817167329 0.053741879994809 0.0755641008923299 0.102199530281491 0.169488878237749 0.204492044033088 0.187281468341412 0.190662826288957 0.202602734711152 0.200370368445827 0.205525155508105 0.225267434760588 0.285035883596879 0.365962071971788 0.356829514916068 0.346780129127459 0.340781007064546 0.32859587515017 0.312427014008854 0.31189097392058 0.31190636347585
-9999 -9999 -9999 -9999 -9999 -9999 -9999 -9999 -9999 -9999 -9999 -9999 -9999 -9999 -9999 -9999 -9999 -9999 -9999 -9999 0.525926130426124 0.480152790109712 0.399246603234715 0.219979588438829 0.0614092036866376 0.0358512740454668 0.0357273300452808 0.0590959655134278 0.0793790468990643 0.0953578936812722 0.0912639760191594 0.0847839903766813 0.0756553431945819 0.0678073821955019 0.058165967277917 0.0312875542415963 0.0219533839506216 0.0360658512286752 0.0442267031406272 0.0550349628647222 0.134126943195302 0.173006333776697 0.146853266967424 0.15330782908915 0.174071598961767 0.213346963265031 0.243261484811259 0.254691048139313 0.296148529131353 0.35347869710363 0.350175427508234 0.344577305582596 0.337603860189227 0.327169948526757 0.314507530776183 0.313828755564068 0.314313923448102
-9999 -9999 -9999 -9999 -9999 -9999 -9999 -9999 -9999 -9999 -9999 -9999 -9999 -9999 -9999 -9999 -9999 -9999 -9999 -9999 -9999 0.473059256112355 0.379614967730516 0.226088699942216 0.0926096063555155 0.06966626794883 0.0484000713914708 0.0286829984646397 0.0635562996859267 0.101168744524098 0.0964149874386242 0.0869804034244949 0.0723498541815563 0.0650986004167949 0.0565282125213528 0.0215934417048602 0.00222231925910007 0.00365091030893457 0.0103314302494699 0.023101118556256 0.0987159287098457 0.133795431954362 0.103320574342641 0.111917984144644 0.138503807772103 0.232864137170635 0.297074911916462 0.301749032483059 0.3123537006484 0.326093242390712 0.337185987125433 0.342428457734226 0.333550068745305 0.327015915263714 0.32199142628794 0.317554466701268 0.315905748337019
