layers/veg_sum/veg5200.asc
NCOLS 255 
NROWS 330 
XLLCORNER -2985163.8955 
YLLCORNER -3022031.214 
CELLSIZE 25000 
NODATA_value -9999 
[rows 250 to 274 of 330, columns 57 to 113 of 255]
-9999 -9999 -9999 -9999 -9999 -9999 -9999 -9999 -9999 -9999 -9999 -9999 -9999 -9999 -9999 -9999 0.656627254797269 0.679740271617428 0.670884166622953 0.658864311836024 0.644577558050809 0.619901604073679 0.587251528616973 0.565829616819416 0.552102904055177 0.562971847069097 0.573809099889161 0.584617081465308 0.586088936620517 0.587393415276735 0.597573627950483 0.602053466966338 0.600205590010403 0.607930549028349 0.609713471065522 0.5430558745439 0.470949116788718 0.391559941071532 0.347618326988191 0.316433846949475 0.295328213289042 0.276243524396245 0.260427140412683 0.2450044569665 0.229601106067386 0.206116248471911 0.189032198311329 0.184587892356217 0.187281481862454 0.193748146199368 0.189487584243527 0.18286503303382 0.171216152281887 0.16111139478834 0.152001037417351 -9999 -9999
-9999 -9999 -9999 -9999 -9999 -9999 -9999 -9999 -9999 -9999 -9999 -9999 -9999 -9999 -9999 0.711093997259131 0.702930565357687 0.689584568417416 0.682727096938328 0.67412907094963 0.658755816408863 0.634330312289589 0.602956849090788 0.572111597367174 0.550551509943593 0.565440357545892 0.580274779502924 0.595058930188492 0.599437580992272 0.602628892386962 0.610293698707979 0.613197478085249 0.610816265979138 0.615194711700964 0.617548812075904 0.589148733264844 0.543600097263173 0.475133629405426 0.437804427788169 0.409508224746956 0.358317232429013 0.318811438314179 0.298203137720278 0.275295457460124 0.251805625736791 0.250116538846541 -9999 -9999 -9999 -9999 0.190033633750294 0.183346400893706 0.171410852331085 -9999 -9999 -9999 -9999
-9999 -9999 -9999 -9999 -9999 -9999 -9999 -9999 -9999 -9999 -9999 -9999 -9999 -9999 -9999 0.711093997259131 0.70535166162555 0.695963796972423 0.694090969341132 0.689512175296607 0.674990855144903 0.652333597224018 0.623431685727952 0.589335223042813 0.564178725271185 0.57708215995578 0.590576099588259 0.604615470228305 0.61064869222856 0.615181655772764 0.619979843097604 0.621548824238414 0.619533215881553 0.620678319272072 0.622491183252496 0.622988291603548 0.60187827982853 0.551891882685397 0.515539724224566 0.481229414296174 0.40893653363417 0.354614245668949 0.329354293930461 0.301232260252035 0.272515683029633 0.27797532065712 -9999 -9999 -9999 -9999 -9999 -9999 -9999 -9999 -9999 -9999 -9999
-9999 -9999 -9999 -9999 -9999 -9999 -9999 -9999 -9999 -9999 -9999 -9999 -9999 -9999 -9999 -9999 0.708385554516327 0.703957653482209 0.706693410339334 0.706945864657543 0.698012620568806 0.681162104199319 0.658234768653444 0.637407456075836 0.620155488934868 0.615952150680303 0.614749953830461 0.616319817716257 0.620923578204578 0.625560008862432 0.627194542982243 0.628346913578939 0.628964057187138 0.627589903310048 0.62615395431699 0.62845151798415 0.62330178050044 0.608199252606429 0.55761752230761 0.494563660905351 0.425752462286265 0.371970735514464 0.342494916260909 0.315065274133312 0.288914020862319 0.284517898308815 -9999 -9999 -9999 -9999 -9999 -9999 -9999 -9999 -9999 -9999 -9999
-9999 -9999 -9999 -9999 -9999 -9999 -9999 -9999 -9999 -9999 -9999 -9999 -9999 -9999 -9999 -9999 0.719581716199784 0.717233876499141 0.716200252351567 0.714961722371438 0.712799217635922 0.702601394616426 0.686236147450711 0.675385635807335 0.664985199224363 0.653496748440661 0.644327042445225 0.637299088708912 0.638502522340321 0.64067205251084 0.639448093302147 0.637647634465291 0.635207230578551 0.63433239167859 0.634267657356905 0.637430511807228 0.638701792417835 0.637445118593552 0.56449088049476 0.469716657284105 0.41275257377732 0.366165796761695 0.336361369413809 0.308526109214454 0.281967110822015 0.278833583631098 -9999 -9999 -9999 -9999 -9999 -9999 -9999 -9999 -9999 -9999 -9999
-9999 -9999 -9999 -9999 -9999 -9999 -9999 -9999 -9999 -9999 -9999 -9999 -9999 -9999 -9999 -9999 0.725668852919706 0.733272576363078 0.723686505199702 0.716830282369591 0.722210476352799 0.719217524483237 0.709797852465559 0.706775127916398 0.702538897549262 0.690176222949041 0.677430982203745 0.664332377039206 0.660849041616893 0.658873916220738 0.654990650575197 0.648581897101122 0.639369718688922 0.640964506294298 0.645286615554362 0.648704351193297 0.65017009478157 0.64902713927614 0.548385257843569 0.419947620532287 0.380291018124999 0.345242707414217 0.317647001354514 0.288689419674613 0.259868446215647 0.270016700440795 -9999 -9999 -9999 0.227650601483844 -9999 -9999 -9999 -9999 -9999 -9999 -9999
-9999 -9999 -9999 -9999 -9999 -9999 -9999 -9999 -9999 -9999 -9999 -9999 -9999 -9999 -9999 -9999 0.726299705922483 0.725806745966126 0.726230399400932 -9999 -9999 0.72262981699756 0.717516800557451 0.711026566241185 0.704036165303378 0.695783823879287 0.689070076766653 0.683777481243932 0.67868290323908 0.67236125582227 0.659188051564833 0.650000266418732 0.645236507078405 0.64418173099955 0.642677348157822 0.629648846464558 0.619711387297808 0.613904887493717 0.554450848214012 0.477114855380578 0.40534745658228 0.350860044278102 0.324318108562211 0.299329007613869 0.275403742461094 0.273058562089073 0.271501754251889 -9999 0.239989491549406 0.240679459970651 0.240027823929696 -9999 -9999 -9999 -9999 -9999 -9999
-9999 -9999 -9999 -9999 -9999 -9999 -9999 -9999 -9999 -9999 -9999 -9999 -9999 -9999 -9999 -9999 0.681631769303846 0.715712262091702 -9999 -9999 -9999 0.677691660413977 0.719279476928942 0.714418510741615 0.704791694912925 0.700472581638477 0.695250150906532 0.689193354005836 0.687958797539617 0.684694258513664 0.665385643420526 0.655635876688596 0.6564969367335 0.654358689639991 0.64924850848722 0.62646355554455 0.608450873557632 0.596815993628339 0.573588613369728 0.541335690457695 0.434872297464733 0.358629275639122 0.331259131997409 0.309839194107947 0.29110349158441 0.27970280125779 0.27244935287795 0.273385508372109 -9999 0.251425634685839 -9999 -9999 -9999 -9999 -9999 -9999 -9999
-9999 -9999 -9999 -9999 -9999 -9999 -9999 -9999 -9999 -9999 -9999 -9999 -9999 -9999 -9999 0.660785534789749 0.681631769303846 0.715712262091702 -9999 -9999 0.654163011346667 0.680444824648417 0.726898967686843 0.722222161056849 0.712668378431412 0.710417882865477 0.689877536509097 0.65244342528143 0.671482668410753 0.694630458654249 0.680853901114087 0.677040405140314 0.684286433960019 0.687336351149523 0.688288234109405 0.681182176163811 0.668610257625526 0.648733603614763 0.628055564124589 0.599713344055736 0.463377093503907 0.366211246099924 0.33239241488107 0.31194977211202 0.297258309135023 0.283736044490386 0.274549605754687 0.273925169698471 -9999 -9999 -9999 -9999 -9999 -9999 -9999 -9999 -9999
-9999 -9999 -9999 -9999 -9999 -9999 -9999 -9999 -9999 -9999 -9999 -9999 -9999 -9999 -9999 0.660785534789749 0.660785534789749 -9999 -9999 0.677593351135853 0.672682404324376 0.689472415768953 0.722918769776996 0.720653817456853 0.714680402010917 0.712612405025576 0.691975233791746 0.65418629531814 0.680511791118433 0.712271526925376 0.706278993590807 0.700849686330379 0.696045589773486 0.698069965378045 0.701426079141539 0.701042051681713 0.692758892546875 0.673919103514562 0.656136138055417 0.631509705125536 0.501637951619222 0.404039319382203 0.358633306344792 0.331352645895781 0.311798660315899 0.290232827217057 0.27591671815174 -9999 -9999 -9999 -9999 -9999 -9999 -9999 -9999 -9999 -9999
-9999 -9999 -9999 -9999 -9999 -9999 -9999 -9999 -9999 -9999 -9999 -9999 -9999 -9999 -9999 -9999 -9999 -9999 -9999 0.681909886142135 0.694423224926732 0.703447118246314 0.709792724352215 0.711696066286125 0.71206839756129 0.708695776662738 0.699962945321504 0.686279054733436 0.709650690114816 0.735987546952796 0.739554615100376 0.726555009947616 0.695165522037468 0.691265120569066 0.694141423448693 0.693417330294407 0.688514625725219 0.678027503019031 0.663412207157149 0.642347878852855 0.547591038263282 0.465715122741528 0.404670449769686 0.364389739089574 0.33295063824905 0.298672003158336 -9999 -9999 -9999 -9999 -9999 -9999 -9999 -9999 -9999 -9999 -9999
-9999 -9999 -9999 -9999 -9999 -9999 -9999 -9999 -9999 -9999 -9999 -9999 -9999 -9999 -9999 0.754310431091136 0.739269746660443 0.714680464748737 -9999 0.724326668197629 0.724857141069414 0.720062381872636 0.711180296737648 0.7138443351199 0.717669128083927 0.720079906003668 0.719171287913425 0.715196647232301 0.730376735102493 0.746930831460884 0.750855087711394 0.743024925803697 0.722146738629133 0.716207519610977 0.713411441042773 0.704291282565598 0.69661505740522 0.690868546832368 0.680806668838548 0.666931310837088 0.618802146935477 0.546087845315529 0.43361405714961 0.388663196405026 0.372909625654321 0.372008924941085 -9999 -9999 -9999 -9999 -9999 -9999 -9999 -9999 -9999 -9999 -9999
-9999 -9999 -9999 -9999 -9999 -9999 -9999 -9999 -9999 -9999 -9999 -9999 -9999 -9999 0.723248342362225 0.74562215321717 0.739269746660443 0.714680464748737 -9999 0.740773390533837 0.742914936792362 0.735355666679538 0.720350636857858 0.72457871811139 0.730670913885635 0.734133100774996 0.737630183912293 0.741159499625692 0.748109839930273 0.755115967146268 0.758839748783925 0.756956861913181 0.748850276738027 0.740989381639127 0.732515030935035 0.718553713768867 0.709164428083446 0.705885338582564 0.699911166348886 0.692735608112461 0.681411938703652 0.615735593092371 0.462159211167766 0.412222473157449 0.406785051149771 0.407092592086445 -9999 -9999 -9999 -9999 -9999 -9999 -9999 -9999 -9999 -9999 -9999
-9999 -9999 -9999 -9999 -9999 -9999 -9999 -9999 -9999 -9999 -9999 -9999 -9999 0.716678291144503 0.723248342362225 0.74562215321717 0.739269746660443 0.714680464748737 -9999 0.739951874309269 0.738777257650583 0.743673807494506 0.753230217416226 0.764301989388364 0.769445984252668 0.750356987019146 0.746520745260748 0.756772998131872 0.758360111498217 0.759303541073264 0.765840661708583 0.765756700747955 0.75832298935348 0.7467798085252 0.735600871281384 0.736106676460675 0.732929715872804 0.724830999729698 0.72022430244038 0.715637665172544 0.693975082218401 0.630368836142249 0.498930612523645 0.437896899685817 0.407577408395121 0.407408725273752 -9999 -9999 -9999 -9999 -9999 -9999 -9999 -9999 -9999 -9999 -9999
-9999 -9999 -9999 -9999 -9999 -9999 -9999 -9999 -9999 -9999 -9999 -9999 -9999 0.716678291144503 0.716678291144503 -9999 -9999 -9999 -9999 0.786176595181229 0.773731827767679 0.768164494991996 0.767875864932318 0.782901678880239 0.791928633319873 0.769264838767082 0.762837895424594 0.771408425256695 0.765793125985045 0.760092634706548 0.768794192321909 0.76748083386503 0.755050389373152 0.745519009937216 0.737545076684359 0.736011771801299 0.731859656552162 0.724207686769167 0.719438605999652 0.714733339551601 0.69662118022382 0.642397276944372 0.529772871123622 0.463761055086077 0.418623488733711 0.422640753833961 -9999 -9999 -9999 -9999 -9999 -9999 -9999 -9999 -9999 -9999 -9999
-9999 -9999 -9999 -9999 -9999 -9999 -9999 -9999 -9999 -9999 -9999 -9999 -9999 -9999 -9999 -9999 -9999 -9999 -9999 0.795582637461902 0.821106649819322 0.807994357243412 0.765227174650076 0.78146628553753 0.798958410159309 0.790718351177144 0.786198942007548 0.78511618105461 0.770554056752325 0.757658371861328 0.767908902384076 0.762493872641692 0.739689243226411 0.737570335784602 0.73840647563481 0.719178395047945 0.707234016476484 0.70502378966038 0.698641300647302 0.691249375029523 0.689861258441729 0.651955141054888 0.554991515913165 0.489805162622443 0.439016438515261 0.430777094166392 -9999 -9999 -9999 -9999 -9999 -9999 -9999 -9999 -9999 -9999 -9999
-9999 -9999 -9999 -9999 -9999 -9999 -9999 -9999 -9999 -9999 -9999 -9999 -9999 -9999 -9999 -9999 -9999 -9999 -9999 0.815636638492278 0.815825070615929 0.806884844918975 0.790938013798858 0.806985189774791 0.823586145000982 0.825737918840963 0.81736425342752 0.79926856797402 0.774889637646653 0.756613685281911 0.777966204376681 0.771855440936485 0.7352589827044 0.732382801145306 0.735177275803932 0.712172385846787 0.700874900519278 0.705223532109405 0.701044086656938 0.694141699280915 0.689872876721941 0.650378736645653 0.553917637345755 0.490714294012347 0.442644718486739 -9999 -9999 -9999 -9999 -9999 -9999 -9999 -9999 -9999 -9999 -9999 -9999
-9999 -9999 -9999 -9999 -9999 -9999 -9999 -9999 -9999 -9999 -9999 -9999 -9999 -9999 -9999 -9999 0.73413966481597 0.720563985011923 0.752812146909652 0.781354322308601 0.788121391181538 0.80105022791048 0.818708464834345 0.835617981426629 0.850744087089784 0.859206038710034 0.845605261326781 0.811625829110605 0.779660157166567 0.7577454611578 0.788142780119862 0.782433196685856 0.736643043679526 0.731645552918795 0.734111211562821 0.71024762017307 0.698735271985252 0.703729485356469 0.700012406864172 0.692988568051099 0.680979517767303 0.638421067800284 0.546457629355748 0.51887895302401 -9999 -9999 -9999 -9999 -9999 -9999 -9999 -9999 -9999 -9999 -9999 -9999 -9999
-9999 -9999 -9999 -9999 -9999 -9999 -9999 -9999 -9999 -9999 -9999 -9999 -9999 -9999 -9999 -9999 0.746144608753351 0.752195226686664 0.767576403057996 0.784163355982995 0.802269474561403 0.815651200175694 0.825406767595206 0.850812601325643 0.871962049127854 0.868137730941998 0.848151975255639 0.813238403686924 0.787401454399295 0.769673100021919 0.786339380017306 0.783341804751083 0.758516311093312 0.753075726008383 0.750105187806961 0.725910988544204 0.699509263402189 0.670157336306946 0.652567311801437 0.638265430808746 0.61350324575798 0.580182833834588 0.533021917534204 -9999 -9999 -9999 -9999 -9999 -9999 -9999 -9999 -9999 -9999 -9999 -9999 -9999 -9999
-9999 -9999 -9999 -9999 -9999 -9999 -9999 -9999 -9999 -9999 -9999 -9999 -9999 -9999 -9999 -9999 0.768656504688242 0.769144518646143 0.780678674976697 0.794573872734267 0.813102450221541 0.824381800367814 0.830097082214087 0.850669639352016 0.866601003057013 0.856449071395306 0.834601345749077 0.801950579891019 0.779295698191993 0.762567060004062 0.767453345374572 0.761444160563505 0.743340428127013 0.731550265905498 0.719875789046723 0.695714527070076 0.667383044731371 0.633478358303359 0.618777061476707 0.609114688424696 0.57755897206496 0.558060232358287 -9999 -9999 -9999 -9999 -9999 -9999 -9999 -9999 -9999 -9999 -9999 -9999 -9999 -9999 -9999
-9999 -9999 -9999 -9999 -9999 -9999 -9999 -9999 -9999 -9999 -9999 -9999 -9999 -9999 -9999 -9999 0.767857678059304 0.76703972929536 0.791886401062164 0.813649548776976 0.820156434838855 0.826420586791634 0.832498430728643 0.833042906286906 0.830941745868302 0.821254652380299 0.802700870084047 0.775957203811721 0.753125408923308 0.733763956696527 0.729094301595194 0.713548983182381 0.685931103816557 0.661058386971843 0.636954974236478 0.613241065612056 0.597752886599137 0.593257812489129 0.600552379549359 0.609114688424696 0.57755897206496 -9999 -9999 -9999 -9999 -9999 -9999 -9999 -9999 -9999 -9999 -9999 -9999 -9999 -9999 -9999 -9999
-9999 -9999 -9999 -9999 -9999 -9999 -9999 -9999 -9999 -9999 -9999 -9999 -9999 -9999 -9999 -9999 0.790530576536553 0.777291500838181 0.798057746245231 0.813883092450436 0.806896938410413 0.808817950799535 0.817575565220841 0.806146948260834 0.794590111644436 0.793024600147612 0.775670191442258 0.743732070705903 0.72129349293821 0.702254003499864 0.691665965184367 0.675033171837582 0.6516903809972 0.631231337162872 0.612967692100857 0.606340108623087 0.596408600440197 0.582061630943832 0.578208362576623 -9999 -9999 -9999 -9999 -9999 -9999 -9999 -9999 -9999 -9999 -9999 -9999 -9999 -9999 -9999 -9999 -9999 -9999
-9999 -9999 -9999 -9999 -9999 -9999 -9999 -9999 -9999 -9999 -9999 -9999 -9999 -9999 0.767034659919944 0.788909423649853 0.793841140030594 0.788016541432158 0.80088726252475 0.807516950808838 0.79090235337545 0.789770821460746 0.800523153851429 0.780009486080227 0.761536262806511 0.767393984068738 0.750800007200348 0.713468096844938 0.691358012513373 0.672819010394306 0.657667163263967 0.642009983461366 0.625791857690438 0.614030776446158 0.605599430970289 0.614639266235233 0.606708935766221 0.576099180985439 0.560474866389742 -9999 -9999 -9999 -9999 -9999 -9999 -9999 -9999 -9999 -9999 -9999 -9999 -9999 -9999 -9999 -9999 -9999 -9999
-9999 -9999 -9999 -9999 -9999 -9999 -9999 -9999 -9999 -9999 -9999 -9999 -9999 0.76061115348142 0.76496600411806 0.779796117494178 0.786301276825064 0.787521328580419 0.786669144324794 0.788578558742016 0.799349741465584 0.804767905379191 0.806077415933099 0.782431802086021 0.758732413572083 0.747798990221872 0.733124433020026 0.714994307133359 0.691299306449481 0.667802907884782 0.6512125063007 0.634394103619675 0.617322607673316 0.609937259251124 0.602653244676836 0.575596007750542 0.55610164792378 0.546714537575132 0.547122873268393 -9999 -9999 -9999 -9999 -9999 -9999 -9999 -9999 -9999 -9999 -9999 -9999 -9999 -9999 -9999 -9999 -9999 -9999
-9999 -9999 -9999 -9999 -9999 -9999 -9999 -9999 -9999 -9999 -9999 -9999 -9999 0.76061115348142 0.763531900044979 0.773478280826918 0.763201255192434 0.740085374487545 0.760791913421715 0.78528246668808 0.811201864205066 0.818986055410891 0.812850759504044 0.778030844358675 0.741998485075358 0.716089084426975 0.703001725250366 0.701757685971543 0.680812984902854 0.656766392221127 0.636565861109405 0.617977678816714 0.601179288910731 0.596707677491314 0.591301995203347 0.552129564247805 0.53042282344601 0.532057740239355 0.51447782705838 -9999 -9999 -9999 -9999 -9999 -9999 -9999 -9999 -9999 -9999 -9999 -9999 -9999 -9999 -9999 -9999 -9999 -9999
