layers/veg_sum/veg5800.asc
NCOLS 255 
NROWS 330 
XLLCORNER -2985163.8955 
YLLCORNER -3022031.214 
CELLSIZE 25000 
NODATA_value -9999 
[rows 250 to 274 of 330, columns 57 to 113 of 255]
-9999 -9999 -9999 -9999 -9999 -9999 -9999 -9999 -9999 -9999 -9999 -9999 -9999 -9999 -9999 -9999 0.568674100371007 0.5976729238106 0.587428439322005 0.576491119279309 0.572460357672705 0.570302786023912 0.569582961651327 0.559826198996838 0.550081876172013 0.545086680358729 0.54707586654546 0.555516308602532 0.565996576660516 0.574802967728609 0.572408749223022 0.558053995146336 0.530422414583091 0.517592981664213 0.509326724742144 0.506519436537474 0.473116758588891 0.398825509670265 0.357059292790576 0.326776873437962 0.30250523594015 0.279365490374664 0.258056258942162 0.240398038671299 0.224337482504137 0.210105554500944 0.197391817260744 0.187676067867316 0.181763035035443 0.177860109275646 0.173739554297856 0.170137250852435 0.167817442891751 0.169536061293919 0.173855386374357 -9999 -9999
-9999 -9999 -9999 -9999 -9999 -9999 -9999 -9999 -9999 -9999 -9999 -9999 -9999 -9999 -9999 0.625266625048048 0.619975360468229 0.61132492989626 0.602823727096083 0.595000715185637 0.589202859530166 0.586303240592469 0.585628132804541 0.564787126259875 0.546980628000137 0.551663749339409 0.559013136176591 0.568825269316202 0.575944554754076 0.581532955029279 0.581653689458236 0.577970711791555 0.570065412708043 0.566351665514757 0.564038444408848 0.564148017076881 0.550953096507874 0.519977663237561 0.468826055101313 0.411270458443561 0.360502032990599 0.31789814236581 0.288498070909086 0.26164665425451 0.236337815039365 0.235433983137826 -9999 -9999 -9999 -9999 0.173778739948196 0.170115936095142 0.1676860006811 -9999 -9999 -9999 -9999
-9999 -9999 -9999 -9999 -9999 -9999 -9999 -9999 -9999 -9999 -9999 -9999 -9999 -9999 -9999 0.625266625048048 0.623834397486926 0.621492918452218 0.6165447972098 0.611212977286423 0.605314501038577 0.602986260311191 0.603398316355928 0.580156421189059 0.560697542811256 0.568502766037498 0.576489080806522 0.58464266418692 0.587340553752702 0.588908413377188 0.590073871944435 0.593594361867825 0.599729061037953 0.6030991670632 0.605500794253449 0.605942333165423 0.607246010743229 0.609701875572741 0.553305497827849 0.477312499076493 0.407723176769625 0.351596832323805 0.317243035718371 0.284207432707642 0.252481691401102 0.261092873295872 -9999 -9999 -9999 -9999 -9999 -9999 -9999 -9999 -9999 -9999 -9999
-9999 -9999 -9999 -9999 -9999 -9999 -9999 -9999 -9999 -9999 -9999 -9999 -9999 -9999 -9999 -9999 0.628759512005223 0.634469862652593 0.630257019092415 0.626100681330209 0.624394343374606 0.625857835378589 0.629754297072289 0.626197241736154 0.621396960981369 0.615556035054397 0.612435032251318 0.611826337626665 0.608135516083671 0.604238610217838 0.602455167464102 0.602961476160389 0.606009529958189 0.610084192535336 0.613527778949957 0.609681520213888 0.610112599236679 0.61626003716125 0.564883258581505 0.494153606751158 0.426783487237825 0.372986471887498 0.341140102433032 0.3094796280205 0.278345874975887 0.271412116085128 -9999 -9999 -9999 -9999 -9999 -9999 -9999 -9999 -9999 -9999 -9999
-9999 -9999 -9999 -9999 -9999 -9999 -9999 -9999 -9999 -9999 -9999 -9999 -9999 -9999 -9999 -9999 0.637248111946067 0.637800096418335 0.634607598780048 0.632819426884296 0.636155433475421 0.63943634799356 0.642674977169765 0.65396557416148 0.661353352446145 0.649117473726532 0.641690990585905 0.638706796177718 0.631816743687649 0.625813036373769 0.628700925651986 0.62918681870452 0.627006369023471 0.626789592423863 0.627137766933853 0.627883134941022 0.629123789861979 0.631026360656355 0.592018437876009 0.536791376981204 0.448074919665338 0.380881784733253 0.348496518544743 0.317684128977096 0.288089211686792 0.287925624569605 -9999 -9999 -9999 -9999 -9999 -9999 -9999 -9999 -9999 -9999 -9999
-9999 -9999 -9999 -9999 -9999 -9999 -9999 -9999 -9999 -9999 -9999 -9999 -9999 -9999 -9999 -9999 0.635817007024787 0.634029347811506 0.632847557271886 0.634206051229834 0.64313935717703 0.646949003442355 0.646826038537567 0.66980691227414 0.687770155875984 0.673872395042241 0.666580192228931 0.665389337388297 0.657381922139841 0.651463255986726 0.663996429352907 0.66641602624712 0.657609018849353 0.649839768656403 0.644391946557798 0.655524804658002 0.658673040576501 0.651150394591604 0.629308405134796 0.596267393077572 0.470822671491844 0.379968950765856 0.345056361997358 0.314748040203334 0.286935541520118 0.287465335439883 -9999 -9999 -9999 0.250744733039017 -9999 -9999 -9999 -9999 -9999 -9999 -9999
-9999 -9999 -9999 -9999 -9999 -9999 -9999 -9999 -9999 -9999 -9999 -9999 -9999 -9999 -9999 -9999 0.62865857043948 0.628381539380441 0.628619621922839 -9999 -9999 0.662576355112694 0.688795478432002 0.687037400831646 0.680317207080108 0.668521773356962 0.660507576325328 0.655985989721245 0.662975261331593 0.671735614548563 0.678025050569084 0.678523220910004 0.672592780332245 0.662397102689668 0.653145424009862 0.660601542460445 0.661699310882865 0.654299594927575 0.631724314973254 0.597671419619476 0.471403118453611 0.379119349641937 0.341795922008251 0.321160035104467 0.307950192399057 0.309791784419223 0.311014293751168 -9999 0.268447667958144 0.269437584068316 0.26850266444729 -9999 -9999 -9999 -9999 -9999 -9999
-9999 -9999 -9999 -9999 -9999 -9999 -9999 -9999 -9999 -9999 -9999 -9999 -9999 -9999 -9999 -9999 0.57480328251686 0.620820215260073 -9999 -9999 -9999 0.650111656198399 0.721341783317581 0.703788662830326 0.678658129198684 0.669732603038789 0.659728510469703 0.6487281797397 0.669151910992774 0.69141907562699 0.690742841633276 0.689928900249016 0.6889620963847 0.675916284838365 0.661857080371282 0.665277282073025 0.664247596518479 0.657270951882503 0.634024545303746 0.599235831160503 0.476728963121981 0.385294035378478 0.344109157330475 0.329322705879993 0.325751077387235 0.317160606084874 0.311678584938035 0.312334854192973 -9999 0.284855407762483 -9999 -9999 -9999 -9999 -9999 -9999 -9999
-9999 -9999 -9999 -9999 -9999 -9999 -9999 -9999 -9999 -9999 -9999 -9999 -9999 -9999 -9999 0.546655808900332 0.57480328251686 0.620820215260073 -9999 -9999 0.609812626231197 0.651498933134986 0.725181127031534 0.718667299690579 0.704117014507474 0.699490133934189 0.683730092744805 0.657686698242285 0.682402045212018 0.71065936398264 0.704912096516663 0.705714807211818 0.713788339771023 0.695214522182725 0.672666396701271 0.674608512629523 0.672247053324108 0.664134170590537 0.64510632012833 0.616534276757789 0.502803854876534 0.413560469567881 0.36391792002892 0.340543964573205 0.328476353782048 0.319353874236856 0.313150916617118 0.312713170764077 -9999 -9999 -9999 -9999 -9999 -9999 -9999 -9999 -9999
-9999 -9999 -9999 -9999 -9999 -9999 -9999 -9999 -9999 -9999 -9999 -9999 -9999 -9999 -9999 0.546655808900332 0.546655808900332 -9999 -9999 0.653787525544678 0.644570485010412 0.670427785143954 0.723206027037645 0.723837295409508 0.718162051239361 0.714664563686854 0.700695571735994 0.67705437768894 0.699270118682056 0.724850714833323 0.72060362151958 0.719883198610367 0.723077566201785 0.708600792788652 0.691785226623558 0.693611975993661 0.690220370496301 0.679854803394561 0.665853229858035 0.646935605733782 0.57427561073926 0.500008898952581 0.423143778508899 0.378041471211114 0.346759879467574 0.327136164813556 0.31410929782604 -9999 -9999 -9999 -9999 -9999 -9999 -9999 -9999 -9999 -9999
-9999 -9999 -9999 -9999 -9999 -9999 -9999 -9999 -9999 -9999 -9999 -9999 -9999 -9999 -9999 -9999 -9999 -9999 -9999 0.661888952753684 0.685374434316444 0.703187402389734 0.716646492318026 0.721352451934122 0.723207767245242 0.718340855587151 0.712113390822059 0.704629225576033 0.718990779118333 0.73506119914047 0.737495389976314 0.732776249684928 0.720116533855552 0.717325736021769 0.717455744820869 0.720241572172343 0.716057640629703 0.702559120073117 0.694220676016382 0.687667985552613 0.681540809743603 0.632331288528153 0.513448294168857 0.436256650870281 0.377310404698337 0.339325155286964 -9999 -9999 -9999 -9999 -9999 -9999 -9999 -9999 -9999 -9999 -9999
-9999 -9999 -9999 -9999 -9999 -9999 -9999 -9999 -9999 -9999 -9999 -9999 -9999 -9999 -9999 0.785839865067522 0.778036377299078 0.765278835478624 -9999 0.732049193716579 0.732804625088838 0.733440523632728 0.733984676009771 0.731730800593872 0.73002717558397 0.73195503656138 0.731718718928672 0.729483416996001 0.738031868519956 0.747676827094362 0.751960151874761 0.747959107145404 0.734761974508634 0.729780240728515 0.727293055078747 0.727527510433898 0.724795151013223 0.718097853818208 0.713885695208266 0.710983718175957 0.71486369268986 0.670250108156814 0.54721194733777 0.467653053226806 0.407811911473157 0.407173533490707 -9999 -9999 -9999 -9999 -9999 -9999 -9999 -9999 -9999 -9999 -9999
-9999 -9999 -9999 -9999 -9999 -9999 -9999 -9999 -9999 -9999 -9999 -9999 -9999 -9999 0.787618521997876 0.786337367530677 0.778036377299078 0.765278835478624 -9999 0.768433826456306 0.764810474264745 0.759658900259074 0.753334355652359 0.74481631365212 0.739072635062259 0.745442602461925 0.749375107219301 0.751056203737584 0.754011452683726 0.757551270243207 0.762921284719293 0.760058319460985 0.748056311661386 0.738564840303981 0.730618469522311 0.729838849800532 0.728880279245645 0.727682553579454 0.726669462249055 0.726071468868334 0.730620044952011 0.692036872089138 0.583700329869884 0.505757204288896 0.442378219444396 0.462646021611545 -9999 -9999 -9999 -9999 -9999 -9999 -9999 -9999 -9999 -9999 -9999
-9999 -9999 -9999 -9999 -9999 -9999 -9999 -9999 -9999 -9999 -9999 -9999 -9999 0.787994731957006 0.787618521997876 0.786337367530677 0.778036377299078 0.765278835478624 -9999 0.769823776638722 0.771811148999954 0.770688939943019 0.767180004331484 0.761636950899959 0.756272174969753 0.752670405331242 0.754268779556964 0.760670364522115 0.757760631440399 0.754735022119824 0.760838006601938 0.758121447836575 0.745614730035995 0.730064918042069 0.716236397388212 0.722807852887528 0.72365605624875 0.716855538571066 0.716105850465028 0.71729042335574 0.716639788932468 0.701814923113473 0.664067258612838 0.587001828412611 0.494596763317472 0.483480076967269 -9999 -9999 -9999 -9999 -9999 -9999 -9999 -9999 -9999 -9999 -9999
-9999 -9999 -9999 -9999 -9999 -9999 -9999 -9999 -9999 -9999 -9999 -9999 -9999 0.787994731957006 0.787994731957006 -9999 -9999 -9999 -9999 0.795740668492317 0.791199600954672 0.787002357751803 0.783069013305574 0.781751991401453 0.77941783584131 0.771700130875304 0.769701403673538 0.77298511790665 0.764839689821155 0.757080163359487 0.763385123192003 0.760176287279234 0.746406635373915 0.733070204199612 0.721500493015889 0.72330756163976 0.720533174619337 0.711635996687416 0.710461338742275 0.711701476683266 0.709812559798204 0.70770823698077 0.705255556168834 0.65021721641861 0.574430177602314 0.594769266235688 -9999 -9999 -9999 -9999 -9999 -9999 -9999 -9999 -9999 -9999 -9999
-9999 -9999 -9999 -9999 -9999 -9999 -9999 -9999 -9999 -9999 -9999 -9999 -9999 -9999 -9999 -9999 -9999 -9999 -9999 0.799172912088286 0.808486566582184 0.808326901015279 0.800896088143066 0.804991674435119 0.808203213843768 0.801923625582256 0.795129906994134 0.787861302254646 0.77507703900583 0.764320727377453 0.770324030078989 0.766017144770066 0.750265405972357 0.746987834961306 0.745398388654079 0.73094991851582 0.719403352159034 0.711734974631026 0.709482445672734 0.70914013987964 0.709769761809308 0.709916994340385 0.709284098851721 0.696332415510744 0.67767803472707 0.635962899974797 -9999 -9999 -9999 -9999 -9999 -9999 -9999 -9999 -9999 -9999 -9999
-9999 -9999 -9999 -9999 -9999 -9999 -9999 -9999 -9999 -9999 -9999 -9999 -9999 -9999 -9999 -9999 -9999 -9999 -9999 0.818557781337297 0.818543341121424 0.818502262786615 0.818440738643421 0.82563328284795 0.831702238844626 0.829554611716123 0.82062354811926 0.805426835773876 0.78851890061409 0.77522834871822 0.783317406164434 0.775937875359912 0.751387394226606 0.748691436132338 0.74942774562523 0.731476977651232 0.719920166996847 0.716908427342726 0.713808914517588 0.710815038404657 0.709801179795443 0.707359620113602 0.702609158922274 0.69904637510715 0.696047723080971 -9999 -9999 -9999 -9999 -9999 -9999 -9999 -9999 -9999 -9999 -9999 -9999
-9999 -9999 -9999 -9999 -9999 -9999 -9999 -9999 -9999 -9999 -9999 -9999 -9999 -9999 -9999 -9999 0.780493258093912 0.77706894383416 0.805281060424683 0.827438725671071 0.82394734523802 0.82704660512029 0.83520444174877 0.844398062822073 0.852175265572721 0.853811718175623 0.843484332426987 0.82210632224272 0.802486077026953 0.787627529759917 0.796709927941034 0.786719108739881 0.755556010402942 0.751606596921119 0.752085716002287 0.730546514027663 0.716211493472829 0.711504351030668 0.705349496588548 0.698739889930376 0.692686785313436 0.68970817986317 0.691701704715911 0.692299537698268 -9999 -9999 -9999 -9999 -9999 -9999 -9999 -9999 -9999 -9999 -9999 -9999 -9999
-9999 -9999 -9999 -9999 -9999 -9999 -9999 -9999 -9999 -9999 -9999 -9999 -9999 -9999 -9999 -9999 0.783521371698952 0.785047572785633 0.809005179849505 0.829186968216141 0.832752608600064 0.839194608596129 0.847844328199332 0.85547270741335 0.861519250518032 0.861840669945585 0.851265309008272 0.83062493182521 0.815739616323903 0.804284501394858 0.805372611412767 0.797684192931209 0.780253364057652 0.775557002708122 0.769914577269285 0.729541573389996 0.686517058544221 0.639948987128697 0.617886412079311 0.603403294270165 0.577773862528485 0.591550853279246 0.669056554556797 -9999 -9999 -9999 -9999 -9999 -9999 -9999 -9999 -9999 -9999 -9999 -9999 -9999 -9999
-9999 -9999 -9999 -9999 -9999 -9999 -9999 -9999 -9999 -9999 -9999 -9999 -9999 -9999 -9999 -9999 0.812018254191302 0.804951423137517 0.817952469103351 0.830506292934052 0.837094386181524 0.843679044210431 0.850261065573411 0.852204351214858 0.85252865864158 0.848862275247472 0.835919294210343 0.814407809188008 0.796721056116005 0.781652293984687 0.776751491900143 0.766859973707762 0.751428496922928 0.740443410992044 0.727728950073616 0.691565604120752 0.649106374356317 0.598233141887445 0.571835718879124 0.552617965067361 0.516560321465094 0.494279774922545 -9999 -9999 -9999 -9999 -9999 -9999 -9999 -9999 -9999 -9999 -9999 -9999 -9999 -9999 -9999
-9999 -9999 -9999 -9999 -9999 -9999 -9999 -9999 -9999 -9999 -9999 -9999 -9999 -9999 -9999 -9999 0.823585900437013 0.835430450437817 0.832853806812875 0.831336681314448 0.836348102013367 0.8394275482191 0.841024127695969 0.832585976828648 0.822637930950188 0.811936974189725 0.79421012603749 0.769993681084071 0.740914558600282 0.714233169151606 0.705629443478949 0.688398870062538 0.661592039802197 0.638000991259477 0.617131001615919 0.611445246839195 0.60289970545227 0.590532261852326 0.572992256649938 0.552617965067361 0.516560321465094 -9999 -9999 -9999 -9999 -9999 -9999 -9999 -9999 -9999 -9999 -9999 -9999 -9999 -9999 -9999 -9999
-9999 -9999 -9999 -9999 -9999 -9999 -9999 -9999 -9999 -9999 -9999 -9999 -9999 -9999 -9999 -9999 0.776725245060806 0.802097610688974 0.814784030425936 0.823315335164204 0.82214181632585 0.824530328121306 0.829652839114321 0.815625612035735 0.801295618296959 0.795727541895053 0.774923082245208 0.740045250481582 0.711633898378505 0.686701104657516 0.673827979238806 0.655926389641461 0.632442939098444 0.612291893236065 0.595875891939159 0.602602230678378 0.597580830095064 0.576859408134427 0.571086317349239 -9999 -9999 -9999 -9999 -9999 -9999 -9999 -9999 -9999 -9999 -9999 -9999 -9999 -9999 -9999 -9999 -9999 -9999
-9999 -9999 -9999 -9999 -9999 -9999 -9999 -9999 -9999 -9999 -9999 -9999 -9999 -9999 0.740093301890769 0.755932439591825 0.761003246915464 0.759237766117356 0.78902158794522 0.811964634352228 0.806890859222252 0.810203680024242 0.819953544441356 0.801484768556707 0.783848742632712 0.784182253006683 0.761416633190038 0.717315067080415 0.692178314855465 0.67140348711841 0.654376154994313 0.637518001782394 0.62084764610252 0.60801975487513 0.598505524165454 0.607639011713034 0.597024584614171 0.560018468561841 0.5429148484549 -9999 -9999 -9999 -9999 -9999 -9999 -9999 -9999 -9999 -9999 -9999 -9999 -9999 -9999 -9999 -9999 -9999 -9999
-9999 -9999 -9999 -9999 -9999 -9999 -9999 -9999 -9999 -9999 -9999 -9999 -9999 0.73544215208821 0.741575641437975 0.762462773980005 0.766406097114081 0.759592621474998 0.774708974572562 0.792721752601135 0.814494730069955 0.826070630005578 0.829819870190276 0.805500321925614 0.779924047388158 0.763975310749569 0.744887715740691 0.722900855129296 0.695054999982887 0.667656260832661 0.648817286897147 0.632063660795019 0.617624880979114 0.607757024178698 0.596478408488617 0.564064663321004 0.540827939526529 0.529855654683476 0.529809766982845 -9999 -9999 -9999 -9999 -9999 -9999 -9999 -9999 -9999 -9999 -9999 -9999 -9999 -9999 -9999 -9999 -9999 -9999
-9999 -9999 -9999 -9999 -9999 -9999 -9999 -9999 -9999 -9999 -9999 -9999 -9999 0.73544215208821 0.741873406279573 0.763774554393839 0.753327281344137 0.72234357231878 0.754025729151398 0.790343877148855 0.826351469761534 0.840534380068686 0.837965984717793 0.798625860446895 0.757100745314861 0.72605802040646 0.710507025870874 0.709265259626226 0.684519787043806 0.656254507157393 0.633557119054449 0.614856816633198 0.600593490527286 0.592558609584455 0.581736516162181 0.535115848984197 0.510037622864712 0.5137493431215 0.472091446828544 -9999 -9999 -9999 -9999 -9999 -9999 -9999 -9999 -9999 -9999 -9999 -9999 -9999 -9999 -9999 -9999 -9999 -9999
