layers/veg_sum/veg5500.asc
NCOLS 255 
NROWS 330 
XLLCORNER -2985163.8955 
YLLCORNER -3022031.214 
CELLSIZE 25000 
NODATA_value -9999 
[rows 225 to 249 of 330, columns 57 to 113 of 255]
-9999 -9999 -9999 -9999 -9999 -9999 -9999 -9999 -9999 -9999 -9999 -9999 -9999 -9999 -9999 -9999 -9999 -9999 -9999 0.241869800833583 0.221151388122247 0.184465177283536 0.135523050717249 0.11220103284701 0.0938814044044503 0.0820221756638421 0.0713783374286648 0.0618571175057304 0.0595882392968319 0.0590726350872866 0.0604515913767729 0.0617560038070475 0.0629776686146502 0.0610249721288943 0.0584901125992269 0.0579927580647391 0.0588277353663626 0.0614432797825892 0.0635045348714817 0.0656636017650031 0.0720087740420368 0.0776928355565387 0.0823077379404545 0.08792867524914 0.093734880811445 0.0862442805844003 0.0810758259227024 0.0804929374184631 0.0795918010328559 0.0785224395621928 0.0761244999974689 0.0748496795323531 0.0764140680940811 0.0773030555864229 0.0777570914630014 0.0791857067706343 0.0821441392399975
-9999 -9999 -9999 -9999 -9999 -9999 -9999 -9999 -9999 -9999 -9999 -9999 -9999 -9999 -9999 -9999 -9999 -9999 0.247002393114051 0.242643056604605 0.225045996870482 0.193053960746291 0.150013211698141 0.123293069672574 0.10111577430738 0.0884178265301851 0.0773552935577395 0.0678033422458559 0.0648850963410357 0.063606663260504 0.0642566262327215 0.0648406350372803 0.0653514312306759 0.0656954186314947 0.0656031781807551 0.0623352482989995 0.0615955853575211 0.0642347720755506 0.0663702749122245 0.0684335176803792 0.0719462664306829 0.0761661098030482 0.0815294781552075 0.0878187970180281 0.094376586661586 0.0939978438095289 0.0903672701107305 0.0803152705964624 0.080054966717397 0.084970530228222 0.0807640003981645 0.0776339595027662 0.077773617420829 0.0782767039514186 0.0790138349178229 0.0804038927561101 0.0827532091227623
-9999 -9999 -9999 -9999 -9999 -9999 -9999 -9999 -9999 -9999 -9999 -9999 -9999 -9999 -9999 -9999 -9999 -9999 0.252992304715448 0.248380523288848 0.235065546707011 0.211409368123396 0.179815908566873 0.143463459227911 0.111237160182386 0.0978052039571136 0.0865920199273422 0.0774282465900474 0.0735655048434099 0.0711573088307745 0.0710706837437936 0.0711322119052816 0.0713581980010859 0.0716496270452285 0.0715685342704004 0.0683335360947911 0.0674047569723983 0.069558076238658 0.0705447474143739 0.071224538841124 0.0732233814539323 0.0765664197271072 0.0820833131922198 0.0884955978662173 0.0952203125705996 0.0980964020454983 0.096680697999447 0.0867899425103877 0.0845964089753504 0.0864716089456049 0.0845041887518085 0.0824516198546907 0.0804593104720819 0.0797957106088207 0.0799877865484505 0.0812307270851981 0.0828151522051122
-9999 -9999 -9999 -9999 -9999 -9999 -9999 -9999 -9999 -9999 -9999 -9999 -9999 -9999 -9999 -9999 -9999 -9999 0.257995960850167 0.258762732322821 0.250815871033126 0.238902874687232 0.223945713039071 0.172127970029683 0.124059769994943 0.109991777328307 0.0988787361445254 0.0904950915058189 0.0854117185512803 0.0815304393481913 0.0807001202147582 0.0804243535110455 0.0807641693072409 0.0788049817075496 0.0764600409657867 0.0758810636773415 0.0760595279366538 0.0772502591662633 0.0759437297518676 0.0740353070329035 0.0757539085687243 0.0787697522014607 0.0838835169558964 0.0899084515733909 0.096253057669036 0.0987751707603554 0.100207757890228 0.0994888462290534 0.0929536729712546 0.0833440374496568 0.0874029397000759 0.0891718037166385 0.0843858041312689 0.0818249793805442 0.0806971452387391 0.0816913949391227 0.0823651784763147
-9999 -9999 -9999 -9999 -9999 -9999 -9999 -9999 -9999 -9999 -9999 -9999 -9999 -9999 -9999 -9999 -9999 -9999 0.270096134933754 0.267696422495233 0.258117114035077 0.244016399504494 0.226445327237219 0.179586464034876 0.135831246711572 0.119583203458029 0.107529795025352 0.0993508399819634 0.09396086674974 0.0896593103002629 0.0883289078554981 0.0873315536683622 0.0867039006456852 0.0845493567002083 0.0822152796331563 0.081674522153286 0.0816305578396919 0.0822505223992627 0.0802466112520143 0.0776192571534845 0.078933842828574 0.080903386673329 0.0839321395749269 0.0894663786716143 0.0960104675215795 0.0991253603444663 0.101418392088108 0.102088485800923 0.094492874253195 0.0825280302551979 0.0870474329605808 0.0901661446795131 0.088708003089681 0.0865732068252284 0.0840026516356271 0.08399175508687 0.0837878561954917
-9999 -9999 -9999 -9999 -9999 -9999 -9999 -9999 -9999 -9999 -9999 -9999 -9999 -9999 -9999 -9999 -9999 -9999 0.283425962559019 0.276033043746108 0.264231584104987 0.24557331581325 0.221652176065369 0.18308318433927 0.147087712273917 0.128888785945077 0.115874342279146 0.10764864358932 0.102065904140189 0.0974991657906461 0.0956644764000177 0.0939273254715743 0.0922984473901536 0.0903128073256353 0.0883421792054091 0.0872515371581709 0.0866894037406859 0.0868335846665323 0.0847007117113915 0.0820140323903862 0.0825616756616123 0.0832496895192524 0.0841647129835059 0.0891917426231549 0.0959236527013708 0.0995993703072507 0.102216091874093 0.102741602420419 0.0956304968292362 0.0844826938254892 0.0871612950340048 0.0900640278203831 0.0925488139616884 0.0914610430792342 0.0880725807701245 0.0872879698534704 0.0863649889775212
-9999 -9999 -9999 -9999 -9999 -9999 -9999 -9999 -9999 -9999 -9999 -9999 -9999 -9999 -9999 -9999 -9999 0.288949457704839 0.286781210324624 0.282648644531267 0.273048996283088 0.251997338297058 0.222155810528178 0.187907754731837 0.15664165625574 0.139461207940196 0.126515000240926 0.117479828569197 0.111331154043641 0.106202479933712 0.103572340440837 0.101416840935902 0.099788216897874 0.097733402702449 0.0955820802120241 0.0935558334774091 0.0922961378610299 0.0920608835105567 0.0911991282257092 0.0900586065762289 0.087961244717429 0.0868528732393453 0.0873439131693522 0.0918857070290527 0.0981034970972273 0.101121801499538 0.103268875306979 0.103695520563003 0.10203548042152 0.099272423263958 0.0934578722375331 0.0901720547190369 0.0932829978342437 0.0941343531082496 0.0935305561371122 0.0940882891345149 0.0932901797830698
-9999 -9999 -9999 -9999 -9999 -9999 -9999 -9999 -9999 -9999 -9999 -9999 -9999 -9999 -9999 -9999 0.294930579295112 0.293066394342304 0.291595193575892 0.288571863219753 0.280745047455866 0.259696466617646 0.228499658877498 0.1988421025541 0.171965649039198 0.155288170278528 0.140996102319767 0.128907363938188 0.121732809689714 0.115932802235711 0.112426526833699 0.109689021492381 0.107804891540754 0.10549336503067 0.103022624649307 0.100172056942952 0.0982492457715067 0.0975663154853232 0.0972587254925895 0.0968563486273452 0.0932021422004325 0.0909446113669604 0.0909458071309427 0.0949015224949995 0.100491470597198 0.102852579999499 0.10449270957374 0.104709112423395 0.105746766644652 0.107218532418343 0.100593818276275 0.0954481620456712 0.0944849568130824 0.0952214769108379 0.0970526033281526 0.0983530046210721 0.0979389466709713
-9999 -9999 -9999 -9999 -9999 -9999 -9999 -9999 -9999 -9999 -9999 -9999 -9999 -9999 -9999 -9999 0.298010072141348 0.301180399952245 0.298049483558336 0.293716517854042 0.287180159943605 0.268829415331027 0.241410662303053 0.216646722020828 0.193777898248556 0.177023714384374 0.15979567501774 0.142129950098989 0.133412321401735 0.126817966119771 0.122344825904407 0.118841286773972 0.116414056082172 0.113634935882304 0.110688786940633 0.107139033648371 0.104591841197056 0.10338450028677 0.102824882946415 0.102252063262703 0.09826461799459 0.0955857150862684 0.0950230082694642 0.0982792503607087 0.103113479378949 0.104817639144963 0.105908885657734 0.105789805689052 0.106429066482107 0.1074691844265 0.108673610792924 0.106535629414341 0.0962129156479985 0.0945249792346314 0.0983977541255069 0.0997665054682559 0.100027939349067
-9999 -9999 -9999 -9999 -9999 -9999 -9999 -9999 -9999 -9999 -9999 -9999 -9999 -9999 -9999 -9999 0.298472736902201 0.295229253628841 0.290230855050533 0.284526507722534 0.277081387022752 0.260654462907581 0.237333649925421 0.218918179032887 0.201986881868754 0.188374455337574 0.170581150836828 0.148926099721378 0.137912767575834 0.129598659321108 0.124749795565159 0.120846076639894 0.117991518418768 0.116178873827492 0.114393607245018 0.110614739287912 0.107857202272159 0.10646460170693 0.105762036445906 0.105147591580882 0.102388475357516 0.099815213942773 0.0975425199622122 0.100110105572776 0.10469707284311 0.106365946312399 0.107297921658803 0.106774736250332 0.107031855519901 0.107701442015547 0.110548680324617 0.109250948200608 0.09766529427124 0.0958349509941551 0.100286931395266 0.101542889290365 0.101849599935099
-9999 -9999 -9999 -9999 -9999 -9999 -9999 -9999 -9999 -9999 -9999 -9999 -9999 -9999 0.307124441403031 0.303041041449083 0.295885215367389 0.286778855683371 0.280478954104926 0.273696543032561 0.264804549682336 0.250003890603593 0.230668097209307 0.217933407160945 0.20650789907661 0.196827223028084 0.179924581379005 0.156351235295967 0.142638489183572 0.131789344262525 0.126113904524013 0.121735901471278 0.118798121697172 0.118018820036174 0.117409387924328 0.113585639706107 0.11072997374054 0.109168081125267 0.108467555580337 0.108002512327426 0.106693686425308 0.104307851878217 0.100180261347477 0.101860433241228 0.105983285351525 0.107668982738693 0.108482792217147 0.107574875139365 0.10756818374345 0.108037878133151 0.110775943905034 0.109868876764156 0.0998898115354555 0.0983872946249433 0.102343591083564 0.10353791501008 0.103842183595339
-9999 -9999 -9999 -9999 -9999 -9999 -9999 -9999 -9999 -9999 -9999 -9999 -9999 -9999 0.308757570838621 0.310235669247878 0.303247188256227 0.290883688653366 0.286538907354455 0.281270951597314 0.271358514428449 0.257429182107523 0.240416724105932 0.224515894409429 0.210658789790668 0.2043066637238 0.195163159429216 0.183441346104876 0.165338137128834 0.147206557366924 0.135607525549364 0.129315300926387 0.128913912704614 0.126513511754204 0.123537905310028 0.12015725210192 0.117214442904447 0.114856781209668 0.115126922106411 0.116120873133567 0.114619800439024 0.11192458031239 0.107298165441025 0.106403715372736 0.107108568608175 0.107853869965416 0.108020270614089 0.107043509723987 0.107726638671332 0.109287181500861 0.111121783133535 0.111701231500773 0.109192282106398 0.106837621938736 0.104582322508709 0.106549017554578 0.107863971396021
-9999 -9999 -9999 -9999 -9999 -9999 -9999 -9999 -9999 -9999 -9999 -9999 -9999 -9999 -9999 0.316190357699473 0.309810670230641 0.299380830125786 0.295282302986396 0.289708433740506 0.278200786510981 0.263786921308166 0.247142419026744 0.229527102872566 0.214422751598109 0.20975438916143 0.205427027576173 0.201414637844478 0.186648427434202 0.16930018485914 0.149238698923688 0.139117568786631 0.140030758840788 0.137908812909918 0.134757770625487 0.129731260036933 0.125835078533732 0.123449501778922 0.123593711395897 0.124403009619232 0.122346839056037 0.119073538948072 0.113831877047122 0.111628700180676 0.110739725259995 0.11053774380504 0.109851712730571 0.108209823596683 0.108485104358716 0.109773796639535 0.11127648206128 0.112907549245767 0.114837599549337 0.114013897321782 0.111416805671091 0.111472573338814 0.111361919769744
-9999 -9999 -9999 -9999 -9999 -9999 -9999 -9999 -9999 -9999 -9999 -9999 -9999 -9999 -9999 -9999 0.315292899080987 0.313825687726626 0.30765940365721 0.29931462173386 0.285433461543081 0.268699065772307 0.249774699002376 0.232410610112373 0.217662764940372 0.212450926789232 0.208954537767069 0.207042655615171 0.206077359716021 0.200434483677722 0.168472617830252 0.151929868901502 0.152503154508903 0.153231889522488 0.152871935870131 0.143370874101965 0.137348341521072 0.135974616774813 0.134507969371811 0.13290691815256 0.129804305545528 0.125589080788613 0.119574521477996 0.117776792735072 0.117764137098695 0.116605547296703 0.114789458742871 0.111675000237557 0.110056057071897 0.109227639813696 0.111172353939656 0.113266137303739 0.115530690018346 0.119464952535809 0.124474491669679 0.118985821757928 0.114150526300402
-9999 -9999 -9999 -9999 -9999 -9999 -9999 -9999 -9999 -9999 -9999 -9999 -9999 -9999 -9999 -9999 0.327955934240335 0.327205304364259 0.320836573377627 0.312152120520291 0.297725603102324 0.279624247134375 0.258702307437741 0.241541366393479 0.226002567478067 0.214923466004008 0.211681583552602 0.215678695936662 0.221063028382549 0.221546655701808 0.194041484072074 0.176208388303534 0.169111807819828 0.166873358916992 0.165190256010916 0.15767282931781 0.152049237630219 0.148956622265426 0.145355568646135 0.141596716482338 0.138061229817589 0.13331411602181 0.126607539026481 0.124078944297747 0.1233212099262 0.121548940432201 0.119235697326517 0.115854187733651 0.113094594001573 0.11066374353757 0.111474314043546 0.112796295636726 0.11514236957781 0.120504083441233 0.127807839620303 0.120238930122478 0.113617429864644
-9999 -9999 -9999 -9999 -9999 -9999 -9999 -9999 -9999 -9999 -9999 -9999 -9999 -9999 -9999 -9999 0.360483935110605 0.342794444923604 0.335709728995452 0.327416858984382 0.313020357197778 0.293937825184778 0.271258579893376 0.253899691035877 0.236939125448941 0.218786955329937 0.215622804723968 0.226302620394188 0.234954264187085 0.239278761108021 0.222298551323326 0.205014566519637 0.187393375393191 0.180311566995169 0.176066248446164 0.17236893745653 0.167806482982639 0.162087825530084 0.156288304491272 0.150589996992893 0.146772713019398 0.141621918421624 0.134314548646914 0.130716475749662 0.128700376052073 0.126312248752184 0.123630058474457 0.12036717882934 0.116732945016537 0.112902414260055 0.112115643161359 0.11228386506572 0.114574688672241 0.11607137920218 0.117056655876787 0.112065925476147 0.112036662271137
-9999 -9999 -9999 -9999 -9999 -9999 -9999 -9999 -9999 -9999 -9999 -9999 -9999 -9999 -9999 -9999 0.374353468451455 0.379338602339805 0.372486398229751 0.362879130645059 0.347623643588144 0.328418617805375 0.306182165059367 0.282690922006001 0.260703848318829 0.24531848838723 0.242584259616514 0.251535486218645 0.255698600467015 0.25839871631933 0.258194077809824 0.242429363739429 0.209392143591729 0.199599514079089 0.19565402836075 0.189609376577424 0.182833449735923 0.175080225583777 0.168891475457995 0.163274385223877 0.158228145916552 0.152461284789255 0.145529022276611 0.141707611015814 0.139175507316133 0.13430512696871 0.129850481778699 0.126216793335215 0.121786638561189 0.116935473549408 0.115825188925032 0.115541548409213 0.117017949370032 0.117427394376381 0.11714973028951 -9999 0.112036662271137
-9999 -9999 -9999 -9999 -9999 -9999 -9999 -9999 -9999 -9999 -9999 -9999 -9999 -9999 -9999 -9999 0.408238939906735 0.406254208793328 0.399160938501543 0.389949708608775 0.375479948588475 0.35651083966777 0.334088302759534 0.306496342153517 0.281829962482179 0.27142302577667 0.269894593958548 0.276566960260358 0.279748142887853 0.283426765682647 0.293456743676546 0.283905112777835 0.252616861303116 0.232740860633188 0.21687605169264 0.209210190225283 0.200561385457772 0.190598946602764 0.183747985807216 0.177948262460008 0.172031735791767 0.165630371769322 0.15844492085331 0.153780666958429 0.150139262790219 0.143408060354403 0.137368502862029 0.132694744177859 0.127553446138182 0.122165007889717 0.120519350731194 0.119681904605192 0.120559292410462 0.125115340276181 0.132040408875893 -9999 -9999
-9999 -9999 -9999 -9999 -9999 -9999 -9999 -9999 -9999 -9999 -9999 -9999 -9999 -9999 -9999 -9999 0.410866005844239 0.413176136792167 0.409273685274941 0.403262642156483 0.39227500967339 0.374129408893192 0.350489784733552 0.32212784474637 0.298630246646433 0.296827531113269 0.297776893815942 0.301268265371301 0.309216359112849 0.318140757056582 0.327681875085248 0.332038532261394 0.330640163940891 0.288593968453392 0.240777312451013 0.232680686752812 0.222717386834786 0.210259409059931 0.202298701771238 0.195883779514126 0.189684978657634 0.182618886499254 0.174150196672155 0.16762746256441 0.161904086365374 0.154330858102525 0.147013852406618 0.140202812206273 0.134489358503708 0.12935608645436 0.126827727484666 0.125269346416863 0.125900871130966 0.12846368622615 0.13227023324572 -9999 -9999
-9999 -9999 -9999 -9999 -9999 -9999 -9999 -9999 -9999 -9999 -9999 -9999 -9999 -9999 -9999 -9999 0.403401909889507 0.404719230369135 0.40047689834521 0.393702651373633 0.380516419834974 0.371115378863904 0.3646196211535 0.346378378333775 0.330234593542682 0.328495027055842 0.328063420968949 0.328839937119402 0.335433687004292 0.343122393148822 0.350644783941181 0.357699736649552 0.364235808384956 0.319343793600014 0.265925506564298 0.252844277088156 0.238869449407293 0.22370039102964 0.213762412691325 0.205786868802876 0.200465127774473 0.194414948189989 0.187186725866762 0.179663594379394 0.172007252413289 0.163978049957262 0.156139437644439 0.148677185764686 0.142864731402959 0.137924356146996 0.134533987183646 0.132065570522821 0.131743325710324 0.132868107073735 0.134924758997901 0.135363907718822 -9999
-9999 -9999 -9999 -9999 -9999 -9999 -9999 -9999 -9999 -9999 -9999 -9999 -9999 -9999 -9999 -9999 0.409696703074883 0.391496593881129 0.384265771025534 0.375068797777049 0.357382739300329 0.359907177149158 0.377943969162446 0.374304200324401 0.368046068017287 0.362705611365958 0.359261807013693 0.357569881249729 0.360193629467993 0.363871847851104 0.368737807756504 0.373635614822844 0.378568773920652 0.339530245047397 0.292258178962329 0.271839506572921 0.252488224730483 0.234563434738545 0.222266117066575 0.212288162935639 0.208207417557218 0.203837502363218 0.198999937017177 0.19085900596552 0.181326152419007 0.173040751328985 0.165024623807518 0.157540233736746 0.151822640792443 0.147038972673026 0.142803264575274 0.139346907864158 0.137758029021874 0.137681940537394 0.138580074097064 -9999 -9999
-9999 -9999 -9999 -9999 -9999 -9999 -9999 -9999 -9999 -9999 -9999 -9999 -9999 -9999 -9999 -9999 0.423173372125143 0.427005612325765 0.421526101154167 0.414150230179084 0.403153824603135 0.400163015287181 0.403316817290136 0.397383460181685 0.390565539105446 0.38497513441817 0.381626742520936 0.380349227928682 0.3820846160658 0.384670968398976 0.388708150334296 0.392780053723833 0.396890499762256 0.383143430137085 0.360978227585162 0.308652285537022 0.271257746734011 0.253817970605405 0.238847623991725 0.224847910934811 0.212747205769494 0.205660276211234 0.206681706511566 0.19854268763642 0.186581900389532 0.180143912867796 0.172963515232601 0.164317072254672 0.157906904961116 0.15267882775908 0.148104154927818 0.143946461536213 0.140762763915668 0.139201230728554 0.138684355409683 -9999 -9999
-9999 -9999 -9999 -9999 -9999 -9999 -9999 -9999 -9999 -9999 -9999 -9999 -9999 -9999 -9999 -9999 0.479312596778874 0.466738676459129 0.460823621447686 0.455114151325374 0.448500061029568 0.439557803960136 0.428828586938576 0.420919750554977 0.413705310577708 0.407770447710155 0.404353876169822 0.4032633718045 0.404387114057418 0.406166336867089 0.40917472387607 0.412266120662774 0.415449662689042 0.418118245676892 0.412906986977629 0.345020041169159 0.297154329660865 0.27604557946088 0.256480507800011 0.237526488179753 0.21982230678202 0.209842996732888 0.212356474886645 0.204965108108827 0.193427046037434 0.187083166405863 0.179931257784916 0.171183725511762 0.16442857800439 0.158726600419933 0.154384336619353 0.150107565674993 0.145895945495666 0.148137853183976 0.154535769058583 -9999 -9999
-9999 -9999 -9999 -9999 -9999 -9999 -9999 -9999 -9999 -9999 -9999 -9999 -9999 -9999 -9999 -9999 0.494451630976279 0.506627779808392 0.50420254735465 0.499849541753462 0.492995134604941 0.477227524359762 0.454618678701658 0.445371678037509 0.438087821934217 0.431619154677946 0.427806655148225 0.42644757492439 0.427514053940442 0.429056602198051 0.430635470606421 0.432436621787505 0.434484518591872 0.435786532557953 0.431195262873232 0.380496215467112 0.337329612220783 0.304229586984521 0.276219771064981 0.250443133700838 0.231976776462794 0.218753748916604 0.214010319846849 0.208860656704328 0.20345646810403 0.193694038703018 0.184953353568889 0.178230317974783 0.171826577208542 0.165591614940825 0.162626478091099 0.159397155779601 0.155293360431355 0.154163707432848 0.154949372723229 -9999 -9999
-9999 -9999 -9999 -9999 -9999 -9999 -9999 -9999 -9999 -9999 -9999 -9999 -9999 -9999 -9999 -9999 0.565334892105415 0.558994639946803 0.555346154880146 0.550763316325079 0.542725142827053 0.528066112531774 0.508325313146972 0.49672590185188 0.487555001557938 0.483754908229524 0.483354776067319 0.486095082018664 0.489909017252529 0.49374825995587 0.496599627663878 0.492218307394406 0.479808321289898 0.47673406316919 0.473166770725501 0.445761124706765 0.405685356610998 0.348676867929482 0.31260447510568 0.284132451476309 0.262573584824067 0.244828097138817 0.233249668246152 0.224239792555631 0.216174390006191 0.19967893280207 0.186706176162328 0.180689734721743 0.177891573505354 0.176794587681309 0.17285662198954 0.16877111073544 0.164523296425053 0.160019674749505 0.155351315658153 -9999 -9999
