layers/veg_sum/veg5700.asc
NCOLS 255 
NROWS 330 
XLLCORNER -2985163.8955 
YLLCORNER -3022031.214 
CELLSIZE 25000 
NODATA_value -9999 
[rows 225 to 249 of 330, columns 57 to 113 of 255]
-9999 -9999 -9999 -9999 -9999 -9999 -9999 -9999 -9999 -9999 -9999 -9999 -9999 -9999 -9999 -9999 -9999 -9999 -9999 0.231515932522304 0.184099293207573 0.15217029570378 0.132128674990421 0.111403794045491 0.0925192177844494 0.0812685591459197 0.0713301696802609 0.0626038823311432 0.0593117904241828 0.0576030470303953 0.0587737656563767 0.0602540774604119 0.0620780540511957 0.0641120333788781 0.066135268793767 0.0676250773057441 0.0706298046979152 0.0756591138543693 0.0794899263291963 0.0830163162628746 0.0880560717335973 0.0910215218590524 0.0906323714769865 0.0929873801143214 0.0963426326777131 0.0902151372940179 0.0852488698054794 0.0825756916979816 0.0828878045261145 0.0847779351540977 0.0802108843726533 0.077445637451382 0.079537524162371 0.0820136313341822 0.0847371726866882 0.0888439065617772 0.0930340897978013
-9999 -9999 -9999 -9999 -9999 -9999 -9999 -9999 -9999 -9999 -9999 -9999 -9999 -9999 -9999 -9999 -9999 -9999 0.243262502122173 0.236714768373387 0.210283943028557 0.182249706685516 0.152984789072964 0.123677103405834 0.0981068779724644 0.0873408814963943 0.0778126033993456 0.0694275671751601 0.0648450679255704 0.0616842855883716 0.0622373805501337 0.0630186037699165 0.064053061410551 0.0663557156912885 0.0690456851613228 0.0721738867594096 0.0752316800569278 0.0781953776485642 0.0807524452809924 0.083333085002328 0.0882806794289367 0.0915198213428786 0.0919960259298049 0.0938678750851279 0.0963352556215827 0.0986791535921414 0.0967899854047095 0.0865417353379879 0.0845030060413255 0.0868038102047936 0.0824854245940979 0.079250541702603 0.0791276363131514 0.079548363065385 0.0803191835458116 0.0849324270376006 0.0898838688143029
-9999 -9999 -9999 -9999 -9999 -9999 -9999 -9999 -9999 -9999 -9999 -9999 -9999 -9999 -9999 -9999 -9999 -9999 0.24444092028458 0.24072837641829 0.226785091827336 0.201302748484454 0.166963721802327 0.133828363611082 0.105280125495728 0.0942483501479387 0.0847628534904964 0.0767056062441345 0.0716390315571601 0.067959683606522 0.068658100850785 0.0693269406813511 0.0699629480198235 0.0718476159747198 0.0741920435514517 0.0776025211980218 0.0800423980463114 0.0811851356864965 0.0828023717056746 0.0847688962681247 0.0894786980920481 0.0928275992441864 0.0939756295868888 0.0953410427750211 0.0968614577331038 0.101731678139235 0.101154914975357 0.0898219339879256 0.0866277654126299 0.0877357540249982 0.085431747383974 0.0837345651618706 0.0837596505503291 0.0821996934313733 0.0796189845977658 0.0839586823607134 0.0886908615942317
-9999 -9999 -9999 -9999 -9999 -9999 -9999 -9999 -9999 -9999 -9999 -9999 -9999 -9999 -9999 -9999 -9999 -9999 0.245425308646208 0.243633031221341 0.234225915011885 0.210039015915342 0.174508049710043 0.141994137753958 0.1139369209129 0.101937219803713 0.092150813935461 0.0844087598675325 0.0796125506832741 0.0762880373803579 0.077845623963831 0.0789510285691133 0.079554487285008 0.0803786972750124 0.0814304513700463 0.0838543600571089 0.0850485187344665 0.0845992036411643 0.0855890325076308 0.0872517348065569 0.0915874844934243 0.0948927621060841 0.0965315434379484 0.0973687421167706 0.0978869008721009 0.0997209639660951 0.0988054773002985 0.092460424755904 0.089229290375729 0.0876441658473132 0.0890066206121673 0.0907252948556476 0.0931090985455118 0.0896383470559822 0.0823973198735709 0.0857336165163761 0.0893291129192505
-9999 -9999 -9999 -9999 -9999 -9999 -9999 -9999 -9999 -9999 -9999 -9999 -9999 -9999 -9999 -9999 -9999 -9999 0.254993298708172 0.253075677614503 0.245454244533732 0.225184268205001 0.195206035366074 0.158960868482385 0.126320987603988 0.111199636069555 0.0994963830557302 0.0909503210641653 0.0865121110126017 0.0835727890738119 0.0844452986452527 0.0861598584037415 0.0888091383643447 0.0897742848988094 0.090220083442043 0.0900434312096555 0.0897654825815936 0.0893521584966995 0.090040859234968 0.0911945362029811 0.0936605145197107 0.0954183216026475 0.0960308625917025 0.097512580711214 0.0993521144133574 0.100407388191371 0.101047978149906 0.100869687450388 0.096559853018464 0.0900660942417525 0.0910898811383653 0.0927252905498668 0.0953310779694641 0.0919035035666918 0.0845905037595602 0.0871743379210412 0.090054242248409
-9999 -9999 -9999 -9999 -9999 -9999 -9999 -9999 -9999 -9999 -9999 -9999 -9999 -9999 -9999 -9999 -9999 -9999 0.274406574057426 0.264040723963177 0.257273893218973 0.240135663275546 0.215036974817503 0.175523810220783 0.138907837774276 0.121247190429649 0.107832738704636 0.0983403654709767 0.094186303800921 0.0915255661442985 0.0913573076138474 0.093387979889197 0.0978595815519484 0.099000791214905 0.0989795756551641 0.0966316100184814 0.0951443182956429 0.0948072562872432 0.095019823289796 0.0954298921123068 0.0959918136317226 0.0961556264417375 0.0956756113400848 0.0978015042792795 0.100997664063508 0.101706562081336 0.103910987831858 0.109068648496211 0.104432497037393 0.0946193594180999 0.0935150069604192 0.093525669119462 0.095654434234169 0.0927598491029986 0.0866302760438769 0.0889899942616437 0.0915044350766767
-9999 -9999 -9999 -9999 -9999 -9999 -9999 -9999 -9999 -9999 -9999 -9999 -9999 -9999 -9999 -9999 -9999 0.285145627152645 0.281340830941251 0.276266586708823 0.268211088605347 0.246964941977428 0.2155944516286 0.180169753661403 0.148522190273957 0.133922038895881 0.121714300488686 0.111716359343818 0.107340246723491 0.104333077392364 0.102847858685456 0.103378583537946 0.106147112265166 0.106338473290459 0.105866329856818 0.105503738331722 0.104514274530466 0.102687040340684 0.101093516895646 0.0996837132214565 0.0997957487385562 0.0997607546361756 0.0994879818300694 0.10096679255878 0.103160531906938 0.103441004629657 0.105169118339165 0.109755904483436 0.110114278946309 0.10823752489333 0.0994773243945056 0.0931554806897096 0.0932771276601743 0.0914855939730414 0.0884619908445238 0.0932538841075669 0.0968830192628806
-9999 -9999 -9999 -9999 -9999 -9999 -9999 -9999 -9999 -9999 -9999 -9999 -9999 -9999 -9999 -9999 0.291588387165398 0.289580319599967 0.288540121622928 0.285747386297427 0.277410603517227 0.255275695854609 0.222550182373426 0.191848079460368 0.164778326105316 0.151022502523363 0.137521107959145 0.124254721545147 0.119506048312469 0.116520172971715 0.114154621895142 0.113467726328748 0.114644227079924 0.11437443834099 0.113706003081332 0.112886268311379 0.111554239845506 0.109537567146677 0.106968173645834 0.104350484334339 0.103776344729438 0.103250891530937 0.102804174784613 0.103866773628088 0.105541568522322 0.105359437089209 0.106581858228128 0.110577864639561 0.113368331725364 0.115521553545872 0.103622304586498 0.0943030511162234 0.0922745237149723 0.0910125617706536 0.0902442604069793 0.0952173697540329 0.0992091018427563
-9999 -9999 -9999 -9999 -9999 -9999 -9999 -9999 -9999 -9999 -9999 -9999 -9999 -9999 -9999 -9999 0.294905563228422 0.298320585133441 0.296037435302523 0.292141440126941 0.284656145959827 0.265252326599804 0.236700568419662 0.211434120010895 0.188502959147478 0.173099445032688 0.155492799666414 0.135851190659942 0.130560712963479 0.128009628706472 0.125254720860364 0.123667673593412 0.123377013279854 0.123195602816214 0.122617206753159 0.118593787161644 0.115974196374259 0.115230723334285 0.112619019090064 0.109481606028544 0.107955590880057 0.106611723966638 0.105562430156064 0.106468424255047 0.108167929741573 0.107484760991949 0.108168451987052 0.111551295817769 0.11389247186959 0.115683024772087 0.105723740530529 0.097157298382168 0.0928177339338447 0.0914404820536083 0.0919709301997525 0.0945941160431009 0.0981027328363095
-9999 -9999 -9999 -9999 -9999 -9999 -9999 -9999 -9999 -9999 -9999 -9999 -9999 -9999 -9999 -9999 0.314614043857692 0.303431440686033 0.299203293064853 0.294323528607607 0.285868264453038 0.265138520081497 0.234987627350049 0.214508483958324 0.197049191415351 0.186503597776466 0.172232269011727 0.154519594885014 0.144356421974856 0.136463333341393 0.132951771322204 0.13056434399538 0.129424765577105 0.128663266092437 0.127650400004477 0.123799439705052 0.120788315203044 0.118899571749072 0.117386257161636 0.115903144846263 0.112993957916948 0.110624097767319 0.109126445700739 0.109606125847035 0.110891037406873 0.109916551210152 0.109969623955131 0.112051828541875 0.113504884237364 0.114625373301806 0.110261204766998 0.104994242748262 0.0979028635502398 0.0949459476837115 0.0946515853544194 0.0962374843663496 0.0992336535855071
-9999 -9999 -9999 -9999 -9999 -9999 -9999 -9999 -9999 -9999 -9999 -9999 -9999 -9999 0.328076785058018 0.324021026834108 0.316054208549179 0.305604448851655 0.30130550023907 0.295998775655976 0.286219545874432 0.263587442599888 0.231090251281845 0.213996021235663 0.201122028086656 0.196928681093115 0.187947676251154 0.174544461140663 0.158788974432436 0.144373527731491 0.139678466666512 0.136424141008698 0.134769107782252 0.13323491990288 0.131577790667753 0.12866878913355 0.125584673344456 0.122266529759054 0.121931393735101 0.122291176599965 0.117967047818251 0.114592229011995 0.112752649813895 0.112721273143497 0.113430290940622 0.112291729505774 0.111762632547259 0.112437051732841 0.112939410934926 0.113350819632535 0.114833235046598 0.113330869066585 0.104454932168076 0.0996637024918497 0.0975029839101164 0.0986081364869248 0.101238298926984
-9999 -9999 -9999 -9999 -9999 -9999 -9999 -9999 -9999 -9999 -9999 -9999 -9999 -9999 0.329698859362226 0.331166952090517 0.321220416113355 0.304027288705744 0.304215607114205 0.302872854344093 0.292889931989892 0.272624768872354 0.244467579861147 0.220477723840941 0.201783244979007 0.201865107195434 0.197856484909296 0.190069609635328 0.172406897096046 0.154539724964645 0.145912983822822 0.141011613859827 0.140245602756416 0.137825391395728 0.134944180772758 0.131849088312252 0.129349069277329 0.127644323719812 0.126598509078875 0.125506891966403 0.120468589744923 0.116730013747401 0.115093376242433 0.114446362635285 0.114214449927247 0.113506420669505 0.113006445915974 0.11291731865954 0.112928883368605 0.112993673614907 0.114235062157186 0.114681465816264 0.113101671707015 0.107627343822796 0.0996449746652509 0.101984090573025 0.105539227348126
-9999 -9999 -9999 -9999 -9999 -9999 -9999 -9999 -9999 -9999 -9999 -9999 -9999 -9999 -9999 0.337081331512261 0.326116697198847 0.308191150962329 0.30873020277116 0.307601174959128 0.297167235774901 0.277517242234263 0.250793562977416 0.224232840445549 0.20350687317601 0.205773129171351 0.204995334547514 0.201405845284616 0.188077469638851 0.172779662111771 0.157022186353765 0.148192452501755 0.147052878231878 0.144808375784652 0.142092391314091 0.137909905535501 0.135127975692924 0.134217789641373 0.132666647725224 0.130650986100347 0.125036370934508 0.120850293544491 0.118974470794044 0.11800336270126 0.117409677596536 0.11626909131854 0.115152247419152 0.114082287853575 0.113286606061672 0.112635906858834 0.113988730847162 0.115757140656909 0.118401808627217 0.112981706334486 0.102367971671796 0.104399297897132 0.107879273931328
-9999 -9999 -9999 -9999 -9999 -9999 -9999 -9999 -9999 -9999 -9999 -9999 -9999 -9999 -9999 -9999 0.330647465235821 0.320129050839017 0.315417469997117 0.309423880020993 0.29820401709533 0.276797084221933 0.247571172814716 0.224295830342128 0.206669134576533 0.208288567769813 0.208383325171895 0.207069787087229 0.206527577996537 0.201952418089014 0.174732301550036 0.158885021599846 0.155662191211442 0.155031111555244 0.154361643419679 0.147871292043055 0.143634772574852 0.142410339787466 0.140631941111139 0.138406337956936 0.132402089605584 0.127655111061641 0.124941409799486 0.124040990906607 0.123869783423335 0.121127913125019 0.118519449780677 0.116174426602378 0.114142984075932 0.112277299547946 0.114218835524096 0.11646053803309 0.119170241465182 0.114802790227823 0.105877721305193 0.105513538085508 0.107564049709441
-9999 -9999 -9999 -9999 -9999 -9999 -9999 -9999 -9999 -9999 -9999 -9999 -9999 -9999 -9999 -9999 0.332601515057221 0.331876154721515 0.324428647144386 0.315498049350835 0.303607281415958 0.282644363365964 0.254718211788601 0.234476313386874 0.217641705092727 0.210286808298432 0.20915020307184 0.21375723987106 0.219171181081662 0.220093825960552 0.195852485042474 0.178836063122159 0.169839683058872 0.166807869986013 0.16488014017267 0.159206599881745 0.155227247248725 0.153512056401735 0.150086222932303 0.146014250174086 0.141010252074885 0.13611385328504 0.131391465856924 0.129194064352539 0.128028778046834 0.124187362168513 0.120678228558917 0.117825256366987 0.115043347113425 0.112299001562723 0.113717136259768 0.115712170608602 0.118827085381079 0.115023077453924 0.106763351666739 0.10679100649967 0.108952152078274
-9999 -9999 -9999 -9999 -9999 -9999 -9999 -9999 -9999 -9999 -9999 -9999 -9999 -9999 -9999 -9999 0.359219573817279 0.346133104800309 0.335210402595614 0.323977677980139 0.311306716725303 0.291541791500655 0.266331968745683 0.248726128424972 0.231789484135795 0.213544893990711 0.210573010673876 0.221708050429337 0.230334127048826 0.234709474265959 0.218697637651747 0.202451461107296 0.185945154857602 0.179244710872157 0.175130668628793 0.171100210354288 0.167795521143891 0.165460770873122 0.160078377095181 0.153834269034594 0.150158547331436 0.145192393509944 0.138139331775418 0.13425341771467 0.131684947635214 0.126995917714755 0.122808564108017 0.119611876185864 0.11622074735328 0.112726837510639 0.113280695441754 0.114737493529053 0.118119459720921 0.118926328050325 0.118074858798113 0.109585010781342 0.110809664386612
-9999 -9999 -9999 -9999 -9999 -9999 -9999 -9999 -9999 -9999 -9999 -9999 -9999 -9999 -9999 -9999 0.369480085365443 0.373168026594144 0.360902960630253 0.346866450372048 0.331113592254885 0.312422219755657 0.291475421408508 0.271718002049995 0.25320820085146 0.239014268314522 0.236129307042863 0.243690089898955 0.249674175620987 0.253857794724478 0.249944617234242 0.233148676535488 0.202052187941523 0.193565236725494 0.190601671052121 0.184268966042711 0.17893503335073 0.174935889106484 0.170415338533822 0.165716381539688 0.161004194023126 0.15499885856815 0.146902223131517 0.142593576176384 0.139877674552563 0.135548350622113 0.130958235715201 0.125853134024651 0.121439453627997 0.117391256908644 0.117762700422458 0.118028391221269 0.117726692580376 0.117754469164267 0.117994424537724 -9999 0.110809664386612
-9999 -9999 -9999 -9999 -9999 -9999 -9999 -9999 -9999 -9999 -9999 -9999 -9999 -9999 -9999 -9999 0.406330505395642 0.400051661116128 0.384750380931456 0.36857487945677 0.351816278974855 0.333825001644173 0.314887596146206 0.293157257257913 0.273645483968505 0.264360881485644 0.26226486748685 0.266808728520263 0.271953195783083 0.277130629985517 0.281857276234433 0.270367547500555 0.240876785651758 0.222924105721776 0.208722626977635 0.200348502380735 0.193180710280001 0.187625096102012 0.18328955676909 0.179249248101059 0.173453944765014 0.166674187987677 0.15830235701484 0.153140253242012 0.149328711614748 0.14420200028974 0.138839468897459 0.133011261048079 0.128124080305587 0.123734324288802 0.122458339450911 0.121109460827105 0.119364781458785 0.122447821361621 0.128639864777511 -9999 -9999
-9999 -9999 -9999 -9999 -9999 -9999 -9999 -9999 -9999 -9999 -9999 -9999 -9999 -9999 -9999 -9999 0.414641423596183 0.421949694419037 0.405572816080451 0.388348211277994 0.373987590774136 0.356084148863553 0.335461451595889 0.312051093999948 0.292473769551162 0.289506235608497 0.289350094286 0.291790748663486 0.299050471656508 0.30716534313328 0.31486127401014 0.318278255074543 0.316945375744571 0.27693737525242 0.231188011968195 0.22120007718874 0.212518745354354 0.205583595794364 0.200323445037682 0.19548842022417 0.188533521371124 0.181413400846389 0.174026081133761 0.167304376254334 0.160842667577796 0.153021588353954 0.146280614472724 0.14167253638385 0.137211989606825 0.132829427535865 0.127504217819623 0.123846530722612 0.124332328725195 0.126176633670718 0.12889580366553 -9999 -9999
-9999 -9999 -9999 -9999 -9999 -9999 -9999 -9999 -9999 -9999 -9999 -9999 -9999 -9999 -9999 -9999 0.414238347418896 0.415884371095034 0.407440137823881 0.397657398463069 0.386126872369491 0.371021518091148 0.353172341989434 0.335791551480867 0.321697846962733 0.320361260854038 0.319904229201692 0.320259614574902 0.327132620976715 0.335252179455162 0.343292415290824 0.35044552853659 0.356613888831423 0.311779202848772 0.258504030706556 0.245356511771094 0.233554656559591 0.223551185586349 0.216263715926069 0.209889995668322 0.203357728840665 0.196556718543157 0.18932109191377 0.182364496904796 0.175461022324168 0.164963476926574 0.156531869244881 0.152179891287884 0.147134014872432 0.141721345356296 0.135015002742646 0.130279602919858 0.13045417260943 0.132027812036611 0.134502438552088 0.135321173202562 -9999
-9999 -9999 -9999 -9999 -9999 -9999 -9999 -9999 -9999 -9999 -9999 -9999 -9999 -9999 -9999 -9999 0.417807550452502 0.398969375466189 0.401637376210045 0.402745414338449 0.394178492626085 0.38298504035568 0.369775622144419 0.361611300245781 0.355265925626864 0.353490797372815 0.351765335932466 0.350085750179249 0.355475698924228 0.362306822504308 0.369534154328345 0.375563994018002 0.380264554162219 0.338459916071295 0.288464550067221 0.271055415539942 0.255199680336724 0.241419953285008 0.231635014964214 0.223394744918336 0.217853586010532 0.211617467372419 0.204257448499793 0.197665319271562 0.191279377577886 0.178250316658942 0.168059881507544 0.163474911598117 0.157365016422579 0.150449049321306 0.143550464737609 0.138298088108771 0.137070000278575 0.138757167750344 0.142321730834034 -9999 -9999
-9999 -9999 -9999 -9999 -9999 -9999 -9999 -9999 -9999 -9999 -9999 -9999 -9999 -9999 -9999 -9999 0.431756689279017 0.435723281496699 0.43373328295742 0.429619252677519 0.420422970028208 0.408853012608861 0.395461166052754 0.385538590978381 0.377118459453836 0.372836328213904 0.37030746615987 0.369398044183396 0.372767104421132 0.377150104535884 0.382540359141389 0.387384882598245 0.391623615643303 0.376837487780406 0.353726362982985 0.303690078768401 0.268306309848172 0.252504589612974 0.240846325002031 0.230457492463465 0.218006882951066 0.209626224458519 0.207827557275946 0.203130899161676 0.197182598693727 0.190676133691335 0.183188360421839 0.173762787021798 0.164044117822613 0.154170518870152 0.14895742530073 0.144857463375852 0.14315384415504 0.142521912115681 0.142580136032973 -9999 -9999
-9999 -9999 -9999 -9999 -9999 -9999 -9999 -9999 -9999 -9999 -9999 -9999 -9999 -9999 -9999 -9999 0.476881890938024 0.469842535391695 0.464009195349778 0.456556765152837 0.443910838781561 0.431478710270034 0.419210680060034 0.408764681408893 0.39941381989016 0.393446721431879 0.390331341482821 0.389850005000049 0.391907572569335 0.39463036575493 0.398294925954747 0.401931119984168 0.405535826065561 0.408323562733935 0.404277378160381 0.346662094027799 0.300994859859976 0.271295348052507 0.253584741305112 0.239759532693855 0.223071314289427 0.212937007969586 0.213401795392318 0.209750864189328 0.204386768551068 0.201716548671641 0.196171965838603 0.184951347152769 0.172168928752949 0.158560946680572 0.154351222523787 0.150892459373013 0.148613400123259 0.146690851545082 0.144997892317096 -9999 -9999
-9999 -9999 -9999 -9999 -9999 -9999 -9999 -9999 -9999 -9999 -9999 -9999 -9999 -9999 -9999 -9999 0.485357294124429 0.492173962167065 0.490638842751738 0.483621845481951 0.461875984027264 0.447608677710118 0.439081457834356 0.430585953134495 0.422596360640008 0.416591201302263 0.413323816819113 0.412585229601397 0.414752542542997 0.417393679014865 0.419555694540137 0.421937453391478 0.424563138946138 0.426002878736784 0.425356067433922 0.410344461876989 0.372914779446299 0.305524925403585 0.273389533422486 0.253547880532293 0.237974950550909 0.226870128455621 0.222991203462006 0.218683580408122 0.214197322234472 0.209981381966085 0.204858427628894 0.197944382724293 0.1831901442969 0.164291597927667 0.15971864767272 0.155876888499826 0.152822227407901 0.149183633385125 0.145168992324103 -9999 -9999
-9999 -9999 -9999 -9999 -9999 -9999 -9999 -9999 -9999 -9999 -9999 -9999 -9999 -9999 -9999 -9999 0.544319082927397 0.537948087509082 0.534798375373728 0.528284940090157 0.510817476271097 0.498465699234517 0.490040413852866 0.480313285733333 0.471512361668368 0.467051718378654 0.466699671217579 0.470142606188594 0.475459635061584 0.478312961268303 0.465862740111435 0.461450490542358 0.465960814167481 0.465542175773091 0.463968525584536 0.463526772540614 0.429323492341986 0.350000322817654 0.310992393238316 0.286123970573353 0.267320547219187 0.252244871757359 0.243197771114603 0.232750561016063 0.221772495832599 0.214522179024221 0.207890195069822 0.202479239741517 0.19115450558811 0.176703761792221 0.171730299773889 0.166050995659237 0.157983526198221 0.151224878727715 0.145309099688016 -9999 -9999
