layers/veg_sum/veg600.asc
NCOLS 255 
NROWS 330 
XLLCORNER -2985163.8955 
YLLCORNER -3022031.214 
CELLSIZE 25000 
NODATA_value -9999 
[rows 125 to 149 of 330, columns 171 to 227 of 255]
0.378656175640556 0.37658534838904 0.394399323129088 0.39856019557816 0.395813615071309 0.317389208933437 0.269221338560672 0.282659735376932 0.291098234181651 0.296813514363161 0.314973806401846 0.326632442754854 0.320728182411221 0.3238945227074 0.333070841819562 0.352217578007544 0.370664002813355 0.384060584879928 0.370517207041587 0.335422020907828 0.335598923748225 0.336763025063563 0.320558063468094 0.286525372756267 0.235339329727925 0.236825675576929 0.263775180861211 0.375724599585141 0.442336453958022 0.456516805170036 0.455445662559323 0.454752571752469 0.49588806994144 0.533574124055077 0.56645346719814 0.606771877515825 0.647228018126539 0.643186013230078 0.651883324673534 0.682097429311781 0.686595634914904 -9999 -9999 -9999 -9999 -9999 -9999 -9999 -9999 -9999 -9999 -9999 -9999 -9999 -9999 -9999 -9999
0.352285132869568 0.32831896123403 0.360029476989866 0.37969555605528 0.392970485231107 0.313540189206622 0.265390652642757 0.280932836775776 0.295809890084132 0.310324676673364 0.324484939199892 0.334520020454115 0.334158827907893 0.339388934052502 0.348323710705725 0.364129625783624 0.380710031711064 0.397845646207525 0.38371359001423 0.344567582540817 0.333089246207356 0.327074273045536 0.327217217087405 0.314765202081772 0.29019466269517 0.244491177028441 0.224100075878135 0.377935247045142 0.464401549519995 0.472957820824524 0.443402819008189 0.412189808793474 0.462017464432124 0.507319699262217 0.546315877414221 0.595657240780258 0.645561744892954 0.640112839094448 -9999 0.709995756188798 0.709995756188798 -9999 -9999 -9999 -9999 -9999 -9999 -9999 -9999 -9999 -9999 -9999 -9999 -9999 -9999 -9999 -9999
0.330127154406642 0.288622506540471 0.307279640774101 0.33436746447628 0.364245464474443 0.312239556383874 0.281326811554616 0.293362508074571 0.308021999369009 0.324110553171695 0.32794168249819 0.333316528564241 0.343703717145196 0.345694325609549 0.342121546308156 0.368456128627222 0.394842050286546 0.412988318141649 0.402279434577778 0.368486600855406 0.339374747429234 0.317710530301546 0.324609233180306 0.328159149700653 0.328486955773636 0.261980091390074 0.216110936058285 0.372855266348593 0.458316756291518 0.461341826843887 0.434015976523614 0.407924335028883 0.469420530539619 0.51495080438598 0.538232979946526 0.578899763749629 0.623710806543817 0.631682900924458 -9999 -9999 -9999 -9999 -9999 -9999 -9999 -9999 -9999 -9999 -9999 -9999 -9999 -9999 -9999 -9999 -9999 -9999 -9999
0.330528521557653 0.323429144943302 0.331613462289246 0.343580901990122 0.35661462170803 0.316708008762825 0.293488926703508 0.304247841810235 0.316035159925883 0.328382602711994 0.338780544344073 0.349660804625138 0.361936875739013 0.367751281671906 0.369284331562816 0.3945732127922 0.418259212195953 0.430124200128498 0.426724864876524 0.411114161523293 0.362935260833232 0.322095545831214 0.332102178613466 0.358927938298038 0.401936600893503 0.354454199705157 0.313915387199284 0.42457421446875 0.485816712453377 0.489910740682668 0.47379522842917 0.458966192598663 0.506651038216065 0.542173681764622 0.560748611758793 0.588426631640897 0.617706075443474 -9999 -9999 -9999 -9999 -9999 -9999 -9999 -9999 -9999 -9999 -9999 -9999 -9999 -9999 -9999 -9999 -9999 -9999 -9999 -9999
0.33752333468713 0.379695215233705 0.376755170554863 0.367373730056034 0.354913782437916 0.322475130867183 0.304099967646756 0.314359907520906 0.322873073222966 0.330434849927692 0.351847207935338 0.370712106530083 0.381882967908091 0.393844116638562 0.406328892241767 0.426144628143569 0.442743832859403 0.446957878657451 0.451343396222039 0.45586609018383 0.391831860071821 0.334440857717018 0.346931489664767 0.396099877396695 0.480558596445578 0.465067892551183 0.441369038747776 0.491570246773878 0.52098830046354 0.526371273356924 0.526019168392157 0.526808001594314 0.552337277517454 0.574700599523025 0.592652246749834 0.605781873771916 -9999 -9999 -9999 -9999 -9999 -9999 -9999 -9999 -9999 -9999 -9999 -9999 -9999 -9999 -9999 -9999 -9999 -9999 -9999 -9999 -9999
0.33398016585675 0.39703142756703 0.363379593636116 0.34788553332941 0.340283662819828 0.320480818777746 0.31061546350351 0.32098413610916 0.332352163055401 0.344264493174467 0.362383739138255 0.378052510684645 0.386964522699594 0.405153787353976 0.429489953856159 0.435580026904521 0.441363695561303 0.451291256062797 0.453008519165201 0.448157592997164 0.416413032889825 0.391908899057383 0.414370085113969 0.442481280607705 0.476028760321071 0.491273391029384 0.502781575353116 0.514726628021522 0.512433632179269 0.493674769760883 0.530103145317995 0.577120622409663 0.580664907416238 0.592556732668103 0.616080639031603 0.619788847662498 -9999 -9999 -9999 -9999 -9999 -9999 -9999 -9999 -9999 -9999 -9999 -9999 -9999 -9999 -9999 -9999 -9999 -9999 -9999 -9999 -9999
0.329424126168754 0.401053949788883 0.345483879776962 0.329869991753265 0.331780937539338 0.320625550742848 0.317140935630237 0.329275015716962 0.341706686649324 0.354300441874418 0.36786167554799 0.380152887361228 0.389145908628808 0.413805194080695 0.448844598734396 0.44968367483435 0.450524308728876 0.460980789018073 0.460999572928503 0.452668261582853 0.440939297066207 0.435950902598485 0.461474479366874 0.473306561016601 0.471965061332587 0.50627878264205 0.539768944294376 0.524897789712185 0.505070097423222 0.479510321239602 0.52913662099883 0.593614444472063 0.602700901734799 0.617839748778876 0.641412444212666 0.652788330554497 -9999 -9999 -9999 -9999 -9999 -9999 -9999 -9999 -9999 -9999 -9999 -9999 -9999 -9999 -9999 -9999 -9999 -9999 -9999 -9999 -9999
0.32327764240607 0.384170865544882 0.320490494028442 0.314166863097813 0.332899654068774 0.32412908202226 0.323682072833459 0.340182927119771 0.350865612122858 0.358379403098809 0.365396435337941 0.374025195680526 0.386773351330267 0.418282504793106 0.462222279325133 0.471117565483665 0.476236364753019 0.47908073855652 0.47892381720088 0.476365877501632 0.465379341836573 0.4589108875349 0.476649423223377 0.479705091312447 0.468633306639278 0.503697387680449 0.538403088940008 0.51467912051013 0.499576920815879 0.494445532328291 0.520239628822945 0.557004845021901 0.614857557089821 0.654784707690541 0.669733052699313 0.667437644333553 -9999 -9999 -9999 -9999 -9999 -9999 -9999 -9999 -9999 -9999 -9999 -9999 -9999 -9999 -9999 -9999 -9999 -9999 -9999 -9999 -9999
0.31562975307751 0.361513526209179 0.313726537122985 0.324991000342388 0.361804506596811 0.348703810161382 0.342294982183439 0.349511674304233 0.362866430589599 0.37956431319571 0.382744823237493 0.388124416422637 0.400287188049874 0.43017020185301 0.471794255122026 0.484724167805457 0.493154991232026 0.495207290625027 0.480494868867124 0.452370769525226 0.438871732845973 0.43375306417332 0.455061446472554 0.471447031378089 0.483096035560089 0.496915456241161 0.505523098679294 0.480920449920036 0.469921477530917 0.474654739786731 0.517911114715773 0.572444138377405 0.631683317929576 0.669995065674101 0.679144979262501 0.681583010347729 -9999 -9999 -9999 -9999 -9999 -9999 -9999 -9999 -9999 -9999 -9999 -9999 -9999 -9999 -9999 -9999 -9999 -9999 -9999 -9999 -9999
0.307733937937582 0.33695753657215 0.314766962333933 0.346771007871468 0.40189098763628 0.382275906826184 0.366708150825389 0.359381277903156 0.376999977502764 0.408205403771857 0.408880199041067 0.411253943792499 0.420687017863362 0.445327717969711 0.48004465381215 0.495207965309399 0.506460541645978 0.510654573070515 0.476034091163642 0.410362228580961 0.392816765167994 0.389981959690113 0.4198280776725 0.458095657258862 0.504466136377195 0.489274579564145 0.46227716504302 0.441215922692123 0.434596069424039 0.444677239869534 0.520407291764972 0.609208328210601 0.650576708098165 0.676708158466775 0.681607342221668 0.696988994531179 -9999 -9999 -9999 -9999 -9999 -9999 -9999 -9999 -9999 -9999 -9999 -9999 -9999 -9999 -9999 -9999 -9999 -9999 -9999 -9999 -9999
0.31435042647167 0.331540325499863 0.32563003089943 0.367285821350776 0.429238139187617 0.426284945854775 0.422152656764476 0.415619574376517 0.428209960169188 0.451216035355849 0.457502422150751 0.459668840920251 0.452933961303336 0.46825308014971 0.498184689263858 0.510329355623451 0.520909018528297 0.531463451168252 0.500372658174417 0.435965931435811 0.407171348874167 0.397380082493321 0.446020028634231 0.482690337556486 0.507843789622075 0.515820725854157 0.523341890279523 0.549161701921213 0.567627997869195 0.577590178369934 0.604536078131265 0.636835071553766 0.674651385226085 0.703052491820571 0.718333751227262 0.719191107163527 -9999 -9999 -9999 -9999 -9999 -9999 -9999 -9999 -9999 -9999 -9999 -9999 -9999 -9999 -9999 -9999 -9999 -9999 -9999 -9999 -9999
0.331961971273378 0.341797085370995 0.342604908061545 0.388889498322981 0.45464288857274 0.463903298327602 0.470518672417784 0.471748407677802 0.485348436219464 0.50568600479922 0.506469323946516 0.502217438224966 0.487007211486 0.50086182765619 0.533974164137342 0.542683174480587 0.550361018844193 0.561586557962812 0.533199422819194 0.473122382984483 0.445664850719413 0.435661857395488 0.479382999905815 0.504020519831216 0.510296301167359 0.53512087383043 0.567222682426153 0.619349529124682 0.654429745791647 0.669796057462271 0.667076902628983 0.66346425140639 0.697346250806932 0.725930197137303 0.747131443745952 0.75554788787514 -9999 -9999 -9999 -9999 -9999 -9999 -9999 -9999 -9999 -9999 -9999 -9999 -9999 -9999 -9999 -9999 -9999 -9999 -9999 -9999 -9999
0.370619870553217 0.382056415536063 0.371278796769941 0.412577439940317 0.476329559256473 0.489288820759597 0.505335288040897 0.527667710380446 0.553835028208471 0.582091040403495 0.556095997700852 0.533536968342981 0.524576314546257 0.552006174723866 0.603547582391348 0.608022708991113 0.608532242137954 0.609538637531344 0.582274000293427 0.53239270446604 0.530364230507234 0.533060045514022 0.526472488962983 0.519101913476707 0.510977938632666 0.540550983732599 0.578210587230044 0.617262397168586 0.652739289291824 0.6840818985656 0.688294800996314 0.688183929904464 0.717399929091792 0.742172203578465 0.760752262797297 0.762820355925711 -9999 -9999 -9999 -9999 -9999 -9999 -9999 -9999 -9999 -9999 -9999 -9999 -9999 -9999 -9999 -9999 -9999 -9999 -9999 -9999 -9999
0.399429582694885 0.418971965316564 0.419693115258536 0.440418305438283 0.469980278842346 0.49849218428013 0.5252507716088 0.548439373770102 0.575781153581055 0.605384981676777 0.572477192878577 0.542172582596495 0.524108917307281 0.555989484835986 0.620961993365689 0.610871696154131 0.598032564115003 0.597463556751265 0.590085365518097 0.577259867536138 0.601244812774812 0.619166202889067 0.589033050152624 0.56776506572749 0.555026903266589 0.572348479790707 0.595833398203175 0.618757842897945 0.639904176298823 0.658994178503694 0.681843135950122 0.705670873597158 0.728861072604807 0.750074096330417 0.76853197751382 0.773808581253142 -9999 -9999 -9999 -9999 -9999 -9999 -9999 -9999 -9999 -9999 -9999 -9999 -9999 -9999 -9999 -9999 -9999 -9999 -9999 -9999 -9999
0.423192587261559 0.454173993455047 0.478223425158303 0.470387338497718 0.449263963684405 0.499402993768899 0.537530163887626 0.551199614846664 0.573877597573556 0.601462120678148 0.571821728799847 0.539183814776666 0.504149699747148 0.53580510204089 0.611647499471628 0.581697376464891 0.552342454290308 0.554627532806075 0.576751380547168 0.614746126117002 0.665043946533721 0.699485754435987 0.659521768659825 0.63363720407461 0.621299472657244 0.617657953797545 0.616856269588834 0.622089182044997 0.621357979473263 0.613729460726456 0.661212191680597 0.719451399345299 0.73591896811765 0.753702094370469 0.773318415896405 0.776673192201858 -9999 -9999 -9999 -9999 -9999 -9999 -9999 -9999 -9999 -9999 -9999 -9999 -9999 -9999 -9999 -9999 -9999 -9999 -9999 -9999 -9999
0.42737558827385 0.456750145384687 0.486716518956546 0.499466338054116 0.504742397010754 0.522400738728136 0.538727431258079 0.552342711738727 0.567831115277597 0.584339724345446 0.555594446550355 0.526967779277429 0.502738505099546 0.527498647016664 0.584718089550118 0.560636474859779 0.541403482640284 0.560581444341733 0.601312358950989 0.659285508177847 0.693917131228319 0.717790513342911 0.71052635993969 0.715928634044774 0.733518197524937 0.745498696452477 0.743886994988609 0.669422720482703 0.641600787708591 0.667719293132813 0.703970260302221 0.741637710598892 0.766562311016023 0.780460543447343 0.778993817698308 -9999 -9999 -9999 -9999 -9999 -9999 -9999 -9999 -9999 -9999 -9999 -9999 -9999 -9999 -9999 -9999 -9999 -9999 -9999 -9999 -9999 -9999
0.43353554153183 0.459963163284972 0.492262167027075 0.519858444782796 0.545029300180919 0.540105865448742 0.541247364001212 0.554737860579045 0.563392567021166 0.569413436988001 0.546169713710135 0.524509562537507 0.509502434653697 0.524879530503478 0.560388539137237 0.542698499790783 0.534121432788024 0.5697467306103 0.628425451899923 0.705546775363974 0.737404482168674 0.759262994513629 0.766569938578576 0.786205239974539 0.817702548887139 0.829442189172492 0.820291751657718 0.712770387636028 0.674948527695615 0.717732007297748 0.753128446274853 0.784794512018673 0.801410790623349 0.813144270010595 0.818073695163897 -9999 -9999 -9999 -9999 -9999 -9999 -9999 -9999 -9999 -9999 -9999 -9999 -9999 -9999 -9999 -9999 -9999 -9999 -9999 -9999 -9999 -9999
0.44535281038039 0.466320064263953 0.493351289804007 0.519756284115767 0.545572297965524 0.54418837391533 0.547450974507504 0.560174507469478 0.562963766872286 0.560342276155404 0.553610506876557 0.545585645406897 0.534664041491369 0.535110963190685 0.543090417831016 0.531736888035701 0.533740859696294 0.584055190041651 0.659670010629192 0.755525073496386 0.817198590153587 0.858626025791579 0.83550577686061 0.827250068020946 0.833296612235776 0.805452930159497 0.771675905032969 0.744484722546013 0.737333519340755 0.753357937766079 0.814236145432789 0.877111089348494 0.845017539645739 0.824604675313069 0.820468543487433 -9999 -9999 -9999 -9999 -9999 -9999 -9999 -9999 -9999 -9999 -9999 -9999 -9999 -9999 -9999 -9999 -9999 -9999 -9999 -9999 -9999 -9999
0.457335233016229 0.481865324708044 0.500789812750244 0.520095147834981 0.53934377855367 0.53895985433292 0.538758638793812 0.538929442045831 0.545774351908329 0.556254346201148 0.526661069538631 0.50791863893179 0.52023539196356 0.530374040005248 0.539069523986562 0.554729036471197 0.579036892440105 0.629148859877679 0.692179974019567 0.765546328974528 0.82116219489061 0.855270028898327 0.80947484323674 0.796795247596237 0.815978565010642 0.810823190034938 0.799170769009985 0.779137131337881 0.770732696075165 0.775777076857459 0.838934566611849 0.90765056796259 0.880134762366923 0.867023716429112 0.87398532995866 -9999 -9999 -9999 -9999 -9999 -9999 -9999 -9999 -9999 -9999 -9999 -9999 -9999 -9999 -9999 -9999 -9999 -9999 -9999 -9999 -9999 -9999
0.46942093091611 0.503156322294984 0.512198792503936 0.52070979638897 0.528880840797947 0.527908889524854 0.520751452937497 0.500999558613052 0.5181040575833 0.555282569337964 0.478206463023304 0.433517942224599 0.481049852225062 0.516276986904192 0.54335125035095 0.598953417037704 0.652895779271756 0.693493379394135 0.725481230196177 0.750581332557669 0.777706873460585 0.787680962142958 0.724058541555797 0.721629705145348 0.778079658178161 0.834552774968789 0.874259780618443 0.815626799576953 0.78600623525907 0.789937641386041 0.840865251981058 0.89955910576334 0.90994324779074 0.906011991667823 0.882132599023639 -9999 -9999 -9999 -9999 -9999 -9999 -9999 -9999 -9999 -9999 -9999 -9999 -9999 -9999 -9999 -9999 -9999 -9999 -9999 -9999 -9999 -9999
0.492304352885183 0.509280054834382 0.495936785747249 0.493606557114812 0.496155400306995 0.499352192642748 0.498518217185906 0.489477070903715 0.499783170701272 0.520626841607395 0.440512798744873 0.39901304962797 0.464270744762176 0.487761060561353 0.483577237130882 0.559069813653652 0.630793344547569 0.668027909885687 0.696080284349088 0.716786960520349 0.730428964407867 0.740934067124151 0.742518000533541 0.777795589783041 0.845492291174341 0.878836624587486 0.895817459646306 0.858788912483687 0.842585022784146 0.850464210974388 0.875348814528239 0.903058150215212 0.913418002829631 -9999 -9999 -9999 -9999 -9999 -9999 -9999 -9999 -9999 -9999 -9999 -9999 -9999 -9999 -9999 -9999 -9999 -9999 -9999 -9999 -9999 -9999 -9999 -9999
0.507056568262273 0.51068587167513 0.479399972971017 0.468495489123439 0.466745805232872 0.477118919421528 0.485044831840594 0.487987921134989 0.488417702582368 0.487478598760676 0.413696439657149 0.380293496075199 0.455564019694072 0.46614718559584 0.433869942911717 0.523316337083666 0.607387919193916 0.640000083684038 0.669823359994668 0.697415542286826 0.703156630649358 0.714681895151848 0.763950214040714 0.82521107957403 0.898010844785586 0.910812036428269 0.908296390268147 0.889220664383521 0.884332830727782 0.895852859446054 0.900939886255996 0.903684559451435 0.901499690771913 -9999 -9999 -9999 -9999 -9999 -9999 -9999 -9999 -9999 -9999 -9999 -9999 -9999 -9999 -9999 -9999 -9999 -9999 -9999 -9999 -9999 -9999 -9999 -9999
0.495286010327514 0.501266505269127 0.46793693755047 0.455221670198302 0.451955071267828 0.477451355287721 0.498567577811452 0.510765421809241 0.495781989381149 0.465994143344076 0.416992828365339 0.400103895984944 0.466134112835787 0.468165455997648 0.427792564821441 0.517777310701256 0.600535434937502 0.623463553205823 0.666284919531428 0.725020766428535 0.73629631470638 0.745046668666531 0.772118476855397 0.818591943176989 0.883733153174914 0.90174278796109 0.905128410914687 0.880306904112214 0.873102297222563 0.886271094962939 0.893107578746688 0.897822152940134 0.899342515336118 -9999 -9999 -9999 -9999 -9999 -9999 -9999 -9999 -9999 -9999 -9999 -9999 -9999 -9999 -9999 -9999 -9999 -9999 -9999 -9999 -9999 -9999 -9999 -9999
0.479829760246833 0.485131060578617 0.465664937725566 0.455440875264286 0.449744931829124 0.482401203466209 0.509348638757135 0.52467213600009 0.504547261965349 0.46511526114461 0.454101552890224 0.454067297164908 0.479215718162261 0.464565004507169 0.423544266897341 0.514263997047435 0.600588090904106 0.635781022225134 0.687705172337031 0.753014198343408 0.766338826813999 0.772538100154468 0.780413294453596 0.806961509846332 0.851476394327536 0.87042627458502 0.880935658442799 0.873165215211938 0.873711543342433 0.883875962567208 0.890227282994311 0.894986556988323 -9999 -9999 -9999 -9999 -9999 -9999 -9999 -9999 -9999 -9999 -9999 -9999 -9999 -9999 -9999 -9999 -9999 -9999 -9999 -9999 -9999 -9999 -9999 -9999 -9999
0.46158560567952 0.463915488725924 0.470345154298398 0.465866375548033 0.457050914338717 0.490843721133198 0.518055854226854 0.531868874300958 0.514372258043058 0.479822696995397 0.51678635892022 0.533864463538344 0.494197063296322 0.456714480207442 0.420679508509317 0.512282958304557 0.605863882891409 0.669924023999648 0.728004498648993 0.7813012755628 0.794038598608061 0.797856099133438 0.788803839702071 0.791540467682399 0.805620040009298 0.822281646651579 0.840839499775652 0.867363943668926 0.883276549582972 0.886916890223957 0.891092752012405 -9999 -9999 -9999 -9999 -9999 -9999 -9999 -9999 -9999 -9999 -9999 -9999 -9999 -9999 -9999 -9999 -9999 -9999 -9999 -9999 -9999 -9999 -9999 -9999 -9999 -9999
