layers/veg_sum/veg6000.asc
NCOLS 255 
NROWS 330 
XLLCORNER -2985163.8955 
YLLCORNER -3022031.214 
CELLSIZE 25000 
NODATA_value -9999 
[rows 75 to 99 of 330, columns 171 to 227 of 255]
0.705999959667587 0.707836318753589 0.704065582706627 0.696577429275473 0.687480003864182 0.681445955074214 0.677376548420147 0.67730741031284 0.677470341377581 0.677759670038779 0.668077877090275 0.660020733007793 0.656973511154635 0.656609079911541 0.658022206227693 0.656072268722063 0.655557305125427 0.660593672129411 0.662832048253927 -9999 -9999 -9999 -9999 -9999 -9999 -9999 -9999 -9999 -9999 -9999 -9999 -9999 -9999 -9999 -9999 -9999 -9999 -9999 -9999 -9999 -9999 -9999 -9999 -9999 -9999 -9999 -9999 -9999 -9999 -9999 -9999 -9999 -9999 -9999 -9999 -9999 -9999
0.688690195832058 0.689890949819508 0.687401014174948 0.682049809171459 0.675459642608465 0.671199738034395 0.668925077916726 0.670692635367053 0.662805558485746 0.649660038341897 0.647410493910588 0.645466122169293 0.643306636260535 0.643966198880795 0.646493600535471 0.646950540983211 0.648531881273375 0.65430436953785 0.656987039970186 0.657197874445044 -9999 -9999 0.659872882675671 0.659872882675671 -9999 -9999 -9999 -9999 -9999 -9999 -9999 -9999 -9999 -9999 -9999 -9999 -9999 -9999 -9999 -9999 -9999 -9999 -9999 -9999 -9999 -9999 -9999 -9999 -9999 -9999 -9999 -9999 -9999 -9999 -9999 -9999 -9999
0.672264766451156 0.672473647418911 0.671270975636244 0.667841440708997 0.663451571201486 0.661217248894731 0.660453536072661 0.662684176654019 0.64731089869389 0.622349561396752 0.627684638752576 0.632009786405044 0.631038640041797 0.632408184691982 0.635328619295777 0.63895634191353 0.642913615022456 0.647729983298312 0.647719393914138 0.643847267003322 0.64102241893244 0.640990030064707 0.652099324803284 0.653307493043916 0.644989068747655 0.653367855649527 -9999 -9999 -9999 -9999 -9999 -9999 -9999 -9999 -9999 -9999 -9999 -9999 -9999 -9999 -9999 -9999 -9999 -9999 -9999 -9999 -9999 -9999 -9999 -9999 -9999 -9999 -9999 -9999 -9999 -9999 -9999
0.658958685131165 0.659836891030852 0.657864737868051 0.653252605077755 0.647540304038949 0.647724755658722 0.647174298629527 0.645127471396574 0.627541588636675 0.601492284162893 0.612678227294293 0.62201728163769 0.623315944418062 0.624546650251358 0.625732329318673 0.632409899261243 0.638400680306993 0.640643564038927 0.64220764746146 0.643228694658597 0.64102241893244 0.639741289139498 0.644333551815019 0.645667357544463 0.643865965311258 0.653367855649527 0.6634960133688 -9999 -9999 -9999 -9999 -9999 -9999 -9999 -9999 -9999 -9999 -9999 -9999 -9999 -9999 -9999 -9999 -9999 -9999 -9999 -9999 -9999 -9999 -9999 -9999 -9999 -9999 -9999 -9999 -9999 -9999
0.644249092967956 0.642785607628217 0.636365717499268 0.62540007236949 0.612781555385554 0.631372445444351 0.640565323555188 0.630622619205213 0.608075375910982 0.578663009546094 0.597006623399855 0.612226133031076 0.61522386857437 0.618116336369496 0.620939056089317 0.629652803363727 0.636704127462886 0.636763611836477 0.637664869114881 0.639239539729343 0.63385311507426 0.629123822458088 0.631416705823223 0.634671511324398 0.6388518519396 0.648695907550848 0.658787940415119 0.663419094565516 0.672034524927222 0.685257648572791 -9999 -9999 -9999 -9999 -9999 -9999 -9999 -9999 -9999 -9999 -9999 -9999 -9999 -9999 -9999 -9999 -9999 -9999 -9999 -9999 -9999 -9999 -9999 -9999 -9999 -9999 -9999
0.628295999710144 0.621823083210731 0.607696546596307 0.585795993947511 0.56132406587265 0.612486356769955 0.639866155730984 0.618821688146048 0.588877705366735 0.554086558613492 0.580745663515416 0.602613384618159 0.60680452435932 0.612954074202402 0.620401223145359 0.63025304300812 0.637502869868386 0.635724567714201 0.633980589942994 0.632264071474784 0.620331856588674 0.610205728254509 0.613936044062402 0.62070252814966 0.630390330137155 0.639884645101509 0.649515378123599 0.660182260131935 0.672034524927222 0.685257648572791 0.688143619046872 -9999 -9999 -9999 -9999 -9999 -9999 -9999 -9999 -9999 -9999 -9999 -9999 -9999 -9999 -9999 -9999 -9999 -9999 -9999 -9999 -9999 -9999 -9999 -9999 -9999 -9999
0.613963593285262 0.604673782758064 0.583141120616383 0.568779159349599 0.557957798582215 0.57927657563068 0.587748826751777 0.570063869563362 0.563262845410628 0.562389808002447 0.587016941827455 0.606347247902073 0.609978348345696 0.615480139538289 0.622221408932935 0.625973694668723 0.628380169336226 0.627306553592887 0.62366834574936 0.617978479421773 0.612108480920576 0.607500831327337 0.608328855712509 0.613558023014221 0.623021849399544 0.637195233077006 0.651156477126694 0.658123798856201 0.667767039549608 0.680504898483369 0.665302407586644 0.645893597611118 0.658913353070627 0.675133904457702 0.695814682061985 0.70305282320794 0.70512386024555 0.701203135347804 0.69874046728817 -9999 -9999 -9999 -9999 -9999 -9999 -9999 -9999 -9999 -9999 -9999 -9999 -9999 -9999 -9999 -9999 -9999 -9999
0.59704174220401 0.585246280161287 0.559750973855867 0.556580790657056 0.563082729533823 0.551846940444058 0.540389793815924 0.528481934265498 0.5432964166828 0.572665351837804 0.593564117023296 0.608934714787631 0.611097155689013 0.615456499840048 0.621271463361339 0.620210162260471 0.618849999185707 0.618462833126131 0.613343112126382 0.604437375216509 0.605190759734904 0.606637119360921 0.605110076338854 0.608568940781986 0.616825108729669 0.634123741341408 0.651087261837586 0.655045648110554 0.662456956896534 0.673861464705146 0.661849518271178 0.645912431956439 0.653545424869708 0.66793989506138 0.691756308702949 0.69992294364448 0.702166353708538 0.699055081224152 0.698235010130395 0.701284793993873 0.698384410961391 -9999 -9999 -9999 -9999 -9999 -9999 -9999 -9999 -9999 -9999 -9999 -9999 -9999 -9999 -9999 -9999
0.565682736915823 0.550975532049841 0.538513582312146 0.548281885758648 0.567645652900587 0.566246894989474 0.563009713052387 0.556029259161429 0.557407207224155 0.563337599318342 0.581283725382882 0.593802558543521 0.591513331592174 0.595752422945167 0.604317033221447 0.611381834701793 0.616176093337266 0.6141033974175 0.60889788484413 0.601186137510891 0.600067488137286 0.600462207474494 0.603216504056462 0.608265712116221 0.61552302109881 0.623645346203465 0.632653249629069 0.645797816298219 0.655747146079151 0.662001282362104 0.656455052852683 0.646025701412183 0.621262789321727 0.624675236001585 0.667349315322345 0.681099897308106 0.684379956034894 0.686136717599369 0.690554531535051 0.699466881286003 0.69838441096139 0.692853919739731 -9999 -9999 -9999 -9999 -9999 -9999 -9999 -9999 -9999 -9999 -9999 -9999 -9999 -9999 -9999
0.536037964064921 0.523118605821852 0.518302710536046 0.53212271033338 0.554051339310687 0.56420983038425 0.569327045190192 0.564179561647064 0.554386578760149 0.542063402197702 0.56283644241775 0.576665428029622 0.569943262171185 0.575990872985795 0.590499454615614 0.601796458692364 0.609426425711791 0.606187737201196 0.60179352698189 0.596474906242478 0.595045472503144 0.595374343816672 0.600746912702021 0.607684021682377 0.616126488259754 0.619092388620435 0.622900104081011 0.638330436739349 0.648232542519561 0.651741423405949 0.649878228380138 0.64224179636289 0.596048253195229 0.593784377530513 0.652735355653382 0.670892213226284 0.674415179407336 0.678141732329328 0.684398997329434 0.694930652490468 0.697705945561669 0.697096158118284 0.709119773125465 -9999 -9999 -9999 -9999 -9999 -9999 -9999 -9999 -9999 -9999 -9999 -9999 -9999 -9999
0.508218520738088 0.502091172602723 0.499184885885953 0.507593850874726 0.521123042783782 0.544670485638487 0.55828524159899 0.55167574692288 0.533124267185056 0.508068527551713 0.537822600238184 0.557393383574037 0.5462582215518 0.556168125210322 0.580022022651044 0.591404970945547 0.598336851698547 0.594485378374546 0.591857703881659 0.590209061202235 0.590131275094584 0.591443978513569 0.597663971258195 0.606805822749716 0.618759006642435 0.620848888189634 0.622390420425986 0.632758898137495 0.639860988688142 0.643185602631903 0.642042417761683 0.634308146197492 0.57835989045834 0.576069248936144 0.64854910297168 0.669858241379599 0.672778932511789 0.675389202909273 0.679867237097863 0.687499937216527 0.696305044336888 0.705618055989775 0.712551034054359 0.717224095013553 -9999 -9999 -9999 -9999 -9999 -9999 -9999 -9999 -9999 -9999 -9999 -9999 -9999
0.509519519895588 0.497692267591994 0.486565420769174 0.482435157916404 0.481800871317517 0.516131354133958 0.537102455586673 0.53087210793222 0.518485449695675 0.502745727138873 0.529151320448578 0.549940325692917 0.552714630261337 0.56223962974866 0.576237489972208 0.582538135276845 0.586154220567816 0.583315930800892 0.583105936345399 0.584998562565498 0.588363327224501 0.591925590609163 0.595422323735706 0.60150490334938 0.610075513577649 0.614177642382175 0.617962451949807 0.625342253178745 0.628004175908193 0.625210016799121 0.617262121203738 0.606416497784621 0.5824080721546 0.591115878813158 0.645412907741422 0.660871829756074 0.662468359352681 0.665485407102218 0.671653078351679 0.683142174430672 0.692042591194382 0.699789340569097 0.70876597993044 0.713503913583403 0.709477043378692 -9999 -9999 -9999 -9999 -9999 -9999 -9999 -9999 -9999 -9999 -9999 -9999
0.514352795799038 0.49540162995773 0.477070817593272 0.461311275029504 0.447317799232225 0.488136497889907 0.51354560346721 0.507578760523709 0.505650301452392 0.505921367679995 0.52504349693077 0.544404973879268 0.562664632898204 0.571240017567719 0.573398816831331 0.573396688814076 0.572875463256766 0.571295194123076 0.573355225396414 0.578327475425344 0.585690327736447 0.591964922838483 0.592188803883395 0.594733931710836 0.599512499569501 0.605416638641884 0.611486154979571 0.617151163375854 0.615880009567564 0.606587396826513 0.592354723831343 0.579463252825527 0.591116503147869 0.610727427466035 0.641427164375621 0.648804480413142 0.648104283466718 0.652594603358839 0.661639313462184 0.67837642005593 0.686746355629799 0.691420775223169 0.704242425571482 0.712167519079752 0.709967502888596 0.711799502664413 0.715860443584375 -9999 -9999 -9999 -9999 -9999 -9999 -9999 -9999 -9999 -9999
0.492569364015763 0.478579016847791 0.478713389640474 0.470809205310013 0.45971281092786 0.480323649257575 0.490897250894595 0.481033724820429 0.494071288339274 0.519582041016685 0.524861953853834 0.531604612924455 0.543876881762014 0.555022694911059 0.56542214350345 0.559503131925561 0.553553902820115 0.552093427119675 0.55417197990859 0.559081734519029 0.570738026745155 0.580828087013142 0.580191575067682 0.585182486439053 0.595587950284142 0.59655724709084 0.597094897188721 0.606622305286533 0.608077193695072 0.600196460579545 0.597027239515754 0.595302870473896 0.594746663159524 0.604712927793791 0.629341984532658 0.628539063292136 0.619734066006107 0.630749678078159 0.645103619803392 0.665096023346116 0.679047149019926 0.690328609601007 0.707314743146754 0.718744344596442 0.718684138236511 0.717648827115112 0.716074467750728 -9999 -9999 -9999 -9999 -9999 -9999 -9999 -9999 -9999 -9999
0.477353417394819 0.465378007974296 0.468985941241951 0.468121156894466 0.465350337869822 0.468899037182982 0.469771005233344 0.465192798067038 0.486696071183788 0.522404748623536 0.521242330253323 0.522286109992372 0.532245635554109 0.543542353597632 0.555725065723307 0.54912403715183 0.542515730676647 0.54116259735373 0.544493061918729 0.551570377042138 0.561807499832515 0.570300332234964 0.569505116718318 0.575904663026124 0.589226811960589 0.588170438741198 0.586062251761787 0.595341563214863 0.598029051372158 0.593093297987572 0.596680885401772 0.601668117775284 0.597813858763939 0.603057456268934 0.620978681174385 0.616541976947385 0.605760566111969 0.624527938623454 0.643201541476766 0.661716766730447 0.676298132270225 0.68914717752463 0.706469181752926 0.718483916044714 0.719524267302256 0.718231501654405 0.715648964262809 0.705854331805346 -9999 -9999 -9999 -9999 -9999 -9999 -9999 -9999 -9999
0.470550967699275 0.456816576557803 0.444692547173611 0.449821852152024 0.462330962543538 0.452847454530517 0.450594705632472 0.463064728748876 0.484706267697357 0.511343117082037 0.513218238397552 0.517428157947704 0.529782469779196 0.53813048095705 0.543824006173618 0.543247261830114 0.542089270659509 0.540827528871969 0.546989981133762 0.559091744644122 0.560591368376264 0.560552861140867 0.560497864795147 0.566977372063789 0.579744199606321 0.580389048936661 0.579332269241424 0.583097594974057 0.585104458365275 0.585077713971604 0.589904939964166 0.595895905483827 0.600159849951082 0.606986263811215 0.617383412396572 0.615137312792362 0.610230463650397 0.638320804860697 0.660046346403233 0.671021697392098 0.679890722108015 0.687851387666011 0.700604490228485 0.709464394071239 0.710273934075369 0.712472226096213 0.715438234945171 0.705854331805346 0.698597680260215 -9999 -9999 -9999 -9999 -9999 -9999 -9999 -9999
0.450312961796345 0.443737234537545 0.433913864028446 0.448667879083797 0.473791897889842 0.455160073891822 0.445948987558894 0.455919756221498 0.474377969008048 0.497458909267925 0.496717877192688 0.49875979667469 0.509993940025472 0.515155065611803 0.516292344314914 0.515408802958684 0.51671490138454 0.525617609847933 0.535981565902708 0.547514511372195 0.547567554616293 0.547518103136352 0.554044825165523 0.559232520339438 0.563131840574539 0.566231469935803 0.56920159083799 0.572388670109529 0.574341134572763 0.574865804862431 0.577793184208938 0.582352176874371 0.595580124647196 0.606300198267392 0.613525614215514 0.61332974680291 0.611769059296841 0.633037328148799 0.65164939706221 0.665775125952596 0.676419765382755 0.685499800527239 0.694580919105058 0.701280954272186 0.703057380559794 0.703404809590877 0.702962273798896 0.698122001807413 0.69390691438037 0.691745396638306 -9999 -9999 -9999 -9999 -9999 -9999 -9999
0.426723673592705 0.429153292848292 0.427487264098526 0.451958713059116 0.487284932193751 0.460951654268379 0.444087218366548 0.446502584230574 0.460355232653988 0.480437252315124 0.475368731900662 0.473744203832311 0.483103293509476 0.485946515189977 0.484472467244934 0.48219756124881 0.485162211666064 0.50517085202468 0.519546517339362 0.529415835996206 0.530866532363518 0.533716044398738 0.547606642192983 0.551254238809877 0.545046300443777 0.550531762464741 0.55792331278907 0.56221490824984 0.564650625259669 0.564940075740638 0.565056163092181 0.567233249535822 0.588442400143311 0.603315286438459 0.609358752537939 0.611279781606852 0.612251613940714 0.622548289365334 0.636359560157436 0.656107006774651 0.670482275967413 0.682394869653283 0.68829778427072 0.69317690780706 0.695939034166803 0.693116245458905 0.687206056531665 0.688048007644668 0.688999187984671 0.689545887693837 0.679162884562164 0.661434791155379 0.661058542329475 0.662203181867232 0.66312470527648 -9999 -9999
0.415260453254603 0.413951173817987 0.421060790044065 0.44186629782597 0.468067316355565 0.436471377998945 0.418661391456684 0.428921407294199 0.433784524396004 0.435708194510943 0.427671065564805 0.425106410187762 0.437277965059517 0.449561082622466 0.46191811915036 0.470115539684723 0.476679574318897 0.479169372173093 0.48971375408637 0.506701755520735 0.515721630289082 0.523535607129031 0.531126657571472 0.535639456058073 0.537190444884403 0.541187424151799 0.545992406286171 0.552548927029979 0.559645326742919 0.567366079931432 0.565908558337897 0.563645113464127 0.577229756373903 0.590225423460404 0.602400367992978 0.607829161975085 0.611340550265522 0.623715269032021 0.636431944584492 0.649726187507845 0.662158926487338 0.674150685141652 0.679423573514521 0.682712477680475 0.681898895468112 0.680890049414128 0.679773259439753 0.679818328116367 0.679044216604306 0.676046224418813 0.669545322133381 0.660690358508465 0.661058542329475 0.662203181867232 0.66312470527648 0.663537402987288 -9999
0.410363957124045 0.408695978609763 0.421515180012247 0.437178669400586 0.453550201228941 0.421956191824974 0.404332681178543 0.415154934644116 0.413122452273266 0.404088575884902 0.394975239133219 0.392231435535229 0.405596877155591 0.424493903465074 0.447056035109976 0.460183966881761 0.468698888544923 0.465057246035551 0.473335149933861 0.491148620330912 0.502549683871795 0.512057035738459 0.517489874524848 0.523409009615822 0.529796045682199 0.533678032727883 0.537680836044468 0.545450537757737 0.554631418570838 0.565444284747346 0.564553960590761 0.561680642112505 0.570395396812521 0.581607577882924 0.596299857911471 0.603773579683098 0.609100417637789 0.622238651426785 0.633827399396986 0.642799055128348 0.653206646540376 0.664205200858116 0.668401708463391 0.670501367144527 0.668265157566889 0.66865144346334 0.670487472642162 0.670125998297071 0.668688090890289 0.664705901813115 0.66165483501579 0.659229510500963 0.657621468785071 0.656808137455746 0.658349574528626 0.649069153492019 0.631011353321133
0.415632525762971 0.418838281714685 0.432620912453411 0.440857466338862 0.44630930064581 0.422866624734829 0.407181928395003 0.407293493927921 0.401606747062829 0.392761921319128 0.385501748446011 0.383756766261656 0.39581059048306 0.41694699398173 0.444101313075898 0.453581215306766 0.461495206660773 0.469349433335097 0.477783124506588 0.486680383842287 0.492431805420266 0.498568997069986 0.508254270399098 0.516417400179822 0.523115965158633 0.529009076410725 0.534971874707117 0.542326693117531 0.54960418294639 0.556792244641509 0.559783013076362 0.562229548287004 0.57033847165331 0.579912262487977 0.591527308196424 0.598781535857191 0.604802931669381 0.616669835543653 0.627079058603733 0.635026248711172 0.643280803713449 0.651626162640056 0.654055347922509 0.655586454997363 0.655260514218458 0.656393627401943 0.658333321073932 0.658169535787993 0.657710991970261 0.656708164805552 0.656437801487109 0.656659675986329 0.648863922796246 0.643061748577259 0.646182704490286 0.641371576182025 0.630126902928812
0.414456769027347 0.42487142463902 0.441301169933975 0.442285131810351 0.436216405333348 0.410947349670465 0.393324124848756 0.391268812406053 0.396115544004202 0.404721507256052 0.41022629436436 0.41569781104314 0.421366019138771 0.432038151230022 0.446025772383647 0.455908351082653 0.464372116270642 0.469435084353015 0.475627755265775 0.482724181748966 0.488336805913793 0.494624775749314 0.504667824629586 0.512249009983521 0.517461457729496 0.523340509845484 0.529343050942564 0.535255825228962 0.541754155966684 0.548929664787699 0.553645207292985 0.558037513530357 0.565709929560918 0.574638265966746 0.585316694884332 0.593719834568459 0.601426878224903 0.611255291022382 0.619753389966797 0.626004579634703 0.632125621559215 0.638162794568619 0.641029404072095 0.644306863034874 0.648433877303817 0.648894155690396 0.647327423633597 0.644648806340466 0.644213646286279 0.64965884865479 0.655957061233691 0.662828522426224 0.653199531903347 0.644367363018806 0.643084796394868 0.641100412360554 0.638546799139203
0.410669361960526 0.42885023782903 0.44817871164204 0.442248682708712 0.424993230098341 0.394461102338079 0.373745886270329 0.373019187374379 0.393548570450053 0.425655181330772 0.447392080158839 0.462044655426372 0.459727138226822 0.455363712314398 0.449644712663027 0.4613181916361 0.470632473055329 0.467486180430627 0.470640451726678 0.478835136826326 0.486463106713626 0.494248220257983 0.503042289303855 0.508968978845691 0.512136754420592 0.517223817746441 0.522518655113742 0.526688522236997 0.532892011312661 0.54144732182717 0.547021150368678 0.552018728178802 0.559327259000216 0.5680385091059 0.578704412200614 0.588745383729709 0.598438647539275 0.605964924559565 0.612264977069999 0.616493927922784 0.620510092245795 0.624432287887916 0.628563229892678 0.634432914775893 0.643897975544355 0.643194630339991 0.636870082583639 0.630750806224441 0.630021018273184 0.643125777758805 0.657426494692204 0.672530931136283 0.662728646045 0.651631904933745 0.643762208564866 0.643778443091771 0.650190788582132
0.407365138787292 0.419887476560441 0.427319056815219 0.423587575794303 0.414853371822859 0.400476247211522 0.391191862423407 0.392276962519792 0.406970130384749 0.429074998145931 0.433700764170791 0.438158100888409 0.44377231049271 0.444978419717245 0.443263819393082 0.447794968534087 0.452233678293154 0.454620501653121 0.460840727763361 0.470127653359591 0.476660362971999 0.482935537879515 0.489805678530565 0.496765705035951 0.503812217246703 0.509716918288669 0.515495700642181 0.521930192502328 0.528732246092069 0.535959373552958 0.542804827593203 0.549576583198947 0.556644807258277 0.565948911190015 0.578368655809607 0.587709133794854 0.595871749909835 0.602762899366328 0.607245629330322 0.607660522154267 0.610276134328663 0.613875779739118 0.61683767210484 0.62198344879589 0.631645065716543 0.632764063507846 0.6291606109388 0.625711655537853 0.627122930427137 0.641013280912097 0.659587283738402 0.681308842336843 0.66743865657992 0.652962302662477 0.647165421039425 0.643840519516243 0.642520588519328
0.403118803054813 0.409295569195621 0.407239478772019 0.406210470032597 0.405606406188034 0.402440148208641 0.400592234841739 0.401428643668059 0.411645045722317 0.426970306434279 0.422469118985923 0.421072282612368 0.429318383739502 0.433554985369405 0.435134981555199 0.435089918737268 0.436598339773317 0.443550099938654 0.451873356203785 0.461293801222166 0.467044112053748 0.472361517344285 0.478093195991736 0.485641498986124 0.49493770813538 0.50147439524626 0.507741086781179 0.515793758603419 0.523233225279481 0.529963539004337 0.538456900097499 0.54718788624807 0.553621832912409 0.562846196408993 0.5759589334832 0.585750815419968 0.594156346420984 0.599151441167703 0.601714262879038 0.600168958651809 0.602381139275324 0.606266584349905 0.608205479941041 0.612331442360735 0.620979825796359 0.624000655504659 0.623910513890805 0.625712850998932 0.630895945198824 0.644578270832792 0.664317392386715 0.688126863652596 0.673457967734854 0.657944018765316 0.651192872135053 0.644716282038242 0.638462378911038
