layers/veg_sum/veg700.asc
NCOLS 255 
NROWS 330 
XLLCORNER -2985163.8955 
YLLCORNER -3022031.214 
CELLSIZE 25000 
NODATA_value -9999 
[rows 200 to 224 of 330, columns 116 to 173 of 255]
0.1217036096665 0.126672967821534 0.129247088489735 0.126284707508205 0.140322609368706 0.170278460889995 0.173588339445219 0.171363644978532 0.167756115331323 0.163984069262522 0.160026892636723 0.153844584883915 0.14767197221522 0.14658253753779 0.145823780760543 0.145513138697161 0.14847679628124 0.151867681297307 0.144301826329333 0.142829543586644 0.151355087061747 0.162553038117646 0.175153742457628 0.203758396456815 0.235752312573674 0.27454206221019 0.311956468497397 0.348632887137961 0.374936350319057 0.404448458219335 0.442767704642459 0.480352551000415 0.517457663936142 0.572521893220148 0.614401878631882 0.610017226506719 0.602006909962474 0.59113578371147 0.593960253815187 0.597182588088805 0.594117231706116 -9999 -9999 -9999 -9999 -9999 -9999 -9999 -9999 -9999 -9999 -9999 -9999 -9999 -9999 -9999 -9999 -9999
0.118918639375301 0.123623732117517 0.12617724460757 0.125527757991153 0.139663593043933 0.167643433413316 0.170708955352057 0.168668801854436 0.165720376992434 0.162000561691872 0.157412699662773 0.152183432134603 0.147319977177062 0.146964944003411 0.145752513864804 0.143378191155187 0.14920089125598 0.156951774387048 0.150569971206033 0.151809572004831 0.165553738222513 0.172402333402045 0.176547474880676 0.200630700979987 0.230420406900499 0.271652215999156 0.310717401242454 0.348620010143647 0.37359302968912 0.400217876032896 0.431983918902693 0.465657319858273 0.500576667628547 0.559923881608897 0.605158861451455 0.599502984898066 0.593014769652746 0.585869802338301 0.58514704495111 0.586140740805816 0.590501168000897 -9999 -9999 -9999 -9999 -9999 -9999 -9999 -9999 -9999 -9999 -9999 -9999 -9999 -9999 -9999 -9999 -9999
0.103475124165565 0.112131093118826 0.119504251322544 0.121595301016655 0.12995860432283 0.144194834461123 0.157912847786461 0.168858584318753 0.164968362763786 0.160169193612269 0.154347184471875 0.15012028804872 0.146948719470908 0.149038259439886 0.150449026050704 0.150939960011679 0.155242835114863 0.160524445835406 0.160504477229676 0.162509732972684 0.167837808293787 0.172968448075512 0.178351028210875 0.206319473940309 0.237164956752968 0.273779207034377 0.306235007945979 0.33645945021855 0.371910056900031 0.405561357882208 0.434321154638333 0.46097512149091 0.486253493440687 0.537452416658504 0.580285613481006 0.589939903688415 0.590008922209283 0.582514737103684 0.581868032457155 0.582120633266019 -9999 -9999 -9999 -9999 -9999 -9999 -9999 -9999 -9999 -9999 -9999 -9999 -9999 -9999 -9999 -9999 -9999 -9999
0.0851251092156498 0.0985963944585208 0.111788064914961 0.116682163214077 0.117796746876453 0.115372440963352 0.142549468709775 0.16976611765458 0.164568541309811 0.158435999711164 0.151251340417827 0.148084902433682 0.146718233863162 0.151406367072587 0.156088993092325 0.160764156101293 0.162585713853593 0.163789847092524 0.170747528934352 0.172645569097817 0.166242170244169 0.170841899842717 0.180596153560377 0.214730161604918 0.247396198045281 0.277118794206544 0.300633468624278 0.3208170697065 0.368430267307574 0.41085119835746 0.438168695075211 0.457402340015283 0.471355356504967 0.511084812889909 0.539222145789117 0.524053490917055 -9999 0.578861708384492 -9999 -9999 -9999 -9999 -9999 -9999 -9999 -9999 -9999 -9999 -9999 -9999 -9999 -9999 -9999 -9999 -9999 -9999 -9999 -9999
0.0871478568897103 0.0971445932249092 0.106726237460224 0.113215447718844 0.11466068015434 0.111383062633474 0.138917360565494 0.166838348081247 0.162939362441302 0.157379142298432 0.14994953266937 0.148445282607447 0.148633685390935 0.149691850994262 0.151852319244983 0.155506561452645 0.162534070452654 0.170066950368369 0.167322070302048 0.166039958238076 0.167157834185036 0.17548163155682 0.18724307779048 0.21911270871372 0.248589474003964 0.273268287435609 0.29479741033852 0.314636458757757 0.340460331372637 0.367930588722986 0.3990151771304 0.420385808881639 0.43541097595896 0.476877605082895 0.511080751658205 0.515440595991297 -9999 -9999 -9999 -9999 -9999 -9999 -9999 -9999 -9999 -9999 -9999 -9999 -9999 -9999 -9999 -9999 -9999 -9999 -9999 -9999 -9999 -9999
0.0867257738268514 0.0934953612696126 0.100200227782713 0.108004723716422 0.110592219843245 0.108294859578087 0.136533388805999 0.165108435766684 0.161888982129678 0.156744320767974 0.149433220488132 0.148796667222811 0.149711413450845 0.148626851814866 0.149260642987547 0.152223042079729 0.162170392289639 0.173281839895645 0.164933063611223 0.162097846608365 0.168308818852241 0.17913758517214 0.19219540992484 0.219883785077202 0.24538405085382 0.266496922996045 0.286921100697278 0.306975735774831 0.321212113220531 0.339654296407043 0.369018299498649 0.389205478528769 0.403398064936952 0.451267988939298 0.486531486445386 0.473213914448572 -9999 -9999 -9999 -9999 -9999 -9999 -9999 -9999 -9999 -9999 -9999 -9999 -9999 -9999 -9999 -9999 -9999 -9999 -9999 -9999 -9999 -9999
0.0823529464581995 0.0862951730947411 0.0913081608187332 0.0999757548453552 0.105017050455403 0.106662918107787 0.136166353286947 0.165314210726 0.161773916099035 0.156791491587151 0.150186236319076 0.149133515391707 0.149435415393641 0.148611444801999 0.149327214093914 0.152129545859353 0.161302478990479 0.171548319969628 0.164218919946372 0.162459838431552 0.16984007197958 0.181203794490138 0.194409352046429 0.214818875633099 0.235070513757519 0.255005574621352 0.275747830123999 0.296923213595878 0.316057826540618 0.335042608918228 0.353818169973311 0.367456204753322 0.377738244376706 0.439551721645928 0.486531486445386 0.473213914448572 0.467340301373149 -9999 -9999 -9999 -9999 -9999 -9999 -9999 -9999 -9999 -9999 -9999 -9999 -9999 -9999 -9999 -9999 -9999 -9999 -9999 -9999 -9999
0.0756586410003515 0.0789079968046957 0.0839450204352067 0.093245496100737 0.0985243891886121 0.100037736160422 0.132450524661004 0.164436756796243 0.159986805640163 0.1549271690443 0.149181452578914 0.149626601091454 0.151570410617973 0.152160921126283 0.152283148442967 0.151770786667646 0.157616303953762 0.164850225513175 0.159462939141794 0.158989306626579 0.166577588458498 0.178457282205514 0.192221824264667 0.207105509512968 0.222826559855683 0.240226616890484 0.262637308841547 0.287736628815497 0.302707545061491 0.317154620763822 0.331109715467344 0.348896397434155 0.369185993762723 0.368267665635587 0.380709704460078 0.440826326084754 0.467340301373149 -9999 -9999 -9999 -9999 -9999 -9999 -9999 -9999 -9999 -9999 -9999 -9999 -9999 -9999 -9999 -9999 -9999 -9999 -9999 -9999 -9999
0.0681475955695462 0.0715765170336449 0.0773246788088662 0.0871428022948987 0.0917305017484966 0.0914207752459198 0.127203114492109 0.162777904732834 0.157408987548893 0.1522979786247 0.147477194222286 0.150150907196164 0.154590409554029 0.156985488885831 0.156231472329216 0.151209991263518 0.152740511820694 0.156122535860937 0.153013040503747 0.153871613547687 0.161240663013023 0.173599404403749 0.188066448746656 0.198270617721566 0.209828492625987 0.224100692894495 0.248640149319677 0.278688854189885 0.285737527232169 0.293585618752455 0.305261416499958 0.30358076407459 0.293175254648032 0.366225782583046 0.366225782583046 -9999 -9999 -9999 -9999 -9999 -9999 -9999 -9999 -9999 -9999 -9999 -9999 -9999 -9999 -9999 -9999 -9999 -9999 -9999 -9999 -9999 -9999 -9999
0.070107195892822 0.0715162154354789 0.0754439989528933 0.0848846067368876 0.0898349150542019 0.0905808015076777 0.11668350161286 0.144092475034295 0.150806233611659 0.152518297862253 0.148601948561867 0.148765604532832 0.149744539946288 0.148386438674015 0.147098963946861 0.145907198047058 0.148748993071835 0.15248859892285 0.148484024835506 0.148380605441987 0.154677876027286 0.165972795239802 0.179402015358318 0.190074654781434 0.20068998077573 0.211190387207249 0.231559296108107 0.257223488486295 0.262760635455156 0.270059629888362 0.283349215701307 0.28995702634419 0.292200089459223 -9999 -9999 -9999 -9999 -9999 -9999 -9999 -9999 -9999 -9999 -9999 -9999 -9999 -9999 -9999 -9999 -9999 -9999 -9999 -9999 -9999 -9999 -9999 -9999 -9999
0.0716929116271388 0.0711712838095834 0.0730903428021375 0.0814339272113217 0.0865022605112043 0.088503863523788 0.104988081652169 0.123694747837502 0.138786374377143 0.147216191201471 0.148149464329584 0.146787018789096 0.144742256883634 0.142138234036001 0.140974712417168 0.141763271042004 0.145215371211013 0.149037596874684 0.144296667711442 0.143576205206212 0.149452189821842 0.15966832733573 0.171741748949099 0.181673518879332 0.191066426209111 0.199378856315377 0.216020601587372 0.237131726596726 0.242425034401725 0.250082773708344 0.264884444468776 0.268710450205061 0.265366803332362 -9999 -9999 -9999 -9999 -9999 -9999 -9999 -9999 -9999 -9999 -9999 -9999 -9999 -9999 -9999 -9999 -9999 -9999 -9999 -9999 -9999 -9999 -9999 -9999 -9999
0.0725409210277075 0.0702647527478416 0.0698034638904607 0.0756303746288379 0.0803341479543686 0.083986289082602 0.0909726935599727 0.0999185109427291 0.11607810217671 0.131017865003526 0.144584953234852 0.143637834686815 0.139431356670715 0.140528449168876 0.140786009447873 0.139905886380138 0.142585219149385 0.145947541040789 0.140783432173188 0.140126541136095 0.146864718037668 0.155972557437201 0.166062790040943 0.172867559141136 0.180485840797774 0.189735302253381 0.203524718317672 0.21975020274207 0.227300926289155 0.237108660454011 0.253221747194843 0.261573751272387 0.26485596992527 -9999 -9999 -9999 -9999 -9999 -9999 -9999 -9999 -9999 -9999 -9999 -9999 -9999 -9999 -9999 -9999 -9999 -9999 -9999 -9999 -9999 -9999 -9999 -9999 -9999
0.0722403977180563 0.0718002616961815 0.0722987172302538 0.0750013131987641 0.0778098861032476 0.0807176888586516 0.0844068881291675 0.0901037686356842 0.106097125791449 0.120332855069387 0.132590723262893 0.136099942442054 0.137255240651128 0.13834389590356 0.138661745740552 0.137935046643388 0.139207080349854 0.140968080355273 0.139574229778323 0.140630873489326 0.145708084304952 0.154782152857273 0.165465004755044 0.167384584033401 0.171155989028742 0.178640502908293 0.190003714794444 0.20344817513057 0.214219597082098 0.227620750955278 0.247773706223696 0.255736624880745 -9999 -9999 -9999 -9999 -9999 -9999 -9999 -9999 -9999 -9999 -9999 -9999 -9999 -9999 -9999 -9999 -9999 -9999 -9999 -9999 -9999 -9999 -9999 -9999 -9999 -9999
0.0713332557256552 0.0746255790069269 0.0778479101040805 0.0771052544762703 0.0772101910455391 0.0781087573474041 0.0817757168458066 0.0876630465726111 0.102838304860418 0.112559804559454 0.116144182167574 0.126244073244024 0.136734818580126 0.13585576813358 0.135515180017072 0.135904283521378 0.135433878592495 0.134990695734223 0.139581944880033 0.143223581803106 0.145307174015095 0.154915003066567 0.167550934806227 0.163656704397821 0.162486735245135 0.166779201665488 0.175941275148133 0.187716303321537 0.202217199139065 0.219974144112711 0.245608050322293 -9999 -9999 -9999 -9999 -9999 -9999 -9999 -9999 -9999 -9999 -9999 -9999 -9999 -9999 -9999 -9999 -9999 -9999 -9999 -9999 -9999 -9999 -9999 -9999 -9999 -9999 -9999
0.0715263604218453 0.0711151666003419 0.070954159365721 0.0701052613285447 0.0722837907373706 0.077297004612034 0.0793124268368807 0.0831370117119998 0.100321202948268 0.109881775271204 0.110863478675728 0.117621013400303 0.125779597203342 0.132699563859144 0.13658741288617 0.136366319274843 0.136433958628173 0.136863894545375 0.141354734683714 0.145746123721467 0.149974341669411 0.150027804327221 0.148238802691337 0.144769291890814 0.144418270386333 0.150320153895672 0.161516833798795 0.175554618311956 0.191930643147692 0.203863502728992 0.204562863809825 -9999 -9999 -9999 -9999 -9999 -9999 -9999 -9999 -9999 -9999 -9999 -9999 -9999 -9999 -9999 -9999 -9999 -9999 -9999 -9999 -9999 -9999 -9999 -9999 -9999 -9999 -9999
0.0723018663816879 0.0686680274445688 0.0656753601758652 0.0655795001996766 0.0689146235388867 0.0754622945873912 0.0765093380263193 0.0793271639053442 0.0980505816057993 0.107715359904533 0.107186438742419 0.11159210045916 0.117852352992779 0.128567071290014 0.135407410785602 0.136997426182899 0.137882337995185 0.138758212510314 0.14327833787748 0.148016310396771 0.153111708394657 0.145576778404511 0.132682101814661 0.129038357788937 0.129002417971425 0.136200511969919 0.149069342456073 0.164981001103914 0.183813923174729 0.197311692403765 -9999 -9999 -9999 -9999 -9999 -9999 -9999 -9999 -9999 -9999 -9999 -9999 -9999 -9999 -9999 -9999 -9999 -9999 -9999 -9999 -9999 -9999 -9999 -9999 -9999 -9999 -9999 -9999
0.0744239787776265 0.069257872343652 0.0652047884338027 0.0677298126083546 0.0696499661042504 0.0710037583752419 0.0728644342415583 0.0774116364923605 0.096330722718839 0.106445647626046 0.106653237610922 0.111815577319758 0.118046328261238 0.122095688950033 0.128432394077987 0.137868770209949 0.140095040494014 0.140159841990606 0.145448025475454 0.149674822839996 0.152160186183823 0.142539426164294 0.1277839811367 0.122070158063829 0.120718918949832 0.128115127885208 0.141476912351446 0.158039730980613 0.180879453649267 -9999 -9999 -9999 -9999 -9999 -9999 -9999 -9999 -9999 -9999 -9999 -9999 -9999 -9999 -9999 -9999 -9999 -9999 -9999 -9999 -9999 -9999 -9999 -9999 -9999 -9999 -9999 -9999 -9999
0.0718337085628734 0.0684838523665848 0.0659007150951994 0.0677104866367627 0.0686116024346533 0.0686619126005924 0.0718826490729401 0.0770168426573934 0.0892900295978049 0.0989991460898755 0.105822910556358 0.111414128121103 0.116374546869981 0.118817655778395 0.124062544260326 0.133104235162993 0.137784863735822 0.141144242038265 0.147448107298788 0.15185159302924 0.15313709417084 0.141898616029741 0.12538948344743 0.120992043542818 0.120635529039596 0.128381502729902 0.140666603530465 0.15538732866847 -9999 -9999 -9999 -9999 -9999 -9999 -9999 -9999 -9999 -9999 -9999 -9999 -9999 -9999 -9999 -9999 -9999 -9999 -9999 -9999 -9999 -9999 -9999 -9999 -9999 -9999 -9999 -9999 -9999 -9999
0.0662110502240808 0.0668321940492329 0.0673472760317789 0.0662950122194009 0.0664318701269862 0.0676821436085835 0.0726145637312795 0.0776006311708423 0.0788254136177099 0.0875779201017481 0.104801384867283 0.110610542993122 0.113502162980016 0.117594522408829 0.12136910270381 0.124713047913864 0.132564243051804 0.141860157609802 0.14933904888898 0.154361858769261 0.155354934678222 0.142799965439595 0.124606051167144 0.123704161245729 0.125828856989387 0.134022181124336 0.144220546455441 0.155494785410773 -9999 -9999 -9999 -9999 -9999 -9999 -9999 -9999 -9999 -9999 -9999 -9999 -9999 -9999 -9999 -9999 -9999 -9999 -9999 -9999 -9999 -9999 -9999 -9999 -9999 -9999 -9999 -9999 -9999 -9999
0.0670876945335089 0.0690905592427215 0.0704713333648691 0.0690163472437856 0.0688347376940277 0.0698454344341085 0.0725789016689863 0.0754652613315708 0.0773020460844201 0.0867383136149622 0.104726289637064 0.108362077347671 0.108422452498785 0.110772729801646 0.113098491206266 0.115391030146613 0.122544682753706 0.13128886534736 0.138574894272313 0.145479971586437 0.151760015199204 0.150305497295899 0.145396743808563 0.134653584511312 0.129429022048076 0.135269837252314 -9999 -9999 -9999 -9999 -9999 -9999 -9999 -9999 -9999 -9999 -9999 -9999 -9999 -9999 -9999 -9999 -9999 -9999 -9999 -9999 -9999 -9999 -9999 -9999 -9999 -9999 -9999 -9999 -9999 -9999 -9999 -9999
0.0688658631116036 0.0711895980920622 0.0728001026390837 0.0718934511401066 0.0717850155674066 0.0724239770263314 0.0728113325201841 0.0735287848942371 0.0763581785158762 -9999 -9999 -9999 0.104452487369449 0.105283354829703 0.106430043325772 0.108004713410628 0.11407447307462 0.121716626531478 0.129584175563097 0.138222355910773 0.148124923992126 0.154797549128987 0.15973036613575 0.142352274803245 0.130757036055335 -9999 -9999 -9999 -9999 -9999 -9999 -9999 -9999 -9999 -9999 -9999 -9999 -9999 -9999 -9999 -9999 -9999 -9999 -9999 -9999 -9999 -9999 -9999 -9999 -9999 -9999 -9999 -9999 -9999 -9999 -9999 -9999 -9999
0.0718361522512873 0.0718377884639759 0.0722603892934267 0.0742376699199014 0.0753031888312192 0.0755149938826347 0.0740602774562822 0.073028562267442 0.0761850102592483 0.0778562816004579 -9999 -9999 0.104452487369449 0.105283354829703 0.106079146550116 0.106827405746843 0.11156784712764 0.11799834540026 0.129175401591185 0.138776185969623 0.145790754730916 0.148359672119391 0.148824273440068 0.137987614328861 -9999 -9999 -9999 -9999 -9999 -9999 -9999 -9999 -9999 -9999 -9999 -9999 -9999 -9999 -9999 -9999 -9999 -9999 -9999 -9999 -9999 -9999 -9999 -9999 -9999 -9999 -9999 -9999 -9999 -9999 -9999 -9999 -9999 -9999
0.0698368814825078 0.0712324231487403 0.0738123570351265 0.0770154128846689 0.0786992972852739 0.0789607291964117 0.0769919110065954 0.0753511805414467 0.0779926104788887 0.0819174149583456 0.087286402586821 0.0946283923312762 -9999 -9999 -9999 0.106411917522632 0.110471302811968 0.116371752472257 0.12899658002595 0.139018463523485 0.144769653023149 0.145543369412409 0.144170861699344 -9999 -9999 -9999 -9999 -9999 -9999 -9999 -9999 -9999 -9999 -9999 -9999 -9999 -9999 -9999 -9999 -9999 -9999 -9999 -9999 -9999 -9999 -9999 -9999 -9999 -9999 -9999 -9999 -9999 -9999 -9999 -9999 -9999 -9999 -9999
0.0639730524158061 0.0696522352894741 0.0769909121712121 0.0801302841902245 0.0820004825304082 0.082682309893584 0.0812320805976575 0.0798689697013725 0.0813405473464865 0.0838826520829054 0.0876294224373622 0.0946283923312762 0.101660581583723 -9999 -9999 -9999 0.110471302811968 0.116371752472257 0.12899658002595 0.139018463523485 0.144769653023149 0.145543369412409 -9999 -9999 -9999 -9999 -9999 -9999 -9999 -9999 -9999 -9999 -9999 -9999 -9999 -9999 -9999 -9999 -9999 -9999 -9999 -9999 -9999 -9999 -9999 -9999 -9999 -9999 -9999 -9999 -9999 -9999 -9999 -9999 -9999 -9999 -9999 -9999
0.0791530864582383 0.0757132977370681 0.0748848055929752 0.0793529360533922 0.0824540739594053 0.0842752497100903 0.085820162878912 0.086489498555543 0.0825972729250538 0.0827937565504116 0.087591270362374 0.0954591804205483 0.103219692891725 0.10317790621823 -9999 -9999 -9999 -9999 -9999 -9999 -9999 -9999 -9999 -9999 -9999 -9999 -9999 -9999 -9999 -9999 -9999 -9999 -9999 -9999 -9999 -9999 -9999 -9999 -9999 -9999 -9999 -9999 -9999 -9999 -9999 -9999 -9999 -9999 -9999 -9999 -9999 -9999 -9999 -9999 -9999 -9999 -9999 -9999
