layers/veg_sum/veg700.asc
NCOLS 255 
NROWS 330 
XLLCORNER -2985163.8955 
YLLCORNER -3022031.214 
CELLSIZE 25000 
NODATA_value -9999 
[rows 175 to 199 of 330, columns 58 to 115 of 255]
-9999 -9999 -9999 -9999 -9999 -9999 -9999 -9999 -9999 -9999 -9999 -9999 -9999 -9999 -9999 -9999 -9999 -9999 -9999 -9999 0.170825940525288 0.177905275089302 0.193813032935357 0.201445841489805 0.171759010860909 0.108825325945409 0.0151825584100951 0 0 0 0 0 0 0 0 0 0 0 0.00675124816115624 0.112143854959047 0.191331443468822 0.228139848099295 0.235355270014161 0.230675369575982 0.268246370208767 0.294429999618691 0.298126862961405 0.300650191564855 0.302553192452438 0.307015464027478 0.310755913081982 0.312552465455207 0.323990864114398 0.3416385165209 0.355980392643035 0.365510143236782 0.360970317398125 0.363159682176916
-9999 -9999 -9999 -9999 -9999 -9999 -9999 -9999 -9999 -9999 -9999 -9999 -9999 -9999 -9999 -9999 -9999 -9999 -9999 -9999 0.14896448868196 0.117402843672084 0.115251933342002 0.114609537828623 0.104637531672315 0.0689893616205494 0.00962491959826155 0 0 0 0 0 0 0 0 0 0 0 0.00723915948044336 0.120248468345625 0.196713471421148 0.214078425881037 0.225465014688223 0.234873108249128 0.27579882100352 0.302242081876566 0.300086687172134 0.296231164349601 0.291476957783929 0.302041493369721 0.309473086802471 0.308173351751608 0.326885510750577 0.358485131801343 0.354196624048713 0.348794787780854 0.348780405276365 0.354525772956209
-9999 -9999 -9999 -9999 -9999 -9999 -9999 -9999 -9999 -9999 -9999 -9999 -9999 -9999 -9999 -9999 -9999 -9999 -9999 -9999 0.197700523819141 0.205436135897509 0.170139454378366 0.131029601149149 0.0992185300893317 0.0579998801667695 0.00809174299052624 0 0 0 0 0 0 0 0 0 0 0 0.00639571956319227 0.106238228833013 0.175240459487472 0.194367287501135 0.222205703675646 0.253623523613134 0.276806839006015 0.290580445742321 0.285772598236032 0.286735954980429 0.290749956781046 0.297237008321046 0.305343128467441 0.317235601099845 0.33069009071239 0.345150503827513 0.343288416024874 0.339514517861895 0.333844123760102 0.331639156915708
-9999 -9999 -9999 -9999 -9999 -9999 -9999 -9999 -9999 -9999 -9999 -9999 -9999 -9999 -9999 -9999 -9999 -9999 -9999 -9999 0.29877410635602 0.286746942067508 0.220457275382176 0.152421659064209 0.105701472707619 0.0575329341783505 0.00802659790888333 0 0 0 0 0 0 0 0 0 0 0.000246197754792142 0.00633637225226578 0.096587345183941 0.1597636037496 0.179154191724168 0.21652277659905 0.26096929295018 0.27170572286288 0.277209246553192 0.272379293291578 0.276993748584638 0.286600496129838 0.29342103912126 0.303176693990533 0.320304298996584 0.327248620636219 0.327635008398101 0.326068614248885 0.322885053644411 0.315180407279229 0.310195671645877
-9999 -9999 -9999 -9999 -9999 -9999 -9999 -9999 -9999 -9999 -9999 -9999 -9999 -9999 -9999 -9999 -9999 -9999 -9999 -9999 0.31121022888244 0.321164402336986 0.251840858623694 0.179610068777658 0.137111578907399 0.0806358413990011 0.0112497560779339 0 0 0 0 0 0 0 0 0 0 0.00108408118873853 0.00824076251935641 0.0987310513405428 0.160297507937489 0.175087870320413 0.204620063600672 0.240039179348125 0.252312527034898 0.260889859203239 0.26216862924366 0.266960413910129 0.273609169883774 0.291970665233875 0.305898839556739 0.308167787790453 0.306338538383192 0.301870090185084 0.294223899551597 0.288150272073818 0.287722217295678 0.293069741205838
-9999 -9999 -9999 -9999 -9999 -9999 -9999 -9999 -9999 -9999 -9999 -9999 -9999 -9999 -9999 -9999 -9999 -9999 -9999 -9999 0.321781330109705 0.324436611759774 0.261758897295216 0.194977246703054 0.145942517577129 0.0845689838189036 0.0117984809634936 0 0 0 0 0 0 0 0 0 0 0.0167231699504292 0.0422743759556629 0.113630751077667 0.16372577175648 0.179436582526931 0.202900279883716 0.229411495244622 0.241126151403106 0.249480805973054 0.251200428784735 0.261611941164015 0.276617966020554 0.290442585308821 0.298723239574202 0.293529674044411 0.285733244060644 0.276260595084658 0.270772525840993 0.267065650936514 0.267887217483614 0.275054215368984
-9999 -9999 -9999 -9999 -9999 -9999 -9999 -9999 -9999 -9999 -9999 -9999 -9999 -9999 -9999 -9999 -9999 -9999 -9999 -9999 0.315224909960407 0.30629146004395 0.258060047517812 0.202845504949895 0.140450129646698 0.0763415892427482 0.0106506516541834 0 0 0 0 0 0 0 0 0 0 0.0417515551821142 0.0966894917768397 0.136622346227685 0.168990102305539 0.189123457648042 0.207640141840144 0.225319263003394 0.235145856370272 0.24118667357508 0.239751677330653 0.259235358652018 0.289776603962928 0.288865211761457 0.285268903145281 0.277304643059047 0.265321295089124 0.250749694230449 0.252645554106625 0.25464014912991 0.252888066575901 0.256474365564312
-9999 -9999 -9999 -9999 -9999 -9999 -9999 -9999 -9999 -9999 -9999 -9999 -9999 -9999 -9999 -9999 -9999 -9999 -9999 -9999 0.324663786548058 0.325924774748091 0.26268684360658 0.192928637259783 0.130926731130465 0.0698920830475351 0.00975086106155778 0 0 0 0 0 0 0 0 0.00122043222393363 0.00407188565792923 0.0471723756457333 0.10297367917696 0.144148764297313 0.178380466055733 0.201383214756208 0.214345486217706 0.222981498395837 0.230237021689434 0.239899495905595 0.25431500234242 0.266096443656332 0.276485524312758 0.274069923962045 0.267708271324468 0.252591897109823 0.244908399227162 0.242011600265932 0.242469513169914 0.243669438591439 0.2463387972473 0.250934200049593
-9999 -9999 -9999 -9999 -9999 -9999 -9999 -9999 -9999 -9999 -9999 -9999 -9999 -9999 -9999 -9999 -9999 -9999 -9999 -9999 0.315127541364154 0.331005304466352 0.261102347657649 0.183563512790869 0.120436898369147 0.0622711651437303 0.00868764319193156 0 0 0 0 0 0 0 0 0.00346863934337486 0.0115728694456246 0.0552179273740239 0.109887437806476 0.148855975157475 0.18271752008267 0.208319953386427 0.217709395556682 0.220281885894735 0.22976900951666 0.24343229281297 0.265342284135158 0.268742851301998 0.262359380191862 0.256076163469132 0.246792274379237 0.230163780160373 0.227273404301703 0.233230240935227 0.232360845935913 0.233042820323514 0.240202580376371 0.246394973696782
-9999 -9999 -9999 -9999 -9999 -9999 -9999 -9999 -9999 -9999 -9999 -9999 -9999 -9999 -9999 -9999 -9999 -9999 -9999 -9999 0.299981015580473 0.289086696132207 0.238770640829713 0.179940238212373 0.107937274886438 0.050689936978302 0.00707191016696954 0 0 0 0 0 0 0 0 0.00855559679569193 0.0285451426176844 0.0757108920503603 0.129720255066769 0.148548118361392 0.170780863313357 0.198520038532121 0.210487004974672 0.216083249526207 0.242527797640643 0.259984455526016 0.259692628615096 0.256490458316712 0.251749887316983 0.231402753820978 0.21663653848232 0.216607842756462 0.218065791459411 0.220481124486556 0.220637921175336 0.22312729615999 0.233386645797938 0.241909626911796
-9999 -9999 -9999 -9999 -9999 -9999 -9999 -9999 -9999 -9999 -9999 -9999 -9999 -9999 -9999 -9999 -9999 -9999 -9999 -9999 0.261328795605306 0.262846397883035 0.213719908772273 0.154153140443436 0.0796330972969629 0.0302985445007118 0.00422704382115687 0 0 0 0 0 0.00301256484320842 0.00792935564309888 0.0218519107416787 0.0378039339935636 0.0564681976618126 0.0827236027385554 0.112117641431725 0.14961196458442 0.181229710310114 0.203343758972073 0.213543576354661 0.219074906248888 0.248144764517549 0.262610787897662 0.248238459352998 0.237468964918956 0.228603920161362 0.210806370363701 0.199759253484211 0.205843191255443 0.209383434812078 0.211285564426057 0.213095127074517 0.216222065621868 0.223446179989503 0.231422245526484
-9999 -9999 -9999 -9999 -9999 -9999 -9999 -9999 -9999 -9999 -9999 -9999 -9999 -9999 -9999 -9999 -9999 -9999 -9999 -9999 0.258207132325935 0.254207071464034 0.18658377796997 0.111367153307393 0.0392073708010147 0.00315005929766352 0.000439474532849376 0 0 0 0 0 0.00833566320948788 0.0219402540855289 0.0604634847402761 0.085583217667694 0.0927901254061563 0.0793974226940481 0.0658033410659245 0.151727859800351 0.208847468043827 0.219383304244054 0.224483757692164 0.227581270236841 0.248284200364923 0.254556487813233 0.232332427879094 0.213255804540384 0.195842908817704 0.193336925637617 0.193066083196634 0.197219359948103 0.201103931583615 0.204815459779241 0.20875834928301 0.21162562666095 0.211109306293923 0.216331510230984
-9999 -9999 -9999 -9999 -9999 -9999 -9999 -9999 -9999 -9999 -9999 -9999 -9999 -9999 -9999 -9999 -9999 -9999 -9999 -9999 0.234123929614041 0.233570033475446 0.176258144211796 0.113099765507222 0.0563366723095622 0.0200932728823629 0.00280327475738037 0 0 0 0.00456305343947949 0.0141913373115535 0.0289308824213212 0.0472939641750589 0.0841150162476691 0.10566946116632 0.106821167132755 0.105358863361665 0.107372675370957 0.173177322087992 0.213969701049127 0.214311831786381 0.215625474645757 0.217510589637139 0.2278034475513 0.230141939315216 0.216772857545881 0.206142161569899 0.196958969913579 0.189922369698965 0.184946779438611 0.18486103806286 0.189770475259177 0.197896758103848 0.202569170599015 0.205438820132524 0.203582732078917 0.206352605251991
-9999 -9999 -9999 -9999 -9999 -9999 -9999 -9999 -9999 -9999 -9999 -9999 -9999 -9999 -9999 -9999 -9999 -9999 -9999 -9999 0.21025550273421 0.213868380332165 0.167447604643221 0.116725697455999 0.0750139119460025 0.0379914266151982 0.00530030164079122 0 6.97056603003812e-05 0.000516839144739359 0.00974916956573779 0.0287335328019542 0.0469797086508336 0.066709057842694 0.100010961900973 0.118825678484741 0.118279295302632 0.130954640940463 0.14957630258814 0.189314708362977 0.211670909887236 0.205916326596786 0.204622641772112 0.205250508195767 0.20646092217301 0.206044530336691 0.20241566732942 0.200378644421992 0.199183064464758 0.186361145926841 0.176031406310032 0.172608144849105 0.177736714325279 0.188372578433378 0.194361507784512 0.198195593746938 0.196508592936008 0.19757172108253
-9999 -9999 -9999 -9999 -9999 -9999 -9999 -9999 -9999 -9999 -9999 -9999 -9999 -9999 -9999 -9999 -9999 -9999 -9999 -9999 0.207056680177393 0.205015512565346 0.155905357770283 0.104745888566939 0.0699608149470942 0.0367980675937017 0.00513381242616508 0 0.000414789160997994 0.0030754930703409 0.0150305395872832 0.0373027975178931 0.0470493310102984 0.0567812677286797 0.0930254814803776 0.118964701291799 0.131132026723066 0.139918521687878 0.148713037621453 0.174440743215649 0.191719986416659 0.195336238150855 0.195414233734597 0.193974287644436 0.1924066480866 0.191683736097662 0.192628916845896 0.191081825436765 0.188217324799792 0.174932231093769 0.164710629044845 0.162708304200348 0.164519993746781 0.168787870878745 0.179140236769965 0.187603592423872 0.188727418228788 0.190872936942138
-9999 -9999 -9999 -9999 -9999 -9999 -9999 -9999 -9999 -9999 -9999 -9999 -9999 -9999 -9999 -9999 -9999 -9999 -9999 -9999 0.111775446959514 0.160157399577994 0.125892042117943 0.0851217812933568 0.0616072237392332 0.0377171339730335 0.0134801768121734 0.00479299719499644 0.00101971816982558 0.00756079584493881 0.0207729682052601 0.0413904081712333 0.0570292937744402 0.0730915512245186 0.103164792609479 0.128203845297328 0.146515061420869 0.146979747027748 0.143184637310585 0.165917671385952 0.181895988617566 0.186950467368064 0.187166482486625 0.185318964454869 0.18395764018563 0.183703285408595 0.185634875352913 0.185214805879907 0.183551654744264 0.171115423480825 0.160839353461473 0.156598257275669 0.156749324956334 0.159728902772696 0.16954915978398 0.178951565400572 0.185378390482606 0.189602481941194
-9999 -9999 -9999 -9999 -9999 -9999 -9999 -9999 -9999 -9999 -9999 -9999 -9999 -9999 -9999 -9999 -9999 -9999 -9999 0.0844029595402295 0.0895027928691084 0.0985169497011299 0.0788301322984968 0.0584420703399657 0.0502073125272987 0.0405859458596294 0.0296838118290522 0.014009878302584 0.00186448173653175 0.0138243744042972 0.0269409488577019 0.0413415012129994 0.076156392182709 0.113619289272842 0.129110098768634 0.145842301494104 0.164233538328904 0.152284842266512 0.133350368174939 0.163256404526176 0.181419032291573 0.180590027753673 0.179805406933187 0.179082700823142 0.180682231578533 0.181611821931319 0.181218473669254 0.182513453628345 0.184700879932674 0.174324507455549 0.163843886334947 0.153986148448156 0.154005302314867 0.160385076887745 0.165154690218029 0.172090113407137 0.186120185835516 0.193342315278687
-9999 -9999 -9999 -9999 -9999 -9999 -9999 -9999 -9999 -9999 -9999 -9999 -9999 -9999 -9999 -9999 -9999 -9999 0.0846791632899563 0.0846785898282229 0.0852394285667827 0.0862311733426269 0.0695268763582235 0.053521716230646 0.0494850529088847 0.0446691131845341 0.0391333801460705 0.0293503653545653 0.0231134712691098 0.0405275071103974 0.0522877445473651 0.0577719670050776 0.0865315686924201 0.118641365969575 0.12837906637611 0.140806394077709 0.156828218121983 0.149375595656922 0.136016006466255 0.15311084612557 0.166462760305298 0.173761554223788 0.176186415236648 0.176545159851145 0.178072627215955 0.178388305040889 0.176311048853871 0.174533134365393 0.172913451197989 0.165161619587557 0.156982901713 0.148188750266228 0.148998135295447 0.155992102932849 0.160501711601205 0.167204972548986 0.181304102630215 0.192024606846337
-9999 -9999 -9999 -9999 -9999 -9999 -9999 -9999 -9999 -9999 -9999 -9999 -9999 -9999 -9999 -9999 -9999 -9999 0.101732730054272 0.0925020438866601 0.0879792229424046 0.0870698744991146 0.0698650513184544 0.0534924915447285 0.0488865496673154 0.04529550392833 0.0426418861064893 0.04061474872288 0.0427252049005469 0.0665826483449489 0.0780648856016401 0.0758099900758636 0.094819870982791 0.11743992964941 0.124066549437294 0.133974157021138 0.148266572364251 0.148222709463903 0.143776861109291 0.146321909351386 0.153650442368255 0.168714905145792 0.173990519593684 0.175066066979374 0.175757557386601 0.174996452420231 0.171366891537465 0.166501180676477 0.160982043830894 0.156777059509114 0.151624763506041 0.144064171545146 0.145236137062546 0.152031783318834 0.156821487103468 0.162994517388041 0.173939508994837 0.18632919817201
-9999 -9999 -9999 -9999 -9999 -9999 -9999 -9999 -9999 -9999 -9999 -9999 -9999 -9999 -9999 -9999 -9999 -9999 0.105071465270585 0.109318041734702 0.109767794536893 0.107303335219052 0.0828814864216603 0.0571738354972328 0.0378003115456149 0.0259621023581145 0.0210840284562798 0.0234410228964394 0.0321642107652592 0.0677771416138493 0.0861293146304799 0.0853211343837356 0.100969087807831 0.119686943894666 0.128262435633547 0.141121135985698 0.159704041220646 0.165149558131876 0.166026826992441 0.165502569090431 0.167559755221943 0.173791694836467 0.17557932530826 0.175445316286372 0.17433936076592 0.171877264298728 0.166737181523134 0.163705937479905 0.161789420653701 0.165528206113615 0.164700883940433 0.152312849617657 0.150571537679495 0.155686609768057 0.158671095842025 0.160367102822184 0.158602344032406 0.162247920240813
-9999 -9999 -9999 -9999 -9999 -9999 -9999 -9999 -9999 -9999 -9999 -9999 -9999 -9999 -9999 -9999 -9999 -9999 0.129960532801587 0.128054303969055 0.122594422093631 0.114406971152558 0.0867728221191623 0.0581276702086251 0.0355977415045398 0.0205603598412994 0.0124436102512969 0.0138865381774482 0.0238177226932223 0.0696931298601409 0.0940430034317998 0.0944983972892383 0.107348708235874 0.122436127103584 0.129275862428142 0.140636517146511 0.158039060366088 0.167659926215545 0.173835973315774 0.168385827701609 0.164820556949261 0.164303536630483 0.167510924258252 0.172173717249232 0.169263369157125 0.164599299351785 0.156472136165131 0.152816980517006 0.151525717584541 0.159326681412876 0.160723128514065 0.145823236935011 0.140350481793735 0.140948709378855 0.146098224311013 0.149401789921569 0.145876270542775 0.147046150742441
-9999 -9999 -9999 -9999 -9999 -9999 -9999 -9999 -9999 -9999 -9999 -9999 -9999 -9999 -9999 -9999 -9999 -9999 0.13124768618993 0.134537228551608 0.125480147749599 0.106946546026723 0.080542278273033 0.0560560562355438 0.0432492469337532 0.0306121010085428 0.0181316678539316 0.012783582288409 0.0179276422310415 0.0724094255801161 0.101789485898427 0.103305307260884 0.113983900402078 0.125742333697647 0.126759193901701 0.131686662997486 0.14184038384375 0.154179029609405 0.16562685730605 0.153191438743556 0.143614247611841 0.138659428597025 0.148730411563961 0.164852469487353 0.160130023363031 0.152708273636467 0.139956179666263 0.132950193049359 0.128981585327469 0.13653913051361 0.137828617276055 0.122985396461065 0.112873660042266 0.105808952827836 0.117527433029368 0.129187788449002 0.136046511075602 0.141693842687472
-9999 -9999 -9999 -9999 -9999 -9999 -9999 -9999 -9999 -9999 -9999 -9999 -9999 -9999 -9999 -9999 -9999 -9999 0.145556035163685 0.145285233238377 0.129433472870003 0.101622711510397 0.0701775210952402 0.0418515045199941 0.0277522887400865 0.0176943440839321 0.0113691955521439 0.0178418200166931 0.0339607375104966 0.0889014309576174 0.118873610120999 0.121129419076565 0.12268063292976 0.124370229257294 0.128677746198373 0.135483114096187 0.145626682846217 0.148922221785553 0.149593537066312 0.145984344582318 0.140956449324636 0.133634204753584 0.134879088382382 0.139646328296215 0.136440538297164 0.133294847976778 0.130267837146892 0.127515279120407 0.124907796203292 0.126970777261141 0.126972839903503 0.121608985151901 0.112728168669886 0.101582463580853 0.109258043058899 0.118137692669821 0.126110069078316 0.132916326781102
-9999 -9999 -9999 -9999 -9999 -9999 -9999 -9999 -9999 -9999 -9999 -9999 -9999 -9999 -9999 -9999 -9999 -9999 0.163368011690937 0.157499897428209 0.134861561052126 0.0993514168466583 0.0608458079925522 0.0264536304701397 0.00988831787032328 0.00235121143886734 0.00315317753267568 0.0240513435059224 0.0531996659597718 0.105963260431951 0.135013812683333 0.13774163505674 0.129439149386925 0.120715075971738 0.132030214523278 0.143267956160624 0.154402262305064 0.147475453583294 0.135599941413627 0.141254377992682 0.141623895304984 0.133446554800567 0.123302516899985 0.112505626415424 0.111969407455939 0.114512144824147 0.123134930810862 0.125520222248123 0.124608388668847 0.120763894786555 0.119567233163798 0.125050263957872 0.11865153479108 0.104601069600555 0.105600187497719 0.108995869954121 0.116100521932021 0.123455632734297
-9999 -9999 -9999 -9999 -9999 -9999 -9999 -9999 -9999 -9999 -9999 -9999 -9999 -9999 -9999 -9999 -9999 -9999 0.165357148601885 0.167518458304352 0.149939345503339 0.117208678762363 0.0686220327772785 0.0271347205275779 0.0219722716605835 0.0161052099396617 0.0095873192964092 0.0265006873626676 0.0518636603850381 0.0984275002301126 0.123736241770749 0.125450701059958 0.116171478003197 0.108534784234852 0.137564061019803 0.156251400948487 0.161117474906886 0.159372389932155 0.154667643517804 0.139603186036063 0.129834272093447 0.128629397714474 0.119652273336294 0.107648843988408 0.112039115852891 0.116769506960711 0.122171535245381 0.120719966137435 0.115645601492387 0.113689148891261 0.114512490264415 0.121915472617292 0.115662919195566 0.100616335650858 0.0961599161369024 0.0958437163736892 0.105726588951873 0.11573686511768
