layers/veg_sum/veg800.asc
NCOLS 255 
NROWS 330 
XLLCORNER -2985163.8955 
YLLCORNER -3022031.214 
CELLSIZE 25000 
NODATA_value -9999 
[rows 250 to 274 of 330, columns 57 to 113 of 255]
-9999 -9999 -9999 -9999 -9999 -9999 -9999 -9999 -9999 -9999 -9999 -9999 -9999 -9999 -9999 -9999 0.654620861271563 0.646364072592695 0.640916063604829 0.6293325801875 0.598472978074566 0.536095559950835 0.449526973209853 0.412833897629253 0.399037032616134 0.44985747667795 0.482545176618671 0.49848422621977 0.476187207119354 0.455540186604892 0.483889419996567 0.487694440873444 0.464254088926415 0.484535554158876 0.501155100735958 0.395184137795695 0.328166619221717 0.313207619523616 0.300324581474293 0.288084393386918 0.27491110145732 0.262866652635655 0.252647787338334 0.240832729443165 0.228389233182085 0.218937750271302 0.209152268673102 0.198707236226534 0.191286956921667 0.185465555046397 0.184434409816604 0.181339708281723 0.172864269226979 0.159571789953869 0.143177184372194 -9999 -9999
-9999 -9999 -9999 -9999 -9999 -9999 -9999 -9999 -9999 -9999 -9999 -9999 -9999 -9999 -9999 0.763071358990957 0.731634076585509 0.680238795794432 0.683931404587326 0.678322234771433 0.631818499089953 0.562250783544478 0.474980552517485 0.439699027921582 0.423978363476491 0.458584372320961 0.485283081689411 0.504678065092831 0.496372928648032 0.487898221750569 0.507528407436631 0.51411600897908 0.506225652943316 0.515024299516979 0.520984452788071 0.468491279745899 0.412021133532152 0.35023604440926 0.327682803290624 0.317836722326218 0.298516571611258 0.281793147885276 0.269269193487661 0.255522292450543 0.241491910048481 0.240471416671221 -9999 -9999 -9999 -9999 0.184672415686206 0.18175480345261 0.173491131695479 -9999 -9999 -9999 -9999
-9999 -9999 -9999 -9999 -9999 -9999 -9999 -9999 -9999 -9999 -9999 -9999 -9999 -9999 -9999 0.763071358990957 0.741447663693014 0.70609613816211 0.717161152867455 0.715594118574034 0.665010678321519 0.594105576830003 0.507602797712382 0.470495764799462 0.450057054458675 0.469853320625409 0.489862362894922 0.510067939815906 0.517509240866126 0.523797506550645 0.537216438200695 0.54601301437958 0.549678531737141 0.54750592917441 0.543526620597456 0.53733805550877 0.492450040902737 0.39584295354306 0.362751865403499 0.350465998687319 0.326237939227614 0.305508114556092 0.290435692360364 0.274872573162323 0.259558477194032 0.269100095492302 -9999 -9999 -9999 -9999 -9999 -9999 -9999 -9999 -9999 -9999 -9999
-9999 -9999 -9999 -9999 -9999 -9999 -9999 -9999 -9999 -9999 -9999 -9999 -9999 -9999 -9999 -9999 0.746390515040344 0.719119816268834 0.722425276149294 0.720459908666472 0.695468520699998 0.638294801861459 0.556419873003941 0.510150729614939 0.478983667034723 0.489028832047141 0.501028378241494 0.514833125393184 0.540660820929334 0.566901109184212 0.582778267921886 0.592625529802456 0.595779287547888 0.587831364634333 0.579652102463792 0.593203450448881 0.558972027425605 0.460882315951878 0.415560036447792 0.388295989833653 0.362416525689762 0.339545829285562 0.321540961246315 0.3045762131071 0.288217280396979 0.280534330307626 -9999 -9999 -9999 -9999 -9999 -9999 -9999 -9999 -9999 -9999 -9999
-9999 -9999 -9999 -9999 -9999 -9999 -9999 -9999 -9999 -9999 -9999 -9999 -9999 -9999 -9999 -9999 0.750421943003253 0.74524888155538 0.734484551310508 0.722970652836971 0.710464369320099 0.6752361951346 0.622568072436196 0.562435254542854 0.516068127197002 0.528027759867167 0.537611584326603 0.545000948822906 0.571492401774568 0.596659460862084 0.594641081787478 0.597408579806571 0.605488654288591 0.601555119447712 0.597179580096306 0.61476857730304 0.600444514262659 0.543470906970439 0.478513875236147 0.413441716718553 0.386396413125701 0.362575016084615 0.343967373411673 0.325481437115927 0.307413909864667 0.30917194294945 -9999 -9999 -9999 -9999 -9999 -9999 -9999 -9999 -9999 -9999 -9999
-9999 -9999 -9999 -9999 -9999 -9999 -9999 -9999 -9999 -9999 -9999 -9999 -9999 -9999 -9999 -9999 0.763833903063874 0.780587401437051 0.750979223407207 0.723944188766871 0.71536771655836 0.7074467139048 0.700028810023118 0.622963467502124 0.558477456151979 0.579966018831613 0.590785343781471 0.591749826522508 0.607336946647365 0.617706971893133 0.584507549683453 0.574888298549683 0.591444283302064 0.597915169238309 0.602567589406525 0.613944903044958 0.625566450572778 0.637514399391875 0.548090091922643 0.430308048553457 0.402413848325361 0.378418610579984 0.360728838687633 0.340643674393596 0.319812137529688 0.314118564251525 -9999 -9999 -9999 0.256463488420618 -9999 -9999 -9999 -9999 -9999 -9999 -9999
-9999 -9999 -9999 -9999 -9999 -9999 -9999 -9999 -9999 -9999 -9999 -9999 -9999 -9999 -9999 -9999 0.797464201314877 0.798185165715349 0.797565563573847 -9999 -9999 0.699053023715702 0.675900354044074 0.65444961854515 0.63954403762069 0.649639981516529 0.6554204942936 0.657214977907613 0.64460467802098 0.629008932046837 0.612340949122698 0.606444753257782 0.612505810216981 0.62717074731191 0.642207053050884 0.641956454816136 0.647857440913641 0.661979583683863 0.587313529165327 0.485701321650131 0.432009195569997 0.391029975061656 0.370610273228081 0.351985135306076 0.334110945844558 0.31527664588163 0.302773818320906 -9999 0.271205081855597 0.272029405104683 0.271250878549028 -9999 -9999 -9999 -9999 -9999 -9999
-9999 -9999 -9999 -9999 -9999 -9999 -9999 -9999 -9999 -9999 -9999 -9999 -9999 -9999 -9999 -9999 0.825827680742206 0.810520772021383 -9999 -9999 -9999 0.748665071616872 0.663975172849512 0.683036322819724 0.708879596950078 0.707587978659365 0.710662293325666 0.717769284128294 0.682015532273291 0.644464022715015 0.64208611121929 0.638925720064717 0.634896735142079 0.65354652353565 0.674654347131066 0.667438355810691 0.66801935971925 0.679020495400596 0.617183997762564 0.531580884521303 0.461016635926962 0.407475031692931 0.381462726142301 0.363119750750871 0.34790697659887 0.324310307135811 0.311566018572837 0.320252044855713 -9999 0.284868140014453 -9999 -9999 -9999 -9999 -9999 -9999 -9999
-9999 -9999 -9999 -9999 -9999 -9999 -9999 -9999 -9999 -9999 -9999 -9999 -9999 -9999 -9999 0.835190556181433 0.825827680742206 0.810520772021383 -9999 -9999 0.796579078040511 0.759118918379409 0.692906606650396 0.710113480131444 0.731155016547615 0.723978375914975 0.733333615114265 0.757958836226525 0.719503626166157 0.675546476675136 0.667891645482336 0.660135017355973 0.652265389254338 0.662231602977655 0.675482554368512 0.677396434296276 0.682222619908304 0.690940895755303 0.625576753804633 0.537413277596641 0.484612916564994 0.436833944828913 0.397175645932923 0.374605327293334 0.359343944242083 0.343511066586497 0.331053007435095 0.325259239166782 -9999 -9999 -9999 -9999 -9999 -9999 -9999 -9999 -9999
-9999 -9999 -9999 -9999 -9999 -9999 -9999 -9999 -9999 -9999 -9999 -9999 -9999 -9999 -9999 0.835190556181433 0.835190556181433 -9999 -9999 0.815782515475416 0.811757517942779 0.784586274626167 0.739649373485275 0.747066651745816 0.75758555939227 0.753143350221948 0.763014720794961 0.786107098658897 0.741672774267494 0.691495444004614 0.680973775416293 0.679726108943226 0.688773074862518 0.692528207496524 0.695710083885988 0.705503413426717 0.717175938486113 0.731359875231216 0.695349688297958 0.640178925783415 0.55471799393228 0.480976211979129 0.426186830782779 0.393399166772455 0.370171371324015 0.354284110715821 0.343737624773285 -9999 -9999 -9999 -9999 -9999 -9999 -9999 -9999 -9999 -9999
-9999 -9999 -9999 -9999 -9999 -9999 -9999 -9999 -9999 -9999 -9999 -9999 -9999 -9999 -9999 -9999 -9999 -9999 -9999 0.819320334844429 0.829576230431683 0.821891126890251 0.800435597919109 0.791806628976663 0.78729223530501 0.792380520182273 0.798222734690705 0.804761330490838 0.751763603173211 0.69551231858078 0.684024057151751 0.698041316061462 0.740371050275795 0.73986455494123 0.731233131115032 0.74792000746286 0.768489771159199 0.794248738727335 0.813518210693177 0.81937220886355 0.661493224712519 0.53677450761823 0.46568311639082 0.417955252147326 0.380518202315197 0.358412269673117 -9999 -9999 -9999 -9999 -9999 -9999 -9999 -9999 -9999 -9999 -9999
-9999 -9999 -9999 -9999 -9999 -9999 -9999 -9999 -9999 -9999 -9999 -9999 -9999 -9999 -9999 0.831066482287146 0.862118713973528 0.912884494110891 -9999 0.822855829659647 0.822496813695419 0.828870865132014 0.840412811728248 0.82153614308927 0.801869891134542 0.794900865588704 0.79001355565708 0.787049061527422 0.751558207261478 0.714156953951322 0.700491450139825 0.708719597968467 0.741250855992744 0.741807953725349 0.735821338011232 0.744856206578937 0.74820085794859 0.743940937136457 0.749706525206465 0.749013230819304 0.6040841566057 0.498796606190093 0.457617975975197 0.411044552560796 0.363055589972174 0.363525397105329 -9999 -9999 -9999 -9999 -9999 -9999 -9999 -9999 -9999 -9999 -9999
-9999 -9999 -9999 -9999 -9999 -9999 -9999 -9999 -9999 -9999 -9999 -9999 -9999 -9999 0.823968579066066 0.829081150391231 0.862118713973528 0.912884494110891 -9999 0.807139485044047 0.808050551100566 0.826850385638783 0.859380556522243 0.833607739623605 0.804077157169103 0.790006468194638 0.777105426438222 0.765284751345833 0.747453589076435 0.728769575013231 0.711765256618781 0.711208983599819 0.728910910073284 0.732502938330128 0.732262976547052 0.731009675668651 0.718994560705402 0.692597043600591 0.68126580923386 0.668403450987476 0.558231539700988 0.480285722569754 0.454456471620671 0.410397900894559 0.359971389163122 0.387511675287256 -9999 -9999 -9999 -9999 -9999 -9999 -9999 -9999 -9999 -9999 -9999
-9999 -9999 -9999 -9999 -9999 -9999 -9999 -9999 -9999 -9999 -9999 -9999 -9999 0.822467276687211 0.823968579066066 0.829081150391231 0.862118713973528 0.912884494110891 -9999 0.806789991987756 0.806290281387114 0.805229946807519 0.803739311181649 0.781541145423003 0.764015461990532 0.775739421906977 0.769890529402197 0.747810141062741 0.73321686420319 0.71831251253444 0.693879129342248 0.684344322652194 0.691347723130186 0.703028058998297 0.712976331465961 0.698963811053894 0.694361811817639 0.702336307477607 0.698807102493316 0.689610075174842 0.654819985269877 0.59618092474776 0.498972919147874 0.453745883933453 0.430926968233314 0.415821397322765 -9999 -9999 -9999 -9999 -9999 -9999 -9999 -9999 -9999 -9999 -9999
-9999 -9999 -9999 -9999 -9999 -9999 -9999 -9999 -9999 -9999 -9999 -9999 -9999 0.822467276687211 0.822467276687211 -9999 -9999 -9999 -9999 0.756503808948322 0.768405281594425 0.772976674606804 0.77192194199117 0.763717314565213 0.759320010502838 0.773699521223871 0.765650970690652 0.73688631931608 0.721310423450124 0.706386551092561 0.681174484831818 0.668028811028739 0.668277470449852 0.676339069683427 0.683854618705488 0.670340298335779 0.670014475102883 0.687314144000679 0.68701039986096 0.681120381727808 0.681168301157567 0.634154527552344 0.51103181477858 0.468122099693664 0.459682051566123 0.457255418456757 -9999 -9999 -9999 -9999 -9999 -9999 -9999 -9999 -9999 -9999 -9999
-9999 -9999 -9999 -9999 -9999 -9999 -9999 -9999 -9999 -9999 -9999 -9999 -9999 -9999 -9999 -9999 -9999 -9999 -9999 0.74750840138533 0.723098677619832 0.730638479333356 0.76270080373181 0.778371716188919 0.788168378860823 0.783256700880173 0.764233431009701 0.732175723730327 0.711614187190351 0.693067383105482 0.673384321088949 0.66171885067468 0.658953330593787 0.652292413369923 0.645404639666844 0.644962783594517 0.645937843261305 0.648806510437008 0.647387489349987 0.644464622992214 0.640895963843941 0.59822183388068 0.492305697362264 0.455019464414408 0.447363669307889 0.452340653723278 -9999 -9999 -9999 -9999 -9999 -9999 -9999 -9999 -9999 -9999 -9999
-9999 -9999 -9999 -9999 -9999 -9999 -9999 -9999 -9999 -9999 -9999 -9999 -9999 -9999 -9999 -9999 -9999 -9999 -9999 0.684205009251492 0.684329027124464 0.698664912212227 0.723908966699838 0.741060231105436 0.751799722848245 0.741388980216652 0.723958518441333 0.700044160977892 0.683628357571628 0.668228963905599 0.650476339037143 0.64121626432271 0.641383369031229 0.634361229590394 0.626633220066649 0.628477441446082 0.628727425376588 0.626846823894744 0.625248546475995 0.623673183211776 0.621028356160562 0.578350990137673 0.470932347784319 0.441404942477779 0.445172003065029 -9999 -9999 -9999 -9999 -9999 -9999 -9999 -9999 -9999 -9999 -9999 -9999
-9999 -9999 -9999 -9999 -9999 -9999 -9999 -9999 -9999 -9999 -9999 -9999 -9999 -9999 -9999 -9999 0.68283348015234 0.667800574603357 0.683570717541071 0.692431129199156 0.673236668868011 0.671103121173069 0.682064497764925 0.692448285557768 0.698197359090724 0.685916119428128 0.673483295982189 0.660910459322177 0.650495541052061 0.639637134393024 0.624116440085781 0.61769561905898 0.621376138216814 0.617015764556447 0.611465124019868 0.613377208822273 0.612878954931959 0.609159454130788 0.607599655887228 0.606788713327944 0.606176977833729 0.563302679191023 0.452080672670827 0.418726594455961 -9999 -9999 -9999 -9999 -9999 -9999 -9999 -9999 -9999 -9999 -9999 -9999 -9999
-9999 -9999 -9999 -9999 -9999 -9999 -9999 -9999 -9999 -9999 -9999 -9999 -9999 -9999 -9999 -9999 0.69612704562651 0.702827142359593 0.699919782293825 0.691193596423326 0.667003665306194 0.656692652959734 0.657034258932113 0.639556279264113 0.621832326160317 0.612403127607474 0.609832179284347 0.613595982848304 0.609190045680302 0.602981764896346 0.595574444584856 0.593395026690311 0.597018856724408 0.595933150699819 0.594065564968453 0.595883073004988 0.596848455220563 0.596675031642282 0.595311669138665 0.593816010196978 0.596306056882727 0.557155329922151 0.45066246322973 -9999 -9999 -9999 -9999 -9999 -9999 -9999 -9999 -9999 -9999 -9999 -9999 -9999 -9999
-9999 -9999 -9999 -9999 -9999 -9999 -9999 -9999 -9999 -9999 -9999 -9999 -9999 -9999 -9999 -9999 0.708767907081342 0.713179991079588 0.695425770723153 0.674159307779915 0.647316926538312 0.62790217792029 0.61418843070295 0.583003009622177 0.555185188378936 0.549773182172318 0.555493409614109 0.571496134157883 0.579526458325667 0.585188846257282 0.586382975345182 0.590618007528086 0.598228602829783 0.587158328229253 0.573111384486335 0.574691248188438 0.573627763381385 0.569031630550565 0.57619227378033 0.586905515915176 0.5910478665041 0.593607485654762 -9999 -9999 -9999 -9999 -9999 -9999 -9999 -9999 -9999 -9999 -9999 -9999 -9999 -9999 -9999
-9999 -9999 -9999 -9999 -9999 -9999 -9999 -9999 -9999 -9999 -9999 -9999 -9999 -9999 -9999 -9999 0.701545797693181 0.69415080704925 0.667172109273697 0.639117821791432 0.612293870179985 0.582719500398776 0.551034076041646 0.522276155720447 0.499615771693844 0.499549148787839 0.511770064533424 0.535340596588356 0.563133832230095 0.588897802930594 0.599249753256901 0.612376357118059 0.628582973017434 0.592413527506737 0.548105184075174 0.549284316416473 0.542210755179573 0.52410805360844 0.549285550187502 0.586905515915176 0.5910478665041 -9999 -9999 -9999 -9999 -9999 -9999 -9999 -9999 -9999 -9999 -9999 -9999 -9999 -9999 -9999 -9999
-9999 -9999 -9999 -9999 -9999 -9999 -9999 -9999 -9999 -9999 -9999 -9999 -9999 -9999 -9999 -9999 0.706899809193735 0.689596114712586 0.657420527203838 0.62367710722265 0.588587405694177 0.553109159448096 0.517332689785273 0.475875571405176 0.443339975903004 0.449044182334912 0.460271665709991 0.476600827773759 0.498436947354576 0.519220411847682 0.528534212945228 0.538701196131974 0.549815256520439 0.528967834124385 0.503845531755313 0.512079130624784 0.511435406122372 0.498927767816165 0.495330665476594 -9999 -9999 -9999 -9999 -9999 -9999 -9999 -9999 -9999 -9999 -9999 -9999 -9999 -9999 -9999 -9999 -9999 -9999
-9999 -9999 -9999 -9999 -9999 -9999 -9999 -9999 -9999 -9999 -9999 -9999 -9999 -9999 0.68601488039272 0.706732318935378 0.704767180889 0.688401980486486 0.652743161315865 0.614189894566761 0.571277146634958 0.532177573159479 0.496004761684524 0.440265437131364 0.395591573912088 0.404858732517546 0.412586657941544 0.418892841671333 0.428417199834746 0.437864502814508 0.443522712316546 0.448016367762787 0.451217306671281 0.454571982897387 0.459292935440883 0.474744127687297 0.48250944213982 0.480003125399768 0.475856177420685 -9999 -9999 -9999 -9999 -9999 -9999 -9999 -9999 -9999 -9999 -9999 -9999 -9999 -9999 -9999 -9999 -9999 -9999
-9999 -9999 -9999 -9999 -9999 -9999 -9999 -9999 -9999 -9999 -9999 -9999 -9999 0.679931221546771 0.681442979417264 0.686591156125788 0.688103457560663 0.687307518992284 0.648211006619648 0.60987037216596 0.582619057108519 0.549607673232465 0.512175209038208 0.464290644213579 0.423493064444239 0.416161061422662 0.416419463365683 0.423688885694762 0.42676430382413 0.429216779777362 0.432690582306516 0.436071982090636 0.439350809945148 0.44809233208851 0.457854223704934 0.464259830288756 0.468105287976608 0.468529288029734 0.469885624123176 -9999 -9999 -9999 -9999 -9999 -9999 -9999 -9999 -9999 -9999 -9999 -9999 -9999 -9999 -9999 -9999 -9999 -9999
-9999 -9999 -9999 -9999 -9999 -9999 -9999 -9999 -9999 -9999 -9999 -9999 -9999 0.679931221546771 0.679446307806705 0.67779497086249 0.666752336088192 0.649747624041613 0.634441118606899 0.619033322442207 0.602928026834138 0.574939677981391 0.53783061642979 0.490525477501117 0.447227691951901 0.425082114730986 0.418658022602597 0.426755376035664 0.425719159170868 0.423265794618901 0.422708930986868 0.423024952027647 0.424309921179052 0.434837251079812 0.446883173654305 0.451569078703486 0.455272767783496 0.457663794802339 0.450190362875756 -9999 -9999 -9999 -9999 -9999 -9999 -9999 -9999 -9999 -9999 -9999 -9999 -9999 -9999 -9999 -9999 -9999 -9999
