layers/veg_sum/veg900.asc
NCOLS 255 
NROWS 330 
XLLCORNER -2985163.8955 
YLLCORNER -3022031.214 
CELLSIZE 25000 
NODATA_value -9999 
[rows 125 to 149 of 330, columns 171 to 227 of 255]
0.332716424337775 0.335457857740746 0.345008598979157 0.339325583404475 0.326539979538108 0.282025854262622 0.255889344520161 0.267172065505705 0.276448720604945 0.284632762221199 0.298577344318073 0.308260706492187 0.306650198683524 0.313196985010201 0.32514861351833 0.344485009436263 0.362319476363678 0.373257523589702 0.357502483449673 0.320393131582507 0.325955889164173 0.331583425589619 0.311432538057997 0.274716486743197 0.222061888869884 0.223813768396383 0.251634898642318 0.365892704637524 0.435881443665217 0.454674363996882 0.450430077513327 0.445024774925405 0.487173567578504 0.526584906015584 0.562181672908897 0.606390058444629 0.650552384155159 0.639592602719267 0.645390385108817 0.679491808420667 0.683205748112082 -9999 -9999 -9999 -9999 -9999 -9999 -9999 -9999 -9999 -9999 -9999 -9999 -9999 -9999 -9999 -9999
0.293705146969525 0.282839111320178 0.309739742961701 0.325506134801979 0.335704437664981 0.289854623664605 0.262993492183402 0.274795803798444 0.286386099480285 0.297860919659151 0.308839916317844 0.317652666584442 0.321034084701325 0.329191146674999 0.34051244435386 0.356148792481809 0.372064207586481 0.387662826525137 0.371321266197075 0.329427751712167 0.32320945793376 0.321597274776028 0.31763767788393 0.302350342657383 0.276163768086785 0.230104388246844 0.210148433899559 0.367518658872249 0.455022193413811 0.461727042525013 0.431746395898771 0.400593307418701 0.45127046161309 0.498272773182277 0.540154286739981 0.59389258451903 0.648364532641645 0.640944954449976 -9999 0.71216866332521 0.71216866332521 -9999 -9999 -9999 -9999 -9999 -9999 -9999 -9999 -9999 -9999 -9999 -9999 -9999 -9999 -9999 -9999
0.283354589968826 0.263312248917618 0.286333281860598 0.312782963120034 0.339959401953609 0.29826435115906 0.273786042390159 0.284363273937932 0.297786288703411 0.312759273055905 0.316204887853481 0.321942625286236 0.334518556748347 0.337559573776233 0.334282967965516 0.359822531877403 0.385407634871761 0.403041107864133 0.39048207006625 0.353769202537156 0.325189104171636 0.304761002733341 0.313760086883199 0.317307227622314 0.31560865784363 0.248063797951728 0.201806734650177 0.360768351337165 0.446930499561362 0.448902294478058 0.421506821106314 0.395737330893853 0.458612700247256 0.505365546962673 0.529652075991869 0.571923042191674 0.618610899226438 0.629466212163714 -9999 -9999 -9999 -9999 -9999 -9999 -9999 -9999 -9999 -9999 -9999 -9999 -9999 -9999 -9999 -9999 -9999 -9999 -9999
0.296111239037503 0.297737283618757 0.311404348471114 0.327024698195242 0.34290810350796 0.306392427653817 0.285261934632936 0.2954576876746 0.306643199389414 0.318367787950394 0.329022456785331 0.340506684788164 0.354184898222488 0.360138888516233 0.360974979864999 0.386045062518372 0.409426319642517 0.420576315976712 0.413922055484035 0.393024495026195 0.348033715504601 0.310932941269546 0.321828305162461 0.348303810934842 0.389770102188396 0.34159583996576 0.300719412577948 0.412079417991299 0.473352022820084 0.476700084509872 0.460647889269663 0.446182023632187 0.494896928344012 0.531199116357054 0.550204505167786 0.579378148123207 0.610434473799675 -9999 -9999 -9999 -9999 -9999 -9999 -9999 -9999 -9999 -9999 -9999 -9999 -9999 -9999 -9999 -9999 -9999 -9999 -9999 -9999
0.314441324345387 0.346318520942727 0.348519370537097 0.347206536601257 0.344027263900355 0.313631656843989 0.296588719566095 0.30673356572929 0.314834352723358 0.321821833009278 0.343423624980838 0.362693216168332 0.374743787023094 0.386269939297577 0.397448623451333 0.417895323449111 0.434774468992639 0.437597329660553 0.437077221327757 0.433882757602633 0.377458303887722 0.3275463637754 0.33760735501586 0.38520719211884 0.468925877810584 0.453375866355779 0.429637803483772 0.47908654207529 0.507809375051369 0.512563333621814 0.512376537047467 0.513553853681755 0.539484358601556 0.562225003522365 0.58052066115917 0.594263039005462 -9999 -9999 -9999 -9999 -9999 -9999 -9999 -9999 -9999 -9999 -9999 -9999 -9999 -9999 -9999 -9999 -9999 -9999 -9999 -9999 -9999
0.306545964327807 0.348613952026713 0.335207596221318 0.32941225252109 0.326825576364741 0.310456199097301 0.303034983602672 0.313833396729975 0.325227837072263 0.336946906518591 0.355146507684705 0.37102751029739 0.380460358123217 0.397894918169629 0.420631235271273 0.426625073167353 0.431721828613061 0.438643863927909 0.438155119687004 0.43173779571291 0.403435800531529 0.382014004961526 0.402979757173755 0.430555959931946 0.464492557019986 0.47964568732968 0.490911722717706 0.5023180624695 0.499320653612361 0.479665751095658 0.516913511054031 0.565088163908782 0.56851629528175 0.580768954985415 0.605318366342661 0.609141549002244 -9999 -9999 -9999 -9999 -9999 -9999 -9999 -9999 -9999 -9999 -9999 -9999 -9999 -9999 -9999 -9999 -9999 -9999 -9999 -9999 -9999
0.301824156662521 0.346517093075789 0.320705305332257 0.315162032829443 0.318465122834982 0.311353038885222 0.310770748590457 0.323483972882091 0.335945729018488 0.348270521808451 0.361762290748994 0.374030420697259 0.383099551374688 0.406718348638474 0.439977432299594 0.440803485176271 0.440898481018709 0.447760996000681 0.447057154965171 0.440300273948931 0.429144544188433 0.424346980730472 0.449059311241295 0.460855615817581 0.460224474254299 0.4947388454353 0.528196333514245 0.512546676403865 0.491885059600867 0.465427265075772 0.516086506431145 0.582026513455365 0.591584017138313 0.607044919823417 0.630732056106634 0.641576502848143 -9999 -9999 -9999 -9999 -9999 -9999 -9999 -9999 -9999 -9999 -9999 -9999 -9999 -9999 -9999 -9999 -9999 -9999 -9999 -9999 -9999
0.302085568226492 0.337523311770138 0.304333625058005 0.306476822896602 0.323987473941006 0.318644337982141 0.320531331581185 0.337139815334085 0.347173016745098 0.35362495884143 0.360358733243316 0.368661812064636 0.380906541855027 0.41114269305964 0.453299561079226 0.463537570981144 0.469277982535541 0.469550853685326 0.468244914636226 0.465675936783011 0.4544312828164 0.44762569448172 0.464844582776677 0.467524647212025 0.456215853823476 0.492282029523989 0.527812120913129 0.502357686872485 0.486103121891544 0.480487923418 0.506836801161057 0.544641115548164 0.605286527176313 0.645461953550062 0.657112985690732 0.654627719650537 -9999 -9999 -9999 -9999 -9999 -9999 -9999 -9999 -9999 -9999 -9999 -9999 -9999 -9999 -9999 -9999 -9999 -9999 -9999 -9999 -9999
0.302363537202367 0.334552443384651 0.316321323608395 0.337247035419976 0.374967015862914 0.366753006224315 0.365025707973006 0.376506203171873 0.3939112584068 0.414543153906724 0.417667886500098 0.418837418127035 0.416649441003956 0.437916169456975 0.474723465645805 0.483506903339614 0.487983329290456 0.486509438436333 0.471389083884556 0.445351639234637 0.429794968795046 0.422485536854319 0.443571624652909 0.459592162764302 0.470738767808044 0.484833418348058 0.493628041697331 0.467745483801857 0.455269202059045 0.458296867661773 0.502652216928892 0.559074369114626 0.620267297312798 0.658687146436328 0.665373299743614 0.667152254619908 -9999 -9999 -9999 -9999 -9999 -9999 -9999 -9999 -9999 -9999 -9999 -9999 -9999 -9999 -9999 -9999 -9999 -9999 -9999 -9999 -9999
0.302850805851677 0.334091629033602 0.339517150861421 0.383270632058847 0.44314763344646 0.430576940893401 0.423111656368282 0.426041650850648 0.454432957477679 0.496691890853027 0.497836515546038 0.491021255965397 0.467806297446306 0.474162289562861 0.500111337745484 0.503266355153723 0.50371300784665 0.501871322182781 0.467693576087918 0.407647173250522 0.385921369200572 0.378577655819941 0.40851521124653 0.446581360707475 0.492468620552091 0.476244264990558 0.448232214233264 0.426933828397893 0.418543399014307 0.425080625520257 0.502809865788754 0.594790524457179 0.636026171787924 0.662087364756098 0.667003348622726 0.681819222707725 -9999 -9999 -9999 -9999 -9999 -9999 -9999 -9999 -9999 -9999 -9999 -9999 -9999 -9999 -9999 -9999 -9999 -9999 -9999 -9999 -9999
0.31119325106503 0.33421917540619 0.341788069592047 0.386985564016873 0.448126854013086 0.448123460500595 0.450298513429718 0.456909168457542 0.479009701347199 0.509546871097694 0.521304007652682 0.524401611967592 0.507308547290554 0.518746610667596 0.549088766729363 0.559320398736991 0.559474572923523 0.532931567627932 0.488621175117826 0.430096978113978 0.398020249015417 0.384685334753822 0.434273509388912 0.471213292875632 0.495983141078446 0.503633589167859 0.51106690281995 0.538128431563501 0.555864565457772 0.562816166117516 0.590043404817668 0.623440457834647 0.661431546914227 0.68916956819928 0.70262020509031 0.703122661673179 -9999 -9999 -9999 -9999 -9999 -9999 -9999 -9999 -9999 -9999 -9999 -9999 -9999 -9999 -9999 -9999 -9999 -9999 -9999 -9999 -9999
0.324847839302507 0.342100104061056 0.349279048107674 0.393242767267786 0.452908680443908 0.462909729251508 0.471934879701622 0.478972973357545 0.496905989251423 0.520772977211998 0.532538019022714 0.537825174555968 0.527832145227202 0.545779977407694 0.582240804751258 0.596822621284717 0.598543592398245 0.565129704606509 0.519678442086993 0.464597351110833 0.434843415634176 0.422710734722262 0.469457591779017 0.494833479175828 0.499646805321567 0.524204386934746 0.556612349796389 0.610946544933133 0.645845969401882 0.658269677446617 0.654709747067126 0.650935129464083 0.685485339732899 0.712848829747701 0.73019781124085 0.737149294691736 -9999 -9999 -9999 -9999 -9999 -9999 -9999 -9999 -9999 -9999 -9999 -9999 -9999 -9999 -9999 -9999 -9999 -9999 -9999 -9999 -9999
0.348670747046768 0.364822287544041 0.366762083594915 0.404366297848665 0.457312661882134 0.472412421769993 0.482946689460057 0.484185017444059 0.502014780584555 0.528881149091731 0.520355126848348 0.513048136964527 0.512027467451368 0.539217917439939 0.585100429543604 0.598813592937019 0.605660321376757 0.599505954000997 0.570125567280282 0.522164502705741 0.518992952544143 0.521831926715484 0.522684182700538 0.516517016707646 0.503595955282524 0.531723398484343 0.569063331521314 0.610305715645878 0.64521124567724 0.672788398232365 0.676178745761662 0.676218439216661 0.706951980684368 0.730014298220185 0.742386963908968 0.743266448199105 -9999 -9999 -9999 -9999 -9999 -9999 -9999 -9999 -9999 -9999 -9999 -9999 -9999 -9999 -9999 -9999 -9999 -9999 -9999 -9999 -9999
0.379069929319505 0.399472513337501 0.40212498818243 0.417343099985798 0.438158946360395 0.462401328614405 0.480212898201174 0.484930491448542 0.503152886586048 0.528730737359869 0.513503918161763 0.500639485176803 0.49744180687595 0.528583258498733 0.582477056035035 0.585658539140479 0.585036229490091 0.586454755471187 0.579549488043263 0.565985235209457 0.589417219121756 0.607945585943124 0.583199623423678 0.563750220508498 0.549397022071432 0.569328829323809 0.595255885379502 0.614478102186638 0.632241011071866 0.648316275086548 0.671798179664078 0.696756948715456 0.716383841917152 0.734940134347156 0.752004572332789 0.757365818177758 -9999 -9999 -9999 -9999 -9999 -9999 -9999 -9999 -9999 -9999 -9999 -9999 -9999 -9999 -9999 -9999 -9999 -9999 -9999 -9999 -9999
0.412839126196194 0.440235269349825 0.446650439090628 0.431269611898979 0.406933079281298 0.442390387913636 0.47043516801184 0.483387069765831 0.502256213245927 0.524348211038124 0.509384932885208 0.494569017813309 0.483480832169419 0.515861594527987 0.577043917777819 0.564741898333936 0.550196342469498 0.549099341622963 0.56795105071696 0.602761609560427 0.652807965236842 0.687393529621391 0.647450238244417 0.62407636136359 0.61664512096079 0.622352058180747 0.62849031356484 0.621117023170591 0.612949438810153 0.603863277830195 0.65417099338997 0.714863983360389 0.719648475302057 0.733593765812844 0.76030439184429 0.763468061485533 -9999 -9999 -9999 -9999 -9999 -9999 -9999 -9999 -9999 -9999 -9999 -9999 -9999 -9999 -9999 -9999 -9999 -9999 -9999 -9999 -9999
0.416825310402738 0.442264133190425 0.454756794351406 0.454260369525368 0.448230944906137 0.460750781564283 0.47212248034005 0.481156420103987 0.49441206596232 0.509967084454142 0.495849517201417 0.483280249240449 0.47731177760808 0.506212339386848 0.558216349377741 0.546648590355028 0.536527274122711 0.548913724202113 0.592644979798191 0.661451894078874 0.697048911451844 0.720534084423573 0.713195759798987 0.719714261404274 0.739565421406961 0.755755979869701 0.757846332739411 0.681726395808608 0.650015619732368 0.669662676637373 0.703133558033582 0.738835499505677 0.759845789470489 0.770962155605306 0.768291595158034 -9999 -9999 -9999 -9999 -9999 -9999 -9999 -9999 -9999 -9999 -9999 -9999 -9999 -9999 -9999 -9999 -9999 -9999 -9999 -9999 -9999 -9999
0.422874530605617 0.446543776873714 0.461474864727019 0.471343900874955 0.478846681950735 0.475272429190492 0.475047528463082 0.481642346881533 0.489468750010975 0.497965941707161 0.487285364497995 0.478982622454144 0.478427465286965 0.501888442993573 0.541261979037251 0.532965635498654 0.530194877526067 0.558557214545809 0.622659884313004 0.715354608504418 0.748617418972622 0.769972090472798 0.777371457926363 0.797199288374183 0.82898544526402 0.840915566427868 0.832542696188239 0.729361505464086 0.689982693317018 0.724389375867746 0.748699724895396 0.770693527366562 0.79721834892104 0.814875818123398 0.820176861507563 -9999 -9999 -9999 -9999 -9999 -9999 -9999 -9999 -9999 -9999 -9999 -9999 -9999 -9999 -9999 -9999 -9999 -9999 -9999 -9999 -9999 -9999
0.435296878976269 0.458089854759295 0.466739081991336 0.474005510274781 0.480564685801496 0.478791320085735 0.480323386936757 0.488585747152008 0.491732871320269 0.492093957446729 0.490947860902282 0.491476585955772 0.496375695003529 0.510001358147952 0.529409042499143 0.529568593908323 0.540146066457449 0.589574022799165 0.663433306893981 0.756837508427271 0.818472416093384 0.860268194690758 0.837760468738386 0.829991405179014 0.836403478603003 0.807972298003922 0.773177738260661 0.743610983120416 0.733978878187968 0.747400585041435 0.782892197130478 0.820903671955489 0.826057826503718 0.827200197502162 0.822752252038252 -9999 -9999 -9999 -9999 -9999 -9999 -9999 -9999 -9999 -9999 -9999 -9999 -9999 -9999 -9999 -9999 -9999 -9999 -9999 -9999 -9999 -9999
0.447557071766606 0.476475226939577 0.484561037675113 0.485001690778804 0.482043352311016 0.477590514661319 0.474332977466977 0.473509228456304 0.478860060861246 0.487573908884249 0.469003794120797 0.461594262345652 0.484868905106092 0.506293786661637 0.526493057466859 0.552228435136752 0.584940834592654 0.638493684788027 0.699654630441324 0.766902007380383 0.819208339989656 0.851105283290048 0.806019058839712 0.793306868521455 0.81174408650697 0.806151699853205 0.793666579513716 0.770102671177037 0.759669759260292 0.764422442118031 0.808195897877374 0.857846669240555 0.862234514677871 0.867470393952879 0.873887986414714 -9999 -9999 -9999 -9999 -9999 -9999 -9999 -9999 -9999 -9999 -9999 -9999 -9999 -9999 -9999 -9999 -9999 -9999 -9999 -9999 -9999 -9999
0.459715864155243 0.499137400371396 0.510235697026053 0.501209710778762 0.4833723545136 0.47343835164692 0.461297456796466 0.444663041000151 0.456521705282852 0.483899263375924 0.431047230031617 0.405212865885959 0.454943070886089 0.495194535583781 0.529165597176761 0.591182371084389 0.651524263476431 0.698608499955395 0.733029399650562 0.757319704953309 0.776722181879527 0.779747878693746 0.716665930301398 0.713176644973265 0.76702578667351 0.823792974439679 0.864090225961542 0.804249754440455 0.773913823918185 0.777698990476942 0.827941202189313 0.886493349720329 0.902999365034886 0.903411898061074 0.881398580376018 -9999 -9999 -9999 -9999 -9999 -9999 -9999 -9999 -9999 -9999 -9999 -9999 -9999 -9999 -9999 -9999 -9999 -9999 -9999 -9999 -9999 -9999
0.480034178604425 0.503518592475132 0.489682391351673 0.479547891522852 0.47110114916954 0.467040229652405 0.45814465241614 0.439405079240468 0.445434012955755 0.464953233688671 0.399483466681796 0.370219628856906 0.440179037971088 0.467224571881189 0.465836323825817 0.547304043942192 0.624810372838326 0.666316798173297 0.695792471870394 0.715643615543525 0.726594403408852 0.73456097231747 0.735371222033704 0.770285252479522 0.838013005994702 0.869796758657662 0.885168954968145 0.848193228122503 0.833112717095484 0.843353351874031 0.873548502971585 0.906342421482924 0.912319477637694 -9999 -9999 -9999 -9999 -9999 -9999 -9999 -9999 -9999 -9999 -9999 -9999 -9999 -9999 -9999 -9999 -9999 -9999 -9999 -9999 -9999 -9999 -9999 -9999
0.491199037205652 0.500408923430511 0.468699500439843 0.458393022411854 0.457619164189184 0.462511246123494 0.461341734230372 0.44783002388389 0.444991071788764 0.447965089071018 0.378652354848463 0.350281400798949 0.431955695006174 0.445244415534525 0.413222371599821 0.508297928298435 0.597593810785693 0.632620500456534 0.663137205718545 0.690045950176698 0.697045122561334 0.709505165985689 0.757158960506164 0.818957711643455 0.89436635233911 0.904615768118966 0.899236811301845 0.881771769322302 0.879625990294564 0.895196469195032 0.908290771921519 0.919235343289942 0.917021296789625 -9999 -9999 -9999 -9999 -9999 -9999 -9999 -9999 -9999 -9999 -9999 -9999 -9999 -9999 -9999 -9999 -9999 -9999 -9999 -9999 -9999 -9999 -9999 -9999
0.473357566598606 0.478876327777998 0.456280935065868 0.446812648524579 0.443426300401758 0.464028826485251 0.481351080680649 0.491994271946986 0.473863799218259 0.440061611292848 0.388433238456754 0.37063856258516 0.43998887099172 0.444700876664779 0.406584976496142 0.501445324638013 0.588747106554861 0.614417470798391 0.659167554575715 0.719181300926186 0.730427885501359 0.738848397489997 0.765118845736171 0.813273745119641 0.882485263557705 0.900074848582955 0.902926621307775 0.882386341905966 0.878774932774647 0.8947412430864 0.905158124339027 0.913294647292313 0.914835313362357 -9999 -9999 -9999 -9999 -9999 -9999 -9999 -9999 -9999 -9999 -9999 -9999 -9999 -9999 -9999 -9999 -9999 -9999 -9999 -9999 -9999 -9999 -9999 -9999
0.461823870235444 0.465221555020992 0.455586574375261 0.448403112605363 0.442741393411014 0.475208079220005 0.50279058104389 0.520428244968194 0.494853054579405 0.445741774183211 0.429348794390714 0.426011793679865 0.452717539087248 0.440516613025124 0.402536989320213 0.49783387234977 0.588510700133427 0.626904330452708 0.681316200297089 0.748542566847983 0.762178917708396 0.768363550186049 0.775827460196424 0.804557706721387 0.853749839352844 0.874130812764333 0.88603759042321 0.883430235346373 0.886988054130625 0.897675707466243 0.904848009345428 0.910421183384729 -9999 -9999 -9999 -9999 -9999 -9999 -9999 -9999 -9999 -9999 -9999 -9999 -9999 -9999 -9999 -9999 -9999 -9999 -9999 -9999 -9999 -9999 -9999 -9999 -9999
0.455061454657259 0.457525667847954 0.463760551447239 0.45995616629214 0.45227407700237 0.493695544005744 0.525311868043851 0.536963637579274 0.509879151250288 0.461696775900388 0.493815013057745 0.507871625625747 0.46899793722481 0.433578458794836 0.400447663284087 0.496674068244447 0.594787232650914 0.662605413303365 0.723221058455103 0.778074717883767 0.79269568800441 0.798008746261427 0.788615248459086 0.793548170535509 0.812265581147227 0.831997187161821 0.853582462160771 0.884798872551405 0.902057435845649 0.903174176908627 0.906672893954808 -9999 -9999 -9999 -9999 -9999 -9999 -9999 -9999 -9999 -9999 -9999 -9999 -9999 -9999 -9999 -9999 -9999 -9999 -9999 -9999 -9999 -9999 -9999 -9999 -9999 -9999
