layers/ele.asc
NCOLS 124 
NROWS 164 
XLLCORNER -2864897.89083566 
YLLCORNER -3014754.86789172 
CELLSIZE 50000 
NODATA_value -9999 
[rows 58 to 86 of 164, columns 0 to 64 of 124]
-9999 -9999 -9999 -9999 -9999 -9999 -9999 -9999 -9999 -9999 -9999 -9999 0 0 0 0 0 0 0 0 0 1130.0276689987 4272.7504158503 4398.12104121355 3558.18738174415 4541.68359588006 4092.72653511993 756.198504274756 1938.76332248617 595.314643400241 1060.571528648 1053.7015400039 508.078959297845 368.14157357463 376.56041845884 300.469194339857 301.758970613283 268.586155231141 253.801962059705 196.879774347614 211.337098139474 189.516126708301 170.06677618189 167.290622645025 158.453097376144 145.400957740702 140.759172633568 153.681843654468 137.944844297336 144.529483241519 141.515767287289 187.518376706751 187.249510272876 228.884095093542 363.707053641679 343.0231188507 519.747790335912 527.781832481868 299.972406851606 349.063578221895 297.317527937374 342.800366649021 357.335386072091 326.714432015956 320.204669170644
-9999 -9999 -9999 -9999 -9999 -9999 -9999 -9999 -9999 -9999 -9999 -9999 0 0 0 0 0 0 0 0 0 195.38934482737 2814.44230264469 4686.79583148051 4505.91455005802 3930.74484091852 2741.36562997045 1542.24166552421 2252.28466550143 2144.7319402083 1650.46529646355 1300.23354599333 1820.84409156127 694.228225327318 331.207741125973 288.494583307122 226.775271713538 242.028951404111 216.704620267737 215.153159157139 191.691008243727 171.330312455428 172.982939360829 169.119722795222 151.580319615261 155.595841072922 136 143.388046999555 136.469323339263 159.043078399623 151.149406317286 156.639191962484 153 170.942003103423 191.473614486833 237.860816088945 328.225533412767 580.862818340006 497.711586882257 366.568316902261 378.950565336047 442.350725477791 329.076177629499 343.72395659768 325.495964640547
-9999 -9999 -9999 -9999 -9999 -9999 -9999 -9999 -9999 -9999 -9999 -9999 0 0 0 0 0 0 0 0 0 0 539.379257435785 4556.39204250839 4443.84259535687 4488.66018208875 3735.94274798785 3811.22861456641 3216.56085707842 2599.60569990753 1960.08203656342 3602.48931835146 2656.2961356068 815.984283519432 639.450109590726 360.160637781922 258.128529107955 238.502344398596 230.830914871174 220.472429100165 192.278655573112 171.118447572628 174.802680848734 173.342428416969 151 145 137.353749396235 139.926462906776 138 142.490525693546 142.857013308914 173.846462571845 159.749423974351 158 171.786171037062 202.380206586828 222.359661055758 560.894598227889 452.392583438308 560.503454080512 503.694262598414 514.678110098423 434.577185466956 360.341760822664 314.119609773799
-9999 -9999 -9999 -9999 -9999 -9999 -9999 -9999 -9999 -9999 -9999 -9999 0 0 0 0 0 0 0 0 0 0 0 1211.16928635424 2639.30278136087 4915.25959521156 4517.75514160349 3502.13881001787 2825.00295419945 2335.44988563868 4672.66734457244 4593.77721856353 3164.28194025969 4558.03811780509 2415.19440432241 1053.93975974646 692.81848735418 656.807110636638 333.662935024506 410.7792522512 231.477734514622 174.813453105863 168.470948125821 165 156 147.468674797851 142 139.342930883623 147 157.917514183327 153.397716114821 153.345056643147 204.22124125124 229.345732385774 249.132880869783 498.381868990593 197.954044049977 437.153388360067 548.060771060197 575.673962876072 537.1643983236 560.647422449628 521.424674827313 496.681462945361 426.495567893499
-9999 -9999 -9999 -9999 -9999 -9999 -9999 -9999 -9999 -9999 -9999 -9999 -9999 0 0 0 0 0 0 0 0 0 0 5.52200675509042 1673.16507409535 4034.53763090527 3836.12179951535 3524.81149919819 3821.23195837728 3830.75806840848 2558.60420508951 4351.55845589193 3152.6122595359 4512.51423198498 4704.26873723362 4697.3329971173 4219.70106062231 1541.82436216305 1739.32481860349 1655.13109250644 532.381924141224 180.310754043025 173 162.223126176527 157 153 147.123318669151 146.306191743315 170.162435782817 162.742685959153 256.032689027418 180.07457944968 185.285415481244 269.961876350768 180.131126265034 296.586641439459 249.636566218953 224.920569678118 671.300941109615 716.941718683125 644.910424508043 627.969764991969 572.06511441638 414.1042936514 508.398329490459
-9999 -9999 -9999 -9999 -9999 -9999 -9999 -9999 -9999 -9999 -9999 -9999 -9999 0 0 0 0 0 0 0 0 0 0 188.017499589203 439.022521692042 3211.4587315322 4275.513229813 3933.36438907112 3835.24128338248 4170.44150768149 4644.40495370513 4671.38762202599 3940.68260319411 4025.47421603252 4806.91877739054 4749.35319410646 4308.64714833001 3610.16746230647 3018.85991169467 1625.87408255712 1312.64579717209 433.159315323217 200.411944103761 176.517650367884 185.341012141553 155.929496103446 154.652086092853 156.07259126861 175.201385957085 167.374587995068 229.363450872293 223.578636819783 223.117312902867 218.98660530622 202.116210649175 193.150119924776 704.689120329661 218.315239147323 278.090954442234 637.211584358168 565.122678533595 353.433813514754 454.496332815423 211.682475873719 479.557448644601
-9999 -9999 -9999 -9999 -9999 -9999 -9999 -9999 -9999 -9999 -9999 -9999 -9999 0 0 0 0 0 0 0 0 0 0 0 460.515214413043 581.851375951975 2758.48750203569 3815.7288642681 4396.25867472619 4416.24284148754 4677.28843810584 4990.83974553455 4273.77878493866 3948.20958061945 4516.27288570939 4443.6742450221 3925.97720352588 4514.56460366745 5019.12714988441 1312.06669354151 1572.14079723151 679.426881675701 438.573414950879 214.069818263296 186.052337925182 167.629860633041 157.225104417819 158.027588267445 178.75434432599 190.706235551728 182.09828285103 263.659220007656 299.862429697849 248.924687704462 281.085256536803 224.567846900299 211.182792703303 203.599726066175 239.715428840296 545.79488617277 390.072358426325 200.916709825703 190.394651239127 192.392984228126 193.830856916233
-9999 -9999 -9999 -9999 -9999 -9999 -9999 -9999 -9999 -9999 -9999 -9999 -9999 0 0 0 0 0 0 0 0 0 0 0 0 165.888478093217 892.29990641602 2692.95694389009 3805.25472446353 4519.60065700878 4574.94754313631 4663.00249670986 4765.50093467333 4314.37189612923 4982.47512382369 4055.16823697167 3842.19004328882 4006.21986845336 4483.72795489412 3347.32479933383 642.288345803517 564.174864688379 1189.15257558881 274.141810158451 227.939722062279 174.478287753878 172.451047559648 176.197559870097 172.544837655673 183.543488386406 202.631524444024 281.594258174683 363.911524335955 384.718655917899 309.436912805702 245.928562476315 240.3630892218 204.458111200223 329.652345209241 260.130764307849 187.132609774407 227.270606113995 154.912988942688 452.946921953647 272.499593710454
-9999 -9999 -9999 -9999 -9999 -9999 -9999 -9999 -9999 -9999 -9999 -9999 -9999 0 0 0 0 0 0 0 0 0 0 0 0 0 493.843470955036 1910.81884689953 2892.72748416117 3483.94884397115 3263.07016702232 5065.18068045051 2696.60315246384 4462.05036215855 4463.37314051959 4075.82713193127 3822.05889042066 3815 3815 3067.03057378239 2687.58150632619 1375.10102937156 980.713418909996 1434.9683944558 398.281241134196 205.868921835514 175 186.375489835249 189.050820547623 196.156359646403 216.238782457151 336.34387079473 473.985497837965 379.236110777746 414.71747271516 376.990304608927 250.833111006715 221.701366591806 805.120645851451 193.886049404961 152.222465019038 127.098746771375 371.019966031541 151.98879251619 173.641279438724
-9999 -9999 -9999 -9999 -9999 -9999 -9999 -9999 -9999 -9999 -9999 -9999 -9999 0 0 0 0 0 0 0 0 0 0 0 0 0 0 0 1192.21514252958 1685.35224941768 1082.41641792308 1315.76315903028 3622.25626011674 3786.62536415515 4164.89889986819 4384.02790019639 4321.39140890819 3921.44811843538 3815 3815 4704.09319574045 1786.33984023656 2313.93971124441 1281.25245746501 930.788053855323 228.287837460226 189.250460707265 195.167500127588 206.567253230842 205.184219712778 223.557774666711 230.544229045528 446.042630611896 474.274212420402 423.696579988161 448.716369872335 398.201796499307 234.238005913825 184.296883211322 118.464814590322 130.742853333412 116.413743479893 181.639089435542 113.70449719829 124.783832730381
-9999 -9999 -9999 -9999 -9999 -9999 -9999 -9999 -9999 -9999 -9999 -9999 -9999 0 0 0 0 0 0 0 0 0 0 0 0 0 0 0 0 0 640.610403952233 948.719012630798 1309.71139929122 2371.49800378093 4678.99295476042 3649.12138230169 5143.05475477623 3957.63109255767 3840.90255333308 4377.73055432965 3891.65620867116 3507.10213977276 2863.98565584646 2021.71366153717 1640.55070646991 486.12426982994 221.639434883322 203.661463950829 227.653878051416 228.71449956557 228.207843505911 242.561751181373 246.526991938719 374.655943046389 440.325834956971 366.75132284682 325.009155109994 214.13423459221 144.952479976889 116.593626421984 100 106.077560464457 105.059116791378 110.16379821429 126.929628648759
-9999 -9999 -9999 -9999 -9999 -9999 -9999 -9999 -9999 -9999 -9999 -9999 -9999 -9999 0 0 0 0 0 0 0 0 0 0 0 0 0 0 0 0 0 0 433.927380489589 766.370928203261 1711.29804230259 4033.65569485288 4611.29809002665 4253.21330124567 3888.12337958719 3843.9334549948 4429.71723783657 4680.72727869926 4376.03065241018 3248.6019838159 4275.68228520003 2452.20739262047 853.08471894382 302.877016726756 243.242216635542 281.850049999726 279.571301385884 262.458670894797 268.525912101723 264.703322835882 308.993480556497 293.827747024666 374.215942474928 367.245603750726 215.498037308765 135.486723667314 97 96 99.7938044241877 104.539712054926 113.510778384824
-9999 -9999 -9999 -9999 -9999 -9999 -9999 -9999 -9999 -9999 -9999 -9999 -9999 -9999 0 0 0 0 0 0 0 0 0 0 0 0 0 0 0 0 0 0 0 0 1293.38445264669 1555.18349938316 2570.71365378071 4874.01502903248 4013.51409786152 3906.50561032561 3845.11332995685 3749.24930433588 3868.59322453546 4083.30013754676 2510.78449499662 2824.11520201201 2575.97470753631 3526.67086639249 1651.15876328464 520.52169971132 418.127745374576 321.598677111577 289.471404849208 283.723141609961 272.966611304753 257.137130305531 314.36001545935 265.97119510181 300.411462140831 234.207610248355 132.39959505805 180.826300003238 93.730431767167 102.839643810876 121.337757081695
-9999 -9999 -9999 -9999 -9999 -9999 -9999 -9999 -9999 -9999 -9999 -9999 -9999 -9999 0 0 0 0 0 0 0 0 0 0 0 0 0 0 0 0 0 0 0 0 0 448.957961284671 1044.47781410927 4317.24156363926 4188.5879319105 4193.31875385537 4066.4957204895 4293.04349151644 3716.61723604844 4619.11348216678 3782.23752330347 2990.39099401126 2544.24333284874 1873.94618857147 1989.51847854544 1981.84457475343 754.575822032509 336.708400596668 313.288858075346 296.698459242654 278.810030134706 295.24888307672 464.873646085113 446.325386931998 218.249565192235 617.92319675178 236.054812637891 276.294498628254 94.0230176953851 103.821330182109 120.461092582874
-9999 -9999 -9999 -9999 -9999 -9999 -9999 -9999 -9999 -9999 -9999 -9999 -9999 -9999 0 0 0 0 0 0 0 0 0 0 0 0 0 0 0 0 0 0 0 0 0 0 110.496613272102 1693.67527262352 4379.12110769964 4102.45711369811 3784.40670842868 3848.74320977032 3700.6760307072 4038.55780314775 3816.07632448152 3594.49149754287 2237.93388080629 2199.28477021835 2238.89090873352 2167.90230242687 568.957226195388 372.093805591554 332.02851459801 312 292.459986027488 294.756995420525 336.657816952034 343.071783781745 184.813454700137 358.817545453265 168.9924722313 174.560089081965 90.0612570823387 101.276868872359 116.850016456315
-9999 -9999 -9999 -9999 -9999 -9999 -9999 -9999 -9999 -9999 -9999 -9999 -9999 -9999 0 0 0 0 0 0 0 0 0 0 0 0 0 0 0 0 0 0 0 0 0 0 31.5037158989084 1778.19438347558 3973.49250376994 4835.69098500641 3729.30711601028 3697.31435594458 3728.47593376697 3697.75703398642 4584.21121813095 4354.2334008272 3154.31392973622 2826.94501205288 2731.04791506818 1250.98536323645 645.346023458758 389.933485576492 346.10054800985 362.638160612685 376.15181032765 371.430083959638 316.347576785059 240.961836123848 381.025096655231 146.291086185458 107.897929402674 154.411750997051 89.020122260821 93.6653890035417 113
-9999 -9999 -9999 -9999 -9999 -9999 -9999 -9999 -9999 -9999 -9999 -9999 -9999 -9999 0 0 0 0 0 0 0 0 0 0 0 0 0 0 0 0 0 0 0 0 0 0 0 957.114430601575 3362.39391130828 4060.27914044474 3666.60732289037 3668.71790313186 3728.67480899275 3729.68835233428 4611.03643863508 3469.75308708064 3263.15911331695 2123.73362720722 2280.93989211659 1491.91798150697 1102.42371157705 536.295273280726 402.739389726952 347.31126395161 307.431983656647 301.892942752833 254.566102031715 159.022317640787 154.165349855271 241.955659731416 97.2802220411219 84.7752889191718 83.8843859659881 93.7249205055327 107.537960833352
-9999 -9999 -9999 -9999 -9999 -9999 -9999 -9999 -9999 -9999 -9999 -9999 -9999 -9999 0 0 0 0 0 0 0 0 0 0 0 0 0 0 0 0 0 0 0 0 0 0 0 1155.33156233187 2341.55471419685 4438.71395733124 3725.84212605416 3850.66155590382 3657 3949.7692048653 4503.92251864183 4023.33467736038 3282.95119332279 2814.55483147754 2341.86524626267 1205.63628777824 966.081286085974 566.984006956735 441.103806367096 387.253627630721 331.17986922411 214.808364965493 188.28624142877 153.585711212528 115 99.4105729275865 89.2819206794349 82.1470252587809 86.845570771767 131.877694756886 111.590642122377
-9999 -9999 -9999 -9999 -9999 -9999 -9999 -9999 -9999 -9999 -9999 -9999 -9999 -9999 -9999 0 0 0 0 0 0 0 0 0 0 0 0 0 0 0 0 0 0 0 0 0 0 1123.19762124698 1647.50927944869 4467.34249477079 3973.07514267232 3660.48189610905 3658.80135817343 3732.06376549588 3770.66349931253 3811.10039039892 3164.35365611479 3421.23394648659 2794.0897226419 1296.74795690257 935.482067134735 572.891942931664 428.258317815455 349.839909404069 276.788104691847 218.423991370987 381.731467003221 140.377080379888 113.89000772629 99.5522939661288 87.0431927916154 80.5786578860742 83.4611106354805 313.592079890996 119.16272480836
-9999 -9999 -9999 -9999 -9999 -9999 -9999 -9999 -9999 -9999 -9999 -9999 -9999 -9999 -9999 0 0 0 0 0 0 0 0 0 0 0 0 0 0 0 0 0 0 0 0 0 0 992.671424707527 1025.37824476006 3824.70633572953 4006.80143050568 3677.67050453114 3654 3661.25807008423 4034.721142083 3550.13905705141 2582.90798603111 3058.77256250346 1524.79755406782 873.270895395995 928.014492946071 524.797284568263 398.681371436594 318.873813034081 249.424526033921 199.238478801546 158.689549797504 131.020038888761 114.078238127222 101.428359464953 92.3787964057809 79.1691398725031 140.583899195545 635.000886427412 289.561333128522
-9999 -9999 -9999 -9999 -9999 -9999 -9999 -9999 -9999 -9999 -9999 -9999 -9999 -9999 -9999 0 0 0 0 0 0 0 0 0 0 0 0 0 0 0 0 0 0 0 0 0 0 658.578131850917 944.763169571957 3165.83127535475 4399.420492213 3870.41712995608 3761.43074049425 3704.09075793723 4022.47040803137 4006.88346332448 3838.44286905218 2738.31684717293 2041.75523439873 674.053508753981 552.057018914942 459.346446271982 325.108750134476 287.459698335412 229.346909298319 181.61149289196 149.865768422513 137.419482410178 116.594679437093 101.224114222715 91.0777045303495 79.0234723400171 141.735534291351 511.422915439213 272.149644828485
-9999 -9999 -9999 -9999 -9999 -9999 -9999 -9999 -9999 -9999 -9999 -9999 -9999 -9999 -9999 0 0 0 0 0 0 0 0 0 0 0 0 0 0 0 0 0 0 0 0 0 0 379.763422739899 793.283829253679 2433.62339276765 4868.68950396372 4413.80420665015 4029.21908625909 3841.32100661371 4232.1120037992 3444.64267279778 3588.33760451083 3606.18535635548 2299.42781875322 1692.59590155821 507.812627493333 321.555661695518 280.941088658758 245.050337819831 213.603994453253 185.980355736018 157.980213306255 137.272800498665 117.354750340244 105.879973413739 94.4241947411087 86.741069271618 188.826553092507 527.338831132864 272.65653207597
-9999 -9999 -9999 -9999 -9999 -9999 -9999 -9999 -9999 -9999 -9999 -9999 -9999 -9999 -9999 0 0 0 0 0 0 0 0 0 0 0 0 0 0 0 0 0 0 0 0 0 0 1003.57637002034 1089.10503311736 2998.2324356263 3296.94359715016 4486.45018828364 4621.0053615649 4346.07617663523 3929.14672550488 3769.05702535043 3334.076740034 3074.0777839729 1266.44108087208 839.783143877177 469.516304151025 288.200584165575 267.526246844461 237.257008562555 210.463017206715 180.34782857186 162.182716741428 136.222506808907 118.389929280432 107.452399320521 94.9577960086475 86.0408255022518 143.640268702836 341.427166049534 236.760385157164
-9999 -9999 -9999 -9999 -9999 -9999 -9999 -9999 -9999 -9999 -9999 -9999 -9999 -9999 -9999 0 0 0 0 0 0 0 0 0 0 0 0 0 0 0 0 0 0 0 0 0 0 1318.40587200675 1161.61704604895 2546.2680878454 2682.28443450461 3840.72713967277 5135.22680163076 4632.3784699225 4150.92365080323 3660.19768020838 3655.44616828879 3883.14769098875 749.325186163773 638.295245691055 375.835100288217 275.011703835152 250 226.990322918434 201.660595214707 176.691724307312 151.151170924718 127.979772043691 117.406219210746 104.073310126721 94 72.2250844667278 196.464818152791 199.798440778294 395.740766676637
-9999 -9999 -9999 -9999 -9999 -9999 -9999 -9999 -9999 -9999 -9999 -9999 -9999 -9999 -9999 0 0 0 0 0 0 0 0 0 0 0 0 0 0 0 0 0 0 0 0 0 0 898.532718072179 1414.02205961883 2211.67622727211 2790.49542190926 3342.30005198966 5034.75762029631 4524.21525096505 4460.57617311556 3630.80964573975 4016.07012748669 2154.21126791446 525.937851286705 418.706485275595 262.420230398544 232.688764494253 222.082195502591 216.506886196155 188.034930717549 168.153864026147 149.763092735375 132 115.607469016668 103.633559922214 92.7421707225181 74.1081146169892 109.760889726953 178.153741719015 416.07952289893
-9999 -9999 -9999 -9999 -9999 -9999 -9999 -9999 -9999 -9999 -9999 -9999 -9999 -9999 -9999 -9999 0 0 0 0 0 0 0 0 0 0 0 0 0 0 0 0 0 0 0 0 0 715.168913503781 1451.09595042881 2249.15770118999 3644.07608399602 2323.34041018775 4853.26944311237 4582.1484007899 3945.74408199216 3822.22426120499 3528.61165900094 4322.77009386364 513.424378930762 284.82480973113 251.515191181988 229.983804018786 210 196.111031056599 184.182373217796 164.779721360397 146.997604141234 131.98945169024 115.063909420221 106 97.7440596355681 81.5848703296228 105.456686052686 268.310523443511 166.053712262079
-9999 -9999 -9999 -9999 -9999 -9999 -9999 -9999 -9999 -9999 -9999 -9999 -9999 -9999 -9999 -9999 0 0 0 0 0 0 0 0 0 0 0 0 0 0 0 0 0 0 0 0 0 716.815329770343 1448.91304161147 2029.98229260472 2744.25809941722 2303 5074.15926697228 4422.53700118095 4279.04202986061 3416.5702062463 3082.66378256044 1394.03226136269 363.813341173608 436.575199151425 240.983958910745 223 204.96453597522 191 176.777476084752 155.303082937955 142.223571349574 124.119554413579 114.332561357998 104.855733496248 93.9041903725441 80 72.2487732744993 206.447378805193 223.746354609773
-9999 -9999 -9999 -9999 -9999 -9999 -9999 -9999 -9999 -9999 -9999 -9999 -9999 -9999 -9999 -9999 0 0 0 0 0 0 0 0 0 0 0 0 0 0 0 0 0 0 0 0 0 939.295745130138 886.830254811532 2405.33204187968 3070.96613035871 2937.71241305972 4265.54321970334 3722.41132063092 4448.79140690479 4004.38165470738 4264.89636808304 1799.76068181067 851.26333769488 427.397266322283 245.874165362777 212.712528535747 197.785454667485 181.306200226626 169 153 144.212153916329 127.813568679311 115 100.809697882191 95.660975405669 76.9262206016086 71.2016914167165 111.192322804845 100.581256642722
-9999 -9999 -9999 -9999 -9999 -9999 -9999 -9999 -9999 -9999 -9999 -9999 -9999 -9999 -9999 -9999 0 0 0 0 0 0 0 0 0 0 0 0 0 0 0 0 0 0 0 0 0 1903.3822085743 1321.85860398366 2486.45453789556 3344.22594555654 4152.42295304023 3596.49113778286 3875.60387571396 3882.82294547666 5027.79472071939 3402.65823812273 779.340078979678 1374.25107988688 392.966740286031 269.859079078322 232.540397204262 201.982250421665 173.503106277556 155.839783717126 147.572647699233 132 121.890122587768 107.912913261028 95.3763417125627 88.1477111219552 76.5221664902995 68.4364573362371 119.361356582314 170.00509437505
