layers/maxent.asc
NCOLS 255 
NROWS 330 
XLLCORNER -2985163.8955 
YLLCORNER -3022031.214 
CELLSIZE 25000 
NODATA_value -9999 
[rows 250 to 274 of 330, columns 55 to 109 of 255]
-9999 -9999 -9999 -9999 -9999 -9999 -9999 -9999 -9999 -9999 -9999 -9999 -9999 -9999 -9999 -9999 -9999 -9999 0.0891003534197807 0.090121366083622 0.0988233238458633 0.0582009628415108 0.0287343449890614 0.00301906955428421 0.00116706441622227 0.00195787544362247 0.000564821355510503 0.000615408062003553 0.000385892315534875 0.000148420702316798 8.94921904546209e-05 2.58138425124343e-05 2.00734739337349e-05 1.93635751202237e-05 1.89507536560996e-05 1.04174714579131e-05 1.46886313814321e-05 1.89993661479093e-05 1.85524440894369e-05 2.85351252387045e-05 3.1321029382525e-05 3.89671986340545e-05 5.6587658036733e-05 8.31983197713271e-05 0.000124408994452097 0.000205436226679012 0.00034867343492806 0.00047425803495571 -9999 -9999 0.00180654029827565 0.00305167073383927 0.00437973905354738 0.00729512376710773 0.0144108282402158
-9999 -9999 -9999 -9999 -9999 -9999 -9999 -9999 -9999 -9999 -9999 -9999 -9999 -9999 -9999 -9999 -9999 -9999 0.026035163551569 0.108794137835503 0.0988549962639809 0.0603990033268929 0.0174433384090662 0.00634206691756845 0.00193831394426525 0.0018993450794369 0.00118977937381715 0.000744645250961185 0.000403948390157893 0.000150748397572897 8.68334609549493e-05 3.48192916135304e-05 2.02571172849275e-05 2.47159623540938e-05 2.28720818995498e-05 1.21083930935129e-05 1.59373630594928e-05 1.57198828674154e-05 1.85968947334914e-05 2.03654835786438e-05 2.31440826610196e-05 2.80447602563072e-05 3.08162889268715e-05 5.67610768484883e-05 0.000113857779069804 0.000194029053091072 0.000379898701794446 0.000729691877495497 -9999 -9999 -9999 -9999 -9999 -9999 -9999
-9999 -9999 -9999 -9999 -9999 -9999 -9999 -9999 -9999 -9999 -9999 -9999 -9999 -9999 -9999 -9999 -9999 -9999 0.0279261488467455 0.0989723056554794 0.0952043384313583 0.155573889613152 0.0181750282645226 0.00452720420435071 0.00149436097126454 0.00163014838472009 0.0010134648764506 0.000822910224087536 0.000416769849834964 0.000165542296599597 9.10951130208559e-05 4.01039724238217e-05 2.55912382272072e-05 2.94688215944916e-05 2.47261868935311e-05 1.67733069247333e-05 1.57847807713551e-05 1.79568942257902e-05 1.60640174726723e-05 1.68222395586781e-05 2.61054483416956e-05 1.82813691935735e-05 2.24061350309057e-05 4.78732508781832e-05 0.000103707447124179 0.00018831665511243 0.000333242525812238 0.000697623705491424 -9999 -9999 -9999 -9999 -9999 -9999 -9999
-9999 -9999 -9999 -9999 -9999 -9999 -9999 -9999 -9999 -9999 -9999 -9999 -9999 -9999 -9999 -9999 -9999 -9999 0.0311450082808733 0.0792645961046219 0.135143861174583 0.0728613063693047 0.0121888322755694 0.00892927497625351 0.00251822895370424 0.00277406582608819 0.000833916768897325 0.000508335942868143 0.000398649484850466 0.000185551252798177 6.19773200014606e-05 3.57198878191411e-05 4.17751871282235e-05 3.46355809597299e-05 2.68646308541065e-05 1.8418075342197e-05 1.76471367012709e-05 1.74051838257583e-05 1.93990945263067e-05 1.8304026525584e-05 2.33340415434213e-05 2.12982922676019e-05 2.59842454397585e-05 5.16775689902715e-05 0.000102149235317484 0.000175509136170149 0.000295721169095486 0.00156312144827098 -9999 -9999 -9999 -9999 -9999 -9999 -9999
-9999 -9999 -9999 -9999 -9999 -9999 -9999 -9999 -9999 -9999 -9999 -9999 -9999 -9999 -9999 -9999 -9999 -9999 0.0491869524121284 0.157500401139259 0.327358365058899 0.194822832942009 0.0227151103317738 0.0154666136950254 0.00459472788497806 0.00362500152550638 0.00173200399149209 0.000481748924357817 0.00036842524423264 0.000235791972954758 8.8371496531181e-05 5.99345330556389e-05 3.30994589603506e-05 3.79798584617674e-05 1.96007949853083e-05 1.81409104698105e-05 2.11393089557532e-05 1.25871583804837e-05 2.06226704904111e-05 2.08834098884836e-05 2.47920033871196e-05 5.12134283781052e-05 4.74444532301277e-05 6.81180172250606e-05 9.51007168623619e-05 0.00014703648048453 0.00024296467017848 0.00103964260779321 -9999 -9999 -9999 -9999 -9999 -9999 -9999
-9999 -9999 -9999 -9999 -9999 -9999 -9999 -9999 -9999 -9999 -9999 -9999 -9999 -9999 -9999 -9999 -9999 -9999 -9999 0.159589007496834 0.0839885249733925 -9999 0.0271481610834599 0.00514244474470615 0.0150743126869202 0.00254698842763901 0.00245778542011976 0.00118092307820916 0.000645201944280416 0.000268870207946748 0.000142119388328865 8.96829369594343e-05 4.17806404584553e-05 3.5887846024707e-05 2.19217690755613e-05 2.35962088481756e-05 2.30000605370151e-05 1.29515083244769e-05 1.96077635337133e-05 1.99882761080517e-05 3.26037807099055e-05 4.92274011776317e-05 6.15273238508962e-05 6.69772780383937e-05 8.14888189779595e-05 0.000144648627610877 0.000227128082769923 0.00119266752153635 0.00263603031635284 -9999 -9999 0.0256499350070953 -9999 -9999 -9999
-9999 -9999 -9999 -9999 -9999 -9999 -9999 -9999 -9999 -9999 -9999 -9999 -9999 -9999 -9999 -9999 -9999 -9999 0.0185440704226494 0.130203142762184 -9999 -9999 0.0962661132216454 0.00961467158049345 0.00413813255727291 0.00515614449977875 0.00353639665991068 0.00143564329482615 0.000666747509967536 0.000365993735613301 0.00014989408373367 8.56402475619689e-05 5.45438451808877e-05 4.5602453610627e-05 3.01910913549364e-05 2.27944565267535e-05 1.57645354192937e-05 2.19749181269435e-05 1.78745267476188e-05 2.78776024060789e-05 3.79173106921371e-05 7.22272961866111e-05 4.72930332762189e-05 6.3847481214907e-05 8.51959994179197e-05 0.000140173186082393 0.000211988692171872 0.000626795401331037 0.00141743279527873 0.0046401615254581 0.0142930280417204 0.0170381329953671 -9999 -9999 -9999
-9999 -9999 -9999 -9999 -9999 -9999 -9999 -9999 -9999 -9999 -9999 -9999 -9999 -9999 -9999 -9999 -9999 -9999 0.0268319491297007 0.0734007433056831 0.208979889750481 -9999 0.109630197286606 0.0180108919739723 0.00346484640613198 0.00572342984378338 0.00239585968665779 0.00232948665507138 0.000971365137957036 0.000456818117527291 0.00019419752061367 6.89689768478274e-05 6.02251457166858e-05 4.65845987491775e-05 5.49421311006881e-05 2.90646003122674e-05 3.20132639899384e-05 3.71358037227765e-05 4.51019586762413e-05 2.85953719867393e-05 4.86352000734769e-05 5.5771968618501e-05 0.000103223421319854 6.65153274894692e-05 0.000101732453913428 0.000170498489751481 0.000279517873423174 0.000547820702195168 0.00114514771848917 0.00575201539322734 0.00560065964236856 0.00842553935945034 -9999 -9999 -9999
-9999 -9999 -9999 -9999 -9999 -9999 -9999 -9999 -9999 -9999 -9999 -9999 -9999 -9999 -9999 -9999 -9999 -9999 0.0163825321942568 0.168921157717705 0.230266600847244 -9999 0.0346412323415279 0.00959258805960417 0.00415216339752078 0.00310622551478446 0.00518085760995746 0.00134414283093065 0.000950439949519932 0.000452320877229795 0.000251582328928635 0.000110807159217075 8.07916876510717e-05 5.17845655849669e-05 6.54286122880876e-05 4.46479789388832e-05 3.91643152397592e-05 4.92117105750367e-05 4.73173276986927e-05 4.7540117520839e-05 6.57106138532981e-05 9.05462802620605e-05 0.000126784681924619 0.000122138866572641 0.000125385660794564 0.000184920951141976 0.000303103093756363 0.000913652707822621 0.00186413375195116 -9999 0.012120433151722 0.00577908288687468 -9999 -9999 -9999
-9999 -9999 -9999 -9999 -9999 -9999 -9999 -9999 -9999 -9999 -9999 -9999 -9999 -9999 -9999 -9999 -9999 -9999 0.0355110019445419 0.207316786050797 -9999 -9999 0.0249418150633574 0.00796907115727663 0.00480156904086471 0.00668539525941014 0.00307169673033059 0.00121091422624886 0.00111368054058403 0.000492233317345381 0.000222143760765903 0.000104763807030395 6.57839700579643e-05 9.08039510250092e-05 5.49222313566133e-05 5.28911768924445e-05 6.73436588840559e-05 4.34836292697582e-05 6.09320522926282e-05 7.68401732784696e-05 9.16804347070865e-05 0.000181256065843627 0.000180964503670111 0.000176632922375575 0.000139876283355989 0.000187829384231009 0.00044892291771248 0.00176863837987185 0.00387834059074521 0.00898977462202311 -9999 -9999 -9999 -9999 -9999
-9999 -9999 -9999 -9999 -9999 -9999 -9999 -9999 -9999 -9999 -9999 -9999 -9999 -9999 -9999 -9999 -9999 -9999 0.0332808904349804 0.162838354706764 -9999 -9999 0.0347159579396248 0.00842964649200439 0.00272824009880424 0.00271539227105677 0.00560321845114231 0.00326518551446497 0.0014524832367897 0.000573078752495348 0.000320354098221287 0.000132247019791976 6.32521623629145e-05 4.1409301047679e-05 8.48399795359001e-05 6.65627594571561e-05 8.57713093864731e-05 6.7677661718335e-05 9.35100251808763e-05 8.9415603724774e-05 0.000138453207910061 0.000166508485563099 0.000131820284877904 0.000113908579805866 0.000139897500048392 0.000198359673959203 0.00046403452870436 0.00363961071707308 0.00402983138337731 -9999 -9999 -9999 -9999 -9999 -9999
-9999 -9999 -9999 -9999 -9999 -9999 -9999 -9999 -9999 -9999 -9999 -9999 -9999 -9999 -9999 -9999 -9999 0.0489843636751175 0.0273815114051104 0.0989279896020889 0.494522422552109 -9999 0.00728617981076241 0.0116329006850719 0.00323682301677763 0.00479206955060363 0.00740107614547014 0.00287629035301507 0.00155131425708532 0.000446363439550623 0.000326134235365316 9.77438103291206e-05 8.60721702338196e-05 3.65734958904795e-05 7.43458076613024e-05 5.25191389897373e-05 7.20239477232099e-05 8.86389243532903e-05 0.000115949260361958 0.000121682620374486 0.000103689671959728 0.00010993545583915 0.000120708587928675 0.000124238620628603 0.000140868723974563 0.000323639571433887 0.000482296774862334 0.000980573822744191 -9999 -9999 -9999 -9999 -9999 -9999 -9999
-9999 -9999 -9999 -9999 -9999 -9999 -9999 -9999 -9999 -9999 -9999 -9999 -9999 -9999 -9999 -9999 -9999 0.031277921050787 0.0431331917643547 0.0933578163385391 -9999 -9999 0.00918813236057758 0.00307281850837171 0.0075416243635118 0.00273766135796905 0.0097273038700223 0.00350629142485559 0.00153050338849425 0.000656639400403947 0.000316347286570817 0.000108847903902642 9.49688110267743e-05 4.85070268041454e-05 5.53934878553264e-05 9.03188411029987e-05 7.24547062418424e-05 8.33450903883204e-05 0.00011260559404036 8.1266654888168e-05 0.000129432475659996 0.000113588605017867 0.000109693020931445 0.000155878762598149 0.000217561013414524 0.000287097675027326 0.000494043400976807 0.000950895191635936 -9999 -9999 -9999 -9999 -9999 -9999 -9999
-9999 -9999 -9999 -9999 -9999 -9999 -9999 -9999 -9999 -9999 -9999 -9999 -9999 -9999 -9999 -9999 -9999 -9999 -9999 -9999 -9999 -9999 0.0149586461484432 0.00202808436006308 0.00435159308835864 0.00977396592497826 0.00413602543994784 0.00526954187080264 0.00272805127315223 0.000667434534989297 0.000330012815538794 0.000188868827535771 8.70553994900547e-05 7.83151408541016e-05 6.13224401604384e-05 8.09748817118816e-05 9.68902531894855e-05 8.50414362503216e-05 0.000110533379483968 9.95962182059884e-05 0.000133101755636744 0.00014299139729701 0.000142487013363279 0.000203664269065484 0.00025047711096704 0.000345242471667007 0.000582992739509791 0.00142815383151174 -9999 -9999 -9999 -9999 -9999 -9999 -9999
-9999 -9999 -9999 -9999 -9999 -9999 -9999 -9999 -9999 -9999 -9999 -9999 -9999 -9999 -9999 -9999 0.0700568333268166 -9999 -9999 -9999 -9999 -9999 0.0133672822266817 0.00251275906339288 0.00643879314884543 0.00314020528458059 0.0055613424628973 0.00580223742872477 0.00312904361635447 0.000795728759840131 0.000413284113164991 0.000150967229274102 7.26918660802767e-05 6.33086310699582e-05 6.44967512926087e-05 8.68130737217143e-05 9.00173763511702e-05 8.2037782703992e-05 8.5876919911243e-05 9.04156040633097e-05 0.000119647091196384 0.000171382213011384 0.000176040965016 0.000245711300522089 0.000312417978420854 0.000466776837129146 0.000740954652428627 0.00654771132394671 -9999 -9999 -9999 -9999 -9999 -9999 -9999
-9999 -9999 -9999 -9999 -9999 -9999 -9999 -9999 -9999 -9999 -9999 -9999 -9999 -9999 -9999 -9999 -9999 -9999 0.0893608182668686 -9999 -9999 0.0341505333781242 0.000969753367826343 0.00452185561880469 0.00876280851662159 0.00553569570183754 0.0100176362320781 0.0083616329357028 0.00430017989128828 0.00134646357037127 0.000527084397617728 0.000238656110013835 0.000103097976534627 7.68462923588231e-05 7.09463492967188e-05 9.09848531591706e-05 0.000100470067991409 5.74420373595785e-05 9.07009962247685e-05 9.39347519306466e-05 0.000162418480613269 0.000179404363734648 0.000273942569037899 0.000292232754873112 0.000446203484898433 0.000724190496839583 0.00113809073809534 0.00379790528677404 -9999 -9999 -9999 -9999 -9999 -9999 -9999
-9999 -9999 -9999 -9999 -9999 -9999 -9999 -9999 -9999 -9999 -9999 -9999 -9999 -9999 -9999 -9999 -9999 0.0211389996111393 0.081468753516674 0.0755734592676163 0.0942093208432198 0.0645963177084923 0.00955794099718332 0.00444619683548808 0.00235892366617918 0.00681025628000498 0.00677464297041297 0.00814453139901161 0.00396169535815716 0.00128830131143332 0.000727437960449606 0.000327322399243712 0.000167490361491218 0.000106181731098332 6.75066039548256e-05 0.000124959347886033 7.71111735957675e-05 6.83544931234792e-05 9.38087978283875e-05 0.000124619517009705 0.000190254664630629 0.000213010120205581 0.000353040610207245 0.000466540601337329 0.000715417554602027 0.00133853987790644 0.00666975462809205 -9999 -9999 -9999 -9999 -9999 -9999 -9999 -9999
-9999 -9999 -9999 -9999 -9999 -9999 -9999 -9999 -9999 -9999 -9999 -9999 -9999 -9999 -9999 -9999 -9999 0.0143692372366786 -9999 -9999 -9999 0.0106565859168768 0.00476618576794863 0.0116131491959095 0.00412968872115016 0.00571883143857121 0.0145880468189716 0.00897543411701918 0.00398663524538279 0.00142053375020623 0.000759941118303686 0.000428270868724212 0.000229626122745685 9.53265698626637e-05 7.49254832044244e-05 0.000107253334135748 0.000100583987659775 7.89506811997853e-05 0.000126214974443428 0.000164167839102447 0.000198392299353145 0.000337272475007921 0.000421789241954684 0.000769837526604533 0.0018244826933369 0.00414506485685706 -9999 -9999 -9999 -9999 -9999 -9999 -9999 -9999 -9999
-9999 -9999 -9999 -9999 -9999 -9999 -9999 -9999 -9999 -9999 -9999 -9999 -9999 -9999 -9999 -9999 -9999 -9999 0.00853895489126444 0.0216083806008101 0.0222101379185915 0.00762219214811921 0.0157660096883774 0.0171758830547333 0.00459350133314729 0.00484496215358377 0.00797476433217525 0.00513951806351542 0.00282064382918179 0.00132701999973506 0.000800185720436275 0.000417077564634383 0.000259909313172102 6.65672778268345e-05 7.03770128893666e-05 0.000116437237011269 0.000103386388218496 9.53782437136397e-05 0.000152994209202006 0.000141134412842803 0.000274821592029184 0.000381634279619902 0.000683054269757122 0.00396815408021212 0.00892782676964998 0.0226841680705547 -9999 -9999 -9999 -9999 -9999 -9999 -9999 -9999 -9999
-9999 -9999 -9999 -9999 -9999 -9999 -9999 -9999 -9999 -9999 -9999 -9999 -9999 -9999 -9999 -9999 -9999 -9999 0.0154943354427814 0.0125956209376454 -9999 0.0103987790644169 0.00414435612037778 0.00557239400222898 0.0124427061527967 0.0101297441869974 0.00962832011282444 0.00501473993062973 0.003358812071383 0.00152196350973099 0.000776375643908978 0.000372502050595358 0.000246899056946859 9.28640220081434e-05 7.72253988543525e-05 0.000107393148937263 9.28393710637465e-05 0.000117175753985066 0.000138748102472164 0.000168801750987768 0.000426976301241666 0.000470507657155395 -9999 -9999 -9999 -9999 -9999 -9999 -9999 -9999 -9999 -9999 -9999 -9999 -9999
-9999 -9999 -9999 -9999 -9999 -9999 -9999 -9999 -9999 -9999 -9999 -9999 -9999 -9999 -9999 -9999 -9999 -9999 0.0247732866555452 0.0125391837209463 0.0319227129220963 0.0142540726810694 0.00850451830774546 0.00905195157974958 0.00739514920860529 0.0158143602311611 0.0140071706846356 0.0102787967771292 0.00342216249555349 0.00124475255142897 0.000646875996608287 0.000306457804981619 0.000187535231816582 0.000110216235043481 8.91038289410062e-05 8.90813244041055e-05 9.76559676928446e-05 0.000160929470439442 0.000163311400683597 0.000240945664700121 0.0003461099404376 0.00130619166884571 -9999 -9999 -9999 -9999 -9999 -9999 -9999 -9999 -9999 -9999 -9999 -9999 -9999
-9999 -9999 -9999 -9999 -9999 -9999 -9999 -9999 -9999 -9999 -9999 -9999 -9999 -9999 -9999 -9999 -9999 -9999 -9999 0.0252686161547899 0.0582761205732822 0.0272189769893885 0.0403592959046364 0.0510210394859314 0.0356514565646648 0.0191443152725697 0.00879625324159861 0.00648964196443558 0.00256725121289492 0.00105042650830001 0.000577677972614765 0.000289417919702828 0.000161718868184835 0.000133354405988939 6.01740648562554e-05 9.13676776690409e-05 0.00010215217480436 0.000149072642670944 0.000190020014997572 0.000210756013984792 0.000695233116857708 -9999 -9999 -9999 -9999 -9999 -9999 -9999 -9999 -9999 -9999 -9999 -9999 -9999 -9999
-9999 -9999 -9999 -9999 -9999 -9999 -9999 -9999 -9999 -9999 -9999 -9999 -9999 -9999 -9999 -9999 -9999 0.108495518565178 0.0232011321932077 0.0364163666963577 0.0534523986279964 0.0259639117866755 0.0191599037498236 0.00871380418539047 0.0132393157109618 0.02549416013062 0.0110437711700797 0.00295132747851312 0.00133190548513085 0.000876274425536394 0.000420816533733159 0.000230271689360961 0.000137040377012454 0.00012921572488267 7.29127568774857e-05 7.23273842595518e-05 8.58441198943183e-05 0.00010893885337282 0.00014861197269056 0.000265456299530342 0.000968844629824162 -9999 -9999 -9999 -9999 -9999 -9999 -9999 -9999 -9999 -9999 -9999 -9999 -9999 -9999
-9999 -9999 -9999 -9999 -9999 -9999 -9999 -9999 -9999 -9999 -9999 -9999 -9999 -9999 -9999 -9999 0.0722751915454865 0.0249901339411736 0.0284561738371849 0.114410378038883 0.0660810172557831 0.0351678393781185 0.0112880878150463 0.00575663009658456 0.00615089014172554 0.00553751271218061 0.00414966372773051 0.0041063716635108 0.00123270729091018 0.000434549030615017 0.000253284757491201 0.000150794541696087 0.000102022830105852 7.89944897405803e-05 7.85786687629297e-05 6.55989424558356e-05 6.4216714235954e-05 7.86469827289693e-05 0.000198782654479146 0.000476653571240604 -9999 -9999 -9999 -9999 -9999 -9999 -9999 -9999 -9999 -9999 -9999 -9999 -9999 -9999 -9999
-9999 -9999 -9999 -9999 -9999 -9999 -9999 -9999 -9999 -9999 -9999 -9999 -9999 -9999 -9999 -9999 0.0308258440345526 0.025602575391531 0.0191517993807793 0.0528202168643475 0.0531133115291595 0.0353002324700356 0.00615577632561326 0.00800439901649952 0.00863919965922832 0.00866384152323008 0.00170548900496215 0.00119513960089535 0.000507824763190001 0.00025865389034152 0.000142213655635715 0.000102830090327188 8.21740977698937e-05 6.37873963569291e-05 5.72762110095937e-05 6.35158212389797e-05 6.14931341260672e-05 0.000106276958831586 0.000320863240631297 0.000504938536323607 0.000909779220819473 -9999 -9999 -9999 -9999 -9999 -9999 -9999 -9999 -9999 -9999 -9999 -9999 -9999 -9999
