layers/veg_old/veg_1700.asc
NCOLS 255 
NROWS 330 
XLLCORNER -2985163.8955 
YLLCORNER -3022031.214 
CELLSIZE 25000 
NODATA_value -9999 
[rows 200 to 224 of 330, columns 56 to 111 of 255]
-9999 -9999 -9999 -9999 -9999 -9999 -9999 -9999 -9999 -9999 -9999 -9999 -9999 -9999 -9999 -9999 -9999 -9999 -9999 -9999 -9999 0.184529693893191 0.184267256197115 0.147674924845906 0.115519196863354 0.102954485684985 0.0914757907077474 0.0807987986547441 0.105946061077349 0.130156279603659 0.134909629445374 0.152827200527793 0.182447426631221 0.179990261042686 0.174817286172955 0.185080292850157 0.188540489374567 0.184732683225852 0.193777045980503 0.204677891124824 0.205806638192002 0.210117559199974 0.21851899270927 0.22141520018236 0.222102727664732 0.217406020566182 0.214498538722869 0.214370457234971 0.212383598145934 0.209999049125843 0.220354366612808 0.223232625434585 0.211960127817117 0.201872605820333 0.192385403204154 0.188782753483391
-9999 -9999 -9999 -9999 -9999 -9999 -9999 -9999 -9999 -9999 -9999 -9999 -9999 -9999 -9999 -9999 -9999 -9999 -9999 -9999 -9999 0.185055757020824 0.185640136114943 0.149924825467682 0.117780970799188 0.102724956161468 0.0801239744234801 0.0519532579234916 0.102243302652754 0.149209941364985 0.14882005778322 0.160219183962471 0.182098437431434 0.179585167760047 0.17491973067403 0.181553412146627 0.184193409056696 0.182566623648262 0.189112848562605 0.198045920423154 0.209650634684242 0.218750413489644 0.224630233239655 0.22755383249479 0.228936041994227 0.222954448753564 0.214832159692553 0.203384492395073 0.199793529939953 0.200046484070378 0.22240725932962 0.234665661558588 0.227804751420061 0.206544016401256 0.177988199692964 0.178662660280582
-9999 -9999 -9999 -9999 -9999 -9999 -9999 -9999 -9999 -9999 -9999 -9999 -9999 -9999 -9999 -9999 -9999 -9999 -9999 -9999 0.191698367372069 0.186744401397891 0.178769880195735 0.147713898599108 0.117657086877626 0.0947943307153503 0.0701722908849439 0.0442515385124692 0.0941239235335027 0.141473309797479 0.145641182034236 0.159278794730113 0.18133476379552 0.184605953079441 0.184432251823498 0.183943189258522 0.186420830545428 0.192068046029108 0.190488589798479 0.188608078910673 0.197694411039901 0.208324564376172 0.220939216380558 0.222394423579987 0.219931918606786 0.21359605366562 0.206020417884445 0.196518909716174 0.196071640373969 0.199390267940671 0.204871563990448 0.206956829547894 0.202614915313246 0.196212394309293 0.188765951255109 0.181666512686945
-9999 -9999 -9999 -9999 -9999 -9999 -9999 -9999 -9999 -9999 -9999 -9999 -9999 -9999 -9999 -9999 -9999 -9999 -9999 0.189250647936426 0.190613566839492 0.183240548566045 0.17054101395249 0.144336935197536 0.116712590274151 0.0875096511417022 0.0641272900749846 0.0450417106319397 0.0878274686418418 0.129092697483935 0.137119357980376 0.154575395804218 0.180413908208806 0.187364259559887 0.189466947646082 0.184272024933015 0.187540422375464 0.199850882161599 0.190698453124423 0.178641547486674 0.18434634415157 0.195330275064575 0.213100247545331 0.213561098472217 0.208404610573165 0.203021216680235 0.197520363197116 0.191837046815169 0.19425108650649 0.199472980475806 0.186961627829936 0.17826182804632 0.176775607642543 0.184845675806225 0.197757046300144 0.185109415943241
-9999 -9999 -9999 -9999 -9999 -9999 -9999 -9999 -9999 -9999 -9999 -9999 -9999 -9999 -9999 -9999 -9999 -9999 -9999 0.188637411990965 0.187977764838254 0.178761065143517 0.164326919481927 0.139099749909678 0.113791449295609 0.0902641387905728 0.0763107374834646 0.0694248467644477 0.0945267217371258 0.117295245788389 0.117106171233882 0.13849879924752 0.179077007274062 0.174042586342663 0.163853331482451 0.169090575166394 0.177316837251576 0.188736514005443 0.179749279516098 0.168525274835517 0.178055081604653 0.186415131194541 0.193271521193768 0.19642499304421 0.198329181017763 0.199586069753517 0.198672802845323 0.194388394516874 0.194051814543944 0.195005084574021 0.184534603915675 0.179316896760152 0.184040360564679 0.18160756216632 0.175549336528708 0.179117544480697
-9999 -9999 -9999 -9999 -9999 -9999 -9999 -9999 -9999 -9999 -9999 -9999 -9999 -9999 -9999 -9999 -9999 -9999 -9999 -9999 0.185976462675628 0.17552979605232 0.158713539155592 0.130446289386333 0.104455648223529 0.0871752528453612 0.0784885046279954 0.0761456323596972 0.0939175109477138 0.109437738184505 0.107594907227144 0.128588517185286 0.169883137363122 0.158614129066247 0.143502752660318 0.156752012640362 0.16749280410534 0.175553591944836 0.171278560639863 0.165462837411422 0.170803442055673 0.173338125107995 0.172265947704834 0.177679259600339 0.185288778854952 0.194134519846574 0.199022066408752 0.197760914269189 0.195371107003708 0.192400382254623 0.185245208939746 0.181815041607499 0.185434658790162 0.179771697318145 0.169406097436426 0.174976417575273
-9999 -9999 -9999 -9999 -9999 -9999 -9999 -9999 -9999 -9999 -9999 -9999 -9999 -9999 -9999 -9999 -9999 -9999 -9999 -9999 -9999 0.173623115893546 0.153737628923152 0.118167521691413 0.0883126926813558 0.0778854542872641 0.0700483730620863 0.0641233596075202 0.0855526526451382 0.105761248381158 0.109228148039071 0.125221848449857 0.152351553417795 0.140949979747395 0.128737241112683 0.147430285348864 0.158092770359082 0.160175547188406 0.165437945925418 0.16988583885658 0.162532662831755 0.155844604572056 0.150011519228268 0.157225409688314 0.169101986042609 0.186543189131263 0.198519009881006 0.202004851199267 0.198301880421889 0.191772876908729 0.189285425282519 0.185844560215841 0.180599306286363 0.179423880782994 0.180310267216747 0.172799276898473
-9999 -9999 -9999 -9999 -9999 -9999 -9999 -9999 -9999 -9999 -9999 -9999 -9999 -9999 -9999 -9999 -9999 -9999 -9999 -9999 -9999 0.136316916782979 0.136729891403992 0.107176600750622 0.0812403861177482 0.0713411739223246 0.0649244075714422 0.0610784012277757 0.0755085857104803 0.0886279177177827 0.0887136694461765 0.106955477581045 0.141337554158835 0.1384515170886 0.131441587411463 0.137479388272062 0.140059491089598 0.138945450155447 0.143530940188222 0.148735821113505 0.148105050262413 0.144978961998824 0.138645278154194 0.146686627407647 0.159427640345344 0.17279163857761 0.185586329773094 0.197496653739946 0.20011102860044 0.198800784431975 0.19322672530592 0.187666983372671 0.182134337536613 0.179106767731233 0.17734829212902 0.171743187768916
-9999 -9999 -9999 -9999 -9999 -9999 -9999 -9999 -9999 -9999 -9999 -9999 -9999 -9999 -9999 -9999 -9999 -9999 -9999 -9999 -9999 0.10877876438789 0.117579667095915 0.0967837141364347 0.0773272957406177 0.0672640209024502 0.0624534758966765 0.061520523934595 0.0665120390074191 0.070086973986347 0.0657368068114521 0.086091017542293 0.128406786564602 0.13595799495195 0.135853694515358 0.128708276629456 0.122834832776893 0.118320343601414 0.12005562965033 0.124056032885819 0.13334016499039 0.136483764695389 0.1317340420954 0.139711222423311 0.151469986816167 0.159007087533363 0.170991859320019 0.189885687702567 0.199701366511145 0.205388110466725 0.196506858958581 0.189178810540654 0.184790286822816 0.178876807821516 0.172190772663586 0.171379838159907
-9999 -9999 -9999 -9999 -9999 -9999 -9999 -9999 -9999 -9999 -9999 -9999 -9999 -9999 -9999 -9999 -9999 -9999 -9999 -9999 -9999 0.101182865997426 0.0977564637380967 0.0884386348373439 0.0802039184240164 0.0761959766569921 0.0733256811805123 0.0712952022343235 0.0680932699703026 0.0652478612386857 0.0642546407399197 0.072860761413912 0.0900004501676039 0.106557350468676 0.12161063205967 0.129608397824599 0.126810278198391 0.11247802457179 0.113753186885924 0.119217662204329 0.12706810667673 0.133399435819423 0.137778024363162 0.14095553541026 0.144388550397621 0.155927359196785 0.166431503767355 0.175328390606526 0.185197935744912 0.19518081656419 0.195169255695066 0.192359875797458 0.184255465138957 0.179224162907611 0.1757497252356 0.174047234117204
-9999 -9999 -9999 -9999 -9999 -9999 -9999 -9999 -9999 -9999 -9999 -9999 -9999 -9999 -9999 -9999 -9999 -9999 -9999 -9999 -9999 0.083074462101965 0.0840887952366792 0.0817014221119134 0.0796523299150053 0.0792149428382394 0.0774112733339272 0.0745990068893915 0.0667401249830532 0.0601647439013955 0.0606268098231167 0.0613830328570243 0.0624007540185422 0.0799244685648053 0.100370012013962 0.120562185367507 0.125624449004735 0.114522183308861 0.112340634875363 0.113377962058147 0.121851941392702 0.130669252609717 0.139927898393426 0.142455695886991 0.143562584063071 0.154190001929799 0.161820177426335 0.164794406733541 0.172709448705355 0.182547812841525 0.188941668215274 0.190636593051381 0.183438526065358 0.179590894529204 0.177440623933572 0.174582784725531
-9999 -9999 -9999 -9999 -9999 -9999 -9999 -9999 -9999 -9999 -9999 -9999 -9999 -9999 -9999 -9999 -9999 -9999 -9999 -9999 -9999 0.0815059925991384 0.0799955216939339 0.0770169153350193 0.0747240663616974 0.0746850059764294 0.0728326383857642 0.0696416777910645 0.0616407668045146 0.0547701146011064 0.0542596850721091 0.052142693788736 0.0485975103139953 0.0568250905000903 0.0701958595933893 0.0988178432344012 0.11784940446317 0.126634727128309 0.117170832109386 0.106259900272827 0.117983797106467 0.128391194550003 0.13710630322699 0.144282487735253 0.150722753433225 0.154166401963842 0.157143778496476 0.159396843457315 0.162793368506931 0.16681799184635 0.176471212170742 0.182652104006148 0.182261417775237 0.179982363483067 0.176746644829959 0.172396684358039
-9999 -9999 -9999 -9999 -9999 -9999 -9999 -9999 -9999 -9999 -9999 -9999 -9999 -9999 -9999 -9999 -9999 -9999 -9999 -9999 -9999 0.0752922507153544 0.0755122692354432 0.0720210377503702 0.0687856528420603 0.066981794688059 0.0664763848336341 0.0669294964061025 0.0586484066978296 0.0510852818116904 0.0500923502293934 0.0471751575792172 0.042547346196949 0.047066451896999 0.0556133437754601 0.0761699438425773 0.0924713916621206 0.10422670968893 0.107151329871313 0.109019123605008 0.11921279338011 0.128007639167323 0.135004372369845 0.14205182699174 0.148766699937235 0.151089236917006 0.153002715077624 0.154280757189031 0.156013561659317 0.158126511202124 0.167055369369839 0.17485399376376 0.180513586812797 0.181219381361542 0.179415536728327 0.16975053971905
-9999 -9999 -9999 -9999 -9999 -9999 -9999 -9999 -9999 -9999 -9999 -9999 -9999 -9999 -9999 -9999 -9999 -9999 -9999 -9999 -9999 0.0789460538067704 0.0728228950415856 0.067955587334901 0.0632810224809739 0.0589283901379768 0.0600380937716762 0.0651801228173787 0.0565904234409378 0.0482076593277443 0.0467148208036316 0.0436047378109327 0.0390569659679444 0.041775253967637 0.046463174701126 0.0544870161570992 0.0631695656024727 0.0725558670738829 0.0921443753872311 0.112627353957894 0.121086233638662 0.127933899944706 0.13271043859581 0.138319558940621 0.14401008466079 0.147335403047633 0.149359262164629 0.149361421472401 0.150358021739329 0.151911837017584 0.158746031946661 0.167191289360345 0.178685573650631 0.182632362070108 0.182755520731141 0.16757692690047
-9999 -9999 -9999 -9999 -9999 -9999 -9999 -9999 -9999 -9999 -9999 -9999 -9999 -9999 -9999 -9999 -9999 -9999 -9999 -9999 -9999 0.0839139142439933 0.0857876429407894 0.0765427859636341 0.0670804383475753 0.0590662199945448 0.0595901376601961 0.0664169526551491 0.0577133205700564 0.0485127861175477 0.0443773519785506 0.0403722406408418 0.0364829829307012 0.0388323602609153 0.0426506493894213 0.0482122224689042 0.0549748177395745 0.0630205639875579 0.0743429287874466 0.0877790950641991 0.110808641168315 0.124207120493064 0.125225384344035 0.132118321635884 0.140746217834405 0.147291992847766 0.149719702639872 0.145750368847844 0.146163568145713 0.148408165623106 0.152001112652583 0.16045784140669 0.178119552178571 0.18287777015081 0.181098961816431 0.173017671193349
-9999 -9999 -9999 -9999 -9999 -9999 -9999 -9999 -9999 -9999 -9999 -9999 -9999 -9999 -9999 -9999 -9999 -9999 -9999 -9999 -9999 0.0965067925199027 0.0955435773418174 0.0818353660734131 0.0684365839875907 0.0583107340527316 0.0586921784587568 0.0668301633197992 0.0583103484958699 0.0491557605605238 0.0450541037570737 0.0416586901110317 0.0388911085168044 0.0403003656549766 0.0427115729495171 0.0463832335180546 0.050867894559336 0.0562211510011121 0.0620728603698807 0.0704467867437933 0.0964912633537522 0.112342926829511 0.11509228027294 0.124321434504836 0.135496141159628 0.144775519593095 0.148977989436507 0.145293938844157 0.144610112909456 0.145209376922373 0.147761997852269 0.155336216472689 0.172414092752682 0.178468142250194 0.178937421267679 0.17637654043503
-9999 -9999 -9999 -9999 -9999 -9999 -9999 -9999 -9999 -9999 -9999 -9999 -9999 -9999 -9999 -9999 -9999 -9999 -9999 -9999 -9999 0.0978434437481909 0.0990318690164532 0.0820461506854109 0.0660240991880283 0.0561773501308662 0.0571001104664557 0.0659729798001849 0.0580962476872326 0.0503198492608718 0.0503801503187685 0.0499154041381579 0.048983904429964 0.048571977312576 0.048747110846404 0.0514116911481301 0.0530662504117221 0.0536417209692948 0.0583346849715545 0.0647074818515992 0.0759427049469182 0.0879271510426362 0.100874682785597 0.114063331892625 0.127182428374287 0.138444461850012 0.146536255557126 0.149703367190899 0.147130274538052 0.142480855565646 0.147387969683827 0.152700753416726 0.158781289840853 0.166878338327446 0.175996970086462 0.176524214449933
-9999 -9999 -9999 -9999 -9999 -9999 -9999 -9999 -9999 -9999 -9999 -9999 -9999 -9999 -9999 -9999 -9999 -9999 -9999 -9999 -9999 0.129531951393539 0.126676445014653 0.109197445367916 0.0910221124826975 0.0735669826933552 0.063814501642699 0.0597481567764967 0.0527947166734295 0.0475811895440689 0.0501459825937772 0.0497375582674525 0.0466860199567925 0.045840805281199 0.046198023303782 0.0506168108931654 0.0541998326441235 0.056889936878445 0.0620785289645882 0.0674634138428561 0.0697359726523339 0.0776192684279559 0.0927148631314978 0.10267885628892 0.111540734978006 0.127424296419777 0.139730749801732 0.146480487849093 0.147546294831708 0.146353797378434 0.147518785346132 0.14967820835854 0.15371965594003 0.161272667207691 0.170604668439564 0.177223044328765
-9999 -9999 -9999 -9999 -9999 -9999 -9999 -9999 -9999 -9999 -9999 -9999 -9999 -9999 -9999 -9999 -9999 -9999 -9999 -9999 -9999 0.152266618223678 0.161357359300573 0.145553823644816 0.125495690434426 0.0978033329890632 0.0732438863509963 0.0509971711003233 0.0450318586086382 0.04279741282539 0.0472300341766142 0.0459700584348443 0.0396495098923886 0.039128501599351 0.040736736723351 0.0478180600380355 0.055031151670821 0.0623850222562276 0.0685681429793407 0.0732867539233233 0.0693529877987555 0.0732316884548549 0.0871528926406355 0.0911983405618824 0.0935340529818722 0.11455931323002 0.130930560892231 0.140072218989014 0.146943049899894 0.152590968535289 0.147919330513872 0.146771035479283 0.152290866333643 0.158246947370448 0.164424036700372 0.178021505228329
-9999 -9999 -9999 -9999 -9999 -9999 -9999 -9999 -9999 -9999 -9999 -9999 -9999 -9999 -9999 -9999 -9999 -9999 -9999 -9999 -9999 0.145308372179279 0.143198252995908 0.124850641036308 0.105545430603911 0.0865075490923969 0.0610104362165673 0.0307450844620871 0.0241531944584339 0.0227662247236331 0.0302530563723953 0.036682341151093 0.0421714938883566 0.0483951417434904 0.0541518189934415 0.0568857731759866 0.0601514052442044 0.0639850726107062 0.0654658205544801 0.0665606666725754 0.069105501928923 0.0753065349529831 0.086207412471528 0.0916467174839764 0.0956357904826876 0.103608624968156 0.114730741590568 0.130744984492279 0.140873197286194 0.148435681969383 0.150463423740053 0.152865944650535 0.155977756281269 0.160233757210292 0.165069414799632 0.174722158937926
-9999 -9999 -9999 -9999 -9999 -9999 -9999 -9999 -9999 -9999 -9999 -9999 -9999 -9999 -9999 -9999 -9999 -9999 -9999 -9999 -9999 0.129563670985321 0.121811123842322 0.104163320397818 0.0871685391926947 0.073906501861487 0.0497201757819133 0.0174694817623186 0.0112967337622658 0.010313066991596 0.0170728496103155 0.0266314003869793 0.038677984267716 0.0484550673610281 0.0563943895223419 0.0571246742433618 0.0600419918131448 0.0652958967981298 0.0649286910238128 0.0641076381350175 0.0701986450693862 0.0768340636571621 0.0841692939823102 0.090122771506963 0.0954139904783066 0.0979957646803771 0.105261272305873 0.119802538142157 0.131546581152254 0.142066289000705 0.149779353733458 0.155708170663735 0.158260197707682 0.161278667684363 0.164533441874884 0.169787694525356
-9999 -9999 -9999 -9999 -9999 -9999 -9999 -9999 -9999 -9999 -9999 -9999 -9999 -9999 -9999 -9999 -9999 -9999 -9999 -9999 0.134379741290488 0.11953252992159 0.0956326076227071 0.0835057965360874 0.0717472269117685 0.0588535120194858 0.0402017011276062 0.0172992332049284 0.0135100156749295 0.0120952708790815 0.0110248930682069 0.015146741135423 0.0238843448277859 0.0312201413852578 0.0376493502008369 0.0407786150554117 0.0501086271274953 0.0660634084258272 0.0692102870314573 0.0696815681917096 0.0738101653907377 0.0773334536052868 0.0800786498568437 0.0848938087472977 0.0908274155905789 0.102410036479261 0.108434793566626 0.105825909596492 0.116102121177896 0.13153768793047 0.143031165645596 0.152440217813887 0.157904376736076 0.160554216275885 0.16177829613004 0.161781653908405
-9999 -9999 -9999 -9999 -9999 -9999 -9999 -9999 -9999 -9999 -9999 -9999 -9999 -9999 -9999 -9999 -9999 -9999 -9999 0.15437991760072 0.151800624989638 0.127362683541517 0.0895969848246958 0.0750948058170243 0.0626840919781304 0.0519674814192222 0.0374488367387451 0.02012351028858 0.0158935742345917 0.0131146129174355 0.00991530880491967 0.0103639166297809 0.0140554245981123 0.0169076852235368 0.0206318410416232 0.0295164679359968 0.0422009461573567 0.0589451186788256 0.0639334165665787 0.0668648258567183 0.0760919248078694 0.0830137102720934 0.086972139925733 0.0905068200506121 0.0942312073417926 0.102068473657474 0.107453302859584 0.109028491791337 0.11380781150408 0.120000392783759 0.12978800855746 0.140513181437456 0.153012734170967 0.159297039151484 0.162432643334912 0.157816857717898
-9999 -9999 -9999 -9999 -9999 -9999 -9999 -9999 -9999 -9999 -9999 -9999 -9999 -9999 -9999 -9999 -9999 -9999 -9999 0.158834517570136 0.170947323093346 0.144173279200716 0.0936889642010907 0.0728412232264082 0.0568177713938448 0.0491876987369565 0.0380976390221621 0.0244533984956567 0.0183627458243333 0.0137503972830993 0.0112886781462709 0.00895069323975815 0.00672270489021594 0.00406461139055605 0.00448291306693826 0.0208104500598895 0.0353117543571934 0.0478619437746757 0.0538506652480938 0.0598293553489607 0.0777050965924728 0.0912988438027749 0.099388319263852 0.101571044235653 0.101652458395058 0.0993357349486235 0.104382722598278 0.120868572502835 0.118125237691145 0.107955938506113 0.113279259938204 0.12423246302952 0.145840535596769 0.15777201400714 0.164801242186181 0.155883950143587
-9999 -9999 -9999 -9999 -9999 -9999 -9999 -9999 -9999 -9999 -9999 -9999 -9999 -9999 -9999 -9999 -9999 -9999 -9999 0.179207341966975 0.179526271695094 0.157055025623314 0.120688047320484 0.0907942901130771 0.0657484589927129 0.0534891509591146 0.0417104820999298 0.0302866236305233 0.0213250665190014 0.0138714312526454 0.0109472207289005 0.00918824272084553 0.00846512653105133 0.00655644190498042 0.00580034384609137 0.0119351974829853 0.0250073045315054 0.045491051065386 0.0549935753955237 0.0618557685154071 0.0693024138126465 0.076052754130919 0.0819080320565662 0.0915730818224564 0.101573716608696 0.10028691380763 0.103464634733407 0.113577591341125 0.115634839379349 0.114455668271751 0.115361402946399 0.118580597503735 0.12617814574235 0.141001702045868 0.159486019473957 0.154851060495669
