layers/veg_old/veg_6000.asc
NCOLS 255 
NROWS 330 
XLLCORNER -2985163.8955 
YLLCORNER -3022031.214 
CELLSIZE 25000 
NODATA_value -9999 
[rows 225 to 249 of 330, columns 57 to 113 of 255]
-9999 -9999 -9999 -9999 -9999 -9999 -9999 -9999 -9999 -9999 -9999 -9999 -9999 -9999 -9999 -9999 -9999 -9999 0.256808933842547 0.255545679251579 0.231284423816401 0.193000720095326 0.161158913185983 0.128222349249563 0.0909226146613087 0.0629787439496921 0.0419414216126086 0.0509365733405835 0.0626687636086853 0.0712333821455048 0.0741496200337824 0.0720445924063415 0.0785459695411453 0.0884192435242376 0.107484598763699 0.118570589398675 0.121131567285584 0.123556046289739 0.126141444613378 0.130161289963296 0.134625774034959 0.139661817136303 0.135102967742955 0.128071270039261 0.12898117667626 0.134816470148264 0.148302908650611 0.159391710511674 0.16955217052509 0.181559458051112 0.200272016231621 0.231674678387458 0.251124066022326 0.264517816535749 0.269658212736642 0.27421396666007 0.277762180165705
-9999 -9999 -9999 -9999 -9999 -9999 -9999 -9999 -9999 -9999 -9999 -9999 -9999 -9999 -9999 -9999 -9999 -9999 0.257518875680968 0.25859714114373 0.237270306641203 0.202282530140634 0.16587038829846 0.128917178721016 0.0906679442300748 0.0671059136693916 0.0543860550095049 0.0631909853368872 0.0729126752168796 0.0764652417137038 0.0755035942053607 0.0705289262359104 0.073127754451349 0.0800415032826019 0.101842506399547 0.114468610726579 0.117292414617023 0.119982211680528 0.122628224198578 0.125196183557958 0.128073533868894 0.131348589515455 0.13410558879011 0.135980846876112 0.128867835664131 0.130021860553031 0.144017981768131 0.147877036977625 0.147877234304143 0.158007535335361 0.174016300081201 0.201150389903043 0.229912481813667 0.259499334325691 0.263135267895546 0.267170463098844 0.273263657437404
-9999 -9999 -9999 -9999 -9999 -9999 -9999 -9999 -9999 -9999 -9999 -9999 -9999 -9999 -9999 -9999 -9999 -9999 0.259406182116777 0.259586648075115 0.245782900556753 0.223452633206326 0.176685035967336 0.132535783069413 0.100508033355241 0.0784209070048297 0.0636720015862405 0.0709255409449731 0.07804253876433 0.0748474750461635 0.0721141121536314 0.0697911894524727 0.0736971111411737 0.0810890384735232 0.100408175121965 0.11180726426303 0.114744713998903 0.11691262394734 0.118850847385392 0.120501054711756 0.122747037949096 0.125758858899009 0.130111740868593 0.134194477386101 0.129417216446334 0.130346534407189 0.140140508943942 0.14247580793204 0.141922828766476 0.147102727241126 0.155628040851236 0.170484741827676 0.203788995273059 0.246438945860657 0.256759626458519 0.265578010987345 0.272289756475273
-9999 -9999 -9999 -9999 -9999 -9999 -9999 -9999 -9999 -9999 -9999 -9999 -9999 -9999 -9999 -9999 -9999 -9999 0.259159125712764 0.258524753760317 0.255847336047451 0.251924222949354 0.191248096720716 0.137950095453854 0.116548066600693 0.0941504784701444 0.071017963196612 0.0758841159185426 0.0800314842911066 0.0690228424627826 0.0658113201456604 0.0695312370780585 0.077943881863739 0.0879253376933117 0.101558143496346 0.110030717396833 0.112990190325911 0.114152731797957 0.114911232442623 0.115971739203755 0.118173362915238 0.121841830752068 0.124277538052032 0.126453104700227 0.130373624069463 0.133815341724338 0.136513284021038 0.140829300729921 0.145623572639055 0.143965454718009 0.142071773210872 0.139732274293175 0.174648743468034 0.228439423469466 0.250474455019201 0.267333455791695 0.273480588399875
-9999 -9999 -9999 -9999 -9999 -9999 -9999 -9999 -9999 -9999 -9999 -9999 -9999 -9999 -9999 -9999 -9999 0.274470263030384 0.272228135646516 0.264833183062773 0.258840383008069 0.253702509929868 0.199175969137149 0.1520465986648 0.13549315956481 0.11357934466375 0.0877084718935374 0.0876273225296439 0.0877404063807547 0.0770883136410652 0.0743761769197815 0.0787224574391693 0.087635350244213 0.097049649658815 0.104845431458163 0.109965896183412 0.112228099218376 0.114357584634619 0.116058911469634 0.114848336896472 0.115134977338625 0.11734620671 0.119762666386728 0.122321417823472 0.125835462069139 0.129320295019784 0.132759750853417 0.138529631309556 0.144912195060725 0.139328555867497 0.136575180814186 0.139178240730309 0.160099786887465 0.190301644066951 0.21808954670063 0.243095110802407 0.261706955568387
-9999 -9999 -9999 -9999 -9999 -9999 -9999 -9999 -9999 -9999 -9999 -9999 -9999 -9999 -9999 -9999 -9999 0.279116419627561 0.27510901906393 0.269353222918316 0.262798338376879 0.255756229933584 0.207832668372404 0.166827079997678 0.153425649387017 0.130830229640679 0.101447758312814 0.0993863971399388 0.0980555647625718 0.0872783419501783 0.0847023798111151 0.0894171280484929 0.0972934861308147 0.104834247563765 0.107810461806892 0.110124379044462 0.111730709814281 0.114456152857983 0.116790701008535 0.11420397356247 0.113060408021152 0.113771949058743 0.115794936121381 0.11828146793418 0.121262704987819 0.124535122040509 0.128259861007663 0.134882985421559 0.142239263581047 0.133699857778171 0.130866534728785 0.138832296036291 0.148375705060022 0.158718364704007 0.188097854293596 0.217348043205166 0.245470614732785
-9999 -9999 -9999 -9999 -9999 -9999 -9999 -9999 -9999 -9999 -9999 -9999 -9999 -9999 -9999 -9999 -9999 0.2845799830126 0.28423467502168 0.277811840698139 0.270939250525737 0.263792433120512 0.219899996723389 0.181915016522937 0.167844783240485 0.141019020369172 0.104777057849183 0.109875048030745 0.114852342010873 0.100961396841147 0.097273913888361 0.10265704712786 0.105797914631155 0.108272400504936 0.109422019892147 0.110601137477984 0.111811770420217 0.113669779721006 0.115323799260729 0.114294031975279 0.113495377283007 0.112993805330144 0.113164929980122 0.113808230798913 0.117655468702649 0.120450334595167 0.121610435310159 0.127439512994866 0.134708789654252 0.125473189151403 0.122976117688525 0.133232093576653 0.142048515906375 0.150135647366777 0.17014230381356 0.192250677648052 0.218750861721109
-9999 -9999 -9999 -9999 -9999 -9999 -9999 -9999 -9999 -9999 -9999 -9999 -9999 -9999 -9999 -9999 -9999 0.293733207187418 0.291721630506527 0.2869949115051 0.275515179088687 0.259917967851958 0.213509636173863 0.176024085103379 0.170049973075075 0.148659709047349 0.115889159784924 0.122439254435222 0.128517942971233 0.11531945345161 0.109100741226887 0.109086871986202 0.109821929717289 0.110567665746956 0.110687023556044 0.110908260942067 0.111238344675534 0.112488178710089 0.113851661891022 0.114374321719544 0.114233337129407 0.113239273530559 0.112247144919572 0.111554213454642 0.114619059877596 0.116832684480213 0.117724012617887 0.122586770945854 0.128808024782787 0.125677068287794 0.124821568718958 0.128272500086659 0.135130633435789 0.143714886164411 0.1569838440008 0.173378103904434 0.196868624579315
-9999 -9999 -9999 -9999 -9999 -9999 -9999 -9999 -9999 -9999 -9999 -9999 -9999 -9999 -9999 -9999 -9999 0.296791765631541 0.297990384262747 0.296716537066003 0.2774409166993 0.247189171275458 0.193397922090323 0.15453756826867 0.163175378066014 0.15440615141649 0.132786958065573 0.136546418418845 0.139855843153032 0.130179302961452 0.120373957303667 0.110454106890282 0.110515227899141 0.112013313994441 0.11169440039787 0.11108927861902 0.110178377053999 0.111012767276099 0.112375632386203 0.114447349484513 0.115196538659661 0.114245689715055 0.112602216439466 0.110949952994132 0.112007001328974 0.113562301918296 0.115891592528794 0.119659964891053 0.124118777465136 0.132148174430079 0.133904615337797 0.123789132097966 0.127773632510258 0.138901312330484 0.147391517377044 0.159133009235201 0.178582572519784
-9999 -9999 -9999 -9999 -9999 -9999 -9999 -9999 -9999 -9999 -9999 -9999 -9999 -9999 -9999 -9999 0.336738613629226 0.320659752057772 0.307914847686022 0.303388256895832 0.281054017440385 0.247862015425769 0.199770990605084 0.163159005979099 0.162466957097023 0.162292062936834 0.162498935137392 0.151902824419638 0.141095479277403 0.134312940437917 0.127541587270738 0.120780177879328 0.119268379600283 0.118686400698554 0.118026628591013 0.116856008448631 0.115139607254098 0.115531879137731 0.116455973974159 0.117450620165467 0.117389134723043 0.115970049183576 0.114234428197354 0.112463820162646 0.111541608950765 0.111479485528465 0.112753431056147 0.116689208044422 0.121747442338097 0.127979866921845 0.131373943490849 0.129396285900075 0.130395267332609 0.13290224105086 0.142528479208814 0.152018833709068 0.160883058118045
-9999 -9999 -9999 -9999 -9999 -9999 -9999 -9999 -9999 -9999 -9999 -9999 -9999 -9999 -9999 0.331734178957264 0.334914906695905 0.324487216066263 0.314879666302669 0.307627746353902 0.283538544231074 0.249183235929706 0.206555377477293 0.171782653581731 0.161230998633056 0.166831522896841 0.184355671590812 0.165511157065394 0.145753173931791 0.138789877844555 0.13320448876951 0.128844023685018 0.127278412896991 0.126225733040569 0.125221941252644 0.123577120717348 0.121247436347135 0.120958305313336 0.121104235167562 0.120732197195124 0.119715246555653 0.11786929556113 0.116038224207304 0.114169743121417 0.111769847243152 0.110365390669157 0.110507259437926 0.114270533007788 0.119470338068981 0.123087252377724 0.127648226446794 0.133995887009938 0.132420121021732 0.126830275387884 0.137897399810594 0.146138596146137 0.147057163433128
-9999 -9999 -9999 -9999 -9999 -9999 -9999 -9999 -9999 -9999 -9999 -9999 -9999 -9999 -9999 0.328373067601137 0.326515724021107 0.317124872638658 0.309011716394967 0.304095568442522 0.280995237659805 0.246807562151514 0.20275392666907 0.166617872226548 0.155180670327166 0.157774798168673 0.170726928103015 0.171956971459111 0.16792406660947 0.149476233473038 0.135076070530167 0.124274182566722 0.128793592467547 0.134635287662782 0.133230920122677 0.131336545776321 0.128918656779741 0.127058267299276 0.125347328233793 0.123720197976308 0.121981338028268 0.120098855605629 0.117903635096325 0.115629080009757 0.113629309040794 0.112359085240012 0.112222147286051 0.113953291354156 0.116486307631846 0.120339509754762 0.124739213890936 0.130173203998303 0.127622529305733 0.121026751116211 0.131973618363001 0.141642487437326 0.147565651098401
-9999 -9999 -9999 -9999 -9999 -9999 -9999 -9999 -9999 -9999 -9999 -9999 -9999 -9999 -9999 0.330762135341921 0.328611078157512 0.320418636646677 0.312287594920064 0.30450666766859 0.27954332755653 0.244103446574824 0.204654024677089 0.170556768941555 0.15265896586597 0.152865721885041 0.166437359526542 0.180008947637401 0.184957121737268 0.157729188715853 0.140957366926657 0.133480759823891 0.137349895227577 0.142095372585268 0.140956231993268 0.13902761847951 0.136255545986767 0.13329507884929 0.130362373001333 0.127977884125695 0.125665329321925 0.123445241877177 0.12071868230647 0.117868768857424 0.11552838519482 0.113791759561437 0.112993017671919 0.113724493454351 0.115134982444387 0.118405395330751 0.122213899648107 0.127040772434 0.127201207747353 0.124997583577753 0.130961109493194 0.138112417703678 0.147683694956914
-9999 -9999 -9999 -9999 -9999 -9999 -9999 -9999 -9999 -9999 -9999 -9999 -9999 -9999 -9999 0.335342444047771 0.340056949909806 0.333250735256288 0.323748159613022 0.308447413812261 0.279068331843206 0.241105341115793 0.211657607300404 0.182644413035773 0.153295750104066 0.151669226289315 0.170507332719441 0.189498607192862 0.19739127299933 0.163803995207974 0.15042777877497 0.155018677476278 0.152208742266368 0.148705582471792 0.14842763212616 0.146657508650127 0.143293173656068 0.139654385122644 0.136068395564269 0.133372071943616 0.130618489775742 0.127791304842094 0.124383753696217 0.120806954613088 0.117462920355663 0.1147222618759 0.112918893346619 0.113574861997126 0.115245099821322 0.117199563541817 0.120032035667755 0.124526188362666 0.130697107305831 0.137717491215195 0.134344705059228 0.13544705424659 0.147452250628064
-9999 -9999 -9999 -9999 -9999 -9999 -9999 -9999 -9999 -9999 -9999 -9999 -9999 -9999 -9999 0.350755398672555 0.350784829233536 0.342041016258394 0.331817925802019 0.318498698069799 0.292596727549304 0.259022748438211 0.225393382490689 0.194133062248105 0.169722126248534 0.165994710476365 0.177535979123912 0.191408549412889 0.200464913418138 0.190512150960357 0.179274731928315 0.166895286153169 0.162473576095116 0.159749873422201 0.158363660789697 0.155590537024672 0.151335661808091 0.147634413493225 0.144181576347711 0.141548608973055 0.138422603608449 0.134662824572437 0.130524159836713 0.12628779182684 0.122364334651794 0.118730426055406 0.115546305108772 0.114863855458765 0.115217783096188 0.116024083956626 0.118350836358377 0.123555129301435 0.131306439891126 0.140348092686452 0.138278834123666 0.139789146810693 0.150141761224906
-9999 -9999 -9999 -9999 -9999 -9999 -9999 -9999 -9999 -9999 -9999 -9999 -9999 -9999 -9999 -9999 0.359562881839419 0.350883554930047 0.34162558066488 0.331338035324414 0.309457001692963 0.280507132334669 0.240214574378772 0.205423571249524 0.188632477929103 0.182537492804423 0.184338431524636 0.193550658305073 0.204442354955035 0.21829867884221 0.210773521663862 0.184240776252769 0.176032834569893 0.171528627036278 0.169063284328394 0.165406002086408 0.160475272618131 0.156652350591081 0.153199678712806 0.150453340670172 0.14685285917278 0.142154422458416 0.137302057414325 0.132431874758392 0.127964144226494 0.123484937373062 0.118987903087306 0.116850285104314 0.115703314163513 0.115446619746265 0.117393620788625 0.123511240133124 0.131788416089271 0.141159642981872 0.141713722093111 0.144489483110915 0.152836588124505
-9999 -9999 -9999 -9999 -9999 -9999 -9999 -9999 -9999 -9999 -9999 -9999 -9999 -9999 -9999 -9999 -9999 0.363759496667363 0.363469536765003 0.352723409620335 0.330285773869699 0.300719536988822 0.254306068962755 0.216260246045303 0.205516032884923 0.195940772915988 0.187228440397766 0.203941977212362 0.221758949537253 0.232365313270141 0.237760278096711 0.238522442967827 0.210699847615013 0.182926706961332 0.181366324742445 0.178514253409635 0.17428216415453 0.169461216542465 0.164596597146365 0.160484600610167 0.155824464033186 0.150459723078501 0.145029305949879 0.139594120722494 0.134366318141293 0.12918349686835 0.124070550008255 0.121058330510048 0.118936351287826 0.11789530885142 0.11966768267266 0.126764605893185 0.134309838812263 0.14208218948453 0.14208564268475 0.144489483110915 0.152836588124505
-9999 -9999 -9999 -9999 -9999 -9999 -9999 -9999 -9999 -9999 -9999 -9999 -9999 -9999 -9999 -9999 -9999 0.387736591153517 0.381631870315822 0.368982658178902 0.346859511770287 0.318959873992324 0.270918071364047 0.231440755255205 0.220448505686989 0.210168950938957 0.200415511290158 0.221443026174914 0.242735831622051 0.2513048860978 0.26292343826614 0.277252915663648 0.238367791941579 0.197600977148461 0.195676515067733 0.192790908072847 0.188878430762831 0.18330884715916 0.177416589980225 0.172170630403602 0.166576996321469 0.160536445465569 0.1546668020615 0.148820953445438 0.142578752033256 0.136767883494843 0.131627051744223 0.127824638468671 0.124618351606649 0.123116875819927 0.124502055333096 0.131350393275524 0.138005465990531 0.144562628791111 0.146759048372114 -9999 -9999
-9999 -9999 -9999 -9999 -9999 -9999 -9999 -9999 -9999 -9999 -9999 -9999 -9999 -9999 -9999 -9999 -9999 0.39666888168488 0.395833753236542 0.379727553314598 0.358855959914962 0.335078788588986 0.290241472514002 0.251294079647021 0.233282130917984 0.225284500605605 0.224679493304272 0.246592261365175 0.267650213478158 0.275486449840384 0.286124891912485 0.299254422984152 0.258506592325415 0.215799560220466 0.212145867019237 0.208324455228996 0.20432385584923 0.198273913395111 0.191767433907558 0.185636754223776 0.179245334768432 0.172518748438175 0.166359218555362 0.160268734628046 0.15273854613697 0.146380920573688 0.141844765956404 0.137342959270509 0.132934787611613 0.131321324855792 0.132090644182685 0.137369513375391 0.14296422612512 0.148718948081124 0.148483229227051 0.148240289655638 -9999
-9999 -9999 -9999 -9999 -9999 -9999 -9999 -9999 -9999 -9999 -9999 -9999 -9999 -9999 -9999 -9999 -9999 0.411809276862959 0.406067617595151 0.387684592887783 0.372528994714742 0.359341238093699 0.319584253315513 0.284846666176026 0.269560079557146 0.265035960108165 0.268456751051035 0.285248065311183 0.301270439519618 0.308466831858938 0.317716600860192 0.32879176904484 0.30474275956151 0.274251236074853 0.243164065885983 0.224321364106402 0.218560436936272 0.211369029081696 0.203917369191512 0.197158373111223 0.190240230505542 0.183117513648493 0.176493953293616 0.1699469616369 0.162331392818451 0.155681351978836 0.150531171930747 0.145787478407537 0.141301554518636 0.140027655157643 0.140234089339568 0.143242138481694 0.14799648390224 0.153635518831933 0.15052911389527 0.148240289655638 -9999
-9999 -9999 -9999 -9999 -9999 -9999 -9999 -9999 -9999 -9999 -9999 -9999 -9999 -9999 -9999 -9999 -9999 0.433616249584536 0.418177087314815 0.398724397961039 0.388106066048387 0.382874259738392 0.348071921145652 0.31832797800272 0.308707999249095 0.307867245989027 0.313507363588313 0.324061914077235 0.334080062433167 0.33990726748466 0.347074564255598 0.355433168191802 0.350652303840598 0.334903318808342 0.275761186579216 0.241170942474472 0.232811503656135 0.224261828128054 0.215823422264402 0.208551759590084 0.201201236068201 0.193749341191754 0.186624307428819 0.179571509170246 0.172097078446267 0.165179337814678 0.159126365124473 0.154198650981579 0.149812291596605 0.148269850054287 0.14748300826116 0.148126181731407 0.152252002145061 0.158142163039175 0.158267740975773 -9999 -9999
-9999 -9999 -9999 -9999 -9999 -9999 -9999 -9999 -9999 -9999 -9999 -9999 -9999 -9999 -9999 -9999 -9999 0.452269699970878 0.451769614554896 0.438074351186068 0.414797955468359 0.385679707069949 0.351374489613944 0.325595523945632 0.32539891229183 0.327579252467563 0.331514271100688 0.338740386461818 0.344500179010782 0.343322493294664 0.343977933244426 0.346262974891524 0.34519504351577 0.336575609394235 0.292908834543903 0.263536823963527 0.249437088015581 0.239144982995207 0.230028982604826 0.222630010814732 0.21504543176202 0.207222264611296 0.199641822704801 0.192111228391818 0.18421978023629 0.176742634431946 0.169909070031765 0.164373022835565 0.159306748077098 0.152095732857882 0.146993487240743 0.145882207371193 0.15055341713146 0.15815408850455 0.158285687204443 -9999 -9999
-9999 -9999 -9999 -9999 -9999 -9999 -9999 -9999 -9999 -9999 -9999 -9999 -9999 -9999 -9999 -9999 -9999 0.52260018966444 0.490936634044494 0.470834307568607 0.440187144884061 0.403110535508872 0.368939046802223 0.343592075397285 0.343177599730875 0.347605861380092 0.35560905742089 0.359357494779671 0.360613366493715 0.354464440094991 0.351356601168995 0.350952211002431 0.351466410809559 0.348161301921899 0.32475571662411 0.298497784768628 0.26919245603739 0.255368031394993 0.245629819831053 0.237748902698708 0.228738072144118 0.218274798993649 0.209703519729373 0.201704293654518 0.193201809088239 0.185230562628018 0.178084546739782 0.172123496181186 0.166551835260931 0.157629684596851 0.150820898949669 0.148011776132545 0.151317494197279 0.157721046028898 0.157577780533665 -9999 -9999
-9999 -9999 -9999 -9999 -9999 -9999 -9999 -9999 -9999 -9999 -9999 -9999 -9999 -9999 -9999 -9999 0.55875015081928 0.553701799564929 0.537319422270891 0.495063999478042 0.463890085302812 0.439472840221254 0.404964695642249 0.375476532520284 0.362364330832061 0.368039699921099 0.387584153482082 0.387661728953736 0.384095814030517 0.375608056870692 0.372294770333468 0.373581455454683 0.37291962080899 0.372579161507103 0.375629672245382 0.349762146044709 0.292999097985678 0.273325473068758 0.263036739993826 0.254214827101472 0.242234535362225 0.226194318427969 0.215939128210717 0.207483132874223 0.198118468650091 0.189737653410649 0.182885158995945 0.176736411827383 0.170885279927049 0.165374605491844 0.160236261423072 0.155802573632422 0.155269305543923 0.156712025398822 0.157120076909191 -9999 -9999
-9999 -9999 -9999 -9999 -9999 -9999 -9999 -9999 -9999 -9999 -9999 -9999 -9999 -9999 -9999 0.597995653117163 0.595474941370282 0.594552550140129 0.584049233320249 0.55147187471766 0.520509061421086 0.490530676215118 0.46333559340452 0.438738697232813 0.42112265598164 0.425721204321642 0.446718680612592 0.45264416673955 0.454448669784645 0.447591662390125 0.447805505046262 0.454305152030289 0.454967605462701 0.452043909466821 0.436332105579427 0.410929522239922 0.375173480641155 0.330106394022173 0.286886572074596 0.274262010410576 0.260212451886763 0.244331136966922 0.231949916176713 0.220302440207391 0.203639532299882 0.190847001334715 0.184066752511022 0.180719757197082 0.178713024916383 0.174445952559553 0.170219143157338 0.166068533674076 0.161434933784213 0.156556646580395 -9999 -9999 -9999
