layers/veg_old/veg_2600.asc
NCOLS 255 
NROWS 330 
XLLCORNER -2985163.8955 
YLLCORNER -3022031.214 
CELLSIZE 25000 
NODATA_value -9999 
[rows 200 to 224 of 330, columns 57 to 113 of 255]
-9999 -9999 -9999 -9999 -9999 -9999 -9999 -9999 -9999 -9999 -9999 -9999 -9999 -9999 -9999 -9999 -9999 -9999 -9999 -9999 0.17646876968805 0.183378674707177 0.158898524418834 0.136354861424123 0.125262460068594 0.113019157317025 0.0999262530459307 0.136486309955575 0.167602284592601 0.156283491370873 0.155404613105574 0.16380655145296 0.161814399077705 0.158860032868747 0.160492735275351 0.160819357377369 0.159750586262195 0.167337864963718 0.176570428480143 0.182130635249726 0.185196155039737 0.185054889636138 0.192615869478417 0.202832645831218 0.21511608474171 0.220885359110019 0.216535465312788 0.213077415189295 0.210093224058243 0.210936231773197 0.209328773996738 0.203083671675212 0.197824823856763 0.193065621501116 0.184561799096834 0.18014200886605 0.185423261470484
-9999 -9999 -9999 -9999 -9999 -9999 -9999 -9999 -9999 -9999 -9999 -9999 -9999 -9999 -9999 -9999 -9999 -9999 -9999 -9999 0.162617686934437 0.147231162452989 0.143256061273761 0.136806863570057 0.121084693322749 0.0974923063364596 0.0680900835784496 0.119699495876025 0.16732402678141 0.163987431763915 0.162766670680179 0.163426831692463 0.160595963912999 0.157407515672434 0.155586158854144 0.156538807169294 0.160455153760933 0.167073146263755 0.174214258618534 0.180279972640099 0.183317782356132 0.182463384843703 0.183904660986781 0.187265220403476 0.20543504446366 0.21447515967884 0.209333094123673 0.208352070752527 0.209044163839094 0.208708427827046 0.206714963338798 0.201584153945352 0.199232555887903 0.198288931461872 0.190169634256467 0.18626405643519 0.19251122214625
-9999 -9999 -9999 -9999 -9999 -9999 -9999 -9999 -9999 -9999 -9999 -9999 -9999 -9999 -9999 -9999 -9999 -9999 -9999 0.139705526035145 0.137956229083688 0.135140342640187 0.129603408416847 0.122316083057462 0.110483724280788 0.0902806040671532 0.0638981433288646 0.10830975031303 0.151057707381455 0.156057796834334 0.160742400978923 0.165146546776635 0.1612101209622 0.155793053050919 0.150482699547658 0.15013566304113 0.155091347085316 0.159692906189711 0.164677721207197 0.17313187235557 0.177248862540394 0.175790666870601 0.176214077152784 0.177914932121346 0.188032786649793 0.195505423805414 0.198868953913353 0.202619658362769 0.206450750679702 0.207542188361013 0.205994950299344 0.199453869146017 0.195631764307819 0.193187117493976 0.184897217709573 0.179114906227742 0.179442809400367
-9999 -9999 -9999 -9999 -9999 -9999 -9999 -9999 -9999 -9999 -9999 -9999 -9999 -9999 -9999 -9999 -9999 -9999 0.133742376646652 0.137062728197174 0.134532469713046 0.12843495000445 0.117504643007693 0.107297681757058 0.100081245992227 0.0864715127793394 0.0681422134547593 0.100328970322898 0.132878686710391 0.144276641969624 0.154669112204366 0.164167732043002 0.15957542538192 0.152503922675684 0.145725023978001 0.144248376625369 0.14843656131771 0.151104446350542 0.154319027085317 0.164334530854198 0.169671562466807 0.168994671145481 0.169592417342835 0.170619162410062 0.171855684587614 0.176843712830514 0.187659368009068 0.195853868096303 0.202844987770721 0.205235718469993 0.204266675114242 0.196939069324723 0.191622549769083 0.187324864711969 0.179373986348942 0.172095814974134 0.166547252006186
-9999 -9999 -9999 -9999 -9999 -9999 -9999 -9999 -9999 -9999 -9999 -9999 -9999 -9999 -9999 -9999 -9999 -9999 0.13224840740331 0.130641370886776 0.126333679147011 0.120379331314729 0.11138726456103 0.102883463014228 0.0963563850659328 0.0922548748390474 0.0899439315789873 0.104556598043504 0.119327199815451 0.127147244101958 0.13673073185611 0.147881875620713 0.145110912361081 0.141012733855122 0.142864876556336 0.142811591900612 0.140722582182357 0.142796579234856 0.146222247036319 0.152009894660352 0.158288653501441 0.165198709251588 0.167393717666671 0.168055835057436 0.1686219834484 0.170839879502344 0.175623616848827 0.184830251111285 0.195562015042569 0.196306930793439 0.195836692403023 0.193066706069002 0.190013623991818 0.186817123047426 0.182236535962542 0.177477988142465 0.172363823910354
-9999 -9999 -9999 -9999 -9999 -9999 -9999 -9999 -9999 -9999 -9999 -9999 -9999 -9999 -9999 -9999 -9999 -9999 -9999 0.125765786049123 0.120997649491514 0.113322262484091 0.105884944290337 0.0989833904761905 0.0935840491024436 0.0932814424599358 0.0967412724494278 0.103137925034057 0.109496690149544 0.114405666169088 0.120827503886895 0.12859423684959 0.130107948603248 0.131242563232838 0.136144424268062 0.137612766288463 0.135412797005524 0.137247463966853 0.140118050150865 0.143258831764804 0.149408833390479 0.159427024595433 0.16300365357745 0.164427741127646 0.164986336313526 0.166290348467298 0.168752298773029 0.175229289263813 0.183327024830819 0.190655451115141 0.194779758087523 0.192840088031525 0.189791084960181 0.186180083737119 0.182927768733516 0.179145845752344 0.174111417618144
-9999 -9999 -9999 -9999 -9999 -9999 -9999 -9999 -9999 -9999 -9999 -9999 -9999 -9999 -9999 -9999 -9999 -9999 -9999 -9999 0.118699544752509 0.107324841871401 0.101035315814823 0.0956289232524177 0.091822520331212 0.0892601612384271 0.0876161619031503 0.0957274705905802 0.103614833476684 0.106320386098861 0.107083953345994 0.106121145406594 0.114533587875381 0.123298714902101 0.125327466296636 0.128421711459198 0.132654311416364 0.134625900540725 0.136128356791857 0.138299998714176 0.143185258853852 0.151558728452983 0.156288141866307 0.159669730653619 0.160924149277676 0.163284104248879 0.167361410407246 0.167138030680072 0.165837017602122 0.188481808370507 0.201547007534418 0.196482287748583 0.191039761643043 0.185405835434518 0.181314828105472 0.176872119647986 0.171541064199461
-9999 -9999 -9999 -9999 -9999 -9999 -9999 -9999 -9999 -9999 -9999 -9999 -9999 -9999 -9999 -9999 -9999 -9999 -9999 -9999 0.100854535436688 0.100978310852106 0.0973059564035043 0.0935609174839859 0.0903148387745067 0.0871411947179025 0.0840210223065329 0.0873767235541476 0.0910865240878957 0.0932324089002859 0.0977829893358932 0.104471282500153 0.106719720503512 0.10880765007379 0.114118592372162 0.119192740816578 0.124013902873768 0.122211023503082 0.118989799545138 0.117405430710002 0.120525301535954 0.129692218029717 0.138977302583124 0.1484021849725 0.159105436317717 0.163724971675579 0.15889400194583 0.157639982674819 0.158555720843444 0.184276066144282 0.201428795033983 0.202366825266399 0.194745327030457 0.182787494157162 0.179286945652139 0.175634975432326 0.171262554874997
-9999 -9999 -9999 -9999 -9999 -9999 -9999 -9999 -9999 -9999 -9999 -9999 -9999 -9999 -9999 -9999 -9999 -9999 -9999 -9999 0.0942143211349098 0.0956516265528241 0.0937306206373336 0.091369234342044 0.0883635844575028 0.0849983798979324 0.0813677501687441 0.0790128690183221 0.0776798490808603 0.0795912755787374 0.0893456733521612 0.106072271417511 0.101241411935886 0.0948053730103795 0.0998526145435068 0.105012786280448 0.110293610660159 0.105059341679858 0.0976677643956749 0.0935684135707396 0.0957972970208994 0.106160783385667 0.120300136523698 0.136100683941965 0.157435778533735 0.164883621531011 0.150758869403941 0.149830466174092 0.154840550476298 0.17879758907469 0.197574811417306 0.206548938516497 0.198555884563982 0.181967103035501 0.177971052419895 0.174515688538387 0.171777004884392
-9999 -9999 -9999 -9999 -9999 -9999 -9999 -9999 -9999 -9999 -9999 -9999 -9999 -9999 -9999 -9999 -9999 -9999 -9999 -9999 0.092973809079188 0.0924142316477959 0.0892817201006286 0.0859953958697107 0.0827454411133043 0.0793030645432867 0.0757186411690888 0.0722244827825234 0.0697129112590781 0.0708274036435062 0.0792772453242167 0.0942480243777797 0.0989088709351325 0.0959784211650353 0.0641188416043681 0.0550054633284666 0.0701937262902323 0.0709642651446255 0.069375343296491 0.076709571334557 0.0852763354456362 0.0954274580200786 0.110540442163347 0.127867647673147 0.152861079393512 0.165122164213914 0.157604694380309 0.156762098950206 0.158843351293937 0.167701931843216 0.178868937297001 0.194404767451068 0.198762796374475 0.197458049968009 0.182554268975069 0.172409306663418 0.17396879824425
-9999 -9999 -9999 -9999 -9999 -9999 -9999 -9999 -9999 -9999 -9999 -9999 -9999 -9999 -9999 -9999 -9999 -9999 -9999 -9999 0.0769827593993185 0.0816432809202831 0.0804503301258776 0.079596072171942 0.0808124859938424 0.0800373560709486 0.0777920579845603 0.0712853307909461 0.0656530243348175 0.0651819656453903 0.0666975621465016 0.0699792441543412 0.0794766046317714 0.0816808082878918 0.0414497490518184 0.0282492712556296 0.043927791072004 0.0470274551324168 0.0488716878639141 0.0644170278289654 0.0788935594487419 0.0919961957443762 0.104932844747376 0.118788941511627 0.144892886006768 0.15987260087831 0.157571826510689 0.158974628452942 0.161844328396592 0.163016940750751 0.168309401597467 0.181398908742107 0.192246422516146 0.201958122145098 0.188143644536087 0.177552287667514 0.175509156622513
-9999 -9999 -9999 -9999 -9999 -9999 -9999 -9999 -9999 -9999 -9999 -9999 -9999 -9999 -9999 -9999 -9999 -9999 -9999 -9999 0.0697761665919573 0.0628360579436484 0.0660239720821065 0.0718875480362319 0.0835842793369171 0.0889800975473005 0.0897245482692612 0.0778136876861053 0.066581130040019 0.0635177211105237 0.0509118490228492 0.0298229719515163 0.0382137284867675 0.0476323538620821 0.0354598683098755 0.0311769692814353 0.0353231656792507 0.0360593419388486 0.0383116719580936 0.0579541151650295 0.0777938574904643 0.0978872171623219 0.104626081515189 0.108630598738659 0.132592339463194 0.147616568190747 0.148757176648444 0.15516244700036 0.163566312868377 0.166516218635074 0.168150005815663 0.1672929641301 0.177146669469407 0.192426536248279 0.195017547439299 0.191950271884396 0.176217851177602
-9999 -9999 -9999 -9999 -9999 -9999 -9999 -9999 -9999 -9999 -9999 -9999 -9999 -9999 -9999 -9999 -9999 -9999 -9999 -9999 0.0527005170147935 0.0530063766759585 0.0553805691572395 0.0595283709974677 0.0684101040385857 0.0807272964899146 0.0955805633132334 0.0792786826151434 0.0627054080227116 0.0589998228386267 0.0436797475919198 0.0180346885909477 0.022767946050136 0.0316250202513726 0.033691924070987 0.0337159240570117 0.0315573215317238 0.0360458871279809 0.044336492431747 0.0685075696876606 0.0886593358766464 0.103644495063041 0.107395931927351 0.108546358945184 0.122697681243444 0.13331345071178 0.138437057154068 0.145125444760662 0.152308758509025 0.154390798257702 0.157677779374658 0.163245180184651 0.16967999934915 0.176554260507403 0.187477313899645 0.191668084655268 0.179959383856597
-9999 -9999 -9999 -9999 -9999 -9999 -9999 -9999 -9999 -9999 -9999 -9999 -9999 -9999 -9999 -9999 -9999 -9999 -9999 -9999 0.0489782949115966 0.0476444156717711 0.0467685322285065 0.0467202434591707 0.0489755695697235 0.0679901132635106 0.0993764003349424 0.0795165314086943 0.0580733792011376 0.0535539289739504 0.0389197762962903 0.0152939125820476 0.0159836821967063 0.0220094587950034 0.0328665224626222 0.0356709172156126 0.0298719821853533 0.0393424381316901 0.0543520233122164 0.0823077192311453 0.100731045039346 0.106901024603554 0.109195331340773 0.110363947423914 0.113144143987532 0.118305123043746 0.127164433367487 0.132936973543828 0.137345146615466 0.13818916479974 0.144619350375981 0.161621673704815 0.164338106881911 0.159817178734794 0.175741297280482 0.186482067076252 0.184229943078001
-9999 -9999 -9999 -9999 -9999 -9999 -9999 -9999 -9999 -9999 -9999 -9999 -9999 -9999 -9999 -9999 -9999 -9999 -9999 -9999 0.0500605020137934 0.0504686782355063 0.0482122110542289 0.0467064038303641 0.0478651522212576 0.067871578745922 0.101791461312157 0.0846160762647701 0.0630638875190176 0.0479448484101229 0.0308482807288786 0.0119937408703784 0.013941549811229 0.0198718026764405 0.0269965119310386 0.0319844271211202 0.0346894291291473 0.0401656147503881 0.0480900931108011 0.0689941167103398 0.0805141343218453 0.0799715197451957 0.0869647375460828 0.0958802970000495 0.0983088841925912 0.102694530506287 0.110120291976519 0.118830535953754 0.127962113153673 0.133435175803523 0.140396916043818 0.150176062826209 0.155042538032895 0.157420209330066 0.169218885270928 0.178861173361768 0.183058428684738
-9999 -9999 -9999 -9999 -9999 -9999 -9999 -9999 -9999 -9999 -9999 -9999 -9999 -9999 -9999 -9999 -9999 -9999 -9999 -9999 0.0691054820484969 0.0624739528189027 0.0579968274644996 0.0546727425757716 0.0542750386039495 0.0663976867331644 0.087762925241225 0.0769770602722605 0.0622611726337873 0.0472054302223746 0.0339664025639867 0.0223423877223456 0.0221231732145688 0.0242289285421654 0.0277038858603655 0.03166459958187 0.0361442868978757 0.0400600694781824 0.045040484404268 0.0588923323601458 0.0661597006500756 0.0649630764338191 0.0721773152241121 0.0816222816985065 0.0848989911280681 0.0893451719146393 0.0956080211703187 0.106396657792449 0.118935343164265 0.127907441156244 0.136011918369074 0.142474374183235 0.148725443875584 0.154869423444307 0.162871744936737 0.170242000547391 0.176055411208571
-9999 -9999 -9999 -9999 -9999 -9999 -9999 -9999 -9999 -9999 -9999 -9999 -9999 -9999 -9999 -9999 -9999 -9999 -9999 -9999 0.0783080381251006 0.0864900903632474 0.0806469513138182 0.0749481344938798 0.0722846429579573 0.0628332189595991 0.048370907187217 0.049689407936536 0.0525226809896281 0.0539772392665819 0.0543439876756105 0.0537437010143521 0.0460744633757209 0.0386039528859519 0.0385565687377041 0.0365376921082814 0.0324125075999974 0.0385220139785457 0.0469457318718874 0.053744627829878 0.0608478645614396 0.0683423148979506 0.068870637960081 0.0677122980559121 0.0736876598064754 0.0794836612844932 0.0850010427263801 0.0965426245892148 0.110458092974972 0.121186239907784 0.131376174315751 0.140547511078215 0.147002508098516 0.152081382806203 0.156794952992087 0.160083028752897 0.160057572043182
-9999 -9999 -9999 -9999 -9999 -9999 -9999 -9999 -9999 -9999 -9999 -9999 -9999 -9999 -9999 -9999 -9999 -9999 -9999 -9999 0.105938672833962 0.104795870541764 0.0953618244236856 0.0864347642334168 0.0805193746662473 0.0635749056677143 0.0384887116907439 0.0388117379418839 0.0428768552118861 0.0495842696035719 0.0540902128681603 0.0566391047684432 0.0537628062260114 0.0511813431298577 0.055014801886811 0.0564539535626266 0.0553350696803209 0.054813269966516 0.0546665961415287 0.0561939528679951 0.0583288274926935 0.0612446335195498 0.0653474773713162 0.0694177675604784 0.0682454478234601 0.0701592351076081 0.0768670118161587 0.083655228212581 0.0907857250454763 0.108780436311847 0.124866086399185 0.137338730225399 0.145179003110274 0.150672474925412 0.154561531984985 0.157083762833472 0.156483226282175
-9999 -9999 -9999 -9999 -9999 -9999 -9999 -9999 -9999 -9999 -9999 -9999 -9999 -9999 -9999 -9999 -9999 -9999 -9999 -9999 0.124273756181324 0.119677092134689 0.106640080275753 0.0941013013987645 0.0845767645487057 0.0657589644239974 0.0400808280214268 0.0342121557819384 0.0330310893547776 0.040515092806929 0.0454330066405572 0.0480697326234585 0.0548269441542136 0.062795551717519 0.0731323268977236 0.0815121183130138 0.0878011027066171 0.0777406211981599 0.0649908876478071 0.0622592220863177 0.0578211152425393 0.0511894704187997 0.0621414277092958 0.0767006112603031 0.0650701707241227 0.0613355046343132 0.0698662133139977 0.070016617217024 0.067566729403272 0.094204302218086 0.117098653875489 0.132908747769425 0.142826854021355 0.149760025975872 0.153847645258202 0.156962360374883 0.15792817780568
-9999 -9999 -9999 -9999 -9999 -9999 -9999 -9999 -9999 -9999 -9999 -9999 -9999 -9999 -9999 -9999 -9999 -9999 -9999 -9999 0.12779214034268 0.128859106050126 0.110760100683898 0.0933825444794104 0.0816662358550095 0.0578656659109963 0.0251444301177491 0.0170308659033288 0.0153364335248853 0.026630119872101 0.0357313800324345 0.0428836295483116 0.0550649312629257 0.0666866628217964 0.0709178531013392 0.0747727143799068 0.0782255123752677 0.0808854019035376 0.083362843567703 0.0859428877534244 0.0863263037802934 0.0838860731078558 0.0723159658670137 0.0589016448550882 0.0594475787748453 0.0618546504618803 0.0671528321177183 0.0722272339218983 0.0772623857554064 0.0841343013470846 0.09291687907181 0.105315492953683 0.124355616865215 0.146760389903435 0.151810942960553 0.155935201693575 0.158648662418699
-9999 -9999 -9999 -9999 -9999 -9999 -9999 -9999 -9999 -9999 -9999 -9999 -9999 -9999 -9999 -9999 -9999 -9999 -9999 -9999 0.14526292578213 0.134514222755117 0.113836046554327 0.0941028611507693 0.0789516732632615 0.051393508153147 0.0146764466012367 0.00642036417814849 0.00514996179891107 0.0172648758291971 0.0275790088127019 0.036292293635611 0.0489106992729087 0.0603258222979968 0.0621241166202684 0.0654565294348063 0.0704279674539656 0.0820057563638048 0.094300473655587 0.0998236196795972 0.103923570396293 0.106194080515239 0.0854235148587652 0.0593888730876211 0.0609104638962973 0.0621704731709948 0.063024139082059 0.0716044640476448 0.0829426107265923 0.0801164227508644 0.0805805630369126 0.0872718356650318 0.107624866358488 0.134899067409031 0.14601107178411 0.154796758108283 0.15885006215415
-9999 -9999 -9999 -9999 -9999 -9999 -9999 -9999 -9999 -9999 -9999 -9999 -9999 -9999 -9999 -9999 -9999 -9999 -9999 0.151940280787215 0.143902773113389 0.130964598791745 0.11495069405605 0.0975264835574498 0.0766052338104158 0.0475909692243096 0.0126023981263867 0.00815311537302708 0.00906764519117185 0.0163899613389212 0.0223369202942435 0.0270612219833787 0.0307486570760037 0.0347066479313195 0.0409712077768673 0.0512998506238305 0.065970488242758 0.079323217688891 0.0912726916967044 0.0952894997344949 0.101030260239977 0.108987068407207 0.104040736921145 0.0942267941272792 0.075683447213146 0.0621043525550541 0.0562367768599486 0.0656591656806381 0.0810798311204168 0.0874674810609055 0.0904959906472415 0.0871671371145524 0.0941636272735343 0.106391030053261 0.133142072191523 0.153449265367246 0.158076358784589
-9999 -9999 -9999 -9999 -9999 -9999 -9999 -9999 -9999 -9999 -9999 -9999 -9999 -9999 -9999 -9999 -9999 -9999 0.153112462357355 0.152961293726848 0.144386340191805 0.130675197255103 0.111642081027293 0.0921760307398796 0.0724538551221866 0.0463981019127862 0.0156668681066429 0.0102219437779522 0.0096721224015964 0.0161215355585593 0.0203973933330835 0.0227410161242656 0.023615650326246 0.0251677975401802 0.0314718624288274 0.0407330103571553 0.0531534537757788 0.065712820639913 0.0775477052834024 0.0837922262400658 0.0922946890644569 0.103699614044922 0.105720518700598 0.103642355046382 0.0881798616162263 0.0775787662727733 0.0745294151998921 0.0730838769195191 0.0726287388547752 0.0839111877208418 0.0915853979619207 0.0924308125169902 0.0940244221639382 0.0959970742201036 0.12204015194493 0.14410141857722 0.155818863108811
-9999 -9999 -9999 -9999 -9999 -9999 -9999 -9999 -9999 -9999 -9999 -9999 -9999 -9999 -9999 -9999 -9999 -9999 0.153373540055146 0.15408345416674 0.145796907166883 0.132024995958808 0.106109506324867 0.082414079461804 0.0673949749076207 0.046517345795658 0.0213149227581731 0.0124597477223887 0.00861075978309978 0.0161580449356605 0.0201183542129073 0.0208899339428496 0.0220279086502903 0.023713938746383 0.0278317872722597 0.0319710973115136 0.0361333364540485 0.0466080291206707 0.0584442943893126 0.0687939637094113 0.0806217000034773 0.0943494114551853 0.0988843612131397 0.100275862054633 0.0995316448186798 0.100866771911711 0.105431973222673 0.0872308666077909 0.0608651229998405 0.0748708104422639 0.0882371894650745 0.100393641143377 0.100583373939373 0.0947106585787163 0.111826697732101 0.130731090936668 0.152815334682312
-9999 -9999 -9999 -9999 -9999 -9999 -9999 -9999 -9999 -9999 -9999 -9999 -9999 -9999 -9999 -9999 -9999 -9999 0.172398991612099 0.174160453584012 0.159637787152404 0.135186286037898 0.109192139901998 0.0839428909487855 0.0611320693212403 0.0408614360668237 0.0224659833527362 0.0163824549054895 0.0135473057899008 0.0173474350563186 0.0199003616068403 0.0213445569336517 0.023948122562312 0.0272528546515995 0.0330415064080767 0.0378315193604771 0.0415546041854569 0.0502120850480593 0.0597370584811373 0.0666499603749113 0.0758572917800846 0.0880139882339326 0.0937864374285151 0.0977232286779307 0.104549429936517 0.110052502336168 0.113500213170793 0.106515109817028 0.0953138018953775 0.0859427000461374 0.0837350867645094 0.095084780776396 0.100801717877188 0.103665049316446 0.115920635540806 0.128086058007148 0.139633554345751
