layers/veg_old/veg_1000.asc
NCOLS 255 
NROWS 330 
XLLCORNER -2985163.8955 
YLLCORNER -3022031.214 
CELLSIZE 25000 
NODATA_value -9999 
[rows 150 to 174 of 330, columns 57 to 113 of 255]
-9999 -9999 -9999 -9999 -9999 -9999 -9999 -9999 -9999 -9999 -9999 -9999 -9999 -9999 -9999 -9999 -9999 -9999 -9999 -9999 0.498283689323667 0.498838302242393 0.415993373016465 0.324067646661689 0.221498972797868 0.118115345427372 0.0141301150524855 0.0348866280290801 0.0652082289837053 0.0756442918069063 0.0739355334202867 0.0614303404925243 0.0531477979310315 0.0422741255075591 0.0144943553513288 0.000103505728493465 1.71432280912385e-05 0.000663669385734887 0.00620517976232332 0.0464685480713121 0.074402481238054 0.086487592334744 0.0887848951688122 0.0910152829632863 0.132253470510293 0.174626750027505 0.218763292731498 0.22509689302763 0.216336187306035 0.220632409461524 0.224583064747596 0.227879715187435 0.228660229312377 0.228166045994006 0.229653367548249 0.229800913880574 0.226733352305542
-9999 -9999 -9999 -9999 -9999 -9999 -9999 -9999 -9999 -9999 -9999 -9999 -9999 -9999 -9999 -9999 -9999 -9999 -9999 -9999 -9999 0.503194739193178 0.441346635419913 0.371785087538688 0.291503972023459 0.170805889351846 0.0202717869926726 0.0380114344865693 0.069201161717358 0.0756067322094341 0.068498779402509 0.0493776510043371 0.0454390000642008 0.0401678245902659 0.0143847472480716 0.000760302117339809 0.000125925712571848 0.000920643654489475 0.00485307975486765 0.0292922717739381 0.0508107231989598 0.0685747205509606 0.0899157569625944 0.112450863168607 0.135450854274337 0.166610509965499 0.210445469999948 0.222814056457591 0.222312804544283 0.22194610424637 0.222328737428828 0.224129526606487 0.226246097140635 0.228522645369703 0.230805507005089 0.231311589729512 0.227667565190547
-9999 -9999 -9999 -9999 -9999 -9999 -9999 -9999 -9999 -9999 -9999 -9999 -9999 -9999 -9999 -9999 -9999 -9999 -9999 -9999 -9999 -9999 0.446061067522431 0.389606266745089 0.345778874920803 0.21565328945641 0.0218219193772404 0.0325314071760596 0.0621535473534593 0.0712159415857749 0.0595326866744952 0.0294070817999879 0.0388655487900665 0.0479684531007396 0.019323888135567 0.003226533451083 0.000534397464768521 0.000250445016785551 0.00493716377445327 0.0418468292190953 0.0657220379347916 0.072842157459986 0.106173017840384 0.145833350230843 0.15844144045596 0.179133644162019 0.212383790372178 0.220365173823488 0.218176520841602 0.221888881884798 0.224298126620325 0.224241150037072 0.22620680921984 0.229197153998708 0.231130368818703 0.230816175662559 0.225298798338984
-9999 -9999 -9999 -9999 -9999 -9999 -9999 -9999 -9999 -9999 -9999 -9999 -9999 -9999 -9999 -9999 -9999 -9999 -9999 -9999 -9999 -9999 0.428317915379545 0.417231363530295 0.386546250959926 0.245756674523955 0.0236873984293866 0.0258014588255767 0.0517075831950513 0.0665091030414815 0.0614033908092258 0.038600659879068 0.0463170168703386 0.0520618867613049 0.0201415607516331 0.00260350296266661 0.000431207487496951 5.02313386350071e-05 0.00520948500283999 0.0479127723774425 0.0683516569442289 0.0601708558136589 0.0838886757526225 0.118398684843463 0.15886604546963 0.193426718478665 0.218811884035896 0.225410888762526 0.224692067229896 0.23689831453183 0.241036767581484 0.229906463680297 0.228151038707193 0.231145012298171 0.232647579677139 0.233543548785026 0.233087432845812
-9999 -9999 -9999 -9999 -9999 -9999 -9999 -9999 -9999 -9999 -9999 -9999 -9999 -9999 -9999 -9999 -9999 -9999 -9999 -9999 -9999 -9999 0.447120991130799 0.45070594482314 0.41925439267169 0.26706307748244 0.0257410283336499 0.0183257480081691 0.0392340015750786 0.0616136952440748 0.0697398444620991 0.0651949582663002 0.062136420301461 0.0539434312798985 0.0185001689571029 0.000137271628923438 2.27357353002825e-05 0.000130433088055467 0.00559411752187075 0.0501072989881022 0.0636534309058446 0.0373930954010208 0.03860857634291 0.054677607601507 0.145826710565341 0.208775823430913 0.227918790439547 0.234928237825648 0.2375630031443 0.260897231672827 0.266587448089248 0.238885373607653 0.231278729219829 0.233852611702175 0.234876202806163 0.238193790351094 0.246936457131134
-9999 -9999 -9999 -9999 -9999 -9999 -9999 -9999 -9999 -9999 -9999 -9999 -9999 -9999 -9999 -9999 -9999 -9999 -9999 -9999 -9999 -9999 0.474990199337696 0.474696139014941 0.470726985432622 0.334651552936559 0.101054564128024 0.0510200491603004 0.0340454783237039 0.058644617853332 0.0677105234767051 0.0629677825845136 0.0611539004803661 0.0561578092516807 0.0324491184015672 0.0184871703043327 0.0149384706722361 0.00765988742817811 0.00736836834431696 0.0653520617758604 0.0844628163533475 0.0536045103753417 0.0553047920415606 0.0751597529084912 0.190948416690252 0.263769192143351 0.269843221348267 0.257957701046994 0.240117493807718 0.271195761745021 0.278213150151014 0.23969396311902 0.228086756813184 0.230113403658721 0.243012523106862 0.255909402744061 0.268329514107703
-9999 -9999 -9999 -9999 -9999 -9999 -9999 -9999 -9999 -9999 -9999 -9999 -9999 -9999 -9999 -9999 -9999 -9999 -9999 -9999 -9999 -9999 0.485027804104019 0.49077862956635 0.508448946747694 0.392753399320866 0.178606462736076 0.0842586041584899 0.0257719067589224 0.0477190121817957 0.0555047551517278 0.0507014101396198 0.0548545327386347 0.0574878786032428 0.0443197777712262 0.0340881991489744 0.0269939491880997 0.0140260757165308 0.00953240532650138 0.0781800811865341 0.10315229436699 0.0719820623462089 0.0811731139494487 0.110850942744592 0.234046135865793 0.308805699177608 0.308324872095337 0.282364239271123 0.247968788669124 0.283442411228757 0.29284011804035 0.252887679399863 0.236580840865394 0.232253077479721 0.254368960506283 0.273958574533802 0.286500995143954
-9999 -9999 -9999 -9999 -9999 -9999 -9999 -9999 -9999 -9999 -9999 -9999 -9999 -9999 -9999 -9999 -9999 -9999 -9999 -9999 -9999 -9999 0.4823950162606 0.486200605942339 0.50440211305377 0.41651455195336 0.250311477579626 0.112370706960084 0.00761763901121869 0.0141047463881196 0.01640604989406 0.0149862811244904 0.0363913271016045 0.0562765971865344 0.0477639257658086 0.0385114407700563 0.0284685519676215 0.0158873695785919 0.0125620352379211 0.0820509643939521 0.111654858157962 0.089988696003523 0.122558293045062 0.1753483540163 0.261815595941377 0.319279428795566 0.331689076748245 0.308403264963634 0.272421372037649 0.303436417159593 0.318212536684098 0.302255571013721 0.278977019624351 0.251989286605295 0.273799654125004 0.290780463420946 0.29436502347618
-9999 -9999 -9999 -9999 -9999 -9999 -9999 -9999 -9999 -9999 -9999 -9999 -9999 -9999 -9999 -9999 -9999 -9999 -9999 -9999 -9999 -9999 0.477859119316475 0.480534050262644 0.489850428301758 0.42496715977694 0.305309318307904 0.137168195805897 0.00213571809593811 0.0122403382157307 0.0126316978996355 0.00438821820094532 0.02470536105194 0.0452179292102805 0.0407749362132971 0.0324735318860944 0.0200498687816803 0.0109166644231297 0.00967528171488958 0.0605658867630394 0.0871610100888131 0.0825256056181631 0.117065779395237 0.166696864858847 0.246761129082567 0.306722304414492 0.335455140973942 0.330365424632982 0.312427048688456 0.329218884954427 0.335936129540348 0.323586639535435 0.300074993191115 0.270908497360512 0.293449661369993 0.311566979751839 0.317109441624561
-9999 -9999 -9999 -9999 -9999 -9999 -9999 -9999 -9999 -9999 -9999 -9999 -9999 -9999 -9999 -9999 -9999 -9999 -9999 -9999 -9999 -9999 0.476509915021354 0.474080521400186 0.467704078763841 0.422352188865629 0.348228416917556 0.159569326840482 0.00581549073640514 0.0333300418437389 0.0343957015020429 0.0119489750756232 0.0179191182401578 0.0270399218427853 0.026243128404985 0.0188725522911455 0.00447866243064996 0.00100664674730871 0.00251117588280838 0.0207492762215881 0.0388118321506783 0.0566487352349734 0.0776822224198514 0.105161105839305 0.200746359399436 0.277514623553508 0.325052388702507 0.34938014310095 0.36367710464647 0.359186221933981 0.348129870755615 0.324647999151319 0.305775058869257 0.289237044933627 0.313258225215666 0.33521979245093 0.350611896408813
-9999 -9999 -9999 -9999 -9999 -9999 -9999 -9999 -9999 -9999 -9999 -9999 -9999 -9999 -9999 -9999 -9999 -9999 -9999 -9999 -9999 -9999 0.453338863372424 0.453671803856617 0.457465365959377 0.408255307024983 0.319917693698458 0.161601340161051 0.0292508721760131 0.024962785666721 0.0170532164380398 0.00592424196277095 0.0142912931363184 0.0229478006180006 0.0153563716391732 0.00814822035764005 0.00134955622419985 0 0.00196605302120377 0.0184150603957435 0.0276120417552318 0.0274869358792626 0.0816445913465085 0.153876310395938 0.232579533507918 0.290684950908752 0.316793531496125 0.339574144652692 0.360578581665087 0.36702265436952 0.366344766921474 0.352188167054475 0.344243989995254 0.339447082590295 0.34715662661831 0.356728519716413 0.370107701058665
-9999 -9999 -9999 -9999 -9999 -9999 -9999 -9999 -9999 -9999 -9999 -9999 -9999 -9999 -9999 -9999 -9999 -9999 -9999 -9999 -9999 -9999 0.408643344925336 0.426302824417249 0.442274755932409 0.389633802246148 0.286342452507929 0.161896620685342 0.0540005803971095 0.0172807837879027 0 0 0.0102192023829304 0.0182882410751331 0.00622897672210476 0 0 0 0.00194129817562904 0.018183193822752 0.0207262374103231 0.00566014754198467 0.0857621843040771 0.193425034661175 0.260498115500245 0.304485928409652 0.312612855887909 0.331354632091007 0.354295269143346 0.372181294250256 0.382447772304291 0.378293826585994 0.378840946316414 0.381769668376109 0.377943845006938 0.377758879202121 0.386370420320103
-9999 -9999 -9999 -9999 -9999 -9999 -9999 -9999 -9999 -9999 -9999 -9999 -9999 -9999 -9999 -9999 -9999 -9999 -9999 -9999 -9999 -9999 0.381205857814536 0.379449226233908 0.404284377456293 0.359332480136486 0.262863413154122 0.16424182596994 0.0754223446769813 0.0241359856052465 0 0 0.00324613261123978 0.00580926510031413 0.00197863626872214 0 0 0 0.00109118353023698 0.0102205842850827 0.0142521915264678 0.0117308609071506 0.072700463485042 0.15466571031272 0.242383033874077 0.303224814479082 0.322317858626094 0.340674403066921 0.358727456517872 0.37670427811926 0.388441235234992 0.388368895874092 0.386009114474377 0.382490494222673 0.391701583749145 0.39793509182201 0.396662094715511
-9999 -9999 -9999 -9999 -9999 -9999 -9999 -9999 -9999 -9999 -9999 -9999 -9999 -9999 -9999 -9999 -9999 -9999 -9999 -9999 -9999 -9999 0.348672169382779 0.356768643527062 0.387048839738439 0.346098103394687 0.252564314545909 0.18313014107785 0.120007905573401 0.0697001720805415 0.0315388114611268 0.00417526477201651 0 0 0 0 0 0 0.000474448277128158 0.00444392576585855 0.00766718199063791 0.00993121113803681 0.0662835210958352 0.143012766812726 0.255988969382885 0.329936495202203 0.343256485324052 0.358667181795901 0.374860089043746 0.388484219215854 0.397960763983547 0.399587768778774 0.398996313844788 0.397280967121561 0.403186865464028 0.406312503195436 0.402614050148164
-9999 -9999 -9999 -9999 -9999 -9999 -9999 -9999 -9999 -9999 -9999 -9999 -9999 -9999 -9999 -9999 -9999 -9999 -9999 -9999 -9999 -9999 0.347409574907413 0.355142564953781 0.387890603173239 0.347728900265358 0.253744839453352 0.216427373207125 0.184768949006802 0.148979576182677 0.0905476767482544 0.0119871519375708 0 0 0 0 0 0 6.09846176810463e-05 0.00057121318992719 0.000985523996883971 0.00127653770402316 0.0656541278460185 0.154969265344276 0.297223658409792 0.381012257487105 0.373979509104202 0.38421408126604 0.401183716195141 0.40658491231354 0.410551468002286 0.411802885532172 0.417051843098781 0.424325990649807 0.412692855190219 0.404413252567121 0.404786144895721
-9999 -9999 -9999 -9999 -9999 -9999 -9999 -9999 -9999 -9999 -9999 -9999 -9999 -9999 -9999 -9999 -9999 -9999 -9999 -9999 -9999 -9999 0.376958316865939 0.380397160470039 0.393050203425746 0.356310417622283 0.283108583452331 0.237454009734918 0.193002925411173 0.140769430630741 0.0796185346496361 0.0105402977322699 0 0 0 0 0 0 0.0011806220571772 0.0110583113746106 0.0128696332137395 0.00431207590793119 0.098082243811487 0.223505026942031 0.330687401094321 0.394740350462696 0.391795621242294 0.39780943112413 0.407434322751307 0.415160160899753 0.422408916840479 0.428754767718502 0.430739790920488 0.430515579330042 0.417178724626142 0.407783128576132 0.408161403749446
-9999 -9999 -9999 -9999 -9999 -9999 -9999 -9999 -9999 -9999 -9999 -9999 -9999 -9999 -9999 -9999 -9999 -9999 -9999 -9999 -9999 -9999 0.407099161173585 0.405192775845521 0.397857694225111 0.365428466538026 0.314474607025133 0.249596177608789 0.184620767040224 0.125487208659159 0.0678015555207994 0.0114030530044674 0.00138805345853027 0 0 0 0 0.00078226138391568 0.0036911616270546 0.0208387916829629 0.0253655714908344 0.0136689308705858 0.128520948088275 0.278531635639839 0.355815802892872 0.403934466921254 0.406747147373108 0.409864123265371 0.413279388899856 0.422797839389935 0.432640820486525 0.443097994111947 0.440539770324908 0.431387828340984 0.420100691600396 0.412519531296579 0.413686628812555
-9999 -9999 -9999 -9999 -9999 -9999 -9999 -9999 -9999 -9999 -9999 -9999 -9999 -9999 -9999 -9999 -9999 -9999 -9999 -9999 -9999 -9999 0.407135422317965 0.405134143966492 0.397318778510563 0.371306777928882 0.331861924709877 0.228850224415345 0.142987748295326 0.149433825330066 0.110523219499867 0.0312916860006193 0.00952768119420037 0 0 0 0 0.0053694884953309 0.0116769327084153 0.0150975767539333 0.0252132475030047 0.0439350129964561 0.12146310867993 0.220233994084773 0.346940342007544 0.422505413864789 0.418627117450269 0.424482929100784 0.434044563977051 0.433891368830858 0.435583055325821 0.440766284676369 0.435104029371033 0.423947353322075 0.419640484332667 0.419468506756371 0.428656880322427
-9999 -9999 -9999 -9999 -9999 -9999 -9999 -9999 -9999 -9999 -9999 -9999 -9999 -9999 -9999 -9999 -9999 -9999 -9999 -9999 -9999 -9999 0.48684722939566 0.4082161890493 0.403346745785106 0.376537402401222 0.333531908292291 0.221612016289237 0.133771552800622 0.166480435776561 0.138699667392238 0.0571451505068231 0.0221797270154281 0 0 0 0 0.00861811999305229 0.0173113678599104 0.0108348784458693 0.0215142917909193 0.054246690300576 0.116719229634473 0.194824600860179 0.348599031940604 0.440312007668957 0.435618099714958 0.441250919754511 0.450615491223821 0.442661412313212 0.437700462182025 0.438404177562438 0.431265148210171 0.420152913352256 0.423299311698259 0.428311887372375 0.437064700768875
-9999 -9999 -9999 -9999 -9999 -9999 -9999 -9999 -9999 -9999 -9999 -9999 -9999 -9999 -9999 -9999 -9999 -9999 -9999 -9999 -9999 0.584700397601011 0.489465746788012 0.41458602534384 0.416249199179156 0.381090001280825 0.318748333116063 0.228514277260193 0.158490635556225 0.176303832851805 0.151649578393462 0.0892428486150541 0.0395555596844068 0 0 0 0 0.0104654539526174 0.0204843268073957 0.00811995280334179 0.0141025745449513 0.0436692670682522 0.11439770049569 0.203843993258592 0.361285308889014 0.457318444830209 0.457959502018831 0.4602687664246 0.462795705473277 0.448999134099322 0.438954404814765 0.436010248895077 0.429097926267251 0.420175294449274 0.431270115759581 0.439138410062441 0.438602695556682
-9999 -9999 -9999 -9999 -9999 -9999 -9999 -9999 -9999 -9999 -9999 -9999 -9999 -9999 -9999 -9999 -9999 -9999 -9999 -9999 -9999 0.584700397601011 0.49697897350935 0.429052031573881 0.434647246620305 0.383894503593616 0.291545398823153 0.200089490652366 0.131463027920275 0.147621035494124 0.127213489346738 0.0743001038467939 0.0328600343986259 0 0 0 0 0.0105889377773195 0.0214644535749466 0.0151322606428673 0.0225460293737018 0.0476294884077673 0.160077012960925 0.297653856594939 0.395811835701195 0.4550986085859 0.454002462063789 0.454678371414198 0.455694326474978 0.443192070623893 0.435300205843963 0.436133766937888 0.433390930728353 0.428836259256951 0.437112297857539 0.443577637913755 0.445257456682046
-9999 -9999 -9999 -9999 -9999 -9999 -9999 -9999 -9999 -9999 -9999 -9999 -9999 -9999 -9999 -9999 -9999 -9999 -9999 -9999 -9999 -9999 0.436865336462665 0.441177905322362 0.445768993546811 0.378989972238102 0.259525157240437 0.163479741473874 0.0935593832085733 0.110684317009088 0.0942596002268441 0.0480101046243027 0.0203200365509703 0 0 0 0 0.00956947329834012 0.0202424412644681 0.0215854701644973 0.03586295161372 0.0667669722888381 0.219339705359814 0.3989024049808 0.422796512074626 0.437830724775223 0.439101889165715 0.441803523526344 0.444745315704957 0.43556878367606 0.431150358253257 0.435736918709233 0.43750037650582 0.437833624929081 0.440740000293834 0.444604121352159 0.450593551116043
-9999 -9999 -9999 -9999 -9999 -9999 -9999 -9999 -9999 -9999 -9999 -9999 -9999 -9999 -9999 -9999 -9999 -9999 -9999 -9999 -9999 -9999 0.431337543397935 0.423226276876979 0.396517910060367 0.322874970567787 0.21458468039773 0.128881168178278 0.0664218832518807 0.0806297392046264 0.0644471187329724 0.0212481442350556 0.00727229651552789 0 0 0 0 0.00342479931807175 0.00724452609640313 0.0077251799754174 0.0567068729052697 0.168034028482919 0.293165093201366 0.409574262894386 0.360009711317994 0.347239161949731 0.391624782557897 0.419209613887287 0.439247635237478 0.435645050613541 0.431786576050804 0.427443815305308 0.429437847343991 0.434642155993278 0.432396943970975 0.432416047715203 0.43804675710853
-9999 -9999 -9999 -9999 -9999 -9999 -9999 -9999 -9999 -9999 -9999 -9999 -9999 -9999 -9999 -9999 -9999 -9999 -9999 -9999 -9999 -9999 0.365324253621864 0.375499156861504 0.349548956411387 0.28093512207638 0.180826766749554 0.104032319598661 0.0463891593956774 0.0498173958868324 0.0352433330142322 0.00466568776582277 0.0010135571100859 0.00181385748888075 0.000617800040421402 0 0 0 0.000787012626501814 0.00737156368263658 0.0783195077247678 0.232003112524347 0.33411615196652 0.407216267143791 0.325127407298951 0.300905351297385 0.366574165491175 0.405030770627129 0.431554796862473 0.430006425734664 0.428097350001755 0.425505620401617 0.427103025660197 0.430822684575104 0.427207408366664 0.425174169335481 0.427154040894646
-9999 -9999 -9999 -9999 -9999 -9999 -9999 -9999 -9999 -9999 -9999 -9999 -9999 -9999 -9999 -9999 -9999 -9999 -9999 -9999 -9999 -9999 0.311827314006602 0.29027946976496 0.305453604557273 0.256844278031919 0.161149661800112 0.0914600847258348 0.0353025949644667 0.0180508928610963 0.00680600205333755 0.00090101241280438 0.00330336041919538 0.00591167974177791 0.00201351870575147 0 0 0 0.00256501220693203 0.0240252191558659 0.100900087723101 0.249007506843384 0.333672663634425 0.388451399942869 0.325381759658352 0.310299814292604 0.369762432794608 0.401447972102616 0.421097869608943 0.41717174955697 0.41896163138374 0.431569370072987 0.431980392441383 0.4262124478679 0.425988708535237 0.424160418442467 0.418344098780019
