layers/veg_old/veg_6000.asc
NCOLS 255 
NROWS 330 
XLLCORNER -2985163.8955 
YLLCORNER -3022031.214 
CELLSIZE 25000 
NODATA_value -9999 
[rows 75 to 99 of 330, columns 171 to 227 of 255]
0.733826725725547 0.727522032669589 0.724623610865465 0.721935857426357 0.706226790693243 0.692890385739491 0.683346757702107 0.678156835950086 0.674619392690731 0.662265019694263 0.644458792820512 0.616018191977231 0.606509204693158 0.606886405176863 0.59649796938659 0.58683584052088 0.579593243583602 0.581513270422419 0.589266209709429 -9999 -9999 -9999 -9999 -9999 -9999 -9999 -9999 -9999 -9999 -9999 -9999 -9999 -9999 -9999 -9999 -9999 -9999 -9999 -9999 -9999 -9999 -9999 -9999 -9999 -9999 -9999 -9999 -9999 -9999 -9999 -9999 -9999 -9999 -9999 -9999 -9999 -9999
0.721698018731368 0.715059977459419 0.711050387931397 0.707144661352747 0.692371064031235 0.680414728061639 0.67296187586536 0.664399406178882 0.655013761724025 0.629030388440202 0.608816951137687 0.599858338044811 0.595314743173952 0.593076693945279 0.585417621295643 0.578861824173011 0.575304084818879 0.574080000970063 0.574341518689029 -9999 -9999 0.560944035713209 0.560944035713209 -9999 -9999 -9999 -9999 -9999 -9999 -9999 -9999 -9999 -9999 -9999 -9999 -9999 -9999 -9999 -9999 -9999 -9999 -9999 -9999 -9999 -9999 -9999 -9999 -9999 -9999 -9999 -9999 -9999 -9999 -9999 -9999 -9999 -9999
0.709401207742702 0.702640018854067 0.697484548446385 0.69223617590761 0.678164573792229 0.667271896442931 0.661460833581017 0.65171471979478 0.639783803082498 0.603419696762364 0.580975935641497 0.585685168706839 0.584604226932833 0.580499625527753 0.574992458556011 0.570904215070208 0.570326744391819 0.568542377760358 0.56598970298918 0.555762066398561 0.549068343668533 0.55492961857026 0.551129095097704 0.539893025237698 0.547215454491479 -9999 -9999 -9999 -9999 -9999 -9999 -9999 -9999 -9999 -9999 -9999 -9999 -9999 -9999 -9999 -9999 -9999 -9999 -9999 -9999 -9999 -9999 -9999 -9999 -9999 -9999 -9999 -9999 -9999 -9999 -9999 -9999
0.696760573487558 0.690346164036648 0.683970283812343 0.677103117641359 0.663192670577031 0.652650699235553 0.647493345742307 0.641362043642676 0.634128113637174 0.594508091065497 0.570212610927068 0.575809148956281 0.574921071731103 0.570646694452515 0.565973477062641 0.56291460142635 0.563775863718334 0.564727617851458 0.565736978953891 0.555762066398561 0.547452730891601 0.546775126607989 0.543826033166289 0.539128842491622 0.547215454491479 0.555026778885078 -9999 -9999 -9999 -9999 -9999 -9999 -9999 -9999 -9999 -9999 -9999 -9999 -9999 -9999 -9999 -9999 -9999 -9999 -9999 -9999 -9999 -9999 -9999 -9999 -9999 -9999 -9999 -9999 -9999 -9999 -9999
0.68261504344125 0.67516345073374 0.658284771683598 0.639829357598605 0.64353050437872 0.645761987872456 0.645644166869489 0.626441718981252 0.599220290717789 0.574305760394108 0.559661603304405 0.565050813255565 0.564584301058309 0.561059900081837 0.561490706888072 0.562083438498869 0.562821867428618 0.561735903172024 0.559488532970248 0.547362231756218 0.536017271949985 0.529352276718437 0.52719324689719 0.528501927074706 0.539379331095018 0.551476872801495 0.563391264013635 0.578950021675457 0.597883784736562 0.62248707021215 -9999 -9999 -9999 -9999 -9999 -9999 -9999 -9999 -9999 -9999 -9999 -9999 -9999 -9999 -9999 -9999 -9999 -9999 -9999 -9999 -9999 -9999 -9999 -9999 -9999 -9999 -9999
0.667597430299226 0.658306651646352 0.625546054106187 0.589725119950715 0.621150343295943 0.643354231424816 0.650817515709139 0.608874454195773 0.547360934498781 0.547560484725145 0.54923363286993 0.553781177815869 0.553868761963966 0.551627331221364 0.559636659069531 0.565400578661826 0.565111250706063 0.55922114100707 0.549765582114919 0.534094715350516 0.518891238356597 0.50655843813924 0.505153910267353 0.512159584390125 0.527002195098132 0.543207567701999 0.560706259545106 0.578950021675457 0.597883784736562 0.62248707021215 0.64420213890437 -9999 -9999 -9999 -9999 -9999 -9999 -9999 -9999 -9999 -9999 -9999 -9999 -9999 -9999 -9999 -9999 -9999 -9999 -9999 -9999 -9999 -9999 -9999 -9999 -9999 -9999
0.652522203983133 0.64428724262743 0.612315000675306 0.5771314385821 0.608338473677264 0.620071851646358 0.600675956211439 0.568652048610859 0.5323714536875 0.546807148706996 0.556667892646257 0.557604747249045 0.557055060290949 0.55572909354299 0.559985327389465 0.561318604870829 0.555252924041113 0.549611240036225 0.544239471769227 0.528774606104604 0.515019229849728 0.508822008878857 0.50682137039545 0.508050346373605 0.52890782586702 0.55093514751112 0.567292998168234 0.582397001114761 0.596339830273873 0.607752815633094 0.619537737651941 0.636023272714365 0.647951435836071 0.654807406569493 0.67609870320374 0.701758129148621 0.731986644591619 0.756092245125795 0.771993143365151 0.776041865100373 -9999 -9999 -9999 -9999 -9999 -9999 -9999 -9999 -9999 -9999 -9999 -9999 -9999 -9999 -9999 -9999 -9999
0.636180711961383 0.627526105838013 0.599451957612568 0.568947498868247 0.595507586201007 0.598075332821339 0.562290543561825 0.54171626138032 0.528274992492505 0.547770892079342 0.559857249368664 0.557490570038071 0.556684236131208 0.556692722777983 0.558602887157959 0.557179315863163 0.547593582484251 0.542192887562118 0.539456381796633 0.523327416156862 0.510391415176505 0.510301984501933 0.50893064129881 0.506572761252186 0.53145467899684 0.556976189889034 0.570722651871619 0.582868326759046 0.593531531328555 0.595143220487909 0.597639117581405 0.614523419917949 0.631273756037073 0.647874992535379 0.672436868722816 0.699634925857514 0.731204481553787 0.756144720750562 0.77220167982562 0.78721582894742 -9999 -9999 -9999 -9999 -9999 -9999 -9999 -9999 -9999 -9999 -9999 -9999 -9999 -9999 -9999 -9999 -9999
0.616409140328076 0.602924984675962 0.584867243184297 0.567504842172585 0.581290501509561 0.582481672338737 0.563540144229813 0.554015663796975 0.548612318764651 0.549771493717413 0.549029632671439 0.544579615061634 0.544716258966769 0.547248081540755 0.552212979200787 0.55391641618254 0.547599171006961 0.541714553951029 0.536105347302222 0.516426697737351 0.501862827714844 0.506159430205063 0.508932936619189 0.510534295666168 0.533750430567891 0.556206807152139 0.564287112640063 0.574779497238931 0.587505680259372 0.590357513834377 0.586823110555993 0.558985026313233 0.569313489302935 0.622119957791817 0.658832563812972 0.691746883645809 0.728298619884913 0.756339676148845 0.772976426365318 0.787729446692438 0.800944366095841 -9999 -9999 -9999 -9999 -9999 -9999 -9999 -9999 -9999 -9999 -9999 -9999 -9999 -9999 -9999 -9999
0.593262565737332 0.578210375599278 0.562762765394238 0.548590378181203 0.554084615925857 0.55820663964411 0.560135134672807 0.550057385781785 0.535177306107639 0.533113877842504 0.529946733021735 0.524626681158119 0.527068815560913 0.533564404291739 0.539692595487621 0.542916939571068 0.539157020443694 0.533416338113396 0.526414704921687 0.511135746921477 0.50033354640308 0.505099655557565 0.509739749833236 0.514282865322905 0.533296612047289 0.551468039634302 0.558689904249683 0.569758814870394 0.584390430070501 0.589136749651358 0.583136793693398 0.529119253679303 0.520779368819979 0.563277084622723 0.629035619765514 0.69606583044701 0.72347339469454 0.745161836140551 0.759186656472645 0.778290141430688 0.799158996454387 0.820478244046157 -9999 -9999 -9999 -9999 -9999 -9999 -9999 -9999 -9999 -9999 -9999 -9999 -9999 -9999 -9999
0.567743320347014 0.55341598304846 0.535371796548247 0.517393007327467 0.51774743505524 0.52782848982411 0.553457873830832 0.534669747817599 0.497999901689453 0.503339293353501 0.50506026251577 0.499723144845593 0.505428633814342 0.516900629813074 0.522862407902522 0.526478549155966 0.524775999869196 0.519620643770106 0.512267236072594 0.506976483584229 0.503724867985175 0.506207114938551 0.511112149548424 0.517881717996509 0.530909810133745 0.543938743195219 0.553682053300564 0.566895079694839 0.583321370005026 0.590422186206123 0.58446274137477 0.517301666156364 0.481684003076722 0.48117303241367 0.587855040641465 0.708966448656186 0.717298832084715 0.725988773635852 0.735157842856211 0.761853802362925 0.794017841610157 0.818513449943235 0.833665641624242 -9999 -9999 -9999 -9999 -9999 -9999 -9999 -9999 -9999 -9999 -9999 -9999 -9999 -9999
0.564759708866596 0.550137100946487 0.525786650442654 0.500078797152253 0.501000876049274 0.508899275466728 0.527949549821113 0.503322979592795 0.461151570616837 0.462103116388637 0.467736994274783 0.482504218702181 0.496973695111502 0.511287685946127 0.513263837423917 0.514027594833744 0.512630171153983 0.50832418179877 0.502166603930344 0.502394489352075 0.505018593906169 0.513458716330143 0.5206297531728 0.526824124560024 0.531289537849786 0.537519288247314 0.55166412607311 0.563328061855705 0.572694463099305 0.550728917554235 0.522810830254503 0.495652172934383 0.486629039178231 0.49779009617396 0.593014486352633 0.698015398720159 0.702030793692295 0.707092363235931 0.71355580607609 0.747450140104112 0.788576005398219 0.79810681857687 0.809239535969448 0.822970056778899 0.827096633304992 -9999 -9999 -9999 -9999 -9999 -9999 -9999 -9999 -9999 -9999 -9999 -9999
0.56013000467977 0.548711851537721 0.52231128954035 0.492528933513743 0.485724545966287 0.486636250143224 0.499882377553767 0.471903707563717 0.427494973334978 0.429872591498868 0.441118625596017 0.469663371961402 0.490374325055537 0.506994430268622 0.506166111160276 0.504179473447953 0.500478745909234 0.495882630966668 0.49071651375603 0.497336375206042 0.506262179526767 0.519472119846209 0.528380756835913 0.53397918808588 0.532500159427957 0.533903165309569 0.550470560036643 0.55993187546616 0.562812333474195 0.520213571991362 0.477590303568688 0.482952786691361 0.499646408116611 0.52895118224051 0.604096606562222 0.682205263158444 0.685952794661987 0.688627918940181 0.689866018181474 0.728604557262944 0.776918838003135 0.777454835539814 0.788416889245752 0.81628684799717 0.82508387657226 -9999 -9999 -9999 -9999 -9999 -9999 -9999 -9999 -9999 -9999 -9999 -9999
0.541563581153158 0.545898100208108 0.533607258525929 0.5138946987938 0.468426951146849 0.448603179742401 0.469772137256356 0.446045896992655 0.404823501354606 0.433150765450506 0.456276405236769 0.46925576828804 0.48542780758263 0.503267079135288 0.50513518158725 0.501934815325974 0.487493594467819 0.478546530163093 0.473097037616842 0.490775692432089 0.508095441449208 0.518939221251535 0.527018025048532 0.532968953003849 0.535593896622948 0.539636376253594 0.551056000638838 0.557386260753596 0.559003319786911 0.536559046058332 0.512481606191854 0.504975165392401 0.524706451515733 0.574752356013218 0.618904366937796 0.658177788704358 0.670369345301045 0.671565633664409 0.658028269208899 0.693563714963076 0.74374619673364 0.762667345240311 0.783304116141518 0.806723106903218 0.818715874889104 0.82567521567201 -9999 -9999 -9999 -9999 -9999 -9999 -9999 -9999 -9999 -9999 -9999
0.530309479289142 0.527932713699502 0.526963739001279 0.522208085440133 0.457958960640945 0.424081213028001 0.43875309828403 0.427943181487865 0.407393313018587 0.435252834425819 0.45574723126683 0.461875232615163 0.477644485728887 0.498448451017089 0.50094132067452 0.497305466598016 0.480015308702465 0.474331270847184 0.47603567146896 0.488641515506608 0.500760044262038 0.508856641733947 0.516354415147688 0.523391344328302 0.529409612988322 0.535786574951724 0.544123294234452 0.55008532227224 0.553848176356487 0.545022806146502 0.534286087433711 0.526467540186825 0.546850385953236 0.598620376074282 0.617434930666321 0.628223980945056 0.644442945905928 0.652992439646075 0.651264846563723 0.680007009701182 0.718672069242636 0.750163749861493 0.776451498917567 0.79430004725399 0.806176987844162 0.815231509396825 0.809870569665595 -9999 -9999 -9999 -9999 -9999 -9999 -9999 -9999 -9999 -9999
0.525252460593889 0.497126543144528 0.505116771456605 0.519459776543569 0.453278957575094 0.411009704473126 0.406963866036302 0.416412792984659 0.431354734796018 0.43635817203594 0.441923598891532 0.448585241433489 0.467457014619582 0.492704981986878 0.494066922789587 0.490655128272102 0.477204009178748 0.481235728318236 0.496396995854563 0.49025873603815 0.485654345702744 0.490680850560043 0.497808450247817 0.506553014756344 0.515362345560634 0.523815314196169 0.530819070762771 0.538754318067663 0.54755220811568 0.546806931599769 0.544999683419578 0.547510744602725 0.56652296168988 0.603900376628547 0.60217081385008 0.593247694406393 0.609751051155208 0.633138773081521 0.665751540204657 0.684657789035389 0.700461310972024 0.73959572124591 0.768124389841633 0.779453757923322 0.788408367812022 0.796308910440162 0.802316405208041 0.806308300790323 -9999 -9999 -9999 -9999 -9999 -9999 -9999 -9999 -9999
0.503857114043391 0.473600987678578 0.485892054544196 0.507508446827823 0.459983867125395 0.424177847531418 0.407104326879768 0.408632459017231 0.417800834431654 0.41647977412682 0.418087082790851 0.425406461410648 0.439196059369342 0.456364439758969 0.458916249623255 0.457335834129442 0.446689813528924 0.458718546816831 0.485181994161265 0.481354443219419 0.477183346840097 0.479014540761116 0.488628504118273 0.504231946961905 0.508746598817369 0.513177095927729 0.523100751280148 0.532043063158358 0.540076564254301 0.531024023192029 0.522061712464073 0.53166821620447 0.55352036833791 0.589001490276045 0.588501821774357 0.580434151387291 0.588024682466219 0.606053857926706 0.638070810579518 0.675374457009588 0.713798194806162 0.742090801956191 0.763401097764766 0.773388199525399 0.781913803289495 0.789672539001185 0.789627134357691 0.787367174384529 0.780721286048032 0.778418760597499 -9999 -9999 -9999 -9999 -9999 -9999 -9999
0.478411008859516 0.450306446562642 0.465972202306471 0.492163526919643 0.460247519914646 0.431111319189409 0.406418729088139 0.397561143665823 0.395366006768128 0.391673730079527 0.391650100815526 0.398782527006004 0.40734144026268 0.416645272537516 0.422156641974787 0.424051641122267 0.417455235212976 0.434176798797991 0.465742546522134 0.467459524695297 0.467401289735757 0.468879702220926 0.481772431141984 0.503449412854527 0.502813492779511 0.502482362430303 0.515087420880069 0.524471124777345 0.530871569675348 0.515292363428962 0.500312966654593 0.511852961872274 0.53428684153127 0.568845225940121 0.573775687093518 0.571371552565816 0.572876080210116 0.585020874412775 0.611423619403395 0.665366754367656 0.725831388126162 0.743660113686647 0.758090129038351 0.767008465903551 0.77509044346265 0.782574987990822 0.776683351858277 0.773612707608995 0.77612903973722 0.773753053333503 0.768783526342073 0.759868356014462 0.751197684001548 0.743410028371769 0.741041695090659 0.742172926862734 -9999
0.446583091177581 0.422553367403687 0.440835670266939 0.468065633986234 0.421981231859411 0.389189782261495 0.377647549024942 0.368373899386635 0.360227118153999 0.359946425820771 0.36075474918419 0.363687304127818 0.372543552078978 0.384493183548029 0.399411171217662 0.411187656908428 0.415199761210631 0.422591000147845 0.432133391086747 0.438404214041434 0.446497377856975 0.460905115680112 0.478582915334285 0.498777295804219 0.49440239674125 0.490512884317407 0.501462508019989 0.509397227477119 0.514539879164112 0.513142130070875 0.509642507691524 0.501625425868505 0.510966526747026 0.539626665728754 0.552933647939595 0.562875729262754 0.578394456045561 0.59755661874849 0.621600983392818 0.662582726926808 0.707853381777738 0.731012064393876 0.747315415964888 0.752501497066164 0.758178128581822 0.764005496302546 0.766459400702462 0.768272503248461 0.76881649727921 0.768864026507435 0.768648367309291 0.759868356014462 0.751197684001548 0.743410028371769 0.741041695090659 0.742172926862735 -9999
0.423561188458223 0.409394064610062 0.426764552586956 0.449775582669729 0.403771813159901 0.373694835422825 0.369077351623284 0.358892333653725 0.34654715208386 0.343275372007895 0.341923572876874 0.344316884279348 0.354632716705535 0.369085731109878 0.38409513520566 0.397501301348509 0.407004362818827 0.413288768375138 0.417524182441016 0.422677548862144 0.431256838666383 0.450062343593013 0.470991849922611 0.493555949559478 0.485395454412508 0.477942258025296 0.48944417405297 0.498116331384471 0.504167882086503 0.509707505134972 0.511375877677039 0.492520186931958 0.494872102856584 0.520827328434908 0.539343158069155 0.556405534867289 0.577612258353407 0.599465450890786 0.622184911567996 0.654849525354762 0.690246518393571 0.71582186095778 0.730279243223986 0.726706661526224 0.73545269276535 0.749345551435617 0.755025449236722 0.759389045657801 0.761145706284587 0.762952487683419 0.764785839358845 0.754805682875882 0.744830527197624 0.73571567921114 0.734060060016942 0.737221289632563 0.735612910546421
0.409510337505892 0.411102045577159 0.423966230316131 0.437402219891838 0.405995157070874 0.385121749235555 0.381086731019035 0.369485757924162 0.354728278213188 0.34194274343519 0.335382671094212 0.340965971847727 0.353925420685267 0.370736732689858 0.376347771740944 0.382977162074987 0.392757717703445 0.406312900656778 0.422271005660451 0.420529326263851 0.421785811539722 0.436297632226623 0.45891674382736 0.487775080811521 0.475781498816153 0.464759217212165 0.479062528472094 0.490699522546977 0.499867271275656 0.504964417360578 0.505370713941792 0.484558278449742 0.486138992971019 0.512642484593834 0.533140121466709 0.551998932444818 0.570411405739787 0.590548207922378 0.612995609777181 0.642074395336796 0.67301775370211 0.698041859921244 0.706864262469193 0.689412409171955 0.706805190149846 0.738668423662342 0.742358820394825 0.746895929409254 0.753109952684171 0.755999273583472 0.757126086482338 0.744585455156855 0.731976884333939 0.720182778228042 0.719965944447681 0.727225214695643 0.731255044020864
0.40042174051596 0.410718539323921 0.42166745608527 0.429728795709089 0.394397692915202 0.370645680621126 0.365403220570114 0.365842552837976 0.36846666768767 0.360907129885586 0.358565116540687 0.366400394723 0.3764987408398 0.387778872886342 0.390161448832698 0.394887914116081 0.405821430784876 0.41659330797435 0.427262285715578 0.432044365943227 0.43805343918896 0.449171506587283 0.463851183197216 0.481271810247326 0.475839696766997 0.470890076621372 0.479866031860283 0.484346282160773 0.484663112385303 0.484598083802765 0.48346485760868 0.476922976445177 0.483166911517695 0.503641003933954 0.525289599371031 0.547837985325867 0.575193338288441 0.600687435116062 0.623687449842413 0.648976333202407 0.672678141421534 0.661386646587134 0.657725857406684 0.66643976144987 0.681045495978396 0.698234203849496 0.718310865128116 0.734156077289588 0.741620901545515 0.737450283854602 0.727111426964202 0.711559769276759 0.701878033927447 0.706969937865407 0.715479791233479 0.726196809189596 0.724398073962123
0.395068490007583 0.410146972752944 0.419091951285922 0.422828804646904 0.382559850395108 0.355308875538738 0.348867563558967 0.36150017880598 0.381743586998115 0.380757778156525 0.38309714411587 0.391922588598805 0.398106040947968 0.402909831165652 0.404281724606971 0.40841118871123 0.419407319395532 0.426373485860309 0.430774183193509 0.443525026982876 0.455539342533477 0.463366024481814 0.469650015774752 0.474746780064463 0.477132289745178 0.479413896083912 0.482707695325162 0.479897006798822 0.471433023122298 0.466604713729393 0.464303493704522 0.471906913377994 0.482130214439418 0.495269350022807 0.516632795492104 0.541506487519966 0.577306271697936 0.607755013682083 0.631033362345222 0.653921969924089 0.672321696223753 0.626380043016834 0.61223487021476 0.649653957449062 0.659404512448695 0.657922070942409 0.693268633407895 0.719541856662475 0.727845325329244 0.716083507014528 0.693684577511973 0.6746321071931 0.668406701435063 0.693406983877549 0.711628458826569 0.725472471746183 0.723083594032908
0.406879481681749 0.41150401607722 0.413929828679028 0.413913731288294 0.390091635370086 0.373563270294904 0.368694170866539 0.37412557100224 0.383543105237355 0.375687056641815 0.37147569722511 0.374373660362321 0.378024644962181 0.382068861314295 0.387732460000658 0.392505672574073 0.395030048410365 0.406679221031973 0.424137225496611 0.434058931064551 0.442046436208833 0.445893652875834 0.455368188149789 0.469173406689744 0.47191651241469 0.474465877951863 0.482059199004039 0.486419370768023 0.487785360565126 0.487987447420472 0.487394628899746 0.483707734750549 0.485149406921568 0.49229899044821 0.505145092666943 0.520455961280159 0.543606962060684 0.565622166660408 0.586115405061051 0.616098100065241 0.646242593386859 0.630893257666904 0.629859963033211 0.652042950700719 0.660607434684914 0.663541751823771 0.678913722940385 0.692912940127957 0.704193417208833 0.693676545564692 0.671604353420922 0.64649700593972 0.638795892132307 0.674011678833592 0.697403142841704 0.7131589683304 0.709290871014808
0.412768356976747 0.409251185140601 0.407712381697889 0.405950697879378 0.391803644304892 0.381263116213667 0.376487736244346 0.377101456263483 0.379790221524804 0.372951645959158 0.36809440784607 0.367101962132887 0.367235323796685 0.36795658796992 0.377872509436523 0.383360644066862 0.377594847608521 0.390552329855891 0.415429023030426 0.420194794792857 0.423537458035101 0.427223593076631 0.440166778606398 0.460234023824621 0.465028041110609 0.468917247988613 0.477239640455452 0.484677990195677 0.491297638244752 0.497874784733856 0.501277713512897 0.487452861966783 0.482170658610601 0.486396117935544 0.489452045556479 0.494053532621526 0.513760083375642 0.533944501371158 0.554769261182708 0.588236486027246 0.623583302826879 0.622900774529841 0.627947989793147 0.642287113567254 0.655012020789619 0.666858206318572 0.668302538978614 0.672120195591351 0.680638221935226 0.671175298054847 0.652180222106327 0.627495579088423 0.619580329625316 0.653210304580375 0.677964781342554 0.696987843491049 0.696176008883223
