layers/veg_old/veg_600.asc
NCOLS 255 
NROWS 330 
XLLCORNER -2985163.8955 
YLLCORNER -3022031.214 
CELLSIZE 25000 
NODATA_value -9999 
[rows 250 to 274 of 330, columns 57 to 113 of 255]
-9999 -9999 -9999 -9999 -9999 -9999 -9999 -9999 -9999 -9999 -9999 -9999 -9999 -9999 -9999 0.507724540980657 0.497554651355665 0.491257700884607 0.481285625092136 0.462733441334911 0.43134309988049 0.392125017066522 0.37439244001721 0.35617390355306 0.332540851258451 0.331219552352626 0.346368908228886 0.356126837213148 0.364311926763827 0.369030359893996 0.379051586281397 0.393786859857949 0.399714206568453 0.394787097978096 0.343105914691743 0.307256896572749 0.288322685154704 0.277262445953962 0.266908529810836 0.247392230142252 0.23095400061104 0.218472463772034 0.20405050026262 0.19067103927811 0.198312611666706 -9999 -9999 -9999 0.149846984216679 0.142232906181371 0.135319939865214 0.129733867133642 0.12785550657149 -9999 -9999 -9999 -9999
-9999 -9999 -9999 -9999 -9999 -9999 -9999 -9999 -9999 -9999 -9999 -9999 -9999 -9999 -9999 0.516546315514686 0.519599650160042 0.518186890525758 0.515702201795704 0.510908528882197 0.484925144110064 0.446021869442134 0.418980496145013 0.390996940428539 0.35807868431392 0.354701182381472 0.373130821988228 0.384754713764636 0.39522630770778 0.404430504056275 0.41502090082476 0.426843594210606 0.433094085437699 0.433970553377563 0.41279946924712 0.380064785905965 0.334975756627361 0.317187169872186 0.305545303836748 0.289375552072792 0.271616291495811 0.25181380330412 0.232829016087254 0.214938545964725 0.207491827556973 0.202961490962763 -9999 -9999 0.149846984216679 0.142232906181371 0.135319939865214 0.129733867133642 -9999 -9999 -9999 -9999 -9999
-9999 -9999 -9999 -9999 -9999 -9999 -9999 -9999 -9999 -9999 -9999 -9999 -9999 -9999 -9999 0.5697268143177 0.554937018086476 0.55536805798803 0.556499387596034 0.558713536422096 0.537243406729847 0.501332388328986 0.472947987035126 0.442163406684879 0.403044586588264 0.394250110175759 0.40784122523207 0.41534207990433 0.423972488559255 0.439530897385371 0.451936110097657 0.461538212344158 0.467549949824913 0.471384234343051 0.467495667459997 0.443837359564264 0.399057408215322 0.365831352343498 0.337381072277922 0.323032316523895 0.305105194525969 0.282578276248107 0.259990961754465 0.237737673145751 0.219934286989916 0.210757620039261 0.214981784736138 -9999 -9999 -9999 -9999 -9999 -9999 -9999 -9999 -9999 -9999
-9999 -9999 -9999 -9999 -9999 -9999 -9999 -9999 -9999 -9999 -9999 -9999 -9999 -9999 -9999 0.591601454060604 0.609600215963317 0.608589723146973 0.607279831973956 0.605939507642402 0.587584325430763 0.558854764753289 0.541590773202505 0.518901206191603 0.478408125786299 0.458938328875194 0.454988031430813 0.448995311848134 0.449326249997017 0.474162293157787 0.490331289625576 0.498795503892857 0.503689327727643 0.506028882520213 0.498726631542888 0.493473055168297 0.490408246693238 0.428118215015396 0.358575819413693 0.3436611434979 0.327370437754385 0.309310920086313 0.284623581828206 0.258239337487098 0.237482497863536 0.22284146077145 0.217700772324612 -9999 -9999 -9999 -9999 -9999 -9999 -9999 -9999 -9999 -9999
-9999 -9999 -9999 -9999 -9999 -9999 -9999 -9999 -9999 -9999 -9999 -9999 -9999 -9999 -9999 -9999 0.625973660524405 0.633585779748334 0.635339515322674 0.623366249929003 0.604824697719737 0.58227829905349 0.564331225323554 0.544131367750505 0.516569340633365 0.506874381930781 0.51036898796998 0.506713524911264 0.50713235693645 0.525938928653605 0.534221729201368 0.533149167114034 0.539472794386413 0.545081523027073 0.540366120993937 0.542040718463169 0.550542278969938 0.479136371280037 0.395770624088991 0.370088253183707 0.348154199659525 0.331038405410791 0.307834060577011 0.282917780228482 0.26124416769497 0.248872681864514 0.250951212424625 -9999 -9999 -9999 -9999 -9999 -9999 -9999 -9999 -9999 -9999
-9999 -9999 -9999 -9999 -9999 -9999 -9999 -9999 -9999 -9999 -9999 -9999 -9999 -9999 -9999 -9999 -9999 0.674371228072682 0.661173501474226 -9999 0.615728154170713 0.592966600185084 0.56930682560955 0.549466415905683 0.540819590134611 0.548833738932388 0.569147107593117 0.573847202936389 0.577475410665435 0.584060204938384 0.579976777542813 0.566409574723572 0.575071536361525 0.58567330200358 0.58586966250686 0.5896311852772 0.59720166468533 0.526246983801551 0.441662630512358 0.39993888259621 0.368594516205297 0.350592283423329 0.330206275746035 0.309019663619113 0.287462026075943 0.279338686520465 0.292084319439226 0.288436144325831 0.277922262507533 0.26183896446708 -9999 -9999 -9999 -9999 -9999 -9999 -9999
-9999 -9999 -9999 -9999 -9999 -9999 -9999 -9999 -9999 -9999 -9999 -9999 -9999 -9999 -9999 -9999 0.693030735344218 0.674371228072682 -9999 -9999 0.633077643961571 0.638243991561244 0.618207811851958 0.605555812096195 0.618926366601462 0.625821526185758 0.627936514868085 0.621776325892886 0.615917477652799 0.614869787848183 0.610643619490216 0.603591865226223 0.609249112028049 0.615791573438466 0.615255938247377 0.617100116665704 0.621486846071974 0.60115042219689 0.56617537090207 0.468470380513824 0.399073717722356 0.366065879074563 0.343144544605955 0.323886284240421 0.309664902169816 0.299795741739783 0.296687365810888 0.288436144325831 0.277922262507533 0.26183896446708 0.251315902742569 -9999 -9999 -9999 -9999 -9999 -9999
-9999 -9999 -9999 -9999 -9999 -9999 -9999 -9999 -9999 -9999 -9999 -9999 -9999 -9999 -9999 0.700558511725501 0.697103910785598 0.700456046413755 -9999 -9999 0.684949687092775 0.677948697836162 0.661584996795906 0.655518705202456 0.680927473635524 0.687622225837518 0.680502191923988 0.667074641515667 0.654358589135618 0.647107457437218 0.641828619275869 0.638303099479672 0.63944112034072 0.641103192590644 0.641172937402895 0.642029955528931 0.643728082611496 0.658176896721225 0.661620268211633 0.560729155693026 0.47119701546551 0.396266219797832 0.363986563662055 0.346218550367561 0.337442749148683 0.326733407936421 0.313020486415259 0.296098113464249 0.277922262507533 0.26183896446708 0.251315902742569 -9999 -9999 -9999 -9999 -9999 -9999
-9999 -9999 -9999 -9999 -9999 -9999 -9999 -9999 -9999 -9999 -9999 -9999 -9999 -9999 -9999 0.705195906608192 0.708692436909224 0.705299615567217 -9999 -9999 0.693700842875266 0.700786804900633 0.69442853221282 0.693798622613373 0.712215767511264 0.720461808047135 0.721199485354877 0.707356121642525 0.692797878512704 0.682068426392126 0.674001723588259 0.668302136627491 0.662032824550564 0.657248734288428 0.660474176561953 0.662117855058561 0.662071604966735 0.681112776408785 0.701634049344277 0.69823481963596 0.622733798744093 0.454549824722883 0.399900691582572 0.382787478713788 0.375851823837046 0.366029318223988 0.351722349886596 0.318371125475183 0.277922262507533 0.26183896446708 -9999 -9999 -9999 -9999 -9999 -9999 -9999
-9999 -9999 -9999 -9999 -9999 -9999 -9999 -9999 -9999 -9999 -9999 -9999 -9999 -9999 -9999 0.743619180702683 0.73934626750298 0.743492443811595 -9999 -9999 0.729478566533368 0.726697646087713 0.716872800255828 0.715276766762377 0.738751147427754 0.750997346362107 0.754954841943581 0.747917658339402 0.73595935617016 0.710537501607756 0.691828490774868 0.679087025833232 0.687655099317212 0.699213832643917 0.706503388645464 0.711520315584546 0.714109205619755 0.749633322191268 0.790635372066289 0.811902629062211 0.734307683314822 0.529630722645002 0.46033393759636 0.436236376999328 0.42982483905175 0.41071179921264 0.371868119663235 0.36059026180848 -9999 -9999 -9999 -9999 -9999 -9999 -9999 -9999 -9999
-9999 -9999 -9999 -9999 -9999 -9999 -9999 -9999 -9999 -9999 -9999 -9999 -9999 -9999 -9999 0.759548404912105 0.77915228694916 0.760129866539455 -9999 -9999 0.739132158354524 0.751890862737952 0.734008175876169 0.728177498335054 0.762860134407452 0.780356655551125 0.785166295430747 0.788622165704215 0.781531541109071 0.735692423600663 0.702331361217444 0.680062969778689 0.714824499711741 0.754359979602949 0.76617740163946 0.775888046754292 0.783347848474331 0.84142513120027 0.904645147691573 0.913401061486598 0.825480252820773 0.613286745939626 0.533284350019625 0.498302607764512 0.491743345324262 0.458144158952451 0.382540885076388 -9999 -9999 -9999 -9999 -9999 -9999 -9999 -9999 -9999 -9999
-9999 -9999 -9999 -9999 -9999 -9999 -9999 -9999 -9999 -9999 -9999 -9999 -9999 -9999 -9999 0.790049883951383 0.790954628944074 0.790076719171815 -9999 0.875721836786223 0.836124227279384 0.772382978709472 0.727127679251121 0.70920452767422 0.766733188402282 0.800675134608271 0.817205242956103 0.804375056533391 0.78422809450096 0.749861080744935 0.722894188771861 0.702505815250877 0.76545535776083 0.834017640096231 0.855197735330639 0.86463962231811 0.861540614146037 0.890603607373055 0.924256291579303 0.933041630761245 0.845079728208759 0.632754478728619 0.557904264723012 0.527977335673672 0.503734499795012 -9999 -9999 -9999 -9999 -9999 -9999 -9999 -9999 -9999 -9999 -9999 -9999
-9999 -9999 -9999 -9999 -9999 -9999 -9999 -9999 -9999 -9999 -9999 -9999 -9999 -9999 -9999 -9999 0.798648645252843 -9999 -9999 0.875721836786223 0.833552888399283 0.76567249222033 0.715426747104506 0.695457616884132 0.759599436550193 0.804815406680535 0.836060214225455 0.815440085345004 0.789132209696496 0.764708929974851 0.741621635344721 0.71972199719296 0.797992493181474 0.881066828935467 0.897390003078635 0.899817054755809 0.887397733689881 0.897320429641171 0.911447845721258 0.915787910854554 0.841839052020853 0.66725401547961 0.587942232919281 0.539703833083691 0.494656382955586 -9999 -9999 -9999 -9999 -9999 -9999 -9999 -9999 -9999 -9999 -9999 -9999
-9999 -9999 -9999 -9999 -9999 -9999 -9999 -9999 -9999 -9999 -9999 -9999 -9999 -9999 -9999 -9999 -9999 -9999 -9999 -9999 0.81132835321514 0.707672574654113 0.693525622406721 0.695544093326833 0.727516969235192 0.771293135763867 0.823782554080166 0.816661937869006 0.801289058786396 0.781682538008612 0.75554516459039 0.723602030691039 0.786799106645862 0.850156469887288 0.827907361715617 0.807671989686808 0.789588057921738 0.806092257304545 0.826822412920992 0.815579459918016 0.788244914467567 0.740225497197652 0.633054243183126 0.513909602596952 0.484899681807063 0.467251007780023 -9999 -9999 -9999 -9999 -9999 -9999 -9999 -9999 -9999 -9999 -9999
-9999 -9999 -9999 -9999 -9999 -9999 -9999 -9999 -9999 -9999 -9999 -9999 -9999 -9999 -9999 -9999 -9999 -9999 -9999 -9999 0.675213778038723 0.678430448568106 0.689805202301921 0.707414994180588 0.741501085732476 0.778715322353694 0.818238772269241 0.813984670295336 0.803422241603327 0.788825754618484 0.76191127729502 0.724046422516694 0.769581346328095 0.815557786599688 0.788010120099445 0.767165290622608 0.75348165428647 0.767757909449664 0.784887028560939 0.772020905191355 0.760708506616386 0.751393337235743 0.633958529882688 0.491406929174172 0.472935868071442 0.461226822843485 0.460021960512936 -9999 -9999 -9999 -9999 -9999 -9999 -9999 -9999 -9999 -9999
-9999 -9999 -9999 -9999 -9999 -9999 -9999 -9999 -9999 -9999 -9999 -9999 -9999 -9999 -9999 -9999 -9999 -9999 -9999 0.673215504293034 0.675423608671633 0.678978048745605 0.697412870981543 0.726628570084093 0.784188509560436 0.811649306216911 0.816890755877914 0.808877927097021 0.799309847913313 0.789843821002966 0.763568491886274 0.722350124266361 0.74860990084781 0.778660971012747 0.766547039455464 0.75883358190563 0.755821513359873 0.76238080683313 0.769551089589195 0.763759940313964 0.749408228342926 0.724052376002109 0.607317733555782 0.470955169150753 0.459596839903619 0.454313284620946 0.458466343798339 -9999 -9999 -9999 -9999 -9999 -9999 -9999 -9999 -9999 -9999
-9999 -9999 -9999 -9999 -9999 -9999 -9999 -9999 -9999 -9999 -9999 -9999 -9999 -9999 -9999 -9999 -9999 -9999 -9999 -9999 0.671832010737798 0.669604967042547 0.673004948257024 0.690016472224003 0.745271626017693 0.768409912504144 0.767839357068491 0.786451466484775 0.801534051239293 0.794900776250003 0.754547245742285 0.68421727300247 0.728297226871154 0.779697845505977 0.764109300442667 0.758990400093562 0.765057083945755 0.756282687116631 0.743878785323221 0.731814621336029 0.720723548812921 0.71088333273978 0.605414291857481 0.477870818182125 0.461843664019853 -9999 -9999 -9999 -9999 -9999 -9999 -9999 -9999 -9999 -9999 -9999 -9999
-9999 -9999 -9999 -9999 -9999 -9999 -9999 -9999 -9999 -9999 -9999 -9999 -9999 -9999 -9999 -9999 -9999 0.735343507382469 0.716759258959117 0.672239351859372 0.656886012867549 0.659316249750037 0.641764090164483 0.639462773124533 0.684919094721597 0.707361891448945 0.712815981961989 0.753165287988509 0.787751830011066 0.785289434468063 0.74001394430877 0.656678711190498 0.718525686335377 0.788783916627933 0.769604163998899 0.758826157872604 0.757024429882745 0.740170183496863 0.720194671441028 0.704688601938014 0.697697862917801 0.701653120703816 0.605295133553023 0.485967960343064 -9999 -9999 -9999 -9999 -9999 -9999 -9999 -9999 -9999 -9999 -9999 -9999 -9999
-9999 -9999 -9999 -9999 -9999 -9999 -9999 -9999 -9999 -9999 -9999 -9999 -9999 -9999 -9999 -9999 0.742534234861894 0.735343507382469 0.716759258959116 0.672239351859372 0.653676961626625 0.650941509585744 0.596953399033368 0.559235981653404 0.578058919226644 0.609427107305038 0.650056265896357 0.691294485575493 0.725175340735446 0.731332665574968 0.711366639919461 0.66817762573722 0.739877636402122 0.813809388587876 0.794646240771381 0.755934880222488 0.696338553137293 0.694509355224149 0.704568073340337 0.696807117126585 0.695089672915288 0.701140836535582 0.605295133553023 -9999 -9999 -9999 -9999 -9999 -9999 -9999 -9999 -9999 -9999 -9999 -9999 -9999 -9999
-9999 -9999 -9999 -9999 -9999 -9999 -9999 -9999 -9999 -9999 -9999 -9999 -9999 -9999 -9999 -9999 0.742534234861894 0.726982899414615 0.69953031143714 0.645264444990411 0.614145911262976 0.597140877148464 0.554231966183774 0.521753763186985 0.524223887852752 0.551982816056641 0.598410073265 0.641499974408506 0.678142105356144 0.692212850249936 0.691013167706562 0.676238466857663 0.710313918620677 0.742912096244182 0.723688140316813 0.688421175665455 0.636014142766998 0.637143741987967 0.652734357305983 0.677178323526915 0.690926798757413 -9999 -9999 -9999 -9999 -9999 -9999 -9999 -9999 -9999 -9999 -9999 -9999 -9999 -9999 -9999 -9999
-9999 -9999 -9999 -9999 -9999 -9999 -9999 -9999 -9999 -9999 -9999 -9999 -9999 -9999 -9999 -9999 -9999 0.712320136049617 0.669314329356165 0.597956082042016 0.54723564593236 0.509098592278836 0.513085398512112 0.516492041423208 0.510358760520749 0.525059915036763 0.555141160367596 0.600808469188729 0.642825242973702 0.664277004722997 0.676911515865403 0.681707717380565 0.642370402125728 0.599709037490959 0.580365920247426 0.572195633635122 0.575962202685448 0.570955161090392 0.573608022770909 0.648694508167295 -9999 -9999 -9999 -9999 -9999 -9999 -9999 -9999 -9999 -9999 -9999 -9999 -9999 -9999 -9999 -9999 -9999
-9999 -9999 -9999 -9999 -9999 -9999 -9999 -9999 -9999 -9999 -9999 -9999 -9999 -9999 -9999 -9999 0.729352303478408 0.705220165092654 0.669100573710239 0.606266458693197 0.547143013589986 0.490282055444889 0.473509710657302 0.460094941022544 0.448887854462921 0.463236752787731 0.496451214805052 0.533918948563064 0.567618475557643 0.585362944713923 0.596981530284486 0.60315436247612 0.585025570646964 0.563479078675311 0.546765286324112 0.538872214854873 0.540403046377054 0.547571290229958 -9999 -9999 -9999 -9999 -9999 -9999 -9999 -9999 -9999 -9999 -9999 -9999 -9999 -9999 -9999 -9999 -9999 -9999 -9999
-9999 -9999 -9999 -9999 -9999 -9999 -9999 -9999 -9999 -9999 -9999 -9999 -9999 -9999 -9999 0.777694545998046 0.732470856006824 0.736212697696936 0.61265466602172 0.605121311636499 0.552854730597274 0.47331319806699 0.435672513002325 0.40643123792024 0.393614220084564 0.408404927720869 0.443575804842026 0.472500248342832 0.497577224979865 0.511081262453306 0.520873933550199 0.527367295134804 0.534769109283244 0.538931328075247 0.525926585409407 0.517759799709723 0.514761802109771 0.515264776689327 -9999 -9999 -9999 -9999 -9999 -9999 -9999 -9999 -9999 -9999 -9999 -9999 -9999 -9999 -9999 -9999 -9999 -9999 -9999
-9999 -9999 -9999 -9999 -9999 -9999 -9999 -9999 -9999 -9999 -9999 -9999 -9999 -9999 0.807865190353975 0.782402144131611 0.74423481515423 0.741129591272625 0.616253139811419 0.620588220395648 0.548543222936018 0.429927408225872 0.403765144488033 0.388053289310724 0.385247718512035 0.397382620433494 0.420546658620793 0.444824578724877 0.466735364342659 0.479317515326112 0.491359290570248 0.502920685642755 0.506659298914309 0.507533200328815 0.501061707646642 0.503490285723285 0.515427542803639 0.517165230279424 -9999 -9999 -9999 -9999 -9999 -9999 -9999 -9999 -9999 -9999 -9999 -9999 -9999 -9999 -9999 -9999 -9999 -9999 -9999
-9999 -9999 -9999 -9999 -9999 -9999 -9999 -9999 -9999 -9999 -9999 -9999 -9999 0.790595443748668 0.794790034349056 0.776802606538816 0.747747899837252 0.746610067220097 0.632985708663912 0.632683321067555 0.563089835570756 0.451247858843612 0.425425220189329 0.409650001454296 0.40681905925202 0.412447444676703 0.424320550657605 0.43568819646935 0.446627010027027 0.456190936484762 0.469316965463823 0.485609612216497 0.488329137069392 0.488452453979234 0.48780780241054 0.494010520353285 0.507528847403919 0.500407573472927 -9999 -9999 -9999 -9999 -9999 -9999 -9999 -9999 -9999 -9999 -9999 -9999 -9999 -9999 -9999 -9999 -9999 -9999 -9999
