layers/veg_old/veg_3000.asc
NCOLS 255 
NROWS 330 
XLLCORNER -2985163.8955 
YLLCORNER -3022031.214 
CELLSIZE 25000 
NODATA_value -9999 
[rows 250 to 274 of 330, columns 57 to 113 of 255]
-9999 -9999 -9999 -9999 -9999 -9999 -9999 -9999 -9999 -9999 -9999 -9999 -9999 -9999 -9999 0.631574355025607 0.591176674613297 0.586611434674311 0.581121705712135 0.572267678244062 0.535660415644146 0.482131321140714 0.455087727249633 0.425176808253508 0.382043198941434 0.37087957025882 0.383316350973098 0.389589551922539 0.390331697331437 0.373182096988018 0.370187154745201 0.379775340487161 0.376220053028769 0.372142333566937 0.377367359333164 0.350776471076531 0.29019402007268 0.259057041700262 0.237316421122624 0.231072947245307 0.223289013896869 0.213524903210033 0.205451826293722 0.199211738140086 0.209156547968421 -9999 -9999 -9999 0.154669486070475 0.146876348421306 0.139029276253782 0.131080129959641 0.128407167465381 -9999 -9999 -9999 -9999
-9999 -9999 -9999 -9999 -9999 -9999 -9999 -9999 -9999 -9999 -9999 -9999 -9999 -9999 -9999 0.666616940681541 0.678745650209698 0.67616954253317 0.674807683551197 0.676745118145112 0.640208340621658 0.580212887128448 0.534808015559897 0.486737177526266 0.428245878734255 0.414175832733148 0.432897791329697 0.440775920045039 0.446023851156909 0.446289026070197 0.451783160768535 0.461925706593082 0.432350591860749 0.400839846607194 0.395640208087268 0.380184029324476 0.353769943428035 0.30638609695856 0.258887186062363 0.248798538788607 0.240186455869425 0.233472416571922 0.226647932597198 0.220070099846676 0.217046250346773 0.215206640562343 -9999 -9999 0.154669486070475 0.146876348421306 0.139029276253782 0.131080129959641 -9999 -9999 -9999 -9999 -9999
-9999 -9999 -9999 -9999 -9999 -9999 -9999 -9999 -9999 -9999 -9999 -9999 -9999 -9999 -9999 0.743479831014132 0.739163951927209 0.738559291121948 0.740318816113983 0.747383286743624 0.714793257097946 0.658024900684628 0.609252677776616 0.554798251242591 0.48244725833983 0.459928252361331 0.474195483637834 0.475224608540223 0.478020061294059 0.493304006189503 0.505517364094532 0.515001048925569 0.480570840704444 0.443162241885915 0.430616050064421 0.423606938561108 0.422513546245892 0.356636661753613 0.282665577430833 0.267261497772523 0.256716590382814 0.252417886148749 0.245947133376417 0.238390795834345 0.226014687451391 0.21936864171301 0.221623732432584 -9999 -9999 -9999 -9999 -9999 -9999 -9999 -9999 -9999 -9999
-9999 -9999 -9999 -9999 -9999 -9999 -9999 -9999 -9999 -9999 -9999 -9999 -9999 -9999 -9999 0.749863171171387 0.755115473425724 0.758440753807462 0.761746889910576 0.765075695718355 0.742497310463211 0.704122671900067 0.675442965112844 0.633030487682164 0.549163601219958 0.509523636133261 0.502532219161867 0.483485110112441 0.472941012706991 0.499494878556799 0.515658302804699 0.522584890983093 0.516414454468449 0.506802464414834 0.491725807759756 0.488958612098118 0.499342627979304 0.411458292523717 0.309898075632448 0.286878160065126 0.272672026574032 0.269795533271538 0.26227838892365 0.252740997364309 0.236670939550723 0.225819658434047 0.223075277085173 -9999 -9999 -9999 -9999 -9999 -9999 -9999 -9999 -9999 -9999
-9999 -9999 -9999 -9999 -9999 -9999 -9999 -9999 -9999 -9999 -9999 -9999 -9999 -9999 -9999 -9999 0.759893484282487 0.776259165128989 0.784816155760683 0.774861142432482 0.746933172384457 0.708046647379606 0.679461556984634 0.64345462184768 0.584098633853778 0.553146969308426 0.54316352710256 0.522859628726694 0.509259030729009 0.525268132907986 0.525711296765983 0.512316740722593 0.51644591019485 0.520593564708103 0.508917817761835 0.508627671251212 0.520501699918614 0.4763525518382 0.416327696652649 0.341564681232568 0.296477368853288 0.289536567800043 0.280985059871233 0.271280472856987 0.253621199637603 0.243469794453589 0.244981186351631 -9999 -9999 -9999 -9999 -9999 -9999 -9999 -9999 -9999 -9999
-9999 -9999 -9999 -9999 -9999 -9999 -9999 -9999 -9999 -9999 -9999 -9999 -9999 -9999 -9999 -9999 -9999 0.817164058644645 0.816050232350184 -9999 0.710517686452983 0.69396169734892 0.658995099862163 0.626888019555602 0.606473398940986 0.594444744327187 0.588606654327787 0.574417034055632 0.561774000399508 0.558622467963813 0.53606151399913 0.496246082146398 0.503088231149888 0.514833064596926 0.508930335366391 0.510420691700554 0.519809690572141 0.544488724616385 0.552467504092506 0.409528029389776 0.323322140474156 0.310044207800018 0.300326381746422 0.291042700552495 0.272728527414709 0.25975496635896 0.255077565373331 0.249144489659695 0.24260500124821 0.232810672928338 -9999 -9999 -9999 -9999 -9999 -9999 -9999
-9999 -9999 -9999 -9999 -9999 -9999 -9999 -9999 -9999 -9999 -9999 -9999 -9999 -9999 -9999 -9999 0.818738833639845 0.817164058644645 -9999 -9999 0.723137122020513 0.726894949566997 0.682133713172786 0.647158728656587 0.649494191820633 0.640921503066616 0.624296358666361 0.60149982355765 0.581263355011404 0.573328634706287 0.558917568729349 0.538749197568281 0.541649932827507 0.547051959877783 0.544118040030927 0.548570853988621 0.560915524374957 0.578374542933266 0.577564404130131 0.432843510635596 0.342707766994862 0.322738281395889 0.306719990690959 0.291850876075453 0.275358285803074 0.262622565498526 0.255722804469244 0.249144489659694 0.24260500124821 0.232810672928338 0.226402390174335 -9999 -9999 -9999 -9999 -9999 -9999
-9999 -9999 -9999 -9999 -9999 -9999 -9999 -9999 -9999 -9999 -9999 -9999 -9999 -9999 -9999 0.779121695032807 0.797302549157067 0.779660948891085 -9999 -9999 0.737543109182745 0.742933629736178 0.697799102438546 0.665535141000998 0.679860075174215 0.673928178781526 0.653042582542102 0.627310268584527 0.60411133387081 0.592524398280508 0.584088688317158 0.578454337107303 0.577292659709258 0.57698550115829 0.576926388633417 0.582140899469241 0.592989656715256 0.602614975358117 0.59366233095072 0.450086967307324 0.359624444880616 0.337435607368629 0.319069006170164 0.301966693798357 0.285214740220926 0.271977591201055 0.264200374634017 0.253897919614165 0.24260500124821 0.232810672928338 0.226402390174335 -9999 -9999 -9999 -9999 -9999 -9999
-9999 -9999 -9999 -9999 -9999 -9999 -9999 -9999 -9999 -9999 -9999 -9999 -9999 -9999 -9999 0.754716039692149 0.736314519965267 0.754170240774063 -9999 -9999 0.730805020695145 0.725349074036963 0.699213377539946 0.680299211580054 0.686093594863467 0.681247990321956 0.668547890291173 0.650694407874712 0.633364063517712 0.620281628313796 0.613674536191628 0.612823857976733 0.607369028241641 0.602560971468427 0.605197408410449 0.606976860822687 0.607840726041778 0.60846207517559 0.592599606102344 0.455751336440028 0.371832944789714 0.35595304874958 0.34277472364455 0.329831781554671 0.308852190568931 0.293703858020764 0.287613860484622 0.26771593435116 0.24260500124821 0.232810672928338 -9999 -9999 -9999 -9999 -9999 -9999 -9999
-9999 -9999 -9999 -9999 -9999 -9999 -9999 -9999 -9999 -9999 -9999 -9999 -9999 -9999 -9999 0.740389183237275 0.736914989046219 0.740286136779219 -9999 -9999 0.718626113853579 0.718657113420585 0.706893563840521 0.696325316779255 0.691409910380374 0.685535127649972 0.678952128219284 0.667689236079903 0.657011005720718 0.650599294565543 0.64804684933657 0.648925192525908 0.641931233788575 0.635149109604726 0.636585907461532 0.636360174182811 0.634358221890804 0.63192167020728 0.619459381380574 0.533935270287588 0.455499918673689 0.386176783993108 0.358695677876548 0.344286516856688 0.324043927435187 0.307583335514611 0.296997736229807 0.293924317711626 -9999 -9999 -9999 -9999 -9999 -9999 -9999 -9999 -9999
-9999 -9999 -9999 -9999 -9999 -9999 -9999 -9999 -9999 -9999 -9999 -9999 -9999 -9999 -9999 0.75334081965719 0.769280224440798 0.753813590929071 -9999 -9999 0.718518503020274 0.718376278775037 0.71777253783357 0.712995698713646 0.696257987308394 0.688274065420478 0.686752237419256 0.681422280162657 0.677796157625049 0.68222407986233 0.684862683576999 0.685910629021047 0.678783487786001 0.671317259461697 0.669565899595807 0.668064939789853 0.666831503002196 0.664372556550666 0.660573771336372 0.649140905161492 0.575646899983229 0.422376657030772 0.370642460745911 0.351895181568335 0.334924073619607 0.317456976934001 0.299219406398038 -9999 -9999 -9999 -9999 -9999 -9999 -9999 -9999 -9999 -9999
-9999 -9999 -9999 -9999 -9999 -9999 -9999 -9999 -9999 -9999 -9999 -9999 -9999 -9999 -9999 0.768058034002372 0.767863375249107 0.768052260319627 -9999 0.684161362761533 0.695851592748263 0.714669644259551 0.726456362674952 0.728234052491374 0.702430177614653 0.689705748924627 0.686636636835143 0.690619458932636 0.695792384895786 0.702264090647169 0.705451062858816 0.705717991206978 0.697475640265197 0.688986339971632 0.686980232181952 0.682726666006711 0.676071954835927 0.669521976188918 0.662713922604325 0.653813679447578 0.583557341860108 0.434431063166103 0.385209820690794 0.367595002882956 0.341022139256764 -9999 -9999 -9999 -9999 -9999 -9999 -9999 -9999 -9999 -9999 -9999 -9999
-9999 -9999 -9999 -9999 -9999 -9999 -9999 -9999 -9999 -9999 -9999 -9999 -9999 -9999 -9999 -9999 0.76620798324985 -9999 -9999 0.684161362761533 0.695221875071958 0.713026254509752 0.736647554156355 0.747674041427711 0.721255293465922 0.702880906417331 0.690444909294222 0.698423036269367 0.707958094539087 0.714207497924857 0.717426272620311 0.717950896145632 0.696423392217093 0.674709688857954 0.672086476211138 0.666926598989632 0.659056593968647 0.645887060314214 0.632150729414035 0.623907705281621 0.562535458002563 0.432868467723801 0.390167874985877 0.373390560950916 0.328806115286059 -9999 -9999 -9999 -9999 -9999 -9999 -9999 -9999 -9999 -9999 -9999 -9999
-9999 -9999 -9999 -9999 -9999 -9999 -9999 -9999 -9999 -9999 -9999 -9999 -9999 -9999 -9999 -9999 -9999 -9999 -9999 -9999 0.695371347219688 0.713416335659929 0.750493412630662 0.77707647941974 0.769811530371737 0.743771733943504 0.703872245522547 0.703162364521491 0.706527986724953 0.707640474269989 0.709897126123484 0.713170910699412 0.649748047060783 0.586095009897015 0.581860870255327 0.580213050571594 0.581328409625144 0.55578021947213 0.52644661800259 0.517873549642486 0.478762982344559 0.400398111702954 0.372372777452489 0.358878401077664 0.323316871985093 0.3016824166757 -9999 -9999 -9999 -9999 -9999 -9999 -9999 -9999 -9999 -9999 -9999
-9999 -9999 -9999 -9999 -9999 -9999 -9999 -9999 -9999 -9999 -9999 -9999 -9999 -9999 -9999 -9999 -9999 -9999 -9999 -9999 0.561632473208883 0.677146812387406 0.733897633113454 0.771684244206088 0.765696256681752 0.749383213634391 0.725448159794678 0.708068229387727 0.695088237362058 0.695605066505261 0.699015930717431 0.704999517873977 0.634646427913146 0.562921969870915 0.55361571942714 0.547006405419462 0.543278450848038 0.514664517658008 0.48292853344452 0.473596678910657 0.446838535502799 0.397679840202755 0.374575167577197 0.358422266225314 0.32368736031234 0.30263001921535 0.302819543709765 -9999 -9999 -9999 -9999 -9999 -9999 -9999 -9999 -9999 -9999
-9999 -9999 -9999 -9999 -9999 -9999 -9999 -9999 -9999 -9999 -9999 -9999 -9999 -9999 -9999 -9999 -9999 -9999 -9999 0.489872164180503 0.543346265070827 0.629424844039439 0.69833418509102 0.744612038049447 0.728762257766498 0.733012729838072 0.752101314889623 0.713077860394648 0.677411650060088 0.680162401316214 0.686046130468851 0.694714996610674 0.639217862120073 0.580524505525095 0.563989539332114 0.547139004501551 0.529951321690965 0.504074363944642 0.478157507876531 0.467799725331481 0.447219716351311 0.413499588131221 0.38923765321128 0.366724202248519 0.327708948067434 0.303717516768407 0.303064241766847 -9999 -9999 -9999 -9999 -9999 -9999 -9999 -9999 -9999 -9999
-9999 -9999 -9999 -9999 -9999 -9999 -9999 -9999 -9999 -9999 -9999 -9999 -9999 -9999 -9999 -9999 -9999 -9999 -9999 -9999 0.534691270728828 0.606837691857728 0.694662985349163 0.76147916353153 0.764718048370741 0.774265453721514 0.788469842399467 0.727137216064245 0.668214828498636 0.651939110693844 0.666634934814821 0.708863665288461 0.638457960649518 0.561548456931484 0.554136052488708 0.538379830924547 0.513709221955732 0.4945441899467 0.479010024674129 0.480178138132785 0.45818952412246 0.4064341893219 0.369853542142522 0.338918022923004 0.317249272830817 -9999 -9999 -9999 -9999 -9999 -9999 -9999 -9999 -9999 -9999 -9999 -9999
-9999 -9999 -9999 -9999 -9999 -9999 -9999 -9999 -9999 -9999 -9999 -9999 -9999 -9999 -9999 -9999 -9999 0.571833331128432 0.577336806332039 0.60430553777582 0.607850789236907 0.597114167288297 0.697674992351979 0.782595772419824 0.801585608890551 0.809782155314151 0.810011037734324 0.73441084413267 0.661585847182163 0.63289938958728 0.654570504423062 0.721008209479118 0.642704380531417 0.555576664200929 0.555405187247097 0.54028390096941 0.509190501449095 0.491433281658561 0.47920298380135 0.483355882520875 0.459124445106375 0.398406478684291 0.353562304917025 0.316775957680197 -9999 -9999 -9999 -9999 -9999 -9999 -9999 -9999 -9999 -9999 -9999 -9999 -9999
-9999 -9999 -9999 -9999 -9999 -9999 -9999 -9999 -9999 -9999 -9999 -9999 -9999 -9999 -9999 -9999 0.575613045549027 0.571833331128432 0.577336806332039 0.60430553777582 0.609888039567642 0.602430829718596 0.713838580894843 0.807127457697104 0.825916464697057 0.81623929989179 0.785548255961853 0.719668202128316 0.660799109234187 0.64376718308522 0.665640799929864 0.722100446569536 0.662912501240496 0.595819144559664 0.59388941530196 0.575670541324508 0.540048631732802 0.507137987833899 0.476264091592122 0.455447404685395 0.428085478552594 0.392310001376849 0.353562304917025 -9999 -9999 -9999 -9999 -9999 -9999 -9999 -9999 -9999 -9999 -9999 -9999 -9999 -9999
-9999 -9999 -9999 -9999 -9999 -9999 -9999 -9999 -9999 -9999 -9999 -9999 -9999 -9999 -9999 -9999 0.575613045549027 0.5716094697604 0.579380058021394 0.614348369104148 0.627589416136955 0.627582814445931 0.690459863656546 0.746263940765578 0.769908299141366 0.763459860121585 0.73479675833223 0.678731945493934 0.629170384342541 0.616082179722917 0.629300819793047 0.665905570022398 0.611619179583278 0.553169811501961 0.556276342277764 0.544182063921063 0.515847508542465 0.492856931670509 0.470363522062005 0.441782779804678 0.425707580573808 -9999 -9999 -9999 -9999 -9999 -9999 -9999 -9999 -9999 -9999 -9999 -9999 -9999 -9999 -9999 -9999
-9999 -9999 -9999 -9999 -9999 -9999 -9999 -9999 -9999 -9999 -9999 -9999 -9999 -9999 -9999 -9999 -9999 0.57121686359125 0.582963495509592 0.631961401535291 0.657098278249853 0.667686496938432 0.637274491596913 0.621030244469125 0.653341260471913 0.666028385332918 0.664229049589709 0.618051164245304 0.574293231199852 0.559336404973889 0.55722337586455 0.566528152948785 0.506428676926181 0.448037332324956 0.461301768923981 0.462283689780773 0.450143186927035 0.455972862103412 0.462230465279262 0.438855050508608 -9999 -9999 -9999 -9999 -9999 -9999 -9999 -9999 -9999 -9999 -9999 -9999 -9999 -9999 -9999 -9999 -9999
-9999 -9999 -9999 -9999 -9999 -9999 -9999 -9999 -9999 -9999 -9999 -9999 -9999 -9999 -9999 -9999 0.596409705779464 0.579788561044858 0.581670908572277 0.626652739678187 0.649437339445072 0.658687739841755 0.605798237272651 0.565799090832576 0.574614620113552 0.583522695724918 0.592499089528612 0.567287063992162 0.542464286544803 0.534325611841651 0.529331641161473 0.527133231696132 0.480909212742755 0.439778695021747 0.464329924154119 0.477169329067276 0.477496027051887 0.47112061691645 -9999 -9999 -9999 -9999 -9999 -9999 -9999 -9999 -9999 -9999 -9999 -9999 -9999 -9999 -9999 -9999 -9999 -9999 -9999
-9999 -9999 -9999 -9999 -9999 -9999 -9999 -9999 -9999 -9999 -9999 -9999 -9999 -9999 -9999 0.615859592790617 0.603134553846624 0.614727830315634 0.622807604093789 0.629294627765134 0.644733188073961 0.66562972103131 0.59921146464704 0.540715580985942 0.521393115527499 0.521348673488607 0.535535370665515 0.527886590623931 0.519179764539336 0.516253305052849 0.508615474735508 0.496789356596092 0.467354835067115 0.44519558411285 0.475729283564781 0.492434393013839 0.494365280215174 0.471709900980677 -9999 -9999 -9999 -9999 -9999 -9999 -9999 -9999 -9999 -9999 -9999 -9999 -9999 -9999 -9999 -9999 -9999 -9999 -9999
-9999 -9999 -9999 -9999 -9999 -9999 -9999 -9999 -9999 -9999 -9999 -9999 -9999 -9999 0.624349006734262 0.628429478154347 0.634545819997863 0.627856561111791 0.619708933374104 0.615975965438565 0.669410630733346 0.757701811863118 0.677898538844379 0.597752417728136 0.548002034938928 0.530192915654894 0.535963006634177 0.527416570227305 0.517615945484461 0.509513967516108 0.494114491110999 0.472227725776281 0.461261833915647 0.456324786313033 0.47188031949137 0.462284717682844 0.425818085783667 0.431836981288567 -9999 -9999 -9999 -9999 -9999 -9999 -9999 -9999 -9999 -9999 -9999 -9999 -9999 -9999 -9999 -9999 -9999 -9999 -9999
-9999 -9999 -9999 -9999 -9999 -9999 -9999 -9999 -9999 -9999 -9999 -9999 -9999 0.649271731284674 0.643218334641142 0.64832757338303 0.659006188034976 0.66250896220501 0.645498524194769 0.636103017240921 0.688219492753561 0.777841340969785 0.704320708379192 0.623776786177949 0.553418673842171 0.516810623084186 0.505117046927799 0.506591057482444 0.506731778010711 0.496031197685862 0.475736827381957 0.446913823867167 0.440428940626194 0.438582788553699 0.439846741809278 0.42236600876003 0.384858782671804 0.363847401127262 -9999 -9999 -9999 -9999 -9999 -9999 -9999 -9999 -9999 -9999 -9999 -9999 -9999 -9999 -9999 -9999 -9999 -9999 -9999
