layers/veg_old/veg_4300.asc
NCOLS 255 
NROWS 330 
XLLCORNER -2985163.8955 
YLLCORNER -3022031.214 
CELLSIZE 25000 
NODATA_value -9999 
[rows 175 to 199 of 330, columns 114 to 170 of 255]
0.411756498858868 0.411965320991125 0.416271195229984 0.422199318356721 0.432069708874978 0.439771631241625 0.445850368789111 0.458012919277334 0.471896136703436 0.489466928974201 0.498863850487144 0.500894596226615 0.512567800868444 0.523857566394297 0.523949046656503 0.52142872676541 0.516079742339333 0.516241922031855 0.517301881885926 0.514583184876392 0.521514951074008 0.541024605728693 0.557909540763188 0.573215421074399 0.579061422450519 0.590554048730076 0.610944477612698 0.609647334926188 0.599232810099865 0.584908249670353 0.577209905855356 0.582242438433303 0.571051599272889 0.551515993181179 0.524920309541078 0.498050622923768 0.470901031456448 0.457758919983204 0.453407082090367 0.406950626308737 0.363278680395914 0.337066192438978 0.305862556591406 0.270870649426375 0.288393742698621 0.316145548110032 0.357535715550634 0.395248691328393 0.429602346447625 0.476015168439454 0.525586128435747 0.57977988558197 0.612655712361959 0.622126760946402 0.609928340952413 0.594137871315682 -9999
0.39413720641598 0.391582673191509 0.401864879349122 0.412096843153556 0.419595201684266 0.427986264767484 0.437045552780153 0.449977926448766 0.464652632929767 0.484138792618806 0.493848220037865 0.494746995744341 0.503964854377126 0.512616550040745 0.510389820615756 0.511195101505029 0.515284148204187 0.523475671825008 0.529412448118288 0.510287634923955 0.50977176181825 0.533509768315509 0.559823786216802 0.586123715628634 0.600996671995754 0.618006879274054 0.638384910171968 0.631581913800223 0.613389408324213 0.591795066367005 0.579290555220794 0.584250235063165 0.584820609704838 0.583133270630715 0.536655499887034 0.492671360705578 0.456957525717664 0.448951973893597 0.458334516827228 0.41243065787924 0.367124610138695 0.335592093991375 0.303757839796515 0.27169456702398 0.298631075596361 0.338478407111341 0.399166161973828 0.450365550130686 0.492896783561753 0.54055640805353 0.586752541566102 0.620030044923973 0.642897594751088 0.65433614329958 0.656684519687173 -9999 -9999
0.38773604048131 0.391993235591714 0.40193345038213 0.411694966603916 0.419786468331818 0.428695503482153 0.438216494975707 0.45060131206312 0.462359306122277 0.470380972322576 0.475956411547462 0.47932734590353 0.491752416169387 0.503287559558105 0.501567517560073 0.497098753533612 0.48965303412696 0.506727943784478 0.526218239821241 0.516877163713025 0.517954340317336 0.532610100428256 0.554640987317018 0.578444548194339 0.593543927472243 0.611465681967368 0.633834860894624 0.63882617216717 0.636340034115374 0.623816927905657 0.615905093940097 0.616852846126008 0.612237542695806 0.60476078707854 0.55986764269758 0.517933395303701 0.48498690907885 0.456773587258888 0.431530522047365 0.412450070201459 0.39162186971517 0.364227875240541 0.34246785692666 0.324984015308138 0.35698006546666 0.39102431839902 0.408407240105032 0.449092926978169 0.511066995748227 0.549828927428306 0.584275781914385 0.619179169410267 0.642897594751088 0.65433614329958 -9999 -9999 -9999
0.385501850780695 0.391458897010357 0.400928210283494 0.410352922816782 0.418939015874475 0.427997645434533 0.437409987395932 0.447786027307852 0.456475488542878 0.458287478961956 0.461875321108203 0.467063535508614 0.477013675449894 0.48614236155391 0.486472077079176 0.481691666363178 0.471376822681586 0.494611366800255 0.522220887869817 0.51852898737818 0.521001907814699 0.531509720289842 0.552122298242064 0.575584066703757 0.592688166556312 0.612613566881883 0.636984698086011 0.650049970130857 0.658117104931262 0.654295661241819 0.652151195106048 0.653228687320202 0.644991358794783 0.631962793938712 0.590906965270358 0.550960505717671 0.515118510506332 0.468704704430518 0.415656649383558 0.416602244427075 0.414572206772472 0.391933567272697 0.377513900518096 0.369332417722731 0.398461055982737 0.424993685050064 0.422862596180546 0.464324413584664 0.545610793871946 0.567823668671763 0.577088864237349 -9999 -9999 -9999 -9999 -9999 -9999
0.389604224067987 0.389487683282447 0.398290066253904 0.40758120230847 0.416512022602593 0.425160068616394 0.433596446813572 0.439741686717402 0.445131747590806 0.448724864557102 0.453589045326841 0.459598690671791 0.458433282152349 0.457111352711125 0.461837314031048 0.464291387720375 0.464284933195086 0.489537205881417 0.517002225772034 0.512672229814177 0.516240858504971 0.530104124630512 0.553654820108455 0.580051178481341 0.601864188835584 0.625453948003989 0.651843461095135 0.667325303284862 0.67810959512972 0.682427817946807 0.6878370272345 0.695342336712044 0.685860770969544 0.667641717306018 0.633848783752686 0.59579567292132 0.548446875352458 0.486884988445261 0.416403799582285 0.427038953203398 0.435170197324881 0.418224907847845 0.406988278275612 0.400084510211865 0.414291518541772 0.430714403622523 0.445247107301519 0.504653075018453 0.605053284189129 0.59908196246771 -9999 -9999 -9999 -9999 -9999 -9999 -9999
0.382983718275563 0.383799993128952 0.391292333126771 0.399489290854203 0.408412157373213 0.417262714595915 0.426059145428995 0.429215927214866 0.432239833435965 0.437414220946934 0.44219970033263 0.446634701261378 0.447168585473832 0.447820451095544 0.452810777480276 0.459021702992172 0.466554577068195 0.488290870776308 0.511047630210925 0.514222046253019 0.519986279271481 0.529125938769871 0.551608933108402 0.578318485004106 0.602780596783059 0.628557541738045 0.656406366135419 0.668383329402061 0.673763677514022 0.679330146356869 0.688761069589486 0.70561672612384 0.70583162547413 0.697487068596654 0.661991114549004 0.621740408556626 0.571627597183078 0.518062199076006 0.462330159862854 0.460338584010655 0.458287370967497 0.44440815795827 0.434933855026634 0.42880287007887 0.434763608088776 0.444054631233819 0.460277626168257 0.532251745187113 0.655157640421355 0.677912991107304 -9999 -9999 -9999 -9999 -9999 -9999 -9999
0.372292578737331 0.376668761920233 0.382601512418743 0.389338615965922 0.39812605740847 0.407300760431042 0.416765344177605 0.417429450493476 0.418457584277447 0.425017615473835 0.429114014610901 0.430990223665717 0.438080969615768 0.445517624918603 0.449759455033568 0.458529986305456 0.472205248261257 0.488382530776002 0.504780038200987 0.518035982315031 0.526228886217496 0.527822899095986 0.547723620620149 0.573687212781637 0.600065659066087 0.627447547437199 0.656410633384458 0.662656213044959 0.659634698827387 0.663897418555629 0.675937263797027 0.702919213916725 0.716919068264952 0.724241361053242 0.683155028284101 0.638883104879837 0.589589705344108 0.552913897059636 0.524156149630591 0.501926876366904 0.482604262120798 0.470564222738672 0.46191792951787 0.455847482880537 0.456649144998795 0.460525924024002 0.472940214056126 0.554806701828896 0.700121664427697 0.723282760127303 -9999 -9999 -9999 -9999 -9999 -9999 -9999
0.367763205943196 0.370708540955036 0.375291688826445 0.381091104078705 0.39013506217753 0.3960027217599 0.399492795335668 0.397663395153634 0.396634662294605 0.401161093819784 0.402514753901774 0.401009157600585 0.407079866670225 0.416948250279605 0.439214531617296 0.45617098422762 0.467376719583039 0.482877064957087 0.497943188589736 0.501434682076853 0.505980206163033 0.511899496359789 0.531700518099489 0.556535385467852 0.587465149136073 0.616667055133251 0.643146248581598 0.647694764505713 0.643447187589968 0.652258881615177 0.666812967637549 0.692399847631008 0.711984436128349 0.728481643999975 0.672682730781722 0.6187545036396 0.573061398927816 0.543130950693743 0.523092221944661 0.518850754154889 0.512655839461237 0.497191064228584 0.478533000254489 0.457451236479738 0.465579701300166 0.479658089790542 0.502335242848815 0.578446038493505 0.703371461130529 -9999 -9999 -9999 -9999 -9999 -9999 -9999 -9999
0.36342860936248 0.366845178231603 0.368878578579357 0.372350344116142 0.380327947701242 0.383522090623859 0.383135622632444 0.380805234633951 0.379361868191515 0.38221250364667 0.381416453679922 0.377334062810048 0.386448756967598 0.400765452823675 0.4293702992593 0.448391544346244 0.457033437391951 0.470271527036646 0.482942301067625 0.482444676691546 0.486173698267749 0.495411500116379 0.514590647942867 0.537762393123246 0.570432685517212 0.599539292582332 0.623030338292173 0.629741413301307 0.629796942073522 0.642844325295309 0.660147161616486 0.685625952717897 0.707471080788154 0.727447172532863 0.659379543410509 0.597208152983993 0.553654476361726 0.528830953445597 0.51576137737427 0.523289358631185 0.525753334861085 0.508598950792973 0.489720522785433 0.469533548858418 0.482314407390783 0.504743281752988 0.548280967580778 0.583671424252434 0.611618930508825 -9999 -9999 -9999 -9999 -9999 -9999 -9999 -9999
0.359454466279126 0.366862268225939 0.364124928980671 0.362696777652695 0.36715991701181 0.368852950005858 0.368472448004294 0.369328433775653 0.370509555619087 0.372346547518388 0.370498248920908 0.365328819077304 0.385008390664435 0.407505295599963 0.42082276806462 0.430581024543811 0.436484534319766 0.444526572471826 0.452833018295805 0.459034125751225 0.467185475615904 0.47787866528261 0.495469602046006 0.515989267472296 0.545198433911742 0.570665250960318 0.590234972536625 0.606251237242899 0.620842168795761 0.637545474783077 0.658031045483471 0.685783439372546 0.703737341664733 0.716651223301971 0.640837501992594 0.573038110625051 0.528920377337339 0.506171687066502 0.496832955928158 0.504622675496959 0.507475550791236 0.491842589614657 0.490863806861886 0.501007516373471 0.513491498596615 0.54084516345667 0.62485546432955 0.649773072978931 0.620706195652128 -9999 -9999 -9999 -9999 -9999 -9999 -9999 -9999
0.357160991266859 0.362011292033413 0.359630108695288 0.357037816918207 0.355281875514302 0.353852070662052 0.352666392014391 0.353959574912603 0.356244416055408 0.361138431469103 0.355942903339489 0.341654822438229 0.364967715187782 0.39082141220589 0.393878444049217 0.398657342827338 0.405301079512853 0.416119084676789 0.427426103649467 0.434417422191465 0.443352096353913 0.454819634452709 0.470518576386579 0.487874855455994 0.508717033639033 0.52990452662972 0.55163615758723 0.576047527400086 0.60144899614954 0.621851731010819 0.643372919115731 0.667042979016471 0.678371790668125 0.683352671572663 0.620520454162364 0.56023308791422 0.509545931326036 0.491250706739529 0.493282760450978 0.483522836279074 0.473765849524869 0.466573848698083 0.492938664797517 0.544773038171615 0.570258843532251 0.60486050064708 0.68802305243132 0.730205478919688 0.734950264371666 -9999 -9999 -9999 -9999 -9999 -9999 -9999 -9999
0.355699695357158 0.354749903564776 0.355263447175677 0.353356776433301 0.344042569330757 0.338686931617075 0.336294440829401 0.336663572080289 0.339299127100296 0.349265747883983 0.339586635471531 0.312203068436645 0.335717137493234 0.362539322266129 0.357824988490817 0.359745559999143 0.368851949781161 0.386393249403038 0.404347556248226 0.409203494812398 0.417119648442383 0.429024319817706 0.442680849057587 0.45662056942922 0.466666632416435 0.483258137473872 0.510163777521078 0.542519626055176 0.576887272991705 0.601010978680944 0.622504643938085 0.638945241721376 0.642295295552808 0.6389120056599 0.599324515807194 0.553055429710465 0.492825305727713 0.480161321748387 0.497347059772648 0.461218225172595 0.432415068366283 0.437090221657858 0.495474789482628 0.594624696065526 0.639697146374248 0.682697123989159 0.744552239174733 0.762159229377735 0.739343077687665 -9999 -9999 -9999 -9999 -9999 -9999 -9999 -9999
0.340018403109499 0.342532676008017 0.340942096483943 0.339155328911267 0.33761890427787 0.332380414954937 0.324370782694472 0.313658277609403 0.305181729725809 0.30649425864688 0.303833672377059 0.297592571350953 0.315855006447031 0.335161161551027 0.33644627434231 0.341111614140893 0.349437849756362 0.361563416936543 0.373870498000311 0.380243309599851 0.38622198138796 0.391686952799386 0.403235189107193 0.417119822957009 0.435403179282837 0.454062708671202 0.473315001650611 0.497759605269065 0.524221042146276 0.544949909402419 0.56309477929819 0.57627504376248 0.585759103222003 0.593341956829099 0.586969032704491 0.57124750575182 0.534066159332824 0.507222434728928 0.486865995772694 0.464151850597649 0.446990722669485 0.446957328779361 0.490007967000429 0.565759299864024 0.632132155833296 0.689518673230717 0.716629054399276 0.751742704615943 0.794167789621486 0.800929732344412 -9999 -9999 -9999 -9999 -9999 -9999 -9999
0.327872408393067 0.32987101778811 0.327011166154948 0.325064425062263 0.326779949498568 0.318803607736843 0.303572517930845 0.286981466393281 0.273278237605229 0.271214210428421 0.274671877312997 0.283105616150331 0.297483080081235 0.310752293884222 0.312609983300711 0.317058790792369 0.324313863455552 0.332392233321786 0.340551553506093 0.347741714070954 0.353279092113166 0.356662323378436 0.367116463618549 0.380603422198981 0.403402843228008 0.422878858648507 0.437117939160047 0.455224388148165 0.474895545398225 0.492808518234588 0.508159344964369 0.518587548833901 0.530933976531559 0.544267075250872 0.559477578563393 0.565836789393937 0.551085739994607 0.516393466414632 0.469187249130993 0.454879788345097 0.445932430968762 0.445892849260685 0.476636882032898 0.530745616941513 0.606946207429338 0.673360388137007 0.690724722408761 0.73165534289783 0.794115086531225 0.806830157408185 -9999 -9999 -9999 -9999 -9999 -9999 -9999
0.324218401622683 0.31634656419155 0.314272621491522 0.311544985055029 0.305728233103188 0.288382084382937 0.262405722765785 0.25210721221098 0.246943689120877 0.253952293880064 0.261126416335405 0.268449700978355 0.282223651106548 0.293085755246027 0.282725022577927 0.280035617488199 0.285654509734995 0.293174422714742 0.300977953999236 0.307279705102744 0.315814893433495 0.327261022277373 0.338935362867567 0.351141503688003 0.369394941767622 0.386631685600082 0.402266349451388 0.418102605764756 0.434040022767885 0.450673110046187 0.464595532953908 0.473309986510154 0.480631176629477 0.487235718024816 0.497208772703813 0.50584309585578 0.511122665711971 0.483618028751553 0.435539944807347 0.417013322694643 0.407531763907457 0.418710326088604 0.445487639979375 0.484104375378897 0.543923798172095 0.606965967378374 0.671987465948531 0.737623226457242 0.803820149670846 0.811982792372218 -9999 -9999 -9999 -9999 -9999 -9999 -9999
0.324534211164852 0.318631767433349 0.311822852188025 0.303010343253712 0.288492096400246 0.265574862300989 0.236370651570991 0.229111826299535 0.227767464398344 0.238611633095921 0.247699773959314 0.255205407578225 0.267089237383709 0.275160205875426 0.259329660738346 0.253025463002256 0.257038609419426 0.264255756344225 0.271810450871055 0.275764874983128 0.283416235429474 0.295885981464912 0.307537649365675 0.319172148400759 0.334148936708967 0.349237318191252 0.364501545254177 0.378883781622836 0.392920766289752 0.407824539594707 0.420463629073097 0.42875160666632 0.434269942674149 0.438363666469052 0.443760830165692 0.449419452646677 0.45563033211431 0.434263847629331 0.395591425611519 0.377463583057437 0.366169495188751 0.370870949136714 0.376922988498127 0.384000119500913 0.457699649617537 0.541001838216772 0.628486783579701 0.716237298920522 0.804230427319031 0.818255254709809 -9999 -9999 -9999 -9999 -9999 -9999 -9999
0.327253201632816 0.33048755600353 0.315601529429163 0.297493315121196 0.273565771440664 0.247377058423645 0.219495770056694 0.213307470753468 0.212924625850547 0.22443402995541 0.234345059998614 0.242815658129109 0.252030503300688 0.257077860924707 0.239862863604101 0.232076822183202 0.23450264675126 0.241571813455233 0.248942416121329 0.249666338176784 0.254084069618571 0.263316111155704 0.274192716697946 0.285684883024249 0.2981534292257 0.311148481469978 0.324973188050874 0.338395485455545 0.351641855030994 0.364544246914113 0.375987823248357 0.384628593469658 0.390294787911212 0.394430958754602 0.395652714162146 0.395156986726251 0.390737155545763 0.374873504398384 0.351828382468507 0.336894851200097 0.323014381649907 0.31052667193703 0.285708422968426 0.251531319240394 0.357430020634016 0.475298191777065 0.569995233091185 0.67829237925459 0.799013983365078 -9999 -9999 -9999 -9999 -9999 -9999 -9999 -9999
0.307845596918439 0.285301613672219 0.281869848582845 0.275981877987721 0.259025246990376 0.235724866969438 0.207675938022844 0.200113482962333 0.19859862816042 0.21046658977146 0.22174033931608 0.232478593419475 0.237729297289539 0.238701891677282 0.222795893153017 0.214203860423468 0.213533090592792 0.217569378224932 0.222239760795281 0.222672807366259 0.224727550379153 0.228895924263417 0.236056203127289 0.244486484875498 0.256681393869858 0.269072142893368 0.281771491469877 0.296251914729003 0.311395292000542 0.323412728761003 0.334207227035538 0.342652107178604 0.34802732378882 0.351823606799275 0.352762069844112 0.352013162207608 0.347408662529777 0.332429983182705 0.310941076621069 0.296353451861205 0.280644741143843 0.260085314535692 0.223317987407096 0.174248896034438 0.312444175122266 0.457395402168317 0.535417031549162 0.573962235511225 0.576443512543883 -9999 -9999 -9999 -9999 -9999 -9999 -9999 -9999
0.286160290687523 0.248819918119693 0.252679668217247 0.255345263549465 0.246201642999203 0.227394646703553 0.201354228602702 0.191457538778775 0.18694337747449 0.195324680406616 0.206106111016278 0.219050502464852 0.222642080573994 0.221642293034628 0.205838075643892 0.196376720460774 0.193784891399064 0.194846224478466 0.19650924851741 0.195717638251235 0.195132988470729 0.194818079722121 0.198070518323041 0.203056884571567 0.215441105544864 0.227877733191857 0.240396941893128 0.25553666552875 0.271637608965816 0.282569185870652 0.292840211966898 0.301842129130455 0.307293953802263 0.310919728075551 0.311863883142618 0.311426342353388 0.307849590996234 0.294349094858297 0.274621038045483 0.260458741107683 0.243051569144865 0.214728039764753 0.175718006312689 0.128596937534333 0.280188949042891 0.435684095415928 0.507458406548088 0.541724377404931 -9999 -9999 -9999 -9999 -9999 -9999 -9999 -9999 -9999
0.261931502814599 0.247490747931494 0.243222261011866 0.240084721038451 0.238221718841741 0.227394597403879 0.209857475517747 0.195318372146222 0.182837648260023 0.176784276063695 0.181668229829851 0.196408745795049 0.205169631591121 0.20840223130412 0.188761565566571 0.178128275460773 0.177250266198583 0.176020554065235 0.174249264966375 0.169032991580067 0.164861640797406 0.162052185259858 0.161377048797031 0.162350698961506 0.175847604053279 0.189923163141527 0.204910549936445 0.219205867867141 0.233093437095274 0.242163742687362 0.252172572776199 0.263984579557702 0.270643680160038 0.274652295907719 0.275730007884756 0.276159375153565 0.275203488025243 0.26570806796832 0.250853737477611 0.2378556361323 0.218985198606438 0.182140216099891 0.165263843839176 0.163543607020922 0.274432885039575 0.394489168125983 0.494146633404053 -9999 -9999 -9999 -9999 -9999 -9999 -9999 -9999 -9999 -9999
0.249330124320063 0.243883057141444 0.238973167126667 0.23461116113019 0.231751113351499 0.220676660111523 0.203453397061604 0.193477574499253 0.184355221624446 0.175069500956298 0.173241848204619 0.178135299912614 0.187307036913918 0.192656698712781 0.174152685890611 0.164251658798923 0.163667945131868 0.158751266290939 0.152228359676671 0.141823064145451 0.133441872115849 0.1276987864157 0.126677648200127 0.128182100385299 0.142531009579993 0.157023542364457 0.171742393413864 0.186023982038084 0.199945327656918 0.206700435317984 0.215251973576966 0.22725497399317 0.235432890874568 0.241643311041629 0.241991623258344 0.24280706895635 0.245039089793994 0.242065947153923 0.235826348947312 0.222133723694536 0.202836797848249 0.168385393034517 0.173518192213206 0.208695323456333 0.287309594464875 0.354264792430218 -9999 -9999 -9999 -9999 -9999 -9999 -9999 -9999 -9999 -9999 -9999
0.245253043849624 0.238604935042737 0.238542397125948 0.236312643722589 0.226387021076198 0.209033698036901 0.186120445279441 0.187456791405085 0.189995356214866 0.185689948027723 0.17655383319491 0.163064354415397 0.169158418234028 0.175074352811324 0.161352877889172 0.153580121312651 0.152250020232434 0.142622995317727 0.130382727681674 0.114228042350754 0.101180171873035 0.0921815547670488 0.0934401414162942 0.0988063441716047 0.113816147474794 0.127829811067984 0.140273783977587 0.155150629609613 0.170753184920316 0.174860311512749 0.181078408094016 0.19135228787111 0.201277417804317 0.211023162329145 0.210009423125993 0.210858440953496 0.216694081430335 0.222088629374836 0.227206373494868 0.211456558030795 0.192493227035927 0.168437438255418 0.19548814282172 0.261328574145051 0.313846381432143 -9999 -9999 -9999 -9999 -9999 -9999 -9999 -9999 -9999 -9999 -9999 -9999
0.24801234972493 0.2421835394757 0.241365842861532 0.239239078871983 0.23225562321476 0.212563984497744 0.183359764373235 0.179288336555327 0.178949393292213 0.180987247081909 0.17539249973429 0.162919361077085 0.158713627927859 0.155459706317522 0.149226555111969 0.141616912262212 0.132516484180766 0.121202409348876 0.109016688733383 0.0944589610486878 0.0814090099527128 0.0703242127922558 0.0681041321498156 0.0696439764397395 0.0822987398655583 0.0948188645084501 0.107126828908066 0.121032068591273 0.135431401370919 0.142992063550172 0.152946150562701 0.167498698126836 0.174453098600962 0.17749926300688 0.175879310409947 0.178251679038233 0.190346153906407 0.202426194321883 0.21449717652073 0.207029102990766 0.195596939430888 0.176538341295294 0.204269423540887 0.267513780092323 -9999 -9999 -9999 -9999 -9999 -9999 -9999 -9999 -9999 -9999 -9999 -9999 -9999
0.24964980090062 0.244669438927104 0.242917143701199 0.240896828384189 0.237438540088205 0.216680458597229 0.182972792549133 0.173112859042381 0.168934339945121 0.175160659469151 0.172743143690552 0.162535926792054 0.150368480075782 0.13964273531127 0.13824579230448 0.129710876127032 0.113445302788084 0.100859288388821 0.0892085355328494 0.0775912909520539 0.0655962275065488 0.0531087355179485 0.0475460916837753 0.0451922615192335 0.0551190881266009 0.0657717338275484 0.0775681061139615 0.0897179057714008 0.101969692280368 0.112413395375067 0.125139048005955 0.14224898493816 0.146893649626942 0.145126589719624 0.144426651691874 0.148968032189699 0.16589556110069 0.183184887039533 0.200701255591088 0.201247729929709 0.197470384344344 0.184433233868783 0.180693911067774 0.184011620970659 -9999 -9999 -9999 -9999 -9999 -9999 -9999 -9999 -9999 -9999 -9999 -9999 -9999
0.24418150823779 0.239281953322002 0.238359540626055 0.237337631211044 0.235222120316395 0.21638835683542 0.185040315115753 0.175229465133718 0.169956493305936 0.171821454248669 0.166535439743573 0.154805068132628 0.146441243957502 0.138734006431558 0.131204678729963 0.118575641191793 0.100423451993184 0.0867889760193136 0.0749470728044025 0.0680501782483066 0.0589932621744386 0.047121091627057 0.0412134490221283 0.0380481724556748 0.0451763212858889 0.0530198453416596 0.0619906388111027 0.070168538564906 0.0780343444267758 0.0866103254703383 0.0959155933516958 0.106622031935296 0.113442572122056 0.118264334436788 0.123794481510608 0.132244351007578 0.147588053286984 0.165362706509189 0.184662882084936 0.187757601692453 0.188973458221924 0.188079998202688 0.186576913574406 0.184611125080908 -9999 -9999 -9999 -9999 -9999 -9999 -9999 -9999 -9999 -9999 -9999 -9999 -9999
