layers/veg_old/veg_3600.asc
NCOLS 255 
NROWS 330 
XLLCORNER -2985163.8955 
YLLCORNER -3022031.214 
CELLSIZE 25000 
NODATA_value -9999 
[rows 175 to 199 of 330, columns 114 to 170 of 255]
0.453897994148842 0.471223051479574 0.476927734217421 0.482184538390718 0.488465988716762 0.493648954090557 0.498009659705895 0.512219598073764 0.524065871659504 0.522270392328579 0.518271108968331 0.512285788841507 0.498833102120563 0.486245371388298 0.485267198398983 0.488947642970554 0.497673521918064 0.503819787049327 0.509348684736097 0.515145707606427 0.527395792420248 0.548056446922751 0.562070615590338 0.573450048395617 0.578937209365139 0.589672220662151 0.608676656102424 0.608744504116811 0.60087852931599 0.590685382780977 0.585259743026414 0.588993861102813 0.5786559210436 0.561079778761131 0.529483583634801 0.499671040613412 0.474828463341118 0.457879487848351 0.445884074252955 0.400575157188113 0.358878517727323 0.335212631452102 0.305539480642499 0.271306828004731 0.287994385308035 0.315474315316136 0.359578142672202 0.399958511535893 0.436937292399424 0.488397410968165 0.54411077851642 0.60781919618886 0.64532464695497 0.654062078594833 0.6522207813555 0.648162174063928 -9999
0.45324796854765 0.466388311304355 0.475023667336055 0.482336406899329 0.486669644452172 0.491547190826849 0.496832174043924 0.511485423530724 0.521259698358424 0.508038943069038 0.499276147715933 0.494530802290125 0.477243715468678 0.461937291435078 0.468859659723106 0.478288105592436 0.490430715011834 0.50323329897256 0.514192611131164 0.509851042137873 0.517051005967518 0.539293575458094 0.560870784754365 0.581793249643077 0.596947650607702 0.613696874802284 0.632959179381983 0.628779298278759 0.61477076304404 0.597594906357875 0.586293049611395 0.586276843714376 0.588973203855611 0.593064818432239 0.544450531141394 0.500415369501956 0.470016616568518 0.455960357283876 0.452159689313284 0.404133858238722 0.357794380953874 0.326087959235822 0.292847401742138 0.258442438247416 0.288217867459621 0.331706679077104 0.396578339768656 0.4519387134137 0.498609993317073 0.546879241132056 0.593806478009058 0.632009467093804 0.66000589006622 0.676796609112723 0.680243805929028 -9999 -9999
0.438927832449416 0.443360332580968 0.46286116365329 0.479554884939567 0.484963313068172 0.489269821132582 0.492751498120363 0.501541074389816 0.505229632448538 0.486990115864175 0.479506845867123 0.48171695191827 0.463183767241376 0.446188809459092 0.456973036372991 0.467316029830611 0.477181153100557 0.492466878679857 0.50739868483563 0.509198909759094 0.518100117925223 0.536256361134186 0.560655332622284 0.586208874121269 0.599813345956421 0.617641983646737 0.642126950486698 0.643735530715975 0.635805151179473 0.626891830767822 0.621020896640119 0.620995265492052 0.61552984197434 0.607266368814951 0.56483496109416 0.524986468996569 0.493062719783533 0.463857697461724 0.436358788814495 0.410159380646768 0.383283687249641 0.354102604718967 0.329287046258444 0.307784911880518 0.338044198773313 0.370906196451893 0.388127586375656 0.433855354744687 0.505625297357363 0.548580034640569 0.586903086115222 0.629637849355318 0.66000589006622 0.676796609112723 -9999 -9999 -9999
0.427491846818261 0.426210196619726 0.449499289603191 0.469144655154163 0.473131747015791 0.47681853360468 0.48028052973056 0.486490898190658 0.487175058553266 0.465517424829935 0.458001732585198 0.463230556347126 0.448447266985939 0.434914866217212 0.446976959057249 0.457641564333391 0.466792645113761 0.482026544737528 0.497645245270223 0.504479990519192 0.515135580691917 0.530771052164761 0.555805350979965 0.583081001786632 0.59902919702749 0.619961073095988 0.648746101976891 0.65796272329221 0.659006217885744 0.658665644752366 0.659128299691428 0.66113418780569 0.649564890307171 0.631012965410684 0.595031679441199 0.558513183068619 0.521634183866775 0.47828406730517 0.430873056707861 0.420586873391348 0.408257961646804 0.381768761333327 0.363496385823289 0.35146056398898 0.376289133509418 0.398718165353685 0.393469303942686 0.439432940215041 0.532182063134982 0.561238740664082 0.575525182643797 -9999 -9999 -9999 -9999 -9999 -9999
0.420441679601877 0.417998273598346 0.434313578446387 0.447133738218584 0.445903119967678 0.448896154434902 0.455050761262952 0.463676484102277 0.466041892017106 0.443400180118814 0.433857036578716 0.436118136066923 0.432681959677123 0.430445184612047 0.439855763515596 0.44994032563507 0.460754833503897 0.472082077961838 0.483391385929242 0.493576862477405 0.506067639099753 0.521563018358346 0.543907815785285 0.568482019462717 0.592694868096964 0.619807536415758 0.651489664115831 0.671081292554963 0.685502070659295 0.694205970932309 0.702374865628582 0.709515860051852 0.694972073902921 0.669274352385339 0.64014957323379 0.605658361148585 0.558607855019565 0.502638885357139 0.441073210619376 0.437708275758057 0.432449046536043 0.408904984119512 0.394314185092877 0.386518895163708 0.396922676968076 0.409213520451148 0.41978470988423 0.480990827580823 0.588454789892248 0.590560729357598 -9999 -9999 -9999 -9999 -9999 -9999 -9999
0.415825877340251 0.41740543097236 0.422138063868241 0.426747420186157 0.430359295249713 0.435939197067264 0.442992245330805 0.449681099326486 0.450592183690924 0.42966954625741 0.416078101741261 0.409093423744739 0.413656554963446 0.420520630925778 0.428247038569706 0.437342624143005 0.447921073956895 0.458802101645108 0.469946501275782 0.482512922021727 0.496476711809394 0.512261756345446 0.533743638099975 0.55728375561765 0.583224827121673 0.611593780468738 0.643788525992968 0.664679478700819 0.680716015208905 0.690603242413641 0.702939038756761 0.719979243792478 0.715236019894401 0.699288119166595 0.667955595561846 0.631662965191397 0.584403180721531 0.534163027120094 0.482052568506749 0.471332665039986 0.460419020195723 0.439953227943671 0.425985203602562 0.41694897217641 0.419357727785416 0.425620215190805 0.441171995063045 0.510167673642382 0.62798734875506 0.648925382162754 -9999 -9999 -9999 -9999 -9999 -9999 -9999
0.411931298329185 0.419451161096372 0.411346521633384 0.407572172351799 0.419671619245623 0.42890710497225 0.435998801644008 0.438688585871278 0.436600382087687 0.418388199698401 0.40038814122624 0.38257924580346 0.393637860970392 0.408428775703869 0.414931221120903 0.42283986411426 0.43227146483021 0.443945521448914 0.456457052518749 0.471025021769238 0.486344528752785 0.502643549110433 0.523969249352015 0.547097100747138 0.57215857497976 0.59975247041407 0.631336888389858 0.65012123688925 0.663453220374232 0.671614762700251 0.686709449036968 0.715124707964284 0.725022384661991 0.725395228277572 0.688212719857751 0.648532408767852 0.604893712534191 0.567444320166465 0.533878972200505 0.510890505322843 0.489832974893788 0.472260713043967 0.45763655860108 0.445250011813824 0.442468502083125 0.444608895690228 0.461107943321129 0.534506397327873 0.659885647774425 0.679869280336441 -9999 -9999 -9999 -9999 -9999 -9999 -9999
0.40064977356709 0.409629149258286 0.405944229713461 0.405002532729235 0.414674080630636 0.42046618118056 0.423354360802264 0.412446627904196 0.398695524252566 0.380613682895769 0.371372427759031 0.370098182863452 0.382702330363378 0.396623274597663 0.40408991705367 0.409785737583066 0.413563700356289 0.421846400952069 0.432124858142856 0.448919842044669 0.466399080917984 0.484770140476275 0.505283209346508 0.526711750232888 0.550918062776634 0.575789117932564 0.601707656965363 0.624763174022587 0.646416852594888 0.659590594503764 0.67757743554668 0.704811630503173 0.721733452197539 0.73335092947024 0.689587909077388 0.644800893451271 0.6004896364233 0.568143721135381 0.543306553132668 0.531184322626626 0.517353846648274 0.495655409943358 0.478658908207615 0.465231165757425 0.46430304655716 0.470172718700257 0.496254894374554 0.561886851811647 0.663649751309387 -9999 -9999 -9999 -9999 -9999 -9999 -9999 -9999
0.384759216978623 0.393675270910049 0.392690911759117 0.394163950184367 0.404853443381693 0.407196085264285 0.403290776338012 0.382610133674812 0.362260143004023 0.351071485822858 0.350002720073031 0.358053856178803 0.369923940373448 0.381674366365989 0.389156190188349 0.394008398592202 0.396012647949274 0.398844577432953 0.403592158488702 0.42132696256938 0.440096899141681 0.460215971059969 0.479862823776469 0.499510245421361 0.521225723236991 0.544322643274849 0.569596403533391 0.598648199574182 0.629019966837496 0.649294197781812 0.671010804446536 0.695498631564342 0.715146227082113 0.732304167228166 0.684552435409431 0.637037175624627 0.593489974335982 0.56453929040913 0.544748525395999 0.539934774638881 0.531857350993836 0.510767203130811 0.496054482990264 0.486182217801084 0.490337763497321 0.502844237817394 0.540842084192692 0.569614285126966 0.5899583419339 -9999 -9999 -9999 -9999 -9999 -9999 -9999 -9999
0.360339171023293 0.366373740350326 0.36490845935698 0.368022834832631 0.386107164031897 0.38498910762554 0.369497300429465 0.346121578886273 0.328544179930974 0.336764046556881 0.342782735683931 0.346817755036209 0.353735148784369 0.36090825863073 0.366649012312933 0.373191473720081 0.380602210675078 0.374172208749481 0.367285990033277 0.383578527993675 0.402030924750241 0.423298363897839 0.441979836287135 0.45969474318225 0.475892404395607 0.498970866186795 0.53289191205955 0.571132482077924 0.610955905331232 0.642195220599486 0.669191678384968 0.688036381208544 0.702455170803209 0.714597416720701 0.667653368042381 0.621811450649799 0.581686912354561 0.552970174676662 0.531412304148282 0.52732303710224 0.522270872652883 0.510550627628457 0.50673833642629 0.508928166439738 0.524145333335526 0.548669282588563 0.602899410733148 0.61773219891816 0.596573309172802 -9999 -9999 -9999 -9999 -9999 -9999 -9999 -9999
0.346655840124034 0.348124551818475 0.347781784610947 0.350814939163562 0.364134484207089 0.354990457277042 0.329031551611277 0.312528477676899 0.303044347623296 0.315838479671663 0.325940773135949 0.333617220051931 0.328895692263032 0.324417687411278 0.33304791236923 0.341616688972376 0.350118915008186 0.348148841187261 0.345676807953061 0.359549211628004 0.374478507622513 0.390785299538336 0.411571408055776 0.434027775128257 0.45905940736666 0.486718175227961 0.518516714117759 0.542282721158716 0.562909495720889 0.591634022328734 0.615976008886036 0.631897869915241 0.654213952973506 0.679819012787034 0.643149154837285 0.604374022215277 0.563869687914299 0.539573872532912 0.525449573776688 0.513414050845686 0.502939458384375 0.496682944134077 0.509037037789929 0.535516545814616 0.563161670752954 0.596152682256074 0.649351274093221 0.676575675151828 0.680071197307382 -9999 -9999 -9999 -9999 -9999 -9999 -9999 -9999
0.338288770093639 0.334357610551549 0.335931294758023 0.338030307591931 0.340564259276258 0.321133777306491 0.285262041522471 0.28036905394524 0.281612714411274 0.291635961437397 0.3043345092444 0.319443999967279 0.299772878008082 0.28014118264806 0.293953681289434 0.304715173544886 0.31217232662685 0.321456529498698 0.331344806383711 0.342312886499823 0.352131855273094 0.360453134869711 0.384863991417596 0.41536642268829 0.45633828206107 0.490854424039347 0.515197816805527 0.512772411569848 0.500017392325249 0.519552600783014 0.537311453834677 0.551657414972199 0.58837015076419 0.636587617169916 0.614879270380816 0.585841473672332 0.543074564147105 0.525272843052384 0.523137811211071 0.498862734735834 0.478782860503312 0.476055944512218 0.507183849529125 0.564007496325789 0.604757117992318 0.644457212706705 0.688076126648488 0.700116263827463 0.683307418718591 -9999 -9999 -9999 -9999 -9999 -9999 -9999 -9999
0.333984636852669 0.327752374125885 0.323028761498692 0.316853552900556 0.306108344273893 0.290624557886098 0.271593757224397 0.268451946637596 0.26938579561811 0.278357748003933 0.284186540371997 0.287182761751241 0.274931257374828 0.26381105546818 0.273113548423697 0.281497182246213 0.288885661734702 0.294563321043447 0.300771889885128 0.314315771105624 0.326438957828737 0.336710488674188 0.36576558981488 0.399557869415655 0.414126923068294 0.43266482127327 0.457456720052546 0.472861148245481 0.484347153037042 0.495267072212416 0.506171911122787 0.517047776487485 0.542552908235192 0.575582851736633 0.573569880656236 0.567016014186295 0.551521884722326 0.539488339441546 0.52962645399759 0.505355369387302 0.484909070237628 0.479031460259175 0.500747023831915 0.543405751224306 0.591420487837394 0.636423057111386 0.667047034654261 0.700939847659711 0.737818925049942 0.743696914662798 -9999 -9999 -9999 -9999 -9999 -9999 -9999
0.32707844652019 0.317767133524969 0.306267161428602 0.292876028775061 0.274367882465484 0.261671386598339 0.253325142666139 0.252904009364151 0.254694294839747 0.261173895928729 0.262573258028486 0.259394381191682 0.252746308186036 0.247321187879809 0.251535804884767 0.256632958226369 0.262685927131864 0.2671673091517 0.272685478599132 0.28912134544464 0.304105875530785 0.317198812282903 0.344781852546424 0.374835307957648 0.374379284947045 0.383469415994106 0.407602124842261 0.434805202451188 0.462739143550928 0.468733058590024 0.475207961790238 0.482606982202719 0.502625375818569 0.529134758477845 0.536744003342615 0.541535215442863 0.54062876430331 0.534561291241119 0.525255063265577 0.503630489248765 0.484736960163318 0.476686008448754 0.489087905678098 0.517013474558189 0.568224835102501 0.616820523175236 0.643655858465121 0.68293856905353 0.733592654543965 0.739881573879653 -9999 -9999 -9999 -9999 -9999 -9999 -9999
0.314116389331743 0.299858274317136 0.280739109192548 0.262767762170231 0.249148982448996 0.23616425412951 0.223654138549494 0.228463420725099 0.234104240263368 0.234753772165048 0.237574887735459 0.242353003542919 0.236488388972188 0.229618584891197 0.227722110872833 0.2275999674611 0.229399481820149 0.238631041346463 0.250761245374588 0.270643582280873 0.289534533106756 0.307133365277862 0.319268651915551 0.329702827520185 0.341447799674455 0.356672541939584 0.377380614172607 0.401295052744706 0.426159641702927 0.43562142876142 0.443201345940539 0.447165647419828 0.475517891427424 0.51641448808961 0.510536132501694 0.500889614351016 0.484752934619984 0.485124764518362 0.495856367631383 0.482531305301966 0.469285652791325 0.4614924867541 0.465661508839339 0.478909807906815 0.524219226500799 0.572553533874445 0.61669361492191 0.66797867098834 0.72579106214813 0.736549770135609 -9999 -9999 -9999 -9999 -9999 -9999 -9999
0.295348301591097 0.274381713141049 0.261090812452971 0.248228320943478 0.235078618106199 0.221008581398282 0.20624963811534 0.207371321069334 0.210258017224096 0.212386404086975 0.217639813241652 0.225709447925141 0.219675314359905 0.211677298820764 0.207002748415803 0.204541038542493 0.20447590695468 0.213806280529468 0.226120688393624 0.243056402392688 0.258816993405486 0.273045993081442 0.282153652555135 0.290488985107299 0.310942607078096 0.331160840080946 0.351008153356077 0.371018564097985 0.391052537584506 0.409307987058476 0.422244186305708 0.424960569166105 0.447876387220868 0.481182128009277 0.479283342560583 0.472612304962271 0.456460277867184 0.455247425492014 0.463409523708177 0.451362769502143 0.436304381554483 0.416614848758247 0.412717521440754 0.420806446657832 0.468278247990079 0.523255176496948 0.58781547562166 0.654012479215546 0.721704704065035 0.732493862110561 -9999 -9999 -9999 -9999 -9999 -9999 -9999
0.27306545629517 0.24432394326654 0.245001903640939 0.243113674528337 0.22775716761033 0.212119302030611 0.196270828281209 0.188306273604728 0.184440629444417 0.192472425383559 0.200769871975259 0.209306719147058 0.202526169068445 0.193591522782942 0.188156580581736 0.185098587150568 0.184614906565959 0.191228329664835 0.199835768821104 0.209954716342591 0.218325139160223 0.224416630053301 0.238015350548808 0.25485806867574 0.281906202914458 0.306427134246392 0.326965765888333 0.342699615036843 0.356836768948715 0.387109918649223 0.407975961454081 0.410768234252476 0.419911607040477 0.43232177602999 0.444976543970404 0.451822304901053 0.444865460470301 0.437210500000014 0.429117442814187 0.414098618086108 0.392711114327639 0.353767537488467 0.341904669333125 0.35059600518282 0.405112035098375 0.47091101376207 0.557777523429168 0.640647840718699 0.719867412319594 -9999 -9999 -9999 -9999 -9999 -9999 -9999 -9999
0.260894907994161 0.239347529996007 0.23823911903942 0.232859007041123 0.21080741686689 0.195946240522342 0.18646737544815 0.178681436067384 0.173677226447224 0.178470091141222 0.184982465982887 0.19304443885066 0.187285933021346 0.180040038836538 0.178310927726757 0.177887537109494 0.178878284264268 0.180864926615925 0.1831887318171 0.186161189454706 0.189699456800698 0.193975169722849 0.206851442522253 0.223204622939662 0.248077120074511 0.269801406001374 0.286564823735211 0.300157070523666 0.312804266753803 0.340471078875426 0.36273527198976 0.374619473205047 0.382681868922119 0.388778454038678 0.404000491885716 0.414975190715028 0.415388363893226 0.41469318393473 0.41330246649916 0.38713863483792 0.353324340297846 0.301987253501757 0.27473167615222 0.265753916554524 0.32040208711683 0.388719486603619 0.47852399529124 0.523929450379199 0.528773881824142 -9999 -9999 -9999 -9999 -9999 -9999 -9999 -9999
0.255578023179791 0.239701588472463 0.234298518142664 0.223796234488825 0.196198064105708 0.180758220139741 0.174419367973927 0.168876006620785 0.165041461931151 0.167340419302009 0.17142538345047 0.177119871439746 0.17355464177074 0.169214997359118 0.169720309869016 0.170374958651776 0.171191343476362 0.168561352487425 0.16516088190812 0.162532130936994 0.16233900875821 0.165320352572957 0.176850245078655 0.191793336929596 0.214638951123702 0.234310584699239 0.248980743324172 0.262000217707689 0.27456153968096 0.296297786866435 0.317342127458713 0.337057115597562 0.345859420947888 0.349048602470813 0.363104067109682 0.375333174203165 0.382656460680932 0.388995756817853 0.394717558280488 0.362257914719854 0.321207028537177 0.262724775103699 0.224483572813282 0.201605288064212 0.25238764256546 0.319826289197018 0.415373147907049 0.460988435945026 -9999 -9999 -9999 -9999 -9999 -9999 -9999 -9999 -9999
0.26805664468832 0.250803934667601 0.236758535529044 0.219067275064799 0.190015111879156 0.169697142020004 0.155917063900065 0.156858251964791 0.159790088289953 0.163369087136515 0.164055944280461 0.162136444561855 0.163798340970848 0.165377273675156 0.163104391844941 0.159802667466826 0.15538667313829 0.148512111222828 0.141450766298906 0.13770185606215 0.136467743858386 0.138511282527131 0.147845810440581 0.160360596275556 0.183180199007394 0.2042032355525 0.222395290481815 0.238947743541276 0.25464946200944 0.263569487305092 0.277075712195196 0.299393351433337 0.311866518845168 0.31927601488972 0.323633364120417 0.330577561650717 0.343822762516827 0.355003156456669 0.364887798571036 0.341476276199394 0.309135777102896 0.257294285080014 0.222012341679164 0.199299062731762 0.236016918223876 0.294347207158251 0.407139809913002 -9999 -9999 -9999 -9999 -9999 -9999 -9999 -9999 -9999 -9999
0.273721578012885 0.259360384117474 0.240744814103902 0.21896347032765 0.188735298832572 0.16491837629829 0.145900529082354 0.14970719242497 0.15508152193701 0.155675012475376 0.156996756370195 0.158974791805486 0.160731024037324 0.161248884299373 0.155574809384203 0.14875172928277 0.140684239184351 0.130557627928265 0.120576351609471 0.115666264312635 0.112426027974656 0.111362184484314 0.12172073866794 0.136563962274803 0.160960127360977 0.182317966775911 0.198888092728584 0.217076744308455 0.235384268630685 0.231424099196426 0.236768572306113 0.259989951801268 0.278747207274909 0.295208264700901 0.282441469690538 0.279486484367438 0.301357348175693 0.319728108355038 0.335902408609336 0.327145561152927 0.306742052698054 0.256891933519032 0.219974934175097 0.192874147051294 0.226275696120937 0.259004265188433 -9999 -9999 -9999 -9999 -9999 -9999 -9999 -9999 -9999 -9999 -9999
0.27439125342288 0.266050383192291 0.245850026811876 0.222250463632907 0.191050080098747 0.164745305742066 0.142105089931711 0.14612400928931 0.150770899007592 0.145251717102457 0.150165020174611 0.164479929948618 0.162567541663998 0.156907401800106 0.147375400335384 0.137349884930715 0.126789877873732 0.114138855697431 0.101780848822141 0.0956795134586246 0.0897255929003787 0.0839638047753454 0.0977065882867905 0.118365518441619 0.145513126405708 0.166460477805845 0.177637628433336 0.196071909163798 0.216593319713374 0.199706055716524 0.196431576338695 0.21931118887041 0.246268343271894 0.275322850622235 0.239987733665608 0.223750744827135 0.256229446428768 0.283512870879822 0.307536043843889 0.317544153593058 0.311443126614196 0.260175815870322 0.218255571885755 0.183429732972434 0.221394701347628 -9999 -9999 -9999 -9999 -9999 -9999 -9999 -9999 -9999 -9999 -9999 -9999
0.266427740417316 0.260640983757444 0.245842692102537 0.225043857358171 0.188425438593006 0.16570321260068 0.153382840625083 0.145902069366848 0.139865218320213 0.137048006839338 0.138687440288252 0.144343138599362 0.1470424491611 0.146985942092627 0.13550390801419 0.124156965987665 0.112956333048272 0.100452013598999 0.088233975246387 0.0807052982295949 0.0725618308733838 0.0636170792526034 0.0693193359670284 0.080441882066146 0.0994380635355908 0.116384223208649 0.130100012600669 0.149489322142935 0.170673356628132 0.16916160525409 0.177140373186197 0.203353170462707 0.214698062871215 0.218395395766138 0.19155248270335 0.183085704681062 0.219844162370915 0.25264353096989 0.282958407265272 0.314931561873784 0.326827910707948 0.278287693628185 0.230658426080469 0.183720567414944 -9999 -9999 -9999 -9999 -9999 -9999 -9999 -9999 -9999 -9999 -9999 -9999 -9999
0.259636547190287 0.25494865563527 0.244281471951083 0.225959338854225 0.186344657709912 0.166607148267308 0.161748493895768 0.145096560843868 0.130434902998779 0.128908643960667 0.126634176569653 0.123685434479915 0.131440942394504 0.137483085346762 0.12443481229578 0.112164905359629 0.100737994248206 0.0888726830347099 0.0773035009757445 0.0688324730616753 0.059121498471949 0.0477944448770644 0.0457050245168306 0.0474007195824578 0.0589177370704781 0.0719848797341724 0.0874946687678766 0.105766882546761 0.125024223493807 0.13770153396204 0.155191915767006 0.181929598078898 0.180453309730722 0.164464686144124 0.150243607885109 0.151091357840558 0.187617624921401 0.222370149643526 0.256009577605856 0.30229262688343 0.327551317436332 0.287156681024357 0.265413816310561 0.25782760920184 -9999 -9999 -9999 -9999 -9999 -9999 -9999 -9999 -9999 -9999 -9999 -9999 -9999
0.260915969886358 0.253453325329971 0.239195567866453 0.220152093422624 0.188412781807293 0.166821730007916 0.152827055061897 0.140679222393042 0.129311563489974 0.12004532902631 0.114467282770312 0.11221297913617 0.123079107012463 0.131943980966839 0.117920518856887 0.105384525485016 0.094459509147889 0.0838944087528477 0.0737634368692247 0.0662437909302835 0.0570358984534062 0.0456276373324143 0.0416155165846991 0.0409402532765852 0.0521849659444626 0.0633800517123501 0.0744969367200555 0.0836907515606359 0.0921291364246688 0.102350908368916 0.114310064807635 0.129607238780778 0.135936020182083 0.137651756467532 0.137849435369736 0.144595183723841 0.16696480397048 0.191981989932244 0.218660632984642 0.249590759040606 0.269490217812075 0.255460302481786 0.251961863987177 0.25645679545501 -9999 -9999 -9999 -9999 -9999 -9999 -9999 -9999 -9999 -9999 -9999 -9999 -9999
