layers/veg_old/veg_3000.asc
NCOLS 255 
NROWS 330 
XLLCORNER -2985163.8955 
YLLCORNER -3022031.214 
CELLSIZE 25000 
NODATA_value -9999 
[rows 175 to 199 of 330, columns 57 to 113 of 255]
-9999 -9999 -9999 -9999 -9999 -9999 -9999 -9999 -9999 -9999 -9999 -9999 -9999 -9999 -9999 -9999 -9999 -9999 -9999 -9999 -9999 -9999 0.189987777958591 0.198323536146354 0.222559610970254 0.194467102887539 0.127745357143749 0.0682011463865052 0.0191638320267742 0.00613263848956886 0 0 0 0 0 0 0 0 0.00256316116188263 0.0240078813190871 0.0881096961070661 0.207044899045325 0.275589410028694 0.323279880105157 0.313664284709397 0.324265667446013 0.36627230563724 0.383085992657757 0.389447104303551 0.390698058758294 0.391774116623314 0.392519172799827 0.395914481058774 0.400652431023425 0.402320729677153 0.406535641116077 0.416831535246521
-9999 -9999 -9999 -9999 -9999 -9999 -9999 -9999 -9999 -9999 -9999 -9999 -9999 -9999 -9999 -9999 -9999 -9999 -9999 -9999 -9999 -9999 0.156255639433251 0.145407858953329 0.162237702187458 0.138390769866068 0.084516025917817 0.0369332048433851 0 0 0 0 0 0 0 0 0 0.00193038704312898 0.00602668475467007 0.0225563321875257 0.0876150993747368 0.215055425435444 0.267334053192004 0.295967084424792 0.333012322818531 0.361136959133469 0.375404243214098 0.378574963293754 0.37739559979478 0.382881281518221 0.385827527415036 0.383967747375078 0.388995175921693 0.397511726708981 0.400568335142425 0.405510781887407 0.415094577142078
-9999 -9999 -9999 -9999 -9999 -9999 -9999 -9999 -9999 -9999 -9999 -9999 -9999 -9999 -9999 -9999 -9999 -9999 -9999 -9999 -9999 -9999 0.181434820359799 0.184237188538498 0.176733482757422 0.132950150640841 0.0623850057916235 0.0257217162126591 0 0 0 0 0 0 0 0 0 0.0264607142356221 0.0556365731562373 0.0565378248067949 0.0992003335696832 0.195544679801925 0.256875363017174 0.305231686861032 0.332848701741496 0.351455394003206 0.35606536124906 0.359282981562562 0.361871416318914 0.362368902965053 0.36352183811442 0.365915246629445 0.377737668088216 0.394336912893641 0.399449006760548 0.405429404098574 0.413936000929445
-9999 -9999 -9999 -9999 -9999 -9999 -9999 -9999 -9999 -9999 -9999 -9999 -9999 -9999 -9999 -9999 -9999 -9999 -9999 -9999 -9999 -9999 0.227424447796982 0.216683258054581 0.19300971551986 0.137127996204464 0.0574700298290041 0.0229624287021522 0 0 0 0 0 0 0 0 0 0.0440040427182169 0.0912876485762549 0.0824478455442441 0.110047446337697 0.184487930018775 0.250172799576404 0.30971228065439 0.327554228445449 0.338751683139002 0.339627515989408 0.343739376159571 0.349008750307172 0.348433764246537 0.349625530880723 0.354160976920447 0.366612184103173 0.383073587566255 0.390191527604082 0.397049247911314 0.403704424841278
-9999 -9999 -9999 -9999 -9999 -9999 -9999 -9999 -9999 -9999 -9999 -9999 -9999 -9999 -9999 -9999 -9999 -9999 -9999 -9999 -9999 -9999 0.240662145283684 0.239422545668392 0.211993414519414 0.155932276995475 0.078734840387236 0.0330560834155516 0 0 0 0 0 0 0 0 0 0.0509225068063753 0.105712085607724 0.0960838845953432 0.119772125798736 0.186286851637721 0.249182035844594 0.306918013637992 0.314457462445715 0.321452309682525 0.327601167407772 0.333895784716798 0.340193353132006 0.344500385115275 0.348517052557806 0.351984188683468 0.355687463785721 0.359510369031994 0.36855867069365 0.376049453624245 0.379675881366853
-9999 -9999 -9999 -9999 -9999 -9999 -9999 -9999 -9999 -9999 -9999 -9999 -9999 -9999 -9999 -9999 -9999 -9999 -9999 -9999 -9999 -9999 0.272395176312781 0.263230663342289 0.232995842824021 0.172829953979181 0.0905687916219588 0.0383515034730877 0 0 0 0 0 0 0 0 0 0.0304180358479718 0.0674934693083735 0.0981150900181286 0.13515155697639 0.180433961856895 0.223780176861963 0.265662407665753 0.297002109513268 0.319195770847639 0.327181881635493 0.333945617084459 0.340136250163963 0.343763385164489 0.347264672711513 0.350527786834636 0.351202016284451 0.350564693313771 0.358393886430109 0.364757278584951 0.367329964268513
-9999 -9999 -9999 -9999 -9999 -9999 -9999 -9999 -9999 -9999 -9999 -9999 -9999 -9999 -9999 -9999 -9999 -9999 -9999 -9999 -9999 -9999 0.298665321468938 0.287032957258005 0.254677037036312 0.188524463812751 0.0974230219510337 0.0411231644453932 0 0 0 0 0 0 0 0 0 0 0.010100325125866 0.0946048225574227 0.151304320915692 0.172261996726023 0.190376087740323 0.211274721505015 0.278796586953399 0.323161315761842 0.331553517567845 0.337995911147138 0.343506199827348 0.344297085584743 0.345947614093389 0.349225065131656 0.349107074345562 0.347268921982049 0.352666358256239 0.35721628187379 0.359472954307457
-9999 -9999 -9999 -9999 -9999 -9999 -9999 -9999 -9999 -9999 -9999 -9999 -9999 -9999 -9999 -9999 -9999 -9999 -9999 -9999 -9999 -9999 0.303841154658722 0.298075322296945 0.272613469296556 0.191167879753317 0.0683947987332287 0.0259284651481009 0 0 0 0 0 0 0 0 0 0 0.00685830299406003 0.0642383814097728 0.123680045398312 0.185771766145248 0.208322623217989 0.222329289982152 0.289786172669906 0.333577350191096 0.340605985288641 0.343582479396996 0.344859781008516 0.344684579860451 0.344416646706299 0.343973212985542 0.341718917939344 0.338547224146477 0.342819783960247 0.346043399593042 0.346494252104558
-9999 -9999 -9999 -9999 -9999 -9999 -9999 -9999 -9999 -9999 -9999 -9999 -9999 -9999 -9999 -9999 -9999 -9999 -9999 -9999 -9999 -9999 0.314116275191241 0.307092933222725 0.28494525701054 0.195405112691686 0.0561154906981781 0.0193449196235321 0 0 0 0 0 0 0 0 0 0.00259781188632983 0.00882636145125463 0.0370612566025845 0.0926817739595553 0.183505027582007 0.218414539671203 0.23858451503608 0.300891259614169 0.340854700913968 0.346109832071667 0.346429464313697 0.344787125836349 0.345155724628914 0.344036396817184 0.340101083747124 0.333873552445168 0.326484762628553 0.329620034316571 0.332610803861508 0.334807648660869
-9999 -9999 -9999 -9999 -9999 -9999 -9999 -9999 -9999 -9999 -9999 -9999 -9999 -9999 -9999 -9999 -9999 -9999 -9999 -9999 -9999 -9999 0.317535154620528 0.312363527566867 0.286905071203137 0.202591868577085 0.0748317798599877 0.028697203424458 0 0 0 0 0 0 0 0 0 0.0100031429429044 0.0204362120805249 0.0157862910423481 0.0554395746376035 0.152042231765994 0.213970672477524 0.264464092154274 0.312210093508145 0.342323593308057 0.345046589345237 0.34420656735714 0.342075073005699 0.34578167327276 0.345785668492032 0.338782274232615 0.325182074317995 0.30823987291763 0.310214887411451 0.314996375029943 0.325512207405417
-9999 -9999 -9999 -9999 -9999 -9999 -9999 -9999 -9999 -9999 -9999 -9999 -9999 -9999 -9999 -9999 -9999 -9999 -9999 -9999 -9999 -9999 0.290332455592494 0.287313009293162 0.263434674102023 0.182117314034725 0.0583981609182784 0.0211939484687301 0 0 0 0 0 0 0 0.0090156646154366 0.0276635066771448 0.0403316488193944 0.0500737303243389 0.0491705008674701 0.0942360588489405 0.198392006980557 0.257280904365195 0.300227033264596 0.326819385211635 0.343823170979603 0.345931982418303 0.343873392752806 0.340324338060094 0.344308671534998 0.342606707536221 0.330143103941678 0.315966212926027 0.300921354987272 0.301323036707664 0.305202970427919 0.316536773887926
-9999 -9999 -9999 -9999 -9999 -9999 -9999 -9999 -9999 -9999 -9999 -9999 -9999 -9999 -9999 -9999 -9999 -9999 -9999 -9999 -9999 -9999 0.267384896544975 0.247249058729518 0.227372563755125 0.14794632241262 0.0245601422119248 0.00534471053332284 0 0 0 0 0 0 0 0.0224954157556203 0.0690245379020917 0.0820105143402301 0.088637608576367 0.109619081285281 0.170682930136486 0.283270505767952 0.324236473485741 0.340883700339489 0.343057939869576 0.345337942398859 0.347782238225867 0.344475910019 0.339049597553022 0.341796379127681 0.336987543021852 0.317879273096888 0.30649070431269 0.299013006036192 0.297636821517724 0.299282128788479 0.307719791498751
-9999 -9999 -9999 -9999 -9999 -9999 -9999 -9999 -9999 -9999 -9999 -9999 -9999 -9999 -9999 -9999 -9999 -9999 -9999 -9999 -9999 0.394395291972237 0.336068411707881 0.281764553673847 0.24996490392528 0.157873214816315 0.0212736222221727 0.00314288392016437 0 0 0 0 0.044642515993918 0.0839885138377844 0.0560683350323605 0.0719952515520143 0.134767633235889 0.152982196399695 0.164985334760527 0.212524612024059 0.26824445070009 0.334479958647585 0.352191216881558 0.353588508666604 0.3472215016458 0.344186434210931 0.346327234958262 0.341700303950795 0.334364931193132 0.329150785866702 0.321795971073018 0.310389818232588 0.300851134384232 0.292258527239102 0.292458334841392 0.292556609986755 0.292036421287719
-9999 -9999 -9999 -9999 -9999 -9999 -9999 -9999 -9999 -9999 -9999 -9999 -9999 -9999 -9999 -9999 -9999 -9999 -9999 -9999 0.390317128381843 0.392338725367454 0.350730895028623 0.307797181204948 0.269182059177141 0.167358582158414 0.0188743619762944 0.00142353094192961 0 0 0 0 0.0770963674643809 0.146494346063602 0.107032595165259 0.117203059739982 0.180399710056976 0.208870271907722 0.232911080653297 0.28767541944355 0.334551394406813 0.371287304292042 0.375046625651472 0.367754050837973 0.355624311845326 0.347106553179847 0.344199680776843 0.338009627562621 0.330395121768875 0.319928320032547 0.311011549571225 0.305028300970305 0.296785628453616 0.287398311319805 0.284651901769072 0.280029682123831 0.27073831758009
-9999 -9999 -9999 -9999 -9999 -9999 -9999 -9999 -9999 -9999 -9999 -9999 -9999 -9999 -9999 -9999 -9999 -9999 -9999 -9999 0.387974540794709 0.386225216768978 0.349639404651576 0.312225016265695 0.278923103863458 0.174498355460422 0.017570352002542 0.000389805487416 0 0 0 0 0.0804054529794311 0.157471053583691 0.144657522100887 0.151531671378191 0.179439792378689 0.229479385827147 0.280488080848734 0.298258324162278 0.328959038912536 0.376281175383904 0.387460103387387 0.386098666531214 0.37405893856138 0.359390646477168 0.340639116683027 0.332335226800039 0.328158670800374 0.318818017599636 0.31056576289567 0.30437336390855 0.296192404510383 0.287004022399532 0.270899249442641 0.254300390306584 0.236847509155314
-9999 -9999 -9999 -9999 -9999 -9999 -9999 -9999 -9999 -9999 -9999 -9999 -9999 -9999 -9999 -9999 -9999 -9999 -9999 -9999 0.376687953479819 0.37788813744927 0.33625923882264 0.294300337748377 0.259385537095744 0.163127876798031 0.0215865919032473 0.00304247641122284 0 0 0 0 0.062053990813765 0.129906021544467 0.170642597479027 0.202651424178182 0.225335677157276 0.268558474643756 0.307734269737098 0.279626607616273 0.292818289193159 0.359098043526285 0.376063887000985 0.37656640684203 0.370639856375234 0.361973094646289 0.349049661414613 0.34286271002529 0.339320608282435 0.331873082046389 0.321463959315628 0.305449847705596 0.290406855977972 0.275855842377259 0.247782335568214 0.225180031376798 0.215942700855558
-9999 -9999 -9999 -9999 -9999 -9999 -9999 -9999 -9999 -9999 -9999 -9999 -9999 -9999 -9999 -9999 -9999 -9999 -9999 -9999 0.3732690129011 0.368965643903895 0.315439960419184 0.262844268847958 0.222123774788413 0.140551971750591 0.0288235155868077 0.00792675624682783 0 0 0 0 0.0305900289931546 0.0790092365818222 0.189581334427458 0.263935916851579 0.299596343039476 0.318818607588891 0.322672932510319 0.243309432839949 0.238184664102383 0.328489768971019 0.350254156673697 0.350158511124565 0.353991341828313 0.358682523339122 0.364707075553945 0.363198218482934 0.358593437812309 0.353503339099519 0.33922938627002 0.307574470069969 0.281478064929834 0.258197651830653 0.218996641839886 0.194006845020925 0.202899139864428
-9999 -9999 -9999 -9999 -9999 -9999 -9999 -9999 -9999 -9999 -9999 -9999 -9999 -9999 -9999 -9999 -9999 -9999 -9999 -9999 0.368572860502349 0.368600976212772 0.29877601592465 0.224895952668724 0.152351982487386 0.0826104687071203 0.0149377431175277 0.00361941499303741 0 0 0.0167692151797098 0.0484458325241938 0.0514279704584875 0.0654624502549159 0.161312333523487 0.232776885151346 0.278188577509424 0.298316789415009 0.305450845287045 0.262991259672008 0.254364493692232 0.289227987593878 0.323057395538679 0.354256043216401 0.35655445486258 0.356281346512872 0.352013613355805 0.349014426678925 0.346067765527865 0.326740070376305 0.307193785264048 0.287233806287346 0.265339064442016 0.242464154206183 0.213734990160588 0.19626118018048 0.205329200945386
-9999 -9999 -9999 -9999 -9999 -9999 -9999 -9999 -9999 -9999 -9999 -9999 -9999 -9999 -9999 -9999 -9999 -9999 -9999 -9999 0.37013298770563 0.369480904833372 0.290579905915806 0.201720030657982 0.0987206477461593 0.0361728173761637 0.0034865378088403 0 0 0 0.0327536000347051 0.0946243103711675 0.0761542780071446 0.061213488539708 0.137048417336096 0.201288654394299 0.253141326805767 0.276739166908961 0.29077939137223 0.285962319735507 0.277452931564374 0.264197270177555 0.299877417086314 0.347688533091029 0.348941677241027 0.3452569062228 0.333901528536459 0.329745904995972 0.327801457798072 0.300066243813218 0.278780960092493 0.269702534215848 0.253640959158473 0.234041657486584 0.216395801599792 0.205689980438549 0.211108539405552
-9999 -9999 -9999 -9999 -9999 -9999 -9999 -9999 -9999 -9999 -9999 -9999 -9999 -9999 -9999 -9999 -9999 -9999 -9999 -9999 0.370828994344336 0.371297290523152 0.305868191099355 0.221981439950193 0.0971144293387247 0.0290055091880098 0.00279571268660153 0 0 0 0.0434802631051453 0.125613364843006 0.102613186991448 0.0768618311153338 0.13272407005792 0.185462247356387 0.234862732161534 0.264792716339096 0.289182991720211 0.308287522877886 0.30759153500317 0.281443050771689 0.28844060106557 0.305123873622085 0.308759944252251 0.309397223993315 0.305376152060327 0.302127440583696 0.298819647380794 0.282340341805267 0.269679507821568 0.264245347304765 0.255945519754868 0.24619391933446 0.237501602819095 0.229644602701715 0.223692621283675
-9999 -9999 -9999 -9999 -9999 -9999 -9999 -9999 -9999 -9999 -9999 -9999 -9999 -9999 -9999 -9999 -9999 -9999 -9999 -9999 0.39465810140377 0.354341513196843 0.281229667662268 0.200846793798325 0.105596978199272 0.0428626174403068 0.00413133803589109 0.00858260787123128 0.014128755562878 0.00452135825723998 0.0542495741596941 0.156725628247013 0.114621458639982 0.0677525290882852 0.128169193483736 0.177469775771282 0.214894131520038 0.246281634536804 0.275334111313099 0.298199410838065 0.302060819692424 0.281493754865522 0.281897126225029 0.288833395766522 0.292613041693849 0.294663358134704 0.294027316904681 0.28854056863235 0.281105706785533 0.274950175886522 0.269766859076807 0.266423512421196 0.260646958744566 0.253637720355911 0.247566698453063 0.240293283117751 0.230170875114129
-9999 -9999 -9999 -9999 -9999 -9999 -9999 -9999 -9999 -9999 -9999 -9999 -9999 -9999 -9999 -9999 -9999 -9999 -9999 0.419703743782659 0.381708225703253 0.320545903214473 0.227319962248399 0.149363829965033 0.121475814236897 0.0721331669578791 0.00695259678710455 0.0234573058321353 0.0386155985731135 0.0123574192142968 0.0650501513471222 0.187928218706934 0.116035664553017 0.0404928778217834 0.123445311040877 0.175220526801644 0.193686551986997 0.222957883702019 0.252502679927346 0.264348416666 0.270380177648839 0.268938387231276 0.278941062577832 0.291805072284567 0.294086578124024 0.295417271960049 0.2952709649475 0.285240551817622 0.271652478214237 0.275137355174747 0.276590715188189 0.274199314473193 0.267105599625686 0.257629649854387 0.249537620936077 0.241187098102883 0.232172818163014
-9999 -9999 -9999 -9999 -9999 -9999 -9999 -9999 -9999 -9999 -9999 -9999 -9999 -9999 -9999 -9999 -9999 -9999 -9999 -9999 0.378519046731692 0.312223024201624 0.191711142255424 0.0965404798026772 0.0846485495238474 0.052372185097928 0.00504792318432549 0.0257334589210163 0.047363779490357 0.0422194151175464 0.0880038899641541 0.179062796553258 0.141694965130054 0.0997478303916112 0.151349736907087 0.18141444668217 0.188469194402593 0.216722299820389 0.24647002984931 0.248552983992225 0.256299982991301 0.271327805327895 0.280503042696778 0.287386726938062 0.289257379827339 0.289938046489528 0.288770176678836 0.276917807261614 0.261397911973647 0.270592296147353 0.274810755972209 0.269611997519976 0.264987909979052 0.260654955926029 0.254118052412712 0.245547603561031 0.232323204084741
-9999 -9999 -9999 -9999 -9999 -9999 -9999 -9999 -9999 -9999 -9999 -9999 -9999 -9999 -9999 -9999 -9999 -9999 -9999 -9999 0.311089366725728 0.30664565005279 0.166418620148778 0.0548590579569699 0.051410291084041 0.0355610787567079 0.0105577917735364 0.032722476031053 0.0574617635698995 0.0707931379458086 0.108938415452603 0.169142616366704 0.164613189529367 0.154505765323802 0.175057669947427 0.185543121327462 0.185273751179329 0.213341548202838 0.243561374740864 0.237934939573928 0.246381304535222 0.272917492970705 0.281319117949997 0.283774483088765 0.285223881370658 0.284902906072588 0.281831814799482 0.269166313378737 0.253414183617231 0.267114165469391 0.273395702258384 0.265637412165243 0.263117687105266 0.263251866531653 0.258515644910416 0.250354710330655 0.234406266414517
-9999 -9999 -9999 -9999 -9999 -9999 -9999 -9999 -9999 -9999 -9999 -9999 -9999 -9999 -9999 -9999 -9999 -9999 -9999 -9999 0.315485571707923 0.318118534612977 0.171303278494647 0.0549141000031015 0.0542639533095835 0.0508890804840423 0.045502800365032 0.0625780646862621 0.0793643975206365 0.0850655241846965 0.117149063770612 0.172685891735765 0.16690230188829 0.155170238113856 0.169128481511273 0.178385243265131 0.182619024752661 0.213102436702748 0.2449139618714 0.238618402834469 0.24420891267351 0.265078321225612 0.277422545606575 0.286341525729033 0.286860180236118 0.284208625929573 0.276632437635468 0.265700989001677 0.254165592252566 0.269627269801526 0.277056134468441 0.269282446406289 0.265877250481704 0.264685172235174 0.261107300570464 0.255309514659868 0.244430382633576
