layers/veg_old/veg_2600.asc
NCOLS 255 
NROWS 330 
XLLCORNER -2985163.8955 
YLLCORNER -3022031.214 
CELLSIZE 25000 
NODATA_value -9999 
[rows 125 to 149 of 330, columns 171 to 227 of 255]
0.338156187695966 0.369218040348296 0.380779494640956 0.381528594783161 0.322633559761699 0.274068575254465 0.242016512005568 0.239113231521145 0.248311375262836 0.247127412449885 0.247297803830559 0.250109995469715 0.250109269951358 0.248639624358788 0.263694330329279 0.275295973718911 0.277541626655821 0.274821302809338 0.268939645647734 0.243656799790278 0.233496504150286 0.273934198773827 0.254244946392059 0.188283076193759 0.199670414746614 0.226595482700602 0.274575234606299 0.318205321696057 0.35780723476941 0.383536499200609 0.405350384827898 0.420536337545329 0.452566780911283 0.503344541451117 0.537014021125308 0.565863603155172 0.59220714474082 0.609777489437658 0.615591755580666 0.607652020439984 -9999 -9999 -9999 -9999 -9999 -9999 -9999 -9999 -9999 -9999 -9999 -9999 -9999 -9999 -9999 -9999 -9999
0.291569863461846 0.321362754735712 0.356715008115978 0.387490747520983 0.328282821112761 0.279960255159868 0.249038291442162 0.247328049865405 0.257697272950686 0.255407708734601 0.254731759911631 0.257203325662534 0.260872266631615 0.265166483211692 0.277045721539815 0.285591566975048 0.285623987996479 0.284730514441873 0.283247617799487 0.259402163716405 0.246927643772049 0.274307947914564 0.258455947791945 0.209333143275882 0.22783156492462 0.253870849641757 0.274320091871898 0.314782601909557 0.373779166587518 0.390235942652104 0.397551100352821 0.400130495885589 0.422635497368135 0.467316987437766 0.514199153772752 0.560344446732416 0.595757449355054 0.619627532915511 0.628030111875842 0.630169595039404 -9999 -9999 -9999 -9999 -9999 -9999 -9999 -9999 -9999 -9999 -9999 -9999 -9999 -9999 -9999 -9999 -9999
0.267890314402798 0.271819135374032 0.327168856321578 0.390859987238675 0.330077720897347 0.283931544333088 0.261181632645348 0.261353817699755 0.270929875127538 0.267069080872514 0.264425421946455 0.264155904468622 0.267881701299861 0.273693872191464 0.282835080419631 0.28961808037532 0.290504453068582 0.292759434996295 0.295885671494253 0.277499372752334 0.262284488391802 0.261740169713921 0.250855695533916 0.232013623512279 0.263592596870535 0.289716548410408 0.267680526726456 0.298461013167644 0.378154253733553 0.384247400455572 0.378658284891046 0.387371531394953 0.404135334926286 0.429859121229956 0.49268570081924 0.561173716357681 0.596059411627421 0.619627532915511 0.628030111875842 -9999 -9999 -9999 -9999 -9999 -9999 -9999 -9999 -9999 -9999 -9999 -9999 -9999 -9999 -9999 -9999 -9999 -9999
0.299824689898337 0.321512007348413 0.354511568261935 0.38521739605639 0.330865486682749 0.290054308589297 0.27088842923878 0.269498478888674 0.275551006425382 0.278207274076582 0.280560905794768 0.282324216539444 0.285312471035038 0.288940397573834 0.300535547746002 0.308252917990519 0.30611957242419 0.308900855582788 0.314810783960091 0.301932071786065 0.288930777546744 0.279928342125358 0.289165152347338 0.312438558221559 0.337234783392475 0.353157321969022 0.333040637157034 0.3526111966183 0.408935651593179 0.406313261227449 0.396305369370053 0.40847718123347 0.424687372638173 0.445392136405362 0.488616750694164 0.532434584862056 0.532694475929792 -9999 -9999 -9999 -9999 -9999 -9999 -9999 -9999 -9999 -9999 -9999 -9999 -9999 -9999 -9999 -9999 -9999 -9999 -9999 -9999
0.340951403647251 0.380037191573441 0.384155313111942 0.374105638252286 0.330030282050471 0.296466310291656 0.279705127965894 0.27654475727458 0.279267214290596 0.288222628951414 0.295661471823833 0.300142093160515 0.302309274737305 0.303268365953269 0.317435081694098 0.326306792034504 0.321583352929977 0.324418986053757 0.33206671313389 0.321234417168827 0.310431761355906 0.304020012016562 0.333616236475507 0.390923550435951 0.405941833703499 0.411722612123292 0.403043266189059 0.413189251525485 0.440769157286496 0.431473181223502 0.420046234134961 0.436039825514829 0.452090161770276 0.468203653047898 0.490316185345243 0.512223654281674 0.519569599530195 -9999 -9999 -9999 -9999 -9999 -9999 -9999 -9999 -9999 -9999 -9999 -9999 -9999 -9999 -9999 -9999 -9999 -9999 -9999 -9999
0.381267812923695 0.401161805803041 0.379239622397332 0.344224323782222 0.322292209239853 0.302531714854774 0.286242625823517 0.283076854144214 0.285571243656 0.293323484873446 0.300695936084948 0.307327569760983 0.308912152860275 0.307861139711043 0.321006594203282 0.329920695369408 0.327744994567323 0.330490142624348 0.336367895628099 0.311104741982561 0.298468559442687 0.331557585950385 0.370527345738177 0.41402281217006 0.420920302617997 0.425067326741739 0.437524639065333 0.44794714187703 0.456485231256656 0.448895947403315 0.443511923428247 0.467191493417848 0.480804127917925 0.48321262235054 0.505463573555888 0.529542441759831 0.525875896375277 -9999 -9999 -9999 -9999 -9999 -9999 -9999 -9999 -9999 -9999 -9999 -9999 -9999 -9999 -9999 -9999 -9999 -9999 -9999 -9999
0.400809376485216 0.404269487787949 0.370160877233633 0.326045673703528 0.318222394698046 0.307525723643614 0.292235842073579 0.290556342970476 0.294640213287472 0.299167597295944 0.303916489426982 0.309097454806072 0.312676753979783 0.315419654671232 0.327767198823447 0.337426362230482 0.34000340679595 0.343780996204462 0.348322850645647 0.322306961557432 0.313033661687707 0.361891407406009 0.398630050803786 0.426042050859642 0.432711489004285 0.440415311677622 0.463127430471311 0.471022837304669 0.46519665945213 0.452873379800025 0.447586754268995 0.487464854216126 0.507505496109723 0.505467754880127 0.522602354369809 0.542506612170938 0.54377795106781 -9999 -9999 -9999 -9999 -9999 -9999 -9999 -9999 -9999 -9999 -9999 -9999 -9999 -9999 -9999 -9999 -9999 -9999 -9999 -9999
0.398896873999806 0.388771185418274 0.356782969210516 0.319952299165396 0.317940769789806 0.311413308056589 0.297666981776022 0.299014198129212 0.306564521143741 0.305779266516199 0.305263827189214 0.305274688983538 0.31351028243924 0.32604087385112 0.337821160887398 0.34895103134434 0.358557919642275 0.364527590183642 0.368181813398183 0.355538508588771 0.354994394077655 0.395112897912924 0.417636366514452 0.426619012217265 0.441211186692713 0.457832062576435 0.479561360847917 0.482034395895395 0.466674429446353 0.442965891800017 0.431636754906137 0.496504248596243 0.532128465738988 0.535205959322304 0.541797635098208 0.548234999580147 0.545863831011291 -9999 -9999 -9999 -9999 -9999 -9999 -9999 -9999 -9999 -9999 -9999 -9999 -9999 -9999 -9999 -9999 -9999 -9999 -9999 -9999
0.386241888127984 0.378155304300727 0.358005023038552 0.335194886851079 0.331768315362287 0.324656088842404 0.31165222304835 0.310107425423646 0.313391838841916 0.315963256381489 0.317516648905962 0.317084284114742 0.327488933802881 0.343552729218351 0.356815296580585 0.368082395663327 0.37470794092721 0.371096885504635 0.360969225555854 0.359272477547023 0.364812081338282 0.390441060848701 0.417015949916795 0.444318793980633 0.45203420702003 0.457383741929785 0.463631496266144 0.460179608648396 0.447744995385951 0.451116273888642 0.463802155979662 0.510450806201694 0.538447303156809 0.54568461893114 0.54835394908808 0.549658368237092 -9999 -9999 -9999 -9999 -9999 -9999 -9999 -9999 -9999 -9999 -9999 -9999 -9999 -9999 -9999 -9999 -9999 -9999 -9999 -9999 -9999
0.372599930344835 0.369212927616246 0.362946370000809 0.355900845389279 0.351469595448285 0.343973926361104 0.331579683738992 0.32632762084677 0.324328219185673 0.333262380538287 0.339145925912556 0.339078946588002 0.348394048586785 0.362608522597623 0.378299468910535 0.390226372145765 0.392979117433914 0.379878124554268 0.356684665917098 0.361888271264947 0.370297150018565 0.381865046566113 0.414933868501521 0.464549416201776 0.462606946494391 0.454138713069293 0.44685016456652 0.441195519264962 0.437054012722128 0.470005608366911 0.507074062219869 0.527298505756566 0.543025532332916 0.553747094275272 0.563520227845956 -9999 -9999 -9999 -9999 -9999 -9999 -9999 -9999 -9999 -9999 -9999 -9999 -9999 -9999 -9999 -9999 -9999 -9999 -9999 -9999 -9999 -9999
0.36940114681397 0.363868067750149 0.369892276469665 0.379727642234282 0.388635207345914 0.389724162372111 0.378314815234868 0.373260160649374 0.37139932127763 0.393319510750344 0.407218567448338 0.405471620510574 0.39547493426171 0.38117019093099 0.402458996564089 0.420736213860139 0.429541366323112 0.426381464874011 0.415604628187526 0.40402360770461 0.397633176735862 0.407247205877338 0.434258244537363 0.474657709064599 0.467762235477162 0.460391086184129 0.475985253528795 0.494285345263663 0.515091362116951 0.533189984625749 0.549113632498301 0.55606653706001 0.56499665169248 0.576127330597827 0.575416737767397 -9999 -9999 -9999 -9999 -9999 -9999 -9999 -9999 -9999 -9999 -9999 -9999 -9999 -9999 -9999 -9999 -9999 -9999 -9999 -9999 -9999 -9999
0.380574436954234 0.380060921543603 0.384546316423602 0.391918662441892 0.416190132527837 0.427861313871745 0.419390524414733 0.416256800479867 0.415848573763451 0.437435043697147 0.451204270017696 0.44972519844466 0.434683135167868 0.412558406578012 0.445780692309804 0.473091973325317 0.482711107938855 0.481457320496636 0.473281847306201 0.457199728775902 0.447418403865403 0.458677522003095 0.476161018305319 0.498434684178726 0.484711243713934 0.475104751163455 0.500764477866641 0.52922246111728 0.560271877223706 0.571623386670322 0.578431193338707 0.581355385196623 0.587273179676815 0.596522747080474 0.601601482672714 -9999 -9999 -9999 -9999 -9999 -9999 -9999 -9999 -9999 -9999 -9999 -9999 -9999 -9999 -9999 -9999 -9999 -9999 -9999 -9999 -9999 -9999
0.409597168906076 0.42300260612637 0.408773496848856 0.389658593490471 0.431809035307796 0.456543371270005 0.453437496362355 0.454365237039489 0.457041611937106 0.461751860099563 0.46527512346101 0.46648305692657 0.464113830621676 0.459876592746854 0.512900902603339 0.552579338614142 0.556506577048199 0.547179838290567 0.529415637683727 0.524087986825193 0.525084485605351 0.542458427890566 0.546105103698863 0.539187521932333 0.516307498436036 0.500326944017179 0.520133922521194 0.541614761875215 0.564645744301955 0.579317238937548 0.59194861479863 0.602323250926022 0.60992901085715 0.614453110359972 0.610574131343874 -9999 -9999 -9999 -9999 -9999 -9999 -9999 -9999 -9999 -9999 -9999 -9999 -9999 -9999 -9999 -9999 -9999 -9999 -9999 -9999 -9999 -9999
0.423413860754411 0.446995413996171 0.433845318610697 0.412161838005494 0.443426224680232 0.46305770548474 0.464093608428695 0.464840689993212 0.465355635837374 0.460712585428226 0.45933227348913 0.464316251906358 0.463146925906289 0.458764312107405 0.515396440421944 0.553543424872504 0.543305566403997 0.536653884848379 0.532285158095641 0.552191437554301 0.574195634592528 0.596943663296943 0.597422107928839 0.580762280886474 0.561049934031949 0.546613591394574 0.554733332676548 0.56348113918432 0.572810589595755 0.583019628547134 0.594298552176846 0.610468690107937 0.620695084524023 0.624306304447684 0.625328282441524 -9999 -9999 -9999 -9999 -9999 -9999 -9999 -9999 -9999 -9999 -9999 -9999 -9999 -9999 -9999 -9999 -9999 -9999 -9999 -9999 -9999 -9999
0.432293679172329 0.463674081178189 0.458519629264828 0.443050276725998 0.454720730506697 0.463318408738752 0.467004155455136 0.466334139970595 0.463640734273711 0.452417993867201 0.447639464244154 0.455430997750523 0.451438935540546 0.441293417922925 0.495695585838744 0.528439417523566 0.504922578744112 0.505805460564514 0.522221167642965 0.569943786030718 0.614061000488509 0.639905849299863 0.641299818707565 0.62387683075631 0.613446516569089 0.604986268465369 0.600674725050278 0.593879152005661 0.584783148000716 0.587952994724932 0.595921183656415 0.617022084688594 0.629811721609213 0.633351218073436 0.643763603275623 -9999 -9999 -9999 -9999 -9999 -9999 -9999 -9999 -9999 -9999 -9999 -9999 -9999 -9999 -9999 -9999 -9999 -9999 -9999 -9999 -9999 -9999
0.438473670457936 0.463994809278013 0.475833127430092 0.482197461471857 0.476223488054512 0.470192183857387 0.464069234546726 0.462803600042024 0.463308382969946 0.450544573458988 0.440754429902775 0.436764712501592 0.424583467899314 0.408124564883949 0.450935519246745 0.482972188895466 0.48533852467479 0.510982435688899 0.551444815917572 0.605866581989687 0.649136115529554 0.655172822174378 0.666309217279985 0.681370240973643 0.706036940551577 0.725767813100269 0.720849707787 0.686960540610724 0.626241609863562 0.620430900109342 0.627968297668563 0.650045018528108 0.661536080054251 0.661245680379885 0.658111646386378 -9999 -9999 -9999 -9999 -9999 -9999 -9999 -9999 -9999 -9999 -9999 -9999 -9999 -9999 -9999 -9999 -9999 -9999 -9999 -9999 -9999 -9999
0.448976601115067 0.465941334346386 0.487339121979407 0.507425226726587 0.488412293981878 0.472509084051542 0.46157686704116 0.457550880388517 0.456215798137021 0.444157044377763 0.432788319592402 0.422765563778953 0.406158741006009 0.386113683978303 0.414157404831747 0.443011674629314 0.470842657278779 0.518949797199969 0.579964708196549 0.638263380296802 0.683236129403622 0.688232824558896 0.703279418179442 0.726060233042543 0.76454028288102 0.794924764250126 0.784910113316553 0.744227288632965 0.675143024790721 0.676460229155255 0.69162129812987 0.707626822916947 0.715569046886461 0.714537104699844 0.733440435736483 -9999 -9999 -9999 -9999 -9999 -9999 -9999 -9999 -9999 -9999 -9999 -9999 -9999 -9999 -9999 -9999 -9999 -9999 -9999 -9999 -9999 -9999
0.465960660826503 0.470325321304386 0.490138267511537 0.511784424016365 0.486637239380616 0.467994129359086 0.459747993855256 0.449716197840609 0.438987992294909 0.431001777338502 0.423201415588109 0.415763578685349 0.400373728463226 0.380831295231671 0.389346162426383 0.411307053721295 0.463975209263187 0.531100621102998 0.607429500452503 0.665373857454615 0.715874231379083 0.747968870859506 0.75818174738613 0.75155481240156 0.771938866089102 0.78668399500711 0.764841229616876 0.747799249913618 0.735203222020656 0.767798824199269 0.802659147497919 0.802028299241645 0.803047999783524 0.805904702255329 0.782253262447138 -9999 -9999 -9999 -9999 -9999 -9999 -9999 -9999 -9999 -9999 -9999 -9999 -9999 -9999 -9999 -9999 -9999 -9999 -9999 -9999 -9999 -9999
0.476510832897221 0.491795335578493 0.505985252381059 0.517208933595808 0.492127649058708 0.470496368163859 0.454380030144363 0.43815659207588 0.421911126268303 0.406755524751239 0.388399414479212 0.363800398993817 0.356056143370988 0.357113531636619 0.385914260781817 0.424476906875385 0.484876465020876 0.551694649493376 0.622598921785043 0.676097471370971 0.722034436813389 0.748979519746173 0.756176802428436 0.748176532944463 0.766908241582861 0.783904850857462 0.779962961536795 0.771463788094048 0.758744166809282 0.791207087551232 0.826417761403192 0.828775334861684 0.830710620495279 0.832175914844649 0.832481727611503 -9999 -9999 -9999 -9999 -9999 -9999 -9999 -9999 -9999 -9999 -9999 -9999 -9999 -9999 -9999 -9999 -9999 -9999 -9999 -9999 -9999 -9999
0.484687924340719 0.519029218824668 0.526227242278729 0.522895544731139 0.499687491880346 0.474830724339992 0.44733843281951 0.425287990936532 0.405399272509639 0.379001014800696 0.344784657652568 0.295318333238502 0.297480152945557 0.32660245995006 0.389894302725304 0.453303090050443 0.51487722556727 0.574333168013036 0.632440671951034 0.679643154940521 0.717007309866381 0.726928834342434 0.732732305737356 0.735366597490504 0.758679580023617 0.7843234985416 0.808356960418013 0.802410550182977 0.768700128934502 0.788962481750106 0.816886090706111 0.829393332396061 0.838166628839377 0.84278417742963 -9999 -9999 -9999 -9999 -9999 -9999 -9999 -9999 -9999 -9999 -9999 -9999 -9999 -9999 -9999 -9999 -9999 -9999 -9999 -9999 -9999 -9999 -9999
0.496915304893459 0.521169119498555 0.527130087524079 0.524425878217438 0.48641174352605 0.454602789540912 0.432713018453761 0.416493655344202 0.402362562420121 0.373749270974974 0.330034445907611 0.256862603160228 0.261935306533168 0.307867721748985 0.367796740435135 0.43002892901007 0.496951593783861 0.563156589451819 0.628904718051633 0.663297691175587 0.690784039631429 0.70452061372305 0.733127813221753 0.773179178779546 0.795211807528915 0.812830760101089 0.822391393333436 0.81727858502262 0.798576873093571 0.813565679528032 0.833041534333021 0.841287887290299 0.845101491106548 0.843981603264715 -9999 -9999 -9999 -9999 -9999 -9999 -9999 -9999 -9999 -9999 -9999 -9999 -9999 -9999 -9999 -9999 -9999 -9999 -9999 -9999 -9999 -9999 -9999
0.509258623169449 0.522841435645398 0.525199721084764 0.520970920679465 0.477333804732251 0.444200863510339 0.427859186753574 0.414503453237251 0.401949836078206 0.367822890406019 0.317542455948208 0.235753062423337 0.236392745730811 0.280077324738294 0.346355271159184 0.414517302389438 0.48582597256762 0.554614051231486 0.621797525146763 0.657339282292931 0.685734604918225 0.699716066384548 0.739471531925711 0.799062207793643 0.818895115680982 0.830852790194542 0.832429935401503 0.828296352894646 0.818874131845508 0.829805868376011 0.843232591183737 0.848700548878309 0.851471303257156 0.851240166566844 -9999 -9999 -9999 -9999 -9999 -9999 -9999 -9999 -9999 -9999 -9999 -9999 -9999 -9999 -9999 -9999 -9999 -9999 -9999 -9999 -9999 -9999 -9999
0.521813323514909 0.523661233886856 0.518103735273487 0.508426590812115 0.475909472092514 0.451714090632073 0.440821276463417 0.424918806257626 0.406321256770447 0.360666486450977 0.309167741893314 0.246269754267861 0.229086732727106 0.235776305938901 0.326110015636828 0.413158623955196 0.48709838941731 0.550873995608922 0.608179113370245 0.670318947189921 0.719290112977887 0.727007206145472 0.756660255706627 0.803194823076263 0.819151785054492 0.829757747224361 0.835183017198079 0.832294167494981 0.821705708219966 0.830798301057284 0.842549151067014 0.847941652015166 0.850897380688327 0.851141068749933 -9999 -9999 -9999 -9999 -9999 -9999 -9999 -9999 -9999 -9999 -9999 -9999 -9999 -9999 -9999 -9999 -9999 -9999 -9999 -9999 -9999 -9999 -9999
0.53370928648471 0.534985087960256 0.525909619885397 0.512472789887435 0.48662579908049 0.466753654078633 0.456432494154171 0.436949994320477 0.413253214155171 0.373560149253039 0.334737331039397 0.297612014068352 0.268197483069858 0.242809564896696 0.330164644500086 0.415858810919392 0.490560616684931 0.559994479253339 0.626074777144009 0.697468720921135 0.751294593474306 0.750348611644114 0.764506743349967 0.790288729382719 0.804440093897562 0.815809542830555 0.8222436130074 0.826266015206621 0.828054999730056 0.836596259477782 0.845437471858491 0.84876668143901 0.850520280139467 -9999 -9999 -9999 -9999 -9999 -9999 -9999 -9999 -9999 -9999 -9999 -9999 -9999 -9999 -9999 -9999 -9999 -9999 -9999 -9999 -9999 -9999 -9999 -9999
0.545284058964506 0.551430562522149 0.540981433591492 0.524608282689596 0.503261730085042 0.485462946527137 0.473335387018853 0.449769039377993 0.421433650926863 0.396229924667389 0.376857654637316 0.368860210075104 0.329940352849923 0.274872649755045 0.346067533476254 0.420538039933371 0.495090562753921 0.575385569457418 0.65933623272206 0.731527627742527 0.782542816133447 0.771764185802419 0.767798096407574 0.769074816082539 0.782430054064805 0.795594329203139 0.801652787400688 0.815349351446534 0.836119476517109 0.844737320360583 0.850067329837137 0.850364009625682 -9999 -9999 -9999 -9999 -9999 -9999 -9999 -9999 -9999 -9999 -9999 -9999 -9999 -9999 -9999 -9999 -9999 -9999 -9999 -9999 -9999 -9999 -9999 -9999 -9999
