layers/veg_old/veg_600.asc
NCOLS 255 
NROWS 330 
XLLCORNER -2985163.8955 
YLLCORNER -3022031.214 
CELLSIZE 25000 
NODATA_value -9999 
[rows 225 to 249 of 330, columns 57 to 113 of 255]
-9999 -9999 -9999 -9999 -9999 -9999 -9999 -9999 -9999 -9999 -9999 -9999 -9999 -9999 -9999 -9999 -9999 -9999 0.225473310309216 0.21855922256685 0.20443933685559 0.185925898415033 0.154311591546843 0.118432237483857 0.0726865056546295 0.0390002839875033 0.0142164567337574 0.0275477186215744 0.0423467150121685 0.0456410574258575 0.0465723524343923 0.0454029589118572 0.0519471572367528 0.0617053212309414 0.0806698323005981 0.0919646996794262 0.0950654546848582 0.0979583620783282 0.100797404355667 0.103618852261531 0.101648336001578 0.0935180089673381 0.0884584356360849 0.0855415621228737 0.0970901914605977 0.108090053654954 0.118237455495953 0.129702991818144 0.14164550221608 0.151399958695224 0.1624372418694 0.175902347122821 0.186162103590885 0.194798001336576 0.207689803196514 0.220212928181023 0.231690396095662
-9999 -9999 -9999 -9999 -9999 -9999 -9999 -9999 -9999 -9999 -9999 -9999 -9999 -9999 -9999 -9999 -9999 -9999 0.229358987984895 0.235260586975628 0.220942595322585 0.194296220603335 0.15776979867607 0.11757537906472 0.068636794366526 0.0391050525396457 0.0238995451316292 0.0341011302916383 0.0449215798064339 0.0467317292019806 0.0446599659079556 0.0391372818038734 0.041405499645133 0.0484400793479344 0.0724416967821987 0.0873472754911616 0.0925348064690402 0.0954745572348867 0.0978239205992883 0.0999251082665134 0.100968418087041 0.1006518831482 0.102194887475124 0.104181581861844 0.104181591683038 0.105083198113786 0.107385353709432 0.115518152480836 0.126178048524793 0.141811842721917 0.15382341579286 0.158979730503414 0.170661109439702 0.185648145003875 0.193474574986771 0.20314537941346 0.217434447033388
-9999 -9999 -9999 -9999 -9999 -9999 -9999 -9999 -9999 -9999 -9999 -9999 -9999 -9999 -9999 -9999 -9999 -9999 0.245843674665668 0.245819669529909 0.233491072764202 0.213660063028828 0.167084059984687 0.12031087036548 0.0779620838984922 0.0494462950261331 0.0311420984034937 0.0384229482372542 0.0457532235708244 0.0418691965098926 0.0394110611903627 0.0382205070548482 0.0425888955148008 0.0503923523900064 0.0704745366871826 0.0837992081898144 0.0899042719198748 0.0932447446082763 0.0957542230506533 0.0971859782881674 0.0990264083808334 0.101392167897684 0.105085265116273 0.108670064993363 0.105487739450631 0.102174398012978 0.0986575351775361 0.103569839154547 0.112176415018115 0.129410986138887 0.14291747203862 0.149368345790588 0.159159866979617 0.170643790413239 0.179562070963171 0.188633343521292 0.198173214658723
-9999 -9999 -9999 -9999 -9999 -9999 -9999 -9999 -9999 -9999 -9999 -9999 -9999 -9999 -9999 -9999 -9999 -9999 0.245876537497935 0.24596092008721 0.24361062446189 0.239775845485681 0.179994960566853 0.125252691336547 0.0955019581592873 0.0660745189931709 0.0368857371821205 0.041374178174958 0.0455142253933097 0.0333503573121048 0.0321129520092154 0.0405888918527269 0.0509735204837047 0.0616908353797221 0.0723527081769932 0.0809079126428104 0.0872123897297206 0.0911709275299047 0.0942396079637044 0.0950331479167352 0.0963092540523779 0.0982056729174364 0.101314260326698 0.104467034900404 0.103240732559968 0.0993258210653358 0.0912343972970952 0.0929951431209154 0.0990750509219346 0.115282615937756 0.13060376800644 0.144247333435616 0.15011517010056 0.15204375215637 0.165835492421744 0.175690838526576 0.17583786480066
-9999 -9999 -9999 -9999 -9999 -9999 -9999 -9999 -9999 -9999 -9999 -9999 -9999 -9999 -9999 -9999 -9999 0.265167091051438 0.26287488984254 0.255314784482714 0.249223937086405 0.244028932504941 0.188475569386291 0.138681311228673 0.114915215168552 0.085399458164447 0.0516392709323711 0.0507058117145451 0.0503293668157534 0.037406227025453 0.0357942156113246 0.0442375071934275 0.0557856381996374 0.0673128101529773 0.0759141575753949 0.0824060210619235 0.0866441490273067 0.0906452649568994 0.0941341514293342 0.0942821053238044 0.0949004078859136 0.0961233182226931 0.096029321829742 0.095640454155957 0.0969020160272928 0.0974041365757117 0.0967265333992088 0.0937840204187416 0.0903763480115837 0.103174226393763 0.116370891711637 0.130322283861392 0.141036396203444 0.150110473278035 0.156347807677519 0.162836390987152 0.170034818611732
-9999 -9999 -9999 -9999 -9999 -9999 -9999 -9999 -9999 -9999 -9999 -9999 -9999 -9999 -9999 -9999 -9999 0.2698870020771 0.26619870945407 0.261613834273898 0.255231893519051 0.247754237564523 0.197769258193899 0.153163706598162 0.132024358595438 0.101059175455705 0.0628405086624321 0.0602437820054953 0.0587391520496181 0.0454390235975582 0.0437665708438349 0.0524308235363157 0.0634051995094229 0.0739292762580573 0.080083597735297 0.0845084642849436 0.0870856116193721 0.0908757359639277 0.0943968517912855 0.0937233197851641 0.0935707570317415 0.0940878720774015 0.0917149070465725 0.0888434120058694 0.0914641265655534 0.0950748232141297 0.100223367912675 0.0954517601714023 0.0870600915197827 0.0940679357572314 0.103233794572808 0.116483818038532 0.13101453068814 0.146194052076254 0.147807918810889 0.152349183611443 0.164316000356109
-9999 -9999 -9999 -9999 -9999 -9999 -9999 -9999 -9999 -9999 -9999 -9999 -9999 -9999 -9999 -9999 -9999 0.275437295641488 0.27559371045063 0.27074177225965 0.263263893918584 0.254184915107705 0.210291106880317 0.169068650877879 0.142058341078632 0.10551920809635 0.0619458472614849 0.0691445869008931 0.0766388831035497 0.0626158472118829 0.0621076730217148 0.0736138642282838 0.0798957988227765 0.0845441761352165 0.0856973803565509 0.0875194419286097 0.0900560989257678 0.0930082941561112 0.0954584836929392 0.093452521011506 0.0922178985575499 0.0919747922500935 0.0905213099488632 0.0888554323136417 0.0894442874946692 0.0913782603393661 0.0954017523776556 0.0974742729641054 0.0985678634702101 0.0933143963050486 0.0936610109877646 0.104606097317908 0.118252165348449 0.133266575168562 0.141206233768892 0.148740374572031 0.155634221164092
-9999 -9999 -9999 -9999 -9999 -9999 -9999 -9999 -9999 -9999 -9999 -9999 -9999 -9999 -9999 -9999 -9999 0.28033775229246 0.279504793273207 0.27634771350483 0.266898273347863 0.25361222588129 0.20647153362848 0.164719503169942 0.144844762499442 0.113806768050697 0.0745280004084495 0.0851941705876238 0.0956538389345176 0.0830913887031956 0.0797270533652673 0.0845396062361282 0.0877825641206426 0.0902240225757653 0.0900480450289944 0.0910674074899076 0.0933638501832562 0.095155334782118 0.0963638269300053 0.0941989591858051 0.0925635218820202 0.0916086387765263 0.0890734515007075 0.0862725949935479 0.08656209486837 0.0880195171347428 0.0912912016918316 0.0962999956587096 0.101656841558064 0.0942787184141953 0.0901705755087562 0.0922510551602858 0.102925981035199 0.117954931198377 0.130274478085953 0.140724311117469 0.1469247587178
-9999 -9999 -9999 -9999 -9999 -9999 -9999 -9999 -9999 -9999 -9999 -9999 -9999 -9999 -9999 -9999 -9999 0.279680736516263 0.279339158776385 0.279335420003314 0.267263483361258 0.247833268855478 0.190503829108861 0.145313564865359 0.142243383305974 0.124939692650395 0.0971287500287311 0.106558120642813 0.115497847282195 0.106019180551695 0.0968099093099416 0.0878401237476953 0.0892732822800604 0.0922351749951949 0.0934597141411481 0.0950145671811441 0.0969223217737271 0.0973131415769337 0.0971529859561595 0.095701606215179 0.0941717880734359 0.0925411416096488 0.0874365764373992 0.0817607535021141 0.0830388329257041 0.0849119073818601 0.0877092530554852 0.0927492405967278 0.0984873304308806 0.0965200902088442 0.0912017271650443 0.0795411746357515 0.0856938665308501 0.100870909368487 0.1161237695638 0.12943191679231 0.138194716678857
-9999 -9999 -9999 -9999 -9999 -9999 -9999 -9999 -9999 -9999 -9999 -9999 -9999 -9999 -9999 -9999 0.296694631891448 0.286784245349917 0.278607669047594 0.274758568219434 0.25986957243874 0.238249280442244 0.190735141470549 0.151931681200854 0.143109236123996 0.136055182372408 0.130306564483733 0.122192265971141 0.114594974839349 0.109980733077186 0.103767020665893 0.0961314198739082 0.0951988754636559 0.0959794107713796 0.0993130813536264 0.100845019752378 0.100452019187409 0.0993127127272597 0.0980581237763359 0.0973158887258705 0.096102176223724 0.0942824049560686 0.0915318470907261 0.0884720119348939 0.0853092485753041 0.0839834304394033 0.0855111413338224 0.0894101947500119 0.0942080998535728 0.0965013422782185 0.0952480040710148 0.0872825614172986 0.0866330048994094 0.0896897425507593 0.106099011072663 0.120586150703902 0.130004881778842
-9999 -9999 -9999 -9999 -9999 -9999 -9999 -9999 -9999 -9999 -9999 -9999 -9999 -9999 -9999 0.299208349240443 0.297610676171825 0.288111448844504 0.279261044944659 0.272175118183552 0.254555104599784 0.230512198491114 0.191527431769477 0.157864745960222 0.14235587205872 0.142637632373894 0.154576122684293 0.133059799235505 0.112608247789518 0.111034510909416 0.10663659958343 0.099728069615063 0.0987498525345819 0.0995489043753798 0.103926763841236 0.105008876452867 0.102569871113468 0.100194577134809 0.0980794467232367 0.0977645775071431 0.0968655911093926 0.0952157536650748 0.0946744445493513 0.0940096864741204 0.0872779649757659 0.0833394561339166 0.0837399516893722 0.0864543388698311 0.0901621133790549 0.0955104619383448 0.0981036856473847 0.0954826797426977 0.0896857920176583 0.0822799738015712 0.0969688399235235 0.111122756511477 0.12306900630385
-9999 -9999 -9999 -9999 -9999 -9999 -9999 -9999 -9999 -9999 -9999 -9999 -9999 -9999 -9999 0.300896628632947 0.301829568532497 0.293065172901857 0.285394525035213 0.28057299951945 0.2606354923453 0.231481398367315 0.187011466394165 0.149289893350305 0.133909387325452 0.132138965147783 0.140415579108246 0.128583324498289 0.116042610528396 0.109817415593739 0.0987366415691803 0.0833393822791931 0.0913165136931538 0.101665464104796 0.102748067718373 0.102026827490373 0.0993783922403117 0.0969353092240631 0.0947157294682416 0.093767938257282 0.0930820232948749 0.0927327360870888 0.0915988435231511 0.0899801598340917 0.0854543930444137 0.0827694559308323 0.0829440819946802 0.0848460565908141 0.0875039550504235 0.091890423676274 0.095089281737694 0.096040519632621 0.0923799738468864 0.0863830566841121 0.0893204858292357 0.0982098157898434 0.120612886368509
-9999 -9999 -9999 -9999 -9999 -9999 -9999 -9999 -9999 -9999 -9999 -9999 -9999 -9999 -9999 0.309543040549559 0.308064395109762 0.299788987335388 0.291911292447202 0.28518275489888 0.261980664002197 0.228734241362196 0.187403972279144 0.151109332437398 0.130861082928608 0.127783114882443 0.137380339751611 0.137138950469659 0.132394277204875 0.115230044266484 0.101975392808323 0.0921962590054103 0.0992564476759759 0.107555199900676 0.10680675471368 0.105238146420405 0.10279329029499 0.0998704519947432 0.0970011589063842 0.0953983529282246 0.0943126083983963 0.0938915183964798 0.0920383951193616 0.0895635923900397 0.0850947795441309 0.0824934048958606 0.0827929273677495 0.0845377651346712 0.086879520477379 0.0894180521557441 0.0921775591513891 0.0953552744337327 0.094746063610706 0.092218361728211 0.0867413874306831 0.0901264350080125 0.114337473516118
-9999 -9999 -9999 -9999 -9999 -9999 -9999 -9999 -9999 -9999 -9999 -9999 -9999 -9999 -9999 0.312691563345632 0.315932333811578 0.30809721844124 0.298771142241054 0.286401739952084 0.259087320259643 0.222660554885869 0.192190075126784 0.162232753560294 0.132644716516587 0.128925730536498 0.144303415364145 0.157359674402091 0.160308286683511 0.126576971753294 0.115184457929017 0.12365056529818 0.120957074388777 0.11682232430211 0.115553449306474 0.113993179659491 0.112121589094041 0.108350242479991 0.104343167559606 0.102065571464188 0.100031386640429 0.098310093842126 0.095624377257003 0.09238100263637 0.0860455624942142 0.0824804692187489 0.0832188603946499 0.0853931019098016 0.0880754821217321 0.0879729628260205 0.0893577471267695 0.0935573376082851 0.0968184765400062 0.0996041874179631 0.0886998049401725 0.0863660172746096 0.104643392636551
-9999 -9999 -9999 -9999 -9999 -9999 -9999 -9999 -9999 -9999 -9999 -9999 -9999 -9999 -9999 0.324855061976104 0.324880510841179 0.31564213415703 0.305577618763979 0.293934972377826 0.269161044715747 0.236380651019226 0.203133542670637 0.172413556609459 0.149076096124537 0.145249355601796 0.155825532117775 0.164257152823084 0.168041106820352 0.155438894469795 0.145406903046002 0.137659772099993 0.133326998751515 0.129555925515288 0.125517062249926 0.122045190072199 0.119179081196402 0.115736811488606 0.112251919679733 0.109504217471772 0.106718100672307 0.103882603993014 0.0989493953322918 0.0934110292093301 0.0887968341227506 0.0859522966116943 0.0858567628272382 0.0864173652157238 0.0872266108993206 0.0873405999954059 0.0887055887904874 0.0924381652746269 0.096436770978515 0.100570149494294 0.0954866406128105 0.0935926884212715 0.0995479790027578
-9999 -9999 -9999 -9999 -9999 -9999 -9999 -9999 -9999 -9999 -9999 -9999 -9999 -9999 -9999 -9999 0.332470970178165 0.325883315953127 0.317839409794737 0.306676671192897 0.28396494007782 0.254211503408936 0.215248672501564 0.182002366245934 0.166978237493573 0.162265414414995 0.165164451917076 0.168310733388856 0.1729612405287 0.183114239599961 0.174242173871034 0.148457313527218 0.144014375765963 0.14247204834066 0.136176883413378 0.130916247142319 0.12676088308524 0.123746364254958 0.120954112288878 0.117717798258516 0.114182840418829 0.110263992113626 0.103195458954202 0.095493422397935 0.0926417903923449 0.0903641020030035 0.0889779833510782 0.0877297927977898 0.0865834944291148 0.0870337060665628 0.0883781732111346 0.0914150694835771 0.0954349859013366 0.0999529092269662 0.101712458489279 0.101312510614698 0.0959884851863411
-9999 -9999 -9999 -9999 -9999 -9999 -9999 -9999 -9999 -9999 -9999 -9999 -9999 -9999 -9999 -9999 -9999 0.350607330886894 0.358014635988203 0.340137136963841 0.310845015519948 0.274593117282185 0.227610285920172 0.189445903150725 0.178742530481917 0.168671279981928 0.15906666542226 0.170254422840592 0.182321682650986 0.188407111702552 0.18013784442693 0.159107620314074 0.154803031261961 0.153090081293354 0.149258652358917 0.144625820106459 0.139136782649562 0.135956635724254 0.133180763808634 0.1291705767326 0.124719442944621 0.11970149600589 0.112389064600893 0.104616536794394 0.100395036985873 0.0963295796597433 0.0925065202819727 0.0903566359576178 0.0888968355809129 0.087631821175517 0.087689427734493 0.0902501692782734 0.0935530124051666 0.0972318109145533 0.100573300025476 0.101312510614698 0.0959884851863411
-9999 -9999 -9999 -9999 -9999 -9999 -9999 -9999 -9999 -9999 -9999 -9999 -9999 -9999 -9999 -9999 -9999 0.391126910630354 0.383549077726471 0.363083314234784 0.332827956560593 0.296603641884705 0.245657813384577 0.204109578678033 0.19243934521468 0.180363917918015 0.167989374382836 0.185871261772894 0.203742047228944 0.208091478933001 0.204794134423933 0.194699002001034 0.180140456785521 0.166984614493993 0.164958648908933 0.160556573021564 0.153615902694405 0.149117211838849 0.145111522724205 0.140282313407175 0.134524597505568 0.12757333660534 0.120473827821799 0.113454928660388 0.108054146548299 0.102892699208073 0.0981030368893432 0.0948779300170197 0.0922892880712747 0.0895730545211169 0.0883492998927993 0.0899501460412547 0.0925257182388606 0.0955950954801071 0.103996915363534 -9999 -9999
-9999 -9999 -9999 -9999 -9999 -9999 -9999 -9999 -9999 -9999 -9999 -9999 -9999 -9999 -9999 -9999 -9999 0.396529437892174 0.393333913619972 0.374718902232324 0.349542878197755 0.320366442946237 0.269821878208205 0.226540210805048 0.20821504143458 0.197743722498757 0.193070157641922 0.216196787636176 0.238135693790289 0.243257282726789 0.24963188139855 0.257120373585288 0.22112850500361 0.184403794042192 0.183475164813397 0.178876727190749 0.170357530849671 0.163300064023537 0.156723979577302 0.151027179444779 0.143542907811173 0.133760938233655 0.127365770316223 0.121987034504367 0.115611989601421 0.110098723121101 0.105924151836997 0.101437151419171 0.0968425785137968 0.0929591273078559 0.0904599273880704 0.090580501322982 0.0924178326336341 0.0951248887778296 0.103798419079398 0.10994923033655 -9999
-9999 -9999 -9999 -9999 -9999 -9999 -9999 -9999 -9999 -9999 -9999 -9999 -9999 -9999 -9999 -9999 -9999 0.405771866468787 0.39935460349744 0.378530236606861 0.355596671338501 0.331377075802664 0.287995736615993 0.25093927046473 0.235719419712313 0.230325102747159 0.232184046977565 0.250525747647242 0.267939605466301 0.274548004263355 0.284024922612496 0.296051881265981 0.250404219129143 0.20334331031158 0.201538773180504 0.195092464783841 0.183686969638083 0.176033832395955 0.169247529503173 0.162000853625365 0.15381365920812 0.144417479073921 0.137783234172792 0.131943219968273 0.124854373784112 0.118169921047561 0.112113657125542 0.106241074140585 0.100480742612017 0.096023364732086 0.0928058987858422 0.091935036305665 0.0935001852684161 0.0962994396887289 0.104288082976499 0.10994923033655 -9999
-9999 -9999 -9999 -9999 -9999 -9999 -9999 -9999 -9999 -9999 -9999 -9999 -9999 -9999 -9999 -9999 -9999 0.415363052919959 0.405338972475394 0.382579303442198 0.360357823723991 0.338464491303829 0.30281898619495 0.273322661409544 0.264145716958203 0.264355312834212 0.2714941026035 0.283119014226193 0.29428404062801 0.301734449922206 0.311755729649801 0.324062447249919 0.273322693568759 0.221060259696087 0.218381375938189 0.210192073930063 0.196115538018129 0.188026133797845 0.181177660359841 0.17254740881598 0.16405622234267 0.155743796496584 0.148625565426079 0.14182094068374 0.134101291451068 0.126159922278151 0.117874131138844 0.110895199606903 0.104492825469571 0.0995614696879955 0.0956904567829221 0.0938262027464559 0.0949299695591161 0.0975373626124071 0.096981884473583 -9999 -9999
-9999 -9999 -9999 -9999 -9999 -9999 -9999 -9999 -9999 -9999 -9999 -9999 -9999 -9999 -9999 -9999 -9999 0.421469488176506 0.418107473094984 0.403075553763655 0.375424408266124 0.340079009362727 0.303781421545373 0.276922529950509 0.277489378285151 0.280738326856928 0.285967216060309 0.295210513652642 0.303327181923993 0.305451602054033 0.309178050792137 0.314328661870812 0.270592762859404 0.226772509304914 0.226929929342594 0.220878815988291 0.208194614795929 0.197182623684319 0.186956295085624 0.179466726905918 0.171739935500426 0.163708206467784 0.156040567855154 0.148441588234365 0.140224387609112 0.131920093734988 0.123480508339488 0.117718031457435 0.113020317888433 0.107251255820256 0.102166856393947 0.098378219743077 0.096730197994838 0.0961666311417287 0.096387185023521 -9999 -9999
-9999 -9999 -9999 -9999 -9999 -9999 -9999 -9999 -9999 -9999 -9999 -9999 -9999 -9999 -9999 -9999 -9999 0.40951985781706 0.414237317529913 0.403792425348326 0.381120978501699 0.350994699747435 0.315300622382649 0.288396043549726 0.287904874477781 0.294058016533559 0.305116024331735 0.311247669561681 0.315284402071047 0.313699294502838 0.314271607014129 0.316761810638318 0.279789122367732 0.242734437213098 0.241109928203627 0.234083344981859 0.221285280720116 0.207865381192247 0.194920497748705 0.186609321987608 0.178431715667396 0.170425805639687 0.163262226012364 0.156296557784978 0.148392320959608 0.140332382124198 0.132030574233577 0.126264168592612 0.121484246621625 0.114919953437646 0.108811037910836 0.103563950357165 0.100081090573139 0.0974920045541003 0.098581206301004 -9999 -9999
-9999 -9999 -9999 -9999 -9999 -9999 -9999 -9999 -9999 -9999 -9999 -9999 -9999 -9999 -9999 -9999 0.398372671367613 0.394545378748573 0.388829649713382 0.378906351169714 0.374688756863452 0.373950071143446 0.340484776896803 0.310061409485074 0.294530077046048 0.30341245896295 0.330317174405064 0.332392186539467 0.331013682188577 0.327811436970908 0.32929501079582 0.334944157558434 0.304423184225763 0.271963817101535 0.262579417524074 0.250546963313209 0.235685374124019 0.220523779474962 0.205713756779293 0.194040932653967 0.18383951179716 0.17552950026503 0.170233614281321 0.165749266053308 0.159207145116424 0.152177640116803 0.144391027853451 0.137040997213277 0.12986589685566 0.12256135352918 0.11567240072007 0.1095699764716 0.105439203421996 0.102307286725056 0.100581682906958 -9999 -9999
-9999 -9999 -9999 -9999 -9999 -9999 -9999 -9999 -9999 -9999 -9999 -9999 -9999 -9999 -9999 0.44508704107803 0.442086609090093 0.434990674111431 0.425708978374609 0.411545685509199 0.397481268495795 0.383477138527814 0.35766596324782 0.332549593374696 0.311643545055091 0.316389532153908 0.340071987959263 0.344979428722929 0.347078208098776 0.347061861728593 0.352477464793215 0.362721931575998 0.349403055496478 0.329720852377943 0.29934184777088 0.275854496830618 0.259730067410662 0.246386971391408 0.233362377245744 0.217609679502336 0.204380600450884 0.194395496744615 0.18540996035511 0.176541095293715 0.165071011969565 0.155093159905035 0.147433354761212 0.143082635474053 0.139959851089967 0.132416035530992 0.125410378369567 0.119423216414676 0.111894354222665 0.103584452728857 -9999 -9999 -9999
