layers/veg_old/veg_3600.asc
NCOLS 255 
NROWS 330 
XLLCORNER -2985163.8955 
YLLCORNER -3022031.214 
CELLSIZE 25000 
NODATA_value -9999 
[rows 75 to 99 of 330, columns 171 to 227 of 255]
0.833868489836273 0.83240914482394 0.830701137006592 0.827124698761071 0.798613813239969 0.77916522650582 0.774203018718449 0.772512986226842 0.771578236400587 0.741202385326652 0.719526043728145 0.714818945839315 0.716762916898354 0.722180111001453 0.699690213258541 0.681283310377097 0.674457606784418 0.677129008622098 0.685846253423565 -9999 -9999 -9999 -9999 -9999 -9999 -9999 -9999 -9999 -9999 -9999 -9999 -9999 -9999 -9999 -9999 -9999 -9999 -9999 -9999 -9999 -9999 -9999 -9999 -9999 -9999 -9999 -9999 -9999 -9999 -9999 -9999 -9999 -9999 -9999 -9999 -9999 -9999
0.82929506112698 0.821365734718708 0.820065704511256 0.819580745310862 0.799411997349081 0.782535141506955 0.770920482135984 0.760277817300526 0.749604530995034 0.718233407074658 0.69567475561209 0.690305693199772 0.694989259373921 0.704922360853378 0.688954590408522 0.674802457429962 0.666636070928052 0.663931035460538 0.664702687807663 -9999 -9999 0.626287667033708 0.626287667033708 -9999 -9999 -9999 -9999 -9999 -9999 -9999 -9999 -9999 -9999 -9999 -9999 -9999 -9999 -9999 -9999 -9999 -9999 -9999 -9999 -9999 -9999 -9999 -9999 -9999 -9999 -9999 -9999 -9999 -9999 -9999 -9999 -9999 -9999
0.826536879043152 0.816107942987338 0.813679487067824 0.812863315100083 0.797073210265288 0.781466079744674 0.766151439608132 0.750587983088108 0.734479630152539 0.69775938910836 0.672220299866501 0.668491140302211 0.675487305307708 0.688084290984706 0.67897964977337 0.669525646982804 0.660573069654196 0.652887043527847 0.646007301982691 0.632370663438413 0.621825121795657 0.622271531318 0.611949709170932 0.593340849457254 0.592208006148445 -9999 -9999 -9999 -9999 -9999 -9999 -9999 -9999 -9999 -9999 -9999 -9999 -9999 -9999 -9999 -9999 -9999 -9999 -9999 -9999 -9999 -9999 -9999 -9999 -9999 -9999 -9999 -9999 -9999 -9999 -9999 -9999
0.827737317131997 0.823487019805081 0.816576966948943 0.807950638380702 0.787815316606627 0.770605003001772 0.758070409957219 0.746436931358205 0.734341830810935 0.682749800133701 0.649650206472901 0.652621919062644 0.661010721235575 0.672228355964524 0.670632472111654 0.666777612002321 0.65826562212863 0.651526960845441 0.645917197862895 0.632370663438413 0.620043249469314 0.613277876544763 0.603895103426931 0.592498026160147 0.592208006148445 0.593150485817083 -9999 -9999 -9999 -9999 -9999 -9999 -9999 -9999 -9999 -9999 -9999 -9999 -9999 -9999 -9999 -9999 -9999 -9999 -9999 -9999 -9999 -9999 -9999 -9999 -9999 -9999 -9999 -9999 -9999 -9999 -9999
0.827871822906413 0.823251229146525 0.795361474137732 0.762492942285541 0.769131718403531 0.770115467054227 0.762059470627918 0.725810580744052 0.67817150585098 0.655311624564907 0.64084068782196 0.642733207526911 0.650369078406951 0.661004157355317 0.662979689078756 0.662538954904575 0.656804205716988 0.649003285520195 0.639887043981591 0.623558101549549 0.607442437075702 0.593655201546868 0.584147358889469 0.577932860076873 0.581063965501366 0.585891007900811 0.592541634890303 0.604933481623345 0.622642205212897 0.640360915827254 -9999 -9999 -9999 -9999 -9999 -9999 -9999 -9999 -9999 -9999 -9999 -9999 -9999 -9999 -9999 -9999 -9999 -9999 -9999 -9999 -9999 -9999 -9999 -9999 -9999 -9999 -9999
0.827388623748666 0.818602643102937 0.760172577987944 0.693539515641638 0.744985949565974 0.775636211324935 0.773043116435379 0.695636838384773 0.589530481797445 0.620671116225939 0.64000538551934 0.63631018540775 0.641949773796806 0.65246403763818 0.655729305880521 0.657436486267055 0.655833062078541 0.645805311363045 0.630414647112339 0.60963868355918 0.588572077779484 0.567873037688428 0.557623471620051 0.555415632962057 0.563461983033092 0.573935636651135 0.588659782081383 0.604933481623345 0.622642205212897 0.640360915827254 0.655330587676742 -9999 -9999 -9999 -9999 -9999 -9999 -9999 -9999 -9999 -9999 -9999 -9999 -9999 -9999 -9999 -9999 -9999 -9999 -9999 -9999 -9999 -9999 -9999 -9999 -9999 -9999
0.823808590703124 0.813455464144876 0.752929288030767 0.684289157196081 0.737451436658798 0.75295320898485 0.708253437471373 0.651021500036607 0.590608334204529 0.629425680431606 0.65264120080056 0.645423834573992 0.649608658031464 0.659747764668639 0.659046329698465 0.654826067507927 0.642786409357482 0.6305946423346 0.618306043033408 0.60020443081883 0.582568832496359 0.567706098041393 0.557159364764722 0.549934148427889 0.565522840359155 0.582605277312352 0.593630532738041 0.605804719938357 0.61904291949756 0.626034424577066 0.631464410315536 0.635006559226403 0.640085506249141 0.646874854745965 0.667122574430992 0.691519162643993 0.720797778543247 0.745141513685334 0.762872511581203 0.767387217322197 -9999 -9999 -9999 -9999 -9999 -9999 -9999 -9999 -9999 -9999 -9999 -9999 -9999 -9999 -9999 -9999 -9999
0.816455622459562 0.801357267716506 0.745226892325949 0.68309262892696 0.729394913013872 0.73143486369979 0.66272003684089 0.62724806298228 0.606989662149103 0.641101632806965 0.661161938796297 0.653813099136625 0.656215019921897 0.663708838887737 0.660272932819945 0.652007672012685 0.632766218934729 0.618847557941827 0.608317378345819 0.591046779181364 0.575533542945928 0.566944127871668 0.557645055509571 0.547799843652682 0.568390634725477 0.589352763247518 0.595794891679372 0.60416803210788 0.614329460296354 0.613353074712529 0.611612885399948 0.617500719281419 0.627008903279909 0.640546407804644 0.663234211853378 0.688900178178693 0.719167467445648 0.744404189553913 0.762899954695477 0.782424486596971 -9999 -9999 -9999 -9999 -9999 -9999 -9999 -9999 -9999 -9999 -9999 -9999 -9999 -9999 -9999 -9999 -9999
0.799290465865851 0.770455481709497 0.732380169336435 0.69543631651897 0.717604150908689 0.717012535903599 0.680039201833149 0.662078021596412 0.652408633125133 0.654656991574409 0.656630662333127 0.658068527897506 0.657721069715976 0.656441306122488 0.654349792311038 0.648277001476444 0.632647622054975 0.618180163480948 0.604452381962365 0.582014564784343 0.563901415029959 0.560993808440846 0.557074848617973 0.552377569522393 0.570706870839166 0.588004565917978 0.589104706738403 0.595600402761712 0.607092859729153 0.607136770822849 0.601127282934395 0.574290849157679 0.5784272169953 0.617035208092041 0.648788318577356 0.679170229049179 0.713110599123177 0.74166491164458 0.763001910285281 0.782884103080063 0.801040210410603 -9999 -9999 -9999 -9999 -9999 -9999 -9999 -9999 -9999 -9999 -9999 -9999 -9999 -9999 -9999 -9999
0.775521707846846 0.741930682078769 0.708259015899704 0.67726594635786 0.684067765350926 0.688226183493133 0.688159039519807 0.674482879272859 0.655281455915873 0.64677101187838 0.642088800999309 0.64487393314989 0.644795356662086 0.643221336522703 0.641147693341569 0.63601503726801 0.623531892292514 0.609144053510395 0.593543689529585 0.572462049565668 0.556395378195558 0.556886427111584 0.556560185931211 0.55560497298095 0.569425496157218 0.582119546720184 0.582575273454767 0.589508136985053 0.602439401598004 0.603712505773352 0.595712517941717 0.549587159737703 0.537267567662264 0.562572587285841 0.619782220365621 0.681030791607412 0.706628188226756 0.728816121652693 0.746435376450296 0.769528120324412 0.793875237488907 0.809132214438613 -9999 -9999 -9999 -9999 -9999 -9999 -9999 -9999 -9999 -9999 -9999 -9999 -9999 -9999 -9999
0.74711053248142 0.715076934662549 0.676211791807238 0.637643798310792 0.635243924808624 0.649341735704239 0.689811630940609 0.671122600490644 0.628243785380611 0.623811493486925 0.620509368822206 0.619411745824528 0.621723927373986 0.625816726719121 0.622828392281168 0.617755463091853 0.608091061562758 0.594224628126442 0.57768318752861 0.562543756129282 0.551790036841749 0.554074655141526 0.55608457153998 0.557883082292106 0.56561495448173 0.573045082978064 0.576158850668646 0.585156083864137 0.599601926061969 0.602251080197161 0.593862617381165 0.537893555085426 0.501325706452808 0.486350716499631 0.580540109468126 0.691039634028055 0.69984661538828 0.708860213706027 0.718150678622571 0.746459592333751 0.780547834801388 0.804038883659616 0.818569687314209 -9999 -9999 -9999 -9999 -9999 -9999 -9999 -9999 -9999 -9999 -9999 -9999 -9999 -9999
0.759814161402636 0.727103003989903 0.677176277174502 0.625083812217809 0.623422349176339 0.634672875042612 0.666563634548441 0.648882286789632 0.610970541293482 0.607121235819865 0.605096197100458 0.606629569028351 0.610906821354673 0.616616942397989 0.609969715804794 0.602404253403074 0.593388626485739 0.579740484868716 0.563143291395091 0.555101243904687 0.550573104794821 0.554762006307413 0.557586379679236 0.55936063671716 0.559151232066588 0.56081867551651 0.57098185829056 0.58028970118709 0.588805423767316 0.558607936418173 0.523843893461836 0.505190946536756 0.493989005366964 0.491079767792281 0.578890560576007 0.678846008382162 0.682805532839505 0.687826359611077 0.694269330845329 0.730311761966839 0.774126983152476 0.783399807708064 0.798431560524437 0.822802550595657 0.830127018249959 -9999 -9999 -9999 -9999 -9999 -9999 -9999 -9999 -9999 -9999 -9999 -9999
0.770026440790404 0.742527096945089 0.688908384342065 0.629875974283639 0.617633542231976 0.618960774444526 0.641979555714694 0.625801739453532 0.593741027878834 0.593922313614419 0.59475328954297 0.596851549707647 0.601969835091778 0.608665193464938 0.599554415552663 0.589460991525265 0.577975636290254 0.563620467605055 0.547438380014678 0.547500258907865 0.549819171887737 0.555235738923843 0.55858867018235 0.560353464433984 0.554752238762353 0.552320945666926 0.566348977958172 0.574559731762618 0.577383171592696 0.524021873315571 0.471320550609154 0.481656575029334 0.494858761643734 0.511250884531543 0.583770432466373 0.661913773978916 0.665267683853229 0.667571976948575 0.668469784191464 0.710224280304194 0.762479306931248 0.763681021675129 0.778780413806282 0.816417629041586 0.835443781406655 -9999 -9999 -9999 -9999 -9999 -9999 -9999 -9999 -9999 -9999 -9999 -9999
0.756592923921158 0.755610475868263 0.726078511121066 0.685183056102848 0.619355062737129 0.590797473548684 0.621817835948963 0.606675541654525 0.573106600579512 0.590586980521186 0.599805061246845 0.592906719616184 0.595110245272588 0.602066813703496 0.595651115358252 0.583836222014596 0.559821422017199 0.541650183951972 0.527198948581264 0.538446001356221 0.549441794614061 0.553691538758869 0.557132636587329 0.559951414743683 0.55850358234112 0.557944624041907 0.56315771729584 0.566012448251494 0.566683127301264 0.536314426233065 0.504502009230377 0.497674594444816 0.513860729561456 0.555660124723529 0.597673595670837 0.636582591732045 0.649738853947052 0.650422293234206 0.634392157300582 0.673908436592343 0.730129958709443 0.752827334043742 0.778233494847401 0.808032485188998 0.829169587079451 0.846280351876684 -9999 -9999 -9999 -9999 -9999 -9999 -9999 -9999 -9999 -9999 -9999
0.752491963414501 0.740777330152945 0.728740026450376 0.71134164942086 0.620567421196652 0.57304222349695 0.594652005782773 0.589285713986619 0.57314346867813 0.586459173134322 0.591618554468951 0.580868230179879 0.583658946585956 0.593520865373419 0.587204527868296 0.574474656656291 0.547271099394217 0.533233745601313 0.527577977038517 0.533730970596064 0.539442953579182 0.541062962957291 0.54368572225398 0.547080179866633 0.549040796360855 0.550936461621909 0.553327702519502 0.555693940692653 0.558037024133381 0.542321160522011 0.524609714846003 0.515146353785882 0.531616768309862 0.576950549885784 0.592800049934987 0.60204141472497 0.620801387901506 0.630779523981105 0.628990003633183 0.661299320413213 0.704885050597018 0.742978668043854 0.7750926068001 0.797509317969844 0.81651863919612 0.833794006928122 0.835905786576775 -9999 -9999 -9999 -9999 -9999 -9999 -9999 -9999 -9999 -9999
0.756300204748892 0.702285347620791 0.702156010051209 0.712797334986652 0.621348272442907 0.564107640762901 0.56155029687962 0.573367434017336 0.590698950248358 0.581659755644218 0.572212804809222 0.561970485583042 0.568316243356245 0.583324381829823 0.574907572392739 0.561946212744087 0.539469991073702 0.536303988290045 0.545430841665733 0.532693369598404 0.521290066006879 0.519040544698644 0.520076715957111 0.523641497164595 0.528379233349349 0.533223003183344 0.537871442990842 0.543874347262499 0.551131605327277 0.543000757600332 0.533637610458467 0.533850135956399 0.548316900734544 0.57864812531943 0.572013524394924 0.559694905000543 0.580500303408976 0.609023902046839 0.647889884349551 0.66878130100995 0.685661049148277 0.733981742834945 0.76975336877315 0.785174207946376 0.798463488112025 0.810897989049588 0.8267653780698 0.837309034382379 -9999 -9999 -9999 -9999 -9999 -9999 -9999 -9999 -9999
0.728369179604986 0.675887062790321 0.682963564289467 0.703685889170931 0.635892546965842 0.585623268133638 0.563366773769817 0.561937075466225 0.568860739435639 0.55462684711672 0.542315792951683 0.5337554225855 0.535199271629775 0.54186737645407 0.531792463931689 0.517608775376053 0.494547801003939 0.503345465563202 0.532424291517536 0.521115083078252 0.508343301647793 0.500513525861622 0.505065108805967 0.519145162912102 0.518101949588421 0.51765036856552 0.527495801014353 0.535374002008867 0.541430372824766 0.522770129756908 0.503274398839848 0.505383612123459 0.522728237109287 0.557029331804764 0.553372960754557 0.542252713487011 0.551886509953364 0.574041356000274 0.612974400953576 0.659164815284212 0.706937445859035 0.741461235344935 0.768143547605587 0.782109358996839 0.794773144285075 0.8067691920072 0.812680913493373 0.817631962928535 0.82068040070169 0.821736558313985 -9999 -9999 -9999 -9999 -9999 -9999 -9999
0.693137733338035 0.648857956964158 0.662113690561834 0.689369297908052 0.642536585625815 0.599142942815218 0.561246764253119 0.543788294310926 0.53482969929537 0.519292239167446 0.506454335634521 0.498882181153079 0.495370910521116 0.493980254706983 0.485164997455875 0.472636833952252 0.451609337772956 0.468165304959187 0.508646848123216 0.501916121310153 0.49194225276385 0.48307255610201 0.492695312050478 0.516549527182322 0.50863686101857 0.501816285497161 0.516026637581969 0.525010285893486 0.529153544606737 0.502645969409228 0.474960720897665 0.473297066136429 0.490815868345874 0.529684060840099 0.533780106064438 0.52951815173402 0.531880991731936 0.547334796224465 0.580330485265411 0.649117913464252 0.726346853935366 0.747665227324377 0.765654208130349 0.778243922642405 0.790525855857766 0.802400969604823 0.798848933573981 0.801128281440541 0.81495668915242 0.819908039042339 0.820153438244375 0.819216219851527 0.815803209233569 0.806401757811522 0.803726347650022 0.805394325356467 -9999
0.648147059682852 0.609716157127393 0.627960183531674 0.65893177064898 0.602075539948185 0.552438434486151 0.514341335189389 0.491062610106703 0.474156888035312 0.462332843255182 0.450891787272329 0.440197788380159 0.43790832500574 0.440007754103142 0.445652127418433 0.44888298665942 0.446070389290012 0.450045526626972 0.458341725619556 0.455370069426801 0.4555616735068 0.468014901549329 0.486050871861187 0.508383220290729 0.495051934019205 0.483143157188841 0.495625269875348 0.503480810864663 0.50705173759419 0.498898846898088 0.48607612699092 0.460246512112157 0.461688705031589 0.493483447123688 0.508139363391735 0.519706135480287 0.542933267472582 0.56906897548611 0.599102173618547 0.65006199349 0.706331434444153 0.735436690652529 0.756251815783701 0.763622859395228 0.772783495690861 0.782666690667221 0.789943710571181 0.797522534553082 0.805699081720256 0.813050245109514 0.819963851885381 0.819216219851527 0.815803209233569 0.806401757811522 0.803726347650022 0.805394325356467 -9999
0.618175192440626 0.593040766899304 0.609555643699167 0.634120818798766 0.575942470610213 0.528237035810102 0.497272893212824 0.469629660819215 0.443586138140911 0.426719417577947 0.411580636146192 0.39981236891593 0.401141154838691 0.409309290522653 0.418918673075444 0.427366988734566 0.432924346817996 0.434121781622345 0.432543695856478 0.428477055374809 0.430135925592979 0.449821303288225 0.472931791268823 0.498678182569101 0.479509421067205 0.462379013761389 0.476946955519281 0.486530696447772 0.491498626934969 0.49281355123048 0.487303083000204 0.448516766985704 0.441553087841775 0.470006868279746 0.491347144537706 0.512232688729818 0.544699058869111 0.575394847654445 0.603718058490497 0.643881576407244 0.687371312637356 0.720248401405282 0.739205058493302 0.735586991906811 0.748254431759489 0.767769445649206 0.778861976552211 0.788769947474725 0.796331896535921 0.804894453720458 0.813987458332596 0.810732625155366 0.804490272324478 0.791805668874347 0.788765688340781 0.791953790054115 0.787073215376875
0.603503604653088 0.599252837625481 0.607195228321112 0.615041892101637 0.564405903550069 0.526960485941855 0.510600624405234 0.48007591524225 0.443681603549704 0.412852014909948 0.388825455741288 0.378068870630957 0.385457260502875 0.402321051357126 0.405204138213572 0.408130780545735 0.41202864297672 0.420435226623372 0.431712055381792 0.421605404052012 0.415870317594524 0.428432989430305 0.453216726627409 0.487405576090159 0.461972634315521 0.439484666722078 0.460023986898016 0.474245766144707 0.482616944185182 0.484346261832894 0.478456265801522 0.438132584528295 0.43057753068945 0.459492790182338 0.483569282981099 0.507141639484204 0.537004324461538 0.566023639910496 0.593912840698726 0.630443139363581 0.669486266241711 0.702044889757855 0.714370670370127 0.693884908337212 0.716811471922053 0.75779988720405 0.765562940713912 0.774774061357545 0.786853079961972 0.795416338621663 0.802115804878265 0.793606441556826 0.781652378544445 0.762339940263836 0.758563986437085 0.764820825374074 0.774975096979259
0.588106973703007 0.598518830541103 0.600181250123561 0.595378730712526 0.541274189149243 0.501367144390617 0.48415525939698 0.469178329302573 0.45501187114811 0.434546407239691 0.420404387018671 0.41859686189981 0.420303232509567 0.423844577875218 0.420820208200605 0.419728797431181 0.423708396998781 0.42748436765251 0.431130708447417 0.431868750402487 0.434457936294908 0.443364929697869 0.458656410945393 0.478861279296369 0.46453006272211 0.45109954855226 0.459395190339248 0.461550865996998 0.458020390406317 0.453328658576657 0.44599136753447 0.425486725850561 0.425587258319057 0.448620614540939 0.475138683436817 0.503969801572167 0.544157748519826 0.579598152783904 0.608676852707683 0.64076405949556 0.67115062216684 0.661234986337006 0.658442622839043 0.667202049418282 0.686093397511085 0.709353603774073 0.733480360797504 0.753404670732077 0.765006031298212 0.763628300510004 0.755370028318094 0.741524492899901 0.732158142066859 0.734180709695574 0.743822293441269 0.7583839097717 0.761398150180228
0.575858205412421 0.595288916559293 0.591164442542741 0.576131890288436 0.51912154350124 0.47598811294321 0.455037383688061 0.456545947762965 0.467146359932466 0.458854908976922 0.455567372461849 0.462040460253535 0.456166083905366 0.443843797105152 0.436283332326866 0.431891131964498 0.434848998010203 0.433253762359207 0.428760029049291 0.441259045616526 0.453214538623116 0.459559276395807 0.465187279459923 0.470263696373443 0.468941581480094 0.466204077224029 0.46120835430659 0.450835403049034 0.435482663141889 0.424755979871326 0.41633068912217 0.415534021260258 0.422511324330718 0.438140779716776 0.465390042957413 0.497885254746444 0.548151339899177 0.589606293217224 0.619254335176787 0.648224454003224 0.671939068484042 0.621442212752779 0.605962646314031 0.647270516341782 0.659602881059175 0.660181576737684 0.699887355053948 0.729763713641178 0.740172899651081 0.728703039266201 0.705634548400734 0.686726505901333 0.680995613336091 0.707290766402114 0.731967335126978 0.755598691769681 0.760205663540459
0.585515085758946 0.586095331476586 0.57596655383429 0.560522728889673 0.521023520061824 0.488900562202912 0.468568781092269 0.464813902071051 0.467559530428532 0.446514316121844 0.432025120271545 0.430324079347201 0.422124570537532 0.410531527758017 0.406257419363769 0.401025114886275 0.393027253687252 0.399120071283377 0.414182993704946 0.418894599712027 0.423268086956693 0.429020132456503 0.440784770850822 0.457176592678711 0.455136239448599 0.45204263175053 0.454452793750858 0.453824955018229 0.450383659126907 0.446539528083587 0.441020247327128 0.426811729163993 0.423012102507665 0.430797200766942 0.447919496383346 0.469638450017161 0.508743298205061 0.541246255817737 0.564902684030726 0.600748215531126 0.637292578750569 0.622653530014406 0.623424786764084 0.649186891217487 0.65995565390007 0.664560335802832 0.684795145663743 0.702290056827807 0.714358596726194 0.706873613373188 0.689022817603396 0.666984893892324 0.659229076932962 0.686809097855158 0.715748397678724 0.745565461295387 0.754049485855293
0.586144356377259 0.570292215890428 0.556441761368692 0.542174839542601 0.512709076403843 0.487156619621278 0.467859710149986 0.460034060481798 0.456648398706903 0.434062753116671 0.416827850221161 0.410030094048802 0.397868783056472 0.382906595641901 0.383624817133331 0.37903264132567 0.360654983469378 0.369241237675 0.394992677548099 0.392674460968498 0.390726154474812 0.396437315332524 0.413245150929581 0.438592787977107 0.439989646794213 0.439442864083411 0.443764090312434 0.447285717271308 0.450066844642318 0.451079642229803 0.448727610548275 0.429936576847686 0.420459885188195 0.421349723936425 0.432149052878515 0.44762779387352 0.479936889703906 0.508762863418225 0.532921455592151 0.570769452161881 0.610872624743309 0.615211572524305 0.624458143227838 0.641663391788675 0.655111028397407 0.666851983849953 0.673416616671136 0.680914421416677 0.690260373804356 0.685634146314565 0.673600916321881 0.652248249110265 0.644073241879628 0.668893193723498 0.700478594123129 0.736432829925341 0.748303308677223
