layers50/veg_old/veg_4600.asc
NCOLS 255 
NROWS 330 
XLLCORNER -2985163.8955 
YLLCORNER -3022031.214 
CELLSIZE 25000 
NODATA_value -9999 
[rows 75 to 99 of 330, columns 168 to 223 of 255]
0.828397082647334 0.812844540684388 0.807637019184102 0.800892581236766 0.792117065457111 0.783101178636558 0.772926224831741 0.747686964471846 0.728118805043013 0.717616084645068 0.713549180124965 0.711690271372908 0.685793067400608 0.663055769248662 0.646482176316726 0.653665692435086 0.673255295343472 0.660469174715699 0.64749517639266 0.636073538543091 0.636763128948013 0.645162708955786 -9999 -9999 -9999 -9999 -9999 -9999 -9999 -9999 -9999 -9999 -9999 -9999 -9999 -9999 -9999 -9999 -9999 -9999 -9999 -9999 -9999 -9999 -9999 -9999 -9999 -9999 -9999 -9999 -9999 -9999 -9999 -9999 -9999 -9999
0.812353220576597 0.798860982652197 0.792538290272323 0.784537792124901 0.774320026989447 0.76561198429619 0.756588979484761 0.736090722235379 0.720653487434339 0.713306461394723 0.696941908543769 0.676752666290862 0.655979757870547 0.639593237977589 0.631762797727542 0.640093222081738 0.65686293458575 0.647155319989643 0.636999065597622 0.627400536861938 0.624116976549628 0.624853515591692 -9999 -9999 0.596232493718157 0.596232493718157 -9999 -9999 -9999 -9999 -9999 -9999 -9999 -9999 -9999 -9999 -9999 -9999 -9999 -9999 -9999 -9999 -9999 -9999 -9999 -9999 -9999 -9999 -9999 -9999 -9999 -9999 -9999 -9999 -9999 -9999
0.798237730222066 0.784661907817352 0.777854186878724 0.769453358991001 0.758947195959632 0.750688599989592 0.742543374710857 0.725448176531787 0.71287592851195 0.707533763223263 0.682652846952777 0.64978529393095 0.629740354554909 0.617342814352939 0.619862273861876 0.629450630391267 0.642730401972878 0.635104829574731 0.627091718116607 0.619438578713186 0.614286292910753 0.610726046731117 0.596002197367476 0.585270140515831 0.589300237804675 0.582018658150007 0.566031815212554 0.568732639667414 -9999 -9999 -9999 -9999 -9999 -9999 -9999 -9999 -9999 -9999 -9999 -9999 -9999 -9999 -9999 -9999 -9999 -9999 -9999 -9999 -9999 -9999 -9999 -9999 -9999 -9999 -9999 -9999
0.78836161805904 0.76997004169015 0.764081206041215 0.75716271652359 0.748883510779864 0.741373606240932 0.733496014327879 0.716876777121141 0.704380823402118 0.698476072258982 0.673385139301793 0.640272849298196 0.611368602995035 0.597767516360256 0.61401673871983 0.62511017841658 0.633511241399896 0.625766778866199 0.618404449809863 0.612964447423919 0.61071219769564 0.610489266491511 0.596002197367476 0.582855337557131 0.577111988492501 0.571103013132001 0.564889616548022 0.568732639667414 0.572865694729109 -9999 -9999 -9999 -9999 -9999 -9999 -9999 -9999 -9999 -9999 -9999 -9999 -9999 -9999 -9999 -9999 -9999 -9999 -9999 -9999 -9999 -9999 -9999 -9999 -9999 -9999 -9999
0.77512514080942 0.760795657285576 0.752907360900859 0.745229759475693 0.737830597299809 0.716122173873641 0.691855625041573 0.698917930854173 0.700974414576768 0.6950289291036 0.655742112786934 0.603246277602601 0.592297935789967 0.590762373335844 0.607587357228741 0.617694176046042 0.624292733869923 0.62122949404273 0.617274442478615 0.611765995742841 0.606961776489784 0.60260586738791 0.587043687636597 0.571628037076717 0.559266776279444 0.553355385753576 0.552407699471808 0.559287303177467 0.567129916913276 0.574683435035263 0.586951182910894 0.60358472415327 0.61910996491069 -9999 -9999 -9999 -9999 -9999 -9999 -9999 -9999 -9999 -9999 -9999 -9999 -9999 -9999 -9999 -9999 -9999 -9999 -9999 -9999 -9999 -9999 -9999
0.759941340958022 0.754818638817889 0.743239707962162 0.733504080174051 0.72620442865913 0.681635617847399 0.631327662468338 0.675519084180926 0.700516891670954 0.694833083433786 0.633245611336928 0.550275342685452 0.572822248833309 0.591041601576693 0.600819638336163 0.608495900427089 0.615074604776632 0.619474240240569 0.620523847718884 0.613624786318489 0.603109174842753 0.590291273054823 0.572893745419174 0.55529391779539 0.538143369158857 0.53164864282593 0.533354445831905 0.544368419393014 0.557040826011582 0.571407554676695 0.586951182910894 0.60358472415327 0.61910996491069 0.63204300275977 -9999 -9999 -9999 -9999 -9999 -9999 -9999 -9999 -9999 -9999 -9999 -9999 -9999 -9999 -9999 -9999 -9999 -9999 -9999 -9999 -9999 -9999
0.744846151233764 0.740405692151063 0.732170355873556 0.72442036685556 0.717311777740378 0.672381505860581 0.621284186968134 0.661298435974843 0.670860971987666 0.631745455733761 0.586400063028816 0.540238617107834 0.579283541022046 0.607971877148489 0.616458676318432 0.621452701287503 0.624622781273108 0.622561283840583 0.617411267344742 0.605132712965444 0.594172483236315 0.584051496987071 0.567146011186326 0.551596456221897 0.541757694104807 0.534912822044628 0.530371993966192 0.547592625818437 0.566169514846422 0.578696313954192 0.591641747897623 0.604974874695269 0.608198156696093 0.610248092394583 0.616609855486427 0.620547449716379 0.621787030483934 0.644104246678862 0.673003102063677 0.710231815929141 0.740846884210089 0.762599671385968 0.768138413972388 -9999 -9999 -9999 -9999 -9999 -9999 -9999 -9999 -9999 -9999 -9999 -9999 -9999
0.731118596542934 0.727713836504577 0.72055469227454 0.712568393943311 0.703488988461028 0.663018409637691 0.617443067574944 0.647680436661608 0.643975915904064 0.586014181826542 0.558608766429202 0.545298662634307 0.5871790062107 0.617426225404857 0.624981898218764 0.628214833837136 0.629190413448732 0.622497333707752 0.613121117928194 0.597745539131202 0.586947594165627 0.579063763978856 0.561740794945073 0.54741761398193 0.544432336922103 0.538563215555457 0.530474739438603 0.551338869681459 0.573026414567084 0.582768787209307 0.593361282258272 0.604741065784512 0.599008577773855 0.592334747768192 0.5986441042343 0.606170331644043 0.615050893002851 0.64065748301416 0.671556852237037 0.709636304124559 0.740939287039429 0.763161805607069 0.786644991833164 -9999 -9999 -9999 -9999 -9999 -9999 -9999 -9999 -9999 -9999 -9999 -9999 -9999
0.721092032140919 0.720871641749844 0.70765121032018 0.692831655733262 0.67589881541628 0.649840047302821 0.623400897697303 0.634418574659996 0.628686718035883 0.596180187962508 0.585948974686004 0.585360520327563 0.59535085899666 0.604259781620178 0.611059296525842 0.615067311095695 0.617617589567813 0.613202536878751 0.606521032270396 0.594802057319141 0.585079640483479 0.576628229526763 0.556093651874583 0.540169217200664 0.541105236200994 0.539779363120809 0.536712778546079 0.553971977742565 0.57103459446557 0.576634997117625 0.58635976199116 0.599904050767763 0.596017079707926 0.584817013401616 0.552265254242464 0.552757022276894 0.590025057268147 0.627852200828128 0.666183801183004 0.707423881851202 0.741282578433793 0.765250224781655 0.7880553459561 0.809042566167831 -9999 -9999 -9999 -9999 -9999 -9999 -9999 -9999 -9999 -9999 -9999 -9999
0.697103725210367 0.692648707144433 0.684032527409185 0.66857532689167 0.644077527135351 0.618783840120424 0.595303538768503 0.600884246103456 0.602573484206185 0.598042082349559 0.592383506930823 0.586424399684771 0.588715100762559 0.590869319438284 0.592757315846051 0.595819226852424 0.599494162211361 0.598424636949192 0.595079650297641 0.586537867931305 0.57744506206571 0.56800147547326 0.551072901147176 0.53834305131674 0.540149870639955 0.541050252887268 0.541253057451411 0.554324554691728 0.567072663233 0.571773818396953 0.581932364390922 0.5971449365844 0.596816057346359 0.584899089483233 0.526368220381282 0.504184687416122 0.522454442900011 0.594129730412723 0.673812499963435 0.703975030612406 0.729477711308839 0.748736195871826 0.774630276120305 0.802317439646825 0.82300808174261 -9999 -9999 -9999 -9999 -9999 -9999 -9999 -9999 -9999 -9999 -9999
0.663300132418907 0.649394835453399 0.65288091941871 0.641141667288377 0.609281710032631 0.575159276416858 0.543264940778665 0.55309811094501 0.568850812878704 0.594066078603914 0.584121078122698 0.560072195083734 0.571669400160449 0.577321369421167 0.571376575007096 0.572282368845409 0.576765575753717 0.579792044510672 0.580234774300301 0.574533152192136 0.56575647175673 0.555022213837606 0.546492512351374 0.540328783994365 0.540861865620401 0.542359627130249 0.544599788941495 0.553073888726716 0.561725718354063 0.567807301955776 0.579314608371221 0.595846613604471 0.60027978850758 0.590323930759469 0.514870168585701 0.459015620344335 0.424974298018572 0.545702205706419 0.690581597304892 0.699656953793944 0.709132531375009 0.719144404978632 0.750775711060324 0.789146256238683 0.817974453253893 0.835806644275761 -9999 -9999 -9999 -9999 -9999 -9999 -9999 -9999 -9999 -9999
0.680420313326266 0.672322951650434 0.662856797429877 0.644965536346416 0.615940262209075 0.572012876936685 0.527204336820283 0.539928524360083 0.555919865514734 0.577133857837125 0.566263524531614 0.542412701540783 0.545911411596906 0.550347056944016 0.556610286172477 0.562381447589164 0.567895648617003 0.566151837773048 0.563236936941298 0.557945821397351 0.551644592577586 0.54470032717304 0.542797585448588 0.542648057418488 0.546667868260675 0.55028101805253 0.553581208808542 0.554423627685899 0.556740484744502 0.56620419432914 0.576423622097945 0.58734291169105 0.558178782225479 0.520974192915661 0.482426927839905 0.452538248553596 0.432286266360663 0.546000909997717 0.678992983398755 0.681172179176096 0.68495283566279 0.69087944853672 0.73374232518112 0.78627761265583 0.795309412082318 0.810806794974315 0.836789395816777 0.844598217653276 -9999 -9999 -9999 -9999 -9999 -9999 -9999 -9999
0.697607828622757 0.696012389056629 0.670724564939089 0.647266853319275 0.626227686267656 0.579381568752945 0.527864869539632 0.532054426110407 0.541717907043009 0.560131633856446 0.548965201013713 0.525788817003641 0.525831239830603 0.530780617578184 0.545301490610133 0.554386377386561 0.560632563665693 0.555033546089991 0.548800869561016 0.54177298859238 0.536859104631612 0.533290987971123 0.538319197617416 0.544273521278932 0.551049501136754 0.556432164513299 0.560742556566472 0.556426238505215 0.55438410563956 0.565906643740916 0.57418562714785 0.579460792262168 0.525510273038232 0.468860796521865 0.460188237646082 0.457467970105638 0.461372390476711 0.55577798974757 0.661208491189642 0.661990509620754 0.661658738854466 0.659834491233617 0.711177044227566 0.77612037474675 0.773689148421508 0.788141193968052 0.829972792533583 0.853522386329104 -9999 -9999 -9999 -9999 -9999 -9999 -9999 -9999
0.696478686886773 0.698241370013666 0.656275320371881 0.632884001982264 0.634039707576942 0.608589708601188 0.573596909995127 0.529994523461694 0.515519536992239 0.547605645558488 0.53710799874969 0.509601475299906 0.528679686593034 0.541879465627855 0.543612787857982 0.548054924966965 0.553911619394939 0.550871088637486 0.544062269843732 0.528711712026683 0.520612704688664 0.517130023426171 0.530792349937739 0.543363507784032 0.548619635477117 0.554015417340168 0.559518674542565 0.559753090077709 0.561042535708391 0.569290557063031 0.574319120198979 0.57636618050834 0.542258960867057 0.503957324148327 0.481084338067783 0.487991473071604 0.528042820452906 0.580782797699221 0.632197054532743 0.64554489464369 0.642842776415322 0.618633723666504 0.666879759109417 0.736850828186466 0.762126897195795 0.790367355731261 0.823415156162076 0.8481497147192 0.86894221321338 -9999 -9999 -9999 -9999 -9999 -9999 -9999
0.674599243559038 0.667633670067785 0.645789848546308 0.628437261072065 0.617019964309697 0.607463067269933 0.59484224621776 0.53070278446936 0.500723730437147 0.525351197640547 0.52352188395389 0.511143629452221 0.528573817908654 0.538710338903622 0.534619848474497 0.538477403499665 0.546485469494341 0.544381035743808 0.53746916746276 0.51958337267001 0.514380745986367 0.517252204952638 0.525887397293668 0.533701338739925 0.537671368593068 0.542915432496987 0.549139970109502 0.552696535293533 0.556605749078801 0.563317457543334 0.568484500850508 0.57222104771388 0.551082824729104 0.525917258959026 0.505155250431555 0.516427180707935 0.563351742079875 0.580454775588298 0.59104225157156 0.612627263969786 0.622238342018546 0.61580435524148 0.653885788863013 0.706638394023369 0.751482800986642 0.788585633354669 0.81313397665857 0.83469291847968 0.854646302127563 0.856559159391179 -9999 -9999 -9999 -9999 -9999 -9999
0.635134230192889 0.60919737450877 0.638663614795234 0.632411225039215 0.578955672209887 0.580628152896316 0.595335467084723 0.533757022745924 0.495591425787513 0.494852025796227 0.508470541663277 0.52771126599301 0.525964211099036 0.523449317100978 0.519436677865236 0.526148887096917 0.538461668376949 0.535918380549828 0.529304401829835 0.513788138735454 0.516635876353807 0.53117410907198 0.523204461451529 0.516621848857509 0.519503884162475 0.52445653368662 0.53100269070086 0.536840199025932 0.542765932354504 0.54941442968248 0.557591995565474 0.56718561406017 0.553190518886644 0.536744127967944 0.531916768400225 0.543093513049508 0.572082254754711 0.558657559144614 0.539596127411894 0.565749846522189 0.600118204404946 0.645494173301604 0.667420909467533 0.68410172706309 0.741616827412405 0.783407289153827 0.799697150079319 0.814384947608081 0.828448255033598 0.846100534935426 0.857830226076246 -9999 -9999 -9999 -9999 -9999
0.603504470851722 0.585558553246582 0.613505876996446 0.606637621237149 0.55375960880163 0.562550276971264 0.587049365563848 0.541955733417155 0.509228083073016 0.496267856276936 0.500129275537895 0.510708795410584 0.502847269468237 0.496658456142614 0.49373243230295 0.496789197799813 0.502970207227124 0.499351841597832 0.491492671987069 0.474007464921548 0.486704242723802 0.5186148264782 0.511518610241578 0.503378247878256 0.501133531467841 0.50964266380564 0.526427764872385 0.527935104327006 0.529830799228137 0.541297449160131 0.55099873390363 0.559065134470376 0.530883363882557 0.500592442205748 0.497176647068314 0.512381661268077 0.548310971973024 0.538645263135989 0.520351660178248 0.529740331699862 0.555976846960484 0.604789462697206 0.658555413256725 0.713025545408982 0.752903020015092 0.78296947738689 0.79712543656989 0.810432075544965 0.823236898845231 0.828350783601524 0.832226595443721 0.833650403022552 0.834143693463337 -9999 -9999 -9999
0.574179007642892 0.565577392021117 0.583442692561774 0.574432804599972 0.529906607530048 0.544371437448211 0.574248259321643 0.542940903178766 0.515499755301903 0.494238866909453 0.485976737298909 0.483047099830345 0.472483795691668 0.464619710630519 0.46202071626003 0.461430285563219 0.461888737338017 0.459405606230504 0.452760994471367 0.436256905733606 0.455033132585876 0.496268755022861 0.493488976502583 0.487917154094353 0.484080176422454 0.497086735805532 0.52305577859484 0.519549956192801 0.516732735490961 0.532139623413402 0.542406106108342 0.547912119284954 0.509314481843226 0.467932002974464 0.458059288801028 0.473359636867787 0.516676705172752 0.517233157932145 0.507313437575266 0.50392711235747 0.520863532528747 0.565032419297019 0.64800856250291 0.739600470801401 0.762639490109887 0.781478888776855 0.793507774831859 0.80569833334917 0.817626837409415 0.810928540225233 0.811520966763941 0.826552676682511 0.830649390827259 0.828949189832344 0.821664322660908 0.813369024292104
0.549592028012588 0.536133078704905 0.544318761272016 0.534988303523354 0.502509779156317 0.519072485302301 0.547169906015429 0.506553522269613 0.473347327868167 0.451986561810407 0.439767808283543 0.431434777983745 0.424079475636847 0.416993014369903 0.410430953911745 0.411176568797501 0.415738290026752 0.425127686507513 0.432280940715544 0.433739272352654 0.439740904918032 0.448634795987957 0.452867912969437 0.459255034501769 0.473290700270486 0.492237082675748 0.514962664349317 0.508296864764115 0.502191622989761 0.513758132996083 0.521272422561355 0.52503399788769 0.509715757874864 0.487152326237304 0.44535095212453 0.439368936652357 0.473252589511282 0.487971291697149 0.498607140429921 0.517161187350845 0.544359905100058 0.58314247655931 0.646676810709719 0.71618980001972 0.749119634132625 0.771503441227168 0.776784786898258 0.784918891790861 0.794225913475356 0.800563902400475 0.807477541732911 0.815531257095503 0.822432197230685 0.828722022345192 0.821664322660908 0.813369024292103
0.52715066296921 0.518871938514129 0.518032384993819 0.509754536759929 0.491646775174524 0.507387830409265 0.529772862141562 0.486328049524957 0.452740502276942 0.434910113876299 0.418120129341791 0.401907381705225 0.392135314787257 0.383137426980244 0.375649651214129 0.37983491955304 0.390115912669077 0.402540374135964 0.414227145228448 0.424001068836859 0.428071358204361 0.428510722634124 0.431232536329913 0.438580935383683 0.459496794635364 0.482767303316686 0.507849907881409 0.495760687714268 0.484576634417661 0.496521593092836 0.505053568769831 0.510424820571893 0.506749326541966 0.492951306621518 0.433642659879488 0.416728919924347 0.446999198808065 0.470586886658353 0.493083541532617 0.521051009484492 0.552108802376517 0.587307628829478 0.638177878761826 0.693241231435176 0.731165382789353 0.751456917329677 0.743153688332185 0.755732949703859 0.777064749466233 0.786027258299605 0.794389331060462 0.801562239764077 0.809842127929147 0.818708853632351 0.81027489764553 0.80083292160593
0.506895124274436 0.514022300831515 0.504824157124429 0.498997832971403 0.497627462142308 0.509572623381837 0.52223856872398 0.482567381281974 0.454083072672702 0.443481353217961 0.421494012004202 0.394878812805964 0.376959799113855 0.363311037939184 0.35799182176644 0.367759775927264 0.385406329465559 0.391862767140057 0.398645079419466 0.406906971793469 0.420092386457166 0.436412107969457 0.4289386644095 0.426044563205348 0.442642152385744 0.468590810222845 0.501735882441166 0.481917378258006 0.463830161118967 0.480451461647454 0.493841655387762 0.504239558696706 0.500352072387184 0.485077409744127 0.422953154270858 0.405652314068284 0.438238336011339 0.465302542737418 0.490802289015979 0.515421454637172 0.543815095061631 0.577266529452078 0.622377443867973 0.670763425477064 0.708693629425814 0.721150571293591 0.692297597938238 0.717982957732437 0.766260287045549 0.767240418799974 0.77208682305197 0.784590382661661 0.792797229231257 0.798726280602015 0.78728259416085 0.775525772466579
0.485889055418835 0.486495325306543 0.484595943443277 0.48834401007493 0.499555336969832 0.5073438512535 0.510334517858723 0.462346337170646 0.428933713041296 0.418820589472877 0.412727658610806 0.408222467638528 0.398475009066124 0.393435848754699 0.397580684492023 0.403861128094626 0.411256797311172 0.411761810486738 0.414526833956927 0.423172177819038 0.431874556177094 0.44061324260907 0.44427103080181 0.449400160527983 0.460195320736229 0.475761167087905 0.49499844775701 0.484157245596061 0.474062971562921 0.482741642066345 0.485840187114194 0.483771042852726 0.473958738468481 0.458619035732743 0.421394191143217 0.413771892551664 0.439096171601328 0.46857436431889 0.499661950305941 0.534935561525232 0.568899846794331 0.601109636077749 0.638031535879858 0.673460360845622 0.663056726732097 0.659522407441702 0.667128036073269 0.68809244556873 0.714715590999873 0.73677640516691 0.755504784382441 0.767633273869784 0.766314412177159 0.757866772819144 0.743590831126329 0.734650247777402
0.469346962066654 0.45903989514482 0.46797649813974 0.481525203531776 0.501168930521867 0.504209833523064 0.498165351096297 0.443020514574172 0.404868295515018 0.393879327376334 0.404641621311099 0.424166581921251 0.423400183417249 0.427237589092864 0.440055164896025 0.441253846599901 0.436385080943296 0.432395892122074 0.432080260248946 0.440574482162407 0.443472027787872 0.442806737746775 0.459204150413584 0.473839055581516 0.479132309429365 0.48354089643553 0.487268659739526 0.487686114130496 0.487646814518346 0.487533289751424 0.479753905500938 0.464875257906767 0.450212822257294 0.436152952070473 0.425143225836374 0.427005150761194 0.443192764236825 0.473045886313653 0.507804629041961 0.553165697162639 0.592159389472913 0.622620802027295 0.652552491213944 0.676821439254456 0.620115555989985 0.603298656060466 0.65116960469411 0.664207210940055 0.663052635001502 0.705433152248484 0.737210305079014 0.747987487343055 0.736679083641474 0.713662557659776 0.696889752724054 0.691575820205966
0.483448167492775 0.466446190994952 0.485855018712049 0.499898369978083 0.50685109487955 0.501785399762198 0.490870348186348 0.454572946807316 0.428140760723732 0.417478441703808 0.41946216056571 0.426405465090139 0.415224602746646 0.409594388234421 0.414791254957227 0.4141252006337 0.410397498228755 0.411520616851497 0.412969776530875 0.414905164117928 0.423882116121915 0.437341717391655 0.444769256486129 0.451010088503622 0.455038414077703 0.462977111325549 0.4739251603365 0.475345601431446 0.476401448368693 0.481016351081643 0.481457822731449 0.478034328394402 0.474288190386878 0.468256632874353 0.450130161834215 0.44492799303918 0.45411011157558 0.472472049640014 0.494313792953942 0.524780403153185 0.552738546412042 0.577335345479655 0.611884922568202 0.646396245205543 0.630120714342545 0.63029367636201 0.657141111574697 0.668096120030181 0.672388175514205 0.685986207613021 0.698922497953064 0.710548208281792 0.700518908268399 0.679009744897184 0.66168775850838 0.657576007479714
0.489363729524758 0.47064324467001 0.497542258663769 0.509264313627551 0.500929595103749 0.491481372300048 0.48060666131101 0.455024171403437 0.434864636112598 0.423373869909606 0.421004106507853 0.42222309504975 0.410915224294853 0.403226945103707 0.402599033114671 0.398408960847746 0.392358709824479 0.39932907694856 0.402824881165662 0.397129874513291 0.407333197122849 0.427657372113066 0.427909909440345 0.427920467267251 0.431864616439935 0.442849185434629 0.459251934994237 0.462962033383323 0.465807358812083 0.471888727801778 0.47620842874528 0.478896669392529 0.482443121474083 0.481957316226092 0.458621646492003 0.449111953384675 0.454990079028828 0.462201502275432 0.471679713572015 0.496760850325115 0.521330167402395 0.545213646421942 0.581745486141997 0.620175223331954 0.622816267826879 0.63054437482582 0.646522156330824 0.660323351136386 0.672909387270041 0.669767123069802 0.670481710846357 0.678834796632683 0.670228866615478 0.65263253756212 0.637211749755715 0.633753919147273
