layers50/veg_old/veg_3700.asc
NCOLS 255 
NROWS 330 
XLLCORNER -2985163.8955 
YLLCORNER -3022031.214 
CELLSIZE 25000 
NODATA_value -9999 
[rows 200 to 224 of 330, columns 114 to 170 of 255]
0.250310136853676 0.243497351114875 0.239040600065658 0.229471326229456 0.204402278603554 0.177915129082976 0.15036647378665 0.138796722306717 0.130556778963147 0.127471927481263 0.127554375297869 0.130491148078881 0.126919036108454 0.120774820682362 0.10755027809544 0.0939440215347778 0.0799243563223612 0.0710505573304485 0.063464379176489 0.0557702201469961 0.0463441744173782 0.034660881831639 0.0288460607132208 0.0259544570831282 0.0361705938209928 0.0453558075897649 0.0529165201326158 0.061180600642079 0.0696250974361098 0.0735652996114543 0.07961864860438 0.0897319631100308 0.102845536402784 0.117502343784956 0.12917200971594 0.142180134859279 0.158522351013784 0.175299526965766 0.192349658197206 0.210070111588404 0.224388842323961 0.228383074971439 0.230106564488804 -9999 -9999 -9999 -9999 -9999 -9999 -9999 -9999 -9999 -9999 -9999 -9999 -9999 -9999
0.250888992056883 0.242393956345455 0.23734399689548 0.227254757134451 0.201661608974567 0.174055167263986 0.144941695106324 0.134939247994716 0.126312853335755 0.113925072304637 0.115673250266996 0.130160552905738 0.12523463669602 0.115860512759781 0.102037130436822 0.0896463829899774 0.0788072257214746 0.0708345999191881 0.0638200062958968 0.0585777772113412 0.0501975930390132 0.037727569008216 0.0307774726451646 0.0266272843337108 0.0354726072303124 0.0423939534868947 0.0462835480956245 0.0613678843887566 0.0805118135996657 0.0756962106662272 0.0739279125808932 0.0780143674578854 0.0903281211712349 0.106873725844467 0.127118626014736 0.145410059929831 0.158870085814918 0.169887870778842 0.179373048460417 0.18813911099701 0.199947545998582 0.221015749873587 -9999 -9999 -9999 -9999 -9999 -9999 -9999 -9999 -9999 -9999 -9999 -9999 -9999 -9999 -9999
0.251999473811209 0.244692788265461 0.237305353728162 0.224143309868891 0.194026578974614 0.165162902925664 0.137237188359338 0.129368607730125 0.123108782088095 0.113528179531018 0.116050878939837 0.129480901496 0.118078142407965 0.104138225313353 0.100811092446065 0.0936434835250228 0.0823165140966362 0.0754752899249366 0.0699929926435203 0.0662165664071504 0.0601181193729736 0.0509932768215152 0.0403212208007186 0.0304117618953016 0.0373532864543102 0.045536810300071 0.0556774438663556 0.0711592975959542 0.0882597722663016 0.0811419818618941 0.0807922214329671 0.0934458018324789 0.107024341141466 0.12107864878302 0.134247629107161 0.146632926442153 0.157204335632422 0.167380226779467 0.177307913980663 0.182155828252726 0.185520494124238 0.185547905633249 -9999 -9999 -9999 -9999 -9999 -9999 -9999 -9999 -9999 -9999 -9999 -9999 -9999 -9999 -9999
0.253012317510768 0.246718003767503 0.237046866094836 0.220896714621824 0.186385698369566 0.156602341735648 0.130357826710696 0.125134450682786 0.121718659089161 0.11528526065698 0.117239245371961 0.126751820181153 0.110526971518209 0.0939796183488635 0.100362127230449 0.0977670052438203 0.085448816960169 0.0798504446650752 0.0761751956541291 0.0741983470766578 0.0699982691610961 0.062900555139501 0.0493565811830217 0.0351191049942065 0.0398251297942878 0.0493584173143325 0.0664983781179563 0.081283954735947 0.094569558644786 0.0869342106457631 0.0890260614213245 0.109806671175515 0.123898209675908 0.134549110712033 0.139048160764576 0.145034273015583 0.154873334945696 0.154849699397883 0.148636812884985 0.166270705790934 0.180782506139797 -9999 -9999 -9999 -9999 -9999 -9999 -9999 -9999 -9999 -9999 -9999 -9999 -9999 -9999 -9999 -9999
0.253067780322289 0.24436663590446 0.234224503992841 0.217769142699822 0.183050166820106 0.154151446115103 0.129609418330036 0.129077676699735 0.12844719317316 0.116130612348892 0.111611312727729 0.114118811743221 0.105855136812109 0.0976426296863995 0.0999888824536129 0.0951746084893219 0.0826052511234043 0.0786012347747817 0.0772514049479687 0.079610781546449 0.0743041039340284 0.0590059085363144 0.0491168831082661 0.0416697079843881 0.0429592615662706 0.0511560779223402 0.0702371767911019 0.0845637545180709 0.0964921303874124 0.0915172835190537 0.0929658741781582 0.106755744022253 0.11578541696869 0.122366601752578 0.12411303848916 0.131152433571879 0.151010315393665 0.154849699397883 0.148636812884985 0.166270705790934 -9999 -9999 -9999 -9999 -9999 -9999 -9999 -9999 -9999 -9999 -9999 -9999 -9999 -9999 -9999 -9999 -9999
0.251679015725654 0.244803308556069 0.235136692717616 0.21906035318269 0.184708752960708 0.155794608109009 0.130950615270077 0.129990893323855 0.129373257746678 0.118807827517908 0.11146028814863 0.107012666137133 0.106133408502514 0.105762229457915 0.104608110570507 0.0974760279797343 0.0838696162188015 0.0811194901066179 0.0809933212220393 0.0799349046633081 0.0725325412149072 0.0568618226997029 0.051280387706186 0.0490475555774859 0.0471387649191007 0.0527434501692219 0.0701876726012936 0.0837592991476838 0.0954410380039234 0.0959046685993566 0.100100398309427 0.111466568601018 0.116632382628974 0.118608938052403 0.117452923663304 0.116590817515337 -9999 -9999 0.148217138336108 -9999 -9999 -9999 -9999 -9999 -9999 -9999 -9999 -9999 -9999 -9999 -9999 -9999 -9999 -9999 -9999 -9999 -9999
0.24875765565024 0.248198613804787 0.240011938562106 0.225040718501678 0.191667032313789 0.16178233118404 0.134509274397066 0.127688703101461 0.124141816592705 0.123428992557211 0.117121287694616 0.105771556009587 0.111664669188917 0.11861110333552 0.11452528646325 0.104970702084047 0.0894932645809578 0.0876357308895592 0.0875640513259688 0.074859377468806 0.0643117227439101 0.0565754093466841 0.055994139952041 0.0573032644624511 0.0524276030964905 0.0541076671223586 0.0661180703249772 0.0786206849422194 0.0912343316434693 0.100084392320312 0.110625108903585 0.12441406390403 0.126987328187329 0.12379161136624 0.119574139902377 -9999 -9999 -9999 -9999 -9999 -9999 -9999 -9999 -9999 -9999 -9999 -9999 -9999 -9999 -9999 -9999 -9999 -9999 -9999 -9999 -9999 -9999
0.249591934663823 0.245286939970615 0.240038420453948 0.229981373952276 0.205982657519812 0.178191125141811 0.147560518894966 0.129605969394004 0.117159979313497 0.119722900263037 0.115888495577172 0.10628891224991 0.107498161279511 0.109556052579471 0.10567232491744 0.102255329303783 0.0993438196825782 0.0977126782316988 0.0943112422991343 0.0749697832720998 0.0613335573032211 0.055133221559166 0.0558122068676538 0.0582927337247217 0.0546148381318024 0.0546311310120265 0.0604686286605251 0.0720520275795796 0.0859707221578983 0.097700929362753 0.108744915362952 0.118470472183586 0.117721297752715 0.111584267309455 0.111088257687232 -9999 -9999 -9999 -9999 -9999 -9999 -9999 -9999 -9999 -9999 -9999 -9999 -9999 -9999 -9999 -9999 -9999 -9999 -9999 -9999 -9999 -9999
0.251233638903019 0.242066070538776 0.2389817386323 0.233672298498391 0.220598043374662 0.195676811774962 0.161887646212547 0.132563137094433 0.110614967423531 0.114657329927254 0.11349182995767 0.107633078587488 0.102214117841782 0.0974088687559264 0.0953569544633067 0.0992715815065983 0.109648166924497 0.107388592988709 0.0998531859840187 0.0764925462471641 0.0604146831118405 0.0538287945880509 0.0546903001134699 0.0576538612473808 0.0559601926321226 0.055027599509771 0.055294289077118 0.0657477647929002 0.0803906374607677 0.0931301677040587 0.103008843268059 0.107390990508422 0.104189471094544 0.0970871638706543 -9999 -9999 -9999 -9999 -9999 -9999 -9999 -9999 -9999 -9999 -9999 -9999 -9999 -9999 -9999 -9999 -9999 -9999 -9999 -9999 -9999 -9999 -9999
0.252057026614647 0.247808332399431 0.238686279515125 0.230149769828247 0.224315841701691 0.202456203536831 0.168600682826451 0.135563439802804 0.110346653567472 0.114529493629885 0.114904379427591 0.111847591140614 0.106056708886727 0.101757569851905 0.107785600458175 0.11248099775698 0.115733109829616 0.10783116057369 0.0963435680903204 0.0790417401926802 0.0651117571682664 0.0555764532177606 0.0554511058661351 0.0581184809759828 0.0567121197533984 0.0559970077061464 0.0563711478789054 0.0639009430621625 0.0743937663660201 0.0843614250151294 0.0913557884040303 0.092637592629904 0.0945886251864207 0.0968838867067495 -9999 -9999 -9999 -9999 -9999 -9999 -9999 -9999 -9999 -9999 -9999 -9999 -9999 -9999 -9999 -9999 -9999 -9999 -9999 -9999 -9999 -9999 -9999
0.249434050126301 0.247646636643539 0.235954703674539 0.226030526705415 0.223296849544302 0.205722033244338 0.17703803291909 0.142169080959736 0.114264696859848 0.115799057409999 0.115617830754381 0.113890541371957 0.10799650109966 0.103737260625478 0.11191417925318 0.116878941846037 0.118364834952985 0.108533882910661 0.0957079783791859 0.0818773298536183 0.0694489000068358 0.0588480456614148 0.0575076287197218 0.0590577739645898 0.058482384714408 0.0580328873262893 0.0577817670142335 0.0633934831621487 0.0714032646640488 0.0777924254022082 0.0822306923440063 0.0829207287008221 0.0827765461699033 0.0822032689785099 -9999 -9999 -9999 -9999 -9999 -9999 -9999 -9999 -9999 -9999 -9999 -9999 -9999 -9999 -9999 -9999 -9999 -9999 -9999 -9999 -9999 -9999 -9999
0.242411223295893 0.23994756862186 0.230113024438938 0.221149479508367 0.216230565799652 0.204502223504089 0.187676752573683 0.153377529215891 0.123527313117458 0.118852632064227 0.11543876839843 0.113161135383845 0.107507057861515 0.102692520354457 0.105446358077247 0.110027593476867 0.11658796001071 0.109568735547307 0.0987415580153431 0.0850785507169911 0.0733265314878952 0.0640651900907278 0.0612183474153347 0.0606030653863908 0.0615527253007741 0.0614302930029928 0.0596184860718235 0.0645959387751558 0.0722508876156676 0.0740317593732694 0.0763329511899444 0.079633828157618 0.0813187200908402 0.0821724026617651 -9999 -9999 -9999 -9999 -9999 -9999 -9999 -9999 -9999 -9999 -9999 -9999 -9999 -9999 -9999 -9999 -9999 -9999 -9999 -9999 -9999 -9999 -9999
0.240404407998559 0.238482071986965 0.225921778880401 0.215219268632315 0.212119587696587 0.206458863225742 0.198881095618102 0.171763593148497 0.14456842424385 0.12628163203897 0.117820056993944 0.118212827552896 0.112145303602483 0.105841913499293 0.104492995782729 0.107503381520535 0.115235034719421 0.110241638363656 0.10198340042314 0.0933777483821665 0.0853651526737492 0.0781255143083661 0.077637187722714 0.0791033379781265 0.0769950882066222 0.0731570113901695 0.0665931187374239 0.0671931977820744 0.0707429029304637 0.073090075962787 0.0760722957713945 0.080274623898662 0.0817683680987703 0.081868906129994 -9999 -9999 -9999 -9999 -9999 -9999 -9999 -9999 -9999 -9999 -9999 -9999 -9999 -9999 -9999 -9999 -9999 -9999 -9999 -9999 -9999 -9999 -9999
0.240034366109854 0.238982843499488 0.222948969103984 0.210068888946909 0.209475649737524 0.209358013658102 0.209596385472977 0.191535048212626 0.168523439267925 0.135278237284314 0.121312028650744 0.124719773919747 0.11822248107151 0.110516452988522 0.106026149052804 0.107025102187957 0.113969099311323 0.11086784181649 0.105538950789671 0.102597230508754 0.0989781600782611 0.0944762683318532 0.0975209121717855 0.102144913182474 0.0947565290791868 0.0857686204095482 0.0742602231128927 0.069988830809751 0.068863334977818 0.07319991678435 0.0775820290787037 0.0820516185936631 0.083569750808822 -9999 -9999 -9999 -9999 -9999 -9999 -9999 -9999 -9999 -9999 -9999 -9999 -9999 -9999 -9999 -9999 -9999 -9999 -9999 -9999 -9999 -9999 -9999 -9999
0.240019801347836 0.239092619320834 0.228442998506304 0.21862607176006 0.213214918702084 0.211327881512978 0.212078785478349 0.200065186993446 0.181897261030468 0.146302607187882 0.128365464485749 0.12634101904007 0.12178573989269 0.117410987798186 0.116388536528085 0.114639184058836 0.112102573942836 0.112345384982582 0.112127396654369 0.103050078059326 0.0997997626938888 0.104144046166636 0.10993060128624 0.114213905196775 0.0922950074750423 0.076458267192458 0.0702056301963094 0.0697299070648336 0.0716934341619532 0.0751265294042973 0.0786432615650581 0.0823206844083291 -9999 -9999 -9999 -9999 -9999 -9999 -9999 -9999 -9999 -9999 -9999 -9999 -9999 -9999 -9999 -9999 -9999 -9999 -9999 -9999 -9999 -9999 -9999 -9999 -9999
0.241562647003348 0.240725274856532 0.235019281149753 0.228363611231798 0.219897724363991 0.214948682842261 0.212632140198988 0.205119449973584 0.192367113652667 0.162106646689563 0.142137258872203 0.131442044837653 0.128009974929819 0.126273524523494 0.12636403854675 0.122759082086376 0.115151810868526 0.115667762028774 0.116945702856663 0.108381728693117 0.105286801242927 0.109319931591678 0.115985326330629 0.120985084603009 0.0924395158320414 0.0736686599315668 0.0703005387816052 0.0713315222572975 0.0741814273622353 0.0766012710384618 0.0781927667615241 -9999 -9999 -9999 -9999 -9999 -9999 -9999 -9999 -9999 -9999 -9999 -9999 -9999 -9999 -9999 -9999 -9999 -9999 -9999 -9999 -9999 -9999 -9999 -9999 -9999 -9999
0.245507725634383 0.244706901367636 0.243264888972001 0.239921795830997 0.231120798178363 0.221115972103035 0.210210032483967 0.20481233654758 0.198357729234767 0.185283103757901 0.166271808170286 0.141910470131483 0.138338641747478 0.138171612471805 0.135742787781966 0.131659177958625 0.125783382001041 0.121835709344214 0.119033651138883 0.121238705673561 0.117970057255443 0.107567282349346 0.112237815512496 0.119584635001251 0.0966037039326687 0.0809369993651854 0.0767958600183117 0.0758029320378257 0.0761417380285589 0.0773790227395222 -9999 -9999 -9999 -9999 -9999 -9999 -9999 -9999 -9999 -9999 -9999 -9999 -9999 -9999 -9999 -9999 -9999 -9999 -9999 -9999 -9999 -9999 -9999 -9999 -9999 -9999 -9999
0.24599647301935 0.245606731283518 0.24653764595971 0.245194503924894 0.236902109614512 0.22821732498638 0.219238820569706 0.215193373754699 0.209679016157591 0.196246436037031 0.179891877947467 0.160904074977527 0.153563388419779 0.148705021009161 0.145552006140604 0.141056521174373 0.135107097418157 0.129840211369389 0.125476115453369 0.12666933245323 0.125618395545661 0.121642550587334 0.11920552775236 0.116561033328741 0.104454184030082 0.0933837975843003 0.083946641967202 0.0808660335266217 0.0804496585695146 0.0808564023712327 -9999 -9999 -9999 -9999 -9999 -9999 -9999 -9999 -9999 -9999 -9999 -9999 -9999 -9999 -9999 -9999 -9999 -9999 -9999 -9999 -9999 -9999 -9999 -9999 -9999 -9999 -9999
0.245164342385528 0.245299394921607 0.247835764004871 0.247976868087842 0.240594803896346 0.235732160680412 0.2327554044569 0.229795638983385 0.223179894306653 0.202631944634829 0.189397932611875 0.182755136906629 0.170369178334312 0.158571137522258 0.155302178776355 0.150350373444767 0.143575990513308 0.138322764516661 0.133499462760644 0.129019440570856 0.130997871722403 0.141393899417119 0.130440653585168 0.113742277557972 0.114113348001995 0.108017738566108 0.0917321055227352 0.0863662302812138 0.0855619982384674 -9999 -9999 -9999 -9999 -9999 -9999 -9999 -9999 -9999 -9999 -9999 -9999 -9999 -9999 -9999 -9999 -9999 -9999 -9999 -9999 -9999 -9999 -9999 -9999 -9999 -9999 -9999 -9999
0.247029668985661 0.24642507877013 0.250563003949995 0.252747893129093 0.248237645170078 0.244385532426841 0.241026060117549 0.240570804756181 0.237226092906342 0.221508536871476 0.203945066297288 0.184718083861667 0.173769956345406 0.164685969948571 0.157329684520361 0.149557642234246 0.141335321745319 0.137976845362743 0.135373718849525 0.12915428487539 0.128916905478933 0.136476210408092 0.139011764360677 0.1394550657492 0.134109897242833 0.125487364240739 0.111700446700983 0.0983756450527728 -9999 -9999 -9999 -9999 -9999 -9999 -9999 -9999 -9999 -9999 -9999 -9999 -9999 -9999 -9999 -9999 -9999 -9999 -9999 -9999 -9999 -9999 -9999 -9999 -9999 -9999 -9999 -9999 -9999
0.24070042776556 0.248314263923479 0.25258174869163 0.255125055661108 0.253275309251302 0.250622214173054 0.24736778060517 0.249313997136235 0.249004387591557 0.237653452264082 0.231838442952722 0.23101233122879 0.200483028867862 0.168676493333209 0.158652829378612 0.1490403079538 0.139873067264328 0.137967731831855 0.137235774671201 0.13145170798514 0.129767375930555 0.133426414840804 0.141789832468866 0.150600174360077 0.144802039844076 0.136616840726066 0.124670168162828 0.121160954175429 -9999 -9999 -9999 -9999 -9999 -9999 -9999 -9999 -9999 -9999 -9999 -9999 -9999 -9999 -9999 -9999 -9999 -9999 -9999 -9999 -9999 -9999 -9999 -9999 -9999 -9999 -9999 -9999 -9999
0.218977656756655 0.251637689458683 0.253269582241924 0.253005337496712 0.253419137123259 0.252319133685953 0.250085988334334 0.254240119032842 0.256522415325367 0.248666901325016 0.240546494415945 0.232187369794716 0.200483028867862 0.168676493333209 0.158652829378612 0.1490403079538 0.139873067264328 0.13859130906696 0.139074912240103 0.137811544389772 0.136124562426249 0.133885464885452 0.133685645792735 0.134379836190449 0.138015815810769 0.135836320546287 0.124492953331226 -9999 -9999 -9999 -9999 -9999 -9999 -9999 -9999 -9999 -9999 -9999 -9999 -9999 -9999 -9999 -9999 -9999 -9999 -9999 -9999 -9999 -9999 -9999 -9999 -9999 -9999 -9999 -9999 -9999 -9999
0.202850812458906 0.228658365251988 0.235129438912425 0.241745269656421 0.252681840397293 0.255588461953844 0.25248434657385 0.258924890689842 0.263870058925137 0.258623917656285 0.250035800567167 0.238435942522978 0.234860730320724 -9999 -9999 -9999 -9999 -9999 0.139690232646165 0.139939355373115 0.138251486829342 0.134039049296238 0.130974227397134 0.128952996329327 0.135745348283808 0.139900685912223 -9999 -9999 -9999 -9999 -9999 -9999 -9999 -9999 -9999 -9999 -9999 -9999 -9999 -9999 -9999 -9999 -9999 -9999 -9999 -9999 -9999 -9999 -9999 -9999 -9999 -9999 -9999 -9999 -9999 -9999 -9999
0.189537532148292 0.192454337925271 0.207522817475916 0.225889545009786 0.25150152492486 0.259648378246643 0.254721888374583 0.263488314377596 0.271132035451649 0.268049772441589 0.259917912087078 0.24723542660935 0.239160495852193 0.233107596200037 -9999 -9999 -9999 -9999 0.139690232646165 0.139939355373115 0.138251486829342 0.134039049296238 0.130974227397134 0.128952996329327 0.135745348283808 -9999 -9999 -9999 -9999 -9999 -9999 -9999 -9999 -9999 -9999 -9999 -9999 -9999 -9999 -9999 -9999 -9999 -9999 -9999 -9999 -9999 -9999 -9999 -9999 -9999 -9999 -9999 -9999 -9999 -9999 -9999 -9999
0.187990650945261 0.192572201674716 0.201547644560232 0.213241924113226 0.23204142610982 0.247317440513812 0.25995598405315 0.26701814960628 0.272421269401245 0.27413247856921 0.270692943085575 0.262611629967807 0.252098479587771 0.242641429286461 0.240969863601755 0.240100765309396 -9999 -9999 -9999 -9999 -9999 -9999 -9999 -9999 -9999 -9999 -9999 -9999 -9999 -9999 -9999 -9999 -9999 -9999 -9999 -9999 -9999 -9999 -9999 -9999 -9999 -9999 -9999 -9999 -9999 -9999 -9999 -9999 -9999 -9999 -9999 -9999 -9999 -9999 -9999 -9999 -9999
