layers50/veg_old/veg_2000.asc
NCOLS 255 
NROWS 330 
XLLCORNER -2985163.8955 
YLLCORNER -3022031.214 
CELLSIZE 25000 
NODATA_value -9999 
[rows 75 to 99 of 330, columns 0 to 55 of 255]
-9999 -9999 -9999 -9999 -9999 -9999 -9999 -9999 -9999 -9999 -9999 -9999 -9999 -9999 -9999 -9999 -9999 -9999 -9999 -9999 -9999 -9999 -9999 -9999 -9999 -9999 0.688061522613948 0.69712264952182 0.700224938679272 0.694330409009343 0.681062035525754 0.658419199733331 0.455030576524435 0.324205842754762 0.326663178830634 0.335415283199575 0.347260191181481 0.463755809237687 0.556352804328525 0.592163976475457 0.60595020365561 0.60650028076053 0.597564928298858 0.587612228019328 0.576410829406289 0.60675812943509 0.667352558536096 0.681963306317964 0.692277235645552 0.706242352075422 0.721277821729052 0.737251904275777 0.751330025656859 0.764966328994983 0.778064218490183 0.789082771825165
-9999 -9999 -9999 -9999 -9999 -9999 -9999 -9999 -9999 -9999 -9999 -9999 -9999 -9999 -9999 -9999 -9999 -9999 -9999 -9999 -9999 -9999 -9999 -9999 -9999 -9999 0.690843536149151 0.707575370968358 0.714063817194681 0.705086510667098 0.693624401529748 0.677283990487468 0.551903108000316 0.450553459510553 0.393343294624371 0.368161775634607 0.358716866339578 0.490403816914606 0.590445438149675 0.615227279398091 0.626802830715565 0.630441906562763 0.622611801100624 0.614066202744053 0.60547028830335 0.631662616794432 0.683180515244359 0.69592217370374 0.705134240828765 0.717767984631644 0.731367119277008 0.745812823327238 0.758178864914047 0.770308069238653 0.783066476731371 0.795614436623497
-9999 -9999 -9999 -9999 -9999 -9999 -9999 -9999 -9999 -9999 -9999 -9999 -9999 -9999 -9999 -9999 -9999 -9999 -9999 -9999 -9999 -9999 -9999 -9999 -9999 -9999 0.699009456438245 0.717127719055086 0.72391856056825 0.713606946918229 0.703924027122578 0.692295714997698 0.619239967755386 0.537192723102934 0.438630302719198 0.393282409393808 0.37408036828819 0.518183816409872 0.62475426587935 0.642169518549669 0.649700102782903 0.651290379102792 0.64437754882848 0.636974073863481 0.629646209462712 0.652260390575101 0.696672147662836 0.706386541368025 0.713257866041734 0.724343581783208 0.73642726974864 0.749386098345748 0.760947514956595 0.772598536180702 0.78589683841002 0.799451240707124
-9999 -9999 -9999 -9999 -9999 -9999 -9999 -9999 -9999 -9999 -9999 -9999 -9999 -9999 -9999 -9999 -9999 -9999 -9999 -9999 -9999 -9999 -9999 -9999 -9999 -9999 0.718859627844241 0.724725586723671 0.725117553618661 0.717244735297256 0.709290304951626 0.698921853479315 0.62187611181072 0.536845844565463 0.437149961904381 0.401778209771687 0.398010782697009 0.548287634020589 0.659303733471821 0.677499307962247 0.6770476617259 0.665389748577294 0.658983934167543 0.652143155844814 0.64316255230504 0.663629261360397 0.705533384679256 0.709484432586118 0.711104962052416 0.720184788871393 0.730589754146922 0.742156758282937 0.754882203055168 0.76828803773012 0.784043294438107 0.797445763052829
-9999 -9999 -9999 -9999 -9999 -9999 -9999 -9999 -9999 -9999 -9999 -9999 -9999 -9999 -9999 -9999 -9999 -9999 -9999 -9999 -9999 -9999 -9999 -9999 -9999 -9999 0.726675536644879 0.734676785923897 0.734067959013535 0.720459399804648 0.711529517774121 0.700177347841218 0.569176434764238 0.469975854781544 0.429184688204597 0.438490081296664 0.472409378114471 0.588618949043747 0.674318708166801 0.688865432984822 0.685740639993262 0.671995940248809 0.664105325618138 0.655960598781873 0.646085098483434 0.664671107491039 0.703976873644125 0.708805895913252 0.711505317674259 0.720934922077071 0.730217924389703 0.73937236856943 0.752832008884735 0.767006726417815 0.780985474917111 0.792988398196656
-9999 -9999 -9999 -9999 -9999 -9999 -9999 -9999 -9999 -9999 -9999 -9999 -9999 -9999 -9999 -9999 -9999 -9999 -9999 -9999 -9999 -9999 -9999 -9999 -9999 -9999 0.727517622374729 0.745991734467705 0.747510287180224 0.723428865157379 0.711956604768745 0.698320568265343 0.484409797032609 0.364555899522849 0.417461413200642 0.491553090767139 0.576054149770599 0.634877071529087 0.678013496348318 0.686344678431646 0.683623338532004 0.674259855376291 0.663730188417595 0.653199797180462 0.642868567760743 0.65972847038819 0.696383305409062 0.705938929353588 0.713385280428333 0.724529764870165 0.733013444996193 0.739163815723623 0.753108564726541 0.767480820969864 0.777229780928589 0.787110171248955
-9999 -9999 -9999 -9999 -9999 -9999 -9999 -9999 -9999 -9999 -9999 -9999 -9999 -9999 -9999 -9999 -9999 -9999 -9999 -9999 -9999 -9999 -9999 -9999 -9999 -9999 -9999 -9999 -9999 -9999 0.625083245356639 0.614882367171121 0.485666282241368 0.412053975934243 0.440572175080036 0.495356935956419 0.563047226192792 0.612662620931293 0.650121768210407 0.660560894500314 0.666049117972799 0.668562038088197 0.663041199297436 0.656977805944551 0.650761817456595 0.656660193204258 0.671377731781092 0.69488053613575 0.71610162982029 0.7252808954371 0.733597503206438 0.74115763006836 0.753413358820206 0.765867023716514 0.775242020252501 0.784354236054948
-9999 -9999 -9999 -9999 -9999 -9999 -9999 -9999 -9999 -9999 -9999 -9999 -9999 -9999 -9999 -9999 -9999 -9999 -9999 -9999 -9999 -9999 -9999 -9999 -9999 -9999 -9999 -9999 -9999 -9999 0.61034335504722 0.547406269362929 0.491757954405603 0.456696444636108 0.459447847434359 0.499918357203058 0.558921366483212 0.599030555167045 0.630320707801257 0.64215971633828 0.653436200116196 0.664374628015024 0.662959780790166 0.660586704681228 0.657627424012573 0.655283270777721 0.65338692552469 0.686298583750639 0.716976726398934 0.724832159660755 0.733091352949077 0.741704611006092 0.752205572158055 0.762800798363858 0.772230675844548 0.780878679705341
-9999 -9999 -9999 -9999 -9999 -9999 -9999 -9999 -9999 -9999 -9999 -9999 -9999 -9999 -9999 -9999 -9999 -9999 -9999 -9999 -9999 -9999 -9999 -9999 -9999 -9999 -9999 -9999 -9999 0.655621855503537 0.604615534975719 0.534648619716042 0.498979654159197 0.472256864942091 0.461966007764161 0.513407260930071 0.595179303891313 0.618251424868189 0.636892719448734 0.647048169427692 0.656449909512426 0.665398698759451 0.664571789616564 0.66282442601323 0.660153250340011 0.65823721804705 0.656870924254627 0.68558308621673 0.712735867962331 0.721522227162221 0.729933560185486 0.738016025693978 0.746886946513156 0.756082210554046 0.766193549947023 0.77501374679026
-9999 -9999 -9999 -9999 -9999 -9999 -9999 -9999 -9999 -9999 -9999 -9999 -9999 -9999 -9999 -9999 -9999 -9999 -9999 -9999 -9999 -9999 -9999 -9999 -9999 -9999 -9999 -9999 0.6407263503984 0.64375134328686 0.605120612854786 0.550527234540829 0.510563729219962 0.484055822443732 0.482262550438316 0.528785264080471 0.599047033398323 0.619828764270523 0.637494887049689 0.649408581941341 0.653993566464461 0.654174276178172 0.660829690702358 0.665497187612702 0.663409521966086 0.66170863422375 0.660289317783899 0.684350372545728 0.707645872743248 0.717413512233569 0.725401526235906 0.731828953143422 0.739393827896431 0.747445462349977 0.75691146026863 0.765413242599319
-9999 -9999 -9999 -9999 -9999 -9999 -9999 -9999 -9999 -9999 -9999 -9999 -9999 -9999 -9999 -9999 -9999 -9999 -9999 -9999 -9999 -9999 -9999 -9999 -9999 -9999 -9999 0.639521091256166 0.636283587164277 0.628158009426554 0.610007498735373 0.586537514249391 0.525214610632795 0.493210422867143 0.515057526205452 0.545491328597302 0.580144027161307 0.609002473314795 0.633900176951325 0.64999174918146 0.64769170568802 0.634339004119366 0.653323584688272 0.66847578815581 0.667179306099442 0.665543837745733 0.66366159000724 0.682754049230224 0.701958923366186 0.712743242908948 0.719903382930368 0.723885411698313 0.730372012551676 0.737460222540493 0.745348119016345 0.753186583410072
-9999 -9999 -9999 -9999 -9999 -9999 -9999 -9999 -9999 -9999 -9999 -9999 -9999 -9999 -9999 -9999 -9999 -9999 -9999 -9999 -9999 -9999 -9999 -9999 -9999 -9999 0.635038686125351 0.624754643376523 0.621449508403228 0.628681322328243 0.596478346787781 0.54865624352082 0.500474908064972 0.467062265281333 0.460776089166951 0.49485423730713 0.54876455751103 0.599558394403172 0.636435539502206 0.641920081259542 0.641595427127207 0.637779668307524 0.653398159021121 0.665411796463797 0.663848354835317 0.662274553108239 0.660693209310058 0.680356701995207 0.699277429289208 0.70653702947587 0.713258558964423 0.719508244127729 0.726485930064543 0.73378895245195 0.742065121319263 0.749461117919044
-9999 -9999 -9999 -9999 -9999 -9999 -9999 -9999 -9999 -9999 -9999 -9999 -9999 -9999 -9999 -9999 -9999 -9999 -9999 -9999 -9999 -9999 -9999 -9999 -9999 -9999 0.635660599587807 0.615629235199355 0.612577774786163 0.635163045254085 0.587575083037591 0.513620530871794 0.478983490990888 0.446934048146077 0.419637386492604 0.455063700380467 0.521307645091019 0.591219554422476 0.638940626479717 0.636378817877826 0.638585779424709 0.643658589556398 0.655718317700205 0.664477626350467 0.662670961677972 0.661042313139404 0.659543258960127 0.679626838835868 0.69819413031806 0.702129797027674 0.708088823752658 0.715822172968239 0.722965850573955 0.730249165829213 0.738728851365283 0.745903904263369
-9999 -9999 -9999 -9999 -9999 -9999 -9999 -9999 -9999 -9999 -9999 -9999 -9999 -9999 -9999 -9999 -9999 -9999 -9999 -9999 -9999 -9999 -9999 -9999 -9999 -9999 0.642296284223528 0.626484802360669 0.628236269539769 0.656504765244091 0.601475423784349 0.515403196956144 0.483143365046893 0.460611397188931 0.455947130000705 0.477543913913099 0.512043519651943 0.586222649820391 0.639107262034484 0.642794448741656 0.646240558646746 0.649541790608357 0.663089987484446 0.673154992279207 0.671573160237498 0.669485646642168 0.667030000813536 0.684990458462863 0.701576581198404 0.704541287513012 0.708469088772768 0.713241446121791 0.7188483184484 0.724866744638415 0.732190799124649 0.739835204219551
-9999 -9999 -9999 -9999 -9999 -9999 -9999 -9999 -9999 -9999 -9999 -9999 -9999 -9999 -9999 -9999 -9999 -9999 -9999 -9999 -9999 -9999 -9999 -9999 -9999 -9999 0.655918668890457 0.645286244172107 0.646359806215945 0.665107392374252 0.607294688598837 0.520441244178803 0.468804648056912 0.442259884176809 0.461802662781647 0.489385892800099 0.520919631562341 0.595263895156214 0.644759395054518 0.636937287520383 0.638792403985449 0.646463162185751 0.659810449187933 0.669281573458587 0.666779936424749 0.665653326590594 0.665527725850493 0.683331818855355 0.6994253110907 0.701714808098837 0.704649087312367 0.708148788180906 0.712489427543743 0.717549608696859 0.725425998260742 0.733202491131366
-9999 -9999 -9999 -9999 -9999 -9999 -9999 -9999 -9999 -9999 -9999 -9999 -9999 -9999 -9999 -9999 -9999 -9999 -9999 -9999 -9999 -9999 -9999 -9999 -9999 -9999 0.675462177266984 0.670821695827133 0.666572429028305 0.662913828966066 0.606265362506618 0.528238178194326 0.438788652015695 0.39676438993492 0.441848707766034 0.492212127042683 0.545169323129503 0.616202262461629 0.655060405077349 0.620679118688441 0.618544738896964 0.635789517411191 0.647504171454906 0.654771552404932 0.650380047124831 0.651417573875999 0.656407393670147 0.675721919645659 0.692584295266382 0.694449227589206 0.697269422873266 0.700927306232448 0.704231018619222 0.708592830960055 0.718469031332257 0.726091785429414
-9999 -9999 -9999 -9999 -9999 -9999 -9999 -9999 -9999 -9999 -9999 -9999 -9999 -9999 -9999 -9999 -9999 -9999 -9999 -9999 -9999 -9999 -9999 -9999 -9999 -9999 0.67547389642067 0.674991085662202 0.672195895030892 0.665909409008199 0.632508902817597 0.586625544957585 0.491680437943148 0.432308216891545 0.438274663711063 0.498861124818709 0.586283995094353 0.60044014914876 0.602400134768711 0.578693026553093 0.584717582040744 0.608609730993734 0.625669356457399 0.636058091203814 0.628706179082371 0.635507743596287 0.652612928887847 0.663743884002552 0.671973083887307 0.672107973993817 0.672953724987293 0.674422843275688 0.675959306620325 0.680758758293314 0.701562713268833 0.714697138867859
-9999 -9999 -9999 -9999 -9999 -9999 -9999 -9999 -9999 -9999 -9999 -9999 -9999 -9999 -9999 -9999 -9999 -9999 -9999 -9999 -9999 -9999 -9999 -9999 -9999 -9999 0.672822326179038 0.67513578735346 0.674539107983189 0.669548617547834 0.659620407834824 0.644968940201747 0.552793783487854 0.481150783314801 0.447220319546619 0.509986981061418 0.620263765985816 0.580908604382109 0.54919884988862 0.538692737154109 0.551688101079927 0.578806954191981 0.603159811540887 0.618825582292416 0.610330854916877 0.621561196718442 0.647151235282142 0.650471014647724 0.651033275975934 0.650890192267104 0.650306688360403 0.649336971690544 0.649168427389427 0.653710717723006 0.680751380380093 0.696740114610151
-9999 -9999 -9999 -9999 -9999 -9999 -9999 -9999 -9999 -9999 -9999 -9999 -9999 -9999 -9999 -9999 -9999 -9999 -9999 -9999 -9999 -9999 -9999 -9999 -9999 -9999 0.672651365377098 0.67283861901491 0.672746372880048 0.672232130221305 0.670042462720137 0.66468055372159 0.589072785618235 0.530132190576846 0.501805105110813 0.538978050476803 0.608333075083051 0.571767181681565 0.541312217728989 0.527447508023454 0.532673971799309 0.549373501123938 0.584757820821542 0.611656345438999 0.611264095073803 0.617994271794248 0.629909519970813 0.634509160479399 0.639028700454323 0.646335665406709 0.648265239653421 0.645479278752003 0.644449218053487 0.644648148916763 0.64938138807962 0.651593091754712
-9999 -9999 -9999 -9999 -9999 -9999 -9999 -9999 -9999 -9999 -9999 -9999 -9999 -9999 -9999 -9999 -9999 -9999 -9999 -9999 -9999 -9999 -9999 -9999 -9999 -9999 0.66576319926202 0.66710494926826 0.666606591710792 0.663329988618378 0.662680212699529 0.661252836775854 0.608953191809867 0.561410880518005 0.522606624530695 0.538374181483181 0.580954464872651 0.564582579832686 0.545177198187169 0.520452779659386 0.522172901544882 0.539785181440703 0.578297589446381 0.607850544573696 0.608387127977793 0.613117306696972 0.620900390150072 0.627045929119094 0.633575978284376 0.642201430731079 0.644342341573891 0.640796835801965 0.639271623507262 0.637472423954139 0.632580642665084 0.62854841291284
-9999 -9999 -9999 -9999 -9999 -9999 -9999 -9999 -9999 -9999 -9999 -9999 -9999 -9999 -9999 -9999 -9999 -9999 -9999 -9999 -9999 -9999 -9999 -9999 -9999 -9999 0.665451056470699 0.662910744929056 0.656038294866909 0.642625061679503 0.637200355494558 0.634252126558675 0.612127669871889 0.574655079923135 0.508991733039643 0.50762072432312 0.537838420148387 0.55939147234348 0.561014032609764 0.517788212279019 0.520344436724843 0.550413920174388 0.58400292237259 0.607471215102398 0.60162854511637 0.60690574947607 0.620278135769176 0.628240596420463 0.634797900188681 0.638495365092505 0.638502733178751 0.635274185893452 0.633627052982892 0.632218904877985 0.630622191815772 0.628020306341284
-9999 -9999 -9999 -9999 -9999 -9999 -9999 -9999 -9999 -9999 -9999 -9999 -9999 -9999 -9999 -9999 -9999 -9999 -9999 -9999 -9999 -9999 -9999 -9999 -9999 -9999 -9999 0.660164075155283 0.654158488816485 0.639085501332461 0.63459880152837 0.634117714247151 0.628488135709167 0.610064432871259 0.568141061234818 0.537984675622494 0.513609754107772 0.508366712391968 0.502674657712796 0.495466831734802 0.503758306975897 0.521364269826678 0.581576865307306 0.626013198981701 0.618354482442762 0.619959796922032 0.628309253843696 0.627330600395395 0.626340883201281 0.629238394822522 0.629853428960633 0.628466915622353 0.629895255936211 0.63055730510702 0.625017489735135 0.620824937994064
-9999 -9999 -9999 -9999 -9999 -9999 -9999 -9999 -9999 -9999 -9999 -9999 -9999 -9999 -9999 -9999 -9999 -9999 -9999 -9999 -9999 -9999 -9999 -9999 -9999 -9999 -9999 -9999 -9999 0.635228221764395 0.636898302267648 0.639326299875792 0.644469394210794 0.644296399046871 0.63435905115356 0.580219719272764 0.504362660954406 0.460865607964827 0.440998795131768 0.473728130930167 0.488493382500104 0.492462906082039 0.576658061804899 0.641247777671414 0.636391511380697 0.635499580950555 0.637493656156694 0.625531190899807 0.615506224706015 0.618441941026252 0.620372509246044 0.621421644172972 0.626401330219745 0.629402231203276 0.619269530948601 0.612951368753358
-9999 -9999 -9999 -9999 -9999 -9999 -9999 -9999 -9999 -9999 -9999 -9999 -9999 -9999 -9999 -9999 -9999 -9999 -9999 -9999 -9999 -9999 -9999 -9999 -9999 -9999 -9999 -9999 -9999 -9999 0.636898302267648 0.639108902354485 0.637948468952556 0.637134149177753 0.636955555257526 0.608237198671104 0.565496422675795 0.506158530907597 0.469753854500782 0.485649111499338 0.504340241742805 0.524711584941026 0.567593932293349 0.605928627703394 0.627481469710249 0.638253981971256 0.64117849812354 0.621044697005495 0.603633805768657 0.605887709997644 0.6096556675414 0.61475132694145 0.621579035074541 0.626148166103864 0.618104024193987 0.610705659257978
-9999 -9999 -9999 -9999 -9999 -9999 -9999 -9999 -9999 -9999 -9999 -9999 -9999 -9999 -9999 -9999 -9999 -9999 -9999 -9999 -9999 -9999 -9999 -9999 -9999 -9999 -9999 -9999 -9999 -9999 -9999 -9999 0.631359869282599 0.632477664783827 0.635648576500563 0.619237099844643 0.593204223529562 0.53015086472561 0.487127030711716 0.490370172635237 0.511778460302557 0.544103306243511 0.555313861004397 0.573242119950659 0.613865801153 0.635075522898644 0.642152033336006 0.62090693692578 0.601245625757151 0.599300233818129 0.601720447619313 0.607968943283875 0.61573562035977 0.621329942655169 0.614920037702119 0.606935311551779
