layers50/veg_old/veg_2000.asc
NCOLS 255 
NROWS 330 
XLLCORNER -2985163.8955 
YLLCORNER -3022031.214 
CELLSIZE 25000 
NODATA_value -9999 
[rows 200 to 224 of 330, columns 112 to 167 of 255]
0.142764727940297 0.148400074041366 0.145280967847631 0.136746497522036 0.112470660438663 0.0889061566744305 0.0706032675193788 0.0822958179882085 0.116441150253869 0.0758589235213153 0.0434174292712355 0.0771811782576221 0.0958142082143049 0.100811649934515 0.0988750002660051 0.0957709892090886 0.0932572816523227 0.0912868674159026 0.0899048575202261 0.0928296240390959 0.0966883065336944 0.0993625071937548 0.0973165149049039 0.0891184800526182 0.0854363320131719 0.0843824981471405 0.0984327247226696 0.111702537819805 0.123742595939717 0.136801940614998 0.150057979938795 0.154185138876957 0.161939236320207 0.176661730433731 0.19289233383194 0.209898658867463 0.226693147090118 0.248017290413211 0.280105317623616 0.322009775285835 0.370074449438884 0.397656186681052 0.41598440867362 0.411062923961924 0.408939330255925 -9999 -9999 -9999 -9999 -9999 -9999 -9999 -9999 -9999 -9999 -9999
0.141790379874003 0.142112811467572 0.137848843605282 0.130747802414902 0.112737830302428 0.0932244712079933 0.071490413272617 0.0795237704647529 0.109839224032018 0.0812775342598909 0.0572364084378742 0.0781463864576873 0.0907882312199104 0.0959789521879862 0.0936578993032793 0.0904991571665618 0.0901876305115307 0.089561456841732 0.0885945102186171 0.0915197056483129 0.0957917569256348 0.102820822395106 0.102308757019081 0.0919679921724912 0.0873946249717829 0.0858112734445954 0.0986613631925808 0.11049776483565 0.120736823497227 0.140287664482714 0.163110403090181 0.161790587858336 0.164854731086864 0.176341725018546 0.191790159085542 0.209276227201402 0.228897406669888 0.250085083140932 0.274879344996849 0.304304215192468 0.33663498381999 0.355926668037059 0.375524957158729 0.398867256079877 -9999 -9999 -9999 -9999 -9999 -9999 -9999 -9999 -9999 -9999 -9999 -9999
0.161132361439309 0.148378663604398 0.139569015094349 0.133199092397968 0.116721761561862 0.0980606618792368 0.0750178284849191 0.0806831591109771 0.107837694450138 0.0820614316931668 0.0602147059508463 0.0782670709314949 0.0887429508214999 0.0923910103830079 0.0888595061629279 0.0859706612915208 0.0932667683413526 0.0958265854509221 0.0932568464707956 0.0973832327491978 0.103542834029639 0.112284416525883 0.114036541697919 0.106678988638738 0.0988831799141138 0.0923353655713436 0.104228154782225 0.118145661381181 0.135253664241915 0.156009787664903 0.177643101212549 0.173561455351719 0.177225041817759 0.195769457137485 0.211907890699131 0.226808766659562 0.239880699812379 0.254140372620521 0.27131556267073 0.298275842078002 0.331376670141682 0.340940664537329 0.346853413723209 0.346942488605682 -9999 -9999 -9999 -9999 -9999 -9999 -9999 -9999 -9999 -9999 -9999 -9999
0.182753200502661 0.159206649863972 0.145071878908973 0.136759084292378 0.120810289622271 0.102663810598481 0.0795968389806559 0.0838420134502463 0.108531417582524 0.0831994617695788 0.0615463183296193 0.0774668643315598 0.0862644147670553 0.0886428231668292 0.0846780524235686 0.0825804240468464 0.0962004957731749 0.101384604984622 0.0974322923476498 0.102791909580903 0.110769891395307 0.120746815324097 0.124197698101051 0.119142894061517 0.109399947868046 0.0996785475208941 0.110699135144471 0.126863604651855 0.151133667570933 0.171839888053051 0.190472665705189 0.185354433052577 0.190051323223745 0.213605899872808 0.229348750204741 0.241073506363725 0.246771423613179 0.254574800746477 0.267692555817899 0.284125523938215 0.302638925490485 0.319172412368593 0.331457117127411 -9999 -9999 -9999 -9999 -9999 -9999 -9999 -9999 -9999 -9999 -9999 -9999 -9999
0.197738029072575 0.181652221586718 0.16131989229311 0.138360732547012 0.122128452779 0.105646989032834 0.0870780771562672 0.093483206044037 0.118582399592901 0.0902068219386852 0.0642725378305134 0.0728254425825832 0.0789870670391061 0.0829937037912074 0.0832002196747888 0.0842042365697349 0.0929641483443491 0.0963423243285119 0.0938919053691152 0.099581011776293 0.107727124748843 0.118901545513935 0.120586697319648 0.109904052476825 0.106633832067646 0.106591078119868 0.116948484456702 0.133073949202181 0.158288568265639 0.17737137492405 0.193503945677341 0.193568648945961 0.196776573160101 0.206023532869321 0.214657175403384 0.222975347826537 0.225492565689281 0.235205006988551 0.262302355743253 0.284125523938215 0.302638925490485 0.319172412368593 -9999 -9999 -9999 -9999 -9999 -9999 -9999 -9999 -9999 -9999 -9999 -9999 -9999 -9999
0.205618998865697 0.196574233304906 0.176640590762216 0.149971263123724 0.130617110774906 0.1124960255068 0.096525156559736 0.0991526231232715 0.115701684910611 0.0938203054714463 0.0730885169169611 0.074837703935588 0.0773425335727677 0.0805283375628705 0.0828008059355731 0.0854760562619674 0.0911070751305763 0.0929190941270347 0.0905950120195027 0.0977209024909672 0.106909122622006 0.113598216707793 0.113642634626331 0.105026743306751 0.10853615210057 0.115999200823034 0.122915198606935 0.136010793252543 0.158844033656863 0.177462242667124 0.194049686926298 0.199481087533493 0.204520784995319 0.208807907554071 0.212319274565434 0.215431618528875 0.215248155888174 0.215067801303395 -9999 -9999 0.303889488079788 -9999 -9999 -9999 -9999 -9999 -9999 -9999 -9999 -9999 -9999 -9999 -9999 -9999 -9999 -9999
0.205961445444459 0.20351234028469 0.190977234616271 0.17220309039362 0.146715005314221 0.123447460619414 0.108058361292774 0.100607243306976 0.0990980206622046 0.0938322509368476 0.0883668702492969 0.0839107678891668 0.0816754698742768 0.0814415290682554 0.0835457965255884 0.0863743457069691 0.0907136699056878 0.0912139793640769 0.0875565109650995 0.0972942325419611 0.108452011878944 0.104625240342919 0.103161569666029 0.104777836022314 0.115392555964559 0.128055613645997 0.128581983972424 0.135473840837269 0.152396263510874 0.171779595636741 0.191957806573569 0.202950909762835 0.213346306041552 0.222593334670965 0.223090933036295 0.21908811326951 0.216713359966651 -9999 -9999 -9999 -9999 -9999 -9999 -9999 -9999 -9999 -9999 -9999 -9999 -9999 -9999 -9999 -9999 -9999 -9999 -9999
0.203539271961395 0.201754815570473 0.194121599268187 0.18287043365585 0.158223533224038 0.133161612238901 0.109578548113775 0.0973142912299421 0.0935226125905305 0.0945802896370923 0.0898072676839855 0.060543097654725 0.0567318609513325 0.0758584448208148 0.0815252970183547 0.0851662224385018 0.0911942499689545 0.0944566970165629 0.0947239304293969 0.103115438821397 0.111097529571623 0.10031951579302 0.0963920921390579 0.101393354767118 0.112911335783967 0.125803143189676 0.128454133286477 0.134829301499382 0.147072931369014 0.165692664662689 0.186616148200493 0.193554076522852 0.201221690625051 0.210291241912414 0.208346929064668 0.200737448044569 0.20004946006611 -9999 -9999 -9999 -9999 -9999 -9999 -9999 -9999 -9999 -9999 -9999 -9999 -9999 -9999 -9999 -9999 -9999 -9999 -9999
0.200736459405556 0.198186349108691 0.194346704561428 0.189709374757423 0.168281936313665 0.143159266125062 0.110559059209644 0.0938713982393092 0.0890949119814312 0.094878612918278 0.0896178126590453 0.0373184384529322 0.0317367717450034 0.0682564368737601 0.0781246070562976 0.0835062633065163 0.0911582906590838 0.0974409086379136 0.102240411714374 0.108407072282238 0.112410135623746 0.0973124348677742 0.0913375699169837 0.0972529125869744 0.108106825403467 0.120165583928669 0.126631792159635 0.133837978410883 0.142210202510876 0.15920876822378 0.179329175310133 0.180731457030657 0.184042934149115 0.191022527182746 0.18799967838342 0.179831903659573 -9999 -9999 -9999 -9999 -9999 -9999 -9999 -9999 -9999 -9999 -9999 -9999 -9999 -9999 -9999 -9999 -9999 -9999 -9999 -9999
0.200085554098085 0.196936939863114 0.193291018239638 0.189337470221784 0.175980248874924 0.15741044068276 0.125415762746066 0.0977758368574912 0.0733956164021997 0.0906087677802331 0.102196027226881 0.0727639268695413 0.0583803534044037 0.057558297793423 0.0696306032479833 0.0823126802716774 0.0858247127514972 0.0897607637573541 0.0941560406213848 0.0987594877777467 0.102100207293752 0.0954288342096648 0.0921226026833375 0.0932023134944099 0.103047382017924 0.115406833561175 0.122818953506284 0.130523602413442 0.138689210744059 0.150565104236906 0.163712100819854 0.165930366948035 0.167440993059034 0.167592038263832 0.17235920425804 0.179500750420289 -9999 -9999 -9999 -9999 -9999 -9999 -9999 -9999 -9999 -9999 -9999 -9999 -9999 -9999 -9999 -9999 -9999 -9999 -9999 -9999
0.201350511298404 0.196676214903681 0.192724224728752 0.189219041625606 0.180660816110132 0.167219599906572 0.140445731224629 0.108480333596206 0.0726288696827479 0.0875305042430489 0.103164390377275 0.0976799275165457 0.0807075926518416 0.0533825513458918 0.0621558015462489 0.0759318877706348 0.0810791937023465 0.0858580535392855 0.0902378742690322 0.0927924325871651 0.0942965683710953 0.0913200789855198 0.0895610443940983 0.0893887741137463 0.0984422383600001 0.110298155257603 0.119013051470828 0.126836866119482 0.133256537939388 0.140710945042455 0.148448477971077 0.150271257795884 0.151046807048882 0.149810323834453 0.148020962663831 0.145947219321593 -9999 -9999 -9999 -9999 -9999 -9999 -9999 -9999 -9999 -9999 -9999 -9999 -9999 -9999 -9999 -9999 -9999 -9999 -9999 -9999
0.205061381879066 0.197677707934621 0.192781583244892 0.189424216727189 0.18148873544319 0.171357796471712 0.155696900879475 0.127866222176182 0.0909259758808287 0.0859734904664619 0.0893108700103385 0.109153306410115 0.0975243113809107 0.0575337111077302 0.05598217884855 0.0629287698216914 0.0770844284387244 0.0867778595230742 0.0916385530211315 0.0915241779937156 0.0896926198079932 0.0843705482337663 0.0827270125802091 0.0858778804182092 0.0944170829726062 0.104742736429839 0.11521600516821 0.12267475070627 0.125383290088013 0.129311389759812 0.133636094235616 0.133516746278366 0.134917854544666 0.139240198467597 0.142747497800788 0.1458355650995 -9999 -9999 -9999 -9999 -9999 -9999 -9999 -9999 -9999 -9999 -9999 -9999 -9999 -9999 -9999 -9999 -9999 -9999 -9999 -9999
0.20945183698673 0.201087492836853 0.194484581998452 0.188971265626319 0.182742776013655 0.175675065898114 0.166285048198765 0.142733832805509 0.108582396652364 0.0911317849110372 0.0830269742955989 0.102649770644498 0.0947892240627028 0.0621610807243347 0.0638361246307285 0.071163437806701 0.0749359500534008 0.0796039954065302 0.0852419322480504 0.0855901088596694 0.0845328536028068 0.0829639383092775 0.084547647284269 0.0902403151294553 0.102049098640387 0.115423213611723 0.122840804431983 0.126548058796128 0.124408662826308 0.122766629951033 0.121446917945643 0.124765778388344 0.128950905752351 0.134800382131796 0.136708482364039 0.136589268800642 -9999 -9999 -9999 -9999 -9999 -9999 -9999 -9999 -9999 -9999 -9999 -9999 -9999 -9999 -9999 -9999 -9999 -9999 -9999 -9999
0.212568343407185 0.204766647859933 0.196837164067051 0.188828632509838 0.184228270364477 0.179757029868926 0.174978691624672 0.155894116321051 0.126100752513061 0.0991520662338595 0.0803827996706897 0.0914257752790321 0.0868163992864389 0.0681013472222817 0.0753193622495061 0.0836873848632335 0.0732177810745599 0.0707177861371842 0.0768491368588129 0.0785850914994751 0.079590944610813 0.0835032554824996 0.0890891830985169 0.0968564116819819 0.112781008311288 0.130222938806697 0.132165697084474 0.130854939920037 0.12441737892749 0.117545105844168 0.110857597258891 0.118856163301976 0.126244660440293 0.132461038967097 0.134572482192828 -9999 -9999 -9999 -9999 -9999 -9999 -9999 -9999 -9999 -9999 -9999 -9999 -9999 -9999 -9999 -9999 -9999 -9999 -9999 -9999 -9999
0.197363767712287 0.202273422054922 0.200689185955074 0.195087933119717 0.186878835935873 0.180244180501121 0.178761987175743 0.165873025038859 0.144445641917216 0.115885546276992 0.0926402942975697 0.092997071808358 0.0914858010500255 0.088291071828577 0.0761535082274701 0.0652836516580933 0.0695161989687275 0.0726636475093175 0.0746358987807357 0.076795083774285 0.07951267418501 0.0861206123726932 0.0929766174342546 0.10015593935663 0.115693541683798 0.131697473426211 0.117406183349924 0.108854014261607 0.10934540066694 0.109463047766817 0.109589989988176 0.116334998755746 0.123579947484606 0.131785425308928 -9999 -9999 -9999 -9999 -9999 -9999 -9999 -9999 -9999 -9999 -9999 -9999 -9999 -9999 -9999 -9999 -9999 -9999 -9999 -9999 -9999 -9999
0.186333767188899 0.19633991942737 0.198538054659586 0.195906275487935 0.184163796156998 0.176054600256211 0.180458573913978 0.173900398989015 0.159136619037463 0.131801909257706 0.107202302884479 0.0989411679782129 0.0978960288579701 0.103353842245217 0.0807919974075269 0.0600964604598992 0.0758308173997394 0.0826638022260586 0.0798563114675928 0.0784053747592471 0.0784492051529916 0.0872583165059265 0.0955972055968697 0.103323232586336 0.115796750818768 0.127317936447097 0.105510941791938 0.0937770606895101 0.0979161262628746 0.102655742283371 0.107685930975864 0.114355139347024 0.118741379955535 -9999 -9999 -9999 -9999 -9999 -9999 -9999 -9999 -9999 -9999 -9999 -9999 -9999 -9999 -9999 -9999 -9999 -9999 -9999 -9999 -9999 -9999 -9999
0.181742854283598 0.185099950158133 0.187127339395589 0.188332193380601 0.173172560225215 0.164651380623655 0.178936509573417 0.17891762152438 0.168191606774773 0.146457907256841 0.125318916837466 0.111630103770044 0.10699139969651 0.110508524800265 0.0912985086499821 0.0752951692621864 0.0975949582868945 0.105087329002709 0.0965427839644068 0.0852604680109818 0.0758661131926485 0.0861137252306502 0.0962637425872719 0.106286560348387 0.111566708264654 0.113908766895215 0.0980337065577625 0.0893800113226084 0.0921055527648896 0.0978146832576633 0.104800174818227 0.113210217881766 -9999 -9999 -9999 -9999 -9999 -9999 -9999 -9999 -9999 -9999 -9999 -9999 -9999 -9999 -9999 -9999 -9999 -9999 -9999 -9999 -9999 -9999 -9999 -9999
0.185465400987142 0.180969677845788 0.180703366048617 0.183053300444913 0.172725508583794 0.166210026083673 0.173452424909667 0.171610951777937 0.162969838517754 0.15258752095862 0.140959619747705 0.125407968332507 0.116646957109542 0.114005573998207 0.105147217570618 0.0969243275461887 0.0979292320724148 0.0976574215864425 0.0960028872072481 0.088068825994539 0.0803547768323064 0.0864069888211647 0.0951774009508628 0.107490567189 0.10743394324393 0.102972404257307 0.0941481137560004 0.090027724481679 0.0933196187037438 0.0986792056941161 0.104750331192015 0.104858354078817 -9999 -9999 -9999 -9999 -9999 -9999 -9999 -9999 -9999 -9999 -9999 -9999 -9999 -9999 -9999 -9999 -9999 -9999 -9999 -9999 -9999 -9999 -9999 -9999
0.19191145225061 0.179925018944509 0.176754688284416 0.179037857677127 0.176538107671932 0.172853996291026 0.166652688963703 0.159765299597738 0.152364350487308 0.155079584697269 0.154958610110882 0.139270399547644 0.126368180420886 0.115976657050463 0.119864350255821 0.120455399473665 0.0903518761473115 0.0791344400618539 0.088371250874064 0.0886616231779543 0.0869190362759569 0.0869295406943078 0.0931489026454754 0.107460551548812 0.103406821876937 0.0938846313035301 0.092075880190148 0.0927117886271995 0.0971999271102409 0.101705225144525 0.106108064701456 -9999 -9999 -9999 -9999 -9999 -9999 -9999 -9999 -9999 -9999 -9999 -9999 -9999 -9999 -9999 -9999 -9999 -9999 -9999 -9999 -9999 -9999 -9999 -9999 -9999
0.176882029859788 0.185509609574351 0.187733381277194 0.185995859795018 0.179723455497112 0.173736769094801 0.16950332441054 0.163179282907482 0.155290346380841 0.151700016266132 0.147908670299249 0.141326877778444 0.13074823529901 0.116567688629043 0.118464278596309 0.120611064834279 0.108686534897457 0.0943439633852765 0.0773825741815157 0.0703057459630914 0.067248163874722 0.0757496902501437 0.0834919409795561 0.0902445931603105 0.101566103544825 0.112723061531761 0.101764564375676 0.0950416434758245 0.0949930319346929 0.099651949413369 -9999 -9999 -9999 -9999 -9999 -9999 -9999 -9999 -9999 -9999 -9999 -9999 -9999 -9999 -9999 -9999 -9999 -9999 -9999 -9999 -9999 -9999 -9999 -9999 -9999 -9999
0.166231717074519 0.183585951133358 0.190207722853807 0.190190565074536 0.183444928084923 0.1771989658399 0.17377693922893 0.167882752989579 0.160138056759412 0.152348197754487 0.145781215075918 0.143892966151703 0.135893068640993 0.122385440571814 0.120501290231271 0.120712651634768 0.120651684453637 0.104269657870401 0.0702113929862394 0.0604233677147409 0.0583135139147295 0.0679120997894933 0.074840402338883 0.0782884029489374 0.0957996261819625 0.115416358376516 0.101553528546481 0.0929794922251221 0.0927393972321349 0.0926688717612781 -9999 -9999 -9999 -9999 -9999 -9999 -9999 -9999 -9999 -9999 -9999 -9999 -9999 -9999 -9999 -9999 -9999 -9999 -9999 -9999 -9999 -9999 -9999 -9999 -9999 -9999
0.163807579926613 0.167558015533507 0.176706604866103 0.189194405731301 0.188173513272826 0.185506621204629 0.1807236267249 0.175008529345533 0.16859571580397 0.160562524246176 0.152900667658737 0.147416359300602 0.13714310350246 0.122554116558305 0.120501290231271 0.120712651634768 0.120651684453637 0.104269657870401 0.0702113929862394 0.0664584925755015 0.0695469025376132 0.0663529586316975 0.0680775550397178 0.0762127091704442 0.082658594125158 0.087780954899934 0.0827458274274866 0.0826669392197769 0.0903979621333724 -9999 -9999 -9999 -9999 -9999 -9999 -9999 -9999 -9999 -9999 -9999 -9999 -9999 -9999 -9999 -9999 -9999 -9999 -9999 -9999 -9999 -9999 -9999 -9999 -9999 -9999 -9999
0.164447520767959 0.163947807931258 0.171711146694519 0.184585876981462 0.187584299133173 0.187989977738753 0.182765435243469 0.178591327079251 0.175203510868846 0.168792658767671 0.16189323225977 0.154557014899126 0.144596043728844 0.132269681852403 0.131811770549266 -9999 -9999 -9999 -9999 -9999 0.0733052582831355 0.0658313166476799 0.0658149086686015 0.0755182441340924 0.0782619979607404 0.0785349757103194 0.0764533333338841 0.0751798529615962 -9999 -9999 -9999 -9999 -9999 -9999 -9999 -9999 -9999 -9999 -9999 -9999 -9999 -9999 -9999 -9999 -9999 -9999 -9999 -9999 -9999 -9999 -9999 -9999 -9999 -9999 -9999 -9999
0.166628042808688 0.166581083151334 0.170992230976171 0.178161092766662 0.184321360076968 0.187544947557691 0.182341130182575 0.180392758191632 0.180881216791568 0.177030741374561 0.17182757483438 0.163516386125215 0.155167729437641 0.146785307142192 0.13934993797128 0.133266077453997 -9999 -9999 -9999 -9999 0.0733052582831355 0.0658313166476798 0.0658149086686015 0.0755182441340924 0.0782619979607404 0.0785349757103194 0.0764533333338841 -9999 -9999 -9999 -9999 -9999 -9999 -9999 -9999 -9999 -9999 -9999 -9999 -9999 -9999 -9999 -9999 -9999 -9999 -9999 -9999 -9999 -9999 -9999 -9999 -9999 -9999 -9999 -9999 -9999
0.161992741630741 0.166911051988086 0.169676601959987 0.171110488798292 0.179443263356504 0.185311563143279 0.182547263352144 0.180457066727011 0.178871463182847 0.179103090040745 0.178358133009002 0.173037743064044 0.165747293952057 0.15668145561036 0.147664802803642 0.139785988239405 0.137744198152276 0.136682608832565 -9999 -9999 -9999 -9999 -9999 -9999 -9999 -9999 -9999 -9999 -9999 -9999 -9999 -9999 -9999 -9999 -9999 -9999 -9999 -9999 -9999 -9999 -9999 -9999 -9999 -9999 -9999 -9999 -9999 -9999 -9999 -9999 -9999 -9999 -9999 -9999 -9999 -9999
