layers50/veg_old/veg_4800.asc
NCOLS 255 
NROWS 330 
XLLCORNER -2985163.8955 
YLLCORNER -3022031.214 
CELLSIZE 25000 
NODATA_value -9999 
[rows 125 to 149 of 330, columns 57 to 113 of 255]
0.0843460035943357 0.105696256113986 0.134056693424014 0.151356219856531 0.15463247656483 0.18756719269775 0.226276223819181 0.221308188165212 0.20840385127026 0.18334561414751 0.164030424590158 0.147663962894696 0.151172441051233 0.154403589418887 0.157117688588183 0.160214348627302 0.163501879837874 0.268524348411503 0.351544885770041 0.3804812994824 0.484694879084364 0.63480680319664 0.672700441267739 0.701216613449307 0.723614249658072 0.750619410246257 0.781025869788007 0.779911637030928 0.77196619834809 0.752574997049545 0.722634682892617 0.683316477989092 0.635280686805047 0.586446904434421 0.541505841359173 0.500280991548792 0.463026478604546 0.433738176235835 0.407786509794995 0.391880410183686 0.378338485063766 0.367835578392324 0.358526677427404 0.349619546377889 0.340907775939747 0.333823421101135 0.329267109885036 0.321742852954421 0.312929265767315 0.301479418683325 0.28898685186067 0.274520878954559 0.259076385630266 0.243136165000619 0.247557590589575 0.248796245113819 0.241718159343009
0.0773032621183449 0.0794505791566931 0.104883161515588 0.128245357632916 0.148982671855768 0.166660119627882 0.18371571910704 0.204964513428331 0.199794563088217 0.154166119930277 0.137447274876306 0.132660084699794 0.137169427741893 0.140231642139956 0.140595853166895 0.121123929461349 0.0917551590781743 0.188362448156655 0.255001898299444 0.248411448820175 0.339477925720905 0.490088239027228 0.561092067784213 0.61836064581257 0.65084142467359 0.697282085337894 0.754028004848246 0.765998297045219 0.768566207844033 0.756000028557807 0.734013939680148 0.703653792796171 0.657776391392428 0.609834367795328 0.565571746783426 0.524739444879152 0.487572035553673 0.456697540631837 0.428590019609281 0.409384456785342 0.393035913094939 0.380359912986279 0.36787890914238 0.355457125246484 0.342986770015219 0.332234541838874 0.324151269364506 0.313772524326883 0.302472895037249 0.291814161392434 0.279755489751086 0.265047356268382 0.251835662966561 0.239382079812171 0.239141452812836 0.236792466434477 0.228989535893097
0.0893843621013642 0.0799643375688156 0.0922083348048741 0.117369939305044 0.158908774655563 0.133530372125771 0.0957111358373004 0.163480903324498 0.168385954368945 0.077018010186276 0.0669466070204258 0.0890596876956947 0.0946648229046819 0.101337059159283 0.109998781442136 0.0889046500985221 0.052964424741399 0.103022682971519 0.134026093547519 0.118262740713235 0.159066723596477 0.234361206116768 0.386324696823259 0.513154212547172 0.55311097334949 0.614206910400278 0.69090789956415 0.724687633185936 0.746307990355825 0.741681049747253 0.731875494265071 0.717466282991603 0.676312037050682 0.630782381204426 0.587473680391877 0.546715223683085 0.508681402903699 0.47687181823224 0.447600603673037 0.425672633466014 0.406791078209423 0.391825524614214 0.37577896795188 0.359472899308771 0.344301831928502 0.330294358418926 0.318094423232599 0.304473739564581 0.290394686309006 0.280631309245075 0.269549408917433 0.255972128735261 0.246936040933673 0.24020056231723 0.232968542578078 0.22554316181229 0.217687703160534
0.151083364522196 0.0872799727555715 0.0903469582086188 0.101461887100682 0.122780178339695 0.0996958293626193 0.0681674997924962 0.104437903685319 0.104630919377691 0.0495738930979203 0.0551980320389108 0.0839219779411289 0.0715491446052184 0.0676124287584219 0.0794038746881321 0.0751790039601161 0.0629631091520776 0.10368905596404 0.128567402286742 0.115193455036002 0.125196822446605 0.149453915131958 0.222259921112562 0.29539807498826 0.36043035305968 0.465738567953709 0.60077869319432 0.654251320588816 0.691838169585678 0.706491358623733 0.709202488241126 0.701297433347102 0.674629513758991 0.642512121893997 0.599947546940937 0.560129264610206 0.52324507299669 0.491299903337407 0.461526839332929 0.438743712846257 0.418213207112426 0.400578323529261 0.381646624928978 0.362371708318805 0.344056934476951 0.327274691162087 0.312873096051763 0.297374337164024 0.281589277954044 0.271513441206996 0.260745340292918 0.248667090287075 0.239984505620994 0.233022195767258 0.22473383310113 0.216958643068863 0.210439526403778
0.222193987493225 0.103125461513943 0.0958438357399708 0.0894784360059248 0.0842746480982942 0.0697453891649334 0.053317359721534 0.0496258990163275 0.0425578652045099 0.0303188416074635 0.0481144757617276 0.0763062808502659 0.0518283551312047 0.0413383963163353 0.0569273780422348 0.0685405863893635 0.0781701613277994 0.114866027636037 0.138365751161582 0.130601908113082 0.119895853922458 0.107395861038376 0.0894032567163103 0.0956917520986964 0.173101306903818 0.316909752536502 0.50973421182251 0.587816238482425 0.64465188404249 0.673332300708512 0.683251065977559 0.676491204390627 0.663959597803257 0.64543541906417 0.601924722037939 0.563554547182028 0.5306764157664 0.500632004644129 0.4720576114344 0.449142195751434 0.427551641465538 0.407664124853903 0.386367041818771 0.364626726351189 0.34304684020396 0.323507381789824 0.307137544165446 0.290387094040888 0.273654651987671 0.263022974095634 0.252364552564214 0.241655517182596 0.232801134264837 0.224886335081044 0.21671977122899 0.20946673297587 0.204358238248461
0.29833015399305 0.154044058442188 0.127641773927035 0.100158625156488 0.0713051325547198 0.0588057300217915 0.0504097292893271 0.0289490485445019 0.0143372574953303 0.0102140705836033 0.0162092159682769 0.0261670419747551 0.0327280423386455 0.0463165119503875 0.0730068822116002 0.0807749856785705 0.0791021987814971 0.107192228487658 0.128259364318032 0.132156917856779 0.133107145734256 0.132260316469819 0.0962092587969825 0.0717056536566259 0.0871107329646293 0.218656897022671 0.435939026318502 0.563673376481374 0.657814370702534 0.666505671312608 0.6581483865071 0.634635346562968 0.62677111811673 0.613904102657062 0.561587338102889 0.526384946080768 0.509467248547845 0.490355765398431 0.470527319573887 0.449419770274511 0.428859219365155 0.40900180530319 0.387263831448377 0.364717229998506 0.339649839994882 0.317052355694464 0.29829164754576 0.282173928962307 0.267238824338458 0.255861147614199 0.244873062377445 0.234622301066764 0.226157374325468 0.218597167549581 0.21140226000694 0.205033331941847 0.200577713302387
0.369773440799631 0.2361104888716 0.177624476016305 0.12661746634161 0.0850925038537404 0.0662630341378168 0.0529931202224788 0.0199749120631284 0.00740634624966845 0.0261550030590933 0.0181657994594363 0.00049115195297822 0.0162899394399175 0.0363263815482721 0.0642634387825525 0.0721244440393473 0.0699689006593815 0.094129490504747 0.115704218409801 0.130425728261649 0.140052758917128 0.146573559967755 0.1018495724259 0.0622352267725833 0.0469396591918162 0.167312819226954 0.387837354115929 0.53638204431554 0.646129559704259 0.643183707639204 0.628973972282937 0.604750933599132 0.579352828824135 0.55118576706918 0.510118274980503 0.487993204907241 0.486105885227027 0.48050531142066 0.472463024816511 0.453208407108345 0.433552068609606 0.413379339760606 0.390794892755311 0.367088268361663 0.339077111696943 0.313648724613001 0.292232437553783 0.275094161652834 0.25985252876793 0.249752155856547 0.239708047985836 0.229770424887043 0.22189823951958 0.21507242361146 0.208464521530734 0.202421538005147 0.197688523761616
0.436370417204165 0.350343111354746 0.246386481266682 0.169370832527119 0.126511561347137 0.0927187784945627 0.0612470579627675 0.0230861023430106 0.0224611845164255 0.0793201303225952 0.0550913176068491 7.84243748168701e-05 0.00260108568974143 0.0108786278514626 0.0298854773135781 0.0419061416468895 0.0504411872337185 0.0755016257687718 0.100620252820904 0.125300899136001 0.140527841104079 0.149990626386791 0.10628608616252 0.0677550520711504 0.0540861249230734 0.16441117172194 0.366269228246782 0.505839304760741 0.608785084496472 0.602827105253587 0.595594700533945 0.587229364254451 0.521370272824206 0.456260772597152 0.447153589518704 0.448339366571175 0.460521961124892 0.471094563488615 0.477978045727206 0.460622898196093 0.441740868486637 0.420896114314357 0.397046351572122 0.37181440206884 0.341420993079169 0.313396251959464 0.28905102313167 0.269184847829735 0.251464036446289 0.244730420582553 0.236945572031857 0.227171206161548 0.220101693645176 0.214402484333121 0.207984360952657 0.201690907448131 0.195719811268797
0.44411661980643 0.393396272659171 0.319498344031711 0.249938129720162 0.185877366449512 0.137162132091314 0.097730341886357 0.111160561783597 0.104397283203519 0.0667090487414581 0.0321985941100893 0.000962762592336836 0.0319317560056215 0.0485387732124007 0.0383695529500194 0.0332598815045012 0.030674571764213 0.0483682207242083 0.0679705566013547 0.0912578432800878 0.116084452395295 0.141849624362421 0.118888621131602 0.0973671982177966 0.0890994343349325 0.155775970413897 0.277776786528016 0.381993104410697 0.468548136364502 0.497127862464895 0.527111928676318 0.558344417225157 0.517061136218158 0.46742775486084 0.441538551691954 0.443584315780355 0.47547530737614 0.485798050829564 0.488134007904108 0.470984989098888 0.450992746925585 0.427345694880922 0.402139432634046 0.376161122699263 0.346814074641094 0.318604973898275 0.29216357186386 0.269554422620324 0.248834369640316 0.239394897953501 0.230525652718052 0.222735593294811 0.21730839951502 0.213078254868367 0.206657036734072 0.199395006116681 0.190264205668996
0.438832694744417 0.41682428743173 0.388221124316129 0.335996858709012 0.253825232067154 0.195478082362121 0.153773263599087 0.220860775012825 0.205236087330103 0.0629433480052597 0.0199437122191646 0.0186594125318393 0.0722061842007172 0.0942477099358905 0.0575513618217078 0.0327090901490475 0.0137811752111448 0.0239159493362649 0.0368497231031307 0.055210671737483 0.0881553650414857 0.129992127131389 0.129783885534526 0.127023251120741 0.124744646000971 0.144842323055403 0.181458290383834 0.241177117995508 0.303241765568731 0.363766407271944 0.436159872256109 0.519104416701993 0.516113651524354 0.493342617541597 0.448846246512147 0.447885062552729 0.493436106465806 0.501207367882417 0.497827857687148 0.481232664936067 0.460256673068158 0.43364940085965 0.407021867479843 0.380324476664843 0.35283036047501 0.325257422556332 0.297562042177978 0.272374740296837 0.248524428018474 0.235591084086864 0.22458647755553 0.217232115646945 0.212848626574034 0.209970208583967 0.204218473503767 0.196515594008799 0.184380249300623
0.438832694744417 0.420313531597767 0.420095655637364 0.399036258545567 0.35155351571624 0.319546930292839 0.29794175273854 0.342101260966636 0.327960977543948 0.224538567660875 0.175738876613739 0.148804544503392 0.118282744815786 0.0939383749485001 0.0811111058923836 0.0528310641436332 0.0168411674183088 0.0313184769700025 0.0442126332905791 0.0517224573610403 0.0763015791063393 0.111288272602914 0.116000598034727 0.118479562636007 0.120163813878321 0.127414301758369 0.138773815069903 0.133863498668646 0.131588075346651 0.146392681602142 0.24824717749798 0.427486792456396 0.452296325539021 0.450184387923516 0.452537224599432 0.458104339394319 0.467105532376916 0.48289077433223 0.496957828181997 0.485990796536315 0.467903896677759 0.440664791291035 0.412320488049629 0.383845074924176 0.358219221397728 0.333017338340085 0.308474055236937 0.281855409839485 0.25481342487933 0.242722300435464 0.227766495590185 0.207389121053954 0.198630001930817 0.195756796215135 0.19556417783338 0.192162713003603 0.181150430405725
-9999 -9999 0.446421735832436 0.43395758618527 0.405691109377094 0.394318308464367 0.389942666267743 0.405133028950919 0.389671695826349 0.327269395953137 0.296498339976654 0.276278346774914 0.188192230191972 0.126302710337758 0.11325370412919 0.0709179007672194 0.0139700298318553 0.0468659386059458 0.0646506221055995 0.0445986879501838 0.0562281654473358 0.0871745809484375 0.0928743490629877 0.0986575453223979 0.109395471743084 0.114292789405794 0.114878538681494 0.0806865215086367 0.0484665661655657 0.0390991577813442 0.144479342762712 0.35186719497293 0.389615014816619 0.39692493146173 0.404776388320807 0.411002972214989 0.415493570422802 0.453595063177927 0.493940603551524 0.489496181543926 0.474530777882449 0.446041221304733 0.417248532711258 0.388699204159574 0.364446941751937 0.340837818449422 0.318227753846827 0.291199900842789 0.262825125538448 0.250621938657331 0.23500194054798 0.21291543392844 0.200297286030027 0.192475894405406 0.192824889924814 0.190162185572877 0.180111026203978
-9999 -9999 -9999 0.43395758618527 0.405691109377094 0.407864540003626 0.417153896233272 0.395872297738596 0.375605672596521 0.35689340942822 0.373745104949451 0.400434482777023 0.287701090958073 0.19924621276331 0.156055804920825 0.0864771921726654 0.00373270706220453 0.0725290264805408 0.101327245684473 0.0329597296024719 0.0259463594486419 0.0563421251684565 0.0581445798924731 0.064828372272645 0.0909425322104598 0.106519759295525 0.114318566618794 0.0947447162760132 0.0752978759098188 0.0685200846704363 0.145215479903021 0.296116396823852 0.328344581800299 0.33112022475297 0.29311481039282 0.292712052054948 0.332483309799879 0.410663802603167 0.488256663224726 0.491445714005715 0.479890441648577 0.449382139305593 0.421716339465626 0.395209516358258 0.371716486198696 0.348733516612196 0.32654288020672 0.300375264483569 0.272976343563623 0.259475920826182 0.247274035647022 0.23752970624444 0.221694124138662 0.202772658250924 0.197431764391675 0.191083171015557 0.181792014375891
-9999 -9999 -9999 -9999 -9999 -9999 0.423573925645821 0.393687384861076 0.398556493112903 0.456651490594027 0.464551130641882 0.450302198599499 0.37528732675723 0.304927936444627 0.243248151026172 0.165691966426266 0.0802145668008165 0.141316663472194 0.152004136326314 0.0417584080994973 0.0102607814897055 0.0267778145026178 0.034891372092662 0.0486548315348043 0.08029766365867 0.09994048557779 0.110724836267874 0.0991765489890614 0.085745167616426 0.0752371872506113 0.128969272369537 0.239809127948179 0.286938288259852 0.302264359533852 0.215030729220572 0.175044212963202 0.185535682059406 0.279857136230148 0.388509425646403 0.449787946305456 0.471885884481815 0.443619302856168 0.421915749377527 0.402107042585989 0.379425980816619 0.356869065043307 0.334504998898379 0.308388596240753 0.281125693554131 0.267511895904209 0.255380859843216 0.246056033956834 0.233593324498884 0.219540934806834 0.210868000783806 0.201576614602048 0.190607469588812
-9999 -9999 -9999 -9999 -9999 -9999 -9999 -9999 -9999 0.607691436860359 0.551745698121568 0.475062691243187 0.453719029154047 0.415622738503361 0.346293116579407 0.268400124315391 0.186234607971342 0.219562883845796 0.200517154810373 0.0571106369803124 0.00211658802936227 0.00102980176111897 0.01640676361803 0.0370542307358209 0.0698427719720009 0.0924317021608162 0.107491225335069 0.100007850522203 0.089083818185114 0.0753652011074606 0.108425305709237 0.18307049401088 0.244650054254106 0.273747075053025 0.150856499182252 0.0715732685558504 0.0388793583257984 0.134928355669663 0.261917359424062 0.381943722299825 0.441635139864036 0.423769248288223 0.41329909448167 0.404361810249382 0.384606089104942 0.3636394819446 0.340791872370996 0.314872469467408 0.288082489820999 0.274853691597006 0.262025292403519 0.249954671022526 0.242384502439144 0.237094303999234 0.226108877162699 0.214485698639327 0.201619992286753
-9999 -9999 -9999 -9999 -9999 -9999 -9999 -9999 -9999 -9999 0.551745698121568 0.475582410397733 0.470956451304109 0.469338240002048 0.473327625311777 0.414015525232415 0.323120402361018 0.254675997610519 0.176498648871523 0.0751764869998919 0.0278990264184796 0.0135739530511809 0.0116167954876431 0.0156268657191042 0.0345540793946765 0.070408413513962 0.118758437793724 0.0938168824660997 0.0695068781602532 0.0802064190704803 0.0984603596372543 0.123429967728519 0.123918279134162 0.121446828663586 0.12628129772325 0.124688444389144 0.116228752897018 0.135494854838599 0.159930386512389 0.171862782577321 0.208787821080032 0.277839549774702 0.320845818222242 0.353368395285654 0.359985833370628 0.354318081631258 0.329566393498645 0.308267268041219 0.288616786600785 0.277258007409931 0.266699444633872 0.257655336684441 0.24921578586592 0.2410825091648 0.231043629860497 0.221354739838045 0.212565928150026
-9999 -9999 -9999 -9999 -9999 -9999 -9999 -9999 -9999 -9999 -9999 -9999 0.484813302709259 0.501561017913876 0.549532904008123 0.505499184736903 0.415561090340968 0.310198713981879 0.214590989974487 0.141934883954167 0.08240363658715 0.0308749392231686 0.0192897451549323 0.0149293634816545 0.0239678326113371 0.0613671329118631 0.119702549321615 0.0932552748425745 0.0688093465559868 0.089603566207158 0.0986056032978294 0.0971246925614308 0.0621696605746376 0.0385953528885553 0.102834248869195 0.144242495209041 0.161258877173491 0.141257011394931 0.109116890048475 0.0550974053149805 0.0642263289462238 0.154529116313559 0.225665612927085 0.287803370609422 0.314717624665051 0.324706736103744 0.308404162206963 0.29727359485302 0.288265867042542 0.279498482625237 0.271081316577185 0.263326958601903 0.254198769341595 0.244374584710846 0.235363765274843 0.227137327602546 0.220707611469586
-9999 -9999 -9999 -9999 -9999 -9999 -9999 -9999 -9999 -9999 -9999 -9999 -9999 0.501561017913876 0.549532904008123 0.515826304239955 0.441367841150486 0.396320348605947 0.345802475426737 0.281695156147622 0.179969711658473 0.0553075684995813 0.0456476153584647 0.0453109267604721 0.0504165116940361 0.0717890143601753 0.105169842041082 0.101133436626194 0.0964166029505519 0.105831150321798 0.11390846051455 0.120797001155725 0.088851023757729 0.0598643392184716 0.0810785729438869 0.113480322800765 0.157834618050333 0.154808711860088 0.135024780703717 0.0782345691484451 0.0520265904735877 0.0651304182062915 0.126397083118541 0.200391987481391 0.238493153006663 0.264675867622925 0.272344341734507 0.279700543747075 0.286587794629568 0.281493321257136 0.275024989855761 0.265956554426827 0.25641070527655 0.246622994011571 0.238762441100999 0.231291059555415 0.224645043682507
-9999 -9999 -9999 -9999 -9999 -9999 -9999 -9999 -9999 -9999 -9999 -9999 -9999 -9999 -9999 -9999 0.447601972377763 0.475112873734225 0.481521247287616 0.438480331264603 0.34908002052247 0.23141324351581 0.123565236789394 0.045424221175114 0.0512090754143774 0.0621647130352922 0.0769374503949905 0.0860618380352943 0.0936784353257789 0.0981855556835621 0.107673630035076 0.121589644725659 0.0973846145930555 0.0701440339748033 0.062215929236058 0.0712788382888571 0.0984946475229679 0.116162614065911 0.12765726404403 0.111095482646643 0.103032440175778 0.105894066962852 0.142550621206216 0.188595784949305 0.215212428438937 0.22587019709595 0.211737290430226 0.237308925589998 0.278052023574562 0.281126882134545 0.279681005800789 0.269679382980045 0.260008894521861 0.250506161730509 0.243524164647543 0.237369300107252 0.233036957230683
-9999 -9999 -9999 -9999 -9999 -9999 -9999 -9999 -9999 -9999 -9999 -9999 -9999 -9999 -9999 -9999 -9999 0.619493257275953 0.614264228198455 0.597017919016679 0.541021611466919 0.46139847426903 0.221004786189501 0.0364593371017665 0.043156522173812 0.045333287954883 0.0441730562210321 0.062933018866442 0.0800878941536274 0.0823788836649187 0.0938948465589127 0.113611574169772 0.0988758835362276 0.076251080726495 0.0451232549888644 0.0262967001326017 0.02061260664753 0.0594227017899948 0.107964375065835 0.1470172516684 0.176864930232954 0.194879824558746 0.202054465241435 0.205899551500241 0.211974202285954 0.195375205902893 0.143554739883739 0.186658097688226 0.266689731821609 0.279738824267626 0.284561799827463 0.273816383896802 0.264122109661546 0.254960353328345 0.248750307352869 0.244120320050087 0.243052692575946
-9999 -9999 -9999 -9999 -9999 -9999 -9999 -9999 -9999 -9999 -9999 -9999 -9999 -9999 -9999 -9999 -9999 -9999 0.620594071454303 0.624224761089059 0.593152274146006 0.54092040460204 0.299429711364614 0.102125561015274 0.0677178004099533 0.0460963417778842 0.0339137991319876 0.0651108841807795 0.0946659355418168 0.098767532792793 0.104332327812575 0.111197868117836 0.102501798272832 0.0860963973549281 0.0449365050454685 0.0268448856823576 0.0333990032533615 0.0664178633960461 0.107832612662897 0.162812680726992 0.197955283823374 0.207597898561254 0.209623477985287 0.20783937862952 0.189119083192018 0.164359113446096 0.130217053395846 0.175473468829198 0.251728425009513 0.275822649978647 0.287982721179929 0.277556731359164 0.267461729603258 0.257534409398445 0.252097203936421 0.248672490631024 0.249753405737779
-9999 -9999 -9999 -9999 -9999 -9999 -9999 -9999 -9999 -9999 -9999 -9999 -9999 -9999 -9999 -9999 -9999 -9999 -9999 0.648276837145297 0.625683816887419 0.589315274994663 0.354331824205544 0.153131591983271 0.0865419806614351 0.0493170294001875 0.0337692260628853 0.0709849513096452 0.106139104726978 0.11009365983895 0.110420772104891 0.107523180724537 0.102626683528271 0.0907802893342331 0.045691408297083 0.0270322350790243 0.0366100966693274 0.0614391336288622 0.0940651123501675 0.156302639367064 0.196383025297193 0.207981604671403 0.207697805073702 0.201594087359705 0.170619442405158 0.144896375989302 0.127331164049403 0.175859023804145 0.250076436099789 0.276859212029248 0.291027426276154 0.28132186903739 0.27100054464803 0.260367267043776 0.256844529015656 0.254364109364007 0.254009739146638
-9999 -9999 -9999 -9999 -9999 -9999 -9999 -9999 -9999 -9999 -9999 -9999 -9999 -9999 -9999 -9999 -9999 -9999 -9999 -9999 0.622481498240552 0.580958105047119 0.36634625035007 0.177408601224462 0.0949060655205338 0.0570185684998371 0.0520661298511257 0.0835980742595624 0.111951352744038 0.112189603952481 0.108579886690391 0.101549424158299 0.0963683585888571 0.0860536754559013 0.0481631694919799 0.0265616942684072 0.0223631328855036 0.034629149398712 0.0554364157212268 0.109124415421869 0.153491429849443 0.185876821809637 0.188461059919302 0.180425376709326 0.160060875431801 0.146498155074712 0.143501389033536 0.197339778291877 0.272690502125613 0.286925791469103 0.29338619957568 0.285132205180663 0.274902539785814 0.26367198157073 0.264145168626769 0.262133213333769 0.253809386359851
-9999 -9999 -9999 -9999 -9999 -9999 -9999 -9999 -9999 -9999 -9999 -9999 -9999 -9999 -9999 -9999 -9999 -9999 -9999 -9999 0.534680978667787 0.539952699599649 0.376682062409633 0.221529088468371 0.121279578227466 0.0655360822279941 0.0426471621788716 0.072230271924962 0.101954947763342 0.108830357022424 0.107575095603796 0.099091876504203 0.0921696609474512 0.0807291624704864 0.0450787818165814 0.0217545407503659 0.0115993303436156 0.0155135747565661 0.0290061445791467 0.0873888157225432 0.130897449346514 0.155286312162744 0.145215947375686 0.126876306796035 0.14475759837829 0.163150088362785 0.182336679043501 0.222909902320783 0.271230397974338 0.284345006599685 0.290996794129511 0.28541732718772 0.278489216048093 0.270877869544492 0.267951931715272 0.261872146749648 0.248223051351265
-9999 -9999 -9999 -9999 -9999 -9999 -9999 -9999 -9999 -9999 -9999 -9999 -9999 -9999 -9999 -9999 -9999 -9999 -9999 -9999 0.515274717821827 0.489307702077395 0.386199407352555 0.275324958738388 0.156434218541413 0.0744514529784591 0.0197143501973708 0.0491697291636866 0.0842504800700918 0.102811240546308 0.106977971603957 0.0983487797150266 0.0889752067656104 0.0751131228247145 0.0392852990690978 0.0148329197496347 0.00253386511703136 0.000149679125201954 0.00852364322241676 0.0780586589971985 0.118200282249014 0.120558289077441 0.0902647140456653 0.0575390580993293 0.127140871668067 0.187140251697671 0.232223115702584 0.250473941763142 0.25803208858166 0.275597556090997 0.286292247757203 0.28398360751731 0.281922147543681 0.27998591133141 0.270055132877908 0.25769568913059 0.240010591982799
