layers50/veg_old/veg_2900.asc
NCOLS 255 
NROWS 330 
XLLCORNER -2985163.8955 
YLLCORNER -3022031.214 
CELLSIZE 25000 
NODATA_value -9999 
[rows 200 to 224 of 330, columns 114 to 170 of 255]
0.210881723138583 0.191244817025767 0.16959017570769 0.151242351393736 0.143019376275433 0.129303531703573 0.111476055469513 0.100179352537174 0.0912426199407257 0.0882177795981312 0.0994147520116811 0.123428219288317 0.111834397712312 0.0956867043878643 0.0900202342602457 0.085127014201288 0.0810712491226175 0.0774356675004211 0.0739233106787124 0.0705397882348655 0.0648229236100745 0.0560649077934585 0.052685265784887 0.0520752397921164 0.0646772092008959 0.0764483351552191 0.0869102399060407 0.0982946167994141 0.109887512959365 0.114444196468515 0.122650266168716 0.137867861028935 0.152746230578223 0.167450113824505 0.185609262068771 0.206834716908194 0.235157808047152 0.27282648143015 0.316359894561342 0.34644981245664 0.36556532980326 0.354755657609505 0.35009134324518 -9999 -9999 -9999 -9999 -9999 -9999 -9999 -9999 -9999 -9999 -9999 -9999 -9999 -9999
0.222282402649278 0.207753576411578 0.176144732688944 0.148367789545916 0.135293141408874 0.119055919705202 0.100451385666778 0.098897288888559 0.0967607937347961 0.0843745738079284 0.0916677869138761 0.116695824454533 0.107443345549009 0.0928074100372725 0.0830947027816308 0.0781574907665464 0.0783922954568324 0.0764501435923276 0.0741108680301226 0.072940759240029 0.0681556585218364 0.0586589740932219 0.054548768031814 0.0531160523256817 0.0636398671685591 0.0728839374103688 0.0801114198608225 0.0986237709717824 0.121154344061427 0.116557472039523 0.117892542753081 0.130624589166131 0.147169683277323 0.165676083265744 0.18918999582369 0.214091655743374 0.242024819904874 0.270140027677217 0.298369475351637 0.316343374165128 0.332360789385897 0.344746833170618 -9999 -9999 -9999 -9999 -9999 -9999 -9999 -9999 -9999 -9999 -9999 -9999 -9999 -9999 -9999
0.217592804816548 0.209370440779649 0.179404787229471 0.152283346088635 0.13790090249737 0.11857399736177 0.0955459657366171 0.0949488250765002 0.0951002130399614 0.0875364002309988 0.0957727054691692 0.118247851793174 0.105918546246962 0.0895755606026998 0.0857399751245023 0.0831436528383998 0.0818894929059379 0.0811182733479939 0.08061592230871 0.0812301297486502 0.0785206946184366 0.0714794046724265 0.0637103413304638 0.0568787261595747 0.0656381855931914 0.0763472401480234 0.0901284152777339 0.108407043830761 0.12792891264612 0.122250247464295 0.125552612153219 0.146110129792534 0.164482473023754 0.181730834666321 0.198371374657076 0.217919276216394 0.244400747153607 0.270244099818808 0.295687006851388 0.309868774974317 0.319891830636183 0.319911632259133 -9999 -9999 -9999 -9999 -9999 -9999 -9999 -9999 -9999 -9999 -9999 -9999 -9999 -9999 -9999
0.209595581623237 0.207852571488215 0.18296042387091 0.15893643333137 0.142127233575524 0.119900269361463 0.0936178925669497 0.091525837502708 0.0920406605671693 0.0910892340858127 0.0992394584652786 0.115591960817567 0.10276252505236 0.0877404921032175 0.0892695978550594 0.0884238396889037 0.0850060266387752 0.0854092394292305 0.0869552136035793 0.0898416765894293 0.0889618125309264 0.0831731228088414 0.072363229691789 0.0612620109558325 0.0682124573127489 0.0805346071492406 0.101321345659643 0.118263167781302 0.133135747585784 0.129122409573514 0.13551873419126 0.161915028013863 0.180621538775895 0.195372678951124 0.204495044163674 0.21868058816356 0.245180828018332 0.247930315829228 0.235775223494776 0.280144406616263 0.3164691860977 -9999 -9999 -9999 -9999 -9999 -9999 -9999 -9999 -9999 -9999 -9999 -9999 -9999 -9999 -9999 -9999
0.199365000993879 0.203901625183983 0.190906704976925 0.173218221980011 0.145267576511781 0.121588819361381 0.101107740840247 0.0930828856245492 0.0883671140840329 0.0903868590968015 0.089029828547289 0.0846296960114231 0.0889391429256482 0.0931783187098717 0.0887302409754667 0.0845811593731136 0.0807559003089299 0.0828137174942084 0.086873595884272 0.0948439075869017 0.0935541828396703 0.0801954306193891 0.0720178957571329 0.0663275128888366 0.070968496420286 0.0821064334939316 0.103482098613681 0.120109653376081 0.134508396885891 0.1387018366517 0.145979408773606 0.15918249013995 0.170640436654463 0.181200743403514 0.190421035550559 0.207198413908575 0.241985584057565 0.247930315829228 0.235775223494776 0.280144406616263 -9999 -9999 -9999 -9999 -9999 -9999 -9999 -9999 -9999 -9999 -9999 -9999 -9999 -9999 -9999 -9999 -9999
0.194596180083251 0.199515133580777 0.194659015460679 0.182789253487982 0.15227632733912 0.127774194299029 0.107771379414943 0.0948026951635528 0.0860348841517322 0.0899531417863542 0.0855937463484711 0.0737746479949848 0.0863602841831933 0.0994674416507893 0.0919475691958968 0.0855238760508563 0.0802873807600796 0.0842338782016812 0.0902753148825521 0.0945799204015216 0.0913100341704721 0.0781679676817803 0.0741106696065007 0.0732519841516486 0.0751140746232463 0.0835010287748532 0.102169691031648 0.11958014926782 0.13631054073226 0.146742972224827 0.156285225948676 0.164117191011499 0.170956526546851 0.177285286217366 0.184570651908996 0.18971154215829 -9999 -9999 0.234954158619147 -9999 -9999 -9999 -9999 -9999 -9999 -9999 -9999 -9999 -9999 -9999 -9999 -9999 -9999 -9999 -9999 -9999 -9999
0.195623308068091 0.194666446929725 0.193960738469418 0.187361290339954 0.163390182674564 0.138731541801043 0.113558254924868 0.0966952250169987 0.0851260420251286 0.0898045205356974 0.0893456655343894 0.0842571188268337 0.0957139684754575 0.106659949270342 0.0991514431410366 0.0915447942327635 0.0838318535020173 0.0899154294819579 0.097373505831366 0.088727490473865 0.0818110598297671 0.077148875757597 0.0787907319572983 0.0821491696656679 0.0807342137736076 0.0847075487391742 0.0971716103315225 0.116529275563651 0.138568458645816 0.153151692714025 0.166426710442545 0.177188266646233 0.182199863654867 0.184253871444626 0.18744707291011 -9999 -9999 -9999 -9999 -9999 -9999 -9999 -9999 -9999 -9999 -9999 -9999 -9999 -9999 -9999 -9999 -9999 -9999 -9999 -9999 -9999 -9999
0.195757835486301 0.191360197116648 0.18775990412587 0.180985534671493 0.164722272470389 0.143713968400682 0.119153811415049 0.0994730381010796 0.0856543839394254 0.0918638293749109 0.0938530784034871 0.0920391466071013 0.0912732704498536 0.0919012975159003 0.0987358879951965 0.0994719404603676 0.0936030778542149 0.0974306692919612 0.101282739511855 0.0866499725757339 0.0771728822677462 0.0744154202467544 0.0775423970005138 0.0821587018592775 0.0808228222439283 0.0833346626253003 0.0919096387006781 0.112484123754237 0.137707369959888 0.149193598062112 0.160376319941475 0.170975918685494 0.174300264154 0.173882459474598 0.173550973810501 -9999 -9999 -9999 -9999 -9999 -9999 -9999 -9999 -9999 -9999 -9999 -9999 -9999 -9999 -9999 -9999 -9999 -9999 -9999 -9999 -9999 -9999
0.196100275972145 0.189126136678846 0.181293963461716 0.172891651119657 0.162986611478377 0.146822412475463 0.12597298327954 0.10523168941547 0.0898027109093866 0.0945553364513095 0.0971022682269646 0.0976614602320552 0.0843534588721074 0.074676140571122 0.0970270139345048 0.107025839321446 0.10364699490419 0.104116089674293 0.103347882508064 0.0857524970093757 0.074465390187301 0.0714001504245993 0.0748289159381248 0.0799841257803945 0.0796676545511988 0.0818458489261336 0.0879550715676526 0.10879551736618 0.135277307834413 0.142254727804348 0.150094605361934 0.159591513104512 0.162098491066817 0.161010079869384 -9999 -9999 -9999 -9999 -9999 -9999 -9999 -9999 -9999 -9999 -9999 -9999 -9999 -9999 -9999 -9999 -9999 -9999 -9999 -9999 -9999 -9999 -9999
0.19953585978634 0.191925219062244 0.182681688706862 0.171790853982714 0.156387713424829 0.146959327057975 0.142003282281143 0.1310287055185 0.117642737685498 0.0979077451392898 0.0898871274610592 0.0924233373753473 0.0839667459841927 0.0785665986463604 0.0994780206950928 0.108487135340127 0.104605663852528 0.101527622681535 0.0977087461707232 0.0867039463380168 0.0771198473606505 0.069387412547559 0.0720253247618767 0.0777642827560002 0.0793222507726826 0.0840990597969141 0.093948033589588 0.109458279248982 0.127013299267975 0.132122575238549 0.137901748859513 0.144967989396515 0.152714690545268 0.160811398172487 -9999 -9999 -9999 -9999 -9999 -9999 -9999 -9999 -9999 -9999 -9999 -9999 -9999 -9999 -9999 -9999 -9999 -9999 -9999 -9999 -9999 -9999 -9999
0.19950351099639 0.193925484811328 0.185926357273294 0.175181395833353 0.156854453239461 0.149331431833075 0.149895575943012 0.144405108148502 0.133543955510528 0.105079975648266 0.091526074803825 0.0914089245633132 0.087681944876598 0.0856473642150828 0.0958145444574398 0.102797717588089 0.10633250743235 0.10194076895225 0.0953564341874663 0.0873462098124976 0.0793894064842086 0.0715022292403857 0.0727337758998053 0.0771170432227701 0.0834518909903733 0.0912612886628695 0.101394243186843 0.111973338111354 0.122561174686474 0.126045828689289 0.130463040159637 0.13667196393569 0.138808180975315 0.138849532099081 -9999 -9999 -9999 -9999 -9999 -9999 -9999 -9999 -9999 -9999 -9999 -9999 -9999 -9999 -9999 -9999 -9999 -9999 -9999 -9999 -9999 -9999 -9999
0.195043776251493 0.194905929834048 0.191541719194601 0.184305870093391 0.166341641093633 0.154557124262523 0.147398368234712 0.141924556241218 0.134203321459422 0.117128836533642 0.104468720865918 0.0957867718278453 0.0966339083424875 0.0968010816548216 0.0843449257025382 0.0879792384239359 0.109040052185633 0.106185967895787 0.0972002937111918 0.0875937467266809 0.0811675799857692 0.0788865477421754 0.0779259262873609 0.0784774905174666 0.0932946603827464 0.1046906858407 0.110695762168237 0.11685315850973 0.122975546528989 0.125146474462408 0.129093782516441 0.136454029968336 0.138913335597773 0.138851758520964 -9999 -9999 -9999 -9999 -9999 -9999 -9999 -9999 -9999 -9999 -9999 -9999 -9999 -9999 -9999 -9999 -9999 -9999 -9999 -9999 -9999 -9999 -9999
0.191465390184572 0.191778147371266 0.191456269678986 0.187234220491895 0.171677834594402 0.157802668877471 0.145185963457838 0.137485245463726 0.129793070079016 0.119817757861486 0.111687581682332 0.105220215790661 0.104094593924723 0.102393152654877 0.092608834298004 0.0924590499577621 0.102743779395124 0.103204069653379 0.100677846116129 0.0943373842330134 0.0913219096483469 0.0926400425251422 0.0964090474239165 0.101291933589743 0.110232580958147 0.115875162622148 0.116320739329815 0.117067600730112 0.118047473963601 0.123354241153454 0.129079822257731 0.135610065884585 0.13777742412357 0.137700658126431 -9999 -9999 -9999 -9999 -9999 -9999 -9999 -9999 -9999 -9999 -9999 -9999 -9999 -9999 -9999 -9999 -9999 -9999 -9999 -9999 -9999 -9999 -9999
0.188645763447617 0.187547754287834 0.189547244446572 0.188085220507333 0.175826191892369 0.160945766796093 0.144103121977889 0.133798680520018 0.125247634668066 0.120294774138955 0.117236284256216 0.115884974187632 0.110997242354048 0.106404474594268 0.106716843007578 0.102956151233126 0.094784202767604 0.0987714066021698 0.104835666917798 0.10329619135086 0.104091596078662 0.107930156692087 0.118140021208062 0.129457419052657 0.127641761503004 0.124687151170638 0.119937809081143 0.115772610440819 0.112174291703625 0.121589392103678 0.129535989141925 0.134661166979837 0.136401975069285 -9999 -9999 -9999 -9999 -9999 -9999 -9999 -9999 -9999 -9999 -9999 -9999 -9999 -9999 -9999 -9999 -9999 -9999 -9999 -9999 -9999 -9999 -9999 -9999
0.191675153764555 0.185948488226191 0.187684378510662 0.187815559859202 0.181727350289537 0.170625834511964 0.155771659270877 0.147067793128727 0.138999276279361 0.130453458910944 0.124805757878243 0.121769797962249 0.116917089504143 0.112896347960836 0.114914196469759 0.111382972744571 0.101841923263432 0.104971975072238 0.110916813981354 0.113887359755797 0.116007353556143 0.117018784210089 0.127437048444698 0.138883955675399 0.122907505910617 0.113199279406885 0.113368353804581 0.114305738253339 0.11572524076152 0.123675812377209 0.130430612619087 0.134887990600294 -9999 -9999 -9999 -9999 -9999 -9999 -9999 -9999 -9999 -9999 -9999 -9999 -9999 -9999 -9999 -9999 -9999 -9999 -9999 -9999 -9999 -9999 -9999 -9999 -9999
0.195810897704483 0.187625067252523 0.188068800165355 0.1881103583304 0.185231551316278 0.177120640013858 0.165093290166231 0.155988822327702 0.146708235406836 0.135380058016849 0.129132172757594 0.127462574325267 0.12320000261779 0.119676854833625 0.122455583963997 0.119754958819126 0.111120014735873 0.112307889955797 0.116193987915824 0.12170311702759 0.125289023482713 0.126368306210648 0.135008192237951 0.143718039380355 0.120363864489144 0.106998553300044 0.109373430094068 0.113596230532118 0.118626940208394 0.125238135427914 0.129586221636774 -9999 -9999 -9999 -9999 -9999 -9999 -9999 -9999 -9999 -9999 -9999 -9999 -9999 -9999 -9999 -9999 -9999 -9999 -9999 -9999 -9999 -9999 -9999 -9999 -9999 -9999
0.201653140538872 0.194354484634412 0.1919195581787 0.189275808682775 0.185038557325348 0.178702327021117 0.170794927336484 0.158203135538639 0.145096638462605 0.132236408859128 0.128456320690786 0.132859126507548 0.130042928057102 0.126902565436067 0.12898517452836 0.128042363788251 0.123822924944515 0.121395023761762 0.120231070773216 0.125237931993086 0.130507736141247 0.136120245789821 0.139917241266115 0.141468478521572 0.121199143318098 0.108953002926248 0.109349601320943 0.114054922198073 0.120527202392881 0.125992062941464 -9999 -9999 -9999 -9999 -9999 -9999 -9999 -9999 -9999 -9999 -9999 -9999 -9999 -9999 -9999 -9999 -9999 -9999 -9999 -9999 -9999 -9999 -9999 -9999 -9999 -9999 -9999
0.202146155478741 0.199609335314519 0.196195006196594 0.192558027024101 0.188443476668921 0.183388865550649 0.177630581492286 0.167313609966851 0.155852099816303 0.142178854031332 0.135223845174373 0.134323215639746 0.13338481956908 0.132560882698651 0.132364935532456 0.131812039475077 0.130872556156028 0.129772357253388 0.128778117743963 0.128899856171732 0.132783276747376 0.141569469081358 0.141489135896698 0.137775188549458 0.124627059657704 0.116221330629936 0.115288550235408 0.11907964189015 0.124705494877045 0.125111226724427 -9999 -9999 -9999 -9999 -9999 -9999 -9999 -9999 -9999 -9999 -9999 -9999 -9999 -9999 -9999 -9999 -9999 -9999 -9999 -9999 -9999 -9999 -9999 -9999 -9999 -9999 -9999
0.200512441593439 0.204063380781977 0.200558574988599 0.196721012150297 0.193326885083542 0.189324467583033 0.184866720454105 0.179018025385286 0.171294514005924 0.157085762181381 0.144784985645603 0.134203649233713 0.135300274984434 0.137525042926393 0.134422913069803 0.133661951036758 0.135436549921166 0.137537939007642 0.138757538499376 0.132636143602896 0.133942143559668 0.14492860568551 0.141772324953911 0.134168550394389 0.129374368410461 0.125645205627148 0.123594272012158 0.125852728241062 0.129805115349614 -9999 -9999 -9999 -9999 -9999 -9999 -9999 -9999 -9999 -9999 -9999 -9999 -9999 -9999 -9999 -9999 -9999 -9999 -9999 -9999 -9999 -9999 -9999 -9999 -9999 -9999 -9999 -9999
0.200328895346572 0.201827941367278 0.202139651383464 0.201605030335222 0.198822321250397 0.194902303948926 0.190130966128593 0.183968864070495 0.175787780051646 0.160572298216816 0.14685323852338 0.134482733125872 0.137024695584577 0.14056820431601 0.135038896131479 0.132651954020854 0.133668296597983 0.134606872128784 0.135596586030038 0.137125285002144 0.137665432081373 0.136917154431577 0.14421810880053 0.152782397321156 0.142955423080459 0.135045101092494 0.130154989176061 0.129174809300456 -9999 -9999 -9999 -9999 -9999 -9999 -9999 -9999 -9999 -9999 -9999 -9999 -9999 -9999 -9999 -9999 -9999 -9999 -9999 -9999 -9999 -9999 -9999 -9999 -9999 -9999 -9999 -9999 -9999
0.200033371677022 0.200434036780466 0.202389594127035 0.203569320573673 0.202155732200801 0.199624320923946 0.196256174661197 0.190947467076502 0.183331581038985 0.1678426504591 0.158117047898009 0.153585274366573 0.148276085568812 0.142554163348384 0.135440885039887 0.131992832653433 0.132514339180317 0.13353479464489 0.135132507738178 0.140163256418664 0.140599399750199 0.135047184560194 0.146151826758309 0.160678756377245 0.147848087149886 0.138257657453697 0.133773111755124 0.132455821906486 -9999 -9999 -9999 -9999 -9999 -9999 -9999 -9999 -9999 -9999 -9999 -9999 -9999 -9999 -9999 -9999 -9999 -9999 -9999 -9999 -9999 -9999 -9999 -9999 -9999 -9999 -9999 -9999 -9999
0.199527497952462 0.200620958873664 0.200138996761158 0.200048889701114 0.201427769775126 0.202738677607878 0.203998705509536 0.201735233806773 0.19660582462265 0.182220917209289 0.168358601922121 0.154967239207292 0.148276085568812 0.142554163348384 0.135440885039887 0.131992832653433 0.132514339180318 0.135954836483969 0.139734518823865 0.140475198977069 0.14205062490859 0.144714013051283 0.147123626810641 0.148442269819312 0.136419573280388 0.129847271531371 0.131863558147743 -9999 -9999 -9999 -9999 -9999 -9999 -9999 -9999 -9999 -9999 -9999 -9999 -9999 -9999 -9999 -9999 -9999 -9999 -9999 -9999 -9999 -9999 -9999 -9999 -9999 -9999 -9999 -9999 -9999 -9999
0.199240686692581 0.200204893170263 0.199544453429369 0.199491388649759 0.201550616727978 0.204721158459289 0.208723562742828 0.205121441251065 0.199567575545562 0.190162382286141 0.17998008553042 0.169097474184767 0.161558077586695 -9999 -9999 -9999 -9999 -9999 0.141274214047229 0.140579565624215 0.142536161427907 0.147948244646054 0.147448762033216 0.144348307516047 0.13259593446523 0.125406218989871 -9999 -9999 -9999 -9999 -9999 -9999 -9999 -9999 -9999 -9999 -9999 -9999 -9999 -9999 -9999 -9999 -9999 -9999 -9999 -9999 -9999 -9999 -9999 -9999 -9999 -9999 -9999 -9999 -9999 -9999 -9999
0.199064017379398 0.199485652526095 0.199782553952934 0.20042361272735 0.202101240303168 0.206134545888883 0.2119311703325 0.204786234579235 0.19734433040517 0.194867501657404 0.192295380974229 0.189637384557656 0.172430199474539 0.155758129992731 -9999 -9999 -9999 -9999 0.141274214047229 0.140579565624215 0.142536161427907 0.147948244646054 0.147448762033216 0.144348307516047 0.13259593446523 -9999 -9999 -9999 -9999 -9999 -9999 -9999 -9999 -9999 -9999 -9999 -9999 -9999 -9999 -9999 -9999 -9999 -9999 -9999 -9999 -9999 -9999 -9999 -9999 -9999 -9999 -9999 -9999 -9999 -9999 -9999 -9999
0.184969443685163 0.197753177492707 0.199198811525963 0.200373162077388 0.203034288696538 0.205438230051364 0.207649657987696 0.204235357283232 0.200253567375868 0.196760427408221 0.194207618342075 0.192502222075925 0.18408439610821 0.175079436069145 0.169453427659083 0.166528293249638 -9999 -9999 -9999 -9999 -9999 -9999 -9999 -9999 -9999 -9999 -9999 -9999 -9999 -9999 -9999 -9999 -9999 -9999 -9999 -9999 -9999 -9999 -9999 -9999 -9999 -9999 -9999 -9999 -9999 -9999 -9999 -9999 -9999 -9999 -9999 -9999 -9999 -9999 -9999 -9999 -9999
