layers50/veg_old/veg_900.asc
NCOLS 255 
NROWS 330 
XLLCORNER -2985163.8955 
YLLCORNER -3022031.214 
CELLSIZE 25000 
NODATA_value -9999 
[rows 75 to 99 of 330, columns 171 to 227 of 255]
0.791813332046626 0.784466293461042 0.773420180746209 0.761806184432226 0.759595884385391 0.746754055097226 0.716917381013672 0.703058576444912 0.695911115799629 0.686727344920086 0.679594186563038 0.676460948402253 0.674333887285683 0.672732257092136 0.664651412585432 0.657856732668698 0.654566980499692 0.656766248924903 0.662459819564718 -9999 -9999 -9999 -9999 -9999 -9999 -9999 -9999 -9999 -9999 -9999 -9999 -9999 -9999 -9999 -9999 -9999 -9999 -9999 -9999 -9999 -9999 -9999 -9999 -9999 -9999 -9999 -9999 -9999 -9999 -9999 -9999 -9999 -9999 -9999 -9999 -9999 -9999
0.78956423770746 0.780310747487879 0.768848698725501 0.757189166448296 0.753121825933968 0.739082410593603 0.709102309759222 0.695839683549962 0.68945810506299 0.674338263104948 0.664293786175432 0.664149304909795 0.662755601692975 0.660709548229599 0.656409614102244 0.652340793092148 0.648969281690012 0.64797605136357 0.64849683117557 -9999 -9999 0.645936657156851 0.645936657156851 -9999 -9999 -9999 -9999 -9999 -9999 -9999 -9999 -9999 -9999 -9999 -9999 -9999 -9999 -9999 -9999 -9999 -9999 -9999 -9999 -9999 -9999 -9999 -9999 -9999 -9999 -9999 -9999 -9999 -9999 -9999 -9999 -9999 -9999
0.785462068829457 0.774653146842554 0.76322752525619 0.751643657646808 0.740739547914626 0.724626728260123 0.700187616620275 0.68850258760348 0.681934719060662 0.662488057239043 0.650326114476381 0.652373728403911 0.651725289599487 0.649668957936032 0.648085774847031 0.64606842724327 0.642974122484105 0.639617436482388 0.636093718978206 0.62988005632881 0.627505610458072 0.637456424029398 0.636966248687271 0.628440875922329 0.635099446372878 -9999 -9999 -9999 -9999 -9999 -9999 -9999 -9999 -9999 -9999 -9999 -9999 -9999 -9999 -9999 -9999 -9999 -9999 -9999 -9999 -9999 -9999 -9999 -9999 -9999 -9999 -9999 -9999 -9999 -9999 -9999 -9999
0.777300535573307 0.765706689170939 0.755302735312845 0.744060237042107 0.715527577498533 0.695448977944738 0.688884467865357 0.680907708346013 0.672089865378002 0.651832180179547 0.639288583224454 0.641792069529547 0.641912423737344 0.640788293880662 0.639574678129042 0.638117613663043 0.636078647778066 0.635488310694784 0.635820168517317 0.62988005632881 0.625569569365484 0.627684632326866 0.62821475315393 0.627525130998932 0.635099446372878 0.642023719490272 -9999 -9999 -9999 -9999 -9999 -9999 -9999 -9999 -9999 -9999 -9999 -9999 -9999 -9999 -9999 -9999 -9999 -9999 -9999 -9999 -9999 -9999 -9999 -9999 -9999 -9999 -9999 -9999 -9999 -9999 -9999
0.76894802322926 0.758411234593488 0.755511328546871 0.752323532980438 0.709322605627642 0.682313548744837 0.680868016210802 0.664831393511687 0.642888129057192 0.633220344681385 0.627302538233807 0.628699430339032 0.630306951683971 0.632024464721201 0.633419487717073 0.633633915066559 0.631019527143958 0.629293107380645 0.628131966805528 0.62064354235143 0.614223010902988 0.612529131833851 0.613959993758994 0.61779560019563 0.626846811680614 0.635879814705596 0.642099618129199 0.651520298021753 0.663905272398496 0.678338130113614 -9999 -9999 -9999 -9999 -9999 -9999 -9999 -9999 -9999 -9999 -9999 -9999 -9999 -9999 -9999 -9999 -9999 -9999 -9999 -9999 -9999 -9999 -9999 -9999 -9999 -9999 -9999
0.760484839013333 0.75207253190401 0.760433195631231 0.7697699588743 0.714132138700487 0.678474601828304 0.674756196756561 0.643840109390173 0.602469130894318 0.609998052495575 0.614766832062333 0.614151684754938 0.617662669125692 0.623328341072187 0.628629538723571 0.631159400352427 0.627024568794898 0.62190061765245 0.61614699447712 0.606054493168411 0.597423082733147 0.594253786461207 0.596516107639705 0.60295850399128 0.613811797203313 0.625596266978147 0.638760598553997 0.651520298021753 0.663905272398496 0.678338130113614 0.690866779657935 -9999 -9999 -9999 -9999 -9999 -9999 -9999 -9999 -9999 -9999 -9999 -9999 -9999 -9999 -9999 -9999 -9999 -9999 -9999 -9999 -9999 -9999 -9999 -9999 -9999 -9999
0.739973644055962 0.723732351215992 0.713004174920396 0.703128542734305 0.679323757865034 0.65764281913519 0.639356917439955 0.616624403370373 0.592848468935785 0.608281076635523 0.617938596881987 0.616331244469127 0.617367965863401 0.619785436449889 0.620724170064901 0.619371760605284 0.61258240010068 0.606742619313602 0.60150733953958 0.593810209381699 0.587988279756203 0.588453570065691 0.590581725561737 0.593989592220421 0.60817150140687 0.623304717652154 0.636553794334227 0.648491784399415 0.659215592391529 0.665151850286613 0.669814410938543 0.672611498835242 0.672580871099215 0.669403096741165 0.68201926278025 0.699416742105795 0.721830183815629 0.740819905346031 0.755221843895401 0.758888897212543 -9999 -9999 -9999 -9999 -9999 -9999 -9999 -9999 -9999 -9999 -9999 -9999 -9999 -9999 -9999 -9999 -9999
0.718821361755675 0.697184023812575 0.672182893031629 0.64783317367437 0.648347960240619 0.638432820875213 0.611845106152841 0.597961795519242 0.58998385902972 0.607060250991591 0.617535342023898 0.615133950239438 0.614281789283373 0.614238644781043 0.611814380347217 0.607505800518251 0.598797854178382 0.592749205295537 0.58839346115478 0.582106022983773 0.578183162141623 0.581915426564343 0.584470694021795 0.586120165767712 0.602715887570302 0.619982723580417 0.632060158200354 0.642980293573984 0.652828667570485 0.652352894402337 0.65079106513319 0.654242801348574 0.658009845409578 0.662127815854324 0.677719486216202 0.696847033006895 0.720127142073036 0.739994021557942 0.755287175457089 0.771199589258604 -9999 -9999 -9999 -9999 -9999 -9999 -9999 -9999 -9999 -9999 -9999 -9999 -9999 -9999 -9999 -9999 -9999
0.697608849590865 0.678569576220084 0.656604453456513 0.63507250574945 0.633304048022015 0.625996345574397 0.60983398053156 0.603390393194473 0.60116734597443 0.604187046924076 0.605234495281409 0.602434872146895 0.601893825484341 0.60253221928627 0.600611956388904 0.596726158804861 0.588256010017637 0.583000938444342 0.579792580166419 0.571541246147078 0.566345311931962 0.571633693228446 0.576274714736535 0.580417539785795 0.596730318670891 0.612748202680825 0.621199486594789 0.6311495289939 0.64248755420139 0.642444773783313 0.635791538900091 0.605208425725647 0.603876138011371 0.635098975527173 0.661745123713958 0.687300149800365 0.713800067689659 0.736925730259744 0.755529892731744 0.771804194797755 0.78630120297224 -9999 -9999 -9999 -9999 -9999 -9999 -9999 -9999 -9999 -9999 -9999 -9999 -9999 -9999 -9999 -9999
0.67642233764635 0.656902984298472 0.63735945971882 0.618627537492767 0.611346061175145 0.605482267657522 0.601884686140843 0.597742940671571 0.593406496654335 0.5907272045778 0.587998575247237 0.585173708779405 0.585445103979502 0.58733338324136 0.585026330868218 0.581555668520529 0.575537104399139 0.57118697025609 0.567898956115719 0.561707033880289 0.558172260086148 0.563410414319891 0.568849786664859 0.574444012851942 0.588420475247368 0.602042390596206 0.609851327788692 0.620412397548164 0.633522185281355 0.634819313423263 0.625936160974254 0.574154569166303 0.553910923240675 0.568767885983223 0.626452745061037 0.689901900772258 0.708284568288562 0.724276363646957 0.737064391751892 0.756772348268159 0.778289181489592 0.791608043142099 -9999 -9999 -9999 -9999 -9999 -9999 -9999 -9999 -9999 -9999 -9999 -9999 -9999 -9999 -9999
0.655254104193516 0.633090695375369 0.615536830907523 0.599592458375654 0.584527390298228 0.579289530462598 0.589760782180927 0.584308881377898 0.572327533531168 0.569824818380019 0.567293234759036 0.564705340365416 0.566141617203571 0.569679337338283 0.56635925786827 0.563298354810852 0.561287696373728 0.557920787268356 0.55369049103731 0.552386417970032 0.552575608964685 0.556634255539409 0.561966917584693 0.568280039039571 0.578476636724254 0.588896215840678 0.598160459165608 0.610444104363028 0.625523982530693 0.628798592795331 0.619697185946798 0.555741250432078 0.506876212786648 0.474806806110268 0.57757955080455 0.701044298947542 0.703339616613321 0.704891376972751 0.705446770988931 0.73074787337635 0.76377501102825 0.78606116556395 0.799846660529653 -9999 -9999 -9999 -9999 -9999 -9999 -9999 -9999 -9999 -9999 -9999 -9999 -9999 -9999
0.643019863933147 0.624768193335405 0.600063673029515 0.574581855663537 0.568484537544836 0.567938749453359 0.57626726241942 0.567394613661802 0.55144071926593 0.544425955139251 0.542239513866089 0.54947118834322 0.553260352125602 0.555251818790704 0.551895408554072 0.548805489386824 0.546689923822859 0.543527643296412 0.539699025606772 0.541715989911249 0.545231188556748 0.551951609315997 0.558503597748883 0.564925963690458 0.570066594265209 0.576282217115962 0.58744039568662 0.598676915448341 0.609985986076303 0.581729235983526 0.546833400231656 0.517672930869583 0.49038436117876 0.465179149043049 0.566732988290145 0.686324647246002 0.680491849762804 0.675436324892914 0.67142234485732 0.708034895166764 0.755397440649093 0.756553050741876 0.768687427821416 0.79862603947585 0.807623802473447 -9999 -9999 -9999 -9999 -9999 -9999 -9999 -9999 -9999 -9999 -9999 -9999
0.631689609933713 0.618442985524828 0.59057483552005 0.559761268186867 0.556330011015294 0.556481991782391 0.562361894775004 0.550346901986869 0.531026087912293 0.523865116978854 0.523438482818765 0.536147830894546 0.541196184193943 0.542243925891461 0.539166405773031 0.535780629577634 0.531906591682319 0.528256690604386 0.524749474685657 0.53059831712421 0.537738834819888 0.546638184392988 0.55423608820969 0.56083242276179 0.562581319556226 0.565918927337365 0.578112995602989 0.587907745194303 0.595480513656054 0.543638658665231 0.489743425865507 0.487537987222441 0.483749519487193 0.478199196846037 0.565942434050242 0.665094223502827 0.656722884551061 0.646753643609385 0.634643214962387 0.680009717963004 0.740217243516376 0.729621685981096 0.741839992060044 0.791055474583063 0.817284816404118 -9999 -9999 -9999 -9999 -9999 -9999 -9999 -9999 -9999 -9999 -9999 -9999
0.620250047355382 0.613424217972759 0.59959421259256 0.582571625022641 0.55377863797206 0.53924975878914 0.547522519318892 0.534102697720993 0.512184325502602 0.521775238625238 0.527976506371607 0.527565939434457 0.529635403195397 0.532999951977722 0.530942271325442 0.526492058936809 0.516604546970689 0.510342115746493 0.506387405443943 0.518416266004214 0.530368468347602 0.538367448375002 0.545924858864137 0.553142445372493 0.557754846368187 0.563192666164237 0.573277437860532 0.58126629897695 0.587314161672607 0.551741495482552 0.511805927863554 0.492165733393541 0.500283777814741 0.539295751861976 0.58628710432015 0.63063210500895 0.636270578522298 0.624426679630264 0.589156412230864 0.632295461587312 0.699133168238804 0.7203844082895 0.748124381717831 0.786387115241968 0.812634975216181 0.833351625802571 -9999 -9999 -9999 -9999 -9999 -9999 -9999 -9999 -9999 -9999 -9999
0.612860338251283 0.602329246368805 0.597629297410866 0.592290368968834 0.550696908785177 0.526341926467932 0.529543210911395 0.521189990048408 0.508423393228275 0.517753962260787 0.521654796407054 0.514964401838204 0.516575996397051 0.522522933165678 0.52041125328052 0.515302870913955 0.503462643583704 0.499500403792111 0.500553278961458 0.508968801908474 0.517248322421402 0.523400001220613 0.530403346891271 0.538062120080076 0.544818453418564 0.551973561989678 0.561186524232798 0.569780476054971 0.577801169522981 0.555056822321068 0.527712910573334 0.507890945203253 0.520780132163136 0.570075664713924 0.581212161036207 0.583704685734001 0.597769939033554 0.599418769428949 0.584429600601393 0.618092443050158 0.667953173480862 0.7115845088316 0.748967945145166 0.776219181714238 0.798588196708589 0.818553706745678 0.821341201756707 -9999 -9999 -9999 -9999 -9999 -9999 -9999 -9999 -9999 -9999
0.608902819354229 0.586084782770741 0.586355358940782 0.590914166927491 0.547165710704159 0.517098958994887 0.508902856321586 0.5111006758776 0.517443238785548 0.512095854988534 0.506129624819343 0.498956274301818 0.502246526662644 0.511000927256758 0.507925185912966 0.502502938105532 0.492151427639474 0.494652837292043 0.505336396467236 0.501838859388436 0.499255324462419 0.502757191604841 0.508771228304869 0.516718585547834 0.525009024848585 0.533556900480033 0.542946805079996 0.554189116379468 0.567146919987088 0.554314806105093 0.538403182813244 0.533021093050825 0.544634303590259 0.575162677067677 0.554594475709497 0.52621311060974 0.543973607058907 0.572138797428863 0.614246271394136 0.63228969703328 0.64516673873331 0.703155280880713 0.745200489772634 0.761390441373029 0.7765776544624 0.791409886950079 0.810505011695723 0.823193452894679 -9999 -9999 -9999 -9999 -9999 -9999 -9999 -9999 -9999
0.601547237263225 0.579112409305509 0.580304048291458 0.586453401369707 0.551126645506082 0.522563656523049 0.504812768580096 0.500476450736888 0.501608885594485 0.493254755749912 0.485354729866397 0.478340478152848 0.478643710884048 0.482768172322582 0.478516779913364 0.471947516210577 0.460304089937423 0.46944530315233 0.491817986453064 0.488815743205308 0.484994408579276 0.484582185240358 0.492748143793122 0.50751571696303 0.511119527333259 0.515573630515226 0.529271144978361 0.541758089083506 0.553123938054328 0.524927986296786 0.494234245622823 0.491806801603987 0.508340876894335 0.545978446734047 0.530141114843138 0.50365902154427 0.505359832755074 0.52505937927886 0.568877220295596 0.621950989048599 0.677129483642512 0.716692709823719 0.746423716419741 0.760209841036058 0.774095507819086 0.787871189868482 0.79306416956851 0.796669850296882 0.797131884313154 0.797291959991169 -9999 -9999 -9999 -9999 -9999 -9999 -9999
0.593664283043699 0.572446891794579 0.573729405066455 0.580041190406786 0.551156290580372 0.523830994691981 0.498998776353141 0.486514063794232 0.479207251502136 0.469926208538938 0.461355405499091 0.45416999486392 0.451376953118257 0.450877629414703 0.446981459261253 0.440877544619981 0.429656749906111 0.442627211643169 0.470997790676123 0.470166084653466 0.467627414756402 0.466682921849392 0.478280510479462 0.49953025965475 0.497709085176712 0.497273976782921 0.514467347594064 0.527225212770138 0.535875407745203 0.496205121222355 0.453575638837208 0.445968759325638 0.463515036222123 0.50905587887577 0.504720614464486 0.488094722930457 0.478509419706022 0.488861311160145 0.525929031491086 0.610592880949565 0.706499118971935 0.72830323157325 0.746248176376916 0.757934719957919 0.770432228991936 0.782910546249899 0.774732493590907 0.77415834950313 0.788643751604112 0.786062953462384 0.774434935128734 0.76811945586108 0.760618231228669 0.749826905044034 0.746385626285053 0.747690691709934 -9999
0.58591587867787 0.560161981952106 0.560759894714368 0.56691887371211 0.527257073324123 0.494454308873737 0.472615936145319 0.457471669984168 0.445217754205894 0.435793221109156 0.426385004767134 0.417008615850337 0.414156431020301 0.414711219739312 0.418432982082536 0.420907309715816 0.420175362331709 0.423802610819959 0.430204916812404 0.429890282538193 0.433015943129979 0.448188369375038 0.466768343572064 0.48797070543263 0.482024367396776 0.477177365089318 0.490963127710313 0.50054094580412 0.506221835393279 0.492320653559037 0.470872363818545 0.42907464107834 0.424793111530657 0.46226576663672 0.47316939353637 0.478419258385777 0.494698841791504 0.518183117773311 0.551321677473359 0.613142772975885 0.682252147827431 0.714288925532818 0.735792659688225 0.740214987673189 0.74645597280138 0.753423119968632 0.75728488519663 0.762512655348519 0.770445799197728 0.773547903102367 0.774088951733253 0.76811945586108 0.760618231228669 0.749826905044034 0.746385626285053 0.747690691709934 -9999
0.581618999052205 0.557789189806934 0.555967609882228 0.558263832738266 0.514935505208354 0.4808035631923 0.461372342111006 0.442939690721278 0.425031166582329 0.411902778868307 0.39989685053535 0.390080388958568 0.388771333426315 0.391904889893821 0.394961225153711 0.398352137520741 0.40255517308925 0.405026597275982 0.406395680274096 0.404005461724408 0.407202709716174 0.428301524614871 0.451287213296639 0.475725006131049 0.465208477398725 0.455943983209738 0.470020636700141 0.480409488020552 0.487383108626087 0.486218440450506 0.474662549611294 0.415172708485232 0.399627970961878 0.432992566030971 0.453531881927585 0.471775190422578 0.498871671306486 0.527452880202957 0.558023623743182 0.60513147642805 0.656875278909718 0.693653190505676 0.712755139916567 0.703192032726883 0.713935540236077 0.733217076440213 0.741979510517036 0.750073530425998 0.756843755612832 0.762164879220613 0.766717797786868 0.759175310781958 0.750174136492186 0.738462950646827 0.735069834756163 0.737048170322075 0.733127877276679
0.580838330476689 0.565514282046612 0.559505802997474 0.554159790362482 0.514408567265384 0.483173483345749 0.465551724498321 0.443190071086088 0.418906174099744 0.398446841168563 0.382049911742913 0.373577097501816 0.375443472432662 0.382709026107608 0.376661333178788 0.373163582762745 0.376643649867005 0.386300081603525 0.39988837773047 0.392781328949721 0.39035260557247 0.406996294100884 0.43176273583326 0.462780302449656 0.447240215462939 0.433552526510965 0.451687884877973 0.466953648055604 0.479561912490553 0.477856918303818 0.464693065136714 0.404319039211497 0.388273687253539 0.421564568020109 0.44603135889936 0.46821933157263 0.490802700816431 0.516294795624673 0.545684580939634 0.586361060139591 0.630347336384023 0.666271931826359 0.676899813058518 0.64650408623748 0.672710801706022 0.722466361513807 0.728856517951618 0.736826104754193 0.747923754487474 0.75193509754675 0.752189811953166 0.741119395071329 0.729090210351952 0.715522065752825 0.71222617823704 0.715563672091352 0.72351251485894
0.577287101064559 0.569325011509305 0.561148591482819 0.550229770766442 0.502007226173336 0.464998363455157 0.445914935424997 0.433384405715889 0.423471591075408 0.40640637773383 0.394377172083852 0.392171191764447 0.391390792161595 0.391354838276372 0.384404455207774 0.380747823927407 0.385467418564768 0.3915226548473 0.398428158582564 0.40069205827434 0.404931658336975 0.416271994087053 0.432385798589865 0.45217317885622 0.445084522252529 0.438772910877424 0.449670903568865 0.452783870476487 0.448687215515198 0.439912607234294 0.426370126855571 0.39183239503045 0.386776179002691 0.414531838320554 0.440446043058915 0.466967404284296 0.50239232735929 0.535781134263761 0.566441546724478 0.601323017737671 0.634096593647339 0.614433674649673 0.606542073295201 0.617739983616115 0.639897542221708 0.666819155938073 0.69682909441796 0.720303377885926 0.730833792078769 0.726138298870479 0.713371170797907 0.697621104708042 0.687492624094202 0.691368518500987 0.701048213203736 0.714475752265 0.728505487013197
0.575249138644611 0.572267069890412 0.561504973804785 0.545287812261926 0.489332098508842 0.446705634329383 0.425386408516173 0.423157661868758 0.428609129209131 0.415757571765593 0.408423616437006 0.411852283443169 0.407285462407543 0.398543355634708 0.392827681579646 0.390246919260801 0.395043252157884 0.396646985946642 0.396218315968083 0.408636593761114 0.420311823846488 0.426733079105794 0.433719812109666 0.441141726623015 0.444179860029318 0.446793186116831 0.450023281098099 0.440779390983114 0.419983488294278 0.404929044431084 0.391767838899171 0.382834107083659 0.387867032182082 0.408444348172924 0.433716515501688 0.462538561249839 0.510193743970097 0.550930824560648 0.582397652458708 0.613920103530742 0.638862074101181 0.566319061229734 0.543027384430455 0.599606456469701 0.614002600198354 0.61124477473914 0.663042770317695 0.700722338330504 0.710440350776503 0.697044364633739 0.671395068921516 0.650054614305913 0.642044418834659 0.666425206866745 0.691052384446814 0.715838669789092 0.72894502696476
0.587414681355131 0.57540344504627 0.556232974031446 0.533393430843666 0.492854175226928 0.458790888721465 0.435079649174401 0.425397148229097 0.42131679628555 0.401831790057835 0.388075822689081 0.385494905694661 0.378438063518008 0.369043869765502 0.366253449528426 0.362704463108487 0.356915934731765 0.364804600439967 0.381400147231995 0.387787690855076 0.39332658356537 0.398654935694489 0.409200386738539 0.423760823346057 0.427565209163513 0.431447944827283 0.441294312051189 0.444169344612681 0.440588305192739 0.434375436852001 0.424753953198672 0.399368824254435 0.39111874498063 0.401939364706557 0.416519889604416 0.433617749161793 0.46314545016365 0.490946482885684 0.516433781151366 0.559733149112351 0.604430820912977 0.579903891989787 0.577063498859906 0.6093920979171 0.62107957114734 0.624234601521897 0.646298237740116 0.665893826173474 0.68060144426052 0.66976408871379 0.64538470283958 0.614180736554246 0.602252849906486 0.638100786454045 0.671179692984439 0.702470479145565 0.718942689765268
0.594460648490539 0.57274211773013 0.548280946967841 0.522392306093496 0.489417411395592 0.459605986454829 0.43485147066769 0.419989468497946 0.409144503652289 0.390559812362241 0.375786619727991 0.368448127840034 0.357323716799648 0.344222278946545 0.344862391667841 0.341337679565517 0.326911882323569 0.336547682328813 0.361501058776812 0.361884481116395 0.362227944213993 0.368167443191779 0.382691030446501 0.403820777766308 0.410833677576302 0.417313659573242 0.429095979541278 0.437579116671801 0.443006918933132 0.443961647267016 0.438276443569799 0.401192259001036 0.384558802387426 0.390686276419445 0.391353239170485 0.393574001514084 0.420187486879759 0.446341715897934 0.471880541686706 0.520651349927057 0.573758672586073 0.573694592802657 0.58059708839952 0.598797259081736 0.614347356221786 0.628554767378074 0.631299410178992 0.637012352909269 0.648604015704312 0.639305854432102 0.618933474211378 0.588043030100862 0.576721712589712 0.614160227294695 0.650374151427279 0.685797287690845 0.704396477504831
