layers50/veg_old/veg_3700.asc
NCOLS 255 
NROWS 330 
XLLCORNER -2985163.8955 
YLLCORNER -3022031.214 
CELLSIZE 25000 
NODATA_value -9999 
[rows 200 to 224 of 330, columns 57 to 113 of 255]
-9999 -9999 -9999 -9999 -9999 -9999 -9999 -9999 -9999 -9999 -9999 -9999 -9999 -9999 -9999 -9999 -9999 -9999 -9999 -9999 0.217320974380724 0.227466103404994 0.168305494474272 0.116419301681771 0.0984734528025694 0.086549037994551 0.0790696777795707 0.105654300101982 0.129886081772988 0.13016254181788 0.149782546546585 0.186598466337719 0.187420092641372 0.184003476371702 0.191900763648798 0.197856528755834 0.201738005737083 0.221583633938834 0.245547224039588 0.270720335474435 0.28519753979591 0.285925733983353 0.287447064058887 0.288839845107422 0.285385559548403 0.280681983981789 0.274037748858213 0.269759818206363 0.266814251661715 0.276660128413714 0.28203599829943 0.278952127359384 0.280713880728879 0.28493047125567 0.277077080127051 0.268408554494832 0.258359678649388
-9999 -9999 -9999 -9999 -9999 -9999 -9999 -9999 -9999 -9999 -9999 -9999 -9999 -9999 -9999 -9999 -9999 -9999 -9999 -9999 0.196984801702188 0.174394292040003 0.157201172557177 0.142319227048384 0.133101493237628 0.125747642117886 0.119769719094115 0.144440767411232 0.165874890100266 0.161576412818095 0.167913953509382 0.183706641365454 0.183349220059692 0.181827914924519 0.189104515312409 0.194737028150134 0.198613026776663 0.21389592677976 0.233777136850957 0.2667207482729 0.288307523446572 0.295295699827927 0.296384556050346 0.294645460891524 0.281332573606591 0.269673393800936 0.260583099686008 0.263067220642482 0.27032056793733 0.278762544138713 0.282779216804634 0.278420752226867 0.280746597200717 0.286458773926673 0.27753946665014 0.268436257695479 0.259538093724526
-9999 -9999 -9999 -9999 -9999 -9999 -9999 -9999 -9999 -9999 -9999 -9999 -9999 -9999 -9999 -9999 -9999 -9999 -9999 0.111542004888263 0.128131908621026 0.154837085795884 0.150192743346371 0.14331511791799 0.135843749059376 0.129834322375416 0.124904109164754 0.140175627349512 0.153772732881645 0.15212185134922 0.155008022805674 0.161927517993937 0.172236920574507 0.181924682926882 0.185397618558952 0.189984039651204 0.195760089017554 0.206425008971977 0.220091963882441 0.246954038686821 0.271042178181428 0.291564573856372 0.292773132033166 0.286927189513669 0.27092839072186 0.257033806648059 0.246407930702529 0.254222231359241 0.269383440734234 0.27761173184033 0.28163259540778 0.277690664378962 0.276471453953547 0.276631598442834 0.274192419020706 0.269610075319884 0.260134903010742
-9999 -9999 -9999 -9999 -9999 -9999 -9999 -9999 -9999 -9999 -9999 -9999 -9999 -9999 -9999 -9999 -9999 -9999 0.108282372047921 0.110097373861635 0.122987440200057 0.142630246509779 0.142239213865336 0.13935772906121 0.133027306965927 0.127966665584529 0.1238433830661 0.129394623511502 0.13499809828089 0.13648625196559 0.138170231764056 0.140028295954725 0.15857356595725 0.176993837477361 0.179626722508593 0.184589387651045 0.192041148872298 0.198553556448432 0.206413982749808 0.22591839215126 0.249977523616327 0.27989150396392 0.282247465504399 0.274935998534406 0.258150985526142 0.243982538362814 0.233878690678002 0.245857200140675 0.266522211801303 0.274968736025992 0.279522783186077 0.276710097336162 0.272148854014654 0.266701775643061 0.269874735314275 0.269480116384644 0.260379234364819
-9999 -9999 -9999 -9999 -9999 -9999 -9999 -9999 -9999 -9999 -9999 -9999 -9999 -9999 -9999 -9999 -9999 -9999 0.107465724519778 0.106587271094641 0.110098320283674 0.116285757469429 0.125948533436379 0.132771657727899 0.130748285449597 0.127521923440281 0.123407508026077 0.124269721904632 0.125562019840672 0.126241867910286 0.129225590505516 0.134257398459688 0.138433347456259 0.144996160865188 0.164376647578745 0.177443729391042 0.183765680489962 0.188494102303347 0.194467864287752 0.212522725011279 0.228024164999517 0.240243320727634 0.248379082432991 0.253628211200045 0.23917164615195 0.230324143723448 0.230189815107365 0.241790158886571 0.25800765055408 0.267770744441606 0.274286705401886 0.274657283633893 0.271404852777937 0.266316972707968 0.264093699532047 0.261837951264146 0.259382116945091
-9999 -9999 -9999 -9999 -9999 -9999 -9999 -9999 -9999 -9999 -9999 -9999 -9999 -9999 -9999 -9999 -9999 -9999 -9999 0.103922133024587 0.102629907187936 0.100549779390115 0.113076076033836 0.123449594701517 0.12488118481579 0.123778347983082 0.120804583725409 0.118764078280513 0.11731693742931 0.117668001222109 0.121060272387823 0.127156098901158 0.125290068576923 0.125626222805966 0.144302766911588 0.156560599946857 0.161960795010529 0.17157083119855 0.182976098957514 0.199925396863315 0.212224443037651 0.218545842107908 0.225107122541824 0.230932208359685 0.226514994886044 0.225573594583956 0.230031557126817 0.240526401512094 0.25336857135604 0.26190847301916 0.268027712011871 0.269565709983966 0.268538530786399 0.266211809604378 0.261742362837137 0.258111218573674 0.256530937857147
-9999 -9999 -9999 -9999 -9999 -9999 -9999 -9999 -9999 -9999 -9999 -9999 -9999 -9999 -9999 -9999 -9999 -9999 -9999 -9999 0.100913878182259 0.0960714161737035 0.103830992773453 0.111224132615474 0.115206460949039 0.116534093206183 0.115902014728621 0.112854396143538 0.110335724626543 0.110866865995487 0.113721961925175 0.11864299384998 0.119571851684976 0.119656677859467 0.119109925877277 0.1210994434497 0.125798666789105 0.147363766156443 0.171966487304501 0.188175255746139 0.202954880842977 0.215897419461559 0.213079950116646 0.206763049147931 0.220567898606958 0.230275936077667 0.233619944948249 0.242237452796824 0.252842103671345 0.257463650586769 0.260683213788058 0.261249443511721 0.26342002941162 0.266403396679484 0.263030578532047 0.258539492224887 0.25171225246511
-9999 -9999 -9999 -9999 -9999 -9999 -9999 -9999 -9999 -9999 -9999 -9999 -9999 -9999 -9999 -9999 -9999 -9999 -9999 -9999 0.0895766590717247 0.0897203119218994 0.0987324140432158 0.106926909800937 0.111105253176608 0.111552291110818 0.109244859562421 0.10529096966989 0.102269377661801 0.10345995854964 0.105498354143017 0.10829043526319 0.110165765001998 0.111446348627661 0.11055947096473 0.111887890214593 0.115583093708367 0.129898242899659 0.147671826691379 0.171546651397228 0.189831915145894 0.200932100580908 0.203200902425864 0.20316250172882 0.210041958814983 0.22027754301053 0.235726568528428 0.244627642980097 0.250742678979369 0.253096313087732 0.25456765284901 0.254369200654335 0.256987367702991 0.261032459567686 0.259206275042408 0.256853161561403 0.253523992279295
-9999 -9999 -9999 -9999 -9999 -9999 -9999 -9999 -9999 -9999 -9999 -9999 -9999 -9999 -9999 -9999 -9999 -9999 -9999 -9999 0.0821038947965671 0.0835980471947249 0.0940434609022129 0.103213858533902 0.107032175548073 0.106207337298459 0.101954897187314 0.0971139683305974 0.0936543229290444 0.0956107790780608 0.0967219203601303 0.097081598407791 0.0997200070254257 0.102743960451344 0.105643005797667 0.108613642647723 0.111660766600728 0.11536280318789 0.122380185172924 0.15262525770843 0.172449819431356 0.178879378070827 0.190693884880753 0.20297568839918 0.199214603342747 0.207368587973381 0.234031560684811 0.24448697045241 0.248227135160734 0.2490058305156 0.249260859183231 0.248524819025772 0.250743205029379 0.25445833008153 0.25430041835669 0.254631095778689 0.256270891723505
-9999 -9999 -9999 -9999 -9999 -9999 -9999 -9999 -9999 -9999 -9999 -9999 -9999 -9999 -9999 -9999 -9999 -9999 -9999 -9999 0.0808143191504319 0.0802326098278004 0.0849577354289898 0.0896509707095342 0.0932612868171398 0.0942101154203984 0.0931942198208084 0.0874265340363903 0.0829889457731077 0.085631317140347 0.0855102822571112 0.0829326500985105 0.0882883800412035 0.0944550510937761 0.0975066314721021 0.101750653364533 0.107268658789859 0.110093688163262 0.113462264970692 0.125748040551296 0.131034799572826 0.127324701331199 0.155317736026014 0.190996883770972 0.194336625656657 0.199474922717078 0.207407113322912 0.224790955052438 0.245489191754337 0.246784893898468 0.247634347696296 0.247639251258169 0.248200365045505 0.249043259970113 0.250636040938361 0.252281687846071 0.254018285694287
-9999 -9999 -9999 -9999 -9999 -9999 -9999 -9999 -9999 -9999 -9999 -9999 -9999 -9999 -9999 -9999 -9999 -9999 -9999 -9999 0.0755936781763637 0.0765060779492757 0.0779497336348153 0.0800727658281012 0.0840578529474348 0.0859975240371546 0.0864272581567727 0.0795023240386379 0.0739134056069734 0.0765861704734151 0.075878566094312 0.0721659001623139 0.0776774651727839 0.0843155555104247 0.0882580039506098 0.0906412422394718 0.0913586478366588 0.0929022411975988 0.094931412628253 0.0990302782265907 0.100895977213281 0.0998910612956832 0.129997845598327 0.168214325002065 0.18183049978242 0.190497390286504 0.191476013236651 0.207825136567896 0.230096438445541 0.23950529450782 0.245762552586961 0.246055233223176 0.246049291154979 0.245892064120393 0.247957161391014 0.249629234661832 0.250286981828862
-9999 -9999 -9999 -9999 -9999 -9999 -9999 -9999 -9999 -9999 -9999 -9999 -9999 -9999 -9999 -9999 -9999 -9999 -9999 -9999 0.0741828288515986 0.0728241496724085 0.0735942876094247 0.0755816636416213 0.0806855259101647 0.082616635518432 0.0822056022719553 0.0738291596570008 0.066867553662257 0.0687338308127113 0.0682638799625118 0.065717082343926 0.0681143242115664 0.0718134824494552 0.0775894024157508 0.0741105756958326 0.0607441404518269 0.0604899779672684 0.0641280724374244 0.0725160862033083 0.0851530743051513 0.103251889121187 0.117516421888828 0.13163899837889 0.159585788991603 0.180136123264705 0.189196728495052 0.194344863178194 0.198547740365087 0.225767480650289 0.243577612619074 0.243579528625308 0.244398371072874 0.245631075853724 0.24653643185137 0.246589894405698 0.244667877138297
-9999 -9999 -9999 -9999 -9999 -9999 -9999 -9999 -9999 -9999 -9999 -9999 -9999 -9999 -9999 -9999 -9999 -9999 -9999 -9999 0.0652657320420042 0.0656681182888432 0.0656109941991895 0.066281054767806 0.0691361737960391 0.0746447935423253 0.0821122416034243 0.073769057104845 0.0653425982648965 0.0636494190794884 0.0541111024670633 0.0375986599096165 0.0380671979624818 0.042359486850484 0.0505166358443842 0.0521132515855929 0.0467007090309293 0.0513257035859029 0.0597187241147827 0.07755615875824 0.0939368771061066 0.108445065438689 0.114209585948533 0.118615942666242 0.141527509119115 0.15981882042989 0.170932981325161 0.179984156550844 0.188511613475735 0.208287096602469 0.225987097986122 0.239759132778154 0.2452677663855 0.246590086119138 0.245732670567192 0.244478000802037 0.242390041327168
-9999 -9999 -9999 -9999 -9999 -9999 -9999 -9999 -9999 -9999 -9999 -9999 -9999 -9999 -9999 -9999 -9999 -9999 -9999 -9999 0.0528392391887735 0.0572252551446977 0.0563633207956465 0.0554361608794789 0.0553005680984685 0.0664180326883783 0.0858425639605782 0.0771294418416266 0.0661051690421022 0.0589933770225576 0.038132184752467 0.00504812833144449 0.00407227006135364 0.0098140862631798 0.0202789571946683 0.02980749607316 0.0383356742608098 0.0493484709420225 0.0628905724761438 0.0905318143747026 0.107967869692257 0.112285709580799 0.112808044011148 0.113044942930851 0.125142370575675 0.136831424328024 0.147886106003091 0.164850554424197 0.183871305035374 0.190196178285341 0.204956360413436 0.235680841709056 0.246719188421929 0.247784361077106 0.245290183170584 0.242995999903499 0.241323291165803
-9999 -9999 -9999 -9999 -9999 -9999 -9999 -9999 -9999 -9999 -9999 -9999 -9999 -9999 -9999 -9999 -9999 -9999 -9999 -9999 0.0492807629218583 0.0479386118726404 0.045868940906639 0.0445587334432728 0.0455768090949256 0.0731335117609722 0.120281169755719 0.10040131781515 0.0732277752039803 0.0487019195304937 0.0254640102817304 0.00337105236874949 0.00223137144118592 0.00603591099195505 0.015749407924773 0.0252341171765127 0.034474393695263 0.0441184922192981 0.0552657066980946 0.0767488982982635 0.0898882756294218 0.0923021309711751 0.0986889050856877 0.106278074086885 0.112825125842479 0.120245155682985 0.129021278386797 0.143690720399303 0.160811366662373 0.179340277596564 0.202321463948705 0.23372883335772 0.245397073475109 0.247065291935362 0.246855833377081 0.245598889802048 0.241976881407061
-9999 -9999 -9999 -9999 -9999 -9999 -9999 -9999 -9999 -9999 -9999 -9999 -9999 -9999 -9999 -9999 -9999 -9999 -9999 -9999 0.0457304572072579 0.0442656363314461 0.0422622911018783 0.0408831020155853 0.0414062980957967 0.0727251405347621 0.126777492578635 0.10373483406614 0.071504342911859 0.0393393190303048 0.0171800815337113 0.00391573148515481 0.00179257302211206 0.00286830890465434 0.00996110702021993 0.0186342517982494 0.028995811144564 0.0397553483716569 0.0514594103536338 0.0693952425482988 0.0796742728574935 0.0801108984410534 0.0881363183085645 0.0981637237356446 0.102490916075823 0.107836343574832 0.11476350772442 0.125508833723867 0.138188490160718 0.163939672085669 0.191816433810087 0.223715975531468 0.239385830970155 0.246833580361626 0.247563239693161 0.246933964628667 0.243422133323244
-9999 -9999 -9999 -9999 -9999 -9999 -9999 -9999 -9999 -9999 -9999 -9999 -9999 -9999 -9999 -9999 -9999 -9999 -9999 -9999 0.047763185373739 0.0495704971581664 0.0492796439033946 0.0483159052432231 0.0458014132972547 0.0613285622772807 0.0901741463536626 0.0763143598055742 0.0561363086331616 0.0314094371444976 0.0156586474559232 0.00788736425133452 0.00351644880897889 0.000642487493714317 0.00223124039173613 0.00890862548003371 0.0210226156669308 0.0367292569142013 0.0535430793705448 0.0719584211732929 0.0815925780233609 0.0799389965242181 0.0830849719772615 0.0879709459678098 0.0952154453124639 0.101871063456558 0.107611907670795 0.11192029202784 0.116239761223424 0.141529071222984 0.169172089319652 0.201269633119897 0.226141827774896 0.247353595119989 0.246946844812464 0.246313493801824 0.246088486472319
-9999 -9999 -9999 -9999 -9999 -9999 -9999 -9999 -9999 -9999 -9999 -9999 -9999 -9999 -9999 -9999 -9999 -9999 -9999 -9999 0.0517099267617788 0.0516670694849383 0.0505842866596717 0.0490469947063751 0.0463917781558553 0.0563322163560842 0.0755708337508812 0.0697444908375723 0.0577505643759879 0.0339108417463388 0.0208423724135086 0.0173492709791484 0.00995024782021901 0.00345472831039457 0.00506455930639943 0.0107615425219407 0.0208251672561885 0.034361955648623 0.0488579423733531 0.0640833272724855 0.074545262403405 0.0788840404760297 0.0841677759630492 0.0895567446509211 0.0924228745135365 0.0963080817672484 0.101776334003541 0.104345913313006 0.106419190400713 0.132709833427979 0.15735307905082 0.178878531906137 0.199133733120645 0.218745413350491 0.235489497729156 0.247009069773106 0.246450671312155
-9999 -9999 -9999 -9999 -9999 -9999 -9999 -9999 -9999 -9999 -9999 -9999 -9999 -9999 -9999 -9999 -9999 -9999 -9999 -9999 0.056329454843855 0.0526515101559822 0.0497238114270203 0.047140518660158 0.0454113879327586 0.0537465312633101 0.0695111751244719 0.07104847424933 0.0655791330578382 0.0403048588394762 0.0285465154553681 0.0288034878995934 0.0183318282652818 0.00861096558912912 0.0124221479145371 0.0175585378868486 0.0241107563923415 0.032532671444999 0.0416400790017368 0.0523860428580678 0.0642106637477167 0.0774218399173465 0.0874272179622315 0.0954445951575954 0.0914933088927357 0.0912074766494324 0.0966155972387611 0.0992937520880606 0.101573888909637 0.129098987084635 0.149658719746026 0.15703610419979 0.167407918429691 0.179296737901805 0.219322127360135 0.247244568571148 0.245679163847461
-9999 -9999 -9999 -9999 -9999 -9999 -9999 -9999 -9999 -9999 -9999 -9999 -9999 -9999 -9999 -9999 -9999 -9999 -9999 -9999 0.0591446317210137 0.0599983466795206 0.0539185658833985 0.0479390484294111 0.0435435510880549 0.0450006580286607 0.0507781885157554 0.0529588662191164 0.0510453128722984 0.0354576323861385 0.02962866302652 0.0324749375476784 0.027922156961604 0.0236680801886144 0.0276412829701354 0.0324746522952315 0.0382270084210205 0.0396476249273197 0.0414908896742615 0.0543505592799084 0.0654672091208524 0.0743433013209439 0.0803614608913789 0.0855556494005004 0.0920152043961544 0.0959907966463346 0.0961077763951532 0.0969438346571967 0.0985091611309228 0.115353099544727 0.133106813729385 0.152582330018875 0.164345873937116 0.172202462812288 0.192879781786223 0.214632775045743 0.238342073754271
-9999 -9999 -9999 -9999 -9999 -9999 -9999 -9999 -9999 -9999 -9999 -9999 -9999 -9999 -9999 -9999 -9999 -9999 -9999 -9999 0.0933321862969694 0.0711440847739438 0.0611753743611386 0.0525184107398805 0.0453667191197057 0.0400039114873015 0.0359616675100415 0.0373611836780197 0.0375251530100808 0.0306545577830438 0.0298156435629956 0.0343387390456799 0.0349468053302217 0.0355563304925571 0.0397292017836637 0.044487503607745 0.0498712691127203 0.0472177885846835 0.0446532897550562 0.0574076788140937 0.0662787501145308 0.0701580264553884 0.0744346810836695 0.0793483336266929 0.0906612763052513 0.0975214497432865 0.0974646470356576 0.097214299771428 0.0971405799455081 0.106050224910033 0.1201119347076 0.143924218611398 0.158106415797236 0.167409923841476 0.175012970514266 0.190239339777594 0.223344441163655
-9999 -9999 -9999 -9999 -9999 -9999 -9999 -9999 -9999 -9999 -9999 -9999 -9999 -9999 -9999 -9999 -9999 -9999 -9999 0.107115973083687 0.0984053483933902 0.0843836410100806 0.0741842640744958 0.0642000827299378 0.0541234551882805 0.0420499150581148 0.0285022434555271 0.0264445935495672 0.0259091582881234 0.0259344226145666 0.0283210490955745 0.0328068659631047 0.037151812514646 0.0414918560158641 0.045935117841846 0.0510465630997009 0.0568718837796116 0.0556430664522673 0.0540365243353367 0.0625172578465932 0.0662543485275144 0.0638937428975762 0.0706474748097431 0.0800569751141272 0.085783605777751 0.0929419545181019 0.102324348397355 0.10240716441311 0.0989582172017386 0.105093568527334 0.113798945714191 0.127368242208595 0.145898172883818 0.166941205758658 0.173255336154127 0.181284124733307 0.193956447577876
-9999 -9999 -9999 -9999 -9999 -9999 -9999 -9999 -9999 -9999 -9999 -9999 -9999 -9999 -9999 -9999 -9999 -9999 0.112388346471428 0.111708402779386 0.103240321278189 0.0900236200855625 0.0795148764970468 0.0689901489208179 0.0579136662954649 0.042940061976683 0.0250895817379426 0.0219855676585155 0.0213849385465273 0.0235551823362641 0.0264491383316971 0.0299864559147926 0.0352382448231347 0.0406179007252522 0.0450853297803352 0.0503276228877801 0.0563977671151866 0.059558752611307 0.0625622513393751 0.0697131820007496 0.0716270890221969 0.0668090853852668 0.0733126781206766 0.0829762938976156 0.0863169115152256 0.0922618716271696 0.102252443342901 0.104854632160954 0.104479113693846 0.105686060971073 0.109905850454733 0.119827614225637 0.135628332096905 0.154407381355356 0.167148469655019 0.177936812196454 0.184426199415549
-9999 -9999 -9999 -9999 -9999 -9999 -9999 -9999 -9999 -9999 -9999 -9999 -9999 -9999 -9999 -9999 -9999 -9999 0.113562651835914 0.116755785361381 0.107955535520223 0.0918426240624882 0.0809849443514245 0.0703151994152915 0.059206768971133 0.0432490582085269 0.0237115829749284 0.0207733266380985 0.0204263771345571 0.0223529155782782 0.0243875175165156 0.0265181851295517 0.0312539077046131 0.0363202211834035 0.0406880193798573 0.0459493928169726 0.0521654463189286 0.0612070708288497 0.0706568339486164 0.0779580951431511 0.0797134470065876 0.0743398323609226 0.0792220746055509 0.0870071143766061 0.0895707904017417 0.0935423658990459 0.0997009864773879 0.105921747693767 0.111861963953203 0.107057446630137 0.107229448374791 0.116819793935637 0.12633309635706 0.135807368026347 0.15885486205841 0.177409084931658 0.184880184477316
-9999 -9999 -9999 -9999 -9999 -9999 -9999 -9999 -9999 -9999 -9999 -9999 -9999 -9999 -9999 -9999 -9999 -9999 0.127707326147299 0.128648941931716 0.117352647033099 0.0985945961826158 0.0855889738736546 0.0724133658534738 0.0576729818366509 0.0423653941953438 0.0266390938277332 0.0235680788745367 0.0226454507106101 0.0241007765395596 0.0252836676017137 0.0262243711441322 0.0301553429229922 0.0346907732733136 0.039559301136978 0.0447468601066992 0.0502752662968412 0.0582376654581591 0.0664836748767414 0.0723782499114998 0.0761571543014975 0.077216478498178 0.0752238679901102 0.073190641205513 0.0830718394158072 0.0908145649671191 0.0952353657629957 0.102976687654879 0.111826641241446 0.111901680943543 0.113540760603336 0.118139874347875 0.125725798588021 0.134824868073865 0.148174064066896 0.162493004590326 0.178892547086471
