layers50/veg_old/veg_4600.asc
NCOLS 255 
NROWS 330 
XLLCORNER -2985163.8955 
YLLCORNER -3022031.214 
CELLSIZE 25000 
NODATA_value -9999 
[rows 25 to 49 of 330, columns 112 to 167 of 255]
0.0909106486131104 0.0890706363487695 0.0879029910923868 0.087151261310294 -9999 -9999 -9999 -9999 -9999 -9999 -9999 -9999 -9999 -9999 -9999 -9999 -9999 -9999 -9999 -9999 -9999 -9999 -9999 -9999 -9999 -9999 -9999 -9999 -9999 -9999 -9999 -9999 -9999 -9999 -9999 -9999 -9999 -9999 -9999 -9999 -9999 -9999 -9999 -9999 -9999 -9999 -9999 -9999 -9999 -9999 -9999 -9999 -9999 -9999 -9999 -9999
0.0876785883708161 0.0857993364040183 0.0858238204880214 0.0870259252362156 -9999 -9999 -9999 -9999 -9999 -9999 -9999 -9999 -9999 -9999 -9999 -9999 -9999 -9999 -9999 -9999 -9999 -9999 -9999 -9999 -9999 -9999 -9999 -9999 -9999 -9999 -9999 -9999 -9999 -9999 -9999 -9999 -9999 -9999 -9999 -9999 -9999 -9999 -9999 -9999 -9999 -9999 -9999 -9999 -9999 -9999 -9999 -9999 -9999 -9999 -9999 -9999
0.0832008345850211 0.0788299217932445 0.0757163017047321 0.073380422767719 0.0698695939804013 0.0692554349451724 0.0773909683041352 0.0852185452490624 0.0928156045468411 -9999 -9999 -9999 -9999 -9999 -9999 -9999 -9999 -9999 -9999 -9999 -9999 -9999 -9999 -9999 -9999 -9999 -9999 -9999 -9999 -9999 -9999 -9999 -9999 -9999 -9999 -9999 -9999 -9999 -9999 -9999 -9999 -9999 -9999 -9999 -9999 -9999 -9999 -9999 -9999 -9999 -9999 -9999 -9999 -9999 -9999 -9999
0.079611405607062 0.0723098471317487 0.070768934805665 0.0727914660260603 0.069927516457063 0.069577895143748 0.0776019900400412 0.0852923274061962 0.0927328339616943 0.10115724779387 0.110362856282062 0.122080262288343 -9999 -9999 -9999 -9999 -9999 -9999 -9999 -9999 -9999 -9999 -9999 -9999 -9999 -9999 -9999 -9999 -9999 -9999 -9999 -9999 -9999 -9999 -9999 -9999 -9999 -9999 -9999 -9999 -9999 -9999 -9999 -9999 -9999 -9999 -9999 -9999 -9999 -9999 -9999 -9999 -9999 -9999 -9999 -9999
0.0883302352353035 0.0808124522132324 0.0748648231097158 0.069888466100181 0.0705550961652054 0.0730716939067312 0.0798883729273787 0.0860917439247714 0.091836029428067 0.100647027276908 0.110362856282062 0.122080262288343 0.127634458801049 -9999 -9999 -9999 -9999 -9999 -9999 -9999 -9999 -9999 -9999 -9999 -9999 -9999 -9999 -9999 -9999 -9999 -9999 -9999 -9999 -9999 -9999 -9999 -9999 -9999 -9999 -9999 -9999 -9999 -9999 -9999 -9999 -9999 -9999 -9999 -9999 -9999 -9999 -9999 -9999 -9999 -9999 -9999
0.0899042913829787 0.0840805997776308 0.076826177126049 0.0686867271387523 0.070822450453 0.0747151509944047 0.081701494594503 0.088626655598271 0.0955060189907223 0.104618291810751 0.11399752313973 0.123341685138385 0.129826609303673 0.13373482910419 -9999 -9999 -9999 -9999 -9999 -9999 -9999 -9999 -9999 -9999 -9999 -9999 -9999 -9999 -9999 -9999 -9999 -9999 -9999 -9999 -9999 -9999 -9999 -9999 -9999 -9999 -9999 -9999 -9999 -9999 -9999 -9999 -9999 -9999 -9999 -9999 -9999 -9999 -9999 -9999 -9999 -9999
0.0812105310349993 0.0798262626354219 0.0757199732373514 0.0699298851977417 0.0705721216367379 0.0736994658674206 0.082834488420363 0.0936556625469155 0.105738988314963 0.115029937730351 0.122855601546957 0.126415909805432 0.13005520248125 0.133765674787716 -9999 -9999 -9999 -9999 -9999 -9999 -9999 -9999 -9999 -9999 -9999 -9999 -9999 -9999 -9999 -9999 -9999 -9999 -9999 -9999 -9999 -9999 -9999 -9999 -9999 -9999 -9999 -9999 -9999 -9999 -9999 -9999 -9999 -9999 -9999 -9999 -9999 -9999 -9999 -9999 -9999 -9999
0.0747318980755044 0.0732210606555036 0.0699605891115944 0.0656178218900771 0.0705613582450205 0.0772275354089334 0.0870856514280751 0.0986984936489446 0.111624818352972 0.1187980019719 0.123986462964279 0.124325901053126 0.127362613845543 0.132830072139634 0.13363157815218 -9999 -9999 -9999 -9999 -9999 -9999 -9999 -9999 -9999 -9999 -9999 -9999 -9999 -9999 -9999 -9999 -9999 -9999 -9999 -9999 -9999 -9999 -9999 -9999 -9999 -9999 -9999 -9999 -9999 -9999 -9999 -9999 -9999 -9999 -9999 -9999 -9999 -9999 -9999 -9999 -9999
0.0693244213548853 0.0659979520582359 0.0629775925969005 0.0601465877824061 0.0712237643629726 0.0827576842935839 0.0928321343083019 0.103985060736174 0.115945269733703 0.120265443334924 0.122595938722933 0.120947357501901 0.124120186662394 0.131638002108896 0.139222301169208 0.146290387340659 0.15062547476832 -9999 -9999 -9999 -9999 -9999 -9999 -9999 -9999 -9999 -9999 -9999 -9999 -9999 -9999 -9999 -9999 -9999 -9999 -9999 -9999 -9999 -9999 -9999 -9999 -9999 -9999 -9999 -9999 -9999 -9999 -9999 -9999 -9999 -9999 -9999 -9999 -9999 -9999 -9999
0.0689544803778006 0.0640982467905847 0.0665199502581251 0.0734436691519937 0.0838909636153652 0.0946089129018633 0.105412466711601 0.114177431845082 0.121416432122057 0.125376870085577 0.128620515125018 0.130678539360261 0.13197465437176 0.132584147655094 0.139156812594833 0.146290387340659 0.15062547476832 0.152879419746419 -9999 -9999 -9999 -9999 -9999 -9999 -9999 -9999 -9999 -9999 -9999 -9999 -9999 -9999 -9999 -9999 -9999 -9999 -9999 -9999 -9999 -9999 -9999 -9999 -9999 -9999 -9999 -9999 -9999 -9999 -9999 -9999 -9999 -9999 -9999 -9999 -9999 -9999
0.0698154984958086 0.0667436712436604 0.0736217130270295 0.0866545846132439 0.0964273521293488 0.105827864757104 0.114791105158167 0.121165001161442 0.125600669704496 0.13021849123115 0.134748542603035 0.138858508593641 0.13920613136885 0.136163184086633 0.142119485799773 0.149075032342884 0.152597205221515 0.157358511853782 0.16346184065363 -9999 -9999 -9999 -9999 -9999 -9999 -9999 -9999 -9999 -9999 -9999 -9999 -9999 -9999 -9999 -9999 -9999 -9999 -9999 -9999 -9999 -9999 -9999 -9999 -9999 -9999 -9999 -9999 -9999 -9999 -9999 -9999 -9999 -9999 -9999 -9999 -9999
0.0728235635747051 0.0773167408903365 0.0869318136273706 0.0997152089296743 0.108735579691866 0.115943995335454 0.118585327918702 0.122562734084073 0.127540244564635 0.134589515663373 0.141057010129035 0.144332842550078 0.145350983862504 0.144334526140886 0.150363898723989 0.156716673497962 0.1580080409172 0.160396169401228 0.163972125799044 0.164694123645104 -9999 -9999 -9999 -9999 -9999 -9999 -9999 -9999 -9999 -9999 -9999 -9999 -9999 -9999 -9999 -9999 -9999 -9999 -9999 -9999 -9999 -9999 -9999 -9999 -9999 -9999 -9999 -9999 -9999 -9999 -9999 -9999 -9999 -9999 -9999 -9999
0.0910298650439507 0.0958830697680823 0.105434131182242 0.117891211586407 0.124459464965018 0.130590645961926 0.136623616743976 0.139968162299413 0.141300314446148 0.145275270194597 0.149578368483217 0.153886343244501 0.155443317637134 0.154521129724813 0.157372620889267 0.160754342770588 0.163271456636492 0.165741608375783 0.168160898604146 0.343832745670175 0.540339863092388 0.561825423581622 0.581205963255512 0.597842933377675 0.615545246553128 0.63377228895176 0.654300171262682 0.668677655987233 0.673363506401068 0.707349297805668 0.752903273006598 0.773633084310686 0.794263497938571 0.814702939915047 -9999 -9999 -9999 -9999 -9999 -9999 -9999 -9999 -9999 -9999 -9999 -9999 -9999 -9999 -9999 -9999 -9999 -9999 -9999 -9999 -9999 -9999
0.116317208423134 0.118178193211561 0.126362573462078 0.138458504980893 0.141783003410354 0.147354405833414 0.161296213197197 0.164830028671218 0.160573047485005 0.158910249538123 0.159137676240259 0.16534224463646 0.167373664021604 0.165644301024067 0.163808929073384 0.163121230924971 0.168469740774986 0.172161732920796 0.174059662501926 0.346877586810706 0.540340533797644 0.561825355419941 0.581206693955495 0.597846467131078 0.615549472103086 0.633776485562296 0.654304006034039 0.668683416918238 0.673374798859929 0.707359166727292 0.752908888519122 0.773636969377929 0.79426660601866 0.814707102876489 0.837281356135363 0.860953143257235 0.860931737032583 -9999 -9999 -9999 -9999 -9999 -9999 -9999 -9999 -9999 -9999 -9999 -9999 -9999 -9999 -9999 -9999 -9999 -9999 -9999
0.160259824618038 0.160395288223754 0.168939760121049 0.182685910016378 0.181296736877321 0.183379012707887 0.198712498379359 0.205547158850879 0.206020110004692 0.195806469702892 0.186533319108631 0.185876038822014 0.181606582371255 0.174081884268388 0.17594162414066 0.179271065155668 0.181231843421425 0.180242621204973 0.17605845249475 0.348065420267539 0.541803128155943 0.561676716522274 0.582800117689383 0.605552456832107 0.624764049564006 0.642927955366702 0.662666419935595 0.681246171000507 0.698000051884869 0.728880138827339 0.765154531252274 0.782109062574031 0.801044337912904 0.823785194734392 0.843269975946578 0.861079939339849 0.860931737032583 0.860548103866968 -9999 -9999 -9999 -9999 -9999 -9999 -9999 -9999 -9999 -9999 -9999 -9999 -9999 -9999 -9999 -9999 -9999 -9999
0.208120830171383 0.205731771261314 0.213668091001982 0.227991524785895 0.220704430307568 0.21748409449551 0.230568943172931 0.23871451399642 0.243162838529179 0.228929305947241 0.214578214806034 0.208579464103607 0.198526202535735 0.184819073590314 0.187177260331827 0.191576278525734 0.191175077759438 0.187689862060461 0.180864557857998 0.352214300137089 0.545709817004994 0.564680099171947 0.586899066278232 0.613352192504343 0.633463170995245 0.651610243752456 0.671421460333421 0.693800500614592 0.720225849760729 0.747918776764146 0.775865814376592 0.792841987046147 0.811334959440051 0.832742142299283 0.848383008764835 0.861057872408446 0.861888937306867 0.866818470976955 0.882098802377031 0.890168366315106 0.893712875158154 -9999 -9999 -9999 -9999 -9999 -9999 -9999 -9999 -9999 -9999 -9999 -9999 -9999 -9999 -9999
0.264366628989693 0.257743298893297 0.262999563106087 0.275604354303393 0.259885213213014 0.247481666909295 0.250528124070535 0.255726429478545 0.262535479044681 0.253977639841818 0.244012418775314 0.235925589877005 0.221194980637623 0.200477091290364 0.19649331872339 0.195654552674176 0.195086336751152 0.193781187970694 0.191677916931204 0.36269939617799 0.554846518788021 0.57442835748953 0.59635948000168 0.621352531158079 0.641059290184823 0.659288550951225 0.681016665324506 0.706336803070673 0.737317156514552 0.761645574332541 0.783293787207497 0.808412767362148 0.829142662767929 0.841439858389398 0.851622410544962 0.860717259900493 0.864894409378274 0.871322516768266 0.883352182163308 0.890168366315106 0.893712875158154 -9999 -9999 -9999 -9999 -9999 -9999 -9999 -9999 -9999 -9999 -9999 -9999 -9999 -9999 -9999
0.324057435758759 0.30828597436884 0.303844296310132 0.306411040961091 0.286113295657416 0.269136105671859 0.266523698374428 0.267136659923244 0.270163938575832 0.265269849225466 0.258457850400851 0.24807263567441 0.23283919260476 0.213236595284436 0.209647133938916 0.208399245284641 0.203956210905426 0.203359661951754 0.206928981850577 0.375752944834234 0.564185086594876 0.583656174857453 0.604283001719808 0.626416155364777 0.644562354326363 0.662299648478847 0.692018474997236 0.721229795689782 0.749641402086534 0.775313769077349 0.799766233671414 0.820979563862629 0.837639305600215 0.845550288412459 0.852841643059021 0.859814281429455 0.868653893477734 0.877986706502424 0.888392323572754 0.895295560497385 0.900000908888441 0.909174506060492 0.915958363590031 0.914622651366146 -9999 -9999 -9999 -9999 -9999 -9999 -9999 -9999 -9999 -9999 -9999 -9999
0.385715547366568 0.357989847729535 0.339842595850774 0.327620418514921 0.304944614246395 0.286026117925995 0.280255817109526 0.27534799438954 0.271085770892228 0.26870649174264 0.264343799790015 0.251540101044533 0.238187720320376 0.224340875220843 0.224992537004926 0.22609297929606 0.215657749816996 0.214929505291379 0.224714241264964 0.39027323299601 0.573638931931167 0.592586789428405 0.611328866514669 0.629802740614164 0.645728040117446 0.662645491150537 0.703823539767183 0.73746859883456 0.759243371639511 0.788948498117564 0.821403613568418 0.831830906587603 0.840818778014134 0.847041104720425 0.852907238533914 0.858590158480339 0.87284396337916 0.885884467157723 0.895594931534066 0.903350688103375 0.909879784602432 0.913631634167802 0.915958363590032 0.914622651366146 0.914046298855099 -9999 -9999 -9999 -9999 -9999 -9999 -9999 -9999 -9999 -9999 -9999
0.408026090401784 0.378822764645633 0.356706569376798 0.338974359644282 0.318308018242866 0.300442874178549 0.291401224812925 0.281845179204654 0.271904087511443 0.272694967720103 0.27106846385664 0.255179797578624 0.244859367449462 0.239556952338632 0.236869364890211 0.234494005840126 0.231234227241913 0.277214010263276 0.376521840415483 0.483239267488265 0.581269598522169 0.598910463939369 0.61154408190842 0.617651526104478 0.64884121944807 0.687512292217964 0.715819803542205 0.744337221628191 0.773185405253412 0.795673323689295 0.814903694748422 0.809537502084919 0.815388139294091 0.842789547167315 0.859358597279313 0.870355840106634 0.879891212422293 0.889814679557731 0.90073615389943 0.910509230043194 0.919561638776165 0.923225693815591 0.924421678522161 0.919400356330317 0.91522753978941 0.911698737349183 -9999 -9999 -9999 -9999 -9999 -9999 -9999 -9999 -9999 -9999
0.421451770514895 0.394179810181527 0.370878556509408 0.350033518452767 0.331178654364719 0.314476720451849 0.303701097496032 0.29129551132842 0.27766983274709 0.278206851061286 0.276673579749308 0.26058405312717 0.25309872497799 0.253367377802998 0.248294196476484 0.243483799027711 0.245137583754008 0.327314134775809 0.496699461320206 0.557911597407289 0.589714623668196 0.60596487510559 0.616163361555981 0.618474306927665 0.657850949762736 0.70726425919582 0.727866315320695 0.753238969724389 0.786129007079729 0.801766521902531 0.809725853460679 0.797489670324297 0.802590538658915 0.841000891445336 0.863643668666293 0.878176125462659 0.884473654094871 0.892339749711315 0.904361603768741 0.9161369997684 0.927757733133896 0.931779335414653 0.93241172009329 0.924549630130647 0.917847385797612 0.912025461989554 0.911437993335206 -9999 -9999 -9999 -9999 -9999 -9999 -9999 -9999 -9999
0.416166528910564 0.398592308425857 0.380298130029727 0.361558597187805 0.343429163766401 0.327803005203415 0.319410797475791 0.308845116442112 0.296652504031729 0.287714287237052 0.279184227513567 0.2706756984878 0.265353840439854 0.262903764837502 0.258953594380193 0.255226016791367 0.254083181063222 0.338450506623113 0.515428118736034 0.573790863853611 0.600564749182065 0.615300832422984 0.633404456338975 0.655897149471284 0.68234995159415 0.710249036108471 0.740022628046592 0.768757714588914 0.795856351717285 0.807052281925293 0.811652680396962 0.816998113349864 0.827144556497904 0.846515127215465 0.861335681896112 0.873815858511457 0.88211483088058 0.891619036639127 0.904203742959207 0.917793379708308 0.932013651903907 0.936903383353444 0.938062984140315 0.930083299477734 0.92155958981488 0.912622966259336 0.911553427553446 -9999 -9999 -9999 -9999 -9999 -9999 -9999 -9999 -9999
0.411739672101096 0.399893045785706 0.385374443969808 0.369203000856774 0.352980843439037 0.338659866920338 0.329936472313156 0.320527619519943 0.310605673960804 0.300419857657041 0.291285029106166 0.286277299879783 0.279610255967514 0.271447861320952 0.267179747745075 0.264093095519049 0.263394242553366 0.349449046675653 0.529460883756599 0.584598648466023 0.607535234479507 0.625825865056112 0.649281397643254 0.679468582378667 0.697873536576576 0.713641883268028 0.745902914738317 0.772550572672974 0.790352824633007 0.800935427019687 0.808594921867015 0.819452593057777 0.830706652533917 0.842722288420595 0.854143636007567 0.865259301309066 0.875362273952663 0.886471335913356 0.900021862771413 0.913535061636548 0.927024835640814 0.933100206834627 0.935628696155331 0.929150877761582 0.921950283343238 0.914201103360427 0.90817009157178 0.903785585956848 0.904948465457905 -9999 -9999 -9999 -9999 -9999 -9999 -9999
0.407907854552244 0.399036685411534 0.387439975350882 0.374157289281594 0.360661672583901 0.347804904679665 0.336868539125068 0.328143000162392 0.32107235299932 0.315342400520418 0.31003380265419 0.305698447217298 0.295253988836475 0.279304093993965 0.273719156377353 0.270967104685884 0.272958646760325 0.36035204061678 0.540238418307643 0.591890840981815 0.611816321898916 0.637175174285152 0.664212696757457 0.69343810644777 0.707175290234045 0.717317608012849 0.747432609582036 0.768214951499623 0.774291134470655 0.78691418751096 0.802081808503134 0.810085127894527 0.819716979126538 0.832477710498005 0.843565920959933 0.853793841871521 0.865563945389521 0.878254811653071 0.893050499906531 0.905176627215227 0.91562749451613 0.923108606345113 0.927589438311148 0.923736109586857 0.920038479020657 0.916459023046636 0.909461660619045 0.903785585956848 0.904948465457905 0.905503638951941 -9999 -9999 -9999 -9999 -9999 -9999
0.406550189866614 0.399852582321174 0.389880612058685 0.377883173404171 0.36652672483858 0.355700884614837 0.346305318248669 0.337719113825167 0.329738749066667 0.324357901377267 0.319400138946864 0.314829242933744 0.306261405685271 0.294091581988985 0.287602732383513 0.282480440330162 0.278995556874011 0.365706150972439 0.55010138156664 0.595900535698498 0.609788474699163 0.64766013252006 0.679531833913246 0.703583518683902 0.713572668642404 0.72031477191515 0.745415053048239 0.763810631401686 0.771641115939682 0.778473431406017 0.785073506506889 0.799021618953433 0.812619996670523 0.825546432935951 0.840803549792855 0.857259491816364 0.866826068133242 0.876280467778427 0.885830155917005 0.892764827044462 0.898058466740507 0.91123732542688 0.921336506132333 0.920510860167188 0.917604937432002 0.91312008876775 0.907413518668527 0.902954399825652 0.903954090400872 0.904456154902109 0.904503610097161 -9999 -9999 -9999 -9999 -9999
