layers50/veg_old/veg_900.asc
NCOLS 255 
NROWS 330 
XLLCORNER -2985163.8955 
YLLCORNER -3022031.214 
CELLSIZE 25000 
NODATA_value -9999 
[rows 125 to 149 of 330, columns 57 to 113 of 255]
0.119623037233293 0.151690852284324 0.19302976127725 0.222364689993228 0.236480704548157 0.286190533668081 0.342224841081391 0.338584811439095 0.3249946353884 0.296166493561508 0.279018368593882 0.26697170577793 0.267434244164509 0.263440124335151 0.251137082600273 0.238651800966873 0.226075594344378 0.34548587611511 0.440558026597826 0.475130455902224 0.588496531507517 0.749905036452482 0.791163161502609 0.818813828552974 0.829615700708924 0.857086335423808 0.896861939137264 0.89920203544261 0.895145171995651 0.883898012709407 0.863786114155197 0.835793689772126 0.800028755787219 0.762782386282349 0.725122763058006 0.689565014780773 0.656252872714953 0.61997128130481 0.583542096204252 0.551443216598532 0.524554223785162 0.504362258680234 0.477102359423417 0.449781446728686 0.450468942600913 0.457815712557803 0.475507065290699 0.498935377133972 0.524142250402488 0.529382559046955 0.537566193190924 0.551320237322283 0.572495128214553 0.597429487279257 0.542142117826693 0.499710708538714 0.490784798019264
0.11411187158479 0.123533029862171 0.161063475203921 0.197554656299677 0.232728234984771 0.263329138506232 0.292484492245343 0.321718322978491 0.317496800073357 0.262040701027679 0.245341724167986 0.244237537549274 0.2430935813651 0.238794994764526 0.228614965948588 0.193350609521291 0.145570924491468 0.247502424467771 0.318022152429231 0.311172419308026 0.410219678407754 0.573834945270822 0.650596209739713 0.709296335120199 0.732073746312082 0.78194095485568 0.851805995596593 0.868263487700254 0.87491337277995 0.868762886627755 0.858231825872084 0.843806546655562 0.811796309935419 0.776219397649241 0.738623003264518 0.703925981058984 0.672326597075806 0.63057044809626 0.58802080332837 0.558156181623753 0.532346557937896 0.511749414901174 0.480527357804491 0.448419410596835 0.448419934557419 0.452536524239038 0.463047051461206 0.478119557864792 0.494737136329666 0.500069950815431 0.509040828557275 0.524896946786402 0.53632922997912 0.545520358280043 0.506178978489555 0.475434181956609 0.466872355530585
0.130747142668568 0.124807843270588 0.146703546641329 0.185774018599531 0.246619045566819 0.223619940202442 0.184440096915887 0.2704510530599 0.279110086760361 0.169309964329924 0.158854210152539 0.187344236849903 0.183704210628732 0.182571035525395 0.186111593330803 0.155057636768098 0.106743432218293 0.142709026447918 0.164556144900582 0.151040658671213 0.193879675993125 0.27107942393151 0.437271539909417 0.574295085040587 0.610497728679575 0.677010321221167 0.765897878927462 0.8070199075986 0.834451263523591 0.832079903852676 0.835841260895533 0.845054445792889 0.818796841901143 0.785803619802928 0.751051039385539 0.717982662956559 0.686713660435557 0.638339665242191 0.588851909328603 0.562366504750834 0.537833653137621 0.515810702761618 0.480445430911554 0.443503443916591 0.441038920044571 0.441685487560985 0.447164855467083 0.457061876342264 0.468621363415349 0.475092211811944 0.48315105502024 0.494215268229415 0.489375796689182 0.476479374430773 0.463565582395723 0.452018828490755 0.443665673416482
0.210488484374853 0.136881624915692 0.147041346839077 0.168077467333905 0.202902928732432 0.180925416747513 0.14753939685762 0.193618276546603 0.196994039584968 0.134972912632874 0.142125610168513 0.175233437740822 0.149723541655224 0.136685603835433 0.146900184431556 0.135326285091227 0.112881455089367 0.140264680918515 0.154634671312822 0.137373989336804 0.143898529348748 0.164925505792194 0.237884983423727 0.311107951675255 0.37539508079602 0.495835449214 0.657728436941821 0.720184954033806 0.764550997856339 0.785718144658125 0.803724308791442 0.818920440411625 0.807928918550144 0.788458953225255 0.750006327003204 0.714105563256917 0.680931164480214 0.63635696330776 0.591614933173765 0.566434744982722 0.542421992952129 0.519909916968057 0.479437206491572 0.436202608309258 0.431332000034659 0.428159148504084 0.427623609231391 0.43135688362669 0.436731748441258 0.438423294716933 0.441554871695293 0.447411788229108 0.445258865902215 0.439048086671207 0.434404006473172 0.429689755598434 0.424743667113257
0.301337676886916 0.159447482157528 0.156324568857012 0.154869943231121 0.155530409960455 0.142398720286988 0.125803007509633 0.120184161093896 0.113572846537159 0.105441635192396 0.126286766266739 0.156618565291745 0.119207388793162 0.10077930609357 0.117742998185453 0.123821378434398 0.124468747863917 0.15053758925531 0.163668314445484 0.146185369874194 0.127763658193981 0.108769557055808 0.0767710877073165 0.072393536180279 0.150181091619599 0.318169888729406 0.552745721227339 0.642555322898164 0.707973007872207 0.746874965003279 0.772228302720799 0.785537265301452 0.787819029650003 0.78067049796266 0.735967668563979 0.697845498018166 0.666753987605349 0.62940576689437 0.592309485185683 0.568484053304088 0.545135158491321 0.522398826308269 0.479825135281189 0.433783002344633 0.42485313748137 0.416723148963728 0.409835696338534 0.4068393109129 0.405376287235311 0.401856456806645 0.40015930452826 0.401911673743114 0.404792328243965 0.40824458228848 0.408118728518319 0.407510281762508 0.405929875746169
0.394483460300488 0.223209811177229 0.196341129406409 0.167713020554957 0.136854270774833 0.126053829559748 0.119202199146269 0.0833337420047651 0.0589186902655631 0.0520437421969822 0.0588949241989671 0.0713052944930777 0.0848290244504429 0.104001470974411 0.133705293822123 0.1365455423076 0.12598274225254 0.139372357623 0.147950374689487 0.14464179275845 0.139359358528065 0.132873417872096 0.0862852629958489 0.0524070021302224 0.0627077213262691 0.218135969746301 0.480698130574447 0.62910833945221 0.738206667250363 0.751479763948302 0.751458592274736 0.739619157016583 0.738102686319651 0.728820412597441 0.670988046212363 0.63711328756319 0.628834415489623 0.606654685858586 0.581635247301131 0.561058216534964 0.539660975126674 0.517209397296883 0.487584642896236 0.456453328956071 0.435565453155193 0.417354204069993 0.403300853618904 0.391677256469064 0.381174476722342 0.375122633855147 0.372275301655766 0.37549268714789 0.379394986447208 0.383644269283845 0.384738197711078 0.385172732899873 0.384204040557796
0.476341464603888 0.319510389944422 0.254789666037839 0.197666513901386 0.150175732856384 0.129965965901416 0.115329222296597 0.0636519140159642 0.0407254964050462 0.0618290930349708 0.0520324082203909 0.0312859702356593 0.0568122524394653 0.084975788662727 0.118056178867369 0.122353947174981 0.112291196170908 0.120555953601888 0.129586698914179 0.139743772321206 0.145104231747477 0.147540077336736 0.0954887562597334 0.0490053988286075 0.0287693138889818 0.172395635774094 0.436986056156673 0.609641216903012 0.736673715165533 0.734435824921266 0.724780763514432 0.708532027194348 0.677552248939503 0.642202969510686 0.598192246047871 0.580259630138373 0.590188405499624 0.586624329314361 0.578002799280026 0.55674225219047 0.535026774283437 0.512726507414284 0.489635733015196 0.465979716164286 0.438428096433653 0.413968584213906 0.394312382639136 0.376485973554114 0.359628256254404 0.350499070683793 0.345968217038677 0.350139966652172 0.35510796217542 0.360479343087372 0.36262770297585 0.363921853048016 0.363360697924614
0.546542643057612 0.449413035784141 0.33227280045477 0.245289837410525 0.196540937372864 0.154797419893596 0.114273261672352 0.0616999932646773 0.0601853328695686 0.136863423569956 0.107678186046427 0.0380414492165694 0.0353650609645681 0.0429748799825677 0.0697621384112932 0.0803665994607024 0.0828969741703002 0.0938382269900668 0.108490786467663 0.131381637177278 0.14480698879092 0.152460992169878 0.104371409948304 0.062730960009628 0.0501161607777268 0.182723980950334 0.422535909607054 0.583957130641785 0.702335562514301 0.695035356240119 0.69200165427936 0.692760765217495 0.605813503713777 0.519681472113705 0.517324723121484 0.527411332561587 0.550792207212318 0.569403649613874 0.581642367951226 0.555637835566284 0.531260018654472 0.50897325650671 0.485791772568434 0.461932431252709 0.433184427283715 0.406434966769108 0.382790063588005 0.361264506561826 0.340824448654482 0.328054760890328 0.321289607013714 0.325888373146098 0.331967556552005 0.33879673275537 0.341828767332074 0.343793170157249 0.343428700377928
0.557732356572347 0.501665810007038 0.418227484020964 0.33741775456463 0.259940618467099 0.202035134232824 0.155336132366573 0.168462894873424 0.157260651047711 0.108800205116397 0.066421669641983 0.0290009877480694 0.069823357958165 0.0916996629915157 0.0782532288012128 0.0667653576016889 0.0562546726276887 0.0596351410326847 0.068841556460256 0.0909565051052595 0.115830213703495 0.142386006281091 0.118333955348217 0.0964892018494869 0.0904657122657689 0.170723461375644 0.314674478868781 0.434132149980467 0.533704071911243 0.569989600211849 0.601779669409976 0.629573390774423 0.577877503600225 0.519815560458689 0.501840390607955 0.512172048253551 0.552746222343116 0.568861487874137 0.575124178865375 0.553431353270057 0.52961852233975 0.503080539206268 0.478887289660264 0.454744935671801 0.421696821851297 0.393107974409211 0.37144619583159 0.351643390518023 0.33273990480438 0.318709548253395 0.309634927603277 0.309939317450546 0.314591955962309 0.321447456625344 0.324177092443399 0.325611582245219 0.324200075243029
0.555418259353303 0.531741128417341 0.498525766106711 0.435291674470904 0.333999167685842 0.266198486166172 0.219619501490344 0.299924545370965 0.275510308457396 0.0907256858877131 0.0373437962749491 0.0393172165875387 0.118527304042513 0.152125710468236 0.100686432313086 0.0637474609619259 0.0340431305906269 0.0293691050335198 0.0315069014674319 0.0484335873567684 0.0826889525459717 0.127510040860039 0.129286409753013 0.128483757863553 0.128272925045448 0.152302362911615 0.194226097263942 0.260825836205338 0.332088998705801 0.409758846321758 0.482578478268769 0.551086392894007 0.552780070457502 0.538022246114084 0.500963219874384 0.506657893519306 0.558029867877944 0.568119694256613 0.566265890141813 0.551745623679949 0.529615453051704 0.497703162179372 0.47198739020595 0.447101862810297 0.407437240183164 0.376467152917161 0.359003243591676 0.342649071614231 0.326809229702305 0.313087272965056 0.302062234562797 0.296141266651877 0.29834504354874 0.304664889743097 0.30714398553248 0.308076247561607 0.305562307145862
0.555418259353303 0.534831526389768 0.526756804772911 0.501188854386504 0.453442598063142 0.409850392389156 0.374770291366528 0.425904636778058 0.413966867507062 0.305438486850352 0.246070743022398 0.20672770502007 0.174933624930438 0.147280772602434 0.127348758713709 0.0874604317728977 0.0376152975613738 0.0378826284727993 0.0395861957546507 0.042856821482503 0.0670093326494949 0.103894044352783 0.111617378228911 0.116452901557567 0.118396613360351 0.125826799665013 0.137307130569095 0.125944216744261 0.120395040965142 0.146715572040982 0.257770399544019 0.444151843138058 0.477022723919537 0.48333479620085 0.495105865591784 0.507290725517935 0.519917671971347 0.539366276374909 0.557699242242185 0.555368196613264 0.537376826294746 0.499254955535522 0.470009337301419 0.44137347902624 0.384273294663473 0.346511020759322 0.33878844981843 0.328975137300067 0.318421086595491 0.311892718452257 0.301483126069312 0.283728097283954 0.280574475919644 0.284818059785509 0.289295174536339 0.291831623371877 0.289825337128584
-9999 -9999 0.545667341379081 0.53769327886281 0.519609521882695 0.494126391392636 0.469546486683987 0.483956569613419 0.476636872820655 0.436039510942319 0.40088344964109 0.365672934066383 0.260522190991453 0.185069995085472 0.164987292907286 0.106789355654874 0.0295745765278403 0.0540694403582126 0.0642407557101666 0.0379751722722508 0.0461750291515087 0.0753893149705742 0.083164132107189 0.0907758153784825 0.101919593891692 0.104789115808936 0.101550537587395 0.0544233177627412 0.0125150141181551 0.00963319117719515 0.128042232467765 0.354275740952256 0.402499683174222 0.418763163281417 0.43548975890593 0.448311693042117 0.456961955545933 0.498337126231082 0.542956551688885 0.551770474611341 0.539535706084726 0.50024398306385 0.469911758561252 0.439072204732369 0.365369858917131 0.320068695604317 0.318886212435554 0.316403221287771 0.313418553539243 0.311501212161118 0.302505560920917 0.280113807905283 0.272370966786553 0.272049397095668 0.276176577643808 0.278547249817836 0.27662249085819
-9999 -9999 -9999 0.53769327886281 0.519609521882695 0.504660296862794 0.489340265606075 0.457644913620999 0.445183530872992 0.462177650882962 0.488737197238664 0.514104707762285 0.38235373764577 0.275808846254369 0.216257762672254 0.120673498752327 0.00711119294470105 0.0797861168099238 0.109481018663576 0.0339568253752538 0.0189388502451697 0.0408130085160108 0.0413173969630388 0.0481507513611969 0.0772448047626532 0.0905050232564225 0.092076620775555 0.061593463596234 0.0335670231846867 0.0289883355466221 0.116398858807854 0.285585431037395 0.329509592365554 0.341915838387309 0.309107801665575 0.315297519182787 0.363151751171009 0.442062092040095 0.520543505660438 0.539205484749676 0.534736551621721 0.500534081813554 0.472149640586387 0.441027239780265 0.351757776598781 0.297990354037857 0.299372155438505 0.305199960349516 0.312620789466034 0.312107054118562 0.305517037535112 0.287427315027593 0.276049295851624 0.268071486364753 0.26893268494016 0.268939368792189 0.266566907494902
-9999 -9999 -9999 -9999 -9999 -9999 0.494010272916523 0.451437123470455 0.470399726922581 0.583600109216196 0.597873357899432 0.570591033766828 0.488867070346057 0.407026735099939 0.324969438094141 0.22156732679349 0.107515643018789 0.163998997534882 0.168165468432218 0.0461982313689186 0.00682870490738204 0.0178210396046783 0.0187406123295162 0.0280622127795912 0.0635197958587445 0.0798642677132809 0.0820993394096683 0.0616670377912528 0.0413545123033105 0.03158773321027 0.0928493892178124 0.217253502152029 0.277332463884181 0.303658517206784 0.218147300821211 0.183689212607599 0.203775388263076 0.301410689691517 0.412214717597135 0.478543284050324 0.508993807382793 0.49332504665386 0.473274514243897 0.446223741022596 0.348908757439787 0.290161953677693 0.291327345089278 0.296812313020293 0.303884403340207 0.304631088015406 0.299839064255922 0.284564721504865 0.275698928885671 0.270079765799254 0.269625316757061 0.268071476089067 0.263725910750326
-9999 -9999 -9999 -9999 -9999 -9999 -9999 -9999 -9999 0.783022793453505 0.70408228528171 0.596427102749333 0.583874114857866 0.544212803677353 0.454011170514584 0.353672319167459 0.248275703519915 0.26158230604611 0.223487079976846 0.0631542742891106 0.00154630317125202 0.000133298418850654 0.00333020586882382 0.0152290525209564 0.0513882248368434 0.0691112330841152 0.0732245671570251 0.0589068723307165 0.0430142005508687 0.0294563366434553 0.0666018748793873 0.148821437079642 0.22468866920026 0.266485860542768 0.142189829864655 0.0670913030718849 0.0445545238097285 0.14782369348698 0.279668199337294 0.39248897041697 0.460739825344689 0.471698463506607 0.465570926343348 0.447407145031929 0.347321257502044 0.28656644222655 0.286908906839527 0.289647956601986 0.293299039190856 0.29454567493356 0.290991133126598 0.278350091243985 0.273757636843799 0.273242669750399 0.272151252103201 0.269478022196929 0.263135322249179
-9999 -9999 -9999 -9999 -9999 -9999 -9999 -9999 -9999 -9999 0.70408228528171 0.597007231398209 0.603115126728532 0.608372930262258 0.612045836321644 0.534345925884774 0.416046659804722 0.306699551601042 0.194791278362222 0.0766872653105239 0.0203820263685121 0.0017570240677287 0.00151705465068768 0.00571017223705672 0.0192681464832551 0.0445238937842736 0.0784149992459819 0.0489637413093692 0.0219548990249531 0.0322797912943185 0.0512938650895566 0.0780323983839873 0.0949686869278764 0.108206066189933 0.111687953019405 0.113472762287693 0.113444443749361 0.14091792471711 0.172970656781462 0.188581356409997 0.233094052021693 0.314758700380755 0.362997889325928 0.392528170838265 0.32267867867226 0.281100417941104 0.283438970069628 0.286440257902755 0.289448702302144 0.283186745819323 0.276700469385496 0.269789654756466 0.267937379995221 0.268647807341246 0.267774143486077 0.266139896480824 0.262797938060289
-9999 -9999 -9999 -9999 -9999 -9999 -9999 -9999 -9999 -9999 -9999 -9999 0.625919109493788 0.646861214873931 0.706847444732494 0.647878507271053 0.529559244337702 0.368496323095099 0.230624232514327 0.147527728393572 0.0765689804164695 0.0130109216985832 0.00800498189225112 0.00712526203588443 0.0072247919773153 0.0326274143009009 0.0767089137294661 0.0473641551786421 0.0215078639095454 0.0413809941240941 0.0492387560513832 0.0464151637652215 0.0255617627934569 0.0161918676442173 0.0811257127479686 0.126571430411878 0.151196375608863 0.139784006125788 0.116682144637288 0.0732170972333026 0.0881334971598767 0.178096090221746 0.255206351379277 0.32072507195241 0.29268103962558 0.27548633191474 0.275145073262613 0.279331815973418 0.284915724142454 0.274508978561504 0.266375186247303 0.262543086552595 0.261926210854167 0.262938196749394 0.262530587157109 0.261834338454107 0.260525513666945
-9999 -9999 -9999 -9999 -9999 -9999 -9999 -9999 -9999 -9999 -9999 -9999 -9999 0.646861214873931 0.706847444732494 0.660750493490267 0.561725439440279 0.455299728012743 0.363201359530092 0.304285917886106 0.188754440729653 0.0387027704701519 0.0269382284324405 0.0249330108779674 0.0252812901552601 0.0397575954323917 0.0646632844939756 0.0582735557717853 0.0519635889827697 0.0598940560204039 0.0670529425858411 0.0735259139025168 0.0465786637135381 0.0235257842063229 0.0504729731376216 0.0897711650064438 0.142264951100228 0.147303483447369 0.135968930576725 0.0906006885900225 0.0671380331018484 0.0718338243510838 0.139591021543442 0.223548627101133 0.254654873371719 0.269650265617911 0.259618896549177 0.266375218863244 0.279359302026058 0.269850919773666 0.261994965305954 0.257266323884922 0.255628818127894 0.255557309691644 0.255988016672112 0.256078365994636 0.255351997166471
-9999 -9999 -9999 -9999 -9999 -9999 -9999 -9999 -9999 -9999 -9999 -9999 -9999 -9999 -9999 -9999 0.569403603888683 0.537833039373197 0.503253965727011 0.46285298738373 0.361755944004547 0.223651012901171 0.107076195934151 0.0220224869313514 0.0239450382068815 0.0304094894363444 0.0402267953201441 0.046656761560325 0.0519157552927336 0.0543146927511333 0.0630539203356289 0.0774295032139265 0.0553448301206175 0.0311737623402663 0.0295946139584597 0.0454981386042488 0.0800798435084984 0.104960550144085 0.12388737787355 0.116653686331935 0.111532927664513 0.109128229934409 0.155353059324433 0.214976947016985 0.245249857115966 0.253782482354805 0.228543532276197 0.242941305836927 0.272434622964629 0.262567996187751 0.255029456949065 0.251896955057064 0.250558878439454 0.250129873916206 0.250773701881119 0.250990627060616 0.250163952294145
-9999 -9999 -9999 -9999 -9999 -9999 -9999 -9999 -9999 -9999 -9999 -9999 -9999 -9999 -9999 -9999 -9999 0.648556701212797 0.64133056027472 0.617497405216272 0.553622633919311 0.465333501704987 0.210513750956344 0.0138720207439413 0.016274100051205 0.0152773384334715 0.0117715344039033 0.0271219405071314 0.0409170258923721 0.0405079466026732 0.051429059073144 0.0724224213992447 0.0593936047383474 0.0391381175134909 0.0133304467027189 0.000142904253366608 0.000438484896657628 0.0454928378277708 0.100327513660179 0.145549757059774 0.179758575558583 0.19981023197976 0.220348853631713 0.239984548846391 0.246273505209771 0.233823430714831 0.192263958800358 0.2156891049756 0.264037962909925 0.25398351458835 0.247171598396873 0.246496357664833 0.245940585972082 0.245445338376549 0.246051665574537 0.246140608248676 0.244973375859596
-9999 -9999 -9999 -9999 -9999 -9999 -9999 -9999 -9999 -9999 -9999 -9999 -9999 -9999 -9999 -9999 -9999 -9999 0.648594108432203 0.648717484390138 0.612189595676122 0.553314527006914 0.294731671494288 0.0827546625442286 0.0426091338041647 0.0183468341576855 0.00580961853605636 0.0321733131621105 0.0571155104077847 0.0594225007510475 0.0647197673066272 0.0726753127144398 0.0658574096553158 0.0522476389552357 0.017795551004608 0.00409315932096515 0.0125593780421094 0.0511580751878338 0.0989556082509262 0.159541845755428 0.19914943923965 0.211790120410989 0.223325180667671 0.233144392566332 0.225869576242947 0.209758008149561 0.179919341727797 0.196262837577045 0.230730881757241 0.238168766426043 0.242572023891424 0.241232077730566 0.240520605099965 0.240127522851261 0.240556430325516 0.240636751392142 0.239867266744593
-9999 -9999 -9999 -9999 -9999 -9999 -9999 -9999 -9999 -9999 -9999 -9999 -9999 -9999 -9999 -9999 -9999 -9999 -9999 0.674786101722377 0.648096343274749 0.605133180885176 0.352510598151855 0.136133386761545 0.0635367818377632 0.0239584629466389 0.00875441806543914 0.0405599409566431 0.0706475814534495 0.0733815361705251 0.0735834788704883 0.0715345278332891 0.0687630620361587 0.0599304744256034 0.0211794045621513 0.00607394608264047 0.0162310427658112 0.0461763375056031 0.0849134006526346 0.152312928994744 0.1964371509089 0.210642225194098 0.216586863548441 0.218860054513432 0.208556346289151 0.193596935932661 0.171405311452715 0.184020751043984 0.210615299041114 0.228033018541736 0.238871552201605 0.237258604527709 0.236126741575745 0.235238600500624 0.235774109248566 0.235936657656406 0.235166378869899
-9999 -9999 -9999 -9999 -9999 -9999 -9999 -9999 -9999 -9999 -9999 -9999 -9999 -9999 -9999 -9999 -9999 -9999 -9999 -9999 0.64268812600085 0.591019222889327 0.362084944931777 0.161244778381936 0.0746054784295058 0.0342050054896203 0.027938280085465 0.0550275328572357 0.0793181459807185 0.0783054812426528 0.0743757216203553 0.0678527394693931 0.0651813552943158 0.0577191695000964 0.0225918806115565 0.00446392327346372 0.00449775266394504 0.0217826297157501 0.0477702158874829 0.10639306744122 0.153425554611969 0.185559255202978 0.192136437478305 0.191003200936069 0.196878196404034 0.191847376100565 0.169875352814127 0.184877136485802 0.214550958326396 0.228251440099908 0.236810358983967 0.235638579284044 0.233603734252951 0.231131652509147 0.232291600422755 0.232702015432724 0.231204305782748
-9999 -9999 -9999 -9999 -9999 -9999 -9999 -9999 -9999 -9999 -9999 -9999 -9999 -9999 -9999 -9999 -9999 -9999 -9999 -9999 0.546267063969218 0.551010631285325 0.374346249717529 0.208273094004739 0.106646345726806 0.0487260176515415 0.0230700009629769 0.0472255102734863 0.0723173827154606 0.078710891558432 0.0775139398613258 0.0695692634392307 0.06456969296143 0.0552238305705305 0.0212785096444725 0.00266832966966019 0.000441944468344006 0.00827684843845992 0.0247195108105272 0.0862152032053483 0.131167732951762 0.154854921807403 0.151437374808386 0.142412181919309 0.173163842129916 0.1931683098499 0.196477981573276 0.203193983608497 0.211418139763121 0.223664626648234 0.231800514749935 0.232156862151448 0.230976791671351 0.229018357978595 0.229697315748764 0.229519850475146 0.227227745876088
-9999 -9999 -9999 -9999 -9999 -9999 -9999 -9999 -9999 -9999 -9999 -9999 -9999 -9999 -9999 -9999 -9999 -9999 -9999 -9999 0.528805042389062 0.505439562923403 0.387917675031441 0.26598777390544 0.148912929727469 0.0653311972558358 0.00647425762680687 0.0285651568089162 0.0576755144534053 0.0769131319219242 0.0817960206571964 0.0739179237470776 0.0654061798520462 0.052590000909585 0.0186360564493892 0.000782254522438318 0.000129561599138057 7.985725102936e-05 0.00854008801343621 0.0785887517747939 0.119029141338846 0.121409695708461 0.102815720003487 0.0837114940065325 0.143580814651021 0.195986370336568 0.236797639098819 0.230024290647445 0.204838837141609 0.216734852489554 0.225352952390581 0.227767411903743 0.228299171812374 0.227877139051579 0.227536115883833 0.226363272647487 0.223244122412951
