layers/veg_krg_50/veg_2800.asc
NCOLS 128 
NROWS 165 
XLLCORNER -2985163.8955 
YLLCORNER -3022031.214 
CELLSIZE 50000 
NODATA_value -9999 
[rows 26 to 51 of 165, columns 0 to 58 of 128]
-9999 -9999 -9999 -9999 -9999 -9999 -9999 -9999 -9999 -9999 -9999 -9999 -9999 -9999 -9999 -9999 -9999 -9999 -9999 0.435305432900603 0.32887092009354 0.242748513027049 0.108353655075405 0.236264132872984 0.326029747805152 0.298784589132513 0.344386914243404 0.514070529298375 0.544586450310191 0.517010312036503 0.516896164894424 0.5303593975126 0.521820275553139 0.576018629134929 0.611144016797084 0.658319300918257 0.691419748135271 0.720480207219588 0.749447741953753 0.754092610770928 0.746317978143608 0.757233418338725 0.757021209776192 0.77307713195643 0.761307173283082 0.740571708952043 0.716199824276476 0.709467338221399 0.680625742988207 0.665520285222484 0.661107701493558 0.64784387939725 0.628521598619178 0.605636391919365 0.379674643101184 0.373820481733915 0.361896988700224 0.350503919485532 0.33513510676633
-9999 -9999 -9999 -9999 -9999 -9999 -9999 -9999 -9999 -9999 -9999 -9999 -9999 -9999 -9999 -9999 -9999 0.532488833961858 0.468272403669591 0.439095231655051 0.304154424086249 0.178918481801038 0.126585709258335 0.241368594565982 0.217090121900586 0.305504063195908 0.431144813849413 0.509852692735394 0.527848059614186 0.495547831069445 0.516570802990497 0.593973663733399 0.619809753520418 0.647515939851143 0.672610259505511 0.702544854733734 0.727913254934566 0.744883232197789 0.766573489393208 0.777357880503351 0.770988213930875 0.784864210602249 0.788403650067825 0.803932589766646 0.795173084275426 0.771505559620298 0.759297068465601 0.747845579391938 0.727568375592435 0.708771433873759 0.692389629944407 0.674299392435242 0.666820343607435 0.647920550437383 0.510504688522082 0.381934281055892 0.358165424578013 0.455656391153303 0.492741190142107
-9999 -9999 -9999 -9999 -9999 -9999 -9999 -9999 -9999 -9999 -9999 -9999 -9999 -9999 -9999 -9999 -9999 0.532297428738382 0.515587829075719 0.401491361973422 0.27652158513335 0.149694293415556 0.166674079489224 0.246594479197374 0.302605434572169 0.413635546607889 0.448469883875026 0.491289694714066 0.547364458043867 0.648702793676716 0.66072676973146 0.675371189187685 0.680298527441317 0.693772749810848 0.720944061076578 0.751476151108423 0.762159813465626 0.774350639226331 0.799291015410794 0.819067320918479 0.820630775576818 0.818485453856977 0.826532078740029 0.835919152374267 0.822616217950312 0.827644345470204 0.814392481668873 0.78581805079051 0.776142587060596 0.754405406997017 0.725559195169829 0.703756862232984 0.697418022948631 0.685190578138432 0.574170648721236 0.557871565041485 0.573176170482375 0.571970156200176 0.568421910625021
-9999 -9999 -9999 -9999 -9999 -9999 -9999 -9999 -9999 -9999 -9999 -9999 -9999 -9999 -9999 -9999 0.576098412959689 0.582305770814552 0.522557328279947 0.368409656268861 0.303709749976831 0.235692676672997 0.275361043811503 0.285283535331913 0.401045572516389 0.442213160341413 0.473915787554682 0.602712595807642 0.666423081405616 0.677243290306843 0.704847607951162 0.723277864846969 0.730460383585777 0.735258827275666 0.755177514816326 0.788206220521872 0.802547869599464 0.827445454468269 0.833786747827093 0.847510257807244 0.853653337246648 0.857178734365666 0.86563152372148 0.863356903326512 0.865192321640515 0.865465805765921 0.84469683022172 0.816309582889617 0.802304774134102 0.770207197737074 0.75372140719709 0.736504324223834 0.72922229784676 0.723298840527907 0.695509754786569 0.617669166615182 0.626684878452417 0.632597884725966 0.639757172587869
-9999 -9999 -9999 -9999 -9999 -9999 -9999 -9999 -9999 -9999 -9999 -9999 -9999 -9999 -9999 -9999 -9999 0.585456306635129 0.473314269126655 0.346403200467956 0.270930399167564 0.330562809010158 0.37484649542022 0.467482684498851 0.516456005138847 0.522488576978293 0.551929485238854 0.662785676627215 0.687032347796386 0.71291153286946 0.736026309679083 0.772736842146463 0.779669388679236 0.788154428689256 0.796722062154123 0.818306989364412 0.833819775666414 0.850587471417691 0.868250340091451 0.872958044028028 0.877281717896218 0.881725131971998 0.891984405570456 0.891461674826986 0.896874798121885 0.88620967501204 0.863012433296255 0.83659931696364 0.813659277853465 0.791725050148559 0.766197476157366 0.740674214261975 0.723832212591071 0.715410729942269 0.702156015237717 0.648355358505753 0.653125464448583 0.66224322748527 0.670177083266018
-9999 -9999 -9999 -9999 -9999 -9999 -9999 -9999 -9999 -9999 -9999 -9999 -9999 -9999 -9999 0.609706941105292 0.58593284042481 0.536064909323459 0.36710095017669 0.25227189752685 0.32852793004891 0.486756984587605 0.514215860754462 0.564728956691949 0.606451292718046 0.648086681499674 0.698002655439139 0.733116506963983 0.74840031667453 0.736728479502637 0.783756792069032 0.824933793098585 0.832604580098953 0.837114810228334 0.84231235279171 0.851855767935542 0.860556132905684 0.873573937524753 0.889178829887147 0.897198409085687 0.898215947437763 0.901589793545387 0.907218357622705 0.913791570610126 0.916520935514744 0.894005737585348 0.86075713424611 0.841353568962563 0.826886677137644 0.80942031501371 0.785821676637073 0.76165510380303 0.750146259218965 0.741276581700325 0.73963007124869 0.727706828214516 0.688948828294881 0.680825997394042 0.69127987717799
-9999 -9999 -9999 -9999 -9999 -9999 -9999 -9999 -9999 -9999 -9999 -9999 -9999 -9999 0.597058714727431 0.596161152925614 0.558290482847538 0.421809917589934 0.262969369667338 0.312145378879025 0.478964017884186 0.58412025328543 0.602416515381844 0.648580865084867 0.70489915109295 0.742326918027133 0.774944257877845 0.790354988684304 0.81302500309998 0.82543695910465 0.847069488929034 0.873715857658263 0.879873549293538 0.885682706458387 0.892827982438738 0.894475429796541 0.893161138081534 0.890067951455691 0.907572167148394 0.905042824353661 0.908448549002319 0.908733525203254 0.912613809537184 0.918326622467553 0.912215733374605 0.892185563961956 0.865507985513053 0.844762387543732 0.833658027615083 0.821473094513025 0.802308103455715 0.781337537389486 0.771124265942818 0.76562709926668 0.766630341665826 0.765611611635357 0.75889854207169 0.749651466598491 0.739396726594209
-9999 -9999 -9999 -9999 -9999 -9999 -9999 -9999 -9999 -9999 -9999 -9999 -9999 0.584613088420859 0.579212941475986 0.588163591496709 0.442954165254948 0.263325994263744 0.19631648358685 0.425785214130111 0.589166969550356 0.650897591214328 0.665320182973679 0.73508111985112 0.760873780710944 0.783597263203147 0.810100226969234 0.833826313481379 0.853230268558916 0.877845724581768 0.908574218261565 0.933831317438268 0.932239153778926 0.928996570934831 0.929454066790245 0.924524596505409 0.925558973793675 0.925016824570441 0.911560125388208 0.903874543499684 0.910089950509693 0.905269329178951 0.910193124542471 0.912573079083274 0.900872900294723 0.88151491890661 0.862954471397813 0.844662088103054 0.834165549305055 0.825670015598289 0.810860110238281 0.794944487236513 0.789293800106717 0.787952578257735 0.787177105520142 0.79216799820688 0.795668836283298 0.795093800284163 0.773916096590737
-9999 -9999 -9999 -9999 -9999 -9999 -9999 -9999 -9999 -9999 -9999 -9999 -9999 0.598260710350371 0.603523497269471 0.601219729141622 0.40079821566789 0.206129323228977 0.159691382409028 0.384860069955184 0.610530121391398 0.708113621181753 0.765969043782 0.778091298268829 0.789169678364966 0.809090344078346 0.834587152295688 0.860910771170399 0.878216384298179 0.892964334562238 0.919279222796881 0.95276623201791 0.962695879719704 0.95677252775389 0.950168044563671 0.946350266855123 0.942064198570597 0.93944541223219 0.918628498112352 0.910187358668132 0.913210130396283 0.901056377313724 0.900843068634663 0.900981549576536 0.885849202320966 0.865772900540769 0.851586830582998 0.839664244525543 0.826200615634928 0.819256506358246 0.812764662215726 0.804444353066793 0.803373674425253 0.807126267500568 0.812423283246775 0.817488328522438 0.821588916250886 0.824400074084483 0.825970282024957
-9999 -9999 -9999 -9999 -9999 -9999 -9999 -9999 -9999 -9999 -9999 -9999 -9999 0.620947217590969 0.623545113753356 0.602095708293994 0.306947344359499 0.189005195292049 0.238037771420502 0.512817458754831 0.650650441384071 0.722310570198766 0.766209152840855 0.800856329493015 0.80814518778955 0.823514475024607 0.853933828641809 0.873614914795413 0.898189272825572 0.916781332514465 0.9319458806279 0.950247276730703 0.964373205864641 0.962203012315523 0.959516096109209 0.955995294610848 0.951509091213732 0.939220901418236 0.919895934394505 0.918179556552413 0.911966751979276 0.908207626698805 0.904728901842367 0.887374573571849 0.867529466568338 0.848946425738401 0.837039985827675 0.829486710436301 0.816053899410689 0.807857311841412 0.809263475197923 0.807890682152224 0.810127799458806 0.820108330789145 0.827453950598921 0.835946988182446 0.84261889720434 0.848375636523984 0.849783990985973
-9999 -9999 -9999 -9999 -9999 -9999 -9999 -9999 -9999 -9999 -9999 -9999 -9999 0.631434027052327 0.641766023847479 0.637775861113289 0.268938705403208 0.208827145452985 0.373626620564747 0.652883688490366 0.704164181821443 0.731810220185184 0.773679585433592 0.819901808888919 0.829616790179331 0.840814750601252 0.860323991834191 0.879678034833911 0.899480551356959 0.921567554763404 0.935859503632751 0.944874613147137 0.9495778279112 0.954261699245089 0.956737926540456 0.956778954938552 0.944412975281979 0.921787663617829 0.911152640280834 0.915412493920222 0.912471070448868 0.911132251441114 0.892311730429681 0.871174816961201 0.853139335423136 0.830106889951206 0.814551670945711 0.80519884110196 0.794946603270918 0.788322584965824 0.793455787838476 0.80246459822267 0.809280660592504 0.824586330196906 0.835885246508458 0.852798321440173 0.863172958706569 0.869116299290205 0.86976847729543
-9999 -9999 -9999 -9999 -9999 -9999 -9999 -9999 -9999 -9999 -9999 -9999 -9999 0.633607837894137 0.660663167083345 0.673713649541701 0.282806274483948 0.252381474836729 0.37735996980725 0.64680489911328 0.720299262688868 0.751019092709676 0.807074732899604 0.825667344670905 0.840983253230796 0.856123046826705 0.868960892075382 0.886424222040464 0.897981356468847 0.914748396213735 0.9298795440866 0.943319427270972 0.948838170634393 0.952246968171511 0.951738169110309 0.952900376406572 0.93005895569408 0.911971922385105 0.909804819911268 0.901576773482809 0.893951058044509 0.882080849150059 0.86236880419483 0.840461249024057 0.823808881643786 0.802502743129864 0.786035711537088 0.773832124486767 0.768881788493828 0.768050183659155 0.768894430203303 0.778231058762553 0.797324231753129 0.82014790497813 0.846906409495707 0.871384441029186 0.88572786290807 0.889685621716726 0.889206421854883
-9999 -9999 -9999 -9999 -9999 -9999 -9999 -9999 -9999 -9999 -9999 -9999 -9999 0.645432937210955 0.672571211894101 0.695746800228673 0.534649430976758 0.313171800763765 0.376429873158518 0.662434221155418 0.729508303878129 0.751323656163294 0.798387852011401 0.824617776570929 0.840982788046563 0.855236052113658 0.872569273082689 0.886144987087331 0.901576555320666 0.91200882363312 0.919365403207894 0.932067430638676 0.944853899010614 0.949008209133316 0.948178581582333 0.934044253673827 0.912621743271378 0.900982511335255 0.904876961365818 0.896491549408293 0.882945488446114 0.86416407112632 0.832483060766394 0.811578588497719 0.788342366197592 0.77336412628154 0.765102725018375 0.75923168802542 0.749353677313175 0.741359206314921 0.739370321139701 0.749201271016606 0.770547725632822 0.805845681497865 0.849621401450448 0.886355689760473 0.905486703894638 0.910812637378131 0.911174400253553
-9999 -9999 -9999 -9999 -9999 -9999 -9999 -9999 -9999 -9999 -9999 -9999 -9999 0.690402876455485 0.691760026355464 0.689441213126772 0.513141400013484 0.31211667003029 0.426944534614752 0.692565341049836 0.730212400746628 0.731024370980979 0.759729117365042 0.783310174988456 0.794496432419983 0.813653510544442 0.832961776637321 0.852049990449574 0.866507901717796 0.882473708045347 0.896100486797315 0.902534728102184 0.908521693782191 0.924718091874719 0.938715628568762 0.919268678825754 0.893894917622048 0.897390136896499 0.886014630784016 0.860541053424743 0.855015625553123 0.837524868987149 0.800808758581264 0.779882242971476 0.761241389938459 0.747530803309314 0.746490411360259 0.737779790831642 0.727275498733842 0.718302447805127 0.714836735237474 0.717839368747527 0.736338389573778 0.785111340663301 0.846806578175895 0.900213160644291 0.92610788068655 0.92913454261315 0.922260108351658
-9999 -9999 -9999 -9999 -9999 -9999 -9999 -9999 -9999 -9999 -9999 -9999 -9999 -9999 -9999 0.601247386036895 0.282541695006243 0.36348453049086 0.542561010247873 0.656779314263055 0.697930976044142 0.713446279732969 0.750565944253668 0.770063160135504 0.786798270745605 0.802475274244924 0.81915530994785 0.840534353504592 0.855903800588719 0.870177698104115 0.878090272985899 0.88809074067871 0.89338496778363 0.900820326366386 0.895415125398958 0.873064628523969 0.867465945635283 0.86616723882538 0.84412993064629 0.851058503881897 0.836474894575365 0.802478532665371 0.773996136505783 0.751144074025652 0.736743226043359 0.728916242161216 0.724799727195448 0.715117474223682 0.710454808489159 0.703886025480422 0.699008556320933 0.698897775937702 0.712557745872938 0.76976753177159 0.841146076323418 0.906677865265602 0.935613501117287 0.932016222646405 0.923642910790612
-9999 -9999 -9999 -9999 -9999 -9999 -9999 -9999 -9999 -9999 -9999 -9999 -9999 -9999 -9999 0.540212897965783 0.373929039696814 0.353473330985132 0.528145115550859 0.62350130129709 0.67902713274355 0.709733360237377 0.74269219568273 0.761982579136909 0.7782607132758 0.793301797469417 0.810370694053038 0.829573456782086 0.847104638758998 0.856483144628051 0.861215809108058 0.871889966179077 0.878988244415465 0.884728381482951 0.878123850777405 0.852418025420541 0.849203548851252 0.83841885552307 0.825039342706536 0.825299365226868 0.804577842769831 0.778556243761399 0.752035883708576 0.728220806332534 0.720220214937272 0.711195096314769 0.704740522587335 0.695547203381304 0.692784846709427 0.689540684654512 0.691788093156794 0.699081284802678 0.720964566320131 0.768065142350041 0.829513922051312 0.885121222439762 0.913055531579392 0.91727945341197 0.910747462852715
-9999 -9999 -9999 -9999 -9999 -9999 -9999 -9999 -9999 -9999 -9999 -9999 -9999 -9999 0.641209400673246 0.554441975159718 0.394742774570953 0.395804187234331 0.538793041944459 0.62708213372512 0.657683530199885 0.70821706074099 0.737104517220697 0.758254045173259 0.777736500751982 0.794317227483304 0.807995405761103 0.820380865116869 0.83271479149188 0.841630798341685 0.844588436950079 0.854567057524496 0.859635387834923 0.860361384800556 0.859792814466167 0.833706403017524 0.817678348456179 0.807727469778129 0.794391983702518 0.777361870827113 0.770404591513555 0.758378551753696 0.743564617115041 0.719394565934225 0.702337318970998 0.690017350583851 0.684920562183195 0.680715022146427 0.678137479461571 0.683763986337343 0.692306792803907 0.704828641722127 0.729925933172564 0.769146080438102 0.813922683881798 0.856527816274211 0.884189900229009 0.893088316389262 0.892395586807114
-9999 -9999 -9999 -9999 -9999 -9999 -9999 -9999 -9999 -9999 -9999 -9999 -9999 0.634924370624552 0.624171909352325 0.529439336865232 0.416360570728515 0.369203385635036 0.518897360311548 0.62916199224614 0.660690908484054 0.721425059781178 0.747751422193382 0.760832028706372 0.77306634639413 0.788211083230743 0.796728012941369 0.805263451986077 0.814132666166425 0.822100678736363 0.828106700783127 0.831076098483482 0.837500108810662 0.847119010845563 0.836950661206144 0.802602923451866 0.790268482572244 0.781721492385263 0.764552680128637 0.755072499570672 0.7513554648956 0.748535643021238 0.730447894703781 0.69982113215649 0.683113816270601 0.674851390832289 0.674444294302209 0.671575047172769 0.667911540446945 0.676563385971768 0.688854730216547 0.705190391753753 0.727273648515052 0.759337425734093 0.795467249612794 0.829332953725567 0.857448169296704 0.865756297111698 0.87452014261385
-9999 -9999 -9999 -9999 -9999 -9999 -9999 -9999 -9999 -9999 -9999 -9999 -9999 0.630992783632803 0.631634892897323 0.531157782654747 0.4429680294166 0.454523337987894 0.537145583679216 0.66264214933938 0.693046283059653 0.726113302287868 0.73512999754136 0.761112349851071 0.769562015637021 0.777662578144146 0.787351415108554 0.797536716930626 0.806333766341274 0.813856323235793 0.817309599990645 0.817265018640201 0.823791601669323 0.816911894459979 0.804019041598072 0.78736697016792 0.766423548136568 0.759157928484474 0.743387216289993 0.734588509595214 0.737695976070844 0.725917705224397 0.698137538897447 0.688892096307518 0.684210048147706 0.66635082060817 0.663272289017255 0.663581698025423 0.675380287639883 0.67442336378503 0.685949181093079 0.700769552103629 0.720477083505461 0.75246121049209 0.794211790693109 0.817367123768476 0.833844531011618 0.837296876435519 0.838817650592243
-9999 -9999 -9999 -9999 -9999 -9999 -9999 -9999 -9999 -9999 -9999 -9999 -9999 0.676254198385317 0.673398717608662 0.583869476073385 0.373844956831396 0.437563203174052 0.590356769475385 0.632723967812401 0.640297793826303 0.69273786053616 0.69740754136734 0.742076060896404 0.753234497175896 0.759559280861444 0.770267232995032 0.782092905793639 0.790831417810324 0.798436520107978 0.796176083812912 0.799516456493337 0.800507344234745 0.802463543526737 0.797413433408165 0.775509250432372 0.767994798206949 0.753742206178923 0.743109669781383 0.725075811662562 0.706048358556639 0.695897089611991 0.689163974498163 0.681474832622185 0.673120364126523 0.661776063608901 0.651019021615578 0.656671269771955 0.663994335212554 0.675265447273197 0.686352105074476 0.698360774890287 0.711586258740987 0.741113215021505 0.774730793397774 0.798352003682934 0.807788895033777 0.821674286886332 0.81776959248435
-9999 -9999 -9999 -9999 -9999 -9999 -9999 -9999 -9999 -9999 -9999 -9999 -9999 0.693680156669783 0.69733751802785 0.684681096129161 0.521086084092523 0.463093642270986 0.614333288915042 0.545271078139421 0.564184410848307 0.648721542789837 0.654997931537211 0.709091433442215 0.7166494619435 0.725323198703111 0.741912060986143 0.757958732677761 0.761597939027799 0.767415112877452 0.766192228100623 0.771683488316132 0.773409327868252 0.771839925436333 0.767375591643012 0.753936516606587 0.739469497053934 0.734471591614793 0.735119502732436 0.727430848893405 0.707048242851329 0.694628899879686 0.675129215731968 0.667426479217109 0.660214711625158 0.655183881592022 0.653244821154016 0.648800240028743 0.646050872341658 0.664080789697932 0.673515200686793 0.690362376706724 0.705481639555441 0.731848612399016 0.751988022232995 0.769849403861961 0.784936548488089 0.798614019308277 0.796587254749736
-9999 -9999 -9999 -9999 -9999 -9999 -9999 -9999 -9999 -9999 -9999 -9999 -9999 0.669601600717863 0.66455598281348 0.6677586983966 0.599102888204616 0.503193120991702 0.589453058264688 0.551646106657154 0.537540587568981 0.629287284270674 0.64168344715937 0.67819258542748 0.698844126086934 0.699700920345358 0.703199301979085 0.708062138179074 0.711631537397608 0.739927028005207 0.739822772879263 0.741485733658514 0.740358071847108 0.743821370882121 0.742048116119048 0.731453224401425 0.724620621775348 0.704233535576643 0.706845120000688 0.734639159951339 0.725997495594079 0.706777363106163 0.687525645841008 0.672294431590689 0.667213924512051 0.658906250983376 0.660601491294061 0.657119995093649 0.652847749624624 0.657711488694321 0.670539769251482 0.670923210769236 0.68682174189803 0.708911073896093 0.73148503026736 0.74854666480319 0.760842817218959 0.770663112529166 0.772169656630596
-9999 -9999 -9999 -9999 -9999 -9999 -9999 -9999 -9999 -9999 -9999 -9999 -9999 -9999 0.641731623649194 0.658556505617702 0.655488620108848 0.57745438119994 0.487362852246121 0.473816568194329 0.501475179517299 0.643901345229533 0.669704988562345 0.682706612400493 0.677774095925122 0.677753665359333 0.680419049976763 0.66942074552294 0.665823494236964 0.669153179500053 0.694543974606279 0.719509068631351 0.72130998576325 0.724273158298753 0.724876745191095 0.726621870268094 0.713795540933624 0.699841251900397 0.684142952989897 0.710854382672868 0.704360137994525 0.701206980852081 0.688428505955303 0.674824813965381 0.666212750983499 0.639226720717067 0.628352375190415 0.62890468267079 0.630564028258868 0.639359069636069 0.650196932840933 0.653068707329413 0.662265831680981 0.679847119224633 0.717692407727593 0.727847993424466 0.736083344842719 0.740746289653298 0.748572860371937
-9999 -9999 -9999 -9999 -9999 -9999 -9999 -9999 -9999 -9999 -9999 -9999 -9999 -9999 -9999 0.66341756433973 0.634945489653543 0.622534516614086 0.556729802554723 0.484061332557166 0.531890381685855 0.594009207001201 0.685147070246612 0.678729563104237 0.635747379950493 0.639713336331774 0.651667650724721 0.644375024023625 0.636763738707302 0.632685680855213 0.64090375975229 0.672454491133683 0.692542029280127 0.689207478466242 0.693885489589738 0.654260382745639 0.618733434735324 0.619621242657986 0.670928495634205 0.635027774708785 0.626734170675113 0.633673025091157 0.667636758326607 0.662299024957773 0.627512518118031 0.610632713899537 0.594042441481127 0.588359789182311 0.592130012717415 0.603366402057725 0.615077030932964 0.626870199830839 0.640694549238908 0.655066748715299 0.670396402266165 0.681746216498846 0.718583233492968 0.71003500874116 0.707642595269128
-9999 -9999 -9999 -9999 -9999 -9999 -9999 -9999 -9999 -9999 -9999 -9999 -9999 -9999 -9999 -9999 -9999 0.639107842901369 0.574701946460477 0.490490918420848 0.532047581824785 0.535702336716174 0.610802157775421 0.640655485135045 0.622765008009375 0.612980922301302 0.625794377341469 0.621288783692871 0.606707477171598 0.615294632439074 0.624368150210139 0.613957880320598 0.63788261655533 0.618320480735695 0.624014967744428 0.620380764991288 0.615079118775864 0.676046586442155 0.682329202061351 0.66097259118183 0.627747685499156 0.625104759229919 0.622296313573208 0.608342851291311 0.604605451558041 0.589977525238736 0.582790801611756 0.582330409593582 0.583756229214399 0.590951296754852 0.597754425015784 0.608199062056472 0.620301676052148 0.635265399205673 0.64796862041249 0.662511076276187 0.683243775833004 0.691996123990308 0.689710558205295
-9999 -9999 -9999 -9999 -9999 -9999 -9999 -9999 -9999 -9999 -9999 -9999 -9999 -9999 -9999 -9999 -9999 -9999 0.596909246970727 0.486544748412084 0.475865928860758 0.511411190047226 0.476181108431426 0.555941597670864 0.579271277218829 0.574217569769452 0.580719694816489 0.583748540489673 0.595846331132642 0.607690888649349 0.600532054059709 0.595462020021422 0.596944230715347 0.606827355574563 0.616062097349633 0.629294166973114 0.647501913874039 0.686712603497771 0.673332053123233 0.658225212901891 0.626969917106359 0.606404989041445 0.608902934039196 0.608319448629386 0.602319623886348 0.592091156224451 0.582141961158657 0.5758158962001 0.567019060089818 0.574258681050964 0.581352145707854 0.589383590864731 0.601996324277236 0.607376016036518 0.619193115041649 0.629982080525327 0.64337313093179 0.651463870875198 0.660561546118028
