layers/veg_krg_50/veg_4800.asc
NCOLS 128 
NROWS 165 
XLLCORNER -2985163.8955 
YLLCORNER -3022031.214 
CELLSIZE 50000 
NODATA_value -9999 
[rows 26 to 51 of 165, columns 59 to 117 of 128]
0.370939130549976 0.350146921347592 0.340331093428103 0.324977499640782 0.311671005537292 0.504091266669592 0.66204429537553 0.697894845205435 0.706403257406858 0.676382231047524 0.713175765383235 0.745753426282175 0.771427242016368 0.801393153574419 0.830464905897343 0.853674839937922 0.861273454709005 0.886066994523986 0.90009325073925 0.897762720684448 0.90632106835329 0.914680143972788 -9999 -9999 -9999 -9999 -9999 -9999 -9999 -9999 -9999 -9999 -9999 -9999 -9999 -9999 -9999 -9999 -9999 -9999 -9999 -9999 -9999 -9999 -9999 -9999 -9999 -9999 -9999 -9999 -9999 -9999 -9999 -9999 -9999 -9999 -9999 -9999 -9999
0.371609530999563 0.360865373737986 0.42324962230108 0.51855713661417 0.536576682562006 0.640816375350918 0.686638436010635 0.720307992448507 0.718399758645046 0.710579027687883 0.714800254884597 0.702768001950961 0.750826636081977 0.790862421580249 0.81803866009956 0.843567769978961 0.844947953652303 0.865732163249136 0.873055008386487 0.889613047583091 0.900645945850854 0.913304912923714 0.907940125225215 -9999 -9999 -9999 -9999 -9999 -9999 -9999 -9999 -9999 -9999 -9999 -9999 -9999 -9999 -9999 -9999 -9999 -9999 -9999 -9999 -9999 -9999 -9999 -9999 -9999 -9999 -9999 -9999 -9999 -9999 -9999 -9999 -9999 -9999 -9999 -9999
0.628983680848178 0.631029271831123 0.638421873461616 0.633859159043677 0.652744514741577 0.679748583588582 0.786105496365903 0.774571991316048 0.728518739696393 0.720566249915678 0.727197462491755 0.721456393758139 0.716886120148412 0.750445797579284 0.813489870786571 0.833960013505427 0.852812204361135 0.865327953838003 0.884194275081132 0.905967359909357 0.912219287132307 0.898537922636574 0.908306785383516 0.906123636492661 -9999 -9999 -9999 -9999 -9999 -9999 -9999 -9999 -9999 -9999 -9999 -9999 -9999 -9999 -9999 -9999 -9999 -9999 -9999 -9999 -9999 -9999 -9999 -9999 -9999 -9999 -9999 -9999 -9999 -9999 -9999 -9999 -9999 -9999 -9999
0.654550662111159 0.661607881029116 0.670171937924577 0.69577955250336 0.704076285391843 0.704704318059959 0.76435356071319 0.768221504950593 0.728758679065795 0.721423260076203 0.732648885107834 0.715223811865198 0.711326542200689 0.750987662296713 0.801339723639201 0.831008637241969 0.847896730532397 0.864209213774301 0.889204444232632 0.905732112585345 0.907449383922721 0.908621075188978 0.91271055717512 0.904388559405126 -9999 -9999 -9999 -9999 -9999 -9999 -9999 -9999 -9999 -9999 -9999 -9999 -9999 -9999 -9999 -9999 -9999 -9999 -9999 -9999 -9999 -9999 -9999 -9999 -9999 -9999 -9999 -9999 -9999 -9999 -9999 -9999 -9999 -9999 -9999
0.688839895141086 0.704047824161013 0.725362836304673 0.728381886520137 0.729725112053733 0.752722232399167 0.782930718782191 0.765740724319557 0.745566468577207 0.73644566657302 0.695705513725502 0.695507261233726 0.683243124985267 0.748079390546147 0.792966638337387 0.817530884711216 0.838831554423416 0.853819231407689 0.875687980909531 0.895569703576737 0.913436189510652 0.9197914441485 0.918328477286535 0.920309632425411 -9999 -9999 -9999 -9999 -9999 -9999 -9999 -9999 -9999 -9999 -9999 -9999 -9999 -9999 -9999 -9999 -9999 -9999 -9999 -9999 -9999 -9999 -9999 -9999 -9999 -9999 -9999 -9999 -9999 -9999 -9999 -9999 -9999 -9999 -9999
0.732960410359102 0.750167366457781 0.750872438025774 0.758454271408258 0.757294339337815 0.755638563677326 0.741576125314558 0.73492398663939 0.727949016111763 0.710537125010852 0.677416463103418 0.687896762744935 0.657725521763011 0.710874442707584 0.774068829553924 0.794803454608211 0.820032593057721 0.847533029343927 0.86507768779857 0.894469802243293 0.91842128677162 0.923906939864511 0.923468948456655 0.926922755538653 -9999 -9999 -9999 -9999 -9999 -9999 -9999 -9999 -9999 -9999 -9999 -9999 -9999 -9999 -9999 -9999 -9999 -9999 -9999 -9999 -9999 -9999 -9999 -9999 -9999 -9999 -9999 -9999 -9999 -9999 -9999 -9999 -9999 -9999 -9999
0.774882868187171 0.772738636615228 0.778713915398602 0.78956289188917 0.788815022180352 0.762068234827764 0.749820887783144 0.737181933324151 0.724826900144655 0.679639124061779 0.691892112912057 0.663346732586591 0.6382264035715 0.712247872628831 0.757255718912247 0.765750137930133 0.796676770349134 0.834102329011519 0.855532747320393 0.895477995098394 0.924818087561478 0.931473572114104 0.933562922460486 0.927926768982686 -9999 -9999 -9999 -9999 -9999 -9999 -9999 -9999 -9999 -9999 -9999 -9999 -9999 -9999 -9999 -9999 -9999 -9999 -9999 -9999 -9999 -9999 -9999 -9999 -9999 -9999 -9999 -9999 -9999 -9999 -9999 -9999 -9999 -9999 -9999
0.797685815341949 0.797136573490185 0.799876434511906 0.80869257305316 0.803139458893061 0.832381228663379 0.816196544476157 0.79818630629259 0.774781944644744 0.775532866795659 0.711480452636603 0.683559497149755 0.706724360631988 0.703665653993916 0.715799404466506 0.734688568902768 0.789341004303538 0.826439831018336 0.872238307197267 0.904636466206358 0.930119327666995 0.935082196119894 0.939946964048947 0.92539080015836 0.908294172394877 0.887212526339981 0.879170938987556 -9999 -9999 -9999 -9999 -9999 -9999 -9999 -9999 -9999 -9999 -9999 -9999 -9999 -9999 -9999 -9999 -9999 -9999 -9999 -9999 -9999 -9999 -9999 -9999 -9999 -9999 -9999 -9999 -9999 -9999 -9999 -9999
0.827695143318094 0.817686544754799 0.818198186911687 0.821156213854635 0.846003144551647 0.840286181358664 0.846620178992343 0.849115627275353 0.835713956442678 0.838840626851345 0.731367662812712 0.762525099837275 0.697461901566173 0.673114840575834 0.611174572769684 0.733329346060228 0.801337327483681 0.832389225995943 0.884023357880228 0.923292942602909 0.950041113873657 0.945324546471967 0.935832882850804 0.919231997781271 0.89869435370384 0.877163178476721 0.870049297060258 0.839578091827387 0.833654603076751 0.79354065250176 0.759174111080195 0.751316174943964 -9999 -9999 -9999 -9999 -9999 -9999 -9999 -9999 -9999 -9999 -9999 -9999 -9999 -9999 -9999 -9999 -9999 -9999 -9999 -9999 -9999 -9999 -9999 -9999 -9999 -9999 -9999
0.843273511002503 0.840419684096328 0.837810335630144 0.830893899229073 0.861637428744458 0.847783373321704 0.845319921109232 0.843480998752587 0.857218754284439 0.889107729536226 0.851410828267718 0.826565712591429 0.778438715265497 0.761505558205362 0.733365280384473 0.785092866284942 0.812270500138642 0.855416550507307 0.892220582427857 0.931066062606783 0.949735490013564 0.943594934219278 0.92679112226575 0.909111536584866 0.886491511287738 0.869764220725384 0.842318871522753 0.830516246269795 0.800820329764886 0.774022272312638 0.743048453432835 0.739997292980711 0.70829112356001 -9999 -9999 -9999 -9999 -9999 -9999 -9999 -9999 -9999 -9999 -9999 -9999 -9999 -9999 -9999 -9999 -9999 -9999 -9999 -9999 -9999 -9999 -9999 -9999 -9999 -9999
0.863161436673 0.86214168969235 0.854444256687421 0.844265195820448 0.841889580640113 0.854352084210936 0.866882498748924 0.875785985505852 0.905421404124725 0.880768021858824 0.874364564499706 0.873071430024012 0.86939756617274 0.843773902525269 0.827331107873331 0.806003743068426 0.810094605554711 0.845999149830277 0.879856972649733 0.915551740474986 0.92917571663552 0.922348950378719 0.904430076960064 0.882730649416397 0.875946832350028 0.85421771581323 0.824388455810689 0.803110376364116 0.785899894917972 0.75403237649364 0.72919152944581 0.702134522080407 0.692273181189446 0.693579280200643 0.667326164388804 -9999 -9999 -9999 -9999 -9999 -9999 -9999 -9999 -9999 -9999 -9999 -9999 -9999 -9999 -9999 -9999 -9999 -9999 -9999 -9999 -9999 -9999 -9999 -9999
0.882193188774396 0.876653404215913 0.863856319069872 0.853948281417364 0.861437606343921 0.864345760337496 0.876499845884322 0.888754305740809 0.862174118751324 0.841335574607314 0.797822312806979 0.797299419248152 0.825744409325773 0.827133967992857 0.797865492296645 0.780599465577966 0.781972994907574 0.821999795620233 0.847773753481787 0.876292159016105 0.886602172712004 0.886144447801674 0.875979881204801 0.863353694637317 0.842318710687365 0.813666775417411 0.793686267690277 0.779664820549322 0.761660672632024 0.723256829900186 0.715990185359605 0.671793273440516 0.670499786447585 0.664963003602953 0.646842137611961 0.644485742750018 -9999 -9999 -9999 -9999 -9999 -9999 -9999 -9999 -9999 -9999 -9999 -9999 -9999 -9999 -9999 -9999 -9999 -9999 -9999 -9999 -9999 -9999 -9999
0.898619756573708 0.889892065308038 0.881977765790104 0.87034176046725 0.851591270255825 0.84844686902749 0.848263541952718 0.850999071196524 0.853546656752073 0.839201545477776 0.790433384733602 0.794311557354534 0.801885672570481 0.785465570549296 0.770128958612394 0.761835230881484 0.762507565845805 0.790571330203184 0.803389699804643 0.825385670686327 0.837065527414172 0.837985681204871 0.832679100609528 0.82720833615998 0.810455856913983 0.783823262922131 0.772112856063903 0.758293574639245 0.733757734093362 0.699952224796038 0.68482499372666 0.627259897675597 0.627353608295524 0.633267885613255 0.624164895454331 0.622962610094424 -9999 0.592895180978193 -9999 -9999 -9999 -9999 -9999 -9999 -9999 -9999 -9999 -9999 -9999 -9999 -9999 -9999 -9999 -9999 -9999 -9999 -9999 -9999 -9999
0.902561187988227 0.887928840026229 0.871740995391366 0.858303238213422 0.854734935118242 0.842929078221778 0.835819191248533 0.832719885815061 0.835163026978239 0.822354850817918 0.761615665166427 0.821036900520107 0.790432284103692 0.772675138254275 0.75705148227901 0.745266540115115 0.743507106531642 0.747098250845941 0.766916846644906 0.779239049021114 0.785426535045807 0.786767865182037 0.787901864734226 0.788435532072203 0.785620873816507 0.763234234301439 0.74229716531716 0.728409958827534 0.700945270811181 0.683053128584656 0.640871037504121 0.587687148465854 0.625164205684854 0.619362968983392 0.611869277215335 0.606393562262479 0.584848317198759 0.566066813179152 0.560127026909859 0.573734264939368 0.59987918055911 0.635473571652364 -9999 -9999 -9999 -9999 -9999 -9999 -9999 -9999 -9999 -9999 -9999 -9999 -9999 -9999 -9999 -9999 -9999
0.901766219137223 0.890740051478545 0.874137790158438 0.857815758961982 0.852174924334384 0.836999123586995 0.824054549018464 0.811974225327473 0.799289610136258 0.795998151748195 0.81273030150234 0.775432322444896 0.739755032853113 0.727635487313018 0.733451560636029 0.73609657223805 0.737015913665352 0.709311653659135 0.713052708179576 0.723624597582633 0.726738552896514 0.730251736403564 0.736885598811276 0.741715104767459 0.743582096934892 0.735182131450079 0.718217862375029 0.686881760722394 0.624911058054688 0.672128310549161 0.573902323022072 0.584638861747714 0.615345719131867 0.615027540936794 0.61435991418691 0.593683220197863 0.560331495232988 0.533977903764911 0.534545143267887 0.567024631682093 0.599527192818041 0.627203456429631 0.625372065987601 0.637703154225409 0.697641074181727 0.759269717029568 -9999 -9999 -9999 -9999 -9999 -9999 -9999 -9999 -9999 -9999 -9999 -9999 -9999
0.902059145166304 0.893459529435385 0.876738331470493 0.862563986087059 0.8479713194158 0.828890376989711 0.816922481579616 0.796833790089111 0.782171076279729 0.767007302292575 0.744820883783102 0.722923508104493 0.681022525905097 0.689681436927205 0.70578339110347 0.698126506895331 0.679270704422263 0.66274507605677 0.656007357385264 0.666655325104816 0.663689692666335 0.670702998437513 0.685762244001996 0.708251414897121 0.713649893618452 0.709179398766323 0.689852338668618 0.657558288908153 0.609497940243492 0.616640621101405 0.568750162093632 0.60132637564331 0.617404508478319 0.615694052774899 0.6046128560864 0.583111463560508 0.547775526932496 0.539373269311135 0.538917009449321 0.57391624926823 0.593380951619015 0.601930892661908 0.568874833020509 0.624578564507561 0.694944973790625 0.761240255902858 0.809254674004532 -9999 -9999 -9999 -9999 -9999 -9999 -9999 -9999 -9999 -9999 -9999 -9999
0.899049845124079 0.888542627769795 0.872904120467026 0.855125999678879 0.836578345240576 0.819097017008542 0.79701023862366 0.774009998209225 0.760201798861983 0.746938077451206 0.718727608482691 0.691967466375059 0.680309402252476 0.661469748366562 0.658419263593198 0.643144120033301 0.627657788782944 0.604277353385089 0.589897333314345 0.601733624294873 0.595046675062748 0.611968705886151 0.629001489584539 0.684508155289455 0.688216429398615 0.654595754624843 0.646631906199206 0.597330518672549 0.549432854472147 0.582651338778591 0.579848762419177 0.584286826409034 0.584456214354919 0.591311223683705 0.585957574650654 0.567633450378038 0.542015614152293 0.53914627193884 0.5470766416566 0.564532524205426 0.586385127399356 0.600339905861471 0.483773281779532 0.518913746926168 0.695869120923537 0.732383829433311 0.789252739225405 0.841074732249352 -9999 -9999 -9999 -9999 -9999 -9999 -9999 -9999 -9999 -9999 -9999
0.887251604445356 0.868868165766657 0.85868727793831 0.842695700507938 0.821471971377646 0.808676406084815 0.789003999010786 0.749114662163081 0.731989692514757 0.737355165720467 0.704500906084205 0.660614344426749 0.651263169788751 0.639886458685396 0.616829643281685 0.589864709849068 0.583182129638445 0.555769298695973 0.53456170817166 0.542549782325293 0.535933619894892 0.535649657546716 0.579341185582073 0.637740048364232 0.679521213609149 0.672401095355341 0.644039316554565 0.583012495424797 0.511271632152297 0.54664160569786 0.534838412712611 0.515437225977697 0.558318265893452 0.569363033201977 0.559031958956166 0.544400312992295 0.540574473967107 0.553378697982708 0.555074826846358 0.557703571214395 0.578532330436867 0.514625096597607 0.458506107465859 0.504790482790967 0.674309098573478 0.679996690684388 0.766550486901957 0.789137413689147 0.85112256592044 -9999 -9999 -9999 -9999 -9999 -9999 -9999 -9999 -9999 -9999
0.861154889342965 0.851623524619904 0.84552864245994 0.831097256482778 0.806290926871401 0.796252629090756 0.778486676191399 0.733772850475216 0.73092148921522 0.726458104373383 0.701685880323596 0.642853147625216 0.630500517794518 0.623045081926201 0.576994165845863 0.542248742465193 0.51702999397158 0.507298564221665 0.483255645544046 0.485705947987886 0.453063494778787 0.480097192279307 0.538442429699282 0.603359774684484 0.650079498970605 0.680973098192045 0.608871387312413 0.617825586953001 0.553220968992009 0.51070413294919 0.508169865383636 0.544482077715317 0.542826857421754 0.559512908764404 0.539893660150261 0.512499857667984 0.535693604257639 0.555041243484212 0.557524192380669 0.565590396364417 0.574925017140507 0.541224367039514 0.480191273816728 0.592898974524532 0.630427389320032 0.623728647804382 0.690480275355327 0.782228229448436 0.837419412304088 0.864829955048988 -9999 -9999 -9999 -9999 -9999 -9999 -9999 -9999 -9999
0.83502416603873 0.827506846135145 0.823689877774495 0.809606618269499 0.794262204389119 0.782141362389289 0.757479817273786 0.70840298020565 0.70693688532825 0.689842899408175 0.636881449501829 0.615382388086585 0.607771044514625 0.593644368855219 0.551924653955245 0.510769441783305 0.481492239703412 0.469907025549667 0.427269928869394 0.41255898873198 0.421747452989169 0.416064184184768 0.347340287009071 0.509972302081495 0.611408405044542 0.584226192367984 0.620692950168968 0.550108711780493 0.549054211619279 0.482696640922169 0.513830825372592 0.512778281143885 0.508155072559663 0.530100034737085 0.513192460741572 0.522899629694832 0.520998827775624 0.515764889569687 0.529693185214638 0.540872802915526 0.560751091905572 0.542283814311586 0.520808095609441 0.569108313156085 0.541670250923758 0.607861956532073 0.683164019737973 0.776820287863288 0.810788462825531 0.831216112779859 0.834105896427678 -9999 -9999 -9999 -9999 -9999 -9999 -9999 -9999
0.819054531982011 0.808690291779237 0.794518728499365 0.775389875920365 0.769517799641178 0.749077339070675 0.710851319393602 0.675478955527802 0.664076158207585 0.655632600782533 0.608767503412368 0.598833561377486 0.581725755834475 0.552214645281424 0.500930938339418 0.455041467444903 0.451884967856937 0.445574018406984 0.37660977051608 0.39013435374936 0.388671731541244 0.401105592268283 0.385790147380278 0.374613894032431 0.529947144003782 0.531699027837857 0.550139316387037 0.505586297321394 0.535813996618689 0.47669033055523 0.456543311882767 0.447491367273027 0.43744775687834 0.448810239318036 0.447951573818111 0.469372750344119 0.484549573826621 0.492566461004654 0.523899493937438 0.520156654473929 0.539298328246858 0.508516812232934 0.450242055363805 0.516276785287992 0.517676925961295 0.560616131435994 0.691662777588904 0.770724011079332 0.793968998927071 0.808343928376519 0.810624558009273 0.810939820664288 0.800896888212819 0.776323825874661 -9999 -9999 -9999 -9999 -9999
0.797124569786438 0.792513491362875 0.770515699798123 0.735295759284726 0.716939482799255 0.705690012163628 0.667939167817074 0.659227680658878 0.633954468129434 0.599880636410715 0.582309002335336 0.569488619779291 0.553690469149059 0.506085754013814 0.482701731376407 0.425292654601341 0.426459042154688 0.441582261814802 0.396486595635541 0.394172630127362 0.374883522876193 0.360506106049323 0.379472256628834 0.406822521358087 0.485270571159916 0.495107981026714 0.494598539984495 0.489557015672688 0.497243986439901 0.441236594702884 0.409069375723204 0.377439539897689 0.370449437898088 0.400693623368856 0.417951466602214 0.439559892468807 0.441909435257504 0.473377390132016 0.50866945556979 0.491100745074888 0.512365104251776 0.516781122207262 0.435958544965612 0.490329790905721 0.532795851427923 0.587868840976991 0.662881481508397 0.732122161110308 0.723907317153199 0.770557340508144 0.78460697237789 0.793784998049096 0.784870779150796 0.761107907135532 0.756376944404911 0.758573874586729 -9999 -9999 -9999
0.753871821554589 0.769630755009311 0.754618254874319 0.728141894610622 0.688366203530315 0.681010897208205 0.663484315377527 0.639549216265337 0.611391586535614 0.591786302029782 0.54790966304929 0.543321064969155 0.516567119753136 0.459053308976051 0.43562256727914 0.395271762253386 0.430782343615697 0.416196482751218 0.389515505318535 0.399490305748533 0.349545025634403 0.32930483306709 0.356804611044128 0.471630822868065 0.482433987514611 0.458534820620071 0.465310039397564 0.494339827994377 0.468263551756696 0.398458606946294 0.41037211180096 0.414155546079325 0.432459587195445 0.437497506824252 0.442367267036506 0.45162945038883 0.465779826952444 0.482001253214161 0.497418124084795 0.491640139524612 0.485924076042392 0.477851338592251 0.461950395954831 0.488125248892051 0.54632596871549 0.611663814873021 0.667003028825086 0.628004870423857 0.682662696575557 0.713190782431073 0.756001810702281 0.745463976331859 0.714915497541293 0.713088805936673 0.723875893755447 0.715157702738235 -9999 -9999 -9999
0.704563199133689 0.716128103071802 0.737353823117551 0.724766508655849 0.648124631519586 0.64294033567891 0.62873757729228 0.605757281086973 0.569439794544936 0.557842932497406 0.536985963095773 0.520255545814222 0.448473774920194 0.444076175086084 0.469080567045924 0.433906807391839 0.455575384029958 0.401979156360511 0.374651188849754 0.379181373145173 0.361025021925156 0.312028219698364 0.398045274248284 0.465618809037205 0.499638281280737 0.472197842638523 0.495842445995666 0.501037085425353 0.466552509822883 0.429228867839939 0.424864716016571 0.404229108054908 0.406832365949207 0.409348236448105 0.410885602909709 0.427791605119901 0.443268698449654 0.452199133472047 0.47943214508749 0.483937013033599 0.495942693094771 0.497542097806108 0.467862378469227 0.469105164573481 0.49996873850538 0.543817324060034 0.614779702174227 0.640157335673309 0.671010609334235 0.678479204871982 0.688849686344534 0.676123704387982 0.629711904584144 0.671145823952588 0.707091952991187 0.698360973483334 -9999 -9999 -9999
0.678161341235502 0.676341700507897 0.704192893622561 0.720105078354299 0.69677512358363 0.644949308071813 0.605199860039267 0.599324884963012 0.566960274464859 0.516537860638439 0.519894714424194 0.472524021797352 0.459520044090153 0.416297589071703 0.452660801603637 0.423814170743073 0.466657075136225 0.3807438048436 0.374140179414759 0.37983150154459 0.311217386433364 0.347807874955627 0.406081126700932 0.46609901579681 0.482173303911713 0.458864604856262 0.502849247845569 0.454724813848711 0.435118895987518 0.405310231754905 0.398693100195624 0.40683085817721 0.403603751220488 0.390173576340945 0.391268541000759 0.403807594126786 0.403434450687476 0.413005185851552 0.448559742626498 0.461362046600179 0.466647349256935 0.478917525112541 0.436843806329287 0.443477837917295 0.445584091157284 0.503376915243884 0.565886074505568 0.577222833520401 0.609273180534567 0.644641255588626 0.633910336341842 0.626907576629304 0.600993291404573 0.630754806118639 0.682019894016572 0.686565561172373 -9999 -9999 -9999
0.654591439386074 0.636444114781105 0.648995398358158 0.691058154920057 0.680916124273911 0.635082304007863 0.621844104081379 0.599518031882103 0.557247869536102 0.53145303850777 0.477518554178335 0.459960087546829 0.447272702476061 0.43455988885027 0.451043394372909 0.382804192311788 0.387022659996507 0.422981972682369 0.32448608372258 0.332536134753516 0.337629271006541 0.403243280768784 0.419211633785194 0.452826235479085 0.424569251076023 0.441062157069271 0.449524200447113 0.415714059199811 0.387438098659586 0.356953970994395 0.36584318116383 0.394400840743888 0.374723667258492 0.384364805465412 0.37390196935089 0.403664145890971 0.387082021365642 0.40176964882819 0.424772506929095 0.427929587664971 0.435138603617847 0.448475601502975 0.41617501035438 0.448027962119743 0.462043735081279 0.482291147447402 0.511551668188158 0.540410601476013 0.562168845762911 0.563123434490756 0.555882273496995 0.578094355828055 0.588146197471726 0.639994155152296 0.6723734010407 0.679547856235513 -9999 -9999 -9999
