layers/veg_krg_50/veg_2700.asc
NCOLS 128 
NROWS 165 
XLLCORNER -2985163.8955 
YLLCORNER -3022031.214 
CELLSIZE 50000 
NODATA_value -9999 
[rows 52 to 77 of 165, columns 0 to 58 of 128]
-9999 -9999 -9999 -9999 -9999 -9999 -9999 -9999 -9999 -9999 -9999 -9999 -9999 -9999 -9999 -9999 -9999 -9999 -9999 0.534561143421304 0.47330575622205 0.451992458718243 0.47685144643265 0.451269902084612 0.530174053225012 0.535205811756931 0.541225211733002 0.545950284996416 0.581222541516654 0.577432590183567 0.578764176865735 0.584327651135778 0.597113399221936 0.603518394896682 0.615577933444031 0.669711609789589 0.696667207216858 0.683952419471167 0.673210224651966 0.643143040695829 0.630420974672525 0.622372520889326 0.60892586657916 0.612657666282062 0.59036914842076 0.588998804930587 0.578797456133553 0.573238297257116 0.557026893429777 0.561784212127597 0.565574800170729 0.568115224870197 0.579091791152645 0.58972862664821 0.600478549545611 0.617341465485069 0.627208317712023 0.62185263784856 0.635391420157922
-9999 -9999 -9999 -9999 -9999 -9999 -9999 -9999 -9999 -9999 -9999 -9999 -9999 -9999 -9999 -9999 -9999 -9999 -9999 0.531041899090066 0.457376424859682 0.354171328734609 0.387980334157013 0.386043735408943 0.413408289373851 0.464692486457592 0.493946284399235 0.524963203028411 0.518284104188032 0.542787013074721 0.548322654298817 0.562380922744324 0.579593795752306 0.589632426275005 0.634778844148854 0.680428704345676 0.675455662066168 0.670158303216465 0.668498669305913 0.646310237500753 0.641534839849188 0.636231856477239 0.621832157282321 0.606560713499293 0.568813910240387 0.560429194954513 0.543254094931744 0.539609102358765 0.522081764685809 0.546969406908438 0.543138227143044 0.543472255048784 0.552497512904361 0.560062532332594 0.577997890069613 0.589861612686935 0.605157961004705 0.606358019674121 0.590393309883728
-9999 -9999 -9999 -9999 -9999 -9999 -9999 -9999 -9999 -9999 -9999 -9999 -9999 -9999 -9999 -9999 -9999 -9999 -9999 -9999 0.487567360343476 0.344567839623248 0.309130219579475 0.311597171802519 0.321592669695951 0.357331021919548 0.478147993103476 0.493087651036857 0.478906077901064 0.511131981076184 0.522941288708699 0.538215318326122 0.555302982493008 0.609698652479674 0.671858136608775 0.670304146509343 0.663123456957836 0.671479934915145 0.670658604481901 0.656667604538252 0.654392088750832 0.648486271998496 0.638206112597554 0.600178197228154 0.584550710702356 0.563237853433657 0.539510473752996 0.52877113276961 0.505081860212756 0.475304677653971 0.494188690807679 0.517926144576223 0.528021828829755 0.533623585027514 0.553591860162377 0.56053149447362 0.57759666004464 0.586306807707674 0.564502744783219
-9999 -9999 -9999 -9999 -9999 -9999 -9999 -9999 -9999 -9999 -9999 -9999 -9999 -9999 -9999 -9999 -9999 -9999 -9999 -9999 0.431432785300026 0.299650708971622 0.257230933721945 0.253267123282276 0.277861292015465 0.292112493414123 0.397478251653558 0.462812570930753 0.465723597673582 0.472705208300883 0.500359105746792 0.518720823578066 0.542959506326275 0.649160103375343 0.665663050066229 0.670931431473048 0.666896791346475 0.674266494279588 0.681906568757686 0.670253424460561 0.669439198295518 0.664578547403419 0.646956561778956 0.612022261118029 0.596569371492992 0.570756699112273 0.547648691859157 0.526123154546382 0.496354986413981 0.474968846856872 0.454465795709818 0.448747545632906 0.467689190378228 0.505183124443943 0.522421622928676 0.532478998464984 0.545446452109042 0.548426780109809 0.541550149237143
-9999 -9999 -9999 -9999 -9999 -9999 -9999 -9999 -9999 -9999 -9999 -9999 -9999 -9999 -9999 -9999 -9999 -9999 -9999 -9999 -9999 0.325507084222461 0.263191171417466 0.200934092359383 0.210424519933821 0.220635198661567 0.283516715446931 0.426901591988691 0.442882795555483 0.451292439949788 0.48581603744981 0.527376321423336 0.622443166702858 0.649113468180612 0.648889160596675 0.654579472885501 0.665703395472693 0.6788811431269 0.683213197356074 0.681672478439172 0.680028723886287 0.661220196880793 0.647602778488865 0.63204431494975 0.61000753493667 0.582541851296997 0.552909482034235 0.517424405590612 0.495303105776021 0.469306531552774 0.456427415917969 0.432055285714969 0.422529379202362 0.464822658914244 0.494905978248411 0.496496086854642 0.507237196818418 0.503861161482884 0.51095649643881
-9999 -9999 -9999 -9999 -9999 -9999 -9999 -9999 -9999 -9999 -9999 -9999 -9999 -9999 -9999 -9999 -9999 -9999 -9999 -9999 -9999 0.341878282036553 0.296885714754191 0.182821843828016 0.165900229799417 0.1822329321636 0.291329456669814 0.359989901846236 0.410352487344731 0.447760530176305 0.464336148193151 0.561116181824671 0.643791284373133 0.639841312045175 0.632012502504121 0.647937320744793 0.667306156407111 0.680223035262249 0.6888018912705 0.697551954095015 0.699598502939225 0.681961728487884 0.673686768822902 0.650981673284851 0.622705966648717 0.587625668027855 0.549269156937619 0.513135019105582 0.493806150213683 0.468341967504731 0.444158199418801 0.416704064140598 0.424117745932705 0.449487867128534 0.449777004163153 0.451157947186206 0.472714943071772 0.478845414175137 0.465001015284659
-9999 -9999 -9999 -9999 -9999 -9999 -9999 -9999 -9999 -9999 -9999 -9999 -9999 -9999 -9999 -9999 -9999 -9999 -9999 -9999 -9999 -9999 0.287813259671158 0.209131162164769 0.145182427655827 0.150407523978858 0.187407849411068 0.233720397459291 0.298862347928826 0.401366007679049 0.494393992239384 0.571377722842499 0.610022216542588 0.62589899558777 0.624869892697354 0.642082079107536 0.662693251780563 0.684389456078335 0.697617657304281 0.710419011409023 0.719534726617866 0.717215974643249 0.700614431055083 0.67393281326724 0.637258136102996 0.593129062066682 0.545974765871633 0.506258509817358 0.483666381018447 0.460714973858607 0.436696604225789 0.419547374258946 0.434994301175814 0.44901133065095 0.44493084319517 0.428311584366456 0.423777370204238 0.418830812391327 0.42595987793195
-9999 -9999 -9999 -9999 -9999 -9999 -9999 -9999 -9999 -9999 -9999 -9999 -9999 -9999 -9999 -9999 -9999 -9999 -9999 -9999 -9999 -9999 0.285068788027915 0.230185590530199 0.167618504106336 0.127550300777781 0.120274571653497 0.168553315306329 0.226524429297202 0.419873074966924 0.483308510813967 0.467159551237425 0.552592778314182 0.455657983948957 0.362382294895381 0.558869826913187 0.641068129497582 0.684816849022005 0.709273912773306 0.736628943355387 0.757111892827945 0.757080821627556 0.733079541356443 0.699706270783639 0.655301010905581 0.601734199296954 0.545652719106707 0.498940173486362 0.469733480402446 0.447842219203427 0.430171123758033 0.422669987890115 0.440185404383932 0.449298669862544 0.441033705201199 0.427546180470573 0.406519685549671 0.386947905134287 0.36189759233952
-9999 -9999 -9999 -9999 -9999 -9999 -9999 -9999 -9999 -9999 -9999 -9999 -9999 -9999 -9999 -9999 -9999 -9999 -9999 -9999 -9999 -9999 -9999 -9999 0.225164655799138 0.146615437436538 0.115652941489706 0.148172708523426 0.271787761074072 0.401971030650707 0.509048659285328 0.419251048371801 0.510546407720973 0.382392671196007 0.31732722437866 0.503867757044674 0.606334946973135 0.690569796490229 0.724168857384827 0.755884058381873 0.781918674653596 0.788177208855723 0.76749960828614 0.730309469531296 0.677398084798895 0.61453822779756 0.548083233243021 0.494831778486523 0.462086418162894 0.435342854746055 0.404991168160193 0.402738859446027 0.435744249175036 0.451526148406772 0.434884998282476 0.423133302837353 0.40343653465166 0.376886975345166 0.341345900640309
-9999 -9999 -9999 -9999 -9999 -9999 -9999 -9999 -9999 -9999 -9999 -9999 -9999 -9999 -9999 -9999 -9999 -9999 -9999 -9999 -9999 -9999 -9999 -9999 -9999 0.201320985793109 0.103525353482511 0.10115451982527 0.152424606226212 0.250940451094239 0.356243747958366 0.370021617123216 0.341107822444579 0.290686802102097 0.25627239014109 0.405204689135878 0.476066520142031 0.598437800383826 0.673547654381974 0.733611027460804 0.784401741134046 0.802263274839512 0.796350368865901 0.761217378820154 0.702696425188778 0.634569065118513 0.566868821340053 0.509453982049692 0.471235815350872 0.43073241492704 0.396929731580325 0.391371160098282 0.441299116756238 0.440993393280692 0.417505344573484 0.40142831765245 0.384474291414006 0.356559188735597 0.333628850574121
-9999 -9999 -9999 -9999 -9999 -9999 -9999 -9999 -9999 -9999 -9999 -9999 -9999 -9999 -9999 -9999 -9999 -9999 -9999 -9999 -9999 -9999 -9999 -9999 -9999 0.308051707782485 0.208080622548664 0.0827071808027063 0.0934801027407338 0.165042964531799 0.196024458272651 0.243377242424903 0.25188262292463 0.19385837998475 0.173040122446405 0.178439989053729 0.224645044469911 0.357022782712578 0.487882152057935 0.671898052864982 0.75504733962504 0.79811429172908 0.807532207188475 0.78451538977004 0.726613151304281 0.65331439655611 0.583439858635283 0.521615348602094 0.478185234764582 0.440953236087366 0.404919444731711 0.395138179126355 0.40789683723551 0.402916412169328 0.380213710027571 0.357217084861998 0.348919525393161 0.316320571751864 0.297462266048644
-9999 -9999 -9999 -9999 -9999 -9999 -9999 -9999 -9999 -9999 -9999 -9999 -9999 -9999 -9999 -9999 -9999 -9999 -9999 -9999 -9999 -9999 -9999 -9999 -9999 -9999 0.376199689722623 0.154367054637119 0.104302347736852 0.114131862729921 0.167237112394428 0.182580873498245 0.248803238245277 0.14405533450591 0.150663360056344 0.153103165285851 0.123338266125337 0.191423468037809 0.210670598895734 0.421152607622456 0.579454376476761 0.687552798136614 0.761189743373277 0.76540352607882 0.733580165115799 0.662882872694432 0.592954589389329 0.530376016249002 0.482647904728886 0.442262120591532 0.398636979861515 0.376608213774823 0.366460747601785 0.355598051618003 0.338305829843137 0.320639116200303 0.301517308722606 0.277161528668955 0.253052093912358
-9999 -9999 -9999 -9999 -9999 -9999 -9999 -9999 -9999 -9999 -9999 -9999 -9999 -9999 -9999 -9999 -9999 -9999 -9999 -9999 -9999 -9999 -9999 -9999 -9999 -9999 0.465259121396 0.306066086955361 0.242279463038266 0.117272179403787 0.129545542986774 0.112968574492436 0.125863872179331 0.0884618209099997 0.110963681929762 0.0877897819066026 0.099836935173478 0.140447156461209 0.13267085580768 0.140529263618813 0.206251971672751 0.443493323051488 0.626136543245639 0.702365999235885 0.698735518441449 0.660488474824711 0.592293630335745 0.529801901616424 0.475721952151271 0.442804872891201 0.394124540363992 0.355013007641973 0.328176140001917 0.309530393306295 0.296857953119824 0.282882410454459 0.264841984991103 0.251976426798887 0.233061212190369
-9999 -9999 -9999 -9999 -9999 -9999 -9999 -9999 -9999 -9999 -9999 -9999 -9999 -9999 -9999 -9999 -9999 -9999 -9999 -9999 -9999 -9999 -9999 -9999 -9999 -9999 0.468896495569228 0.468447558032254 0.402973495204651 0.177901525141715 0.115140367129974 0.0921537868095655 0.0295648914303469 0.0117782203558881 0.0352371280658112 0.0856705295129049 0.105743419470855 0.118712639545729 0.13624057373085 0.126944715477663 0.0570738491778888 0.27019667020629 0.590669047993846 0.642660665438205 0.607389846207034 0.583023447652844 0.531333753661661 0.502301332910429 0.462817391569897 0.447294733473148 0.388495579589752 0.330834269252293 0.290970536003025 0.27079775164787 0.257463056240084 0.247815424158859 0.23505812358853 0.227719863368409 0.228753679438097
-9999 -9999 -9999 -9999 -9999 -9999 -9999 -9999 -9999 -9999 -9999 -9999 -9999 -9999 -9999 -9999 -9999 -9999 -9999 -9999 -9999 -9999 -9999 -9999 -9999 -9999 -9999 0.481759028160853 0.451714127173718 0.332788661613943 0.19432337618839 0.1141237466217 0.058288219552775 0.0948548920907716 0.0236042637612236 0.0386867924722003 0.0512135557236303 0.0705243541308145 0.11462277311271 0.126188188928412 0.077703248636863 0.236575275490321 0.482779719454209 0.535234286800447 0.534384772035615 0.445933634945544 0.457954155446 0.480925802004152 0.453407095411093 0.421632586616765 0.3750365539145 0.314406045278049 0.260762367063402 0.242226364222215 0.230807400095643 0.224849453049315 0.213320206960633 0.207302470419641 0.208625917423902
-9999 -9999 -9999 -9999 -9999 -9999 -9999 -9999 -9999 -9999 -9999 -9999 -9999 -9999 -9999 -9999 -9999 -9999 -9999 -9999 -9999 -9999 -9999 -9999 -9999 -9999 -9999 -9999 0.421113042414251 0.397152677964075 0.324181939869907 0.238222804344312 0.309529372570388 0.106185430643086 0.0959584067360713 0.0894948656159338 0.0370822537928739 0.0279228117102443 0.0515041900423821 0.114742996400613 0.115821874068235 0.133577657016647 0.180502817854918 0.254563292574242 0.461084500719832 0.447133470231209 0.458529870078054 0.480220746140033 0.450588354039837 0.399253418559861 0.372980678439753 0.317769248454687 0.263837908191616 0.230964842995079 0.204523440290732 0.202551793095062 0.193248978572449 0.183878411704093 0.195758165978584
-9999 -9999 -9999 -9999 -9999 -9999 -9999 -9999 -9999 -9999 -9999 -9999 -9999 -9999 -9999 -9999 -9999 -9999 -9999 -9999 -9999 -9999 -9999 -9999 -9999 -9999 -9999 -9999 -9999 -9999 0.393754298381587 0.3844915898626 0.384997115695704 0.329797029242499 0.293274887545325 0.151101110692746 0.0461247041149126 0.0713118152016845 0.0192163264885598 0.0681798393641516 0.0811178257351198 0.0923983983726436 0.051089669259211 0.0316783337188945 0.323382397017757 0.336549202273771 0.34893825786908 0.4422019824553 0.439862971222622 0.418218782579318 0.384076825177541 0.323124843173944 0.280749156005506 0.240671745434249 0.206849089058057 0.188606273289457 0.181358654450588 0.165230638782868 0.184842028242781
-9999 -9999 -9999 -9999 -9999 -9999 -9999 -9999 -9999 -9999 -9999 -9999 -9999 -9999 -9999 -9999 -9999 -9999 -9999 -9999 -9999 -9999 -9999 -9999 -9999 -9999 -9999 -9999 -9999 -9999 -9999 -9999 0.361806253164764 0.5352773187446 0.438336039244289 0.32224192771072 0.172644811594268 0.199295381878542 0.000818333561798133 0.0154455374110164 0.0485125674993821 0.0793778465781842 0.0648308933200406 0.0407329953884289 0.208098185067229 0.213682104060123 0.0977993227689465 0.246566712843943 0.409133116932506 0.411304995406121 0.393017535173774 0.333117652516739 0.299229837703074 0.250534991108407 0.226457728869721 0.210278588978843 0.195659116471132 0.183942272862257 0.187988771600033
-9999 -9999 -9999 -9999 -9999 -9999 -9999 -9999 -9999 -9999 -9999 -9999 -9999 -9999 -9999 -9999 -9999 -9999 -9999 -9999 -9999 -9999 -9999 -9999 -9999 -9999 -9999 -9999 -9999 -9999 -9999 -9999 -9999 0.590334060116812 0.474090873553421 0.505753475723958 0.434046112055746 0.205791916079402 0.0438195597102681 0.00985457165847425 0.00368035577907982 0.0648235091453045 0.0367167436222303 0.0585759001865034 0.0464119420718779 0.0579718786992013 0.128304756704772 0.108555636207847 0.0537291620336831 0.23207503592155 0.342202865518926 0.329650445180093 0.288603077875922 0.25311034488236 0.244548669734718 0.226753971300141 0.212495048772482 0.20439843404006 0.194962861645202
-9999 -9999 -9999 -9999 -9999 -9999 -9999 -9999 -9999 -9999 -9999 -9999 -9999 -9999 -9999 -9999 -9999 -9999 -9999 -9999 -9999 -9999 -9999 -9999 -9999 -9999 -9999 -9999 -9999 -9999 -9999 -9999 -9999 -9999 -9999 -9999 0.440264829768974 0.423405318330516 0.310055536594013 0.0826561243815217 0.0403402236253977 0.0579636600512717 0.0695872801715827 0.0753743418989975 0.0780617896455082 0.0392798762190912 0.0899603729272663 0.122331480344235 0.0608254140060681 0.0724643492457685 0.192418121342234 0.249633922002366 0.263005786160082 0.257432307197179 0.24744102958994 0.231457115071654 0.219289442221702 0.210646865733831 0.201309412387612
-9999 -9999 -9999 -9999 -9999 -9999 -9999 -9999 -9999 -9999 -9999 -9999 -9999 -9999 -9999 -9999 -9999 -9999 -9999 -9999 -9999 -9999 -9999 -9999 -9999 -9999 -9999 -9999 -9999 -9999 -9999 -9999 -9999 -9999 -9999 -9999 -9999 0.604918007214864 0.588735883468175 0.373066690629712 0.0471794903875402 0.0218009160094632 0.0533073637757793 0.061999059425977 0.0768595422978571 0.0364100487996353 0.00607867847406602 0.0664171751533799 0.158786466545807 0.178300907068496 0.196012677039927 0.15965658219535 0.202075618017773 0.267091372742949 0.251730010529009 0.238347436851065 0.227079396498909 0.218573442935585 0.200247014674786
-9999 -9999 -9999 -9999 -9999 -9999 -9999 -9999 -9999 -9999 -9999 -9999 -9999 -9999 -9999 -9999 -9999 -9999 -9999 -9999 -9999 -9999 -9999 -9999 -9999 -9999 -9999 -9999 -9999 -9999 -9999 -9999 -9999 -9999 -9999 -9999 -9999 -9999 0.63180948380855 0.455702901078568 0.112601369707732 0.0297228729740194 0.0730772536008909 0.0822301726081589 0.0748868486484494 0.0446373673478916 0.0098212975107583 0.0444499823257169 0.143053591710345 0.169429196259898 0.167818121381725 0.135321823278344 0.201135471741226 0.274279652329369 0.261352321857373 0.246109485223308 0.236443736778044 0.224170598406466 0.222626006046264
-9999 -9999 -9999 -9999 -9999 -9999 -9999 -9999 -9999 -9999 -9999 -9999 -9999 -9999 -9999 -9999 -9999 -9999 -9999 -9999 -9999 -9999 -9999 -9999 -9999 -9999 -9999 -9999 -9999 -9999 -9999 -9999 -9999 -9999 -9999 -9999 -9999 -9999 0.511200938827212 0.437792061192607 0.179450528013803 0.0372704261970617 0.0595822541139723 0.0867234377853736 0.0733033288634302 0.0412368843487953 0.0036478766413567 0.0063335767834324 0.100336861827973 0.113140994503578 0.109513142368835 0.181810396186993 0.236007968320348 0.27088889671928 0.2672809029816 0.251047055352872 0.243308216139554 0.240182374434963 0.244673032727342
-9999 -9999 -9999 -9999 -9999 -9999 -9999 -9999 -9999 -9999 -9999 -9999 -9999 -9999 -9999 -9999 -9999 -9999 -9999 -9999 -9999 -9999 -9999 -9999 -9999 -9999 -9999 -9999 -9999 -9999 -9999 -9999 -9999 -9999 -9999 -9999 -9999 -9999 0.485196065823698 0.45496142134773 0.295275556452362 0.0853342303441645 0.0609231407601866 0.0828871409910262 0.0544729673656095 0.029480598257014 0.000332693431023469 0.000813913979079603 0.0357900905794686 0.0695431192240626 0.0877101295959864 0.18237402636926 0.229628123866646 0.277377678802128 0.275173271132144 0.274061211629921 0.276240993294724 0.276693209611342 0.301111244795619
-9999 -9999 -9999 -9999 -9999 -9999 -9999 -9999 -9999 -9999 -9999 -9999 -9999 -9999 -9999 -9999 -9999 -9999 -9999 -9999 -9999 -9999 -9999 -9999 -9999 -9999 -9999 -9999 -9999 -9999 -9999 -9999 -9999 -9999 -9999 -9999 -9999 -9999 -9999 0.410485611268172 0.360509514365413 0.114730503493386 0.0456266009269198 0.0668094668711208 0.0261008158060854 0.0370144504811831 0.00284068334553044 0 0.0581634602864918 0.0579595189635989 0.137580742939203 0.181240720645258 0.218027876041427 0.296749863807715 0.296713320939465 0.2977466507157 0.293384204824783 0.321421493386411 0.337781611926887
-9999 -9999 -9999 -9999 -9999 -9999 -9999 -9999 -9999 -9999 -9999 -9999 -9999 -9999 -9999 -9999 -9999 -9999 -9999 -9999 -9999 -9999 -9999 -9999 -9999 -9999 -9999 -9999 -9999 -9999 -9999 -9999 -9999 -9999 -9999 -9999 -9999 -9999 -9999 0.44078492110292 0.415738956823952 0.15880135368198 0.0306305782983445 0.0630866292860487 0.0624700487216123 0.036722742759456 0.006424070118047 0.00111082478778586 0.0660432690690488 0.0259587888818427 0.109768988404702 0.217186754441534 0.222856189157362 0.300232525684422 0.29977333541235 0.331811736687651 0.349444849086694 0.35063529603885 0.358095641226179
