layers/veg_krg_50/veg_3600.asc
NCOLS 128 
NROWS 165 
XLLCORNER -2985163.8955 
YLLCORNER -3022031.214 
CELLSIZE 50000 
NODATA_value -9999 
[rows 26 to 51 of 165, columns 0 to 58 of 128]
-9999 -9999 -9999 -9999 -9999 -9999 -9999 -9999 -9999 -9999 -9999 -9999 -9999 -9999 -9999 -9999 -9999 -9999 -9999 0.517196179582062 0.435084158243018 0.378879484429747 0.184683610229259 0.343918466141301 0.412536330764919 0.334098380034329 0.331195369344997 0.463524452534562 0.487134868575987 0.490824374834216 0.468934914533786 0.477617488113099 0.478633799938189 0.549002435805759 0.578804303284912 0.619232825304184 0.681564360961372 0.715530232425452 0.745185965486439 0.758233771458125 0.749010954935576 0.7357559585449 0.73390811989267 0.739328739879922 0.722870111358956 0.697300371403084 0.668783202882698 0.648251054093369 0.625948327099805 0.604057875127411 0.566643188153851 0.415838789642217 0.342536378400603 0.327729449991006 0.331791562273912 0.333361276051771 0.328724363581021 0.319090207559404 0.309861909186364
-9999 -9999 -9999 -9999 -9999 -9999 -9999 -9999 -9999 -9999 -9999 -9999 -9999 -9999 -9999 -9999 -9999 0.577594807278358 0.521752897809438 0.499182172150749 0.374945441773783 0.255304860335281 0.195393347312189 0.325951884283778 0.285099620214922 0.369362060558763 0.432050209317022 0.457233320403666 0.472673689299775 0.46106592730633 0.458303607897509 0.551301696130805 0.589600319002831 0.626674840468015 0.652639906827183 0.684938051197389 0.722261770341977 0.7481492160953 0.773794465147107 0.789455095912002 0.786475138317799 0.777052705444322 0.772490406720178 0.759522168705431 0.75353873202904 0.734719747599903 0.710668424745929 0.695746860397435 0.676337241878671 0.643769558779458 0.614799536240728 0.557368121793551 0.394916630317445 0.323137056130339 0.324427455023855 0.341719500022511 0.323247483641162 0.315172531430614 0.309754337749854
-9999 -9999 -9999 -9999 -9999 -9999 -9999 -9999 -9999 -9999 -9999 -9999 -9999 -9999 -9999 -9999 -9999 0.575455625949265 0.534272690561755 0.399298256527512 0.304073189714655 0.140915809787326 0.240932763311478 0.361907494848629 0.337543594367781 0.443767152103267 0.504187085113045 0.458594169962778 0.468150521144041 0.533974450945633 0.625558996958957 0.636822879920283 0.658682600093781 0.678021526588954 0.700342070399428 0.72923619788857 0.75327950371092 0.775427302120874 0.80242951134376 0.824225830516361 0.824232054232131 0.816226017015805 0.808132416027351 0.798293348121452 0.794717638672756 0.786003822991164 0.764420205830882 0.74704626605472 0.722132818860764 0.690224049652784 0.639824564652846 0.601850103400594 0.586914740928931 0.338821756676301 0.317312419598326 0.321258993766526 0.316538299119485 0.308664423297317 0.306565356081029
-9999 -9999 -9999 -9999 -9999 -9999 -9999 -9999 -9999 -9999 -9999 -9999 -9999 -9999 -9999 -9999 0.62796601628943 0.626961486106681 0.539985256200208 0.356072555857893 0.305368914184888 0.247996376846765 0.320968948090903 0.391936859227209 0.435429478039363 0.447684707042863 0.475875397734652 0.541183605577262 0.632047477587407 0.652512111928154 0.664178642293652 0.690577116739377 0.715341741168253 0.725545080735423 0.750268214890036 0.788405050960545 0.800666425610603 0.822345088298515 0.840229851845459 0.856196500226298 0.860582313295098 0.854703872929933 0.848298986748812 0.837643001358336 0.832525636622109 0.817441223003103 0.802366987141616 0.773209758460589 0.74837208370081 0.701803358949921 0.678857405382987 0.644138647505227 0.626940159213215 0.61545875287883 0.57188391606065 0.585467054780208 0.604768308669784 0.611686589607896 0.62206980024223
-9999 -9999 -9999 -9999 -9999 -9999 -9999 -9999 -9999 -9999 -9999 -9999 -9999 -9999 -9999 -9999 -9999 0.62251518759707 0.513318766681736 0.360985158923961 0.273237809866999 0.362838011317798 0.402717493658219 0.499502743343965 0.545842881914583 0.524245862991779 0.587216061089389 0.656927853852065 0.685860104299602 0.704071834599865 0.714559405654391 0.75245098196068 0.773461446427654 0.7859249604356 0.802345638972962 0.826193599301235 0.839612016732705 0.856350629789823 0.874409356414216 0.885873871943272 0.889307228989831 0.890181002903754 0.885476823833822 0.87722201367961 0.868658370330499 0.845904331772076 0.82445732314296 0.800664036085495 0.771447074252169 0.740419100368078 0.7183155223703 0.704719150644609 0.700831671332852 0.701793341983677 0.689782484399377 0.643874453751816 0.63258211606262 0.643527062195805 0.652036054081621
-9999 -9999 -9999 -9999 -9999 -9999 -9999 -9999 -9999 -9999 -9999 -9999 -9999 -9999 -9999 0.644245253657523 0.624385419030925 0.575184866685577 0.417063917791193 0.286766487544657 0.335094614121988 0.504301094229294 0.543350741137924 0.575543316663527 0.591768558510108 0.630906973671681 0.698864675029837 0.737246581906433 0.753246992864314 0.75914652939689 0.780315620391935 0.817686949890077 0.832717233965463 0.842696471001544 0.857701724397216 0.86708473765021 0.876234207014773 0.888783022966878 0.903471595297947 0.911751376044192 0.914455743067467 0.914750268543402 0.913762102109841 0.905485905216147 0.894452800015504 0.865743376606472 0.8322410104053 0.806060386297142 0.783139643960355 0.76041640609211 0.74381898295109 0.733367979862036 0.729591258311334 0.72430436247528 0.719215545782065 0.702302764378221 0.680024819321141 0.671757936802128 0.674967238476216
-9999 -9999 -9999 -9999 -9999 -9999 -9999 -9999 -9999 -9999 -9999 -9999 -9999 -9999 0.633583916035385 0.634966655997332 0.60657522224728 0.484172117061625 0.332560179537648 0.357581848350664 0.49006705509265 0.576009672409344 0.605515272248562 0.640314643773315 0.692040720269896 0.723993558576829 0.753034028875349 0.780768516196381 0.809757822246449 0.83949592445323 0.862326211463886 0.881219126835999 0.890444727065545 0.89254098643796 0.912256715309638 0.915056018194322 0.913832958745661 0.912267696595289 0.9271615142999 0.9298789615058 0.932089832000684 0.928595759957577 0.925201521732543 0.917336251841976 0.898205583179169 0.873874281006967 0.843520138174647 0.817720992624823 0.794925795464704 0.775928779767889 0.761970758103817 0.752533758529754 0.751085722349042 0.749273289725719 0.747119264761656 0.744676210419873 0.739550148942409 0.731799121507433 0.723424774755588
-9999 -9999 -9999 -9999 -9999 -9999 -9999 -9999 -9999 -9999 -9999 -9999 -9999 0.625306657442785 0.624716089516117 0.626688769525432 0.506808631601925 0.359362700673248 0.295060344922478 0.474592759454598 0.611235864265321 0.651397404985862 0.701432514940209 0.726479270919991 0.746485250881205 0.769923113224136 0.787935314070697 0.819998797118792 0.850731344192728 0.884723398997275 0.921173737706276 0.946936257268495 0.955879360011206 0.950604284253733 0.953015335922422 0.948428241846886 0.948591803809823 0.9468538961334 0.937371983514165 0.938981387233997 0.941113762043169 0.929662730320748 0.916455182048806 0.909658497399865 0.890821381907998 0.869577501277625 0.84435282939743 0.821847683036666 0.800004219892492 0.783846877743629 0.775319386333951 0.76695532213951 0.767949562385983 0.769719281195433 0.770093017492279 0.772712427150811 0.775465375951468 0.779627631631557 0.782194531538263
-9999 -9999 -9999 -9999 -9999 -9999 -9999 -9999 -9999 -9999 -9999 -9999 -9999 0.646340013935159 0.646533009350221 0.641938517082777 0.471291367917815 0.317357578546802 0.273651205249903 0.44964159877226 0.635131331013649 0.738851528117995 0.752085852912003 0.767064874221858 0.783315606813868 0.79773984618997 0.815299645448021 0.847367692282414 0.872738581833137 0.897631584944175 0.933746173560919 0.974264139001706 0.988765345780022 0.983421367628478 0.975315198469817 0.972561546953838 0.968694763803342 0.963768493278364 0.95714706324871 0.948287721698458 0.944208273180441 0.927275888695268 0.915188501899867 0.907101664342119 0.882491808271919 0.857974119842797 0.839604351227825 0.817920057068735 0.798055512908759 0.785672555488375 0.779392611109445 0.775393940204503 0.7786973908941 0.785375015360193 0.79327853049165 0.798607768003743 0.805254864991952 0.811832150288681 0.813209491010308
-9999 -9999 -9999 -9999 -9999 -9999 -9999 -9999 -9999 -9999 -9999 -9999 -9999 0.655913157653903 0.664567527877856 0.639394841651288 0.389468147382496 0.290322167491604 0.333956979747285 0.568594204440089 0.693978421974283 0.752127229052172 0.773011495145242 0.795919026014612 0.809019499435739 0.819929512910709 0.837929548163021 0.86002127274765 0.884112155070954 0.913269778304486 0.945348087557816 0.971745749180684 0.987670391321574 0.994487716039449 0.987436487794659 0.982875541861883 0.97989535821073 0.969969515391488 0.959635853997924 0.952666545423677 0.941542060948996 0.931189574664822 0.912710851500701 0.895738082206719 0.866270444873774 0.844343348330289 0.828726046301694 0.811454478298836 0.791704893917993 0.782775736156431 0.778538499228655 0.778153908263367 0.781823631603067 0.794424872726453 0.807150818567771 0.816712338453776 0.826883956404245 0.835445990108334 0.843615936029038
-9999 -9999 -9999 -9999 -9999 -9999 -9999 -9999 -9999 -9999 -9999 -9999 -9999 0.66797650722798 0.678308509016276 0.667613119117669 0.352430579643325 0.29801489609313 0.438990182725679 0.693618970972958 0.741455858670437 0.764610911957373 0.785166977149457 0.806550982296594 0.817255055622221 0.830679900060714 0.847599001128531 0.86750720342055 0.892439652661697 0.916563432775895 0.940147157476095 0.960371107821688 0.973943275654974 0.986713912666075 0.990580687013959 0.987424290357261 0.980531228532509 0.966631097695151 0.955734952527263 0.948831006921575 0.937990890740528 0.92781860301245 0.892800783193745 0.872398431136384 0.854438265109005 0.830566271244561 0.807082789537322 0.793858994328542 0.782116852225411 0.773463677602991 0.771465387082161 0.774604206053556 0.78359540827382 0.797560955112346 0.815961419639903 0.833920111814698 0.849772793061678 0.86204050332135 0.869870310437478
-9999 -9999 -9999 -9999 -9999 -9999 -9999 -9999 -9999 -9999 -9999 -9999 -9999 0.674091257887488 0.690245508098107 0.689771394655272 0.34315641458358 0.323503816023404 0.431382145625897 0.661893467711534 0.741018338664199 0.76536189690561 0.792628369574644 0.807863614961293 0.820602892741605 0.833369072711404 0.847466122684955 0.863726985591797 0.891965509828776 0.916143753964833 0.932358428899269 0.945692286670513 0.962586362812119 0.970196195791533 0.975875066436103 0.975175071132518 0.968405347705959 0.955320600361467 0.947362207156384 0.934456405922867 0.92509212980446 0.904790279509541 0.875797131199085 0.839534349819995 0.830120321560578 0.811821840625437 0.790751710487748 0.775167389830435 0.760044160797739 0.745897846847964 0.749897647715587 0.762200292407056 0.775645236333677 0.795827809999241 0.824056154683267 0.852588668672433 0.87436633133496 0.889437338115826 0.892976816236553
-9999 -9999 -9999 -9999 -9999 -9999 -9999 -9999 -9999 -9999 -9999 -9999 -9999 0.669567730239652 0.695363086472608 0.692516092816957 0.54297911792187 0.361217996530335 0.426462157132138 0.64848592970861 0.700392124603842 0.752186583223672 0.781112884273016 0.786153494915052 0.794612921835649 0.813737534978262 0.843518521308675 0.863797142906828 0.883379764788873 0.903038897462585 0.921406198239045 0.934672500739479 0.957364326388109 0.961901385536991 0.963601565921459 0.959785926986253 0.948769912333015 0.938472183885648 0.927702611040769 0.919305900447805 0.89847569638218 0.865754087475941 0.839325973701994 0.816834191764139 0.800757085476937 0.775943368363998 0.765873434045987 0.755027956482358 0.739320615557488 0.730747902522666 0.728737149087499 0.735921104481006 0.754911030998827 0.787865662415114 0.833127268556136 0.876211365625695 0.900572803019481 0.912388825515675 0.912194111267076
-9999 -9999 -9999 -9999 -9999 -9999 -9999 -9999 -9999 -9999 -9999 -9999 -9999 0.687295580038015 0.681048196839966 0.671504008508113 0.525067841734567 0.353125648003523 0.460576474187691 0.659315446489786 0.699859923901839 0.725711833491447 0.738553685832008 0.763115072532962 0.781180756108127 0.798642750593138 0.818992699605621 0.83215139233324 0.849237085154895 0.87023561690726 0.895604259196303 0.922779158389681 0.938527476769159 0.947093281903601 0.951727952669816 0.946931298884973 0.930441303032855 0.922549664056018 0.913616449551217 0.896153225295163 0.859867506149178 0.830680248094956 0.810050020754866 0.793968527992445 0.770219002481186 0.757617433314638 0.747729546587777 0.730981056537258 0.717870660580483 0.711146654478592 0.705898270530557 0.707691227347596 0.72642590322066 0.775168197095206 0.837095840279999 0.893369725011545 0.92356208823665 0.929016029967114 0.921901362417385
-9999 -9999 -9999 -9999 -9999 -9999 -9999 -9999 -9999 -9999 -9999 -9999 -9999 -9999 -9999 0.570901217503541 0.337559753955456 0.391500671089746 0.536634333534095 0.636723508948865 0.68831906162786 0.714066786730524 0.731201193432415 0.747692486034739 0.765310563271945 0.784400533057073 0.804506292518864 0.818532824739239 0.836234883582867 0.853871729938492 0.865602410224431 0.877351139200057 0.896891569580819 0.908098212714374 0.915237872049752 0.916867613291701 0.912668775022849 0.894565171075956 0.884526065796924 0.859430603059798 0.835284594254814 0.808449144184484 0.793905460318549 0.767692767275532 0.747366958985306 0.738102840168435 0.722194863279193 0.707211569575524 0.696505149508918 0.691277794347867 0.687988005809902 0.686617134841861 0.701393954290749 0.761495060469848 0.834467276854359 0.903329273065274 0.937522800596617 0.935122838686871 0.924783443044653
-9999 -9999 -9999 -9999 -9999 -9999 -9999 -9999 -9999 -9999 -9999 -9999 -9999 -9999 -9999 0.547289992990313 0.395300569746116 0.37642136422676 0.531240973934715 0.612229397486742 0.669425853393038 0.70130204259239 0.718739452635386 0.736853671354718 0.752825753798875 0.772585115258714 0.791636669901265 0.807151288163676 0.822681621189381 0.83668977193529 0.844471818238987 0.859731838705195 0.872659880098149 0.879478284065371 0.87827421016375 0.879277173035073 0.87321837452569 0.861650735338487 0.853048348849729 0.834074225637672 0.811971694238042 0.792792819751732 0.769860821711341 0.748761082861975 0.734374988580331 0.714286339847349 0.700484044184223 0.692540930459031 0.682710266785182 0.680462119764962 0.68133352113325 0.687352040502793 0.708637719137064 0.756471592574835 0.818495812610885 0.875475712785803 0.907993149788122 0.916546726721379 0.911890289010058
-9999 -9999 -9999 -9999 -9999 -9999 -9999 -9999 -9999 -9999 -9999 -9999 -9999 -9999 0.658741204257846 0.573968650274839 0.413210791695783 0.418233090095618 0.546901292060975 0.618790466327593 0.649847497559263 0.69118082305078 0.711102639038422 0.732798300965659 0.746360426063078 0.759802847143761 0.774784519060944 0.78846882901471 0.80392031252313 0.814892182031414 0.818021412889069 0.834281725030752 0.843740044890994 0.844145293218611 0.840155153055889 0.843126781123695 0.833537351260144 0.813670621150851 0.802902378353715 0.800020655415627 0.789256573139075 0.775907317774814 0.753045564753229 0.726524970831236 0.709517893272534 0.691873780548976 0.681430300185386 0.673836448770969 0.669303782375636 0.669418511435145 0.681222120825312 0.694281595038155 0.717032361092515 0.756025244947951 0.801621584545255 0.843111763447713 0.870556575478016 0.886147871295774 0.893379060016942
-9999 -9999 -9999 -9999 -9999 -9999 -9999 -9999 -9999 -9999 -9999 -9999 -9999 0.650021584253196 0.637834235090961 0.550623532952033 0.440366984745024 0.39541638794246 0.537021836277527 0.635862414154401 0.650424025468665 0.698912162744255 0.715008540960141 0.727382245509117 0.736885162610917 0.745888088207156 0.757239375447036 0.770177664264274 0.78211111554754 0.793296447969827 0.790459129155966 0.797116603530819 0.810189806828145 0.813693277076312 0.807834288887453 0.792255509058119 0.787320900527998 0.774412836429174 0.758403175379338 0.774962106121213 0.766088963406688 0.75378008617174 0.731564910650102 0.693869679142175 0.682236025429467 0.677793883664989 0.665070423447558 0.659236925968428 0.652504350819662 0.659919395378661 0.674075593257039 0.692203614455844 0.714768674636137 0.745908088522554 0.782335307981827 0.812599492395663 0.842431144845848 0.859797067172149 0.866725133504108
-9999 -9999 -9999 -9999 -9999 -9999 -9999 -9999 -9999 -9999 -9999 -9999 -9999 0.668878639508876 0.680409418029007 0.569746341797315 0.472586498723324 0.477125009782991 0.555193876919647 0.671955317518451 0.677183041789203 0.703725932868496 0.715813542231875 0.719238465517513 0.726478082325551 0.732466308644316 0.741537872828955 0.75070598054283 0.761490043869473 0.764550443673342 0.773725495546729 0.772405611934314 0.781626568319467 0.774913019616299 0.783215584608794 0.779008755898647 0.769779075067099 0.75117340184038 0.736532716005743 0.73821213194857 0.73846697300017 0.710844770602018 0.692393323718195 0.677025058652957 0.658879895603152 0.657137701277421 0.654272048730418 0.644756379761334 0.635615760473572 0.646969825812951 0.660853681742377 0.677864910025717 0.704823708186245 0.735449638454132 0.763538747902846 0.791567594803719 0.824850702936081 0.839586735502792 0.834616903391966
-9999 -9999 -9999 -9999 -9999 -9999 -9999 -9999 -9999 -9999 -9999 -9999 -9999 0.723478447599689 0.718210269150511 0.62205414407113 0.399573464209733 0.45573321205302 0.594999845308657 0.62689935913014 0.628170031554785 0.672402494498464 0.667960996538509 0.698173034219889 0.707822345890265 0.71112482410687 0.720472988878832 0.732579683334084 0.740300010423348 0.742321538490663 0.750981075727531 0.751294779934129 0.750739751294503 0.756406590153681 0.767640390716277 0.756728663111587 0.740475956861336 0.735537367926253 0.719413951654122 0.715354403630405 0.702379142225984 0.680750246771406 0.671931347626014 0.666199390245393 0.648635100595271 0.636899039180965 0.628008711788457 0.619443569138879 0.624057008607608 0.633878787504185 0.645228218788006 0.660574451659435 0.684476316155237 0.713478942717288 0.741015701367319 0.771691571486357 0.795145884569221 0.807558493150919 0.818429459074242
-9999 -9999 -9999 -9999 -9999 -9999 -9999 -9999 -9999 -9999 -9999 -9999 -9999 0.738404335355823 0.743848957729247 0.728048062877417 0.549614031494646 0.477578756753952 0.617563920856738 0.542009084845968 0.554804247906171 0.625116446417156 0.630381802901262 0.675847670814997 0.685190859969753 0.693887730526998 0.704136487735092 0.713537925411545 0.71951614781421 0.723053476042066 0.723937909870646 0.730138369688761 0.733992640500147 0.733517712178069 0.733647987594729 0.730237261923576 0.71633607528878 0.712682202107181 0.70532583919807 0.707433448446723 0.695915895027233 0.678314145150941 0.665202882781263 0.656738673552533 0.645739451249239 0.635258713467598 0.611250822774208 0.604919777643843 0.606606349654452 0.616711882310061 0.62993623481913 0.647490631602629 0.664329815203919 0.690952461208411 0.72003643475658 0.744663590970987 0.768193306260625 0.788081694128344 0.800734450372875
-9999 -9999 -9999 -9999 -9999 -9999 -9999 -9999 -9999 -9999 -9999 -9999 -9999 0.74496366368827 0.743438688614649 0.741083552936821 0.653157423357919 0.514060082672939 0.586952482773746 0.549742703413692 0.532467901163811 0.612774253498454 0.62585478573878 0.650890129397621 0.658761904850845 0.666997175891355 0.684083706932317 0.690195912796774 0.694551975161714 0.698040746894131 0.702825907904547 0.708638086521312 0.704755938318417 0.709614309099895 0.70367388310604 0.696015412859375 0.691358875595238 0.69130773232721 0.691316275747001 0.717920631763582 0.710256804644576 0.689110573974837 0.671395799811827 0.64603748637734 0.638408569124531 0.624357111124991 0.607701748874009 0.604895805047546 0.603832692646746 0.612891999896105 0.621996182836053 0.632905547457252 0.642847387418168 0.676064721301321 0.699042348486982 0.71801312232063 0.735311416571874 0.75279381611343 0.764802489568568
-9999 -9999 -9999 -9999 -9999 -9999 -9999 -9999 -9999 -9999 -9999 -9999 -9999 -9999 0.744521926754374 0.746748971253627 0.720423216327053 0.587278813140718 0.489703858970315 0.472138334502041 0.497996342697924 0.624946545934801 0.650566384295989 0.659210754536497 0.640013365819741 0.632405559259584 0.64403093367115 0.636291733557639 0.623717060776162 0.616116361037028 0.644954081597285 0.677853105943219 0.683984651234597 0.67970382904882 0.67928029266236 0.685739751782809 0.677300404638249 0.684391249648551 0.684542484161857 0.700201097349371 0.692131336475602 0.687274845701637 0.678586613613276 0.649623400645173 0.622433407974331 0.614686049140444 0.610141943577506 0.612397240421838 0.605136088482988 0.611665288660846 0.61522358528661 0.626297304455902 0.641429200330835 0.675271663508647 0.689019493237972 0.698923895803158 0.716584503903581 0.720929073255405 0.726163464462846
-9999 -9999 -9999 -9999 -9999 -9999 -9999 -9999 -9999 -9999 -9999 -9999 -9999 -9999 -9999 0.749352266409065 0.670641845696052 0.646807211265959 0.568414686232162 0.48205077579352 0.525079944380356 0.585066128594911 0.661366415622251 0.654714791815594 0.611843374068642 0.60858066447296 0.623157033629813 0.609246107010624 0.597151800354661 0.592416394203714 0.606405126949202 0.603933243591193 0.659186821275234 0.651667014629532 0.656060915345384 0.654696495248953 0.599951206834785 0.598080377938582 0.647599737688155 0.648768235809741 0.629139827589329 0.635941325915134 0.643104437138756 0.643411958052451 0.610563495157355 0.598306612555912 0.592190700389969 0.591596622133457 0.578778575458348 0.587674003058609 0.601925126463752 0.613526100994816 0.624085201766961 0.634207289851202 0.673974753959514 0.689105901012495 0.695640259923119 0.708268019397331 0.710381663036958
-9999 -9999 -9999 -9999 -9999 -9999 -9999 -9999 -9999 -9999 -9999 -9999 -9999 -9999 -9999 -9999 -9999 0.667936632907435 0.591536826336349 0.489421759842319 0.524076552986111 0.522922635983376 0.5962845058321 0.636644076969213 0.613060389283698 0.597512591004498 0.605351486317258 0.587923955498631 0.569010083426333 0.580679155235591 0.596724317216541 0.585579167501614 0.581174307145083 0.583373203007718 0.587096466979781 0.593600796711462 0.603733569329072 0.606346226069205 0.649977242546929 0.652231997702904 0.633305304359231 0.633558082623995 0.634522972495808 0.611603686990318 0.583293639978566 0.577465136657979 0.569933915760073 0.568399690723124 0.569180135599496 0.577770883173043 0.583075278639398 0.589898464571619 0.601930930960151 0.61295378855159 0.628149277702771 0.637829262827524 0.662246222674368 0.684406404802648 0.694126394523116
-9999 -9999 -9999 -9999 -9999 -9999 -9999 -9999 -9999 -9999 -9999 -9999 -9999 -9999 -9999 -9999 -9999 -9999 0.621261518590681 0.492332897686764 0.47832890110307 0.509758128658315 0.46626002039243 0.55976305690076 0.585852934818524 0.571573628497607 0.570152818602627 0.559561526236566 0.57553315840866 0.583821731193799 0.57800894923584 0.576563439323394 0.578227395195118 0.577992105272188 0.584750653990102 0.60624077566118 0.625375379456769 0.657794555921425 0.668123979541112 0.656198292207747 0.634413502785557 0.626031232323342 0.622326184344217 0.612582127193551 0.583228615151048 0.579452353381084 0.570101970454859 0.563226956792392 0.548935087982823 0.559111283188153 0.562457627763707 0.566336083003078 0.572966861073242 0.5857398593408 0.598958286593342 0.614720591463148 0.636958108935021 0.651903339044468 0.665958046616284
