layers/veg_krg_50/veg_2400.asc
NCOLS 128 
NROWS 165 
XLLCORNER -2985163.8955 
YLLCORNER -3022031.214 
CELLSIZE 50000 
NODATA_value -9999 
[rows 52 to 77 of 165, columns 0 to 58 of 128]
-9999 -9999 -9999 -9999 -9999 -9999 -9999 -9999 -9999 -9999 -9999 -9999 -9999 -9999 -9999 -9999 -9999 -9999 -9999 0.543316963436988 0.473214167911731 0.455221426639617 0.476342366527331 0.45560705300421 0.521386047789808 0.524284229708925 0.532615693102057 0.538552247396362 0.578523499590175 0.57846802258807 0.586377490725807 0.594261141162588 0.60944599117856 0.620682145422314 0.646413417371871 0.683890304290082 0.713917350515536 0.711728285362474 0.708899048818243 0.686107977341358 0.670056079166376 0.647459372438246 0.617388632379427 0.621298934614208 0.600797164867554 0.607123223144246 0.590512024535124 0.586851126082982 0.578705464226752 0.584571065045175 0.589613286304257 0.590785543794528 0.600829691939915 0.588585529583481 0.587508507341523 0.558335164199298 0.559308911886736 0.607366137271331 0.605330567500887
-9999 -9999 -9999 -9999 -9999 -9999 -9999 -9999 -9999 -9999 -9999 -9999 -9999 -9999 -9999 -9999 -9999 -9999 -9999 0.515387437441615 0.446362004419618 0.35868964503578 0.383637100598615 0.385043924401238 0.407739305791926 0.460151405444027 0.491559206214547 0.524769275153262 0.530275923190206 0.557958034906665 0.562327149898924 0.574788227383282 0.594356809268799 0.621705878468315 0.669477685368943 0.705120939753664 0.700760932261654 0.710413746393882 0.705485823824483 0.686679155008733 0.680950454733975 0.670188039433314 0.651464058715113 0.616121476240917 0.601119839002818 0.580473694884714 0.559026003128548 0.546552258151099 0.531450448915116 0.513606729208555 0.518769021010606 0.552489683643551 0.576617730327463 0.579433841784673 0.58770489592265 0.591023317916854 0.600498870356771 0.604101992230632 0.615193507148876
-9999 -9999 -9999 -9999 -9999 -9999 -9999 -9999 -9999 -9999 -9999 -9999 -9999 -9999 -9999 -9999 -9999 -9999 -9999 -9999 0.466243688867581 0.340070464664532 0.300900379041255 0.304644080986933 0.317131326715964 0.355408520123154 0.460207105822234 0.496096149120841 0.497135158682731 0.533995197962919 0.54399291709188 0.554725718290897 0.574950698335533 0.638710506531404 0.700221714382849 0.703725758272437 0.701707040145355 0.717041788679939 0.718573507819895 0.701794199980037 0.69737604953645 0.688696120551256 0.670012227883329 0.627986230106521 0.616467144597706 0.592932210582918 0.565763727945719 0.544882968615342 0.52323921898208 0.499321286657472 0.48944623647916 0.484437200376527 0.518678790831654 0.543182914139359 0.55903184209851 0.574313612037086 0.575168111764977 0.582537718271795 0.571749652168791
-9999 -9999 -9999 -9999 -9999 -9999 -9999 -9999 -9999 -9999 -9999 -9999 -9999 -9999 -9999 -9999 -9999 -9999 -9999 -9999 0.429938525616635 0.296907821050217 0.250273900424262 0.246358972818858 0.271647867391688 0.284735058309267 0.367492115080859 0.421189094985982 0.43257849437443 0.479063372191232 0.515666854480999 0.554310391045499 0.604547061594 0.672654214490459 0.689478276196144 0.701842416237585 0.706352005431697 0.716454130171709 0.727113614842755 0.714066285796534 0.711617353572628 0.700832561280209 0.683014502152825 0.640270028513131 0.625029622287425 0.598715735168088 0.568152077749716 0.546048378164869 0.515146932842159 0.492724886716411 0.478408789871285 0.467450051894526 0.463705256348068 0.461037927500401 0.536344096901331 0.533146165845357 0.548791143170852 0.55607386129617 0.535393917504535
-9999 -9999 -9999 -9999 -9999 -9999 -9999 -9999 -9999 -9999 -9999 -9999 -9999 -9999 -9999 -9999 -9999 -9999 -9999 -9999 -9999 0.336060655471971 0.26736378405997 0.196701158089231 0.207216205377137 0.220416795018629 0.272043605706117 0.379503906911492 0.39838933861876 0.434848240928231 0.509349512645924 0.54285001334843 0.609857936642158 0.666867285831254 0.677410411753301 0.691284288935155 0.707442986926353 0.721951544254597 0.725601937003403 0.724458140567846 0.700140980216184 0.676155828579789 0.672392041309156 0.644343734176522 0.62707608171634 0.606258598398774 0.572215540622787 0.537232000097896 0.507411924599357 0.483217634526472 0.472472876488587 0.457458310724445 0.450689999591422 0.45313158042469 0.458026463328496 0.498327179658453 0.505320536887438 0.503848286289357 0.515622244535502
-9999 -9999 -9999 -9999 -9999 -9999 -9999 -9999 -9999 -9999 -9999 -9999 -9999 -9999 -9999 -9999 -9999 -9999 -9999 -9999 -9999 0.359656600424873 0.314098939572576 0.179799493331753 0.164372879888494 0.187986472135754 0.275757490098383 0.328506743341543 0.373603360253828 0.441889696528533 0.485494488568675 0.557727652271921 0.656240909464188 0.667284156531427 0.659891138301571 0.682536311341781 0.709318714843674 0.716741461124331 0.711973556564961 0.730235414194982 0.721303175638513 0.700274912281685 0.688746423034921 0.664412780291423 0.639193348637603 0.605466167550876 0.565352369537743 0.529460736736136 0.500577468362388 0.473208463261436 0.456779526403326 0.445049209321162 0.445658962786983 0.450832146021207 0.445341125205151 0.447035559134095 0.459186137990779 0.472724891242229 0.478886578308617
-9999 -9999 -9999 -9999 -9999 -9999 -9999 -9999 -9999 -9999 -9999 -9999 -9999 -9999 -9999 -9999 -9999 -9999 -9999 -9999 -9999 -9999 0.303530944329096 0.212791181581954 0.14261322574949 0.153481157707514 0.1798114730987 0.219075447539088 0.282511534684663 0.408080509706541 0.507009704721214 0.596555647091877 0.639662205724097 0.655463594664182 0.656922915386922 0.678454041357358 0.703324076148476 0.708243542216838 0.722727997716442 0.736319099829529 0.744704547185777 0.73742713354231 0.715969027628945 0.686860917815766 0.651368875024673 0.607429963197384 0.561461001099118 0.519637207355128 0.487502749378579 0.459766369212098 0.443377903051699 0.434491610663408 0.437764926060317 0.443384801551388 0.441170050179009 0.432705349098931 0.426290428800176 0.427071781043393 0.435610761743709
-9999 -9999 -9999 -9999 -9999 -9999 -9999 -9999 -9999 -9999 -9999 -9999 -9999 -9999 -9999 -9999 -9999 -9999 -9999 -9999 -9999 -9999 0.298912623356948 0.238016230175638 0.168295896269426 0.123842022600164 0.112615861213569 0.152250350715362 0.218481210176949 0.420081206954424 0.490394659936303 0.490110509908713 0.584440116746482 0.482237261072585 0.386078918202297 0.58971613909105 0.680040876383623 0.71131527005042 0.734887776140909 0.757828263783285 0.777356546441959 0.774191095722746 0.745435778117656 0.714421920732546 0.667975756488437 0.613491771891051 0.557535159634228 0.507424330207867 0.468841593350074 0.445059332438981 0.427602690864524 0.42143471212855 0.431411745104508 0.443256204544086 0.440947990380556 0.431154490400636 0.42102139463136 0.396473357513265 0.364089330494151
-9999 -9999 -9999 -9999 -9999 -9999 -9999 -9999 -9999 -9999 -9999 -9999 -9999 -9999 -9999 -9999 -9999 -9999 -9999 -9999 -9999 -9999 -9999 -9999 0.232253522025888 0.14269121199744 0.1070832822271 0.139328080770396 0.250765063790228 0.410012943342039 0.536828339649862 0.441348749529975 0.537598678168064 0.404500350084773 0.333764461021031 0.527991834215552 0.639917224162092 0.706810388121019 0.740050514983902 0.771450779840118 0.797606795069209 0.799435457695728 0.778959716763215 0.742365701435289 0.687714288811253 0.622862896683977 0.556625967536235 0.500887283975228 0.458471693053062 0.429498376644401 0.404290488831707 0.398063407468078 0.430834758642951 0.45116495690797 0.437662630232706 0.425790673984482 0.406266818593416 0.378061570498796 0.342653894907381
-9999 -9999 -9999 -9999 -9999 -9999 -9999 -9999 -9999 -9999 -9999 -9999 -9999 -9999 -9999 -9999 -9999 -9999 -9999 -9999 -9999 -9999 -9999 -9999 -9999 0.203424588304157 0.0975453781420438 0.098036208919609 0.147791341380132 0.259864595811649 0.376416696178597 0.393545251042157 0.366004479464562 0.310046930767745 0.26892390564783 0.424680353708987 0.496114365680283 0.611896961110815 0.691542331019483 0.74350984636062 0.7878133958456 0.807851880501347 0.806859188016057 0.772399406202944 0.713638244621782 0.644399729015837 0.574339622217986 0.512771008518874 0.467175113838438 0.428812756794068 0.401039898896167 0.394925055011979 0.449712122045115 0.45405051722392 0.427373161438599 0.407796113918249 0.390934193543534 0.363885821961581 0.341032125753045
-9999 -9999 -9999 -9999 -9999 -9999 -9999 -9999 -9999 -9999 -9999 -9999 -9999 -9999 -9999 -9999 -9999 -9999 -9999 -9999 -9999 -9999 -9999 -9999 -9999 0.315019952568944 0.203264538445122 0.0786343731386499 0.0890875538793983 0.169963814628959 0.206951282549147 0.261595238670806 0.273511555350307 0.210566450436382 0.18106114857488 0.180501987449223 0.225736031952627 0.360403286162317 0.495861909085389 0.668043502830912 0.748585270585041 0.801333505690658 0.821636481573483 0.801389794851574 0.742354464659462 0.66974143384742 0.595530625454109 0.526633970727657 0.481729334732745 0.440560559219875 0.412617208207179 0.406717186359873 0.421721849799589 0.416299086078994 0.389327154697429 0.369109256205959 0.359168142778024 0.328802224107857 0.30953567538811
-9999 -9999 -9999 -9999 -9999 -9999 -9999 -9999 -9999 -9999 -9999 -9999 -9999 -9999 -9999 -9999 -9999 -9999 -9999 -9999 -9999 -9999 -9999 -9999 -9999 -9999 0.370577559745991 0.156459734620085 0.105660476694341 0.120203752108435 0.180031064142932 0.197373966366243 0.271116323052831 0.156197982935067 0.157873895730256 0.154395580437853 0.118675034159817 0.194480025717125 0.205071008112769 0.416759331279894 0.573850059778128 0.693167971945635 0.775829567360689 0.784886172895959 0.758252329578765 0.687520781729162 0.606891874581877 0.543354451882418 0.491592020362991 0.450383880489867 0.417742712582114 0.393144741259286 0.381463844936194 0.368371460666424 0.348435827353977 0.334302356044987 0.31503290156231 0.29195737449541 0.266540420701892
-9999 -9999 -9999 -9999 -9999 -9999 -9999 -9999 -9999 -9999 -9999 -9999 -9999 -9999 -9999 -9999 -9999 -9999 -9999 -9999 -9999 -9999 -9999 -9999 -9999 -9999 0.473104849706984 0.326322889495798 0.258937358867736 0.123764814599463 0.138448736685476 0.120866316185634 0.137729708822705 0.0961323505996345 0.116087700107046 0.0859904881533418 0.096298345877076 0.138021893621994 0.125304082833223 0.135381846152123 0.198996877565907 0.445332933539502 0.638195149848759 0.718522530810302 0.719436424248725 0.675823301576569 0.605528025862633 0.548265921831042 0.506757359045745 0.454555505972419 0.408311981656037 0.370437836221799 0.342756631162102 0.322049309960719 0.308565421500559 0.295765804923137 0.278532411070369 0.266160869418444 0.246365730719527
-9999 -9999 -9999 -9999 -9999 -9999 -9999 -9999 -9999 -9999 -9999 -9999 -9999 -9999 -9999 -9999 -9999 -9999 -9999 -9999 -9999 -9999 -9999 -9999 -9999 -9999 0.505522926944918 0.506734149841163 0.436307007299851 0.191634022129376 0.123278001476723 0.0970812733075846 0.0353896702091745 0.0132778730835217 0.0345380925640255 0.0870547962522032 0.102900740519934 0.116111697135818 0.132381811348583 0.124790005304347 0.0524868405602183 0.270606397850285 0.599650854831987 0.65145512142069 0.616456519947839 0.595347609008785 0.54544465385901 0.517790663687319 0.495179024629795 0.447884961168064 0.395326625656449 0.34598676468847 0.308160652092498 0.282061265658521 0.269419058357938 0.260576019821951 0.248325883308674 0.240493310114877 0.241041999298492
-9999 -9999 -9999 -9999 -9999 -9999 -9999 -9999 -9999 -9999 -9999 -9999 -9999 -9999 -9999 -9999 -9999 -9999 -9999 -9999 -9999 -9999 -9999 -9999 -9999 -9999 -9999 0.524625868403451 0.488828574148141 0.35374533837196 0.211642074101203 0.126062108806123 0.0694014485005146 0.105110355604943 0.0248900448959368 0.0397905348944233 0.0519836014276065 0.0700350047205042 0.116241929396024 0.126598835755162 0.0788874651209261 0.236755569076393 0.489645701379264 0.540184748169989 0.538962512372536 0.452035954260178 0.470512260976363 0.492273101593533 0.492394837861521 0.460825825002847 0.39100000561223 0.334652858896707 0.284946987633542 0.256503679897314 0.242895618842902 0.237584544310686 0.226535495333335 0.219893010438045 0.220916068933686
-9999 -9999 -9999 -9999 -9999 -9999 -9999 -9999 -9999 -9999 -9999 -9999 -9999 -9999 -9999 -9999 -9999 -9999 -9999 -9999 -9999 -9999 -9999 -9999 -9999 -9999 -9999 -9999 0.458276876888734 0.427871178481336 0.348094692503701 0.262560316812783 0.339104740506613 0.120644794254191 0.10522665193592 0.0988506791610431 0.0413226318732251 0.0287919263627309 0.0539245732042448 0.113567182603175 0.117380375756176 0.136680446044152 0.183668445738134 0.257324705098228 0.463883987504182 0.449188467265022 0.464156202763395 0.488932130121394 0.476685451798396 0.456827177062959 0.391843807001904 0.338502299154851 0.290310151775445 0.251851308921406 0.220968517044405 0.217995417255519 0.20803362460139 0.197876939087148 0.208130904584121
-9999 -9999 -9999 -9999 -9999 -9999 -9999 -9999 -9999 -9999 -9999 -9999 -9999 -9999 -9999 -9999 -9999 -9999 -9999 -9999 -9999 -9999 -9999 -9999 -9999 -9999 -9999 -9999 -9999 -9999 0.418058096161675 0.413577617146357 0.418759942221847 0.350501797106117 0.314217505273574 0.16507033677488 0.0511959912660741 0.0748664368149457 0.0194200833283486 0.066347888473799 0.0813800490059474 0.0914677523137733 0.0469080897545457 0.031313187720348 0.319801080259913 0.332771751505697 0.348863168680012 0.446569099902455 0.449733665707074 0.457024048912048 0.393956592742965 0.345138484703276 0.303575371673026 0.260251779443207 0.222854703225864 0.205150424878211 0.19727980961066 0.178394629669205 0.197136585624916
-9999 -9999 -9999 -9999 -9999 -9999 -9999 -9999 -9999 -9999 -9999 -9999 -9999 -9999 -9999 -9999 -9999 -9999 -9999 -9999 -9999 -9999 -9999 -9999 -9999 -9999 -9999 -9999 -9999 -9999 -9999 -9999 0.393860562588653 0.548474029997538 0.479033752540373 0.354174422863232 0.185718745330407 0.188908332635157 0.000738476406751491 0.0145405889531022 0.0473119007110171 0.0755362126909914 0.0605690022652279 0.0359633673104038 0.198719102219653 0.205213372812046 0.0944509139277002 0.249144102195913 0.422870291878311 0.442782425414391 0.399906673006299 0.355780342440532 0.320775108422553 0.262504539945402 0.236795306086736 0.221151267188842 0.206966978872281 0.196460982937372 0.198244528322019
-9999 -9999 -9999 -9999 -9999 -9999 -9999 -9999 -9999 -9999 -9999 -9999 -9999 -9999 -9999 -9999 -9999 -9999 -9999 -9999 -9999 -9999 -9999 -9999 -9999 -9999 -9999 -9999 -9999 -9999 -9999 -9999 -9999 0.602751710578318 0.51971871957223 0.551006867674898 0.457804824909957 0.210015235998634 0.0453233098986877 0.0107590456663574 0.00255114822780428 0.0628500899789851 0.034223230031753 0.0500348747729449 0.0369845699105746 0.0548227780155196 0.123928081470628 0.107116004564664 0.0587560935897245 0.235152172005348 0.342708206032159 0.350753328979295 0.306811913661083 0.257850077761887 0.243042912962422 0.22777912857086 0.2170560727614 0.209649438534381 0.20120642226321
-9999 -9999 -9999 -9999 -9999 -9999 -9999 -9999 -9999 -9999 -9999 -9999 -9999 -9999 -9999 -9999 -9999 -9999 -9999 -9999 -9999 -9999 -9999 -9999 -9999 -9999 -9999 -9999 -9999 -9999 -9999 -9999 -9999 -9999 -9999 -9999 0.462618663260166 0.432913514382797 0.315072294470513 0.0824710374147057 0.0383985693602395 0.0555531585811323 0.0632615373299263 0.0663291172377643 0.0677235314687352 0.0310273109597655 0.0855165485656261 0.120309188114632 0.0719616807344178 0.0776381643761382 0.196471158077735 0.256555377717335 0.27103820539926 0.257717130203262 0.245674719730158 0.230857215674404 0.219674159640416 0.211499553920163 0.201636580635729
-9999 -9999 -9999 -9999 -9999 -9999 -9999 -9999 -9999 -9999 -9999 -9999 -9999 -9999 -9999 -9999 -9999 -9999 -9999 -9999 -9999 -9999 -9999 -9999 -9999 -9999 -9999 -9999 -9999 -9999 -9999 -9999 -9999 -9999 -9999 -9999 -9999 0.620459890880595 0.597523920106575 0.38046654935605 0.0468763760091412 0.0210369348854433 0.0481060302654463 0.0548244752971128 0.0680875035910379 0.0303743085024043 0.00388353179855558 0.0643866377660566 0.156911235999781 0.185176706928584 0.199315982226416 0.16507375976934 0.204131884734267 0.262123794356093 0.246265847795394 0.233665362162393 0.225707563703225 0.217551783984868 0.2062627669757
-9999 -9999 -9999 -9999 -9999 -9999 -9999 -9999 -9999 -9999 -9999 -9999 -9999 -9999 -9999 -9999 -9999 -9999 -9999 -9999 -9999 -9999 -9999 -9999 -9999 -9999 -9999 -9999 -9999 -9999 -9999 -9999 -9999 -9999 -9999 -9999 -9999 -9999 0.643331664092327 0.467530449165922 0.113077818490004 0.0278233504238448 0.0685221523224126 0.0768296513666738 0.0667198180938466 0.0396545357911008 0.00755669763322228 0.0430371202213157 0.140693510545374 0.175819855754134 0.17258052346754 0.139326306384686 0.19948205009226 0.269387202478066 0.257885133778355 0.238212663554869 0.233362660564406 0.225811055502624 0.224511323658415
-9999 -9999 -9999 -9999 -9999 -9999 -9999 -9999 -9999 -9999 -9999 -9999 -9999 -9999 -9999 -9999 -9999 -9999 -9999 -9999 -9999 -9999 -9999 -9999 -9999 -9999 -9999 -9999 -9999 -9999 -9999 -9999 -9999 -9999 -9999 -9999 -9999 -9999 0.52081180866541 0.444349569142801 0.178560771091467 0.0349228818367826 0.0563397843417093 0.0814895825920381 0.0663909346583073 0.0359976448103367 0.00167800464309759 0.00621584432008739 0.0995957350359928 0.121022287280521 0.114577753942101 0.177903318702336 0.228755970232428 0.259193943167185 0.265661756751578 0.245939518269525 0.245901517226663 0.240686887977402 0.236214110365652
-9999 -9999 -9999 -9999 -9999 -9999 -9999 -9999 -9999 -9999 -9999 -9999 -9999 -9999 -9999 -9999 -9999 -9999 -9999 -9999 -9999 -9999 -9999 -9999 -9999 -9999 -9999 -9999 -9999 -9999 -9999 -9999 -9999 -9999 -9999 -9999 -9999 -9999 0.48895122093757 0.456867358613622 0.294323775643806 0.0808873719586737 0.0572811217098167 0.0773233081404666 0.0529031308940838 0.0253595876647288 0.000122070914954283 0.00154731862052517 0.0397273679471421 0.0748661074140403 0.106703150513566 0.177541128341333 0.221431572020637 0.251604109961413 0.263221168507223 0.263570819777493 0.262577141478401 0.26755811970291 0.290179642168889
-9999 -9999 -9999 -9999 -9999 -9999 -9999 -9999 -9999 -9999 -9999 -9999 -9999 -9999 -9999 -9999 -9999 -9999 -9999 -9999 -9999 -9999 -9999 -9999 -9999 -9999 -9999 -9999 -9999 -9999 -9999 -9999 -9999 -9999 -9999 -9999 -9999 -9999 -9999 0.400124207795106 0.353304884922998 0.112869476214927 0.0416917655226857 0.0665016966050473 0.0275563491182698 0.0329489608469982 0.0015012646329958 0 0.0610593726270988 0.0745886256874531 0.143456032062804 0.181833466760485 0.212859755213864 0.282016446432816 0.275225030075256 0.284557060064265 0.286028722647625 0.305712300722804 0.310551539905427
-9999 -9999 -9999 -9999 -9999 -9999 -9999 -9999 -9999 -9999 -9999 -9999 -9999 -9999 -9999 -9999 -9999 -9999 -9999 -9999 -9999 -9999 -9999 -9999 -9999 -9999 -9999 -9999 -9999 -9999 -9999 -9999 -9999 -9999 -9999 -9999 -9999 -9999 -9999 0.430129035814008 0.405934105645869 0.157502483403939 0.0267333778119124 0.0541662653487422 0.0561981232196394 0.0359585793215414 0.00679023008329737 0.0011525775000325 0.0703279185265432 0.0276210534819088 0.115913288809231 0.217928640763721 0.219996551220423 0.271581018131829 0.294296848448256 0.303200004822151 0.313424419494628 0.32145771073747 0.343099191912218
