layers/veg_krg_50/veg_4700.asc
NCOLS 128 
NROWS 165 
XLLCORNER -2985163.8955 
YLLCORNER -3022031.214 
CELLSIZE 50000 
NODATA_value -9999 
[rows 26 to 51 of 165, columns 0 to 58 of 128]
-9999 -9999 -9999 -9999 -9999 -9999 -9999 -9999 -9999 -9999 -9999 -9999 -9999 -9999 -9999 -9999 -9999 -9999 -9999 0.689010200612537 0.609591058119065 0.53919275302005 0.357631121443194 0.433378234466507 0.434115148154533 0.323185665763699 0.292177044564502 0.365825129632605 0.3600212877717 0.355024587282205 0.366652563506628 0.384384590605001 0.3987845404241 0.477238186194521 0.510008428209875 0.545142565862867 0.608231320942305 0.642045420828077 0.661239447722325 0.678656594383609 0.678137207270244 0.661745581510431 0.654770527242922 0.657124737647023 0.655242475521413 0.655678940186236 0.654611681278775 0.636918443747632 0.611115609290564 0.619070189973516 0.640699016345867 0.634828958873116 0.529063511542285 0.417350772949355 0.410253296991764 0.402567029309859 0.397092140958272 0.389487658534706 0.378410285911136
-9999 -9999 -9999 -9999 -9999 -9999 -9999 -9999 -9999 -9999 -9999 -9999 -9999 -9999 -9999 -9999 -9999 0.741568795835224 0.696776071806378 0.673349478816375 0.566973155567695 0.443557349948098 0.371086055871732 0.419228139232601 0.38060752108677 0.344402161115911 0.351691885867861 0.365979046617086 0.357548030759652 0.353873249313326 0.368241357267929 0.444273846313743 0.514153346950471 0.557623558465844 0.586085839847586 0.616316744100639 0.655592661669459 0.676556059678144 0.69526114914927 0.715623894339519 0.715898897329104 0.705029645926056 0.698769960363335 0.695491824160739 0.713360122675189 0.706604280312594 0.705294365677761 0.683934744063407 0.667305996831547 0.677927743967306 0.679346257918232 0.672701155681941 0.590160340592602 0.415620903509756 0.404590931744155 0.41063439836987 0.391659856609579 0.387439481379089 0.37817158517464
-9999 -9999 -9999 -9999 -9999 -9999 -9999 -9999 -9999 -9999 -9999 -9999 -9999 -9999 -9999 -9999 -9999 0.73923913607632 0.692352784420572 0.550112913566441 0.458859305929366 0.303106955524996 0.377934142229326 0.440255355978417 0.406701575257618 0.456382405884287 0.380810410646019 0.360615594671984 0.357876812153539 0.404261343851683 0.519468963381172 0.560848036675088 0.586676873028837 0.61195040691343 0.630718968591118 0.664202000441994 0.697748419546368 0.715644348833043 0.734115944805198 0.751210402847692 0.754348417845427 0.747583254362825 0.743470113647925 0.74027037312856 0.76308947243333 0.761482054456437 0.75314888177604 0.732366474859633 0.740531189341646 0.736603921732545 0.709641043462791 0.699354089599361 0.646221587210608 0.611397987094113 0.395154973476813 0.392544580149893 0.384927327028743 0.385018881370673 0.553681824506001
-9999 -9999 -9999 -9999 -9999 -9999 -9999 -9999 -9999 -9999 -9999 -9999 -9999 -9999 -9999 -9999 0.756247237433113 0.744402394868775 0.65108048282552 0.456473264500601 0.402733127211525 0.352753031916223 0.404801173141497 0.451572431803599 0.449611573166339 0.463992879168577 0.468585478703913 0.399052077231335 0.430021681199672 0.558865075555362 0.599716122674562 0.626131311527296 0.645769518927937 0.659547598954065 0.68641524053961 0.725849162283019 0.741966366212446 0.761917392348562 0.777654060469961 0.784549708886312 0.790337384626745 0.792271691925722 0.794374094664168 0.816058283983892 0.809794964852939 0.801604348315061 0.790824182037333 0.775622592645739 0.782240334895604 0.757342163746268 0.738270754360999 0.732640863032642 0.737771169023522 0.740266759866455 0.69758825990524 0.646297912007839 0.649472176787692 0.651082453244077 0.654082157154711
-9999 -9999 -9999 -9999 -9999 -9999 -9999 -9999 -9999 -9999 -9999 -9999 -9999 -9999 -9999 -9999 -9999 0.70281894245611 0.576894892705484 0.410170818299941 0.326470561300301 0.412336485477361 0.444689265148707 0.501206725487978 0.51837045745264 0.490116902369265 0.527466557706471 0.587773010277462 0.614383814415351 0.62669462150549 0.648682977704504 0.688359586542475 0.704586792731045 0.722528025430279 0.743223942707946 0.771819652736792 0.786666383199567 0.800118649448978 0.81279463554351 0.820050349269516 0.829582155379822 0.853750111441616 0.865006452890624 0.859665201425595 0.849907471579941 0.831485964636009 0.814813614842864 0.801261167725853 0.789071621850314 0.767933928883435 0.749405895566991 0.744194761457308 0.739517524817844 0.745644492221783 0.729377967520031 0.685584984379619 0.676349735365269 0.68045722127247 0.684675947096552
-9999 -9999 -9999 -9999 -9999 -9999 -9999 -9999 -9999 -9999 -9999 -9999 -9999 -9999 -9999 0.704258560841644 0.691062592486204 0.631515836149992 0.456360304950212 0.314486528208839 0.349553930997876 0.502483950225478 0.53227176264855 0.53750761993572 0.539443564897882 0.580595556992558 0.655051406229728 0.668790678796166 0.684833166305824 0.675519887070244 0.71231642124616 0.754929229081263 0.769572627512487 0.781540894120952 0.8043893185684 0.815651101764549 0.823842976911006 0.833193467085998 0.842701067415916 0.852222996307547 0.875372514005454 0.890151976325069 0.892648613305486 0.889834041052883 0.876138816873381 0.851154525393004 0.826096128231054 0.811297038868177 0.794586349951999 0.783512574780261 0.778972607029572 0.771961370784514 0.762493244746695 0.763712811894852 0.754575078225641 0.737570943939359 0.70767712320925 0.702670056622156 0.707790838010058
-9999 -9999 -9999 -9999 -9999 -9999 -9999 -9999 -9999 -9999 -9999 -9999 -9999 -9999 0.681551157735095 0.683989382279603 0.654493016591289 0.519109804412047 0.360076859341096 0.364377180111989 0.479885796821277 0.561189668526865 0.571343591267286 0.591417280173524 0.6343158639949 0.672435237247425 0.703505311201285 0.725899699462218 0.759895653975696 0.771207495671285 0.789939839732774 0.81610168579544 0.83283815451604 0.837252223722942 0.857489028215846 0.860771094835447 0.859533619245331 0.86501094091298 0.875030874672093 0.892067774491727 0.899372778330593 0.904956480563234 0.907147817030144 0.904330638097102 0.886661337576679 0.865184540222052 0.845176611411448 0.827917353906793 0.810957260139029 0.800195513188101 0.802131576823895 0.792536148546118 0.78389822534256 0.781034145870835 0.778568389275704 0.773220432223783 0.763245723136597 0.755246872187 0.757136955705377
-9999 -9999 -9999 -9999 -9999 -9999 -9999 -9999 -9999 -9999 -9999 -9999 -9999 0.668133872641987 0.661247124133371 0.66621411405927 0.546486973517501 0.380753361328887 0.303646117652503 0.456999572843434 0.568600238922309 0.610080392748886 0.651599196339464 0.681475936093678 0.703356084252289 0.71733781345506 0.734823250245993 0.764057280061492 0.797925083444543 0.83633273118146 0.863945927707465 0.896324106178363 0.898256875806561 0.899189869750943 0.899462036810459 0.893406660468831 0.899231778678823 0.899679980492072 0.908515152941776 0.910476672422077 0.915003573512503 0.913156774182212 0.910694031451705 0.906287161752966 0.88733192846372 0.869116298258296 0.855686545794912 0.839529302538075 0.821885883624933 0.823048827168194 0.816481423972158 0.805363602742853 0.796975758051358 0.796202186783688 0.800339847094309 0.799568347925677 0.797781122912879 0.804950461501483 0.808189611841601
-9999 -9999 -9999 -9999 -9999 -9999 -9999 -9999 -9999 -9999 -9999 -9999 -9999 0.657238525739519 0.660971798517496 0.655423597490579 0.497467119312719 0.333128011591727 0.27747216400671 0.427605387296191 0.588066047514567 0.681141372083605 0.700136126738575 0.717237974199166 0.731796423832513 0.749941670917241 0.778590860612783 0.80524603490445 0.826657262287721 0.861723067974654 0.896831623913967 0.93278047666466 0.94762126436836 0.938616627179841 0.924625791968085 0.922676194434931 0.922352730058282 0.915014318741089 0.926349602162027 0.921696333989842 0.922322977932606 0.918745579575228 0.90495079962759 0.907208551076401 0.887162421436503 0.865441790963841 0.857442999986338 0.844280449817735 0.835762185657145 0.827996556046269 0.819313041847356 0.811126105609294 0.80984777383704 0.812251685890651 0.819193144247835 0.822706644637186 0.826445958010717 0.832770634505886 0.835725214003381
-9999 -9999 -9999 -9999 -9999 -9999 -9999 -9999 -9999 -9999 -9999 -9999 -9999 0.671365149533952 0.674630194738947 0.643682112949075 0.407098533469147 0.314599933015561 0.337132179211981 0.531648329039071 0.634723918551879 0.700555209424187 0.721106429368887 0.738480254043721 0.757255481106486 0.774327116920343 0.801766256747498 0.831846950887251 0.86104397486702 0.88742120374748 0.91529346448957 0.942791793464441 0.955253441817784 0.950478104274663 0.941494687146299 0.935034456911043 0.930408792803326 0.921760484767574 0.93208056924577 0.926451720253329 0.923610942958327 0.932698935840455 0.94256070270397 0.900123664249022 0.878929383384803 0.857694770852433 0.848611488311274 0.836716644952076 0.832854470420893 0.825064788829724 0.814107070007836 0.814738853582008 0.817689947146321 0.82388821453853 0.833581305849551 0.842765321082764 0.851574487747466 0.855346686192039 0.851795289953776
-9999 -9999 -9999 -9999 -9999 -9999 -9999 -9999 -9999 -9999 -9999 -9999 -9999 0.675592296486587 0.683446933597396 0.662146716193793 0.36234983998389 0.311783105219448 0.432326875644301 0.647465787366033 0.682760112316746 0.712385626908695 0.734381209924797 0.754165097442479 0.773127813048136 0.791145522319955 0.812664981688649 0.844408190847487 0.876147677299101 0.900671658394898 0.922052051806199 0.93685937944303 0.948762625290418 0.950618638106979 0.950371241326216 0.945614844450801 0.933994711283077 0.921485807002911 0.928540869638753 0.924954084915238 0.931555554208918 0.953505151050801 0.932850517572776 0.889504376909396 0.870048866072827 0.849352044209091 0.830280057924171 0.824721461680438 0.827510862936796 0.813331535021352 0.808626544964927 0.813164716811154 0.8216222192442 0.833135066760122 0.847176807227402 0.86232901452717 0.870632634100958 0.873586919114833 0.865444605876026
-9999 -9999 -9999 -9999 -9999 -9999 -9999 -9999 -9999 -9999 -9999 -9999 -9999 0.663403089688274 0.672800968100842 0.667365579570814 0.359785814066723 0.328929763038046 0.435883432755924 0.642265902947993 0.697862099116589 0.721954062761612 0.743025154594599 0.764609430282846 0.782946874911716 0.800314044753096 0.82064339361924 0.849937402256892 0.880422497067083 0.907814530272131 0.922324933041483 0.933814182141566 0.944626935698009 0.95340595770211 0.948995097074363 0.940447384679013 0.928400747182372 0.916672562445645 0.921257537107584 0.9169814818405 0.920895626301511 0.922741053922723 0.89342344678082 0.867045184174072 0.852507285167487 0.83010631335441 0.807533083958133 0.804094778015642 0.79675760163095 0.793357917586399 0.796283491997374 0.805965067278007 0.818239634642459 0.834890592106821 0.857671610626131 0.878229150399952 0.888888289215032 0.88973570619855 0.885725888820237
-9999 -9999 -9999 -9999 -9999 -9999 -9999 -9999 -9999 -9999 -9999 -9999 -9999 0.661322353017362 0.681902818960584 0.685942900751188 0.551331709179035 0.374895053453953 0.43133832744091 0.649598492467487 0.703495374978456 0.727930082091611 0.747892643102689 0.761972763770897 0.776813628778208 0.793558294252945 0.822045856815779 0.854786781911602 0.874118778951189 0.894676095253702 0.915027062579837 0.930294366982664 0.942045113170401 0.946286976039796 0.937780836988592 0.927298351488152 0.917406756812147 0.906652605815129 0.913492894473943 0.909371847800084 0.90560364892844 0.883012535565484 0.859338629414506 0.841732280842934 0.819084538612498 0.796463169844786 0.787837385573936 0.784332464413315 0.772508447556963 0.769207735502703 0.776910363076251 0.790103343796839 0.805714871083713 0.830464556464431 0.865387390772425 0.89357998713792 0.906633568767921 0.905776369985038 0.902650566663467
-9999 -9999 -9999 -9999 -9999 -9999 -9999 -9999 -9999 -9999 -9999 -9999 -9999 0.671455391773158 0.680112124855547 0.683598307073197 0.530632758285853 0.363558267718478 0.477701768327577 0.688250936559826 0.71358003061278 0.735033412299728 0.748752196767973 0.762586356845844 0.777652858363 0.794391400634285 0.808566071902211 0.830335882963921 0.849957861378662 0.874530913971047 0.896463452521012 0.917662017689882 0.929709241221427 0.931769770903061 0.930366659288944 0.920627216999109 0.904170828460953 0.894843313304362 0.90029270830899 0.896720045424573 0.885558465745431 0.854715349361079 0.82762569538915 0.814340774911756 0.789709930136135 0.775882312681106 0.77170953878072 0.760291642461711 0.752701882905319 0.747732643035434 0.751891801996058 0.758238263084693 0.777540239018198 0.818070590032153 0.871108477260297 0.913256217757512 0.927328168858511 0.922700383334228 0.910049095935577
-9999 -9999 -9999 -9999 -9999 -9999 -9999 -9999 -9999 -9999 -9999 -9999 -9999 -9999 -9999 0.605328191703832 0.333673444717635 0.400660565066247 0.568480645671592 0.675519185809801 0.716517635672169 0.732017002312452 0.743314407000072 0.756653967379041 0.771441706595546 0.788853040492466 0.80558088884368 0.821723317328772 0.842110065806697 0.854805914277536 0.867585007911362 0.885388602450605 0.896695082444454 0.904660925407178 0.904073272125069 0.897873208023557 0.89287328245271 0.881026720849018 0.886878513185742 0.879237778346014 0.85285895804221 0.827952771838061 0.811718212125224 0.787264988415577 0.768289317285762 0.757270897901582 0.74622332899066 0.736323613732533 0.736214168179932 0.731858579403092 0.736310388977336 0.737644098532579 0.755373396544161 0.80660977536984 0.867463914094908 0.920726109598459 0.936748704201498 0.927811130509219 0.916499215254442
-9999 -9999 -9999 -9999 -9999 -9999 -9999 -9999 -9999 -9999 -9999 -9999 -9999 -9999 -9999 0.569582488709532 0.4177005582134 0.398593652868009 0.565671461783722 0.652708015840629 0.702096323524992 0.725886785013508 0.732924315639576 0.745884888783406 0.760203438409179 0.780211302268336 0.79716838555861 0.815159345291338 0.83058520252262 0.843366843905956 0.854765958783837 0.870177654961614 0.8784840697529 0.883086146617463 0.884775899890885 0.881823316259015 0.883504676181073 0.85998099907081 0.854501422911199 0.843124153391519 0.817177374469167 0.801804016819939 0.783641347774384 0.762155914494283 0.747151034230325 0.730134640407577 0.716483523654745 0.710996136165552 0.717826750610726 0.720671226500011 0.72543865281956 0.733649551859765 0.758223827898246 0.804463621953029 0.857750653340312 0.905721343341791 0.924342762541006 0.919581388181453 0.911324304369587
-9999 -9999 -9999 -9999 -9999 -9999 -9999 -9999 -9999 -9999 -9999 -9999 -9999 -9999 0.690304854531804 0.6048248796425 0.453756821649033 0.454491644733681 0.580157065074934 0.655781628911274 0.681237612859177 0.719080053893731 0.734616359277842 0.742673001081711 0.75352438129202 0.768512016713877 0.78474827982096 0.799870535599162 0.813127764830464 0.829234681734432 0.835729627824741 0.848459111690611 0.853920462872837 0.858569987866772 0.86039473599553 0.857447510487286 0.852540558251374 0.826249828663199 0.805645890885851 0.797552069840128 0.783864972603446 0.775633296837635 0.761530288940919 0.732953599704455 0.718761352123935 0.700837399468209 0.690829708766836 0.689804077829434 0.705000871010361 0.704243119057542 0.717107702032711 0.733737299018539 0.758515904240197 0.797896705575209 0.836117344946289 0.872852777598545 0.898958067196349 0.904304882103331 0.904026869338341
-9999 -9999 -9999 -9999 -9999 -9999 -9999 -9999 -9999 -9999 -9999 -9999 -9999 0.695961920157944 0.690720793491165 0.60118652121939 0.486856123407424 0.426904602652675 0.565402626861377 0.661641360055495 0.673717660068938 0.715615417747664 0.727427479766166 0.737166354148928 0.745424768477513 0.756096465128803 0.772069885742775 0.784589419505655 0.795601188852542 0.807778448624453 0.816927094961395 0.830112209634106 0.83535648937673 0.831121981509112 0.830407245464773 0.821924789395106 0.797783312445086 0.768412366568662 0.757491886941577 0.759080301038663 0.755489220195243 0.74746164446718 0.72918338581475 0.702749734586474 0.692639055416395 0.684728034936538 0.674742411638995 0.678077635534531 0.685999080700084 0.69230596846333 0.71108960689483 0.73040871398054 0.752050976779289 0.780966061736267 0.812343327926432 0.843203074376315 0.870895114146569 0.884538986493955 0.889561549896873
-9999 -9999 -9999 -9999 -9999 -9999 -9999 -9999 -9999 -9999 -9999 -9999 -9999 0.698931031957719 0.718023213391185 0.609855366737016 0.498670981164311 0.498700968772864 0.564677366325087 0.678365478206371 0.686113018164073 0.715237844649123 0.727061051518761 0.729700629233774 0.738323547234343 0.746260313846065 0.755876236040582 0.768268892168018 0.77762136235418 0.78504157113138 0.789881968049188 0.792477050476506 0.799226032445356 0.793751892020295 0.797440575779129 0.785448198400669 0.76775484420885 0.756098255959752 0.727388142788714 0.729764291765129 0.728867713572696 0.71465120415519 0.696163858135892 0.690817734363162 0.669992031685039 0.669250929007055 0.659933771106034 0.658025705561631 0.665733603820926 0.687006268188907 0.699577215916845 0.71796085557139 0.739587557153444 0.768140895601578 0.787176824416554 0.813808847904585 0.837046333506086 0.847683556306555 0.862538941446903
-9999 -9999 -9999 -9999 -9999 -9999 -9999 -9999 -9999 -9999 -9999 -9999 -9999 0.736302040999273 0.731652337667535 0.647370893448054 0.433582646202621 0.47690014925371 0.610367054372549 0.635992925239698 0.630595782771454 0.672467559469731 0.674187385767546 0.705429565732101 0.718595949598923 0.72590505876732 0.735582690737211 0.74826808323672 0.759810083059443 0.765449220101958 0.770240562246791 0.768776696622669 0.767771513257146 0.765925829645533 0.776115144245913 0.768822854109207 0.739906216290812 0.734445517419889 0.720266498294236 0.709457130290467 0.693128179974767 0.681567081564559 0.672981631823431 0.664584504285722 0.666730590126298 0.652682840468846 0.630696844610452 0.619029012601457 0.644868633779794 0.662148763453885 0.681327797305601 0.699502240880003 0.721664496279524 0.744635768847705 0.767483708345205 0.798158689366375 0.811938771480501 0.819229709476679 0.839735334480143
-9999 -9999 -9999 -9999 -9999 -9999 -9999 -9999 -9999 -9999 -9999 -9999 -9999 0.756218003852398 0.759021049177539 0.733680173131008 0.566692523887776 0.498275023598149 0.623470126229305 0.557736061611567 0.572742970232153 0.631001214668069 0.638357181257319 0.675643429423986 0.682945290305586 0.691389597610709 0.697720564129634 0.718408831395047 0.732613684862777 0.741092818389572 0.747178949501936 0.745818730647955 0.747163038254093 0.745503501663232 0.746028924395182 0.737770846015024 0.72288576338422 0.722411578055074 0.71917897004087 0.714422813123605 0.696042821684683 0.676717909597818 0.666583167663629 0.66265719180923 0.664487028920259 0.63791725592539 0.605578429217936 0.599232950181635 0.610502520495283 0.639328149052577 0.659095295503067 0.678620904818677 0.697454565230409 0.718410032445642 0.742466255071839 0.762931330026686 0.787562717413548 0.797436941576715 0.802069877596496
-9999 -9999 -9999 -9999 -9999 -9999 -9999 -9999 -9999 -9999 -9999 -9999 -9999 0.752615470036459 0.745647909237503 0.72800351181469 0.650368248970087 0.527226237310845 0.593816648692441 0.560100729657783 0.550122644778166 0.623151405853821 0.635847987657062 0.658770602109922 0.66210489788515 0.654068099638345 0.647070821467505 0.662586051891478 0.694344354735228 0.708306311186119 0.71961597316945 0.7233438700023 0.720052408214207 0.724198846789616 0.721233210766333 0.702477983921831 0.692391967601492 0.689871754103254 0.694735345722269 0.705143553993168 0.694413353996523 0.680307601462187 0.666657001938975 0.647914883645962 0.638277298448345 0.615793583633674 0.600001748595812 0.587756064360617 0.600581455632166 0.610943721729427 0.614276205819447 0.641873377004232 0.669508686227212 0.691549963437595 0.712026806731929 0.738837925005391 0.759192621916983 0.771646707985242 0.775949978859126
-9999 -9999 -9999 -9999 -9999 -9999 -9999 -9999 -9999 -9999 -9999 -9999 -9999 -9999 0.73910856582452 0.741327943187399 0.672712627176686 0.583886456741182 0.506951812392073 0.493498936720086 0.514823702690729 0.632559206017857 0.655402521436691 0.660195649806641 0.636237230679401 0.627286652180448 0.624176064083117 0.616247057815456 0.619494272238405 0.6137868805957 0.656078542130356 0.696200584183946 0.700479804577349 0.703640646944323 0.695014427260278 0.688483454132246 0.666190253612714 0.650192068022543 0.655721548491526 0.67765965574018 0.674050891858031 0.66938688207378 0.654409171993892 0.625523045884638 0.611062314756809 0.596247153583974 0.58593466077232 0.585267643683393 0.595491494863123 0.604186573141551 0.607911050596429 0.607239040292515 0.626783720257086 0.659728094381964 0.679565434681666 0.708638047476428 0.72383807249716 0.738344601048734 0.752574701025814
-9999 -9999 -9999 -9999 -9999 -9999 -9999 -9999 -9999 -9999 -9999 -9999 -9999 -9999 -9999 0.745588738005194 0.647546061094053 0.619220492684105 0.560252682642781 0.495646572292773 0.531818269818398 0.582099035328547 0.637096909935427 0.631056016868161 0.602058970108599 0.597375027940599 0.603969176814845 0.598095981070505 0.587135320647606 0.580839792781031 0.611173074543953 0.65349212624363 0.678883294227873 0.653959270578061 0.627186577109541 0.594632648414345 0.566952206040259 0.551129334543864 0.581913679073426 0.605532028506246 0.608546040297777 0.608507699042371 0.616754557651019 0.608154107630006 0.599137609320577 0.573543490555025 0.556191246944394 0.550940345377305 0.557825446193707 0.570749587025549 0.591206703551843 0.608901167822651 0.627425838370075 0.611044202501528 0.632724075942955 0.682786361921748 0.6933685533534 0.702577022349137 0.712318190433299
-9999 -9999 -9999 -9999 -9999 -9999 -9999 -9999 -9999 -9999 -9999 -9999 -9999 -9999 -9999 -9999 -9999 0.65047785537542 0.583450106702325 0.494112293385699 0.516145374233801 0.520336668936954 0.565965188117543 0.592671387957585 0.582112980111712 0.574440454522432 0.578719670371441 0.558805472916332 0.558184944909277 0.593147751545609 0.600503973694551 0.597018511150492 0.571295785337344 0.580618748639013 0.584485730184992 0.588918309997928 0.569791059889984 0.552665650875629 0.585712771439852 0.597586989724937 0.600088992780406 0.598402701816092 0.594528994244074 0.578727598966031 0.56750840023481 0.53946952713179 0.534452293463106 0.532730613009446 0.53630515325921 0.548857565995966 0.565518209615301 0.580620373478535 0.596895572793478 0.608896097798826 0.609403995347729 0.630051454830663 0.652074831024416 0.670998912625366 0.683978308642818
-9999 -9999 -9999 -9999 -9999 -9999 -9999 -9999 -9999 -9999 -9999 -9999 -9999 -9999 -9999 -9999 -9999 -9999 0.604839553173365 0.478330738295475 0.470581476479104 0.491376317797302 0.47037018351623 0.526119859182573 0.543141165720556 0.536993098136978 0.530415099543769 0.513455836065897 0.535446304938914 0.570940258989722 0.572514164829685 0.569502529126769 0.565049572999466 0.572693040152023 0.57764807969421 0.591434914744581 0.58282649276346 0.573754612564811 0.612723212058152 0.597547629084339 0.581272175360717 0.57703367152462 0.576170024595815 0.567678383058215 0.548528349338648 0.527069580187452 0.523557066314734 0.520463246575898 0.509197296784083 0.520754540977285 0.53763071024544 0.550039730809331 0.560843595241877 0.575220111210329 0.594989998575536 0.61468640387928 0.627762086784369 0.637342796650803 0.65440517012699
