layers/veg_krg_50/veg_5800.asc
NCOLS 128 
NROWS 165 
XLLCORNER -2985163.8955 
YLLCORNER -3022031.214 
CELLSIZE 50000 
NODATA_value -9999 
[rows 52 to 77 of 165, columns 59 to 117 of 128]
0.606383241250487 0.599621418398353 0.615366531029157 0.619458720919061 0.590113836695137 0.573270211072879 0.565889165256875 0.537887248228518 0.517001411597564 0.503052294170217 0.48008565473105 0.449662319454675 0.427853104886629 0.43553823575435 0.426493463079492 0.376156397580891 0.386875978929083 0.398245786110187 0.372482780168568 0.323851077267167 0.339574373977722 0.353273389154775 0.382952847417976 0.377874876686485 0.360702314887981 0.386925883922392 0.380138935941656 0.374137133957621 0.33342560056976 0.295443238981868 0.334929893189256 0.345158557839766 0.344909659968817 0.352884474159529 0.364181962453806 0.363456567233561 0.335124352347206 0.354471788122044 0.385540578942493 0.413478076096349 0.421530253384016 0.425143342297909 0.437327549817418 0.472809974929138 0.509740104831345 0.523668741593863 0.522662753598499 0.518849781793097 0.508298319717027 0.518759388532773 0.533872571580729 0.548086447312173 0.576794358313873 0.627633770163236 0.655292065422717 0.702870557155966 -9999 -9999 -9999
0.558859017532654 0.573647511182637 0.577535105046508 0.567227602169357 0.546905510846332 0.536154315556262 0.545440186131107 0.538875534659408 0.511375736674855 0.489701097586165 0.477502950450515 0.445490167035689 0.428031385711329 0.422439059248783 0.416045447191743 0.419573525171516 0.416633916885408 0.408480192128034 0.372154718044441 0.354480356382845 0.371082523214639 0.382894789375236 0.398204742904166 0.37902854888306 0.373941600016093 0.404613424002333 0.402839058343862 0.379938360133692 0.337700194756158 0.304938630291026 0.340630002742424 0.328983750252371 0.315351795610664 0.308939607651628 0.357067324027234 0.331213253342502 0.294637120977856 0.312334561746853 0.351100793334447 0.401993099323022 0.401403284489126 0.416333105423102 0.450529501266055 0.462062005620094 0.512868333391114 0.525159834437641 0.53898283363973 0.528767013431168 0.526270991478193 0.515915112540433 0.485335347165557 0.495681913307482 0.548410078885862 0.584031769635635 0.652434183419574 0.697453236265223 -9999 -9999 -9999
0.516221999391284 0.543054932065009 0.550190661325045 0.548591291862894 0.544486286727461 0.516293335281537 0.534260617286449 0.517814150691827 0.487394625893132 0.480330460193497 0.469344956474174 0.451693242227922 0.444683809625624 0.426245034713635 0.425480706482671 0.42552147256506 0.430587809529509 0.399420863766568 0.367412360623696 0.363123672304641 0.399404204323962 0.422176798313595 0.412824674696315 0.387821631620954 0.373921938925377 0.406281274182138 0.398625686641246 0.398780995288209 0.367153788111512 0.295552249970154 0.315439732405664 0.330741165367068 0.318601050797244 0.318187994803862 0.288392344914185 0.276553595032065 0.290070144861426 0.280406222676005 0.331871857414546 0.365554412472713 0.399460128588511 0.428134961365681 0.461201912697299 0.4625993224673 0.485432757679191 0.51008628242401 0.535484193505195 0.527636932733137 0.533464361651527 0.522126815210833 0.490273788655795 0.473321211747721 0.541803189054828 0.577595769290386 0.652539937630972 0.648275922564247 -9999 -9999 -9999
0.443096431881688 0.489207337746408 0.492673762085063 0.497141473809135 0.514696890562051 0.482791952414918 0.469915102503444 0.460979636950828 0.468776410897967 0.444158612923474 0.449337644886857 0.436525209208771 0.44289344120527 0.429202239351171 0.422550776266304 0.43621276846514 0.429170169620007 0.41178465936459 0.37804319060796 0.372907112930524 0.414964414153104 0.431624272477801 0.420007296742967 0.395058887918586 0.396206507162595 0.405867884202755 0.391040664854228 0.393693901540491 0.368343452188786 0.296071880097744 0.278799687018012 0.291697314334204 0.276369398926372 0.299075960747764 0.300136738276634 0.279062233856445 0.28903897459603 0.296669468640414 0.329337655970253 0.367342649798216 0.387126175130826 0.385810486393883 0.438547204149744 0.449236444131809 0.46551704180329 0.490119371181517 0.520500806051226 0.538880871284436 0.516304767842967 0.539882884754313 0.497998774160659 0.507752665449386 0.567399340313241 0.606832132329198 -9999 -9999 -9999 -9999 -9999
0.409569792597204 0.434468150985852 0.448142553272149 0.447825857339426 0.46028902473326 0.471344280448549 0.456810934022716 0.44941173067367 0.442136338691441 0.448734167106721 0.434049382368956 0.421380840884726 0.419474039832062 0.421483705103141 0.423011998424741 0.429065920117633 0.429745439600148 0.406611449201161 0.405702081174401 0.407406461624402 0.421990412126691 0.43301787778124 0.417962749339558 0.396822051012542 0.398165777044944 0.378921071165665 0.364882455484313 0.337289711540241 0.322862373678148 0.286695063467992 0.249341503512195 0.249214237523204 0.287641833973108 0.301369706536812 0.295476026513546 0.28381314831794 0.295295933584961 0.313185885121928 0.338043698103507 0.340326853303314 0.323202716166686 0.351304957662255 0.36896817018637 0.430619565844615 0.455260244787571 0.475254183801815 0.518499488169791 0.55202963493754 0.567383035619582 0.565274143745256 0.553909465304288 0.568256993870188 0.613631595560425 0.643435282585688 -9999 -9999 -9999 -9999 -9999
0.356201061731265 0.370054145804609 0.38137369412513 0.397866235446151 0.425730588068811 0.419569413662765 0.425963833465058 0.42219416112337 0.425784323519505 0.428286855597898 0.414620430022028 0.434988836911619 0.432810740129143 0.433117723026294 0.430210322160133 0.425872985301841 0.418836015328633 0.403329401030983 0.396426137743418 0.40143000959261 0.416035971111017 0.420794621256485 0.40774954829384 0.390566752826309 0.404923101791522 0.391540016630827 0.317175627938528 0.288785203999351 0.263570082657596 0.232906252754011 0.225362789664912 0.267813387248864 0.279822146976717 0.307438208448787 0.297707563215362 0.305202939555607 0.317772766346735 0.334708079613914 0.347270682860013 0.342279983428812 0.331629790885783 0.33515198131636 0.372893640937833 0.423014333795796 0.446934731916061 0.4511802579179 0.474974702616908 0.528290417712361 0.540113313646622 0.578412652238299 0.585113270771166 0.605583842186403 -9999 -9999 -9999 -9999 -9999 -9999 -9999
0.31918726469381 0.325379818386797 0.350680567564145 0.367926650837963 0.377077178890555 0.366823344687504 0.389557496339301 0.408555848550165 0.405565432157039 0.42693922903366 0.425372599981873 0.424613903009677 0.443569701216829 0.443963049699787 0.440912347787335 0.429453074928132 0.420482001218525 0.408373631897396 0.383406713612332 0.395649934870754 0.423236612098055 0.450753646592271 0.455188643360648 0.432966322722218 0.44132717600411 0.419602222901708 0.351601670545056 0.330657038596861 0.291370693809951 0.253611927533404 0.242916218598528 0.2767822544672 0.287327824066535 0.308931834109738 0.317927459681681 0.32887011882854 0.336908020121568 0.286380233028164 0.303443368291532 0.313933174716252 0.331671127269144 0.34454253978936 0.414957134049606 0.459133924083108 0.466842824258567 0.459197362582939 0.483924874469305 0.514386862195515 0.5273328333225 0.582210719643127 0.593413885323102 -9999 -9999 -9999 -9999 -9999 -9999 -9999 -9999
0.272867957564235 0.300824037077062 0.313449634058926 0.31872039259706 0.324522838333992 0.338833835264335 0.37827665515546 0.401889147618763 0.409562755563711 0.431995740238542 0.429230894755964 0.437546277367469 0.443110288533464 0.4459945436147 0.451879097901826 0.438325917782211 0.418241960762756 0.400295532884244 0.394068057043751 0.446125954657656 0.478901294966674 0.47478059179852 0.456094208020769 0.433882320306911 0.449526038109859 0.432334203104907 0.339633686972075 0.323847372338192 0.313821414026087 0.253194877901022 0.248916427326241 0.280847596500329 0.313071864998841 0.314731274950087 0.313239917699068 0.343930945993774 0.342598840006483 0.241078459627429 0.25687962446103 0.296897826812685 0.288590037930293 0.360732857624078 0.42510168657757 0.442362244785405 0.470154907109706 0.487279861956308 0.52051698100726 0.534539973689405 0.552693261702557 0.587040754916718 -9999 -9999 -9999 -9999 -9999 -9999 -9999 -9999 -9999
0.248948228715697 0.251460136783499 0.273869691622005 0.280050377725217 0.300340652428714 0.33159364042316 0.377170408059839 0.389676970479002 0.398000726467354 0.416246110964675 0.421090626067583 0.429273198949925 0.436309250207574 0.436195823195642 0.444203747368616 0.43483535297418 0.431311540064984 0.452088759271693 0.46279546024156 0.484090202174062 0.499199160885119 0.477524378846775 0.431674809637148 0.44034311028132 0.412168931869961 0.407470936228327 0.402540148162072 0.358228361516106 0.331360744021343 0.275387744280114 0.275893368687622 0.314234360442551 0.319318675217277 0.284491735824565 0.310404818800412 0.371668699326149 0.355634866494751 0.292877303738341 0.251330207643964 0.280520643956255 0.295345194164638 0.375653268040565 0.461946183525572 0.457214764653894 0.482139905552643 0.49873805050905 0.513424809104876 0.561614386151238 0.584323320528952 -9999 -9999 -9999 -9999 -9999 -9999 -9999 -9999 -9999 -9999
0.232577443864063 0.208806560680182 0.223529208929208 0.242082572978626 0.273430802467243 0.321034587366301 0.351069898565172 0.371635237391448 0.388143587373833 0.397237939710664 0.40712478479067 0.413453862646329 0.429494413513612 0.435693873057078 0.441145897815422 0.43681046578516 0.444639934928161 0.436569970180691 0.469404686641959 0.500751738322779 0.501670257932154 0.461751126009621 0.421577910254356 0.394239121691502 0.378538002238892 0.402632705460059 0.385917573485396 0.360108755284584 0.320296728973596 0.271398615946149 0.291064959320673 0.318171269663307 0.316348078087843 0.319034462089528 0.363478028010937 0.402718562956222 0.308581327647428 0.383015240105489 0.237632968660093 0.322405356061735 0.379137758810497 0.426159521121809 0.497135699005938 0.504295895111922 0.547585654374103 0.547790049758398 0.574602377254289 0.622920414084326 -9999 -9999 -9999 -9999 -9999 -9999 -9999 -9999 -9999 -9999 -9999
0.229355881183591 0.195030102648042 0.197825784434067 0.218262602401035 0.242629788322906 0.288656423310714 0.320986321553679 0.356760318149207 0.374236529404797 0.367979408448003 0.386389945159933 0.400352957937863 0.417660317380373 0.421660894325412 0.431336728989755 0.440623337995184 0.447169369797248 0.434433121815588 0.485792503719587 0.514322653750712 0.508116187605495 0.496729697197981 0.4177158277671 0.362978967669633 0.370813285271793 0.38615300467079 0.317872820365244 0.368181260864173 0.351467371065522 0.275624193440419 0.287654518482523 0.318266396825136 0.340940992761187 0.354574668484572 0.402758876508153 0.422872080589133 0.367339884485667 0.417543838315231 0.301959770146001 0.354913737031137 0.445251627127483 0.505568509577372 0.532384455298163 0.556019032372874 0.59324207047047 0.605162627775434 0.601336397322174 -9999 -9999 -9999 -9999 -9999 -9999 -9999 -9999 -9999 -9999 -9999 -9999
0.208857596169782 0.199521339413628 0.179550401858578 0.194518702413428 0.221731823977038 0.28360557399474 0.319330357133405 0.35114058055923 0.359375188967544 0.361587140241305 0.377454848689004 0.388868949905598 0.404764778142124 0.401487841937896 0.410975623975096 0.428972872727786 0.444586510665091 0.441524969350951 0.478978144508945 0.525608820220016 0.508562819381203 0.482183757523506 0.41113878424852 0.35254153593345 0.381510037466702 0.374411232413213 0.219250402210184 0.28741064833707 0.354558913969005 0.286011728454138 0.299107718408818 0.320795869315683 0.340312207057068 0.371904135744809 0.408265720206136 0.438276315527651 0.391037813657713 0.402314049150178 0.350869552170441 0.375662119197737 0.448464260604782 0.51491966636265 0.528671510946982 0.578508045414175 0.617230392456777 0.628608943389578 -9999 -9999 -9999 -9999 -9999 -9999 -9999 -9999 -9999 -9999 -9999 -9999 -9999
0.17455979237498 0.19341365268499 0.188154205030728 0.192427366494987 0.229682084183707 0.299993744903186 0.329891323373925 0.351489505343796 0.35892476149361 0.367042328459574 0.377379694466839 0.387280849375078 0.375471333880968 0.395162056403713 0.400198454943126 0.420769309691263 0.444828316262266 0.458992120056564 0.477583145707041 0.510611802547503 0.495646324594901 0.415972810312678 0.367273259718237 0.348267201086638 0.333674363701614 0.326002813647382 0.258509803609231 0.332823160720339 0.340454611195056 0.294708165120307 0.307236031419587 0.335151240517135 0.357974963699078 0.388651869998808 0.427812922365512 0.451265287944785 0.427558944362399 0.382762516388221 0.441878590490017 0.439700254529116 0.467036479975512 0.514094863763694 0.536076073016192 0.591540772892336 0.64379005925479 -9999 -9999 -9999 -9999 -9999 -9999 -9999 -9999 -9999 -9999 -9999 -9999 -9999 -9999
0.188990463875537 0.194805440383565 0.202281526785174 0.227530275517232 0.269645214366404 0.312040096331291 0.329264905078703 0.325082290183812 0.359985686432093 0.367364133304451 0.356625407786587 0.333141193437535 0.373677428739761 0.394863511371324 0.40178217980728 0.420677761921984 0.419139599171282 0.45336303141679 0.441929289738406 0.481737117101371 0.384710298242622 0.329018003067548 0.367313822065816 0.3354451430648 0.276757917749252 0.233376094847367 0.32693329647906 0.334207785632743 0.295208362264568 0.298736485601147 0.307947919117607 0.337574885489232 0.358030919681 0.390842366776379 0.414944165683135 0.417589374268981 0.380518084432247 0.43621898667915 0.474945957179425 0.468623374325385 0.50334650284713 0.515634735976636 0.561485238498541 0.579731055864525 0.662820948958719 -9999 -9999 -9999 -9999 -9999 -9999 -9999 -9999 -9999 -9999 -9999 -9999 -9999 -9999
0.191188366516603 0.189154926582729 0.198158446293634 0.232286057415526 0.257032262413052 0.292717322713725 0.309755241202017 0.317128318015837 0.356976503604862 0.338450263409592 0.31443253236365 0.334918211478539 0.359170971577358 0.372349615039009 0.390886156746155 0.406812755144318 0.401934341132244 0.430660610303702 0.405477982710191 0.405641039693934 0.331875366313543 0.293928424708478 0.340459022730853 0.304348723201205 0.290038260422898 0.26753353810529 0.315466918805728 0.289871356913146 0.286177474889908 0.298834579159618 0.3190067799009 0.338559329620282 0.358430214322126 0.407559178687654 0.44968303815781 0.455007626989949 0.428439103313264 0.4610561174443 0.484121414562757 0.503645390686306 0.510476139018195 0.49835393292521 0.568870754254962 0.621535996376256 0.655884041092272 -9999 -9999 -9999 -9999 -9999 -9999 -9999 -9999 -9999 -9999 -9999 -9999 -9999 -9999
0.195003658571724 0.193284498276735 0.196340829853732 0.230510444713153 0.250621681975466 0.257163396030818 0.279236337850351 0.307472287305814 0.332081993714712 0.330778946134582 0.323461163119258 0.349266269619547 0.344670444493148 0.333916262609089 0.370011336766551 0.406377957106442 0.381425083753731 0.396266564630097 0.346464295465389 0.354140314438903 0.347762172274953 0.298349529806309 0.30106611352219 0.27726262923373 0.268134098572356 0.246183413886733 0.260409141298505 0.274224781847109 0.302988497727676 0.317308848885192 0.330317619939772 0.363328281248505 0.38619141112136 0.414463326796414 0.455266620582242 0.449702262748187 0.421616745552495 0.4403756161416 0.503815424185317 0.504704147505681 0.521787686394 0.566507434197492 0.606955028036194 0.63478926122733 -9999 -9999 -9999 -9999 -9999 -9999 -9999 -9999 -9999 -9999 -9999 -9999 -9999 -9999 -9999
0.196442026946615 0.200263215075386 0.215420874345255 0.23218154034859 0.248692220007124 0.24882653703213 0.272746076737791 0.296211672372261 0.313013164926567 0.320205603121321 0.315054334633592 0.342655856055102 0.343855439975687 0.337386481906417 0.339426508970116 0.366129667523329 0.33084275486116 0.356431343222428 0.331198538774133 0.332322173084493 0.311545252309501 0.271788638533368 0.258098495885299 0.266479956849071 0.27195308714979 0.256352350901757 0.25796913063346 0.270592920065966 0.300434026550869 0.336143185542237 0.348415119517732 0.372791994166988 0.393638040495354 0.409852388241144 0.461151185179333 0.473905310093761 0.459606463816918 0.472910650006382 0.527208615273425 0.542203284892413 0.589090214886369 0.624302164822625 0.64854326482452 0.664944844385271 -9999 -9999 -9999 -9999 -9999 -9999 -9999 -9999 -9999 -9999 -9999 -9999 -9999 -9999 -9999
0.197449526811178 0.19471694246038 0.224346848799383 0.238711298905249 0.246744454717779 0.258029988967777 0.274373714020558 0.291498201739512 0.309955345646458 0.313116685445601 0.318571642512286 0.328869078937471 0.318748266280276 0.297674415355502 0.313026807487416 0.332392524181722 0.32222098155323 0.307395824763117 0.301569140169904 0.299171391424786 0.291881314170161 0.249681840615027 0.260745149274673 0.276109600774835 0.274530621380227 0.263017998069128 0.261043212076162 0.280377571984316 0.291483921794821 0.327152174271673 0.351853824307901 0.365878224859622 0.380116481549773 0.41122717707673 0.45972515942222 0.469147971109229 0.516332897354848 0.557523683900879 0.559824109493073 0.585618623090688 0.604652799427258 0.622552054302432 0.666669423906041 0.670260036960664 -9999 -9999 -9999 -9999 -9999 -9999 -9999 -9999 -9999 -9999 -9999 -9999 -9999 -9999 -9999
0.201430955184151 0.20412641396366 0.217053530906751 0.232030954679973 0.246717074331209 0.256176031917023 0.271472315236637 0.287831191228336 0.301938434586354 0.319613323429973 0.318853680169687 0.297674362209112 0.283608322862522 0.294546162880268 0.307974080489209 0.318594513458322 0.283688999727445 0.267975907344725 0.26475615097369 0.27641485960767 0.263050294453234 0.268656041232961 0.2569289243199 0.280910044407764 0.281619427084441 0.267917048896375 0.264510091158298 0.284873703624178 0.313975847118071 0.332763392621574 0.356587611437203 0.365995599189821 0.374776470501458 0.396069848397234 0.439174844328418 0.506745592553474 0.599393058534065 0.605030541215689 0.651933993273166 0.699823316175194 0.650117231176805 0.658207446152554 0.719413871292864 0.706115086490159 -9999 -9999 -9999 -9999 -9999 -9999 -9999 -9999 -9999 -9999 -9999 -9999 -9999 -9999 -9999
0.211369752793087 0.202850993775366 0.207907909282571 0.221289798399993 0.240454140086674 0.253820432774683 0.268378886653146 0.285948208803184 0.294391851489019 0.306800060360714 0.310411153469604 0.310415750826854 0.299468461739048 0.307285175731826 0.296262940505454 0.292250161882163 0.273514339102229 0.261401475211966 0.264720750887679 0.265765996736303 0.26729940482157 0.267296857890641 0.283413159534694 0.290007565388533 0.288962958897385 0.272304054250714 0.274527968212432 0.289739256867747 0.30972695857964 0.320450796633798 0.339921849015754 0.35682971325399 0.369837861306683 0.39016896842722 0.443911867864082 0.548634357836098 0.646934977111245 0.703494694329993 0.689642802288306 0.692694017481051 0.673613666793223 0.741694064579463 0.72291535416215 0.719666597599554 -9999 -9999 -9999 -9999 -9999 -9999 -9999 -9999 -9999 -9999 -9999 -9999 -9999 -9999 -9999
0.209377378743567 0.222667838152555 0.230116764823845 0.226148524698937 0.230713790646665 0.257763325484614 0.270021132368967 0.282537568849263 0.296487936807049 0.313020172716822 0.309314425499147 0.307017532848514 0.314708516397778 0.312858823922345 0.277777376829861 0.286697829039233 0.278558974468986 0.267987464765986 0.267775396502606 0.262649281878897 0.265354852971975 0.266135152239449 0.284431136429421 0.298106241525825 0.305497833617269 0.285396798069326 0.281827457840542 0.301548872307381 0.309500700141233 0.30885431332604 0.320880741828218 0.325029381684647 0.301173427326222 0.381052390412615 0.478714711464241 0.578880655902568 0.650498037231023 0.674926667435232 0.706138195859658 0.737369747934531 0.736479919274867 0.757832960445477 0.767436066814053 -9999 -9999 -9999 -9999 -9999 -9999 -9999 -9999 -9999 -9999 -9999 -9999 -9999 -9999 -9999 -9999
0.240345883237914 0.244639957615475 0.251514567256366 0.249789551461721 0.246488839852068 0.270139411341389 0.274492586584138 0.279229845884221 0.288383646688097 0.298290211920695 0.286721047241738 0.278780550928793 0.283090242555013 0.275715222284931 0.24553140498514 0.246709085745497 0.243501408830701 0.241359090494272 0.261567769180204 0.262976146424081 0.266577678082421 0.279722937753859 0.286958907483382 0.298053542128457 0.311706306499724 0.303211352545059 0.294114055844245 0.306755070618352 0.303726307836406 0.299545730116644 0.313261285905187 0.31264555433912 0.276532344363247 0.348456504413601 0.469649937384888 0.574637112898793 0.661564553778817 0.687536106148802 0.757937880185622 0.76980925889012 0.763222720736075 0.771819857925115 0.779245578706816 -9999 -9999 -9999 -9999 -9999 -9999 -9999 -9999 -9999 -9999 -9999 -9999 -9999 -9999 -9999 -9999
0.253725398094359 0.256092272287393 0.261353313530717 0.263527653321629 0.256976749623222 0.269530480764798 0.285106369952587 0.287733806834134 0.293412593492009 0.292666297345953 0.268024320801704 0.245632940302301 0.25633291477524 0.241825331411743 0.230488963146512 0.234424681678872 0.224893615398815 0.235274293815779 0.265922870982665 0.290373635835818 0.267210262705114 0.284048578713843 0.281961128575794 0.284275666354507 0.300766515107743 0.298657780782673 0.293400913822792 0.308497989778767 0.3070940902704 0.308463058232564 0.314956406921804 0.321892736707721 0.329673307933697 0.347291948952822 0.477550389506068 0.597888697561757 0.716679811186526 0.717586339157879 0.743327879244443 0.756377818245917 0.767392045033526 0.779239901298682 0.779727642221617 -9999 -9999 -9999 -9999 -9999 -9999 -9999 -9999 -9999 -9999 -9999 -9999 -9999 -9999 -9999 -9999
0.266879737129373 0.266785555796382 0.254571227549433 0.276700508135666 0.282831408358658 0.281656783769115 0.291780328415124 0.304264681816395 0.303887163884673 0.306391296954011 0.273655684801475 0.241074600038565 0.238627641083447 0.229126575803467 0.228520398283508 0.239501418815414 0.230968852406636 0.227499860817257 0.263769105818129 0.286557078703562 0.279818444266401 0.278161466702112 0.27814327950695 0.271822027962756 0.28926022423038 0.298024253503473 0.29195777917641 0.327586686466058 0.318133789536447 0.319655299596787 0.32768975944218 0.315333937157325 0.354625688207172 0.366987869835981 0.514558917014283 0.601649723265823 0.715706455748247 0.745874180860444 0.722882045935155 0.750371975406236 0.766953655533069 0.78170504373379 -9999 -9999 -9999 -9999 -9999 -9999 -9999 -9999 -9999 -9999 -9999 -9999 -9999 -9999 -9999 -9999 -9999
0.255587516299134 0.262630591250403 0.271926489269559 0.284029345646265 0.290386328964666 0.299757652444766 0.294632851416757 0.313076680157775 0.314989468030218 0.306058246769667 0.264850777342553 0.255511107555221 0.22909443850985 0.236251340847397 0.226568569664889 0.220622986712293 0.214281807298724 0.21310455709603 0.256693409949434 0.278689419471582 0.29335814176089 0.328623390234417 0.285568486228393 0.276145878252315 0.280339901399222 0.300131636560657 0.306531792004785 0.324907020184691 0.321326621014574 0.324491327296306 0.32316727388751 0.310112756251833 0.340154148656427 0.400973724253651 0.530419344350238 0.638727965014919 0.722237445645842 0.738673278484063 0.710524048579346 0.726104589981368 0.754945192730473 0.760646213298529 -9999 -9999 -9999 -9999 -9999 -9999 -9999 -9999 -9999 -9999 -9999 -9999 -9999 -9999 -9999 -9999 -9999
0.272238028123904 0.275262762245103 0.288282099002186 0.301053171070042 0.308972320822577 0.319291140564835 0.302162526834896 0.304180896668658 0.311168717499859 0.289040485201836 0.275157623864545 0.232103870055492 0.22923332393151 0.238439223927789 0.232200653877086 0.231506188553051 0.225532934612157 0.226881542256349 0.265406897687812 0.27896451161272 0.293704894528523 0.328048338318577 0.329265282846973 0.30304449548786 0.305336860022443 0.314357941295553 0.307298994534013 0.318686799365077 0.321842249384878 0.322117786620644 0.321473602013791 0.318441485400617 0.310720067743601 0.391809277536819 0.500430715248733 0.642545731915431 0.67037531291703 0.659402878969124 0.697472901464668 0.69530801010274 0.723920348213729 0.740433219191257 -9999 -9999 -9999 -9999 -9999 -9999 -9999 -9999 -9999 -9999 -9999 -9999 -9999 -9999 -9999 -9999 -9999
