layers/veg_krg_50/veg_2900.asc
NCOLS 128 
NROWS 165 
XLLCORNER -2985163.8955 
YLLCORNER -3022031.214 
CELLSIZE 50000 
NODATA_value -9999 
[rows 27 to 53 of 165, columns 59 to 117 of 128]
0.314593425287103 0.304127810855275 0.299972680584672 0.286104644942085 0.479573273342115 0.613842710543208 0.711414950637022 0.737896087254673 0.729239526901754 0.71864753046019 0.727009468356194 0.721338037291287 0.753183753499586 0.795837297528033 0.848513780364723 0.872608030751183 0.884946654355719 0.892295742116743 0.884215973687816 0.897224455288694 0.898394673499244 0.912788840612958 0.929235496908726 -9999 -9999 -9999 -9999 -9999 -9999 -9999 -9999 -9999 -9999 -9999 -9999 -9999 -9999 -9999 -9999 -9999 -9999 -9999 -9999 -9999 -9999 -9999 -9999 -9999 -9999 -9999 -9999 -9999 -9999 -9999 -9999 -9999 -9999 -9999 -9999
0.580198387629167 0.598096501485164 0.613315797838313 0.625081638829287 0.667074592031558 0.672452834039963 0.782268389758695 0.764223953606566 0.72822813511112 0.733570788521296 0.744797295760367 0.754130953615462 0.757177515747543 0.770670999857721 0.834055994710077 0.871703935539497 0.887652570728477 0.874683148440098 0.892173550995926 0.905504825691159 0.907223562281244 0.910719132525573 0.906983858481566 0.903827962322181 -9999 -9999 -9999 -9999 -9999 -9999 -9999 -9999 -9999 -9999 -9999 -9999 -9999 -9999 -9999 -9999 -9999 -9999 -9999 -9999 -9999 -9999 -9999 -9999 -9999 -9999 -9999 -9999 -9999 -9999 -9999 -9999 -9999 -9999 -9999
0.638388722475215 0.640409005084109 0.659877761256374 0.686141674137937 0.697074377810995 0.702251069623827 0.76665657671596 0.764229030619706 0.735723126720319 0.734461066459965 0.749365204421672 0.743364263084936 0.748996783028537 0.777862291567009 0.815685917645679 0.866578527453965 0.855493254471353 0.867812124873043 0.883483510641899 0.893823068104737 0.903013914870296 0.905161125309124 0.917610366180683 0.920763904180524 -9999 -9999 -9999 -9999 -9999 -9999 -9999 -9999 -9999 -9999 -9999 -9999 -9999 -9999 -9999 -9999 -9999 -9999 -9999 -9999 -9999 -9999 -9999 -9999 -9999 -9999 -9999 -9999 -9999 -9999 -9999 -9999 -9999 -9999 -9999
0.672192959993583 0.687157366346957 0.706849411707275 0.714218059949263 0.720410947099366 0.73428705337904 0.771580323175481 0.766762579121088 0.754906953536007 0.751559007711486 0.720507514008415 0.728733022672441 0.720778354381108 0.786796901219426 0.817284681597247 0.830653795305156 0.837382519791922 0.851027628269558 0.862227654156606 0.885435929061586 0.904109528459598 0.92391946158349 0.930541016179243 0.935688113755115 -9999 -9999 -9999 -9999 -9999 -9999 -9999 -9999 -9999 -9999 -9999 -9999 -9999 -9999 -9999 -9999 -9999 -9999 -9999 -9999 -9999 -9999 -9999 -9999 -9999 -9999 -9999 -9999 -9999 -9999 -9999 -9999 -9999 -9999 -9999
0.706325525705405 0.727026717243288 0.736143539990737 0.737387490649395 0.742304371143874 0.766120684708311 0.742424771421619 0.744154879867186 0.737274839372117 0.722151795458118 0.696881349639569 0.719781224298204 0.724176965400745 0.764143182538823 0.790258845538357 0.7706748787574 0.800239005866288 0.840025484846822 0.845467894778082 0.879576663072744 0.911297616112177 0.928791145237391 0.937480914178958 0.934590426450154 -9999 -9999 -9999 -9999 -9999 -9999 -9999 -9999 -9999 -9999 -9999 -9999 -9999 -9999 -9999 -9999 -9999 -9999 -9999 -9999 -9999 -9999 -9999 -9999 -9999 -9999 -9999 -9999 -9999 -9999 -9999 -9999 -9999 -9999 -9999
0.746323037254517 0.757955193300976 0.758520247521633 0.761313376614394 0.767025177236074 0.769774886997815 0.757072805503196 0.76976697127345 0.817124324332477 0.819591929280464 0.811369225697614 0.807795294427262 0.720286754032738 0.77097877839559 0.759996066805333 0.731281846015627 0.739529276603025 0.818328505006285 0.830987135031129 0.880516834915304 0.92107568256187 0.933027106492831 0.937292185509801 0.935090394985365 -9999 -9999 -9999 -9999 -9999 -9999 -9999 -9999 -9999 -9999 -9999 -9999 -9999 -9999 -9999 -9999 -9999 -9999 -9999 -9999 -9999 -9999 -9999 -9999 -9999 -9999 -9999 -9999 -9999 -9999 -9999 -9999 -9999 -9999 -9999
0.777281055917165 0.785878167790957 0.788924438883478 0.789838976909809 0.786765621611416 0.794436918454142 0.804329483015967 0.823006863984335 0.84263262329332 0.8403008781017 0.843901676262807 0.761930968286148 0.781952871022691 0.762063820658039 0.708793474577376 0.713709997619067 0.76101308234249 0.744227420125212 0.859192842303123 0.896473224694924 0.929364684235786 0.93878605983561 0.945060928598797 0.93565781423501 0.927894274788156 0.911398095637276 0.899571379001027 -9999 -9999 -9999 -9999 -9999 -9999 -9999 -9999 -9999 -9999 -9999 -9999 -9999 -9999 -9999 -9999 -9999 -9999 -9999 -9999 -9999 -9999 -9999 -9999 -9999 -9999 -9999 -9999 -9999 -9999 -9999 -9999
0.808897046179574 0.813615246400019 0.813806639412034 0.807983825586408 0.81316019282769 0.814207037643117 0.831479375334136 0.846168921685736 0.838893868226818 0.831228426359861 0.836010161981082 0.812571975561247 0.799057330478554 0.713449145954069 0.664441887773718 0.743564404126024 0.803622964405563 0.810611277585508 0.884361592117709 0.925732795144327 0.954332489946316 0.946770081434828 0.943632355180694 0.93449591916636 0.928424349854283 0.909141981893846 0.896435716365933 0.869355694943289 0.856744004096444 0.838196536687942 0.811107795961226 0.77726996479074 -9999 -9999 -9999 -9999 -9999 -9999 -9999 -9999 -9999 -9999 -9999 -9999 -9999 -9999 -9999 -9999 -9999 -9999 -9999 -9999 -9999 -9999 -9999 -9999 -9999 -9999 -9999
0.845151247476089 0.838494208701985 0.835513122835554 0.82585797381068 0.836465311578172 0.823639321117199 0.837394497261865 0.840962312465925 0.844955340771174 0.838526728595427 0.835753062873919 0.833457286592171 0.81432519801969 0.779971123848685 0.765527397448282 0.797441957657212 0.821473256724139 0.885360466614183 0.919122479179507 0.941425399124761 0.957624896536631 0.955164634085006 0.942311097625551 0.934352814287918 0.925116225084103 0.907019363312951 0.878016006595691 0.861342068622201 0.835950853336881 0.814236640997567 0.792019153462511 0.77192274351459 0.722029515966696 -9999 -9999 -9999 -9999 -9999 -9999 -9999 -9999 -9999 -9999 -9999 -9999 -9999 -9999 -9999 -9999 -9999 -9999 -9999 -9999 -9999 -9999 -9999 -9999 -9999 -9999
0.864066920272956 0.858550552581097 0.848006456793399 0.842194437209418 0.843212435279584 0.834038335826401 0.851128496400964 0.853092179349211 0.859067122973467 0.848705158105977 0.842319030728844 0.83964469561874 0.844100155433316 0.835859673450866 0.832551501105793 0.824661272562598 0.832750402734787 0.874016761279259 0.907635063529986 0.93700184339838 0.955568333197251 0.95052047230916 0.944907224895921 0.935322801177715 0.921179707711257 0.891952659477436 0.851529193354095 0.833375958495864 0.820563628444455 0.788714827596059 0.768204196624926 0.75188516227063 0.721415849587266 0.704009913483816 0.686018088121131 -9999 -9999 -9999 -9999 -9999 -9999 -9999 -9999 -9999 -9999 -9999 -9999 -9999 -9999 -9999 -9999 -9999 -9999 -9999 -9999 -9999 -9999 -9999 -9999
0.882044037908258 0.875102538604099 0.863049664759409 0.855796418915494 0.857391965477894 0.85725747968395 0.871005131814165 0.860812518022038 0.844031172554478 0.830391329972291 0.806737794039925 0.805970042455519 0.822360897754236 0.83008608348452 0.817222766156211 0.813127190106488 0.822770359293276 0.859277138165526 0.889585636460861 0.927812501573273 0.942543715007342 0.939081584134208 0.934893109325959 0.924288730919513 0.89640476474139 0.84306652659092 0.819899195301196 0.813946560753067 0.796409257342204 0.754175068112304 0.761617490908221 0.733639187675081 0.707826192949644 0.6808561761153 0.670599763973288 0.665879408392655 -9999 -9999 -9999 -9999 -9999 -9999 -9999 -9999 -9999 -9999 -9999 -9999 -9999 -9999 -9999 -9999 -9999 -9999 -9999 -9999 -9999 -9999 -9999
0.901517364241781 0.887630306423841 0.881930516993318 0.86906783503396 0.857762964940291 0.844380183751395 0.847961381314704 0.846602571254339 0.844052094367473 0.828966997011807 0.804366954572784 0.803306662360216 0.810444801408885 0.807385204382398 0.804248550948275 0.808345892871816 0.825177449870264 0.843178507312678 0.857408752798968 0.893605744887964 0.906995012682408 0.899298696353068 0.898640228528332 0.897001250319407 0.866251107513947 0.81875762248256 0.8068028693511 0.79959604740313 0.772246539886775 0.759113240523353 0.753467518136475 0.652383143590489 0.683803770396637 0.652390186790224 0.652565867953937 0.647375325517427 -9999 0.603153878709596 -9999 -9999 -9999 -9999 -9999 -9999 -9999 -9999 -9999 -9999 -9999 -9999 -9999 -9999 -9999 -9999 -9999 -9999 -9999 -9999 -9999
0.907225648848302 0.888482720123072 0.876768665664528 0.863949352930009 0.858763674629986 0.850945124321132 0.837933748005792 0.829529017163976 0.832575519779401 0.827422526350699 0.79980876960661 0.814746588714631 0.806140142184608 0.803207313827392 0.804306876356836 0.814124820131553 0.819746777904222 0.823481329962224 0.869695105511097 0.874656376780992 0.871185004055083 0.866107864670741 0.871232637575815 0.877488635932237 0.873577252784357 0.810291090070392 0.791732008435482 0.789833606117072 0.768878253357185 0.751059362816458 0.72060616887433 0.62412239692466 0.641598609241716 0.642617438815428 0.642312741863877 0.630348090982914 0.606021435848958 0.590517040537297 0.580273255645907 0.587023469745018 0.606754123949452 0.634618875407537 -9999 -9999 -9999 -9999 -9999 -9999 -9999 -9999 -9999 -9999 -9999 -9999 -9999 -9999 -9999 -9999 -9999
0.906516055889719 0.890828675976608 0.874404302761459 0.863741807349654 0.852992242024401 0.838213535960378 0.822504763475975 0.81901677012092 0.820338912911029 0.816604640138041 0.817567122054282 0.803275763377768 0.785583453191496 0.783020536303091 0.798480020219854 0.819140570758689 0.828108893256475 0.813104051082939 0.821570357902191 0.83227924028028 0.834085099044278 0.824698086414784 0.838027756378881 0.842727750672555 0.829078424856883 0.815837701333946 0.797078394663202 0.767627295588182 0.707796937649357 0.745156054706666 0.640225886583756 0.628333326638877 0.636945990911179 0.641813180131914 0.639341258755301 0.614864327770639 0.585562041448549 0.561441058325022 0.56030757378922 0.58218138217924 0.605952258972795 0.628831822713758 0.632454828039177 0.655781852611434 0.695808143883998 0.731337285361833 -9999 -9999 -9999 -9999 -9999 -9999 -9999 -9999 -9999 -9999 -9999 -9999 -9999
0.893437179354496 0.882522999231742 0.869841389922348 0.857903169841274 0.847409939616118 0.830645098540941 0.813957952072441 0.809634159387869 0.809401834394459 0.79067996517438 0.785763429077301 0.771913013069583 0.756258340543197 0.769992423377063 0.802486631678178 0.815313342889427 0.800152009485379 0.784743099573629 0.775072208874425 0.791361543073027 0.799038219129253 0.805475261182563 0.813171638218568 0.829527372837312 0.824227584718929 0.812673865317718 0.789166724326894 0.746870929006894 0.701160388541464 0.696975222912168 0.627320421102038 0.649797825033339 0.643101255650972 0.649892257730045 0.629243599117801 0.604107039333024 0.572845702684757 0.561926002960206 0.559966305843819 0.583668522193917 0.599457154736869 0.609502433197553 0.60251061006251 0.647180438775746 0.692797444763791 0.733799681967282 0.77231493045115 -9999 -9999 -9999 -9999 -9999 -9999 -9999 -9999 -9999 -9999 -9999 -9999
0.883310268954357 0.872800064929307 0.860666559859309 0.848471553420899 0.838875620542883 0.823050796037628 0.804672750963658 0.80372569862666 0.801183889416601 0.781830029832581 0.758304567979125 0.741259739298661 0.710472583562373 0.730199567324964 0.779739337355733 0.754335772668114 0.754050306612548 0.741016889227533 0.732812974820896 0.753835609196939 0.757110319035831 0.766344729363874 0.765176254516038 0.820207300325708 0.816388040000757 0.775029528445032 0.756452492750946 0.706228424598221 0.674590138088484 0.683587020121836 0.659931141555046 0.635230459387251 0.620277151975358 0.624856532980048 0.609548204284307 0.586726365943086 0.562202179221776 0.555534408667354 0.560003161625318 0.574174027251586 0.59001664915104 0.603048303399048 0.553946385919412 0.589128533156645 0.6915577804106 0.716795796981553 0.75644889694943 0.793756056440071 -9999 -9999 -9999 -9999 -9999 -9999 -9999 -9999 -9999 -9999 -9999
0.867810808881586 0.861204272941914 0.847522384645594 0.837379498808577 0.819116185612988 0.813786703029042 0.794520897657056 0.788712221370497 0.780734463054109 0.770830882712358 0.737489649694046 0.717915896975093 0.687238605194207 0.728225647421893 0.749345371209112 0.672969048705039 0.718516219852925 0.707019919629536 0.701840121385122 0.721248676467989 0.705790305032153 0.7120549447928 0.750530177164041 0.793360125981666 0.819366118448237 0.798656400472488 0.763371314936306 0.706176998478981 0.64590646928595 0.657844176069733 0.622519285254853 0.587551215099897 0.604684250772406 0.600909279706997 0.583157623605975 0.56383368504089 0.553645169827353 0.557283245393189 0.559560572737347 0.56169174984462 0.578259249160582 0.54597115657982 0.512809416840785 0.547137659198832 0.672428106043149 0.680852850201558 0.736730252439022 0.759663677829958 0.807368401885226 -9999 -9999 -9999 -9999 -9999 -9999 -9999 -9999 -9999 -9999
0.844678901747434 0.840477219474748 0.834894981016767 0.824596184109755 0.819298737575502 0.789980206783585 0.780328571050203 0.782176013488191 0.779688243261215 0.761970987031833 0.742901397759987 0.717860999146076 0.682300859337739 0.742559786853944 0.679536258541961 0.681480068863474 0.671849994542311 0.675410505657462 0.656845666783285 0.681915811464905 0.672470159291469 0.699884628729458 0.743052607255648 0.782603263358128 0.802791527139949 0.811708826256304 0.738285422074233 0.734655996765108 0.67349838492446 0.623888213705975 0.584278202701236 0.598640019470683 0.587628026137916 0.58926428792306 0.560458474602411 0.528854129745205 0.54029269844419 0.548846108707528 0.545599905505305 0.558316177517852 0.567907267715406 0.546120148436758 0.519628955699865 0.597925023813695 0.637249996549113 0.641851878694116 0.688018323610056 0.749810319380674 0.792411516820859 0.814579889063063 -9999 -9999 -9999 -9999 -9999 -9999 -9999 -9999 -9999
0.839632770725601 0.83542628341523 0.830842320033595 0.814448324666155 0.806611392253891 0.782782762120175 0.780147985175565 0.767369815308915 0.758667015951556 0.741126286978933 0.705606086640231 0.700004300569587 0.677507387810247 0.731988915672427 0.68865306279065 0.650403271381138 0.653638714889876 0.665465359902555 0.612844914831722 0.627494367116914 0.657833512604409 0.666962466545002 0.583223414934708 0.716363849461566 0.769201379474305 0.734729424065598 0.741874595594557 0.680038794636293 0.664808471045303 0.59935875163756 0.588285635904385 0.565317689310062 0.549534620790274 0.555560657327597 0.529341163737211 0.526503539956784 0.511295706870581 0.503712464794788 0.515434966059021 0.529705577387714 0.547189629079066 0.538223407436906 0.534922488233527 0.578199337912004 0.569173636584527 0.621155131052983 0.677459955277785 0.740703832686695 0.76597538436507 0.786276639904114 0.795955434993254 -9999 -9999 -9999 -9999 -9999 -9999 -9999 -9999
0.809400925012012 0.805418428596443 0.810534266092228 0.80426486723361 0.785050606694015 0.778488166417227 0.763374476682074 0.747120034712511 0.715864581215302 0.699917490845441 0.709342714981934 0.678627134705569 0.705961360884469 0.704951669337682 0.648527468629101 0.592426002244852 0.614466355814684 0.635887769510393 0.582486107927053 0.612085094556144 0.629765821018181 0.649694449488609 0.631507301901669 0.618384410801081 0.704430909962435 0.68935443959878 0.687585838725719 0.641099181017574 0.64253355381401 0.576987202036393 0.535408050355931 0.495505165403677 0.477436093078946 0.47440346637357 0.463732793923423 0.471363674145384 0.474826932915351 0.476463781802511 0.499990833104251 0.502912548776869 0.520237617834123 0.503252558702886 0.467983145977609 0.534006120186585 0.544729380387307 0.582592144051784 0.674389443072597 0.731505804135675 0.747957012519814 0.757997326388345 0.769082833452668 0.772801781719187 0.765337100004362 0.75982651364644 -9999 -9999 -9999 -9999 -9999
0.778429501761554 0.778759182548003 0.784011643325275 0.771045146391938 0.765378573018847 0.755897510845826 0.744060239668895 0.670361885728164 0.646220999616652 0.652970304196725 0.684279821646739 0.625553110966425 0.694015303892585 0.639539263290436 0.593194518317375 0.553861910267861 0.570795958171175 0.619067182084164 0.596700922564095 0.608255512608518 0.607027065095309 0.602232790959829 0.611944075896776 0.624459315403288 0.661184071957172 0.651359094002607 0.632632555106976 0.613454257364611 0.602700623791304 0.534212428355212 0.484182712090414 0.436420139924934 0.413531653916318 0.425728958112411 0.430808687954717 0.438351918910543 0.430992182584899 0.451596001537104 0.478822459439256 0.468987267893735 0.490165327586429 0.497132556072679 0.43099907328307 0.500163372807028 0.538909359567087 0.580973051120846 0.645247140880007 0.701564305726193 0.692322183675871 0.724360486403139 0.739699671787161 0.75455470712249 0.752072588813741 0.744421437689154 0.759144920892007 0.760905659462598 -9999 -9999 -9999
0.756101127069413 0.747999764691745 0.74289366738029 0.728095226523073 0.715312565000989 0.729261746383618 0.702481132154975 0.630698682548796 0.611675736418764 0.553571188240612 0.578059036830234 0.660440959300455 0.604013742398527 0.518671219329533 0.533125628501355 0.540920081133325 0.58713932743286 0.594212404726492 0.592389954748852 0.603545376346126 0.575358802535146 0.564261794463807 0.578413455386662 0.649067643525453 0.639794480351825 0.605451589336344 0.592016769246624 0.601859643836598 0.561684207860279 0.485417810737419 0.476985606916831 0.458961925007121 0.453586100433004 0.441352330242803 0.434654221833099 0.433786439971448 0.437612664454254 0.44904534980725 0.460692652788642 0.458663679190936 0.456718761831572 0.441290906062671 0.421446804167432 0.481434152218309 0.53545621567071 0.591603709499292 0.642093390052811 0.606715895136676 0.651282244069824 0.675649789895466 0.715495687227783 0.716114928309844 0.699114999989605 0.719288911824898 0.760074679137163 0.786889704023906 -9999 -9999 -9999
0.708076370064657 0.717254358659726 0.7183374389539 0.721930761463852 0.729538563535757 0.68856886358757 0.655093532533206 0.599179468520706 0.53915926624952 0.538473095544281 0.572958725780492 0.50451637194861 0.536454084610566 0.553993374763549 0.585613463074999 0.572729018960434 0.60386189684778 0.581882490229462 0.575904714592592 0.580391001755377 0.567360804397607 0.537467651279254 0.587557011565958 0.636591155437362 0.654769163315611 0.602295952236946 0.602516857236735 0.593579829781108 0.546960764770582 0.49922123458401 0.475436810526897 0.434586215680469 0.415693418434649 0.398554414481225 0.390998272292836 0.399382248359741 0.408008814586316 0.412046377724086 0.437364397973278 0.446275845865218 0.461050366348934 0.464675351315288 0.441413090163194 0.459772176980555 0.491301322087747 0.533193279084864 0.595344268754933 0.612765425146655 0.643587925990722 0.659506702180877 0.675537238295572 0.668043144675919 0.638022715793743 0.688588838168005 0.736617741214848 0.772000048531685 -9999 -9999 -9999
0.673809304741422 0.691185918555615 0.692019408045048 0.682660292047361 0.693299591094431 0.698670652168349 0.649594572766959 0.570663832226995 0.558610729128993 0.523586675343815 0.55087518208031 0.513698723339628 0.559031143040995 0.534893443668783 0.557443147862801 0.551345740398639 0.591135270239384 0.570491081017279 0.568660957141145 0.576135964764707 0.523161946310935 0.538198648658596 0.571317067790964 0.604570397187235 0.606720547374771 0.578044851405843 0.597653048966483 0.536523292702702 0.50660730887965 0.455615674413961 0.429209545220288 0.4267922046646 0.403199375375338 0.373356335826643 0.358715874629558 0.360641163937039 0.355211368406051 0.362258463631117 0.40120691007813 0.414397193437114 0.423035050909189 0.43767505421791 0.410584942482029 0.427682205230636 0.439667782331124 0.493412730628676 0.547422152052096 0.564360331716765 0.604890973095763 0.639296578269061 0.633189099220993 0.634041721097312 0.611899445697225 0.646395905179353 0.712165116634704 0.745635956366725 -9999 -9999 -9999
0.627389914297945 0.612579218946232 0.618649361377215 0.630872742217166 0.651376916360613 0.669004500524859 0.653660170943473 0.637493205479425 0.632033104134868 0.590982844102873 0.579542643463254 0.57399630898613 0.569545658026481 0.559265193231938 0.556036192995431 0.535309186526765 0.5531006032857 0.592092613350653 0.546787873988579 0.56793933410933 0.56703501594519 0.567752400258263 0.568006641823217 0.591858517322125 0.564463479553364 0.557642545315315 0.548867720999864 0.503467984073664 0.455754090945433 0.400798263756844 0.381627736966058 0.398288740547854 0.369833934892091 0.361280480701025 0.33450852243209 0.346644398397796 0.32637468444901 0.333576821459744 0.360867659271757 0.371675002669923 0.386269426880028 0.40735724425346 0.39299471264162 0.426656202592529 0.448222913505915 0.475707769805943 0.51054446505098 0.543558337144442 0.568358638431613 0.576508885882177 0.577763122807851 0.602703776802592 0.607995218506308 0.66160498088597 0.702121894983596 0.721866033151792 -9999 -9999 -9999
0.638639912041566 0.550964242788781 0.534727857939985 0.555111506546894 0.594230738999464 0.60762246842427 0.607416835944538 0.615940049645552 0.622268565648513 0.60510793103823 0.588611530741689 0.538347924655858 0.549988888576834 0.567963404333156 0.56122169282928 0.529163970203904 0.548044007441785 0.584463477185077 0.571945498790163 0.547090916362016 0.559526816506958 0.567673654835822 0.602070378786192 0.584706463960353 0.552865789788445 0.55148282513551 0.513842782389922 0.475744708857822 0.430895727587348 0.378537873780151 0.373818830856114 0.352108281455189 0.328245231252922 0.32638625434423 0.319928758559139 0.309001340215762 0.279419188793142 0.28836514377106 0.313508135028905 0.340473164110498 0.349184909663159 0.365410236684329 0.392257987678392 0.433689955373083 0.474257634875833 0.501675143032704 0.519405910304706 0.532935659155973 0.542139735277725 0.563626431439985 0.586446953690919 0.603500860798106 0.62272681391274 0.660218885456866 0.68158882668623 0.71021795328279 -9999 -9999 -9999
0.601185661768622 0.586333220157116 0.550962969576333 0.533466253658242 0.521951214465957 0.506502633951859 0.523240470555238 0.559566878545364 0.551612614570998 0.559922448660294 0.560140172919281 0.536090679829967 0.537696336247397 0.538596668593619 0.526930936338941 0.546197979682475 0.555958003409759 0.57484892392279 0.55676833385419 0.541132743878615 0.551931261109449 0.566172524304513 0.565742327058214 0.538987428311048 0.514528804298681 0.513838452457021 0.487885845687261 0.448699008429022 0.399553356579994 0.356812482848461 0.347754673795054 0.31359659598545 0.284186646678421 0.269666427360428 0.282508056079025 0.256169366243989 0.223151523500508 0.239770065221915 0.272538765138157 0.308348938759356 0.322906786850254 0.351248454003398 0.390867438730693 0.420684871279203 0.463926998761138 0.490986622245647 0.521083250151714 0.529928108539721 0.547376712923312 0.560845669403068 0.565501887632204 0.577290571806869 0.604446173277733 0.634689092829433 0.669065901953138 0.707675360996857 -9999 -9999 -9999
