layers/veg_krg_50/veg_1600.asc
NCOLS 128 
NROWS 165 
XLLCORNER -2985163.8955 
YLLCORNER -3022031.214 
CELLSIZE 50000 
NODATA_value -9999 
[rows 52 to 77 of 165, columns 0 to 58 of 128]
-9999 -9999 -9999 -9999 -9999 -9999 -9999 -9999 -9999 -9999 -9999 -9999 -9999 -9999 -9999 -9999 -9999 -9999 -9999 0.506733549167056 0.440373078335714 0.424751377652878 0.442843545552925 0.422486384645802 0.483273586505354 0.48869501011212 0.496221346438454 0.503100187156935 0.50715067855507 0.50243057441065 0.495421693264545 0.503627517794675 0.640932745315902 0.683838006215667 0.695269720464538 0.687165386236791 0.710374452836995 0.741288474622458 0.738374704236251 0.714262307125043 0.71286352653831 0.710346934315236 0.705919920312059 0.690752080456084 0.68546979572521 0.678809088148959 0.661936849169622 0.661611985360493 0.641593297150677 0.655760330267078 0.654210940973923 0.649090380783896 0.654985159705061 0.619198257884714 0.566827031667085 0.518908104153245 0.506932143209049 0.516500846232932 0.592365257608969
-9999 -9999 -9999 -9999 -9999 -9999 -9999 -9999 -9999 -9999 -9999 -9999 -9999 -9999 -9999 -9999 -9999 -9999 -9999 0.474181966417711 0.41152518555607 0.323308609803082 0.343762397163026 0.343612127599482 0.368095247751612 0.422126030272321 0.455832258058785 0.46613843542239 0.464844389624103 0.472635992670208 0.485880186769043 0.539639575021399 0.669974401944794 0.686849251070067 0.688249843117259 0.716740023610122 0.746969445774517 0.751286139127602 0.751637153390526 0.729698761165724 0.72742054337078 0.722301785310228 0.702424794583186 0.67566525259811 0.668129903391289 0.661673852703466 0.640756481179494 0.618353452959625 0.586802385927782 0.584193985043195 0.574755182585347 0.579395002438537 0.609597816196745 0.628968998041918 0.614826508390251 0.545313341677005 0.374654180641613 0.455282265444263 0.56706208627935
-9999 -9999 -9999 -9999 -9999 -9999 -9999 -9999 -9999 -9999 -9999 -9999 -9999 -9999 -9999 -9999 -9999 -9999 -9999 -9999 0.427567721768677 0.290428701604117 0.252322776052833 0.258946913558745 0.277619784418348 0.324074916571074 0.412808066285771 0.439843976929603 0.431279013016982 0.474176449114722 0.504757093740406 0.607062404733981 0.662699148891185 0.666673445521226 0.696337000226648 0.759827762741284 0.752236000059354 0.762745210037739 0.764847749648156 0.748452721878354 0.746226999128412 0.740699673395078 0.707621568167178 0.681146639820549 0.665195883516788 0.647884399259908 0.620044573762722 0.599740712173059 0.56678846601577 0.552204532738552 0.541619441962285 0.542242363993313 0.531753464016609 0.544675948584182 0.614731558339613 0.617361124250099 0.539646923010439 0.450471070385437 0.524096099369469
-9999 -9999 -9999 -9999 -9999 -9999 -9999 -9999 -9999 -9999 -9999 -9999 -9999 -9999 -9999 -9999 -9999 -9999 -9999 -9999 0.372461543844701 0.238520154758035 0.188557867292814 0.190821914587365 0.228802913336284 0.263377142857912 0.360499091786424 0.415448244596685 0.440236425594098 0.451764682158962 0.493809098706623 0.605160207942139 0.647853302686937 0.658015432361207 0.755509567259656 0.758870728344092 0.76354468820161 0.769591840598397 0.780707309855233 0.759454898503669 0.762035334851205 0.744135957389831 0.717040332610551 0.699258849808468 0.675891833329257 0.65051928647334 0.624407826835483 0.597702595584434 0.561315181406053 0.541180861824447 0.529062781444575 0.537227085479968 0.524532522216519 0.520998809295964 0.530756573597736 0.586771900537384 0.601298751239917 0.614005360580989 0.501767815626727
-9999 -9999 -9999 -9999 -9999 -9999 -9999 -9999 -9999 -9999 -9999 -9999 -9999 -9999 -9999 -9999 -9999 -9999 -9999 -9999 -9999 0.257445647367672 0.189154715988941 0.12452353465903 0.159150638103546 0.211477087914792 0.282432409955001 0.391575112905122 0.405204826088561 0.433287357262457 0.530640909903624 0.616473091448433 0.647962274714058 0.732039020787834 0.738120734979859 0.753498221297634 0.766988344466068 0.778215251314416 0.782181367577689 0.775519291473942 0.767204375285271 0.744476347069609 0.728199539826196 0.707449285178259 0.680091670445527 0.650242806774546 0.625265906515512 0.585009900633392 0.55170056430261 0.526819755905787 0.514862724981469 0.520407103601019 0.523538040380984 0.507975145427601 0.505782907101581 0.507600583919399 0.53698834853592 0.555176176276967 0.575879038840832
-9999 -9999 -9999 -9999 -9999 -9999 -9999 -9999 -9999 -9999 -9999 -9999 -9999 -9999 -9999 -9999 -9999 -9999 -9999 -9999 -9999 0.272421743753786 0.227656481652958 0.113134996444714 0.128464395516961 0.196372750257741 0.289009443408142 0.327086491572594 0.36882572290758 0.436482519453384 0.514062851907523 0.606022678660905 0.716966765819303 0.712192903286984 0.724243537803007 0.753566882810124 0.769396776785844 0.786208084222171 0.78701206438176 0.79303459985816 0.794197393125994 0.767746140261346 0.75145404380854 0.721734985115169 0.688137998179047 0.654256313724963 0.621411021893566 0.575822342480539 0.540102360131561 0.510090613207572 0.492525227639356 0.491797234030183 0.488164603562098 0.475182081400356 0.50488536024154 0.508498562436826 0.495979368198747 0.483502527175093 0.534734136967041
-9999 -9999 -9999 -9999 -9999 -9999 -9999 -9999 -9999 -9999 -9999 -9999 -9999 -9999 -9999 -9999 -9999 -9999 -9999 -9999 -9999 -9999 0.241910240727721 0.168007406197465 0.119539059040688 0.156224429723561 0.184316069488731 0.221615587720992 0.283425083602743 0.399348858777035 0.541304224157284 0.639549244379767 0.679830090514228 0.703914362478908 0.724697416955106 0.75468381203931 0.771490737290967 0.790567172753291 0.798455599491786 0.807588606489646 0.812057864675711 0.794753986376825 0.769720738521718 0.737659388344044 0.695834898087649 0.657194088503043 0.614604636072287 0.564182624155766 0.526010872627447 0.489399549909794 0.465774605044901 0.455442949126139 0.459785555099816 0.470528290820979 0.49635412820925 0.526631008363969 0.523965102084704 0.494582200735223 0.495770659889968
-9999 -9999 -9999 -9999 -9999 -9999 -9999 -9999 -9999 -9999 -9999 -9999 -9999 -9999 -9999 -9999 -9999 -9999 -9999 -9999 -9999 -9999 0.248430984557855 0.19499225898518 0.12841271970587 0.110660343190874 0.104934913466 0.147305539483153 0.231309038302631 0.468814796470711 0.562195118588202 0.517901298553583 0.616930602266737 0.548998748296381 0.469853860262182 0.675633874981448 0.755785259594175 0.791844767611039 0.804551323857604 0.818461927062336 0.830281173083747 0.817989418830059 0.791395254892461 0.75859627143475 0.711138867343475 0.659692321740255 0.606992753973683 0.552704938626061 0.508702868216304 0.467317068449577 0.43973444774748 0.432086079147317 0.446692841443223 0.471345037934639 0.494632774687007 0.499208038171878 0.503263582510017 0.49597334389541 0.538237652922139
-9999 -9999 -9999 -9999 -9999 -9999 -9999 -9999 -9999 -9999 -9999 -9999 -9999 -9999 -9999 -9999 -9999 -9999 -9999 -9999 -9999 -9999 -9999 -9999 0.166859830924124 0.107301383133397 0.0906903034355348 0.131781674279455 0.265105229484082 0.45557767077079 0.537569626715824 0.468222582250457 0.573194587938951 0.477787864719402 0.425825329519661 0.620485307954654 0.720002141187579 0.781937301299282 0.799302711437564 0.82058666153054 0.836328867813924 0.83081791919674 0.814745003745844 0.780886491787213 0.731812603102107 0.672635604992318 0.606835912853314 0.546601503805559 0.495928575876079 0.450228180687711 0.407523882887114 0.394730138933717 0.462535650747648 0.501669817584446 0.509542297331316 0.490281913895114 0.478763747243224 0.484524206780493 0.520773336722701
-9999 -9999 -9999 -9999 -9999 -9999 -9999 -9999 -9999 -9999 -9999 -9999 -9999 -9999 -9999 -9999 -9999 -9999 -9999 -9999 -9999 -9999 -9999 -9999 -9999 0.151575533401301 0.0859358591756379 0.0957152425488325 0.162550455076179 0.2856199066193 0.394966324535114 0.418820649702564 0.415685524158129 0.387041924519163 0.368127109873846 0.525456552092699 0.573191300042898 0.672813632616717 0.739938699786488 0.788277465533255 0.821699257675609 0.831566869247948 0.83195010361716 0.804242299633685 0.758373695995559 0.694045501738248 0.622662554734886 0.552033868562647 0.497848122866532 0.448282219953603 0.409214189798474 0.409877185799525 0.511679868883905 0.532248852917563 0.5138999804563 0.497566136950845 0.473604001647976 0.456440595103207 0.452102918350358
-9999 -9999 -9999 -9999 -9999 -9999 -9999 -9999 -9999 -9999 -9999 -9999 -9999 -9999 -9999 -9999 -9999 -9999 -9999 -9999 -9999 -9999 -9999 -9999 -9999 0.216866350606142 0.179501367571622 0.079979220689302 0.100791848219798 0.18373055146281 0.226521699686255 0.286546357248308 0.307407099872228 0.269913394472955 0.2642472097118 0.265860740418521 0.290198256230595 0.412996663736385 0.539255385383315 0.699094528629335 0.768336094519806 0.811881237999692 0.835040799798061 0.824845498633291 0.783099207373085 0.718462404077707 0.641380141052027 0.564879792803004 0.508777594639614 0.460503768530065 0.42746348665989 0.435529921660181 0.483821456799662 0.497276555980558 0.496207347682463 0.492091492645514 0.446955879610541 0.437402828227126 0.434774561953312
-9999 -9999 -9999 -9999 -9999 -9999 -9999 -9999 -9999 -9999 -9999 -9999 -9999 -9999 -9999 -9999 -9999 -9999 -9999 -9999 -9999 -9999 -9999 -9999 -9999 -9999 0.311483160725035 0.141148927872968 0.112082465554863 0.132074332669439 0.19130013235786 0.211063172712318 0.287667736667081 0.190986597582219 0.209646681933937 0.213838557286969 0.167132224314165 0.228561720852306 0.231990902271526 0.432835834471519 0.581488962142997 0.695881666659876 0.783246644860224 0.804312671050495 0.796980265754369 0.738320845563481 0.677154000294275 0.585372910915893 0.51688024952458 0.475565616270705 0.433235539800786 0.422052516460548 0.435434236182953 0.44068496139008 0.443302602525828 0.425849243694607 0.397387601513601 0.388043156440224 0.380357644506874
-9999 -9999 -9999 -9999 -9999 -9999 -9999 -9999 -9999 -9999 -9999 -9999 -9999 -9999 -9999 -9999 -9999 -9999 -9999 -9999 -9999 -9999 -9999 -9999 -9999 -9999 0.387197306886934 0.267677372292507 0.230154272622747 0.131477790756154 0.14433842740556 0.126614209555922 0.142345292620116 0.115124387109893 0.150536785625805 0.129491966309449 0.134695095479698 0.166267832797057 0.140984453624689 0.129621408990421 0.185020382534242 0.444420899868758 0.646835999837747 0.740986844560877 0.761646453666568 0.728670211920165 0.655591366447424 0.583988699685038 0.525932278893735 0.477965103367311 0.428719392912597 0.393510354944339 0.384234632436246 0.375648766551853 0.372849500426665 0.366309106693572 0.358364449522853 0.355594109926677 0.339198690900847
-9999 -9999 -9999 -9999 -9999 -9999 -9999 -9999 -9999 -9999 -9999 -9999 -9999 -9999 -9999 -9999 -9999 -9999 -9999 -9999 -9999 -9999 -9999 -9999 -9999 -9999 0.37258424507726 0.318512910326448 0.343780323743114 0.182548267715042 0.124392229853926 0.100635202777638 0.0362027606393314 0.0233022727573065 0.0518520828707568 0.109369219393185 0.124063246820223 0.13538392293999 0.136663768697134 0.119594690971953 0.0466387287114347 0.279403302257356 0.606878687012382 0.681562151956531 0.646755583099872 0.628127516541784 0.573126550564273 0.558945914973523 0.518895896310344 0.475519680512517 0.427013856145882 0.377464908465764 0.340914218840149 0.319638641350391 0.322345352884417 0.325395013628259 0.323645899145841 0.320732376163517 0.318504392536195
-9999 -9999 -9999 -9999 -9999 -9999 -9999 -9999 -9999 -9999 -9999 -9999 -9999 -9999 -9999 -9999 -9999 -9999 -9999 -9999 -9999 -9999 -9999 -9999 -9999 -9999 -9999 0.133674765032332 0.219420712446965 0.309266602545521 0.20211404949319 0.121435014940555 0.067533072348119 0.109205014516784 0.0392035143936652 0.0523207380372193 0.0602852324460682 0.0757052367964624 0.123163915421768 0.133735362803302 0.0894335207880303 0.25613659210864 0.491681717128378 0.564175991645524 0.564670438818605 0.473755398596997 0.493724061139484 0.529358321532844 0.517573852829245 0.471368707374895 0.420428475545126 0.360793904504118 0.311930335098735 0.281198745530721 0.283131652250653 0.290896827468594 0.292539155943548 0.290885591861759 0.289122120752849
-9999 -9999 -9999 -9999 -9999 -9999 -9999 -9999 -9999 -9999 -9999 -9999 -9999 -9999 -9999 -9999 -9999 -9999 -9999 -9999 -9999 -9999 -9999 -9999 -9999 -9999 -9999 -9999 0.359530936566527 0.381773574021505 0.336434265504816 0.251509102907274 0.336304219572318 0.12258935202538 0.113158288187686 0.1033346934365 0.0437166031631466 0.0331440760482293 0.0594039016646982 0.120720618641438 0.123267480683598 0.142225153960675 0.181874489117837 0.26289342211686 0.479813282105455 0.46841279716822 0.486967506512847 0.516440270578114 0.518150240176993 0.46896936345754 0.412569302562884 0.347977334504184 0.303012257478009 0.2761369106471 0.254644613991998 0.261345679183718 0.262822850924378 0.260620570952703 0.264488758382831
-9999 -9999 -9999 -9999 -9999 -9999 -9999 -9999 -9999 -9999 -9999 -9999 -9999 -9999 -9999 -9999 -9999 -9999 -9999 -9999 -9999 -9999 -9999 -9999 -9999 -9999 -9999 -9999 -9999 -9999 0.410148660458098 0.390421423508762 0.4075269044229 0.352201961102888 0.319460727883071 0.167925934915068 0.052354694460184 0.0837076644021448 0.022322768295243 0.06641706128866 0.0798353031118153 0.0885214433552107 0.0388017705828935 0.0204390470982871 0.326269210566737 0.344880165752317 0.364012800782799 0.474997711776522 0.50756118407119 0.470502359264288 0.407702744559026 0.319500561844385 0.287568034911969 0.281940584637154 0.246757524057023 0.241080640440285 0.240384171829994 0.231915852010129 0.242785508904313
-9999 -9999 -9999 -9999 -9999 -9999 -9999 -9999 -9999 -9999 -9999 -9999 -9999 -9999 -9999 -9999 -9999 -9999 -9999 -9999 -9999 -9999 -9999 -9999 -9999 -9999 -9999 -9999 -9999 -9999 -9999 -9999 0.380723219958872 0.553434937300892 0.476861692091665 0.354078794231451 0.185054017935701 0.203455502489782 0.000729886433109557 0.0127924991582388 0.0401131815979937 0.0643449390151544 0.0459499688019715 0.0211746274548509 0.199174797930044 0.209850563448172 0.101976622013124 0.265457854951608 0.449934988654508 0.464186271926839 0.421912480592745 0.321193382956978 0.269122526314658 0.277070715314876 0.248903499165529 0.242644639648969 0.235954129163036 0.231002478966102 0.231637343606208
-9999 -9999 -9999 -9999 -9999 -9999 -9999 -9999 -9999 -9999 -9999 -9999 -9999 -9999 -9999 -9999 -9999 -9999 -9999 -9999 -9999 -9999 -9999 -9999 -9999 -9999 -9999 -9999 -9999 -9999 -9999 -9999 -9999 0.609236241736898 0.513547468001199 0.547158483537577 0.462113714598086 0.207835649114002 0.0414757948959268 0.00531855182826334 0.00206558380535313 0.0507289549618797 0.0155260327669841 0.0350795524376969 0.0290750149214524 0.0576847347415847 0.131817332968861 0.115163974823761 0.0632972415282709 0.262008598137106 0.36407681160943 0.312408711170786 0.257180436599223 0.242670144591951 0.240960327462739 0.239871178807691 0.235191762720718 0.230685919538442 0.224175635605294
-9999 -9999 -9999 -9999 -9999 -9999 -9999 -9999 -9999 -9999 -9999 -9999 -9999 -9999 -9999 -9999 -9999 -9999 -9999 -9999 -9999 -9999 -9999 -9999 -9999 -9999 -9999 -9999 -9999 -9999 -9999 -9999 -9999 -9999 -9999 -9999 0.475904231868502 0.426919077439069 0.306752703120098 0.0757743039129274 0.0309268714553706 0.0406990284039926 0.0478641499831155 0.0541087902738637 0.0655688384219506 0.0312498871445157 0.0888777660390195 0.126162439658744 0.0775207457290833 0.0825296283981802 0.209191741932812 0.236610620362619 0.238564567082485 0.23279668713948 0.232924563671646 0.231525776552063 0.230036356442067 0.225678962731248 0.21664673711852
-9999 -9999 -9999 -9999 -9999 -9999 -9999 -9999 -9999 -9999 -9999 -9999 -9999 -9999 -9999 -9999 -9999 -9999 -9999 -9999 -9999 -9999 -9999 -9999 -9999 -9999 -9999 -9999 -9999 -9999 -9999 -9999 -9999 -9999 -9999 -9999 -9999 0.613627492635918 0.588277747700746 0.371390521794459 0.0406355707611415 0.0101872879598028 0.0340039794200721 0.0461476596463727 0.0641803338066866 0.028358548765284 0.00377204833866879 0.064876421532525 0.170157251530137 0.187495529784777 0.212786766329331 0.185228330619954 0.201106912599541 0.221943213038971 0.224798358491164 0.223483491664039 0.222160865446828 0.218974597126298 0.209152040578214
-9999 -9999 -9999 -9999 -9999 -9999 -9999 -9999 -9999 -9999 -9999 -9999 -9999 -9999 -9999 -9999 -9999 -9999 -9999 -9999 -9999 -9999 -9999 -9999 -9999 -9999 -9999 -9999 -9999 -9999 -9999 -9999 -9999 -9999 -9999 -9999 -9999 -9999 0.632335126885988 0.453536179629262 0.104648457855472 0.0200847677248484 0.0578709773372938 0.0684743387912178 0.0613735074760016 0.0362218632197084 0.00661220945256551 0.0410812696209174 0.151823239153269 0.182420274441334 0.183622045300804 0.156301907434147 0.178520906152305 0.213221285470465 0.215292160694339 0.215521537344315 0.214550819920853 0.211868300943833 0.215905780336396
-9999 -9999 -9999 -9999 -9999 -9999 -9999 -9999 -9999 -9999 -9999 -9999 -9999 -9999 -9999 -9999 -9999 -9999 -9999 -9999 -9999 -9999 -9999 -9999 -9999 -9999 -9999 -9999 -9999 -9999 -9999 -9999 -9999 -9999 -9999 -9999 -9999 -9999 0.507095873402775 0.433562823783095 0.170263503608975 0.0300789327574978 0.0481052619611885 0.0744313452567416 0.060450547959131 0.0323907930363547 0.000470696994673962 0.00521764012850532 0.10312744670588 0.123102846920084 0.132913276596739 0.198055260976913 0.196860369981059 0.206865711796002 0.210634483696491 0.209247615412313 0.210449765726908 0.209533214721591 0.230493980773033
-9999 -9999 -9999 -9999 -9999 -9999 -9999 -9999 -9999 -9999 -9999 -9999 -9999 -9999 -9999 -9999 -9999 -9999 -9999 -9999 -9999 -9999 -9999 -9999 -9999 -9999 -9999 -9999 -9999 -9999 -9999 -9999 -9999 -9999 -9999 -9999 -9999 -9999 0.477419681209327 0.444708258087698 0.288006016797419 0.0762267612281849 0.0523571033367463 0.0725193636378133 0.049716608830749 0.0249378053349379 0 0 0.0367450183516885 0.0737300720726961 0.107101078267905 0.181409423116517 0.213307753007712 0.203395112219397 0.206080367570563 0.208258262684077 0.210516625595511 0.228034003697566 0.250092831434553
-9999 -9999 -9999 -9999 -9999 -9999 -9999 -9999 -9999 -9999 -9999 -9999 -9999 -9999 -9999 -9999 -9999 -9999 -9999 -9999 -9999 -9999 -9999 -9999 -9999 -9999 -9999 -9999 -9999 -9999 -9999 -9999 -9999 -9999 -9999 -9999 -9999 -9999 -9999 0.40351446632858 0.358074387287191 0.116475735337478 0.0393678966023609 0.0687442067377245 0.0260369896208943 0.0339282229086769 0.00155147749048267 0 0.0602033150815743 0.0724741878041959 0.13787162923337 0.188049940625051 0.213272704813549 0.256634435971259 0.205859122140348 0.21288620828846 0.213168531397867 0.242303016487787 0.262900317680983
-9999 -9999 -9999 -9999 -9999 -9999 -9999 -9999 -9999 -9999 -9999 -9999 -9999 -9999 -9999 -9999 -9999 -9999 -9999 -9999 -9999 -9999 -9999 -9999 -9999 -9999 -9999 -9999 -9999 -9999 -9999 -9999 -9999 -9999 -9999 -9999 -9999 -9999 -9999 0.437297820907936 0.417779129700916 0.170806282489724 0.0309704039531783 0.0654800590534117 0.0604314423241546 0.0386003337944173 0.00814501193898986 0.00181261262492226 0.0788311488869119 0.0191206556884206 0.110285850693318 0.225362608224908 0.227766119704247 0.287660330605291 0.233761797612237 0.235922149554059 0.242911532161818 0.26889682486385 0.287015090267372
