layers/veg_krg_50/veg_5500.asc
NCOLS 128 
NROWS 165 
XLLCORNER -2985163.8955 
YLLCORNER -3022031.214 
CELLSIZE 50000 
NODATA_value -9999 
[rows 26 to 51 of 165, columns 0 to 58 of 128]
-9999 -9999 -9999 -9999 -9999 -9999 -9999 -9999 -9999 -9999 -9999 -9999 -9999 -9999 -9999 -9999 -9999 -9999 -9999 0.607094377363354 0.483103430482061 0.397989361551544 0.260001439486239 0.324495299651978 0.324144231662467 0.239315048094805 0.228134356741661 0.260698783272209 0.286813988030131 0.304359354650228 0.313950911745387 0.340829268576084 0.363454760182532 0.461311008411764 0.500816914586457 0.56964382852447 0.622447763501948 0.650799368057452 0.668704841637201 0.677163656984861 0.668424814994834 0.665954322962994 0.674057788830929 0.676627642948095 0.668433333230302 0.663582950176591 0.658093735022309 0.646839303331878 0.633744546366727 0.645231251955831 0.6425685375846 0.64065722532165 0.64963320163888 0.653110390341298 0.654250099410992 0.644652593109235 0.613655119475487 0.588984479250444 0.583787764026681
-9999 -9999 -9999 -9999 -9999 -9999 -9999 -9999 -9999 -9999 -9999 -9999 -9999 -9999 -9999 -9999 -9999 0.651471168987436 0.620189636625873 0.585304554637717 0.441482973997471 0.316564813799244 0.269663655755015 0.315009177667225 0.287296917875102 0.264507637991136 0.272641025239385 0.280113858035931 0.297085908073521 0.308722986742969 0.296046710085721 0.409719034684211 0.497581619798835 0.552139409671338 0.575489600181161 0.620767610939526 0.66550465483378 0.683356943922135 0.704601733357642 0.715979177711623 0.712205912582656 0.712704310739312 0.718602433985029 0.719788423356939 0.714915609778212 0.708463553119853 0.697569238337264 0.684240142890849 0.677804829165829 0.686283789553544 0.680195856001975 0.678207888709494 0.687674505459818 0.690363190481439 0.690916314187795 0.67187986921966 0.631755285974082 0.623515161031708 0.622486462090731
-9999 -9999 -9999 -9999 -9999 -9999 -9999 -9999 -9999 -9999 -9999 -9999 -9999 -9999 -9999 -9999 -9999 0.648767553504377 0.601121320129418 0.474307342448153 0.368484734337613 0.221760092101302 0.291424222290542 0.328375088040927 0.318357043942572 0.314950055431257 0.28844812443127 0.289833437181862 0.301206268340689 0.36908315125974 0.496658974879664 0.553289528484153 0.587435032049665 0.610650242308689 0.642298560830249 0.685867484265714 0.709993830541345 0.722088621478357 0.739588892263212 0.758983298275659 0.759705745000351 0.756706874442568 0.759855876926099 0.760170151571802 0.753826578489697 0.742812441781138 0.731011673998503 0.730018940060217 0.721655834225841 0.727003981317038 0.717872865922833 0.713643108872062 0.72300244672761 0.727342622046967 0.722226751170053 0.694555474037404 0.66947177365247 0.663833167037579 0.657886966750133
-9999 -9999 -9999 -9999 -9999 -9999 -9999 -9999 -9999 -9999 -9999 -9999 -9999 -9999 -9999 -9999 0.681052146999503 0.677635730301604 0.564970834604672 0.382376302906511 0.329509867786558 0.270460484982821 0.303930630429112 0.351632541821623 0.348380519731411 0.317056574025432 0.296530051886355 0.33363980819237 0.387154802787292 0.558009156105788 0.599633869347884 0.62740084093868 0.651204366353162 0.669497506845603 0.694477164418185 0.740025933843741 0.756233127016702 0.766951824877615 0.777537939597482 0.789544487246917 0.796264589344207 0.791693703308461 0.798252634221936 0.798918228678827 0.792347236983328 0.78179291504279 0.766783969725298 0.769555464338857 0.755346905961779 0.755173782733167 0.75217645477841 0.749750828959579 0.749852024395611 0.753139239837658 0.75671284019645 0.731983682133205 0.701272791341571 0.690567774484473 0.68575622899906
-9999 -9999 -9999 -9999 -9999 -9999 -9999 -9999 -9999 -9999 -9999 -9999 -9999 -9999 -9999 -9999 -9999 0.637394118493508 0.507528594015272 0.343264413907179 0.264446903801232 0.33214288134767 0.358411706191407 0.413649381825503 0.431442389216054 0.398926874305245 0.403387364977914 0.530181192718184 0.596868862243284 0.625526059710473 0.657137171230484 0.693187859025298 0.716309362358035 0.732606742072173 0.756464113299259 0.787585266966236 0.799347828762538 0.80848545597858 0.814375240237106 0.821442226162528 0.824759770752075 0.827019795852995 0.830937860275473 0.831714913035582 0.829229628883879 0.817304946717503 0.802133953703311 0.787406301938602 0.779835631996008 0.783288061500902 0.780829912874944 0.777629629872551 0.774265630887919 0.782470407128019 0.771648707561386 0.75368519038785 0.730263894632665 0.718063520205922 0.716611370041457
-9999 -9999 -9999 -9999 -9999 -9999 -9999 -9999 -9999 -9999 -9999 -9999 -9999 -9999 -9999 0.6540497663142 0.633365451509888 0.565611000882373 0.380294371020513 0.248346605362258 0.288569453272273 0.437115376938259 0.462288662883129 0.459432123084633 0.455337176307525 0.50384188930666 0.600032338458962 0.634777248559947 0.676861474876384 0.691864632734238 0.721827715113269 0.762328889634242 0.782218615361219 0.795223738909364 0.822197007367309 0.831387230538642 0.836343705233066 0.841948953956514 0.846199196671483 0.851143153956194 0.8543712995547 0.856541539321983 0.857338195074372 0.853982279669921 0.852160452933128 0.837623701111082 0.821389854837421 0.807031894133988 0.803827842783003 0.803379773191228 0.806267118211042 0.801225950860641 0.797051328608366 0.800073938099699 0.789913075843811 0.776315094308965 0.759896518641076 0.741192597610536 0.735444668916542
-9999 -9999 -9999 -9999 -9999 -9999 -9999 -9999 -9999 -9999 -9999 -9999 -9999 -9999 0.644092740736891 0.634950211494937 0.59367963827565 0.448513434483725 0.273481252447659 0.293255654051577 0.413499212172373 0.498876017389587 0.511824567476489 0.523647263743683 0.570518931229529 0.613266001219163 0.657823256947208 0.693968322826477 0.740895284291412 0.775001063843841 0.802686137544693 0.831252786734814 0.846562156804149 0.851007373905737 0.873400223357799 0.87154939594191 0.869683626829252 0.867577177320464 0.871386612272235 0.873602545378432 0.877197676081507 0.876294858172036 0.872620101552287 0.865019155213749 0.857414481612442 0.845904160930874 0.835533480460856 0.822224012459679 0.822167637220689 0.818959825745727 0.821495441653759 0.820834136324434 0.816362499945847 0.818145572872388 0.809425151353195 0.801451199112374 0.796267027948733 0.786619728205954 0.778295270942202
-9999 -9999 -9999 -9999 -9999 -9999 -9999 -9999 -9999 -9999 -9999 -9999 -9999 0.633493169261599 0.627249046753358 0.613718540365577 0.460450277374495 0.288357152284693 0.21562555690217 0.380093899039457 0.500042184341207 0.576474710490166 0.612500090391577 0.634757787157313 0.65423127006029 0.677463627870003 0.694951579642281 0.728884565269712 0.782173887337106 0.832028124165509 0.865755741894595 0.899055794077086 0.914155870403929 0.918145143872645 0.913593945690852 0.905038045501419 0.898224162482921 0.894118742742494 0.885915669988465 0.887383582659723 0.887329022187565 0.879790509430221 0.875491071855 0.871668207091189 0.856454067297207 0.849230712520407 0.842970057663772 0.828481130562812 0.833596500278876 0.831842242901468 0.831167367724389 0.830930441626487 0.831331791565019 0.831466775438729 0.828135185316152 0.823854435076579 0.82501399983021 0.824106905955268 0.81796959478755
-9999 -9999 -9999 -9999 -9999 -9999 -9999 -9999 -9999 -9999 -9999 -9999 -9999 0.632317034874 0.631401421832795 0.615182777427817 0.411805147759784 0.236118621060262 0.183564831473989 0.354304179876025 0.534432249536111 0.634607698385846 0.658043119227144 0.678414323622009 0.697923453973944 0.715123329370127 0.74506402392556 0.778315998291591 0.801162910655234 0.848976275494174 0.893912696083024 0.931236283661064 0.945658550585823 0.948269128271651 0.937464536321637 0.924596467156059 0.914591806104159 0.908490965428187 0.905525313557987 0.897606794561547 0.892913421415753 0.8834690678043 0.873745721064207 0.86625612901921 0.852534859999824 0.850049195230106 0.844533337166358 0.83043843295598 0.835908597381438 0.83707627291443 0.835249335621575 0.836339877356981 0.84178800823616 0.842313325107014 0.845627004174314 0.843306213194241 0.845702216584906 0.843780806435365 0.843460970335799
-9999 -9999 -9999 -9999 -9999 -9999 -9999 -9999 -9999 -9999 -9999 -9999 -9999 0.620392264663412 0.634073833310806 0.59843575557512 0.322182551136281 0.22208676219706 0.261267805868527 0.466991192219584 0.583272754978738 0.654567269312856 0.682953840983349 0.709281307470048 0.730119056563543 0.750800509449961 0.773827703689238 0.804227910044486 0.839706297405233 0.868754253086345 0.903177042702116 0.935442286213084 0.959499244240446 0.955499485222862 0.947212160304505 0.933715238503272 0.922195356181324 0.920617626815694 0.912980081274062 0.903999848627607 0.894974797260917 0.889605201272148 0.877646733307578 0.861175845861082 0.852265392523731 0.839683622468668 0.82839137043928 0.823800157274813 0.818254139670882 0.825808129958114 0.823847763769947 0.838101594823181 0.847384499786974 0.853153243769442 0.855777001357687 0.85894101478404 0.861775151482577 0.863205454865523 0.855249185041121
-9999 -9999 -9999 -9999 -9999 -9999 -9999 -9999 -9999 -9999 -9999 -9999 -9999 0.617233413553225 0.619290034462461 0.603668188855418 0.289725755222514 0.233793948239559 0.368396288032798 0.577541778814271 0.623154404290529 0.671166258190689 0.701451592226835 0.730187104505343 0.750502717980016 0.774064094822766 0.800671531935203 0.823475620110161 0.853164413506697 0.882201977799876 0.907289582265324 0.927586599645687 0.949055412457429 0.947716540777057 0.943989755589702 0.934518068548036 0.926830595299548 0.919729699957668 0.910743188974773 0.902926646226424 0.897848919125546 0.894784377431221 0.873896615581453 0.863373925108062 0.838298570462487 0.818297597776969 0.80343343074669 0.800312028153362 0.797519824360967 0.793961902658847 0.805934118886149 0.830040924796723 0.847810849024414 0.860107332133596 0.863256080871984 0.872535819189348 0.877959275712446 0.877935466870363 0.861664046295711
-9999 -9999 -9999 -9999 -9999 -9999 -9999 -9999 -9999 -9999 -9999 -9999 -9999 0.60648504065511 0.635616999979071 0.636294974089801 0.298489358069924 0.281918710365468 0.385781678265543 0.580204757309915 0.644166561002718 0.683007361702113 0.706401014855984 0.730195296421599 0.758688206912416 0.789048002797454 0.812122854443851 0.837254210427687 0.861890134080725 0.883335737555119 0.899103222274551 0.912119121615786 0.933737514032205 0.936719128892186 0.933867122395216 0.926707393957667 0.921318401866559 0.913403087596882 0.903941710447534 0.892727784030632 0.885778316860118 0.87588590680453 0.848003625837122 0.829863495085987 0.804628666818463 0.792003408242266 0.782960764689762 0.781528113014332 0.777203656653624 0.779711609993841 0.793302024379047 0.811755396098324 0.834215539211697 0.854470345696091 0.865884739026784 0.886435066601614 0.896140364106281 0.88753246063801 0.881441636634432
-9999 -9999 -9999 -9999 -9999 -9999 -9999 -9999 -9999 -9999 -9999 -9999 -9999 0.582911157152197 0.634171287318409 0.668163534652636 0.508545280183406 0.342610062359137 0.408769748916721 0.610896858119657 0.669602668178178 0.69706383905844 0.712603002979468 0.734809017251543 0.757832672948039 0.775748761847711 0.797316324763881 0.824005511154712 0.863899723236252 0.882045513111467 0.893340971156075 0.906689485734682 0.918239162393609 0.92354928122361 0.919323891302269 0.917978343329551 0.910927065124949 0.901111525812431 0.893681945902184 0.882986105206696 0.871549140307974 0.841756480597179 0.817257871192684 0.796238755856014 0.781181022232733 0.772056641678514 0.769414528828001 0.760304829149549 0.760611664344491 0.764023953713463 0.772414721981714 0.788174031827739 0.811176501797714 0.841766744511188 0.875096948118714 0.900329065734069 0.908840365128587 0.898466361423985 0.888204266831644
-9999 -9999 -9999 -9999 -9999 -9999 -9999 -9999 -9999 -9999 -9999 -9999 -9999 0.623740555854048 0.636677749140104 0.647181381182192 0.48894827747902 0.351220016109272 0.451700708517622 0.656979572587068 0.6938566575551 0.710327635527509 0.72273208232832 0.742648013888807 0.757407606939158 0.773106793689316 0.789326084207801 0.807853370861161 0.829624468290046 0.852571959449771 0.866551362021624 0.882968610037005 0.894143501640573 0.897018428368805 0.900555882983781 0.901484606892201 0.89412314456663 0.886672476320023 0.89630382270601 0.859437133137474 0.838137807312264 0.813661758056969 0.789399576753262 0.779271961966113 0.770484562095454 0.763081903277503 0.757152834834115 0.74253351896686 0.739574061087166 0.746169573997758 0.751522755694072 0.762163049659626 0.785406810210704 0.827582965902016 0.875879585042662 0.91671768579978 0.928340464343505 0.910258764070244 0.893090607646563
-9999 -9999 -9999 -9999 -9999 -9999 -9999 -9999 -9999 -9999 -9999 -9999 -9999 -9999 -9999 0.553303451516646 0.325112155721786 0.395379064881414 0.549852971634495 0.652632989552983 0.697701876201121 0.716624787778187 0.728562216888138 0.745619030221474 0.758494121141196 0.769381383580855 0.784129044184018 0.801765415638735 0.817369374964982 0.83615031794841 0.846314150579993 0.861762334559508 0.871101155974925 0.873101578675631 0.876832349255476 0.871515175603447 0.87072750925333 0.872687410981954 0.833194785224832 0.828250391550523 0.818445783589283 0.803189677430613 0.780796278669612 0.761172305805278 0.7512662297273 0.742766257808148 0.729015587319967 0.718983028822392 0.727459664477076 0.72898740413893 0.740021607524948 0.751016251126597 0.768445864230771 0.817553292579568 0.879475339618384 0.928626194596742 0.940865190067449 0.920528373727023 0.90124411568026
-9999 -9999 -9999 -9999 -9999 -9999 -9999 -9999 -9999 -9999 -9999 -9999 -9999 -9999 -9999 0.55101419928428 0.401891566684059 0.393724079959064 0.560521254711062 0.647049840087979 0.696219882935654 0.719597996222838 0.733815363204321 0.74809261698893 0.75610007609895 0.763387618504471 0.7759344708386 0.791022310708218 0.803997518133841 0.817592304845443 0.826377099562026 0.839573207737238 0.846956120444259 0.84630331796991 0.847190085569697 0.840957193593371 0.840242146366395 0.829449173046221 0.812803755582726 0.805580437792799 0.792978727033769 0.779269655439182 0.755143239616172 0.733619967705037 0.728187995680409 0.720618844216648 0.706084516162278 0.696477849492131 0.711283040122152 0.719648218592972 0.733500122308751 0.750907777633534 0.774099135596937 0.816805395665546 0.872566261605336 0.917175472294391 0.926855761768676 0.913625678551358 0.895004167316576
-9999 -9999 -9999 -9999 -9999 -9999 -9999 -9999 -9999 -9999 -9999 -9999 -9999 -9999 0.643588398138669 0.586676210606157 0.442685701327524 0.452115280987382 0.581628803750197 0.656121494496014 0.677018988908056 0.70977940946818 0.719461505361733 0.728015146292185 0.735488562340925 0.743630456430064 0.762787193164767 0.775603092398049 0.788798778675414 0.797146752640729 0.799787282448367 0.810408321814718 0.816337647182751 0.806558005319389 0.813934512705515 0.80410242938161 0.790624813393796 0.783545510062227 0.76021673981073 0.757600789151997 0.757479114845389 0.751758621986838 0.738071655932958 0.71326597494024 0.700068578138272 0.688482427661258 0.676749136131612 0.678400804345258 0.698246693693463 0.70816465097574 0.727020777418583 0.75226879465667 0.776501916423432 0.809466651902913 0.85069837784365 0.884826099778867 0.899294646111 0.899483612195338 0.882565891253766
-9999 -9999 -9999 -9999 -9999 -9999 -9999 -9999 -9999 -9999 -9999 -9999 -9999 0.630586679356361 0.651847235525581 0.592279747921227 0.483930699546527 0.427724033276223 0.573048690844817 0.673515165911524 0.679629546954108 0.716650329552967 0.719674788516359 0.721225976583536 0.723115227845561 0.728987178603514 0.738975169347439 0.748271272072258 0.7675351784018 0.775624391621132 0.770003702344831 0.778080410952306 0.782111937983554 0.779593709755233 0.779873705468447 0.762687196570633 0.756221908903346 0.736072038773344 0.717597822300781 0.720481233612373 0.729222599789419 0.720129855611764 0.710230335296019 0.681781654701744 0.669181501200134 0.659610618832293 0.652442077107579 0.664942886234995 0.687264105947326 0.694277943032756 0.71494698871459 0.741940038021269 0.765982676844835 0.800208581036734 0.821968015020595 0.846861256063345 0.870988183159639 0.87859615740074 0.870809011992642
-9999 -9999 -9999 -9999 -9999 -9999 -9999 -9999 -9999 -9999 -9999 -9999 -9999 0.681764553221754 0.725973607826219 0.606597399223866 0.502817961854291 0.507894165730211 0.579654238107457 0.704644429007374 0.706878414870062 0.718948888005857 0.711042593707209 0.707658394931435 0.705209793819347 0.709884564083653 0.716183400955725 0.724837743992636 0.73697133032825 0.741363025011377 0.739345738340298 0.744963470519359 0.747429342866974 0.733185876315403 0.732842788435383 0.721875394135794 0.711795821233441 0.704964537396263 0.686395030520533 0.691643839062553 0.691731945502462 0.682487498552339 0.659778457798034 0.650506863551922 0.636601427013425 0.635846652151633 0.640974754364881 0.646497551894179 0.672217769266599 0.679040844603058 0.692689918827484 0.721950422730787 0.751295795341585 0.771053149858531 0.795410572184459 0.818052868693342 0.842533628236009 0.848886921809999 0.85101782315173
-9999 -9999 -9999 -9999 -9999 -9999 -9999 -9999 -9999 -9999 -9999 -9999 -9999 0.746884341755166 0.737872987453711 0.644634884441178 0.417223822664049 0.472402757387887 0.60545155603828 0.631993287698615 0.623796471144173 0.662571747541226 0.654693424206595 0.676462489275053 0.681268130560218 0.683196645073561 0.691625400422952 0.703568513597302 0.705717992260328 0.709769964806302 0.715134476159046 0.710617546578925 0.720433466147706 0.717426376727685 0.713961869636405 0.691828731077498 0.691516061068975 0.681182517526222 0.66464723722487 0.652691757625861 0.645603547734373 0.633473446593572 0.629969716481938 0.620067868883472 0.631295365913919 0.620139516481137 0.61282797922862 0.625191309773571 0.648472499907187 0.653963631768531 0.678371331326864 0.689800890154791 0.704589585180272 0.736835108015325 0.765121236466303 0.79263410359982 0.806733986698738 0.817898144983469 0.829772828417354
-9999 -9999 -9999 -9999 -9999 -9999 -9999 -9999 -9999 -9999 -9999 -9999 -9999 0.742117391766675 0.724498888386276 0.708981200393459 0.543619817852813 0.479938753237309 0.602148562688519 0.537088306841211 0.545281109475742 0.603083249237799 0.605069188446929 0.639048538158279 0.643974183808118 0.652383265609753 0.667726625091109 0.68300576651627 0.680252672735651 0.680940894958987 0.690911774667673 0.689706982349907 0.689134995927366 0.686595733430342 0.690684064805265 0.686085699349778 0.678570757544601 0.67397064713694 0.653858186167662 0.645310993139724 0.636779262414805 0.621004769902536 0.620628817395486 0.609787480755561 0.608084751054122 0.607487116825352 0.590140861106224 0.591790579695786 0.606312351945134 0.61782255338075 0.636470822168905 0.648456319253829 0.671866613323564 0.697617208676706 0.730713687274604 0.75290081913256 0.772027441250412 0.788487528311244 0.798101731670998
-9999 -9999 -9999 -9999 -9999 -9999 -9999 -9999 -9999 -9999 -9999 -9999 -9999 0.711591315159333 0.699647265420039 0.68843463596195 0.613288247478209 0.505208547593876 0.564647379368561 0.530994035698635 0.516004606688959 0.588157791090368 0.590442984645323 0.607200278784328 0.612517044436076 0.623178737135272 0.642409921894674 0.650952153889361 0.655335094515239 0.652014417043241 0.661737766477152 0.661335273458256 0.662819919009609 0.655707614811433 0.645185137940484 0.653485749572632 0.654718376930204 0.641483997563927 0.633985796407094 0.661259222620761 0.650924057589185 0.635549449049758 0.628090381178423 0.619401815694754 0.624656468942453 0.606841040221895 0.577633628251595 0.577900547261282 0.578343669015606 0.579442504040614 0.601941758550128 0.61275768902022 0.635782424443263 0.664541283726129 0.685252555739967 0.714114806100092 0.741990291838588 0.758220104613952 0.765788914582185
-9999 -9999 -9999 -9999 -9999 -9999 -9999 -9999 -9999 -9999 -9999 -9999 -9999 -9999 0.691758703903393 0.68375233818516 0.670963270222611 0.599818077109155 0.483872604433223 0.469900733242137 0.483023641056698 0.587139706299027 0.601638366268703 0.60447601484731 0.5878109225531 0.59087982306861 0.610637048970118 0.610503082609954 0.617278769771994 0.619346800469394 0.627270293330599 0.633216090992224 0.639074092494884 0.627935736779458 0.618475974874662 0.615027397618987 0.600920539570824 0.607804138063634 0.626662135738005 0.650611620273022 0.643418802697134 0.639894710510791 0.638655675887564 0.62913351545464 0.620981926605634 0.591765207719201 0.576412869722011 0.57581711643289 0.581899694676523 0.587633775039746 0.608416653228949 0.61654967325327 0.612591290154201 0.619814902230744 0.645500702003361 0.669673207602269 0.685926933642214 0.705377289373754 0.719460395368156
-9999 -9999 -9999 -9999 -9999 -9999 -9999 -9999 -9999 -9999 -9999 -9999 -9999 -9999 -9999 0.686305263675555 0.607764638753617 0.575606077997393 0.523184339854039 0.467974044689651 0.49945137388573 0.541587932711711 0.606407721038146 0.596927883267209 0.560924120021343 0.555315516196519 0.565364908975803 0.558133297763768 0.524868288890911 0.532715352538857 0.576613144212285 0.60663589070715 0.604401715892492 0.629186054419373 0.623305344260986 0.603144378495229 0.585141964227937 0.504175055106441 0.539997253668533 0.57969852365346 0.579733692925983 0.613325671364425 0.628435743905515 0.611634910345428 0.571037745489022 0.573663689211367 0.539533779064974 0.532324317763413 0.542296278800584 0.560774451447367 0.575182574106337 0.589490143687706 0.601687349472599 0.609962843909364 0.592724589992441 0.606715936825734 0.64045555618926 0.656358222694223 0.667507995103942
-9999 -9999 -9999 -9999 -9999 -9999 -9999 -9999 -9999 -9999 -9999 -9999 -9999 -9999 -9999 -9999 -9999 0.604124811694757 0.555727516367523 0.480114205835804 0.49316528740911 0.493215164441577 0.539499221071685 0.564485715201201 0.548559376479549 0.543164031150075 0.529064687150094 0.519268593985847 0.518224983185335 0.536687467509601 0.530999976968327 0.56247281378685 0.615338561760335 0.62529373876854 0.603301869685443 0.527031472441666 0.492921446103113 0.497201238923544 0.55207277862137 0.560231885966194 0.587907759201189 0.581841375122752 0.566476475242314 0.555170341340026 0.545424070762317 0.521597323300427 0.512883867611698 0.513080638786813 0.517814211958098 0.533125785242724 0.543466476814466 0.554784563016553 0.566925816202379 0.581843956404912 0.593635434313178 0.582389633106559 0.593958754979841 0.611621520780297 0.626164955530716
-9999 -9999 -9999 -9999 -9999 -9999 -9999 -9999 -9999 -9999 -9999 -9999 -9999 -9999 -9999 -9999 -9999 -9999 0.564579965730815 0.473169725823276 0.467731136112245 0.484322023552986 0.446990294231919 0.494920034392075 0.497731607871385 0.48758238257996 0.48861664218798 0.491845368343882 0.509020799882184 0.515357316456909 0.524615625875013 0.56635810251493 0.606173423642098 0.599062064956805 0.582260131037981 0.576711338263816 0.551374199264092 0.56535364401818 0.587757544805135 0.580177244162775 0.581715859718445 0.567366331940857 0.555657777254052 0.538768728556483 0.529354561036327 0.515278893303059 0.501443877382915 0.493120540984192 0.4836776971617 0.500663052438183 0.511215887185632 0.519099823951893 0.532471266630362 0.556220845239111 0.568992805563861 0.587463224037611 0.574551151240789 0.571380386540173 0.587355783323275
