layers/veg_krg_50/veg_6000.asc
NCOLS 128 
NROWS 165 
XLLCORNER -2985163.8955 
YLLCORNER -3022031.214 
CELLSIZE 50000 
NODATA_value -9999 
[rows 52 to 77 of 165, columns 59 to 117 of 128]
0.586048408813178 0.582801154592195 0.602859899977741 0.589685198971506 0.561735796530407 0.542263247549817 0.536549075580055 0.512051908923903 0.495747240073008 0.487837700512851 0.463164967667389 0.421959774777071 0.406002290856985 0.408734256956663 0.400345680203034 0.369615232446929 0.373831072559309 0.388459698688288 0.36298617718265 0.320257487377656 0.336050865207058 0.360051427749272 0.395867205673615 0.38701912523917 0.369225527469753 0.391673870858026 0.381327806772048 0.376755228842686 0.340760930195784 0.306978563487822 0.341953827963007 0.347337253051416 0.34939428761721 0.367368256495671 0.384707175214798 0.384773912023488 0.353556610594181 0.369932462122538 0.395371503856114 0.423255889134582 0.430670161284407 0.44238062590141 0.446985362631834 0.481905399657664 0.515906702574458 0.526975805443124 0.528470851176262 0.522371183727536 0.515762410114172 0.526844848015209 0.549074004676688 0.57740133182442 0.602732884438122 0.639218889427298 0.657927853396324 0.692217319435021 -9999 -9999 -9999
0.541667445706868 0.553309528966086 0.567964552127298 0.570423349514315 0.546418904391637 0.522319856858932 0.515140672145442 0.493561740659184 0.462956231581038 0.454916663849939 0.455560610543645 0.404800974090441 0.393736779266153 0.402591963291278 0.391090079272203 0.404035740137785 0.421722403795689 0.415012422057904 0.377092047256377 0.358907777135051 0.371524420895623 0.386149657642689 0.395013880338949 0.376044024974008 0.370495339342181 0.401368416643274 0.404674804252464 0.381797335885028 0.338846098381809 0.308140811989285 0.344023294404389 0.331832461505131 0.328486051730403 0.325883740293495 0.369036633932762 0.34858777811766 0.314310452974889 0.335198098315368 0.367623777867349 0.415451605949083 0.419864424797037 0.436317327662595 0.461376166827842 0.475512331278031 0.512388776578141 0.523832030001342 0.536223006165894 0.529295128878135 0.530122427576998 0.529621849280338 0.52551489506313 0.532992158411753 0.57457893057075 0.601906700971496 0.6536323614065 0.690957531681516 -9999 -9999 -9999
0.510273991781137 0.529944238294616 0.537548447534937 0.543532847401155 0.509607337517347 0.464974189983765 0.470490840101928 0.470338416398162 0.442684143130454 0.449487505422326 0.448852199576339 0.435390638770288 0.426216811806221 0.400286764987785 0.40000908464822 0.429534809432189 0.415154117532604 0.406882447092965 0.378828965726274 0.372898678317806 0.407117529311975 0.412831439660453 0.405901005441675 0.383705360235677 0.369125754496789 0.394270184560015 0.395822288327048 0.400825908153525 0.369495748680792 0.30408798765804 0.323400544254525 0.332393498364728 0.325521227290328 0.331169695096061 0.306634013392933 0.294448432566955 0.306830087685777 0.293574868562103 0.349900446682693 0.383947234209489 0.413912750509805 0.439940073834559 0.468919651887699 0.474637675767493 0.492361457795871 0.508547193381873 0.530904105595908 0.54049524497912 0.550498609742417 0.546598392213888 0.526288534536595 0.515614885833797 0.567227391991141 0.593104877733343 0.647734977176998 0.647267939092553 -9999 -9999 -9999
0.459989217864919 0.474433615574164 0.468669354972223 0.474009185969926 0.490780789601311 0.452856970770066 0.449325041295584 0.43757926811473 0.425595690381692 0.424254623683293 0.413225522236391 0.412567268358739 0.411033337737273 0.413092279017361 0.416776992122709 0.4268734227506 0.439196874507539 0.411970341785377 0.386794643395078 0.386938684835112 0.423382785702599 0.426446736962583 0.418754352069378 0.395684661065817 0.388332569368885 0.391369701970966 0.378750720422644 0.38267409077941 0.363785329952043 0.310289986591518 0.301869985061973 0.30279466161749 0.30090402566164 0.317966855112407 0.321598023272739 0.301930696345776 0.314424012769696 0.32075198562991 0.354475307767606 0.374774970485384 0.392381775384022 0.394056017637143 0.438109598187838 0.461121826563963 0.480608462258584 0.502866494869022 0.530036731230353 0.55020501941673 0.533797945574401 0.554777234426561 0.527888394927211 0.537493693211993 0.581006144596742 0.609619907651777 -9999 -9999 -9999 -9999 -9999
0.404649478860454 0.421049126061676 0.424763420795443 0.425999141787075 0.43533204306067 0.445639444601637 0.427802777030467 0.414506781560148 0.41125183668375 0.419920779909398 0.424109551400406 0.413714442903329 0.413567313189846 0.415753972512257 0.423402198808061 0.420930901025454 0.40713532793056 0.405368866251038 0.409610271578255 0.414441140408548 0.424723113955484 0.422378362005781 0.413235259802262 0.387182303629692 0.379589210546919 0.36300580558524 0.346545384071303 0.34208255826623 0.327735429528781 0.298619980063139 0.263619611458899 0.265750840066198 0.299754351092722 0.32202626302333 0.314309729297309 0.301757778056528 0.315492832413884 0.336041174312429 0.357620071508495 0.355654657827045 0.33092971632242 0.359392836288668 0.369435463677003 0.427656244427781 0.465195104468685 0.486140899454673 0.520330464245709 0.555651267218486 0.565465640881211 0.56820067226326 0.564363992735454 0.576579966258725 0.611139028132835 0.632180794009705 -9999 -9999 -9999 -9999 -9999
0.347782328604127 0.372018585024111 0.371236452752501 0.375580133592287 0.396097582735786 0.401586396639337 0.401828343917074 0.401925805730986 0.410440138657134 0.425083846197052 0.4087923339508 0.424044068771804 0.420708849427601 0.425290062347985 0.431030593183766 0.43073381791279 0.420465682355183 0.403625967311647 0.406110468009357 0.419141403109501 0.427298589166022 0.414942570038418 0.405010119037226 0.387878892782433 0.397735172981684 0.383895885499099 0.320099046598354 0.306775532031195 0.283490536949601 0.249157666432562 0.247766390559804 0.282618575455062 0.292739649226781 0.324479116064083 0.321170034643629 0.326058445000376 0.340324226030421 0.352288340411681 0.360635677791193 0.353585468650196 0.343760585652206 0.353334765807336 0.374396291575786 0.426831529506917 0.446337523223536 0.456418708721559 0.481783703653395 0.529340308716224 0.534844211962685 0.566802044612326 0.578862015410588 0.599470804807424 -9999 -9999 -9999 -9999 -9999 -9999 -9999
0.316355708659321 0.321071045824032 0.331330350679866 0.33792080921832 0.345394266546849 0.35699980844163 0.371342722319071 0.395628007704453 0.400822761993045 0.424423044055713 0.412623197878962 0.408648486823247 0.426215171513804 0.439256907124268 0.444215572010769 0.43643099042646 0.430005170949032 0.415515178780609 0.395953369213552 0.403415366366115 0.442448187734396 0.441406301001236 0.437407581302958 0.417491070407308 0.422681458681124 0.408095301103548 0.363647731258138 0.351170565637858 0.310917929624504 0.263720010295368 0.247708246600327 0.288003972897292 0.293590157251963 0.329595220507678 0.340068980358325 0.352782917009494 0.366074856705492 0.303988936717715 0.318848728498032 0.322665030041195 0.33311638343389 0.344621567656904 0.418024435368117 0.465378761673414 0.469506370093767 0.457448981937957 0.476597738395731 0.516011902460473 0.525933270712418 0.564502367579854 0.580217593718298 -9999 -9999 -9999 -9999 -9999 -9999 -9999 -9999
0.25986190016361 0.283963516737017 0.288491582996347 0.295071481843236 0.310337061960426 0.330462698530049 0.368588131241589 0.38887189659362 0.397762741403186 0.414352907074154 0.411783590141623 0.421427840410089 0.429618972239907 0.43866919045701 0.447108468650923 0.439773020405768 0.427878416938706 0.426575641307462 0.411052939156224 0.439734957548717 0.463952222948543 0.460202648959234 0.439166469917081 0.418586833746284 0.433089175417414 0.436071753700147 0.366882738204091 0.345087098449721 0.339847370310474 0.268980770995775 0.260039271900085 0.294832430447586 0.329495101054677 0.323397328429217 0.321638113483526 0.355757916255304 0.365654470839195 0.274863640553064 0.281564915591097 0.314129436347928 0.305273503088204 0.369388245562181 0.436489914741032 0.44991545463613 0.4811324249087 0.492747996803523 0.523538581282506 0.542000618477391 0.568192222221632 0.584926735507095 -9999 -9999 -9999 -9999 -9999 -9999 -9999 -9999 -9999
0.235128774283932 0.234567640698038 0.248366431851482 0.276262618667339 0.310261117220269 0.330794456185858 0.371990064658294 0.388579694137578 0.398851595369764 0.41758010284498 0.42374984342421 0.434012376770733 0.442178646368795 0.449274177309394 0.468643436648521 0.467614069310594 0.455706487747816 0.439280057987441 0.457488141168962 0.469695729908028 0.475318018340563 0.472668757279299 0.430163672962108 0.436982554714705 0.428247452199452 0.436376681529219 0.432674485864091 0.409177175564218 0.367843919458405 0.297343422998951 0.28768377844926 0.334184863461555 0.339183979311025 0.297250772402406 0.313438806348254 0.383008854328814 0.373907358551778 0.294185899028482 0.259923421329488 0.301494734141922 0.32124524741792 0.385310656706562 0.463632192619247 0.458334709468324 0.483142263508412 0.504228923496243 0.535783499594728 0.562196812036271 0.579625264927865 -9999 -9999 -9999 -9999 -9999 -9999 -9999 -9999 -9999 -9999
0.225094376912495 0.204197806481339 0.224980063942443 0.246712282910429 0.2743020136372 0.314225759065475 0.3450082076054 0.370181477227229 0.387927988323341 0.393542029643637 0.405613256891034 0.416371647002228 0.436559145783834 0.454035350149615 0.460815861497236 0.458786917530335 0.4615307184593 0.437306909258236 0.459399955842733 0.485574077923962 0.486580902918063 0.452533207030955 0.425466490682579 0.410491429579371 0.406677436514849 0.445800168701492 0.442965470693583 0.39911109149288 0.348467519501627 0.28415157265802 0.306863886921192 0.341800569035443 0.337050393539078 0.330303209416767 0.382550405322385 0.425025540260098 0.319714275331309 0.412917627058333 0.232023522825406 0.327987251458193 0.38650213896742 0.448133516319327 0.508158214600207 0.507903672128274 0.52531934623936 0.525693826921549 0.549364363019775 0.591979733938859 -9999 -9999 -9999 -9999 -9999 -9999 -9999 -9999 -9999 -9999 -9999
0.224691738981573 0.190283568764505 0.194916199881397 0.214837632471691 0.246580563702553 0.279004702795315 0.314284998264882 0.355682634066452 0.372954787028446 0.374458951111174 0.39196342685695 0.410993526649424 0.424967875191369 0.431110163717902 0.445034386304241 0.459272106988726 0.461232074196926 0.440401279419589 0.476969286749316 0.502246108250721 0.4978485483098 0.485956785399592 0.424506288319299 0.381964702260539 0.404344723324405 0.428389355009103 0.346341289125381 0.413628455097666 0.389702708090931 0.301488082452874 0.313777110614196 0.342597183937941 0.37157002650146 0.380198054356726 0.434339983465398 0.444950396956524 0.368246820926392 0.42022569348378 0.280711071131353 0.353068441478828 0.461491090083106 0.535549255056899 0.572381771893792 0.572221287941466 0.590768858942837 0.592659252416048 0.578723526159104 -9999 -9999 -9999 -9999 -9999 -9999 -9999 -9999 -9999 -9999 -9999 -9999
0.207329025073927 0.196444292721333 0.174749983160604 0.189145313929481 0.221458745641611 0.275565204072932 0.315068187293118 0.346856830801064 0.350306204925298 0.353702496668606 0.369844966766054 0.398180618941992 0.407116376606989 0.409887312192993 0.424637097575041 0.438450644295235 0.447380221792312 0.452808406528142 0.477370394501205 0.508127484947877 0.497282397016666 0.479832118916153 0.424852043563526 0.373764626205956 0.414312899592568 0.409328248006042 0.240938679744895 0.322881295171987 0.411601927572672 0.320618887723818 0.334778775799691 0.356367606000423 0.373913539198051 0.409470204450692 0.438664224787966 0.454641522093699 0.379878211155514 0.383412379954567 0.321763510378462 0.356733219767968 0.44175308325842 0.529178133507104 0.540017337741506 0.572889989383178 0.615159956556075 0.615934214500156 -9999 -9999 -9999 -9999 -9999 -9999 -9999 -9999 -9999 -9999 -9999 -9999 -9999
0.171057253219116 0.198077351475625 0.183148829731258 0.180451660137445 0.220884873610326 0.294899585961052 0.328815229390301 0.344420995257427 0.346627652207476 0.353077897681498 0.360545573580925 0.394268569826191 0.38041565870979 0.395480714527506 0.407302013966325 0.42454347617907 0.448246562995155 0.461838814436321 0.467725405642485 0.496011828104703 0.479653688186206 0.431399141538355 0.378999128527651 0.368021103243533 0.352611602360872 0.354271303676433 0.286204541307608 0.389422959485306 0.392863992896217 0.332622667085622 0.345745850272432 0.379258569564769 0.40222503673633 0.433036111525834 0.463319455542835 0.467707755850309 0.428974746394603 0.377966642522328 0.446664642587707 0.449861479222563 0.478529313692127 0.525707399835383 0.569213034329842 0.611398491493558 0.639600542361078 -9999 -9999 -9999 -9999 -9999 -9999 -9999 -9999 -9999 -9999 -9999 -9999 -9999 -9999
0.188980449229134 0.200698531248755 0.194993845839289 0.207682004738741 0.252819074390991 0.300038096643303 0.317684896273649 0.314172944557261 0.345267984520195 0.352145361837202 0.33695196460158 0.321170668113695 0.360464469416887 0.382009605619674 0.408222798923824 0.42513325246155 0.41935945399765 0.456327336025153 0.434413899571472 0.456080591789686 0.393022568962423 0.329822860962083 0.386337499225451 0.365191657018185 0.295572319236067 0.244822851573033 0.373140244322038 0.384573885029757 0.337856627994475 0.328050183358613 0.325610254322812 0.356725481359381 0.387091906880709 0.408308393952047 0.433262314417199 0.439469606418856 0.374803099462348 0.453718910788356 0.483234889321439 0.499002858556385 0.508372779169707 0.496826797508796 0.629404569342265 0.653691821013709 0.689515191472159 -9999 -9999 -9999 -9999 -9999 -9999 -9999 -9999 -9999 -9999 -9999 -9999 -9999 -9999
0.183755978131496 0.185053679805858 0.187263374125025 0.224477103975341 0.256798633567601 0.27602803643853 0.293626509062853 0.302253229629501 0.343345887274617 0.328083440465423 0.300192579685305 0.326141283102679 0.347156921546037 0.364907354909974 0.37800101422604 0.402917893073555 0.393765587228415 0.425676820818958 0.398371922863976 0.394718695337575 0.323045280676333 0.299198577084694 0.365729074091047 0.333125592493046 0.318429142110764 0.29159565666343 0.35079936312601 0.349393153458539 0.306677045059403 0.319435164669543 0.337112584612852 0.356430036833521 0.373210986559093 0.418874745406464 0.454347908905354 0.458364442777675 0.432006868136876 0.462134582570269 0.486639382066751 0.509142146993017 0.515032646858473 0.504475295006322 0.588767180269453 0.689816296957614 0.740552258587908 -9999 -9999 -9999 -9999 -9999 -9999 -9999 -9999 -9999 -9999 -9999 -9999 -9999 -9999
0.18375579247067 0.188394973872625 0.190933709595514 0.227867939405682 0.256739475711363 0.258625930278509 0.273230637870002 0.305785914096446 0.330781724847993 0.323712675957098 0.314477567451395 0.349183015641208 0.341156882931194 0.33736300759188 0.364531087029627 0.399987026651358 0.377630342009791 0.38982633971028 0.352178641044114 0.356647456567556 0.344180207948763 0.301055831864277 0.314551758499743 0.29952524716202 0.292161106398835 0.262483481744751 0.266258347657305 0.286312948934788 0.316701233000611 0.334937334489187 0.350112750206269 0.381436231237422 0.393975789641827 0.420869279353128 0.46012026220589 0.454034714009736 0.425955868131352 0.444093397788495 0.505800492758491 0.508563139146026 0.526413912021474 0.571423982520345 0.611431414696642 0.626291007137329 -9999 -9999 -9999 -9999 -9999 -9999 -9999 -9999 -9999 -9999 -9999 -9999 -9999 -9999 -9999
0.188071422884992 0.196223427783386 0.212111271888224 0.232551815090246 0.251256177658276 0.244086086024122 0.269042632971565 0.295875441842261 0.311713534057885 0.312097912816738 0.311193540357187 0.33899867644935 0.343680144743128 0.340875475895194 0.333646453889488 0.364285205608411 0.33108132724574 0.344860934018925 0.32529871654384 0.321321567219775 0.313110828893495 0.280524194321583 0.280192188466097 0.279745606054474 0.2813989834961 0.265298112104969 0.268873519583695 0.281259269812665 0.314554389770895 0.352252919095061 0.368449626993946 0.389513694221481 0.401234696453095 0.415021282817652 0.46505549187016 0.477094892416043 0.463074061142398 0.477551998074892 0.529405120363148 0.541760801795284 0.591676751829726 0.62603546078391 0.652003676702493 0.663802103813551 -9999 -9999 -9999 -9999 -9999 -9999 -9999 -9999 -9999 -9999 -9999 -9999 -9999 -9999 -9999
0.194725403097337 0.18737641302421 0.221513583936142 0.237837297798811 0.248269808804137 0.249827580609381 0.269645219777166 0.28819676151256 0.305866983523878 0.306963237621423 0.309503135665553 0.322281262502674 0.315140668402569 0.293313965574818 0.29972553566006 0.321290480230459 0.313551951217969 0.307364337368435 0.314404195514022 0.313489495998901 0.307043750680469 0.298050258566819 0.272498586610671 0.279155467326648 0.283322673035035 0.274070045042832 0.274911556335025 0.293748417630942 0.31027183101071 0.343728071235532 0.374397768766043 0.379592199657394 0.389811300387346 0.41577986333026 0.462711238564919 0.47237441699565 0.518478236690933 0.553982839600778 0.555429389513923 0.586040556472271 0.604518447973504 0.620636605583926 0.662691304508336 0.669683909281693 -9999 -9999 -9999 -9999 -9999 -9999 -9999 -9999 -9999 -9999 -9999 -9999 -9999 -9999 -9999
0.19699372512058 0.199614188387408 0.214597305953269 0.23388736806261 0.244701797532411 0.251557933906753 0.269277458524984 0.284134138687128 0.295576404203038 0.305986000671499 0.301472666759644 0.286660663291397 0.280448081717089 0.288864531001711 0.290297236254164 0.300739202598658 0.266977342754126 0.253772221483097 0.257471364560398 0.265245536983529 0.265859810735813 0.278477802541052 0.260744480265233 0.28510858337187 0.29206533189126 0.280382918254783 0.278642122894415 0.302208788761045 0.330434150174082 0.345787951121223 0.37457547813039 0.388734731441213 0.380463594411566 0.394298524375704 0.443255759077576 0.507991995345873 0.599429663397869 0.603071645256189 0.645609797386474 0.686801268163697 0.651196263914067 0.657273902547483 0.709810813642033 0.683764847829503 -9999 -9999 -9999 -9999 -9999 -9999 -9999 -9999 -9999 -9999 -9999 -9999 -9999 -9999 -9999
0.202739023966761 0.201510252924763 0.213068672550765 0.22491113535519 0.239091640664348 0.253549375475151 0.265771839020421 0.276526974341694 0.287972451880701 0.289308038897232 0.294072409838688 0.299139343803661 0.285831334717226 0.288331134392491 0.27488291754682 0.271708591516945 0.249273558755166 0.247003662789017 0.253697588491847 0.26565077965689 0.275378508261225 0.275545226665313 0.291135179480801 0.292720163687698 0.296336936307271 0.282081906258269 0.289223429453424 0.309420848113256 0.329114288472374 0.338259032549611 0.359052010117357 0.381635481577697 0.39480051512175 0.399053146352074 0.449221728877437 0.550656857198376 0.647017465068435 0.701910871612452 0.687449535292722 0.687057167642644 0.680923333918184 0.740041899999446 0.720004009580467 0.713120902028725 -9999 -9999 -9999 -9999 -9999 -9999 -9999 -9999 -9999 -9999 -9999 -9999 -9999 -9999 -9999
0.201415415158798 0.224973570121471 0.231356825193711 0.224370740843399 0.229564078024743 0.253644169699805 0.265972851594672 0.271905395731772 0.278431375061769 0.289137971566701 0.299176103281088 0.295100551021859 0.302682219845394 0.294664807284995 0.26080674912502 0.2631880797164 0.252812879336733 0.258801771873487 0.255796209762288 0.257149802352022 0.271540241936992 0.27126697734371 0.286808644215853 0.301880857112027 0.307133529533367 0.292010392591989 0.292012152903331 0.318641293193362 0.325183103506563 0.326571103201497 0.342809796970679 0.352649689495674 0.33424389752482 0.403942177638899 0.485394066969682 0.580556684619831 0.64933210358567 0.67060430166075 0.701870995293552 0.73623658069143 0.731099154983439 0.741682612941893 0.760401819904331 -9999 -9999 -9999 -9999 -9999 -9999 -9999 -9999 -9999 -9999 -9999 -9999 -9999 -9999 -9999 -9999
0.242885325747173 0.24368476454889 0.244970653306856 0.24081617888149 0.23769238497964 0.259240486677623 0.265448765578702 0.270927364915469 0.278454992046531 0.285153445554295 0.29116360154174 0.282294826466167 0.289679193197843 0.274371931818636 0.245916279060981 0.24190749949387 0.22800365352865 0.228198479092698 0.240533004758126 0.258117501126607 0.272384784371618 0.283817861187186 0.288508916339779 0.296037499008262 0.310010004212781 0.307333797325862 0.295232919547543 0.314755894000848 0.31386558326682 0.314035509722526 0.331450287894237 0.3353511971423 0.307934875480263 0.365771943214456 0.481074723818618 0.580231246120455 0.659843380520981 0.68108199654193 0.751561110252772 0.762462148514454 0.755133043491618 0.76216311610069 0.767926471619734 -9999 -9999 -9999 -9999 -9999 -9999 -9999 -9999 -9999 -9999 -9999 -9999 -9999 -9999 -9999 -9999
0.254850336894394 0.246141555207313 0.250141872229898 0.252543628664338 0.242747296911659 0.2587867234129 0.277172378907931 0.279208181267737 0.286252516724564 0.292185065218991 0.268684879334783 0.251007276346733 0.263341857232942 0.24228701747954 0.23374032391121 0.235740733890261 0.220523740094969 0.210328576554333 0.243547937244638 0.292416829231867 0.271171210708443 0.288920376501888 0.285632000330952 0.281264668547759 0.299854839161156 0.300407829240534 0.296301937757481 0.313576858270928 0.316463654362444 0.322431240260762 0.330168713087989 0.337935514964149 0.350228908261954 0.363025937361056 0.489178262752081 0.606094532195196 0.714495862237675 0.712381749320876 0.73698462382749 0.752160706005881 0.761727036233263 0.7704236264304 0.768530649630395 -9999 -9999 -9999 -9999 -9999 -9999 -9999 -9999 -9999 -9999 -9999 -9999 -9999 -9999 -9999 -9999
0.270237151984125 0.257342142188486 0.248338143253119 0.262082845519339 0.268926989911273 0.281571353590485 0.286864880919307 0.295194872093512 0.299573615557617 0.2999417846153 0.265888468711307 0.23922921632394 0.244383238342539 0.24426419554205 0.232835705175877 0.24307335790169 0.231361755228857 0.19644369323931 0.247394600105343 0.290428894236195 0.280176036704155 0.279185931247904 0.281433044009912 0.274191658113048 0.289924489842605 0.296984979343767 0.29080111002143 0.329192433315466 0.324642895536293 0.32963335853682 0.337051173822053 0.328875998117921 0.369034455327367 0.381186807401228 0.522821820522085 0.604534592886411 0.713150815889836 0.742412810298189 0.717355129672979 0.748376259039976 0.763397563310934 0.773404285882929 -9999 -9999 -9999 -9999 -9999 -9999 -9999 -9999 -9999 -9999 -9999 -9999 -9999 -9999 -9999 -9999 -9999
0.243463355697628 0.251477186797947 0.265444695654532 0.272876155280186 0.285515732078982 0.288857435134835 0.285607801320675 0.300102697363281 0.307160751915369 0.308627377902123 0.267928838804892 0.25659305633464 0.230072083247136 0.243151098431491 0.225763378536922 0.225336011632538 0.214852463772061 0.199097768130172 0.250589988686812 0.28283635347853 0.289278341370256 0.327903368268706 0.289749415888507 0.277976596967158 0.280033527431534 0.299309064359175 0.307207814296139 0.324221063845722 0.321800940214081 0.328274135482952 0.331110169730895 0.318573380601882 0.34898959041378 0.409348987944454 0.535951044382168 0.639686085070312 0.721757017572755 0.737817547025893 0.707280492259674 0.724546434924261 0.749602026888565 0.75203944186787 -9999 -9999 -9999 -9999 -9999 -9999 -9999 -9999 -9999 -9999 -9999 -9999 -9999 -9999 -9999 -9999 -9999
0.260293229806039 0.272537494143806 0.28425380101412 0.294174972111116 0.304118598268472 0.311569947523803 0.294194465780375 0.296181251625473 0.308251795038912 0.293547320810912 0.280203245324871 0.233817901328537 0.238930707333663 0.254963622259829 0.239149240474989 0.227753903266886 0.223802458242182 0.218844944078349 0.261795162963852 0.288645824653282 0.299824511680745 0.328171693935352 0.325284413385111 0.297200815032759 0.298664887999647 0.30915044075666 0.307570720987907 0.318978761622794 0.320322933491638 0.317993319385676 0.322460172145995 0.322069515549689 0.316095286696764 0.395748214273924 0.503765844991663 0.642425378866985 0.668793220238585 0.657049337765981 0.696773812271754 0.693885756445371 0.719263203456918 0.736303177680424 -9999 -9999 -9999 -9999 -9999 -9999 -9999 -9999 -9999 -9999 -9999 -9999 -9999 -9999 -9999 -9999 -9999
