layers/veg_krg_50/veg_1700.asc
NCOLS 128 
NROWS 165 
XLLCORNER -2985163.8955 
YLLCORNER -3022031.214 
CELLSIZE 50000 
NODATA_value -9999 
[rows 52 to 77 of 165, columns 0 to 58 of 128]
-9999 -9999 -9999 -9999 -9999 -9999 -9999 -9999 -9999 -9999 -9999 -9999 -9999 -9999 -9999 -9999 -9999 -9999 -9999 0.497084222611192 0.442484468447568 0.426959036849907 0.445658465350325 0.427891025051476 0.487613052042011 0.495825694893304 0.502341784866803 0.508085620600647 0.509650265637467 0.508762110680331 0.502986765795693 0.513820772915194 0.639920566195714 0.669601757932404 0.694792849105687 0.691593720355296 0.706001302657903 0.730737474083519 0.726522506874191 0.699768539902681 0.698005876456875 0.700607110148896 0.698937122074898 0.685916586093827 0.67902021711899 0.669528865665484 0.649325231351756 0.643820025452417 0.638364788185988 0.655149031311888 0.656406795038507 0.65512231986308 0.685786431772917 0.636264239046222 0.577153927059423 0.522118617791761 0.514969162276724 0.520785140512406 0.582913967945543
-9999 -9999 -9999 -9999 -9999 -9999 -9999 -9999 -9999 -9999 -9999 -9999 -9999 -9999 -9999 -9999 -9999 -9999 -9999 0.482979519528797 0.417956683163878 0.327216441497616 0.34721651264663 0.348540007955654 0.371552732304318 0.426178693029432 0.461572243331621 0.471637964600735 0.467843878061412 0.486274936580662 0.493655526485249 0.555749190803591 0.664171083683368 0.67921360114937 0.682988879048199 0.711251918035371 0.734819319020741 0.735521081667108 0.73465272209545 0.716374382761762 0.711145302129752 0.707886469932966 0.69021769634685 0.664775408178983 0.656035041032308 0.648980309338684 0.623197510352752 0.602302284317333 0.579124886380586 0.579747171083608 0.580079627271728 0.604045615708082 0.622110493843744 0.625044270684975 0.609499040942013 0.549505816886281 0.386497695366114 0.460529229163002 0.568046451869162
-9999 -9999 -9999 -9999 -9999 -9999 -9999 -9999 -9999 -9999 -9999 -9999 -9999 -9999 -9999 -9999 -9999 -9999 -9999 -9999 0.437727564327017 0.299950699598447 0.253832152563385 0.262614264238082 0.282652901927766 0.329741239510255 0.419054321686541 0.447339560014766 0.441717133900333 0.482494451321748 0.518051189008805 0.599925162375151 0.647202741615564 0.657436957820943 0.688262067983354 0.744468797471561 0.734801916842452 0.747305028898755 0.744445482357189 0.73648947072177 0.730186140497687 0.725823876964676 0.696221815520994 0.669712653712459 0.653495582908439 0.634718444766493 0.600601527919525 0.587432448456796 0.559332528639924 0.548620310439539 0.538377293923598 0.539135289922453 0.527538202085622 0.591513449046975 0.608141294415016 0.608237374948337 0.589924856573207 0.490052833698721 0.520371380871975
-9999 -9999 -9999 -9999 -9999 -9999 -9999 -9999 -9999 -9999 -9999 -9999 -9999 -9999 -9999 -9999 -9999 -9999 -9999 -9999 0.375028560160042 0.246421926275071 0.198637024756587 0.196546040850549 0.235813688016429 0.270201631993274 0.370036281510525 0.425699783898551 0.445707402374471 0.463114076612108 0.49537696667489 0.594313404696691 0.6359579769705 0.63407459384114 0.720001541392905 0.741104974364112 0.746671128513411 0.758827523511612 0.764634535326487 0.745566048107731 0.748266081286012 0.731221963343548 0.703145117537565 0.682637725289929 0.658646062329538 0.630377268503548 0.602000640559269 0.586571102110806 0.551769074765766 0.536240294397745 0.525254465982968 0.527033925773227 0.518893757723981 0.515555306097934 0.526430605253136 0.58420776842268 0.594793367457034 0.608358272010717 0.591554984113613
-9999 -9999 -9999 -9999 -9999 -9999 -9999 -9999 -9999 -9999 -9999 -9999 -9999 -9999 -9999 -9999 -9999 -9999 -9999 -9999 -9999 0.267392128013318 0.200959683445641 0.138668798311385 0.169619070341078 0.219069126975365 0.289384967684896 0.406034332465504 0.410416301393885 0.43237496012729 0.522984486933013 0.592897604526581 0.617997152921633 0.685320253323537 0.718908297085446 0.734689840608082 0.752459210497535 0.765904497475028 0.767714587666135 0.760879845699165 0.751969426613662 0.73156294477908 0.714387819955411 0.694472650864801 0.664721049213267 0.635819246281865 0.61092039359096 0.575554764476263 0.542194138508644 0.522758977103972 0.50950766495099 0.511620984005347 0.517032786467181 0.511364960699805 0.503160543141918 0.498461978921885 0.523027465273828 0.538131183784177 0.561174316740795
-9999 -9999 -9999 -9999 -9999 -9999 -9999 -9999 -9999 -9999 -9999 -9999 -9999 -9999 -9999 -9999 -9999 -9999 -9999 -9999 -9999 0.282362901828824 0.237709060787159 0.123189579325658 0.136547778879273 0.199199077291837 0.296356992813605 0.330686210428908 0.377119525548663 0.433968281164666 0.508737644945335 0.574613244900073 0.670261310033457 0.696613486011023 0.707192046955944 0.732992789102902 0.756283557876225 0.769411744083139 0.772576834678228 0.777253271239641 0.780578302274116 0.755634030888932 0.739020696630227 0.709077830286484 0.673005676646443 0.641723290929265 0.608979786604575 0.565463178975724 0.533225312098163 0.507486262990997 0.488410848562131 0.485938778084858 0.486177932895612 0.48098672639263 0.500543795747208 0.506998465453651 0.492589795473487 0.478350824790774 0.516749861521847
-9999 -9999 -9999 -9999 -9999 -9999 -9999 -9999 -9999 -9999 -9999 -9999 -9999 -9999 -9999 -9999 -9999 -9999 -9999 -9999 -9999 -9999 0.250030996911295 0.172088293411997 0.121101307497156 0.154257883444992 0.186346552293956 0.22461092613552 0.289565423440422 0.392409452940273 0.520915201477578 0.611716447458704 0.658219771489785 0.683689180896933 0.70576198306424 0.734310417731474 0.758228008818823 0.770641233854235 0.781756654965428 0.790342535102932 0.798607768564268 0.783188518082031 0.760237939477931 0.724097806737302 0.683109460032918 0.647822942273324 0.606123251876975 0.55625125493343 0.51861041351162 0.487355083639208 0.463815205466828 0.452520837381922 0.460901034625487 0.470794801829287 0.492507649630399 0.526322826737427 0.52177779667711 0.493834165070756 0.490347132381641
-9999 -9999 -9999 -9999 -9999 -9999 -9999 -9999 -9999 -9999 -9999 -9999 -9999 -9999 -9999 -9999 -9999 -9999 -9999 -9999 -9999 -9999 0.256342794267427 0.198359181657669 0.128007373934064 0.103824278202404 0.10077192115605 0.145173754056428 0.223442967812017 0.431538313623136 0.512805388040442 0.50939510619667 0.602968469120089 0.528223586866662 0.449411403712396 0.652226642944071 0.733390435820238 0.769430715868175 0.786341021136467 0.798993722405731 0.813469130169181 0.805436693082688 0.783018274504039 0.745743625740093 0.698402857390222 0.65160441909204 0.601422290241106 0.549751433070287 0.505043479659484 0.465122497198791 0.435977454464476 0.429242195919672 0.453433080482262 0.473074245634068 0.489986100388541 0.499390779472032 0.501580914478189 0.492139739233326 0.514712312262246
-9999 -9999 -9999 -9999 -9999 -9999 -9999 -9999 -9999 -9999 -9999 -9999 -9999 -9999 -9999 -9999 -9999 -9999 -9999 -9999 -9999 -9999 -9999 -9999 0.172627698635413 0.108838787717853 0.0871519750302205 0.127301372185433 0.254241490498584 0.426740640053281 0.533571118589024 0.463109947695922 0.563778361655996 0.458429575019136 0.406101236551931 0.595644812738249 0.699402121510176 0.759495959462524 0.777784911007852 0.802216344212152 0.824903748188541 0.826298120379489 0.807870049461131 0.772530708463759 0.72382841968812 0.664131707423486 0.601491824622243 0.544199228630263 0.49375359102025 0.447147042473434 0.4044978818276 0.392005626209708 0.461195179777192 0.497942544651826 0.50906446668918 0.488281195651872 0.476625068395125 0.474988104658516 0.495087536781466
-9999 -9999 -9999 -9999 -9999 -9999 -9999 -9999 -9999 -9999 -9999 -9999 -9999 -9999 -9999 -9999 -9999 -9999 -9999 -9999 -9999 -9999 -9999 -9999 -9999 0.154993479458969 0.0846881326549217 0.0911669344433978 0.156440009503056 0.274694871424871 0.386401576988629 0.412451035911558 0.401880522330702 0.366629376016228 0.345171819215618 0.4958673759624 0.551731231403897 0.651861985491925 0.718555085924921 0.767683556863906 0.814772764892337 0.827549303866041 0.829610511698819 0.802548029849938 0.755856257334094 0.688993015062313 0.618662988869411 0.551133178683083 0.49576172833018 0.442768980121601 0.404001680153189 0.404545212202159 0.502421199335641 0.522226595704323 0.50982263418258 0.494041478890338 0.469925781780926 0.449479644984382 0.439740115528237
-9999 -9999 -9999 -9999 -9999 -9999 -9999 -9999 -9999 -9999 -9999 -9999 -9999 -9999 -9999 -9999 -9999 -9999 -9999 -9999 -9999 -9999 -9999 -9999 -9999 0.216574501050113 0.169341894317434 0.0752855622780493 0.09502107578874 0.179008853340807 0.223636578427853 0.284630383575776 0.303645691008768 0.257505231907213 0.243729327328276 0.242016534441625 0.273491355574569 0.400421869392584 0.528071220874087 0.68916150804794 0.765430191180217 0.808843753541981 0.835425044491032 0.827032296382598 0.783565751199878 0.716969866874879 0.638917783385178 0.562927411105005 0.506195288189987 0.456701723697101 0.426163853952889 0.431209323192957 0.469827046165217 0.483238160009233 0.489610103025676 0.48906580701607 0.442124881838936 0.424247637454972 0.405658302894607
-9999 -9999 -9999 -9999 -9999 -9999 -9999 -9999 -9999 -9999 -9999 -9999 -9999 -9999 -9999 -9999 -9999 -9999 -9999 -9999 -9999 -9999 -9999 -9999 -9999 -9999 0.308208613469274 0.144355492386782 0.107351376948008 0.129695061119261 0.193012339959372 0.213801230233606 0.287487229366448 0.190533922326687 0.201837340630004 0.19929822615676 0.161452825417825 0.223210516600824 0.234851852588912 0.435143394523386 0.584932940287564 0.695694124626201 0.785243717092733 0.810473034877023 0.797672691044596 0.737197666924161 0.667460673160929 0.579430426493471 0.514717881979754 0.471899575617868 0.43399592231368 0.418768498738448 0.421252137559387 0.426293508714555 0.422551799234752 0.419542945920335 0.390537793114849 0.377796974960519 0.356648870983548
-9999 -9999 -9999 -9999 -9999 -9999 -9999 -9999 -9999 -9999 -9999 -9999 -9999 -9999 -9999 -9999 -9999 -9999 -9999 -9999 -9999 -9999 -9999 -9999 -9999 -9999 0.409737349479822 0.270825541568261 0.236912450033002 0.131175676748191 0.148959507163751 0.134185964349038 0.148830096681724 0.120868854692882 0.146427736512567 0.121580740039859 0.129980832851681 0.164238654678998 0.146998418756253 0.148702609100265 0.191770595316887 0.444325188231005 0.649361570789288 0.747434465826601 0.766228311034358 0.730250329760289 0.652764371563341 0.582360205242177 0.523714002541544 0.472814455948885 0.429241316940186 0.395642795163765 0.375531818412525 0.364262323091303 0.360636285633945 0.357189087934466 0.3496595623538 0.348598938731796 0.328094125004344
-9999 -9999 -9999 -9999 -9999 -9999 -9999 -9999 -9999 -9999 -9999 -9999 -9999 -9999 -9999 -9999 -9999 -9999 -9999 -9999 -9999 -9999 -9999 -9999 -9999 -9999 0.398135532571657 0.401621106793146 0.38114819888735 0.184736930542048 0.129196997734303 0.107272202567162 0.0450046544858223 0.0339416947858256 0.056260573675457 0.11341809733439 0.129602842661117 0.137139980863624 0.146699728995584 0.120819590453091 0.0470192396655033 0.277693870691028 0.614127291251061 0.679379185677736 0.647479446405554 0.62863466722209 0.57491536026989 0.559012349555754 0.515326119385805 0.470025839623727 0.420819056734409 0.36981634697166 0.333644098251681 0.311601474607037 0.313414139233708 0.313151318122126 0.316004435917139 0.314126802145399 0.309655261702639
-9999 -9999 -9999 -9999 -9999 -9999 -9999 -9999 -9999 -9999 -9999 -9999 -9999 -9999 -9999 -9999 -9999 -9999 -9999 -9999 -9999 -9999 -9999 -9999 -9999 -9999 -9999 0.357316701545176 0.422247925853633 0.315798797704147 0.201377782339589 0.12483472641816 0.0784404060126592 0.116359551717891 0.0436883113979197 0.0591945894720852 0.0685387940631284 0.0832641347092262 0.117082690998407 0.125311897876504 0.0835111107149152 0.25048579608152 0.485902227587105 0.561224516035176 0.565254428790441 0.475932112610454 0.495778015374438 0.533418759076691 0.516100086020031 0.467876346352289 0.416167716789499 0.357224875685991 0.30781554981723 0.276863099992719 0.273672905094525 0.284827573019887 0.28276691432483 0.279369237329908 0.279501192272061
-9999 -9999 -9999 -9999 -9999 -9999 -9999 -9999 -9999 -9999 -9999 -9999 -9999 -9999 -9999 -9999 -9999 -9999 -9999 -9999 -9999 -9999 -9999 -9999 -9999 -9999 -9999 -9999 0.397343524755696 0.376158245190524 0.322404874257639 0.247161341892362 0.336641758030297 0.130109988704093 0.112687747166115 0.107792347087896 0.0507661629552206 0.0359881690124139 0.0540475995161068 0.113869441187849 0.116873224299497 0.139840404094295 0.1800802709368 0.263609830735205 0.480929824472573 0.470783416345715 0.488991157453034 0.517566756461066 0.516297285001329 0.46605077701163 0.408575237923813 0.344510350728946 0.301339805702062 0.273039695563152 0.24886203326352 0.254252503017893 0.253133194316826 0.249391507281653 0.254830605887701
-9999 -9999 -9999 -9999 -9999 -9999 -9999 -9999 -9999 -9999 -9999 -9999 -9999 -9999 -9999 -9999 -9999 -9999 -9999 -9999 -9999 -9999 -9999 -9999 -9999 -9999 -9999 -9999 -9999 -9999 0.38887990487609 0.384357036814171 0.409654277232206 0.349813064933937 0.302923598203484 0.169306194125281 0.0541763311545088 0.0823580049254258 0.0201703442465272 0.0586952984673142 0.0742459105101239 0.0852537772103592 0.0394603723770278 0.0244093373860652 0.329630619813036 0.348467844479215 0.366925059398251 0.47472345460822 0.505322060405704 0.466830419970699 0.407142130917454 0.319929298415469 0.28375665856578 0.276515484595895 0.242565654696349 0.23431759093668 0.23327505289301 0.22403234808269 0.234972905305586
-9999 -9999 -9999 -9999 -9999 -9999 -9999 -9999 -9999 -9999 -9999 -9999 -9999 -9999 -9999 -9999 -9999 -9999 -9999 -9999 -9999 -9999 -9999 -9999 -9999 -9999 -9999 -9999 -9999 -9999 -9999 -9999 0.383840253451527 0.540037133839766 0.448164169793114 0.350718282663684 0.183025451998323 0.196418188152653 0.000567042546876114 0.00926354871979773 0.0343996472404733 0.0616413506805844 0.0466054755422559 0.0268487709775999 0.204427003685868 0.21601504365789 0.107144794785381 0.266159400541669 0.442020345955946 0.459909890812412 0.420298730243947 0.320181922865359 0.264722337940609 0.260332084427487 0.245335607269489 0.236426217510119 0.22999825363361 0.225233292525191 0.224808519029048
-9999 -9999 -9999 -9999 -9999 -9999 -9999 -9999 -9999 -9999 -9999 -9999 -9999 -9999 -9999 -9999 -9999 -9999 -9999 -9999 -9999 -9999 -9999 -9999 -9999 -9999 -9999 -9999 -9999 -9999 -9999 -9999 -9999 0.592747701324354 0.483300816864126 0.538830250315201 0.45551016207286 0.201682260864513 0.0365115016815353 0.00138528841192152 0.00171631271999045 0.0486158487582668 0.0172566004163297 0.0407594066374059 0.0367461851736536 0.0580712649447322 0.132258754231305 0.116425405565659 0.0674162180873554 0.25929903116151 0.358510652839812 0.305212783393447 0.252268341912414 0.234452292646989 0.235612640444889 0.234935560142371 0.231082966928145 0.225573599405314 0.218271030832131
-9999 -9999 -9999 -9999 -9999 -9999 -9999 -9999 -9999 -9999 -9999 -9999 -9999 -9999 -9999 -9999 -9999 -9999 -9999 -9999 -9999 -9999 -9999 -9999 -9999 -9999 -9999 -9999 -9999 -9999 -9999 -9999 -9999 -9999 -9999 -9999 0.47268689531495 0.422001813797592 0.296440230092143 0.0702583331569541 0.0269418037537972 0.0379793045285758 0.0487352099365983 0.0574805288896166 0.0650759631484358 0.0320373653522635 0.0895642420499198 0.12507957120619 0.0795818413261026 0.0819270974130575 0.204491153348336 0.233122472685879 0.233621510245056 0.225559488919175 0.227123466967441 0.227289136603372 0.225235081471912 0.221071147453056 0.21319732136031
-9999 -9999 -9999 -9999 -9999 -9999 -9999 -9999 -9999 -9999 -9999 -9999 -9999 -9999 -9999 -9999 -9999 -9999 -9999 -9999 -9999 -9999 -9999 -9999 -9999 -9999 -9999 -9999 -9999 -9999 -9999 -9999 -9999 -9999 -9999 -9999 -9999 0.612946318914875 0.575018156042482 0.363712779579154 0.0370127606957187 0.0081091556056165 0.0347520756203882 0.0452291518279893 0.0642365601176479 0.0290336308164422 0.00386273452139234 0.0653611538656388 0.169370745746097 0.190236428860855 0.210415893348442 0.181906421654811 0.199364271855702 0.217942124854802 0.219710260922042 0.219099198172295 0.217749707305529 0.214332966871935 0.205973450107504
-9999 -9999 -9999 -9999 -9999 -9999 -9999 -9999 -9999 -9999 -9999 -9999 -9999 -9999 -9999 -9999 -9999 -9999 -9999 -9999 -9999 -9999 -9999 -9999 -9999 -9999 -9999 -9999 -9999 -9999 -9999 -9999 -9999 -9999 -9999 -9999 -9999 -9999 0.6240243329148 0.448544277829739 0.100092444588353 0.0194860023346398 0.0573671221021127 0.0682267765265299 0.0620676255964718 0.0374202653259855 0.00720724374505249 0.0425802503447711 0.151678918748575 0.182672044447905 0.181212524808092 0.155023344705572 0.177035176103419 0.211947055455116 0.21161024222457 0.210819950511057 0.210630448756521 0.208154155013634 0.213111387092494
-9999 -9999 -9999 -9999 -9999 -9999 -9999 -9999 -9999 -9999 -9999 -9999 -9999 -9999 -9999 -9999 -9999 -9999 -9999 -9999 -9999 -9999 -9999 -9999 -9999 -9999 -9999 -9999 -9999 -9999 -9999 -9999 -9999 -9999 -9999 -9999 -9999 -9999 0.495541721143858 0.421857698848204 0.167624423983173 0.0300551447521307 0.0467486214751123 0.075741752769502 0.0618190639641901 0.0333627541673137 0.00104366804743773 0.00604553050112472 0.104101217188908 0.12316135377712 0.130758169615103 0.196419796065237 0.211755626366315 0.207535973801135 0.206786676934177 0.20562073540454 0.206948856632127 0.205588819906576 0.225464686073491
-9999 -9999 -9999 -9999 -9999 -9999 -9999 -9999 -9999 -9999 -9999 -9999 -9999 -9999 -9999 -9999 -9999 -9999 -9999 -9999 -9999 -9999 -9999 -9999 -9999 -9999 -9999 -9999 -9999 -9999 -9999 -9999 -9999 -9999 -9999 -9999 -9999 -9999 0.465735102868819 0.438348651535725 0.287592673649688 0.0807621386999439 0.0516756701407193 0.0747443319801212 0.0499661312406793 0.0258166813712935 4.9298705307307e-05 0.00115748554392168 0.0387309846498556 0.0725179373239905 0.107489175326045 0.177618219391783 0.211444092069106 0.202287359294359 0.202763612321406 0.204584073542255 0.206595490018976 0.2252125074746 0.24407941699845
-9999 -9999 -9999 -9999 -9999 -9999 -9999 -9999 -9999 -9999 -9999 -9999 -9999 -9999 -9999 -9999 -9999 -9999 -9999 -9999 -9999 -9999 -9999 -9999 -9999 -9999 -9999 -9999 -9999 -9999 -9999 -9999 -9999 -9999 -9999 -9999 -9999 -9999 -9999 0.390352735100473 0.351332555548322 0.116102688452543 0.0377609944870891 0.0670181872692571 0.024846468804358 0.0362503608136095 0.00280716503698775 4.73581123435736e-05 0.0620119899266722 0.072084759669631 0.138343293484893 0.187864276610124 0.211739450382711 0.254499371449086 0.204106354626518 0.208114060595475 0.208741699758009 0.239353889747453 0.258937960110085
-9999 -9999 -9999 -9999 -9999 -9999 -9999 -9999 -9999 -9999 -9999 -9999 -9999 -9999 -9999 -9999 -9999 -9999 -9999 -9999 -9999 -9999 -9999 -9999 -9999 -9999 -9999 -9999 -9999 -9999 -9999 -9999 -9999 -9999 -9999 -9999 -9999 -9999 -9999 0.432638079790549 0.411299171146175 0.168097939327664 0.0297132500537159 0.0659168089387111 0.062254535274948 0.0400655220073789 0.00878313052673478 0.00214817479051289 0.081928710361588 0.0205404675387996 0.109327733058329 0.221125448064661 0.227180673274527 0.283047282692423 0.232596449302185 0.231769559227329 0.241458163328033 0.271348672073017 0.310690847906077
