layers/veg_krg_50/veg_1500.asc
NCOLS 128 
NROWS 165 
XLLCORNER -2985163.8955 
YLLCORNER -3022031.214 
CELLSIZE 50000 
NODATA_value -9999 
[rows 26 to 51 of 165, columns 0 to 58 of 128]
-9999 -9999 -9999 -9999 -9999 -9999 -9999 -9999 -9999 -9999 -9999 -9999 -9999 -9999 -9999 -9999 -9999 -9999 -9999 0.438141685793188 0.232121969756981 0.110731494765398 0.0194551683113651 0.142012301625078 0.255575503904796 0.276064332914885 0.315134000241437 0.463216195887747 0.495119043313032 0.481866355144962 0.471893454185118 0.475361079202121 0.518946306271043 0.554395966706951 0.61844001514052 0.683313348246737 0.732598864708195 0.763322422571383 0.792199132624924 0.798594363401054 0.78288524316399 0.785997491086663 0.787218458158669 0.79541384572371 0.779047521500044 0.768824071187462 0.760699705988973 0.750099109999518 0.702985724999678 0.666194586573999 0.630734129299331 0.615990151426699 0.602995141215872 0.589520077095844 0.581641069724264 0.560299588207029 0.527498280972439 0.52990399333883 0.530891647508787
-9999 -9999 -9999 -9999 -9999 -9999 -9999 -9999 -9999 -9999 -9999 -9999 -9999 -9999 -9999 -9999 -9999 0.708980774053279 0.538475791863995 0.456530192084213 0.209311055831678 0.0529699812246323 0.0165422411555979 0.115560425355377 0.171336699541992 0.285799913022686 0.410397490198427 0.463018126074125 0.473260205461393 0.55947729206044 0.56861946039581 0.583524025391325 0.612767367254995 0.637573493319226 0.675048210544308 0.722533101493123 0.765729003764953 0.790997322969467 0.813511628658842 0.82246875734668 0.811653133217654 0.81412709769741 0.816967949646258 0.829432823299281 0.821113437498969 0.813113612981551 0.799804759377202 0.775147298662888 0.726481025601723 0.705096694060142 0.683934068833503 0.66796966721692 0.652194102634845 0.636183977967434 0.624073273851009 0.56769280111028 0.565734501152934 0.569860855974443 0.57299361373241
-9999 -9999 -9999 -9999 -9999 -9999 -9999 -9999 -9999 -9999 -9999 -9999 -9999 -9999 -9999 -9999 -9999 0.707260967183988 0.655500732562007 0.418085770668408 0.17837559104208 0.0424936784041674 0.0602126273565426 0.128794178628436 0.204049262868267 0.367455972111227 0.42179220474995 0.467531620827352 0.573499275486078 0.596770634355307 0.638682247716033 0.653448996695114 0.669211443178898 0.695041304197469 0.729658706210603 0.770233783003826 0.79244904586073 0.816525944398189 0.841745951708391 0.864226245332173 0.863648464198097 0.849313055925894 0.848283127431827 0.870074618314079 0.861820042597128 0.837386858337136 0.818490717291648 0.78969497401072 0.754397097428613 0.736509694543049 0.729319565701055 0.714159504008681 0.700814167784511 0.682015173835589 0.665285331033219 0.598466636438452 0.605780848378134 0.608941901026514 0.610567229875792
-9999 -9999 -9999 -9999 -9999 -9999 -9999 -9999 -9999 -9999 -9999 -9999 -9999 -9999 -9999 -9999 0.725054576096253 0.704938692093503 0.584780200470352 0.322117204422176 0.183246357860898 0.125374967159901 0.130068251678469 0.129765775711062 0.219192411176296 0.37466616115157 0.429459159480869 0.569262437015625 0.613821491136411 0.627503385305658 0.680578909415407 0.706185462760925 0.72277735035253 0.739580469856731 0.771298240169783 0.811445915589569 0.830586914650092 0.851295375862887 0.871135650646493 0.885758006469325 0.890813393049046 0.885241384015516 0.88883590280805 0.898340036299687 0.892377825216619 0.866985145210878 0.833024607469049 0.818261192462306 0.79371489693601 0.783567773523911 0.757165207775552 0.74182814495901 0.733070468980854 0.720507945433041 0.700480430730875 0.632572417880395 0.634821978550136 0.640059729794259 0.643491658008696
-9999 -9999 -9999 -9999 -9999 -9999 -9999 -9999 -9999 -9999 -9999 -9999 -9999 -9999 -9999 -9999 -9999 0.65700793581612 0.513884392701996 0.311166204213188 0.183346117682382 0.189628108450066 0.180849796503604 0.159808547406142 0.236518531313599 0.376316434297533 0.497490262390261 0.617271271291562 0.650668341031841 0.66614341781342 0.698022962231145 0.750242333844512 0.772702425668752 0.790775439440154 0.821459854591617 0.842716859283648 0.861065133411888 0.881886285471206 0.894138248168931 0.903316470031271 0.909874459898742 0.916598839712976 0.919557278386081 0.923700473012861 0.921199401797323 0.896181915423319 0.864366200701558 0.851635231532423 0.831050426687154 0.801924436676795 0.778328288393203 0.753468003774678 0.734689354287545 0.729479760759418 0.722029936191748 0.676580998160488 0.665942341867794 0.673915698040792 0.67714215374603
-9999 -9999 -9999 -9999 -9999 -9999 -9999 -9999 -9999 -9999 -9999 -9999 -9999 -9999 -9999 0.616476261226052 0.61265923375554 0.55799438685762 0.387580518713994 0.247442539553754 0.235752595927517 0.290911744030607 0.272910543752042 0.198832371777452 0.227960330872703 0.400001946055734 0.59166748449015 0.669885750602966 0.701805785076294 0.707293519020866 0.741495294887749 0.792528293705025 0.821448088258805 0.84067726730984 0.855312504898915 0.872189635500426 0.888498678968444 0.903659647013128 0.917405954100188 0.922111942091347 0.928809612508289 0.935698281897553 0.93947227942798 0.939841883601191 0.935367744012798 0.918598411053286 0.895452684461938 0.870792599697434 0.843614552297867 0.819640803108602 0.791439634452637 0.768927115291111 0.75581325109957 0.746527753946552 0.74069330811224 0.731205609826958 0.70026801026777 0.696014680797692 0.704847981769717
-9999 -9999 -9999 -9999 -9999 -9999 -9999 -9999 -9999 -9999 -9999 -9999 -9999 -9999 0.610730665815807 0.585847376626009 0.549454242814044 0.427139587959789 0.270347336160732 0.2579875988601 0.312297432818109 0.33133045126928 0.3143420321695 0.273325727987072 0.300877617174986 0.479877836349017 0.58998774581784 0.692182603720138 0.737709229176828 0.771253007377395 0.805096775631785 0.839247226207561 0.865358835040741 0.88094170772256 0.896379818967606 0.911319625920326 0.914872383620462 0.915253936753491 0.930344810080734 0.933244040040671 0.94146954658869 0.946592821977555 0.948246568529161 0.945249540356644 0.938313983649765 0.925126746059187 0.89428182433543 0.867759836116065 0.85415138013947 0.831977468298087 0.810902705548118 0.791215525191245 0.781615688850039 0.772336031692528 0.768988161494532 0.768668120174978 0.765092335078855 0.75841951709246 0.754185543346239
-9999 -9999 -9999 -9999 -9999 -9999 -9999 -9999 -9999 -9999 -9999 -9999 -9999 0.629442814132031 0.617413272284201 0.585654784756565 0.451640244590158 0.265479563732924 0.184828063587267 0.297487606132313 0.346196467743729 0.335904874351681 0.323718083720552 0.317785925678063 0.387153075349719 0.550566892127048 0.596193826376566 0.712750708824709 0.763116032898978 0.806448516839787 0.851838923275117 0.889359521561951 0.913529796062162 0.917192097320243 0.926315291951171 0.93463853451189 0.938480152434385 0.93865902093602 0.930902568742451 0.935597009610111 0.945178026849718 0.943375849006459 0.937233310066039 0.938391030891352 0.932535447497394 0.911766655763924 0.879747076615184 0.865417504415764 0.852439503015629 0.835981527121373 0.821964045726479 0.805914696456308 0.80028878929882 0.796733853347254 0.793870175410293 0.797099689786991 0.801701313900849 0.804819651463794 0.791074742988518
-9999 -9999 -9999 -9999 -9999 -9999 -9999 -9999 -9999 -9999 -9999 -9999 -9999 0.660103639134504 0.653851398944843 0.628113126624981 0.44649162535597 0.258066978277659 0.185446980128418 0.344091024121282 0.46993975598345 0.496900478746128 0.481905057000234 0.480560586602446 0.557900879373603 0.648215905961655 0.673909614562569 0.695376959518303 0.779457244576355 0.817298309796496 0.859566129674805 0.904384155069182 0.933276193904998 0.93951472602219 0.951228521359916 0.95144487633088 0.949861193476341 0.94568374462112 0.944095335396616 0.940744507689071 0.946393973825557 0.940107190554267 0.937498684301822 0.939227594624638 0.914426650630272 0.881522414115983 0.869639037147014 0.857626256437228 0.845235146888436 0.833590565827055 0.823298704558148 0.815400368902691 0.812774705996326 0.81514464467945 0.820495730753474 0.82542718189371 0.83049989716482 0.834194630737953 0.834888277862166
-9999 -9999 -9999 -9999 -9999 -9999 -9999 -9999 -9999 -9999 -9999 -9999 -9999 0.690095851478014 0.673952616971121 0.618913456833377 0.369655014118607 0.259191613221737 0.26521729957765 0.428238751318259 0.486216649250046 0.510050904211095 0.491206062334699 0.527504621453229 0.646793625202651 0.680177249980088 0.706439626218938 0.73922212529471 0.799425282332762 0.839725413124615 0.864377776895663 0.897336429951568 0.927041207376886 0.947848866766628 0.950261925073595 0.952820097044115 0.951693779968716 0.946860934555524 0.945459064674971 0.943688487865141 0.945231569589963 0.940974107642767 0.935097687275186 0.93096961732295 0.88057062395938 0.861806061110388 0.851400169933072 0.845141649528307 0.834060209698649 0.826501809915276 0.823071160071679 0.823212210331906 0.825899481768286 0.830578919438279 0.84051811666392 0.847755046342128 0.857876583053656 0.861838025161232 0.861480638524635
-9999 -9999 -9999 -9999 -9999 -9999 -9999 -9999 -9999 -9999 -9999 -9999 -9999 0.70690289477959 0.703808357062768 0.667208703629319 0.343743830905892 0.28868485704208 0.382464203640199 0.543649614102206 0.543465719448226 0.543964010866806 0.528037011162253 0.557224451847789 0.671264601607357 0.702470214634258 0.733047561238046 0.748848855802678 0.777558230268601 0.828870250671354 0.864520458288737 0.890374334301916 0.917158570012496 0.935162230119489 0.93717013733494 0.93932215376334 0.940284934984514 0.940028105783715 0.935637769563137 0.941569648799235 0.943272854274099 0.937912444374436 0.92856620107182 0.895951960344535 0.86731739987026 0.848265821543993 0.826138827987867 0.821684907526891 0.815384727096901 0.814993512366141 0.815026412554746 0.820701225074456 0.828358474927596 0.840678020200557 0.850472046531946 0.867769208357127 0.880516377794004 0.887729406550034 0.884425477761109
-9999 -9999 -9999 -9999 -9999 -9999 -9999 -9999 -9999 -9999 -9999 -9999 -9999 0.712815779546922 0.725144986205074 0.706915252386626 0.363676113488307 0.329043621221213 0.410390197813787 0.577283276145287 0.596270987329039 0.584797729075696 0.569745769768284 0.646198467877692 0.690327626220834 0.704852664313511 0.735752436609153 0.746753578076586 0.771615789534948 0.804118848390474 0.839470458600114 0.872869599580244 0.907428022988398 0.921346097691961 0.924559603473863 0.925177197108115 0.924959987304796 0.925649898265671 0.924341532734382 0.927031789598709 0.933148478557775 0.926450010081379 0.906475475456511 0.854023030866433 0.835086608610804 0.816000938535029 0.803654323847456 0.796839350522856 0.787962169226057 0.788289865492941 0.789991138575864 0.803082560983324 0.819780305713692 0.837841448758751 0.86040573137874 0.884255996287661 0.899619045213782 0.910408306185917 0.912242709669112
-9999 -9999 -9999 -9999 -9999 -9999 -9999 -9999 -9999 -9999 -9999 -9999 -9999 0.72293377838424 0.751519787725562 0.73368207238515 0.576885300069517 0.403878187790207 0.438927474267055 0.625233872285584 0.638088319735504 0.625459822805184 0.611301593655524 0.684644989274873 0.696152334016227 0.713509905114118 0.737417559968828 0.757578789686722 0.779021207846237 0.797963879321754 0.808508533553558 0.857366983195165 0.891683163239846 0.907053959607658 0.908472267727278 0.912921111635327 0.914306637068196 0.91111690062892 0.911119100592004 0.912071638832882 0.915857638532947 0.89775903242401 0.85258914475253 0.80850937764596 0.797051675162902 0.783500104265949 0.773495537388749 0.769177639403378 0.763609788232398 0.763613439713227 0.765697697792501 0.77416279355107 0.794765914037708 0.828327002473964 0.866075121989831 0.898119916812525 0.919315077430366 0.930630083682478 0.93181213224834
-9999 -9999 -9999 -9999 -9999 -9999 -9999 -9999 -9999 -9999 -9999 -9999 -9999 0.761328754004562 0.765680637843554 0.760141580745802 0.592719134139347 0.418802303987023 0.503862734368915 0.686123069515817 0.689732691147132 0.664409782716973 0.640780418790823 0.703513227075203 0.71738194843463 0.727982341689311 0.729639353066205 0.745663699310276 0.764065740208776 0.781367214759878 0.799488548384757 0.827199337702217 0.848538451308384 0.871285381166189 0.884838714178658 0.895513355331963 0.894921735841738 0.895547999790658 0.892820179063329 0.878542554022826 0.883234469426936 0.844258390246543 0.798033155432477 0.793583383268079 0.772217346404389 0.760024601566528 0.753274979509465 0.744448919616521 0.737996054704591 0.734545030174619 0.736113323565629 0.744557308299595 0.76940942486809 0.814776572898815 0.86737659850199 0.913336334896796 0.937920792571001 0.945013045410344 0.942823001007062
-9999 -9999 -9999 -9999 -9999 -9999 -9999 -9999 -9999 -9999 -9999 -9999 -9999 -9999 -9999 0.676601004140102 0.426824868219709 0.482887092910155 0.616482918353678 0.677296927892291 0.686103674360679 0.675061057950416 0.658640732824612 0.645522830731083 0.674616600804267 0.723959067697476 0.727800709226932 0.740647944290898 0.759305666827464 0.776864143449392 0.795522035658476 0.81045994703636 0.835745267501776 0.853169137047774 0.863055553853964 0.866104564014915 0.865538791743555 0.868635740571499 0.866543421765819 0.870811996363978 0.867104432019497 0.818234908718605 0.785466095272541 0.76752372340577 0.746477435391258 0.740056378178425 0.731343837617068 0.722620617476527 0.714805296687619 0.714624483848782 0.711023346107383 0.714746865239833 0.742925000752787 0.799869159897214 0.863581751353659 0.920248674351663 0.941305093730233 0.941096053180654 0.938676156980042
-9999 -9999 -9999 -9999 -9999 -9999 -9999 -9999 -9999 -9999 -9999 -9999 -9999 -9999 -9999 0.60948619245181 0.518046757924192 0.517656135444263 0.630069231823983 0.671008150607143 0.68074122991489 0.671434143763243 0.655432352526671 0.641699715610957 0.665837039198364 0.71563272077265 0.726320142668641 0.73871677978795 0.751884779495946 0.765052657203749 0.781575180686132 0.793552014673107 0.8179853428875 0.833814928164168 0.846503886872268 0.85906026884242 0.857731047550959 0.841560804137832 0.837594741123595 0.848808149471511 0.842931504487882 0.806186746813654 0.767481348837129 0.746297000829208 0.732610491215243 0.717797463046637 0.708039230948938 0.701719280011798 0.695209765335457 0.6989129031418 0.704309559124087 0.717028627400087 0.743264880065081 0.792643752716496 0.85000142524042 0.898959836222933 0.918753425824715 0.913391378459423 0.90900884617108
-9999 -9999 -9999 -9999 -9999 -9999 -9999 -9999 -9999 -9999 -9999 -9999 -9999 -9999 0.660778612426982 0.625221428834713 0.54450877802411 0.578744256370218 0.644704783196589 0.664652767048565 0.664179200557624 0.67156616272962 0.669574196590391 0.661581523792535 0.67214664109646 0.711006457614296 0.731305300436931 0.736268039341409 0.744741575488452 0.755715298926924 0.770514657719093 0.778742538925322 0.79932353325698 0.810568038694875 0.826276340835496 0.837237654669721 0.825677298836766 0.814474171823843 0.813798951386566 0.819783467280375 0.825577620461644 0.796784234042396 0.764750976761794 0.74195868240108 0.714091037605264 0.696070520451616 0.690397922920648 0.686557451810992 0.680584232148582 0.691350078920541 0.709276896111578 0.725986261290104 0.748337511158624 0.78761715028786 0.830121198926067 0.868936133224869 0.890988550455791 0.891029611851084 0.887750945690849
-9999 -9999 -9999 -9999 -9999 -9999 -9999 -9999 -9999 -9999 -9999 -9999 -9999 0.634508174321148 0.636125917879991 0.58492263322842 0.504346666808833 0.498432386486252 0.595477361646405 0.651382967117449 0.650858062824527 0.666778194420425 0.66489214470221 0.65377699225814 0.658437274148428 0.668354240027961 0.677425372196773 0.735946301417497 0.750670725182043 0.763610092811293 0.776245817641759 0.77438294939593 0.782146193943242 0.790747578677736 0.812403786691051 0.81757746673119 0.801097573666859 0.792089316353867 0.784704701846025 0.803997298262654 0.812343832767248 0.778071874672025 0.753313763190585 0.717404417954698 0.692435392854757 0.675278465071139 0.671394906042692 0.673892482370225 0.684971481583918 0.695020180368168 0.704176671495152 0.723080504007031 0.74725565103639 0.779712229945695 0.816574737305785 0.84190668949955 0.857525106207131 0.866190360138407 0.87688455248491
-9999 -9999 -9999 -9999 -9999 -9999 -9999 -9999 -9999 -9999 -9999 -9999 -9999 0.623116971467773 0.604333529433276 0.546413292737239 0.491235309241442 0.503926667206824 0.562231531960059 0.638752524446096 0.637781672473241 0.629240998781995 0.632069052907079 0.649922494048723 0.65481415479443 0.658423459190294 0.661609465672047 0.663263795801957 0.738313139746462 0.753250647604795 0.752809941146015 0.757015035696654 0.755119929534098 0.775716142271061 0.801579114341444 0.809014594908675 0.808482124435383 0.79727802227677 0.764925018342413 0.778354831048361 0.788916653418322 0.75514877297997 0.719456325216463 0.700422287646959 0.689501836537767 0.675343180742531 0.6779439311981 0.685112824073025 0.687437628546039 0.692531547301378 0.706816950130352 0.72257180827951 0.745256680438491 0.77001409749097 0.804027809716824 0.821622734806536 0.849473216318904 0.850696083049515 0.859932184740688
-9999 -9999 -9999 -9999 -9999 -9999 -9999 -9999 -9999 -9999 -9999 -9999 -9999 0.61501059016302 0.607189502205607 0.560235007891394 0.453786874393733 0.486653285170193 0.56512263493445 0.584201053014611 0.583460115248206 0.608842345199459 0.613103837400394 0.632721701594923 0.644095570230304 0.651953484692331 0.658922209587497 0.660753431127207 0.711370120363922 0.724357274351774 0.73400028424977 0.734073695121079 0.735669527986238 0.766745104650298 0.774766208762434 0.787698059882183 0.790522067283607 0.789559610024075 0.792417968600095 0.778857506016069 0.770388156864809 0.75139749491058 0.711097047463933 0.705133033976856 0.705985659803925 0.70053170164986 0.692953174923709 0.697196995027443 0.701752705685436 0.702300897664187 0.7189448328097 0.724463034737475 0.742904779107848 0.763827447665577 0.784477707742708 0.817219742077874 0.818510304200255 0.822058735172004 0.82997561534695
-9999 -9999 -9999 -9999 -9999 -9999 -9999 -9999 -9999 -9999 -9999 -9999 -9999 0.619818325125189 0.61893252364747 0.609166315765005 0.527640424871897 0.496541274393087 0.558789180340464 0.535400685295985 0.550516907216225 0.586346867036637 0.598232230701911 0.623785287665727 0.640045206673733 0.650589498492009 0.649865653397126 0.642400141490324 0.643826067386604 0.681869964471438 0.700981597774138 0.712133249715717 0.729843605799583 0.753115184904213 0.753089788713922 0.761591707494181 0.765728609263383 0.768723106348525 0.768897761459668 0.77536561423754 0.76408104803029 0.786072538990791 0.754776971411767 0.718578523847855 0.72529737345845 0.715887806774785 0.70448390239324 0.696677318875986 0.694040663345299 0.703408599289073 0.707159084043209 0.725686271040036 0.750017667207792 0.768197999566973 0.784674651551104 0.789376145637091 0.786164766062082 0.796311683890998 0.807887433505244
-9999 -9999 -9999 -9999 -9999 -9999 -9999 -9999 -9999 -9999 -9999 -9999 -9999 0.627011125509172 0.627734499642637 0.621474247631588 0.577081581629429 0.512896979386928 0.541256314456305 0.536198254476029 0.539677409449678 0.580232890456083 0.59315580135366 0.616746230606109 0.637142093131209 0.643130534204089 0.640094444082433 0.634095294032266 0.622315861264096 0.611360254678656 0.662156005330379 0.706335967015794 0.73017945214278 0.733367225578187 0.742397450331887 0.746395494582773 0.748319669875991 0.7409079586309 0.743667976077234 0.765970088478872 0.78280085998157 0.800336023462271 0.77802096343527 0.773403152225691 0.73116080169531 0.706536471256919 0.697377279134632 0.692201566398698 0.687123638747861 0.689333484063417 0.699819530407764 0.718740476552365 0.733716438241838 0.752759232536747 0.77291191510121 0.771319458695786 0.768178332063752 0.778816177724708 0.777434326180832
-9999 -9999 -9999 -9999 -9999 -9999 -9999 -9999 -9999 -9999 -9999 -9999 -9999 -9999 0.624332596755201 0.618566008281604 0.588853603682159 0.559626238388597 0.509827132303101 0.502696505088702 0.520249096305554 0.591249610438026 0.626012875869819 0.638099254485626 0.627078855627827 0.622933571208163 0.627832654388436 0.613707670370448 0.599693385016039 0.585186374151381 0.612540994585082 0.648272593432549 0.696788098648943 0.701516539708092 0.683159405623484 0.726343755647086 0.73315147981406 0.723261999039938 0.735832245767699 0.748096636118773 0.772068733949241 0.789074305074694 0.785333000889357 0.795689709133209 0.745660699041077 0.69117995449659 0.674254130216405 0.66605305611672 0.661273274933707 0.662389268930533 0.671266586441049 0.695390273713483 0.712572755545199 0.737029876817334 0.744677653450335 0.753046193695819 0.74395446634489 0.75921029120427 0.777613042560671
-9999 -9999 -9999 -9999 -9999 -9999 -9999 -9999 -9999 -9999 -9999 -9999 -9999 -9999 -9999 0.617656048967314 0.586161475489808 0.586885065301144 0.555273085129003 0.4997427890978 0.523149108505179 0.575777607146719 0.650577175671284 0.628564226131893 0.601504279478705 0.606559607462945 0.62418642016031 0.60776672019691 0.596950189942635 0.574808339891089 0.594562185129959 0.631598700007695 0.642975264019047 0.64522471484297 0.650555694664419 0.658649862202742 0.670747943062303 0.659255415884487 0.670584485606977 0.724071922908305 0.709241078527892 0.732152011798001 0.751429345568945 0.756835562981642 0.744315949242249 0.705135517928548 0.651201770143329 0.650837836842834 0.648962387234905 0.643990641987055 0.65276449692494 0.681860929350152 0.711523118596423 0.758522489626205 0.730543110121348 0.735823635771622 0.728392948702293 0.755235596065495 0.748474628096499
-9999 -9999 -9999 -9999 -9999 -9999 -9999 -9999 -9999 -9999 -9999 -9999 -9999 -9999 -9999 -9999 -9999 0.615910019882408 0.559145076564056 0.475353231786102 0.506336056432955 0.511335162192093 0.576022044484916 0.608880616969497 0.594285391753968 0.584494935458084 0.592653368919624 0.587419817825401 0.55964877986921 0.547332120661666 0.543563573578867 0.601058099936076 0.634296448114796 0.644113127544905 0.653435129579175 0.679513522118329 0.688488065056654 0.670408290798774 0.686410047614722 0.724201120269701 0.720264148248059 0.741636525269272 0.745809105375283 0.747827551614213 0.714398407882413 0.710974358644838 0.676450557022028 0.639851625069474 0.630334587582074 0.62999672129212 0.636869404145591 0.669999578240444 0.689276494056093 0.722131096345434 0.704948412789387 0.652229217478278 0.659395864885198 0.720283175397074 0.750980244980383
-9999 -9999 -9999 -9999 -9999 -9999 -9999 -9999 -9999 -9999 -9999 -9999 -9999 -9999 -9999 -9999 -9999 -9999 0.558674183735843 0.469961655489834 0.451404286305347 0.482452346037286 0.436504904440109 0.522553996631072 0.540236840387866 0.53377832695854 0.543030657456798 0.53701774642058 0.537506659176226 0.530966244266683 0.524855962618737 0.559718758296218 0.616181409814386 0.658720777041563 0.693520727621316 0.696768558492446 0.686150533530973 0.698431883901296 0.738901908189557 0.724082354104661 0.725449572622784 0.728575080861371 0.728318150064168 0.720262977029018 0.71021096884786 0.70729640316384 0.700091792380979 0.660662887603 0.623253703744895 0.622605474926852 0.627364427592172 0.652405713761974 0.678096881751961 0.674393158835024 0.659828560846993 0.613326788212263 0.622436148836633 0.645093367705894 0.671317581229583
