layers/veg_krg_50/veg_2200.asc
NCOLS 128 
NROWS 165 
XLLCORNER -2985163.8955 
YLLCORNER -3022031.214 
CELLSIZE 50000 
NODATA_value -9999 
[rows 26 to 51 of 165, columns 59 to 117 of 128]
0.530803641614152 0.525235695860802 0.525691750252068 0.529892920646642 0.582255915049051 0.628471495211294 0.6525905248242 0.695608498550541 0.699090198819857 0.64827124837233 0.674308144594213 0.713400777961018 0.720048294415121 0.759498692459758 0.805936423921894 0.855851388083483 0.857950054031706 0.890085744679546 0.903215118596857 0.8753812467485 0.907862936887259 0.941027771535856 -9999 -9999 -9999 -9999 -9999 -9999 -9999 -9999 -9999 -9999 -9999 -9999 -9999 -9999 -9999 -9999 -9999 -9999 -9999 -9999 -9999 -9999 -9999 -9999 -9999 -9999 -9999 -9999 -9999 -9999 -9999 -9999 -9999 -9999 -9999 -9999 -9999
0.571527295515647 0.568667327753115 0.567897807012153 0.56490167131651 0.601487478869145 0.63606907676389 0.676527645176224 0.709966709607203 0.710604734044412 0.695152505445935 0.705437161914589 0.714219162339093 0.749228500368021 0.7769704109253 0.784959776009535 0.84318252486141 0.837142539369447 0.846880157621183 0.829853639658376 0.843747620420231 0.883050039263123 0.922952158081135 0.956445623871272 -9999 -9999 -9999 -9999 -9999 -9999 -9999 -9999 -9999 -9999 -9999 -9999 -9999 -9999 -9999 -9999 -9999 -9999 -9999 -9999 -9999 -9999 -9999 -9999 -9999 -9999 -9999 -9999 -9999 -9999 -9999 -9999 -9999 -9999 -9999 -9999
0.611839075309774 0.609545625527536 0.61171451417919 0.625300504544842 0.651490742417722 0.668143187173562 0.741158718380033 0.734659481368803 0.71821520093617 0.718980178467186 0.73216932426575 0.745835322227211 0.756265993929165 0.764968822264058 0.802123585444043 0.838682452944318 0.846886357064924 0.82114693115941 0.885916652668673 0.897504211418101 0.899470660146447 0.909612752357306 0.95131699076096 0.957459233585931 -9999 -9999 -9999 -9999 -9999 -9999 -9999 -9999 -9999 -9999 -9999 -9999 -9999 -9999 -9999 -9999 -9999 -9999 -9999 -9999 -9999 -9999 -9999 -9999 -9999 -9999 -9999 -9999 -9999 -9999 -9999 -9999 -9999 -9999 -9999
0.646041201976037 0.643659966152001 0.656094323346652 0.67888971470348 0.693070024129536 0.705629041599099 0.731925775288651 0.748000341621565 0.731297076306419 0.72929563056822 0.752866903649799 0.740818833409182 0.737540333132539 0.74301445096319 0.75916618043818 0.843625876336321 0.815399970582781 0.863505725609033 0.894460006035775 0.900952292896493 0.914347627077916 0.927243253945333 0.949574302708856 0.959793399823144 -9999 -9999 -9999 -9999 -9999 -9999 -9999 -9999 -9999 -9999 -9999 -9999 -9999 -9999 -9999 -9999 -9999 -9999 -9999 -9999 -9999 -9999 -9999 -9999 -9999 -9999 -9999 -9999 -9999 -9999 -9999 -9999 -9999 -9999 -9999
0.676709743133669 0.687754543084165 0.70596198537818 0.717556782969633 0.735515788232945 0.74882595898994 0.752653678832591 0.77357063509913 0.820149741337045 0.838338341998007 0.829268515834292 0.81755513278228 0.815285508811984 0.815712215692908 0.822770089814431 0.823146007556703 0.85228374742481 0.869418761683808 0.873487084611612 0.897341903856629 0.929724337656021 0.946677930557385 0.954060945588572 0.957882968284108 -9999 -9999 -9999 -9999 -9999 -9999 -9999 -9999 -9999 -9999 -9999 -9999 -9999 -9999 -9999 -9999 -9999 -9999 -9999 -9999 -9999 -9999 -9999 -9999 -9999 -9999 -9999 -9999 -9999 -9999 -9999 -9999 -9999 -9999 -9999
0.717289414791655 0.732764519545777 0.740747180156875 0.750612906060961 0.764389448532994 0.756205668602293 0.741109372609973 0.775092891767879 0.834128988526398 0.826449858104044 0.803009613409092 0.793564223638219 0.78883439840052 0.793604452891453 0.807719299029734 0.805098466131708 0.852012040213513 0.859641421840236 0.854620254179691 0.8945051151916 0.936884753449934 0.950876977967775 0.957539534738085 0.956443906344493 -9999 -9999 -9999 -9999 -9999 -9999 -9999 -9999 -9999 -9999 -9999 -9999 -9999 -9999 -9999 -9999 -9999 -9999 -9999 -9999 -9999 -9999 -9999 -9999 -9999 -9999 -9999 -9999 -9999 -9999 -9999 -9999 -9999 -9999 -9999
0.756205597014873 0.762268083351378 0.769094301130361 0.778834376811623 0.783420504858053 0.752660208027849 0.742518604469285 0.766102224737717 0.824116445279369 0.798209685496645 0.804581542663164 0.777090405010148 0.771822599925907 0.796559879322636 0.794660562759921 0.777768459286707 0.842967131128584 0.828639267972359 0.829777386519743 0.891015791242237 0.944694409022224 0.957482471973194 0.958909765625163 0.955637741194211 -9999 -9999 -9999 -9999 -9999 -9999 -9999 -9999 -9999 -9999 -9999 -9999 -9999 -9999 -9999 -9999 -9999 -9999 -9999 -9999 -9999 -9999 -9999 -9999 -9999 -9999 -9999 -9999 -9999 -9999 -9999 -9999 -9999 -9999 -9999
0.789015807087144 0.793658184269198 0.804145124914801 0.807450891082536 0.799422931436494 0.800061962661564 0.808070994582793 0.809814279854828 0.824652888719369 0.815181949108553 0.787434982824103 0.779841676309626 0.790103131178212 0.779520756751629 0.758455676230588 0.796060265118864 0.811253799680105 0.815701395794929 0.868284623781211 0.910637830106265 0.949022063469342 0.960009172644778 0.960219422068805 0.957162155095943 0.957331794241068 0.919028247076064 0.891153553350939 -9999 -9999 -9999 -9999 -9999 -9999 -9999 -9999 -9999 -9999 -9999 -9999 -9999 -9999 -9999 -9999 -9999 -9999 -9999 -9999 -9999 -9999 -9999 -9999 -9999 -9999 -9999 -9999 -9999 -9999 -9999 -9999
0.820980724782941 0.820798066230649 0.829173294821446 0.835722331752331 0.830875211529555 0.822982925284586 0.83052381171393 0.847018383417488 0.828993872496213 0.82381686542238 0.790181436375889 0.796836643736254 0.783072529417864 0.764841263478035 0.719720579794982 0.764250759576342 0.822724725668608 0.835767310718437 0.893631009609771 0.936129967934611 0.965323354285987 0.967918193168412 0.96282875028528 0.958805012665767 0.949445383167381 0.909409765618546 0.885934652610883 0.861600572185632 0.847417786040303 0.826108344665468 0.802874984355054 0.770290586084773 -9999 -9999 -9999 -9999 -9999 -9999 -9999 -9999 -9999 -9999 -9999 -9999 -9999 -9999 -9999 -9999 -9999 -9999 -9999 -9999 -9999 -9999 -9999 -9999 -9999 -9999 -9999
0.85685042560405 0.850431890987274 0.853092236426595 0.851323290979282 0.853296346065844 0.832467474259216 0.838167248452459 0.838056708463649 0.830433705350906 0.827964936569174 0.817314415582885 0.811015947249731 0.796880470041897 0.787789131270736 0.776329918234075 0.801164256817733 0.830056601303942 0.887632499397116 0.924463170910014 0.953167353561201 0.967196235111506 0.966185364939194 0.95898858433112 0.953312541273115 0.930260734484687 0.899575767229478 0.870579730970364 0.855336310597912 0.832383641123105 0.805635818190271 0.785237549658802 0.765101585910718 0.731122035467341 -9999 -9999 -9999 -9999 -9999 -9999 -9999 -9999 -9999 -9999 -9999 -9999 -9999 -9999 -9999 -9999 -9999 -9999 -9999 -9999 -9999 -9999 -9999 -9999 -9999 -9999
0.881610670994619 0.875159652986872 0.868086175371828 0.86087761771476 0.856247932097326 0.843089235147569 0.851061365849086 0.851271332651254 0.845344935720608 0.824794938757434 0.82346270058278 0.825593545669093 0.832924268428023 0.829783582471523 0.828734088281031 0.827589794846582 0.84039214062694 0.879387266706904 0.915310249047865 0.94941452963629 0.960700893201422 0.95800031961665 0.950943166106544 0.938154500753034 0.91610730801571 0.88569095970389 0.85550522252048 0.835366471819982 0.819043730688802 0.791547521596413 0.763704848513269 0.749320229707666 0.723363098231071 0.714435350478861 0.685393053996582 -9999 -9999 -9999 -9999 -9999 -9999 -9999 -9999 -9999 -9999 -9999 -9999 -9999 -9999 -9999 -9999 -9999 -9999 -9999 -9999 -9999 -9999 -9999 -9999
0.901540727970424 0.893066230617382 0.876698228229484 0.870268688010456 0.873851313482384 0.870033299218935 0.869752077695758 0.863654261489717 0.840891915277158 0.821246954867926 0.798969180680503 0.798930328914807 0.827149271595866 0.831677142149198 0.823087292577644 0.823004325108113 0.830948369162839 0.865933651253154 0.89766770461665 0.931341349366752 0.940990506387583 0.940492625596848 0.934833523007244 0.917159433920016 0.889949286309065 0.854547601682111 0.835914392651092 0.819802986918716 0.804782992565347 0.770714770573165 0.754666518793836 0.737063787494199 0.713396754669194 0.69901307407054 0.672015101537282 0.665755960584 -9999 -9999 -9999 -9999 -9999 -9999 -9999 -9999 -9999 -9999 -9999 -9999 -9999 -9999 -9999 -9999 -9999 -9999 -9999 -9999 -9999 -9999 -9999
0.916376930204694 0.907350713726247 0.905449872116649 0.899431719797045 0.890254973593487 0.883482853998179 0.877922623261567 0.86875759413501 0.848967090117711 0.825460922132303 0.800207202415976 0.805584497049321 0.822218404584314 0.820247334509563 0.816825738048229 0.823676223543871 0.833651318428412 0.8563029423048 0.870205025206987 0.896467916907398 0.91084310116224 0.909094547870744 0.903194741837941 0.893449244303458 0.869740485974888 0.837261101543188 0.821489155359236 0.806899863786575 0.782072374515013 0.758458282211318 0.750640677057541 0.694794698846166 0.701994196711276 0.683490426044642 0.660171676361114 0.654455450144982 -9999 0.628900057721336 -9999 -9999 -9999 -9999 -9999 -9999 -9999 -9999 -9999 -9999 -9999 -9999 -9999 -9999 -9999 -9999 -9999 -9999 -9999 -9999 -9999
0.91561358182299 0.899646494833573 0.889653521299179 0.882556080930371 0.876682307461997 0.878591750951451 0.878739405346516 0.860605111921745 0.849706678023806 0.828409561108297 0.793689236708678 0.828737417413867 0.820541907293773 0.819061231766544 0.82248947288094 0.82313377917304 0.830691433898216 0.836133622371907 0.876650631714881 0.883720948525113 0.884293496655551 0.881552218435605 0.880315337260387 0.875980664612739 0.866686399562764 0.829461450689947 0.808384342846471 0.792654558752328 0.761764932386659 0.759041447355884 0.727706688147975 0.657664415800465 0.680951920441888 0.665643108585618 0.650771931040565 0.638823078459087 0.622220353893685 0.61041028517508 0.598135199062911 0.607938404760827 0.627793886692075 0.658029877745551 -9999 -9999 -9999 -9999 -9999 -9999 -9999 -9999 -9999 -9999 -9999 -9999 -9999 -9999 -9999 -9999 -9999
0.909583649526108 0.897638683587255 0.878775823086313 0.868730353317652 0.866678808627084 0.867896309956644 0.865169532840612 0.851794032133025 0.843214517241461 0.827747952768424 0.828331735022221 0.818789063462982 0.799119863580509 0.80318306868414 0.816846081292691 0.828655830265982 0.838517979053429 0.835839095673254 0.851837854622601 0.860198871304198 0.855187472783934 0.853194482479533 0.854237370598093 0.848541068531509 0.838119495046149 0.81195394001614 0.786150562669494 0.753410419961037 0.708725935805054 0.747304967264404 0.660868873024167 0.649514988579709 0.672320179605156 0.657470989317304 0.645715015907456 0.625366338804489 0.601584322244587 0.584768575098855 0.584053511774331 0.60346179458719 0.628203214925372 0.650422678663733 0.649447493463316 0.66187618624502 0.708131582849754 0.753995260071948 -9999 -9999 -9999 -9999 -9999 -9999 -9999 -9999 -9999 -9999 -9999 -9999 -9999
0.905094893035047 0.897202833118956 0.876692483804149 0.860782028615158 0.858492756279992 0.860630128368495 0.855350096595055 0.851174262617916 0.850252934484519 0.821210564886934 0.800967232899574 0.789936045698545 0.766869790643182 0.794634506385635 0.814229745330962 0.823476570887309 0.825043049031457 0.836528427618033 0.830217597483715 0.845205359210601 0.828073180436536 0.832139083986959 0.828842596763869 0.837311038573038 0.824926922343083 0.806815622115931 0.781590225013126 0.724092204291117 0.676602877135535 0.715706901072445 0.668274668726184 0.668238463683834 0.665572944885085 0.646726111977227 0.630636220322778 0.611116782357731 0.58652334451677 0.581741755183152 0.581047853939348 0.60587869452614 0.623994783216583 0.626744530989711 0.600076005380997 0.647442586295285 0.703337758882584 0.7546122185078 0.796401114335657 -9999 -9999 -9999 -9999 -9999 -9999 -9999 -9999 -9999 -9999 -9999 -9999
0.89516757647923 0.885683606476485 0.868476201910554 0.858313179235487 0.854408557012715 0.849814605360612 0.84043440332159 0.854930736298191 0.848629030465489 0.821221805869767 0.792540347995902 0.779296804617794 0.768395052918972 0.773510179253704 0.792021513685149 0.791082393190671 0.820501547690571 0.7971695785275 0.768415101669558 0.805390021886165 0.780553468320253 0.800896772521623 0.796674682741638 0.831557243631602 0.807594432671899 0.751736533613348 0.731829610760024 0.690396791706878 0.699155388199125 0.706177555570197 0.678330077961929 0.660532562141118 0.640017061066439 0.625276012798345 0.611859283523515 0.592964480586822 0.576101144055904 0.572290131604766 0.578015066226254 0.594366459939834 0.612592248448269 0.6222342129328 0.522489744187926 0.539305984986115 0.702203574635404 0.727415058981093 0.772734305484752 0.813818363374713 -9999 -9999 -9999 -9999 -9999 -9999 -9999 -9999 -9999 -9999 -9999
0.875394473138166 0.868659059136012 0.855298247529988 0.840105136332877 0.845289315365637 0.845236543668215 0.842746305296755 0.845436171998409 0.828717478272343 0.830543500079455 0.795618340369151 0.769498411930029 0.769704103544874 0.781552298330232 0.774248574343938 0.774385736969682 0.814894998098516 0.779219806796779 0.748955280894461 0.787218839264457 0.768443573189782 0.783675299548486 0.79420479229655 0.811408807355209 0.814145053469656 0.781646730651698 0.752766211223576 0.722542387261808 0.692103820199007 0.681447632485576 0.655326440100456 0.620384853315627 0.615132559115664 0.605531134577697 0.589638705769728 0.571978496613541 0.566728458202911 0.573113281886414 0.576065427384978 0.58043869737812 0.597820668808226 0.521814988240542 0.478120908703673 0.507232909452966 0.67846088598986 0.675161794696665 0.747746322999404 0.764523335691162 0.828618956248668 -9999 -9999 -9999 -9999 -9999 -9999 -9999 -9999 -9999 -9999
0.837523552689191 0.841808721900298 0.835781442363158 0.829253630058544 0.841619947821663 0.854241788047386 0.845883548968424 0.84938820097951 0.840411173405087 0.835472912243929 0.821141979334794 0.777396503344897 0.771038078808063 0.790054368711255 0.753718023056145 0.757499184205739 0.756306473442392 0.762050584076445 0.735497257279264 0.764740586229244 0.754938872382135 0.775911432093298 0.793881703224427 0.801642370041412 0.800262776626498 0.792247987210086 0.737369617103944 0.729464099721683 0.677554849768903 0.631666755315131 0.615977725475781 0.610674787160042 0.592105109543719 0.590575698496807 0.566068527137184 0.540893754669145 0.554212341093128 0.563989807601663 0.572021505997791 0.580786897532863 0.586530117940166 0.546941610919947 0.49009131169153 0.593044708520091 0.632926654381652 0.619121588882482 0.678616277532991 0.760434956966144 0.818856060838799 0.849377281179229 -9999 -9999 -9999 -9999 -9999 -9999 -9999 -9999 -9999
0.839642015538785 0.833279865217647 0.834124859110212 0.828665910346517 0.831193916132507 0.831951591038305 0.835375331160213 0.831120011462189 0.830903963355681 0.828259510799395 0.78945548166747 0.764695277934609 0.769497869014484 0.786436060416272 0.771415508423151 0.759665784778364 0.738758496212946 0.752067831233622 0.727822650499696 0.733989376070663 0.750867738284381 0.758958241708616 0.718796178123287 0.762900085119467 0.776754942872775 0.744702505857626 0.734057428352368 0.689281834438163 0.66654317194004 0.591401740618464 0.590216225028469 0.578871241141608 0.55800822803864 0.557485830076616 0.534902076066492 0.539257319733621 0.529164223543572 0.522154837662177 0.536927405354316 0.547344522617574 0.56404657827914 0.542386616064293 0.525882917059802 0.572464652693008 0.545230766145165 0.605044569570534 0.674869277984896 0.765363350910998 0.791106154787448 0.818508545509917 0.831850840105957 -9999 -9999 -9999 -9999 -9999 -9999 -9999 -9999
0.811606603064676 0.776436577228886 0.7797502430509 0.817711656038712 0.82594753221372 0.792438460568998 0.758508926423449 0.777654722693723 0.792448849234308 0.796675783232077 0.797294865164305 0.764288680388362 0.763116144453972 0.761746284311842 0.738837054838925 0.703530944382552 0.719442928646634 0.730523758987163 0.7027769094106 0.728390260303299 0.738979135937997 0.746235180926014 0.738803342280504 0.710671476196908 0.738342037881558 0.714852457003433 0.700385275289278 0.657348742934192 0.652223756940862 0.575656801281228 0.538138833940714 0.518289812709046 0.493029610669188 0.487748521238821 0.473453885026918 0.480783150114053 0.484938997167288 0.491513791062717 0.521967942440991 0.516049744750218 0.532664699810533 0.497208118248392 0.44498124144375 0.512598041847768 0.515342937986593 0.557921906515859 0.685686148559618 0.76516198386271 0.778564877940679 0.796158172673972 0.808125998407249 0.822116969267773 0.815547283907084 0.791370763220023 -9999 -9999 -9999 -9999 -9999
0.792206907848452 0.774758960886267 0.757019241195822 0.764007224807868 0.789556242204587 0.766539444282143 0.711115890977127 0.709457132051907 0.757183237146144 0.764570340486686 0.787914414559157 0.752681944133117 0.753710186519964 0.746655475046963 0.727032134127554 0.680810391814023 0.689728702037341 0.721952494787088 0.715545473312671 0.725265506627016 0.723691410066403 0.713526067370943 0.713272494402921 0.711338804231067 0.714318731548713 0.685064232768189 0.660397906188427 0.638595467001024 0.619192977858309 0.538539012331835 0.493293635734045 0.454597466470332 0.42623307807449 0.435441245353901 0.433723664586143 0.439242291108487 0.431773696082614 0.460298902594665 0.495537245896644 0.475495036980432 0.497343700974659 0.498440647352004 0.40449738512959 0.464715043261236 0.510557067759322 0.569720182768945 0.654803343017744 0.734628005141058 0.710314396559992 0.761562494607801 0.781915431623884 0.798834416280839 0.789646834210137 0.773699433156979 0.780368772886766 0.782590138209555 -9999 -9999 -9999
0.770358596515189 0.745898658299605 0.702629563371625 0.715261980700905 0.752326429259887 0.759086126975745 0.717082044512211 0.64883656957871 0.651308394912143 0.724497089582242 0.765917904289317 0.737629756402109 0.745392544692109 0.712443831490458 0.676526978154449 0.64786815838413 0.691244163909593 0.710213059731475 0.710378119464506 0.7137958563208 0.687267843245796 0.671417297543828 0.674845033631028 0.7294791086937 0.706627431494763 0.649385635881944 0.626896081389792 0.631417879462339 0.587815400189441 0.49249316954046 0.483999797175755 0.470200234474014 0.467260380166837 0.449539959747219 0.44052180465129 0.442398635201665 0.451353561215594 0.464322771353329 0.47880478621674 0.472312229966843 0.459743021619087 0.432608657225116 0.396399239325819 0.446050410736007 0.517808522359736 0.596476833140386 0.659684807155942 0.60256745656045 0.659735254688916 0.690912475310005 0.750937076902165 0.74051068134088 0.706923325857312 0.742602568690821 0.779676169715958 0.798834279991574 -9999 -9999 -9999
0.672169769909228 0.729998338906255 0.697613639248715 0.702608044849031 0.731565435333567 0.708906739136168 0.674005980507772 0.608012603797745 0.522665408070892 0.539608137416125 0.70765166998361 0.711705608966786 0.6980600262737 0.64621969238687 0.668880552091408 0.660666490936793 0.700916832880004 0.697240372965319 0.679460740597776 0.680877246093086 0.670976013850082 0.640354781195047 0.668022774274373 0.698849481780838 0.690118186489762 0.635995691480563 0.638247547106186 0.624367601223988 0.573380107373797 0.518443176852923 0.486654057902029 0.448467395780545 0.427115036650179 0.40382958351796 0.390009493473263 0.404812730561656 0.417945437791442 0.423018055077559 0.45415428785153 0.457213994834967 0.472169984665146 0.46775231543377 0.414909993471853 0.425121349096861 0.45893261300721 0.508575298370935 0.595213333589948 0.623306707608229 0.660797040198143 0.675422190946339 0.69669581189684 0.684005051421524 0.622213053830905 0.699035644799219 0.759565731895217 0.770078098807363 -9999 -9999 -9999
0.685105407961003 0.707218743524335 0.675459993405158 0.685573900455725 0.700153613352525 0.715756823497656 0.675882448626637 0.596890306495139 0.588172588351762 0.529369519718496 0.549422539074339 0.590259862687192 0.597938300112298 0.609909122689086 0.636744899825141 0.652131988882561 0.685688171611583 0.654341677253681 0.660945306809572 0.660598620085898 0.623994634328053 0.634363365492416 0.654798111100804 0.675326419539553 0.665841515617972 0.626845171518742 0.640612514261198 0.577267907793695 0.533323304087081 0.476953040430227 0.445025044008145 0.435752836589458 0.403990008766461 0.371619935278778 0.354886537729155 0.361714276124201 0.355148895812645 0.364797394289717 0.412433002953872 0.424155319999721 0.432450055726931 0.440856903943677 0.38288004543398 0.390218487121861 0.391126300046096 0.46204758240533 0.542506022491043 0.563573439222092 0.601979429474055 0.647044918048494 0.63244803322913 0.624686749894775 0.596522937824127 0.650092613088192 0.726441625324361 0.745791878953057 -9999 -9999 -9999
0.598965849407224 0.585238049741713 0.614142716838721 0.617804400565254 0.630770866734309 0.655064065411025 0.666317781734765 0.651906553828794 0.664378136630648 0.63256405439693 0.565918486773409 0.570398684201187 0.608952503375975 0.588443845912266 0.629282577223291 0.612653491808663 0.629902527663314 0.653629383202639 0.608164042477627 0.603397824759454 0.600117840481631 0.632144459940017 0.633684716692908 0.652897315284091 0.609732826124093 0.595096107332617 0.583063686683018 0.530161239971352 0.473105001679659 0.406500188547099 0.388277443839904 0.408260327746156 0.366534609251383 0.363135992200683 0.328243777463992 0.347250830320301 0.324452537496052 0.337320965500725 0.372278339098818 0.376868264913196 0.390457620353597 0.404610371912698 0.367004498044896 0.402745044279197 0.421756935859083 0.458131718189913 0.496565517432817 0.535350500043051 0.562307252484659 0.566235425656809 0.560591659353474 0.589560140804935 0.607894927991275 0.660127210284768 0.711276691514937 0.741283694951401 -9999 -9999 -9999
