layers/veg_krg_50/veg_2200.asc
NCOLS 128 
NROWS 165 
XLLCORNER -2985163.8955 
YLLCORNER -3022031.214 
CELLSIZE 50000 
NODATA_value -9999 
[rows 26 to 51 of 165, columns 0 to 58 of 128]
-9999 -9999 -9999 -9999 -9999 -9999 -9999 -9999 -9999 -9999 -9999 -9999 -9999 -9999 -9999 -9999 -9999 -9999 -9999 0.447616716487021 0.273881791396744 0.178478094828712 0.0558637068282686 0.207840587336728 0.335138418645676 0.339554360391489 0.401886775150716 0.589212351516152 0.622023227622385 0.587912362619878 0.566954212817344 0.565645911938971 0.556723989472523 0.609092227520651 0.646235786756277 0.693542227375061 0.73330950705588 0.759049931086011 0.784110482361774 0.786739645527953 0.770529197790018 0.774258451392741 0.763602044412996 0.774165567893943 0.767480211219341 0.75097265228009 0.73013389731936 0.713309275750804 0.684249370758735 0.665487598411689 0.656367470877473 0.643229464768823 0.625644059456855 0.612054550000698 0.602732372955808 0.582410025591746 0.5441030705852 0.535394724955063 0.53041721739391
-9999 -9999 -9999 -9999 -9999 -9999 -9999 -9999 -9999 -9999 -9999 -9999 -9999 -9999 -9999 -9999 -9999 0.680767129676206 0.525581873830081 0.460539022278416 0.242872258738608 0.104510382256911 0.0639953467064737 0.15038859046086 0.22765232224371 0.339275825366775 0.491452435029859 0.587881725680798 0.611954728012893 0.584720850336194 0.574757029835154 0.647005572698277 0.653422643983383 0.677348597270727 0.705788800052705 0.739094074157635 0.771513478745256 0.78746820500246 0.807292615364601 0.815362611610628 0.800615835489452 0.805161045846207 0.798265233574981 0.812392575326735 0.805356248363583 0.786463789259184 0.761951517650369 0.745726884443036 0.723739255143614 0.705199480250136 0.68873117645337 0.6793396899667 0.672659175245686 0.656366723185387 0.644364616616454 0.617146113198762 0.573409045840815 0.572904946936877 0.572991700285662
-9999 -9999 -9999 -9999 -9999 -9999 -9999 -9999 -9999 -9999 -9999 -9999 -9999 -9999 -9999 -9999 -9999 0.682992449746377 0.665439792493649 0.452596592067771 0.217738971013895 0.0468657282364026 0.0681241146752654 0.168326971614122 0.302817981705425 0.436408640877421 0.501864425984076 0.542480163689714 0.688905209692373 0.69481943348174 0.700937650576858 0.719697002199753 0.712232878194483 0.727095017669722 0.746684391430048 0.771634789592856 0.799988220152186 0.818422735671739 0.839279020777145 0.859218677440946 0.859096640660563 0.841439407582735 0.83659150465018 0.840783437617598 0.8303212329651 0.819144219734707 0.801753787423686 0.785095647740901 0.761215525254888 0.746755838017783 0.721732215996463 0.702461502081498 0.705157666444208 0.698173949513828 0.679198567855853 0.609722026673043 0.612711194034459 0.612160983125558 0.612034530399559
-9999 -9999 -9999 -9999 -9999 -9999 -9999 -9999 -9999 -9999 -9999 -9999 -9999 -9999 -9999 -9999 0.6787197773672 0.679621161671399 0.597684791881532 0.380316314780325 0.219853712372555 0.115724302235455 0.114588432501792 0.174798616788833 0.345072396179299 0.436378751294098 0.499453997945974 0.628790335788614 0.685728082634083 0.717629121881926 0.739456064398631 0.761148023936034 0.768206166141663 0.766383058743445 0.785959771808176 0.817375456018673 0.833318971223546 0.85756776521737 0.871771646233614 0.885234139092163 0.887439295190048 0.880478278100191 0.874404967696209 0.869940933470994 0.865735886733572 0.848911920854565 0.827209023212432 0.806778174601654 0.791746587087266 0.770006483151801 0.751679609362659 0.733733218423218 0.734643969287478 0.726586890864827 0.702371040203976 0.645622877735659 0.643360293373683 0.641338310863114 0.645950045948319
-9999 -9999 -9999 -9999 -9999 -9999 -9999 -9999 -9999 -9999 -9999 -9999 -9999 -9999 -9999 -9999 -9999 0.612639030703759 0.49280903816865 0.32500723348943 0.205519489400401 0.193915945684702 0.167258870748944 0.222172533637253 0.352515495664171 0.443768130650682 0.546100673550626 0.676661382134122 0.709218874723486 0.72433989310334 0.757306736395167 0.803258025624526 0.814988978522598 0.817820762316453 0.827793865489971 0.848778417605549 0.865045215834735 0.881977696792728 0.897800771147794 0.906353685304786 0.908169028374251 0.908966871448559 0.906284737525553 0.897590347947603 0.894422809810339 0.872252451603955 0.844708154498066 0.826355940327867 0.808848219214441 0.79165915789259 0.769134141957543 0.747853205027178 0.734826355056352 0.723677914457419 0.713070361544363 0.684993314234787 0.672880363146152 0.675136448846671 0.674885051104563
-9999 -9999 -9999 -9999 -9999 -9999 -9999 -9999 -9999 -9999 -9999 -9999 -9999 -9999 -9999 0.56954240538062 0.568225566561838 0.517833420955292 0.369452326283688 0.244475496716639 0.242193283080193 0.303400068531716 0.252570444094004 0.231446150073069 0.30926497804844 0.478234702082796 0.631278762584111 0.704091467927152 0.744531438170568 0.743360606934763 0.792069954563428 0.851011038064558 0.861105619787361 0.863678054655028 0.869427895263864 0.880192160608843 0.890383203291014 0.904567445971419 0.919433917627072 0.926898941646287 0.928094842415 0.928562999465466 0.923978647493123 0.916870897142444 0.910296281469464 0.886263390333895 0.854952016228367 0.836010954291522 0.822360576900468 0.808379468569299 0.78996896310075 0.77544682871391 0.766201212653251 0.75646912200368 0.749523888448174 0.73768442262328 0.719826519844728 0.706933720429969 0.701469700916086
-9999 -9999 -9999 -9999 -9999 -9999 -9999 -9999 -9999 -9999 -9999 -9999 -9999 -9999 0.568202649987642 0.533273681151079 0.501577939486782 0.388312540434885 0.250451480940963 0.247988283553989 0.314981366864641 0.341658158632639 0.29291379344127 0.24536860068674 0.350409817383179 0.532949946390734 0.642935006220452 0.72761109698743 0.784514263835273 0.813717296065514 0.845429104107831 0.890575243146281 0.902215758087498 0.898651342175323 0.914934480303847 0.918991869692424 0.918130361113716 0.918208521535694 0.934796091238097 0.937682925277108 0.938403053855909 0.931444814729884 0.925921121162467 0.9180311161435 0.905097682960443 0.885875760073807 0.859236672299328 0.840366316626124 0.828239123293997 0.823112925868305 0.807086557811975 0.795777997150814 0.79245966023484 0.780558757439317 0.776430854813147 0.775668771140586 0.779472815888834 0.768602529680771 0.750895344109589
-9999 -9999 -9999 -9999 -9999 -9999 -9999 -9999 -9999 -9999 -9999 -9999 -9999 0.629762383216649 0.62372660394693 0.599984993929823 0.435752784059359 0.258180522531752 0.178507228002699 0.337842708387097 0.36525368026438 0.345603392913154 0.320673664803353 0.262346413064092 0.366874292525359 0.56512600337317 0.607916559479419 0.739343483436691 0.802118096616338 0.857307578952006 0.899124619406505 0.929764314171694 0.945587138521433 0.943484345555977 0.948097618295555 0.944147911841778 0.945851320110284 0.946950818584965 0.936764083618558 0.941271659895894 0.941791178206584 0.924586333250948 0.914610088424185 0.911287454525076 0.893501574316329 0.875331191414182 0.85612676342342 0.838091847204181 0.833808189523745 0.829335370251982 0.81733371561707 0.81229278424042 0.81041712230612 0.808616936064178 0.798680228746459 0.803748565003353 0.812565630308179 0.807424033833061 0.785017915945688
-9999 -9999 -9999 -9999 -9999 -9999 -9999 -9999 -9999 -9999 -9999 -9999 -9999 0.620172106529013 0.609680496365428 0.582421757024989 0.407570922169482 0.224484745086517 0.151581955460565 0.307500860295182 0.456244876443949 0.488149323480116 0.470707220586047 0.488391816176138 0.585346709387051 0.652075197820712 0.637875651899943 0.723928605623665 0.809234142196033 0.855560725628295 0.905394479843241 0.95066898869722 0.969393975589262 0.969217663937435 0.964110244158879 0.963078666022575 0.959295612507275 0.957393118469366 0.954903763723784 0.94336105499737 0.929302345806628 0.916322596252148 0.909003289880963 0.900770786186893 0.878669842442606 0.858399897877606 0.845258676814397 0.838648716911686 0.830666985360038 0.826008063531265 0.823555567785854 0.820675230771583 0.820577510682589 0.823745049170713 0.824355498882584 0.831582382916345 0.833475366482391 0.830996424888618 0.832508365053464
-9999 -9999 -9999 -9999 -9999 -9999 -9999 -9999 -9999 -9999 -9999 -9999 -9999 0.634933511670271 0.623002287974195 0.574837030496624 0.338810605202773 0.227789385485279 0.234676809922702 0.410667559607473 0.483192391432916 0.503950545514049 0.502776143980867 0.553782609219916 0.644468456419814 0.670062633348776 0.719283330102763 0.757247894509935 0.819463974268319 0.859418131167285 0.905451493232302 0.937713971304592 0.963463702442925 0.969398145235082 0.969373796921869 0.967993894867391 0.965157835821315 0.959594327433254 0.957580449010099 0.941848523979779 0.925446905803801 0.914387480130508 0.906363209112645 0.88972537752174 0.870321924648136 0.845921364036505 0.836062378481087 0.831104611850968 0.820162324561539 0.815785831469882 0.818169879383078 0.820347494395714 0.826609802058027 0.837828515804684 0.844801350078846 0.848271826041641 0.850524717582981 0.857177706233922 0.860141874173262
-9999 -9999 -9999 -9999 -9999 -9999 -9999 -9999 -9999 -9999 -9999 -9999 -9999 0.651441816547307 0.651219186203797 0.615881871795456 0.320307081293086 0.261656733494304 0.363803829082388 0.549735317299845 0.555112201907627 0.548381896462017 0.53939111070263 0.643083532746988 0.67575083879342 0.702940537324956 0.740285073629431 0.774987832357728 0.81952347063423 0.866056162878814 0.905068394648642 0.929322356621242 0.949936402666005 0.955743748578783 0.965927889002786 0.965889141848071 0.964596295230452 0.960735337520974 0.953332138123304 0.92554922466991 0.913828880847281 0.902102417360481 0.902055799674677 0.878513957809553 0.860389637730231 0.840447994550958 0.831044933885887 0.817456642839277 0.804082260007538 0.802492924473889 0.805473533695338 0.813274410558038 0.825882957798488 0.83935531589399 0.851383189688624 0.862489187812336 0.875283812021208 0.882543065720303 0.881284197958925
-9999 -9999 -9999 -9999 -9999 -9999 -9999 -9999 -9999 -9999 -9999 -9999 -9999 0.663129262461922 0.663716375756562 0.644339403621325 0.345240971877234 0.314195219481733 0.39580290810979 0.579097305512553 0.605495721871073 0.594629816899981 0.579440854661534 0.68453115549479 0.709647311532873 0.733175049452351 0.764700488252041 0.802799360485833 0.823101319189508 0.860542737124691 0.898216698949453 0.924749541199586 0.942032387837908 0.950091853532823 0.955131290852053 0.958759851295463 0.958681460650424 0.954764407410931 0.932258453029592 0.914655528885369 0.905206686425231 0.896082285921253 0.881428749847685 0.849307826830576 0.835995276173297 0.826603096478676 0.813119677242486 0.800499272949015 0.788056790242095 0.787507749632904 0.786435523173781 0.795250573426925 0.810840091493135 0.833802032156152 0.857144759592838 0.880187359589775 0.898439789851789 0.903864660841341 0.903460378192908
-9999 -9999 -9999 -9999 -9999 -9999 -9999 -9999 -9999 -9999 -9999 -9999 -9999 0.670543577170088 0.683033252093179 0.666267296237647 0.542410911203745 0.388750086211025 0.432633800242704 0.618147861996826 0.650411607061514 0.6452528073075 0.635984375135616 0.715560986442523 0.735524958778985 0.756057516376722 0.782281836656746 0.808133978927232 0.832966030026266 0.857688309632832 0.885956117761378 0.905469610640554 0.925523695363887 0.941687506107249 0.94611403654221 0.947371417776823 0.944322837666997 0.944217041138435 0.914716781715443 0.903531985996586 0.897939006146102 0.867760368289567 0.84090751880286 0.823472342437237 0.809015584577585 0.794977916994564 0.779815828244921 0.772612732019735 0.768021945383336 0.753754115709829 0.7550427163898 0.768875689128529 0.793163128610969 0.825000861427739 0.863833041660997 0.89890197618568 0.918402501168748 0.924490116721836 0.92328860495874
-9999 -9999 -9999 -9999 -9999 -9999 -9999 -9999 -9999 -9999 -9999 -9999 -9999 0.686740660924033 0.676749692837422 0.676245899287793 0.548865467457467 0.403537830186816 0.496889042646768 0.680033782655773 0.681010697026722 0.668702247374094 0.661110647870769 0.72514256904993 0.722467632349489 0.740904677297653 0.770117164843979 0.792256928878771 0.814671177130685 0.831512681510309 0.865791950947673 0.885537269444192 0.90596870014996 0.920965690322204 0.928610505934037 0.930320716250669 0.928008965581903 0.904917925086716 0.897418408817481 0.888862784831092 0.874091200416347 0.829888546011839 0.819795249620591 0.792683467391199 0.778835579187022 0.763281091409804 0.7602691192755 0.750704102339213 0.734986359943118 0.732655917921049 0.730369368602023 0.738226894778495 0.756527334123891 0.80033615539135 0.860196712792326 0.910539017788174 0.935879611302015 0.937541327606362 0.930756294166125
-9999 -9999 -9999 -9999 -9999 -9999 -9999 -9999 -9999 -9999 -9999 -9999 -9999 -9999 -9999 0.616707067253101 0.371781807356103 0.438104358135023 0.585367552508977 0.662352553186535 0.666542384075392 0.65466417106006 0.65458944457302 0.709462934154781 0.729226455138913 0.749193742051165 0.773452062630888 0.795234923972363 0.811679371159097 0.826142258378738 0.83734416964318 0.849500534048283 0.873526914038307 0.887263648518958 0.898371329001747 0.898726289244113 0.901548478485053 0.878913923336696 0.884655199819008 0.85879268867802 0.831883927467311 0.812039909611939 0.788392527228065 0.76209435900364 0.75421450092611 0.748263606760498 0.738914805486367 0.723123159576359 0.714153456662249 0.711134457790065 0.711130185131636 0.714096321927539 0.725513546597613 0.780484893639915 0.850490463526119 0.911681897280134 0.937693422863739 0.931247032010735 0.921627448009048
-9999 -9999 -9999 -9999 -9999 -9999 -9999 -9999 -9999 -9999 -9999 -9999 -9999 -9999 -9999 0.515454526872584 0.415947280043163 0.425849435594235 0.553106500903613 0.620632838059566 0.649586739211343 0.65385338951051 0.682387756952656 0.708728024693241 0.727677913643297 0.748079473542799 0.765680459751933 0.789351901198389 0.8035090259991 0.816534040855471 0.823621356712937 0.833521093225604 0.851955174989528 0.865602379879022 0.877798217218212 0.886666443861543 0.885349007990976 0.849537903123271 0.836685183011227 0.820246307441903 0.805983105059262 0.79078542055529 0.759926559352714 0.746194484407779 0.734289415375305 0.722981578668372 0.711577691216753 0.703236303299634 0.697623045202593 0.699911761952205 0.699972878259876 0.708919314903394 0.731141608874074 0.778781204091323 0.83786041345255 0.888218105346979 0.912865428878835 0.914795176095721 0.910264715190654
-9999 -9999 -9999 -9999 -9999 -9999 -9999 -9999 -9999 -9999 -9999 -9999 -9999 -9999 0.579551815039535 0.517195015287061 0.408473216286572 0.436606670589966 0.545172939020586 0.600285643135693 0.625094551859966 0.649902675641651 0.668103855577925 0.703777600484309 0.72076958384186 0.737368700843878 0.75454167637302 0.772724722843613 0.78745688854744 0.79900551378344 0.806091765204275 0.817955310971902 0.834698592327264 0.842851907646598 0.85542078001739 0.862467076330258 0.837679437643925 0.807428533832198 0.793263516998155 0.783288894666941 0.774250914134509 0.766165786952027 0.745184545460397 0.726500819024716 0.706641350809217 0.697557688575119 0.695795338549563 0.693821960825943 0.683648348041252 0.68952480910084 0.697907647379389 0.716511254573834 0.740147815174744 0.77703825458551 0.817000562505201 0.859762440169701 0.882188832385905 0.89527667497688 0.89850715416661
-9999 -9999 -9999 -9999 -9999 -9999 -9999 -9999 -9999 -9999 -9999 -9999 -9999 0.581477173302131 0.564931762960386 0.50519985830736 0.404575133533011 0.393951255311659 0.524124195340391 0.601043711505014 0.61497804701555 0.649996848185244 0.662877977872031 0.702128084274094 0.717725246674258 0.735463514980581 0.752644423154573 0.763755340742634 0.77365401445716 0.782993626616084 0.789497737417077 0.791334129240187 0.80729410792158 0.828339434497857 0.83358151543807 0.831871587272331 0.808640403005081 0.781729040014395 0.780767285956641 0.761896116289175 0.770703530422217 0.762808627782803 0.731243860721393 0.714009557905515 0.69290474055124 0.696784484540291 0.692311943112407 0.691591990388506 0.67869162640747 0.688675824321142 0.697236920641837 0.708418430620453 0.731482651074093 0.767625271292019 0.796815976734684 0.826317502572566 0.849563349360635 0.865357485121106 0.876965203244997
-9999 -9999 -9999 -9999 -9999 -9999 -9999 -9999 -9999 -9999 -9999 -9999 -9999 0.592858521689111 0.603476578292123 0.513399542949108 0.438033179671406 0.447751881421485 0.525391871993309 0.629694382064693 0.645266378511575 0.667445241867991 0.677767112875363 0.709662814229337 0.726820345945753 0.734797479939769 0.74274945350558 0.755093098568684 0.762427711297227 0.770923739383762 0.780424339121127 0.784137876132923 0.800502068696628 0.801690545395648 0.818243785981549 0.819049601808194 0.780064117918072 0.760439951103279 0.756558727998596 0.764327966938892 0.753213573667019 0.739456535759726 0.711044033218559 0.709660925982012 0.705673172908933 0.68906683088749 0.685478662301243 0.682664275733596 0.670945305846037 0.680838028340884 0.689498449208235 0.703041027367236 0.723947988088421 0.755237613534455 0.7798513370613 0.800556357216293 0.822098148726637 0.827615140126225 0.833498606595156
-9999 -9999 -9999 -9999 -9999 -9999 -9999 -9999 -9999 -9999 -9999 -9999 -9999 0.630773921745814 0.626415137046592 0.559774501669075 0.391230466177038 0.440847608816695 0.564550175145696 0.602909506745588 0.615305104110126 0.65568685405835 0.657791696784261 0.682214633978415 0.708790003690013 0.713122023733304 0.729093574074412 0.744974859682958 0.751203290947902 0.757077810417339 0.760312222450441 0.760011508479511 0.763740789494396 0.781250209908738 0.784362793757801 0.800342360848082 0.77376959817078 0.766751696002145 0.75648160619434 0.750025620658037 0.74367259767925 0.722414817716902 0.711100981911516 0.712538103301094 0.710067593088115 0.688394203727389 0.671372204051663 0.66379937960927 0.658041124975302 0.669041539439452 0.682944485407402 0.693812572899868 0.710593783882699 0.72834038690854 0.763340033410787 0.791931263616089 0.807662864685045 0.818185127489312 0.828544519084039
-9999 -9999 -9999 -9999 -9999 -9999 -9999 -9999 -9999 -9999 -9999 -9999 -9999 0.66267578299481 0.660018163697081 0.649096680449379 0.513289752969148 0.462106055661823 0.588342957836784 0.537835491939763 0.556761358478741 0.623997017242689 0.631256967066696 0.671104289170674 0.679188218040846 0.680979485864083 0.698566422937551 0.702890164726222 0.702945964661738 0.711849064678272 0.731181820704693 0.733758793204708 0.75747782353062 0.755183110232862 0.761322557150411 0.771454838977436 0.762612132392728 0.741110695353967 0.752088228848426 0.751044361139875 0.738326971418708 0.735902068605125 0.731138666937025 0.728826901864132 0.717936053433606 0.698189560896153 0.678540968680911 0.653822035504816 0.651209758268574 0.661487094859599 0.676296128996095 0.684067162746224 0.69898393562539 0.711572816994451 0.757042631851359 0.775343323572239 0.795612070487182 0.80559453664972 0.813513561862884
-9999 -9999 -9999 -9999 -9999 -9999 -9999 -9999 -9999 -9999 -9999 -9999 -9999 0.675670606293545 0.675411755894655 0.673217069181373 0.601438879795102 0.491577404114741 0.566977219443953 0.540056553331919 0.531952508757714 0.610113737713276 0.616272432935623 0.64626480445016 0.665466301256689 0.667822633203305 0.663362580235276 0.652756600542691 0.641852625007276 0.641904716062142 0.684903837228868 0.712727589937187 0.726010567842975 0.736591170849702 0.750028468003563 0.754788311907195 0.757550680972952 0.739689040257536 0.715959214529993 0.748922358577553 0.755960598358131 0.750107428125569 0.741040330767085 0.734086004725236 0.703676648469079 0.688030203669758 0.660636622208558 0.652476339635695 0.651518726236057 0.655686244210003 0.66606251823084 0.68074131236484 0.697940634900733 0.720210077352345 0.741655325194664 0.761553107407765 0.773483242493054 0.767697854939782 0.777116507356688
-9999 -9999 -9999 -9999 -9999 -9999 -9999 -9999 -9999 -9999 -9999 -9999 -9999 -9999 0.675339964446763 0.667613816032726 0.658321853900959 0.596533326947597 0.482928317517156 0.464678518691607 0.491479433457605 0.627077804229706 0.650145001186847 0.650194883333088 0.642343117282431 0.644715777738772 0.647994345748068 0.635360031700143 0.627449160003582 0.617235494104477 0.657898297589881 0.700595682507388 0.71624522120052 0.724481976011384 0.73944708191867 0.74632787989431 0.737603667226715 0.746280252989309 0.7354905598583 0.724735957938333 0.71205628328904 0.732281323183954 0.733807137666794 0.716259018100075 0.682607330257975 0.661496439690373 0.643779875916052 0.633474157525616 0.621964430885496 0.62717670610592 0.642723655101128 0.659707490986035 0.681338539176002 0.703802755451428 0.723772775883366 0.749714601721603 0.747395606531143 0.751677082250161 0.758342701847764
-9999 -9999 -9999 -9999 -9999 -9999 -9999 -9999 -9999 -9999 -9999 -9999 -9999 -9999 -9999 0.663179044674723 0.672781144015266 0.657867054900068 0.579786255182194 0.488094525676156 0.532296116815294 0.591513202043779 0.682788074996576 0.665021459235586 0.617779266668215 0.61930858156313 0.631357903101192 0.626099687343393 0.614271919524561 0.61074305845684 0.629220514244492 0.637063850927793 0.644018470178205 0.650384907915279 0.658074249437967 0.664028828647985 0.666581121797375 0.667301555631916 0.68965127535923 0.671782856249513 0.630732514207328 0.670563046467832 0.702222115804648 0.688690059572204 0.670710746580195 0.631798072038803 0.606874823375466 0.601154869520131 0.603895312618544 0.608478254344273 0.625354900891186 0.645883324953933 0.664437550662286 0.69176254905741 0.716916104066316 0.726184760269985 0.722771999697227 0.732678578071057 0.725560326374722
-9999 -9999 -9999 -9999 -9999 -9999 -9999 -9999 -9999 -9999 -9999 -9999 -9999 -9999 -9999 -9999 -9999 0.665631546467178 0.591903461601624 0.496434558226261 0.535598266616558 0.537461538531369 0.615304267157593 0.638764927251664 0.615627972519678 0.60187410509987 0.612670738988552 0.605612206544759 0.589568885756488 0.592994809807718 0.615117665170346 0.63317840992084 0.641518487062767 0.647144843752574 0.657721033409973 0.678683461527084 0.684341816437142 0.673970289254349 0.707527027572998 0.694849404607616 0.669727271666092 0.663593360978312 0.661845580601803 0.651560483963941 0.63792178382488 0.61316527473704 0.598879105164988 0.5923073394169 0.593292076684934 0.594791629438074 0.610307964928923 0.632391939842085 0.660185939770666 0.702830401195675 0.689238410608226 0.653748585930909 0.645654321099874 0.689947976123802 0.722597648102786
-9999 -9999 -9999 -9999 -9999 -9999 -9999 -9999 -9999 -9999 -9999 -9999 -9999 -9999 -9999 -9999 -9999 -9999 0.613309939679015 0.504392945207933 0.488825508904416 0.522740095474352 0.485384117069902 0.564369669473194 0.584027271086518 0.575623773639876 0.576065865565574 0.566319289477248 0.562776230498733 0.590252439897983 0.593753037953723 0.617366357656686 0.627829919334651 0.656587255017007 0.678168255591273 0.690692397926346 0.681939936197442 0.702198203245433 0.712013934737226 0.704313764476396 0.671418153464328 0.634081384422794 0.636449006893104 0.64811923400831 0.635789022294262 0.619353466118741 0.606906811732578 0.596529821265347 0.584908744362175 0.592472669265497 0.598894009571264 0.619659152047627 0.670452915622735 0.655708587420947 0.652818026669292 0.601509376379597 0.600142920550637 0.61739339349304 0.638859653747501
