layers/veg_krg_50/veg_5700.asc
NCOLS 128 
NROWS 165 
XLLCORNER -2985163.8955 
YLLCORNER -3022031.214 
CELLSIZE 50000 
NODATA_value -9999 
[rows 26 to 51 of 165, columns 0 to 58 of 128]
-9999 -9999 -9999 -9999 -9999 -9999 -9999 -9999 -9999 -9999 -9999 -9999 -9999 -9999 -9999 -9999 -9999 -9999 -9999 0.551595518331188 0.450842224067674 0.378120174469151 0.249669820388335 0.307216539145666 0.308313651547795 0.224234332204703 0.214756732136678 0.253852489404691 0.278388639557476 0.294642731124999 0.277859865905579 0.314658956496401 0.347619984123311 0.442442941501962 0.488163249367904 0.55167877243824 0.59196269564675 0.62054209634264 0.643168500026429 0.654063059731036 0.644015748318654 0.648596204085826 0.662509966069342 0.672048755076761 0.664923233409431 0.65934588758711 0.658259426761984 0.649234275406578 0.638653246970424 0.646596888442457 0.654014005712133 0.646497119466741 0.642311111383169 0.643042281920739 0.640418506804192 0.638710376558893 0.617745100698435 0.599157003459835 0.595732945507642
-9999 -9999 -9999 -9999 -9999 -9999 -9999 -9999 -9999 -9999 -9999 -9999 -9999 -9999 -9999 -9999 -9999 0.60343556470739 0.563036030288945 0.530064587766862 0.415097172263345 0.32612135114482 0.265676861718127 0.297579713646832 0.274511950936843 0.249764968904721 0.256765932034441 0.270226020022924 0.2831273040313 0.29054794173355 0.271221480886249 0.390876787373491 0.484278482205367 0.539941301948759 0.569210604461309 0.605153754402223 0.637649054690935 0.664426461651765 0.684309149747866 0.692553812203194 0.689944497105782 0.69601536047916 0.708229740604291 0.711474835723559 0.710261545599097 0.703905261567502 0.696154687710987 0.686199707087804 0.665208603691222 0.6821464399336 0.684392647760177 0.684284914842209 0.681154258678818 0.679812503716897 0.675271618278717 0.678646322033973 0.651627187886857 0.631902560582404 0.634168369546207
-9999 -9999 -9999 -9999 -9999 -9999 -9999 -9999 -9999 -9999 -9999 -9999 -9999 -9999 -9999 -9999 -9999 0.602226642195628 0.569849761135413 0.444299072169147 0.347443288155409 0.216479977123977 0.290872199700365 0.317594294326007 0.309104580155747 0.299396402921663 0.270966631091388 0.276530484939014 0.285244981185022 0.349892861664236 0.497842138299687 0.54740269612447 0.574490314842824 0.599256743686952 0.624352654781609 0.655559437851824 0.68656336637811 0.703631821667483 0.725456840652944 0.743805068887842 0.74296516281074 0.738125662496726 0.747399948774381 0.750980200190656 0.752227155524525 0.733795920892995 0.723798611204247 0.714257092145786 0.691644433079142 0.719726511066442 0.718260110002691 0.718835774212943 0.716367087168458 0.715738049802648 0.710529371407898 0.711839512532989 0.683824208973685 0.668504758842456 0.668365236314235
-9999 -9999 -9999 -9999 -9999 -9999 -9999 -9999 -9999 -9999 -9999 -9999 -9999 -9999 -9999 -9999 0.648827474423402 0.636915404292376 0.549818612768283 0.373972193755196 0.310016502267511 0.255767044369674 0.298588752352423 0.342703298526246 0.332240440808953 0.297592616201397 0.278731625470764 0.31980392324862 0.371746679154465 0.538354389036952 0.585847702336297 0.615350539682162 0.639120308249207 0.658379554066136 0.687331424910802 0.727009608577436 0.737524155343868 0.753611257669236 0.763354986630498 0.77695553586074 0.784874692369303 0.784745079899988 0.787538339367252 0.790216113801452 0.788951835716325 0.774457102042549 0.760175246614876 0.749092073016759 0.727367532574612 0.750035552257905 0.751885541637104 0.754427782106839 0.748609779210465 0.745696782923558 0.74226600273024 0.73168467239514 0.699638728177044 0.699246692232116 0.694141287608098
-9999 -9999 -9999 -9999 -9999 -9999 -9999 -9999 -9999 -9999 -9999 -9999 -9999 -9999 -9999 -9999 -9999 0.6011138881048 0.486641499497127 0.334744272650419 0.254493332925128 0.316397458457402 0.342258123063344 0.403072228270284 0.419183605449387 0.374813880807118 0.380975837159205 0.520712840441865 0.586499416295324 0.613580159684471 0.645446109314819 0.6845918300146 0.706097603003566 0.722689256766196 0.748309035094419 0.771421334123265 0.783990189520299 0.796086488186874 0.803565196439486 0.809452488600636 0.814062650397392 0.81678055975585 0.819278571696644 0.824452900688316 0.824172345304966 0.811204373251374 0.792780027789026 0.781509253449311 0.773194063087037 0.779244280883734 0.782570643536349 0.783140176043953 0.777412575145835 0.769692274354941 0.769885134588215 0.753686466493181 0.721756098459479 0.718202509304898 0.717386965949456
-9999 -9999 -9999 -9999 -9999 -9999 -9999 -9999 -9999 -9999 -9999 -9999 -9999 -9999 -9999 0.612800034151643 0.595581256613924 0.534897816772405 0.364945738445798 0.245855139142405 0.281375294267155 0.416727979473345 0.443008932188314 0.443503518757018 0.471231869771099 0.519609548938232 0.581846737186433 0.624812055236439 0.664177800557932 0.672000581024572 0.711534345592997 0.754560051041486 0.773505557683879 0.785993166313398 0.812001167589873 0.817568443610304 0.823718385039856 0.831353771190656 0.837742160684553 0.840762503763509 0.843790095362976 0.846051793179911 0.846739813611634 0.84757577016698 0.846629280062318 0.834081394293597 0.822208283836211 0.810186402957995 0.798567447728728 0.802474834948212 0.803608500069376 0.807807269364762 0.802254854550197 0.796308006447777 0.792881562609062 0.783330013013526 0.7667206283243 0.743163077430471 0.736945252727285
-9999 -9999 -9999 -9999 -9999 -9999 -9999 -9999 -9999 -9999 -9999 -9999 -9999 -9999 0.592100996412452 0.592223635963343 0.556861319626029 0.413360543345368 0.268458811380401 0.28161917722446 0.392295288498799 0.475633927944843 0.4923018984439 0.538226310884836 0.574718414940783 0.611299796074625 0.642433778460976 0.681210392499527 0.74106753832434 0.761591291462328 0.786002330063388 0.819090320830112 0.838716208506617 0.842652798102348 0.862685198225519 0.862897384647729 0.860256060203366 0.857992581978935 0.86380063705365 0.865915899403735 0.868395961327441 0.867453640594786 0.864599511008976 0.85902584274327 0.851930543036094 0.845820616836941 0.835797980203487 0.82498370753316 0.814490033394878 0.820752960473136 0.822273014764969 0.823435416971109 0.821986013013279 0.817640785302957 0.81386092470141 0.807199714971091 0.798861822812808 0.785665595004636 0.773609738886349
-9999 -9999 -9999 -9999 -9999 -9999 -9999 -9999 -9999 -9999 -9999 -9999 -9999 0.577231329614384 0.571506245477172 0.570695426835388 0.420900516980536 0.272299299434015 0.207169286911344 0.359259520202241 0.470079091431919 0.549891149047681 0.591156122111559 0.617989074120732 0.637639399805364 0.663058590580712 0.680326049039096 0.716400490752266 0.768550720457463 0.82220680106367 0.856072168490654 0.89069629025697 0.902285569298482 0.910527157598553 0.902766204790745 0.895886050743476 0.891018175788058 0.885951405886019 0.87811661357654 0.881741558769578 0.882092899188681 0.876379813494405 0.868628868566919 0.867617076474728 0.84997439598505 0.84812110270026 0.840441960193219 0.830906678361894 0.82539771716577 0.832680792969254 0.832813386175169 0.834014408663468 0.8379948494804 0.835557495647473 0.833270787291805 0.828062931812723 0.821660708832261 0.815892875234015 0.819666564044692
-9999 -9999 -9999 -9999 -9999 -9999 -9999 -9999 -9999 -9999 -9999 -9999 -9999 0.588041103244873 0.587124788400937 0.569821690830502 0.37819370642682 0.226465766779186 0.177806186970957 0.341402269528294 0.518571461905392 0.609493857823079 0.634030146733174 0.658468901673832 0.675903066863723 0.696367351149604 0.724405302103942 0.764492732423177 0.787457798929621 0.839548886138637 0.885665763229317 0.923472224185709 0.941167322590758 0.938224792241863 0.925655034707378 0.916841775770172 0.909333405391284 0.900531618779077 0.89975538740572 0.893711825443649 0.88876638894594 0.87688623512389 0.871665891976516 0.863369054775796 0.844524201346198 0.843550439656297 0.834854711919345 0.820762650676222 0.828304211827254 0.836871747516409 0.836681788831821 0.83335359414856 0.845144222944494 0.852696918914582 0.849243292899827 0.846248358423431 0.84341125595415 0.839620095024086 0.83888887212574
-9999 -9999 -9999 -9999 -9999 -9999 -9999 -9999 -9999 -9999 -9999 -9999 -9999 0.59324422386166 0.597794352746754 0.559957927417873 0.312282927968084 0.222799361894188 0.25125643393287 0.444148141273375 0.560384706603466 0.631283207856483 0.659820707057297 0.687814197327845 0.706990928043995 0.729898037154685 0.755511580242064 0.784735431792089 0.820713526521965 0.859251309005719 0.893298886324004 0.926321501822354 0.952253551822966 0.945835457370026 0.937629812166471 0.927377597386979 0.91692322041763 0.909406927666773 0.907832420922972 0.899875072686258 0.889926119096102 0.878331731555483 0.870868451698477 0.85609527747736 0.838792012073736 0.829884809344129 0.819724080997473 0.807984722154142 0.814301315346534 0.821154086188779 0.82291474259384 0.83371518782287 0.851089481930235 0.862116217095676 0.862177474446089 0.863169065596817 0.861366805597285 0.858912698687744 0.851663214391909
-9999 -9999 -9999 -9999 -9999 -9999 -9999 -9999 -9999 -9999 -9999 -9999 -9999 0.597514694737329 0.593580551228175 0.585204712461652 0.285268020239655 0.248419368492567 0.359488819251389 0.546260617407124 0.60110325667342 0.647400748729819 0.681546513362712 0.709405109856469 0.729974912723637 0.751647181603858 0.776434185541719 0.802456228149756 0.832474537733996 0.862591608243723 0.888879795778325 0.911808238768677 0.934561641621683 0.943828364624197 0.938161714793644 0.92946780499921 0.921890564327134 0.916018494927942 0.907848111955448 0.89868947327547 0.88762468147295 0.877150690977166 0.862035808128644 0.837781613440069 0.826837952295523 0.810280504458065 0.794221928790858 0.784933995198715 0.782879994984822 0.800632563515728 0.809479015091264 0.829901158739449 0.849529153596137 0.865742513407265 0.875195103848943 0.878571220241499 0.876725374404711 0.873195348833706 0.857277571652575
-9999 -9999 -9999 -9999 -9999 -9999 -9999 -9999 -9999 -9999 -9999 -9999 -9999 0.606994596554135 0.63073397473455 0.599481908933079 0.300357625721652 0.285279846858697 0.384847034841273 0.571526077043659 0.628619039006212 0.661941297203094 0.68926101329418 0.712325047146922 0.737840456920984 0.766638606534901 0.78973045253179 0.817344546642929 0.839862292045306 0.863773814221947 0.882617377260581 0.894686250684672 0.916502659264955 0.926127562735469 0.922081930488158 0.916532970379026 0.912188015431267 0.906940769601437 0.897688787680306 0.885575417473014 0.880208686530043 0.864647729194898 0.835301061000641 0.817697757400995 0.795208652836746 0.782072432090475 0.771340547012164 0.768702806225977 0.77558553075415 0.782826102844984 0.793402949518213 0.812468132681302 0.836546243304945 0.85933023586493 0.876980351192097 0.888183229976578 0.892358965126561 0.882344143003492 0.878157091395621
-9999 -9999 -9999 -9999 -9999 -9999 -9999 -9999 -9999 -9999 -9999 -9999 -9999 0.571836523660392 0.603751034342422 0.604037501599604 0.476841677789408 0.344665784537221 0.413661202820345 0.607050948776309 0.669378687722874 0.697045722643675 0.694220360237365 0.713128262227864 0.734872947213765 0.757610779180724 0.778234650120401 0.80217953558361 0.838661558941597 0.855466179303366 0.871004375483815 0.889621345041984 0.903174759070245 0.908767830961091 0.905814528886409 0.902657491795166 0.900321668255919 0.892620152968315 0.884988412481415 0.874736942317567 0.86637660618281 0.842307222361488 0.802963342531302 0.783332138190471 0.768042071910162 0.759048214691798 0.754190648112616 0.753643074268644 0.765143171800582 0.767818015063031 0.77878087224153 0.79611901369707 0.818296938274237 0.847227497835555 0.878757165113665 0.899493602276144 0.905029216311431 0.890435048940979 0.882632564050017
-9999 -9999 -9999 -9999 -9999 -9999 -9999 -9999 -9999 -9999 -9999 -9999 -9999 0.605912678634616 0.59693893392187 0.596410272223932 0.471388227809863 0.353820462827478 0.458312912303028 0.650626603701304 0.689993565744212 0.712560265509986 0.729622495890703 0.734989769265868 0.735532424253068 0.753138633917197 0.770169876920034 0.795199755496738 0.816459675063387 0.830940288759014 0.843494915945234 0.860418386962851 0.870765166818625 0.877796809234607 0.878596107045975 0.884027851842234 0.880990536406169 0.877103207791599 0.866374617498554 0.847349272762577 0.822837870896832 0.800483309323707 0.780760306398921 0.761884770501702 0.75189710655964 0.746115687955669 0.741272050418008 0.740733005929795 0.744726968629636 0.745940219065483 0.754176413453186 0.769792770085177 0.79601438570819 0.833918897766792 0.878296252082861 0.912316043903896 0.922083004937565 0.906255434745202 0.886348630736748
-9999 -9999 -9999 -9999 -9999 -9999 -9999 -9999 -9999 -9999 -9999 -9999 -9999 -9999 -9999 0.547203052287647 0.334357598180404 0.398621264905567 0.545316806863395 0.643655243738389 0.689532260010616 0.710720544541096 0.726355495393112 0.742299865382022 0.749797286797109 0.750615290917553 0.763022606145154 0.782041592924986 0.798625206290166 0.813771036902457 0.825764550477547 0.842602769272827 0.849424761599197 0.853364368377109 0.859917181775769 0.856815260883671 0.852843525411837 0.835365936670291 0.833245072004145 0.814712227397612 0.804820987618821 0.788915035422603 0.765872644769356 0.743357270181626 0.729898752791794 0.723843323756585 0.71567998130173 0.71263201713717 0.72289995173809 0.73035115276171 0.741894402165297 0.755258966341003 0.774944292918184 0.821350992793056 0.88084452294895 0.925239105210426 0.934299328171549 0.911696244636061 0.888353085845209
-9999 -9999 -9999 -9999 -9999 -9999 -9999 -9999 -9999 -9999 -9999 -9999 -9999 -9999 -9999 0.537271632386963 0.407130478261532 0.400807180763653 0.549147828301235 0.629640863404861 0.679492324495069 0.70420933862601 0.720247595422107 0.737432297271526 0.747597536856629 0.750961013572907 0.752947537283827 0.770788007980494 0.78498633529135 0.795395831409825 0.801201674014221 0.814983385293037 0.822813207024085 0.82855731492556 0.832313667307571 0.819522087349695 0.817619359395805 0.801759733632292 0.786847448000159 0.781800122134404 0.776684565840201 0.767915136180101 0.738496398041902 0.71804356318421 0.705881035732981 0.693909550211595 0.687479830793648 0.686490985622986 0.706314983725566 0.718315856629605 0.734809871830362 0.752310251939825 0.7778470691152 0.819478333077624 0.874418080593044 0.914108596724783 0.921410934438498 0.909199039424527 0.890381242600287
-9999 -9999 -9999 -9999 -9999 -9999 -9999 -9999 -9999 -9999 -9999 -9999 -9999 -9999 0.616457060500868 0.577910569853093 0.441756065607815 0.451435835103059 0.568953855672419 0.636628143682957 0.65736761068007 0.691402815758008 0.704946652951757 0.722484849771424 0.733424590811133 0.745875812178809 0.754050373452146 0.759304224754787 0.769281438882298 0.776775534920516 0.779161481877062 0.791033617428786 0.798244474494456 0.789751931882064 0.79607400401783 0.786759539441559 0.783822120493858 0.764312583502392 0.744586192506405 0.740495000765405 0.737676671921358 0.730776683334677 0.712138051540316 0.69307425284427 0.672155661502905 0.664559092110088 0.665389512455414 0.671051553487127 0.692127534805995 0.704747271710834 0.724246854866784 0.747180116252079 0.776726399616623 0.814980948411807 0.857225580421097 0.883746599022711 0.894616715847485 0.89128650392621 0.881309318385474
-9999 -9999 -9999 -9999 -9999 -9999 -9999 -9999 -9999 -9999 -9999 -9999 -9999 0.614581583376062 0.640450991614455 0.582256772931761 0.478927179089696 0.423341782725004 0.558966736315661 0.648936869889816 0.655382884222384 0.69244340898926 0.699063226801873 0.703095777502397 0.709784929405037 0.725939949916666 0.739775731998206 0.742684479236391 0.752922116688743 0.756832208186958 0.763809113161759 0.759455249198819 0.762525114014567 0.756287481311451 0.754108348753443 0.750216563227074 0.742786446161797 0.723523679717449 0.712697177114641 0.704647513284275 0.70546145723609 0.70680220195638 0.685917517207752 0.65347893881964 0.645237474807265 0.642886058545818 0.642780001760341 0.651661052957176 0.671045512191657 0.687332585804143 0.707164947961596 0.734210929837764 0.76731186931863 0.799619020460392 0.829598233838791 0.854378842333298 0.869688568224447 0.875570287424052 0.870467225860354
-9999 -9999 -9999 -9999 -9999 -9999 -9999 -9999 -9999 -9999 -9999 -9999 -9999 0.671513289862908 0.692223972814514 0.593750433666754 0.498238894153086 0.497276830753242 0.567830901509853 0.680841634170317 0.68378750965707 0.69388784044565 0.691365985966254 0.691031369833685 0.690037165295272 0.695882264528054 0.702339687520872 0.716540163920657 0.73014023874484 0.732904244291846 0.729575562651761 0.731163208477325 0.725892065211602 0.729045015297359 0.721442052544835 0.710032951481763 0.698760113180467 0.683664897039594 0.673166487254269 0.680277325313865 0.670404085708197 0.658554063431034 0.641021905220445 0.638278708448394 0.621060472912837 0.619406225483052 0.621311245375635 0.63284824917311 0.649813752564421 0.668206749216114 0.689078942229445 0.717418754745656 0.748006732129591 0.776661884983849 0.800087766505992 0.821663508535414 0.847188706442343 0.852749516951752 0.851333245027429
-9999 -9999 -9999 -9999 -9999 -9999 -9999 -9999 -9999 -9999 -9999 -9999 -9999 0.716611598669218 0.708982092190521 0.6248491815493 0.420362819223643 0.474038528884301 0.602921642924287 0.633855893124555 0.619152501993973 0.649107782411105 0.638230204676941 0.658939965343335 0.664464726700065 0.666455063992085 0.67678292896813 0.688517547415374 0.687390708024084 0.686295204746533 0.693281367778719 0.694281115280774 0.688489217235392 0.684731722158105 0.690556415245634 0.681906267861995 0.675074528065276 0.676949938797399 0.657506704164104 0.6380276737321 0.627668161269514 0.622893647334243 0.617446622547319 0.615775917015262 0.61846794866775 0.606763037834939 0.600496547754978 0.60448082121814 0.622915328277963 0.643514329560722 0.664602123768152 0.690070336221323 0.718692898068732 0.74614740976675 0.772243817994237 0.797919666301842 0.815949177986577 0.827194784810223 0.83142530054238
-9999 -9999 -9999 -9999 -9999 -9999 -9999 -9999 -9999 -9999 -9999 -9999 -9999 0.721604979912057 0.711422339569482 0.699359705103476 0.548895390125973 0.483654229040405 0.60288476414481 0.543094834622348 0.55162207487157 0.609115770460026 0.606178718034771 0.634021694496537 0.633961662736412 0.639245592451672 0.652909729839695 0.662993165655529 0.661036444793476 0.665053338735728 0.664935422687824 0.664622690939113 0.665163129347701 0.666398750307913 0.671452632522678 0.674015235434668 0.666906905332053 0.663783424289865 0.659569836085934 0.641917023407141 0.625551953414253 0.613413213869748 0.610300415577261 0.605084863660282 0.604779540058754 0.594022907721313 0.570733442954494 0.573836083895018 0.592558297268525 0.615975031648203 0.63514586158366 0.662384197037253 0.696955915789049 0.724939815503667 0.751293104265626 0.768653864023081 0.784435992801845 0.797618649214555 0.813606591772308
-9999 -9999 -9999 -9999 -9999 -9999 -9999 -9999 -9999 -9999 -9999 -9999 -9999 0.691466453566777 0.691894914108485 0.693190895105319 0.625510668623051 0.513154218506098 0.573204738802839 0.54310161283184 0.529929570997463 0.59603774278489 0.594895071724089 0.603598739867906 0.601540664681163 0.610742442036904 0.632375411798617 0.640177902869818 0.636354704834884 0.639216746292825 0.642505407949622 0.64659591299344 0.643315413177326 0.646031333277004 0.645312646396968 0.658161088978215 0.658437450095397 0.643930159195755 0.655280858713821 0.667588958928539 0.658380666161191 0.638653747522847 0.606709855282245 0.595078461968887 0.597017495890034 0.601458279656641 0.563371439684427 0.561274547137425 0.563289028187049 0.594035844540839 0.604890007523953 0.632175524480781 0.665618557563922 0.698673956372841 0.71842056454885 0.733244473403596 0.750489678963025 0.765057971920151 0.778386766850974
-9999 -9999 -9999 -9999 -9999 -9999 -9999 -9999 -9999 -9999 -9999 -9999 -9999 -9999 0.696593528747561 0.701593238864962 0.668740584514751 0.593484190614606 0.498920724439797 0.486874497889267 0.496115595805583 0.612740593821449 0.619899623065028 0.611107429376159 0.582934686354107 0.579744801894748 0.595559779885348 0.596156296086659 0.612013771709425 0.612143747383402 0.62250583054671 0.63206546766121 0.632172568151189 0.632116433468886 0.627535437293333 0.636971101303755 0.625938048561746 0.616455656883476 0.632408562709279 0.647773639697489 0.645336873095825 0.638925932493997 0.601394572789736 0.574489917385268 0.604243449798354 0.58795912102566 0.56725066846814 0.571074459116117 0.580643149993233 0.590258951110498 0.586601089827327 0.607357422342073 0.616129883445446 0.644456859265865 0.677143396883468 0.700092544385378 0.720426097482807 0.736155214217028 0.749677903659108
-9999 -9999 -9999 -9999 -9999 -9999 -9999 -9999 -9999 -9999 -9999 -9999 -9999 -9999 -9999 0.706524419306497 0.598388005832465 0.562410976413747 0.527318446000193 0.490685658439139 0.523610790837493 0.564267996967911 0.608194498514402 0.593203793466432 0.549130439994779 0.540920800505317 0.549449490356014 0.54806781488584 0.544141000171431 0.538996504808557 0.566570027356013 0.610199845131961 0.611861835434623 0.635159799746542 0.645457848517537 0.628023191070062 0.591782078030873 0.518455216627291 0.545622714140217 0.607881338463908 0.568288615526371 0.591259526433227 0.612248409724332 0.599189681931218 0.589287175403899 0.552971899792567 0.540233318940372 0.535808753384677 0.543464895155553 0.553125132035723 0.561608706543513 0.57549387456166 0.592483661688022 0.599976018989162 0.618038158920982 0.654066883406039 0.691057650135939 0.70780949934553 0.719007556249794
-9999 -9999 -9999 -9999 -9999 -9999 -9999 -9999 -9999 -9999 -9999 -9999 -9999 -9999 -9999 -9999 -9999 0.575578713735623 0.531536124853216 0.481946476407804 0.50863731835974 0.50756952724132 0.552676357548089 0.575835336822119 0.548163682994835 0.52901140979419 0.526482793983298 0.520215694586513 0.509853490960608 0.531542321322825 0.55124018403032 0.581010740251035 0.630949737243513 0.637279108362669 0.625045593330822 0.572450751414399 0.530998470723752 0.531394392586372 0.552987987412029 0.568140870426004 0.563525280048962 0.567750109861727 0.559607605791022 0.560403714407045 0.558628472988693 0.538869795325963 0.512662025582188 0.51377095728053 0.51782048347088 0.525148973250318 0.537420672578395 0.551717450275818 0.564049398239461 0.575281832024038 0.591228067121653 0.603758902592836 0.638588550175571 0.668975386209951 0.68481890850734
-9999 -9999 -9999 -9999 -9999 -9999 -9999 -9999 -9999 -9999 -9999 -9999 -9999 -9999 -9999 -9999 -9999 -9999 0.544262056377924 0.470130053594671 0.460596817175561 0.479747331262285 0.443151334209296 0.509545197158891 0.510546057863386 0.489807638635507 0.484444523636871 0.480235094803462 0.508317723062507 0.512314750774043 0.522321088304864 0.589094699976099 0.62297639326573 0.58829564937334 0.573783646281677 0.571893159146422 0.572174466016428 0.565768894672524 0.559655691455724 0.551795647845017 0.565984635430812 0.562123579440123 0.548465626679008 0.535065883437252 0.523401130760877 0.511677027662055 0.493481662403192 0.490203117174054 0.481367381975616 0.491847684658974 0.506972290223394 0.517007688161973 0.527890727843957 0.5537014699423 0.552178710375168 0.567779670972313 0.600985483996302 0.631646889949346 0.648341314549356
