layers/veg_krg_50/veg_1500.asc
NCOLS 128 
NROWS 165 
XLLCORNER -2985163.8955 
YLLCORNER -3022031.214 
CELLSIZE 50000 
NODATA_value -9999 
[rows 26 to 51 of 165, columns 59 to 117 of 128]
0.532730294201271 0.53621711959416 0.537699873682541 0.540561910647667 0.59838382736846 0.632121151770686 0.650304243327342 0.697723114152045 0.697600808381085 0.651459388370259 0.679854267663917 0.716396677333002 0.720867864287739 0.750235125797669 0.800632663532543 0.81449416262898 0.766376896214564 0.864196381379236 0.908447101685843 0.903813690213163 0.921021903235304 0.939124173377833 -9999 -9999 -9999 -9999 -9999 -9999 -9999 -9999 -9999 -9999 -9999 -9999 -9999 -9999 -9999 -9999 -9999 -9999 -9999 -9999 -9999 -9999 -9999 -9999 -9999 -9999 -9999 -9999 -9999 -9999 -9999 -9999 -9999 -9999 -9999 -9999 -9999
0.573830584784748 0.574592845912278 0.573883184793022 0.574069572201696 0.612605080724598 0.647010027470495 0.65328269037776 0.707453517491076 0.710526146063111 0.694136269112837 0.700380555693901 0.704406374004155 0.732806888837669 0.756423742875411 0.775759433514378 0.798851460147494 0.840832852426008 0.858529600763785 0.868439400014561 0.887780126237594 0.901108506478815 0.925863339562304 0.949309686347849 -9999 -9999 -9999 -9999 -9999 -9999 -9999 -9999 -9999 -9999 -9999 -9999 -9999 -9999 -9999 -9999 -9999 -9999 -9999 -9999 -9999 -9999 -9999 -9999 -9999 -9999 -9999 -9999 -9999 -9999 -9999 -9999 -9999 -9999 -9999 -9999
0.611174962331949 0.611393847132049 0.608904500316409 0.608315780502453 0.659567242765077 0.679207721075956 0.732292934483326 0.735324927286841 0.718487900272985 0.716780065409275 0.727097727017226 0.726114105511559 0.728724933954899 0.733951527537408 0.783102577672279 0.85421447601334 0.855495575315105 0.862184097979835 0.885470023315989 0.904855998841887 0.908706906501977 0.918575175718074 0.946645966071876 0.950381461350337 -9999 -9999 -9999 -9999 -9999 -9999 -9999 -9999 -9999 -9999 -9999 -9999 -9999 -9999 -9999 -9999 -9999 -9999 -9999 -9999 -9999 -9999 -9999 -9999 -9999 -9999 -9999 -9999 -9999 -9999 -9999 -9999 -9999 -9999 -9999
0.648367233769435 0.650056727656818 0.661661893310933 0.686487078347404 0.690963746768515 0.69002256554993 0.723779531479117 0.751053010319199 0.733827696787633 0.728205323066656 0.745816865126483 0.735482493029124 0.741378315828913 0.742175408601672 0.810864120852979 0.853314751542425 0.856003632632854 0.870573387498672 0.891845830580192 0.903485409635158 0.916663871694513 0.92822453332577 0.94512296217717 0.949843786546392 -9999 -9999 -9999 -9999 -9999 -9999 -9999 -9999 -9999 -9999 -9999 -9999 -9999 -9999 -9999 -9999 -9999 -9999 -9999 -9999 -9999 -9999 -9999 -9999 -9999 -9999 -9999 -9999 -9999 -9999 -9999 -9999 -9999 -9999 -9999
0.680256149823749 0.693295751371023 0.711863099805808 0.721003551351213 0.717899348905873 0.720450214109552 0.739080276492682 0.786592544321505 0.824366169305126 0.817255803068486 0.803156435150852 0.800578866204808 0.800596547857708 0.811263491854276 0.822463450262483 0.834357422268267 0.853250338615943 0.863233344191813 0.879313249231917 0.900496979180522 0.926018630452729 0.941498387302607 0.947917077810528 0.950146195521786 -9999 -9999 -9999 -9999 -9999 -9999 -9999 -9999 -9999 -9999 -9999 -9999 -9999 -9999 -9999 -9999 -9999 -9999 -9999 -9999 -9999 -9999 -9999 -9999 -9999 -9999 -9999 -9999 -9999 -9999 -9999 -9999 -9999 -9999 -9999
0.726341339582678 0.73594688726601 0.740607122236602 0.740072037116381 0.740774232770308 0.723907318945041 0.722520314613972 0.760689263362678 0.811443084466223 0.806571132174522 0.787895686645118 0.791178971382859 0.785382502084848 0.786494479550464 0.806333533328223 0.819404727578909 0.838881249565158 0.861789303248956 0.870524534752964 0.899622102554115 0.932149888608113 0.945175725071823 0.951037727107972 0.947570821698993 -9999 -9999 -9999 -9999 -9999 -9999 -9999 -9999 -9999 -9999 -9999 -9999 -9999 -9999 -9999 -9999 -9999 -9999 -9999 -9999 -9999 -9999 -9999 -9999 -9999 -9999 -9999 -9999 -9999 -9999 -9999 -9999 -9999 -9999 -9999
0.763786098431297 0.772658823921681 0.783624758808571 0.773892983274026 0.770078773796397 0.739647696021253 0.747880632873372 0.795787549093133 0.80343785819366 0.785641292362953 0.786693990283607 0.777194201112316 0.770391095133718 0.77973762906833 0.796676750424471 0.801527580439155 0.817479399064947 0.844919861547507 0.856614090696338 0.901464981351363 0.939997104696126 0.952551571687908 0.951274654602836 0.946102439008606 -9999 -9999 -9999 -9999 -9999 -9999 -9999 -9999 -9999 -9999 -9999 -9999 -9999 -9999 -9999 -9999 -9999 -9999 -9999 -9999 -9999 -9999 -9999 -9999 -9999 -9999 -9999 -9999 -9999 -9999 -9999 -9999 -9999 -9999 -9999
0.797385502121105 0.80926888580173 0.808064895177001 0.805790921715313 0.805427890376773 0.783334754512697 0.793994151128796 0.82059494242311 0.811103730375318 0.806760182652024 0.778172418623862 0.779608746845361 0.781792041068347 0.779413342016278 0.773875642033634 0.787251867811977 0.815382071063397 0.838382899089681 0.880632446939455 0.914605947877617 0.947001840173244 0.956430766148065 0.950917998621632 0.933545853809155 0.921486301203146 0.886782648827778 0.855824188899121 -9999 -9999 -9999 -9999 -9999 -9999 -9999 -9999 -9999 -9999 -9999 -9999 -9999 -9999 -9999 -9999 -9999 -9999 -9999 -9999 -9999 -9999 -9999 -9999 -9999 -9999 -9999 -9999 -9999 -9999 -9999 -9999
0.824260916613372 0.833497472769999 0.828516092922234 0.827002139198583 0.830356934208795 0.822666105069985 0.826722840627336 0.831866111029816 0.820647200834918 0.814359581973943 0.781179503282221 0.789223909184613 0.772998328230648 0.771295763568805 0.757333676392508 0.788747271488935 0.827713463694198 0.848054789070793 0.900143019802563 0.938094693703795 0.959670082099143 0.952458876183768 0.936159694436844 0.926821725818133 0.915872218551746 0.875651448180166 0.848254080424271 0.821170484418188 0.805678727179823 0.786096604179058 0.762282911078626 0.733535051346855 -9999 -9999 -9999 -9999 -9999 -9999 -9999 -9999 -9999 -9999 -9999 -9999 -9999 -9999 -9999 -9999 -9999 -9999 -9999 -9999 -9999 -9999 -9999 -9999 -9999 -9999 -9999
0.85344041913505 0.856249651948092 0.851555926264737 0.849995241521882 0.851228689567285 0.855713702173525 0.836771100265385 0.829281423053425 0.820315961456951 0.819536203577741 0.808145741296371 0.801845259124387 0.793285416038966 0.791966891773776 0.789266379044355 0.807453843926773 0.83967296433239 0.882636464916033 0.920711265077745 0.950335098221909 0.9602285742785 0.947326316441883 0.934833944355518 0.922235381306143 0.898768686321509 0.860691176747136 0.830898974399641 0.817503608950175 0.797026250218716 0.774278019865657 0.748234808236977 0.732027050506148 0.718272445990442 -9999 -9999 -9999 -9999 -9999 -9999 -9999 -9999 -9999 -9999 -9999 -9999 -9999 -9999 -9999 -9999 -9999 -9999 -9999 -9999 -9999 -9999 -9999 -9999 -9999 -9999
0.875222515231704 0.87495470112685 0.872627118181814 0.868198776552457 0.86225543229497 0.862848204877408 0.849204708028325 0.835263553091553 0.832524568758921 0.820147636416637 0.814439855231324 0.814360745982634 0.819146020275357 0.815769762046857 0.819827818419766 0.832427305949667 0.854100560577368 0.884547909227971 0.916684125546007 0.94274855061823 0.948829716409705 0.937385464279402 0.923341305409617 0.897741872263949 0.878819110090792 0.845773775871075 0.826704790558954 0.80801792144617 0.785126492963502 0.760454940953078 0.731018986352628 0.720742658596445 0.711338023808766 0.690018757428502 0.684465650272096 -9999 -9999 -9999 -9999 -9999 -9999 -9999 -9999 -9999 -9999 -9999 -9999 -9999 -9999 -9999 -9999 -9999 -9999 -9999 -9999 -9999 -9999 -9999 -9999
0.905115598474387 0.898817480465254 0.887395988770781 0.879009849813565 0.8838509706273 0.877157405157546 0.86580767523866 0.841279719094268 0.827942365459533 0.817249725466563 0.800145516226381 0.800278869971035 0.819784185195037 0.825169765192345 0.831848070468736 0.843009639595577 0.858926476476363 0.883326680932272 0.906670226213755 0.921862427371629 0.925843336350746 0.921842043411346 0.904622106891636 0.883524413313539 0.855698037935243 0.837304486794912 0.816299237575433 0.792272301611287 0.773430743122918 0.750381234626303 0.718629769210519 0.698562973334525 0.687236199864708 0.678732574374523 0.67117938722713 0.670647887407199 -9999 -9999 -9999 -9999 -9999 -9999 -9999 -9999 -9999 -9999 -9999 -9999 -9999 -9999 -9999 -9999 -9999 -9999 -9999 -9999 -9999 -9999 -9999
0.931636223543717 0.924205010449571 0.914516048930802 0.904280564382464 0.894615961574444 0.883208692951341 0.870410405476796 0.847444593870621 0.835199377774748 0.823012715340654 0.805978423271028 0.807200728471151 0.82199542026745 0.831300118937793 0.836212919662937 0.847823269159707 0.861511819989602 0.879401306669532 0.8951011079133 0.902970675493084 0.90387413316453 0.90295288614443 0.888778408239103 0.869180177469921 0.847513940670912 0.827777134342264 0.803315580670451 0.779060589476516 0.759099058666503 0.729357428707255 0.698242137687531 0.668307141157185 0.670143165831358 0.665815196510615 0.654320271159121 0.65262492462543 -9999 0.639675913655467 -9999 -9999 -9999 -9999 -9999 -9999 -9999 -9999 -9999 -9999 -9999 -9999 -9999 -9999 -9999 -9999 -9999 -9999 -9999 -9999 -9999
0.937560062598494 0.930287501585703 0.924697823270208 0.911852555934604 0.898560768207909 0.886242056217556 0.873726233825215 0.851093753165122 0.842425079727563 0.830424923806297 0.80934466919981 0.827258341650987 0.826846689448363 0.836708415596427 0.842930909275206 0.848744178023411 0.86175602345795 0.875981743032691 0.882175501883825 0.886440264436375 0.89406262399656 0.887902613398366 0.87120479162455 0.850684074882324 0.822345277370076 0.807408145313716 0.787318952226756 0.763776203961876 0.73160685521185 0.691570346664065 0.679884024334839 0.642950740612447 0.651880117391806 0.650189733404047 0.639353641970955 0.633565830136836 0.623466417525349 0.62376164926446 0.632039432018753 0.637780309242985 0.652717785820735 0.677617541498683 -9999 -9999 -9999 -9999 -9999 -9999 -9999 -9999 -9999 -9999 -9999 -9999 -9999 -9999 -9999 -9999 -9999
0.931841827383558 0.920516731303886 0.913531001640141 0.905107167952408 0.898095055525525 0.888193881546218 0.875087868529754 0.853628159476527 0.846962465275751 0.836816798852961 0.834828935835054 0.829018718033389 0.829371486204896 0.839747213788315 0.845951354758326 0.853998153709038 0.861373124184005 0.869199106804283 0.873060373008011 0.880080635406471 0.88433174154962 0.875447848519261 0.856539634538918 0.836188210608348 0.81065005700468 0.78705200245778 0.767545346620482 0.749300959140553 0.720945381128167 0.673155533772298 0.645995446403746 0.62706373627304 0.637551089814884 0.632724442066958 0.624445203060344 0.611928063281212 0.598587536477748 0.592746489731985 0.599800745903786 0.627544980588148 0.651203470691226 0.670305601036149 0.659747111485049 0.67019709549709 0.711148984874153 0.753823009998068 -9999 -9999 -9999 -9999 -9999 -9999 -9999 -9999 -9999 -9999 -9999 -9999 -9999
0.908394056799277 0.905985508761312 0.895262341929025 0.898496813296419 0.898595348015041 0.888841239725543 0.877408496699896 0.862336332308529 0.857724162017267 0.840814630733772 0.827061344964802 0.820776006857289 0.832973994643971 0.842673878860482 0.848450215500952 0.854395093165014 0.861135711611778 0.865111176668789 0.871705828723048 0.871085042071943 0.874868683166379 0.863598909247481 0.844606358846035 0.813052467082638 0.78925183947426 0.765127416252406 0.747668661285398 0.703243683494368 0.655090537983461 0.645370971943232 0.622124602842723 0.618048606625788 0.625549460532249 0.61711470978608 0.603340808991197 0.592600798905815 0.579562002467282 0.579804609020633 0.589014413859569 0.624087174226203 0.641149965072451 0.645621712204498 0.609925467233887 0.655755739783512 0.70722751347988 0.754989282647482 0.795064916710815 -9999 -9999 -9999 -9999 -9999 -9999 -9999 -9999 -9999 -9999 -9999 -9999
0.885553458315119 0.884264488847361 0.88125440664947 0.888086324508401 0.897410101955588 0.889222530706282 0.880845395380347 0.871741341869788 0.861307252176024 0.844741541718684 0.82814479978652 0.822896486566253 0.843242566651304 0.84484288109043 0.848068096006333 0.850116606973584 0.859039432236152 0.874389666569862 0.889449975434314 0.87363196471415 0.87852159963135 0.861237014102384 0.840024155655086 0.789841605214373 0.764432742895986 0.752189761316595 0.734854277259559 0.656208302780724 0.62903766955545 0.629476865130312 0.61251648467113 0.602102386390702 0.595962250902881 0.588371064441901 0.578905579662031 0.570372836573326 0.560711339287225 0.563197461401073 0.576180234158386 0.603082391999199 0.626056750373989 0.636112859064003 0.52832463132502 0.554298842044233 0.70223564775715 0.723943739164647 0.767527011997265 0.804193472872504 -9999 -9999 -9999 -9999 -9999 -9999 -9999 -9999 -9999 -9999 -9999
0.866875721677449 0.862557694742412 0.866920671137708 0.883197737647331 0.895530924536534 0.892134720652547 0.885250269141492 0.870876537415598 0.856624331599426 0.85364783079496 0.829919049584572 0.827642665024968 0.846199123942448 0.847367336343211 0.84686289757088 0.853257598743768 0.85711768986997 0.865797754278576 0.862685908254369 0.86105544794565 0.870955310576212 0.859629404895164 0.818922383002321 0.773064138075841 0.731550391899633 0.712715948486055 0.677656295303571 0.634237580096936 0.603635634308684 0.60834859300957 0.59049033378334 0.569168047192624 0.564508470597974 0.559362573556669 0.551445189022827 0.543662261393577 0.543406677084795 0.554662052564001 0.564507564488198 0.579775911113299 0.604796182638353 0.532932775347472 0.492214736881894 0.504761359129106 0.674488870050764 0.666275075279516 0.73545918060178 0.751324754125026 0.827104239810378 -9999 -9999 -9999 -9999 -9999 -9999 -9999 -9999 -9999 -9999
0.874943255181065 0.860000846201839 0.86312168434204 0.874106131043059 0.893261093819961 0.892575829444357 0.884898130540395 0.876063045577772 0.864872720023643 0.861200709203849 0.847575623319346 0.836001478517912 0.848509619353279 0.849441269789884 0.844561240216166 0.853085144364364 0.882323424379179 0.859475004522196 0.849425484851563 0.854826044075898 0.869324924387365 0.846107396790729 0.803473774947908 0.749925249554652 0.696698295047875 0.672088757716063 0.639709128516572 0.628004189282644 0.603392392178416 0.581302912592803 0.564848834199077 0.557122535129493 0.535510857472592 0.537443972715509 0.523480592091468 0.507823285910688 0.524283826574897 0.53923037166248 0.560937717168664 0.574931540619335 0.588121903134889 0.545289342117257 0.481339821492746 0.588609946438496 0.62468480739662 0.605879940469305 0.662801572156177 0.749605313880136 0.813679600408576 0.849678818705215 -9999 -9999 -9999 -9999 -9999 -9999 -9999 -9999 -9999
0.837257698068925 0.833226707957467 0.839153488738915 0.843826246588876 0.86125864799477 0.888505576459694 0.882256910044045 0.870978291517505 0.865267539203022 0.862211852825595 0.834495143344392 0.856797243444805 0.853035602481773 0.850384216084769 0.848060785230405 0.856397994733301 0.845531478870397 0.8535431810389 0.844095159181024 0.847270422078741 0.852945903570222 0.851256216763121 0.853275724647876 0.750662151100741 0.699905034684181 0.652887269601064 0.637594945912785 0.600937707870436 0.595592393575018 0.550812736452311 0.538674275388139 0.517594992847517 0.502385989992618 0.50772163520815 0.492708399517833 0.503128977446229 0.501398451679742 0.501301990963337 0.520305478098689 0.537491395929306 0.562143906893507 0.538272740508128 0.517224893271105 0.565140025963313 0.531587843144115 0.588876868588992 0.658494742966972 0.748329141253003 0.783663604518904 0.81305466962669 0.828005321748737 -9999 -9999 -9999 -9999 -9999 -9999 -9999 -9999
0.803611591821108 0.801739194196166 0.808437048714489 0.824929131881266 0.83776124534364 0.861688483915834 0.859116439044511 0.861502927081496 0.851971045769687 0.851316200110614 0.850913174717021 0.858697340913542 0.854736411685486 0.850656626463504 0.845851216402443 0.852653101514288 0.802524592716541 0.837519708236926 0.830729231395884 0.835952608868737 0.833398226993633 0.831320826001518 0.787605461253398 0.721209428703502 0.693809968587611 0.645485121284151 0.620096265086197 0.592787631319847 0.580290059204228 0.525031890842642 0.490784407449354 0.467879580163362 0.446580143274736 0.447109277906938 0.435279639552696 0.444011248653717 0.454132170406327 0.464757344071025 0.499578347236641 0.50168133713047 0.526591888386645 0.489608571783233 0.427520240162817 0.500611015798561 0.50023058010075 0.539605484415036 0.668677813287558 0.74820687691982 0.770645304743926 0.790247721620955 0.803818111899938 0.814062006224222 0.7948680773695 0.790068880969437 -9999 -9999 -9999 -9999 -9999
0.781093116470864 0.779416895902093 0.773585745436079 0.782542205029615 0.815072935689916 0.819797285226988 0.820408501655782 0.840029860587105 0.852882840037788 0.846466123078918 0.861544078682568 0.862452221789137 0.857156609804998 0.853476183500104 0.849752240451611 0.802816869004279 0.77997330197683 0.80418624786043 0.808095041652873 0.816922565148551 0.813469341883881 0.782045266461602 0.75215052398399 0.71181698562593 0.678695095034466 0.634640383534544 0.613396238006341 0.586979784934261 0.561089777357402 0.49530560079802 0.44942765658459 0.407205711599119 0.382263282270361 0.390261211423097 0.393525999062839 0.400743211936352 0.396816857942049 0.43069415373378 0.470938081654178 0.457609955786272 0.487806902287432 0.491312707545674 0.385197677745196 0.450708048801842 0.496779170727235 0.553208001817995 0.637345775807035 0.717158514966607 0.700309171360298 0.753299985971467 0.774113734129512 0.789404521249269 0.775523794313115 0.766163515448511 0.768034677175832 0.770489109434078 -9999 -9999 -9999
0.776464736651364 0.74900622493705 0.697623908339773 0.735895117828678 0.767692237427571 0.8034229983678 0.792531034693612 0.781394788634624 0.823004947873429 0.853473558601075 0.871298064503098 0.862951602254171 0.859824914700118 0.855630998198372 0.802049628287304 0.750076663424378 0.753188696688856 0.766212606796615 0.780588019438432 0.786867897616612 0.763479619603429 0.725705034028371 0.699135266269153 0.710421084760382 0.668712195126334 0.619464258552625 0.596067544815905 0.595252806214884 0.545013858347033 0.457178498277176 0.437399061622466 0.419318087071958 0.421042862447206 0.404392825614441 0.403005714832034 0.410297270887031 0.424313606526727 0.435709244876118 0.453624692243474 0.454168130657946 0.448437039743882 0.42279203977486 0.385731329782857 0.428700633733291 0.500066688489335 0.576095755621044 0.641055246380804 0.582958080601391 0.642727997051773 0.67904736661681 0.74096133034632 0.731230044397106 0.69645200953483 0.730962664120947 0.768786694539164 0.790184539454574 -9999 -9999 -9999
0.692823256339007 0.745050523875701 0.705134224509343 0.708435016185022 0.742318084915443 0.756346214950994 0.751060531811263 0.736208620288734 0.730669952470989 0.849145162984743 0.884713936777966 0.869283539167781 0.862240791776091 0.813074844660145 0.743399293151647 0.710140257015144 0.728149215609225 0.741927997090982 0.748380908441495 0.767301054459173 0.741765717544826 0.689008997897134 0.681885829886288 0.683993937887848 0.685530786494422 0.625708805562374 0.609852986108638 0.602844148278577 0.538077946058299 0.470578724133807 0.44051487561964 0.399231660874181 0.38013032768176 0.36267836527571 0.353785729672206 0.374576347877068 0.391115332001778 0.396370164238748 0.428518451618158 0.437824455614291 0.452695672359097 0.450314784591633 0.399713705673077 0.406168759060516 0.437988188652887 0.487113410469474 0.575573071364083 0.603661875217451 0.641796569651474 0.657012127163313 0.684703230062617 0.673050696948622 0.610293558129786 0.688752680508365 0.759548043747605 0.794838891062043 -9999 -9999 -9999
0.721874775459059 0.729670067306802 0.69578936489259 0.692420218679373 0.692721357245212 0.743825302563653 0.728668293318667 0.666451578973727 0.707915115581751 0.758730864451982 0.808949847588229 0.850177472823821 0.810469875928656 0.70248598989166 0.690079060246519 0.692799499175447 0.718250055477067 0.699404206184966 0.720941389118631 0.736986666610193 0.68613097486318 0.685952327840864 0.688047357568934 0.688927605558307 0.671442244424889 0.616541888216034 0.625937563839524 0.545830793305539 0.50184601986094 0.440102599572814 0.402896156312699 0.393984768829368 0.365675382608016 0.335768010522449 0.321444640284667 0.32723286375988 0.323065129784269 0.336755751448617 0.386333053510234 0.402810115052375 0.415905468926381 0.425888992094481 0.36619980719599 0.371656861377904 0.367527303354262 0.439730484299011 0.52052476055093 0.542416356763064 0.58332677243702 0.63152875053201 0.621339760694406 0.61648602960696 0.591863451567739 0.651135178212984 0.738422384637687 0.77746392092007 -9999 -9999 -9999
0.64491362786539 0.627673559507977 0.646996071125939 0.633390254920146 0.612605789228589 0.624831208406688 0.721661854196025 0.715630640924248 0.731628516446106 0.729012665417991 0.738238875240621 0.719923015292439 0.676199903052639 0.66601922373289 0.68242397508618 0.664555882519703 0.672331794567026 0.692361362968164 0.663795231215041 0.686630307573398 0.676808936263119 0.693424126303255 0.68710291652923 0.671549577906467 0.624975906421121 0.604190751170705 0.583523742129755 0.495974294562284 0.434394110066044 0.370758602337685 0.351272623030723 0.369824822999843 0.326086840420397 0.328280415451541 0.297739640732135 0.322340266647252 0.297705597812083 0.314453704381629 0.35165405527663 0.361181680764159 0.37157879819105 0.388254623700346 0.340985189845372 0.379905816020428 0.394132254033046 0.420426156130372 0.462783892914999 0.499679545204846 0.527316384083691 0.530683379128793 0.530320564725041 0.572225207667507 0.595708645297217 0.666755965048107 0.729365361306943 0.760083258136014 -9999 -9999 -9999
