layers/veg_krg_50/veg_1300.asc
NCOLS 128 
NROWS 165 
XLLCORNER -2985163.8955 
YLLCORNER -3022031.214 
CELLSIZE 50000 
NODATA_value -9999 
[rows 27 to 53 of 165, columns 0 to 58 of 128]
-9999 -9999 -9999 -9999 -9999 -9999 -9999 -9999 -9999 -9999 -9999 -9999 -9999 -9999 -9999 -9999 -9999 0.698964179019318 0.533220579171035 0.453693038919205 0.198393273897194 0.0359003497685251 0.0084606314606288 0.114752243881211 0.16319025688903 0.257713046194129 0.376026188074621 0.445133617753317 0.463569127875131 0.557160709056446 0.56795619268213 0.573241239559849 0.59544848028841 0.624128933902929 0.666465693045637 0.718216300743045 0.763684317949643 0.788837657094823 0.813945141770768 0.826947439723881 0.823298931709281 0.824625167227166 0.823116478342392 0.825829524331489 0.812317923327435 0.798518775448703 0.788511412940031 0.758341998503657 0.718535252608084 0.692251351630664 0.66903016562802 0.658836518677677 0.648761894242071 0.63761002516761 0.625645544114838 0.591466523171792 0.565051432820615 0.567471148032477 0.570248363674669
-9999 -9999 -9999 -9999 -9999 -9999 -9999 -9999 -9999 -9999 -9999 -9999 -9999 -9999 -9999 -9999 -9999 0.696865810366803 0.643064031059561 0.401930804678154 0.161709808656629 0.0302175303041055 0.0528981443277182 0.119521155401038 0.193356420936318 0.337009071374404 0.384838487420734 0.438235217499943 0.552831575458675 0.588401655533009 0.621998543478708 0.641264813131413 0.65924189072805 0.684054674209108 0.72338059853728 0.763699707392931 0.790382610526027 0.818024594393297 0.843248697519026 0.858428839420073 0.861506311183942 0.857921959883139 0.85521189851308 0.859711329582789 0.847543634660011 0.821675618051697 0.803833893053851 0.776123783948728 0.747042255199069 0.72578932202627 0.709917855416658 0.696992766146288 0.693340357420136 0.68216898637909 0.665023503526853 0.598395104925137 0.604178099378182 0.606742053187765 0.608320089628067
-9999 -9999 -9999 -9999 -9999 -9999 -9999 -9999 -9999 -9999 -9999 -9999 -9999 -9999 -9999 -9999 0.720679419496497 0.700716007175706 0.579962647125046 0.303270758570682 0.164166970492909 0.118462480732134 0.12358466523656 0.120707781691538 0.194591460060975 0.349531111051225 0.397310380794759 0.537765329183981 0.595154296134588 0.606563819887175 0.653034352578604 0.697044316520954 0.714963147289934 0.732284299241372 0.772622517295297 0.807014993929857 0.822203078212172 0.849572414378438 0.869790252787008 0.887876798494779 0.892622855585284 0.889074486140143 0.887059230887665 0.890806072786304 0.880598482217069 0.849668696652694 0.819039980962364 0.801251785648941 0.779205765107954 0.760751670300863 0.738875829189955 0.725338954156798 0.723675917627352 0.717337519235168 0.695120448279891 0.629208771066583 0.63210094165368 0.635247398878275 0.641359829944166
-9999 -9999 -9999 -9999 -9999 -9999 -9999 -9999 -9999 -9999 -9999 -9999 -9999 -9999 -9999 -9999 -9999 0.660021400441378 0.503523809789994 0.290136403592712 0.1632306469911 0.188394308018108 0.168885976792435 0.128790263661926 0.148759698342387 0.312019866046058 0.471561404965672 0.589053100335634 0.620151075676795 0.64138239842373 0.678279006850492 0.738583041555629 0.769796788778472 0.790332476509413 0.814213683583858 0.837661258860863 0.857411450065835 0.876906503674334 0.891102335477223 0.905483016216436 0.912461917017753 0.914734401932675 0.912225553288449 0.914228990269303 0.909882886873438 0.877933382502266 0.841612462156421 0.824288247351992 0.804797304954902 0.775193618579092 0.748088915105546 0.731571461805432 0.72221736810397 0.719953475682188 0.712820890838557 0.667597143140402 0.660152432662619 0.669295197694042 0.676566167542992
-9999 -9999 -9999 -9999 -9999 -9999 -9999 -9999 -9999 -9999 -9999 -9999 -9999 -9999 -9999 0.659260238867208 0.643563391989583 0.576208674410169 0.381554989818065 0.212701778246307 0.217193939285472 0.312057526121152 0.289658690481931 0.195704854389251 0.141907508643025 0.315043819992475 0.565932644172946 0.641191195434976 0.66854375694694 0.67922432385805 0.729658357215503 0.786523344459866 0.822509437091881 0.843308480198471 0.850493417205849 0.866079443305685 0.880064681828543 0.897206124796774 0.914455248521019 0.92248474152688 0.928222001649242 0.932088356315562 0.929043325435483 0.928521617326678 0.918587642801486 0.8953648764496 0.866328165418489 0.840114768582003 0.815803516073545 0.784821317389183 0.766274605728077 0.753529813516266 0.747517816597152 0.739736335697333 0.734163598017445 0.723857239884355 0.695512336464276 0.691476619814778 0.70041828179879
-9999 -9999 -9999 -9999 -9999 -9999 -9999 -9999 -9999 -9999 -9999 -9999 -9999 -9999 0.65502645403766 0.632988626478879 0.595208205299888 0.451890278580519 0.269462884249524 0.254700963113972 0.325894974445585 0.356967203078163 0.354277135344522 0.288724940283878 0.288999690267825 0.454289697352642 0.57643005847019 0.663822625043557 0.711313846178163 0.746216793049813 0.790407285200815 0.836114480476273 0.86956408094046 0.88396719325701 0.892283261575584 0.899633004520462 0.907022516822218 0.908675368646497 0.928260567900575 0.932362889331262 0.938576263766787 0.940646811607526 0.931443261128822 0.92594856761086 0.911865750821341 0.893837115279953 0.868619071671652 0.844310814442102 0.824527148528893 0.799695388024559 0.785118509059564 0.775117404209697 0.770531304514325 0.765387547125588 0.759715712913486 0.761331091773162 0.75838632881619 0.738166063013059 0.741696627120861
-9999 -9999 -9999 -9999 -9999 -9999 -9999 -9999 -9999 -9999 -9999 -9999 -9999 0.684274113034511 0.671884508564554 0.639832349052099 0.492849374789892 0.286393224878168 0.199317107637087 0.339555038332206 0.391250758436098 0.389978892928855 0.372770276919 0.352561034307426 0.407714532252043 0.53834838684264 0.578657469617616 0.676557392031108 0.736210456840427 0.799482720727432 0.84792861122507 0.889074579639749 0.917102846085593 0.920393669796651 0.923798132124948 0.922705267482536 0.92857504104984 0.931345959416757 0.928403980994499 0.933281471366589 0.941969452619692 0.928984119506922 0.913528166139219 0.909573777017151 0.899709915144302 0.884227667884868 0.866298038844903 0.848173374136555 0.826009520019706 0.808869100088904 0.797300631267435 0.789700365050756 0.785434484027997 0.786576598010775 0.786793205980706 0.786181936002793 0.793275463448279 0.800301532198889 0.797791113777016
-9999 -9999 -9999 -9999 -9999 -9999 -9999 -9999 -9999 -9999 -9999 -9999 -9999 0.696589606626291 0.68209145694427 0.650825725247396 0.467530822922553 0.271988812322241 0.195126157797324 0.368845541021238 0.50414594776476 0.535090069758653 0.523902182967006 0.536633202117615 0.627514811388746 0.642375033077175 0.664035729736846 0.679490244758963 0.771675707407982 0.816277772422127 0.865088229214813 0.910897831134632 0.941822586534623 0.941970019642376 0.940296729700117 0.939267347726393 0.939004633841606 0.938559992114108 0.940803436601353 0.937043772015266 0.939111589796062 0.919618162830457 0.904166044113936 0.90208546383887 0.884040744425975 0.869198264618758 0.857645575417427 0.844242561696104 0.822824490824297 0.810962666498218 0.803541169430596 0.799705914556426 0.798857045532993 0.803607500223439 0.80837158676449 0.812129959204294 0.823550669577113 0.836258404996753 0.838463748530875
-9999 -9999 -9999 -9999 -9999 -9999 -9999 -9999 -9999 -9999 -9999 -9999 -9999 0.710362437427144 0.706918130811656 0.657455249963338 0.388555230760759 0.271167493652727 0.279022108292623 0.461494504812926 0.533339459956788 0.551419556662312 0.53879168048201 0.557926964698778 0.664595218292542 0.686741719804148 0.704993275333639 0.73336129917634 0.795120560589836 0.847052431987588 0.878095165320253 0.904580900125351 0.93469312154227 0.941616193884194 0.941457473495827 0.941982376254689 0.943304051888044 0.941124923446369 0.941582847418106 0.93976541522333 0.927713327466346 0.907540604091811 0.896816165562435 0.88650825830504 0.874657373955046 0.85299971773779 0.843416869180621 0.835457793348887 0.816251470956799 0.808324267680636 0.80488110476528 0.804944420730907 0.808195132641528 0.816063179247825 0.825520810079179 0.838662919005515 0.856712604013038 0.864406245418257 0.863201495534603
-9999 -9999 -9999 -9999 -9999 -9999 -9999 -9999 -9999 -9999 -9999 -9999 -9999 0.724311956019973 0.726420301689997 0.700012500395188 0.345995799977836 0.290381773343968 0.397974943394648 0.578661268715476 0.584510497483103 0.578177471891579 0.571112761608336 0.582527647065955 0.677281697738591 0.700537150403505 0.727525064905873 0.75398427191903 0.789547243316122 0.839590465799733 0.873845539252558 0.897163186783919 0.918174222459571 0.927695240892158 0.92898327303915 0.928186829129042 0.931101940902711 0.930884646959432 0.93163897597761 0.928617755341918 0.909169563351484 0.88935011964432 0.884875075557812 0.874881858240658 0.86461245447829 0.842787291541569 0.825716752371684 0.813638655705307 0.805801472145282 0.797187866445107 0.797122667623439 0.802587622818345 0.810873420682314 0.823413433195868 0.840751513262336 0.861611845791233 0.877770563322478 0.887934022148727 0.882529222255248
-9999 -9999 -9999 -9999 -9999 -9999 -9999 -9999 -9999 -9999 -9999 -9999 -9999 0.750295234945387 0.758465573439826 0.741416838959232 0.350060191949101 0.314384425639918 0.401433033536799 0.600262573750302 0.625920474609674 0.615598892429743 0.596354048467606 0.655037848261601 0.688138258931367 0.692679860869658 0.721295268530218 0.741868808083651 0.780345231770935 0.819380007235977 0.853212892878717 0.882192440199961 0.904418471920834 0.912700243903796 0.914054719520768 0.913943348592007 0.915006484884338 0.912406509926736 0.916788416160042 0.907309566052934 0.883184786821518 0.87309084014156 0.868528256559608 0.855061118905417 0.830361439176921 0.809039347530635 0.795439016914217 0.786110893752636 0.779136688775714 0.776893353563799 0.783401958792696 0.791514469403125 0.804895931179212 0.824750688658654 0.853235609965773 0.878031402021341 0.896855985577219 0.909659402994394 0.910352094876361
-9999 -9999 -9999 -9999 -9999 -9999 -9999 -9999 -9999 -9999 -9999 -9999 -9999 0.770594736384337 0.79075951673465 0.77367488488335 0.599077158060666 0.386191678426882 0.420195245711452 0.637192798210943 0.658692788641161 0.633712633136601 0.614137681056994 0.679828560928327 0.710891124879495 0.723291952769798 0.746073977341507 0.758924280595227 0.790259342641601 0.805730988046271 0.820357851826745 0.858830659773324 0.887780928672791 0.898895422485957 0.896188329476205 0.898988973199203 0.900671080571558 0.903593014427944 0.900153857682005 0.873681169851419 0.863163810407425 0.8482744754682 0.836006615322579 0.808922182851171 0.792771182371427 0.772076155907423 0.762703052807247 0.757127038553786 0.750140956927029 0.749560149985854 0.755671992187445 0.766168904807239 0.788515893343154 0.822501032039537 0.859748612178808 0.892787063668489 0.91628516129929 0.927478813118141 0.930105693486568
-9999 -9999 -9999 -9999 -9999 -9999 -9999 -9999 -9999 -9999 -9999 -9999 -9999 0.808916271432588 0.809914381787367 0.788832306869685 0.612040701805146 0.406511157120703 0.483107982118284 0.682377429505738 0.676629443891514 0.663188282447097 0.648361474858327 0.640046971010648 0.671954992705625 0.725285373586272 0.742610512670679 0.761889670285239 0.784028325954536 0.800454905214153 0.809225392544345 0.828268139543987 0.846261661774018 0.864316841241624 0.871535735237165 0.877878621566393 0.877430037518998 0.886357166781551 0.886580688476757 0.85202397755165 0.842637731343863 0.822409527907609 0.80271737995111 0.7829584042634 0.759079582292267 0.74588836844625 0.742981382674637 0.733609210366145 0.728721793862157 0.728341543983953 0.730102351606423 0.736274013556344 0.760787668359091 0.809054858242175 0.860967370165182 0.906635958777033 0.93259360511328 0.940217707095271 0.940727335821012
-9999 -9999 -9999 -9999 -9999 -9999 -9999 -9999 -9999 -9999 -9999 -9999 -9999 -9999 -9999 0.701864021301994 0.442351653917113 0.5053737913125 0.6243542930003 0.68487098500194 0.688250652051562 0.674195953135401 0.657418103412671 0.644389681506119 0.670676917568772 0.727654358387846 0.748966599558178 0.761690275901244 0.765897207485305 0.776774733913108 0.790399541055281 0.807071505568783 0.832558873770937 0.844876281941992 0.852455685189891 0.848530858100039 0.849200533774803 0.859523224273042 0.856765881911434 0.826884170319915 0.815980262665131 0.799016648531778 0.779588030781892 0.750191994178156 0.7373357772835 0.730301926819425 0.722524752667759 0.715241090773879 0.710410924840964 0.709159806558631 0.709886392624853 0.714005470020171 0.740392380397502 0.799265050456096 0.861124768707063 0.915175477926377 0.9376648339206 0.93601608095561 0.935846570746411
-9999 -9999 -9999 -9999 -9999 -9999 -9999 -9999 -9999 -9999 -9999 -9999 -9999 -9999 -9999 0.633792843062828 0.537831999319331 0.53265481146906 0.637635808241305 0.678024753214819 0.684666138378478 0.673748350723378 0.66252296244788 0.654065026861315 0.663262413848427 0.695760907072493 0.740015706060468 0.760840958337483 0.772721349842071 0.779792235257014 0.79065948873871 0.795235620554824 0.814792383328355 0.828894507405498 0.839168793527603 0.846048144633738 0.838843793254448 0.832767980961653 0.832036792848131 0.807699691380888 0.80802931009767 0.796396124872892 0.772602280491779 0.745714803858195 0.73164877318333 0.717893694221842 0.707627979141237 0.701862951676397 0.697133235829375 0.694188118007657 0.703530866183604 0.715948007903551 0.741003963129576 0.789231839025196 0.846593006054817 0.894171561292727 0.912828966724644 0.916472968288703 0.920203506339155
-9999 -9999 -9999 -9999 -9999 -9999 -9999 -9999 -9999 -9999 -9999 -9999 -9999 -9999 0.66015186990715 0.633125393904759 0.568415948906946 0.603126749181864 0.650938940252754 0.67697279960402 0.670592608597579 0.677228941329152 0.674738615645215 0.669003745723713 0.658334704596469 0.654331032240142 0.677656477002119 0.741745844024741 0.757827755202191 0.77375485064428 0.788594163815479 0.795815959106386 0.807055869039421 0.81497515763356 0.828420587620902 0.835581990286815 0.813751199047097 0.815880126000416 0.796153464530897 0.787143234410332 0.794506976785036 0.786969242962006 0.770317681449907 0.734537331172824 0.720509973982121 0.700538703964622 0.692425346709879 0.688446008384949 0.687027405296366 0.696712168354103 0.708734785297787 0.72316513507516 0.746306313222982 0.780308185137646 0.829241648559023 0.86604898259359 0.89071513327249 0.899834889241021 0.903131214921353
-9999 -9999 -9999 -9999 -9999 -9999 -9999 -9999 -9999 -9999 -9999 -9999 -9999 0.622923398897694 0.626548109784498 0.587329737685267 0.523137165659803 0.518882605170569 0.598168466087044 0.647393122655748 0.65121014174572 0.654949391275118 0.654521579923098 0.648670244984689 0.646756539437328 0.64695841015045 0.649922870947923 0.723571467403399 0.742899036381174 0.758687125742182 0.772878920762652 0.785472753098258 0.780248356454878 0.804652902755116 0.815395247358453 0.815453117315517 0.811001552640243 0.801339734764124 0.766229028855637 0.769481190683638 0.775405849076413 0.768567980471567 0.75640774990325 0.736781666758442 0.703162846710823 0.692164375786909 0.686384046846002 0.682664646115023 0.687283031058078 0.690533141335338 0.704983016395961 0.71909505454365 0.741851787286251 0.772647754401181 0.811155893865422 0.839406253915481 0.861111090797021 0.879611962566207 0.895484715483635
-9999 -9999 -9999 -9999 -9999 -9999 -9999 -9999 -9999 -9999 -9999 -9999 -9999 0.606590601085316 0.588292846426373 0.546796188769965 0.506984398629894 0.518446067525181 0.567369676271244 0.628776546817116 0.620654879282734 0.622767077550689 0.627391889435782 0.632310887682668 0.641792628490189 0.643491509685164 0.645832333410271 0.649774993318672 0.736616598740492 0.751976428343887 0.752339606043083 0.755719400206105 0.764704758356676 0.775223428429454 0.796554893448251 0.801376244224234 0.801932289089293 0.801945165833162 0.761223196987177 0.748608913272542 0.749199113392951 0.748861365614405 0.727540717867874 0.718729097454258 0.708202376893223 0.708080331477956 0.724474422841739 0.719138858633245 0.697046247295469 0.699350059807782 0.703217035273544 0.714983696688109 0.735797822524708 0.769054493831729 0.79535314990046 0.814154236752916 0.84531068989786 0.845985492822087 0.851501607840629
-9999 -9999 -9999 -9999 -9999 -9999 -9999 -9999 -9999 -9999 -9999 -9999 -9999 0.602595580750027 0.595009012200018 0.559956943367932 0.483924090271383 0.506759743746046 0.5677601037448 0.578906713001505 0.578051352995363 0.599704349249235 0.60830236410517 0.624113414709094 0.637652793837944 0.649096910556964 0.657053382457384 0.660116529343074 0.696675419124561 0.723136391586398 0.735683143208077 0.733537107978714 0.730557764880571 0.764159318584112 0.772161479620037 0.784994431634625 0.792043600140753 0.78425184150813 0.763722334605852 0.749536336593104 0.743923691619034 0.738700606634114 0.735287174540155 0.745644719001805 0.745313332739482 0.730437857316819 0.711408552213479 0.697815576338144 0.700631935408543 0.705121663439214 0.710231266706546 0.717249593227783 0.723163115967236 0.750896392468713 0.769601092881696 0.80349796981668 0.803726789751849 0.805435032307956 0.826196210417206
-9999 -9999 -9999 -9999 -9999 -9999 -9999 -9999 -9999 -9999 -9999 -9999 -9999 0.602805353070214 0.601317748854258 0.594844198743 0.538118430135406 0.517155761799384 0.558822398805165 0.546130087501793 0.56179761731937 0.586880254345387 0.60176166186484 0.623343254354134 0.63877432207932 0.651863677882668 0.650446184860984 0.65464163298659 0.643240458139466 0.672988385423651 0.693309634900823 0.71344982419787 0.730380250907672 0.748880178387269 0.754066442714615 0.763997533835863 0.772275318814531 0.762667553962406 0.767039785972115 0.743961005474671 0.748021599259736 0.749509637792918 0.743419421759168 0.743957570805775 0.742206984851095 0.728581296662094 0.715156992374648 0.704436702428513 0.696551356098484 0.695172248960652 0.71225464861295 0.718011593547387 0.732183161148111 0.764378186327929 0.775675797540232 0.774328095416748 0.776865027509145 0.790516226941983 0.805919668536574
-9999 -9999 -9999 -9999 -9999 -9999 -9999 -9999 -9999 -9999 -9999 -9999 -9999 0.607686512202474 0.606556669258597 0.606034830458039 0.574179525901919 0.527954657812012 0.542165054265104 0.546451915069589 0.556174818116797 0.584881640984734 0.601192255949031 0.624790221294358 0.642963996611251 0.648653487106719 0.640701770878549 0.632330978043304 0.616515409175562 0.601249600847351 0.617949574001154 0.696626630320412 0.734541929656672 0.732821339936548 0.741735071829698 0.750130224315244 0.7543531157202 0.747454129638459 0.744707896529496 0.739022707413015 0.752460811647533 0.751764456750256 0.737111193438568 0.747411821107107 0.719377163529263 0.703017059679904 0.69902458377339 0.690029523550631 0.683001907016594 0.682615943810922 0.696360731197978 0.703541134227734 0.725416739582803 0.747780958431293 0.750678912000544 0.756458104653138 0.758341489591705 0.771833936178994 0.773405519051698
-9999 -9999 -9999 -9999 -9999 -9999 -9999 -9999 -9999 -9999 -9999 -9999 -9999 -9999 0.607429824130687 0.601337820868439 0.579745255038724 0.556356482584017 0.527757268012304 0.529603982111793 0.542606900571986 0.590982653310397 0.631139859959764 0.645183230074695 0.636211806001344 0.627520957966081 0.630452056488496 0.608709604336255 0.594718321856838 0.590511254413808 0.607364655562313 0.652059696174939 0.667158507797541 0.664466838084395 0.672304093941522 0.679356281596303 0.710015166351349 0.728379037681365 0.736884550434909 0.756714248286381 0.742979386827344 0.749990159328104 0.740137339304362 0.724845586766209 0.702827873309957 0.686369457143161 0.671851858496927 0.666250158444631 0.658917754260408 0.661240399307941 0.671955281167099 0.688658828842266 0.706659629029369 0.718495827739953 0.740209929441654 0.752323157627527 0.74424379680664 0.758611682685456 0.773543939854016
-9999 -9999 -9999 -9999 -9999 -9999 -9999 -9999 -9999 -9999 -9999 -9999 -9999 -9999 -9999 0.599460009960869 0.572471541960137 0.572708026678874 0.556701297379101 0.522620921383213 0.539927690176786 0.579721782853227 0.632879658172319 0.623143907585555 0.605617659391434 0.607187399569793 0.616109644289156 0.601636188703659 0.593155032089366 0.577266128928401 0.600206872112119 0.637272602201407 0.651516398092312 0.645507491653796 0.654146625767649 0.660840488461012 0.684116301322683 0.666087865491164 0.663375387225522 0.718138920661014 0.710839697027895 0.719304904233671 0.723847612525763 0.715382122020874 0.693245592674852 0.662182209848112 0.651468758363721 0.645629730032171 0.644814867289921 0.645751500903219 0.659507047523911 0.685074626890377 0.703279701805171 0.723179037074465 0.728298499587627 0.727811277009435 0.73361203880765 0.758637387914007 0.748347461384017
-9999 -9999 -9999 -9999 -9999 -9999 -9999 -9999 -9999 -9999 -9999 -9999 -9999 -9999 -9999 -9999 -9999 0.575285925438812 0.562932032748304 0.502343637284782 0.508426421362983 0.523433970691983 0.563650373022717 0.600960034132533 0.598334512943429 0.580162367060789 0.578820606968395 0.573372575658067 0.562660819287412 0.557181628907953 0.551692863681884 0.60455561396532 0.642544288624518 0.653296251462307 0.669338588042458 0.697154692475031 0.692652488385684 0.674254969384406 0.730548625570996 0.727777434468447 0.722667621539428 0.751980598277205 0.731695841228575 0.697211545298226 0.674047195559516 0.660058465163597 0.64299235686202 0.635693611697696 0.635008322325512 0.633618109020939 0.646307593445427 0.685305112964796 0.694090187103905 0.699825778174931 0.703852677675051 0.65462887035445 0.661362904059982 0.727444110928844 0.759795085678456
-9999 -9999 -9999 -9999 -9999 -9999 -9999 -9999 -9999 -9999 -9999 -9999 -9999 -9999 -9999 -9999 -9999 -9999 0.540919435024689 0.461197290516646 0.453810717044224 0.479620925503276 0.437663886997063 0.522892863039842 0.535977578645111 0.530940607175047 0.535663728491049 0.537865094121814 0.53636622843676 0.543790907966462 0.536801930663124 0.557473469217032 0.632385064768484 0.683322241497661 0.701195754908929 0.700776348702326 0.683952979821019 0.728948165442058 0.749096546825184 0.740599738007599 0.743073691082886 0.745558915620823 0.739676422442683 0.692202062727686 0.672559056048464 0.662716638516599 0.647557674643589 0.635292653349381 0.640878841984713 0.629098647436412 0.626411587159448 0.646112144357623 0.682461704672126 0.678361714142209 0.670772692909076 0.629467826874117 0.635683706416156 0.658457745756904 0.683990537531383
-9999 -9999 -9999 -9999 -9999 -9999 -9999 -9999 -9999 -9999 -9999 -9999 -9999 -9999 -9999 -9999 -9999 -9999 -9999 0.478214275107645 0.426832897914898 0.40976951614321 0.429878375322131 0.412646764112796 0.477452048463412 0.486604814918791 0.49712391532915 0.506453745189248 0.508045288671929 0.513808962829758 0.526992282662592 0.512893246254614 0.649892151540134 0.678465314519525 0.693771404642134 0.688840937944436 0.714439845492604 0.76488588340937 0.774948362272919 0.750012239428536 0.75038627440406 0.747468971734425 0.71680571235646 0.697573716571389 0.673768996872229 0.654386695933746 0.620637557472719 0.606098339650563 0.630583358303027 0.62701701021386 0.62741094685084 0.636320095269349 0.67791068819741 0.599330111268126 0.574309822400785 0.518538812341513 0.503851380678844 0.50301254441159 0.589322454732361
-9999 -9999 -9999 -9999 -9999 -9999 -9999 -9999 -9999 -9999 -9999 -9999 -9999 -9999 -9999 -9999 -9999 -9999 -9999 0.468641701517812 0.398519674536541 0.297554848383517 0.32588029928689 0.331511196267954 0.361390323614756 0.419696219314706 0.456222059062999 0.470065510800376 0.468164816337343 0.47926223394147 0.508752734772402 0.535047753306505 0.653192004478867 0.668362141400757 0.673847010137111 0.715601889823282 0.777962617401405 0.794210132104385 0.787084698054391 0.762109525602275 0.756951171777078 0.748756184399308 0.710176929591376 0.683365265352162 0.672629611929831 0.652478759737094 0.614749956565003 0.600606481905718 0.598562702975549 0.588076990114686 0.57929893624103 0.590107130238297 0.610529525974587 0.571617086347545 0.615088085317782 0.520635628040671 0.393880653112835 0.464413074849962 0.57558925744464
