layers/veg_krg_50/veg_2500.asc
NCOLS 128 
NROWS 165 
XLLCORNER -2985163.8955 
YLLCORNER -3022031.214 
CELLSIZE 50000 
NODATA_value -9999 
[rows 52 to 77 of 165, columns 59 to 117 of 128]
0.635384421084383 0.422225470916281 0.479280594066376 0.528486418257132 0.603958364999357 0.617067252659069 0.636444562349452 0.646334925553496 0.653851632786556 0.634160297896261 0.617090987969605 0.554049354715457 0.5690691975392 0.612055142300159 0.610931764715819 0.555718639080583 0.581901503801568 0.639823541434428 0.621087631953456 0.577588963881983 0.602512102315605 0.625453994658004 0.66077528442497 0.636083169730273 0.588805972211796 0.594010807635766 0.53308967251672 0.496617776727998 0.439385279735455 0.383577649068818 0.381500876761714 0.363951819191951 0.339419105278307 0.326903489990555 0.310048909592571 0.296045004002042 0.275218961522639 0.28333333804064 0.31195357469074 0.338741438085411 0.350512874814026 0.363931215564813 0.389946222717239 0.431263211579956 0.473138119404386 0.499988479612887 0.517588726568612 0.533053413898003 0.543569335389735 0.562594863966817 0.584586847804682 0.605712792536802 0.631611757516665 0.673562244457124 0.701547647773523 0.74868299986036 -9999 -9999 -9999
0.59801393714021 0.525502075858321 0.500892030927338 0.481934531421248 0.509386334706229 0.519521508698814 0.558327133972353 0.613298652445098 0.574617517674295 0.563545773019312 0.597542389217538 0.58283471917847 0.585299006818329 0.594074166196329 0.58933967012987 0.606745374755725 0.627942321091003 0.649140708538428 0.615452573917728 0.600311804578129 0.627071010674539 0.635549931937684 0.631491573252451 0.583991882516885 0.552008650165959 0.550051701307867 0.512758469483465 0.464138107795609 0.399906399503993 0.358078112229834 0.354636428955735 0.321862015106276 0.299938082681573 0.272524481094727 0.278957808420145 0.249324436113785 0.220023219721198 0.232051607383588 0.27136194582664 0.309493343363509 0.319437347973884 0.347264143206365 0.387835728316057 0.415858248144414 0.465993519439922 0.492641668702259 0.520037369877553 0.531085593473628 0.544205926308103 0.556273425040305 0.552942765008888 0.565962591657339 0.609382290042946 0.64292803201635 0.698913968456691 0.734594223114651 -9999 -9999 -9999
0.569827213720531 0.552851234842365 0.53685245012838 0.540706363510585 0.541082390405207 0.522390337516824 0.522104035475737 0.57863221563071 0.54660106390417 0.544302371973618 0.553706364341578 0.560568326399004 0.575122537750847 0.56194066656105 0.575660407529122 0.62967578220397 0.60465102389375 0.604456299514692 0.580069788335436 0.585334760281379 0.610941230370789 0.599769586981882 0.549177149131759 0.522873122347273 0.496929757678008 0.496788931432174 0.46391400289815 0.440045110219633 0.397093040040723 0.337117195066943 0.329040475872802 0.303573727354618 0.282580663770628 0.265688220602834 0.218634292600331 0.190325096985027 0.187079533499737 0.184940579736537 0.227664574976151 0.264769570515261 0.308819536429708 0.346517017809216 0.388104473399115 0.410024020502571 0.444020159265248 0.477664423259031 0.511192925577922 0.531431375063895 0.55106532884785 0.560376628931165 0.548300874819937 0.545184857112944 0.604887694491806 0.638877930203387 0.696492902922975 0.694883787606636 -9999 -9999 -9999
0.537910064506522 0.539959350711775 0.537622556967344 0.522449991584367 0.553013430641422 0.58751172291448 0.578247350372673 0.542727830881276 0.524323372125098 0.530488947549639 0.527629081629653 0.546479014194557 0.561201409168669 0.554378351071657 0.56527653965243 0.581395752786284 0.567112910577383 0.568425580208122 0.542426846070262 0.549406967358656 0.56142952651661 0.54962471219152 0.531667478847083 0.512155906272893 0.501280358265692 0.478391327675207 0.445361234642209 0.420437124277852 0.383227847770176 0.326355085077425 0.294324820903346 0.273913925934169 0.24555760689165 0.239339499547115 0.211014033433094 0.169330608971015 0.167390489969793 0.180151206435493 0.214660669424434 0.250444543593481 0.286936111396297 0.31424129531946 0.374665534197061 0.395780918127403 0.429862642953161 0.46776867347273 0.507692331854116 0.538641799415832 0.541106040538218 0.571415486052902 0.553529543398558 0.572122655785393 0.625106544691677 0.661326850748243 -9999 -9999 -9999 -9999 -9999
0.533224515246995 0.508094564370938 0.525541836235681 0.548119648758358 0.566302775767681 0.576332420937914 0.566046677020408 0.531036035046458 0.525411362032656 0.532290350360628 0.520398951524779 0.54745802565444 0.551891029469116 0.555508985615937 0.561501131697539 0.560298687747491 0.544278191140795 0.540698340083051 0.533787145657718 0.548914416132237 0.563449911349717 0.552846732298643 0.539871238008564 0.511070505913812 0.489071892533964 0.447801015054029 0.418862766029916 0.383096658390304 0.349393350033335 0.308370911899788 0.261792155561705 0.242026567833859 0.24464333137305 0.228934500551266 0.19532117977593 0.156751031726631 0.145191352164315 0.166561031462378 0.203349790296116 0.230591197868188 0.237156613726538 0.288940626943395 0.323259572872859 0.392077929592931 0.434258259089503 0.469843150649301 0.520187736688932 0.555045422176785 0.584284168778792 0.598107742076991 0.602164842285197 0.624380146119222 0.660501084476067 0.688681445139781 -9999 -9999 -9999 -9999 -9999
0.490359517814726 0.482878405020233 0.498803930306655 0.514447715189689 0.532843441419518 0.540175374694302 0.564663038422869 0.518389729629092 0.519716756994031 0.523967056599571 0.513605588757169 0.539762126563992 0.535179838069092 0.541248330418782 0.549992113265557 0.539619938152783 0.530792891100938 0.523531374092139 0.524165163772534 0.535700892246409 0.547574718527231 0.546011193356078 0.530596318732453 0.502673544718519 0.479511358019787 0.443650228716547 0.385308003184695 0.351273147603001 0.31270382613671 0.270273610406009 0.250512064672404 0.251639302659748 0.233796808106795 0.230205827901281 0.20071875112718 0.17761852805834 0.169733753163606 0.186929565242871 0.198475758763158 0.216742079511395 0.242511097099019 0.275998808294663 0.312832457106222 0.396296479168836 0.436085968053021 0.458449615463791 0.498825251806752 0.554916886652952 0.578955851602856 0.624085833905982 0.641783832628625 0.668615449642754 -9999 -9999 -9999 -9999 -9999 -9999 -9999
0.430745187649897 0.445214980485945 0.46682639456896 0.483355048762067 0.497849843384776 0.509333908356991 0.513994819799667 0.496104140886624 0.493852423671829 0.503360923275526 0.502211867530381 0.50662021642954 0.53233525608322 0.543902669384654 0.536473729631033 0.521564184597824 0.526301126977183 0.521223275493139 0.506888638921809 0.521619421325769 0.556405961547102 0.552363736853669 0.542977278744188 0.498767938709078 0.478688062103654 0.449759028399846 0.395850404524185 0.36089869558324 0.326502477980628 0.275646759587795 0.246888320623369 0.25312635688221 0.22373053748131 0.225131534596242 0.214659201511048 0.204766390513604 0.21130942602855 0.179913706325444 0.206844741118087 0.221635275838564 0.238275580431149 0.261367308478382 0.321254354200497 0.380286153194178 0.422817401900273 0.467532006221834 0.509179020424735 0.554538214432361 0.580882748790962 0.624401425265955 0.639186862133721 -9999 -9999 -9999 -9999 -9999 -9999 -9999 -9999
0.360143274165969 0.40427993170547 0.428870302775792 0.445715831425495 0.459902554361192 0.476136713215943 0.47819196680194 0.480497041816014 0.475156271193892 0.48820407325849 0.485108163275782 0.508512389658826 0.521012797915509 0.523809989771137 0.518985196735957 0.512841762195887 0.51678868060483 0.516685940062405 0.507075665255667 0.542936578080733 0.552770118462186 0.545976974198532 0.510422841703919 0.485198884313801 0.479303749729322 0.440746513683692 0.382342387875457 0.36261954082344 0.339247655292167 0.277679680867686 0.250773142805742 0.251714530641565 0.252633130296611 0.220984464237261 0.197400575839079 0.217022146518902 0.227138751147977 0.174238800057396 0.202393480837194 0.244954395541249 0.264558900314283 0.29272449630306 0.338396290785419 0.360114856058928 0.394927809045629 0.42325995071603 0.527244153734012 0.529655259874526 0.587686284446237 0.617550739423049 -9999 -9999 -9999 -9999 -9999 -9999 -9999 -9999 -9999
0.326064118101173 0.357729937494568 0.389367534029302 0.408113863283423 0.429091119916051 0.4336977710986 0.449580161664468 0.438449733599862 0.44456499462589 0.465998735194331 0.479793648656632 0.502970937071745 0.511886081006795 0.509632173624204 0.506765769654602 0.510810489115636 0.514239718840253 0.523527484329031 0.531243543921314 0.553659052781271 0.548831170379939 0.508816639125584 0.475975944283246 0.477646452258172 0.447028679632889 0.456719955240193 0.427877153267966 0.394977036249349 0.35843804000745 0.283738162617412 0.245739065303707 0.25969182568189 0.245631250490013 0.190198606882473 0.19663212069911 0.242351069281342 0.24476128934589 0.190693775058648 0.173331232835283 0.233905717220737 0.276171416061396 0.348819268836343 0.40475308989888 0.44469477587121 0.453637896560971 0.479396040247648 0.499873859251221 0.56443855351237 0.576302902354374 -9999 -9999 -9999 -9999 -9999 -9999 -9999 -9999 -9999 -9999
0.315419164943588 0.303022094329147 0.337844898154317 0.357866099810687 0.37332280747064 0.394253987007256 0.412244663946237 0.418744877492602 0.436710874089208 0.451244736250845 0.480426992564411 0.488968130816382 0.504938980729319 0.505130087217866 0.507417249253608 0.516678501179782 0.528356274746156 0.522690997242824 0.534462772488467 0.545665222799816 0.549602518097992 0.517316232300614 0.475788802842543 0.459539581436829 0.452374626910596 0.458571060926458 0.440354629106084 0.400994596183708 0.339607397259891 0.266305993390087 0.255343514476769 0.258187196044518 0.231513972754335 0.212612987915172 0.235069652360024 0.259356036969283 0.182365552502085 0.264450548280035 0.148336108278841 0.249596906675425 0.319082785631637 0.410196101354308 0.503013300560453 0.514565863923641 0.542524627368073 0.535758510553205 0.55605059930147 0.575987258180007 -9999 -9999 -9999 -9999 -9999 -9999 -9999 -9999 -9999 -9999 -9999
0.300588961054437 0.270693599662165 0.290931072984013 0.313860960995183 0.331884405752127 0.356138978128228 0.387175498554592 0.409748096425424 0.436718956380697 0.4456442398598 0.464504434807644 0.47842693206217 0.480859392424268 0.476008991217594 0.490231820735163 0.516523534518738 0.519993561610273 0.508083703980639 0.542284574121581 0.543533283290838 0.543148338241944 0.53461805868907 0.466583287478022 0.441355009934717 0.447331254248874 0.45308100756997 0.394176384756262 0.413604461967368 0.369428405431462 0.277379805712026 0.26111097747792 0.262236754372789 0.262773425866467 0.259564724312796 0.288403969003695 0.288387287918366 0.235935474915791 0.286684810575517 0.180034958351538 0.244629922923726 0.330336660217367 0.420468515021375 0.487758330856511 0.551540628559847 0.57503232946586 0.592247916153453 0.608244471345609 -9999 -9999 -9999 -9999 -9999 -9999 -9999 -9999 -9999 -9999 -9999 -9999
0.275155280132087 0.260402132510123 0.255443785844576 0.280908891345643 0.303974743814564 0.34825851444648 0.381381920338486 0.398042960899757 0.41280900267748 0.422453302832084 0.440293025536501 0.459478019221863 0.46316197220949 0.449629094005812 0.448916979803492 0.464464950337903 0.491802643226556 0.511752799349466 0.55034718359291 0.55047315900688 0.544691288448334 0.513365974165551 0.482970807060299 0.452024618337601 0.468382500349814 0.459298771772338 0.315012280837468 0.343835221572441 0.38413770696236 0.291209097864887 0.280760354322954 0.281480484859825 0.282086875117838 0.296245762944671 0.309024291866974 0.308926189421109 0.265729172423419 0.279046015385279 0.23510751606034 0.269140905104846 0.343671984874109 0.393544149132346 0.400557590393184 0.491924563800574 0.599386385079617 0.61635409944194 -9999 -9999 -9999 -9999 -9999 -9999 -9999 -9999 -9999 -9999 -9999 -9999 -9999
0.229264286252115 0.249122445231039 0.249090487011967 0.261104264495679 0.289153157717542 0.358439803623795 0.384140264700858 0.394344897183561 0.405734241028573 0.414234575037868 0.425452953532352 0.444017160061245 0.429024966287501 0.432949785666489 0.413840361145124 0.439261648696067 0.494333860054491 0.544027465441653 0.55900570724576 0.554303604013713 0.540601923229267 0.493587238562749 0.473234451198417 0.46043469713099 0.431498659189771 0.416804555134026 0.334496208694694 0.385050404795581 0.378736465397047 0.307567766974338 0.298542946265563 0.308420830366984 0.31514150328076 0.327403236601736 0.33685868795173 0.337278125670952 0.320539182169888 0.292524604182763 0.378806814328755 0.385562255995894 0.411291443696863 0.415850939989243 0.43215903368389 0.470890185254959 0.521412098577013 -9999 -9999 -9999 -9999 -9999 -9999 -9999 -9999 -9999 -9999 -9999 -9999 -9999 -9999
0.236406752922366 0.239477799501245 0.247024375687302 0.27117742297996 0.312132766280934 0.350349017719608 0.372480239800616 0.37027885013236 0.394328100963468 0.39927900167585 0.385325230945999 0.385399353742483 0.41133161656177 0.420413891234253 0.435227150502303 0.459906252109042 0.47319590726491 0.550638561007887 0.56141218917288 0.548019447403686 0.49213228589547 0.455825404591326 0.452202254850353 0.435933169208796 0.379204611143341 0.328465368776916 0.409967324769357 0.41843863518336 0.34376686664619 0.322891743748381 0.308506244234283 0.3193033234446 0.333264276948011 0.335263833384161 0.340614342475029 0.348734467579798 0.304701340052044 0.385339514183852 0.435964946188199 0.45172970142208 0.469520002655757 0.460214484927815 0.471141117025354 0.482367292825218 0.508978715200465 -9999 -9999 -9999 -9999 -9999 -9999 -9999 -9999 -9999 -9999 -9999 -9999 -9999 -9999
0.218440493635598 0.216322423236766 0.222431226510819 0.261609084417882 0.291563869881802 0.326718331152649 0.342465753030419 0.353952208370385 0.378159185662379 0.365060463899989 0.352861657749208 0.387412222271607 0.390983713758247 0.393571689238634 0.410659113265819 0.439884522600966 0.460128140500361 0.539522618914427 0.542866134710689 0.536082114661686 0.457369256206525 0.402511224213711 0.409818381987593 0.404051115923755 0.402937938638379 0.372769204249672 0.42812091326574 0.395639159591762 0.348171083520833 0.33636567556993 0.332873692875965 0.3304041488932 0.332190587509689 0.358639540409332 0.379087695672869 0.382875478699776 0.369417767043059 0.416013653590121 0.442425315089495 0.465717026525441 0.456881111023534 0.435561824419388 0.517489891730649 0.529009178165865 0.542500203466433 -9999 -9999 -9999 -9999 -9999 -9999 -9999 -9999 -9999 -9999 -9999 -9999 -9999 -9999
0.20398592454425 0.206600870739388 0.217350355665438 0.252510278170376 0.27515333892821 0.28558500349039 0.309219249406415 0.345051280278666 0.357491913887381 0.352037575602827 0.362902644319534 0.387955499208571 0.373737444704256 0.368486888106495 0.406150660091884 0.467456835706677 0.460465321464605 0.517633602279533 0.506943308767478 0.4947905211528 0.458357836523632 0.403244950127259 0.388395136990313 0.401384361461297 0.385989623361081 0.351935770896274 0.386646812295773 0.384226052002123 0.397105218937485 0.385700334162721 0.369769272959988 0.381921331739309 0.382103154874675 0.388429425667015 0.406863186306758 0.3977687748409 0.384758656419723 0.399331815694611 0.47214323498377 0.45801608089043 0.468522208117582 0.509234517189371 0.537929716736365 0.551635657468166 -9999 -9999 -9999 -9999 -9999 -9999 -9999 -9999 -9999 -9999 -9999 -9999 -9999 -9999 -9999
0.195101516604544 0.204622667096086 0.220807552282492 0.238784675464087 0.250274452288549 0.255249492697009 0.287181720336106 0.318890741808947 0.330522283092438 0.336977225861908 0.347156989575522 0.377083092795843 0.375596311226893 0.371265778532946 0.37751166293139 0.447592339243518 0.415000648153506 0.465133675619659 0.474137474017722 0.453942065924836 0.430664285100497 0.407253296269216 0.38047629188984 0.397260922764287 0.402755397395799 0.389222894572905 0.399562702245501 0.408723347708926 0.437688393198459 0.476670181576286 0.470281731283466 0.475664209237968 0.456501654657358 0.453460307138831 0.506594688266284 0.502969815252861 0.486527962980619 0.507038220173717 0.540156559291102 0.498689766385809 0.541051251611849 0.567943305202989 0.579074577902295 0.585883244706721 -9999 -9999 -9999 -9999 -9999 -9999 -9999 -9999 -9999 -9999 -9999 -9999 -9999 -9999 -9999
0.190378764460969 0.185388636645761 0.214867719793726 0.229367192130339 0.229253650164512 0.237913252102799 0.262664182646798 0.283445494185488 0.304142107723312 0.313074179354328 0.331986268653358 0.352482618457619 0.350343236432165 0.339126599557055 0.366426973155729 0.426696437188702 0.421771661811778 0.432817649310096 0.457811805216686 0.441240957883533 0.431611659726444 0.423297915683671 0.417353299870288 0.415851368999712 0.409158329459819 0.40054259282048 0.415409217329941 0.45008440516348 0.44488532464601 0.477166628825907 0.491225804666979 0.486509376505869 0.464840704956426 0.476265666836568 0.533123557565795 0.522686895889759 0.579423969889816 0.633560943979176 0.609582401293116 0.596787466348555 0.566108273040009 0.577216329749426 0.60362477461626 0.621392374833234 -9999 -9999 -9999 -9999 -9999 -9999 -9999 -9999 -9999 -9999 -9999 -9999 -9999 -9999 -9999
0.191105918728435 0.184982368308186 0.185136874355981 0.203553673822927 0.217152233569748 0.227897683825699 0.253066359760979 0.275464192387241 0.29646946839202 0.313809370439906 0.296811025140106 0.317248310511468 0.321122644424566 0.351025222895845 0.378815435971807 0.409923162640515 0.400887557246461 0.409721109367147 0.430961292574206 0.445645567514454 0.445202919276421 0.437861244149306 0.454923546006258 0.441632586645102 0.429794680225527 0.412556376977835 0.426879256891558 0.470567439484768 0.484751326397919 0.466677045241746 0.466405585843707 0.456569983365941 0.41387510574893 0.406248448122065 0.463806405100381 0.540061050311403 0.656727787461308 0.664777003705893 0.734932768240909 0.775759992432512 0.676236109598242 0.624939006136018 0.654527994433211 0.648745355718754 -9999 -9999 -9999 -9999 -9999 -9999 -9999 -9999 -9999 -9999 -9999 -9999 -9999 -9999 -9999
0.190847960286648 0.181813983062676 0.183368659384682 0.19232357626843 0.208772592394602 0.223241611852057 0.245724638299187 0.274554929539962 0.298304742090913 0.320756782844968 0.330080124669701 0.33618856225231 0.32891123054875 0.351491380229249 0.372630984616926 0.390320107281001 0.401446033836431 0.414560788948441 0.448613256248769 0.470321502906314 0.46862656962366 0.465132197907115 0.482997733912367 0.472726588112127 0.473317556582165 0.438163607289123 0.433251863143154 0.483009380377463 0.488132377102155 0.454137557074081 0.432365295460167 0.41906856688436 0.400866005294106 0.374057789846831 0.436152480506484 0.578063304886899 0.704972830422898 0.779138981107879 0.747881074930678 0.757757646372869 0.73806198661272 0.772138146722812 0.797879803355679 0.800902124158675 -9999 -9999 -9999 -9999 -9999 -9999 -9999 -9999 -9999 -9999 -9999 -9999 -9999 -9999 -9999
0.186002141672242 0.19268419713684 0.201475712399605 0.200504863988635 0.209938462943875 0.237096879709451 0.257277996568241 0.284724164781446 0.304366736720361 0.326655127310903 0.339395341893401 0.336068681477496 0.342963094652519 0.357234821309761 0.374129231560699 0.403082501706997 0.417913813524747 0.415882090715426 0.450349896008329 0.482795011023831 0.489443276307875 0.506235031554943 0.503842774224053 0.502585063528146 0.507203409394719 0.491214197732403 0.477426879183521 0.504516760629785 0.481699271162807 0.428805508690627 0.396982410521255 0.359808698608614 0.260420712543876 0.348158358189047 0.474461216132934 0.596837250688365 0.686309317184574 0.718092820074857 0.754859607471966 0.785515818467777 0.767312945285916 0.785596841902623 0.809195241194893 -9999 -9999 -9999 -9999 -9999 -9999 -9999 -9999 -9999 -9999 -9999 -9999 -9999 -9999 -9999 -9999
0.230442795439539 0.230116291194382 0.229769333063557 0.228073989376051 0.239545839088153 0.262813761767471 0.273309353466933 0.295084843069582 0.315613827690816 0.330240303062261 0.336602365684299 0.318539457973349 0.341565589174225 0.358895995066734 0.390905146059379 0.408215135392823 0.410265162144037 0.412516453285865 0.450794843173364 0.492236685890425 0.506636468858484 0.55049291128099 0.535471938791825 0.52619086158209 0.548426754939187 0.546596331439189 0.515740132338302 0.517147791230038 0.482282682553247 0.427063307067182 0.397342004383672 0.334573013601362 0.2168432035845 0.293485046160449 0.447951311598775 0.580455668758185 0.689391765034302 0.722668761228207 0.797789504910562 0.807627024652587 0.798482095364545 0.807351079851596 0.816060151818793 -9999 -9999 -9999 -9999 -9999 -9999 -9999 -9999 -9999 -9999 -9999 -9999 -9999 -9999 -9999 -9999
0.255894430172229 0.250752241883862 0.249027430171852 0.252673337974733 0.257523172226603 0.271151509788741 0.290645121080365 0.307342455208925 0.32353083411817 0.332943570675836 0.316777852918603 0.332012156051851 0.335325564302363 0.356506547623751 0.389847431960105 0.402999527348015 0.40398035926129 0.410124969917136 0.467611572798341 0.521106187125205 0.523897017129657 0.563792456337295 0.559864974970769 0.549142541112333 0.565048502368301 0.565798980990748 0.547265850199241 0.550514986253784 0.517047928065894 0.467033273496489 0.41341490894798 0.354827388357455 0.315568770991269 0.293932335791353 0.453749827887077 0.601436353167118 0.7520051239584 0.755623805094659 0.775283199380121 0.789144786820054 0.799680910305989 0.811785504158124 0.814870003627377 -9999 -9999 -9999 -9999 -9999 -9999 -9999 -9999 -9999 -9999 -9999 -9999 -9999 -9999 -9999 -9999
0.292863577339632 0.282129129651577 0.273641902700064 0.276265541683349 0.286965146155152 0.293631144724401 0.307083740208522 0.319767174718816 0.330125669006017 0.335537637751731 0.322027170291011 0.344416775192994 0.353713095704232 0.368494921289099 0.388794204838362 0.410411000595398 0.416101606749722 0.421884143081402 0.479503296317973 0.530737871513143 0.531596358955453 0.569508375135986 0.578101192782572 0.566120751689381 0.575745133124672 0.589444709126552 0.596647025856753 0.622146107670744 0.55976941977528 0.506102053021088 0.446378918597096 0.373539003763153 0.384473466509003 0.334090881327131 0.500815077749745 0.595329223305051 0.75188526041221 0.789611748655075 0.74575798849087 0.777307386751396 0.792202247422167 0.812163074546714 -9999 -9999 -9999 -9999 -9999 -9999 -9999 -9999 -9999 -9999 -9999 -9999 -9999 -9999 -9999 -9999 -9999
0.315310845277428 0.301038494234285 0.296182930815796 0.30840544599285 0.310778544571034 0.316957080373606 0.317954704994636 0.333703740514629 0.341056713796339 0.337814934458818 0.323000178666728 0.344506675419 0.356434498131987 0.38023764120258 0.398074986791956 0.425198028859985 0.431949520670342 0.435047587648333 0.491630985456787 0.527420172897642 0.550776672464094 0.614511079836828 0.595158250234695 0.583990571450108 0.583165061361328 0.606779121092263 0.62317429205942 0.625155559309357 0.575185941268865 0.517548432298948 0.45745604677162 0.39058832205426 0.388567147425728 0.412173800570744 0.530410842233315 0.639422315834193 0.741986599121654 0.781597484671232 0.734965481210686 0.741100604142691 0.773288762045373 0.778451737153444 -9999 -9999 -9999 -9999 -9999 -9999 -9999 -9999 -9999 -9999 -9999 -9999 -9999 -9999 -9999 -9999 -9999
0.328916443443943 0.330821291110925 0.33609004117485 0.337596861541327 0.338319961735395 0.342522058568942 0.333349843965747 0.340901045455561 0.359242315817139 0.342724287142344 0.340354954963915 0.3428244026012 0.371570042853167 0.401274502056241 0.418468341249741 0.431651240502513 0.453973700892959 0.477560901842902 0.528773265143647 0.538409959874599 0.564873002828541 0.601995796777822 0.622671425366782 0.614049751377944 0.616910473057646 0.620018314800909 0.597493985115408 0.598201073473191 0.567845221173997 0.515475414965043 0.461359586335655 0.40737974472821 0.351199982304796 0.408563275756103 0.493695480651766 0.638809708115905 0.666338846557847 0.659465042924292 0.721786492722617 0.702606693067941 0.736517286729077 0.759613981165952 -9999 -9999 -9999 -9999 -9999 -9999 -9999 -9999 -9999 -9999 -9999 -9999 -9999 -9999 -9999 -9999 -9999
