layers/veg_krg_50/veg_2000.asc
NCOLS 128 
NROWS 165 
XLLCORNER -2985163.8955 
YLLCORNER -3022031.214 
CELLSIZE 50000 
NODATA_value -9999 
[rows 52 to 77 of 165, columns 0 to 57 of 128]
-9999 -9999 -9999 -9999 -9999 -9999 -9999 -9999 -9999 -9999 -9999 -9999 -9999 -9999 -9999 -9999 -9999 -9999 -9999 0.539679994037397 0.464230726395784 0.445126291753354 0.46243750474599 0.452278919058644 0.517571581664922 0.518292043922237 0.513112288953906 0.511351345969598 0.517060648779781 0.531284333273124 0.532565996167026 0.579407348115977 0.640707688710503 0.658778139435771 0.668054172050241 0.679506314796832 0.709834919857272 0.718606576379719 0.715751991092851 0.698619107244493 0.687696701149319 0.675487196278952 0.659293658031388 0.651645428217833 0.619909079230175 0.620737394057561 0.611519301349547 0.602728938552141 0.585012868635006 0.597819539667299 0.605782808732317 0.614963607542889 0.644596187678896 0.604317200511355 0.552981447909485 0.486417772399383 0.470048192335022 0.478482396989091
-9999 -9999 -9999 -9999 -9999 -9999 -9999 -9999 -9999 -9999 -9999 -9999 -9999 -9999 -9999 -9999 -9999 -9999 -9999 0.484984354034859 0.419808292065671 0.347181194276784 0.369333292554373 0.376711848694383 0.398607480345073 0.44084701641739 0.465490198278527 0.475894528147789 0.469920321216312 0.481053102911821 0.48059492993647 0.570951959175846 0.658655223634883 0.669495992235295 0.663443304207339 0.697138323257416 0.713886245058322 0.7171385003564 0.718713964605893 0.704911208652172 0.699363672198577 0.688574286049437 0.68247971468032 0.640599890145106 0.617046334620235 0.604942926204266 0.5883813298888 0.574623498380537 0.550650462532443 0.553276141071465 0.553691083816827 0.573719028029854 0.59438456724749 0.600356608065873 0.582093892667343 0.51720381840596 0.345889310059338 0.422850019434495
-9999 -9999 -9999 -9999 -9999 -9999 -9999 -9999 -9999 -9999 -9999 -9999 -9999 -9999 -9999 -9999 -9999 -9999 -9999 -9999 0.434792517778394 0.3171520165828 0.281428180314521 0.285844002569044 0.300310338176738 0.337596450294427 0.422105912060108 0.452678365063451 0.441692029046863 0.465871166642941 0.476870208053144 0.587212077925983 0.642546977363123 0.63987894496199 0.667759124310549 0.710854745150262 0.713598103788977 0.731820653245179 0.735233619949675 0.723101016737386 0.715422540585096 0.709589282448373 0.691249944381328 0.6511431315575 0.630270465189906 0.611026508965599 0.582664612709696 0.564414155950935 0.539298617866626 0.529663875503642 0.518939863717626 0.510810101625062 0.511049671174755 0.57419353294592 0.582839537262572 0.581348946193893 0.561093532318733 0.459746247240763
-9999 -9999 -9999 -9999 -9999 -9999 -9999 -9999 -9999 -9999 -9999 -9999 -9999 -9999 -9999 -9999 -9999 -9999 -9999 -9999 0.398142386577601 0.273094991933757 0.228853209773502 0.220018943843346 0.251575731381754 0.276607378238063 0.374000104484324 0.428536701257035 0.431878722722154 0.445276517525601 0.509719239745205 0.595158547663704 0.619373614110203 0.628200531720207 0.69827186116399 0.712888203618536 0.721018845520853 0.73540700274117 0.745948343559569 0.732378358106867 0.733312134549442 0.712832349780047 0.68480554955889 0.662699254418725 0.640504661137949 0.610851917890924 0.585564850822195 0.562507667579688 0.529545607778468 0.518118421045056 0.505325698928976 0.495740058756942 0.492556132637091 0.490458569239549 0.544021138696725 0.55935693650282 0.553996789010789 0.557703883667205
-9999 -9999 -9999 -9999 -9999 -9999 -9999 -9999 -9999 -9999 -9999 -9999 -9999 -9999 -9999 -9999 -9999 -9999 -9999 -9999 -9999 0.295615361256072 0.230006244394655 0.163940076227148 0.182792480806642 0.217870260739012 0.283259574401426 0.40888939911292 0.428305355526947 0.434658466901146 0.516401899400643 0.571986146899872 0.612396710462864 0.672406665563785 0.693730543135945 0.703492473054376 0.725049858521508 0.739513035694393 0.747771539858735 0.746709160469015 0.742538455987023 0.715491269625965 0.696249454700073 0.675085892274445 0.648924754464234 0.618732611555985 0.588714165732451 0.551600582057538 0.52010102249829 0.503883577340025 0.494111462892445 0.482651630422396 0.477919849275086 0.475948057504295 0.479034648166516 0.492273647127576 0.526279983916837 0.529619417111727
-9999 -9999 -9999 -9999 -9999 -9999 -9999 -9999 -9999 -9999 -9999 -9999 -9999 -9999 -9999 -9999 -9999 -9999 -9999 -9999 -9999 0.309697929887208 0.261402122843476 0.148636845818658 0.142695030492268 0.188409859967886 0.296486743862345 0.355183317468893 0.396800101945718 0.44624225799327 0.499274553275694 0.563803437435336 0.659834396122567 0.678977790236458 0.676571058995814 0.70345532048723 0.733809103064342 0.742844273608521 0.750075620032144 0.764602418439345 0.766719986366545 0.738452546432266 0.722475354299906 0.694702793294866 0.658651372747395 0.620828021286634 0.582618337403637 0.539519823981477 0.51012760445619 0.489912404106536 0.47607672174453 0.465112915109577 0.466028920026873 0.470865601296195 0.469671164004416 0.470826297711022 0.473711144554769 0.472250337703565
-9999 -9999 -9999 -9999 -9999 -9999 -9999 -9999 -9999 -9999 -9999 -9999 -9999 -9999 -9999 -9999 -9999 -9999 -9999 -9999 -9999 -9999 0.283077650230048 0.195821075044885 0.124180081552585 0.148660325409856 0.186028520068035 0.224328211502329 0.290996888242675 0.394163590542955 0.498041248172887 0.600200799678617 0.653059513108064 0.67678061409423 0.68399411315917 0.710754075105654 0.733814154484009 0.74147085011925 0.756494336950175 0.777434396720739 0.789167781155645 0.772437794487889 0.747789829878567 0.712269450413885 0.665994825950004 0.620393880600963 0.577678434212315 0.526446875198673 0.495008884327734 0.471429516107857 0.455665880454667 0.449399750763048 0.455040245690112 0.465459985275111 0.469140522464903 0.463726108791185 0.44978432915949 0.433597896179888
-9999 -9999 -9999 -9999 -9999 -9999 -9999 -9999 -9999 -9999 -9999 -9999 -9999 -9999 -9999 -9999 -9999 -9999 -9999 -9999 -9999 -9999 0.296436513609153 0.226900661814875 0.151463071433759 0.110764239426913 0.101036410338928 0.145318842413904 0.217423688791189 0.412050622058588 0.488620193693328 0.508949492960047 0.606417295155189 0.522613232110324 0.44053480627907 0.631354531716792 0.714740156858043 0.736570046665722 0.760167260481487 0.787521231346034 0.808606103637247 0.800259227539157 0.773845554732343 0.734029864347931 0.681134585546005 0.623494896869877 0.570456066891207 0.515923222838167 0.47907945544805 0.45104966375417 0.431254865095004 0.429855702890923 0.448720010610533 0.471503736674085 0.472194714620875 0.462743990853269 0.444732318801917 0.427116936895825
-9999 -9999 -9999 -9999 -9999 -9999 -9999 -9999 -9999 -9999 -9999 -9999 -9999 -9999 -9999 -9999 -9999 -9999 -9999 -9999 -9999 -9999 -9999 -9999 0.212248027600408 0.125087490804701 0.0919933738212265 0.133792424863424 0.244476009009035 0.407857789773163 0.535657671590381 0.464008935286438 0.566453378665357 0.452893397840721 0.396889437976114 0.577584477660759 0.676097186701716 0.724728588426256 0.756171795327004 0.789762917273464 0.817691838444672 0.820661183758542 0.801850400353609 0.762114478224136 0.699982655984919 0.636229557354972 0.569623876753241 0.514038014815494 0.469945810551671 0.435420981669147 0.4026815087201 0.392959319206717 0.44957618596278 0.488531425794631 0.479219940565087 0.460259369774555 0.439149484659172 0.416600294736737
-9999 -9999 -9999 -9999 -9999 -9999 -9999 -9999 -9999 -9999 -9999 -9999 -9999 -9999 -9999 -9999 -9999 -9999 -9999 -9999 -9999 -9999 -9999 -9999 -9999 0.162560577287258 0.0875125920458988 0.0950954990851055 0.152889620713863 0.26578946200719 0.378163664869309 0.409224481451973 0.397155340906125 0.361384217903704 0.340717126440204 0.485476985242915 0.533152714203522 0.620158966018524 0.698006629904691 0.757445974132059 0.805054938672522 0.823147574516243 0.824677917552691 0.793660931137031 0.732719435247085 0.66318085788295 0.592054749080017 0.525217868838762 0.474712215628076 0.433581552657123 0.397992655821467 0.395359341680125 0.48107784398883 0.499047034630224 0.471284265499807 0.452223733011284 0.43016037912231 0.401009268086531
-9999 -9999 -9999 -9999 -9999 -9999 -9999 -9999 -9999 -9999 -9999 -9999 -9999 -9999 -9999 -9999 -9999 -9999 -9999 -9999 -9999 -9999 -9999 -9999 -9999 0.244252193899614 0.172222461507519 0.0787807561706214 0.0946902021145938 0.177371841279403 0.222993414340955 0.283867246158095 0.30194446737051 0.261283507520792 0.248194470749084 0.252169972828063 0.254963355691099 0.37440080469102 0.510076862085655 0.684114959496709 0.762288190406338 0.810069045642536 0.833300665163378 0.820940311056954 0.762846776889463 0.69268120110233 0.613063729591313 0.539496331111725 0.48628742655892 0.446490024073927 0.418037576155633 0.420680893692404 0.453954175748166 0.460257012667562 0.434479699465175 0.425013045672733 0.403306297090137 0.369158784211128
-9999 -9999 -9999 -9999 -9999 -9999 -9999 -9999 -9999 -9999 -9999 -9999 -9999 -9999 -9999 -9999 -9999 -9999 -9999 -9999 -9999 -9999 -9999 -9999 -9999 -9999 0.323804396633857 0.14675129826965 0.106927829722798 0.126308304947152 0.190852283725923 0.216371462983313 0.289709005453478 0.19565127923936 0.210103092876484 0.210905064665475 0.164466818119895 0.203939922889118 0.242488563284055 0.436596010298267 0.592024257745801 0.701764851329151 0.78740075686041 0.798326723762547 0.775926904715987 0.712785510035569 0.634120991555675 0.557239491161052 0.504105452998234 0.46187867836248 0.42849115450806 0.411761344032432 0.411101652631617 0.404630398204981 0.385212991055496 0.379353359283026 0.354814578100445 0.324567331354873
-9999 -9999 -9999 -9999 -9999 -9999 -9999 -9999 -9999 -9999 -9999 -9999 -9999 -9999 -9999 -9999 -9999 -9999 -9999 -9999 -9999 -9999 -9999 -9999 -9999 -9999 0.434703417678281 0.293048635742543 0.240913698056931 0.125271924787849 0.146251506681297 0.139833671817222 0.156404095202423 0.128664585799791 0.155852221432628 0.133559056206499 0.136805526338601 0.169307520686534 0.163662252740078 0.167075092977444 0.215946798404179 0.456498911077343 0.644873871454309 0.725483985676619 0.737072414584308 0.69463324782066 0.624734696129703 0.5627447574996 0.512920249782663 0.465358308856766 0.423389878575883 0.390772174632779 0.368525802488867 0.350839814625368 0.338033461055195 0.330340882479071 0.309937759154704 0.292003265808993
-9999 -9999 -9999 -9999 -9999 -9999 -9999 -9999 -9999 -9999 -9999 -9999 -9999 -9999 -9999 -9999 -9999 -9999 -9999 -9999 -9999 -9999 -9999 -9999 -9999 -9999 0.425962010976896 0.449423922085672 0.394531808314969 0.180125875021814 0.126224657449098 0.11039535843487 0.057661014090244 0.0451091763198968 0.0690775214729632 0.119029817085112 0.129417613769173 0.143036889588186 0.154206282361814 0.140162182578104 0.0687682363074987 0.271775982237317 0.583539625364836 0.656612149097638 0.623963500102328 0.603300749543792 0.553793831732853 0.557291135526679 0.506169197907305 0.462655874000629 0.414058655739746 0.365422193205376 0.329147312888295 0.302553260296144 0.294126551773984 0.286087970216225 0.273513592236114 0.263371120978041
-9999 -9999 -9999 -9999 -9999 -9999 -9999 -9999 -9999 -9999 -9999 -9999 -9999 -9999 -9999 -9999 -9999 -9999 -9999 -9999 -9999 -9999 -9999 -9999 -9999 -9999 -9999 0.454537411301084 0.432473782954781 0.315558950360755 0.19510787793375 0.128094867733469 0.0838448806053624 0.11782155368906 0.0488425118304536 0.0623058554104522 0.0675355565535493 0.083321582336841 0.117886927590612 0.122325843776859 0.0718722166495136 0.221809470645734 0.452899962164985 0.532064909697198 0.538050508914097 0.456636794708282 0.476608358901418 0.524427200698881 0.506553570645695 0.461397552589189 0.41155057708357 0.351553663582333 0.302581195884121 0.26709069098885 0.25831714399343 0.25535921755316 0.245593697608158 0.238561244301651
-9999 -9999 -9999 -9999 -9999 -9999 -9999 -9999 -9999 -9999 -9999 -9999 -9999 -9999 -9999 -9999 -9999 -9999 -9999 -9999 -9999 -9999 -9999 -9999 -9999 -9999 -9999 -9999 0.40277820666989 0.372662195533142 0.309440441732847 0.243973871040432 0.316496884426138 0.124345722917981 0.107956957842184 0.10194482446217 0.0452696967804164 0.0327730811203913 0.0499319325881451 0.0989298029183098 0.0987725155588556 0.117942132956097 0.163304651849658 0.248176022395079 0.457139342909117 0.449388956252963 0.465824457648516 0.502069283849892 0.504870170325145 0.461370906349048 0.405915397556627 0.345200338228842 0.298884585040919 0.259924746794927 0.233330922906515 0.232391168573071 0.222927587714528 0.212196990667588
-9999 -9999 -9999 -9999 -9999 -9999 -9999 -9999 -9999 -9999 -9999 -9999 -9999 -9999 -9999 -9999 -9999 -9999 -9999 -9999 -9999 -9999 -9999 -9999 -9999 -9999 -9999 -9999 -9999 -9999 0.367827445551777 0.369183682097481 0.381496185737665 0.324709616357006 0.284422484319976 0.157382780151599 0.047894959358696 0.066224362754717 0.0161649167902993 0.0488472284391185 0.0593347474658957 0.068837788086472 0.0315389655089955 0.0236611884973305 0.314083642493269 0.332989986037397 0.350692939777271 0.455438405194393 0.479571980218657 0.460235749497538 0.409913290687566 0.345360903865566 0.290991124043494 0.25533461306144 0.227235281765989 0.217122665966227 0.211148823165099 0.19620380069487
-9999 -9999 -9999 -9999 -9999 -9999 -9999 -9999 -9999 -9999 -9999 -9999 -9999 -9999 -9999 -9999 -9999 -9999 -9999 -9999 -9999 -9999 -9999 -9999 -9999 -9999 -9999 -9999 -9999 -9999 -9999 -9999 0.357664898190684 0.499182398454962 0.415862577312352 0.32141936052372 0.164874654496596 0.175356655888226 0.000448579575340399 0.0060895049832132 0.0244693801570837 0.050008585553808 0.0401304527912647 0.0262937176080935 0.194881077500657 0.206795821315872 0.103843420743181 0.253694539858378 0.435995956039841 0.452897863793409 0.417096408084698 0.355689655457432 0.307895803558649 0.248366781974834 0.231459433444882 0.220648154503342 0.211543278714252 0.205553655063787
-9999 -9999 -9999 -9999 -9999 -9999 -9999 -9999 -9999 -9999 -9999 -9999 -9999 -9999 -9999 -9999 -9999 -9999 -9999 -9999 -9999 -9999 -9999 -9999 -9999 -9999 -9999 -9999 -9999 -9999 -9999 -9999 -9999 0.547897748884364 0.447807352982073 0.497896949420634 0.414965335431713 0.179588607221573 0.0258262001828516 2.51997200495485e-06 0.00118310157336126 0.0431030492813559 0.0152934986096121 0.0390277856984844 0.0364426678590362 0.055418361862597 0.12640469495048 0.112432461407805 0.0713370293378632 0.244210904292176 0.35327222158564 0.35131071934392 0.313551557510396 0.230543259155417 0.222533617294328 0.221395745738974 0.213727671605867 0.207675307420757
-9999 -9999 -9999 -9999 -9999 -9999 -9999 -9999 -9999 -9999 -9999 -9999 -9999 -9999 -9999 -9999 -9999 -9999 -9999 -9999 -9999 -9999 -9999 -9999 -9999 -9999 -9999 -9999 -9999 -9999 -9999 -9999 -9999 -9999 -9999 -9999 0.412408734698028 0.381144190012532 0.270612801531784 0.0591624884219058 0.0190490932611604 0.0334206946603343 0.0468332858876256 0.0558564081326537 0.0635116256171988 0.0315465747565994 0.0864795466437048 0.122926599727776 0.0837026748501791 0.0849322047742473 0.2019814004761 0.250386819896522 0.226441519697888 0.215713089564834 0.215192513681885 0.212896899783392 0.211314301642703 0.204648832569203
-9999 -9999 -9999 -9999 -9999 -9999 -9999 -9999 -9999 -9999 -9999 -9999 -9999 -9999 -9999 -9999 -9999 -9999 -9999 -9999 -9999 -9999 -9999 -9999 -9999 -9999 -9999 -9999 -9999 -9999 -9999 -9999 -9999 -9999 -9999 -9999 -9999 0.552189758475599 0.520888609441564 0.323946854591757 0.0276932391999812 0.00615212509684655 0.0347907330757677 0.0454468078551794 0.0621099352864988 0.0284130692991962 0.00522390253471736 0.0687493654435015 0.171111846907435 0.192263928801133 0.206550028376948 0.168940360771883 0.179233656710097 0.208589343747605 0.209217409489995 0.206003607751197 0.205324556684342 0.204498726298273
-9999 -9999 -9999 -9999 -9999 -9999 -9999 -9999 -9999 -9999 -9999 -9999 -9999 -9999 -9999 -9999 -9999 -9999 -9999 -9999 -9999 -9999 -9999 -9999 -9999 -9999 -9999 -9999 -9999 -9999 -9999 -9999 -9999 -9999 -9999 -9999 -9999 -9999 0.54366554681584 0.396360403700057 0.0886103466468464 0.0168804801034458 0.0552945216661007 0.0668202462792844 0.0610145340668257 0.0385061270091269 0.00966861232065118 0.0469123483235669 0.151949969511178 0.18498581641254 0.177778823178576 0.14284828221458 0.183322223729125 0.206065558667855 0.203467979962431 0.200720054887862 0.199685422979975 0.199908233155651
-9999 -9999 -9999 -9999 -9999 -9999 -9999 -9999 -9999 -9999 -9999 -9999 -9999 -9999 -9999 -9999 -9999 -9999 -9999 -9999 -9999 -9999 -9999 -9999 -9999 -9999 -9999 -9999 -9999 -9999 -9999 -9999 -9999 -9999 -9999 -9999 -9999 -9999 0.449945955444206 0.383794325300728 0.150328549517473 0.026157784806931 0.0485854289505521 0.0762708942404619 0.0634689361896911 0.0374973372880946 0.00365513828998723 0.0075134358212425 0.107660449327814 0.123277405155869 0.122081146322728 0.182087497402824 0.224779185335846 0.202503235489703 0.198980910680834 0.196984943272038 0.199070977205476 0.196699273419146
-9999 -9999 -9999 -9999 -9999 -9999 -9999 -9999 -9999 -9999 -9999 -9999 -9999 -9999 -9999 -9999 -9999 -9999 -9999 -9999 -9999 -9999 -9999 -9999 -9999 -9999 -9999 -9999 -9999 -9999 -9999 -9999 -9999 -9999 -9999 -9999 -9999 -9999 0.426693887882334 0.401193181264078 0.262400730009669 0.0760663133266436 0.0541837264548211 0.0766550033663605 0.0535651201856129 0.0287868703239643 0.000316084591344327 0.00549901601594536 0.0425960432933273 0.0760879325631112 0.10854509327973 0.177042321763368 0.212839206071666 0.238831999685653 0.194599918776877 0.197071294687511 0.199196502951969 0.222537581288604
-9999 -9999 -9999 -9999 -9999 -9999 -9999 -9999 -9999 -9999 -9999 -9999 -9999 -9999 -9999 -9999 -9999 -9999 -9999 -9999 -9999 -9999 -9999 -9999 -9999 -9999 -9999 -9999 -9999 -9999 -9999 -9999 -9999 -9999 -9999 -9999 -9999 -9999 -9999 0.377904907827942 0.331606531395771 0.108492775868411 0.0406610922414904 0.0715454974365481 0.0307884915882914 0.0395499205971829 0.00480562245501666 0.000485220746139784 0.0642905335919221 0.0778787592993416 0.14384050336352 0.183269385626957 0.20607000878726 0.267595643085426 0.246615247357785 0.206357663313523 0.204352178319173 0.228621002723662
-9999 -9999 -9999 -9999 -9999 -9999 -9999 -9999 -9999 -9999 -9999 -9999 -9999 -9999 -9999 -9999 -9999 -9999 -9999 -9999 -9999 -9999 -9999 -9999 -9999 -9999 -9999 -9999 -9999 -9999 -9999 -9999 -9999 -9999 -9999 -9999 -9999 -9999 -9999 0.422069134044848 0.39696911356403 0.156450054398475 0.0269707999452649 0.0667388215257636 0.0632640597991725 0.0442939222836565 0.0135225969624605 0.00918634341156612 0.0727058140475249 0.0276273693722355 0.109877414858398 0.211840565014732 0.222351462839919 0.278973944067925 0.284300361287044 0.289657165973448 0.27128601512354 0.274530224012504
