layers/veg_krg_50/veg_3400.asc
NCOLS 128 
NROWS 165 
XLLCORNER -2985163.8955 
YLLCORNER -3022031.214 
CELLSIZE 50000 
NODATA_value -9999 
[rows 26 to 51 of 165, columns 59 to 117 of 128]
0.298418912558867 0.272113773119444 0.265007107514527 0.246418860075871 0.232455701413682 0.22604857656549 0.631082907012227 0.681840658793877 0.697161759157788 0.684460613334306 0.718164051875857 0.748034184870413 0.758343666814979 0.807007294331979 0.849518271144572 0.878989649806178 0.893400742362834 0.910231348285806 0.9169584747833 0.910339869416938 0.910572673622098 0.916525964833983 -9999 -9999 -9999 -9999 -9999 -9999 -9999 -9999 -9999 -9999 -9999 -9999 -9999 -9999 -9999 -9999 -9999 -9999 -9999 -9999 -9999 -9999 -9999 -9999 -9999 -9999 -9999 -9999 -9999 -9999 -9999 -9999 -9999 -9999 -9999 -9999 -9999
0.298702894108841 0.287473165588079 0.282195770907858 0.265767795107492 0.45180629044486 0.540760396827835 0.686320963233204 0.71243459956199 0.706398577847895 0.70314391896545 0.710663814871863 0.709484799145902 0.764867671529809 0.800576319162484 0.842536354153888 0.872816057991065 0.885184030390208 0.891756288883813 0.893633926662661 0.898745119224113 0.901881453973638 0.912296260532938 0.919228379837602 -9999 -9999 -9999 -9999 -9999 -9999 -9999 -9999 -9999 -9999 -9999 -9999 -9999 -9999 -9999 -9999 -9999 -9999 -9999 -9999 -9999 -9999 -9999 -9999 -9999 -9999 -9999 -9999 -9999 -9999 -9999 -9999 -9999 -9999 -9999 -9999
0.308833431038919 0.574480357226074 0.594928469521927 0.621416816753351 0.660559457094561 0.6653105134737 0.737935011403288 0.754877544368285 0.727279178468833 0.721189988436056 0.728479236430602 0.733726041438619 0.733362394922061 0.76733544236587 0.834959778456456 0.856654578942164 0.87534679019747 0.881638841175766 0.89520851237279 0.90523670287275 0.909495379133556 0.911031924230219 0.893014950332678 0.890880301046072 -9999 -9999 -9999 -9999 -9999 -9999 -9999 -9999 -9999 -9999 -9999 -9999 -9999 -9999 -9999 -9999 -9999 -9999 -9999 -9999 -9999 -9999 -9999 -9999 -9999 -9999 -9999 -9999 -9999 -9999 -9999 -9999 -9999 -9999 -9999
0.607808738173525 0.610651202856578 0.634731892652244 0.669472851059622 0.686786894285881 0.699842127279855 0.747349882613507 0.754683578269816 0.728113409237256 0.728118700700663 0.738038029146286 0.731187469207015 0.730347224702195 0.768969982074572 0.8187428102788 0.849925826917645 0.869241561334302 0.885660625973776 0.902242343057607 0.909860400290758 0.914983465228189 0.906263221162681 0.908985921087903 0.912258887858821 -9999 -9999 -9999 -9999 -9999 -9999 -9999 -9999 -9999 -9999 -9999 -9999 -9999 -9999 -9999 -9999 -9999 -9999 -9999 -9999 -9999 -9999 -9999 -9999 -9999 -9999 -9999 -9999 -9999 -9999 -9999 -9999 -9999 -9999 -9999
0.645458383894874 0.662774689856712 0.691462271860807 0.704932559654615 0.715103218566008 0.746121238159819 0.768220620842389 0.763609377645979 0.749103438994682 0.746031681865253 0.709585700659714 0.713167507800375 0.706847909023713 0.758066756479054 0.809609146242333 0.841398074494493 0.863039503563659 0.877829322520586 0.89305055973241 0.9023663258469 0.915662211763537 0.920676051844365 0.924313375462202 0.929338054641752 -9999 -9999 -9999 -9999 -9999 -9999 -9999 -9999 -9999 -9999 -9999 -9999 -9999 -9999 -9999 -9999 -9999 -9999 -9999 -9999 -9999 -9999 -9999 -9999 -9999 -9999 -9999 -9999 -9999 -9999 -9999 -9999 -9999 -9999 -9999
0.692610343757913 0.715745985467467 0.734170388573878 0.740041719459231 0.743676322894629 0.755904398835832 0.742355250034174 0.739468154166753 0.736938933903517 0.722413849502035 0.692166429783713 0.708322552572931 0.668928296583096 0.710954364617208 0.791479101989332 0.816471247786121 0.846073382303715 0.873167587377701 0.884655701430384 0.901247690676301 0.922685874094594 0.925456639381244 0.941479671781694 0.953505638607836 -9999 -9999 -9999 -9999 -9999 -9999 -9999 -9999 -9999 -9999 -9999 -9999 -9999 -9999 -9999 -9999 -9999 -9999 -9999 -9999 -9999 -9999 -9999 -9999 -9999 -9999 -9999 -9999 -9999 -9999 -9999 -9999 -9999 -9999 -9999
0.738176616352722 0.747074547397469 0.7619065524772 0.772877397239779 0.779186864936235 0.770573115516042 0.755620147733555 0.742561301243808 0.732486594218883 0.688891723239835 0.708397386942438 0.662752148649047 0.617960903957009 0.704010123324744 0.767183367056849 0.780514056908536 0.80093657581268 0.854034916430066 0.869898017880389 0.901573722943297 0.930569686330679 0.948423293147157 0.948991475254284 0.962070958247638 -9999 -9999 -9999 -9999 -9999 -9999 -9999 -9999 -9999 -9999 -9999 -9999 -9999 -9999 -9999 -9999 -9999 -9999 -9999 -9999 -9999 -9999 -9999 -9999 -9999 -9999 -9999 -9999 -9999 -9999 -9999 -9999 -9999 -9999 -9999
0.765659710387726 0.779780168777654 0.792077590533548 0.798793750712074 0.794003617207549 0.817576315527452 0.817618124879994 0.804118999838401 0.778138781750334 0.782339946139826 0.704713611242546 0.651615966559512 0.699589791110624 0.70609632718226 0.684086046320456 0.692761182554505 0.803978157764733 0.838025052959319 0.8849734078911 0.911404760702121 0.938579129034292 0.952319401857983 0.967218585052621 0.959355640192366 0.94477028486868 0.927061563464409 0.914856997315472 -9999 -9999 -9999 -9999 -9999 -9999 -9999 -9999 -9999 -9999 -9999 -9999 -9999 -9999 -9999 -9999 -9999 -9999 -9999 -9999 -9999 -9999 -9999 -9999 -9999 -9999 -9999 -9999 -9999 -9999 -9999 -9999
0.816420160110935 0.815538702534466 0.818567426807104 0.819006537064023 0.810533073621919 0.835773689297351 0.847112006768011 0.85532636009818 0.84484885339154 0.846267770388457 0.723104533531026 0.76181700334587 0.694923041965467 0.691574361432652 0.621256703507699 0.738954362570426 0.821507734628376 0.84776171460206 0.894633374339292 0.93433601129812 0.962452498713673 0.970079865998844 0.967101157034191 0.954557145919056 0.93902296921203 0.923898486660034 0.912656164607003 0.892746630242075 0.877193957912997 0.840589148321606 0.819996754809123 0.790099047761715 -9999 -9999 -9999 -9999 -9999 -9999 -9999 -9999 -9999 -9999 -9999 -9999 -9999 -9999 -9999 -9999 -9999 -9999 -9999 -9999 -9999 -9999 -9999 -9999 -9999 -9999 -9999
0.848044520333251 0.848824765788413 0.841273725999728 0.832018989799096 0.830805193108998 0.843602022409864 0.845793870361674 0.849477095815056 0.857974808458458 0.888382233005372 0.845868147440007 0.824963776413772 0.784400060746163 0.778057147459078 0.756318270027372 0.801827045581638 0.820487404437375 0.873135730165977 0.908836195213395 0.944923338585942 0.96552634682561 0.970584140434862 0.963081407648798 0.952447605499559 0.941106844694853 0.926756419219392 0.897570222472835 0.88413334865046 0.855583694887699 0.826051246594377 0.802595484130705 0.780978973920704 0.731003728289829 -9999 -9999 -9999 -9999 -9999 -9999 -9999 -9999 -9999 -9999 -9999 -9999 -9999 -9999 -9999 -9999 -9999 -9999 -9999 -9999 -9999 -9999 -9999 -9999 -9999 -9999
0.869367014330724 0.867013055399608 0.857300216112276 0.84579505432482 0.843333539457436 0.853455618943158 0.86545211781063 0.875568903329822 0.901103530426383 0.872297510353042 0.861841482943294 0.860072431252347 0.865319000869062 0.850396581119284 0.838894908980255 0.820320698815644 0.825767167997625 0.868620081087335 0.900757160184257 0.936539882005155 0.961347915246622 0.961694986279157 0.959889750475104 0.950154448450368 0.940181480074506 0.912516130556151 0.869041268967771 0.854422069395035 0.839484571452562 0.804548753119138 0.77916574220558 0.76564267887326 0.726567699223957 0.710228089274842 0.690869084426361 -9999 -9999 -9999 -9999 -9999 -9999 -9999 -9999 -9999 -9999 -9999 -9999 -9999 -9999 -9999 -9999 -9999 -9999 -9999 -9999 -9999 -9999 -9999 -9999
0.887902446009503 0.881942740494959 0.868366208066965 0.859625654842617 0.858194962269025 0.863903008759623 0.876943245355035 0.881243165177333 0.858397501043832 0.835174097756733 0.78566157947586 0.785652495992375 0.826228028643962 0.834138209719596 0.81041611120517 0.797639203249998 0.797618023442159 0.850116990047485 0.881463602708729 0.911971206076514 0.93817027687916 0.947357572465032 0.946815589673768 0.94245406704753 0.916514736304798 0.859360402201441 0.839218140632306 0.830889967235123 0.823218985654826 0.786352242920322 0.77185757701828 0.727413617353994 0.70931653998272 0.69090722149532 0.673394377711941 0.669095152717685 -9999 -9999 -9999 -9999 -9999 -9999 -9999 -9999 -9999 -9999 -9999 -9999 -9999 -9999 -9999 -9999 -9999 -9999 -9999 -9999 -9999 -9999 -9999
0.904271138378278 0.893543801586986 0.878802424716537 0.871918220716624 0.861343889509809 0.857170013737894 0.853068215090765 0.86151306503779 0.859424489282534 0.8342252095626 0.787385336689686 0.789963219066537 0.808322887399488 0.797391837733704 0.78632958854331 0.788581690513343 0.794109432051908 0.823877665655654 0.852513375620524 0.880270379087632 0.902390048083888 0.902857126657445 0.909865577667787 0.914439458769772 0.884949372347224 0.861016556835941 0.856135931883142 0.819441233566777 0.809868245386399 0.776190021958051 0.750478081455999 0.669359335600726 0.670056371997339 0.666111072962056 0.653882818436054 0.648822469347211 -9999 0.617109647227382 -9999 -9999 -9999 -9999 -9999 -9999 -9999 -9999 -9999 -9999 -9999 -9999 -9999 -9999 -9999 -9999 -9999 -9999 -9999 -9999 -9999
0.907652320252529 0.897795177624763 0.881725408251042 0.870959797811476 0.860583683149114 0.848724684867204 0.842273260477252 0.839647714143042 0.850099075336315 0.838757355010766 0.763446242470605 0.825868699959602 0.800916446455931 0.790358479618244 0.786061440675686 0.781766248031287 0.784328094141365 0.772633982313137 0.834579688273876 0.855598569310464 0.867257281537688 0.868506216723521 0.881109410939316 0.893190480420622 0.894893324551892 0.853650363156823 0.829902458358254 0.820841751526249 0.791902884347352 0.764085259145826 0.72635313557522 0.650873956481731 0.65473559302035 0.653809935278292 0.642714587713888 0.626882810216201 0.60225472339737 0.59007319934998 0.58062294998903 0.580405590049845 0.596014282971321 0.632056971721543 -9999 -9999 -9999 -9999 -9999 -9999 -9999 -9999 -9999 -9999 -9999 -9999 -9999 -9999 -9999 -9999 -9999
0.914119654616161 0.899327901938559 0.883476953203486 0.868436961369653 0.854542530528797 0.844436453527545 0.828294122117338 0.824010215906885 0.826005233381114 0.819687941495031 0.827561383994408 0.80001717107151 0.751432850371268 0.752237970098293 0.77169290538431 0.78766740779066 0.794832779420904 0.780810839225768 0.797914041606842 0.812854041015728 0.824223678311877 0.834830406219223 0.850955758941975 0.863659887170561 0.864431793542693 0.8549506009573 0.828473827709325 0.794118735902301 0.721380282059983 0.760296673547448 0.642939492656086 0.651022314545765 0.646949380940327 0.650511123109338 0.637421843322254 0.613669448552916 0.580335041301221 0.552477646982552 0.548861646135996 0.570080908957175 0.5954913492788 0.623574206336307 0.627482641374582 0.650634908599483 0.701404481520338 0.7479887914785 -9999 -9999 -9999 -9999 -9999 -9999 -9999 -9999 -9999 -9999 -9999 -9999 -9999
0.904755357359768 0.895422404286632 0.87837147682942 0.860743267394239 0.846635139440037 0.82770271533058 0.814695295972876 0.807725137148652 0.809677944625663 0.794578606668667 0.782789281521793 0.750764998803263 0.695724890833047 0.733484994417013 0.760879654051712 0.772319181774195 0.757158869283737 0.74900175104561 0.753800545652154 0.770553147275343 0.779738959094428 0.805032918375466 0.8192467675227 0.855313414259683 0.854500547167446 0.843684270080448 0.822180857512961 0.776437353090169 0.718175247585271 0.712169135216398 0.652740495007114 0.672404766333544 0.658631463061925 0.647981626559649 0.628310758477939 0.603483114247927 0.565373268972662 0.55450948095946 0.550589541334368 0.575070000856829 0.589729096433234 0.597139828643444 0.586713152054629 0.639508075391391 0.696294503825279 0.748248319022542 0.785481245667953 -9999 -9999 -9999 -9999 -9999 -9999 -9999 -9999 -9999 -9999 -9999 -9999
0.892657327612961 0.883702833513385 0.869360465958969 0.855797185176702 0.837816656917769 0.81243479725298 0.799606334397896 0.792748633834181 0.79378420380805 0.777101770501992 0.747567116921626 0.722243147536441 0.709679084912706 0.717298102536205 0.725510833401127 0.71824042591588 0.715826015635465 0.704806794757896 0.703220368178802 0.722505046795162 0.73845080258092 0.750098844907154 0.761553439740514 0.844388420231544 0.846800129991952 0.802053019658057 0.786700877562672 0.729578843523441 0.68391573433427 0.698056431020529 0.668587961643137 0.645477000158617 0.637420920943222 0.633099536791277 0.612924303101479 0.585759620234626 0.558839963221603 0.552529379287552 0.555333703468893 0.568723421952938 0.580664669618719 0.592303171888795 0.523110724657287 0.558289488314112 0.691569801880448 0.723891889461247 0.770032011788795 0.814265957669597 -9999 -9999 -9999 -9999 -9999 -9999 -9999 -9999 -9999 -9999 -9999
0.877467180119297 0.871980851754426 0.86188039969309 0.844738552247986 0.81682261661959 0.799719119598181 0.786317918049437 0.781350704836449 0.774930668345066 0.777888587779111 0.735651307141496 0.694224071904478 0.695098877574364 0.703260037769141 0.689344713547945 0.67060358531246 0.678032580925216 0.670591939380938 0.660801108726599 0.704538485042992 0.694587018887065 0.693882905912735 0.753355873920502 0.810569840204752 0.853569494345512 0.829311449715639 0.794100797284035 0.724438465314645 0.649396564713547 0.665863023120434 0.640416714536627 0.605811309657438 0.618055162149349 0.614445235519268 0.588594940681244 0.565860158389182 0.55514553244314 0.558426533045876 0.559389326525248 0.557502764425761 0.569990658317255 0.52208943294652 0.497822298864829 0.536641304434357 0.671043527203148 0.681238506288048 0.74800955484254 0.774795540595437 0.825441658306557 -9999 -9999 -9999 -9999 -9999 -9999 -9999 -9999 -9999 -9999
0.858822146012803 0.851578076285947 0.846759353760313 0.826657092143453 0.813229163325576 0.792301528789696 0.771716599787148 0.783052364232224 0.779168420209467 0.769866202069773 0.749505442246079 0.686683422097665 0.701072071030928 0.712537819455898 0.655416393979038 0.637658685382669 0.621868956569641 0.625321380624208 0.605180649915042 0.649468858774198 0.64907483798701 0.684209624733808 0.736918522299145 0.790815620189224 0.81880643991645 0.835621512896318 0.763105814433948 0.755382363726449 0.685602755045194 0.617884848211676 0.589361925099141 0.612548114883508 0.603218840049478 0.600392610245459 0.567239691273681 0.533509366927657 0.545328521683025 0.552192866376654 0.558386546049368 0.558561586167594 0.561639245548507 0.538578140874907 0.507219748593919 0.594238609463907 0.633356257625828 0.635669092774516 0.691039794989995 0.765209137948009 0.811600445505386 0.837590234013137 -9999 -9999 -9999 -9999 -9999 -9999 -9999 -9999 -9999
0.835639592321869 0.834791122840633 0.819063379541772 0.808557407328387 0.798027149306126 0.779491032968888 0.773356133234525 0.788252769530037 0.765698782740607 0.752719235539699 0.700779657114232 0.674711076678461 0.715820730396591 0.698447006735839 0.639871669327793 0.598095939170397 0.594100724086724 0.592057675892344 0.558163236499112 0.560040385711222 0.613266743734424 0.628424819660342 0.538701198794409 0.700841743177612 0.774612055684331 0.736019069685757 0.764250174348228 0.688214590633631 0.68020975534437 0.593279290250769 0.592177429634171 0.577885017238486 0.559593733649675 0.566355494358532 0.540828150166175 0.541272133378777 0.530238285909337 0.525745772573123 0.526011508994349 0.530989877443193 0.544319358343275 0.53328209747401 0.529298555638916 0.575757862851015 0.562773948825927 0.618993401388988 0.682024726820861 0.756918205312049 0.788159008529004 0.810858694068689 0.819908430143352 -9999 -9999 -9999 -9999 -9999 -9999 -9999 -9999
0.813142587009198 0.815568523775652 0.805511879238167 0.789910962822118 0.769929522577794 0.765661385332655 0.745171989672901 0.724691242257803 0.715366397839683 0.722413250902329 0.711382748216356 0.656271157105489 0.681928145305073 0.645790897096109 0.590539747472763 0.543366001266388 0.557351410100088 0.581116122323414 0.515124897552529 0.540139364996824 0.552047664792401 0.584058948607451 0.565468843895056 0.548198888211845 0.684623123212461 0.676781159050153 0.685133352182435 0.642831720826731 0.657324723091863 0.580161933633365 0.543653542804873 0.511579875196586 0.493120855116453 0.488182089989636 0.477535458715688 0.488849643216762 0.493060665551685 0.497571993191218 0.517743866221026 0.507142091157756 0.520195465724331 0.499142217309461 0.46574661235085 0.525620257412623 0.535719244860873 0.577835945770463 0.683517309654059 0.750311919835392 0.772514927433488 0.788370557680666 0.800071123821211 0.809885518205835 0.800767374501364 0.787799404789978 -9999 -9999 -9999 -9999 -9999
0.787740857489241 0.792069817942032 0.783126509454498 0.757283065290421 0.755506213531324 0.754263901547838 0.732981174790525 0.66685868982289 0.599281106396905 0.634138533596316 0.71384807767226 0.609020455281794 0.632024440952125 0.590972176950182 0.553479095325022 0.516189104034553 0.525653214988253 0.564816627265733 0.535234388724331 0.545074131741223 0.534933684950272 0.530196886704784 0.548217755632167 0.570309384875138 0.635891839689007 0.633678644674317 0.621255478706231 0.60572105911194 0.607957850947298 0.540236801733724 0.498418675892338 0.451238361323339 0.425745459870452 0.434478683028671 0.438841356020422 0.451085898133891 0.447163575083693 0.468231529674912 0.49448796864148 0.477522692164875 0.494681670652092 0.498722928113367 0.429906848274029 0.483458196516458 0.527609249498963 0.581761375819135 0.655086140845144 0.722255394757104 0.715910355403244 0.75501678962545 0.770481029191793 0.787674148011562 0.781794578714347 0.772734703183896 0.775241219680113 0.777122110777342 -9999 -9999 -9999
0.769643373198982 0.766470817390744 0.750116747020189 0.738038824628771 0.728887431515724 0.721607613676507 0.679025439954351 0.62801041821715 0.534335851843569 0.498580825138175 0.572777826308449 0.568687067700444 0.603168374340197 0.54927023970678 0.511226191763582 0.492459669544424 0.543817384123416 0.544098433042073 0.532521541484664 0.541338854446677 0.506834279811789 0.495112041383532 0.510707129957598 0.623134228519137 0.622317650439284 0.58518905967254 0.581550626185337 0.60130633377911 0.564124392758301 0.487037942751074 0.485799337456165 0.472788502284144 0.461164681136717 0.451603361484908 0.447068211766803 0.449760126502551 0.458155652839836 0.467110921491939 0.476591033489152 0.470507791428082 0.462813056901767 0.446734076721948 0.421702655162673 0.462209690650366 0.527084698176414 0.596677040760715 0.651881205678693 0.615507185469804 0.665229980418576 0.693525248007259 0.73860931641213 0.734783410914027 0.708723190994604 0.734604101886421 0.767384932331599 0.781721077991817 -9999 -9999 -9999
0.708556004457988 0.739263691435551 0.735571267613686 0.71301507068975 0.716770763514819 0.667924290845319 0.61256009633576 0.475056942107977 0.3374701207404 0.351443629175019 0.410759587140278 0.445671608408837 0.507378980189536 0.516730771896057 0.55517475037391 0.532420950827828 0.558869624100863 0.532573201955387 0.518815218146158 0.521808560600291 0.508040237521102 0.451215999642329 0.537977594567633 0.602054839310117 0.621851986583555 0.577120593285022 0.586889561487078 0.582974891205423 0.545254210492764 0.496588899005954 0.481144948519605 0.445749691100499 0.431325269029489 0.414517289730277 0.40307894836908 0.41506289933434 0.42277600122265 0.426828537501217 0.453559583142664 0.455958375048381 0.465033748693825 0.464656060553197 0.430498586538585 0.449320634936895 0.480769171583167 0.522527603547077 0.595553943224344 0.624149889206771 0.655685354170623 0.668928789917051 0.690923270502035 0.68186923793394 0.643569077357432 0.701395424865559 0.753653050253296 0.78098849100318 -9999 -9999 -9999
0.698480609114616 0.702388900681582 0.721672590519894 0.713958138222346 0.70484270247822 0.721684403577126 0.635714852532262 0.505898359001285 0.449019011246863 0.345995388142245 0.38917983861436 0.514056034149698 0.511584762030824 0.501915254940177 0.535600606137466 0.523071738421412 0.570866783064472 0.515585393395746 0.512820575890048 0.513725347390504 0.448068893247988 0.479149942675229 0.532996419475907 0.575655493244302 0.57879466271802 0.556563185024967 0.584386014741116 0.530175642656214 0.504681407516939 0.452386049111879 0.424048078374526 0.434104457382377 0.410803495314228 0.388144180631857 0.374990707490423 0.376260131183638 0.366964213458454 0.372573474539264 0.412283543425113 0.419402522677751 0.425466424424442 0.437673775249265 0.403324294453395 0.419365535600301 0.419688354073911 0.479849642559829 0.544555529653263 0.570326775124423 0.60793295848448 0.645191044214319 0.639180323366717 0.638764749524822 0.623027846001013 0.665161764998407 0.731202736727682 0.768000127771943 -9999 -9999 -9999
0.683673026493271 0.660369878415449 0.652123680018136 0.667870062690714 0.677165215828604 0.681227380984094 0.679882333019971 0.65231515815332 0.628731797482874 0.53936649273278 0.47302503389763 0.527345305452678 0.527532993169659 0.50893813499671 0.539118903154234 0.479035930114635 0.510195706288832 0.537431581852537 0.467676821007109 0.464574548062965 0.461505332731383 0.518225036868437 0.523815335511994 0.553121540356534 0.528743587520766 0.534308872745752 0.53476799165301 0.484776933202046 0.440025349636819 0.381943892112796 0.37083869697744 0.405744309439884 0.373351975770764 0.373412075900858 0.344687195695483 0.362693119858956 0.337557114942314 0.345059409700886 0.368120667457387 0.369975130906353 0.382838621553068 0.402310821417337 0.379898395814144 0.416581010958801 0.437554820736135 0.465613648522842 0.502256253411615 0.535581808622924 0.562560832943013 0.568303350817108 0.569400519797747 0.59977402562253 0.621305258170577 0.674474629960173 0.716812061974562 0.748012078326775 -9999 -9999 -9999
