layers/veg_krg_50/veg_1900.asc
NCOLS 128 
NROWS 165 
XLLCORNER -2985163.8955 
YLLCORNER -3022031.214 
CELLSIZE 50000 
NODATA_value -9999 
[rows 26 to 51 of 165, columns 0 to 57 of 128]
-9999 -9999 -9999 -9999 -9999 -9999 -9999 -9999 -9999 -9999 -9999 -9999 -9999 -9999 -9999 -9999 -9999 -9999 -9999 0.432031683401297 0.251915359035321 0.141655850716658 0.03511599275693 0.157229554865134 0.307418527845683 0.320474161345504 0.383694343497661 0.584938302783417 0.591050191449731 0.543209100533889 0.531800456004616 0.532757349184849 0.536866401458444 0.590454334829597 0.627331336631275 0.681651928413224 0.726855719550736 0.758474127526513 0.788156539075029 0.791740084468894 0.773746295851423 0.775576456409445 0.781478176263028 0.803194519185463 0.792988255709714 0.779266461176435 0.76659669841854 0.752741156166904 0.708698894893173 0.676102016339512 0.654728713702145 0.646505414668951 0.635387027542106 0.623567643793911 0.600562356444358 0.577898261592679 0.541309967075481 0.532441727388832
-9999 -9999 -9999 -9999 -9999 -9999 -9999 -9999 -9999 -9999 -9999 -9999 -9999 -9999 -9999 -9999 -9999 0.677592596357449 0.521014607014133 0.45517318365634 0.233093233363564 0.0881465291704793 0.0396297363029496 0.133439489954657 0.216540697732666 0.329151774845156 0.481042439571078 0.563144712646825 0.566873479068756 0.549141269222142 0.593001449688576 0.623173479778724 0.631318210755513 0.65989363468618 0.688551197391842 0.725295023754524 0.760741373084555 0.783415566037264 0.806709049784153 0.814940810048732 0.798770674034068 0.803252688498891 0.816869970061792 0.83878474226762 0.83076620380178 0.816258067187221 0.801440797872435 0.781693807104723 0.742240123758768 0.719855111268344 0.699646908301425 0.687457964885881 0.680479383708007 0.668554196590251 0.647454927967672 0.611749764421146 0.571948629348625 0.571440571853292
-9999 -9999 -9999 -9999 -9999 -9999 -9999 -9999 -9999 -9999 -9999 -9999 -9999 -9999 -9999 -9999 -9999 0.679758858639831 0.664739630481024 0.454870509367108 0.215242402064295 0.0590935703228425 0.0571975461085319 0.130153130693691 0.247257036285358 0.417181803802298 0.501798087436908 0.537681987406905 0.649970003908437 0.660537125129385 0.677437480311869 0.68058201743487 0.685951855517707 0.706958305909065 0.734486493111872 0.76434059822907 0.789906307795871 0.808382923660991 0.836313500552233 0.856040462992252 0.855747579375046 0.851072133564232 0.854252255359489 0.865277163224364 0.86032131515271 0.841195260284611 0.829915228890435 0.801333766549348 0.773001510899417 0.7562000239831 0.735153848138706 0.728355530225008 0.721681443801097 0.710903881161773 0.692186491804603 0.61271166449605 0.616597726448312 0.616710711820563
-9999 -9999 -9999 -9999 -9999 -9999 -9999 -9999 -9999 -9999 -9999 -9999 -9999 -9999 -9999 -9999 0.712426968450233 0.696062524748568 0.60355091109608 0.370171632803441 0.203280764493279 0.114017450109397 0.0979688312756129 0.106470468231929 0.223250003498254 0.421811416206326 0.498212147409215 0.553234556088873 0.657943002656161 0.664659647321336 0.710302374849121 0.723314953294847 0.731673507881018 0.748551373235644 0.773371267640835 0.808966308093595 0.823952763953886 0.850877755052596 0.867215024264169 0.87957076455631 0.886422048063214 0.887298443953031 0.887617602186947 0.890357539050924 0.893073890336238 0.873038384832288 0.846356471012763 0.829308691869615 0.807022857448367 0.78288341194965 0.766002644813512 0.749498575149428 0.747607443254886 0.741262340110198 0.720600223332017 0.647585477207473 0.64875661815818 0.648753857660331
-9999 -9999 -9999 -9999 -9999 -9999 -9999 -9999 -9999 -9999 -9999 -9999 -9999 -9999 -9999 -9999 -9999 0.627462327432414 0.51384649455042 0.334031346849143 0.194644647744157 0.181981498690828 0.147620383762823 0.158751963148318 0.25813893240143 0.417474082539525 0.528352730622241 0.656635356888369 0.683105300705869 0.695659133186406 0.719044134921149 0.764108943505341 0.778361392668776 0.797844015332745 0.813580542347918 0.837332068586261 0.855378223239481 0.873647475099831 0.891545724822315 0.901699629680395 0.908428825119233 0.912757160153821 0.915421848564417 0.916933193484292 0.922726957076174 0.90051132906146 0.874540870192007 0.854405873430434 0.827987543562272 0.808367569242336 0.785297906840469 0.766137124101738 0.752878770257539 0.738415679350918 0.725667229064675 0.690052658813528 0.679159250926206 0.683779594285944
-9999 -9999 -9999 -9999 -9999 -9999 -9999 -9999 -9999 -9999 -9999 -9999 -9999 -9999 -9999 0.589108833364824 0.586792305651437 0.535979069565453 0.380865977618379 0.254326449087081 0.238810290300026 0.284438441616514 0.236613862925416 0.193328383927027 0.263497594313703 0.426346597114732 0.588554016995006 0.68026571460716 0.725031689402025 0.720572843919961 0.75367141595611 0.802277234004757 0.826703499939861 0.845681778341641 0.856058343909772 0.870258499093129 0.880204602800068 0.89440096136091 0.911195131193339 0.91993822573181 0.92583076988502 0.933296731773405 0.935750116120922 0.941595689881545 0.93842535864017 0.921274299156024 0.88988574283797 0.863549167906099 0.847043931367445 0.829344299759546 0.808874996419792 0.788278304022644 0.772625006095472 0.760516527928296 0.752449606898945 0.741912770714005 0.713838479222853 0.706224186403606
-9999 -9999 -9999 -9999 -9999 -9999 -9999 -9999 -9999 -9999 -9999 -9999 -9999 -9999 0.588273394950704 0.555070509813934 0.518363699917846 0.399792181419454 0.261662332903611 0.252947194532813 0.303654201463492 0.321518113776188 0.282033345076252 0.243054021549201 0.21078063033229 0.395097363373066 0.604316218455876 0.696337266486669 0.751638728336 0.78901888280285 0.814568000715337 0.84944426624649 0.860477621082533 0.887700761632006 0.903760876581168 0.907600269101732 0.906377502055391 0.906393698874409 0.924290836932123 0.929658164025833 0.936833103636815 0.94519886299351 0.949765830817168 0.947336661943506 0.942356379616548 0.928841811622781 0.891536135255514 0.867348002318339 0.856837869311396 0.842040636844807 0.824964057188707 0.805763807809346 0.797936606894666 0.785463864965722 0.782983170605296 0.784154447445722 0.774819545618873 0.751192654434354
-9999 -9999 -9999 -9999 -9999 -9999 -9999 -9999 -9999 -9999 -9999 -9999 -9999 0.594276715742645 0.585181303100199 0.565858271967177 0.418032720940273 0.241992065558841 0.165742565006822 0.278212324803926 0.328228789832706 0.323376318901718 0.300789528776391 0.275151840362025 0.345099308237461 0.526688152352047 0.583475570894188 0.707602714537041 0.767083701078014 0.817753284723488 0.867390195261241 0.901840217641962 0.920517194184503 0.927125340769956 0.934223795665088 0.93049653614249 0.932582849955449 0.9324822491375 0.92366416889132 0.930935572451577 0.943329931560887 0.941070847246652 0.935319365788625 0.938595099027372 0.937833406869343 0.914353129444878 0.879978915975225 0.864168982096816 0.856105340347821 0.847336189079776 0.833263042032647 0.81708656080317 0.812363204235394 0.808411194467481 0.812607586925933 0.813678465108689 0.811547569294778 0.813406328045798
-9999 -9999 -9999 -9999 -9999 -9999 -9999 -9999 -9999 -9999 -9999 -9999 -9999 0.636783920415711 0.628182342946697 0.597957745004794 0.413893673417556 0.228150569094604 0.154747698726723 0.315017983928971 0.44288220899253 0.480149004138763 0.465950623158836 0.468925246813684 0.536184679637977 0.643256618255909 0.660309922911356 0.650758622779558 0.769295572610861 0.820831199120604 0.87171237254503 0.915687309105601 0.945107116746831 0.952493418301851 0.948836911816477 0.946221416507316 0.944573151987375 0.94245810019974 0.940314613716903 0.940461878982856 0.951581582707728 0.939623890202106 0.936740400207315 0.936662968009764 0.918981619034917 0.884389741628598 0.87196357904325 0.857793642896381 0.847918989485841 0.843959715180157 0.834858034032563 0.825855678762143 0.821822392698133 0.82837282749359 0.832400420262218 0.836486300475907 0.838853504475915 0.836514902559285
-9999 -9999 -9999 -9999 -9999 -9999 -9999 -9999 -9999 -9999 -9999 -9999 -9999 0.667989518141998 0.656070726988495 0.604704905501765 0.346722447097211 0.232168507023417 0.238187907473344 0.408207878321732 0.468846430036954 0.487389104203148 0.47870966726124 0.50636662641679 0.62551325904921 0.660968692448772 0.696860832214608 0.72889950758387 0.789635900757014 0.83482774874683 0.870429595837456 0.906012364587763 0.945110478577142 0.952603486931177 0.950585907411292 0.948637368845321 0.947930840210126 0.944696926367375 0.944686324366141 0.950090180178979 0.950333288203032 0.942865618838383 0.943620408031846 0.920879399991419 0.88364036935621 0.868361529538865 0.85958851194991 0.849148735584474 0.834756078348337 0.831920652071965 0.829899081651506 0.828546270258183 0.833615385410205 0.839682676992354 0.846347561936209 0.855044067309295 0.858646394077915 0.860357327148451
-9999 -9999 -9999 -9999 -9999 -9999 -9999 -9999 -9999 -9999 -9999 -9999 -9999 0.687356594963023 0.690044532312681 0.658819045980822 0.324548672376929 0.264149155080184 0.366813357818353 0.550189372932287 0.548716365897164 0.534069915595635 0.512359600417642 0.538205911290779 0.654919099153266 0.683993930544294 0.716394673300915 0.746094151156289 0.783400330347297 0.832758740426081 0.868862066236815 0.901069712778783 0.928509067583019 0.941652530250037 0.943118697305861 0.94233042621983 0.943166872783593 0.942001238544845 0.939161179842466 0.955201298696149 0.942749984548514 0.939526826174739 0.935761973654798 0.881302526704821 0.86506209750432 0.851978969750547 0.841183272813295 0.829084448054671 0.817229979175845 0.812809055809609 0.815233278708409 0.821539577482755 0.830703316898246 0.842597618621793 0.857810440087523 0.869289206722834 0.880067438750025 0.884734208967428
-9999 -9999 -9999 -9999 -9999 -9999 -9999 -9999 -9999 -9999 -9999 -9999 -9999 0.702670117532102 0.707865023071299 0.682612773829486 0.350791412648311 0.316912255764962 0.399508133928015 0.580192238027826 0.603039024948994 0.593117920644647 0.559539860225043 0.642002772575536 0.691197240373166 0.713813679831677 0.739507254352085 0.761416726381955 0.790775935603378 0.823302424934888 0.852051276691013 0.886536921097177 0.918812858969584 0.93125905705058 0.935102794286 0.934152033329885 0.932414869758165 0.928305149473371 0.936260678452509 0.936689097943478 0.918383819859328 0.920156518600763 0.885821389355458 0.850677464613593 0.835483109110213 0.823640334876572 0.813307055335381 0.802472015421036 0.789185405253459 0.789591966776413 0.794609736134336 0.805064791730604 0.820842111290549 0.840430064311358 0.863909847331884 0.884760929825274 0.901322831247545 0.908970273989727
-9999 -9999 -9999 -9999 -9999 -9999 -9999 -9999 -9999 -9999 -9999 -9999 -9999 0.718292216709594 0.73623886684911 0.712182341560989 0.567631732673969 0.396078139237395 0.4374231908768 0.623275494555857 0.64550718747891 0.639506317785709 0.62935289319308 0.705188259653951 0.717856458383503 0.736980713495307 0.75920567285851 0.782290416911857 0.81074692206267 0.827602929607784 0.842910633388392 0.866775548043432 0.907814078044483 0.92042164930028 0.924867511075422 0.922609998313633 0.921544663988036 0.915517381666845 0.930602417845989 0.912750371956829 0.900498131674942 0.901233238640451 0.847503291976174 0.825279748036048 0.80552665655788 0.795168203452533 0.787705688172503 0.773563015332578 0.767251607188033 0.766491154375471 0.765914993411396 0.774028824762283 0.799358349453734 0.825485466120141 0.866588442310128 0.904443950410207 0.923216566751404 0.929479732612806
-9999 -9999 -9999 -9999 -9999 -9999 -9999 -9999 -9999 -9999 -9999 -9999 -9999 0.749458293224566 0.740157930980881 0.724134104651342 0.579623861944648 0.416453236411426 0.499543660602179 0.682167781732792 0.680292792902329 0.665018638707965 0.652902710470296 0.720413576024927 0.718337109464284 0.73035392701055 0.75247917605344 0.7828981269992 0.801203130804836 0.818065036364356 0.842585050439378 0.850610034928752 0.874881736387704 0.893289649232399 0.911194431443638 0.907523642681893 0.899747647886337 0.913435861251396 0.904829081309346 0.894095961990357 0.883361917420949 0.847225978609924 0.813526328667777 0.798091759550487 0.784472795252084 0.774086050491312 0.762673004930981 0.752874575725051 0.747705590913277 0.740280347292774 0.74224609064264 0.745926423822455 0.763521585774533 0.806459924497664 0.866633568750147 0.915978857854051 0.940808978995029 0.944896129041111
-9999 -9999 -9999 -9999 -9999 -9999 -9999 -9999 -9999 -9999 -9999 -9999 -9999 -9999 -9999 0.670495733927589 0.410311362278652 0.464831012600934 0.6069876152488 0.67306011403069 0.677377719620822 0.66155308940478 0.651901802039973 0.692660245970394 0.719134590180408 0.735137170762008 0.756716292722051 0.776457344679718 0.793962822472172 0.809919906708511 0.82632737264496 0.834779037706873 0.856513449778474 0.868632671879282 0.87621980734002 0.88097969674597 0.881004897046848 0.893382149819239 0.88958715687511 0.877466012412154 0.86308897519778 0.825918103831324 0.795389454559237 0.774861569050705 0.760331108958562 0.750882093383129 0.740899593894873 0.73118420761923 0.725942279637552 0.724930777648155 0.722498525824429 0.723995194719974 0.735036457685347 0.790297033682181 0.858973636841216 0.921727970583171 0.94581444828062 0.944919271076302
-9999 -9999 -9999 -9999 -9999 -9999 -9999 -9999 -9999 -9999 -9999 -9999 -9999 -9999 -9999 0.590563049157377 0.491058893859035 0.495208605344526 0.606219344551933 0.641391283688969 0.655749928378776 0.655171267618052 0.646275361380095 0.658003525210084 0.706749507168839 0.720599610502504 0.740338496022178 0.756744920098871 0.777686278538601 0.793356418822946 0.807378823803422 0.814578611873401 0.839974382662225 0.846661384161221 0.851860012690864 0.859129922022138 0.862384520574599 0.870768442055857 0.851841683500778 0.852434890825054 0.840066683073863 0.805347617826947 0.782048206879569 0.75804149045406 0.742120822894293 0.727875724611565 0.716913298319036 0.708409501225198 0.700426310657485 0.70632227178877 0.713601628240587 0.722502379396641 0.741268162716362 0.788610539235525 0.848149926669558 0.898869456369625 0.92111654399413 0.926844927816892
-9999 -9999 -9999 -9999 -9999 -9999 -9999 -9999 -9999 -9999 -9999 -9999 -9999 -9999 0.639888532386726 0.598622903267958 0.508136447878941 0.54725088972562 0.622757186716074 0.650776590455516 0.646059679102175 0.653945437888855 0.650854722468521 0.656442839196351 0.699366455532271 0.713372020248248 0.72918283290279 0.742846812566975 0.759397080475453 0.774633856116497 0.784894540719622 0.790525833568424 0.816012069374635 0.822597534994697 0.834637766057135 0.835877462604562 0.82308688660898 0.83096791498403 0.821970399440557 0.837420344018553 0.820256306044425 0.788310834576636 0.768547248372569 0.744982066648702 0.721742287306693 0.704824335833397 0.699452093332758 0.694222880813602 0.692749131292224 0.703437323992422 0.711207900634384 0.724296897266036 0.745546658268004 0.784566131282056 0.829536381497141 0.870384531780857 0.894789812950511 0.903037161388041
-9999 -9999 -9999 -9999 -9999 -9999 -9999 -9999 -9999 -9999 -9999 -9999 -9999 0.641622280755665 0.638551260874398 0.575978109505035 0.485030768234314 0.460891704982376 0.584436915462831 0.646775606464768 0.644085011745963 0.660680953254177 0.656411907018254 0.660874004712683 0.692720286924553 0.702516122901699 0.718084395195342 0.731468024374168 0.741422627460323 0.755173727954915 0.764924098296111 0.769381635771082 0.786840035451021 0.80957476381147 0.823013143748081 0.824469827447468 0.799433635879471 0.80675070649401 0.803357933094515 0.817644544587537 0.803919567402502 0.769732161135176 0.753028059222147 0.726732385637405 0.70552369808996 0.689689073363209 0.690119954946252 0.686847836400525 0.689703751384023 0.700695364252358 0.714916034431514 0.723920250753955 0.743914638774102 0.77779878095875 0.815933540553951 0.845496207816465 0.871497880273249 0.875365482375629
-9999 -9999 -9999 -9999 -9999 -9999 -9999 -9999 -9999 -9999 -9999 -9999 -9999 0.630908326336635 0.640024190419604 0.564031481919202 0.48555807050515 0.497712967709407 0.567561708891212 0.656004880016943 0.657988384001946 0.675111706843936 0.670761075305818 0.671201604386384 0.694589392863379 0.698043415363502 0.707460990688334 0.716985093613881 0.730521096690693 0.748846373076912 0.758351482061577 0.761401333957421 0.770425626984338 0.788771409790205 0.805753264122783 0.810116500656574 0.813730536558937 0.79209932076962 0.783814427059203 0.78779491182718 0.775651468136766 0.748277290455451 0.72697396646948 0.713667773619991 0.699891651100641 0.695512504882988 0.695594117664216 0.687870160305924 0.688755897851271 0.69803331131384 0.715980881397708 0.726040687937273 0.744226312269508 0.769009807867169 0.803680690375881 0.823304629100639 0.847075682892768 0.861844890919032
-9999 -9999 -9999 -9999 -9999 -9999 -9999 -9999 -9999 -9999 -9999 -9999 -9999 0.662874489580632 0.655568322059987 0.586967756601316 0.428004683292226 0.472330895377057 0.596839685881943 0.629232400205653 0.626172492070192 0.654179112944421 0.639136729566078 0.658048084374912 0.675242780418624 0.677647880415155 0.68461327287563 0.705409575419675 0.719742092524432 0.728732094403077 0.738660387858417 0.741763273169031 0.748877300561004 0.769141645686085 0.775036761677808 0.792247206933845 0.795890783847077 0.787769483573837 0.778742403343197 0.780632667364797 0.760681514806634 0.743664515508709 0.729885635048194 0.717134382888847 0.708651710421295 0.702582051486927 0.694094596083362 0.684987445004372 0.685484988203023 0.690984532199765 0.704143153986848 0.721080258678512 0.739093017682998 0.760451402806867 0.786120603910345 0.8074592878508 0.826073123033754 0.829096569627922
-9999 -9999 -9999 -9999 -9999 -9999 -9999 -9999 -9999 -9999 -9999 -9999 -9999 0.667185635498661 0.668748562791271 0.658167090872839 0.531787189945406 0.478336095211601 0.588658651775075 0.543595488814472 0.555869780975231 0.60707909934371 0.608388213133867 0.640085172358226 0.643902613014821 0.644714220100866 0.639403994796855 0.659963879051032 0.672123809645186 0.685781475178102 0.711620456425012 0.713945581377055 0.745696539966019 0.748870474171795 0.75257520210379 0.759784575915724 0.762753010236105 0.76920813530772 0.772844435070882 0.783370987166371 0.778638218607151 0.763128707555269 0.748475107656573 0.738079723325839 0.71766160326195 0.704472937038544 0.693261320893274 0.68016581379403 0.671080957082806 0.681924571422205 0.69941485572526 0.717616530801929 0.731841454592216 0.751433665724006 0.777630973022827 0.782793254225388 0.790174888173942 0.804150088563493
-9999 -9999 -9999 -9999 -9999 -9999 -9999 -9999 -9999 -9999 -9999 -9999 -9999 0.648672184248159 0.645069557806986 0.641952505436394 0.58891298656797 0.495774675673031 0.551503054433619 0.53215678155918 0.527574715020648 0.59040434992569 0.598100983634959 0.618562439239927 0.634924602028528 0.638618971599667 0.634955034075044 0.625515774392635 0.620447363920062 0.624366092623448 0.665641044611018 0.70257049107739 0.724154193429364 0.729725637232949 0.738019494374429 0.742237806342394 0.745407617464222 0.743606847657233 0.756534057644029 0.781464637701352 0.786729627051592 0.761829494494545 0.73961424197707 0.716783438843189 0.709808821957659 0.69425691892047 0.679249331726659 0.671176404068308 0.670485806339399 0.679025537141249 0.688487585572693 0.705520458468138 0.725449719047896 0.737218202921075 0.759913352771134 0.765750068658877 0.765559715693989 0.771209091946387
-9999 -9999 -9999 -9999 -9999 -9999 -9999 -9999 -9999 -9999 -9999 -9999 -9999 -9999 0.630447682597349 0.635374874873564 0.628499591230116 0.573103849022117 0.482816405278615 0.46439423804112 0.487000590077356 0.604651802741673 0.619286792000141 0.619599341293854 0.616670044998678 0.619199442132487 0.631672940229462 0.619393303760957 0.608721089712502 0.599419847830957 0.619031355221923 0.679535232982142 0.702813582689044 0.709155729726133 0.720825970838373 0.727836701559553 0.730310154174261 0.724285111258547 0.753238914752602 0.76111890331964 0.767023044117858 0.764618041852933 0.732128741522107 0.703087022085063 0.683520137966152 0.673452233777005 0.661151499301068 0.654739896285651 0.645572222193166 0.650088746424369 0.663939719763677 0.684281099925266 0.706426813942405 0.734936740042297 0.74611674384254 0.752346185317915 0.744889495595854 0.758743080370998
-9999 -9999 -9999 -9999 -9999 -9999 -9999 -9999 -9999 -9999 -9999 -9999 -9999 -9999 -9999 0.639521007843125 0.6549499206641 0.627978513457626 0.550372726856685 0.473714629900266 0.512260825898046 0.569871436355106 0.627527526719444 0.623592130922405 0.594597185196976 0.605291207169798 0.621201430660902 0.609877018589232 0.596587578041792 0.582579242980348 0.604096260629173 0.628976059695149 0.632565481421863 0.639003523607681 0.648076602272152 0.652192358697003 0.6567369266993 0.661436892404886 0.683114743442302 0.705669764346592 0.694522604266542 0.711227816034476 0.73522135754978 0.707200280418566 0.666614298047849 0.639232509249698 0.625410239359068 0.616439937562563 0.629336523878055 0.633134640085858 0.647981434464892 0.668556909410609 0.691648369166017 0.761287150674381 0.732814979259335 0.734445532775453 0.722899349932292 0.752003185055637
-9999 -9999 -9999 -9999 -9999 -9999 -9999 -9999 -9999 -9999 -9999 -9999 -9999 -9999 -9999 -9999 -9999 0.633822186415762 0.56319410785599 0.487468814388102 0.514178053172339 0.524398403959647 0.582604381352667 0.634004537760124 0.609188661986931 0.59526765825212 0.600525936079651 0.589715279171876 0.566956584598459 0.57583681287465 0.613083518839543 0.624673221228947 0.625058415671125 0.635488684977826 0.651649872312388 0.665724669868172 0.672975666613853 0.687480410979157 0.693421978850297 0.703370640806678 0.697401329171008 0.707000221126064 0.707305530847555 0.695692791307864 0.659606732784899 0.636004152536654 0.623960406001762 0.61328792692636 0.61766777340164 0.621500400941144 0.632585041871136 0.653416220862095 0.708012376885301 0.730508082178674 0.703442244551024 0.645682982316546 0.650990753137464 0.713850738431874
-9999 -9999 -9999 -9999 -9999 -9999 -9999 -9999 -9999 -9999 -9999 -9999 -9999 -9999 -9999 -9999 -9999 -9999 0.577804542619956 0.481040699218125 0.468969109655886 0.50374089403215 0.464069744659658 0.553092807327124 0.569182317188288 0.558599230907178 0.56162910218521 0.554613663694462 0.53431266818883 0.555669240990814 0.570161877983447 0.608302357041981 0.622619465846077 0.646257939194657 0.671945976080511 0.683214992903377 0.68712408212467 0.705990244320915 0.717833957311381 0.703481332393199 0.688285234583192 0.691133616406434 0.68860943134364 0.696632925160232 0.669113550355684 0.644200266757586 0.63096246383083 0.623722474306887 0.609096833429976 0.615372822447387 0.619904259842426 0.638280863402245 0.693492229241405 0.682594360467044 0.659049925984195 0.613538434629878 0.618448986184085 0.640175539794871
