layers/veg_krg_50/veg_1600.asc
NCOLS 128 
NROWS 165 
XLLCORNER -2985163.8955 
YLLCORNER -3022031.214 
CELLSIZE 50000 
NODATA_value -9999 
[rows 26 to 51 of 165, columns 59 to 117 of 128]
0.540443134097039 0.543792545473921 0.54770341203147 0.549355604896994 0.608164801085702 0.642635602508425 0.65484603382899 0.700267029880423 0.697498692419245 0.63636277944458 0.674156488891845 0.712013521020497 0.716930502128394 0.746255309077528 0.800501832587244 0.818813583489564 0.836121721507464 0.87015490634229 0.907856608447308 0.90757443262348 0.922542178517162 0.938215586506649 -9999 -9999 -9999 -9999 -9999 -9999 -9999 -9999 -9999 -9999 -9999 -9999 -9999 -9999 -9999 -9999 -9999 -9999 -9999 -9999 -9999 -9999 -9999 -9999 -9999 -9999 -9999 -9999 -9999 -9999 -9999 -9999 -9999 -9999 -9999 -9999 -9999
0.586090254443441 0.585118967582271 0.583105114313007 0.583562546533783 0.621269127103808 0.649209065945097 0.652901085073963 0.707592380366664 0.708997675122062 0.687779001550823 0.701593676625218 0.702255022260987 0.728034780065595 0.753153381179008 0.778660016750583 0.812399457220624 0.803363979217476 0.86827746750562 0.8727395344621 0.896801541054535 0.907021112245053 0.927105889507047 0.945872959115023 -9999 -9999 -9999 -9999 -9999 -9999 -9999 -9999 -9999 -9999 -9999 -9999 -9999 -9999 -9999 -9999 -9999 -9999 -9999 -9999 -9999 -9999 -9999 -9999 -9999 -9999 -9999 -9999 -9999 -9999 -9999 -9999 -9999 -9999 -9999 -9999
0.62315363005094 0.622035605585514 0.61562329145407 0.616018819942065 0.663454447873213 0.685018145295622 0.735595326611324 0.730108101721887 0.711495935406953 0.709297366838228 0.724294549809709 0.722477286784113 0.72455237776029 0.728064691360148 0.780187744801166 0.822863339481761 0.870692946710016 0.864485375920288 0.891802917452311 0.908917603232145 0.912512185432319 0.921678803124127 0.944431236128566 0.947872101012966 -9999 -9999 -9999 -9999 -9999 -9999 -9999 -9999 -9999 -9999 -9999 -9999 -9999 -9999 -9999 -9999 -9999 -9999 -9999 -9999 -9999 -9999 -9999 -9999 -9999 -9999 -9999 -9999 -9999 -9999 -9999 -9999 -9999 -9999 -9999
0.660295768146841 0.662162785048006 0.671857301244468 0.694848510849941 0.697446109315358 0.697512104917977 0.730601812750068 0.746559571091645 0.722749376578197 0.720660532444154 0.74319595769303 0.731549626795706 0.750871228688246 0.776214060689414 0.818813570003739 0.854917080531731 0.865434657174261 0.876326406774332 0.895471075180067 0.906912582277559 0.9189362393852 0.930692671554009 0.944141862748583 0.947896383366103 -9999 -9999 -9999 -9999 -9999 -9999 -9999 -9999 -9999 -9999 -9999 -9999 -9999 -9999 -9999 -9999 -9999 -9999 -9999 -9999 -9999 -9999 -9999 -9999 -9999 -9999 -9999 -9999 -9999 -9999 -9999 -9999 -9999 -9999 -9999
0.693077791806144 0.702884865869548 0.715009290387607 0.725787117659526 0.725972545259493 0.726167117562356 0.747963740688399 0.769454768291375 0.78789164281574 0.804967341241183 0.796966498292841 0.796880477552019 0.794097723068706 0.80403477949636 0.824249371561726 0.845480204362289 0.8570234423709 0.868497740717411 0.885143309293194 0.904385778213962 0.926937861881072 0.941245573692621 0.946831528808694 0.948810384812314 -9999 -9999 -9999 -9999 -9999 -9999 -9999 -9999 -9999 -9999 -9999 -9999 -9999 -9999 -9999 -9999 -9999 -9999 -9999 -9999 -9999 -9999 -9999 -9999 -9999 -9999 -9999 -9999 -9999 -9999 -9999 -9999 -9999 -9999 -9999
0.735723821461027 0.7431089392806 0.741828188055765 0.742022496103046 0.744494327870154 0.725307378060135 0.722055306135883 0.743556507812007 0.796750448699221 0.798754303591517 0.786286776287682 0.786543315472598 0.777070947088422 0.784835988609957 0.813710646559596 0.830676949927303 0.843891444770842 0.866944480921716 0.880147642511082 0.904235566324325 0.932181348745643 0.944393712306611 0.949376803401713 0.948104408299589 -9999 -9999 -9999 -9999 -9999 -9999 -9999 -9999 -9999 -9999 -9999 -9999 -9999 -9999 -9999 -9999 -9999 -9999 -9999 -9999 -9999 -9999 -9999 -9999 -9999 -9999 -9999 -9999 -9999 -9999 -9999 -9999 -9999 -9999 -9999
0.766987394188105 0.772450326436774 0.782584528667116 0.775475628948315 0.770996592049944 0.738784157365368 0.737293638250238 0.765036834849021 0.797957065897823 0.779933705771764 0.784751887160432 0.771469744254731 0.765451721678496 0.785549442183033 0.803310354387683 0.810416846545875 0.826196918592333 0.855213303019179 0.865606494937453 0.904911045453883 0.939197834380615 0.951223179295223 0.951151700063611 0.947953345963449 -9999 -9999 -9999 -9999 -9999 -9999 -9999 -9999 -9999 -9999 -9999 -9999 -9999 -9999 -9999 -9999 -9999 -9999 -9999 -9999 -9999 -9999 -9999 -9999 -9999 -9999 -9999 -9999 -9999 -9999 -9999 -9999 -9999 -9999 -9999
0.795276988773426 0.798214350528432 0.806842061406849 0.802736807288627 0.79879218778472 0.795164532342517 0.802270758270127 0.814686068911619 0.804973049843561 0.804293604803236 0.775250113107132 0.774533519443242 0.781459950219804 0.783681579821721 0.783912569634912 0.794781388066999 0.825517550893406 0.846458061168573 0.884826190646861 0.915742511090757 0.946086622858532 0.954182584640927 0.950053668163991 0.937978419065557 0.929925032855897 0.887371519717581 0.859016564094259 -9999 -9999 -9999 -9999 -9999 -9999 -9999 -9999 -9999 -9999 -9999 -9999 -9999 -9999 -9999 -9999 -9999 -9999 -9999 -9999 -9999 -9999 -9999 -9999 -9999 -9999 -9999 -9999 -9999 -9999 -9999 -9999
0.825939306560548 0.830157910247365 0.825469729470955 0.825128763602433 0.818661836753036 0.815577554578607 0.833036738981343 0.828121616819709 0.817204152774289 0.813084448643864 0.779689095045765 0.788636391323195 0.776373493894376 0.772939592333113 0.763750289754072 0.791564134477714 0.83007509933756 0.853394107257423 0.901099568063661 0.937766619988156 0.959222653944016 0.952468008906203 0.942491667380198 0.933120420709768 0.917033373632507 0.876865822029591 0.851102192469346 0.824298270950349 0.811747248979384 0.792156008923691 0.75010348752634 0.721421478279642 -9999 -9999 -9999 -9999 -9999 -9999 -9999 -9999 -9999 -9999 -9999 -9999 -9999 -9999 -9999 -9999 -9999 -9999 -9999 -9999 -9999 -9999 -9999 -9999 -9999 -9999 -9999
0.852085292000005 0.852912969275965 0.847758448514749 0.846802210347689 0.856171526755984 0.839949128594488 0.834645592619691 0.826144714967078 0.819224170645519 0.818622810297332 0.807769100834365 0.800671444539192 0.792774055891988 0.791461479794214 0.789726637482943 0.807600644397333 0.840695334173142 0.882018003181639 0.917107301034489 0.948750728797221 0.959705910215598 0.950648098893425 0.939362287894216 0.923987468369884 0.899022950794683 0.863946873002887 0.833068922871805 0.819743025040435 0.799459121117783 0.779469645083976 0.745111232624219 0.722262975162097 0.695182346834301 -9999 -9999 -9999 -9999 -9999 -9999 -9999 -9999 -9999 -9999 -9999 -9999 -9999 -9999 -9999 -9999 -9999 -9999 -9999 -9999 -9999 -9999 -9999 -9999 -9999 -9999
0.873305845846694 0.871008192210866 0.868437059696912 0.864506933253525 0.864354399627676 0.853488244189795 0.843498945787983 0.834651068289362 0.831926721704637 0.818954226810486 0.813799516421225 0.812611093252421 0.816557970754984 0.814327961776233 0.818218511882026 0.833067597355967 0.855925861569438 0.88413002157599 0.914195221322102 0.940647717309137 0.949142446940998 0.941586929984676 0.927121685405815 0.898942035255527 0.877574899537201 0.845561200342099 0.822992167152724 0.806344551204454 0.787360325446812 0.764977277857276 0.73555694628761 0.713529478878396 0.692151146654704 0.693582316849843 0.680658784779773 -9999 -9999 -9999 -9999 -9999 -9999 -9999 -9999 -9999 -9999 -9999 -9999 -9999 -9999 -9999 -9999 -9999 -9999 -9999 -9999 -9999 -9999 -9999 -9999
0.902693570179878 0.895595839961748 0.883671729417154 0.876920602435848 0.886468399314877 0.881498608103792 0.862568516672098 0.84090482388265 0.826898046232264 0.816827155421611 0.803884458128414 0.803885418550778 0.819692929023648 0.824885847036521 0.832205886713516 0.844624625604366 0.86301210151851 0.883664764891246 0.905114166941966 0.92171065099524 0.928520094695765 0.924721824364012 0.905924398041886 0.88078017070466 0.851589758590219 0.829285927377876 0.807963033384532 0.791348025453803 0.777488492974409 0.743779106733977 0.719199160397342 0.695366162108445 0.680730332901058 0.68256929359239 0.669145432121887 0.666859005985008 -9999 -9999 -9999 -9999 -9999 -9999 -9999 -9999 -9999 -9999 -9999 -9999 -9999 -9999 -9999 -9999 -9999 -9999 -9999 -9999 -9999 -9999 -9999
0.928585715115491 0.920371176705203 0.908798601364338 0.902649224375711 0.899947299491849 0.886872596769302 0.869548963072362 0.84678179339057 0.834423815641779 0.82342701937754 0.810855178638377 0.811543358740801 0.82470063213153 0.834046581358874 0.839144150057702 0.851238535596516 0.864963859515233 0.88000678646216 0.894633453679495 0.904720625003332 0.908604080020867 0.897476553628735 0.881321927412961 0.861383739804908 0.838934149876706 0.816763655871395 0.800652977895469 0.781763364270197 0.762654805881768 0.731242695427095 0.695568050550439 0.666872752444546 0.675447163912234 0.665945562353608 0.654332051905041 0.6521322139382 -9999 0.627955759314402 -9999 -9999 -9999 -9999 -9999 -9999 -9999 -9999 -9999 -9999 -9999 -9999 -9999 -9999 -9999 -9999 -9999 -9999 -9999 -9999 -9999
0.939867056219302 0.928967599094134 0.919523304232686 0.908402323232706 0.89982523980815 0.888359865397285 0.872636793168827 0.850276331243757 0.841439973709555 0.831059591815846 0.815490464578997 0.829837588068104 0.83011726725953 0.840468759934319 0.845900984032697 0.851080921696072 0.863882875516224 0.874967313434252 0.882934533021991 0.889148347924582 0.884195643035633 0.875950161455225 0.864731507977488 0.843831878370392 0.820457052958538 0.806632986778204 0.788402776495711 0.766390521173752 0.735434130914748 0.696681167589191 0.685086367744158 0.65000155575924 0.660037016627961 0.653264299851709 0.643876745710726 0.634673464670569 0.62149861376423 0.614828789890625 0.625164807029265 0.631432042992361 0.64954546776682 0.677411393048962 -9999 -9999 -9999 -9999 -9999 -9999 -9999 -9999 -9999 -9999 -9999 -9999 -9999 -9999 -9999 -9999 -9999
0.934552929542277 0.918155271056428 0.906064953480455 0.897434092041204 0.892358124698069 0.88279713451804 0.869194782893486 0.85199159963878 0.845233786883857 0.837517344362969 0.836719064671916 0.82954614360251 0.833532222271001 0.844981750993848 0.848888177903871 0.85470431119552 0.859840616524949 0.868086846150994 0.873724142131788 0.875154986556867 0.868875748736892 0.866115392860734 0.849801543857335 0.827099517323813 0.80521872569924 0.785997487954945 0.768701864782637 0.750732251682935 0.721088265419298 0.682037518190578 0.65666163396495 0.635612499824638 0.641564678323947 0.638969803437594 0.631840884071468 0.614202786794642 0.598372085021794 0.590447190272423 0.596951381025737 0.620692484594497 0.646549982384435 0.669285859080645 0.660548461138784 0.670967836069591 0.714375397826 0.756236885147509 -9999 -9999 -9999 -9999 -9999 -9999 -9999 -9999 -9999 -9999 -9999 -9999 -9999
0.916676872204856 0.907732346585782 0.894374469129389 0.892634997896301 0.892735187226506 0.878508441030565 0.86663117761045 0.860866462659263 0.855968917306134 0.840299336593316 0.828469904166853 0.822938991386101 0.840274288103233 0.848179024871606 0.850904276155798 0.85458114604347 0.859479738154076 0.861644519707742 0.864791381152885 0.861516692965463 0.860308193941507 0.851764131399618 0.841918668279474 0.804343955633738 0.783675360288725 0.764257242109608 0.748594869969778 0.706331928621597 0.658744360341272 0.65391863849659 0.631321676293835 0.627369003700488 0.621677230758638 0.619847562759075 0.609163841344061 0.594202510621136 0.577354481811074 0.576515441350744 0.586117170229791 0.615165154333389 0.634423233540444 0.642431839088634 0.617410970648572 0.657540544464752 0.709075375850854 0.756383370919451 0.792406478473518 -9999 -9999 -9999 -9999 -9999 -9999 -9999 -9999 -9999 -9999 -9999 -9999
0.904967749418015 0.894699673223244 0.879196465199094 0.873062639564668 0.888579272741128 0.880769184771308 0.872528773163082 0.8712954255708 0.860796319801133 0.844770240569609 0.823264079616054 0.827147546763642 0.85057685722521 0.85145030859992 0.852444858571542 0.853491273968685 0.857361438249708 0.847480582106809 0.822649405438323 0.84488509542842 0.856266272193399 0.856355385643829 0.822268428207525 0.7769992651392 0.758859804917136 0.752731460437107 0.737303407014206 0.655814412123437 0.610126780853545 0.625412472332009 0.615581530810796 0.605546937645373 0.596825557633806 0.589519303427943 0.580769611292467 0.573616319160916 0.564624398570621 0.567376520736529 0.579343590607812 0.601252610023548 0.622019001206823 0.633527881539997 0.538968030106556 0.546211114259954 0.705526734038844 0.726317328708105 0.768465228037032 0.804529211927925 -9999 -9999 -9999 -9999 -9999 -9999 -9999 -9999 -9999 -9999 -9999
0.89157271835401 0.882493771994443 0.872541470189159 0.867142728150582 0.879895105346279 0.881147288845946 0.882480461044892 0.869478821457011 0.855145959492271 0.852583117899349 0.826111443018129 0.830339437201338 0.853038187862005 0.85291633212888 0.854119719563806 0.852571678415992 0.853507458772749 0.83354747574438 0.813358935402251 0.842181242024453 0.850312351308288 0.861823043128182 0.79304647953711 0.75819588691056 0.726700325851439 0.712508601450782 0.674014485821424 0.623375468331529 0.594452309074995 0.600936834125009 0.587789264579261 0.564987427938329 0.570564993905945 0.565519158426909 0.556469348250022 0.549256929861738 0.548744632519387 0.558542105709472 0.570512168340981 0.582179610965979 0.603087626964304 0.538513870935964 0.478758841238614 0.508419378865365 0.676733027523543 0.671702646744892 0.740082914104826 0.757043937105782 0.822753275667646 -9999 -9999 -9999 -9999 -9999 -9999 -9999 -9999 -9999 -9999
0.874122080632253 0.866488699471215 0.867546226360002 0.855735751068321 0.877699466031633 0.882203460898319 0.884382164347511 0.871229053890622 0.862888647398378 0.857952235657701 0.844579411557083 0.837013044893433 0.855206246265323 0.853297952205089 0.855255039845486 0.85158279878505 0.850033946138257 0.816150579541278 0.806374452773603 0.824759415685717 0.807167022104791 0.831678869397235 0.794971705091176 0.746195163416505 0.697605137040912 0.682467089402971 0.634087454927702 0.630326839008307 0.600052685061515 0.571410337677304 0.552375723052951 0.558342082639241 0.542344972352032 0.544657878184343 0.530852650438261 0.514804468611793 0.529007796306729 0.546063018556176 0.558045208852183 0.572861157514758 0.588050259806676 0.550320281471807 0.49369461549049 0.591055446106045 0.627591095414252 0.614006129097276 0.670827015058659 0.756024538764585 0.816700601324632 0.843879609258769 -9999 -9999 -9999 -9999 -9999 -9999 -9999 -9999 -9999
0.831471438450612 0.825267526909401 0.832779776023284 0.834182106954584 0.843469997678321 0.87323275936155 0.880861492468118 0.863714569245051 0.861871001585818 0.858559761914863 0.827924687443343 0.855446522723942 0.856399323515778 0.854377169743912 0.854056521357274 0.85388683169464 0.833996729611161 0.803717354861783 0.778341422422133 0.789183419578947 0.812637526524194 0.821123653809227 0.8016417757191 0.727904217102846 0.708214167271093 0.646943140260765 0.648085493308321 0.59636360130292 0.592493646493569 0.549042589126984 0.538686315475843 0.520829540949552 0.50798095899887 0.513375701363902 0.499685604374611 0.503764507912437 0.500988651782375 0.502608987438883 0.519420110737015 0.537379252165829 0.561291816228424 0.544826988380375 0.523482107030329 0.568651534411864 0.539030701556155 0.595492318106239 0.664748362831731 0.753274655239641 0.787643544312519 0.814369845688361 0.827969845774614 -9999 -9999 -9999 -9999 -9999 -9999 -9999 -9999
0.789660545313381 0.792335518556166 0.798048401960396 0.817374608056178 0.826451574800966 0.812128456600334 0.828945353379537 0.842899943911824 0.838117582495844 0.845256866860343 0.838987433305856 0.845565759025039 0.857521501600776 0.855799682671986 0.855225677119136 0.801676806043387 0.737265664092684 0.778072711882869 0.750834731249507 0.783239837012912 0.79820800563357 0.81656557659295 0.751383792590771 0.666221654099379 0.686843041174409 0.63549661659494 0.615578961975117 0.581334000816465 0.58294210261962 0.52579504786004 0.492990566312784 0.471308641144429 0.455564148985737 0.453837543549459 0.446112830547368 0.451270146109675 0.460477218564392 0.469641352762964 0.499427227860549 0.504794493990753 0.526823940819739 0.494353045561772 0.439597199491363 0.506013506200773 0.506646996495902 0.546361101736776 0.673491691885782 0.750531963536261 0.77407501486596 0.792051133014068 0.804949968280176 0.820803557693732 0.815236093085357 0.785770111233772 -9999 -9999 -9999 -9999 -9999
0.770471861529806 0.773185406278874 0.770623526214277 0.779075297416773 0.809852180892465 0.795580473594087 0.763892601957995 0.79220728833118 0.829775752525117 0.837676544517015 0.843978091941515 0.84357545301097 0.858385392643718 0.856586229399726 0.854475897513285 0.698283240204931 0.712065898793883 0.75617453218956 0.749211014558968 0.776024661869903 0.77740685555597 0.748734943584724 0.720592863122871 0.686039340752951 0.673049168766271 0.633927990839037 0.597249754515676 0.588028055120936 0.561283158209189 0.493094202591497 0.456586501558254 0.423490542947979 0.412951790547729 0.412966439129798 0.412504381535864 0.414702178385802 0.412915219802498 0.439520675389738 0.472708832198801 0.465603374927199 0.489507207547224 0.493253667694509 0.395790735370974 0.453703677211582 0.498899101346749 0.555300521277029 0.639328615874334 0.719850291824273 0.705067186802712 0.757176803599904 0.777640642980294 0.797163078072857 0.787722756019618 0.768157226973176 0.773075059898357 0.775967751148646 -9999 -9999 -9999
0.77612668317734 0.745069178171261 0.688031516229332 0.725400003705673 0.76322915090532 0.788132619012204 0.75478543180029 0.726720685417399 0.766645393078297 0.829120646193262 0.852962641901202 0.838039001767197 0.849066727153154 0.857240285484757 0.745067939083281 0.681098979419171 0.723296107939302 0.734279729858084 0.742557810387684 0.757502903392593 0.747132047698151 0.709364495878555 0.691157181288926 0.710769653564757 0.672145040053366 0.623439286521103 0.610612450296421 0.611835023671386 0.557400141121528 0.467622916840732 0.452656086058592 0.440676224749445 0.437502387139805 0.417388629775105 0.411662412285531 0.413650238473028 0.421860665622659 0.435371052514249 0.451980099451462 0.456183062126044 0.450314740734563 0.424883424454745 0.387016299721735 0.431300975255903 0.501225934325648 0.576919123243291 0.643732188959648 0.58977744186091 0.649626926608299 0.684732136854479 0.745061805072107 0.736098830654867 0.701403550682851 0.735421189551059 0.775457167480559 0.807841502408883 -9999 -9999 -9999
0.69237340680415 0.741057873019836 0.706749642877229 0.71067026988494 0.738663029816723 0.750163373748535 0.731901638334036 0.647558641442958 0.633758800598155 0.774688342956506 0.792814359881608 0.838640904469676 0.857000148461503 0.7437505455919 0.679038233600636 0.692631439453461 0.717818016870433 0.712229077870702 0.722417948850489 0.732823820775874 0.716487377873338 0.658031382724452 0.694906633743546 0.69671790802317 0.678247005803657 0.633263659018679 0.627542258009271 0.625575301166491 0.561030333136252 0.490230532311803 0.45969298753553 0.420652318813924 0.404863017018885 0.379745461441535 0.364888136707628 0.376564388298475 0.388881243094831 0.394565990204838 0.425543929580312 0.436432212891954 0.454275713591688 0.452158192279936 0.400471082824445 0.407774980988761 0.440089514504121 0.491614426806067 0.577918446237617 0.608544193636464 0.647422456629188 0.663332569466949 0.69084608784146 0.677883479239615 0.612719284777858 0.691848745651254 0.765326951153761 0.79950619560445 -9999 -9999 -9999
0.71925538678781 0.72560130024763 0.697174029319165 0.693448168485402 0.690999007446788 0.742399683109607 0.729990714894989 0.681555425317092 0.659461286231457 0.688102460272279 0.67101286153626 0.773510896465934 0.682131555066416 0.579922154567007 0.671588435725825 0.681927512057466 0.715245327409867 0.683869228706584 0.692954688552751 0.700214935130014 0.653158547934445 0.669520457991606 0.681494261175788 0.684840937577712 0.662302795437803 0.627509540784159 0.636488036210238 0.561076848062749 0.510264059361519 0.457091510597497 0.420430117388993 0.410458184392614 0.381239439319769 0.350869618297922 0.327938792293804 0.330345868261331 0.323962319345608 0.335715267950853 0.384669806763975 0.404110944673463 0.417020726322575 0.42838922146988 0.369998205823073 0.377420598806276 0.373898258510619 0.442827866003904 0.522590001368758 0.543072602196435 0.588920442971034 0.63817347626405 0.627239603450633 0.620126694668372 0.593112244935557 0.651197964319415 0.746718503803984 0.796019461144569 -9999 -9999 -9999
0.65181071478746 0.624411705422378 0.653710136492451 0.643222560434332 0.616269072117973 0.626984982604089 0.724103143244882 0.713388827547519 0.723159754553576 0.700571726334825 0.64893003157806 0.598680451544714 0.540777328624602 0.615222894936111 0.672898134877382 0.643990449293897 0.648742267030455 0.681142371053406 0.63555375654284 0.625770836511823 0.629998027537951 0.68596375469831 0.664078917461872 0.670250973432454 0.626895120544621 0.610745195046215 0.594455914339226 0.516489947129021 0.451230724699556 0.383485750826686 0.364504057933063 0.38335869323745 0.339434068662787 0.336681501360718 0.304619977001503 0.323597507854361 0.297866544771428 0.313606533800211 0.350033539033038 0.360367514847945 0.373913237849075 0.390001359113405 0.345244930374097 0.383161665557664 0.396181828091985 0.421249072786188 0.463142553627583 0.501091119248838 0.530282068826687 0.539252645256136 0.540861003081925 0.576709541245595 0.596882773050866 0.670891966811745 0.740788008690663 0.781635449092384 -9999 -9999 -9999
