layers/veg_krg_50/veg_6000.asc
NCOLS 128 
NROWS 165 
XLLCORNER -2985163.8955 
YLLCORNER -3022031.214 
CELLSIZE 50000 
NODATA_value -9999 
[rows 26 to 51 of 165, columns 59 to 117 of 128]
0.581940379719514 0.57347883278908 0.570683967523296 0.567421227548592 0.625262467871122 0.678071551849948 0.679245974416585 0.701609487034367 0.718005579272818 0.691601107468947 0.726827974338111 0.75960556251328 0.765566277896257 0.788902519629337 0.832309992675479 0.867849754710353 0.87218901296704 0.908537806387858 0.921741128989245 0.90529394427339 0.911496505560367 0.913116604712887 -9999 -9999 -9999 -9999 -9999 -9999 -9999 -9999 -9999 -9999 -9999 -9999 -9999 -9999 -9999 -9999 -9999 -9999 -9999 -9999 -9999 -9999 -9999 -9999 -9999 -9999 -9999 -9999 -9999 -9999 -9999 -9999 -9999 -9999 -9999 -9999 -9999
0.61873381654631 0.610703800507485 0.60622683936492 0.601579775024496 0.598203821709769 0.663351303719233 0.707852213959433 0.72811143704005 0.732098201558782 0.718032395808894 0.723986764479525 0.720418345142788 0.764171070977871 0.787834939771761 0.818699258016683 0.861038698445888 0.855203177711482 0.869779561761723 0.868687908283996 0.880163270199118 0.888511947647492 0.9041332315186 0.920013376851116 -9999 -9999 -9999 -9999 -9999 -9999 -9999 -9999 -9999 -9999 -9999 -9999 -9999 -9999 -9999 -9999 -9999 -9999 -9999 -9999 -9999 -9999 -9999 -9999 -9999 -9999 -9999 -9999 -9999 -9999 -9999 -9999 -9999 -9999 -9999 -9999
0.651428137413065 0.643357811002211 0.636614321521155 0.632272744769513 0.668798477859822 0.71244927747779 0.762657668608505 0.751486264343685 0.727036689281169 0.725887645720144 0.734149144769779 0.744470152976369 0.753577908378995 0.775726571508243 0.823516710844833 0.838334149474377 0.857518148011532 0.857804900465022 0.88440031803612 0.901891871992162 0.897694143420381 0.900059253504523 0.919182417505833 0.914618723380411 -9999 -9999 -9999 -9999 -9999 -9999 -9999 -9999 -9999 -9999 -9999 -9999 -9999 -9999 -9999 -9999 -9999 -9999 -9999 -9999 -9999 -9999 -9999 -9999 -9999 -9999 -9999 -9999 -9999 -9999 -9999 -9999 -9999 -9999 -9999
0.68541994147957 0.674393671537944 0.667106243685561 0.67509370814937 0.715402666721175 0.708978328527773 0.714285273063173 0.756014179592347 0.734464848943468 0.731892669493852 0.743264614613905 0.739342777790283 0.742585141304828 0.764805860235356 0.790721425593719 0.835107808461748 0.845751345480361 0.865300831762849 0.892666052211949 0.902704819824008 0.909523853684331 0.91608572917238 0.926933184050443 0.923054449014645 -9999 -9999 -9999 -9999 -9999 -9999 -9999 -9999 -9999 -9999 -9999 -9999 -9999 -9999 -9999 -9999 -9999 -9999 -9999 -9999 -9999 -9999 -9999 -9999 -9999 -9999 -9999 -9999 -9999 -9999 -9999 -9999 -9999 -9999 -9999
0.70762257982738 0.697303465713171 0.695557430053914 0.717424226480479 0.734039607426893 0.739178953779036 0.739216424439416 0.766537597213381 0.751865992466999 0.751778288843456 0.71620083503097 0.717093159158092 0.679131553477423 0.702100033764816 0.75869409525499 0.809117223231571 0.845800651239513 0.854819871036554 0.873749282256902 0.897749663377862 0.921070801416947 0.93410411967895 0.931417399064559 0.928039778965739 -9999 -9999 -9999 -9999 -9999 -9999 -9999 -9999 -9999 -9999 -9999 -9999 -9999 -9999 -9999 -9999 -9999 -9999 -9999 -9999 -9999 -9999 -9999 -9999 -9999 -9999 -9999 -9999 -9999 -9999 -9999 -9999 -9999 -9999 -9999
0.724374171789448 0.722533217070161 0.737941046766308 0.746319064120927 0.753749009394276 0.731405549766705 0.72502988752194 0.745936802780795 0.737159551075753 0.73158301605654 0.701224140761247 0.705463266292118 0.605708712854641 0.59268754847003 0.707383732431691 0.784260460210547 0.819984390260426 0.85522152338707 0.861050997996898 0.894537636950759 0.927758253647756 0.936297430503584 0.933773225914797 0.917380251895379 -9999 -9999 -9999 -9999 -9999 -9999 -9999 -9999 -9999 -9999 -9999 -9999 -9999 -9999 -9999 -9999 -9999 -9999 -9999 -9999 -9999 -9999 -9999 -9999 -9999 -9999 -9999 -9999 -9999 -9999 -9999 -9999 -9999 -9999 -9999
0.751581416682829 0.769135241356189 0.793658848350816 0.781287469057632 0.779051342527166 0.74076140103938 0.738796651104294 0.733919592702149 0.702616774850301 0.663961449170797 0.728731226510477 0.576809446626084 0.54308729600863 0.646574151542981 0.713352215321478 0.713530286494471 0.770082469926324 0.832337194246987 0.83991780676369 0.892166319529314 0.933024690374927 0.939728182205588 0.929147200455512 0.913286427114918 -9999 -9999 -9999 -9999 -9999 -9999 -9999 -9999 -9999 -9999 -9999 -9999 -9999 -9999 -9999 -9999 -9999 -9999 -9999 -9999 -9999 -9999 -9999 -9999 -9999 -9999 -9999 -9999 -9999 -9999 -9999 -9999 -9999 -9999 -9999
0.78821198552387 0.789138063962293 0.809008252773253 0.805627546503687 0.808622410896685 0.797578258935434 0.79827332519473 0.787719783019624 0.760838607250204 0.791855234969292 0.696646571610055 0.62370740586407 0.698524579198996 0.704420225500563 0.682050629687994 0.681678644509927 0.777302802887165 0.819499224295103 0.867437135751527 0.905998764433748 0.934640781706688 0.938243015154267 0.923772125852527 0.900253222855547 0.874512647777045 0.86361645040712 0.846828934385408 -9999 -9999 -9999 -9999 -9999 -9999 -9999 -9999 -9999 -9999 -9999 -9999 -9999 -9999 -9999 -9999 -9999 -9999 -9999 -9999 -9999 -9999 -9999 -9999 -9999 -9999 -9999 -9999 -9999 -9999 -9999 -9999
0.811348645117976 0.81686944714123 0.818951547863979 0.818475306746028 0.82336834246895 0.822023718808712 0.836189942664421 0.850207827155968 0.842314136142532 0.857856834120339 0.736122232498789 0.787396591494662 0.701751058528633 0.700931644272867 0.626577621935445 0.729893582329499 0.808829242263215 0.823464253198521 0.882644332150418 0.921802496382099 0.941689567892151 0.935142153844462 0.915623940110042 0.891833372921243 0.869649865816128 0.84234997417497 0.834198606820475 0.797306141554866 0.782115891359978 0.747453832974581 0.735595762343319 0.719790313364237 -9999 -9999 -9999 -9999 -9999 -9999 -9999 -9999 -9999 -9999 -9999 -9999 -9999 -9999 -9999 -9999 -9999 -9999 -9999 -9999 -9999 -9999 -9999 -9999 -9999 -9999 -9999
0.836218052873324 0.835813448462274 0.830094377077082 0.833915738078669 0.846191701924757 0.834145416978434 0.836017887292022 0.849353955435372 0.852220718286304 0.900421757998298 0.87880542424481 0.874042406263667 0.821657285797822 0.801675905516652 0.776141558639649 0.815190499874399 0.821735510665491 0.867534067724978 0.891523855140461 0.923374339070973 0.93906568652387 0.925595806722946 0.90198523948257 0.879742012977164 0.848651236032562 0.835372598332206 0.79677638145083 0.786050929234939 0.763368021919448 0.744421847150822 0.729385869412661 0.712313318071411 0.64742274941613 -9999 -9999 -9999 -9999 -9999 -9999 -9999 -9999 -9999 -9999 -9999 -9999 -9999 -9999 -9999 -9999 -9999 -9999 -9999 -9999 -9999 -9999 -9999 -9999 -9999 -9999
0.846383075622042 0.844539293919643 0.844417542737435 0.843666535544775 0.852098007195262 0.839730811842482 0.850740290999887 0.879520089921213 0.911873544330772 0.874211578265181 0.876736178060055 0.912430962290969 0.912202752241463 0.877975720752219 0.8582271662915 0.833018569366471 0.826330879479387 0.852760376202393 0.877213512263036 0.905230840177907 0.915458971049283 0.902378947614049 0.877746973778742 0.851148029810151 0.835868109245021 0.810777684161062 0.774625366013466 0.752327936793391 0.741704541058113 0.724290664868825 0.704452965539372 0.689050941017143 0.642822255566589 0.625789082953798 0.612527067467992 -9999 -9999 -9999 -9999 -9999 -9999 -9999 -9999 -9999 -9999 -9999 -9999 -9999 -9999 -9999 -9999 -9999 -9999 -9999 -9999 -9999 -9999 -9999 -9999
0.867930083173246 0.862755009936856 0.855187245889991 0.85492193147664 0.873197764258706 0.866794407242294 0.874661701739731 0.878997897099275 0.844794454428076 0.817738118628505 0.775836033737486 0.798573279758751 0.866407387554288 0.858417532797482 0.825638072739821 0.803425806634353 0.791985996227326 0.821157469052439 0.84174986575937 0.862241774200671 0.869343042921015 0.861925619766507 0.846226196059319 0.829468895731017 0.799281499801988 0.760233637934132 0.741778704436633 0.72905361407921 0.720173408207047 0.696496256753312 0.682333247961498 0.663749428319742 0.615884177013388 0.606915509055327 0.591943542538405 0.588030730238106 -9999 -9999 -9999 -9999 -9999 -9999 -9999 -9999 -9999 -9999 -9999 -9999 -9999 -9999 -9999 -9999 -9999 -9999 -9999 -9999 -9999 -9999 -9999
0.881824588464016 0.880630889691112 0.882964848295413 0.878618908451925 0.876917663733014 0.87188386907835 0.880134202827966 0.873308076220518 0.844338747927008 0.813551654365694 0.769073450884794 0.789952649962564 0.841532350054604 0.817934418199477 0.795911398410224 0.784515017584508 0.777735452718372 0.784578440304104 0.791172891845636 0.80451793964571 0.811808909328927 0.804215695492374 0.795905782892097 0.786582501238003 0.763320829199519 0.730070814490492 0.718776065884943 0.706162139051438 0.692592976138358 0.670981022634458 0.651577129186757 0.595977660569177 0.591503980693247 0.583056470770785 0.574033869361266 0.573732411894633 -9999 0.560944035713209 -9999 -9999 -9999 -9999 -9999 -9999 -9999 -9999 -9999 -9999 -9999 -9999 -9999 -9999 -9999 -9999 -9999 -9999 -9999 -9999 -9999
0.878145755218263 0.873790438706315 0.872321190919023 0.868641785819325 0.865347283991466 0.863972995430169 0.858764237434068 0.849177060651297 0.835590687038419 0.806622767252667 0.738188009853092 0.811496683238502 0.791460141710244 0.799202982804077 0.788563952464804 0.768172684736908 0.755476304788355 0.733997482895246 0.763813592878708 0.757070952748686 0.754222457419924 0.749937162992759 0.748879523735402 0.745851927892306 0.739657280363257 0.709595352550853 0.693342515255901 0.679526560968144 0.659801030671329 0.64501167927297 0.630479877358303 0.568942612929237 0.572025013652184 0.564086592747887 0.561051022103643 0.563671646326206 0.548371820383323 0.538982823609665 0.540430076780883 0.560172645799571 0.588416903206009 0.635339896560954 -9999 -9999 -9999 -9999 -9999 -9999 -9999 -9999 -9999 -9999 -9999 -9999 -9999 -9999 -9999 -9999 -9999
0.88838507695318 0.879700043165785 0.863716706154676 0.847597273383136 0.834796884971225 0.838237813350395 0.832765990372795 0.811926815812006 0.802357499280472 0.788280501117981 0.798686483419643 0.771569826168541 0.724915419325924 0.732828568363568 0.7577975697867 0.761288481393792 0.745267132897961 0.702635191463643 0.703350602773461 0.699557343131287 0.694320422948543 0.692925733028453 0.696956096132673 0.697055670297361 0.692945789839128 0.680636690316443 0.664479366996923 0.638845730020788 0.598481735498607 0.629708350017972 0.563513277338653 0.550314726453053 0.555991973138813 0.556437262487925 0.562021868939951 0.550746580021581 0.523094470519727 0.503172719997504 0.517803795679213 0.555210981801975 0.588868219921599 0.624844946837526 0.644493482904793 0.663549399399232 0.71687238687012 0.764042694245473 -9999 -9999 -9999 -9999 -9999 -9999 -9999 -9999 -9999 -9999 -9999 -9999 -9999
0.889762617350064 0.884286742975144 0.870973238559142 0.844809245201912 0.817165604317285 0.819101671738812 0.812653986859089 0.799077219849829 0.806448608107206 0.756934313792576 0.717730365658464 0.693708426642042 0.644296218772104 0.690468398448542 0.730541145520695 0.736550170340827 0.687409253017123 0.666102092440234 0.646574074300475 0.647570935167675 0.641193106844734 0.640244392363252 0.643120122844097 0.661849962145178 0.657517353706066 0.647426471234977 0.631678657148821 0.605705051544052 0.57831260718785 0.576596923237928 0.54294415041007 0.553934961533277 0.550065170243799 0.553661345333871 0.551572121384229 0.539867292653 0.510400853591464 0.509120919208911 0.518961773880991 0.562048190388214 0.584671258896476 0.592946273835462 0.584015777639037 0.650852379214953 0.712721227735506 0.764415625772586 0.794664502553558 -9999 -9999 -9999 -9999 -9999 -9999 -9999 -9999 -9999 -9999 -9999 -9999
0.890461897323085 0.880508032400135 0.86656509963506 0.834544798054218 0.805306363754523 0.780971053634706 0.800498453057776 0.799512548246554 0.789928618766867 0.737501000596259 0.679605087738373 0.653277456799019 0.631751322033175 0.633131129419943 0.662290893534667 0.663420312135009 0.638247541173265 0.60899649352174 0.57681837629375 0.58774215702641 0.571712273255372 0.572233687618134 0.575178858252351 0.623075695545677 0.62039959738016 0.594592302203145 0.587026984197965 0.557785156178007 0.534453859122442 0.549907034492965 0.529183689360291 0.519045576447731 0.511756828505238 0.528292734474949 0.533332127259981 0.522929730719446 0.503795037858803 0.507597778706391 0.523406963702107 0.551944685094942 0.57609142366019 0.591807428823973 0.492915806109708 0.556733411118866 0.711451126470613 0.741373777276315 0.783452356100427 0.830949560975908 -9999 -9999 -9999 -9999 -9999 -9999 -9999 -9999 -9999 -9999 -9999
0.879399218710673 0.87289736726825 0.849549194228418 0.811389103074018 0.770342183692152 0.767981938510784 0.799421265819982 0.767375635479729 0.731620177513978 0.740874415204636 0.667439655917291 0.612621687006016 0.619872402204393 0.634872529464382 0.608610068282934 0.590040099668235 0.599453024832772 0.555189393430831 0.525410206732183 0.532768002297991 0.508981450336462 0.501528132070617 0.530242680146931 0.569920272044681 0.592643912466885 0.585860192252613 0.57144158214167 0.537934816075799 0.492900833672126 0.507121797968566 0.464329152365961 0.439955190680845 0.485624858515281 0.509154767477879 0.507342566957981 0.500067465257789 0.501772295076275 0.522934910647088 0.531977522197621 0.542589674576318 0.564194192208192 0.505434577279926 0.482125110308884 0.545821853146847 0.692605972080234 0.700270236172217 0.764599439608003 0.787487414209949 0.827096633304992 -9999 -9999 -9999 -9999 -9999 -9999 -9999 -9999 -9999 -9999
0.875601947344541 0.85118766340634 0.824058601081672 0.792965038211369 0.766827478774039 0.724677714213419 0.798992722870139 0.771434405506982 0.753224869727715 0.740644523927264 0.710065809578718 0.617406069293067 0.609840583405001 0.638997780381657 0.553400748969272 0.516412240146362 0.513848336038971 0.506177851254774 0.473300374069813 0.467396192052577 0.439748538515481 0.44725902681558 0.481089104866451 0.520813883818055 0.540211191458593 0.564209927070142 0.530033486052819 0.543286590473063 0.491940601031143 0.442632340856666 0.413732958113061 0.454343947366202 0.473447239159212 0.503048627441967 0.491025797112649 0.468367025693908 0.49985288878893 0.522535841839295 0.53422512236846 0.546273805649897 0.556373492425709 0.536326205782683 0.509454262247924 0.61446405673379 0.653750508747837 0.653470386335803 0.703488608830496 0.769282922064957 0.810061539966357 0.819170230384765 -9999 -9999 -9999 -9999 -9999 -9999 -9999 -9999 -9999
0.841967542275304 0.80506329896448 0.786490711491766 0.763152012074561 0.749709644931039 0.703021531336758 0.762025394317508 0.735389529249532 0.720447649210057 0.711668020734571 0.635379782738425 0.584278396935667 0.595748974667339 0.620883839274203 0.551027283921646 0.49723869227999 0.485957491151397 0.46196269678932 0.415108379503322 0.399295525299422 0.392555437762495 0.38043015373675 0.333065839805184 0.44395601417004 0.50815391292179 0.494120400294982 0.527603404942434 0.483042318587282 0.484968450093048 0.409932875833735 0.420091742504884 0.428380740760348 0.443689431770228 0.478185752685027 0.470196812948749 0.482880161311233 0.482257141746491 0.486575569271456 0.508123466462932 0.522444843067854 0.539465724999276 0.537364802800452 0.545770962489216 0.601705574594224 0.591426480572298 0.637775793690015 0.692451306109181 0.757387216909934 0.780335011572583 0.794188528614711 0.788937749999968 -9999 -9999 -9999 -9999 -9999 -9999 -9999 -9999
0.796743812582002 0.781273458331809 0.7559752326082 0.730712111431489 0.714041729570837 0.666149191935938 0.701941770608026 0.678300401290547 0.616103063432169 0.627264518208763 0.642073121623015 0.579264138670522 0.575049128051392 0.558098613479397 0.482695625191592 0.440188023088219 0.442459345986251 0.424997795444554 0.369980560801609 0.366748156565177 0.353760136847944 0.354354588414559 0.354459423401143 0.350262123719663 0.452146390100625 0.454180347753816 0.472821110211326 0.437696567251026 0.460614478169984 0.401091844890996 0.380348075281943 0.374816835694692 0.384629130234857 0.405681856795577 0.416973573613575 0.438660934138679 0.454296489897123 0.469709832692515 0.501411664149729 0.502386293911942 0.519819950273481 0.508586666698169 0.507619922219055 0.561761241785272 0.571379454521062 0.603900523989369 0.691504378846397 0.747582941084417 0.763231780128332 0.772430809213527 0.771707686968471 0.770012243373076 0.755353039419137 0.740476079204621 -9999 -9999 -9999 -9999 -9999
0.742795292668629 0.757890761207108 0.734428019740143 0.689799080480855 0.68359030979712 0.658225524560186 0.614545196576371 0.619962185807625 0.574045862107369 0.54077113473494 0.612871107552327 0.543976667892858 0.548219273353494 0.509509498414857 0.474663605540141 0.42186957813236 0.401004456540971 0.403292617711572 0.368275420698703 0.361774398523721 0.341487062786412 0.327803491235709 0.342868380364149 0.37244130965872 0.421949594420638 0.42498898493241 0.419555431635346 0.414215928769 0.424236193198085 0.377245166825175 0.357354473717973 0.338594729008052 0.346462987093167 0.37513465977489 0.395060135986442 0.414849214283346 0.422135962472205 0.452098687719729 0.487994979109837 0.477802044440631 0.498212751823402 0.509772399707063 0.478622201131567 0.527374817907746 0.564107032851325 0.606298545039585 0.665313452804463 0.719581722635348 0.709528019173587 0.746349561182377 0.755135158508953 0.760215921777018 0.74387895736174 0.724407877266416 0.732989238583215 0.734768193384925 -9999 -9999 -9999
0.731329437527105 0.715987994944675 0.70721888962645 0.670581928544808 0.636680253815201 0.614904434801609 0.580225959079536 0.502178867840157 0.44098936191603 0.428170257316202 0.551465492116104 0.507494535866291 0.510281072896997 0.459977225405147 0.444899063734403 0.385375019359715 0.399253470169463 0.38331340347326 0.365926993548295 0.363648026160322 0.32347305853948 0.300262471367983 0.316735241929224 0.408616481185674 0.413532587052912 0.390462000720917 0.390452477714893 0.416026925997286 0.406722373161919 0.357410437667283 0.36936021524242 0.371089853528009 0.386651279282573 0.398882328331474 0.409680974778893 0.426749514604189 0.444294950506383 0.463435820177238 0.478160946125602 0.478860990124499 0.478550952122477 0.471251942985429 0.474370245181755 0.509395686263635 0.562372299322919 0.619628568230681 0.666369744238579 0.624117777425125 0.66565961610738 0.689792399317243 0.731619039425559 0.718192621325037 0.68387925976833 0.708152669100746 0.7262763292682 0.719910132719363 -9999 -9999 -9999
0.699411093669095 0.703139247269015 0.684472602379466 0.656311982180666 0.64576265393634 0.576995815286567 0.552252897799615 0.501158922701534 0.333658282203312 0.395643361250735 0.37311584898397 0.441948721226675 0.472406887911137 0.447678211521948 0.431764826359033 0.403154723034706 0.408202294563896 0.38001617712327 0.352659028879379 0.350349734154393 0.325763922697776 0.288112655000382 0.343733984872865 0.400602530812289 0.419992132760957 0.391034346099344 0.411829925761818 0.411804459325681 0.401656861233281 0.380648971096656 0.38260371567883 0.367506111648202 0.366151732259622 0.375499892923891 0.383697163711638 0.408825417632984 0.432988384769799 0.43914755150477 0.468855886485016 0.476863409864658 0.492821041019582 0.499690999287919 0.48494211990656 0.494522974743718 0.518344002701157 0.554106084784267 0.61641552826838 0.633123276503702 0.658639700951662 0.66904392998554 0.685982972504662 0.671518653107585 0.618270965924995 0.681934618962653 0.705554567416968 0.692914335772129 -9999 -9999 -9999
0.665877783838643 0.674701925386059 0.663455241302882 0.639831209183953 0.620507801666711 0.602857217378313 0.568027065543752 0.499023670927476 0.395625808470033 0.273011937974377 0.341070652828725 0.380908990251919 0.470789975073473 0.424170355755187 0.42730533987983 0.409888336586911 0.417820093706846 0.358205987413767 0.347251122715618 0.34008734402249 0.286096880281015 0.303955293585154 0.342805365020296 0.385461711414665 0.397173240195672 0.383768244871432 0.411322774456607 0.394566932052552 0.385350735468923 0.365100858776163 0.361757990618186 0.376588951147047 0.368665116138094 0.367785711929501 0.371830654369724 0.39023470055335 0.392616802019853 0.408563215122236 0.44871640493732 0.4605573567532 0.471635154222301 0.499929369711617 0.464736032294907 0.471409260001052 0.46775062109529 0.517122928552812 0.574049984490912 0.585356095382963 0.615624587947811 0.648155213183255 0.63627691689827 0.628126605113615 0.607859992589614 0.635033087412846 0.676637942374565 0.693505779237453 -9999 -9999 -9999
0.624216908629238 0.631250184414406 0.631339116940921 0.610868443670082 0.582411360195175 0.565396629185198 0.567126680724978 0.534679374980778 0.514121118577509 0.475085188260076 0.435043270430528 0.450538352401754 0.433560211851481 0.41539655862374 0.422727193819911 0.389544096645414 0.386335920298772 0.380767885981995 0.311587389313358 0.308260359608867 0.306608650587844 0.342320187452586 0.354391430535293 0.378582865300661 0.359649392576221 0.374873289930789 0.388899634111381 0.373870787920546 0.354747012113146 0.325430243477324 0.334861420742698 0.368516036591328 0.353890178630443 0.370047740679307 0.367502813112044 0.395610490071424 0.382963145556004 0.401267457023994 0.431106574646592 0.437725020576417 0.451372554910735 0.47879893750104 0.445167966894726 0.472733386789133 0.482651592334993 0.499893823823704 0.526048825166498 0.548076480618419 0.564944056460729 0.557226565010972 0.548277491229331 0.577577229642247 0.607401233030131 0.646513239658778 0.672507059242404 0.691611347760974 -9999 -9999 -9999
