layers/veg_krg_50/veg_4700.asc
NCOLS 128 
NROWS 165 
XLLCORNER -2985163.8955 
YLLCORNER -3022031.214 
CELLSIZE 50000 
NODATA_value -9999 
[rows 52 to 77 of 165, columns 0 to 58 of 128]
-9999 -9999 -9999 -9999 -9999 -9999 -9999 -9999 -9999 -9999 -9999 -9999 -9999 -9999 -9999 -9999 -9999 -9999 -9999 0.485925071868558 0.450534147037264 0.43827877586974 0.454152416780993 0.441938284569293 0.484830626254611 0.483738989115008 0.481858016741835 0.496320296050443 0.546611610604239 0.549542793353763 0.554510020990933 0.559740556461535 0.572818184848767 0.581544701637536 0.582715090802132 0.603540976933352 0.620606752346862 0.618104290111318 0.623546201965126 0.604226975503926 0.570989517649666 0.562412012889429 0.561058508115989 0.553894768652685 0.520622920438749 0.506440134922139 0.498654576403599 0.49918465377102 0.481251361281957 0.496658798599563 0.504843444835853 0.514382578316948 0.527270049544479 0.547202700550467 0.584136658676139 0.599729446731434 0.604043085838654 0.602618816822728 0.620722776079875
-9999 -9999 -9999 -9999 -9999 -9999 -9999 -9999 -9999 -9999 -9999 -9999 -9999 -9999 -9999 -9999 -9999 -9999 -9999 0.476738688767035 0.426918653212536 0.362087489361629 0.384616770778864 0.383169547742438 0.397480466956765 0.427158198157936 0.444349657953059 0.504696511226163 0.507536742587958 0.526796986144992 0.530213471165416 0.549366641240863 0.566415551849186 0.561620479061588 0.573596658838115 0.614140800991525 0.634757644968554 0.634204262890818 0.628394531426584 0.606963377158243 0.577147297235863 0.560131325720206 0.543888034881487 0.539577636067907 0.500635908351745 0.488311251934656 0.47932503427218 0.47925146927895 0.469674834643056 0.472892648845518 0.469398632726933 0.473564648548222 0.486657768079545 0.517628634140754 0.555264081940791 0.571847498534736 0.607266636170326 0.586481945472881 0.587069543449527
-9999 -9999 -9999 -9999 -9999 -9999 -9999 -9999 -9999 -9999 -9999 -9999 -9999 -9999 -9999 -9999 -9999 -9999 -9999 -9999 0.421872321088407 0.337316578962546 0.319307032309019 0.318305045664996 0.329597172285514 0.354452266530692 0.452220945356914 0.484706934588222 0.477481993526058 0.501088749859028 0.5072789968386 0.530766786452703 0.547485892330207 0.54904219352764 0.587774311579014 0.656880182971024 0.641658382482803 0.644650394809309 0.633971471423612 0.613141008506365 0.58596523834153 0.57103661909717 0.544747876590376 0.486389342414903 0.465132194548589 0.455053787153374 0.458489682093858 0.455421021205155 0.452115485500456 0.441355387055941 0.435328773033777 0.434842998957895 0.451184203814865 0.451442506601415 0.494309276828622 0.522000527467858 0.594336649238596 0.556205917154298 0.549608461751868
-9999 -9999 -9999 -9999 -9999 -9999 -9999 -9999 -9999 -9999 -9999 -9999 -9999 -9999 -9999 -9999 -9999 -9999 -9999 -9999 0.363822666698751 0.295163918329333 0.263823425896339 0.264011025218798 0.286456761228403 0.30441390368853 0.411487995637776 0.452964903686659 0.454721384352318 0.469332145945612 0.498204611534248 0.524423159133585 0.522690492560911 0.552595938430206 0.649463121925453 0.661455420375126 0.650549062887696 0.64857648709633 0.640051657931414 0.612816181434238 0.599897727820099 0.578481124853014 0.545563338545404 0.490791735533671 0.46803494007075 0.436778182248802 0.429164997040857 0.433518241830956 0.409441018844618 0.390630214375569 0.399380854891574 0.398803495436826 0.415393300269036 0.427543715266692 0.431761689996896 0.452816933145463 0.479293214641682 0.488776486779997 0.495570593766608
-9999 -9999 -9999 -9999 -9999 -9999 -9999 -9999 -9999 -9999 -9999 -9999 -9999 -9999 -9999 -9999 -9999 -9999 -9999 -9999 -9999 0.292324888088929 0.251219372433817 0.211858780779255 0.229906004937504 0.255803298026023 0.316694230944584 0.416983564676964 0.434176218862464 0.446796693744996 0.481109902457179 0.485213959924095 0.540050571858433 0.640863939752929 0.651226562460847 0.649028387508343 0.653322370123598 0.651523821131556 0.637083008688391 0.620346281793943 0.606282292215201 0.5791650485729 0.53454916641421 0.504031812923794 0.474926817309342 0.440580644113276 0.411820973239764 0.392075297257936 0.376273769043184 0.349529429937686 0.35289687782842 0.353107240175263 0.362434894692283 0.378768109271311 0.405859232437848 0.409513448136201 0.411350340628836 0.436049939738113 0.463810093700931
-9999 -9999 -9999 -9999 -9999 -9999 -9999 -9999 -9999 -9999 -9999 -9999 -9999 -9999 -9999 -9999 -9999 -9999 -9999 -9999 -9999 0.296385230315545 0.261000634786378 0.183477757222759 0.19002862500238 0.228204758200229 0.320914585283629 0.358893240259945 0.402067423778318 0.436701808678234 0.454250615952644 0.518811685582868 0.62829106547524 0.643948745210932 0.634791420805605 0.643156118729253 0.654738169841069 0.651638685590657 0.645054275304427 0.639534742683242 0.625828894564467 0.590652430569957 0.557853140518752 0.520325869293557 0.483424620984856 0.440234996248665 0.400989243557075 0.369819049574856 0.360374909171067 0.348904468215501 0.341162804914753 0.3283070292299 0.330060964578714 0.338387807264157 0.354472730090056 0.355181885594344 0.384015140516139 0.401517281026181 0.421052518992984
-9999 -9999 -9999 -9999 -9999 -9999 -9999 -9999 -9999 -9999 -9999 -9999 -9999 -9999 -9999 -9999 -9999 -9999 -9999 -9999 -9999 -9999 0.248262757684015 0.194616810586834 0.161353672426333 0.178134259902166 0.212583194006541 0.248760501664739 0.299874114046435 0.388006031928147 0.491013920891048 0.584147327740662 0.618076974548625 0.628638771190053 0.626081145398883 0.635097812531271 0.651986667391712 0.661744987303989 0.668241937401316 0.662460757328379 0.644017742522988 0.618046701027318 0.585013671858521 0.542595491723194 0.493713452830522 0.438040561374825 0.38839739840747 0.357624911928153 0.351088928948002 0.347583483252662 0.341541049034978 0.334279313394962 0.337283056554569 0.336487034944497 0.323250834571458 0.304553062523379 0.319212471756472 0.352490431912931 0.385018356262629
-9999 -9999 -9999 -9999 -9999 -9999 -9999 -9999 -9999 -9999 -9999 -9999 -9999 -9999 -9999 -9999 -9999 -9999 -9999 -9999 -9999 -9999 0.24581574631455 0.213519999116943 0.193232242433782 0.141372443012805 0.138761909154471 0.194099962277721 0.243645272601397 0.426074425759095 0.501124573832698 0.475439602973876 0.557198334325768 0.451786127434564 0.349926852883879 0.54767184251763 0.637179185937346 0.681160710082803 0.694399675092048 0.695632067792691 0.684210626102602 0.659446958675752 0.621893065555104 0.577495603037748 0.512953386513628 0.440691453535006 0.375195576296359 0.343453864652704 0.339092865709705 0.341954039137752 0.350220560012009 0.348741316122931 0.345778434529179 0.33713618603821 0.327031718758633 0.314270617307455 0.302080787996843 0.297744668689405 0.326994524720881
-9999 -9999 -9999 -9999 -9999 -9999 -9999 -9999 -9999 -9999 -9999 -9999 -9999 -9999 -9999 -9999 -9999 -9999 -9999 -9999 -9999 -9999 -9999 -9999 0.274660233215263 0.164032597061246 0.122678271164081 0.160621338323793 0.280675009672413 0.438309379775521 0.533822619493193 0.417542701620576 0.506052725612404 0.372295191001936 0.301923595086264 0.492401462139115 0.604266210807689 0.690077412268704 0.716875201940536 0.724742984198617 0.726719610497129 0.709272371645893 0.671550543331935 0.621455379608899 0.545010879120845 0.457679845206073 0.372487235872181 0.341787833566155 0.338776939614228 0.342302040194804 0.346812294642957 0.351516304496056 0.343556100723502 0.333516807515577 0.320767550155171 0.312392349233053 0.303429640144121 0.288537483538794 0.305127781392967
-9999 -9999 -9999 -9999 -9999 -9999 -9999 -9999 -9999 -9999 -9999 -9999 -9999 -9999 -9999 -9999 -9999 -9999 -9999 -9999 -9999 -9999 -9999 -9999 -9999 0.229346995780866 0.1097328014762 0.10933613592169 0.157339554622206 0.252502326641229 0.3482586458556 0.353378895997538 0.318691330995639 0.270607607124208 0.236878103045788 0.399096222476286 0.469680224361127 0.601771644329738 0.672517479636768 0.718439669906786 0.750452687931223 0.746880022386736 0.727272927327085 0.678178513436211 0.594559770858962 0.503263912354142 0.420133843261594 0.373662654992297 0.361682490348656 0.349748185790285 0.347689551636393 0.346620075095151 0.340057296097036 0.319540271385545 0.303880379841416 0.292778042079419 0.288303876278856 0.276297828168348 0.290881255695639
-9999 -9999 -9999 -9999 -9999 -9999 -9999 -9999 -9999 -9999 -9999 -9999 -9999 -9999 -9999 -9999 -9999 -9999 -9999 -9999 -9999 -9999 -9999 -9999 -9999 0.342103472580466 0.216915277684498 0.0808610323762939 0.0822233707153385 0.147156182397826 0.167641429401756 0.206997542077965 0.211418853352557 0.16078859657625 0.143158522307899 0.154747330371641 0.196658142602232 0.348092209243335 0.484662291649585 0.672004486730921 0.740470918569676 0.769466816520726 0.772494764334867 0.735292176838854 0.653107192086768 0.561128487312532 0.480583995178439 0.423389270363667 0.386829166767965 0.367661845071833 0.349524803805495 0.338265298544125 0.325200885120978 0.304229240269766 0.280652657599373 0.260957764461748 0.264650957969684 0.247769025898866 0.243594234855218
-9999 -9999 -9999 -9999 -9999 -9999 -9999 -9999 -9999 -9999 -9999 -9999 -9999 -9999 -9999 -9999 -9999 -9999 -9999 -9999 -9999 -9999 -9999 -9999 -9999 -9999 0.408249208180957 0.152357530192949 0.0852162269827845 0.0869316944802778 0.137331126944451 0.140964003004814 0.208535537765863 0.100683098832812 0.11632901719962 0.122673271694466 0.0828097482767081 0.169358163190538 0.188643690215918 0.416377920190825 0.583660373599007 0.689454532906892 0.757427781467261 0.74758454022816 0.697681403718572 0.608531849275952 0.527869784480844 0.463632730933498 0.418068163832481 0.383247843777637 0.353489907530414 0.328997537553035 0.307194895522253 0.286225746166695 0.261586635281003 0.245200675913622 0.233199554018733 0.218063123468002 0.208198475363132
-9999 -9999 -9999 -9999 -9999 -9999 -9999 -9999 -9999 -9999 -9999 -9999 -9999 -9999 -9999 -9999 -9999 -9999 -9999 -9999 -9999 -9999 -9999 -9999 -9999 -9999 0.50053142356712 0.316392100482821 0.242759929838971 0.0851878392347734 0.0914938885105219 0.0650255833715728 0.0826597775246701 0.0429814828372827 0.0712997979986356 0.0509186510816376 0.0636696342729268 0.124721348112908 0.115997533120694 0.124833637093849 0.209693861016862 0.466714284003583 0.64290162159307 0.701517048074338 0.686589336442314 0.635581325994929 0.557117855870835 0.488248739475879 0.438651592288253 0.39666261683927 0.356387995495846 0.319944326297523 0.29086799646038 0.267013232874711 0.246247682073985 0.230020581598759 0.212596219200618 0.203997970914012 0.201668428290345
-9999 -9999 -9999 -9999 -9999 -9999 -9999 -9999 -9999 -9999 -9999 -9999 -9999 -9999 -9999 -9999 -9999 -9999 -9999 -9999 -9999 -9999 -9999 -9999 -9999 -9999 0.5030905458252 0.521863096378524 0.437599754007887 0.160161095158325 0.0767275976259778 0.0483498080958403 0.00337637751089402 0.000200264305606696 0.00922598773679732 0.0571220572765846 0.0767834984050722 0.113857247597521 0.13669830670197 0.119812902514581 0.0459814478658908 0.280950363172917 0.624560092971299 0.662508641179333 0.612346424642819 0.576422408573707 0.513587182790782 0.486464255763634 0.447789151505635 0.405725450815419 0.358288488236278 0.310566815978238 0.277203568894576 0.251449248852247 0.230616163515014 0.216041242501946 0.203069059514085 0.196346486275487 0.204432780375297
-9999 -9999 -9999 -9999 -9999 -9999 -9999 -9999 -9999 -9999 -9999 -9999 -9999 -9999 -9999 -9999 -9999 -9999 -9999 -9999 -9999 -9999 -9999 -9999 -9999 -9999 -9999 0.531033842182114 0.496273176764764 0.339115929037944 0.176356133271886 0.0868290010955977 0.0470396149798249 0.0745090284310625 0.0062159908576982 0.0228780666386908 0.033643025640389 0.0728221956983379 0.121150600053175 0.127994789947683 0.0722556507365809 0.244737349756136 0.518970534415715 0.563963412908603 0.553516951035897 0.446714931338885 0.454400551373399 0.481156129729227 0.46032978197178 0.416373778310927 0.364298853648042 0.307471292544031 0.263164999544801 0.241142968397824 0.224696155932788 0.212646621109543 0.197846524509464 0.190978292639608 0.195614694846098
-9999 -9999 -9999 -9999 -9999 -9999 -9999 -9999 -9999 -9999 -9999 -9999 -9999 -9999 -9999 -9999 -9999 -9999 -9999 -9999 -9999 -9999 -9999 -9999 -9999 -9999 -9999 -9999 0.466102636572237 0.42417839902247 0.338718389243971 0.237083479766039 0.310732991153809 0.112698342378616 0.0895185010278694 0.0803068491849083 0.0276648894600405 0.0326484103589282 0.0598281051321059 0.117157692246932 0.120986502877557 0.147591305246417 0.20347259866377 0.279099111188892 0.493684782075364 0.465965320544656 0.46946967364435 0.497625560566176 0.477725067962256 0.427780713413163 0.373210161352275 0.320525844003356 0.267468548589259 0.235792402578037 0.20891636926098 0.201490305095618 0.18907696702049 0.178512118915982 0.18428747997579
-9999 -9999 -9999 -9999 -9999 -9999 -9999 -9999 -9999 -9999 -9999 -9999 -9999 -9999 -9999 -9999 -9999 -9999 -9999 -9999 -9999 -9999 -9999 -9999 -9999 -9999 -9999 -9999 -9999 -9999 0.427357873595443 0.407658011701239 0.405311625753662 0.343610767099641 0.291671350575303 0.149557654589536 0.0439893398612679 0.0884507820582127 0.023585733595516 0.0717556456330082 0.0915175641135587 0.113160088065847 0.0750425764872926 0.0589581208144354 0.358463823102205 0.358070468486602 0.362822650999001 0.465952809092911 0.491824556240933 0.43696969734906 0.384396437678145 0.336124548966104 0.284255896940151 0.251148002877658 0.215776629191605 0.194737842153012 0.186824041982485 0.167626941736547 0.186369901943134
-9999 -9999 -9999 -9999 -9999 -9999 -9999 -9999 -9999 -9999 -9999 -9999 -9999 -9999 -9999 -9999 -9999 -9999 -9999 -9999 -9999 -9999 -9999 -9999 -9999 -9999 -9999 -9999 -9999 -9999 -9999 -9999 0.38548938295181 0.553874882455119 0.446438670180937 0.33279173989331 0.177231274574558 0.214238216237679 0.000876614099930509 0.0186957995030218 0.0627931054111771 0.1047725140085 0.0978282818835781 0.0754612715154336 0.243788498114481 0.2344563772453 0.104049593592382 0.261875736120558 0.470738530699827 0.440332318173875 0.39753850168493 0.352254857888681 0.298774883010604 0.264324073815943 0.239955164570835 0.22019497240474 0.203475477170374 0.194160433009039 0.190975242685718
-9999 -9999 -9999 -9999 -9999 -9999 -9999 -9999 -9999 -9999 -9999 -9999 -9999 -9999 -9999 -9999 -9999 -9999 -9999 -9999 -9999 -9999 -9999 -9999 -9999 -9999 -9999 -9999 -9999 -9999 -9999 -9999 -9999 0.612644947113408 0.483694039601495 0.523820874808325 0.448033218922991 0.217463986880808 0.0538026512763676 0.0185470862321822 0.0147858428368671 0.0936538111416106 0.0691391566994703 0.0937494882338238 0.077186844333168 0.07430441504567 0.148770998887968 0.11835368162476 0.0415585615002013 0.250014694827846 0.334364698249501 0.335123196491298 0.294806573608451 0.270488567315592 0.254381528443497 0.235798819761772 0.222406358881043 0.216936586319108 0.205481257927514
-9999 -9999 -9999 -9999 -9999 -9999 -9999 -9999 -9999 -9999 -9999 -9999 -9999 -9999 -9999 -9999 -9999 -9999 -9999 -9999 -9999 -9999 -9999 -9999 -9999 -9999 -9999 -9999 -9999 -9999 -9999 -9999 -9999 -9999 -9999 -9999 0.452924134628222 0.439762272943243 0.326017456258683 0.090797408272071 0.053609214916414 0.0823483080337289 0.0991762677792239 0.109785393192364 0.110964660162965 0.0654406366902288 0.113294292332433 0.139619690115916 0.0690054575267436 0.0732063040816316 0.197912963914291 0.241860120333806 0.268482522361453 0.277610659729551 0.262847924929107 0.245058159985805 0.231874807054993 0.226561234392916 0.209776183383076
-9999 -9999 -9999 -9999 -9999 -9999 -9999 -9999 -9999 -9999 -9999 -9999 -9999 -9999 -9999 -9999 -9999 -9999 -9999 -9999 -9999 -9999 -9999 -9999 -9999 -9999 -9999 -9999 -9999 -9999 -9999 -9999 -9999 -9999 -9999 -9999 -9999 0.626523829418535 0.607697224227497 0.391830034376843 0.0623767110259308 0.0413325069427373 0.0772729342292664 0.0917497276501571 0.107332967869704 0.0614697901954382 0.0248015710964206 0.0838211425050147 0.176823505408817 0.204514753173357 0.207263739644276 0.157231324229103 0.21600100837674 0.286345313434456 0.270524029079962 0.253450053255014 0.243899093561064 0.231610561136345 0.212494266842056
-9999 -9999 -9999 -9999 -9999 -9999 -9999 -9999 -9999 -9999 -9999 -9999 -9999 -9999 -9999 -9999 -9999 -9999 -9999 -9999 -9999 -9999 -9999 -9999 -9999 -9999 -9999 -9999 -9999 -9999 -9999 -9999 -9999 -9999 -9999 -9999 -9999 -9999 0.652927789085125 0.495075321361367 0.128841250785458 0.0470629272659637 0.0951720730689253 0.110683782212614 0.10005754550375 0.06743076540593 0.0285676197464168 0.0600582233470392 0.162400773762012 0.2017865035099 0.180786475650049 0.140590336279718 0.221063735649971 0.291580688485656 0.278420325749744 0.261676876194272 0.249477813119625 0.233108172807725 0.225895077056551
-9999 -9999 -9999 -9999 -9999 -9999 -9999 -9999 -9999 -9999 -9999 -9999 -9999 -9999 -9999 -9999 -9999 -9999 -9999 -9999 -9999 -9999 -9999 -9999 -9999 -9999 -9999 -9999 -9999 -9999 -9999 -9999 -9999 -9999 -9999 -9999 -9999 -9999 0.550070442998485 0.464304600403689 0.194629140487917 0.0487405679637223 0.0772318566301554 0.111724945308757 0.0942787356839453 0.0602285584407216 0.0117684618796806 0.00915022501162055 0.112668914625503 0.135430731570524 0.11448545014967 0.189488307584109 0.251311587814418 0.287664294093697 0.282863710205889 0.271536408658066 0.254181774900915 0.253131117518211 0.242113967147556
-9999 -9999 -9999 -9999 -9999 -9999 -9999 -9999 -9999 -9999 -9999 -9999 -9999 -9999 -9999 -9999 -9999 -9999 -9999 -9999 -9999 -9999 -9999 -9999 -9999 -9999 -9999 -9999 -9999 -9999 -9999 -9999 -9999 -9999 -9999 -9999 -9999 -9999 0.498947708186787 0.471335767553791 0.311571756336045 0.0917889527020945 0.0724085360937011 0.0978128350257044 0.0739030120376266 0.0387029575711671 0.000939995428922446 0.0018079476425738 0.0413627113244774 0.0806523187811892 0.101368093672726 0.191941281286721 0.241060873731772 0.2932804817155 0.290026202791227 0.267112402547022 0.269932725154029 0.269442438982122 0.269425526320712
-9999 -9999 -9999 -9999 -9999 -9999 -9999 -9999 -9999 -9999 -9999 -9999 -9999 -9999 -9999 -9999 -9999 -9999 -9999 -9999 -9999 -9999 -9999 -9999 -9999 -9999 -9999 -9999 -9999 -9999 -9999 -9999 -9999 -9999 -9999 -9999 -9999 -9999 -9999 0.418736113264659 0.369563000071967 0.11772698695467 0.0528031207471452 0.0854949694563881 0.0405309754161083 0.044829844527102 0.00361102228812998 0 0.0594189107323022 0.064110638275763 0.163171308033985 0.20892827299432 0.236857809495045 0.313001903703379 0.267410063079283 0.278418807666596 0.271044385446708 0.278094433232367 0.289650980959298
-9999 -9999 -9999 -9999 -9999 -9999 -9999 -9999 -9999 -9999 -9999 -9999 -9999 -9999 -9999 -9999 -9999 -9999 -9999 -9999 -9999 -9999 -9999 -9999 -9999 -9999 -9999 -9999 -9999 -9999 -9999 -9999 -9999 -9999 -9999 -9999 -9999 -9999 -9999 0.438322429456065 0.41606176835172 0.155675024858926 0.0312815849890601 0.0700790192234039 0.063548455468154 0.0378370852661479 0.00147889595713419 0 0.052970321423687 0.0261692869069935 0.128972205231877 0.250208317352412 0.249170844851857 0.292521838730906 0.273375087024832 0.276519780713871 0.281126906162505 0.294128493203943 0.298016937180671
