layers/veg_krg_50/veg_1800.asc
NCOLS 128 
NROWS 165 
XLLCORNER -2985163.8955 
YLLCORNER -3022031.214 
CELLSIZE 50000 
NODATA_value -9999 
[rows 26 to 51 of 165, columns 0 to 58 of 128]
-9999 -9999 -9999 -9999 -9999 -9999 -9999 -9999 -9999 -9999 -9999 -9999 -9999 -9999 -9999 -9999 -9999 -9999 -9999 0.422399251734027 0.245758539920095 0.135885963216508 0.0345123719003649 0.151934367282629 0.293303111836925 0.297277168054015 0.349416920190966 0.536575584823481 0.568017367014438 0.527560549534622 0.513790714073852 0.516068161908351 0.515748394369718 0.567398997421475 0.610705134111148 0.666429160158599 0.724619650285893 0.759880486199313 0.789494761888865 0.799613825059415 0.788978576773713 0.793187698394469 0.790918230955635 0.807773622037654 0.795373275629177 0.780051656194757 0.772028037686726 0.755495634294566 0.711845333018302 0.679780131140279 0.655294719379321 0.636115601791439 0.622262967609931 0.610682976594752 0.601832079805739 0.581180119726354 0.55160071648915 0.546428214652163 0.546405437477387
-9999 -9999 -9999 -9999 -9999 -9999 -9999 -9999 -9999 -9999 -9999 -9999 -9999 -9999 -9999 -9999 -9999 0.67224192498574 0.518013107335783 0.451203710204393 0.229823728141011 0.0838847836338697 0.03856019714824 0.124596835108102 0.21164398663204 0.31648866569207 0.444306660717857 0.522985105056973 0.552659121939042 0.591089057574486 0.580163113570302 0.60606397851372 0.614141669955507 0.647707730114103 0.679406232901537 0.716437078551065 0.75974275857403 0.783358285460404 0.810326323239309 0.825573223461135 0.815683639723756 0.822762907650509 0.823525409333955 0.84402476793182 0.83326731025696 0.821979374066883 0.809925552917982 0.773115867468746 0.737968847132349 0.720819543472869 0.705918888352735 0.687922401881786 0.669067693518131 0.656223104055201 0.646945992752546 0.616778828884768 0.580181032501676 0.582577405671086 0.58874773456593
-9999 -9999 -9999 -9999 -9999 -9999 -9999 -9999 -9999 -9999 -9999 -9999 -9999 -9999 -9999 -9999 -9999 0.674303558101735 0.659333024625481 0.452608867388708 0.213162327100046 0.0576217108835747 0.0567387845777332 0.0994574209440451 0.204213804236715 0.392762801614909 0.468011469920672 0.513158650757618 0.631218856023313 0.647621349974899 0.669433412897956 0.667093475122054 0.676800589861353 0.701664845461522 0.730648982620996 0.76089281987242 0.787662179875004 0.808576486275629 0.841561965036032 0.863156571023959 0.866242266689926 0.858218575777564 0.857797092665266 0.870594910155773 0.867309135172629 0.845990065890243 0.828795390641671 0.799086012337875 0.769985304388013 0.756799961805422 0.750623626425316 0.734134915893659 0.714933891842709 0.699851082375584 0.683690494683399 0.614484693569844 0.622253955360562 0.623315626489208 0.628055264769612
-9999 -9999 -9999 -9999 -9999 -9999 -9999 -9999 -9999 -9999 -9999 -9999 -9999 -9999 -9999 -9999 0.724853919796234 0.699781339365546 0.602229886833308 0.367430960641685 0.203808140420889 0.115775375680052 0.0968444827657668 0.0981205044125609 0.211790790722242 0.405222209091545 0.472332368827319 0.599169488484108 0.648336177538407 0.652997063399256 0.700223324641084 0.712708216548912 0.724874549385253 0.743728487197795 0.773132188798691 0.808710434316126 0.823903657776867 0.849541007579389 0.870348948929369 0.884911375709585 0.891208377438805 0.888744735980145 0.890120592652216 0.896541216295099 0.898943230645937 0.874077126701737 0.841520922269257 0.82602628064965 0.806216817257942 0.800306845775097 0.78549145833946 0.756813116385951 0.745711635410179 0.73265948792694 0.7174062704962 0.651264746040687 0.651127486175371 0.653048917076286 0.655474169760703
-9999 -9999 -9999 -9999 -9999 -9999 -9999 -9999 -9999 -9999 -9999 -9999 -9999 -9999 -9999 -9999 -9999 0.634958421521311 0.515719309242804 0.333674268860348 0.196345213648053 0.18279191453378 0.144176657498267 0.148950789108156 0.243284106569066 0.400723277553034 0.508726801590042 0.641206890954921 0.67135469770341 0.676646560560674 0.705918191661956 0.75827979885067 0.776321021256007 0.795990301828951 0.816048515590365 0.839522396345894 0.853847664887998 0.87493033797706 0.894619751481601 0.905555276831513 0.909988401299544 0.913566520149159 0.917714460039672 0.923463330684086 0.928066859869629 0.901943982576868 0.870237948868153 0.858698623925301 0.847039257234656 0.832808651036983 0.796568379870404 0.765814994872102 0.752369034248979 0.730545900827201 0.73486260422858 0.690283564555918 0.676053531203729 0.681677562908612 0.685676439249302
-9999 -9999 -9999 -9999 -9999 -9999 -9999 -9999 -9999 -9999 -9999 -9999 -9999 -9999 -9999 0.610910898154631 0.591159029067906 0.540505428138558 0.382850896550451 0.254757832634349 0.239040375837427 0.285553263705164 0.234267987578413 0.186058771025982 0.253699854630764 0.408103716964862 0.577799290889521 0.66422780938663 0.704564570718863 0.706556400421907 0.746609418397065 0.805626811004549 0.829349416487984 0.847389902477929 0.857359367755419 0.86969392244787 0.879178999376342 0.894743712534517 0.912761996847473 0.923232544602417 0.927309997159192 0.933154103767135 0.93682762973758 0.943625073459272 0.941198905296977 0.92300889919086 0.900974512505323 0.887136676072796 0.874929401802173 0.840105226323475 0.805360695052463 0.786507534869654 0.773142642638002 0.759566555763077 0.754659760530635 0.743154693105221 0.707676560237733 0.701282183531269 0.707954145534691
-9999 -9999 -9999 -9999 -9999 -9999 -9999 -9999 -9999 -9999 -9999 -9999 -9999 -9999 0.587322207575121 0.570356723296678 0.520182424092392 0.405753071385854 0.262467091969001 0.255119694444547 0.30710080522872 0.319893207887987 0.288534437851892 0.231596747346371 0.20498363695821 0.388352441334898 0.592419826822539 0.680269671548175 0.733386778054108 0.780872793255885 0.817450578321452 0.858983347045356 0.875491334176301 0.887958372779919 0.899388950563338 0.90522042448961 0.905323935724822 0.906316633397703 0.925222897274804 0.930992926285561 0.93816995363388 0.942896148559128 0.945966258815993 0.947504135021159 0.944211543087517 0.930641299840484 0.915319834013301 0.900073751537489 0.865687799473066 0.843660763235507 0.820727688125405 0.804420593703753 0.792926737502489 0.785190241888925 0.784454889927057 0.781677492423449 0.771716777958855 0.748559623387163 0.754829381969347
-9999 -9999 -9999 -9999 -9999 -9999 -9999 -9999 -9999 -9999 -9999 -9999 -9999 0.600436962535255 0.586170636285151 0.567657337434653 0.434211346509949 0.245885619428397 0.16753949773824 0.281661298946729 0.333061253093576 0.325619229424995 0.303865771264474 0.264188706398765 0.334167752281538 0.512083646131915 0.564074056607332 0.689854759357918 0.748375225891127 0.812924358761986 0.866429127133631 0.90956997973471 0.928218254140472 0.922625586877631 0.928058278227229 0.928120473321865 0.930122190702318 0.933476730994567 0.92738649955253 0.931688299887611 0.941533402910238 0.940028858609858 0.936635317400007 0.939725528287539 0.940180827849758 0.929148268890564 0.91869830787367 0.875240831070312 0.860431891454853 0.850008236535044 0.835055849943447 0.818680896553231 0.811459985117201 0.808128736031944 0.808944379734119 0.809872044970084 0.808933268454123 0.811862331055204 0.792609020470148
-9999 -9999 -9999 -9999 -9999 -9999 -9999 -9999 -9999 -9999 -9999 -9999 -9999 0.647407244532815 0.634142873268321 0.606135979226456 0.424731988909832 0.237450731082193 0.16707918812282 0.32055818030916 0.448460159559478 0.475124471924048 0.463581185726221 0.459766574283198 0.529255553180008 0.628652013178121 0.655017777359929 0.66383145093218 0.772254336105864 0.824446562236965 0.876326604769208 0.923461084746258 0.948635564623277 0.948169022610959 0.943790598630369 0.943060078980227 0.941311696512101 0.942121588368387 0.941882707885356 0.93897695679251 0.943198251358228 0.936622207087846 0.936689237847264 0.941347995415249 0.935289947214965 0.923118983513382 0.889206568681623 0.859908982534203 0.8492184647303 0.84584656942712 0.836147218417464 0.825616612825324 0.822534290234897 0.824245552267936 0.82858109894869 0.831290487357911 0.839124311944138 0.836726049570242 0.836983370665772
-9999 -9999 -9999 -9999 -9999 -9999 -9999 -9999 -9999 -9999 -9999 -9999 -9999 0.679083113182531 0.659929198262796 0.608417474043619 0.354098713138091 0.241507483143403 0.249859155244237 0.414323905402664 0.478487058625211 0.492118719614739 0.485975843137094 0.510552315961006 0.624426818779406 0.649841542537466 0.687160123740493 0.740284323758142 0.798724223318348 0.853631060936347 0.880502385619657 0.915087351124213 0.940465985944846 0.947116514387033 0.946557915034142 0.945087697847731 0.945302770022021 0.944534746642087 0.944390492291028 0.943608974310362 0.944225034603276 0.943697992434905 0.941143413277328 0.936885179257205 0.928082180325589 0.907300796923078 0.870588435145855 0.850492241021911 0.836577463654055 0.832795531959 0.832738717037973 0.83032488116462 0.83154887997684 0.836726348759181 0.846871199974145 0.854822777701455 0.858715312485773 0.860724403253743 0.861932309214467
-9999 -9999 -9999 -9999 -9999 -9999 -9999 -9999 -9999 -9999 -9999 -9999 -9999 0.699508220113616 0.7005975635951 0.668882538464687 0.334957578540755 0.271989101024376 0.369280040995056 0.547852410897376 0.5522127905293 0.540093891156704 0.521259920667848 0.537118887513934 0.647320186414954 0.67514618296148 0.710816839950312 0.755504115922294 0.798409876832551 0.848182904002783 0.883580563238892 0.909443357113065 0.925656180587651 0.935200754184174 0.937858684752795 0.93745498187142 0.937805450247654 0.937222044014652 0.941744952103601 0.942442480150789 0.941886133726412 0.939549580167828 0.930993614680328 0.924767526709717 0.908723934765408 0.862455920270364 0.837841985429461 0.82954289504729 0.819741655887069 0.814522082077607 0.818849810826958 0.825378375814045 0.831403723391054 0.841794521737096 0.858207816567469 0.87208365360765 0.88132262949743 0.886586690836313 0.881369324318909
-9999 -9999 -9999 -9999 -9999 -9999 -9999 -9999 -9999 -9999 -9999 -9999 -9999 0.715621671330604 0.725961830412305 0.693542178745132 0.362343066853485 0.322748332511241 0.398949079136552 0.576430744206227 0.601494701996168 0.591593129228809 0.567075098185436 0.639497866484345 0.684635277609128 0.70418667692822 0.734820349558966 0.766040323458266 0.80352165271731 0.833258721823096 0.862930859561193 0.890777023454929 0.918625386493628 0.927160606656719 0.927377920837809 0.926732799097157 0.924609593300451 0.923533369622865 0.928900845574272 0.925522474689858 0.923196849966413 0.92190924673743 0.910581777128232 0.901438077227326 0.878094881630723 0.826578689683485 0.813461870451251 0.80093042353983 0.797603659309208 0.792953187647127 0.797472416202402 0.80551754953561 0.819178978080233 0.838042027795949 0.843735505339755 0.884282000260717 0.900405400094664 0.907137882811857 0.907392621612496
-9999 -9999 -9999 -9999 -9999 -9999 -9999 -9999 -9999 -9999 -9999 -9999 -9999 0.730668323484184 0.739767665398958 0.712387125662915 0.570192517806492 0.399913055869153 0.436430946685603 0.616733920874929 0.634841108403287 0.626606567913998 0.616869889214981 0.690241279386894 0.707794593940381 0.735033600715386 0.761928569453752 0.784853156723608 0.815792037162115 0.829294417452078 0.843443027096261 0.873511309054135 0.907236636635366 0.916230853515231 0.919795518922826 0.915794450341604 0.913401339285586 0.91336320981481 0.917156790234355 0.91558677704214 0.905018038583048 0.902653699578063 0.892650220141806 0.873734375410347 0.814256944408371 0.799328321339014 0.79106881058417 0.779066443119477 0.770009194832181 0.767909199027314 0.768599668805801 0.776146530978971 0.764712462466711 0.786318248298699 0.860702631304181 0.897474421059007 0.919362432422086 0.929209347477596 0.930540175538889
-9999 -9999 -9999 -9999 -9999 -9999 -9999 -9999 -9999 -9999 -9999 -9999 -9999 0.755425232799201 0.748426226161779 0.72631833936989 0.583824661654006 0.426472952722417 0.498592647775021 0.674449725303061 0.677159770056704 0.657663363897016 0.644136816536887 0.702153397177431 0.701255691507279 0.723333224132188 0.750928719901538 0.783359207697629 0.802976893244491 0.81563310796041 0.82932823631843 0.841522998162032 0.866835964301886 0.886651467333 0.896841379133254 0.900092075805975 0.899197190724402 0.913233007997313 0.900090960109343 0.882902035895202 0.871806299397993 0.876338616762611 0.872264728244838 0.858529845182274 0.788171281409934 0.777407573614777 0.766425229214197 0.757758378965293 0.750729904174608 0.747596054470963 0.745633146788125 0.715788723504467 0.746969729193581 0.801340934812651 0.830176602651144 0.908247503254149 0.934885145812053 0.941881733005463 0.94098232782045
-9999 -9999 -9999 -9999 -9999 -9999 -9999 -9999 -9999 -9999 -9999 -9999 -9999 -9999 -9999 0.6852047615298 0.42036775230975 0.478642917901078 0.613597611109233 0.673846116101355 0.679647508463654 0.670143128075239 0.648701216471893 0.647790104121944 0.706306907457652 0.725812805000568 0.745315366563265 0.767795529859738 0.788016721804509 0.803302433270847 0.816476721659524 0.82785263853999 0.850647487336796 0.863699631832862 0.872874046756537 0.872167246993404 0.87733790251099 0.890697631589651 0.861077075505337 0.855100068872279 0.857980671748003 0.861929335726535 0.857462405879319 0.784120835357003 0.763590862652627 0.753788864251081 0.746394357501718 0.737833831020181 0.731308758919683 0.726023943067172 0.722561628738182 0.723351283411724 0.735742209120827 0.787078308985065 0.853134655107797 0.914794117943875 0.940575292463078 0.938464413940472 0.933336932523489
-9999 -9999 -9999 -9999 -9999 -9999 -9999 -9999 -9999 -9999 -9999 -9999 -9999 -9999 -9999 0.596829243467488 0.510048230853551 0.521258379756091 0.622487727640262 0.653035002585326 0.664451225504045 0.66170576297647 0.650460209761555 0.657048621489408 0.701682950103151 0.715411477004945 0.736265755633016 0.753436145473943 0.769147594886131 0.782533180138533 0.794512730242543 0.805269468242247 0.832259710448497 0.843983320827775 0.85331439663848 0.860379570312686 0.868350737041518 0.870588091353237 0.848992481230589 0.845028939880855 0.858508561384134 0.85999366495125 0.837978653132377 0.768068947433106 0.741602930099963 0.726890052621517 0.719599221064396 0.712922133683686 0.705891803423689 0.70695702856408 0.70988919678718 0.722643844265389 0.743388132958078 0.788171373369413 0.843887208432684 0.895439184020534 0.916704649852935 0.919923755123346 0.917268071833667
-9999 -9999 -9999 -9999 -9999 -9999 -9999 -9999 -9999 -9999 -9999 -9999 -9999 -9999 0.653798691058892 0.608573947876212 0.520557290699373 0.562959787695791 0.626455902717186 0.656333450083636 0.655370475091525 0.662467197816207 0.654506796052762 0.658045516163177 0.695485462628226 0.707257316451179 0.721716793574138 0.735554626392609 0.751159716341749 0.763137534486572 0.774172590462767 0.78426543722649 0.804854853842211 0.81978906151829 0.83574081739088 0.840246480710652 0.830460334922568 0.824634212251891 0.817777290708934 0.837195834566328 0.843611622858889 0.841909906834106 0.798629009789686 0.743539568440336 0.723797144491449 0.706584759617132 0.701487922626363 0.698171662130742 0.694444206488178 0.70171421426954 0.71196580893768 0.726417575803954 0.747590890465086 0.783246199128436 0.827166717972168 0.866387559558174 0.890684963636921 0.899208738921656 0.906673234776982
-9999 -9999 -9999 -9999 -9999 -9999 -9999 -9999 -9999 -9999 -9999 -9999 -9999 0.624014847491093 0.628028998787081 0.576259426494092 0.492423308100335 0.473490817819677 0.591937591475145 0.652610098094744 0.644239192731109 0.662721139407964 0.657776702080232 0.660092751006084 0.690309713259269 0.701730410024029 0.714632690327256 0.725675649472888 0.736568986929339 0.746969155592097 0.75600404426596 0.769058480207407 0.778957479460458 0.803494731096067 0.819760139026154 0.8205397383579 0.812605662720358 0.80226947063472 0.809750744823051 0.818097629703569 0.827309075868661 0.827265073742367 0.772330283253353 0.71985245631558 0.700555872008473 0.699690425895247 0.696809526932223 0.690617630162762 0.697471170046947 0.698616817715136 0.708240041042387 0.723322690560135 0.746309114235249 0.769083872536475 0.801550497331486 0.839663622387238 0.864604596686369 0.87561143632366 0.885393639529214
-9999 -9999 -9999 -9999 -9999 -9999 -9999 -9999 -9999 -9999 -9999 -9999 -9999 0.630574489966476 0.636742279342472 0.55275239102412 0.490452747527359 0.504916441076847 0.575967622715775 0.664544797865549 0.664133577576447 0.671486679655065 0.66603296325417 0.672371565625128 0.696784109525973 0.699874455049425 0.707323354479755 0.713270492452945 0.723687871892635 0.739835072975424 0.749448575158707 0.754125110635722 0.759881434857165 0.783202542928045 0.802506240323145 0.806403601506025 0.808682516750949 0.798782624465933 0.797635551141559 0.80283645482161 0.809089975120295 0.812522526310186 0.781128562332688 0.715119907554645 0.70507205858567 0.700013142876323 0.693972449685531 0.693752465908499 0.686282588204799 0.688613371684325 0.699778022142228 0.717431824334842 0.736840150045724 0.759649242005638 0.780507970262799 0.801575209941119 0.837681736278263 0.849136024138942 0.856426834620181
-9999 -9999 -9999 -9999 -9999 -9999 -9999 -9999 -9999 -9999 -9999 -9999 -9999 0.645571533207867 0.643776349243893 0.582054282382374 0.424711354895996 0.474121720614921 0.596343688878185 0.627190589002245 0.628377102391569 0.65398868839305 0.639246419991538 0.654883377483501 0.669932063946252 0.675390429527154 0.687713335292298 0.695653453242293 0.717018071105426 0.723145747238554 0.731725129249119 0.736719706510176 0.745121244959838 0.766265071724294 0.771960512707247 0.790043182257129 0.789919881999255 0.79217351284965 0.795019781190234 0.791025715532982 0.78934834549371 0.774944575897551 0.770883319989624 0.711437980229004 0.713365475237122 0.697585270751659 0.684205169602715 0.674873341897663 0.670764445054479 0.679897836196765 0.689085182476576 0.703989502840806 0.721661059153806 0.745327418170705 0.768500259097833 0.800562335629055 0.810380381870584 0.819525655537157 0.814366507348051
-9999 -9999 -9999 -9999 -9999 -9999 -9999 -9999 -9999 -9999 -9999 -9999 -9999 0.621572995268796 0.627734858725114 0.625185107941454 0.518627639350416 0.478989555161198 0.588195704109034 0.544664680102114 0.557520815734425 0.604923904908803 0.610450654227204 0.638383005593002 0.644010609201362 0.643804076562323 0.640187867038533 0.632313044627478 0.665040173390373 0.686429475784853 0.706080098898283 0.711202648462592 0.737960396881902 0.746271246076107 0.750221550827819 0.760568529101773 0.767497409599897 0.769916615745842 0.777209587497295 0.789721749772747 0.780985513249359 0.78058345881672 0.793350051180346 0.746581524450395 0.731387786813216 0.701187285710158 0.684636384831657 0.675191111727832 0.673051295605542 0.67833857092711 0.690856195556393 0.70496791173092 0.722916241225528 0.741095833622343 0.763559238885113 0.773301752060654 0.77936718029232 0.789836799719907 0.802344431592122
-9999 -9999 -9999 -9999 -9999 -9999 -9999 -9999 -9999 -9999 -9999 -9999 -9999 0.622653245944639 0.620894871060026 0.616898699530562 0.567440468048592 0.498825323601463 0.546605416077895 0.529174444129283 0.527713555310774 0.586829963557701 0.596372451903783 0.617040444075463 0.634578629157693 0.634960627442129 0.635754337318085 0.629663342710355 0.613417203460328 0.613987691722393 0.658216406571992 0.698934518385399 0.717642390056814 0.728818521420626 0.736629341318263 0.744334863897403 0.746272353170276 0.74072192575952 0.752644547384163 0.783854225903106 0.789989228013575 0.790384180022317 0.781895315318496 0.759843894879536 0.733862105974611 0.693202371268164 0.675246602493743 0.677991891904225 0.68004627852928 0.681042175304306 0.692756911093545 0.711383813949998 0.727438137993207 0.744815670970805 0.750088010787596 0.760423424731763 0.76591137877246 0.773465939226008 0.774272047058116
-9999 -9999 -9999 -9999 -9999 -9999 -9999 -9999 -9999 -9999 -9999 -9999 -9999 -9999 0.623675494484735 0.623811134877648 0.612918233691651 0.57188440171774 0.501313714168608 0.489224799598881 0.505733797812755 0.603918125798702 0.62493651025027 0.624447997337739 0.61480252352849 0.613553043088472 0.624559248246551 0.613012609790605 0.605395076580585 0.591974374022471 0.612283007410069 0.673615263858071 0.701549054015111 0.709171025114388 0.718631049907437 0.725093915032431 0.726675811247944 0.717993690072155 0.73693365256435 0.75667556219075 0.762635993678913 0.765057836286234 0.758821663744272 0.745261138202809 0.730949255635973 0.697383040125839 0.663941811971299 0.64852497180979 0.653310984531672 0.657938564295445 0.67151383969224 0.69031362778523 0.705896772866166 0.737642531007374 0.74170513836567 0.748168211038098 0.745358991258132 0.762270376109749 0.774466871078716
-9999 -9999 -9999 -9999 -9999 -9999 -9999 -9999 -9999 -9999 -9999 -9999 -9999 -9999 -9999 0.625762236275604 0.626859574061059 0.614534325169284 0.546754069337816 0.482167250263232 0.518118704166038 0.566373768765147 0.630476722593404 0.622655865526032 0.590352801961313 0.601288183535641 0.61596515647235 0.60868910891564 0.595696943125157 0.577965932329209 0.606661184248316 0.63145557560249 0.638683952470689 0.64284902249716 0.643767142902289 0.649511084037833 0.66197066407418 0.652511361700986 0.668444276694179 0.700977757374121 0.693778434382244 0.706914888471676 0.71993072378894 0.720490916848991 0.712579152774889 0.687669130492849 0.653312534114111 0.636457067653738 0.635838357491271 0.641317435706491 0.649063539763592 0.664365229492934 0.689944920227093 0.758740771905487 0.72964007817243 0.726923903524488 0.720121150187275 0.7479435826596 0.753928757960845
-9999 -9999 -9999 -9999 -9999 -9999 -9999 -9999 -9999 -9999 -9999 -9999 -9999 -9999 -9999 -9999 -9999 0.622554126571812 0.562632310875605 0.473376261860952 0.503472234124294 0.504784285130727 0.577757009946434 0.622703936542177 0.604872407536715 0.592740975359699 0.607178036449802 0.593390120901679 0.573333083759013 0.555923288090297 0.576145170478115 0.60641577035693 0.624171853421582 0.624824508407754 0.641343529213824 0.67035642271275 0.676458060715661 0.658539799100168 0.684880595848836 0.700550278797852 0.689181406607112 0.700111291876657 0.69873291669393 0.688738854297248 0.682116400922386 0.680889251401654 0.674278546558719 0.63547822788401 0.624610257414279 0.627354312416246 0.633050737873398 0.657352872801264 0.710006194050622 0.729762118119113 0.703138853915966 0.652580418260898 0.642761753639438 0.708401748673366 0.737248494942735
-9999 -9999 -9999 -9999 -9999 -9999 -9999 -9999 -9999 -9999 -9999 -9999 -9999 -9999 -9999 -9999 -9999 -9999 0.58812169480912 0.467050515197644 0.44961930709459 0.481918899291632 0.441656800970866 0.542314225987139 0.560681802010089 0.557645887038186 0.570151707528055 0.557626218330454 0.546825888780353 0.536816637713772 0.528136207682797 0.56130137309659 0.614490545957632 0.633415367006416 0.668702235543342 0.686609931546851 0.672998781009964 0.696169134292281 0.717720670609491 0.702445692107823 0.686544599898972 0.69101692823538 0.694249772785508 0.689268699273593 0.679527377754334 0.681457002802473 0.676606486177199 0.667392103046713 0.631966710135039 0.626887936143898 0.621718263420536 0.639066385269162 0.693492395526971 0.67670903101558 0.656193133565414 0.610571408525766 0.61488898440216 0.635708150100853 0.657696341827853
