layers/veg_krg_50/veg_5400.asc
NCOLS 128 
NROWS 165 
XLLCORNER -2985163.8955 
YLLCORNER -3022031.214 
CELLSIZE 50000 
NODATA_value -9999 
[rows 52 to 77 of 165, columns 0 to 58 of 128]
-9999 -9999 -9999 -9999 -9999 -9999 -9999 -9999 -9999 -9999 -9999 -9999 -9999 -9999 -9999 -9999 -9999 -9999 -9999 0.469464840911815 0.430065771690145 0.418751420307832 0.432523472197916 0.423118696441961 0.463328329123508 0.462414948226182 0.466447746684346 0.486934720906385 0.500107188027221 0.506736302952391 0.548293589866264 0.591739991279305 0.608810303136724 0.612036849568269 0.604926641801024 0.606696337691454 0.605557199248534 0.597440520720779 0.598391199955282 0.583206406337903 0.565274388584519 0.558057496312889 0.542742726654282 0.540471702129963 0.501501037987353 0.489835989079596 0.475797913293016 0.469992747692347 0.453701449019809 0.469001496330203 0.481626351976672 0.493546293848917 0.508301893826615 0.55372749395205 0.574978841226683 0.594278444569524 0.581838552551447 0.551721849851575 0.558017732960022
-9999 -9999 -9999 -9999 -9999 -9999 -9999 -9999 -9999 -9999 -9999 -9999 -9999 -9999 -9999 -9999 -9999 -9999 -9999 0.435651037420193 0.398589789592801 0.355851356506763 0.36976061307567 0.374894449823258 0.391165841982646 0.419208059175975 0.45470787363249 0.477768643341736 0.478276632619869 0.514893116983236 0.568765475509593 0.581828344576094 0.597166774360013 0.610131911103333 0.618420472596409 0.640753907149632 0.623161619725203 0.613449447537529 0.599029537706448 0.585850478488433 0.559501690088822 0.535106924143223 0.533999445097556 0.524780593870895 0.491262720773421 0.477169256709768 0.459131942441555 0.44966706056965 0.437535504118039 0.441867681260035 0.448317866810334 0.453941875663694 0.462525889631443 0.493141104057282 0.536898757401205 0.561505285153018 0.592344921061985 0.526157188385063 0.522529921216915
-9999 -9999 -9999 -9999 -9999 -9999 -9999 -9999 -9999 -9999 -9999 -9999 -9999 -9999 -9999 -9999 -9999 -9999 -9999 -9999 0.388925340651646 0.325940149083691 0.315607336517596 0.320905151305128 0.331270953226869 0.356359667949982 0.439830269828466 0.460640708470329 0.469217885946856 0.571352123554679 0.571104878501557 0.558080816800676 0.579896266054976 0.598533442567376 0.634360620808388 0.647960764645163 0.632142705415971 0.628267068264498 0.614012612278991 0.59129947257319 0.56237450256447 0.537287947836678 0.519469124465384 0.484125266193102 0.477688739479486 0.45322011746316 0.434143561661687 0.427927098710511 0.416840794307216 0.409360389649106 0.410235295318374 0.411473238936405 0.422854705105435 0.421512702113812 0.463734290713416 0.492678493883634 0.569979389188499 0.505962536764938 0.468757512000138
-9999 -9999 -9999 -9999 -9999 -9999 -9999 -9999 -9999 -9999 -9999 -9999 -9999 -9999 -9999 -9999 -9999 -9999 -9999 -9999 0.330394026153006 0.282590508549176 0.265453475102222 0.266769636154734 0.28776755441157 0.313293210342746 0.397389363750361 0.440063049721485 0.477216932280094 0.47652354348031 0.551225444646833 0.56098656740126 0.571876821556006 0.611534940851512 0.646992516169623 0.647970681307651 0.637762397720301 0.631777970511407 0.622722972351052 0.596088474496353 0.578792104176916 0.55719307420287 0.521421556128145 0.471098272277832 0.440431441939965 0.416823982625775 0.409659694166463 0.392261385033392 0.370928422689079 0.379161848162126 0.37550251193722 0.3766561229612 0.389313406994968 0.399465506090538 0.405140780513761 0.41947909119202 0.438045623166695 0.481999106415551 0.454653732708461
-9999 -9999 -9999 -9999 -9999 -9999 -9999 -9999 -9999 -9999 -9999 -9999 -9999 -9999 -9999 -9999 -9999 -9999 -9999 -9999 -9999 0.259927035305716 0.234419839629669 0.210657173853206 0.233108273115049 0.269096307612737 0.342540072677727 0.46483419867062 0.470859191495353 0.440491271898849 0.501185129408208 0.563663524027696 0.609366661354256 0.640919482236284 0.64896299231598 0.639383272892439 0.637735077313114 0.635258649536215 0.62350016321924 0.603336881854929 0.586498956900522 0.55568787014607 0.516727162148204 0.483108310893104 0.444612513031056 0.40595989468318 0.373500622590211 0.357607164797656 0.34454179765662 0.358590823778015 0.357221629146124 0.33963565720609 0.338420285327591 0.365559586601893 0.380085651286119 0.380385747327153 0.380755239227553 0.390933350930573 0.389336200688013
-9999 -9999 -9999 -9999 -9999 -9999 -9999 -9999 -9999 -9999 -9999 -9999 -9999 -9999 -9999 -9999 -9999 -9999 -9999 -9999 -9999 0.25129776549275 0.224275265811286 0.173973783539063 0.187819778136608 0.234614870149752 0.358633069710038 0.418613243299181 0.452197037815765 0.467469276934325 0.507585625720668 0.572028596621424 0.640771383880925 0.648933602024894 0.628809649237537 0.63460080968754 0.639674835405266 0.636356203264905 0.627019746383319 0.618932717054231 0.613311003570239 0.571352305995061 0.536915733186533 0.497719315850785 0.449901502011625 0.402042002482613 0.358731008855166 0.326370080394163 0.316755078886556 0.326486666183408 0.313536605580615 0.287247577432986 0.293716629169666 0.328751129050462 0.327688606270038 0.345322409650884 0.356283981947414 0.363035190129631 0.35156956572795
-9999 -9999 -9999 -9999 -9999 -9999 -9999 -9999 -9999 -9999 -9999 -9999 -9999 -9999 -9999 -9999 -9999 -9999 -9999 -9999 -9999 -9999 0.211733043824407 0.208147731867894 0.149474694409736 0.175143219195737 0.234949535708617 0.291244404584976 0.346627430706738 0.428786162446066 0.529378596700408 0.587349266858856 0.631343492013575 0.631804835946512 0.618670253005311 0.630014434407026 0.637097840703171 0.639458114773307 0.636783492260941 0.634101935713497 0.62823868164472 0.599176108216966 0.560030260901507 0.515139324917265 0.456374064232257 0.397120775073703 0.342720572015917 0.306446005290891 0.299426918048665 0.299846287884528 0.299057199615591 0.296707253485572 0.301836704856787 0.301459618409957 0.291992559337993 0.284802661827691 0.299330801503753 0.319483038676684 0.321683414915563
-9999 -9999 -9999 -9999 -9999 -9999 -9999 -9999 -9999 -9999 -9999 -9999 -9999 -9999 -9999 -9999 -9999 -9999 -9999 -9999 -9999 -9999 0.208822830503058 0.241288186533752 0.176617687104066 0.126239695138399 0.134813134367721 0.19854985400358 0.26199117640639 0.432737057572015 0.481229382032278 0.477012769181241 0.562429620137879 0.44664334991701 0.338048525104887 0.544726461549191 0.619160121483647 0.644242943569359 0.647015406525348 0.6529552855244 0.63956502128671 0.620425381107358 0.58753830624342 0.538981473895911 0.472804444928521 0.399004536277417 0.328558576832174 0.285086290374242 0.280660762303998 0.293148324993137 0.307734630986647 0.311817758118771 0.311433589786575 0.303447847714432 0.289062160308029 0.275992837474663 0.262741607155208 0.275433911611111 0.285621238216409
-9999 -9999 -9999 -9999 -9999 -9999 -9999 -9999 -9999 -9999 -9999 -9999 -9999 -9999 -9999 -9999 -9999 -9999 -9999 -9999 -9999 -9999 -9999 -9999 0.270229038185836 0.150829680155713 0.109601872936596 0.153049366718661 0.266445296031198 0.385439453908758 0.503431423116543 0.417456387882208 0.505145837843404 0.362404051775184 0.287907240166476 0.485443010151167 0.588736941476743 0.656821447339123 0.670337511950853 0.679856860041024 0.680750782651623 0.664641929226996 0.63396387966962 0.576825413787012 0.505956182253565 0.418175496279695 0.328303397810074 0.272164632147604 0.274054550990432 0.293246588632563 0.30576065987457 0.317779878634398 0.312480247053718 0.301104740765174 0.280737655419647 0.275156271462195 0.262310832534733 0.246084008317092 0.260297956115364
-9999 -9999 -9999 -9999 -9999 -9999 -9999 -9999 -9999 -9999 -9999 -9999 -9999 -9999 -9999 -9999 -9999 -9999 -9999 -9999 -9999 -9999 -9999 -9999 -9999 0.225723658947928 0.0925289919638997 0.0903222345382135 0.13694650538659 0.22956519757933 0.341446153475517 0.34540502742362 0.308707805094469 0.255775400382205 0.222634201155159 0.37956697012796 0.448004721963257 0.561801100816328 0.62876134392404 0.673224823870319 0.703370604058443 0.702322645462218 0.686756106433732 0.635248495695294 0.556679966291131 0.464872014646333 0.375813101564052 0.316875805987118 0.303821083200147 0.303951822524385 0.312087366197615 0.320425054405858 0.315158691924844 0.292718551900282 0.271067099113509 0.25968512847871 0.251527285251772 0.237593539063494 0.249934824235175
-9999 -9999 -9999 -9999 -9999 -9999 -9999 -9999 -9999 -9999 -9999 -9999 -9999 -9999 -9999 -9999 -9999 -9999 -9999 -9999 -9999 -9999 -9999 -9999 -9999 0.328462606368283 0.185752375826772 0.0557268054109251 0.0584513596834672 0.122584148754376 0.146878187211194 0.188677370201572 0.199901884159951 0.143312718244642 0.131292093027049 0.14079694567784 0.195253997233781 0.328794167737657 0.453273002478045 0.627978771236858 0.69506215194226 0.725981771698338 0.729182315823232 0.695786512903934 0.617249983171926 0.522653932871804 0.437639186962137 0.375616084565439 0.345269826503567 0.332497438721536 0.322469273740744 0.314280723845259 0.30255733458238 0.279667566767903 0.252448001485427 0.231189880782161 0.231903332685204 0.211713339429298 0.211686180751982
-9999 -9999 -9999 -9999 -9999 -9999 -9999 -9999 -9999 -9999 -9999 -9999 -9999 -9999 -9999 -9999 -9999 -9999 -9999 -9999 -9999 -9999 -9999 -9999 -9999 -9999 0.329236267816091 0.121577618432372 0.056104268469317 0.0597476674028844 0.110622235994034 0.113887660654454 0.189132853602086 0.0834839341765234 0.104171992751487 0.110595908699107 0.0938773017709499 0.165808118552616 0.171782518197475 0.386128801860713 0.542645799996984 0.646703261881859 0.718156178178199 0.719067272243541 0.66381286422457 0.572365739448339 0.489196302416036 0.423545027007148 0.386480756279438 0.358035440902675 0.331254432505965 0.305323659921597 0.281084067259279 0.258115056296727 0.234977839408446 0.218644832624588 0.205688401424003 0.186479380489593 0.171908302220382
-9999 -9999 -9999 -9999 -9999 -9999 -9999 -9999 -9999 -9999 -9999 -9999 -9999 -9999 -9999 -9999 -9999 -9999 -9999 -9999 -9999 -9999 -9999 -9999 -9999 -9999 0.446943282866538 0.284990713158797 0.213232617957196 0.0603948542790848 0.0666249017718487 0.0362522442459282 0.0548046536943158 0.0280461561085568 0.0624125285399976 0.0448661728090984 0.0712465705953176 0.112832244146691 0.0986273963405705 0.105749776424512 0.182083244257274 0.429717441210574 0.606310457891695 0.672648975705657 0.654942420813473 0.59972805449457 0.521892847144952 0.459156685265848 0.41557097566706 0.374532094978882 0.334477832595634 0.295559713262908 0.263823106291264 0.237907639393427 0.217837612246848 0.204750252148602 0.18857380781341 0.177077135551163 0.163976387832257
-9999 -9999 -9999 -9999 -9999 -9999 -9999 -9999 -9999 -9999 -9999 -9999 -9999 -9999 -9999 -9999 -9999 -9999 -9999 -9999 -9999 -9999 -9999 -9999 -9999 -9999 0.434232551890623 0.467415384535122 0.379510293761821 0.130562540605409 0.0525517472526886 0.0229155860456475 0.00158370102644541 0.000132333501310404 0.00731740901142913 0.0488791838324889 0.0802093986932088 0.0961910327738663 0.11292180703482 0.0958042694918853 0.0269544029996078 0.251661941350466 0.57442756438613 0.620558523103053 0.577607660580867 0.546413394128886 0.484924154910585 0.457950470576803 0.426544513527747 0.383638907426627 0.334377741503375 0.283226817504998 0.247712577131612 0.221879192585713 0.202520966154348 0.189854617093479 0.180609291800082 0.174675184295168 0.173685359540466
-9999 -9999 -9999 -9999 -9999 -9999 -9999 -9999 -9999 -9999 -9999 -9999 -9999 -9999 -9999 -9999 -9999 -9999 -9999 -9999 -9999 -9999 -9999 -9999 -9999 -9999 -9999 0.430314251570102 0.400108123544691 0.274735881560766 0.14208850784059 0.0612902909357423 0.0414238018841673 0.0593833873213677 0.00540335419704841 0.0172080528884691 0.0311365103190192 0.0521262276951553 0.0973098245841175 0.103664929704753 0.0492152212632949 0.209924245066588 0.464901690643395 0.52066867862782 0.520795940647086 0.430379322501074 0.441682342029733 0.46450491981031 0.43675584376247 0.390397686594539 0.337542401731104 0.280448626751765 0.234427778455311 0.210984586668404 0.195707780610399 0.187572232797842 0.178629088288075 0.172287488173281 0.178590499269518
-9999 -9999 -9999 -9999 -9999 -9999 -9999 -9999 -9999 -9999 -9999 -9999 -9999 -9999 -9999 -9999 -9999 -9999 -9999 -9999 -9999 -9999 -9999 -9999 -9999 -9999 -9999 -9999 0.386948899275046 0.354179356310474 0.284824057068056 0.207129298841663 0.285481327266214 0.0966891232530323 0.0809050710321323 0.068409240424449 0.0228339990552905 0.0157201027437026 0.0402869350910772 0.0968766406731482 0.0958919370662588 0.118118820338924 0.170165253646357 0.253072548950911 0.467525612974417 0.451650597562872 0.457582249052469 0.479461006368912 0.455923666969369 0.403447194522702 0.348637023357004 0.29395046306013 0.24093168819615 0.21049787116608 0.186849812892028 0.181802505985139 0.173180627133804 0.16391717083708 0.185598377307485
-9999 -9999 -9999 -9999 -9999 -9999 -9999 -9999 -9999 -9999 -9999 -9999 -9999 -9999 -9999 -9999 -9999 -9999 -9999 -9999 -9999 -9999 -9999 -9999 -9999 -9999 -9999 -9999 -9999 -9999 0.368156610997691 0.375546599692039 0.379964774953935 0.309305701680243 0.271125730320975 0.136831788504016 0.0394721201698627 0.071457837099877 0.0155990257063272 0.0549724802660867 0.0708136852373161 0.0867682717408297 0.0486811370983829 0.0481736648581579 0.345267058119817 0.357386951314047 0.360707026278298 0.449368757552664 0.470027668726491 0.418175875117964 0.361426395173232 0.313169212061399 0.264374999206554 0.234068547715871 0.203742317019107 0.182761954498808 0.174374433841263 0.155887953713041 0.182422970524358
-9999 -9999 -9999 -9999 -9999 -9999 -9999 -9999 -9999 -9999 -9999 -9999 -9999 -9999 -9999 -9999 -9999 -9999 -9999 -9999 -9999 -9999 -9999 -9999 -9999 -9999 -9999 -9999 -9999 -9999 -9999 -9999 0.36191596818592 0.503449277827916 0.419880834646007 0.313427533289038 0.165587700590601 0.191299659197555 0.000604829422993426 0.012671536235177 0.0466450758592393 0.0796181261979885 0.0721639359295199 0.065068874757185 0.24174899212753 0.242049563954378 0.11701563610446 0.258631007754593 0.449074034127492 0.425322209964329 0.377311226962641 0.3274440063606 0.28176007053101 0.251937732736265 0.22911874866841 0.2124823375161 0.195888587376553 0.185893377275044 0.189222323686156
-9999 -9999 -9999 -9999 -9999 -9999 -9999 -9999 -9999 -9999 -9999 -9999 -9999 -9999 -9999 -9999 -9999 -9999 -9999 -9999 -9999 -9999 -9999 -9999 -9999 -9999 -9999 -9999 -9999 -9999 -9999 -9999 -9999 0.554685382697151 0.456784673330773 0.49703847609404 0.414611533122754 0.196095974306141 0.042510869941395 0.0105739661779694 0.00661726193512753 0.0730337580617581 0.0524796658170769 0.084715044359884 0.08197569268414 0.0834692023278631 0.153055561956198 0.123160557998 0.0486481898465053 0.242805310596771 0.326144119676628 0.320937041537202 0.284295564857657 0.261039008587023 0.245231761564437 0.231502088691511 0.219240876861575 0.211983310105978 0.206882451970856
-9999 -9999 -9999 -9999 -9999 -9999 -9999 -9999 -9999 -9999 -9999 -9999 -9999 -9999 -9999 -9999 -9999 -9999 -9999 -9999 -9999 -9999 -9999 -9999 -9999 -9999 -9999 -9999 -9999 -9999 -9999 -9999 -9999 -9999 -9999 -9999 0.418581843102522 0.404527513848447 0.30160921321372 0.0850351178004223 0.0493604778946415 0.0706557548908584 0.086496452779657 0.100306620396773 0.109657284457384 0.0705658581462906 0.114429148440111 0.139266493889331 0.0765003953210587 0.0765773596257463 0.191853290934337 0.235690865198097 0.263051957041317 0.269962802157495 0.255078376385848 0.23952956468871 0.23215110871287 0.229670040826173 0.236156518755904
-9999 -9999 -9999 -9999 -9999 -9999 -9999 -9999 -9999 -9999 -9999 -9999 -9999 -9999 -9999 -9999 -9999 -9999 -9999 -9999 -9999 -9999 -9999 -9999 -9999 -9999 -9999 -9999 -9999 -9999 -9999 -9999 -9999 -9999 -9999 -9999 -9999 0.58439595620353 0.566744005373205 0.359409896213065 0.0563445452611312 0.0346304997545057 0.0689018770976678 0.0833964191495273 0.104033802081162 0.0639450098930257 0.0272470364302179 0.0851103799586456 0.177799188363979 0.200136782563028 0.194744638383402 0.151443830822051 0.213898554308619 0.280030635410255 0.264360141457572 0.251404574717725 0.247279189927433 0.247708445484527 0.236239201326879
-9999 -9999 -9999 -9999 -9999 -9999 -9999 -9999 -9999 -9999 -9999 -9999 -9999 -9999 -9999 -9999 -9999 -9999 -9999 -9999 -9999 -9999 -9999 -9999 -9999 -9999 -9999 -9999 -9999 -9999 -9999 -9999 -9999 -9999 -9999 -9999 -9999 -9999 0.607085760136029 0.433087696563198 0.117226054997238 0.0391855058383811 0.082934155954227 0.099720846400594 0.0968993442072074 0.0671671738228803 0.0292586167661309 0.0597618019056992 0.158456778747356 0.195820150687347 0.171565731662944 0.138787068549659 0.216095983004153 0.285349807263717 0.274114372487269 0.263833160088347 0.261029250915282 0.270557251824849 0.261306869532857
-9999 -9999 -9999 -9999 -9999 -9999 -9999 -9999 -9999 -9999 -9999 -9999 -9999 -9999 -9999 -9999 -9999 -9999 -9999 -9999 -9999 -9999 -9999 -9999 -9999 -9999 -9999 -9999 -9999 -9999 -9999 -9999 -9999 -9999 -9999 -9999 -9999 -9999 0.488271413612986 0.419274850014018 0.179814390137506 0.0420169366603798 0.0615375417709596 0.0980436562250042 0.0835246648683218 0.0590336530898934 0.0129759705674406 0.010219815539978 0.108394525027963 0.129507690470028 0.111630276309837 0.183681187814291 0.24234274813566 0.285756752853556 0.284531635554452 0.274301395764794 0.279426634074506 0.279960307000334 0.275189357840523
-9999 -9999 -9999 -9999 -9999 -9999 -9999 -9999 -9999 -9999 -9999 -9999 -9999 -9999 -9999 -9999 -9999 -9999 -9999 -9999 -9999 -9999 -9999 -9999 -9999 -9999 -9999 -9999 -9999 -9999 -9999 -9999 -9999 -9999 -9999 -9999 -9999 -9999 0.456121014565825 0.430732147110883 0.288777494455342 0.081784104450677 0.0619427296736146 0.0950850307976876 0.0629536073599122 0.0401311330876655 0.000960544849303001 0.000266014088098413 0.0383389031337323 0.0616468068699747 0.0985886992557612 0.184355837856876 0.224197627192731 0.281180107160861 0.285152515085099 0.298810041355727 0.290920592904031 0.279185379985755 0.277112744936183
-9999 -9999 -9999 -9999 -9999 -9999 -9999 -9999 -9999 -9999 -9999 -9999 -9999 -9999 -9999 -9999 -9999 -9999 -9999 -9999 -9999 -9999 -9999 -9999 -9999 -9999 -9999 -9999 -9999 -9999 -9999 -9999 -9999 -9999 -9999 -9999 -9999 -9999 -9999 0.378276292685209 0.333800878492779 0.105588370760755 0.0414863614688076 0.0729058051016272 0.0260380752494895 0.0394105921969265 0.00229806666005709 0 0.0507085273629496 0.0600420661205801 0.155845231394795 0.197063562643221 0.220917451847083 0.293637715522568 0.299409844556367 0.297117055958285 0.289400255466306 0.288082020823852 0.286770334635882
-9999 -9999 -9999 -9999 -9999 -9999 -9999 -9999 -9999 -9999 -9999 -9999 -9999 -9999 -9999 -9999 -9999 -9999 -9999 -9999 -9999 -9999 -9999 -9999 -9999 -9999 -9999 -9999 -9999 -9999 -9999 -9999 -9999 -9999 -9999 -9999 -9999 -9999 -9999 0.392488044241736 0.370273493343825 0.141366864501253 0.0244642538918619 0.0648575110242847 0.0587995166510905 0.036802747832369 0.00627370862073023 0 0.0431170544346051 0.0227764424996518 0.115593939510343 0.232170203444074 0.223167837693238 0.314406523435366 0.311610316069242 0.307342287681418 0.304363757212246 0.290703358049899 0.28531280636031
