layers/veg_krg_50/veg_4600.asc
NCOLS 128 
NROWS 165 
XLLCORNER -2985163.8955 
YLLCORNER -3022031.214 
CELLSIZE 50000 
NODATA_value -9999 
[rows 52 to 77 of 165, columns 0 to 58 of 128]
-9999 -9999 -9999 -9999 -9999 -9999 -9999 -9999 -9999 -9999 -9999 -9999 -9999 -9999 -9999 -9999 -9999 -9999 -9999 0.497076215894284 0.460756709497565 0.447320370342737 0.465413448684528 0.447902916881845 0.49155530465905 0.484160105446258 0.479061574943493 0.493868518381576 0.54690257812457 0.550631812468013 0.558103767202344 0.563117770875815 0.571004138341905 0.572482152428911 0.573147445152079 0.580314819991237 0.592625597848131 0.614631952656651 0.617931810296341 0.601829846462715 0.576320578319219 0.570011847537166 0.562675751966184 0.549886717394984 0.515652819939591 0.513030426533553 0.501739857780719 0.499305586344812 0.484079960568714 0.505762319346157 0.518823670398529 0.529086772388729 0.542573076587352 0.56050632660681 0.5822819280829 0.596670439465813 0.601456934574523 0.60558496802762 0.615454620319811
-9999 -9999 -9999 -9999 -9999 -9999 -9999 -9999 -9999 -9999 -9999 -9999 -9999 -9999 -9999 -9999 -9999 -9999 -9999 0.493606540132514 0.439602642224738 0.365655040048401 0.3918914183736 0.390979766605564 0.404279267940479 0.427991376285021 0.443604411101218 0.504835086408971 0.502623009384815 0.524552094336959 0.534009117791549 0.548700769441589 0.554921633905483 0.561411269515266 0.563835700008834 0.600750540562552 0.62885564304427 0.629541255122545 0.623910370976912 0.60567456242951 0.57848285198851 0.56351066757354 0.544463618117325 0.541384819757925 0.507414457028859 0.49588661646517 0.486095147639264 0.48432732424643 0.474230581651351 0.478473548292026 0.482450168590378 0.490272000398315 0.498266429433992 0.522416121892831 0.544463984481538 0.573521272500189 0.585643706726868 0.568230599573192 0.578903361094666
-9999 -9999 -9999 -9999 -9999 -9999 -9999 -9999 -9999 -9999 -9999 -9999 -9999 -9999 -9999 -9999 -9999 -9999 -9999 -9999 0.438746750085674 0.344450267945301 0.323118618279644 0.326220965822036 0.336133664500231 0.357471725426855 0.448108714452973 0.490293305553665 0.478538119041182 0.504118913609909 0.513088809582411 0.527019251275896 0.53959737330515 0.542453344718633 0.576681327597204 0.652975432334877 0.642289166359281 0.642676702734352 0.632193703461019 0.612603530939953 0.586342053170722 0.570056862726 0.542471266792612 0.496683922472096 0.481474976757757 0.480219053873624 0.466542256611778 0.467418119596978 0.458650584039549 0.447317699281165 0.444976541773383 0.442643163895708 0.453889480140689 0.455792261297475 0.497266403843381 0.526080461765763 0.590190452286652 0.555795214115949 0.549736981653966
-9999 -9999 -9999 -9999 -9999 -9999 -9999 -9999 -9999 -9999 -9999 -9999 -9999 -9999 -9999 -9999 -9999 -9999 -9999 -9999 0.383585383246221 0.301575869326558 0.271905216208252 0.271591783387052 0.292544363808376 0.30849068196729 0.416804098415839 0.473690945707348 0.473249351169211 0.475091875128992 0.503398914247068 0.522727669996002 0.519665953776263 0.543065159166991 0.646863924626416 0.658707285933737 0.648196096147124 0.645461356264085 0.637329964088317 0.6127401677534 0.599109364520245 0.577860702551855 0.547457104356773 0.501791334742409 0.479731362772993 0.449256762558379 0.441164453172326 0.441800154708032 0.422526164030464 0.405167814346042 0.402076687058852 0.401213794569834 0.417586747552856 0.430397353583694 0.434766502516594 0.456034819777124 0.491671507922096 0.496854735445788 0.488849936185391
-9999 -9999 -9999 -9999 -9999 -9999 -9999 -9999 -9999 -9999 -9999 -9999 -9999 -9999 -9999 -9999 -9999 -9999 -9999 -9999 -9999 0.295479876586125 0.256808823551001 0.217595844877178 0.235634491238097 0.258489859298759 0.314279019439386 0.430014231537062 0.451875891184962 0.457701641502621 0.486854298645333 0.489467242811084 0.537055815282341 0.640181271770855 0.647125623515153 0.643451982101232 0.646098418598582 0.647837198294521 0.636370260109404 0.619871952217731 0.606877622204267 0.580243499482106 0.543962933925835 0.516227912871292 0.487690680550051 0.455329294823017 0.42707127463316 0.408294346837518 0.395997541427559 0.362767406976555 0.358214864537844 0.355695558411839 0.366446247171438 0.382790765176652 0.409592142037557 0.414299833016533 0.414186644218126 0.427803670063293 0.448891817760961
-9999 -9999 -9999 -9999 -9999 -9999 -9999 -9999 -9999 -9999 -9999 -9999 -9999 -9999 -9999 -9999 -9999 -9999 -9999 -9999 -9999 0.299937448268712 0.264127162870024 0.185461160454046 0.190737952935135 0.227071023678445 0.309791153064922 0.36874104557246 0.41370665629862 0.446923519831434 0.454877878246792 0.523599665320344 0.630657915143779 0.63909507357176 0.629949742424573 0.637146258484424 0.650297007121052 0.65125353179981 0.645796401137714 0.641011987044751 0.631701610536079 0.596983059828657 0.567206297723142 0.534671179099182 0.498370053683052 0.457271181746752 0.419064431237271 0.388158359652073 0.377830554824265 0.359036543072509 0.344353878622317 0.327787276696806 0.334586506570176 0.345288180868466 0.359303459335655 0.362216660535859 0.390269249895113 0.395323631667595 0.418411885223778
-9999 -9999 -9999 -9999 -9999 -9999 -9999 -9999 -9999 -9999 -9999 -9999 -9999 -9999 -9999 -9999 -9999 -9999 -9999 -9999 -9999 -9999 0.249611190217168 0.193716348769989 0.153413818026248 0.175556676804166 0.204313070081394 0.247750746730821 0.304454045497865 0.395174920066797 0.490629212310074 0.584606420887475 0.615423300630038 0.624683518974415 0.621969631343258 0.631042304163174 0.650844788645645 0.663300191282861 0.669904526724058 0.664188953499962 0.648967838733986 0.624751282668186 0.593953525277209 0.556601029630135 0.510584907860041 0.457936535033891 0.408578258306363 0.374265595147323 0.360284424781741 0.353010004661201 0.344622074106959 0.336503500178808 0.341986381615937 0.341841902382704 0.330345170750004 0.312633193135746 0.324746425032264 0.353661391842603 0.388154395640307
-9999 -9999 -9999 -9999 -9999 -9999 -9999 -9999 -9999 -9999 -9999 -9999 -9999 -9999 -9999 -9999 -9999 -9999 -9999 -9999 -9999 -9999 0.246635081211851 0.205893180094499 0.1551880766606 0.130733488987475 0.134872189892581 0.1891553560134 0.246427632071695 0.449280395201904 0.501591505020885 0.474008324745335 0.552968173262337 0.448550895886988 0.347182561108394 0.546680511359974 0.637020119012204 0.683024512692099 0.694938524498587 0.696804247171986 0.686658990151008 0.664776021800914 0.631154752281894 0.587783441178014 0.531289710885817 0.462904625958397 0.39842817468272 0.360035145343816 0.345404591496908 0.34859897944971 0.353223425426518 0.350535461103575 0.348195276692918 0.341053248324003 0.328804429007345 0.31891553518637 0.305952244951317 0.301671000696553 0.33314494879465
-9999 -9999 -9999 -9999 -9999 -9999 -9999 -9999 -9999 -9999 -9999 -9999 -9999 -9999 -9999 -9999 -9999 -9999 -9999 -9999 -9999 -9999 -9999 -9999 0.197455029653328 0.141568731087412 0.118131232779831 0.155431246755567 0.275634255543106 0.43582457689165 0.533544601123355 0.415313484521132 0.507315065042635 0.370309682261395 0.299280991320297 0.491037725971439 0.605326741032461 0.692819019258891 0.717950245559337 0.725721400740883 0.732678007914688 0.713746772509568 0.679860581977948 0.634139463219033 0.563050055195169 0.480013588828627 0.395688412469727 0.349851672742537 0.343930308037174 0.348938137668576 0.348625694700231 0.349885507977746 0.342736410985995 0.335909431094718 0.323963002047828 0.316707764345641 0.307138582685127 0.290863785983454 0.308927158547144
-9999 -9999 -9999 -9999 -9999 -9999 -9999 -9999 -9999 -9999 -9999 -9999 -9999 -9999 -9999 -9999 -9999 -9999 -9999 -9999 -9999 -9999 -9999 -9999 -9999 0.199253008697565 0.103638754553926 0.105280304327338 0.154125797976039 0.248627563617576 0.348070538743397 0.353567706366522 0.317497184800112 0.267414211161762 0.233073734268446 0.397844248925486 0.467827190154304 0.60092325806369 0.672834985864537 0.718795826245757 0.751806764313198 0.750762789653319 0.734572438268971 0.689004031177686 0.608276917008441 0.519419611028573 0.428920503301102 0.375900388776975 0.366476822696031 0.354818702575738 0.349931710592441 0.34711285812922 0.342150148204712 0.323220347403612 0.307557913411565 0.297173081485279 0.292423230743563 0.279368952549224 0.288435304863776
-9999 -9999 -9999 -9999 -9999 -9999 -9999 -9999 -9999 -9999 -9999 -9999 -9999 -9999 -9999 -9999 -9999 -9999 -9999 -9999 -9999 -9999 -9999 -9999 -9999 0.331547733264688 0.210864591950175 0.0771433642463294 0.0789275674190144 0.143742451418258 0.164610637245678 0.205015032148047 0.208619910858856 0.157003665412328 0.139308989681548 0.148830830556179 0.189674792568759 0.346834972202762 0.486756157621596 0.672531381247469 0.739986051854764 0.774281026575 0.780638947905825 0.741273947155183 0.661673979602069 0.568339345491696 0.482810234304405 0.423050563347891 0.397085868236723 0.370465864562903 0.35239929069033 0.339529645712434 0.327504193855083 0.307932495226296 0.283719678385749 0.264593104798636 0.267580935395713 0.249376585155261 0.24878882031903
-9999 -9999 -9999 -9999 -9999 -9999 -9999 -9999 -9999 -9999 -9999 -9999 -9999 -9999 -9999 -9999 -9999 -9999 -9999 -9999 -9999 -9999 -9999 -9999 -9999 -9999 0.399779523301601 0.148322204103927 0.0824552235619429 0.0831798152376849 0.133422589595754 0.137782832013415 0.20668893824021 0.097953726000649 0.112917337344027 0.114666265451934 0.0776712601177933 0.169665390201387 0.187771909909247 0.416699287940666 0.583576573142683 0.690825474655195 0.760727358801075 0.749227883610243 0.701298825290783 0.610913057665011 0.527804638790971 0.46214876502927 0.424381573701199 0.38602580666676 0.355875562376106 0.330771591836328 0.309003668696353 0.289083221815257 0.264606819194067 0.248494628699893 0.236210865214037 0.220854604648677 0.209976733890633
-9999 -9999 -9999 -9999 -9999 -9999 -9999 -9999 -9999 -9999 -9999 -9999 -9999 -9999 -9999 -9999 -9999 -9999 -9999 -9999 -9999 -9999 -9999 -9999 -9999 -9999 0.495087305724883 0.314146261294724 0.24071049381202 0.081569026274949 0.0886196634389378 0.0614425358428071 0.0815440315074527 0.0402161652808418 0.0688121431860317 0.0465329827148492 0.0597352536196627 0.119917142849349 0.115547055221054 0.123276351091223 0.207030465953074 0.464401032039311 0.642090878365055 0.700149691130007 0.687586998821 0.635516047806884 0.555585617424877 0.489086164904768 0.443120036273069 0.399429252088719 0.358354014248405 0.321645993030549 0.292465068066042 0.269959543952421 0.248580846022848 0.232833234184016 0.216146530784176 0.206801691671922 0.196747538514893
-9999 -9999 -9999 -9999 -9999 -9999 -9999 -9999 -9999 -9999 -9999 -9999 -9999 -9999 -9999 -9999 -9999 -9999 -9999 -9999 -9999 -9999 -9999 -9999 -9999 -9999 0.516365541480383 0.515363680446691 0.43220176848466 0.158372129431378 0.0779893427443692 0.0475287155252425 0.00324277694098618 0.000187032568251003 0.00724632880485552 0.0517004440910386 0.0722342470367607 0.106269483754748 0.135581589852797 0.119693558638003 0.0418798098746192 0.278756435991021 0.627607279405323 0.665412223566375 0.612366205861996 0.577280578300165 0.513953784482638 0.487795396295447 0.450288024023558 0.407832605051543 0.359993684581669 0.312471639039102 0.27957598055325 0.255751740114861 0.234130350310072 0.218350047639935 0.204480670599509 0.198503202769088 0.205037374572746
-9999 -9999 -9999 -9999 -9999 -9999 -9999 -9999 -9999 -9999 -9999 -9999 -9999 -9999 -9999 -9999 -9999 -9999 -9999 -9999 -9999 -9999 -9999 -9999 -9999 -9999 -9999 0.526063157951458 0.490133148236908 0.33648173667881 0.174385409417965 0.0806729725511278 0.0458589880966727 0.0704773577407506 0.00590221901254598 0.0195662747191185 0.0248054368093311 0.0619741034936922 0.115278952800815 0.125092435453822 0.0691173896897354 0.243925989695206 0.523791789183883 0.568212317576371 0.55518452039775 0.444956214941716 0.453558128288023 0.484813546483826 0.465246012706919 0.418215762993846 0.36685645289374 0.310740832312793 0.266550271425493 0.244772858459393 0.226292340564856 0.21500939743126 0.20001233384003 0.193425562058867 0.19719015089773
-9999 -9999 -9999 -9999 -9999 -9999 -9999 -9999 -9999 -9999 -9999 -9999 -9999 -9999 -9999 -9999 -9999 -9999 -9999 -9999 -9999 -9999 -9999 -9999 -9999 -9999 -9999 -9999 0.45922162984881 0.423022162863595 0.338400059242997 0.233961748656981 0.305690060026462 0.110987455842239 0.0870332294381781 0.0750178544215708 0.0221468374361013 0.0220756294505806 0.0533296781443542 0.117815949405201 0.120872403872383 0.147604868421168 0.207334410860356 0.280970674551277 0.495569502119467 0.464603356248382 0.47152452014538 0.501293271755249 0.480178525016668 0.429760883085384 0.376266209621059 0.322626104749063 0.270272198758092 0.237315378240404 0.211127325933361 0.203892787594433 0.191321493569304 0.180969379789614 0.193568218512887
-9999 -9999 -9999 -9999 -9999 -9999 -9999 -9999 -9999 -9999 -9999 -9999 -9999 -9999 -9999 -9999 -9999 -9999 -9999 -9999 -9999 -9999 -9999 -9999 -9999 -9999 -9999 -9999 -9999 -9999 0.428108182610745 0.403177608815097 0.398630874689055 0.342460852466549 0.29099810630238 0.147746957012448 0.0417458857842544 0.0804665740733746 0.0210051816650528 0.0710402236546471 0.0917168429994323 0.11256488671808 0.0761317191470573 0.0577524017576256 0.358025270639775 0.357996989763725 0.365418489831663 0.468653832537143 0.492568871892928 0.438815953828265 0.385327337081861 0.338436208828466 0.28519448881859 0.250776225809427 0.21783233611309 0.196304257115305 0.187464898789797 0.169749391151169 0.192370098261976
-9999 -9999 -9999 -9999 -9999 -9999 -9999 -9999 -9999 -9999 -9999 -9999 -9999 -9999 -9999 -9999 -9999 -9999 -9999 -9999 -9999 -9999 -9999 -9999 -9999 -9999 -9999 -9999 -9999 -9999 -9999 -9999 0.37879691271381 0.557576401316788 0.45284263973863 0.341623994190794 0.180000742188333 0.209439536693674 0.000848888149221647 0.0178104497264415 0.0603452936466606 0.102130726592441 0.0971357927467722 0.0750652178485048 0.244259725789603 0.236375359579077 0.105494880411265 0.263425614675403 0.472350474810014 0.441098655631207 0.390604720150153 0.346615408238683 0.297908696906427 0.264939727524616 0.241551893177374 0.221563221395183 0.20472024239589 0.195915425083587 0.202038370342065
-9999 -9999 -9999 -9999 -9999 -9999 -9999 -9999 -9999 -9999 -9999 -9999 -9999 -9999 -9999 -9999 -9999 -9999 -9999 -9999 -9999 -9999 -9999 -9999 -9999 -9999 -9999 -9999 -9999 -9999 -9999 -9999 -9999 0.617067660460721 0.492112325226647 0.540348268632729 0.473383980427798 0.217945302703693 0.0494989551354321 0.0131662013567809 0.00980207704506643 0.090092020367349 0.0684571154803369 0.0938605628203383 0.0782353648141772 0.0758790345535172 0.150819555636576 0.120181906241627 0.0433743931699546 0.251901032866521 0.335690599764939 0.33682320015581 0.296453372891132 0.272292556431107 0.256244160145065 0.239128700446823 0.22708586179589 0.219054875297319 0.204701407605217
-9999 -9999 -9999 -9999 -9999 -9999 -9999 -9999 -9999 -9999 -9999 -9999 -9999 -9999 -9999 -9999 -9999 -9999 -9999 -9999 -9999 -9999 -9999 -9999 -9999 -9999 -9999 -9999 -9999 -9999 -9999 -9999 -9999 -9999 -9999 -9999 0.492243708803149 0.446706280810153 0.327349559016864 0.0920496692444524 0.0533710580995192 0.0813502602834474 0.0993796393316974 0.110081478991457 0.111721753033721 0.0660061975064435 0.114261963699969 0.141026599720344 0.0707509117447037 0.0753436106978726 0.199814551817859 0.244653683786249 0.271259596136453 0.277603275819609 0.263509766928976 0.247753127148984 0.233738935959027 0.228249328712929 0.223072293678291
-9999 -9999 -9999 -9999 -9999 -9999 -9999 -9999 -9999 -9999 -9999 -9999 -9999 -9999 -9999 -9999 -9999 -9999 -9999 -9999 -9999 -9999 -9999 -9999 -9999 -9999 -9999 -9999 -9999 -9999 -9999 -9999 -9999 -9999 -9999 -9999 -9999 0.638145227277079 0.615990728207371 0.396204952901847 0.0608247923766399 0.0396320409848627 0.0779549232445812 0.0915919745329059 0.107145414194772 0.059818128918824 0.0225052839559646 0.0827333365264691 0.177010270388371 0.205606862696839 0.209014275387966 0.158874004741657 0.218848912814762 0.288404672926757 0.272861126042331 0.253421902477642 0.247007134424418 0.238628851731628 0.217190278857475
-9999 -9999 -9999 -9999 -9999 -9999 -9999 -9999 -9999 -9999 -9999 -9999 -9999 -9999 -9999 -9999 -9999 -9999 -9999 -9999 -9999 -9999 -9999 -9999 -9999 -9999 -9999 -9999 -9999 -9999 -9999 -9999 -9999 -9999 -9999 -9999 -9999 -9999 0.655803829261888 0.489229838853788 0.127656973861604 0.0449473757065576 0.0939580427680655 0.108330712871959 0.0987589286239617 0.0654045905395161 0.0249702814837251 0.058444349026291 0.160488471654718 0.201227183110022 0.179439438696105 0.14058912448057 0.223483597441093 0.295164697931247 0.281160293803722 0.263250888746929 0.258209355466702 0.243986819055426 0.240063309744443
-9999 -9999 -9999 -9999 -9999 -9999 -9999 -9999 -9999 -9999 -9999 -9999 -9999 -9999 -9999 -9999 -9999 -9999 -9999 -9999 -9999 -9999 -9999 -9999 -9999 -9999 -9999 -9999 -9999 -9999 -9999 -9999 -9999 -9999 -9999 -9999 -9999 -9999 0.545492918517346 0.464466250218104 0.19183293118681 0.0449243773237659 0.0728058351697727 0.10781673896842 0.0911511366193467 0.05836402076135 0.0116518405247342 0.0098154739591403 0.113095045791261 0.133062713514863 0.113294749385156 0.190733697966527 0.252819002519944 0.290471199440847 0.28857947218826 0.275376272955603 0.258524775509821 0.253255341420987 0.252243415154158
-9999 -9999 -9999 -9999 -9999 -9999 -9999 -9999 -9999 -9999 -9999 -9999 -9999 -9999 -9999 -9999 -9999 -9999 -9999 -9999 -9999 -9999 -9999 -9999 -9999 -9999 -9999 -9999 -9999 -9999 -9999 -9999 -9999 -9999 -9999 -9999 -9999 -9999 0.504706423400242 0.472006938757561 0.305868785771264 0.0881678771793613 0.0680153708773282 0.0951451808100338 0.0734694203259497 0.0386779007105504 0.000941802240388669 0.00222003557353966 0.0417740353583474 0.062380694945173 0.0984854366659885 0.196510302907596 0.237270232243228 0.284697671660271 0.293994376402508 0.269461718392946 0.2614928201521 0.272046424992934 0.278054169585256
-9999 -9999 -9999 -9999 -9999 -9999 -9999 -9999 -9999 -9999 -9999 -9999 -9999 -9999 -9999 -9999 -9999 -9999 -9999 -9999 -9999 -9999 -9999 -9999 -9999 -9999 -9999 -9999 -9999 -9999 -9999 -9999 -9999 -9999 -9999 -9999 -9999 -9999 -9999 0.409437631349164 0.363528970129905 0.117088922203354 0.0457818756133749 0.0779528187812218 0.0395994025479668 0.0451294187776644 0.0046306832861669 0 0.044878726240725 0.0605374133910945 0.160363416898537 0.21039017868963 0.237300857416571 0.310196470997533 0.282634813102448 0.283635582199601 0.274956281558502 0.286295365476376 0.292895709493708
-9999 -9999 -9999 -9999 -9999 -9999 -9999 -9999 -9999 -9999 -9999 -9999 -9999 -9999 -9999 -9999 -9999 -9999 -9999 -9999 -9999 -9999 -9999 -9999 -9999 -9999 -9999 -9999 -9999 -9999 -9999 -9999 -9999 -9999 -9999 -9999 -9999 -9999 -9999 0.443493678292776 0.41839438196422 0.166166972302519 0.0366606813434621 0.0610642393420595 0.058687949360136 0.03998756248907 0.00165922618272451 0 0.0485514871342184 0.0245496385569381 0.128816370992187 0.245166745134306 0.244537603442907 0.293544917970743 0.291357453129086 0.287024170336714 0.292261639957299 0.295097066590154 0.29438580293923
