layers/veg_krg_50/veg_2100.asc
NCOLS 128 
NROWS 165 
XLLCORNER -2985163.8955 
YLLCORNER -3022031.214 
CELLSIZE 50000 
NODATA_value -9999 
[rows 52 to 77 of 165, columns 58 to 115 of 128]
0.547953594769668 0.641265371046195 0.420078682743447 0.475779728580669 0.515749460228833 0.552106922618316 0.502079388575302 0.584834984431096 0.613496416817514 0.637250330686012 0.63210947823389 0.628560703519989 0.573028270403933 0.569940869400295 0.593682619380787 0.630395403486667 0.586900281609075 0.610936435330751 0.650071730345804 0.630034079834886 0.586506646822919 0.611250644360316 0.64102611129018 0.670700601028215 0.638930743689633 0.593010159438539 0.593824043913624 0.54694733394541 0.504848310232933 0.4346661987309 0.36950978067247 0.369220598270843 0.35973969960847 0.33531253573164 0.331161344741943 0.32495837884537 0.309833490560798 0.267383820789328 0.281399451739013 0.309559472376631 0.338765580626927 0.340314942312426 0.352793248697869 0.371956035291454 0.420514408964169 0.46637983864057 0.495136361273566 0.51266105219738 0.523346162788152 0.531849474945945 0.555251511285217 0.578539312613842 0.597771215195226 0.622798609472495 0.666132435779958 0.695977183535859 0.73665276224748 -9999
0.524206255226394 0.527683362661296 0.49534075928184 0.478267331828193 0.480949053951685 0.444515674747427 0.450028185646016 0.551636981877321 0.573200099435802 0.58908102614737 0.599858992798009 0.604497711277636 0.574794837564478 0.561719808901335 0.58281184807895 0.592152644668108 0.611785269464782 0.639636429304147 0.66356602323651 0.627021352810687 0.615422251203142 0.637189462624945 0.647514702429265 0.638950693605819 0.597105852796019 0.55957250269014 0.542124054428526 0.504982458835218 0.452799010449132 0.401783911941955 0.360716352832328 0.352946577168645 0.323937089922494 0.300328290061411 0.279711095575873 0.297139555863242 0.256032736196567 0.207369242480568 0.22370642011404 0.259649176619196 0.305747620874435 0.313565043624784 0.342632779039802 0.384733250706183 0.412246757796343 0.46331774049585 0.489939843843688 0.516838320026403 0.526376009977323 0.541540675238709 0.555416945007079 0.555009146553192 0.566614943362001 0.605474116341383 0.635547849643298 0.687138311259294 0.723501838770371 -9999
0.479465997042005 0.461898472489069 0.483985860038398 0.449242365917743 0.435765563616661 0.507343030854637 0.505787158464202 0.551144492244608 0.581609113976494 0.592871661267086 0.572835622414069 0.573601101148223 0.568346167062025 0.572257881771381 0.569988025501203 0.581028841753947 0.617839629379745 0.619544318687118 0.614916655505186 0.584391866602348 0.59162346407246 0.628232147209548 0.621752887299045 0.587092831568935 0.541196564510771 0.506852669072249 0.496410618559015 0.457240492587489 0.428611937452603 0.390773593900233 0.341101719044635 0.322154501577991 0.299741488009531 0.279606835408205 0.262110677360192 0.214819080460798 0.179216064183961 0.18214937362182 0.170179653094586 0.228484291595701 0.259553087352211 0.299223083664734 0.340091682222052 0.381913313463596 0.404774860204887 0.439631593467201 0.474754045459115 0.509133116178804 0.524333165410419 0.545185663387149 0.555966547395964 0.546721528865381 0.548857310618361 0.601429812388183 0.630693467673545 0.681027625483494 0.681420500627139 -9999
0.453934999971221 0.489173826798369 0.511662271072963 0.513275712385817 0.490143242933864 0.524189991479993 0.549146550640486 0.585988242458924 0.585288783190118 0.578777990242566 0.55521296975178 0.545865290610212 0.548791494174599 0.585108919641365 0.571814056982479 0.577048189607771 0.598065924838313 0.595173822080346 0.592329519669535 0.564990367548804 0.56371265760256 0.605353071241404 0.57422702927167 0.542147538719623 0.509404150640208 0.492708486147793 0.474622368252479 0.434087984136666 0.406862439239875 0.372412067832855 0.321341324562843 0.285853571273887 0.262147159145327 0.243492463599005 0.229882290777564 0.205020061775046 0.16171705329495 0.154046964283545 0.167455251059115 0.208822558881674 0.242581278978215 0.27997392307309 0.304994152289865 0.359560468454909 0.392363267248641 0.423024935446391 0.459013401679714 0.497209316745308 0.529207574869651 0.533686115044153 0.563089737445574 0.549982659116014 0.568159357316222 0.615498884051805 0.647080805715047 -9999 -9999 -9999
0.515269994434186 0.533457430096809 0.526069658611391 0.540552176164001 0.548242893698697 0.564587103886989 0.587726167433401 0.593456748483815 0.583915596248952 0.553076975514218 0.551482353763467 0.545479301091548 0.544309112848179 0.573462165296065 0.574703235594505 0.579579572262137 0.591269747640835 0.582632847716384 0.574463433492917 0.563166998587178 0.550307638708664 0.555295782310457 0.556724500780825 0.534722839725 0.501117083844281 0.481130506698437 0.441152286508757 0.411526781867142 0.371817928894048 0.337456222116526 0.291242859763601 0.243160992314662 0.220774996526026 0.222205557193804 0.215674381149083 0.179251222812252 0.140426215065444 0.13318579249823 0.159344965757255 0.193833098836838 0.215112056576764 0.220003210059444 0.265736484143065 0.304455330872635 0.376452090644473 0.415295050693517 0.4499092592176 0.495494655026948 0.538435225308562 0.566166637024575 0.580310551465738 0.585900984973635 0.605499023300686 0.644205531310305 0.670635645175756 -9999 -9999 -9999
0.484287221867554 0.491028051374131 0.504581553582035 0.50151336488876 0.521900566561606 0.546835650252007 0.559094681678215 0.574606397167059 0.558653829397884 0.538870072255787 0.538568225606225 0.522580943666342 0.547570286225277 0.560704825882458 0.566902270363915 0.573415555725758 0.579415482380532 0.568513006940508 0.540376920061366 0.531469259003339 0.534592208812719 0.540650650015896 0.558571163241826 0.534095294683871 0.493668239363171 0.471128924828053 0.435601839258989 0.379817065712787 0.347504296179455 0.30628764419126 0.251810074777623 0.22449207061233 0.219495056507692 0.201722024478622 0.195734064339785 0.176596239279981 0.155426607912967 0.152248651096525 0.175119224196818 0.186773867590758 0.20255591686977 0.222951160803044 0.250200008738764 0.296522022599282 0.35924012725859 0.415973495758759 0.438672129396444 0.475811672808105 0.527190332588596 0.55167422270645 0.58968622972582 0.598581275470237 0.622515701020625 -9999 -9999 -9999 -9999 -9999
0.431669545864347 0.456628541562236 0.466068970890809 0.475418161578837 0.498780031136255 0.517383739657501 0.529574857265824 0.538927621467572 0.52572450217922 0.505111618084492 0.524397366472676 0.511401311580625 0.528864820256166 0.554465018320511 0.56625284621434 0.566494586764544 0.547900901202147 0.54185981334697 0.530419191640048 0.519844885635731 0.542695273817272 0.558818966465956 0.550341565681599 0.523716142742478 0.48633990386952 0.459497616815229 0.429094380818294 0.403364871163832 0.364451379103828 0.306620653710596 0.25825084803653 0.224150826741172 0.226217800106409 0.2048619556772 0.204173635659221 0.19519406431677 0.183455266199611 0.190785828783418 0.146443139353961 0.177786641896713 0.201597864482169 0.224934363010615 0.2486940907665 0.315116937847517 0.360472863752983 0.40747357807998 0.435742036763818 0.490765103065121 0.522030884479993 0.542172377888167 0.588467413683214 0.593773283283315 -9999 -9999 -9999 -9999 -9999 -9999
0.407398312291974 0.367419671541671 0.409723154238181 0.436367606470355 0.463684200044677 0.481900068778063 0.492014768043979 0.503853891863377 0.490759299548497 0.483439191076857 0.505963817839584 0.504023319866228 0.518396225261417 0.534839663609379 0.540953175469655 0.539698825120759 0.535119624271952 0.527819365608313 0.529861181047612 0.52513501123068 0.55247999355177 0.563199801560421 0.520091983253149 0.487911456170986 0.465743542743324 0.462311992413318 0.470284858047339 0.388355254029662 0.338196075648006 0.319808128850864 0.261961107495542 0.230256628752433 0.231238610102821 0.237824675159785 0.211562650321723 0.192213547940464 0.205029880663619 0.214458924159053 0.138232327080559 0.166832228001943 0.216928184522783 0.227265630021868 0.273724960249501 0.324765215373466 0.348150637521811 0.386867442487368 0.426553240481786 0.49951167091347 0.532672113269451 0.546391342640168 0.59161319751961 -9999 -9999 -9999 -9999 -9999 -9999 -9999
0.39008336188958 0.373701396425997 0.34498461854474 0.405166044516884 0.429849901752344 0.444313043733313 0.462021178560651 0.462054311322764 0.463204947905738 0.449802930801682 0.462856085138124 0.484432510372865 0.502875999194108 0.511430393211776 0.516644976945857 0.519504370568216 0.52730718461201 0.539318234182647 0.541737201396376 0.54138621711514 0.552434581162518 0.525177318826776 0.504185053524987 0.461035050595839 0.47245879329402 0.469230177293771 0.435115215346427 0.426877267109354 0.370952878816802 0.350185482550149 0.267790856943246 0.244244011727485 0.255306400879486 0.243197052135321 0.187736698685584 0.183592722697349 0.226527540138855 0.221942482080264 0.175770686139316 0.15672509405811 0.215790354952261 0.248421944376724 0.313380809489823 0.385967685524565 0.380761344012595 0.400988142161238 0.418271930767763 0.467628321006621 0.502872198537344 0.585238586603836 -9999 -9999 -9999 -9999 -9999 -9999 -9999 -9999
0.366463900328698 0.341162945675784 0.307759746782233 0.347735751961495 0.375613287103719 0.399636095412836 0.419789893652971 0.425586146170364 0.427541700367356 0.431182632909798 0.447081942205458 0.457430242343308 0.486628382899948 0.496098730486546 0.497640485575499 0.505209863371942 0.519603138148387 0.532615426657651 0.525350990680125 0.520808688845558 0.52472947147261 0.515000229257839 0.48321110419384 0.451583320137659 0.450525994394883 0.440648301280196 0.45541528892129 0.430319334391368 0.371834990490373 0.325708315568442 0.263622088604928 0.256543667015921 0.251289270423607 0.22286045965499 0.20815860272332 0.226301882934925 0.251880885253706 0.185522658912116 0.25275908245431 0.142551272829593 0.222219236053688 0.293508594180758 0.354879206825084 0.435398787594624 0.455488533874803 0.497143127819228 0.509269860942224 0.510936611569177 0.530890964545677 -9999 -9999 -9999 -9999 -9999 -9999 -9999 -9999 -9999
0.329858007261745 0.323404497502412 0.283934090937668 0.298985465924402 0.322895266666435 0.344177496094686 0.354699770265256 0.382461034749344 0.407689049683214 0.412050091165978 0.417217457944887 0.428250953855928 0.459109945806963 0.474200184645745 0.471940754483385 0.492159630884914 0.519777088141902 0.52224182160623 0.503131325619854 0.531919587493766 0.531853561389988 0.520952689285589 0.519896995657479 0.472107257424833 0.417814317090308 0.435147773111197 0.435201285175147 0.366815221203671 0.385089116670842 0.344573700428734 0.270453096347121 0.255664832835003 0.254317128720791 0.257844064157363 0.257282597013679 0.279529173960987 0.278173495366862 0.226882358789982 0.267174475648926 0.18177228401617 0.240303055619173 0.316941996002221 0.366263048972651 0.433697818823005 0.459676559161522 0.540262088328921 0.581319187587181 0.587679370415445 -9999 -9999 -9999 -9999 -9999 -9999 -9999 -9999 -9999 -9999
0.285397885321075 0.295581239954427 0.275082615226507 0.259967921226697 0.28204595198746 0.294897308493969 0.341034120750681 0.371076188542671 0.388347594835689 0.390869171410769 0.397539160027169 0.403091541055105 0.441283547998815 0.454405098470527 0.43825198757444 0.448939254163553 0.46899634250359 0.48451566027438 0.494042676115225 0.523554401130032 0.528261655396782 0.528698846024258 0.548378345291395 0.482428553091335 0.426124548834295 0.447723918144711 0.419076658029225 0.29728693213865 0.314129246238186 0.321371879834603 0.275954032617671 0.270774642485035 0.273452099987394 0.276806090228599 0.290068064641957 0.293893232827173 0.294747580230511 0.256849805895562 0.269561753385427 0.230696919577886 0.259464598049486 0.329280439934031 0.3801385681831 0.387398160872344 0.428904567383248 0.516238089316558 0.604046310499559 -9999 -9999 -9999 -9999 -9999 -9999 -9999 -9999 -9999 -9999 -9999
0.263151542636938 0.25224992407624 0.26251332469879 0.251477305794774 0.261809284657087 0.281617271752383 0.347240238093273 0.370672982647145 0.379000718150407 0.386402502221189 0.399450821558583 0.39868345047619 0.422262378537478 0.415637129871106 0.421255142799777 0.418238871308344 0.441213390645732 0.480873753063683 0.507455441347745 0.51078237841627 0.519026881282358 0.547469383742633 0.506211916613669 0.437783548312899 0.409860575818353 0.39132680637197 0.363394773941662 0.309356387415878 0.329896294240343 0.329561209178376 0.292474741638484 0.288185712273795 0.297172786557082 0.303101139828058 0.319727083346691 0.324309805847238 0.326824890726573 0.311172316785551 0.290101461237505 0.361603093925838 0.368698147062402 0.395827732578275 0.403044686290343 0.419061077533249 0.454011654353404 0.476423627102281 -9999 -9999 -9999 -9999 -9999 -9999 -9999 -9999 -9999 -9999 -9999 -9999
0.253955243895256 0.253903675866388 0.252934806913804 0.254423851248136 0.271962690591598 0.305769940184295 0.341385468857926 0.355299491946878 0.358945495381496 0.39336702870971 0.384017065967865 0.365126464157814 0.358889664023175 0.406003223576905 0.415778052313232 0.419477014499689 0.439295973592621 0.451073598878201 0.511683922447166 0.502910324725822 0.511325541652671 0.480006436039391 0.405956200194472 0.415540950258005 0.393058682448331 0.349577886607727 0.314253393159735 0.357645977664662 0.361609876703906 0.325272873857873 0.313279459721415 0.307015193000767 0.311862252722225 0.320010887717035 0.324803123970105 0.333107594599228 0.339766899119718 0.301523276750984 0.374654850392017 0.419488586511289 0.435070776378375 0.459853101429168 0.445096784134749 0.46608797932481 0.477790186459447 0.510370205060593 -9999 -9999 -9999 -9999 -9999 -9999 -9999 -9999 -9999 -9999 -9999 -9999
0.232853888941064 0.235942514081534 0.229284273114251 0.228212571092145 0.261250190501817 0.291133847318631 0.315633681720819 0.341238503987789 0.349844090350364 0.384469259082706 0.36252921079713 0.338122290388731 0.360358923534764 0.379996021878565 0.388901577893192 0.405592227672895 0.435666802768288 0.44112382229777 0.487259366813763 0.48443237436437 0.491084019319283 0.413013238794743 0.385369549771836 0.39524915443337 0.39002337909865 0.364983272228663 0.341156817790693 0.369499858286975 0.363996844882808 0.346172011892587 0.339377988943474 0.340782134746676 0.340944931212926 0.349524855107941 0.3580098882331 0.367744544850361 0.37372269491412 0.358703066437045 0.407358302868478 0.429709095365787 0.450662208023802 0.45529425688805 0.42275289988778 0.514765992993013 0.52462550593069 0.525602381166705 -9999 -9999 -9999 -9999 -9999 -9999 -9999 -9999 -9999 -9999 -9999 -9999
0.219267730356226 0.221263235271687 0.218386277239633 0.220033852034436 0.25246424119992 0.277822722883282 0.283658738528537 0.311089624093475 0.344259938075526 0.359410853522165 0.347100392722849 0.341719666406793 0.374673835331153 0.370665942886495 0.359436121511335 0.392921337044295 0.438823669116121 0.429453317792362 0.458892661599287 0.449470045921549 0.445051612870684 0.418312199917701 0.365775231122203 0.378023620076488 0.378297133853753 0.355770997923181 0.324484477971788 0.364985999276497 0.389220320214869 0.431065614839704 0.4338773678129 0.431453642344925 0.45397382514016 0.46466180382063 0.430278569745169 0.435833187865367 0.408352077386265 0.376081951363951 0.397625601796128 0.464566841621625 0.449438230827677 0.45844700600686 0.500640926633048 0.529783968424279 0.54681296121571 -9999 -9999 -9999 -9999 -9999 -9999 -9999 -9999 -9999 -9999 -9999 -9999 -9999
0.207561118236985 0.211294421770111 0.217514112543502 0.232154297014184 0.249358369885349 0.264416531161362 0.264585656665687 0.298266660418133 0.325225472955137 0.33273582625774 0.334579577641526 0.330784069156472 0.364805050698231 0.36418479282684 0.358161024407949 0.375159328298944 0.416768473399938 0.39710788806976 0.434207061077075 0.425903909064148 0.410212461166153 0.382683393804767 0.370609330209863 0.367988276636688 0.37671487601442 0.370245022382224 0.358550061645311 0.375398571148218 0.395636628931913 0.416104238623953 0.449886535286384 0.445628585361262 0.456963739776951 0.456621923336877 0.462838938975449 0.520247771903763 0.50336858682853 0.473616925128443 0.495645691917317 0.533544810119139 0.494427242093906 0.540263832356934 0.566073492785579 0.577277709361739 0.586846248174704 -9999 -9999 -9999 -9999 -9999 -9999 -9999 -9999 -9999 -9999 -9999 -9999 -9999
0.207480194989793 0.20543621404854 0.198735494143277 0.225204551186736 0.23954264419543 0.247591229939182 0.258141592027598 0.282090802367157 0.306377843195248 0.3196713067476 0.326886084106256 0.329352250379643 0.344044584308927 0.345363265408757 0.334025024824978 0.366927851306071 0.397810006831937 0.407644856819688 0.408824764645715 0.414697397431914 0.407528864465534 0.395090747106685 0.381347985420095 0.396022799956457 0.390493216979071 0.385890395190454 0.383659221995491 0.389484518360029 0.433234101667135 0.420663501636426 0.440417616861242 0.43448053451712 0.424701495680231 0.419492061011058 0.437217189388232 0.491662065970853 0.507673442580798 0.567544065792937 0.609492072551116 0.605049172930697 0.591769889156792 0.567834315470781 0.584704505751246 0.679508812620129 0.684625452420309 -9999 -9999 -9999 -9999 -9999 -9999 -9999 -9999 -9999 -9999 -9999 -9999 -9999
0.204004198900896 0.201434707960572 0.200285086728228 0.206912755297111 0.220904524171278 0.235535970512906 0.248731889329092 0.264868955329991 0.290517168559994 0.312754295771587 0.330851745310553 0.333023071476523 0.333649692208785 0.310391605016204 0.3238453702801 0.355897000175602 0.382379091961029 0.355439763106698 0.372090582722806 0.393240178876146 0.411541697116021 0.413449906124113 0.396742545588272 0.411314833979466 0.408400282016038 0.411925499172927 0.397748279961283 0.407287059863762 0.452391278664983 0.475639306181712 0.443830852729553 0.43452576371484 0.396358325227288 0.375135670353609 0.386356790639418 0.444493245877875 0.537234663221348 0.652515792459966 0.663487874758135 0.715182062716196 0.760040406337563 0.714557453366005 0.646411690235249 0.74857181784168 0.756121983758871 -9999 -9999 -9999 -9999 -9999 -9999 -9999 -9999 -9999 -9999 -9999 -9999 -9999
0.201737794671678 0.196559613646228 0.197979017087179 0.201589317958229 0.20780591665207 0.2215429823875 0.236912084503669 0.257648820483824 0.284788964958056 0.30622885710279 0.322106205809799 0.351938527781108 0.333114986531536 0.318717792779664 0.342514235424786 0.352281007887081 0.366849777540606 0.401685686217559 0.40830225479788 0.406332838619328 0.419123765201633 0.427930676327485 0.431882465436305 0.436461508079498 0.43181924891141 0.434224943281691 0.416291848263521 0.431433510721382 0.474974059247586 0.48759752615241 0.458020190504482 0.424466377040731 0.382161319857761 0.355362460261173 0.360328065382826 0.424758522090861 0.564553694587083 0.681648150124287 0.748705346377858 0.731561083526513 0.733823376744889 0.709799451669362 0.746751025627197 0.771990826454831 0.76093559105633 -9999 -9999 -9999 -9999 -9999 -9999 -9999 -9999 -9999 -9999 -9999 -9999 -9999
0.201701227433205 0.197864250728807 0.211637423236896 0.217967139315603 0.211237200188399 0.217474240998384 0.244596674915196 0.261328003145545 0.275676464104159 0.306986589445343 0.32556713897046 0.340721686699468 0.322963627270174 0.33793001268694 0.347602855970629 0.359005597210919 0.387133433013229 0.399947992046147 0.403791766083704 0.41728004459901 0.430719678431656 0.444464937015854 0.479585958666662 0.462171447024665 0.463050675816247 0.463822232608508 0.443789520901081 0.445114474060637 0.499405363608635 0.495505523085391 0.44970780640223 0.417249123010296 0.365945505600171 0.254140150277295 0.343090162884567 0.468987042428254 0.592692943608216 0.681161154438532 0.705256573189515 0.737281344710889 0.760467574343757 0.73696422533576 0.755809231443301 0.772176159288918 -9999 -9999 -9999 -9999 -9999 -9999 -9999 -9999 -9999 -9999 -9999 -9999 -9999 -9999
0.217003975420653 0.2208983472444 0.233458648660394 0.239393056718298 0.23456668830476 0.238566952182027 0.25830046781493 0.267309272744143 0.280919068243652 0.308849706574538 0.326636397377283 0.331576435847589 0.313832797612182 0.327135188273863 0.344040616910547 0.36563888376998 0.392015961563041 0.383940846281517 0.409010607632197 0.440199871073783 0.445671379920543 0.46185180742088 0.501143891638969 0.489378612257828 0.490700778639456 0.493037271688506 0.481918443936404 0.476766606751878 0.495067634488385 0.483872971457773 0.441786604698644 0.422273327339336 0.362195124877418 0.23742822472981 0.300235343486453 0.455232710320959 0.589177429488436 0.684243577029091 0.705738799662418 0.780849836214148 0.788151435305094 0.775132690195823 0.778560545445917 0.784634497381077 -9999 -9999 -9999 -9999 -9999 -9999 -9999 -9999 -9999 -9999 -9999 -9999 -9999 -9999
0.223218384748987 0.24296388564805 0.26024200161433 0.257545558992944 0.257410227539902 0.253740347789651 0.269537744297135 0.280378466607683 0.289847340485729 0.314193597509769 0.33555351866702 0.309102054190806 0.301922766373184 0.324889447496607 0.344212914495353 0.371345958827398 0.392811436260881 0.388680993697964 0.418733149210853 0.455005236378898 0.466681184044183 0.475224219091692 0.513301399285696 0.507337304932793 0.504369916680045 0.51323621228653 0.509931815076576 0.499398732859876 0.513138678232048 0.49890712902194 0.47808399529799 0.431914722327908 0.385018498514487 0.351931735882602 0.329038955321217 0.473523007074813 0.615815423465416 0.746187470744831 0.739691212974909 0.754983509762713 0.767177521838616 0.77429009487855 0.781083078691401 0.788148494661543 -9999 -9999 -9999 -9999 -9999 -9999 -9999 -9999 -9999 -9999 -9999 -9999 -9999 -9999
0.238587537247136 0.276922389791238 0.28802004327234 0.281562806363872 0.27921199977073 0.28070289200857 0.28995390203766 0.290826142016606 0.300146618031424 0.323063601574836 0.329335879538835 0.31468465740575 0.31486654236883 0.326021445802529 0.350784006464454 0.380480266766175 0.400509050218616 0.411675094535725 0.421834583671106 0.471761912199582 0.487142513998961 0.491730013147014 0.518655846922847 0.520429281697759 0.509894220707053 0.519979722296805 0.532677055724326 0.533109438674119 0.575306665227907 0.531735536751363 0.495903360328925 0.454121818407879 0.390011706480888 0.404158489634711 0.378109596645337 0.526778194229245 0.607473086798017 0.736028460757566 0.758406170575937 0.721711351867523 0.755128475058471 0.768802713037903 0.783133159435622 -9999 -9999 -9999 -9999 -9999 -9999 -9999 -9999 -9999 -9999 -9999 -9999 -9999 -9999 -9999
0.291105734619323 0.305223240568144 0.315015544529287 0.297931543102804 0.290091694069481 0.293738650615013 0.301716983274567 0.299208036490202 0.318272868196218 0.332270240571299 0.340734336817747 0.3092552639335 0.329350705376268 0.333300129219255 0.354756988606213 0.392784776095125 0.414379107057209 0.435294644516727 0.446387900187187 0.481384392739043 0.491205677233712 0.50958732177966 0.561244122955485 0.54062006827659 0.531581955110358 0.542488857142182 0.551362374554343 0.559928128654208 0.575022630995282 0.545280660651683 0.507124787302624 0.45032659578029 0.394765375030443 0.400607510248366 0.431594205800497 0.545239709704169 0.6384406468645 0.718986080419079 0.729793976154454 0.691852752716946 0.713306753997696 0.75177571423206 0.758041165749853 -9999 -9999 -9999 -9999 -9999 -9999 -9999 -9999 -9999 -9999 -9999 -9999 -9999 -9999 -9999
0.326150759263496 0.33743615641939 0.331353109219336 0.316273588880974 0.320473766588017 0.32755224168093 0.327925186198651 0.317527037907898 0.323437275916903 0.335281159174769 0.3279282246642 0.339299495189324 0.313420953291834 0.336221450594195 0.377423489758842 0.409110731581952 0.435174128009112 0.466844076771857 0.476996471881727 0.496955216271057 0.502638637070746 0.539908017949361 0.558477053454527 0.575069412158238 0.568578192292694 0.577229503754279 0.568292522115261 0.538167430497524 0.55308517830713 0.536980807248442 0.499069379579982 0.455134540276879 0.40969211624262 0.37049932425888 0.422613965610096 0.504869396195865 0.626882464569013 0.63121400714641 0.611208841598647 0.664807578561417 0.666419793830267 0.709812830790617 0.734922288317318 -9999 -9999 -9999 -9999 -9999 -9999 -9999 -9999 -9999 -9999 -9999 -9999 -9999 -9999 -9999
