layers/veg_krg_50/veg_1700.asc
NCOLS 128 
NROWS 165 
XLLCORNER -2985163.8955 
YLLCORNER -3022031.214 
CELLSIZE 50000 
NODATA_value -9999 
[rows 52 to 77 of 165, columns 59 to 117 of 128]
0.676907534918007 0.458411946715322 0.509365601877914 0.543539441628404 0.585820625822965 0.56796687063836 0.657064054161148 0.682373936923469 0.702674889834656 0.70009407344693 0.688122238942266 0.654145101146467 0.64089265112856 0.632498744342256 0.652706411202957 0.639879908626979 0.691596084514795 0.737997079020449 0.709158554466033 0.657928557158818 0.673682285074285 0.689773693750478 0.691377085385561 0.653309552138278 0.598653462253 0.595822562876721 0.549934958100721 0.497667486597608 0.414588322984489 0.33975670574306 0.360353975044394 0.341117848759054 0.314903880037982 0.312939306807967 0.311387909750925 0.30041646716033 0.260145196628141 0.273632121296385 0.300405045905434 0.327879970258713 0.33023662419933 0.335278641371455 0.364992263060129 0.412093670541604 0.453905509520432 0.482944096043239 0.509417450815189 0.517343308386951 0.538342858160142 0.553513289326132 0.570340189273716 0.592330917717982 0.621501979497725 0.664816000496315 0.686480342260327 0.718331167242238 -9999 -9999 -9999
0.569708326236508 0.536305559061323 0.519230883834302 0.530110872501811 0.476355755859794 0.430872279706831 0.600255762677625 0.637410257167085 0.648323479117004 0.682587267799081 0.654163596679434 0.615178708677138 0.599653006352872 0.591593995698057 0.613182082525216 0.649875697442812 0.668614963010701 0.689850483593276 0.656549259284904 0.641712664533846 0.653750673826206 0.650982044850021 0.654388989874207 0.618699448858504 0.58423168366099 0.587789295870672 0.529866002191182 0.473652558924389 0.393163888328994 0.331471258966896 0.35355279564195 0.314853333723565 0.280413534780732 0.25148022425272 0.282102820424684 0.249695662185155 0.218241540496669 0.231386291635921 0.264484827862957 0.298415089358999 0.308346808855543 0.332343061020856 0.378094578655068 0.409262728340522 0.454945084478591 0.48372057139796 0.509499743556002 0.525624582007291 0.54023503122164 0.547033357430386 0.539525798009745 0.553279880967971 0.5981534513266 0.631603615195323 0.684102589679408 0.71718563660995 -9999 -9999 -9999
0.504328057348245 0.540217718403355 0.504200161178461 0.486234637703466 0.496682351168522 0.468518277961857 0.567506342028749 0.59482053945587 0.61113834562172 0.637572432799741 0.613128552347101 0.604186344890904 0.602584773920024 0.576473527850036 0.607745109864951 0.658540268009364 0.642912280728933 0.634789292462525 0.606454500045964 0.612379832287552 0.654611135125509 0.647150525837756 0.640836169881162 0.59358711074366 0.542961323196764 0.52408773483211 0.484177128181666 0.455845801943338 0.403774028713883 0.332176231168774 0.32627430864029 0.30837046160542 0.280698378578615 0.256915763772717 0.219092458423534 0.194005295036995 0.191949095677342 0.194100670042476 0.235993492304561 0.262595060554494 0.296325788804778 0.330856253221417 0.370331923313702 0.394902727351827 0.428985415358696 0.466587089154497 0.502844491178405 0.517725349117931 0.539999667754804 0.547614717271385 0.536921076697947 0.535995683093178 0.596114412946584 0.630088233384261 0.68375779876594 0.68062872247735 -9999 -9999 -9999
0.430412317119479 0.509062574330155 0.530374485749621 0.516088756633168 0.555523051517145 0.558373681157425 0.620938661572785 0.638617691146292 0.625209622410708 0.61374946211296 0.58888973834174 0.580560223308189 0.592162122374254 0.589677077165812 0.609369411370701 0.63987501911148 0.634055673622161 0.628547215048847 0.603759267493727 0.60614162085351 0.640414144671881 0.628765627829417 0.606928256731292 0.563791696005751 0.521178594780441 0.489152187986028 0.454331982799538 0.433126027765339 0.398965921582699 0.332532622017168 0.293957488000392 0.271774706286808 0.241193164363479 0.225313751231436 0.200028208612146 0.165374514082554 0.162301222053825 0.178313290746754 0.210960569775467 0.241418117928478 0.278387797910821 0.305640869033097 0.354858445789862 0.380151349868354 0.41564996382419 0.4520838180324 0.491397801923801 0.522908083962548 0.526809704684376 0.558673760022786 0.542663057918195 0.561531299967036 0.614054662703637 0.645675702735972 -9999 -9999 -9999 -9999 -9999
0.561539869557837 0.559861129146294 0.566861131040087 0.587963735797303 0.60107965992621 0.606173597363441 0.617179327977838 0.629030510826947 0.609055986659354 0.594691882097322 0.586960733116493 0.570452230627529 0.58379457793815 0.606170842228706 0.616924312016373 0.631197405158767 0.628844959852799 0.622625357853901 0.627688316910644 0.617721047455363 0.601125814087157 0.576104947926278 0.566595870889503 0.535531332961716 0.502509874114949 0.465653074603421 0.433859091163665 0.401019248231435 0.3585508853917 0.313908975189078 0.265311983348052 0.235735350978897 0.224861871044302 0.211541107944164 0.178174226072274 0.14410514078099 0.137111789357004 0.162595222725463 0.20093952239339 0.223469251718774 0.243628518274511 0.290691658415312 0.331886214706851 0.378727641808295 0.409635058589144 0.442736023198521 0.49074343884394 0.535360547350029 0.563384642073124 0.571139899850352 0.572660466205083 0.589524000478034 0.636344753695682 0.631503545421217 -9999 -9999 -9999 -9999 -9999
0.533461186188726 0.536419017086753 0.542838854548291 0.551300796390237 0.574616739511057 0.582701006460571 0.60703248655871 0.613242795843704 0.599553129933619 0.577325232044074 0.557633836313333 0.563340435390756 0.584368444847501 0.598512701230884 0.601006020762646 0.617874227736054 0.628543424078448 0.597143771253095 0.588725904666588 0.582279682097105 0.573877774443141 0.562323597254229 0.533835994037261 0.505381347760845 0.482969971387562 0.448634654204594 0.391845301660191 0.363493085364243 0.318549609676543 0.272217799304134 0.247756911382546 0.237879327815542 0.217257263811211 0.208270532286771 0.175825991194064 0.156087603512926 0.156833261049311 0.175481998419306 0.190172471351713 0.202761752820649 0.220859790414782 0.264083381078729 0.327283484440005 0.380660423444393 0.412904619188034 0.436806128569616 0.468776871267898 0.505769444674294 0.528918013326831 0.558830359450765 0.568021382673444 0.590641662216607 -9999 -9999 -9999 -9999 -9999 -9999 -9999
0.468205407983999 0.495738266243082 0.521270221302069 0.524725881745384 0.533311452345288 0.563635307403805 0.581248503767513 0.587867955711645 0.565730064597982 0.552289017843792 0.534980561562483 0.535778393536137 0.580387958448592 0.590840748596837 0.588759079929471 0.596820617871442 0.603310577257993 0.573462182945497 0.552837274788957 0.552968968869989 0.544279850191008 0.534265519603688 0.521662490314322 0.495946355353175 0.468505081040734 0.435239230179146 0.386401148502629 0.377464951836706 0.335173983787662 0.267523441602892 0.231230322669497 0.235658409748148 0.221723284951543 0.218624218622585 0.203688151948703 0.188270753603335 0.198219273913504 0.153630524014152 0.184334426626784 0.19870584123791 0.222973630829018 0.256050069381058 0.316955814832791 0.364941009766628 0.414816949498639 0.439391600823776 0.464859950509471 0.489331682129074 0.515267807023293 0.554262665228576 0.572345818103475 -9999 -9999 -9999 -9999 -9999 -9999 -9999 -9999
0.516248937937215 0.444529500015547 0.462290190815027 0.484952378756015 0.498226529759015 0.530925162467386 0.552391435500352 0.555736332230652 0.532159980962324 0.528215991902044 0.509296687158256 0.534914142731795 0.562182916677713 0.573442175883652 0.573764547722032 0.576932347184257 0.552389903070545 0.540643951047342 0.516009910637461 0.530696153949876 0.537973901967085 0.525259885342408 0.500818434651914 0.471178163061457 0.461034814707776 0.435074463358771 0.413229876969717 0.371981982280763 0.344464970530493 0.263013319249269 0.231330395196302 0.230057349331362 0.23123733887885 0.206371178157014 0.189741925338726 0.206640790116374 0.228320621859554 0.146514649535513 0.171780221554153 0.22219702869892 0.234436955487863 0.277366395169761 0.327721477507942 0.348348587601249 0.38005724792994 0.42565412490066 0.469003617933149 0.49360782062839 0.525662159428934 0.564369975113348 -9999 -9999 -9999 -9999 -9999 -9999 -9999 -9999 -9999
0.502925178565268 0.414920106585296 0.418487757048612 0.459971863373453 0.473898562430996 0.48402653819147 0.52076603296837 0.524822586373743 0.502250974108035 0.496766334170129 0.478730103116458 0.493602067970271 0.517334527076166 0.54027420951061 0.538366095436726 0.538785641737729 0.520972212795568 0.524201620108286 0.507694504501431 0.528211494233139 0.531424696125379 0.512594224079668 0.469413985049218 0.45292949107393 0.438265691197446 0.469063357428765 0.453794458760798 0.406061353951911 0.351309139620843 0.267438770845194 0.234447585157064 0.24758662078115 0.218848025928636 0.179738739202658 0.179417939005957 0.216801422758721 0.212695206358111 0.175486622347319 0.156341382887755 0.212784820500213 0.244817393538847 0.319581894908862 0.396842701527138 0.380573986523068 0.441477079249633 0.465093824544868 0.490198655021244 0.526483361566968 0.520483014345605 -9999 -9999 -9999 -9999 -9999 -9999 -9999 -9999 -9999 -9999
0.440681735136972 0.363319101834681 0.372892700937234 0.404148696211054 0.430606645678444 0.447699047640505 0.480816167203822 0.480904516782928 0.478622331994676 0.477816855762212 0.465051971259582 0.475350280026425 0.49725439003874 0.499527026591604 0.496434618458013 0.50018238269788 0.504010317971172 0.483420102170641 0.497519244946005 0.517003566683388 0.515857199111154 0.482729719301035 0.441458769928812 0.426098988845824 0.439463572743996 0.465800110945731 0.433768145242629 0.369739587944609 0.31280761884363 0.24419711551873 0.232628398854267 0.235535880853029 0.221298907395166 0.208870915333098 0.225515133045633 0.248966491756715 0.191585370609536 0.246195744558313 0.152402702475427 0.21595927881865 0.292994542431808 0.370820361012508 0.443282184861212 0.492641406747285 0.514726644690699 0.515852001931693 0.521006440366484 0.524608809878327 -9999 -9999 -9999 -9999 -9999 -9999 -9999 -9999 -9999 -9999 -9999
0.385738336244837 0.34510487111328 0.334814158466003 0.355737429603161 0.387235348383296 0.409877299347654 0.434202765865365 0.457251615922425 0.466657292363162 0.452949449432172 0.455423195513471 0.460713375008905 0.467876913382741 0.453738367936883 0.461808666587134 0.473981236399354 0.478448369624994 0.466782663450678 0.496564652720687 0.499278451022109 0.49035970157344 0.467831315687063 0.423868928393237 0.411520943183412 0.432187575186742 0.412098695321363 0.350763086422679 0.336135408897985 0.309495848825834 0.254556124138956 0.245542940836857 0.247586311294265 0.25050278372695 0.251338491215375 0.274938893055536 0.28167768543489 0.233751711726871 0.271975413551638 0.18564130921609 0.236194806958302 0.318805979808313 0.378359210759838 0.434062474817386 0.519608010097333 0.55703016314179 0.574130418444529 0.570728347949364 -9999 -9999 -9999 -9999 -9999 -9999 -9999 -9999 -9999 -9999 -9999 -9999
0.359785123272565 0.333006029900306 0.296820432319423 0.304264426569219 0.340894263714485 0.394984898014084 0.419482679604957 0.43688645114802 0.438878407907471 0.443817250450577 0.435565597605288 0.439959707687748 0.440784201310373 0.426235558781728 0.41802216800333 0.429463802432932 0.456936207341507 0.467135550284589 0.490137768775646 0.486580142279646 0.470511112281621 0.454367133913732 0.435710278871214 0.404046731631101 0.407130142834513 0.37839624550448 0.276958237411933 0.299886577289215 0.323212937110983 0.272178763960275 0.267520494802642 0.266375121751317 0.269288541484727 0.283885311693602 0.296304230346073 0.304601599714145 0.261393860060235 0.280821177674737 0.235377911036211 0.256994357608266 0.331228702310913 0.386911243584961 0.389599129695371 0.456821096024047 0.536664085769138 0.599760319800155 -9999 -9999 -9999 -9999 -9999 -9999 -9999 -9999 -9999 -9999 -9999 -9999 -9999
0.311260836841909 0.315534242953997 0.287877158643114 0.27505341551455 0.306880148190234 0.394433386581824 0.425044552044757 0.431240448085838 0.430143668948258 0.434573659370776 0.401848281190029 0.410870975365369 0.386088390261037 0.39161413425341 0.390455980362428 0.418700663644067 0.462228821447757 0.49762742633218 0.50600986706863 0.471290127502921 0.437763328686633 0.455982212801414 0.400599309369718 0.387600117345585 0.365220011768345 0.35312846270624 0.30416042541357 0.334047033314808 0.328674487852933 0.287222366730848 0.28191103696783 0.290196441411277 0.299364393070402 0.314732900121891 0.329112429921007 0.334491396252558 0.318750691959122 0.30395085518554 0.363007011843138 0.367547971251019 0.402912223401218 0.407091063907226 0.428350709432221 0.475150949102723 0.505838674087748 -9999 -9999 -9999 -9999 -9999 -9999 -9999 -9999 -9999 -9999 -9999 -9999 -9999 -9999
0.304742373010906 0.299034640966475 0.283765426755982 0.282134593690014 0.323396931090338 0.382561292563589 0.403169337229644 0.385727877005732 0.404944446272615 0.405827308303599 0.364110010657374 0.33728856916595 0.36026813421749 0.387694844948359 0.402422341528524 0.435792197109048 0.437091047817546 0.503537661050955 0.507372381099649 0.457975169609028 0.407581071450792 0.362181460602477 0.367087574713474 0.381331193716634 0.337541265623773 0.303215846315951 0.36586950507564 0.357847727245986 0.314200322181622 0.301935699647198 0.292918884128331 0.304776621161241 0.31900691562425 0.333917590179579 0.343330861630878 0.343184243326691 0.313405196861672 0.375130991174388 0.419438609730668 0.436175406558317 0.459099649153403 0.457772928880902 0.492807098294033 0.492127320958221 0.536640821425017 -9999 -9999 -9999 -9999 -9999 -9999 -9999 -9999 -9999 -9999 -9999 -9999 -9999 -9999
0.278967699230966 0.269845589483821 0.255542959449045 0.267176695758462 0.303132350345687 0.349250748650335 0.366727653797547 0.366341363940067 0.380841555071482 0.356778257394543 0.321435205845013 0.326670940951149 0.353787774647134 0.374040614162718 0.391324090314146 0.421713053186535 0.430069878908118 0.47108199276122 0.444917800873319 0.410906329879437 0.391065663834045 0.359306313780076 0.392020362795462 0.39625587104151 0.366935295913269 0.342074940603675 0.419345602948042 0.425518639176292 0.39389110449242 0.370351380765767 0.347328309303683 0.337996524167305 0.345705363397953 0.378064416527816 0.379554195848469 0.377460221340646 0.375375403214941 0.408213466333805 0.433882290968717 0.457117719602942 0.454996871583666 0.416022028365276 0.522944783771741 0.537846839071127 0.54662037882877 -9999 -9999 -9999 -9999 -9999 -9999 -9999 -9999 -9999 -9999 -9999 -9999 -9999 -9999
0.255217121855045 0.250130600608729 0.24119507769749 0.256641887081715 0.283422954065702 0.299230536683132 0.323815687135663 0.345846023586867 0.35859730945305 0.347463399833261 0.322807534736524 0.34185923695634 0.345170115961788 0.358760864999643 0.394538086474482 0.439585040190759 0.432905729224568 0.458136467016558 0.418482118736956 0.416136170149384 0.401180137819782 0.386250258824376 0.399053332760166 0.403081560128774 0.373567391390374 0.330129356336201 0.361967442318578 0.382946719009286 0.410461464700654 0.416921748526464 0.420375549118893 0.449543353795676 0.474485778904673 0.472058763664595 0.441385551411329 0.414260496783805 0.386841028699921 0.402785849498017 0.462447479609141 0.447865745196685 0.453159303455535 0.501385125614992 0.541634692644904 0.570530655966897 -9999 -9999 -9999 -9999 -9999 -9999 -9999 -9999 -9999 -9999 -9999 -9999 -9999 -9999 -9999
0.236051936296917 0.236706717284806 0.236733232081818 0.245120413437182 0.266693913243033 0.275813519839372 0.300222048291815 0.322649640589522 0.335325231299196 0.335575198908909 0.318438881693921 0.347401452406486 0.360529639129673 0.372890468998668 0.389030692576432 0.432560623073005 0.416375897506652 0.432832464088615 0.42211111914896 0.406969110503891 0.395141076671441 0.374152047915875 0.402052435292675 0.411511119081303 0.388900744132735 0.355132168060141 0.361369156006295 0.366952137410077 0.395905619789852 0.430325889884169 0.431450239732679 0.447777929800257 0.455244286936855 0.461027190598316 0.519075582500484 0.508732817455192 0.478964063234571 0.498375680240488 0.529823120555856 0.536190809914381 0.595482619433192 0.63476176880144 0.658722286393632 0.61466087728331 -9999 -9999 -9999 -9999 -9999 -9999 -9999 -9999 -9999 -9999 -9999 -9999 -9999 -9999 -9999
0.221126568395478 0.214181260705867 0.223852907573578 0.232230578188126 0.25020233509926 0.264962523100721 0.285693776248643 0.30539275831362 0.323067777360889 0.331131797307203 0.335584962232588 0.346447480975841 0.3512712339189 0.354976582954555 0.381223974481002 0.410462601367064 0.405082377167416 0.405379269174662 0.416743281069322 0.403221607792199 0.394115410528913 0.391351819519806 0.434505737179396 0.421870636495393 0.402726806379021 0.379981177183184 0.370094231923736 0.395749517889387 0.381107400528489 0.406816697561504 0.417920275981569 0.416625496966535 0.41888168002564 0.4354408058478 0.491883521209486 0.509669885636969 0.57317213889474 0.593884537441306 0.581528384344148 0.627961423530696 0.648636926223823 0.672232975490251 0.720586817340786 0.704242576246276 -9999 -9999 -9999 -9999 -9999 -9999 -9999 -9999 -9999 -9999 -9999 -9999 -9999 -9999 -9999
0.212688681197052 0.208810110832404 0.207362320149354 0.218929433345245 0.237071252765615 0.24055567584174 0.269609717697869 0.294436474922517 0.313019206959258 0.327459917202709 0.334263325123756 0.342260765794097 0.3336150975847 0.357243879793938 0.377469728907224 0.398419101294492 0.36875977265083 0.378277607351821 0.390671241488431 0.397013152503209 0.399530421394252 0.415841463344918 0.432529551977558 0.441834422501739 0.44042758990155 0.408244571007201 0.383342559915607 0.409181255933161 0.409301617663359 0.390739712228278 0.39936862158672 0.389208583815395 0.377753922058665 0.390432283565405 0.455340523916515 0.537402036594972 0.631930549850414 0.631724385400817 0.687522601337343 0.735309456664169 0.682131279077443 0.703067305430321 0.767513571194231 0.76788451937749 -9999 -9999 -9999 -9999 -9999 -9999 -9999 -9999 -9999 -9999 -9999 -9999 -9999 -9999 -9999
0.205393034009869 0.201199922587366 0.201883781153462 0.214625917053729 0.222912467858653 0.22953396959642 0.250910534978767 0.259596323584805 0.276920028074624 0.308395533715728 0.337022820938491 0.341707125223602 0.342304194506549 0.361850404564149 0.372689914444681 0.384562791590602 0.384988142840398 0.398879484517466 0.405511266034405 0.412617350401397 0.420580983465541 0.419643663443583 0.45092810164875 0.458047171454011 0.469974811248396 0.42920555072044 0.425409874133128 0.434357028058305 0.432506734558201 0.391468932444047 0.366008966579798 0.358186695807397 0.356246156413179 0.36836203590782 0.433610107480575 0.552990811405517 0.672140835445817 0.741400627799914 0.712780335905558 0.712021773003376 0.679126353550028 0.746651808855175 0.78505673773612 0.787963698991532 -9999 -9999 -9999 -9999 -9999 -9999 -9999 -9999 -9999 -9999 -9999 -9999 -9999 -9999 -9999
0.202296258619673 0.211399729773111 0.221878168702898 0.22543564570354 0.222048274560127 0.241788423753433 0.249920459467375 0.260428889824876 0.286915454747854 0.315145416307732 0.330090465368562 0.325679785661536 0.342381921015319 0.364908006587727 0.378355612783244 0.405995908027581 0.431406300839493 0.432498868059303 0.430671506427334 0.42784214648071 0.433058176835006 0.468179910334001 0.453337944104485 0.472304057400714 0.490107923159771 0.469770171352607 0.453429840233203 0.492841187676306 0.441972661639299 0.38947130940825 0.355504469915612 0.314629965337611 0.23764086258553 0.336227155115683 0.46959847475612 0.593195536071346 0.675539715121835 0.694092749600904 0.723802176585531 0.754500161136918 0.739328906443643 0.766221805199972 0.796887029628699 -9999 -9999 -9999 -9999 -9999 -9999 -9999 -9999 -9999 -9999 -9999 -9999 -9999 -9999 -9999 -9999
0.221894095151879 0.230125159625261 0.251980387238536 0.251261417891956 0.241861822159802 0.252184184135732 0.258435872149472 0.274966798327997 0.295227618248155 0.329607854684706 0.323217682868574 0.325857629052846 0.337413250642697 0.358073733846822 0.378241998146841 0.401978398904145 0.404438107629062 0.411007981171168 0.42207120677902 0.436496108289597 0.448813399915896 0.484018531667796 0.470026229474315 0.47101531671694 0.482646819649229 0.485607125840214 0.484917024087125 0.512305541047006 0.447490617961821 0.382695750413195 0.36212074484046 0.309653189444465 0.198270574949147 0.280904422895605 0.453675205674191 0.592316795124198 0.685699943096078 0.697362494036273 0.777696950121024 0.790535766433472 0.783764937496957 0.796279105088555 0.80735527808361 -9999 -9999 -9999 -9999 -9999 -9999 -9999 -9999 -9999 -9999 -9999 -9999 -9999 -9999 -9999 -9999
0.230989892204257 0.244219733301201 0.258615216010814 0.272971882675471 0.255983753451805 0.261693166451711 0.277348818051435 0.287974717589604 0.303202964892978 0.325176693703265 0.327457126282215 0.329382098651553 0.347831637544239 0.355834652577624 0.373547161244992 0.397777694832731 0.393139538162354 0.394335850737811 0.436657919456365 0.4535257549112 0.458961496659847 0.493636256174673 0.484807736623682 0.476822924237863 0.48155085003862 0.469539699784923 0.47175282020536 0.488734699516628 0.454482605721094 0.428209672562521 0.403373819387819 0.359193304178949 0.317260866483614 0.29208471440738 0.462485027995449 0.612873639432256 0.750579179582636 0.734676738087272 0.750226188556036 0.764238528367646 0.780675637631359 0.801537461883403 0.807622623984703 -9999 -9999 -9999 -9999 -9999 -9999 -9999 -9999 -9999 -9999 -9999 -9999 -9999 -9999 -9999 -9999
0.244793870094094 0.283228940207745 0.290015295589312 0.296382151767748 0.291413372676169 0.28831719549174 0.295886946543263 0.305635834535527 0.319397381337254 0.330217040535897 0.33557738435388 0.336002196876709 0.339787236536059 0.355326255413089 0.372022811080484 0.394997447190263 0.404295010655456 0.384894366555388 0.440878320605581 0.461940199177912 0.465249904811305 0.500701114132256 0.500905727568119 0.495923999876272 0.494343642132758 0.493426854867421 0.488020634688945 0.509425599461582 0.466443538169057 0.464279218709859 0.44216152894999 0.366477193610211 0.393079595769168 0.343081796645184 0.510766894165011 0.597487809678265 0.736331321846981 0.758935641227148 0.712981244549375 0.746582588192091 0.760567317750024 0.7990704873703 -9999 -9999 -9999 -9999 -9999 -9999 -9999 -9999 -9999 -9999 -9999 -9999 -9999 -9999 -9999 -9999 -9999
0.29422493733694 0.32394744058387 0.311992835938979 0.310878833941193 0.310954302884377 0.312522594339171 0.311746518933717 0.333976590652184 0.338705261123683 0.352329927632114 0.348409820985115 0.349492240085988 0.34652025212272 0.365103157295601 0.378739114526831 0.407356072808288 0.420566607204883 0.393542054291546 0.444999439220145 0.456524646458864 0.481760667492148 0.515508452373877 0.510220406408469 0.503274737276861 0.503841741554772 0.508876220990219 0.510810098864231 0.503393940599927 0.474080466071773 0.466892703568232 0.444972751845989 0.379283898605113 0.395607652131379 0.419006427563793 0.535457883212339 0.63315760341612 0.717387318122019 0.728501403290156 0.682604523756838 0.703036279442288 0.734810864025349 0.745673787459741 -9999 -9999 -9999 -9999 -9999 -9999 -9999 -9999 -9999 -9999 -9999 -9999 -9999 -9999 -9999 -9999 -9999
0.351332762197117 0.334387226111807 0.331781389345139 0.337829588895531 0.343236527369888 0.348504265189127 0.342421493506706 0.354052822520583 0.360701074682497 0.359469881962684 0.371420146838439 0.35145940267031 0.361724241130916 0.385059537675608 0.410037186497765 0.428784767154072 0.437244180473145 0.437058102600962 0.456424065441376 0.461421471781169 0.501473492340913 0.537842547843809 0.544566870019523 0.545486252550173 0.548279495030818 0.528438084445881 0.494467673459253 0.495024855493544 0.478657059023594 0.456286583402709 0.440870967104057 0.408869237531242 0.360659476825253 0.410685518128575 0.490085758144371 0.61770318113625 0.615424146179418 0.594525184088149 0.657803601774637 0.657691134113685 0.69894577261823 0.720006895440685 -9999 -9999 -9999 -9999 -9999 -9999 -9999 -9999 -9999 -9999 -9999 -9999 -9999 -9999 -9999 -9999 -9999
