layers/veg_krg_50/veg_5800.asc
NCOLS 128 
NROWS 165 
XLLCORNER -2985163.8955 
YLLCORNER -3022031.214 
CELLSIZE 50000 
NODATA_value -9999 
[rows 26 to 51 of 165, columns 59 to 117 of 128]
0.58416373124655 0.576337870996631 0.574366366572849 0.585384984547399 0.624093329778062 0.677599925372879 0.674563866281928 0.704630790130357 0.717410890133686 0.708213513887284 0.745375055274664 0.76568699608939 0.776856452123703 0.809888876852849 0.834682529889834 0.866149790227258 0.887045324920673 0.911989641005661 0.916158723442145 0.91049850024002 0.912693660211442 0.904464665334049 -9999 -9999 -9999 -9999 -9999 -9999 -9999 -9999 -9999 -9999 -9999 -9999 -9999 -9999 -9999 -9999 -9999 -9999 -9999 -9999 -9999 -9999 -9999 -9999 -9999 -9999 -9999 -9999 -9999 -9999 -9999 -9999 -9999 -9999 -9999 -9999 -9999
0.620158889266281 0.614784615340737 0.609575293564366 0.60408489725315 0.618346710059117 0.694345398238811 0.707594569429265 0.734509003321825 0.732827666106838 0.717261354081169 0.722462033083802 0.71363848504179 0.749321970613147 0.779291090571863 0.82515297967193 0.864789623373937 0.869321192283195 0.885467767963206 0.88959568549176 0.899317301163019 0.898151504222896 0.899843060968459 0.893748230628145 -9999 -9999 -9999 -9999 -9999 -9999 -9999 -9999 -9999 -9999 -9999 -9999 -9999 -9999 -9999 -9999 -9999 -9999 -9999 -9999 -9999 -9999 -9999 -9999 -9999 -9999 -9999 -9999 -9999 -9999 -9999 -9999 -9999 -9999 -9999 -9999
0.654554658930852 0.648974551924134 0.643152828615701 0.635941267628228 0.665742841410766 0.705893549960966 0.772256440124336 0.752154320812575 0.725255711904841 0.721169904504153 0.727196620797312 0.734724029731968 0.73714494589978 0.740995380319446 0.803105061504357 0.854808976690518 0.868651472700928 0.873642126215225 0.89096260644829 0.901770251351291 0.901138327865069 0.899001874404506 0.898013676013039 0.907930800918361 -9999 -9999 -9999 -9999 -9999 -9999 -9999 -9999 -9999 -9999 -9999 -9999 -9999 -9999 -9999 -9999 -9999 -9999 -9999 -9999 -9999 -9999 -9999 -9999 -9999 -9999 -9999 -9999 -9999 -9999 -9999 -9999 -9999 -9999 -9999
0.685534099382854 0.679201672858453 0.674782077078293 0.685300743246343 0.697627208009224 0.707273722561481 0.736000111203258 0.755294972267263 0.732136207412044 0.726846752325898 0.734976625310428 0.72538059538342 0.719711647060192 0.743256646220896 0.785575792336078 0.830437163161647 0.860785825787802 0.878124011286567 0.893820292625039 0.90351051973295 0.909567445543961 0.910963423102909 0.909216380335915 0.910028232354674 -9999 -9999 -9999 -9999 -9999 -9999 -9999 -9999 -9999 -9999 -9999 -9999 -9999 -9999 -9999 -9999 -9999 -9999 -9999 -9999 -9999 -9999 -9999 -9999 -9999 -9999 -9999 -9999 -9999 -9999 -9999 -9999 -9999 -9999 -9999
0.708702486457529 0.704081630320213 0.720422035269064 0.732062964048405 0.740325112448964 0.73805941585444 0.759090085995812 0.766702114980957 0.751988843701787 0.743183681485367 0.697144752450331 0.699753437296269 0.679366627552835 0.693065421798515 0.742519820878808 0.808854935375788 0.845262100684137 0.863337169594882 0.882689472249817 0.900372658926755 0.915979949090044 0.923763734706508 0.92008957712609 0.911976640657329 -9999 -9999 -9999 -9999 -9999 -9999 -9999 -9999 -9999 -9999 -9999 -9999 -9999 -9999 -9999 -9999 -9999 -9999 -9999 -9999 -9999 -9999 -9999 -9999 -9999 -9999 -9999 -9999 -9999 -9999 -9999 -9999 -9999 -9999 -9999
0.72904987024015 0.73829841544526 0.748747131892043 0.751309006465257 0.758138059607165 0.728137782840404 0.741362464738681 0.74463635020572 0.735635693390961 0.715714363845681 0.681151252372445 0.683243559726767 0.605424248255883 0.583778365168185 0.69835315954088 0.758778752352643 0.815856086211637 0.857279543425054 0.874697648350214 0.898018092480143 0.918387936155613 0.931741200406056 0.919592282563949 0.911193994769187 -9999 -9999 -9999 -9999 -9999 -9999 -9999 -9999 -9999 -9999 -9999 -9999 -9999 -9999 -9999 -9999 -9999 -9999 -9999 -9999 -9999 -9999 -9999 -9999 -9999 -9999 -9999 -9999 -9999 -9999 -9999 -9999 -9999 -9999 -9999
0.764561241357654 0.77762228455669 0.793285350520432 0.787924534291568 0.7861792141813 0.738180596847393 0.745354324205071 0.743792001081939 0.70408031920762 0.636913105599889 0.668186243003727 0.587081962094486 0.474879361385677 0.603815691007034 0.692566177753594 0.699363172185126 0.779695047207262 0.832623846624887 0.861357173905373 0.894600386177395 0.921113050859531 0.929739114971786 0.918342400170042 0.916969445252392 -9999 -9999 -9999 -9999 -9999 -9999 -9999 -9999 -9999 -9999 -9999 -9999 -9999 -9999 -9999 -9999 -9999 -9999 -9999 -9999 -9999 -9999 -9999 -9999 -9999 -9999 -9999 -9999 -9999 -9999 -9999 -9999 -9999 -9999 -9999
0.795301048560092 0.794501549231096 0.808110378480945 0.81352556459415 0.810831110135788 0.800711172008754 0.809217392389227 0.800973853046371 0.768611287091387 0.777716772806289 0.660139451571302 0.58849899358576 0.656575809352768 0.676405583794588 0.671780261043139 0.678444739794033 0.744270268747409 0.81475771245828 0.872183197885726 0.902381573265555 0.929366385141369 0.927759919959958 0.914872926224421 0.907514283482048 0.887929560543712 0.859996274744865 0.839288651259939 -9999 -9999 -9999 -9999 -9999 -9999 -9999 -9999 -9999 -9999 -9999 -9999 -9999 -9999 -9999 -9999 -9999 -9999 -9999 -9999 -9999 -9999 -9999 -9999 -9999 -9999 -9999 -9999 -9999 -9999 -9999 -9999
0.81969097656275 0.814258064243168 0.823687825811645 0.828498081004774 0.827896301361728 0.834068616630584 0.85565819054828 0.868890716680154 0.861660913679017 0.851342929265919 0.706125797039476 0.761988059727507 0.660565825948571 0.671794384014844 0.614981865475374 0.725751245386291 0.798281531934179 0.824440999354508 0.88206853075134 0.915519687569846 0.933091178909349 0.924644285485697 0.911586572869167 0.896987015463085 0.872966744082379 0.850048603934375 0.831356978802587 0.794225831584202 0.785072790226689 0.766821413065991 0.748206873799553 0.704405670762171 -9999 -9999 -9999 -9999 -9999 -9999 -9999 -9999 -9999 -9999 -9999 -9999 -9999 -9999 -9999 -9999 -9999 -9999 -9999 -9999 -9999 -9999 -9999 -9999 -9999 -9999 -9999
0.833674931155315 0.837372509858916 0.83993723567665 0.844061096697721 0.855047689827545 0.851786123111593 0.856052381085975 0.867954793476131 0.876798183748565 0.913197455670191 0.880325175810646 0.863600626906154 0.803112862598187 0.785090443902862 0.75891289621855 0.807356205693101 0.815227970894362 0.858351322241297 0.886066726714087 0.916064496489206 0.929945618781871 0.914675945595763 0.901802178161583 0.883811492742821 0.859346560747946 0.836442695636071 0.79564327315912 0.783091774741378 0.75726658015392 0.747321105354702 0.72484622212128 0.698781382972477 0.655725938373339 -9999 -9999 -9999 -9999 -9999 -9999 -9999 -9999 -9999 -9999 -9999 -9999 -9999 -9999 -9999 -9999 -9999 -9999 -9999 -9999 -9999 -9999 -9999 -9999 -9999 -9999
0.843257520454845 0.843131115312293 0.850068069955335 0.854891848319913 0.860105807225085 0.856807100013329 0.877884746071829 0.911927981075258 0.954134087603983 0.916408776184239 0.917712537162752 0.90798891154502 0.901684506918686 0.864961904633675 0.849013205019756 0.824809111941599 0.819796408152993 0.850332622202232 0.870942529553418 0.900175050961669 0.905548725907523 0.888505867817576 0.872564245992786 0.848855260028018 0.844802272082753 0.810526875360787 0.765410008765448 0.747084300186039 0.742967673229761 0.719239023218854 0.701055570102344 0.681163408260672 0.655793039038308 0.640341110736535 0.62848176028948 -9999 -9999 -9999 -9999 -9999 -9999 -9999 -9999 -9999 -9999 -9999 -9999 -9999 -9999 -9999 -9999 -9999 -9999 -9999 -9999 -9999 -9999 -9999 -9999
0.864621318605546 0.860296537143132 0.857070844947033 0.865269239528664 0.882255788162509 0.886993652632317 0.91265385266556 0.923068134641263 0.889588164631736 0.862085467654908 0.816317307784948 0.821709997606347 0.848652162475113 0.84503514723456 0.815214129524889 0.795448406750989 0.785433547772472 0.815256641414461 0.836955702516094 0.859790040367449 0.859089180669834 0.852750242099075 0.844552253965108 0.832203690991359 0.800395560658088 0.746475560211093 0.737112791915543 0.730001061803834 0.720321825519218 0.697267421263389 0.682158133812324 0.650261491239601 0.635252534876761 0.620323447640165 0.607382434044566 0.60459264624358 -9999 -9999 -9999 -9999 -9999 -9999 -9999 -9999 -9999 -9999 -9999 -9999 -9999 -9999 -9999 -9999 -9999 -9999 -9999 -9999 -9999 -9999 -9999
0.885077002105623 0.88054591792927 0.888056691647434 0.894055273675983 0.898332727257489 0.90227310138295 0.90856030530852 0.913183518909525 0.883530530519549 0.855881024978452 0.807824599673647 0.820943272196472 0.82443697557911 0.80333679865297 0.784495819205073 0.776038331694572 0.771090545592354 0.778580535678686 0.787727022897723 0.802540618847268 0.803414261684368 0.799523762306549 0.79224949556108 0.790970802635975 0.755989846874604 0.717114041833752 0.722437578080638 0.711133070671993 0.696368908559704 0.675599489653718 0.65507028688441 0.593165662241806 0.606634977003771 0.596571730428053 0.586496962657336 0.583474617296248 -9999 0.567668464602814 -9999 -9999 -9999 -9999 -9999 -9999 -9999 -9999 -9999 -9999 -9999 -9999 -9999 -9999 -9999 -9999 -9999 -9999 -9999 -9999 -9999
0.879767249960005 0.865127650194279 0.876854324211117 0.882837779112378 0.877782191875218 0.899866673779999 0.882683491136604 0.883977555085641 0.875118709564291 0.842058403052097 0.776878822186298 0.838657589308792 0.809470639943051 0.787947677466327 0.774894152016241 0.759319464540697 0.746587460128771 0.714104842370282 0.754952292905207 0.755021789945104 0.747103561656569 0.743295433921396 0.742389460151597 0.748408546443133 0.73944816807132 0.706688468642419 0.692109363659767 0.689644759855247 0.66857658883806 0.657464517085907 0.638004952437011 0.568344746626385 0.583361455367096 0.573575209397033 0.5751983495045 0.575329257821344 0.556530814376043 0.547165851012741 0.544681729769963 0.562817565484942 0.591058639635273 0.63376102442998 -9999 -9999 -9999 -9999 -9999 -9999 -9999 -9999 -9999 -9999 -9999 -9999 -9999 -9999 -9999 -9999 -9999
0.873363787750553 0.86041408003358 0.851550485226815 0.855794293301326 0.857573314699787 0.862253731099436 0.868012050156443 0.851478548920276 0.843248161809715 0.82346990007897 0.83287557676893 0.797551976862729 0.750763690613478 0.74259161342248 0.751394349373084 0.753557563053096 0.74276107821001 0.693454330994594 0.694835203698579 0.694737069695613 0.686151928682161 0.684450683574255 0.690927873323994 0.693034874421103 0.690748334347596 0.682670176250828 0.669581550923198 0.644303591237705 0.594709102141785 0.641351251412178 0.547965540472487 0.559202591645177 0.567349298529095 0.574181888623087 0.580852473842899 0.564284627740884 0.534357692563298 0.511200720828947 0.523615713347711 0.55876603131524 0.591302146260307 0.625202766805658 0.630329622068085 0.663690557743758 0.717682161770851 0.770011827805239 -9999 -9999 -9999 -9999 -9999 -9999 -9999 -9999 -9999 -9999 -9999 -9999 -9999
0.868204111093735 0.860308242890539 0.845252005422375 0.846675185511447 0.851063471162242 0.840826689132221 0.851275940174715 0.835995522341704 0.847747132496234 0.792504442914187 0.753556494990768 0.721883999489284 0.665703114599057 0.707039409721246 0.730839869903579 0.729351227450099 0.697169147777145 0.650628866622404 0.633323478320557 0.634045997582292 0.628274677403366 0.631853806590475 0.63663463309758 0.655062731971147 0.656242124087261 0.654909416089238 0.640905923946248 0.611520253987823 0.578707505744601 0.578209045757686 0.533616586044325 0.570311034729696 0.566525673400684 0.575385203556493 0.569562570847894 0.553759244402805 0.522069212344049 0.517445091140815 0.52496191503031 0.56446524693878 0.586904698080075 0.599105183128053 0.568229798135275 0.649720987293235 0.715921577326566 0.77532304949085 0.819957249414776 -9999 -9999 -9999 -9999 -9999 -9999 -9999 -9999 -9999 -9999 -9999 -9999
0.861960972520665 0.854456245993194 0.830584919145035 0.82599559268223 0.83934660650244 0.827851427277688 0.837378715197793 0.83389835656536 0.831312364796128 0.776300181619777 0.706576199154009 0.678693561776571 0.649776022923885 0.647964615091211 0.669913233486896 0.649909971307421 0.630600737097041 0.597829761518411 0.567505999678807 0.572559338704846 0.560105608113996 0.567617407048807 0.573073362062812 0.615865574907329 0.618205860017986 0.598998200539163 0.592726577498464 0.558733904941459 0.535336345535783 0.545379432394613 0.536776785554065 0.535839178098921 0.532292900693884 0.548901948700633 0.549973052580606 0.536799056801152 0.514174424505813 0.515545919296556 0.530365609850849 0.555218846523499 0.578794286530864 0.594449616372779 0.480474994183232 0.532448884672582 0.719015447162775 0.748977261909349 0.798404460652429 0.843178022804423 -9999 -9999 -9999 -9999 -9999 -9999 -9999 -9999 -9999 -9999 -9999
0.848861133167835 0.841607769079549 0.821050381628867 0.801690252501954 0.813932439155773 0.817845853808489 0.829039118630527 0.800640382818427 0.769724240476962 0.782503838980599 0.697563760493645 0.635272231992435 0.634221491905911 0.64759448308859 0.61830328492337 0.554077215475654 0.578019916118817 0.548758109898648 0.520533892287717 0.520486238457846 0.501896194695906 0.494926550052419 0.525427028953039 0.567813825035269 0.603573730182026 0.603516057384485 0.584326876965027 0.542789661949329 0.474731619403788 0.502876805467592 0.47900985063831 0.470853623851362 0.506719493884786 0.526709189721748 0.522819026392869 0.513407956435325 0.511196973937275 0.526425776155852 0.537972660445356 0.546980040904402 0.568649913727993 0.485128353042074 0.473042203198346 0.520846439215743 0.695507985513111 0.698377461409702 0.768684840567351 0.788993913481895 0.8462292998472 -9999 -9999 -9999 -9999 -9999 -9999 -9999 -9999 -9999 -9999
0.840528014236006 0.823073754731011 0.800406668307398 0.778796963358495 0.778727726708831 0.804617507960547 0.827820288517108 0.802777303342515 0.788683489125471 0.775210663355771 0.746998916286808 0.641698711737368 0.625109668508348 0.652739671107719 0.56532719257451 0.480964889265397 0.505627342984343 0.495397590746483 0.468209232390023 0.456882860532642 0.432182272785525 0.437741351678816 0.468417075164312 0.530237526330355 0.565149131552825 0.589228394900232 0.547362894214393 0.560880345262897 0.502615525717337 0.457744755343406 0.442189906897985 0.490593365104895 0.49446650389512 0.5179476821295 0.504283741392963 0.480340260576634 0.506283694344168 0.528678016946493 0.545248874227492 0.553563998022034 0.559919089490865 0.533426475708648 0.503392699320609 0.616827966770369 0.655912757791322 0.648696960596253 0.702363034035815 0.777342979871253 0.823389927607942 0.82958427129356 -9999 -9999 -9999 -9999 -9999 -9999 -9999 -9999 -9999
0.820116768375013 0.790749766123876 0.782928390456419 0.75668325435763 0.742141651511953 0.78598405417374 0.824623778281005 0.765364149493831 0.753292051353906 0.743803275740049 0.655087537432636 0.602031051950469 0.612496989586333 0.636322461471062 0.551671306076233 0.482807519869728 0.475681593406976 0.452070228830368 0.41545177119445 0.39440680691178 0.380397987012352 0.377054863199452 0.299169516249239 0.447382737046621 0.529054587852944 0.511049329940645 0.555224870601118 0.493127524211244 0.501274194816052 0.433885927148865 0.446585250187995 0.452333611953809 0.455184788776348 0.489232722249718 0.478244303352304 0.490389894842411 0.490227168246277 0.492126384333509 0.511994976218848 0.525059866830266 0.541472308577895 0.538977757823685 0.539327320051786 0.606733959697197 0.596426064827268 0.645759735178285 0.699932971748303 0.764987206310209 0.789063567403531 0.804623380366662 0.800326778192265 -9999 -9999 -9999 -9999 -9999 -9999 -9999 -9999
0.79788095650526 0.77126175101973 0.759055487449381 0.734891026106052 0.70985244133178 0.707488485087169 0.735010394346222 0.682700840145049 0.64504234126794 0.652234186610187 0.659639509111724 0.594931895892656 0.590713867809891 0.569856729996271 0.451817007117013 0.427904357319667 0.435013718629494 0.4117338252426 0.377897512275808 0.371580590734234 0.362924608436921 0.36863998655799 0.347270116045974 0.331434524879728 0.462958101504936 0.470186501897075 0.490077356987007 0.449379486538185 0.489728543768876 0.428827139122993 0.397938217219776 0.390942991343981 0.391851806394223 0.410955383083138 0.417386116591208 0.442699856933024 0.461035659292252 0.473023105942795 0.502782222570805 0.503390465653695 0.521721050380795 0.5138316846133 0.486113574250346 0.560532426621994 0.570648664600052 0.606262299361611 0.699514894745634 0.756926934717963 0.773905133723331 0.785343761358277 0.786355384075071 0.78340620190148 0.770841566676436 0.754445806716737 -9999 -9999 -9999 -9999 -9999
0.763473250235194 0.75449477280026 0.746243396086687 0.714190854186189 0.692231796754086 0.66760269520566 0.649039854084499 0.626299264283207 0.598548438198855 0.563167986479623 0.62446809528455 0.551107786267975 0.558013684613131 0.514492010637812 0.467191230049361 0.416610848234833 0.394988650696423 0.40229966236004 0.378768987382883 0.373892787900185 0.351453778624195 0.327057174214159 0.336469201280831 0.358150075721086 0.423418366809516 0.427183862385976 0.422672960335805 0.435097158879323 0.448509371388111 0.396002719295761 0.355527117636178 0.337974845176114 0.342696430689476 0.373024282494913 0.395831201054732 0.416999058119718 0.422652580699717 0.455254303978649 0.485654197109899 0.476887593142713 0.498614072210083 0.514549671894825 0.46529120270994 0.523365915909924 0.561929207359648 0.607457904077282 0.671238614612561 0.729024961918557 0.716123479579122 0.757162826070681 0.770701240294336 0.773391011835145 0.756561382337178 0.741424458743058 0.744404684761511 0.746637822803596 -9999 -9999 -9999
0.739234306620524 0.738541320191873 0.72859720979682 0.696142097715769 0.681113333642474 0.6767830817729 0.637782215393822 0.563356291095075 0.470671677395828 0.495588820628613 0.509573798979193 0.562829281924524 0.547793410971412 0.457295450341042 0.439342221874185 0.394492971169242 0.413034867043978 0.402254504476659 0.378170414885931 0.377009550949385 0.327370562929914 0.295544093484343 0.313046908935923 0.408767312930567 0.41064295895747 0.386176271650683 0.394607900496891 0.425743083078774 0.412390201627016 0.360400401067233 0.369224879339865 0.371597741658143 0.393917984688884 0.390304768877798 0.403394515151752 0.425183991526208 0.444397717239855 0.459562006510637 0.476034874303129 0.478456622529996 0.476193883658412 0.466421176961798 0.46867436296438 0.505664667226546 0.561904009996959 0.621431408211177 0.672887804090861 0.627647089444261 0.671568992858844 0.696383004471394 0.743946894944503 0.733485724951044 0.697503228962227 0.715207600750236 0.741528078763009 0.759747778507524 -9999 -9999 -9999
0.699024212647119 0.711248910736971 0.710860447958977 0.689897854484363 0.655380253942853 0.656764332702123 0.627217950329381 0.51467396427963 0.377676187026107 0.349444226956229 0.463682155355727 0.443105374029512 0.455890357467938 0.432497402958368 0.459190343515661 0.433495916629485 0.441440839385225 0.394446286642908 0.365183899755534 0.358131558860071 0.329121805132069 0.282634292274276 0.352364216391344 0.391260530900404 0.403169661532137 0.391893118170466 0.412650926411878 0.416738266548853 0.401910741453571 0.382030486031694 0.383586014586638 0.36987473144521 0.367924159429456 0.368393933681028 0.375671309208231 0.397877210446467 0.422104874407543 0.432057811105501 0.46380372356645 0.473337454518327 0.491987231675196 0.501508915820085 0.475846186603396 0.487844148818584 0.513706628197956 0.551612119975127 0.617801138963405 0.639809845301586 0.666289051490454 0.676267839036134 0.696729698708592 0.684194602528543 0.6170437162671 0.669419997337036 0.719399139605548 0.711584035939843 -9999 -9999 -9999
0.672805606059206 0.677207397926866 0.682523976399143 0.674725066420787 0.65359830024634 0.615902746652735 0.569781652614746 0.549051865164681 0.423535795378834 0.395661229249357 0.45975893769728 0.506741084366837 0.436478238123021 0.424759481234725 0.44212553660142 0.428389370361855 0.450217172444355 0.37311447052341 0.357392405030542 0.356745649006016 0.288537255422768 0.314093772702806 0.362926506344438 0.398255459816156 0.407156344993499 0.384958078988695 0.410923232233103 0.388208222924731 0.38292716817838 0.36118784486706 0.359569449818525 0.370031808776625 0.366749051559814 0.367156724422491 0.35997300415986 0.37502552276389 0.383916135367821 0.398214739710699 0.439382397492499 0.453193176255786 0.47061771975046 0.49547674820693 0.450205814470737 0.457217750679765 0.45790638534075 0.510244111659182 0.570906676096637 0.584817159432093 0.617594910765774 0.650156967399266 0.634282833339351 0.620213160041665 0.580803149455923 0.616555773035915 0.679389242537142 0.710744696506038 -9999 -9999 -9999
0.637648752283298 0.643436451457673 0.653754101367114 0.657065740249035 0.630347471482044 0.63011137371622 0.58467641768952 0.542446907303885 0.53579085974349 0.531535700862652 0.477827547958312 0.456815826672119 0.431320678175326 0.424866230091629 0.442111535091335 0.403665891059123 0.400335655782217 0.402585296410227 0.314429747554906 0.315798228761141 0.318802296808749 0.353336810039451 0.358397715016559 0.37801683729539 0.359294919009629 0.373141136372059 0.387827609783667 0.370482735067186 0.348887670909388 0.316636042670547 0.327624454835262 0.366137210622259 0.355114439618272 0.369266820506698 0.35019127785796 0.377168267694603 0.371158379763141 0.392788727910056 0.419999377216222 0.425881481834814 0.445054965952107 0.472701788490828 0.432329703257009 0.462750142249828 0.475795982821408 0.49166641527017 0.519275159155126 0.545594276434657 0.5620985411962 0.552218309024099 0.536409085716732 0.559078182821574 0.574195489794839 0.628034260567648 0.671635417736568 0.699459922999853 -9999 -9999 -9999
