layers/veg_krg_50/veg_5000.asc
NCOLS 128 
NROWS 165 
XLLCORNER -2985163.8955 
YLLCORNER -3022031.214 
CELLSIZE 50000 
NODATA_value -9999 
[rows 52 to 77 of 165, columns 0 to 58 of 128]
-9999 -9999 -9999 -9999 -9999 -9999 -9999 -9999 -9999 -9999 -9999 -9999 -9999 -9999 -9999 -9999 -9999 -9999 -9999 0.479294203583854 0.445092029438633 0.435109421728663 0.448945457408873 0.437269127428533 0.47381956505105 0.473711226648076 0.479206550237595 0.495809882629865 0.553278226904846 0.551611270120259 0.542588881068004 0.541959328837998 0.549175183693465 0.553865398229607 0.576209147309626 0.624659494482623 0.636957855080174 0.635322559330609 0.616506847581147 0.598190419620005 0.582718053426884 0.574932582792575 0.560641205560246 0.546589292984237 0.508490842364311 0.503870080580635 0.49236949971782 0.485898307769799 0.470658073621857 0.486208210967215 0.497993697607441 0.507922481805161 0.524588414723112 0.548166730762678 0.561729554825659 0.58589789048902 0.588973670340632 0.60571763994055 0.639051114297383
-9999 -9999 -9999 -9999 -9999 -9999 -9999 -9999 -9999 -9999 -9999 -9999 -9999 -9999 -9999 -9999 -9999 -9999 -9999 0.459748607239386 0.417346239779734 0.360184248202524 0.382211811616333 0.383447827703547 0.399837553574303 0.428552171470405 0.445839469945512 0.5121275734966 0.519121516390945 0.529690436436827 0.52853093472475 0.528275753316554 0.53564842287326 0.550031264382337 0.631354690252347 0.6610665333694 0.643344677776409 0.634254285785161 0.626549644611778 0.607416056118187 0.579653286956802 0.561442112424099 0.540316127943729 0.536027676468971 0.499013075449521 0.483649025646077 0.474413474918027 0.466012968608141 0.455391740708798 0.463028134667216 0.465945593467994 0.470402387619964 0.480677934557726 0.503898577448916 0.527258806002314 0.565703961177892 0.575436990262089 0.562812951605167 0.591726550213187
-9999 -9999 -9999 -9999 -9999 -9999 -9999 -9999 -9999 -9999 -9999 -9999 -9999 -9999 -9999 -9999 -9999 -9999 -9999 -9999 0.409256080179532 0.334903697452048 0.321118137512117 0.322383529624407 0.335605887943848 0.361947683572532 0.454896752742074 0.491411828610703 0.486764659304209 0.511257185407939 0.513395699424952 0.506108067454084 0.51461831373646 0.562059157334661 0.663373400017717 0.664871324722863 0.649783013337107 0.649862243005152 0.637472710208886 0.616114321738837 0.583422007392967 0.563942536068945 0.525285503156298 0.486872772366541 0.456638654326818 0.462471128146936 0.447963276808227 0.445585700233473 0.437158204988573 0.43094546252058 0.430752385405208 0.430221468458549 0.442312071654964 0.441515553644278 0.478710283742836 0.502976212760244 0.562280847547626 0.549401453847263 0.529052440738089
-9999 -9999 -9999 -9999 -9999 -9999 -9999 -9999 -9999 -9999 -9999 -9999 -9999 -9999 -9999 -9999 -9999 -9999 -9999 -9999 0.351252901198468 0.292864309133715 0.266281024728731 0.26822229749151 0.291023739625948 0.315100259255022 0.412722584002567 0.471676628159915 0.473925318160096 0.480695229180909 0.496713531913867 0.502041062015398 0.511373062607059 0.634287822537044 0.663296749138048 0.674605621956264 0.663857456424126 0.653507816291887 0.644921702826056 0.618729910704579 0.587086454594346 0.556756974890699 0.523329386679212 0.473147323384802 0.448038332724918 0.417167928001857 0.412419104164634 0.402588122973146 0.395644959632425 0.382347585200173 0.391865427925311 0.394086970046086 0.407489576675166 0.417688007578656 0.422494217591446 0.441921752062571 0.470973540093947 0.480288480546093 0.483841586534188
-9999 -9999 -9999 -9999 -9999 -9999 -9999 -9999 -9999 -9999 -9999 -9999 -9999 -9999 -9999 -9999 -9999 -9999 -9999 -9999 -9999 0.283782143877456 0.248652586079511 0.214150985078898 0.23328471377071 0.265899821033163 0.327195549618401 0.439680355439031 0.453744083474505 0.459612227874665 0.481961583586376 0.494741235869061 0.543314661014877 0.662485910905607 0.664804020589997 0.660580405814723 0.660317116612039 0.649765085404737 0.63763664205875 0.613879060430695 0.586586288349633 0.554373694382588 0.514012080231094 0.482690077039668 0.453346423288933 0.418975342441673 0.390540505668749 0.372915325670333 0.352282825550012 0.337996938790421 0.336972112668028 0.346657952299188 0.361419149001092 0.386080703488974 0.397975169020354 0.401511718333159 0.40407793134059 0.416789514741975 0.452791322040396
-9999 -9999 -9999 -9999 -9999 -9999 -9999 -9999 -9999 -9999 -9999 -9999 -9999 -9999 -9999 -9999 -9999 -9999 -9999 -9999 -9999 0.283638199480409 0.250683410104847 0.184051358876095 0.194198766166076 0.238207554810888 0.329566853236486 0.382483287949088 0.420615784469607 0.44568764615965 0.476465238705349 0.536438849661007 0.646927717625902 0.663413580644283 0.648010926667045 0.653238418832504 0.660925403147564 0.635854686465125 0.629259618662731 0.622427945930861 0.608303844667841 0.564579641313418 0.534308199978571 0.49804938401942 0.459416303465095 0.41620475972469 0.377425450395798 0.351994355846169 0.346316113386827 0.336760549630603 0.328436709385844 0.314172224748423 0.319367132257162 0.357129992600776 0.347988871867777 0.362225579273724 0.375493098337211 0.390179337564545 0.414674439281027
-9999 -9999 -9999 -9999 -9999 -9999 -9999 -9999 -9999 -9999 -9999 -9999 -9999 -9999 -9999 -9999 -9999 -9999 -9999 -9999 -9999 -9999 0.238685227769371 0.204156503476063 0.163459589814611 0.187392029681599 0.225167135392787 0.266641131542061 0.32013361496145 0.402987320099266 0.512502469769872 0.595283051533834 0.636805667119655 0.645889082043836 0.639348264583037 0.638621935147908 0.642173913015069 0.645379548690298 0.650978789433306 0.644730630532892 0.623686353692319 0.592605588367446 0.55897988479592 0.516935767327902 0.468257749329994 0.414427027057528 0.366835800556015 0.336846843372509 0.333429699515664 0.333130604095421 0.329013047774721 0.32383883271553 0.328288447035309 0.327371351183936 0.314165205180726 0.304155895021552 0.315711283629453 0.346400202201975 0.373412405123976
-9999 -9999 -9999 -9999 -9999 -9999 -9999 -9999 -9999 -9999 -9999 -9999 -9999 -9999 -9999 -9999 -9999 -9999 -9999 -9999 -9999 -9999 0.236649000774399 0.226607321892928 0.189131982128763 0.143333320273666 0.143876650581527 0.201599292443954 0.252661559882145 0.43365155608993 0.50371333009057 0.484791667301517 0.567915135370985 0.465587907078544 0.363205834041129 0.549181352670607 0.619994183529858 0.654648471154319 0.672567869713919 0.659395108491811 0.63918906565764 0.618465863164228 0.590474308287594 0.548665632232254 0.488056831830092 0.419714964212916 0.355810734420887 0.321364673050866 0.319087834652013 0.327388670771622 0.337594418989658 0.339585890507733 0.337719678103488 0.329325475927989 0.313143423611656 0.297715695154352 0.284556449816085 0.298085306864621 0.310832132007051
-9999 -9999 -9999 -9999 -9999 -9999 -9999 -9999 -9999 -9999 -9999 -9999 -9999 -9999 -9999 -9999 -9999 -9999 -9999 -9999 -9999 -9999 -9999 -9999 0.266027748263592 0.162717677781605 0.124522425936793 0.163601197433297 0.278296690818079 0.423111922299664 0.527424018911076 0.425712809572074 0.512993148932443 0.381912726375949 0.304955550007081 0.486248183905432 0.597417225274428 0.676061974708077 0.685125318296803 0.687470238427653 0.686585665680175 0.667323346239883 0.637562852426874 0.594670894626973 0.523534432466778 0.43957295605795 0.355869429920397 0.312506299000483 0.315844763732928 0.327753291647422 0.334576968712322 0.342536110104863 0.336784021070785 0.324896393104086 0.304462204853417 0.293974828906241 0.281205957714512 0.266240468369957 0.267101373890894
-9999 -9999 -9999 -9999 -9999 -9999 -9999 -9999 -9999 -9999 -9999 -9999 -9999 -9999 -9999 -9999 -9999 -9999 -9999 -9999 -9999 -9999 -9999 -9999 -9999 0.222830143539012 0.109431193359194 0.106523708059264 0.151826420655037 0.245716510651947 0.346773753635928 0.356159269286997 0.326196240842981 0.277875169183572 0.237560163836932 0.394177659683423 0.464456562968848 0.580050167415389 0.646990162028578 0.685548495998424 0.715414956886966 0.713458324208281 0.700472991267569 0.653825209807608 0.576994048376011 0.487917113449387 0.403157659120733 0.351766991461177 0.341257696652114 0.336147793932301 0.335393004241332 0.336420772745918 0.330637276114411 0.310440355118867 0.291639398792023 0.277456279263623 0.269781616863851 0.257892533160313 0.265922642584155
-9999 -9999 -9999 -9999 -9999 -9999 -9999 -9999 -9999 -9999 -9999 -9999 -9999 -9999 -9999 -9999 -9999 -9999 -9999 -9999 -9999 -9999 -9999 -9999 -9999 0.313561827850213 0.206267974572706 0.075067179113411 0.0771870345502845 0.141479012128478 0.162536543266897 0.202904997575114 0.21804354027098 0.163462546906015 0.146280871721467 0.156833682074142 0.197414269056234 0.33708163565312 0.466174408925158 0.644096104196494 0.712505083663317 0.74378061570903 0.751101922494596 0.717365478463645 0.639719668453724 0.547530633083023 0.464831562839574 0.4060426252474 0.373208639392833 0.354270032935162 0.337423667423146 0.326763833145567 0.314837612768315 0.294975069085086 0.268121019446101 0.246088297074636 0.247735009123277 0.230915070886443 0.233704102661023
-9999 -9999 -9999 -9999 -9999 -9999 -9999 -9999 -9999 -9999 -9999 -9999 -9999 -9999 -9999 -9999 -9999 -9999 -9999 -9999 -9999 -9999 -9999 -9999 -9999 -9999 0.377792680416011 0.139740908691865 0.0805629757936132 0.0844554420260274 0.130693487876782 0.137252791440448 0.211167990266816 0.105122955717637 0.119623408142339 0.124458925565266 0.0869011028127986 0.165475033465305 0.182401679271562 0.401532751334024 0.563314120679777 0.669627944787802 0.743918425383761 0.742336036607567 0.689215756295488 0.598966081662068 0.516407124810236 0.451114338068103 0.403672860048031 0.371112179058758 0.342789901857229 0.318455240332019 0.297240879655934 0.273770008581369 0.248188057862073 0.231958300564053 0.219971288892168 0.205479645469595 0.199857056100169
-9999 -9999 -9999 -9999 -9999 -9999 -9999 -9999 -9999 -9999 -9999 -9999 -9999 -9999 -9999 -9999 -9999 -9999 -9999 -9999 -9999 -9999 -9999 -9999 -9999 -9999 0.467275040655222 0.296725973670345 0.226994885853517 0.0846242874397568 0.0917380647563439 0.0684434038225052 0.0842061560874806 0.0466888269681335 0.0769488995595478 0.056162488972484 0.071818354602138 0.122881238267339 0.113187879233907 0.121686110381237 0.203106841815547 0.45470986213572 0.63617809511457 0.702226574144702 0.684098963699243 0.627689280825078 0.548318499788317 0.482900453890925 0.428594755714757 0.38679915167984 0.3465214498734 0.310904785478531 0.282294172386383 0.254442139436419 0.232421101272364 0.217003918133488 0.201347235831827 0.195176102266789 0.193324352923621
-9999 -9999 -9999 -9999 -9999 -9999 -9999 -9999 -9999 -9999 -9999 -9999 -9999 -9999 -9999 -9999 -9999 -9999 -9999 -9999 -9999 -9999 -9999 -9999 -9999 -9999 0.471202115127207 0.47144421898728 0.397920010088315 0.152235966940543 0.0797528912356402 0.057566438417129 0.0039948176256839 0.000215688262775565 0.0110644161242604 0.0625311155322309 0.0857182795921837 0.112761499234388 0.131837236710087 0.11740374976374 0.0463458163365741 0.277859375079056 0.614480594710984 0.658785853625407 0.611191642924056 0.575502533992224 0.512132281367349 0.480395491832 0.439228429212677 0.396864800557023 0.344449051048179 0.298491936511858 0.267550742367288 0.239785655370846 0.219886992592617 0.205449654231729 0.191917713957897 0.186274684833126 0.201937932619001
-9999 -9999 -9999 -9999 -9999 -9999 -9999 -9999 -9999 -9999 -9999 -9999 -9999 -9999 -9999 -9999 -9999 -9999 -9999 -9999 -9999 -9999 -9999 -9999 -9999 -9999 -9999 0.485939302611914 0.450819090542969 0.312934849883921 0.168281593044118 0.0832448459606951 0.0461332557584744 0.0704279928596695 0.00644044038951753 0.026829289681776 0.0432555578174014 0.0725313284440008 0.1201190301723 0.12747519316708 0.0733630638246738 0.242466388468832 0.507773358043774 0.558179193873833 0.550623765097163 0.447809496829446 0.451607358755674 0.47816205499311 0.451931206872577 0.405526911219896 0.351878256974611 0.297222559865413 0.252407521004664 0.228772710535093 0.212492525702913 0.200760568421262 0.187904834738301 0.182726813440739 0.199977546221637
-9999 -9999 -9999 -9999 -9999 -9999 -9999 -9999 -9999 -9999 -9999 -9999 -9999 -9999 -9999 -9999 -9999 -9999 -9999 -9999 -9999 -9999 -9999 -9999 -9999 -9999 -9999 -9999 0.433310372711459 0.399797008303902 0.322594010537416 0.228106062488305 0.308378042911736 0.106506462074075 0.0920203110042704 0.0858158765701327 0.0370066649378876 0.0360293006389983 0.0628586193958889 0.122193139294203 0.123393465058052 0.149166785067061 0.204576404606634 0.28220522165463 0.490536926662035 0.463119587397658 0.468610770346499 0.495283537336657 0.47293395032089 0.41790076064657 0.365079648653554 0.311063764035461 0.257467910957906 0.2255293021476 0.199435551794992 0.192885620962031 0.181552759232393 0.17199261928132 0.192272165875063
-9999 -9999 -9999 -9999 -9999 -9999 -9999 -9999 -9999 -9999 -9999 -9999 -9999 -9999 -9999 -9999 -9999 -9999 -9999 -9999 -9999 -9999 -9999 -9999 -9999 -9999 -9999 -9999 -9999 -9999 0.402464899860452 0.394276483490981 0.402954976269116 0.32386099381634 0.292680190822581 0.154400641255937 0.0486845648920315 0.0901386117974902 0.0261582875174019 0.0774775423466255 0.0950092287696137 0.114265502058785 0.0787791278654322 0.0689622999481702 0.364741368711933 0.363825310469561 0.368932998201354 0.466543186794066 0.487517639648761 0.434400352314158 0.379842453864885 0.330537485693287 0.278016376028101 0.244603488516153 0.211468540274106 0.190321620714456 0.182272972692213 0.163884597656603 0.193854735186924
-9999 -9999 -9999 -9999 -9999 -9999 -9999 -9999 -9999 -9999 -9999 -9999 -9999 -9999 -9999 -9999 -9999 -9999 -9999 -9999 -9999 -9999 -9999 -9999 -9999 -9999 -9999 -9999 -9999 -9999 -9999 -9999 0.38101636283519 0.543218415932173 0.442441410872884 0.330576156282158 0.174742871643756 0.211099810896391 0.00124903737599063 0.0239548816732215 0.0653549766825118 0.103931417364513 0.0973741471598177 0.0849476416649372 0.258712599401206 0.246571760226939 0.11865298387397 0.268482012584444 0.464735555230736 0.438590224666067 0.392830275234716 0.344599106728069 0.293603981567384 0.261315083626106 0.239909323018076 0.22040886721572 0.204033060105712 0.193941612863397 0.207938826531315
-9999 -9999 -9999 -9999 -9999 -9999 -9999 -9999 -9999 -9999 -9999 -9999 -9999 -9999 -9999 -9999 -9999 -9999 -9999 -9999 -9999 -9999 -9999 -9999 -9999 -9999 -9999 -9999 -9999 -9999 -9999 -9999 -9999 0.605809096930955 0.477777479910364 0.511499991585431 0.425842427163213 0.211556466321736 0.0560353145034281 0.0228913179401169 0.0171319896338751 0.0893530950091801 0.0691446345526423 0.0985124325779257 0.0866717401448607 0.0852069915964549 0.158418671284693 0.127789453217775 0.053472253783033 0.251510220408087 0.341135078725427 0.332970650419133 0.292529183915606 0.269923773523951 0.257063327363712 0.239501704404046 0.227022924232317 0.21942294508856 0.222849762308496
-9999 -9999 -9999 -9999 -9999 -9999 -9999 -9999 -9999 -9999 -9999 -9999 -9999 -9999 -9999 -9999 -9999 -9999 -9999 -9999 -9999 -9999 -9999 -9999 -9999 -9999 -9999 -9999 -9999 -9999 -9999 -9999 -9999 -9999 -9999 -9999 0.431590962073034 0.425042706546327 0.317182552015652 0.0952167501335802 0.0572563288043268 0.0799651301370856 0.0957200023367947 0.110007305787778 0.115198947075521 0.0718273398353105 0.120707402635668 0.147774383263332 0.0764433360400216 0.0803459142182187 0.198426282533003 0.243529069641725 0.27114178574266 0.278201332537013 0.26360310832948 0.25171336904567 0.239442002073284 0.245666152651059 0.226762776759206
-9999 -9999 -9999 -9999 -9999 -9999 -9999 -9999 -9999 -9999 -9999 -9999 -9999 -9999 -9999 -9999 -9999 -9999 -9999 -9999 -9999 -9999 -9999 -9999 -9999 -9999 -9999 -9999 -9999 -9999 -9999 -9999 -9999 -9999 -9999 -9999 -9999 0.607906238727384 0.588610744885602 0.380379714275938 0.0624192540742692 0.0403041295743107 0.0728583145514029 0.0890515666736097 0.107137145533092 0.0645365618700692 0.030906188053739 0.0894053818439958 0.179334819006048 0.204069033482838 0.20242550436782 0.157942957050199 0.219195964738343 0.287017267910735 0.272155273243298 0.262970755349345 0.256327236431675 0.251697783939824 0.242797793983587
-9999 -9999 -9999 -9999 -9999 -9999 -9999 -9999 -9999 -9999 -9999 -9999 -9999 -9999 -9999 -9999 -9999 -9999 -9999 -9999 -9999 -9999 -9999 -9999 -9999 -9999 -9999 -9999 -9999 -9999 -9999 -9999 -9999 -9999 -9999 -9999 -9999 -9999 0.627642112636456 0.457410176980789 0.123083712210054 0.042057230364488 0.0879391439858658 0.102282761834687 0.0990208117613336 0.0675608635397363 0.0312130951778621 0.0625493166712653 0.160891149602399 0.198321143913985 0.176534657708776 0.140776813481535 0.222077608548771 0.291246230101545 0.280393435656625 0.273246474137178 0.269237003393808 0.263776795452588 0.26464675258222
-9999 -9999 -9999 -9999 -9999 -9999 -9999 -9999 -9999 -9999 -9999 -9999 -9999 -9999 -9999 -9999 -9999 -9999 -9999 -9999 -9999 -9999 -9999 -9999 -9999 -9999 -9999 -9999 -9999 -9999 -9999 -9999 -9999 -9999 -9999 -9999 -9999 -9999 0.506710417918414 0.436791665280175 0.187158738337572 0.0462871736195325 0.0716125954060439 0.103846426330551 0.0922779035175899 0.0583275575012184 0.01406326243984 0.0106059191207084 0.111463330274051 0.132575369459907 0.110475151690267 0.186198926504971 0.248947077312921 0.291834845603547 0.29058950633706 0.275696834581523 0.271139543738451 0.289273083157154 0.26593873904406
-9999 -9999 -9999 -9999 -9999 -9999 -9999 -9999 -9999 -9999 -9999 -9999 -9999 -9999 -9999 -9999 -9999 -9999 -9999 -9999 -9999 -9999 -9999 -9999 -9999 -9999 -9999 -9999 -9999 -9999 -9999 -9999 -9999 -9999 -9999 -9999 -9999 -9999 0.4787179704275 0.45046778308977 0.303042464120938 0.0893297296728763 0.0683734786723803 0.0990073449835724 0.0765902371285591 0.0380167640562407 0.00105060547048047 0.00473487127633776 0.040423065926433 0.0806238731276476 0.100898919934751 0.194292281095116 0.23729507295034 0.288955476263867 0.285992904371509 0.265928522768373 0.289250835676444 0.285822318307378 0.28334589672822
-9999 -9999 -9999 -9999 -9999 -9999 -9999 -9999 -9999 -9999 -9999 -9999 -9999 -9999 -9999 -9999 -9999 -9999 -9999 -9999 -9999 -9999 -9999 -9999 -9999 -9999 -9999 -9999 -9999 -9999 -9999 -9999 -9999 -9999 -9999 -9999 -9999 -9999 -9999 0.400357662422749 0.357359146724837 0.115520191696093 0.0521926703381268 0.0880080830468128 0.0370245213047723 0.0386250097147422 0.00318438599547252 0 0.0577235636722589 0.0650587343754324 0.161674838880527 0.207618998074743 0.233938836141792 0.303561493551315 0.258417081378316 0.300599982903989 0.293458789314131 0.29558639117589 0.303577468447279
-9999 -9999 -9999 -9999 -9999 -9999 -9999 -9999 -9999 -9999 -9999 -9999 -9999 -9999 -9999 -9999 -9999 -9999 -9999 -9999 -9999 -9999 -9999 -9999 -9999 -9999 -9999 -9999 -9999 -9999 -9999 -9999 -9999 -9999 -9999 -9999 -9999 -9999 -9999 0.434291683683 0.407147718587457 0.162497900253046 0.0411584609472347 0.0746022639669553 0.0674548786514015 0.0476054959178399 0.00818241942587479 0.000604639493565035 0.0457651461673119 0.0264710113042157 0.127255809875267 0.239247984475599 0.244502825988233 0.273848092741506 0.302975445913416 0.303870668506755 0.299695359067141 0.30386212007119 0.30902701131019
