layers/veg_krg_50/veg_3800.asc
NCOLS 128 
NROWS 165 
XLLCORNER -2985163.8955 
YLLCORNER -3022031.214 
CELLSIZE 50000 
NODATA_value -9999 
[rows 26 to 51 of 165, columns 59 to 117 of 128]
0.312281850566365 0.292590571475905 0.294953540601939 0.278921107064084 0.266831987779009 0.25216559518791 0.645152363635492 0.694167246280774 0.707650713542022 0.682103290523966 0.698870167619822 0.737418297747649 0.757672710378068 0.79845035891758 0.841308857488045 0.869457374112957 0.876251980917594 0.898918506555387 0.90795739158461 0.902957495750733 0.908345425261714 0.917671298063092 -9999 -9999 -9999 -9999 -9999 -9999 -9999 -9999 -9999 -9999 -9999 -9999 -9999 -9999 -9999 -9999 -9999 -9999 -9999 -9999 -9999 -9999 -9999 -9999 -9999 -9999 -9999 -9999 -9999 -9999 -9999 -9999 -9999 -9999 -9999 -9999 -9999
0.302346743121504 0.291949114945368 0.300735777884273 0.296067637948033 0.454920373725073 0.560357301773253 0.693732150217889 0.719792058247049 0.715195263511794 0.705678602346324 0.714319987929813 0.718338134790417 0.754481271394321 0.792697339871563 0.833850231895834 0.852698188608361 0.857864402172425 0.874359739643667 0.880931980976179 0.888805689220373 0.898856789793511 0.923009208967048 0.945558254705118 -9999 -9999 -9999 -9999 -9999 -9999 -9999 -9999 -9999 -9999 -9999 -9999 -9999 -9999 -9999 -9999 -9999 -9999 -9999 -9999 -9999 -9999 -9999 -9999 -9999 -9999 -9999 -9999 -9999 -9999 -9999 -9999 -9999 -9999 -9999 -9999
0.311618464390283 0.584158303058472 0.60780912937085 0.605305183125217 0.658692867822306 0.682234001981006 0.754233679083626 0.744929271781967 0.719698158237729 0.724325552387716 0.728185255265823 0.733436540880823 0.730361432262832 0.758448041507449 0.814062978083454 0.837462562328231 0.863589301865763 0.87304808799352 0.894642875196126 0.909849058321507 0.915632016176431 0.92754431286106 0.944873152733694 0.942344810683828 -9999 -9999 -9999 -9999 -9999 -9999 -9999 -9999 -9999 -9999 -9999 -9999 -9999 -9999 -9999 -9999 -9999 -9999 -9999 -9999 -9999 -9999 -9999 -9999 -9999 -9999 -9999 -9999 -9999 -9999 -9999 -9999 -9999 -9999 -9999
0.623444076387553 0.627119829688993 0.639281367016479 0.673820695104441 0.691197372827838 0.7056298532285 0.745791210137874 0.751152022232826 0.729127937753031 0.73079861404699 0.73947076408767 0.726674147508252 0.722808454075605 0.755728767865082 0.80409781429489 0.840898033617117 0.856414119414601 0.876794467742678 0.898676216280144 0.910941290448737 0.925128039532869 0.942565121938176 0.946678155394865 0.947364726141118 -9999 -9999 -9999 -9999 -9999 -9999 -9999 -9999 -9999 -9999 -9999 -9999 -9999 -9999 -9999 -9999 -9999 -9999 -9999 -9999 -9999 -9999 -9999 -9999 -9999 -9999 -9999 -9999 -9999 -9999 -9999 -9999 -9999 -9999 -9999
0.656960556992681 0.68018184571985 0.706353860138586 0.722006255064887 0.724822406621569 0.756163595794344 0.762917396204172 0.76204367502904 0.746722934069063 0.742567183143487 0.702079377770727 0.701779920902281 0.691753449960095 0.7435356715071 0.792192052880694 0.826635427509721 0.849978483706491 0.865322564012487 0.886700584063665 0.91257091115684 0.939538671733688 0.952642557065709 0.955008529109795 0.953412882985594 -9999 -9999 -9999 -9999 -9999 -9999 -9999 -9999 -9999 -9999 -9999 -9999 -9999 -9999 -9999 -9999 -9999 -9999 -9999 -9999 -9999 -9999 -9999 -9999 -9999 -9999 -9999 -9999 -9999 -9999 -9999 -9999 -9999 -9999 -9999
0.699153001097781 0.727605343140235 0.743656880561869 0.752781309111445 0.75855983268312 0.755081066726617 0.741211828841561 0.745722120785559 0.736001338263166 0.714574688355083 0.678098760515204 0.687576726689603 0.641257727479194 0.693386894156278 0.779296091530269 0.798971375298686 0.833420219673566 0.861018458352033 0.879564536011589 0.915760877225727 0.948971316925052 0.955510106658887 0.960009671245937 0.957209743522221 -9999 -9999 -9999 -9999 -9999 -9999 -9999 -9999 -9999 -9999 -9999 -9999 -9999 -9999 -9999 -9999 -9999 -9999 -9999 -9999 -9999 -9999 -9999 -9999 -9999 -9999 -9999 -9999 -9999 -9999 -9999 -9999 -9999 -9999 -9999
0.739684510504538 0.756588716703937 0.777076241612422 0.785767458919655 0.788801315518004 0.763531676202471 0.755625493090197 0.747266469003537 0.728888865189367 0.680434913840203 0.693661652065434 0.630802255489795 0.593763643999231 0.710028051103733 0.763673592696254 0.765822108928091 0.802821471855332 0.844487523190755 0.866025894308364 0.915214828536498 0.953855641852164 0.964755041663368 0.966301931494085 0.959842639652915 -9999 -9999 -9999 -9999 -9999 -9999 -9999 -9999 -9999 -9999 -9999 -9999 -9999 -9999 -9999 -9999 -9999 -9999 -9999 -9999 -9999 -9999 -9999 -9999 -9999 -9999 -9999 -9999 -9999 -9999 -9999 -9999 -9999 -9999 -9999
0.773983436830043 0.791925614384156 0.806780188769177 0.809885176812432 0.802365454408106 0.819170163509706 0.823288983134971 0.807430666855708 0.775212246409933 0.775147014118722 0.686943770359196 0.660547955660276 0.690944624356214 0.688187066306149 0.723186068510366 0.736645424855239 0.791521896235726 0.835587580877075 0.885890095890023 0.926236872039405 0.958288432673267 0.971197160844428 0.968284610237172 0.956240774846594 0.937601099141402 0.924906743434774 0.910477821814602 -9999 -9999 -9999 -9999 -9999 -9999 -9999 -9999 -9999 -9999 -9999 -9999 -9999 -9999 -9999 -9999 -9999 -9999 -9999 -9999 -9999 -9999 -9999 -9999 -9999 -9999 -9999 -9999 -9999 -9999 -9999 -9999
0.809158730374198 0.826428426733194 0.828545966908869 0.829739870281612 0.821323947793254 0.828496142512194 0.856200146764861 0.863437866757834 0.846668641653321 0.844997960102928 0.709938309592669 0.758082390876576 0.668700613555827 0.657893646133757 0.661610210778552 0.736213281477012 0.807940255476442 0.843538614170839 0.901141607362898 0.945834817817848 0.973218607666359 0.974583883003054 0.967719953487837 0.953191182870984 0.930800401811045 0.920330383717093 0.907771927208398 0.895958259074511 0.879328141229047 0.854083527868651 0.831387459428062 0.796292838300299 -9999 -9999 -9999 -9999 -9999 -9999 -9999 -9999 -9999 -9999 -9999 -9999 -9999 -9999 -9999 -9999 -9999 -9999 -9999 -9999 -9999 -9999 -9999 -9999 -9999 -9999 -9999
0.852225066527296 0.85033540506152 0.847385226748253 0.842661156472171 0.840484417513234 0.843159139026875 0.851785137610704 0.852060891634382 0.860186409421521 0.890794173114342 0.844749827298077 0.819065149295604 0.769728465546714 0.759143476700293 0.731216810317326 0.785641084589879 0.820654122865878 0.877193741063689 0.913235426270096 0.953676048904279 0.973665703589771 0.97385850419252 0.962285768041999 0.947283526488813 0.92832859767673 0.92167413744171 0.901953700323179 0.889156958614678 0.85863749891121 0.83311965186176 0.813361883309108 0.787912076414671 0.727656547225536 -9999 -9999 -9999 -9999 -9999 -9999 -9999 -9999 -9999 -9999 -9999 -9999 -9999 -9999 -9999 -9999 -9999 -9999 -9999 -9999 -9999 -9999 -9999 -9999 -9999 -9999
0.870502744874487 0.870247212568033 0.863898853923754 0.856196635695949 0.853104158042241 0.852693951718087 0.871568422677141 0.882261432012895 0.905609699618454 0.874277190920804 0.867349107379051 0.863463355093441 0.86632368248652 0.847291637340051 0.83429457967635 0.813563565817501 0.820130753558067 0.867488083296299 0.903608885430375 0.94351696391689 0.962806851123524 0.962091020914885 0.950414083342725 0.935802707667485 0.924035978983585 0.911904107642926 0.875351497574474 0.854421972672428 0.838751245961842 0.816610695106614 0.792186768330313 0.758591154536666 0.722696075598847 0.711013168974561 0.691930512575381 -9999 -9999 -9999 -9999 -9999 -9999 -9999 -9999 -9999 -9999 -9999 -9999 -9999 -9999 -9999 -9999 -9999 -9999 -9999 -9999 -9999 -9999 -9999 -9999
0.892200007834258 0.887905628411911 0.875768230137865 0.863386384149431 0.864031001956786 0.863830277781978 0.875146407813031 0.87352171019066 0.861546958952272 0.838512958989371 0.785476606213945 0.785069359858748 0.826613157936037 0.833508875525609 0.805816085404319 0.790835966537758 0.792045427853767 0.848187681585754 0.880190562167334 0.917312462513568 0.935113291422499 0.937484363141255 0.931346301718979 0.923535482525195 0.910677034739588 0.864186550800367 0.834185971264918 0.83527617535165 0.822214868726479 0.790559598092635 0.773618562259523 0.729769271928265 0.705373193212096 0.692194390772717 0.672659369012362 0.661998535419716 -9999 -9999 -9999 -9999 -9999 -9999 -9999 -9999 -9999 -9999 -9999 -9999 -9999 -9999 -9999 -9999 -9999 -9999 -9999 -9999 -9999 -9999 -9999
0.909784287349833 0.896029329267792 0.890905593328189 0.881106146922236 0.867939588889708 0.859713677241937 0.856443998349841 0.860895019308125 0.854277027410953 0.84028841670577 0.785697478489046 0.79135931422863 0.808744336192557 0.794017856422447 0.781176070993672 0.782203620526018 0.789150466042624 0.824793647019631 0.844737751068623 0.874339954455799 0.894547216981192 0.897190366525788 0.898261648811756 0.899833566277161 0.881212748072362 0.838317665043766 0.834935475351029 0.82393759110257 0.80391777585215 0.768853756008109 0.739899207733764 0.688092557793363 0.670760192261162 0.665395784810107 0.654344342196103 0.64405472815901 -9999 0.609778149345127 -9999 -9999 -9999 -9999 -9999 -9999 -9999 -9999 -9999 -9999 -9999 -9999 -9999 -9999 -9999 -9999 -9999 -9999 -9999 -9999 -9999
0.919815045487968 0.903454959930209 0.89310031560969 0.880286776376168 0.868723003974495 0.858140056002798 0.851090046112423 0.845421660855226 0.838319073407639 0.825187497008798 0.758657430728667 0.830825993801092 0.802044712624379 0.787139167449737 0.780285804673223 0.776337835858617 0.779876499255426 0.789084585011292 0.825503376326914 0.841581702582274 0.853404702733903 0.860195787212343 0.868212613213845 0.876937058588117 0.879151857327015 0.843687856537882 0.825653292312359 0.808966780245353 0.78145765381285 0.755757180694412 0.704317520444979 0.636119292943644 0.649741327751576 0.654355879210467 0.644948436845276 0.630730794262556 0.607462121391303 0.588983543876976 0.581220436808202 0.586435219569994 0.605776569863829 0.637666130414881 -9999 -9999 -9999 -9999 -9999 -9999 -9999 -9999 -9999 -9999 -9999 -9999 -9999 -9999 -9999 -9999 -9999
0.915084488597476 0.901932118021451 0.887062578313328 0.873655243437039 0.862671878235463 0.851195080688525 0.844314388190151 0.832239443066127 0.822941479695442 0.80975261739168 0.804935385027009 0.790457283536412 0.766395795822494 0.756001379168992 0.76742090221099 0.775631387577371 0.783420292422192 0.768544307060379 0.783874560368256 0.799099049410442 0.808422750544223 0.819141903391865 0.83258329141738 0.842574446150426 0.841452698490296 0.829518222130018 0.812102293897011 0.777950417575921 0.710015149775845 0.743242534765191 0.627441397355791 0.639143029633094 0.637626666955762 0.638932836666545 0.639821830668647 0.615900419666549 0.581370400352153 0.549522324182766 0.547307142894326 0.575762237988178 0.605470873950859 0.629069336156886 0.627527282885146 0.650181370377585 0.704109225507949 0.754131656889135 -9999 -9999 -9999 -9999 -9999 -9999 -9999 -9999 -9999 -9999 -9999 -9999 -9999
0.904486509286541 0.895363765932411 0.884314602611911 0.86770632509636 0.854031117838418 0.839060507995107 0.832685354092245 0.823887763626058 0.818633151612467 0.790342715237308 0.769558038611155 0.747220225423144 0.718085763259881 0.733990132401247 0.74695601564022 0.74424952996673 0.735712902582294 0.73792447865317 0.741477249699353 0.757317124914653 0.764102797788086 0.767374094944801 0.782459818532783 0.821573803122421 0.821447747665999 0.815298877469142 0.797390822917654 0.746955354932303 0.692306437583239 0.68510984454203 0.625285198182286 0.650514334564398 0.640275278431598 0.646826819048345 0.629073629235131 0.605486584305194 0.567187816202519 0.554233057183466 0.549847893833403 0.581617437024559 0.599524131207202 0.602018899746548 0.583067363280724 0.638657636724583 0.699358458253443 0.752276882793353 0.790455322891015 -9999 -9999 -9999 -9999 -9999 -9999 -9999 -9999 -9999 -9999 -9999 -9999
0.89200507160595 0.886363032662933 0.875624728054789 0.861706654896429 0.847385496918599 0.826391215422269 0.822707142363843 0.819827131029193 0.806108252213067 0.774235182502462 0.741805206118459 0.720933505860073 0.703223932774176 0.698231518037744 0.704648379013977 0.695755242384397 0.703674855088015 0.691370891635032 0.683824151729574 0.704087535050539 0.684592110168626 0.695563265191103 0.717920292216296 0.809686351016285 0.823181968469772 0.768318103237624 0.755319311995924 0.698387786015499 0.644296908941324 0.655380369825902 0.638393098390253 0.623832853749968 0.618755746524352 0.623448400626054 0.610950516476806 0.589227215091575 0.559012631586732 0.552900867925152 0.55524554899531 0.572142267098344 0.58845358854282 0.598150523760408 0.514958246491231 0.553653813381804 0.695831732454529 0.727189568796362 0.772622570041389 0.815667302819178 -9999 -9999 -9999 -9999 -9999 -9999 -9999 -9999 -9999 -9999 -9999
0.87960237210028 0.873655707951517 0.865524327890294 0.854853942535114 0.836118989140881 0.827042354735519 0.812199731259433 0.798119371139135 0.774663520311799 0.764832712223702 0.722855516271862 0.694093414332723 0.686593214385013 0.68609553186737 0.671789214991058 0.649151810599569 0.672237337717051 0.654080535761315 0.643406803174644 0.661900359535537 0.615735681334202 0.625381889688901 0.688350286123141 0.766610941340182 0.834152583738943 0.824931319125617 0.785160120752154 0.710529883919477 0.617975170342917 0.638431236434627 0.607735667757251 0.567293914319787 0.600628514232807 0.600486854574608 0.585291239395466 0.565487316583826 0.552234537488303 0.561986346069729 0.562780197465823 0.564711511166043 0.579799468835093 0.512476023159534 0.489216166060717 0.532542721154829 0.677325414865497 0.687155436599849 0.75189136891649 0.777407979983139 0.828944467174206 -9999 -9999 -9999 -9999 -9999 -9999 -9999 -9999 -9999 -9999
0.859358472059543 0.854715460546127 0.8542592798673 0.843384354916523 0.824692246024193 0.81592976030443 0.812227077971693 0.790822319791306 0.774625688627571 0.75269082279265 0.728134197784009 0.684272975622594 0.671694590325326 0.673259987842317 0.634288556841214 0.613416061579102 0.615859631323819 0.613550622863818 0.585191897708091 0.579939534165874 0.541565907362008 0.571074024364002 0.66122405151536 0.73649099667546 0.799648383703903 0.833477741762582 0.753142245807013 0.753808219970369 0.66429268619046 0.590322946460195 0.595316510828934 0.617688940162137 0.599367935440708 0.606819158066886 0.580642052194873 0.542108347190336 0.551612421039611 0.561081766533355 0.567200636757293 0.572749806880678 0.575568032174738 0.537987463127931 0.503450685605187 0.598920532163524 0.641973308683961 0.643705687842549 0.697000388601224 0.768243896085558 0.816716367005451 0.840258714522578 -9999 -9999 -9999 -9999 -9999 -9999 -9999 -9999 -9999
0.822617010411731 0.832929622848571 0.830952394800707 0.824437048590969 0.813010311692549 0.803386424983978 0.808247781662632 0.779453550018249 0.746426759355792 0.725971561636503 0.684923842899637 0.66109994254568 0.654273572071763 0.651828250842025 0.616693014915541 0.600426511318103 0.583362291850417 0.581595714770366 0.521750781418243 0.501102594076986 0.508390980719646 0.506798971318107 0.415613984950566 0.624303711705984 0.745127767609535 0.720080853546396 0.758108075748822 0.673676944860652 0.663206073331166 0.569132718659411 0.583863500633113 0.57657601059282 0.562636847642393 0.572383723574769 0.545476157816832 0.545034135002332 0.533885618196402 0.523201233124358 0.535203960520366 0.544478312993874 0.558680137667219 0.537201497109678 0.535288729907244 0.582299565110913 0.574520394677446 0.628607648514584 0.688873686845536 0.761211247947584 0.791620617584123 0.816410712209735 0.824596427898024 -9999 -9999 -9999 -9999 -9999 -9999 -9999 -9999
0.797396933718071 0.811373311508618 0.814516730781113 0.811348983982965 0.798752108918098 0.783186914546207 0.769286253428665 0.737766147069894 0.708665136362092 0.691374329406227 0.674251624283373 0.646261188752719 0.629662365390245 0.612491339318308 0.575284155637464 0.546805934142784 0.554910503802152 0.559287314023351 0.500504213963542 0.519136110931802 0.501876619813089 0.518314744445336 0.522009008949237 0.500869462890229 0.67130054821909 0.67049823676231 0.682593615119546 0.619742170880873 0.638814517034185 0.55814937694829 0.524219058382471 0.497437885168138 0.481728347241329 0.483706164514873 0.478639665914298 0.490534116391078 0.494758528463908 0.498853440683792 0.526310306533698 0.518901071979409 0.533876573230161 0.501074839850226 0.471657243286999 0.53532646128989 0.549324213705262 0.589392942247975 0.691227112609394 0.755783280073762 0.778505600212896 0.797368971498899 0.806830921574748 0.818892708416531 0.818111165152981 0.813482498740399 -9999 -9999 -9999 -9999 -9999
0.772263897678973 0.777660113007572 0.793290764346702 0.786181532736574 0.775132372544344 0.750815464014621 0.732862661981436 0.687454820881977 0.667622174624225 0.664390851422393 0.668315869955104 0.635673383533677 0.635905599991123 0.595722993080899 0.562519202283127 0.519781119465651 0.526638517444449 0.550048353720688 0.516748459935476 0.522474978859632 0.512403781171519 0.501921988273094 0.51938992713639 0.552907515776747 0.624046906286866 0.626999911666455 0.616155297969633 0.594359154807974 0.589866539092866 0.514709709810911 0.480525822192311 0.421192018004221 0.403734731568894 0.435178072855378 0.4438564504581 0.451619382759856 0.443460970428327 0.472728982470414 0.50693282258692 0.483087952123067 0.503863670536463 0.506574844841159 0.437342206891076 0.498053553811232 0.54163885592575 0.592162330452151 0.663913902323275 0.730904614666147 0.723703313293538 0.773299020327796 0.790917551596409 0.804241990646695 0.790658453501675 0.779615239397224 0.781597188883781 0.786680020884473 -9999 -9999 -9999
0.75350101557702 0.752414425025835 0.759496564354962 0.742121345759483 0.729000449574301 0.744574090201265 0.712404254849674 0.640302117018054 0.540360304007091 0.583572984744291 0.641435079303964 0.620509440814165 0.616406685325068 0.575657119810978 0.552052017355366 0.507690179540479 0.542358476932356 0.528509283618434 0.513618556224179 0.525443553523165 0.480564452571201 0.458610085564261 0.487218470215891 0.607661758917195 0.612483090496509 0.574010144931998 0.563425595495776 0.583355122695512 0.547497668205733 0.465169493318518 0.475099181683618 0.467960507363684 0.470686162391373 0.461245806422539 0.457660551157048 0.460333677655731 0.469733502536143 0.483324604983334 0.496177626408212 0.486706342682468 0.47411499703734 0.455843930288426 0.432708873298471 0.475115963070399 0.540658961723981 0.609579827800898 0.669252878341452 0.621446715765391 0.675754063316389 0.703052960020795 0.753208759665322 0.743198465598659 0.713094125626447 0.735103216684749 0.770766273749691 0.784788531784429 -9999 -9999 -9999
0.720395071802868 0.73242162522219 0.733129097249301 0.739032204857904 0.693473588119209 0.667428724614583 0.610612379748589 0.501711325726514 0.371120532865878 0.46996562319995 0.500276475498664 0.559311831355335 0.558898063763874 0.549386316874913 0.565805015607363 0.543425516681567 0.560186700106293 0.518914626737439 0.494117623888771 0.501552850862165 0.477619973772452 0.429351326872713 0.520995529452602 0.606373713581978 0.627199667781805 0.562821742379661 0.573768526601718 0.565689068037937 0.531384758394591 0.491437416176614 0.48697882935702 0.456557124328444 0.43725223406001 0.420335484646106 0.4095528334803 0.426784671846496 0.441012843011271 0.445739625733711 0.477669979792752 0.477271121457911 0.481664767938943 0.47975405279154 0.443726011851084 0.456544065030291 0.488928247600429 0.53359753048566 0.605476672220178 0.631430128023187 0.666706235488818 0.682869025386565 0.70564178562026 0.696884030765208 0.64306411415052 0.705395688551704 0.749246472633976 0.778962405134955 -9999 -9999 -9999
0.690493135909238 0.694903442011477 0.70918365501811 0.721214329619762 0.695155214752049 0.677612631109133 0.634784034265461 0.465992838792247 0.422862602134257 0.463413775492539 0.526889945528147 0.540388919287173 0.53739615862977 0.521693045608367 0.53485518017574 0.50782985257156 0.560989296808039 0.493277359609564 0.48956520317872 0.494286698502814 0.417300065398472 0.454865501831837 0.514393949319782 0.57515276464045 0.572646801171722 0.53539214383282 0.562077277479313 0.508166413745684 0.485309853835232 0.434840793662085 0.432138610261866 0.44243677472777 0.415664784840931 0.391508049781108 0.380095424687416 0.391861453375025 0.382649707232248 0.391433738754701 0.439347271484027 0.447135970394871 0.449562913688296 0.459950549772434 0.424783991763274 0.443851098754746 0.449589006458307 0.500398516370975 0.563757006133714 0.585364487268082 0.621668519429469 0.660082272527225 0.654785191914145 0.652137111112729 0.624434895454459 0.664341084780631 0.734319271843862 0.768958478173072 -9999 -9999 -9999
0.657655243217621 0.659398201638501 0.671614372217627 0.691129213198374 0.67612754990309 0.671703906152911 0.653912732694742 0.658614997908162 0.6456505689511 0.53489688327687 0.512239490136525 0.548671851852582 0.526138470359565 0.505870268309742 0.514851976418481 0.466984677216908 0.483800181314734 0.521069911203967 0.4254187993765 0.43188467133136 0.436617500889277 0.497767790338697 0.505534693515086 0.537424007785354 0.506147612879781 0.510892939575566 0.513325894867249 0.459851595671225 0.418547943177067 0.367844296954818 0.375872581370983 0.412579025986879 0.382702088270667 0.387868362945432 0.361062410139539 0.388012120181836 0.363736058840168 0.378684296702708 0.404520402747002 0.402832862317425 0.409105470837349 0.426825094385316 0.403269169301673 0.441275581663317 0.459149565353915 0.482448251653955 0.517960611635484 0.551491119737963 0.577062115983218 0.582185384664348 0.580425646743423 0.605797362735513 0.621812850519152 0.670651991366882 0.723788725193814 0.744614951765113 -9999 -9999 -9999
