layers/veg_krg_50/veg_4300.asc
NCOLS 128 
NROWS 165 
XLLCORNER -2985163.8955 
YLLCORNER -3022031.214 
CELLSIZE 50000 
NODATA_value -9999 
[rows 26 to 51 of 165, columns 0 to 58 of 128]
-9999 -9999 -9999 -9999 -9999 -9999 -9999 -9999 -9999 -9999 -9999 -9999 -9999 -9999 -9999 -9999 -9999 -9999 -9999 0.650760091569143 0.586475019523125 0.525279525222325 0.329621296159501 0.416327165372539 0.434349990091916 0.31843158797558 0.287210768730621 0.385477979017676 0.382628037863797 0.367895890936879 0.366860952750708 0.391265641727339 0.401182159277334 0.485494011192522 0.522119924783676 0.578157368568357 0.627194003381069 0.653456754984355 0.675351620993277 0.69413724014055 0.699258700951592 0.688971999922543 0.690655598600073 0.709849786113236 0.696565709947901 0.670787515991878 0.653115688406046 0.634127100255735 0.616632343493881 0.614356143267212 0.61905905979328 0.532740857895401 0.402575149271845 0.375923272683119 0.363309561412232 0.363196098653141 0.353938254639794 0.351018392497283 0.347607241847441
-9999 -9999 -9999 -9999 -9999 -9999 -9999 -9999 -9999 -9999 -9999 -9999 -9999 -9999 -9999 -9999 -9999 0.689578563170356 0.64823627883725 0.626308913819837 0.531362499830395 0.430355514134714 0.344127710200182 0.401347322247274 0.352035504066194 0.378903058140199 0.372163496068632 0.379134470056779 0.374712012350185 0.361894907928411 0.368803251661875 0.469998792164874 0.518567918036673 0.562485607087756 0.589299187052006 0.623498691272319 0.659587462133489 0.680930829139758 0.71353327173759 0.732498471967474 0.739585624621308 0.731257026128766 0.734015793608654 0.740563633842322 0.733676122016569 0.71456190599407 0.696834603023229 0.679908640059627 0.669869819317584 0.671090782755289 0.641748695383777 0.603562342806463 0.529162101378401 0.38413078950483 0.355850650135287 0.37239124364505 0.352679017830539 0.345587865461729 0.343944021833362
-9999 -9999 -9999 -9999 -9999 -9999 -9999 -9999 -9999 -9999 -9999 -9999 -9999 -9999 -9999 -9999 -9999 0.687737148388013 0.645231382441865 0.516647929848187 0.425455895024149 0.302539522627892 0.342004359759774 0.424172058945745 0.382611951096926 0.463853626410795 0.396924087363361 0.3768381928638 0.375420239723325 0.431451654124437 0.537931054882922 0.566117406933919 0.590003817340053 0.612143618494267 0.643218978704604 0.68034181702197 0.696672372712463 0.712956376429167 0.738447897322242 0.766148282482007 0.773679337901772 0.772632916742353 0.766519243238071 0.772381242013964 0.774589611400345 0.765969619894724 0.749148736190772 0.728783770046442 0.728746697490036 0.725386974981398 0.667135120506574 0.6273113368962 0.608066774232617 0.58892579168241 0.347914461863132 0.350542366811889 0.350485741961595 0.348613174599008 0.521800997528278
-9999 -9999 -9999 -9999 -9999 -9999 -9999 -9999 -9999 -9999 -9999 -9999 -9999 -9999 -9999 -9999 0.730135788160007 0.720653283657732 0.622323630516381 0.434593834850956 0.366247974850797 0.319660461294876 0.358764237388982 0.393929909564415 0.425274149079953 0.425681692093195 0.429839852196298 0.416390257211388 0.543114538907449 0.581602695822225 0.601815928133739 0.627494847501042 0.648497261387326 0.660582648195704 0.686235207464339 0.723808286141217 0.738984490055682 0.760036728371791 0.773952867376382 0.790323444736172 0.803373445205581 0.807194036369697 0.801720347143898 0.80097584752101 0.815440536937124 0.802372544103549 0.783137649400502 0.777444102142474 0.776202781029674 0.748144478639754 0.713558197054987 0.674508226842008 0.680252563573598 0.697841858802919 0.685443130599323 0.616564624359629 0.623440865061133 0.630965466314565 0.642904050249909
-9999 -9999 -9999 -9999 -9999 -9999 -9999 -9999 -9999 -9999 -9999 -9999 -9999 -9999 -9999 -9999 -9999 0.691452839864071 0.564146268480685 0.396261742844976 0.308047009298002 0.362243329587704 0.376445550606634 0.422364909666712 0.43588019199353 0.427730380770253 0.468868808011661 0.603678262844883 0.623652808372483 0.634177356909847 0.652311608529835 0.689568296309834 0.708799882905266 0.721951708126 0.739528019726654 0.763037796785133 0.778038618738803 0.794594666333168 0.810298331432259 0.820409551378524 0.829127937586373 0.837179473031831 0.838093100516732 0.839557971613962 0.84904962940704 0.832542308460957 0.814130274693298 0.802964439356226 0.782850509835545 0.760832503583791 0.739192619296348 0.72938151477455 0.721793376952927 0.719686886882023 0.709104849626391 0.664388344521834 0.657580152328798 0.663886300068631 0.669539391344304
-9999 -9999 -9999 -9999 -9999 -9999 -9999 -9999 -9999 -9999 -9999 -9999 -9999 -9999 -9999 0.673848492364579 0.663820869037297 0.613607944599816 0.449939979918389 0.312873136299344 0.327205142649592 0.443177508598969 0.437362866057285 0.434617724475684 0.434318682795672 0.489292283655442 0.596404002367594 0.630957865203737 0.675497807009993 0.678695753985836 0.712427231463948 0.752885382567883 0.770059777070364 0.780049653170076 0.796353006290824 0.803615352415884 0.813186931319133 0.824673656492641 0.837392233102231 0.848929240634484 0.853639658248636 0.86088693779894 0.864810095465642 0.868702669157465 0.872931732362604 0.851503960954602 0.825994646471369 0.81057467948971 0.791210097938699 0.774322200511184 0.76074749164037 0.754046895637896 0.744440719597958 0.734380940653615 0.728361777483035 0.71781193336157 0.691170408949341 0.683408339433737 0.689090653483802
-9999 -9999 -9999 -9999 -9999 -9999 -9999 -9999 -9999 -9999 -9999 -9999 -9999 -9999 0.662233715681413 0.654712321138722 0.617227153299357 0.494767853138495 0.34019941376999 0.336914832546785 0.422898863373584 0.479750975205023 0.474365323349076 0.494262281715525 0.548100421912308 0.592938190129096 0.632964660292918 0.665629631775169 0.701153976057692 0.749883976186296 0.780151227650328 0.814051802964726 0.829026822446993 0.842150347402482 0.848699392081542 0.848438523191466 0.849347525401324 0.847625789925805 0.861291299106489 0.866925689960909 0.872143785535922 0.875808237408947 0.877921377367394 0.880274197460574 0.881077710350644 0.863662501582176 0.842426348604327 0.824241763089397 0.808394084307037 0.792006231685236 0.782330196118824 0.777268703525375 0.768243059577411 0.761093030124114 0.758095953734258 0.759474140325434 0.75394099230142 0.728984177133009 0.737021042868752
-9999 -9999 -9999 -9999 -9999 -9999 -9999 -9999 -9999 -9999 -9999 -9999 -9999 0.648569705156069 0.638977085204526 0.630912483848527 0.516946128111289 0.365689589895461 0.279839219504811 0.409094825840199 0.48684937347494 0.501461565722987 0.559434207713092 0.594988577271276 0.623529962655692 0.637928624907894 0.659880424080108 0.693603619696733 0.737813948403016 0.779831293039758 0.838724781652115 0.874103368138082 0.89105563464994 0.89262704134757 0.889315348773869 0.882544096904837 0.881969901044118 0.880206142126693 0.873506393729464 0.876116035040489 0.881788853287007 0.878879599442336 0.875098738859878 0.874319155885185 0.879379911770137 0.865455321679407 0.850214749222454 0.832457996946317 0.817161104988432 0.804808770948536 0.796851002338941 0.793460393557102 0.788528716716897 0.785342846851601 0.784219892995149 0.787627198708675 0.790972094442732 0.791011025578922 0.778173887628606
-9999 -9999 -9999 -9999 -9999 -9999 -9999 -9999 -9999 -9999 -9999 -9999 -9999 0.630859681556645 0.631931745404702 0.618165266017339 0.476457819793784 0.32444819354111 0.2586232211923 0.372590094974901 0.516751748492524 0.577894510286983 0.602419485790136 0.621782511469972 0.645302990005258 0.674742506952497 0.703116256317766 0.723968921942405 0.759987465659282 0.799677099166249 0.843788760442905 0.899175740116786 0.919847702303883 0.921284606677116 0.911516839021058 0.905236632864469 0.900861120175109 0.895340066815447 0.889914774073612 0.884613243922241 0.885004800520792 0.880800098696758 0.877626690585521 0.872161827284825 0.870585386714426 0.85963039167173 0.850047899561932 0.83642803048709 0.819816265650585 0.811515402599903 0.806875296106192 0.804737471727203 0.804472941792999 0.806261354681391 0.810190198471273 0.813257381744607 0.820279285559272 0.825678768470349 0.827016059296729
-9999 -9999 -9999 -9999 -9999 -9999 -9999 -9999 -9999 -9999 -9999 -9999 -9999 0.640657096432392 0.638315656321215 0.60837205179097 0.395401893770397 0.309618843666434 0.317728704297029 0.487493610539109 0.566108649228707 0.600596411790808 0.630736212959609 0.651239807988556 0.674559277193565 0.699996184936074 0.71906954696822 0.755247819324018 0.796947349751872 0.829042409418138 0.855577741976585 0.896662569020999 0.925166801972849 0.926354881850847 0.919706978126714 0.913864516801759 0.91024432029132 0.90126874626291 0.897037899637764 0.890572947401903 0.886740721356209 0.885234865328215 0.876950351043396 0.866298198896171 0.857674613928867 0.844939713486422 0.842308152071016 0.832896673620095 0.818191769191971 0.812307059783198 0.811084241771417 0.812546934226562 0.817120164766627 0.823033330666567 0.831419917905826 0.839456269926357 0.846045503981543 0.849920212623154 0.851818075157846
-9999 -9999 -9999 -9999 -9999 -9999 -9999 -9999 -9999 -9999 -9999 -9999 -9999 0.647897077004063 0.653128554275582 0.63482548753831 0.3594055601305 0.309999064162292 0.412766825894526 0.597011018243453 0.622082232204147 0.63833524010001 0.653953113950873 0.675170819120739 0.687285980470849 0.709831335293854 0.734545277795621 0.764135312053539 0.80092656765155 0.834182250863214 0.862857716831107 0.892799450395646 0.90859473433676 0.918200825134649 0.919582299205139 0.914612377855208 0.910436149190769 0.903511469730475 0.896782006255252 0.889836803584532 0.884644065890385 0.881778236812951 0.866278618934211 0.864191728479837 0.846175083822924 0.828672953677701 0.823235915345308 0.821583401993135 0.812613746439447 0.807602319688563 0.808241760713792 0.813406148828892 0.824241089470698 0.834826469522643 0.847420650325166 0.860924766830465 0.867706879905241 0.873323302248609 0.871319299680346
-9999 -9999 -9999 -9999 -9999 -9999 -9999 -9999 -9999 -9999 -9999 -9999 -9999 0.640795876705765 0.649659187125177 0.655396218914476 0.353775916728735 0.32475504871822 0.424123548288945 0.616172039076582 0.654568504115488 0.6688358181612 0.667967091009671 0.684500336599158 0.702791529127091 0.719838906855482 0.741329269453802 0.774568672419993 0.808297516745099 0.833273012935338 0.854823361977997 0.877743622641816 0.895821701049312 0.90652083081739 0.907977735642204 0.903694784930574 0.899653081189921 0.894276372913067 0.885349483320641 0.878114062375549 0.879449867172877 0.870204329877116 0.855858101722113 0.849506901737185 0.824345879312483 0.807910664502983 0.795759798581448 0.792052010893723 0.794960210275483 0.790030254652687 0.801201632296176 0.81044796455378 0.823467469009884 0.840797649896891 0.861279396131618 0.87899187236652 0.888850524742456 0.89423235462879 0.891163261009918
-9999 -9999 -9999 -9999 -9999 -9999 -9999 -9999 -9999 -9999 -9999 -9999 -9999 0.638319800244734 0.670129622302331 0.675495923577891 0.539207519227324 0.36702232642046 0.426087252335014 0.652475461933761 0.710893488070654 0.683341013333425 0.681949478945834 0.690031747155315 0.708418071999144 0.728973765911709 0.753606910414164 0.785462772125106 0.81464771802542 0.83368991641743 0.849669487144916 0.867469347803313 0.886421813951739 0.89400628711832 0.897943919500818 0.89602936212224 0.886124962163034 0.880008172537098 0.880154532098304 0.869614379798894 0.857372942480047 0.850291540501744 0.840568508822859 0.820086156589168 0.787187519094881 0.77419317993866 0.771466214727807 0.765802526093945 0.767913069680088 0.763055485590321 0.776340409940568 0.788138040934592 0.814617921587418 0.839147466328072 0.86939455391183 0.897044760793344 0.912165728022582 0.913632298825909 0.908170905354087
-9999 -9999 -9999 -9999 -9999 -9999 -9999 -9999 -9999 -9999 -9999 -9999 -9999 0.684239950627326 0.678272445129474 0.662078280312509 0.51714513560503 0.351127601443998 0.451974054022461 0.676665266987868 0.715395834043655 0.734032918942272 0.747998518233695 0.703056368327526 0.713378873687713 0.729601319796954 0.74933238453682 0.768413219201898 0.802345093795714 0.819718002615394 0.831707494643499 0.848394106576453 0.862392653614724 0.882206594742266 0.884583345868283 0.883124892158901 0.878083508987174 0.874726559016991 0.872597283479601 0.861892236008693 0.845583110224628 0.836986685391551 0.818863232663296 0.782431975087008 0.759545458318391 0.755181827593588 0.757347632718599 0.751210500498961 0.74975841320256 0.744839718939849 0.75527409588767 0.76440154021861 0.791252166131502 0.829760519318255 0.87576050164193 0.916040473349034 0.934326093294146 0.933011157158333 0.924812555733731
-9999 -9999 -9999 -9999 -9999 -9999 -9999 -9999 -9999 -9999 -9999 -9999 -9999 -9999 -9999 0.575205203114792 0.329188662005255 0.387033796656145 0.539931833190331 0.645107673651118 0.698818334539739 0.722886531834398 0.735450068805494 0.706372608340577 0.719335567927471 0.732568426066937 0.749030005939403 0.771245970402839 0.791270346282128 0.808317261226542 0.815143277367949 0.833206887830338 0.849420875193073 0.857513264402844 0.862805993253376 0.864135589644058 0.863417976679667 0.867145038605559 0.855387550316616 0.850861731491609 0.829617656015522 0.804299188505008 0.783361523299612 0.752575398648164 0.741209696476461 0.740393252899991 0.737966494405482 0.728264711932414 0.73047534019061 0.737120629227282 0.742719274149633 0.751495846290449 0.775233219004751 0.819331401688774 0.871991958869858 0.921770369134828 0.942568091519407 0.937879351994156 0.927604830459115
-9999 -9999 -9999 -9999 -9999 -9999 -9999 -9999 -9999 -9999 -9999 -9999 -9999 -9999 -9999 0.547681027884483 0.396655373005753 0.377002284445625 0.534361243376171 0.622027673810486 0.681926409404222 0.712667033006263 0.724805762379706 0.707494541847721 0.719480014683011 0.732682956166674 0.751853873340598 0.771231393759984 0.784189012145303 0.796382858929548 0.805382959412472 0.817138867735372 0.8296373670434 0.837270693217505 0.847702757885073 0.850605573759988 0.845189996762669 0.84132793609459 0.836980506258457 0.816516176201483 0.793569243731017 0.772436735505368 0.740211142005518 0.7279869845474 0.718347923630029 0.714610124912541 0.713110537025603 0.709571171436975 0.720594365765766 0.724642817482864 0.737207164377028 0.753457260659327 0.776480750021721 0.814351139794901 0.856437723840386 0.899371217843246 0.922837471123174 0.925867431488937 0.918766455011912
-9999 -9999 -9999 -9999 -9999 -9999 -9999 -9999 -9999 -9999 -9999 -9999 -9999 -9999 0.673825750163229 0.584109195010304 0.424420904579487 0.429997300932371 0.558852283121867 0.637798074299866 0.666021612012865 0.711035990290028 0.728261224569832 0.726577462968198 0.723378089005967 0.735660018710165 0.74862460415185 0.768313411248338 0.783301588555566 0.790741702248856 0.793756778778864 0.803673208232926 0.824213536273284 0.822247367945384 0.82516132662828 0.819635724837575 0.822693315538013 0.810318170621414 0.782880034912898 0.767821341030431 0.755946430142205 0.738239782143783 0.716429510897934 0.703129615325179 0.688745151383742 0.684225868525053 0.689716184197328 0.691366446123255 0.705187911488936 0.71273889151026 0.730397357275391 0.751485654479386 0.774510468380863 0.80802635852799 0.839105774190697 0.87171127572349 0.893916794687073 0.905704181164012 0.907535757386357
-9999 -9999 -9999 -9999 -9999 -9999 -9999 -9999 -9999 -9999 -9999 -9999 -9999 0.671498028697948 0.661098812344686 0.573030923248841 0.45805337157655 0.402048217674969 0.551927773455174 0.653464444944836 0.667219310614431 0.711560784986543 0.724384700641407 0.732911262200275 0.731261920782591 0.732441853283762 0.740358892997504 0.751834524733789 0.761852985161709 0.771033939841858 0.789501601154803 0.800865297727891 0.805675011615531 0.805820383785539 0.802487632764993 0.791301698826211 0.791443770505851 0.760712973634737 0.740173972771927 0.737013679028188 0.727912764199095 0.715105583751199 0.694407723776365 0.677056869536717 0.665947504307167 0.666173041771463 0.671538017454235 0.679406725871099 0.690410176051898 0.706120226084823 0.722154018307877 0.740551387589146 0.763473339210313 0.800341667971359 0.822584553513612 0.846581394842709 0.869082509972889 0.878905988299904 0.889216200940071
-9999 -9999 -9999 -9999 -9999 -9999 -9999 -9999 -9999 -9999 -9999 -9999 -9999 0.682581653885437 0.694653015291364 0.58064059294431 0.477875561075954 0.482159865903597 0.553430895273956 0.673581795531728 0.686516535211033 0.711223278412273 0.72054461590301 0.722035652807911 0.714485076745612 0.721143040890854 0.728304377735209 0.737686679495399 0.749080875610033 0.76167160814379 0.762935500351916 0.767465119921241 0.772716326838226 0.771172250664642 0.77285136129188 0.768793587374278 0.760049108318829 0.731110872866291 0.711671808975722 0.706384225908614 0.69821209963671 0.677454598790103 0.666582510373847 0.649721821899805 0.650002662777678 0.656678163331077 0.654290853904924 0.663315942097466 0.678982851387906 0.688792073504003 0.702346088524502 0.728438670253978 0.755468810677723 0.788455490174378 0.801871807780259 0.823812415511822 0.845678797161106 0.851699799065905 0.845441106368809
-9999 -9999 -9999 -9999 -9999 -9999 -9999 -9999 -9999 -9999 -9999 -9999 -9999 0.721303495139264 0.708934798675631 0.617431773248076 0.395315906300212 0.448918334441985 0.592988388007422 0.624085346216844 0.628224395546958 0.674148689089039 0.673304768445904 0.703534633419687 0.707569018968396 0.706496270946662 0.713796837245655 0.723013489724779 0.7257795760201 0.738553611576098 0.743949180819155 0.743126285267036 0.749572742017441 0.757921571991598 0.761324957766868 0.75368125428237 0.741546651668392 0.726642794232636 0.705579662815734 0.683069278505951 0.666573675120095 0.650636521969933 0.640080910026912 0.625018261571328 0.615590440204534 0.623103080680758 0.632464413145901 0.649207823214395 0.661963828646538 0.677310644371772 0.688993049839486 0.706774807512478 0.730884363865704 0.752253469319763 0.777642916004081 0.797700256769232 0.813671023218078 0.81451778734037 0.821918671408554
-9999 -9999 -9999 -9999 -9999 -9999 -9999 -9999 -9999 -9999 -9999 -9999 -9999 0.731225857794446 0.733437310426144 0.72063747935586 0.543949733464108 0.471382373550881 0.613625097415373 0.53329526545804 0.547120857093142 0.623932290493798 0.629834032619593 0.673737643840447 0.682986048660601 0.693171024540368 0.704968893512581 0.714386498940683 0.718640944452392 0.725596667722684 0.729067840251199 0.729742520331427 0.729837302339008 0.734165483125975 0.738247768374888 0.728819650852425 0.719453055989034 0.710905804438726 0.711213210719879 0.688145401019466 0.662364075736756 0.638698185234713 0.631646338031037 0.607430685453175 0.608003565720465 0.607898648422053 0.60858010608714 0.621758037970591 0.637307909222309 0.658946624825846 0.673917998509439 0.689990824991621 0.704439776663833 0.723875510667704 0.752467256556341 0.770303409088219 0.793075932601351 0.793155733392057 0.796367337795558
-9999 -9999 -9999 -9999 -9999 -9999 -9999 -9999 -9999 -9999 -9999 -9999 -9999 0.751469636459748 0.752297142340107 0.746053105669099 0.651861033588158 0.50488525504476 0.576517959676938 0.530817702049628 0.515707858207786 0.600275025865534 0.616092497627896 0.64658796076476 0.660012957033886 0.663906107075373 0.684389309653897 0.699186138669395 0.7008130435241 0.708199634200572 0.713171642291567 0.711742004619169 0.713290226964214 0.714243523030184 0.707583587893471 0.704637538207459 0.688711670673809 0.680176709873477 0.692649135452435 0.701861207960253 0.687627506303665 0.664272499657438 0.636973085709252 0.621526617842628 0.609740716927684 0.608861407836658 0.606658133358665 0.62306169321448 0.630111153248768 0.628737280950932 0.644379282999313 0.661369069337453 0.677438835384923 0.701045077448091 0.719433964887164 0.741783885638339 0.761427952594074 0.766358199042324 0.768299406427539
-9999 -9999 -9999 -9999 -9999 -9999 -9999 -9999 -9999 -9999 -9999 -9999 -9999 -9999 0.728008261993674 0.704432120810898 0.68759940597815 0.58854364621238 0.477460576964704 0.450680844362245 0.474781023978753 0.611272801901451 0.636776922304834 0.64902278549805 0.633852388038971 0.62780293910123 0.638076892551255 0.637783237841283 0.62356378057106 0.641515122722558 0.688384180164695 0.689776171615971 0.693060971593572 0.683873514714145 0.684439224892849 0.681652397210899 0.671786336737806 0.661367560443549 0.662321010731872 0.684213861764402 0.680452871294742 0.67489765366198 0.653280624624108 0.63293681807512 0.622947715918803 0.62341112117357 0.619436266991636 0.621976316157423 0.613577390513946 0.62635661265785 0.632208987870336 0.64096141007591 0.653178467927568 0.681498639653947 0.700160228489705 0.723397855066906 0.739393694123663 0.741236972811015 0.74645968674711
-9999 -9999 -9999 -9999 -9999 -9999 -9999 -9999 -9999 -9999 -9999 -9999 -9999 -9999 -9999 0.692094232914097 0.676090065926682 0.654133827895558 0.561136771961948 0.462362779175433 0.501534769941649 0.55637367660609 0.643433525718131 0.638398021283475 0.605593542631573 0.603866683628756 0.618507989457313 0.613638631858249 0.591493298788649 0.587700280280726 0.613255501655046 0.657604256363987 0.664571185592722 0.654175843871583 0.649170980408449 0.619581576662924 0.569556264949099 0.565010114486371 0.60157116753992 0.62379519982892 0.628525302791788 0.624258096994174 0.636566639053401 0.625273414544687 0.618654134940307 0.594072507842822 0.587093670142128 0.587434545052457 0.592554417790611 0.587399343920727 0.606243479078116 0.618998789799838 0.622816729960725 0.654314505950705 0.673133529847855 0.689124480639709 0.707395103896555 0.71028897259151 0.716016134045831
-9999 -9999 -9999 -9999 -9999 -9999 -9999 -9999 -9999 -9999 -9999 -9999 -9999 -9999 -9999 -9999 -9999 0.688801708971282 0.590518955921309 0.468523702311346 0.495781437098147 0.486992453564704 0.569436475052743 0.620038227454985 0.606089104324579 0.596817737629616 0.606616949411672 0.584348216177146 0.581927094222928 0.609121080210284 0.595679769798066 0.586165626792544 0.58535677699091 0.586832797365792 0.591411889990043 0.599144236334174 0.594910598208415 0.576334247954608 0.618099684184767 0.61609150386198 0.604223154118791 0.596581447019803 0.599949472374297 0.596311968097683 0.586400374889796 0.560761590245091 0.553280945498406 0.555189092570842 0.55819710433229 0.573623252542715 0.582892823873306 0.592752499206859 0.604658382675583 0.605982255020647 0.629136135033362 0.654979982540722 0.672987511717231 0.693624958046891 0.694218882460791
-9999 -9999 -9999 -9999 -9999 -9999 -9999 -9999 -9999 -9999 -9999 -9999 -9999 -9999 -9999 -9999 -9999 -9999 0.625995764504549 0.46679947066276 0.453702771253644 0.479814599235715 0.44720999267699 0.533431035919652 0.567213956984689 0.557675984163483 0.553997112251328 0.538436434588669 0.552484444294218 0.576767200634761 0.571350145356721 0.577021647517028 0.5825583836623 0.593504911849037 0.60300760601342 0.603187629241064 0.607695790611883 0.618158239348054 0.629474973729819 0.615847907748961 0.604336301652702 0.595137645455257 0.589644494695835 0.575573552471887 0.55320561842489 0.541686573125948 0.537847419405713 0.534616391088393 0.528993029956929 0.5470889124602 0.555497187976921 0.562741217823182 0.573744163176178 0.586265438734495 0.591566909873076 0.61724407631476 0.640703973035081 0.651355880754563 0.66066720094508
