layers/veg_krg_50/veg_2800.asc
NCOLS 128 
NROWS 165 
XLLCORNER -2985163.8955 
YLLCORNER -3022031.214 
CELLSIZE 50000 
NODATA_value -9999 
[rows 52 to 77 of 165, columns 0 to 58 of 128]
-9999 -9999 -9999 -9999 -9999 -9999 -9999 -9999 -9999 -9999 -9999 -9999 -9999 -9999 -9999 -9999 -9999 -9999 -9999 0.520449471226118 0.46557052200291 0.448329574990532 0.473274695735435 0.449438277796339 0.522281709815003 0.52801275973179 0.536297885614227 0.544475159335439 0.577090023899935 0.582187827394426 0.580181002176371 0.576817198685726 0.58307668740354 0.591107527094543 0.610929051117258 0.667085212670378 0.688848025314132 0.671780281675889 0.663207241157632 0.643793669104765 0.628576355680121 0.61615637408642 0.600479670942228 0.60006312481455 0.584208027119064 0.584424027483851 0.572668471224325 0.564359062572287 0.548475875747964 0.558176428772503 0.565251275029121 0.57057177696761 0.576792324386148 0.577651986378645 0.593601014377792 0.607038893566814 0.617738134289032 0.599826078697896 0.64139329522339
-9999 -9999 -9999 -9999 -9999 -9999 -9999 -9999 -9999 -9999 -9999 -9999 -9999 -9999 -9999 -9999 -9999 -9999 -9999 0.519888110541139 0.447570602676688 0.347490035945537 0.382876908703184 0.381801621694271 0.410246671916846 0.46509514038003 0.497667098811876 0.529384948184683 0.524110781536185 0.550993274805587 0.556167426948631 0.561509297671835 0.570113357288095 0.582788100554024 0.632097469548711 0.685685115639555 0.669573086830931 0.661858410446026 0.659257646715975 0.643840097699223 0.636110395535711 0.627958797305885 0.613982766541751 0.585786729169286 0.56693641457874 0.563927263920196 0.548464053508698 0.535248148868776 0.515438126668772 0.542090622008907 0.540893720965398 0.546260538933375 0.549024696379576 0.552093839573851 0.565119846435008 0.580128153418734 0.593243796662934 0.588159486456251 0.582180790469895
-9999 -9999 -9999 -9999 -9999 -9999 -9999 -9999 -9999 -9999 -9999 -9999 -9999 -9999 -9999 -9999 -9999 -9999 -9999 -9999 0.467321741540944 0.335695235545683 0.302878299302197 0.308469511128346 0.322617468873332 0.36102858365494 0.477217614447276 0.496126539940712 0.492074259230882 0.524833599950317 0.533950079102026 0.540452124849402 0.553014001950364 0.601178350130112 0.679358872543538 0.669848335962097 0.658258388989889 0.665035764465119 0.66428413075159 0.65043692453241 0.645148536075048 0.640118903552618 0.625200071388405 0.592103005607499 0.57850909129754 0.557050612611075 0.532366148000359 0.519626189377823 0.499879136092098 0.471316320514552 0.475566338062781 0.511405222927191 0.521223715643018 0.521769797998208 0.534209307981632 0.549371003026301 0.567245863250176 0.567532598964688 0.546263301108702
-9999 -9999 -9999 -9999 -9999 -9999 -9999 -9999 -9999 -9999 -9999 -9999 -9999 -9999 -9999 -9999 -9999 -9999 -9999 -9999 0.420728121226557 0.296167969005787 0.253074866867093 0.250952978062199 0.279812603234483 0.295189386540038 0.407030744971507 0.47261267026965 0.473848126330033 0.48485008538969 0.514160745430518 0.52319623588296 0.536923858568831 0.646135046341464 0.658509463403948 0.655931718030794 0.658188220601344 0.663443976984465 0.672270327115758 0.658551508091587 0.659760235959152 0.652644627043468 0.640654818272683 0.607996519972261 0.592162454755636 0.563244474361784 0.539433799577896 0.520928129004629 0.495023908596518 0.473331180902074 0.450394218630624 0.422265926413652 0.465377272476401 0.495424548020136 0.49907154484948 0.507405884338629 0.52267854795113 0.527893847609895 0.521710279696207
-9999 -9999 -9999 -9999 -9999 -9999 -9999 -9999 -9999 -9999 -9999 -9999 -9999 -9999 -9999 -9999 -9999 -9999 -9999 -9999 -9999 0.328557555292489 0.265556866393042 0.200174551904171 0.212587411560839 0.222623300667788 0.287034889242131 0.422698128053542 0.44249046572967 0.449840531689613 0.489457734046369 0.523687537137755 0.603866463942276 0.644941659493294 0.637407605620087 0.645967573505948 0.657358619082653 0.66783132519151 0.671459747789018 0.669865490551351 0.669315518674615 0.658688122988297 0.641844833820181 0.627154545875783 0.605242367107765 0.575309883099484 0.546992322452832 0.51524824353537 0.494140702392031 0.466603392454288 0.449360435400704 0.425304277237854 0.410827253055744 0.446967204815835 0.461121649987842 0.482933302235914 0.48531343633998 0.48739975344973 0.494024892669797
-9999 -9999 -9999 -9999 -9999 -9999 -9999 -9999 -9999 -9999 -9999 -9999 -9999 -9999 -9999 -9999 -9999 -9999 -9999 -9999 -9999 0.347901946665233 0.298587710381191 0.182762524350456 0.167454626415266 0.184766765859637 0.289123059022997 0.352322111111388 0.402647026498639 0.448039458716218 0.463631956969676 0.555919476758843 0.63276594036032 0.630141460709077 0.620610608426545 0.635812518787002 0.655939569880544 0.6699519068776 0.675987586868705 0.685964633714068 0.693627398386752 0.677316066140534 0.668885758657514 0.649401873956974 0.61909711869521 0.583391592732132 0.545934486262037 0.510005263015961 0.492421808947731 0.463736054215739 0.437184904675297 0.410714567521093 0.414255808023576 0.425824471958454 0.416526540429182 0.43515680438826 0.439142377550977 0.449298163118262 0.446652187073172
-9999 -9999 -9999 -9999 -9999 -9999 -9999 -9999 -9999 -9999 -9999 -9999 -9999 -9999 -9999 -9999 -9999 -9999 -9999 -9999 -9999 -9999 0.288391252010806 0.211414680134622 0.147321215328234 0.152139530100732 0.183800598737754 0.229619387847192 0.293733157154053 0.39816294652957 0.491774160641561 0.564215904439019 0.599273097442078 0.610803351826415 0.610108745182731 0.62881694807259 0.650575745879551 0.672445548620028 0.69024971597649 0.705740669469696 0.71621626571324 0.714498195516737 0.699569626818441 0.671823013995592 0.634303691494031 0.590319348896487 0.542962636383906 0.502286354549338 0.48283536391818 0.454861103802308 0.431131722075449 0.415224007167104 0.419796723184719 0.423276272917462 0.415038783405436 0.402016420852803 0.39642057552783 0.402851560452183 0.412276986882386
-9999 -9999 -9999 -9999 -9999 -9999 -9999 -9999 -9999 -9999 -9999 -9999 -9999 -9999 -9999 -9999 -9999 -9999 -9999 -9999 -9999 -9999 0.288999292683695 0.233316461554327 0.168317781902703 0.127477042978664 0.118683523735678 0.163297654947996 0.221838526052241 0.412432054419125 0.471369006603138 0.456317126900332 0.539375898090222 0.446763272450075 0.35983898392507 0.55150428956011 0.633178746982319 0.678223298618753 0.71140670205792 0.735100982657666 0.756665536132297 0.756021133092825 0.73079661453475 0.697988878501486 0.652894781761034 0.59922506754385 0.540656152331369 0.493951365312916 0.46771975242373 0.443181832858273 0.429783543135966 0.416005992518253 0.41993005395402 0.425017537821074 0.416503094876407 0.414929782760148 0.396813567040806 0.380659776058272 0.351925395257758
-9999 -9999 -9999 -9999 -9999 -9999 -9999 -9999 -9999 -9999 -9999 -9999 -9999 -9999 -9999 -9999 -9999 -9999 -9999 -9999 -9999 -9999 -9999 -9999 0.234908516551867 0.14841810617991 0.113257063544806 0.142967003987731 0.265903400708066 0.395302174202935 0.498172797022801 0.408103669341151 0.491373184303463 0.374335627211015 0.31464003893779 0.499040256592903 0.604695196631984 0.686393434107265 0.722129582179619 0.756361882400409 0.784648167019475 0.787200723514236 0.765105306017416 0.728504563229401 0.675439982431489 0.61132717816821 0.540375464965187 0.488707318265161 0.457075530812964 0.432144896748707 0.406068597481995 0.393331092863336 0.415430080346215 0.429180572941413 0.412352386454699 0.415586410901213 0.397707670235585 0.370946917741034 0.331001905887497
-9999 -9999 -9999 -9999 -9999 -9999 -9999 -9999 -9999 -9999 -9999 -9999 -9999 -9999 -9999 -9999 -9999 -9999 -9999 -9999 -9999 -9999 -9999 -9999 -9999 0.207040878271944 0.103984260602862 0.0956212048462182 0.1451461690899 0.244125405430442 0.345119411351213 0.359925336459563 0.3341487129384 0.288087918095613 0.256007762475422 0.403663374010249 0.473608309295078 0.590380403134333 0.674932196534241 0.737473392076079 0.785705891405257 0.799924325029078 0.793528576770711 0.757878847576279 0.697885353489494 0.630116581323613 0.559876944910018 0.502423682145243 0.466297349833753 0.431108816515439 0.402175916526039 0.391637214025655 0.431665298225618 0.424457598263357 0.410164201299838 0.397301201878437 0.381616086853134 0.354305704298126 0.330310029121517
-9999 -9999 -9999 -9999 -9999 -9999 -9999 -9999 -9999 -9999 -9999 -9999 -9999 -9999 -9999 -9999 -9999 -9999 -9999 -9999 -9999 -9999 -9999 -9999 -9999 0.336869130625018 0.214554498031846 0.0764385338829989 0.088405140054815 0.156554636130224 0.186721234890643 0.233574551851837 0.242824907512991 0.191165277786605 0.170306670436181 0.17384676481036 0.221274730435741 0.351638479556151 0.494474344494013 0.667185555760296 0.750795387282423 0.792154793513135 0.802606631820393 0.779771035817018 0.720829298919482 0.64683766821301 0.577057910747886 0.517031986914616 0.473898275438843 0.443799077140842 0.411720934504899 0.397147710404352 0.403131053557167 0.390998410270266 0.376947452479739 0.355418375583883 0.349259785505036 0.317671450373203 0.296366662758669
-9999 -9999 -9999 -9999 -9999 -9999 -9999 -9999 -9999 -9999 -9999 -9999 -9999 -9999 -9999 -9999 -9999 -9999 -9999 -9999 -9999 -9999 -9999 -9999 -9999 -9999 0.406619585417808 0.148950264117137 0.0990670451783634 0.108161791350156 0.16132002141963 0.175425340874399 0.240457838205652 0.135827066544472 0.143958321159174 0.145586361952739 0.117828601672736 0.186511490820729 0.204062321005455 0.412523621966197 0.572386708720057 0.679379370929591 0.753305305881019 0.758962839470168 0.727140666634504 0.657179343628013 0.589213988241581 0.526888406987411 0.475930968898711 0.445319746687912 0.407908583040462 0.380442095439267 0.363267412447394 0.345362003072274 0.335778635374175 0.320799699544384 0.302382187134486 0.27803282489176 0.253019548728814
-9999 -9999 -9999 -9999 -9999 -9999 -9999 -9999 -9999 -9999 -9999 -9999 -9999 -9999 -9999 -9999 -9999 -9999 -9999 -9999 -9999 -9999 -9999 -9999 -9999 -9999 0.473934106399104 0.302662781170783 0.238028522631918 0.112636030817098 0.125457700749324 0.106964964446664 0.12127207921404 0.0818141928430412 0.104077778681522 0.0798414555141894 0.0887224199844967 0.13378083617725 0.122967462073911 0.128576671165702 0.194629727646579 0.435675668893864 0.617315402575758 0.691091671550378 0.689266815619503 0.654110187794549 0.589812786919968 0.527050967227856 0.4729179516487 0.446367346809712 0.399036519575383 0.358227332217605 0.32625369206257 0.307638342741986 0.296186743822297 0.281638754689904 0.263327419002162 0.250437231610422 0.233376915431214
-9999 -9999 -9999 -9999 -9999 -9999 -9999 -9999 -9999 -9999 -9999 -9999 -9999 -9999 -9999 -9999 -9999 -9999 -9999 -9999 -9999 -9999 -9999 -9999 -9999 -9999 0.471180981248286 0.468896798389087 0.400577996332035 0.174185140982221 0.108834688231961 0.0860348574091085 0.0286935057723818 0.00573150792669132 0.0274932624312926 0.0794976496548439 0.0973325096165195 0.114320249087372 0.132369252014023 0.120349772860852 0.0487113258536882 0.263889306553955 0.579167337437902 0.634623471920947 0.601929982284483 0.578481959167184 0.527107660983529 0.500375624274381 0.462581050148424 0.452164144624224 0.398761673777311 0.336497822118877 0.292952242205951 0.269968819151883 0.259637025273686 0.245772325346768 0.232806118655792 0.224469139426916 0.229333247964289
-9999 -9999 -9999 -9999 -9999 -9999 -9999 -9999 -9999 -9999 -9999 -9999 -9999 -9999 -9999 -9999 -9999 -9999 -9999 -9999 -9999 -9999 -9999 -9999 -9999 -9999 -9999 0.484930545571976 0.452571804708883 0.328749011315311 0.193771547695069 0.110296622780394 0.0534824981787531 0.0906614936404049 0.0174301380306159 0.0335497770163418 0.0461348580439166 0.0686593799383946 0.116489314080582 0.126613854832733 0.0732409671260442 0.231911010745544 0.47655836106487 0.529570881817704 0.528964033276341 0.441424935474982 0.455530736694779 0.480663905291926 0.456005134510502 0.429022840774236 0.383915676669111 0.320247634027172 0.266103895777048 0.242403856324952 0.232446743780909 0.223900230048905 0.212232940136667 0.205978725178472 0.209814192506854
-9999 -9999 -9999 -9999 -9999 -9999 -9999 -9999 -9999 -9999 -9999 -9999 -9999 -9999 -9999 -9999 -9999 -9999 -9999 -9999 -9999 -9999 -9999 -9999 -9999 -9999 -9999 -9999 0.428939141692164 0.393828843541395 0.330332954319699 0.239102579194781 0.311566641872318 0.1045312234247 0.0937178491077963 0.0880932133735898 0.0345466424918166 0.0267638599613719 0.0539551722335213 0.113936196054606 0.113820550290623 0.131393076255746 0.177735723994634 0.250734173010375 0.45632019521349 0.443811057621765 0.455948516741681 0.481323537840379 0.449603999536189 0.409851477772047 0.388430328482147 0.328294168012892 0.272884491673831 0.229276268416179 0.205633273373283 0.200438194561237 0.192186179342166 0.184755326901302 0.197054905517278
-9999 -9999 -9999 -9999 -9999 -9999 -9999 -9999 -9999 -9999 -9999 -9999 -9999 -9999 -9999 -9999 -9999 -9999 -9999 -9999 -9999 -9999 -9999 -9999 -9999 -9999 -9999 -9999 -9999 -9999 0.401515832885901 0.390784272893849 0.38853092399368 0.330315872894212 0.292494143346888 0.149958831290731 0.0448153363039051 0.0774167842724269 0.0204164486883501 0.0647270452853851 0.0794854608429992 0.0908998646001954 0.0495365942319626 0.0310458770194341 0.318870385212874 0.334042728887908 0.34498736518507 0.44129008622053 0.437398794572426 0.427501028346824 0.393248741974763 0.332892735929583 0.287403711188622 0.240899761574764 0.207436200087457 0.186356086088706 0.181479582579537 0.16575273989048 0.187236260862471
-9999 -9999 -9999 -9999 -9999 -9999 -9999 -9999 -9999 -9999 -9999 -9999 -9999 -9999 -9999 -9999 -9999 -9999 -9999 -9999 -9999 -9999 -9999 -9999 -9999 -9999 -9999 -9999 -9999 -9999 -9999 -9999 0.365380094884082 0.531991299271184 0.443473267823983 0.328525446723912 0.170257734597912 0.196984350189751 0.000735416458116764 0.0144012469935281 0.0475671109668057 0.0782949337898755 0.0645589509569641 0.0397202090579973 0.205069641678034 0.211243717139191 0.0968815995794616 0.244728560128199 0.405598458208532 0.429599431865416 0.398840406493678 0.339758221590925 0.304192873069895 0.252751583483175 0.225937781463821 0.209235631383109 0.194355302603664 0.185837047413019 0.191746331541361
-9999 -9999 -9999 -9999 -9999 -9999 -9999 -9999 -9999 -9999 -9999 -9999 -9999 -9999 -9999 -9999 -9999 -9999 -9999 -9999 -9999 -9999 -9999 -9999 -9999 -9999 -9999 -9999 -9999 -9999 -9999 -9999 -9999 0.585715643387879 0.474279342070489 0.503978013287751 0.426783446630362 0.201526499298869 0.043428275193561 0.00907216126306448 0.0033933681398196 0.0647451632251923 0.0373936635197201 0.0563768522930882 0.0462592540439354 0.0576609724506194 0.127842453191373 0.106726700998894 0.0514471685718452 0.23015686355787 0.345922657532323 0.334247815272006 0.28920217560849 0.255552933603665 0.236880259928246 0.221849391526177 0.210658168668637 0.205651688004686 0.19912470538994
-9999 -9999 -9999 -9999 -9999 -9999 -9999 -9999 -9999 -9999 -9999 -9999 -9999 -9999 -9999 -9999 -9999 -9999 -9999 -9999 -9999 -9999 -9999 -9999 -9999 -9999 -9999 -9999 -9999 -9999 -9999 -9999 -9999 -9999 -9999 -9999 0.435504576309259 0.415492812712653 0.304454355474184 0.0807195441623767 0.0403889566905729 0.0579219964657855 0.0684434122715368 0.0743033394044928 0.0777350064437727 0.040306455839906 0.0900550149851889 0.121609107140874 0.0575708460120147 0.0702226398213529 0.1957094088293 0.254191272568058 0.265872501108455 0.25995764792606 0.244967856761073 0.23155524689348 0.219801635372191 0.21210671693128 0.203020094717328
-9999 -9999 -9999 -9999 -9999 -9999 -9999 -9999 -9999 -9999 -9999 -9999 -9999 -9999 -9999 -9999 -9999 -9999 -9999 -9999 -9999 -9999 -9999 -9999 -9999 -9999 -9999 -9999 -9999 -9999 -9999 -9999 -9999 -9999 -9999 -9999 -9999 0.597397936615417 0.578846592488183 0.369088350979895 0.0472623902106039 0.0222110772180402 0.0530040075142558 0.0613456048963545 0.0764423019801465 0.0373152176198034 0.00702101394387023 0.06509095087282 0.154855695200139 0.174796265717661 0.194656055331318 0.16465495926176 0.206058246749096 0.269457998419715 0.255240680207034 0.238308181970356 0.228853441328517 0.221618219212089 0.205600719521233
-9999 -9999 -9999 -9999 -9999 -9999 -9999 -9999 -9999 -9999 -9999 -9999 -9999 -9999 -9999 -9999 -9999 -9999 -9999 -9999 -9999 -9999 -9999 -9999 -9999 -9999 -9999 -9999 -9999 -9999 -9999 -9999 -9999 -9999 -9999 -9999 -9999 -9999 0.621546206545424 0.454396396807663 0.1121471146743 0.0296216918015886 0.0719702770698722 0.0818425811765693 0.0729019552117855 0.045015610640955 0.0102852220736843 0.0429111248497203 0.140986981162783 0.166169988618981 0.16536794700569 0.139797278630412 0.20953034739486 0.278337170455187 0.263583112396515 0.247249412191198 0.239670057093417 0.232061619621033 0.230128761329805
-9999 -9999 -9999 -9999 -9999 -9999 -9999 -9999 -9999 -9999 -9999 -9999 -9999 -9999 -9999 -9999 -9999 -9999 -9999 -9999 -9999 -9999 -9999 -9999 -9999 -9999 -9999 -9999 -9999 -9999 -9999 -9999 -9999 -9999 -9999 -9999 -9999 -9999 0.509305084933824 0.435303334078683 0.177666974806896 0.0358939927498486 0.0589244946812281 0.0853010754919383 0.0696264012427143 0.0408689259056893 0.00358945718128724 0.00577218745151914 0.10077696196261 0.113383795936373 0.108773531063296 0.182912538412652 0.248822635970745 0.28704473831968 0.278923333006729 0.257126264537173 0.254408711769914 0.252009162786986 0.258308309172196
-9999 -9999 -9999 -9999 -9999 -9999 -9999 -9999 -9999 -9999 -9999 -9999 -9999 -9999 -9999 -9999 -9999 -9999 -9999 -9999 -9999 -9999 -9999 -9999 -9999 -9999 -9999 -9999 -9999 -9999 -9999 -9999 -9999 -9999 -9999 -9999 -9999 -9999 0.48054609226083 0.451114832109517 0.293856071441825 0.0821264081614509 0.0603756184819492 0.0806866600614635 0.050671691905504 0.0292815839796802 0.00030976284002776 0 0.0371222076691225 0.0706277777007557 0.0854084753410937 0.180340730632316 0.233343566999808 0.291447528155398 0.289101819070546 0.283426350590823 0.283006506137328 0.281397761013579 0.294967854684611
-9999 -9999 -9999 -9999 -9999 -9999 -9999 -9999 -9999 -9999 -9999 -9999 -9999 -9999 -9999 -9999 -9999 -9999 -9999 -9999 -9999 -9999 -9999 -9999 -9999 -9999 -9999 -9999 -9999 -9999 -9999 -9999 -9999 -9999 -9999 -9999 -9999 -9999 -9999 0.395228936152155 0.3506798710998 0.113729928745934 0.0457421205248181 0.0685309316521986 0.0248309752631672 0.0358286181476393 0.00251519895452092 0 0.0534969624339654 0.059121920909554 0.138119991752528 0.181275568719846 0.216229006870799 0.300904294829398 0.300490205150388 0.301443513404734 0.29322793639163 0.313519354843861 0.315361303748881
-9999 -9999 -9999 -9999 -9999 -9999 -9999 -9999 -9999 -9999 -9999 -9999 -9999 -9999 -9999 -9999 -9999 -9999 -9999 -9999 -9999 -9999 -9999 -9999 -9999 -9999 -9999 -9999 -9999 -9999 -9999 -9999 -9999 -9999 -9999 -9999 -9999 -9999 -9999 0.4312852666357 0.40690999117204 0.151982414060616 0.0232108439813865 0.0589034082259512 0.0496115047168802 0.0354066129492326 0.0056230110515492 0.000986973439298171 0.0464020710623582 0.0225958958010304 0.109916755170291 0.218026168734428 0.222956587264875 0.283774814959214 0.306841095319319 0.324957956688185 0.33325600476831 0.330704838077874 0.333223801323355
