layers/veg_krg_50/veg_1000.asc
NCOLS 128 
NROWS 165 
XLLCORNER -2985163.8955 
YLLCORNER -3022031.214 
CELLSIZE 50000 
NODATA_value -9999 
[rows 26 to 51 of 165, columns 0 to 58 of 128]
-9999 -9999 -9999 -9999 -9999 -9999 -9999 -9999 -9999 -9999 -9999 -9999 -9999 -9999 -9999 -9999 -9999 -9999 -9999 0.411259575321404 0.216502359972413 0.115766212778573 0.047078659788161 0.140993450947032 0.219182273888226 0.242940379162393 0.285166131393854 0.398989337775223 0.438401532987934 0.461615691149748 0.45489103477615 0.467902937582728 0.495081664836385 0.547229115247861 0.614252294576746 0.675438342642888 0.728062153219293 0.764528746521363 0.799816032929233 0.807200792634406 0.796893295933021 0.802310498702473 0.802116775800915 0.79230838088186 0.774554181354321 0.762136397357947 0.74864092443005 0.714572760184739 0.673246455113049 0.638587633040628 0.613681804189052 0.594322469318021 0.580167837495591 0.566770488499926 0.562107621941768 0.546132890205783 0.516524199068085 0.512459035249881 0.515738210362555
-9999 -9999 -9999 -9999 -9999 -9999 -9999 -9999 -9999 -9999 -9999 -9999 -9999 -9999 -9999 -9999 -9999 0.681434354890661 0.511068761094612 0.435905368815237 0.187594171214601 0.0440171935369638 0.00549037995704706 0.114220350481649 0.143998634907484 0.244591308819083 0.347328196114401 0.403337151104344 0.42607741763358 0.527607552833247 0.546823975550713 0.565552298872511 0.585656440746401 0.622508170552286 0.667903413648174 0.717267254799652 0.755982451180693 0.786495761823813 0.818457780212466 0.828669840442639 0.822028107876639 0.824897049370435 0.828648590095575 0.821848786231224 0.812305828796154 0.796350851975376 0.77205307035015 0.746825953270266 0.701668879456357 0.678879443287255 0.658352609219752 0.642229048796207 0.628742537473466 0.616063752594764 0.610574056120517 0.58328665867307 0.548783401238404 0.55289181794331 0.555202780713242
-9999 -9999 -9999 -9999 -9999 -9999 -9999 -9999 -9999 -9999 -9999 -9999 -9999 -9999 -9999 -9999 -9999 0.679323142594178 0.625267793685286 0.384489210978252 0.14099711257681 0.0147231425163398 0.0490707662122454 0.105472333064557 0.176283890455037 0.302751107361149 0.344600414113154 0.397098387876309 0.528928656294593 0.571966085933749 0.603919225838727 0.634762303124474 0.64742844958525 0.674038365243995 0.712966304276628 0.755504286844128 0.78629451245199 0.811153424597552 0.843675539847578 0.85679114548739 0.858403706319478 0.854707783373334 0.865509093956604 0.857627302439201 0.847504524069258 0.815312383959642 0.794302823396699 0.768617996134999 0.735012690010401 0.711521069453065 0.697984315584531 0.686359818108017 0.676654730467231 0.667382258671362 0.646011781788462 0.580466987394002 0.588945842928813 0.591477240633187 0.594384541600365
-9999 -9999 -9999 -9999 -9999 -9999 -9999 -9999 -9999 -9999 -9999 -9999 -9999 -9999 -9999 -9999 0.710036490256961 0.693989488519047 0.558368096228996 0.264316895809716 0.153585758219607 0.0930083899593235 0.10208608743654 0.10697815917803 0.162393492019944 0.298626559043596 0.353669952068277 0.49267921942272 0.56585656527356 0.597208047520263 0.641710832973598 0.682211096718549 0.705482440385531 0.726025265470312 0.764749625191568 0.799042640977598 0.818892586607462 0.843903817765975 0.862491895036994 0.880501576348645 0.886729464549815 0.890162637743868 0.89259066569846 0.889434294096539 0.874335932792889 0.84056027389592 0.808531413246272 0.791690202579376 0.765599032126074 0.749984732898298 0.73027445692322 0.710858699957842 0.707209176041905 0.697436479572485 0.678303330536163 0.612379052232145 0.615445143819364 0.619513199493961 0.622262279378412
-9999 -9999 -9999 -9999 -9999 -9999 -9999 -9999 -9999 -9999 -9999 -9999 -9999 -9999 -9999 -9999 -9999 0.650732505524703 0.494142496470088 0.264941011125172 0.130991317923999 0.148641037421485 0.140232048847343 0.104473808321055 0.108751004767751 0.247148726389338 0.412700836839142 0.547310384101782 0.582450858364332 0.618300861185921 0.67623674794326 0.722193293182585 0.756089286675346 0.77984614384538 0.813160196704377 0.833689960732414 0.852269647784221 0.8681119092085 0.884833154169628 0.898372585103453 0.906670185625925 0.912951377681542 0.910994543824343 0.908687546594097 0.898919576798334 0.865332924196742 0.830975113162794 0.81323342843444 0.790688640595313 0.764024770985675 0.743896317827548 0.725027795574173 0.708590458083656 0.691892155494191 0.695629908085649 0.653777515408825 0.640216445433294 0.64456961577499 0.649570300344378
-9999 -9999 -9999 -9999 -9999 -9999 -9999 -9999 -9999 -9999 -9999 -9999 -9999 -9999 -9999 0.650331939910801 0.631583776369411 0.557043416845519 0.365618362049787 0.186887751881831 0.167547920200597 0.254630266916153 0.234312571797169 0.1445674696617 0.104269355868681 0.274837466878573 0.510996925271638 0.587145751206915 0.628644577166952 0.661173232911909 0.718962071094329 0.769741370337978 0.803445032949799 0.841489149059721 0.854907907134492 0.867546163990639 0.878948539613633 0.893236148723111 0.90394823936456 0.915058299948563 0.922438691047998 0.926244445322266 0.921878526916794 0.920694316298475 0.908487832996622 0.883072577642846 0.851842909756326 0.827485762162669 0.802605184227749 0.780000361393955 0.764059917132223 0.748533060110034 0.736432856921786 0.724518842405212 0.717324061322597 0.707448552797688 0.678090031882419 0.670456518815402 0.677111266274758
-9999 -9999 -9999 -9999 -9999 -9999 -9999 -9999 -9999 -9999 -9999 -9999 -9999 -9999 0.652748051073653 0.621904354360545 0.583989907781273 0.439560811480932 0.256309005223987 0.230166778842884 0.27855714688237 0.296111987790189 0.28513789595929 0.239534749571682 0.238591746898024 0.414672225654083 0.539917765113758 0.614052971615513 0.676597002796348 0.723133055428806 0.771100211691518 0.815777215540049 0.862151021398373 0.887705492059672 0.896019678437859 0.902983169078584 0.905756840513859 0.910380146064107 0.920785276980055 0.924409647852342 0.929857171340756 0.927750598416974 0.924269876344628 0.919269460103416 0.903481807228495 0.884560637957381 0.860262969673189 0.83543909762481 0.812356881302373 0.799504680732014 0.786484912458958 0.772275715338557 0.76003524568125 0.753611268850366 0.747745073758307 0.74834591456549 0.747600517318292 0.721474872519623 0.727778873762475
-9999 -9999 -9999 -9999 -9999 -9999 -9999 -9999 -9999 -9999 -9999 -9999 -9999 0.694813312287874 0.683999384110305 0.642542154256445 0.475545988525703 0.273036138646374 0.18443125214041 0.30376918306016 0.34401355304292 0.325284489862506 0.301821973694533 0.286644858861306 0.363142588306114 0.50414663165778 0.556639966371733 0.650554444660232 0.709270150133067 0.758980150993268 0.813377000533334 0.862143317990162 0.911303981012112 0.923119794580165 0.929300223727075 0.92650637268794 0.929293655731513 0.931737575165644 0.926166915656023 0.928238080465903 0.928885983046053 0.921990455630498 0.909821092137797 0.901134496468505 0.891432695761881 0.877288016680962 0.861268030259257 0.837756710587516 0.822064119635576 0.810346162154003 0.799500879626097 0.788353817337904 0.780121723303464 0.77861593232998 0.778516776164399 0.785960070687448 0.78751149554254 0.785183550908367 0.7878980825735
-9999 -9999 -9999 -9999 -9999 -9999 -9999 -9999 -9999 -9999 -9999 -9999 -9999 0.692701466881362 0.688678424677193 0.662955714644925 0.462941693805274 0.253940390097343 0.171148890464233 0.322994333141423 0.445925246865162 0.464007656784178 0.447562553396302 0.467742431221651 0.575547267926619 0.606671162509211 0.622105935879064 0.657813455521036 0.72896861823493 0.775953634709776 0.824178285147349 0.894016579115226 0.935250245447871 0.943362005320507 0.943701624348648 0.943797492065606 0.941674341342065 0.940113022956087 0.932865280697594 0.927267086189033 0.92282964356036 0.908150674765995 0.901513248785487 0.897063026866541 0.874151816848044 0.862311297493783 0.851560290062265 0.839657327638118 0.820200072524936 0.811462143794651 0.80181255223701 0.796747310228029 0.794960057731261 0.797329477961685 0.805537309116374 0.811264867116796 0.817904395583616 0.837452209832136 0.825473897363285
-9999 -9999 -9999 -9999 -9999 -9999 -9999 -9999 -9999 -9999 -9999 -9999 -9999 0.717357245166562 0.690851536187492 0.63819088549679 0.369615787958069 0.243974312198786 0.244402539678546 0.41908664126556 0.484255976082119 0.49534643094396 0.484881582902324 0.501581487841446 0.616983920137627 0.645811742826557 0.681139046657095 0.716227671190045 0.766239968668965 0.804512236620823 0.847984888805312 0.891073805920562 0.9238319196638 0.938134835136352 0.942735814175346 0.943633687466027 0.945490543176373 0.933998763191427 0.930581751977825 0.926987386627439 0.915533750087927 0.901306048369803 0.8889276079339 0.878524184853475 0.860775988910876 0.843320709057336 0.839032501560412 0.832166047477714 0.815095768705248 0.805006478476089 0.800900431936978 0.800692295097442 0.80470473391731 0.812851851659828 0.823209328048853 0.83690917029654 0.86030322727592 0.868378861562565 0.861487413123197
-9999 -9999 -9999 -9999 -9999 -9999 -9999 -9999 -9999 -9999 -9999 -9999 -9999 0.729866778951118 0.718471312791137 0.67873856117037 0.336007786594145 0.264494652735304 0.365595824019735 0.542576418608835 0.545716151728002 0.535106036043304 0.528304465257951 0.541464258207753 0.639981930859576 0.668134430730225 0.705896884815347 0.724242701792064 0.766290928993917 0.80905353815024 0.856503875628133 0.888626296635769 0.910184869948498 0.923141682097704 0.930615648716438 0.931069820912573 0.935909863103959 0.924024345755959 0.915493377194009 0.912377237929019 0.901396849885747 0.875786974480487 0.858123002125662 0.85627670494541 0.843501731136181 0.818961992587866 0.813816250838257 0.805814620888951 0.805833175351061 0.795144107453475 0.794659217332562 0.798172387565986 0.806666049850721 0.820555752161311 0.838520094762746 0.862745005818317 0.88380508949342 0.889292139813353 0.877212710448512
-9999 -9999 -9999 -9999 -9999 -9999 -9999 -9999 -9999 -9999 -9999 -9999 -9999 0.745413502707578 0.743549124066342 0.709337249741745 0.362161182544829 0.314050090118576 0.385860829538959 0.566642872484259 0.589564077077511 0.575811780991437 0.551670092511268 0.567050657527735 0.65460906241727 0.663006609301489 0.707160312849118 0.726561343383166 0.766191126513026 0.803184369713443 0.841784429778103 0.872046571545314 0.898440362493758 0.915076386372381 0.917913857844122 0.917657856230366 0.912994125006781 0.901030701042377 0.893082311213783 0.888268729514002 0.868561427841979 0.846134203870158 0.832480843954706 0.824954530693765 0.813118105221787 0.790926905621824 0.783786638068135 0.778375619362234 0.780351078509049 0.767217329937078 0.764370306020387 0.778760786535544 0.799026444508894 0.822381007314914 0.852131174721149 0.880767963763208 0.900075625944002 0.909622429636703 0.90778026580113
-9999 -9999 -9999 -9999 -9999 -9999 -9999 -9999 -9999 -9999 -9999 -9999 -9999 0.75639095112324 0.75678838525175 0.707621109843215 0.550887083998912 0.397721897079216 0.42953094583581 0.601620702406112 0.62419675208648 0.612693217198334 0.553489684811438 0.571474916119008 0.668572965737879 0.686974988237351 0.718442084646432 0.746130075268577 0.771663315617429 0.798431979699659 0.826458288533863 0.85870315967367 0.88015480689706 0.898956556054277 0.901092790027809 0.903693496251345 0.891309380598806 0.879950955808443 0.874462423426785 0.866288447348395 0.846255253390391 0.818705521191221 0.812055765181685 0.796796847180797 0.771004302762549 0.759672106560969 0.754480038432053 0.754781709376984 0.758724988095983 0.747727758100248 0.744774630665979 0.755258859556951 0.783027652064267 0.822330040280996 0.860922278757307 0.895752174241566 0.918017315670609 0.929565155245545 0.931876780453173
-9999 -9999 -9999 -9999 -9999 -9999 -9999 -9999 -9999 -9999 -9999 -9999 -9999 0.782227598875582 0.770625865207789 0.74061983939167 0.585500136263583 0.441818657448695 0.526537383602894 0.637753766438155 0.634329638391313 0.617101574054127 0.594557068600022 0.594480843015919 0.636860755198112 0.714686040941916 0.737229236519337 0.747843173589012 0.763708660303208 0.79007689260224 0.811523545411159 0.825026525203811 0.850526224094338 0.872703084332755 0.874043073278982 0.878875313185203 0.87033942255251 0.863202495154399 0.846969774461511 0.828509453945763 0.810750325657499 0.80380925348216 0.781644706315459 0.763501947210682 0.749203382590767 0.738586456190978 0.742136580192872 0.741366021471527 0.737236085908179 0.730033997574823 0.7272768400032 0.735310337277975 0.763643671497442 0.80988992690621 0.866669672540636 0.910685911724402 0.935820622137947 0.944284251176575 0.943170095724884
-9999 -9999 -9999 -9999 -9999 -9999 -9999 -9999 -9999 -9999 -9999 -9999 -9999 -9999 -9999 0.656401265293988 0.480404002695961 0.522489640623233 0.618336283451699 0.66735708095739 0.668478220694281 0.653633572267954 0.634082705655177 0.620580219233934 0.647703421992621 0.715416798102727 0.739638607908605 0.754220747809883 0.773159374073547 0.782164418325241 0.793645223000477 0.809048427350568 0.833228929960408 0.852543754891096 0.860722868083012 0.849032669638061 0.839985522215663 0.838834785193149 0.829610414929925 0.814431883933547 0.796094124922638 0.777549612473037 0.756805353996788 0.738758409862923 0.72239985658479 0.725277913649604 0.722269054148668 0.714690971658177 0.709225280219063 0.706339713316267 0.710240834599289 0.7194022850716 0.745873357160656 0.803279368806426 0.868682081832756 0.924717229934254 0.943250969166745 0.944916366425153 0.941792555906368
-9999 -9999 -9999 -9999 -9999 -9999 -9999 -9999 -9999 -9999 -9999 -9999 -9999 -9999 -9999 0.626323696003277 0.547109996683673 0.542051757013831 0.648429759331828 0.682187560728284 0.682450368237944 0.676218445834732 0.660812518444777 0.654417635775136 0.665160583923136 0.699487875956836 0.749346094675032 0.771605054629503 0.783598198313406 0.784797556930951 0.797622761826864 0.809700602174613 0.813230404751072 0.836025119258695 0.84672517069867 0.84655828894664 0.827241447506288 0.799545678790409 0.797227791943588 0.788582352938368 0.776928607740766 0.761986965900035 0.743039699045393 0.730814279936245 0.719713542462543 0.710101860193536 0.702267046466368 0.694290748719738 0.690319032695736 0.694267474581079 0.707728066460811 0.720149161236112 0.746988718319141 0.799896511719642 0.858506828234137 0.906540806306196 0.922177369003999 0.92119196057888 0.916889925131431
-9999 -9999 -9999 -9999 -9999 -9999 -9999 -9999 -9999 -9999 -9999 -9999 -9999 -9999 0.673830476094539 0.650134431604467 0.593548001523587 0.619543555325523 0.661755406762697 0.67522319463248 0.670944380624346 0.679048292126722 0.660480190432589 0.658606904159006 0.662253886184591 0.6647619757191 0.686685851108106 0.753817943879624 0.769415955459877 0.783967537520476 0.796502716464051 0.808032140615719 0.809992264073454 0.822562457954187 0.834543760747457 0.836107587410227 0.806058360734734 0.778860367736044 0.772822945882012 0.764186275845966 0.763588036446234 0.752699727469457 0.736375331077084 0.7215848083155 0.710846645092736 0.690202238323401 0.683278024743384 0.684528545846717 0.692315464090172 0.698377939288281 0.709421961630563 0.722579598468923 0.746259777138121 0.783453625828116 0.836737109555152 0.874783172013593 0.900105695666163 0.907212531439715 0.907272685640518
-9999 -9999 -9999 -9999 -9999 -9999 -9999 -9999 -9999 -9999 -9999 -9999 -9999 0.660565582281274 0.65986632039546 0.618824398915752 0.565850877183206 0.570823771387563 0.623443486798207 0.65791721750056 0.652707022037352 0.64225616774016 0.641335802726949 0.645579960647435 0.650936874370564 0.656697011646994 0.661643588156657 0.735427366799703 0.754523120235018 0.769852651682667 0.783579423324276 0.794857501996884 0.791692774101517 0.799064663679969 0.826820074095269 0.817357604846259 0.806967701133515 0.787721028298665 0.762128772504204 0.752026872537696 0.746348805684445 0.74303737855507 0.725107244475835 0.714827843136799 0.695847048088223 0.685425771786149 0.692421538791078 0.69751150970816 0.699017680480303 0.69538829304891 0.705614694861537 0.720195985332217 0.743927280895466 0.782689407052171 0.807616341735706 0.836758053780775 0.868031410045061 0.880673877306861 0.892068541713602
-9999 -9999 -9999 -9999 -9999 -9999 -9999 -9999 -9999 -9999 -9999 -9999 -9999 0.58648906629878 0.625347811540654 0.586849300940161 0.553641878881592 0.561456564941291 0.598543549926885 0.644871909197389 0.6257737682741 0.628390102723389 0.631654368216415 0.6396835887221 0.646928890290465 0.653593138250042 0.659176247577561 0.663075488271202 0.744566185994212 0.759320376320036 0.759023795866744 0.761693357778321 0.772625226886551 0.774991876173028 0.803366404490332 0.810876553611298 0.799613253184564 0.798347947402284 0.760379397039197 0.761013510744574 0.743784060888764 0.728439499669669 0.716586628756907 0.715192585945415 0.716773352270444 0.720016642289953 0.741728156565505 0.728773013870552 0.719337339650552 0.719145119727676 0.728879160204935 0.733349277309663 0.737570488465398 0.777662850584542 0.794744898046189 0.817552180617803 0.847169343446605 0.848252670280804 0.858992910583509
-9999 -9999 -9999 -9999 -9999 -9999 -9999 -9999 -9999 -9999 -9999 -9999 -9999 0.546145738568463 0.545059878528179 0.529785825940101 0.506083301519356 0.545606703435284 0.598931019489394 0.605786436077257 0.604905556651976 0.617771110142249 0.623321983193915 0.63422742289033 0.64397609324848 0.651023696551651 0.657465169460073 0.662600345739905 0.697950604595954 0.726982151663655 0.742079870120036 0.749955943341891 0.75101403230916 0.786555561104215 0.787207149276991 0.795627313044945 0.793433564574272 0.777948782153754 0.770529643352857 0.744027164524742 0.738827172593579 0.739305189271519 0.740582503198825 0.723438909853844 0.750152832021861 0.749186152386757 0.730352120476602 0.717909586346223 0.714338669318903 0.71640685493424 0.720705203364776 0.728052751975228 0.737499219526128 0.752322741927861 0.767158140482612 0.811571132867262 0.806917663739293 0.807685674302023 0.834517100199799
-9999 -9999 -9999 -9999 -9999 -9999 -9999 -9999 -9999 -9999 -9999 -9999 -9999 0.555301631897187 0.559159542912931 0.555162503625759 0.530555651769426 0.527258709108389 0.573517875033512 0.567784291493085 0.586324780506863 0.608471806485945 0.616908320863415 0.628091951766283 0.63864402599491 0.647281633445396 0.646933163212808 0.654805005949685 0.628842821800774 0.682750951233884 0.718892944120601 0.728804507161766 0.742394482296354 0.764988498161938 0.770383167977929 0.777922235402386 0.780032140140651 0.757850467493802 0.759746890633361 0.758133408226087 0.757547974970274 0.754883462360884 0.744281792287562 0.755798609247723 0.741997816085197 0.728553407511522 0.716014156830925 0.70587129807585 0.698998145932025 0.70069568649512 0.707604161234657 0.712922705867574 0.725848427554829 0.749799847553485 0.768614996649351 0.773741524606298 0.781206638448758 0.791017875797571 0.807786838812479
-9999 -9999 -9999 -9999 -9999 -9999 -9999 -9999 -9999 -9999 -9999 -9999 -9999 0.570555143349505 0.572242407523129 0.570697997781813 0.549094245110308 0.522021742852747 0.532317433546111 0.544840097863118 0.565162044192961 0.597935182374403 0.61618400823886 0.63500641230795 0.642831375613724 0.640743912253536 0.63313410763874 0.639381369159893 0.620818649442864 0.618949246432864 0.671057347407632 0.72473031833373 0.742295744746012 0.745987772320495 0.757623054886711 0.765273299284902 0.770628076000982 0.749631997661917 0.740109266547877 0.762771736813648 0.769571130210939 0.758664756100442 0.741847026508128 0.74236054844222 0.713523754528369 0.705321162221459 0.692976406932465 0.683470548278021 0.675425452827246 0.683012736533594 0.691399319589242 0.695636978477983 0.713239910703425 0.729744994067558 0.738531541864415 0.742772863715555 0.762181135048058 0.77633061031588 0.780674485918719
-9999 -9999 -9999 -9999 -9999 -9999 -9999 -9999 -9999 -9999 -9999 -9999 -9999 -9999 0.56423446271366 0.562269708083667 0.530349932527276 0.522606753655553 0.528964656284155 0.544682148700804 0.551185272110446 0.597765542686849 0.637187508973159 0.656504999787993 0.646874335436338 0.631609588621525 0.626375615501835 0.624412951916404 0.613642464894544 0.601711046929553 0.639419646621303 0.679530412071516 0.683203735715858 0.688235425220486 0.688422717239053 0.71615578028156 0.739283766030224 0.725327526340114 0.732244036201922 0.75089439027229 0.758368536863916 0.746192210739471 0.735780001202198 0.724445928413771 0.702868151208422 0.679011400189024 0.675268919311526 0.673174044417028 0.670074422361927 0.67423631292669 0.68233578043215 0.685363473166553 0.697471948133143 0.700156963745803 0.711356535555659 0.736400461007469 0.738523184241459 0.763465465488647 0.778401749177944
-9999 -9999 -9999 -9999 -9999 -9999 -9999 -9999 -9999 -9999 -9999 -9999 -9999 -9999 -9999 0.560548289267222 0.526647108116027 0.525900590928299 0.520642425963102 0.541095338513332 0.552152837029759 0.579070868840622 0.632303222407856 0.631403052446299 0.615176095947348 0.610229268706824 0.61426009284717 0.606320525526238 0.596911249492276 0.588455881996592 0.634330950260203 0.664048665558144 0.671504009790497 0.673508057716125 0.673996332063081 0.681500510657583 0.693480687554593 0.671551401858826 0.673401096350336 0.736501727135357 0.70518865630258 0.7100809629456 0.723384596114799 0.690346534037716 0.68116101057598 0.667989174559685 0.663163440210691 0.657269563730802 0.65810318277917 0.658958317501301 0.665137270921475 0.679284774258349 0.693624239775459 0.708189538774822 0.697691055501891 0.714358316341251 0.722342709891335 0.739209359557397 0.751368787174898
-9999 -9999 -9999 -9999 -9999 -9999 -9999 -9999 -9999 -9999 -9999 -9999 -9999 -9999 -9999 -9999 -9999 0.502236798793808 0.512934338044206 0.496823984647087 0.50115221682167 0.51714682487198 0.56696176993624 0.609116014327486 0.595092686400767 0.587823463079006 0.593177031538933 0.591396605651404 0.585432915459165 0.5856975580541 0.571078077599527 0.632189469146537 0.65707867397338 0.666814735085072 0.683793591027235 0.704123013750394 0.695450828675295 0.680144986917075 0.729183034919385 0.746155231451805 0.72875526379373 0.740021764723629 0.730759168657278 0.693170623272755 0.678007609164296 0.665318929271144 0.651909687014679 0.645053638370957 0.639288848149742 0.6377298376503 0.642848508814285 0.670188599765279 0.687263984095703 0.685618634914446 0.678916104868662 0.658958992830911 0.669265952046915 0.711532533938889 0.730091394576698
-9999 -9999 -9999 -9999 -9999 -9999 -9999 -9999 -9999 -9999 -9999 -9999 -9999 -9999 -9999 -9999 -9999 -9999 0.480254796206965 0.439098413018017 0.445585689166705 0.471452331889204 0.440080914743027 0.528036092057556 0.553117574587043 0.550564501800538 0.562050588077335 0.571609358853237 0.569502411964599 0.562875728881322 0.538562191329643 0.586411592082179 0.657818496586766 0.68232767170798 0.701534227126041 0.702857585157722 0.703580200521249 0.740108349159789 0.775189684879232 0.767062761331965 0.767006635463415 0.751328395180156 0.715880783343621 0.683443378488956 0.669510311251713 0.656742030446103 0.641621453158065 0.632150471008794 0.628686633000449 0.620179585537874 0.631154050870861 0.661968649781203 0.686323560581234 0.650056537595889 0.660136704591947 0.638726225028818 0.649036806995451 0.664826285530738 0.683187766203151
