layers/veg_krg_50/veg_2100.asc
NCOLS 128 
NROWS 165 
XLLCORNER -2985163.8955 
YLLCORNER -3022031.214 
CELLSIZE 50000 
NODATA_value -9999 
[rows 26 to 51 of 165, columns 0 to 57 of 128]
-9999 -9999 -9999 -9999 -9999 -9999 -9999 -9999 -9999 -9999 -9999 -9999 -9999 -9999 -9999 -9999 -9999 -9999 -9999 0.438487166559678 0.26606591707322 0.176807666995968 0.0457397913252462 0.192076468124487 0.336602245333186 0.342198451436358 0.413666992494564 0.595789766614466 0.619557342126631 0.577882657719934 0.546440393343858 0.554860047004033 0.554456959697484 0.612457826391011 0.648834480592726 0.694563732799028 0.733900521337127 0.758766511303876 0.786724709349032 0.789919247214321 0.771481934188772 0.773616257702085 0.766410222588932 0.78312036386511 0.772836722923923 0.757139574353971 0.735310624764671 0.721056844324749 0.692624806721302 0.669501767181136 0.657411370693166 0.644590935985308 0.630858033065192 0.619388861010295 0.599877164799092 0.58095140275737 0.544348087627393 0.537132222618223
-9999 -9999 -9999 -9999 -9999 -9999 -9999 -9999 -9999 -9999 -9999 -9999 -9999 -9999 -9999 -9999 -9999 0.682677472342818 0.525228201234897 0.458500922937012 0.241914037657995 0.101465780496517 0.0589164324067079 0.149362328146987 0.231501712109468 0.339283058368613 0.489399836641775 0.601815149273157 0.615011052416322 0.585731844252132 0.57070203344162 0.629742147807112 0.649240823780266 0.676042188104918 0.706305318472779 0.738988651754131 0.770323671131624 0.786433982619629 0.80795221936482 0.817061579849799 0.802242803597969 0.802926135470679 0.798006649801828 0.812961779309443 0.809705256587242 0.794817361334803 0.771168611705361 0.751557605062321 0.728065079092671 0.711949890945146 0.694059759694994 0.678422281572126 0.673047402622923 0.663990800898153 0.643680255873624 0.615077892121365 0.572287967942141 0.574158818798633
-9999 -9999 -9999 -9999 -9999 -9999 -9999 -9999 -9999 -9999 -9999 -9999 -9999 -9999 -9999 -9999 -9999 0.684961546180152 0.670296432921749 0.456151820544579 0.216479070838918 0.0455363842174845 0.0636634119093669 0.172071493575529 0.301978974098508 0.431364150160619 0.502394525988373 0.537986599987511 0.670528277542253 0.688505469272137 0.691462402704948 0.709486559048224 0.70795426949285 0.724324619367176 0.747470539350833 0.773646412068464 0.799418706869474 0.814778727732099 0.840282865355052 0.85942240961452 0.859018773773542 0.840062786902809 0.834269688277343 0.835623964076046 0.840090891142298 0.825258624823051 0.806619902451003 0.7788595843635 0.761316183004458 0.749581370005959 0.730025150552756 0.711828746600176 0.710367783011736 0.705059904870874 0.679606984789924 0.607339857289131 0.611865764102761 0.612865437319863
-9999 -9999 -9999 -9999 -9999 -9999 -9999 -9999 -9999 -9999 -9999 -9999 -9999 -9999 -9999 -9999 0.680545823039905 0.686480035718821 0.598215650733388 0.370245132184154 0.214067079629348 0.113681835376438 0.112116023513967 0.169234564596425 0.339844800837419 0.439860407730543 0.500879974669648 0.626049104132558 0.67833748166727 0.709894369099423 0.730349193105394 0.753216008639301 0.759490052152023 0.762166833980454 0.786142712774067 0.818999127128017 0.831899013516723 0.853721232130747 0.868228159050178 0.882885661244946 0.886801241677593 0.877672427719933 0.871766965820099 0.867929948856848 0.872050828187558 0.853702345232268 0.82973031883509 0.806451396957751 0.800675233580139 0.779844659629634 0.765017306785541 0.746058652266701 0.742880279629847 0.735091078313023 0.71507951700385 0.642741896563511 0.640967268726253 0.644552011393459
-9999 -9999 -9999 -9999 -9999 -9999 -9999 -9999 -9999 -9999 -9999 -9999 -9999 -9999 -9999 -9999 -9999 0.616242960908026 0.497689972942083 0.324745121784207 0.198497057669711 0.194040634650865 0.168820996525156 0.219480962499479 0.346719689158981 0.44308898078531 0.541842964175834 0.671542015383006 0.701311649522255 0.719322336883944 0.748124579464094 0.796070131000591 0.807590796389797 0.811878072534168 0.827104337189993 0.848290818152863 0.862156214633182 0.878434935770411 0.893847457414797 0.902903277978716 0.905312168512886 0.905288108367076 0.90359787105376 0.898114694037103 0.899558184526411 0.874794701343645 0.848109108069279 0.829057668973836 0.822802731865856 0.80680930442854 0.780412478079596 0.756971628908231 0.746064188399617 0.7370437126468 0.720317740314242 0.683657279850413 0.66964367918572 0.676417340156067
-9999 -9999 -9999 -9999 -9999 -9999 -9999 -9999 -9999 -9999 -9999 -9999 -9999 -9999 -9999 0.572787592685363 0.572154800398717 0.521373098664142 0.372180582950239 0.246455722241392 0.239994669988582 0.299564404323278 0.259793914578335 0.232347512617316 0.315796360621716 0.478890593847424 0.621149042430002 0.701948215359817 0.738952303871978 0.738386959720868 0.778286851733467 0.837767874886143 0.855411820794592 0.856374383545437 0.868859525889003 0.879158845129111 0.887700492478132 0.900567757169877 0.915534729650739 0.922563099224927 0.924432456224795 0.92821331243835 0.928360630569771 0.918452144003226 0.912067670132828 0.889593247784855 0.858793068488484 0.847189731617317 0.838700887823898 0.826191740430213 0.798680287663056 0.781029581912181 0.773308170750821 0.764936509770687 0.75100031299763 0.739811234661285 0.71710704641001 0.706604483566874
-9999 -9999 -9999 -9999 -9999 -9999 -9999 -9999 -9999 -9999 -9999 -9999 -9999 -9999 0.572407510537704 0.534430043975768 0.49998916109883 0.391508308698474 0.252847853713409 0.250725282560719 0.318644825999541 0.334345485289809 0.314970460431482 0.254423650455253 0.353292257700573 0.528220378210739 0.632027261123749 0.722735538084213 0.772795235375787 0.806392222853581 0.834320782218628 0.87291759247851 0.893104474356477 0.893297008049059 0.912851645719108 0.916573651259009 0.915183792901356 0.913861718795663 0.931115955770254 0.934171348403743 0.938399468979727 0.941264118948596 0.927522086687301 0.918749343612306 0.907129344577218 0.888940467808618 0.865670429582506 0.853833177309316 0.847709098324557 0.836675820022985 0.813338911167297 0.797645193964601 0.792228636048806 0.787455680779273 0.779001589981071 0.781608159672278 0.77972189178443 0.7696948786858
-9999 -9999 -9999 -9999 -9999 -9999 -9999 -9999 -9999 -9999 -9999 -9999 -9999 0.630618443459884 0.628497376304664 0.588573658089563 0.412573599751543 0.234552992133071 0.157146064292328 0.277463166119747 0.34691722844456 0.339359134534414 0.31883989969593 0.279692098112358 0.370661053636144 0.558308278573117 0.607888636147155 0.729007450498955 0.794734003601276 0.846157886677956 0.88820900206772 0.919200155051228 0.936692848386575 0.937509656528217 0.9432563455466 0.940606180924038 0.94167044235728 0.94292166595286 0.93282414380607 0.937479786295753 0.949113365767468 0.930684864918824 0.915814113413381 0.90833327338328 0.892504641806009 0.878086293009746 0.865716520099671 0.851983072562546 0.847149910706049 0.841132623822653 0.823181251003533 0.811869215685792 0.811221471785112 0.803581051567121 0.807342400061212 0.808851262203781 0.812724091952146 0.806968296689787
-9999 -9999 -9999 -9999 -9999 -9999 -9999 -9999 -9999 -9999 -9999 -9999 -9999 0.622524129130248 0.610766336493639 0.577086838487211 0.409912041909491 0.227043199631348 0.153229874354496 0.306891362318424 0.456177946828741 0.490318565557928 0.474476336577389 0.499055349305907 0.605731268916508 0.658624846061086 0.645022924765052 0.707245080128551 0.797608702717237 0.846723760467949 0.891545901342695 0.934777371808243 0.958909086324123 0.959782379686974 0.958393560912205 0.956352862945212 0.954675178452936 0.953117261033293 0.951019712245653 0.946255835027405 0.939527186351961 0.913637564249016 0.904734446314403 0.90022418705886 0.878565277043715 0.866172297457355 0.861158412949144 0.850010061523053 0.833954454234123 0.837319875825431 0.827443704429816 0.82029587752366 0.821722842670072 0.823685703572132 0.828458287644868 0.835885939392389 0.83428772575355 0.835188214811128
-9999 -9999 -9999 -9999 -9999 -9999 -9999 -9999 -9999 -9999 -9999 -9999 -9999 0.636610670675159 0.625308630318062 0.576338467522536 0.341564901441315 0.230246708777275 0.238792012022186 0.409059094042145 0.479570046864844 0.496909871378878 0.500098503429279 0.531333808857519 0.648401335828631 0.678513115678626 0.721944340950216 0.75446240478129 0.812647705945788 0.858196128866063 0.893568396805274 0.925148869476088 0.952377144105697 0.956730727156911 0.960860451907475 0.961344528962809 0.95931971844457 0.955830606216627 0.954745568419016 0.954231883689269 0.936175000161315 0.911366229512338 0.901414516994869 0.888243727368177 0.868023391554318 0.859837411739106 0.847895430283361 0.840329754350222 0.82656999443596 0.822318622559735 0.825421932629599 0.822979359425797 0.827002152845151 0.836658945737949 0.847196186247795 0.850774199954795 0.855329538355029 0.861298414850871
-9999 -9999 -9999 -9999 -9999 -9999 -9999 -9999 -9999 -9999 -9999 -9999 -9999 0.651205937590749 0.657275570617853 0.621820472329083 0.322318271811727 0.264710782774272 0.362425338351426 0.542593740844137 0.549299164163765 0.541639501633575 0.534790017334375 0.60090637893921 0.676071792912066 0.70674367374585 0.742379523115028 0.771286196496292 0.810936203386683 0.855510079614344 0.891088107569037 0.915779061956682 0.939194790531932 0.945136311064347 0.95563186820855 0.958931284532604 0.959008247116781 0.955342872923869 0.952863593009453 0.952896949141435 0.91736161437636 0.898898477430804 0.887212631013631 0.878187710453995 0.862768050119275 0.848960129824593 0.83708400948743 0.819268817552759 0.807087679709993 0.805733454654483 0.81233292108329 0.819071884606271 0.828773482267976 0.839113161172883 0.852533883048172 0.865884594899553 0.879017400886928 0.882888288572672
-9999 -9999 -9999 -9999 -9999 -9999 -9999 -9999 -9999 -9999 -9999 -9999 -9999 0.663041534277356 0.674517476127802 0.653775335972967 0.348106315911491 0.316737025827712 0.396338399790363 0.572770070175251 0.595592576834105 0.582906337170856 0.570901170505724 0.672610152970007 0.71307826621134 0.735874574330559 0.76289141188331 0.795063429409912 0.810118031657778 0.84561853744623 0.877567243317954 0.906352139220712 0.929362921145464 0.94083843147703 0.947337240732173 0.947977821639476 0.949076213451528 0.946168050021641 0.952258190471931 0.943938657274034 0.897044040536567 0.875131317741692 0.862529173985356 0.856410181336374 0.843407208790282 0.827338947196403 0.809664942920979 0.796388213092528 0.783642480652388 0.783149039810391 0.786694725565405 0.796329472008941 0.814517078352117 0.83558740162942 0.859640523071272 0.884846425512873 0.900875465491581 0.90577021896092
-9999 -9999 -9999 -9999 -9999 -9999 -9999 -9999 -9999 -9999 -9999 -9999 -9999 0.677684251078111 0.695187268950779 0.682197440039083 0.54964028596084 0.392255271367336 0.436101273594427 0.617084375521746 0.643780172523795 0.633644792106649 0.623073841350915 0.705637794431198 0.728264609019569 0.752459933538985 0.776169357048258 0.804089791475504 0.822598166739348 0.844513523393254 0.869608708451941 0.889257485418932 0.914958796250362 0.93158750321855 0.936233663767751 0.934627497443497 0.931934133763811 0.931036908771407 0.945061449953185 0.900956604141205 0.88194776355034 0.847892610146066 0.841670571487695 0.829828877038063 0.807537610387329 0.789810715852093 0.779812798213744 0.770784834772753 0.762965890000437 0.75722059081151 0.760529978853649 0.768983221630947 0.792502524638789 0.824245706353313 0.864092941950333 0.899614684461781 0.921200271456438 0.928738103039242
-9999 -9999 -9999 -9999 -9999 -9999 -9999 -9999 -9999 -9999 -9999 -9999 -9999 0.711809917518906 0.697000799985492 0.692661444568055 0.557727953164953 0.403438368350439 0.499004691946304 0.683142517819864 0.683961978257094 0.663876664506056 0.652137931424641 0.709629181490767 0.713992250396278 0.735202465992421 0.76337978152261 0.790828223331427 0.810793274158918 0.828157818857561 0.858141912939986 0.877446937107255 0.899583570735188 0.910769986743638 0.918337883441484 0.921339194237966 0.919813418900394 0.920410554130346 0.928462200278165 0.883718582378279 0.859853927667865 0.832220392583256 0.811519068911979 0.7920356467681 0.775399677236572 0.76500717419021 0.757411762292801 0.749022969429856 0.737975907806353 0.734998667169544 0.731166041836882 0.736312158702282 0.756654309051404 0.80322971153938 0.861663926571873 0.911243823199655 0.935430478297846 0.937193605177828
-9999 -9999 -9999 -9999 -9999 -9999 -9999 -9999 -9999 -9999 -9999 -9999 -9999 -9999 -9999 0.639934209754324 0.386464660276106 0.441973925818376 0.592094771376087 0.666079594901249 0.670543470094981 0.655441934474204 0.644934773993958 0.706847712734915 0.722301523549585 0.739678243901126 0.764006308439904 0.786513969055269 0.804722214417254 0.819544443384187 0.832458011169361 0.845613977261671 0.864325237224506 0.881512846714844 0.890590780738202 0.895474827270682 0.894108808977673 0.913951657348796 0.870643097283775 0.854910569351958 0.837013748983522 0.809042907712749 0.789397578418271 0.772733447702996 0.754847074443786 0.744485729311677 0.73484363544645 0.726390107715532 0.720551058557434 0.716009370801479 0.711782076806432 0.711977890395558 0.724885832653943 0.781322285490252 0.849826904827559 0.912230999098095 0.939635059838286 0.932114236654021
-9999 -9999 -9999 -9999 -9999 -9999 -9999 -9999 -9999 -9999 -9999 -9999 -9999 -9999 -9999 0.55641428623307 0.44792102615401 0.450198371656321 0.577808985642216 0.62992279758811 0.657258638162695 0.661772010038238 0.6560212652011 0.70488602365532 0.724973309380928 0.742353767605221 0.762225658972998 0.780794681587574 0.796118081161044 0.807791632293669 0.813505946184803 0.822727811612852 0.843907930366757 0.858829145163167 0.86741053317373 0.876234878962796 0.879273074467613 0.886659151576959 0.832615896041762 0.818023790350604 0.798101884239609 0.789963354220995 0.772668455628439 0.751051022090676 0.733891836543856 0.72232451960733 0.713424111883872 0.708450145095199 0.702234460696848 0.70470477396961 0.703285388869691 0.710607472801633 0.733094227072122 0.77905378460119 0.837278177755048 0.887655377824706 0.914146988536312 0.916679567746638
-9999 -9999 -9999 -9999 -9999 -9999 -9999 -9999 -9999 -9999 -9999 -9999 -9999 -9999 0.623682562317726 0.563106469528233 0.450475770889314 0.48750556493878 0.587313298757413 0.631059168920267 0.639555048120251 0.660656160917651 0.666654902898158 0.70002204318837 0.720379494447467 0.735551698312742 0.752577233944136 0.769172898250841 0.783246559632166 0.793781841204178 0.799669811376956 0.808297921069101 0.828047255079171 0.833918591957276 0.845872533744638 0.849680975456035 0.838919923188034 0.838372974311248 0.794506787059899 0.782789786640254 0.775538604708298 0.775139915118162 0.76750521319914 0.734971660214043 0.714171733921222 0.700785215041031 0.696940188912735 0.695233745466022 0.691367560025989 0.701455730412702 0.706059523477768 0.718603468695595 0.74236932380461 0.780442494218678 0.822202963018074 0.85821160684296 0.882887442592572 0.895436704941044
-9999 -9999 -9999 -9999 -9999 -9999 -9999 -9999 -9999 -9999 -9999 -9999 -9999 0.613337797529163 0.608431749661055 0.541317650171721 0.43517213559688 0.415619874440711 0.553286990063814 0.631949726683625 0.63748302527879 0.660345758446616 0.670318953061391 0.704386573243959 0.717838520764203 0.733627583052704 0.749323492695824 0.760478943068113 0.77052271765367 0.779503115337898 0.785903903407791 0.789126978998369 0.806620526503877 0.825930704268331 0.830515288891828 0.826974208683124 0.809436903213238 0.814126869390106 0.767495583235992 0.769536521587195 0.763326090806631 0.764644163799708 0.753136835238659 0.725303672127834 0.694987377993249 0.685594827155477 0.685876228893175 0.686748371294953 0.684890861862814 0.694924115945968 0.703605860359307 0.718581428954121 0.737357295373023 0.774351357691357 0.799186695177252 0.826134983605091 0.851259340329176 0.864064466030573
-9999 -9999 -9999 -9999 -9999 -9999 -9999 -9999 -9999 -9999 -9999 -9999 -9999 0.610319360851308 0.619113853989333 0.534893193981563 0.456134211905422 0.462395487503784 0.540453678265942 0.640593175949246 0.658577774944268 0.680990859718855 0.685290930324607 0.688355848208895 0.721800941627663 0.728142363196857 0.736017932120799 0.746238896913522 0.756169978233921 0.767328740981758 0.779346524628146 0.782840142657491 0.782838344275845 0.799722595248478 0.816821800891783 0.818519560050352 0.812926662795545 0.786170569613002 0.749371252545723 0.752073380444011 0.753028117306691 0.751225498781413 0.728819497536875 0.716056440567502 0.702331812032652 0.684577198206963 0.682063301251788 0.675289078010047 0.681780311628286 0.682096366759038 0.692222710764126 0.709543277829736 0.724524193598477 0.748739131404117 0.775846919116286 0.795747914028131 0.815547324601021 0.827090966991017
-9999 -9999 -9999 -9999 -9999 -9999 -9999 -9999 -9999 -9999 -9999 -9999 -9999 0.661497691634842 0.638034892682877 0.571043404564512 0.402849382673129 0.45328084068201 0.578160854451708 0.610576250585883 0.622204152296534 0.660509599964728 0.649300300870809 0.66556439388891 0.689416535151202 0.695156090569075 0.706139500650165 0.731540175610842 0.740802866630223 0.746838248387892 0.750159767513161 0.749775348617158 0.748128703593722 0.772449014217767 0.778934404253989 0.799192787051714 0.803467678899691 0.762770142113848 0.755173743936504 0.738648687258135 0.734476503814119 0.731728257493117 0.717732307795075 0.710538141259444 0.704285949274021 0.694878638309782 0.677751380189602 0.671985979280019 0.663675559972486 0.671636315928695 0.683493431395717 0.694014943209459 0.711868988865106 0.733338192022321 0.752595363187456 0.771081987808031 0.78085497484199 0.791258867078383
-9999 -9999 -9999 -9999 -9999 -9999 -9999 -9999 -9999 -9999 -9999 -9999 -9999 0.674113102914634 0.67335266425844 0.660670610184326 0.525465652716277 0.474044697912922 0.596875964742173 0.538356941889529 0.550108370706734 0.612762300892604 0.614647927151124 0.651710852781527 0.657471742296337 0.660384405399006 0.659891186140581 0.68725690153788 0.69135890004128 0.70083689662712 0.7197794674741 0.718515361070003 0.731239228181811 0.752260127216507 0.755970936604789 0.766679990273284 0.773268032528388 0.746892742804133 0.751350508834975 0.753700730213425 0.7411371616666 0.748986009984805 0.737053944268768 0.721272344626048 0.703281985006692 0.692287447821413 0.675782439924701 0.66324541667048 0.658194837873537 0.661288065180695 0.677371151744313 0.686340613994791 0.699118380236203 0.715508688554937 0.737708794550685 0.747521495627153 0.770245158518944 0.786729957091329
-9999 -9999 -9999 -9999 -9999 -9999 -9999 -9999 -9999 -9999 -9999 -9999 -9999 0.679504255095431 0.678473158060035 0.660301562113442 0.592436182139803 0.49884004288504 0.55880717952745 0.533180615885938 0.528946083597232 0.604100276065664 0.610125314524391 0.634218330301557 0.651798703735142 0.653265847772895 0.650095594686587 0.641539398474282 0.628584823662061 0.629330972318555 0.669460139203971 0.704229040605206 0.726314573828577 0.734437500325008 0.743494927030538 0.750628913527794 0.752120240693462 0.737423265212328 0.71471309109002 0.748750998312207 0.754732953909238 0.751716741835777 0.742393329556896 0.732328330510694 0.6983087050349 0.673866827790919 0.660264518897757 0.653502964878363 0.662063639226464 0.662533428885692 0.673320660968357 0.684438915055092 0.690308809543918 0.704242456664216 0.724977959005304 0.73991663233396 0.763039802450495 0.769309045447603
-9999 -9999 -9999 -9999 -9999 -9999 -9999 -9999 -9999 -9999 -9999 -9999 -9999 -9999 0.668647675569974 0.656907971163699 0.645047147443714 0.589716291835995 0.483999388215666 0.467874176028707 0.492027047919241 0.624095676062597 0.641309070100267 0.646336307747849 0.634178904527206 0.632276753431524 0.63593001593425 0.623694048499116 0.616035807940644 0.603616704191201 0.618327776661887 0.680073195498695 0.706721013979342 0.716210054328302 0.727007690233869 0.735472092303376 0.734078822249014 0.729823958492753 0.737424847720213 0.72293761706307 0.720336045164438 0.733837141832904 0.73249731840188 0.71649459406175 0.669605893871753 0.654231447577732 0.645250991922811 0.638252260950854 0.632314274660436 0.641780668210559 0.656322582571513 0.67150070966436 0.686091366647153 0.701465894481029 0.728333485572502 0.742085808695608 0.742816923130918 0.751311332789377
-9999 -9999 -9999 -9999 -9999 -9999 -9999 -9999 -9999 -9999 -9999 -9999 -9999 -9999 -9999 0.659165774820146 0.667232347082789 0.651620160456308 0.568870918543276 0.485285539157772 0.525619952886548 0.575651130376831 0.658726423513987 0.648317872995882 0.607871366120295 0.612366132132081 0.625793937364413 0.615199297344232 0.603883907286313 0.601902664288786 0.622814994427756 0.631119945848466 0.634943412348129 0.641180891609115 0.648551480952788 0.658990796922899 0.667644626044144 0.670372848978259 0.693286615287976 0.690592509574765 0.639929244111502 0.668778306733522 0.710516888777819 0.691085449670895 0.668641665308973 0.637082869256821 0.613317046097692 0.607645962135305 0.615726694534866 0.620362216758574 0.635866703337025 0.648241334219521 0.671242947808847 0.728785353397156 0.711554985211206 0.724883772872208 0.718475011534742 0.730923875879656
-9999 -9999 -9999 -9999 -9999 -9999 -9999 -9999 -9999 -9999 -9999 -9999 -9999 -9999 -9999 -9999 -9999 0.650881669013424 0.576055343664134 0.488255993176594 0.524714362864755 0.528633388071447 0.595388198965017 0.625414368011668 0.60726432548667 0.595171953076169 0.605944226155624 0.600554416522578 0.585570454177592 0.585272832514972 0.611705545739345 0.618131370279281 0.628529806962105 0.637440910205928 0.651982826227524 0.670054695100042 0.678524162332004 0.673300881265751 0.709758692617478 0.697474042687924 0.669679792889355 0.665594188252736 0.676153823415535 0.653236503310688 0.640881794024936 0.620609722774969 0.611772953124005 0.604051142581138 0.605366307006475 0.608248090835993 0.615428269431463 0.6305471989183 0.680952868002267 0.704171548717852 0.688936978222436 0.626189698625903 0.631340617752053 0.695482330132695
-9999 -9999 -9999 -9999 -9999 -9999 -9999 -9999 -9999 -9999 -9999 -9999 -9999 -9999 -9999 -9999 -9999 -9999 0.579574722582726 0.494581713529658 0.480771251766121 0.511548728684359 0.474367053968948 0.559971075347701 0.575236976498975 0.56780212006124 0.570057908964101 0.558058694327824 0.552670964065315 0.582924913511419 0.585864863245828 0.606010086689732 0.617179576928871 0.640348817366808 0.673239467045668 0.685731354406161 0.681928605003406 0.707026341201336 0.715623728523346 0.707406854589665 0.674498251599331 0.637436561152454 0.638617397951443 0.648593920196737 0.638027052046273 0.624204605707191 0.620267860417105 0.614141833350422 0.597274493006197 0.604969601282165 0.60288694758668 0.618439419276979 0.66753045937567 0.654690061587813 0.648385921307432 0.598278659999762 0.601734382404982 0.621359219074938
