layers/veg_krg_50/veg_3500.asc
NCOLS 128 
NROWS 165 
XLLCORNER -2985163.8955 
YLLCORNER -3022031.214 
CELLSIZE 50000 
NODATA_value -9999 
[rows 26 to 51 of 165, columns 59 to 117 of 128]
0.295291832160763 0.272306595635809 0.262730740468651 0.24696842296489 0.236809742004821 0.233224091245107 0.638620573341836 0.688204942676549 0.703387748269079 0.689337990519342 0.721137856669013 0.744027905063427 0.765849497702977 0.810122180677529 0.846726258294923 0.870692690004366 0.880162762314154 0.90683540130382 0.91499543867349 0.908930884113619 0.90854546272748 0.90992390495183 -9999 -9999 -9999 -9999 -9999 -9999 -9999 -9999 -9999 -9999 -9999 -9999 -9999 -9999 -9999 -9999 -9999 -9999 -9999 -9999 -9999 -9999 -9999 -9999 -9999 -9999 -9999 -9999 -9999 -9999 -9999 -9999 -9999 -9999 -9999 -9999 -9999
0.294004106389251 0.285143765122707 0.28287772921523 0.270275873628582 0.460633807021694 0.545660606449453 0.697191620012596 0.720789007678741 0.709863720426041 0.703707984322934 0.718576036864873 0.714811946946943 0.758077578115092 0.801847415503778 0.835094247136126 0.86628940905884 0.875628769861512 0.89028312078338 0.895136501557479 0.899976681356428 0.90184764538056 0.914578779474441 0.921596008423216 -9999 -9999 -9999 -9999 -9999 -9999 -9999 -9999 -9999 -9999 -9999 -9999 -9999 -9999 -9999 -9999 -9999 -9999 -9999 -9999 -9999 -9999 -9999 -9999 -9999 -9999 -9999 -9999 -9999 -9999 -9999 -9999 -9999 -9999 -9999 -9999
0.303552341250007 0.568394236845532 0.599389033452045 0.626438908655042 0.654740905689848 0.673427681232248 0.748481293927563 0.747752707151775 0.724790528612182 0.721707557539764 0.726902530430373 0.73348251364182 0.733985770950853 0.770813566689799 0.835949020353371 0.861920228055378 0.873747920459995 0.882660962091097 0.8976076679934 0.908395884810283 0.908466451781138 0.921628350218107 0.928112459613157 0.91604305685372 -9999 -9999 -9999 -9999 -9999 -9999 -9999 -9999 -9999 -9999 -9999 -9999 -9999 -9999 -9999 -9999 -9999 -9999 -9999 -9999 -9999 -9999 -9999 -9999 -9999 -9999 -9999 -9999 -9999 -9999 -9999 -9999 -9999 -9999 -9999
0.612363157437209 0.61794713437135 0.645779561734268 0.677336483126145 0.694527825736823 0.702487200818052 0.745113123156627 0.747705775920197 0.728466381395888 0.728681616535007 0.738586023220685 0.729394665367572 0.728575516940912 0.77233835519117 0.825200481875029 0.853228830089682 0.872822983919019 0.887923628100389 0.904526045814274 0.911292926450095 0.921080116770596 0.925261455976043 0.92712677241956 0.924238286464523 -9999 -9999 -9999 -9999 -9999 -9999 -9999 -9999 -9999 -9999 -9999 -9999 -9999 -9999 -9999 -9999 -9999 -9999 -9999 -9999 -9999 -9999 -9999 -9999 -9999 -9999 -9999 -9999 -9999 -9999 -9999 -9999 -9999 -9999 -9999
0.654037096862663 0.673451340699036 0.699470126783044 0.715657169301546 0.718790014597725 0.749855310628134 0.763766375973682 0.766854960213945 0.753104879231373 0.748031636262155 0.710554201646846 0.711031698913908 0.70299952941781 0.737506287863603 0.800222101651128 0.841256652310192 0.861910165658579 0.87915465935597 0.892373792136614 0.90896108918263 0.932123625587647 0.932911385471765 0.93412431750896 0.931878958607811 -9999 -9999 -9999 -9999 -9999 -9999 -9999 -9999 -9999 -9999 -9999 -9999 -9999 -9999 -9999 -9999 -9999 -9999 -9999 -9999 -9999 -9999 -9999 -9999 -9999 -9999 -9999 -9999 -9999 -9999 -9999 -9999 -9999 -9999 -9999
0.69967751449636 0.723663522525796 0.739339551273373 0.7469029361013 0.747798250034534 0.76984668860941 0.743482124901499 0.741318930455717 0.736477700211082 0.721426244697288 0.691917549195118 0.70496415231946 0.665373162737812 0.707253586053079 0.796767308043624 0.82079684778113 0.84696973101533 0.871726964881678 0.882741209862073 0.910199516902346 0.933861171008992 0.938852134843426 0.941003424513072 0.949846485939905 -9999 -9999 -9999 -9999 -9999 -9999 -9999 -9999 -9999 -9999 -9999 -9999 -9999 -9999 -9999 -9999 -9999 -9999 -9999 -9999 -9999 -9999 -9999 -9999 -9999 -9999 -9999 -9999 -9999 -9999 -9999 -9999 -9999 -9999 -9999
0.734517703678194 0.754761961868124 0.767940740805839 0.772521304541073 0.779436269965151 0.769678014212894 0.759245437533249 0.745821900149301 0.733582809119782 0.691979200274471 0.710305108847271 0.658331839444009 0.616872717139744 0.707623081028134 0.748650962847015 0.729505866959097 0.82038553287574 0.853393727327329 0.87252736535528 0.910850425277644 0.939195975380139 0.945771547807327 0.946666501543859 0.957739738213403 -9999 -9999 -9999 -9999 -9999 -9999 -9999 -9999 -9999 -9999 -9999 -9999 -9999 -9999 -9999 -9999 -9999 -9999 -9999 -9999 -9999 -9999 -9999 -9999 -9999 -9999 -9999 -9999 -9999 -9999 -9999 -9999 -9999 -9999 -9999
0.765482874165714 0.785180222286497 0.79213417709467 0.798584371977605 0.791063302045411 0.80728416068577 0.819643023118482 0.808139945509432 0.782230309706995 0.791621339697223 0.707264954770119 0.674875634273133 0.701025156323326 0.706407178296238 0.685602463050744 0.692791976945159 0.803686637294345 0.84374103607863 0.886328936509372 0.919835620076938 0.944632434974355 0.951960344936065 0.946030890010111 0.942797911420367 0.944506747567281 0.927890633216355 0.918289764344808 -9999 -9999 -9999 -9999 -9999 -9999 -9999 -9999 -9999 -9999 -9999 -9999 -9999 -9999 -9999 -9999 -9999 -9999 -9999 -9999 -9999 -9999 -9999 -9999 -9999 -9999 -9999 -9999 -9999 -9999 -9999 -9999
0.816816432680689 0.816740658509835 0.81966979440476 0.820742622316797 0.812229366739081 0.843855781055087 0.84854205518353 0.856857511041464 0.845276598141299 0.843725458799171 0.721656478556833 0.763756660277385 0.69523300266612 0.68013722269326 0.611533995119738 0.728932171243263 0.812159089264101 0.842957622725948 0.896248811452797 0.936062479583087 0.962841787541978 0.958051758394237 0.948846974613334 0.942926453355155 0.94014270160457 0.927065901235342 0.916606745754848 0.882234268868586 0.866526572670504 0.839746068925232 0.828061351408156 0.798856462044235 -9999 -9999 -9999 -9999 -9999 -9999 -9999 -9999 -9999 -9999 -9999 -9999 -9999 -9999 -9999 -9999 -9999 -9999 -9999 -9999 -9999 -9999 -9999 -9999 -9999 -9999 -9999
0.848588738647163 0.846388290351991 0.839433854524983 0.830168540945582 0.825568596563368 0.844926002018857 0.84754441153212 0.851641361732362 0.860542817203554 0.891085264241759 0.848540829885866 0.826669742100801 0.78508868734025 0.777462662694115 0.75500672971703 0.795646494083287 0.811394074041073 0.871249928613881 0.909997598499622 0.946076234926598 0.964267901134014 0.959408387798131 0.949453792551814 0.953874763748631 0.943123604214409 0.927730636678784 0.891067970973721 0.874299575118988 0.84826635936942 0.836648999279157 0.813958513163145 0.793276327416972 0.732563766440968 -9999 -9999 -9999 -9999 -9999 -9999 -9999 -9999 -9999 -9999 -9999 -9999 -9999 -9999 -9999 -9999 -9999 -9999 -9999 -9999 -9999 -9999 -9999 -9999 -9999 -9999
0.867839875956859 0.866924634314944 0.858309790571737 0.843773149029547 0.83803277604749 0.852549563323155 0.867280157665543 0.878068348586746 0.903506256205231 0.872789018651705 0.866342953542254 0.863502056286698 0.867183173289104 0.851342039152726 0.838561468010717 0.817730857197567 0.823722142914266 0.867274154189284 0.90132524805485 0.937276781648013 0.954909280179121 0.948893235965609 0.94319138775835 0.951249394635028 0.943538947704111 0.908494414354323 0.863131687649269 0.845729004122207 0.834877266053687 0.80930238297166 0.788888809058189 0.774792424417639 0.726765701312697 0.710581030672558 0.703577866372299 -9999 -9999 -9999 -9999 -9999 -9999 -9999 -9999 -9999 -9999 -9999 -9999 -9999 -9999 -9999 -9999 -9999 -9999 -9999 -9999 -9999 -9999 -9999 -9999
0.886448225575121 0.881736782159889 0.868554821169339 0.859627781306891 0.850392123726749 0.864833239718723 0.871371609756064 0.882833381356978 0.861363569800543 0.838484707178849 0.790250089347415 0.790033747214778 0.828419263696797 0.835023916392329 0.809152254476529 0.795269735061919 0.797331693683003 0.851631078505455 0.880321818498191 0.912463745884919 0.929327997317492 0.928704667287718 0.928894636093856 0.943955440416637 0.912856050408149 0.852220101893862 0.830482158333931 0.832226294603871 0.815273024879543 0.781953144030082 0.775642237313345 0.740151388122697 0.708853581095636 0.69001353837962 0.682194098091982 0.675857609210971 -9999 -9999 -9999 -9999 -9999 -9999 -9999 -9999 -9999 -9999 -9999 -9999 -9999 -9999 -9999 -9999 -9999 -9999 -9999 -9999 -9999 -9999 -9999
0.903180643909954 0.886670984728705 0.876430765909391 0.869298411216659 0.866939541886309 0.858966949367194 0.857771223621261 0.86199523170958 0.861045886860747 0.839235320732221 0.791906815658474 0.792963870491013 0.809308066073514 0.79637014914343 0.78495055585379 0.78922255596108 0.796101681130304 0.831175941426882 0.850031993296848 0.877613294501672 0.895615672602629 0.897702024713377 0.910016710024366 0.911432494701275 0.879282122427441 0.838256659510435 0.824546837368471 0.820513022745683 0.806795912592045 0.776703535891089 0.746566095536752 0.699008661700105 0.675055287983844 0.66976615146901 0.664055207383807 0.65708175318789 -9999 0.621344229043797 -9999 -9999 -9999 -9999 -9999 -9999 -9999 -9999 -9999 -9999 -9999 -9999 -9999 -9999 -9999 -9999 -9999 -9999 -9999 -9999 -9999
0.91059972682066 0.896363402489875 0.882332821269569 0.87207354634088 0.862227393826425 0.84831060164765 0.845157096183672 0.846035902185136 0.836240552296125 0.826028059671427 0.766335766793816 0.827373194246559 0.800720458332746 0.790165560785924 0.786890131383341 0.783883572686062 0.786782677278996 0.771305076561914 0.829651507587783 0.846291508148551 0.860744540287793 0.866775887968147 0.87178601647321 0.867604913072603 0.864521469648541 0.838440026276869 0.824309302015586 0.813230947266046 0.786041914030295 0.766302430529125 0.73331016955436 0.656738815880031 0.65975422407225 0.653971088095457 0.646103546889436 0.635566808975969 0.611940373705312 0.596524132752646 0.582521860430119 0.58659291225172 0.608595876777292 0.645764670039091 -9999 -9999 -9999 -9999 -9999 -9999 -9999 -9999 -9999 -9999 -9999 -9999 -9999 -9999 -9999 -9999 -9999
0.909813571948135 0.897223764015456 0.880763047489045 0.867221034319269 0.856755707842393 0.848852240073659 0.837996591536773 0.828193370173127 0.824066201796098 0.814406057980748 0.823775420123899 0.796429072345655 0.744908037206879 0.750444315824305 0.773745502702097 0.791581295691851 0.798159366321355 0.774550626623691 0.79059900783971 0.808212337741419 0.820218909163799 0.829791160460504 0.828724756554402 0.835895407216143 0.836358875884434 0.831061175760453 0.820023536562027 0.783714640584476 0.706231011577674 0.756040740455018 0.642784871809323 0.65204836495523 0.649879714241618 0.650429698264874 0.650001665105734 0.623612163950957 0.58734723301315 0.555649626552461 0.552592463950264 0.57897653633107 0.608583612063958 0.636579774340042 0.63165890027739 0.64768493671329 0.708364778161185 0.761327345215564 -9999 -9999 -9999 -9999 -9999 -9999 -9999 -9999 -9999 -9999 -9999 -9999 -9999
0.900690232721417 0.890533691828321 0.875553381639453 0.862629163716536 0.850901307924698 0.841654153017028 0.827026810813003 0.81655155810904 0.826601809984275 0.78845407442653 0.754084851789353 0.726733463013754 0.666817131686677 0.727181646489881 0.766998113909023 0.779721258412404 0.751426129480412 0.745885167202632 0.7521326127611 0.766426395768052 0.778667673132366 0.78485302250345 0.782413922779726 0.82469538340246 0.82856751164502 0.824752077185834 0.807842484546871 0.756566184895687 0.694450801936625 0.690904748500743 0.638639932054805 0.662219356652648 0.65187695246631 0.650803220405474 0.638531458349048 0.612771726271834 0.572698481255709 0.558451602844123 0.554349286936108 0.585329429651664 0.602728025939215 0.607329012248228 0.582654814052934 0.637581542890045 0.701667985156364 0.757997495379622 0.797967464500028 -9999 -9999 -9999 -9999 -9999 -9999 -9999 -9999 -9999 -9999 -9999 -9999
0.890709549630454 0.880396895208364 0.866667450799762 0.853764809951836 0.842820823018716 0.830289280972547 0.815395926507413 0.80194378233044 0.805439001008714 0.76997595011674 0.700014365605304 0.675590091068572 0.659107091858772 0.672223369964814 0.707388478133876 0.70468865479257 0.711746189873105 0.707298779481826 0.707181884238138 0.721806831783081 0.717920889429201 0.704285262017142 0.712420262750216 0.810940382745097 0.820201941990813 0.778234706444798 0.766886297881684 0.703920762335536 0.651756895003665 0.670017099540995 0.657445103417829 0.632275269519462 0.618625293517182 0.626216768968025 0.618131733397149 0.594748190126421 0.562856481544189 0.554709650393802 0.558680818489506 0.575919168421436 0.591831933161795 0.601168828060626 0.509483784485331 0.549748262691814 0.694420755191824 0.7267306079151 0.776218380506795 0.822824661747584 -9999 -9999 -9999 -9999 -9999 -9999 -9999 -9999 -9999 -9999 -9999
0.875699417640899 0.869251638175807 0.857590220408401 0.839679245017409 0.823863139501608 0.811109745926166 0.799669391472061 0.778720937125358 0.764720704189937 0.774003885140277 0.683270698955314 0.625197139481784 0.654427910154266 0.692039263602731 0.66132088831887 0.659809524698392 0.683240885808552 0.671314845560195 0.664988058608342 0.671224209979314 0.644294040235008 0.638642871607763 0.701346832389027 0.769535489090089 0.825868637278854 0.815380525547444 0.780283628933028 0.705623034360003 0.61535809171162 0.641318010302106 0.611107531213749 0.591089066855505 0.593586706941081 0.602311816699782 0.587568355880044 0.568136624087048 0.556926350768138 0.563529577713312 0.564116892352789 0.561692001614772 0.576306768104642 0.515172928020581 0.481527715251268 0.525190878597967 0.671380504995972 0.67993051335119 0.749271425128868 0.77544602119062 0.835156717236706 -9999 -9999 -9999 -9999 -9999 -9999 -9999 -9999 -9999 -9999
0.849895776984803 0.847781661180881 0.839579179951351 0.826213567112299 0.813592283775038 0.798210209393413 0.776953439663579 0.76716623804333 0.771823318037884 0.777417938395341 0.762848622656144 0.65063380369969 0.654226220829866 0.707554302786101 0.610647449333467 0.621845438557064 0.630914367505874 0.627704207638648 0.612564431178326 0.628319861092194 0.597480759493598 0.626553692685197 0.687089992301261 0.753093970737606 0.798845019581084 0.830320679946156 0.748435748496659 0.750285217353037 0.662325544665707 0.59465717977205 0.574482258290922 0.588603751982605 0.583449169217279 0.589659131192896 0.561073259980915 0.524667629724221 0.546315033860733 0.556603525093459 0.561217202989522 0.562302759918515 0.564469624616005 0.533706858107238 0.493616204227287 0.591598186081303 0.62775523883538 0.628637391834476 0.687164719430121 0.765134240706666 0.821675255711468 0.848036089727068 -9999 -9999 -9999 -9999 -9999 -9999 -9999 -9999 -9999
0.819971644024613 0.83162675559741 0.82476602201661 0.814688736654786 0.809736798153377 0.780718227014727 0.760215369335484 0.747331252489092 0.745909606610907 0.763995454471145 0.651689850868168 0.629899855444358 0.659900950904372 0.70150233783275 0.628893349371837 0.602178205770427 0.596145734014183 0.595417943468506 0.550608387279585 0.55863426144145 0.579262834570105 0.583921699321036 0.469262590999371 0.674211528251092 0.777757176432962 0.73470777760987 0.76952958788583 0.679821712139736 0.671614189843106 0.580180261135881 0.584411935772013 0.568374391295792 0.553007669172249 0.56096213130633 0.530690259566112 0.52965644172224 0.520985551447857 0.511105959029165 0.522811778250321 0.530550342114647 0.545006360064056 0.529080718505871 0.527124660632067 0.570583542250089 0.547200136729711 0.607133130244795 0.677340099403695 0.758294697669719 0.791285794407162 0.817238619416948 0.827608161578528 -9999 -9999 -9999 -9999 -9999 -9999 -9999 -9999
0.794650981161119 0.793763307760092 0.792208787513513 0.791465784753298 0.789514126404845 0.761853443092772 0.744736972363502 0.676370508074706 0.621118295470257 0.673352464363674 0.689299452645511 0.633536586827791 0.645151591968985 0.620466554280684 0.590049726097149 0.551890726567619 0.554634886045599 0.581975711261658 0.513527132865084 0.539918446647053 0.553248799797323 0.590382407867824 0.567808693481499 0.5364280737431 0.697285503346505 0.68558356036897 0.694808973762259 0.633798729894807 0.658769059334708 0.577100229485922 0.530010918922297 0.507655562140223 0.486990029829316 0.479768600272604 0.465103273515624 0.473156095950858 0.475648517482153 0.477680416961178 0.50604034444456 0.499721646597087 0.515304143399058 0.489794611846875 0.459367643718231 0.513072940757937 0.517596344077232 0.560991708388638 0.678825491354539 0.753063429639622 0.776634639507831 0.795116591593341 0.807069622825056 0.818208167703118 0.810653177888686 0.805548241184071 -9999 -9999 -9999 -9999 -9999
0.771282380894304 0.772607279802844 0.764644445646854 0.759179387370895 0.765986382709577 0.754418715830535 0.71995776737908 0.64491893898093 0.576606531724411 0.559536465091369 0.669626419249398 0.598222308297198 0.617205829643437 0.575902856608391 0.564220425286833 0.527583974805252 0.521637094410687 0.565545787381111 0.53152624896352 0.544382952246383 0.535833385567972 0.529965863568479 0.550852029061798 0.572179485427719 0.647523278096573 0.641896342837861 0.623722331829823 0.604596105855159 0.609536601019919 0.535563646750751 0.482340214087916 0.441814526060891 0.415342321369851 0.427841717962081 0.428389607452631 0.432565708905092 0.421718028480323 0.44849817558727 0.481902706631006 0.459089238019883 0.480771119046749 0.488780793767604 0.420717000602001 0.462911200299854 0.510159468543934 0.567544585110159 0.647846387423961 0.724668270876633 0.716190333488327 0.7655233376467 0.786146347542872 0.796608795105053 0.788055469878873 0.778132552309234 0.780580268545843 0.784940994974594 -9999 -9999 -9999
0.747605846102996 0.754179802942687 0.749035131814407 0.739808904792774 0.727084697344266 0.722795195433904 0.658414043574564 0.549361952712926 0.498602370909651 0.483745765475429 0.569660118417854 0.518331279882828 0.574986190346295 0.518413079374981 0.521136778299039 0.497322794716957 0.542637890379382 0.538722254978713 0.525581146531064 0.544291831838367 0.495389415814034 0.474522550798636 0.508680812590779 0.642621606916224 0.637335004517502 0.5850934612816 0.579302588647539 0.596263531136495 0.55876399178765 0.482062505017631 0.481356282872057 0.461787105901957 0.459126041541968 0.445724368249758 0.440212069546604 0.440189451314868 0.444414843092004 0.455313239423877 0.467857414794443 0.458449602521681 0.446077245171947 0.428637409112388 0.412737227583943 0.441177727883589 0.511451741192782 0.587580804722564 0.652487868783933 0.602250177848955 0.660732131884019 0.68605122109292 0.74392233116052 0.731255296076976 0.709397332998934 0.733371922487299 0.760178264954634 0.782262036208932 -9999 -9999 -9999
0.728172224079271 0.737727351120158 0.732427991280884 0.724612524818237 0.71611349491432 0.668805128697918 0.590775707469664 0.469798298401924 0.344037408116329 0.355702837236124 0.413917038423683 0.412841868075909 0.490920169906372 0.514331284865146 0.564937982329715 0.531713812486802 0.567147870518582 0.521503638234223 0.502580523544516 0.513392932429332 0.494136132208444 0.440210363660322 0.541328601012952 0.631506498611025 0.649799194147103 0.583179908172578 0.587523587677212 0.576229025198727 0.541122380964878 0.495399572986353 0.48320143108458 0.43821969745783 0.42249919462363 0.401541482269688 0.387660931644242 0.4030467638332 0.412160047661218 0.415076034063075 0.44641037150845 0.447525739341404 0.456216727312292 0.457917430810865 0.412345751982681 0.419240926748353 0.452981107620362 0.501326454503483 0.581523948674681 0.609115555187072 0.644230259184426 0.659946161188249 0.681317893547997 0.667507413007985 0.628414933472241 0.694799701872277 0.742195605027931 0.760052176393515 -9999 -9999 -9999
0.678158930620829 0.691738374866623 0.718429972168611 0.711907484486975 0.69879421228847 0.683175344767493 0.625429988904922 0.498535099691441 0.438973056379254 0.33946133901618 0.374883923350473 0.445087054461912 0.525433597925296 0.49371078012498 0.535468260634001 0.509336166980486 0.57454361632019 0.49475952897663 0.497957846247875 0.506410532580108 0.440296302971125 0.476557133135566 0.536436607870719 0.588948229996113 0.590332124434278 0.557013097665805 0.579056716914164 0.52800110510199 0.497549201403986 0.448949544293661 0.427096954276456 0.42904273018431 0.399491605324383 0.369555028263438 0.354357326177895 0.360361388012225 0.352086990272734 0.360304021318676 0.406801467140545 0.41592323846142 0.417589101449782 0.426503085216889 0.397937491816672 0.413806873104428 0.421789082627448 0.477693490867948 0.543484474811287 0.565214436357277 0.598525167366079 0.636134843292547 0.629630691854331 0.626632678393138 0.618446088935969 0.6665434588174 0.72463579717523 0.743860941871677 -9999 -9999 -9999
0.675913595742642 0.6762764612752 0.665117281285364 0.688245776074764 0.689793629414145 0.682400529965486 0.678735895767365 0.659134686730873 0.624544321066873 0.536288991285849 0.418750628594214 0.537589859179765 0.512423948253777 0.482955559764737 0.525584471033443 0.464361620610003 0.48900010498211 0.537300162325136 0.438606716787364 0.450652843431669 0.456085939084009 0.521627952065336 0.528101564146464 0.56135841264234 0.529470305729501 0.529690964448912 0.531356157839428 0.480080227199025 0.432313789216512 0.378163109695541 0.369385238757604 0.394863711253078 0.365980555157972 0.36098605529468 0.331025215020479 0.350811536987099 0.328037610391644 0.337466717412011 0.364431164554556 0.365970624458746 0.378006679168052 0.395422720501751 0.369313292181445 0.40626280779112 0.426740136946769 0.454507181252922 0.497278197671275 0.524377295413499 0.549271845831618 0.55370030928621 0.551403672734824 0.583213379513233 0.618479574389394 0.670041200480673 0.711417865941119 0.732510213788883 -9999 -9999 -9999
