layers/veg_krg_50/veg_2900.asc
NCOLS 128 
NROWS 165 
XLLCORNER -2985163.8955 
YLLCORNER -3022031.214 
CELLSIZE 50000 
NODATA_value -9999 
[rows 27 to 53 of 165, columns 0 to 58 of 128]
-9999 -9999 -9999 -9999 -9999 -9999 -9999 -9999 -9999 -9999 -9999 -9999 -9999 -9999 -9999 -9999 -9999 0.538478974154766 0.485131919942728 0.45844381398027 0.318665997887626 0.184845957387738 0.138066124801946 0.254517167009513 0.23692547515763 0.317979322650104 0.4370189916339 0.497895954240682 0.514095080696401 0.481425648271802 0.504517462429006 0.595414855402124 0.620040639002395 0.648402832024549 0.670262361578568 0.694195820443706 0.722836179164255 0.738061342653586 0.76059184459722 0.778025715873127 0.771920221967811 0.781318202950786 0.783295914849245 0.808758869008018 0.796610346896502 0.773117460309493 0.75665459974344 0.738015203029498 0.724267036139227 0.706076596416972 0.690238481316154 0.674868611989816 0.626088868141902 0.389395131765582 0.340427985129113 0.355841776889495 0.330830828796614 0.326719725578154 0.32224931212559
-9999 -9999 -9999 -9999 -9999 -9999 -9999 -9999 -9999 -9999 -9999 -9999 -9999 -9999 -9999 -9999 -9999 0.537828090497492 0.518650496739641 0.410419433078383 0.295926213320043 0.125033456003687 0.1735325210388 0.264314014512142 0.323562520935971 0.43724720892269 0.460940623450194 0.498120683956149 0.534959578903205 0.640427027598278 0.655348488977074 0.67086624824048 0.678402540465053 0.693041597299931 0.718044708213629 0.742749290406537 0.751415990161519 0.766484124120722 0.79448318962567 0.818326972981784 0.817976750443485 0.813639813588331 0.817587386052001 0.83262609092123 0.81803944431929 0.824796592862727 0.811079493496329 0.782921557266707 0.772497446229757 0.755616269777566 0.718895489794704 0.68513369221668 0.636947683071585 0.597117694563335 0.34508892200035 0.331815397286599 0.325593641256089 0.322619355029275 0.316895656003507
-9999 -9999 -9999 -9999 -9999 -9999 -9999 -9999 -9999 -9999 -9999 -9999 -9999 -9999 -9999 -9999 0.571144882708682 0.581990765960597 0.518986295576145 0.372826604574156 0.319321879652026 0.234822618280561 0.273752062939031 0.336732899383859 0.420170305062519 0.461955987507615 0.489433998822241 0.612900735324617 0.664576915566512 0.668106669273394 0.693369239370886 0.720526198248382 0.728413569098861 0.733373645612696 0.751725217970429 0.780929075874818 0.793423235508057 0.811365171568806 0.825623596014768 0.843317219293532 0.851718135112406 0.852831130075018 0.857310135022148 0.857434285471048 0.859917394257248 0.860545279117207 0.837671727871494 0.809462332651439 0.797847801829184 0.767893977288255 0.746063388727479 0.725918433780643 0.720032887970825 0.71529702448315 0.678183255036565 0.613649078936676 0.618060996600597 0.627229793459914 0.6334768887251
-9999 -9999 -9999 -9999 -9999 -9999 -9999 -9999 -9999 -9999 -9999 -9999 -9999 -9999 -9999 -9999 -9999 0.582188741543104 0.473121050569166 0.350472811386713 0.279545215183664 0.346323744140262 0.368585438997069 0.460191905100964 0.538931006552646 0.542946908198585 0.572705692227093 0.682453941066217 0.714353640546396 0.714020652147747 0.723747716758459 0.766879524586673 0.777416798560224 0.784830734744449 0.793113671618034 0.811640029348912 0.823288659365104 0.839416503949778 0.858701177035463 0.865977347671664 0.873059088071339 0.877715055824905 0.882262395750923 0.885077628882551 0.892973687796144 0.88127398171921 0.855874595445099 0.829406838913211 0.808234691899545 0.78270247321774 0.749119062331911 0.726520013395862 0.714274901315725 0.708987431951182 0.699785315681495 0.661589452008639 0.649522245889539 0.658671516809002 0.666309014079034
-9999 -9999 -9999 -9999 -9999 -9999 -9999 -9999 -9999 -9999 -9999 -9999 -9999 -9999 -9999 0.604149203198858 0.588918259512253 0.537653512635898 0.365077720693689 0.249415546400256 0.3308561266111 0.489554495013298 0.506426964798871 0.552736641244081 0.599863935472471 0.648981366666081 0.720423470348883 0.750778167273114 0.770989994657799 0.757579774762199 0.779816532091713 0.819915856170604 0.830561041292537 0.833404308946974 0.838866679621918 0.846742995823065 0.853071803981682 0.865813130896254 0.882462094522382 0.891250033573442 0.892677554090222 0.896435007825851 0.896333680802768 0.90654230630238 0.912522393839654 0.889910486854933 0.856513979239688 0.837131526895479 0.821658618838278 0.797245808681053 0.762975788482104 0.747625598763962 0.7370330778486 0.735520299906982 0.737408980157789 0.726947702102478 0.688823320073645 0.677306416574999 0.689156194409555
-9999 -9999 -9999 -9999 -9999 -9999 -9999 -9999 -9999 -9999 -9999 -9999 -9999 -9999 0.596639587944347 0.592811175378592 0.561802931106003 0.424161513660201 0.26117402824654 0.311608276952097 0.482611817042728 0.588593041211362 0.60571369162556 0.643077873840727 0.695592119127033 0.741224808859144 0.772882103465974 0.790825085917434 0.820610867939123 0.833987043590902 0.852907461294539 0.872046907084793 0.876918407830786 0.88372503317031 0.890444031041851 0.890834829214758 0.887134181000033 0.883457173143197 0.901170923520339 0.900268894755135 0.905885068426696 0.904014631697942 0.902538469216923 0.912934354122816 0.909216530539495 0.888965946523446 0.862484181584144 0.841140875687937 0.830825054975208 0.809035972199227 0.783348169395242 0.770499387283994 0.763348613261371 0.763142495295408 0.765997699659454 0.763774010534124 0.756397586149645 0.745525319929153 0.735001075390464
-9999 -9999 -9999 -9999 -9999 -9999 -9999 -9999 -9999 -9999 -9999 -9999 -9999 0.590931341862051 0.586001362764464 0.585603897680448 0.442240916856128 0.261709532953648 0.194509357289734 0.431601055603798 0.594432096627575 0.660250914624309 0.704055455281849 0.733667914128271 0.760024906094497 0.781892089829602 0.807373883750497 0.83428119996259 0.854076668225115 0.879570114758192 0.905446643164892 0.928020248816847 0.931504634219679 0.926912431540342 0.927494370692263 0.921709751924888 0.920596211598456 0.918618115775018 0.90616523549315 0.902042046848012 0.908163525175582 0.898251639726269 0.895185311846196 0.902988055093473 0.897019290684123 0.878045008213151 0.858781180175297 0.839935512243364 0.829247461804068 0.814895241805779 0.795935824572494 0.786185160862278 0.780956412274413 0.781804974989205 0.788558944321616 0.789475892085128 0.790469864647027 0.792647864866443 0.791305676259719
-9999 -9999 -9999 -9999 -9999 -9999 -9999 -9999 -9999 -9999 -9999 -9999 -9999 0.615981717539059 0.614721330054491 0.60601820864836 0.401304953139222 0.204620384223201 0.15646837152387 0.387325539374422 0.615218114857882 0.715150322733266 0.761833640579372 0.768865468401327 0.792212839596257 0.814166983808098 0.834598850515426 0.860992292213347 0.876675619239581 0.891514173628459 0.915412425288514 0.948623403792426 0.959204061797389 0.953882794950849 0.947582653872594 0.942865239921739 0.93827745540411 0.934194072515055 0.917709325476145 0.909166466234814 0.908717827589561 0.89436985991459 0.892057292432241 0.889327554646983 0.882940767024051 0.862494481204139 0.847840507874328 0.835737219900539 0.823983102242974 0.812930372968652 0.80114692156353 0.795956833210322 0.796568711420437 0.795895323342992 0.803244356418989 0.809647951294357 0.814489237734188 0.819361074674005 0.822583116884729
-9999 -9999 -9999 -9999 -9999 -9999 -9999 -9999 -9999 -9999 -9999 -9999 -9999 0.639766265857419 0.642172216830451 0.609925536144751 0.308801145905484 0.189178086066371 0.235435625577918 0.513234385794983 0.651167472719984 0.721607891091755 0.766625450664132 0.804965645173006 0.813665742967534 0.830072202849477 0.856716408908674 0.873740601645053 0.895209248439784 0.914039901867909 0.93020153664976 0.946013069713997 0.960500230305231 0.960628761387685 0.95696904289314 0.952738561735381 0.948338204639705 0.935238202767051 0.921595377727879 0.91368065650984 0.906858145817017 0.900286985605897 0.890601540175767 0.87786350569118 0.867526297724921 0.843463842025883 0.831198019163099 0.826542760571414 0.815074726611818 0.803120035036501 0.800533021821579 0.80006667584824 0.802188047833258 0.807125008761812 0.819253928633873 0.829014252068822 0.837821611288882 0.845646908105122 0.848850049575843
-9999 -9999 -9999 -9999 -9999 -9999 -9999 -9999 -9999 -9999 -9999 -9999 -9999 0.656985316982876 0.665019959893888 0.650526691676569 0.267043675703538 0.21045483019346 0.375746646715321 0.660137904571813 0.70513611692071 0.730529015248533 0.765324376030559 0.818095713691253 0.831823598672186 0.844082596061529 0.864746144485797 0.879992564703697 0.897153429192964 0.918274751449993 0.933953254218654 0.942060995905544 0.946304353661158 0.954649395328167 0.954621587914597 0.953496093891006 0.940730443181037 0.921687606879732 0.916214682404664 0.909985681987289 0.903807127780227 0.8915260585213 0.877784260212823 0.866716211424561 0.849602850061571 0.820687270106171 0.805391470828535 0.798400546316426 0.788978981287483 0.789543101234982 0.789238676676151 0.794472779412216 0.80085018016032 0.812204814086696 0.830398378774803 0.848214948632274 0.861499916987881 0.867301857922795 0.866097565384711
-9999 -9999 -9999 -9999 -9999 -9999 -9999 -9999 -9999 -9999 -9999 -9999 -9999 0.662667493205347 0.689014571092998 0.686771986691338 0.27569204208556 0.246054194131243 0.375414130942906 0.646101437445999 0.722004196162906 0.75096139316835 0.803159151661808 0.824043155798311 0.839368742174742 0.853893680086271 0.868092222021733 0.884590807110653 0.894970700839575 0.911641265948606 0.925772351666416 0.939716868428199 0.945952739103842 0.950212214691172 0.94985645528218 0.949764022875025 0.926586474364028 0.915795864386814 0.908379017855235 0.898929005561905 0.891695406967005 0.874032319930782 0.86068097714092 0.83354201596485 0.813565179411148 0.792386188733618 0.783430772406119 0.772070846402393 0.761945441747448 0.762706830746051 0.761036439883424 0.770584593066223 0.790894679881278 0.81357907131776 0.841733163070518 0.867802391255918 0.883238215217616 0.887184705457591 0.884263325819766
-9999 -9999 -9999 -9999 -9999 -9999 -9999 -9999 -9999 -9999 -9999 -9999 -9999 0.661752478135518 0.699522038539754 0.708750898326483 0.536006601062893 0.30778065224236 0.374501868974611 0.653498616953657 0.720960656829728 0.749248149201526 0.797123018867037 0.821694707844566 0.838495789632358 0.852618904248234 0.86823293487744 0.881297463267249 0.89469601517343 0.906050687998739 0.913073653945535 0.926446927015147 0.940503944508867 0.946353230483936 0.94707243989359 0.931003618616202 0.915068037799362 0.906600774832455 0.897936626638482 0.886441882018835 0.882760589151083 0.853640418275668 0.830652528911003 0.797299199649155 0.776673900620765 0.76607792372299 0.765396080564576 0.756328731018029 0.750389747966791 0.738200780856364 0.734549043289615 0.742174783723995 0.764179482729142 0.803233901733711 0.847188713472208 0.883340382634731 0.902716323401117 0.907642810346832 0.908118532836435
-9999 -9999 -9999 -9999 -9999 -9999 -9999 -9999 -9999 -9999 -9999 -9999 -9999 0.690003877634125 0.704712914271196 0.703014396278761 0.519676254092065 0.306669091961871 0.413633204903336 0.683180301222495 0.723339731777094 0.725483243507766 0.756479704170677 0.777083903052866 0.798511359382786 0.816285965389793 0.832960017511535 0.85421638108018 0.864966310366875 0.878762648458067 0.888093565213667 0.897878526996656 0.904980291679755 0.918086212052942 0.9360757955096 0.914825621010203 0.899079256891559 0.891898183095617 0.879762901934644 0.881283213482501 0.858810268488968 0.825507987442352 0.804280382232922 0.777190117337189 0.754640545011674 0.743655712458409 0.741330522210891 0.732868300645027 0.720434204351547 0.70922829471571 0.703045656874124 0.708422212237635 0.728795172463389 0.777424646882767 0.841980137946755 0.896916063250488 0.924489735969231 0.926324195225889 0.919130775170228
-9999 -9999 -9999 -9999 -9999 -9999 -9999 -9999 -9999 -9999 -9999 -9999 -9999 -9999 -9999 0.584773370349541 0.27665428850925 0.358466186208637 0.539367265327736 0.647284986138648 0.691274523853908 0.709137489975372 0.746824721353677 0.767711583656523 0.786878337355205 0.803591529702764 0.82126884512031 0.847484710136756 0.857539351403758 0.868666033428988 0.875900158601812 0.886015325209785 0.892535186651628 0.900809713028651 0.895188363214204 0.876033163849267 0.875699312317773 0.874511669203924 0.845437866746192 0.840092323388698 0.832006502523378 0.805285804835128 0.782850341020259 0.757686839699766 0.728073055703946 0.725910436284598 0.721607802843927 0.70808776688145 0.701991617855104 0.689068666188931 0.686170298673451 0.687189729540525 0.703708775767232 0.763465498333356 0.836304648590766 0.904584331099467 0.935558445711853 0.930870000218255 0.921186847332579
-9999 -9999 -9999 -9999 -9999 -9999 -9999 -9999 -9999 -9999 -9999 -9999 -9999 -9999 -9999 0.533803620971893 0.364433786364934 0.348179652006877 0.527927266314778 0.621939309313427 0.675944374889793 0.699146201654592 0.736070734775587 0.758779998128911 0.77646646556374 0.793413555614499 0.811968678278695 0.831776209546557 0.852032947883391 0.85899701664856 0.862340242234704 0.871052210139187 0.876442623060875 0.884209789703141 0.878131293214534 0.859542116764874 0.861346637313322 0.849031717645824 0.826912470055333 0.811292545909233 0.797985253361196 0.784575966816059 0.756623569290642 0.739484385968429 0.731534544871994 0.71737660746191 0.704728368974948 0.693709995931797 0.688978375698281 0.67970517521058 0.681321480250863 0.689378956342601 0.715263661455924 0.763763350755437 0.825574048028946 0.881592578474464 0.912881386296311 0.917846519582953 0.910515156091327
-9999 -9999 -9999 -9999 -9999 -9999 -9999 -9999 -9999 -9999 -9999 -9999 -9999 -9999 0.656121449935412 0.564053026751308 0.384131215512766 0.390590332659866 0.539845071216238 0.627069714677064 0.656520346492919 0.703256529518059 0.734975748439113 0.754147785417678 0.773888461091673 0.793132335433441 0.809837662444547 0.822109924301834 0.836832488499959 0.846221854941702 0.849600419228877 0.857894878103786 0.861042027110111 0.866300782482362 0.851273836506622 0.841931437965604 0.827413216483556 0.807432393439292 0.782813042632183 0.776273904728694 0.770862301824284 0.762973254147086 0.748903054468454 0.728115273344548 0.71042873114449 0.696021900752643 0.687097096242831 0.681004290437601 0.679745878907741 0.675744366194267 0.681664029881373 0.696176527159101 0.724305218619773 0.766564862123506 0.811754829225567 0.853047540835399 0.881827512066131 0.89401454474022 0.894993270805678
-9999 -9999 -9999 -9999 -9999 -9999 -9999 -9999 -9999 -9999 -9999 -9999 -9999 0.644489941454065 0.627682042770144 0.540801465000616 0.421342725970343 0.365385985330974 0.525796252288651 0.636846752007419 0.662037885089789 0.723006277240606 0.746530093011249 0.759087448813032 0.771405205479875 0.785772965567759 0.797000198798424 0.808008290453032 0.816966198097903 0.824435771993108 0.829929204662527 0.838226070116255 0.846199335563194 0.848597571883399 0.826064066899946 0.818841047826038 0.793404537701492 0.765136013153627 0.764441702363717 0.764659520911068 0.761969773493126 0.755739708514941 0.729639268060831 0.708178004832184 0.686159203239147 0.67767470805358 0.675456511650313 0.669774230696839 0.663618698732042 0.672615591854846 0.687100730475283 0.702155661399543 0.728269205055005 0.762048932005847 0.794082258526891 0.830895940683571 0.857882699409903 0.874387137941051 0.880059297980785
-9999 -9999 -9999 -9999 -9999 -9999 -9999 -9999 -9999 -9999 -9999 -9999 -9999 0.660599207143072 0.667208640819424 0.555854534191695 0.455357416113399 0.465423524838625 0.546375250139404 0.683228011316389 0.697072469587095 0.723323057958429 0.746903690111686 0.758378803315854 0.767074022235567 0.774550455826661 0.782983169579498 0.793713031540486 0.803304181598595 0.811676675210567 0.815696610002347 0.813776600027814 0.825021287575134 0.810867923061457 0.796093498895057 0.791371720601981 0.771360135943556 0.75800604901017 0.750373369652976 0.746191667702542 0.740207675225025 0.719718255676644 0.700946527694714 0.683086458285267 0.67483585527605 0.666391796747731 0.662772289488586 0.663103379745863 0.660430616786135 0.670478139827499 0.681795455581736 0.698814148474575 0.7220279661436 0.751188516515158 0.785795570882104 0.81467037720652 0.838223870976973 0.84782965845699 0.848600294784503
-9999 -9999 -9999 -9999 -9999 -9999 -9999 -9999 -9999 -9999 -9999 -9999 -9999 0.70511527720966 0.692634238096785 0.601594860419438 0.386344095382228 0.446434123005501 0.599493883761115 0.640245743011029 0.646264909114237 0.699502537577272 0.695852136531384 0.742353199882261 0.756876636698075 0.761481672657953 0.770835307613711 0.781414478642881 0.789661768491438 0.798179346684428 0.79889828878422 0.795604554174028 0.791874887141714 0.796222590550961 0.796237581906551 0.779045154338237 0.764141521572038 0.746513439625163 0.736600448627411 0.719711316448493 0.705745712494544 0.693115092926754 0.684855889932252 0.676536411449671 0.678583035939917 0.65911835990796 0.647059494142697 0.650240684001287 0.658216900458358 0.663846539553819 0.674052263522958 0.690146178436378 0.712786945275179 0.740599308460993 0.76513125247388 0.795037409783362 0.808794622410818 0.819593114777987 0.82316468932623
-9999 -9999 -9999 -9999 -9999 -9999 -9999 -9999 -9999 -9999 -9999 -9999 -9999 0.712943435255524 0.720135797467743 0.707233425894873 0.538747351266277 0.473201036826024 0.621963841357108 0.553797043981309 0.570396018120969 0.654455708102688 0.659537744354669 0.712090738981695 0.72738487515405 0.743078141358489 0.75615511749545 0.762811494337725 0.763696109524308 0.770100053747511 0.770890160097733 0.773021896034112 0.775348305172914 0.772992384250369 0.770012472632598 0.758682892164298 0.74251525119925 0.73346509031889 0.734723006827802 0.718900292089967 0.702042530337383 0.693541382294007 0.678756130115711 0.676746073280266 0.671578066560131 0.664077496901567 0.648360727405452 0.642217656057374 0.63711274052698 0.647328948431204 0.661394640644051 0.683099227062685 0.704254352827148 0.720541098366529 0.745235853638587 0.772414514056106 0.79643947333265 0.802162996112256 0.808187628894783
-9999 -9999 -9999 -9999 -9999 -9999 -9999 -9999 -9999 -9999 -9999 -9999 -9999 0.738416170223847 0.711692863538186 0.721516814475669 0.650428144809182 0.512045328371823 0.59452656619546 0.556130686554845 0.542217855219409 0.633929789548266 0.649372461404525 0.682931048350338 0.707536015309644 0.716602068991523 0.721665842589102 0.717120006505176 0.741296061239463 0.746004804056486 0.744795577328249 0.749334142944884 0.746235405030414 0.748156216661871 0.747024926893698 0.736393072698421 0.726166304988078 0.699693039612831 0.703117093604555 0.730431588070404 0.721748857640841 0.709881375782997 0.689540563289418 0.68256095674829 0.675375856896368 0.671574793964174 0.659345299606519 0.655447211391348 0.646463750652323 0.653021080603005 0.651950520719298 0.672010695757584 0.689044056711369 0.706804554407924 0.733341327902641 0.751030024393607 0.766564237251207 0.768964455272238 0.775539467022385
-9999 -9999 -9999 -9999 -9999 -9999 -9999 -9999 -9999 -9999 -9999 -9999 -9999 -9999 0.701842194943341 0.687312279840096 0.673851641200211 0.581147289870992 0.493615702821087 0.478702561478084 0.505224696102487 0.647458601484412 0.673352311504084 0.683361998519432 0.671383005460445 0.670013996156862 0.674540411463918 0.6673909892865 0.672875447742472 0.684094653014524 0.715242739242624 0.724250307470862 0.725001323882121 0.723670581094986 0.723397651132347 0.723678083821413 0.71283506329245 0.698874693392302 0.682043398058428 0.711160979102948 0.700343065478388 0.696972041826192 0.683090014339936 0.673173346828616 0.668856106673776 0.648703765665824 0.630678596458715 0.622789952219544 0.626718765284496 0.638602620513689 0.643138543512366 0.662663617331792 0.669352650348708 0.684146995058455 0.710011893734713 0.732156163841902 0.742656731250152 0.737520647484942 0.748915896332363
-9999 -9999 -9999 -9999 -9999 -9999 -9999 -9999 -9999 -9999 -9999 -9999 -9999 -9999 -9999 0.679487666143328 0.647546679800069 0.633548460624382 0.566286899697922 0.492459419769875 0.539160054175254 0.602317972964754 0.689430817834142 0.677835463759504 0.630928287283841 0.633284170784564 0.648883171081049 0.644129136963265 0.634948860556346 0.627438746662934 0.64204449408118 0.678658235802459 0.69051636039185 0.692200235032641 0.696551357380889 0.694490513460739 0.639089326123095 0.620549741898359 0.681213677047149 0.645940094348096 0.624444651770056 0.633522582853801 0.663609896696731 0.655139560098093 0.643965547232524 0.608928994454509 0.590289707852806 0.581716065131492 0.59139689956785 0.604243583881365 0.615976875583985 0.626820509715043 0.636435393230246 0.647840207075075 0.670901033521052 0.706040751920303 0.710499383603861 0.705878236295289 0.705563225695368
-9999 -9999 -9999 -9999 -9999 -9999 -9999 -9999 -9999 -9999 -9999 -9999 -9999 -9999 -9999 -9999 -9999 0.652004905567649 0.586727883985024 0.500661953177796 0.53839064665662 0.535856958088484 0.614745841672643 0.645134621968848 0.625228106055012 0.615960446092024 0.629233826740841 0.626847095415895 0.615819639645777 0.620595791666812 0.632933361176735 0.620106559018332 0.618200754442857 0.622334181860687 0.622610284792068 0.616823990522377 0.619751825949641 0.674787462709747 0.684101353133732 0.659562721020667 0.626690542288812 0.624824304375729 0.62427385229598 0.604877112919066 0.597511648564083 0.583546164847069 0.578242578878504 0.579474525168968 0.580589141428352 0.592410423900755 0.599949788606713 0.606919081333622 0.614705291882776 0.628567159990979 0.642134754697404 0.655537555488391 0.671958324139533 0.677215673935527 0.685988136143062
-9999 -9999 -9999 -9999 -9999 -9999 -9999 -9999 -9999 -9999 -9999 -9999 -9999 -9999 -9999 -9999 -9999 -9999 0.611465530254021 0.497942497833094 0.483620641107341 0.51581698424537 0.475638989405124 0.565434906352591 0.587211652908219 0.578987985065608 0.588454371152414 0.594198733547528 0.601903381764625 0.602023510682288 0.59896548963171 0.597840820705199 0.599586230231727 0.607404101838365 0.62409036899307 0.632484870944793 0.653711880059851 0.688424898948728 0.684563941539787 0.659287721011247 0.622308642202533 0.599922713631467 0.603724361987192 0.606577352267688 0.594908968666896 0.584558971164353 0.576547162239558 0.571526755189829 0.564211078826397 0.574844164266267 0.58376132585836 0.586779123438525 0.594099837488455 0.604226223560456 0.613521985308616 0.625828725770401 0.641092298142342 0.65140601757199 0.667315073026159
-9999 -9999 -9999 -9999 -9999 -9999 -9999 -9999 -9999 -9999 -9999 -9999 -9999 -9999 -9999 -9999 -9999 -9999 -9999 0.537955694100596 0.473362230976557 0.454582818384754 0.478189923120614 0.453633145711857 0.524492069779367 0.528107736477729 0.538741042166633 0.559746926767784 0.572430028693037 0.57020375378855 0.573659322274335 0.57711379266423 0.584638364959932 0.590689732694918 0.612444681810813 0.659593509154192 0.693812588779403 0.677262481783812 0.665375022494754 0.642881120068081 0.618489438414794 0.606340162703781 0.594970390015098 0.597064787296697 0.579341172341449 0.582078854099339 0.56736028348944 0.560699457599987 0.548545962160201 0.557797723017917 0.566427588325245 0.567850872327774 0.571067033775571 0.580357786515504 0.589530088044552 0.606052631200899 0.614492374934739 0.616854984867116 0.630722517381747
-9999 -9999 -9999 -9999 -9999 -9999 -9999 -9999 -9999 -9999 -9999 -9999 -9999 -9999 -9999 -9999 -9999 -9999 -9999 0.519675101758638 0.450966971652089 0.352818375166312 0.381866125022916 0.383071704678309 0.408726071067242 0.460061991347704 0.491280148109234 0.526018281443801 0.511914931387065 0.540223312449165 0.546471476666627 0.558357263280454 0.570425814787343 0.585013532423141 0.643639905511859 0.695897849466445 0.67918532831404 0.665297186550753 0.66010590101491 0.640036519083576 0.633541760764694 0.622848620009639 0.608571521439219 0.579441106774317 0.572932064193946 0.561719721660439 0.542786835094121 0.533616936095148 0.51709997261306 0.542308783911906 0.540390472352996 0.53669408872737 0.543594030629836 0.549728414062361 0.566510187553397 0.579457951938527 0.591163664269852 0.595619987226519 0.582964794152693
