layers/veg_krg_50/veg_5500.asc
NCOLS 128 
NROWS 165 
XLLCORNER -2985163.8955 
YLLCORNER -3022031.214 
CELLSIZE 50000 
NODATA_value -9999 
[rows 52 to 77 of 165, columns 0 to 58 of 128]
-9999 -9999 -9999 -9999 -9999 -9999 -9999 -9999 -9999 -9999 -9999 -9999 -9999 -9999 -9999 -9999 -9999 -9999 -9999 0.473170577337232 0.440821889097933 0.431204137962337 0.441009073791985 0.42698219317931 0.45154335819567 0.450768759278519 0.454544959024169 0.479219997904708 0.496181173811953 0.505742676845213 0.562957140397719 0.604337360930548 0.608598076133418 0.608388964119123 0.603138025185614 0.610153004820801 0.613196195839888 0.599941549591885 0.59477376240883 0.579034048205913 0.55805736255943 0.553634978283016 0.540817514325867 0.534129173189745 0.510550524365818 0.494648294666538 0.479012648937795 0.469011235277418 0.448786708778802 0.464996078232251 0.474432070467305 0.483073450430532 0.497027788519991 0.542128777130712 0.568556190273555 0.593434253752327 0.570250373284745 0.525947044217552 0.540967825998499
-9999 -9999 -9999 -9999 -9999 -9999 -9999 -9999 -9999 -9999 -9999 -9999 -9999 -9999 -9999 -9999 -9999 -9999 -9999 0.443087954952838 0.407860013202358 0.361770193819772 0.377191488144947 0.380722529548316 0.390028124029591 0.401604537293984 0.428669926860265 0.464637686810418 0.468239762814588 0.512606778539448 0.590801117774945 0.603267004096321 0.604678873994333 0.608141508625019 0.618583332826622 0.633529255261711 0.613605686318272 0.606117369812071 0.593306151968827 0.582923829083609 0.555124989263916 0.533379659278063 0.531682898494883 0.522410203534668 0.489233955431161 0.475501261476547 0.458654882332923 0.449559842596991 0.43561860965057 0.438309375697943 0.440070966130664 0.443708244217545 0.453373303175191 0.487266496528448 0.509282186444483 0.558989530740396 0.58515123186445 0.523264059776157 0.500641895406968
-9999 -9999 -9999 -9999 -9999 -9999 -9999 -9999 -9999 -9999 -9999 -9999 -9999 -9999 -9999 -9999 -9999 -9999 -9999 -9999 0.400461081746783 0.334584430795262 0.321932080052261 0.326083612218211 0.334377821930811 0.351911962430304 0.419544270699593 0.445300068737284 0.460619000120252 0.576193134367257 0.58699120155765 0.587852165450282 0.592278224088693 0.591463195179214 0.640715431891299 0.636728957454015 0.622802057107858 0.62260107372813 0.606810999427867 0.588015773708318 0.560006612207634 0.534732566799696 0.515423961267582 0.479871755445482 0.472496608196249 0.446963785693941 0.430281740194799 0.426091937015494 0.416057235739854 0.405957618465165 0.402834115345771 0.400834258579588 0.41769533360829 0.41908496991145 0.456552032159122 0.492136440017403 0.594345876882669 0.531612164016278 0.450057740181919
-9999 -9999 -9999 -9999 -9999 -9999 -9999 -9999 -9999 -9999 -9999 -9999 -9999 -9999 -9999 -9999 -9999 -9999 -9999 -9999 0.337459338445824 0.287474914548995 0.270613100405334 0.269522221872359 0.285080289236761 0.308191512992809 0.381786261154813 0.434138078191545 0.540823474544788 0.556145828155281 0.582789433542 0.568026785811137 0.570022272380739 0.627523938469825 0.645092422711481 0.647402278774292 0.632113312423147 0.626260964370138 0.616946602574662 0.591670167100093 0.570357095341842 0.543756444278188 0.513397308125139 0.46664294873258 0.43581781406325 0.41190728429078 0.403441644621929 0.386912952165718 0.370011037732464 0.369424923595473 0.364723935949406 0.36889409204975 0.383096256738964 0.393964957619242 0.398134993800172 0.413425755828328 0.430242766943588 0.44039206121959 0.433451237062163
-9999 -9999 -9999 -9999 -9999 -9999 -9999 -9999 -9999 -9999 -9999 -9999 -9999 -9999 -9999 -9999 -9999 -9999 -9999 -9999 -9999 0.256012077373052 0.23198881671627 0.211531554389929 0.229368907884107 0.26432813081569 0.331108465126079 0.462296616934636 0.530588583237481 0.514346705920085 0.540588072090883 0.551711993336993 0.600806236640606 0.645878097128985 0.651192586635091 0.63618056593707 0.632962092793991 0.630988227301654 0.619552758174664 0.598793428905028 0.580453011060588 0.549457951429699 0.513124967381552 0.478570353746646 0.439829369013789 0.401324307481118 0.367857155010464 0.352054191530243 0.341218515378768 0.332539699117555 0.330970427623341 0.3326725940963 0.333307220185225 0.359863659354472 0.370734591539467 0.370554971303015 0.37351613204546 0.388317520283557 0.384129505937653
-9999 -9999 -9999 -9999 -9999 -9999 -9999 -9999 -9999 -9999 -9999 -9999 -9999 -9999 -9999 -9999 -9999 -9999 -9999 -9999 -9999 0.241072359656167 0.206811173712887 0.169796562788329 0.183876240257281 0.230029459781575 0.348598384486416 0.41336339360933 0.499401313178542 0.491834350313259 0.527783843610388 0.56739870559518 0.64408482981904 0.654267391127532 0.63282420472667 0.635836705399962 0.638382701719885 0.636041907650877 0.62516138622918 0.616295891029578 0.610954626920528 0.568735625479004 0.534244689120888 0.494463757980809 0.4456213988072 0.397969274717697 0.353320607312408 0.320240096884441 0.309638181196165 0.30953401177496 0.293045282276394 0.282884786403405 0.288008152653656 0.322901095092225 0.320841264048039 0.337263752602925 0.347660718221309 0.349068533100736 0.348227981445295
-9999 -9999 -9999 -9999 -9999 -9999 -9999 -9999 -9999 -9999 -9999 -9999 -9999 -9999 -9999 -9999 -9999 -9999 -9999 -9999 -9999 -9999 0.180635092311562 0.177177015512494 0.144118975841917 0.171085018061356 0.227301592746333 0.280679870607693 0.356391755319697 0.449404098570024 0.545210915595587 0.589407468035177 0.636244180765252 0.636066773762713 0.622211974373264 0.632694776072023 0.638925239641044 0.641850978281731 0.635656167377403 0.631554601891631 0.625361146291809 0.597110071244868 0.558242102418755 0.512907579511867 0.453238344079075 0.393714966397881 0.338461953841848 0.301027878247132 0.292834111055593 0.292578407803797 0.294186736428169 0.291044435681099 0.296782252906354 0.29633703699501 0.286194103862832 0.280672998063408 0.291212671125484 0.316060621046046 0.332517836548814
-9999 -9999 -9999 -9999 -9999 -9999 -9999 -9999 -9999 -9999 -9999 -9999 -9999 -9999 -9999 -9999 -9999 -9999 -9999 -9999 -9999 -9999 0.174992937781483 0.200452363722008 0.174531403583446 0.120908606492777 0.134691701297271 0.195582593515625 0.260048039115007 0.441864359249685 0.49034282603796 0.485161636805495 0.569672722641266 0.451962616092473 0.342080909137438 0.546543064172865 0.620778024427031 0.644632337245797 0.645746870343324 0.649531183694057 0.636185776161965 0.617695740412181 0.586085823225072 0.536884512443113 0.468337680204134 0.394762363685612 0.324132899404262 0.280177091533333 0.2747844010753 0.287832625388686 0.302125156925831 0.306655458686545 0.307397351685935 0.300591004364229 0.286294823561542 0.270216705199782 0.258205043928272 0.254120830929458 0.280871271332108
-9999 -9999 -9999 -9999 -9999 -9999 -9999 -9999 -9999 -9999 -9999 -9999 -9999 -9999 -9999 -9999 -9999 -9999 -9999 -9999 -9999 -9999 -9999 -9999 0.28054329644452 0.152932396939308 0.108842368724864 0.154833523848227 0.26654689295422 0.386466831814976 0.50946977973242 0.425278668643392 0.512476758090853 0.366266809462851 0.291890571962844 0.487812960533704 0.588808168405252 0.63819286641877 0.653616112534933 0.665245868167845 0.666047363343463 0.654480849291319 0.627094943219103 0.572303165935773 0.499025004403818 0.413402807507753 0.324177627448509 0.2679276746594 0.270071029224203 0.28840081779538 0.300912607305928 0.31390210727356 0.309604463213982 0.299550337031002 0.279303244189879 0.272466677778173 0.257672437831548 0.239157249725233 0.249472290617944
-9999 -9999 -9999 -9999 -9999 -9999 -9999 -9999 -9999 -9999 -9999 -9999 -9999 -9999 -9999 -9999 -9999 -9999 -9999 -9999 -9999 -9999 -9999 -9999 -9999 0.242207785082692 0.0882278529331673 0.0904229143595418 0.137608959548965 0.230944057320017 0.34776263454294 0.352761925256796 0.313477267490719 0.258415010686784 0.226655763269727 0.38102558880242 0.44610787244551 0.54558197042346 0.612757067256162 0.651737452266379 0.684438219488355 0.686699821839145 0.677311301358301 0.627514138557101 0.54982042530617 0.460935084983783 0.372756303664771 0.31440542977012 0.30121112562925 0.300880517811931 0.308409494945719 0.318092683608781 0.312750211934236 0.291533637003922 0.271367393941984 0.257612819042495 0.24970930187017 0.23480652753185 0.231798260883343
-9999 -9999 -9999 -9999 -9999 -9999 -9999 -9999 -9999 -9999 -9999 -9999 -9999 -9999 -9999 -9999 -9999 -9999 -9999 -9999 -9999 -9999 -9999 -9999 -9999 0.319525641732107 0.178521594689899 0.0563554130958736 0.0605794953304008 0.125220405345634 0.149307741813357 0.189976761959306 0.197604577730686 0.141703782997444 0.129385236523412 0.13559894556036 0.184030586485917 0.313926045254717 0.439437669839385 0.599248011512778 0.672341486309709 0.70755162201633 0.718880384681179 0.687922333537649 0.610908905099273 0.517806033477395 0.435997243201397 0.376417045130485 0.344886081360128 0.32711863555154 0.31708402236442 0.312570506766214 0.302808551718676 0.280330517315827 0.252162662448444 0.23053303358419 0.22957734260731 0.209820340864887 0.200865330005863
-9999 -9999 -9999 -9999 -9999 -9999 -9999 -9999 -9999 -9999 -9999 -9999 -9999 -9999 -9999 -9999 -9999 -9999 -9999 -9999 -9999 -9999 -9999 -9999 -9999 -9999 0.317412645421908 0.123540156275675 0.0553218597681423 0.0605502976093588 0.111306645204702 0.113314095621071 0.20108541003511 0.0932338438160776 0.109904421777694 0.110434107028541 0.0892001525223973 0.15946487679601 0.165995954366476 0.37390993439848 0.532362184332391 0.635030047983154 0.708649005084809 0.713647068572308 0.659180665473703 0.567602728716729 0.487706967067619 0.425490362706802 0.38129701753198 0.352850812335622 0.32315079153117 0.302338334198377 0.281962354523684 0.258195449240559 0.234108550891329 0.217247447134577 0.20394312660625 0.186453674515482 0.16886789583523
-9999 -9999 -9999 -9999 -9999 -9999 -9999 -9999 -9999 -9999 -9999 -9999 -9999 -9999 -9999 -9999 -9999 -9999 -9999 -9999 -9999 -9999 -9999 -9999 -9999 -9999 0.426647722316495 0.300970731504336 0.218593021190008 0.0605399217973105 0.074629423996326 0.0530911504511939 0.0759412345624214 0.0457099387806518 0.0732090515312265 0.0492383774247654 0.07274526095581 0.11452607270472 0.0975724920552032 0.102988589565279 0.179340317711567 0.425719318764673 0.600774343807995 0.669367241533125 0.651907237868918 0.596606013369397 0.519175316291629 0.457755900517208 0.411279583127708 0.370956929496662 0.32699593437975 0.292066311127067 0.262771003744437 0.238971312285549 0.218446176170726 0.202978114097925 0.187673439982082 0.176911660712414 0.162681677836031
-9999 -9999 -9999 -9999 -9999 -9999 -9999 -9999 -9999 -9999 -9999 -9999 -9999 -9999 -9999 -9999 -9999 -9999 -9999 -9999 -9999 -9999 -9999 -9999 -9999 -9999 0.430517374947839 0.47918484050291 0.401248972524798 0.144506960890334 0.0681405825098896 0.0399613727390992 0.00277506306263985 0.000217635760118259 0.0102571601582912 0.0555132809530031 0.0812102485570566 0.0975211230845641 0.113775248111952 0.0954923250460724 0.0200823331315659 0.245423097107114 0.570259741571029 0.616491857711951 0.574047840362906 0.544442729887679 0.48363278466462 0.456864460979055 0.415949453840851 0.375717972933552 0.329415588523278 0.282911296167197 0.247503906059516 0.222365658857528 0.205000301557037 0.190773770578428 0.177509822721125 0.17144900377825 0.178201438477721
-9999 -9999 -9999 -9999 -9999 -9999 -9999 -9999 -9999 -9999 -9999 -9999 -9999 -9999 -9999 -9999 -9999 -9999 -9999 -9999 -9999 -9999 -9999 -9999 -9999 -9999 -9999 0.432841186477683 0.429988619468144 0.291628504035282 0.152086554716786 0.0759162765647785 0.0446089377658478 0.0692342029479612 0.00588489253312986 0.0210287629652881 0.0346275929397651 0.0561251536568802 0.09846367312898 0.101775496024543 0.0435075144924018 0.204748602355243 0.461233904334539 0.516390170989946 0.516119495885938 0.427178613205936 0.438418468206678 0.461274666154292 0.431549509872175 0.385483922948014 0.332556829108248 0.277217955534669 0.231683116462912 0.210795672203188 0.196079486804857 0.186374899737737 0.173660355624999 0.167707208700665 0.177182422290673
-9999 -9999 -9999 -9999 -9999 -9999 -9999 -9999 -9999 -9999 -9999 -9999 -9999 -9999 -9999 -9999 -9999 -9999 -9999 -9999 -9999 -9999 -9999 -9999 -9999 -9999 -9999 -9999 0.364505179657037 0.344227825015372 0.291723027025905 0.220486364353703 0.300720757464714 0.101957444405273 0.0857613000125091 0.0757382087268859 0.0273676598925046 0.0180415491377654 0.0403282856676932 0.0940472049851121 0.090691793209681 0.111810637084376 0.164528134909364 0.247583721011339 0.461201356966101 0.447001172733029 0.452168006344128 0.474397014832922 0.452335029722547 0.398714091302754 0.344900840663648 0.290881799031308 0.238130452368023 0.209306221317465 0.184763880228127 0.179316542273738 0.168526129285083 0.159267870151163 0.17818662559028
-9999 -9999 -9999 -9999 -9999 -9999 -9999 -9999 -9999 -9999 -9999 -9999 -9999 -9999 -9999 -9999 -9999 -9999 -9999 -9999 -9999 -9999 -9999 -9999 -9999 -9999 -9999 -9999 -9999 -9999 0.373267609658755 0.382294326002729 0.393548950936724 0.319923722920571 0.278377402567723 0.142150700762609 0.041786580944083 0.0709674555117217 0.0152755633167062 0.0524470246650736 0.0665136134843806 0.0815247389295372 0.0423732532189824 0.0424804333906794 0.341610910069626 0.354316521365196 0.356855843333334 0.446069248052372 0.466096130692942 0.414649257543773 0.359810677514579 0.307603991175219 0.258770041154104 0.227740092994039 0.196397156953678 0.176875958525367 0.169477569683816 0.152674026309103 0.18597854948624
-9999 -9999 -9999 -9999 -9999 -9999 -9999 -9999 -9999 -9999 -9999 -9999 -9999 -9999 -9999 -9999 -9999 -9999 -9999 -9999 -9999 -9999 -9999 -9999 -9999 -9999 -9999 -9999 -9999 -9999 -9999 -9999 0.371392992218062 0.509990115136549 0.422541802679512 0.315144219294065 0.166023251981172 0.190738422172875 0.000579341167209184 0.0117806394470904 0.0441552825433795 0.0759688245081195 0.0671556939798763 0.0623206153348418 0.243154670512189 0.243854740583887 0.122545990485268 0.259514175340701 0.446905412200834 0.422249328444362 0.376562392964117 0.323648507553074 0.276162422419944 0.246052217192765 0.223311105970642 0.205811196673832 0.190821114147895 0.181598760758356 0.195015535817581
-9999 -9999 -9999 -9999 -9999 -9999 -9999 -9999 -9999 -9999 -9999 -9999 -9999 -9999 -9999 -9999 -9999 -9999 -9999 -9999 -9999 -9999 -9999 -9999 -9999 -9999 -9999 -9999 -9999 -9999 -9999 -9999 -9999 0.56077631959201 0.458544733213281 0.500086475195775 0.420473444587713 0.195865612937609 0.0421838421188547 0.0100761355193844 0.00573409723091933 0.0692013748353854 0.049717478218885 0.084448406688898 0.0841994720815375 0.0906059100485165 0.155930416782044 0.125293952681601 0.050515978228842 0.242715835158768 0.327760283942575 0.318230883080392 0.279549978788012 0.256592781265885 0.2404606731353 0.224585362840913 0.21330038281602 0.206529168233971 0.206139939388548
-9999 -9999 -9999 -9999 -9999 -9999 -9999 -9999 -9999 -9999 -9999 -9999 -9999 -9999 -9999 -9999 -9999 -9999 -9999 -9999 -9999 -9999 -9999 -9999 -9999 -9999 -9999 -9999 -9999 -9999 -9999 -9999 -9999 -9999 -9999 -9999 0.426210510136046 0.406922829272437 0.300242887777604 0.0855312591975519 0.0493739610309018 0.0670068887073685 0.0836800206676511 0.100102998035285 0.110280401263171 0.0727053840445124 0.1167113507807 0.140639648504063 0.0737752807001641 0.0747735191246358 0.192011141997736 0.232965365191174 0.258562271497497 0.265990559882811 0.25132326493373 0.236845904673712 0.225900173643965 0.217862520700325 0.222180243075995
-9999 -9999 -9999 -9999 -9999 -9999 -9999 -9999 -9999 -9999 -9999 -9999 -9999 -9999 -9999 -9999 -9999 -9999 -9999 -9999 -9999 -9999 -9999 -9999 -9999 -9999 -9999 -9999 -9999 -9999 -9999 -9999 -9999 -9999 -9999 -9999 -9999 0.585960499483772 0.567526401280385 0.356415017753073 0.0575078087585037 0.03405669788755 0.0671117215933073 0.0831450055074895 0.103109422670881 0.063900166147227 0.0295274608026244 0.0831316298980662 0.172386159371531 0.196044596845637 0.19507690319602 0.149564011152389 0.209891480680382 0.27615022927614 0.2608208786022 0.247941001766838 0.239261366559824 0.229721918949279 0.232112884706842
-9999 -9999 -9999 -9999 -9999 -9999 -9999 -9999 -9999 -9999 -9999 -9999 -9999 -9999 -9999 -9999 -9999 -9999 -9999 -9999 -9999 -9999 -9999 -9999 -9999 -9999 -9999 -9999 -9999 -9999 -9999 -9999 -9999 -9999 -9999 -9999 -9999 -9999 0.6082226086437 0.425969858475402 0.116574671441768 0.0385417755544877 0.080923446803308 0.0982774576031729 0.094955210677166 0.065425736359017 0.0270608888313847 0.0574784753142673 0.154229318162547 0.188824473202084 0.164856659723278 0.13747620190561 0.213479806449181 0.281937485796802 0.269647999202383 0.256765725894245 0.247263223655746 0.258811936943047 0.268746414173242
-9999 -9999 -9999 -9999 -9999 -9999 -9999 -9999 -9999 -9999 -9999 -9999 -9999 -9999 -9999 -9999 -9999 -9999 -9999 -9999 -9999 -9999 -9999 -9999 -9999 -9999 -9999 -9999 -9999 -9999 -9999 -9999 -9999 -9999 -9999 -9999 -9999 -9999 0.479749429888593 0.411020804888346 0.17576353779738 0.0432509786299941 0.0651129791524992 0.0980052282032159 0.0870136782516205 0.0566635405063859 0.0115696870941431 0.00978498415062883 0.107564993350604 0.124480684201769 0.105461089643111 0.183391342458128 0.240510446221008 0.276215880864606 0.277368892232362 0.266128933385863 0.267274307218291 0.282670790085353 0.275553971071787
-9999 -9999 -9999 -9999 -9999 -9999 -9999 -9999 -9999 -9999 -9999 -9999 -9999 -9999 -9999 -9999 -9999 -9999 -9999 -9999 -9999 -9999 -9999 -9999 -9999 -9999 -9999 -9999 -9999 -9999 -9999 -9999 -9999 -9999 -9999 -9999 -9999 -9999 0.447777356945211 0.419749209071942 0.279555049191903 0.0831706436940374 0.0640375002374234 0.0889266490034103 0.0668752947091956 0.0371445195556507 0.000855269274033199 0.000605920180581348 0.0378857246454077 0.0588184385949004 0.0975691300111177 0.185781939279743 0.229079657335349 0.278059422373078 0.273546542565165 0.266133383537883 0.294223336742383 0.276268615147702 0.266857434694665
-9999 -9999 -9999 -9999 -9999 -9999 -9999 -9999 -9999 -9999 -9999 -9999 -9999 -9999 -9999 -9999 -9999 -9999 -9999 -9999 -9999 -9999 -9999 -9999 -9999 -9999 -9999 -9999 -9999 -9999 -9999 -9999 -9999 -9999 -9999 -9999 -9999 -9999 -9999 0.379319767212434 0.335803319500859 0.108014478783773 0.0495062767103565 0.0770786199182203 0.0355975405825991 0.0338103271226965 0.00260729540557267 0 0.0353076643459963 0.0570140558779197 0.154097611299749 0.19671842465092 0.221991525771275 0.294031078876283 0.268774874387276 0.314208794115249 0.290114391469488 0.274375549008073 0.280089980355703
-9999 -9999 -9999 -9999 -9999 -9999 -9999 -9999 -9999 -9999 -9999 -9999 -9999 -9999 -9999 -9999 -9999 -9999 -9999 -9999 -9999 -9999 -9999 -9999 -9999 -9999 -9999 -9999 -9999 -9999 -9999 -9999 -9999 -9999 -9999 -9999 -9999 -9999 -9999 0.399669589533594 0.378143314013936 0.157728569369391 0.0511835303847705 0.0825811029460579 0.0650857620644139 0.0187506142092872 0 0 0.0442661842476859 0.0227984739960011 0.120963617383387 0.237119403862083 0.242282743953728 0.309817206830308 0.323229603779934 0.297298542866488 0.286181665058465 0.28659304102207 0.283901454477688
