layers/veg_krg_50/veg_2500.asc
NCOLS 128 
NROWS 165 
XLLCORNER -2985163.8955 
YLLCORNER -3022031.214 
CELLSIZE 50000 
NODATA_value -9999 
[rows 26 to 51 of 165, columns 59 to 117 of 128]
0.538171906695582 0.532859792343064 0.533409661348147 0.536978876684802 0.586699785339273 0.624809156923473 0.655956043299829 0.699512955358074 0.703467237957777 0.630670522497617 0.676088787346963 0.712776946525585 0.714371485677617 0.751556764438951 0.812598564498508 0.849357712338317 0.859131779257613 0.891293782238143 0.910787164848167 0.8979037535848 0.915060101434757 0.93468329118929 -9999 -9999 -9999 -9999 -9999 -9999 -9999 -9999 -9999 -9999 -9999 -9999 -9999 -9999 -9999 -9999 -9999 -9999 -9999 -9999 -9999 -9999 -9999 -9999 -9999 -9999 -9999 -9999 -9999 -9999 -9999 -9999 -9999 -9999 -9999 -9999 -9999
0.578436842526954 0.576485881977274 0.576098008357894 0.572301524023706 0.604515347972457 0.642587181000343 0.690096623436508 0.720532958410548 0.710005843631684 0.692852522736238 0.706628991118416 0.713262686298962 0.748056607820741 0.773444724748261 0.791615159919629 0.836715108257551 0.845014604930858 0.855470525530986 0.860038556190111 0.863498702430167 0.890266778329628 0.917518363087882 0.949705126926632 -9999 -9999 -9999 -9999 -9999 -9999 -9999 -9999 -9999 -9999 -9999 -9999 -9999 -9999 -9999 -9999 -9999 -9999 -9999 -9999 -9999 -9999 -9999 -9999 -9999 -9999 -9999 -9999 -9999 -9999 -9999 -9999 -9999 -9999 -9999 -9999
0.615173633185759 0.617088922412973 0.621189380561836 0.631493735297747 0.652450343316666 0.680748883069504 0.766695030933474 0.75112195971449 0.724151597278903 0.724113482083618 0.733492119933565 0.744720837938575 0.749074556846137 0.752769916873818 0.799318065764493 0.84008687318567 0.853354541963368 0.858911504303547 0.881434777291142 0.903859528487585 0.899235557129316 0.907110864547142 0.949125538253966 0.94548811124853 -9999 -9999 -9999 -9999 -9999 -9999 -9999 -9999 -9999 -9999 -9999 -9999 -9999 -9999 -9999 -9999 -9999 -9999 -9999 -9999 -9999 -9999 -9999 -9999 -9999 -9999 -9999 -9999 -9999 -9999 -9999 -9999 -9999 -9999 -9999
0.646391676283382 0.649773615245785 0.666271463525736 0.689654753873089 0.70011686241503 0.712940547400743 0.747314266828973 0.754352762695248 0.731832053306976 0.728334629976317 0.749124181709212 0.739050273256576 0.743179316818415 0.74507728695587 0.759090102401197 0.825898729274948 0.829998683583398 0.858152748862235 0.896562610659689 0.912595234522313 0.918195800409886 0.92917083270014 0.93947460009541 0.941194303830005 -9999 -9999 -9999 -9999 -9999 -9999 -9999 -9999 -9999 -9999 -9999 -9999 -9999 -9999 -9999 -9999 -9999 -9999 -9999 -9999 -9999 -9999 -9999 -9999 -9999 -9999 -9999 -9999 -9999 -9999 -9999 -9999 -9999 -9999 -9999
0.676722862743577 0.693338138638107 0.711316165682331 0.721446807573074 0.730963165646307 0.741334435859489 0.765443153681304 0.759365178633568 0.785993025861319 0.817298026825781 0.805565205678138 0.809003682153544 0.825989282397181 0.80628583387764 0.791035021465167 0.837196301002064 0.856984621833213 0.857422443756925 0.886449040838579 0.908723212025202 0.937974602144218 0.948169900697939 0.94709736533568 0.960982977710272 -9999 -9999 -9999 -9999 -9999 -9999 -9999 -9999 -9999 -9999 -9999 -9999 -9999 -9999 -9999 -9999 -9999 -9999 -9999 -9999 -9999 -9999 -9999 -9999 -9999 -9999 -9999 -9999 -9999 -9999 -9999 -9999 -9999 -9999 -9999
0.716058795475698 0.734426472335811 0.741274924856743 0.756407845890963 0.760996726364854 0.762527487628622 0.743744508234225 0.755039721924563 0.793225188623884 0.805173908973411 0.793773016550235 0.79984582690303 0.812498266927298 0.816567939233203 0.817350437129001 0.836024103483449 0.854165530028706 0.866542663210376 0.879177909396903 0.908320891904096 0.944260325451919 0.945863935529596 0.956610624513371 0.961326280224203 -9999 -9999 -9999 -9999 -9999 -9999 -9999 -9999 -9999 -9999 -9999 -9999 -9999 -9999 -9999 -9999 -9999 -9999 -9999 -9999 -9999 -9999 -9999 -9999 -9999 -9999 -9999 -9999 -9999 -9999 -9999 -9999 -9999 -9999 -9999
0.758510436388494 0.764859206100229 0.778827620315281 0.79996822091818 0.795378867514782 0.753586243671386 0.742695492247407 0.758554065182732 0.807815750538565 0.792869683721325 0.7932460717101 0.784785219553591 0.801044276738623 0.796330965917338 0.797400598589044 0.81308567800409 0.82607431052773 0.858239786636677 0.867971635199829 0.911311182310458 0.951034906648044 0.961379711897378 0.962747552723512 0.961922015790068 -9999 -9999 -9999 -9999 -9999 -9999 -9999 -9999 -9999 -9999 -9999 -9999 -9999 -9999 -9999 -9999 -9999 -9999 -9999 -9999 -9999 -9999 -9999 -9999 -9999 -9999 -9999 -9999 -9999 -9999 -9999 -9999 -9999 -9999 -9999
0.786565759548799 0.797741324909899 0.822869260248831 0.822831079058664 0.810531651212297 0.79955924849012 0.796636844360962 0.804581138658751 0.816342621103005 0.814826259633826 0.791307149548854 0.800683648272371 0.806031473315574 0.796686018211623 0.769226095154359 0.796763727355592 0.831972125626569 0.850531083187666 0.891918228539569 0.924221832208121 0.954260439301331 0.966865581604552 0.966528377534596 0.961437626950443 0.955965388793769 0.911093841552923 0.886077842087786 -9999 -9999 -9999 -9999 -9999 -9999 -9999 -9999 -9999 -9999 -9999 -9999 -9999 -9999 -9999 -9999 -9999 -9999 -9999 -9999 -9999 -9999 -9999 -9999 -9999 -9999 -9999 -9999 -9999 -9999 -9999 -9999
0.818495813065412 0.835330799628271 0.833629045971588 0.835020623271832 0.828132959643105 0.822614717438021 0.830143516223987 0.84189048124143 0.826861300461483 0.820804032800067 0.795152835943928 0.810586996257842 0.80138565564236 0.777205207974854 0.735735343039686 0.798113843777303 0.838615597012744 0.858041352726134 0.906515842338754 0.943604835900979 0.964794647542133 0.965455862101228 0.961371816035957 0.95721969879482 0.949484754096779 0.906345935737834 0.882418098939618 0.858444547780526 0.840046553276332 0.819453165897557 0.811969386403347 0.766476814382073 -9999 -9999 -9999 -9999 -9999 -9999 -9999 -9999 -9999 -9999 -9999 -9999 -9999 -9999 -9999 -9999 -9999 -9999 -9999 -9999 -9999 -9999 -9999 -9999 -9999 -9999 -9999
0.861226331478103 0.852877307296304 0.849745232980344 0.845720156591066 0.848339776423752 0.833024461815707 0.832316604890046 0.833966162066081 0.830649239488429 0.82450078304111 0.816242021720073 0.822068847164091 0.809736282701031 0.798492390732056 0.794089815202678 0.807855223725797 0.837092726373758 0.883891274459005 0.917533195062161 0.94953563835448 0.964339173163615 0.962591051705715 0.957351124690052 0.950130028364796 0.923213466676628 0.894774805456628 0.8697279689005 0.854171268084001 0.829281843193559 0.80846935975553 0.78323089537894 0.756597630510475 0.719447884231744 -9999 -9999 -9999 -9999 -9999 -9999 -9999 -9999 -9999 -9999 -9999 -9999 -9999 -9999 -9999 -9999 -9999 -9999 -9999 -9999 -9999 -9999 -9999 -9999 -9999 -9999
0.877311038974149 0.872314423040363 0.863315541846749 0.855124592883686 0.853713467754425 0.840798040142111 0.845960996780879 0.846420973627462 0.848341338618057 0.822601943827395 0.817949117807426 0.834464794988331 0.83424083928287 0.830493835587207 0.827898378705493 0.826406025518488 0.841947674978577 0.876388984645695 0.909702463228789 0.940886157408609 0.953594196865147 0.952697220528993 0.944532048529542 0.921934639183833 0.907753945364164 0.884856410185644 0.861064241630336 0.839190772510938 0.818786291694723 0.795809279203649 0.759648389839123 0.734564007329062 0.718109007100433 0.695992243728122 0.681423212397264 -9999 -9999 -9999 -9999 -9999 -9999 -9999 -9999 -9999 -9999 -9999 -9999 -9999 -9999 -9999 -9999 -9999 -9999 -9999 -9999 -9999 -9999 -9999 -9999
0.895861634953212 0.88731397039183 0.872441140054967 0.864478239338698 0.872419545479448 0.869569486135872 0.867876946229826 0.860789359448897 0.837247035845146 0.821059933059546 0.800184468200957 0.799855463358056 0.824316556574787 0.828061038669261 0.822591053606962 0.824934245959184 0.836825911019429 0.86497771163474 0.892484712038479 0.9197601679486 0.931544899199506 0.934002380819374 0.928907499751785 0.908851208298784 0.889430799019285 0.866265665745673 0.847721808981799 0.827190521678169 0.804592362848746 0.768071743645288 0.745475411035294 0.713220091092365 0.708298362089765 0.687699026055634 0.667431194282101 0.662078609648954 -9999 -9999 -9999 -9999 -9999 -9999 -9999 -9999 -9999 -9999 -9999 -9999 -9999 -9999 -9999 -9999 -9999 -9999 -9999 -9999 -9999 -9999 -9999
0.907247066673475 0.901588021471423 0.889104572495545 0.877532745175532 0.872062200653959 0.868635056591866 0.872343145840434 0.860817223990942 0.843120850469349 0.825536470250968 0.795422523695635 0.802075396318766 0.815385528078473 0.814080689359341 0.816022142404292 0.822568472127757 0.835438157104671 0.852835491036321 0.868894185286982 0.890502778817815 0.903328757820495 0.90562892591105 0.899454866645308 0.890886713578194 0.874966167472719 0.853870574936563 0.838166291633515 0.818745285585523 0.792002068364215 0.754341641548784 0.73384877025541 0.679109914231241 0.665525955125359 0.667646384474829 0.653122820312058 0.648714916121746 -9999 0.611330906661436 -9999 -9999 -9999 -9999 -9999 -9999 -9999 -9999 -9999 -9999 -9999 -9999 -9999 -9999 -9999 -9999 -9999 -9999 -9999 -9999 -9999
0.915666466749271 0.89852396780697 0.886640409780024 0.871146129002844 0.860086420260376 0.853596262421507 0.848950189532095 0.846865495994686 0.84286955607852 0.826031719036184 0.793164572699887 0.819706818567264 0.813431128727683 0.812348476164773 0.815635332468478 0.819797385696479 0.827585505228622 0.83527675511312 0.862987912283232 0.872234941084116 0.876941085086551 0.878621013691976 0.878499743415359 0.874631154681671 0.866278192709841 0.844329183490428 0.824243365754698 0.803337697835171 0.761675452695097 0.75035082704249 0.711653769243697 0.65569789513716 0.648822371736996 0.644754433377771 0.645107183424006 0.630644322229624 0.608502256839014 0.594078976645427 0.589139897685493 0.597708538572931 0.618780778005932 0.650575583456765 -9999 -9999 -9999 -9999 -9999 -9999 -9999 -9999 -9999 -9999 -9999 -9999 -9999 -9999 -9999 -9999 -9999
0.910798294112112 0.897261101492364 0.883452965956094 0.863321961942963 0.85131996311688 0.849512709068701 0.836388306875029 0.829617250922645 0.833482370884112 0.82332975400746 0.820837486316422 0.810552092242204 0.795249953753028 0.800396083306164 0.81170416261158 0.819612605797337 0.825566055213363 0.826462603372715 0.8381368112911 0.848176622845771 0.849101379946051 0.854409602527685 0.854568099752569 0.851830132226454 0.842797999383724 0.823214436611098 0.794178913888744 0.759648530838996 0.711076115074133 0.739368269160755 0.641498782995059 0.646348617679469 0.64275525446391 0.644321999122918 0.643104387495785 0.618146632566802 0.589181665782632 0.567520984003892 0.568671720752553 0.592426911170974 0.618318017902002 0.642354072190046 0.639771276012416 0.652281165560536 0.695990924358184 0.743558316603204 -9999 -9999 -9999 -9999 -9999 -9999 -9999 -9999 -9999 -9999 -9999 -9999 -9999
0.901838014122839 0.893898935044369 0.87718885006468 0.860494624599984 0.848417118228043 0.846568287475642 0.826298864671069 0.82677242612569 0.840615542684112 0.811732091292696 0.798726455166604 0.787056888572752 0.76823978837403 0.79372122321637 0.807456971969376 0.813785104842142 0.812656134220265 0.812215762288149 0.810866185216085 0.825713211591685 0.816711743813063 0.822482277527027 0.820408285004658 0.835297423986835 0.824339038766128 0.816268952316054 0.791031761570296 0.748518920449648 0.705216803562017 0.697205944206633 0.651631600194021 0.657092633636814 0.6481623407431 0.647728663016711 0.631818435097605 0.606935887409245 0.575096356347064 0.56504555074018 0.566471310582392 0.595377772366963 0.611094751363991 0.615711028372564 0.592574549319315 0.639971119646786 0.691849936709753 0.743912300895269 0.785562756671003 -9999 -9999 -9999 -9999 -9999 -9999 -9999 -9999 -9999 -9999 -9999 -9999
0.891021779957112 0.886344943308507 0.868988841886147 0.856662057124879 0.846883948252299 0.839764830012268 0.823671923508811 0.839523647571238 0.839215957354511 0.813066490820005 0.784732757462437 0.776685218591389 0.770994914085833 0.779111544436379 0.7905872369753 0.792044150113821 0.794911281203419 0.779291455671361 0.75990737466785 0.785765277498412 0.763499909247724 0.787330735568672 0.792412879460533 0.832494456122995 0.821322454771132 0.778984783096379 0.760674892336317 0.712125630390549 0.67525999419697 0.684379049515521 0.659163888200684 0.63331518219371 0.623556368559275 0.627776890471636 0.612989948571001 0.589255564513571 0.563443315088492 0.557839117250003 0.564002757748527 0.582448352785382 0.599124340926231 0.609445839785518 0.51228354435549 0.540388734287709 0.691572627866451 0.718150928775133 0.764167353695632 0.804592475234526 -9999 -9999 -9999 -9999 -9999 -9999 -9999 -9999 -9999 -9999 -9999
0.877425399189367 0.872983807095281 0.863362959798421 0.854486998582974 0.840606964116082 0.83558245989834 0.821811200536854 0.814989479595541 0.811337431683589 0.819879551198059 0.776463625828338 0.758001927999429 0.771288420938124 0.784778295057264 0.776885212062194 0.769935717511575 0.777709602572796 0.756711525965639 0.729476824066676 0.766134448017299 0.747414427054578 0.755558792812706 0.788040166540915 0.808043018908213 0.823950322272803 0.8025292093508 0.768888993799172 0.713125181398189 0.661143595740767 0.663431317112401 0.631173616782257 0.588299686603587 0.603503846272523 0.604457791143191 0.583319667641092 0.563523707754634 0.553893130061498 0.55883713875206 0.56146321785416 0.567281679201099 0.583909706702694 0.51730765013878 0.478163525182823 0.516993914681858 0.668710988354363 0.669165630140912 0.737825266635186 0.758740864201612 0.820036931666853 -9999 -9999 -9999 -9999 -9999 -9999 -9999 -9999 -9999 -9999
0.868619174530413 0.862747416124708 0.856621755205996 0.845498366671505 0.835800520734875 0.837523273415132 0.818420855976702 0.816764901851543 0.826072648384195 0.820705143557501 0.802686970067346 0.754974072010831 0.772269806237485 0.791004085801991 0.760316371792398 0.752645087800063 0.713384868252603 0.734365807117884 0.709463941465015 0.740043525552662 0.727273126234725 0.753411205568895 0.783116509598936 0.805474802622425 0.813005750291418 0.81829621452587 0.748194350730576 0.740459364262778 0.678200011645338 0.619839059813661 0.593750967701681 0.60582803239906 0.588299723477544 0.588263821148409 0.559678887594403 0.529813337058852 0.541212248518789 0.550470252015041 0.557146732972207 0.564110116432731 0.571253925865285 0.537829286426229 0.48986515505209 0.590327151486137 0.628142628268501 0.615719592487494 0.671388435518757 0.751958948449 0.807823579482492 0.834618866458197 -9999 -9999 -9999 -9999 -9999 -9999 -9999 -9999 -9999
0.834404394939039 0.830695748054941 0.837430342060971 0.832022375126737 0.825266279295157 0.825721093818268 0.80291348013285 0.784988913633767 0.796485919428437 0.805891845720501 0.758480853929553 0.74494930979177 0.778452770301255 0.788138157564266 0.762268206613858 0.708348883630057 0.712082069752897 0.721970413912022 0.683599777097278 0.699607628736019 0.72138185250315 0.732748649880617 0.644468799317281 0.752873817628191 0.800267609584725 0.752287200490793 0.768395123105467 0.693569237533582 0.67315871628569 0.590718355360364 0.587749283508143 0.574490665600489 0.555273914599131 0.554686560735155 0.530252860108678 0.528929804227334 0.516963261284121 0.509008285029952 0.521798368803398 0.532236053943978 0.549758332763356 0.531928343195777 0.52406366557178 0.574935555803282 0.557989208080618 0.606857702611987 0.665068434235654 0.746841036258415 0.778409793816137 0.803608920899477 0.813616541642578 -9999 -9999 -9999 -9999 -9999 -9999 -9999 -9999
0.798922683637857 0.780163748050835 0.792668223926929 0.809309847453004 0.811061260567061 0.786969732925128 0.754635480282844 0.742085265986066 0.719454351450579 0.742947210253073 0.767238404395064 0.76449611779875 0.773511979944147 0.766618593806618 0.707160448053169 0.652907333780904 0.676508492025523 0.698610681294727 0.659973700479404 0.687709470329351 0.703834259985481 0.732073777827484 0.699300400973186 0.65412600296651 0.744905777398131 0.717842978236165 0.710842355727251 0.655294432138693 0.659638160689969 0.587473872889898 0.541249121943998 0.50837192064679 0.484908145257488 0.481425895094532 0.470026951706536 0.47684311476728 0.477830293663904 0.481396059911562 0.505926894627834 0.502508480987319 0.520040831458685 0.489855689885738 0.467567335621652 0.524311892535612 0.530801664882219 0.562342998335895 0.671947330577543 0.7433521964205 0.764568909070495 0.778359156596596 0.785672507494962 0.786511427529642 0.784030313786111 0.776921548167057 -9999 -9999 -9999 -9999 -9999
0.767925455686822 0.771522862508705 0.76423481637596 0.76149273462223 0.772778511338143 0.755887959573246 0.694314682793574 0.675497273472178 0.664797837439127 0.654634250016701 0.767862488641979 0.750301796964285 0.764043786671446 0.731669642093663 0.659547632060977 0.62452911616049 0.643266764479435 0.685760956446048 0.672244372344774 0.68866490837405 0.686859544408198 0.679055153119761 0.680438830693429 0.6729289831559 0.705967624910551 0.685824646605028 0.65713229778785 0.632898651999849 0.624011584952238 0.550502164476472 0.495710130567657 0.454637260197606 0.418460529050684 0.429117903927783 0.429180472112451 0.435468447976972 0.428049100531149 0.453435869757578 0.483642840622046 0.465126445130086 0.486038379277152 0.493328010263216 0.430008355814589 0.481223372935759 0.5227673645219 0.572245622049132 0.642372573930983 0.708682781166969 0.701888774861828 0.744627561642316 0.7598729217129 0.770422291392031 0.769549964416923 0.764211823730079 0.777639022412726 0.780667615252815 -9999 -9999 -9999
0.733684501945225 0.745497640462257 0.735096125954994 0.728500017593813 0.742114121770369 0.746566899165781 0.682774127179088 0.605083082800839 0.592925147112027 0.602638175788002 0.69868200273249 0.735629368293509 0.719947682715042 0.645211214477426 0.621485896266826 0.615410981728313 0.660722585773506 0.669619376314433 0.667309310751287 0.678900901237656 0.650279062750826 0.634891743395911 0.642938630303927 0.706071085831097 0.68995002127601 0.642563361927903 0.62425232576194 0.635906875036409 0.593241901388166 0.504127650568329 0.488328496922885 0.474667445120012 0.46284857334164 0.446959462362876 0.439450630472209 0.439559813141787 0.44403351094491 0.454515144220461 0.468184714459459 0.462132279024936 0.449700134665397 0.43861645243033 0.420989056237931 0.448559043207038 0.515478321004499 0.587149624689773 0.646864564662045 0.605226687944229 0.647659174024495 0.678981129043941 0.733135636974033 0.727099535118845 0.702965195981767 0.734343577003507 0.776277721261979 0.79971266644572 -9999 -9999 -9999
0.68733969983568 0.736009915987558 0.756301392193024 0.759148896224448 0.721414630221143 0.701584659937889 0.643457970434254 0.537247004767079 0.482414948805026 0.510611693068115 0.571731932735923 0.577528342753106 0.60743321931965 0.621432675579467 0.646870157567463 0.641784162214272 0.679514235905212 0.654962702298027 0.641808623888342 0.647914495471316 0.639736977813853 0.605770507977097 0.654625216966399 0.693681924989841 0.690381875460353 0.635716501705383 0.631637608920794 0.624301921210705 0.576750979516772 0.522357082591907 0.491174536754059 0.447381153951574 0.420478112348931 0.408470958130719 0.394172808674858 0.404993017797411 0.409433519297256 0.414078658717604 0.444681787361605 0.4506447582289 0.458270598644917 0.456800111775399 0.4177874047603 0.426554064297365 0.459228192277611 0.507025056972133 0.588053862385236 0.61759920350769 0.643623766388631 0.667824057347735 0.689782588199662 0.681887305768498 0.622689723949255 0.701608841200354 0.762430410610423 0.791800696009298 -9999 -9999 -9999
0.683628028391853 0.704753343600388 0.707579478600708 0.729976091122964 0.706322730162207 0.698904863235667 0.656718662361949 0.543240176889753 0.517322302464997 0.485160052886694 0.53503216207044 0.557788883062839 0.559819892716262 0.5801799039301 0.639351325917999 0.626536808656845 0.674074697500762 0.626795511746645 0.630845379287682 0.637305759303752 0.592364091141618 0.613407292018683 0.645010610849577 0.672906966616148 0.661012459914741 0.622905248546916 0.641834150874438 0.571960291418879 0.534472312261737 0.478775272936286 0.446067680457956 0.433384403487401 0.404198909326955 0.374558128536297 0.358920851126116 0.36325161774521 0.349415459788853 0.358563056247065 0.404425731101841 0.417030645638324 0.424278477505892 0.436512116426879 0.38602752172088 0.388948037755563 0.394968698736488 0.464242297527024 0.539741708271126 0.559348639707807 0.599757093821008 0.640160282506215 0.62758806441089 0.625491129650312 0.597468357194304 0.655410497002026 0.739288671775441 0.783225081519289 -9999 -9999 -9999
0.601988516489038 0.584419417961399 0.624471600452831 0.642442867895301 0.678870338418267 0.672464460381176 0.670902688187872 0.654351275375481 0.680510892798143 0.608118302190754 0.547469623944546 0.519701218870885 0.537051439887296 0.592216060815553 0.631731554627158 0.586429381954312 0.606782883860767 0.646595580000067 0.585636042791197 0.59286842249022 0.592583485433744 0.631396029665302 0.636429079043021 0.653724968909398 0.611513921489999 0.605615013548289 0.591493897041084 0.524192762725132 0.470424429624745 0.40871235281329 0.39120737938036 0.410300741274319 0.368785457027701 0.354778311863401 0.319786623770875 0.340089791439717 0.324681792885698 0.334261749253692 0.365122157630601 0.375076014021728 0.389691520295798 0.406631846087472 0.368830599818622 0.407766070156528 0.421304750392593 0.447279556758787 0.496722105421978 0.547976312905372 0.565572553395159 0.577339174005051 0.576001667279721 0.599646898556439 0.613127234071316 0.673885669754699 0.722369791869792 0.751367027758705 -9999 -9999 -9999
