layers/veg_krg_50/veg_3800.asc
NCOLS 128 
NROWS 165 
XLLCORNER -2985163.8955 
YLLCORNER -3022031.214 
CELLSIZE 50000 
NODATA_value -9999 
[rows 52 to 77 of 165, columns 0 to 58 of 128]
-9999 -9999 -9999 -9999 -9999 -9999 -9999 -9999 -9999 -9999 -9999 -9999 -9999 -9999 -9999 -9999 -9999 -9999 -9999 0.528682903637735 0.474633180041432 0.457820269171519 0.481374858338462 0.455953142230384 0.521323607856535 0.511119703227998 0.509157922262474 0.504369494364855 0.545898590685788 0.546793677752206 0.549881484442363 0.555130827507678 0.573474601202711 0.57904983415786 0.579033015518294 0.602233880409178 0.63308997037681 0.652030150986177 0.651638748116933 0.63288339386008 0.617427270865245 0.605094266302818 0.5955861823495 0.589326476130108 0.562273140695538 0.559727819943454 0.545457706437961 0.539742315112733 0.524650035206453 0.527065099601914 0.528311268461418 0.531916387484753 0.541085981494036 0.557531275255073 0.566710548975799 0.579083571210113 0.597113105887986 0.600591301725719 0.615360425821018
-9999 -9999 -9999 -9999 -9999 -9999 -9999 -9999 -9999 -9999 -9999 -9999 -9999 -9999 -9999 -9999 -9999 -9999 -9999 0.523055754265182 0.456012333648697 0.3582067809314 0.392323812215001 0.391280842236258 0.410829456561253 0.445211247910898 0.469934050872654 0.493194037018437 0.500660583055323 0.523169513360894 0.524864757878229 0.53633133069059 0.578863737568746 0.584777180803617 0.588793768648136 0.642814260722664 0.657133684465467 0.664019448846241 0.65748963042604 0.634285686821806 0.621851983473228 0.613201028725788 0.603665476694933 0.57540884398124 0.563364548577656 0.548677660545465 0.536654126728206 0.521791071367441 0.505897794887707 0.503682420962839 0.502337828688226 0.500860153923058 0.513678452390026 0.524805150516605 0.534115425297338 0.547511713271398 0.564677635659656 0.580712604660613 0.583189413405256
-9999 -9999 -9999 -9999 -9999 -9999 -9999 -9999 -9999 -9999 -9999 -9999 -9999 -9999 -9999 -9999 -9999 -9999 -9999 -9999 0.486076823315316 0.350385936251479 0.319285095492725 0.318228542423998 0.326514674827713 0.35498148758985 0.427874756852506 0.450530091108629 0.470517434205517 0.495657347139402 0.4993651000993 0.538751658895316 0.564485285445297 0.551981128848951 0.589946408314644 0.673862778359998 0.67188781238004 0.671188709128212 0.66411065861592 0.643905153540807 0.634972020031947 0.628082753060571 0.609032414312503 0.564312898205466 0.553507156301005 0.542816880901661 0.518558587429842 0.499878396248079 0.489429717451816 0.474864285358329 0.469602174373523 0.462418561311274 0.472404053086908 0.469911117142091 0.503302079404121 0.514402196033021 0.532060625073195 0.529701058581701 0.535632123666141
-9999 -9999 -9999 -9999 -9999 -9999 -9999 -9999 -9999 -9999 -9999 -9999 -9999 -9999 -9999 -9999 -9999 -9999 -9999 -9999 0.437191077203816 0.311077255140276 0.267502074527319 0.263187259490241 0.285701145172796 0.299015811641648 0.37832887480142 0.450825782541562 0.45581694160645 0.459258755164465 0.485211818205793 0.525137615233015 0.524627869957754 0.550681711487573 0.664700885172555 0.679390666167806 0.6749936074163 0.672819500446237 0.669947041769991 0.651917527628066 0.647335515078163 0.637499054360667 0.609985555889645 0.575178985916817 0.563327751553238 0.534421658732198 0.49984768879399 0.475273214742054 0.449946570653972 0.424121542293293 0.428668892301977 0.427933462900798 0.436327778287541 0.445574108339894 0.451003328006966 0.480980138984144 0.494938271849386 0.497454543657032 0.5061614895729
-9999 -9999 -9999 -9999 -9999 -9999 -9999 -9999 -9999 -9999 -9999 -9999 -9999 -9999 -9999 -9999 -9999 -9999 -9999 -9999 -9999 0.330365305442125 0.272418338088527 0.212859604274874 0.226228321674756 0.242266819621675 0.295623774052501 0.41988815435353 0.432820471922445 0.435028611439609 0.494719852694482 0.515130625905034 0.543025949832152 0.654530688602015 0.667403860683498 0.665536444457473 0.67343470482195 0.678356076915568 0.671397693197875 0.664584388490105 0.660835459669041 0.63842076990589 0.613755860658664 0.594921587717497 0.573980647944979 0.536028367411958 0.494248391237129 0.461860944799619 0.437372244212952 0.412810189309876 0.404795784121229 0.383165111159488 0.394156376842828 0.406417386662876 0.428636515823404 0.442080180760547 0.453174869850494 0.457517173256713 0.461380053497305
-9999 -9999 -9999 -9999 -9999 -9999 -9999 -9999 -9999 -9999 -9999 -9999 -9999 -9999 -9999 -9999 -9999 -9999 -9999 -9999 -9999 0.347694458699716 0.305947037626404 0.189878435463631 0.185825358770318 0.209578906543821 0.305173484914616 0.3604167171573 0.399860146545822 0.426496071219824 0.468782978084975 0.536645978699083 0.648435411931455 0.665336796594101 0.650149394124487 0.660606297153382 0.677305389297594 0.682385131673089 0.677631416575648 0.682592834698655 0.682526117543483 0.655660519341551 0.639479531258539 0.616654871081825 0.578213694952791 0.534019082595635 0.487485253966768 0.450299766884235 0.435319736683559 0.412057374374654 0.391467574186497 0.366538548079371 0.368434814816238 0.37936811494046 0.388349436452888 0.392516023244041 0.414113899361497 0.417213891244587 0.419196411237496
-9999 -9999 -9999 -9999 -9999 -9999 -9999 -9999 -9999 -9999 -9999 -9999 -9999 -9999 -9999 -9999 -9999 -9999 -9999 -9999 -9999 -9999 0.292718707519012 0.212682759092674 0.159993765747896 0.169316863407857 0.198750197445002 0.237493423766135 0.291278199177251 0.398088788008203 0.522940458979772 0.592273551889449 0.633583047889382 0.653807575701697 0.649885123749677 0.661440619610336 0.678944244925287 0.691213154509687 0.699892127785949 0.704513612942944 0.704618004303902 0.696278698619693 0.674701140058836 0.632807746680981 0.582722441120353 0.532661977138235 0.4817865740268 0.439801625535405 0.422969856904124 0.405809079957029 0.385520260266889 0.367553768106713 0.370292677294697 0.37306155438862 0.363568581191435 0.347149936426019 0.355963656411505 0.375382628061686 0.390412596713099
-9999 -9999 -9999 -9999 -9999 -9999 -9999 -9999 -9999 -9999 -9999 -9999 -9999 -9999 -9999 -9999 -9999 -9999 -9999 -9999 -9999 -9999 0.2884699585999 0.228500610637538 0.158760818265845 0.126468713834625 0.124609199531523 0.170476753571159 0.224273691833602 0.447591901106403 0.513772558955651 0.468805496476767 0.564804158724428 0.456143913195524 0.343499128782601 0.571284914681008 0.664292853460293 0.705596638145715 0.728109915806331 0.739574992312704 0.745964364692403 0.737155624724293 0.706702515037812 0.662929287187668 0.603894989799946 0.541073010175237 0.475235660575097 0.427766703814534 0.410037179471636 0.396844749460781 0.385270710924737 0.372282548843943 0.371138341773435 0.36820631704628 0.360806722346217 0.35393249001366 0.344031894853063 0.335491285344491 0.351044790064595
-9999 -9999 -9999 -9999 -9999 -9999 -9999 -9999 -9999 -9999 -9999 -9999 -9999 -9999 -9999 -9999 -9999 -9999 -9999 -9999 -9999 -9999 -9999 -9999 0.205401484171333 0.130685281991621 0.104052292406035 0.142697771659433 0.262042974790046 0.4338312605804 0.535964195342783 0.409509880285194 0.505437304704972 0.369685605602344 0.29172332684019 0.512406063610608 0.635991555197413 0.721621539534682 0.749826576132728 0.768820361468325 0.784631682845256 0.775135311797156 0.745346774920174 0.700813618321264 0.634413533517 0.559862592814523 0.483024393993618 0.433061189357273 0.409239725738493 0.39075033237337 0.369151555220339 0.359513641703612 0.359886817524446 0.361791074032371 0.352250677626059 0.354068569941347 0.345789697712489 0.326833546495067 0.327131087804312
-9999 -9999 -9999 -9999 -9999 -9999 -9999 -9999 -9999 -9999 -9999 -9999 -9999 -9999 -9999 -9999 -9999 -9999 -9999 -9999 -9999 -9999 -9999 -9999 -9999 0.183516120891494 0.0946219563533453 0.0909227270318414 0.136415431416999 0.239293591817052 0.343379902574947 0.347376009142084 0.31838804828886 0.263634591385995 0.228452566272308 0.413217110645501 0.489797197207874 0.618147616525528 0.698570187488546 0.75318715218243 0.793951128596864 0.798337830654479 0.784507396160051 0.741775552180811 0.671140285223309 0.594198957942465 0.519743588104745 0.463060936364521 0.428124066719627 0.394674964681753 0.370564769341846 0.354529218737814 0.360491614906826 0.350790346803449 0.338322055637104 0.332640272551462 0.330844784673092 0.316390375959486 0.312011951709046
-9999 -9999 -9999 -9999 -9999 -9999 -9999 -9999 -9999 -9999 -9999 -9999 -9999 -9999 -9999 -9999 -9999 -9999 -9999 -9999 -9999 -9999 -9999 -9999 -9999 0.28906059356254 0.195388443056253 0.0640465489287325 0.0578462071107574 0.129851121898452 0.153192653007537 0.199818963709102 0.208115610214217 0.152030394017995 0.135498218708067 0.145158131432786 0.191591660092609 0.348051258101832 0.497016028408785 0.694456854890306 0.770112291304307 0.804301252766684 0.806171914841581 0.776467261098467 0.708272853014888 0.627541506255478 0.553786143852568 0.494250494957995 0.452490695607389 0.415870167101363 0.38275177206128 0.36053231651446 0.350173787866949 0.335374405523653 0.315050783925496 0.298834118272125 0.304805703872549 0.283976030855271 0.274738727956106
-9999 -9999 -9999 -9999 -9999 -9999 -9999 -9999 -9999 -9999 -9999 -9999 -9999 -9999 -9999 -9999 -9999 -9999 -9999 -9999 -9999 -9999 -9999 -9999 -9999 -9999 0.405391264949292 0.150850976058922 0.0712481551828587 0.0748717654069947 0.13306094207829 0.142011535287508 0.226994569185663 0.100380049521984 0.116571042980945 0.121728837295972 0.0797544768475906 0.163312160205044 0.183278100944846 0.421191204272164 0.594465999464471 0.702693800168465 0.766981831476433 0.760144520220309 0.728213549321456 0.652605227958565 0.581233794048881 0.519226924586418 0.472572640562167 0.422870697445422 0.383678347333934 0.353461911720488 0.332283503263525 0.315606879231087 0.2954958764494 0.283571678171552 0.272854996674087 0.25520360069124 0.232400234458791
-9999 -9999 -9999 -9999 -9999 -9999 -9999 -9999 -9999 -9999 -9999 -9999 -9999 -9999 -9999 -9999 -9999 -9999 -9999 -9999 -9999 -9999 -9999 -9999 -9999 -9999 0.556870829179932 0.347566221894425 0.269141689356541 0.0800973357418289 0.093778929848347 0.0666118965852601 0.0865661550748252 0.049522812231901 0.0791859138547223 0.0523695536731136 0.0624093632505454 0.117255350538968 0.105094633046038 0.112745838378032 0.198812685166138 0.460671084831271 0.635809540114347 0.695072398678373 0.699305233019963 0.663077331703879 0.5950133963107 0.526898792357918 0.476261660237165 0.429079321194182 0.384688828288002 0.347697672695903 0.316442667189314 0.296729200673642 0.278667698924895 0.266278059526136 0.250010562117693 0.241547216256489 0.224969643196917
-9999 -9999 -9999 -9999 -9999 -9999 -9999 -9999 -9999 -9999 -9999 -9999 -9999 -9999 -9999 -9999 -9999 -9999 -9999 -9999 -9999 -9999 -9999 -9999 -9999 -9999 0.596940162640509 0.593429852808967 0.503652556675127 0.175836485907358 0.0859554699824947 0.0525865104587534 0.00356029309637421 0.000241076671995193 0.00995758464393178 0.0610859125422875 0.079948680865329 0.105602305396207 0.124778969792189 0.107311663690734 0.0259020978398397 0.268376351044342 0.62314422927131 0.663918062895638 0.611308051492584 0.585230567555014 0.531281005859077 0.510787072286878 0.475471198680264 0.433678066028488 0.392469278454427 0.341250881275918 0.304615131927398 0.280837702031619 0.262944975738473 0.249182860171034 0.235711545942241 0.229797339980391 0.235096877434777
-9999 -9999 -9999 -9999 -9999 -9999 -9999 -9999 -9999 -9999 -9999 -9999 -9999 -9999 -9999 -9999 -9999 -9999 -9999 -9999 -9999 -9999 -9999 -9999 -9999 -9999 -9999 0.606548322682193 0.560223708268627 0.389184301157216 0.2001028809183 0.0968883733210886 0.0526480502348848 0.0830825914440335 0.00680544245630002 0.0253803223435148 0.0351965210174646 0.0626657558433514 0.113130842906941 0.119659154069322 0.0583444011356795 0.240562918592502 0.517807557683939 0.561396953637373 0.55156358576831 0.451208736975808 0.468560841187262 0.502356668788535 0.485228010935469 0.44086231063681 0.390270683531459 0.337096593639267 0.294139484888024 0.27255980808743 0.256256703673935 0.24400321980105 0.229295719089647 0.222272077597898 0.224888626533306
-9999 -9999 -9999 -9999 -9999 -9999 -9999 -9999 -9999 -9999 -9999 -9999 -9999 -9999 -9999 -9999 -9999 -9999 -9999 -9999 -9999 -9999 -9999 -9999 -9999 -9999 -9999 -9999 0.527125731258894 0.484630400525894 0.382441868854637 0.26722621019109 0.346018762810441 0.117313097171926 0.0974899058549202 0.0879746950425457 0.0328736191795754 0.0248650881167782 0.0572603065725237 0.122242649955696 0.127882760155692 0.155290557592787 0.206559940566114 0.278499192301383 0.489893938723935 0.466685385849438 0.478638143398371 0.511143710327562 0.494238749826859 0.446318830658923 0.398712523123931 0.357680329872598 0.307740146236073 0.272896257879485 0.241392839844311 0.232203545300192 0.217866025195257 0.20629633521927 0.219952355407568
-9999 -9999 -9999 -9999 -9999 -9999 -9999 -9999 -9999 -9999 -9999 -9999 -9999 -9999 -9999 -9999 -9999 -9999 -9999 -9999 -9999 -9999 -9999 -9999 -9999 -9999 -9999 -9999 -9999 -9999 0.477182251811942 0.45428801036149 0.444611944023706 0.365160055423037 0.315874855547443 0.162990750706107 0.0491821869071473 0.0878873043814329 0.0274124737398008 0.0852686625568585 0.105360090681843 0.124990072388498 0.085180259640939 0.0576684862737026 0.348358639444959 0.351347641295059 0.361346314863453 0.471470697731758 0.500623161121725 0.450960441077458 0.396244584006344 0.365613051625615 0.322264252010343 0.285760007123441 0.248038523832648 0.223653952993895 0.212995205311488 0.190816388136933 0.215621236682765
-9999 -9999 -9999 -9999 -9999 -9999 -9999 -9999 -9999 -9999 -9999 -9999 -9999 -9999 -9999 -9999 -9999 -9999 -9999 -9999 -9999 -9999 -9999 -9999 -9999 -9999 -9999 -9999 -9999 -9999 -9999 -9999 0.419559800642225 0.591228373989547 0.47138226048943 0.357666452247574 0.191641455696239 0.221046359475041 0.00163198447893021 0.0299238211482425 0.0748855742978775 0.11487186919326 0.10573407556114 0.0707880542695886 0.224431159657131 0.218152700659598 0.092063884972973 0.258744805034327 0.473090794555946 0.439063041335695 0.412972500322665 0.375850789843991 0.331519401585484 0.298576221095542 0.273670320935581 0.250656983645058 0.230387476862288 0.218004937443625 0.21609824756141
-9999 -9999 -9999 -9999 -9999 -9999 -9999 -9999 -9999 -9999 -9999 -9999 -9999 -9999 -9999 -9999 -9999 -9999 -9999 -9999 -9999 -9999 -9999 -9999 -9999 -9999 -9999 -9999 -9999 -9999 -9999 -9999 -9999 0.652859932686115 0.50715656613431 0.556923335569953 0.46841305614366 0.226002855599074 0.0602928777088917 0.0268884935152216 0.0225117209877722 0.0974376455610601 0.0690116289457585 0.0819521971828487 0.0554847731474947 0.0598707197065748 0.13203942997838 0.109259572392112 0.0378677081138601 0.252572616967824 0.348827318745759 0.365502312214345 0.331458007937811 0.304467967615833 0.288075349581413 0.266858336838196 0.250330256600214 0.240886692196653 0.22208489660649
-9999 -9999 -9999 -9999 -9999 -9999 -9999 -9999 -9999 -9999 -9999 -9999 -9999 -9999 -9999 -9999 -9999 -9999 -9999 -9999 -9999 -9999 -9999 -9999 -9999 -9999 -9999 -9999 -9999 -9999 -9999 -9999 -9999 -9999 -9999 -9999 0.485376826544897 0.451156526881396 0.335002467705525 0.101444929003794 0.0607792495270622 0.0848748177946322 0.0955444124922181 0.095935216958812 0.0906543322240839 0.0445073850993729 0.096304203682557 0.129979169219508 0.063351807443852 0.0771029387420537 0.208964438311657 0.267155156509272 0.301969270490931 0.308837643524629 0.294405188568228 0.275436706885199 0.259371377201821 0.250548030538101 0.227633219113803
-9999 -9999 -9999 -9999 -9999 -9999 -9999 -9999 -9999 -9999 -9999 -9999 -9999 -9999 -9999 -9999 -9999 -9999 -9999 -9999 -9999 -9999 -9999 -9999 -9999 -9999 -9999 -9999 -9999 -9999 -9999 -9999 -9999 -9999 -9999 -9999 -9999 0.63621747973131 0.61580165352551 0.391506674602046 0.0656959215191124 0.0414403235412517 0.0742862563503558 0.0792568137363006 0.089838240164012 0.0452204631432798 0.0103070392676497 0.073780928731789 0.174898098302127 0.205225789021956 0.210305299214718 0.170934784202965 0.241932296630232 0.319565105509345 0.301893238899498 0.282530233826017 0.271284642052398 0.255451749195822 0.244097749894626
-9999 -9999 -9999 -9999 -9999 -9999 -9999 -9999 -9999 -9999 -9999 -9999 -9999 -9999 -9999 -9999 -9999 -9999 -9999 -9999 -9999 -9999 -9999 -9999 -9999 -9999 -9999 -9999 -9999 -9999 -9999 -9999 -9999 -9999 -9999 -9999 -9999 -9999 0.658124714967037 0.476356981158123 0.131250964713929 0.0458737736465681 0.0899172649877667 0.0998630669900598 0.0869922972038732 0.0556218612640047 0.0161944155220352 0.0513621080382543 0.159018758972777 0.20103058142567 0.180375819377927 0.15064628669241 0.243511891512701 0.324224345761169 0.310653756467625 0.289712540422062 0.284074597242948 0.273468990289588 0.268118652261831
-9999 -9999 -9999 -9999 -9999 -9999 -9999 -9999 -9999 -9999 -9999 -9999 -9999 -9999 -9999 -9999 -9999 -9999 -9999 -9999 -9999 -9999 -9999 -9999 -9999 -9999 -9999 -9999 -9999 -9999 -9999 -9999 -9999 -9999 -9999 -9999 -9999 -9999 0.542077595822915 0.463284165111601 0.196185343715157 0.0503179807790772 0.0715452746857444 0.101617716708295 0.0826168345554749 0.0528069536202176 0.00764350217148571 0.0077498190784276 0.11005847895969 0.13586090383045 0.116337002370995 0.198425496402596 0.271716056205103 0.317181809500824 0.314081417776684 0.299306115830647 0.301374158146785 0.299459231206471 0.292709996774289
-9999 -9999 -9999 -9999 -9999 -9999 -9999 -9999 -9999 -9999 -9999 -9999 -9999 -9999 -9999 -9999 -9999 -9999 -9999 -9999 -9999 -9999 -9999 -9999 -9999 -9999 -9999 -9999 -9999 -9999 -9999 -9999 -9999 -9999 -9999 -9999 -9999 -9999 0.505433673293465 0.474959649732012 0.316260313987918 0.0961290964179473 0.0719403336042881 0.0922034076335329 0.0664365649564248 0.0382481410271589 0.000653960528640218 0.00126807228093167 0.0400932783167711 0.0804339952977215 0.100580893849103 0.194661557388082 0.248086338939837 0.305827239689709 0.309059504334538 0.314127890480723 0.328845456870146 0.333149955723117 0.326895865449379
-9999 -9999 -9999 -9999 -9999 -9999 -9999 -9999 -9999 -9999 -9999 -9999 -9999 -9999 -9999 -9999 -9999 -9999 -9999 -9999 -9999 -9999 -9999 -9999 -9999 -9999 -9999 -9999 -9999 -9999 -9999 -9999 -9999 -9999 -9999 -9999 -9999 -9999 -9999 0.423430022968438 0.374806280795157 0.120167646990484 0.0492296080888057 0.0791492609199887 0.0328213766972322 0.0392593574867225 0.00355445482275846 0 0.0599320642200347 0.0644258874515568 0.160388857569027 0.202170210541829 0.231632316122346 0.324790105367694 0.29944652580694 0.334993757010433 0.355421512305581 0.353020551131754 0.342796178533851
-9999 -9999 -9999 -9999 -9999 -9999 -9999 -9999 -9999 -9999 -9999 -9999 -9999 -9999 -9999 -9999 -9999 -9999 -9999 -9999 -9999 -9999 -9999 -9999 -9999 -9999 -9999 -9999 -9999 -9999 -9999 -9999 -9999 -9999 -9999 -9999 -9999 -9999 -9999 0.449952120088976 0.426107836202374 0.168756469976307 0.0350430525887602 0.0809273884143462 0.087403120998809 0.0548832300394984 0.00971412574701972 0.00139686790989832 0.0541189215736835 0.0261017550839682 0.134234269867254 0.256276882247069 0.256660362303184 0.317919134979122 0.370823204733198 0.383580665169369 0.370777210882768 0.36167644615717 0.352946662944219
