layers/veg_krg_50/veg_1900.asc
NCOLS 128 
NROWS 165 
XLLCORNER -2985163.8955 
YLLCORNER -3022031.214 
CELLSIZE 50000 
NODATA_value -9999 
[rows 52 to 77 of 165, columns 58 to 115 of 128]
0.568255179149799 0.65675607015895 0.443683009213884 0.490298717554027 0.533134111282701 0.553918035533102 0.53594117036035 0.628841513184821 0.660415690919815 0.679525260542959 0.673509904923598 0.677399887099539 0.620040926280722 0.607124530239122 0.630951506624511 0.661180797835128 0.632782403428703 0.660591673431247 0.695399970211004 0.663098925032036 0.61952183567059 0.640088811071764 0.668669940276413 0.680015575664449 0.632798211527677 0.581599142671237 0.579359789593238 0.532885937681226 0.491543746861459 0.420371576805025 0.35181779632185 0.361290639843403 0.357790788016007 0.335755552091875 0.326056016005633 0.309614125252838 0.297435648151144 0.271760896007722 0.27990614841419 0.300326573999895 0.324858401990895 0.337455810793353 0.356754804258955 0.377386973013314 0.419132499966693 0.461786870590554 0.493518246564728 0.515120242892657 0.533134840316207 0.548448343508332 0.568452524389071 0.58386510653871 0.599476154833233 0.624641281259046 0.670230017453599 0.695564317124633 0.731276889945023 -9999
0.538534896962177 0.541461300625001 0.511019068629669 0.490512158731158 0.503518373858612 0.456638398589494 0.389712064426596 0.570850165181595 0.614503534362789 0.610054631050092 0.635729429097914 0.629903819104696 0.598783273590563 0.587438338486112 0.595871347049875 0.612908259842373 0.641607288242272 0.657725189934728 0.686935976279505 0.635996538705226 0.613897499228049 0.636245706223849 0.632851055673571 0.616536776493949 0.586148827467459 0.551841599589154 0.555758337076289 0.487577391720846 0.444514096215227 0.394600666748977 0.346665506513148 0.346004772023737 0.324716776815017 0.297598431130549 0.275138333218696 0.276041498109712 0.253000040560828 0.229620064839071 0.238053637539474 0.260212120592384 0.29326005506 0.310954086581995 0.342801887329666 0.380547544340603 0.410492249250216 0.454971773295619 0.48363905856206 0.510736607436904 0.528994129424683 0.547511956527713 0.55900463498242 0.555203826325796 0.569145339889028 0.608150666207077 0.640307931379984 0.689656049428022 0.72945558808136 -9999
0.488415331173482 0.475184649671178 0.505973804367304 0.460507840262868 0.443856558117793 0.519053282736203 0.487305207649801 0.558591682987207 0.58710769734194 0.600269123208653 0.627276874467369 0.605226817099849 0.584819543731421 0.599895292108647 0.589769777436102 0.598821250583502 0.65379432283521 0.639023031309429 0.624691267890698 0.590780615801881 0.584489962473085 0.623710658075639 0.606252732338372 0.581925882203289 0.537229073609053 0.505692923412151 0.500385098413542 0.444971829225863 0.419443047122924 0.386431226229038 0.332015657414743 0.318166096740787 0.307622128975453 0.278014715392593 0.258987484262762 0.221024628141408 0.199549558224625 0.198544370082504 0.199436717746182 0.23085345533598 0.258147713600642 0.293745365432481 0.332420538165403 0.372401452842171 0.398824946138211 0.433551708262848 0.469180414498996 0.505248116385809 0.521710007735008 0.543205439550448 0.554964124430019 0.551048234385047 0.554111967095751 0.605237076625615 0.635383216561172 0.682978103736402 0.681777244438915 -9999
0.461686001746615 0.399487252696367 0.526971355519839 0.520009682077503 0.496862902662209 0.531595036187042 0.590328207251936 0.60046864465121 0.613235095605071 0.592226843971693 0.581446441351248 0.576729388184403 0.564850350792604 0.584338347907141 0.593623896533992 0.601891226629811 0.619654827559388 0.60495688442519 0.606252496722761 0.573217689126899 0.572858959066036 0.595282176566695 0.576510740547598 0.5344516055113 0.511696269209222 0.490459612749897 0.455682058233925 0.424728671308743 0.407562599439843 0.373931726043417 0.318495855709409 0.284534124596808 0.264365851706782 0.243160118745795 0.227520070352564 0.203609237479668 0.167696625674989 0.162407658479247 0.178421652285724 0.207238864124023 0.243756417383434 0.27735498559423 0.30471646537912 0.355003132733126 0.387131172827466 0.421809535213724 0.456041890091254 0.492052392342003 0.525104826129394 0.532421667945461 0.561945723294327 0.553111480618805 0.572797048898984 0.619690688423698 0.651114956368642 -9999 -9999 -9999
0.530337634654193 0.539319629797112 0.526964253012526 0.524696963800917 0.539524357117968 0.57245270381078 0.580205550486017 0.583506631679612 0.581385146345686 0.569594088692749 0.573533382785472 0.56850127996173 0.56155412637769 0.57901433117895 0.593354882491358 0.602521105088973 0.611671124556334 0.600251674880932 0.593849773902131 0.593768479893438 0.584329112117594 0.54669715436197 0.543155342147896 0.523316202135511 0.507654275817699 0.47777620897064 0.441806098924176 0.409234603784981 0.375205750401772 0.344473328702909 0.301099578415453 0.257490813707081 0.235861919483992 0.229042646032473 0.210158380963405 0.178468582849987 0.146716921119927 0.135275213751916 0.157304708810629 0.191084116596066 0.22100945071683 0.236969577190508 0.285897658805998 0.325850182146519 0.379118390408285 0.412858313331524 0.446570084184205 0.490627060961437 0.5314161506385 0.559928893714175 0.576569493615636 0.583611437247109 0.601422395860952 0.644102748974346 0.664601062659854 -9999 -9999 -9999
0.494601053648315 0.49715846674158 0.482040930928566 0.512521688420383 0.529573732286818 0.550823406156985 0.559703895768927 0.574703265702185 0.562946420913631 0.546256497376862 0.549803146571828 0.540890431392426 0.548794598700388 0.576323718129106 0.591348214964027 0.597473404209701 0.612675718345294 0.611345107249558 0.575589763666392 0.564576238734297 0.54920230453535 0.54284782031067 0.5384759136938 0.518627344454544 0.499252996499679 0.469723518427802 0.437148380085942 0.383764764277073 0.351515759770249 0.319874329333791 0.277007882783898 0.248315787576833 0.247900301862178 0.217939642814674 0.205128730958161 0.178551573240345 0.156778182681865 0.155931589309925 0.176990888196674 0.184327402926076 0.19857452327317 0.216443924663508 0.260780989000915 0.306983729773014 0.382946206700032 0.414808409426698 0.438587410912973 0.47418756303568 0.522062576705731 0.543572579216357 0.580625448301671 0.587453002353533 0.612296297746117 -9999 -9999 -9999 -9999 -9999
0.441954030460421 0.4263957064436 0.44136897952301 0.485401334960397 0.498710778244664 0.521509007986048 0.542082065322257 0.536619192422061 0.533254134158576 0.513809555245188 0.531132051267848 0.521952514989241 0.529876660914022 0.562220145167529 0.578551160786363 0.582592312388903 0.583287176478286 0.578478572469199 0.566559728547317 0.551353563401074 0.553295716753219 0.559680658272164 0.547017796719546 0.521135255374858 0.491713668167057 0.470440099745743 0.43384190160318 0.40537371152757 0.373262024141677 0.341561966620227 0.280254753591047 0.240752969138858 0.246443330512976 0.221872617373863 0.22196396693323 0.206639518066635 0.1855283677995 0.194647693594458 0.168259251667897 0.191409856176609 0.204402843245036 0.22463033141895 0.250771889398384 0.307526223862906 0.361400350169154 0.404790011240384 0.452995942518792 0.480142135695568 0.504417526270674 0.529080846212875 0.566169951440198 0.576399934626561 -9999 -9999 -9999 -9999 -9999 -9999
0.41674017523098 0.369247455292136 0.400636274397953 0.441963520321063 0.471665565749991 0.494848169593941 0.511132659188699 0.508283486424851 0.506694690724551 0.493714135149642 0.515098887317461 0.501453951907049 0.540817105696999 0.538945076596109 0.55086868253899 0.555855375134831 0.541054316170517 0.539777419615913 0.553481153851936 0.547066474307203 0.56074439014038 0.551953536606173 0.538103636082656 0.495860592100008 0.478217896197967 0.465944507189441 0.457383867604998 0.415106116863068 0.382451011111722 0.348230502849442 0.271086547158709 0.23960093792181 0.238163719763102 0.242550572087462 0.216347924835758 0.19518822317525 0.217181078137136 0.221588616908769 0.161554861883038 0.18639086949705 0.234814570965319 0.247822462395079 0.277985413838345 0.321495831259861 0.343391987561988 0.389180670850848 0.418687077276362 0.473489822517303 0.499699408213932 0.533636628477334 0.570115482037837 -9999 -9999 -9999 -9999 -9999 -9999 -9999
0.403455461447728 0.355866155158396 0.370172644834088 0.406062111005318 0.441665102840324 0.460740711489527 0.480968232862837 0.478235470620185 0.465578151215468 0.466412659822331 0.484633606445344 0.486405219699181 0.506568970362635 0.520145378405635 0.524217732225794 0.519057210817974 0.534417196051971 0.539418290650811 0.5415758795613 0.542752355230581 0.543874051680713 0.538356096033431 0.515326939512714 0.480358031338911 0.478490123620464 0.472670022233127 0.477811970588683 0.4487835253105 0.403771897192775 0.353779888456251 0.275596263959916 0.24696444662524 0.257971437783287 0.240130578565696 0.186761287199552 0.184741881289427 0.214353453314684 0.218191978065599 0.182777403768981 0.165020006528674 0.228983365238994 0.281560684789626 0.318598240524212 0.372776424487259 0.385453927003859 0.39211301323432 0.410455458320876 0.441648483514881 0.521143954928487 0.530655582489437 -9999 -9999 -9999 -9999 -9999 -9999 -9999 -9999
0.393465081891254 0.358754815587568 0.334842645438451 0.351993667047869 0.401143059483916 0.425075109231255 0.449621866473078 0.432751004956053 0.437983768043285 0.437932458621171 0.440879197327601 0.468011557446147 0.490960430285961 0.503349297747741 0.494832721602717 0.504289832118839 0.519172050125924 0.52318738226863 0.501094101278751 0.506728157692161 0.526440083335745 0.521786676203127 0.490635054510292 0.455889250983839 0.444156166258245 0.458407433657271 0.463918483897626 0.437058803302645 0.382835995168722 0.313625787692815 0.258948993136778 0.243735475459664 0.241011021178352 0.230012240097079 0.216985574737213 0.229813694542049 0.244948184380201 0.193345611665105 0.244162360132544 0.150680620844014 0.218281672503209 0.287864345550675 0.363337312884824 0.441583722635782 0.472100863290396 0.504734022621656 0.516736744984113 0.520236276894752 0.547161531238217 -9999 -9999 -9999 -9999 -9999 -9999 -9999 -9999 -9999
0.364323093027527 0.357187426257937 0.318270478177341 0.317180904931892 0.355766301193373 0.384006565650624 0.400818875664107 0.395319097960783 0.40688420662585 0.418610274950217 0.437622168720368 0.462450400542295 0.470596111001256 0.472463585798721 0.467033528209967 0.484003308024771 0.505883699938918 0.49186068600458 0.475063511298238 0.502584494237706 0.508279858736563 0.508485748618078 0.489193299643799 0.441977053067046 0.430690298024397 0.437316726311701 0.41352879687351 0.356466228989211 0.357744102553597 0.307333916522856 0.261976576543505 0.25498523352876 0.257070926731866 0.259628716915084 0.262083900450639 0.276715789406112 0.272538590854143 0.231523317830645 0.270055177867646 0.193871057647324 0.240992988458955 0.315903896981002 0.366475136737338 0.426227128827053 0.485583117189037 0.541468506287768 0.561927555584615 0.558680521814882 -9999 -9999 -9999 -9999 -9999 -9999 -9999 -9999 -9999 -9999
0.32500863893983 0.332369840996 0.307803906302521 0.282065776228316 0.319166113870812 0.346242439140579 0.380118880512925 0.391010784055148 0.404736879499723 0.4097358852511 0.426671050613902 0.439133522550469 0.449884851852922 0.449669629590649 0.450362828213779 0.451176307880594 0.453683237097606 0.461145806722697 0.488835870013261 0.51239094253489 0.512286612084977 0.499698362464394 0.464665610232501 0.446393612206965 0.427172618281176 0.412219025798909 0.376515555373383 0.286646591504866 0.303377459971072 0.322508452947135 0.278496511465119 0.274465323140937 0.275951368893353 0.278984795300448 0.291594964060848 0.297735936746771 0.297733206559452 0.264491420145418 0.279431925369622 0.239959203345545 0.26011771033194 0.327194496101612 0.379532284584802 0.39381823586038 0.431250891652665 0.520285699826799 0.578622926436515 -9999 -9999 -9999 -9999 -9999 -9999 -9999 -9999 -9999 -9999 -9999
0.300723422060565 0.286098047167775 0.294135218839341 0.27619342630492 0.299420706202171 0.329954062726041 0.374494762946037 0.394823178559077 0.403751094826489 0.400187774699224 0.402778617280758 0.408189770992958 0.421223482869312 0.413698667993398 0.424892781185918 0.416920000510704 0.432596223221413 0.469527242721106 0.502026351156785 0.501062459936397 0.500573802702072 0.485325818135806 0.44818351374859 0.426795589662488 0.399775277590811 0.361324123241004 0.344888464748792 0.308483776243114 0.333737456385279 0.332149045933672 0.296623926382519 0.2921657850773 0.300752513159142 0.307968020078258 0.318507230280901 0.32198822860647 0.329605454316576 0.316657480038372 0.303235172455312 0.361743629480657 0.367697352343445 0.396373810324348 0.405497080932079 0.422338446096626 0.468218432141396 0.495082148519774 -9999 -9999 -9999 -9999 -9999 -9999 -9999 -9999 -9999 -9999 -9999 -9999
0.285559570316137 0.285428581005565 0.282254270968357 0.281747825588814 0.311007181711314 0.336743449097948 0.368363136292275 0.377548015686401 0.364926945847424 0.383107965587964 0.378434798999465 0.374542401088712 0.353197649855253 0.382941455075307 0.407671334256165 0.416699405746288 0.434525895689368 0.444780334367078 0.479786566854105 0.492453640450975 0.478809359364883 0.41820713400096 0.398063587868159 0.382706815343529 0.376268009651218 0.338302166324704 0.30989295691673 0.351767595995323 0.359151264924398 0.323622317037217 0.310280480593513 0.302729016543649 0.312745521596547 0.326026743880054 0.336030313256395 0.339289894244848 0.343533231308371 0.311049902649945 0.376541683850325 0.418225300143863 0.439768182181097 0.461862345343733 0.458808635924153 0.468453822486901 0.480315016274666 0.519170316360267 -9999 -9999 -9999 -9999 -9999 -9999 -9999 -9999 -9999 -9999 -9999 -9999
0.257916694811749 0.261218936450371 0.254245540482089 0.250024593121871 0.292435032228612 0.319342707625485 0.33233327064736 0.348209548413038 0.352976264457258 0.368380236778819 0.343008200014294 0.319856831469489 0.35051735902452 0.379269507167966 0.396177929348289 0.406838839773675 0.433511617023459 0.431776961261663 0.466915899204634 0.466367688310868 0.44478719050345 0.408923510512492 0.377200211119738 0.393224000262125 0.395441059535677 0.359288875402736 0.333432689624323 0.387982852496223 0.388327471015175 0.364601375161526 0.358136788404891 0.349773073419005 0.344999917244178 0.354158814592226 0.379467252900632 0.375679396729017 0.389978542574872 0.376451386473796 0.405839992397697 0.433721728464406 0.456974443248892 0.457953238911699 0.422988846245498 0.51694908616917 0.529543962538533 0.535464498620859 -9999 -9999 -9999 -9999 -9999 -9999 -9999 -9999 -9999 -9999 -9999 -9999
0.239551682906899 0.240941772888111 0.23740282570535 0.231444115898853 0.269093446338835 0.28667591430356 0.292327977744151 0.31067339949379 0.34172859799497 0.338481695148436 0.329459326739304 0.328642746158174 0.370159525858262 0.37698736617951 0.377372528849821 0.400251758687962 0.439860957767559 0.424051996970813 0.451029811190195 0.437181826487716 0.420332065145591 0.40146917306279 0.383375951024528 0.388914960114289 0.386815890657888 0.362220317331145 0.327668746243914 0.374752885567966 0.385817047421323 0.413674010878449 0.421226732598491 0.425779971161888 0.454186803906339 0.480238131141182 0.478531794567618 0.447613698063566 0.424218704382367 0.389838663974346 0.406333941808155 0.466250145612804 0.451324359902383 0.457814877238843 0.502715970782652 0.532537487175842 0.560818791120663 -9999 -9999 -9999 -9999 -9999 -9999 -9999 -9999 -9999 -9999 -9999 -9999 -9999
0.224853735068694 0.226753022733151 0.228240512764076 0.225743685732381 0.244135086147526 0.266134572844939 0.269754841279566 0.276080893159759 0.316212970624174 0.314864737785396 0.313024338547518 0.324483010518918 0.370047923524904 0.380638428149129 0.380875381634621 0.389263602254465 0.426128165044379 0.399203867240167 0.432600355266474 0.422577822823874 0.401617112741761 0.384904586025745 0.377530752102567 0.397369382118624 0.392975255334656 0.38133424564185 0.360603082389633 0.369733241860125 0.379158605628436 0.399499067415352 0.431131838796739 0.435276191581071 0.452246197137867 0.463478341762249 0.469895959303909 0.525284340936299 0.515663508613202 0.484030895820498 0.506873410192548 0.539538372313862 0.545914625188974 0.599185959728364 0.634430401127232 0.605068558624378 0.609257282298905 -9999 -9999 -9999 -9999 -9999 -9999 -9999 -9999 -9999 -9999 -9999 -9999 -9999
0.218066118326072 0.215619845513616 0.208820723992843 0.217357175734157 0.226731922254789 0.236360928525572 0.243657568894833 0.255673423566337 0.280199599614026 0.297932175214754 0.308131180998504 0.310669589061045 0.35919633371655 0.362830942666936 0.360000583126294 0.387062430153719 0.408685482355406 0.405045176491247 0.409766568451948 0.420250355541058 0.405882316200593 0.392467419261306 0.393666771010237 0.433662011973823 0.415593659806001 0.399986533796759 0.384716005240589 0.373784427191654 0.404378604368824 0.392354341918387 0.412493685803465 0.421398046897968 0.423128539293603 0.428517685893956 0.444183212453974 0.500237002608583 0.517741310174051 0.580187085180733 0.603751286481846 0.589769713022821 0.63562587792747 0.655485689940874 0.676350093292925 0.699355534043915 0.70583573296441 -9999 -9999 -9999 -9999 -9999 -9999 -9999 -9999 -9999 -9999 -9999 -9999 -9999
0.212154357621102 0.207857891120345 0.205435311099146 0.206267247770697 0.212637021444419 0.220730442430556 0.226937057077112 0.245864998654447 0.270221053291335 0.282432220566514 0.292867053413505 0.323535594712148 0.348862696727141 0.332240847676364 0.364212339771441 0.382073772362087 0.400362066815107 0.394236012264048 0.379773681495685 0.379327235332667 0.397782427545146 0.404975405973496 0.396443979201907 0.423004421188702 0.425686366391579 0.431569161687504 0.407127738413192 0.393527753105708 0.415552948864141 0.430391845986361 0.409282359336357 0.40509366070683 0.397075176907797 0.388687355896666 0.39873230772822 0.461730104570024 0.531555345242276 0.638557691372487 0.640091025937299 0.691583977214777 0.737419109470081 0.687505048567288 0.702373430309222 0.758034790784252 0.75852884450182 -9999 -9999 -9999 -9999 -9999 -9999 -9999 -9999 -9999 -9999 -9999 -9999 -9999
0.206250109924725 0.200201435683678 0.197891466203861 0.199927027055135 0.205126469250853 0.20875047845895 0.219066504688775 0.238385559830804 0.25577109947949 0.281042121661564 0.305368949880054 0.333413735922038 0.342590868045541 0.333830135025904 0.353207411245053 0.375649366294683 0.389965632575426 0.37748366450201 0.379574084452391 0.390665216474328 0.409435007984176 0.42256952018164 0.460004877298159 0.439284631805043 0.436703322537607 0.445129896195386 0.420121793466236 0.428394880515343 0.439032649439473 0.438162181793841 0.405773045546901 0.386519156235483 0.380844761051028 0.370957958603517 0.382039057383485 0.442947320810543 0.562879539637282 0.676886026944432 0.742901000953505 0.71545051682049 0.714757388555392 0.683139235567756 0.738249963575325 0.768264896008118 0.769037688800844 -9999 -9999 -9999 -9999 -9999 -9999 -9999 -9999 -9999 -9999 -9999 -9999 -9999
0.203455509859886 0.199446184397437 0.211477271301842 0.220194946588272 0.205236117345386 0.204644164891856 0.226242329116188 0.242568657322805 0.260992395873181 0.287942008599259 0.306548794154148 0.320199874410598 0.318643089752821 0.335901582049154 0.361721864335445 0.382892952540808 0.390992094271366 0.398238478393896 0.401554707443594 0.401953674206447 0.41989983466307 0.431565353245601 0.47225602854563 0.452478183113952 0.461266380565072 0.460853198893743 0.444324311787165 0.444412955800417 0.502581104767889 0.452976831999603 0.397573627063991 0.365492524311012 0.332246744563015 0.262145659749603 0.351683021900994 0.479265876791916 0.605538971416865 0.682558175766595 0.698468106467315 0.72588976347531 0.749946107593444 0.735693971972249 0.758378489193654 0.782859200593357 -9999 -9999 -9999 -9999 -9999 -9999 -9999 -9999 -9999 -9999 -9999 -9999 -9999 -9999
0.214968792506866 0.218730439013326 0.23314108088349 0.226065796176862 0.222260899305149 0.221288685119575 0.23830401852363 0.251738792811231 0.269791502851426 0.296007187824446 0.31021852505076 0.304593041369696 0.316806139343387 0.332287326476721 0.349700313629928 0.358005546411683 0.364252771451232 0.376873939501826 0.376602010768609 0.399580212581212 0.428923136395884 0.444692067852026 0.479776072373443 0.472592708625073 0.47606287892427 0.473612737054969 0.4646739435689 0.466727358015829 0.506224311543038 0.463987750382662 0.400051926732871 0.375509098521215 0.326321152758178 0.212249159252761 0.29306765936395 0.461245315196736 0.59609606013838 0.689999687897546 0.701621536355766 0.777408329330777 0.78388318800764 0.772206431722526 0.783056560142412 0.796592661817066 -9999 -9999 -9999 -9999 -9999 -9999 -9999 -9999 -9999 -9999 -9999 -9999 -9999 -9999
0.219978622555038 0.234004142668452 0.239386531026784 0.239393949047536 0.24334587339787 0.234535091789584 0.247840204468011 0.271845701063384 0.281742977454924 0.303212001129121 0.313174885545733 0.305190857633344 0.308635816922918 0.333133510295545 0.349736902738392 0.354709394775924 0.365290657284223 0.368480445257403 0.385164242687532 0.438894942162269 0.457340015964637 0.453908081487843 0.487786272182271 0.478341709229541 0.477288181932685 0.488391719299478 0.476427005462318 0.465546154357203 0.483390081580222 0.467549329457756 0.44658506020584 0.415584870678303 0.374270316891142 0.332008635548457 0.302072074113804 0.466042034348461 0.612450722216834 0.746522553649468 0.733891098151383 0.749437753394354 0.761402115189429 0.765823382704167 0.787783895387797 0.794306287492096 -9999 -9999 -9999 -9999 -9999 -9999 -9999 -9999 -9999 -9999 -9999 -9999 -9999 -9999
0.235313009413596 0.290233450144664 0.26324967272603 0.270246195189529 0.271518873368294 0.268695118206036 0.277515754881695 0.285882223310524 0.3021358921679 0.320521799037197 0.327290589581917 0.316675564522361 0.316276184003366 0.337299018972685 0.338646190713847 0.354209127258691 0.376823189449918 0.381149399739001 0.398503520888416 0.459823423268804 0.477895311005194 0.472699962484943 0.48995338692224 0.49039503932935 0.477735097189942 0.481555097305563 0.489074586191164 0.497319620851481 0.52772573525021 0.492570886232491 0.476462679424393 0.447869564095515 0.38242352886639 0.40228998091398 0.354700378439285 0.514785753556187 0.599620846238399 0.737111062006036 0.75696700699092 0.712079028162908 0.745622026067578 0.757322778337675 0.787966441791021 -9999 -9999 -9999 -9999 -9999 -9999 -9999 -9999 -9999 -9999 -9999 -9999 -9999 -9999 -9999
0.247811837505824 0.280783900784938 0.288440967505379 0.293009034345414 0.294765778691824 0.290020461016627 0.29744185098755 0.301617258234356 0.319669695374883 0.327453805687252 0.334221879533688 0.327413726050652 0.32775382898371 0.328947095030427 0.344863105383689 0.363242798075748 0.38955021140162 0.401645424941478 0.409174124387978 0.467550882060012 0.477470117505514 0.498541904417176 0.542062360296529 0.520725175049532 0.501171036286429 0.496201484647038 0.501027847741411 0.505680935939294 0.499199301782411 0.473624187567934 0.463728369965534 0.445742119365393 0.382464115453188 0.391365800739095 0.426464264354264 0.53730487615667 0.639103353582107 0.722581684026496 0.733370215071925 0.686650435300476 0.705653633203609 0.736735292489101 0.743359852636584 -9999 -9999 -9999 -9999 -9999 -9999 -9999 -9999 -9999 -9999 -9999 -9999 -9999 -9999 -9999
0.294962082490615 0.320749641814408 0.317612261165114 0.322096326199717 0.321004758614173 0.329364272962646 0.326601272864418 0.322366984865157 0.330170453832676 0.332466289266455 0.335297317508523 0.342332614988347 0.331000369276201 0.339548184201724 0.360933492776691 0.386817243161801 0.412803389017921 0.440167496381991 0.465947467276168 0.485153053393405 0.488787445316035 0.529237730773976 0.547002964863011 0.564775290504821 0.547984966814959 0.55349031290573 0.540038955200253 0.49573939425778 0.497446542752949 0.480360571432775 0.452696625179948 0.42202201631602 0.390939143695324 0.359192605197999 0.416055911332676 0.499294962759708 0.628570606108383 0.627496183710668 0.604221809354763 0.662319212015417 0.658497520683168 0.70060971767996 0.72629732000674 -9999 -9999 -9999 -9999 -9999 -9999 -9999 -9999 -9999 -9999 -9999 -9999 -9999 -9999 -9999
