layers/veg_krg_50/veg_4300.asc
NCOLS 128 
NROWS 165 
XLLCORNER -2985163.8955 
YLLCORNER -3022031.214 
CELLSIZE 50000 
NODATA_value -9999 
[rows 52 to 77 of 165, columns 0 to 58 of 128]
-9999 -9999 -9999 -9999 -9999 -9999 -9999 -9999 -9999 -9999 -9999 -9999 -9999 -9999 -9999 -9999 -9999 -9999 -9999 0.501978138204804 0.4563154553923 0.432852125677942 0.455592605561838 0.439203526433665 0.502720698223753 0.496820501333804 0.503890196881172 0.536664453641317 0.548656689432398 0.551541375188989 0.548488156818756 0.552328154760447 0.582860910780469 0.588251513245706 0.593671989608902 0.588311342043395 0.619024780772249 0.646904001746515 0.645152981270177 0.62143561071378 0.600754735929197 0.592555496119326 0.577001650843536 0.565771290031657 0.532574028386932 0.529596959326334 0.513731208596158 0.512475316501452 0.496831493659077 0.51401119101034 0.522085678140596 0.530572625391618 0.54241798136267 0.557235679392661 0.568825530316485 0.582163114371677 0.595455609238748 0.604200533273519 0.625264499656017
-9999 -9999 -9999 -9999 -9999 -9999 -9999 -9999 -9999 -9999 -9999 -9999 -9999 -9999 -9999 -9999 -9999 -9999 -9999 0.49640142523606 0.444510429491288 0.368143534328422 0.379082903577069 0.381813586709351 0.402117450340094 0.439928789242524 0.46260530980713 0.514717749898076 0.504093616771197 0.52388061577483 0.526604012139995 0.549392376521142 0.575512186394692 0.573245538465614 0.570323664363143 0.609872831909052 0.650240997611528 0.665847718868946 0.653748304917631 0.630770306157466 0.604667765348289 0.588358758698142 0.573481618090381 0.553800356234565 0.524680770738329 0.513615113328138 0.501372100540319 0.500493274430886 0.487578645133999 0.491250501612176 0.489731394174741 0.493799408853676 0.501354076020878 0.524714464213218 0.538267457964023 0.554280302153045 0.567459337495551 0.576949935716797 0.593256676771136
-9999 -9999 -9999 -9999 -9999 -9999 -9999 -9999 -9999 -9999 -9999 -9999 -9999 -9999 -9999 -9999 -9999 -9999 -9999 -9999 0.451527405313036 0.35265541514044 0.309175806271294 0.316054589311447 0.328764040704174 0.356413289312221 0.457966433684548 0.490039062377906 0.46908365719655 0.492695050026949 0.494784997530174 0.53156856604426 0.554165017242639 0.53689828284049 0.575058847004104 0.674918735326302 0.673916193910639 0.670855900335473 0.656004936093649 0.635832007242294 0.613866207148611 0.593575587959971 0.568909951192184 0.523603374321513 0.506472586502363 0.497328005187016 0.484804242931842 0.485554526021297 0.474791430590507 0.461315567444229 0.455851075470282 0.452489693849582 0.463648398380101 0.462882412915942 0.503514538980643 0.516360748855893 0.540662826720143 0.514612431673136 0.556115983081248
-9999 -9999 -9999 -9999 -9999 -9999 -9999 -9999 -9999 -9999 -9999 -9999 -9999 -9999 -9999 -9999 -9999 -9999 -9999 -9999 0.39969553589788 0.308037958912353 0.265231627259907 0.265079085623955 0.29112899444376 0.304933615296263 0.404542303626599 0.450068693543374 0.452574474487596 0.456408796658267 0.487632674176308 0.512767870345384 0.510639624065718 0.533265543603079 0.658241744817753 0.683996080558591 0.674352362033106 0.667308253970762 0.660166339392042 0.636705135471082 0.622310450118917 0.601864193936838 0.575792782300701 0.531945527699628 0.505635918025282 0.480061019258341 0.467626422536884 0.461660278573671 0.448660519114606 0.431184060955862 0.420951196946615 0.417413740912499 0.426488694761401 0.438425061017819 0.444417359713728 0.462162543135745 0.488498816138319 0.494596743621282 0.500344518007065
-9999 -9999 -9999 -9999 -9999 -9999 -9999 -9999 -9999 -9999 -9999 -9999 -9999 -9999 -9999 -9999 -9999 -9999 -9999 -9999 -9999 0.309642224553559 0.267188973495267 0.219810214281962 0.235862063791202 0.250620553593069 0.307139607899112 0.418046974828931 0.429310219074404 0.432283073282694 0.465441458612726 0.48346731818215 0.521476545034431 0.639070112735725 0.65552611835542 0.660991014341566 0.670715492226937 0.670548543456271 0.656096083805547 0.642103582643915 0.627734021438632 0.604011369454219 0.572001356771573 0.547608541985362 0.514694326204419 0.482630014174982 0.453541759627733 0.43119148553136 0.418300333769589 0.395019306961728 0.386329950997576 0.374543740757735 0.367062028887041 0.392907412995945 0.417458913160638 0.419970671746316 0.42485147498785 0.435382769835637 0.438672433150033
-9999 -9999 -9999 -9999 -9999 -9999 -9999 -9999 -9999 -9999 -9999 -9999 -9999 -9999 -9999 -9999 -9999 -9999 -9999 -9999 -9999 0.302670389181893 0.272772928883285 0.189361219344037 0.187445233390696 0.215260485401897 0.310341912020849 0.357140149635662 0.398532949077075 0.42357776042432 0.433940710145074 0.507719750963064 0.628888975706221 0.64547345810549 0.635311138068919 0.647855535535078 0.664137938578938 0.67223873295257 0.665096093120411 0.658028888209594 0.651201826843854 0.626844006236855 0.599521694311769 0.566139771372417 0.52743063540982 0.486300394297594 0.445734634662958 0.41283709332419 0.401993789981557 0.387741993610691 0.370405761878022 0.350968015438356 0.353017190320859 0.363082351836034 0.371360897085148 0.373405543490513 0.39817436337605 0.40498870460151 0.428070774006607
-9999 -9999 -9999 -9999 -9999 -9999 -9999 -9999 -9999 -9999 -9999 -9999 -9999 -9999 -9999 -9999 -9999 -9999 -9999 -9999 -9999 -9999 0.247348231137566 0.187009891839552 0.145960642748276 0.165147163790378 0.197912737336233 0.232533533758603 0.288751673004837 0.391547229393043 0.499482077400179 0.577868078884812 0.621021186139617 0.63151164467744 0.627309011710724 0.636727734855656 0.65953662804607 0.676731955159727 0.685569855115146 0.678963515390542 0.671236153192775 0.659625760171371 0.629377550440732 0.592592080145296 0.543593899704532 0.48947314138741 0.437807981298683 0.400628671008348 0.390013696791165 0.381414809868112 0.365554783450667 0.354550572357872 0.357792700965745 0.358512579567692 0.346868755377348 0.326898880823613 0.3357297430107 0.355894535453599 0.3976313155274
-9999 -9999 -9999 -9999 -9999 -9999 -9999 -9999 -9999 -9999 -9999 -9999 -9999 -9999 -9999 -9999 -9999 -9999 -9999 -9999 -9999 -9999 0.240988924408438 0.197234691333269 0.155068146823103 0.125527373026037 0.122522315084821 0.170690988115253 0.226153343517944 0.434601234056881 0.495511248758457 0.463446318729938 0.550217674934145 0.447252578659149 0.344507475419945 0.553234450643898 0.646809748735017 0.693805584026592 0.710817631123065 0.717520958112402 0.72151840667716 0.706743652109713 0.670442488395069 0.628117452913019 0.566696080397091 0.497401118777133 0.430039253747056 0.386719984556375 0.374331593601791 0.368037701430994 0.368814410468586 0.363759547147852 0.361844427379462 0.356192548220425 0.344030539171042 0.332559541662524 0.318840613162497 0.313047971048238 0.338377299210545
-9999 -9999 -9999 -9999 -9999 -9999 -9999 -9999 -9999 -9999 -9999 -9999 -9999 -9999 -9999 -9999 -9999 -9999 -9999 -9999 -9999 -9999 -9999 -9999 0.196250775840183 0.135207781060928 0.107182940116963 0.142255403535514 0.255516134561709 0.388466407306543 0.495486816313758 0.399729104339271 0.488925669774052 0.369077931892312 0.298702264125684 0.499386799216428 0.61143867530955 0.706768947919871 0.734314312720969 0.749869105198947 0.750868784654902 0.745877666758523 0.718731609827628 0.669946635334119 0.598546895466357 0.515241609775245 0.43272723669775 0.380492817823643 0.368542287971324 0.362586521177537 0.359598307779291 0.360107240768777 0.354571078482586 0.349554901361627 0.33353542203028 0.329953297410459 0.320619655745834 0.303952753473681 0.305725340078517
-9999 -9999 -9999 -9999 -9999 -9999 -9999 -9999 -9999 -9999 -9999 -9999 -9999 -9999 -9999 -9999 -9999 -9999 -9999 -9999 -9999 -9999 -9999 -9999 -9999 0.183983248727995 0.0905584879754865 0.0933836242733998 0.138319610572259 0.233498039810855 0.335476969051853 0.34109754137092 0.311977554651531 0.267953725262364 0.236305374074787 0.40537811486712 0.4791194989872 0.612155332336988 0.689414443839529 0.737356157941287 0.771691245929983 0.776967629434577 0.764425675179108 0.718008272084043 0.639964071546628 0.552617970163308 0.462271822170085 0.403496329882566 0.384440688159456 0.365451436847534 0.35901291217421 0.354596803036764 0.351673644345773 0.336309813345045 0.320213538594524 0.309949263645161 0.306019041839875 0.293214283710934 0.295018000084346
-9999 -9999 -9999 -9999 -9999 -9999 -9999 -9999 -9999 -9999 -9999 -9999 -9999 -9999 -9999 -9999 -9999 -9999 -9999 -9999 -9999 -9999 -9999 -9999 -9999 0.288475297191147 0.195608908745256 0.0670501378300892 0.0671285249167144 0.134779331308418 0.158082126563652 0.201954824563465 0.210910135878474 0.162443988247702 0.147282575202261 0.15667762097538 0.19532414321816 0.355211135988545 0.497172933232254 0.684617821876148 0.759998749762209 0.791487007889603 0.793926115157495 0.757598721451152 0.683630956884252 0.593929325016879 0.509361015169478 0.443445685371572 0.404308153237766 0.38008194652787 0.361914380061855 0.350064999968945 0.337668608410242 0.31949226233791 0.295780119882732 0.27694039040374 0.281825498297485 0.263245788995802 0.255964749925091
-9999 -9999 -9999 -9999 -9999 -9999 -9999 -9999 -9999 -9999 -9999 -9999 -9999 -9999 -9999 -9999 -9999 -9999 -9999 -9999 -9999 -9999 -9999 -9999 -9999 -9999 0.393028443052832 0.142697157214454 0.0726901641473672 0.0753504619648137 0.129858661531951 0.137874599042167 0.215444973630029 0.10569795023652 0.119250726478757 0.120299851083252 0.0843009547757262 0.176699577468986 0.196401456808746 0.423241427264915 0.591003966320065 0.697088826934485 0.765697284483279 0.758209109614876 0.714095158321376 0.6272794902136 0.54743239349034 0.475955734260374 0.430572770910857 0.396372660287304 0.366645187196459 0.34096139430294 0.319545520894097 0.299030806949152 0.276700340296522 0.26247283110305 0.251686551182142 0.234248527029393 0.214048035262381
-9999 -9999 -9999 -9999 -9999 -9999 -9999 -9999 -9999 -9999 -9999 -9999 -9999 -9999 -9999 -9999 -9999 -9999 -9999 -9999 -9999 -9999 -9999 -9999 -9999 -9999 0.514713543734414 0.325802748911622 0.23538736585878 0.0782508704613664 0.088627812350461 0.0613365732639921 0.0850346196441595 0.0492993513066539 0.0764027067338821 0.0496424720634299 0.063789100058121 0.124405187363349 0.114585007273149 0.123049233458319 0.207567071652171 0.461593176829175 0.640232588541144 0.701485076983074 0.695496266521926 0.645774837355868 0.565857839478967 0.495969659057513 0.451494913784275 0.409752751234251 0.368602316361047 0.330493295039067 0.301893114521966 0.279844866700948 0.259482497989148 0.245625851514259 0.230429292602539 0.221207300422921 0.203821494804033
-9999 -9999 -9999 -9999 -9999 -9999 -9999 -9999 -9999 -9999 -9999 -9999 -9999 -9999 -9999 -9999 -9999 -9999 -9999 -9999 -9999 -9999 -9999 -9999 -9999 -9999 0.504169911150579 0.493619132100791 0.428392345625617 0.157998044337164 0.0779855848087938 0.0456149815994867 0.00309435640742094 0.00023191360921189 0.00926506108231876 0.0586889218601286 0.078156888454469 0.107195928494097 0.125532790263837 0.108142943480029 0.0299862385650207 0.264588459518179 0.621432468148797 0.66347541208752 0.6153430558739 0.580114652415121 0.517985359690809 0.487655735268693 0.456824475710006 0.41608932864152 0.369160502061386 0.321067120460549 0.288009144566156 0.265331348748746 0.241940146627235 0.228239425520775 0.215581117033289 0.20913674138403 0.21599551507943
-9999 -9999 -9999 -9999 -9999 -9999 -9999 -9999 -9999 -9999 -9999 -9999 -9999 -9999 -9999 -9999 -9999 -9999 -9999 -9999 -9999 -9999 -9999 -9999 -9999 -9999 -9999 0.521229466182415 0.487161476380638 0.338031770519679 0.176481659719291 0.0836680861443958 0.0473701806289425 0.0759671564201257 0.00632049835523292 0.0230892616436594 0.0286356395579879 0.0596718900511683 0.106483859182587 0.107874134420612 0.0471234753865732 0.222572386803817 0.511801719475237 0.562280542808962 0.552506345923881 0.444674228089918 0.456174494604519 0.485151836373204 0.467539209659314 0.423872824112691 0.371999754007258 0.315760156859671 0.271669724325297 0.24774410364013 0.230454984827598 0.221617870907199 0.208193672894062 0.201749388615692 0.206591354279581
-9999 -9999 -9999 -9999 -9999 -9999 -9999 -9999 -9999 -9999 -9999 -9999 -9999 -9999 -9999 -9999 -9999 -9999 -9999 -9999 -9999 -9999 -9999 -9999 -9999 -9999 -9999 -9999 0.462196532408257 0.433783180028479 0.344143973851148 0.239789153842811 0.310428933455603 0.111160248993042 0.0884701681791986 0.0806994762215454 0.0247161322780649 0.0166819590557839 0.0406182886112672 0.0989957060875563 0.101202081973648 0.131297609482645 0.196378578690018 0.276990041620343 0.490856676406485 0.46186108875516 0.468925275932014 0.499299612758245 0.479876223824093 0.429939779473927 0.377734144951358 0.324880845841072 0.269818202726907 0.239887265710155 0.214245107240883 0.208624721893824 0.196698891724158 0.186196274071227 0.200393080811114
-9999 -9999 -9999 -9999 -9999 -9999 -9999 -9999 -9999 -9999 -9999 -9999 -9999 -9999 -9999 -9999 -9999 -9999 -9999 -9999 -9999 -9999 -9999 -9999 -9999 -9999 -9999 -9999 -9999 -9999 0.430747309329278 0.411283231751077 0.401494623175351 0.345543669697846 0.290606684291206 0.1557160176039 0.0453337540350524 0.0735130105982349 0.0147821811568917 0.0545434443462679 0.0762143801598788 0.104130984908108 0.0723435783138589 0.0563411051417003 0.350914261234048 0.348516206813389 0.359082894007191 0.46742905719891 0.491141267783023 0.436760314871647 0.382435130847962 0.332585679217314 0.283236707274551 0.250759523595149 0.217861951813966 0.197894830132538 0.190459837538201 0.172387968294764 0.196960493580924
-9999 -9999 -9999 -9999 -9999 -9999 -9999 -9999 -9999 -9999 -9999 -9999 -9999 -9999 -9999 -9999 -9999 -9999 -9999 -9999 -9999 -9999 -9999 -9999 -9999 -9999 -9999 -9999 -9999 -9999 -9999 -9999 0.383652269607674 0.560353292348211 0.451401861949992 0.343249651163147 0.184327112071171 0.203285687035065 0.00058980457411034 0.0113426658357609 0.0476792689398886 0.0960368794119497 0.0966179194668281 0.070078142601391 0.228980211740145 0.224935025770788 0.0990324129159474 0.259404131380824 0.470505541823589 0.436956509388174 0.387739320277066 0.343952753752075 0.296082972737028 0.262942635881122 0.240140564486031 0.221207541964374 0.205739739434398 0.198158350306237 0.201728114219277
-9999 -9999 -9999 -9999 -9999 -9999 -9999 -9999 -9999 -9999 -9999 -9999 -9999 -9999 -9999 -9999 -9999 -9999 -9999 -9999 -9999 -9999 -9999 -9999 -9999 -9999 -9999 -9999 -9999 -9999 -9999 -9999 -9999 0.619069590328933 0.490246201406848 0.553875817751395 0.480777747371343 0.211402464783919 0.0432733840936088 0.00749135329787465 0.0070062386416583 0.0868443754929751 0.0656268008778853 0.0848354384553375 0.0673490253643303 0.0658694446718572 0.143461111080076 0.11381742140678 0.0394063321494283 0.2493235455831 0.334107708039308 0.33366740134853 0.294381091455932 0.258066278639756 0.244995291104949 0.235773709815087 0.223602955455472 0.221657880198666 0.227402753366257
-9999 -9999 -9999 -9999 -9999 -9999 -9999 -9999 -9999 -9999 -9999 -9999 -9999 -9999 -9999 -9999 -9999 -9999 -9999 -9999 -9999 -9999 -9999 -9999 -9999 -9999 -9999 -9999 -9999 -9999 -9999 -9999 -9999 -9999 -9999 -9999 0.495357815882234 0.440050475364691 0.320428594615734 0.0852222525947345 0.0467140877264203 0.0777823863232522 0.0978035949298109 0.105670884456625 0.104233779598439 0.0590904793134583 0.108441723542618 0.136761532187932 0.0665550452822557 0.0706726637761685 0.197268478915366 0.247176914464128 0.271867719888609 0.276314222883964 0.251483050997177 0.23681459936045 0.232800155124929 0.232535634783661 0.23345709867433
-9999 -9999 -9999 -9999 -9999 -9999 -9999 -9999 -9999 -9999 -9999 -9999 -9999 -9999 -9999 -9999 -9999 -9999 -9999 -9999 -9999 -9999 -9999 -9999 -9999 -9999 -9999 -9999 -9999 -9999 -9999 -9999 -9999 -9999 -9999 -9999 -9999 0.628532850593073 0.609593323906904 0.390557848703593 0.0559760592360939 0.0355851690262864 0.0770883589787099 0.0876900864214669 0.102190944739142 0.0572282426783868 0.0196752463865301 0.079942591185205 0.178146104565397 0.200965529083309 0.202208634527198 0.158702917871959 0.220485420344564 0.288205223331376 0.269764136267924 0.249584335714735 0.249262477969271 0.25810250866271 0.249296177849103
-9999 -9999 -9999 -9999 -9999 -9999 -9999 -9999 -9999 -9999 -9999 -9999 -9999 -9999 -9999 -9999 -9999 -9999 -9999 -9999 -9999 -9999 -9999 -9999 -9999 -9999 -9999 -9999 -9999 -9999 -9999 -9999 -9999 -9999 -9999 -9999 -9999 -9999 0.657742775218392 0.483030243498637 0.123379284450759 0.0411396730734963 0.0930516278938312 0.107119968693837 0.0970628489571778 0.0661199151233515 0.0244024236391548 0.0572079807650969 0.159813940325585 0.197868849435414 0.174870379089705 0.139416465847387 0.2218103858742 0.297729304637398 0.282707464055997 0.266267752519623 0.268160048835115 0.276590118598469 0.267960346978162
-9999 -9999 -9999 -9999 -9999 -9999 -9999 -9999 -9999 -9999 -9999 -9999 -9999 -9999 -9999 -9999 -9999 -9999 -9999 -9999 -9999 -9999 -9999 -9999 -9999 -9999 -9999 -9999 -9999 -9999 -9999 -9999 -9999 -9999 -9999 -9999 -9999 -9999 0.542614946339419 0.463269608413148 0.187557016702133 0.0441724407895439 0.0736659919446799 0.108363523617127 0.0918015774504064 0.0617540723174957 0.0127448277507678 0.00949545521636109 0.111589241628506 0.132203878922488 0.111869858814967 0.187094115272414 0.25141736328356 0.29151219184778 0.289614226485748 0.276423102514432 0.290412739123566 0.294489059804162 0.269513056382847
-9999 -9999 -9999 -9999 -9999 -9999 -9999 -9999 -9999 -9999 -9999 -9999 -9999 -9999 -9999 -9999 -9999 -9999 -9999 -9999 -9999 -9999 -9999 -9999 -9999 -9999 -9999 -9999 -9999 -9999 -9999 -9999 -9999 -9999 -9999 -9999 -9999 -9999 0.509247994337198 0.473855863392209 0.30446834689399 0.086864020054855 0.0702743395386053 0.0996508259702655 0.0717846315521816 0.0405479544168694 0.00109127646001098 0.00474956700292591 0.0414809371373438 0.0629079941261299 0.0947304305785205 0.186954201165825 0.233332230259539 0.284309159583728 0.286935505688912 0.303060160421304 0.317354128725838 0.303707731221915 0.292646826883698
-9999 -9999 -9999 -9999 -9999 -9999 -9999 -9999 -9999 -9999 -9999 -9999 -9999 -9999 -9999 -9999 -9999 -9999 -9999 -9999 -9999 -9999 -9999 -9999 -9999 -9999 -9999 -9999 -9999 -9999 -9999 -9999 -9999 -9999 -9999 -9999 -9999 -9999 -9999 0.410409309832823 0.361906258156121 0.114783922660396 0.0505294614210163 0.0764665771260624 0.032963130717506 0.0416768047611439 0.00552318490346822 0 0.0448521771017135 0.0627770555819213 0.159739232005666 0.200348727860902 0.223522660775742 0.31327503239798 0.346825333295145 0.351701911229308 0.311524151780416 0.309782687496565 0.301377174585914
-9999 -9999 -9999 -9999 -9999 -9999 -9999 -9999 -9999 -9999 -9999 -9999 -9999 -9999 -9999 -9999 -9999 -9999 -9999 -9999 -9999 -9999 -9999 -9999 -9999 -9999 -9999 -9999 -9999 -9999 -9999 -9999 -9999 -9999 -9999 -9999 -9999 -9999 -9999 0.44684839191905 0.417909151281188 0.162567620543416 0.038384856430338 0.0756247597547208 0.0649170848667395 0.03856008682748 0.00819931150809941 0.00144741410780838 0.053440003330006 0.025889298886897 0.130237933067051 0.258787918426284 0.262560701052579 0.370554009755269 0.347751645405468 0.323954625821195 0.323852566211446 0.3167473822776 0.311110638966533
