layers/veg_krg_50/veg_600.asc
NCOLS 128 
NROWS 165 
XLLCORNER -2985163.8955 
YLLCORNER -3022031.214 
CELLSIZE 50000 
NODATA_value -9999 
[rows 26 to 51 of 165, columns 59 to 117 of 128]
0.509209017666951 0.517851845796144 0.522630696397068 0.565895597393415 0.598441105427603 0.613068235472366 0.652960417335196 0.692942202552573 0.695887105111208 0.635327785559681 0.674601197954615 0.711747982850159 0.714889047030029 0.756212081538469 0.807380849333383 0.836556506752986 0.824403947384124 0.881642930343698 0.903971739558426 0.88532018377889 0.903615750994914 0.926840658586906 -9999 -9999 -9999 -9999 -9999 -9999 -9999 -9999 -9999 -9999 -9999 -9999 -9999 -9999 -9999 -9999 -9999 -9999 -9999 -9999 -9999 -9999 -9999 -9999 -9999 -9999 -9999 -9999 -9999 -9999 -9999 -9999 -9999 -9999 -9999 -9999 -9999
0.548442502290449 0.552116360437608 0.565783380595831 0.59433601915709 0.605329768188962 0.627972164728409 0.656631473683105 0.707201110061825 0.705598504966776 0.6895900213443 0.698347926576901 0.698633186723069 0.738800112884377 0.763969304840212 0.784273942869944 0.825218952258849 0.790539078549285 0.831710655804674 0.836587082841068 0.894586672471416 0.931110874747889 0.931044282419531 0.925009267798453 -9999 -9999 -9999 -9999 -9999 -9999 -9999 -9999 -9999 -9999 -9999 -9999 -9999 -9999 -9999 -9999 -9999 -9999 -9999 -9999 -9999 -9999 -9999 -9999 -9999 -9999 -9999 -9999 -9999 -9999 -9999 -9999 -9999 -9999 -9999 -9999
0.5875391256424 0.596119024803429 0.619515116509963 0.63121541396135 0.649088365940928 0.686102511305166 0.750389282760534 0.748541514481047 0.723672276200442 0.721861089918158 0.729951769414989 0.737770407997533 0.7386264397759 0.74718129916528 0.793152451230399 0.823289519158829 0.85364423612418 0.855737008212077 0.925332880830258 0.928635187585729 0.93360302111208 0.933807062968608 0.924867533936618 0.921647730226241 -9999 -9999 -9999 -9999 -9999 -9999 -9999 -9999 -9999 -9999 -9999 -9999 -9999 -9999 -9999 -9999 -9999 -9999 -9999 -9999 -9999 -9999 -9999 -9999 -9999 -9999 -9999 -9999 -9999 -9999 -9999 -9999 -9999 -9999 -9999
0.625146911412561 0.65252962623064 0.660623407972315 0.676670290776381 0.693857026454005 0.699338025654276 0.729884638647885 0.764536199472702 0.743223694622037 0.747891838672704 0.764423660748786 0.755405886304813 0.756139721988501 0.767494877448502 0.797129744864827 0.875348852097229 0.899566165826319 0.908730725140121 0.916417071394237 0.924677726885828 0.928992470141493 0.92956791696696 0.924585632650827 0.919079191375992 -9999 -9999 -9999 -9999 -9999 -9999 -9999 -9999 -9999 -9999 -9999 -9999 -9999 -9999 -9999 -9999 -9999 -9999 -9999 -9999 -9999 -9999 -9999 -9999 -9999 -9999 -9999 -9999 -9999 -9999 -9999 -9999 -9999 -9999 -9999
0.649357293613116 0.684025049217645 0.691719343996017 0.727765677966115 0.734353191392857 0.737173582471085 0.743989338274247 0.793088233161698 0.819616263935073 0.807455302651215 0.78740434542168 0.788423026545069 0.786499468241354 0.80161389125669 0.835541079766967 0.879793566319578 0.887794115689027 0.903659802736404 0.915903466354458 0.922943437160944 0.925278318148383 0.925688829881102 0.923022228460113 0.919665788699079 -9999 -9999 -9999 -9999 -9999 -9999 -9999 -9999 -9999 -9999 -9999 -9999 -9999 -9999 -9999 -9999 -9999 -9999 -9999 -9999 -9999 -9999 -9999 -9999 -9999 -9999 -9999 -9999 -9999 -9999 -9999 -9999 -9999 -9999 -9999
0.69366562137141 0.708887999349569 0.724494400234769 0.747270405209078 0.758787622210911 0.727154643112144 0.73082273468728 0.766150143640449 0.803791226697008 0.791418163013202 0.77572033342659 0.779182093305008 0.766842181919972 0.776158227376598 0.830244287613958 0.886693142869204 0.879489178699883 0.895687534516287 0.914885318112275 0.922766187570317 0.924746432760872 0.925034453215531 0.922164091962771 0.912338469936865 -9999 -9999 -9999 -9999 -9999 -9999 -9999 -9999 -9999 -9999 -9999 -9999 -9999 -9999 -9999 -9999 -9999 -9999 -9999 -9999 -9999 -9999 -9999 -9999 -9999 -9999 -9999 -9999 -9999 -9999 -9999 -9999 -9999 -9999 -9999
0.734359664223785 0.748428369675517 0.778718139911359 0.786593627936478 0.791368574829546 0.737361303489056 0.742719869490332 0.769102342103434 0.794797690463669 0.77333050702031 0.777604002489248 0.760632811818284 0.752413481700247 0.780703954423381 0.830248391486439 0.884093593714775 0.877751194309635 0.893950331334559 0.918508561508155 0.925527513270835 0.92589116558351 0.926540629497954 0.920485057418474 0.908238256288351 -9999 -9999 -9999 -9999 -9999 -9999 -9999 -9999 -9999 -9999 -9999 -9999 -9999 -9999 -9999 -9999 -9999 -9999 -9999 -9999 -9999 -9999 -9999 -9999 -9999 -9999 -9999 -9999 -9999 -9999 -9999 -9999 -9999 -9999 -9999
0.772834419258906 0.813864552292848 0.814620818541533 0.817509241611585 0.816380929050072 0.802081560951592 0.801395864722325 0.814005248822068 0.808357604720336 0.806274137920497 0.773397111154412 0.76620716246862 0.775657831506377 0.780061594884086 0.838694880827843 0.868966315745486 0.879578520920028 0.891605395595415 0.912228474176377 0.923505012188871 0.929986033911645 0.929017933907 0.919869995858227 0.902656948638259 0.890580744498082 0.856771014751993 0.830490558660665 -9999 -9999 -9999 -9999 -9999 -9999 -9999 -9999 -9999 -9999 -9999 -9999 -9999 -9999 -9999 -9999 -9999 -9999 -9999 -9999 -9999 -9999 -9999 -9999 -9999 -9999 -9999 -9999 -9999 -9999 -9999 -9999
0.8146564575345 0.832652744485393 0.833132537190355 0.835070377320051 0.834970481947114 0.836065679519694 0.842212817422646 0.843633872090421 0.825500394192246 0.817947769745822 0.777114371372389 0.790517891090696 0.771455593698138 0.792328233037068 0.841863833123266 0.831895933628381 0.854189243284131 0.885697415490145 0.911165682699717 0.9305378832223 0.939642052082327 0.926875445463038 0.913591423815787 0.898926975933148 0.882793054177405 0.846351988636936 0.820310267814002 0.792032451439254 0.783735042009833 0.768924107482168 0.735308744938104 0.711338014507236 -9999 -9999 -9999 -9999 -9999 -9999 -9999 -9999 -9999 -9999 -9999 -9999 -9999 -9999 -9999 -9999 -9999 -9999 -9999 -9999 -9999 -9999 -9999 -9999 -9999 -9999 -9999
0.848401176540879 0.854280796511125 0.852820607434192 0.855427814302018 0.860772082469395 0.844432035103289 0.841405768793137 0.839005825750883 0.824964851155449 0.823727104006095 0.812105740064329 0.805408383493938 0.794312569592317 0.794710668302141 0.805887182987924 0.813035349559031 0.850986169465664 0.872400221567534 0.904013433005533 0.933816706037291 0.940333908189698 0.925557209894386 0.908438332223393 0.890032828711449 0.855268563579874 0.827162000012896 0.79911880521134 0.790347523079825 0.77632135436717 0.752895649030136 0.72662475074543 0.710657457826728 0.695242931503259 -9999 -9999 -9999 -9999 -9999 -9999 -9999 -9999 -9999 -9999 -9999 -9999 -9999 -9999 -9999 -9999 -9999 -9999 -9999 -9999 -9999 -9999 -9999 -9999 -9999 -9999
0.870694804968245 0.869833216308966 0.870291625624073 0.867534442379513 0.865636946918145 0.850757296755297 0.854620197807343 0.850186877482586 0.840342589533471 0.819981222871803 0.814991804280007 0.813387370585266 0.811917492213343 0.802378576080063 0.805560920596893 0.827926383313385 0.855673638387358 0.877797895017186 0.902799432521668 0.923326390988652 0.928069643697453 0.91259817514539 0.888929652551503 0.854842810116591 0.839052003584577 0.81653309377464 0.802724003379848 0.785019832307982 0.763255318646737 0.735549552996623 0.709115429778741 0.700617465609537 0.689714171351319 0.677617667415472 0.664935739799868 -9999 -9999 -9999 -9999 -9999 -9999 -9999 -9999 -9999 -9999 -9999 -9999 -9999 -9999 -9999 -9999 -9999 -9999 -9999 -9999 -9999 -9999 -9999 -9999
0.90253695370985 0.895006568486544 0.882384972874098 0.876503969306085 0.887009287958421 0.880894624758136 0.870624841166083 0.853999332580249 0.830993366216852 0.813911234797645 0.797091360554387 0.809532006650981 0.817033583877241 0.815046555555988 0.825225876642063 0.844433990481244 0.866666790209647 0.879869864690276 0.894227014092382 0.899932488714472 0.901609188198721 0.891110436802611 0.870626279987895 0.839850959475005 0.817230484020667 0.812467348612466 0.797107657771667 0.77315229404762 0.751994918228892 0.72228142999906 0.697195906279626 0.684702643646378 0.675071409651386 0.664936178463195 0.651798352313076 0.652653640320124 -9999 -9999 -9999 -9999 -9999 -9999 -9999 -9999 -9999 -9999 -9999 -9999 -9999 -9999 -9999 -9999 -9999 -9999 -9999 -9999 -9999 -9999 -9999
0.929505878693847 0.923234158596837 0.913172827312772 0.903104957895746 0.899541443517969 0.88469620584295 0.870445798827094 0.858111943501805 0.838287973789368 0.823367295088667 0.813001482258401 0.816502885119323 0.824277395278494 0.832822722645887 0.83886418921383 0.847589814505401 0.862263123415362 0.876123408656669 0.888206232750596 0.886192849599027 0.881004724108543 0.873162199381114 0.849211488585073 0.823028929267798 0.805543282551235 0.800476475181274 0.780528064575032 0.758663114462898 0.730027081250366 0.698605641051205 0.682333729126052 0.656988364187869 0.653663483166336 0.647810907213986 0.637908837132223 0.639161723726183 -9999 0.636868902975529 -9999 -9999 -9999 -9999 -9999 -9999 -9999 -9999 -9999 -9999 -9999 -9999 -9999 -9999 -9999 -9999 -9999 -9999 -9999 -9999 -9999
0.937751076355373 0.926081063686573 0.916329341002958 0.90405840306974 0.894635700759973 0.88447954412264 0.869859199319646 0.860304092589506 0.844323737418024 0.831583408060812 0.823100161402137 0.826529745177192 0.831631816962298 0.838718536157074 0.845151619471531 0.850223183463784 0.858019547625923 0.871731029123577 0.861930288886885 0.863645765948106 0.862543411713334 0.851054906831279 0.828851769382618 0.802146707668632 0.782143762289675 0.777419153358094 0.75956663982881 0.714698529306895 0.69970862487171 0.683588881910308 0.66394490865888 0.630582164912233 0.633192786600884 0.628817745614697 0.62368842878341 0.623809455930565 0.618669436533947 0.618781569220818 0.622189259989719 0.631964510551147 0.649611125843729 0.683066907396587 -9999 -9999 -9999 -9999 -9999 -9999 -9999 -9999 -9999 -9999 -9999 -9999 -9999 -9999 -9999 -9999 -9999
0.925045045745166 0.913441478378453 0.895923092675828 0.874386615346704 0.860688903205017 0.877533141968452 0.873790870495745 0.861752705855471 0.847858248660663 0.839408940451431 0.83668117754416 0.838338019141492 0.850680269841094 0.851501842122787 0.849765188617731 0.850417873992332 0.849439469624257 0.858845518164482 0.856355324074791 0.855361906091179 0.849766281067028 0.836582228125715 0.810319065677529 0.789463603040576 0.771973646752417 0.742239346339964 0.716779969457221 0.694077642904134 0.67203597986307 0.668916727957203 0.617525577139438 0.619084416637156 0.61875837322423 0.616191776088557 0.614142228364093 0.606849912718376 0.594481510172238 0.5860134867244 0.594419712309217 0.62005108673691 0.646491089282324 0.674052123096221 0.670932959944632 0.685584002867487 0.729528697533826 0.776598988538444 -9999 -9999 -9999 -9999 -9999 -9999 -9999 -9999 -9999 -9999 -9999 -9999 -9999
0.908660275006477 0.905348624062725 0.884996829514575 0.865776390327506 0.854257632198761 0.858672611147179 0.877528501221612 0.866976803165726 0.855947894171124 0.846201959241552 0.841140745442388 0.858166610464987 0.873574772787071 0.858837596855122 0.851187013658688 0.8505753388821 0.85298936231279 0.849552402187946 0.845454318658402 0.848771913747598 0.832285858799376 0.811188500735014 0.785559684962441 0.771197128724184 0.749060690515762 0.72320717913358 0.702538412503773 0.670607462986381 0.642518544147379 0.620036356488051 0.596306297843828 0.609131052231682 0.603250475320414 0.598734681208689 0.595693452779989 0.587637979658021 0.570744190780496 0.57172131322326 0.5831674150339 0.608786174236298 0.632534347242727 0.643426323439506 0.625668354475539 0.667620269490928 0.723313926836412 0.774659822644235 0.807452067674977 -9999 -9999 -9999 -9999 -9999 -9999 -9999 -9999 -9999 -9999 -9999 -9999
0.892519208985993 0.886916632181639 0.872677532576621 0.85862675161512 0.845750832288937 0.83783155197174 0.880272987861265 0.872751378149589 0.863457151406652 0.853326022075653 0.850048340892249 0.868807828017073 0.87553873826067 0.872470444079235 0.862948533560009 0.865187281451571 0.853730834919387 0.832260400093608 0.817727468645621 0.835265805697265 0.806189707067263 0.790685904437819 0.754176992804687 0.753427395794427 0.719088248591538 0.678627647077765 0.654832033473847 0.621902844542421 0.588611744241361 0.586245379089543 0.57931657594182 0.571948000504188 0.564385927282725 0.566799467591828 0.566867683781212 0.558737097658057 0.549007355599734 0.555526558681601 0.570058220628534 0.590437029192047 0.616971194565391 0.631848308405574 0.524532676046113 0.538569893920842 0.717734834953533 0.733842451401683 0.773816305735439 0.809220754777344 -9999 -9999 -9999 -9999 -9999 -9999 -9999 -9999 -9999 -9999 -9999
0.87580095120624 0.864857499822817 0.858023932201645 0.85081177385499 0.834751207126741 0.847366922192641 0.883005581323619 0.873459445040625 0.864486776011267 0.861262248251794 0.869147430308721 0.885451724585675 0.877454244223846 0.868813625765754 0.871813896974728 0.880588529175016 0.848060479515486 0.827233484078829 0.814002663004363 0.83680861157952 0.808683127426243 0.777225741741503 0.76543570756757 0.72825020258473 0.684437231998058 0.647665087757157 0.626117620844224 0.598603737641736 0.553582926914364 0.557003095141799 0.541871200178384 0.524766148607163 0.534764185628833 0.53935797847118 0.533244379385712 0.526189433568143 0.529468143431098 0.543587702816019 0.556936543645939 0.571403515604135 0.597137228271395 0.513264146815254 0.464550028954789 0.501794129351061 0.685560194349106 0.667625248933935 0.735508688893558 0.743705999025361 0.815225101180003 -9999 -9999 -9999 -9999 -9999 -9999 -9999 -9999 -9999 -9999
0.867288944149096 0.836853102102971 0.845499350006141 0.84485351071597 0.827630912136127 0.845278689845793 0.884608262263326 0.877682579727707 0.87244571396706 0.868242652537317 0.863116273703433 0.884141122374276 0.878542899783256 0.864434179529912 0.882556578973362 0.891044502744941 0.871753190251258 0.822111098552478 0.80853985016658 0.831298444949824 0.811607505704591 0.815024900502899 0.7867016456349 0.724073850458437 0.644397316007266 0.620881532893043 0.600314691716178 0.592491872067765 0.553882014285316 0.522438019572216 0.507279558742786 0.518365288472239 0.513195780709614 0.517995108072617 0.505053743692618 0.493257307978755 0.512935874171902 0.535680756776321 0.552054797171382 0.568001016542391 0.582593995958467 0.539571702461033 0.477078948214342 0.594583144835785 0.629405257169087 0.600628103354028 0.653925732072334 0.740583816565198 0.804078843973802 0.835463631387027 -9999 -9999 -9999 -9999 -9999 -9999 -9999 -9999 -9999
0.837357270655205 0.838960952517039 0.842424294663822 0.844688806839717 0.845001268957716 0.867633179562844 0.880911732923294 0.877374261412758 0.874250829515858 0.872725400817111 0.882072736191199 0.891692643423288 0.880519353916859 0.866845086039848 0.881582877238813 0.887333971828092 0.797813496217779 0.815163326275071 0.791620685475209 0.807811279780893 0.828724917819049 0.835439077284795 0.736195609006344 0.719025048444987 0.663636981182993 0.613687736954873 0.605449310316131 0.560209946704332 0.549602072488784 0.501935421263816 0.499220983001303 0.489851237491543 0.480911126763461 0.485462661509326 0.470825956854967 0.482112771986781 0.484855523581957 0.489119224892858 0.510660527100049 0.52893541675453 0.554440829088727 0.531721479455505 0.515874750800353 0.568815236305576 0.529064281640028 0.582285235615273 0.649798215126215 0.740776849320278 0.7733022814877 0.800347090339865 0.808995180444949 -9999 -9999 -9999 -9999 -9999 -9999 -9999 -9999
0.810405811869778 0.814556536390392 0.818141111067986 0.827766402074633 0.833937652685826 0.852426520924798 0.857583421830787 0.876118943405131 0.879300157927755 0.888024873893336 0.881716446440479 0.892488749968762 0.885140180913162 0.883357984434597 0.900844503473765 0.857892463487575 0.780432059279396 0.796586383242642 0.770657416754249 0.799438013310427 0.818327735333307 0.83521318227722 0.780830237249044 0.700559877540762 0.668559188467922 0.617675645876639 0.588797770970377 0.545038501287794 0.542581241056104 0.49259510124228 0.463069587939238 0.444807883789138 0.420941238083226 0.421514849887653 0.415530461806109 0.429025529532377 0.442309024422687 0.456050134786611 0.489475118073454 0.493354078992773 0.518445871880813 0.480193522341142 0.423341295850908 0.497879423341763 0.494363872530934 0.528093047941509 0.662557226311298 0.742553416900122 0.761164201778748 0.778241377180404 0.787594173006888 0.789016021440086 0.776923481549221 0.760111563635043 -9999 -9999 -9999 -9999 -9999
0.791544193048927 0.794949214321385 0.796328806498887 0.802351271122473 0.817807565243007 0.834049037757186 0.83834900232471 0.86829686623674 0.909359533105347 0.924849108741133 0.894817838909309 0.90285662141561 0.892845637701794 0.893672286983268 0.871331400181952 0.764651546847728 0.757168533309233 0.784135644473468 0.772352743403767 0.793395019177474 0.794798981566595 0.779930392052205 0.746411526023409 0.701652723137485 0.666239256270982 0.617604215756254 0.57384584256509 0.541106532055226 0.522282620767516 0.468165239588814 0.431312581850027 0.380341332859297 0.353329047577013 0.368629525699882 0.375698826916818 0.390349816991621 0.390862178835987 0.422563484434208 0.461294777824402 0.450751754785972 0.47950354017629 0.482941992747604 0.376737930469657 0.440689931616266 0.489495447019201 0.543481847886778 0.630377612918721 0.713302302725931 0.686445499641938 0.74388313899179 0.75814066250513 0.763009507564877 0.751032888332318 0.725253032074302 0.732692401338383 0.737528471717682 -9999 -9999 -9999
0.781107543704491 0.770931125372407 0.749519329946334 0.768109137700124 0.786589446423767 0.820097340514564 0.823234762753078 0.854932986293588 0.920363664889243 0.939368319887712 0.914363120688896 0.913937437445156 0.902544817729309 0.880703922800081 0.77440048469263 0.734376309862694 0.757373207675915 0.768604144653672 0.76933800157934 0.781310945345002 0.760117407466691 0.735051985677138 0.711606996960049 0.728096374680602 0.678866239438534 0.61354607908831 0.574387217072721 0.550609210123002 0.506168871376703 0.429057949010165 0.409988228611708 0.392191736923072 0.392178095216879 0.383740842956821 0.384566599712244 0.393289940558663 0.407488916809454 0.423077486959942 0.443275476086501 0.445128433109773 0.438518730880307 0.407630159474118 0.373354204852265 0.417591244194841 0.496976204793053 0.576267941687737 0.632377403136806 0.574678023619993 0.626442478341441 0.660671801765992 0.713868010760933 0.696603193303691 0.656227973456857 0.686736902579844 0.721339680532372 0.730222027481281 -9999 -9999 -9999
0.730245323835311 0.75873620624076 0.744296190342615 0.747142871028527 0.763743694597914 0.791757118818654 0.807469900358869 0.815197889994434 0.894603628528585 0.935056122183323 0.944823976871926 0.932690410411586 0.924057367151991 0.829247015428184 0.751077860159144 0.733585245584139 0.761078087937064 0.754271531394175 0.761363688763784 0.764065881259729 0.748382870577652 0.716473271243038 0.719655365671755 0.715380502590516 0.685761823504943 0.621338433058823 0.601151354394383 0.543578463337318 0.500435448689761 0.445093157539981 0.414266065173263 0.376054112407465 0.359275784032759 0.347074683971199 0.341597752627115 0.357409554074819 0.373078446110153 0.38357471628419 0.420102548877942 0.432392820175142 0.453358143348674 0.453177473579197 0.396046464582153 0.403732451402257 0.440181088571329 0.486453089829896 0.564828227024878 0.587715202385748 0.620181893993754 0.634446237261985 0.658780821735673 0.638909561902848 0.58837127946736 0.648171595127784 0.687380790565824 0.706142844181085 -9999 -9999 -9999
0.741664270848212 0.749899498404975 0.730950770501399 0.730905295488556 0.732319513706869 0.758842810925401 0.784009245161193 0.80424600660781 0.839367214193412 0.908022803391621 0.902748226834985 0.923367101743835 0.866730605667457 0.730005900794274 0.72733644588288 0.715976025881901 0.752222427291181 0.727448262901844 0.742183870736585 0.742042827344447 0.699762271512938 0.706994800108344 0.699630409457123 0.689455553703202 0.652213351602147 0.603193118626775 0.580882670551828 0.525461062561545 0.47005168033324 0.412686367249467 0.375755646600452 0.368155976980055 0.344694096045043 0.324971813497985 0.3097502051158 0.319313440566212 0.315461824337755 0.329976367605923 0.378452843987362 0.3969544149107 0.412280756143738 0.429094542445768 0.372705414470373 0.381023713565391 0.374705300191866 0.435905722571406 0.511209306299864 0.530770399401901 0.570654945107874 0.616195024249298 0.605277041966958 0.602938596789129 0.589297383104722 0.620317376518879 0.66818362769872 0.686649530155915 -9999 -9999 -9999
0.680461001684965 0.670848362929198 0.695946209772296 0.692188080805758 0.685007303256908 0.692002692954184 0.762210365297868 0.773467155540794 0.792932672030129 0.829505125601854 0.865820799758964 0.845354836927205 0.752584434341786 0.677028779052849 0.703441145661196 0.681491306072847 0.703299285405011 0.743459921135651 0.701882469291574 0.694573307556416 0.686297517706194 0.70849647372099 0.681383829409673 0.665439757820856 0.616991186372509 0.582688824105351 0.566601175390632 0.493908934209982 0.417936657194798 0.343592364273064 0.3273479152299 0.351624093122922 0.316522043673884 0.312204059648357 0.283623883615464 0.30960118149232 0.290174311696239 0.305108793116195 0.338476895013313 0.353199066456228 0.367267841453149 0.39002469228666 0.346182528131889 0.388359262802467 0.400886908748055 0.4300020196818 0.470441412822118 0.517873735529974 0.544689953619752 0.545544093122709 0.54547868082577 0.568468349438527 0.586971881315302 0.628693547085052 0.66103660284113 0.677380208762437 -9999 -9999 -9999
