layers50/veg_krg_50/veg_4000.asc
NCOLS 128 
NROWS 165 
XLLCORNER -2985163.8955 
YLLCORNER -3022031.214 
CELLSIZE 50000 
NODATA_value -9999 
[rows 26 to 51 of 165, columns 0 to 58 of 128]
-9999 -9999 -9999 -9999 -9999 -9999 -9999 -9999 -9999 -9999 -9999 -9999 -9999 -9999 -9999 -9999 -9999 -9999 -9999 0.624901186486978 0.553693736581606 0.495722213425374 0.294116143902793 0.408855469043173 0.453965688865866 0.353045521379463 0.32739093629699 0.442200610564346 0.431525489813245 0.416068996544708 0.407125280878249 0.42206158541527 0.436524672725307 0.516552551453288 0.551144243211771 0.593044320317088 0.636821247012367 0.669368551105901 0.692219126818895 0.712853915457882 0.71524148219888 0.711421572495326 0.715192096914879 0.727621531462138 0.711668720142478 0.681637428439438 0.660060399899338 0.64231095373992 0.631964714031563 0.615596857209396 0.582840552548604 0.431650807540273 0.355096980579131 0.351303099384411 0.339753230537508 0.343329461290655 0.34992568973465 0.350161467249205 0.345011797354471
-9999 -9999 -9999 -9999 -9999 -9999 -9999 -9999 -9999 -9999 -9999 -9999 -9999 -9999 -9999 -9999 -9999 0.653423438968394 0.624850867309636 0.605675868514166 0.504456302249261 0.400634296370126 0.312982260641024 0.391235239562012 0.357380498881789 0.364285462670114 0.405078903039574 0.428630979469615 0.41869340245709 0.413567852122546 0.404937738426175 0.492775574512992 0.548052901474471 0.590621191387669 0.616729695077755 0.646083210580292 0.679404546275469 0.70043758751711 0.721692158356857 0.745463075009748 0.750903688532715 0.748007488882056 0.749334699808402 0.757497514738016 0.747268258459868 0.724832006856935 0.702342893049597 0.684242548322468 0.673800801871904 0.654608189262665 0.628492625914605 0.574464638773438 0.406843888291916 0.346752816748345 0.33170258625094 0.354098330836932 0.339353632753258 0.343725903997714 0.341037539984529
-9999 -9999 -9999 -9999 -9999 -9999 -9999 -9999 -9999 -9999 -9999 -9999 -9999 -9999 -9999 -9999 -9999 0.652589976294037 0.620197285490196 0.486686687830125 0.395018687816743 0.25486104467636 0.309417087190301 0.416432516084234 0.380877208555543 0.499452192252757 0.446185769903774 0.422172997974147 0.414824232896341 0.467176975557661 0.561140618136977 0.588258970044971 0.615690131603135 0.637629239176933 0.669269973518911 0.702999087919156 0.719459492496955 0.734355309361339 0.756703329099653 0.778667776388553 0.785086654291629 0.783863013176888 0.779911418944004 0.793422471799125 0.786426093922547 0.771843722147042 0.751814908392034 0.735535109624821 0.727783396251272 0.69573002157555 0.651322995689901 0.612045032287624 0.588363252292971 0.570424302660677 0.323786022491133 0.328572033040342 0.326260174338473 0.326086430394166 0.341554932784125
-9999 -9999 -9999 -9999 -9999 -9999 -9999 -9999 -9999 -9999 -9999 -9999 -9999 -9999 -9999 -9999 0.689433805308217 0.687334757468701 0.595705647787269 0.401265225738954 0.348338232970098 0.303506422018383 0.371347110098513 0.401853413860551 0.447277298540943 0.457132974072499 0.479785730776237 0.457109839696174 0.489323347766737 0.61150200972208 0.623226635856346 0.646662136736071 0.672854886222985 0.685500425151434 0.711097307660447 0.748900359578951 0.761930998970531 0.781047652672457 0.796218266705263 0.811827725622824 0.817344232777912 0.818583232483305 0.821421681764545 0.827063914608313 0.828510639350713 0.812158712359892 0.791166929109298 0.774706443037917 0.757606366542421 0.721086467518945 0.692605595995739 0.664337861301649 0.631626420599877 0.627627453090722 0.666299530771241 0.603558925028932 0.618981875222484 0.629033122299624 0.63800959264756
-9999 -9999 -9999 -9999 -9999 -9999 -9999 -9999 -9999 -9999 -9999 -9999 -9999 -9999 -9999 -9999 -9999 0.669297398314794 0.545690712370118 0.380725344659723 0.296723451217306 0.389137628949519 0.433071164288252 0.513764198599535 0.539453364176925 0.506505949142511 0.510658381350042 0.631640061034884 0.656130289054466 0.662904831068584 0.679639961919843 0.712582977471422 0.733067612094151 0.746145802400121 0.763385261892062 0.788376082205769 0.801302436916092 0.816346241928652 0.831405166228061 0.840445955569902 0.846730252292828 0.851352204872396 0.857481181338483 0.867544517679842 0.862908220864753 0.845563423377516 0.821636531486142 0.80365187932853 0.781779286387059 0.755636514540789 0.727412016089731 0.714016247290171 0.714041708261122 0.716123082056294 0.70174193618268 0.655423113119542 0.648173487182686 0.656507422561201 0.663475720415045
-9999 -9999 -9999 -9999 -9999 -9999 -9999 -9999 -9999 -9999 -9999 -9999 -9999 -9999 -9999 0.666416270049322 0.656178648442299 0.60948082724569 0.441513006711793 0.303137970291726 0.345775682670086 0.51658240045091 0.549330047481981 0.564520514972503 0.567706411693079 0.60362024036935 0.669917580551899 0.693469402615837 0.725709994597361 0.703709430718789 0.739383915654561 0.777140376126559 0.79497577437765 0.804202680272978 0.819674825863008 0.829738907828113 0.837103349562278 0.84845744947468 0.862203225796808 0.868928199542319 0.872432849501807 0.876522178949652 0.887087266880425 0.895360866085016 0.887645757076384 0.866943512872634 0.838175626556949 0.815211251346605 0.793469553397349 0.765204949850697 0.749714457447992 0.740703181203373 0.737060246777028 0.73093919657499 0.726176031104338 0.710793895703413 0.679905270032529 0.677343424946649 0.686690973607777
-9999 -9999 -9999 -9999 -9999 -9999 -9999 -9999 -9999 -9999 -9999 -9999 -9999 -9999 0.642770843905716 0.648537328446879 0.62107202694658 0.509406432285203 0.36278313220952 0.372296525873683 0.492575017947119 0.585787479445155 0.605278662425085 0.618953038194495 0.669513906963967 0.699415691726011 0.725563107651377 0.741468638683573 0.780064926953986 0.803543499563126 0.817489200427436 0.840166679003828 0.852185170497118 0.864540277229897 0.87397087917645 0.876580896143657 0.874669690362632 0.872173760242081 0.885724833777685 0.888182118924657 0.893956767829268 0.89800562094679 0.900197310411946 0.907973608706456 0.896332144931848 0.877989854146258 0.854619157033282 0.830009657105653 0.797194930881082 0.778231445241853 0.771524317704148 0.766832570791695 0.761142893659483 0.757156206118739 0.754306379892051 0.753694970937565 0.746010895721523 0.724362176749747 0.735750732130908
-9999 -9999 -9999 -9999 -9999 -9999 -9999 -9999 -9999 -9999 -9999 -9999 -9999 0.628577312847293 0.626321006669326 0.629398650818455 0.522840548171539 0.383110293533837 0.312866576536815 0.47012131270932 0.588149015184472 0.646691026989614 0.697197957842915 0.711954843081662 0.730739415151967 0.748141756655532 0.759582614786549 0.783758153169113 0.813527788475022 0.851885341570986 0.891255423117305 0.913480298967756 0.9152978419159 0.916602955999056 0.915074103318281 0.909750247451329 0.9088087536745 0.906333844368268 0.897430160519038 0.897903768903765 0.904337875324134 0.903328948770175 0.892324715039562 0.910357939792866 0.894594570650184 0.878943263928677 0.860703922148601 0.838250690713506 0.80186629424518 0.798248995103807 0.7831201621617 0.784549401137323 0.778224049476933 0.777337867592378 0.778933048943199 0.781790126691948 0.785634563665874 0.788150495241543 0.774957165026807
-9999 -9999 -9999 -9999 -9999 -9999 -9999 -9999 -9999 -9999 -9999 -9999 -9999 0.624745848953385 0.628344321771129 0.626927478140119 0.48069602128426 0.34059024220375 0.293882552973457 0.451119749866741 0.623071555053547 0.724253479503973 0.740632692854189 0.746507268498602 0.754114037176 0.769057993792849 0.787198427216271 0.814562952470212 0.840573672247816 0.867802650216822 0.903030341165895 0.943745797294713 0.953380634338082 0.949338883765227 0.939871445478226 0.932681741592006 0.928091182714559 0.924162462511458 0.915018533448598 0.909413799729268 0.909361874751731 0.903310003126422 0.900035138914856 0.897870752900826 0.88817072543877 0.873355621804695 0.857847910747931 0.821157603674893 0.802950716861563 0.80299760210634 0.795222503132896 0.791220818378145 0.78993075075278 0.794278231465315 0.799814671643171 0.807071440157962 0.813227561280145 0.818667772216279 0.822756619861837
-9999 -9999 -9999 -9999 -9999 -9999 -9999 -9999 -9999 -9999 -9999 -9999 -9999 0.617204790977852 0.630400488804038 0.612951683770944 0.402487408279159 0.319260654659277 0.356788216352041 0.556145571323476 0.668452891442525 0.741755063755941 0.764585660903716 0.771644841498759 0.774448642629304 0.787419240295921 0.805996198903636 0.824685854783731 0.852935738492175 0.883543782990526 0.911775732507669 0.940642871752039 0.961098643663307 0.961400142705276 0.95357262803935 0.945023149485294 0.93905157631104 0.930821052024839 0.923514859665685 0.917067982536723 0.911752855443774 0.906468272542428 0.896076194610348 0.888497804246751 0.876985235071146 0.858302524450985 0.834731132581468 0.812540258982772 0.803933797016187 0.797091404218642 0.792608930807598 0.792783927118304 0.795980599325352 0.805584422199985 0.817371348174569 0.82700888196968 0.834639460208263 0.842354908553449 0.848081332422031
-9999 -9999 -9999 -9999 -9999 -9999 -9999 -9999 -9999 -9999 -9999 -9999 -9999 0.618084019385062 0.626414285295599 0.621248469029243 0.36460727399752 0.324161008421059 0.446746971056853 0.660414541713654 0.705038178429905 0.748801524809242 0.763698902172885 0.778169236609586 0.788523202929536 0.801281754282523 0.814958894976875 0.840687325233892 0.858895566674254 0.884771245208546 0.906454789652074 0.925712225745144 0.944244402283686 0.956978977484263 0.959408088338658 0.950335836504786 0.939367563684851 0.928694540363103 0.922538966046097 0.918020628013426 0.911261699264121 0.898904968591872 0.888367293658489 0.868274005207436 0.844161729512336 0.819393961971935 0.810013126979832 0.802885976306741 0.791922850006567 0.785625310904418 0.784920471442133 0.788783007751833 0.798370569929455 0.810892391554808 0.828092866401181 0.843771923125357 0.856715192320865 0.865069594042688 0.870559717113458
-9999 -9999 -9999 -9999 -9999 -9999 -9999 -9999 -9999 -9999 -9999 -9999 -9999 0.617657139518371 0.624657213382442 0.62626913103868 0.358406509349814 0.336762150130985 0.436409703865266 0.647678919784871 0.710448566602926 0.738052544959208 0.757738142852481 0.772915916054816 0.790363386685351 0.803755960750156 0.819698779054561 0.847005685337162 0.863650739930116 0.885581888216057 0.900289407729629 0.918457924329181 0.931454646138894 0.939163131376009 0.942068329336162 0.938864875842436 0.925951122081871 0.917481661599261 0.912370309634285 0.903949266017405 0.897158077642108 0.887315544216127 0.860098669134754 0.842293539436148 0.818026896100297 0.783395157763184 0.777138654064897 0.779142915711167 0.772006475302613 0.768793808922629 0.768705958662913 0.7753135399083 0.788709472508111 0.809574158976527 0.836121334393348 0.863350471929143 0.880962037005871 0.890776934819718 0.894147875744961
-9999 -9999 -9999 -9999 -9999 -9999 -9999 -9999 -9999 -9999 -9999 -9999 -9999 0.616532639781461 0.633975434559155 0.639051524508037 0.529707912093841 0.374791017791888 0.433016614834829 0.647846741834501 0.706358653166726 0.735693584592795 0.751545930124185 0.764314888582303 0.782666361103629 0.794461985599811 0.812623080855753 0.843948277942907 0.859420517639385 0.876725052779667 0.892101754881061 0.906031260410388 0.922054081939988 0.926927038388802 0.924882635557289 0.921153531971086 0.910258759381097 0.903917449064859 0.900732813869953 0.892188714141333 0.879681823173334 0.85598334140474 0.844507521864266 0.813330058614094 0.770160135449774 0.753628010650568 0.74583540794745 0.741088797305343 0.736026727799768 0.733742538729436 0.7366906520198 0.746056684846106 0.769213227539163 0.801329760492186 0.843382599664406 0.882231734144035 0.904837660485514 0.915386264084262 0.915385644916684
-9999 -9999 -9999 -9999 -9999 -9999 -9999 -9999 -9999 -9999 -9999 -9999 -9999 0.648180171409961 0.64219657752851 0.63897101464157 0.50592209108585 0.364753133793069 0.457341459830632 0.669263471028138 0.713122951327833 0.733405080123367 0.747368113371658 0.759939505155607 0.772490248766537 0.78293148155056 0.798268981179085 0.829022249196453 0.842717377107821 0.85666560597686 0.868968591130884 0.885222389174568 0.900526239337259 0.914898780868937 0.913802833782998 0.903243190724618 0.896985641217455 0.892263457304699 0.8809019967843 0.875754458154233 0.852416467118154 0.822105759305126 0.807103188851714 0.764898780536644 0.740032544848663 0.727229895961306 0.72262449804315 0.716268071530198 0.70925305371965 0.705376774631264 0.703063315903252 0.707097720905747 0.731941446132735 0.781705730915551 0.845152622341246 0.900722754319908 0.928357214130612 0.932766876533643 0.926778504245298
-9999 -9999 -9999 -9999 -9999 -9999 -9999 -9999 -9999 -9999 -9999 -9999 -9999 -9999 -9999 0.559953674708361 0.335964571822367 0.391400676542275 0.536808670138835 0.645184202837194 0.698948663303672 0.722151480968815 0.735740587414444 0.751712880527701 0.765751465662941 0.776419496822109 0.7885859470832 0.813634662851926 0.826648876149511 0.840770379869716 0.852513916707527 0.871359574942881 0.883649327081567 0.890273784501299 0.888813409586312 0.880100584158653 0.876531108906973 0.868011949976349 0.865589687134451 0.852405998428054 0.828527328327019 0.798880532716131 0.763060885740929 0.731882080659851 0.719235068447875 0.707091634205216 0.701619731850144 0.691731278296439 0.68713903104737 0.687361017889089 0.684525468290638 0.689061927386476 0.705580008034 0.76645051867534 0.840950808559183 0.909583500205517 0.941016790678286 0.938770640719775 0.929977771642587
-9999 -9999 -9999 -9999 -9999 -9999 -9999 -9999 -9999 -9999 -9999 -9999 -9999 -9999 -9999 0.546485904204496 0.394879818093795 0.382187775570129 0.529710224908852 0.617712249086074 0.678575847570416 0.71007890698893 0.72377317791748 0.742177897095737 0.757545197503031 0.771984996177654 0.783996167858862 0.802616887323511 0.817104420838427 0.829028861591046 0.835523175707868 0.849389426520018 0.863293496449019 0.870571081261082 0.868866588021855 0.864246355838878 0.863040494713162 0.856743411309807 0.831856831441435 0.814209231536348 0.791281754338939 0.76827944514915 0.725542325201876 0.712674092784243 0.698010157994816 0.685682135445768 0.681605832205075 0.677914635444473 0.677558430387638 0.673858148781241 0.680202907825906 0.692523756442782 0.71599425323602 0.767336547405577 0.828873450278149 0.887693455286678 0.918802261077205 0.924587054502683 0.916192663483931
-9999 -9999 -9999 -9999 -9999 -9999 -9999 -9999 -9999 -9999 -9999 -9999 -9999 -9999 0.673674467178473 0.584725469263636 0.41952504705922 0.425275633824781 0.550756256045427 0.633902430678094 0.663532286501639 0.708563501509688 0.726942340965941 0.73773439069224 0.749398671896449 0.763343012000162 0.77596975623088 0.794372844848661 0.802993758144557 0.811761924629394 0.816313865250102 0.829858479488497 0.848256307571348 0.849231501825066 0.849312721257552 0.841128491356617 0.838800699445598 0.812559739363109 0.797465100268361 0.775756768295027 0.768310676638322 0.740068588483562 0.704194265380248 0.683038857964235 0.673553069160169 0.659529090012215 0.657191850311392 0.657651785944894 0.657414886367808 0.663412736795281 0.679247253980012 0.69887467115633 0.725218692457914 0.767272482362368 0.814861737473213 0.856467428096179 0.883135107711985 0.896082761790896 0.896217107285772
-9999 -9999 -9999 -9999 -9999 -9999 -9999 -9999 -9999 -9999 -9999 -9999 -9999 0.653408806126021 0.646356305103176 0.561737376100187 0.444658348296235 0.393846310425106 0.539833635674956 0.64593610934978 0.664312821842385 0.708261568994786 0.720102373055273 0.72932362486227 0.73831820733961 0.74871124314168 0.761074190174596 0.773550193535937 0.782673544161667 0.793578606107984 0.798418401804917 0.807702177579579 0.820433133778174 0.821195106540135 0.818263063180286 0.809099872959505 0.796756675361287 0.768115964123662 0.759672358637088 0.756781185630532 0.747384691427568 0.719645546114034 0.685958204014854 0.656365312931653 0.645080565512658 0.643811872359232 0.639785626061817 0.638605865249694 0.644008847879577 0.66027199327601 0.678515021304561 0.698913075158835 0.72383021193941 0.762350199565176 0.797460347976389 0.829628666988818 0.85498887334014 0.867499556125333 0.877937402793297
-9999 -9999 -9999 -9999 -9999 -9999 -9999 -9999 -9999 -9999 -9999 -9999 -9999 0.661965520221535 0.678885437609623 0.570610482635912 0.466099679550229 0.472894185084898 0.545072004614241 0.66149124724474 0.679918582699062 0.708437815422306 0.719006895718048 0.72264797074408 0.729486849312395 0.736798191675553 0.744854195503004 0.752653877060442 0.758244543853921 0.766086053273625 0.768489230119466 0.778976037826934 0.788953633529081 0.781701137046001 0.778836668813087 0.768432989697353 0.758945116106681 0.757216243250806 0.737044942930954 0.73829043478418 0.72049635099552 0.68590107319778 0.661794716051804 0.641709166083048 0.627203952343072 0.628359181188639 0.634192782348133 0.633092502665331 0.638145461376849 0.65232785934572 0.670052537742524 0.69034845208005 0.721545043919058 0.752120687806243 0.779818224261944 0.80563255558052 0.828981870732657 0.834442267996587 0.847759636389585
-9999 -9999 -9999 -9999 -9999 -9999 -9999 -9999 -9999 -9999 -9999 -9999 -9999 0.705891587549503 0.701724805748354 0.612316194563421 0.396824799332113 0.44599423904675 0.581050516855827 0.617083427473588 0.620859984107081 0.670302348826048 0.667471515877757 0.696003909512602 0.706032257054535 0.711669961231803 0.72093625743915 0.729643710253023 0.733577699694226 0.74600068668886 0.74903376937431 0.749505349476065 0.747452206422883 0.761935453360157 0.763058588518821 0.748654922903017 0.735582089777509 0.736073390095846 0.736761668889358 0.710159660909636 0.689289633372644 0.657037791511257 0.640187367274331 0.630527476838202 0.615820438243715 0.614672052964413 0.615790607747619 0.620945426187011 0.624834260808921 0.641644446379333 0.658081605579482 0.679387646421861 0.703410524769874 0.736704022719509 0.762083459906894 0.788225020203617 0.808953002997002 0.815369545759597 0.82215693186784
-9999 -9999 -9999 -9999 -9999 -9999 -9999 -9999 -9999 -9999 -9999 -9999 -9999 0.721833585847035 0.724463883779344 0.701719900970618 0.536063957322519 0.469911880774686 0.601589951421802 0.535344671225934 0.550642117875765 0.622378170481884 0.626664815961044 0.665102949227621 0.671209263956767 0.681410418777928 0.697644351988759 0.7063527107718 0.715240897364042 0.71926550120607 0.723999102232264 0.72846517014323 0.730532628317386 0.729843900037471 0.725313232574573 0.719857474011121 0.71768408344475 0.718137605379986 0.723302999875309 0.700184120301394 0.676722268211221 0.651028660550836 0.634471834720872 0.622665121222351 0.609718733347523 0.596489992970923 0.596437717276837 0.597466400050366 0.607437189230185 0.625340828637279 0.645209052975514 0.66655351005951 0.691321101845289 0.718623886592498 0.749821501606882 0.771746392613655 0.790187754517254 0.79244597775962 0.797975056830775
-9999 -9999 -9999 -9999 -9999 -9999 -9999 -9999 -9999 -9999 -9999 -9999 -9999 0.725338122735051 0.730791628964146 0.72591753314368 0.644597241395275 0.506535730862735 0.57514051852855 0.539032786711071 0.52498955518323 0.605742113277972 0.618065215039365 0.641195467445228 0.646832231236012 0.64874152608033 0.655949846389763 0.675205315687764 0.68295599073799 0.691069123438274 0.699669155607728 0.699527167100482 0.701444252589841 0.699993231080654 0.697297016792948 0.697124954443859 0.694427710868298 0.686624492932327 0.704473649320631 0.713502141275139 0.693492118299632 0.66105803247415 0.639744635309698 0.619743375612838 0.606032707194463 0.591764891816803 0.584723988289373 0.576274307973877 0.589124184301753 0.599678541777864 0.61918395993531 0.647960641633114 0.674181894543297 0.700711702775927 0.730818828078499 0.754074752062959 0.764740804311702 0.766108859505246 0.773661140150371
-9999 -9999 -9999 -9999 -9999 -9999 -9999 -9999 -9999 -9999 -9999 -9999 -9999 -9999 0.733917084570875 0.750056595846939 0.669510235657945 0.575202240483869 0.485077942532212 0.467671748336931 0.490062032728127 0.61691968678216 0.641095802193784 0.651188338663959 0.630832852517361 0.620931372902886 0.624379248802286 0.622386557920814 0.608515387721434 0.625636326731182 0.664831235149415 0.667863941351155 0.672098074634329 0.668756159608504 0.672721995527325 0.677734129780231 0.675520467241054 0.673276596098277 0.692024532311993 0.693632762053915 0.687735584564164 0.670882831122208 0.648265968085403 0.626697120881601 0.632950206352254 0.604829308272709 0.586195529404435 0.587774813829398 0.588932757444249 0.599265345389252 0.599966448870144 0.610983873722129 0.63009403301296 0.676824405586159 0.704694778716099 0.724981013719061 0.743857800762511 0.745748213551728 0.752354384745538
-9999 -9999 -9999 -9999 -9999 -9999 -9999 -9999 -9999 -9999 -9999 -9999 -9999 -9999 -9999 0.754334020905752 0.65700627632572 0.634016539175392 0.560165142237022 0.478080811906094 0.51755445661116 0.572491252465867 0.643857663984836 0.642299875662487 0.602725778728571 0.597431717163788 0.60836064278402 0.601925679925328 0.580661303884458 0.577804836864821 0.595199333466506 0.624112932912497 0.638746458912814 0.643590561629766 0.638279033454551 0.640069199243039 0.599468391688334 0.579744501361041 0.615255679175589 0.635024607784774 0.624112954961136 0.61337325784047 0.631114586318304 0.624073932782985 0.612059042818958 0.584667759461455 0.5795202692415 0.560235376521732 0.557770554466616 0.56797269195208 0.584580621758825 0.598473103661901 0.594437800935192 0.624560750933193 0.674374135646864 0.700652446458266 0.718317728907745 0.716740316824644 0.723975334895437
-9999 -9999 -9999 -9999 -9999 -9999 -9999 -9999 -9999 -9999 -9999 -9999 -9999 -9999 -9999 -9999 -9999 0.681019036415111 0.598157557138166 0.488002289657552 0.516952347673768 0.513408370701435 0.590847387588798 0.631714126585962 0.609197502496306 0.5949476652375 0.602228252534788 0.572047427793722 0.556470028885085 0.555096672146761 0.577681888285303 0.573090128171564 0.560905930727121 0.569776372792044 0.576287646188898 0.588070516861211 0.595700693606843 0.58808079291636 0.633319421941858 0.631484922313609 0.613680118085699 0.605770579925028 0.589053031412282 0.584256700841354 0.571213198854344 0.549372367948538 0.544429030017744 0.543503225708128 0.545383969271361 0.556371758215519 0.56543990947793 0.575304291518612 0.58828894715467 0.604776978915843 0.609505592426223 0.661498094322582 0.683458654085063 0.696515008581899 0.701114384875823
-9999 -9999 -9999 -9999 -9999 -9999 -9999 -9999 -9999 -9999 -9999 -9999 -9999 -9999 -9999 -9999 -9999 -9999 0.629543165465823 0.48977020856792 0.476387332639253 0.508032821795456 0.468920441599819 0.559068248512861 0.582792917784673 0.568600192585171 0.558273961579612 0.537713957065507 0.54995306162625 0.569434017684 0.568983216246272 0.577083730042854 0.569276033529217 0.572581488391175 0.578860834660086 0.597160514355809 0.624375117712291 0.634621485633345 0.642751722385267 0.627580554895306 0.609208464879913 0.597208111333207 0.592347888910512 0.582110645684026 0.551073996710477 0.549581092809015 0.544349190312187 0.538809733046285 0.525332373718836 0.530560698775911 0.542951089950218 0.551446757807572 0.565167757503764 0.580834892453577 0.592878588219257 0.607222604535246 0.638900216440749 0.661846130099437 0.671553572429171
