layers50/veg_krg_50/veg_900.asc
NCOLS 128 
NROWS 165 
XLLCORNER -2985163.8955 
YLLCORNER -3022031.214 
CELLSIZE 50000 
NODATA_value -9999 
[rows 26 to 51 of 165, columns 0 to 58 of 128]
-9999 -9999 -9999 -9999 -9999 -9999 -9999 -9999 -9999 -9999 -9999 -9999 -9999 -9999 -9999 -9999 -9999 -9999 -9999 0.413651698635132 0.225050101472558 0.131076596775896 0.0463161138416598 0.141792991198202 0.216435305872783 0.243263337833398 0.285744283818058 0.397949267343421 0.431129146409609 0.44880689947119 0.444486557538154 0.46924443595071 0.501173143386322 0.54656671979326 0.613176133446796 0.681167852225611 0.740165894913778 0.775927844975056 0.806393119957363 0.814384446135549 0.806192288408754 0.810053694943164 0.80841913091938 0.796964355824938 0.777365868418727 0.75934935174278 0.744875186697981 0.712882683283553 0.676502628512877 0.645052558901414 0.614222139869096 0.59340114114184 0.579019716164553 0.566469646933823 0.556168956268379 0.540141196044307 0.510861105227309 0.507332623190972 0.510457464617723
-9999 -9999 -9999 -9999 -9999 -9999 -9999 -9999 -9999 -9999 -9999 -9999 -9999 -9999 -9999 -9999 -9999 0.686889878876184 0.515958603929819 0.443418802192018 0.195811424856126 0.0598106712837371 0.0175020313095993 0.121311291346124 0.149477270319361 0.249955212728609 0.340566665516616 0.401156042680011 0.424694743241808 0.518825573038373 0.535941458020776 0.562385162304093 0.584175954187848 0.618879851233082 0.668320438278328 0.725055126962069 0.76994837511888 0.799138569668839 0.825375428171091 0.838063469193919 0.832787863805121 0.833648548971725 0.83694672843355 0.824643736637553 0.81162071044642 0.794521616126785 0.770175334315397 0.74393778860675 0.703816378533288 0.682151031862707 0.658863066554916 0.642540492662112 0.627921624398706 0.615882192008721 0.605528652643155 0.575966197135289 0.542883832052494 0.546804110518887 0.55028918647652
-9999 -9999 -9999 -9999 -9999 -9999 -9999 -9999 -9999 -9999 -9999 -9999 -9999 -9999 -9999 -9999 -9999 0.685202599684027 0.631546618074816 0.384646376375658 0.141961265671464 0.0201453573176348 0.0492081254124667 0.118873670786794 0.202615288852062 0.298462281654837 0.346636749397115 0.393844743083755 0.526746168893735 0.567893003442732 0.591598083289308 0.623268520440589 0.650015208356898 0.677232459748239 0.71836443531658 0.766065036283265 0.798967773784934 0.822784672361419 0.849150946424975 0.866423162893146 0.869018730818978 0.864249137494457 0.868080893540795 0.863996358490832 0.847335082786339 0.821577418638427 0.798784821599436 0.764740644588711 0.732815835762556 0.714204046369435 0.699050301924188 0.682463031477132 0.674576279904898 0.663179646506195 0.645980959452879 0.579413252540116 0.584777079586551 0.586675183841994 0.589358505006555
-9999 -9999 -9999 -9999 -9999 -9999 -9999 -9999 -9999 -9999 -9999 -9999 -9999 -9999 -9999 -9999 0.720622540687043 0.704460981968806 0.564639275178068 0.265030651148976 0.150905915525851 0.0885276181340589 0.0976424225920094 0.101887185974323 0.160512135844491 0.296478561314046 0.350530919055197 0.495505916373542 0.564336261492399 0.592412830378716 0.62805108773111 0.66926212554531 0.71253883296972 0.740602186138768 0.769276471241486 0.803262456289093 0.830533789525388 0.855832401008542 0.873859017316823 0.885663350361058 0.893116120756987 0.895938281981768 0.893935034990562 0.890458768383939 0.87631033886014 0.846863060832907 0.810272017687772 0.787569838963193 0.763096825781395 0.750108550349316 0.729536686880063 0.710848260243038 0.707756107545216 0.699172056869833 0.682571806750102 0.622846987285499 0.619167017455741 0.622181225974536 0.627516665815438
-9999 -9999 -9999 -9999 -9999 -9999 -9999 -9999 -9999 -9999 -9999 -9999 -9999 -9999 -9999 -9999 -9999 0.65831551882528 0.49307001167593 0.265717624190864 0.124841615203977 0.146634447645734 0.132894715318251 0.098757123099727 0.102287274637731 0.236156886366214 0.398770257425802 0.540716925100976 0.580184109152394 0.610527192178186 0.664069132849679 0.72491781268459 0.767502034533861 0.802591707019034 0.817100145393676 0.836931830650848 0.860750007146524 0.878998657314503 0.895976774082885 0.904960298194562 0.913726738560647 0.918411180571911 0.911990421242963 0.909477491157096 0.901062726885607 0.869944547257691 0.831856767983397 0.808646412566292 0.78448423855972 0.762742795749999 0.740240311607562 0.723253509667557 0.710572468177684 0.698081138737648 0.707810021161677 0.68138793433689 0.646159277862613 0.651597959941991 0.65688192175061
-9999 -9999 -9999 -9999 -9999 -9999 -9999 -9999 -9999 -9999 -9999 -9999 -9999 -9999 -9999 0.641909285303515 0.627952641083358 0.556563085492593 0.362182247960474 0.183115542873849 0.162397226762442 0.249720467841565 0.236448072681644 0.148858210383194 0.108436851575023 0.272108312568135 0.50427475378387 0.575604046057198 0.621081434147676 0.643761804954902 0.709353502327657 0.777223940753996 0.819241197740787 0.850897732930309 0.859117616566213 0.869732621762551 0.885885023850147 0.902505949732579 0.914767981121014 0.922546881871963 0.928911886042498 0.931673987191935 0.925999551525992 0.921694934410141 0.911238120591074 0.883670704724377 0.849812111504869 0.823712143239626 0.795249348065318 0.773308830004697 0.755849048573181 0.741596808727104 0.730936502497117 0.723074009238764 0.72012818865508 0.712214136059556 0.680564678889521 0.672150565526436 0.680835307218535
-9999 -9999 -9999 -9999 -9999 -9999 -9999 -9999 -9999 -9999 -9999 -9999 -9999 -9999 0.631484287065302 0.626286390548354 0.57293275758708 0.428727556978357 0.250561181204586 0.222518079360772 0.276175347914846 0.298042808053329 0.286475371423915 0.240085052300375 0.140582748738247 0.328596300116157 0.53507451325114 0.601526099423568 0.654002735866211 0.70310030685173 0.772415221027913 0.827962417285675 0.86816039040355 0.890018576355337 0.902402259866998 0.904560756595038 0.909569550490046 0.91760787035702 0.932030917464305 0.93352367373988 0.936083889161448 0.934316861468989 0.930133321406746 0.921051930722068 0.907129165555399 0.885084581892017 0.858208806555764 0.832128503038126 0.807304363859053 0.789893843325525 0.7762051841327 0.7664187311958 0.756814745750813 0.750919070873437 0.752122854618285 0.752563052280899 0.746930485940219 0.738933968434406 0.734545298805285
-9999 -9999 -9999 -9999 -9999 -9999 -9999 -9999 -9999 -9999 -9999 -9999 -9999 0.675136299830579 0.680496119378406 0.643279342748131 0.450515503617269 0.271089018092757 0.183869263644531 0.312489803817989 0.35190151650629 0.330143536711419 0.300910701161038 0.292086434253837 0.359959648150879 0.48409309400314 0.54855571301846 0.622584192640311 0.679586014385357 0.745588684488637 0.826488148095604 0.877316645824756 0.914843440931373 0.924002259365029 0.933631826401478 0.932597663169858 0.932734265325085 0.941086905445877 0.937430811425471 0.936330185638966 0.935560074155356 0.925860116976667 0.913296009597714 0.902998800511169 0.894460261957249 0.878359756151536 0.858183138215968 0.83491187550492 0.813049190192114 0.799812352876324 0.789465602729828 0.780599540449815 0.778432744060696 0.77867658812835 0.780162963175384 0.782471368304177 0.784613384667111 0.792365805786716 0.798234731858537
-9999 -9999 -9999 -9999 -9999 -9999 -9999 -9999 -9999 -9999 -9999 -9999 -9999 0.683024333284256 0.681463123261447 0.66604777649191 0.460151725656665 0.249312451932199 0.167523146421617 0.330520427365759 0.467314766032084 0.484662334567427 0.463749104854233 0.458544845779341 0.519284198873153 0.601089473062832 0.582353372245991 0.635593966108194 0.705978979251215 0.779891942205638 0.838582435077753 0.896038568350165 0.936603301125783 0.941711346758568 0.945123205018851 0.945731508177488 0.949781946685853 0.948415192763782 0.943470521624631 0.934734903677589 0.92756534580008 0.911802766468639 0.902367552392917 0.895103515307982 0.877539776546631 0.864290269178829 0.851750430365734 0.835288015345589 0.81226833530028 0.803520745964846 0.795935898401237 0.79254592200855 0.793087878676665 0.797662375386927 0.803600361939183 0.809153387771475 0.813887943047 0.836379802382662 0.843524885061595
-9999 -9999 -9999 -9999 -9999 -9999 -9999 -9999 -9999 -9999 -9999 -9999 -9999 0.709717502097297 0.686927697671902 0.631618948548663 0.353946615591381 0.22918561954252 0.234362179029028 0.426337607316514 0.497826491951913 0.512897629811935 0.501483407815344 0.525782349450309 0.631668945108956 0.656218738360816 0.672215005353113 0.699361944057155 0.770871428616979 0.819027645249587 0.852154168547807 0.888306793410501 0.923880762883972 0.936917250995688 0.94284061588739 0.944573232474449 0.949018679006161 0.947524466071724 0.941354882644475 0.933702302092663 0.919082932383717 0.901821454640409 0.889858392865713 0.877472610985812 0.862560714062945 0.844680213441301 0.835475799699365 0.826381568252231 0.808595618013754 0.800291777530223 0.795342012254048 0.797077898830275 0.802791071708745 0.814309160428985 0.824443709986569 0.832354527140553 0.85497351007166 0.868938121934967 0.862548514448111
-9999 -9999 -9999 -9999 -9999 -9999 -9999 -9999 -9999 -9999 -9999 -9999 -9999 0.72573606821186 0.706299260905593 0.655866288317677 0.322840652301342 0.251350729298121 0.343154639250158 0.5240222294159 0.532869843527989 0.531284040001435 0.529393576685248 0.545325754978388 0.64802933065112 0.674242804683924 0.702455306515497 0.715458045839875 0.775239856347192 0.82741083257414 0.861006459156586 0.888847842646916 0.91222454695247 0.926263472076084 0.932967691766893 0.938092637335581 0.938409061587165 0.935650309750576 0.926419848070821 0.917744262341756 0.902382396353947 0.884082851516354 0.872594488895499 0.856877071918406 0.843896546747489 0.827290424017243 0.814674974114842 0.810370052556465 0.798768943706335 0.789827281130566 0.787841729366774 0.793373583869217 0.804578164249199 0.820640779292409 0.837670590095288 0.861901543181653 0.884981608985941 0.890209871682005 0.877687022903125
-9999 -9999 -9999 -9999 -9999 -9999 -9999 -9999 -9999 -9999 -9999 -9999 -9999 0.745357678908346 0.739557627839325 0.69487570037256 0.351240277947183 0.319952895891504 0.37941597394265 0.510126770292121 0.524989529039786 0.514989054019891 0.501515563431775 0.529803669150584 0.642153094665895 0.657135728976988 0.693837038876382 0.714212034607224 0.773399782631425 0.819953365916446 0.848557068083292 0.872818371265243 0.901943623504603 0.913798708876341 0.922427417624814 0.928052065157345 0.921953140206819 0.911411831806397 0.903079185995001 0.895882124248444 0.880531109656327 0.866266954629024 0.852474854935665 0.828908699339808 0.816017840691955 0.798217029818638 0.783246224783813 0.775874943993575 0.773941495842422 0.772459829535605 0.771587236438613 0.783201488208049 0.797900471577005 0.820979274734638 0.851938542050265 0.882778502613278 0.90491774595514 0.915413701066444 0.913909553616096
-9999 -9999 -9999 -9999 -9999 -9999 -9999 -9999 -9999 -9999 -9999 -9999 -9999 0.761408225148283 0.764236406981661 0.730676791721528 0.524773818882838 0.408277814445798 0.444584967391286 0.56538863759504 0.577011764604082 0.570845579734362 0.546165316367459 0.531435011109012 0.629455917359537 0.669330924720797 0.701378062178666 0.7434307054913 0.777271615270064 0.802218835004795 0.825091081858259 0.860337788971596 0.885102481890884 0.897624726659222 0.906374635496212 0.906802756338566 0.900441416665653 0.892750015137065 0.885252586352937 0.876200336135536 0.858965971887522 0.838725029756059 0.82256871557174 0.786990706899211 0.774302370026005 0.761319183886448 0.757215190406767 0.757002937022183 0.747548136850849 0.744598964503095 0.746706584766295 0.760176233611084 0.784691797431776 0.819379967260444 0.860693570634791 0.896032657327994 0.921199373687417 0.93342902961882 0.935311323560083
-9999 -9999 -9999 -9999 -9999 -9999 -9999 -9999 -9999 -9999 -9999 -9999 -9999 0.7888768633771 0.766810083426756 0.699736837059022 0.560548628293137 0.45079231991594 0.517324540104933 0.645892550339419 0.640921472193758 0.622202996448958 0.584500257421697 0.587039875462611 0.630590562651175 0.700460182169012 0.716641848457489 0.748367457248593 0.775210128331771 0.797453844687884 0.820024617953738 0.830897791890968 0.857930020699099 0.87408537711556 0.884275403325866 0.88460632963035 0.877363384481827 0.873521495163909 0.852421513801134 0.844187375795771 0.826302617476763 0.808285966680987 0.78284922064981 0.761793878218153 0.748291767801413 0.74342632070322 0.745135091301028 0.740238315463144 0.734218190842221 0.726936467619203 0.725469458568248 0.735526133627247 0.763786648441146 0.811782772621208 0.866519168076915 0.911305349194827 0.93645537597813 0.942795465894648 0.943343281721334
-9999 -9999 -9999 -9999 -9999 -9999 -9999 -9999 -9999 -9999 -9999 -9999 -9999 -9999 -9999 0.656613463321907 0.459505700836676 0.515963076478254 0.622200332337713 0.67405728332358 0.676810771438789 0.67040996270914 0.645948038090867 0.630516851509072 0.649853615966737 0.715715700516403 0.741380059998361 0.760024678845409 0.77914650977573 0.786115803562904 0.798674658168835 0.811326369062959 0.838100058331517 0.851503862461811 0.863380786106919 0.857949184840078 0.852632149447538 0.847706071165884 0.84425567922641 0.83209027524904 0.810669045494656 0.777699600928064 0.761520863182833 0.747695118739793 0.73340918714867 0.732871372857744 0.725330136466053 0.716984685057422 0.709348597198694 0.706415728020652 0.714878205856114 0.721890214272084 0.743398279114555 0.80088589642331 0.865522298390503 0.9204841049494 0.938572572597894 0.939895273126111 0.938359383032052
-9999 -9999 -9999 -9999 -9999 -9999 -9999 -9999 -9999 -9999 -9999 -9999 -9999 -9999 -9999 0.648109744717333 0.5541576190573 0.546771951443986 0.646973721025089 0.68554700325799 0.692389824540689 0.682602355398519 0.678439276785128 0.67205380216919 0.668502349575485 0.70296577018875 0.754779913305363 0.777460770107713 0.789585598311313 0.788888008050624 0.800035894400814 0.810233134823232 0.816819207174466 0.835096018300936 0.846106155607949 0.848709568374296 0.847339920380934 0.836162467805723 0.827016153674885 0.820337589147637 0.804466438437874 0.780912404188369 0.746885061539864 0.740057166318232 0.730823037495302 0.718661239974829 0.708403447189465 0.70276248220476 0.69200098133968 0.705206608656188 0.714304657382297 0.720888169015899 0.744779150407555 0.796069384150563 0.852948638233732 0.900141591240524 0.915038459223091 0.918610791526977 0.915488793726138
-9999 -9999 -9999 -9999 -9999 -9999 -9999 -9999 -9999 -9999 -9999 -9999 -9999 -9999 0.634369815025382 0.624552394553924 0.594730768555861 0.629491693046295 0.665888272743281 0.682687179005001 0.677886503458393 0.684128716338838 0.667749653952117 0.66752299012879 0.67044805521711 0.672320753486329 0.693217227980011 0.763065702887825 0.779368769751743 0.792499746100655 0.804465556308381 0.813558938360571 0.813830996572476 0.821139523076107 0.831721876413654 0.833371087377314 0.832559590546422 0.823255459085216 0.802557085612122 0.783188906308367 0.77710201002783 0.769682585825163 0.749636282614847 0.733498816553288 0.727911477605929 0.710456720398615 0.701628508295473 0.709826178851216 0.697856960160603 0.706688244067177 0.709200637420954 0.718513606822122 0.74283254601773 0.783980314488393 0.831049660723293 0.868748263913318 0.893435109200059 0.907474336486454 0.911302990601928
-9999 -9999 -9999 -9999 -9999 -9999 -9999 -9999 -9999 -9999 -9999 -9999 -9999 0.595029410109497 0.605064677692983 0.573485108104002 0.540243771173287 0.576449603688271 0.622137308078751 0.656657728152009 0.663253872065909 0.651457462346394 0.650372551922541 0.652545267802689 0.660008463775841 0.663595173038261 0.666352237957306 0.744765220291981 0.764141524657371 0.778556356255785 0.791796976660895 0.802517827751839 0.781885614869225 0.799052269010777 0.827215982031816 0.82141917150471 0.819339325666792 0.799693458808014 0.760952308420492 0.765289630417254 0.765282168246064 0.762196424156568 0.749056935056326 0.738580077136362 0.712399750225086 0.710138027011748 0.723531658277419 0.721175873227708 0.710610604371989 0.704805741989992 0.706173271775757 0.715258772310809 0.735008120901165 0.766754553928564 0.805420409546025 0.841130018724188 0.869802124766083 0.891196913665486 0.8933943540016
-9999 -9999 -9999 -9999 -9999 -9999 -9999 -9999 -9999 -9999 -9999 -9999 -9999 0.575404695315247 0.567789950701128 0.540499095606302 0.524028820669641 0.548565122140197 0.588634566553793 0.622199833049437 0.605330398255714 0.621647800593585 0.640843038684589 0.645526496606659 0.65297839028716 0.659510183604818 0.665335370345781 0.669745734290911 0.750409228605967 0.766726152306294 0.768495386430597 0.764300980049607 0.779021612057651 0.775177724273114 0.811124102175695 0.818920390522772 0.807085522969936 0.802537881975656 0.764848721275977 0.769763461471049 0.771881649075786 0.771366691122359 0.751518687885254 0.75484013365638 0.756930881490898 0.749007742389293 0.743467084241878 0.735257935414906 0.717145248925502 0.714689276127722 0.721404310242108 0.729055838783595 0.732301604085036 0.776289316346056 0.794729222979794 0.817440574600636 0.848138475931333 0.853173979716313 0.862062314295148
-9999 -9999 -9999 -9999 -9999 -9999 -9999 -9999 -9999 -9999 -9999 -9999 -9999 0.573335744821285 0.569599599656078 0.551841851577375 0.504802312701085 0.528447420240407 0.573211019406746 0.589472900337221 0.592794531248278 0.616210457833591 0.625751871417298 0.643045775568819 0.653705515114848 0.66387208165902 0.670850334618083 0.670699623370722 0.714609853178504 0.737513287810612 0.751861295763982 0.758936639369571 0.768112185479594 0.799576343391981 0.79914810058324 0.805119395096078 0.799796225835757 0.7858874610011 0.783215816965072 0.762694348569656 0.769175714592441 0.763526151380596 0.754757235201054 0.77092498306104 0.765591915788175 0.749077993094371 0.72910108413005 0.716593547341058 0.709407766120551 0.710112053002612 0.71907371543635 0.72899017535899 0.738009831209332 0.751803506282219 0.769402967712981 0.806073526656411 0.811605948318684 0.822414855824262 0.838706722590343
-9999 -9999 -9999 -9999 -9999 -9999 -9999 -9999 -9999 -9999 -9999 -9999 -9999 0.588124741754086 0.590248522035824 0.59478325419304 0.54016317453211 0.529127547416213 0.558486311769516 0.56463130760566 0.585233244754708 0.613559902615151 0.621237368320711 0.638683364568233 0.650947571143918 0.659860999522429 0.660264247225909 0.647809844947755 0.644600525585569 0.697415996377096 0.738818527082795 0.750942262212805 0.764674324712333 0.786252445435777 0.78966152789686 0.790422861615567 0.788631780799781 0.769902202860074 0.774961753213254 0.777385291599081 0.775293760135719 0.766806866778302 0.758327618864614 0.764308623749341 0.749298339388563 0.732410352475407 0.715919786133977 0.707465205663319 0.697179093109693 0.698895663404719 0.706595343806855 0.716665212414865 0.732623472061693 0.756813736916625 0.773497863393337 0.777495347369824 0.785132364334893 0.801790593639599 0.817454427385299
-9999 -9999 -9999 -9999 -9999 -9999 -9999 -9999 -9999 -9999 -9999 -9999 -9999 0.59213691488903 0.601363532659252 0.602624365531506 0.561406504466421 0.53316663641602 0.541746110818469 0.557498299111616 0.577067077651091 0.605429292253322 0.623795217609412 0.640997701997424 0.651099533615034 0.651646607640221 0.64585652554821 0.633035668642238 0.637453100539769 0.650726761789298 0.704334724435315 0.753516639515298 0.765446143849922 0.761597544336168 0.772794080660702 0.782463642233409 0.787320267491783 0.766343993379971 0.761291378723587 0.766525169843911 0.77741608888105 0.773163236466877 0.760542995092685 0.755516391737456 0.721488611140136 0.713051430776097 0.699530585458722 0.690545599203748 0.677067409971431 0.680049870506112 0.690097308584823 0.700376890932372 0.716568205485436 0.740934368153218 0.747464416723224 0.751977753041259 0.768402199696166 0.782769613956403 0.788043630062354
-9999 -9999 -9999 -9999 -9999 -9999 -9999 -9999 -9999 -9999 -9999 -9999 -9999 -9999 0.59554238778165 0.584858096048975 0.54513582373182 0.53666328421608 0.543933157267634 0.557569754139037 0.57038425647007 0.59031781709946 0.643067620813767 0.66494423784983 0.654730128831121 0.645914363396342 0.647825695311699 0.632735655176919 0.632013644725927 0.628814795881207 0.672400804341777 0.713063648475249 0.716632493573746 0.708996670097485 0.710857277522069 0.738993472663538 0.769743322424815 0.753826485346674 0.757347135416923 0.758802250634325 0.761733248444648 0.761269144655728 0.760484375614646 0.74174545607907 0.702779279212416 0.688411517723695 0.681984794884849 0.67765205381671 0.67038947574896 0.672488460267566 0.677257723862088 0.687833602126735 0.702963630015562 0.71969903596605 0.73388431141409 0.749771486814506 0.750218133508605 0.766951910356848 0.778925178131496
-9999 -9999 -9999 -9999 -9999 -9999 -9999 -9999 -9999 -9999 -9999 -9999 -9999 -9999 -9999 0.580416649336424 0.538614940407483 0.535539090747624 0.531274442922144 0.552950471042466 0.562573571879691 0.586443344052246 0.642785749628483 0.641414213705373 0.627819346772788 0.625781422996609 0.644210603375956 0.643126127026023 0.633265412305796 0.616956189989673 0.656926742367489 0.697908552067803 0.700070842901308 0.698807845955308 0.703840288226204 0.71450992704796 0.724246334427627 0.702222713834666 0.706201404806955 0.757455292322417 0.723447334618622 0.75093151913741 0.744664814270201 0.70457464491826 0.692342830413016 0.677236419019393 0.666678756505153 0.659962302397003 0.662706037853533 0.659282010611642 0.662911636056259 0.675761108092179 0.693842193744629 0.718726164558537 0.715085804745228 0.728790056413579 0.735092556806336 0.744627145707216 0.751810679657783
-9999 -9999 -9999 -9999 -9999 -9999 -9999 -9999 -9999 -9999 -9999 -9999 -9999 -9999 -9999 -9999 -9999 0.516362941599628 0.522108857093321 0.506698340587762 0.50924171800257 0.522010859206923 0.570735967622316 0.631778253382556 0.610989616451142 0.598225657639856 0.608426395189027 0.605183866439718 0.604391025140581 0.589662845648016 0.601999140021208 0.685397677410133 0.707338966370662 0.705849830571649 0.726958917678862 0.744176439790446 0.728596768728142 0.705811965909815 0.756665894214519 0.782224677438928 0.746292443283663 0.759941605582356 0.7418214070421 0.703140477757224 0.693383254384647 0.673556638048984 0.657536581244841 0.647510127505235 0.642421973442257 0.643267925285668 0.646962804023825 0.666634132356179 0.684479900490157 0.698645563380735 0.699403996543543 0.665613294462104 0.677034140490793 0.714060459612494 0.730541156162967
-9999 -9999 -9999 -9999 -9999 -9999 -9999 -9999 -9999 -9999 -9999 -9999 -9999 -9999 -9999 -9999 -9999 -9999 0.494089633778749 0.453055352830959 0.453763049538948 0.476399544782811 0.450218410249916 0.538374038419328 0.569862237030272 0.570251099629885 0.579044083823554 0.587706991531685 0.581014333550749 0.574335569411522 0.584775048034889 0.666218018944381 0.704864526490544 0.730309788285978 0.729667034606306 0.728619357486949 0.724763783587309 0.771719217701085 0.807642589465654 0.80344582522138 0.78463948372268 0.772226524202242 0.71002192134268 0.690166825413533 0.681835713846172 0.664672587881484 0.643344867534228 0.62929409667509 0.632965961248568 0.629913548700193 0.638495897972934 0.662918402118307 0.675444083264442 0.666484721545508 0.669364765551203 0.645577559687908 0.651998499644472 0.670257964149189 0.682350895223586
