layers50/veg_krg_50/veg_5200.asc
NCOLS 128 
NROWS 165 
XLLCORNER -2985163.8955 
YLLCORNER -3022031.214 
CELLSIZE 50000 
NODATA_value -9999 
[rows 26 to 51 of 165, columns 0 to 58 of 128]
-9999 -9999 -9999 -9999 -9999 -9999 -9999 -9999 -9999 -9999 -9999 -9999 -9999 -9999 -9999 -9999 -9999 -9999 -9999 0.693953279038232 0.572784142401521 0.474750689359123 0.28565109517708 0.380752226755421 0.401716430800892 0.283053786240368 0.247143967436941 0.31857703768586 0.317086535905183 0.336398539023476 0.340879057305811 0.357107041679132 0.369143570723869 0.451759208311972 0.488701516198061 0.547048882193668 0.597925974770566 0.642571869546478 0.665465066961625 0.680844508807118 0.673074769341409 0.661694640783253 0.66866859696806 0.676166032214633 0.679123251358601 0.677766395956233 0.67594703521782 0.675417193593571 0.649688179836749 0.643652415153398 0.656838413687503 0.654858242538881 0.646005035865015 0.6348100862189 0.621800119464741 0.530721954343871 0.411998059129305 0.405157578679162 0.395875164048021
-9999 -9999 -9999 -9999 -9999 -9999 -9999 -9999 -9999 -9999 -9999 -9999 -9999 -9999 -9999 -9999 -9999 0.72443504991065 0.691877550824956 0.657141905154248 0.5157170687031 0.391239833995099 0.305837247745964 0.371022437943505 0.312336493401083 0.286426695626344 0.309636451450772 0.321011033315306 0.320410328483718 0.328794220055442 0.340955347039317 0.361959736299993 0.48399830973207 0.541854356357817 0.567892265261133 0.609246782390657 0.646477830247145 0.680765245417104 0.703864712714929 0.721875015330111 0.724370479250248 0.709279659219479 0.712986978217115 0.729442527938268 0.729962870906634 0.725380076164392 0.716074629778127 0.711985030105698 0.694300632884253 0.690031789641719 0.692984375949986 0.686585550382633 0.683165113089682 0.673002054618803 0.661098410682353 0.581545131428884 0.468383553137053 0.556037270698724 0.562619023771931
-9999 -9999 -9999 -9999 -9999 -9999 -9999 -9999 -9999 -9999 -9999 -9999 -9999 -9999 -9999 -9999 -9999 0.721072069669929 0.66722438128145 0.528385037221628 0.424952138979652 0.254593023046267 0.32843246736943 0.388932102372554 0.355519046704706 0.402347444687727 0.340441845900166 0.324233360302459 0.324698419284362 0.327069569366084 0.435688768349271 0.547726675981699 0.576513341119403 0.596597476072573 0.621251844231475 0.667271909388814 0.704162152923164 0.722914403687041 0.741454956060342 0.76057071895237 0.761890321094663 0.7546659074394 0.759996708974462 0.775709788272965 0.774647736601697 0.767189661465049 0.745572469119272 0.738440502567721 0.735770952191605 0.735455540424569 0.726186367906255 0.714840046374477 0.711229111623527 0.706779958313756 0.688593794695669 0.632461174649844 0.638001482482873 0.636152770958862 0.635610663018078
-9999 -9999 -9999 -9999 -9999 -9999 -9999 -9999 -9999 -9999 -9999 -9999 -9999 -9999 -9999 -9999 0.727066293918545 0.724453710974617 0.617084711826634 0.418921983655843 0.371052825035908 0.30346015688461 0.350185724466518 0.398567831795353 0.410723238725278 0.406818922622794 0.39727870389265 0.366964703053204 0.403102769169987 0.548804583188412 0.592874111166861 0.617369882634677 0.63780607894329 0.658590143051139 0.698619061970127 0.744307528575372 0.756215019180619 0.775517265785901 0.785225234265665 0.796074186812762 0.800932287076929 0.797713810322188 0.810004960666041 0.82068840413266 0.818200402515272 0.806934465883129 0.781100080422695 0.765902313130395 0.769030854969564 0.76185095335836 0.754547532687789 0.748013458392689 0.741976478588174 0.745957394540705 0.717086326058472 0.673901250111977 0.667403915840089 0.677039709962511 0.682468105632457
-9999 -9999 -9999 -9999 -9999 -9999 -9999 -9999 -9999 -9999 -9999 -9999 -9999 -9999 -9999 -9999 -9999 0.67951382837891 0.532772983967324 0.35603241488858 0.277119645632899 0.369762004790652 0.400291404857367 0.471313681108634 0.487494839608136 0.451317913337012 0.457107588700767 0.585352104111679 0.59864898095321 0.61621052346821 0.642240920311492 0.688195003965121 0.712227913665191 0.740289001959356 0.760912347697128 0.790780234931947 0.803827256049133 0.818356423077996 0.827382108476459 0.832193215821245 0.835009684909099 0.83830082828471 0.847292348712485 0.857255360537167 0.858590245846831 0.837104828867649 0.808328304379853 0.795165370848639 0.79675410673178 0.784744245386189 0.7663628186075 0.760449137475629 0.749836516444557 0.742376281144145 0.745316610951697 0.722097814270463 0.697155296537081 0.706697170343115 0.712312399217052
-9999 -9999 -9999 -9999 -9999 -9999 -9999 -9999 -9999 -9999 -9999 -9999 -9999 -9999 -9999 0.698031280961326 0.677692294522328 0.593918786967944 0.398341481200758 0.24935121745755 0.29598294226173 0.480910726946239 0.515006041391286 0.513379566221801 0.509103916437834 0.548464908934944 0.626622311802223 0.667503193792414 0.67707592202261 0.676935025447373 0.714445991771373 0.772566265242952 0.794669707206457 0.805812542833258 0.826563498081019 0.835767854220392 0.844259469320587 0.853436010033023 0.862144159947535 0.865943289228564 0.867780763792328 0.869746087607093 0.876551646244713 0.885682766168304 0.882631855323174 0.853271820967532 0.830413904655435 0.818676953084666 0.819037146631872 0.8052817573212 0.784579353492906 0.774714148315454 0.766049229422635 0.76271453536986 0.76028946313098 0.755602499675811 0.73807328771923 0.727895055151674 0.728625343727657
-9999 -9999 -9999 -9999 -9999 -9999 -9999 -9999 -9999 -9999 -9999 -9999 -9999 -9999 0.683452993873147 0.67942316679 0.622710504454118 0.466352044054577 0.282133659406552 0.304069157592728 0.441304413027509 0.538916971382102 0.560833233913798 0.567628053193527 0.608941505755406 0.648742568611853 0.682897965771537 0.709088940889539 0.740988818465823 0.774847201859993 0.81411735877198 0.845831654066122 0.862238641466508 0.863394256705444 0.882671602456545 0.883225140894981 0.882224719794245 0.880626835683452 0.888021468813399 0.889610461794275 0.892477974454393 0.890956713483566 0.893150053319713 0.896347449356704 0.875287740662519 0.856400083355628 0.842387500502873 0.832713319903781 0.834402168756742 0.81945834043425 0.803541661797533 0.79341565590396 0.790815171035037 0.786182427716553 0.786091635497199 0.790350232765073 0.787251750264451 0.775683602450473 0.771457097495808
-9999 -9999 -9999 -9999 -9999 -9999 -9999 -9999 -9999 -9999 -9999 -9999 -9999 0.67314176041363 0.653517249712553 0.636393064240554 0.487736196467449 0.303115643286045 0.224740450509059 0.409466143409291 0.53995988743963 0.593087206613539 0.609336829813887 0.67228428767556 0.691613241144698 0.705648198918956 0.719395146177041 0.74567585032449 0.785721479822806 0.838963775684755 0.883928653395201 0.917087918717734 0.935645334185755 0.933265306311488 0.926389086923146 0.918333819312665 0.914980237978734 0.910116400841759 0.902791975881413 0.906055203642007 0.906027072829835 0.897893463399882 0.894067110962548 0.896577319387781 0.869695230971103 0.856079377237075 0.846111817500043 0.84228673316922 0.836332818937596 0.827521344251795 0.817612170716089 0.810794142679494 0.810899967626122 0.811429384368013 0.808197845027253 0.81426357249347 0.81430352685792 0.81586282343896 0.814048084149316
-9999 -9999 -9999 -9999 -9999 -9999 -9999 -9999 -9999 -9999 -9999 -9999 -9999 0.656735741603785 0.64795667742548 0.630680647868185 0.437415288586847 0.24648346383518 0.189411553426671 0.375316417973302 0.561237477207025 0.665704082362979 0.69014934995851 0.71282844996953 0.728313325301747 0.744179147079376 0.764698696692853 0.799930851779271 0.827602704170157 0.865509866060125 0.905922534409326 0.950032535302512 0.966148760690695 0.965783719529638 0.951982338318191 0.939291121060342 0.932966133813524 0.926239962330632 0.923475909463245 0.915340476255105 0.909395018879657 0.899926671824869 0.899430434186154 0.886804152816417 0.855900594123791 0.846597794285434 0.83815936293727 0.840255625461189 0.834084273534347 0.829645633001802 0.827040809236646 0.822746813869802 0.825967310729046 0.830155257626419 0.835112144521834 0.836725046954856 0.83728666472613 0.839886863330602 0.83934757264903
-9999 -9999 -9999 -9999 -9999 -9999 -9999 -9999 -9999 -9999 -9999 -9999 -9999 0.630989977326426 0.650347835612165 0.610673930737466 0.346532681282542 0.234347612729455 0.268405165300184 0.494895246076187 0.619408405196194 0.689436296918744 0.71516240724583 0.739987758242765 0.758492691528604 0.777640745749272 0.799853304957372 0.835284537148562 0.866731946062902 0.894641944591498 0.921404135778932 0.955086206446595 0.976738745378068 0.971309441788293 0.962025326372312 0.950241193620343 0.940657264124192 0.931029387151167 0.928285552485695 0.919092613155375 0.910201513966188 0.905852119414898 0.896936992163308 0.876270602618323 0.853183785245831 0.837367052434952 0.829947589925492 0.831425637228582 0.830201127603223 0.822931523456777 0.825785995227388 0.827585031641173 0.835184384318705 0.843667834312814 0.85214430231019 0.856473394109539 0.859154868525495 0.859725452121476 0.850896531200734
-9999 -9999 -9999 -9999 -9999 -9999 -9999 -9999 -9999 -9999 -9999 -9999 -9999 0.62225723250125 0.625254110791214 0.611271226499099 0.313754597091084 0.25747279137289 0.390631448710184 0.613563067224484 0.667114301048268 0.708515316879141 0.736173575045151 0.758348048990568 0.781921182497209 0.80926580397994 0.833207599145844 0.855063391868623 0.881420035208259 0.907516543471495 0.930214705411859 0.949698877932608 0.963892454390925 0.967327668078174 0.963379349235764 0.950117395077559 0.941884093465474 0.935071413585608 0.926222583925921 0.917323656719683 0.909928168559771 0.905223207761702 0.88309092688073 0.869272959189116 0.845987627281565 0.82808209607993 0.811856555912709 0.803041747860696 0.809190200999945 0.807781661899327 0.819185946683583 0.829255928469977 0.840453897765865 0.850612726725751 0.864183863701805 0.872236703382544 0.877608417383013 0.873182834180404 0.862948712913971
-9999 -9999 -9999 -9999 -9999 -9999 -9999 -9999 -9999 -9999 -9999 -9999 -9999 0.615232753575772 0.61270851924224 0.631975292709785 0.324386887374052 0.303112435813495 0.402750585329986 0.604715711717406 0.673116923647709 0.70865065014117 0.73038798268364 0.762400820936517 0.793288400978713 0.822785665601906 0.843333522801815 0.866466688517801 0.892122650464713 0.909597344568689 0.925866288243279 0.936434462708361 0.953271108434822 0.957935519352117 0.950737566453576 0.943054353164354 0.936945694230528 0.929406005832908 0.91973338335029 0.909878731621472 0.902620240968503 0.89405064798077 0.862057650782734 0.845791304106548 0.825186473660181 0.810042023357733 0.793319443897291 0.78434848008531 0.781992286983309 0.785225759596199 0.799396271854521 0.815025218414462 0.830723387915675 0.84930385833758 0.8720052129107 0.886094224684392 0.891557371988049 0.888319301406999 0.882210508039742
-9999 -9999 -9999 -9999 -9999 -9999 -9999 -9999 -9999 -9999 -9999 -9999 -9999 0.617976416343324 0.65029470772798 0.657703472213719 0.510801123835665 0.364213359102179 0.429169307075575 0.632273664121173 0.686637985495478 0.709790553169565 0.729302589148789 0.756576044776614 0.779821857824878 0.802516275037054 0.825180105039468 0.868376815890332 0.888040571374906 0.907824606934378 0.917773874871618 0.931393905157193 0.939775827030875 0.943078400575294 0.938919199388782 0.935778698204049 0.92811973411649 0.917419032273492 0.909161216820529 0.900449331115835 0.885872787102456 0.863021725570442 0.836762618619283 0.818426131785639 0.80321406325663 0.787815607136047 0.777193473685269 0.770202475784674 0.769724331126798 0.766759249378545 0.775042827200812 0.791912608762222 0.81173496534887 0.84381441554123 0.876361089308626 0.901177437547183 0.907866284585694 0.901036916644352 0.890101291251935
-9999 -9999 -9999 -9999 -9999 -9999 -9999 -9999 -9999 -9999 -9999 -9999 -9999 0.623997583186258 0.646076054200237 0.638937401041549 0.504067599664269 0.37004385618241 0.476190819921479 0.678143337520955 0.707527122756143 0.722376022697097 0.73479483862406 0.750307575999619 0.767835579584719 0.794252984030728 0.815873456029618 0.837192708460664 0.857001390343277 0.876252905887672 0.886551511583761 0.898508893227038 0.906590802869708 0.914971108260139 0.92392847498617 0.917032213989695 0.91171750778864 0.902036143979808 0.894956523606802 0.888456118919824 0.870845940093221 0.832323090653908 0.809823667936969 0.795508150191057 0.789000305067682 0.77518764509269 0.759970056016139 0.750854355275095 0.747416424624237 0.749607488813528 0.76048199224536 0.76959047329704 0.787788421283007 0.831114488183879 0.879472841515853 0.916371093604934 0.926091054258199 0.912686884499003 0.896147890755937
-9999 -9999 -9999 -9999 -9999 -9999 -9999 -9999 -9999 -9999 -9999 -9999 -9999 -9999 -9999 0.568454287960305 0.34328882238528 0.412383043515802 0.570782784126883 0.6692937172014 0.706244606157422 0.724929106827753 0.737973289008685 0.750533976626225 0.762201245299003 0.781507306474259 0.801273250307926 0.827412639802678 0.845120968862246 0.860400223505004 0.870211675973732 0.880802321803022 0.88787400696303 0.892192192364472 0.893523658607865 0.89289154799668 0.888108436574676 0.882196770626808 0.876894533714171 0.859203353531603 0.830639305662676 0.804755613448706 0.794283648491521 0.775234674052937 0.762154967884232 0.746766018332266 0.736165038015417 0.728686572684283 0.733036913968893 0.737414264846964 0.742964471290105 0.751367207048503 0.770747136010697 0.818497167746216 0.877923357284346 0.926323947048192 0.935099180786226 0.920696972475753 0.907512964568146
-9999 -9999 -9999 -9999 -9999 -9999 -9999 -9999 -9999 -9999 -9999 -9999 -9999 -9999 -9999 0.576770393098223 0.423952435248069 0.408439002381929 0.57697292739201 0.657735662051883 0.702932235501273 0.724853870651622 0.740793836343949 0.75088522602942 0.760224397674278 0.773998725895335 0.793015037065088 0.81094419597586 0.831608078384236 0.846145308327635 0.852856149308631 0.864449433883026 0.868638991882393 0.869907380148214 0.863933677936884 0.867541118089996 0.860185180865771 0.850468371079331 0.840091431343947 0.822837365993136 0.803982287140105 0.784709364682212 0.7656679876014 0.748910605417735 0.735561306802185 0.723592377405288 0.717119321155617 0.714084830727457 0.71892445836866 0.726525404523221 0.737596800548814 0.752995947067277 0.774172676361911 0.814138152252466 0.868543385438416 0.914155149970091 0.920440378593028 0.911332859502989 0.90008852220815
-9999 -9999 -9999 -9999 -9999 -9999 -9999 -9999 -9999 -9999 -9999 -9999 -9999 -9999 0.683559809268337 0.621639116220308 0.466490792221427 0.46754539191213 0.594805396771502 0.666580889030113 0.684611191227604 0.71679560776873 0.728227436514493 0.737578053918447 0.74842713026269 0.760260100221827 0.776374562247512 0.79146321959036 0.817232260447306 0.830952876823005 0.833208568981825 0.8431437846461 0.84609520485931 0.842331128357565 0.834066696223775 0.833839186513042 0.822995888438419 0.80329600994403 0.779555887193529 0.778816275454599 0.769836303419278 0.758434188066756 0.747649289248365 0.728739452274547 0.719883278343607 0.707268304252318 0.704814793589512 0.705054474704019 0.711899730731629 0.717727166028768 0.734146940127667 0.756119314716771 0.777837128161262 0.811129397940841 0.850687883108789 0.885098434298624 0.901507433254391 0.904596172359458 0.900869483339671
-9999 -9999 -9999 -9999 -9999 -9999 -9999 -9999 -9999 -9999 -9999 -9999 -9999 0.707365602362205 0.693850705741687 0.612354095104396 0.503158228486257 0.446520737950515 0.581728199702742 0.680912984532685 0.686146059830453 0.723723078117217 0.730490714713175 0.733561123380851 0.739518741093242 0.748087391412436 0.76129411803858 0.770215694233955 0.783800503431363 0.796273701137835 0.810246423879118 0.811454463379597 0.819843399554512 0.813327115533381 0.809726283712378 0.809048520812765 0.79235188771297 0.760574986139598 0.744877485093675 0.747952526603306 0.746310130196087 0.741409192812428 0.732311853762919 0.719596145501232 0.702192586240543 0.689508711397138 0.685841010912711 0.688082745353774 0.697615387455567 0.708074545676839 0.726281588623834 0.750633414223738 0.778351822987007 0.804984649392039 0.827298804189761 0.855052458473348 0.882488479709895 0.89119113884342 0.89080462439861
-9999 -9999 -9999 -9999 -9999 -9999 -9999 -9999 -9999 -9999 -9999 -9999 -9999 0.730599276476598 0.745689490265877 0.630779572785266 0.521400224852391 0.522067077320403 0.591199009865929 0.710266335896587 0.714881968049836 0.731698795888882 0.731525102205348 0.726903881824538 0.72730801814766 0.73260501260016 0.740628087331498 0.751106179427379 0.759186933209177 0.76278511782479 0.766627676019129 0.773117402431284 0.781899764835787 0.77652733764634 0.781433813957838 0.767272367397678 0.748621178667491 0.726420839293077 0.719634904564207 0.727541391455848 0.72117963329332 0.710652630266349 0.705032413744163 0.694601992721855 0.68524525811743 0.667201499373109 0.664365436983333 0.661251397943084 0.67617334189182 0.702806907413279 0.714213773844894 0.735688029549525 0.762505499332934 0.787742716193025 0.808995736518469 0.834585756944481 0.859840372520309 0.869497607816617 0.870985357276341
-9999 -9999 -9999 -9999 -9999 -9999 -9999 -9999 -9999 -9999 -9999 -9999 -9999 0.776536496042376 0.768487385867001 0.667820637295962 0.430976284965844 0.487865912319233 0.624295359145939 0.648567258702751 0.639615770268684 0.67722175318717 0.672514850404894 0.695608020877136 0.704281135255885 0.709271585620028 0.718872825370426 0.730906318482122 0.742184517963214 0.750703388630398 0.749789823293086 0.74784116302032 0.743203490738905 0.745132429066851 0.757385051077223 0.748669739449316 0.732930931575478 0.720393392130419 0.705294085702248 0.685155009293721 0.679285460041669 0.675187916348268 0.669922519318063 0.661525671520325 0.65397492550045 0.64771508627948 0.636078660155566 0.633018174061256 0.659029955539132 0.677198839416534 0.695797808258345 0.71329496153927 0.736210294043361 0.764835348937675 0.785036668518176 0.815407252433478 0.830914629430661 0.843842950255621 0.853694464911149
-9999 -9999 -9999 -9999 -9999 -9999 -9999 -9999 -9999 -9999 -9999 -9999 -9999 0.777447563330203 0.771274910956698 0.738715409611196 0.56774654483389 0.5037705339814 0.62568511138845 0.558328108617215 0.568867561459887 0.629191665943853 0.630560201797605 0.658829244795909 0.664377869680414 0.677161212070435 0.691172847410132 0.701039365800404 0.714631262893872 0.719121249660875 0.717658048182217 0.723241819494852 0.724356152655128 0.728520489370797 0.728206507999772 0.726566674760302 0.716130936721387 0.708754982010147 0.711255161528147 0.680482384319228 0.673902717380295 0.661521204160013 0.646656030108531 0.640614290540586 0.621548295191017 0.621648011486438 0.61190047766962 0.605578309606182 0.618687444379107 0.639251246437888 0.662309484573055 0.687779497889079 0.71973514454592 0.748431098673823 0.769120794091441 0.787110230907579 0.802305233070632 0.818726361991414 0.829995173345838
-9999 -9999 -9999 -9999 -9999 -9999 -9999 -9999 -9999 -9999 -9999 -9999 -9999 0.73188067543971 0.729699485839519 0.721889331692495 0.646053784841212 0.531093256414028 0.591893382253705 0.558689007660451 0.542328381101469 0.610691869866999 0.618541860815709 0.63206098955942 0.635745466913269 0.64523516302497 0.664577034984998 0.672816776250885 0.687099905046429 0.689993168872897 0.692107639969554 0.702164115512748 0.704548632303443 0.71353771849424 0.700485457193547 0.68222876109861 0.677335966363218 0.682931353781196 0.680034838002422 0.67821482248489 0.684484630964453 0.66675465491183 0.643879335680867 0.630754803306663 0.618957681830105 0.623802263583312 0.605532466910207 0.597708274180303 0.595604568005859 0.613137361737352 0.627671215593873 0.652369185542855 0.688864243778817 0.713056409615504 0.739648770780862 0.759486914955383 0.77399320414871 0.786298807138563 0.795085010045578
-9999 -9999 -9999 -9999 -9999 -9999 -9999 -9999 -9999 -9999 -9999 -9999 -9999 -9999 0.716924096395246 0.73139405527105 0.72345144514887 0.638289794825841 0.506324190230806 0.487817488684732 0.506196691375017 0.610863469607156 0.627764674435618 0.62953526086061 0.611577684257458 0.609142162433659 0.620479683586115 0.6103277704427 0.644922632789959 0.634218502109323 0.656013010054864 0.684346549728132 0.691334765778725 0.681498644747683 0.663307739596608 0.655781838523316 0.650850189084683 0.645572997791006 0.650275140768567 0.654737797854192 0.653352251424712 0.651350716699474 0.643575176824727 0.628203544745929 0.618784862592522 0.599130499779012 0.587084568831048 0.588693508152613 0.58670492572096 0.592167359578488 0.596092126597163 0.616376767000387 0.635041036670842 0.669544208442106 0.697396206013027 0.736137383313179 0.748821726740677 0.760746188228482 0.770585395128919
-9999 -9999 -9999 -9999 -9999 -9999 -9999 -9999 -9999 -9999 -9999 -9999 -9999 -9999 -9999 0.737221404317768 0.647147396168795 0.626539754910365 0.562953335834273 0.49284543087536 0.523434056359126 0.570168348714312 0.631895384800202 0.608746882953949 0.581825182164519 0.580091361401888 0.599546740439127 0.565959520735373 0.558547078614029 0.571320397776526 0.605983593217707 0.65267472658262 0.663546867508653 0.661821591041956 0.66131301646054 0.632840378223304 0.560253635623145 0.533347123461669 0.51965256882643 0.593563592354693 0.586182358522126 0.605873850129975 0.611530294281975 0.614260064169303 0.576128323890421 0.545299522826499 0.538947839510848 0.537679281576396 0.54608414223136 0.564109153424994 0.586693692018423 0.602506205291264 0.619567519522136 0.624974877509858 0.640857115975898 0.669284732981615 0.713445034684096 0.730096279204923 0.742937885672869
-9999 -9999 -9999 -9999 -9999 -9999 -9999 -9999 -9999 -9999 -9999 -9999 -9999 -9999 -9999 -9999 -9999 0.644921258044238 0.579550000065262 0.492660625936513 0.516225994930748 0.511175327128809 0.553833082817875 0.576289996597926 0.558000951406649 0.546157434191901 0.555915355966681 0.542986371890759 0.543531619885385 0.570759395770214 0.585741145285996 0.581994504123769 0.628736199202272 0.645105054236673 0.630050042054653 0.553388836991635 0.538439271330904 0.529400417706748 0.574050347572505 0.570116311280093 0.578381875831448 0.576577543782597 0.567766248972346 0.554015484195157 0.536323595616683 0.524743224494031 0.513389839118586 0.516258718499416 0.519384383124267 0.539133729143236 0.554718522367458 0.569818345228244 0.585483799967976 0.6033309631821 0.618518448403412 0.620672969239846 0.657949333451173 0.695182575140178 0.711350206160871
-9999 -9999 -9999 -9999 -9999 -9999 -9999 -9999 -9999 -9999 -9999 -9999 -9999 -9999 -9999 -9999 -9999 -9999 0.598654944312889 0.475258166097243 0.464192892100815 0.484079733823182 0.456618647508999 0.513618303300438 0.527016930523756 0.516370809769759 0.509604260244602 0.505730061030876 0.548556233043159 0.562859782353807 0.56378791124691 0.567756791561095 0.617076004507221 0.612477802995699 0.604002523969561 0.575945288297684 0.56840962573277 0.554432007327296 0.590597872696384 0.577597671856501 0.564310222935931 0.558899165295102 0.540995564932934 0.538867170580078 0.512221756416111 0.500204389511342 0.4977826736433 0.496342105667446 0.489482814781708 0.509515093415813 0.520020158939645 0.535007379826941 0.550453896204232 0.577190614551017 0.588597031757904 0.609911672077487 0.61668063262619 0.639872816099202 0.666983562413038
