layers50/veg_krg_50/veg_1400.asc
NCOLS 128 
NROWS 165 
XLLCORNER -2985163.8955 
YLLCORNER -3022031.214 
CELLSIZE 50000 
NODATA_value -9999 
[rows 27 to 53 of 165, columns 59 to 117 of 128]
0.568362015613831 0.568622158279526 0.568135161930213 0.569178500199473 0.60984239291123 0.641659937299924 0.658594353975013 0.711371128516216 0.71008683056331 0.696710870057478 0.701653749848078 0.705628735402649 0.732059985411823 0.756396310460793 0.776185914611628 0.788418002927125 0.824682063541246 0.855704501619076 0.859770343566827 0.88302676149935 0.900292448407882 0.925802623949171 0.949681101194542 -9999 -9999 -9999 -9999 -9999 -9999 -9999 -9999 -9999 -9999 -9999 -9999 -9999 -9999 -9999 -9999 -9999 -9999 -9999 -9999 -9999 -9999 -9999 -9999 -9999 -9999 -9999 -9999 -9999 -9999 -9999 -9999 -9999 -9999 -9999 -9999
0.606170945261622 0.60670431097429 0.60487703864942 0.604303443335645 0.656798975159513 0.688762791126606 0.733305815351938 0.737467913379051 0.720986048716946 0.718821150075724 0.719562863986044 0.729000838307819 0.730742992806935 0.734799177549864 0.782560318357181 0.845389375502351 0.858182083877114 0.855835681509951 0.885971074750128 0.904963011482489 0.909157999769295 0.918444534046647 0.946918134515746 0.950662025677297 -9999 -9999 -9999 -9999 -9999 -9999 -9999 -9999 -9999 -9999 -9999 -9999 -9999 -9999 -9999 -9999 -9999 -9999 -9999 -9999 -9999 -9999 -9999 -9999 -9999 -9999 -9999 -9999 -9999 -9999 -9999 -9999 -9999 -9999 -9999
0.646880746297239 0.649642937501017 0.661241528908459 0.685456801271672 0.691380173120544 0.697088462838739 0.70993762775208 0.753402752042956 0.738728049634884 0.730736051786716 0.745704476763045 0.71149376023556 0.716964604874113 0.741177334509645 0.801119131467756 0.84741116370581 0.858468845015321 0.87011729756871 0.892687521495766 0.904454403929465 0.917830138954131 0.92985134372846 0.946093188603153 0.95014903320749 -9999 -9999 -9999 -9999 -9999 -9999 -9999 -9999 -9999 -9999 -9999 -9999 -9999 -9999 -9999 -9999 -9999 -9999 -9999 -9999 -9999 -9999 -9999 -9999 -9999 -9999 -9999 -9999 -9999 -9999 -9999 -9999 -9999 -9999 -9999
0.679905673091006 0.693833981259845 0.716168194148274 0.72762511603668 0.721614958873359 0.722341941975247 0.740230150081084 0.789136147366527 0.830104610434695 0.819365346689233 0.797654666163059 0.795779439896103 0.791553394737101 0.798213423525395 0.814421978532011 0.8366128789245 0.85419879220009 0.860590838515039 0.878181451873787 0.901815558134647 0.927490866691096 0.943197555508422 0.949688345032221 0.951053189390079 -9999 -9999 -9999 -9999 -9999 -9999 -9999 -9999 -9999 -9999 -9999 -9999 -9999 -9999 -9999 -9999 -9999 -9999 -9999 -9999 -9999 -9999 -9999 -9999 -9999 -9999 -9999 -9999 -9999 -9999 -9999 -9999 -9999 -9999 -9999
0.724647752115587 0.737262908398284 0.742297852897484 0.744416901425378 0.744045804913947 0.723965555644881 0.724398164636475 0.760419471195938 0.815037746507059 0.803964726293441 0.785488144292728 0.785037397700176 0.766517591909276 0.77049542812229 0.804190537748999 0.821992156680322 0.835032549386193 0.859474599408364 0.870155794660517 0.900735859191176 0.933106693743954 0.946597471189427 0.951124471808505 0.947181348303407 -9999 -9999 -9999 -9999 -9999 -9999 -9999 -9999 -9999 -9999 -9999 -9999 -9999 -9999 -9999 -9999 -9999 -9999 -9999 -9999 -9999 -9999 -9999 -9999 -9999 -9999 -9999 -9999 -9999 -9999 -9999 -9999 -9999 -9999 -9999
0.76715426207977 0.773286246462359 0.781477942998073 0.777189150197071 0.77556610744332 0.738450857206852 0.749054301430629 0.795935592084 0.806630073994051 0.782324340736273 0.78441438182509 0.768133702907068 0.747557493183832 0.773240975428213 0.79545546247073 0.799806325046114 0.809203423395222 0.846656115557608 0.858635939134096 0.902809127365823 0.940547631777034 0.952514327233508 0.951952982098096 0.945773265500537 -9999 -9999 -9999 -9999 -9999 -9999 -9999 -9999 -9999 -9999 -9999 -9999 -9999 -9999 -9999 -9999 -9999 -9999 -9999 -9999 -9999 -9999 -9999 -9999 -9999 -9999 -9999 -9999 -9999 -9999 -9999 -9999 -9999 -9999 -9999
0.79654192233691 0.810204316908997 0.80922236078494 0.808257708446117 0.806040397463822 0.791429180592942 0.803448202841973 0.82087689725888 0.811343475921913 0.806386219955008 0.774718978850841 0.773390922366369 0.772335294789059 0.77589056574907 0.777656468890986 0.782261818737592 0.816524488821903 0.841074844198172 0.883459231158582 0.915961298276223 0.947447069071887 0.957060024032919 0.949103557615742 0.933020722097249 0.916605307785116 0.87943479903883 0.853427159776361 -9999 -9999 -9999 -9999 -9999 -9999 -9999 -9999 -9999 -9999 -9999 -9999 -9999 -9999 -9999 -9999 -9999 -9999 -9999 -9999 -9999 -9999 -9999 -9999 -9999 -9999 -9999 -9999 -9999 -9999 -9999 -9999
0.820962818392577 0.830527082054692 0.829337762885859 0.828275891664082 0.826983646935863 0.824089269444269 0.838186243037523 0.831155596366117 0.820334519560272 0.81427392355191 0.773230701615729 0.790418932186065 0.768241965557251 0.768266762634576 0.746036973241456 0.786069533327986 0.831307485418736 0.853516611389715 0.901936480346186 0.938583355940418 0.958320857583087 0.949611731643423 0.934424549591638 0.92109121298514 0.91074773709901 0.872949413088613 0.846095082369438 0.8198772196764 0.806301391501842 0.788293381933898 0.769238629794991 0.760739571894669 -9999 -9999 -9999 -9999 -9999 -9999 -9999 -9999 -9999 -9999 -9999 -9999 -9999 -9999 -9999 -9999 -9999 -9999 -9999 -9999 -9999 -9999 -9999 -9999 -9999 -9999 -9999
0.850220003180638 0.853911923131373 0.852877628092046 0.851328588498778 0.852387458134487 0.858202099866515 0.83769272152994 0.828365117382476 0.821414447990841 0.822546214250654 0.80995537231054 0.801192144839047 0.791923258821511 0.789925700227539 0.783971096630286 0.809053540062185 0.844090033564549 0.885644602359963 0.920959132367394 0.950504524665289 0.959849365461801 0.947363012151329 0.927161395304691 0.907490629834364 0.893660184583385 0.858930245125116 0.828889412307954 0.816393327669875 0.798121359022078 0.781878121946273 0.772717015374266 0.750754852740462 0.715230605902448 -9999 -9999 -9999 -9999 -9999 -9999 -9999 -9999 -9999 -9999 -9999 -9999 -9999 -9999 -9999 -9999 -9999 -9999 -9999 -9999 -9999 -9999 -9999 -9999 -9999 -9999
0.873199700665066 0.873928375353931 0.872155138358675 0.867166616798679 0.86318543495888 0.864508336062324 0.843645006086714 0.836135682673052 0.834270940700088 0.819929582570381 0.816598040143647 0.815886004395777 0.819698788757576 0.815197444537292 0.819325725714389 0.833529062100768 0.858695993815721 0.889347427317188 0.919605156946109 0.94423371345059 0.949894710045523 0.933489799251228 0.913181788104466 0.891656722654872 0.875575317641955 0.844657874789176 0.82518571767838 0.807151745930169 0.786462512365759 0.776612040608382 0.755549800277048 0.720726829283145 0.709282256640063 0.690544897696704 0.679717450542297 -9999 -9999 -9999 -9999 -9999 -9999 -9999 -9999 -9999 -9999 -9999 -9999 -9999 -9999 -9999 -9999 -9999 -9999 -9999 -9999 -9999 -9999 -9999 -9999
0.903698035994863 0.897278146145625 0.88588886703217 0.877640937333655 0.884544475456099 0.878420796011971 0.862676595158491 0.841761923399463 0.826654874816569 0.814374408512699 0.79696317417431 0.797022300816674 0.818459834603091 0.824470478326809 0.831435391837333 0.843589798570403 0.867306709129538 0.892580524786548 0.913271984824332 0.923658612190395 0.926711303372612 0.917712703266631 0.90057449932957 0.881306721914131 0.854035071638311 0.836035387261213 0.814416808790306 0.79207265894034 0.774825378810594 0.767947221180819 0.731315251287899 0.708208485196747 0.689695614389207 0.676188129664261 0.668084525381641 0.665282535126254 -9999 -9999 -9999 -9999 -9999 -9999 -9999 -9999 -9999 -9999 -9999 -9999 -9999 -9999 -9999 -9999 -9999 -9999 -9999 -9999 -9999 -9999 -9999
0.929983856301699 0.919743144403014 0.906825872333932 0.901009326888039 0.895476246980525 0.883791972646824 0.870124228985476 0.846721881383586 0.833316256587032 0.820033881278103 0.802490236117883 0.805141333386676 0.820484002379163 0.830426316083759 0.837497104306642 0.854161556245679 0.874401963737275 0.88979049281853 0.906688996147894 0.911939810793612 0.909757308357016 0.903946152609589 0.887461498144347 0.867975423263225 0.846319014509472 0.826183108109696 0.801481453194921 0.778893410224385 0.760127388461709 0.736418796374567 0.702170695865675 0.677147456750831 0.673216678111785 0.660255043066905 0.649850535241702 0.6499683861389 -9999 0.636146986504735 -9999 -9999 -9999 -9999 -9999 -9999 -9999 -9999 -9999 -9999 -9999 -9999 -9999 -9999 -9999 -9999 -9999 -9999 -9999 -9999 -9999
0.936496808614402 0.926656950662958 0.918155789652612 0.909803191455941 0.898684870888175 0.887772342428528 0.872823497268883 0.849710163003845 0.838865278124362 0.82652062607551 0.804200807189842 0.826352011153826 0.826131988846213 0.836013386036314 0.847624888246192 0.858281939110426 0.873646546409173 0.885345750616575 0.890569859356163 0.893028402440958 0.893825452202879 0.886716924248891 0.870092912109349 0.849622360345037 0.821107240910021 0.805782027299985 0.785555499449014 0.763520758800396 0.73386170033432 0.697456909819918 0.683032912747984 0.645313454741763 0.653653942058495 0.642808264270142 0.636705088760845 0.632735551316852 0.620640539377107 0.618119615323848 0.62470345719929 0.633941714487696 0.647946098997466 0.678364586969034 -9999 -9999 -9999 -9999 -9999 -9999 -9999 -9999 -9999 -9999 -9999 -9999 -9999 -9999 -9999 -9999 -9999
0.935584630285814 0.921302603477042 0.911110091220427 0.903560890997423 0.897643573799921 0.887394509382848 0.874080058994487 0.851052760599102 0.841773908971389 0.833364636815756 0.832434004168285 0.827762396297339 0.827390192552376 0.840415367101297 0.849963674459787 0.858142737620676 0.867053189007792 0.881106661001887 0.883601556714724 0.881867132960123 0.882172712427705 0.874232941203712 0.855234145980304 0.835402814410317 0.809268279023994 0.785319108356062 0.766229660228865 0.748732438159029 0.721102213666185 0.678556520595309 0.649416180716619 0.627864812992891 0.639096528617219 0.63191839511154 0.625233514013696 0.611045755062869 0.596639579527244 0.588862262244518 0.593749474886426 0.620332703596431 0.645297531904176 0.669409144425991 0.658806211051414 0.669103454193583 0.707320125841192 0.749030634355446 -9999 -9999 -9999 -9999 -9999 -9999 -9999 -9999 -9999 -9999 -9999 -9999 -9999
0.909521898984438 0.911333369474392 0.896932530553766 0.897130112666615 0.898773478001323 0.888071230009319 0.875710869091912 0.85748384660074 0.852621346761823 0.835684664254324 0.822327097130153 0.817991240818632 0.829323999493018 0.841219784277402 0.849922604677229 0.857877815410321 0.866800734239637 0.873157458756286 0.877372383860875 0.871109797345029 0.872925932721627 0.861703276992025 0.84222846025501 0.811888584749395 0.788152334548472 0.763738025213019 0.746792799067499 0.707898967096716 0.655915255712801 0.647565768660763 0.632909832649787 0.627786009031263 0.627049749959153 0.615039631273667 0.602432979493295 0.591169845759193 0.57567207865183 0.57585757589152 0.582111534756349 0.612211518800514 0.631420786126642 0.638458598834411 0.60781015286401 0.653687323194175 0.703929514489998 0.751353969077496 0.785852722178353 -9999 -9999 -9999 -9999 -9999 -9999 -9999 -9999 -9999 -9999 -9999 -9999
0.897444166221631 0.889863206020397 0.869416075327189 0.887679303647126 0.898796854019832 0.888398246950721 0.879450294317624 0.867622979252447 0.857092554036875 0.840589279686972 0.821146142390042 0.818883674349545 0.838933978496675 0.846420702253964 0.859126288615296 0.864630778487873 0.864663092944373 0.879501995846671 0.891306486816504 0.872485893286392 0.876685065230824 0.858840612780538 0.837456011431458 0.788620822447709 0.763371650981933 0.750766035627192 0.733529269923626 0.659133011245208 0.625562502399837 0.628256242580975 0.622882429224172 0.608618261071022 0.59998434763493 0.589450974573112 0.576056721567204 0.56775252350179 0.556664631335728 0.559032120249612 0.569447499181432 0.591906352397008 0.616372711429777 0.627595998425988 0.52294104406894 0.546746805633834 0.699081922693672 0.721361939621263 0.762945399528668 0.803266356382425 -9999 -9999 -9999 -9999 -9999 -9999 -9999 -9999 -9999 -9999 -9999
0.87880463740472 0.870201448417506 0.860975798359851 0.874601294998878 0.892779163763612 0.890515676081451 0.884217079227189 0.86952933221398 0.854178621215835 0.851548798557255 0.825234651124708 0.81920604970472 0.844266375084705 0.852555715459294 0.865692518989894 0.880404955413786 0.862119936451564 0.875010827126054 0.886940230686332 0.866698004939931 0.869445920324022 0.857971368696529 0.817508332173645 0.772153688199764 0.73065600191094 0.711394345377108 0.676595107329698 0.631969008510623 0.600497344497874 0.607540306116256 0.581406677907718 0.555462542117567 0.568015952611381 0.565981443913186 0.553233014621795 0.540226413629878 0.539268380692479 0.548240494521082 0.559903543584911 0.573614040106908 0.597363479653884 0.532643793831478 0.4868672361112 0.515221533175654 0.670825722383476 0.661632949664262 0.733224845562837 0.748693139893042 0.818012042927162 -9999 -9999 -9999 -9999 -9999 -9999 -9999 -9999 -9999 -9999
0.869601564063454 0.84636747028311 0.853504604482047 0.858208812974187 0.890610064846542 0.891991027912826 0.886705498397257 0.875875957138493 0.865915241610496 0.855013742000066 0.844544967018495 0.830263578572507 0.84664928888435 0.854102214872255 0.875724080818598 0.887959204574968 0.882391895975056 0.8716992957628 0.888677539450623 0.866782020275881 0.868299333735331 0.84511849537923 0.802563705226986 0.74945801049452 0.695814375985969 0.671119539517666 0.638239336856859 0.626528481668131 0.591338729537737 0.562253590854045 0.547748335907358 0.556631288032301 0.542332713840901 0.545827010024963 0.53260284726918 0.517241504614255 0.534282918188227 0.535899570281404 0.547633911835265 0.565016078414833 0.580998839778018 0.54173148361091 0.478411773988337 0.584088243735556 0.619734218062932 0.599901791823718 0.657810062055799 0.746902961019054 0.81164566700293 0.843505253837361 -9999 -9999 -9999 -9999 -9999 -9999 -9999 -9999 -9999
0.832609979121115 0.830781567225472 0.846432801212622 0.857204636019777 0.866325513533056 0.884304073441503 0.88411572287902 0.875395491004747 0.867685315171009 0.858393523651478 0.830381827904281 0.850017516540663 0.847124777805444 0.850552515715234 0.877670819028285 0.882681162944396 0.872152120846641 0.862031811049463 0.887239766889709 0.876732419621295 0.858749555228313 0.845410714076346 0.855710066582812 0.763959067977432 0.697921579356877 0.650715370701315 0.635562295820777 0.598761996790362 0.590614657408538 0.538644123073859 0.534618016974722 0.521149067975388 0.508460514103485 0.514294100800275 0.500924527747416 0.506510929259673 0.505138665673847 0.505066870362641 0.51356533949457 0.531648436653991 0.556670978604169 0.53416030505799 0.513462790095429 0.55976146040603 0.523266744044922 0.583244215886096 0.654279026163535 0.746430719802023 0.782467934841312 0.812111710930365 0.82662740484195 -9999 -9999 -9999 -9999 -9999 -9999 -9999 -9999
0.804691912614596 0.810574475871825 0.818023907279312 0.832336512778394 0.846629354363769 0.845026760633744 0.877733977610551 0.870902879229711 0.862198983531932 0.853407020935001 0.842324286634055 0.852238226078 0.849330490390069 0.849700224494491 0.889747185869261 0.903868744576656 0.858569692193373 0.858684612442267 0.882281841143153 0.861690649885921 0.839374660999235 0.81830862710861 0.803319290820374 0.759830115510894 0.692689400595499 0.642943152477925 0.617333627606611 0.584829773169133 0.578606344583724 0.523046343047646 0.489154637957245 0.466719699724629 0.449729175095652 0.449022547007972 0.443458353439998 0.451702122563543 0.459144276446205 0.469580227408007 0.501958458229164 0.503850733380101 0.522187648492945 0.485931696424567 0.425130841127458 0.493140174643871 0.490787513745236 0.532134986070156 0.6665720701964 0.747621591416048 0.769788663229041 0.789128253183432 0.802565012081451 0.813962310170845 0.803449048618739 0.766947239756477 -9999 -9999 -9999 -9999 -9999
0.782481183733454 0.785709796900365 0.777356231471745 0.790410927684851 0.827856116585034 0.826626563395198 0.846257889366977 0.868623932777088 0.86187323984869 0.857273830018713 0.852821845176906 0.852951587629013 0.850239041484755 0.852114045305121 0.880713406759418 0.867314963142473 0.829934519913059 0.825546509535477 0.83576160696861 0.8239918478151 0.810918325557683 0.781333393498705 0.750890320575988 0.71118847134434 0.677742183780885 0.638211933137866 0.61007339041451 0.578843933433446 0.558787997173508 0.493139805832005 0.449735470383695 0.414134539294357 0.394293486438991 0.401087610069035 0.399139056819571 0.407268172446967 0.403735367318684 0.434818587576082 0.47218567195617 0.462104145393921 0.488384658576156 0.487304635112184 0.37828529104421 0.440621686803585 0.487851753132382 0.54707903508374 0.635589331204414 0.717728156372962 0.69810940830565 0.753960482029896 0.774990375434248 0.789412434799023 0.776455074531155 0.752005585758242 0.759031703598074 0.761428321074664 -9999 -9999 -9999
0.777893588143659 0.753625614540008 0.706442355023169 0.743298317630435 0.793179032149693 0.814551711014175 0.807055019794926 0.807472049765515 0.841297283790166 0.86447904632149 0.866682470676268 0.859346309948254 0.851017320725853 0.849394997350063 0.814646547012568 0.799897074748288 0.804510438847682 0.802223125592741 0.80207222192619 0.800708665293762 0.783998801484487 0.736458084982229 0.710992111001147 0.705753519365849 0.662880740041081 0.628053697497962 0.601995621866698 0.591586103997906 0.542930153272238 0.461125640717366 0.444094483321171 0.426486621724947 0.421701676960234 0.406083316941279 0.39983855468539 0.40442474287882 0.416321335461577 0.433054216275326 0.45005245173412 0.453384477847992 0.449165777002805 0.420758202094226 0.377938914116475 0.419221899105709 0.494023279912449 0.574135365557001 0.64228006509319 0.577498535865419 0.640106294125028 0.677286592850208 0.740721787511288 0.730062968654171 0.692780500355417 0.722059810310096 0.757514810226071 0.784933768124206 -9999 -9999 -9999
0.688477857319825 0.747207683740673 0.712194510526202 0.715680113522276 0.748871149083975 0.768129415427393 0.764264219048893 0.757935082116695 0.762162256645126 0.858306717017922 0.886046371912732 0.8640792500402 0.857151423969852 0.807814452732272 0.770365401586725 0.785899910072048 0.793157790497365 0.791876285687265 0.770237007424034 0.773440152141428 0.766173792504327 0.712718970104078 0.693338041909052 0.68490106160182 0.671167009836547 0.642646293948793 0.610540666873771 0.600379710553852 0.540124201889689 0.47409319957148 0.442992932105329 0.404684352018515 0.385155517183356 0.363970580184949 0.35254434733191 0.366456385603228 0.37940787872439 0.38862560620729 0.421853673999408 0.436052183801174 0.45472244039561 0.453105480087261 0.398311358612263 0.397004704049107 0.429744170126996 0.480767430705834 0.57358674655603 0.603130716985376 0.640847702848191 0.655830255845694 0.684387976095022 0.670743690828694 0.604712359574706 0.685523592022557 0.750461125669664 0.786762532600155 -9999 -9999 -9999
0.720773611585525 0.732354140605485 0.699279978738095 0.698272513318414 0.699458423496768 0.750931932604391 0.734541710523426 0.695533596381204 0.744017694716543 0.798790170911054 0.864242755926261 0.851108236314359 0.807838466527812 0.709378006916909 0.707760204494226 0.724064237111277 0.777308877871532 0.75771015338238 0.737936936112835 0.752622444481729 0.701365132601119 0.704063728863207 0.69454362367771 0.706584053527395 0.688730133442525 0.62876388269385 0.62254371192665 0.547594735430744 0.50764487903156 0.444714746783837 0.408893476313865 0.395774580747824 0.365523627787743 0.33525356382636 0.318473268562361 0.322161682199509 0.317811033457202 0.331424957579062 0.384005891096887 0.40431143099272 0.41652796655521 0.426587478850108 0.360148365877068 0.362643721179958 0.36037223313002 0.433136691381241 0.516790652573633 0.537178198529492 0.581832105977985 0.631725661532625 0.618986756796279 0.613303473835335 0.58636446344439 0.644250361571461 0.729842980623648 0.763987077438005 -9999 -9999 -9999
0.641954572735909 0.631612895045824 0.652978573764954 0.638937158526387 0.614803682947387 0.630339848842678 0.734269645527239 0.73128463302589 0.740644854548028 0.75799758349855 0.750019442563477 0.736891017203689 0.668736852471973 0.646284020994155 0.694214288181172 0.699280738572516 0.729087390854931 0.748105175528536 0.692559914460155 0.699815183518382 0.688868047093839 0.706397313074569 0.709844600632547 0.703451289775824 0.639605346872906 0.609634044221211 0.584519225953948 0.505459228826642 0.450392122430586 0.379172047867457 0.356755054358585 0.369294737728526 0.327870624701955 0.322387443346057 0.293695321266638 0.317347318694628 0.290891781136741 0.308394730186451 0.34744833233193 0.358150154070439 0.371018667477894 0.387838821600459 0.335193033760384 0.373788632568007 0.38722157141096 0.413274155562575 0.455626596503828 0.495213549610848 0.528857872259413 0.531657705483597 0.523452664273494 0.562514502200187 0.597728471210829 0.662524744976631 0.720802805739677 0.750260136050234 -9999 -9999 -9999
0.682675869800062 0.460031246128513 0.497746639380795 0.527702999784629 0.582773013765708 0.408062110625826 0.654788606798059 0.70207184256104 0.722756117037343 0.741041330401051 0.714723855704801 0.659958431013393 0.584586893606306 0.630802944021022 0.661181522859407 0.632875837498062 0.687968300252405 0.726127834980286 0.691941100276408 0.661279324052863 0.690126648266802 0.717545306815503 0.708467297757872 0.658444194781958 0.603758627968477 0.592978695938618 0.535086943452658 0.478824633879546 0.403230340960858 0.334472167625137 0.345308515620716 0.326504066758784 0.297736200477504 0.301784603860401 0.304679294719378 0.291477323076622 0.238937380612482 0.255498600929741 0.290506232940022 0.326575966567335 0.322101740479015 0.320974379021886 0.340297183614677 0.391053936785441 0.440277917335524 0.46589507433687 0.476493867500598 0.490229239933858 0.504208586413793 0.525846400377939 0.549796892280993 0.569370922402586 0.602720863417106 0.66541869279143 0.70364830017195 0.747924772458457 -9999 -9999 -9999
0.573774556951529 0.54085520158622 0.512532821734246 0.501846909133264 0.428349768430315 0.361169635107052 0.596236237056937 0.675107344604686 0.663880539948038 0.685605036750841 0.6673656581376 0.597187918938353 0.568234208874274 0.577764420794316 0.591481650175584 0.637062782453256 0.668231389569806 0.68816043987211 0.66195032679818 0.650296667528817 0.671168188729021 0.692448454457363 0.669326195967649 0.612341030852158 0.578742280388928 0.56946823195443 0.512011637189803 0.45596594949034 0.38270414309234 0.323391273320589 0.338696382168853 0.295090812353328 0.262125819590084 0.236434170911554 0.282987765257356 0.235379505480177 0.173754875407985 0.195023717204184 0.243048608337046 0.294348085009894 0.293906844895584 0.317332788239047 0.363638052469599 0.391375442475583 0.448996617655872 0.474449202491779 0.498046820615221 0.509733726526947 0.523865627938917 0.532325277476344 0.524600985858119 0.538550125270832 0.587380461750049 0.629624141828758 0.698347460386642 0.748048624454185 -9999 -9999 -9999
