layers50/veg_krg_50/veg_4900.asc
NCOLS 128 
NROWS 165 
XLLCORNER -2985163.8955 
YLLCORNER -3022031.214 
CELLSIZE 50000 
NODATA_value -9999 
[rows 26 to 51 of 165, columns 0 to 58 of 128]
-9999 -9999 -9999 -9999 -9999 -9999 -9999 -9999 -9999 -9999 -9999 -9999 -9999 -9999 -9999 -9999 -9999 -9999 -9999 0.714861204669393 0.624222661366792 0.54801039069965 0.341747895881955 0.439507703676327 0.455387209141045 0.320857268696247 0.274703244049029 0.345562247103546 0.341924523450846 0.348741934137248 0.354161386162161 0.373865305438255 0.391387031089745 0.464005463279725 0.50442493194907 0.542704525684019 0.602272946427266 0.648362742230487 0.675860204526692 0.690358405026984 0.689559559167211 0.673317710325171 0.674241531624726 0.678383150871739 0.670645233495727 0.664874631333204 0.654799758977945 0.652360351663209 0.631612457079102 0.638697017883742 0.650514555676696 0.620822641539749 0.556724623425689 0.423607473049151 0.426459478453033 0.422991854938738 0.413916033942318 0.405078416302134 0.395027443762133
-9999 -9999 -9999 -9999 -9999 -9999 -9999 -9999 -9999 -9999 -9999 -9999 -9999 -9999 -9999 -9999 -9999 0.732680854163715 0.715046200114254 0.691981024315046 0.574739948699435 0.445688383872204 0.359493751979479 0.424170463742767 0.367974803513111 0.330993035874864 0.342688953205997 0.35321683718378 0.349003464761521 0.347233366332564 0.357615535899057 0.382234255165473 0.503264674819698 0.552490343595334 0.590418871577761 0.622221937549284 0.660853071637393 0.687259589396329 0.714119080516379 0.731911752904562 0.73383811149433 0.723760677014359 0.718361838349861 0.729285160696318 0.721320492009441 0.711403858109764 0.706170584266856 0.697646625632432 0.69458724506383 0.696741848170779 0.692547657125993 0.673709948481462 0.592373933496144 0.416286922893736 0.416157294657011 0.428985426249264 0.410019597574269 0.400679437894285 0.394114472629152
-9999 -9999 -9999 -9999 -9999 -9999 -9999 -9999 -9999 -9999 -9999 -9999 -9999 -9999 -9999 -9999 -9999 0.730989092544602 0.692562298961775 0.562489541768925 0.468003876769543 0.299169262384256 0.380525371241565 0.445836787923415 0.408080137280643 0.465031772639782 0.382107717946776 0.35757668753582 0.353294632596429 0.349625288965469 0.452844490226314 0.552861366302232 0.58004466764672 0.617131941608104 0.639844313008839 0.672461656869813 0.713194385358441 0.73334917382422 0.749220177953005 0.77033142966451 0.771245902929143 0.77047146651767 0.770535739897429 0.774634395905649 0.762752162326174 0.759982835431241 0.758814879202477 0.747661150988246 0.749417665251935 0.751691294128377 0.726136750688694 0.709352881193694 0.646875207871407 0.609828493978162 0.545543193534515 0.413135232278156 0.403919281518573 0.527745244028357 0.626098843236557
-9999 -9999 -9999 -9999 -9999 -9999 -9999 -9999 -9999 -9999 -9999 -9999 -9999 -9999 -9999 -9999 0.748514138409398 0.729092084446983 0.635150691521044 0.442550761211378 0.395129389173837 0.342291817326131 0.3955385462687 0.445120257785653 0.451382337866113 0.456616674686045 0.458445451026814 0.391501073257739 0.519612942237108 0.554909356865248 0.591014479151607 0.626545813736943 0.653451691110625 0.67032870709244 0.69643438250397 0.74035408003591 0.762715127315112 0.783381659144185 0.798928863519559 0.812886224714876 0.813566850859842 0.813539361779648 0.816239430409614 0.818660954581773 0.812586501884017 0.803706599028934 0.796765444412413 0.784530297762484 0.78925801947298 0.769757054734704 0.747426191619016 0.741351029915753 0.733870290661698 0.733501303902307 0.69682673172387 0.657039758172719 0.660048598649228 0.666934129107847 0.666925968988492
-9999 -9999 -9999 -9999 -9999 -9999 -9999 -9999 -9999 -9999 -9999 -9999 -9999 -9999 -9999 -9999 -9999 0.683751284322847 0.545511736573119 0.375328294784134 0.297252776257759 0.39598453479933 0.432646209024664 0.501895701157943 0.520196528760726 0.481762005559665 0.510195155066922 0.558083799817582 0.601191581867015 0.616354765305907 0.647517851858151 0.690533410189902 0.716609855570724 0.733178256251105 0.754857095467938 0.787532407491585 0.809430310402341 0.825325117975813 0.839788157116633 0.848771308222074 0.851645651382891 0.854045937411061 0.855278799835189 0.858043300856008 0.856168330090559 0.839170131317123 0.825507198159548 0.812338942506475 0.799662956660373 0.774805030384522 0.751882257129539 0.743321490393492 0.737354043663353 0.730028012140745 0.716658145949917 0.685031257189911 0.682696897714897 0.696557374081819 0.701206986805154
-9999 -9999 -9999 -9999 -9999 -9999 -9999 -9999 -9999 -9999 -9999 -9999 -9999 -9999 -9999 0.70127790302295 0.689060316481724 0.605893536973299 0.410033922772043 0.26075786127325 0.317306231124721 0.49867200668222 0.528105262504586 0.536461218197902 0.535296443832812 0.571904390366582 0.63891866977332 0.661446268590778 0.682180531036048 0.682990953616408 0.714021939595065 0.756255752475194 0.780373352154783 0.794180437884795 0.819227297578954 0.838408930474457 0.850647036028387 0.861506505133167 0.873218730403304 0.880483875397772 0.883892056539246 0.885521246615567 0.883853191792382 0.887196756262329 0.882901707800062 0.864265959810017 0.839420873076854 0.825339816425319 0.803432995953893 0.785503938547328 0.773191315065289 0.765148461000886 0.758935907909326 0.753042192508219 0.749845828387769 0.733469173813293 0.718179570033103 0.722151559395754 0.725929666788023
-9999 -9999 -9999 -9999 -9999 -9999 -9999 -9999 -9999 -9999 -9999 -9999 -9999 -9999 0.696426096992877 0.692997007071375 0.631223028921706 0.481332350101331 0.300886743385851 0.314993508787327 0.454938005622428 0.560069860399021 0.577127056680999 0.589155750666015 0.624378068550397 0.657647944755983 0.687288436678431 0.718721082117828 0.757870508817911 0.77443334128365 0.796120178790404 0.822330977681521 0.842298530769323 0.849580293175772 0.877748672587374 0.887464964908781 0.888554514888662 0.889120120061074 0.896964103447204 0.90286142836361 0.906028982612915 0.903429759484096 0.901858029166742 0.897993996729392 0.889794218858735 0.875102877700265 0.855138928484005 0.834509288222087 0.814734313453953 0.803236121865056 0.792824683451974 0.784894212772492 0.778965635862476 0.778312715278282 0.7742784563387 0.771405002746335 0.76709348650382 0.76729363602376 0.76771601695828
-9999 -9999 -9999 -9999 -9999 -9999 -9999 -9999 -9999 -9999 -9999 -9999 -9999 0.681292701798411 0.675955095798792 0.66281302580103 0.498181267245628 0.318669726685095 0.242671861884621 0.419305425425288 0.549004207588539 0.611553101971885 0.653062436256824 0.67954920722473 0.695376889377372 0.701733335021471 0.723321051633105 0.751490584625526 0.790477318982668 0.829421519931543 0.861808026972219 0.890899321323005 0.914207036510949 0.918161388235301 0.920414825439897 0.92057836789261 0.920307302580887 0.919535845265808 0.913490311186704 0.916536421168261 0.917721237425992 0.910280691922375 0.906615646380807 0.899949314341723 0.888106744861492 0.874598042705748 0.858386275704401 0.837531936780026 0.821544957169551 0.814099541603158 0.80649333089178 0.801380705715558 0.797276356076467 0.798153283867053 0.796801109379248 0.797447666311453 0.797609391240904 0.803487718751034 0.809510566354945
-9999 -9999 -9999 -9999 -9999 -9999 -9999 -9999 -9999 -9999 -9999 -9999 -9999 0.68259403185112 0.670305046472991 0.647062729412226 0.469420318353703 0.302322231161022 0.202395834697023 0.383613615981894 0.570409711724633 0.66934226603839 0.69497031405807 0.715750052130968 0.729637136083299 0.748459187042059 0.772978616355847 0.799987380421588 0.811466396213966 0.847744538215947 0.886993157920041 0.925015899858921 0.950960968507816 0.950351764996689 0.942199585157635 0.941975429458815 0.937409135953539 0.934062923019676 0.931306913082187 0.928090010951744 0.92453952912753 0.914024807444914 0.909741056433841 0.898348359020835 0.883539113640783 0.862128723438794 0.852024942011772 0.840097856698612 0.821730142911428 0.818157115164572 0.813223372215193 0.81159499757508 0.811469025506146 0.813799564770262 0.816855438469299 0.819909606740597 0.823039207056279 0.830372577090809 0.835432307245805
-9999 -9999 -9999 -9999 -9999 -9999 -9999 -9999 -9999 -9999 -9999 -9999 -9999 0.668530847152152 0.672722397227283 0.642733897840309 0.389074860873743 0.289729494704678 0.31037732666136 0.502809952992718 0.622022121235286 0.689483652150931 0.71352512293086 0.736847423753627 0.758383340087404 0.778782823598819 0.800014752077811 0.821755727060817 0.848677206167688 0.876753404517742 0.90640041260454 0.937309835816276 0.950459544977371 0.957593985238804 0.954065819307673 0.950790017748648 0.945522662367661 0.94213495487694 0.94111412757479 0.935925301472976 0.929582991657933 0.930456696956953 0.922619263579514 0.892735533450923 0.872183531391495 0.84661838116021 0.839472500701532 0.834354633648616 0.819735954959311 0.815734262851792 0.814217907789233 0.815433338944312 0.820599428672044 0.828148886063023 0.833131355594496 0.839823640437534 0.848194573055762 0.853293486068231 0.852066689599935
-9999 -9999 -9999 -9999 -9999 -9999 -9999 -9999 -9999 -9999 -9999 -9999 -9999 0.672889571908447 0.669900853360498 0.66415943019474 0.353414050680627 0.300924744843343 0.422023485080813 0.631758237769792 0.669427383537232 0.704610892787714 0.733270081178759 0.756042465576065 0.775579536118619 0.795804941653279 0.813746832115232 0.841531012084465 0.866637267639848 0.892687453197904 0.918627446489833 0.936465533808274 0.946059771611452 0.952678023051926 0.955849842866831 0.952636654750675 0.95048289514884 0.950071995836899 0.945080148716287 0.936604275821953 0.926739469707939 0.946877243646386 0.905182879400323 0.882563150336607 0.855749058950361 0.835496683619497 0.817446200173523 0.809952955053547 0.803392889748374 0.807266459604187 0.810678225587461 0.816566568875525 0.824612649316117 0.835729607993893 0.847013224474126 0.85974705180815 0.868695935880425 0.870347330982303 0.862984052398416
-9999 -9999 -9999 -9999 -9999 -9999 -9999 -9999 -9999 -9999 -9999 -9999 -9999 0.677902579261255 0.679069622434388 0.66012135104466 0.354066089768006 0.327980468412179 0.42731720646034 0.627597452172162 0.691970590851753 0.717390649370365 0.740571607556457 0.76579192886819 0.785043028479715 0.80280626604075 0.817904782753308 0.855056261791626 0.877426178592931 0.898814171921988 0.916164591097991 0.928014830252467 0.941516549611364 0.946494856733271 0.951531919997551 0.951643899954487 0.947595809768973 0.943943772488634 0.936907870101736 0.924185829369143 0.915761077630337 0.908349378437029 0.882995231476367 0.846273384305807 0.829030424816709 0.81163183729944 0.793362249070378 0.783204555515365 0.778534013052054 0.78555202680396 0.791470762803513 0.806663640325303 0.819291681274666 0.837223368190943 0.858765599478987 0.878524431396699 0.886385531349531 0.886413349698739 0.882108008074663
-9999 -9999 -9999 -9999 -9999 -9999 -9999 -9999 -9999 -9999 -9999 -9999 -9999 0.641191854845493 0.670127335676353 0.664255431716461 0.537457464189314 0.379137964883585 0.443480205713179 0.644636692217764 0.704255835334839 0.727334305555246 0.741336957713777 0.76112912108586 0.778671658274236 0.792678165410663 0.822437322826323 0.854681650182818 0.873188146111551 0.893798610393006 0.909442533990356 0.916029527315506 0.933896916408956 0.937309616008796 0.950533538619034 0.945814266560716 0.936144187568651 0.927131306479886 0.919185043008775 0.910895201638368 0.897340657697384 0.870616980541359 0.840688717412482 0.821749203642506 0.800459652962459 0.78709051710411 0.776982925182562 0.767812706471786 0.761989255556401 0.763641689594258 0.770415457354565 0.78473873969155 0.802661246794647 0.834783275341994 0.868198828175771 0.897219610992349 0.908428230836578 0.903666840488437 0.901414917049939
-9999 -9999 -9999 -9999 -9999 -9999 -9999 -9999 -9999 -9999 -9999 -9999 -9999 0.662027794973078 0.646720292583389 0.645140352816917 0.509989116381505 0.377631638176577 0.481367676233509 0.684399117658235 0.720046004931751 0.732894492344151 0.741073948909083 0.759825434157412 0.777873654328689 0.793611463619773 0.809829535961518 0.830263430568639 0.852149830907791 0.868168366930231 0.888949963575851 0.895496393110735 0.909751181119295 0.935440824046894 0.937008692762595 0.930912907849032 0.920351526376496 0.913239669469162 0.903352786836075 0.882776977466981 0.855553645187949 0.842579524942769 0.812111420496517 0.796712384631987 0.781941659406079 0.769930921772632 0.758032810518674 0.749898812720675 0.743899383611147 0.742931462574766 0.744713558257806 0.752007525058463 0.776468488747205 0.819372401965279 0.872273072440761 0.911993893401095 0.927096153171604 0.920491132765967 0.910454118542201
-9999 -9999 -9999 -9999 -9999 -9999 -9999 -9999 -9999 -9999 -9999 -9999 -9999 -9999 -9999 0.576055255740833 0.346768519546654 0.412896530655776 0.570252737778851 0.671409935275435 0.713099834582321 0.729644523905005 0.740009932579742 0.75586959300397 0.768647043721798 0.78734238691875 0.805376651764817 0.821060604781878 0.839269030863444 0.857595637870847 0.865110609213184 0.875264218449776 0.894094418748629 0.906933717544811 0.910664413467228 0.903784291689249 0.903457715834106 0.889710855686286 0.873740525783713 0.862412059035057 0.846096944894256 0.818224816667054 0.796793879620055 0.777262153006656 0.761302475028325 0.748660744247105 0.734502285044526 0.727964817758654 0.728127617477565 0.730730898206338 0.732230920042559 0.733842156215679 0.753202552368391 0.805062810293576 0.86794263803596 0.921229432437604 0.934959404988815 0.92161853888777 0.909289999363334
-9999 -9999 -9999 -9999 -9999 -9999 -9999 -9999 -9999 -9999 -9999 -9999 -9999 -9999 -9999 0.576299294606551 0.423974325879397 0.407887503473617 0.573866913019125 0.655746161143279 0.702388307817337 0.723062850545325 0.733861952141489 0.751020671140264 0.761769151002168 0.778183643657113 0.795936023011277 0.815658153780677 0.830407004826515 0.843011326505704 0.847424888484448 0.860690185783131 0.879503098632556 0.88656187307925 0.884311278501327 0.880704945658838 0.879570460583614 0.86801305555589 0.834099316942062 0.821457587469173 0.813414526005522 0.79097571058344 0.770437266499949 0.757774056179178 0.73687674072419 0.715836674465768 0.706098877061655 0.704346233563188 0.710133703307343 0.71306770198704 0.720481237717156 0.73478245638752 0.758533796434189 0.803402617068348 0.860073900420445 0.907573580581987 0.923287659009255 0.917523755071656 0.906068434944255
-9999 -9999 -9999 -9999 -9999 -9999 -9999 -9999 -9999 -9999 -9999 -9999 -9999 -9999 0.688467374633383 0.615324409105404 0.468360909498062 0.471180274939288 0.591636482539561 0.662504515043637 0.685987366400126 0.7204761992562 0.733880813247749 0.743767576059961 0.749959136524145 0.763970060531425 0.778137101949112 0.796912506489647 0.818145401897424 0.829795421798207 0.831797467170893 0.842689661092676 0.85066084958757 0.860794751476774 0.85910808862418 0.855453307582029 0.840132909377617 0.824056173504037 0.78828378506114 0.781912686059642 0.774880123532341 0.7631182047609 0.749825371918664 0.731950393995014 0.708803371565461 0.690284274665657 0.687361630167213 0.687150469725558 0.694046844449729 0.696141303245994 0.713920483818945 0.735949465541047 0.761286092653995 0.79699038002131 0.839532368230438 0.876744377389595 0.900937798666494 0.905142914318468 0.899432115933798
-9999 -9999 -9999 -9999 -9999 -9999 -9999 -9999 -9999 -9999 -9999 -9999 -9999 0.700669959372698 0.695038227766914 0.614137207655815 0.507970291856871 0.450293280075024 0.58149623893315 0.674000293463151 0.685759983999332 0.724398650661264 0.733236961916287 0.742477303345194 0.748423004920857 0.758551881784303 0.766617544435362 0.779077704130331 0.789006953698827 0.800779063340565 0.811112522524598 0.820281802910725 0.832738374904196 0.832325444618093 0.831165521898533 0.821333687386712 0.799454115246495 0.769865552774584 0.758024532363652 0.755117974812165 0.745651985990414 0.734920103033344 0.721596234613326 0.70454989441437 0.68793898794384 0.6811363019035 0.669346357329918 0.67380239734659 0.679843585692239 0.688720559360623 0.707665967966542 0.729525584471387 0.754439358846242 0.783253407745935 0.814735482486464 0.847701400289947 0.875909058177101 0.890515148766501 0.890425221616619
-9999 -9999 -9999 -9999 -9999 -9999 -9999 -9999 -9999 -9999 -9999 -9999 -9999 0.717632954430031 0.731607698822331 0.622924666109018 0.524013846109857 0.521543947841641 0.586292682789284 0.699932836873367 0.707359250864682 0.731654813527566 0.733875232182469 0.732091081437398 0.737533365565683 0.744007178979565 0.751126524380641 0.763592313924161 0.77014868035642 0.775408718640807 0.78093524860126 0.786805848041351 0.798602436375821 0.790447368188199 0.797957111907461 0.7854563899558 0.760137762721533 0.74757654655691 0.735159417010435 0.726098064099152 0.71962067611848 0.700824455016411 0.684458358689629 0.679646245210805 0.66210816162222 0.655899189255236 0.646501905617329 0.643688278390303 0.664080500886037 0.676428155737174 0.692938416073536 0.713084955304204 0.741644708645177 0.768919588795317 0.795273675729427 0.824967596396531 0.843765719173706 0.859458604716554 0.862488936975035
-9999 -9999 -9999 -9999 -9999 -9999 -9999 -9999 -9999 -9999 -9999 -9999 -9999 0.743977692145125 0.734909242271776 0.654237613700466 0.44418778566973 0.492526134504166 0.623776075994995 0.65430522505866 0.647647813442109 0.685974832838788 0.683115019933381 0.707552323046084 0.71604063639792 0.719856482805392 0.730687335168432 0.741554046211483 0.750570086076333 0.75756644780235 0.760676681668879 0.765032922655121 0.762028905102924 0.764211338907096 0.77801621478278 0.774063363405736 0.75391593092322 0.738360024189486 0.722352476161904 0.713244878644064 0.690220480681575 0.671388641765645 0.666961122259572 0.652931317079908 0.649192207776947 0.629410460887402 0.613152879816528 0.618660330839015 0.64282382675883 0.653640682920031 0.671241559680409 0.694523778084551 0.720634415945031 0.748018187768689 0.77009479025079 0.800173540416502 0.815562766724329 0.828464168738963 0.841084864982783
-9999 -9999 -9999 -9999 -9999 -9999 -9999 -9999 -9999 -9999 -9999 -9999 -9999 0.76643383550859 0.765028035790428 0.729433451231306 0.569048019705928 0.507413340760729 0.627263227672202 0.566506182263142 0.579195486368478 0.640146199343851 0.641121240418877 0.674901757330069 0.677408096186009 0.690494883297513 0.708422864298536 0.718338438359873 0.725563055514246 0.731183721962273 0.733550525242723 0.739389279703224 0.743371794556292 0.740819321091576 0.740138033562474 0.736368056215846 0.729896216325524 0.726667481920958 0.724739408054376 0.716778341295223 0.688469549078786 0.680202363704014 0.667451144241677 0.647828934641951 0.63089742107276 0.609584882848167 0.58983914168051 0.591342654133743 0.613258392958697 0.630285962259191 0.647325229109664 0.677933873262688 0.707105839858627 0.732044669023777 0.756984743009688 0.77457714908087 0.789463000438392 0.800683401594804 0.812451658401967
-9999 -9999 -9999 -9999 -9999 -9999 -9999 -9999 -9999 -9999 -9999 -9999 -9999 0.755019203759535 0.738917207963197 0.706945448809197 0.637505547073805 0.531464126397036 0.594400186804449 0.56540692602238 0.553747551011207 0.621928060173192 0.62926581307133 0.649078724590524 0.655085511816722 0.658557593951236 0.663579558348659 0.662161212548771 0.688467972691711 0.699971702545734 0.704918554938429 0.715841574352409 0.71673063541302 0.7197668909631 0.710854031053436 0.695964830237386 0.691302614107916 0.695064585206513 0.692505600174396 0.696833545383658 0.695415548876827 0.687104996383893 0.668968794851833 0.649776201969565 0.634832319879864 0.614453383761194 0.606445919333476 0.600333219609769 0.613269025523666 0.617904142531119 0.629616519071439 0.645614694813177 0.672850438466141 0.701944286580761 0.726974943918653 0.751094069497863 0.765350873596741 0.78134174612173 0.791604698079808
-9999 -9999 -9999 -9999 -9999 -9999 -9999 -9999 -9999 -9999 -9999 -9999 -9999 -9999 0.737946967040996 0.738698549813181 0.672166059775901 0.594001445125174 0.511913558183557 0.498225077688154 0.518874848595995 0.624728522446044 0.643730196518657 0.647188524033702 0.628507290642609 0.62250812793294 0.623559632353782 0.618080851353514 0.608271216549589 0.604237275638956 0.649224527823513 0.688674877831271 0.699073399225399 0.689539782349828 0.6828328331118 0.682247106234831 0.667770349358532 0.65829891836398 0.672501292003418 0.681089386244207 0.676034016313515 0.664396038161047 0.658318570527229 0.652549554079107 0.632947805524453 0.618632011841795 0.59763899470811 0.589077035813241 0.594620919614088 0.599074738349569 0.612968280081454 0.629321468323985 0.650439592850718 0.6653712026644 0.693372001855894 0.715807731145775 0.733917570184905 0.753250801231029 0.768928716668528
-9999 -9999 -9999 -9999 -9999 -9999 -9999 -9999 -9999 -9999 -9999 -9999 -9999 -9999 -9999 0.748644380841898 0.65089351852562 0.630946008494657 0.568659930994859 0.500160585314748 0.535703699206928 0.584220833687321 0.623767205843726 0.62122809512483 0.593432321772827 0.589713206188456 0.597578918922096 0.592526489327961 0.571979024512268 0.577141139500862 0.615173686253877 0.660120245702604 0.670946748008884 0.653169308955994 0.655511400047098 0.639687122057621 0.57547216711289 0.560535202486188 0.590241047850834 0.624291680136553 0.607024030559616 0.608327911275053 0.612720423580862 0.597040862421429 0.581367370791615 0.555817127900887 0.549962496741296 0.54775466098035 0.556249836272606 0.575276093169185 0.589238825880039 0.60601699601244 0.623247354195061 0.64239986006507 0.679878316372611 0.684483519096532 0.703991622049761 0.715001530628196 0.723754678791103
-9999 -9999 -9999 -9999 -9999 -9999 -9999 -9999 -9999 -9999 -9999 -9999 -9999 -9999 -9999 -9999 -9999 0.641971180604856 0.582871137105289 0.497898216063463 0.521342307009264 0.522750001479652 0.562716210182207 0.584069847147639 0.572281379552058 0.563888541033446 0.567963490809384 0.551496499171935 0.546766733646655 0.580309808265174 0.598529026574857 0.593743916015431 0.571259783819745 0.577333979611855 0.578984782434489 0.575032193773982 0.572647885969529 0.567674971931072 0.591246195619462 0.60428982171416 0.605216139111392 0.601263900550051 0.591390854600595 0.575994904788437 0.549946492471977 0.527962469519795 0.524648976348227 0.527856043093881 0.532127163653062 0.5450198987455 0.559123647861927 0.575500345944497 0.592290328344039 0.606350140149148 0.623747943927543 0.65246473302948 0.662854330564102 0.684447477581289 0.70322657380967
-9999 -9999 -9999 -9999 -9999 -9999 -9999 -9999 -9999 -9999 -9999 -9999 -9999 -9999 -9999 -9999 -9999 -9999 0.596674883398994 0.478810583775654 0.471597470305502 0.491445279920346 0.472446174369304 0.520361161248799 0.534160438850715 0.523689786965673 0.521582294512251 0.5139807687263 0.539128088163552 0.574520309962018 0.569774529480044 0.563550161869935 0.565766983303027 0.57766722816815 0.583131406411811 0.589794009299196 0.588934576911771 0.612612923319008 0.62074050230044 0.607777816190285 0.590631132269763 0.585191156510526 0.573734798992753 0.561144511162391 0.53039864150247 0.514337154398176 0.513679156213719 0.510253232555131 0.499909303974434 0.510156460941201 0.53026405243436 0.545528538150162 0.558651313414235 0.574135917289836 0.586664387250796 0.60826700809147 0.635420873194834 0.64718064089037 0.672825182800547
