layers50/veg_krg_50/veg_700.asc
NCOLS 128 
NROWS 165 
XLLCORNER -2985163.8955 
YLLCORNER -3022031.214 
CELLSIZE 50000 
NODATA_value -9999 
[rows 52 to 77 of 165, columns 0 to 58 of 128]
-9999 -9999 -9999 -9999 -9999 -9999 -9999 -9999 -9999 -9999 -9999 -9999 -9999 -9999 -9999 -9999 -9999 -9999 -9999 0.473554922845252 0.431428826954819 0.416317715376847 0.450164434076821 0.42782492276048 0.520768383484419 0.556265952014445 0.58559574173564 0.599848995179374 0.662260373273582 0.67928949560486 0.688665034458016 0.69368547670934 0.76081809032769 0.758831074576578 0.766661516716643 0.771794842664586 0.819143784654817 0.869890885044964 0.861888678209621 0.83009531637036 0.800491347861818 0.779326870867375 0.722028491969321 0.681121185122359 0.664002592568547 0.64318210683585 0.618538763821394 0.609155300365593 0.603150251477091 0.618007353475721 0.63216172222846 0.655453036471845 0.674315803642697 0.631926372977345 0.590569806170284 0.566581051731341 0.557842048142992 0.569782871692683 0.635177326539472
-9999 -9999 -9999 -9999 -9999 -9999 -9999 -9999 -9999 -9999 -9999 -9999 -9999 -9999 -9999 -9999 -9999 -9999 -9999 0.478650605594291 0.404770302520012 0.305770457255597 0.336916432767342 0.345766072058989 0.39816790278586 0.494674869872021 0.552874367540638 0.60379285783111 0.622332758356405 0.667425604883318 0.671755394850119 0.712163315533545 0.762981719534557 0.767473177112125 0.775300363780352 0.839749512343267 0.871814347972091 0.884326656085383 0.865362486069691 0.83830926247818 0.81123700286189 0.78107473419032 0.741291466551818 0.70460107768105 0.69314401256689 0.661797021823384 0.631154624085707 0.617221902148055 0.599032979653497 0.597952503087121 0.594398278736052 0.60737036919989 0.631253747725495 0.623657246011682 0.635583521757098 0.557149859208423 0.45593000105192 0.524467945538955 0.616330623235002
-9999 -9999 -9999 -9999 -9999 -9999 -9999 -9999 -9999 -9999 -9999 -9999 -9999 -9999 -9999 -9999 -9999 -9999 -9999 -9999 0.436245520219593 0.282604018220957 0.232836279272345 0.24555738655557 0.289067190463874 0.369402842728739 0.547657867097847 0.612923592023377 0.605262749405937 0.658154320693229 0.674228476007936 0.720806333991651 0.755778795250168 0.748686911553971 0.838968807013484 0.900033538495137 0.896126473754413 0.889731236882945 0.872744733972026 0.843047479660311 0.821385389060805 0.785429712468064 0.746500301493553 0.717826485544948 0.697909485697787 0.662261542635044 0.627828755159527 0.619497550462191 0.596588972816617 0.584325735649288 0.590371683812645 0.599914926826498 0.588888538747886 0.624606003938163 0.666301185714765 0.672622521215898 0.500270879467745 0.445261692613446 0.58458922253544
-9999 -9999 -9999 -9999 -9999 -9999 -9999 -9999 -9999 -9999 -9999 -9999 -9999 -9999 -9999 -9999 -9999 -9999 -9999 -9999 0.392578629002921 0.220105386004739 0.167539505728024 0.178342279593481 0.249229047729888 0.308513371792838 0.500973156186023 0.604211435753643 0.609596621492874 0.627834270890555 0.687691205255023 0.723382497324036 0.740412580930056 0.812125558526065 0.895941453663242 0.902086033081305 0.901682562540051 0.886534290477451 0.884353032487152 0.85057765952525 0.820697530183903 0.788015632650321 0.754787703470845 0.727813269419278 0.695480857989051 0.654017716100721 0.623024664579457 0.610557248094306 0.59060198369995 0.577334442537378 0.606657238921894 0.623828487304121 0.606947849659979 0.592020046207426 0.613941735927498 0.656126625099456 0.681191204528028 0.700309861593578 0.565295890688957
-9999 -9999 -9999 -9999 -9999 -9999 -9999 -9999 -9999 -9999 -9999 -9999 -9999 -9999 -9999 -9999 -9999 -9999 -9999 -9999 -9999 0.317367189325174 0.214849383367244 0.120063913173581 0.179542414667856 0.251419378103342 0.359442789105785 0.567191641372195 0.598363463979772 0.605009568206411 0.673518080468125 0.726244865862843 0.817356455850901 0.877839525760438 0.896719256986923 0.894694383395849 0.903290886845574 0.89886210588778 0.878447304712259 0.859223327743948 0.822650875010876 0.78632121686352 0.762446346970779 0.733186149673322 0.695646543473953 0.656447329997842 0.614434952674793 0.587545567514389 0.574019105060969 0.558410160773485 0.55408965604242 0.584050514294236 0.608437738545998 0.586606046144176 0.581736047692986 0.599454903794106 0.643119739619801 0.645063688715116 0.652448810880164
-9999 -9999 -9999 -9999 -9999 -9999 -9999 -9999 -9999 -9999 -9999 -9999 -9999 -9999 -9999 -9999 -9999 -9999 -9999 -9999 -9999 0.364667540896876 0.3162527515219 0.12753579398148 0.151974950647996 0.244420434697015 0.391759576315706 0.506130629405909 0.552157005614303 0.590360671375743 0.657085886786762 0.791270361967784 0.887600112229152 0.889994714352865 0.884122685530756 0.899564415154972 0.911531921184331 0.904247419306188 0.891591519499886 0.87955571601464 0.848858242351765 0.808217110609619 0.782287619782191 0.742297477930029 0.698728875265901 0.654912321232554 0.608612990730034 0.574991451721565 0.554321565375198 0.531843674626485 0.530956104641307 0.560348644475613 0.555805150756109 0.549778193851301 0.589170666918363 0.600994273313943 0.586050047928786 0.595270809691926 0.633741288619426
-9999 -9999 -9999 -9999 -9999 -9999 -9999 -9999 -9999 -9999 -9999 -9999 -9999 -9999 -9999 -9999 -9999 -9999 -9999 -9999 -9999 -9999 0.336021832926428 0.20945128347924 0.145670860799689 0.210143864059963 0.275746539856939 0.314314288986419 0.37193564261561 0.531699089852887 0.727549287028127 0.829539078535089 0.866541064037082 0.884971537013774 0.88526384927132 0.91259629636885 0.918670238733506 0.918275956055494 0.914251568124098 0.898723911918259 0.871933333003483 0.83623095108506 0.798368150260373 0.754120910146344 0.703655405454332 0.653316289410113 0.605104929116789 0.563887136763764 0.535096423501779 0.499544696594972 0.492905271682323 0.5112801602321 0.521576317301981 0.542136753033981 0.57776220650495 0.623236075525202 0.620724559462873 0.589679884398681 0.59700251385171
-9999 -9999 -9999 -9999 -9999 -9999 -9999 -9999 -9999 -9999 -9999 -9999 -9999 -9999 -9999 -9999 -9999 -9999 -9999 -9999 -9999 -9999 0.340113908112155 0.255907764770814 0.19426454484843 0.168350250223925 0.185846050170757 0.211200602040849 0.272158078616341 0.596267617085466 0.70455595676845 0.662295159923952 0.7952688244974 0.659486327934358 0.526426453386235 0.815605904243914 0.908912712445732 0.931793174889585 0.932861190920954 0.919868352277046 0.892968365460167 0.863034812374411 0.825763870220648 0.774607296954093 0.719441362328166 0.65898153687007 0.60210319437193 0.554527229432561 0.518305215391087 0.479790897518658 0.445727926735239 0.452854711969419 0.490753455986474 0.536481313843382 0.571579176971159 0.58614122488387 0.601775833303434 0.59904720672459 0.634565544311274
-9999 -9999 -9999 -9999 -9999 -9999 -9999 -9999 -9999 -9999 -9999 -9999 -9999 -9999 -9999 -9999 -9999 -9999 -9999 -9999 -9999 -9999 -9999 -9999 0.294580232639543 0.191624576669645 0.151658374453165 0.188911560842377 0.337750750238359 0.545804319057367 0.713368358478028 0.595291142587314 0.740114175295502 0.566433929369676 0.484408569226578 0.749924130588332 0.867788695414198 0.937955640719398 0.950077568057685 0.94061867679 0.919442089968786 0.893248143913491 0.859536626996599 0.814224082905801 0.745014948888422 0.675013571476823 0.605113935289151 0.551058651868168 0.509264394540716 0.467989526325976 0.433204649232498 0.426213711074257 0.510841010145798 0.563780920550287 0.585787461240392 0.577198136614386 0.577040612052668 0.56936628043901 0.609708010659489
-9999 -9999 -9999 -9999 -9999 -9999 -9999 -9999 -9999 -9999 -9999 -9999 -9999 -9999 -9999 -9999 -9999 -9999 -9999 -9999 -9999 -9999 -9999 -9999 -9999 0.283720750437089 0.131161806769223 0.123759857141796 0.186651040044536 0.324663336793547 0.490227311156634 0.523610680318979 0.491914451782689 0.440502290684934 0.418065078261449 0.635709312494186 0.686867054361372 0.806431878977461 0.885216617196873 0.907307558843123 0.912550283154992 0.899363037631112 0.886811669342799 0.849433331990328 0.780353614457956 0.70438211586309 0.628694002523192 0.562823410918946 0.511556253630297 0.472827129716672 0.43852357467838 0.447641449229288 0.56077276262737 0.594270192069877 0.588270852481994 0.581960723818236 0.554254211975039 0.533673422058126 0.533093189567945
-9999 -9999 -9999 -9999 -9999 -9999 -9999 -9999 -9999 -9999 -9999 -9999 -9999 -9999 -9999 -9999 -9999 -9999 -9999 -9999 -9999 -9999 -9999 -9999 -9999 0.411210777980501 0.262130494874539 0.0953919749251281 0.108499131514852 0.209321935171805 0.254819973329855 0.331564232060985 0.35161066978398 0.291783041830398 0.288207453393521 0.297981703034763 0.323688239151268 0.479606475360123 0.631617917797616 0.815511954198922 0.866365756980682 0.887007512747222 0.89710597719464 0.879576427635023 0.815565136478082 0.737698551673863 0.659405653696496 0.588436488406936 0.530177400969415 0.483750574406185 0.449808688033794 0.473458112833484 0.529200798588682 0.554296982951215 0.566629532406374 0.570260796674402 0.516060384299079 0.510831392658066 0.494463317029724
-9999 -9999 -9999 -9999 -9999 -9999 -9999 -9999 -9999 -9999 -9999 -9999 -9999 -9999 -9999 -9999 -9999 -9999 -9999 -9999 -9999 -9999 -9999 -9999 -9999 -9999 0.502976741339264 0.195441319349538 0.129820097664792 0.148105830268927 0.225205192011209 0.246742607724256 0.350407061198059 0.208920868677904 0.240031382146366 0.243099959373928 0.179984021296912 0.258294646110467 0.252970083782014 0.492950331590766 0.659018145603825 0.767505679460007 0.848460990937481 0.85602254173244 0.83606085938213 0.766904881410331 0.704092336636787 0.610344483957326 0.542721960334879 0.498490681003281 0.446658024767127 0.457313034960313 0.477982315281846 0.491779593338536 0.504640805221904 0.492822363597896 0.472548601537746 0.461093052948238 0.433235985728687
-9999 -9999 -9999 -9999 -9999 -9999 -9999 -9999 -9999 -9999 -9999 -9999 -9999 -9999 -9999 -9999 -9999 -9999 -9999 -9999 -9999 -9999 -9999 -9999 -9999 -9999 0.637367038108586 0.411600657085329 0.327905890706228 0.154920903285694 0.170771727954466 0.142127610200523 0.166190673849682 0.1261124603692 0.172601011419019 0.143566640313795 0.145356796878659 0.188489163233333 0.148341298359289 0.132032913663897 0.203718375995501 0.495907007154161 0.703699142855657 0.782952704213986 0.804829126200784 0.76786904883385 0.703630126458516 0.61500024782026 0.552449286988043 0.508594554153317 0.461216001567736 0.439409892878069 0.427726436862748 0.422370335185503 0.425843056306095 0.426560300144518 0.424404791180803 0.422615160160772 0.402875817390331
-9999 -9999 -9999 -9999 -9999 -9999 -9999 -9999 -9999 -9999 -9999 -9999 -9999 -9999 -9999 -9999 -9999 -9999 -9999 -9999 -9999 -9999 -9999 -9999 -9999 -9999 0.620512273448812 0.636188043306723 0.550966538620374 0.244331234394795 0.150728641213383 0.115850039762824 0.027112843125117 0.0184343573450659 0.0624897177659691 0.138296197991336 0.151644044924752 0.157894126731917 0.158290440968832 0.122546268726084 0.0225089020769745 0.301955130708999 0.708101946078017 0.756980456180371 0.713949918408062 0.673747998187458 0.618248691219751 0.593037776724109 0.546303205941149 0.504677163739709 0.458527012074736 0.41208414241468 0.380251323279193 0.361576263457384 0.36693205498565 0.371917877475991 0.374431369182736 0.375602617238056 0.376532556112229
-9999 -9999 -9999 -9999 -9999 -9999 -9999 -9999 -9999 -9999 -9999 -9999 -9999 -9999 -9999 -9999 -9999 -9999 -9999 -9999 -9999 -9999 -9999 -9999 -9999 -9999 -9999 0.648518452772707 0.609452117226573 0.444528506585759 0.265763418202041 0.15713095648741 0.0878108601944534 0.140518119093408 0.0490664897104282 0.0703634080140065 0.0787466814565046 0.0934616410963179 0.135518009509902 0.13344664315853 0.061138516472809 0.270956344350188 0.594685324572444 0.650214442751502 0.628309165144755 0.512151158446134 0.539850054663558 0.586735032312206 0.548362182812437 0.496979713313777 0.447320273790424 0.389682252598423 0.345403023284958 0.315533728269267 0.319555313400902 0.329558860634406 0.331984912171568 0.333256856859004 0.335805191133232
-9999 -9999 -9999 -9999 -9999 -9999 -9999 -9999 -9999 -9999 -9999 -9999 -9999 -9999 -9999 -9999 -9999 -9999 -9999 -9999 -9999 -9999 -9999 -9999 -9999 -9999 -9999 -9999 0.574172536243102 0.535980989845383 0.462651362849145 0.351113071750195 0.448101625191965 0.159980391024058 0.140992956329355 0.136470959782557 0.0613906794804561 0.0385796326393353 0.0580085683400113 0.12210199722601 0.119913940104246 0.145942076125293 0.20439076122698 0.307720179593853 0.541832547686039 0.525797889607024 0.547180813469478 0.5839916002577 0.553957945547365 0.489126433504581 0.42719170091955 0.35261973680142 0.323207796457752 0.304421615530775 0.286153513139323 0.296226519485342 0.297596137725164 0.296313775515712 0.306839148214685
-9999 -9999 -9999 -9999 -9999 -9999 -9999 -9999 -9999 -9999 -9999 -9999 -9999 -9999 -9999 -9999 -9999 -9999 -9999 -9999 -9999 -9999 -9999 -9999 -9999 -9999 -9999 -9999 -9999 -9999 0.576347084989212 0.563006826375033 0.549554610836891 0.464389791370119 0.397191469697174 0.219578656995779 0.0700850947119955 0.0960704836395008 0.0208725776803079 0.0618575549767368 0.079457634968959 0.0955362335910139 0.034636333690691 0.0206787876714252 0.373315869793781 0.394336822418228 0.414164883101658 0.535484512817254 0.554167839710839 0.489489974077079 0.404206669187815 0.308213973248431 0.310875517027326 0.30995511526688 0.277167471515449 0.27312184849147 0.275555426998679 0.268721660894815 0.281519287257065
-9999 -9999 -9999 -9999 -9999 -9999 -9999 -9999 -9999 -9999 -9999 -9999 -9999 -9999 -9999 -9999 -9999 -9999 -9999 -9999 -9999 -9999 -9999 -9999 -9999 -9999 -9999 -9999 -9999 -9999 -9999 -9999 0.514252898385096 0.723763038846319 0.587402914035897 0.451482202963318 0.238071496703334 0.241339863020476 0.0005907366086508 0.00906217651341141 0.0398650492372415 0.0763836657134044 0.0506790325490973 0.0238814400101539 0.232110235249786 0.242750238484468 0.104063506723452 0.29327614623639 0.519362536082115 0.492245857058758 0.402737258877191 0.286814433494676 0.293767056327905 0.309191145611339 0.275281797086323 0.2720901120651 0.267495955633204 0.263122202826844 0.263800671075413
-9999 -9999 -9999 -9999 -9999 -9999 -9999 -9999 -9999 -9999 -9999 -9999 -9999 -9999 -9999 -9999 -9999 -9999 -9999 -9999 -9999 -9999 -9999 -9999 -9999 -9999 -9999 -9999 -9999 -9999 -9999 -9999 -9999 0.796099231893343 0.631745565756489 0.691876139036627 0.57891854039394 0.247758643790015 0.0417741338103409 8.91673507717905e-05 0.00207992997763163 0.0621060344827239 0.01923328851912 0.0429628340447957 0.0347297103521632 0.0627996313107902 0.140776185864634 0.121544006814311 0.0569795093210349 0.287043704398012 0.367755012851374 0.313797863608234 0.284037319172854 0.274816978510558 0.264198893509129 0.263987603488637 0.261703999708298 0.256970344389721 0.25096569691986
-9999 -9999 -9999 -9999 -9999 -9999 -9999 -9999 -9999 -9999 -9999 -9999 -9999 -9999 -9999 -9999 -9999 -9999 -9999 -9999 -9999 -9999 -9999 -9999 -9999 -9999 -9999 -9999 -9999 -9999 -9999 -9999 -9999 -9999 -9999 -9999 0.581328843257215 0.509501850696657 0.359613265382933 0.0801835350046417 0.027343387746821 0.0483204519132125 0.0594417198261368 0.0656818248166404 0.0700268085242162 0.0269346143525982 0.0948754305051802 0.138191571457332 0.0761086416703828 0.0828803284077828 0.229727296788618 0.258724899307783 0.265665255890655 0.261483976267477 0.253146818229376 0.250306249044801 0.249600383250264 0.246689991225019 0.239123605562516
-9999 -9999 -9999 -9999 -9999 -9999 -9999 -9999 -9999 -9999 -9999 -9999 -9999 -9999 -9999 -9999 -9999 -9999 -9999 -9999 -9999 -9999 -9999 -9999 -9999 -9999 -9999 -9999 -9999 -9999 -9999 -9999 -9999 -9999 -9999 -9999 -9999 0.726363054096732 0.693298114423808 0.431000001481537 0.0372122915063005 0.00938964636049966 0.0423190740101182 0.0513520406521893 0.0708077883450145 0.0297669472671812 0.00245667915570331 0.070001963220605 0.186713930464669 0.226217159563561 0.243781719896506 0.205579860596579 0.227708386470991 0.244712592997913 0.241714448354869 0.240817715926198 0.239363366074916 0.236260292282797 0.227711231045225
-9999 -9999 -9999 -9999 -9999 -9999 -9999 -9999 -9999 -9999 -9999 -9999 -9999 -9999 -9999 -9999 -9999 -9999 -9999 -9999 -9999 -9999 -9999 -9999 -9999 -9999 -9999 -9999 -9999 -9999 -9999 -9999 -9999 -9999 -9999 -9999 -9999 -9999 0.743373649456271 0.537425505729044 0.115858403009286 0.0216665921975973 0.0681788377802366 0.0788928012140624 0.0691502118956539 0.0390373630879686 0.00379271788025667 0.0417144186039818 0.164929315183044 0.217876363682466 0.215145727945522 0.183474921866307 0.200182816922164 0.234977260105722 0.234714320814347 0.230602337624633 0.229126961498434 0.226071497627633 0.220920540947911
-9999 -9999 -9999 -9999 -9999 -9999 -9999 -9999 -9999 -9999 -9999 -9999 -9999 -9999 -9999 -9999 -9999 -9999 -9999 -9999 -9999 -9999 -9999 -9999 -9999 -9999 -9999 -9999 -9999 -9999 -9999 -9999 -9999 -9999 -9999 -9999 -9999 -9999 0.606508608815622 0.512603407654998 0.193952093799694 0.0344290432782997 0.0549236384731101 0.0857754908157553 0.0674287593526992 0.0339779560354608 0 0.00434758876959838 0.111958914885161 0.141417148400155 0.144210853998739 0.210461329696751 0.214045423969724 0.224755714282902 0.22890580236733 0.224038192797028 0.221496913286338 0.218883947551336 0.237527553975829
-9999 -9999 -9999 -9999 -9999 -9999 -9999 -9999 -9999 -9999 -9999 -9999 -9999 -9999 -9999 -9999 -9999 -9999 -9999 -9999 -9999 -9999 -9999 -9999 -9999 -9999 -9999 -9999 -9999 -9999 -9999 -9999 -9999 -9999 -9999 -9999 -9999 -9999 0.56235397424819 0.521767023312886 0.336440434463494 0.0926509729062968 0.0589988469643003 0.0819381929474943 0.0503590003810556 0.0238249825051951 0 0 0.0388081663219478 0.082295062008046 0.129846565806051 0.204908070101475 0.229424282959949 0.220869107847757 0.222212240411702 0.226274167949478 0.22481382869538 0.221974681151492 0.258532198170153
-9999 -9999 -9999 -9999 -9999 -9999 -9999 -9999 -9999 -9999 -9999 -9999 -9999 -9999 -9999 -9999 -9999 -9999 -9999 -9999 -9999 -9999 -9999 -9999 -9999 -9999 -9999 -9999 -9999 -9999 -9999 -9999 -9999 -9999 -9999 -9999 -9999 -9999 -9999 0.472530658485607 0.414427237770847 0.134064539435203 0.0410095969020532 0.0696148105742208 0.0181144298953599 0.0312327610312397 0 0 0.0656245265056542 0.0971824329433275 0.167613537164201 0.209285628361754 0.231894691114688 0.230049213584244 0.225346337056769 0.230177478661165 0.229599326305365 0.258318376573492 0.274367012165303
-9999 -9999 -9999 -9999 -9999 -9999 -9999 -9999 -9999 -9999 -9999 -9999 -9999 -9999 -9999 -9999 -9999 -9999 -9999 -9999 -9999 -9999 -9999 -9999 -9999 -9999 -9999 -9999 -9999 -9999 -9999 -9999 -9999 -9999 -9999 -9999 -9999 -9999 -9999 0.523291325851529 0.493726342964481 0.191166247700369 0.0265140951472082 0.0612525969458815 0.0556677587822361 0.0343790427198951 0.00447021174864727 0.000674894178421146 0.0903161771872422 0.0528255177199373 0.12602419166021 0.25420706036441 0.253222755834786 0.301056171046844 0.240944240944242 0.233498670616373 0.266306290418503 0.28463177363024 0.291690124489292
