layers50/veg_krg_50/veg_5900.asc
NCOLS 128 
NROWS 165 
XLLCORNER -2985163.8955 
YLLCORNER -3022031.214 
CELLSIZE 50000 
NODATA_value -9999 
[rows 26 to 51 of 165, columns 0 to 58 of 128]
-9999 -9999 -9999 -9999 -9999 -9999 -9999 -9999 -9999 -9999 -9999 -9999 -9999 -9999 -9999 -9999 -9999 -9999 -9999 0.53466692156335 0.419537455629728 0.307121576840791 0.193678953391012 0.251662501633839 0.263433616982392 0.226385041730502 0.217532490629902 0.259460410648833 0.278438194670221 0.292466212659901 0.272344208501986 0.305206272586568 0.336149205646351 0.429781372416358 0.471644757593515 0.533795059999467 0.581673623452884 0.61723963354238 0.644788635866906 0.650819535423992 0.635801590490651 0.64101275474465 0.654926327584534 0.663454294401198 0.662946202017333 0.66192110406223 0.661573933146236 0.651103548396776 0.637269645941651 0.630401611813095 0.648035074582691 0.638588876625441 0.63742210105404 0.635889492267867 0.634901423801229 0.63222444432649 0.625769914116898 0.615609628845244 0.592623599206601
-9999 -9999 -9999 -9999 -9999 -9999 -9999 -9999 -9999 -9999 -9999 -9999 -9999 -9999 -9999 -9999 -9999 0.584879452212512 0.546430530798357 0.527309968776464 0.397128103680882 0.280094874459563 0.208960181604561 0.250556673785335 0.217948484301739 0.226366686523288 0.261053784431049 0.27009296090415 0.279589422855579 0.28602494097117 0.268304464552307 0.383480580028289 0.47782995439005 0.52911194823785 0.555549518616121 0.591369805128697 0.623944686522689 0.652535916949454 0.680353673347754 0.688442136485861 0.678356462244705 0.685734781779755 0.698807559755906 0.704670002581526 0.706308610197169 0.703910177504464 0.698296603255892 0.686393240589376 0.672248560453975 0.667036636225478 0.682779625991405 0.676082050032242 0.676309042493844 0.672167290102693 0.669889978082168 0.667226705313593 0.660203784721982 0.640029406305778 0.624337342398983
-9999 -9999 -9999 -9999 -9999 -9999 -9999 -9999 -9999 -9999 -9999 -9999 -9999 -9999 -9999 -9999 -9999 0.583517637061554 0.548246665051674 0.445656311116847 0.387261965863544 0.226702453841873 0.282656618462267 0.279287128294998 0.249563610890182 0.266497713213994 0.274914187141846 0.282968011233323 0.290140448741788 0.351109754582731 0.49521578798216 0.5415200249292 0.565288514708351 0.589753253689093 0.610851304132338 0.644427783378008 0.678595846398804 0.696500806605742 0.708368758428515 0.731175309741294 0.732375273811113 0.727260542834155 0.733919804636535 0.749990597599968 0.747493496799056 0.735974721427326 0.725253888926781 0.718618138841726 0.707669331725688 0.71240873501934 0.717968176049257 0.712110345858354 0.710562115238658 0.705666934386231 0.704749756346301 0.698924323382857 0.688095616136243 0.666593377135918 0.658263894123605
-9999 -9999 -9999 -9999 -9999 -9999 -9999 -9999 -9999 -9999 -9999 -9999 -9999 -9999 -9999 -9999 0.612225897631443 0.597687341394841 0.518043232397539 0.374476515180329 0.345718491909104 0.302227565223769 0.308211880465683 0.338068950122763 0.309550188777258 0.2930845991377 0.281004416078359 0.319377364223756 0.371392986165519 0.521265710990179 0.584066073286685 0.61074015410826 0.633585137207338 0.651312879095802 0.677220930871795 0.716614756032771 0.729956735189603 0.747866423347917 0.757255346343525 0.76665275856317 0.768736344707639 0.765912014127051 0.775634540991069 0.789638220206483 0.786477395100811 0.771888275733848 0.75636029469228 0.752225564589399 0.736760083990703 0.744565595832234 0.745148387403958 0.747509584427265 0.741954936669669 0.736992719001565 0.735805991209517 0.729717586392911 0.70308734439833 0.683990334098257 0.69319585938975
-9999 -9999 -9999 -9999 -9999 -9999 -9999 -9999 -9999 -9999 -9999 -9999 -9999 -9999 -9999 -9999 -9999 0.568885403368608 0.4642055061323 0.330194724674202 0.27544265299562 0.354308026159915 0.356796783800832 0.408124463526994 0.406770421192088 0.366857571147874 0.380497124547111 0.523624096875268 0.593256484245751 0.615398080831317 0.643712307669489 0.680382569978854 0.702430127108466 0.719178798718442 0.742135990389301 0.765871795102054 0.777330212142785 0.789878780215802 0.799721266133941 0.805853101852813 0.805875864144829 0.806155475087651 0.817707479943365 0.823281295868766 0.822307420039049 0.808569910670199 0.788858057247017 0.783321478420399 0.77211219066179 0.768051573940895 0.773024672220902 0.773906349858314 0.769837163667374 0.765339479101536 0.763337438877994 0.754985600316353 0.728712557644707 0.714066044430261 0.715834106971021
-9999 -9999 -9999 -9999 -9999 -9999 -9999 -9999 -9999 -9999 -9999 -9999 -9999 -9999 -9999 0.594787719338384 0.570282274108263 0.510649824611781 0.355601454441188 0.254511364719316 0.303518278644212 0.458021219588469 0.478153796519536 0.476393349875095 0.473143884814694 0.512623080569721 0.582482027911535 0.637516937382215 0.670919040063438 0.672377423030787 0.710864460129849 0.753644198055039 0.772918498482272 0.784658779957246 0.807932038703141 0.813426590755937 0.818585670065601 0.827543964713573 0.833245038062061 0.836901474441505 0.841072671375724 0.846022425872393 0.846224463431316 0.848733892123519 0.845907246835249 0.836067964041482 0.825777616641781 0.810284618923655 0.794782058965917 0.792465876763294 0.797109322194786 0.797736891007058 0.792637567154597 0.790445948174981 0.788042833348886 0.781417610947169 0.766370154771645 0.744598070903306 0.732906176494856
-9999 -9999 -9999 -9999 -9999 -9999 -9999 -9999 -9999 -9999 -9999 -9999 -9999 -9999 0.583819762383752 0.587878816299478 0.541151837289173 0.402592162365387 0.261907714198029 0.299442327583949 0.42900210512252 0.523699775779759 0.553560961067174 0.587548288103302 0.609868020798582 0.6279178463948 0.646556412777631 0.687853104798237 0.747997602765154 0.765009231330363 0.7878602912498 0.821500173820705 0.840033265792588 0.842486977084953 0.86065267478289 0.859475497281028 0.856253298018303 0.853718615302226 0.86024982337036 0.862335206080694 0.866427004146112 0.868067915411127 0.8641122223236 0.861309812701739 0.853623308222938 0.847854563337026 0.837309379173337 0.824185293384879 0.80854703374827 0.805674442851441 0.814148378674487 0.815618002513741 0.813422631747748 0.812129345084102 0.810171315895972 0.80412528723964 0.798367222100635 0.785795681581297 0.761648957204196
-9999 -9999 -9999 -9999 -9999 -9999 -9999 -9999 -9999 -9999 -9999 -9999 -9999 0.572954444493588 0.575778712059776 0.578261336872204 0.441299344386742 0.264476668012464 0.202490859766558 0.378808121750719 0.517362766894676 0.605950638533831 0.646967727283049 0.670091370494098 0.686094364307186 0.701179284443248 0.7171775203617 0.721652821801078 0.77312107560543 0.827265839469445 0.859971887098016 0.894502851480059 0.905156807531604 0.911777120868627 0.902427183593001 0.893776884366196 0.888020386929453 0.88422255464666 0.875824124945257 0.879534262828797 0.88235949488722 0.879208869698334 0.870244527130939 0.865830587022012 0.851794038543298 0.848479474033625 0.839652186401374 0.828009607836697 0.817641276822875 0.826135018528044 0.819440453326416 0.821007668038756 0.829751819533442 0.829419233742261 0.829370226203686 0.825849148069094 0.820832805813721 0.813448401025635 0.803873614158348
-9999 -9999 -9999 -9999 -9999 -9999 -9999 -9999 -9999 -9999 -9999 -9999 -9999 0.590041668382688 0.590063888386088 0.562132281223689 0.38582698287216 0.217635531761467 0.175147251038965 0.358257845049045 0.558948409862546 0.666075929847976 0.692751573239675 0.706527613011822 0.719851578581696 0.736005886082759 0.756605325760338 0.794459037172739 0.79463037058592 0.843983405167734 0.889453241268205 0.927771354604006 0.941639978124408 0.940773216613436 0.927175029675705 0.91622463851779 0.906691317390138 0.898369151035636 0.898959435373599 0.894670574544638 0.889888587020596 0.882078333666329 0.873201683093156 0.861115628035693 0.846615832386374 0.841404969065406 0.835158994567642 0.826730890003291 0.821966843205748 0.812975287703817 0.81219156090862 0.823457660357422 0.837851676655406 0.843390788671636 0.84446558653314 0.844891281282366 0.840293720160616 0.833859828513604 0.833810808703221
-9999 -9999 -9999 -9999 -9999 -9999 -9999 -9999 -9999 -9999 -9999 -9999 -9999 0.573343402853196 0.588512126840218 0.558494356497541 0.308591131532323 0.21415743654171 0.253344386049156 0.461121797149779 0.591661368308152 0.673512707693395 0.708434633059106 0.730372103123224 0.74499285355618 0.761120669429009 0.78343542870388 0.811498361863632 0.842187641878856 0.872198473312869 0.90008678312821 0.93181532175642 0.945932330868751 0.94940878361841 0.939805252399795 0.927860529638072 0.915984907988106 0.907727571868534 0.906233863071439 0.901496157810618 0.893515861086786 0.886709610647084 0.87716058793952 0.85184720832915 0.844757979621426 0.830284228154595 0.821596667212567 0.815589310904948 0.811033588014997 0.807590360371769 0.811992142448562 0.825669237548607 0.843973113682161 0.854173684026372 0.858575202872431 0.861836400004925 0.858864510081116 0.852616460546859 0.844768321670747
-9999 -9999 -9999 -9999 -9999 -9999 -9999 -9999 -9999 -9999 -9999 -9999 -9999 0.581677753756052 0.587183052304867 0.577829180019136 0.279385363402136 0.230588741431063 0.356482939933658 0.563849625464438 0.622351316405555 0.676712021850166 0.710930182275282 0.742330245512348 0.762964273348342 0.77961531423091 0.79908435317552 0.822929593052186 0.849083791921063 0.874132738659825 0.895578493582911 0.916163731041548 0.940945965373314 0.947021603961838 0.941166628329734 0.930968333458007 0.921465989368952 0.915274890234729 0.906026800537397 0.901220273086553 0.893396713915142 0.885580438291678 0.870929803239796 0.851387511944971 0.830017652874116 0.80882188498388 0.796550374508784 0.787671781088241 0.785715503197399 0.790751183234901 0.80393722482602 0.819742464833622 0.841704730223439 0.859060147730875 0.871491321856759 0.876825243871499 0.873967947275379 0.865812570181271 0.850458688152029
-9999 -9999 -9999 -9999 -9999 -9999 -9999 -9999 -9999 -9999 -9999 -9999 -9999 0.601219151998603 0.620138216483745 0.622150873487087 0.294012283082866 0.27216723608871 0.372684926206808 0.567338507066526 0.633733220673046 0.67576363507081 0.705006109789937 0.733569630566632 0.757830096100045 0.783229939003825 0.803661502117225 0.826110973034399 0.846736652293618 0.868809682648996 0.885753162998779 0.896523740939879 0.917622449724175 0.923376246037759 0.919966344410542 0.913534610088917 0.907525950175193 0.900607958279798 0.894009223189094 0.889270890532848 0.886254111754712 0.871337982182363 0.850455834841941 0.816840108797682 0.797523507408413 0.782072902981927 0.771331926763862 0.759530111030118 0.763896053358377 0.771464805869584 0.784539394603562 0.804448106486846 0.827764463741618 0.852402583965997 0.873602201089902 0.884872858684716 0.88529729903892 0.878392938162302 0.873890139299544
-9999 -9999 -9999 -9999 -9999 -9999 -9999 -9999 -9999 -9999 -9999 -9999 -9999 0.590272214490643 0.640915567497911 0.64877471919902 0.505062431337703 0.335306361378567 0.395293889256736 0.590162296406789 0.651950457740681 0.683188262186695 0.708956834762557 0.729488047603481 0.752020239985145 0.769825640341246 0.789184268428055 0.80639353390541 0.830470286221563 0.857412615429893 0.868736812778535 0.885608630469073 0.896405023582881 0.903918024510584 0.899631490582692 0.896367616741056 0.893717524675018 0.888713626451654 0.883401026321955 0.876074594060495 0.869074930647164 0.839715990620009 0.808831351006349 0.784614892591362 0.768891000985105 0.755910955742763 0.750322908697357 0.753856415690618 0.761220188285526 0.754578905432225 0.766275900750135 0.784843754304715 0.80653523888408 0.835757075348687 0.868733328264977 0.892104343409139 0.897586876768653 0.889249687200416 0.882153963806571
-9999 -9999 -9999 -9999 -9999 -9999 -9999 -9999 -9999 -9999 -9999 -9999 -9999 0.576092054913156 0.596662405630594 0.614995215973301 0.480020311449088 0.343962090083983 0.447429737635879 0.641898172195775 0.680424165451389 0.693914631328272 0.714749236541574 0.732363826040115 0.749908337089851 0.767197419970757 0.780647809754845 0.795932160468474 0.811591017966923 0.830605173551886 0.841306940195294 0.857880753002059 0.865254797344524 0.873623591854344 0.87264981200416 0.874125804986916 0.873754727721712 0.869445571674721 0.864390587706781 0.855883706581083 0.820707709118744 0.801524272908016 0.77844140077627 0.760191187024057 0.748124949647821 0.749202502376398 0.741826463513621 0.736420478632141 0.737748418578039 0.746304755225648 0.757345407966478 0.773674401641144 0.792572187607136 0.829068730159067 0.876683078718716 0.911202042780987 0.921402709082755 0.910797549830852 0.895217124896567
-9999 -9999 -9999 -9999 -9999 -9999 -9999 -9999 -9999 -9999 -9999 -9999 -9999 -9999 -9999 0.535728299205238 0.327312577641321 0.391275202536467 0.540635500200254 0.638168893185218 0.68107815802242 0.702874063454378 0.710667268473033 0.728941113713224 0.746149217158 0.756772861189575 0.768785504088739 0.782798720198036 0.798550760327844 0.816182037957392 0.824281504526905 0.837389074279824 0.843892277701037 0.848410589067537 0.853725607271648 0.854479709144437 0.850038090978907 0.836599508942019 0.820136993771867 0.796174531865946 0.783268429352717 0.769519953286246 0.756787930481079 0.738073227526443 0.73235516757405 0.726945323383495 0.717343759360834 0.715901895111284 0.724115312186269 0.732591389588947 0.745015842058365 0.760149281718133 0.777790066609952 0.825389618176452 0.883772826512151 0.928976378055645 0.937535433608488 0.918104110409588 0.900020529056687
-9999 -9999 -9999 -9999 -9999 -9999 -9999 -9999 -9999 -9999 -9999 -9999 -9999 -9999 -9999 0.517110347458614 0.395602258704726 0.391216796919677 0.540678651736642 0.624118357797335 0.674532809482541 0.701466199097819 0.715864651276208 0.731297724164471 0.741746232978139 0.748892757624501 0.759307094646767 0.769394751008723 0.77872104479365 0.791308211978379 0.798417127623221 0.811287023115479 0.821282681928087 0.827867303527816 0.828231526995899 0.82303345551769 0.808592071016458 0.777980474514 0.764824290851452 0.76327510322839 0.76126512561407 0.750405801983226 0.735736819565046 0.716583311354802 0.709611038933185 0.699539888131758 0.689650894001928 0.697613865566152 0.709586851176802 0.721797196253842 0.737890396712403 0.756626133429037 0.781278730903804 0.822863447974018 0.875578006143781 0.918010717737596 0.922090736533149 0.909990694399313 0.893869344280407
-9999 -9999 -9999 -9999 -9999 -9999 -9999 -9999 -9999 -9999 -9999 -9999 -9999 -9999 0.606386315544785 0.548716734588533 0.423228207486884 0.435725848157008 0.550884776374037 0.624423773575745 0.651774817157854 0.682282010463581 0.702632267814061 0.715920651271063 0.724003621525727 0.734567139449098 0.742663257078249 0.751231836958171 0.763375704774234 0.773729658949809 0.778422826380812 0.789490353339859 0.797624328768666 0.784229564907248 0.785037810235858 0.779291492175589 0.765691680458409 0.749205926585953 0.747570134412568 0.74232740858902 0.737967662427769 0.731341334011813 0.717188509312007 0.694675097914172 0.681731547382014 0.674619757685942 0.674367735536542 0.682916544912589 0.6924966675652 0.708269483174743 0.73037662737312 0.754398124958021 0.784017348319361 0.819179945925332 0.859184657272852 0.88800514560541 0.898823780657881 0.896820198325103 0.890512898655047
-9999 -9999 -9999 -9999 -9999 -9999 -9999 -9999 -9999 -9999 -9999 -9999 -9999 0.612092973533477 0.602729116870202 0.537576807896913 0.458067374682443 0.415959834210183 0.546108548671843 0.634488179005388 0.641572288768552 0.673753867690108 0.686848646413485 0.694449093326642 0.701752571210078 0.711865512640963 0.720168647376107 0.727264420803861 0.737146769712591 0.743548832640862 0.746588857043153 0.748737168020356 0.748664822263968 0.743059821190593 0.75597704464935 0.754144101880453 0.742293870188954 0.720765432975615 0.719901518653505 0.71025220365683 0.708260361973447 0.709123110425282 0.684894978327924 0.661883592845444 0.65555800564432 0.654032101923558 0.656701405091845 0.663221124166395 0.681510481604514 0.696894999379614 0.714715576455436 0.742233221219135 0.776646587433623 0.80951106804508 0.838851682987316 0.860110828517699 0.874087113354197 0.877239227511831 0.88086102339268
-9999 -9999 -9999 -9999 -9999 -9999 -9999 -9999 -9999 -9999 -9999 -9999 -9999 0.624961143808542 0.633826042278211 0.564646522907509 0.494955127711642 0.498579777661588 0.563203111644408 0.671829197754259 0.672787239256912 0.679956657405606 0.679457266223764 0.67950446757109 0.677257876635028 0.682794324525337 0.690711813322467 0.703769620062872 0.711152195014018 0.709921836952983 0.699985106842934 0.700555776889975 0.716305041560647 0.734504301505622 0.736813991880959 0.720627899661959 0.709987594340273 0.704541462616597 0.68284887563445 0.676949176311733 0.671709660570306 0.66018313924554 0.648274669234389 0.640872980063837 0.637804850634154 0.636746231679689 0.642322815462989 0.651114980408242 0.674341886729342 0.689379372885956 0.70531290756604 0.727212394113315 0.756587389568126 0.790539311765037 0.816579253280371 0.836498618952773 0.855088213309171 0.857830464677675 0.861221563531718
-9999 -9999 -9999 -9999 -9999 -9999 -9999 -9999 -9999 -9999 -9999 -9999 -9999 0.661826771781393 0.690853928601488 0.62078581583895 0.419586638748107 0.469178411959012 0.589421927989594 0.620409566508004 0.614903838533915 0.649186858913309 0.639248286663017 0.657608202558417 0.660108327803826 0.659918443194536 0.66506400311879 0.671944562538861 0.677173218483905 0.669108211480009 0.675964080146522 0.677893460526861 0.68081213180836 0.705814258610308 0.694898103801207 0.68850732875601 0.682281223544784 0.671218730464717 0.655626828267411 0.64543996682223 0.631955794142457 0.627381286138582 0.631434963318843 0.624338088077352 0.618767597626096 0.61222063428547 0.613121741147456 0.625191928255415 0.650309143811418 0.672112132947734 0.695636947880078 0.716153179350012 0.734254983957371 0.761410185270105 0.78690135157063 0.816643071379426 0.829412039402613 0.833418996340238 0.837076947943215
-9999 -9999 -9999 -9999 -9999 -9999 -9999 -9999 -9999 -9999 -9999 -9999 -9999 0.667281853890729 0.69759359775721 0.678834668607933 0.543137946771131 0.483685136303289 0.591535510770451 0.537990476394259 0.54817810457889 0.605276554717849 0.603031220106296 0.631363309423931 0.630911332255247 0.634281960498281 0.642437413920823 0.649174746269183 0.642379764750342 0.653801441986479 0.658737528646214 0.650652026376497 0.639488666387942 0.654299661276603 0.650112282202366 0.652154710518 0.650538932596054 0.649129345971471 0.641945591748471 0.637931530158618 0.6208641990503 0.615601250735841 0.625227720494688 0.614143516337549 0.619926402963681 0.598008899296447 0.588030770933778 0.588092283940191 0.61899792090929 0.64685526416465 0.665090157190422 0.689036078498813 0.71728196142003 0.742878074299592 0.763824365187793 0.78878978426593 0.803483686374184 0.813337456553659 0.816978898041403
-9999 -9999 -9999 -9999 -9999 -9999 -9999 -9999 -9999 -9999 -9999 -9999 -9999 0.674321808303165 0.669799144827969 0.667364821676471 0.611979783095701 0.512137694005287 0.567942214234592 0.539274271709014 0.526918470740605 0.597311323399027 0.592837183712661 0.603168892501097 0.599877351347242 0.607670127512532 0.62525667348699 0.634630125221356 0.624436084036949 0.629350522261847 0.642473403880242 0.636200286113291 0.627945518723064 0.623926146401633 0.630879890157309 0.641416698359354 0.652465779383265 0.656262939061861 0.652650287327863 0.65552366137909 0.646592382521698 0.628857134990488 0.615387975989276 0.609950170558088 0.600692462529666 0.589177311570217 0.575045581046519 0.574323443954955 0.599722604013581 0.613362968579605 0.630822405786372 0.65177882291628 0.683926217297606 0.714822599807336 0.73877138201679 0.754261536450808 0.769968274471947 0.783378156358538 0.788785586427452
-9999 -9999 -9999 -9999 -9999 -9999 -9999 -9999 -9999 -9999 -9999 -9999 -9999 -9999 0.668921553702117 0.677379146465449 0.66899561471373 0.589794553293439 0.490091846925951 0.467635285867297 0.483090681204023 0.61836012744459 0.624678049913325 0.612061775538462 0.581529978543796 0.583809439558268 0.611013459145038 0.603898592005655 0.590223653674891 0.606271915008191 0.62124106880373 0.620312789275942 0.630699721584971 0.623157340904358 0.639112840179056 0.642080016982309 0.647058689575673 0.644145800692024 0.645666635226095 0.646286924396967 0.647304205857658 0.637827940671953 0.607164218695894 0.598965147146495 0.596631128996187 0.585683224500493 0.572342509707516 0.573792591353543 0.581339208844745 0.594390400681805 0.604903085070292 0.625115110863381 0.646368052564233 0.678620802262053 0.703344097669506 0.725092150396635 0.739373447728889 0.754391168954243 0.755849302807057
-9999 -9999 -9999 -9999 -9999 -9999 -9999 -9999 -9999 -9999 -9999 -9999 -9999 -9999 -9999 0.681340284290974 0.595388763551721 0.578272150177887 0.533582628888709 0.48141415654743 0.515797020610735 0.567773823077452 0.645923652227482 0.609140234308311 0.552507057718422 0.561058900146701 0.584874127025581 0.580201324605524 0.576686547499366 0.590622328554382 0.601898014450582 0.601875537483152 0.602373068050226 0.632052967930691 0.6368919668758 0.627681566162956 0.61734765967867 0.607684478650921 0.641320989758213 0.624364661697996 0.61898999366645 0.614955542810261 0.615154326684449 0.58752442611341 0.598596455271052 0.548418271179382 0.540204126045187 0.53540817360008 0.545603604291448 0.554118245119359 0.572357370293221 0.587181091080653 0.600819361318063 0.619296572607888 0.652224784847122 0.680232984597934 0.699653200763005 0.715348344567529 0.723137446416177
-9999 -9999 -9999 -9999 -9999 -9999 -9999 -9999 -9999 -9999 -9999 -9999 -9999 -9999 -9999 -9999 -9999 0.55747584277333 0.53237722068485 0.476895774608631 0.507855576206737 0.502247702788535 0.545510696699786 0.561306158888953 0.536721683223732 0.521200003639201 0.525189292420036 0.518840858164752 0.523750895575005 0.555755833259107 0.558725256294745 0.578079107919632 0.622268857052439 0.633909461385352 0.620837593947232 0.585126768962466 0.553598869124681 0.570680893744736 0.564022645964163 0.591157322927045 0.584996467552954 0.578321568918748 0.568893718776124 0.593029625615889 0.576492475907666 0.523257253508533 0.51748318374766 0.513932382945111 0.513620565358258 0.530250266350551 0.541255006300429 0.552921460798415 0.565084893110404 0.578156283511697 0.591803376788962 0.619897903898321 0.652504699402379 0.672667253032599 0.682119623437277
-9999 -9999 -9999 -9999 -9999 -9999 -9999 -9999 -9999 -9999 -9999 -9999 -9999 -9999 -9999 -9999 -9999 -9999 0.542184773770275 0.471042019710825 0.464214376413531 0.476153603104924 0.438703658996748 0.496963732328836 0.503679934647621 0.490624252861988 0.494414443176801 0.494367660568137 0.509800671030201 0.513578452071437 0.52435779765838 0.592786936682467 0.620153864883038 0.616803178506213 0.589920906395806 0.582133407084747 0.587001939939247 0.596124882127182 0.586042774899172 0.576661716924827 0.581471223077558 0.575261617761478 0.561519510243968 0.547532486186432 0.531918337967738 0.509854130947822 0.500398846346012 0.496520214032938 0.486786876961128 0.495028110794717 0.51034079393728 0.517677257722978 0.527901870269223 0.55291830750383 0.561310816906044 0.577766577264216 0.605641381015658 0.624302529626758 0.629668783676526
