layers50/veg_krg_50/veg_5100.asc
NCOLS 128 
NROWS 165 
XLLCORNER -2985163.8955 
YLLCORNER -3022031.214 
CELLSIZE 50000 
NODATA_value -9999 
[rows 26 to 51 of 165, columns 0 to 58 of 128]
-9999 -9999 -9999 -9999 -9999 -9999 -9999 -9999 -9999 -9999 -9999 -9999 -9999 -9999 -9999 -9999 -9999 -9999 -9999 0.727032671252829 0.617797430356039 0.528784848836748 0.279430292030636 0.387501196994297 0.410489029109252 0.290284065796659 0.255808220216192 0.330424012498759 0.332063656320548 0.339824469645555 0.342092878231471 0.364215718741694 0.373674540828922 0.464079920938816 0.484328894671818 0.523950863936876 0.58995821868076 0.630934658150451 0.656119715324735 0.672709048221885 0.671235938281093 0.663944346492614 0.673998626846542 0.682613386080481 0.678297807104266 0.67748696707073 0.671677612885006 0.666188381685527 0.653477416529499 0.652481276620467 0.668999209863344 0.664437248648905 0.630221909139455 0.568971784785053 0.415680367232802 0.412378407165465 0.405100394425476 0.399454882801241 0.386927660434558
-9999 -9999 -9999 -9999 -9999 -9999 -9999 -9999 -9999 -9999 -9999 -9999 -9999 -9999 -9999 -9999 -9999 0.73450104661213 0.722599476211257 0.689630879055622 0.56475938030038 0.433204627636951 0.332377395758604 0.37407336454485 0.318910150008411 0.298539258078758 0.326435550820789 0.330505348173735 0.327837427624635 0.328497800730147 0.342876518983339 0.366401020392689 0.481249294352046 0.537205986758761 0.560088577909085 0.595780008233969 0.636940826073705 0.668100060072374 0.69253785377687 0.714276334095195 0.717416881534019 0.71334612333654 0.714932287241544 0.727848250763117 0.728049194495762 0.725609644495665 0.714657206274126 0.70896587511252 0.70041508873941 0.701169877104155 0.702737833489757 0.690276106252624 0.683258898468025 0.583722837102271 0.404618410672753 0.417655034869969 0.400055320058612 0.487206881515545 0.530044671712522
-9999 -9999 -9999 -9999 -9999 -9999 -9999 -9999 -9999 -9999 -9999 -9999 -9999 -9999 -9999 -9999 -9999 0.731471585857314 0.681331070797531 0.551784463534305 0.458950077729744 0.285882625079048 0.365748519056256 0.400305543590967 0.369839890316081 0.414702578829398 0.34963740755419 0.334884507251902 0.326130334518197 0.329019780064716 0.439407816378574 0.533205586625786 0.557447528430982 0.585373535908248 0.608815289904429 0.650754685468122 0.695263424914735 0.709230285679257 0.730286969496296 0.75653892030041 0.766477248729474 0.76008717904343 0.761719841391765 0.769640433073913 0.771324961493545 0.7639396228805 0.757400469604664 0.747653486613291 0.746772621688601 0.7547299441646 0.734129948118233 0.715416651526084 0.706158014188685 0.618592359040071 0.646115468907979 0.627637365493766 0.61192975969077 0.605522743870379 0.627947682110583
-9999 -9999 -9999 -9999 -9999 -9999 -9999 -9999 -9999 -9999 -9999 -9999 -9999 -9999 -9999 -9999 0.742358407791776 0.725985411519191 0.622611835847676 0.426875255061037 0.382666307174377 0.325563249465804 0.377832076978977 0.424905995356223 0.419331751168415 0.418513341939311 0.399842289520592 0.369249673382393 0.400501740323732 0.537954820812923 0.570761354599632 0.592791219809101 0.61823749864369 0.641145831435651 0.682783876900458 0.728719681675326 0.74486805845583 0.762656002405962 0.78151337475235 0.79692531657361 0.801861286415957 0.800100938128186 0.804365197002397 0.813799848852154 0.814071528693658 0.806119674833047 0.788661643808243 0.781667226845571 0.782174267174238 0.774242663543021 0.757004679191986 0.743207642302061 0.73619230192993 0.736959316252568 0.706894846226402 0.665859265492699 0.663725485518459 0.665626319298114 0.676348165820706
-9999 -9999 -9999 -9999 -9999 -9999 -9999 -9999 -9999 -9999 -9999 -9999 -9999 -9999 -9999 -9999 -9999 0.686025768589172 0.533380177599944 0.361664329331178 0.280652981460401 0.384605427442088 0.420625548881507 0.49183965943317 0.497881887850757 0.460060028443203 0.438072172748785 0.553165634382847 0.574538701190874 0.591204250937714 0.620839469259981 0.660926783045937 0.698036526395676 0.719920080244562 0.748333609089593 0.777080971301549 0.791834170101594 0.811278428652119 0.82644479173187 0.837172278301667 0.836773823709788 0.839591781135624 0.843943406537749 0.856236933120156 0.853781458646375 0.841975015531355 0.822706303630327 0.811116192390644 0.803393967265133 0.779670099286825 0.756759517353216 0.746629916662494 0.741273820264766 0.737160947026523 0.734394742317421 0.712925694433466 0.689308410586352 0.699332257403855 0.703841617249414
-9999 -9999 -9999 -9999 -9999 -9999 -9999 -9999 -9999 -9999 -9999 -9999 -9999 -9999 -9999 0.703189352479347 0.675884602309884 0.60169007425417 0.397936177055303 0.247194782186537 0.30348716201151 0.493704032617709 0.532717462355405 0.529964969694537 0.521258262415307 0.55294196339796 0.618300735759385 0.649797678342802 0.652252181315962 0.656189617443965 0.698934650861717 0.745861248457901 0.770402136785462 0.785772704773888 0.814153400556907 0.823650892572899 0.836831686727405 0.856168710742116 0.866830182133679 0.872873695910267 0.87317100012208 0.875522469624769 0.877289922747918 0.884118845032721 0.881453358367099 0.867925075615414 0.850005916490021 0.835112314750548 0.822357029467362 0.787380672376377 0.772074285714073 0.769264500591239 0.765057363440176 0.759499769221727 0.756022581703702 0.746678372546238 0.73371832664943 0.726066726478798 0.725835246101856
-9999 -9999 -9999 -9999 -9999 -9999 -9999 -9999 -9999 -9999 -9999 -9999 -9999 -9999 0.687133761711786 0.673693841205558 0.6263854200721 0.472135930292887 0.285643524420503 0.309134614329568 0.448078314481287 0.554007780623558 0.574850601617502 0.579442546584433 0.60580568217635 0.641546220184965 0.66719768434371 0.691101552565567 0.721748792723936 0.763390292342743 0.792073430889347 0.820400635676077 0.837675530550483 0.84401991541825 0.871975006094268 0.881447803106244 0.881859581408197 0.884224526518681 0.894351804080874 0.89482047703292 0.899774663821305 0.898737155382341 0.899591270600639 0.894633822954603 0.887420028450601 0.876979688480887 0.861576479952591 0.846319212267287 0.831022174322097 0.807767397152564 0.794649205867785 0.78810266063987 0.78841987764099 0.784059677767829 0.783035751022282 0.78274326382606 0.784323076883968 0.774846678705394 0.771648468111442
-9999 -9999 -9999 -9999 -9999 -9999 -9999 -9999 -9999 -9999 -9999 -9999 -9999 0.671020638448104 0.655301684436558 0.642936842997243 0.49386356860405 0.308611742630302 0.230711825796493 0.417527261342028 0.546749698212634 0.602141532364007 0.621405888551422 0.675598578011232 0.686778009852053 0.689070095288294 0.697952985991131 0.723985998862508 0.787946830344583 0.822709008217126 0.865053420864885 0.894231503693661 0.90981214039757 0.917539284041148 0.926808986983201 0.920047996675341 0.918289627718453 0.916082492011606 0.910421713767422 0.911352733561586 0.91378403488199 0.9093972030145 0.898514412508244 0.887705428507704 0.885181593871149 0.873765207536264 0.864696984266594 0.843177545510666 0.829382178730128 0.818356004477058 0.808798931112205 0.806626218083672 0.806375693174654 0.805307109271036 0.806065357924213 0.807628213314364 0.81293963708253 0.815395050927394 0.816139237139111
-9999 -9999 -9999 -9999 -9999 -9999 -9999 -9999 -9999 -9999 -9999 -9999 -9999 0.646911415225238 0.647840323328946 0.633728311994616 0.441463991554817 0.249060708137124 0.198828680891525 0.382678043534698 0.568928303283785 0.666716025525578 0.690997510535667 0.709691281192965 0.721318207444249 0.734541374602801 0.754310828559253 0.802335069041035 0.815828495387798 0.857810780635488 0.895939010048451 0.933484742272782 0.950005832369993 0.961649896150976 0.952179161507199 0.943070259368907 0.937803880372397 0.932678773701384 0.932192662091028 0.924966572515807 0.921968358128086 0.908437112081492 0.892744882640714 0.891034154688697 0.876216176098982 0.864837652482238 0.859177453657086 0.841142813600029 0.829002563804816 0.823296166222819 0.817982314362505 0.817297721771451 0.819098259398726 0.821868887248194 0.826044865106559 0.831779049541516 0.83872675523989 0.840366882613047 0.841495107621291
-9999 -9999 -9999 -9999 -9999 -9999 -9999 -9999 -9999 -9999 -9999 -9999 -9999 0.637258179214156 0.648174879249471 0.621749034085537 0.348160309557408 0.236818256899015 0.27402133266883 0.496061867647478 0.620821873234362 0.687330568589248 0.710435120103672 0.732881469442563 0.757160311592108 0.781349450626002 0.805291896936647 0.830056417810272 0.859300672199481 0.885371465083925 0.912525316668272 0.940992568273258 0.963736704997339 0.970208370595404 0.962811606853822 0.954226256826118 0.947285914726662 0.941046719721844 0.939046348598868 0.932223008368767 0.920854532697195 0.910723452689912 0.898247581719762 0.887881246340916 0.875661648119217 0.859156309738522 0.839555982487946 0.831003835376649 0.824841850306807 0.82051010802662 0.823873667204871 0.824889548563155 0.829778407562588 0.838199990586625 0.846046659826556 0.855626062308903 0.858561212965113 0.860233712953479 0.85315499108024
-9999 -9999 -9999 -9999 -9999 -9999 -9999 -9999 -9999 -9999 -9999 -9999 -9999 0.631540195256984 0.632056379527081 0.624672524534506 0.312713858503195 0.254949154547044 0.389636157894926 0.616545601618642 0.669677125379812 0.703849551024375 0.728361115381763 0.752499545786539 0.783419778774427 0.808141279890712 0.831564526273142 0.850948153752466 0.87568679715343 0.897322743179166 0.918835969545654 0.940692263701362 0.960877082819039 0.965805003470763 0.964271567457723 0.956489852932932 0.949128784097946 0.945559820856388 0.938725470586873 0.930566103998517 0.91566355839228 0.906587207984216 0.896951191611605 0.885767406466268 0.865352397537038 0.845831373384599 0.819268817232989 0.810220154582308 0.809159238227927 0.814315970020181 0.818478718843651 0.827184811311517 0.83690526774357 0.845961346473227 0.861776249094262 0.871992461508167 0.877706444284214 0.874262070656211 0.865535619887576
-9999 -9999 -9999 -9999 -9999 -9999 -9999 -9999 -9999 -9999 -9999 -9999 -9999 0.627379319901147 0.63652572447233 0.631369556569408 0.319662163466801 0.294001611746596 0.402615266887011 0.61082423589981 0.680617063250804 0.718553304290653 0.740510297207092 0.768876031308616 0.794285149149059 0.817154634616824 0.836656756735929 0.864773619536721 0.885500608357474 0.902864705818365 0.923585679946085 0.936985990975219 0.952389881473571 0.957128062637411 0.956276711442144 0.951350948564682 0.946305207098037 0.939996739430526 0.933120220046276 0.91936391120287 0.905092179799679 0.900201771817583 0.880002356668538 0.859286781818168 0.839304960793307 0.816197032461791 0.793128292573633 0.788888230704382 0.781669334599588 0.786399788281513 0.795590331161989 0.81208629644691 0.829074374859416 0.850168183801615 0.870753586430068 0.887300074144764 0.892351477335708 0.888165602565921 0.882903444102769
-9999 -9999 -9999 -9999 -9999 -9999 -9999 -9999 -9999 -9999 -9999 -9999 -9999 0.610641587089721 0.657165052638552 0.655914068942043 0.521857767298876 0.35958931499908 0.420081686211405 0.632760407158479 0.693751290263863 0.723533748660279 0.74077847780047 0.760676134216638 0.779067334304173 0.800359283070986 0.834716825002085 0.86433691235829 0.882790708710765 0.90866863757406 0.921140410256253 0.927720165545509 0.944593272046798 0.946090587687587 0.945517224159161 0.944158933054592 0.936769628915216 0.925784802274021 0.922692837523274 0.904823554394732 0.897582273927335 0.878553013201146 0.852185391974138 0.83496257030903 0.80885301130223 0.792399715633977 0.779899946490252 0.772096097192442 0.76878163421607 0.767822697706195 0.776327893032705 0.791919146744353 0.811974753641294 0.840852213125632 0.876106503027842 0.898416122914492 0.905302956498575 0.901253764877607 0.892875202994366
-9999 -9999 -9999 -9999 -9999 -9999 -9999 -9999 -9999 -9999 -9999 -9999 -9999 0.627060309857799 0.65043499830943 0.661270879589673 0.506754852386569 0.364947284439248 0.465468772252578 0.676929092601286 0.713408852639247 0.731411127427192 0.746006101747287 0.761498428317358 0.776833355740343 0.791949890913206 0.80764307191054 0.82915266155816 0.85926726533312 0.8823604094177 0.901774209192241 0.905597034178332 0.919449439780033 0.933250095926337 0.931445875199441 0.927731255065459 0.921250618591816 0.917241679493005 0.9098517933417 0.895378302881264 0.87053959124405 0.848867012625478 0.826651696494227 0.807394967524728 0.78777920518493 0.771043179234711 0.762262587509751 0.750299814011012 0.748624806947138 0.750899222252555 0.758815254532168 0.770977367627901 0.789786990393747 0.829917911306638 0.878368587114278 0.917305143779024 0.926725944982002 0.913271241345499 0.899090646729101
-9999 -9999 -9999 -9999 -9999 -9999 -9999 -9999 -9999 -9999 -9999 -9999 -9999 -9999 -9999 0.589522605984427 0.343608035779984 0.408532690612695 0.566847287700757 0.671271553339789 0.716974108636008 0.733623797183514 0.742923186093723 0.761455744104768 0.774507074859718 0.788371693005306 0.803446050972758 0.820356728185302 0.840729997096818 0.858051527524534 0.869358189846697 0.882156772044679 0.89867807254979 0.904354413852979 0.907436166698773 0.904818777071994 0.900761578624542 0.903594921621148 0.891272509449001 0.859318490205436 0.84705525640359 0.81988300801076 0.800696383012403 0.775476340505918 0.760281932935262 0.745655245051752 0.735257945270767 0.731785374232317 0.733841258858178 0.739721779523508 0.746552793957055 0.755904651972837 0.773525476957544 0.820835431483996 0.878732908306461 0.92813687152859 0.937721863740851 0.921652188862256 0.905117266357923
-9999 -9999 -9999 -9999 -9999 -9999 -9999 -9999 -9999 -9999 -9999 -9999 -9999 -9999 -9999 0.584823953161427 0.425316586171711 0.406754222411957 0.57440774191537 0.656986781036969 0.707087361159328 0.730172831574096 0.743634661767202 0.758541794589829 0.768804952594418 0.782784819912845 0.799107665521215 0.817027027038621 0.831529578006009 0.843803843361274 0.849638279423073 0.85660699225571 0.867811741218444 0.873732520584775 0.878731600103988 0.877349817326015 0.877518805470367 0.869360076111849 0.842514443256353 0.828631773331572 0.81621373718653 0.788825840337675 0.767307842914371 0.747466120382378 0.739369446358325 0.725423147874463 0.713443007901143 0.711026536817759 0.719153125540917 0.727010660259335 0.739825692279863 0.756178589867325 0.777735539031318 0.818892140420337 0.870623799849055 0.914936983364356 0.92377418283603 0.914078148861356 0.900247320915777
-9999 -9999 -9999 -9999 -9999 -9999 -9999 -9999 -9999 -9999 -9999 -9999 -9999 -9999 0.705710301220244 0.6279565715404 0.469004761537198 0.469041793705467 0.59494823321584 0.667753355484052 0.686908140259393 0.71704900926105 0.732943912024681 0.745259075547241 0.757348480872869 0.768597204729979 0.784161516988255 0.804895083904051 0.819542094428211 0.829441268362662 0.831720971106831 0.834630895856438 0.842285689796003 0.84315876775628 0.84096451113212 0.843837946917142 0.849894021091454 0.826227773756348 0.80210623035312 0.780642441909038 0.773816272927368 0.764684863096639 0.748603986649558 0.725247824689163 0.712926798840504 0.703046364414043 0.700688239358035 0.70021031113559 0.706924948008992 0.716465145491919 0.734825677477919 0.758272787730711 0.781972371581885 0.814765199987164 0.853640247257002 0.886219579825425 0.904505481684241 0.908543746893479 0.898057817907185
-9999 -9999 -9999 -9999 -9999 -9999 -9999 -9999 -9999 -9999 -9999 -9999 -9999 0.700123772865133 0.697896721843991 0.620115745743389 0.507543602012737 0.446831338760313 0.583557102300309 0.68261713814765 0.690088664930959 0.727148796147258 0.7338924966386 0.738712043899611 0.746220483965541 0.758199452610076 0.76950605458605 0.780712579250872 0.790624296736225 0.801189314945839 0.807040768577322 0.80981399277647 0.818138034851141 0.814421964875477 0.809820432084323 0.808374085031079 0.797325487811809 0.78080553445654 0.757239357455963 0.752111761149214 0.748007379183141 0.746765190609025 0.724018495965032 0.704636035799758 0.691290427964378 0.686062117606285 0.683520944824807 0.686096158069876 0.694062022751923 0.702226803723047 0.722034179882915 0.745612794588738 0.776738297470944 0.803975573869729 0.831068891847386 0.859300545207331 0.884406006099248 0.892146086313605 0.891881549378023
-9999 -9999 -9999 -9999 -9999 -9999 -9999 -9999 -9999 -9999 -9999 -9999 -9999 0.717359283309958 0.741018948768406 0.634986954081537 0.528890851622036 0.528070834391096 0.592719745948781 0.708212611289098 0.717099622343791 0.733468706938459 0.734286968761993 0.729624636501226 0.729174758920546 0.739022499579193 0.750919398698668 0.761749245773316 0.770496566807393 0.778725538235568 0.78186221052032 0.780344865680533 0.777880256464483 0.784665248608237 0.779710217401667 0.784345888279844 0.771911369800907 0.744472063012169 0.729900463857285 0.733438344161568 0.722118174020835 0.703986401920552 0.689729980128974 0.681265464299406 0.674996939429829 0.661559661821028 0.65740753048975 0.662461022356532 0.678124729986609 0.686591109514218 0.704162794597611 0.72455018588673 0.751413607334864 0.786469802657194 0.803364801164673 0.837407669547277 0.862709509469188 0.873617990318204 0.868386545885618
-9999 -9999 -9999 -9999 -9999 -9999 -9999 -9999 -9999 -9999 -9999 -9999 -9999 0.752852565797092 0.743070577508972 0.663968448242528 0.438722133537587 0.492802241107043 0.627461957698907 0.654372283684276 0.646936137219848 0.680731414299973 0.675967376857935 0.700528663173089 0.708708969090574 0.712998896848096 0.725189387682314 0.737872549249635 0.747302036742523 0.757020923580632 0.757405512028384 0.756737713387472 0.755246689184352 0.762532265767469 0.772661942568507 0.765367445140313 0.75271094395583 0.735539466406465 0.717566407616096 0.698779374582613 0.681022058748282 0.665378833116751 0.659116711252279 0.649854480067068 0.648266805623076 0.640644924441915 0.631501555998575 0.636262095202031 0.639386455918618 0.660931583540158 0.679480597216372 0.701367149027807 0.72944878917541 0.753328988504739 0.775790229715617 0.811965892966301 0.833019638808501 0.845380104011324 0.84896494802323
-9999 -9999 -9999 -9999 -9999 -9999 -9999 -9999 -9999 -9999 -9999 -9999 -9999 0.756266433651603 0.75192477274636 0.743166073788717 0.569605083003048 0.505553653362787 0.629652101880133 0.562886685498502 0.574152740908428 0.633613147055383 0.636678737655555 0.665486625923757 0.671296594962101 0.683048936445095 0.697789788181155 0.707251284062597 0.716994140129765 0.725765908848088 0.728394907833266 0.734164144680648 0.735201949440491 0.739386334280063 0.734152388953747 0.725184358279804 0.720038308809725 0.714151396612073 0.71314827355306 0.695960942808604 0.679028493320025 0.65735545553594 0.642816032573988 0.635117004112515 0.622778113528544 0.610490113593499 0.606220027485342 0.604399103448088 0.618185029332327 0.636402669424001 0.65266783227145 0.67762480616423 0.707158147910016 0.730988613283115 0.754386338215278 0.773989542170455 0.790993507108118 0.807406267195258 0.826198167182613
-9999 -9999 -9999 -9999 -9999 -9999 -9999 -9999 -9999 -9999 -9999 -9999 -9999 0.727605597628683 0.723570529368838 0.715569587034625 0.643561301036963 0.530670870240756 0.593476046359957 0.56091978481318 0.546565411601658 0.614408521108715 0.624242180438474 0.639071688659938 0.643626396149644 0.654540869965462 0.674409133006748 0.682981289812171 0.690836298887925 0.694457037289333 0.698964221644501 0.709811737861632 0.711815617561281 0.71796970805183 0.707138941543995 0.687727351132393 0.681820653084296 0.689317488714571 0.683019960303115 0.684626656810828 0.696682611783757 0.676622236310487 0.647334131121692 0.642893582085276 0.608861490235472 0.597262673959808 0.586547415627858 0.58856121711412 0.60023608954295 0.619985848024292 0.640384690641649 0.664540091500962 0.684849319002841 0.703688072403344 0.721582856513692 0.738025408967005 0.756193081540549 0.772403348675866 0.788177096774338
-9999 -9999 -9999 -9999 -9999 -9999 -9999 -9999 -9999 -9999 -9999 -9999 -9999 -9999 0.715360625340136 0.715736232720147 0.71468170057718 0.640401289338119 0.510266868698929 0.496038959162807 0.514927008448667 0.619367756004035 0.637362446571547 0.63593313053223 0.620313965918805 0.617372534261572 0.627413934117459 0.623803062592589 0.613997129481251 0.637857898889166 0.659530009011281 0.686773258616499 0.69445908031581 0.689201450844863 0.673605931784805 0.663402000838725 0.658208704284524 0.661898887987586 0.666781830896814 0.669724906288919 0.669338484751959 0.661456438934502 0.648502998416615 0.61479107778491 0.60275060321277 0.581749703190142 0.57436395278393 0.579786254046214 0.583786327694981 0.599495894369911 0.63056738656881 0.648420125521371 0.668727040539185 0.681536226463587 0.690213056974466 0.707423923547041 0.724237553832675 0.742403122304367 0.756590667380142
-9999 -9999 -9999 -9999 -9999 -9999 -9999 -9999 -9999 -9999 -9999 -9999 -9999 -9999 -9999 0.719124364688481 0.651597304435049 0.632410807026559 0.561333989959833 0.496557725054792 0.531272188471964 0.57816600289016 0.632695504505179 0.610351687884198 0.581050045018867 0.575696030636625 0.596996874397474 0.570087476435083 0.560145472447188 0.574179832418162 0.611213029437925 0.656300518016408 0.667542790595637 0.660019964128625 0.64849504352567 0.645694185067516 0.577226954756399 0.55652208877407 0.54491079668417 0.61433011303909 0.605018221616141 0.602947722035435 0.595198258840521 0.582873094371909 0.573664994708305 0.539758344161018 0.534695453330426 0.539947957519263 0.548911381961028 0.564244503082186 0.5903646052419 0.606973193535684 0.625965428706686 0.651192857882983 0.672394691842599 0.672839034033698 0.692001565359748 0.715866154809643 0.728654476803592
-9999 -9999 -9999 -9999 -9999 -9999 -9999 -9999 -9999 -9999 -9999 -9999 -9999 -9999 -9999 -9999 -9999 0.640763447036382 0.575823413684332 0.493298247032742 0.518281938692857 0.515989972902563 0.561166131673435 0.584029102066573 0.568202595090404 0.558147557038994 0.562957517702624 0.549952280682958 0.550601702213106 0.586243627060025 0.598353290463029 0.594068720024827 0.633217903162128 0.657158740853856 0.61663738572799 0.554068060752878 0.558743847214295 0.550346178766648 0.585026090686221 0.594776618425765 0.594825261496372 0.585494375995773 0.568191979029102 0.553035297104502 0.53651808298022 0.515311609938219 0.515127774270217 0.519794768379487 0.524748086714786 0.542641812430175 0.554225903955909 0.571078193563545 0.590333185952418 0.607114283814645 0.642055269657395 0.647723953423434 0.653120104377513 0.679816281604165 0.704443358072455
-9999 -9999 -9999 -9999 -9999 -9999 -9999 -9999 -9999 -9999 -9999 -9999 -9999 -9999 -9999 -9999 -9999 -9999 0.591616858071778 0.477129321246914 0.465276837041223 0.485518910600457 0.463427814254219 0.514959024132406 0.527428053493268 0.516718970624907 0.512443692652959 0.516228603691409 0.554249929520428 0.575214257208099 0.57049749461272 0.566084330388089 0.601867081482275 0.608906082584602 0.605385824906504 0.579447093897758 0.580358519581704 0.578118855656995 0.61552926744841 0.586153624694152 0.568827344197096 0.567304386027054 0.54899587513012 0.537910467693326 0.521015736395925 0.502577774623598 0.501561530543936 0.501492104351631 0.496305026769651 0.511924048290194 0.524558858206628 0.53848119222698 0.556049378524896 0.577598806772737 0.592022851786748 0.619145682029274 0.625940192213324 0.640763337964519 0.666481453292176
