layers50/veg_krg_50/veg_700.asc
NCOLS 128 
NROWS 165 
XLLCORNER -2985163.8955 
YLLCORNER -3022031.214 
CELLSIZE 50000 
NODATA_value -9999 
[rows 52 to 77 of 165, columns 59 to 117 of 128]
0.704324363356788 0.541317769608009 0.57357461971863 0.606508734425095 0.64528476456851 0.541075587075038 0.675358901477752 0.755878147414197 0.77295077865602 0.791657785885415 0.804459497753948 0.72118552668733 0.658397552846695 0.649847362453112 0.657925701196204 0.623817954497548 0.657642946065055 0.718636038190928 0.707650733909439 0.661215336648633 0.662208685346706 0.673774010928132 0.681565060570604 0.637236839771267 0.585321345589516 0.580313275072122 0.517335906749174 0.463478164038423 0.380900942384287 0.31164927025796 0.326314012252671 0.307779606088825 0.284167342022962 0.287101344608768 0.289133217339328 0.277933039379208 0.236076372944245 0.253944261555137 0.291737682995553 0.326301459290668 0.331452997841217 0.34554027085424 0.359225676405577 0.407913804716388 0.45398018307239 0.476885237789226 0.490812680029426 0.5013282946336 0.506118150876326 0.522866733184002 0.543470322000579 0.564682447510374 0.590637716094546 0.626535552629598 0.6420570334083 0.669288385784295 -9999 -9999 -9999
0.620227414996759 0.596512714320138 0.57452249842698 0.580840183223119 0.50720561158695 0.48304283762672 0.647680267058702 0.738540210082385 0.768155462507619 0.761706803289942 0.692350395179697 0.638745946899079 0.612427970161828 0.614565775950811 0.632873671817781 0.652717719915223 0.681306847206738 0.709627916416531 0.67607627316499 0.664206821315041 0.680344064575185 0.679767429597118 0.653228272360725 0.602775078412972 0.563261273860746 0.55348983318327 0.497630080512908 0.441067698467917 0.36803412606037 0.310348011453887 0.325157962651086 0.292764210273441 0.257026679724324 0.229251542679198 0.264552748627787 0.2267276616924 0.182709698514446 0.210856686945828 0.248450724613555 0.298096363536784 0.309250114734228 0.337105274025442 0.378569946896471 0.402885570567502 0.449112786880627 0.47080491919043 0.492667253916309 0.500125064490817 0.511671456955941 0.519400846158375 0.516989501666964 0.529504154500569 0.567497149820387 0.595320471831837 0.639606613709421 0.667536828491603 -9999 -9999 -9999
0.571546969389236 0.606248225006873 0.569837370250235 0.551218269660562 0.583060524084241 0.514473157897924 0.607006372236352 0.670873241249997 0.69769933099741 0.692099642515368 0.607558627658817 0.613278654437126 0.617733838294297 0.597943741052842 0.619856513289313 0.683481818273121 0.693634771449125 0.686166114945928 0.662726982243845 0.66354932504153 0.689496758308364 0.67406079501096 0.64811180820909 0.579883291641612 0.533452969403265 0.507100015731113 0.468701460995939 0.435544796783122 0.386510400643893 0.314756428580561 0.303528067786283 0.283841789494957 0.253829294124558 0.237356537005356 0.195217632281933 0.169697620591137 0.170977561483025 0.172392400498544 0.219043732120059 0.257636993943411 0.300437763504357 0.338468110906989 0.37684385241869 0.393532713055935 0.423626737774045 0.454487025500304 0.485783204814175 0.496749911830496 0.517227922877855 0.52231065515859 0.51400577139459 0.513232405847783 0.561733153521507 0.589538952239661 0.636204901310454 0.635419861391548 -9999 -9999 -9999
0.508056591726323 0.60055369727611 0.592551044671082 0.557876692232924 0.576001811923814 0.521971123073874 0.56997093443244 0.623633854671034 0.661110790804216 0.612254604842985 0.557650061186341 0.578070871269777 0.592404390855982 0.592304902234471 0.623955919779965 0.657747780241532 0.654866152557236 0.668639532837964 0.649019604400055 0.651364477569389 0.676705904757175 0.676723516501399 0.64048753717376 0.582115263244325 0.532621554331627 0.498832627447959 0.458337338939473 0.412223090013096 0.376834639101316 0.323449680370919 0.288329792321289 0.262240435005388 0.231464812908652 0.220158364591922 0.191924861654038 0.161308083545635 0.154140764687462 0.174387613892566 0.207191691999906 0.243521834280627 0.28122865067822 0.304638669514952 0.354963567650644 0.378631306369678 0.406276507227083 0.438744670651323 0.475354913777762 0.504246076996116 0.503218321513118 0.529685852198605 0.516047949875234 0.531561734269191 0.576157908333109 0.605452887646043 -9999 -9999 -9999 -9999 -9999
0.583378806502792 0.605302546116855 0.577733127260093 0.557340788639075 0.561489991861354 0.64229016427102 0.64929105960351 0.653623364356016 0.621486146065119 0.626114613775903 0.571612207738917 0.573727835658156 0.569850500596752 0.590597426590763 0.615298570719373 0.653950814904345 0.64721614013114 0.644299494582482 0.656024186375008 0.667421659121406 0.692376732713188 0.666744464813684 0.607413355867202 0.549340405434669 0.503428902896768 0.473250512176804 0.436928374669938 0.392667357628638 0.353112486547015 0.3086086358482 0.263337936321356 0.234898685911422 0.227030318169627 0.212679172623595 0.180445052329819 0.145695263836891 0.139556077619011 0.173485669457387 0.211436074152644 0.236235369063064 0.24093107011881 0.284031090376186 0.305621625677424 0.366469144356239 0.398448636473873 0.428744093450417 0.468479751747883 0.505348129957655 0.528977484985236 0.542765090081873 0.547365685062287 0.565627699999395 0.602714005165056 0.626101900189732 -9999 -9999 -9999 -9999 -9999
0.664229713471704 0.642779219977999 0.594938620338435 0.604053984577856 0.609336814090249 0.606067309553998 0.638840109106828 0.629382810015708 0.614654686953789 0.611912901147734 0.528654997436091 0.55269947893193 0.556723024457345 0.578680019973378 0.622737817950275 0.628711701004202 0.638518689960524 0.622275643873023 0.62303696133744 0.639254772636223 0.665554989908585 0.636849739914817 0.568397916094344 0.545926805930063 0.535159927274194 0.48701551326822 0.417400420421752 0.377237740208057 0.333028269794764 0.287708342582895 0.263516752159272 0.250349383954354 0.225538172694667 0.207939247310233 0.182613381474186 0.1635652253068 0.166196592886214 0.189601934584732 0.218001656702048 0.239485980403659 0.257824031548798 0.292068873036693 0.31516636034991 0.370582910312414 0.402125633328055 0.42097018820453 0.450852925016621 0.491775994606855 0.51136187558796 0.546065587742419 0.561803651982126 0.583388845427322 -9999 -9999 -9999 -9999 -9999 -9999 -9999
0.635474746508522 0.633940659192468 0.588391475475845 0.601746457422645 0.588734563444042 0.580529272364757 0.596708389620838 0.589099910225417 0.577296782537428 0.585566629596035 0.496290969438603 0.499996099624912 0.548252837891558 0.589013326386999 0.615944619031937 0.607543629592815 0.616185109866741 0.606462537705783 0.592004323084826 0.607332729044851 0.610368192419138 0.616163553664495 0.57645796919362 0.535830606326863 0.502772071592278 0.437900930069864 0.393109761997128 0.378620606647121 0.326412920518126 0.275296292668586 0.241003548144179 0.243105665719375 0.223657205487409 0.216868314574985 0.205240055180472 0.193214714591491 0.19353261562681 0.182667041649071 0.207326713847239 0.236483862204378 0.268818539400118 0.29760024311699 0.355736763513615 0.391026979104897 0.417428399774138 0.432534545818711 0.46584870481515 0.490294670422145 0.51054038617485 0.550187477654266 0.565759005368381 -9999 -9999 -9999 -9999 -9999 -9999 -9999 -9999
0.676232456929526 0.58809232765128 0.546269914073989 0.573108833800672 0.556086772441614 0.551240126264038 0.568199155119285 0.56270486758642 0.553959320923117 0.553122164212656 0.505593412029036 0.507805011272231 0.552146647810996 0.578447236596351 0.601285017441333 0.584630394695498 0.591580214218678 0.589024333888831 0.55977268642645 0.555726694504137 0.560781626900546 0.583187205698846 0.534730289234168 0.497409252086822 0.454411884588414 0.425774457316754 0.378130331855834 0.364215603769767 0.327986683876755 0.258690318951191 0.229378962183317 0.225660943378227 0.222527622492899 0.199853617749541 0.188194613825076 0.210916679059791 0.216068381484056 0.175831982287747 0.210731903758644 0.246352821668535 0.264546607466925 0.319816871884442 0.374386963526154 0.399446946922441 0.427491472182539 0.448666572937935 0.496740467547331 0.518786665055727 0.527660927887783 0.559229557821462 -9999 -9999 -9999 -9999 -9999 -9999 -9999 -9999 -9999
0.643460844821502 0.47935451044253 0.498159962711449 0.53835910882071 0.538985049755355 0.525679935710183 0.528590373635871 0.533397107976963 0.522228146317116 0.475547139840374 0.4880379378833 0.507586303046505 0.530811874331135 0.566012955425207 0.56840813029406 0.57209738029266 0.542675612488939 0.546421802905551 0.514149546114589 0.527284016493866 0.539080962273892 0.530333586273311 0.488992365993169 0.459533904330884 0.431992461793308 0.444257993200789 0.39679161986188 0.36559365586218 0.320220062882909 0.261969630201355 0.232139236475489 0.231581367373552 0.220600329205763 0.158020126273296 0.16660462093018 0.217226226008216 0.216930202252067 0.182483344369139 0.185800542562905 0.2253771080053 0.285025267007833 0.347855989956561 0.403168639107083 0.41745432164159 0.44377984897723 0.467277514749285 0.486844244792487 0.512756699218239 0.527376002840057 -9999 -9999 -9999 -9999 -9999 -9999 -9999 -9999 -9999 -9999
0.528353988852582 0.436481320487393 0.445530815621121 0.478489483527235 0.489885724910253 0.48963566726851 0.496369050857066 0.509045857987558 0.503619026169158 0.446229108344011 0.439031236044492 0.490207880209037 0.515163713835547 0.518255574857293 0.51878761588037 0.507273810383991 0.494127120242381 0.483266151781982 0.494705045144676 0.491257474229225 0.519795006680209 0.488291545953243 0.45322459340231 0.426801665042754 0.426654970482984 0.410898114193814 0.384713340951147 0.360605869393239 0.299753563575499 0.23560921522361 0.219855132290401 0.219819708448103 0.201473888327602 0.186273084049843 0.216337190100926 0.248940059332545 0.191517252519383 0.249927632632868 0.129137156592128 0.216541199292749 0.311119461901761 0.399925907701408 0.469376072025611 0.469023064952582 0.484540651170224 0.494966930808775 0.514580939278878 0.537324556270556 -9999 -9999 -9999 -9999 -9999 -9999 -9999 -9999 -9999 -9999 -9999
0.463695746524426 0.417561019337584 0.396972497382536 0.418277239974743 0.435631546667239 0.439213290867636 0.462299835331495 0.484761479872246 0.472533272610693 0.422218945358754 0.406052847767812 0.468754083465689 0.472051878975878 0.460387929522644 0.462385450056801 0.455632534549482 0.45947680736042 0.4639108962527 0.489306083845728 0.491445546176069 0.499659424846499 0.459109479513629 0.427816368562855 0.425758877618793 0.416524347820411 0.409921898636791 0.355579506709614 0.36553977834181 0.322520889474606 0.237947138821551 0.226405298217321 0.227766401987873 0.233324809984514 0.234062046832294 0.271474305612178 0.283368435835164 0.23073142127833 0.27382539780629 0.158760496193961 0.221491757599619 0.335741426435081 0.425627280831546 0.489032607148757 0.48835624330536 0.521338755531547 0.542905564663669 0.554658965889266 -9999 -9999 -9999 -9999 -9999 -9999 -9999 -9999 -9999 -9999 -9999 -9999
0.435165997091634 0.405664886757957 0.357870102089615 0.369381595317721 0.387521270427151 0.419699121626305 0.448465677851192 0.449167870715571 0.431642869779449 0.409310359308009 0.392943571866813 0.45008529045545 0.434369182457448 0.405956963665435 0.399805156817383 0.40669644204801 0.426821863476699 0.458345783922149 0.484182716442298 0.47838635184657 0.457692545605014 0.470991977735801 0.443586546756815 0.423712139736603 0.44002918078044 0.404069169571622 0.267287231967687 0.289759930696054 0.321934119228037 0.252911039786883 0.246423514959942 0.243213690951448 0.246055818215169 0.267517984181994 0.292251981848248 0.306329741742927 0.258858540325789 0.264855813527507 0.201252042255694 0.242480009464599 0.333288963888973 0.394704016624166 0.423752041044133 0.486979525707809 0.537584145824385 0.551670930066861 -9999 -9999 -9999 -9999 -9999 -9999 -9999 -9999 -9999 -9999 -9999 -9999 -9999
0.382616748772092 0.384457183825601 0.349379145679346 0.345862013933699 0.36765983097045 0.417208934132097 0.433152704655132 0.425316668839932 0.430286997925486 0.431991846267288 0.399290408636837 0.428775800446438 0.397754847431649 0.391781627239769 0.388132676557971 0.39967832414287 0.435793761701657 0.466108580564784 0.456139474808262 0.467412395181317 0.453053463413876 0.396031004838384 0.400619458747094 0.42389880849365 0.382200215675168 0.348797824576089 0.287890727554981 0.332219892496671 0.326112989679099 0.268547510658647 0.261360998734152 0.272298405769655 0.276371238130088 0.29761957860413 0.326579339781625 0.338464913935366 0.315547075092069 0.274475276148268 0.362118701201491 0.370519584583916 0.402631564097951 0.406789953290547 0.42911702803691 0.489321246371732 0.551583888036711 -9999 -9999 -9999 -9999 -9999 -9999 -9999 -9999 -9999 -9999 -9999 -9999 -9999 -9999
0.370848080815707 0.362661910128537 0.344158907293319 0.35668808738834 0.376504987978662 0.38983138293268 0.404931731972076 0.371350619542919 0.399728754650847 0.398561391267464 0.389388185987221 0.367135792804703 0.372005719709546 0.371221517358003 0.37638475683805 0.378850036766738 0.393193425370039 0.446650060837925 0.471846474548763 0.470994506631534 0.442888972891932 0.354367006655767 0.3664341508928 0.379790870306034 0.322678000677748 0.279874429099418 0.356294157017533 0.359144304749465 0.299246300224132 0.280425174338126 0.26890271811758 0.281323756788688 0.295699437015422 0.310247998438808 0.341618830445429 0.344911436209051 0.290893440482916 0.364337746456408 0.424868943208267 0.442083111918403 0.467514877217309 0.452376221785163 0.498426526681728 0.519892121377058 0.580713897498319 -9999 -9999 -9999 -9999 -9999 -9999 -9999 -9999 -9999 -9999 -9999 -9999 -9999 -9999
0.335911742184227 0.324024222950265 0.307026525271404 0.325425082219833 0.333805428200841 0.370616728312067 0.367418594927111 0.363162976957675 0.383874130863357 0.361449136589236 0.34291951865251 0.358634444836917 0.350990294280145 0.347624584796959 0.353381399296453 0.383909717527768 0.391825606022206 0.458429699176357 0.456051552993084 0.46471354728108 0.389931604710573 0.34171573427341 0.360722594559879 0.352131307096793 0.348707059402886 0.314993604525208 0.37043528586777 0.354407847770597 0.309091576256501 0.297333817352196 0.292614247899466 0.295019657931219 0.295638535681575 0.336538753148024 0.376295977140097 0.375280599204486 0.347944141571123 0.396960396374138 0.423478840534289 0.452829615040686 0.459366955872202 0.438669272024692 0.559477733953221 0.567907952023552 0.584391266978184 -9999 -9999 -9999 -9999 -9999 -9999 -9999 -9999 -9999 -9999 -9999 -9999 -9999 -9999
0.304911968576831 0.297144715299338 0.284207270536213 0.296614626102589 0.295366515987931 0.320073626350229 0.333231064907067 0.353567754987004 0.365324753538544 0.362613680951302 0.366981221140184 0.385733838260381 0.343614456754742 0.320923044816089 0.349381797512123 0.415871791761137 0.397153069647034 0.440780946927229 0.435201101126625 0.45055530340925 0.398384305303233 0.35752422533786 0.365401878052245 0.354984221568583 0.325383818932149 0.291242330702527 0.336381134775352 0.342250456362258 0.360024817655481 0.344974846227769 0.323151905515883 0.348700292214834 0.358245689064439 0.365038146485788 0.40067928260481 0.3892990945611 0.341822888751327 0.363854298459564 0.450271227166166 0.450474570183506 0.471589538673874 0.523675920290307 0.567580817332497 0.601974691417218 -9999 -9999 -9999 -9999 -9999 -9999 -9999 -9999 -9999 -9999 -9999 -9999 -9999 -9999 -9999
0.281122473744598 0.27848647587956 0.27645572524845 0.277890969767252 0.284972752012416 0.289852856530686 0.312441283866926 0.334766050236054 0.337170350437066 0.348032682417791 0.375196127126595 0.37914825514083 0.365347598195138 0.340413372173126 0.342845135391895 0.401046976495468 0.362242833923197 0.403775707146473 0.425865986856831 0.426333065038887 0.397085162417814 0.361877272716214 0.362193646450798 0.369055866793824 0.351441385667869 0.328152678462559 0.354321618667692 0.365889896196923 0.3968099664235 0.431085043779587 0.409202169569013 0.414381677728343 0.408863109754491 0.412197166947155 0.471069656844682 0.480850337006336 0.449397573346658 0.415413106782145 0.485305607566349 0.497367735027506 0.554330886249693 0.590533236040213 0.615311493649036 0.633729767203158 -9999 -9999 -9999 -9999 -9999 -9999 -9999 -9999 -9999 -9999 -9999 -9999 -9999 -9999 -9999
0.259578256858944 0.250544276487731 0.258556783513254 0.26357122882063 0.273269620862884 0.27997851938134 0.292131157513162 0.308438374428232 0.322370118802239 0.35014845856388 0.367628004354493 0.363149027548596 0.358921112161278 0.310500945793925 0.340089304226084 0.37752208951178 0.379595614819964 0.398890479294804 0.414018633873621 0.402683640953098 0.401791905741419 0.392709892612652 0.408287607011761 0.389808649660347 0.375807792086845 0.355086230952636 0.361519046753172 0.410790359139764 0.400836235955337 0.438271797965233 0.446707984287944 0.430677040169154 0.412315728053618 0.424263964261847 0.480665564327787 0.485658188056487 0.55368180114814 0.582259631777568 0.561447448976846 0.553395526519852 0.566631199321196 0.586275479170153 0.640819678898396 0.656914014150453 -9999 -9999 -9999 -9999 -9999 -9999 -9999 -9999 -9999 -9999 -9999 -9999 -9999 -9999 -9999
0.244177154533049 0.236810774222044 0.23361098682541 0.242970593690324 0.253926401794123 0.258829287840852 0.272535084182077 0.289829039347536 0.312298500897217 0.341530052042633 0.354381329268312 0.344762500663836 0.324118573640163 0.32630752507426 0.353352027310596 0.368686326476826 0.349187205164839 0.377486277706593 0.383742328427918 0.385900152198735 0.398040887201862 0.408653211877338 0.408145148304406 0.405886376821472 0.417304343905664 0.386918108282052 0.367958798762172 0.423748370672459 0.448596748485366 0.42775960984626 0.429848779549236 0.403317588589566 0.364067951995954 0.358659663932357 0.422030318305117 0.515603849672994 0.650964081354325 0.641270389781677 0.704772495661041 0.758143324743377 0.647251736590948 0.637697923946381 0.701090304951195 0.714948402073408 -9999 -9999 -9999 -9999 -9999 -9999 -9999 -9999 -9999 -9999 -9999 -9999 -9999 -9999 -9999
0.230294041521477 0.226018817298577 0.219087636389654 0.225995872623986 0.236976983730071 0.242693150033677 0.261167421125848 0.280080380020391 0.293181594537961 0.332552748401577 0.337181979443119 0.340169914831514 0.325847588666423 0.34081892135163 0.34620471235959 0.338272898692465 0.348343949146111 0.365707028193433 0.387257869867685 0.392532921344334 0.398594067145112 0.417859486425915 0.437577692881663 0.426776454155838 0.419249931919704 0.394159463587755 0.39769783877033 0.437563958628433 0.453116960502289 0.415556268302807 0.395372336991812 0.382563347653278 0.34744340242471 0.329385071796881 0.391435978764907 0.54506471717766 0.683907178206914 0.755271791244215 0.724146879863505 0.726412881560841 0.695222187154038 0.774337086904892 0.826467662745324 0.715868147990102 -9999 -9999 -9999 -9999 -9999 -9999 -9999 -9999 -9999 -9999 -9999 -9999 -9999 -9999 -9999
0.220057278638432 0.231211343824148 0.230727356632756 0.22580003860668 0.228133039032809 0.251724271523631 0.2645672613978 0.274592407213884 0.284360134889134 0.305901139085366 0.333270324592942 0.327019715666249 0.339597779641215 0.348966004433184 0.328918313479929 0.364018766317759 0.393051850161121 0.399618533359097 0.400515947377038 0.404662854981008 0.412004635952964 0.443167683632855 0.435493042622153 0.438460302781427 0.426944657604722 0.407062517081907 0.403369467264734 0.464147782371065 0.450187217666509 0.402046326999652 0.367310992242765 0.323255377558165 0.204353784472235 0.306618301071148 0.441907396534094 0.581395235380408 0.670474363163434 0.681173857728523 0.726010747297143 0.770307274906585 0.750305318103835 0.776142905115507 0.796700811901563 -9999 -9999 -9999 -9999 -9999 -9999 -9999 -9999 -9999 -9999 -9999 -9999 -9999 -9999 -9999 -9999
0.241990454380941 0.24311866950996 0.244755856989549 0.243727957428786 0.244804629064364 0.265278127590548 0.270466912444101 0.278917978274256 0.287646530182312 0.301614785165375 0.312880094780519 0.301463672400514 0.326519777833439 0.340526580085924 0.339100261312727 0.37004952626929 0.394068848283893 0.407371010553821 0.416973834153845 0.422957137941543 0.432437203409289 0.463998044285735 0.449638174885638 0.446185131500219 0.442789167733861 0.437516439485582 0.421694326765419 0.459715595216128 0.420862184661951 0.379468063261693 0.371682869556525 0.3230915506951 0.186026698430979 0.257918147546593 0.421262217105338 0.560477196936776 0.658275287234668 0.671427193393477 0.785377440557165 0.795830992755282 0.776844441726233 0.784626872661066 0.79766149256545 -9999 -9999 -9999 -9999 -9999 -9999 -9999 -9999 -9999 -9999 -9999 -9999 -9999 -9999 -9999 -9999
0.248566305134348 0.247818368882806 0.256727469667909 0.265700102500684 0.260639654262936 0.277334108804334 0.295549945852828 0.293907119507808 0.299857330175952 0.322113151049995 0.302986340251386 0.291747208741839 0.325319811650242 0.345148828212308 0.374072673645389 0.385664478861778 0.38959742243084 0.412750862754749 0.435763090701773 0.449617413267257 0.44574030533738 0.473904814575399 0.459725059023716 0.447012094518173 0.445935215378941 0.438309259707182 0.42911767949234 0.433189840518845 0.41156017376442 0.406550080380565 0.393046893097316 0.359854272902957 0.323541767804731 0.275517031748305 0.435692515401267 0.582093552367783 0.73537002204207 0.720099758415752 0.741902299056484 0.750840230520865 0.76061624987786 0.782479852508003 0.793523717416761 -9999 -9999 -9999 -9999 -9999 -9999 -9999 -9999 -9999 -9999 -9999 -9999 -9999 -9999 -9999 -9999
0.261857288426185 0.283289811510813 0.282086510737719 0.290036982802905 0.298249658380922 0.311315193770724 0.319775957422143 0.314851689094851 0.316894579017037 0.323686521745174 0.309751883082073 0.306683676391323 0.332646153300272 0.35767199008375 0.378947332691861 0.418389158535313 0.423762142588445 0.414758691627785 0.452207514680895 0.468068878666383 0.453777365634439 0.479384423405059 0.472948032727061 0.4551223485407 0.444291300336004 0.442511873221937 0.443853626813827 0.446054711272078 0.422835765040817 0.43704782544124 0.428760461152368 0.372663205395009 0.400459328115558 0.33230644478949 0.502712134960558 0.570356035623103 0.720809358231651 0.739651075318795 0.688969468634741 0.725431021729862 0.742824252904757 0.780071261994225 -9999 -9999 -9999 -9999 -9999 -9999 -9999 -9999 -9999 -9999 -9999 -9999 -9999 -9999 -9999 -9999 -9999
0.274870856899367 0.304196994398431 0.305262798103852 0.320503816986675 0.33295946596799 0.342418950731032 0.337809410393834 0.335991023730124 0.332444439840726 0.338827096591109 0.329619291375644 0.346129129792206 0.354394337445247 0.360122363654088 0.400252005329501 0.429800631640479 0.441525513938507 0.42670091841203 0.464670757769437 0.473471901619287 0.517000566876863 0.496639091318434 0.478117620942882 0.462842615288346 0.453922708141594 0.451414669451375 0.451812835104416 0.453048341760363 0.444918630612814 0.449233010228513 0.444424715448271 0.401213118449517 0.418305737423685 0.426570498632209 0.533553566753275 0.61901684219793 0.689255603631076 0.69964808177686 0.650551401423049 0.671548811400627 0.712660866172051 0.718205598437737 -9999 -9999 -9999 -9999 -9999 -9999 -9999 -9999 -9999 -9999 -9999 -9999 -9999 -9999 -9999 -9999 -9999
0.319057465054573 0.332747876785957 0.3422229314293 0.356608881865735 0.370009586392621 0.367402353117997 0.347586741871324 0.35052042068125 0.354054697304726 0.34814053793024 0.362323181695404 0.344657165422571 0.352097694502246 0.401553772441206 0.445190510026304 0.443237653194567 0.466903720747731 0.471402320075376 0.487832509247859 0.490381996356784 0.519869062751592 0.52676325463256 0.504840311347678 0.50193823263552 0.494446055202699 0.475306933663477 0.431551141347863 0.450167336693375 0.458881738896921 0.459361927795317 0.456865443761576 0.441081461104351 0.399379301906914 0.433880888761563 0.488483695754259 0.59213604502363 0.581415388062708 0.555464212935837 0.614270424663686 0.61267755995385 0.66057479812058 0.688763045972863 -9999 -9999 -9999 -9999 -9999 -9999 -9999 -9999 -9999 -9999 -9999 -9999 -9999 -9999 -9999 -9999 -9999
