layers50/veg_krg_50/veg_5900.asc
NCOLS 128 
NROWS 165 
XLLCORNER -2985163.8955 
YLLCORNER -3022031.214 
CELLSIZE 50000 
NODATA_value -9999 
[rows 26 to 51 of 165, columns 59 to 117 of 128]
0.585267775104261 0.576985942948012 0.573911420754653 0.586264256877412 0.634737918743517 0.667338775492019 0.667179484330261 0.704164561633633 0.718904800494784 0.698366316895427 0.73121551300531 0.755001791556884 0.757038718863015 0.793978655275455 0.83460093092266 0.875431385446837 0.896204023763276 0.914534629890408 0.920162328439945 0.912931968754092 0.910758152624061 0.904520081307304 -9999 -9999 -9999 -9999 -9999 -9999 -9999 -9999 -9999 -9999 -9999 -9999 -9999 -9999 -9999 -9999 -9999 -9999 -9999 -9999 -9999 -9999 -9999 -9999 -9999 -9999 -9999 -9999 -9999 -9999 -9999 -9999 -9999 -9999 -9999 -9999 -9999
0.620644497140535 0.61475063346346 0.610757553234807 0.605470445667584 0.600923799550964 0.647555126571267 0.702306305026393 0.73615077234226 0.7363117653932 0.721571516183724 0.724147739090245 0.718829872188682 0.754078221132601 0.781658860658352 0.818429501867472 0.870870403077199 0.877745956806146 0.885462455440752 0.864175428768489 0.875939294274404 0.88582835980604 0.8935624915892 0.908118022383641 -9999 -9999 -9999 -9999 -9999 -9999 -9999 -9999 -9999 -9999 -9999 -9999 -9999 -9999 -9999 -9999 -9999 -9999 -9999 -9999 -9999 -9999 -9999 -9999 -9999 -9999 -9999 -9999 -9999 -9999 -9999 -9999 -9999 -9999 -9999 -9999
0.655220139367758 0.648691568894402 0.644548246160047 0.637577173805978 0.663256056623268 0.699498796814428 0.767820352891053 0.753922925680382 0.729777585941966 0.729908682772806 0.736187383567975 0.745890605333861 0.749282452815258 0.760806383568738 0.813411173324789 0.836631801613889 0.871423802060877 0.859945131547845 0.881244125369902 0.899501660934162 0.895740286965848 0.889075155031966 0.904127942990466 0.899413607657591 -9999 -9999 -9999 -9999 -9999 -9999 -9999 -9999 -9999 -9999 -9999 -9999 -9999 -9999 -9999 -9999 -9999 -9999 -9999 -9999 -9999 -9999 -9999 -9999 -9999 -9999 -9999 -9999 -9999 -9999 -9999 -9999 -9999 -9999 -9999
0.686283791074383 0.67846657011764 0.675099143003847 0.68646804044382 0.709991676741709 0.701293945157289 0.717679567970945 0.759437432743915 0.739969450121159 0.737008974322507 0.743871755172915 0.735148285481918 0.732354088431341 0.760630464660499 0.783733930824843 0.826368724122278 0.847236006512761 0.867694494602052 0.893399432660071 0.899675162973851 0.903467611471231 0.904557688523412 0.913239052377736 0.913618921652819 -9999 -9999 -9999 -9999 -9999 -9999 -9999 -9999 -9999 -9999 -9999 -9999 -9999 -9999 -9999 -9999 -9999 -9999 -9999 -9999 -9999 -9999 -9999 -9999 -9999 -9999 -9999 -9999 -9999 -9999 -9999 -9999 -9999 -9999 -9999
0.707010247033861 0.701425776913267 0.711923284230707 0.72638479378377 0.731176309811888 0.74177493373111 0.748990342701399 0.77236422310708 0.761259253728157 0.753731537397461 0.710541132581791 0.715452370504885 0.698974493328207 0.714362377761501 0.760756669413464 0.810298116049483 0.844934513005467 0.857161649752181 0.875493496440318 0.894922006595708 0.913775288006475 0.918891437678879 0.922807815356788 0.926565756082907 -9999 -9999 -9999 -9999 -9999 -9999 -9999 -9999 -9999 -9999 -9999 -9999 -9999 -9999 -9999 -9999 -9999 -9999 -9999 -9999 -9999 -9999 -9999 -9999 -9999 -9999 -9999 -9999 -9999 -9999 -9999 -9999 -9999 -9999 -9999
0.72589715959747 0.734704397096406 0.74367186875549 0.745723112999607 0.749915617213072 0.729482102323118 0.736301912774352 0.753132902622885 0.748754583261435 0.727953103345176 0.695481394516343 0.704771860922154 0.632898569683254 0.614308867451991 0.710188627488229 0.7858971605945 0.820184578681557 0.855381336287256 0.863429677364307 0.890363021401368 0.918004259419304 0.921885539553721 0.931774461670607 0.928726231977457 -9999 -9999 -9999 -9999 -9999 -9999 -9999 -9999 -9999 -9999 -9999 -9999 -9999 -9999 -9999 -9999 -9999 -9999 -9999 -9999 -9999 -9999 -9999 -9999 -9999 -9999 -9999 -9999 -9999 -9999 -9999 -9999 -9999 -9999 -9999
0.754038183784436 0.778545431852002 0.789753691684429 0.778605985579651 0.775638290348919 0.739522184888609 0.744961960782091 0.748541568540912 0.727206508884537 0.666370857106362 0.684974500313777 0.614216883701585 0.540237590653889 0.650957234558276 0.713663099817365 0.71535924842547 0.76563008516187 0.834557771114669 0.843019495549152 0.886889113325845 0.922783699765027 0.933602893812949 0.933670832145715 0.928988498956063 -9999 -9999 -9999 -9999 -9999 -9999 -9999 -9999 -9999 -9999 -9999 -9999 -9999 -9999 -9999 -9999 -9999 -9999 -9999 -9999 -9999 -9999 -9999 -9999 -9999 -9999 -9999 -9999 -9999 -9999 -9999 -9999 -9999 -9999 -9999
0.785705719653841 0.794369716156982 0.804384760283052 0.808545408623614 0.807311259346262 0.808915184112603 0.813241737917307 0.808382965572913 0.786227776255142 0.793777802646704 0.687896377402145 0.620140916337611 0.693556831769759 0.700483354458739 0.680883844447866 0.682718710098884 0.780794777091147 0.806970003349463 0.866926797077865 0.899945111478075 0.9264867773991 0.932166805859235 0.932348021106594 0.913534861735711 0.891540958431427 0.865666971709355 0.845296439116482 -9999 -9999 -9999 -9999 -9999 -9999 -9999 -9999 -9999 -9999 -9999 -9999 -9999 -9999 -9999 -9999 -9999 -9999 -9999 -9999 -9999 -9999 -9999 -9999 -9999 -9999 -9999 -9999 -9999 -9999 -9999 -9999
0.817036827382267 0.813885181441461 0.818795889262351 0.821784322637402 0.821648522413403 0.835779005143703 0.854817999200003 0.871015143867424 0.867636084459006 0.859014399708938 0.729823614656709 0.780222366775195 0.685122020130719 0.694522571186404 0.626229045524373 0.731312116634893 0.812525291375208 0.817789230943981 0.882565040411775 0.918875840796026 0.934175490790281 0.931769025459099 0.924852796073608 0.899173825478712 0.873820097012793 0.850762619933637 0.832932524615108 0.790831125337351 0.786577445398333 0.772614936713552 0.7648086610713 0.732938779581647 -9999 -9999 -9999 -9999 -9999 -9999 -9999 -9999 -9999 -9999 -9999 -9999 -9999 -9999 -9999 -9999 -9999 -9999 -9999 -9999 -9999 -9999 -9999 -9999 -9999 -9999 -9999
0.831366966395178 0.831838626006209 0.82851043688978 0.83453653414876 0.84190572487048 0.851669785088371 0.857002125675174 0.871659612101292 0.882883323786824 0.913465646208654 0.886048655579547 0.877224060668146 0.814412547069497 0.799039241620956 0.774249151694645 0.815391492217979 0.821671274814396 0.872959371834908 0.889741056601751 0.920526133377797 0.932359364362132 0.926122585639897 0.905436042462828 0.883968933473366 0.857968077432106 0.835627603152641 0.791941059236923 0.780361774681864 0.765299916054109 0.757568426563393 0.741801505024644 0.719199652460402 0.646918891862528 -9999 -9999 -9999 -9999 -9999 -9999 -9999 -9999 -9999 -9999 -9999 -9999 -9999 -9999 -9999 -9999 -9999 -9999 -9999 -9999 -9999 -9999 -9999 -9999 -9999 -9999
0.843713138889026 0.841091390402438 0.84155108108458 0.842122138106443 0.84706158523546 0.859437265250281 0.875575014632408 0.912858460099989 0.953687908233356 0.91829374197484 0.921013737771994 0.920164787567934 0.904567629689167 0.874112030581619 0.8559528595764 0.831080020986599 0.823981647400987 0.856942918621552 0.875688005052836 0.903683072017188 0.911522286938981 0.907144481022276 0.880651603328337 0.854249052107815 0.843196511369722 0.811162860538153 0.771421888267509 0.742340157553691 0.745799662838947 0.73040433015645 0.704606414208601 0.689633364018001 0.641275448529409 0.630573449580653 0.621964756685633 -9999 -9999 -9999 -9999 -9999 -9999 -9999 -9999 -9999 -9999 -9999 -9999 -9999 -9999 -9999 -9999 -9999 -9999 -9999 -9999 -9999 -9999 -9999 -9999
0.865381726208729 0.85948439268404 0.851253445604818 0.84988216113017 0.869549916939394 0.89031258353061 0.910646093646474 0.921260824728785 0.890750446210231 0.866221285605578 0.829470844447276 0.829524746778399 0.860404859723586 0.855297843079404 0.822883306395169 0.798705569026897 0.787867477128772 0.823725405149126 0.839332910023895 0.86089856836247 0.867717387308814 0.869718105502878 0.84925999374297 0.830438871567206 0.798723283380016 0.758527072719675 0.737736543822554 0.726338416741441 0.720836108090591 0.692465503014332 0.675812220378476 0.649660096663433 0.626958019611681 0.616405695863887 0.59968122908611 0.602501571295719 -9999 -9999 -9999 -9999 -9999 -9999 -9999 -9999 -9999 -9999 -9999 -9999 -9999 -9999 -9999 -9999 -9999 -9999 -9999 -9999 -9999 -9999 -9999
0.883634672890712 0.878875352302528 0.87215419921967 0.87596739719809 0.882808283179368 0.899560182367104 0.910486401833054 0.91871565386171 0.893086092574565 0.861992913640531 0.819959036241318 0.828119368402837 0.836610505827034 0.814670932663803 0.792545237331006 0.778501918899324 0.77302597182251 0.787198828513161 0.78833210678309 0.805155786848936 0.812143130838624 0.811916077571815 0.799160737468487 0.787203117177803 0.759967975868152 0.72847930388102 0.71841126825084 0.70603220063879 0.690087321531767 0.665468186529747 0.648541626182562 0.590597337927291 0.600013809359544 0.589613140553628 0.580066180851399 0.580924304570411 -9999 0.566957627604211 -9999 -9999 -9999 -9999 -9999 -9999 -9999 -9999 -9999 -9999 -9999 -9999 -9999 -9999 -9999 -9999 -9999 -9999 -9999 -9999 -9999
0.88936880032977 0.890603679110767 0.890791147391401 0.88248290101348 0.875530618444949 0.89952240856178 0.904572568708383 0.895069112661281 0.880672497219162 0.846166396870238 0.778690596847661 0.848497072395294 0.813632835056267 0.797166767372214 0.782635505195414 0.760986812794008 0.751308636441901 0.736520642865172 0.759345608680917 0.757325570326557 0.753507081726091 0.757389585046636 0.751262347557332 0.749869170807425 0.745620440300818 0.707751216977175 0.689732711635517 0.679281568722542 0.660077711638812 0.646057142656715 0.628142629753325 0.566691763016251 0.578741156809178 0.574830272047323 0.569530618033044 0.566717105422937 0.551474383953338 0.543643373812018 0.543706852347695 0.563864969834823 0.596312450628478 0.646686916432321 -9999 -9999 -9999 -9999 -9999 -9999 -9999 -9999 -9999 -9999 -9999 -9999 -9999 -9999 -9999 -9999 -9999
0.886673844338518 0.878286048245779 0.867001530253693 0.861047871773061 0.863489172591221 0.867753642328981 0.87298174826909 0.853789982690881 0.845573154643053 0.826972325343925 0.835431164152172 0.801285142355851 0.75557524883579 0.749031850360671 0.758106525498268 0.755929512196616 0.744061067704024 0.706562654799586 0.695827254900857 0.698152184569589 0.691614742427677 0.695222323090477 0.697459976027312 0.696382865783426 0.691265540405331 0.673015079807132 0.663459013389996 0.640256559487994 0.596112108075051 0.628840321098398 0.547828816442741 0.558331025719541 0.567015478608719 0.565610561994353 0.571177191781567 0.556106240584155 0.529684172578979 0.509229627678641 0.522697965014459 0.560084813741407 0.596597223803673 0.635102255561696 0.627779419244998 0.664469625587746 0.724350074742325 0.776982120187856 -9999 -9999 -9999 -9999 -9999 -9999 -9999 -9999 -9999 -9999 -9999 -9999 -9999
0.879638496993746 0.876677085334411 0.860617765767483 0.845926342587172 0.855789598103116 0.853273859495017 0.843010867084864 0.8373406488912 0.851085604347696 0.79617633704678 0.75817072372832 0.72723900086846 0.675797102687614 0.715412026968296 0.736367658553113 0.732543224128505 0.695195148192122 0.664777937842292 0.641406913971844 0.64348335927393 0.633847797103095 0.639097996663337 0.641496677010387 0.658292365169875 0.653244772137419 0.64518795777101 0.632540766954854 0.603474337458945 0.57000159250907 0.570544549955536 0.541786009813529 0.566995663104959 0.563772689273889 0.567262245375596 0.565245306690112 0.548486028454318 0.518014475383884 0.514206818101007 0.523411700377843 0.566674752080989 0.59038407916542 0.59977882697361 0.56560569564049 0.648431540996092 0.72045867807871 0.781460100874408 0.827819753715964 -9999 -9999 -9999 -9999 -9999 -9999 -9999 -9999 -9999 -9999 -9999 -9999
0.881452783654806 0.869070632596815 0.849571994654025 0.833014495443608 0.847865276228516 0.839059267311271 0.826681010478985 0.829611784208175 0.822941907910594 0.779528119688102 0.713385995982803 0.683615067743485 0.660474406953452 0.657689287201193 0.677429049104439 0.653563842692073 0.648021711680435 0.602436520782592 0.576050369292018 0.586618823012732 0.568784266250865 0.572049833223309 0.576549336216103 0.623573513932487 0.620024280194381 0.593876723312492 0.584981213169349 0.550249945246272 0.524904927047684 0.538424914380569 0.52932229756001 0.534549560817949 0.527207421538587 0.545389699905011 0.547013649517177 0.532002625826225 0.509737618547556 0.514173101054069 0.528271444412628 0.555215934095319 0.579933534217509 0.597637015375939 0.468070531667187 0.527697216748644 0.721272742693514 0.752515561885596 0.805677126043592 0.843659726606303 -9999 -9999 -9999 -9999 -9999 -9999 -9999 -9999 -9999 -9999 -9999
0.870553385829704 0.855991747669199 0.835726469620603 0.81563898760825 0.824734176448911 0.83286064663099 0.81350119880749 0.775626811037433 0.754687823919239 0.7847947355861 0.701050207621749 0.640105068179686 0.647189730878638 0.657205379569348 0.62502991321185 0.576264186452521 0.593325149937595 0.548988476958848 0.522492638900511 0.529009157291847 0.508466195700147 0.501495208775642 0.529669522579539 0.570131700681997 0.593424264653003 0.58790612267949 0.56977570053876 0.528897141360365 0.475505957952576 0.491981223090974 0.468839786552787 0.462316154489748 0.494309824227512 0.517446359241149 0.515327632511461 0.506098848295318 0.507956540766846 0.525537350892053 0.536030653675466 0.545535448146853 0.56844270999823 0.507558257027243 0.457975572794186 0.521850859178695 0.697663573126026 0.702916924641066 0.770169121447893 0.794208485017984 0.837190250313009 -9999 -9999 -9999 -9999 -9999 -9999 -9999 -9999 -9999 -9999
0.861595141761107 0.838835914258139 0.811825910700712 0.797735950508175 0.791144927206605 0.82867636129459 0.805968014937777 0.77300603034893 0.76350649502466 0.774309381325453 0.749682865128033 0.64397940362047 0.635477527778684 0.658853653534424 0.569344909904972 0.540112084209497 0.503543902086757 0.500602953476384 0.471462678357404 0.46489001159369 0.437573414921876 0.444813077599657 0.481264966095736 0.522377814788646 0.540928755162827 0.563154228298655 0.52344566119177 0.536359283388235 0.486479041888372 0.446103423230366 0.420938189591426 0.464137466246056 0.483657015187113 0.510225363115731 0.497057578316081 0.474749275400488 0.503459881633441 0.525399679648421 0.541185649903043 0.55114345091274 0.561017278206369 0.538165290428698 0.518056060732691 0.619592921096574 0.661037377213998 0.662006902200593 0.712364718583599 0.778012045038084 0.818608784880491 0.824646722736241 -9999 -9999 -9999 -9999 -9999 -9999 -9999 -9999 -9999
0.838386860237089 0.815040866503621 0.793668006572092 0.771083789055599 0.75520286713413 0.78855310624665 0.787026583137452 0.736934774597782 0.728678114554206 0.722520254235824 0.650766639202429 0.606720892829644 0.619701605388797 0.635643244594429 0.569324015177299 0.498475196403872 0.47231482847862 0.465729027758872 0.418754373914226 0.39830403446112 0.386174899890002 0.378566830448532 0.326239758200403 0.439845735844284 0.502340693950039 0.487317400305026 0.519446858574072 0.47331535797788 0.480407751827225 0.416191303110082 0.429382199860708 0.437653719410528 0.450820631954754 0.485014243685413 0.475298118355844 0.48970681611072 0.488672331958315 0.486572599755338 0.509209626071037 0.52456657287098 0.543600396456749 0.536522626568956 0.544753146593438 0.605959497579136 0.597237981164995 0.646804013492783 0.699943744540345 0.759163243592769 0.782832121053824 0.794785325844812 0.791088419075553 -9999 -9999 -9999 -9999 -9999 -9999 -9999 -9999
0.799595979426876 0.783155205034304 0.773133273906987 0.749314395319567 0.72841818333997 0.720348569680736 0.711053143340397 0.661550295726951 0.632648572395266 0.631273464881196 0.651290353680478 0.598169262290565 0.598782600667464 0.576204050252035 0.505599846632316 0.426777064721652 0.439395008583778 0.424611024772583 0.376104397822748 0.368567441451912 0.357627778463699 0.361638744689853 0.350081085573913 0.341032568855359 0.442493638760395 0.444830212582963 0.465714128440487 0.433158262484467 0.464481642180727 0.407220010505489 0.380758680105896 0.381886734463081 0.391099045735937 0.413262521552787 0.420276484968468 0.442572415091065 0.459848958531891 0.47050112300732 0.501136182942459 0.502073375955296 0.521663319834733 0.506757381972534 0.498109355187974 0.563866641344172 0.575458052589589 0.610054498460166 0.695555785154341 0.747666715088969 0.762679171993428 0.771622637206218 0.77280938848171 0.77044357527645 0.757637208725762 0.74056080499955 -9999 -9999 -9999 -9999 -9999
0.760082032238806 0.758668784357905 0.753996468002027 0.725391334855082 0.703893594818564 0.697001233460254 0.676035527062293 0.618423878002275 0.592979550691006 0.553468206731025 0.608475871414205 0.55368300406517 0.57312695941041 0.546452853176099 0.479074131095784 0.417301032803575 0.402001959294289 0.403844474755409 0.373530375474407 0.36272351392957 0.343156324313033 0.329033020367981 0.339369576704788 0.359712829106078 0.413626792369246 0.417908017163408 0.416818122987767 0.414971932294516 0.433585382520722 0.378997388503728 0.353760488621442 0.338825702602891 0.34688928836888 0.3800572443824 0.396855868352098 0.41771275977241 0.4230969050034 0.451511073505227 0.482821067723238 0.474645000918677 0.497631855381047 0.509334582732062 0.475218283776746 0.527426041266756 0.565841538755671 0.6090649938056 0.666690823807656 0.718996179058777 0.708445768906615 0.743629641466705 0.753260440146579 0.757930257326709 0.743755672176741 0.729755443330347 0.7282903142049 0.730252125725192 -9999 -9999 -9999
0.733097404804791 0.732486048408482 0.720205244595819 0.694002988722116 0.675477200806874 0.673973035653267 0.642964518119666 0.5463992039649 0.469724886993676 0.452661082483855 0.584509222854196 0.557838286001995 0.56902210453119 0.498618525298868 0.444741295845103 0.389995155037212 0.405395142431368 0.390806871939926 0.367652457392715 0.363242958728252 0.321517955755771 0.298373089854112 0.313515135087895 0.408765440201405 0.410756208721058 0.38440974163282 0.392997626100158 0.424243032772534 0.410877351657859 0.354412551035474 0.364667886383644 0.370212383540017 0.402586869287641 0.404637600583527 0.416674212714137 0.432399325869657 0.450454514311341 0.454671426300191 0.473479189475035 0.475880569758918 0.47222987544877 0.466259000236158 0.469677455004077 0.507315379125579 0.562251017379764 0.618351445269301 0.664416562865077 0.625653588112978 0.665374169043021 0.687411430886671 0.727167289595181 0.716414424111689 0.683875227609497 0.705353148360471 0.730016670807197 0.744859384928555 -9999 -9999 -9999
0.695856373924196 0.706144073595566 0.698363506495743 0.675182383586366 0.649808825996751 0.627793945498309 0.632863711543597 0.562528940480484 0.458768250534958 0.455326869379052 0.469031658402599 0.472987436065467 0.502602288471846 0.457122590824376 0.4464233750689 0.425975356945586 0.422737673419185 0.381361740182772 0.353860443788572 0.34482767800678 0.322470317793499 0.276805517869013 0.34830425072891 0.398194398243932 0.409338760047042 0.380907001489936 0.415281299097966 0.421256755190203 0.399202758437715 0.378095640608118 0.379754264469049 0.366675322018671 0.372151951952121 0.381643113373761 0.38917019217642 0.414364182358345 0.429513875973743 0.441698253039558 0.460663953876061 0.468534833620256 0.485515756550514 0.494744095170614 0.478350429746094 0.485712251720639 0.513995683322926 0.551094042903364 0.613129422373112 0.632667740665381 0.656960733350085 0.666283365626174 0.681692520863761 0.668754123327986 0.614554351690719 0.664346547693787 0.717491236417704 0.739184366798532 -9999 -9999 -9999
0.666616492894125 0.673477904095511 0.672224338421304 0.652741872637731 0.629767299515976 0.599914038216534 0.600570036757476 0.555928366766752 0.544712920462623 0.420839206732716 0.516495475603049 0.498424724925671 0.462010663931668 0.42987498505115 0.437823917648596 0.422039802361772 0.42794413160981 0.362589529832518 0.347065974983104 0.344545052119566 0.280259034200427 0.308174543234066 0.341391263309743 0.384941314007584 0.391523566466066 0.387509405505168 0.424651759278625 0.385597869729735 0.377061808193756 0.35937228817878 0.358244766205739 0.369064124044193 0.368963284517092 0.373757756021704 0.376385120681489 0.387331791888315 0.393317814432891 0.409975905469481 0.448146793289832 0.45151598130298 0.464018156336731 0.488797559073799 0.452450090605627 0.459680705933475 0.457422390328176 0.509901956913007 0.56878145004656 0.584574983651391 0.612855532507607 0.640894450261776 0.628970840992506 0.621392147531399 0.59784782798655 0.61861843457374 0.680006613466345 0.703371060749074 -9999 -9999 -9999
0.621444163291252 0.629945439328659 0.637157144087696 0.627994197133861 0.604038391711601 0.589418984245032 0.580721613119503 0.542808772254349 0.526911180530681 0.504185244023067 0.484246568143061 0.447902381753474 0.437284144236867 0.417181761558826 0.421251568846893 0.396235307473696 0.385699145093614 0.383010853792689 0.304101440279571 0.307164449422881 0.303797232351584 0.344744527141616 0.362177849758909 0.389634600058428 0.370436175828479 0.38496051438752 0.396937358882566 0.3656983964074 0.348761832279752 0.321420640215598 0.331819835997412 0.36534027904954 0.354442072005706 0.379261737027871 0.369947934748215 0.398987795238213 0.386435254577096 0.403650498135177 0.422284190842162 0.423818127294186 0.441415833905508 0.465355844885393 0.432706917552264 0.4680810943882 0.479129026018862 0.495697589162249 0.522093060568895 0.548042697300079 0.566045053160769 0.558729223838971 0.547885439547795 0.567924305505297 0.579819269412088 0.631273431792833 0.67278636557922 0.695682863556475 -9999 -9999 -9999
