layers50/veg_krg_50/veg_5300.asc
NCOLS 128 
NROWS 165 
XLLCORNER -2985163.8955 
YLLCORNER -3022031.214 
CELLSIZE 50000 
NODATA_value -9999 
[rows 52 to 77 of 165, columns 0 to 58 of 128]
-9999 -9999 -9999 -9999 -9999 -9999 -9999 -9999 -9999 -9999 -9999 -9999 -9999 -9999 -9999 -9999 -9999 -9999 -9999 0.469306031197426 0.436638903274356 0.426785209946396 0.439210617395384 0.428341852235758 0.462429188164829 0.460613602392237 0.471128648718161 0.495086014869314 0.528728993488935 0.527200884293783 0.554506383837104 0.606680452097579 0.617967139500618 0.618257058908701 0.614990166492668 0.611314917527949 0.609705107498661 0.604697835858336 0.593551055838835 0.56923827559862 0.548920506324129 0.543714511678882 0.526507675355788 0.521575148961017 0.483140367459471 0.476862340587272 0.46674721578393 0.464002513097608 0.451029763206628 0.473162577360517 0.484005029569011 0.493792883756194 0.508466058925579 0.557365811215564 0.577871642400807 0.599815725754899 0.620677025481142 0.606195689924204 0.601871926789503
-9999 -9999 -9999 -9999 -9999 -9999 -9999 -9999 -9999 -9999 -9999 -9999 -9999 -9999 -9999 -9999 -9999 -9999 -9999 0.446694101454474 0.407974004456852 0.360066519261823 0.375391132199951 0.378490405880776 0.391405817128696 0.415309164940522 0.441001213549612 0.492717951908344 0.495396848190939 0.529774583791262 0.589725058591239 0.61091583849193 0.610490918229442 0.610786495188284 0.622290015287607 0.638289111380491 0.617481922255762 0.60573858489994 0.589239082450695 0.56931444054502 0.542733470970284 0.518012243322711 0.516731345061577 0.509892490976499 0.47239059547386 0.465105549162541 0.454568217913633 0.451526933260737 0.441122243405447 0.448148131015277 0.451309271032078 0.456589786091313 0.466253255891649 0.497769424330681 0.527800709859324 0.564203405209097 0.59329474205807 0.570488848240741 0.566792503891563
-9999 -9999 -9999 -9999 -9999 -9999 -9999 -9999 -9999 -9999 -9999 -9999 -9999 -9999 -9999 -9999 -9999 -9999 -9999 -9999 0.404138401289574 0.332562383928351 0.319371797117887 0.321442677180876 0.333421372935918 0.356847984568825 0.446664026129118 0.485579375193327 0.468992623763007 0.481868710980142 0.529607397402145 0.585887449922186 0.59710998122102 0.59778245019218 0.628046700236725 0.640655860896589 0.620555981653116 0.611007385962122 0.595273396819674 0.57485209484529 0.543933648935518 0.516039352782382 0.516808483699229 0.449681426663067 0.453054859903043 0.448885202727546 0.425311183102914 0.432081742295857 0.424684861954517 0.413471099540295 0.412467648960208 0.415929719629191 0.428606277113909 0.428932494999476 0.468818240571617 0.496425535795028 0.569376197247565 0.559508861042494 0.531342559068053
-9999 -9999 -9999 -9999 -9999 -9999 -9999 -9999 -9999 -9999 -9999 -9999 -9999 -9999 -9999 -9999 -9999 -9999 -9999 -9999 0.332632349791676 0.287456175831035 0.268749710783362 0.267620844550285 0.2901024629552 0.316480395130043 0.414512713762586 0.468795400990544 0.463404993638954 0.45529901108397 0.525187900544615 0.578690383531234 0.585949879415756 0.609096696587058 0.645644586566258 0.645698611941724 0.623943528524116 0.616742108467479 0.605517346343277 0.580131311276403 0.555360611562244 0.55068455354109 0.5271553035125 0.475486787604257 0.444937309436769 0.415369848580407 0.409056828530957 0.397937127187704 0.377373169107776 0.378819702289202 0.371129359097671 0.378671494934707 0.393866009439374 0.404544293226182 0.407199363205953 0.423304415990307 0.460217474972234 0.501599401975207 0.518871165988061
-9999 -9999 -9999 -9999 -9999 -9999 -9999 -9999 -9999 -9999 -9999 -9999 -9999 -9999 -9999 -9999 -9999 -9999 -9999 -9999 -9999 0.27000096893671 0.242848132983323 0.21329155260208 0.23457479753751 0.270188250329693 0.331886258968201 0.434656132717359 0.445900745087543 0.438939688486162 0.48946934024108 0.542476164667728 0.601980414745501 0.638405899761751 0.6444064072802 0.633576795692187 0.627520712007024 0.62262787451198 0.615322763179396 0.591004284865702 0.581110592601626 0.560277919397237 0.518828759906658 0.48535720455422 0.448048338571127 0.410418048387285 0.378687661426819 0.362321097983035 0.350481330951701 0.333475318197889 0.314406345111408 0.324156284101385 0.343053429655912 0.369314381507965 0.383022768856948 0.382913657880797 0.38463747484004 0.42198218537449 0.432085205406193
-9999 -9999 -9999 -9999 -9999 -9999 -9999 -9999 -9999 -9999 -9999 -9999 -9999 -9999 -9999 -9999 -9999 -9999 -9999 -9999 -9999 0.262124985149755 0.231251952960806 0.178160270454364 0.192481674573837 0.239347164056954 0.344533645027774 0.3995884979098 0.43799906250312 0.442148897223373 0.459118435325668 0.549826611729931 0.63514977082002 0.64248698052658 0.623589093611237 0.628180953945482 0.629923151903743 0.626784557132689 0.634838072940342 0.625497862374382 0.615473223470464 0.572541201328456 0.539977667783948 0.50050449463996 0.453962272617861 0.406657748547072 0.363424242219533 0.330657035765979 0.320830499196897 0.311610848709647 0.304890452532999 0.292762676682143 0.297898423053942 0.332325899736466 0.329564948723226 0.348783926976277 0.360534410231019 0.387742804059586 0.376221525519691
-9999 -9999 -9999 -9999 -9999 -9999 -9999 -9999 -9999 -9999 -9999 -9999 -9999 -9999 -9999 -9999 -9999 -9999 -9999 -9999 -9999 -9999 0.200548059370895 0.190179486261288 0.158409055171104 0.184128719427737 0.235883061206652 0.286902964834629 0.341183358669499 0.421495544919128 0.516381750546885 0.582160179009054 0.624881436338008 0.626892965764714 0.616100271656732 0.630712709347326 0.639281157860512 0.643037427652394 0.65363544675832 0.644890690173184 0.630943677372108 0.601579114899058 0.564196542652953 0.518388082499462 0.461233783788189 0.401988723672966 0.347908192665207 0.311320613305714 0.30455557674789 0.305161339652605 0.304806433780837 0.301824549877344 0.305796503485311 0.305003263751903 0.29434465313978 0.287590087443031 0.301566953477885 0.350747373064606 0.349297309572667
-9999 -9999 -9999 -9999 -9999 -9999 -9999 -9999 -9999 -9999 -9999 -9999 -9999 -9999 -9999 -9999 -9999 -9999 -9999 -9999 -9999 -9999 0.194002713612548 0.210048349440547 0.18262301739053 0.139241870100615 0.14425474801425 0.199092700876555 0.256199388030516 0.436335660573278 0.488575891105437 0.47655842132885 0.560054619485862 0.446136283436961 0.339537444061938 0.548901426362627 0.626250862892613 0.654526655277952 0.670231501535445 0.662046839678916 0.64591948937178 0.626397032162252 0.593979849145644 0.545469656608818 0.478351081151438 0.404337454291412 0.334035023909761 0.290650774766651 0.286405262239725 0.298886872064285 0.313095496778 0.315757439730907 0.31415904613672 0.312375613029411 0.293245503994769 0.28101328615409 0.272261268739845 0.270072716367258 0.305300520780845
-9999 -9999 -9999 -9999 -9999 -9999 -9999 -9999 -9999 -9999 -9999 -9999 -9999 -9999 -9999 -9999 -9999 -9999 -9999 -9999 -9999 -9999 -9999 -9999 0.271392698479642 0.155890756744153 0.120527707383596 0.156678604967714 0.26825210816352 0.398892040885346 0.512529961142668 0.419247639717725 0.505596770541968 0.365365812679487 0.29316205706631 0.492465956460901 0.599497892872036 0.668672187022531 0.683078744047353 0.68428355997294 0.685102009211564 0.668713537326962 0.637417806327409 0.584148404469063 0.509947795703415 0.423455977535057 0.333802654228847 0.277340576558973 0.280588633284272 0.298595217605109 0.311733192175624 0.320651501265993 0.314017604018551 0.310573921192033 0.291621623833892 0.286496976612529 0.272922527467368 0.254474789833668 0.288627189589267
-9999 -9999 -9999 -9999 -9999 -9999 -9999 -9999 -9999 -9999 -9999 -9999 -9999 -9999 -9999 -9999 -9999 -9999 -9999 -9999 -9999 -9999 -9999 -9999 -9999 0.245868836032403 0.102735962090217 0.10027881958476 0.144715529104972 0.234855198870162 0.344549817487452 0.350367650016849 0.314376691179851 0.262281087523001 0.228903063031457 0.389375472775139 0.460176543234687 0.574564110890265 0.632722185289741 0.676586408541807 0.707738112950921 0.706799526103715 0.691471819177041 0.641501965624763 0.562266803706418 0.47037157174567 0.380937216869787 0.322126371792135 0.309923794398116 0.310098410408853 0.31522628880297 0.316071870688456 0.318224221691586 0.300170083316787 0.279642510301455 0.266781877910767 0.258813511605686 0.244839944690217 0.268918085273521
-9999 -9999 -9999 -9999 -9999 -9999 -9999 -9999 -9999 -9999 -9999 -9999 -9999 -9999 -9999 -9999 -9999 -9999 -9999 -9999 -9999 -9999 -9999 -9999 -9999 0.336538384404058 0.197793693886656 0.0679556957688202 0.0679661755416398 0.130386634642096 0.152619155626898 0.193807038223393 0.203840124571825 0.149568998196212 0.135701954721249 0.146741669237827 0.201857108608255 0.333355253442441 0.457785466360881 0.629831909317527 0.700141118436559 0.730912702694523 0.734798769625035 0.702226355047083 0.622668960125283 0.527334805839477 0.442195165452849 0.38092133631284 0.351342355804095 0.336731313518394 0.320300657175389 0.308966981226957 0.302108680516863 0.28426933840619 0.260266280324302 0.237592067163765 0.237643997398179 0.218726512632022 0.229648076106607
-9999 -9999 -9999 -9999 -9999 -9999 -9999 -9999 -9999 -9999 -9999 -9999 -9999 -9999 -9999 -9999 -9999 -9999 -9999 -9999 -9999 -9999 -9999 -9999 -9999 -9999 0.345119111390951 0.128769735119419 0.0669701128330652 0.0690904817395528 0.117350126046395 0.121548662173835 0.193065300592647 0.0880618780260697 0.108172488559964 0.117075731249646 0.0986204926911096 0.162585549959247 0.176264845404907 0.391319506887514 0.548764421334927 0.653234500240747 0.725409149351713 0.725346072796135 0.669836479437145 0.57812828954544 0.496063232489209 0.430019420039196 0.391870182827863 0.354174137443611 0.32439081035639 0.302595171411252 0.285165911758045 0.263465745766105 0.241221724071607 0.224013677997953 0.209873413067452 0.191453111460598 0.177201956698303
-9999 -9999 -9999 -9999 -9999 -9999 -9999 -9999 -9999 -9999 -9999 -9999 -9999 -9999 -9999 -9999 -9999 -9999 -9999 -9999 -9999 -9999 -9999 -9999 -9999 -9999 0.433146139469686 0.287520162413818 0.221992499368558 0.0701303738568527 0.0741364220998024 0.052820589100595 0.0657802607858788 0.0355525701868576 0.0693376659389497 0.0534913274262593 0.0788016400667257 0.116543999397629 0.103272002918448 0.111325486363342 0.191307032600281 0.438875102233647 0.616441023680974 0.683208669589645 0.66418327128426 0.608227321838392 0.529785456354361 0.46606534392042 0.415425551280075 0.369372805249853 0.330508231303705 0.296703827166467 0.2682564433329 0.246309319919855 0.226242536761859 0.209835120466772 0.192394064255054 0.180144980672299 0.167526801537404
-9999 -9999 -9999 -9999 -9999 -9999 -9999 -9999 -9999 -9999 -9999 -9999 -9999 -9999 -9999 -9999 -9999 -9999 -9999 -9999 -9999 -9999 -9999 -9999 -9999 -9999 0.431821901054626 0.467286204737972 0.391513745134544 0.138407878595313 0.0669854477771897 0.0405215939844418 0.00274135229596635 0.000172053459765986 0.0102160682288687 0.057367399404485 0.0868587637430393 0.102046657726394 0.118544775881349 0.104499618184333 0.0360110856762379 0.261184740626456 0.586434254055848 0.632050646690088 0.587932947026515 0.554789743110661 0.491906253204683 0.467977669950308 0.423435940688344 0.38127300107204 0.334283584293506 0.288497794477042 0.254606133608235 0.231223967082104 0.211935695340621 0.197074549638199 0.183084013720884 0.175882321475958 0.182645994117373
-9999 -9999 -9999 -9999 -9999 -9999 -9999 -9999 -9999 -9999 -9999 -9999 -9999 -9999 -9999 -9999 -9999 -9999 -9999 -9999 -9999 -9999 -9999 -9999 -9999 -9999 -9999 0.429206883096226 0.410630218083537 0.283193327808811 0.149608378807218 0.0725363569718646 0.0431136300892801 0.0653948821396624 0.00585863808935279 0.0220559507972188 0.0373888031594926 0.0595294631566801 0.104835523223175 0.111236952698073 0.0563083225550479 0.217949963924752 0.475823555604745 0.530326549439693 0.529269678535257 0.440635633569311 0.447843936742073 0.468256260018088 0.438585457560857 0.391949748854682 0.340721639401223 0.28669439762568 0.241500250546231 0.219369646513453 0.203842177917748 0.193387286341213 0.18008276298998 0.173691356771727 0.176660815933644
-9999 -9999 -9999 -9999 -9999 -9999 -9999 -9999 -9999 -9999 -9999 -9999 -9999 -9999 -9999 -9999 -9999 -9999 -9999 -9999 -9999 -9999 -9999 -9999 -9999 -9999 -9999 -9999 0.400982970102847 0.368065714844311 0.29306787004803 0.210538938830526 0.292193450641404 0.0985091609895968 0.0851145004354538 0.0757476210088899 0.0301777680953376 0.022621522390171 0.047107484734226 0.103245733036491 0.102071804530226 0.125455827121536 0.177365514331863 0.260510213717762 0.47190879635526 0.45630851166731 0.460164719206626 0.484273988156937 0.459999654477344 0.4056588974239 0.351516045659438 0.299301045217931 0.24732080801301 0.217284595697705 0.192580109110926 0.186590081611311 0.175226935394715 0.165978985986644 0.177454257920575
-9999 -9999 -9999 -9999 -9999 -9999 -9999 -9999 -9999 -9999 -9999 -9999 -9999 -9999 -9999 -9999 -9999 -9999 -9999 -9999 -9999 -9999 -9999 -9999 -9999 -9999 -9999 -9999 -9999 -9999 0.371871206024445 0.372249625938693 0.382879844733864 0.311060363729933 0.276787123912127 0.141927525182745 0.0428386803566247 0.0759075994818949 0.0185692911487354 0.0607087634579699 0.0759349572527074 0.0924595673370269 0.055248132764579 0.0553838061457352 0.350063680472613 0.35844398771512 0.361697889446642 0.454186999389599 0.473311029489625 0.418431779476296 0.367999756048746 0.319526834851713 0.269524085051843 0.237836464697967 0.20511964144168 0.183978094057164 0.175839747479449 0.157875253000247 0.179688854702788
-9999 -9999 -9999 -9999 -9999 -9999 -9999 -9999 -9999 -9999 -9999 -9999 -9999 -9999 -9999 -9999 -9999 -9999 -9999 -9999 -9999 -9999 -9999 -9999 -9999 -9999 -9999 -9999 -9999 -9999 -9999 -9999 0.360490712442541 0.504609760089066 0.423495394813002 0.315214882431402 0.166747385267831 0.195230965622477 0.000716900879003443 0.0151112948445573 0.0515994459982991 0.0854037741437116 0.0787103808431639 0.0723676661889703 0.249713300422931 0.244588925862622 0.119412848169552 0.262273738822642 0.453149505195988 0.428675229482089 0.38482054519111 0.334243718332818 0.285906459276836 0.253862008895606 0.233678799697041 0.214317150911164 0.197995975000642 0.186331256361238 0.196941305100483
-9999 -9999 -9999 -9999 -9999 -9999 -9999 -9999 -9999 -9999 -9999 -9999 -9999 -9999 -9999 -9999 -9999 -9999 -9999 -9999 -9999 -9999 -9999 -9999 -9999 -9999 -9999 -9999 -9999 -9999 -9999 -9999 -9999 0.556451789880051 0.459767530033331 0.495429328594198 0.413760141820468 0.199023122609104 0.0468789570317614 0.0148947578289137 0.0100442409925707 0.0785232453836512 0.0587148350117173 0.0877550967175597 0.086333628456066 0.0865639951543418 0.155573567417146 0.125702741798167 0.0526371440088457 0.246400985506109 0.333791209165724 0.324993140241227 0.28658543019973 0.262853574600523 0.247314234772002 0.23368330062158 0.221130243029651 0.210863037935512 0.228514366784644
-9999 -9999 -9999 -9999 -9999 -9999 -9999 -9999 -9999 -9999 -9999 -9999 -9999 -9999 -9999 -9999 -9999 -9999 -9999 -9999 -9999 -9999 -9999 -9999 -9999 -9999 -9999 -9999 -9999 -9999 -9999 -9999 -9999 -9999 -9999 -9999 0.422224007260441 0.410320695305325 0.304944737696212 0.0880536117329 0.0508969235899002 0.0691867201469721 0.0842481081186765 0.100846403128154 0.108949476727397 0.0706443797033484 0.117279284757898 0.143796783799272 0.075407905186817 0.0760282738756033 0.19317600087447 0.238242893994908 0.266264056426011 0.271866784790199 0.25769603540133 0.246131012788363 0.233751077059781 0.224232949507972 0.225686695084353
-9999 -9999 -9999 -9999 -9999 -9999 -9999 -9999 -9999 -9999 -9999 -9999 -9999 -9999 -9999 -9999 -9999 -9999 -9999 -9999 -9999 -9999 -9999 -9999 -9999 -9999 -9999 -9999 -9999 -9999 -9999 -9999 -9999 -9999 -9999 -9999 -9999 0.589202673970664 0.57053296606616 0.364636467683168 0.0545214253297848 0.0310097277887066 0.0658793213327723 0.0832321355764894 0.101980814719274 0.063336979675755 0.0298027488459429 0.0863771298284582 0.175104165181399 0.195868799497217 0.192587398364646 0.151159416148141 0.214939909849029 0.281423178704909 0.267031489716139 0.257318729127522 0.247039427151914 0.233908451396763 0.23668912430225
-9999 -9999 -9999 -9999 -9999 -9999 -9999 -9999 -9999 -9999 -9999 -9999 -9999 -9999 -9999 -9999 -9999 -9999 -9999 -9999 -9999 -9999 -9999 -9999 -9999 -9999 -9999 -9999 -9999 -9999 -9999 -9999 -9999 -9999 -9999 -9999 -9999 -9999 0.607253155131089 0.442678895050639 0.114141468976231 0.0356511040547699 0.0824914597478991 0.097015338263563 0.0935613697691691 0.0659924089469078 0.0289837369364981 0.0591167957848244 0.156801819882512 0.192843489066213 0.168498737363817 0.138135270384621 0.217107429535849 0.286726631185374 0.280367094603845 0.266276798692908 0.258070187433371 0.24477019525968 0.254069939484184
-9999 -9999 -9999 -9999 -9999 -9999 -9999 -9999 -9999 -9999 -9999 -9999 -9999 -9999 -9999 -9999 -9999 -9999 -9999 -9999 -9999 -9999 -9999 -9999 -9999 -9999 -9999 -9999 -9999 -9999 -9999 -9999 -9999 -9999 -9999 -9999 -9999 -9999 0.485612096517915 0.415999353796385 0.175704072581633 0.0381263064522167 0.0643460890617681 0.0971536438944002 0.0882674667174365 0.0569816413457347 0.0128148959428509 0.00943050087043144 0.110518019617621 0.1288164319883 0.108974927564862 0.184404937846393 0.24471278621786 0.287997913360402 0.28910360489234 0.267345413300234 0.257809833368494 0.27621473135775 0.279828991764701
-9999 -9999 -9999 -9999 -9999 -9999 -9999 -9999 -9999 -9999 -9999 -9999 -9999 -9999 -9999 -9999 -9999 -9999 -9999 -9999 -9999 -9999 -9999 -9999 -9999 -9999 -9999 -9999 -9999 -9999 -9999 -9999 -9999 -9999 -9999 -9999 -9999 -9999 0.457276826393501 0.432823482054462 0.283690063808708 0.0773379414681196 0.0618843986342161 0.0909073040132549 0.0675224633737111 0.039975601966168 0.00100020259040224 0.00028950246704166 0.0383911907530569 0.0747245729404158 0.0972362069291866 0.188681291144917 0.228049879427496 0.284003082890615 0.287590493889595 0.268178332875993 0.2788129304545 0.290696430058515 0.289888217664203
-9999 -9999 -9999 -9999 -9999 -9999 -9999 -9999 -9999 -9999 -9999 -9999 -9999 -9999 -9999 -9999 -9999 -9999 -9999 -9999 -9999 -9999 -9999 -9999 -9999 -9999 -9999 -9999 -9999 -9999 -9999 -9999 -9999 -9999 -9999 -9999 -9999 -9999 -9999 0.378120272879181 0.333823045499872 0.106233034698691 0.0440509485560694 0.0748052741854877 0.0406554714546245 0.0357887901344473 0.00228737852936821 0 0.0507528118913375 0.057836371535217 0.157651491704204 0.201222364338521 0.229262572426735 0.295813806028706 0.298935808393444 0.307417680469726 0.307217555499391 0.303259546015159 0.300624806991933
-9999 -9999 -9999 -9999 -9999 -9999 -9999 -9999 -9999 -9999 -9999 -9999 -9999 -9999 -9999 -9999 -9999 -9999 -9999 -9999 -9999 -9999 -9999 -9999 -9999 -9999 -9999 -9999 -9999 -9999 -9999 -9999 -9999 -9999 -9999 -9999 -9999 -9999 -9999 0.429412525088304 0.391642855013392 0.154950202991043 0.0356932927080349 0.0732790001189257 0.0576756985140978 0.0343491310517774 0.00314500313289257 0 0.0437557233463961 0.0231429218848342 0.124157542439337 0.239372356216361 0.245138453113223 0.290923679489863 0.317678359344609 0.324558522084471 0.319180417775569 0.303958706874415 0.300766738104604
