layers50/veg_krg_50/veg_4100.asc
NCOLS 128 
NROWS 165 
XLLCORNER -2985163.8955 
YLLCORNER -3022031.214 
CELLSIZE 50000 
NODATA_value -9999 
[rows 52 to 77 of 165, columns 59 to 117 of 128]
0.612922389778639 0.576994853666573 0.5816423561202 0.596660271321768 0.600076630344946 0.597326545153777 0.594005209693854 0.584077032870653 0.563627994583293 0.552247345955932 0.520210059815504 0.492476415355742 0.479977295474463 0.476371314732677 0.464594216840268 0.380168523308094 0.417308871266384 0.469228640032798 0.441044333859424 0.385428395971804 0.408633379233648 0.436953671275435 0.476753565641918 0.46658909147503 0.442918730374944 0.46063154013107 0.430641509892328 0.410369855551417 0.365457203168988 0.324935876835334 0.349575486056265 0.348558355781643 0.342253155257235 0.359550005821263 0.377002483271492 0.373195850740801 0.329187547081168 0.344223968597841 0.370788771045265 0.39716090347849 0.389211447258399 0.396208076336579 0.41880292089117 0.456125525361901 0.498483765938576 0.521090059520815 0.528119783983634 0.530327805122503 0.527840039264242 0.555241869575486 0.583605688996435 0.607688192591661 0.631159381005154 0.665075492051314 0.68137002257287 0.727544182049187 -9999 -9999 -9999
0.581362664666734 0.571032613757312 0.55707977803641 0.556652399249269 0.559979424650348 0.549021193757496 0.588092321516774 0.578333921605742 0.547124143792554 0.518923085742717 0.52264091812353 0.495394121993334 0.473492836322285 0.468334871133178 0.450153798466919 0.456014964732542 0.462585365606027 0.481208889091787 0.438305531062953 0.416570336710638 0.441480450848117 0.458048131079615 0.45784554329931 0.434086491674455 0.426615641431165 0.44383867417449 0.429564126897336 0.402420120409335 0.353627418148551 0.314768860043021 0.340268184145477 0.315839845666638 0.302944461104576 0.299643056098753 0.345514957615795 0.317636180951882 0.270732894844665 0.288260237879193 0.325706985172853 0.372247739658838 0.364688514153419 0.389686464646953 0.430220624089562 0.452751896306957 0.505983330178392 0.526176452020688 0.54713610853754 0.54700090463851 0.553894743399277 0.564015053093301 0.551649125288069 0.558460260375594 0.605811836289241 0.61491538063669 0.671600547791921 0.718536949144462 -9999 -9999 -9999
0.531060315830647 0.547208584106981 0.536046899018519 0.527983515982103 0.545817485396779 0.561462170098858 0.56672630000567 0.539559912949184 0.513042875086792 0.500937325931029 0.507922020351989 0.494068121804256 0.485959879460309 0.472679741460602 0.466604108185989 0.496604488034734 0.464373816990325 0.461797111193749 0.431500761637229 0.428732709581187 0.461074487695901 0.4403021304182 0.438219433340991 0.404459948330365 0.392909408759379 0.410717252971849 0.396742793793922 0.382722017206743 0.341095397464483 0.285343387229108 0.301915196744465 0.305442619642379 0.290411203639322 0.291832040409738 0.258825998253135 0.241729506831895 0.260971998702744 0.238282432988383 0.300633371367387 0.328039456156289 0.362487648100432 0.397854952988743 0.438163511875127 0.451769267328186 0.48077123338333 0.508944423571121 0.539406484998925 0.546121365337039 0.561098713066033 0.561795617320093 0.543803658610347 0.517354784776961 0.571121663437788 0.600565914217714 0.668557225359745 0.6647828234245 -9999 -9999 -9999
0.493167406627124 0.514131203789049 0.518340938890965 0.551471320021708 0.568715232493597 0.540711173935663 0.521041064676392 0.506035163391088 0.47611979767581 0.476491699293484 0.465380148074022 0.462428160926507 0.485498648997226 0.476135700177627 0.474850474517352 0.493226757773361 0.452659527648095 0.444855659382898 0.415851053270121 0.406523269844025 0.435430914518461 0.437826520360647 0.423069147501736 0.403953167897386 0.401842844924311 0.402752028269366 0.377138476651698 0.359863571591456 0.334856077151968 0.282220731486287 0.266771516099274 0.267371555655905 0.254465741875499 0.262770204445117 0.254240201581672 0.22971265929768 0.243476995860298 0.250218209853123 0.283405798828773 0.312929755912853 0.339441804830494 0.349306961693703 0.41039307545881 0.433535748097357 0.459364846620275 0.490154414472718 0.524337020947305 0.551264298857711 0.543959555344271 0.561429719433571 0.518883459799916 0.530444684765588 0.58811715713389 0.621945548132893 -9999 -9999 -9999 -9999 -9999
0.475576660068982 0.516887615487935 0.526883128895827 0.533621166472601 0.534716463126193 0.53372052110531 0.506904466129593 0.487485954225217 0.483010826062674 0.491296137623218 0.477948442764979 0.472127162250214 0.469789604297434 0.463913531124156 0.451515915463619 0.449499039957034 0.428041552136167 0.42242532066349 0.428012872496382 0.435118053277507 0.449315043490547 0.442347927309377 0.431288032617964 0.411620938246243 0.408652666949516 0.386463763115702 0.354042166733287 0.323215255892134 0.303566082149273 0.270626272809379 0.236717882347432 0.229041945268569 0.241632365230258 0.248704085726065 0.229769580482188 0.210345517469806 0.222668036961885 0.236120902619583 0.269491753263665 0.283777053737633 0.273749780692097 0.324201431319647 0.345453531105403 0.417178204071113 0.449820248997391 0.478752000843614 0.520814657986915 0.55158739521802 0.5685038000908 0.576831814031962 0.569221898304173 0.582978897731651 0.622456686892189 0.651543830045986 -9999 -9999 -9999 -9999 -9999
0.440699561047163 0.459513003738716 0.472767314720377 0.486988780779172 0.488063127735344 0.488650791958375 0.490747472622607 0.486459623252838 0.491806942420502 0.491783137784634 0.466580469768992 0.478596795684567 0.466667311392283 0.452926658524964 0.444679966562729 0.446283537040048 0.440265886991621 0.422302472465503 0.422643121199565 0.440237550341258 0.459168714649375 0.46014531133569 0.450058829110087 0.425083618242293 0.418284640952711 0.382922147017494 0.318312415263853 0.292064450214168 0.268085108229986 0.241569408632419 0.228293719302619 0.245443662155587 0.238602666716537 0.241672835469529 0.226188052281305 0.21172084406447 0.224970627791835 0.244208799731143 0.263746250176162 0.277338052974997 0.292206728958242 0.315152744264951 0.346640203813669 0.416320487812336 0.44863207513189 0.46204821803767 0.492572015918704 0.523367366102471 0.543527068058725 0.586618933660827 0.598233986079644 0.620478547734034 -9999 -9999 -9999 -9999 -9999 -9999 -9999
0.4018549646415 0.409057059313348 0.434562348341874 0.449010621276883 0.443999331803227 0.457619344187425 0.459620791353184 0.465484420405914 0.475964227210031 0.487513042466005 0.475009252930735 0.461792301072728 0.465491059172705 0.457243198531062 0.449940450494153 0.440587903598689 0.443567740307554 0.43652652331417 0.419251038912835 0.446042895602597 0.478241814310724 0.480437845168956 0.452418476091612 0.418468341464796 0.390941807245752 0.353058766672722 0.321005919207124 0.29707345296576 0.263694499633793 0.227503998531397 0.21209318305362 0.242563124704866 0.234312118943423 0.254036525583807 0.244927521293926 0.22982936464353 0.239821896966687 0.212421660391765 0.246772460270723 0.273263849072051 0.301270400253326 0.325287890935103 0.370711390820137 0.412353145750154 0.451851722390483 0.469642164620486 0.505153158920451 0.529351461640333 0.53654255670444 0.588493242528575 0.605970665240504 -9999 -9999 -9999 -9999 -9999 -9999 -9999 -9999
0.352338672325484 0.380034519856032 0.400031884657156 0.414025075978345 0.41460208936936 0.42534635791452 0.436334133042065 0.451485985100649 0.466493783324848 0.487593643644176 0.475873016374411 0.472924073631188 0.475258182389879 0.461260790414099 0.455764457425903 0.443917429869811 0.445906645365877 0.446567602673048 0.425784837318799 0.466110775140105 0.480585084219479 0.463250814428382 0.41788578359591 0.373284799575626 0.364152221483278 0.360045873954372 0.31087065502633 0.2940359541112 0.279313874190488 0.208235761173801 0.195773528459577 0.21279670149311 0.232992782561683 0.229373485112848 0.221573882312547 0.250299520363073 0.271979129482635 0.211069521984498 0.233535109781775 0.276183689991549 0.293085776685961 0.33379801052656 0.380029999957901 0.400854706093051 0.432480126996401 0.445213545001633 0.521871548799505 0.566652274650666 0.574005413795105 0.600899384344125 -9999 -9999 -9999 -9999 -9999 -9999 -9999 -9999 -9999
0.322922144611306 0.341005958890458 0.369627289210862 0.379597512401798 0.385814138943328 0.417436129321286 0.433582543839874 0.453543006399755 0.47133363928559 0.474701865814789 0.467359367722951 0.481976908125554 0.478081046649261 0.492605806550589 0.484520383394461 0.488921419702651 0.477421682490567 0.48923082545851 0.485518377079418 0.494561000154592 0.503448122139857 0.474904850817618 0.39958122854143 0.386647997309058 0.381353534886062 0.393913616230261 0.360146351587353 0.336352222850411 0.294607024949138 0.214099408173892 0.200591604390583 0.229161753132083 0.228604153829279 0.18860612255772 0.209656607606446 0.262055552080363 0.28474919164383 0.252804453985707 0.231361096973336 0.27058855499393 0.295593781452601 0.342486949108436 0.392488772945085 0.410992812969012 0.432782960425166 0.445238400190946 0.499095444273763 0.57347670913444 0.591672069812078 -9999 -9999 -9999 -9999 -9999 -9999 -9999 -9999 -9999 -9999
0.320760416840776 0.300183103661602 0.325915961813829 0.346137043396521 0.368478344929013 0.389135935368725 0.408681342978385 0.438310101074919 0.459654218704885 0.468971093890664 0.472623529545505 0.476236439495951 0.488391759105553 0.499369590356621 0.502604922424409 0.505152183495143 0.487762498010705 0.482838984683934 0.486650820821776 0.496253775501327 0.490342056678462 0.455625085415065 0.386937959242851 0.364159227159234 0.352471640677087 0.367938411410006 0.356172482009979 0.316079655789559 0.265351667260347 0.206059033012509 0.214144416930352 0.230348066218681 0.217419071594169 0.216699965087978 0.248206821774958 0.276754879665764 0.225544505133965 0.307308890285775 0.215227741073129 0.288604261986222 0.348774088013043 0.412219523455728 0.470066174389237 0.482776711052197 0.499342990931448 0.481597823037922 0.530736551522654 0.582828041945589 -9999 -9999 -9999 -9999 -9999 -9999 -9999 -9999 -9999 -9999 -9999
0.302893281669777 0.280733788617005 0.293242691080584 0.314767687465392 0.337163840125776 0.353472926690789 0.38407983595442 0.422757337519604 0.440285745448637 0.444089792665237 0.459145056633023 0.467804013762762 0.477829285779593 0.479459688025258 0.497523969565191 0.501681841324807 0.474354037244046 0.469355036792699 0.510098013883338 0.506360897594203 0.486720375678942 0.465613433659585 0.392708916250211 0.345014542206747 0.345455211538156 0.352357047554532 0.292410960273695 0.322183208671292 0.298847694531006 0.225367954770813 0.223204556111008 0.239544118822809 0.25158999280226 0.253377880078546 0.287968164956543 0.292874770806136 0.257185369747764 0.304083991259585 0.244536810437467 0.303719385560408 0.383453225283848 0.453986395890797 0.49628066604944 0.527379638889388 0.568288983806618 0.583877800050626 0.574112077059064 -9999 -9999 -9999 -9999 -9999 -9999 -9999 -9999 -9999 -9999 -9999 -9999
0.27684357051353 0.273062296766215 0.260661618084229 0.287052047508887 0.310974722604835 0.350210771737788 0.382254158465505 0.409862810893198 0.42309471226779 0.436778470136429 0.447130462924364 0.460784260262 0.46446894961504 0.459134897051114 0.462236116070173 0.465990516920554 0.470997700855737 0.481514362887595 0.519484873448356 0.515700860449616 0.484961029113012 0.454466615210327 0.408117406531236 0.356539483266168 0.368101124576212 0.347824212655326 0.226814383929994 0.260697891895162 0.30920458240507 0.240823810476038 0.241502266241011 0.245202176721807 0.254815211737962 0.274728949061012 0.296768993773162 0.316459583395836 0.285060830604566 0.299873822089099 0.273394226212604 0.312341681601317 0.385166591250884 0.433367275425335 0.440567697341612 0.516252775065508 0.572822956415955 0.61890675631623 -9999 -9999 -9999 -9999 -9999 -9999 -9999 -9999 -9999 -9999 -9999 -9999 -9999
0.230532113543847 0.261958132075465 0.26150002453311 0.271728219614428 0.305652445502989 0.360888565786212 0.392014074868958 0.411152437911065 0.426222780548243 0.434002148192256 0.432603996546934 0.445302545162842 0.43042391908709 0.441124992326111 0.445293786217609 0.46086927191819 0.483373600339589 0.503046976736492 0.516829508999976 0.503173585551159 0.483626423577868 0.43365529041194 0.371023727942131 0.35925910356031 0.340320653206607 0.316698319942293 0.256257103577823 0.304505872113566 0.311024804962558 0.247300710092079 0.244931050371111 0.26322234460335 0.278267019264811 0.301051176187192 0.326601773276651 0.343893532586432 0.329659274888641 0.305894285960928 0.377156712040557 0.403821963299721 0.434376786753413 0.440943763400318 0.459776806477264 0.506740789824827 0.542434660665633 -9999 -9999 -9999 -9999 -9999 -9999 -9999 -9999 -9999 -9999 -9999 -9999 -9999 -9999
0.245670536776025 0.256703659752617 0.268386160875347 0.295721651212799 0.331622989892019 0.371188833858807 0.377373806747984 0.373293254219437 0.407423430921485 0.415268649237247 0.400881941938491 0.388558697131396 0.42472813916436 0.443227902544654 0.449975463041055 0.46304844850084 0.446277932653657 0.491472199416065 0.508217578276172 0.500687150266636 0.427574158944788 0.352206672096077 0.377921980292398 0.345678154580615 0.299793525156478 0.252782597213083 0.320563917583528 0.303731002574193 0.261059809826236 0.257484250032898 0.252405084881374 0.269505172805673 0.293675048524167 0.31013809925955 0.337555962664261 0.349490513023428 0.302869488955468 0.37730705918242 0.433386292100789 0.455218851828871 0.482112476680674 0.482118085752119 0.519439840270089 0.531213835460194 0.556475686455834 -9999 -9999 -9999 -9999 -9999 -9999 -9999 -9999 -9999 -9999 -9999 -9999 -9999 -9999
0.234995607702862 0.238829120466479 0.25028439259118 0.289887777401665 0.318514284244149 0.347263655606842 0.35051099890683 0.362445636059286 0.403381531792797 0.389836276432505 0.370364319833089 0.396932181452837 0.399299091139599 0.406954144818226 0.41865673115442 0.441433710470159 0.41750381734684 0.465133519349324 0.486665136143945 0.476614004272938 0.387533756084907 0.331273588035713 0.348743721169272 0.321551945824156 0.295897319337805 0.255318099425526 0.287053141664316 0.286949230927622 0.259361138674274 0.264352295041062 0.276894508461916 0.284352203782612 0.296973451302252 0.338426689268963 0.376811153548149 0.38234533016306 0.364504876886191 0.406520220812114 0.442125455765445 0.473847594046359 0.481186400629565 0.46830153121351 0.563378657719609 0.576985042231584 0.584504842637666 -9999 -9999 -9999 -9999 -9999 -9999 -9999 -9999 -9999 -9999 -9999 -9999 -9999 -9999
0.22506667587247 0.229669117128768 0.244888990971881 0.278119568806512 0.298852929724333 0.302903156167408 0.319729511299493 0.354167392045046 0.382445198716692 0.377811679972811 0.377713132146101 0.402591199027138 0.373077950149136 0.362051892895186 0.387780938995204 0.425687501300015 0.404024499424215 0.438449486464056 0.438201907634139 0.43414470913086 0.381700425256527 0.323799652899474 0.312013748702155 0.287693502329531 0.26459888586538 0.242988127691064 0.25558994815496 0.266116319952852 0.289581365411613 0.296381284700388 0.298567480417064 0.319983959150067 0.332026783968855 0.357246078592169 0.386236394628341 0.38102973986977 0.368874355635343 0.40618233221519 0.4773397635167 0.483009078528518 0.501717475481527 0.543988873888406 0.577588434500134 0.600399419313329 -9999 -9999 -9999 -9999 -9999 -9999 -9999 -9999 -9999 -9999 -9999 -9999 -9999 -9999 -9999
0.218969217590747 0.238501687621871 0.263072108687473 0.27826349584348 0.295178211232398 0.292674637492808 0.316146707443761 0.341124830634736 0.353480708577831 0.360561170036621 0.354262132071243 0.367756001358029 0.356882969685324 0.351600795984191 0.364375567384725 0.397426886560871 0.369834204499783 0.39966683906449 0.395686147259676 0.379325014478278 0.331453283882555 0.303114164582608 0.288441651913073 0.287502530542967 0.282585887770804 0.272770695967789 0.27635886423849 0.282001974616105 0.297949780955605 0.328976004554939 0.333101939761845 0.343954087330151 0.346933578747653 0.362399946777576 0.407767319455673 0.420150648517253 0.415228299492698 0.433175405170631 0.49938809020078 0.528171359113697 0.577703614259267 0.608286357095243 0.623327208250628 0.632422491709981 -9999 -9999 -9999 -9999 -9999 -9999 -9999 -9999 -9999 -9999 -9999 -9999 -9999 -9999 -9999
0.214156221832853 0.221694253424876 0.254291221462052 0.267602907433102 0.280853658455069 0.288455926169355 0.305707841237959 0.325701732578988 0.334125320790736 0.336956259958444 0.340859611086838 0.337376355114796 0.326034453783042 0.310922564524275 0.340117107100316 0.364523738055942 0.362030029755108 0.362104158363327 0.370903304329243 0.353723155895431 0.331182985824216 0.302652315188676 0.30150692068538 0.305046406473498 0.300229069474883 0.294701616843823 0.29415476120298 0.32086143506555 0.317781985810421 0.347207943701826 0.362093053234343 0.350559214324245 0.349392456818649 0.371506915892889 0.423574876021779 0.433953519222128 0.488637528032079 0.529432618712126 0.534768704579467 0.570695359788687 0.590440480679029 0.621212747412119 0.651744434331423 0.653763190731165 -9999 -9999 -9999 -9999 -9999 -9999 -9999 -9999 -9999 -9999 -9999 -9999 -9999 -9999 -9999
0.22003958028242 0.222855895003728 0.236980724647694 0.251447858111964 0.266011547503288 0.273848339474079 0.292786547084405 0.305718105761611 0.322869282712415 0.336926800190651 0.32379459957565 0.316761948348465 0.296120455429248 0.313061266181702 0.336997484783165 0.346738230248083 0.338455763464989 0.326305345623507 0.322494853468485 0.357237572705054 0.347875021688817 0.331603969470251 0.320482830959371 0.314938562210688 0.317953568645645 0.311827360579666 0.30421047874493 0.334630646774509 0.367217546477379 0.362007960027352 0.373350101743432 0.36500153316355 0.355293990177934 0.368549359615668 0.424774747435745 0.506296006577362 0.621261864018879 0.630063991669619 0.689259708076445 0.719651154931992 0.643877100346469 0.653316258317172 0.702727275567065 0.695255316486053 -9999 -9999 -9999 -9999 -9999 -9999 -9999 -9999 -9999 -9999 -9999 -9999 -9999 -9999 -9999
0.218359308235632 0.219221604734377 0.226146272822306 0.23407976917521 0.253689763137865 0.267052042157035 0.277041617983782 0.295066845659668 0.319285326952577 0.33582164991385 0.328813694544258 0.323804825748068 0.305588572766916 0.317769166391202 0.323001890503504 0.332159891139612 0.328455206793258 0.307214611668178 0.330466861261843 0.356337571012307 0.36094337503147 0.355169275388693 0.360742357685726 0.332574379083621 0.335438890017679 0.329064940081167 0.33143342264544 0.349698966777173 0.36311970352775 0.36171561713367 0.359014511727398 0.35776888980807 0.348144596637898 0.352912893497318 0.410606581586047 0.536424032181505 0.65964105175232 0.735259937867849 0.717956744832409 0.731247112384189 0.722270164391453 0.796726082706452 0.838747120506111 0.778171921214196 -9999 -9999 -9999 -9999 -9999 -9999 -9999 -9999 -9999 -9999 -9999 -9999 -9999 -9999 -9999
0.212749269198079 0.231743167831684 0.235850499430436 0.235264529479993 0.244310884102038 0.270201364993077 0.285378110139373 0.300554824821492 0.313470233379079 0.328829908506173 0.320791567152991 0.298796709054809 0.31653005179085 0.320478388193799 0.305812610653758 0.329365481322657 0.341756809636677 0.331438513902601 0.337970198804098 0.360383834880667 0.370212974057259 0.378083480743312 0.383764067797609 0.368277159943708 0.354184962614517 0.355197777671041 0.350368571317181 0.374385025768154 0.371559377082095 0.35095797637378 0.343623232593014 0.3212666159837 0.252941083130935 0.333963335501167 0.447796545509817 0.570205772208422 0.661188876342548 0.692509012197904 0.741994369961632 0.785817714328306 0.797376932685905 0.833977549548119 0.860019914671308 -9999 -9999 -9999 -9999 -9999 -9999 -9999 -9999 -9999 -9999 -9999 -9999 -9999 -9999 -9999 -9999
0.247211561196351 0.243229740466555 0.245065806561378 0.251753470758389 0.263776525910537 0.290396592480612 0.299299329306446 0.307758967292315 0.316658542586409 0.325752141815214 0.310032881727303 0.292370344775478 0.293046226463018 0.290784603729731 0.29099778173386 0.307111786776017 0.297932412387513 0.305725100093495 0.339936686033871 0.37757772275125 0.382305689418644 0.40802221031582 0.400570298251086 0.391351499930835 0.391958600529246 0.385943189237517 0.377051686663754 0.390574974332811 0.377820513724093 0.351229539078113 0.340753276757174 0.315331237132117 0.22652052727723 0.29153834976786 0.436583276336188 0.563149970675358 0.666532522180226 0.703018327634965 0.808037529740461 0.838738543564037 0.836466426506607 0.842703644777159 0.855363647884641 -9999 -9999 -9999 -9999 -9999 -9999 -9999 -9999 -9999 -9999 -9999 -9999 -9999 -9999 -9999 -9999
0.257518429071217 0.252480218536235 0.253427690012177 0.268943388568921 0.275506461782515 0.295067779384801 0.313695321427883 0.31618906880651 0.325478638981074 0.331790042860234 0.295393992970407 0.276249689324753 0.29134931048522 0.278770802836119 0.284518939446841 0.281569879439657 0.2792477056115 0.287451436770135 0.342911418398107 0.413696350200579 0.403351581504784 0.416154444850969 0.409937203399572 0.407753568476307 0.422931151246977 0.416337701636592 0.425429873101425 0.410588591928104 0.400655771624932 0.380558101811291 0.356793144078286 0.330255887068767 0.305954171077608 0.291546924130372 0.446007415949269 0.591484148058799 0.732415828888727 0.749045400305462 0.787363452829411 0.818362176258671 0.831055840569257 0.857052295136969 0.864332466758055 -9999 -9999 -9999 -9999 -9999 -9999 -9999 -9999 -9999 -9999 -9999 -9999 -9999 -9999 -9999 -9999
0.275476234695635 0.271565941687227 0.271806809159413 0.29377934064823 0.309286881419338 0.321391309853223 0.322835029420315 0.330864987902697 0.339453188531672 0.336235310072597 0.295373729656842 0.274930535366067 0.288696075221985 0.281649160828787 0.290110458539229 0.302969991312793 0.300229193862473 0.285985199573401 0.354864130565309 0.407080821301705 0.408974507031856 0.434810387179963 0.420274234667901 0.41431614680698 0.423812153786326 0.431780240128433 0.435189957030655 0.479384545290198 0.457048005485072 0.416214283576073 0.378027516319007 0.334132978347712 0.35169487472423 0.332034515601771 0.495897690149633 0.596310644475479 0.747421954692144 0.791883305826871 0.768636326706615 0.814304371229026 0.83906659520267 0.863188756344343 -9999 -9999 -9999 -9999 -9999 -9999 -9999 -9999 -9999 -9999 -9999 -9999 -9999 -9999 -9999 -9999 -9999
0.296858987830688 0.293081016453037 0.299207492892348 0.315779514048311 0.33626510255952 0.339520507536135 0.330936026325384 0.349291346739453 0.356993323636169 0.340981720446874 0.302639981554204 0.291099122241315 0.268054342896016 0.292380729688184 0.302198024638469 0.314072005927692 0.317156703800783 0.301079334659794 0.37911274528645 0.406099681309591 0.434562462215079 0.47237855573508 0.430776613965964 0.42097941683232 0.424742329282575 0.438813832488454 0.445171063923053 0.474614771181592 0.462087427468581 0.430585121595318 0.385027451114614 0.335692534168295 0.350202050141412 0.398402707816781 0.529847568493296 0.653428167815502 0.762986768729564 0.790730535261541 0.763214069143311 0.790388475206002 0.831348320143742 0.84195735724843 -9999 -9999 -9999 -9999 -9999 -9999 -9999 -9999 -9999 -9999 -9999 -9999 -9999 -9999 -9999 -9999 -9999
0.319043180430967 0.315135890401626 0.325419917361064 0.341864290925996 0.357409537160721 0.368032896940984 0.350562047947746 0.354732487966037 0.361545037694643 0.336040605892637 0.314928954663617 0.269869047308422 0.277179604128039 0.303299462040276 0.324670488823057 0.326370378918214 0.339188857365428 0.348253580805963 0.413001495095336 0.411316289409374 0.433656160418108 0.477106429902335 0.487791824294269 0.463351881016835 0.460759379212786 0.455302312003679 0.43513043195863 0.451456376560719 0.447804632562165 0.420992974630943 0.385558077932758 0.350044421263814 0.314597179038952 0.394663783930704 0.504572522901837 0.668741488260154 0.710768249179292 0.707304179811039 0.75700552236646 0.75676197534555 0.799712704120425 0.821944129985628 -9999 -9999 -9999 -9999 -9999 -9999 -9999 -9999 -9999 -9999 -9999 -9999 -9999 -9999 -9999 -9999 -9999
