layers50/veg_krg_50/veg_5200.asc
NCOLS 128 
NROWS 165 
XLLCORNER -2985163.8955 
YLLCORNER -3022031.214 
CELLSIZE 50000 
NODATA_value -9999 
[rows 52 to 77 of 165, columns 59 to 117 of 128]
0.625912311760975 0.624647295684006 0.646584940943366 0.656295675640578 0.64927627235243 0.609325288987094 0.621654165497937 0.607669628204042 0.58090718354739 0.563574985553636 0.532142419833431 0.477069534878067 0.467698248006147 0.461436818585114 0.455523664140332 0.38295960466855 0.373166037096165 0.41734038801252 0.392746209811274 0.347019835781505 0.364611072985195 0.394944100909727 0.423073705053725 0.41209677182995 0.39586715383657 0.415207364217335 0.404597819602647 0.395417169075057 0.360574172148924 0.328655294960844 0.358284931449054 0.366988373066405 0.360448839058308 0.374936006033165 0.388334743767887 0.39382197340919 0.367452127053948 0.382210512898803 0.406176441398282 0.428620119888305 0.426310587494213 0.422253935121153 0.434751760958746 0.468262886329604 0.502607020741778 0.517600663429808 0.52172814515429 0.52381804434174 0.520602994067957 0.530840272690899 0.541380248575189 0.555981661102692 0.58239233082529 0.628675560173532 0.65341520027584 0.690616299456325 -9999 -9999 -9999
0.581619375606133 0.590483996812365 0.600801517162595 0.611363575328783 0.603846138624944 0.611367131061195 0.584753761129957 0.583573274815312 0.552410731250732 0.525944905275975 0.508341077896848 0.4790888390148 0.460670655538044 0.452131450385758 0.442313062506126 0.438054007199092 0.429699523394037 0.441879703094543 0.40193899778955 0.381368851902392 0.395441660553714 0.415232283550205 0.414742151266869 0.397755954947393 0.399199238413833 0.428151805999638 0.424763034023061 0.398482352351215 0.357174791064795 0.332738572031152 0.362716858773228 0.34659411167193 0.339504833281498 0.33501136650152 0.373382157192291 0.35488744483599 0.324481263350316 0.340665747295066 0.370950864621378 0.401960038459343 0.390144420085098 0.401451604290887 0.439237556115737 0.454552478732628 0.499552679660917 0.515106312596316 0.529462781035264 0.525603363454969 0.529161770651908 0.522172765644671 0.50017055913044 0.507810102196141 0.554938816165227 0.588716247478704 0.649820885870642 0.688084092954852 -9999 -9999 -9999
0.538562840915828 0.553170037182751 0.566459940066616 0.575452153027397 0.548685523151654 0.552160450415488 0.541934729345441 0.557498038292934 0.523337627196696 0.497506524404565 0.492349405082752 0.479540819758725 0.47243898178254 0.456270268629525 0.449690117161348 0.473462682607557 0.431768468999661 0.419675184974818 0.390439357185995 0.389711547847843 0.420948102327481 0.433411427732809 0.418012405575032 0.400778367105295 0.396813343116444 0.426941769646649 0.423129461605788 0.41756353003878 0.384122227108925 0.327684250020789 0.336659164162018 0.342073599446669 0.339616616088022 0.348967057725993 0.316204249147897 0.300464617154652 0.311263429971695 0.303039152121565 0.346715956825086 0.359891855210909 0.376455197587435 0.406251472966809 0.440498694490761 0.451054552001875 0.475245681673669 0.500161247335592 0.524455043918117 0.524111863091363 0.528788334118394 0.525034142011454 0.499002540259179 0.485169540203487 0.547282738229749 0.580298013345413 0.650270998644208 0.646511825352699 -9999 -9999 -9999
0.478656134730982 0.518325585506823 0.538401384053431 0.562479291480271 0.55330033992582 0.523791457488945 0.509102581669951 0.500160576753741 0.470062789565674 0.477557677723398 0.462659540489185 0.458252858042099 0.470453774281134 0.45609003558592 0.440929666621989 0.440723299520811 0.434081164680905 0.41372376065666 0.391207290896556 0.389092270666892 0.428233463254153 0.438235236185879 0.420383786558871 0.406775852089918 0.414104250219963 0.423564195005987 0.409073312188522 0.401543833821681 0.37724717564062 0.318017075558717 0.30009142067678 0.301573973913217 0.308227524238103 0.322679119611793 0.318607438336597 0.297693697243568 0.306884058537566 0.305479952243128 0.328830190378845 0.359906924584564 0.383573355378681 0.390730894718528 0.431912909716136 0.433567861450603 0.45360911191764 0.479063685481596 0.507279590924162 0.530401568394257 0.517267632510975 0.540764907427181 0.503959058774682 0.514091571013373 0.573109437448534 0.609222386176113 -9999 -9999 -9999 -9999 -9999
0.43971648395109 0.45997654634704 0.479919326022359 0.490781931309248 0.503670067816379 0.513946061703954 0.491972748594436 0.465801106401564 0.458232316416519 0.465388030958017 0.453416015234643 0.4439471734852 0.437161946771977 0.433046945468534 0.43713468682337 0.432567202821837 0.428699555048325 0.39892674719114 0.397220119476949 0.414292100448491 0.432147018206145 0.445426666365061 0.421588020456311 0.403441822225706 0.407543899404237 0.393732921373358 0.382169992826684 0.363505261045584 0.345643129669122 0.307279626757891 0.269711207576615 0.270299448136539 0.300449248185267 0.311968558492689 0.299768222998066 0.289231398206554 0.300956757119553 0.31331818283287 0.340821894699827 0.350290740368864 0.341275904678267 0.366219310514766 0.37414389074552 0.420429914909428 0.443064131020609 0.465207458015143 0.507279010361468 0.544038132028125 0.562689220024986 0.562871986376594 0.553438341994074 0.570570059262459 0.610337570883997 0.645290651082505 -9999 -9999 -9999 -9999 -9999
0.3894896776742 0.412543730276955 0.424848460154785 0.449767732602474 0.468449497689184 0.463079107996872 0.45717653497568 0.446089723059424 0.449361208869326 0.452627213456532 0.433112948014799 0.444329044173499 0.433551038847703 0.433373822087211 0.426921711387502 0.41743388546333 0.421941288368168 0.387047830736925 0.385290612338258 0.408043027391809 0.431318708473315 0.446845949236483 0.43329299414438 0.414290907960994 0.415832026635152 0.399948097907483 0.336691245903345 0.325251848810356 0.2944127056897 0.263682092156409 0.264293276306714 0.291284591333664 0.295866422518043 0.309841984829476 0.303129728072558 0.298629158362982 0.305410978422915 0.327809097904003 0.34358395066351 0.35287558947498 0.35666756915656 0.370781639167021 0.397537954418917 0.425635644319208 0.441790802825597 0.448850722722196 0.477526941792166 0.523728808815783 0.537086182960738 0.573217256456291 0.581026984893644 0.604361586306979 -9999 -9999 -9999 -9999 -9999 -9999 -9999
0.365100804566945 0.370507697540476 0.393804968393056 0.410613603335828 0.414187911395701 0.413649152710377 0.425018245951488 0.437219661633516 0.439142296176577 0.449878983349731 0.439320000267362 0.43218655420124 0.437850588664408 0.43966304684768 0.428469219524855 0.415698954599594 0.420912482151469 0.407958562249312 0.384148090306418 0.417186678915291 0.465727423076063 0.457947842794664 0.451627693878512 0.426955472559986 0.425715047046066 0.399543331316012 0.357583877582946 0.334630287720753 0.292914879638701 0.252080005522608 0.243929112705694 0.284040323789078 0.294897504638055 0.335389301358088 0.334798358452395 0.322414458121453 0.327694452063148 0.290654463932176 0.307609007172488 0.322022206088316 0.3559367023187 0.381434394207277 0.426255138726996 0.460148894639692 0.468899771009975 0.460804182579188 0.483647710949051 0.515111916702739 0.533678672209224 0.578852427411291 0.588346315692076 -9999 -9999 -9999 -9999 -9999 -9999 -9999 -9999
0.313656204263489 0.340973196605987 0.349795778027589 0.364755585657932 0.369487207314861 0.385612458871038 0.404748963254979 0.426904201293637 0.432726379547054 0.447339133984238 0.434129226719485 0.442869754095503 0.443470218145367 0.446242472765571 0.445439850599472 0.435101786464964 0.420739338345826 0.430329753130427 0.412226082058841 0.447361050107318 0.475717343155882 0.481689799916402 0.445602310313672 0.421356867573104 0.430552812461466 0.425528950935084 0.344434691638016 0.316257295587702 0.31314294948398 0.244979703374085 0.236387090338335 0.265587867499807 0.292396061011754 0.29600113050874 0.293972069143512 0.337874702876135 0.348080250319225 0.263255937977833 0.283599407310964 0.31008888611074 0.318677656350271 0.379368425088118 0.453740644734811 0.470227313741202 0.474252011910647 0.475403223931585 0.498949063748566 0.51707363670433 0.546559943531402 0.578649815959938 -9999 -9999 -9999 -9999 -9999 -9999 -9999 -9999 -9999
0.293046888632024 0.290216509416853 0.315001060701319 0.329783594435322 0.355968962126055 0.380129081162376 0.402584345713841 0.42064364962138 0.428706403036049 0.449973866166712 0.448668472288715 0.45279414282404 0.458717123191715 0.457662721234744 0.463981325065478 0.46125532657365 0.437561660531522 0.444901725539782 0.441283809888797 0.47384324088396 0.488697253720243 0.48975167252754 0.431880774269417 0.431749533862627 0.41716886042937 0.404021688736849 0.381092920009622 0.363277474875736 0.323136042826651 0.252853545325823 0.246281660483587 0.276014499479585 0.29695683027778 0.25560774520964 0.277701246850486 0.345460352415389 0.355723325239504 0.276143260936132 0.235187662011533 0.292488374003223 0.318865453866263 0.391580662088358 0.468447127690204 0.481239797594292 0.501342573424782 0.51874246553675 0.540711226771401 0.52848469826835 0.537400758114065 -9999 -9999 -9999 -9999 -9999 -9999 -9999 -9999 -9999 -9999
0.275548239005642 0.25993258319537 0.2826291120974 0.302321340245729 0.324202895107973 0.357945015386707 0.384336594054608 0.404174622563439 0.420386180248366 0.430607281147631 0.441043222019145 0.448017113358251 0.465176821089803 0.467000398854935 0.4659385402427 0.45919673612983 0.447145294617946 0.432461914152829 0.452208604656627 0.483525676822066 0.486876468691914 0.464781300165636 0.420902706752058 0.389426910669158 0.365075759541701 0.380645447710502 0.352844272386567 0.331758472001771 0.291380218875605 0.250152454536562 0.261546593426586 0.281137000477274 0.283357086531607 0.287182380494906 0.328033381039768 0.367927039520648 0.305735043934391 0.374648467341962 0.236537889150996 0.313748132865618 0.37407519332508 0.449330098481023 0.535264113310167 0.539075130278879 0.564082123637862 0.555514361383958 0.575000536119332 0.601207064966561 -9999 -9999 -9999 -9999 -9999 -9999 -9999 -9999 -9999 -9999 -9999
0.259717692577562 0.245903883617342 0.244375280763701 0.266049781753343 0.295363966230322 0.330067009680646 0.359865890340526 0.395145484617891 0.410315388275624 0.413880081853206 0.435173417390227 0.443399402290984 0.446878749909814 0.44398311338309 0.44801048186026 0.443015217253776 0.445280754246671 0.437434676061516 0.483520808478771 0.497922738682545 0.491561752569912 0.483007652912531 0.405926214883081 0.34579457494512 0.345983115868748 0.362479528996753 0.298931495513307 0.333445673798951 0.319513351810146 0.266045543995434 0.276878803907725 0.296774968229918 0.317195256328764 0.333666550997807 0.374642124047854 0.38439073841745 0.328529188512374 0.373026600145081 0.276077950716018 0.339078391873552 0.431378457176426 0.500495761242835 0.555788142920811 0.578043930037733 0.610421071123604 0.629591156595162 0.622500546666704 -9999 -9999 -9999 -9999 -9999 -9999 -9999 -9999 -9999 -9999 -9999 -9999
0.233885431520777 0.23768713637166 0.21983164543587 0.244369673712486 0.272565027681001 0.333163832546064 0.363874742181367 0.390772101301348 0.398310073510602 0.407736380384736 0.41971154800013 0.43035042849621 0.42976637908429 0.413205062427529 0.410496055198036 0.417292264726642 0.442773781326252 0.456673924813942 0.500444170414929 0.511775211095432 0.492902242465654 0.45295238155271 0.40000131305387 0.334977056515681 0.357603656579405 0.355238835898637 0.231039870285974 0.28466680837671 0.329572987867032 0.279022814909957 0.288614318463717 0.304737176936753 0.320712112853158 0.346942127105908 0.367103104770416 0.382614517556328 0.336705388789227 0.347489354876448 0.309011809213209 0.339532603913489 0.419465535271569 0.483851833321028 0.518819702847463 0.55665355659465 0.623306483709542 0.647800808849726 -9999 -9999 -9999 -9999 -9999 -9999 -9999 -9999 -9999 -9999 -9999 -9999 -9999
0.195527892418895 0.226763982568439 0.224853444747265 0.23605464187839 0.273521352609823 0.34880442363141 0.374858633255022 0.392854628671309 0.400357242496677 0.407465817900557 0.407762252322481 0.418596960802707 0.397068382915516 0.394830952964544 0.395297129521004 0.421688124544197 0.445552157056494 0.46645143729229 0.490793382050599 0.485974229592721 0.459031782925244 0.393882884055626 0.346839690870153 0.329131482255628 0.313987078308672 0.305788388611208 0.257431338610107 0.317059494813511 0.330639739231264 0.28412680396666 0.290849501894395 0.316262584571507 0.327185745652775 0.355557812185614 0.386202406689725 0.401494614387889 0.382600143136422 0.353886791891902 0.41936144769974 0.433075969783007 0.464458742362485 0.476907698425691 0.521534050786023 0.587309851426593 0.628109976191649 -9999 -9999 -9999 -9999 -9999 -9999 -9999 -9999 -9999 -9999 -9999 -9999 -9999 -9999
0.211884195020455 0.22741160933172 0.236054670825853 0.265210155629734 0.313119498503388 0.34977161300027 0.363680394921531 0.356897906564285 0.388035118367307 0.390238865923372 0.377810847732949 0.359276241907282 0.390916137843079 0.404420639277993 0.397442284769472 0.415647394253769 0.427853344711365 0.454739602094531 0.467955229359101 0.453762558279355 0.375642648494429 0.325705504777565 0.346153204887379 0.323758197147304 0.284793832930525 0.246177047299859 0.318403323637523 0.326758789214879 0.281475809395914 0.280093457450611 0.27999920707316 0.304921475450508 0.333224164825066 0.356509128992899 0.387115232024084 0.396779385336529 0.347506045418673 0.413607991143036 0.467776975970093 0.487461272403895 0.512831098381848 0.510957056751678 0.56735928069252 0.582794775301803 0.628471065554674 -9999 -9999 -9999 -9999 -9999 -9999 -9999 -9999 -9999 -9999 -9999 -9999 -9999 -9999
0.203622255064933 0.218598743224465 0.216554735352552 0.257767437555413 0.292598098637192 0.314399222225876 0.326350193564026 0.335293929412161 0.377348628186757 0.361271426726128 0.345876084834387 0.358518537738972 0.360287520271098 0.364486090495001 0.369180679437402 0.39495669610277 0.403069854622387 0.430367216478988 0.422328608866765 0.424278143783336 0.3427920709218 0.307557194528694 0.337635280978081 0.304759631650683 0.296764327190189 0.273270532312857 0.297583903015899 0.29208321554192 0.271157760649223 0.275726257559286 0.288609429683998 0.304541636931072 0.321502883113741 0.371730977719494 0.415602860632598 0.420671660312479 0.395564248629328 0.43316743478667 0.466617730819391 0.496492249696888 0.506939712678058 0.495185861469058 0.605062658374302 0.634804039993473 0.653095660110949 -9999 -9999 -9999 -9999 -9999 -9999 -9999 -9999 -9999 -9999 -9999 -9999 -9999 -9999
0.203175640250404 0.220284043564312 0.221173052315676 0.258086225522344 0.284225506780101 0.282628312667137 0.303310698872789 0.329647277696442 0.347591110359147 0.341926536714534 0.334995126892478 0.356382999713504 0.340548000735482 0.320023273934529 0.345250189275644 0.38425840830958 0.377123633332521 0.393369264276758 0.390849285196675 0.372827372894979 0.347725951110195 0.309539407428222 0.301558652272577 0.28039335464387 0.274126373542652 0.251828801297779 0.253913140188157 0.2637916697578 0.28878975966971 0.295681647391198 0.302442333596198 0.331748734712085 0.350330853288101 0.377431310172129 0.420289247300669 0.415687105217239 0.386207623558898 0.404205510345742 0.481313316841865 0.495054871442748 0.519564915158721 0.566994965214901 0.605045395173218 0.650060093515771 -9999 -9999 -9999 -9999 -9999 -9999 -9999 -9999 -9999 -9999 -9999 -9999 -9999 -9999 -9999
0.210793143502292 0.22867046685615 0.239645587134972 0.260635717737613 0.277201595618523 0.275328575634308 0.300033076972086 0.320987525522173 0.330833552222575 0.335197230032031 0.33258295036746 0.329500524721847 0.326666383466372 0.307750328619402 0.309510226448898 0.364463169454371 0.344817728825911 0.351938126897746 0.340198642043888 0.326648671364672 0.313827847966644 0.284471699649471 0.280397679563434 0.278740870646288 0.282913875821875 0.268154539334096 0.262223370007597 0.267671851327996 0.290997849429477 0.317477488221014 0.324108647168702 0.343513757541314 0.356197127858837 0.371842882223375 0.426177562695437 0.435682020991752 0.421609572781307 0.44478789494342 0.506593773146232 0.528704964051671 0.584340822234074 0.624789784323853 0.65029299817566 0.67466361640159 -9999 -9999 -9999 -9999 -9999 -9999 -9999 -9999 -9999 -9999 -9999 -9999 -9999 -9999 -9999
0.221099328858189 0.219089725302542 0.245584986136163 0.26507175101597 0.275932871416899 0.283261421553295 0.299373612671109 0.313165131597489 0.32328004658057 0.316664778705571 0.317971549295342 0.311005307545998 0.300603807357764 0.285361178987489 0.307916011463255 0.341241182198596 0.334412506984325 0.322574680107329 0.315794442718043 0.304472778061852 0.307262254719597 0.299914992740738 0.290194323656613 0.301728291258007 0.298148795265026 0.284956388771829 0.277451302532303 0.29724387222964 0.293372620717723 0.307990274935494 0.323268891226341 0.331223418350189 0.339274625804025 0.370570564100227 0.426076689338902 0.430161894501389 0.479772722313257 0.524927620781342 0.530120226240384 0.577045105649833 0.595837539047338 0.624140216863774 0.668704109450221 0.687916643060132 -9999 -9999 -9999 -9999 -9999 -9999 -9999 -9999 -9999 -9999 -9999 -9999 -9999 -9999 -9999
0.228944411453262 0.227572110469255 0.236714053945536 0.255726916934361 0.269747207969122 0.280579540298526 0.292082119080986 0.301350534542112 0.303892593334313 0.313720473707655 0.299146658944736 0.293118083435107 0.274941889042752 0.285751938688925 0.312477929477047 0.326875140480832 0.298797854513401 0.279896396449262 0.260521195636656 0.297036951222896 0.314443120819304 0.310102803240331 0.289292692052349 0.311726140949441 0.317093093624876 0.299595247925157 0.290237674635641 0.312335180473456 0.322433311733918 0.305457952487453 0.327720574742337 0.333047583660082 0.334396633892089 0.35463141092366 0.411207227727744 0.489328753261722 0.582137899967477 0.575697730673177 0.629246786803331 0.691512745949179 0.645774684646518 0.664985622896248 0.718904956539847 0.729666859609577 -9999 -9999 -9999 -9999 -9999 -9999 -9999 -9999 -9999 -9999 -9999 -9999 -9999 -9999 -9999
0.236262730168647 0.229310051119195 0.2339365237349 0.245642763060556 0.261135048678336 0.271191616923382 0.274439355075107 0.285178401070659 0.295366067775712 0.313548177188709 0.298112414974696 0.294843351194447 0.281461325794813 0.28455033985446 0.297949091805305 0.300146327556608 0.283543982415151 0.269190599177303 0.26117994287557 0.309304854907566 0.318073858756249 0.313242878229625 0.324269906659688 0.326511399789014 0.332333148687831 0.31373739658925 0.313570678377685 0.329543245035628 0.330419906838908 0.305233297452433 0.311146018076551 0.320322154591581 0.323588967994683 0.340736336670196 0.400303768598615 0.517767321235034 0.636043484787253 0.704741432180181 0.690957645210302 0.700271907391876 0.681738077514272 0.755158382467742 0.833963293746199 0.74608521842686 -9999 -9999 -9999 -9999 -9999 -9999 -9999 -9999 -9999 -9999 -9999 -9999 -9999 -9999 -9999
0.226402703489787 0.249448231370672 0.248128003348877 0.245207800238528 0.249571189059613 0.267098094274583 0.279465319640666 0.287050666937126 0.297130951569681 0.30424720719085 0.294681910144122 0.282173939228409 0.293497863952683 0.28883154869504 0.283499498519512 0.294799883655746 0.292268739068251 0.280279805462199 0.282500740994995 0.308642757772837 0.319229399196944 0.316788392562503 0.334355455206272 0.343098438121556 0.347786763713921 0.335536271413936 0.331319685720112 0.357349918036668 0.344210166780161 0.312288774310873 0.303314313469324 0.285070328907343 0.239922330908024 0.32311651910602 0.433670955321022 0.550846396178381 0.638669615209807 0.6718421404838 0.711234033264614 0.754230759518971 0.761775031762425 0.797488312266863 0.8229772739447 -9999 -9999 -9999 -9999 -9999 -9999 -9999 -9999 -9999 -9999 -9999 -9999 -9999 -9999 -9999 -9999
0.24851373400888 0.254383662875268 0.259206491427714 0.2589406375296 0.259118262997269 0.281370617799287 0.290500835841704 0.296989419500755 0.305393875251728 0.307764988533002 0.279669459719415 0.27060298241817 0.268372291938946 0.261285399102852 0.259554604026772 0.267789297112219 0.265665718356009 0.264874241555258 0.290387783883978 0.320442056104568 0.326798203021337 0.335047276246292 0.338778343739845 0.348994390611593 0.363732569202176 0.360855119398607 0.355096782601545 0.369431614193636 0.344426772141275 0.313878617200468 0.31401712625121 0.28634745171592 0.222457831255323 0.285715614313493 0.424333429728729 0.548392928515933 0.650368550192396 0.686549055346567 0.778061697763011 0.800180501283655 0.800460716701338 0.805607945064581 0.798648485422925 -9999 -9999 -9999 -9999 -9999 -9999 -9999 -9999 -9999 -9999 -9999 -9999 -9999 -9999 -9999 -9999
0.260353687480579 0.254850696216718 0.25687552632396 0.271731739595416 0.273656214322663 0.290319061627152 0.306908169147317 0.310970240425172 0.308731545937509 0.304101777715374 0.259451534401629 0.233285860132934 0.230764076827808 0.222186378507189 0.232898798551874 0.238498700564949 0.239574928289816 0.240929173967536 0.295580821943521 0.347387260784976 0.337288484398859 0.347394415214373 0.338163180675881 0.340016162754599 0.357341641887863 0.358701995035041 0.361535329458057 0.375215456039529 0.352052923123288 0.329941869830195 0.317328211204383 0.309096185858791 0.302400810051924 0.30073765411158 0.442192513729109 0.582699042436896 0.722263427849433 0.73464190621679 0.764062506346436 0.785352423799664 0.799423612907339 0.814583875287904 0.799838673419918 -9999 -9999 -9999 -9999 -9999 -9999 -9999 -9999 -9999 -9999 -9999 -9999 -9999 -9999 -9999 -9999
0.277378039398071 0.272703600878919 0.272838234455112 0.292456100522001 0.303182005809124 0.313257797731617 0.310127819202315 0.310133363783125 0.302225337548273 0.293819930362136 0.252643510283406 0.226020591541348 0.227310738192641 0.219593248140916 0.228153498530726 0.246355876602371 0.243641801927111 0.229735762286644 0.297186336648674 0.345730327029727 0.335027860601832 0.35397615235163 0.342725551630412 0.335774918727457 0.349517396597889 0.357933193309594 0.355573699218781 0.385854014663426 0.361821185629163 0.348560339970249 0.326660720219111 0.306362330430372 0.339038468263494 0.338332764292687 0.497968351476795 0.595789039027316 0.737180466965717 0.774629213996004 0.745069455994358 0.782032196320505 0.800837142333854 0.818270968028615 -9999 -9999 -9999 -9999 -9999 -9999 -9999 -9999 -9999 -9999 -9999 -9999 -9999 -9999 -9999 -9999 -9999
0.2917476087549 0.286662440902504 0.29224285232288 0.310617331700256 0.317019160362214 0.318058086698411 0.296575537079932 0.310448069698207 0.309311782497695 0.298070054484982 0.255051929209254 0.24457326067188 0.213630473753054 0.225089799435448 0.237566534908979 0.252673319940981 0.255560634107069 0.236899642683059 0.30160025319872 0.326512546407842 0.336497116800007 0.382469562320648 0.358670503288257 0.338971517024833 0.339002034013492 0.354596046596581 0.35578456193352 0.36786203758677 0.361476872431417 0.355215196677753 0.330553302549162 0.304568291413811 0.329701783707624 0.387125094625741 0.526211861035668 0.65239347714238 0.752787660725273 0.77347478467958 0.738743776175008 0.758011569891313 0.790707422182895 0.797979453580077 -9999 -9999 -9999 -9999 -9999 -9999 -9999 -9999 -9999 -9999 -9999 -9999 -9999 -9999 -9999 -9999 -9999
0.29851227669101 0.296872550321251 0.304006666342362 0.317370628686213 0.324346473996702 0.323843058716341 0.307429122358601 0.309034665964425 0.312646298093816 0.293524173646153 0.268704762883817 0.21858746758197 0.211522814293118 0.229335516802455 0.245932166637724 0.251915614336148 0.26391532399077 0.266489107777905 0.312592937021901 0.330930506349361 0.336158028852912 0.393415540045463 0.398867968593739 0.371904027870773 0.366973656866224 0.366149568876773 0.347690655411487 0.35494182473122 0.354338760209342 0.345509285356179 0.330985700629624 0.314105016783649 0.29821363935096 0.388186595998754 0.508846205191656 0.663108507530082 0.694168393233453 0.681197399816705 0.72844661859454 0.724574130437588 0.756984290067887 0.772955639598681 -9999 -9999 -9999 -9999 -9999 -9999 -9999 -9999 -9999 -9999 -9999 -9999 -9999 -9999 -9999 -9999 -9999
