layers50/veg_krg_50/veg_3200.asc
NCOLS 128 
NROWS 165 
XLLCORNER -2985163.8955 
YLLCORNER -3022031.214 
CELLSIZE 50000 
NODATA_value -9999 
[rows 26 to 51 of 165, columns 0 to 58 of 128]
-9999 -9999 -9999 -9999 -9999 -9999 -9999 -9999 -9999 -9999 -9999 -9999 -9999 -9999 -9999 -9999 -9999 -9999 -9999 0.490368228423866 0.395714964502765 0.326293722404914 0.141858820253093 0.306680448225454 0.387543019665585 0.318011785920372 0.32421954835951 0.481183176934404 0.52682682782509 0.543984675270306 0.528119836008342 0.520382546154453 0.511725340788233 0.574751372131796 0.605448805488749 0.646609500365163 0.700482289556338 0.733449266507299 0.766349998757159 0.771821581962532 0.754140189607783 0.754548930802583 0.728542938405552 0.741696158632091 0.735047267687064 0.713925794446048 0.691327691638562 0.670722003795054 0.648277100647988 0.634415343308706 0.592091158263918 0.432749237479139 0.347540446694931 0.320115955760608 0.318113176151088 0.316050969857827 0.309903766918812 0.303909228310874 0.2974205753301
-9999 -9999 -9999 -9999 -9999 -9999 -9999 -9999 -9999 -9999 -9999 -9999 -9999 -9999 -9999 -9999 -9999 0.557410446918225 0.514954798005775 0.495607879158395 0.368011554887035 0.246570684490877 0.187979384444436 0.298281341984626 0.269365284742846 0.334510921096298 0.425040440005621 0.480525813128186 0.511738750645792 0.512566501430701 0.510958618366837 0.582454884994321 0.608999049433041 0.642501109767391 0.665544614322817 0.693200163606687 0.728600287832306 0.751184534100142 0.775482183657316 0.789402666906231 0.774244790097427 0.782941436056626 0.763278667830762 0.770270818470481 0.765119129820181 0.752528027877745 0.739623565623872 0.715483438865728 0.707377429812884 0.675961335847709 0.640637461467328 0.580606373061906 0.51698274210283 0.326938886520216 0.308778231400233 0.325501373490034 0.303706458148431 0.299110554350528 0.294913923813269
-9999 -9999 -9999 -9999 -9999 -9999 -9999 -9999 -9999 -9999 -9999 -9999 -9999 -9999 -9999 -9999 -9999 0.556557450076384 0.535248824983755 0.426488904543401 0.329620079592789 0.164210520393181 0.235591524833408 0.34366244420485 0.34221153530179 0.453702798798369 0.461146582193432 0.497918032927093 0.524062777609154 0.628111256926226 0.642879186485258 0.658114767145412 0.671083508259754 0.687616266625826 0.709418101282382 0.732048758010478 0.749135308665406 0.771215976551314 0.802269188919146 0.825059623706389 0.823970848897972 0.814660931839908 0.802976071614441 0.793187446830707 0.78921980557548 0.802920099033284 0.800608187123148 0.763912902304976 0.762513468997327 0.735433525290747 0.665199028917382 0.620373404805025 0.592895456497481 0.540853409521883 0.299893543586365 0.302510303891889 0.297885198744519 0.292254913355903 0.293216891774882
-9999 -9999 -9999 -9999 -9999 -9999 -9999 -9999 -9999 -9999 -9999 -9999 -9999 -9999 -9999 -9999 0.592752546541202 0.594493157184126 0.520687482068328 0.363893999783934 0.323197927091664 0.261026152176011 0.313230523809492 0.377310978017076 0.440731431243296 0.474132288228912 0.493896130881027 0.578712419262898 0.656781457288028 0.66758921029719 0.685050104676946 0.710891948732317 0.722181724253096 0.731806902973768 0.750254902387534 0.779829872075577 0.792198019010006 0.808635712951587 0.82472625899387 0.847987616562087 0.853261131830968 0.843800628011635 0.837357694901898 0.821617042810647 0.832742584785076 0.841594411016898 0.835181870612993 0.809132800501252 0.797624905005061 0.726457829184181 0.69377783526671 0.667675786495779 0.634418083239353 0.615727069461981 0.651216107167164 0.583645856152859 0.593127006767898 0.600288911795247 0.60640384449216
-9999 -9999 -9999 -9999 -9999 -9999 -9999 -9999 -9999 -9999 -9999 -9999 -9999 -9999 -9999 -9999 -9999 0.584775698750638 0.477611360745123 0.343583848042004 0.266616186406468 0.356773445896268 0.393792082610885 0.487112515434359 0.54837413553681 0.54974843113532 0.575041055941988 0.679312484814164 0.702941113781658 0.713081704653786 0.719967041911124 0.761586271076551 0.776910145390676 0.785927857927974 0.796185438677213 0.816052731638819 0.828201752333078 0.844145884741841 0.860062467887521 0.866744046374039 0.870453086201599 0.867417643036515 0.86244355161041 0.853020700940202 0.873501580178763 0.867593005873293 0.845965633284747 0.824269781715317 0.788469933494008 0.761301852082446 0.731757591052529 0.713877811887765 0.703847209990729 0.692389268200946 0.694002090561646 0.632365926979697 0.623980091301026 0.634412549700603 0.637524685365931
-9999 -9999 -9999 -9999 -9999 -9999 -9999 -9999 -9999 -9999 -9999 -9999 -9999 -9999 -9999 0.621578116170233 0.602770109616612 0.543003387622746 0.375573536693804 0.259718306361701 0.31619892768402 0.482017414211672 0.523721319797402 0.564492884320252 0.608430943112428 0.654218910278291 0.725477186639003 0.74936852336897 0.763772681920878 0.757937649123075 0.783407264284474 0.818588099515315 0.83110307390148 0.838067566042683 0.845496142287702 0.8542969181116 0.861305863352035 0.873034045724415 0.886914592199914 0.892637067872098 0.890503812690289 0.886767300208718 0.883561281371917 0.892695403065349 0.905377362025785 0.878617202498832 0.846494219537862 0.82523419843905 0.792823464756627 0.771348989789363 0.751594422061813 0.738140664203842 0.72754178363109 0.718002054875151 0.713007754427779 0.697015084814121 0.674807966000032 0.66325858915551 0.658880144008985
-9999 -9999 -9999 -9999 -9999 -9999 -9999 -9999 -9999 -9999 -9999 -9999 -9999 -9999 0.614330761031283 0.612267238528 0.587887987072933 0.457546431596959 0.290822363308974 0.316128703145331 0.465256080911168 0.555962663705119 0.601594702560844 0.640205577256675 0.702537762696389 0.747289458839332 0.7809991054433 0.790431250987859 0.812338376388702 0.831097371495375 0.856731558308923 0.877146718404019 0.882899470230468 0.882554137402212 0.898446508624862 0.900251127366342 0.89502772035226 0.892361747332861 0.907498663458755 0.906230009629046 0.904735424413542 0.897384103154392 0.904254136805604 0.911377302480074 0.903370329890946 0.881737959112404 0.853479531275145 0.828660598607063 0.80436506936047 0.784568826187513 0.768926566031943 0.757247340595578 0.748393802799858 0.742668256984306 0.740018972360687 0.738500532690692 0.737321614877918 0.727482144559333 0.717745853346072
-9999 -9999 -9999 -9999 -9999 -9999 -9999 -9999 -9999 -9999 -9999 -9999 -9999 0.602317733691909 0.602951673367938 0.605435770842366 0.485229551265735 0.323724399021231 0.253012963039895 0.450185592440387 0.589951132586072 0.635464350246443 0.682368349735955 0.733539341329911 0.760583546532194 0.786841746611275 0.812379769098266 0.838916234119951 0.851646068654555 0.876231619652296 0.908771874919866 0.937653663540872 0.941133995463374 0.934038485731131 0.938256971900021 0.931139794320483 0.928036451596174 0.92640994574703 0.914183362386541 0.906663280829867 0.908357799549417 0.903563093640407 0.898675936127364 0.907421369567869 0.894003032623 0.874739449924445 0.852829434114047 0.828492495231689 0.805967993296145 0.79158533046566 0.779281164473319 0.770337222815633 0.765111508571267 0.761303643108024 0.762728851943173 0.76527847036107 0.769213454553102 0.778008552473906 0.779276993405967
-9999 -9999 -9999 -9999 -9999 -9999 -9999 -9999 -9999 -9999 -9999 -9999 -9999 0.634345940750218 0.642221000872354 0.62673317760509 0.445961895884517 0.28260130583974 0.232791970098307 0.425844053097798 0.630532302133707 0.746894463027756 0.753982735635062 0.766996799275868 0.785886559565874 0.813287658421747 0.843205502821801 0.860444402933089 0.876447372313326 0.895536706238632 0.926724409645613 0.961726774153231 0.972898126979968 0.967005438788806 0.95847134040751 0.952137848403446 0.945829826341422 0.941129140906286 0.924164239486891 0.913172732989015 0.914156438209233 0.91002554011485 0.901103916413597 0.896430615557378 0.881019506360315 0.85821883474742 0.846156893688552 0.826874461615466 0.800354451137227 0.792573022544793 0.781993567174485 0.776592289732019 0.776874297395298 0.778902519785273 0.783490775663028 0.791005851076103 0.798398798690098 0.807579841903726 0.810171602099162
-9999 -9999 -9999 -9999 -9999 -9999 -9999 -9999 -9999 -9999 -9999 -9999 -9999 0.639145188822701 0.648405219664782 0.632608243916484 0.364508295626414 0.26299494862379 0.304719874512601 0.540630520064374 0.684372017032865 0.76501753423488 0.77829616454358 0.798721513560487 0.811528192104007 0.82803504906289 0.859450979609729 0.879364737409975 0.895485116669019 0.920836773391715 0.941976915630589 0.958724336867869 0.975460968146932 0.976587686891 0.969432684886911 0.962560505958052 0.955840574078533 0.94313880147607 0.926499822413309 0.917551125180857 0.916533426678091 0.913425408923845 0.902633598473842 0.884633718770262 0.86806175981515 0.843369982653143 0.830743982293284 0.818012726125529 0.793877982072127 0.784773590536515 0.779869259465865 0.778496833547066 0.783926521951317 0.791727016320208 0.801380335071411 0.814019004794187 0.824614344615028 0.830913088353376 0.838990400330453
-9999 -9999 -9999 -9999 -9999 -9999 -9999 -9999 -9999 -9999 -9999 -9999 -9999 0.652931189860481 0.661086113813234 0.658267377615058 0.321590846360412 0.270579604865899 0.418118927317072 0.664874184425527 0.715615104663062 0.761910590548815 0.791608146205476 0.810209884126537 0.826418263266731 0.838469793835619 0.859933790144 0.884987445040788 0.903959809454838 0.923854771935636 0.942945812651331 0.953824661719355 0.962094536378306 0.968477642781517 0.969968722551692 0.966466599305387 0.956417334205427 0.932689577873195 0.921720299390078 0.916927292857592 0.917929120006919 0.908959187083777 0.891376050149478 0.877190803258916 0.862199875349406 0.838937141890991 0.818391727727293 0.79885006051237 0.781928946070702 0.77472205446586 0.770997395875447 0.774598224536429 0.784660765523213 0.800588441940849 0.816452887515702 0.835732667204958 0.84788480076588 0.858965469672051 0.865490794356763
-9999 -9999 -9999 -9999 -9999 -9999 -9999 -9999 -9999 -9999 -9999 -9999 -9999 0.662556525979747 0.675859875567762 0.67506536450636 0.316064516831816 0.292890698877426 0.414518474138149 0.655676344131302 0.725181786999218 0.7579369542737 0.798020414758421 0.816475740026446 0.833728435229739 0.84927473266159 0.863116885134744 0.881586773219029 0.898899817917681 0.917777596820977 0.934532880688238 0.944841972474467 0.956185144840738 0.959166618738024 0.959993360708372 0.958260191675451 0.940121786201379 0.922955282874186 0.915028722151125 0.906056425127946 0.907106603692588 0.897206610100141 0.872013921853209 0.850971266726217 0.834399975606599 0.811867407498772 0.793972177971124 0.770126023662408 0.760710170159315 0.755391205759888 0.75151282776642 0.759516770679178 0.77907683817232 0.804546179111448 0.832330381953565 0.856741916648009 0.874744434099026 0.884138079508088 0.885148148092088
-9999 -9999 -9999 -9999 -9999 -9999 -9999 -9999 -9999 -9999 -9999 -9999 -9999 0.662979343665596 0.702549910196472 0.697591772350093 0.541936418526232 0.339269020769742 0.402970663318587 0.658688971943419 0.724460761350392 0.762353515589847 0.781109859946276 0.811135370241995 0.830435708118585 0.846653530351579 0.862987289327127 0.874534012666995 0.891194408275805 0.905301472901533 0.921138318150406 0.93593828630376 0.94721342930465 0.95229863146519 0.952160170260904 0.938434976642552 0.920504077252869 0.9095007318194 0.902646502358242 0.899661347875813 0.90032441093414 0.870659852494319 0.843752853671634 0.82162811222393 0.798334802422351 0.784073241537608 0.765239748156462 0.746463062006337 0.738132842419345 0.727861855023244 0.727622568561665 0.738672936796649 0.763267976322261 0.797676045018873 0.842784991724848 0.87709059096044 0.899197465442744 0.907310203537026 0.904891450394079
-9999 -9999 -9999 -9999 -9999 -9999 -9999 -9999 -9999 -9999 -9999 -9999 -9999 0.678341373531185 0.688450078483406 0.686300664363355 0.522152115271161 0.331459374807682 0.435814350632138 0.676563960791719 0.70439298054985 0.712610758490825 0.7535675087083 0.769003101246924 0.788170218180163 0.807896600714936 0.828595314609256 0.844190195267181 0.854775645667449 0.873633626120286 0.889909975716588 0.898315043406865 0.91186725231875 0.942837077565932 0.940665345185573 0.923585126237835 0.904410016413453 0.897389859220503 0.891924099909042 0.898911475924105 0.870888968678033 0.842598752949139 0.816520692151945 0.79233797304404 0.774085189279264 0.75561771247857 0.737546187594091 0.72761836273443 0.714028236728726 0.706052223743541 0.702977559210435 0.708708370106957 0.731814903169541 0.780007326278079 0.843258973309772 0.895272373599488 0.921766691726386 0.922397102533134 0.917636243003626
-9999 -9999 -9999 -9999 -9999 -9999 -9999 -9999 -9999 -9999 -9999 -9999 -9999 -9999 -9999 0.578476860266601 0.323621504138593 0.387627518374761 0.543867241815097 0.647943721441341 0.687545806112149 0.715869081944573 0.739823538395177 0.760347953843134 0.776447339205775 0.791004895571382 0.812187360703045 0.837642889721996 0.848147513664405 0.858289486776307 0.8705555566647 0.87735111207244 0.894869027737192 0.903460030904972 0.901679323702604 0.888080390104396 0.886326238363716 0.877924064183698 0.886594216960686 0.872861366049739 0.848407946350668 0.813442787916836 0.786481569396719 0.757533357384745 0.741098303191156 0.725242456066426 0.717942234853701 0.705623277436579 0.695819913960977 0.689445116806973 0.68648812138338 0.689310929851741 0.70688736936343 0.766355865571594 0.83580847143564 0.902468890372593 0.932809295703554 0.927922046564803 0.91842491992879
-9999 -9999 -9999 -9999 -9999 -9999 -9999 -9999 -9999 -9999 -9999 -9999 -9999 -9999 -9999 0.538457829293685 0.377712696868267 0.3672841089537 0.530725847390044 0.617055098855524 0.66916677838276 0.708694453872219 0.728975982378615 0.749553741970786 0.7658896398966 0.780293675206418 0.799626865239931 0.823799612299504 0.838078826039149 0.843918688881472 0.851401654846583 0.857852132362471 0.87232871955663 0.881237428084963 0.877142116202741 0.860437364878929 0.862383351591035 0.847342912858499 0.831927610825076 0.814365085091598 0.811247139860627 0.786630595834586 0.748833202291391 0.729719715649987 0.715304630303591 0.702244727251432 0.692512404050951 0.683421986242269 0.682063607694732 0.680252563535215 0.682423794948861 0.692212623573049 0.717156645809028 0.765775070989317 0.82416850573526 0.879677445746118 0.911325214721707 0.91428274192535 0.906002608619617
-9999 -9999 -9999 -9999 -9999 -9999 -9999 -9999 -9999 -9999 -9999 -9999 -9999 -9999 0.655464354897597 0.567389136618305 0.39497198261799 0.404029549574895 0.542653185282456 0.62302976279184 0.650519996087487 0.702685463495274 0.725749644701815 0.749912968855673 0.766796834573974 0.780884081234842 0.796337356216192 0.810556140683118 0.822398834232336 0.835937395719448 0.840003826416215 0.846519298693434 0.856677908810412 0.851854447508016 0.851845636370761 0.833474070200739 0.828743497003383 0.807195987675395 0.782014352201755 0.774529515235462 0.769763109952614 0.755647875002598 0.722880657463617 0.705487588435043 0.692188899606368 0.67770842508047 0.672334490169557 0.666011952176902 0.666489242960613 0.668939777576818 0.681182740148556 0.698439844590394 0.72460539408447 0.764925884212809 0.80681695120221 0.8478433699187 0.876583703007594 0.888051298714399 0.887201246545338
-9999 -9999 -9999 -9999 -9999 -9999 -9999 -9999 -9999 -9999 -9999 -9999 -9999 0.662942761866695 0.644553150068433 0.549587209274393 0.430155229713398 0.380583745938261 0.533172151784237 0.64145995232464 0.66000075803685 0.718995540615501 0.738603663676108 0.750984788521894 0.760964626624216 0.771210121368954 0.782501551406132 0.79646148352482 0.805048087265174 0.814704155150264 0.821592604043734 0.826300857314942 0.83397463103487 0.834412767074669 0.827401696560494 0.807078573840828 0.791788028918542 0.770110860448061 0.750990695272213 0.744285005802944 0.742332270659885 0.736791007687168 0.714595033883973 0.682930486224109 0.671375319818231 0.660161131248123 0.656029927524544 0.651304920297637 0.654092165622836 0.66140179189327 0.680498333669526 0.69864681907441 0.722228595840204 0.753114241910263 0.786631071448544 0.819554271106892 0.84687967205889 0.862920471438456 0.86147055306402
-9999 -9999 -9999 -9999 -9999 -9999 -9999 -9999 -9999 -9999 -9999 -9999 -9999 0.670362985776517 0.684700471333226 0.568845036532798 0.464275950822558 0.475031429615066 0.559619540544321 0.688951023365345 0.700687504043391 0.731176945911605 0.742017917701877 0.75012195648236 0.755449971582237 0.760656085493059 0.767678978839885 0.777224681847616 0.785014180099669 0.792783765581828 0.795937405993964 0.791772158471797 0.801064026757575 0.794961780188791 0.802078105276939 0.781329713042028 0.769613442364092 0.751605719492915 0.742871160564866 0.724494131109652 0.713934822438718 0.697613140094245 0.687760176269615 0.668680715149952 0.657781024830375 0.647259124053168 0.641925702068853 0.638977518918798 0.650031954393328 0.665252974636746 0.675659997686457 0.689898023553349 0.713724680659782 0.735068751688342 0.766807508679044 0.791506693743182 0.809742105960433 0.819937223257877 0.836843813227693
-9999 -9999 -9999 -9999 -9999 -9999 -9999 -9999 -9999 -9999 -9999 -9999 -9999 0.718996795061311 0.713076556302391 0.619557912091657 0.389603736717109 0.454489237785736 0.604994597855241 0.648397277482808 0.652164308707003 0.697953383081134 0.693829270135223 0.736726375979627 0.747591387981344 0.750912956241977 0.759472421281943 0.766505609309511 0.773344273215889 0.780015376031153 0.779926859165568 0.770522338607435 0.774513335886689 0.781267440073288 0.787457522877032 0.772428223757407 0.751194619518965 0.737508206543299 0.723558558688566 0.690989460965177 0.681798587697098 0.672699686919117 0.672949360568686 0.667013398940502 0.648344376710328 0.623477857647386 0.615101067915454 0.628176136638424 0.637130910830792 0.653111758350408 0.665134155481617 0.679588392503327 0.694433005275875 0.705288863835396 0.73621774984005 0.765697404134158 0.783033147434658 0.801230988201533 0.801252783140103
-9999 -9999 -9999 -9999 -9999 -9999 -9999 -9999 -9999 -9999 -9999 -9999 -9999 0.734884358861957 0.731600257412186 0.714452019119263 0.547883074532276 0.480856858815653 0.631715749590093 0.557988662269817 0.573298810242749 0.654008800626434 0.660311274911082 0.709299853396033 0.721560474508828 0.734008992591775 0.743775640470142 0.750527589447652 0.751907422892924 0.754458240235313 0.758712384837984 0.756995981513629 0.761700052060189 0.759623893476113 0.75574189534448 0.739120439842005 0.718174329113353 0.716662446156851 0.72055083789157 0.700813343653069 0.700798487048704 0.688595483042096 0.673247388207445 0.666927766472232 0.650686577001978 0.624436930770567 0.612263312361965 0.618579032235675 0.619593067595306 0.636079770182724 0.646486479732479 0.655189258082107 0.672200652977629 0.691925203139415 0.717929721960661 0.739644791158313 0.761104002623957 0.776899266364643 0.77362202867262
-9999 -9999 -9999 -9999 -9999 -9999 -9999 -9999 -9999 -9999 -9999 -9999 -9999 0.747395078615266 0.748744265765325 0.746867239609323 0.663075960033778 0.521696847573358 0.602274351154805 0.558988453150276 0.544692168584763 0.634831589365468 0.651907116780121 0.684992998620343 0.699000556082773 0.701294994212631 0.720893591760954 0.721678489373369 0.724900733596813 0.727958080765682 0.729729806085322 0.735452643661821 0.733871410997638 0.733678959685955 0.731942927457178 0.730338632941716 0.713846411817846 0.69955927384889 0.699263495946794 0.731123161171108 0.721505480757145 0.702987521857795 0.686317143102356 0.673940612216241 0.664209630683413 0.643650520819513 0.625865775252393 0.622786015887912 0.622617978797233 0.616363597096918 0.620418145607531 0.632961441287564 0.647756252099652 0.672303967330394 0.696557883861121 0.718393780604191 0.737047425717626 0.746178670890113 0.741001065306701
-9999 -9999 -9999 -9999 -9999 -9999 -9999 -9999 -9999 -9999 -9999 -9999 -9999 -9999 0.720701291617484 0.742047173970491 0.737574621461099 0.600390209122025 0.497716651925276 0.477500893998673 0.504385631497525 0.644728841284413 0.675956281521252 0.689104626527863 0.673052106410475 0.665377499380256 0.675050688399976 0.665389078547032 0.661541365143894 0.648459791019417 0.679808039571214 0.709406380987661 0.711082226284297 0.711732623833719 0.719500607757026 0.724214850247638 0.711556808113795 0.699791987530663 0.691870223242153 0.714993243821544 0.703227692890422 0.698182522990389 0.688444695503441 0.673781423081978 0.652991455423247 0.63549043268613 0.620151992837089 0.613239679187134 0.618746508815175 0.621154376766708 0.628902276592934 0.629264978239744 0.645304379938663 0.650381383067735 0.668510199469256 0.690809165585164 0.707062305723398 0.709686953743636 0.712329542771139
-9999 -9999 -9999 -9999 -9999 -9999 -9999 -9999 -9999 -9999 -9999 -9999 -9999 -9999 -9999 0.739450107317936 0.682899774607208 0.659415339923419 0.57962731756689 0.491654676888274 0.537578659316207 0.601663518987379 0.696676365476525 0.679785817014261 0.635111850889604 0.63461079308496 0.651424358746236 0.646380716730715 0.633680637229464 0.620860177412581 0.643018860624594 0.680652936686309 0.694974569656432 0.69418146608705 0.693922139416541 0.690761462047107 0.643407665507934 0.639607798266557 0.678890619721396 0.65101335948705 0.634223453212774 0.659537378068059 0.670322712977416 0.653913883071915 0.632577589332444 0.604525609251642 0.587494914233706 0.58066318515447 0.589627306093622 0.597883051385857 0.616103033794159 0.62679625812832 0.637232929055587 0.647798921535487 0.633762005945695 0.669825809075 0.678373160718165 0.678956740292915 0.692328271025325
-9999 -9999 -9999 -9999 -9999 -9999 -9999 -9999 -9999 -9999 -9999 -9999 -9999 -9999 -9999 -9999 -9999 0.682737356570974 0.604014256479571 0.49954150740089 0.53682367277896 0.531824245741352 0.616621375772875 0.653607371988811 0.631339687621951 0.618495415671365 0.62922811294891 0.621920876457883 0.609339617690713 0.622690060242601 0.646205189001571 0.633046314920803 0.621547532842335 0.630459918621037 0.661341410606067 0.643400168101961 0.639928562152014 0.673320441316811 0.686099928124967 0.669709866888928 0.63761939329115 0.640254019924975 0.629953610752719 0.617419797866513 0.587630228002837 0.581207920045274 0.576105700147223 0.576958035095374 0.579737113138358 0.593095727218679 0.598571705802852 0.60680935514998 0.615155194244852 0.624668963413306 0.637506054535783 0.650666233435687 0.650896880911757 0.660500686780826 0.676904230459269
-9999 -9999 -9999 -9999 -9999 -9999 -9999 -9999 -9999 -9999 -9999 -9999 -9999 -9999 -9999 -9999 -9999 -9999 0.634343492284653 0.500406165690048 0.483904624530644 0.517928092778942 0.475260537960547 0.570965611336745 0.597080983190036 0.591799501678737 0.593716665784933 0.59865660907681 0.60826470706936 0.627008061408576 0.622102768876578 0.617522415442912 0.608920925033273 0.625963809000223 0.665632162462313 0.668167645512054 0.66607032600105 0.691956331277202 0.692715695002871 0.672624291306067 0.644871927468362 0.626152096212809 0.614568838117166 0.613214367238173 0.588558941964052 0.585359992560855 0.577026982509827 0.56983452969553 0.560873777245963 0.574156794893145 0.579825336745104 0.584233910938762 0.590383375691748 0.602153459442265 0.610418475612089 0.623720130408593 0.624300229153225 0.615594464423709 0.628970758613892
