layers50/veg_krg_50/veg_5600.asc
NCOLS 128 
NROWS 165 
XLLCORNER -2985163.8955 
YLLCORNER -3022031.214 
CELLSIZE 50000 
NODATA_value -9999 
[rows 26 to 51 of 165, columns 0 to 58 of 128]
-9999 -9999 -9999 -9999 -9999 -9999 -9999 -9999 -9999 -9999 -9999 -9999 -9999 -9999 -9999 -9999 -9999 -9999 -9999 0.562546401178088 0.461669062573379 0.382467218120931 0.263327829453975 0.313227405138562 0.308098135937769 0.224919935024467 0.214320878646398 0.257849392057853 0.289120789305441 0.30843995709115 0.291505057019019 0.323587937781204 0.35208535695081 0.450687955173534 0.489700309434506 0.552924167814974 0.598614016536453 0.628611364214498 0.650385674462819 0.661219722041067 0.65210461348821 0.656662163932761 0.665252399609546 0.667356180067793 0.663624029847631 0.661326557646159 0.657934127758921 0.648895176944959 0.640427027979462 0.641609495642766 0.648157068334262 0.64993717594349 0.64667460639044 0.647944615765296 0.64706044226065 0.647043349057824 0.621905846263349 0.599289002798649 0.591106361479051
-9999 -9999 -9999 -9999 -9999 -9999 -9999 -9999 -9999 -9999 -9999 -9999 -9999 -9999 -9999 -9999 -9999 0.618524751960974 0.564699625479074 0.534969188515835 0.422213374253403 0.313619603302786 0.270993032599056 0.306425773245914 0.275719993585089 0.253272011579427 0.259456582262311 0.275853287622278 0.292662861732787 0.303155630310947 0.280156769541376 0.410534713985425 0.491608389050434 0.542767638116934 0.567219562072216 0.605962767007776 0.643840984534672 0.669253187082781 0.686363117290879 0.699527021801276 0.696677720528855 0.703434779628291 0.711850877308788 0.712337514221814 0.708774994884469 0.705132637706387 0.695110831449691 0.684782344436601 0.667598078369472 0.678913370575263 0.682062408317536 0.685390896337097 0.684175336208883 0.685015389921474 0.681585262092272 0.673739158696372 0.638639347443185 0.631917662796806 0.629122595815345
-9999 -9999 -9999 -9999 -9999 -9999 -9999 -9999 -9999 -9999 -9999 -9999 -9999 -9999 -9999 -9999 -9999 0.616106402157691 0.5699053768449 0.443125112806908 0.34958684988767 0.212720412430675 0.292144694386407 0.320461215497765 0.311448142109127 0.303324371544754 0.275803227512348 0.285856545886342 0.292322576545249 0.358468584434083 0.502699567463222 0.550763016369588 0.577396610832834 0.600899020128479 0.633218545443175 0.671424365215856 0.686950043313304 0.706402649529575 0.731015849826911 0.746993739379321 0.745331374388528 0.74449544418981 0.750695777563942 0.754711850508017 0.750360146231971 0.735566201479978 0.72492835031522 0.71338110171102 0.696528903876777 0.713266451251561 0.719090590537327 0.719928189333743 0.715965807939618 0.71761909351138 0.713652847306436 0.696276711849351 0.671010467450853 0.67175427054632 0.664888534380988
-9999 -9999 -9999 -9999 -9999 -9999 -9999 -9999 -9999 -9999 -9999 -9999 -9999 -9999 -9999 -9999 0.655140744842607 0.645143935508881 0.548721173352159 0.369719093082037 0.307711952379243 0.255256972891659 0.295402264031117 0.346346241744465 0.340147101551678 0.30345659095777 0.282911648858932 0.329445943665577 0.379499531646514 0.543898920626717 0.589907310830795 0.618161031223211 0.641917181287313 0.660364677508497 0.68495147651043 0.724151320457406 0.735735988893717 0.754675174181203 0.76615693008467 0.778658935568337 0.784996246618464 0.784864962496445 0.790298296901116 0.793919075299309 0.786447994463654 0.77613956723017 0.76070119134531 0.748193936654 0.731071582991998 0.746912650805052 0.753160358986166 0.754308776309319 0.748300093870213 0.748777436349416 0.748121783296786 0.742410766387762 0.708558658843726 0.700448067827588 0.692421385014267
-9999 -9999 -9999 -9999 -9999 -9999 -9999 -9999 -9999 -9999 -9999 -9999 -9999 -9999 -9999 -9999 -9999 0.613624256955945 0.489050413546181 0.331386853705331 0.24942683083006 0.315914488355868 0.342174157424438 0.404519079686851 0.422270632671902 0.385230406166015 0.388832702944221 0.523870919500249 0.590215820958293 0.618153737907807 0.648680022788501 0.685340083708514 0.707960966386166 0.723699031507815 0.745777448623487 0.771083283754414 0.783409919446756 0.796502224362788 0.805170909354948 0.812084977969028 0.81639420884751 0.819767268283955 0.823204047626307 0.826803822092194 0.822565051032913 0.810880549893128 0.793346720511938 0.780140629154751 0.779460344660016 0.776145947093567 0.780922752816245 0.782384252999566 0.776572334632302 0.773887497683766 0.773108676077495 0.75739638615442 0.72984093158795 0.724069254281124 0.715260146402556
-9999 -9999 -9999 -9999 -9999 -9999 -9999 -9999 -9999 -9999 -9999 -9999 -9999 -9999 -9999 0.618593045508262 0.60117225780007 0.542490841278317 0.368425589775721 0.242567183854095 0.274765848715902 0.414619666057679 0.442395194075288 0.446340396179063 0.474832422008465 0.52375539110915 0.588655796715293 0.627351920735027 0.666472597696334 0.674270047331123 0.714243972403847 0.755151433722838 0.774501529084055 0.786905794663424 0.813081732385159 0.817243735799896 0.823575819166904 0.831526853350811 0.839246929077243 0.84316798585747 0.846412320097362 0.847777616401997 0.847566094210425 0.84893501276448 0.847589364655673 0.833852027486981 0.819656328394089 0.805717867366061 0.803891046436865 0.80119289075906 0.803516944087579 0.805945729250914 0.800300615195481 0.798883870597934 0.794228948603035 0.783140944283856 0.763353121988639 0.740824794176524 0.733278961286381
-9999 -9999 -9999 -9999 -9999 -9999 -9999 -9999 -9999 -9999 -9999 -9999 -9999 -9999 0.610751403149649 0.599731712384048 0.560505557825618 0.426505284896279 0.267849095975261 0.283094703864936 0.396204897551897 0.4761651028033 0.493096321239089 0.541998144239053 0.57898439918899 0.615052809301298 0.647819974472059 0.684304096163564 0.731386248841338 0.763148664840877 0.795134508916806 0.82426325189765 0.839306931026881 0.843006618149004 0.863643350485634 0.862439796510148 0.860563561200602 0.859368107849172 0.865006952487223 0.86813824931663 0.870275185832966 0.868264324237789 0.863854533477149 0.859028638008206 0.853904734589894 0.844699567557235 0.833835876620071 0.82044410845389 0.822576002918492 0.819005654167392 0.819341310053697 0.822358236196577 0.820982107427971 0.819693105292386 0.816571432023968 0.80766718558633 0.797836867052372 0.784004353453605 0.775689070861963
-9999 -9999 -9999 -9999 -9999 -9999 -9999 -9999 -9999 -9999 -9999 -9999 -9999 0.601067256836798 0.596377833357685 0.590100229028736 0.446323479305884 0.279802075667034 0.210689694041034 0.366851417343352 0.482945026720357 0.560327027628449 0.595589437429657 0.620650510604357 0.642999233038542 0.665895953364644 0.68543035674559 0.719851897416017 0.770194146341762 0.823709181457489 0.858403500774641 0.892538447425587 0.902711494637258 0.911145463050353 0.90334344127163 0.895915989172245 0.890763271489022 0.8867217049458 0.879806668169697 0.883447369775866 0.88332789506895 0.875449319268625 0.867207655236089 0.861414847852769 0.85375425310792 0.848225813442834 0.840676361898038 0.826237293833757 0.832759583078059 0.830953843564685 0.832929985399899 0.838014488097233 0.836794783909221 0.837555975715101 0.834342234456808 0.824311966347606 0.817975011210188 0.820766526850892 0.822701626301253
-9999 -9999 -9999 -9999 -9999 -9999 -9999 -9999 -9999 -9999 -9999 -9999 -9999 0.595659747561675 0.595797982739152 0.58139577025293 0.384092249544181 0.22924068260941 0.180814021120501 0.34997216483196 0.528000820435454 0.617763815761008 0.642462565874897 0.666180317190126 0.682940317686302 0.700862208433404 0.729172893045813 0.767780379012946 0.791917486074516 0.841352526292949 0.886823534452751 0.925027123522637 0.940648480675151 0.942700242030034 0.92866646165858 0.9174975301927 0.90932673593391 0.902575362160327 0.900792208092526 0.89568781299555 0.887876761954276 0.876736578873698 0.867450729452482 0.858740795458086 0.851917955422776 0.846764595133924 0.837077789188683 0.824604390743667 0.834868994936637 0.833888990920409 0.834306946906518 0.845796913689774 0.849016998997082 0.851015366025969 0.846030042403907 0.84522626164713 0.841208405506267 0.841553752909961 0.841817320156238
-9999 -9999 -9999 -9999 -9999 -9999 -9999 -9999 -9999 -9999 -9999 -9999 -9999 0.580266307095556 0.591368974748075 0.562088685126057 0.31856233105923 0.224961289471851 0.258390365627792 0.458859100031592 0.577111643619035 0.643905768131975 0.669356944467176 0.696009661450922 0.717937829767558 0.739707289179257 0.761741540117663 0.790983852077582 0.827152926838793 0.860704109113744 0.892429962527202 0.92795903413596 0.953887697454246 0.950547318626232 0.93940936089508 0.928347673523302 0.917599469440449 0.914478991331235 0.907209323557977 0.900677334697152 0.889735759079245 0.878767092233055 0.862489967238832 0.854438148087327 0.849262367927585 0.838108430229819 0.82628505535053 0.814180629743102 0.815093143246579 0.818979531310957 0.822976949259488 0.83722176213475 0.853643270159135 0.854884270083218 0.858114773805564 0.859994669292292 0.858011528589809 0.860262657550066 0.853882409877727
-9999 -9999 -9999 -9999 -9999 -9999 -9999 -9999 -9999 -9999 -9999 -9999 -9999 0.58318479774587 0.584719395144427 0.576215217741759 0.291836447065687 0.247440148147641 0.363414126379956 0.564155867375402 0.61975186163874 0.664721791676822 0.693526238659661 0.717747716793524 0.737711196830506 0.76234263028976 0.787056589554342 0.810480136957171 0.840053965814414 0.869386119214883 0.893459993586918 0.91718567794085 0.941900326199619 0.943728026895448 0.939602677636946 0.929625761784603 0.922287976271667 0.914544473828361 0.908414909499611 0.89793305714964 0.887732440490678 0.870044100679705 0.855188716214665 0.843311691866304 0.83136735647041 0.816262185405786 0.801832721167483 0.789647611222803 0.793760828433067 0.800735018686516 0.810683994291881 0.826438335953123 0.844339584921296 0.858681750037321 0.867929872831234 0.873469347705906 0.876172913930376 0.87464746098656 0.858701838195802
-9999 -9999 -9999 -9999 -9999 -9999 -9999 -9999 -9999 -9999 -9999 -9999 -9999 0.554065027181806 0.568872265302192 0.575789423210427 0.29837727713168 0.282817717438537 0.380919293147458 0.566954862506042 0.635968926572685 0.676836213491822 0.70296634750141 0.723213751161095 0.748872060333625 0.777559454735462 0.800411926052854 0.82614111508542 0.849375369370782 0.872704020255763 0.889775559814328 0.907932361402698 0.926912472346357 0.928661449611779 0.927199395125307 0.920675675359509 0.915472325858876 0.909418780220523 0.900291231200941 0.886256606647866 0.877961688808751 0.865023432502694 0.839452331377444 0.80990075742368 0.797690991609526 0.784232695643335 0.77421387331559 0.768611762991918 0.779172155236298 0.786245934550509 0.797562052940127 0.80816517998729 0.826641628332299 0.850501215183712 0.872597105140099 0.885077653970936 0.891872744037891 0.884568985213809 0.879122857458289
-9999 -9999 -9999 -9999 -9999 -9999 -9999 -9999 -9999 -9999 -9999 -9999 -9999 0.587080662115043 0.591560709046932 0.584534592706366 0.470706120751665 0.338967610174224 0.407929530694141 0.598276402317922 0.657906182409488 0.687900952167318 0.706298821163706 0.726544726536035 0.748428481051437 0.767424274750242 0.786800571131266 0.812864792668908 0.849961269451912 0.868126202323621 0.880347593213304 0.897532873037013 0.909335627771702 0.913876682179493 0.910697706178015 0.910256759238383 0.904763660397651 0.897176725394517 0.886596830754076 0.879083397034416 0.87861715472107 0.843171028311507 0.80281192146149 0.783119690613431 0.771166399644628 0.766949349865957 0.759425181287072 0.759170781660153 0.7668129857708 0.77176441203071 0.778331267355747 0.787702470224275 0.811128841963306 0.840425510846361 0.873989497585761 0.900212205393476 0.906133193745648 0.894819642955548 0.885971875817584
-9999 -9999 -9999 -9999 -9999 -9999 -9999 -9999 -9999 -9999 -9999 -9999 -9999 0.62196085264426 0.619634855342752 0.603178009925476 0.466217036332197 0.346403921574899 0.452650606201484 0.64298811888944 0.680323857155421 0.697466976657397 0.712610856327543 0.729158135497631 0.745979322638774 0.762589356842782 0.781509244060739 0.803879488997633 0.821913475866542 0.841340181355167 0.85280875898989 0.871553707289462 0.881581708986862 0.886472593513205 0.889490844247832 0.893693692049922 0.888399177426392 0.88022445990823 0.870313268018916 0.855853268954676 0.827675767887817 0.803690249588682 0.785858528393188 0.771564329375461 0.757887497456122 0.749634162590691 0.744240306357317 0.743397568394872 0.751954196403276 0.753581551075104 0.746050428973228 0.761340300547772 0.786018254568893 0.825874297567407 0.874779193325822 0.913061298364062 0.926020000200725 0.912468670659551 0.89828270244155
-9999 -9999 -9999 -9999 -9999 -9999 -9999 -9999 -9999 -9999 -9999 -9999 -9999 -9999 -9999 0.567795843539103 0.322652941138572 0.38808410084158 0.541138414711531 0.640755645685609 0.683837926242572 0.704372017355108 0.716885783191742 0.730422423569241 0.74401087048903 0.757167560253124 0.772540875602386 0.791814219499622 0.806850218960884 0.822670826865761 0.829027341303093 0.846873966465136 0.857257127303958 0.859191340167717 0.864279001765349 0.858791652211211 0.857679116935711 0.854077149847069 0.83975133560996 0.818389462913538 0.805357851320349 0.78737234008244 0.767056375790829 0.749244114688186 0.734099507054462 0.725637473489998 0.724969544083999 0.727299031458344 0.733986619676099 0.738834614386797 0.743563221609477 0.748395127315033 0.767082255273316 0.817526172838516 0.877259983168042 0.925255745460007 0.936890856700726 0.919385906309059 0.906354941637648
-9999 -9999 -9999 -9999 -9999 -9999 -9999 -9999 -9999 -9999 -9999 -9999 -9999 -9999 -9999 0.558527349514011 0.41365131459974 0.395228696285745 0.550041910568396 0.634284293789539 0.684086057160874 0.707723472448016 0.7212782861177 0.734386831396791 0.74282153342343 0.752131946978449 0.765177066678937 0.783232970927862 0.794874816800265 0.807563501308144 0.812830698011547 0.824142713643985 0.829920397030881 0.832092362270865 0.83781653584591 0.822975226995282 0.819444289951082 0.811494465367005 0.798536891674579 0.794748025221088 0.785348542392228 0.772558738132505 0.735821100541855 0.720749358354775 0.707908980726716 0.698409703895153 0.693111206582859 0.699140434957226 0.712488560841536 0.722641990658043 0.72723551545049 0.745752264062916 0.770663732421153 0.815273779885407 0.870099705034105 0.91300521123899 0.922360105972287 0.912006217891617 0.899685143671855
-9999 -9999 -9999 -9999 -9999 -9999 -9999 -9999 -9999 -9999 -9999 -9999 -9999 -9999 0.657881264094512 0.596347002656111 0.449751051847368 0.452557945241983 0.571083978477732 0.64478244558644 0.667449471258871 0.698733324546314 0.706236087435 0.715162546582744 0.725425048056276 0.734768163060621 0.754038618068362 0.772697854817094 0.781969144469693 0.788718368460628 0.792359671680213 0.803054963358323 0.808005016638175 0.797888777703662 0.806182101933768 0.795969975711436 0.787449623193164 0.770818024636303 0.756395335494554 0.747561094484248 0.74803839918853 0.738501359129196 0.719745412156182 0.694167793241468 0.676078206940375 0.667975225645423 0.66624443641196 0.674464003909707 0.693317193275038 0.707130323589516 0.716669258998415 0.743682016502101 0.772639653439062 0.807638781389527 0.85222304120078 0.881583483350778 0.894425431533052 0.893190891542712 0.881838653663273
-9999 -9999 -9999 -9999 -9999 -9999 -9999 -9999 -9999 -9999 -9999 -9999 -9999 0.646033492181643 0.635863340347899 0.583040112737281 0.482992124991793 0.426077927072549 0.557407152193698 0.651672445736651 0.662623503726208 0.698165660490181 0.702530157401471 0.704620888960816 0.70799926032995 0.714450966569533 0.726402122180325 0.73890669269661 0.755295623872521 0.769430538633895 0.775403045252682 0.771854037412011 0.777113247282979 0.780182705128488 0.776221930069933 0.771817837148447 0.753887062280131 0.731024426383885 0.715037419085406 0.714130914379034 0.71750386637157 0.708819139794635 0.69923247231036 0.651012616619714 0.646525467464958 0.645059312818623 0.646192255403709 0.656620268514039 0.687131633428604 0.689904691901378 0.702537484067775 0.733542813190874 0.76069631791545 0.792005781069057 0.81969395460264 0.842529792199451 0.865056127126307 0.87355893753607 0.864138236113645
-9999 -9999 -9999 -9999 -9999 -9999 -9999 -9999 -9999 -9999 -9999 -9999 -9999 0.670573084188442 0.714874802152722 0.598334458388718 0.497386086001309 0.501174421784621 0.569975612737604 0.683516789740074 0.690098157838802 0.700104914493867 0.699127392060954 0.696171393557841 0.693957197846056 0.6979163757182 0.7048331256787 0.714010173737811 0.725436420953248 0.730023082630288 0.735702663187436 0.742737193597499 0.754295316289309 0.742789357738735 0.737045072560036 0.717159611008876 0.707407433223181 0.697808369822305 0.686203109964927 0.679139748234426 0.672202034113936 0.657218316330558 0.651327190439155 0.647149427670853 0.628574678336851 0.634100513314865 0.631139502228366 0.640684159172225 0.663914526349143 0.66817773640066 0.691436701080767 0.711151501936694 0.732718121121187 0.760309293147566 0.784424244567419 0.810602506519636 0.837159289058789 0.844244507902585 0.842208393531492
-9999 -9999 -9999 -9999 -9999 -9999 -9999 -9999 -9999 -9999 -9999 -9999 -9999 0.748835824131746 0.739104137905052 0.638198285773924 0.412659240532328 0.467574903177323 0.599451539950421 0.626818979278255 0.615984832261599 0.652815097490466 0.644064397045472 0.666888467913769 0.672485514622183 0.674138291744214 0.681715152348259 0.691875023695125 0.695291892225306 0.695554165758392 0.699166972114883 0.698960021006797 0.711812636697041 0.708728468645307 0.696995883752056 0.685354617976201 0.684070854109593 0.669886552562257 0.657139484089222 0.63613596296014 0.630280157529863 0.629744640489974 0.627050132105143 0.619676171714467 0.619239186755436 0.608632866705412 0.600530731589955 0.605325304380618 0.637712716005858 0.656789800170801 0.671543527245002 0.690604871833793 0.711706902634013 0.731133714852974 0.75177562311046 0.780051751594144 0.799641408182393 0.813801679790584 0.815974530811278
-9999 -9999 -9999 -9999 -9999 -9999 -9999 -9999 -9999 -9999 -9999 -9999 -9999 0.744993424836258 0.729053413075259 0.712596050111542 0.545883771443182 0.474191169899827 0.598390882132161 0.529746972711515 0.540061685146105 0.597387001061251 0.599897119718368 0.637915430571559 0.642205877403442 0.649561265876929 0.661373539475524 0.670534755195396 0.672830585108041 0.673781219233629 0.678607400565586 0.6759535067202 0.685644625199641 0.677427100497034 0.66900096850318 0.677498965216455 0.672744989046807 0.657739447335047 0.643003882811211 0.646534103130464 0.625462587091392 0.605719802249988 0.598123100579155 0.596139779926984 0.591513418508314 0.583968618381045 0.569590290272831 0.580287719215118 0.619572306219088 0.626840599918659 0.649730769819212 0.672963298511704 0.699611328230222 0.714897263534123 0.72256656926942 0.746776612714591 0.761738781468522 0.777305086592684 0.789679530872748
-9999 -9999 -9999 -9999 -9999 -9999 -9999 -9999 -9999 -9999 -9999 -9999 -9999 0.723250814976338 0.719489452252522 0.713641887437336 0.636463428128281 0.513706571136056 0.577015876765048 0.534523674918959 0.511989039074044 0.577147191417972 0.581321239659444 0.599513572455333 0.607150554208598 0.618924273089722 0.640472333438951 0.645940797250544 0.650200724486658 0.64941765397912 0.653832630711345 0.652326680587391 0.656212409313897 0.647826860121499 0.639939583362539 0.658756287437417 0.655156101891954 0.656044584425884 0.645113522788216 0.67009981104161 0.652873128479466 0.628425934940121 0.594801862465136 0.585351362521926 0.581445483163932 0.571460006493241 0.572506929487933 0.57478404285559 0.600598150974973 0.608098390915941 0.628013700473252 0.652248925673388 0.680937337596083 0.701299937884033 0.703787526198048 0.712340862480644 0.727443450275494 0.738237318633747 0.750654759972615
-9999 -9999 -9999 -9999 -9999 -9999 -9999 -9999 -9999 -9999 -9999 -9999 -9999 -9999 0.719471012672616 0.705624459249958 0.691296160209773 0.612505459559795 0.502838944999086 0.491400795487871 0.5041557882323 0.607254689759185 0.613153347298839 0.600950176195998 0.582800082566141 0.58328042606122 0.601216945387761 0.60446081609266 0.615819769776459 0.613099146277094 0.624681317723672 0.628728296678086 0.6278587440676 0.63410315360654 0.628716877364213 0.631286772747069 0.611863320724865 0.619858279327833 0.623663013387503 0.65145254745234 0.648194728492798 0.641884955030605 0.619520251378651 0.598805903453596 0.593856072800698 0.584616564299873 0.558646505032581 0.542832974112484 0.565899134070369 0.574548556048286 0.581354798050711 0.60818757751374 0.642422068990818 0.674926268013842 0.681512981413116 0.692178611367331 0.695140703835645 0.710360531278887 0.726089615964327
-9999 -9999 -9999 -9999 -9999 -9999 -9999 -9999 -9999 -9999 -9999 -9999 -9999 -9999 -9999 0.705480128316576 0.589421372369512 0.575354663671922 0.534371396657327 0.491955204078044 0.526640667671207 0.569225116654932 0.607781830567191 0.588906047096229 0.552843652082124 0.544624435263098 0.554688289933143 0.55074299984612 0.537338378670259 0.541290888217964 0.566431385351073 0.604182368954756 0.612792478637592 0.632074103226875 0.639912465281062 0.627359949649546 0.593845144468572 0.488129864461088 0.546066700378143 0.57725812217543 0.570430961570418 0.594227592479955 0.611788526124556 0.58899376818165 0.586218965153141 0.56090611152065 0.553536150264208 0.543364977317219 0.541582178281854 0.541329568538963 0.557218350979987 0.577995046435588 0.588433741037641 0.600752179426375 0.657201897804549 0.660498497334466 0.667417139836869 0.678659361453764 0.704995635765323
-9999 -9999 -9999 -9999 -9999 -9999 -9999 -9999 -9999 -9999 -9999 -9999 -9999 -9999 -9999 -9999 -9999 0.579290204227248 0.539811889135341 0.484146200483991 0.512151333917262 0.511704162233272 0.555587394604401 0.579242573335885 0.552722269493695 0.535124666789622 0.516603679818426 0.510968773954641 0.510403359662269 0.530869205759879 0.531294344661161 0.570418646568854 0.593355424596952 0.633719941377115 0.609660186190964 0.555251946899481 0.509949021656364 0.529436115478058 0.55481361127568 0.571553253563983 0.564251624406833 0.558829554133152 0.547005236594833 0.547816730222944 0.543229344506707 0.527288688017373 0.517386095360829 0.519494133455928 0.517440943213785 0.528947070749913 0.53387571753473 0.545414543044885 0.558979537504193 0.573248537886414 0.582930662731946 0.627196706999511 0.645534446468939 0.651212845326944 0.661685716206657
-9999 -9999 -9999 -9999 -9999 -9999 -9999 -9999 -9999 -9999 -9999 -9999 -9999 -9999 -9999 -9999 -9999 -9999 0.556565310295751 0.46567607031822 0.459853043882665 0.477448368999474 0.456354908890526 0.50762247546966 0.514163770287537 0.489675104315023 0.482399275525241 0.484050797371943 0.502044027917938 0.514051513754789 0.526143897072435 0.578053351620262 0.628426959039069 0.597882991454505 0.582885090580481 0.571682985211855 0.566843250445621 0.566296797155268 0.56134409028436 0.556281211810834 0.56035533125671 0.54710579957216 0.534211409210431 0.524891255019621 0.514567580558974 0.515840254808024 0.501371472326092 0.496893087938996 0.485416388619468 0.497616806743901 0.509742489409379 0.514257235497629 0.523234255438863 0.547613046087827 0.557432837869775 0.566421311926405 0.598835342237687 0.61499617066338 0.626149593961049
