layers50/veg_krg_50/veg_3000.asc
NCOLS 128 
NROWS 165 
XLLCORNER -2985163.8955 
YLLCORNER -3022031.214 
CELLSIZE 50000 
NODATA_value -9999 
[rows 52 to 77 of 165, columns 59 to 117 of 128]
0.656423667184075 0.612117426413798 0.535437326166521 0.565217348117154 0.583374372661436 0.60610339133398 0.646764157787659 0.669792578288887 0.6644688098288 0.635282637629901 0.589809609134639 0.520100039497798 0.519492713297063 0.512222495499316 0.506027990867815 0.456350343706264 0.482609506381668 0.532227472526286 0.519454713446677 0.480858935216765 0.497787822347624 0.514032388715863 0.545751288572942 0.547037386225888 0.516429142022413 0.526345645154851 0.490068162582179 0.459023688316534 0.404335589886024 0.353762607216679 0.356737107310512 0.342417340579354 0.326201026796402 0.32775466921897 0.325775860577831 0.314557364568123 0.277351990665888 0.292395335474981 0.315869410098008 0.339979619270374 0.341950366833426 0.354337234202852 0.375059962085041 0.419245653685264 0.464944450315812 0.493317561009022 0.516915855549214 0.532162853707762 0.540088247173369 0.552656577428442 0.568863685744497 0.584253714354883 0.613564872053421 0.661408560737372 0.686060304114331 0.720582242373484 -9999 -9999 -9999
0.616902296650794 0.606496954945551 0.564278399921826 0.543167323912815 0.531536757212757 0.512643025328089 0.597986559948751 0.609447641315817 0.588511509418965 0.586006428981484 0.573497787877403 0.520959553654595 0.513330151661707 0.509803824818834 0.489379129921411 0.495829954609197 0.507006976451899 0.526548818313788 0.502853095269279 0.49048109622046 0.507836451507666 0.51836664862168 0.536079724487982 0.510001813774663 0.49303112598764 0.494725524506368 0.472793582987741 0.426126076416047 0.368598023711373 0.331198196528603 0.334119200885859 0.302402194764251 0.278171465272035 0.268713857415154 0.292835013037853 0.259705013444687 0.222708317138257 0.240727619082297 0.272732727471095 0.310149637000915 0.31105995761606 0.339106610936162 0.384372751516103 0.410758518632417 0.461512643107184 0.487498826721349 0.514665183447303 0.525766487196967 0.533388180743392 0.537233758202392 0.527512209507892 0.545200849934502 0.591409672421251 0.62551342307205 0.683563187507927 0.723743357954772 -9999 -9999 -9999
0.574802273512039 0.588917758968087 0.580835179068192 0.569104091489623 0.581283865478645 0.549952167604082 0.57798009411615 0.554024666917901 0.540831908649259 0.548628220531734 0.523247032729666 0.54081763834034 0.536424925857337 0.506037941829818 0.497308634849753 0.531391411440645 0.514082983045554 0.502898956197597 0.485639215797756 0.493967945147508 0.507646229167995 0.518048679544572 0.498394584764524 0.464115076549471 0.444146600507949 0.441890468518218 0.420402516046633 0.388737333517599 0.35462744067131 0.302504229069035 0.298344527528284 0.284734971184266 0.259516469030756 0.252806765595127 0.216329797666809 0.192978791991907 0.191441015450445 0.195747788133282 0.243706454175307 0.270555152578138 0.302352369202736 0.340916257461051 0.38466430201082 0.401207776742792 0.43478193332198 0.467574784120782 0.502938276181339 0.513025154312101 0.535570459923518 0.542522765264363 0.529500089005998 0.526466299608273 0.585033199185538 0.61816519864853 0.679775821072632 0.678393740107914 -9999 -9999 -9999
0.522241389803505 0.551841641637389 0.569231141028525 0.570848293720328 0.585975275123555 0.570423124371514 0.52834911480482 0.536499092808636 0.527809068678875 0.515769701804448 0.511841212559928 0.506932126235836 0.519743359002576 0.501800572965639 0.493265988991105 0.497028757181477 0.482252184380963 0.475878081162834 0.459838810933258 0.471022880137269 0.503915881856199 0.492322322294145 0.492732536322551 0.459946458405373 0.435907479723545 0.42713288099253 0.388959899200123 0.366869331963046 0.338859414402773 0.288882514139604 0.258132152075546 0.251305320704815 0.229641114408981 0.221644935242939 0.204487454841483 0.168399812899645 0.168515978452661 0.183405192638467 0.21522769870781 0.25595870535358 0.293147602333779 0.305010534660275 0.362313519384974 0.386901834722112 0.415089168781577 0.451235852131331 0.493453507748718 0.525121856376413 0.524843129971483 0.553680709465298 0.531605658309336 0.548142902515605 0.601158745343704 0.635957434809444 -9999 -9999 -9999 -9999 -9999
0.498911038793484 0.523004242810149 0.527600268629969 0.52794766709306 0.537639899133444 0.552833122463587 0.512012982037005 0.511966069977472 0.508550111078185 0.512825826389272 0.518168287620522 0.522760875673716 0.511074821920356 0.5114240397022 0.513828311142929 0.503391647029095 0.494431120019752 0.471097813436281 0.465626667499435 0.469898415984482 0.505642468000956 0.516828569939752 0.496695496094173 0.463401331036482 0.435675378917236 0.394409583322355 0.366440393851893 0.342390469430652 0.318315403583484 0.283343206920949 0.231617434364867 0.207892982672106 0.21201285453535 0.206095344620375 0.184128642960657 0.151875950481245 0.145408921583056 0.170152855272496 0.207439595901174 0.234798000796019 0.246197778694944 0.286399460373378 0.328081565142452 0.378604493364625 0.407142968499415 0.440241832167801 0.492206435294395 0.539429799988636 0.5655993868922 0.572530868805023 0.574423582215881 0.591209366429298 0.634482187005579 0.662943777770946 -9999 -9999 -9999 -9999 -9999
0.450221707691832 0.471721867452039 0.468594586034562 0.478178608925298 0.510845999518219 0.511737990004624 0.499607684021919 0.499935597800673 0.497250741069871 0.50826536687485 0.502693817077389 0.515328755655633 0.506408521544451 0.505319345239204 0.497263481128303 0.486597107174246 0.483017373448454 0.464818625390003 0.466460273170801 0.479054764198846 0.500875093977353 0.515166252343717 0.493934962753244 0.459952541168824 0.431414107412085 0.404901295437636 0.34392597253846 0.315118743403202 0.28539674322515 0.244466840840099 0.22013312755963 0.22469265716534 0.206595840618758 0.196508405654654 0.177628719542182 0.167927951097609 0.168756536435858 0.187188293448637 0.205504723510283 0.220393081666869 0.24265229607562 0.273195983119343 0.312253365007074 0.378415928417894 0.408921856601241 0.428545049905564 0.466178932950671 0.518967757279426 0.540050397061324 0.580357331599516 0.59613244885609 0.612624977181221 -9999 -9999 -9999 -9999 -9999 -9999 -9999
0.410788943486742 0.422431969176413 0.437564457975743 0.454735202227865 0.470102010709319 0.483709244622588 0.468314708358905 0.474156239431677 0.466915874984853 0.489687397311565 0.482966368000397 0.484736253604436 0.508461996666019 0.497717576958178 0.483531113817441 0.465637739548104 0.4700789156235 0.467691712999427 0.462620341301729 0.475473093474476 0.493879387283317 0.516245600477821 0.492396232993415 0.445310202048775 0.427087471928429 0.396609437177195 0.351256225269187 0.311996928880454 0.282945001143879 0.248712773244083 0.223663767104213 0.228212423455674 0.212679265336027 0.215586154153606 0.198295186247676 0.190292033382963 0.199714036882861 0.174626991088433 0.209361421800909 0.22889391126736 0.246137650366001 0.274714066188185 0.326034133630682 0.375379199770441 0.41038513843407 0.442846069227672 0.48110746855848 0.51291968553652 0.530140044192695 0.553512703817465 0.576459753819951 -9999 -9999 -9999 -9999 -9999 -9999 -9999 -9999
0.3465545027721 0.391862174872103 0.407121828963157 0.424614636486001 0.436070343385841 0.453987255214911 0.441636700204548 0.451900712657327 0.443619387914371 0.47279037469471 0.463108738663344 0.487853736284052 0.504527171506527 0.489761304924957 0.485480475876517 0.462338890281497 0.461189426989347 0.463930226439312 0.460736357500772 0.495037686866196 0.508282131966167 0.489010316081102 0.475727896684268 0.424515826699451 0.424988491008578 0.400028532992287 0.34242998348788 0.319455188062869 0.298075890641765 0.237871842299848 0.211696182094521 0.213391434342317 0.21605372647865 0.197740913424344 0.186806878853018 0.206405383698136 0.216889671885437 0.160661308425114 0.193931669079689 0.244799901401447 0.245947759475825 0.305781955484371 0.340533342293874 0.361943381178431 0.397757710962401 0.428627928593882 0.462463562212964 0.479248936964495 0.52537640829957 0.544364011825022 -9999 -9999 -9999 -9999 -9999 -9999 -9999 -9999 -9999
0.325115353138732 0.340871503476737 0.368069404570074 0.381491148659803 0.405500951380807 0.418237063700199 0.417031290814556 0.411516650392228 0.423760253635304 0.45434884354062 0.460362372072431 0.469816159260734 0.488211224679532 0.479836325674525 0.487022766101422 0.464562986382218 0.462631431059964 0.471340958983397 0.481295677337241 0.507168481054914 0.51501394589865 0.469888961146242 0.450765719092734 0.427680213601433 0.404095855276689 0.387411540806306 0.388675688229283 0.374430934452276 0.323319134068069 0.2357988743729 0.202009814731649 0.227064005172778 0.217250237077395 0.163482115429324 0.181940575669258 0.233019699192819 0.236377049972557 0.201693470229734 0.188870421020172 0.239476014689757 0.277086141136366 0.347173473569954 0.404594854094465 0.435224737423964 0.436199127628568 0.437014740155489 0.466307384688559 0.494486988166878 0.514304918092754 -9999 -9999 -9999 -9999 -9999 -9999 -9999 -9999 -9999 -9999
0.313515243005711 0.292637406985475 0.316042332739068 0.335734582212731 0.359277678255545 0.38596581206628 0.382602171430172 0.401194447175261 0.436698306146528 0.443687067349751 0.455295706452359 0.459986407021202 0.469814810512046 0.478890946762601 0.482801722588683 0.480583552324556 0.505848920684424 0.483913506502391 0.502644865229306 0.534084270390754 0.534519417231658 0.475066573540555 0.445532410031512 0.41307742423664 0.393358841228891 0.409927169099738 0.410678942439263 0.36283609673075 0.305390054765919 0.217757229467074 0.217331587765933 0.226325780559213 0.203354095985444 0.190922422945471 0.218658635548827 0.247306134274354 0.173362221417336 0.278075520256427 0.173502752063579 0.254774744262887 0.32901194721924 0.398114704105217 0.458507053827403 0.471968415566478 0.484043503411804 0.488100313049954 0.512898257292627 0.539885706956461 -9999 -9999 -9999 -9999 -9999 -9999 -9999 -9999 -9999 -9999 -9999
0.291681330952982 0.26909296123773 0.274285368201582 0.293725138727615 0.324373280324627 0.346048620814102 0.362155717784961 0.402451078647998 0.426052156233466 0.423122941665975 0.438737184616413 0.435574942576791 0.440659976944879 0.450254540906487 0.47080874315104 0.495756853233791 0.507265520703158 0.494213275422541 0.526356406363784 0.528562658620121 0.521980345018794 0.515026564147784 0.439256490180339 0.398362149305071 0.399321617060094 0.41509951984214 0.346848362056762 0.378756597590248 0.344480690313023 0.240118661772386 0.223644197698892 0.22868367748478 0.233396566847957 0.235150280286067 0.272797353896226 0.279596997070033 0.221997816204569 0.282863256630748 0.185634395398486 0.257558693272204 0.358164087539596 0.416631166084132 0.466816748013341 0.503539708462486 0.532916456251456 0.548585517935513 0.557349047324483 -9999 -9999 -9999 -9999 -9999 -9999 -9999 -9999 -9999 -9999 -9999 -9999
0.256721754093085 0.260944420198366 0.242415693913387 0.26550388084868 0.288374678756489 0.339230442305945 0.362175145941356 0.394075263215288 0.404277840131177 0.410295982909095 0.42234391739243 0.426975348710551 0.427571413643742 0.430661227191052 0.445599751777187 0.445383098054673 0.481096353991667 0.492226168043618 0.523352100038801 0.52546255909764 0.530311241846972 0.507254901909536 0.442977259176494 0.403235603634975 0.418150597258647 0.41877277851045 0.281507587744851 0.309925533227823 0.353352039801162 0.251549512836467 0.242578316243268 0.246464994976841 0.250989026691639 0.270815959921545 0.288819025446416 0.304545495001444 0.254584859531709 0.270290127608404 0.224960385573082 0.268191221871078 0.33734790996721 0.383927649291276 0.419045492938325 0.466036225790939 0.552743559011073 0.57796948170972 -9999 -9999 -9999 -9999 -9999 -9999 -9999 -9999 -9999 -9999 -9999 -9999 -9999
0.209255697285402 0.250573223723282 0.242460821660227 0.249982820004676 0.281994245770937 0.351718234061998 0.371197877568945 0.392951178143991 0.402285795251728 0.411707992889662 0.408233171497061 0.417637813224004 0.395188393867436 0.406536480636862 0.42801096591878 0.443386297343205 0.474260878542194 0.519587434889619 0.531762236591954 0.532160794498725 0.527182658134367 0.46599044449679 0.426346298364376 0.404294786808327 0.390135379464321 0.38800568481673 0.315410029487841 0.341817624778359 0.342403647139498 0.269925065257808 0.265869814702917 0.279073861985863 0.287700650562789 0.294001504902662 0.315223504828261 0.327891142267335 0.314910458705689 0.282219114342681 0.359299725779581 0.37261433340851 0.397987694136407 0.407716849804018 0.421873257740323 0.458783349712015 0.508559935644758 -9999 -9999 -9999 -9999 -9999 -9999 -9999 -9999 -9999 -9999 -9999 -9999 -9999 -9999
0.219129380645925 0.242954063861063 0.247819296925062 0.27165845505905 0.305470602587236 0.354404233034065 0.36064981929669 0.356474967334398 0.383937174720942 0.38196689956139 0.361286356715287 0.352511900913872 0.381657470127062 0.408600880767543 0.421977638270837 0.448746677933977 0.457528171386932 0.551668354685581 0.572400106462566 0.572101317671887 0.49580804226867 0.425254285826324 0.444368211519863 0.420498805612342 0.363908261135576 0.312315863993192 0.369200713644933 0.37076507401271 0.311059773979676 0.28905703944127 0.276234662173138 0.2918840777486 0.310637287536955 0.315678952692472 0.329621967484396 0.336218543412698 0.289241738691497 0.362147227172946 0.423124963344627 0.434061193499819 0.454556435331374 0.449379255646078 0.480643317577542 0.496810521655803 0.522220968302471 -9999 -9999 -9999 -9999 -9999 -9999 -9999 -9999 -9999 -9999 -9999 -9999 -9999 -9999
0.207506660266663 0.225435192082311 0.226741846499591 0.26886742965655 0.296767879342413 0.329287759079318 0.343705395608921 0.344160021376418 0.374980143695034 0.359026362034133 0.33995765004324 0.35818977509018 0.365575798195565 0.36948405464472 0.390567569430756 0.433488014503707 0.443465201007314 0.545120818302663 0.552221089535961 0.550069728355826 0.462331861535419 0.422153026222728 0.443778851672107 0.412827963664777 0.387981082016535 0.341116353917674 0.393287091187622 0.370597283613531 0.31841154964079 0.309806962414102 0.309461710264542 0.306931227797362 0.308892676920012 0.353861071763273 0.382178911393247 0.371464894663678 0.348782983645864 0.402167731593367 0.436262543092839 0.456015224660538 0.457932318599875 0.436558192083409 0.518214196587505 0.530758024735523 0.541739282791493 -9999 -9999 -9999 -9999 -9999 -9999 -9999 -9999 -9999 -9999 -9999 -9999 -9999 -9999
0.196791394810413 0.219117484395555 0.225665616693193 0.262534120589697 0.283002444820123 0.286161356990614 0.31660620728455 0.350037561450237 0.365532222446962 0.360098408461333 0.3578047390561 0.37094427399337 0.347035798328916 0.349930508576616 0.392535792954841 0.45301126208012 0.459404199352739 0.525430626982369 0.50821689742046 0.494690587679433 0.466488577515887 0.423324568534391 0.402615940182741 0.382394152087419 0.371795706363051 0.329274427471865 0.355382363135558 0.354165305728843 0.367079798738708 0.358617885880949 0.346164576274533 0.359533890435389 0.358597672935692 0.374486021903348 0.40727758057261 0.38953909917108 0.361080405804634 0.406673896354299 0.463678450644145 0.458046135165484 0.470524468126271 0.508101278544658 0.538283518795335 0.56066075497931 -9999 -9999 -9999 -9999 -9999 -9999 -9999 -9999 -9999 -9999 -9999 -9999 -9999 -9999 -9999
0.191038771251837 0.222454500982663 0.23542320046931 0.250900094258652 0.261727790548778 0.265305454084551 0.299033091847462 0.32536579819899 0.329681473642999 0.328754009931844 0.332375005774926 0.35663271453413 0.349613302245658 0.364150643282546 0.389871030979611 0.444814331103381 0.413650330849769 0.470719152711943 0.473204099690846 0.450209664638048 0.433065110763478 0.412446597953898 0.40268231154546 0.410219149616827 0.402876370946222 0.374272915600624 0.373113289901686 0.373593846780639 0.39591702250894 0.428777889228086 0.420457180251293 0.426670365462981 0.417323623726193 0.420826857012771 0.472697437361643 0.481065202908142 0.470880503235578 0.496919293970261 0.495774687128283 0.502896690690016 0.543544423451251 0.567895006844289 0.582928365169511 0.592738329041304 -9999 -9999 -9999 -9999 -9999 -9999 -9999 -9999 -9999 -9999 -9999 -9999 -9999 -9999 -9999
0.187342865626498 0.206440556605461 0.232814860264452 0.243543792806738 0.249016112981659 0.261347015082058 0.279107964854061 0.29519708512242 0.310595553615113 0.314483780340527 0.320536501679219 0.334669591938214 0.325969369080067 0.334538911345643 0.383632658195478 0.423480257603816 0.429392657403022 0.441031018895015 0.462838262036291 0.460224704645322 0.446294237939191 0.433429045207795 0.423381019878794 0.435285257045091 0.438172874163478 0.424468738057374 0.397899824694874 0.417074089301686 0.411807544984164 0.441366755373286 0.450739821946006 0.440455669381006 0.426040909569725 0.441703017869507 0.490179318576723 0.501731768827298 0.562290096977139 0.610926141997306 0.580593849566743 0.568230757348159 0.577361582179026 0.5820741430558 0.607311029437749 0.611688547436377 -9999 -9999 -9999 -9999 -9999 -9999 -9999 -9999 -9999 -9999 -9999 -9999 -9999 -9999 -9999
0.193045460051407 0.217964459737315 0.213160284627872 0.226288913949897 0.236964861677915 0.246397208704487 0.264672440690947 0.284291842323181 0.307006614036742 0.325767861742736 0.313974147339866 0.319025096722378 0.30903712610568 0.346024606218796 0.380160285536404 0.407265578150441 0.403292411759983 0.405815516505674 0.424331285015541 0.460184251716538 0.465170144695666 0.456247083031089 0.448082256796444 0.456901522426176 0.463364283587196 0.450150599885545 0.440137488994483 0.450365966711741 0.448862583537924 0.434946703677674 0.442132544852522 0.420876839027962 0.392021743968154 0.394893574810275 0.446904639844594 0.524689248667364 0.635679778898677 0.650794780986204 0.705500086188829 0.752010541269873 0.667251793387194 0.643606507380015 0.688393338851732 0.653115964023545 -9999 -9999 -9999 -9999 -9999 -9999 -9999 -9999 -9999 -9999 -9999 -9999 -9999 -9999 -9999
0.196243946563585 0.208557010360025 0.205521146860741 0.213880037092954 0.229460543121344 0.241285354285857 0.264026006669562 0.286883820410252 0.310927925938078 0.327183609267963 0.333853348683852 0.33028250329463 0.333057106937346 0.359343569242029 0.372585924174924 0.379903030763697 0.39553173371346 0.40561607018736 0.44334466183054 0.481707826775416 0.49165849785061 0.486160192416912 0.507030630550594 0.498404801004798 0.502746477083081 0.486702333615434 0.482415567557497 0.480040814808393 0.469399927345437 0.438609809519983 0.413273792267016 0.395341940542694 0.376125581376238 0.365183606108263 0.43311073292309 0.573908395314712 0.693519953226019 0.766420931494598 0.754601235492204 0.768165154864067 0.75017521212621 0.818530534215587 0.747429001418253 0.713374374015559 -9999 -9999 -9999 -9999 -9999 -9999 -9999 -9999 -9999 -9999 -9999 -9999 -9999 -9999 -9999
0.197523790735997 0.227444673462199 0.227560858353693 0.220123631214432 0.225400848773258 0.255519252102082 0.272630379471762 0.295151329213764 0.320319571910164 0.336890388081149 0.346825382755237 0.343858154565474 0.355500094977589 0.371808508646007 0.358119270427969 0.387427965511782 0.420727350017954 0.439253598359328 0.471366216247438 0.500164951558648 0.515636081739475 0.532541785632292 0.536829785200763 0.541684616323915 0.549202195194828 0.537045076476735 0.519010945642897 0.527516687468291 0.490686060308659 0.430481208984797 0.386860639270881 0.335922771172174 0.258913374258663 0.343494786549184 0.470141730139448 0.595928580803003 0.686874423681409 0.717577534592155 0.759548381488065 0.798895511958308 0.794220238044018 0.82133749544124 0.828516850108825 -9999 -9999 -9999 -9999 -9999 -9999 -9999 -9999 -9999 -9999 -9999 -9999 -9999 -9999 -9999 -9999
0.253922555524109 0.254180592618292 0.247250347173127 0.245000839320682 0.252179462458181 0.281429121124728 0.297168029340823 0.318117636979501 0.329783515562869 0.340305850365359 0.348837881286871 0.335010806793204 0.337710377240289 0.349174291173269 0.3415720860403 0.378061735044817 0.405009854579778 0.431563227093983 0.486470930783399 0.523045391906785 0.539568776593719 0.578877326937047 0.570980069849615 0.569805267171294 0.59424650884076 0.598049709046321 0.573419456993376 0.554020620063991 0.505689123523158 0.435298508340632 0.391689589709944 0.325660109471207 0.225744102917406 0.296252414576603 0.448142973111716 0.581080984212522 0.686876968751687 0.720195210564861 0.807069143704123 0.825254074862723 0.821305298069471 0.826751995411142 0.837587782238976 -9999 -9999 -9999 -9999 -9999 -9999 -9999 -9999 -9999 -9999 -9999 -9999 -9999 -9999 -9999 -9999
0.279108056188305 0.265341429149949 0.255494863658556 0.270270305640471 0.275094833838001 0.297843515597301 0.314504622515853 0.329769150168079 0.33405552950251 0.342935735335268 0.325106771044873 0.312079854057818 0.324591915666648 0.330074214149159 0.352985179379286 0.376507073724228 0.389056815513976 0.429354925306979 0.497199319493895 0.560829247279552 0.559432073557465 0.59771263979007 0.597449206626817 0.595114643327266 0.623358272212028 0.631473653275259 0.620928092584631 0.590779093534698 0.530274249847249 0.472031789690366 0.416006378721339 0.355474751241765 0.315506111317721 0.301363922191801 0.454440767406318 0.600381842571039 0.746641002490234 0.757677865338164 0.78374684193609 0.801441767221772 0.815591411533613 0.83197008267657 0.836485007687402 -9999 -9999 -9999 -9999 -9999 -9999 -9999 -9999 -9999 -9999 -9999 -9999 -9999 -9999 -9999 -9999
0.295586326861154 0.285263859121656 0.287501111584349 0.305013730122316 0.316558668968218 0.314090289291093 0.325859516935394 0.340752035082067 0.347038592720177 0.35953376309733 0.330266763451439 0.308506573235296 0.317736482354546 0.322887782707388 0.360101872438414 0.406757123759167 0.422869916759778 0.428346591211949 0.508625902494781 0.559924308435361 0.581328384800612 0.619099863265179 0.620592374700845 0.617324429452317 0.626700696774487 0.656388524522382 0.669197054294779 0.638207102386644 0.564515349603179 0.495851860390729 0.433670390803963 0.364177536389469 0.37151590352448 0.345306060150724 0.504100138881604 0.602784713235951 0.749567925953442 0.78672770817699 0.755685069277116 0.791644227049022 0.811975319129062 0.833931329476709 -9999 -9999 -9999 -9999 -9999 -9999 -9999 -9999 -9999 -9999 -9999 -9999 -9999 -9999 -9999 -9999 -9999
0.319106129638038 0.320745864194952 0.328325276396459 0.326639714886313 0.332272043085986 0.335272531053934 0.337959547330941 0.359958937005036 0.369588009219656 0.371845398525382 0.337046108704093 0.333880196377207 0.310612019306145 0.336245073287836 0.381690206789743 0.423293669854857 0.442354799542449 0.445693690650115 0.520500709709987 0.551813923582671 0.585920925575211 0.662239132720942 0.638112823706821 0.631762891825065 0.634575202304109 0.659895156057904 0.66537234128462 0.644328452738809 0.578175485919636 0.507237500080271 0.440081881806628 0.37751914816507 0.376971225373304 0.406370402572448 0.533710239494398 0.653057690974698 0.754091804626278 0.778612119164321 0.741285796732484 0.763814606228779 0.79851716133592 0.806330385493684 -9999 -9999 -9999 -9999 -9999 -9999 -9999 -9999 -9999 -9999 -9999 -9999 -9999 -9999 -9999 -9999 -9999
0.346988486691191 0.358558644772746 0.347953162268679 0.350064927801812 0.357460887125541 0.36784558813956 0.355636555681354 0.36599466084199 0.379849630873174 0.366714642184996 0.354755739604536 0.319923417017223 0.331321189473587 0.363429182440238 0.411565484880017 0.451194144969358 0.493360330108738 0.509758362685125 0.558919020251961 0.565967464818301 0.592644567223659 0.642732764296331 0.678265245860375 0.665222596809295 0.661007427577591 0.659788618089722 0.632315753919051 0.61275008176173 0.569699730407323 0.510160183377644 0.446151497193566 0.393359664882076 0.34686885122387 0.4066230419848 0.503864272425192 0.654662079059397 0.684566559925525 0.674500306239215 0.730211485658832 0.728255947720631 0.765699869350285 0.786932308349477 -9999 -9999 -9999 -9999 -9999 -9999 -9999 -9999 -9999 -9999 -9999 -9999 -9999 -9999 -9999 -9999 -9999
