layers50/veg_krg_50/veg_5600.asc
NCOLS 128 
NROWS 165 
XLLCORNER -2985163.8955 
YLLCORNER -3022031.214 
CELLSIZE 50000 
NODATA_value -9999 
[rows 52 to 77 of 165, columns 59 to 117 of 128]
0.582625834297592 0.585010041963398 0.599496323744856 0.609788492494666 0.605963830274888 0.568914611589925 0.579391227222736 0.564165327517614 0.546078767894088 0.523063896783351 0.510454020120972 0.461036778923217 0.432641587025266 0.43413783783791 0.434536622413198 0.386600730105103 0.393378131608293 0.412071419033558 0.376341088037013 0.32516176675139 0.340243821618081 0.361740712380904 0.394802188776858 0.387819139274254 0.372732349972328 0.400004165210677 0.38567890504889 0.378143346772856 0.336229111168684 0.297145646561043 0.335577983750688 0.344002097210104 0.344546495168571 0.360333371908943 0.373690073375105 0.375158056388252 0.346277188155843 0.36450519976551 0.392355617044972 0.419799578554647 0.420547629066725 0.425916127185512 0.438883959726038 0.478569813205547 0.513674109029042 0.529065697082574 0.526786464280136 0.52119999167061 0.5111498578321 0.521853477227894 0.540767884706566 0.561025040602312 0.589481062320796 0.642568107847628 0.668338907441897 0.703566581613015 -9999 -9999 -9999
0.554011669139332 0.561152377700501 0.565308634591158 0.560452491231335 0.559297254444636 0.560075303537556 0.557867053203972 0.566515155123222 0.539113510317606 0.521915130615773 0.504717488161433 0.471029491857486 0.445407079968388 0.439160639260796 0.431172859715997 0.43816678041443 0.433355127877553 0.430714387724949 0.381600211012399 0.360293285712056 0.375601692374885 0.394933476640508 0.399890211307602 0.380809923327475 0.37641978096983 0.406602965716027 0.39973218355917 0.377813487201043 0.331986858075054 0.299334876765278 0.338433190604627 0.327266084157264 0.317501760603077 0.317513573228517 0.363219350821021 0.338829764034619 0.301440580583242 0.320668613191415 0.356339302167908 0.40285288973389 0.396870872441274 0.417774351197054 0.45379763697823 0.467128940220234 0.51766472431689 0.530186176831025 0.543877160255661 0.531968175630848 0.530442390418032 0.523403994093026 0.498637253626543 0.507390431726637 0.560835621112913 0.59829193293583 0.665387002482424 0.701030165120981 -9999 -9999 -9999
0.538072898827825 0.545214998849873 0.536300500093153 0.547372333051968 0.54558414249622 0.524410110941902 0.554379155215887 0.551881597650121 0.517416185189928 0.505566615845143 0.488834090356881 0.473291275296345 0.467610737039154 0.450582201997865 0.42868876758047 0.46800605680196 0.440897914411791 0.41037591275735 0.372819098280321 0.368173954865781 0.404589866312524 0.413909361699439 0.402840348676624 0.3820845917275 0.368286839134962 0.397758171894971 0.390658459499377 0.388738206543968 0.352059873998368 0.284333704723758 0.310988579867724 0.319711971570655 0.314994617907524 0.334005751152771 0.298990518210277 0.282632527486331 0.292771752961859 0.280082224632952 0.338167377617944 0.369049198365858 0.402656367656283 0.431361097398606 0.465135742666155 0.466622753685993 0.490530767224852 0.515710615060182 0.541088742791066 0.535827924855007 0.541880138363012 0.5354128891742 0.500958844121291 0.483288358907436 0.555193646807854 0.592320128821591 0.66630457384343 0.662792230195215 -9999 -9999 -9999
0.482114901120843 0.487143403625588 0.495017612431473 0.499861909356039 0.522229224822057 0.521427528024324 0.507222451398435 0.510703056940358 0.49471589564098 0.479350424024984 0.465163477945891 0.45555215961325 0.469243688265966 0.444178193335225 0.434311638409797 0.447266465289793 0.441337087429311 0.41001429277983 0.372370151550864 0.374623114903666 0.417588516456928 0.420564253213092 0.408829433725692 0.38614449852259 0.391189655856611 0.399666414285708 0.396322588370441 0.395109530503824 0.365376521442208 0.298436741238089 0.283801970104946 0.289163080005335 0.287056738928153 0.312765651733026 0.306658751169334 0.278545986075331 0.289638570925886 0.29508088986004 0.326956018532147 0.363483744118307 0.387896195890919 0.387084265969174 0.441856136049645 0.452877229709449 0.470133922705445 0.496500946866174 0.528067857607977 0.548562335980948 0.529407522884051 0.553913388695263 0.509887701045836 0.519855463004814 0.580528457357273 0.617234501966238 -9999 -9999 -9999 -9999 -9999
0.427589853837413 0.441939016440108 0.462148866553659 0.477106111581699 0.495961229728473 0.513566729814432 0.497225556175916 0.469932757179461 0.454167934988224 0.449867573232831 0.440921904189309 0.440796407490503 0.436793363609801 0.431077971216444 0.433848441331072 0.437636742603327 0.436267421264377 0.400691261946008 0.399068822691019 0.406965713143509 0.423261708230075 0.419364891488464 0.412926495295734 0.397687363512721 0.406333983462247 0.383889132201547 0.372263887849842 0.350669528943666 0.331373061172518 0.290407399953905 0.243595578225823 0.245854844934767 0.278440229188702 0.300651080206312 0.292436925794179 0.277771724853866 0.29100534690039 0.304324717382228 0.332568734989948 0.339722469368193 0.326970765976415 0.35986160014434 0.377634025931773 0.435539421501374 0.460519598682656 0.48265052848121 0.52643524788958 0.56150700320229 0.578319755211145 0.579255169606575 0.567219609935754 0.579323631904168 0.620805922461784 0.649471930789773 -9999 -9999 -9999 -9999 -9999
0.369575414710776 0.395867313977997 0.408453154647959 0.435604853921571 0.466323411624862 0.456235328970665 0.460566031020088 0.437890369063067 0.448551356830149 0.449733042054641 0.436890637171411 0.447648119566474 0.445887480918209 0.441132041008761 0.435181761897085 0.428925859005627 0.433848973970295 0.388331938292094 0.38389391512941 0.398018828191502 0.41371202097565 0.409044619920987 0.423397801672599 0.4129907103758 0.420263861675586 0.396025555837836 0.314544303815181 0.299731087211796 0.271395260400982 0.233170534112823 0.228275687729278 0.268517662858181 0.277572646279356 0.299609662798727 0.297614189081254 0.297441330192209 0.314692517090106 0.326470979598709 0.335511810337207 0.338442426612052 0.339126244586588 0.349506323216822 0.37952921857393 0.429513255068125 0.453734906150588 0.463338234751939 0.491900483951547 0.541414921283245 0.550981984197136 0.587148425302807 0.593452347930962 0.611429039106395 -9999 -9999 -9999 -9999 -9999 -9999 -9999
0.33811276127755 0.348565936774503 0.378787603102299 0.396982636574613 0.406107429123461 0.403851014796446 0.412571337562188 0.426639288583378 0.434389478630908 0.448153659940216 0.441138213118737 0.436820466297293 0.450509018762915 0.449062146725231 0.442434557898825 0.432344356009814 0.426661235546049 0.407684046254141 0.393330138905673 0.410310743137337 0.434591720693587 0.449272465059759 0.458751042624961 0.433539100842752 0.436977099122103 0.411059186443011 0.352483270873905 0.33472241716985 0.292119915706166 0.243530297490331 0.233228870815346 0.278365345010767 0.281051222845312 0.316379132206636 0.327810720087689 0.330240878039679 0.343228406145275 0.268617366711209 0.293654112348571 0.309855008144285 0.340588068776761 0.359580275793762 0.418895267374155 0.450564989404531 0.464265721522959 0.462994527917697 0.491667738901086 0.519961502254595 0.533783147717829 0.583570258119969 0.600407167458084 -9999 -9999 -9999 -9999 -9999 -9999 -9999 -9999
0.284447867750185 0.31613168444165 0.33494239890779 0.346422668187346 0.35642894738819 0.372714306826549 0.391176265186591 0.424318760660017 0.43205003349851 0.446112632279661 0.436062270825204 0.448336200686688 0.453673332901324 0.449642524188999 0.451578155359962 0.456317593225363 0.449831883728947 0.441378171334795 0.408916424343598 0.444947465522233 0.478637714712317 0.474977483741906 0.453477373508543 0.429400662107475 0.439003670091283 0.429441079854749 0.358055618316899 0.329156738016184 0.311067874161639 0.248238871046537 0.244693813870629 0.277686660963749 0.307802391026997 0.304496878782137 0.305556732741693 0.337257058290622 0.343996816107146 0.238085215816809 0.247801384207608 0.290706553053666 0.295203328082593 0.370824899503407 0.440583084953026 0.453057189732821 0.465555977114681 0.476229156505326 0.511997073443744 0.540824248214786 0.556271184848197 0.591672741748914 -9999 -9999 -9999 -9999 -9999 -9999 -9999 -9999 -9999
0.258234759931433 0.268604441657954 0.292913666067932 0.313303579146452 0.34292524369219 0.365511497528265 0.404254187960548 0.417545702435335 0.422253655238279 0.443942367177371 0.445089204662552 0.456782288391156 0.465790369880325 0.470561435927427 0.475873669464528 0.46607569025751 0.465268894061622 0.450665860227719 0.458396326221583 0.485496466869496 0.497440587819027 0.479912048119993 0.430457197316836 0.432897302357035 0.417078693784577 0.414363522167891 0.401082750673294 0.366157895011231 0.332964275286734 0.270635099110167 0.266300970866352 0.304287935255418 0.310262701937389 0.272346706311226 0.295140447542831 0.358845998405838 0.351444776989782 0.282382528272788 0.238561948000102 0.276181437611522 0.289927588209486 0.381621673843565 0.469272491258361 0.467654431423129 0.498926940974151 0.524003387894246 0.553365240630223 0.583528818813194 0.598541258087827 -9999 -9999 -9999 -9999 -9999 -9999 -9999 -9999 -9999 -9999
0.245924128945963 0.226725878530531 0.253502688275727 0.276781885418383 0.307787332633387 0.350225423137221 0.379472065835762 0.40014115593469 0.416545438005556 0.424049134168762 0.429890716515945 0.444892817847258 0.462387384212634 0.468570815570522 0.46782650999762 0.463908520373673 0.453807366071565 0.437697702960422 0.475408884889099 0.502480698842962 0.504445294066514 0.462780312902909 0.420809039614012 0.392518421208571 0.379614754756674 0.396876278372287 0.381996708245196 0.344625377744948 0.311920114336605 0.267629493663879 0.283114070243358 0.315606211654468 0.304059152432952 0.303612974866799 0.346696318444743 0.381588572154896 0.314466060614352 0.377765295639133 0.252850467575974 0.307336288143499 0.361497090265816 0.439718093267714 0.511243642338644 0.5305170475634 0.560558153558768 0.556014909410527 0.582937432013251 0.614415312321406 -9999 -9999 -9999 -9999 -9999 -9999 -9999 -9999 -9999 -9999 -9999
0.230439873793221 0.210770237125831 0.220176187040187 0.243597301073754 0.280187005835661 0.313069170943494 0.35152925731832 0.386930617948122 0.400897768926565 0.399563471844841 0.415172371054445 0.432576821456382 0.4419819942644 0.442121170699523 0.45403137668481 0.455134382362868 0.457119836849415 0.444020182216931 0.501043523086881 0.514633341584204 0.50990957477775 0.495114329672524 0.419122491175667 0.361568266899858 0.365553988292297 0.378446956439332 0.313523571088536 0.354069456071475 0.344343520693552 0.288690566331226 0.301538072030683 0.324263685193511 0.347426908609717 0.353110402545398 0.392684945038046 0.409535983804093 0.350917241528022 0.404371098155303 0.292597038335703 0.348101010671792 0.433911717888803 0.484572395719957 0.525426647657622 0.566834286695552 0.593876683954555 0.610799540996462 0.619054585492288 -9999 -9999 -9999 -9999 -9999 -9999 -9999 -9999 -9999 -9999 -9999 -9999
0.208306206435923 0.208879332512381 0.19722446237095 0.219421915998016 0.254205942415956 0.310672837432787 0.350404883699609 0.376287369680362 0.378974197127584 0.385525522289606 0.399919973632961 0.416653078922828 0.4218168519643 0.41692232470897 0.42450015170278 0.431418775561747 0.455942642295277 0.470090434318118 0.515260942779602 0.530437364973579 0.516288427322381 0.462115963456013 0.407071096821538 0.342220093210446 0.365014963506225 0.361654829895602 0.238581611259649 0.296095133089214 0.34995959711896 0.29874977742355 0.31029592437109 0.32613511745187 0.35053512750513 0.379256022600978 0.407039253842201 0.424547033070263 0.36259985918603 0.373962857419259 0.319487738182631 0.354883686482165 0.441204935526956 0.486335343311477 0.515736692154167 0.566552859634282 0.614911143092021 0.631299038116099 -9999 -9999 -9999 -9999 -9999 -9999 -9999 -9999 -9999 -9999 -9999 -9999 -9999
0.174209122877369 0.202233350647973 0.200443555955453 0.208698321005794 0.251161984805279 0.325492880208576 0.360210735661659 0.37568228004146 0.381133188096244 0.388857805276571 0.388030264365627 0.403796893067866 0.390918340193887 0.405467345411396 0.413845123806938 0.422293468951779 0.46954350485691 0.461979129962393 0.486063275109741 0.504748950434094 0.470761150515955 0.392959235728293 0.355239720702304 0.333820077252235 0.315683856227491 0.316946218772684 0.270091011999977 0.320282642367972 0.33772719153793 0.30052892825052 0.309453801908563 0.335427399137727 0.358945943634405 0.388981397568451 0.41250017763193 0.419352822411244 0.396607302003419 0.362644701499353 0.419119796181777 0.431947316842488 0.487299438786545 0.511877421722547 0.541055172128318 0.591792469704868 0.62600756823872 -9999 -9999 -9999 -9999 -9999 -9999 -9999 -9999 -9999 -9999 -9999 -9999 -9999 -9999
0.193886724111306 0.201854835784225 0.210517174259969 0.235852212063376 0.283989539331713 0.32405200693324 0.347621615962813 0.340637967432637 0.371805686204929 0.37447864704862 0.359344864627813 0.343466900767415 0.384980094738282 0.40986029352984 0.407171293839405 0.422775604126856 0.433741184443175 0.474615719735135 0.475315817988005 0.478408884169366 0.377472974077078 0.319623318498677 0.347643824994154 0.320397346978793 0.271513419989207 0.236944371218454 0.315232853018155 0.334023333276792 0.298327846294102 0.296284418636979 0.295109550398534 0.324196475444502 0.352471700909048 0.376137655681591 0.406116514017673 0.41558665865197 0.365758829708198 0.417512966219435 0.456265532814903 0.478584644141044 0.506054121176835 0.541989013593395 0.609633246302896 0.619839954398393 0.642627464980185 -9999 -9999 -9999 -9999 -9999 -9999 -9999 -9999 -9999 -9999 -9999 -9999 -9999 -9999
0.193086258991433 0.193904109389755 0.197401210302013 0.231102524723919 0.266582967414192 0.300012306851568 0.324902344736759 0.331855699179699 0.36512006616484 0.34667679416304 0.321819273004486 0.341275776280249 0.365381608324398 0.375125836344278 0.378327093822202 0.403929161233959 0.402377931331365 0.441206718825115 0.411646575934008 0.4046895127964 0.330247862300697 0.290777024937004 0.334909865874632 0.298622360485967 0.287351619041438 0.276372489808635 0.312315554442605 0.302818484366883 0.278991498421106 0.287832523456803 0.307509181820179 0.324715979491621 0.343544349322454 0.393170393796143 0.434725254613698 0.439701667872216 0.411578883004658 0.433481535838377 0.464724097567887 0.489940256436902 0.4999687063874 0.495247287552707 0.639606616169578 0.61790873254636 0.609991967463625 -9999 -9999 -9999 -9999 -9999 -9999 -9999 -9999 -9999 -9999 -9999 -9999 -9999 -9999
0.182454466393969 0.193468967520309 0.201217266340561 0.234026793207846 0.261788263325115 0.269203073442095 0.294426259264258 0.321164252989257 0.336940337115145 0.329735483441786 0.324689803673834 0.34578167713749 0.343456340864104 0.333453025233576 0.357533941691327 0.397146358630839 0.374430990359398 0.388483570507217 0.351625737966729 0.352017525149864 0.334119788972753 0.29745767861417 0.29904582258438 0.274832598054587 0.275289905068965 0.257535077297902 0.261187079395455 0.271828154032377 0.298854395243108 0.311469611396074 0.322918501539798 0.35389146539527 0.371638082043669 0.400486974022817 0.439978616849267 0.43447338740093 0.397775485775747 0.414432641543755 0.478964512146802 0.493685026349265 0.515636679198314 0.561435792695365 0.601669604630887 0.636811978673495 -9999 -9999 -9999 -9999 -9999 -9999 -9999 -9999 -9999 -9999 -9999 -9999 -9999 -9999 -9999
0.186779296457237 0.200031553322659 0.213711684764524 0.23556347944262 0.258586385400894 0.260349733061333 0.287016383216078 0.307424225148896 0.316961859969765 0.318131182718499 0.312556822234316 0.333857072627404 0.333950368750756 0.318892237534682 0.329114085095821 0.36276561280246 0.33466957004371 0.354936735523413 0.332021219460848 0.323782434018301 0.299545969304462 0.264426670755353 0.268385147210324 0.275756653279568 0.288098154898431 0.266652447593556 0.265108811095872 0.271690966679511 0.298033437079425 0.332633432369446 0.346516129658352 0.368882492802925 0.379165784878166 0.398052220049019 0.45420990621255 0.469702414902231 0.445518725104464 0.450839173189942 0.504216794926902 0.528498224261668 0.580284003192879 0.616106109593832 0.64014876270372 0.659979633563654 -9999 -9999 -9999 -9999 -9999 -9999 -9999 -9999 -9999 -9999 -9999 -9999 -9999 -9999 -9999
0.193273815603503 0.193332850800856 0.222697620464512 0.245905858080012 0.256673099235198 0.265818349087475 0.284074123477105 0.299381955247237 0.31179034637266 0.314455538074805 0.298368432498292 0.307031169335885 0.303367830653515 0.278964080173421 0.302343362380274 0.329404509625185 0.320859099726027 0.306732604480812 0.299624002632053 0.290450171612166 0.274804868356478 0.265615084454785 0.2595713388618 0.275979498988833 0.297803237655149 0.278557981645863 0.273605076903126 0.293008260041005 0.300993428238276 0.32449798076638 0.345457506135455 0.359500851684608 0.368757329935389 0.400713335841132 0.453773356876767 0.467500053986984 0.516705257095287 0.542690467841974 0.541526142642282 0.573855655398052 0.593228714703125 0.613656222640999 0.65638650881492 0.672997605156402 -9999 -9999 -9999 -9999 -9999 -9999 -9999 -9999 -9999 -9999 -9999 -9999 -9999 -9999 -9999
0.198241299861372 0.205085318396103 0.219802750434651 0.236768502457863 0.251828928879691 0.265043418313053 0.277339503244429 0.291079444192987 0.305873042788716 0.301418124850598 0.291897133458894 0.287755335008873 0.27430098515276 0.283946259419338 0.303068250916392 0.310360062497858 0.281452612832809 0.265290783889236 0.257730044471493 0.258530835993013 0.270187524275138 0.264929829128608 0.254923571450129 0.277717888337684 0.299155641789008 0.290783726559849 0.295014493355176 0.305954832800406 0.324089787630786 0.329581102855816 0.341817868482396 0.353539334394304 0.357228698120953 0.379286605274842 0.432496970035672 0.494242830287778 0.583664482896009 0.593201663655531 0.637322562031893 0.677632294998721 0.633990378358732 0.653788518217749 0.713187675600987 0.720732059137867 -9999 -9999 -9999 -9999 -9999 -9999 -9999 -9999 -9999 -9999 -9999 -9999 -9999 -9999 -9999
0.212677314427794 0.207187491409715 0.213709590682846 0.226385877809983 0.243305938296702 0.259673500433372 0.27444188529295 0.281202790236329 0.287401961044906 0.296621689524205 0.298081090342473 0.295594883717074 0.279098466134736 0.287814120968951 0.289453756441814 0.281961333857361 0.262561148345827 0.24776364183127 0.242270674055599 0.253563233474906 0.269606478122236 0.267118940204747 0.281186687369532 0.285889851511583 0.312488667410484 0.31490610631507 0.317968914879667 0.330823766421859 0.332187092633087 0.328096450995104 0.327044649514471 0.341207531844344 0.348665352208414 0.367212789381139 0.422759325863387 0.53104259935179 0.635109035427444 0.696077324246769 0.684626221530059 0.691566884499933 0.672887794160084 0.733663722491412 0.7479902784954 0.756066574660151 -9999 -9999 -9999 -9999 -9999 -9999 -9999 -9999 -9999 -9999 -9999 -9999 -9999 -9999 -9999
0.218142442888646 0.227038325796524 0.233405030531513 0.229223834211153 0.233050487432297 0.260362959457595 0.265208145083349 0.274515006403851 0.285769129782851 0.295651540629014 0.29614657232962 0.293548651060582 0.296409593414466 0.294570871405343 0.273660247849479 0.272733213011563 0.264788543406943 0.249195623702438 0.239065294057823 0.255073055645945 0.269170701605357 0.267357620930036 0.283448795076424 0.294457297412794 0.316905733450231 0.317981031636146 0.332938873815105 0.34702566066385 0.337452095465632 0.32458269266386 0.313580145034551 0.307618058854245 0.274929972045597 0.351733572103115 0.453930699751002 0.561410723977233 0.640107158175281 0.668351589754319 0.704871851684052 0.746524500401571 0.742310939820402 0.760530271151435 0.76753017049688 -9999 -9999 -9999 -9999 -9999 -9999 -9999 -9999 -9999 -9999 -9999 -9999 -9999 -9999 -9999 -9999
0.249173931187503 0.245983367237387 0.250088916489201 0.245402577955762 0.242952387266087 0.266507422011989 0.274555313334113 0.279373024011808 0.285974910194992 0.293932595688378 0.283957539720006 0.272686564760673 0.273826357667866 0.268224654218124 0.253245719415331 0.246363842975208 0.242755964446023 0.240384725899428 0.238424536264163 0.256648990048164 0.271847223265011 0.271382731620888 0.287662128592323 0.295399067574822 0.308198614524213 0.303572200716897 0.35360034452322 0.370915453568685 0.347896870936955 0.324471535344975 0.309094916185924 0.292870650419237 0.242782789449925 0.311458031238403 0.443080140880207 0.558473143881473 0.654190416492309 0.686122606470013 0.760060865459238 0.776965257500583 0.765744673779383 0.771459222310427 0.778521561571713 -9999 -9999 -9999 -9999 -9999 -9999 -9999 -9999 -9999 -9999 -9999 -9999 -9999 -9999 -9999 -9999
0.259529721778685 0.255765245074575 0.254259803680128 0.257132152950855 0.256147609293623 0.275276432261277 0.288241894737651 0.289798895597 0.291777558630127 0.2922921033197 0.256888126796031 0.235579918833132 0.243605641606954 0.23009602472422 0.225184300769325 0.223548718559746 0.223849849935149 0.220703535002382 0.244043214106816 0.289053896266772 0.281481762511965 0.284439009351105 0.284732103914331 0.286165992644747 0.300916395919967 0.296696075886155 0.314358473947543 0.385907987647472 0.369853975158997 0.35125907809459 0.334071805269337 0.320415386106106 0.299568839495212 0.313140324685972 0.452252786785946 0.58589018560833 0.713352415201976 0.720808711590729 0.748992078919897 0.762250869971947 0.770324273377516 0.780770577732493 0.780021156286082 -9999 -9999 -9999 -9999 -9999 -9999 -9999 -9999 -9999 -9999 -9999 -9999 -9999 -9999 -9999 -9999
0.254709973894448 0.255906315004916 0.263085149489195 0.279839154429827 0.288796041918452 0.294323798585124 0.289367874470179 0.297480671361672 0.29665995856475 0.294666465235561 0.258043783634149 0.228887755432585 0.228490862973732 0.222045611128463 0.221379600844687 0.214727353434073 0.214384966825792 0.216327529511062 0.256486263059956 0.293585401224312 0.280090312539929 0.298047380783931 0.28245650463256 0.274440524650223 0.287032690657215 0.296872484145237 0.291019403191667 0.336759868112755 0.32553508498036 0.344086280785725 0.353635018835171 0.327986211630397 0.354228384663377 0.347752099099215 0.495215763693978 0.589589820489911 0.718308755949321 0.752491560724638 0.728785915819925 0.756400971763406 0.769251124231504 0.783457887062725 -9999 -9999 -9999 -9999 -9999 -9999 -9999 -9999 -9999 -9999 -9999 -9999 -9999 -9999 -9999 -9999 -9999
0.262047786516743 0.264314145064618 0.279577098873354 0.299564934761835 0.301457118944809 0.298050472706149 0.291796207149775 0.305601576333599 0.305433329450859 0.300308556481908 0.264816598716213 0.246411703853572 0.212586291548652 0.221434429809128 0.217483792388615 0.212806351815838 0.222309759417571 0.216964959945569 0.257469565207132 0.290012034962333 0.296862568835083 0.335722839264925 0.302693233279781 0.280750304107507 0.281067820401521 0.29818029165798 0.30337898413506 0.325187132724166 0.324129577043796 0.326735309300016 0.327594533255138 0.311712250761844 0.341583064422611 0.400649936741007 0.518022307056432 0.639301636022133 0.729927599023817 0.746501866147114 0.716740895015478 0.732190329233958 0.757091624720545 0.761078696834072 -9999 -9999 -9999 -9999 -9999 -9999 -9999 -9999 -9999 -9999 -9999 -9999 -9999 -9999 -9999 -9999 -9999
0.281732815167894 0.287284537281307 0.299993145259315 0.309622551430241 0.313964951515446 0.317878795181763 0.298209424572815 0.299849045274315 0.310298041003245 0.289622303691714 0.270842735184799 0.217971155120033 0.215211919666441 0.223868345742089 0.23289971376503 0.229359594557437 0.237295862873007 0.246231633609313 0.27556648058483 0.295351975546568 0.300420991921354 0.339627193902903 0.341474146964443 0.315557058465555 0.311852616537513 0.315252367892997 0.305108013470778 0.318206359235932 0.32469935008362 0.325499487744788 0.326048606602646 0.320522423951145 0.31306184582368 0.397816466012685 0.506813710579215 0.650571644302698 0.6774954315135 0.664174222652849 0.703124627295204 0.699248972012101 0.725492499711875 0.740934341085935 -9999 -9999 -9999 -9999 -9999 -9999 -9999 -9999 -9999 -9999 -9999 -9999 -9999 -9999 -9999 -9999 -9999
