layers50/veg_krg_50/veg_5100.asc
NCOLS 128 
NROWS 165 
XLLCORNER -2985163.8955 
YLLCORNER -3022031.214 
CELLSIZE 50000 
NODATA_value -9999 
[rows 52 to 77 of 165, columns 0 to 58 of 128]
-9999 -9999 -9999 -9999 -9999 -9999 -9999 -9999 -9999 -9999 -9999 -9999 -9999 -9999 -9999 -9999 -9999 -9999 -9999 0.485853838097032 0.445568956158281 0.433779290580748 0.4494506159351 0.435138385209929 0.473711656369938 0.472383181850713 0.476997910686934 0.504586150970852 0.551671255239881 0.555517315498125 0.547317770529601 0.546861767717914 0.551158461449228 0.563856097466412 0.628079161153288 0.634057496581466 0.61988733498337 0.617045408520808 0.607859742028845 0.575020098893299 0.559141837885534 0.552628485177682 0.534412010501402 0.522814200453441 0.49603237661924 0.485748287575233 0.478566934979003 0.47566901089756 0.463477989451654 0.481741571485098 0.495671264189208 0.506749700285665 0.523694224829555 0.550029482507313 0.581006821566961 0.578704887887566 0.589515617537738 0.591115486837465 0.618952901783163
-9999 -9999 -9999 -9999 -9999 -9999 -9999 -9999 -9999 -9999 -9999 -9999 -9999 -9999 -9999 -9999 -9999 -9999 -9999 0.461539800679014 0.417182578147334 0.357264157623877 0.382835548124373 0.382544682279129 0.398878581025483 0.427117494921015 0.444860229881712 0.51550479552861 0.5199156128975 0.532755177889695 0.529712133160836 0.533061146470235 0.537388174554853 0.553711507802279 0.637122404594534 0.647162114944544 0.628462337716478 0.614464729127638 0.600294402444023 0.578595841611564 0.549477553833485 0.531243006763301 0.511370245197568 0.511762536284916 0.476291271501048 0.464144027272627 0.457773767318097 0.455064347849743 0.446278656436049 0.455444557518266 0.461838573067051 0.468933207051921 0.480678235384581 0.505639086174152 0.536771378838818 0.561634479560829 0.595134384787589 0.572034678749262 0.559491474541039
-9999 -9999 -9999 -9999 -9999 -9999 -9999 -9999 -9999 -9999 -9999 -9999 -9999 -9999 -9999 -9999 -9999 -9999 -9999 -9999 0.410397263140852 0.333818637654918 0.320958569089034 0.324219276071585 0.337047163463282 0.362677434225859 0.458941920121465 0.503485658084227 0.489689477680923 0.511062640347288 0.506439672811885 0.509789317083018 0.521475866400416 0.537591359367642 0.630236296271625 0.648144738421815 0.628442595785529 0.627114218020327 0.607086984815162 0.584710260216408 0.55187203118104 0.531567083831093 0.505363015623449 0.457448756321864 0.440738224777716 0.447887840902071 0.432722701932953 0.434177664317825 0.427767378268989 0.423459348318528 0.427183045820822 0.428111614229966 0.439785758563649 0.440196967375309 0.48157820306056 0.513484991897525 0.585084002201395 0.548246542454901 0.517672856409481
-9999 -9999 -9999 -9999 -9999 -9999 -9999 -9999 -9999 -9999 -9999 -9999 -9999 -9999 -9999 -9999 -9999 -9999 -9999 -9999 0.359982593052016 0.29206967614402 0.267014005219606 0.269800800521536 0.293872909384162 0.320051345141859 0.427590866895698 0.476563671058594 0.477260321671814 0.47729050101029 0.487922576955357 0.491328654107675 0.506021038834647 0.624197379710862 0.654206878462638 0.654915217772506 0.638302771072141 0.628099332680518 0.618436245852385 0.592295876361943 0.564210682037167 0.542750207912345 0.511252365353901 0.459457395103517 0.435378135061112 0.405563002026292 0.40148312933602 0.400695153598093 0.385438759140941 0.39295211672898 0.386297010519306 0.391495567293775 0.403302062924189 0.413377500345724 0.419346306559448 0.439521456216347 0.467636644901085 0.50265762314252 0.483221678326135
-9999 -9999 -9999 -9999 -9999 -9999 -9999 -9999 -9999 -9999 -9999 -9999 -9999 -9999 -9999 -9999 -9999 -9999 -9999 -9999 -9999 0.281894666972769 0.246019451689668 0.21426299490803 0.234651895485426 0.271034389566216 0.335593471662179 0.444960799207543 0.45576658196993 0.453849024467756 0.470330747871659 0.481786111042443 0.543282629857046 0.641846649923034 0.649922728080184 0.645081653474806 0.638161326287797 0.631058563667351 0.615662087786878 0.594156459459876 0.57509143485343 0.542640484003592 0.503764930358563 0.470825259676889 0.443358842125916 0.409550096799541 0.382193789576389 0.370309878140829 0.345395304136206 0.330385800178839 0.327827501734932 0.335766970989207 0.354129083672629 0.378814138213544 0.395173483892779 0.400136485695299 0.402295653424875 0.415812819750336 0.432192160733925
-9999 -9999 -9999 -9999 -9999 -9999 -9999 -9999 -9999 -9999 -9999 -9999 -9999 -9999 -9999 -9999 -9999 -9999 -9999 -9999 -9999 0.279870864515257 0.244485976784602 0.183730944688127 0.195446034273041 0.24122935870049 0.338302842830566 0.388219536885355 0.440342664166957 0.451905467335876 0.456370647015995 0.520102834002733 0.640714203266152 0.646844701041813 0.629504360523525 0.634778615045334 0.637951492916794 0.634748440248355 0.6274062364271 0.618268086762038 0.602723774309521 0.56156678226055 0.531733154099786 0.490115455578202 0.455620110859037 0.410574429688869 0.373335695992536 0.344364572599143 0.337279994413 0.327273203420302 0.316720054681576 0.305163198100762 0.312955729663369 0.347065283543961 0.341253893046234 0.344640682179333 0.372838212810662 0.388839054263257 0.393504035679506
-9999 -9999 -9999 -9999 -9999 -9999 -9999 -9999 -9999 -9999 -9999 -9999 -9999 -9999 -9999 -9999 -9999 -9999 -9999 -9999 -9999 -9999 0.23461298652308 0.23928227388921 0.164786146237724 0.187960122956397 0.230029874894586 0.27159175455052 0.338135406292448 0.41272214729194 0.500604807300837 0.584901093320624 0.627601235304823 0.63005309229715 0.61998511861939 0.631562551598352 0.639274150543056 0.645972575362104 0.650869263352508 0.643587598658442 0.622155252200717 0.590159999900336 0.555720489035862 0.51411931413568 0.464613505493274 0.409774090106308 0.360011330277916 0.327555664521745 0.322560855564039 0.319113283107171 0.316794292917678 0.314632917087616 0.321472098810989 0.320957242054005 0.307862993285082 0.289035831479384 0.29863636922836 0.33301516587355 0.366898280579122
-9999 -9999 -9999 -9999 -9999 -9999 -9999 -9999 -9999 -9999 -9999 -9999 -9999 -9999 -9999 -9999 -9999 -9999 -9999 -9999 -9999 -9999 0.233155747155278 0.280328733916978 0.194107623720411 0.146558924611356 0.147046701307055 0.204124120720321 0.25724956311815 0.444677955571912 0.494410778111608 0.476652753364509 0.560515556729179 0.452180272860053 0.348455782546969 0.548960370353223 0.62284326096083 0.654151829121686 0.671215744606762 0.663241716714568 0.640195704063205 0.617506701646014 0.587929685183305 0.546324363356302 0.483729621488117 0.413243224089318 0.347531836652637 0.309891456454479 0.30041801688475 0.311068162834045 0.325162537315306 0.33095917303909 0.330907956435568 0.322940035175406 0.307035307843731 0.292047705084718 0.276420315036049 0.291127775555068 0.307774441452516
-9999 -9999 -9999 -9999 -9999 -9999 -9999 -9999 -9999 -9999 -9999 -9999 -9999 -9999 -9999 -9999 -9999 -9999 -9999 -9999 -9999 -9999 -9999 -9999 0.272375857323019 0.165126537348124 0.12627923725431 0.161613469730308 0.270858580834527 0.410322711297644 0.517760045015299 0.419376724040075 0.506832517117739 0.371088154930278 0.297448069909706 0.493576626320384 0.598851414608751 0.674603690963612 0.689790553469677 0.688574288507311 0.685940813092172 0.667414674428667 0.638813331526889 0.590915630760779 0.519080565280034 0.433790587432813 0.347959311689227 0.291054681146497 0.294670404521335 0.310849324357926 0.323160269018195 0.335391172869448 0.330841271832202 0.319267654853696 0.299321233890241 0.288637987274291 0.277087486805046 0.260617820105231 0.277661596581044
-9999 -9999 -9999 -9999 -9999 -9999 -9999 -9999 -9999 -9999 -9999 -9999 -9999 -9999 -9999 -9999 -9999 -9999 -9999 -9999 -9999 -9999 -9999 -9999 -9999 0.226579656445438 0.111133919983009 0.107227254545627 0.14948453056709 0.241273425201294 0.34456929298755 0.35170056227671 0.320177143564621 0.270103127531706 0.233297798648651 0.393126125814377 0.46189714387196 0.581635997574329 0.642909017378795 0.682956025286157 0.713583274371024 0.711122215133482 0.697417487259504 0.651474767813223 0.572628216480002 0.482462571627712 0.393040327087838 0.333810706655939 0.322400593784446 0.321490305815439 0.326489582092196 0.330798185514807 0.326103971976903 0.306821444227873 0.286558700540434 0.271720247477975 0.264529590048048 0.253559695764565 0.266762427208997
-9999 -9999 -9999 -9999 -9999 -9999 -9999 -9999 -9999 -9999 -9999 -9999 -9999 -9999 -9999 -9999 -9999 -9999 -9999 -9999 -9999 -9999 -9999 -9999 -9999 0.327641036951098 0.207280426019408 0.0756535160511827 0.0733849247325365 0.137686423859289 0.159759101314427 0.200501990269126 0.21558562870852 0.158258904621047 0.142044561773434 0.151483634737795 0.200594664252375 0.339057394604548 0.464540223539193 0.638877876533418 0.710070834729646 0.74070414657705 0.745653649105894 0.713758229520799 0.634063127205412 0.540167551509593 0.454659991056707 0.392349270654182 0.362371042917006 0.344652649374267 0.330179029757245 0.321908211128631 0.311119005783543 0.291153947138158 0.264009211636606 0.243223701799379 0.245661616444312 0.228606134949497 0.236020772670898
-9999 -9999 -9999 -9999 -9999 -9999 -9999 -9999 -9999 -9999 -9999 -9999 -9999 -9999 -9999 -9999 -9999 -9999 -9999 -9999 -9999 -9999 -9999 -9999 -9999 -9999 0.379728033742138 0.137561593848963 0.0766828768244771 0.0785291776124807 0.127059971036949 0.132714076270156 0.208728897136546 0.0997551500824685 0.115633080863985 0.121211288959112 0.0968637481280279 0.175345004357588 0.182263201107999 0.399749012828722 0.560506881453931 0.666477722127367 0.739231599308937 0.738096305827549 0.682938151521618 0.590695921521943 0.507037375049869 0.442596475990142 0.396443060638251 0.363245266208871 0.336510041565498 0.31457296496189 0.293073591813824 0.271475209984353 0.245892112606051 0.229479702278456 0.217490161326691 0.203396650196754 0.196153025691611
-9999 -9999 -9999 -9999 -9999 -9999 -9999 -9999 -9999 -9999 -9999 -9999 -9999 -9999 -9999 -9999 -9999 -9999 -9999 -9999 -9999 -9999 -9999 -9999 -9999 -9999 0.456675081537025 0.289882795259923 0.230143346612512 0.0811608185085043 0.0873998835128985 0.0620361243766852 0.0755342895938753 0.0422585462998339 0.073967943739346 0.0536082791157707 0.0729959411008995 0.127735065145636 0.110240114640116 0.120602443396063 0.200349537953689 0.452341301878976 0.6330225494972 0.698683895498283 0.679308325270283 0.621885615991305 0.544115595129633 0.477673393880347 0.422513648610937 0.380989860940659 0.341474616639101 0.30554963758265 0.276757788369635 0.252733401273072 0.233411338216615 0.216720266352942 0.198726454945555 0.193092844224814 0.185751678760046
-9999 -9999 -9999 -9999 -9999 -9999 -9999 -9999 -9999 -9999 -9999 -9999 -9999 -9999 -9999 -9999 -9999 -9999 -9999 -9999 -9999 -9999 -9999 -9999 -9999 -9999 0.457504886704083 0.45336020016358 0.385449186242633 0.14724528251032 0.0769721526461015 0.0508595707986458 0.0034301078439912 0.000196709223573972 0.0108031089447192 0.0613487576873986 0.0891484422178318 0.110001861335476 0.128045382718853 0.113049052524032 0.0405772132482293 0.272868897932805 0.607527237802063 0.649760092484456 0.605745282592574 0.572968489135062 0.506662888610945 0.475695373389298 0.431971188549958 0.38900319919958 0.344412300450237 0.297513824239541 0.264301696717473 0.23965168764927 0.219953713851664 0.204376203831001 0.190742649262285 0.186056083707345 0.202495549947159
-9999 -9999 -9999 -9999 -9999 -9999 -9999 -9999 -9999 -9999 -9999 -9999 -9999 -9999 -9999 -9999 -9999 -9999 -9999 -9999 -9999 -9999 -9999 -9999 -9999 -9999 -9999 0.467550317344772 0.439521642357454 0.316069549881684 0.167828382347993 0.0799499203349277 0.0455371410952356 0.068801670474202 0.00637392494028968 0.0260797499799267 0.0411362048954721 0.0674813643413254 0.115392533551842 0.119277598535829 0.0622300748724001 0.226313284482687 0.491705358908175 0.548991789710967 0.5459815429977 0.448927196396943 0.451997689957559 0.476816124129807 0.450282430640457 0.403568212049167 0.350946514517127 0.295954441332172 0.251222327942053 0.229825646691619 0.212736837300206 0.201063901067493 0.188035957436414 0.183820899051 0.199166860470452
-9999 -9999 -9999 -9999 -9999 -9999 -9999 -9999 -9999 -9999 -9999 -9999 -9999 -9999 -9999 -9999 -9999 -9999 -9999 -9999 -9999 -9999 -9999 -9999 -9999 -9999 -9999 -9999 0.429422541170819 0.393553082141519 0.318522711144189 0.226675121008837 0.306308446850241 0.104955965856977 0.0908717336643916 0.0842187091738692 0.0354821568202812 0.0306301901550223 0.0548664124351468 0.111651286742815 0.111442939231094 0.136479207752527 0.194725028299152 0.278407854738362 0.488123175885163 0.463661745692048 0.467314532172296 0.492330293479238 0.469693191859858 0.415107252084604 0.362039614812348 0.309505880925688 0.256273255757747 0.225459687844082 0.198970046339782 0.192932667990215 0.183160479970271 0.17512636778958 0.201981287554534
-9999 -9999 -9999 -9999 -9999 -9999 -9999 -9999 -9999 -9999 -9999 -9999 -9999 -9999 -9999 -9999 -9999 -9999 -9999 -9999 -9999 -9999 -9999 -9999 -9999 -9999 -9999 -9999 -9999 -9999 0.402711282286638 0.394464490008547 0.399885762203915 0.320302590515442 0.28991111340349 0.151778070490338 0.04777562943425 0.0836932564015325 0.0223482697888399 0.0691927352328315 0.0854364202204704 0.105073298854259 0.0729534404771735 0.070568565782985 0.363643026359827 0.363251702175871 0.365038371351234 0.460508926028255 0.482070026985355 0.430155924631176 0.376957198410766 0.32937445778907 0.278478927304334 0.245212516766932 0.210928128436171 0.192339579516383 0.185873356437402 0.167793791941637 0.206434544029474
-9999 -9999 -9999 -9999 -9999 -9999 -9999 -9999 -9999 -9999 -9999 -9999 -9999 -9999 -9999 -9999 -9999 -9999 -9999 -9999 -9999 -9999 -9999 -9999 -9999 -9999 -9999 -9999 -9999 -9999 -9999 -9999 0.377175407429622 0.545003168872694 0.439424865694454 0.326017213795658 0.171006591120482 0.202593013874513 0.00085576615418561 0.0183868558385621 0.0589160232575703 0.0974263269031274 0.0937334258435849 0.0849133591740483 0.255962876929877 0.245659575499206 0.11706257769554 0.264303798403321 0.459048928844234 0.430721619137832 0.380786298855346 0.333156483297673 0.292821162154222 0.264913155452321 0.242250964517851 0.224074333287881 0.208729979058646 0.198194023728986 0.218100620871482
-9999 -9999 -9999 -9999 -9999 -9999 -9999 -9999 -9999 -9999 -9999 -9999 -9999 -9999 -9999 -9999 -9999 -9999 -9999 -9999 -9999 -9999 -9999 -9999 -9999 -9999 -9999 -9999 -9999 -9999 -9999 -9999 -9999 0.609207500859107 0.473852548173777 0.504935346948083 0.422731535119518 0.204650516334799 0.0513686411711821 0.0184563218975269 0.0134199004637807 0.0843441680525362 0.06570118203937 0.0973952512947531 0.0896228059607572 0.0837303055891747 0.155489429022271 0.12749634303262 0.0551638324763744 0.24506037282448 0.326034004772801 0.323941464743587 0.291622123602804 0.272663336340479 0.260467672311844 0.243767666497352 0.231995124361187 0.224364707371433 0.230287250466795
-9999 -9999 -9999 -9999 -9999 -9999 -9999 -9999 -9999 -9999 -9999 -9999 -9999 -9999 -9999 -9999 -9999 -9999 -9999 -9999 -9999 -9999 -9999 -9999 -9999 -9999 -9999 -9999 -9999 -9999 -9999 -9999 -9999 -9999 -9999 -9999 0.426236157737573 0.41450448765945 0.308188142568398 0.0899697901379811 0.0547624863185731 0.076860298400349 0.0919644709524791 0.107540708140364 0.114068614112929 0.0710431498001577 0.118285942412535 0.146716559338263 0.0771390617311926 0.0789570788628926 0.194453158199161 0.237896561989516 0.269641367467742 0.280198352933403 0.267092867538163 0.256169420410876 0.244677705110631 0.257427335394637 0.244418918412756
-9999 -9999 -9999 -9999 -9999 -9999 -9999 -9999 -9999 -9999 -9999 -9999 -9999 -9999 -9999 -9999 -9999 -9999 -9999 -9999 -9999 -9999 -9999 -9999 -9999 -9999 -9999 -9999 -9999 -9999 -9999 -9999 -9999 -9999 -9999 -9999 -9999 0.594247785774456 0.575937184290683 0.371834858784278 0.0601284793421424 0.039285552693788 0.0717378836497598 0.0886650069572325 0.1060031529068 0.0638946421383907 0.0302352365105884 0.0886694867605188 0.177770057700236 0.200761199250242 0.199632389201166 0.157967814682523 0.218805740706681 0.287972335527118 0.275044859486865 0.26518703528889 0.257140973776331 0.258842499249012 0.247791482236992
-9999 -9999 -9999 -9999 -9999 -9999 -9999 -9999 -9999 -9999 -9999 -9999 -9999 -9999 -9999 -9999 -9999 -9999 -9999 -9999 -9999 -9999 -9999 -9999 -9999 -9999 -9999 -9999 -9999 -9999 -9999 -9999 -9999 -9999 -9999 -9999 -9999 -9999 0.615378536856292 0.453527857701639 0.122887362021335 0.0429406870580991 0.0877104588984573 0.102122578391371 0.0982922153266917 0.0658434077906541 0.0291938175056312 0.0616924987982054 0.158965448245796 0.195518480353417 0.171806490518604 0.141842744070725 0.223074032924167 0.293336145173379 0.283219411819621 0.275400329624618 0.269330010388555 0.261382328477015 0.262668155303374
-9999 -9999 -9999 -9999 -9999 -9999 -9999 -9999 -9999 -9999 -9999 -9999 -9999 -9999 -9999 -9999 -9999 -9999 -9999 -9999 -9999 -9999 -9999 -9999 -9999 -9999 -9999 -9999 -9999 -9999 -9999 -9999 -9999 -9999 -9999 -9999 -9999 -9999 0.501841202198628 0.431386107895759 0.185189431330159 0.045990100434172 0.0703583025855889 0.100533300533283 0.0927618194251278 0.0572488121928593 0.0132388696831493 0.0104206971302101 0.110693505166056 0.131002972095007 0.110192155314155 0.188633168304888 0.251382023318852 0.288165162403358 0.28763926989125 0.28640822484219 0.284524946347092 0.280867588529654 0.272138487161968
-9999 -9999 -9999 -9999 -9999 -9999 -9999 -9999 -9999 -9999 -9999 -9999 -9999 -9999 -9999 -9999 -9999 -9999 -9999 -9999 -9999 -9999 -9999 -9999 -9999 -9999 -9999 -9999 -9999 -9999 -9999 -9999 -9999 -9999 -9999 -9999 -9999 -9999 0.472504867234978 0.445042172950086 0.2972293625308 0.0903709568883581 0.07104748109386 0.0966473335390125 0.074594699934664 0.0369165595830117 0.000999004173250791 0.00606722749634506 0.0460814884785729 0.0808393356774115 0.0967673597919032 0.187997749444355 0.238364169403293 0.292887686286965 0.29027055741387 0.296811001411812 0.289697814423421 0.288286316295727 0.280020290924051
-9999 -9999 -9999 -9999 -9999 -9999 -9999 -9999 -9999 -9999 -9999 -9999 -9999 -9999 -9999 -9999 -9999 -9999 -9999 -9999 -9999 -9999 -9999 -9999 -9999 -9999 -9999 -9999 -9999 -9999 -9999 -9999 -9999 -9999 -9999 -9999 -9999 -9999 -9999 0.399837620794288 0.356066101610024 0.113713233874611 0.0529945954232977 0.0876202619576833 0.0416352271959059 0.0375022467048923 0.00292657310478881 0 0.058985928646859 0.0656722004141341 0.161988470918737 0.20445508817575 0.231683885868618 0.305976200822354 0.299839860973578 0.308835070300506 0.297017702067613 0.294575033233032 0.286166302650202
-9999 -9999 -9999 -9999 -9999 -9999 -9999 -9999 -9999 -9999 -9999 -9999 -9999 -9999 -9999 -9999 -9999 -9999 -9999 -9999 -9999 -9999 -9999 -9999 -9999 -9999 -9999 -9999 -9999 -9999 -9999 -9999 -9999 -9999 -9999 -9999 -9999 -9999 -9999 0.440493106578025 0.408086497125187 0.164564956639227 0.0398733840574804 0.0861890986995994 0.0766610544857061 0.0499559707317532 0.00874333802874727 0.000505207837250714 0.0492542685923901 0.0225605263780018 0.123416679130339 0.243686178741228 0.251883926876363 0.304108107187924 0.327471836171994 0.302898133526744 0.296686898050564 0.284484016554143 0.28620286487955
