layers50/veg_krg_50/veg_800.asc
NCOLS 128 
NROWS 165 
XLLCORNER -2985163.8955 
YLLCORNER -3022031.214 
CELLSIZE 50000 
NODATA_value -9999 
[rows 26 to 51 of 165, columns 0 to 58 of 128]
-9999 -9999 -9999 -9999 -9999 -9999 -9999 -9999 -9999 -9999 -9999 -9999 -9999 -9999 -9999 -9999 -9999 -9999 -9999 0.434519977812083 0.242997102774737 0.143648750082579 0.0520287189968143 0.147157336020247 0.218708463903757 0.244222809076114 0.28424384920554 0.387465356829748 0.420061169660619 0.440200696533285 0.455298065325717 0.470431825867994 0.504638574953291 0.553075948189206 0.622285542817273 0.685970735206778 0.737294304889407 0.772703266569633 0.812270860872613 0.825764175961379 0.811050918702649 0.80884884457784 0.814261533350455 0.802550148694237 0.779758081785188 0.761549004518077 0.74504969270104 0.72128896105949 0.677400051023416 0.638802151263321 0.604655208530339 0.588988154296743 0.579667676385558 0.567508260337701 0.557391799253107 0.547130883244715 0.523085239944561 0.507186544654136 0.510322619749937
-9999 -9999 -9999 -9999 -9999 -9999 -9999 -9999 -9999 -9999 -9999 -9999 -9999 -9999 -9999 -9999 -9999 0.713532814741729 0.536609324113824 0.458755347768972 0.207305727601558 0.0633559460982331 0.0196691167657038 0.126599744524713 0.152892128392138 0.251945305310262 0.339383466628099 0.39082206874822 0.412267282856664 0.511167409210926 0.53920926244939 0.565355524493602 0.590164560189814 0.62862549855818 0.673744226475833 0.725372832052995 0.76370435684049 0.795825732348181 0.833328489915636 0.847346738583053 0.836046437958652 0.833302393793712 0.842220234463489 0.830275707677855 0.818552128409879 0.796328611292266 0.772990779114484 0.740088628755199 0.702227378866678 0.675350478315974 0.65078872603001 0.63532098374839 0.626473956358673 0.616678949960834 0.606551604940843 0.577830647375122 0.548332218303256 0.547126261437252 0.550203627546995
-9999 -9999 -9999 -9999 -9999 -9999 -9999 -9999 -9999 -9999 -9999 -9999 -9999 -9999 -9999 -9999 -9999 0.711537379181644 0.653930946597533 0.398307646104903 0.145949693493235 0.0150939308452395 0.0488332497710037 0.116258564003795 0.179009921351114 0.299303326882417 0.345434211481926 0.385023688470319 0.520218566563168 0.559530627206074 0.597938063193396 0.628234824820321 0.651695070871853 0.67542457062668 0.718772002271532 0.763404903480214 0.794904013755421 0.821417490008752 0.856610859353352 0.877576459149859 0.878254528546275 0.867669504470213 0.870011228479464 0.868034674623023 0.849950360572205 0.825029998606411 0.804064756115943 0.767342768706791 0.730090657728884 0.705294102195995 0.691185114198938 0.678173506261853 0.674864984602933 0.663711113396539 0.647481304467005 0.580309441569904 0.584576499083914 0.586423998080153 0.591229404610724
-9999 -9999 -9999 -9999 -9999 -9999 -9999 -9999 -9999 -9999 -9999 -9999 -9999 -9999 -9999 -9999 0.732802618217479 0.716425954763981 0.578240440322313 0.280365749404458 0.156937816879447 0.0913275059306793 0.0987311300178683 0.107935909840864 0.168319435610786 0.297002780945575 0.347241217764117 0.494488404914626 0.56186276181022 0.593106943306702 0.642121590565095 0.678760602427027 0.704600626076969 0.729813318958704 0.766185805245551 0.799900082034124 0.831822371348622 0.860906777487149 0.879108329598643 0.89662891447397 0.903403920341363 0.902418160138013 0.895860058351213 0.89453586016033 0.877798351989457 0.848274443736791 0.816902124960925 0.79027840547018 0.760486902444288 0.743842130256625 0.724419549578402 0.708292954530793 0.707806737427499 0.698607557914562 0.687077475205791 0.655848373086019 0.625124354432321 0.626142257003046 0.629463172666162
-9999 -9999 -9999 -9999 -9999 -9999 -9999 -9999 -9999 -9999 -9999 -9999 -9999 -9999 -9999 -9999 -9999 0.660251126419724 0.491517579897822 0.269307065724025 0.126107729408672 0.146446961520202 0.137196471205637 0.109455133817072 0.119012428803062 0.250090194655624 0.40193537973059 0.538039201754602 0.58083743049954 0.619438885829923 0.677099067080816 0.721948439901402 0.753521850476314 0.79357011555751 0.81398383527126 0.836377325016331 0.865850379291638 0.886551363420494 0.901955830948124 0.91654918834334 0.923843836299936 0.925714787139102 0.914863611050521 0.91438711437786 0.902826998089606 0.869353488002694 0.834491554265975 0.810822686116093 0.785747278380719 0.761425870945172 0.740866764107074 0.723477948752399 0.712939151947842 0.703189792844707 0.698112188663799 0.683453854794322 0.664143801465019 0.658382391601518 0.663370763092667
-9999 -9999 -9999 -9999 -9999 -9999 -9999 -9999 -9999 -9999 -9999 -9999 -9999 -9999 -9999 0.66019161374634 0.635219045226124 0.553770022356878 0.352596681458841 0.174163575389407 0.156092763083709 0.246540008681606 0.229973585240202 0.160258779760658 0.11187349410733 0.279910188075333 0.505447520676179 0.574331622827123 0.628094864584868 0.66479050848581 0.719617546053152 0.767896076700613 0.804436625160528 0.838869594772991 0.857945616186903 0.873146289367451 0.894265146271202 0.910357142296697 0.922321577359771 0.931523986403984 0.938308999362863 0.938664651222238 0.929342531687023 0.924866863822817 0.913300576541838 0.882774239929075 0.846568753750678 0.823748864382105 0.800321207498988 0.77559218626158 0.756291622456989 0.743313800294374 0.735755235732562 0.73401161463292 0.730919682844561 0.726198747365401 0.710587544205788 0.688499011675217 0.68669493087774
-9999 -9999 -9999 -9999 -9999 -9999 -9999 -9999 -9999 -9999 -9999 -9999 -9999 -9999 0.625148365306301 0.625662214244616 0.562908827660398 0.415759204682029 0.241390705148582 0.213042817367364 0.263528744533423 0.282994900141105 0.262949062188007 0.235930604142719 0.150482208436797 0.336181389363842 0.536343542636375 0.598876550667765 0.672583483543136 0.719587587750335 0.768163925051479 0.815773348625848 0.853431922286545 0.885578256308338 0.90145990608991 0.912225605536905 0.920167933072234 0.927126627183927 0.937867119430889 0.940611086909071 0.941879023148363 0.93978917305168 0.93369442475906 0.922631350819158 0.908450092410994 0.884098036664837 0.853673637413845 0.830495096147927 0.810434589731512 0.789855337623073 0.774301032042607 0.766754821119817 0.762983522103383 0.760876321664104 0.758812454674854 0.758066587417967 0.758209542106621 0.749486710231598 0.734532272687429
-9999 -9999 -9999 -9999 -9999 -9999 -9999 -9999 -9999 -9999 -9999 -9999 -9999 0.621085153762199 0.586654410271833 0.5506288124463 0.418076755620215 0.253850462364066 0.163716400010331 0.285992804546503 0.331756626017253 0.309302937372551 0.284889044425726 0.271597903634911 0.357929880723971 0.490806782854887 0.550040705907454 0.64206554932835 0.700163168229952 0.753664702607817 0.80995370386112 0.860211114211173 0.898995912512773 0.923092154376532 0.936737481780012 0.936483246672729 0.940969512419491 0.943566779027115 0.941815627796448 0.943032319152894 0.940654193139843 0.929885172901343 0.917832620769813 0.905565114752119 0.894485875351627 0.877395299066927 0.856028029672541 0.834479232665863 0.814431175905011 0.797134323848676 0.786782447550882 0.782314373433764 0.780141954927594 0.781724834613376 0.78337214384244 0.786892031934852 0.790305841405619 0.790185421212618 0.783174366691402
-9999 -9999 -9999 -9999 -9999 -9999 -9999 -9999 -9999 -9999 -9999 -9999 -9999 0.685202978983266 0.670325979138958 0.632267636749249 0.431663007099143 0.230666967472733 0.145378858178445 0.301695853202457 0.441005596867212 0.46494901213798 0.398095602221236 0.398392798011925 0.494962124340639 0.593326693563967 0.579994902490554 0.656843918953746 0.721337147813426 0.768893298643395 0.821765304486323 0.878508287880426 0.93446122015415 0.940323894223907 0.94726548944779 0.950610713257813 0.952651843189841 0.949285750744351 0.946856324894394 0.940629490506183 0.931548486386383 0.915196841240627 0.90500812440204 0.89541642753401 0.87866790928907 0.86533877366004 0.851119623474475 0.830925644113982 0.813230213975478 0.801948122336702 0.794712894778063 0.789734939744045 0.792273020709009 0.798878736216028 0.805786265147375 0.813411881481541 0.817226207477805 0.836108425420566 0.834499619489619
-9999 -9999 -9999 -9999 -9999 -9999 -9999 -9999 -9999 -9999 -9999 -9999 -9999 0.711163202259295 0.69991591746411 0.635240268608807 0.35257850850328 0.220966626422458 0.222958868355203 0.412287495075185 0.488427159533363 0.506837064299526 0.49554054880859 0.508712817573204 0.613477122570733 0.643763738361206 0.677189903496422 0.716466542293107 0.765969104879818 0.797281904870195 0.834178984476869 0.87416580078019 0.922691988504087 0.939131732184303 0.942875775894175 0.946994100646863 0.948041654054533 0.946462884898208 0.94346789210758 0.935945183650201 0.919793823204572 0.902741182013517 0.892092212802778 0.875696561427965 0.86045079728802 0.849202369306012 0.841139496748417 0.825429641412815 0.806835957475421 0.798015270760706 0.795171502845826 0.794591107435 0.800617414466869 0.811721810670016 0.823647586481846 0.83429004509933 0.856924718118836 0.869471273866421 0.864235022425069
-9999 -9999 -9999 -9999 -9999 -9999 -9999 -9999 -9999 -9999 -9999 -9999 -9999 0.730997351536786 0.722933430641909 0.663562041873727 0.332633608866167 0.267531903569019 0.349421775460572 0.51855878237032 0.521002209103929 0.517433143554396 0.516880869143815 0.541328591855856 0.645257300060207 0.673438838280537 0.715251606324502 0.745451042022634 0.769526474093522 0.811632895460162 0.845430006387203 0.884314912376249 0.915599590282484 0.926887657405093 0.935233896126617 0.941168259355672 0.938739501230109 0.934640440403596 0.930263664648464 0.916120699357435 0.895909398018808 0.88060966946727 0.869431065579909 0.854539430571374 0.836878588064646 0.825518457167647 0.813791072426293 0.808108449487048 0.797273879419823 0.787982495098067 0.788691199532309 0.793397125743567 0.803890672533269 0.81786932945615 0.834539586845723 0.857788820932446 0.879562474891616 0.89193217188798 0.883065928549829
-9999 -9999 -9999 -9999 -9999 -9999 -9999 -9999 -9999 -9999 -9999 -9999 -9999 0.74864719987929 0.731080617207394 0.694569564626009 0.354321957564172 0.327823348113735 0.382735519046749 0.507818527273655 0.527238252125955 0.520595891642993 0.516435768194071 0.53488599515094 0.647446389039794 0.659126627046842 0.705124200087883 0.744296692171731 0.773813659644029 0.806513230583092 0.837888714350801 0.871528886277929 0.909788415970233 0.921358855448472 0.926759090183537 0.928812781775994 0.922357412556603 0.916280407000095 0.910192487744204 0.888698819301612 0.88013075843229 0.860061314982781 0.843488691397287 0.830695628141217 0.81990686269164 0.802302040524433 0.79084299256438 0.783525928056399 0.770373657856702 0.76655129197727 0.769943434912002 0.779593557476177 0.798716963710477 0.819342410874589 0.849816113160532 0.877512500997811 0.898626238397627 0.914753908117486 0.914889438496004
-9999 -9999 -9999 -9999 -9999 -9999 -9999 -9999 -9999 -9999 -9999 -9999 -9999 0.753682987910613 0.756344877065306 0.6764030423856 0.528218208523219 0.405744431807576 0.438803821912999 0.560042415523197 0.575456127216105 0.566716366745696 0.557061062139558 0.546370975277182 0.596951160496165 0.683225617665614 0.722171012289145 0.747437992923589 0.772074495220389 0.798015536373723 0.830393044936112 0.85879394225676 0.89373565388668 0.907974749833267 0.910798006524447 0.911818329338679 0.904364888704713 0.897924377897422 0.88943441901072 0.880768563294214 0.864768864309516 0.839382643671749 0.825221757605546 0.795387442730906 0.787926497041745 0.777864674666855 0.77209931396593 0.757897203086289 0.750989630272031 0.748181210827845 0.752500981553923 0.761221865589513 0.778701063388566 0.818013163873234 0.857369090252488 0.892133374934745 0.9181335350031 0.931644039279167 0.935763974450931
-9999 -9999 -9999 -9999 -9999 -9999 -9999 -9999 -9999 -9999 -9999 -9999 -9999 0.770201516051122 0.764980049814101 0.695782233967294 0.558228681990303 0.452029275001283 0.513436881641749 0.631577255874339 0.633140140393292 0.617150522683013 0.572446230619659 0.575600077654693 0.626786938581527 0.7050662878567 0.734810972901468 0.754427481727773 0.773561307770472 0.79273785309877 0.81790595023724 0.840142357092925 0.867587874791596 0.88245753027405 0.891724341167228 0.891676013511772 0.882045053088459 0.878187471731236 0.856358847396242 0.844739949977885 0.837397370600377 0.818906715332738 0.795674900998573 0.780005166464424 0.763776421566936 0.752766875071182 0.749852239237083 0.738905066720857 0.732943130702514 0.726405512044349 0.726244686755869 0.735627389574714 0.760678840111695 0.80551663856929 0.857741856600357 0.905779260435525 0.934996201456486 0.941881834524254 0.943949133586299
-9999 -9999 -9999 -9999 -9999 -9999 -9999 -9999 -9999 -9999 -9999 -9999 -9999 -9999 -9999 0.645585386705783 0.465241181399357 0.527346410063144 0.627705396699498 0.679487054485203 0.680982817824311 0.663046507911804 0.64198582386903 0.626092392146532 0.649145291420314 0.717299721808332 0.746081661668053 0.759668522452073 0.774398876250602 0.79184713572582 0.802867683768664 0.822507544248598 0.847421383628961 0.863021557721365 0.868179542105629 0.862530144783857 0.861890497806498 0.871154299361319 0.860420677007914 0.842161359159164 0.826538096519513 0.802066568209857 0.787798998412589 0.776281261429722 0.749534238476974 0.740107173293253 0.732444586111281 0.722147742288509 0.713734366165957 0.709960123570262 0.718085421859763 0.720565974781994 0.74079428287226 0.798759714686636 0.860388843258481 0.914392932176849 0.934373134680289 0.936970839708293 0.937790334882868
-9999 -9999 -9999 -9999 -9999 -9999 -9999 -9999 -9999 -9999 -9999 -9999 -9999 -9999 -9999 0.61114831030435 0.557536443428293 0.570804576368471 0.661230237822241 0.692316530281208 0.694557108891804 0.693495700202327 0.686307851454544 0.679120116527077 0.673207968149044 0.707997239545777 0.763811686164487 0.781950155539253 0.796018822408488 0.806811053398463 0.812454054511869 0.822904987599075 0.821160421878166 0.845260075666648 0.848467035974147 0.854630101476166 0.860646241034301 0.858299695394841 0.854109348119133 0.841019936323821 0.822803526858693 0.809155602102787 0.789204594282922 0.769741696830925 0.756907914650943 0.735512654977755 0.724261536670712 0.715343657245005 0.709679705967747 0.707436402170327 0.711756896153642 0.717866632465446 0.744254258383359 0.793126369818299 0.849724639840301 0.896748787528856 0.910842145428278 0.912822248922593 0.909543417673026
-9999 -9999 -9999 -9999 -9999 -9999 -9999 -9999 -9999 -9999 -9999 -9999 -9999 -9999 0.65565657877116 0.637324590645986 0.605689047686591 0.644618729688985 0.674598831430606 0.681387093392913 0.678250796436884 0.684308193527658 0.679855713658633 0.679925595238187 0.68140527420492 0.683588446424512 0.706791003763241 0.771876399781706 0.782256065032874 0.797414070275398 0.81421831531051 0.823009668084467 0.822871589863367 0.840887927954544 0.834296741222217 0.838517746789645 0.845017107772672 0.83546918341995 0.823100195349161 0.801392953469729 0.800237623743391 0.796623708482844 0.786771038690618 0.762654020790868 0.74156076613369 0.724232140881473 0.717883550380589 0.714108033882382 0.707137898106849 0.703208181713264 0.708875702537896 0.718817483290625 0.743391982187459 0.782020584637949 0.828217706421422 0.859612340406361 0.88148480351856 0.897778836029802 0.900624468209894
-9999 -9999 -9999 -9999 -9999 -9999 -9999 -9999 -9999 -9999 -9999 -9999 -9999 0.634644305360689 0.645326062731876 0.613758255114221 0.573440250521679 0.586841821022986 0.635237571763015 0.664485828049444 0.664793715481671 0.645134609875571 0.664414069423889 0.670272056319045 0.678873727097686 0.682195224331996 0.684683666037783 0.754626616741766 0.774025158697404 0.788930458309041 0.803567174865987 0.811835467690104 0.797599988840767 0.812616413458244 0.835891597173489 0.829440549798827 0.82756250456092 0.821607472139584 0.804560191142104 0.789457779556039 0.789341789538718 0.776561025506663 0.77699707058832 0.756083817632019 0.731096339150189 0.719660412262266 0.720717836698337 0.717269233267444 0.716451253377248 0.71644943790604 0.715514531215642 0.715995110698748 0.745848737089369 0.783417269560367 0.812650999621262 0.848686364914405 0.868033404825438 0.8816557283986 0.888067678406656
-9999 -9999 -9999 -9999 -9999 -9999 -9999 -9999 -9999 -9999 -9999 -9999 -9999 0.616417927752392 0.612801952338051 0.587720665907179 0.56647293090049 0.578312883212513 0.611070663899479 0.647174858816695 0.624522837392437 0.645037984804353 0.650010802718286 0.66700517255129 0.674023745069968 0.678699690979759 0.682671169902944 0.688794315597168 0.763047136102844 0.777283928433063 0.778592145398285 0.776624624818538 0.785650226532567 0.790188366039426 0.823531568735491 0.824347258439668 0.811336041392357 0.812689747423716 0.775213271564756 0.769245121869761 0.77042699588955 0.75899835193528 0.753843169807729 0.747446788734617 0.750542949687857 0.752288895052752 0.748475547413141 0.737008516420108 0.718488523612834 0.715160014671909 0.720702963564755 0.731252124581137 0.751741632133805 0.77808071793221 0.794668591111476 0.819684107201738 0.842441590189992 0.84797730608662 0.863703444891571
-9999 -9999 -9999 -9999 -9999 -9999 -9999 -9999 -9999 -9999 -9999 -9999 -9999 0.606885614644558 0.613079183473826 0.586014713654667 0.536783568267101 0.558766289887094 0.602216108379695 0.608852972698672 0.610113049901805 0.634450991514391 0.641726592818269 0.66012460476763 0.668242157057095 0.675136173329748 0.681139444938747 0.681692370414296 0.72505336411702 0.740849723964883 0.753720830512014 0.764429933648461 0.773822362268563 0.805648753180467 0.808938552761421 0.815893230257393 0.810033750782647 0.800086114480667 0.793842871929857 0.782826654484997 0.769082866192494 0.768420883607458 0.767359911612503 0.760528303410017 0.764122474074547 0.7502981220099 0.731103463626036 0.718404921102249 0.712015039589081 0.709792980582943 0.715994809879737 0.72804873288958 0.737893498186422 0.751788762910238 0.770743405901927 0.806835276388887 0.812869796369164 0.819357077865532 0.834978606489869
-9999 -9999 -9999 -9999 -9999 -9999 -9999 -9999 -9999 -9999 -9999 -9999 -9999 0.594312784795125 0.595216373088336 0.592530504320159 0.560600917645798 0.549052906822805 0.587590219322278 0.585905628755468 0.605952772773414 0.627927372937099 0.635178520395172 0.651357208619524 0.662711409664737 0.670692074100637 0.671581668906162 0.65486156532474 0.655805952108844 0.705217370507058 0.740003178906804 0.752317438259872 0.770674259826642 0.789360324399075 0.796164028666845 0.800237813070477 0.794201259239197 0.784018077223528 0.777925183267811 0.781752644829434 0.780507267437071 0.774067360752007 0.760301570178731 0.762583665615602 0.747856688127306 0.734630889913123 0.71771194114717 0.711138104285753 0.703932451880769 0.697109872755311 0.703321523633816 0.715769079581956 0.731457188616553 0.75425242234997 0.775907645326769 0.776227246257416 0.784531265990494 0.801354006118403 0.813516149772707
-9999 -9999 -9999 -9999 -9999 -9999 -9999 -9999 -9999 -9999 -9999 -9999 -9999 0.600115823200421 0.609385554943209 0.606253700671777 0.575985748243888 0.547994004172925 0.560257924544482 0.57231026403899 0.589165579344237 0.612912436042608 0.63408851754085 0.653082248323066 0.664318982427542 0.664201363588911 0.660555887845395 0.635675390025482 0.642318685045766 0.660875173298954 0.712575135234299 0.751906446854893 0.773711441829738 0.769641153682736 0.784276930631006 0.793079695754296 0.795684916409256 0.774535261811071 0.76114892331966 0.778889788904853 0.780840933277346 0.777457386434448 0.757407923535924 0.751846475319885 0.720340804573727 0.704676091236627 0.697237201855426 0.690622794642995 0.68158903907895 0.676956631859238 0.687702770514528 0.698429396846522 0.715694052139763 0.739283021040986 0.747066286126392 0.75688601071658 0.767622438312684 0.783462264055467 0.78668367463222
-9999 -9999 -9999 -9999 -9999 -9999 -9999 -9999 -9999 -9999 -9999 -9999 -9999 -9999 0.605124017609869 0.599410221896636 0.560546986329358 0.551396964041808 0.54886377085766 0.562414434783178 0.574837101291957 0.599316614561566 0.654805660023399 0.676116800351992 0.665410793396681 0.656012836192433 0.648465331343471 0.637583866277574 0.636295437035409 0.637956971829447 0.679013137487994 0.715639346360663 0.722034484558122 0.721270013062647 0.731045423703813 0.753274768720122 0.774083983016496 0.75933103023313 0.760866060674924 0.764585533614822 0.765070332836218 0.765318002029085 0.762049847671969 0.736824860072131 0.70404746132495 0.68351613922807 0.67590471906186 0.672431730020825 0.66769261444631 0.669239699757094 0.674902068865853 0.686255076111429 0.703160282643624 0.71769848180035 0.730945073175439 0.754566517218066 0.753071492612779 0.772406000987691 0.784902861249556
-9999 -9999 -9999 -9999 -9999 -9999 -9999 -9999 -9999 -9999 -9999 -9999 -9999 -9999 -9999 0.596142721608042 0.561637612009453 0.557103015806454 0.541792591805901 0.55773345021396 0.568822180072993 0.58997923918461 0.649857579537542 0.643924679257573 0.631979587333707 0.630675218346669 0.645720883351349 0.641009283757399 0.633633900340723 0.630849514545225 0.671380008884954 0.70694777200209 0.712196195656176 0.708973494600087 0.716997663448557 0.738151715034948 0.73842804652276 0.709646883603277 0.709205077286794 0.759270066987242 0.726025447295484 0.7467412317278 0.740410097711485 0.699045256817757 0.692312013566568 0.676651416245777 0.663472897747727 0.655047182409367 0.658777372479607 0.658354731621559 0.661315724731782 0.671895120241254 0.690235207850367 0.716980944419477 0.72643035520039 0.733672994019199 0.739590731705019 0.762444359797679 0.763884997347098
-9999 -9999 -9999 -9999 -9999 -9999 -9999 -9999 -9999 -9999 -9999 -9999 -9999 -9999 -9999 -9999 -9999 0.536571606825235 0.535780815894984 0.50941885907369 0.513367612563438 0.516433084799269 0.573923326322056 0.637572215566187 0.619501493215764 0.613750585209777 0.626177676442936 0.629837009053637 0.620546772301352 0.625314777626953 0.665411841062344 0.695078502307274 0.723015547919742 0.739594971554161 0.759427559821139 0.752364696464661 0.74341627678652 0.722855955752782 0.767225319816104 0.776694883226932 0.7487826731151 0.745325530509512 0.718852818694282 0.701836750586992 0.689689983804446 0.670947506499964 0.651498297196471 0.64252885222431 0.636180926262447 0.640505698945358 0.652103214666703 0.665086590546244 0.676576023928455 0.691206195086506 0.703045976892223 0.679573923615201 0.689195671523417 0.737619700071816 0.761248135898812
-9999 -9999 -9999 -9999 -9999 -9999 -9999 -9999 -9999 -9999 -9999 -9999 -9999 -9999 -9999 -9999 -9999 -9999 0.512485945702005 0.453290249571159 0.450474088296903 0.477232474217112 0.428641276565194 0.546394090311378 0.58059675558378 0.581195259770472 0.600058229505137 0.619461568640778 0.612686462828348 0.623756819294449 0.664036154878704 0.693027129914403 0.729921284795203 0.763351578745111 0.757117523861187 0.75670117677449 0.752205664310294 0.787563754463595 0.823891458834155 0.805291150956426 0.7866777724563 0.751516927223809 0.698887956322265 0.685198994341711 0.680801261977728 0.660581784648683 0.641110869711493 0.628823603142716 0.617213220647774 0.628838587604634 0.636395418431551 0.653635825827136 0.668945523685212 0.672860240832457 0.682119161445849 0.65802999506995 0.66683525200319 0.686122994374238 0.707173885182681
