layers50/veg_krg_50/veg_1200.asc
NCOLS 128 
NROWS 165 
XLLCORNER -2985163.8955 
YLLCORNER -3022031.214 
CELLSIZE 50000 
NODATA_value -9999 
[rows 52 to 77 of 165, columns 0 to 58 of 128]
-9999 -9999 -9999 -9999 -9999 -9999 -9999 -9999 -9999 -9999 -9999 -9999 -9999 -9999 -9999 -9999 -9999 -9999 -9999 0.484956948654167 0.429984788929195 0.412638059144275 0.434693322036494 0.417752180056626 0.489336932855589 0.500170287143963 0.514731885339109 0.526301164779549 0.521656548874034 0.516299473754644 0.504060320972381 0.502619670379516 0.644279869998829 0.672694078971234 0.678384415511633 0.670438287435295 0.726847943494141 0.77321486158941 0.777524823216757 0.756526590552589 0.748793172493668 0.752574729563929 0.711144249875013 0.681236297576228 0.658554436613964 0.638105947075111 0.608420346582565 0.600786270184723 0.618228593863836 0.608273859734931 0.619904644333925 0.635318376425854 0.677745629388978 0.598593954701809 0.557648060444082 0.522332617182848 0.504737130061318 0.502740777474112 0.592586608357863
-9999 -9999 -9999 -9999 -9999 -9999 -9999 -9999 -9999 -9999 -9999 -9999 -9999 -9999 -9999 -9999 -9999 -9999 -9999 0.461916805669599 0.395704436352341 0.303709060198918 0.329177174665517 0.335230880381329 0.368547479390502 0.431526983893378 0.477044862548282 0.492112962317434 0.486092726569631 0.497682170873053 0.497335100014433 0.558602812494639 0.659734276704928 0.674586985136954 0.676041926990724 0.712960448072386 0.781283565193299 0.797013915352998 0.793382518125333 0.772334075171707 0.76271243147844 0.755251469571527 0.718700661785093 0.693395843188613 0.672144994073135 0.650209591093318 0.613192487577048 0.602150254813868 0.599377100155175 0.583886271377394 0.57987832815396 0.595789841316913 0.609323825033924 0.619452444047322 0.610279022457981 0.514373464924675 0.39037569268387 0.46427446657721 0.578520300335519
-9999 -9999 -9999 -9999 -9999 -9999 -9999 -9999 -9999 -9999 -9999 -9999 -9999 -9999 -9999 -9999 -9999 -9999 -9999 -9999 0.414631147391338 0.273032535169847 0.231944432877055 0.246145845726178 0.272590158590164 0.32685991810094 0.432899946241301 0.467356893803781 0.462408755398586 0.486197336058996 0.508929469875762 0.610041022897094 0.655227786532561 0.655878489289602 0.687783830152651 0.79564387538096 0.801133373869759 0.807380256804477 0.808110132225708 0.786365392974896 0.776245736162121 0.752940963001791 0.722358678033131 0.69806179977535 0.674081823384493 0.644265103288268 0.611856698464882 0.60612982697856 0.591125945160831 0.570229785745719 0.570047904498646 0.578195212193469 0.560960691304126 0.578002175758017 0.640952183822817 0.628354281035756 0.428095597756746 0.375679173437497 0.538596397365571
-9999 -9999 -9999 -9999 -9999 -9999 -9999 -9999 -9999 -9999 -9999 -9999 -9999 -9999 -9999 -9999 -9999 -9999 -9999 -9999 0.349342796993048 0.216926607443356 0.170316085997184 0.173140485934011 0.221522228526473 0.266857859274768 0.384507051581674 0.447626257933951 0.444288620893856 0.452710962408484 0.549379718798131 0.623755375351872 0.639058676754152 0.647529133346548 0.784319184591907 0.80648881149288 0.80774859355601 0.809919732653663 0.817708283814121 0.794303996859055 0.778308623463012 0.755436930557321 0.731275536496879 0.704802788192275 0.676602457862293 0.642201476903588 0.610423758374689 0.600812864682936 0.581356400004772 0.563736688619423 0.573967920182654 0.573780111076867 0.562072611758799 0.559650032406721 0.566591544785315 0.625307381674061 0.641330013200538 0.64451580703551 0.510762144693052
-9999 -9999 -9999 -9999 -9999 -9999 -9999 -9999 -9999 -9999 -9999 -9999 -9999 -9999 -9999 -9999 -9999 -9999 -9999 -9999 -9999 0.232058946459732 0.165712022994669 0.104792704759258 0.14806986603662 0.217081800888354 0.295883578370222 0.406105383578453 0.412830819008051 0.43540231655318 0.542008491579793 0.606339168532577 0.639877724547956 0.766068174269676 0.784535386707173 0.792431356293298 0.806269866779037 0.807756809843434 0.817035476931821 0.800589321823681 0.788788952996599 0.759155114334958 0.737572259960466 0.71349595388471 0.682156760583542 0.650177602056075 0.612735351860348 0.586442752392374 0.568635840553412 0.547043998069777 0.537895523993043 0.555011825481409 0.565376375984365 0.554866943230284 0.541314105592745 0.544873073582479 0.583404871673435 0.605325798623714 0.6153710106192
-9999 -9999 -9999 -9999 -9999 -9999 -9999 -9999 -9999 -9999 -9999 -9999 -9999 -9999 -9999 -9999 -9999 -9999 -9999 -9999 -9999 0.230530376543907 0.194544820585114 0.0872508476651295 0.114978304475647 0.202883497653975 0.303605050411277 0.347755513393762 0.384670187185062 0.442812012310502 0.520418507127391 0.62150728337658 0.752356013174693 0.768422026743343 0.763521483216475 0.782234791125216 0.805559927049615 0.810856893609833 0.822694640823502 0.824200417489762 0.813989953358201 0.781838640924265 0.757637234378141 0.726418817817437 0.689777105686065 0.651078252809017 0.6078168603913 0.57815073359281 0.555853220693105 0.530620364991799 0.517008790659202 0.548534440932861 0.53477436989571 0.512987353499465 0.553495226020274 0.558889396888071 0.546424275386768 0.535067264938265 0.581312904184917
-9999 -9999 -9999 -9999 -9999 -9999 -9999 -9999 -9999 -9999 -9999 -9999 -9999 -9999 -9999 -9999 -9999 -9999 -9999 -9999 -9999 -9999 0.197813862201585 0.139445572640518 0.104582942564925 0.158087625157494 0.207130175234188 0.245181160657465 0.302665747596475 0.412168221031011 0.558798306631072 0.683819949644785 0.736800756064973 0.756243502380473 0.756527452694176 0.784509033486392 0.803072040588847 0.817258225078296 0.844503152632868 0.847550549873826 0.833395502156603 0.805957004628746 0.779601045710629 0.741080561373241 0.698752547921307 0.653620025170548 0.606174551905695 0.571976156987373 0.542371454288645 0.507322314217429 0.474787581340013 0.496220704207085 0.495633355244168 0.506096849114556 0.540348124371157 0.587310310476429 0.58968240228491 0.559881341204086 0.561262176378543
-9999 -9999 -9999 -9999 -9999 -9999 -9999 -9999 -9999 -9999 -9999 -9999 -9999 -9999 -9999 -9999 -9999 -9999 -9999 -9999 -9999 -9999 0.201574281038338 0.167632928346355 0.117880707971901 0.109371643170819 0.129973674642094 0.172983332208228 0.242285617269431 0.468491097851638 0.588847402721797 0.564538508619735 0.674189185293061 0.578977867258005 0.472379971365197 0.695328071119038 0.777116179286748 0.823215324781262 0.857977152378169 0.859575501422379 0.850451232827868 0.831013238228958 0.805448285687823 0.76430318350446 0.714271008089316 0.662956645000926 0.609835455607457 0.567658988623698 0.528843568082209 0.484172779089019 0.423894852098218 0.434145391567569 0.464525928323047 0.50247872419741 0.533291781501436 0.54391683471302 0.566298229663177 0.527738587445159 0.471062266970563
-9999 -9999 -9999 -9999 -9999 -9999 -9999 -9999 -9999 -9999 -9999 -9999 -9999 -9999 -9999 -9999 -9999 -9999 -9999 -9999 -9999 -9999 -9999 -9999 0.162420839233554 0.118793096113732 0.111467924088787 0.150142139207277 0.269733175654742 0.489748212228711 0.607413702750756 0.502889842320809 0.628182111546173 0.487732438978175 0.424876008386127 0.639712174906472 0.745374583414884 0.839814335531103 0.855848762973285 0.867290100615964 0.869415739946832 0.855061648073706 0.835374015506096 0.796448195583746 0.737993649372573 0.679246609445408 0.617683709694554 0.566870173994879 0.519142621318032 0.4680314826979 0.42358878863471 0.4118945890058 0.491091836862395 0.531666530026682 0.548268563700666 0.532900333733565 0.539513519390561 0.514232376975227 0.489010736984719
-9999 -9999 -9999 -9999 -9999 -9999 -9999 -9999 -9999 -9999 -9999 -9999 -9999 -9999 -9999 -9999 -9999 -9999 -9999 -9999 -9999 -9999 -9999 -9999 -9999 0.163951922064366 0.10106173322881 0.110598591561733 0.170037596335638 0.292822633825335 0.411016165051466 0.448000588199113 0.427937691109854 0.3850357114947 0.363981689255362 0.537059881933108 0.591782394945007 0.716914196039169 0.786992559446394 0.832276866813366 0.8589374488549 0.861372197928371 0.857987436713112 0.827076397808614 0.770388661463821 0.704430075043606 0.64089507430162 0.573272622060506 0.519311376435377 0.47089805306566 0.430828797883237 0.433567073839295 0.538766997761555 0.564999377296307 0.553116081378487 0.54333249071195 0.526317432350854 0.501852041134829 0.460611812025263
-9999 -9999 -9999 -9999 -9999 -9999 -9999 -9999 -9999 -9999 -9999 -9999 -9999 -9999 -9999 -9999 -9999 -9999 -9999 -9999 -9999 -9999 -9999 -9999 -9999 0.233031233589319 0.199253879508107 0.0832679354125198 0.0944265844684199 0.185119381350352 0.229457746515126 0.294955217584074 0.312326472661636 0.263006497062508 0.25669849551178 0.260210658275412 0.282952870680734 0.42804604409311 0.567402202641269 0.749467622187984 0.813957339081114 0.845690428110094 0.864821667431956 0.848865339273102 0.796302126359418 0.728200054165721 0.664919720011726 0.59227174293609 0.531394643910176 0.475178151609095 0.443339762071404 0.456440919360443 0.505345020025861 0.527275468826968 0.54171292946888 0.553393390242852 0.492956557551426 0.467999406700176 0.427551552856147
-9999 -9999 -9999 -9999 -9999 -9999 -9999 -9999 -9999 -9999 -9999 -9999 -9999 -9999 -9999 -9999 -9999 -9999 -9999 -9999 -9999 -9999 -9999 -9999 -9999 -9999 0.425813365659588 0.172084314151838 0.109266076777955 0.125060020577788 0.195373837695174 0.221478048241611 0.303295418510906 0.19336693181656 0.212749988643477 0.210735475787142 0.152914000660059 0.228263826581439 0.237403372504763 0.456854889056771 0.617873702461362 0.724573489673946 0.810681259307971 0.823798268238192 0.80744365566244 0.745412611167506 0.697529111556136 0.607480574953426 0.539014406363816 0.486976325297246 0.441263084267227 0.440014968549731 0.456887617486551 0.471529080017623 0.487780570796114 0.478796159745527 0.446964430279647 0.425122671222067 0.377571196716822
-9999 -9999 -9999 -9999 -9999 -9999 -9999 -9999 -9999 -9999 -9999 -9999 -9999 -9999 -9999 -9999 -9999 -9999 -9999 -9999 -9999 -9999 -9999 -9999 -9999 -9999 0.557499755524057 0.360896855245748 0.285049531754767 0.133787478833708 0.155742204431287 0.137224735740302 0.154288061679789 0.120493742102582 0.151771465747486 0.123104805519716 0.122656526981266 0.165731728162298 0.140498728423421 0.127841335592119 0.188604828321517 0.455883623434664 0.663708573189321 0.751577796451143 0.769598350568978 0.744320364202775 0.679349476039264 0.604153840863501 0.549400291326444 0.496452549303864 0.426819921448432 0.411521087992267 0.409081340054497 0.412975259213408 0.419512271939687 0.400345804743731 0.397385312966522 0.391090088736871 0.356441197967198
-9999 -9999 -9999 -9999 -9999 -9999 -9999 -9999 -9999 -9999 -9999 -9999 -9999 -9999 -9999 -9999 -9999 -9999 -9999 -9999 -9999 -9999 -9999 -9999 -9999 -9999 0.549680299489766 0.513558898439012 0.440619116344544 0.207147678990029 0.133281439149342 0.110325375344961 0.0392643206171122 0.0278844032546082 0.0526262317522466 0.118319637185895 0.126181429642926 0.139762481833354 0.146040307786998 0.11503936628957 0.0237287637510011 0.275457250270108 0.634211716583197 0.715171224383505 0.674060484701735 0.64470004263524 0.592876061878318 0.575954490539301 0.541278575183495 0.496109903500096 0.441720490754513 0.397214725335646 0.363992190359475 0.34350519030552 0.352406907247768 0.360411720979363 0.352049662394848 0.34670913647683 0.347725187739911
-9999 -9999 -9999 -9999 -9999 -9999 -9999 -9999 -9999 -9999 -9999 -9999 -9999 -9999 -9999 -9999 -9999 -9999 -9999 -9999 -9999 -9999 -9999 -9999 -9999 -9999 -9999 0.423621291311194 0.455066183332489 0.319506083078285 0.217792570863377 0.133212505934089 0.079092279796667 0.120239582278094 0.0417873355516707 0.0592933504023242 0.064651555458437 0.0845924135883263 0.12740488219003 0.130474079977731 0.0779237269930269 0.259535494655731 0.522887419995066 0.588844379729396 0.585028184987419 0.490072167873533 0.517567020641351 0.560131696298748 0.534313714090876 0.489033881649246 0.435609638740703 0.379412085909035 0.33439823969375 0.300991541321197 0.318810302276557 0.318298047659207 0.31159254987907 0.305375919869761 0.307309339318407
-9999 -9999 -9999 -9999 -9999 -9999 -9999 -9999 -9999 -9999 -9999 -9999 -9999 -9999 -9999 -9999 -9999 -9999 -9999 -9999 -9999 -9999 -9999 -9999 -9999 -9999 -9999 -9999 0.327931616283339 0.387287366560474 0.360195682199779 0.265292526341694 0.339610510067792 0.144430101411749 0.124010533345051 0.119875132858495 0.0539486881343169 0.0379737491481419 0.060259673394067 0.119991616608432 0.121278293355913 0.144595722251282 0.188720169536944 0.27560460465356 0.501613581714464 0.491341727265411 0.512400134219676 0.536843818426185 0.53842033963539 0.47908624669464 0.409541255226337 0.352931829171063 0.321118848101734 0.296923822236416 0.282820949037719 0.286978602685547 0.277980519534449 0.271813324437398 0.277429633476266
-9999 -9999 -9999 -9999 -9999 -9999 -9999 -9999 -9999 -9999 -9999 -9999 -9999 -9999 -9999 -9999 -9999 -9999 -9999 -9999 -9999 -9999 -9999 -9999 -9999 -9999 -9999 -9999 -9999 -9999 0.442020824851234 0.405887403674284 0.397355117838776 0.409976609871053 0.353038884189576 0.191337099634936 0.0607778584444662 0.0889332465156173 0.022696508422084 0.0654010587107285 0.0800790079940018 0.0913065713291154 0.0345830102828423 0.0175135926305541 0.344376942368107 0.364087846767854 0.384578865929917 0.488504202775433 0.532116848481713 0.476385525977879 0.385536939663954 0.303559997839919 0.304225318394275 0.303066050079577 0.269461455904385 0.265774367137947 0.264524440524504 0.255135516906984 0.259050873453814
-9999 -9999 -9999 -9999 -9999 -9999 -9999 -9999 -9999 -9999 -9999 -9999 -9999 -9999 -9999 -9999 -9999 -9999 -9999 -9999 -9999 -9999 -9999 -9999 -9999 -9999 -9999 -9999 -9999 -9999 -9999 -9999 0.372889734615126 0.636355858375987 0.520983667641642 0.3917673510207 0.205613132233494 0.214814362183506 0.000714628037281067 0.0121253483660168 0.0409873717266895 0.0686998129625352 0.0473456346990616 0.0185574255071148 0.211427154272085 0.222873897677627 0.101996776267837 0.275684710187797 0.473014241538196 0.470017010106365 0.391747595647479 0.284150872755525 0.290998601172087 0.300315048891663 0.268743090116265 0.266503488526839 0.257891936176778 0.249960553324764 0.250089762261368
-9999 -9999 -9999 -9999 -9999 -9999 -9999 -9999 -9999 -9999 -9999 -9999 -9999 -9999 -9999 -9999 -9999 -9999 -9999 -9999 -9999 -9999 -9999 -9999 -9999 -9999 -9999 -9999 -9999 -9999 -9999 -9999 -9999 0.698163279670961 0.559677752213081 0.600513093894603 0.498579530243318 0.218450477039872 0.0409291911997228 0.00338185546693176 0.00212724694156445 0.0538804322651378 0.0162894226914214 0.0366374292748577 0.0304827243014304 0.0588650106652032 0.134691837226348 0.122737213388505 0.0631239536988758 0.264834231792688 0.357138961130098 0.310203677381015 0.281678279866708 0.267839845669133 0.260102822827111 0.261832891738962 0.257674718164145 0.251430285725689 0.239758848000707
-9999 -9999 -9999 -9999 -9999 -9999 -9999 -9999 -9999 -9999 -9999 -9999 -9999 -9999 -9999 -9999 -9999 -9999 -9999 -9999 -9999 -9999 -9999 -9999 -9999 -9999 -9999 -9999 -9999 -9999 -9999 -9999 -9999 -9999 -9999 -9999 0.500576694134563 0.446063161888576 0.31786255070944 0.0748984340915353 0.0290886402536063 0.0437684253243988 0.0507362052903969 0.0552941380828098 0.0632522036682049 0.0265102317116442 0.090724805859928 0.133625636378249 0.0800560236910442 0.0708290548991941 0.215721788815955 0.252183579307845 0.266957173201365 0.252039063127715 0.25138051832313 0.250480947148819 0.248495166824764 0.24291466778948 0.233510330431731
-9999 -9999 -9999 -9999 -9999 -9999 -9999 -9999 -9999 -9999 -9999 -9999 -9999 -9999 -9999 -9999 -9999 -9999 -9999 -9999 -9999 -9999 -9999 -9999 -9999 -9999 -9999 -9999 -9999 -9999 -9999 -9999 -9999 -9999 -9999 -9999 -9999 0.635730312969653 0.6168344007734 0.391018639801494 0.0443009190328507 0.0125583978099779 0.0384601570284301 0.0461355507650729 0.0643857285538916 0.0280385950461657 0.00427690438662125 0.0703895291338266 0.172811368334768 0.202456692960821 0.22439360209639 0.199055998290768 0.226529240090351 0.243847217226809 0.241345431091253 0.240691264871174 0.238968764734788 0.235413919049855 0.225221606016797
-9999 -9999 -9999 -9999 -9999 -9999 -9999 -9999 -9999 -9999 -9999 -9999 -9999 -9999 -9999 -9999 -9999 -9999 -9999 -9999 -9999 -9999 -9999 -9999 -9999 -9999 -9999 -9999 -9999 -9999 -9999 -9999 -9999 -9999 -9999 -9999 -9999 -9999 0.675309121211601 0.499570647272436 0.116300528522241 0.0237113210054896 0.0630767175944341 0.0728476165570201 0.0641788857564301 0.0374808684314092 0.00722870410204448 0.0456671077828688 0.151384200750857 0.195526986376773 0.193882738723202 0.171486098412904 0.197764573848894 0.233601056925961 0.233771408362736 0.231617822405995 0.229768303127731 0.226090849909937 0.221016579338949
-9999 -9999 -9999 -9999 -9999 -9999 -9999 -9999 -9999 -9999 -9999 -9999 -9999 -9999 -9999 -9999 -9999 -9999 -9999 -9999 -9999 -9999 -9999 -9999 -9999 -9999 -9999 -9999 -9999 -9999 -9999 -9999 -9999 -9999 -9999 -9999 -9999 -9999 0.567295064949767 0.477259531071507 0.189239342601221 0.0358613453368619 0.0539889970041186 0.0818818653335711 0.0643557008114348 0.0334729886175477 0.000500667175124854 0.00639813990350888 0.104126602435456 0.130984861371427 0.137176600646238 0.21015181824363 0.208385654893568 0.224535914537863 0.233093983708183 0.226878449795486 0.223557785686071 0.220737739395061 0.235068405150076
-9999 -9999 -9999 -9999 -9999 -9999 -9999 -9999 -9999 -9999 -9999 -9999 -9999 -9999 -9999 -9999 -9999 -9999 -9999 -9999 -9999 -9999 -9999 -9999 -9999 -9999 -9999 -9999 -9999 -9999 -9999 -9999 -9999 -9999 -9999 -9999 -9999 -9999 0.517508491580806 0.485754829383577 0.31904186831953 0.0858548788615704 0.0600648279229194 0.0810556121332161 0.0520239323155242 0.025146481867483 0 0 0.0378982201699182 0.0778675802780026 0.115021910276077 0.186664855405974 0.217076505540695 0.222595382111281 0.231111053666626 0.230180615158307 0.222467612455239 0.219656911776266 0.255781296740242
-9999 -9999 -9999 -9999 -9999 -9999 -9999 -9999 -9999 -9999 -9999 -9999 -9999 -9999 -9999 -9999 -9999 -9999 -9999 -9999 -9999 -9999 -9999 -9999 -9999 -9999 -9999 -9999 -9999 -9999 -9999 -9999 -9999 -9999 -9999 -9999 -9999 -9999 -9999 0.442294718171375 0.393340377652524 0.129503122203007 0.0496702773733034 0.07570183934078 0.0264341502347349 0.0303640415156253 0.00157408096633408 0 0.0570576395128731 0.0818467474128849 0.154787829250953 0.196976762476493 0.218176543910821 0.227302025788586 0.222357818144601 0.227295007774715 0.224980133992022 0.252999053914997 0.272340887590093
-9999 -9999 -9999 -9999 -9999 -9999 -9999 -9999 -9999 -9999 -9999 -9999 -9999 -9999 -9999 -9999 -9999 -9999 -9999 -9999 -9999 -9999 -9999 -9999 -9999 -9999 -9999 -9999 -9999 -9999 -9999 -9999 -9999 -9999 -9999 -9999 -9999 -9999 -9999 0.493711801330871 0.464059990738566 0.181259506854904 0.0353205151315262 0.0724599145650723 0.0619250866830174 0.0326942938758856 0.00642492695263529 0.00122194767809623 0.071079814376484 0.0392694322443803 0.11339667303424 0.23904998576321 0.237728556864641 0.280324297038607 0.226217808809282 0.234587913251347 0.247883941320062 0.274741664264403 0.295074802166374
