layers50/veg_krg_50/veg_2300.asc
NCOLS 128 
NROWS 165 
XLLCORNER -2985163.8955 
YLLCORNER -3022031.214 
CELLSIZE 50000 
NODATA_value -9999 
[rows 52 to 77 of 165, columns 59 to 117 of 128]
0.639368644786606 0.418768909255244 0.467531971210994 0.51509689109221 0.564015233072037 0.5825547670322 0.59710433511287 0.638522601642888 0.675868270448824 0.671987770016956 0.657675299542144 0.613362418561298 0.604043462959561 0.602196328691425 0.606301381436468 0.570240457429841 0.593241819937712 0.637629941670147 0.621683666910021 0.589195114364062 0.606772653948026 0.619957403525555 0.656233787875929 0.637073230234727 0.591212135605439 0.594659733498266 0.545410129886532 0.506526860428175 0.440095289192196 0.385678301155415 0.386556087080117 0.370393169049155 0.345206101708184 0.338567124306439 0.330564113208083 0.314380919418062 0.278331170772556 0.292804334376717 0.319770980935003 0.347084001208458 0.353599780686092 0.360800395334736 0.383123545103014 0.42918889430041 0.472664834684339 0.498180477034283 0.512308756645497 0.522840387379583 0.528368530026326 0.543525784604892 0.566129267289874 0.590354947529006 0.621417369973955 0.667367299035801 0.69667379260856 0.741682045840793 -9999 -9999 -9999
0.520891076449087 0.512093053612007 0.470972111257097 0.476977263045524 0.441601299603622 0.414663463526786 0.542050920470933 0.612622148590503 0.621199361936509 0.602448502681326 0.604063338885491 0.585394019009289 0.580201330394005 0.58348526978603 0.579311853485083 0.605322089552494 0.618847843535264 0.634275308398812 0.606526514445158 0.597454430714776 0.621952609787695 0.633856887771568 0.63156712626487 0.590896233150829 0.561655452231634 0.558750038732054 0.525061326700022 0.466461205087369 0.41195832698087 0.368998912123837 0.36373014792948 0.330708215961091 0.305516280445284 0.282104470731242 0.300221105325607 0.261835106405895 0.217526363328627 0.233348700982512 0.268620906268092 0.31577696755589 0.322623995136469 0.346107549761153 0.388815120599487 0.415837927544152 0.470891525717157 0.495778201574365 0.520929598643034 0.527002722936796 0.539293120638827 0.541559872079161 0.534855992318092 0.552447928965671 0.599006048163913 0.63540343760556 0.693598778392439 0.731440488841657 -9999 -9999 -9999
0.452975787664268 0.48688827822567 0.497931562925166 0.499183398979588 0.513663762629941 0.506597485138254 0.573476552943034 0.609201506728333 0.569598228110929 0.559797151059115 0.554091615798164 0.557028984924997 0.573761058763764 0.554505114845947 0.562965692191795 0.61405242976149 0.614796061775393 0.608420860376436 0.579530688742579 0.581227473117472 0.623794887587936 0.608563993639136 0.584224312812299 0.537608904122603 0.507533117818903 0.506104538128163 0.477879920492735 0.437955278600027 0.39774677587536 0.343980502176417 0.329038917157484 0.308469667097053 0.28816235195082 0.272338980961473 0.222484518619687 0.189905159944818 0.191895225866722 0.182011867505819 0.23735404780772 0.270126198827067 0.309980338618828 0.349228380258836 0.392632707455492 0.407613247624321 0.443815873510346 0.480116342642986 0.516564090127246 0.525477719617564 0.54756553722132 0.553495861774424 0.537824293034676 0.533576704615521 0.595829775158932 0.631631247180183 0.691106496372237 0.688999908077411 -9999 -9999 -9999
0.474596263179953 0.497661676584413 0.493849246127711 0.501751785505863 0.580689671978983 0.584883873702117 0.565923888536767 0.565669670164879 0.559855480385314 0.541035027857836 0.524290599355406 0.538182348769929 0.569788575165504 0.559208546252942 0.566668659271674 0.60377718268702 0.592091668134039 0.591456889462154 0.564118860452754 0.567912361279604 0.598598995968395 0.580604853513919 0.550338269860507 0.516875744138786 0.499630442675352 0.48666001444604 0.440269801591051 0.42354546076047 0.388686344154623 0.331697964766166 0.293037802836373 0.273204824818768 0.242513710674002 0.24078672542026 0.213645369882871 0.169879211421727 0.170922414394845 0.183963818659396 0.218941905097426 0.253851588073647 0.29138038261452 0.308450199190789 0.365348221026439 0.39404312088811 0.425754958806918 0.46500028986629 0.505734675662738 0.539458332185352 0.538787193484505 0.567480238113525 0.545632710064271 0.562211464871005 0.616230503370772 0.65347591889304 -9999 -9999 -9999 -9999 -9999
0.522028352847796 0.525893605869032 0.558036562623072 0.557555102893727 0.56145902792057 0.584847016734907 0.567514049908615 0.547903974039803 0.536493138337412 0.530924030295008 0.518166957615546 0.556098160326616 0.562709611800229 0.567634435352245 0.576207383793384 0.587064341185595 0.584209669774752 0.574917987100273 0.573209576208233 0.565258886215786 0.57009820156249 0.569967767775139 0.544132637673301 0.517822812058099 0.486015754635375 0.444027126275283 0.410915575563976 0.375011536433515 0.345831989227042 0.306509062604037 0.258294871272175 0.233579415202985 0.234514061670976 0.23028473680557 0.190805118310662 0.150075853575935 0.143184122806346 0.169700675657633 0.207287780563611 0.231446096634432 0.231806652673844 0.27737538340572 0.3099612238298 0.387582008816468 0.427446648856853 0.466040053913612 0.518924008032818 0.566480770462398 0.592268882901014 0.594592533417655 0.594109281984427 0.612562635180827 0.652928401145287 0.682206294065176 -9999 -9999 -9999 -9999 -9999
0.476339717601305 0.49480025468719 0.500194190431514 0.51325890241969 0.544148195237247 0.545773493309133 0.552532015674758 0.538512243579716 0.527744166110914 0.525321628762832 0.502644956004301 0.545385314161916 0.553995531669131 0.562962314755757 0.564244170544183 0.569758989865709 0.565701032234981 0.551134872547056 0.545029831377689 0.550326095335908 0.563845811491603 0.574046292356363 0.542273957885292 0.505976764579881 0.479674911580274 0.44191076318647 0.376593495498087 0.346443862186699 0.307210402982023 0.266369155425442 0.238002513626136 0.239805206819316 0.219342340964577 0.215700238420559 0.187339921472502 0.166661780916858 0.165491603802943 0.18450588910639 0.201043169785563 0.211478624132015 0.229044801695646 0.259528465577715 0.297426795099139 0.378233375151271 0.428402266562729 0.451925876400552 0.492784896040239 0.548524686811002 0.569777350265944 0.615476437895161 0.626487120835362 0.643534542150894 -9999 -9999 -9999 -9999 -9999 -9999 -9999
0.427343179025154 0.452126538429714 0.470396036982213 0.491204559754963 0.507352794973764 0.518285560350971 0.522223165464977 0.507956356947449 0.505845031619954 0.514714076238478 0.512155305907494 0.513112708514787 0.54215900431428 0.556203426527586 0.560468876503845 0.552925806513376 0.553672008307594 0.552511198114361 0.534518971597294 0.546538922588714 0.574542723828265 0.577405140690553 0.533929244944287 0.505169765106152 0.485683342148354 0.447915000565504 0.404234717958224 0.368338508366535 0.317113957789397 0.265732285096246 0.226572536537126 0.239213254534579 0.225228352375887 0.221488560261888 0.211450128586403 0.200424375606573 0.206534748241691 0.164326510272111 0.188111175317427 0.2038654881574 0.238054962029732 0.257045497474574 0.317566471098576 0.36834990461355 0.411612633246992 0.456091698254865 0.507673523633402 0.550697892593716 0.57051944190077 0.611601628563434 0.627206396366988 -9999 -9999 -9999 -9999 -9999 -9999 -9999 -9999
0.352428974599634 0.429234093533693 0.441742810128322 0.461248059440454 0.477125695118964 0.487378783202109 0.494435492799015 0.484805392298013 0.486609593215845 0.491753950062564 0.492206503187887 0.510986375847133 0.535765221827104 0.542942525342111 0.550952151638353 0.545903331192107 0.545172962416351 0.549978880181768 0.538118730605729 0.566605017120246 0.582475533341749 0.539605305976459 0.508943663446836 0.479788226174842 0.483838751881117 0.46530269005573 0.394321246115027 0.35977077383743 0.345617199690692 0.25525671922101 0.222689253541513 0.231618365744901 0.244593462973571 0.220061040477748 0.19974832882029 0.217615155300134 0.226193689013232 0.158911577009919 0.191373274228164 0.233322189438027 0.240971208522786 0.284389286093979 0.333581726328194 0.355723991796745 0.39367364796748 0.441677979255123 0.519333492542926 0.566677707079642 0.589370744431734 0.608894852926245 -9999 -9999 -9999 -9999 -9999 -9999 -9999 -9999 -9999
0.321829476134498 0.361570811068329 0.408282160861946 0.4264350811903 0.443210550579808 0.464210678437734 0.472683292659526 0.471861926945198 0.451965357098863 0.470442342304344 0.482666718358347 0.503735197696432 0.524593685107354 0.530948741282595 0.533490184046452 0.539539356946172 0.544842951610028 0.553450764204227 0.547010649683182 0.56021003186444 0.547687057295035 0.52344655709099 0.468622375343341 0.475218653989119 0.461165012481215 0.453400726618616 0.434232011837878 0.404379850183507 0.362672249738787 0.26233833803207 0.234122632896665 0.25319502226743 0.241960045496312 0.181002850004407 0.190141718055324 0.249720284385839 0.238004614487313 0.193305481757337 0.180874327967276 0.238540808993951 0.280320934847225 0.342848893777839 0.398489035426984 0.406853119378205 0.43965206242922 0.470984671248059 0.499930404636073 0.538255562665389 0.582961817864528 -9999 -9999 -9999 -9999 -9999 -9999 -9999 -9999 -9999 -9999
0.335066766384719 0.305474007644778 0.36005410114194 0.385293860732074 0.39903504763065 0.423605405890457 0.435737992713843 0.43763915784962 0.435663683691156 0.456618691277313 0.47189104424518 0.502064008142758 0.519979799023029 0.521339534986623 0.52801235521842 0.546807786268034 0.560293765548316 0.543379779009589 0.533099159358566 0.537967811505941 0.537568545169354 0.510472761591559 0.460646102921419 0.449202158290151 0.442253926901279 0.457227497437564 0.458351475555131 0.390574180198984 0.321526805270765 0.25223758463199 0.252084414064433 0.255017006720156 0.230019667859227 0.208695783826001 0.231542870543797 0.253620193640489 0.185350477616848 0.260495114752269 0.148736371272398 0.244771266371509 0.320127406197583 0.404485229898553 0.486532866328006 0.48252646958587 0.519546358759172 0.527672556953649 0.554917880354254 0.578961917226482 -9999 -9999 -9999 -9999 -9999 -9999 -9999 -9999 -9999 -9999 -9999
0.316688346176071 0.281780762587748 0.311974619800593 0.350279637153608 0.363013077108021 0.379061967825741 0.407379821971826 0.422419294326512 0.431287458840772 0.4437736403652 0.460513214244687 0.47584000348308 0.489073686371573 0.484281699567986 0.507215657106152 0.539822638414972 0.548059810554909 0.512694223522139 0.545140307879903 0.560925080058076 0.553312771717581 0.546950198653379 0.472846802717621 0.42573378013329 0.448050133552804 0.462006954613747 0.383714931910953 0.403210197290527 0.364349390470103 0.273637821872673 0.259067758805261 0.258741381926542 0.261161001641415 0.259273298391502 0.282928231491391 0.284478895056937 0.232783106922333 0.282527211089415 0.196061959097669 0.25484441883353 0.327811809900502 0.411898999035035 0.480769995663298 0.539796758734262 0.582162942528352 0.59891861969818 0.599874623996524 -9999 -9999 -9999 -9999 -9999 -9999 -9999 -9999 -9999 -9999 -9999 -9999
0.288768951070344 0.272620638110378 0.274693595975496 0.314517603446592 0.33406926774348 0.36943248842527 0.390235416154311 0.40597765953468 0.410328136921327 0.424245634738277 0.435817415815402 0.453117576504547 0.467974474338311 0.457684757895758 0.4588762974809 0.486338634912208 0.503438663991162 0.517372231002716 0.55758206858303 0.564775966342578 0.549917520873387 0.540362621943517 0.473485435222693 0.43791397040279 0.471283854382468 0.463045287370555 0.287779366778726 0.33110828785303 0.376450181223967 0.285206416040993 0.276162150680196 0.278110181028442 0.279126691974754 0.294088948119013 0.303778012182007 0.307094494710558 0.264433049824425 0.279363004718329 0.242618497107227 0.275904386940696 0.341065275968791 0.385629773016147 0.413769501197477 0.48813062970468 0.595763172930355 0.634661816752722 -9999 -9999 -9999 -9999 -9999 -9999 -9999 -9999 -9999 -9999 -9999 -9999 -9999
0.239398067516242 0.258623212888877 0.265605065779883 0.291523662437228 0.317397368454222 0.371079371622919 0.388486623761827 0.400956267870726 0.404171064748237 0.411547643270023 0.417797364341881 0.431919534642917 0.428432620077418 0.436577766908957 0.429871937167492 0.452505397950962 0.496795941659074 0.536763143587193 0.551068257146914 0.556748863524898 0.560093898731809 0.494839691349244 0.441770586746945 0.426244634299608 0.413344103773004 0.394724928148714 0.317802277177862 0.378179151293143 0.365754817814037 0.301667899504197 0.294734449104287 0.306356018008279 0.310990260515992 0.322830521189217 0.331496086329204 0.333111856861481 0.316748552443227 0.295044147108726 0.374901129834771 0.380308754766108 0.403423464512619 0.409815194559242 0.424839223695535 0.462831875748376 0.516447540681218 -9999 -9999 -9999 -9999 -9999 -9999 -9999 -9999 -9999 -9999 -9999 -9999 -9999 -9999
0.244147679240571 0.250658828845713 0.265612738421158 0.293430536108055 0.327754321897604 0.352510641238911 0.369096720165382 0.367421025229796 0.39133597607288 0.391555563306272 0.386635107538605 0.379188844009724 0.416734082616544 0.437189446688767 0.444555509825403 0.460494736003048 0.465532163476331 0.538103197442297 0.551492932399757 0.550081682888765 0.493748291974004 0.430520610002334 0.427864309239735 0.413521743736336 0.35477682979742 0.3077798335754 0.388585510438644 0.398153194642843 0.330654584304225 0.315064333983579 0.305877148445095 0.313038722953331 0.325934238338082 0.338134664856888 0.345667828994885 0.343971108383104 0.307216004132729 0.388117532699637 0.431365985988709 0.442247456760697 0.4627506611492 0.452484067716641 0.486621354325732 0.477211519452165 0.507391774412521 -9999 -9999 -9999 -9999 -9999 -9999 -9999 -9999 -9999 -9999 -9999 -9999 -9999 -9999
0.227203560320076 0.223503584483621 0.227291796163053 0.279379479060003 0.3081865715872 0.327654005069243 0.352087476932996 0.360438303240218 0.383513884597236 0.364919147315187 0.355290157541788 0.37576991107831 0.388115952053235 0.404971306922707 0.418013013443792 0.451199542973544 0.444960695566918 0.518714109413799 0.528753146871542 0.53052656589421 0.444437518302902 0.398531319309096 0.387405638717034 0.377108418721983 0.376123005756189 0.346480951137032 0.395812989850639 0.376558847517555 0.337193708549478 0.327897219499429 0.329689340784708 0.330679319793272 0.331849144661102 0.359493440886891 0.377520911286267 0.379741529064736 0.372499604157677 0.419850275433876 0.443569817446454 0.462058165166695 0.46126236896596 0.433188047421759 0.516129242509792 0.531638046094361 0.542743892621471 -9999 -9999 -9999 -9999 -9999 -9999 -9999 -9999 -9999 -9999 -9999 -9999 -9999 -9999
0.211917492705795 0.212264993530916 0.221593877039456 0.265970252488477 0.288106991163198 0.296936830351383 0.324217687277625 0.348641340471116 0.364091189142821 0.351728413262715 0.355412865792784 0.38563517729815 0.378906661065769 0.374795635735483 0.409422602770126 0.469432118454174 0.451365448527814 0.494369221999741 0.475651545878377 0.458622925534539 0.438075526617396 0.371498594150397 0.37422040397775 0.370129436433473 0.359512117876398 0.32682390430208 0.367871332416942 0.372255056831777 0.38434080093168 0.380315564032686 0.369297383765693 0.378451617640192 0.383110871726977 0.395054881308987 0.41471462900123 0.400754484594105 0.390395053519156 0.410958562181888 0.473957744636563 0.460885345251041 0.467984841320562 0.505348984019182 0.535327905097211 0.561010498305996 -9999 -9999 -9999 -9999 -9999 -9999 -9999 -9999 -9999 -9999 -9999 -9999 -9999 -9999 -9999
0.202629463822358 0.210736356760377 0.232911910275504 0.257381009383504 0.263518498636164 0.267843178995962 0.303044510642209 0.326165792684841 0.336013595547125 0.339108556895428 0.333050077220912 0.369299314345194 0.377740368877786 0.374504613744255 0.381931776913317 0.439586877535011 0.408547151781138 0.459336299453073 0.454902924446561 0.438902361370983 0.417398270632567 0.374731877974507 0.367456071757332 0.379901626489748 0.375796161985081 0.364418319873311 0.386658352353298 0.397095885670612 0.424125488979041 0.467059779265347 0.464432395184206 0.457772105841215 0.447720873247854 0.452844003523088 0.50602525912976 0.501422802288462 0.487308603096525 0.506188473720611 0.509347052495842 0.494263893129943 0.53786420889097 0.5672911450197 0.582623630060714 0.599654711575035 -9999 -9999 -9999 -9999 -9999 -9999 -9999 -9999 -9999 -9999 -9999 -9999 -9999 -9999 -9999
0.197097745126761 0.193613761129681 0.225685657046171 0.237869729461044 0.243976509429328 0.252906432096741 0.277500045986031 0.289686911563926 0.311422943046874 0.324726023616485 0.328669174036183 0.351964591773145 0.358017143174254 0.340368618915348 0.367393422263257 0.413256223507648 0.42109262670727 0.431803388320419 0.453382048770327 0.428323777921375 0.414325267468454 0.385553109658456 0.397045167820328 0.396618818734436 0.39343635543959 0.394320923848545 0.400719925961426 0.440000768987448 0.434383513836524 0.46719562055995 0.485223117818623 0.474343482575279 0.449911438754449 0.469135756411875 0.524367762350014 0.523699380781405 0.578029529260906 0.621309389675837 0.596673890054141 0.594386947636525 0.56376445921508 0.58503558734224 0.692755774180155 0.701475853082855 -9999 -9999 -9999 -9999 -9999 -9999 -9999 -9999 -9999 -9999 -9999 -9999 -9999 -9999 -9999
0.19578472442656 0.201191666712314 0.216936661654962 0.220963739734626 0.227280880872744 0.232534814142182 0.250926088673828 0.270903510484824 0.285946270132345 0.307301292870139 0.315777298073698 0.311926168188965 0.318589343559054 0.340935611484588 0.358838312190706 0.393116238670381 0.37493845463363 0.39239734738072 0.418896579919082 0.441503523842178 0.420211875251913 0.406078174037218 0.413278977898282 0.408446986077732 0.412926788639589 0.405983193504788 0.409774185567917 0.456541470394625 0.48608022174716 0.460607884791868 0.461890104204001 0.450684526616744 0.418655220679139 0.409658685049985 0.466018712374662 0.540283314330987 0.649073749728315 0.657917376079393 0.733474414384557 0.778707207032115 0.727087316513031 0.652254209281781 0.767428742798668 0.76904368690982 -9999 -9999 -9999 -9999 -9999 -9999 -9999 -9999 -9999 -9999 -9999 -9999 -9999 -9999 -9999
0.19476119520721 0.191403123074985 0.201979773414309 0.207640427424867 0.214789182742836 0.22395015601542 0.242855408763888 0.268103709296446 0.288317105724554 0.31400520952177 0.329463534741612 0.332483460592312 0.333823236096263 0.364528038491504 0.385952689024728 0.402669489471459 0.414569668351743 0.421686982058146 0.447911161310472 0.465272549349357 0.460968738642134 0.458569883196773 0.448954217724304 0.434710074609231 0.438994999332345 0.420972475578197 0.43277104230753 0.470433698032126 0.494151208764154 0.459294995934145 0.435784353707556 0.430362113460308 0.402284038167379 0.387070225344128 0.453773574562043 0.584379554781601 0.698981254160658 0.764629723456784 0.747912987173726 0.754516210079336 0.722721437125788 0.760760468488429 0.780242453231227 0.789483760144739 -9999 -9999 -9999 -9999 -9999 -9999 -9999 -9999 -9999 -9999 -9999 -9999 -9999 -9999 -9999
0.191137736175476 0.207662434267029 0.21674446952477 0.210560804243346 0.213416206283201 0.231713868121304 0.248199026751662 0.272594511366817 0.295853215352058 0.326587574587732 0.335584386825976 0.333029381097951 0.354969856583604 0.371416821801337 0.380300115953618 0.412196702952326 0.425677350827128 0.433396800479704 0.446455108758074 0.466386967157192 0.48186244821343 0.51993686804526 0.483751622230147 0.484686876750459 0.484637034736615 0.455005793109151 0.44910083294652 0.508750292912414 0.495312470602183 0.449683641577681 0.413815330980084 0.366816196240191 0.27161045217795 0.363162880949571 0.488305502231046 0.607135618438736 0.691106221895983 0.714028767695694 0.747864049603098 0.781010089112883 0.758506261837705 0.777434810695126 0.795731590802302 -9999 -9999 -9999 -9999 -9999 -9999 -9999 -9999 -9999 -9999 -9999 -9999 -9999 -9999 -9999 -9999
0.223536929059218 0.228683919575019 0.233614761340043 0.231671940366643 0.23439931496708 0.247668749243901 0.262225058505322 0.285409258918529 0.310076219572617 0.332001552912633 0.331963418077809 0.311411546502915 0.330658353909817 0.354698515160411 0.38449074300076 0.403814543180503 0.406571657318262 0.428915062992081 0.457075697200687 0.48326382787648 0.502733908215202 0.542539854814861 0.52716797917984 0.519437747794259 0.523827720943109 0.50123418096603 0.483279320024253 0.505441258019837 0.484019508478575 0.434250312645607 0.411351781455887 0.345544700295192 0.241271111901571 0.317548848597773 0.468599418307843 0.595441677887233 0.689560013133652 0.710862142288542 0.789161471740892 0.80007119036601 0.790657474799193 0.800642679550264 0.810390381216489 -9999 -9999 -9999 -9999 -9999 -9999 -9999 -9999 -9999 -9999 -9999 -9999 -9999 -9999 -9999 -9999
0.265533147163253 0.248987801297153 0.247249755149095 0.252047543421336 0.248955051514702 0.265241997302004 0.278753665105113 0.295615086810788 0.320228103256347 0.336082500106768 0.310204703794708 0.308486166065996 0.331030851244439 0.366237222096304 0.397544757183919 0.410992270711193 0.414091673203651 0.416010015540042 0.466321635358551 0.514729382203927 0.518015110448671 0.55425182164739 0.549266216248675 0.54188838655228 0.556051998529738 0.546370990983986 0.52987475126128 0.536625334351138 0.508412787680107 0.464241345704474 0.421035489564008 0.365898924562569 0.334847899709849 0.323317425311775 0.472674176099018 0.612842243272206 0.747999359047375 0.746845728635389 0.765324444600044 0.779300499662664 0.791431726979016 0.805074905990593 0.808822150690787 -9999 -9999 -9999 -9999 -9999 -9999 -9999 -9999 -9999 -9999 -9999 -9999 -9999 -9999 -9999 -9999
0.272202003095853 0.272845773378191 0.265777572231019 0.273047606568995 0.274698579346661 0.287345959788899 0.296687769287344 0.313441423115576 0.329840510106135 0.344376116678541 0.310089137986937 0.328365525178279 0.346256298290726 0.367046724975164 0.385635568332544 0.413502181642007 0.412814247540901 0.416333292712483 0.479053063376281 0.527189491935307 0.517663250418893 0.55698818484236 0.563913353985972 0.555030070891405 0.566498255636022 0.580504730988052 0.585891182379122 0.611960243766113 0.552938467335015 0.498457189941918 0.438022199894236 0.371881969251104 0.387177798332587 0.361677249222704 0.516916641180543 0.604667421422206 0.740105455635686 0.77267643148403 0.735343412213586 0.770324941125132 0.784691958345038 0.80550672658177 -9999 -9999 -9999 -9999 -9999 -9999 -9999 -9999 -9999 -9999 -9999 -9999 -9999 -9999 -9999 -9999 -9999
0.294370998279856 0.288895948759053 0.295513864660953 0.298488646265362 0.302617934991094 0.307732568037596 0.316163566019678 0.329348890619304 0.344263166637002 0.342436933537341 0.328442815316953 0.3396952458006 0.339786735621185 0.361208116248977 0.395655049266449 0.416698446991078 0.429994021411768 0.437484996356087 0.510058954568609 0.525027251906358 0.551026259410978 0.610409407991009 0.58257308778888 0.572101623673934 0.574802380875898 0.596540356960409 0.612157221752153 0.61530229935109 0.571367664761605 0.514902294108535 0.451309056561077 0.388132933990448 0.38037349911497 0.412383063508011 0.532417998831837 0.638243273225216 0.733418715088147 0.751470598851468 0.710910194030873 0.732347482436295 0.768026226421514 0.773742250258559 -9999 -9999 -9999 -9999 -9999 -9999 -9999 -9999 -9999 -9999 -9999 -9999 -9999 -9999 -9999 -9999 -9999
0.3192513470764 0.322316880433331 0.327212920159956 0.325051230037586 0.332894689165872 0.342382789836456 0.329278889040554 0.338504454221098 0.34498202716568 0.344295687131968 0.342895033771248 0.328867293415212 0.343490989235623 0.376545683965279 0.414404042402464 0.430591219584336 0.454097178189502 0.484031409396932 0.528490154334926 0.533618583020087 0.577702181459728 0.599032303167134 0.616935747989711 0.607479311307173 0.618085909676908 0.612284955042938 0.586684215975246 0.589441589005969 0.562761885155674 0.514078433393636 0.460355876305475 0.409015018186296 0.358959396263936 0.411121657184656 0.493525133596671 0.632488122310304 0.650451779643784 0.631899297978288 0.68688537387949 0.687031492569918 0.729003803846574 0.753950032442022 -9999 -9999 -9999 -9999 -9999 -9999 -9999 -9999 -9999 -9999 -9999 -9999 -9999 -9999 -9999 -9999 -9999
