layers50/veg_krg_50/veg_500.asc
NCOLS 128 
NROWS 165 
XLLCORNER -2985163.8955 
YLLCORNER -3022031.214 
CELLSIZE 50000 
NODATA_value -9999 
[rows 26 to 51 of 165, columns 0 to 58 of 128]
-9999 -9999 -9999 -9999 -9999 -9999 -9999 -9999 -9999 -9999 -9999 -9999 -9999 -9999 -9999 -9999 -9999 -9999 -9999 0.486850173099065 0.304373627722347 0.215888937955344 0.0919016612153873 0.186374753014963 0.243203525351147 0.248570880129078 0.29274648043107 0.374976585266183 0.410094647581467 0.449520820946056 0.445149659336216 0.445612053097663 0.505825539328657 0.55041736769835 0.619838673500289 0.683658923819984 0.740081255998557 0.777467533919664 0.810489209592774 0.826376066992631 0.818776241773402 0.821256277264152 0.819741844107018 0.80623491759976 0.78794315284473 0.767886569543164 0.745240896783847 0.728278675246703 0.675759634757149 0.639084642729733 0.608222478380616 0.582958327227811 0.564387293549936 0.548410171374216 0.535020578352716 0.538000500037701 0.536717455800999 0.535021155747491 0.52045850916656
-9999 -9999 -9999 -9999 -9999 -9999 -9999 -9999 -9999 -9999 -9999 -9999 -9999 -9999 -9999 -9999 -9999 0.750156409099664 0.586055968841939 0.507258233860995 0.25927403106262 0.12747242485206 0.088109641971837 0.189668376420728 0.22104287959999 0.258631983478897 0.332844988643973 0.380028314976906 0.41332796675112 0.526928999552309 0.546156087330131 0.565066714237327 0.592355915146862 0.625490615980173 0.67165370422285 0.731713055945036 0.768544211980788 0.798557546740439 0.824745606743044 0.840903573651998 0.840821257087238 0.843009306622354 0.845354650096769 0.835472481377048 0.822752891816676 0.803533382418294 0.785206638929336 0.754604256616867 0.701173208690892 0.674859511513405 0.651338448469756 0.627868630931057 0.608249125157278 0.594449848403961 0.581873374858146 0.584624347504416 0.584983890133942 0.561730992115508 0.55017999565344
-9999 -9999 -9999 -9999 -9999 -9999 -9999 -9999 -9999 -9999 -9999 -9999 -9999 -9999 -9999 -9999 -9999 0.748385709957795 0.695726351045891 0.446788648749873 0.179129683340418 0.0486771299613247 0.0952859535324107 0.167025742023081 0.209455272874095 0.28904953438641 0.316397936476306 0.365545742806539 0.523508401711022 0.573419643052568 0.611234644600323 0.635340791418079 0.653359120243897 0.679096624126071 0.721718844294672 0.771809521083202 0.801816899710333 0.826538631278133 0.847859122154676 0.866729910186128 0.867767237051036 0.86806217624554 0.872490875756827 0.862583751631545 0.850905993499261 0.827859493349894 0.8091441698989 0.766099534934863 0.731133935060211 0.705625287121228 0.690339271967162 0.672017980056932 0.652614356795723 0.638086396395892 0.627144596010715 0.636939032882325 0.627861886660755 0.600507026769309 0.589510679562443
-9999 -9999 -9999 -9999 -9999 -9999 -9999 -9999 -9999 -9999 -9999 -9999 -9999 -9999 -9999 -9999 0.76236231050639 0.745438809724076 0.618158570712846 0.336553214475737 0.20161110741134 0.137032521576934 0.147566021968426 0.161234410372515 0.205086153792811 0.276247023398957 0.310166644533559 0.49148351309868 0.550337188396982 0.596278902202376 0.650786122473373 0.685366613480394 0.712604200285211 0.736549781370105 0.779624804445475 0.809961385923257 0.8368517280912 0.859017739799088 0.878462954543424 0.887990952135322 0.893132218467682 0.896515204786684 0.89430234460145 0.888139516290932 0.879856690767566 0.857655224953803 0.814653123888648 0.788079023640716 0.761476160964539 0.743340385887363 0.724763514695014 0.705815214538886 0.68947380152584 0.676846508363289 0.667995711242361 0.655953619391063 0.626776560871402 0.606477381394377 0.609780710180496
-9999 -9999 -9999 -9999 -9999 -9999 -9999 -9999 -9999 -9999 -9999 -9999 -9999 -9999 -9999 -9999 -9999 0.686305714708344 0.527104732079612 0.314287923079514 0.180277141498148 0.164405579688092 0.150830082579809 0.163785478016483 0.182045539011128 0.264261791698592 0.378925175880358 0.524344449556061 0.583739879616309 0.631365547489581 0.678367187624927 0.724795283502037 0.765815975708466 0.793499939256609 0.822116399730154 0.844877369706384 0.867115807716685 0.884403760545002 0.897203257368361 0.907890693772078 0.912085092981266 0.914005433484904 0.910542311527738 0.912374298043704 0.909310430047434 0.8777241781433 0.83929255571209 0.814517871914311 0.791379311156972 0.771658789323476 0.754921221963828 0.738764207436165 0.721540393105609 0.709973483824207 0.70573768820336 0.699231107439606 0.691053760670818 0.670119751523456 0.657928233317696
-9999 -9999 -9999 -9999 -9999 -9999 -9999 -9999 -9999 -9999 -9999 -9999 -9999 -9999 -9999 0.701513766022329 0.678580356997308 0.592495773590615 0.399210178617676 0.236444960594977 0.210111571605362 0.228817451532759 0.155623101596861 0.162548477903104 0.162884860084769 0.235011140541243 0.47083571862662 0.557587665048183 0.627444017829491 0.670003706100315 0.722363282336938 0.776334061641588 0.811318515594014 0.851454818984591 0.862147727566269 0.875762281995872 0.89346954443894 0.907342216127165 0.915856921411813 0.921358587408573 0.926895131428564 0.924306758391501 0.924053162062116 0.926111383156647 0.918252499896367 0.888575570195737 0.854678639804086 0.832067903791152 0.811498687405828 0.79246806796732 0.77820609449065 0.764641438737954 0.750849853157671 0.741061087165183 0.737647862682878 0.734677990455555 0.730461737841152 0.724096418768197 0.706791206448355
-9999 -9999 -9999 -9999 -9999 -9999 -9999 -9999 -9999 -9999 -9999 -9999 -9999 -9999 0.675376052029519 0.65160912982066 0.586136433583912 0.450445630964641 0.2917763992431 0.264917372269435 0.311457034920766 0.30313345923472 0.161112025861019 0.156389319723431 0.155352856243735 0.334796668880799 0.520006692505723 0.577630223969329 0.662163340849687 0.714240932962716 0.775146665701865 0.833699305608754 0.867010220594988 0.893062818089902 0.904974448757091 0.908865689317538 0.91511990218408 0.923164768063573 0.925075198129852 0.928226914963434 0.929489499171811 0.930204753534442 0.9272404872431 0.921408727801781 0.910973111743099 0.886838359992527 0.857632269265475 0.836957580686523 0.822200631870696 0.806867273901024 0.795762325867956 0.784023109413491 0.773760205677977 0.767964507426784 0.767458435209969 0.766461898436741 0.763472655721131 0.762902251288156 0.73412646456911
-9999 -9999 -9999 -9999 -9999 -9999 -9999 -9999 -9999 -9999 -9999 -9999 -9999 0.643181108645476 0.607037652317615 0.575310187623411 0.448163617105075 0.30442205184952 0.224406373015582 0.321126161184541 0.362185003905553 0.337308208279097 0.279188086905757 0.148688340407776 0.148388557612952 0.372967968217441 0.547935356398845 0.61405820944643 0.683871406970658 0.747437920359635 0.817780946667434 0.879286520468247 0.913287943484467 0.926236362277579 0.932480779274977 0.935574665209659 0.935932267112165 0.938151675098852 0.933122118838109 0.928848069469229 0.93015847788937 0.925757580718493 0.916350299201888 0.910112723380265 0.898866401300096 0.878669618719286 0.85636011620624 0.8370409840447 0.824733649349897 0.814168661232409 0.807442965367457 0.798166426645668 0.791549995991801 0.791757006113184 0.793905855864428 0.796531177744753 0.795214877887291 0.784142922659915 0.76045757435806
-9999 -9999 -9999 -9999 -9999 -9999 -9999 -9999 -9999 -9999 -9999 -9999 -9999 0.660965707692873 0.6389338130033 0.588746368905654 0.446231019242363 0.277835978366055 0.199110919640914 0.31686359867959 0.428848665274995 0.435924491023311 0.335255456544329 0.265066163317325 0.317062731783056 0.528552016630118 0.578665239738771 0.638410237559843 0.697733108824704 0.767120886447511 0.838354169508647 0.896240145198652 0.933618607626308 0.939171153485148 0.943486653692436 0.944260069768629 0.944316109049481 0.933390929709508 0.935363893025388 0.927798420982878 0.924628839256201 0.915828540134628 0.903832492765091 0.894901032240793 0.882833489598718 0.865395243972933 0.847987330965479 0.833323024233688 0.822283550802065 0.812558219906992 0.807140691268641 0.807545076523809 0.806416086063523 0.810490394572746 0.815071339447014 0.818893339380156 0.815777290625638 0.811149303854342 0.812252221122501
-9999 -9999 -9999 -9999 -9999 -9999 -9999 -9999 -9999 -9999 -9999 -9999 -9999 0.699352361270169 0.686196304421009 0.635551651716149 0.366972361086147 0.274334751181765 0.272946464167055 0.431805032808888 0.497825647738794 0.511024324534299 0.492155358505541 0.478535854776936 0.535121092873617 0.630219346707026 0.678233161321411 0.716014197944756 0.762048782535827 0.78233309139239 0.854969693887442 0.89468465550873 0.92183067148092 0.937072589018519 0.938816224271153 0.940520750624106 0.93223735068868 0.937533329916978 0.933418020660801 0.922552932445809 0.913673079405401 0.907638261865943 0.894007455053764 0.884339640873228 0.866489822848845 0.847131415688627 0.832597823801192 0.822308336854843 0.813576595415205 0.806791394578301 0.803300484795021 0.806349151897072 0.815500550178086 0.825998217770348 0.828624047388133 0.83246889736197 0.836350524603543 0.842292595837668 0.847196531322092
-9999 -9999 -9999 -9999 -9999 -9999 -9999 -9999 -9999 -9999 -9999 -9999 -9999 0.712769142879097 0.719599074190984 0.67673295757201 0.34847424346265 0.273115948369495 0.358868034287353 0.501120146806068 0.508110121561613 0.524137135712194 0.525501732011897 0.54458714597567 0.641478871292668 0.661345497310306 0.734709259489327 0.774400781431753 0.828614500141775 0.850143743951577 0.889737890033475 0.910587030758907 0.919652204988487 0.938344299450587 0.943215553147682 0.935508514102666 0.92218594564158 0.930450843675362 0.92558593830258 0.914718481447528 0.898046553307628 0.888295273062095 0.875309383600493 0.871727211078878 0.848687527074793 0.82490058575537 0.811286191534367 0.800936240346521 0.792784856662084 0.795314138431902 0.793983814834646 0.800291392909747 0.809510489481692 0.822895427791759 0.833608431910398 0.848063105516298 0.86208249573715 0.874674086136002 0.876641683633192
-9999 -9999 -9999 -9999 -9999 -9999 -9999 -9999 -9999 -9999 -9999 -9999 -9999 0.720294995949315 0.717973532042979 0.624786929940067 0.370505252562735 0.347730179345185 0.40989351826726 0.510201608169922 0.54222291801348 0.555805360430343 0.541744539348823 0.562175460702684 0.68396398992726 0.749345604958437 0.797685456702642 0.83080535804175 0.851014514694122 0.886117034109074 0.904244079742985 0.914485329904563 0.933979067082034 0.942926113923566 0.945515512315921 0.93131176385355 0.918362821447712 0.915033449271256 0.903631273897237 0.891963685317858 0.887466749681906 0.869895217198761 0.854550675671207 0.839588718557434 0.823040613672917 0.804029017662953 0.791982541461173 0.775586430557727 0.766914963865051 0.776178058056396 0.776315370713636 0.784769965133171 0.797131734581604 0.814134515151084 0.838723159158834 0.866869915657845 0.886722750912016 0.906344634718779 0.911116871584958
-9999 -9999 -9999 -9999 -9999 -9999 -9999 -9999 -9999 -9999 -9999 -9999 -9999 0.730209361070787 0.707358559947497 0.60068179396939 0.512574599939215 0.434857827044484 0.476716230686159 0.567508535546735 0.58257334104661 0.578742829021546 0.601228199161872 0.704810150091205 0.750380991207168 0.802552016855815 0.822987321662119 0.847943708014352 0.872211657788674 0.888684365800032 0.902318867518058 0.913998590297432 0.931611183899421 0.933176639025733 0.934288302436111 0.918717574356266 0.904394309221234 0.897384654159767 0.887599518674371 0.873939357324706 0.868361412988752 0.847288605515676 0.823760399630926 0.811675828401714 0.798367594068004 0.785327959568197 0.776674479513786 0.765014406898479 0.750457286069426 0.745092684429393 0.74807930436758 0.760665681158462 0.780689291261532 0.807722638897673 0.844821495401909 0.880083537429607 0.906354435038241 0.925499592260478 0.931651806510727
-9999 -9999 -9999 -9999 -9999 -9999 -9999 -9999 -9999 -9999 -9999 -9999 -9999 0.741400501009294 0.6697734142055 0.627986284364823 0.555264924956238 0.480954526985242 0.555910187474378 0.645160327742021 0.647960553648492 0.71238359157584 0.723404802207953 0.74750594793521 0.772185981948369 0.817469914379295 0.8331092863161 0.844578070940654 0.858577595455585 0.874253004172281 0.88613802187557 0.896537540033971 0.915465207168262 0.922639218806463 0.921143109438947 0.908043928384739 0.893470487688023 0.891897543782625 0.863726401762001 0.856734732973315 0.848021998686899 0.823046446783645 0.805177730220389 0.792206284611723 0.775891535601669 0.765973501289672 0.759527914763414 0.750102335185465 0.735371285567744 0.7319876910973 0.732512848187608 0.734077329552383 0.754856895534091 0.798090305553339 0.850512792043546 0.891811187466183 0.920287459571744 0.933146934049053 0.936340230644124
-9999 -9999 -9999 -9999 -9999 -9999 -9999 -9999 -9999 -9999 -9999 -9999 -9999 -9999 -9999 0.63714433970364 0.494341797240536 0.548703544712952 0.649018729335429 0.705309202879439 0.744846664901486 0.761140533800377 0.75735086742969 0.75751497234977 0.782096916502336 0.824009874845963 0.836055892928808 0.842581023145809 0.852236273338046 0.857761084032432 0.863898135774006 0.867209812382446 0.887155864124481 0.896167184321732 0.888967711932608 0.875247914798417 0.881531891633944 0.866201279145328 0.857428214283609 0.848902033571812 0.844041937140719 0.812513998348755 0.790801705347475 0.779130477484879 0.766424311761422 0.755532180746063 0.745457845457728 0.733901335902992 0.723929289189295 0.723507575030674 0.719070842784708 0.716107347411571 0.734275044842779 0.787551044342314 0.850207589534704 0.9022197377641 0.924009212872187 0.92998252108286 0.931451238286786
-9999 -9999 -9999 -9999 -9999 -9999 -9999 -9999 -9999 -9999 -9999 -9999 -9999 -9999 -9999 0.654270543309503 0.587970017990508 0.587146043281733 0.697590951117967 0.747871501911854 0.773156172697164 0.778039936786441 0.772896049197004 0.769831393451212 0.775447117177665 0.810348690002173 0.827726103172202 0.835938739045279 0.844516520316074 0.846744420374085 0.85072989528124 0.85560597086856 0.861233707934013 0.878162934703323 0.872527441766497 0.866863681541151 0.872519163251344 0.861324325318001 0.85040440457316 0.838963332597867 0.828785141353809 0.809877668625487 0.781780981425088 0.777032151027326 0.765299320727495 0.749490012658127 0.73445036239084 0.727692933966563 0.724458446782362 0.710929555927641 0.709188402218871 0.714769437666507 0.736417436961475 0.781892846057208 0.835633165455136 0.883946277885075 0.90493279688551 0.912914841567973 0.912903938350111
-9999 -9999 -9999 -9999 -9999 -9999 -9999 -9999 -9999 -9999 -9999 -9999 -9999 -9999 0.714190209443732 0.707537718167356 0.643526826780522 0.661382852702016 0.704873074183128 0.727080146011293 0.733736520351561 0.742595993369924 0.74486330431792 0.74461426596937 0.749793914141613 0.773826833227322 0.804073185056797 0.826227250159221 0.837836847508877 0.844590516023243 0.849971204496721 0.837463575313482 0.83412743731195 0.862433206937932 0.863703692085841 0.852357975039775 0.853766085336413 0.84665936585802 0.834108581504123 0.820339470379883 0.817792151276859 0.811619122460517 0.792108516373011 0.76175501319009 0.746484299778053 0.734144521076677 0.725312077489615 0.723019738156964 0.714809392317303 0.705602360638841 0.708188951949083 0.718508592252224 0.74008332978763 0.781405288795171 0.820153266756284 0.858093620327661 0.880317987410891 0.894789045908636 0.899292098051679
-9999 -9999 -9999 -9999 -9999 -9999 -9999 -9999 -9999 -9999 -9999 -9999 -9999 0.693508468923831 0.703034002837971 0.671660079379563 0.62361048788915 0.620893390069632 0.66257827748351 0.692450587471126 0.700878203162548 0.673999853865711 0.704517461895811 0.699661783755142 0.714887385289075 0.718979978616585 0.749429427275832 0.798254618999612 0.816213624897458 0.830771702145606 0.840072195474415 0.831089699669755 0.823203497285477 0.837755088794928 0.853064645838625 0.836856056935611 0.831011724460473 0.833851399452671 0.812091365051244 0.809721258130694 0.81734262031062 0.811286517786176 0.79541428177923 0.76568097841803 0.739288878542642 0.735202369055766 0.732942921625652 0.719063379260674 0.716229863133804 0.705915155476473 0.713513413800434 0.726254856917216 0.74491472320007 0.77744201324566 0.806125846894609 0.833994624759038 0.857422322382346 0.874219814570723 0.883004445328291
-9999 -9999 -9999 -9999 -9999 -9999 -9999 -9999 -9999 -9999 -9999 -9999 -9999 0.67458434059474 0.667141061344964 0.625955598016421 0.60284794622245 0.61252338203718 0.644105897095018 0.6841373668582 0.655806105383521 0.648994339514326 0.696897780185543 0.705687691863095 0.708093694234347 0.712043566038916 0.712866885023273 0.768080447254251 0.79879925601711 0.804390774905162 0.801583867680981 0.808307698119007 0.809285411133929 0.83455826220539 0.85390040646865 0.849107338530507 0.832205316451624 0.811514326948264 0.788148578612168 0.802462185614062 0.799364221316175 0.793018451740672 0.775026024575152 0.761538960554168 0.753633802000827 0.7338434335981 0.717592612985966 0.717119979179939 0.698775666559813 0.703222557556676 0.707087643539731 0.722124293410948 0.743666190958837 0.778057875724512 0.787808166610278 0.810110995839742 0.838976051548575 0.851922167648393 0.855417092454851
-9999 -9999 -9999 -9999 -9999 -9999 -9999 -9999 -9999 -9999 -9999 -9999 -9999 0.660840140501467 0.657755723671545 0.627739666107091 0.557574156280426 0.581692367014042 0.639082304071823 0.651591391492006 0.641676665381241 0.656831674008962 0.686364244828788 0.699929654739287 0.70477259162267 0.70770180433343 0.710102328418285 0.707879884249123 0.757091898192641 0.773214102143899 0.781661424832479 0.782800228283708 0.79520431573542 0.838550515883748 0.839853932175437 0.833535491537265 0.816994564276883 0.801657435897529 0.797197161645459 0.784574092616905 0.786452639212269 0.775765692795008 0.771909670617193 0.752358755372499 0.748503523218963 0.73233277193369 0.719837363648092 0.72268026630606 0.707686352742922 0.697691264354115 0.701084124059351 0.721706608400618 0.739389055982088 0.761115205799885 0.765505705915349 0.798200438526107 0.807626279478495 0.816271476672265 0.834111065669938
-9999 -9999 -9999 -9999 -9999 -9999 -9999 -9999 -9999 -9999 -9999 -9999 -9999 0.656709629113658 0.655394953136466 0.650389569866742 0.598767421444357 0.581373542984619 0.619875796516519 0.612445447985696 0.630185486285439 0.648155884284961 0.667257483690892 0.690963669898897 0.698176673627025 0.70080062767604 0.701906726372512 0.685173633059727 0.685583660187268 0.733038813250191 0.759688139865531 0.776223061469464 0.822338072619748 0.82392825509075 0.824458198520025 0.816076131946306 0.795436541225168 0.787070330475546 0.786276558498019 0.788430576854296 0.786115041610208 0.782184241028377 0.777919890581251 0.759843012248836 0.747928949784098 0.731943896375634 0.718778258777636 0.704662674476847 0.698933635655327 0.695600775195706 0.705224549039479 0.719400083134038 0.735054829646684 0.753378841335823 0.773435125632992 0.771243452497234 0.78351962749542 0.799374032378958 0.805813030707408
-9999 -9999 -9999 -9999 -9999 -9999 -9999 -9999 -9999 -9999 -9999 -9999 -9999 0.663645643914392 0.663626429613966 0.657506656068523 0.62695575538156 0.589014948679024 0.593259091318823 0.604048998462119 0.620625621220389 0.642085997922495 0.664035589713422 0.687991505338871 0.701539456142968 0.695387959540547 0.690126562135488 0.679797002655557 0.670824945647928 0.687116157042888 0.738905923638025 0.786101092737131 0.804506333811284 0.80921828034125 0.815972667854627 0.819433037295267 0.799689355425536 0.786154482089017 0.772400589219915 0.796617097511233 0.790948623232192 0.785014059905782 0.777967711365678 0.752803510250027 0.727043873200204 0.710953381647076 0.701888255735701 0.691603662058974 0.686374894450938 0.684890346006156 0.695863290247335 0.707450711124376 0.720662953572181 0.737074760683035 0.757034531304428 0.759040969193312 0.763739209933495 0.779900250222618 0.781735975439446
-9999 -9999 -9999 -9999 -9999 -9999 -9999 -9999 -9999 -9999 -9999 -9999 -9999 -9999 0.666606742647008 0.653340641088432 0.633700161201676 0.584924001022048 0.586568128601872 0.594659865604855 0.607742718979108 0.634017552629262 0.682015026479415 0.711732015433751 0.696442118688126 0.681016274809658 0.681828864973761 0.66073845667523 0.661636068068018 0.660839419109662 0.720224561839468 0.779886781129913 0.789586407486598 0.798571215506865 0.806623454614872 0.805024728008398 0.79694364136398 0.786264197831029 0.761815597661481 0.791077215117738 0.778331693715495 0.776833038584416 0.773963308115867 0.721155148791238 0.712422019315909 0.685869971351572 0.67657720995348 0.67033799803065 0.664998095463116 0.667554162541568 0.678727345288078 0.694888351925596 0.705934147100326 0.718299376828059 0.747312001949912 0.758009947911097 0.756447105989785 0.768495211360728 0.777246404933756
-9999 -9999 -9999 -9999 -9999 -9999 -9999 -9999 -9999 -9999 -9999 -9999 -9999 -9999 -9999 0.651639254778839 0.599618296746431 0.596988218060831 0.586127071764239 0.57005876148028 0.569889403524034 0.60275852839164 0.657480704847853 0.681779470263524 0.664945335519628 0.659830080316235 0.667037465232126 0.648037151399023 0.643050989175785 0.655798146786732 0.716620236305777 0.735054802067 0.742371573713226 0.747594204090496 0.754857269744668 0.753086308693947 0.734938267344796 0.726242142642663 0.784983601057626 0.757631482165491 0.745046353036247 0.756927910261215 0.745770794949898 0.732817853170806 0.680825025052972 0.678418301555091 0.666542449434162 0.658985553542326 0.652285738544049 0.654825851338278 0.663022061664734 0.679642523020376 0.693214123314548 0.70677542908872 0.734793375167222 0.743348127646544 0.744127364953381 0.762310988354001 0.758282429912174
-9999 -9999 -9999 -9999 -9999 -9999 -9999 -9999 -9999 -9999 -9999 -9999 -9999 -9999 -9999 -9999 -9999 0.600066939484286 0.570947331609754 0.512554498810626 0.523775276784788 0.537143529285826 0.583896532055868 0.66611894533141 0.647635998668108 0.635580689680773 0.642204384546386 0.639145395114735 0.626178134910505 0.683261599587962 0.721435927545674 0.731087439186063 0.739223915655259 0.747678972523411 0.757212811672912 0.759793061681724 0.746982729473691 0.744671422540467 0.813234492606829 0.79919123107011 0.75698759755329 0.741643383927153 0.738127097167134 0.721632238633462 0.684771248462508 0.678363159750653 0.658680893381115 0.643973880655952 0.643533752772276 0.64318520445667 0.649027729531596 0.666188086899414 0.677537304533719 0.712710599961312 0.718276333400011 0.684087584692482 0.686702221002975 0.740478057462298 0.761835918961766
-9999 -9999 -9999 -9999 -9999 -9999 -9999 -9999 -9999 -9999 -9999 -9999 -9999 -9999 -9999 -9999 -9999 -9999 0.543320187492261 0.483214195869298 0.477019892043474 0.500657176836276 0.474193346440203 0.570977214285565 0.598222104913433 0.593394501432687 0.608105308172401 0.606755015927792 0.638026804680056 0.70711497312084 0.712759147170243 0.728597860312806 0.737470424437505 0.758846039372793 0.783813889246804 0.774071163052197 0.772394440476648 0.830007178774769 0.845344801350767 0.822745431482028 0.786490052616667 0.752254417955151 0.730750654344175 0.705815521022407 0.686852601558047 0.681102684746538 0.665559656785768 0.6496389506472 0.634793443374758 0.646370854252169 0.644309204741095 0.655395567041746 0.67163364919597 0.688972492123394 0.688014008413008 0.657296548486326 0.66537034203322 0.682697747674557 0.707434554424137
