layers50/veg_krg_50/veg_4400.asc
NCOLS 128 
NROWS 165 
XLLCORNER -2985163.8955 
YLLCORNER -3022031.214 
CELLSIZE 50000 
NODATA_value -9999 
[rows 26 to 51 of 165, columns 59 to 117 of 128]
0.35724232309241 0.336759870748365 0.328365660705693 0.313295015495318 0.300896411223368 0.290429333172202 0.669640350407832 0.709463594454565 0.713615927816276 0.697517523876572 0.712538921978402 0.738845663491843 0.757112305655847 0.797842653252114 0.836541241546568 0.85348668467322 0.851802942074127 0.885208907064822 0.899902115090405 0.892076179373961 0.907548745498405 0.917822716455344 -9999 -9999 -9999 -9999 -9999 -9999 -9999 -9999 -9999 -9999 -9999 -9999 -9999 -9999 -9999 -9999 -9999 -9999 -9999 -9999 -9999 -9999 -9999 -9999 -9999 -9999 -9999 -9999 -9999 -9999 -9999 -9999 -9999 -9999 -9999 -9999 -9999
0.355909785082668 0.346102522411329 0.340694270842924 0.431657573234969 0.515555833373654 0.579436641986637 0.699215851305011 0.724144239549597 0.720505579339673 0.710788949050829 0.709974322527068 0.703248290353446 0.746246060731591 0.788593542053337 0.824024759200843 0.838209306454045 0.837801755730102 0.858090544154639 0.860696273616828 0.883359933082179 0.899979316945784 0.913871040131726 0.933497047218378 -9999 -9999 -9999 -9999 -9999 -9999 -9999 -9999 -9999 -9999 -9999 -9999 -9999 -9999 -9999 -9999 -9999 -9999 -9999 -9999 -9999 -9999 -9999 -9999 -9999 -9999 -9999 -9999 -9999 -9999 -9999 -9999 -9999 -9999 -9999 -9999
0.590974184231102 0.619646649171638 0.634659642582008 0.628479380126776 0.643857380010183 0.685413647985574 0.75728845496912 0.766814752577429 0.727270657487751 0.720313875794062 0.720463516746028 0.723791509388986 0.73502365936621 0.765824692586157 0.813227211728194 0.836044611884533 0.841867568427392 0.85284800774526 0.884599659455044 0.909036720622442 0.915116465035848 0.918838765160747 0.939029935411897 0.928950192904254 -9999 -9999 -9999 -9999 -9999 -9999 -9999 -9999 -9999 -9999 -9999 -9999 -9999 -9999 -9999 -9999 -9999 -9999 -9999 -9999 -9999 -9999 -9999 -9999 -9999 -9999 -9999 -9999 -9999 -9999 -9999 -9999 -9999 -9999 -9999
0.654668491159898 0.656917718570029 0.679681134166094 0.705737737727822 0.709270367478858 0.704059752075169 0.758941892820627 0.766643545456395 0.731532898054251 0.725083251733817 0.732418162408256 0.71783227297974 0.714299030218446 0.746241742087783 0.796329694795332 0.830998438579869 0.860607907524576 0.878865293607959 0.901780756390438 0.915408693597933 0.923355317114677 0.937212772106531 0.932453356100518 0.925358479545665 -9999 -9999 -9999 -9999 -9999 -9999 -9999 -9999 -9999 -9999 -9999 -9999 -9999 -9999 -9999 -9999 -9999 -9999 -9999 -9999 -9999 -9999 -9999 -9999 -9999 -9999 -9999 -9999 -9999 -9999 -9999 -9999 -9999 -9999 -9999
0.674242421040989 0.699460901350509 0.721008406490695 0.723529220776537 0.728928947373587 0.732937160803956 0.777356837311854 0.767508462437409 0.752310743565088 0.742107764594401 0.697866641403482 0.697230135642949 0.679012797873731 0.730132650323977 0.78777584675767 0.825620262580086 0.852839944205596 0.867925977823076 0.889285368506563 0.912117789401757 0.934644326582811 0.945022252243086 0.93785062261731 0.934845572731452 -9999 -9999 -9999 -9999 -9999 -9999 -9999 -9999 -9999 -9999 -9999 -9999 -9999 -9999 -9999 -9999 -9999 -9999 -9999 -9999 -9999 -9999 -9999 -9999 -9999 -9999 -9999 -9999 -9999 -9999 -9999 -9999 -9999 -9999 -9999
0.713418132076118 0.737429630181623 0.737495333700218 0.746269838700452 0.755083819864856 0.757265585925336 0.746402385896494 0.74528073612086 0.734865409136314 0.715261542070841 0.678540252469059 0.683379934891203 0.642763743310201 0.687377579345343 0.772887214172431 0.803713617519522 0.832854949548021 0.863091650873983 0.880979247419118 0.909311038789004 0.938546098153711 0.941768441075939 0.941995784430453 0.939209097940254 -9999 -9999 -9999 -9999 -9999 -9999 -9999 -9999 -9999 -9999 -9999 -9999 -9999 -9999 -9999 -9999 -9999 -9999 -9999 -9999 -9999 -9999 -9999 -9999 -9999 -9999 -9999 -9999 -9999 -9999 -9999 -9999 -9999 -9999 -9999
0.75419421172387 0.765442265569748 0.778387796898222 0.788068961005062 0.788507828706001 0.759140164843895 0.759365886455387 0.747887911117371 0.73219360797141 0.682050629782578 0.691982145175287 0.632960378617686 0.587131279332567 0.712718831504848 0.765440885803287 0.776382281254793 0.79866083168114 0.846549331010818 0.868462534419848 0.909508654447152 0.940537903699225 0.947336765072426 0.947706546881454 0.941351297758845 -9999 -9999 -9999 -9999 -9999 -9999 -9999 -9999 -9999 -9999 -9999 -9999 -9999 -9999 -9999 -9999 -9999 -9999 -9999 -9999 -9999 -9999 -9999 -9999 -9999 -9999 -9999 -9999 -9999 -9999 -9999 -9999 -9999 -9999 -9999
0.784758551032463 0.79704986096109 0.813582397340218 0.814165385802355 0.807447217140865 0.826139366793276 0.822009277392043 0.805581054067213 0.777089440625347 0.78664063768441 0.694730193675005 0.678163648313833 0.673872138124296 0.704550750135334 0.730765385573042 0.743543418423391 0.794227774423265 0.835669925297816 0.882889612520432 0.918334225414216 0.9444824634289 0.950782868696184 0.949699580179411 0.941020648213574 0.92775015418847 0.919147008678449 0.905538261490386 -9999 -9999 -9999 -9999 -9999 -9999 -9999 -9999 -9999 -9999 -9999 -9999 -9999 -9999 -9999 -9999 -9999 -9999 -9999 -9999 -9999 -9999 -9999 -9999 -9999 -9999 -9999 -9999 -9999 -9999 -9999 -9999
0.815872860293692 0.828962522767883 0.830678029656686 0.830404423189455 0.829171804636018 0.844791336920996 0.85498947538003 0.854879028642702 0.843629205723998 0.845440825810282 0.679778050815734 0.748634232843306 0.664105286459087 0.659007036033751 0.654037130970283 0.744517230099647 0.803813060027121 0.840642804403764 0.891532005697117 0.932172134406865 0.957474000835378 0.955931152723034 0.949968615989444 0.93752514956752 0.922116989002928 0.912592137692208 0.89802410454974 0.863232303073989 0.85387440844374 0.827277879616665 0.779873053503994 0.745890576607702 -9999 -9999 -9999 -9999 -9999 -9999 -9999 -9999 -9999 -9999 -9999 -9999 -9999 -9999 -9999 -9999 -9999 -9999 -9999 -9999 -9999 -9999 -9999 -9999 -9999 -9999 -9999
0.850838405024093 0.849628758741804 0.844656846127298 0.839306597369857 0.848158878443968 0.846781969941636 0.84948368743759 0.848553520851268 0.860607152389861 0.903919367616886 0.857274214714209 0.830139201666066 0.776735970084516 0.761554819101776 0.730690411588303 0.782619002256117 0.813276618387141 0.86002375084793 0.897122104604642 0.938447706585084 0.957334804925644 0.954499291391363 0.944514813901785 0.931160325522742 0.919849582195035 0.906082381624671 0.871541757615106 0.858589511829615 0.833365855458878 0.790845170474937 0.757599064979158 0.738204532051117 0.70403852133665 -9999 -9999 -9999 -9999 -9999 -9999 -9999 -9999 -9999 -9999 -9999 -9999 -9999 -9999 -9999 -9999 -9999 -9999 -9999 -9999 -9999 -9999 -9999 -9999 -9999 -9999
0.866563483615535 0.863394171611604 0.856462174610328 0.847226803353751 0.841668536639227 0.842650057389157 0.868144623953698 0.878390774487242 0.911039865855869 0.882678252690356 0.881043069550477 0.879142884919534 0.873933732906822 0.849110790984225 0.832128090198124 0.805601932286856 0.81761002469516 0.853220767493644 0.887085618710161 0.925314417940263 0.942203050435101 0.93942163317276 0.928849101020523 0.914620647316031 0.913006515439598 0.888988253964298 0.856170191285391 0.842411582190021 0.812033296817541 0.765665444941772 0.741116749131114 0.70997716769976 0.691253861039472 0.693883988370709 0.673356055897753 -9999 -9999 -9999 -9999 -9999 -9999 -9999 -9999 -9999 -9999 -9999 -9999 -9999 -9999 -9999 -9999 -9999 -9999 -9999 -9999 -9999 -9999 -9999 -9999
0.884267267980795 0.877200954292548 0.863392116792413 0.856594881068132 0.853890088449238 0.849708235644237 0.862331073250553 0.86485673123729 0.863134238162403 0.840239011040629 0.789800854498991 0.789685387793853 0.825654702481214 0.829826924593088 0.798635400758135 0.7809357961257 0.801291342326682 0.831411055197191 0.859541919871226 0.890696101605747 0.908466903407463 0.909184622417444 0.907610170639328 0.903935914946359 0.883155706182646 0.85172355402929 0.832363450624092 0.82294600513652 0.782650281710964 0.746937003277594 0.718864269623782 0.680856017253851 0.666897734029859 0.673070290464374 0.648621876417192 0.647727280845564 -9999 -9999 -9999 -9999 -9999 -9999 -9999 -9999 -9999 -9999 -9999 -9999 -9999 -9999 -9999 -9999 -9999 -9999 -9999 -9999 -9999 -9999 -9999
0.899639123793652 0.889974499507955 0.874798220864528 0.862877735665259 0.85153931500062 0.83519519355487 0.840617148887583 0.841773711264906 0.844942646479103 0.834876849005922 0.782905725148882 0.785820530849241 0.800166483987787 0.783775233713043 0.768864341584818 0.768461618878058 0.78687586887163 0.802769294758121 0.821830612712806 0.84779622900806 0.865094089304098 0.867698136775637 0.875923169011657 0.873815446341429 0.855692770779622 0.831603562680829 0.823835738044477 0.779015355134603 0.760586243915001 0.733217322403602 0.69219993568807 0.635532763779088 0.64287678642725 0.64691841034064 0.628975504465561 0.627609843399641 -9999 0.595555915690652 -9999 -9999 -9999 -9999 -9999 -9999 -9999 -9999 -9999 -9999 -9999 -9999 -9999 -9999 -9999 -9999 -9999 -9999 -9999 -9999 -9999
0.901795248326538 0.885488407229718 0.86882092005956 0.855953601877278 0.844057510910236 0.835277216019611 0.826919721217614 0.827107339486449 0.820484549036578 0.82132238798845 0.74793122589013 0.821090858059607 0.788844243827753 0.77237353396731 0.764049675643943 0.757226461744171 0.764552600618185 0.759154135915755 0.793575287886372 0.807272078374631 0.81905168124679 0.826686642294541 0.838383441744732 0.844580128073765 0.841867233498827 0.816748488688679 0.773720592564939 0.761083200735535 0.731021070877862 0.703209700032558 0.653162686658188 0.589464445362412 0.605812186465077 0.62464219373622 0.614180943772169 0.603762455629494 0.579387240814689 0.562590672327615 0.555542349081139 0.573378695266824 0.602269854511807 0.630924506985707 -9999 -9999 -9999 -9999 -9999 -9999 -9999 -9999 -9999 -9999 -9999 -9999 -9999 -9999 -9999 -9999 -9999
0.899265517119276 0.886436765250352 0.869710716026481 0.849708583849543 0.837856794807365 0.831261390499833 0.818784141225285 0.811562635750239 0.799454838769028 0.787225399398052 0.781981743331355 0.776015086703276 0.750301311539341 0.74148458442019 0.741625791687347 0.748888019516866 0.743487003146963 0.730875436513371 0.743245022799298 0.757017330995237 0.765530208782612 0.775261069656982 0.790283351920361 0.801220822361423 0.807971179187101 0.809085172959323 0.75419249785625 0.722296453259002 0.664021873455945 0.680073567202285 0.578177134147052 0.59063249614634 0.598200656973727 0.617249716764842 0.613818406770538 0.589900558996478 0.554765999788633 0.526496719846214 0.5315147949617 0.565004368083471 0.601755703539092 0.621259887301477 0.607201301033703 0.627788984768905 0.693570181549448 0.758308567035128 -9999 -9999 -9999 -9999 -9999 -9999 -9999 -9999 -9999 -9999 -9999 -9999 -9999
0.89362395634015 0.885256520192396 0.866373052298892 0.844499073766702 0.833551583906476 0.819593514910305 0.809334256373625 0.800209298680421 0.791386288928583 0.767196798229491 0.746713829002226 0.726464066642538 0.698630195650069 0.703624093474737 0.707856188925083 0.70075703621022 0.694368120521251 0.694430125771074 0.696320388238746 0.710491607282169 0.715360025910505 0.726432276806259 0.746093989404542 0.777240695866481 0.788373321134829 0.79011072929493 0.745892905329317 0.708438592868358 0.643367815743076 0.62337308609817 0.576066718983141 0.615257195923339 0.613897510278081 0.615290778161787 0.603549505793538 0.579821209699044 0.542094066597852 0.532783134359488 0.536173042842756 0.570480379856108 0.591875634582717 0.591453825410588 0.544071591568403 0.612485072556276 0.689324918468378 0.75839761652502 0.807766695489625 -9999 -9999 -9999 -9999 -9999 -9999 -9999 -9999 -9999 -9999 -9999 -9999
0.88715091939097 0.877162305953139 0.860270669907639 0.837396281704929 0.822990038867245 0.801536176629088 0.794702240645348 0.785884983788153 0.777717722415218 0.751198808641271 0.721617838723565 0.700746425959479 0.681798532920635 0.671549148792273 0.667612496973399 0.652800337638339 0.655783280704256 0.643509676942382 0.634284886814321 0.653133547209522 0.650123111781551 0.66238579448117 0.688073904751803 0.752848250144342 0.771680902923318 0.741706839724535 0.720992619538154 0.676898544301705 0.622795041323578 0.621783118384235 0.60330865383754 0.610037613266954 0.598785726770265 0.599009958914297 0.589993519785692 0.567417807124435 0.537547269044734 0.533785445260183 0.541469625562006 0.559747073268643 0.58043727881335 0.591522150961112 0.449036684457729 0.490596106117731 0.689924129220745 0.724855036289538 0.781470464913619 0.836762105670867 -9999 -9999 -9999 -9999 -9999 -9999 -9999 -9999 -9999 -9999 -9999
0.867286649084944 0.858289357007081 0.844129941894927 0.826831058791541 0.801353466202202 0.78539023854902 0.779951974205757 0.763808745461199 0.75063959323256 0.739061125353918 0.703753730328341 0.673674837328538 0.661121713404867 0.655247345362772 0.63142849108481 0.608576942982814 0.618632051877636 0.60221232505926 0.583225882343509 0.595663160094199 0.587853854226208 0.581491216365037 0.641111043334104 0.708284911106657 0.761931507387445 0.748513063732967 0.712512119130669 0.655959117111697 0.595358637834424 0.598340421755221 0.57054810268329 0.556668607462108 0.577601867808465 0.581441288522363 0.564001867970192 0.542514591550472 0.534390763604901 0.545806053058534 0.549628303389968 0.552170544391266 0.571093908535332 0.474476071572762 0.415982129288425 0.464365305415376 0.665611359535086 0.666317094267019 0.754786961980314 0.779819724307349 0.846839878207945 -9999 -9999 -9999 -9999 -9999 -9999 -9999 -9999 -9999 -9999
0.842452874634456 0.831879733299567 0.821981500104122 0.80867191211888 0.789167931259251 0.76918010969696 0.766262628377544 0.752408227851391 0.743833995219177 0.724922678395266 0.699164023264346 0.658643287141975 0.642326120365271 0.638879721447032 0.595035914281229 0.571971570728637 0.560015740255172 0.559282961002006 0.528950308794457 0.540564376600891 0.513788545110358 0.537375598912323 0.598227948590595 0.662462554185252 0.699838276706295 0.725505056015123 0.665503447483624 0.66494740831761 0.605843319755644 0.560308486060859 0.540039807189245 0.557776796164815 0.552775196113723 0.565459020035376 0.541574154500471 0.508240360086701 0.530187447208979 0.547888019590258 0.557590673610271 0.564035952235293 0.568259266856206 0.51488107383883 0.442839417634251 0.569374276151601 0.616216552530094 0.603327502684979 0.673219769301747 0.772452057182146 0.836744977136428 0.867845442659506 -9999 -9999 -9999 -9999 -9999 -9999 -9999 -9999 -9999
0.804096438208909 0.80788106108825 0.80041252826703 0.789874747746294 0.774467656151916 0.765608828017568 0.759527920155083 0.743529594043699 0.723693049320708 0.703659606622184 0.662164368458014 0.633423832679812 0.624383752676564 0.617072042503935 0.56802685316508 0.545170613649129 0.527525731518973 0.525189910466271 0.477088961834426 0.471197592500131 0.479063106510284 0.477637489789076 0.407724021375114 0.560085063703999 0.646366003342685 0.627924207662839 0.658275707267738 0.591797257274478 0.593234351749645 0.524805761477931 0.532933570994031 0.524707808458586 0.514654408147395 0.534790761162317 0.51268646839161 0.52001130070678 0.512244416389418 0.506589511213708 0.524550329780886 0.535201791410959 0.552927273218758 0.523168112258815 0.493892560883226 0.551311098136019 0.517596552400306 0.587821233186155 0.668594312809593 0.769586586872472 0.805805514887074 0.833216854176394 0.845684930465502 -9999 -9999 -9999 -9999 -9999 -9999 -9999 -9999
0.772888557294369 0.783553199748984 0.78281015939502 0.773813494634392 0.758199681677714 0.743750633146412 0.727523892593166 0.710100774338742 0.68088843946867 0.66317232703263 0.648216352221358 0.61912431355943 0.605842586520965 0.578615392598811 0.51961723878348 0.488371459950548 0.49885349309738 0.502484994869896 0.435579904844664 0.4463596192299 0.443273983537796 0.460683743723227 0.442320626275165 0.43864020373592 0.566790349139886 0.570047712928583 0.585365369136719 0.539573833446881 0.565869296022461 0.500932530078429 0.465983408945826 0.446979999114637 0.434809962920958 0.444495056117416 0.439249407234794 0.460489858835081 0.473122640414552 0.482055733871358 0.518782128487199 0.510566716070086 0.527155038213044 0.483885849284961 0.408540150198713 0.486908686880416 0.487830238135583 0.535429292597043 0.682135789145159 0.768934298447755 0.790382186136403 0.808204694208929 0.82148444441483 0.836900456515445 0.823025150305297 0.805094006881669 -9999 -9999 -9999 -9999 -9999
0.751171887049461 0.746015439200068 0.760068223676375 0.75426003841656 0.739450340350113 0.732032495327923 0.701311165579765 0.675662263074872 0.648312289073957 0.619551522744903 0.62397098052592 0.598245402800255 0.593185647126678 0.547304101789883 0.505149143542389 0.47463530512232 0.475286861303229 0.489110214131179 0.448339419288296 0.441894416829226 0.424773720424224 0.411026034611029 0.428006398689195 0.45341551336925 0.520299198658607 0.527986870000105 0.523436680116924 0.514334004164261 0.525624034891217 0.455578985926569 0.414047856533218 0.370227077096303 0.356929485010941 0.387773233946871 0.406271198265548 0.427102927124088 0.422796717694665 0.457463700699319 0.501733571321084 0.474912077056213 0.496887323770323 0.496238133260528 0.367494826941377 0.436777481055352 0.488433714876286 0.554063398653248 0.650451537633737 0.737876275398854 0.714545279849622 0.776822594253403 0.799726119739842 0.820837117992302 0.801721211882591 0.780273265318393 0.783151218836716 0.787651423280691 -9999 -9999 -9999
0.717544293214437 0.714358863786092 0.720711593132416 0.724737332946112 0.711083218937692 0.70768527594812 0.681188390986869 0.642083376776295 0.609287726125226 0.588175040801306 0.592448750833137 0.566954464144022 0.56713418962297 0.519001495698135 0.486841993483478 0.457104699374786 0.481539885157834 0.466221587044053 0.441026626120096 0.440856909978707 0.395465962100692 0.374937086165559 0.398721271576067 0.504176900180887 0.507509394156437 0.479608085097849 0.486547033619091 0.523846117232843 0.489067396481996 0.407218255197407 0.412037611239049 0.410499134321951 0.432487402670148 0.426487039542828 0.432788298685645 0.442370864684161 0.453531010025825 0.478386147207157 0.496010773044666 0.484561986561902 0.464130633635871 0.427859272180137 0.375166789970032 0.421510008109968 0.50188407873608 0.592344525384386 0.666122180696256 0.589143848189728 0.657453829751901 0.698962268079528 0.760394050519526 0.751496680574908 0.718759531990375 0.719147230168051 0.740537469660084 0.732488490197164 -9999 -9999 -9999
0.680113290557375 0.685076411392387 0.688003577740112 0.698072107237654 0.698778443290235 0.658101806234042 0.659274892174296 0.599841054984137 0.535770503667974 0.530972374248156 0.541435079171957 0.537789045930308 0.528019037652068 0.496610632558013 0.527167285554465 0.49224523914194 0.499695342945842 0.453764131349876 0.421243115292733 0.418252743014251 0.398656155888143 0.352585142534453 0.432447262736932 0.508463247101234 0.53236721097003 0.489526231605451 0.526454535572435 0.517546919609829 0.481151464870343 0.435647018509809 0.4268785917173 0.408329790256952 0.406229497716588 0.407633166051895 0.402500163739046 0.419350828206025 0.433993212656636 0.442403965580308 0.470437751120592 0.474153993680625 0.487259419097198 0.484340882398692 0.441083848672325 0.409329182442524 0.463176302711521 0.514662349105491 0.600070686179011 0.632005356874502 0.665306099462149 0.676414154103764 0.688390168836303 0.677644870757618 0.620184973316182 0.671563579563716 0.713444833258934 0.742674593969634 -9999 -9999 -9999
0.649946352770885 0.654408443883175 0.662287280028513 0.676950465234664 0.672897876045167 0.65772489541139 0.644473124197556 0.5931335341362 0.564708734354569 0.433697212367259 0.539132722570224 0.542965729704272 0.520206907588479 0.492781820587373 0.517859343492113 0.468912657413667 0.512156668537596 0.432651530196002 0.415940931266571 0.412929054513113 0.346065854290319 0.378810866739798 0.437185719192502 0.497902844654137 0.510379460037376 0.478952806647076 0.521058119056186 0.46756056603931 0.446142853254162 0.407780155446615 0.395647068813544 0.404011894310728 0.395042964659875 0.384479785764895 0.378058387779379 0.390396613664898 0.389239581629571 0.399701544040146 0.441127971925818 0.449743668025928 0.458978452524224 0.463765520018318 0.415179665482474 0.424979587887392 0.425667470653738 0.485024361187503 0.550518332989268 0.569588550480686 0.604636561511597 0.641979173276957 0.630360176065647 0.624307592885658 0.599358547153169 0.637336489981958 0.696248026068144 0.727392128033933 -9999 -9999 -9999
0.616999698994681 0.607841832031956 0.630246256289372 0.653706970542652 0.661575344193103 0.637697281015014 0.629311003072635 0.61849620633784 0.601649058404736 0.581860205475355 0.539897337385963 0.50708884217339 0.500587838476983 0.48617835433605 0.503427203346891 0.431955412401153 0.439037341363262 0.465819169416963 0.355663648481518 0.361087894954152 0.367366328141275 0.430495470324189 0.441541527666175 0.481148024575623 0.447112499975934 0.455607810917736 0.462396882116482 0.424791759879943 0.390695148106153 0.351328020562919 0.357670980865857 0.388453787845987 0.364742649707228 0.378426056518705 0.361987326839213 0.387849049768781 0.370599508266077 0.38740018582649 0.414918381808939 0.414342170840786 0.420890223362676 0.431811863876277 0.391631419359533 0.428201178738562 0.44321793398451 0.464397681938599 0.50108415710955 0.532277320658259 0.555451175614725 0.555023845882774 0.54581040752566 0.572396689646123 0.593914523068971 0.646769516003109 0.685978674718674 0.711566906877893 -9999 -9999 -9999
