layers50/veg_krg_50/veg_3300.asc
NCOLS 128 
NROWS 165 
XLLCORNER -2985163.8955 
YLLCORNER -3022031.214 
CELLSIZE 50000 
NODATA_value -9999 
[rows 52 to 77 of 165, columns 59 to 117 of 128]
0.617679778785027 0.607346699345923 0.586072567254968 0.578772653452965 0.586590705295962 0.561409918676335 0.582521315851524 0.592231724297301 0.594651179820591 0.579874129335459 0.562463623530877 0.521349468080616 0.518718443293818 0.515347915902228 0.504505035393964 0.461723465372002 0.486432953998568 0.53707215395559 0.500976196894398 0.466801696283376 0.484282974077954 0.504770752098842 0.543150358145688 0.531540536059624 0.505327184287891 0.531759901300396 0.491289686299533 0.459406570928934 0.400048554061451 0.346839520887446 0.359083936103514 0.34467659345659 0.340523305041037 0.347181532040394 0.344382808878281 0.3310222847985 0.288088091758235 0.297403495080995 0.324926338429985 0.346524832829596 0.346462853555672 0.352072648745731 0.367317635814285 0.418530675526715 0.463982015913697 0.492939944320404 0.511332655075854 0.525774946355581 0.534842769530353 0.553428140219319 0.577207739027303 0.598264220220728 0.622114970613609 0.665778294185008 0.692315775732087 0.731104062212012 -9999 -9999 -9999
0.578221989426085 0.583514970067305 0.575824622112942 0.568770881479878 0.523954980710719 0.460057979820757 0.539341910081811 0.573630175573753 0.576013008873267 0.565353288155165 0.555057629775638 0.52373299322457 0.517622446170679 0.504865601696828 0.492634688358504 0.498965289301884 0.506547986573326 0.529512390723118 0.499675832349387 0.485448107865754 0.509876478150699 0.524393718297484 0.530266583349458 0.501972733402789 0.487621211698586 0.498137134366726 0.475467561697797 0.43066050248765 0.367553823752376 0.325908492204597 0.339468271277104 0.308272106140334 0.290928911551074 0.281864464507624 0.315581509031556 0.275094184763372 0.222362012526604 0.240912861097439 0.282423939941482 0.319588421116813 0.317117321457414 0.336225343516345 0.378193177220554 0.405757348699855 0.46111528385536 0.487576049494427 0.514468785639014 0.525014874860715 0.538356830157905 0.547599396796816 0.540296634524837 0.55359123946464 0.59734625411639 0.628119231373642 0.688879586383859 0.729778424877012 -9999 -9999 -9999
0.540711761290598 0.549946216173244 0.546130180017646 0.55939096486223 0.537459948956587 0.494552276411992 0.560326293053646 0.560256738666536 0.545236942059355 0.524055203668008 0.522077303898565 0.53234787099642 0.531474836246138 0.502515691281627 0.500416192097555 0.530566729978363 0.510872964080095 0.500704753175098 0.484723353247498 0.488586320960679 0.524145689939025 0.53223623746013 0.498039772725356 0.461674506062804 0.443456293295853 0.452787627564214 0.43307041294319 0.400851069095881 0.361077443016763 0.302498583462415 0.301685825797429 0.295706250625114 0.270145833564643 0.27685039847983 0.226966173428472 0.1966493284238 0.201472460513083 0.195002567207576 0.250660052229948 0.281003115838581 0.310267414513859 0.337056646644136 0.378424602603692 0.401176618953703 0.435633415144711 0.471395025881825 0.506302639566628 0.520414230771881 0.540132761431653 0.547921969368248 0.533765882195189 0.530796887137237 0.588962206215555 0.621591180730051 0.682994204122753 0.68235180858573 -9999 -9999 -9999
0.516379293688854 0.520430865121732 0.531941061535961 0.543309958905732 0.577842863164983 0.566116048051613 0.550818794973684 0.532493847328249 0.522848181372613 0.508672198836327 0.506483143577012 0.498667705800074 0.505778930241627 0.492995918515717 0.50195273332947 0.510874522692342 0.475162428737577 0.471234879850471 0.453608973325886 0.460364329477447 0.495843082755489 0.497267551162373 0.478640036998826 0.452255366938805 0.441849459012087 0.431081136646955 0.399755139537488 0.384962887744538 0.354543717681112 0.295026869025467 0.264152755030377 0.252586035945286 0.229660347698502 0.23596082934075 0.216842305291885 0.175391338430822 0.176429757353112 0.188038580913296 0.228070496964869 0.262347355624895 0.289169444196069 0.299692097779553 0.35539728594482 0.386080831656299 0.417979010552662 0.45488233902824 0.494079133863996 0.529477908059255 0.525648064137304 0.556802469532401 0.533804432857368 0.551920050060857 0.604849532640391 0.64201583204506 -9999 -9999 -9999 -9999 -9999
0.469216630183097 0.499029049358402 0.511550285447103 0.549316718758233 0.57863763280581 0.559690498302842 0.530616195887958 0.52204403175759 0.510635131387757 0.52212317941693 0.524248894238088 0.507878156420296 0.50408552179123 0.495782319718589 0.495938974175752 0.485046992134584 0.471880358537918 0.45581325460879 0.464324965994817 0.483233473202427 0.503785711567275 0.498548121284332 0.474117253782816 0.443307589043783 0.43400328441846 0.396681631980277 0.371100241092469 0.334906407172817 0.310873102769589 0.275384793373327 0.220757351017102 0.205526241441882 0.215553368091104 0.210696372044487 0.18322744743083 0.149403949345821 0.151834758246977 0.174752967049386 0.213557351773621 0.233148271915642 0.239266802988036 0.269690680113635 0.296895214012084 0.369470007060582 0.405230428217717 0.444909838916261 0.492955461566582 0.537424075314117 0.564495214174823 0.575692304756567 0.577745196850843 0.597957586999002 0.641891663148895 0.669157108109974 -9999 -9999 -9999 -9999 -9999
0.427815874246072 0.460761272596418 0.477955238804683 0.509223100871539 0.541767889612017 0.516308796483915 0.513376874555131 0.508861773958246 0.507459666347146 0.525852042729181 0.503149505680695 0.502886276603629 0.496962199892521 0.488533738393201 0.487355830964064 0.471763411611603 0.467663314598641 0.44988517360643 0.458119304580214 0.480372841004837 0.498857072001081 0.496563864701858 0.467239390635716 0.435771284878313 0.427440422073838 0.394812616676112 0.32024918835964 0.293393244743514 0.260074236088388 0.223272891340152 0.195940539000254 0.210746015307513 0.199161601575583 0.19518168472324 0.176686956585926 0.163338634135351 0.169097693117437 0.190741938645459 0.211849657177687 0.227454402260342 0.245813231556397 0.262557249394823 0.286434169785681 0.346659107065751 0.385137692052114 0.419690382301597 0.462601613884108 0.518383816368306 0.539446998221895 0.58159125324508 0.598817336392561 0.625424949298251 -9999 -9999 -9999 -9999 -9999 -9999 -9999
0.397570477569468 0.42214250792035 0.460870958324429 0.485912056067592 0.499182248040819 0.477038232877948 0.481561792689111 0.484221029326826 0.477523915218031 0.50998688307225 0.49542387741747 0.482165192787749 0.504777929608947 0.492025512917964 0.487593194152253 0.468322715080286 0.471678290020116 0.468593816172105 0.455427342905553 0.47290406598544 0.500420046713751 0.493572385119435 0.467835588119869 0.430698020955267 0.411814925952988 0.377076150455504 0.322945321519457 0.300432462001668 0.254763631512956 0.205739785353055 0.177349467117798 0.190768021344031 0.189448308880218 0.197954019229585 0.188583979721117 0.186695177168286 0.196475316629563 0.163237315680242 0.193631818049913 0.224561895222474 0.254809484190901 0.274439235683664 0.318716827656215 0.359803032334618 0.383881747272624 0.410533231948522 0.45749615213347 0.510146130268027 0.535355416727602 0.579618103702084 0.59225197676606 -9999 -9999 -9999 -9999 -9999 -9999 -9999 -9999
0.344599120942255 0.402025782684107 0.426957799196853 0.44733819648062 0.451539242247996 0.442888536377486 0.451772583085967 0.460750903718406 0.471121263538261 0.497112027457382 0.48763890753668 0.496147358020792 0.502526160909737 0.492772366684322 0.490195568194084 0.477851963378917 0.474393568380095 0.475558047559428 0.458987341973721 0.490577936204092 0.508309829780367 0.486373410369341 0.443601137172286 0.397858601198825 0.387860615235486 0.369959207380074 0.315036898853375 0.286790878098674 0.265837615852917 0.190339329549287 0.165457607261032 0.176100109155198 0.19404371559125 0.175498686712957 0.163742709860189 0.193354731976298 0.203676356770921 0.145962237512736 0.167161280875733 0.217247702904653 0.23349837887937 0.292443049364433 0.338242695226051 0.364641890899328 0.395688967919705 0.424179049849236 0.442308950534572 0.508814843281783 0.524450973691121 0.557512103461048 -9999 -9999 -9999 -9999 -9999 -9999 -9999 -9999 -9999
0.319165249799793 0.348504222621569 0.389425056385737 0.406749719912153 0.412512367925693 0.406489319044931 0.425572818968351 0.434354283168667 0.449544840560561 0.479776961431943 0.480478172048655 0.483284860085791 0.489351867173492 0.489036191901045 0.498673843377051 0.482907430919164 0.484028068227099 0.481777278077198 0.488259486464551 0.527359869367418 0.525818774556432 0.494021982501974 0.427802532589499 0.412803253594044 0.397860628228643 0.407997518015401 0.389478329679015 0.351540231287799 0.299914649526522 0.200259987784226 0.179478018706234 0.211215704742899 0.198806962552838 0.150155708311124 0.167560531147305 0.215490913115827 0.215939360781631 0.171028409060654 0.177965425179194 0.226700616832581 0.259537793217436 0.32278496898462 0.368281106574311 0.361881858323274 0.392676136127495 0.425819754408414 0.45822286821095 0.478701915645345 0.557514726089464 -9999 -9999 -9999 -9999 -9999 -9999 -9999 -9999 -9999 -9999
0.32143449025929 0.30052352446957 0.334498974642297 0.35392540266295 0.366742705720117 0.378131507779209 0.410405066894547 0.437768815245384 0.462476868687387 0.471264260245623 0.479644356887454 0.48317743387698 0.498281867419153 0.497487210725554 0.502097022474343 0.516680213395867 0.511462819779398 0.49689789947666 0.506894155547843 0.528363500831985 0.517756123343821 0.460832201094308 0.411816420511227 0.38407877023809 0.377002245834439 0.415827985943739 0.431183113366936 0.356855444808193 0.274976724765994 0.20059473239346 0.208697585961768 0.220385415996036 0.200624986682755 0.187028837751216 0.224426609087864 0.262785792422939 0.178748755355356 0.258655168933248 0.151835154559176 0.227560629145843 0.299411286386272 0.372361792189908 0.43808969098314 0.45906210793486 0.487761380358401 0.496860642506726 0.518327841807874 0.543313226161668 -9999 -9999 -9999 -9999 -9999 -9999 -9999 -9999 -9999 -9999 -9999
0.310151322473994 0.278203845527924 0.282763516870962 0.309505163748241 0.335439840607047 0.348985353042372 0.380908129262575 0.429432487740917 0.446497592910426 0.44078626523057 0.4535918780332 0.466723729405248 0.473982794729293 0.472583771622184 0.498246998438294 0.509356960612636 0.509930387710353 0.493074407890743 0.529946823203932 0.530711319468155 0.508626930744912 0.473669570356123 0.402476353497797 0.372803452820204 0.386671571338709 0.412190896866854 0.350279149788562 0.366462479782831 0.327654776915593 0.238282383926696 0.228091249737693 0.236275506571166 0.243634500015465 0.239834648755107 0.272859784798429 0.279091317639667 0.227896093092965 0.279261079605686 0.192037707096719 0.258475976000678 0.34010851378104 0.414055779496088 0.464741494780148 0.499417891281267 0.536862989609216 0.543050155796378 0.554115530461756 -9999 -9999 -9999 -9999 -9999 -9999 -9999 -9999 -9999 -9999 -9999 -9999
0.281429988941989 0.268629387429772 0.247277627410842 0.27926681838541 0.30388062414114 0.343486880249954 0.38624675838396 0.418334884850241 0.426479961019864 0.427941981451033 0.439671829509707 0.455231608962349 0.456331972095061 0.447740297451103 0.459442386994603 0.460883060583482 0.486034512012349 0.50640638852225 0.531722330526022 0.525913436256409 0.499301830939935 0.466497736274748 0.431256674212379 0.379867154087626 0.412767421870832 0.398465440910183 0.252549903861237 0.293557788325819 0.330400426918522 0.249796627103774 0.242532199535246 0.24679819829433 0.253236635740115 0.274277739269201 0.29387467352891 0.306986186863979 0.261327231801114 0.27974303043062 0.239108814646201 0.278456315143237 0.346385193511283 0.408297211139864 0.417875435646388 0.491180724830092 0.546735786474066 0.564759510160718 -9999 -9999 -9999 -9999 -9999 -9999 -9999 -9999 -9999 -9999 -9999 -9999 -9999
0.226957894817172 0.259201781154611 0.248350633047856 0.261971592395509 0.300851925647504 0.362943553058175 0.400598730845272 0.419529508325295 0.427578290791305 0.430472431813043 0.423141819784857 0.440694714778119 0.423273969336033 0.43211211863714 0.440865619452518 0.44206324639839 0.492083691253362 0.518993782685209 0.526205994264978 0.518243192518164 0.480842848801877 0.456039335404698 0.400709083254903 0.387735239603765 0.364628700088934 0.362768230623826 0.288587516481491 0.323326957265005 0.322197713999155 0.262480075596905 0.258110634211953 0.273084697056607 0.284416475975721 0.304303503141152 0.327431504465826 0.339919861477048 0.314789505249345 0.285895012372452 0.354956622320614 0.372752536410814 0.402649873517741 0.414925059315114 0.429360278037709 0.474363446117203 0.503593575278239 -9999 -9999 -9999 -9999 -9999 -9999 -9999 -9999 -9999 -9999 -9999 -9999 -9999 -9999
0.237443047236607 0.25176009773503 0.259095145689956 0.288160264042536 0.331905570027848 0.372750276302976 0.386482840772734 0.380027714682322 0.412169088475205 0.408525933693238 0.389740324903398 0.372225483274534 0.411625796976401 0.435751269321736 0.449749787347034 0.436996684615236 0.454285464979827 0.522275946822816 0.525280831936093 0.520337696731047 0.454374071500569 0.388949137714897 0.402134348038054 0.379565769747537 0.340267305683165 0.294398396356808 0.341689836663211 0.353884376432204 0.293471347662209 0.277603994614231 0.269284766585588 0.285222567075588 0.304589860131076 0.324237571518176 0.34932614052009 0.351810533296089 0.300766748121579 0.367490632708129 0.415655009013671 0.436166431167541 0.460131975445054 0.458777638332141 0.485648128572788 0.493372082811897 0.515599537290143 -9999 -9999 -9999 -9999 -9999 -9999 -9999 -9999 -9999 -9999 -9999 -9999 -9999 -9999
0.226335972080145 0.23499836128759 0.237458627627417 0.281150190672188 0.313953936980397 0.357844230711603 0.372586109111572 0.36772627129774 0.402084719010851 0.375900269074856 0.353578091236629 0.381885365564495 0.397791630919649 0.408684785439503 0.409842152885276 0.425914989058336 0.442518074999592 0.524975390546528 0.51984698342059 0.502329898913207 0.420659015089269 0.365553710254 0.386872155922922 0.371774536765346 0.345423717420278 0.315011615213945 0.360049200640578 0.338165603589048 0.297592361726228 0.291552411890843 0.295604609864812 0.300646804454804 0.308230024034769 0.349526516030527 0.387564766875552 0.387686080627528 0.358178191719795 0.401263727355376 0.439114578656611 0.458276283596046 0.465803879455645 0.453226371123343 0.525809470173579 0.536678251512989 0.545336414193592 -9999 -9999 -9999 -9999 -9999 -9999 -9999 -9999 -9999 -9999 -9999 -9999 -9999 -9999
0.215452379573312 0.226066773464913 0.231888816386171 0.271189360558819 0.297357185056752 0.306054939901854 0.330067298569016 0.359451607866117 0.384259615309848 0.373530234286133 0.362386444538871 0.399966617615134 0.377961265513439 0.365787302074264 0.400492998624774 0.457152026714558 0.447622773715347 0.502836281896134 0.472339304280205 0.458101258645009 0.414199852154361 0.363241307150204 0.350154483720745 0.338604968196135 0.33748760226266 0.31097662948982 0.327114732937025 0.328056110808614 0.338124799913239 0.332431070445219 0.326272442225916 0.342998046866913 0.346503273417296 0.357208232670968 0.392725809425608 0.380662113523005 0.356164209648862 0.389979580407196 0.468681114507746 0.472301904981712 0.485051016783139 0.519605583225962 0.546815018018216 0.567318696263959 -9999 -9999 -9999 -9999 -9999 -9999 -9999 -9999 -9999 -9999 -9999 -9999 -9999 -9999 -9999
0.208821623500328 0.232366281903238 0.248581285387246 0.266281233996564 0.288968867524761 0.290951825572192 0.319886908858258 0.347948917080015 0.346431830667926 0.340074693368373 0.335471291797486 0.364915286825751 0.365572456610144 0.363143958321129 0.380445368070883 0.425741142318727 0.407034799261416 0.449719570776925 0.434106209666612 0.415345581603551 0.379865878867074 0.356954667860586 0.343305838012824 0.352218958365342 0.367512954198048 0.355473347332599 0.357482642271403 0.359260433474534 0.372901666664726 0.402359749071239 0.399091125264669 0.402843328147164 0.399651115185895 0.405438420128141 0.459662165575537 0.46977965705537 0.460486440851446 0.442670437155374 0.500593772077034 0.516449556750027 0.555850800999716 0.579502010498014 0.593398887849456 0.602117037669574 -9999 -9999 -9999 -9999 -9999 -9999 -9999 -9999 -9999 -9999 -9999 -9999 -9999 -9999 -9999
0.214201540451734 0.217204499904549 0.251067680464093 0.257655720938904 0.271415185245558 0.281530244923965 0.301518546154007 0.321700559454925 0.331213436412524 0.326572809990796 0.335051867730435 0.347872509030619 0.337133586649002 0.330671655950538 0.357670498940286 0.387495521760539 0.403326864652592 0.409397851120734 0.420926458438695 0.404830721720757 0.391891836356681 0.376317857650157 0.370732061232303 0.377485289705555 0.381384899230691 0.384714560390126 0.382578020108969 0.408720214576609 0.396018491055299 0.421120749549092 0.431036929814397 0.422713394441488 0.405981021162387 0.428642156276693 0.484794819307427 0.49634228523956 0.559527665322267 0.590201324235867 0.582178035370273 0.576532803887654 0.587623785604002 0.59713343651912 0.621123853728525 0.624890059889944 -9999 -9999 -9999 -9999 -9999 -9999 -9999 -9999 -9999 -9999 -9999 -9999 -9999 -9999 -9999
0.229685491958484 0.224919397505329 0.2329095371191 0.241707298420241 0.259924759534488 0.269209689427902 0.28369871844083 0.300913332480706 0.315750564663265 0.330542627378821 0.321018689173585 0.326717586843473 0.318054490193676 0.335461628785585 0.362312917942458 0.381145989486977 0.365498252118 0.364376487978332 0.389418782530531 0.408215503661593 0.412141616267821 0.4053099296043 0.395849149347286 0.403287183913016 0.407788191940719 0.399426218420384 0.386978597576862 0.419217876833931 0.441602731743555 0.419493537638677 0.422848146333701 0.406388104093107 0.374530066605987 0.38437336616796 0.440777302591407 0.524628359379312 0.636271701261224 0.653191253879823 0.710686536903353 0.724197481900879 0.647854626125117 0.652980005255971 0.693004762952063 0.665912140432484 -9999 -9999 -9999 -9999 -9999 -9999 -9999 -9999 -9999 -9999 -9999 -9999 -9999 -9999 -9999
0.232656379466063 0.215897278067367 0.220794765221749 0.230862335332189 0.246943029553433 0.263163131887527 0.281141422016264 0.297631142742731 0.314134224997091 0.329621100345234 0.339528370922666 0.323566137781352 0.328149192509704 0.334017591743651 0.346986736957434 0.36087556524891 0.351692945424128 0.368672896626259 0.397422533269919 0.42538242742174 0.435041566157792 0.426986391115545 0.446072770135468 0.43296549489031 0.440557722063022 0.428411271108205 0.428233113456402 0.443414960522928 0.45221335214288 0.421523125004358 0.397323259724774 0.390096767334179 0.369298432949958 0.368715703429429 0.433349055128466 0.556120359682418 0.671719178248767 0.743240040001184 0.736244242836252 0.752095740428322 0.753700022931383 0.815260676141869 0.863287304423629 0.875189639772413 -9999 -9999 -9999 -9999 -9999 -9999 -9999 -9999 -9999 -9999 -9999 -9999 -9999 -9999 -9999
0.216816134961612 0.239548281046146 0.24068213949594 0.235972260684374 0.242372039508504 0.272397424122384 0.289402001367847 0.3020898883155 0.31534427748605 0.333573087982278 0.34558200295924 0.340823119180184 0.345138990042318 0.339810985520316 0.331755288164519 0.358012010014385 0.378929015495411 0.386032974361111 0.405093893727095 0.438607044530753 0.453088711395831 0.463308903259031 0.470436253825883 0.469941111026426 0.477256799231979 0.470285537792649 0.458639954908585 0.48667774559952 0.465697728336588 0.414922804195124 0.38242532415628 0.339534177712301 0.262693357074227 0.347721237569555 0.471816415289928 0.595472184924777 0.679382680480691 0.720839244609201 0.765796156575254 0.810579342503328 0.804577270989729 0.833312964508516 0.863770563068845 -9999 -9999 -9999 -9999 -9999 -9999 -9999 -9999 -9999 -9999 -9999 -9999 -9999 -9999 -9999 -9999
0.26633917637084 0.264873475912789 0.263259820491886 0.26065759424528 0.263364002263518 0.292832089579322 0.302825128987195 0.314719010651854 0.328356590400869 0.340288593347914 0.333400637653283 0.326306554325097 0.331355558788121 0.320592251555903 0.319434066396964 0.349000587106309 0.369397911964968 0.383396284025239 0.420155818848035 0.458121851468407 0.474605955127672 0.506297140098311 0.497017368578904 0.495837567017312 0.514842908904774 0.514748448740145 0.501563001748856 0.504559523588383 0.463954884881433 0.411976199395044 0.382829255767234 0.328431768870016 0.225717980011474 0.295790290421515 0.451770447765577 0.581308249024361 0.686796050859956 0.727018762569371 0.815576706315162 0.836358173655158 0.835131843587778 0.841315015326662 0.851257844504063 -9999 -9999 -9999 -9999 -9999 -9999 -9999 -9999 -9999 -9999 -9999 -9999 -9999 -9999 -9999 -9999
0.293059668932942 0.277549547508002 0.273214776616765 0.279579284536296 0.277838134253315 0.297994143431833 0.31469468997714 0.329035306710922 0.337995128377882 0.339352094421708 0.316726834044435 0.30156300534796 0.314548416897992 0.305138675104347 0.315836645568882 0.346138697496166 0.356091624989846 0.382986906338222 0.450126640124296 0.505879243356035 0.500420566344556 0.518993955961324 0.516076130702846 0.509230689595045 0.52914178884003 0.539482748332114 0.535165570576587 0.524622355776896 0.480561617352199 0.442253832233254 0.402755719591273 0.354572425258697 0.315581774008123 0.293492514117446 0.45449376262043 0.602137595692239 0.7422720998027 0.764603010012606 0.79680471267923 0.816300003852741 0.831389205054294 0.848023330967284 0.851677564701237 -9999 -9999 -9999 -9999 -9999 -9999 -9999 -9999 -9999 -9999 -9999 -9999 -9999 -9999 -9999 -9999
0.328330776466417 0.302644069646752 0.294613196847748 0.30380602301999 0.308536206140084 0.314043948256232 0.333081601654221 0.341548907949555 0.341261810126214 0.339411379455437 0.322108196929961 0.31157769304681 0.31589024405048 0.313643549369512 0.339318221989094 0.3637704521729 0.364985177338862 0.386868128277302 0.461209903056691 0.510480041496601 0.514703761706424 0.539008910373661 0.53401497316886 0.523185223598292 0.528121400220223 0.551824267597699 0.55426779745003 0.550276144259467 0.505687512739813 0.462400572774536 0.416945803467484 0.356746978819973 0.372256482130712 0.331601146838496 0.502520647063213 0.603937939309535 0.748006572587077 0.791186592342912 0.768336248930439 0.808849125316267 0.832503345653997 0.85152196107175 -9999 -9999 -9999 -9999 -9999 -9999 -9999 -9999 -9999 -9999 -9999 -9999 -9999 -9999 -9999 -9999 -9999
0.345448871733497 0.321450437379315 0.316862724324753 0.319656749001939 0.323981814937279 0.346234736142704 0.333469479479069 0.354530526093947 0.352512201458456 0.355511818117904 0.338442260645634 0.324237644400978 0.293268548741915 0.326257479018226 0.359971837083685 0.384476883865459 0.391199259035644 0.384079815229594 0.477408041071206 0.504353863953444 0.520094920685656 0.588960843350637 0.560528936890923 0.53995002792755 0.539165051496298 0.555423308391563 0.555607404575505 0.543904741790446 0.510779313748739 0.466846535834768 0.416622141793105 0.362040732412253 0.36998347426239 0.402609557965337 0.533731720903719 0.654886804508434 0.7579171107168 0.784052178193229 0.756763359526122 0.781735955558874 0.817615234310226 0.825742354727639 -9999 -9999 -9999 -9999 -9999 -9999 -9999 -9999 -9999 -9999 -9999 -9999 -9999 -9999 -9999 -9999 -9999
0.365685947590815 0.350308275303884 0.340859123977671 0.338970601723917 0.356531235026431 0.369965503693532 0.3518656403043 0.355035622941026 0.363708905218791 0.362155530430972 0.353942313688244 0.304878910283787 0.305421802524871 0.355035992618753 0.38652436183623 0.404569881327207 0.431964037675031 0.458446606179863 0.510192982418052 0.518083790732687 0.538767049407799 0.592602276810625 0.605002475037417 0.578346550272554 0.572514678844753 0.564328296126245 0.532591679439852 0.526722753205593 0.503225547025398 0.467779982769189 0.424706655321279 0.3794601763638 0.333223059753715 0.402210043500444 0.501832961062597 0.666097501824206 0.701521563210343 0.691603997696897 0.747262416539027 0.750148520328998 0.788630315461351 0.811865962798231 -9999 -9999 -9999 -9999 -9999 -9999 -9999 -9999 -9999 -9999 -9999 -9999 -9999 -9999 -9999 -9999 -9999
