layers50/veg_krg_50/veg_500.asc
NCOLS 128 
NROWS 165 
XLLCORNER -2985163.8955 
YLLCORNER -3022031.214 
CELLSIZE 50000 
NODATA_value -9999 
[rows 52 to 77 of 165, columns 59 to 117 of 128]
0.712531756080595 0.538512420921265 0.579173097187926 0.614319993841477 0.655469155148938 0.612849537709733 0.682262032587445 0.769150528869534 0.77365358725965 0.777552861349151 0.784290304096974 0.774131756500851 0.735622637525825 0.673182085229416 0.647069858337839 0.662129775291869 0.707853553258378 0.702854802669941 0.67861740480669 0.656256359373087 0.657084184116499 0.652341670233257 0.667845460670815 0.642762687484107 0.593846280348486 0.592298618494298 0.538089551486951 0.487601626099087 0.410577728022017 0.336489967525376 0.330783680233835 0.309048854711895 0.296126130266813 0.290278916139846 0.285501988712195 0.275514751774167 0.246193830389903 0.266580670757748 0.295929608318761 0.322662930832345 0.336644528916469 0.356595582492004 0.380420332987637 0.419446937730156 0.459712713774964 0.482877946853507 0.496246280155618 0.506103984268766 0.508514350097787 0.525960037726757 0.548000587860911 0.568125806040876 0.59360209697152 0.634849288983469 0.657220036462308 0.686535937983144 -9999 -9999 -9999
0.62498034409935 0.599406060843876 0.582518611605175 0.583241987773828 0.553169208252784 0.529169391627743 0.669152081226938 0.747446837117357 0.755187457228116 0.761359569517042 0.708425318431567 0.652960666407886 0.630501975745196 0.620141679472273 0.621727947200373 0.6682830723919 0.672696339562159 0.664269646268242 0.650272371184204 0.64285472812665 0.646629448797028 0.641206813055245 0.659851705596226 0.617228151248638 0.580056138652509 0.584116059649939 0.5330496311131 0.453021679014256 0.383501482976957 0.332164808305229 0.319913611011159 0.292444426820127 0.268507787317887 0.245787389367518 0.25478060935872 0.230247439952134 0.204729963474772 0.22224380281255 0.259709202330188 0.300578028025242 0.315510166112793 0.346846587142685 0.3840735931104 0.408667316561708 0.454420939183257 0.476882454030772 0.499613647725124 0.505819678623161 0.51654843249058 0.523408690171493 0.515914193747211 0.528845419343722 0.57217185463175 0.605062311045012 0.653723139912489 0.685369049793025 -9999 -9999 -9999
0.575379707034723 0.602252097460129 0.571907361035436 0.55105941858896 0.576073160297098 0.507776449345881 0.621735370506417 0.688441968957182 0.688218591005335 0.70627068483898 0.645688471873873 0.618214671917907 0.593836887760424 0.600029287298445 0.620676262408281 0.670523490685008 0.670443785225006 0.655511165757484 0.640494252606051 0.634321744802267 0.646059009962461 0.683653371856375 0.657851965117785 0.609100816693274 0.560599903341238 0.525095717828156 0.470816372586068 0.429057376316919 0.378915651230346 0.315836948722789 0.295793634267209 0.283581286800807 0.256396727994913 0.237338544588338 0.197019577639955 0.175311355425513 0.177924331182278 0.183045951479319 0.228994647991413 0.270251817556851 0.309432337725895 0.346070901625692 0.38128022102148 0.399532394588404 0.429981643894871 0.462007678552886 0.490449714958271 0.499874142053637 0.516649414548932 0.523041082611521 0.510389937708291 0.508158641706463 0.564090758755819 0.596314721381285 0.647711654491489 0.647909220729016 -9999 -9999 -9999
0.522625232996418 0.590481154150848 0.576534515662125 0.540788252693897 0.575972533606253 0.493752871839575 0.580766201383988 0.659834592104183 0.682586039217775 0.696362032461058 0.657330723006772 0.583824928866928 0.591495312130629 0.595801252594216 0.625577795710409 0.65585145148836 0.648834788674938 0.659211993972021 0.641410548362235 0.638172448917407 0.657899985549042 0.670415766568731 0.633186401856955 0.58427054258127 0.541465627073706 0.500270320278147 0.441415777046085 0.421859403707182 0.374610618351741 0.309353024599091 0.270334778066274 0.256045804583114 0.227857728505841 0.212271578101353 0.18735339892855 0.156837694232419 0.15629760370208 0.176019653937111 0.2153122233941 0.256384201472315 0.298831180872363 0.317140167795236 0.363420672489657 0.383474708885192 0.410288415594734 0.442090931325695 0.477176708066999 0.506132935468809 0.505760434813022 0.533606745947082 0.516793945048609 0.535968536147205 0.580017661453685 0.610428388789442 -9999 -9999 -9999 -9999 -9999
0.660510769742698 0.633736981706707 0.573688141242779 0.557463740484762 0.60242685576082 0.664455424313194 0.665707147574258 0.662265922979489 0.665054344954535 0.638050824658111 0.610766726593893 0.585350279138271 0.575634994721559 0.591685734107492 0.622879897654931 0.634491212639974 0.641532775493805 0.643981842265198 0.646422084694102 0.650364913604807 0.669218722068768 0.642481668314192 0.586214669916991 0.552803307342683 0.520819691758469 0.47429074145438 0.43085490038731 0.397224978543048 0.348582761590347 0.301845132663382 0.253503773229223 0.224145367634535 0.218361877187947 0.20216273566496 0.171977946209107 0.142600311562641 0.141561761527581 0.175386200736202 0.213566572836662 0.235439180580054 0.245509818226429 0.287856662981232 0.326210939765276 0.375126955448459 0.405957170411206 0.433684915796564 0.476532344071204 0.514738283346984 0.540195295319051 0.550825488366411 0.555552846810286 0.57256954082207 0.60788177921772 0.63254713827788 -9999 -9999 -9999 -9999 -9999
0.665870042584944 0.619028760825793 0.607807637840655 0.607272210720608 0.633244864919753 0.620127313759196 0.636438881351363 0.647389129907417 0.653689953440395 0.621425193703728 0.566467711883209 0.574655339104262 0.557490546065555 0.580139727728107 0.609849492423747 0.618608409429885 0.624682600531372 0.62097254778572 0.625582994608045 0.641483374705307 0.627769137379964 0.610557050773355 0.579223797056808 0.533647602921944 0.506528150990243 0.463266072022224 0.397007333910061 0.362118531071904 0.315612296206668 0.274379923700442 0.243242367331248 0.238043505646711 0.213980502370547 0.207623517009943 0.180888420742011 0.160798266398465 0.166099361683434 0.193442485142434 0.221331303045545 0.232879775468481 0.244417694495275 0.281146214217377 0.331017670921218 0.37670536208741 0.406303138132971 0.425618059142584 0.457500590855001 0.501739815503562 0.524115576400635 0.559260569016527 0.572941671678815 0.594143846184246 -9999 -9999 -9999 -9999 -9999 -9999 -9999
0.565645851572458 0.568187699347722 0.580906977141686 0.577496890543036 0.575296345851506 0.579862519779135 0.599789630028381 0.617315368246467 0.619740847611438 0.594309331394234 0.548916599777331 0.552453251824855 0.545088698701446 0.573571982677313 0.605556966444855 0.605264216305847 0.606418950535368 0.609108254135545 0.610396947461256 0.621417946915202 0.579749921998354 0.572691113999972 0.549777719977213 0.509129748986405 0.481354403241777 0.438636976716736 0.398747974189963 0.363889564486588 0.318001360720901 0.274441130699883 0.241062880128566 0.245843530137626 0.222702603027682 0.22256671541863 0.209363035207365 0.196952303944261 0.201158198739825 0.160139060488401 0.19460780119835 0.215976022934303 0.242833749058817 0.28721319949913 0.355541776671458 0.403659886894465 0.428493269210787 0.4430986807519 0.469771005029542 0.50360134381502 0.522704351491255 0.564126580422278 0.57982092798697 -9999 -9999 -9999 -9999 -9999 -9999 -9999 -9999
0.493417878706621 0.522525999426207 0.554035933358846 0.55403819363502 0.55614025514176 0.560182239726948 0.570903791018585 0.586256585977256 0.591046410386309 0.586033179184899 0.542161641023058 0.53833980633125 0.550216444061974 0.566394044436569 0.587089355210455 0.58825050280574 0.588489799872072 0.594598728431922 0.573234245712264 0.554218928232357 0.550024210474668 0.542148251739245 0.513136324497093 0.478744143359457 0.459012971453926 0.427649262798976 0.401688385530624 0.367612147058396 0.34254845792343 0.26808707263763 0.229576324024194 0.23548162841773 0.224890603723004 0.209299560252246 0.208737838695525 0.231200701776038 0.229283439851316 0.147227184375316 0.174159411425623 0.220698503167137 0.224290638757865 0.289629418133044 0.369057718116649 0.402230297720721 0.436758324758493 0.458583583906526 0.489761469360629 0.516381465065636 0.55300024240476 0.576695858952089 -9999 -9999 -9999 -9999 -9999 -9999 -9999 -9999 -9999
0.497190989872534 0.48812418787321 0.536540916914662 0.533593826151196 0.531403523349771 0.537726536165568 0.550252615063919 0.546516336695737 0.540614189049699 0.55277648429616 0.527273127815958 0.52394270591871 0.527488918349776 0.554417572921565 0.563945379690391 0.57270197740097 0.566513931751945 0.552759088008844 0.51867117845224 0.529942771236019 0.535505652714974 0.523471566926429 0.484024103976951 0.465549367380351 0.450054450861912 0.462264324263776 0.44260624848218 0.410261653962081 0.348308447242058 0.27600064127387 0.244951284779246 0.243858594418492 0.232411849578695 0.183562674832068 0.188113388703651 0.267256063234375 0.255878726203473 0.183445124095744 0.138861627706472 0.201421745745321 0.242769113502956 0.322889490329167 0.406888467256701 0.40947054802655 0.446157703534147 0.482286203163651 0.505103475753597 0.530322324863163 0.549444060847393 -9999 -9999 -9999 -9999 -9999 -9999 -9999 -9999 -9999 -9999
0.499763504870434 0.458096879474471 0.470651352685663 0.491306479035959 0.489695746199125 0.520068483523878 0.515450782415502 0.519483313984724 0.508119932959729 0.498171016760575 0.512255660401712 0.503583537140412 0.505527739136366 0.521975875419865 0.534014163833469 0.5364586823121 0.509314174643236 0.488327034501341 0.50611368145051 0.52035798128636 0.517173034030093 0.489307714377561 0.457023704499093 0.445342087371239 0.446707136030338 0.464066212349502 0.44453372699665 0.361546770198553 0.312066100370951 0.263473654687231 0.25239505528039 0.251129650487965 0.221444718670733 0.202590077434292 0.228879054698155 0.259246306122395 0.176732921923261 0.276418557164412 0.10965926404828 0.200994708585578 0.283005362033367 0.376280451623022 0.450280236066964 0.467760721980524 0.488677988827037 0.495041405944681 0.524969686682941 0.553800662651856 -9999 -9999 -9999 -9999 -9999 -9999 -9999 -9999 -9999 -9999 -9999
0.483139278661755 0.428599977547457 0.417224986848757 0.444390098493268 0.455467477235109 0.470797547200223 0.477005492205548 0.496386406123755 0.479027121684966 0.463464662922492 0.463977043914831 0.479882311614412 0.469651755707446 0.467907905379659 0.478204829593299 0.464052416534362 0.469499999854763 0.469136528607626 0.495924765689844 0.498182971463466 0.489924027158322 0.483955957900722 0.444106670724704 0.419034728277653 0.430249160873475 0.4209984049809 0.341865310245202 0.376849486477266 0.359117720129816 0.268060795900263 0.248535148948942 0.252681308408484 0.25696603858583 0.258511380560584 0.293657906653424 0.290631777136536 0.237878710590547 0.290615292756288 0.149215581709696 0.224236257952545 0.340876180000072 0.430590301099309 0.485757954417867 0.498652842025421 0.516458591204475 0.536364626378548 0.55617450634506 -9999 -9999 -9999 -9999 -9999 -9999 -9999 -9999 -9999 -9999 -9999 -9999
0.450912307143131 0.414107759787965 0.379020673838531 0.399709668781866 0.41011061573686 0.452948487309172 0.461351462923546 0.465539116592168 0.446185954646332 0.446626517297145 0.460248075415285 0.459992653360567 0.458144208719426 0.421047239792623 0.416909522277167 0.426515535639716 0.44403981227309 0.458729836000501 0.482687109312556 0.486126573533757 0.484767798973255 0.482447299951668 0.454338675187639 0.420883854500347 0.457730910907445 0.431179594302378 0.274516829404541 0.322969947508402 0.396886365361909 0.275734326963835 0.26271956229567 0.267991597429019 0.275162850006947 0.297909402170151 0.307661011832538 0.316178188213888 0.266777186079163 0.271702094180324 0.19657368659971 0.241447992672609 0.339446604154326 0.41021312677431 0.450259211742059 0.497047363328569 0.53630806010949 0.566689860523478 -9999 -9999 -9999 -9999 -9999 -9999 -9999 -9999 -9999 -9999 -9999 -9999 -9999
0.3877492290589 0.394509107749967 0.367431954308902 0.3669772948209 0.388742327391007 0.444515747108767 0.459004601302256 0.458933520308125 0.450361619330378 0.445546135079239 0.451500197416723 0.430757785033641 0.430442223874454 0.400189880093287 0.39841505872639 0.411697679773474 0.43396192679428 0.456421422143374 0.472952886480937 0.495069458145715 0.473178105624815 0.476617867332098 0.439857005944318 0.421316623480585 0.419119810473666 0.405884244875921 0.305412439679485 0.399207816061948 0.39359661092384 0.288055157453808 0.271216926156383 0.285398321548612 0.31470394510362 0.313759920196124 0.336793567858808 0.348433122213754 0.329202953400218 0.275775934744824 0.366191384365487 0.374691142876855 0.411038308912383 0.425100045101306 0.462493123428654 0.544305682175147 0.578817465029763 -9999 -9999 -9999 -9999 -9999 -9999 -9999 -9999 -9999 -9999 -9999 -9999 -9999 -9999
0.37950657572097 0.373583291482152 0.361839872570054 0.372115020874847 0.403990790478533 0.433443326504539 0.426187254326891 0.407837466831628 0.427982953653558 0.420903864116938 0.398148273612854 0.369060974248049 0.405884532773295 0.387150965739233 0.383148093978738 0.391241327409808 0.403691954397697 0.450925740957066 0.454124493444823 0.459130283462035 0.404412084035295 0.377236286635419 0.421071767177511 0.38780274438826 0.327113299360513 0.281503433293493 0.420189473613393 0.424399233821519 0.343989466597986 0.31573746102336 0.281392715815465 0.291854648560206 0.303123636813273 0.315305444628091 0.342419111948264 0.349243197516661 0.278234216413489 0.369444751218045 0.431005894761468 0.447854710866284 0.474449024516906 0.468067823056785 0.528116534850666 0.558984466726796 0.633645929836079 -9999 -9999 -9999 -9999 -9999 -9999 -9999 -9999 -9999 -9999 -9999 -9999 -9999 -9999
0.344695160291738 0.333831234817111 0.315883968919387 0.348658353513946 0.369678260423876 0.375981197893207 0.377581144575866 0.367953194270097 0.38430072155041 0.365191940074616 0.337511970958018 0.336591453090604 0.352456432757514 0.349931025589337 0.362658977008671 0.3843578870043 0.390605655781312 0.443038165051632 0.451483837152381 0.44535903558129 0.37319048242658 0.352902327908553 0.390929123079874 0.371883174090339 0.358159540182196 0.33488164360098 0.424656629660037 0.408636778499197 0.344862825549447 0.333516101070567 0.335492988079493 0.333879161419177 0.332851957773276 0.376926501153037 0.391205533404969 0.385390950538279 0.353774379945447 0.405237011054023 0.430492656297311 0.457719280314657 0.463267003699902 0.444469200552228 0.576055856329516 0.609181782782167 0.660288150083865 -9999 -9999 -9999 -9999 -9999 -9999 -9999 -9999 -9999 -9999 -9999 -9999 -9999 -9999
0.313819172821375 0.307488572890756 0.295055241319062 0.326373789928334 0.343986785147685 0.327725399386011 0.343217041983085 0.356646495433446 0.358449960950849 0.354621768760551 0.356543781806695 0.35736537575613 0.333050550133488 0.333165765240895 0.35848582208759 0.406706502206218 0.386131816843379 0.425156620780832 0.421943446811672 0.402345154670734 0.378102304637457 0.358922859079687 0.365785683573763 0.358880838482978 0.345789342576438 0.306251159976323 0.362711389838219 0.375799229200444 0.397073111491819 0.38781394656893 0.372985216358281 0.393684000204314 0.389508931329998 0.403413865853125 0.43776872936997 0.404598873481012 0.354132748808228 0.371960851768557 0.455845098790725 0.453320277433379 0.473974858475694 0.531975529604924 0.580577566455303 0.623810936887375 -9999 -9999 -9999 -9999 -9999 -9999 -9999 -9999 -9999 -9999 -9999 -9999 -9999 -9999 -9999
0.288790045443707 0.288775746287731 0.289816911327295 0.308275398771292 0.320622121132547 0.301629506904171 0.321487486423913 0.333065210843065 0.32973450410638 0.342205515625658 0.349911801260253 0.361298344673019 0.348803477557958 0.349184966885349 0.349422371997687 0.391343171441053 0.360493168396534 0.391154104511987 0.396128596343193 0.384544375077223 0.378928442961828 0.362778901859921 0.358583893593744 0.365701862262101 0.364769974275833 0.34646903833967 0.358973938279546 0.365645495689479 0.405362250784524 0.451176967269324 0.443082880192101 0.453124666069139 0.439769745470977 0.437120416177983 0.499514841610954 0.493466759425909 0.454688425308741 0.416420986133022 0.485171847141913 0.50056273121856 0.562680346258069 0.605400112477564 0.633518708492672 0.663666290782706 -9999 -9999 -9999 -9999 -9999 -9999 -9999 -9999 -9999 -9999 -9999 -9999 -9999 -9999 -9999
0.267439897238373 0.25911451228839 0.269574560791653 0.285533142434542 0.293653390596648 0.287832363714441 0.300549127244466 0.309145580701994 0.315921035216375 0.335926079704472 0.347840743378455 0.344618027536582 0.334467103390672 0.319106460214107 0.338412660053258 0.365464534962854 0.360007598370138 0.364834820881144 0.389697234656592 0.387984726883153 0.385384880883339 0.384775238077283 0.368843882617473 0.379982457118919 0.377034821691741 0.369307514811159 0.364760539025386 0.402633707173365 0.405975104617429 0.447882503101325 0.456468600301801 0.447948987783784 0.434189816349292 0.452199550031825 0.508819688098476 0.497419261906122 0.559834991141147 0.586668252525583 0.556173614793657 0.557230548981582 0.573488311868583 0.597174861370107 0.660389892718033 0.686027053625221 -9999 -9999 -9999 -9999 -9999 -9999 -9999 -9999 -9999 -9999 -9999 -9999 -9999 -9999 -9999
0.252258182633261 0.249711231983911 0.248639398237689 0.26028321992111 0.269629191721507 0.265094487083625 0.27585886453732 0.289298125467215 0.301815737602318 0.334756473187453 0.335031644107522 0.325465705616776 0.303974488956601 0.331644492518036 0.336976999582075 0.342283972347829 0.322758872022445 0.333654660767392 0.363101212207233 0.390367652647013 0.394164960699103 0.402398879872061 0.398898537022692 0.390271145232644 0.402541140880186 0.383304989716546 0.372992490092294 0.413974667434851 0.449092233155873 0.431205959002516 0.438853661154739 0.419048552679384 0.389978062806038 0.388552297449336 0.44161261773752 0.526432691507837 0.663010699535804 0.652615678810013 0.715862012142517 0.738018766650518 0.62309439846094 0.646496516227337 0.725872782169988 0.705645026003479 -9999 -9999 -9999 -9999 -9999 -9999 -9999 -9999 -9999 -9999 -9999 -9999 -9999 -9999 -9999
0.238244361035469 0.234726699551822 0.235799799960801 0.243731367148459 0.248128839266472 0.245078709564316 0.262515241046957 0.27776306844761 0.29555434613503 0.338115662091733 0.340923909391017 0.336184760027835 0.324590038164074 0.326139607528473 0.33120305509271 0.333185928404141 0.338956777231896 0.33742659917443 0.364219154212326 0.391594809700697 0.399081751065428 0.40194373041258 0.425876687259959 0.412657749062957 0.408756957897494 0.390879905254275 0.403087907726239 0.437257962661261 0.450149077117141 0.413304793441534 0.404434097840097 0.396817134562178 0.370806012773953 0.358595275353001 0.414120219688679 0.560387352853169 0.700315151733883 0.774288304685147 0.734086223695755 0.73722688916457 0.703676581656138 0.778255567963838 0.809682099305303 0.711182539816183 -9999 -9999 -9999 -9999 -9999 -9999 -9999 -9999 -9999 -9999 -9999 -9999 -9999 -9999 -9999
0.235581022445651 0.239572366935781 0.239365921744236 0.240066465504183 0.236605864930539 0.254040910242042 0.266840016562928 0.278579329046702 0.30047507310866 0.332447848145533 0.343325805375525 0.33629741017245 0.352343736189951 0.350799184812901 0.335456077068291 0.369386476310141 0.383655798279731 0.379314935145973 0.393712581328974 0.405726831081219 0.411361050039994 0.428066126740923 0.435432814390789 0.435600942712724 0.422123150848597 0.41064250899094 0.415043169323909 0.471594879746996 0.443743501124582 0.391327853078916 0.376883588897994 0.339884984161489 0.237566451730358 0.331272032215766 0.459722810918807 0.593628706893188 0.678163375428812 0.690210482914528 0.732477221824131 0.776035820687008 0.752941443204714 0.773284289091046 0.807103021761214 -9999 -9999 -9999 -9999 -9999 -9999 -9999 -9999 -9999 -9999 -9999 -9999 -9999 -9999 -9999 -9999
0.250561847264013 0.251961639630203 0.258754463709901 0.260189954962755 0.251341221080451 0.269200135136436 0.280960380502757 0.288856394656012 0.304159737076231 0.322153304338715 0.334828453333583 0.321304147627727 0.339177240594208 0.35066685973236 0.354814037621107 0.367357625452966 0.389826013502432 0.399545883254088 0.418795364155542 0.423977525180349 0.431118309418266 0.458483524440106 0.447525559727782 0.439691147784141 0.435639513019751 0.437250062179496 0.437077605528868 0.449691234630415 0.422042824743188 0.377738736941249 0.375311654931403 0.328489013815104 0.202571582023783 0.274535073433433 0.438666326590808 0.573670807917011 0.667690787281745 0.676248489174328 0.785060357637635 0.791821980280385 0.774422372513342 0.787184204768749 0.801933596202702 -9999 -9999 -9999 -9999 -9999 -9999 -9999 -9999 -9999 -9999 -9999 -9999 -9999 -9999 -9999 -9999
0.255264015820007 0.267633802403867 0.271289329280495 0.272035078342582 0.265766347652575 0.290833472168403 0.292410520471505 0.301029876650358 0.321171197697875 0.338169859246581 0.317222766564663 0.332857861605328 0.35721745157153 0.356256126681631 0.367797783821869 0.376496308858548 0.399232802438525 0.420552257416642 0.440997572266965 0.445774109911996 0.44272837136567 0.465898482342155 0.454062079177772 0.44641706761606 0.440288816466894 0.437714595218432 0.430815927375074 0.426532338086357 0.406353973696064 0.404000907543338 0.398187368976261 0.37026239809949 0.329600906672518 0.282798051085208 0.44833662568476 0.595593470724757 0.741032867338753 0.721137099816827 0.740189191217279 0.751531279383314 0.760240827146219 0.77386189819909 0.793646949227341 -9999 -9999 -9999 -9999 -9999 -9999 -9999 -9999 -9999 -9999 -9999 -9999 -9999 -9999 -9999 -9999
0.267970959807312 0.297977022227087 0.292270762444482 0.290913755394553 0.304183564891585 0.315071311078591 0.327300872387204 0.320709404750954 0.335969720784604 0.336966559734665 0.332663385421612 0.34061135791353 0.355947180743912 0.365612468667626 0.383349794024843 0.427813393873383 0.440847851171554 0.426245043355759 0.459553696761294 0.474059864466987 0.4509711832101 0.473974795023899 0.466107727085634 0.445374014602573 0.435801125640282 0.434555996924143 0.440377643149947 0.42757264556311 0.409641798570612 0.422800130954997 0.427190448923667 0.383041754271615 0.41276998651084 0.338080210170554 0.509870219054893 0.579439664446128 0.720482446496052 0.739354981617813 0.687626114241021 0.721712513939519 0.737967930308773 0.767186697838222 -9999 -9999 -9999 -9999 -9999 -9999 -9999 -9999 -9999 -9999 -9999 -9999 -9999 -9999 -9999 -9999 -9999
0.284639353844071 0.324155509214171 0.312824736643321 0.319407081852254 0.340109758609561 0.348877070834621 0.34343920477316 0.346688056745577 0.346440317814391 0.348775855149823 0.345174484486265 0.353222948841156 0.328768541562223 0.385174765437783 0.424418848598521 0.451036747227129 0.467624930713141 0.433869495909604 0.468711120962214 0.471274670170196 0.490105671335086 0.492459912311217 0.479072910986733 0.459438725983346 0.443886642467179 0.439441315423833 0.43816313026223 0.437751431151886 0.433667334000524 0.448872070796764 0.446725534584453 0.40200796418946 0.428117693518045 0.436645383921153 0.540794774311549 0.622099682116343 0.695172481378559 0.69602035775536 0.647800412164532 0.667002025918613 0.701667373977437 0.697196848822323 -9999 -9999 -9999 -9999 -9999 -9999 -9999 -9999 -9999 -9999 -9999 -9999 -9999 -9999 -9999 -9999 -9999
0.34497005967664 0.344457935919672 0.347181571715355 0.352232459622108 0.373373535016618 0.382432008842373 0.359902420985751 0.3581598917627 0.370405217642301 0.376320587251621 0.37892354241293 0.345262877703113 0.362226649128837 0.41097541210105 0.453581409378674 0.479721792573374 0.478006987307725 0.472680971889452 0.485755012492918 0.484197217571699 0.516100868818145 0.529045216626169 0.514417243818252 0.513791093504569 0.499429668107343 0.463812045070515 0.419403758325575 0.433964610918832 0.447867993637864 0.457914077307041 0.455315614445651 0.442827410347562 0.403908811601674 0.442848715125647 0.493518496646867 0.595142296751916 0.583193178807328 0.553792311640908 0.599078922949822 0.596249085267955 0.634740462723909 0.656315190897617 -9999 -9999 -9999 -9999 -9999 -9999 -9999 -9999 -9999 -9999 -9999 -9999 -9999 -9999 -9999 -9999 -9999
