layers50/veg_krg_50/veg_2600.asc
NCOLS 128 
NROWS 165 
XLLCORNER -2985163.8955 
YLLCORNER -3022031.214 
CELLSIZE 50000 
NODATA_value -9999 
[rows 26 to 51 of 165, columns 59 to 117 of 128]
0.51568625325099 0.516190794864814 0.520280973748296 0.521674599213683 0.575827048221458 0.619156516770679 0.653672431066954 0.699595668279675 0.715634644455044 0.674217101816114 0.707096058097809 0.718850103908804 0.723881383108795 0.780360055046073 0.834487938114096 0.872100497971389 0.878120309291889 0.902559342834032 0.913499774537912 0.909766440407773 0.912120496119098 0.913782192102109 -9999 -9999 -9999 -9999 -9999 -9999 -9999 -9999 -9999 -9999 -9999 -9999 -9999 -9999 -9999 -9999 -9999 -9999 -9999 -9999 -9999 -9999 -9999 -9999 -9999 -9999 -9999 -9999 -9999 -9999 -9999 -9999 -9999 -9999 -9999 -9999 -9999
0.567531118616177 0.567285251565498 0.568751001462783 0.566682703155896 0.599804216808255 0.642145621858445 0.701643024882574 0.730625528352802 0.72429271157328 0.705324411296306 0.718373591662749 0.712466438387533 0.755622481104765 0.781762788089155 0.813008745554299 0.86614022291165 0.871960548712685 0.890050504217972 0.888721191129101 0.883641254698934 0.899495463028845 0.908936871679494 0.927166087174513 -9999 -9999 -9999 -9999 -9999 -9999 -9999 -9999 -9999 -9999 -9999 -9999 -9999 -9999 -9999 -9999 -9999 -9999 -9999 -9999 -9999 -9999 -9999 -9999 -9999 -9999 -9999 -9999 -9999 -9999 -9999 -9999 -9999 -9999 -9999 -9999
0.609166873638356 0.611962539162463 0.620735714860764 0.62896979868376 0.650937422004575 0.686053854055125 0.770205086212623 0.750678332423933 0.724394193563881 0.723414171224406 0.740054853750018 0.751517611370095 0.752087447362647 0.763189212735765 0.816216457199348 0.860817560436365 0.874924409166329 0.884724177050604 0.898814818201348 0.905622815979251 0.902666515340329 0.884379289710132 0.930273822600306 0.932289065649133 -9999 -9999 -9999 -9999 -9999 -9999 -9999 -9999 -9999 -9999 -9999 -9999 -9999 -9999 -9999 -9999 -9999 -9999 -9999 -9999 -9999 -9999 -9999 -9999 -9999 -9999 -9999 -9999 -9999 -9999 -9999 -9999 -9999 -9999 -9999
0.646593394260699 0.64716222225306 0.665562763463857 0.684969644956225 0.697815432287097 0.71465696744875 0.753883624722916 0.753968693781705 0.723138760897863 0.716677587591433 0.738828673922474 0.732555201168158 0.729713557496876 0.751894639144746 0.781088456745856 0.857457103555765 0.873828110374541 0.871224943670405 0.894803262748112 0.904339147272911 0.915070268443143 0.909668497472152 0.936930335114899 0.938101459876535 -9999 -9999 -9999 -9999 -9999 -9999 -9999 -9999 -9999 -9999 -9999 -9999 -9999 -9999 -9999 -9999 -9999 -9999 -9999 -9999 -9999 -9999 -9999 -9999 -9999 -9999 -9999 -9999 -9999 -9999 -9999 -9999 -9999 -9999 -9999
0.677637569079342 0.692242031220398 0.711128568611977 0.718211862907643 0.728011946024468 0.737707912806689 0.762362359757546 0.759227205777302 0.73727202291666 0.738042334631019 0.749877330356263 0.761932400379044 0.775196936836147 0.813615307865529 0.801074585918431 0.844230804528433 0.859257042912248 0.863960013496561 0.890741341243508 0.909066475473811 0.931031289193304 0.945231766128199 0.943813392731286 0.943852508102982 -9999 -9999 -9999 -9999 -9999 -9999 -9999 -9999 -9999 -9999 -9999 -9999 -9999 -9999 -9999 -9999 -9999 -9999 -9999 -9999 -9999 -9999 -9999 -9999 -9999 -9999 -9999 -9999 -9999 -9999 -9999 -9999 -9999 -9999 -9999
0.713969874762809 0.731346514145193 0.74143472896921 0.746892714653328 0.75278330771395 0.749240052620909 0.742847656362125 0.754156539359355 0.776522444803302 0.773051220066353 0.813964672614891 0.819883323398282 0.816421967411822 0.797813207707685 0.811870606335927 0.832037813918377 0.849635038414891 0.865665434342434 0.884210658532612 0.903203619555825 0.940097639714915 0.952113932510868 0.948590863809615 0.952284832233111 -9999 -9999 -9999 -9999 -9999 -9999 -9999 -9999 -9999 -9999 -9999 -9999 -9999 -9999 -9999 -9999 -9999 -9999 -9999 -9999 -9999 -9999 -9999 -9999 -9999 -9999 -9999 -9999 -9999 -9999 -9999 -9999 -9999 -9999 -9999
0.754242771596573 0.761054821353022 0.780007452274743 0.795711702735222 0.780669293873643 0.748239759369656 0.744099400061757 0.76570832589253 0.817351488247198 0.81352442817198 0.814080790989709 0.807904662505733 0.806365517736785 0.798255459596136 0.806972511655148 0.810003904629389 0.819217796186476 0.860162558931915 0.846209513807736 0.889747548033952 0.950538898613127 0.9531864802514 0.952655976621758 0.96038784088242 -9999 -9999 -9999 -9999 -9999 -9999 -9999 -9999 -9999 -9999 -9999 -9999 -9999 -9999 -9999 -9999 -9999 -9999 -9999 -9999 -9999 -9999 -9999 -9999 -9999 -9999 -9999 -9999 -9999 -9999 -9999 -9999 -9999 -9999 -9999
0.785469021539874 0.792595550922139 0.823005625980262 0.810991705165309 0.813009458628205 0.797399144790071 0.795811393793773 0.807895584107387 0.821884391504588 0.824166238719275 0.81122380549295 0.806021792197371 0.81486490030829 0.80897869556059 0.787536517191988 0.795001503645949 0.827886360424706 0.853403515503265 0.883761875692562 0.916612538660051 0.95424289489092 0.963081295145618 0.963005556469613 0.961839805181527 0.957509225952976 0.911415485954499 0.883473049269227 -9999 -9999 -9999 -9999 -9999 -9999 -9999 -9999 -9999 -9999 -9999 -9999 -9999 -9999 -9999 -9999 -9999 -9999 -9999 -9999 -9999 -9999 -9999 -9999 -9999 -9999 -9999 -9999 -9999 -9999 -9999 -9999
0.817914485460959 0.832314677277468 0.829147301697226 0.826062989355519 0.823403058391241 0.817868693990143 0.827157908126364 0.843535193526419 0.830677313904542 0.824662253546475 0.809631662432016 0.814039853485235 0.808446029321966 0.789752026986068 0.75578580978842 0.799468827459203 0.839163303415418 0.860056158650157 0.900656693492967 0.938397893603712 0.964518845960143 0.965118474766053 0.962763623899337 0.958397595107626 0.950037113225512 0.906654954126488 0.879746660937933 0.855775277377357 0.840514058220529 0.820131387268223 0.795655245184865 0.764356409163004 -9999 -9999 -9999 -9999 -9999 -9999 -9999 -9999 -9999 -9999 -9999 -9999 -9999 -9999 -9999 -9999 -9999 -9999 -9999 -9999 -9999 -9999 -9999 -9999 -9999 -9999 -9999
0.856158284132495 0.848001180913269 0.846506450345058 0.84207829944793 0.845366786417544 0.828746849554963 0.833044419050218 0.836271526105712 0.834866183881233 0.825235222948264 0.818822253746454 0.824355593218309 0.813511740187439 0.805801411551763 0.797746654230335 0.806817432263299 0.8367929248736 0.882276381338702 0.915979668104829 0.948816109415866 0.96416085111959 0.962829206917289 0.957827667694831 0.949022835583351 0.922032127114592 0.893169172415555 0.866517865607407 0.851516821686894 0.830073202284953 0.805759645130363 0.775991452427123 0.758248686733467 0.721242345561076 -9999 -9999 -9999 -9999 -9999 -9999 -9999 -9999 -9999 -9999 -9999 -9999 -9999 -9999 -9999 -9999 -9999 -9999 -9999 -9999 -9999 -9999 -9999 -9999 -9999 -9999
0.870578822124325 0.865881865775316 0.859922265774382 0.851419648904548 0.849145156968907 0.839091060794405 0.845499767715733 0.849558663032116 0.849695179000949 0.824019889731162 0.81934212711397 0.833631306887286 0.83409422831954 0.832925687093372 0.830257062458924 0.825692676056933 0.840516755472123 0.873871858346039 0.907563639811073 0.939647549046544 0.9531447513378 0.952360556267586 0.944180691861424 0.920325754560422 0.905097528679205 0.882457266971255 0.858596487954577 0.839290843005278 0.820007631677648 0.785449708212995 0.751547193887546 0.739209243778546 0.720640479593218 0.701838063914699 0.681538584179632 -9999 -9999 -9999 -9999 -9999 -9999 -9999 -9999 -9999 -9999 -9999 -9999 -9999 -9999 -9999 -9999 -9999 -9999 -9999 -9999 -9999 -9999 -9999 -9999
0.888498005544022 0.881260918073045 0.866356631133389 0.858688385989565 0.85922373240388 0.849553236215497 0.869941059028363 0.859760832432031 0.837013916786454 0.823166774425804 0.797876137570249 0.79888454897462 0.825151472663656 0.82909175950335 0.823089570492031 0.823347034818263 0.835021621222687 0.861610596099889 0.889397164394679 0.917983277966799 0.930592776844948 0.933089200867765 0.923412171854848 0.908070109505883 0.888157083264754 0.865027287602765 0.846835689071626 0.829448063020573 0.799983900517183 0.753182976672655 0.74277182365147 0.730809425890956 0.691425880159798 0.693660775888423 0.667994829463669 0.659602535374825 -9999 -9999 -9999 -9999 -9999 -9999 -9999 -9999 -9999 -9999 -9999 -9999 -9999 -9999 -9999 -9999 -9999 -9999 -9999 -9999 -9999 -9999 -9999
0.906968156436261 0.887940073143978 0.876224178628189 0.862513827780025 0.850847009471435 0.843325141263601 0.837466236092896 0.848318320654615 0.842248905308429 0.825734229210862 0.797146143351839 0.800196836945016 0.815542517788564 0.815760023326687 0.816222201975939 0.821506426374074 0.831369215657334 0.848431774614162 0.866489998615473 0.889880088272186 0.902715274753953 0.90261823768397 0.898043501715484 0.890581821145103 0.875042389254234 0.852855471169109 0.837174055397897 0.819498424031 0.794900399532803 0.756821679203921 0.737405403061847 0.68176649885475 0.666218611268917 0.675003494800239 0.656945765692868 0.646360533044637 -9999 0.610633933890237 -9999 -9999 -9999 -9999 -9999 -9999 -9999 -9999 -9999 -9999 -9999 -9999 -9999 -9999 -9999 -9999 -9999 -9999 -9999 -9999 -9999
0.911171318007622 0.892442736124639 0.876718435284481 0.862537949426387 0.847843027167301 0.839695593163856 0.829523418581633 0.8294044010749 0.837011277569321 0.82584049653064 0.791484633786636 0.815942808572117 0.810815618096631 0.811774836174992 0.813524549424661 0.818248956941825 0.823817982595552 0.829859255106223 0.860428802213181 0.871414085878493 0.87707065870294 0.878878291114048 0.87870036609787 0.875688625389811 0.866336468360005 0.843400185505904 0.82743221547892 0.789611781827024 0.77943749873279 0.752239092223045 0.726429328170252 0.650219826418858 0.649115395883392 0.663041110599461 0.648069065563832 0.632237492323466 0.608220998545811 0.595281830939772 0.588966257248238 0.59525069368405 0.613220921441811 0.642725871398255 -9999 -9999 -9999 -9999 -9999 -9999 -9999 -9999 -9999 -9999 -9999 -9999 -9999 -9999 -9999 -9999 -9999
0.904900350001848 0.889493327078026 0.873592585057888 0.859073989885006 0.851518138843166 0.836546159007574 0.826063823304506 0.819813153322931 0.823363552687556 0.822526398783225 0.816516756685706 0.807347555264352 0.79552764134837 0.79932208515695 0.807010432440357 0.815144734671714 0.821718575288434 0.82115158245886 0.836441722941058 0.847528940881 0.850026601079196 0.855195905709128 0.858810768989426 0.854831544352518 0.84624894364751 0.822252152387949 0.811412086468931 0.788666867237287 0.754016366609716 0.753491062573219 0.667312422833756 0.648289080983327 0.647443110227761 0.65531220810466 0.639988934598779 0.618685806942308 0.589314090175298 0.567015993618085 0.568595268890847 0.587783656656827 0.612565015027192 0.636044538604696 0.639736942299794 0.655592914810571 0.695764200398059 0.736565421587902 -9999 -9999 -9999 -9999 -9999 -9999 -9999 -9999 -9999 -9999 -9999 -9999 -9999
0.89643102968138 0.886237598399397 0.872355582018668 0.860483081439606 0.84707684474785 0.830211822910021 0.824245120517693 0.81406821361761 0.818304429641439 0.81342819640583 0.795511176105962 0.786675425077805 0.770571031550964 0.791090844323176 0.803464503934056 0.80852577465593 0.810425310900919 0.803011434075673 0.808439168455513 0.822424336001905 0.821016610172255 0.82051046697256 0.826148006783211 0.843125095847388 0.832997982121026 0.822243498940048 0.806089409758144 0.777919109247395 0.743266134115507 0.723411252303106 0.682651726834603 0.658669670092286 0.660582591560351 0.650504066795855 0.628477014596516 0.605063609870946 0.574224759656532 0.565152611126189 0.564854017752156 0.589898642526128 0.606443028778464 0.614240599758981 0.601365806947367 0.644929115395762 0.691900162771483 0.73762868896591 0.773747155544109 -9999 -9999 -9999 -9999 -9999 -9999 -9999 -9999 -9999 -9999 -9999 -9999
0.888339480339917 0.880408926961093 0.86516261833132 0.855009948252912 0.838672978692487 0.821453577401997 0.817087957994968 0.805303790487729 0.806571820647907 0.808729282992335 0.787361827507343 0.776676595793876 0.769253550192314 0.773537565151712 0.786020758491896 0.789206063342473 0.789543894413951 0.775255282397578 0.775976484865721 0.793156226888869 0.790436256135667 0.771774284833027 0.788346904953678 0.835789490122476 0.828620344041761 0.802712248290742 0.787153282415394 0.746773072556232 0.693475765080967 0.690584183561364 0.67813651968374 0.649987876580626 0.632635143659532 0.627163809372178 0.609951253704565 0.587102296392115 0.562679353068176 0.556993512971987 0.563147568743778 0.580397481690553 0.596696857173729 0.607953568276674 0.540238973880858 0.558697900952664 0.690030811876147 0.71631730796987 0.757397240040919 0.793369069721464 -9999 -9999 -9999 -9999 -9999 -9999 -9999 -9999 -9999 -9999 -9999
0.876254444445119 0.869166801602074 0.857673929901193 0.846414040350734 0.83094427897979 0.810771932567446 0.806718638666437 0.787315012679013 0.780425368664115 0.811349664172467 0.745043454417011 0.764453768346512 0.768340900260429 0.777671033152417 0.771362826089956 0.767600071772031 0.759133707613663 0.754365120812294 0.750693471387576 0.773355693686835 0.748664009340625 0.746999871873497 0.789223348830746 0.814984503097959 0.827520033349993 0.810078623159373 0.782137897823638 0.733986619088044 0.648312226072917 0.650167621143498 0.625248533527295 0.598793439966078 0.604273868237726 0.601230711809579 0.582216900998875 0.562726179597373 0.552516237642479 0.55695361082357 0.561535378951967 0.568469170398247 0.58396941959026 0.527007249670768 0.500903801273669 0.533481799005539 0.669453344846422 0.674547658249976 0.736745600312158 0.758091876336489 0.810254471534929 -9999 -9999 -9999 -9999 -9999 -9999 -9999 -9999 -9999 -9999
0.86967874312229 0.85733172304951 0.849008618073593 0.836224653805552 0.821197904416003 0.808289879335913 0.804494517015289 0.782050824682093 0.783312237568817 0.811586459913701 0.771057064843 0.767444972240288 0.768848467821549 0.782298561034634 0.755260720210377 0.691745585159434 0.719963476639888 0.727959347291734 0.692221963487318 0.729930396156433 0.721139586310992 0.751500580106834 0.785123694603724 0.807676762027671 0.815169630093156 0.810201626061951 0.755294685540543 0.740136871046701 0.673568961516521 0.623469315356903 0.589893101776171 0.599747028872113 0.584838589003335 0.584943998794786 0.556756030522888 0.530472397564932 0.538803618834763 0.548333607664604 0.554611313183473 0.567161559893131 0.57336497509096 0.544780993180794 0.50750630616055 0.595097838986016 0.63036660740033 0.627620001966298 0.680514627205728 0.752788347111238 0.800357921410378 0.823551536441983 -9999 -9999 -9999 -9999 -9999 -9999 -9999 -9999 -9999
0.836991371662134 0.838615766941238 0.831223963323939 0.819405782082609 0.813527947840531 0.804397687102435 0.798558234874619 0.779325554681061 0.755721622378751 0.765519584514067 0.717858717408292 0.761127630780615 0.76799861694299 0.779475985039542 0.75416670148128 0.684449122896766 0.700368706196348 0.723698773851688 0.679439955382167 0.68954577696318 0.719993309380125 0.733577555623014 0.668357352988734 0.759712662980205 0.792887855055468 0.756364178461862 0.755774500118663 0.690676556100414 0.675274974480702 0.602457967576561 0.594088520877868 0.57228944279453 0.551483589510603 0.552382736030479 0.529643297254475 0.527484176847061 0.516909741001994 0.512065705988712 0.524048360619238 0.537284913691335 0.554496464786815 0.538376016042953 0.530533124045473 0.574641105030787 0.556820397147579 0.610965059750329 0.672021261894076 0.746818627094054 0.77654606378384 0.798295752101022 0.807924542841369 -9999 -9999 -9999 -9999 -9999 -9999 -9999 -9999
0.80492387204606 0.802878370849244 0.80195937027143 0.798081245112083 0.795469513542201 0.783663583113521 0.754649966487162 0.7576492304121 0.732472354085854 0.724562259146675 0.724777101257461 0.76292947760247 0.763835338979301 0.763158296262026 0.681201528115609 0.592550452346047 0.681841544780435 0.704034320314402 0.669499373246043 0.688677470709773 0.703472416047203 0.727333467900645 0.707037456660392 0.673897297619684 0.738439181008612 0.714253132471424 0.704454799778059 0.659191705759135 0.657174464917326 0.58370972241401 0.540983783009317 0.517010495530996 0.492472848174204 0.485764328547823 0.472503296051094 0.476248951706125 0.478770332598627 0.483991346818124 0.507399479819209 0.507817980672754 0.525020307217441 0.50015344299028 0.462839683414253 0.522468657563343 0.529078312296315 0.569352782671531 0.675337371057327 0.7420769678682 0.762539188119716 0.779059057484819 0.786750277831581 0.790358784476162 0.782231550780036 0.780182907565188 -9999 -9999 -9999 -9999 -9999
0.779834824471645 0.779618013503087 0.77022015991513 0.758788299700015 0.767802052914363 0.7746840065613 0.734173417456857 0.720877936339981 0.673085519649968 0.665460288684225 0.713222783180012 0.752318950434394 0.757897975022254 0.719076966387771 0.638951923403989 0.616203844578293 0.657041785672422 0.69621682540295 0.687907690438508 0.695879361168588 0.685699624661369 0.674020475568495 0.678765755873455 0.680445594124549 0.705220632510467 0.684049029333033 0.656305617906972 0.634929173960305 0.620688716447236 0.545655734611224 0.492786991607835 0.454869398441581 0.431596798097326 0.436894394176522 0.434808508222401 0.438347876081106 0.432611913965689 0.454126840229889 0.482723047702624 0.471603064920993 0.491721562678133 0.496918814304615 0.42495090397917 0.479073771944654 0.520101237892918 0.574235094926075 0.646992516802215 0.711082814216928 0.704016326166813 0.748176432405753 0.762417123931976 0.774500000934701 0.767803457846838 0.760523525067323 0.7696445118401 0.771473376412746 -9999 -9999 -9999
0.759183591234059 0.759103727688806 0.735731505433448 0.731031623904009 0.723133282424753 0.74595514084646 0.702273381099305 0.635317060738663 0.599011418537631 0.617631790315508 0.675866138767259 0.738837558652087 0.718783511434352 0.618109912155602 0.611200171807957 0.641135680827353 0.675258029633596 0.682565247161738 0.678367942726812 0.68768909709097 0.648444783596177 0.62793320739566 0.636084000492171 0.707584904280677 0.688119763074929 0.642452128159379 0.626668769232649 0.626231350134344 0.58997494781522 0.499345363273284 0.486026666375059 0.473319275718972 0.464418882174805 0.44601423048652 0.437391622158867 0.437669904929025 0.443208990108365 0.453185098080214 0.464675433845476 0.463232498582474 0.456620410942811 0.438305602623119 0.414716740723269 0.454204827477497 0.519278169778587 0.588136751475599 0.646299766420025 0.606192337359062 0.658600208976255 0.689023526397617 0.737497665636256 0.732427473498345 0.705305365313226 0.728173687627717 0.765140843177671 0.781876739406676 -9999 -9999 -9999
0.683844434853389 0.736841397500397 0.724969318627622 0.724635280912848 0.711391996237559 0.699478837173861 0.649886618443164 0.6366284774488 0.559178948500014 0.506492183475004 0.546927250031088 0.670912068358528 0.660104584952066 0.610136644934224 0.661422016996797 0.660629955623333 0.685611053778965 0.669973959361407 0.660585017695867 0.664377056850576 0.645034706282474 0.600352489728482 0.654429842802571 0.696058537186181 0.692211030187909 0.641164026915473 0.634685280047109 0.617016145932337 0.57299473246819 0.515746108831757 0.487837061658726 0.445232866036342 0.428396315840015 0.40463248643145 0.389886011669407 0.401886709382945 0.41125855489069 0.414545378041922 0.440682110307175 0.448322894117201 0.461024347400487 0.461470492550242 0.422390636740134 0.432676123932885 0.466299504993166 0.512962728377679 0.590261723918203 0.619351165510321 0.654340107486925 0.669390600911664 0.69391411197404 0.685921980571774 0.632701885224875 0.691764036017945 0.750685447328223 0.78100013399003 -9999 -9999 -9999
0.683364012479194 0.700630432470494 0.6920297519951 0.710693356993591 0.702431981095199 0.699298554189254 0.654455755855563 0.553787383683676 0.561805289718846 0.496052194069677 0.523819682734901 0.553516215677332 0.566525500735968 0.618207989476615 0.657921676387616 0.644324557896239 0.688552681093196 0.649554244307027 0.646367724293369 0.646070778159462 0.603863725511301 0.615251171983435 0.644973836545312 0.675799750406549 0.663249933108838 0.620533030124306 0.635941996226796 0.571743167465316 0.533150171462103 0.473006990094954 0.441149562120675 0.429896421500963 0.405505548881624 0.376499091173043 0.360174688703964 0.361006236404316 0.354703427863446 0.360965870995965 0.401349701159768 0.415820887157673 0.422480179064078 0.434815668571772 0.391009886584368 0.399937099054091 0.402003664561387 0.466843979717437 0.544762620306955 0.560621672730508 0.599811628608065 0.641877607947454 0.63317602618192 0.629730751998141 0.604477991154987 0.651063327608045 0.73239072160466 0.775996711817894 -9999 -9999 -9999
0.608232227008769 0.592339685398111 0.622654106471906 0.649446739612082 0.694792672764716 0.684889472970737 0.662492883291186 0.652484188565415 0.681399855396556 0.612956411964678 0.551964368302111 0.580749308227857 0.570825676747174 0.607645295874707 0.62665301759248 0.594705754155271 0.619213600491828 0.658483973137393 0.599910583407363 0.600370511350867 0.601975985956434 0.636081324540304 0.63479821465952 0.650719743437049 0.604416647949252 0.596551854606791 0.588431786606561 0.523733197661155 0.466690588760143 0.411847947462086 0.393978262405045 0.401844657723478 0.372470968512683 0.364832690137523 0.34054143091631 0.346454849211829 0.328506887935832 0.333229749014603 0.35530912980897 0.37048583395733 0.383701708850633 0.40227541302669 0.374602430345063 0.409286809414864 0.423552205866091 0.450728186007955 0.510190419333803 0.532578469095108 0.575884260867459 0.579500009982512 0.562311462163205 0.59139419871539 0.603904845924298 0.666364274559757 0.718328555229883 0.746021076786061 -9999 -9999 -9999
