layers50/veg_krg_50/veg_3100.asc
NCOLS 128 
NROWS 165 
XLLCORNER -2985163.8955 
YLLCORNER -3022031.214 
CELLSIZE 50000 
NODATA_value -9999 
[rows 26 to 51 of 165, columns 59 to 117 of 128]
0.29317832425188 0.269830558270406 0.259517989827439 0.241493424255803 0.227978083697758 0.339502027405393 0.634864238969293 0.681116147652824 0.708310388985447 0.71248113215391 0.754498299019945 0.778111882297806 0.7494769386464 0.807384361492281 0.842186473150397 0.877759449226298 0.897932968865193 0.91303391176648 0.915888254160805 0.910659489066681 0.91053248597791 0.914717235592753 -9999 -9999 -9999 -9999 -9999 -9999 -9999 -9999 -9999 -9999 -9999 -9999 -9999 -9999 -9999 -9999 -9999 -9999 -9999 -9999 -9999 -9999 -9999 -9999 -9999 -9999 -9999 -9999 -9999 -9999 -9999 -9999 -9999 -9999 -9999 -9999 -9999
0.291253580047577 0.280135195598183 0.276434592013469 0.26201547873241 0.441982819530029 0.594215868496113 0.699079207030679 0.728516017501962 0.731119282357875 0.726266464640387 0.736858473975354 0.709955660509573 0.738883249378186 0.779035731400118 0.831271870519552 0.871740978043537 0.880389908148044 0.888687498578615 0.882986191579051 0.889602780796283 0.898186835673633 0.912046363668698 0.925457983197405 -9999 -9999 -9999 -9999 -9999 -9999 -9999 -9999 -9999 -9999 -9999 -9999 -9999 -9999 -9999 -9999 -9999 -9999 -9999 -9999 -9999 -9999 -9999 -9999 -9999 -9999 -9999 -9999 -9999 -9999 -9999 -9999 -9999 -9999 -9999 -9999
0.502150846647341 0.583313253797171 0.598640470811107 0.593949465982965 0.64989593601962 0.660695318623124 0.771206037948051 0.770920994980554 0.735238472078566 0.737923114324359 0.724145123205737 0.731579702656133 0.731399084444684 0.735917336206013 0.807049197456166 0.856738695442184 0.870164738240573 0.870332653084281 0.891224220852645 0.904495913140449 0.906779182814162 0.909797278190134 0.925950121464224 0.928149494920565 -9999 -9999 -9999 -9999 -9999 -9999 -9999 -9999 -9999 -9999 -9999 -9999 -9999 -9999 -9999 -9999 -9999 -9999 -9999 -9999 -9999 -9999 -9999 -9999 -9999 -9999 -9999 -9999 -9999 -9999 -9999 -9999 -9999 -9999 -9999
0.615054671730312 0.617673580905337 0.642001392998471 0.671460046130054 0.6887656092884 0.699280040528298 0.768158607955524 0.765435262753264 0.739957879795833 0.725752409275648 0.73295628362028 0.725847717033579 0.723767264489215 0.743993697323697 0.786894809727346 0.838533636688295 0.858432500181255 0.87466037973898 0.892569865777239 0.903599618411822 0.91466002849642 0.923736392265757 0.938858515834905 0.945094610719441 -9999 -9999 -9999 -9999 -9999 -9999 -9999 -9999 -9999 -9999 -9999 -9999 -9999 -9999 -9999 -9999 -9999 -9999 -9999 -9999 -9999 -9999 -9999 -9999 -9999 -9999 -9999 -9999 -9999 -9999 -9999 -9999 -9999 -9999 -9999
0.651335596134264 0.666610414216546 0.690853687842706 0.706329839640771 0.713886920789163 0.747689905223921 0.773730600938069 0.764410411275571 0.757745030299127 0.744564796085533 0.704060634278138 0.704372307272975 0.693660858846902 0.719391151932295 0.746399832812786 0.818842389664632 0.84931269100606 0.864106503789583 0.879914165700208 0.902780946488928 0.92541896302806 0.941482447105252 0.943212498453317 0.952119518341189 -9999 -9999 -9999 -9999 -9999 -9999 -9999 -9999 -9999 -9999 -9999 -9999 -9999 -9999 -9999 -9999 -9999 -9999 -9999 -9999 -9999 -9999 -9999 -9999 -9999 -9999 -9999 -9999 -9999 -9999 -9999 -9999 -9999 -9999 -9999
0.69161532664337 0.713144635802606 0.730682567608285 0.740196924996134 0.740701858946467 0.772617428621409 0.74514476047104 0.746923181767825 0.735362465999474 0.717589226184861 0.684149696828426 0.693057949756819 0.651016111116463 0.660470552007323 0.737250963123274 0.77403470209026 0.832244198707075 0.859131368234883 0.871025477378964 0.902227560651119 0.936173147860475 0.942939199514218 0.950021805794223 0.945571788448756 -9999 -9999 -9999 -9999 -9999 -9999 -9999 -9999 -9999 -9999 -9999 -9999 -9999 -9999 -9999 -9999 -9999 -9999 -9999 -9999 -9999 -9999 -9999 -9999 -9999 -9999 -9999 -9999 -9999 -9999 -9999 -9999 -9999 -9999 -9999
0.737381513384492 0.751965731482494 0.766370407821231 0.769912529016066 0.77377691022138 0.777388033516723 0.76298578838824 0.749576934635719 0.728150733031281 0.67577272530496 0.689688118064423 0.641160564956424 0.61298317982514 0.683297656075452 0.731103723045806 0.722972462872967 0.742351868041521 0.840723476052777 0.851815955058483 0.900005897479644 0.941216709589488 0.949947198153798 0.953659901694423 0.945121934230037 -9999 -9999 -9999 -9999 -9999 -9999 -9999 -9999 -9999 -9999 -9999 -9999 -9999 -9999 -9999 -9999 -9999 -9999 -9999 -9999 -9999 -9999 -9999 -9999 -9999 -9999 -9999 -9999 -9999 -9999 -9999 -9999 -9999 -9999 -9999
0.771384326743828 0.787331059813492 0.790500479244196 0.796752328751101 0.792713408707279 0.807252364033475 0.812108727796235 0.799972341365554 0.771860216069174 0.774364367370465 0.750521005205067 0.677389238252335 0.715831183087832 0.716914184586955 0.69734655149242 0.70581202515158 0.748277617246243 0.826730294001811 0.87574821689908 0.914083647201091 0.945593914116435 0.960176415368241 0.953709408012685 0.944660066177885 0.93215085554977 0.91847599383423 0.907569425585659 -9999 -9999 -9999 -9999 -9999 -9999 -9999 -9999 -9999 -9999 -9999 -9999 -9999 -9999 -9999 -9999 -9999 -9999 -9999 -9999 -9999 -9999 -9999 -9999 -9999 -9999 -9999 -9999 -9999 -9999 -9999 -9999
0.809587861645557 0.810528631622783 0.815946762226631 0.812535606327655 0.820822120010507 0.828820137933012 0.83819060591704 0.849557191217089 0.838316827343578 0.824763124451464 0.765504527094797 0.767538474241743 0.711767979362553 0.70917294796557 0.646720903345967 0.734473466002805 0.804086112148733 0.841099777857572 0.893872176103758 0.936841816641939 0.961192609815878 0.964030071798557 0.953869763268269 0.943274593606116 0.927829787991149 0.915281363430445 0.905222092223474 0.880879302700819 0.866582241129431 0.853824011730997 0.838006581756553 0.798855314567848 -9999 -9999 -9999 -9999 -9999 -9999 -9999 -9999 -9999 -9999 -9999 -9999 -9999 -9999 -9999 -9999 -9999 -9999 -9999 -9999 -9999 -9999 -9999 -9999 -9999 -9999 -9999
0.84314605323435 0.837284762444471 0.837737751930086 0.826305978648489 0.839839050986676 0.836614629187851 0.840379247645535 0.845206776498342 0.8492467590308 0.850840071208857 0.83104796558366 0.818022593086122 0.786212179779265 0.779599506015942 0.754191324596722 0.798093697276644 0.819018529533886 0.886583274758964 0.911524117526517 0.945589072121766 0.961635584688083 0.961407103949986 0.952310933972898 0.941390605494037 0.930300418197621 0.916427171413903 0.889147204778996 0.873783647097345 0.847441115087772 0.831313648206591 0.812656362241832 0.792114991861843 0.743059876777228 -9999 -9999 -9999 -9999 -9999 -9999 -9999 -9999 -9999 -9999 -9999 -9999 -9999 -9999 -9999 -9999 -9999 -9999 -9999 -9999 -9999 -9999 -9999 -9999 -9999 -9999
0.863508124807888 0.861361708056703 0.852799500137353 0.841359223333422 0.846947698985955 0.844685394320993 0.858024955419906 0.866945820501337 0.884706816194207 0.855253155542362 0.84880241200516 0.845161681480263 0.852316438296526 0.844991836609576 0.838450182154313 0.82224687466116 0.827284648030326 0.87265744138983 0.902940128090659 0.936590019667816 0.950773618457524 0.957369366199734 0.94986638364589 0.939032691613432 0.929389413884667 0.903072189303157 0.86355475429942 0.847131028813088 0.833947825217538 0.812214343589682 0.786690196490978 0.772095026785607 0.73055322827469 0.713300015791347 0.695391727179915 -9999 -9999 -9999 -9999 -9999 -9999 -9999 -9999 -9999 -9999 -9999 -9999 -9999 -9999 -9999 -9999 -9999 -9999 -9999 -9999 -9999 -9999 -9999 -9999
0.8837998162575 0.87854909790522 0.864982870136459 0.85548677938425 0.86292338448571 0.873104785866443 0.881636624705381 0.870459113946121 0.84597690045412 0.82739851194724 0.786438805310929 0.78798357307454 0.824704478862923 0.832980602537302 0.811709057496015 0.801332650391677 0.801867045057724 0.848901773428111 0.883160240369299 0.914233266885861 0.92919758818661 0.941812200348528 0.937748558568802 0.932136863410545 0.906989803266363 0.854837415921099 0.833612355007076 0.827269326312456 0.818624834406297 0.789247570777527 0.771563014828763 0.752834792353867 0.708789781241421 0.691480547246706 0.675027503587327 0.665753708926058 -9999 -9999 -9999 -9999 -9999 -9999 -9999 -9999 -9999 -9999 -9999 -9999 -9999 -9999 -9999 -9999 -9999 -9999 -9999 -9999 -9999 -9999 -9999
0.900818543999301 0.888927453674772 0.868920499746165 0.857347419784175 0.848737815979464 0.847097306905431 0.84881947627116 0.866415494401214 0.850309098821018 0.826229909406471 0.787176033620841 0.789471056758692 0.805839343081517 0.798578015619163 0.791048844229736 0.794423111596207 0.801369828967985 0.828630195073178 0.854264281760713 0.880290684341947 0.897095288147506 0.89948867199548 0.903606112019555 0.905792075067918 0.877450997262326 0.83299066979748 0.821427289204328 0.81636705303119 0.805671150814038 0.775970477788954 0.748641155897502 0.666234058171829 0.672833423501705 0.668999395248703 0.655341286373915 0.649307593573094 -9999 0.615808778635372 -9999 -9999 -9999 -9999 -9999 -9999 -9999 -9999 -9999 -9999 -9999 -9999 -9999 -9999 -9999 -9999 -9999 -9999 -9999 -9999 -9999
0.901210326244177 0.887544519215162 0.87476230641231 0.860803937994799 0.848644826834284 0.835842815288036 0.834783244573688 0.843224253436514 0.846304378844892 0.824305241429168 0.769776835285111 0.821264834070292 0.800555542594277 0.793802101267855 0.792765628123683 0.792027907489832 0.794106330061445 0.781079804630064 0.839205923973551 0.853088358575877 0.864824702705081 0.867161977555188 0.875926032869607 0.886527129573727 0.890254321650811 0.842442952493352 0.824025175854587 0.816167567282846 0.78713307079229 0.761552314371866 0.729503164355862 0.643225771413016 0.655470309137459 0.656946446297654 0.643904854281314 0.634117086826353 0.611492661105331 0.590368980891563 0.576623951403651 0.581992321438058 0.602219306359539 0.62926830834179 -9999 -9999 -9999 -9999 -9999 -9999 -9999 -9999 -9999 -9999 -9999 -9999 -9999 -9999 -9999 -9999 -9999
0.902371220571857 0.889230177566998 0.872203970665212 0.856470154052574 0.84202440227045 0.83275422829483 0.826564080322021 0.81533579209571 0.813403334601896 0.814244749035685 0.81804694527231 0.794541285094302 0.756064486621855 0.760343494761913 0.781388875920514 0.799011635013251 0.807994963313594 0.783691833780892 0.803132356506216 0.816650331452622 0.823736472563223 0.830644757352448 0.84148188402882 0.85098754546854 0.851727820399784 0.834883515955766 0.82545138416747 0.792648501431288 0.727765599278336 0.760552481170798 0.641895872493332 0.646680415494134 0.649124783371185 0.653978053633005 0.647067496618909 0.623983948743551 0.58880124546301 0.55978948809402 0.562282301849894 0.581204609256791 0.602640742947927 0.623733724190445 0.627919431153576 0.652032760529956 0.700361429812468 0.743155612742998 -9999 -9999 -9999 -9999 -9999 -9999 -9999 -9999 -9999 -9999 -9999 -9999 -9999
0.894972020587469 0.884970870987985 0.869748814744651 0.851242963672962 0.833668781975306 0.824017297114853 0.816945198101916 0.807473952711395 0.808582324309779 0.791267183248536 0.758577812782357 0.733159891059481 0.687132707711007 0.743328762665589 0.779182507698718 0.791591309740269 0.776389129273919 0.766974802675096 0.768800517414465 0.781281166337694 0.787096199600184 0.796080669193436 0.812055915513622 0.839972669759409 0.843142428929235 0.834884342223825 0.822837398365799 0.790267156925742 0.746827390899756 0.718400369940367 0.646468856916913 0.667873033072808 0.657602571973973 0.656124013797024 0.637453291995939 0.612146640845068 0.576275591434797 0.564214727664122 0.561855892843582 0.58496814276408 0.600113057207769 0.605324456531934 0.593065224076757 0.642510966223976 0.696197895548168 0.742685194074403 0.774815918879806 -9999 -9999 -9999 -9999 -9999 -9999 -9999 -9999 -9999 -9999 -9999 -9999
0.88373401187054 0.876703440289729 0.86345555171058 0.842488259648305 0.825838392270493 0.813892402070613 0.811564942082847 0.804446143932346 0.796247011245962 0.781958960907665 0.725080571105531 0.703968298820452 0.688907524474077 0.699839302668162 0.727376849994672 0.715694213962104 0.739695514954676 0.726907633398507 0.725795372571227 0.742365808268527 0.742688888104894 0.745885894613027 0.774253569000146 0.828900205805904 0.834787492492092 0.79639871553355 0.797639615179681 0.755145683692382 0.714831522740431 0.704516118004014 0.676379971575045 0.64161787467471 0.636170466846246 0.63063297582433 0.618314435541342 0.593462316230809 0.566957231529578 0.55972448934275 0.562879620936706 0.575238226734918 0.591756986674968 0.601327959999436 0.527342607505046 0.568070261969367 0.692069358739722 0.719676929360165 0.757896371474819 0.794754482728352 -9999 -9999 -9999 -9999 -9999 -9999 -9999 -9999 -9999 -9999 -9999
0.868376657866817 0.858841041678055 0.844744328737501 0.82715260584696 0.813084354436065 0.806111319375119 0.802897565883872 0.766962050550585 0.741732258011322 0.796978973651209 0.722776400884265 0.672828433789396 0.690917267786337 0.717111366457367 0.685166293971177 0.633697664426978 0.704726583611042 0.695899094874405 0.693616795803635 0.70640828405106 0.694468174821573 0.698051007524888 0.748338835513092 0.795793612400476 0.834230220865528 0.820522336492861 0.787497647435537 0.728981573672104 0.66879763756326 0.671879258607556 0.631399199545766 0.582567885642344 0.611933936841018 0.608209655190215 0.590179152405966 0.569804880979053 0.559346524873993 0.563180287051527 0.563915593913792 0.565116980112213 0.580395826761461 0.524324571929618 0.49753361610908 0.544105564393433 0.672659903149414 0.68135643002907 0.738663515817358 0.76157783737245 0.811639566953237 -9999 -9999 -9999 -9999 -9999 -9999 -9999 -9999 -9999 -9999
0.849160065651351 0.838819684569036 0.82498498272499 0.813622186870505 0.78990474451778 0.792415156430154 0.813394280542445 0.771232536503808 0.788801078886403 0.803956346027799 0.776230903595855 0.686672067468907 0.693246954304599 0.735701049819936 0.631467946436497 0.648327401044501 0.657996223145558 0.666709378365669 0.653842580608555 0.666757041770782 0.654319607469411 0.677895637652759 0.721685913956749 0.772222394761732 0.811787398263155 0.830617548156926 0.753879959838659 0.756569970862508 0.688694437303365 0.629710854004872 0.602309553871356 0.610507314565237 0.588804572569993 0.596202533768959 0.567080578568752 0.536649241705323 0.54801169886227 0.556730974085917 0.56199543307929 0.568200355516669 0.570965001086197 0.541698389811378 0.506646432153785 0.596455263806085 0.637745048852324 0.640439592175924 0.688861835218485 0.753888863223917 0.799588610980067 0.819111371309231 -9999 -9999 -9999 -9999 -9999 -9999 -9999 -9999 -9999
0.811001203238454 0.815594511675302 0.803033717244173 0.792519405014256 0.779122958870264 0.77248917971158 0.785504948338516 0.735468792424774 0.763197639320458 0.78027499221267 0.693088645917333 0.650938337163117 0.668292816582463 0.724580347279851 0.646516110092851 0.631391931962325 0.645153483278294 0.651945962312854 0.606837016508448 0.614495377129501 0.63055856108513 0.63526816428008 0.569526222214641 0.700435317818089 0.779105631651765 0.741426444571459 0.765476797418279 0.694252646237031 0.68110980839844 0.599684609442278 0.59631714994589 0.572285008458551 0.559809212908806 0.562247238397776 0.538803084082304 0.537394368759165 0.525508161186452 0.515898831608775 0.527393874045439 0.535666331371213 0.551056210214306 0.536196705225906 0.529907211782728 0.57532336640038 0.567012462182218 0.62366666106952 0.67906494345724 0.745121649019402 0.773792966506246 0.794665560344577 0.802245807515866 -9999 -9999 -9999 -9999 -9999 -9999 -9999 -9999
0.772592552315587 0.796660555505531 0.797323844463154 0.776093420118308 0.771615896805444 0.758191792616838 0.749857042216762 0.690675769981991 0.664894101777814 0.696692961690252 0.707963361895714 0.638872431764032 0.678270759406152 0.648453879563872 0.613648758314457 0.592937772448944 0.615946460874607 0.622812920375206 0.580545621566193 0.596416669368841 0.603291112601945 0.625771538473874 0.605354906728577 0.577622548344889 0.701704059438711 0.689379795089242 0.693800000808414 0.643113631215523 0.655209702681764 0.579661290692502 0.538944839723297 0.512640351793513 0.493440521750245 0.488938938011047 0.476428998446484 0.482495169124626 0.485234378827233 0.486929230419968 0.512855659277563 0.508017024716644 0.523316305911295 0.500461275808295 0.466107266327634 0.523035519070035 0.539424289570545 0.585123973986475 0.677729180019436 0.736978133450454 0.758302157813675 0.774730410868355 0.783934498177032 0.796403729187807 0.792599284708353 0.779341744079928 -9999 -9999 -9999 -9999 -9999
0.749721195224983 0.763413085697389 0.772877135532525 0.745687700862421 0.747496787192908 0.737855110155585 0.695969131230785 0.625030006709344 0.597762588794127 0.607960086414886 0.68126899135155 0.573567732449843 0.65209239620755 0.622580098712736 0.602688649231244 0.574823646570411 0.587183273845943 0.606900374757075 0.589603397309022 0.591069703050181 0.585166805583591 0.581608514564412 0.591429092199382 0.597065649220053 0.651513192835009 0.647498579992584 0.630807126613303 0.611014687765547 0.605747969764088 0.537889696300443 0.492382865629173 0.446995063994269 0.428134494345401 0.438197665821933 0.437972868637037 0.441894811019778 0.433635632008491 0.457649719317338 0.48753662517532 0.472224837852405 0.491945721067621 0.497053859961179 0.429326263265263 0.477365359183359 0.526578432635904 0.580684979787282 0.648553861911297 0.709430985511136 0.706140170493079 0.746163627978523 0.759043665383727 0.776292807039951 0.768524517526324 0.753651195904278 0.742019178401751 0.744322822061398 -9999 -9999 -9999
0.731561749559227 0.725816614682315 0.732850235314317 0.727398541095864 0.716679487871087 0.718532989152063 0.671303870228318 0.568753857361564 0.506916084667834 0.520136630961124 0.595477045015006 0.531860826105776 0.545560761546296 0.538088125278919 0.571135895778708 0.565299586793123 0.594219767956603 0.584871352460605 0.577574037938676 0.586923772822794 0.553845303678909 0.543333628009471 0.560912261178003 0.636921730833446 0.632532998267283 0.601292059804991 0.589901235374699 0.601278953884123 0.56480852556809 0.49028554214987 0.482968112349608 0.466412035500698 0.464173607559647 0.448362787949441 0.44173433312544 0.441097439072905 0.444392397283086 0.45515074118799 0.466908876755769 0.462916286912915 0.458186594363402 0.441812655222935 0.413795737983809 0.455907162136954 0.524064877950641 0.589880467133648 0.643140993934951 0.614001098560967 0.659507483656686 0.688136403308779 0.731839651091846 0.726812715824131 0.698399134299281 0.718905321568453 0.737351325476658 0.749306336034073 -9999 -9999 -9999
0.734746377587784 0.718992307407385 0.690591610491386 0.718208191724904 0.705434089838255 0.683141874831409 0.650215532879298 0.526435820763206 0.351799667206937 0.370847321227848 0.4495411344004 0.429270885414962 0.480873123632882 0.571426005661733 0.591964501491428 0.566520291994895 0.595655975428012 0.575189738942753 0.558401925653611 0.55575263776141 0.549697716039375 0.515543195386154 0.578351949279192 0.626283898554193 0.628654949858646 0.588821376130601 0.598633612631351 0.584144496120368 0.546435388402789 0.496408969829935 0.477934473847231 0.443089630883483 0.422577591111444 0.399691999316716 0.387287633991645 0.401213652564867 0.410889705950883 0.415067005810788 0.442690927875582 0.446969711294039 0.460104321519306 0.459608031625926 0.421699701211024 0.440371226735922 0.471375429657138 0.516788948117042 0.589873423036536 0.618594017799326 0.650174449675446 0.666073996202796 0.686802132225396 0.67889604890811 0.637707550366064 0.690804440040614 0.72593202569082 0.743093415689586 -9999 -9999 -9999
0.688245191033444 0.698615672554856 0.681576526079625 0.677837511130605 0.682531773584556 0.683563820007872 0.650630773556529 0.551513553204837 0.460028655367488 0.365391694598215 0.405554010978573 0.475503167516226 0.551607802260428 0.552997058255414 0.565775655453946 0.549268454412597 0.58807326079438 0.555917203992258 0.540374257874498 0.547892048249842 0.499761192869414 0.519768755567505 0.563535589814861 0.598816518599231 0.599061670963279 0.5672016881261 0.582891283595225 0.528966259170381 0.500736719130823 0.454350188709418 0.431671937796745 0.425493364300572 0.397821563691547 0.372439831735715 0.353691742357372 0.359550027763972 0.352255014220756 0.360996760739481 0.405580043961061 0.416321097497634 0.424021790723267 0.433009258132002 0.392544685130871 0.408715069057627 0.410230622574995 0.468798132438612 0.53905303336451 0.567169554702469 0.600350309327982 0.638919803208701 0.631835740644288 0.625041923216691 0.613097189575748 0.654079911870531 0.720519392549338 0.764867725893213 -9999 -9999 -9999
0.666562583902849 0.651653395862062 0.641779428108338 0.644286163364293 0.635307563387644 0.658476005902616 0.685264787777205 0.643638202809828 0.621654998907591 0.556858230638195 0.474109293180018 0.600730868740173 0.579877343611975 0.564117529921442 0.555648189549081 0.522340641834574 0.532555740837275 0.565513080574373 0.48597582368204 0.491755475993235 0.496661867408482 0.539075824376889 0.547298857253433 0.565321435517273 0.539346115808514 0.535457728021042 0.528653576322085 0.476858847478128 0.438114847370304 0.388354224262591 0.371721363832029 0.388203310108893 0.35966102908432 0.361255431626789 0.329988900503335 0.351018725617437 0.325211827004153 0.337336082738335 0.36816910169787 0.371974209367119 0.38313708855628 0.397739132648704 0.371168158402224 0.409639437062076 0.420724192906712 0.445778752971649 0.485001815158136 0.524423944473903 0.552004229134735 0.560846849571153 0.559274089748016 0.585618780989122 0.617606568117906 0.664642040117665 0.712437960741196 0.736919291460013 -9999 -9999 -9999
