layers50/veg_krg_50/veg_800.asc
NCOLS 128 
NROWS 165 
XLLCORNER -2985163.8955 
YLLCORNER -3022031.214 
CELLSIZE 50000 
NODATA_value -9999 
[rows 26 to 51 of 165, columns 59 to 117 of 128]
0.513441876084468 0.519285353503711 0.522918569363011 0.544845737051453 0.592975522690708 0.620559137684003 0.664505955499885 0.704339228378149 0.697013717787383 0.64151959070892 0.673831916792127 0.711579477752469 0.721853362969771 0.756962773481429 0.808976069260671 0.830096660829106 0.802581534801496 0.870981038998685 0.904651303541506 0.877114930780146 0.914106118060399 0.937790627711437 -9999 -9999 -9999 -9999 -9999 -9999 -9999 -9999 -9999 -9999 -9999 -9999 -9999 -9999 -9999 -9999 -9999 -9999 -9999 -9999 -9999 -9999 -9999 -9999 -9999 -9999 -9999 -9999 -9999 -9999 -9999 -9999 -9999 -9999 -9999 -9999 -9999
0.55194250074682 0.554915104881469 0.556406111068214 0.584055119578138 0.610541852711154 0.637707123219746 0.663662690384792 0.69959135717193 0.703955651490357 0.691521873504192 0.701281074006994 0.70745384193256 0.743682495837564 0.765173080043025 0.786593100280923 0.821015837904044 0.774998471337301 0.839825517160083 0.909601366008561 0.893312583570488 0.896985623115176 0.924718173785985 0.947710870399288 -9999 -9999 -9999 -9999 -9999 -9999 -9999 -9999 -9999 -9999 -9999 -9999 -9999 -9999 -9999 -9999 -9999 -9999 -9999 -9999 -9999 -9999 -9999 -9999 -9999 -9999 -9999 -9999 -9999 -9999 -9999 -9999 -9999 -9999 -9999 -9999
0.590666236178222 0.592312511044056 0.605884468328265 0.636498289642026 0.67151978941485 0.696910301386062 0.748542786622721 0.745447475590026 0.721264078668123 0.719531319673954 0.727590760024369 0.736500332992671 0.732285799290113 0.743854135808072 0.793359729879424 0.818654471609014 0.849590348760816 0.905895233309288 0.895039259076944 0.910977514317912 0.909002640380577 0.917118208739785 0.942284630409371 0.944369688250291 -9999 -9999 -9999 -9999 -9999 -9999 -9999 -9999 -9999 -9999 -9999 -9999 -9999 -9999 -9999 -9999 -9999 -9999 -9999 -9999 -9999 -9999 -9999 -9999 -9999 -9999 -9999 -9999 -9999 -9999 -9999 -9999 -9999 -9999 -9999
0.631267806123013 0.63345911750817 0.653392168118462 0.687224639442311 0.699510977795556 0.699475040547897 0.714193512804034 0.762227748818829 0.740998990091648 0.734132551955285 0.762215312019273 0.75365307864787 0.750362749032891 0.76210306387916 0.786219524498188 0.865558357621654 0.89498434726917 0.897638696307643 0.908918693124949 0.916497019795462 0.920205247166538 0.927329803620388 0.940302282136843 0.941368516917958 -9999 -9999 -9999 -9999 -9999 -9999 -9999 -9999 -9999 -9999 -9999 -9999 -9999 -9999 -9999 -9999 -9999 -9999 -9999 -9999 -9999 -9999 -9999 -9999 -9999 -9999 -9999 -9999 -9999 -9999 -9999 -9999 -9999 -9999 -9999
0.664825772076109 0.682816625044965 0.709473295567715 0.73512200413992 0.734646059235388 0.73810460679076 0.742822533311359 0.792659942058736 0.819326778369337 0.808099402246454 0.789404407988218 0.788785274522756 0.785868519239758 0.800700979153307 0.825695693255441 0.852862815584021 0.88397597708531 0.875438360458338 0.891586809549643 0.910822436852233 0.930153973065927 0.940591216800565 0.94294554939341 0.940958207280244 -9999 -9999 -9999 -9999 -9999 -9999 -9999 -9999 -9999 -9999 -9999 -9999 -9999 -9999 -9999 -9999 -9999 -9999 -9999 -9999 -9999 -9999 -9999 -9999 -9999 -9999 -9999 -9999 -9999 -9999 -9999 -9999 -9999 -9999 -9999
0.69862674142207 0.732991580222957 0.743446774255552 0.751898897741388 0.758477821710844 0.726859132583851 0.729951620385298 0.76638759464063 0.804029714762642 0.792772662660677 0.77635973996414 0.778136403860654 0.766230082596232 0.776451372998361 0.816499336729134 0.841691965204527 0.87199677284555 0.875898371850368 0.881121810388561 0.905804673347881 0.933823322521051 0.943279311366637 0.942924599934497 0.93513848724576 -9999 -9999 -9999 -9999 -9999 -9999 -9999 -9999 -9999 -9999 -9999 -9999 -9999 -9999 -9999 -9999 -9999 -9999 -9999 -9999 -9999 -9999 -9999 -9999 -9999 -9999 -9999 -9999 -9999 -9999 -9999 -9999 -9999 -9999 -9999
0.754489723962351 0.780131639895796 0.784210983784759 0.78774103299686 0.787993238943656 0.736725423786061 0.739106038669153 0.768138665860873 0.79585587793568 0.775339106879548 0.776572473045985 0.759527259852547 0.751025924281575 0.777765290873967 0.806335736096328 0.82621591094942 0.848866547818619 0.858114727479165 0.862561190136902 0.902744928487087 0.938894655941609 0.946445950466198 0.940618398760593 0.932975987111657 -9999 -9999 -9999 -9999 -9999 -9999 -9999 -9999 -9999 -9999 -9999 -9999 -9999 -9999 -9999 -9999 -9999 -9999 -9999 -9999 -9999 -9999 -9999 -9999 -9999 -9999 -9999 -9999 -9999 -9999 -9999 -9999 -9999 -9999 -9999
0.806119542464699 0.814891599829136 0.815419487583387 0.816099488862812 0.81556477441104 0.808234475457875 0.801479791952068 0.819798339163081 0.807761082496676 0.805004396242081 0.772585561179202 0.764643501761581 0.774699272659917 0.779197762396611 0.794209955842826 0.811927430640141 0.842078840339671 0.86567061830713 0.887082671270523 0.916249294431039 0.941925586197004 0.945659602366019 0.934399792005681 0.910496722261524 0.896953247196976 0.862302401323308 0.836145438190562 -9999 -9999 -9999 -9999 -9999 -9999 -9999 -9999 -9999 -9999 -9999 -9999 -9999 -9999 -9999 -9999 -9999 -9999 -9999 -9999 -9999 -9999 -9999 -9999 -9999 -9999 -9999 -9999 -9999 -9999 -9999 -9999
0.83377972522943 0.834710332509144 0.833187257417004 0.834058491336061 0.833237576624697 0.838086632883904 0.845128818206516 0.837364289478966 0.824707445562163 0.816764375775157 0.77521622853802 0.789631996567197 0.770832808469261 0.786480214531089 0.78551629344875 0.804182919636951 0.842679746390444 0.861113049860277 0.903501553065512 0.930973559119008 0.944383284492654 0.930364121480933 0.916524753323955 0.904600326270393 0.890758109255971 0.853388170655968 0.82733864434969 0.798817948212658 0.787709825196609 0.77162472299805 0.763636689345403 0.737926792842673 -9999 -9999 -9999 -9999 -9999 -9999 -9999 -9999 -9999 -9999 -9999 -9999 -9999 -9999 -9999 -9999 -9999 -9999 -9999 -9999 -9999 -9999 -9999 -9999 -9999 -9999 -9999
0.850788096403713 0.855533108374832 0.850491240621209 0.854103972642591 0.857948280541779 0.854802953245401 0.843924552013589 0.836764591792437 0.825062979032521 0.824681893635409 0.811300504738151 0.803970190579826 0.794004553942495 0.793185993363005 0.796976369016034 0.811903108802238 0.853071067389709 0.87336542377647 0.90662175007627 0.937756884601347 0.945129928754682 0.92997691565477 0.913770084117106 0.899558937562495 0.866496506986694 0.836029482574012 0.808476474747684 0.795374952951958 0.779528405616751 0.764355780479382 0.751499280754214 0.732470574782078 0.713860584692144 -9999 -9999 -9999 -9999 -9999 -9999 -9999 -9999 -9999 -9999 -9999 -9999 -9999 -9999 -9999 -9999 -9999 -9999 -9999 -9999 -9999 -9999 -9999 -9999 -9999 -9999
0.87319667002219 0.872912670667309 0.87098818708953 0.868031063864768 0.8662942399619 0.860204449150425 0.85589177232173 0.846781791381741 0.837499548104798 0.819857804801974 0.815440357032234 0.814907968844652 0.816621211806406 0.804188915329608 0.808975595015331 0.829564408997471 0.857052207321832 0.879270229067983 0.9054974806754 0.927075987551215 0.93217027686281 0.917918532629423 0.899077998862061 0.875583286161525 0.852467002672346 0.825796378330024 0.806968331671891 0.78812126594719 0.767867382984502 0.752432964406916 0.731673944561512 0.716484653244818 0.703029349928144 0.684977455101555 0.671390531718201 -9999 -9999 -9999 -9999 -9999 -9999 -9999 -9999 -9999 -9999 -9999 -9999 -9999 -9999 -9999 -9999 -9999 -9999 -9999 -9999 -9999 -9999 -9999 -9999
0.904956951950527 0.898138357575314 0.885590379195107 0.879730272488538 0.885283763905577 0.877050055018482 0.868696675224197 0.850803927455683 0.825317645126221 0.813288051547547 0.796515962807718 0.795487361238357 0.819753349238624 0.818678674687975 0.828966801492391 0.847009793381483 0.86899202248436 0.881775310843971 0.896865268968842 0.902951996534628 0.905129753148221 0.898117377679529 0.880875911401607 0.853161576605506 0.828998836503454 0.817694342038877 0.797179928025494 0.776645686021245 0.757065128465528 0.733910636196878 0.710049468268928 0.686879469743531 0.674450264255329 0.666456253256014 0.656436574582119 0.655687052582926 -9999 -9999 -9999 -9999 -9999 -9999 -9999 -9999 -9999 -9999 -9999 -9999 -9999 -9999 -9999 -9999 -9999 -9999 -9999 -9999 -9999 -9999 -9999
0.932527615174426 0.926610485746499 0.916804411404532 0.905128035161833 0.895886725824411 0.882079075718018 0.871410865942286 0.855520707195513 0.832209739343742 0.819249074318405 0.802706170733751 0.80582910144487 0.82449658834046 0.835548933000058 0.84219879032344 0.85042183763437 0.867326596815991 0.878166394807868 0.890761942715356 0.889286678707146 0.886735298715707 0.882141440815672 0.860006400640516 0.836064430698284 0.818556152122861 0.804990869694769 0.785174946896061 0.7636124040493 0.743079567979266 0.719218049088423 0.68188504654716 0.647873265528425 0.651400449443142 0.643603121957296 0.640375855461192 0.641775185486963 -9999 0.640791109886924 -9999 -9999 -9999 -9999 -9999 -9999 -9999 -9999 -9999 -9999 -9999 -9999 -9999 -9999 -9999 -9999 -9999 -9999 -9999 -9999 -9999
0.941557159486241 0.932698682696018 0.921395062161628 0.909704246920104 0.897196051555392 0.884771712913079 0.872307439693903 0.860357688927289 0.843110581000443 0.827196579725176 0.806171690959337 0.827667192775109 0.831196187105782 0.840586710585295 0.846603817772398 0.8530913488362 0.860538402354623 0.876715304565476 0.863889955648527 0.868708197024308 0.869407150129317 0.861426455201687 0.841866105204717 0.816686212930698 0.791494149156984 0.784731837343061 0.767097830804739 0.742841695247667 0.712767864720119 0.685335083456964 0.663365454453324 0.624834242426282 0.632254738829129 0.627177949936181 0.625726094604815 0.628877884842046 0.626277934800308 0.622752635309311 0.625060508853001 0.637457282774802 0.654810825911821 0.687461168695007 -9999 -9999 -9999 -9999 -9999 -9999 -9999 -9999 -9999 -9999 -9999 -9999 -9999 -9999 -9999 -9999 -9999
0.934057408295857 0.917735694659269 0.903963784079878 0.898664881916629 0.892472004080051 0.882695571885175 0.870482618513456 0.856801893152098 0.843001870006741 0.83339241809648 0.834385467222394 0.835243398424518 0.85088255446572 0.852920109090533 0.850539806975191 0.850639672115757 0.852168745742 0.860466682211562 0.859967911015354 0.859182349765237 0.860727008313625 0.851389350955819 0.828618068156622 0.803058292236724 0.779504992410903 0.758054675697518 0.736199885165695 0.696614822138837 0.66367497770833 0.668363654146449 0.635463016745417 0.617483666488771 0.614722414421317 0.620704936378911 0.623744877389311 0.614412045902172 0.596421851183851 0.58785804377146 0.600922686134121 0.627444009674777 0.652909216981265 0.676820187739707 0.668569624813489 0.678083454471433 0.712924639818376 0.751476940530784 -9999 -9999 -9999 -9999 -9999 -9999 -9999 -9999 -9999 -9999 -9999 -9999 -9999
0.912070366505817 0.915420112879924 0.889634979306402 0.886580269028737 0.892781923831436 0.881125051791029 0.869105511849104 0.857162331354002 0.850982408728345 0.834235383812473 0.825978239824267 0.843623201352192 0.876060128782037 0.859269140636272 0.85085943236382 0.849761467334896 0.854034929625393 0.851230299719385 0.85467766264914 0.857199235071592 0.849720208470113 0.840663028822536 0.817079298299878 0.783715896750279 0.757816074569477 0.727978325362668 0.695912155035695 0.666977963443804 0.64293902527663 0.635534584665235 0.61341268485867 0.612744603078667 0.606232272785223 0.608511826153833 0.602242195045289 0.590837346070569 0.572931842499276 0.57637968382082 0.587329182209763 0.617948310633447 0.639808259450721 0.642637854678231 0.619277274884675 0.663344615493607 0.707127348682631 0.750338190115621 0.792842387875001 -9999 -9999 -9999 -9999 -9999 -9999 -9999 -9999 -9999 -9999 -9999 -9999
0.900905619002653 0.894501403068347 0.872590229734132 0.881083019133665 0.893122600830382 0.881755559868169 0.870336011500159 0.863788825517954 0.856852355861768 0.839775306528483 0.836635792984837 0.850362355810599 0.87624411558207 0.87196183140878 0.86163919296829 0.863387188125666 0.852340858616249 0.841524360763808 0.832098855743635 0.847312827803469 0.828420388244226 0.819756005758842 0.789466583626467 0.76875157492741 0.734442241900096 0.691266858378022 0.665010425667799 0.635132585072169 0.611455092648931 0.605648606594289 0.589286513742491 0.578898786238838 0.573843862394978 0.579462158423779 0.573399711638658 0.563975181942895 0.553356744990229 0.55938426517044 0.573980065665648 0.595231981263477 0.619963534425512 0.631333445522317 0.536776403940582 0.56445750848567 0.700364029413171 0.71825948610447 0.761458529952336 0.797425370739522 -9999 -9999 -9999 -9999 -9999 -9999 -9999 -9999 -9999 -9999 -9999
0.880470300610763 0.871760567278516 0.858444103466986 0.872395508810974 0.887196475245614 0.883272681104551 0.877133510088369 0.863453850357873 0.85100913866887 0.854225723466309 0.850108025293354 0.876862858633609 0.876411329314097 0.866932590440865 0.869308322395981 0.877627424358343 0.850416056275725 0.835096390434389 0.827478095019172 0.844088493717089 0.827268491004152 0.802869217726738 0.782193426521687 0.747690695512223 0.707642869171925 0.669916192149852 0.643652655776024 0.615551736940435 0.584243450103773 0.569161020417709 0.55074843031953 0.523626795263303 0.545406140545116 0.547324280538024 0.54072550852966 0.534302398065881 0.535198892481536 0.549138406861173 0.56139988461804 0.573195131319378 0.595895663725363 0.530887791753443 0.499084558806399 0.533428505670951 0.674947099947243 0.660641247661177 0.727809174746808 0.738804350430013 0.80967240278792 -9999 -9999 -9999 -9999 -9999 -9999 -9999 -9999 -9999 -9999
0.871728633079763 0.864548362444546 0.862211749224771 0.855871563958859 0.882578005522413 0.886288693243356 0.883102386741514 0.875241950040267 0.871296232979327 0.865561739355978 0.859041735200536 0.886082563207602 0.876110948455351 0.861113257890579 0.879178010187364 0.887039735909897 0.8761797383462 0.836263622944495 0.826738871211877 0.840397460642064 0.827688754788631 0.820997131549138 0.798646394096155 0.742167842974581 0.67229224450059 0.652799841266769 0.62287255381263 0.61337916510998 0.57440346938553 0.534079392957387 0.511085163502827 0.530683003366342 0.520396359596077 0.527305163309191 0.514271811555531 0.498535498260085 0.516449802780069 0.53359085669863 0.548480968846928 0.56232198785121 0.577239357267203 0.546094808607825 0.482863046789303 0.594296200550026 0.623435258603924 0.597845370065203 0.650949769240006 0.736693116197653 0.797594402397842 0.829339376651654 -9999 -9999 -9999 -9999 -9999 -9999 -9999 -9999 -9999
0.846306389963449 0.842730496027307 0.84458325762127 0.855026615534357 0.866875419002231 0.887231396004513 0.886146388355065 0.880665360930543 0.875678850919954 0.871430094339273 0.860021251795069 0.893704399965886 0.876737736223615 0.862143726260469 0.876601399442589 0.881609814552952 0.833759687480902 0.836728323478737 0.812985342472746 0.824260325774214 0.840362116919176 0.83871865185552 0.777090845968128 0.735140376738743 0.690907412012927 0.637584757457441 0.62324123582969 0.588890095500243 0.569043093465343 0.506339324741204 0.508266315253208 0.502255067624409 0.489013631038307 0.497096357107169 0.484092133981152 0.489477218081567 0.490000380029226 0.493739353898257 0.512841887711562 0.529102246783055 0.553108375259057 0.529955167227041 0.517335541881215 0.567635363886861 0.52412766552855 0.580544274614291 0.646710087960113 0.736216409969013 0.767178017241647 0.794054094393388 0.804851828908958 -9999 -9999 -9999 -9999 -9999 -9999 -9999 -9999
0.815982991987925 0.818782808762929 0.821245056640126 0.830542991654492 0.84901240268487 0.858475147530117 0.877916335189872 0.880295868692201 0.876340300287261 0.881234211492499 0.872756710416416 0.894340386156288 0.880300116984441 0.87773411344665 0.894821410908378 0.880809114625635 0.827139805598341 0.82066135827678 0.792812613966455 0.811392432299946 0.827432450057593 0.830935549183364 0.780674162359868 0.704814859460556 0.683563064046793 0.635119113434395 0.606215249068858 0.565804569398426 0.559918009871613 0.498776251026699 0.468270830204 0.447171572137631 0.433035581190152 0.434040736077727 0.430125132110586 0.441166910566597 0.448227879706824 0.461004051739983 0.493167862472901 0.495091944891802 0.517137657893408 0.480597827957167 0.427955549731212 0.49925239173879 0.490151039419236 0.528744000411983 0.658499445098822 0.736210467186128 0.754325885928342 0.770220067497347 0.77928916009931 0.788191149489123 0.773298415340105 0.761532180709507 -9999 -9999 -9999 -9999 -9999
0.795447069692358 0.796954406549282 0.798396753429587 0.803777497210415 0.832030226735183 0.841275945198193 0.856308087218782 0.869865297164312 0.888012769324639 0.913095813349079 0.891884110971456 0.905064909038973 0.887409473830436 0.887306794943795 0.887571354620321 0.851725587705238 0.805096074636646 0.800592700859343 0.792863770987235 0.801301321266001 0.804486497143203 0.787774066438726 0.749714117368077 0.702851556135909 0.672210055591334 0.630776787876439 0.594679465736424 0.558810657778845 0.539194192341497 0.47206958469048 0.432358662003142 0.396267430097684 0.378943382895793 0.388790376288991 0.387460729548259 0.397613928272092 0.395287092945532 0.426375350415591 0.463984340058747 0.454494572248389 0.480138545181309 0.483696671596453 0.382045260746973 0.442917612415349 0.484288628403195 0.541950095217558 0.624308645036186 0.701103044840053 0.679812047087473 0.737216126112408 0.754283660012189 0.764110361144631 0.74429089794727 0.727541298128323 0.723426242163208 0.726208150620968 -9999 -9999 -9999
0.789042751848637 0.772985591826511 0.752829357391008 0.770877751354866 0.791421986552442 0.823278859550809 0.83979424349163 0.860526493416878 0.907975423036687 0.935871379557493 0.912436434485935 0.917405392000811 0.901634010835653 0.902065008578968 0.862463445822984 0.842180724446089 0.776821203410514 0.781346512729617 0.77790910477609 0.786190808481579 0.765662497017383 0.735664812546663 0.709517960585875 0.706228164045539 0.659198841908329 0.60427275101999 0.569268954069932 0.560189523361291 0.520063524208592 0.443277602674266 0.41968573279198 0.401001869401244 0.398643422024671 0.385890234239798 0.385501248617809 0.392820569312467 0.407587117539486 0.426512867304384 0.445452935863319 0.447925654540406 0.440929321732562 0.414647459289353 0.37942932681737 0.41806265556344 0.489768568442124 0.569232117466286 0.634940564351824 0.562544359502774 0.623994107902243 0.657093702181843 0.715661851926295 0.701822137862299 0.660937761442057 0.685268383381945 0.714805615299996 0.724607081863913 -9999 -9999 -9999
0.726490949404319 0.762248256666349 0.74764224769635 0.753395851995907 0.768981599892437 0.78672182414336 0.823345923664068 0.818270235860201 0.882105083854248 0.97424024273848 0.95726049676246 0.936905715897877 0.925143737591053 0.869118872563099 0.815603150929325 0.761469901294983 0.774169817661618 0.761635718118678 0.756485797885924 0.757230460925638 0.744521405661721 0.69793175044481 0.700899293242056 0.685998220990951 0.657643203922671 0.605745505636723 0.593816376802958 0.554417453984601 0.497171052285359 0.440979689882295 0.409852431999213 0.373317909124098 0.356821245815565 0.345599921826855 0.339905080875359 0.359246180693697 0.375346018012719 0.38597597637845 0.421340586615415 0.431684037142987 0.448741667842772 0.448325701709895 0.398381850268663 0.396125585408204 0.425118626771196 0.474085846840245 0.565788752182317 0.590730039344127 0.622515898205206 0.63585989041978 0.652360610753789 0.632538597201688 0.57403534014828 0.641978412632913 0.696055079541667 0.730349670134381 -9999 -9999 -9999
0.737039520450159 0.753018923848427 0.7261264281725 0.731072506030147 0.736506384612152 0.750773902077344 0.790696831130006 0.823134401916482 0.829543264235949 0.920842912569771 0.912319834228724 0.923332918451225 0.894008052977888 0.822592795219686 0.77457770385782 0.7346153711926 0.767418744233404 0.739708637878851 0.746706678593009 0.731519276242262 0.68985407645131 0.681245708778487 0.675883159247786 0.673708582522732 0.651329509019955 0.607234422053017 0.599112675940265 0.521720582872657 0.468454682546398 0.409386745852318 0.375260386480747 0.363982545544161 0.341041128065911 0.318914132292645 0.305950466758295 0.314224274320454 0.315938064618611 0.332143025231988 0.380888272786206 0.400848539470324 0.416298591101825 0.429435792280335 0.365965834260641 0.364094308385031 0.352664892414321 0.426603170382826 0.509746256524847 0.526505430860069 0.563905489340492 0.604342907599085 0.591898164469677 0.581891384111574 0.568925563291491 0.612065507596272 0.66880453918149 0.695863905677801 -9999 -9999 -9999
0.683159170146785 0.675143129463493 0.689508462012468 0.684911690247804 0.681109999140425 0.686821755220161 0.752406045771099 0.784282890844019 0.798697843057544 0.836982836810765 0.865621550368811 0.853725207316182 0.815267042453154 0.738652770541401 0.725564721752611 0.702112437989918 0.723401261332623 0.74289112822509 0.690533675092504 0.672192275263997 0.673677780277632 0.689047116688811 0.673938115975376 0.669676318814815 0.614274447450021 0.580476497843655 0.561744767490125 0.479339059373317 0.419018072092679 0.351696527450116 0.332950468866066 0.346458935618128 0.308679202090192 0.306386163580908 0.280945258615954 0.304417915172628 0.288527211656051 0.311705079065572 0.348087837905891 0.358932509610833 0.374585404901471 0.394816895134418 0.338318868808804 0.379955621184033 0.391470301990216 0.414194013985097 0.455538156511565 0.5025571848886 0.527385280123408 0.528903207848202 0.522808820011917 0.552685105190181 0.581595774578931 0.626538628094099 0.658624740502153 0.678995164005131 -9999 -9999 -9999
