layers50/veg_krg_50/veg_4500.asc
NCOLS 128 
NROWS 165 
XLLCORNER -2985163.8955 
YLLCORNER -3022031.214 
CELLSIZE 50000 
NODATA_value -9999 
[rows 52 to 77 of 165, columns 0 to 58 of 128]
-9999 -9999 -9999 -9999 -9999 -9999 -9999 -9999 -9999 -9999 -9999 -9999 -9999 -9999 -9999 -9999 -9999 -9999 -9999 0.49668251061509 0.456377227804433 0.443259582746347 0.451395773102661 0.436013777928277 0.48984258817308 0.485504786030066 0.482831436408475 0.48218037198226 0.546458003063225 0.545047054387608 0.550467173136177 0.558649235161143 0.580399120194045 0.567438435559382 0.569981100192165 0.574438004118905 0.584420220314306 0.609908098008925 0.615244212709262 0.596732191223929 0.575870951933641 0.568302018815007 0.561400009735197 0.552926380206418 0.52038157767153 0.515771648105009 0.505883215839369 0.507292776147888 0.491602908022718 0.504520379379593 0.511613990247239 0.522394238013024 0.534893927676944 0.575255852752489 0.592428628123468 0.606547409000071 0.600753738897586 0.586006314791928 0.596507237327167
-9999 -9999 -9999 -9999 -9999 -9999 -9999 -9999 -9999 -9999 -9999 -9999 -9999 -9999 -9999 -9999 -9999 -9999 -9999 0.482307177049542 0.430905131879938 0.36466178432402 0.376601281367858 0.378286595199888 0.396958965553115 0.428840502279128 0.445327127806364 0.495645313641945 0.510216769411403 0.533354831755275 0.533099802500586 0.54424474897785 0.575026085373674 0.574443926334988 0.575590935965221 0.619002728080911 0.625665087698642 0.628432383643237 0.620595547340444 0.603147991503787 0.579387236622509 0.567705700987506 0.547370537749868 0.539443071046403 0.51269784496987 0.500602859878191 0.492439671934613 0.490773978641692 0.477805288120781 0.480228968585957 0.480936608510806 0.485208302396456 0.493623419574042 0.525226654738181 0.543053708627981 0.577801011573888 0.58830494265555 0.561546019446322 0.560513029609608
-9999 -9999 -9999 -9999 -9999 -9999 -9999 -9999 -9999 -9999 -9999 -9999 -9999 -9999 -9999 -9999 -9999 -9999 -9999 -9999 0.428949016373258 0.33993093451703 0.316977718808005 0.313390217380779 0.326338277332695 0.352942994415555 0.453076734537233 0.49440423542756 0.486629426159307 0.514936981831562 0.518175296884303 0.537836748645386 0.555883173184513 0.544086305548889 0.57701482045886 0.65494243594746 0.646257889816756 0.644412336216443 0.633416827562972 0.615485943786975 0.593426869098031 0.573996316255236 0.546527274823597 0.500325659142587 0.484345975153835 0.48318429051587 0.474840175687521 0.474361177127154 0.460509405656039 0.448862191086928 0.446830608419058 0.443108947691041 0.454615709863556 0.453974903906903 0.498398319857565 0.51630532653931 0.555937332837395 0.541839538430284 0.517001531250005
-9999 -9999 -9999 -9999 -9999 -9999 -9999 -9999 -9999 -9999 -9999 -9999 -9999 -9999 -9999 -9999 -9999 -9999 -9999 -9999 0.374634630824671 0.296642303624943 0.266379833541941 0.261992327680778 0.287080032166203 0.30466786559008 0.415893848726229 0.474482867698932 0.469403117459069 0.475423853089474 0.498008054713737 0.518579651358744 0.516031922226649 0.540180490713955 0.650249963680957 0.664153817907021 0.652271562893102 0.646622759168908 0.637246276034265 0.614883143853519 0.602763109321932 0.580890654849551 0.551481522800249 0.505725075019817 0.486913808466653 0.456864044979404 0.448985676422189 0.444271350839188 0.421792858377666 0.4049528951317 0.39756388891043 0.402490925935436 0.415326185367865 0.427936779434361 0.432940808046916 0.452685314292094 0.48212684084374 0.487093528724327 0.474070505532334
-9999 -9999 -9999 -9999 -9999 -9999 -9999 -9999 -9999 -9999 -9999 -9999 -9999 -9999 -9999 -9999 -9999 -9999 -9999 -9999 -9999 0.295755296120372 0.255096437392248 0.214720118911578 0.232409420141935 0.254195566804379 0.315396740378891 0.437804409073671 0.450469760570654 0.453337686121068 0.484438227582547 0.48449195148974 0.532010491102981 0.636459605018055 0.650431244329262 0.647929543655155 0.651455279365861 0.64965305129571 0.637927694059734 0.622991778230473 0.609589099569291 0.579337329019435 0.545838424618209 0.52120047456216 0.495581174885231 0.463585406481635 0.432528210588855 0.409358960182701 0.383862593114444 0.365827900070223 0.36420217850411 0.356244093096086 0.353616930420996 0.380862368785633 0.406227403258118 0.411474936247426 0.411117386003215 0.420974990128078 0.431346159608204
-9999 -9999 -9999 -9999 -9999 -9999 -9999 -9999 -9999 -9999 -9999 -9999 -9999 -9999 -9999 -9999 -9999 -9999 -9999 -9999 -9999 0.3051620855208 0.267474391627973 0.185845774257841 0.189201299149599 0.223040035015851 0.319309710281529 0.370424505451317 0.409475403988194 0.438324054087467 0.44899634583748 0.518661727511036 0.632040864646258 0.638681164580387 0.627787716669732 0.638234730112372 0.651443098966058 0.653931235206813 0.646800587970977 0.642670250854986 0.630891846716425 0.593171629685044 0.569862595406492 0.541192685729261 0.506495876453019 0.464188953712163 0.421394773984272 0.389066427067954 0.378506487252751 0.366059265690915 0.354747408976494 0.336315258252177 0.339682530528326 0.349932510277969 0.357514411018428 0.362839522310987 0.389060871853223 0.393687008201635 0.385722657375535
-9999 -9999 -9999 -9999 -9999 -9999 -9999 -9999 -9999 -9999 -9999 -9999 -9999 -9999 -9999 -9999 -9999 -9999 -9999 -9999 -9999 -9999 0.249205713668109 0.191854763266098 0.153429647036188 0.172557104089453 0.203966049001265 0.243383034137715 0.298459601015484 0.405613716702529 0.511717965357917 0.584680550001728 0.616790225472803 0.625967490805779 0.61959732938076 0.63088502110653 0.651494747415269 0.663989203457097 0.671068956574572 0.668643136835601 0.651221647392419 0.627739901739525 0.598999514179089 0.564506546598294 0.515090858622446 0.461316885464614 0.410155732802208 0.375590159169742 0.367542324238309 0.362276123966246 0.353375180646721 0.343161600929409 0.346153092996003 0.345542026652423 0.333554355440026 0.318307847090705 0.326526049514164 0.35201763053545 0.366135756639324
-9999 -9999 -9999 -9999 -9999 -9999 -9999 -9999 -9999 -9999 -9999 -9999 -9999 -9999 -9999 -9999 -9999 -9999 -9999 -9999 -9999 -9999 0.244270399326717 0.200172972161571 0.147242041054983 0.124135690491756 0.12946002044505 0.184425469229275 0.241153225369203 0.451845012120442 0.510857763457983 0.473576027549372 0.553714136569954 0.44867537809352 0.346593670951939 0.547554329613586 0.639072543469741 0.684598475598171 0.703153225473075 0.705314187088394 0.697980604755058 0.674749296006218 0.641131581341235 0.59939904544756 0.535746253711612 0.465303648894573 0.400485456394112 0.36195207635236 0.354200219502309 0.35638452742857 0.359573395091585 0.355153428348428 0.351629716152984 0.342801945891682 0.334617262408986 0.32193110758507 0.308719422821268 0.305104276075016 0.317946765930949
-9999 -9999 -9999 -9999 -9999 -9999 -9999 -9999 -9999 -9999 -9999 -9999 -9999 -9999 -9999 -9999 -9999 -9999 -9999 -9999 -9999 -9999 -9999 -9999 0.196325840581995 0.140394832559565 0.114053206565495 0.151735585562296 0.270744671551666 0.427634169861738 0.528163060560477 0.41367187169889 0.501561165872646 0.367285948915894 0.296440025555944 0.491556925331672 0.6054954870615 0.697695932811567 0.725194484198998 0.735052168113339 0.742873246074658 0.725736131807015 0.689419802970456 0.642534520762949 0.567737054945902 0.48360069882278 0.400585123318708 0.35644831129194 0.349858731894974 0.353838566225733 0.352276822930026 0.351732466806147 0.344034505354835 0.337721248460959 0.324848760927935 0.319155558352653 0.309079028289458 0.292708880127671 0.283058025763612
-9999 -9999 -9999 -9999 -9999 -9999 -9999 -9999 -9999 -9999 -9999 -9999 -9999 -9999 -9999 -9999 -9999 -9999 -9999 -9999 -9999 -9999 -9999 -9999 -9999 0.191758224860895 0.0984665951421097 0.101759420311365 0.14997969769649 0.242273496932672 0.33484085172408 0.346071345641119 0.315034829153542 0.264992099491531 0.231587067742838 0.397904002443406 0.466053190718286 0.604744469179307 0.677885768863555 0.729261441397691 0.764460259983783 0.761614083377334 0.74202772737163 0.694502569316747 0.612592820360954 0.52271775044492 0.435271635557665 0.383261523249033 0.369644301023207 0.357925703137457 0.353148991742258 0.349172923650663 0.343381098950622 0.325164361582355 0.310215529451393 0.299352317949665 0.294824642443392 0.281612661384424 0.281555724961978
-9999 -9999 -9999 -9999 -9999 -9999 -9999 -9999 -9999 -9999 -9999 -9999 -9999 -9999 -9999 -9999 -9999 -9999 -9999 -9999 -9999 -9999 -9999 -9999 -9999 0.322855834138047 0.205578176069588 0.075179751702218 0.0752563170723983 0.140358305729698 0.162835592392865 0.202627438484624 0.208321836012214 0.156922957475736 0.138278994345232 0.147038658627813 0.183702249072904 0.347325622409992 0.488944860009091 0.67756502293075 0.74914101098892 0.778708438464934 0.78186907355117 0.744391151391186 0.66481819115459 0.572475302793248 0.489245613767617 0.429750691270417 0.398330482935576 0.372851043740768 0.35502142407925 0.342397468920748 0.329917489545226 0.312663716160461 0.286515891397668 0.266662262111154 0.269852605761664 0.25148547922408 0.247450940033118
-9999 -9999 -9999 -9999 -9999 -9999 -9999 -9999 -9999 -9999 -9999 -9999 -9999 -9999 -9999 -9999 -9999 -9999 -9999 -9999 -9999 -9999 -9999 -9999 -9999 -9999 0.398443259115056 0.143845557678222 0.0776427117053911 0.077042257281002 0.13064538617589 0.132397405298516 0.205172741010828 0.096467409234876 0.109978104669159 0.111366950880865 0.0771181709360645 0.168979595100106 0.188499170730081 0.417427770534171 0.586145481529069 0.691676248031564 0.760361241117309 0.750350106089388 0.704385144619467 0.615644887923919 0.534821901456487 0.46989900234422 0.425521752507798 0.388289521548944 0.357877710183565 0.332508942592485 0.311595733940335 0.292618372236138 0.266643892253309 0.251225932345215 0.239019530991663 0.222172329748971 0.203732586019668
-9999 -9999 -9999 -9999 -9999 -9999 -9999 -9999 -9999 -9999 -9999 -9999 -9999 -9999 -9999 -9999 -9999 -9999 -9999 -9999 -9999 -9999 -9999 -9999 -9999 -9999 0.4998289225986 0.315264248098428 0.238887605836196 0.0793282163850966 0.0850542942556487 0.0539122347421332 0.0751173675702763 0.0382514322320272 0.0669934663124506 0.0437725064721301 0.059169584182777 0.120814310474769 0.11286807433238 0.122352160752875 0.206111544120652 0.463711717023693 0.641849612626713 0.70144162025245 0.690293801183813 0.639859770848676 0.560741966813025 0.4924407790865 0.445421205733101 0.402762566367993 0.361430328908994 0.324447971990989 0.295023589238493 0.272735572243908 0.250143108334412 0.234585234344396 0.218206948582272 0.209514634907973 0.196109585810571
-9999 -9999 -9999 -9999 -9999 -9999 -9999 -9999 -9999 -9999 -9999 -9999 -9999 -9999 -9999 -9999 -9999 -9999 -9999 -9999 -9999 -9999 -9999 -9999 -9999 -9999 0.494805357575879 0.512805730025177 0.429612745310679 0.1546737319892 0.0713554606133223 0.038011833705214 0.00259871473355785 0.000178369164005542 0.00705670563460076 0.0506882498905356 0.0707606974988872 0.106800328981564 0.129510741909849 0.116106879061876 0.0401781732433811 0.278955288744378 0.630532495946522 0.666835876341515 0.61492747068066 0.578732541696259 0.513460689973425 0.485508660281222 0.451484592215926 0.408882187492643 0.361245038164202 0.31392420591179 0.281364858800169 0.253979221779216 0.234843555174842 0.219413435374817 0.205621126074369 0.199669458031672 0.203182830788965
-9999 -9999 -9999 -9999 -9999 -9999 -9999 -9999 -9999 -9999 -9999 -9999 -9999 -9999 -9999 -9999 -9999 -9999 -9999 -9999 -9999 -9999 -9999 -9999 -9999 -9999 -9999 0.53068532989085 0.493398130098974 0.336514078280075 0.172715403550833 0.0799211444963501 0.0466006856493687 0.0708598950352834 0.00595418042434576 0.0203853441944372 0.023373777450914 0.0618141656245503 0.114829979211118 0.12488250374941 0.0683801038221698 0.244402589358102 0.52552095618489 0.568932139894235 0.554488613725347 0.444083368613791 0.454103979199679 0.484772638236283 0.46255405933123 0.418372695758908 0.366596252499241 0.311619114117583 0.264604756454223 0.24151116304193 0.224885734054453 0.213599800856692 0.199874710047173 0.194201896485265 0.198141305849062
-9999 -9999 -9999 -9999 -9999 -9999 -9999 -9999 -9999 -9999 -9999 -9999 -9999 -9999 -9999 -9999 -9999 -9999 -9999 -9999 -9999 -9999 -9999 -9999 -9999 -9999 -9999 -9999 0.469531518216596 0.428813605806383 0.340603430569042 0.237510065212708 0.30838823608992 0.110133418132312 0.0867814761609681 0.07539066176052 0.0192330071927528 0.0217530117634576 0.0523307175894153 0.116769720151602 0.11967893388882 0.147431086448256 0.205378204491492 0.279696509512058 0.493588141299501 0.46267189376954 0.468262878731694 0.496567900219939 0.476349327146341 0.428249157095444 0.375719210774362 0.323294511595663 0.26870860007928 0.236407418125609 0.210234978507594 0.203560040412613 0.19138034587779 0.181432925573479 0.191882633147748
-9999 -9999 -9999 -9999 -9999 -9999 -9999 -9999 -9999 -9999 -9999 -9999 -9999 -9999 -9999 -9999 -9999 -9999 -9999 -9999 -9999 -9999 -9999 -9999 -9999 -9999 -9999 -9999 -9999 -9999 0.426971510450083 0.406682569492822 0.400293111950261 0.340598383397289 0.288386094113717 0.147048439987969 0.0409425933722647 0.0788348788758256 0.0205389359044469 0.0684714626903769 0.0893952413703218 0.113493578903984 0.0766627741318086 0.0545901614808979 0.35243930856898 0.349865669363275 0.356797380951226 0.459883711054214 0.485235595388757 0.434422356362397 0.382924327042407 0.336081715768857 0.28303818979642 0.249408588214792 0.21616119807801 0.195405394453015 0.187939616238667 0.169537913796987 0.189271743561896
-9999 -9999 -9999 -9999 -9999 -9999 -9999 -9999 -9999 -9999 -9999 -9999 -9999 -9999 -9999 -9999 -9999 -9999 -9999 -9999 -9999 -9999 -9999 -9999 -9999 -9999 -9999 -9999 -9999 -9999 -9999 -9999 0.381868673115392 0.553046102382261 0.447511888285736 0.335966460294287 0.175745257951938 0.20710949539888 0.000809841785093279 0.0167869086004087 0.0593334640359662 0.104672892585204 0.0978768064483642 0.0684640848574354 0.231230205450505 0.221874417665675 0.0928447502468281 0.253281602025897 0.462678283105778 0.43383954651078 0.385932741868339 0.339339825013189 0.292522684994591 0.262930066528124 0.240145717183926 0.220906526197878 0.205938925952998 0.197471503380347 0.203416889310627
-9999 -9999 -9999 -9999 -9999 -9999 -9999 -9999 -9999 -9999 -9999 -9999 -9999 -9999 -9999 -9999 -9999 -9999 -9999 -9999 -9999 -9999 -9999 -9999 -9999 -9999 -9999 -9999 -9999 -9999 -9999 -9999 -9999 0.611546101421534 0.485951001032564 0.531052681367511 0.445769624016622 0.211280694877758 0.0475631023823625 0.0123918641494451 0.009562385497158 0.090210719663166 0.0648959254830819 0.0845262857334497 0.0626022789020785 0.0623032874869123 0.13562804094712 0.108429153623667 0.032857540922792 0.244231802984374 0.329869741437648 0.33210179607189 0.293237918673148 0.269911157412105 0.25444841483612 0.236369937290006 0.226014648802471 0.221715393877655 0.218976678854456
-9999 -9999 -9999 -9999 -9999 -9999 -9999 -9999 -9999 -9999 -9999 -9999 -9999 -9999 -9999 -9999 -9999 -9999 -9999 -9999 -9999 -9999 -9999 -9999 -9999 -9999 -9999 -9999 -9999 -9999 -9999 -9999 -9999 -9999 -9999 -9999 0.486519440792673 0.441851854873202 0.321738484491614 0.0869504317029143 0.0487202753813326 0.077366671717974 0.0942986965018002 0.0992441236628281 0.0974339124284685 0.0519991981215155 0.109184218015202 0.142318560556367 0.0718153942806763 0.0682138019278641 0.197041962802413 0.241581349080978 0.269365206170374 0.275380891518534 0.262527106787644 0.245369386282731 0.236271983481062 0.224076545365594 0.239833836201607
-9999 -9999 -9999 -9999 -9999 -9999 -9999 -9999 -9999 -9999 -9999 -9999 -9999 -9999 -9999 -9999 -9999 -9999 -9999 -9999 -9999 -9999 -9999 -9999 -9999 -9999 -9999 -9999 -9999 -9999 -9999 -9999 -9999 -9999 -9999 -9999 -9999 0.636060899654731 0.615312356422507 0.392674135117202 0.0550991003312496 0.0331123893513599 0.0717373467957625 0.0820391825279564 0.0957478959781105 0.0547713865017566 0.0263323697532902 0.0856411012382422 0.177962268366 0.204025452168003 0.202505345718796 0.1602767276499 0.218675162271188 0.283999964068336 0.269650070395051 0.253800368493827 0.249628031784428 0.242099646040331 0.242477717072851
-9999 -9999 -9999 -9999 -9999 -9999 -9999 -9999 -9999 -9999 -9999 -9999 -9999 -9999 -9999 -9999 -9999 -9999 -9999 -9999 -9999 -9999 -9999 -9999 -9999 -9999 -9999 -9999 -9999 -9999 -9999 -9999 -9999 -9999 -9999 -9999 -9999 -9999 0.660620503926015 0.484148773669769 0.122974932070122 0.0393216157718128 0.0886135831040243 0.101869866111683 0.091275441544532 0.0653211406401999 0.0290912980420394 0.0614586895871937 0.161943658709983 0.199915283824947 0.17678236497027 0.142924241544937 0.224812930800884 0.292753278189403 0.280996932551078 0.264442354203268 0.257869135781544 0.253940586538683 0.252620283174722
-9999 -9999 -9999 -9999 -9999 -9999 -9999 -9999 -9999 -9999 -9999 -9999 -9999 -9999 -9999 -9999 -9999 -9999 -9999 -9999 -9999 -9999 -9999 -9999 -9999 -9999 -9999 -9999 -9999 -9999 -9999 -9999 -9999 -9999 -9999 -9999 -9999 -9999 0.540825453607264 0.461096523889313 0.188214500789048 0.0420174907452007 0.0688328853199481 0.10290643148892 0.0916449507324364 0.0622222095741927 0.0143528468079455 0.0107171365072663 0.11540976386247 0.134234186116361 0.113476606144446 0.188466406565682 0.252664334827746 0.291144723442033 0.287391383012655 0.276101476365621 0.266908414378926 0.262856141112261 0.259448372661214
-9999 -9999 -9999 -9999 -9999 -9999 -9999 -9999 -9999 -9999 -9999 -9999 -9999 -9999 -9999 -9999 -9999 -9999 -9999 -9999 -9999 -9999 -9999 -9999 -9999 -9999 -9999 -9999 -9999 -9999 -9999 -9999 -9999 -9999 -9999 -9999 -9999 -9999 0.501748493040144 0.468077762015411 0.303374761844903 0.0855395498463538 0.0645514235471952 0.0901847374238146 0.0750899062974695 0.0416919571493791 0.00116230161731059 0.00590410653692248 0.0454476647428592 0.0656022968512902 0.0998269881641007 0.190370431569388 0.234110956413828 0.285506794638055 0.294739888280735 0.282287895414758 0.285957117006801 0.275449797240738 0.277143580631421
-9999 -9999 -9999 -9999 -9999 -9999 -9999 -9999 -9999 -9999 -9999 -9999 -9999 -9999 -9999 -9999 -9999 -9999 -9999 -9999 -9999 -9999 -9999 -9999 -9999 -9999 -9999 -9999 -9999 -9999 -9999 -9999 -9999 -9999 -9999 -9999 -9999 -9999 -9999 0.407616382571002 0.358764265745171 0.114158449432543 0.0438074613264061 0.0762373257189691 0.0414891189572875 0.0470088233975369 0.0055515839268811 0 0.0487257665964337 0.0624972537866981 0.161801665691932 0.208942577720297 0.239735096582845 0.315685872509334 0.288405067804588 0.303753530702384 0.285297208948443 0.282454727388184 0.29517809776095
-9999 -9999 -9999 -9999 -9999 -9999 -9999 -9999 -9999 -9999 -9999 -9999 -9999 -9999 -9999 -9999 -9999 -9999 -9999 -9999 -9999 -9999 -9999 -9999 -9999 -9999 -9999 -9999 -9999 -9999 -9999 -9999 -9999 -9999 -9999 -9999 -9999 -9999 -9999 0.438990155225431 0.413114788248291 0.163157978801038 0.0390600303768816 0.0798364669062 0.0861358744952653 0.0603674422001451 0.0177253036594207 0.00513291149490404 0.0536045160188003 0.0270541392301054 0.131436238163913 0.248652128838238 0.248490224220162 0.306119855743736 0.315079473101319 0.303845919480943 0.299290799491627 0.304151397748072 0.31150844088564
