layers50/veg_krg_50/veg_900.asc
NCOLS 128 
NROWS 165 
XLLCORNER -2985163.8955 
YLLCORNER -3022031.214 
CELLSIZE 50000 
NODATA_value -9999 
[rows 52 to 77 of 165, columns 0 to 58 of 128]
-9999 -9999 -9999 -9999 -9999 -9999 -9999 -9999 -9999 -9999 -9999 -9999 -9999 -9999 -9999 -9999 -9999 -9999 -9999 0.45088333408321 0.423223188251248 0.408522142933896 0.436731731421568 0.423875382623235 0.511930293807974 0.527639311192709 0.545309201940557 0.556315919614971 0.559116376605334 0.560452298034833 0.56624222236858 0.602496688248136 0.70453231613747 0.705663983307392 0.706528787321762 0.699759559245193 0.757776342313059 0.836671457054599 0.845665031387785 0.815704851379386 0.798530543904524 0.791167269108889 0.729179731583892 0.697540620272131 0.687633448693798 0.66427064265072 0.619059676538844 0.603719005420236 0.623871327608187 0.615784018173848 0.620074726601501 0.664945756474487 0.684192500901776 0.619225801029494 0.587417466220205 0.56144420669268 0.546810274868823 0.560055104088807 0.625475819974226
-9999 -9999 -9999 -9999 -9999 -9999 -9999 -9999 -9999 -9999 -9999 -9999 -9999 -9999 -9999 -9999 -9999 -9999 -9999 0.460766807495111 0.3940871701868 0.296574821207319 0.328435756604033 0.339866571401929 0.379794598609845 0.457548855812396 0.507706259912411 0.525427178759415 0.521867218325363 0.539507743343662 0.541672512046232 0.608775394468497 0.690400989178924 0.702453054639537 0.704504578562569 0.745664674377187 0.829217417248211 0.867203990096184 0.842733555735103 0.822127505666946 0.810272763219364 0.78758476360623 0.746565528513126 0.727773745369683 0.707384503503071 0.67258694648792 0.626133414378179 0.6157279196333 0.610620787078875 0.596148784098705 0.587333168205916 0.605906414644546 0.624604508446446 0.622184288766734 0.585817596430357 0.542000656126957 0.454294583809692 0.520484151095719 0.609774928667023
-9999 -9999 -9999 -9999 -9999 -9999 -9999 -9999 -9999 -9999 -9999 -9999 -9999 -9999 -9999 -9999 -9999 -9999 -9999 -9999 0.423138275821008 0.270785497859115 0.227921169377909 0.24260126570976 0.27758208311193 0.344343494908067 0.468836012156258 0.511157585825629 0.495823154733793 0.514155044426001 0.53086201887201 0.620841840770382 0.671407597855511 0.683889038286266 0.720019665421952 0.829572272441092 0.859899241468704 0.861418841263105 0.85214632820828 0.834969214183588 0.817929779977239 0.789931963183677 0.745633121685083 0.728598088983649 0.700101472740404 0.665750714196435 0.623050426320634 0.61933210881754 0.603013718481138 0.586679543006594 0.593124849931029 0.597074170093169 0.578209520449579 0.612969964527551 0.644196522930261 0.65727296132255 0.494994265977549 0.445202531842545 0.577985141603678
-9999 -9999 -9999 -9999 -9999 -9999 -9999 -9999 -9999 -9999 -9999 -9999 -9999 -9999 -9999 -9999 -9999 -9999 -9999 -9999 0.373945664640476 0.218485440636711 0.165752735987087 0.172731625075435 0.232535731481477 0.285317561662569 0.423152519921584 0.496881830039568 0.488537291722703 0.483119745437821 0.572367974544721 0.637732063159254 0.651938890011194 0.675873037308174 0.814782797806657 0.839584622387673 0.860072411014749 0.861429790778349 0.86095544234567 0.84024728818444 0.812146544294823 0.786221118720237 0.755830113942836 0.727711221628656 0.69258927130308 0.649972282805928 0.618263618987514 0.610559220563448 0.592142471331333 0.579606425644271 0.603154430460279 0.616823609289489 0.592190673048956 0.575415492487777 0.59316959139314 0.643926382878307 0.68024732924765 0.688050739507886 0.559145284365973
-9999 -9999 -9999 -9999 -9999 -9999 -9999 -9999 -9999 -9999 -9999 -9999 -9999 -9999 -9999 -9999 -9999 -9999 -9999 -9999 -9999 0.263551499069347 0.182892013897537 0.108950886946271 0.163535141099857 0.237330378356684 0.324369391385905 0.460482572627 0.463569253144846 0.469161743906459 0.556221385832499 0.612164130405443 0.630277669091811 0.7908149880892 0.814178071907045 0.832711628005184 0.861149433931483 0.866350747534204 0.859373443614456 0.844929447538032 0.819329920433485 0.784347044329282 0.759472264285306 0.736252880518562 0.688076964350684 0.652176503720372 0.615382076303155 0.591728864598189 0.57561110810663 0.563062032377026 0.554235113133377 0.581443606243106 0.592553914525636 0.581164552837375 0.565313208315041 0.569967641454549 0.609375703760488 0.618868462896869 0.645603139350052
-9999 -9999 -9999 -9999 -9999 -9999 -9999 -9999 -9999 -9999 -9999 -9999 -9999 -9999 -9999 -9999 -9999 -9999 -9999 -9999 -9999 0.291214318847187 0.250593705717723 0.106847718829491 0.136753985919075 0.230848394897512 0.34865991870658 0.392028545920998 0.42835525783098 0.493358332841982 0.549345277811371 0.607405020033349 0.692811981832083 0.784729333882257 0.80448754017881 0.83035748362467 0.86247172424687 0.870282599049166 0.865616572299636 0.866734870381656 0.848949519044087 0.810479842632062 0.783098162725762 0.745784977037345 0.69533259935031 0.650297261160082 0.605208126594931 0.578384063712456 0.556192732949396 0.533578931866284 0.532067787727819 0.571244581935183 0.554540721812514 0.529630158818177 0.581627477162806 0.589448825249708 0.574333677591813 0.567435801990112 0.633247872201726
-9999 -9999 -9999 -9999 -9999 -9999 -9999 -9999 -9999 -9999 -9999 -9999 -9999 -9999 -9999 -9999 -9999 -9999 -9999 -9999 -9999 -9999 0.258879510477027 0.17874897078785 0.133492703530312 0.196300751139844 0.247996354209962 0.265364257532887 0.31920707963551 0.450996317846901 0.565461960619351 0.639267499273265 0.677508914345648 0.784900330313322 0.805949053062974 0.831200382900944 0.858903053377854 0.872491468153377 0.886040059590271 0.885281020184191 0.87054118249281 0.837920728542049 0.799828387181935 0.757247012240798 0.703972738717805 0.649828966639138 0.59888016443127 0.565660337410927 0.537167136594383 0.500560178591552 0.488741649987007 0.510709521348645 0.509003307057826 0.521761997716237 0.565197611352726 0.623412141955917 0.626029210889189 0.596797407090114 0.610383172813822
-9999 -9999 -9999 -9999 -9999 -9999 -9999 -9999 -9999 -9999 -9999 -9999 -9999 -9999 -9999 -9999 -9999 -9999 -9999 -9999 -9999 -9999 0.258020240815491 0.215466851163528 0.161695464617759 0.153089904211427 0.170782467102892 0.193274287143524 0.247071972071138 0.475537902694798 0.564416859301295 0.540854262168475 0.661285157907813 0.596453191883135 0.485352313595347 0.733205393929492 0.836196891739524 0.881866716722691 0.897087233294313 0.901382296950032 0.887134610004399 0.859273134024959 0.824626924311108 0.771094917391245 0.719201687752561 0.656313344803294 0.598594743699853 0.557375873259739 0.520958966478006 0.483382562561783 0.435457941321002 0.439606302624765 0.474822514749597 0.518196394529779 0.557324905939217 0.573096939613716 0.596865382943043 0.606283274317067 0.685246061602859
-9999 -9999 -9999 -9999 -9999 -9999 -9999 -9999 -9999 -9999 -9999 -9999 -9999 -9999 -9999 -9999 -9999 -9999 -9999 -9999 -9999 -9999 -9999 -9999 0.224316710177955 0.161923520922181 0.144300178002888 0.175693747769076 0.290341491770947 0.492411904421167 0.60853075808142 0.50126281180101 0.642321218328092 0.511132936477975 0.433237256177124 0.672370403721942 0.798798524966716 0.881091474731898 0.906933061001643 0.913841618266707 0.906149281822853 0.885884090854153 0.852543155612878 0.810340382318344 0.742918471385053 0.67536057589789 0.605596370128488 0.554781303688925 0.515498680927506 0.473585437717722 0.430018014885176 0.418555081005635 0.504493312452839 0.550893352055258 0.574377203982759 0.555759179943396 0.556126285330897 0.579353102888996 0.647605774192172
-9999 -9999 -9999 -9999 -9999 -9999 -9999 -9999 -9999 -9999 -9999 -9999 -9999 -9999 -9999 -9999 -9999 -9999 -9999 -9999 -9999 -9999 -9999 -9999 -9999 0.219495980421127 0.129017270328273 0.127512168817744 0.18421835516474 0.307713425782752 0.43744600572259 0.46314923112536 0.445934554124173 0.39672230344587 0.367979902482166 0.559130189493158 0.622179581505558 0.762252778440321 0.842778147157222 0.880611937681634 0.901115844623669 0.894575698764631 0.881581337745024 0.840043812444298 0.777743578856974 0.703590410437029 0.633667759245345 0.567648564788808 0.516824169049362 0.474795981680583 0.437328410014574 0.442902505787422 0.556643734314088 0.589470719099222 0.579986106427255 0.570952688670385 0.54341104499959 0.533325674959106 0.527445744998655
-9999 -9999 -9999 -9999 -9999 -9999 -9999 -9999 -9999 -9999 -9999 -9999 -9999 -9999 -9999 -9999 -9999 -9999 -9999 -9999 -9999 -9999 -9999 -9999 -9999 0.36659902786849 0.246639176783276 0.0983361222895155 0.110661457319654 0.201078761567593 0.245488472329358 0.31263933548228 0.323915048629627 0.268573387700418 0.258833553869594 0.254077437869892 0.277981661716327 0.441042989060454 0.601118482648553 0.793400422914893 0.861570908851767 0.886470357926959 0.896737454929475 0.871222644925359 0.810291584510511 0.735785184988231 0.664720944895982 0.596014474415782 0.53035545080963 0.486817571379905 0.448392321716315 0.468479102371438 0.52534749121998 0.549462843694095 0.56974323945998 0.585634756884049 0.507750942566059 0.513451904731907 0.511579980283559
-9999 -9999 -9999 -9999 -9999 -9999 -9999 -9999 -9999 -9999 -9999 -9999 -9999 -9999 -9999 -9999 -9999 -9999 -9999 -9999 -9999 -9999 -9999 -9999 -9999 -9999 0.47396899224725 0.191677906091312 0.123519226270266 0.139026973744503 0.215668988862699 0.238355585987124 0.324895884738486 0.19499346155438 0.214594891598252 0.209023147392328 0.150180650749788 0.230460595711566 0.241845923500076 0.483160953649788 0.656540723788111 0.769163787650225 0.84901648469077 0.848339566963599 0.832251830612016 0.762924265025557 0.695237225381726 0.610234571178251 0.546173836616697 0.499071510779568 0.445345427278854 0.451108479682078 0.474751546195562 0.490531997034277 0.513778836823523 0.498161454924848 0.459497759848608 0.459209773171021 0.446824931576061
-9999 -9999 -9999 -9999 -9999 -9999 -9999 -9999 -9999 -9999 -9999 -9999 -9999 -9999 -9999 -9999 -9999 -9999 -9999 -9999 -9999 -9999 -9999 -9999 -9999 -9999 0.626558256219497 0.405141468585457 0.319754521793784 0.146137513153461 0.167463414826905 0.145441050219887 0.162035854465712 0.121831064656296 0.153909903911752 0.121092378447091 0.123379334852634 0.161884314012701 0.135168545285936 0.13338092191444 0.208505620280849 0.500299858750113 0.70326801120402 0.778496385410313 0.804003537966498 0.768776609796067 0.6934997314434 0.61271950579686 0.556105822105209 0.503713327037634 0.42931709323617 0.41935787564537 0.419255228362878 0.418506587496761 0.423662114320277 0.421989206618365 0.41713000002154 0.415108652416084 0.395320730619279
-9999 -9999 -9999 -9999 -9999 -9999 -9999 -9999 -9999 -9999 -9999 -9999 -9999 -9999 -9999 -9999 -9999 -9999 -9999 -9999 -9999 -9999 -9999 -9999 -9999 -9999 0.631551899069928 0.631334691004203 0.544355937143013 0.235720192684094 0.150825380199449 0.118936216126361 0.0394119012080059 0.0240443576592101 0.0481442506864139 0.123649497527645 0.134823681845526 0.137489498394362 0.145273138902542 0.119718861532509 0.0306923856423991 0.306396672751375 0.705338918629215 0.753280554140482 0.713061862506098 0.670696802475693 0.608310905883731 0.585786723680347 0.547868883046176 0.50317558068495 0.454355051626948 0.408851581941107 0.376475198862992 0.358096797836169 0.36437241693248 0.372223356009238 0.373672540716083 0.372260022018306 0.368289874013419
-9999 -9999 -9999 -9999 -9999 -9999 -9999 -9999 -9999 -9999 -9999 -9999 -9999 -9999 -9999 -9999 -9999 -9999 -9999 -9999 -9999 -9999 -9999 -9999 -9999 -9999 -9999 0.630971353914833 0.593743928879713 0.429451927873834 0.256188165757254 0.152059132518025 0.0885623845407597 0.131119586002841 0.0407053836650177 0.0620213160259805 0.0697447292277183 0.0818658417078461 0.12593263865241 0.131713525596136 0.0726611755290377 0.279452344214096 0.59227397729145 0.647078277866352 0.63510189484295 0.503637506247197 0.53114968034234 0.575907855127206 0.542208427059768 0.494434351495053 0.443440012080943 0.38877410216496 0.345567083820233 0.315006109629954 0.31909845024236 0.331160841015872 0.33410293835022 0.327242659079154 0.325215300489239
-9999 -9999 -9999 -9999 -9999 -9999 -9999 -9999 -9999 -9999 -9999 -9999 -9999 -9999 -9999 -9999 -9999 -9999 -9999 -9999 -9999 -9999 -9999 -9999 -9999 -9999 -9999 -9999 0.566588421047383 0.522963806421683 0.430980573651598 0.313164920400098 0.395774438397549 0.151729769720725 0.13487646264514 0.131860418524366 0.0557165802217061 0.0328069837973179 0.0544226925933946 0.11924449667647 0.12290154945673 0.152415597602416 0.207248942026713 0.306452099351574 0.516178137445701 0.504356531945276 0.522974039721633 0.558993924088657 0.54934408212391 0.483519742416488 0.420046469170793 0.355192466771647 0.329169895073948 0.307427414488536 0.286818902219136 0.296497273077721 0.298823878801982 0.290591303891787 0.29693912864409
-9999 -9999 -9999 -9999 -9999 -9999 -9999 -9999 -9999 -9999 -9999 -9999 -9999 -9999 -9999 -9999 -9999 -9999 -9999 -9999 -9999 -9999 -9999 -9999 -9999 -9999 -9999 -9999 -9999 -9999 0.528651400372752 0.488946669838492 0.466479424353299 0.445449756059145 0.380663392616473 0.210530974229845 0.0660371559699355 0.0923038786571446 0.0197848286758625 0.060863162312017 0.0795227413485062 0.0972303243570769 0.036338828412756 0.0233655254593014 0.356619343467296 0.376319140560058 0.395930729735462 0.504220076948395 0.552356955183432 0.484514774189051 0.399306770007137 0.309079354379058 0.31195951921906 0.31119636395844 0.276284976113527 0.271245851181036 0.272669004240779 0.265131376318377 0.275959624965373
-9999 -9999 -9999 -9999 -9999 -9999 -9999 -9999 -9999 -9999 -9999 -9999 -9999 -9999 -9999 -9999 -9999 -9999 -9999 -9999 -9999 -9999 -9999 -9999 -9999 -9999 -9999 -9999 -9999 -9999 -9999 -9999 0.430150548747421 0.691692169435855 0.562198590367342 0.433539575089323 0.231067858643148 0.235469369124766 0.000606680110406884 0.00935749829100539 0.039922642140233 0.0760696891332384 0.051300148251929 0.0272832211872742 0.221734319768599 0.234311877193415 0.11603318487037 0.283507285020161 0.488786700912237 0.482823783367017 0.399234220024845 0.288761777298152 0.295727151666917 0.300322724696021 0.276348549204281 0.271583218913548 0.266203107972226 0.25971272669887 0.259548219337293
-9999 -9999 -9999 -9999 -9999 -9999 -9999 -9999 -9999 -9999 -9999 -9999 -9999 -9999 -9999 -9999 -9999 -9999 -9999 -9999 -9999 -9999 -9999 -9999 -9999 -9999 -9999 -9999 -9999 -9999 -9999 -9999 -9999 0.759435573593884 0.605016464193256 0.665758081389942 0.562307433595279 0.2435755385051 0.0434153885046294 0.000772398252882836 0.0020794197007839 0.0566202197124065 0.0203608833928 0.044140850773882 0.0374110771251574 0.0627515918051477 0.142276447807387 0.129571845145023 0.0701303813579934 0.280727873430927 0.3377230364994 0.280035703741529 0.286360842604543 0.272499154964412 0.264365689288064 0.26598736794521 0.263550039794308 0.258870340189782 0.250734456688524
-9999 -9999 -9999 -9999 -9999 -9999 -9999 -9999 -9999 -9999 -9999 -9999 -9999 -9999 -9999 -9999 -9999 -9999 -9999 -9999 -9999 -9999 -9999 -9999 -9999 -9999 -9999 -9999 -9999 -9999 -9999 -9999 -9999 -9999 -9999 -9999 0.569403603888683 0.460862762890218 0.345018831781295 0.0736299150465709 0.0279810426483884 0.0465968545364373 0.0570214099382365 0.0639850292830786 0.0700626114052492 0.0327019325096425 0.0953618405535475 0.138330009794699 0.0848470699473616 0.0801004873940706 0.223105683458893 0.255408724016866 0.266851235642957 0.262004090122541 0.253049340719132 0.252780459645859 0.253082095830661 0.250120668186531 0.241710334746964
-9999 -9999 -9999 -9999 -9999 -9999 -9999 -9999 -9999 -9999 -9999 -9999 -9999 -9999 -9999 -9999 -9999 -9999 -9999 -9999 -9999 -9999 -9999 -9999 -9999 -9999 -9999 -9999 -9999 -9999 -9999 -9999 -9999 -9999 -9999 -9999 -9999 0.648556701212797 0.619697165018599 0.386895213542966 0.0388774792858849 0.0128013313827792 0.0418002458942254 0.0508371862564073 0.0697837132112755 0.0306279385440134 0.00430848162827469 0.0738757144407768 0.178997921633625 0.213868628747624 0.23631800571636 0.203941184848137 0.227288400016843 0.245421999594003 0.243452677997083 0.243036309580702 0.242904500561252 0.239880030989339 0.229715758756245
-9999 -9999 -9999 -9999 -9999 -9999 -9999 -9999 -9999 -9999 -9999 -9999 -9999 -9999 -9999 -9999 -9999 -9999 -9999 -9999 -9999 -9999 -9999 -9999 -9999 -9999 -9999 -9999 -9999 -9999 -9999 -9999 -9999 -9999 -9999 -9999 -9999 -9999 0.669050251013073 0.483943323723012 0.108880106352687 0.0237140416467908 0.064916403361503 0.0761225835424622 0.0681920660599361 0.0403552322748519 0.0078166661964651 0.0480803627078543 0.160858593191944 0.203966048422472 0.203824449535671 0.181681244075017 0.198695080971749 0.235921779639356 0.235705293619079 0.23358552085314 0.233752339435444 0.230310558416415 0.225032546968793
-9999 -9999 -9999 -9999 -9999 -9999 -9999 -9999 -9999 -9999 -9999 -9999 -9999 -9999 -9999 -9999 -9999 -9999 -9999 -9999 -9999 -9999 -9999 -9999 -9999 -9999 -9999 -9999 -9999 -9999 -9999 -9999 -9999 -9999 -9999 -9999 -9999 -9999 0.542191531216528 0.459134236657901 0.182455035841113 0.0359003683742903 0.0533602019418591 0.0836106735923146 0.0682617151052669 0.0369320993934943 0.00100552256489514 0.00678494626293072 0.115288066529116 0.136517706337387 0.135717083176695 0.205607575214641 0.212076193701108 0.226235365127159 0.23023309835525 0.228519612620501 0.226588747852918 0.22324390862583 0.238475585595093
-9999 -9999 -9999 -9999 -9999 -9999 -9999 -9999 -9999 -9999 -9999 -9999 -9999 -9999 -9999 -9999 -9999 -9999 -9999 -9999 -9999 -9999 -9999 -9999 -9999 -9999 -9999 -9999 -9999 -9999 -9999 -9999 -9999 -9999 -9999 -9999 -9999 -9999 0.498546240649263 0.465862927109527 0.310694991122172 0.0930334124815226 0.0629431353411667 0.083676441067442 0.0567881301982057 0.0290358277115877 5.07447841594817e-05 0.0035949212971654 0.0471439432400473 0.0875658715188914 0.118978003370833 0.194508456291815 0.222648113538882 0.220682106756501 0.22306842052192 0.226215445903558 0.225854048213258 0.223118986209818 0.255624027057881
-9999 -9999 -9999 -9999 -9999 -9999 -9999 -9999 -9999 -9999 -9999 -9999 -9999 -9999 -9999 -9999 -9999 -9999 -9999 -9999 -9999 -9999 -9999 -9999 -9999 -9999 -9999 -9999 -9999 -9999 -9999 -9999 -9999 -9999 -9999 -9999 -9999 -9999 -9999 0.428000758338806 0.386680315833046 0.130110188531651 0.0498035745420432 0.0774263355756583 0.0322205358084012 0.0400949656725222 0.00292304497560273 0.000183686479682074 0.0707730914266001 0.0891786117148578 0.160182880635848 0.202677903260718 0.223420473678716 0.226004596779146 0.222570450315843 0.227541318418957 0.227737767247004 0.258490624535617 0.271561969135771
-9999 -9999 -9999 -9999 -9999 -9999 -9999 -9999 -9999 -9999 -9999 -9999 -9999 -9999 -9999 -9999 -9999 -9999 -9999 -9999 -9999 -9999 -9999 -9999 -9999 -9999 -9999 -9999 -9999 -9999 -9999 -9999 -9999 -9999 -9999 -9999 -9999 -9999 -9999 0.474955615944593 0.45529794326016 0.192324680965289 0.0384961780652878 0.0747661989703563 0.0704780424277379 0.0452119972221925 0.0095699763657918 0.00484683994848132 0.0899421908598094 0.0261801679591268 0.12269178541309 0.246745869248648 0.244873432714766 0.281910676132639 0.223127614520566 0.23103291707095 0.26123225995099 0.282069432691366 0.297366764243056
