layers50/veg_krg_50/veg_4900.asc
NCOLS 128 
NROWS 165 
XLLCORNER -2985163.8955 
YLLCORNER -3022031.214 
CELLSIZE 50000 
NODATA_value -9999 
[rows 52 to 77 of 165, columns 59 to 117 of 128]
0.656652834688043 0.650270280193702 0.662515780295568 0.665808241889236 0.655799078616922 0.591268022750996 0.592743392548143 0.574646988864282 0.556837761247502 0.531467597391101 0.509712268058305 0.467199420065422 0.446909544664177 0.446281728204829 0.433493098218192 0.355839567875913 0.37657571392705 0.435681542671346 0.405535074167041 0.352265204002888 0.386119090561691 0.417111557335906 0.455660882193208 0.444633382179844 0.423256770024567 0.446914811838894 0.428256869186568 0.408052541884481 0.367964577677097 0.327948585836822 0.362175360855412 0.361221429077808 0.358272176465451 0.372618808385853 0.382689659493851 0.383649871999025 0.351833591817224 0.365093773066359 0.387018934608784 0.406146167025016 0.404718414695578 0.412798720989194 0.424642951782636 0.462398916771084 0.500072237093724 0.52166975030112 0.531936017224054 0.537759270409873 0.538328091620385 0.551637656854811 0.562830188936553 0.571567296146991 0.593490707886405 0.6446069904582 0.677421895315873 0.716940484943948 -9999 -9999 -9999
0.609927973779412 0.618782319118542 0.628359754721331 0.610262164395316 0.589049502665407 0.569185249904456 0.570070357310026 0.551022652756849 0.522419952421003 0.498435149911346 0.498284305891631 0.469255344086205 0.444433168932376 0.438345852099785 0.419748049832605 0.420890320320317 0.435080490475354 0.452464092560061 0.415626714208461 0.395658491938357 0.422169142462334 0.43675926607603 0.442975552271888 0.425778360088738 0.421488701501743 0.447718041388337 0.436057082468347 0.406706518027717 0.362602358638831 0.327929586013344 0.354590628190203 0.342720806090318 0.333161105338836 0.329496126195182 0.366339900009043 0.340618738423398 0.302419234750859 0.316642939030682 0.34556011783788 0.379928557978615 0.378510842736547 0.397821765216175 0.432367216644442 0.452383733476625 0.500312182927429 0.519364719893757 0.538554496361602 0.538981316091934 0.545300523914404 0.539485519348359 0.512565626662325 0.5142674375247 0.562646527767219 0.599659022171324 0.673850915401681 0.709792715911182 -9999 -9999 -9999
0.560739386668022 0.584685347131741 0.582806410682343 0.57321052448382 0.558522352606912 0.527299616828699 0.537639337332849 0.528139376780038 0.497727942886296 0.477659648076133 0.476066202446201 0.470501365691081 0.463258077651081 0.438351397799999 0.4315529518988 0.446239888427889 0.428633893848223 0.433640123412086 0.410027766211909 0.411737204157382 0.451500128330495 0.458382384327434 0.439022651718932 0.420914593673997 0.412065666151851 0.437568713841177 0.425728516035641 0.418954746645105 0.382184216210952 0.31438181883454 0.323420346858138 0.337803725194103 0.318115929557212 0.327892948624723 0.297920926478214 0.279523945579179 0.285613751717298 0.275041410173775 0.31913212500221 0.345349427054097 0.374538478050071 0.401941991911112 0.43738352430298 0.449152454517137 0.476504153382859 0.50447365372778 0.531820780071188 0.534488092430108 0.534719522321352 0.53275291287717 0.501248965881213 0.486230148117373 0.566117955785247 0.599705936544553 0.665927466048424 0.666788200095598 -9999 -9999 -9999
0.516245640505227 0.539820005151579 0.533418582527846 0.543441080738187 0.5368617368271 0.509412002020446 0.488764318780137 0.479818416111167 0.469041498107173 0.450325238122269 0.449028306647806 0.441326001339883 0.456737228698936 0.443446427668491 0.428038940508984 0.430997560276623 0.420511777076781 0.434515760235367 0.41208035270326 0.41380419218697 0.450606043014328 0.452855068781761 0.432307772200961 0.40463330379031 0.406919292795499 0.423312527872006 0.408569657071402 0.392845357247281 0.35998648479876 0.293879796672218 0.280808994314738 0.291219127860406 0.295483409566563 0.31257541721444 0.305815565101258 0.279022681293136 0.279341015932216 0.287478960658837 0.311061618071486 0.340133595804424 0.362847547508899 0.36870548768314 0.417848143582102 0.436489940641504 0.458998646931804 0.48595005056809 0.511763542359167 0.533759022600275 0.522316754979259 0.54617165607945 0.506670656903791 0.517828515169213 0.581725368983587 0.61816653106751 -9999 -9999 -9999 -9999 -9999
0.477007440505944 0.486660173991332 0.499874834436132 0.509255951358937 0.501500064809717 0.505902008257118 0.477057366355313 0.46137702205526 0.451473642636239 0.458858747217944 0.439663848530851 0.423748341103673 0.424594642572296 0.418548642793886 0.419385357671622 0.421070944538508 0.403503209703849 0.403078522286598 0.415052162658014 0.420204721866493 0.43745194283587 0.437146622178979 0.422986930601535 0.406966697568903 0.41296058799153 0.384578955127453 0.358004864932304 0.331365138944651 0.314817870327156 0.287034316815659 0.25852646509823 0.264656866113155 0.296418850812272 0.309854542474433 0.295679468508699 0.274723282558787 0.275743697728851 0.290343704746309 0.316313409532721 0.324010036194333 0.318148440156898 0.350302448800571 0.374410115489807 0.423971152335202 0.450537849655283 0.469519367781662 0.508933648012257 0.549242960671381 0.570288115459738 0.574941394305781 0.563031480477209 0.577644929559695 0.625761631211543 0.637393927591301 -9999 -9999 -9999 -9999 -9999
0.42140739305699 0.431093315768586 0.445419957386222 0.466774420550906 0.464897578223089 0.46074534646166 0.462820481024521 0.445971839155467 0.454976310076416 0.455871421315423 0.424301661349235 0.426931736682655 0.420941480513353 0.414904596235574 0.410154505930727 0.406389241954635 0.38410860430355 0.381587404584111 0.395990023410175 0.426448998012935 0.439494108795658 0.43969596928813 0.415493986365691 0.398634145269684 0.406111017918196 0.38503531692572 0.313629445918837 0.28444607035774 0.268589544947648 0.247760630819243 0.24276371876166 0.278423608427976 0.290000305220367 0.302058401381952 0.295983257006191 0.288078608532797 0.298795835862671 0.308230673658263 0.321485212043623 0.321135647868657 0.321050404674237 0.339857193231187 0.38596322604825 0.429592567519855 0.450486024533296 0.454603984312197 0.477314783299172 0.529218219640345 0.543772109170173 0.58444110325015 0.591111729774765 0.604107972217281 -9999 -9999 -9999 -9999 -9999 -9999 -9999
0.372209848183241 0.38558888279355 0.411945355852283 0.42831316940955 0.419048778459706 0.420697508225293 0.429822855000679 0.432139964545807 0.43542172836983 0.447290822373764 0.432355894184235 0.425867251744609 0.434117444764541 0.421695059426588 0.412148556221056 0.404106665734126 0.389183785848252 0.407462687351811 0.387832537748932 0.423718666384198 0.450755769123045 0.454738339163177 0.437954583051319 0.416082858811978 0.410239812208896 0.378158488909835 0.32942594331322 0.310269172801308 0.275886874856473 0.240240884606394 0.231247395446822 0.263796696070483 0.274255724099246 0.296164019291756 0.302782288302357 0.310433477098331 0.320656802705635 0.273014659606744 0.299907052452127 0.311061552583805 0.321081956129075 0.337148863639403 0.408956454816518 0.458428312916897 0.47237171072798 0.47149417315785 0.493182316827518 0.527430968623468 0.5412101438321 0.576510367925912 0.588679292258394 -9999 -9999 -9999 -9999 -9999 -9999 -9999 -9999
0.320986665934638 0.357058711839078 0.376571411926919 0.392180045530249 0.383551537487359 0.3933221055497 0.40982116540309 0.431135147619409 0.435489224655051 0.447898358050871 0.436887443626696 0.438981245643202 0.443749518820508 0.426910224223442 0.424433619892591 0.421293687666949 0.406918412268272 0.415351812979443 0.387597535926861 0.433046210602461 0.466356974653798 0.456068706841292 0.427878436750789 0.399717902268839 0.397282669427016 0.382366207892408 0.32317750111769 0.291437065485708 0.287702429013441 0.222031926556257 0.211039996791225 0.24036948170546 0.278181382381085 0.269866598158681 0.272908556699485 0.309601806977719 0.322635510242536 0.245808864154238 0.251737046584525 0.302963340234948 0.289166334850872 0.35803346083433 0.43334093882519 0.453317139336616 0.488781363739529 0.509372630780322 0.522458856383387 0.530503446605041 0.565549250518598 0.581447756479639 -9999 -9999 -9999 -9999 -9999 -9999 -9999 -9999 -9999
0.289268780521174 0.309737292282166 0.330058236425431 0.352500590371141 0.359696859427075 0.372459386969881 0.393703474387075 0.416461252806162 0.423974486673762 0.436871114701315 0.433887620738391 0.430944389773341 0.443025825821221 0.450363747033491 0.43888638490589 0.432522227699519 0.412616337885779 0.400243674116183 0.412812417430246 0.437871343489558 0.463458410526713 0.459210911189661 0.39660663947613 0.385259927667392 0.360081482962017 0.364869282393423 0.364699642045827 0.342830256427367 0.301815803256726 0.209886450115061 0.193645343142035 0.261399194107601 0.275760204777621 0.224207200179154 0.253953835069943 0.325253250972341 0.324620086327075 0.269695206833514 0.240116004373037 0.283675391723383 0.319617277522505 0.395068698765272 0.475747817438108 0.476651984220105 0.511493820037448 0.538251886844168 0.569914885352473 0.577810567580939 0.555694609230587 -9999 -9999 -9999 -9999 -9999 -9999 -9999 -9999 -9999 -9999
0.283353455860605 0.269507614986377 0.288460115939437 0.313926935002951 0.322597809452742 0.346191519994926 0.382222265741707 0.401608493035667 0.417695771329769 0.42102605598131 0.425190360724902 0.438466780029363 0.442972207055449 0.445193612048264 0.437541243468867 0.430919833958486 0.416761517190694 0.414545611108921 0.422767992835457 0.449417581605646 0.458811651794007 0.424585479452071 0.366812834437035 0.332207017009849 0.317931360153957 0.351267569715457 0.35684589687619 0.319466560164634 0.257831635976084 0.181234716151735 0.211430357982246 0.255938811948086 0.249485859442743 0.256133895768147 0.311757863619636 0.3636187164002 0.254132818221 0.36752377438883 0.194894068213025 0.306505589060951 0.374955984674661 0.457045595402461 0.525221645557582 0.525225145467052 0.553210548855069 0.551687083669856 0.574768271914856 0.60762668860018 -9999 -9999 -9999 -9999 -9999 -9999 -9999 -9999 -9999 -9999 -9999
0.265921093151793 0.247758798701911 0.254442017533829 0.279876110339143 0.292419931882852 0.320120729018117 0.359342460339328 0.38991811586069 0.406748335716008 0.405864032301173 0.421637702531856 0.432456676746927 0.426646441878587 0.419967811092166 0.424221585574115 0.426058988712003 0.425698834472231 0.422151736393967 0.457459612161874 0.466516844547118 0.446467372082148 0.44551067780171 0.348742613514771 0.294850382450832 0.310199254696825 0.339196299694952 0.271966306510045 0.32799047235365 0.30599626557639 0.213540956438828 0.222472286066303 0.270794405546159 0.298749040213683 0.310694288168491 0.371168600437564 0.388863032767589 0.323820451560202 0.372368751558269 0.260692019699579 0.324641030443195 0.444260858058033 0.519489475033118 0.564278760217996 0.576239858731409 0.599709266092412 0.612059595486777 0.621418580239895 -9999 -9999 -9999 -9999 -9999 -9999 -9999 -9999 -9999 -9999 -9999 -9999
0.241959454769573 0.242015799709246 0.231596627712707 0.25600630252013 0.275786473547527 0.324906400417495 0.360258315193146 0.383825963387185 0.389185822660868 0.394215197491771 0.405485953322492 0.41988967398564 0.416134090354152 0.405164358533257 0.403564357609059 0.405148106622432 0.417747123478261 0.432541259880625 0.458972400548268 0.467391740729179 0.44304426980262 0.421141812930799 0.347381037999559 0.292690080443271 0.32752886647894 0.322666142326898 0.154601817359007 0.232310280499937 0.327885742929069 0.242877271172014 0.255732720651209 0.283513564499025 0.316457078672685 0.33674381925081 0.362368001467983 0.379919147324657 0.335424520580122 0.340466811063408 0.302280342572065 0.334973413213068 0.41845038168608 0.497894876284536 0.543748805735973 0.591974028068628 0.62948459410815 0.633921620172914 -9999 -9999 -9999 -9999 -9999 -9999 -9999 -9999 -9999 -9999 -9999 -9999 -9999
0.206625623043003 0.232408364559625 0.235186853558668 0.247191680067708 0.28408056304034 0.344346492653617 0.370047779678083 0.386107930911462 0.391445597072146 0.396442868168714 0.393174091269395 0.40707408769613 0.38147128086451 0.393852628674268 0.390703667128628 0.398436163553249 0.422031729109591 0.433458572199475 0.442688982431125 0.449203301417765 0.408833033880155 0.352546179498148 0.356560569702182 0.341344671384277 0.292409499758094 0.264274909942084 0.232708966875977 0.305381248162347 0.323986255063465 0.259314636097161 0.265838334533407 0.315493771755548 0.326160044136093 0.34455965699561 0.37410565150382 0.390003027725143 0.373545570048819 0.346984709495378 0.408608255255579 0.420019556052979 0.448459309919757 0.464049588599175 0.484902702022451 0.615935150819504 0.672013021621755 -9999 -9999 -9999 -9999 -9999 -9999 -9999 -9999 -9999 -9999 -9999 -9999 -9999 -9999
0.230487723700919 0.236732338790369 0.248099996721105 0.272550021104556 0.315522444675923 0.347945367661547 0.35854554410593 0.352773175340047 0.380225142740369 0.380627687447255 0.365917253020148 0.352423601924873 0.375781124303742 0.38713979462713 0.39525873453706 0.409307246812436 0.40360667666522 0.434898426622329 0.44332914245135 0.425124606112271 0.338262322743085 0.288991950748518 0.359810211678562 0.342768866382619 0.238029183626257 0.204840148410789 0.343532381128493 0.331014254443444 0.28036928729624 0.267149118497803 0.271345663893412 0.297506162770595 0.325468077548279 0.344794217229963 0.371544932867436 0.388967686752151 0.345651683671303 0.407715118884743 0.453707158836162 0.47701919099193 0.497769882646894 0.495831830231569 0.526970552320062 0.595800684689421 0.599748694995088 -9999 -9999 -9999 -9999 -9999 -9999 -9999 -9999 -9999 -9999 -9999 -9999 -9999 -9999
0.225535116820911 0.222874077750064 0.227164054952464 0.26938712222219 0.303671623615015 0.33046873500312 0.339719067715506 0.344119882964067 0.375231070703692 0.357601096361249 0.331766684425642 0.35420895520943 0.360660070648107 0.372209108624001 0.379792289155922 0.39423155101031 0.391549164290964 0.409067595710575 0.394259056534151 0.390921733686253 0.297342175166287 0.245070794888345 0.2998013417438 0.305384110527884 0.294817162841029 0.280082202097969 0.289316940550418 0.281005368211984 0.260877569759085 0.268362697212289 0.284370357795917 0.300495946326449 0.305355715363172 0.35409177781659 0.395409439308537 0.405424831927295 0.38488277809099 0.427193402329308 0.453201215300691 0.480563054081435 0.492875540853942 0.484609942093609 0.569962611213895 0.586426244657242 0.600586398129959 -9999 -9999 -9999 -9999 -9999 -9999 -9999 -9999 -9999 -9999 -9999 -9999 -9999 -9999
0.218053264331733 0.221588125631773 0.229391549927027 0.266475192768723 0.294552978272784 0.292682603781706 0.306577619879028 0.330590525021938 0.348965298220977 0.343193980368027 0.342947089770325 0.373288579161464 0.351501704943374 0.332845121108685 0.354745944316669 0.387114744879655 0.364580392636416 0.373435518417287 0.355597670809093 0.343847864711947 0.307773157371235 0.249227493070058 0.244452315336383 0.241694020145757 0.250155978631949 0.227145185270068 0.246211142124756 0.256671469020819 0.284752800709928 0.293857884065142 0.300160845704941 0.328168256603653 0.346444789066005 0.367843824585155 0.404654202806132 0.405161431739604 0.384932064554874 0.403199058579539 0.474966425572155 0.480658140446645 0.504832083058194 0.54879985523666 0.584185033556608 0.610454674275578 -9999 -9999 -9999 -9999 -9999 -9999 -9999 -9999 -9999 -9999 -9999 -9999 -9999 -9999 -9999
0.212702577053733 0.226684883989233 0.245245974996921 0.266407489982564 0.285707582089076 0.283478681308308 0.308631398198423 0.326622285683297 0.338804883867505 0.34101383844934 0.334273450998651 0.355212906264816 0.343888549056693 0.324806862521793 0.326848624632946 0.3559353850069 0.331007630971045 0.342084468300728 0.320683557090615 0.298631866727766 0.270015853133627 0.224982159665336 0.220549033261508 0.218587122032155 0.224475326946741 0.213862196720224 0.232432813368395 0.24197527417673 0.271719790258921 0.304788589486626 0.315557989544711 0.337405734954337 0.348381959874438 0.361035207283697 0.416458165308736 0.433293441520865 0.424801573133492 0.443282169925825 0.504550815540483 0.522382983998747 0.573641920198286 0.608877797802467 0.630686284023974 0.641759003836859 -9999 -9999 -9999 -9999 -9999 -9999 -9999 -9999 -9999 -9999 -9999 -9999 -9999 -9999 -9999
0.216789858462189 0.21501108566774 0.244203813560531 0.26472404914138 0.276616137961243 0.286991619593004 0.307851658996146 0.322774474170029 0.333802665690695 0.33633930420477 0.325428168237413 0.33474033870542 0.322116109650113 0.307067589821954 0.322116852684527 0.336793641636184 0.326916949054755 0.316471010375792 0.301277428851251 0.286842043332994 0.277166889804573 0.274098072793469 0.238544797279052 0.228386996966059 0.24467495410122 0.244845292305396 0.240878114184498 0.261647426796292 0.268062117050373 0.28583638540954 0.301248028913207 0.319705816635959 0.332299452788639 0.363153042954584 0.415801568125612 0.430379929797311 0.484890285606117 0.529006182723744 0.531060694490746 0.575204822121405 0.592698359699044 0.618925802086063 0.662563578063479 0.659877803956993 -9999 -9999 -9999 -9999 -9999 -9999 -9999 -9999 -9999 -9999 -9999 -9999 -9999 -9999 -9999
0.223985861038742 0.221558728991971 0.231084385158565 0.246535208880809 0.268655102048691 0.279620628617216 0.297984414486193 0.31922456487742 0.324279250554312 0.332717319320523 0.325804312916152 0.324823496461997 0.30678208048765 0.316152276187382 0.323752459775067 0.331160308425984 0.301490712986163 0.280140312620276 0.250245068041047 0.28076669385445 0.286645720469015 0.276507869687917 0.245053532540745 0.25502655086565 0.272294451777033 0.26903297809469 0.260123752419029 0.279593464233482 0.296750442503689 0.296285843730539 0.307980611103169 0.323569073543731 0.333582591472516 0.357990161008721 0.403965185347631 0.463950386508267 0.55836871616938 0.568376710285606 0.612832862075112 0.661876162311687 0.63606916965533 0.657229594263376 0.721148536238271 0.707450544743155 -9999 -9999 -9999 -9999 -9999 -9999 -9999 -9999 -9999 -9999 -9999 -9999 -9999 -9999 -9999
0.224431626744563 0.218990289909595 0.22365300086588 0.238191820402952 0.261048557071259 0.276393155891222 0.287421716932441 0.305287392808722 0.320246404767762 0.321745521861869 0.33789691825489 0.338288631133775 0.322927655708149 0.329490640001253 0.32280656734474 0.316606421655805 0.299932312601553 0.277517412030918 0.258945815843207 0.305830760018823 0.299723308505236 0.282374223713997 0.277778922924434 0.279212386131071 0.270829011810778 0.27532445540189 0.281721048939765 0.29649963146851 0.304612512899472 0.297248711922359 0.297050612332103 0.313973790591174 0.325246956303958 0.345997595623288 0.407896445647513 0.52359294453056 0.634782670124771 0.702364176684972 0.689896274138156 0.70012939186865 0.683998607660506 0.761918739474242 0.721496800091401 0.701869181931236 -9999 -9999 -9999 -9999 -9999 -9999 -9999 -9999 -9999 -9999 -9999 -9999 -9999 -9999 -9999
0.218431934431735 0.233807863495113 0.23967256586158 0.241379573390832 0.256435769059961 0.27992976446423 0.299061961624845 0.31630074014171 0.332069137712144 0.342122601222746 0.335605069340913 0.320771101545445 0.333534637252277 0.338318180817412 0.310541622732664 0.310196310763205 0.313010914532223 0.296643715970571 0.284813845951316 0.300586954971212 0.304562792364263 0.293071205812343 0.30778665195085 0.302537239583654 0.287809587475034 0.273866909875515 0.267328312643119 0.291806454813103 0.288814073072404 0.286948146343298 0.279323733675286 0.285451079148231 0.251358014333361 0.331120821270215 0.440573830447793 0.556818955305313 0.641455766884637 0.675930058236739 0.714912437052628 0.757266681592542 0.757096944294014 0.803450233774175 0.814717544253933 -9999 -9999 -9999 -9999 -9999 -9999 -9999 -9999 -9999 -9999 -9999 -9999 -9999 -9999 -9999 -9999
0.24467387419092 0.24697607175353 0.253622915637145 0.260718335971197 0.27249844411134 0.300688908704424 0.31658363731289 0.329522766517965 0.334675846009552 0.339647472978193 0.330493351502505 0.29728072673085 0.294282889539352 0.289414789998223 0.267411502219628 0.26402885943087 0.272651039183449 0.27285678192694 0.294585269302995 0.312779705336147 0.314750283158163 0.309249882042538 0.321695368464362 0.31009117262607 0.301602359516193 0.302079258778685 0.292851159863612 0.305173564340378 0.283886987305632 0.262727772106585 0.2614071984724 0.270301641410751 0.222114468592115 0.296170976880962 0.43330211283579 0.55351422588012 0.65547703598375 0.693905292958504 0.779348616873393 0.804850843024722 0.797230795575884 0.811476116320254 0.828398092549565 -9999 -9999 -9999 -9999 -9999 -9999 -9999 -9999 -9999 -9999 -9999 -9999 -9999 -9999 -9999 -9999
0.248964073294703 0.248706619591496 0.253783177123998 0.277216239197828 0.291544034661898 0.314863101856286 0.32448065752314 0.334482171086988 0.336839085869791 0.333527042167391 0.304774721084865 0.284306925413762 0.284264207617531 0.260231393977189 0.240086986599675 0.2533082515922 0.255604701933207 0.246087040071604 0.291662827744446 0.350283260379002 0.331679916313514 0.33121373593529 0.323279570900754 0.310646434527206 0.309143178853091 0.298675533316007 0.296067918625134 0.307555880207839 0.293116086055786 0.27995541730902 0.272970542678826 0.280874556629626 0.284605751196187 0.302319126974115 0.44852155635002 0.585037207021315 0.721790041058938 0.739443035480799 0.772819095668196 0.791035988066109 0.802336292039362 0.820569883297076 0.829659429423145 -9999 -9999 -9999 -9999 -9999 -9999 -9999 -9999 -9999 -9999 -9999 -9999 -9999 -9999 -9999 -9999
0.269527002888251 0.268038622665704 0.271471868694016 0.303976227181475 0.316786719753882 0.329189250933458 0.329590410449481 0.342334938225884 0.348752641599949 0.343558914582742 0.307536526035569 0.288025951209866 0.279538118308657 0.258812319783816 0.255241928288071 0.278502253877053 0.26927023391688 0.249922699718395 0.318880695080567 0.366415789133892 0.346149888456792 0.358083587023374 0.337929823628367 0.310823180648019 0.304170323607147 0.303638340379143 0.29619569882269 0.328496057316844 0.310602964668763 0.305389331193528 0.298419922871109 0.290040986360152 0.326952464011835 0.336252900542054 0.494952653699058 0.596329242967949 0.73874431294105 0.776508212689879 0.75453452912014 0.782784528052205 0.805620933121916 0.824826399012662 -9999 -9999 -9999 -9999 -9999 -9999 -9999 -9999 -9999 -9999 -9999 -9999 -9999 -9999 -9999 -9999 -9999
0.2860659128087 0.288369302966277 0.29871172101223 0.31747616390575 0.338240726303984 0.339092558210279 0.339590476817165 0.361804186515726 0.365977016579897 0.355062309322934 0.316603244673014 0.303407785621168 0.27847323153018 0.273028581618886 0.273107104196756 0.289596286326085 0.295775599146646 0.26192406614101 0.331558854759612 0.364902482221451 0.379047374349084 0.413775649329667 0.367465086904193 0.327214213002565 0.317199142300315 0.314681773655315 0.313266871772704 0.328591290813809 0.325142548137175 0.324379475165518 0.305727559576692 0.285853327458629 0.322412110015648 0.385143738279216 0.525763967224411 0.657495506671207 0.749514004712679 0.771971040368681 0.744728186925636 0.761925412710041 0.789967151990486 0.79940259634346 -9999 -9999 -9999 -9999 -9999 -9999 -9999 -9999 -9999 -9999 -9999 -9999 -9999 -9999 -9999 -9999 -9999
0.302520271832554 0.307179978419115 0.317680307610518 0.33646585684318 0.354271909284832 0.366504947970649 0.359541974927418 0.365457093092687 0.373809499757857 0.35241764266023 0.341815173561243 0.297302711054538 0.291926528092152 0.302383152125792 0.305468429197119 0.30942127101684 0.322063408410298 0.309799928600112 0.354982241127972 0.38054571949247 0.384076010752485 0.423248952722529 0.411807799096874 0.370804820044734 0.349103035205933 0.332386451033912 0.30707014140286 0.322982642105474 0.329595099447407 0.327303496364233 0.31536370310538 0.302292834252744 0.295272330388952 0.385407895849523 0.508509572800099 0.666501442719497 0.701555275103653 0.690995973288592 0.728906987375384 0.729757288308206 0.767304118005708 0.785891387057897 -9999 -9999 -9999 -9999 -9999 -9999 -9999 -9999 -9999 -9999 -9999 -9999 -9999 -9999 -9999 -9999 -9999
