layers50/veg_krg_50/veg_4200.asc
NCOLS 128 
NROWS 165 
XLLCORNER -2985163.8955 
YLLCORNER -3022031.214 
CELLSIZE 50000 
NODATA_value -9999 
[rows 52 to 77 of 165, columns 59 to 117 of 128]
0.636497828412259 0.625618014554406 0.652474794763292 0.659333656217505 0.657327002840807 0.629853318025493 0.618734396970154 0.601100212176763 0.59773685920481 0.576100517387268 0.540797316575253 0.496896536584636 0.483687047465861 0.478468363433139 0.467197538475702 0.390950155973189 0.420344163246523 0.465712791729205 0.428836915899433 0.368564361828171 0.401947356752195 0.428281622701785 0.469468318185721 0.456121196657169 0.432371745231835 0.454148490106543 0.434010904881803 0.41371719020392 0.373774003222689 0.334274631521594 0.356457015477374 0.353097487020302 0.34163156045355 0.359192853835738 0.368755093574256 0.362754673083607 0.323823058424425 0.341552121628813 0.365554542924335 0.390810635564901 0.3920057975189 0.402001207797046 0.427225667384785 0.460260150314274 0.495577395712828 0.51919003355914 0.529686099566344 0.535201881939132 0.54546602395541 0.558436488865185 0.563492988953927 0.575813376496349 0.602909308405241 0.658296084052643 0.675870171578023 0.71945027524858 -9999 -9999 -9999
0.598836962996089 0.609513671940382 0.632291630859158 0.641566463437572 0.621149500671106 0.598507414044455 0.594435423826851 0.58206284379073 0.551074583071793 0.536845822200489 0.530198483404613 0.49378502735369 0.475901932995381 0.468820625021566 0.448444255947147 0.45664723358983 0.462843472635006 0.4834641042814 0.433792137774502 0.414474459713952 0.441193856994662 0.450850011441899 0.453078342046073 0.428194378835831 0.421536359008619 0.444832629181248 0.437272600693819 0.408208730713092 0.360813270963959 0.325289708134817 0.348042277045335 0.327676944487141 0.306874346770095 0.299484487537308 0.3423702161421 0.313429178603175 0.271497022192692 0.289402662481117 0.322513636657667 0.363350849669563 0.366498054512717 0.396751792046972 0.435615021668298 0.458162960574894 0.503412510198201 0.524048079281942 0.5485942092134 0.549865242725706 0.560432962991018 0.540006170266604 0.51123243412543 0.516795894634268 0.574752966852576 0.615006544610756 0.667033549615225 0.724540888336262 -9999 -9999 -9999
0.55360559336919 0.583152322983598 0.594656597204616 0.60414181271521 0.60878727906649 0.57582841532993 0.565549538775435 0.564042686482513 0.53377290593171 0.498321818335056 0.495171140278173 0.486501280816199 0.480939110382903 0.463370442868393 0.464028686118763 0.49135193151167 0.463314312709117 0.458580412044089 0.427736081266277 0.428169121199385 0.462917180413333 0.457595723886688 0.442974231424291 0.422814141701525 0.409172191850217 0.41611963433022 0.415061219577858 0.393022983110087 0.355685612638498 0.302601660472834 0.308775700178375 0.309061608737083 0.293901420943019 0.29774026086669 0.262177028584902 0.244090039949975 0.254240385513747 0.241175357655994 0.293206027420141 0.316461362213984 0.360938327168508 0.401090477269755 0.441075625066169 0.456154756034303 0.48548776230472 0.514829570325614 0.538445575304887 0.537310380645157 0.541910948599024 0.53848786956175 0.510767432549264 0.495582364466171 0.563200990948135 0.59726395368207 0.650929513529748 0.653481986084213 -9999 -9999 -9999
0.537312657672601 0.550994301894352 0.567197106475001 0.575209498002317 0.590846307844479 0.53699788207818 0.537619096206468 0.511743150772297 0.475253392762984 0.464212369006755 0.455505017596336 0.452546844269561 0.478543557972719 0.471110810430228 0.465453163278145 0.478336624373672 0.445235974026316 0.440864410799719 0.415859699863859 0.410751679575891 0.441124881031302 0.446530282203543 0.428898176287583 0.406905015220917 0.403424739166012 0.405238131206651 0.385740625305819 0.367499551086933 0.35035958302496 0.303477153565819 0.279153160817079 0.277016340812729 0.263998435050535 0.276226601536891 0.267870203741366 0.238554777489502 0.243529609221526 0.251075047523644 0.273123549234585 0.30570652552407 0.337500135604366 0.348573846119481 0.403626981222031 0.42644094422366 0.461189276194308 0.490598229079384 0.518068264335041 0.536730477230889 0.522176385223698 0.548861876708801 0.516705468807455 0.528889771334057 0.58200961041919 0.617375731337167 -9999 -9999 -9999 -9999 -9999
0.482404896175705 0.515593483097477 0.527390636364339 0.539400373783106 0.548922790772084 0.526694187366407 0.500382120638428 0.485891761946108 0.47297495349487 0.478352359409574 0.465401059801619 0.460509039374529 0.46446507265053 0.455341794212641 0.444036616467491 0.444865928519995 0.418684350709897 0.411765909982378 0.425215129310731 0.43888432634754 0.45266679706563 0.448072071217982 0.431788871969302 0.410714775328407 0.407224625849168 0.389976749864258 0.356282735049637 0.333882050293631 0.318563194921071 0.291347590348473 0.258805946988546 0.246987691627686 0.25818437649684 0.2605713359784 0.241932367602031 0.216016919399129 0.221642779163343 0.236698188857708 0.266133598905557 0.283841998294303 0.289747989273344 0.325599882769594 0.350759096557718 0.40822092188156 0.438209237375588 0.462067202078098 0.508551994606331 0.545953361237182 0.566482226855624 0.565430422096347 0.561107415304332 0.577213959901865 0.618724425750917 0.646057006016356 -9999 -9999 -9999 -9999 -9999
0.441045529085164 0.463649803603342 0.482365498667651 0.506495787458119 0.498111494648079 0.465624212387598 0.478994106420336 0.477246712017138 0.482803817719521 0.484079296854451 0.464770314156381 0.468210912772957 0.456113471956376 0.449676857401233 0.441616320903053 0.441792768115242 0.430402240693465 0.409692752753543 0.417130488661556 0.440870360790398 0.461301647882217 0.456329584315241 0.437154565188898 0.41828897051277 0.411616965131058 0.385884720461418 0.321028233542181 0.305666530963805 0.281605973079382 0.257480207189497 0.255569375053246 0.273612086945073 0.250917197390655 0.249832573021165 0.236051699124835 0.22439983032008 0.226609484253693 0.246017883722847 0.258659098008856 0.277238253838948 0.291146556964323 0.324396571063432 0.358702476768951 0.411013241610889 0.438382180279023 0.448857562255387 0.474928629137818 0.519647749964104 0.535653138278892 0.573594881708892 0.584654141543302 0.605891910467217 -9999 -9999 -9999 -9999 -9999 -9999 -9999
0.405410260307171 0.412430262035169 0.449324130667463 0.458736329870365 0.456135027418815 0.442791817932039 0.450744652204689 0.455558986736223 0.467619349892107 0.487375533372912 0.474457545423619 0.449784073252188 0.45469471276222 0.450132693089363 0.444258668507474 0.437770461622669 0.434390188633667 0.425133481259958 0.410928204705418 0.440112700320662 0.474307890634982 0.477395602692763 0.446767325713556 0.40523539483572 0.383587259831939 0.361424438193329 0.323098176066834 0.305617823183404 0.273994021555839 0.240452472609793 0.241736781906084 0.268286514354867 0.267987921646003 0.262462273086232 0.252558195509766 0.241309958541414 0.251349564964467 0.215452482139665 0.241576626380278 0.265907459199778 0.297329728281328 0.328170984815423 0.372306959433788 0.412070799090616 0.438909417520836 0.466350087614172 0.49308809900293 0.516159771839485 0.533364907920117 0.578898759634283 0.591250990194708 -9999 -9999 -9999 -9999 -9999 -9999 -9999 -9999
0.344399192238065 0.380856230811567 0.408964398036424 0.423261424914702 0.426256204027532 0.422623472158992 0.427587542693042 0.442598479266498 0.465347445523913 0.49014878932168 0.471048577051269 0.466219713883135 0.460536124196423 0.45430876346067 0.449803152006218 0.43975437855466 0.438998276817766 0.436576919478392 0.427788281926042 0.472300397316974 0.489138318440554 0.461332996035982 0.415437413141449 0.372843298948007 0.371951405807225 0.361721967731793 0.308781577802447 0.292229915042076 0.283136649831838 0.234439051928687 0.220093269315564 0.236816899506744 0.260153850401626 0.242097790189818 0.235229782811447 0.262118013582368 0.270236062286715 0.229586193536868 0.247556424082531 0.274078102831147 0.289282442810498 0.328684651324471 0.377119595419625 0.399777734455809 0.427154267834893 0.459989817775946 0.512948525847146 0.541838097331141 0.568233155979474 0.591233858305418 -9999 -9999 -9999 -9999 -9999 -9999 -9999 -9999 -9999
0.315208985489483 0.338225803464361 0.366940392561201 0.385747787034841 0.402175857944249 0.40545725446453 0.428629064637687 0.432571200155782 0.443670033429849 0.471071741740574 0.46860642537833 0.464930651716833 0.482476064138523 0.484116337083491 0.480312447098947 0.485309806779276 0.486550982709659 0.483378498622355 0.474090551409436 0.484456845041222 0.49139918538193 0.467814083662316 0.405303654434916 0.390917676064243 0.378817825699405 0.377757395009548 0.384375675312065 0.361672203961844 0.3170791993108 0.231666141965525 0.211048717709107 0.254353599538211 0.259313158426563 0.216382013866834 0.222808375074759 0.278214580724028 0.281307575452228 0.24654816645728 0.231652622216362 0.273331994308638 0.301937353756857 0.355427634303114 0.387324351458308 0.405034273850595 0.42305836291091 0.459812037401471 0.497172762795531 0.549213032546355 0.570710261353726 -9999 -9999 -9999 -9999 -9999 -9999 -9999 -9999 -9999 -9999
0.314303366554488 0.294456638066836 0.320724149735797 0.347745009872554 0.380854652903775 0.394072522496152 0.409510008789618 0.435149781552914 0.456021898675136 0.466646982403768 0.47496076712117 0.485130512531933 0.49033018288543 0.495665588909659 0.492148763165601 0.491673131472551 0.486962517049725 0.467005022395098 0.478881817699989 0.493429293908557 0.483511192720218 0.455928667300663 0.395284794174783 0.364704455333583 0.355493207023839 0.395546269733768 0.390931559514604 0.338651869170735 0.277107419981953 0.2107755822458 0.231399330255826 0.25403055254152 0.249302477484345 0.247999568433532 0.269258187320121 0.303494301851929 0.238121127991572 0.312696104422618 0.220491982520353 0.293397897366117 0.360247940017479 0.431969885632433 0.47962991617066 0.490767350145456 0.49890802998226 0.505303102703862 0.546622492224598 0.5608012133773 -9999 -9999 -9999 -9999 -9999 -9999 -9999 -9999 -9999 -9999 -9999
0.299757746893598 0.271452212072707 0.280459772369677 0.315685957174599 0.343456523439375 0.358985108167853 0.384830906172596 0.418099934400196 0.437111784790205 0.438642114201158 0.453458064878731 0.47028300257702 0.475095542334997 0.475561799393055 0.487772845669105 0.48971294804197 0.465342944914321 0.460857182912504 0.499509065220047 0.497726246757078 0.485099136354483 0.463172021674497 0.391054352045286 0.343527055081008 0.356541189477712 0.38387863785693 0.308485491930703 0.349480711461993 0.320873153701864 0.233321675012995 0.237589718467544 0.257037252013088 0.278653403439627 0.275111324133835 0.300443677185474 0.310345731440513 0.267480918043085 0.307352313301021 0.240338159710118 0.304084492015455 0.398062655881886 0.46840930488766 0.533593110083013 0.555791427394967 0.570979235650729 0.580181170948689 0.578960559447163 -9999 -9999 -9999 -9999 -9999 -9999 -9999 -9999 -9999 -9999 -9999 -9999
0.277484174760312 0.26642631664783 0.24773567605178 0.280156334516768 0.307453818842324 0.34954413530556 0.385254268049816 0.40450528358654 0.418928659815707 0.428200322603192 0.444171703944058 0.453024875239608 0.458362235445667 0.453035199402163 0.45484253309666 0.460341796097736 0.464759515260218 0.479963336166216 0.509748949776782 0.50188683815054 0.467261614469661 0.444984927252831 0.398446878219141 0.356502861777509 0.381825887913231 0.366194936331781 0.207043145346727 0.267019521752323 0.32837526344638 0.246107964527378 0.254043604713614 0.264513609968856 0.275137982827745 0.287191498670073 0.307973639945822 0.325748952609982 0.288988101304006 0.302936769840742 0.275255136854047 0.311463263772356 0.381567954552562 0.430750142665609 0.462061316930829 0.534020398842083 0.601066119573422 0.620461679491887 -9999 -9999 -9999 -9999 -9999 -9999 -9999 -9999 -9999 -9999 -9999 -9999 -9999
0.223827296121695 0.255546587127382 0.246577665226686 0.262976659725114 0.301606527659333 0.365824095288146 0.392019173964595 0.404866149204903 0.420554484697557 0.429074825324705 0.427407907484464 0.437339491430932 0.426776539397313 0.431010211002105 0.435065015341365 0.452318160638033 0.478497385175995 0.493176070479056 0.501841573093425 0.486203881747174 0.455330396470556 0.413200624844915 0.375694917322007 0.362808629835303 0.333697201494702 0.323252401273943 0.251148560663346 0.31206797794582 0.311835614538258 0.259483443196995 0.256057188683716 0.277967156594219 0.296087974906265 0.319187650424662 0.340071923140144 0.355611575854398 0.339809160043989 0.319454382120335 0.387976576263798 0.40138154814695 0.431116513262214 0.438473229299082 0.455079003514944 0.50715891199755 0.552324085462408 -9999 -9999 -9999 -9999 -9999 -9999 -9999 -9999 -9999 -9999 -9999 -9999 -9999 -9999
0.237207704055248 0.25188517781024 0.259064182359342 0.288844033043568 0.325174085128883 0.366501444528666 0.380607050895277 0.37395522379877 0.404132494407494 0.406950969511764 0.393375664847365 0.380677203487944 0.419903484964265 0.43644968577111 0.445471585472731 0.44686420315841 0.441156098106496 0.473588527679953 0.488541152448355 0.470308356256313 0.40065554248051 0.353488352412241 0.374767982390862 0.339893625885784 0.282093783601134 0.235171800836946 0.302513295315784 0.31095380548319 0.261179602858412 0.253263176443042 0.255814311217927 0.279140274331114 0.305658453202431 0.335093124885872 0.359500376729367 0.363562920274384 0.314958102832294 0.384672439630899 0.438062452635689 0.460310770940965 0.480285506614455 0.47914514327703 0.521204487865172 0.529378222200293 0.558286274853787 -9999 -9999 -9999 -9999 -9999 -9999 -9999 -9999 -9999 -9999 -9999 -9999 -9999 -9999
0.224418867112747 0.237092455000299 0.238612993472021 0.280086464614031 0.314268924288664 0.347853707272898 0.353555605356888 0.36388724891897 0.398408035772474 0.380427281608491 0.361729843101672 0.3787236694705 0.39209004853233 0.39626668287086 0.404573609548103 0.42560033810236 0.400576110010043 0.4527577025209 0.464199512105292 0.447903569089641 0.361484059255362 0.323240419474583 0.347597865866798 0.304779840126888 0.277737292825838 0.258765264220465 0.287349904806874 0.285105262334597 0.25647798852678 0.262370676253085 0.275871515537482 0.287321454802041 0.302672456651781 0.349134801531287 0.393333628605287 0.40399910268604 0.377210576674285 0.427596124883904 0.456602923635907 0.478765309711377 0.487544599009364 0.472241913159539 0.560731071575453 0.574831005896655 0.587650625173877 -9999 -9999 -9999 -9999 -9999 -9999 -9999 -9999 -9999 -9999 -9999 -9999 -9999 -9999
0.222533954430424 0.231443540997967 0.234180263103677 0.271865280434401 0.295694319681807 0.301138261992247 0.322322148957561 0.348515544892361 0.373707686591887 0.368776056058896 0.358051087720844 0.388215790433915 0.364288828195743 0.352364394809321 0.370579088463368 0.400787172031608 0.386766769265531 0.419478324547851 0.41229174687588 0.405080555578042 0.381455603232622 0.320146364503028 0.30586191559883 0.271590536109463 0.264322288089345 0.240603853304307 0.256124920134764 0.266040317741042 0.289628378168741 0.29607577598612 0.298269552814268 0.324580028886636 0.339832277758274 0.360918707803137 0.402337106737739 0.39743176770614 0.389855063284035 0.424938048866977 0.490828781495642 0.490007459969305 0.509323571261371 0.547205470761806 0.578072210941269 0.602708367771306 -9999 -9999 -9999 -9999 -9999 -9999 -9999 -9999 -9999 -9999 -9999 -9999 -9999 -9999 -9999
0.21949344578179 0.236635245315145 0.250261554235801 0.266882039795583 0.281933236551831 0.286140483418819 0.312691001234765 0.335103809120295 0.346436614456223 0.349486097222544 0.334610207839934 0.349163564588807 0.346459420421593 0.340815917703898 0.350958048943878 0.37889317233832 0.357255990967191 0.380445988174499 0.372598572166897 0.363592446114232 0.346873892063501 0.285438944242045 0.283389573069665 0.284222429264044 0.281403657597472 0.271803852178521 0.276236096312787 0.274503569929683 0.296820778916876 0.326085505294127 0.328736265890278 0.345681258347811 0.349966765011264 0.362864532199149 0.417837105905648 0.432325476006147 0.455243906726027 0.4482310696113 0.508770635514229 0.537052405611824 0.583988499709682 0.615807479907163 0.635470058015409 0.639911255927267 -9999 -9999 -9999 -9999 -9999 -9999 -9999 -9999 -9999 -9999 -9999 -9999 -9999 -9999 -9999
0.218398655127524 0.219487288212475 0.246739791739315 0.260122036063469 0.271205429291354 0.28305681708117 0.304130947421417 0.323619572140347 0.324574059409268 0.317792009664479 0.31656187010737 0.319968473638113 0.315970521552143 0.309370199374931 0.330269900265591 0.34856402620645 0.347821867413161 0.344109676530901 0.348637684520779 0.350573057550767 0.311140280891431 0.294751461978991 0.296372317765796 0.301085466038631 0.297465254524223 0.295011519515504 0.293692454909286 0.311711957438407 0.314228314935953 0.337201779907218 0.357652334187227 0.347945095863388 0.346709970936927 0.374804388822254 0.427799526663325 0.442155770655501 0.537755289221986 0.574658951360255 0.564583544748296 0.573073635637099 0.599490781073104 0.62485844175834 0.667140104351346 0.674488092117807 -9999 -9999 -9999 -9999 -9999 -9999 -9999 -9999 -9999 -9999 -9999 -9999 -9999 -9999 -9999
0.229341281582018 0.226866856035081 0.230508340742551 0.244146746033102 0.259164649551121 0.27278437364945 0.289060537322937 0.299085928072757 0.310052039158115 0.312866264917101 0.301625758128682 0.297682658009888 0.293803675176663 0.308311748438847 0.322062292751334 0.334034684791577 0.309886040019665 0.278823099147618 0.304430141326942 0.312160168207002 0.315459568823362 0.310419137095834 0.302193276353701 0.311102156153277 0.317413364617939 0.312729188452847 0.307236373105038 0.331695699667404 0.354615439580966 0.347275642654449 0.364505745644759 0.363735193322722 0.358526569176032 0.375639249189022 0.43163360536659 0.512050308163616 0.625683520323878 0.636234022024885 0.692048268174035 0.73880801798782 0.66053242813758 0.652245542067304 0.695294195059596 0.710682559171671 -9999 -9999 -9999 -9999 -9999 -9999 -9999 -9999 -9999 -9999 -9999 -9999 -9999 -9999 -9999
0.22829511575539 0.221735194551784 0.221089271774806 0.233038420559523 0.250922455203923 0.262848134135769 0.270438583358976 0.278906387216681 0.295788547601473 0.308175430565966 0.31246642523383 0.308590378397001 0.293515184685642 0.313669320309416 0.324016086611871 0.306559316284765 0.292939386122121 0.276313559943322 0.319335572507246 0.331451227180679 0.331983280651825 0.330978812319288 0.338088735630519 0.328552265738032 0.334458786478278 0.328410772943059 0.332275510036461 0.35158438878251 0.365851146947971 0.350455242360818 0.351811831274874 0.356297944936175 0.351050649847061 0.360763288005188 0.418790077818745 0.541067456492343 0.66061210790848 0.731489043630445 0.718615580811085 0.731152862669963 0.717493271522507 0.788094155218605 0.83470201606863 0.755851142507556 -9999 -9999 -9999 -9999 -9999 -9999 -9999 -9999 -9999 -9999 -9999 -9999 -9999 -9999 -9999
0.214962221276756 0.228059004212093 0.235120467179054 0.229712507561081 0.237349249833986 0.260261696310201 0.268771787103638 0.277553420158535 0.299033548700133 0.315041134309155 0.301998758355807 0.299215892251418 0.307850229353165 0.318586312484396 0.308485509454313 0.307921362612679 0.303610640220928 0.308325849319259 0.320021464787062 0.331977383258877 0.341763572484529 0.351088528947937 0.351221765504853 0.348186940525393 0.35420428395095 0.353424715701889 0.349724693372864 0.377079464721906 0.372101190751671 0.350340815457052 0.336525756225349 0.323113339910109 0.263794808653869 0.34246004276149 0.453363609415023 0.572783171389196 0.661517129794668 0.693683388452139 0.738302688358419 0.786360065498331 0.795286006209907 0.834822896753588 0.846813460684797 -9999 -9999 -9999 -9999 -9999 -9999 -9999 -9999 -9999 -9999 -9999 -9999 -9999 -9999 -9999 -9999
0.23950189312538 0.241948209819209 0.243984528455389 0.245930764992 0.251975483271418 0.271986909168669 0.277006554011186 0.296992585716832 0.312527838643616 0.32183147810557 0.297730718730412 0.28398517088967 0.289968876805719 0.290432901593467 0.290727073573613 0.295263801972529 0.271930258099476 0.287843660019126 0.303874892400613 0.338578185404251 0.35021053861164 0.373912480727769 0.366623927217818 0.361609164630728 0.369605050578818 0.38138687814467 0.379684864148642 0.391697939743665 0.376605582197695 0.350044395309223 0.336109222849368 0.311733478482139 0.235430317279405 0.300024237615078 0.440752710331505 0.564085831432811 0.665862747900765 0.704537628517679 0.798804891776346 0.826177223644467 0.831772692108534 0.840893009255281 0.843872434388187 -9999 -9999 -9999 -9999 -9999 -9999 -9999 -9999 -9999 -9999 -9999 -9999 -9999 -9999 -9999 -9999
0.25335656784476 0.250024083742674 0.246812127114173 0.264230994466278 0.27104397723812 0.276180270572782 0.307060683117361 0.31381878287382 0.323722939315252 0.326298397832118 0.283796078977119 0.272431719213428 0.281264719057713 0.269205863243046 0.271731894797811 0.27725835748946 0.256422522257749 0.268780437831547 0.31170915874542 0.368992853322051 0.368566076486694 0.378908427496383 0.372498628447853 0.368298992058563 0.37838773605621 0.380799794108963 0.388760583073972 0.408459969855044 0.396900347426 0.376490270902953 0.350464522841059 0.323946527278163 0.301412110349186 0.296206327994687 0.448412301421358 0.589482040437664 0.729860911702574 0.746035450580211 0.782216762807431 0.809192695649848 0.826687523854779 0.84189204890342 0.84456364483357 -9999 -9999 -9999 -9999 -9999 -9999 -9999 -9999 -9999 -9999 -9999 -9999 -9999 -9999 -9999 -9999
0.274436211996151 0.264661695622707 0.264588911075327 0.287600623381763 0.303382034862639 0.318493799564459 0.321120171874198 0.332862826019032 0.333679574976055 0.33097989310542 0.293944452176824 0.275217612661247 0.27772006498055 0.269393104943363 0.273569485557373 0.282763854249908 0.275888889230838 0.261268910077679 0.317456450661368 0.363014998737177 0.374804299687949 0.397228336061335 0.381337733526245 0.37178692506813 0.377357262500339 0.385565024097107 0.388694305641859 0.441098353368447 0.427472533871643 0.402513901927819 0.370047313711388 0.322548315194284 0.33940923369308 0.325179614405602 0.494770270199354 0.59298432288579 0.742420112382502 0.782606549385835 0.764689209402805 0.80456127085905 0.82572015881385 0.845155672269389 -9999 -9999 -9999 -9999 -9999 -9999 -9999 -9999 -9999 -9999 -9999 -9999 -9999 -9999 -9999 -9999 -9999
0.290644247675796 0.282449708022869 0.292478084804721 0.310725973278878 0.329398757757544 0.336300930913174 0.3334684075763 0.343938496761194 0.351491463823049 0.344745517458021 0.297347635436117 0.285486545504984 0.260354102854762 0.278057184435777 0.287336491344113 0.294387448888885 0.29620044750988 0.269925650175573 0.325705992176738 0.350369541059064 0.381933518556442 0.437217868979876 0.407508940015579 0.384400827911553 0.384564771183208 0.393082102014094 0.408319984096916 0.443310647892101 0.43527749530519 0.410087905004775 0.372335639387534 0.321780020620712 0.331912851140504 0.381523090664248 0.520865071282105 0.650161616732136 0.756766019153989 0.78016166414149 0.75623029810661 0.780172197428086 0.815422308247379 0.82367971779073 -9999 -9999 -9999 -9999 -9999 -9999 -9999 -9999 -9999 -9999 -9999 -9999 -9999 -9999 -9999 -9999 -9999
0.302635496697918 0.30787591364006 0.318325377725385 0.336149285287264 0.353792810762084 0.361657717633237 0.347995127624646 0.350667371123899 0.360684975984517 0.339163571126579 0.309532581676529 0.268547846446269 0.270763622966854 0.29271236059384 0.313904648326264 0.311022326971474 0.318151964400835 0.322775397656532 0.367397841967865 0.371680387923554 0.375776581906356 0.41953203516855 0.442768347965194 0.424267792595157 0.425499929686946 0.417771179184591 0.403448282622803 0.424358082880465 0.426391774502837 0.40695664531228 0.374977166951337 0.337269563238955 0.302172400721416 0.379814058107224 0.496869127765532 0.663562892848025 0.70411488711325 0.697777325336816 0.748422253907153 0.748443770464934 0.786809240481246 0.809979208798449 -9999 -9999 -9999 -9999 -9999 -9999 -9999 -9999 -9999 -9999 -9999 -9999 -9999 -9999 -9999 -9999 -9999
