layers50/veg_krg_50/veg_4200.asc
NCOLS 128 
NROWS 165 
XLLCORNER -2985163.8955 
YLLCORNER -3022031.214 
CELLSIZE 50000 
NODATA_value -9999 
[rows 26 to 51 of 165, columns 59 to 117 of 128]
0.359001054902489 0.340571902427185 0.330696890285003 0.314775089431848 0.301608846305329 0.432237874282807 0.674747141147824 0.711049390733614 0.723260880935123 0.698414922534839 0.730008368004757 0.75429442270963 0.768715482023262 0.807557686799985 0.839410674257911 0.861132704762863 0.870665006674674 0.894333797073372 0.903615563418616 0.900939817188601 0.904442155977332 0.909942260553835 -9999 -9999 -9999 -9999 -9999 -9999 -9999 -9999 -9999 -9999 -9999 -9999 -9999 -9999 -9999 -9999 -9999 -9999 -9999 -9999 -9999 -9999 -9999 -9999 -9999 -9999 -9999 -9999 -9999 -9999 -9999 -9999 -9999 -9999 -9999 -9999 -9999
0.354445818105581 0.349534577513969 0.345530897327886 0.435289852980007 0.5569607309713 0.626607039851096 0.706276227290592 0.731475659816244 0.724272124062372 0.713442208691418 0.723232543271153 0.717109074696654 0.761188446019533 0.802147635119095 0.824553510420377 0.848670365035598 0.851231743392229 0.873531333654553 0.876555156454769 0.891337539810682 0.899295769065925 0.913617518914709 0.93626576071368 -9999 -9999 -9999 -9999 -9999 -9999 -9999 -9999 -9999 -9999 -9999 -9999 -9999 -9999 -9999 -9999 -9999 -9999 -9999 -9999 -9999 -9999 -9999 -9999 -9999 -9999 -9999 -9999 -9999 -9999 -9999 -9999 -9999 -9999 -9999 -9999
0.591193882685282 0.618314429729889 0.636301641283285 0.630979821717951 0.671739865294709 0.689801385846437 0.773026744787438 0.768332360762899 0.732413603951652 0.726759815792461 0.729711416515398 0.734207283157168 0.732745554262279 0.759462482762127 0.807923323898436 0.840760128748035 0.85782988469121 0.867865152360797 0.889339597175763 0.910834310782805 0.917192196024833 0.917618006771189 0.939518509868899 0.938824049748088 -9999 -9999 -9999 -9999 -9999 -9999 -9999 -9999 -9999 -9999 -9999 -9999 -9999 -9999 -9999 -9999 -9999 -9999 -9999 -9999 -9999 -9999 -9999 -9999 -9999 -9999 -9999 -9999 -9999 -9999 -9999 -9999 -9999 -9999 -9999
0.648548384005046 0.653814865388014 0.679212757036237 0.706807009146477 0.71188109023569 0.712246120463917 0.756321454797675 0.758451374729516 0.733981097730511 0.729789968662195 0.738263207502863 0.730089756954812 0.724181165992151 0.756809655839162 0.798628551748607 0.830814137394622 0.856228755055943 0.876638223246134 0.900744761622387 0.917860511462208 0.93121265340268 0.938989387064924 0.949261452552435 0.944791939133099 -9999 -9999 -9999 -9999 -9999 -9999 -9999 -9999 -9999 -9999 -9999 -9999 -9999 -9999 -9999 -9999 -9999 -9999 -9999 -9999 -9999 -9999 -9999 -9999 -9999 -9999 -9999 -9999 -9999 -9999 -9999 -9999 -9999 -9999 -9999
0.677331470322848 0.700619424456945 0.722363713360923 0.731133599478296 0.732763808396338 0.736345228418249 0.771702202564398 0.774816004295811 0.759825383418058 0.749359508304612 0.706386316904322 0.707310597637414 0.687158492105236 0.735749351547613 0.787386702392623 0.820089598168209 0.846620166686903 0.867584807175523 0.890709155437942 0.916913413226051 0.940567754526302 0.950469165445927 0.952683827166502 0.951575302464571 -9999 -9999 -9999 -9999 -9999 -9999 -9999 -9999 -9999 -9999 -9999 -9999 -9999 -9999 -9999 -9999 -9999 -9999 -9999 -9999 -9999 -9999 -9999 -9999 -9999 -9999 -9999 -9999 -9999 -9999 -9999 -9999 -9999 -9999 -9999
0.712617349777912 0.738786825282158 0.746975600099064 0.75218371335594 0.75588760962745 0.742042169955301 0.747061156971064 0.749223984212935 0.740903223174066 0.721779885026219 0.687713861263148 0.69377241523292 0.643590971817183 0.701634103907047 0.787892930556562 0.800820351051728 0.831146474147551 0.864361946983204 0.882296780551206 0.915512767799068 0.944974368109613 0.95344257493505 0.956779208134861 0.953769346972401 -9999 -9999 -9999 -9999 -9999 -9999 -9999 -9999 -9999 -9999 -9999 -9999 -9999 -9999 -9999 -9999 -9999 -9999 -9999 -9999 -9999 -9999 -9999 -9999 -9999 -9999 -9999 -9999 -9999 -9999 -9999 -9999 -9999 -9999 -9999
0.751843061106031 0.764183238280373 0.778500779208644 0.78337494627848 0.786627245781414 0.759133029268488 0.763464817337249 0.751711574112717 0.736553934774254 0.691375285137733 0.701972820372732 0.64254192531733 0.605316025238093 0.743469796269271 0.77467908636099 0.777496245429868 0.798367898507124 0.849680764046822 0.867756338796519 0.913862248924664 0.949972549019068 0.959405199500461 0.958816733500787 0.954485602057796 -9999 -9999 -9999 -9999 -9999 -9999 -9999 -9999 -9999 -9999 -9999 -9999 -9999 -9999 -9999 -9999 -9999 -9999 -9999 -9999 -9999 -9999 -9999 -9999 -9999 -9999 -9999 -9999 -9999 -9999 -9999 -9999 -9999 -9999 -9999
0.784005887119693 0.803138348021617 0.810964974005587 0.811324488226562 0.805179595004294 0.830817847721814 0.826775169098893 0.808995837918664 0.782608750380895 0.783329012891271 0.699055165312867 0.657225768729083 0.679993020731742 0.715476195986177 0.747505465687577 0.728048489545458 0.802037302485634 0.836471603938993 0.886494542815182 0.924564073835896 0.953628647097253 0.962075713013689 0.960338105195753 0.950393871387728 0.935005665567312 0.921526864884445 0.912253141846532 -9999 -9999 -9999 -9999 -9999 -9999 -9999 -9999 -9999 -9999 -9999 -9999 -9999 -9999 -9999 -9999 -9999 -9999 -9999 -9999 -9999 -9999 -9999 -9999 -9999 -9999 -9999 -9999 -9999 -9999 -9999 -9999
0.819569224784087 0.8246622308343 0.829722778722815 0.831179741240396 0.836100992103323 0.850670083395418 0.855179160479431 0.853372714543679 0.843347143084235 0.849570572821238 0.715429464450588 0.755521102904055 0.675170020169696 0.697253949697557 0.60085535010235 0.721975850813285 0.810569868796697 0.840706506229166 0.898914649695761 0.941338031097606 0.966110289807115 0.964255151274317 0.958881903097986 0.945246836072976 0.931374900552183 0.921300374907949 0.906780593435567 0.892001017961819 0.871633449081367 0.834865492557443 0.807099269934072 0.771691344040136 -9999 -9999 -9999 -9999 -9999 -9999 -9999 -9999 -9999 -9999 -9999 -9999 -9999 -9999 -9999 -9999 -9999 -9999 -9999 -9999 -9999 -9999 -9999 -9999 -9999 -9999 -9999
0.852448705084857 0.847532198939617 0.848812106412232 0.845103614085568 0.858064452137092 0.851148845674704 0.850754870136753 0.849169218710369 0.864953068265564 0.900357792684146 0.858631141654731 0.833969745417411 0.783582147279224 0.770239847852494 0.738756523241476 0.791926091389095 0.822670818510501 0.869493493942014 0.906845882888143 0.946982524539287 0.96578581760257 0.960884636473777 0.951441630277301 0.939997347692887 0.929409712372284 0.917310361044951 0.89722021301672 0.881578225392981 0.85443803324737 0.823910566841595 0.789066108878072 0.765575284099798 0.721981214542794 -9999 -9999 -9999 -9999 -9999 -9999 -9999 -9999 -9999 -9999 -9999 -9999 -9999 -9999 -9999 -9999 -9999 -9999 -9999 -9999 -9999 -9999 -9999 -9999 -9999 -9999
0.869829897480782 0.867423962414339 0.863720152888744 0.855826620298654 0.853764895617639 0.856791453588923 0.866916477408187 0.880038248327705 0.911105687313717 0.885899059616038 0.882504675650395 0.881728142467372 0.881827054208464 0.856131314079739 0.837702358981521 0.814972260828791 0.817819482644369 0.858954966236831 0.895903946863398 0.933452148500235 0.949792531741097 0.946004906821663 0.936929402363383 0.928598149905716 0.923772273991659 0.908113186342101 0.864570461132535 0.844854953732688 0.834609778423244 0.7993674170573 0.772895681001563 0.739985794240869 0.712821688183226 0.693960979368629 0.678940266154553 -9999 -9999 -9999 -9999 -9999 -9999 -9999 -9999 -9999 -9999 -9999 -9999 -9999 -9999 -9999 -9999 -9999 -9999 -9999 -9999 -9999 -9999 -9999 -9999
0.890256497485131 0.886661951222724 0.874410296440828 0.864535989832207 0.859989327936241 0.864363044095735 0.873718297251603 0.870743319921617 0.866687679451106 0.848400063799526 0.796265449338234 0.794668990198803 0.832880485613706 0.834489234448589 0.804479221848883 0.787611567485297 0.784841386035558 0.836728217669477 0.867943163005823 0.898855017243463 0.914167594999358 0.917716030159939 0.91527185637941 0.914703720439134 0.902297690977529 0.856562067493201 0.828001988368627 0.828618753935259 0.809344078043838 0.77761506915071 0.747747800588059 0.711287512465612 0.691264534507357 0.670854566415691 0.658745719604316 0.652392449115335 -9999 -9999 -9999 -9999 -9999 -9999 -9999 -9999 -9999 -9999 -9999 -9999 -9999 -9999 -9999 -9999 -9999 -9999 -9999 -9999 -9999 -9999 -9999
0.910902067494211 0.905263903290695 0.891519734364842 0.878607475784418 0.871173176059984 0.865062270843851 0.8610440336244 0.857246847424091 0.850263886570955 0.839171986757521 0.787879260165524 0.792809062622248 0.807274678359965 0.789857998460893 0.774562407191413 0.774116235842096 0.777427570676944 0.80855065367072 0.828792686746868 0.853303364471748 0.869321859668102 0.876412397233305 0.885440115613272 0.888180351787182 0.876831505821521 0.84628494715313 0.824498221011892 0.810895671309483 0.794755832687454 0.759872227155486 0.724637986117587 0.671041838839202 0.660865848907065 0.653487622454545 0.637566205459896 0.633015299866795 -9999 0.597730520471169 -9999 -9999 -9999 -9999 -9999 -9999 -9999 -9999 -9999 -9999 -9999 -9999 -9999 -9999 -9999 -9999 -9999 -9999 -9999 -9999 -9999
0.919449555485027 0.907823111966122 0.900330252448896 0.887243939268354 0.883729881433121 0.86832457337171 0.855830759023123 0.846247618088845 0.839128071745497 0.826061829931924 0.797516488663917 0.826029558077498 0.791614595442558 0.777243728517925 0.768133331058725 0.761845042830021 0.762770496262192 0.769053040677543 0.800208938201631 0.813102678789357 0.825692679670717 0.841348934287822 0.851301245449041 0.856853006282212 0.855710504885923 0.829366666591716 0.812575105673688 0.802754862884417 0.767916449221337 0.733888148635476 0.689796050719439 0.629537811224971 0.638444391191154 0.637844855448392 0.624155494610649 0.612982737893737 0.587075436514755 0.568017872965595 0.555314061042271 0.568997082410856 0.591240115450163 0.636591323211236 -9999 -9999 -9999 -9999 -9999 -9999 -9999 -9999 -9999 -9999 -9999 -9999 -9999 -9999 -9999 -9999 -9999
0.922762620006706 0.90902725532376 0.895965342858241 0.883574455511858 0.87881901795756 0.869959489205788 0.856504037203775 0.83505122794944 0.812884920129315 0.795004113504484 0.802874614798784 0.783753677472434 0.75230180227662 0.741087486736609 0.749212156806052 0.754904881642553 0.754588414053047 0.740427013273721 0.752790259613775 0.765675613152539 0.780956050799564 0.793947463946618 0.809229158728391 0.820837270658664 0.824260537047085 0.818913495284343 0.800118365310879 0.764557224104859 0.692410303815406 0.719141193882427 0.61268869783251 0.623189631699542 0.62777850775837 0.634366292588524 0.62760463230178 0.601939621040916 0.563129043147147 0.531972777075345 0.531509881187424 0.560653299009225 0.591657757919716 0.627207154828988 0.617950165360215 0.639830010568406 0.693435014147756 0.745458258575158 -9999 -9999 -9999 -9999 -9999 -9999 -9999 -9999 -9999 -9999 -9999 -9999 -9999
0.913834035917995 0.907404781811173 0.894099181963552 0.884866388446416 0.875097667742603 0.861775426468797 0.846236673416015 0.822489933792282 0.804352940449072 0.777055828600741 0.757299629888235 0.740632837693712 0.710222085353329 0.715696697756292 0.723297476085341 0.714436226627122 0.700123026030951 0.703103996102474 0.703870813315853 0.719772009009181 0.730236646737099 0.744974486721783 0.765332568009863 0.798517676771472 0.808108565522181 0.804692152404126 0.782589971618146 0.736334289471292 0.676038161902947 0.660032863778933 0.611978516112025 0.63788291706171 0.628462280508774 0.633301158950818 0.618170998823586 0.594217032026224 0.553504495449172 0.53992716276691 0.53914535277743 0.56917342629297 0.589547683999134 0.599560266199113 0.569828804932732 0.627662220316817 0.69203222259 0.746041657576036 0.785693643591745 -9999 -9999 -9999 -9999 -9999 -9999 -9999 -9999 -9999 -9999 -9999 -9999
0.904116956553292 0.898261293175889 0.886546331633496 0.879168463453708 0.870602902078744 0.851408318113704 0.838129693006437 0.817332382052703 0.788542098314029 0.760135395024997 0.728357977209738 0.711525608921561 0.686823711329888 0.684136270282514 0.679837435149633 0.665895099314926 0.66520088347774 0.655443066028579 0.649215503020318 0.668018870095924 0.664322936742665 0.680493241453894 0.695722078864101 0.778362238989393 0.793268586026767 0.756748451686027 0.738070593825708 0.678437249954201 0.631102749493415 0.636178563947774 0.622142396709525 0.607667001619351 0.602066391185193 0.606633319789655 0.600197437219291 0.57871039916624 0.548566678141927 0.541411257604482 0.546817176043863 0.562846140972433 0.5846215547396 0.598634702149682 0.496659690844762 0.529002972064628 0.694746617150518 0.724899218378628 0.77240936351482 0.811345195538839 -9999 -9999 -9999 -9999 -9999 -9999 -9999 -9999 -9999 -9999 -9999
0.888381839531341 0.883914002708765 0.878118460446431 0.870197911901249 0.860444698513026 0.847459143492432 0.830213084487572 0.799835146000432 0.759532626767813 0.747974041564616 0.71256914153356 0.679426955716285 0.664719470748243 0.666779722639305 0.641590339060276 0.619426048364628 0.62940049504133 0.611207702053874 0.600378850369491 0.613531881223562 0.601678688018927 0.594438596084562 0.654834837251263 0.72952605479247 0.787812970503869 0.773352160287935 0.734866741307005 0.668774417448229 0.590322554147733 0.605671505338836 0.576680231594722 0.538977293751717 0.57680870893876 0.584068195888289 0.572664625496312 0.556026533466961 0.546455325635536 0.553602379241662 0.556673600863019 0.557454137546436 0.575973807712583 0.52172059536785 0.471247639840406 0.506693480413408 0.675065078416587 0.680836290825542 0.754109000808151 0.776163334449179 0.835076957620687 -9999 -9999 -9999 -9999 -9999 -9999 -9999 -9999 -9999 -9999
0.862600442772797 0.8665693720021 0.866334329882389 0.861330601141807 0.850218559269322 0.835172623690969 0.82719044146577 0.796398836412464 0.756803287302728 0.731628247654713 0.712885197845264 0.664373160407366 0.643146605409191 0.650385252595739 0.60381138336798 0.578221398967202 0.575925460560715 0.566376040426796 0.543387680563626 0.555408822658782 0.523836799777447 0.552648521270928 0.615417327638897 0.68538643387204 0.726776315176363 0.757055348046843 0.689530444632484 0.690940283057876 0.619072006802098 0.559578209778056 0.541287558858945 0.567462387418912 0.561115714482478 0.573390702574519 0.549265301885124 0.52113825160208 0.540566682682034 0.554711833200254 0.562032272292538 0.565715497782806 0.572195863284133 0.541774834831989 0.489483827888211 0.58999681636081 0.63509989311061 0.630491081291536 0.689459363283809 0.770892968369514 0.824419464199303 0.850455925417628 -9999 -9999 -9999 -9999 -9999 -9999 -9999 -9999 -9999
0.834553458635807 0.845147442596285 0.85135349133018 0.844139976189791 0.836414485893354 0.826653236680455 0.804582710449455 0.775720780585439 0.742172669486581 0.710116985180219 0.667668102271338 0.632765391701467 0.624175328670992 0.618863231720834 0.572462479170599 0.554634993052872 0.537235223417648 0.531781446926262 0.477902009026814 0.474061222383971 0.488787453743742 0.489583026164328 0.403947830839575 0.580001458370384 0.674013599172254 0.648015957237441 0.682462698491456 0.611206051197787 0.61450522506088 0.529729408891686 0.539777029924386 0.536889615953746 0.528940283189736 0.543986505859408 0.520900306094793 0.528062912915264 0.522605710484718 0.517079808939155 0.532604414833141 0.542446884782 0.559047980854025 0.544141671267358 0.525755790472607 0.574317049614784 0.556266355085339 0.615995271550593 0.683395092352772 0.766210789824614 0.798067650366077 0.822086480618762 0.831170752666055 -9999 -9999 -9999 -9999 -9999 -9999 -9999 -9999
0.804342485272653 0.81922444844594 0.824341370303775 0.824712930997298 0.812721864806599 0.792942726824915 0.768786817679281 0.74093750398484 0.700493476284792 0.674762751058525 0.656979645794501 0.617914877333503 0.622062271585505 0.582477478050169 0.522374027917472 0.498693071711826 0.491345617867461 0.508805071296307 0.434394475354934 0.450907570354875 0.451525740204204 0.472441547152563 0.450795070959336 0.441734639628904 0.586682078287827 0.587967720955737 0.607161858460613 0.556910198218958 0.588910656053037 0.523417757728237 0.487230174192664 0.467422797303747 0.45447069223669 0.465782579507254 0.458160907899017 0.472780569173481 0.483937158785431 0.492185377096401 0.523466885319511 0.517218832749656 0.533604743594573 0.508842186515608 0.454570958880709 0.522143766899154 0.529854400459635 0.571694952421782 0.690560213446213 0.764617144703896 0.785096382336745 0.802354194949488 0.810465659000707 0.822214555021618 0.81789603510343 0.812020477491027 -9999 -9999 -9999 -9999 -9999
0.779173599257241 0.788064074608594 0.799681421142275 0.789558451353425 0.777562799849904 0.774149713689075 0.733008792783351 0.703298172364868 0.670911127800408 0.632355983885154 0.644768419014935 0.625334172040974 0.605743303198427 0.547335244965396 0.510896862131556 0.463031439945179 0.461434721837337 0.490390676558345 0.450783814047944 0.449932097592124 0.43286723118688 0.42017246752178 0.433684555111344 0.46223830556715 0.539040148509263 0.545466648865063 0.542337611482248 0.529582399555612 0.542245237459967 0.486252824016477 0.440474341118948 0.399826337468477 0.385972896387774 0.417694253961998 0.423713634032287 0.439031878985845 0.436943745574502 0.466189936437243 0.503961687773777 0.481466387049771 0.502885662210669 0.511579139127859 0.414261377023548 0.478995911829675 0.525421660127667 0.580153007762258 0.661786577351054 0.737203205837677 0.722320629675051 0.774807148238426 0.792590239635863 0.809766268141317 0.800983397770241 0.786811822680407 0.78643946251317 0.79169833698705 -9999 -9999 -9999
0.753060665883519 0.749503929003988 0.761248461231653 0.768129593890268 0.733926008958343 0.732873137861602 0.718010767248193 0.668698685192218 0.636166566942686 0.610353304091379 0.625289592873366 0.596174805872149 0.578550322690683 0.5138219213246 0.476643238665591 0.434381135227176 0.476309905682444 0.465346582606044 0.444493720543023 0.449106736554252 0.40048015308697 0.380385467223193 0.403383403530288 0.518327972536209 0.527987708776502 0.49722437000233 0.501913885289821 0.527508749219128 0.503848381612732 0.439359805811446 0.431899697021709 0.433972903088126 0.447301839564971 0.439806379693673 0.442687264615037 0.45254562166498 0.466602054749337 0.478074077872364 0.494999363035186 0.485802115842259 0.472522199276584 0.445204764884869 0.415159131982865 0.462213786157255 0.531680568542541 0.606563132466908 0.670707108527848 0.614308968208008 0.671175235293673 0.703197505932703 0.755825939910095 0.744639722491536 0.71553820766403 0.735237925035348 0.759848014986731 0.739815998982484 -9999 -9999 -9999
0.723888789063173 0.730780653827192 0.720632301205175 0.737227989582683 0.74679758661835 0.699794039709391 0.666274187431706 0.63503489844277 0.579950121627541 0.54360396120294 0.508319562486445 0.551772594553543 0.522392091051199 0.499023444470014 0.516032024967104 0.479614875084687 0.499352149782058 0.455425715979616 0.427211328284711 0.424155223271127 0.405157277866995 0.357571993496163 0.441660268006391 0.524618835537217 0.551970240309297 0.505165846239128 0.520506506351256 0.516262505144178 0.490336423333708 0.453986126509037 0.443722570475922 0.410787537364842 0.407773396034999 0.399984477335399 0.397941859532389 0.422356176947121 0.44100728983594 0.448647471896385 0.479638288930589 0.481480969444431 0.492438088874097 0.483349559290263 0.439065050001918 0.444862204725445 0.481532232956983 0.528579577910156 0.605503181162643 0.629441543482502 0.663307777832578 0.679175350103939 0.701606834705363 0.692021474484815 0.662382896909939 0.682441317263902 0.731232175113706 0.750977008686999 -9999 -9999 -9999
0.723078315399847 0.729011582152244 0.714168407200864 0.698175510665111 0.717349839645634 0.706744209608854 0.661771091021589 0.610987998610371 0.552989301582548 0.456630479510094 0.468533263667918 0.493243375710375 0.477383289225789 0.469983852831981 0.492600079221683 0.459951347963604 0.508427629204628 0.432938727178184 0.418986320975421 0.419242134084108 0.349605478923337 0.384407754959648 0.442365983730214 0.503991936031774 0.509479093853627 0.482034273006195 0.51466451037082 0.471380938839222 0.456004695121629 0.41863411857733 0.408176449901853 0.409617285774445 0.399403708755386 0.384906246665861 0.374109942210965 0.388574692622526 0.389365226606137 0.400626265692514 0.445738683994657 0.455930368267554 0.462693151103579 0.470419364511257 0.436574116867358 0.447651977423073 0.453573903153682 0.507107010963698 0.569339340017457 0.590778015017933 0.62335024813993 0.657439447282311 0.652462809716721 0.655613181233866 0.616453098148229 0.640337755674971 0.707100571532554 0.740819191672389 -9999 -9999 -9999
0.681633359936895 0.691009004096951 0.695384609012915 0.689757151118161 0.674411921837041 0.676487787331522 0.681213732928305 0.653043220075854 0.62728322963524 0.53369313413278 0.451007489437677 0.474474547572583 0.481307189503291 0.459331496019298 0.47492958105979 0.412041433019945 0.439046229669633 0.461716961180516 0.365808245553335 0.366061162650375 0.369763285930175 0.430665117906361 0.44203290987512 0.473702400721279 0.448876217512247 0.460336039113285 0.472774342500707 0.430607955004609 0.404902159079116 0.370198527853808 0.363585731302384 0.38762448288227 0.366765349390074 0.377296586115633 0.359802677405024 0.388763476269105 0.371452120472932 0.388846054149525 0.415919788493719 0.419431753418524 0.424091015249396 0.43882820852162 0.419733455424308 0.448092642980504 0.46563841109264 0.490285733024095 0.525053300097936 0.556885515440731 0.576251364758717 0.581316434702464 0.58333074993473 0.596791680782464 0.609215264795812 0.653729340929864 0.694912574262106 0.724083638048888 -9999 -9999 -9999
