layers50/veg_krg_50/veg_3000.asc
NCOLS 128 
NROWS 165 
XLLCORNER -2985163.8955 
YLLCORNER -3022031.214 
CELLSIZE 50000 
NODATA_value -9999 
[rows 26 to 51 of 165, columns 0 to 58 of 128]
-9999 -9999 -9999 -9999 -9999 -9999 -9999 -9999 -9999 -9999 -9999 -9999 -9999 -9999 -9999 -9999 -9999 -9999 -9999 0.461916134559547 0.352657166215163 0.274990131490644 0.106088890581384 0.259318865646523 0.345061389003093 0.301068883578846 0.337913229382564 0.507097102171048 0.53399813513341 0.513414341370026 0.523147011570563 0.536654272854508 0.514600267599406 0.569076162650521 0.606504546979944 0.653342771428549 0.692517514672514 0.715265150460654 0.745863108723559 0.765959492757935 0.75895675388636 0.763755129830555 0.747746500280461 0.772095538809447 0.759681570892217 0.7441174024944 0.718070777564746 0.699440674923582 0.65732444786218 0.640121616905741 0.64436507214079 0.558587731569739 0.397907185001264 0.352853502430074 0.330638315791858 0.327321402545884 0.321232062082371 0.316482793881569 0.308370898528106
-9999 -9999 -9999 -9999 -9999 -9999 -9999 -9999 -9999 -9999 -9999 -9999 -9999 -9999 -9999 -9999 -9999 0.537373597641891 0.491093844359746 0.46717465028287 0.337133662390177 0.214049982555046 0.157418344153033 0.257385423307368 0.233429645110303 0.310016468646527 0.430380336342559 0.502303347778614 0.515980252939188 0.483839772036075 0.509710574853021 0.595958910764258 0.609258084637112 0.635495852496339 0.659960119782437 0.686794619728679 0.719908123458977 0.739806538323017 0.761657692870724 0.786064427872426 0.7887231311619 0.787825570262747 0.781029196567165 0.800051609939834 0.793025650759135 0.778944097124469 0.757793324520404 0.734070283347759 0.717628315382522 0.698700923715825 0.672569018320365 0.620620827769678 0.545863878066426 0.358955001108958 0.320425105695115 0.339093869029424 0.313317964029162 0.311069595446258 0.307553249291986
-9999 -9999 -9999 -9999 -9999 -9999 -9999 -9999 -9999 -9999 -9999 -9999 -9999 -9999 -9999 -9999 -9999 0.537184705245097 0.521665850932105 0.415834688545043 0.316476932570988 0.156005078081795 0.198206592607776 0.304053473760325 0.317923297650368 0.432320732953678 0.46707351894264 0.48795758438992 0.616348954721208 0.633697620680685 0.653497590940243 0.669532041437232 0.671510072819868 0.679768653768594 0.702115981482504 0.725751958805509 0.746076061798457 0.760560559997873 0.792705773413086 0.81790999640229 0.826229866949948 0.824958234980393 0.819542258129795 0.822816995378409 0.819328136412258 0.821716694549892 0.808174379342157 0.7806458340262 0.770355852378923 0.754005299112692 0.710930685956915 0.649696122727535 0.610542016959195 0.549823953688451 0.309903251526499 0.312212746013732 0.303791856955331 0.30377038781527 0.304502572208272
-9999 -9999 -9999 -9999 -9999 -9999 -9999 -9999 -9999 -9999 -9999 -9999 -9999 -9999 -9999 -9999 0.570622179407529 0.58444182434188 0.519498466785305 0.375590876897034 0.330533203984456 0.257073479905125 0.301552349881009 0.349239978290153 0.42128743623591 0.459892529056713 0.487290430266757 0.60554945169299 0.65288303437138 0.661640147992264 0.690017270998563 0.715625850797558 0.72062451115886 0.721697826797223 0.741498939305476 0.772515520653791 0.78467003791601 0.800778702682177 0.823906250613988 0.83931148893333 0.851771766444636 0.851685187075979 0.854421572995286 0.850299150491395 0.858400912886857 0.857460476716443 0.839008920082381 0.811098506824612 0.795830288553324 0.762811598156588 0.736469170971468 0.678440225020043 0.688177706482135 0.697399083541042 0.660850675926019 0.600642707194943 0.606564375357483 0.615193176168347 0.622689958320501
-9999 -9999 -9999 -9999 -9999 -9999 -9999 -9999 -9999 -9999 -9999 -9999 -9999 -9999 -9999 -9999 -9999 0.578850117539663 0.472029354453021 0.347406831169467 0.278492195916028 0.357543913736431 0.386036094921872 0.47381039995196 0.535430111182104 0.541445592272033 0.568070694139379 0.678386509396952 0.696252910978546 0.706698167038435 0.719809208685919 0.762660415217304 0.772065516861541 0.77723230164635 0.786998419928248 0.806673878385862 0.81902546719372 0.838067110228712 0.855505856109811 0.862765549449409 0.871654875920698 0.879760508104845 0.879482965840901 0.879537036591711 0.889788393594151 0.879209628930304 0.855243906959459 0.826039103556833 0.802086225668732 0.768324676670578 0.742019595444052 0.721799561139721 0.708305489693783 0.698053513741966 0.686626354279416 0.649951574264336 0.637570246408844 0.649231647239922 0.655093710994742
-9999 -9999 -9999 -9999 -9999 -9999 -9999 -9999 -9999 -9999 -9999 -9999 -9999 -9999 -9999 0.586819074847804 0.569770309545051 0.531767408874784 0.364338314492154 0.248528072048952 0.319277059724 0.494713717010116 0.514096160142161 0.565904839760733 0.606677044357782 0.647756389352876 0.718318569612089 0.748373791363714 0.761579027342156 0.747554147609281 0.772458749905864 0.815976037792729 0.825606719031248 0.828468586225241 0.833916465932135 0.841785731414471 0.850886986685604 0.865991993667464 0.883297816373907 0.891356299307583 0.892850515120328 0.897869796926181 0.893910515507762 0.901949586120179 0.908963650442654 0.888864517291262 0.855114647366333 0.831117383166939 0.810979275581871 0.779966634946664 0.758419815719401 0.744734019532657 0.734207102172951 0.726043433094915 0.721158440962069 0.71318343494656 0.675554525465512 0.667053198344385 0.677527588231353
-9999 -9999 -9999 -9999 -9999 -9999 -9999 -9999 -9999 -9999 -9999 -9999 -9999 -9999 0.576966860080261 0.574685724835379 0.539847967293665 0.421237305131481 0.264339200312649 0.309661049460739 0.470185329134227 0.578579134843449 0.597568456967219 0.649733361132382 0.703306394225846 0.741659540480531 0.773516849360973 0.791030717155919 0.810546131488017 0.824121879634753 0.847499135435847 0.869166303703371 0.873787237746502 0.879143465968116 0.884029546964337 0.887087881828743 0.886726966825785 0.88492501234547 0.903092668944819 0.90411645620732 0.907688954084936 0.906454030487199 0.903093711638956 0.908137382630039 0.905236975981302 0.88700510364065 0.858771934239321 0.835537300257746 0.822587876133265 0.796188909788974 0.775804183196205 0.76399736417254 0.756384994943369 0.751443158965234 0.749030087237143 0.751546268147172 0.745147964533992 0.735211911050953 0.729953689482077
-9999 -9999 -9999 -9999 -9999 -9999 -9999 -9999 -9999 -9999 -9999 -9999 -9999 0.58352247841105 0.577520203855155 0.562268725537405 0.426404694238064 0.260945344682343 0.197512635672201 0.433352298431588 0.592680406057183 0.653135050971956 0.693532031303218 0.741697053071283 0.761908663119456 0.781117842560039 0.807795703952369 0.83793645567514 0.848232447763262 0.872458190116652 0.901897421567879 0.926490893340911 0.929776426088643 0.924998569700979 0.92219011912711 0.917500962630492 0.920345584129392 0.92171939645435 0.909205102334073 0.904327369131795 0.908833254146912 0.900251031899549 0.895996089073254 0.901341875358759 0.89530474065027 0.876998522185686 0.856400628779028 0.837543236049546 0.823659527977464 0.803500538059899 0.786822940351687 0.779429313502876 0.776528397056451 0.774448109087341 0.779223172161074 0.778972201863315 0.782807433574613 0.785311773974321 0.786265929093815
-9999 -9999 -9999 -9999 -9999 -9999 -9999 -9999 -9999 -9999 -9999 -9999 -9999 0.610122841306171 0.609154625830937 0.60187676427209 0.397619511642916 0.207993898138629 0.161642751949409 0.391161857985368 0.620369070609424 0.743390209226463 0.766658136617804 0.773490662326549 0.792518938349596 0.815642987197825 0.837549681983934 0.854851200449638 0.875747123433204 0.888224605979266 0.914620535898233 0.949506445085329 0.959787829343222 0.955223834276685 0.945257838766026 0.940673708356786 0.938202538864416 0.936594579124266 0.920358792445276 0.910929191388387 0.909144510858201 0.896744599532438 0.890805170509694 0.88843852787072 0.879879947271565 0.861421170095561 0.84812844251962 0.833801954770784 0.817847040284284 0.801689211369722 0.789832553221557 0.788991643515149 0.788619772313926 0.791833174556563 0.800079563974832 0.804708543126492 0.809640950518691 0.813502852502141 0.818603496195747
-9999 -9999 -9999 -9999 -9999 -9999 -9999 -9999 -9999 -9999 -9999 -9999 -9999 0.627377345005459 0.63305813836754 0.60401587211497 0.304866619584427 0.187204599841262 0.240123426220567 0.512473337739761 0.654226935229932 0.747425114318027 0.787985056181872 0.808923966293743 0.814139724571658 0.828102742114614 0.851734566067298 0.872723054157268 0.895989868025356 0.914721607226556 0.929954696480887 0.945097709034658 0.96305073798149 0.964764569412906 0.957964328521262 0.951936436158361 0.949424370733038 0.938672277776711 0.922762385119935 0.913903572983538 0.906696933125255 0.90110484268815 0.889711873391855 0.878613729885753 0.859618666359001 0.842194556305711 0.833985688046546 0.826126984121435 0.807524068712814 0.791233261787502 0.79058997831966 0.792540993036951 0.798851780759575 0.809038092967898 0.818156800719027 0.825368803173276 0.832951778280769 0.83961287929872 0.843826303397752
-9999 -9999 -9999 -9999 -9999 -9999 -9999 -9999 -9999 -9999 -9999 -9999 -9999 0.647941219323062 0.65808451081955 0.645783648106546 0.263820260866621 0.20403164398635 0.370262619774568 0.651582039165102 0.70295779079357 0.732710567590638 0.790652033596816 0.818023650292486 0.831193744652513 0.839699767331953 0.856939158584645 0.874681770185227 0.896534255953968 0.919781290813471 0.936342697879824 0.941917998015373 0.950752704636399 0.957204366253774 0.959192139938002 0.957470774170712 0.945969855798765 0.926752356425578 0.917853889603502 0.910957169386895 0.904020217540542 0.893837333369234 0.885092637284387 0.867985077324608 0.841312827355359 0.81957021074993 0.808401153193751 0.799510420940923 0.787727005312713 0.785307086876698 0.78051667357499 0.786618494042922 0.798156833557461 0.81113797211794 0.827725544251921 0.844724707814267 0.857093017755082 0.863783688968703 0.86385261941333
-9999 -9999 -9999 -9999 -9999 -9999 -9999 -9999 -9999 -9999 -9999 -9999 -9999 0.657513957435907 0.680079449448776 0.68006401668254 0.273715870834751 0.241855971904807 0.370245120123257 0.641017292667033 0.720467254464229 0.751201722530925 0.802624225029911 0.821718569819812 0.836733410969255 0.850824071866478 0.861102624300437 0.875565872561763 0.88869592179965 0.909674959066101 0.926248514098979 0.937870414687685 0.947686898579383 0.949287620181759 0.950128825745678 0.950544774904384 0.932772368808046 0.91773848151432 0.909363961019261 0.900142195087212 0.89095038081171 0.87747315859645 0.86319031219203 0.832028552618855 0.819464837021989 0.797945610334582 0.779249907791415 0.766255950553176 0.760270514293823 0.758076972341665 0.760363476532066 0.768362497563016 0.787593552611073 0.810538089557121 0.838521124555798 0.864814797510303 0.880109745603609 0.884463979283044 0.883122260293461
-9999 -9999 -9999 -9999 -9999 -9999 -9999 -9999 -9999 -9999 -9999 -9999 -9999 0.656336373896954 0.696089818540718 0.710148376698679 0.535226283931495 0.306767207963331 0.373847213066731 0.650326848077882 0.718410427813288 0.745556074889023 0.792499724033627 0.814710443988904 0.833654565437012 0.848415840255103 0.861672606236677 0.875351674275665 0.884956743418906 0.90037354206686 0.909151042640425 0.927273365326049 0.940165131118722 0.945067610514888 0.941296473633362 0.93105761469717 0.915340771520076 0.906761524111449 0.899915794423458 0.892869174032336 0.877472758205077 0.851434086599786 0.83171525919641 0.809938808436564 0.785431386216491 0.773515411817795 0.75619294362022 0.744069118091708 0.74318630452744 0.72853504151783 0.733143415051758 0.741628992852764 0.764145961234475 0.802312272983916 0.84646976715941 0.881959663172227 0.901995306499891 0.90727390432078 0.906112009956462
-9999 -9999 -9999 -9999 -9999 -9999 -9999 -9999 -9999 -9999 -9999 -9999 -9999 0.681587333748447 0.695195571089601 0.696292565831817 0.516039149973383 0.30233888138366 0.41463040808209 0.680799313367512 0.720334296754313 0.723929151612712 0.760668739541099 0.774558166619923 0.792862166361501 0.810054594093438 0.829119478178763 0.844811946873391 0.858929220764078 0.870798734569459 0.880921318197232 0.894254251749514 0.906373283772076 0.919983802372118 0.93368483485459 0.91631565161121 0.900823286096706 0.891855859719559 0.886682524286184 0.882432019721693 0.850238752960568 0.832315884763772 0.809301422202442 0.783825545629652 0.764458605971734 0.747625178501357 0.733511901851228 0.725640639252431 0.715900395677818 0.702843827154628 0.70243696969697 0.706125353562215 0.728968126097116 0.779560416110901 0.842374365134084 0.897392342198854 0.92382637453323 0.925864585880112 0.919630826432661
-9999 -9999 -9999 -9999 -9999 -9999 -9999 -9999 -9999 -9999 -9999 -9999 -9999 -9999 -9999 0.583727897438476 0.289292092563606 0.36321366092233 0.537277703757102 0.649114815411931 0.694251123729618 0.714419487880342 0.747549700374721 0.767604895789219 0.784359723949702 0.800418749500191 0.820199080990731 0.842389926965831 0.852556117582031 0.865770785735504 0.874263345577203 0.882392658128394 0.894476593190222 0.90152532851068 0.894492897325643 0.877895340327405 0.877481337115948 0.870964619297853 0.86002945149108 0.848942530036399 0.825568844703348 0.804695390424885 0.783003732698967 0.756431764261728 0.726154459942855 0.720051876605698 0.71115794053874 0.699677000949618 0.692760409202531 0.686510242118129 0.684183120201047 0.685442752628037 0.702534123889026 0.764318151422694 0.835560970800174 0.904556367381673 0.935085279878994 0.930138896218609 0.919165866293028
-9999 -9999 -9999 -9999 -9999 -9999 -9999 -9999 -9999 -9999 -9999 -9999 -9999 -9999 -9999 0.534116813828431 0.366179898268546 0.347668340251854 0.525384233244946 0.619245798906856 0.676204603240463 0.715070040390641 0.74068640484515 0.761589669675756 0.778027654396561 0.793602669391059 0.809309182995838 0.837022331209039 0.849339613380142 0.859480454166845 0.863664480733529 0.873085891281068 0.883307198590266 0.886635428370927 0.878183166525015 0.860828650684215 0.860594401843503 0.84270587468386 0.820786690295008 0.812502698175657 0.793888768281242 0.777286332496123 0.750362799644486 0.738808888831766 0.717723734888143 0.700674788663654 0.689628117488746 0.68251767926319 0.681492860735804 0.678015960448898 0.681173490926903 0.689314886183523 0.713453520075461 0.764667283174652 0.824524580331948 0.881191914433587 0.915285926854627 0.921448208658361 0.91290474249067
-9999 -9999 -9999 -9999 -9999 -9999 -9999 -9999 -9999 -9999 -9999 -9999 -9999 -9999 0.64988595638491 0.56128510008511 0.386509512063341 0.392557036524826 0.540342063009634 0.627344785433024 0.655862437777125 0.709391837537308 0.737612137682172 0.756399672172705 0.776421464501916 0.794025154158084 0.808332575568616 0.824521895127586 0.837190351108735 0.847584866591506 0.851200424458136 0.859600480996826 0.86777753507619 0.86754421331056 0.858417216416068 0.835225129329415 0.821942921090883 0.80081301676363 0.779619393341901 0.773302651543556 0.762738533786234 0.751214022826274 0.737806455595268 0.723620434000899 0.70153105889972 0.68124411742566 0.674139929708052 0.670221891633993 0.670800591900136 0.670869853223957 0.681518156758425 0.697457978268371 0.724530979530359 0.766915289803145 0.811955864377774 0.853205283430416 0.885086266635344 0.898114539904139 0.898729654495112
-9999 -9999 -9999 -9999 -9999 -9999 -9999 -9999 -9999 -9999 -9999 -9999 -9999 0.642259075464067 0.628959915008371 0.538665058815176 0.418518068977988 0.366092912086459 0.526914204442442 0.640843812725012 0.664883534283079 0.72507046888872 0.747079548893009 0.760480222973405 0.774584867679838 0.78846042992875 0.797671633356421 0.807042058513503 0.815788595363 0.825739929232401 0.833961393920205 0.8440634260802 0.852085745829066 0.845579964871306 0.824881244435047 0.814808767921718 0.794007453864029 0.775080515948727 0.755993814846552 0.752153355122773 0.749887122804545 0.740242783785442 0.714634896214432 0.696578516503 0.676059114380718 0.663333941031678 0.660875124804065 0.658123386810777 0.659531483095404 0.670227662116296 0.686448608541716 0.701300161211967 0.725495300038093 0.762415085229761 0.798952791291633 0.831911191406771 0.859311825710438 0.874031174252376 0.874284872932678
-9999 -9999 -9999 -9999 -9999 -9999 -9999 -9999 -9999 -9999 -9999 -9999 -9999 0.65425880511976 0.661054769361842 0.550493734395773 0.449400459055922 0.463666406226841 0.548930923576783 0.684221277725576 0.702139171278361 0.73445237346627 0.752485918570222 0.761057279510391 0.768840715876406 0.777085642196757 0.785898626261342 0.796097957821955 0.803578993158445 0.811362114160577 0.816023555994504 0.810520674070572 0.817549396628523 0.816162732603325 0.818077159006971 0.802593868787135 0.789626587511523 0.77261676953464 0.749267359527167 0.738471699851354 0.730937270023808 0.706276556013746 0.69088234293555 0.674180623790322 0.660770690489704 0.64753181246935 0.646693904297456 0.644757987230752 0.660321587922739 0.674190800336956 0.685193392793305 0.699317971999355 0.720563893834604 0.753519200814796 0.790062619826808 0.815787124199012 0.83945297334051 0.850742280504347 0.858957894432533
-9999 -9999 -9999 -9999 -9999 -9999 -9999 -9999 -9999 -9999 -9999 -9999 -9999 0.695250126545795 0.697341116992936 0.609871264655734 0.386327252944324 0.442056162703574 0.598078959862152 0.64102091955764 0.648863815822743 0.703641281297858 0.698273203153381 0.743414105974997 0.751639883018454 0.757225663229568 0.769159736124689 0.780295675341945 0.789299144537459 0.797956713277069 0.794563917868034 0.789692434891887 0.795041709305792 0.798803916550872 0.79677727985656 0.775321703993871 0.760131627875908 0.750853576984001 0.733148747908174 0.717790349320189 0.693990457384171 0.684076079500876 0.668248843682114 0.663134803148003 0.652026879145925 0.645441837979344 0.641589918080893 0.638153435707894 0.65133783457607 0.663904584381649 0.67824851599107 0.693235079774728 0.711821809234092 0.74198162872894 0.771885646642612 0.800721937788816 0.81568583042362 0.824916638944185 0.828080910305632
-9999 -9999 -9999 -9999 -9999 -9999 -9999 -9999 -9999 -9999 -9999 -9999 -9999 0.699379145305921 0.712402491834068 0.702906107586745 0.54082492849233 0.474093701130565 0.621258590581047 0.553240304390992 0.571615300557032 0.657611094551957 0.66416147626829 0.714792010780512 0.721591226085245 0.728679874686756 0.739193464919988 0.753014133569214 0.759835505767414 0.762365701506878 0.7654366610343 0.759070355995236 0.768589313305873 0.767875427041148 0.764681497248007 0.75605760414122 0.737354346485841 0.731297867431055 0.73246475998432 0.716706233310337 0.694858116612189 0.684612141023507 0.670032977992764 0.662972172980238 0.65359958120211 0.638054592543938 0.629815275105779 0.626161639884377 0.633549712312177 0.652569192979501 0.669942739864921 0.688839666719898 0.711694301640362 0.741110492500364 0.760782286818192 0.781004406238377 0.794176784588618 0.798312095656363 0.804890520997922
-9999 -9999 -9999 -9999 -9999 -9999 -9999 -9999 -9999 -9999 -9999 -9999 -9999 0.730283307767793 0.730013475503031 0.694929220161873 0.645794069193264 0.515617305805323 0.595596142295925 0.557837735251383 0.539755093757091 0.633398243713474 0.650306542338218 0.684800370326226 0.704985520601845 0.703805040044562 0.700775758646487 0.705136820870742 0.728298614066591 0.736786789154574 0.738549286499696 0.738382247345766 0.739589039930732 0.739741992263978 0.736962294181837 0.733570660584177 0.721484885949356 0.707014201890887 0.700558682440537 0.713687703550263 0.719563799482842 0.703320730446963 0.673063400935589 0.659816310701394 0.649301052344006 0.645043062031295 0.628179493495478 0.623068421463568 0.635148286624155 0.645796066797695 0.661416344013865 0.671065301908092 0.693055386099383 0.729257515325251 0.746768257167958 0.766306649537634 0.777240951315059 0.777480687918453 0.781827622945109
-9999 -9999 -9999 -9999 -9999 -9999 -9999 -9999 -9999 -9999 -9999 -9999 -9999 -9999 0.7060277896865 0.674051016727353 0.681198047583076 0.591398343915688 0.496873550985465 0.47828019706915 0.503815160947238 0.647390474527884 0.673913634645465 0.685006073592104 0.675712449055903 0.672534937556208 0.675046154153038 0.664370658727548 0.672484019086281 0.665444282319411 0.689286069307759 0.715005390696084 0.717692911135775 0.721270311872709 0.718171419911086 0.721916324313486 0.708532865970912 0.695843978623453 0.691720635958187 0.705565693241645 0.70216204100442 0.698338572526044 0.678350389994242 0.662665998346175 0.648228225573467 0.629127680370323 0.610392079267426 0.61009947762359 0.627129622347191 0.633719412683003 0.645051768740107 0.651670982375083 0.676781112444141 0.716978487855903 0.724956051236688 0.743595554979813 0.750290732212175 0.748900248861024 0.756629872318789
-9999 -9999 -9999 -9999 -9999 -9999 -9999 -9999 -9999 -9999 -9999 -9999 -9999 -9999 -9999 0.673281857892906 0.663529162254341 0.650011719876665 0.576492351335343 0.493574780541808 0.537408952660946 0.599990611247094 0.690613853803271 0.683081981395666 0.634566083774309 0.637624585006855 0.654252208131525 0.649370548191217 0.638758790319562 0.631143791809591 0.646463281144832 0.68623317954604 0.692645653567183 0.692895691596149 0.695937046924384 0.679430009962141 0.630622871048483 0.614579702233849 0.678413906928667 0.646342045362461 0.623928942921467 0.64984846927838 0.670214997368165 0.652903717968343 0.624767003945249 0.592914489092094 0.574537605237257 0.577037892039779 0.588411337983882 0.60479636895422 0.615352118036347 0.626253305210183 0.637771321713363 0.650599054971841 0.673279233902091 0.729425907641469 0.721827434283445 0.73360701558153 0.73346268237646
-9999 -9999 -9999 -9999 -9999 -9999 -9999 -9999 -9999 -9999 -9999 -9999 -9999 -9999 -9999 -9999 -9999 0.672950199524201 0.600014039334968 0.502955293100531 0.538616885990135 0.535675368658885 0.606497527237861 0.650153226934574 0.630090291827794 0.618246752809767 0.629079156160107 0.624652993275071 0.616673742334086 0.627690639632851 0.641095606248348 0.63114242407963 0.617367944782495 0.619853482385188 0.622291836103373 0.615944027990356 0.61755287799412 0.669826938731872 0.681540182976609 0.660354893285735 0.627578243223667 0.627985169662983 0.620606045740875 0.608610740618824 0.59711281849865 0.58131399535191 0.572920670865744 0.574506908793513 0.579239547524006 0.59210109506897 0.599157866056435 0.606703137832319 0.615747422824944 0.626541305548421 0.639541997460439 0.663703342244576 0.696153238990278 0.704617304828053 0.692624018283075
-9999 -9999 -9999 -9999 -9999 -9999 -9999 -9999 -9999 -9999 -9999 -9999 -9999 -9999 -9999 -9999 -9999 -9999 0.627999728288754 0.501404905581384 0.485848613300017 0.518553653391837 0.478915726051498 0.568758149468156 0.593520212130766 0.587647918680089 0.591723458022953 0.596763311374114 0.60914775070035 0.621798099153723 0.616406648521028 0.607891030127134 0.609146762086979 0.61202095818223 0.619724846087794 0.632287570600094 0.654159830695495 0.684999731000574 0.68821407271634 0.664254226957341 0.630517458183803 0.605690141378488 0.6083055953527 0.616951997613353 0.603075854901112 0.587367829798133 0.577282021523662 0.57436109941461 0.562690545384698 0.573010166332988 0.582297005870279 0.586265391209175 0.592728682599581 0.603806635267901 0.612520966411527 0.624255660384494 0.645465522745961 0.670183792271087 0.680553673743813
