layers50/veg_krg_50/veg_3100.asc
NCOLS 128 
NROWS 165 
XLLCORNER -2985163.8955 
YLLCORNER -3022031.214 
CELLSIZE 50000 
NODATA_value -9999 
[rows 26 to 51 of 165, columns 0 to 58 of 128]
-9999 -9999 -9999 -9999 -9999 -9999 -9999 -9999 -9999 -9999 -9999 -9999 -9999 -9999 -9999 -9999 -9999 -9999 -9999 0.472645760327282 0.374506318025258 0.307205910457402 0.13882961187402 0.280954392922925 0.354014025609291 0.308757156381514 0.331181330772969 0.492223905085117 0.52528219372999 0.528730286544033 0.515388013313126 0.530037772344735 0.530487493707642 0.591090492960834 0.621937342951848 0.655267583232559 0.693023313258223 0.727153979619206 0.767822979957171 0.778223751895075 0.764807004047837 0.759365521392544 0.735712300413701 0.755402731265784 0.748750105824387 0.732595606289135 0.70654882608651 0.674909223180286 0.651564346249784 0.644629612222467 0.629487100910807 0.473811992701794 0.355323034124469 0.330471588954449 0.326008418169268 0.325048408523877 0.316920275676558 0.308346661445623 0.301233273373956
-9999 -9999 -9999 -9999 -9999 -9999 -9999 -9999 -9999 -9999 -9999 -9999 -9999 -9999 -9999 -9999 -9999 0.541978450378573 0.500450278470922 0.479296989385969 0.35643455250352 0.239807959087339 0.183231026491221 0.275574547817537 0.240288015576398 0.315786446808734 0.425509363994698 0.485908734004809 0.502873816065934 0.482071190550203 0.501960183798551 0.587444074096832 0.617761014406529 0.64654614137706 0.668347894278104 0.689769599848541 0.722164737070683 0.747125555631984 0.774331261392187 0.790789724637178 0.779082654069721 0.780638533766209 0.77790646256841 0.786774206937475 0.78113693088412 0.764798168438193 0.744672755087892 0.723275719324405 0.70280852012029 0.678946616745139 0.646696819171796 0.584286868824763 0.524009071968112 0.337245945011903 0.315956702122922 0.334492523203323 0.309185352380492 0.302515995111341 0.299262877550972
-9999 -9999 -9999 -9999 -9999 -9999 -9999 -9999 -9999 -9999 -9999 -9999 -9999 -9999 -9999 -9999 -9999 0.541357695761332 0.524164723252066 0.426694443375357 0.331251979563601 0.178272352668226 0.229999148489154 0.309717466704575 0.314240323781517 0.428663920539978 0.457302154961404 0.499359779687092 0.521944742010981 0.622346338992417 0.647067666281553 0.66102608479585 0.670684561416724 0.68574449703182 0.706000628842738 0.729863886157863 0.747050204796817 0.765376852806524 0.796603372502352 0.82381501529609 0.824891553459425 0.81784327770899 0.817152402566221 0.806496529223219 0.806342126907111 0.806241218807957 0.798100777444454 0.774607252398036 0.773025001895967 0.751997742270675 0.667883686505717 0.620198613773965 0.59700125583319 0.54988702031582 0.30675258127497 0.30898781849749 0.301827522300819 0.295840881168576 0.292453924566319
-9999 -9999 -9999 -9999 -9999 -9999 -9999 -9999 -9999 -9999 -9999 -9999 -9999 -9999 -9999 -9999 0.581353056655597 0.586316629516682 0.517215609192116 0.381600495736388 0.341842252595037 0.269365900265515 0.313212875326928 0.358617504392655 0.417940421471627 0.454491233969382 0.472254028498158 0.583674121801312 0.655070557796858 0.659147594420724 0.683485554484985 0.706245077925039 0.71870866906945 0.725374001005036 0.745726384177798 0.77695198681896 0.78809279766774 0.802311120550239 0.821146791962773 0.844352160557959 0.851644821001062 0.855600382830091 0.855304124516533 0.838495210699866 0.846443215980675 0.842875441606542 0.829698591839472 0.809956899542142 0.799993035467095 0.756225918647356 0.700433013889255 0.669301963493602 0.636565552186491 0.625384245224538 0.660162069818032 0.59430239154727 0.60049132284524 0.607981678352264 0.614339700964989
-9999 -9999 -9999 -9999 -9999 -9999 -9999 -9999 -9999 -9999 -9999 -9999 -9999 -9999 -9999 -9999 -9999 0.577764403631761 0.476442738605137 0.356541851585094 0.291148666272791 0.370056730715267 0.394368352954867 0.473397946601685 0.536251141661253 0.539735049273882 0.559683221168408 0.667643529674908 0.699071270193578 0.707800405161867 0.71833726616858 0.757972199990499 0.768960342494909 0.779027635251874 0.791212623355261 0.810825223597169 0.822671106795011 0.84018961707536 0.856723471068206 0.865127159205543 0.876546620526167 0.882880396239955 0.880367787687611 0.869027988431887 0.880097797081109 0.868658493958738 0.848262238345107 0.823507357700672 0.796105998659641 0.763819936027876 0.73758776021482 0.714206954112384 0.706350632649967 0.698545103095032 0.702031217805327 0.645728256639224 0.631057285588376 0.641219647735166 0.646769391912621
-9999 -9999 -9999 -9999 -9999 -9999 -9999 -9999 -9999 -9999 -9999 -9999 -9999 -9999 -9999 0.600316651923822 0.580154834955963 0.5313110470498 0.3710490050175 0.259849288631789 0.328637162229769 0.498997699415405 0.51926521979777 0.554771001911006 0.600764369018814 0.642717363275087 0.715483392483483 0.738302451668903 0.752884611346595 0.75019592743299 0.775429598266904 0.811655980147306 0.822678730631035 0.8312450933234 0.838777668516487 0.846300353681832 0.852780377248148 0.867371683756203 0.883510948352829 0.894198117561281 0.899593938432194 0.898735152780778 0.892448284988058 0.89417378193081 0.901194043231266 0.880679184563721 0.847938776045382 0.827743924157218 0.802595518916591 0.77322029911524 0.753821538421666 0.73880384682671 0.730972051024168 0.723728652349306 0.71942349062194 0.705196129874201 0.681336198790407 0.669753912356179 0.668530071117132
-9999 -9999 -9999 -9999 -9999 -9999 -9999 -9999 -9999 -9999 -9999 -9999 -9999 -9999 0.594673059472556 0.587702737053157 0.55446312931547 0.423877985658024 0.275880688853689 0.31620648441363 0.469972005675765 0.568778924607916 0.599744538163483 0.639000685479656 0.697376069612002 0.735446457740655 0.767739723013254 0.783010968408278 0.804186445619333 0.824286167433263 0.848198751169107 0.868381297133937 0.873542374654496 0.874481105845058 0.890621589114388 0.890774361561362 0.886289861562711 0.885945505969108 0.902673702440543 0.908637938760895 0.91217733343344 0.908791209072052 0.902421586214445 0.899943620727578 0.897890040951807 0.880722055742371 0.856674353825354 0.834831218378156 0.813963466127575 0.786670644337161 0.770383238098499 0.758587868911592 0.750279033340571 0.747719335802634 0.745210495748036 0.744140759170963 0.747232323620466 0.734600470098418 0.724348463290207
-9999 -9999 -9999 -9999 -9999 -9999 -9999 -9999 -9999 -9999 -9999 -9999 -9999 0.590452343850044 0.579495471466029 0.576333643951201 0.439480632856328 0.270758785653363 0.221435937163126 0.436495785430858 0.579555579185576 0.637627208253313 0.688444743000045 0.732927069712352 0.756480596064238 0.776798950498114 0.804541254782132 0.835068636262094 0.848133412125237 0.872304320144731 0.903331384254888 0.928685125536113 0.931642822584584 0.927844372293044 0.928754085931429 0.921453402483362 0.918882882015036 0.917791562150265 0.91220226362018 0.909169114760222 0.913422281076547 0.903324263130619 0.902234497528164 0.895394791388005 0.886583613196839 0.873731079636109 0.859531014729307 0.835686396963102 0.81341889114774 0.792250464978834 0.781307590361426 0.772352824745654 0.766181597485917 0.767217538528684 0.765943258723804 0.77153055486462 0.779890268881517 0.783306215998469 0.782221830900097
-9999 -9999 -9999 -9999 -9999 -9999 -9999 -9999 -9999 -9999 -9999 -9999 -9999 0.626117392736041 0.630466476229227 0.617638349497929 0.402125096945151 0.218898324051351 0.176337395474562 0.401246124986913 0.62078180505669 0.750052860936631 0.750843031991555 0.759430522509027 0.785542250891861 0.814192774464881 0.837731291015347 0.855012769062032 0.877286335751321 0.89406306257448 0.919432402247019 0.95406368049672 0.964577454004118 0.959429603513353 0.950507497232448 0.943383386763613 0.936797994750134 0.931501863084774 0.92216048863607 0.914709118647556 0.913914245936846 0.899666302637543 0.892109255331358 0.888147244369996 0.873012138660773 0.860098622350166 0.852319172177977 0.830764487271251 0.803560935237086 0.793968948246772 0.78514761828919 0.779185062607768 0.777379038007149 0.78169538123821 0.787587048026166 0.801247339257917 0.805100038893018 0.807979871771846 0.814267207090603
-9999 -9999 -9999 -9999 -9999 -9999 -9999 -9999 -9999 -9999 -9999 -9999 -9999 0.643492655742494 0.648898110285406 0.629558340980658 0.325473971364206 0.200132813557912 0.253371998844438 0.51706796547811 0.662495733576055 0.756610212149464 0.782182363738537 0.795085676450426 0.805969884296065 0.826391998592147 0.856486667747808 0.874014161722892 0.896209476364491 0.918913658205513 0.936426384073565 0.95394002638186 0.968603994852703 0.968913249468793 0.962756608291891 0.954601329161731 0.947279727283086 0.934494626665993 0.923011847499654 0.914680897307687 0.907776699406395 0.90198744129135 0.894589487039841 0.875163812360841 0.859611062265954 0.849340105591242 0.835727747754202 0.821554401565483 0.798373352592929 0.787962177318662 0.783148925360755 0.782110872440313 0.786633199726056 0.79550213488254 0.808517214532979 0.818638358022972 0.828322295436341 0.834538337957967 0.843337285801318
-9999 -9999 -9999 -9999 -9999 -9999 -9999 -9999 -9999 -9999 -9999 -9999 -9999 0.660913308859354 0.673315418947114 0.661050067056379 0.298632971229782 0.229242415933452 0.376525945268608 0.643916134907243 0.690892088375389 0.734517976591018 0.787548079946691 0.810365540555495 0.828557044680386 0.840335669351728 0.861820568972289 0.876467405409229 0.897634581246586 0.921289690846743 0.939667497196936 0.950625865080178 0.955451545952585 0.961225962149712 0.968005797859136 0.960786240177692 0.944442255517449 0.925516785902483 0.918838097048176 0.911912989566479 0.904001465572016 0.902735798518569 0.884505792595047 0.864474158153652 0.854457614219162 0.83112311372237 0.816547549535461 0.798246775113389 0.774683331347455 0.777262992079228 0.775321875403969 0.778434355783942 0.789815652056077 0.805686155993051 0.823744142898929 0.839038730712766 0.853599219494388 0.86271499204409 0.865905996222806
-9999 -9999 -9999 -9999 -9999 -9999 -9999 -9999 -9999 -9999 -9999 -9999 -9999 0.669129295881922 0.694830388968618 0.691882715883334 0.302378215133428 0.270579230780554 0.387014129731998 0.644264127950208 0.718922455223111 0.744562302263654 0.79729595852496 0.816519697889596 0.834801983549301 0.849933721746471 0.868232636741215 0.878839777369788 0.892619962248146 0.914249345687056 0.930981559866879 0.943400560329596 0.951188134210131 0.953534716163076 0.95647111303647 0.952850593705157 0.931501558164563 0.91919243035988 0.91233804149135 0.900796358589996 0.899265513958868 0.901304299043977 0.865846307508589 0.845316353881197 0.834346084166616 0.809705128753077 0.791181436981179 0.772602849914013 0.753934283491991 0.755900665570415 0.757076323090199 0.76494111240086 0.783246425025896 0.806161722703263 0.835149647292761 0.860097157156941 0.877197971027198 0.884208607203206 0.884729151328774
-9999 -9999 -9999 -9999 -9999 -9999 -9999 -9999 -9999 -9999 -9999 -9999 -9999 0.670034509515116 0.705043075313069 0.710478638332781 0.537791187185212 0.329065203348323 0.395474300691513 0.655440687303132 0.720763947549755 0.759770597451656 0.791890165325051 0.814978437794731 0.830043227263152 0.844084386875541 0.864163262141467 0.878257242888438 0.890289988388771 0.903888608034037 0.914783780653701 0.932258721867015 0.94329740723067 0.94852347588522 0.944189202546852 0.933922020484065 0.915403444751131 0.909126984693525 0.903205853570039 0.897984672580063 0.896089223206419 0.866283385635038 0.842128832007756 0.823156388527528 0.799668749133036 0.784080192618807 0.767096644739517 0.750509946288223 0.737664468406016 0.729152063203975 0.728193180544594 0.736810248968975 0.761367035447461 0.796119251380411 0.842485654409798 0.87722004189498 0.898892768786795 0.90704923376543 0.907440162148722
-9999 -9999 -9999 -9999 -9999 -9999 -9999 -9999 -9999 -9999 -9999 -9999 -9999 0.683485399292504 0.69793142258933 0.693086212925024 0.522471773252533 0.321199685939838 0.430513833483732 0.683750650782152 0.714502167477614 0.715956663063168 0.754805549720981 0.770575653782418 0.789449235707621 0.806284715630823 0.825606714357688 0.845005994064072 0.859908295730332 0.872043610949887 0.88566685037154 0.897119938720882 0.906152511273535 0.939498522970106 0.937564804703924 0.918002518540021 0.900173820590689 0.90054084899977 0.892295542821872 0.89959547473657 0.863985935413378 0.841290318901169 0.821130513634024 0.796359874679296 0.773774113674805 0.752148144062205 0.736991103293769 0.727711655580918 0.717987080452036 0.702845630107766 0.700581927293222 0.70693129454515 0.730749162048548 0.778068476796337 0.841891389296384 0.894550239103268 0.922713544286069 0.924660027901279 0.917846987231325
-9999 -9999 -9999 -9999 -9999 -9999 -9999 -9999 -9999 -9999 -9999 -9999 -9999 -9999 -9999 0.579047186031978 0.308215376062782 0.37524541733028 0.541615401053967 0.647740312438979 0.689952282746446 0.710533065390027 0.74554294056066 0.764069573826549 0.78199677221948 0.79790674762533 0.815240738055643 0.840264448787548 0.850557065616312 0.861270794835248 0.869450355302331 0.878873099160979 0.895091261533326 0.901411155913481 0.903467072713687 0.889563563107182 0.873766691962985 0.872931149528403 0.875985436904842 0.865939687020672 0.849878196170086 0.820253833936452 0.801135582411762 0.760795061952854 0.736219622072593 0.722180168340386 0.714325904328268 0.702257096106598 0.694215251455793 0.687820074047439 0.683866556355664 0.686274321914784 0.704736629090843 0.764370858404728 0.834671421896452 0.902087267079231 0.933773623593305 0.930823223984587 0.922486194965369
-9999 -9999 -9999 -9999 -9999 -9999 -9999 -9999 -9999 -9999 -9999 -9999 -9999 -9999 -9999 0.538893849743419 0.372231881630587 0.351243416206017 0.527257689163756 0.616979141444047 0.670999176444853 0.71350608463475 0.73582911304426 0.756300176284001 0.773881769523955 0.790020213532708 0.807869563365053 0.832543006023945 0.84647647738406 0.852041837593945 0.857525653496532 0.868375264476128 0.878082845548524 0.886202985758286 0.880710985331693 0.861481783402968 0.85069570434009 0.831555322441914 0.831673149115322 0.824524253741971 0.820911454774021 0.79263807886571 0.7565238454621 0.728043465905946 0.710402727421608 0.700268539526067 0.690216909365808 0.682097910674789 0.681726990909471 0.679259900685969 0.6819442868852 0.690240603608972 0.717680784246216 0.765476393982863 0.823649475822988 0.881366638202942 0.913882250841777 0.917647014659546 0.912656247637304
-9999 -9999 -9999 -9999 -9999 -9999 -9999 -9999 -9999 -9999 -9999 -9999 -9999 -9999 0.656180858174205 0.568275189320266 0.39104784772069 0.3961124615896 0.540837261602639 0.624075698507814 0.653647795559459 0.707447073467858 0.734727314822415 0.753703865809217 0.773467544407186 0.790052992237514 0.805114179532835 0.81915825713566 0.836755079260532 0.845936023021128 0.848631811982771 0.85545667404255 0.862977405139393 0.865729331781277 0.858323042284362 0.83076305763319 0.816184612292655 0.805049903298545 0.789728748496857 0.775770908603754 0.776671113399802 0.761136868137027 0.73542342331651 0.707066560357309 0.695120795767098 0.676725180883139 0.669226157194211 0.664773956886785 0.666273521843202 0.669771117637977 0.6812717231851 0.696437965380142 0.724787446102687 0.763805346486175 0.806983951413446 0.850522533142235 0.880175690126199 0.891532480449774 0.895561613087977
-9999 -9999 -9999 -9999 -9999 -9999 -9999 -9999 -9999 -9999 -9999 -9999 -9999 0.648434213275796 0.636112119500549 0.545495029394848 0.425844514649449 0.369917899375933 0.527809768957124 0.641003517404881 0.664813364353861 0.724360228562394 0.749331012084313 0.761382585631643 0.772084782166058 0.782860952427795 0.794742012138537 0.805269037443596 0.813548890589228 0.82131240952193 0.828454325531271 0.837945283391089 0.83773032094201 0.841940733577356 0.836326024374214 0.806397609066979 0.793504709491806 0.77995167831367 0.759708092292549 0.754774428013776 0.74994663521245 0.73817687942717 0.713903013843116 0.678832581615759 0.669637941264267 0.659482074143852 0.655534322032234 0.648531998270638 0.653915768693176 0.663233844278503 0.683669386941086 0.70055609372088 0.725545116529943 0.755472477070988 0.788660815738997 0.824659452862248 0.851475240217061 0.866004399760335 0.860805099322452
-9999 -9999 -9999 -9999 -9999 -9999 -9999 -9999 -9999 -9999 -9999 -9999 -9999 0.661563794287872 0.668943201877072 0.559696065596061 0.460611571434198 0.473327880691912 0.555460345169741 0.683709689690437 0.701600194942801 0.732602604310547 0.748070885414446 0.760624572155485 0.766888226469824 0.773546038730595 0.78117331888241 0.789995450233155 0.798680270702353 0.805642098261185 0.808283863448849 0.802078587993547 0.81344410908818 0.811905872112137 0.811098303306445 0.785782372768983 0.769998235701791 0.757856256230022 0.747832156303995 0.735383305411029 0.723145024110981 0.711393125401039 0.690144639079813 0.665658937323204 0.652302543298314 0.64519550069017 0.640343006419681 0.635041808295663 0.649651763553881 0.665418482016827 0.677859101823095 0.692121194572463 0.718801500202657 0.746140033969917 0.77440733040242 0.801721968796896 0.8232465396833 0.830637498538232 0.843900227304087
-9999 -9999 -9999 -9999 -9999 -9999 -9999 -9999 -9999 -9999 -9999 -9999 -9999 0.714192332936462 0.706757938596807 0.616277869828052 0.388316337413441 0.451098265864988 0.600999247177203 0.641047965971087 0.646716504317308 0.698976554707199 0.695873087258094 0.74111218678713 0.751662728517625 0.75557347554399 0.765124477924184 0.775267290186091 0.782639255442755 0.789499457945287 0.787090158266303 0.782782616897154 0.785916896773964 0.789580752278688 0.796924689369593 0.778627426700522 0.754203026900615 0.736749070606036 0.714291350251066 0.695620219557902 0.689891581995289 0.677995497739312 0.665593918923236 0.65650716966808 0.640202148534981 0.625657474963762 0.623292033102215 0.631695493099455 0.639422381665678 0.653341516313949 0.66814176252383 0.684874083565837 0.70230936567697 0.717213968312568 0.74798954212519 0.784517852619475 0.797727599863285 0.807689136868516 0.814756281408977
-9999 -9999 -9999 -9999 -9999 -9999 -9999 -9999 -9999 -9999 -9999 -9999 -9999 0.734896588932032 0.727917153574992 0.711629685949103 0.544817679274026 0.480221067798255 0.630412814709785 0.556715422722082 0.573715583582426 0.656844073115538 0.660856518809476 0.708676175076529 0.722530770686326 0.735737219909796 0.74591652726738 0.751881220789309 0.754415434069796 0.756342410821268 0.764629482134391 0.763532521512258 0.769141721509227 0.764733300768945 0.761725201921915 0.74807885137223 0.729015877632482 0.721888785511937 0.707220777284486 0.705199687313828 0.688772510323959 0.675790495473227 0.658446693380534 0.644514213992555 0.638101319132133 0.627548663327549 0.620835199173591 0.62112746690387 0.629387067736726 0.641029683133724 0.656572143863732 0.675786868088717 0.686892975122926 0.713099178091218 0.739559263184916 0.760109948292131 0.775799703495889 0.780913395716069 0.7830423604275
-9999 -9999 -9999 -9999 -9999 -9999 -9999 -9999 -9999 -9999 -9999 -9999 -9999 0.73942896952206 0.741380284102368 0.739139021019312 0.656668048253477 0.518113576634058 0.601927218980476 0.562187267657391 0.545491334833098 0.637344504863969 0.654050625249754 0.68537833955913 0.701979999973812 0.704028029129369 0.706787031378856 0.722661449443111 0.727631597239128 0.732490166450168 0.739154707295451 0.742224705117883 0.736372591520287 0.737193548836188 0.735189656672189 0.727556228003896 0.714987708308237 0.69892516550558 0.695177008947872 0.724738945254591 0.717219958967479 0.698179654704794 0.68143775220865 0.653058643157289 0.651488123737112 0.649220701570616 0.641746693628581 0.629477238728683 0.632598560068301 0.647779797989013 0.655490453228159 0.670666177871687 0.681824851849977 0.693209351541151 0.719969575149031 0.739547329106722 0.749070207396824 0.748246385021497 0.753934835620385
-9999 -9999 -9999 -9999 -9999 -9999 -9999 -9999 -9999 -9999 -9999 -9999 -9999 -9999 0.715472618984225 0.696174914020743 0.691394584489427 0.597185107427214 0.496520725930122 0.478367178707829 0.505221876794163 0.652451261472712 0.680429710354465 0.691116623899185 0.678309143691058 0.673239174684506 0.675090040471403 0.671060227707104 0.668311640691748 0.65970402802331 0.687627748669322 0.713094749508654 0.714989850671441 0.714042949148381 0.714523516490712 0.715561806816479 0.704253827619303 0.691222272168776 0.686184161386358 0.709708382519777 0.707059392986154 0.704186701402695 0.690250792378489 0.659986088539332 0.649974870333202 0.63116843158142 0.619804844974318 0.617512999790082 0.623232607824173 0.638376309784722 0.646624272287264 0.665030768848001 0.683081230357347 0.690348617671247 0.708984079719982 0.706370310481332 0.71805255161108 0.728419761945892 0.736085672676739
-9999 -9999 -9999 -9999 -9999 -9999 -9999 -9999 -9999 -9999 -9999 -9999 -9999 -9999 -9999 0.68299339719835 0.673944837390766 0.658834220216131 0.579373014957622 0.492145173813451 0.53833962787752 0.602007135320158 0.697040611940432 0.687889749306122 0.63770983633471 0.638975594318609 0.652808286260714 0.646211098037169 0.640056807364749 0.628289359276538 0.646802909518907 0.682238906416642 0.689749536636128 0.691930610621309 0.690694649857219 0.681405906484594 0.631733643876319 0.60993084322325 0.684470328033938 0.657426053327049 0.636777981186845 0.659566283269064 0.674075193860039 0.649420156107827 0.626358854059413 0.598664214013254 0.578634998803986 0.581251171452264 0.59082782891316 0.60845294175521 0.617567546923942 0.628987102444379 0.639886150866568 0.651053161348896 0.671015193758615 0.697270951079344 0.695726945757339 0.710389367140699 0.721429464360594
-9999 -9999 -9999 -9999 -9999 -9999 -9999 -9999 -9999 -9999 -9999 -9999 -9999 -9999 -9999 -9999 -9999 0.685141142933559 0.604926934309574 0.500490505765059 0.538067652811147 0.531416903209548 0.606352778400569 0.652208807247272 0.631111971515471 0.61954666276135 0.630084507466901 0.62323999397461 0.614994852342486 0.629336246972097 0.644812757175881 0.636953780172556 0.620681349906016 0.623365920385344 0.623239744790676 0.614449747569114 0.61572497038441 0.667022789001606 0.6948486984296 0.674744050917255 0.639042834886953 0.641500304109124 0.632851487146586 0.620669380415671 0.598554598909811 0.583662444005733 0.575872291538621 0.576196299347098 0.580132934975948 0.596835667962096 0.601208182369363 0.610096304213542 0.618177641675778 0.627295328613961 0.639882801558506 0.658827559904572 0.674226896240038 0.692239301215622 0.700759700605645
-9999 -9999 -9999 -9999 -9999 -9999 -9999 -9999 -9999 -9999 -9999 -9999 -9999 -9999 -9999 -9999 -9999 -9999 0.631857446444633 0.499868596964544 0.483499186509294 0.516940102093269 0.475101188419931 0.569531366260947 0.595594816749423 0.589457136154389 0.601164691863795 0.611823254027939 0.620694661065757 0.632216668320253 0.620489023149873 0.608637890715671 0.609576376613453 0.617026585491137 0.634511709682692 0.640506923521595 0.666662107309351 0.701194749319252 0.699097073075875 0.676444908889321 0.646574474965413 0.619312194839734 0.616135751142253 0.615601453987971 0.591206580322171 0.585590884368209 0.576457480926602 0.570372428880455 0.561608833381487 0.578013162704121 0.583862389169991 0.587342969735273 0.594236101576856 0.604110738785032 0.612130965759554 0.622208266928895 0.641239107561781 0.654058664967768 0.675340395995492
