layers50/veg_krg_50/veg_3300.asc
NCOLS 128 
NROWS 165 
XLLCORNER -2985163.8955 
YLLCORNER -3022031.214 
CELLSIZE 50000 
NODATA_value -9999 
[rows 26 to 51 of 165, columns 59 to 117 of 128]
0.295025159414114 0.269519386487675 0.263742221457545 0.249051282231071 0.234309797609395 0.225122434248213 0.6281974972362 0.676382720776562 0.693380601974857 0.678698309508612 0.719419129777737 0.749932415441336 0.768118740950245 0.807759466309248 0.848294625892236 0.876522874570947 0.885504811980569 0.908470824641893 0.917345997458154 0.910125353458406 0.911812142873197 0.915632266837374 -9999 -9999 -9999 -9999 -9999 -9999 -9999 -9999 -9999 -9999 -9999 -9999 -9999 -9999 -9999 -9999 -9999 -9999 -9999 -9999 -9999 -9999 -9999 -9999 -9999 -9999 -9999 -9999 -9999 -9999 -9999 -9999 -9999 -9999 -9999 -9999 -9999
0.293773722792723 0.281078001256621 0.278211307223612 0.264879402021016 0.450964704112454 0.527854670912254 0.687180705848248 0.709774555197037 0.714709953950592 0.703025836789043 0.711825338661003 0.702482528857397 0.745823979822501 0.784407920542082 0.832273754832291 0.86977567839412 0.874828890902324 0.889362465192982 0.888567958008036 0.896043551478221 0.897012087152255 0.91109275663262 0.907174564555814 -9999 -9999 -9999 -9999 -9999 -9999 -9999 -9999 -9999 -9999 -9999 -9999 -9999 -9999 -9999 -9999 -9999 -9999 -9999 -9999 -9999 -9999 -9999 -9999 -9999 -9999 -9999 -9999 -9999 -9999 -9999 -9999 -9999 -9999 -9999 -9999
0.305379970770037 0.573330319600715 0.595938466610062 0.589666155592977 0.631381821182135 0.652323986550884 0.744055835976699 0.758685192163136 0.723206549567955 0.717949726881863 0.727158646380401 0.732434710047572 0.730105032913529 0.74799510070633 0.818045002964584 0.857975123532909 0.870859279614745 0.878764182729593 0.894965054084242 0.904434365957037 0.90625298599091 0.907399394342004 0.908410722213422 0.908672998859747 -9999 -9999 -9999 -9999 -9999 -9999 -9999 -9999 -9999 -9999 -9999 -9999 -9999 -9999 -9999 -9999 -9999 -9999 -9999 -9999 -9999 -9999 -9999 -9999 -9999 -9999 -9999 -9999 -9999 -9999 -9999 -9999 -9999 -9999 -9999
0.607868526232496 0.611181600244649 0.636564321557268 0.668756539600202 0.680724162475452 0.6919762779409 0.751540562448523 0.751457440974729 0.721957580898573 0.724098417882316 0.737056823486112 0.73065140567626 0.733578348001298 0.752877673461359 0.798906894243164 0.843474138599189 0.866105141718072 0.885313928583176 0.900793113322984 0.907621557121277 0.906701171620895 0.909407574552841 0.923479608058494 0.939223521436084 -9999 -9999 -9999 -9999 -9999 -9999 -9999 -9999 -9999 -9999 -9999 -9999 -9999 -9999 -9999 -9999 -9999 -9999 -9999 -9999 -9999 -9999 -9999 -9999 -9999 -9999 -9999 -9999 -9999 -9999 -9999 -9999 -9999 -9999 -9999
0.643009648619074 0.661458447359899 0.692394502623593 0.704753117536348 0.707042070392505 0.741127644618369 0.771084830591385 0.760321954607283 0.745532475896004 0.743167466068539 0.707018290891689 0.713596979840376 0.709173404377806 0.738521856357272 0.780574031246257 0.833612978442202 0.858003000198198 0.869586111588973 0.885214175644069 0.899034185763642 0.918592231379084 0.927953000076834 0.935990177487087 0.949201762657542 -9999 -9999 -9999 -9999 -9999 -9999 -9999 -9999 -9999 -9999 -9999 -9999 -9999 -9999 -9999 -9999 -9999 -9999 -9999 -9999 -9999 -9999 -9999 -9999 -9999 -9999 -9999 -9999 -9999 -9999 -9999 -9999 -9999 -9999 -9999
0.687008402502602 0.71407103266769 0.732901567343684 0.735190462938671 0.737418373441267 0.762168394532165 0.738878325378149 0.736934942711631 0.733271311230826 0.719247140902499 0.690380974498904 0.707386874418146 0.667997628079341 0.668559885311221 0.741948514639487 0.802676193883404 0.839523876805841 0.868057562636528 0.874751083564705 0.896454072378949 0.926454727619648 0.935307276983418 0.955537940619638 0.963781929795272 -9999 -9999 -9999 -9999 -9999 -9999 -9999 -9999 -9999 -9999 -9999 -9999 -9999 -9999 -9999 -9999 -9999 -9999 -9999 -9999 -9999 -9999 -9999 -9999 -9999 -9999 -9999 -9999 -9999 -9999 -9999 -9999 -9999 -9999 -9999
0.73795649601964 0.750803773525587 0.757597398933633 0.760327074496238 0.772005772273189 0.76292711996707 0.753493667785099 0.740227105149987 0.729991991364773 0.685648191149843 0.707002214937877 0.657826283326665 0.626897752981427 0.680087284757619 0.722122515829441 0.719784491167048 0.786202714896512 0.845988879120013 0.853541590624825 0.896116133856079 0.936439752660231 0.942336857174774 0.966402473505971 0.96223749587324 -9999 -9999 -9999 -9999 -9999 -9999 -9999 -9999 -9999 -9999 -9999 -9999 -9999 -9999 -9999 -9999 -9999 -9999 -9999 -9999 -9999 -9999 -9999 -9999 -9999 -9999 -9999 -9999 -9999 -9999 -9999 -9999 -9999 -9999 -9999
0.771659311748921 0.779810612762919 0.786426490189144 0.791317939020259 0.786040672879037 0.811341460168921 0.811647302583228 0.801737112759993 0.774818741171044 0.787215255258893 0.707570072733961 0.676641009601414 0.712081884318492 0.706853339469802 0.681826590836264 0.690084269075794 0.795661021301701 0.809433142189985 0.874358228941573 0.910287842091391 0.942473677207315 0.964699301247031 0.967245111101149 0.958287650453513 0.941576003636203 0.922580464966087 0.912465256987101 -9999 -9999 -9999 -9999 -9999 -9999 -9999 -9999 -9999 -9999 -9999 -9999 -9999 -9999 -9999 -9999 -9999 -9999 -9999 -9999 -9999 -9999 -9999 -9999 -9999 -9999 -9999 -9999 -9999 -9999 -9999 -9999
0.812529471551987 0.81088206191491 0.81552087893887 0.812407709354844 0.814015127712222 0.83151152660527 0.844287377526574 0.851010689081316 0.840824049539046 0.841608466354287 0.72432893831373 0.766183015581962 0.696260576773761 0.692334401558697 0.623483345419422 0.741025011379939 0.807168122002342 0.813300418209146 0.892018397928644 0.934645587170061 0.963601666708436 0.974069765956232 0.96539589967752 0.951983848050096 0.935189280999455 0.919289165323794 0.91033246014396 0.885546074165914 0.870521244245941 0.849094876688209 0.825687481440812 0.795603266316263 -9999 -9999 -9999 -9999 -9999 -9999 -9999 -9999 -9999 -9999 -9999 -9999 -9999 -9999 -9999 -9999 -9999 -9999 -9999 -9999 -9999 -9999 -9999 -9999 -9999 -9999 -9999
0.844389872183494 0.843202153878389 0.837801116425125 0.833091004740231 0.834197727565166 0.840150063516679 0.843661950526768 0.846456455021185 0.851487433324325 0.878432645840283 0.840536279520062 0.822379961475936 0.783234097380137 0.778757903453366 0.759705400651756 0.803956103872341 0.82064972441094 0.886123258537426 0.912265836971868 0.945325644351291 0.965989678752113 0.969931083986166 0.959614680765811 0.948049139939785 0.933138171647174 0.923126200665319 0.895075478184288 0.878385662423993 0.853084629738414 0.831886975313589 0.813981283971158 0.789187593901004 0.75557674720569 -9999 -9999 -9999 -9999 -9999 -9999 -9999 -9999 -9999 -9999 -9999 -9999 -9999 -9999 -9999 -9999 -9999 -9999 -9999 -9999 -9999 -9999 -9999 -9999 -9999 -9999
0.866229747076618 0.864152015306582 0.855587705574486 0.844886957890191 0.846466178441571 0.850590650204572 0.861860654965893 0.870238173128309 0.889049821688145 0.865333623009046 0.856142407684704 0.85597583326949 0.862983685501221 0.850065225381108 0.839974124934396 0.820328168132355 0.824626437051347 0.869666728097476 0.901953384185879 0.939155459833147 0.960741585484625 0.962113227348872 0.953491377218378 0.944261704516721 0.934205363429253 0.909566629141763 0.869559114263228 0.852304036362682 0.841444606612485 0.815054063113852 0.793081808623675 0.772992458729236 0.738966604378411 0.712104841655043 0.693287929816788 -9999 -9999 -9999 -9999 -9999 -9999 -9999 -9999 -9999 -9999 -9999 -9999 -9999 -9999 -9999 -9999 -9999 -9999 -9999 -9999 -9999 -9999 -9999 -9999
0.885565802296068 0.880813497559444 0.868097103420245 0.859738007729124 0.873125201748125 0.873903301906841 0.884587607214918 0.876962198477752 0.849497212114256 0.83037813739137 0.781727956181817 0.781984108602568 0.824684078645341 0.833358126558063 0.809698097099218 0.796786870025912 0.795912150619235 0.842175423727996 0.878493512817352 0.919467399618185 0.9367599675957 0.94411601200871 0.942484126241328 0.937724398069761 0.914278154293958 0.861696289891202 0.839807768101818 0.834373767354523 0.823945513096987 0.794832085561912 0.783008877269417 0.733244433807422 0.715737716024068 0.695715761554097 0.675823658871344 0.67108125468537 -9999 -9999 -9999 -9999 -9999 -9999 -9999 -9999 -9999 -9999 -9999 -9999 -9999 -9999 -9999 -9999 -9999 -9999 -9999 -9999 -9999 -9999 -9999
0.904067731904198 0.892619931616595 0.880486321950941 0.878573014723795 0.873084579272271 0.852993567878674 0.85242663669699 0.862475710475057 0.857121531160873 0.830193107106755 0.783495307625957 0.786971704951672 0.806444284288977 0.796034722671243 0.785468276338258 0.786351588582323 0.792881903864827 0.818119944135301 0.83952118204276 0.882917788456018 0.905270544938521 0.904951266450864 0.910281739901575 0.913366595259404 0.885257422667823 0.839151672299444 0.831080035813741 0.825641592297716 0.812283450301633 0.783525988267802 0.759408418812868 0.674042264006838 0.678275538052074 0.683506225309531 0.65995831625399 0.653683493929222 -9999 0.617950065997749 -9999 -9999 -9999 -9999 -9999 -9999 -9999 -9999 -9999 -9999 -9999 -9999 -9999 -9999 -9999 -9999 -9999 -9999 -9999 -9999 -9999
0.909781213899998 0.893614907978198 0.883650311570114 0.872997857160666 0.861239223721161 0.850279415529573 0.842753169505968 0.841457424105391 0.848369130948064 0.827717561938673 0.760103196882119 0.823245201229449 0.798583332047948 0.788073592902301 0.784351800433177 0.779147901411398 0.782235597313716 0.775815321382958 0.851432478015997 0.868279812611692 0.872145536442773 0.874343261818891 0.884203528269421 0.896225246358772 0.900311501992326 0.854011237530453 0.83236032751057 0.827467345769666 0.799465021945574 0.775635448924948 0.736532744051882 0.655929708116436 0.656899806923708 0.663272607074351 0.652958439578412 0.639153073818504 0.611605027083319 0.588553457732658 0.57498318088784 0.581640107753624 0.599606071552109 0.62794530434097 -9999 -9999 -9999 -9999 -9999 -9999 -9999 -9999 -9999 -9999 -9999 -9999 -9999 -9999 -9999 -9999 -9999
0.906145105955341 0.897067008047154 0.879797921836297 0.866156491214339 0.853661674881573 0.841665825760952 0.836703265576712 0.833101428708999 0.830523946788085 0.82242292817984 0.824296743770531 0.799845915295494 0.757495542093527 0.74957384954354 0.767661505885135 0.785353423712331 0.793311082280426 0.784743467814786 0.814149077397053 0.828783912736639 0.83220786994003 0.839142446261217 0.855246928403075 0.864969563978134 0.864905826760593 0.850112495374209 0.837055225160659 0.800563250046735 0.732119730951126 0.776810910417009 0.659086070843887 0.653203684030798 0.651965729362068 0.66294339585931 0.656262348464129 0.625429089546367 0.58518687089538 0.552788477699625 0.552954312235132 0.575837450843856 0.599700414367041 0.621374259261001 0.626915517651592 0.65128554026824 0.697760567779798 0.747522004668761 -9999 -9999 -9999 -9999 -9999 -9999 -9999 -9999 -9999 -9999 -9999 -9999 -9999
0.896658164265911 0.892829430181556 0.874220902602786 0.85801146683029 0.84498509801412 0.834706682172327 0.82804175450229 0.827818442072799 0.831583345028544 0.798541490497986 0.769916558616027 0.752921762436748 0.705485247756048 0.729117336465675 0.760205264168451 0.773192562365993 0.764985590539445 0.768498649113452 0.769829277624902 0.7903013163571 0.7960769145981 0.809113320376503 0.823359974559577 0.85419742916051 0.855460254961164 0.847285483133412 0.830392493726021 0.781669342981882 0.726350866839614 0.726542121910755 0.655064616464325 0.67098801334482 0.66585085908794 0.66245330395174 0.645620969291327 0.618951842078187 0.574082692929853 0.558693184341601 0.552049203679239 0.57696094437975 0.594561135905059 0.599872350120404 0.585775571491701 0.640284779194747 0.693376465191076 0.745616923207329 0.782832533564985 -9999 -9999 -9999 -9999 -9999 -9999 -9999 -9999 -9999 -9999 -9999 -9999
0.881909032624406 0.880036563102829 0.866208749989516 0.850146086911991 0.837700625141501 0.823150264563073 0.823910090288367 0.829560593195033 0.820891104585415 0.785855594461833 0.73824818613095 0.721783357183805 0.698583149063588 0.703172584963407 0.725867386147225 0.733010191772643 0.736674917122468 0.724484090824976 0.719367298885761 0.745498418876717 0.748005370065216 0.759339745970236 0.773434278243488 0.840520653475708 0.847369157831739 0.816521513835678 0.800682040538267 0.746413197694026 0.70576831819203 0.708542778002076 0.673587996063677 0.642566837455786 0.643108264788077 0.638427759371268 0.625419657000184 0.599493392066255 0.568852657936845 0.558822586153504 0.560094023011806 0.573298731282475 0.58626458380602 0.594776742728127 0.528823786293111 0.561803980357123 0.688505481620567 0.720109221322974 0.765873805540963 0.808190148435161 -9999 -9999 -9999 -9999 -9999 -9999 -9999 -9999 -9999 -9999 -9999
0.860676266967936 0.859171107886258 0.849077031480353 0.834745282795825 0.824246813452681 0.813372944260669 0.819799148336723 0.80874837517904 0.783880396546975 0.790949642911072 0.729587750954884 0.665590447459489 0.6932051198687 0.708336878733139 0.691745379999597 0.68144664774512 0.707930180113206 0.693478823676422 0.690195683184405 0.716082895693701 0.702987946386241 0.70885230584665 0.75528307359646 0.80865272588594 0.848268295076804 0.832220029330205 0.801999666640595 0.740401570308812 0.667823129816853 0.675695098609612 0.638940678333582 0.5957066340341 0.614431316264922 0.61798401529199 0.597180950728583 0.573744608603902 0.562300997332906 0.564483139169182 0.566448163382408 0.566218056070947 0.576098313837029 0.530200375103902 0.502111218368005 0.53977583152586 0.669578729221882 0.680053568139312 0.742993344225773 0.767369576962885 0.819988657072707 -9999 -9999 -9999 -9999 -9999 -9999 -9999 -9999 -9999 -9999
0.842399398726508 0.837048812137678 0.830542595850879 0.819906886681349 0.81290006664209 0.811205027065947 0.816920509132592 0.810790124594428 0.799389095132711 0.789736058327735 0.763296944994905 0.674850355583377 0.697216647223434 0.707992330842354 0.645598429160584 0.624747501139345 0.651591294800664 0.661443580477681 0.651151620221567 0.670654971950371 0.658301571208653 0.684609342458539 0.732154707727326 0.783457752642509 0.812798551911846 0.824616656269261 0.767814184502649 0.75900235110887 0.689625854079533 0.632053775136604 0.594215712062933 0.611257788434707 0.59793176908467 0.603844560920515 0.572634943221245 0.538945031740884 0.551854502243951 0.558475105845949 0.562339778014539 0.566043403149129 0.567988595867267 0.544483939913379 0.509337178917833 0.598668789920819 0.634883917077912 0.637241066752832 0.689256908877389 0.758051584006799 0.804874916591266 0.829973340717633 -9999 -9999 -9999 -9999 -9999 -9999 -9999 -9999 -9999
0.821065796954688 0.818116315665705 0.816883651566134 0.80921765648667 0.801115909814488 0.792009538265066 0.809257189175453 0.777046886873414 0.776360094152791 0.768459430522795 0.720877451925488 0.671304272657536 0.687563557564911 0.708237717780867 0.664338228861826 0.635122902424651 0.633907562680227 0.638125595279512 0.60658571463439 0.613115402141759 0.634531775186333 0.639827895926846 0.582775206839494 0.705953857145009 0.770886639743786 0.745350043653198 0.756941335271626 0.696817887442962 0.682588617286584 0.60385661717701 0.600480448988336 0.579618539232472 0.566312777472313 0.571696675942828 0.543309149850257 0.53966853846719 0.528356679211526 0.522379378249208 0.531721972284039 0.539367066618697 0.550448651357924 0.537479524119973 0.529913989769057 0.578656015466992 0.566618583617582 0.619657883904002 0.679129325616183 0.749003256121461 0.777342077628564 0.802281145713096 0.814474100831027 -9999 -9999 -9999 -9999 -9999 -9999 -9999 -9999
0.790763577001299 0.798620837814185 0.793243648034552 0.787254948190259 0.778624665509488 0.767224651064358 0.749348048335004 0.725668443332768 0.699630576162026 0.70278174486267 0.727819363452785 0.676269215572759 0.663522024527341 0.659411621189138 0.603309540035579 0.578193359426218 0.603355086187912 0.624859919326263 0.574637711210728 0.594897097416559 0.604343414029556 0.627132826860965 0.612853640874783 0.603917345200098 0.703474722438455 0.693583003950321 0.692991724301292 0.649704795943134 0.659815621033673 0.586435338154616 0.545365742194095 0.522528216933321 0.501536263620708 0.496891611436316 0.483827927778607 0.48936376282926 0.493467077017155 0.497805198725257 0.518617064276606 0.513117771300855 0.525006561764761 0.503181140125381 0.467212555861705 0.529708280143761 0.540087566737628 0.581254292318072 0.679273858854137 0.741336641737758 0.763927549223931 0.779312955935682 0.793876879278104 0.803091364307317 0.797645099769337 0.793063345576324 -9999 -9999 -9999 -9999 -9999
0.754850127196902 0.758817821305896 0.766940515504044 0.755616925697102 0.756296947846488 0.730280651054372 0.712681198935756 0.660783751633452 0.60701797372528 0.621300133768215 0.685842793907917 0.658948966230174 0.621950537353685 0.6083497371803 0.593422728014257 0.562748943512556 0.578182456637783 0.609215977309827 0.584023162217904 0.59367355955393 0.586989724990726 0.582258751759711 0.594910796305707 0.614747650425714 0.660121045419501 0.652527514942362 0.635431770492889 0.617059190804255 0.611954107469869 0.541533786102003 0.498332727004398 0.460574788224694 0.440566402314244 0.446764213955705 0.44756346836428 0.455013915978072 0.448100943991218 0.46852273068331 0.494525298088839 0.478546716388224 0.495020076149094 0.497105841777967 0.431313999507921 0.488576594245014 0.530432600661248 0.58270123179586 0.652140621148449 0.714605508442678 0.710435459991935 0.7527812613471 0.76669889941435 0.782852489737522 0.774191662938494 0.769041953904963 0.772297844175126 0.774024324458062 -9999 -9999 -9999
0.726358704597889 0.719631366741393 0.731700247037875 0.727167919847379 0.723102436028201 0.722171663024638 0.662042124258189 0.547982864255961 0.489103831912116 0.493980485303286 0.561333467458937 0.536085174027631 0.579199691636029 0.576591100064136 0.553967401588686 0.542282739691879 0.585617345983392 0.586278514297642 0.57897504165021 0.589292138039128 0.55779216244257 0.543726451231422 0.561391976783972 0.644199767064405 0.641838631358854 0.605076090321062 0.594768600048209 0.61168473173037 0.570995806144416 0.492541499884558 0.490016225990584 0.474749636138195 0.471292010460108 0.454996293505299 0.452398954921166 0.454694706835878 0.458497915778497 0.467038815775406 0.477383394604685 0.470590447845034 0.460714751682742 0.441142622670553 0.42417256542224 0.465321687909838 0.527465041151557 0.594810164672214 0.648535069616348 0.615194466531986 0.662830795147707 0.693263879963203 0.739071892563739 0.73549161560476 0.709136518792816 0.734094626316479 0.765136290147001 0.792545520255116 -9999 -9999 -9999
0.69818534529205 0.705992813524782 0.699957623289629 0.701290305995961 0.701211065346928 0.676732994728717 0.611468608887822 0.470898633402455 0.335931634216233 0.343556020092455 0.409439976406486 0.433703378568113 0.531529422454246 0.533426958490003 0.581374874243268 0.571114393454293 0.601596226107512 0.575277248078206 0.562851870116048 0.567964295470184 0.552970790859809 0.512470249950868 0.577709254199954 0.625826804871973 0.63819492735619 0.593654804305103 0.601714721267916 0.593955666352368 0.555358260422125 0.50208101319685 0.48559820363772 0.452911157593666 0.434196810796111 0.415977490769319 0.410214741385517 0.418417826185243 0.425680878421894 0.428224182611527 0.453665789739678 0.451759477016525 0.455963988977866 0.457480209834828 0.429993977458852 0.441942275527603 0.475923263474508 0.521820372619606 0.59349667607927 0.620869243853781 0.653702790780862 0.671249901039631 0.693956045493386 0.68278841637854 0.636401852589348 0.694014471436235 0.746400022871218 0.780806586549442 -9999 -9999 -9999
0.693258252516576 0.695120555812965 0.678976213358788 0.673091096647255 0.682170211437865 0.674989530931314 0.629359102993797 0.526952974203033 0.454984806595265 0.34351548920128 0.464534829798455 0.42743743346479 0.486987331237048 0.533537174393737 0.560652171809233 0.551001690306425 0.598622334662401 0.554767338170411 0.551503062402503 0.555949469611181 0.4990595810258 0.523313078761315 0.565113286570493 0.606237515270884 0.606780840366154 0.574483662263552 0.602129181081039 0.54160633750503 0.513887578779289 0.460802413828947 0.428185493670449 0.433616011231309 0.412459807107495 0.394144104106328 0.377120404146156 0.378070071099328 0.368528234065593 0.376139672558741 0.412878329924165 0.414865947382597 0.419479725474548 0.431596103746459 0.398934257036954 0.410072766867336 0.417339826941996 0.47367011088803 0.54089930462209 0.563497970721142 0.606228191404353 0.648325768872386 0.643802031710424 0.637715263789333 0.623095481062332 0.662221999681867 0.726176750609479 0.768997377988111 -9999 -9999 -9999
0.655811119467597 0.652361354442787 0.641036325379693 0.634710380350896 0.654337170000694 0.648919320407347 0.618102635775632 0.606294039686682 0.594216316689191 0.526818206467526 0.476739048539255 0.527137627098325 0.535002202212098 0.534083123448208 0.544529492548623 0.509693627789308 0.537247806136865 0.566615347269616 0.484390898567587 0.489892860626503 0.489180813334677 0.535621910843444 0.542591739097799 0.568451821778277 0.542833519321834 0.552739691871863 0.545864152894636 0.482257562166066 0.444745900048843 0.384307929746589 0.369849301088595 0.400628382484272 0.378936077824796 0.377402871902243 0.350131489282173 0.367473328956124 0.340819506518288 0.349117460430837 0.376879519714773 0.378806710175204 0.387160898552653 0.400614273440915 0.370943752977175 0.405806030083296 0.425222267893321 0.455555456359524 0.4953612455435 0.535856556169406 0.569205723823592 0.576246353012207 0.57984924657062 0.603876308661268 0.628674120927882 0.673891488121928 0.708621148099874 0.731557404126307 -9999 -9999 -9999
