layers50/veg_krg_50/veg_4000.asc
NCOLS 128 
NROWS 165 
XLLCORNER -2985163.8955 
YLLCORNER -3022031.214 
CELLSIZE 50000 
NODATA_value -9999 
[rows 52 to 77 of 165, columns 59 to 117 of 128]
0.653238594503311 0.644737907747757 0.656481393831676 0.669702025775239 0.650951715801697 0.610469273114485 0.599765945269735 0.591598840662716 0.572079972484845 0.559388217280809 0.511415873102736 0.478962624980528 0.478520213296206 0.475611658079416 0.473354602666635 0.390190696229599 0.420675579317844 0.470747309168264 0.441687379241354 0.391408600195468 0.415073729380352 0.437076058622549 0.481869475695136 0.471093397622073 0.445005146477478 0.470299717814318 0.439750823674561 0.418783527696973 0.373249687952097 0.330643399728843 0.354696563873722 0.352697144874158 0.348209124751914 0.357470137934717 0.362862909465057 0.358765542498997 0.323065518767831 0.336344010107595 0.36274072326441 0.388510284777344 0.385252717870259 0.389346933304285 0.410741494400989 0.455267329039926 0.495943312782559 0.519105752921956 0.528877560275443 0.533765088321189 0.533394896841353 0.550557620363515 0.572230126227055 0.593578776125546 0.624749077361811 0.679252263413724 0.706447369948797 0.756639308351632 -9999 -9999 -9999
0.600365443869536 0.620369498568874 0.626177287494773 0.632672977662072 0.632381793667999 0.600785759569789 0.575108417475794 0.554949885872043 0.539155936788985 0.517524770551072 0.505901025622961 0.495683776694209 0.476871175688144 0.468148135350229 0.448144809991183 0.456380398940344 0.471560684927151 0.488918195484508 0.450179629741549 0.42733255037768 0.450845672822486 0.463508420901011 0.47751275757796 0.44455091513337 0.4294363781237 0.449397705793366 0.433842528053536 0.401574292392144 0.355346648905502 0.317154211956246 0.344846872709545 0.32082931765913 0.30453989303916 0.298200492745855 0.340362726330044 0.309733441428873 0.269308792346884 0.283807578847096 0.316627490652844 0.359101346356062 0.354761740266971 0.378721711139667 0.419814368277086 0.443627854383064 0.500380121693973 0.521497965531266 0.54411347284244 0.542452628095379 0.548818682907598 0.548734323363552 0.530162428444863 0.541894674144779 0.601483022341289 0.639501471463459 0.695274865145906 0.750551943228035 -9999 -9999 -9999
0.570338717498895 0.577580020438515 0.592846541598046 0.603185846258083 0.589449433810723 0.553030156844691 0.519920329074286 0.535545796345651 0.528402900724995 0.504466167553625 0.509525364135239 0.495831849804218 0.484257666656606 0.465987066240769 0.463699736872384 0.507888973732743 0.468368323390725 0.466227127919135 0.432809373578303 0.425997793373214 0.455915738349421 0.469729263040615 0.443127804548388 0.422590138263771 0.409076156650497 0.417795451512653 0.403191458259546 0.387748086708798 0.346900753485068 0.293486985101342 0.308571036308415 0.311352373909877 0.296239596754613 0.306095307247122 0.258736687728032 0.238795411406835 0.246893243469556 0.234038218642829 0.286372513599495 0.315085118750699 0.350320181123217 0.38682403617366 0.428369597714539 0.446547853248418 0.474791261552157 0.50739690916815 0.539802486070001 0.543286939380821 0.557544751583581 0.557137221913598 0.525167898918163 0.524446090214036 0.593410019297703 0.635621016171218 0.690507631993117 0.685770493711399 -9999 -9999 -9999
0.529816561184635 0.548347414663702 0.549477562625049 0.552968965377258 0.543094867699892 0.545085550333486 0.523186681319942 0.517290597173382 0.493602835803266 0.491945807254545 0.486043022533916 0.467991770259969 0.472721509430504 0.465523207399769 0.470430899167009 0.481191401595597 0.45007404242355 0.445686920571521 0.42248431305313 0.41454625068513 0.444646653562986 0.448342360819265 0.439370667264603 0.419552093048135 0.415930013824034 0.42495840243417 0.405232678614669 0.382298556199522 0.351719165568127 0.295529145291445 0.277226035234711 0.278165045171147 0.266317537656294 0.276483706291978 0.2595828485586 0.224101214539573 0.23506729343329 0.238707177556739 0.272204636865041 0.302297820067228 0.332704065981506 0.343102946102393 0.40254004953041 0.425004785902384 0.453593083450392 0.486194569586133 0.524193378274188 0.559625404365064 0.546330953584174 0.578727019492442 0.550874374665648 0.565250407294073 0.622503256223231 0.66000741452853 -9999 -9999 -9999 -9999 -9999
0.476056990339334 0.492143646354434 0.5075399728469 0.51926134800446 0.53522370123437 0.536109881949354 0.514833003784568 0.495651435794027 0.489319545354916 0.508387730121737 0.498636331874626 0.489937536519433 0.487224369813194 0.468577873150222 0.450396347507054 0.451322461431526 0.429836290336985 0.422013985103297 0.439180118311789 0.448049479193193 0.457879162848724 0.456538656397267 0.441609140695461 0.430903576496681 0.42614763447001 0.394834954511491 0.365928502823353 0.344031294909855 0.321792236104055 0.284485452978677 0.236405897417733 0.226469725822895 0.248199359910215 0.254275844681821 0.231026065468117 0.203348895728955 0.210608152679596 0.226191061564903 0.267351156874174 0.281234433463041 0.280423221574937 0.328659841873811 0.356034107765037 0.416947142508696 0.444328933879798 0.47467809606273 0.528868058352191 0.568859129187333 0.591763007984718 0.600279867350877 0.599424770026001 0.617821546680248 0.660835952758454 0.689815842631611 -9999 -9999 -9999 -9999 -9999
0.424924305945214 0.456764692898897 0.468414157091815 0.488817196458753 0.495691829176971 0.489203969068609 0.501299030092543 0.4868100245743 0.493175207553975 0.505937008366788 0.4896370977183 0.495391808913407 0.484814040348764 0.474781340691575 0.460742597455097 0.458341497649888 0.444182816132002 0.422257127864929 0.430608476917 0.454467092175239 0.473055543814775 0.492174243082296 0.469742497985518 0.448760853842584 0.436566487910692 0.394092707566573 0.324649587302321 0.309911036782157 0.280933328437171 0.245040992334565 0.238231031332043 0.25245751880882 0.237397436539018 0.238504328810018 0.220636776802803 0.206624280197136 0.211694750059662 0.230678692224957 0.24875562334162 0.26396456248974 0.28458346291292 0.321626240529182 0.366273136751752 0.427780024486045 0.440883660432034 0.458167610430156 0.497917603284238 0.549711423957656 0.570392133044222 0.610384958822777 0.624053506440563 0.647459986926475 -9999 -9999 -9999 -9999 -9999 -9999 -9999
0.402958558783166 0.414473240485103 0.436147182086353 0.456411487434369 0.451563471434048 0.463865955901923 0.465552227990127 0.467440418121279 0.4740644006579 0.498615116503981 0.486817449574825 0.482626395330689 0.490211948716154 0.484070846805619 0.476323167268133 0.462680601172798 0.459293031693027 0.447614360396177 0.426112130029572 0.457722308406708 0.497716978477002 0.512908193101704 0.484359466290654 0.444604534989054 0.424515988121157 0.389480063780167 0.34060735251912 0.312330409932026 0.270766538669912 0.227110958012859 0.212495103438251 0.237590182209854 0.229241573545083 0.251923775753896 0.241351586846092 0.225836751283447 0.231416026297242 0.208248987803325 0.240035112987214 0.262313111009418 0.287207979332586 0.312693065266013 0.375259161307117 0.413903087368387 0.443103461585548 0.472747798956195 0.503225844020233 0.549059902899218 0.57011899464558 0.617055526754945 0.63112103810783 -9999 -9999 -9999 -9999 -9999 -9999 -9999 -9999
0.350034086195674 0.384438047171747 0.404676227694654 0.420130450119378 0.419655457753372 0.430149536049518 0.438485570543086 0.456693231925288 0.473899594365712 0.492290682212061 0.481394870324871 0.494428587717505 0.496204337158649 0.481773739604727 0.477660744358357 0.463905778585189 0.466860676059002 0.467423717560461 0.447755536555661 0.482563151083884 0.497564597242267 0.49450824600248 0.454625361359288 0.414967268830073 0.407876868619161 0.396194747406367 0.325967279068891 0.297976260882267 0.281911392767809 0.218885518629463 0.206832566099634 0.222554735074493 0.240356344978803 0.225624794369115 0.217224379548436 0.248332682431349 0.250746078847372 0.195339342934031 0.219885136666126 0.272479240281358 0.283628663446197 0.333055792747159 0.374192372712107 0.395322630827022 0.426528341033192 0.47894702105449 0.529425084667507 0.553721363615276 0.599622377331516 0.627760815562326 -9999 -9999 -9999 -9999 -9999 -9999 -9999 -9999 -9999
0.327284689416061 0.340894850028914 0.372385385548367 0.387183943979284 0.399506162198971 0.42176805357423 0.43916209703078 0.462490796318702 0.477009573552012 0.496260390755708 0.496868601964728 0.505833786195006 0.511916899614455 0.504233246515059 0.498506388514413 0.491467576848949 0.496826348370575 0.514454911274021 0.507920376651332 0.526469733162845 0.543347452552825 0.521306714148761 0.442855152610359 0.414457984894518 0.385566958053383 0.375002863047216 0.361354594843188 0.338739069870239 0.296395384752722 0.22045897188213 0.213621902854042 0.245932346700137 0.239242165064888 0.192846375463059 0.213164756569726 0.258158318673801 0.266300727108839 0.23862787116274 0.214045015651735 0.258283845466321 0.298499802015375 0.378965698918854 0.434361585451684 0.413966287449099 0.438171753709132 0.491315668459066 0.550421295125459 0.570623081363248 0.590648866903498 -9999 -9999 -9999 -9999 -9999 -9999 -9999 -9999 -9999 -9999
0.324929716413555 0.298203492368094 0.323080835559983 0.345692487907258 0.370845845267949 0.392020098092507 0.413402263084026 0.445133332098649 0.464573025639528 0.475637165708035 0.492381449848428 0.497704419598699 0.506548948673427 0.499548460560255 0.507811296045104 0.510550503245559 0.500807915997103 0.495124767359237 0.50975214763678 0.531249206860348 0.522044128726404 0.486415267901054 0.422027285528651 0.380723970286636 0.357048596347121 0.36577223529575 0.358440743244956 0.322159703027181 0.265691791217839 0.20636192479211 0.220464955185292 0.24194215166015 0.236616153838235 0.226327800113753 0.262300829283469 0.296906434512522 0.228278603157627 0.314944033992884 0.208506988056638 0.285692302312108 0.34895153829591 0.412279135951052 0.463027305240222 0.489979912490042 0.519224113834273 0.536523167037489 0.553780325342538 0.575198428284748 -9999 -9999 -9999 -9999 -9999 -9999 -9999 -9999 -9999 -9999 -9999
0.311305791293308 0.279374610514072 0.285540493609773 0.310454941821374 0.335175360996167 0.353749441106323 0.38340869934646 0.428319188748857 0.44416921003491 0.444642079589926 0.467622508638095 0.487289085162981 0.495851327788537 0.494250896598429 0.500358656171613 0.510273020002356 0.493067058883994 0.480496353605933 0.527345608081702 0.532295166372144 0.512054125991417 0.498862927846706 0.410117094771678 0.351087292356122 0.351520424766244 0.355156661706421 0.299680071365908 0.324853745626448 0.298043581181076 0.224888489590463 0.230528800227624 0.251466234732104 0.260376238495572 0.264082849524664 0.300168579053319 0.310726448662784 0.256048308234068 0.314845129947203 0.228220473882015 0.30358940803608 0.405876142705375 0.475856543978007 0.514489944015758 0.508916758418567 0.535974284194434 0.559517882118235 0.547868348734221 -9999 -9999 -9999 -9999 -9999 -9999 -9999 -9999 -9999 -9999 -9999 -9999
0.286243064369911 0.277279706789203 0.253343115870223 0.279402731644469 0.304483574760358 0.345664081684452 0.380161111497226 0.412917413992859 0.4233680181909 0.434060999788306 0.451410956296188 0.478363789949486 0.481988876269617 0.472703220894032 0.472082645856088 0.478277432901207 0.490815066105111 0.493860056622351 0.53260527052742 0.532832675544315 0.513680696961361 0.484598077571929 0.415180229391453 0.363383740327309 0.373039985432684 0.360895050392297 0.225351888697364 0.267312680067819 0.313121271896808 0.235933951373032 0.23856857247025 0.249559151889244 0.258677195408644 0.280965542176877 0.297942234577652 0.313991766454635 0.275942286580337 0.295197982120082 0.262494988778611 0.298374088924342 0.384668821933637 0.452105199669853 0.476375136327472 0.537874294731046 0.552998024877826 0.565653922671508 -9999 -9999 -9999 -9999 -9999 -9999 -9999 -9999 -9999 -9999 -9999 -9999 -9999
0.240230394649715 0.269942091845718 0.257751097451313 0.262819128115566 0.295963341421492 0.35855281866051 0.395582967308934 0.416085347906348 0.427998324889686 0.433626343848656 0.432419678529736 0.46130871664006 0.442608838127815 0.452283026660558 0.456092279673773 0.481346177529167 0.502196658559891 0.521857715144665 0.527845866238761 0.52007037354667 0.510907218206733 0.434168884422398 0.389098588864377 0.371792152997128 0.347593823397558 0.330399186739857 0.260217199134485 0.307509921960989 0.297703227740979 0.236763413778314 0.243795198941097 0.264471350315797 0.281002596830897 0.304075371646508 0.328570691492549 0.342918917141247 0.327442505935092 0.306290416229466 0.374151810353571 0.391785720949355 0.422779174819949 0.432889266816708 0.454433741485626 0.534719173259339 0.607351632440126 -9999 -9999 -9999 -9999 -9999 -9999 -9999 -9999 -9999 -9999 -9999 -9999 -9999 -9999
0.255541846958855 0.269026220969779 0.267811367669811 0.285607870297451 0.317650837292029 0.36684540490232 0.381939448746678 0.375776171185499 0.406389303766966 0.406409585198455 0.399761285259332 0.39424775208636 0.432911650618332 0.444586864556189 0.457889650892346 0.479767349324284 0.460809264201824 0.50855042003267 0.531421730541867 0.530054915355593 0.441034343282821 0.3752738800498 0.383030963741299 0.358279729991625 0.29155771671451 0.226622235699915 0.306923380607404 0.292440882124058 0.25648310171109 0.251045376972502 0.25135843602688 0.273641270429972 0.297645716083577 0.316649862739667 0.340871143376746 0.349717335647242 0.306566867525179 0.378055511531036 0.430157610411531 0.450460291675168 0.474060133965087 0.471577256795727 0.509354648147968 0.560646799073375 0.62863992842973 -9999 -9999 -9999 -9999 -9999 -9999 -9999 -9999 -9999 -9999 -9999 -9999 -9999 -9999
0.246241890612235 0.249774434445184 0.248733418047271 0.284934943191931 0.312973326196099 0.347664904689911 0.36012626534423 0.365659593664042 0.40373061032277 0.388922476812188 0.377913285256694 0.405790751499017 0.406758502647068 0.415655645402651 0.42880761613945 0.438344626564021 0.428504734298239 0.489901227085369 0.52406640593558 0.523124319633057 0.397015626052678 0.358184339005295 0.371377160318873 0.328655669409633 0.294332425965438 0.259809473757786 0.287508889546627 0.287535666489693 0.256835147320185 0.260705258245629 0.272845170001665 0.284414217664461 0.297532215167975 0.34071436910399 0.377183884494192 0.38212908243827 0.365010059340557 0.406209539760554 0.44138136511858 0.469713848882372 0.475333109524637 0.460851597174368 0.559361186291945 0.594127802502159 0.617342520363831 -9999 -9999 -9999 -9999 -9999 -9999 -9999 -9999 -9999 -9999 -9999 -9999 -9999 -9999
0.234731224202401 0.242466275231572 0.240437459368398 0.272419707498729 0.291553259395436 0.301590682712295 0.327022166208977 0.354373114898642 0.381375188841178 0.383135515177123 0.389579260758915 0.410742678316509 0.38176170234577 0.371258352635937 0.395680235936982 0.437139249643005 0.41501944403101 0.458544156495806 0.460331973281899 0.444790462982716 0.399467702780342 0.349627940730701 0.322566517140069 0.295863882222845 0.278947087072384 0.253376610924829 0.261221030003624 0.269559407169766 0.289755620116188 0.293947074103283 0.296872837915296 0.32013193033279 0.331410754652963 0.351605711294124 0.388822229520163 0.383650321751744 0.36547495754081 0.40346839041628 0.472836086590218 0.478865750010346 0.495861305216145 0.540924164094504 0.59017924390391 0.600122369499426 -9999 -9999 -9999 -9999 -9999 -9999 -9999 -9999 -9999 -9999 -9999 -9999 -9999 -9999 -9999
0.226494353504204 0.24457909949872 0.257578417179931 0.271778896717507 0.287204230069382 0.292211436350821 0.320248797563229 0.342786092492753 0.355757029221575 0.366415580940084 0.365215149646268 0.37552185666835 0.368679539347083 0.362248155951167 0.372498464519469 0.406640226306903 0.380476470119112 0.409325728103398 0.401205708401683 0.381415989772516 0.361911223730976 0.314878283766963 0.310289756932711 0.303343816054363 0.298360116788008 0.286267573497191 0.287853582206826 0.284693363176578 0.303580973298754 0.329029909253983 0.330149302643049 0.343169834609434 0.345239098070548 0.353403809350992 0.407051254249155 0.423553678176616 0.417815551411162 0.435840529765458 0.494640825715956 0.520327470112346 0.574583596444856 0.610854516830765 0.635949212413385 0.646002283379186 -9999 -9999 -9999 -9999 -9999 -9999 -9999 -9999 -9999 -9999 -9999 -9999 -9999 -9999 -9999
0.227179165629107 0.228744876025179 0.253173194137485 0.267341356929784 0.279075047773732 0.292091227841559 0.313149413915056 0.333025699143403 0.343255811655532 0.346440220234071 0.351572016734629 0.35293828085325 0.343039977146013 0.330420574508048 0.355368472637742 0.37104126548042 0.37701818212261 0.376311305955945 0.367500224033846 0.357676943865157 0.345525890599547 0.325500608887152 0.323247839291408 0.323132659982523 0.318970661242945 0.313769853961554 0.309090986997085 0.326202488132668 0.323182867804936 0.343707815748647 0.346873300755396 0.343632570579908 0.343220074301834 0.367250561633447 0.418178670735054 0.432719946963058 0.496313646911232 0.535749613320233 0.53355373243586 0.564942942944406 0.58780049079512 0.619492048615643 0.660412763762716 0.674188437673895 -9999 -9999 -9999 -9999 -9999 -9999 -9999 -9999 -9999 -9999 -9999 -9999 -9999 -9999 -9999
0.234636364972408 0.235077160010472 0.238350886570462 0.248648885255929 0.270142122951657 0.279462933342902 0.298325865866799 0.31586096142723 0.333082769260064 0.347654755671317 0.332532901022701 0.329448485215367 0.312465680521409 0.330075050550258 0.351462521056324 0.36621170576918 0.345833084933937 0.330219992509407 0.321025062686006 0.355883691026912 0.349543149733106 0.339708896639508 0.350695806902465 0.338817565669047 0.340408784500093 0.335327925733914 0.328705077980917 0.350029462779906 0.365323959115127 0.364415653759235 0.371945404468436 0.365481174780827 0.358981821792601 0.373898313092945 0.429243946863813 0.509424719662114 0.621814030047365 0.63094191541725 0.646592686278334 0.691779214702127 0.64065521873137 0.653880842206407 0.704707343194577 0.698857096172336 -9999 -9999 -9999 -9999 -9999 -9999 -9999 -9999 -9999 -9999 -9999 -9999 -9999 -9999 -9999
0.243787660783467 0.235044127730551 0.229169373565796 0.239205610720287 0.26080123759752 0.270348244675242 0.286991090820092 0.303670862126131 0.321581906994882 0.340636484906987 0.33947982692687 0.338432856268778 0.327720309666766 0.341366364465106 0.336664029817567 0.343256829140125 0.336581927959616 0.303364741859881 0.334212105512208 0.355663912953047 0.361325925820671 0.360278138862464 0.369123657444395 0.359690470057158 0.360392432496252 0.355988031634005 0.357917882658812 0.371732398315452 0.38055778649038 0.367689746524489 0.360875193638934 0.360921635911705 0.350582220329871 0.358553368411254 0.416032084704914 0.539654115724752 0.660525248778518 0.732305635584024 0.719373418165461 0.733631118612696 0.721495397472663 0.794266760369167 0.784119969180657 0.782827996393225 -9999 -9999 -9999 -9999 -9999 -9999 -9999 -9999 -9999 -9999 -9999 -9999 -9999 -9999 -9999
0.239032541799115 0.239427176986097 0.240693730350861 0.237650886549323 0.247712829132136 0.277809872518185 0.293014768516179 0.306432756446555 0.322926679953304 0.340335115838221 0.336112155329406 0.312902565079343 0.334782640295573 0.343541551959235 0.319534413228644 0.33588532599552 0.346006189316166 0.334969588829119 0.345567751654563 0.364008226638313 0.375555264040781 0.386633135092812 0.387946644186032 0.381831481363658 0.383548349666786 0.384828501573526 0.380700317021947 0.405316269921239 0.395124046462033 0.367182260700411 0.350747367109441 0.326910989699727 0.26090503328095 0.33993179967001 0.452405336122173 0.57313570248188 0.662043547775762 0.694833203108228 0.7413268754871 0.791933362836773 0.803162346708011 0.844572540424788 0.869568208550312 -9999 -9999 -9999 -9999 -9999 -9999 -9999 -9999 -9999 -9999 -9999 -9999 -9999 -9999 -9999 -9999
0.257163513019786 0.248266749008747 0.254910551124136 0.257646546753205 0.266684955706771 0.296098109364143 0.304535588476652 0.313748369567161 0.327194455598259 0.337578812753398 0.323030148749952 0.296805851122965 0.305084014531418 0.305759426809899 0.295715871562068 0.29918618740089 0.299268192981714 0.314851951892951 0.345110790408347 0.375677816029736 0.389506829382045 0.415982765144367 0.406774731970877 0.401006813425315 0.407329882652378 0.415845314877746 0.413601828276685 0.420796675843623 0.404228223003674 0.371735378800176 0.35231591019239 0.317484620104329 0.236173425830483 0.300312859240304 0.443097751723508 0.567669318535448 0.667202132595815 0.705275029699802 0.807223842647004 0.838083785020253 0.837538368598066 0.852753319740531 0.846392935673345 -9999 -9999 -9999 -9999 -9999 -9999 -9999 -9999 -9999 -9999 -9999 -9999 -9999 -9999 -9999 -9999
0.260431378368311 0.260106779334883 0.26102489696463 0.27484545836745 0.279610806486416 0.303652180241366 0.312351560948649 0.325621691194313 0.334710355453139 0.332736506471485 0.295918115122534 0.280871904560553 0.297413823780757 0.283486667054275 0.282419916508961 0.280577410222807 0.293057659454921 0.307113461465242 0.362871709268424 0.427848559415748 0.406022295898985 0.424888028612398 0.417393934422419 0.413500574223379 0.424302315650699 0.428956194319928 0.440146762534373 0.450444336014916 0.428783192640541 0.40043594135432 0.369128723823525 0.33490891522219 0.312241909433653 0.306995630478161 0.454522305694697 0.59604285042745 0.733266575895504 0.749562365341943 0.78982247139703 0.81735833851155 0.832320618111842 0.849253870041192 0.848062251813785 -9999 -9999 -9999 -9999 -9999 -9999 -9999 -9999 -9999 -9999 -9999 -9999 -9999 -9999 -9999 -9999
0.28000576063895 0.284715269888153 0.279613376923589 0.298974818079495 0.303093376210181 0.314730488636276 0.331856410169351 0.339939498658066 0.34940531939162 0.337968734433065 0.300254867358605 0.279735282994331 0.290362190880149 0.286036313293966 0.297235589753063 0.303224428639089 0.300228513494546 0.29079190131978 0.374062277711216 0.429608330203268 0.427142627674558 0.436339646572479 0.426242321253529 0.419315023838176 0.427830828980314 0.436156714537111 0.439787812333895 0.485423365982698 0.46019938896001 0.426662585818863 0.388275399779173 0.338773626396023 0.355712840326285 0.345051250639854 0.505007053494391 0.600370890961034 0.751320089784423 0.793041983090099 0.767771846784485 0.808056863246768 0.829755477601013 0.852691752623041 -9999 -9999 -9999 -9999 -9999 -9999 -9999 -9999 -9999 -9999 -9999 -9999 -9999 -9999 -9999 -9999 -9999
0.307416484753487 0.301308416066753 0.301307142164116 0.314206392481641 0.32341163444454 0.342527085144887 0.335855687382558 0.358149324710121 0.360673843056656 0.344450264021016 0.30525367249448 0.300515592786299 0.284176380775221 0.3027844182276 0.315685061271303 0.315597902180725 0.316087711824383 0.296197688358401 0.383490448508411 0.424977114614757 0.439619264774472 0.49638459109585 0.444138962112554 0.43125207479597 0.431901260867452 0.443613421670298 0.450060409555816 0.478848973003653 0.462346191041268 0.427664211605005 0.389943198869321 0.339710274488404 0.351900783604237 0.401850627080939 0.533663238369629 0.65872629476419 0.765878178510978 0.794689423464314 0.761946309348881 0.784802539410639 0.821258889240408 0.836447433411949 -9999 -9999 -9999 -9999 -9999 -9999 -9999 -9999 -9999 -9999 -9999 -9999 -9999 -9999 -9999 -9999 -9999
0.334479328526115 0.322267243641279 0.320587126246172 0.332501222987009 0.354943430471784 0.365954366476558 0.353621051487783 0.357292465027251 0.364641389987176 0.336445014675643 0.322537810587088 0.288007094319268 0.292006277531439 0.317277909026419 0.333952827094162 0.33208352214337 0.339858628448414 0.340382965314012 0.401752974165192 0.42395723496076 0.448554630820495 0.490830584129969 0.496947714553738 0.465905676037203 0.467453140899525 0.461981232230743 0.444124588773148 0.455328627771418 0.449874534281338 0.423595291711441 0.386970485427641 0.35168990753464 0.317153427349196 0.397916927458766 0.509339581198158 0.671403775390595 0.710852997557584 0.706625212562369 0.760776493172509 0.756763570112247 0.800948808862203 0.826116581601099 -9999 -9999 -9999 -9999 -9999 -9999 -9999 -9999 -9999 -9999 -9999 -9999 -9999 -9999 -9999 -9999 -9999
