layers50/veg_krg_50/veg_1200.asc
NCOLS 128 
NROWS 165 
XLLCORNER -2985163.8955 
YLLCORNER -3022031.214 
CELLSIZE 50000 
NODATA_value -9999 
[rows 26 to 51 of 165, columns 0 to 58 of 128]
-9999 -9999 -9999 -9999 -9999 -9999 -9999 -9999 -9999 -9999 -9999 -9999 -9999 -9999 -9999 -9999 -9999 -9999 -9999 0.409040118006852 0.20702518407552 0.100918763580321 0.0244868455210634 0.143428560530771 0.248583060764012 0.258680841054402 0.299524717504188 0.429545353237365 0.468894988409505 0.484003626255775 0.472358837551909 0.460385661661629 0.503328294465673 0.5452080285326 0.60520858234532 0.671758465566798 0.7250968585203 0.760646290211742 0.794966448189665 0.805271868568385 0.796217900348195 0.797236056539469 0.794216833202031 0.793878786851777 0.771030684696484 0.755370132574872 0.744552086290086 0.713946319239497 0.681323620469666 0.642580561288883 0.626119663747174 0.606893590384251 0.590648096654703 0.576588210205885 0.565548406477395 0.548681077296527 0.519006495678151 0.514302239368834 0.516309810597917
-9999 -9999 -9999 -9999 -9999 -9999 -9999 -9999 -9999 -9999 -9999 -9999 -9999 -9999 -9999 -9999 -9999 0.679989262153469 0.511642054607487 0.437589372418929 0.189919200805506 0.0384427403982952 0.00585712075299474 0.105924193285032 0.150060015356843 0.260531849372312 0.374018917881495 0.429054435784564 0.451784445724229 0.547590550263009 0.563457669075233 0.572580358552765 0.598182936558878 0.625968914198809 0.667266845018075 0.71153424250391 0.754254072782537 0.78151658011686 0.811907371841167 0.826462845693072 0.819308302415591 0.821545693552675 0.82149245903491 0.822732912774564 0.807995411599999 0.791950651411152 0.776570482125877 0.741444192596721 0.712595060111207 0.688157234623441 0.669409373891972 0.651684510909551 0.637269059179279 0.624214049724293 0.612787660815219 0.584439079037296 0.550525914851474 0.553590311402127 0.556056931921172
-9999 -9999 -9999 -9999 -9999 -9999 -9999 -9999 -9999 -9999 -9999 -9999 -9999 -9999 -9999 -9999 -9999 0.679271248827517 0.636753053270357 0.39667929983255 0.157714275121432 0.021378852229981 0.0420550892864504 0.113810930933655 0.187095354472598 0.329027885234039 0.374698011354135 0.427169743580051 0.5458736999856 0.589573647442811 0.626721503631257 0.642795108881573 0.657287631692515 0.683160862472551 0.714680886611294 0.75994533121646 0.78603750573747 0.805947779188575 0.836937458239203 0.858783866223623 0.862434935609113 0.85272218612262 0.850941860298177 0.851509790146137 0.845135863187096 0.818044600712403 0.797606798763947 0.769795743467586 0.744428418600172 0.72361445462502 0.705614647797137 0.693749427460519 0.68380637174926 0.669559622270771 0.651802679644561 0.584297406816515 0.589276387688048 0.592190667439932 0.595090591767784
-9999 -9999 -9999 -9999 -9999 -9999 -9999 -9999 -9999 -9999 -9999 -9999 -9999 -9999 -9999 -9999 0.716697167226616 0.697528216411998 0.570568665125607 0.291318376890253 0.165138896375717 0.0987730870597131 0.114794085305816 0.115716538051037 0.187220536296526 0.336452860185658 0.388621243520102 0.531445438735559 0.58354851933035 0.608108064275626 0.659374994944822 0.695112385191893 0.712301662658506 0.731545732505229 0.766359919048728 0.793164099462948 0.816518636722145 0.842609986593783 0.865080960954981 0.879718170486509 0.884123253355053 0.880019573824992 0.881578963337021 0.890300204589592 0.879393029448328 0.843168916161284 0.812288975926815 0.79438452324789 0.773385370458655 0.756718549065618 0.737665229415141 0.725419298900442 0.716185246844294 0.70496733262082 0.684816926479655 0.613507606529211 0.614517918408082 0.618920566421766 0.625814336901141
-9999 -9999 -9999 -9999 -9999 -9999 -9999 -9999 -9999 -9999 -9999 -9999 -9999 -9999 -9999 -9999 -9999 0.657285966399406 0.494822163780656 0.276957317575021 0.146991811307695 0.176519175017762 0.166141413399338 0.121162199922841 0.119784255081911 0.278302003820451 0.46343704058079 0.579827432016441 0.617556623671986 0.646986513209355 0.684060644374956 0.736780656415606 0.763701258489135 0.785614182831063 0.810555107592366 0.829982473929682 0.855033385297061 0.869515758566444 0.883287522030786 0.898247728409352 0.90291751536596 0.906880249482285 0.90834365674042 0.910575299308177 0.903860806054235 0.870388040248374 0.838346429191368 0.818512587223258 0.797899676541738 0.772232035307987 0.7502251589894 0.730501475246947 0.714424105481514 0.70973733102574 0.70141484473694 0.654293179932839 0.646339802329319 0.654664718978072 0.659930569836234
-9999 -9999 -9999 -9999 -9999 -9999 -9999 -9999 -9999 -9999 -9999 -9999 -9999 -9999 -9999 0.655068299037659 0.640166895745629 0.57370487977652 0.371131288179807 0.195687677975728 0.192740791277418 0.293456115992387 0.273039312273034 0.175861635808177 0.124172915853923 0.301597045022843 0.556351534640368 0.629960245178697 0.673897151135775 0.685149990621897 0.72797565765388 0.780664610038484 0.807102847254676 0.838326014753681 0.84797098546369 0.863805200546157 0.879556194998756 0.896933346868663 0.905308918521456 0.912807625945653 0.920243565086784 0.926357381460661 0.922983982341517 0.92421673108406 0.911831186990876 0.888107325801666 0.858603224685681 0.835267721156755 0.808893970927419 0.788370486928879 0.770102986206864 0.754873830328511 0.742782898727642 0.733818988966657 0.725444815306459 0.714295480657505 0.684572467950454 0.677207550936656 0.686206863956836
-9999 -9999 -9999 -9999 -9999 -9999 -9999 -9999 -9999 -9999 -9999 -9999 -9999 -9999 0.660431175877281 0.6305638616791 0.591729934138344 0.446635719765633 0.25946373097098 0.238390293015294 0.297734343570581 0.334240037051072 0.323249323292719 0.282755150490251 0.281662052088587 0.446493146580088 0.567870153056923 0.667346240609668 0.71744677868571 0.749527768973159 0.783174051465723 0.82558538142662 0.857166221495682 0.879171998861675 0.892130173260706 0.899496429968813 0.903049931609659 0.908359997555531 0.921978661535354 0.923456616900637 0.930889825797466 0.930225190208472 0.926845358324295 0.920490673621618 0.906459796727997 0.889046562060008 0.866138979709708 0.843136099632369 0.820148431061024 0.802476488406168 0.787606663281043 0.775645878634973 0.76649651744135 0.760523503480635 0.755287941517075 0.754184632316365 0.749771807886546 0.727445826028915 0.735568455377847
-9999 -9999 -9999 -9999 -9999 -9999 -9999 -9999 -9999 -9999 -9999 -9999 -9999 0.69791034920495 0.688085092700728 0.660725573352695 0.491605067395841 0.275610972251359 0.194030720915741 0.317848304412556 0.363662094633499 0.356094012598326 0.346035275906328 0.330886330524965 0.414780023897311 0.520203439540596 0.593805432639802 0.685675578815165 0.742285547977006 0.788802648166046 0.834672903943291 0.873519268395235 0.904650322861122 0.918006954851566 0.922809980262425 0.923259374161025 0.92645012923631 0.928934385168254 0.924224333400012 0.927600941256778 0.932988552749836 0.924915205796028 0.911624759061401 0.905710792070994 0.894277293581355 0.880649353404141 0.865790974215566 0.845291111782689 0.825269568564472 0.810356116517512 0.799670836051663 0.790965485923974 0.785676950429389 0.783218102546827 0.782286017402237 0.782295722564688 0.785541875935894 0.787965932104173 0.788873901161849
-9999 -9999 -9999 -9999 -9999 -9999 -9999 -9999 -9999 -9999 -9999 -9999 -9999 0.70011538080573 0.692758843023595 0.671854651758793 0.468775990062346 0.258650801796683 0.180343823979596 0.353360504154915 0.485661264332318 0.508695382188327 0.506978808220748 0.528560240292356 0.627982956145773 0.646508672636371 0.660100224171796 0.691031884473438 0.761047170670728 0.802754236575531 0.846041664190735 0.892854613802985 0.928562102166401 0.938385910856184 0.93890410205593 0.939931191882732 0.939129001340645 0.937973290368971 0.938582420278072 0.930308273526922 0.921299574579856 0.91039312640471 0.901330623026715 0.898820994924707 0.87793593022472 0.866824003805111 0.858168580576463 0.843161472093671 0.823040598500838 0.811154250884967 0.804423262052285 0.798945157396306 0.798180087025093 0.799351057358132 0.80373686324201 0.810238372510077 0.820067668647844 0.832862111921762 0.834304030418589
-9999 -9999 -9999 -9999 -9999 -9999 -9999 -9999 -9999 -9999 -9999 -9999 -9999 0.721881919887501 0.711432022216839 0.658943872000267 0.378288591130034 0.253496886604132 0.256720751330967 0.453858812529281 0.521757283867264 0.531301277340531 0.519269093039477 0.548190256618832 0.656109028882065 0.687568204187943 0.710702419453741 0.74156010409805 0.791198169202025 0.83515912740273 0.863587381854172 0.887120283859516 0.928694783301227 0.934097776766333 0.938852523170263 0.942099517401028 0.942625210011753 0.942362800187708 0.942631828646231 0.926301298082927 0.914087748098984 0.906027713512648 0.893194582707126 0.881711964984671 0.861442377085708 0.845512066157747 0.840355944008402 0.834484094276622 0.81406803584669 0.806878315984574 0.803668421429835 0.802256061490753 0.805129020020763 0.812328962565411 0.824260474248472 0.837680493685619 0.854799228211288 0.862637598399136 0.859983563297982
-9999 -9999 -9999 -9999 -9999 -9999 -9999 -9999 -9999 -9999 -9999 -9999 -9999 0.737579782989801 0.734298586258372 0.704017911002029 0.338484595734294 0.272490042917014 0.386019685521725 0.578152831374708 0.58236696273122 0.574014222899817 0.555184865557751 0.577428079934539 0.671149714787829 0.703454039502718 0.735940124173896 0.742657728954814 0.78443181802791 0.827480405560393 0.860017034182788 0.885743042415089 0.912874145725636 0.919751602226431 0.9252796397212 0.928706444841118 0.929322866523822 0.931898936970644 0.93070577351468 0.904780107332766 0.901461141357339 0.885963755818635 0.876264901433824 0.862168427567103 0.849519203240243 0.827916551419697 0.812545708309735 0.808939015689529 0.805644324423691 0.796848153335238 0.795862451481149 0.799262088314092 0.807741606845749 0.821629499397984 0.840119908960732 0.862808783567929 0.879403681868127 0.886265729316432 0.877458746240823
-9999 -9999 -9999 -9999 -9999 -9999 -9999 -9999 -9999 -9999 -9999 -9999 -9999 0.760744991511293 0.764274696870936 0.743498498694901 0.359698544529242 0.30771322672136 0.39096526410262 0.595309919168346 0.621520032210078 0.613460498693639 0.59867721987732 0.65140865934379 0.680285113796772 0.695428693942521 0.729016576928447 0.737740324452091 0.77433398161748 0.806094105353062 0.83891496550393 0.871740166027464 0.899885938384438 0.908195951444015 0.910970068379915 0.913265347989691 0.915576761647344 0.914033190177654 0.913158096532143 0.882350085890207 0.87181857782414 0.861210464796798 0.853953870607823 0.843034677727928 0.822692036526475 0.799271341793039 0.781558393283038 0.776472461642714 0.775650443517925 0.77137043987619 0.770608470534993 0.786045440341091 0.802406182626277 0.826001874484656 0.854154314184907 0.87980020208637 0.897225496764787 0.906923906215626 0.907143202605378
-9999 -9999 -9999 -9999 -9999 -9999 -9999 -9999 -9999 -9999 -9999 -9999 -9999 0.779157672465729 0.796588085734493 0.778564010115174 0.605986975505965 0.388979991234124 0.421770513856905 0.63080053156857 0.654210456291208 0.630558898184566 0.600931809211818 0.672057357415601 0.706372952759125 0.724287555511689 0.744268623794041 0.763519416581252 0.782256953933944 0.795684911827326 0.811621513563974 0.850663277881226 0.885654272002544 0.896827481874258 0.895425603193556 0.899966396139219 0.903048503560679 0.898662699168359 0.878917166344391 0.865011298306902 0.852765440108237 0.850438277231215 0.824288626594216 0.801578421545849 0.786658385237627 0.769452667319933 0.758194836418351 0.747901977797044 0.754028652779668 0.748617856152719 0.751331441484599 0.762027345947061 0.782040703916117 0.824139323396804 0.862163998079902 0.896057665909189 0.916773917151631 0.927855762890446 0.930265484332004
-9999 -9999 -9999 -9999 -9999 -9999 -9999 -9999 -9999 -9999 -9999 -9999 -9999 0.814168973014869 0.817972176818517 0.803024352101989 0.620300712404359 0.413722001429841 0.483043969657561 0.685529140281122 0.678296499045966 0.657182371136917 0.647070327550993 0.637028557395178 0.668677796313147 0.728954960933734 0.745655866281807 0.763381658359678 0.779656831927187 0.792644525411825 0.806135158211827 0.822593582149671 0.850358881840154 0.865937442402363 0.867585616395104 0.875302430613696 0.880318684074143 0.884209987806788 0.836761711927423 0.832465443683324 0.839167375895542 0.822181226221929 0.799381762670722 0.776618550991814 0.753551738585351 0.74048110915708 0.73858678139632 0.738133151188537 0.737534502256993 0.734446398146398 0.732256242838233 0.737712719548545 0.762356093151338 0.815698915697641 0.869018445069374 0.913065604043119 0.936867473869183 0.94323178385047 0.942095772423089
-9999 -9999 -9999 -9999 -9999 -9999 -9999 -9999 -9999 -9999 -9999 -9999 -9999 -9999 -9999 0.704543289003552 0.463792138830202 0.51306982485427 0.626929138316737 0.684229565841731 0.692067552842277 0.679105042550155 0.664500155211061 0.653022794046951 0.681855261887355 0.73818028149824 0.756941470901319 0.762359601564996 0.765410867216937 0.774102306022909 0.79281518929533 0.809489819830783 0.836383338276654 0.848917237825783 0.856255336470676 0.854253846617376 0.854422044719973 0.841960226136005 0.823225654140265 0.82088428933489 0.809790618569774 0.795504316397821 0.771831979860752 0.744019359191854 0.731374613320813 0.72835303783165 0.727024259100716 0.721552750623217 0.719347009748223 0.714976620549627 0.714640176250556 0.72056507566358 0.747329445369891 0.804826385401135 0.869445660408545 0.924817167611895 0.947779377540394 0.945550545930056 0.941779562929937
-9999 -9999 -9999 -9999 -9999 -9999 -9999 -9999 -9999 -9999 -9999 -9999 -9999 -9999 -9999 0.6246357664153 0.547955005348502 0.546337694820618 0.643457568449765 0.683843522260335 0.69648064888783 0.680947693861991 0.671766942411901 0.666288310826538 0.676337284456792 0.70295585000434 0.745925193660837 0.765374837026112 0.77563427856067 0.779686625329556 0.793970276649573 0.799683292738312 0.828547965672382 0.832873484609529 0.843968791470022 0.853949662169121 0.847234672756398 0.809737918756325 0.805946846308219 0.800255319124412 0.791411626139559 0.774473951153598 0.758561500397743 0.741066905776781 0.726923121957274 0.720006365690249 0.711823785530888 0.703132464430021 0.696827397065223 0.700207469712122 0.711123296239177 0.723844006698657 0.750752673569436 0.800782021427652 0.859567584627847 0.907638646709513 0.925273997761862 0.925972427376476 0.923769931629974
-9999 -9999 -9999 -9999 -9999 -9999 -9999 -9999 -9999 -9999 -9999 -9999 -9999 -9999 0.661291276216475 0.636730284825108 0.583152531836084 0.616905111778517 0.651810014226162 0.671574970259319 0.67202687351022 0.674572131541859 0.656293974657784 0.670331765933165 0.659742428589855 0.658512264163141 0.683240181522323 0.745900796609946 0.758306260305479 0.774034177696082 0.790886676151315 0.798730969195702 0.816421272034705 0.82422228733947 0.833974530783702 0.840011618091506 0.824930035033165 0.79503638789888 0.791912544663246 0.782548191893023 0.77766419237509 0.771592541331919 0.759284465303981 0.736553911082008 0.717117812508634 0.696314221423763 0.688459283939333 0.684094873553766 0.684118323643466 0.705153135944833 0.719202754527859 0.732923392593559 0.75764992612576 0.797774246499301 0.842284637041768 0.87974107858823 0.902223685679449 0.913991772659439 0.91504401131869
-9999 -9999 -9999 -9999 -9999 -9999 -9999 -9999 -9999 -9999 -9999 -9999 -9999 0.642909934096273 0.643944074518484 0.604068857166025 0.547566493279291 0.548505090142527 0.608937604645269 0.647729228308986 0.647553503536173 0.634153984291588 0.635355677163497 0.643241553536311 0.644426356870341 0.648744137495685 0.652730861443263 0.722148127781657 0.744248411310441 0.760957043155791 0.77813806805774 0.790302433606155 0.784855228421514 0.793464444233643 0.816800390632607 0.817387748252822 0.817637341059765 0.777900985690899 0.760652970783411 0.762778582209615 0.760722257709563 0.754669783909256 0.745866304368213 0.730180793515041 0.699720492638914 0.689659920032994 0.682179287010006 0.695033268580088 0.700960807697548 0.714331837888151 0.717993378292999 0.732004560469419 0.758528536363118 0.790819718732882 0.818737928787628 0.850005831701481 0.880508416854845 0.898789902819693 0.901357459999881
-9999 -9999 -9999 -9999 -9999 -9999 -9999 -9999 -9999 -9999 -9999 -9999 -9999 0.62018107124269 0.605470266929799 0.566914116461114 0.530298580367943 0.539233653928447 0.579933429241706 0.629573808702048 0.612763162525703 0.613408027965473 0.622593881031903 0.627866000645939 0.636044942144375 0.642097417306207 0.647905920924358 0.652575568448303 0.734597995289302 0.751932851111974 0.757231479444226 0.757742569053506 0.766376962832571 0.775141903401114 0.798114591974823 0.805104688838253 0.806768752511445 0.781486527489697 0.770100774761462 0.757710185459646 0.745693613029632 0.737963587013277 0.729740948100658 0.70982256395001 0.713238661805101 0.717514659273952 0.724352779702665 0.720687648699579 0.723681431357055 0.72671669733518 0.728775815162274 0.729029761276868 0.751981974973039 0.786557347892986 0.801987193441906 0.824126340712903 0.854472502828638 0.855657328775288 0.863904139690154
-9999 -9999 -9999 -9999 -9999 -9999 -9999 -9999 -9999 -9999 -9999 -9999 -9999 0.615333954861666 0.609793687577431 0.57433890307425 0.496172390387453 0.521111209745487 0.582070003050705 0.589457258392149 0.584407511550792 0.599281664124265 0.612146421817378 0.621568105307622 0.633539471970238 0.640953261818425 0.648071909329521 0.653824294314022 0.693285769554095 0.723052998737384 0.737812129098619 0.73635191452047 0.731537444676163 0.767394193686723 0.773318489039929 0.782903870038523 0.789966103357123 0.760532332480602 0.756007138439801 0.75264130389711 0.741612131624511 0.738234279099711 0.722460745608014 0.723660786514652 0.726263206582846 0.734015028245041 0.723856617743246 0.707914381207795 0.700891249332012 0.718606744573993 0.729313262051725 0.735375254698239 0.74199757217867 0.766019098513488 0.778876136359665 0.813255733064926 0.815391497389925 0.816105825079278 0.835309324794494
-9999 -9999 -9999 -9999 -9999 -9999 -9999 -9999 -9999 -9999 -9999 -9999 -9999 0.603687758333775 0.607549560442888 0.605351121158305 0.549303345193225 0.526255817678062 0.571876752044765 0.555785543045621 0.571473548804796 0.595385217119786 0.608296279171045 0.623676811868167 0.63217617857843 0.642820523262639 0.641214809336123 0.649738131866301 0.636427662986835 0.679324776427035 0.702508409353234 0.712875792132842 0.732996885996717 0.755112843886361 0.752901958006013 0.756613343924544 0.769015744318259 0.74788682195536 0.738794541106066 0.744258421361562 0.75106789758979 0.755274127854583 0.745363345352161 0.749818283387699 0.739977473155842 0.728143231733273 0.714590266825095 0.705155479718876 0.703823137851124 0.706284300326455 0.711801297802597 0.720077278657662 0.738514852242793 0.764796351306801 0.78167494442336 0.779914450255359 0.786579156914132 0.800086532916735 0.814584076991225
-9999 -9999 -9999 -9999 -9999 -9999 -9999 -9999 -9999 -9999 -9999 -9999 -9999 0.609758813162507 0.611417145203725 0.608463656871198 0.580751055504902 0.538258546818718 0.554486507027888 0.558723221698448 0.567075724742877 0.595360577039244 0.609995630374308 0.629031506060601 0.638111236243282 0.636275435479928 0.627566564930296 0.628267406751305 0.615366360370675 0.606606049353662 0.656666747876313 0.708141675738452 0.737257664429346 0.739433791157226 0.739196184151352 0.747526373068591 0.754394263522486 0.740561376165915 0.721995191445497 0.750302379456406 0.757029495989957 0.752687255922032 0.737671657969977 0.745506174594527 0.714246624706947 0.699068935296498 0.699573443153742 0.69280173239306 0.686894494999631 0.686575076428211 0.690822305486834 0.700001837771807 0.723929647485447 0.743132523366885 0.735705093918173 0.745159189208642 0.764308960958824 0.780407010055096 0.782765070855329
-9999 -9999 -9999 -9999 -9999 -9999 -9999 -9999 -9999 -9999 -9999 -9999 -9999 -9999 0.614248676333916 0.6075952531701 0.577176962334024 0.558724912751906 0.540476221307203 0.542219812124437 0.554071640090052 0.601190142414194 0.635708867337185 0.646354677032835 0.634993980294104 0.619824627404483 0.624743949493928 0.606381907801443 0.58454881913123 0.578362421833716 0.607913657554446 0.651811835769715 0.664956223765049 0.666185062033574 0.670770718389855 0.676702983513526 0.709103871340457 0.722059959461675 0.731305054594469 0.742850190865102 0.741987657304174 0.74737149347303 0.736144769709441 0.7222677798616 0.701171146509214 0.68576662652021 0.672450734567778 0.669164723214774 0.663665189646712 0.674604559414269 0.680346634047523 0.68781211530736 0.707784007887365 0.717473476380694 0.719566968552272 0.73129215248497 0.7391425964051 0.760820914313144 0.775962276702856
-9999 -9999 -9999 -9999 -9999 -9999 -9999 -9999 -9999 -9999 -9999 -9999 -9999 -9999 -9999 0.606573822418005 0.579616825149592 0.57572017200034 0.558328161371882 0.545358102434327 0.563159316657239 0.591675218470845 0.632114472079277 0.627828745099947 0.605581190717867 0.598319982558988 0.601032340971024 0.598879076841012 0.583075692227842 0.570652752057277 0.588688993510163 0.631583021113332 0.641953524503534 0.638681577291886 0.646353722087436 0.658831810053941 0.663624139242561 0.654806237128474 0.65857102197555 0.71147809791536 0.684849800078304 0.705464245515043 0.704652384846433 0.71764281483585 0.679753155873397 0.66342199642077 0.652628719129221 0.645096408287337 0.647609822118552 0.650491606298205 0.666566897803508 0.680952582643416 0.7049271522515 0.721632857793107 0.708898675220875 0.716176620560735 0.723809170643838 0.748484283845411 0.748245289435159
-9999 -9999 -9999 -9999 -9999 -9999 -9999 -9999 -9999 -9999 -9999 -9999 -9999 -9999 -9999 -9999 -9999 0.56701806441579 0.561924744744922 0.513097284671772 0.517684891675166 0.531719392976115 0.569390112867615 0.609753487430302 0.593163428413245 0.577124535968935 0.577689433763082 0.572184802558316 0.561908459147308 0.547088058135594 0.543043521183262 0.607741438737441 0.636627176131221 0.645438310061457 0.665965978825509 0.685038923039856 0.673113612259381 0.658624173845934 0.728152382283672 0.72909143346484 0.720246947141436 0.727134653138337 0.723377282030678 0.696530195429098 0.676959954010956 0.656591236811812 0.637843674056518 0.635146749979227 0.630664082367601 0.637223943809345 0.65293860313037 0.67705270005684 0.693990528806794 0.691541606605692 0.678081338687101 0.65111040389771 0.659124860944175 0.723765535761922 0.756871747623139
-9999 -9999 -9999 -9999 -9999 -9999 -9999 -9999 -9999 -9999 -9999 -9999 -9999 -9999 -9999 -9999 -9999 -9999 0.541247189705125 0.469584042159701 0.460641474328398 0.486035511558276 0.440315047589139 0.524707538938855 0.546831879315092 0.542923411022144 0.550070594584139 0.553665274114372 0.540378964074439 0.535509591834534 0.523137121504797 0.564102193006554 0.635113587070895 0.675781688107069 0.683379811597156 0.67851347070837 0.680513645335017 0.723420796174963 0.749442291489456 0.742592372193033 0.74332070527715 0.734888325066894 0.713410121716382 0.680454334454852 0.67052059155962 0.654012526914822 0.639628324256801 0.633257712361456 0.62482352010427 0.618130456722567 0.623649043412367 0.645716296954047 0.685062783652326 0.667535761374236 0.661501380041783 0.624822714104463 0.636453979333729 0.656779321724864 0.678582508169487
