layers50/veg_krg_50/veg_4400.asc
NCOLS 128 
NROWS 165 
XLLCORNER -2985163.8955 
YLLCORNER -3022031.214 
CELLSIZE 50000 
NODATA_value -9999 
[rows 52 to 77 of 165, columns 59 to 117 of 128]
0.596316953367677 0.583848344623257 0.585537685467456 0.608631997077229 0.62561938117792 0.606127709785943 0.605161791375741 0.595099756809418 0.591681785158197 0.57135321606778 0.550589929238345 0.507974825802229 0.48736029008454 0.485574577791896 0.470298790209438 0.396749763080911 0.414817917728999 0.470567707225807 0.42318332534814 0.3638441549887 0.396240190144247 0.434269918816236 0.47098742765644 0.454839180542403 0.428254389182986 0.445368957889911 0.426247297793412 0.411066370055395 0.365665261031317 0.324777247048079 0.356278723143266 0.355583353955725 0.344026606960591 0.358368048324357 0.372388002556855 0.36832809875298 0.328886006038665 0.341289485153168 0.365598531252121 0.387975635114347 0.378709058247202 0.377347595473124 0.394226488514416 0.437946634641328 0.482493042009096 0.504048211895035 0.509125903448791 0.50993959131685 0.505796216362375 0.519039143235291 0.538316327444605 0.558768949004631 0.590038615392223 0.644967510800528 0.672982019020003 0.71223454146386 -9999 -9999 -9999
0.560722318407261 0.564567670292863 0.567736663048315 0.571922906764846 0.561028832444392 0.587111600181999 0.580637214440183 0.588309204156101 0.563269739176713 0.541693845971487 0.521753755859412 0.485107933842442 0.46411165671795 0.456978063310991 0.447816452583541 0.450065762545353 0.458748486733901 0.47460363562961 0.429654602418108 0.412187656276212 0.437105924413093 0.446007145411091 0.451455604830037 0.430700910553245 0.422941084994973 0.446801188971779 0.442660097923699 0.408885288717897 0.360723270215485 0.322304531887446 0.348407012887261 0.332864914760576 0.316963019337583 0.303019940128165 0.34519152763154 0.319099565458713 0.27565254262449 0.292055407941965 0.320904555001441 0.36018388872863 0.348859222315355 0.369278436221324 0.410440367863676 0.43029477428637 0.488456716180599 0.50616158706646 0.523536402782076 0.51868407915018 0.518287470979059 0.51482523916218 0.492655159443511 0.506280533330611 0.56714010726395 0.613927255894217 0.675339953397139 0.711196422122405 -9999 -9999 -9999
0.514965649228988 0.528242361471334 0.534159581754389 0.538592681292221 0.547408923977702 0.561532042287457 0.558026393320294 0.569470282434631 0.526321226622827 0.499277269838935 0.486391988353024 0.477105359610034 0.474651783873285 0.458721197464247 0.454504019583232 0.474406965149847 0.458111970502792 0.448192859973933 0.418605193007069 0.420587639603729 0.457971376201268 0.460448574147536 0.4528432254857 0.434795746307383 0.416909267434348 0.433181845185952 0.419882772317811 0.41179326436357 0.3715605172485 0.305047919063047 0.313222995668507 0.316559024723401 0.303945120795748 0.309069713439853 0.27246479197646 0.253483305652753 0.260560493384593 0.244995733930666 0.297853313458215 0.317637609760478 0.345798754713697 0.37761740387085 0.416800285271184 0.426898014425779 0.455686528886538 0.486786633108287 0.512433165628493 0.510982163187841 0.522398397692716 0.518895395825342 0.499440270559532 0.495793196189097 0.559009076381921 0.605478969013995 0.669310317175419 0.670165694609315 -9999 -9999 -9999
0.47723001407598 0.496863314344282 0.497915603154412 0.490073244518517 0.538560927399686 0.542800788044578 0.501906144258366 0.491612024113481 0.470868122224688 0.468456419115802 0.464480862820888 0.460878401435693 0.472621982427562 0.465762103528994 0.454560325228099 0.465940105163321 0.436034217233888 0.44122707523939 0.417724604527085 0.412855776295788 0.444433337189647 0.449062283462771 0.432519708929253 0.412909755748966 0.411539451045583 0.406796403316737 0.388665814310327 0.378220117741497 0.347173201161612 0.297458401133105 0.283166812928178 0.288657357494214 0.27856908157525 0.287782303325586 0.27848830776694 0.249493370955112 0.255624113474823 0.25955746026627 0.282851410486168 0.304926246868456 0.330125935740691 0.335040387503178 0.393099550463164 0.411260137983219 0.43412933464469 0.460336200224596 0.494335979942356 0.521064762446923 0.506941624614084 0.542287898219915 0.511119940721472 0.523710629759665 0.577792901405388 0.624854102190265 -9999 -9999 -9999 -9999 -9999
0.444342055391428 0.474129465920896 0.480451253947738 0.499296951937813 0.518973771271524 0.505173645306058 0.48620927776398 0.467678034748382 0.461922407857371 0.467311891053361 0.452747102041684 0.444840505288856 0.448524892932393 0.434573060775492 0.434800597597665 0.434180811079331 0.422378833916846 0.409331367711061 0.421248862330061 0.434163829464865 0.453616489660452 0.444546043276134 0.430667288106017 0.412176395739826 0.400732142157085 0.370426295864871 0.350009645955767 0.322850240727732 0.304161977512541 0.279362739740258 0.253000584846233 0.247604999517085 0.270079404017562 0.277747908981005 0.259367507835797 0.240134039185783 0.240359465748136 0.252723434655551 0.278243444828311 0.290475784500287 0.283703899591602 0.313447574794969 0.331045741599307 0.393461495676167 0.421367083988651 0.446835336368555 0.493834141747567 0.536312930245577 0.559025331356917 0.564527163157308 0.55778433118634 0.574353711834393 0.615788764242419 0.653732108447985 -9999 -9999 -9999 -9999 -9999
0.407543388038558 0.437698506100096 0.439441066869765 0.455288787925834 0.481502560263717 0.453514875465203 0.468286764421965 0.461912891912512 0.463947874524642 0.467224305547912 0.440365479648687 0.444822001804571 0.437847405163609 0.435336886664502 0.427672258174833 0.433917276795698 0.421369406271971 0.396652079467656 0.406718967302378 0.432804097537202 0.451712836266985 0.437396145664066 0.425315463143809 0.406715612029536 0.405765158877279 0.37444572510254 0.298425601860369 0.291322921399063 0.268890022168729 0.241258410914948 0.240351161582792 0.255942120785254 0.262441089596554 0.268460692972858 0.258310896827926 0.25163960785102 0.246711953961672 0.256415557607242 0.275554145375909 0.286380659897356 0.301010262142816 0.314776607657678 0.337250628711369 0.393942967997353 0.418659940917243 0.432058835073449 0.466900617570038 0.517802832198154 0.538658283397179 0.579301826203938 0.587915550153119 0.608428769850749 -9999 -9999 -9999 -9999 -9999 -9999 -9999
0.37070612622936 0.376825202044489 0.404855974192091 0.420918883950127 0.433821261961716 0.432834616915411 0.433132839107408 0.438936913044927 0.450013821567534 0.465563923003887 0.449755705731169 0.432939793809313 0.444709459483016 0.441029854376839 0.433719552207231 0.433397442540506 0.421090977992651 0.405434570181287 0.392074668494717 0.42490357413062 0.452562217164201 0.454901840638735 0.428918245373812 0.400355739569608 0.382947331670939 0.345975871119433 0.299908777979808 0.291935713271614 0.262916998475982 0.231931937696062 0.223510719899395 0.254474702247146 0.262815501122875 0.274981321088189 0.270708581642342 0.263411804348347 0.276220879812502 0.238399779805173 0.268781775800656 0.283561904779521 0.295390511126105 0.320261703010776 0.369330823045063 0.411449209283827 0.421789359785566 0.445224739590864 0.473099162398907 0.504722746516187 0.53437804057643 0.586811524284793 0.598879893289812 -9999 -9999 -9999 -9999 -9999 -9999 -9999 -9999
0.309739028865434 0.344244494743385 0.37198067192261 0.38909684100874 0.403053782495114 0.398891139805639 0.408672531960745 0.430632694961626 0.446389394116332 0.464878030160959 0.443445733182556 0.45013639923206 0.450356911589121 0.442194656575525 0.453576690829487 0.461136616648483 0.438666193304105 0.433023414584312 0.415409095852455 0.45411259310651 0.480127037428547 0.442494670985879 0.398576911753705 0.364951596731904 0.359783535115686 0.353001338005258 0.295935491862607 0.276092918272791 0.267675128314292 0.220147943183174 0.208322269196634 0.231961628653097 0.254008932293275 0.243446258098636 0.247719650478665 0.270664307689924 0.277804650478932 0.230392625759805 0.254089168240855 0.294623996850851 0.295760327992799 0.334578015536095 0.387548611375301 0.407447819836816 0.427354846971183 0.449271675280327 0.493646534015701 0.525440631572432 0.552681917343403 0.595140392355011 -9999 -9999 -9999 -9999 -9999 -9999 -9999 -9999 -9999
0.287756868035882 0.302533992664752 0.339548777146649 0.354492382026635 0.37015886487218 0.378200130246174 0.411824857335271 0.433641293479253 0.444690837293872 0.46422807995382 0.464742566209035 0.470964674819322 0.471323041803709 0.470752211508642 0.45984092978861 0.469000379873297 0.46380839704307 0.458895786424911 0.453204680042949 0.476332532384739 0.488044117689562 0.445924407217826 0.384445688479024 0.371888053687029 0.359145287796717 0.368287701578934 0.354693473699915 0.306246744416994 0.287103877663783 0.226432479816228 0.216779082867473 0.248218565234519 0.258131322297016 0.217438378719739 0.23088143007765 0.292323408139671 0.299836550502934 0.257600257260269 0.227631612681638 0.2960548059212 0.331571662879827 0.374223833831914 0.408887454025156 0.414993591584044 0.436784860045472 0.454747523832226 0.480039227536722 0.52848656239982 0.552949424110534 -9999 -9999 -9999 -9999 -9999 -9999 -9999 -9999 -9999 -9999
0.282501897673589 0.261420781079436 0.288432884581944 0.313215463712845 0.345293911800221 0.364883735011906 0.38915492870197 0.41498323799608 0.433144715471067 0.44099477017107 0.451624841220528 0.461591346076991 0.474193204650892 0.47552155553017 0.473113671598048 0.470142368530868 0.464718411439222 0.444019296469267 0.457129074175975 0.472416985309532 0.46740441694569 0.431292618129279 0.36650277832933 0.33852877531663 0.334544296813823 0.343249789779134 0.345097968751705 0.293420387416425 0.253299489436576 0.21165183582108 0.22712781467997 0.25865694591933 0.252559785171338 0.24783623560759 0.280773090895424 0.31106226844061 0.263633397837088 0.336944781525069 0.25212464221604 0.316592270450141 0.370083712530029 0.423036127024775 0.47415439030299 0.489469638797803 0.497845952085653 0.508406406330299 0.524388183978162 0.533148563841742 -9999 -9999 -9999 -9999 -9999 -9999 -9999 -9999 -9999 -9999 -9999
0.275430321136766 0.247043225570687 0.259370138347189 0.285551367935449 0.311793163763053 0.330252063755016 0.362422973687759 0.401339934198322 0.419470998117007 0.419716096234998 0.437700567476734 0.450948213770509 0.46128775100969 0.456667269798729 0.466526635978034 0.468661867972495 0.454646952175275 0.436081976428965 0.47308346467602 0.470597838863288 0.461498572835142 0.45188152183502 0.367597834850308 0.327190493505854 0.330813856933952 0.336259149149522 0.303856815787595 0.307006681512451 0.288540807438103 0.237491587078894 0.239681742639737 0.259099525652602 0.273067373412689 0.279378770026925 0.320473729207135 0.331535468453807 0.283449130564827 0.331508847231169 0.261554682284088 0.331887922135799 0.408311676323452 0.46797093701994 0.505144303058519 0.552534660340049 0.57876403390626 0.595651646417907 0.592774176575087 -9999 -9999 -9999 -9999 -9999 -9999 -9999 -9999 -9999 -9999 -9999 -9999
0.259414004645758 0.249049582383858 0.230934796415881 0.259773863272938 0.284574537456376 0.329825187474719 0.363340471767449 0.39051587680961 0.401069695542058 0.417576864507613 0.429941007118359 0.43486042450197 0.440008756935243 0.428997109279099 0.43349043857954 0.442848712812911 0.449340482556361 0.455741450745529 0.481311117915226 0.475971313955163 0.472975981473828 0.450064429906042 0.389649051087514 0.334974619742699 0.337549627347032 0.32066388914299 0.253932349788322 0.272024146001407 0.305421326936645 0.246887170609874 0.24988292912473 0.264855547971653 0.276475161406113 0.305060468909769 0.332421140689919 0.346541274936661 0.304054290520855 0.31597602926564 0.282665026854146 0.324346929341909 0.389853387140884 0.441495748863395 0.471321898350082 0.536558823427631 0.587298249262708 0.614277358076175 -9999 -9999 -9999 -9999 -9999 -9999 -9999 -9999 -9999 -9999 -9999 -9999 -9999
0.216940451769865 0.242610893986855 0.238226709130889 0.248549403747098 0.281385300522116 0.358347073185814 0.375605963218054 0.3943439971711 0.402795250653254 0.419919570793565 0.421618864800042 0.419109163358883 0.402190972345869 0.41188280563575 0.414338062761621 0.429230016671375 0.459959856591436 0.47129646363718 0.470102576187264 0.468657288595555 0.459180041549217 0.411519591018237 0.369740991676237 0.35031969191331 0.32242058699286 0.306295014349525 0.261994068622647 0.294478577434729 0.291724184073808 0.254815825210397 0.261596415890263 0.280750963089085 0.300324397207438 0.327317280204618 0.356655629524604 0.372980323224026 0.354748713650048 0.323259106035997 0.388719421370927 0.409310796579123 0.438388099240507 0.445833848082118 0.468267954973085 0.521065937018856 0.596693411603031 -9999 -9999 -9999 -9999 -9999 -9999 -9999 -9999 -9999 -9999 -9999 -9999 -9999 -9999
0.235984691853886 0.240166735287529 0.25277921173234 0.272569167899677 0.308657997523394 0.354783593098034 0.361310676680274 0.359257530401994 0.403030024672334 0.405169006714958 0.387461583955107 0.351869976894077 0.394424977395498 0.411413436526215 0.422300181171043 0.432772418077567 0.416807921323463 0.449851313131353 0.452344107197722 0.461451790865165 0.394897019589302 0.345736344879486 0.369175219325983 0.334189727246931 0.28776828531752 0.253983217019505 0.295862386892121 0.302541621898108 0.26966407104682 0.262159289373098 0.259710948840612 0.285755083056002 0.313625090509627 0.336131495895797 0.366681613866616 0.376185171634725 0.325703651402086 0.390498464484872 0.444735179064023 0.464005450976142 0.487196191294353 0.482384989362241 0.521505978645548 0.54372876232694 0.621858299643645 -9999 -9999 -9999 -9999 -9999 -9999 -9999 -9999 -9999 -9999 -9999 -9999 -9999 -9999
0.226766231441128 0.223004170219397 0.230930914874935 0.2675029219036 0.303927882135933 0.334965511585741 0.349450828850422 0.355558293657054 0.396341906392168 0.378718287326432 0.359744203221963 0.371206710913059 0.376188478390169 0.378307353918329 0.388169132529747 0.40406672717246 0.402950280663176 0.421969784014218 0.440093981697025 0.43935085431534 0.359600743917248 0.323367609949134 0.350951540084075 0.303543300561118 0.29059737063202 0.256050581345381 0.290526588337926 0.277309854297589 0.254877311489373 0.260957653626783 0.277611811176882 0.292699802550917 0.307854260066366 0.356854195232915 0.400513667885995 0.405366733453455 0.378810416511641 0.41825630616455 0.456467191368276 0.482257232735658 0.494683258141245 0.481077184266944 0.565352623331672 0.579589080058091 0.593500107851499 -9999 -9999 -9999 -9999 -9999 -9999 -9999 -9999 -9999 -9999 -9999 -9999 -9999 -9999
0.220145955464602 0.219601740066129 0.228872396123879 0.264977386090451 0.293412696780492 0.29977489966318 0.327992524135676 0.360791615065556 0.390143752205733 0.374411855729168 0.365309024026189 0.385226968620267 0.360828975742368 0.343116140876488 0.36308679938 0.397735916006157 0.37756411859688 0.397009585569564 0.387413085654214 0.386289098437018 0.369825196737844 0.322394201222871 0.30115626467851 0.269307935943021 0.254301570376387 0.231736264575181 0.246122371403064 0.257098813232562 0.279676213975608 0.289024345234136 0.298363058563253 0.327246744629653 0.341669982125361 0.368246713729328 0.410778893693886 0.404909184222043 0.384946066956938 0.419206011264798 0.482415960131946 0.49127969285955 0.514485386759609 0.55299949532446 0.583824674796284 0.603594117182861 -9999 -9999 -9999 -9999 -9999 -9999 -9999 -9999 -9999 -9999 -9999 -9999 -9999 -9999 -9999
0.219248947262363 0.228520014695993 0.248713091498841 0.268592875538376 0.285348501511214 0.287196757982565 0.318492888445072 0.348686070188318 0.365044913433732 0.366253582115029 0.356249908207572 0.357559992719889 0.341883657532415 0.333679770525002 0.3365984627809 0.370887897347394 0.341758229563559 0.360783148526583 0.35360467101695 0.347424952894424 0.319862212847373 0.274561147432388 0.272416338857587 0.262228116493586 0.262132589481685 0.250511106844652 0.255006501429831 0.258570195717645 0.281808460306617 0.311872024756748 0.328474755470977 0.34745282710393 0.352189848326117 0.367764313240395 0.415508854270423 0.427202274939262 0.424393604431188 0.441129229475273 0.513799430095747 0.531688223569645 0.579313935414898 0.611503696388926 0.633436630941473 0.638783144173139 -9999 -9999 -9999 -9999 -9999 -9999 -9999 -9999 -9999 -9999 -9999 -9999 -9999 -9999 -9999
0.222580830751809 0.218194941031674 0.251916366449091 0.263268324510861 0.272086062839352 0.28487082068689 0.309602380832431 0.335690047688404 0.342422192105166 0.339578226679077 0.338045708813129 0.326739960668063 0.318358712901291 0.307286456473895 0.323005998680207 0.345631930135531 0.337520246849889 0.328531123704606 0.324480246725178 0.319905818005168 0.280456540859549 0.264213002053557 0.268243927221267 0.279298607692265 0.276368358204179 0.272197589126155 0.270135867364002 0.287656917099464 0.291479214994643 0.316699648587194 0.32394389315122 0.326752552945188 0.343628679739013 0.362960162290757 0.41245032516688 0.425247747406858 0.473490798413484 0.514108280134768 0.528883698597407 0.571530622419369 0.601108261625707 0.621817530356845 0.659858550611474 0.66095626617449 -9999 -9999 -9999 -9999 -9999 -9999 -9999 -9999 -9999 -9999 -9999 -9999 -9999 -9999 -9999
0.224056774086509 0.232640478649227 0.232833993058461 0.242567626343715 0.257926304555758 0.268385855027457 0.292460128972049 0.308714761308194 0.323639830539551 0.332553088396916 0.316969785566871 0.30205182196134 0.288179715919028 0.297740160837772 0.32100282641141 0.329119341816004 0.29130074665688 0.284196845793702 0.282108639243608 0.284060314076326 0.287688167869375 0.279894640424993 0.264923634241245 0.280617816033197 0.295097028512905 0.286921757908891 0.281815891483266 0.30087087111963 0.318706304484422 0.319347468604319 0.331266880651932 0.337924911560312 0.348323517236519 0.37110372833079 0.423578422843341 0.481109851049229 0.575269704068526 0.583663927263105 0.634026725355891 0.677736108659292 0.635028689894598 0.6417853720109 0.706861911232064 0.705753238897454 -9999 -9999 -9999 -9999 -9999 -9999 -9999 -9999 -9999 -9999 -9999 -9999 -9999 -9999 -9999
0.228116818140755 0.228243159145676 0.218072365895303 0.226835394881618 0.250097408457729 0.262830846233748 0.285226448990682 0.300541724168837 0.318429242877822 0.323638354203898 0.320972281317154 0.311025086324081 0.30792027191883 0.31523061761385 0.31642192157262 0.314489884774797 0.284927186737786 0.282270071659664 0.284104613033442 0.293501729595109 0.298586070449088 0.291497049198681 0.303878486915493 0.295820262332626 0.304577049846776 0.296364489800219 0.302771720674287 0.317274652275868 0.325867975599636 0.318653279090646 0.320514945645486 0.32853615849019 0.332443887546156 0.350495558979193 0.409150066846839 0.532280637321419 0.651612594236792 0.723260396708194 0.710136944752303 0.722609152728623 0.706561214577884 0.775122194119839 0.752954605017382 0.731296204163675 -9999 -9999 -9999 -9999 -9999 -9999 -9999 -9999 -9999 -9999 -9999 -9999 -9999 -9999 -9999
0.224744275433694 0.236946576502141 0.231307088106121 0.228288451366702 0.243647008910256 0.274671808198643 0.294004441975059 0.303972778879059 0.313170499062995 0.321813444183401 0.327281581173886 0.307494303930963 0.319027287131354 0.321346471423448 0.300785395141811 0.300460364277731 0.308048450565762 0.300437731930501 0.286202133404474 0.297644186529534 0.312936082407734 0.308662755048134 0.318364828563555 0.310216292783807 0.305797950416948 0.305328790860065 0.313737599052016 0.338376032695546 0.334032462922157 0.317926271565101 0.313256697663041 0.308201961780583 0.268205245741853 0.3398608919142 0.445034156341496 0.562821819958347 0.652303597667536 0.686782539372305 0.731625320249387 0.778000874159893 0.785393483746572 0.807994639361969 0.830728048582806 -9999 -9999 -9999 -9999 -9999 -9999 -9999 -9999 -9999 -9999 -9999 -9999 -9999 -9999 -9999 -9999
0.251859393851006 0.244210608681486 0.248189325677439 0.253766804896599 0.267338241198533 0.297806161762705 0.307153881546314 0.313492644851444 0.321746395671733 0.329117262526222 0.314605051228726 0.290311344464255 0.294542185724153 0.292378896474067 0.278699156572975 0.278369503705743 0.291727738475079 0.293762610515114 0.296582453920016 0.31448679043661 0.325284759103098 0.334490251644372 0.334095373348168 0.324349326620835 0.325087008340254 0.331635614041205 0.330877969088275 0.348887353525286 0.339128755094362 0.318828707489815 0.311999244613496 0.296448685288803 0.240665394529481 0.304658069118871 0.43599930234074 0.555298578999216 0.658081949593234 0.69853203995549 0.793240039571473 0.819081382398578 0.82035372231727 0.828912920338812 0.839447146932378 -9999 -9999 -9999 -9999 -9999 -9999 -9999 -9999 -9999 -9999 -9999 -9999 -9999 -9999 -9999 -9999
0.264899568167988 0.256942295198559 0.258536393978388 0.274588592342526 0.287911908181988 0.308551491573311 0.318751495151303 0.333076785370563 0.335806963013569 0.335479250733348 0.294230767408626 0.271292553812153 0.284287014937501 0.27241959858332 0.268849384514346 0.272997063074669 0.274059983640084 0.274532733735851 0.314503922017819 0.355468635401305 0.344849739727828 0.354496960832742 0.342516817827879 0.332012819172431 0.335399874042102 0.332933610701127 0.338270985348719 0.361866155861733 0.360333622676983 0.345380965564456 0.326061411152243 0.308212046652052 0.305275698631154 0.306525175775401 0.448532789830139 0.585987779441504 0.72567689103717 0.73898883745266 0.779285997350869 0.80536140027139 0.821907426165378 0.838584468126674 0.840632054568891 -9999 -9999 -9999 -9999 -9999 -9999 -9999 -9999 -9999 -9999 -9999 -9999 -9999 -9999 -9999 -9999
0.289712613443086 0.281183208917717 0.278654785580315 0.300477226385461 0.317512548952069 0.3243135266679 0.341316342717515 0.347947324234495 0.348526481397082 0.34511854674635 0.307962327805716 0.287146789901969 0.289453795481711 0.27660772529296 0.272795983885814 0.297749786367462 0.285981645787577 0.265020182215625 0.326217393343211 0.36368457390336 0.354966081189241 0.371553545311694 0.352795730868666 0.33855335535212 0.338725562228508 0.34199381653917 0.341910245000737 0.397745678999822 0.395087156045282 0.378260478196873 0.352660592782065 0.315068578653022 0.340656698763491 0.338926760418163 0.497266060545177 0.594476382131615 0.740732116625588 0.786212902434887 0.763110621645447 0.802685138701758 0.823564751548408 0.842324278528494 -9999 -9999 -9999 -9999 -9999 -9999 -9999 -9999 -9999 -9999 -9999 -9999 -9999 -9999 -9999 -9999 -9999
0.303001899202407 0.294243223377113 0.299840116755702 0.319935643326966 0.338898213735318 0.346450025424227 0.347400998086676 0.361650502959966 0.36240809658617 0.359626952987894 0.317856967279434 0.304777643908457 0.275453718531399 0.278551125649564 0.294654604044771 0.316536485350493 0.307380510740306 0.280360653952326 0.345841928165797 0.361558204222012 0.372489484897362 0.421422317840761 0.386724095214009 0.353768587323383 0.34746830746376 0.356726399034177 0.369511329429771 0.409377347024707 0.407857867964089 0.38848202684697 0.357799424868591 0.317656780985722 0.332860969941209 0.389828510441465 0.526085070701907 0.653047548650167 0.757490548396919 0.789312851908013 0.758796297281704 0.781219062517342 0.816247569311175 0.824767462612051 -9999 -9999 -9999 -9999 -9999 -9999 -9999 -9999 -9999 -9999 -9999 -9999 -9999 -9999 -9999 -9999 -9999
0.310719107667969 0.314108260098216 0.32342182445011 0.336750163667193 0.358460412755746 0.372390387602126 0.363890430357494 0.366713541806755 0.375913021676 0.361698562626521 0.330099933560149 0.286916406695989 0.282058499760623 0.300841151513647 0.321264053333385 0.329239794816316 0.335181814113601 0.332426795412496 0.369762267505243 0.376333978499557 0.386228892101433 0.427265114701498 0.43157852658475 0.402810276268241 0.391900717542122 0.382415215967808 0.365910929873927 0.390619079890758 0.400696064969238 0.387721770340194 0.362091326463601 0.330029101845914 0.301617842060414 0.386056462967085 0.499436979125033 0.660620430198692 0.703082665461422 0.698514845566645 0.75383776115241 0.752332190828614 0.788653185079855 0.811789535868433 -9999 -9999 -9999 -9999 -9999 -9999 -9999 -9999 -9999 -9999 -9999 -9999 -9999 -9999 -9999 -9999 -9999
