layers50/veg_krg_50/veg_3700.asc
NCOLS 128 
NROWS 165 
XLLCORNER -2985163.8955 
YLLCORNER -3022031.214 
CELLSIZE 50000 
NODATA_value -9999 
[rows 26 to 51 of 165, columns 59 to 117 of 128]
0.309736210800019 0.287176387986271 0.27911110530284 0.262394692075594 0.249548572021033 0.241812938141367 0.641019888095904 0.691679177309319 0.704808884116382 0.660405351492384 0.680382909809148 0.72393037809873 0.748939523352879 0.794875831967294 0.836073082373018 0.865000018396519 0.878972706896716 0.8968106466206 0.906852970192135 0.903662155513251 0.90608932640663 0.918961776783891 -9999 -9999 -9999 -9999 -9999 -9999 -9999 -9999 -9999 -9999 -9999 -9999 -9999 -9999 -9999 -9999 -9999 -9999 -9999 -9999 -9999 -9999 -9999 -9999 -9999 -9999 -9999 -9999 -9999 -9999 -9999 -9999 -9999 -9999 -9999 -9999 -9999
0.307245398825122 0.298515834992238 0.295257719004277 0.281737361430565 0.416374275480499 0.551937397117512 0.688478702170935 0.722956454975019 0.714298642140624 0.702412051310054 0.703565721945628 0.707231260010101 0.746907987611623 0.785552381679823 0.826467147264279 0.851974999701298 0.863925267554686 0.875990374600676 0.872816932075312 0.889147081004596 0.896428811934774 0.915523449633119 0.937161316550681 -9999 -9999 -9999 -9999 -9999 -9999 -9999 -9999 -9999 -9999 -9999 -9999 -9999 -9999 -9999 -9999 -9999 -9999 -9999 -9999 -9999 -9999 -9999 -9999 -9999 -9999 -9999 -9999 -9999 -9999 -9999 -9999 -9999 -9999 -9999 -9999
0.315573015198367 0.585243144689977 0.610910051042604 0.607111304953472 0.652873667659164 0.678458363664594 0.746758162023287 0.741404216407847 0.721649962327925 0.717882855799256 0.719812357678126 0.724725560642755 0.722940902632738 0.753274316707763 0.811839952545979 0.851688982779377 0.863988140615582 0.873874204978872 0.892128536551474 0.90954301103109 0.912668980732074 0.919689687681909 0.943863165931345 0.943380021716827 -9999 -9999 -9999 -9999 -9999 -9999 -9999 -9999 -9999 -9999 -9999 -9999 -9999 -9999 -9999 -9999 -9999 -9999 -9999 -9999 -9999 -9999 -9999 -9999 -9999 -9999 -9999 -9999 -9999 -9999 -9999 -9999 -9999 -9999 -9999
0.628053710956781 0.629068555887459 0.652254064733472 0.680903206181219 0.689533626927494 0.703001807382814 0.743742798648446 0.744071275911382 0.729339287706146 0.723010020006017 0.731183371943982 0.720994284230328 0.716889173704585 0.750937257028676 0.80005631012269 0.840879249863858 0.858391075396461 0.875570540265481 0.898958759826214 0.910720900131877 0.924235813692457 0.934671701679179 0.946372230520933 0.95122742207727 -9999 -9999 -9999 -9999 -9999 -9999 -9999 -9999 -9999 -9999 -9999 -9999 -9999 -9999 -9999 -9999 -9999 -9999 -9999 -9999 -9999 -9999 -9999 -9999 -9999 -9999 -9999 -9999 -9999 -9999 -9999 -9999 -9999 -9999 -9999
0.65574994365789 0.683486945545966 0.704063732022037 0.716964282479462 0.722934851969777 0.751316682329261 0.754739876526927 0.75935486015343 0.751811895939727 0.742090421790341 0.698934190806975 0.696998711000451 0.683850624676936 0.733784176560625 0.784889421555945 0.824047979672085 0.852323545908062 0.865962160742646 0.88577798412499 0.908549364963118 0.935630158006604 0.949868077936157 0.953928400803764 0.956344508483643 -9999 -9999 -9999 -9999 -9999 -9999 -9999 -9999 -9999 -9999 -9999 -9999 -9999 -9999 -9999 -9999 -9999 -9999 -9999 -9999 -9999 -9999 -9999 -9999 -9999 -9999 -9999 -9999 -9999 -9999 -9999 -9999 -9999 -9999 -9999
0.692734424642706 0.725720971639991 0.737886847413741 0.746249989297908 0.753244266574355 0.755009041947715 0.735658758070784 0.740770136431239 0.730897441491579 0.710861159919342 0.673954876114091 0.679982728363152 0.63466983643075 0.66555344643752 0.76341926895938 0.796549973091674 0.83456175528782 0.861927934563719 0.87477452863471 0.907844826651121 0.943215981722479 0.952893021584991 0.960106998721368 0.95997657614748 -9999 -9999 -9999 -9999 -9999 -9999 -9999 -9999 -9999 -9999 -9999 -9999 -9999 -9999 -9999 -9999 -9999 -9999 -9999 -9999 -9999 -9999 -9999 -9999 -9999 -9999 -9999 -9999 -9999 -9999 -9999 -9999 -9999 -9999 -9999
0.737337754711334 0.751509025297799 0.768046952191312 0.77624192823257 0.781907749899628 0.768681500900009 0.759270146302372 0.741546275765192 0.72689561203653 0.677736051347838 0.687013968628519 0.628150412779567 0.592299710610975 0.690893673820709 0.755990280931921 0.763013598484798 0.803031342311279 0.841911442988558 0.856389041981407 0.906375040720579 0.949104772156722 0.964626957683244 0.966745339902285 0.965595177554191 -9999 -9999 -9999 -9999 -9999 -9999 -9999 -9999 -9999 -9999 -9999 -9999 -9999 -9999 -9999 -9999 -9999 -9999 -9999 -9999 -9999 -9999 -9999 -9999 -9999 -9999 -9999 -9999 -9999 -9999 -9999 -9999 -9999 -9999 -9999
0.76835436834885 0.788589864097544 0.797427694197085 0.803376187899861 0.79833216594192 0.805103655146179 0.821291824942228 0.803175299465563 0.772966104056371 0.784789121642555 0.686743429922805 0.65940493161092 0.684238306812925 0.69816882947683 0.704600991811639 0.725550598945149 0.793910124507926 0.831829153342418 0.879492746992897 0.918654500971627 0.955105711124902 0.966364717552546 0.971849309517214 0.96285824818523 0.95188225543134 0.940767316383023 0.920755000879664 -9999 -9999 -9999 -9999 -9999 -9999 -9999 -9999 -9999 -9999 -9999 -9999 -9999 -9999 -9999 -9999 -9999 -9999 -9999 -9999 -9999 -9999 -9999 -9999 -9999 -9999 -9999 -9999 -9999 -9999 -9999 -9999
0.820589477586083 0.818925745622001 0.821216396864445 0.824705757115504 0.816324029593592 0.827167099153892 0.852549175656359 0.856908127902871 0.846128279499644 0.843066990151507 0.712776044955172 0.757270519699309 0.671027756334598 0.664455843254046 0.622417655569514 0.738934283727281 0.813412561258651 0.841948705249394 0.895768428683079 0.940019732657049 0.970794079880004 0.975953188279106 0.968792886706859 0.959671918444323 0.948030931554736 0.929791421731215 0.915821902365395 0.887865966004567 0.873458921902279 0.854899133665188 0.831004849851781 0.806045967281354 -9999 -9999 -9999 -9999 -9999 -9999 -9999 -9999 -9999 -9999 -9999 -9999 -9999 -9999 -9999 -9999 -9999 -9999 -9999 -9999 -9999 -9999 -9999 -9999 -9999 -9999 -9999
0.848657168635589 0.844147000865339 0.842522645376921 0.838055084966425 0.838910150210711 0.844634645890052 0.852303119289266 0.853731103417283 0.860705752376445 0.890443799908929 0.843657854007243 0.818570391856941 0.772011546275912 0.762990461025951 0.737809094909273 0.792583731736751 0.821462162584559 0.871219252466587 0.909881287707353 0.94841351072655 0.970912124024522 0.973504319435218 0.963561839074518 0.954434173482247 0.943518872766829 0.927759841199957 0.897013090769386 0.880289456157175 0.855628493208925 0.840822213254577 0.814085214509287 0.800476032598119 0.726910305802922 -9999 -9999 -9999 -9999 -9999 -9999 -9999 -9999 -9999 -9999 -9999 -9999 -9999 -9999 -9999 -9999 -9999 -9999 -9999 -9999 -9999 -9999 -9999 -9999 -9999 -9999
0.869217813674913 0.867514365611385 0.860993253815282 0.851772819551943 0.854401259698371 0.856307214151738 0.871224632704094 0.882211238413849 0.905800197741383 0.875792188253977 0.86601958829916 0.862405078882983 0.865980547768074 0.84857223875862 0.836397618760578 0.815762442513957 0.82012065611435 0.865174613564565 0.900364709269541 0.938161070297934 0.958510612774499 0.96145239754925 0.953174484832874 0.944422242545787 0.940290007661447 0.911835712135096 0.868896285746179 0.852624844875404 0.84931754498604 0.826378616731931 0.797426378776448 0.769113603846179 0.722168207738149 0.710968354500628 0.703345319982194 -9999 -9999 -9999 -9999 -9999 -9999 -9999 -9999 -9999 -9999 -9999 -9999 -9999 -9999 -9999 -9999 -9999 -9999 -9999 -9999 -9999 -9999 -9999 -9999
0.890542318726733 0.885000499602443 0.873296480231629 0.862105740927087 0.86560431308195 0.8784237219386 0.88518765542873 0.879445938013187 0.862518267799622 0.838740926051761 0.784380032733551 0.783750495546841 0.826606202279164 0.834266870480893 0.807066945013547 0.792087670421048 0.79027868009713 0.845764141001821 0.877486853823179 0.910988634965301 0.930038535387414 0.937169905265574 0.937211321907168 0.938958619585897 0.914373441741724 0.858042348307914 0.835867926399063 0.846055209511618 0.837776336843216 0.806062445837212 0.791795532797014 0.74003254687401 0.706792401784336 0.698844244771469 0.683350780579512 0.67803072759009 -9999 -9999 -9999 -9999 -9999 -9999 -9999 -9999 -9999 -9999 -9999 -9999 -9999 -9999 -9999 -9999 -9999 -9999 -9999 -9999 -9999 -9999 -9999
0.906060089418021 0.898290548117903 0.887088779640131 0.8761959668505 0.868667032377878 0.864007541785396 0.860858219124034 0.861164315638562 0.857877794002654 0.840687640182413 0.787296940217456 0.789111670151723 0.808445947503277 0.794659809213128 0.781734975162089 0.783616352008539 0.787303870210861 0.823070736856254 0.843756362920654 0.871011122624628 0.892753803487366 0.898969005525282 0.907208260844994 0.91042377950567 0.881120964772012 0.85425154336661 0.846220471264141 0.84274604057631 0.822633241905563 0.791292553775817 0.764660282478191 0.696007675163512 0.67353938227623 0.668888904726618 0.660292488968694 0.655194236397238 -9999 0.612885665167074 -9999 -9999 -9999 -9999 -9999 -9999 -9999 -9999 -9999 -9999 -9999 -9999 -9999 -9999 -9999 -9999 -9999 -9999 -9999 -9999 -9999
0.917353587532184 0.904698049846355 0.892755589031175 0.879395413699351 0.869572976128015 0.859652147408153 0.858971229661034 0.847372892244302 0.846303953363375 0.835973630908547 0.759255660816737 0.829405529152392 0.800989971545019 0.787385009558607 0.781538698444604 0.777305510984938 0.778100990845608 0.786466213286837 0.826583861169216 0.841780149522649 0.856866881785963 0.866002244597106 0.874539968218806 0.885383760508242 0.88731614642194 0.857693600102755 0.842328383766685 0.829816741701832 0.799591085333194 0.771099402676132 0.71780711731859 0.650919196138182 0.653448258459671 0.65521159246389 0.651245922115363 0.634718433353046 0.607107160201027 0.582491454434207 0.576141936640144 0.584677967359288 0.603496497199644 0.646548322702483 -9999 -9999 -9999 -9999 -9999 -9999 -9999 -9999 -9999 -9999 -9999 -9999 -9999 -9999 -9999 -9999 -9999
0.91403942526876 0.900403052897268 0.883538913973636 0.870464593671372 0.863359528755071 0.854443885833368 0.848263896313692 0.834324902611605 0.825642709076297 0.820345569741463 0.819743629502448 0.798196557217981 0.766311554877621 0.756072130016701 0.76876839522435 0.779225605413169 0.78463655394272 0.768605148982244 0.784830764983572 0.800063254900134 0.814575156828571 0.824047188901701 0.840817889936913 0.850762007795331 0.854402652974861 0.847841567958378 0.833881292676324 0.800141888229107 0.730631694860531 0.764659961552959 0.641545862348427 0.648252854678024 0.645846884286685 0.661462884951513 0.654748548559504 0.62216831116639 0.579272324235453 0.543573555263756 0.540271243384973 0.569181451901487 0.602479444401307 0.634760048552887 0.628143689452896 0.651541898246657 0.707882750900486 0.760608134415306 -9999 -9999 -9999 -9999 -9999 -9999 -9999 -9999 -9999 -9999 -9999 -9999 -9999
0.902344478039035 0.892601120652489 0.878721460374668 0.864677501618497 0.854380079899561 0.843648259997283 0.838308625214941 0.825064393103091 0.820929706165699 0.79790831761666 0.780954291699429 0.754399823886464 0.72027260176293 0.740605498118964 0.75451428093871 0.756493409536553 0.741007593397602 0.738057119790978 0.742408232451801 0.765962287233523 0.772995726141393 0.78424587944553 0.799683456063823 0.835032211216809 0.841534648270676 0.840703552872245 0.819932603457188 0.773287215365625 0.716670929142368 0.709072377793978 0.643515848840924 0.661824560975748 0.651271759791032 0.661034389559768 0.644111492685508 0.614615538524378 0.568957080568527 0.549474205779969 0.545310102544986 0.577578101040428 0.59432645828752 0.598996132519401 0.572312814586098 0.634614793150524 0.70022893549098 0.758047927355801 0.800537671508041 -9999 -9999 -9999 -9999 -9999 -9999 -9999 -9999 -9999 -9999 -9999 -9999
0.889803558389163 0.881691866618968 0.871255901883007 0.857869012698341 0.844647433670451 0.829296815007374 0.828844029825393 0.815266948243495 0.807535548592853 0.785675908302504 0.748813100169942 0.723394300721042 0.705944855987872 0.704781100828075 0.716201749060201 0.70107502529067 0.70732583899124 0.69159687964744 0.690494300770338 0.717189034590148 0.712541860195011 0.723348722206614 0.726774340507355 0.819064631322338 0.834481269360495 0.800891780928927 0.780820529658267 0.719438426289543 0.669559002013472 0.68576324452252 0.656820229565065 0.641994917208031 0.628966401672358 0.635681077238465 0.623105911040599 0.59605258877909 0.560931224345796 0.55104092225091 0.555235850169872 0.571612288563417 0.586297351691376 0.595965486085264 0.486672054564974 0.543920121027941 0.69483820487917 0.728034458912006 0.777721601364273 0.824411782430298 -9999 -9999 -9999 -9999 -9999 -9999 -9999 -9999 -9999 -9999 -9999
0.874690323031235 0.86996880308697 0.862384476595397 0.85036206061337 0.832895412777264 0.816505307411069 0.82092391716643 0.794537824330977 0.776136581366786 0.783712236756385 0.732674209218106 0.694236815130404 0.692354308586723 0.696553490434922 0.679505165355405 0.648756833373581 0.676352049331969 0.667308956600115 0.652374862583299 0.674756923866311 0.642899917186474 0.644950789732147 0.710158486569112 0.779314020373642 0.83728348294711 0.831849902155334 0.792399093634207 0.716148570187324 0.622043583299312 0.645474038928782 0.618629360771945 0.582374240628922 0.606326897943181 0.612482165446728 0.592662857311594 0.569516488108054 0.558320351026313 0.564466326260301 0.564899189630118 0.566923663303164 0.581220271862605 0.503284425284916 0.455657442692896 0.524694879200248 0.673995181637039 0.675515755725507 0.754474445234628 0.778240712514534 0.836363464238497 -9999 -9999 -9999 -9999 -9999 -9999 -9999 -9999 -9999 -9999
0.861256927392365 0.859083579943105 0.852357037892105 0.836885756117727 0.821738117460639 0.811260000185386 0.815013064667177 0.791041594695345 0.781263333906717 0.777380251277405 0.753402789348808 0.692098096752542 0.682988446449693 0.691988615543252 0.64209135626843 0.610507241392532 0.631022747601456 0.634630349616835 0.605319823293454 0.626579376166798 0.596808529839091 0.629700857024263 0.691230773753221 0.758208590006139 0.80503551132808 0.840126604065347 0.759671683759928 0.759100941372455 0.663921058673896 0.593653147058499 0.584102545344047 0.600858907670566 0.59092218906386 0.597191925109063 0.566584041771212 0.528076875026711 0.551706688148708 0.564837116188064 0.570003071301044 0.575409287485821 0.57701707955552 0.532656726838517 0.477920596290085 0.593666660981641 0.630911041995422 0.62021809285846 0.680455959069768 0.770477073825147 0.822624338589444 0.852038366459842 -9999 -9999 -9999 -9999 -9999 -9999 -9999 -9999 -9999
0.833030224799003 0.838236609734816 0.83556821114464 0.820795809785868 0.807889527262128 0.802012464962273 0.800088591160852 0.775494938052287 0.761801198980986 0.75477822593096 0.69427256020213 0.665765659314825 0.668741065397191 0.673380111959127 0.631376162113479 0.611089317165994 0.610859193973281 0.605032149025374 0.548258634866754 0.551700011249193 0.578569130985846 0.588053558583335 0.483156765660516 0.674907645315466 0.770666697517432 0.740099809116795 0.773823346866479 0.678147553218821 0.667145024076327 0.561526217643651 0.576428090580245 0.569396944984064 0.55198417863961 0.562903127992918 0.532603152818197 0.531896462285571 0.530600779276821 0.52092067000657 0.534936385881096 0.544753535853668 0.558917949985036 0.532458170725388 0.516868249766103 0.578846996630779 0.562010143082044 0.614916532851741 0.67609457977751 0.766823481204882 0.800733189376305 0.822696648685331 0.83514167197175 -9999 -9999 -9999 -9999 -9999 -9999 -9999 -9999
0.80000487677671 0.811799970661144 0.816792045692303 0.805833067039759 0.795703830777073 0.771575215108445 0.773000625962436 0.738916181368288 0.707560066243641 0.697639835899398 0.689861476762506 0.65280066509335 0.6486840031367 0.633562759267229 0.593447937643804 0.562446350090121 0.577545743781563 0.581352669797996 0.512171890074222 0.537653354081876 0.551638939951335 0.589788887237005 0.565302004234419 0.543351794663539 0.692232220228602 0.684822075837694 0.695410082341714 0.623559962036028 0.650294981498837 0.563407492904549 0.516669361798576 0.497588006191579 0.477217330241786 0.474502882890481 0.45835673873195 0.467886264636882 0.480570032662613 0.493547645235423 0.524637101643851 0.517201848899424 0.532597975216952 0.492306685409725 0.435797321657221 0.527733706318946 0.535995176720177 0.577136386755259 0.691140672338189 0.766049457351629 0.78821976744453 0.805549113209455 0.815111924686405 0.831614031020506 0.831687492394354 0.817500270710016 -9999 -9999 -9999 -9999 -9999
0.775673940479812 0.780040839215408 0.791933430235825 0.77975052057532 0.774575031201158 0.754866379962212 0.753079982776656 0.701953595954195 0.61079749913874 0.616448166261077 0.669235848057794 0.624231810941374 0.627042265418803 0.609597392009135 0.592817371372932 0.541214567719354 0.541603948889083 0.571430687374004 0.534204749692172 0.542697204167821 0.534162816620432 0.528579606418993 0.551557012989172 0.575253715416394 0.649016956190742 0.643838040430639 0.623613526266478 0.596808181736466 0.599739453163123 0.519684959035593 0.463527122114061 0.426201055212693 0.405009482408976 0.413380434010182 0.415488536893218 0.424679594509385 0.414162531929492 0.467219186710544 0.50415824354921 0.478429019587303 0.500765604602609 0.496830841365034 0.414956372919747 0.486087955567113 0.53100159714259 0.585367331606439 0.659123009955587 0.736577812844286 0.718715530973262 0.778206978530841 0.798399532940532 0.817233800752216 0.809785181450828 0.785058110435003 0.793358195288896 0.798553017113043 -9999 -9999 -9999
0.750522414486817 0.752674012618723 0.761045623065402 0.745959177597499 0.72907422047484 0.731354303401235 0.710568673286995 0.650899164883035 0.520813452330708 0.473298301999428 0.645522988339364 0.595549479633478 0.607442673731593 0.585221573185364 0.556230557077155 0.50721663345358 0.554221151262907 0.546454706650686 0.531004182319615 0.545003362108951 0.493093556361898 0.475106637573507 0.508954052835209 0.643725507235784 0.639819478351846 0.584406423453599 0.574306779438002 0.599543953463963 0.55490538392356 0.472755881037373 0.46411953460685 0.450638623330486 0.451647477542334 0.433721742958157 0.42965701861794 0.432583754420688 0.442475043475708 0.481474130102447 0.494846361969369 0.48303483583642 0.464322472682844 0.447289202563047 0.424556592083732 0.466504288743866 0.534412990969439 0.607413019896639 0.668785430549679 0.621333229703955 0.661161212925759 0.692953807947456 0.755623092276583 0.747342473043567 0.714500305648055 0.743693509280624 0.771521795436233 0.794688988866975 -9999 -9999 -9999
0.728178858912131 0.735740020400641 0.744530714657176 0.73602140214771 0.710075137218065 0.66862008756444 0.582637094920685 0.447608258601341 0.303015856264334 0.411449722314953 0.397046664460171 0.50897595216455 0.590935565933577 0.562735018070014 0.592966934254398 0.549391513707474 0.577095041248082 0.532625885979344 0.505594011317134 0.513157636861191 0.496460928762158 0.439784370433244 0.545560024844991 0.642488815206905 0.65969984040383 0.58774664377472 0.588503539704607 0.582272873674068 0.536011579446519 0.487558745641879 0.46976549217727 0.41897853329151 0.406194352273272 0.38733310050525 0.373397955945591 0.392340129524255 0.408747257003292 0.443383330183472 0.477318142830299 0.477077842959432 0.481876877524482 0.473329217199297 0.437954587490802 0.447228022832104 0.480866149766396 0.52799812872531 0.603450938941024 0.618184276976455 0.653106887940898 0.66784525862997 0.693547437111192 0.680763947919581 0.636878098265174 0.714557452111375 0.75488145995434 0.766487046095188 -9999 -9999 -9999
0.700347227713448 0.704241781809103 0.721840902327934 0.731783797137249 0.700392868214779 0.682105428283586 0.629489493948456 0.482233357447264 0.413166747443865 0.422916931418361 0.574579237970322 0.574762602748438 0.549736918891445 0.535947976091465 0.55156560619332 0.519652930055886 0.583054555116036 0.508565002402119 0.500954009476002 0.504820311331397 0.426505210809461 0.463817670926199 0.537989362638007 0.597708104323461 0.583366593979481 0.530784214128189 0.552618348272087 0.519089448291514 0.481564708414419 0.440512423464725 0.411616255531522 0.413067795300811 0.383284816731116 0.350930102527105 0.337875464953863 0.350916321431726 0.342885686174575 0.382291240108476 0.43850452581846 0.446853805843808 0.445617879359882 0.452804753817103 0.410222577034005 0.41935187762749 0.414587571556852 0.488887334852966 0.554231364244944 0.574914379015985 0.61042110228044 0.652693882229555 0.652720828570925 0.657152536456979 0.632681253492543 0.675868040199534 0.735201205844706 0.753120616871319 -9999 -9999 -9999
0.671837724389103 0.655677957387922 0.672791672681178 0.704616478763023 0.69604050273244 0.683160511485677 0.671188791135953 0.648030475121549 0.641015695792328 0.578955531246877 0.589586907090548 0.56041161920934 0.531735009292495 0.516972470289909 0.539908286762924 0.472777578180505 0.501154626294508 0.543902449309381 0.418224382267731 0.428048531619444 0.449895890362954 0.492712312381864 0.503908848555073 0.536577841637211 0.504159350549518 0.504113006640426 0.506464038591472 0.456378199426843 0.414010626527756 0.363651640429471 0.350432952090414 0.378152914516936 0.34410911648197 0.345986375229925 0.316002289989017 0.345523407794632 0.316990854018943 0.334269109109979 0.399010530821318 0.397507709088438 0.403261506402604 0.426638595131893 0.411334019914679 0.432169973774447 0.444827120293195 0.47274736284381 0.511517322557133 0.5459158657369 0.573202004579642 0.591889561765727 0.592598633281358 0.616057496348938 0.633565055215099 0.680147307684359 0.718814155500821 0.727765972665674 -9999 -9999 -9999
