layers50/veg_krg_50/veg_3900.asc
NCOLS 128 
NROWS 165 
XLLCORNER -2985163.8955 
YLLCORNER -3022031.214 
CELLSIZE 50000 
NODATA_value -9999 
[rows 52 to 77 of 165, columns 59 to 117 of 128]
0.654208304276524 0.649437211154385 0.643175889726745 0.642944815695594 0.648597060049183 0.581982876034177 0.57711188660157 0.571629301455747 0.566671480952474 0.564545801252163 0.527802398713114 0.513664324886731 0.509283343331594 0.496232369286448 0.484113194201811 0.393389607398674 0.422594644748378 0.479840115886548 0.450813108199991 0.394673626034424 0.433887655856403 0.468872572469483 0.509448034329218 0.492156638283259 0.463540879318289 0.497124907170935 0.474905293179492 0.461914880538949 0.405315548123598 0.348951016496176 0.375864516298385 0.375878886454065 0.360084319053734 0.366399323869609 0.369420133123443 0.35566032472895 0.315278351268873 0.328695831351425 0.354587628242878 0.378996340929772 0.378229304893753 0.384542600062376 0.404232309243462 0.446943036159628 0.48913589294741 0.5133434045543 0.525069623136215 0.530550625653041 0.530782667063638 0.549615738847542 0.572449642452836 0.592061358710753 0.62099417326866 0.671282688960969 0.705791683485723 0.748737451011529 -9999 -9999 -9999
0.609798588944699 0.621194549626296 0.621172670274563 0.597477339934755 0.605273558117367 0.58323617026244 0.556053658149829 0.557298198946136 0.55116267463402 0.534293597220328 0.52568735911426 0.516158819073041 0.503215513891896 0.500989826284541 0.479972656839022 0.469161201230986 0.470991429067658 0.501945705380951 0.479306494649022 0.460286181727535 0.492919449448808 0.501346661191388 0.509156681699708 0.483960352112757 0.466308305665561 0.500155127514719 0.487526542368745 0.455564100779571 0.392644226400669 0.347540409559874 0.367533916578876 0.340211460354464 0.321106609072139 0.30393997464805 0.340471655515123 0.302483483010264 0.258672523670013 0.274610671980493 0.307574474637322 0.35004060070219 0.348340335969011 0.37294527596404 0.413870067216512 0.43657467493501 0.491424622440522 0.514410191165543 0.537071263977335 0.536483732981768 0.546583604740823 0.548698303684964 0.531058937049023 0.532339530342019 0.590506246991904 0.631249920967701 0.699062701126191 0.744033612460564 -9999 -9999 -9999
0.572595641103176 0.582160437016113 0.582814387527441 0.573038809102331 0.564974688856094 0.570612105253002 0.543892033749946 0.538392921759206 0.525785514519634 0.512035545094754 0.524547261468618 0.514396989680088 0.509109186892228 0.494465699776177 0.495402940891558 0.534541482173346 0.473497759098532 0.500796315123509 0.471613385330092 0.471630486394941 0.512183240041425 0.528587052721729 0.489922531555522 0.467544402949297 0.43828536249327 0.469164300347684 0.454413758432724 0.435074171300318 0.384281213697264 0.320635336725911 0.329404270500022 0.326989821415009 0.306589071860727 0.31305643178536 0.263115502051957 0.236669265072817 0.244135067474241 0.232057658324522 0.27775169188283 0.307957462586881 0.343154039246645 0.379176099602261 0.420547277014879 0.434517317183966 0.466942725755643 0.500681356376452 0.53869179129407 0.541400178882637 0.552573537295026 0.553886311941229 0.526470454479718 0.518829488484607 0.591741830095045 0.632257546820322 0.698433610375749 0.693755717393011 -9999 -9999 -9999
0.53333374882916 0.539448326608411 0.551280250447405 0.555463943302986 0.561600453642186 0.542950562209324 0.505127202381497 0.503278554363239 0.488257698780063 0.488812052876654 0.482291466760604 0.479724416181736 0.489067571469255 0.496076405716093 0.498208439047901 0.519016441751339 0.485548700506881 0.484573696339955 0.465739005263714 0.462303102934398 0.506928610065427 0.508134694249643 0.487974296237936 0.461321890918868 0.451000548544865 0.445704955254517 0.428748019640875 0.408551840982915 0.377003926839582 0.311326205760691 0.28741830197365 0.286623171822644 0.274992947535873 0.278521029719582 0.261071567657095 0.22439337504521 0.231987752956263 0.237815707974577 0.262164462885211 0.294823009780701 0.327507335285803 0.341742724321317 0.399722203403823 0.423846845656117 0.451647435317866 0.484962481081593 0.524012424465419 0.554889867681235 0.542603030925822 0.575380625524972 0.538139570912516 0.554328483513906 0.622191490078491 0.667861173047566 -9999 -9999 -9999 -9999 -9999
0.477930838038135 0.50772438618223 0.515589379975263 0.521164445530965 0.525879096469257 0.518999872846411 0.493979524464277 0.491839222857456 0.48693901906015 0.504135502279606 0.494481509572307 0.49460360567846 0.488315205999615 0.480390415830693 0.477699274305112 0.48831574987712 0.463412289571301 0.46696150615098 0.486831146873037 0.501052919413529 0.516785340747214 0.512965486355934 0.493681505491301 0.462403470504265 0.450673353676256 0.412382813188059 0.395230567913396 0.370910240279291 0.345206000742727 0.30375973962305 0.254481755681849 0.238308207418853 0.262480696999487 0.264300241340087 0.236349455932459 0.206425011881317 0.206935801736286 0.224771794320846 0.249094799997876 0.271241710806902 0.278205504665678 0.322809723686793 0.350839252588278 0.408656037610817 0.442264780557971 0.473416927005262 0.522356752970957 0.569517938099699 0.598841773760401 0.606114961139016 0.601056461182302 0.620807400689715 0.67251201235862 0.707515879986962 -9999 -9999 -9999 -9999 -9999
0.432533359620059 0.455597406402617 0.459427326017306 0.477679846669717 0.491759943895373 0.478897455903683 0.500478758708877 0.487794597304539 0.488057869511167 0.502423349951015 0.480136572432362 0.499967190879624 0.490999056560748 0.483983476667965 0.480819078026523 0.492453645974941 0.480774490388338 0.459658923760483 0.468688993268904 0.506369783347185 0.526136008766229 0.527930729586005 0.49871855394033 0.458559928891827 0.444887780620051 0.403083798648508 0.333830693100385 0.323939781546976 0.288360939724641 0.253960726489397 0.244482733504319 0.264673007756679 0.247528509374906 0.243916355940775 0.223754000889732 0.208435186114047 0.210676122868924 0.226244398473841 0.238596818448959 0.25502075009384 0.274738938931746 0.307961983594035 0.340598864583006 0.404761929405211 0.43743370731211 0.455322674535462 0.49116741360992 0.550650695485638 0.573947441116528 0.620041210708739 0.633020829358586 0.65975760179112 -9999 -9999 -9999 -9999 -9999 -9999 -9999
0.401062400966773 0.409165733486499 0.434875021625088 0.454763154522406 0.459733102734914 0.457768589524081 0.465796863299095 0.470237914197819 0.474586254013255 0.492714077660088 0.481613349533162 0.480663106816194 0.497915868793735 0.492797972668178 0.486645429726506 0.488221122914208 0.485849171437875 0.476916779396022 0.463062571239424 0.501808032024581 0.533363499233853 0.522466011371381 0.490551950509253 0.446292685105806 0.419427727124696 0.381031147383955 0.325623239475924 0.316006912489795 0.279098706868034 0.232311638514418 0.214238189169458 0.241853107316785 0.232441037816571 0.245349353416103 0.236846641257456 0.227290434406452 0.232273496852028 0.197269403957716 0.229758151776174 0.248955011975608 0.280114247299084 0.304445517630329 0.348690398329252 0.394346364864457 0.423591575181408 0.461109957607685 0.503051630459512 0.54165177369338 0.568384113662172 0.627682652224803 0.641613174410255 -9999 -9999 -9999 -9999 -9999 -9999 -9999 -9999
0.350948126411771 0.383708395406611 0.40425780298404 0.420925053678904 0.428885788608556 0.426963438224068 0.433905353910976 0.456025918029227 0.478516577700243 0.491320667696179 0.483104432272088 0.489595493464831 0.499708605966888 0.495359936332563 0.493160667815121 0.488250398418207 0.488689375830711 0.492669552373102 0.470788498963444 0.49117088033823 0.514953795508426 0.5068204048022 0.454941164266461 0.411656156079456 0.404686530893104 0.391422037970752 0.310603458084561 0.275825759838645 0.265148691750116 0.214692309786057 0.20033034324096 0.215712768188128 0.2349312105909 0.217958590469742 0.208719360512617 0.231614035370993 0.243067045507039 0.179669236936268 0.205127443673621 0.246398789091662 0.275439452233878 0.322208993484441 0.362769505437393 0.384684763589384 0.413295559188973 0.442578038229468 0.513092030050164 0.55466206472166 0.595725566806683 0.638625413458955 -9999 -9999 -9999 -9999 -9999 -9999 -9999 -9999 -9999
0.322665451711148 0.340765943502268 0.370659443110398 0.386012972710656 0.396231468442324 0.40511395523473 0.436204207658315 0.458861471255191 0.475714498456286 0.508101844753953 0.50025135746117 0.502150035499914 0.509816684665394 0.516290246260005 0.509410525130984 0.506598870086549 0.520216505839786 0.529279538596325 0.522208307710998 0.531660620935667 0.540148242400299 0.517950361737127 0.435484123880098 0.427096356333064 0.410337158623936 0.397546564350901 0.344456681964052 0.315320083712187 0.293673233156607 0.224593398717752 0.204990236872834 0.236057943503039 0.238184801879454 0.199157981634307 0.208246906613107 0.252730673684346 0.258995306844817 0.217814730656713 0.200233172071469 0.244392513792573 0.279835287949767 0.32690932493742 0.369748793266663 0.402002578263899 0.427901898261436 0.446274730092935 0.461677981801757 0.552759749918159 0.603913072470095 -9999 -9999 -9999 -9999 -9999 -9999 -9999 -9999 -9999 -9999
0.323515647520761 0.299081988549804 0.323603515637504 0.340114194659172 0.368534884261038 0.388805877799605 0.412965097078653 0.444754962479577 0.468720303078384 0.482067258957089 0.496855377248598 0.493449511294733 0.50153192113411 0.511934212153011 0.527579176505758 0.524739468679086 0.526239080707586 0.515818391032563 0.523222276159537 0.539196105468224 0.532064357316921 0.490633284918874 0.421178652887639 0.383338724765323 0.363769758749348 0.360666751809502 0.342506507784092 0.300301126785327 0.258224849554404 0.209637666765614 0.220000134075907 0.235846700242867 0.229721252918313 0.223822900116001 0.252185489476389 0.287230509191751 0.21802552120555 0.284826704989976 0.189479932250883 0.267453601289171 0.322912290721395 0.383124260604876 0.445796832095925 0.46680244589992 0.478719766827461 0.513282632144609 0.552320725309642 0.569971437918343 -9999 -9999 -9999 -9999 -9999 -9999 -9999 -9999 -9999 -9999 -9999
0.308686435064634 0.280835994891035 0.289226806731001 0.310399881141293 0.335169511507235 0.354047955583027 0.384073877781042 0.430040878342656 0.450831979535817 0.45294425097962 0.472239564218196 0.484526318079042 0.4980717091669 0.495703854086679 0.509899544901135 0.5247595600108 0.515255586715708 0.488898229724657 0.542100380352188 0.543727610732604 0.529248453615605 0.498139054800136 0.418980062987849 0.351638694878295 0.344389929647636 0.348034371974023 0.289794049563979 0.312178053454754 0.292922837040002 0.229934292276845 0.23401290804837 0.247540596769695 0.253005576588882 0.264146608774608 0.297827206701637 0.309319603711406 0.261015936169886 0.305010083782148 0.227534347842146 0.283909677454936 0.359906827523197 0.420820561039213 0.472054190063318 0.508628427587008 0.551605091931535 0.565633015492706 0.563069794350189 -9999 -9999 -9999 -9999 -9999 -9999 -9999 -9999 -9999 -9999 -9999 -9999
0.283892670435153 0.280145265338634 0.259216726849247 0.281642244104631 0.304382922391085 0.346312103983293 0.382008022647203 0.41407187698628 0.429551119057631 0.441305052296902 0.459632877781114 0.47586355195049 0.482645577832466 0.47728300822847 0.48220043859817 0.502275496238959 0.504397120422311 0.503691995373588 0.544789388645967 0.546243813888517 0.515885569498835 0.481846570114671 0.429387602472903 0.353865429671063 0.362922339037393 0.354198936808683 0.23490555852981 0.263191682402637 0.308257654938424 0.250983931437167 0.246555408416159 0.250092536214921 0.256179636321971 0.280874481334246 0.304066919011916 0.320576475026116 0.286152983130757 0.296953216020997 0.267513250722311 0.30096586374399 0.369767536265541 0.420422656630304 0.438529732537998 0.499869707824478 0.55341236457726 0.56884539788113 -9999 -9999 -9999 -9999 -9999 -9999 -9999 -9999 -9999 -9999 -9999 -9999 -9999
0.237783654942998 0.27035749965982 0.261865705253481 0.265675149826375 0.297568508425945 0.369095275743548 0.396281688752548 0.419039341921066 0.433948190801973 0.445009217984003 0.444062994978843 0.462590018998358 0.446166224677486 0.461585608421466 0.472692625030754 0.495849013480111 0.516897265082989 0.543981718132973 0.542097339738139 0.53529438233992 0.508829421135962 0.455444678214945 0.370553757940545 0.350286953510961 0.335978411239372 0.323700754550449 0.260661052050113 0.306301027200438 0.295335427433683 0.246162780187612 0.245888151723565 0.265074556543934 0.279958891060105 0.303794537363105 0.329902189933924 0.343426055250847 0.337414283746872 0.308148408276095 0.374415295059479 0.39480805153789 0.424531264860612 0.431930709919212 0.470798596350337 0.517536077232064 0.567825448350371 -9999 -9999 -9999 -9999 -9999 -9999 -9999 -9999 -9999 -9999 -9999 -9999 -9999 -9999
0.254616588058625 0.265932614076812 0.272818411248431 0.294010090667642 0.326264963778502 0.372131958883288 0.384830013652961 0.379074033270268 0.416769706197077 0.421353236597676 0.40649488312121 0.39821568357364 0.43408990518575 0.453918412492699 0.476195966574999 0.490707891499318 0.462372394932268 0.504388273217763 0.548497393462067 0.525763599451839 0.445326170341215 0.354614017725621 0.362219972323133 0.335871063897621 0.279997571373006 0.240917359752778 0.296763376252309 0.288094153061943 0.249825455271379 0.250016658141883 0.251040210047693 0.272249036649502 0.296247477470845 0.316256333389236 0.343026885186952 0.35220521106535 0.313663901885078 0.375149335368435 0.431080846855499 0.451358091104121 0.475159603374757 0.472384936037476 0.511125163256884 0.521664950535988 0.55872086062604 -9999 -9999 -9999 -9999 -9999 -9999 -9999 -9999 -9999 -9999 -9999 -9999 -9999 -9999
0.241263062033102 0.249333104629385 0.2514179241155 0.287257443802052 0.317603205205489 0.347535433484973 0.356309335055148 0.370061776659341 0.414672380016778 0.398146549468463 0.378411921602785 0.398576947709452 0.403686621362066 0.425198093452703 0.443853626401957 0.460226009007935 0.431028723693517 0.491038776627989 0.525167211190751 0.513826821411927 0.40046265677568 0.337297739776339 0.354535258662482 0.320399151791253 0.295799844684232 0.257972407126219 0.280227479604332 0.282745260495897 0.251941942399641 0.254212852528224 0.269667166969446 0.281546898952607 0.29649970950219 0.340590749212846 0.377173262957152 0.381656716602277 0.365616198206399 0.406853223753391 0.442590184098864 0.471899767408593 0.48086813325267 0.469222556916253 0.55643352153466 0.571510930834012 0.580085528712668 -9999 -9999 -9999 -9999 -9999 -9999 -9999 -9999 -9999 -9999 -9999 -9999 -9999 -9999
0.239468645555778 0.243150452822769 0.244395905785204 0.275189767613839 0.298416434105049 0.300637221982439 0.326341501218005 0.368457703508229 0.395004119129133 0.389465887391212 0.386427316045983 0.408733214376745 0.385593329008974 0.38373678191822 0.411069841150892 0.45708564735502 0.427694238725241 0.465976034190556 0.464266638159076 0.449790838871012 0.396678078583378 0.334336000257809 0.314443353309063 0.293469538594349 0.278115093389869 0.249413209344402 0.260183963354229 0.270442729101656 0.290750979320903 0.292137892507422 0.290626172428914 0.314201676511898 0.331207468447144 0.353582245181887 0.390430341238639 0.384112531862502 0.363594173649494 0.406063336184652 0.476071127936249 0.483974325439715 0.502935032269996 0.543771335153021 0.579646305947174 0.610248628410581 -9999 -9999 -9999 -9999 -9999 -9999 -9999 -9999 -9999 -9999 -9999 -9999 -9999 -9999 -9999
0.23607415801348 0.247901708148098 0.259678374725482 0.276808887701568 0.293209839455886 0.29048423837007 0.320649682697543 0.352095403509018 0.365074098459885 0.369230010063176 0.363978990512691 0.375316789687442 0.369714928652488 0.374194950372993 0.384854987664879 0.42571260198242 0.394210334338588 0.403945261255819 0.391590541099344 0.383401262772469 0.348446239246579 0.310472196466853 0.30698758208287 0.298286278527914 0.293108577006828 0.280914541651469 0.282081686277339 0.288840738767033 0.305140303099194 0.331685660223144 0.330920369316507 0.345630599623371 0.347277790617473 0.35752824746247 0.40761149481098 0.419703171258307 0.409163581138607 0.440612834243627 0.500328597182846 0.524617164579992 0.57620080786407 0.60811185590824 0.63404014061421 0.631526911329442 -9999 -9999 -9999 -9999 -9999 -9999 -9999 -9999 -9999 -9999 -9999 -9999 -9999 -9999 -9999
0.237986010192396 0.232161387200595 0.258721165681484 0.274061676091237 0.282430278025376 0.289950204471502 0.310831185920019 0.33136903339683 0.342196688089142 0.345641556926108 0.340646278090574 0.348331592273255 0.347024939612248 0.343412859341532 0.363977278258043 0.386908961216145 0.376860467489003 0.36323818176584 0.364450226454901 0.345157410156392 0.345410286371459 0.326553546673981 0.322633933542252 0.318007755552631 0.314607906335539 0.306923274627496 0.30222035328155 0.325825464782577 0.326201323641402 0.350673468794629 0.363073042866535 0.348129249175496 0.345077481734637 0.36747607052068 0.416212517806825 0.429147842946945 0.481240897035187 0.539084477519946 0.538821707462604 0.571386324072517 0.589792042591402 0.619313933112492 0.64940340096097 0.653987804519293 -9999 -9999 -9999 -9999 -9999 -9999 -9999 -9999 -9999 -9999 -9999 -9999 -9999 -9999 -9999
0.239731594332583 0.237801263222932 0.242875198355056 0.255578374968229 0.270255388247912 0.27548776245762 0.288075885141179 0.313535505092161 0.33551280902194 0.347411372339873 0.330843666164031 0.325178540477558 0.316759835148097 0.342519300505518 0.358323774205254 0.369582419576443 0.346289652760605 0.305691719287593 0.32314373158465 0.359247673565913 0.339153641854449 0.32526197663465 0.339757934562803 0.343526023437021 0.341682869797073 0.330891534990053 0.321587646832819 0.342491819127174 0.364684306494741 0.362350938119571 0.368783561880515 0.366513892699663 0.359677776179481 0.373630818757571 0.429989524997814 0.510961132233986 0.622879982110519 0.634557480562777 0.692411974260416 0.722992789772209 0.642185955082711 0.650916120890248 0.694424239600308 0.688672494588155 -9999 -9999 -9999 -9999 -9999 -9999 -9999 -9999 -9999 -9999 -9999 -9999 -9999 -9999 -9999
0.239631719386933 0.230949035229413 0.231468004423734 0.241026281354915 0.259028206689347 0.268115694245434 0.290085965724917 0.3057590306217 0.323401862788823 0.346640897576634 0.336994732764431 0.334439455114641 0.338258563349866 0.34462741721166 0.340096265165108 0.345481559324144 0.309811879300921 0.312126883964614 0.325156897782549 0.355393183771991 0.361695635807718 0.357365134295462 0.357113835470496 0.365719379017066 0.360821545769862 0.354460645481943 0.352393888501346 0.367283323139129 0.38001618232321 0.368021559897991 0.358075610355457 0.358896575744796 0.352231379229395 0.359031146717791 0.418969668612565 0.542550257700364 0.660685665879979 0.731393728079173 0.721004757200146 0.73808522439357 0.724624367643582 0.796444210868622 0.86692961757048 0.763610629273467 -9999 -9999 -9999 -9999 -9999 -9999 -9999 -9999 -9999 -9999 -9999 -9999 -9999 -9999 -9999
0.224624003775625 0.246183912953556 0.244169677443897 0.239846549602364 0.24747673728273 0.277404261183303 0.295349671622448 0.307826112377227 0.325043767614264 0.339083294320106 0.335290266409531 0.319052918426621 0.342999240152032 0.337413205521597 0.314860794197695 0.335869267788191 0.334111360130387 0.330590347946481 0.341350771537795 0.361913350558301 0.367542276548197 0.379609081005668 0.383740099759418 0.393060069600065 0.39499443844352 0.395587800753815 0.385997535797514 0.397790020675882 0.394550629852616 0.366086214477238 0.347619695900832 0.323136290259101 0.261449276128176 0.343396023922523 0.455652670878942 0.575956818297458 0.664148818103897 0.699737065199314 0.745362065336097 0.79841648731224 0.802310612573351 0.836215132037816 0.859121097067814 -9999 -9999 -9999 -9999 -9999 -9999 -9999 -9999 -9999 -9999 -9999 -9999 -9999 -9999 -9999 -9999
0.256826043084414 0.256527189918988 0.256048357063797 0.259630543708848 0.266520391287072 0.297757429293959 0.307111011243928 0.316159124999779 0.330654453199902 0.333335078903741 0.316295236492212 0.303444329248753 0.310803643342872 0.306098967519612 0.291190202720385 0.301504691075603 0.298652503555719 0.304042479550472 0.338351035985917 0.371585744516007 0.373439876193598 0.396831977870026 0.386672075381894 0.38815110201568 0.420126825966875 0.436849467814727 0.424473029097624 0.42375680937762 0.404115989664017 0.367903327624064 0.34892286556208 0.313628039776414 0.235135957497385 0.305496438937995 0.447054266660392 0.571681475997605 0.670509151370477 0.710102461417331 0.807070496528728 0.837472372581985 0.841652614004794 0.85048970500048 0.858095233329784 -9999 -9999 -9999 -9999 -9999 -9999 -9999 -9999 -9999 -9999 -9999 -9999 -9999 -9999 -9999 -9999
0.274313454398785 0.265000068999821 0.26304789108493 0.274610624154616 0.281503453264746 0.301479233281299 0.316813420932016 0.326085270160501 0.336219975468943 0.332566850276754 0.299187521780404 0.286325650198315 0.303593136075672 0.286701703923282 0.284310812683241 0.284391873630561 0.281572419312674 0.295990320516458 0.344445039445728 0.403851084923658 0.385370244806091 0.399891414828531 0.39212231733206 0.38650438617477 0.402679492093942 0.435270675437833 0.451115187391166 0.458175181957475 0.43268928697152 0.397514281388092 0.366244031701601 0.33464779698731 0.315897739847651 0.309714428488435 0.458623779163068 0.598214689828788 0.733283547797731 0.751482972624799 0.78891902483203 0.822368417962782 0.844097120455132 0.86532558426533 0.870539691771489 -9999 -9999 -9999 -9999 -9999 -9999 -9999 -9999 -9999 -9999 -9999 -9999 -9999 -9999 -9999 -9999
0.294839561263524 0.284406529599922 0.281283343265388 0.295002793010853 0.307254676537031 0.320041224912939 0.331230704117648 0.340320225527161 0.349434406819213 0.33984307199324 0.301413245616163 0.280307403353795 0.296386137778048 0.290499067791262 0.298190684099408 0.306882879349184 0.301389345945432 0.291868670377704 0.36004036672177 0.406303230145922 0.400284928848316 0.400970967639778 0.396954810772335 0.386386296678505 0.392805206266244 0.401200875839319 0.443978025346062 0.488879481127383 0.462466912993026 0.423434570073912 0.386060218531812 0.336235833633406 0.353578381936434 0.342931973769441 0.507647210359965 0.602976286583058 0.749263274695572 0.793670431241825 0.772025514673646 0.814600549738487 0.841485765450654 0.869847876258676 -9999 -9999 -9999 -9999 -9999 -9999 -9999 -9999 -9999 -9999 -9999 -9999 -9999 -9999 -9999 -9999 -9999
0.311923969017905 0.306155768732711 0.306388883951148 0.31524077030905 0.32828951472822 0.347568234499149 0.340501710624261 0.358454127365164 0.361455165742151 0.344938345037935 0.307404243823834 0.299839185826327 0.289129653780285 0.309467769414695 0.318419640360188 0.316445160756988 0.318523771835405 0.300280116425027 0.370171001145726 0.396495171452812 0.404685099333162 0.459378427362581 0.407016805907673 0.392876284807 0.391485472955066 0.39700444123956 0.393393567275826 0.421469713712204 0.459401698700509 0.425643921516297 0.384573406068479 0.336594802701281 0.346476149971748 0.39619106383564 0.53091374882102 0.65760624520277 0.762103053208579 0.791348121106827 0.768734621665266 0.797144272638692 0.839068053530705 0.850559683073345 -9999 -9999 -9999 -9999 -9999 -9999 -9999 -9999 -9999 -9999 -9999 -9999 -9999 -9999 -9999 -9999 -9999
0.331730836190979 0.327181062265219 0.327755432520072 0.337650100160858 0.361380870949816 0.371609686306108 0.360978962403962 0.359144264466504 0.366912931154666 0.339188902270462 0.328794146516126 0.28867841979586 0.295704074963283 0.325604306438049 0.337802846030253 0.332823090434205 0.342041574022036 0.35372150087197 0.403024680186687 0.405563817653501 0.416752433776864 0.459399832156248 0.461680129308492 0.43038580547623 0.424695642442415 0.41409156625861 0.392761347131198 0.403551919623211 0.405701352283616 0.390838349373436 0.373543859621387 0.345113645636175 0.311836581046871 0.39034022556771 0.502734216905813 0.667928692928326 0.708617677147828 0.703235535744675 0.758473008591076 0.765846515915947 0.807929582396029 0.831070968837132 -9999 -9999 -9999 -9999 -9999 -9999 -9999 -9999 -9999 -9999 -9999 -9999 -9999 -9999 -9999 -9999 -9999
