layers50/veg_krg_50/veg_1100.asc
NCOLS 128 
NROWS 165 
XLLCORNER -2985163.8955 
YLLCORNER -3022031.214 
CELLSIZE 50000 
NODATA_value -9999 
[rows 26 to 51 of 165, columns 0 to 58 of 128]
-9999 -9999 -9999 -9999 -9999 -9999 -9999 -9999 -9999 -9999 -9999 -9999 -9999 -9999 -9999 -9999 -9999 -9999 -9999 0.401393044121583 0.206211405768408 0.104827652047407 0.0411264671755254 0.140808562299855 0.223904579506605 0.243708652427978 0.286903660001238 0.411779708817072 0.458435704195515 0.470824241682457 0.458926212537662 0.453175492979872 0.499760758241769 0.54140764330236 0.600142242151002 0.676572374414821 0.732234085428288 0.763487968226354 0.793028127257795 0.802450781974639 0.794481392787048 0.797947698220387 0.79482934662495 0.789710833903435 0.770760249562887 0.751812096137535 0.735306196217615 0.705395166998086 0.678504846880681 0.644596621042653 0.621765193311159 0.604658572763796 0.588528793415314 0.573681029989747 0.558569633571285 0.541380937466398 0.510522483865257 0.503792234261183 0.507801824545326
-9999 -9999 -9999 -9999 -9999 -9999 -9999 -9999 -9999 -9999 -9999 -9999 -9999 -9999 -9999 -9999 -9999 0.676781867079795 0.499090920440486 0.424514999781457 0.183905606145009 0.0445431138252185 0.0116142022073207 0.113729935122233 0.143946645808584 0.248660089990439 0.356789076196729 0.416823066669512 0.443218975547349 0.536384800858242 0.55364556483639 0.566446528744894 0.594764302857822 0.619454018481722 0.664294142071209 0.716700326363842 0.759587268014021 0.785575609804514 0.810708953454078 0.822908171295937 0.816674089410757 0.819297974939883 0.82072837887984 0.819562215010486 0.805383213513107 0.787684201805985 0.764263872812765 0.734828322466199 0.705679583547517 0.686557673676586 0.668524033530642 0.651743603543445 0.636611589091798 0.622186856232138 0.609679155629514 0.578893652096446 0.542148568296057 0.543876818455057 0.548361563678969
-9999 -9999 -9999 -9999 -9999 -9999 -9999 -9999 -9999 -9999 -9999 -9999 -9999 -9999 -9999 -9999 -9999 0.674675542442858 0.624226044665632 0.395259007547812 0.148564282607528 0.0161938089992582 0.050123542392046 0.124489180685573 0.181464947902945 0.306923381100277 0.355928805673424 0.413551762830881 0.523126612548398 0.583958582125267 0.612080847809967 0.638286826603848 0.654419196595904 0.680093105356799 0.710197933164034 0.756066694020436 0.786567238024086 0.809655448148688 0.834922017727134 0.851420791783971 0.851075834957104 0.849027083081131 0.849783630338485 0.850422100105174 0.836847566816349 0.812379281174838 0.793119320043719 0.765539745638515 0.740063122168616 0.719517886997217 0.706228884825017 0.696526116452605 0.685206741684543 0.664301371683061 0.645907102387308 0.582011310706315 0.585786669888364 0.586704436677222 0.588169224584081
-9999 -9999 -9999 -9999 -9999 -9999 -9999 -9999 -9999 -9999 -9999 -9999 -9999 -9999 -9999 -9999 0.704624413418837 0.687789382961481 0.562875718936079 0.284349494696157 0.156856985893123 0.0933988824418608 0.111904589905736 0.118697990906927 0.181916310273561 0.315032821852691 0.370461914302554 0.506947965249374 0.581115132905769 0.609184949904956 0.643160841289131 0.684228128223777 0.709113745636424 0.726760813118573 0.759543975166576 0.793181569019576 0.819560270578608 0.845425353975099 0.862040569956815 0.876330548916908 0.882106900041866 0.878921898547262 0.878467460719913 0.878485361108618 0.867062735072539 0.839380153237632 0.810501073901951 0.795137604602196 0.772623380152418 0.75649719187634 0.736777382117344 0.724939919211615 0.715870234612163 0.704671596487444 0.680551404770477 0.613504603242109 0.613696711073113 0.615852536730094 0.622779998598643
-9999 -9999 -9999 -9999 -9999 -9999 -9999 -9999 -9999 -9999 -9999 -9999 -9999 -9999 -9999 -9999 -9999 0.645962557027358 0.491650841930665 0.273121702017211 0.135272226770282 0.155541681271176 0.139882672389882 0.118982426085712 0.123012638228319 0.268390118518404 0.431894486895745 0.573409081864882 0.618840937488535 0.640478553319402 0.677418947160843 0.726911855320409 0.760181589104216 0.782281136705972 0.805597457368936 0.825174969293118 0.847790838754933 0.868911897298119 0.889693099615086 0.897003790889262 0.901030363611032 0.904953425801595 0.901792785595082 0.902009284084555 0.895752011392783 0.866238399390218 0.837928338931755 0.818855320465469 0.796343464509356 0.771479442399823 0.748112889214438 0.729487524319379 0.712904588977233 0.709640995852301 0.699360365422761 0.654326654842801 0.643436504148055 0.649449083820867 0.655450711668484
-9999 -9999 -9999 -9999 -9999 -9999 -9999 -9999 -9999 -9999 -9999 -9999 -9999 -9999 -9999 0.634692323078698 0.625993476925394 0.56148854365869 0.36648479644918 0.191076707232057 0.169208106500883 0.24930461996454 0.224104120688771 0.151875692967658 0.116802490109899 0.296066634539975 0.532664544237306 0.627067672631402 0.663965351245728 0.678644679936951 0.724836316710171 0.770188916406388 0.808696411325162 0.834665921474553 0.843553769751956 0.857725591812587 0.873664336204754 0.893275999395112 0.908362571382418 0.913440144959726 0.918290817379462 0.919939538410675 0.913345265370824 0.918731298784991 0.909201753322304 0.886413189940354 0.858366671503039 0.833278068511299 0.807735231804263 0.787222507275141 0.768018786612674 0.753610279107412 0.740763015016495 0.73188175029745 0.725821122052828 0.713443354873786 0.679990168677696 0.672983023848448 0.680465531010562
-9999 -9999 -9999 -9999 -9999 -9999 -9999 -9999 -9999 -9999 -9999 -9999 -9999 -9999 0.685423683570973 0.64611137663646 0.574755110197767 0.432456803693448 0.254653085454266 0.224630287104434 0.265982871229724 0.28763416738043 0.273495992365241 0.230164213267513 0.236856642940847 0.428709677876942 0.56690593634502 0.653013851218761 0.70340434896145 0.738175269511397 0.77747009555225 0.819152751190074 0.854544737488709 0.87208947069902 0.884994144298095 0.896157932180289 0.905400568662628 0.909745229668227 0.924638383552481 0.924237732201316 0.924490529047222 0.922166858133348 0.922974973987898 0.918946325071118 0.910096593381903 0.891708646105598 0.867260160263289 0.841148937266162 0.820869294452272 0.800455454064759 0.784761696747907 0.773351367883967 0.764465604481467 0.75868220141183 0.755494929743845 0.75380487929405 0.744885410270764 0.721046998703027 0.731828104336187
-9999 -9999 -9999 -9999 -9999 -9999 -9999 -9999 -9999 -9999 -9999 -9999 -9999 0.698647103736924 0.69001223120276 0.652827023409682 0.487304395431211 0.271297374805147 0.185842523030743 0.296473923076803 0.33117873584068 0.313871448745805 0.301985192052748 0.279262836511889 0.356039749723833 0.50452546176825 0.573674014060618 0.65663350091127 0.728744253708754 0.778180691057438 0.826910503119531 0.867007830187117 0.900604045073169 0.906880670794344 0.918269275523394 0.924836577016023 0.928904844228897 0.93425868348627 0.926730682593483 0.923091648305027 0.923762925295467 0.921012774458777 0.911898546797192 0.908472205652191 0.896989150805191 0.883475311281366 0.866399395578742 0.844998818961546 0.82449113409913 0.808339583275835 0.795749830611621 0.787728129214397 0.782535113459339 0.780117526951179 0.781645888156149 0.781929434180559 0.783233586833559 0.785319315527749 0.789349218583817
-9999 -9999 -9999 -9999 -9999 -9999 -9999 -9999 -9999 -9999 -9999 -9999 -9999 0.701035472966687 0.696623554655823 0.675649798308993 0.470359739082553 0.259830167135852 0.176037270873179 0.334141880823601 0.452814095245758 0.468394060456269 0.455125475325048 0.472868124718712 0.582056975530536 0.619292667079104 0.603815440039418 0.665419679290287 0.738652629602691 0.791085736501276 0.834593545612668 0.884509812899434 0.923108132635732 0.926450256103726 0.934098154537356 0.941307432442768 0.942033178058454 0.942165957979241 0.941512042709454 0.920771250556681 0.916835030985476 0.909032247710532 0.904351326335816 0.902334266192205 0.879195504531145 0.864839171099243 0.855313533237972 0.842349409860381 0.822354336098821 0.810611958789661 0.80209700429272 0.796512847196896 0.795672089554328 0.797927390450709 0.802338237356477 0.807412018411918 0.816775106660971 0.831489277255446 0.823451655169554
-9999 -9999 -9999 -9999 -9999 -9999 -9999 -9999 -9999 -9999 -9999 -9999 -9999 0.720602513287766 0.704728160482665 0.654029723748969 0.370813992556577 0.251075331145594 0.245980903448191 0.426073926523721 0.484073498714053 0.495352928945395 0.480003241798795 0.501738040935278 0.6155243837387 0.658429060117369 0.686076649558195 0.723143298030538 0.775743866265691 0.814575705618257 0.843419530996036 0.877579585795742 0.913899195325161 0.928310357729827 0.943464666911804 0.945029430828309 0.946886596937396 0.943550778559295 0.93984403775689 0.916912550691527 0.908362654442173 0.905743079942285 0.895252574141195 0.8848882607849 0.866610929207252 0.846432897764783 0.838414618627551 0.831427976400853 0.813984124458446 0.806283985696348 0.802444891212505 0.800505251842808 0.803635629301201 0.811864573392652 0.820858231369801 0.834810976684093 0.855194438376879 0.863813801026552 0.858808761142647
-9999 -9999 -9999 -9999 -9999 -9999 -9999 -9999 -9999 -9999 -9999 -9999 -9999 0.736956260629774 0.726575232641549 0.688503408108197 0.334893450323695 0.266309887684865 0.369305420576398 0.54360557300082 0.539509743650335 0.525684577322626 0.511292761602658 0.529344142180901 0.642205889584278 0.678765273594154 0.711134022015496 0.731256685464721 0.770984248775202 0.814480924808813 0.850136618735616 0.873532628859277 0.898844825538397 0.923469191412466 0.932135533477094 0.932658462518816 0.934977931341592 0.933972051040389 0.914033029342036 0.901079249760406 0.891706615427358 0.883796901740521 0.869500110320677 0.86038957475424 0.848929774413298 0.825302442287098 0.8101801816481 0.807146271776565 0.804596381210375 0.795495036085897 0.79516692960599 0.798366485707438 0.80622813060404 0.820228162594787 0.838308435466768 0.861848296303507 0.879972535726113 0.885870863131036 0.875878143975094
-9999 -9999 -9999 -9999 -9999 -9999 -9999 -9999 -9999 -9999 -9999 -9999 -9999 0.752988702216077 0.755430938383424 0.72222376012503 0.361209844931465 0.31073737270217 0.38737991295477 0.570338073769141 0.59090425862151 0.575131714766336 0.554819395375072 0.615215703333781 0.65649847192156 0.670242419276317 0.704030389608955 0.725442436443841 0.761542761997923 0.797382749366844 0.829842793813316 0.853796086134582 0.885925139877869 0.911871302701442 0.916501288334225 0.918653647748292 0.917703339205427 0.904797985472676 0.891601665835866 0.880118293630026 0.870481428282073 0.85290177581643 0.839962488654514 0.822736235148726 0.804532343972425 0.784113472640781 0.774906591258059 0.772924621005576 0.767961395305703 0.775266470604325 0.777333473334145 0.784782273050274 0.800210980971054 0.822750437356454 0.854405780844322 0.880435200630071 0.898174986908127 0.906494470526101 0.905343594710231
-9999 -9999 -9999 -9999 -9999 -9999 -9999 -9999 -9999 -9999 -9999 -9999 -9999 0.756328193171642 0.765955070548911 0.743060475997474 0.583799886237505 0.391530939094815 0.421341602017362 0.621060897979735 0.646799688483869 0.618217009439871 0.577440992401078 0.601901279264894 0.687409625381039 0.699169670753936 0.719125376134611 0.745873895431575 0.766413381892499 0.787495821661503 0.804296796057859 0.829789216100086 0.870932320062894 0.89607904079117 0.901570325375736 0.904500736005441 0.903488715129373 0.886188834473712 0.870611332820817 0.865924510909674 0.852007640749729 0.825607853611569 0.806156795219116 0.78087845278698 0.763453897521522 0.749286133138428 0.744370685854085 0.74537480175068 0.746072904427397 0.748477146820966 0.749151248142676 0.75871497609947 0.782341696494286 0.824336710023259 0.863358000777738 0.896364732977021 0.916959173034289 0.926469313717089 0.930569120984532
-9999 -9999 -9999 -9999 -9999 -9999 -9999 -9999 -9999 -9999 -9999 -9999 -9999 0.787715471499984 0.781164198560192 0.73574362430115 0.581196786627457 0.463994742156946 0.501176563870717 0.664496212691933 0.65500585910311 0.637095146327279 0.623557745971201 0.614580644873227 0.650702402262324 0.721117467308042 0.740205289465681 0.751539063867175 0.767836484804025 0.787320872214738 0.797458818952382 0.810778285474028 0.852864026563676 0.871062794865663 0.878098548559969 0.882037523291715 0.882510387508692 0.868426780341627 0.842714745865497 0.843530435728002 0.81519506729562 0.802570434427477 0.7722402599341 0.762297390046121 0.745030103567893 0.731862403196613 0.736720324020376 0.734792433440677 0.733995785153493 0.727039634521147 0.725576824655772 0.732001303556055 0.763178901064322 0.811390364091234 0.863726669850293 0.909664719947186 0.93428432890219 0.943097634806273 0.943003271649336
-9999 -9999 -9999 -9999 -9999 -9999 -9999 -9999 -9999 -9999 -9999 -9999 -9999 -9999 -9999 0.665534233215391 0.480646211057757 0.52166166534942 0.625962142431953 0.677537790695847 0.683896479752599 0.665926904437154 0.645670794633306 0.628697027594787 0.657815094427553 0.724322777816315 0.745878410773305 0.757877613164143 0.763200248404296 0.771558368624474 0.782833457869428 0.795588400270374 0.833809412051729 0.850143338952494 0.864563042951078 0.857508439257791 0.840444986073413 0.834722546270575 0.828017779422838 0.811819829466184 0.803905773074203 0.784887634196572 0.762596901847109 0.730111655333825 0.72080585729909 0.723573083194622 0.721237881235428 0.715027081249894 0.708606572147108 0.707358652077712 0.711666480287893 0.722078833590156 0.748036591941174 0.803298888482569 0.868380135291303 0.924993933296137 0.945210711502992 0.943828438201697 0.939441158255289
-9999 -9999 -9999 -9999 -9999 -9999 -9999 -9999 -9999 -9999 -9999 -9999 -9999 -9999 -9999 0.622413467417209 0.550107145530459 0.550124579912785 0.644839249279054 0.682361042842833 0.686258766914802 0.678772730849278 0.66907336155957 0.661104655140633 0.669213697193904 0.69837500820878 0.744283814186112 0.762316191480203 0.774640780934034 0.77475710983562 0.786911638338333 0.792986379480511 0.81623874301131 0.830602571597832 0.848121490828398 0.856257862956986 0.829131896417242 0.807192535287208 0.791172940933281 0.778869712745538 0.7715774789047 0.756554142888309 0.744689160651809 0.723673110881094 0.712454460710215 0.708836030740651 0.702228112492572 0.695488434523668 0.692819245109839 0.697214961912424 0.711151581120705 0.723334751846031 0.748880753877982 0.80111113514175 0.860335026287823 0.909120592783566 0.925095671609504 0.924868361532648 0.917262932851251
-9999 -9999 -9999 -9999 -9999 -9999 -9999 -9999 -9999 -9999 -9999 -9999 -9999 -9999 0.669673835540556 0.643623522065615 0.590270430805994 0.621385799430218 0.656632029651152 0.675261908045142 0.672832366020006 0.678933515375458 0.673763107662119 0.658826135113541 0.658794280633864 0.65871862710548 0.681511608201305 0.7468626062118 0.761539095497098 0.776319836238677 0.791371463633921 0.798644505612718 0.810379154700753 0.827295128253544 0.840608572280598 0.84598363708236 0.81411599101076 0.783194259833395 0.775329825035614 0.753226048464633 0.754403753786823 0.747722694196975 0.741810558932622 0.717148405878888 0.706361506689156 0.692741877342666 0.688762308110823 0.685879883211642 0.688523859806336 0.706425148304863 0.719526843126986 0.731714680640617 0.755139523741184 0.796924362485414 0.841751773382415 0.880810065825654 0.901778365892666 0.908161649120979 0.903708993157006
-9999 -9999 -9999 -9999 -9999 -9999 -9999 -9999 -9999 -9999 -9999 -9999 -9999 0.641270688369815 0.647472240043315 0.60988227168947 0.554882760408915 0.551248108475289 0.613515672692823 0.654095309446462 0.64953835785344 0.638732877701635 0.643320872433011 0.642876624512798 0.64508587370785 0.649104358514241 0.65552967548501 0.72945977650036 0.749805777969827 0.76490060712395 0.777877541312823 0.790642913130321 0.785790240494126 0.794078504858895 0.822464474142236 0.823410469389534 0.812147727534831 0.784620534204719 0.76566734904735 0.74712191180287 0.739563647923994 0.734583610082963 0.726252693698505 0.711601204151934 0.693114369589108 0.679679170518624 0.68006084213945 0.69214713245331 0.711225454735348 0.713545734130839 0.713061838339121 0.731230490078424 0.755527290540067 0.787000525855316 0.818293769942826 0.839834710748109 0.868664881052342 0.883548642492896 0.88989907109206
-9999 -9999 -9999 -9999 -9999 -9999 -9999 -9999 -9999 -9999 -9999 -9999 -9999 0.625655795773854 0.61015767743112 0.572178770430549 0.537165193583211 0.547107212990787 0.586348088927489 0.635228346222471 0.620920604908381 0.623470806260446 0.625230021047671 0.634539945450271 0.641385302525915 0.647651502130009 0.651852068991939 0.655848457374839 0.735015459438072 0.75005351673486 0.753392478189344 0.760295387206753 0.762955280734926 0.784802088482956 0.808144746617189 0.812694471372222 0.802252122827713 0.791495041897984 0.768148775452001 0.751619487750576 0.732263583559138 0.723065603399335 0.711384140011939 0.696045765301713 0.700886234725754 0.720271297380251 0.720299455949773 0.733390481767479 0.723082108175164 0.72239885060565 0.726933780271749 0.734045839510764 0.755939266972413 0.769402964390431 0.804029558208508 0.824519863833428 0.855437364492145 0.85429464858728 0.866565284820898
-9999 -9999 -9999 -9999 -9999 -9999 -9999 -9999 -9999 -9999 -9999 -9999 -9999 0.614220065759658 0.610084271267734 0.579608194733328 0.509500919981785 0.533325978907827 0.58898405351942 0.596369256937984 0.592284973586473 0.607073099600702 0.615224182285702 0.627658445777749 0.639953204846161 0.644689879679269 0.652333463277503 0.657926460507995 0.694850800270766 0.722994553654449 0.732221063601004 0.738091328192583 0.736139946150115 0.771927932761269 0.778095253079362 0.785327724806901 0.782963243154622 0.7676495530775 0.762384273970798 0.752045388810077 0.74267234544663 0.73081258322094 0.732452533168971 0.727336354967284 0.740970581553297 0.745326163742272 0.734706229150513 0.722152224417059 0.713675392708895 0.715576264127133 0.725237356903076 0.732879594467849 0.743772977311802 0.759647122469255 0.776579979329739 0.811093647921215 0.81380742176075 0.814740448698908 0.834207469622326
-9999 -9999 -9999 -9999 -9999 -9999 -9999 -9999 -9999 -9999 -9999 -9999 -9999 0.615355913731661 0.614001777812402 0.609071449814292 0.55901175666196 0.538539713436959 0.579602596709232 0.566106465556838 0.57893492398753 0.599746661503174 0.611597649418883 0.622973163778133 0.636519289507943 0.648460321088003 0.646265440796404 0.651690276509651 0.631056436546331 0.681787070907746 0.705070143223048 0.712788205212257 0.731793157516528 0.755639114676397 0.757082154824775 0.757945968724288 0.761050547222393 0.744543918077224 0.746785108948994 0.750108781265497 0.748584402753922 0.748682252578305 0.74091389359817 0.752226285175945 0.73639676038622 0.725523538288601 0.711110674067254 0.707362927983902 0.7062675981493 0.704166283261134 0.714126069366112 0.717162344294889 0.733972455614482 0.75874585297355 0.773179909176865 0.778155509207147 0.7850705465073 0.797982287422516 0.812945855547422
-9999 -9999 -9999 -9999 -9999 -9999 -9999 -9999 -9999 -9999 -9999 -9999 -9999 0.617197816294823 0.622926386022062 0.624398653514231 0.592971998620203 0.548815884038243 0.562428553526783 0.567085685522281 0.575487995211839 0.601919719957586 0.615536582556214 0.630368272010883 0.638582906907374 0.640197791004861 0.632203356191167 0.634855449354409 0.618214009062566 0.606571672900597 0.658614786240237 0.713381654515693 0.734206688945397 0.734181870714802 0.739083638165912 0.744692440627917 0.751544474155052 0.732143416285586 0.722467016504453 0.748994078895312 0.761941077407503 0.755743093149761 0.738554345459396 0.743067413366728 0.709723615011798 0.708248499058581 0.700114696277017 0.690158681279322 0.685181348904012 0.685432865236695 0.694025182649481 0.702518046652204 0.723374371868211 0.742036868069192 0.737053707577014 0.749897898908943 0.765680444075865 0.780692943697239 0.781187851547505
-9999 -9999 -9999 -9999 -9999 -9999 -9999 -9999 -9999 -9999 -9999 -9999 -9999 -9999 0.624006487755884 0.62052400807136 0.590408329841905 0.569675847120091 0.550176554330631 0.552109671969441 0.565732073898088 0.606972450206711 0.63996812642533 0.650580172089843 0.641727197670891 0.628210869341304 0.62235003525961 0.613124930333166 0.598316931435252 0.586719642892809 0.614079476235963 0.6564985092532 0.66555096599161 0.671046779665914 0.670105558690217 0.677526436804707 0.712433175896843 0.717854069249176 0.725194080446947 0.742480643256097 0.750664820035943 0.751139565700744 0.738265887901029 0.724896003281318 0.699925830171328 0.679600100027058 0.677369929811814 0.667243833367065 0.665294767712805 0.671360819451565 0.679684153865464 0.692482426761004 0.71049946055149 0.711622107966742 0.717410234617514 0.734594036476495 0.743186091343611 0.766038441533206 0.780972170500826
-9999 -9999 -9999 -9999 -9999 -9999 -9999 -9999 -9999 -9999 -9999 -9999 -9999 -9999 -9999 0.617843265491347 0.589827170897965 0.579389904003672 0.572567488623596 0.558794199509079 0.564632276636334 0.588893512931123 0.636881666609119 0.632722758440905 0.613832872858802 0.605174325876856 0.612044387942604 0.604486381370897 0.594910115957233 0.580397054630798 0.608871433082977 0.641503285794151 0.646662933308283 0.657244127510372 0.65395674866191 0.664565739420478 0.677808898229072 0.654938169461318 0.660785254406967 0.726439617300353 0.698293692648208 0.711221733761737 0.715341285953147 0.692482727489502 0.677798974554089 0.663787418304913 0.65676219746995 0.650560764709022 0.646197178644014 0.662006531135564 0.663785617289113 0.674667148206219 0.697314583956597 0.718169395626353 0.700296665322214 0.716437736628892 0.723364594988985 0.744618552710005 0.753502635499437
-9999 -9999 -9999 -9999 -9999 -9999 -9999 -9999 -9999 -9999 -9999 -9999 -9999 -9999 -9999 -9999 -9999 0.566528817727391 0.550941389998254 0.493269949615946 0.493719105149776 0.510656114051851 0.559699952756699 0.613885436258643 0.595625670932455 0.584224929761642 0.586806641789678 0.585031123658992 0.577926106112806 0.562094654370323 0.577791921310073 0.638020797846683 0.645733389591791 0.650045777266269 0.666072623144365 0.687293747771578 0.683064871450975 0.668168011321297 0.719939655681947 0.738537138989818 0.725470890187109 0.735473421591652 0.731220944734375 0.700017954919246 0.675889461482573 0.662859334027034 0.642999422072788 0.632440178310279 0.630483181742541 0.63276458759568 0.646261233499416 0.669343769932425 0.68041087505039 0.684780607846783 0.675565175713941 0.647678845720203 0.656540099250643 0.708612039753528 0.731049283975765
-9999 -9999 -9999 -9999 -9999 -9999 -9999 -9999 -9999 -9999 -9999 -9999 -9999 -9999 -9999 -9999 -9999 -9999 0.533231078390278 0.452343638420223 0.444367499617793 0.468265564819511 0.423849193500997 0.52418052028443 0.550944369773718 0.550219652368558 0.554898826593855 0.562497709563394 0.5494777158052 0.541794960665376 0.530880515151442 0.586495902700965 0.651128734081009 0.669739458254038 0.695339129336722 0.691792963591516 0.690597717928369 0.72922202311189 0.760686425615683 0.753390530916517 0.755818997546912 0.741353867496555 0.716855335099664 0.678782094791967 0.671848315514054 0.655437146193681 0.637689310799799 0.619711407166355 0.619898273656679 0.616843955870247 0.626543566214869 0.648369258281424 0.674507670683082 0.645105084838898 0.654226424614375 0.616670516346809 0.623588716260998 0.643182435967161 0.668016814445652
