layers50/veg_krg_50/veg_4500.asc
NCOLS 128 
NROWS 165 
XLLCORNER -2985163.8955 
YLLCORNER -3022031.214 
CELLSIZE 50000 
NODATA_value -9999 
[rows 26 to 51 of 165, columns 59 to 117 of 128]
0.359367453927227 0.336952434911895 0.328529703566913 0.315040959156079 0.303510762162397 0.296978087208663 0.672043165144236 0.707843215566394 0.714515499835792 0.678352857532629 0.712537884560712 0.742232064802089 0.764931879245769 0.805937522201814 0.838958317875999 0.856461351215786 0.858341510242648 0.887077844022461 0.903083023625847 0.896602891741366 0.906184936832948 0.915833483006448 -9999 -9999 -9999 -9999 -9999 -9999 -9999 -9999 -9999 -9999 -9999 -9999 -9999 -9999 -9999 -9999 -9999 -9999 -9999 -9999 -9999 -9999 -9999 -9999 -9999 -9999 -9999 -9999 -9999 -9999 -9999 -9999 -9999 -9999 -9999 -9999 -9999
0.360926210890081 0.346789360504724 0.345270658346331 0.437006089720038 0.523718292743318 0.582885232868214 0.701116901284219 0.725463528447696 0.719640319583903 0.704510511391981 0.710097920678725 0.707490577011439 0.742527955702698 0.788382942810171 0.822917244846815 0.841803064148357 0.845812002774832 0.865818840678982 0.869659502854689 0.883755139292592 0.896515047212644 0.910867617506154 0.923616214523277 -9999 -9999 -9999 -9999 -9999 -9999 -9999 -9999 -9999 -9999 -9999 -9999 -9999 -9999 -9999 -9999 -9999 -9999 -9999 -9999 -9999 -9999 -9999 -9999 -9999 -9999 -9999 -9999 -9999 -9999 -9999 -9999 -9999 -9999 -9999 -9999
0.606244620013796 0.625182970006378 0.639539600528226 0.635137554484517 0.64984160880086 0.686016126260976 0.773249253730788 0.766429216414383 0.724743015317603 0.720072920234616 0.722405193752695 0.724257977072482 0.722146961718118 0.752347138930891 0.810070014743634 0.836880861871042 0.850313777558853 0.860172249901211 0.885405437974118 0.907175665541195 0.911399780513473 0.915796726936306 0.936737712100508 0.934004248353209 -9999 -9999 -9999 -9999 -9999 -9999 -9999 -9999 -9999 -9999 -9999 -9999 -9999 -9999 -9999 -9999 -9999 -9999 -9999 -9999 -9999 -9999 -9999 -9999 -9999 -9999 -9999 -9999 -9999 -9999 -9999 -9999 -9999 -9999 -9999
0.655971783992931 0.662871702273534 0.684810660927646 0.709808822209192 0.706038582026225 0.704795448609955 0.76236995632631 0.769728978242188 0.729342714557133 0.724308268219484 0.731816740870864 0.719153903578502 0.714739228191436 0.753829274993148 0.794732559080136 0.833207562425204 0.852795276496052 0.874883620304428 0.89679775296973 0.911341220851831 0.922423917668265 0.931018408672077 0.941735124187282 0.937167773140403 -9999 -9999 -9999 -9999 -9999 -9999 -9999 -9999 -9999 -9999 -9999 -9999 -9999 -9999 -9999 -9999 -9999 -9999 -9999 -9999 -9999 -9999 -9999 -9999 -9999 -9999 -9999 -9999 -9999 -9999 -9999 -9999 -9999 -9999 -9999
0.687892854195475 0.708069713501844 0.729707246511188 0.733070556130823 0.731854416578671 0.737241748336343 0.782442924683854 0.77143293765166 0.751595958294904 0.741160697384974 0.697818262010503 0.694317735765239 0.679909159356909 0.741846034078335 0.792125896198113 0.821386689449974 0.847374836028229 0.864611699927648 0.884024389216672 0.907696273834114 0.930524941492485 0.945519171876771 0.945480616769956 0.944260125309131 -9999 -9999 -9999 -9999 -9999 -9999 -9999 -9999 -9999 -9999 -9999 -9999 -9999 -9999 -9999 -9999 -9999 -9999 -9999 -9999 -9999 -9999 -9999 -9999 -9999 -9999 -9999 -9999 -9999 -9999 -9999 -9999 -9999 -9999 -9999
0.725334958759689 0.748535258346888 0.751458047123569 0.757945887129929 0.763371329911425 0.764429085173549 0.744735444740219 0.741187823299593 0.732401251742162 0.712661746358498 0.675944361357644 0.682062979988218 0.656283037758568 0.721352944927748 0.780363795939303 0.801962514775318 0.829165119781994 0.858725213441552 0.874727220847077 0.906586427250468 0.936626584156401 0.947565852919736 0.948775620372935 0.944580129753761 -9999 -9999 -9999 -9999 -9999 -9999 -9999 -9999 -9999 -9999 -9999 -9999 -9999 -9999 -9999 -9999 -9999 -9999 -9999 -9999 -9999 -9999 -9999 -9999 -9999 -9999 -9999 -9999 -9999 -9999 -9999 -9999 -9999 -9999 -9999
0.76856383558804 0.777867079911102 0.784780635289067 0.793690302142725 0.795967809658539 0.764155405679222 0.75664449968782 0.742466711030726 0.727588507959899 0.685002622875187 0.69477315955244 0.648147100145219 0.621442148689677 0.72699504576174 0.764889668706286 0.767090482772412 0.797769049899912 0.839109393186896 0.862601114884281 0.907014954605307 0.942652260281917 0.952472047313013 0.952011265822147 0.94496361819972 -9999 -9999 -9999 -9999 -9999 -9999 -9999 -9999 -9999 -9999 -9999 -9999 -9999 -9999 -9999 -9999 -9999 -9999 -9999 -9999 -9999 -9999 -9999 -9999 -9999 -9999 -9999 -9999 -9999 -9999 -9999 -9999 -9999 -9999 -9999
0.798925467142798 0.802972689946255 0.813810960023344 0.817937240893925 0.829386261223725 0.824599232423667 0.821835528574437 0.805657330682029 0.778089262839493 0.785656707043916 0.702263341912037 0.675450850685027 0.689978539240107 0.730304550942496 0.734736522361294 0.743961330861839 0.792647708718728 0.831615911548053 0.877837826794237 0.915191205327218 0.946444601413241 0.954914072714557 0.953325035393921 0.945705337703178 0.935309378925113 0.916876992501418 0.900008750202862 -9999 -9999 -9999 -9999 -9999 -9999 -9999 -9999 -9999 -9999 -9999 -9999 -9999 -9999 -9999 -9999 -9999 -9999 -9999 -9999 -9999 -9999 -9999 -9999 -9999 -9999 -9999 -9999 -9999 -9999 -9999 -9999
0.820375364695826 0.824431639248179 0.830234123176561 0.833417213948173 0.837757030838416 0.846523491776118 0.85161934694478 0.852020210671723 0.839357089307717 0.845058652188224 0.731876386146194 0.767408942988232 0.668244978698475 0.701666293990458 0.69782018325452 0.727190180245427 0.8026624375679 0.837972058283081 0.89063211471714 0.933079547267078 0.959208068416905 0.958417837108846 0.951038677188203 0.940478196215095 0.927434923279123 0.908499165611914 0.893103005528848 0.856574158057799 0.836829420073437 0.802813257160048 0.77800093207862 0.742388091004131 -9999 -9999 -9999 -9999 -9999 -9999 -9999 -9999 -9999 -9999 -9999 -9999 -9999 -9999 -9999 -9999 -9999 -9999 -9999 -9999 -9999 -9999 -9999 -9999 -9999 -9999 -9999
0.849132209203428 0.846057662103634 0.844541879820749 0.849178342676747 0.86933478321661 0.848315705769809 0.850725095732507 0.848642284603727 0.856591063544564 0.889569144062627 0.860094100068865 0.832249362156059 0.777346712197987 0.76122538640736 0.764804939554532 0.791637031080826 0.81290720897362 0.860998538814848 0.899216684724282 0.939703358462642 0.958993219261869 0.955692125567101 0.945101628036391 0.936547984731379 0.91864604984781 0.901218747010251 0.849565753095139 0.847516459865101 0.815960782926875 0.78419709354359 0.761004767942383 0.737760629541953 0.705351616573666 -9999 -9999 -9999 -9999 -9999 -9999 -9999 -9999 -9999 -9999 -9999 -9999 -9999 -9999 -9999 -9999 -9999 -9999 -9999 -9999 -9999 -9999 -9999 -9999 -9999 -9999
0.865355716127548 0.861840705253994 0.855063139871455 0.852437921307701 0.848202392768192 0.856219963440003 0.868233801919992 0.876681966455452 0.904283475390588 0.882290725761767 0.884596798836699 0.883516930288589 0.87746402173565 0.851014506630084 0.832649321853386 0.807495121102373 0.818319071342832 0.853502086756321 0.888984864644707 0.926846958478919 0.943571104407381 0.940339353387862 0.930146938983095 0.916309616095297 0.908295261999889 0.875641234072611 0.835703730237885 0.817197478273317 0.794480617662573 0.763008357661382 0.746133230124584 0.715435042992918 0.688414097066733 0.702005135001062 0.680814319516929 -9999 -9999 -9999 -9999 -9999 -9999 -9999 -9999 -9999 -9999 -9999 -9999 -9999 -9999 -9999 -9999 -9999 -9999 -9999 -9999 -9999 -9999 -9999 -9999
0.883633830312526 0.878135401632257 0.864229354314226 0.853822741567261 0.847535167748789 0.848782334642116 0.853075405302299 0.85999876983396 0.860249305756032 0.839644499074403 0.79184734959857 0.793158536192428 0.830034360586678 0.832299308100111 0.799574782632102 0.779133357901343 0.802569457055017 0.832705562099956 0.862349178699376 0.893415393830798 0.908809864448471 0.913183907459977 0.908949030155433 0.900172526360588 0.86376893439894 0.82614637387641 0.81076274447844 0.788994336134685 0.773528573490721 0.74398786405554 0.713192901864879 0.6837731376953 0.664624027009009 0.671636127822489 0.658507715259327 0.654282825329866 -9999 -9999 -9999 -9999 -9999 -9999 -9999 -9999 -9999 -9999 -9999 -9999 -9999 -9999 -9999 -9999 -9999 -9999 -9999 -9999 -9999 -9999 -9999
0.901211266421753 0.890226231658558 0.865356771452783 0.857421809064989 0.847035991481267 0.833322677849023 0.832117619582535 0.83242066906049 0.832114685696824 0.831385524179006 0.784896145836565 0.788318087094146 0.803114992660733 0.785669969607577 0.769325044925801 0.766331799503218 0.788901897132116 0.803802466513224 0.824035560526584 0.848797869088407 0.864917987245217 0.870587337998883 0.872628484115337 0.858770352231391 0.823166202393361 0.794372102544825 0.78245947666574 0.768856569529004 0.748023146193935 0.722289462083936 0.673277631568737 0.634102913538194 0.62544245763152 0.63932819914839 0.630471533385447 0.631484477361934 -9999 0.59259179312684 -9999 -9999 -9999 -9999 -9999 -9999 -9999 -9999 -9999 -9999 -9999 -9999 -9999 -9999 -9999 -9999 -9999 -9999 -9999 -9999 -9999
0.898163272334038 0.883749812270552 0.867126305382059 0.855079897883716 0.847907395473738 0.837235500692995 0.827977177892627 0.82036008182727 0.811633372358101 0.808504548461972 0.789417280144941 0.821982798439398 0.789410729562171 0.773218960903885 0.764443629891844 0.755160013919493 0.766984614965933 0.762284134716395 0.792919622992035 0.808234931824285 0.819259471060559 0.827686618590525 0.828601819013498 0.805502437310594 0.800844651975687 0.772420190252043 0.755132992226846 0.744403115618566 0.719569711250649 0.69398134453088 0.643925864808757 0.582739889138788 0.600420336903403 0.614825707728042 0.606708345255602 0.605571342279656 0.583702532130557 0.566732516776989 0.561096597255767 0.573769004041282 0.5982885636627 0.631014177658229 -9999 -9999 -9999 -9999 -9999 -9999 -9999 -9999 -9999 -9999 -9999 -9999 -9999 -9999 -9999 -9999 -9999
0.902830234096307 0.886769030229801 0.872672281880653 0.856468721699592 0.843795699163193 0.828975734430189 0.819396997241584 0.807334226991819 0.795557407678003 0.783717028573435 0.778676915197636 0.760255891652862 0.739450121090172 0.735518031777193 0.743217197588395 0.748999847549465 0.741605584738176 0.733004289567821 0.745538993305394 0.7572109164033 0.764404096128927 0.773653883914281 0.773641288574527 0.758629732161552 0.755436259480551 0.744581670047242 0.728822517069713 0.705332777794427 0.649046838065716 0.671185848938269 0.572105203721167 0.585204206609787 0.59595276831704 0.610774578070747 0.607378920031859 0.584479118613269 0.548966382489724 0.527668713336969 0.536546634113957 0.565934256710716 0.598378691649193 0.621801978473055 0.611365925792871 0.631079871497196 0.696283441111947 0.761145050750833 -9999 -9999 -9999 -9999 -9999 -9999 -9999 -9999 -9999 -9999 -9999 -9999 -9999
0.899409025714207 0.89113372962941 0.874557068291095 0.853472658765784 0.838286380702133 0.824105706626725 0.808400584543554 0.794092038871158 0.785058232664757 0.76090304219366 0.740946242962627 0.723522872409207 0.698177350367092 0.701922959092016 0.711817369836733 0.704834717365593 0.70066529694096 0.697912669245993 0.697375480074418 0.708013296592087 0.713052217250543 0.724659390942734 0.708337204529426 0.72936103460455 0.729162742392021 0.724009878867237 0.706146461681867 0.671287387478458 0.625948905728281 0.610067250145741 0.564928153484891 0.597221600354749 0.60816397223288 0.609169915851236 0.59604464547465 0.572599011975142 0.535427566681363 0.52828351506363 0.538043196666514 0.573292147640377 0.594460949234238 0.594344502647372 0.554056765035721 0.615703263393239 0.692448243161603 0.761877777810217 0.811615052925632 -9999 -9999 -9999 -9999 -9999 -9999 -9999 -9999 -9999 -9999 -9999 -9999
0.888831782164595 0.885579207925815 0.867928658055374 0.847929073184457 0.829762672104793 0.81641979659305 0.797835162739291 0.78428714701771 0.76678916491348 0.74026313249641 0.710886913348268 0.69805963558476 0.677283882732548 0.669563384020494 0.673511186572032 0.656581369103087 0.663252041160582 0.647515421013568 0.634788455511368 0.6492660715389 0.646148150674289 0.645881139665267 0.640707875995416 0.704290188858542 0.70827651281356 0.677779033912789 0.666048621508228 0.611720171017716 0.576165112512714 0.583507221415002 0.575272652582069 0.574383687079717 0.578091214664225 0.582082881523222 0.574533204341514 0.55485286132056 0.528536654679781 0.528386577891483 0.540090403082301 0.562665925653125 0.58684491348245 0.594483133769258 0.474859510284434 0.491959739085206 0.693726299294438 0.728652805939587 0.785711230369598 0.840919985911509 -9999 -9999 -9999 -9999 -9999 -9999 -9999 -9999 -9999 -9999 -9999
0.881872331902583 0.872393542567157 0.857234923217415 0.840249567259676 0.822052560391091 0.807355682043903 0.7915276871184 0.765304147565694 0.737066867399196 0.725120882029129 0.700347814988277 0.672492526705291 0.658647279448497 0.653796722487071 0.636977840227883 0.612126629194472 0.628521703400298 0.604312290675195 0.583300182986155 0.593117975411571 0.585822646073344 0.558792704219295 0.608460274303542 0.666266500974223 0.702863520222233 0.690338622885057 0.659856430715035 0.601366218387546 0.540341317022028 0.547056280724072 0.525614947940966 0.514311104326135 0.550441461969946 0.559168645939838 0.547386995349996 0.53150242874138 0.528449864468353 0.541668394514265 0.547387849960091 0.55383715858748 0.574764534304499 0.489806520386706 0.441466982875215 0.464127391827269 0.669694446259426 0.669268484224171 0.757567422746329 0.780354666320671 0.850595480803311 -9999 -9999 -9999 -9999 -9999 -9999 -9999 -9999 -9999 -9999
0.870454830096015 0.857554931330274 0.846345049066149 0.82644291924047 0.80631719864181 0.808887118655487 0.783381121337891 0.755520138616668 0.72414299339728 0.710761778982595 0.700648951150758 0.658877535593328 0.639938481852635 0.638621056816144 0.601791189339496 0.579495176502717 0.567710704867799 0.557375538790614 0.532415273287668 0.538146282102424 0.504337326235315 0.522292712132215 0.574981661958151 0.636197897239416 0.673236856520935 0.696611422881805 0.627629468684738 0.632235132057066 0.567756472673202 0.515311710508839 0.496854804793961 0.5368134341071 0.536982666488708 0.548971334338482 0.529066965869976 0.501313885338792 0.524110951906316 0.542012721415336 0.553918239205205 0.562918766881477 0.57079304858367 0.524182944798343 0.463622340757022 0.57067260338343 0.618716691250405 0.605492990650163 0.675380176995675 0.774405897864951 0.84010156119998 0.87123834190236 -9999 -9999 -9999 -9999 -9999 -9999 -9999 -9999 -9999
0.834578039328809 0.829075939813772 0.821756248294895 0.812523756376984 0.802979950778321 0.792983288641286 0.788831397315976 0.757463641326098 0.732024720901556 0.707732541145073 0.660171676560736 0.631781154427325 0.624352895503646 0.610735358400385 0.567508235759081 0.544817152924987 0.53516250438657 0.521531988527943 0.473809424418204 0.466229711686377 0.474735317675968 0.465552463134087 0.39455190772804 0.545442594579772 0.636293268273817 0.606817860735039 0.63964966607021 0.568264685011667 0.566437917762527 0.49241613656121 0.509533938939479 0.509830928787202 0.501850730225015 0.52103924421774 0.502994150710086 0.512648429827621 0.508648500806507 0.504933407703666 0.523515147554012 0.53576973353201 0.55542141632507 0.526425401795318 0.508495337705524 0.553066575666234 0.519557846061761 0.589502702077974 0.670483728261105 0.771921151523322 0.807797804289631 0.835783056641428 0.847980965634103 -9999 -9999 -9999 -9999 -9999 -9999 -9999 -9999
0.797085830629229 0.805753791635556 0.795976052420825 0.797425785957264 0.789258653077575 0.777117047652439 0.759328706485606 0.719395587553805 0.685022525583006 0.676400983739676 0.647398030527876 0.610095561495866 0.591192557402376 0.564449149938903 0.522830822367393 0.498862128952251 0.500768203250833 0.492052840591321 0.430597574675102 0.441152293814271 0.440596036262052 0.455327029658586 0.437139845179853 0.421253369798795 0.562422877693983 0.562272071789745 0.572797320373976 0.531718895405647 0.547721929527215 0.484953752885702 0.457108004458904 0.442249059269946 0.431797192047795 0.442850942646822 0.440903171324628 0.460297161109596 0.472556955862545 0.482742540938538 0.516847366992007 0.511751965940512 0.530417677861066 0.484947561951244 0.420327105589192 0.489119267059327 0.490334437135924 0.537519693227447 0.684143315861122 0.771967586780072 0.793369026347373 0.809306774861703 0.82062962510798 0.838378228558487 0.825454367710386 0.807436391375188 -9999 -9999 -9999 -9999 -9999
0.774256954902376 0.78691957159604 0.775113249145907 0.761583140181715 0.759005446369523 0.748494011788075 0.719462959191127 0.674037105155964 0.644862634196236 0.633077935102958 0.642816615723017 0.580908861088875 0.551515784648039 0.530157226991567 0.516974172256691 0.484757970795353 0.467152067315932 0.482279975950724 0.443027223964741 0.439591115950482 0.42399522821622 0.411036930624408 0.428744220059421 0.455770606691191 0.527730674638646 0.535104103203872 0.523671894076192 0.518856447577934 0.516208683044752 0.450442639077134 0.415322500679847 0.376499288571275 0.367102531613714 0.395819613140886 0.410952389785049 0.427991792144945 0.426393079977486 0.460727065296533 0.499980359484874 0.476214446698637 0.498515452789186 0.496418244520037 0.366225624746296 0.441003214951622 0.491769030497346 0.556603859851592 0.651888301079701 0.738965547847162 0.716040230730999 0.775456448569705 0.79814305049262 0.820013480894335 0.803371242511064 0.777710724625061 0.781819257491846 0.786708067887548 -9999 -9999 -9999
0.749566908781729 0.751521032862412 0.745277795844049 0.727016900621802 0.7019786383516 0.706567493326633 0.692652649361773 0.642832324980061 0.615359960405051 0.573245264889391 0.591337216772274 0.551781150734958 0.546845049597114 0.525777822548069 0.495081092426598 0.457537916833776 0.472652774217348 0.456712022146884 0.431721652928032 0.438790343511016 0.393503462771004 0.376251474316277 0.403031273739478 0.513096605396741 0.519570980250437 0.489560089934222 0.492979848634139 0.520797896431309 0.487020221261676 0.402664067499985 0.412966513399021 0.419827185760132 0.434310987116617 0.428027255481012 0.431338806214236 0.443767281000493 0.459185589267422 0.47588638405428 0.488353045859146 0.48078358386789 0.470252938735995 0.444131631732883 0.394115388516415 0.443647214885387 0.516804297163592 0.59673702716357 0.664649824951316 0.609132290386465 0.665625397158441 0.702079754290752 0.762880328996083 0.753275764094492 0.700806323050245 0.71702046882851 0.737146718273687 0.746154284807344 -9999 -9999 -9999
0.700635852498086 0.715729684495813 0.730413436054517 0.724734610755815 0.714059987317832 0.665925406741803 0.644314265630085 0.621519092138978 0.427549416109001 0.475384455269044 0.524848888660379 0.52500171432985 0.525525344579905 0.506382880857984 0.520144700359429 0.476663418219081 0.488708310535882 0.439126989498124 0.413230295621177 0.414613369980028 0.396602338532889 0.35536070734909 0.436269695509553 0.51601623114658 0.533394319358388 0.487667916456878 0.5189820464486 0.521122888019444 0.481045350495717 0.434488159995737 0.426168241537808 0.399793053382747 0.409763389692591 0.413382401056026 0.406733016140873 0.42118291506583 0.434254086231577 0.442030707044477 0.467415212185794 0.473415050321181 0.484250716173854 0.484172662687832 0.443041530258267 0.451193873682266 0.486379186752818 0.537774970840121 0.611535900946814 0.635337015671746 0.667475253706516 0.671964895656422 0.693175310413473 0.678274637874051 0.623012242194632 0.671986817156902 0.715254169747913 0.743135551195305 -9999 -9999 -9999
0.661939776756855 0.662051743167273 0.679475114132482 0.705035824885488 0.698351760135736 0.685482259166288 0.621197208010538 0.503265580352073 0.538138315587296 0.513030190398605 0.527273326280786 0.53649846209254 0.518417048014455 0.479134066861659 0.493691327857759 0.463235773782571 0.492240655543153 0.416091098295193 0.406815727025696 0.411843484466608 0.350247028548014 0.382820315517305 0.438240313677835 0.49064456124358 0.502986661016531 0.48017720153807 0.526200493505109 0.474319157369494 0.447158818294955 0.405182444329169 0.397032366446625 0.405630051671754 0.398599191190198 0.388802419043388 0.383814390356073 0.394468182612111 0.392311669211556 0.402941515731951 0.439136363332035 0.448392247886818 0.458130901273236 0.465424777471398 0.416027515110834 0.42462496608802 0.426059018106764 0.490912655842207 0.555683697213453 0.57394855408168 0.609382433597661 0.647114398253994 0.635177077215659 0.626171787195614 0.601788159779968 0.637775576695919 0.696089156518605 0.726625699108544 -9999 -9999 -9999
0.631760349824852 0.634007876800105 0.643848460334451 0.675690418585053 0.686030892496227 0.649017557552247 0.638790211186276 0.617917215592112 0.592144043472094 0.560435853266908 0.537641845279329 0.516598236668124 0.486156663317808 0.460753545543931 0.480744066908148 0.430529392267164 0.419991506560126 0.449115456017485 0.353218332429941 0.359051642771224 0.367739217655543 0.426589935214221 0.440689237039835 0.475357639568185 0.446125406666072 0.460258695715094 0.46868660335372 0.431073438757862 0.394595975113651 0.349419123000447 0.357962043689279 0.385553291042296 0.36857296451278 0.378608354011857 0.367422474120892 0.39012029800701 0.375238570113983 0.389964526567767 0.413936273059308 0.415461925930288 0.424986479480445 0.434575844958374 0.395401597685318 0.42893264467487 0.442375425318733 0.467812520599644 0.505679376245512 0.538033453284139 0.56006724593043 0.559830781763952 0.5509879448 0.577876121308342 0.595547035749904 0.647972846654023 0.682417673688121 0.702660113402399 -9999 -9999 -9999
