layers50/veg_krg_50/veg_2300.asc
NCOLS 128 
NROWS 165 
XLLCORNER -2985163.8955 
YLLCORNER -3022031.214 
CELLSIZE 50000 
NODATA_value -9999 
[rows 26 to 51 of 165, columns 59 to 117 of 128]
0.526384825591176 0.521932974943068 0.521320709547247 0.525342419361603 0.575281866888035 0.616097016118714 0.650639362632542 0.692493851494022 0.69439687224336 0.62646204922756 0.672744318235689 0.709757544746653 0.713693137086995 0.753174647582663 0.813442910619068 0.849301923083563 0.853014903272004 0.886474389970245 0.905985486356267 0.89498171152331 0.914578396059401 0.936190454923899 -9999 -9999 -9999 -9999 -9999 -9999 -9999 -9999 -9999 -9999 -9999 -9999 -9999 -9999 -9999 -9999 -9999 -9999 -9999 -9999 -9999 -9999 -9999 -9999 -9999 -9999 -9999 -9999 -9999 -9999 -9999 -9999 -9999 -9999 -9999 -9999 -9999
0.56968402954269 0.567043388374225 0.567353840958994 0.565201048367993 0.599881456312269 0.631431174785014 0.675926464924969 0.708693900551392 0.702331638930288 0.688236428431173 0.703571959404854 0.710368068149272 0.745513489299241 0.772752497806907 0.801259710762804 0.841160654628045 0.83774219577861 0.851658238149573 0.847435237227214 0.877953098303761 0.898189330417054 0.921288758369135 0.956315826057431 -9999 -9999 -9999 -9999 -9999 -9999 -9999 -9999 -9999 -9999 -9999 -9999 -9999 -9999 -9999 -9999 -9999 -9999 -9999 -9999 -9999 -9999 -9999 -9999 -9999 -9999 -9999 -9999 -9999 -9999 -9999 -9999 -9999 -9999 -9999 -9999
0.609001125374356 0.606375946214449 0.614599007219339 0.622428141684107 0.649799838245492 0.673951134621478 0.757641272348876 0.742670953257178 0.718369823306386 0.716799351333237 0.727451785304702 0.740756867887333 0.75067053926105 0.761083003161275 0.799307560246991 0.839351613501561 0.846420418304158 0.851897424311198 0.891698164450447 0.919131765851267 0.924045281745893 0.921640274768881 0.953009558211525 0.947983046925306 -9999 -9999 -9999 -9999 -9999 -9999 -9999 -9999 -9999 -9999 -9999 -9999 -9999 -9999 -9999 -9999 -9999 -9999 -9999 -9999 -9999 -9999 -9999 -9999 -9999 -9999 -9999 -9999 -9999 -9999 -9999 -9999 -9999 -9999 -9999
0.64236094211744 0.642419952111374 0.657285866998014 0.680895683902446 0.696020115874257 0.709137405723991 0.735731411392264 0.747086230318728 0.727455649322942 0.725675476857732 0.746320211544923 0.73367904782618 0.728863194483025 0.734760502274086 0.758307943492779 0.80943601895572 0.840543982167033 0.864075830434603 0.908206349789054 0.918458401099509 0.929396432651751 0.93695122190655 0.950635832261479 0.949316430269071 -9999 -9999 -9999 -9999 -9999 -9999 -9999 -9999 -9999 -9999 -9999 -9999 -9999 -9999 -9999 -9999 -9999 -9999 -9999 -9999 -9999 -9999 -9999 -9999 -9999 -9999 -9999 -9999 -9999 -9999 -9999 -9999 -9999 -9999 -9999
0.673476038910156 0.688351568255045 0.706914484705247 0.725440295135734 0.743975732170725 0.756509688441297 0.759160803552905 0.768743292984935 0.806409206761007 0.824328645293398 0.810749107069471 0.807936252730282 0.804638822840683 0.815506372702464 0.816806431983322 0.82171937790558 0.844791197571922 0.867436260461361 0.900996681152848 0.918759338630542 0.937038379302579 0.944300609929285 0.949036409827524 0.950910231513568 -9999 -9999 -9999 -9999 -9999 -9999 -9999 -9999 -9999 -9999 -9999 -9999 -9999 -9999 -9999 -9999 -9999 -9999 -9999 -9999 -9999 -9999 -9999 -9999 -9999 -9999 -9999 -9999 -9999 -9999 -9999 -9999 -9999 -9999 -9999
0.718000699743447 0.731619356490232 0.743772681217689 0.760756975336587 0.775014643279866 0.765899298556817 0.74118720203825 0.767806932788367 0.818548623374064 0.812512873478503 0.79746790551469 0.796317756679697 0.787755119143804 0.79395739532571 0.808688401061753 0.805510254452712 0.841686642661981 0.885319851021915 0.899301531251236 0.919296084974734 0.939711459464661 0.946783640608886 0.949253345075843 0.950711210332845 -9999 -9999 -9999 -9999 -9999 -9999 -9999 -9999 -9999 -9999 -9999 -9999 -9999 -9999 -9999 -9999 -9999 -9999 -9999 -9999 -9999 -9999 -9999 -9999 -9999 -9999 -9999 -9999 -9999 -9999 -9999 -9999 -9999 -9999 -9999
0.756657604252676 0.766585342598548 0.783048179168514 0.788597941044478 0.803463995375008 0.753539605926143 0.739552969962052 0.757362688784548 0.811733031400651 0.796010291772004 0.794018142255299 0.781063297121244 0.775068013531658 0.794004525727653 0.792325179854113 0.775297510504202 0.814643221215173 0.876341614302251 0.889600614666335 0.919037881614459 0.941226373101199 0.9502949565782 0.951817145389846 0.951698580678102 -9999 -9999 -9999 -9999 -9999 -9999 -9999 -9999 -9999 -9999 -9999 -9999 -9999 -9999 -9999 -9999 -9999 -9999 -9999 -9999 -9999 -9999 -9999 -9999 -9999 -9999 -9999 -9999 -9999 -9999 -9999 -9999 -9999 -9999 -9999
0.788609146347805 0.799183834461693 0.811778475822913 0.816426567519122 0.811465580898169 0.799317575804939 0.800144602715496 0.807321036516748 0.81819520846953 0.814656376197044 0.790174628869893 0.783466877067959 0.79061128089242 0.778613584676149 0.749431416495886 0.778216474014619 0.82191796895223 0.87026840641131 0.898879742458991 0.925174015820697 0.946418209305396 0.954912716092106 0.957418313856798 0.962822597643179 0.958351643946533 0.916797705124948 0.888702127872276 -9999 -9999 -9999 -9999 -9999 -9999 -9999 -9999 -9999 -9999 -9999 -9999 -9999 -9999 -9999 -9999 -9999 -9999 -9999 -9999 -9999 -9999 -9999 -9999 -9999 -9999 -9999 -9999 -9999 -9999 -9999 -9999
0.8229253102304 0.835088574011167 0.834766635205183 0.832772319281856 0.830540262136072 0.826552613876036 0.835408783500748 0.846442074560773 0.827984098915691 0.821951465243352 0.791889205573863 0.800055677585933 0.78429877014413 0.760905538996205 0.72021723534109 0.786846845719457 0.832479649750207 0.851341458020547 0.907761382573777 0.943671718713572 0.965690070813746 0.966580263944143 0.962315622376093 0.958778506343362 0.951880836958495 0.908117787438296 0.883011326715093 0.861643406754691 0.846907224620592 0.826745792291518 0.811797723623004 0.783669286153201 -9999 -9999 -9999 -9999 -9999 -9999 -9999 -9999 -9999 -9999 -9999 -9999 -9999 -9999 -9999 -9999 -9999 -9999 -9999 -9999 -9999 -9999 -9999 -9999 -9999 -9999 -9999
0.863779742437034 0.858164677588447 0.853576918912055 0.850574760634103 0.853850508937159 0.835008860505405 0.836576939781706 0.837547157595243 0.829529168868544 0.826370014464944 0.816761851530398 0.810944309222702 0.799776097070845 0.788103271944931 0.786858500585639 0.807032929576877 0.836662621242724 0.885681782358479 0.920572181912791 0.951425154640035 0.966027609734919 0.964765257607995 0.959095375838581 0.951736117791944 0.925704415171371 0.895172533603937 0.870490170496667 0.855090415570466 0.831835519490137 0.811319299470097 0.793148281324803 0.776362320278968 0.73964312573609 -9999 -9999 -9999 -9999 -9999 -9999 -9999 -9999 -9999 -9999 -9999 -9999 -9999 -9999 -9999 -9999 -9999 -9999 -9999 -9999 -9999 -9999 -9999 -9999 -9999 -9999
0.880851055217952 0.87702188232683 0.86904473803934 0.861076510329287 0.856737954976407 0.845161363048122 0.850908908163421 0.852241622780156 0.850817311174455 0.825364199761398 0.821886405663364 0.824196406985964 0.835476319856918 0.830011388267643 0.828813652716272 0.828256178032042 0.843796967247157 0.878995617965942 0.912828772359363 0.944979844304565 0.957798956221828 0.956370766889201 0.948172668364166 0.9245343701291 0.906809137321843 0.881361577174656 0.856225302110337 0.835223929254773 0.819320023341324 0.794527279087311 0.764772833626663 0.754035515317866 0.729656225713467 0.710215112909546 0.68386556500565 -9999 -9999 -9999 -9999 -9999 -9999 -9999 -9999 -9999 -9999 -9999 -9999 -9999 -9999 -9999 -9999 -9999 -9999 -9999 -9999 -9999 -9999 -9999 -9999
0.899016046807066 0.891592107847553 0.877940677644808 0.871153970211112 0.875817446895435 0.87152687150051 0.871651697847175 0.867839390208574 0.842268348786376 0.820232222179058 0.792299817307906 0.796952937586076 0.826724384425866 0.830825904839511 0.825209064995563 0.826249332642391 0.836565182186342 0.866676077119183 0.895539049699448 0.925240798230409 0.936959103399456 0.938275622952976 0.933222425959318 0.909666830155581 0.886362820743749 0.856675187196335 0.836809178301283 0.821021421931002 0.801512467960442 0.767553347244984 0.749158441391646 0.724290405927661 0.70569422196407 0.697681019127138 0.670041046009953 0.664050688100269 -9999 -9999 -9999 -9999 -9999 -9999 -9999 -9999 -9999 -9999 -9999 -9999 -9999 -9999 -9999 -9999 -9999 -9999 -9999 -9999 -9999 -9999 -9999
0.917093467096626 0.906565002198229 0.904638045866587 0.899388049827656 0.886547064625479 0.87273439603188 0.878707272655986 0.871595457076576 0.849988344800639 0.825201867080533 0.794886698554386 0.80344429417994 0.821900512498653 0.819816562809997 0.817609797629862 0.825148663995714 0.836023987628248 0.854684212134488 0.870181354278561 0.894074262463276 0.907819112068531 0.908932899836441 0.899183241117982 0.888887505400879 0.869155226852939 0.841818901970054 0.825615559913603 0.808323948452455 0.785014984962232 0.758764915797295 0.739569346403345 0.684742354218376 0.674819623229525 0.676682400462727 0.65766621010583 0.652301988561621 -9999 0.613580441468448 -9999 -9999 -9999 -9999 -9999 -9999 -9999 -9999 -9999 -9999 -9999 -9999 -9999 -9999 -9999 -9999 -9999 -9999 -9999 -9999 -9999
0.923335366417025 0.905575396411276 0.894525138171353 0.882078923354972 0.872210535269199 0.864506384312711 0.856702927822746 0.864443001110915 0.85076664597475 0.827368417305036 0.787745387165957 0.826640436568605 0.818554049251441 0.819136339984572 0.820726815758571 0.822938254826792 0.830261646528764 0.836101396864266 0.869513931448582 0.877882943575284 0.88085104488684 0.877474697259873 0.876265731972954 0.872791252097483 0.864720999622795 0.834397455562737 0.813307658621027 0.793747911208816 0.757980637300786 0.753637896677261 0.72829304211122 0.660659034389744 0.670313944429333 0.659947379465096 0.649788921087943 0.637933800691755 0.617726596830557 0.598842131788239 0.59325643589683 0.599497143894736 0.615664199960778 0.649266799115007 -9999 -9999 -9999 -9999 -9999 -9999 -9999 -9999 -9999 -9999 -9999 -9999 -9999 -9999 -9999 -9999 -9999
0.915977311262057 0.900298421248305 0.884135320739484 0.869663414832128 0.861510587582854 0.857889746259302 0.851103188721396 0.853693708796746 0.842836148701139 0.825872297378896 0.825973629422896 0.817351639097292 0.799173085379132 0.803403949895557 0.816457757522576 0.824848888902855 0.831204447659574 0.830952474961281 0.844749673280872 0.853282800465619 0.849744388368015 0.852971874477492 0.854967531198107 0.850143489164129 0.838745855531511 0.81984906244271 0.787135136432098 0.750605872870377 0.68848444588001 0.743048771219116 0.673431131039507 0.651929398700474 0.666232614492114 0.654404336709859 0.645262038254985 0.62451092866303 0.599464777983888 0.582994599168294 0.580212828889899 0.594764567255449 0.617117862459334 0.642041566198916 0.645347766033155 0.658402674232295 0.704355308053496 0.753666225956464 -9999 -9999 -9999 -9999 -9999 -9999 -9999 -9999 -9999 -9999 -9999 -9999 -9999
0.907084574794784 0.897894236030693 0.880733260808523 0.862106458893115 0.854397182493309 0.848588628128054 0.842435086498348 0.85192576877644 0.851339627406201 0.819284774800592 0.796499430232205 0.788875906716735 0.766931513774312 0.794981082858465 0.814243681506274 0.821525958180625 0.818320740293016 0.82204249937695 0.818334180672055 0.829014398604295 0.81901710391322 0.834813504920357 0.826259235826321 0.837167979402308 0.821197143775472 0.801125072718131 0.772287612909482 0.730341462942685 0.693674294667981 0.703251222621606 0.657503767806192 0.664036453187798 0.663293770431962 0.650295232218848 0.630843584602742 0.609794699576112 0.584997089866789 0.578928682037564 0.578962824292048 0.600261397777036 0.617031497339501 0.62049711265157 0.604013239486282 0.646487724952188 0.69994339479699 0.7520149954093 0.790317794292506 -9999 -9999 -9999 -9999 -9999 -9999 -9999 -9999 -9999 -9999 -9999 -9999
0.90048674545285 0.888007609500928 0.871864632652543 0.859635122194853 0.848803931879676 0.839842829474992 0.838518152038047 0.85621230315119 0.849943054870173 0.820850423689778 0.784741752891363 0.774444475967569 0.768123926219616 0.773888797803287 0.792201051877542 0.790457145965392 0.808042791934378 0.78564374636325 0.769586897986664 0.799410619071057 0.771631748396521 0.79180745382387 0.782560568523197 0.827504327540831 0.809590705440131 0.757703258349056 0.748924757045802 0.701496956692415 0.685342306473323 0.692062352870226 0.668793452209541 0.650606121418606 0.636506072387703 0.628117909612904 0.610663679673389 0.593391070440673 0.575479044786778 0.571318345733703 0.576784990326239 0.591286997587937 0.608163345474361 0.618857185087023 0.526326965997766 0.550055832161805 0.698782740827185 0.723655556393286 0.767518114839948 0.8083357139369 -9999 -9999 -9999 -9999 -9999 -9999 -9999 -9999 -9999 -9999 -9999
0.883698820086371 0.877443092866297 0.863454312837041 0.854660001354818 0.84169471413117 0.832008519162406 0.837119199707848 0.84910091943785 0.829391576339803 0.830478801870066 0.79306568194715 0.761137246509417 0.769355606409665 0.781887192309946 0.774578825016765 0.757619684924217 0.798337376480987 0.758622581563744 0.743067600364653 0.786420785364479 0.764893925838686 0.75422502553934 0.781495852978839 0.799700550076817 0.810254138745712 0.784097056034643 0.757466027351295 0.711568648029536 0.67056330807602 0.667464790840558 0.632401328701141 0.599244232499511 0.612321670983367 0.606760230020901 0.587729961046444 0.572291222582266 0.564866711294502 0.569032809899011 0.573293401933011 0.578806136881041 0.595694894206122 0.535143271305571 0.49307719891533 0.522012459469509 0.676555651317298 0.6766816710116 0.741448902948176 0.763385529703881 0.826438117303799 -9999 -9999 -9999 -9999 -9999 -9999 -9999 -9999 -9999 -9999
0.871585573365959 0.863560338910608 0.856006836021575 0.843930374023246 0.833283686308009 0.83624012052389 0.832832965874373 0.851736654296717 0.841984369322518 0.835728943371205 0.82095261525437 0.773937744338426 0.770739424274245 0.790303533037434 0.753731052137508 0.736009762648593 0.731627879787288 0.743020989955262 0.726692673929859 0.762337765959651 0.753248765549525 0.767006382026749 0.789781945455336 0.801245631952501 0.796653929959633 0.791442851584549 0.736528163523966 0.727705319460537 0.67708006786276 0.633617995111527 0.611931379046827 0.609542378790201 0.594228399980727 0.588003982974533 0.564948282229309 0.539668743736175 0.551031118021434 0.561821039579775 0.568494740977466 0.575930381532389 0.585259816535284 0.554305598811955 0.505913443912589 0.597985887991873 0.633860904610466 0.625047583299038 0.680059140600747 0.757135689961061 0.81214631899132 0.842543908975768 -9999 -9999 -9999 -9999 -9999 -9999 -9999 -9999 -9999
0.854892204632221 0.84487069724169 0.83796545813834 0.835056394223002 0.830180399641023 0.824060507968434 0.835030873139127 0.833845550845217 0.832970880988917 0.828784641108918 0.786669127504434 0.757078860475426 0.769165055349549 0.786323312911291 0.754356099273282 0.692948460280941 0.711912880018246 0.739192874733232 0.704929042662422 0.722448929375411 0.746645990794477 0.751101596633645 0.676308741848745 0.747076939171109 0.773523662768099 0.738329057596939 0.741100940763181 0.685837430294978 0.667981740542379 0.597887585001194 0.588961868557907 0.579462650124652 0.558157936580203 0.558177285532179 0.536300908937661 0.535041140323569 0.52619469242348 0.522245486245249 0.534748521863707 0.545801077796315 0.564865455567337 0.547576202861782 0.535032916790044 0.577914116231927 0.55348379702976 0.609115475246684 0.674067654971281 0.754741415706516 0.784441726517636 0.811201341854784 0.824617781228839 -9999 -9999 -9999 -9999 -9999 -9999 -9999 -9999
0.831795610909083 0.797013984581302 0.791802602600162 0.816787498455659 0.812452032450951 0.80128067330269 0.765459788978016 0.778734664062751 0.793723932417585 0.794602544599744 0.793681827579285 0.759819574281619 0.762946597315673 0.759199584159833 0.704835823272286 0.642347246150871 0.700387536513866 0.716605712625615 0.676661920015612 0.703461683083821 0.717439202021322 0.730185093219979 0.708153144569886 0.669268806984616 0.726577817152614 0.705558054303858 0.698382286692881 0.651924513075487 0.647776417060813 0.574120386472808 0.537490534477443 0.517616856395898 0.491920247341144 0.488007779205298 0.476530897319933 0.482416658483917 0.487332567852099 0.49363921522365 0.5196657889565 0.517005387067308 0.535096340523596 0.505439202881008 0.459199561762381 0.520698402558868 0.524782788514491 0.564308144922985 0.6797362172417 0.751786251225824 0.771691885574897 0.788864901901894 0.801330525191764 0.814546337766537 0.802192587516984 0.788519054957773 -9999 -9999 -9999 -9999 -9999
0.80839696602313 0.791201239372922 0.766454847260454 0.768504692785447 0.780728808821416 0.762088945462978 0.704678279931829 0.710134333860685 0.760305536875645 0.759835230912844 0.784818649050961 0.746362947909946 0.75308256689025 0.74397053263899 0.697511270780413 0.647876248026737 0.668208041453178 0.698285053480768 0.690648563131093 0.703646776438007 0.702142927926355 0.695682980877794 0.694393509507031 0.686450934340689 0.706576930151352 0.67988157151329 0.654663962103957 0.63181457457478 0.613573075332657 0.532632889499632 0.486762733543233 0.453755621702722 0.431140685117044 0.43899102521337 0.43813350647377 0.44583270893089 0.439972863844242 0.465244461621921 0.494581369489765 0.480320883001984 0.501245888720119 0.504350883513759 0.417352991301258 0.472971589470939 0.518820548358804 0.573087783160134 0.650084739445433 0.722508076214559 0.711059318100344 0.760283578291881 0.77560219527447 0.79338347572599 0.783735803080301 0.769711103502553 0.773628769230217 0.775315573174262 -9999 -9999 -9999
0.774505779344257 0.763397698791435 0.721269677124356 0.727086364784328 0.750653036683582 0.751626905080025 0.714783118508679 0.648184347093413 0.654055731421773 0.719961606466814 0.761320007930631 0.728783840135013 0.739837149917024 0.699076174830979 0.650316303368565 0.624031764015133 0.680432731493178 0.687829960672403 0.687669799107802 0.695074718461079 0.674876573840413 0.66173730735696 0.662882615307138 0.715187327621722 0.698135086311344 0.655272548625917 0.630341205800053 0.637680534421212 0.592680853966016 0.487876560794854 0.47593817642404 0.468315311249753 0.466240415694786 0.457149352599425 0.448761332694081 0.449672955536291 0.455541030610613 0.465470438432891 0.477991030592078 0.475052345466585 0.464909645335962 0.440519846611385 0.410565631569319 0.448568716103755 0.521331144834294 0.593150542180529 0.651421406182555 0.602274471981435 0.657513464631398 0.691531476234829 0.747622796130628 0.738286318772456 0.704277072567998 0.73910666678788 0.776983811787235 0.794258500004431 -9999 -9999 -9999
0.664188113598638 0.724811001301596 0.70086317546317 0.70571235972998 0.728273891446245 0.712482385682405 0.669094486821242 0.611932289908655 0.529981790620606 0.558078297104599 0.701138417103619 0.70322368219867 0.675770846971514 0.617653800781233 0.651106735651515 0.650076612050692 0.688537397980822 0.678127720770081 0.668370683308902 0.671090014142995 0.664049858269001 0.634470591513447 0.666165182004797 0.693030152560664 0.688674053242945 0.639697524248767 0.641027778292142 0.630792406735897 0.5789207824229 0.526812617201529 0.494782743994622 0.456298436183304 0.437719072419296 0.415806310008806 0.402199740611088 0.413376617689692 0.422544031841561 0.426042628206864 0.455085234653745 0.461241543924728 0.471706471260405 0.470812229842233 0.420833095366283 0.423559000261015 0.46326030551507 0.509047626257452 0.589236579957588 0.616821076501155 0.653596172146835 0.670886520558844 0.694691467583176 0.681300050841162 0.618054769127674 0.701297801236067 0.769525131588105 0.806332789172826 -9999 -9999 -9999
0.687906467699024 0.702762809329095 0.677725347496307 0.688380698359624 0.703333290879484 0.704829386529482 0.672416796170666 0.579644007266681 0.586393012710737 0.531154003051792 0.534039969470162 0.604224231441004 0.670807875073371 0.599223748840237 0.630842769157887 0.639262196285621 0.686266296198137 0.656557986763547 0.655967078162968 0.657151045668207 0.621056604565576 0.632862078894604 0.654450756392013 0.67278811034138 0.659764355324516 0.626252467873549 0.643579867540248 0.579782996731112 0.536806873636372 0.477314776674949 0.447790228414802 0.440929216054611 0.410956592066854 0.3846581892583 0.365952348231587 0.371336629258128 0.363104086955612 0.371390588201504 0.415244634364799 0.42508083631915 0.433465940030141 0.443932905328398 0.383505635800334 0.391022008062795 0.394139649613951 0.466076918481445 0.539831168398452 0.558226045402389 0.596174897526623 0.640737094142005 0.63034979448912 0.627898470742939 0.605114951631294 0.652592686472682 0.729218800910942 0.754846391044973 -9999 -9999 -9999
0.607502810323888 0.590095200299369 0.612783982203361 0.620734977378452 0.654399679519191 0.657693967507854 0.665827946368863 0.657783352791036 0.678866282669602 0.639282405262803 0.571911998919845 0.599039885682279 0.640760041191814 0.603462691614197 0.627671276280267 0.613197638405594 0.63219996108172 0.661456806743404 0.61816081359178 0.617587218481443 0.615571271180058 0.638142307369773 0.641295495751796 0.65285235126547 0.615602986900421 0.606393432947594 0.593043806788625 0.530160682497001 0.476522863495729 0.413204078281295 0.394234985373973 0.415240079123052 0.376318333595354 0.369337707361522 0.336036090663621 0.353939026389443 0.333698407614681 0.348495820177926 0.3766594397122 0.379638736257497 0.393302997221607 0.410153020942336 0.366856662645288 0.407168831420375 0.434126386860822 0.459823264324606 0.497939367361983 0.53055537564612 0.558409557807264 0.562386168737159 0.558807697348023 0.587299290197605 0.608504767729265 0.664569262147917 0.714507628715773 0.73799474207676 -9999 -9999 -9999
