layers50/ele.asc
NCOLS 128 
NROWS 165 
XLLCORNER -2985163.8955 
YLLCORNER -3022031.214 
CELLSIZE 50000 
NODATA_value -9999 
[rows 26 to 51 of 165, columns 60 to 119 of 128]
216.269245147705 285.337352752686 264.042175292969 226.328632354736 268.486255645752 266.125720977783 266.542892456055 322.240097045898 479.965675354004 411.913261413574 359.550994873047 405.168594360352 347.388229370117 219.794792175293 213.572265625 272.404052734375 163.195543289185 117.425067901611 177.558958053589 140.61937713623 21.3294243216515 -9999 -9999 -9999 -9999 -9999 -9999 -9999 -9999 -9999 -9999 -9999 -9999 -9999 -9999 -9999 -9999 -9999 -9999 -9999 -9999 -9999 -9999 -9999 -9999 -9999 -9999 -9999 -9999 -9999 -9999 -9999 -9999 -9999 -9999 -9999 -9999 -9999 -9999 -9999
300.688102722168 421.781150817871 398.457458496094 364.837509155273 329.355941772461 427.855842590332 340.644943237305 310.924980163574 340.34294128418 363.254753112793 347.557640075684 300.493263244629 283.322525024414 275.575256347656 212.402702331543 360.230224609375 236.297401428223 303.010566711426 218.033790588379 193.487257003784 46.3269789218903 1.44529169797897 -9999 -9999 -9999 -9999 -9999 -9999 -9999 -9999 -9999 -9999 -9999 -9999 -9999 -9999 -9999 -9999 -9999 -9999 -9999 -9999 -9999 -9999 -9999 -9999 -9999 -9999 -9999 -9999 -9999 -9999 -9999 -9999 -9999 -9999 -9999 -9999 -9999 -9999
254.557228088379 599.863174438477 565.594100952148 359.9446144104 278.182075500488 231.342403411865 243.048015594482 294.929229736328 296.787712097168 297.267967224121 298.89200592041 298.801795959473 285.553764343262 224.113121032715 209.318683624268 291.024978637695 308.743427276611 220.429019927979 128.057598114014 154.898050308228 92.2929210662842 7.91829472780228 1.0337073802948 -9999 -9999 -9999 -9999 -9999 -9999 -9999 -9999 -9999 -9999 -9999 -9999 -9999 -9999 -9999 -9999 -9999 -9999 -9999 -9999 -9999 -9999 -9999 -9999 -9999 -9999 -9999 -9999 -9999 -9999 -9999 -9999 -9999 -9999 -9999 -9999 -9999
212.739273071289 319.77555847168 361.639198303223 272.031608581543 279.62020111084 259.946712493896 219.094409942627 286.449645996094 271.381923675537 249.696659088135 292.405158996582 281.358287811279 289.636581420898 266.037742614746 200.790477752686 213.280994415283 137.559053421021 111.205213546753 129.976356506348 94.2675495147705 49.7360444068909 16.098362326622 1.16461244225502 -9999 -9999 -9999 -9999 -9999 -9999 -9999 -9999 -9999 -9999 -9999 -9999 -9999 -9999 -9999 -9999 -9999 -9999 -9999 -9999 -9999 -9999 -9999 -9999 -9999 -9999 -9999 -9999 -9999 -9999 -9999 -9999 -9999 -9999 -9999 -9999 -9999
198.914844512939 213.938816070557 195.995182037354 201.199626922607 219.451507568359 199.090797424316 184.887310028076 203.807125091553 205.212909698486 279.810676574707 274.216236114502 286.506813049316 223.485431671143 226.338596343994 200.989768981934 183.633563995361 193.101211547852 138.756067276001 100.23330116272 52.3162488937378 18.0740237236023 6.97327688336372 1.03126493096352 -9999 -9999 -9999 -9999 -9999 -9999 -9999 -9999 -9999 -9999 -9999 -9999 -9999 -9999 -9999 -9999 -9999 -9999 -9999 -9999 -9999 -9999 -9999 -9999 -9999 -9999 -9999 -9999 -9999 -9999 -9999 -9999 -9999 -9999 -9999 -9999 -9999
196.362880706787 229.545505523682 188.640804290771 186.111980438232 228.112937927246 231.141513824463 218.490982055664 239.125743865967 274.206230163574 301.871292114258 302.872329711914 374.649772644043 332.476051330566 218.071365356445 208.855735778809 177.656066894531 157.922191619873 179.325183868408 98.1869316101074 36.0676875114441 3.44243228435516 1.63194832205772 1 -9999 -9999 -9999 -9999 -9999 -9999 -9999 -9999 -9999 -9999 -9999 -9999 -9999 -9999 -9999 -9999 -9999 -9999 -9999 -9999 -9999 -9999 -9999 -9999 -9999 -9999 -9999 -9999 -9999 -9999 -9999 -9999 -9999 -9999 -9999 -9999 -9999
154.843320846558 134.370492935181 121.025873184204 169.131628036499 200.03660774231 210.944107055664 208.065147399902 227.669097900391 273.903713226318 281.26309967041 352.340209960938 391.972686767578 281.434059143066 216.372993469238 246.471073150635 242.251113891602 201.869594573975 256.860481262207 123.499694824219 8.21160092949867 1.06868544220924 1 1 1 1.08936208486557 -9999 -9999 -9999 -9999 -9999 -9999 -9999 -9999 -9999 -9999 -9999 -9999 -9999 -9999 -9999 -9999 -9999 -9999 -9999 -9999 -9999 -9999 -9999 -9999 -9999 -9999 -9999 -9999 -9999 -9999 -9999 -9999 -9999 -9999 -9999
100.428907394409 99.3299865722656 97.5535717010498 96.63623046875 108.139972686768 144.357168197632 156.125371932983 212.370445251465 193.755191802979 308.447647094727 319.170639038086 282.529590606689 230.812805175781 264.314701080322 242.909744262695 275.116401672363 195.342782974243 137.192253112793 26.5377146303654 1.12533527612686 1 1 1.10791864991188 2.1446181833744 5.06768202781677 1.40943270921707 1.15678894519806 1.22679650783539 -9999 -9999 -9999 -9999 -9999 -9999 -9999 -9999 -9999 -9999 -9999 -9999 -9999 -9999 -9999 -9999 -9999 -9999 -9999 -9999 -9999 -9999 -9999 -9999 -9999 -9999 -9999 -9999 -9999 -9999 -9999 -9999
92.7042617797852 99.597448348999 92.0495090484619 78.6598472595215 91.9974975585938 60.364764213562 58.4602651596069 62.9445400238037 59.9741067886353 182.014953613281 151.450201034546 242.111236572266 261.657161712646 301.055484771729 213.05778503418 106.979972839355 120.928314208984 44.7510633468628 3.3697282075882 1 1.02033683657646 2.39172655344009 4.04329520463943 6.09302389621735 8.12973010540009 1.46573802828789 3.09861645102501 6.36029261350632 3.1896952688694 1.01161193847656 -9999 -9999 -9999 -9999 -9999 -9999 -9999 -9999 -9999 -9999 -9999 -9999 -9999 -9999 -9999 -9999 -9999 -9999 -9999 -9999 -9999 -9999 -9999 -9999 -9999 -9999 -9999 -9999 -9999 -9999
94.6414604187012 105.335474014282 95.2302989959717 49.9046983718872 76.088357925415 77.3946485519409 71.1068201065063 70.7811479568481 33.852219581604 57.1847503185272 100.247446060181 133.548404693604 150.006462097168 167.025434494019 53.1836719512939 39.8320350646973 10.1890246868134 6.30233305692673 2.26790389418602 1.24029675126076 2.5053454041481 3.50652956962585 2.72972983121872 2.0265599489212 2.05721807479858 1.91100826859474 9.23815202713013 19.6173162460327 19.6471347808838 9.75683796405792 3.05909213423729 1.37309342622757 -9999 -9999 -9999 -9999 -9999 -9999 -9999 -9999 -9999 -9999 -9999 -9999 -9999 -9999 -9999 -9999 -9999 -9999 -9999 -9999 -9999 -9999 -9999 -9999 -9999 -9999 -9999 -9999
96.5872077941895 88.3373918533325 73.7896909713745 61.5129537582397 68.2588329315186 64.3584303855896 45.2856948375702 16.7938084602356 37.067880153656 43.2956275939941 28.0275146961212 22.8006274700165 36.6134622097015 32.4199156761169 56.8537378311157 63.216233253479 34.1268954277039 18.6644613742828 1.20365723967552 1.04702800512314 1.29444405436516 1.22017312049866 1.0446720123291 1.26156234741211 10.9392488002777 34.1054713726044 37.3310685157776 32.4950451850891 41.2668790817261 42.5541772842407 18.0076639652252 14.2581905126572 3.7167142033577 1.22371762990952 -9999 -9999 -9999 -9999 -9999 -9999 -9999 -9999 -9999 -9999 -9999 -9999 -9999 -9999 -9999 -9999 -9999 -9999 -9999 -9999 -9999 -9999 -9999 -9999 -9999 -9999
71.2558326721191 81.1359033584595 84.789080619812 53.46382188797 19.5174434185028 22.603627204895 14.9961497783661 57.6861081123352 87.7875175476074 93.2094707489014 73.4982891082764 73.7502593994141 49.8099484443665 90.2471237182617 97.4405994415283 98.1202011108398 64.5766954421997 35.5163259506226 3.01027688384056 4.64768588542938 7.64530712366104 7.24005651473999 4.27633330225945 11.6398307085037 62.6994862556458 87.3001918792725 63.0086994171143 58.0339698791504 70.4001131057739 53.40354347229 44.7901105880737 40.5721249580383 23.5280134677887 24.0128343105316 1.89525529742241 -9999 -9999 -9999 -9999 -9999 -9999 -9999 -9999 -9999 -9999 -9999 -9999 -9999 -9999 -9999 -9999 -9999 -9999 -9999 -9999 -9999 -9999 -9999 -9999 -9999
24.9244289398193 25.0051655769348 30.4992308616638 21.2779064178467 31.2060761451721 27.9321222305298 27.0128970146179 63.6817264556885 84.5699043273926 97.9899864196777 91.9579467773438 72.1722974777222 90.6124610900879 98.5015754699707 92.873176574707 93.0713653564453 93.7940921783447 72.5602741241455 25.5636029243469 31.5460271835327 38.9225010871887 29.9708495140076 16.3519368171692 51.5421667098999 89.5873908996582 90.2693061828613 74.9706935882568 70.0463857650757 88.4043197631836 62.1958951950073 113.464874267578 73.9158945083618 52.1082515716553 43.8492388725281 7.59862232208252 -9999 1.96535843610764 -9999 -9999 -9999 -9999 -9999 -9999 -9999 -9999 -9999 -9999 -9999 -9999 -9999 -9999 -9999 -9999 -9999 -9999 -9999 -9999 -9999 -9999 -9999
21.5285077095032 23.0661935806274 34.872682094574 37.3972091674805 41.4466524124146 56.6415891647339 60.3283491134644 71.0075349807739 86.4757232666016 97.1101627349854 75.009672164917 85.6766910552979 90.5872650146484 96.7623844146729 90.9221992492676 109.985157012939 109.158210754395 49.2301940917969 49.3049345016479 83.8442420959473 78.9985218048096 63.8963375091553 53.9740221500397 37.2579503059387 92.4876708984375 94.6153736114502 86.681734085083 116.337556838989 95.8585586547852 98.794376373291 171.646011352539 86.3635921478271 81.084774017334 42.5132126808167 6.34360069036484 13.2320821285248 32.6888957023621 30.5327463150024 13.7911727428436 8.10945987701416 -9999 -9999 -9999 -9999 -9999 -9999 -9999 -9999 -9999 -9999 -9999 -9999 -9999 -9999 -9999 -9999 -9999 -9999 -9999 -9999
49.3702964782715 48.8745851516724 73.0650901794434 75.3867177963257 70.5642080307007 82.6819343566895 88.7885322570801 94.6362972259521 78.8025579452515 84.4508199691772 109.090137481689 129.589092254639 130.715141296387 104.703187942505 96.0742683410645 87.2570114135742 98.8274841308594 92.6604042053223 88.5767440795898 105.185384750366 108.856966018677 96.4102401733398 88.321891784668 84.8030996322632 95.5670757293701 98.9735736846924 127.888927459717 242.200023651123 90.5674476623535 228.919811248779 164.295818328857 91.0941600799561 47.6731758117676 13.1650494337082 24.3738031387329 39.1840505599976 71.7767772674561 65.6097841262817 41.7287092208862 20.2147868871689 15.7864831089973 26.5963932275772 51.5927076339722 72.5694150924683 21.5789833068848 -9999 -9999 -9999 -9999 -9999 -9999 -9999 -9999 -9999 -9999 -9999 -9999 -9999 -9999 -9999
37.730749130249 71.1063394546509 88.3768672943115 79.3477764129639 80.1266593933105 95.572437286377 105.711814880371 77.8564395904541 124.699300765991 172.974945068359 174.086395263672 216.193332672119 146.656635284424 109.91393661499 97.2981109619141 101.741054534912 111.855638504028 128.964056015015 111.655611038208 140.783554077148 160.033737182617 156.632764816284 75.8968715667725 97.0229835510254 107.91904258728 107.195329666138 155.533351898193 178.985357284546 154.706268310547 200.233615875244 101.436136245728 63.7850513458252 34.6559562683105 18.4588017463684 29.0675091743469 81.8600521087646 85.3227653503418 88.1121501922607 36.4579811096191 57.4881796836853 77.5923080444336 251.350624084473 151.513666152954 131.313402175903 54.8192272186279 32.8982734680176 -9999 -9999 -9999 -9999 -9999 -9999 -9999 -9999 -9999 -9999 -9999 -9999 -9999 -9999
66.9404144287109 99.9817838668823 93.6538524627686 92.1220703125 96.9548683166504 99.2771148681641 80.1293182373047 86.9762439727783 151.708269119263 188.283760070801 195.977947235107 184.827037811279 197.297298431396 153.044544219971 179.712894439697 131.402788162231 168.508043289185 251.898086547852 170.408763885498 236.168766021729 223.880065917969 222.950233459473 123.586824417114 103.884598731995 172.449031829834 160.218282699585 206.448097229004 191.057369232178 165.991739273071 143.174795150757 171.161153793335 132.631845474243 79.3379783630371 42.6195602416992 58.63450050354 90.9658622741699 92.4893131256104 84.7452869415283 84.5622367858887 66.8059854507446 112.131046295166 361.363845825195 399.373945236206 217.754606246948 170.594263076782 209.218029022217 60.6192760467529 -9999 -9999 -9999 -9999 -9999 -9999 -9999 -9999 -9999 -9999 -9999 -9999 -9999
74.1066551208496 107.759843826294 92.0205020904541 106.105976104736 98.4658679962158 86.0166606903076 83.6270923614502 143.738521575928 102.712175369263 175.193565368652 218.538917541504 202.406536102295 187.518798828125 198.550174713135 244.339988708496 135.963695526123 196.068531036377 262.825634002686 184.807167053223 267.302234649658 285.124877929688 205.033985137939 142.281843185425 103.906213760376 145.374706268311 150.505174636841 235.83655166626 278.325588226318 207.03328704834 208.638488769531 224.514713287354 143.44504737854 89.9059238433838 89.770679473877 103.582504272461 90.987771987915 94.2364711761475 86.6594123840332 107.282325744629 110.069894790649 283.662544250488 489.75199508667 442.657299041748 193.564556121826 300.345962524414 177.950113296509 251.47057723999 130.623110771179 -9999 -9999 -9999 -9999 -9999 -9999 -9999 -9999 -9999 -9999 -9999 -9999
109.694789886475 91.5266952514648 98.7376308441162 110.57297706604 97.4776134490967 99.5529956817627 98.7340526580811 105.222684860229 123.384164810181 133.087469100952 230.708301544189 175.835529327393 147.859706878662 270.092132568359 253.169174194336 212.009826660156 244.097705841064 313.751411437988 248.445907592773 282.688995361328 229.372379302979 188.231468200684 136.542303085327 108.03232383728 101.613220214844 106.900530815125 159.918897628784 208.596935272217 257.82043838501 276.831092834473 197.421558380127 149.241460800171 100.369688034058 123.788702011108 172.231510162354 131.322233200073 115.279123306274 115.556732177734 144.475185394287 140.616245269775 264.598243713379 418.697811126709 325.655212402344 423.181549072266 496.743293762207 356.176948547363 279.407051086426 92.2250652313232 26.5773296356201 -9999 -9999 -9999 -9999 -9999 -9999 -9999 -9999 -9999 -9999 -9999
95.2840728759766 91.4432792663574 118.381856918335 101.439523696899 94.1534538269043 96.4004459381104 110.679887771606 147.035642623901 150.584318161011 164.294616699219 211.290363311768 173.131206512451 159.873575210571 282.725914001465 272.118564605713 276.419315338135 249.797985076904 343.452674865723 319.723640441895 267.680023193359 257.062065124512 374.346397399902 229.894824981689 103.55647277832 145.203912734985 142.686611175537 246.202194213867 173.09126663208 296.196571350098 246.760135650635 206.444984436035 182.007179260254 163.475570678711 183.101596832275 164.581348419189 124.240591049194 188.478889465332 149.517711639404 167.00271987915 180.025730133057 283.123378753662 426.074161529541 331.866271972656 559.325660705566 410.869773864746 365.631156921387 212.949851989746 136.309715270996 66.6006155014038 48.9601001739502 -9999 -9999 -9999 -9999 -9999 -9999 -9999 -9999 -9999 -9999
97.2945098876953 108.037422180176 134.98429107666 101.64559173584 163.908994674683 118.861352920532 126.782287597656 251.257442474365 195.176517486572 193.497470855713 205.80456161499 267.350814819336 234.058853149414 294.81814956665 344.35880279541 311.658744812012 250.55025100708 335.820426940918 305.198501586914 288.715538024902 224.738021850586 292.897499084473 354.70565032959 209.55004119873 200.635356903076 179.104141235352 265.490036010742 154.770879745483 292.234981536865 296.724342346191 278.655788421631 297.785213470459 297.376194000244 279.744956970215 235.793685913086 223.755840301514 195.559413909912 212.029239654541 199.875511169434 194.557807922363 367.208602905273 590.869094848633 453.867034912109 571.066146850586 542.261459350586 222.820648193359 144.392948150635 93.0393257141113 111.72087097168 90.2507352828979 115.485046386719 11.9686737060547 20.0345649719238 -9999 -9999 -9999 -9999 -9999 -9999 -9999
116.982349395752 100.136417388916 106.83377456665 94.6156806945801 126.354866027832 249.493087768555 227.098384857178 273.659561157227 296.491333007812 250.102451324463 244.548503875732 280.102401733398 274.626033782959 290.197479248047 380.52360534668 320.284057617188 269.647163391113 311.275573730469 284.634460449219 298.695938110352 294.535549163818 311.548583984375 343.815460205078 213.941413879395 212.601272583008 220.408401489258 248.573890686035 194.204822540283 340.264366149902 388.215660095215 426.92155456543 448.793991088867 367.021072387695 344.001373291016 327.095687866211 313.94149017334 251.059177398682 199.830108642578 281.72301864624 259.246715545654 317.532508850098 627.491088867188 540.760559082031 584.098266601562 459.499816894531 304.0837059021 156.360466003418 205.611431121826 129.251710891724 108.278913497925 77.9114542007446 92.368579864502 146.279745101929 65.500972032547 -9999 -9999 -9999 -9999 -9999 -9999
125.983028411865 183.962978363037 122.956832885742 102.170318603516 99.9957256317139 172.642824172974 326.14835357666 345.049865722656 359.135879516602 303.023941040039 276.8825340271 279.244831085205 329.756423950195 344.296905517578 345.498016357422 274.370166778564 310.341827392578 309.472831726074 300.212856292725 329.353393554688 342.48454284668 312.691116333008 192.795890808105 190.888599395752 252.49186706543 243.842086791992 153.046894073486 228.916938781738 365.962196350098 385.700286865234 326.461456298828 296.574970245361 322.488571166992 304.173477172852 245.700931549072 188.969612121582 187.53833770752 191.813495635986 264.675109863281 359.22452545166 403.796569824219 606.641540527344 559.836715698242 478.542327880859 348.039993286133 268.214107513428 417.045486450195 303.964317321777 303.369167327881 153.809120178223 203.665435791016 366.429946899414 193.03674697876 71.2833290100098 10.6080981492996 -9999 -9999 -9999 -9999 -9999
104.378049850464 128.852495193481 134.97442817688 110.716033935547 110.824859619141 223.989376068115 356.551147460938 435.910331726074 421.211616516113 400.916328430176 371.519607543945 355.215492248535 381.934814453125 282.472515106201 293.858337402344 273.189041137695 300.777565002441 344.890914916992 322.588523864746 337.922149658203 392.933578491211 280.311855316162 197.274799346924 168.567001342773 254.280662536621 209.025638580322 167.728912353516 204.564044952393 314.387855529785 319.619842529297 285.644943237305 306.307891845703 301.731903076172 313.81823348999 322.726058959961 234.35326385498 232.753932952881 186.022926330566 224.233905792236 287.412349700928 328.139785766602 495.284507751465 602.339370727539 580.32536315918 506.322525024414 330.908657073975 361.753273010254 366.010566711426 286.161739349365 216.785953521729 329.133007049561 552.775695800781 262.289852142334 76.6436014175415 13.4318523406982 -9999 -9999 -9999 -9999 -9999
97.1529331207275 144.349908828735 130.695407867432 159.455051422119 120.590812683105 194.934055328369 290.319812774658 358.592102050781 406.594718933105 454.459121704102 408.777473449707 407.529861450195 375.869354248047 279.873847961426 314.729591369629 210.010604858398 327.12353515625 327.539245605469 319.430191040039 431.711784362793 327.068405151367 288.860687255859 180.696338653564 185.041862487793 267.885848999023 147.157529830933 266.267639160156 275.22146987915 369.204322814941 400.019546508789 317.573875427246 382.421455383301 378.434761047363 402.0927734375 350.893310546875 347.668029785156 373.93758392334 233.402416229248 256.881233215332 279.533447265625 313.056831359863 503.709083557129 653.781265258789 823.039306640625 679.284912109375 431.898025512695 575.767593383789 399.538223266602 355.015121459961 379.765922546387 516.276206970215 557.89306640625 386.386047363281 139.80876159668 51.2703666687012 -9999 -9999 -9999 -9999 -9999
141.438112258911 153.224369049072 181.645225524902 226.772197723389 176.811941146851 153.179388046265 179.512298583984 205.224788665771 258.674713134766 446.223983764648 449.808227539062 453.530197143555 384.34659576416 296.060829162598 362.401588439941 295.091354370117 244.911125183105 431.768577575684 360.916694641113 440.657897949219 290.174922943115 260.362049102783 159.666435241699 254.447952270508 265.866928100586 186.865474700928 295.480331420898 334.925834655762 481.828483581543 454.089828491211 328.409591674805 414.861152648926 354.915718078613 407.134773254395 284.195915222168 335.165664672852 293.381301879883 260.815631866455 298.85147857666 341.817405700684 373.654914855957 533.513000488281 560.662551879883 687.270553588867 665.683975219727 561.293563842773 640.755218505859 600.005920410156 644.771911621094 694.155548095703 557.741607666016 533.886558532715 252.904441833496 94.2666130065918 34.2350618839264 -9999 -9999 -9999 -9999 -9999
