layers50/veg_krg/veg_5600.asc
NCOLS 255 
NROWS 330 
XLLCORNER -2985163.8955 
YLLCORNER -3022031.214 
CELLSIZE 25000 
NODATA_value -9999 
[rows 150 to 174 of 330, columns 57 to 113 of 255]
-9999 -9999 -9999 -9999 -9999 -9999 -9999 -9999 -9999 -9999 -9999 -9999 -9999 -9999 -9999 -9999 -9999 -9999 -9999 -9999 0.448684229137153 0.448551423948965 0.377416359110237 0.297392787564333 0.204966640582995 0.112100998616909 0.0189109191202497 0.0392432622604094 0.0686949436986078 0.0815963458133879 0.0826477668467124 0.0731648586503678 0.0610403688026341 0.0463840625883712 0.0213555819946883 0.00600516152360321 0.000994610203920824 0.000641455298803514 0.00554110007564308 0.0406384601830923 0.063981555365518 0.0722151786855527 0.0695842930995516 0.0675459293629826 0.117198619560136 0.164793233056077 0.209190809679169 0.227766271327946 0.236151985651467 0.257696697861759 0.272142398482689 0.27315281813837 0.28144718034353 0.293431653807803 0.298872694816473 0.295455355148796 0.271632225642215
-9999 -9999 -9999 -9999 -9999 -9999 -9999 -9999 -9999 -9999 -9999 -9999 -9999 -9999 -9999 -9999 -9999 -9999 -9999 -9999 -9999 0.447508250576071 0.396373460291445 0.336456876442111 0.260736257937296 0.154651144856502 0.0261508007053918 0.0418159379343964 0.0694663134462338 0.0776076230110055 0.073715007998481 0.0591245427066319 0.0484630802749605 0.0363148845649544 0.0130983291379374 0.000788283200661119 0.000130560104316142 0.000889828223473322 0.00387007501071318 0.0206259860408313 0.0346396487626805 0.0451282995915895 0.0638561666696736 0.0864814883595125 0.124614600049166 0.163111291071159 0.202172769853983 0.218859712928846 0.226998836091616 0.256424389476174 0.276655769579838 0.279486656711062 0.29139040626167 0.307890550077986 0.30182393012434 0.290488608957855 0.267826459040348
-9999 -9999 -9999 -9999 -9999 -9999 -9999 -9999 -9999 -9999 -9999 -9999 -9999 -9999 -9999 -9999 -9999 -9999 -9999 -9999 -9999 -9999 0.400005196228058 0.349246002153626 0.297956327641511 0.182868599185256 0.0206848086682273 0.0333956680830081 0.0618513684543558 0.0711354821536049 0.0618874773297141 0.0361648944871702 0.0368436566302355 0.0377692615417728 0.0159599286784037 0.00334527822276618 0.000554064672905075 0.00024206221731644 0.00293775561998688 0.0232665281842483 0.0377142150612849 0.0446020843505572 0.0836735802541275 0.130928769677132 0.150150758561044 0.17340000712858 0.202905241052488 0.214936782145797 0.220781265825474 0.26040358867472 0.288405563277569 0.294415371557109 0.291211921031841 0.283340950160579 0.27812263840091 0.272504508411008 0.265837520220814
-9999 -9999 -9999 -9999 -9999 -9999 -9999 -9999 -9999 -9999 -9999 -9999 -9999 -9999 -9999 -9999 -9999 -9999 -9999 -9999 -9999 -9999 0.382538832451668 0.368619017255679 0.323541930326101 0.200280946212719 0.0193041941991805 0.0269476688975017 0.0528672669931395 0.0629450733049126 0.0589537633929266 0.0424553700305299 0.0396073903493992 0.035790605890364 0.0146882284951853 0.00269931860182402 0.000447077037720802 0 0.0025697441065825 0.0240695405535648 0.0342262129107729 0.0298019127138246 0.0662386194167281 0.115109289856606 0.15411110399608 0.186371711728066 0.20816046219666 0.216894328031257 0.221422244436477 0.265812556830029 0.29290180493007 0.287247810276509 0.283250499172684 0.280092478958119 0.277201261605728 0.274004624790696 0.270083081046214
-9999 -9999 -9999 -9999 -9999 -9999 -9999 -9999 -9999 -9999 -9999 -9999 -9999 -9999 -9999 -9999 -9999 -9999 -9999 -9999 -9999 -9999 0.39621991427916 0.391920294573362 0.342185855457926 0.211246451224808 0.0203611107069577 0.0216764203947928 0.0430662615247697 0.0537294638755089 0.0613265244207977 0.0661978635475087 0.0509528012904225 0.0317636393457209 0.0109504046930377 0.000142323579718995 2.35724691318735e-05 0 0.00253842556916461 0.0237761950782206 0.0268226696344944 0.00648521835765467 0.0265771164545212 0.0633317878710041 0.145198290990291 0.200944215169938 0.216114171524403 0.222360446575911 0.226155360203802 0.272074593291437 0.293070231709294 0.266896557492954 0.270645406365537 0.289553276414007 0.289871467806534 0.28712995365704 0.278048441512196
-9999 -9999 -9999 -9999 -9999 -9999 -9999 -9999 -9999 -9999 -9999 -9999 -9999 -9999 -9999 -9999 -9999 -9999 -9999 -9999 -9999 -9999 0.41984266672706 0.412794534587815 0.382682999291822 0.264823360878381 0.0821876069778907 0.0467167265842322 0.0369177833681423 0.0573419967500846 0.067424457868125 0.0683133664892669 0.056315164294947 0.0417753123319099 0.0261196073641844 0.0128495298659852 0.00212821478157774 0 0.00370380479643856 0.0346917342944799 0.0466297779900579 0.0340802237499015 0.0504073221457926 0.0823896860513462 0.193839053462574 0.260637048684754 0.258073157040654 0.237237288251591 0.211083152863805 0.260685504265862 0.290292759815888 0.282058165508727 0.279457765603551 0.279711699605812 0.283512415337072 0.283942867729201 0.276347931415974
-9999 -9999 -9999 -9999 -9999 -9999 -9999 -9999 -9999 -9999 -9999 -9999 -9999 -9999 -9999 -9999 -9999 -9999 -9999 -9999 -9999 -9999 0.412747404730049 0.419150572679054 0.407429134649312 0.307945659995143 0.143675784065115 0.0710829052515768 0.0274652312197443 0.0511171507518949 0.0608401791065957 0.0581807804802854 0.0516535484790499 0.0438481462141515 0.0331082584842163 0.0196386544560764 0.00325266956376032 0 0.00488321832532524 0.0457387259736296 0.0672010205890196 0.0637343886818875 0.0802774573355592 0.110468291437698 0.230960816054532 0.300484401781758 0.290832329525009 0.253350105363121 0.20712003145473 0.253534354358274 0.286603298339669 0.294415357873174 0.287682413380639 0.273580838128629 0.279945087867367 0.282993873472538 0.277411483487608
-9999 -9999 -9999 -9999 -9999 -9999 -9999 -9999 -9999 -9999 -9999 -9999 -9999 -9999 -9999 -9999 -9999 -9999 -9999 -9999 -9999 -9999 0.392161944194952 0.385091478940104 0.384270656879866 0.31461409471867 0.194142623835766 0.088530854886197 0.00811815046316789 0.0151091653928622 0.0179830901200775 0.017197027260559 0.0198013900707478 0.0212749136354325 0.0139645350970534 0.00725989891114019 0.00120242719668281 0 0.00590378313197307 0.0552978590944052 0.0854114996708489 0.0907411832906089 0.116607348968004 0.152170057225425 0.22616015114266 0.2770600967113 0.292091575557351 0.271378358616793 0.237671593862206 0.261222972742052 0.280837983085416 0.293003193325671 0.290705634874136 0.281081106828181 0.287379929511199 0.291040321382971 0.287847818568835
-9999 -9999 -9999 -9999 -9999 -9999 -9999 -9999 -9999 -9999 -9999 -9999 -9999 -9999 -9999 -9999 -9999 -9999 -9999 -9999 -9999 -9999 0.383414121067747 0.382311621598397 0.386759665561432 0.332821113943799 0.235781267553254 0.106253368002256 0.00240429814937772 0.00884357645323535 0.00912606000704029 0.00393531094969365 0.00577479492708895 0.00773020210130491 0.00388487299598954 0.00135289369549321 0.000224074218331818 0 0.00576111432822237 0.0539615499464205 0.0869328863848546 0.100328039453766 0.128583481420431 0.163246679984187 0.218055031310503 0.261178146387426 0.286149298937764 0.282676832770261 0.268139953058456 0.273710198728908 0.281809343802823 0.294694574036717 0.294889307186588 0.288654919588266 0.295098209783921 0.299050253067742 0.29663392763205
-9999 -9999 -9999 -9999 -9999 -9999 -9999 -9999 -9999 -9999 -9999 -9999 -9999 -9999 -9999 -9999 -9999 -9999 -9999 -9999 -9999 -9999 0.394317864335118 0.402145632257535 0.407790970665802 0.3593701535278 0.27103741338312 0.124174381562772 0.00654682546439752 0.024080770321839 0.0248499638279781 0.0107157233983002 0.00463550079001298 0.000712816891653307 0.000358231655159659 0.000124752945152111 2.06623171965929e-05 0 0.00477746555342559 0.0447481913031266 0.0763886034940512 0.0973208481284261 0.122952640082738 0.152182322919511 0.20756089831853 0.250749072613627 0.27500055625911 0.289109896070533 0.298548159045975 0.289666661545773 0.287651101586606 0.298629716773157 0.29991194760261 0.296281902306084 0.303021406943317 0.307033784712036 0.304226977092756
-9999 -9999 -9999 -9999 -9999 -9999 -9999 -9999 -9999 -9999 -9999 -9999 -9999 -9999 -9999 -9999 -9999 -9999 -9999 -9999 -9999 -9999 0.383886853613229 0.385696000326643 0.394849421549028 0.354708086636136 0.27817710108828 0.133461202150874 0.0133037082097016 0.0151577406259768 0.0123204875356533 0.00531280196133018 0.00210554808224062 0 0 0 0 0.00247341744828487 0.00844886757864407 0.0357095054209448 0.0547674242190555 0.0632811913085012 0.109199268341236 0.166325996365305 0.212235803886397 0.247136409761649 0.264935212005563 0.284034397085923 0.303102361338189 0.302390955591645 0.303357716015413 0.307500500836478 0.309377003845919 0.310105387966093 0.316976944352046 0.321590934442372 0.320665738976513
-9999 -9999 -9999 -9999 -9999 -9999 -9999 -9999 -9999 -9999 -9999 -9999 -9999 -9999 -9999 -9999 -9999 -9999 -9999 -9999 -9999 -9999 0.340252905710138 0.35843720985158 0.372007679012487 0.338181895692272 0.269367947211822 0.135798204759276 0.021300655811301 0.00681644576611493 0 0 0 0 0 0 0 0.00489240242596691 0.0122390065759299 0.0287386666175939 0.037161757250513 0.035202854708658 0.0957286104254056 0.173449604637928 0.213188205599337 0.243479735968929 0.259096092665626 0.28175288000656 0.306790522275527 0.314285074625699 0.318687924964486 0.317239554374711 0.319739512160534 0.324239728857585 0.330413927884974 0.334870203527616 0.335241508025942
-9999 -9999 -9999 -9999 -9999 -9999 -9999 -9999 -9999 -9999 -9999 -9999 -9999 -9999 -9999 -9999 -9999 -9999 -9999 -9999 -9999 -9999 0.310501659552479 0.306899562092755 0.32723177317937 0.291481676015713 0.214331321217572 0.116510543999872 0.0327166419634453 0.0104696877677779 0 0 0 0 0 0 0 0.00610198484656868 0.0145536929483794 0.0291820149787033 0.0386260950633801 0.0414061125031164 0.0866058900723145 0.144842830953066 0.194456413995902 0.236873824467953 0.26811262870117 0.294296062669217 0.317925473125848 0.324496838203004 0.328617905451614 0.328101645466618 0.331532574332019 0.336963184814862 0.339504726945464 0.340832956525908 0.339452679402771
-9999 -9999 -9999 -9999 -9999 -9999 -9999 -9999 -9999 -9999 -9999 -9999 -9999 -9999 -9999 -9999 -9999 -9999 -9999 -9999 -9999 -9999 0.276173551369123 0.281240593190389 0.300390995032345 0.261468384066216 0.179675966794392 0.114409192955801 0.0593581747484923 0.0350621624577545 0.0161913828050757 0.00214349581053779 0 0 0 0 0 0.00512787436071667 0.0121542757492665 0.0238107460147665 0.0305446581216758 0.0309508879394213 0.0735517382457451 0.130769239580042 0.200159239253513 0.2549738064024 0.287146751306916 0.311352533678769 0.331822814621155 0.335579484451681 0.338984460524228 0.341723836267393 0.344497372285244 0.347288214207606 0.346216312024355 0.344826147816801 0.342860179309865
-9999 -9999 -9999 -9999 -9999 -9999 -9999 -9999 -9999 -9999 -9999 -9999 -9999 -9999 -9999 -9999 -9999 -9999 -9999 -9999 -9999 -9999 0.275595730061585 0.278121747653449 0.289171570388778 0.245989273387879 0.162772537734338 0.127276980921056 0.099261037500004 0.0778925422042389 0.0464853311973495 0.00615395941610031 0 0 0 0 0 0.00225178472914833 0.00564891184979127 0.0133749916280519 0.0141489273251711 0.00598625779454276 0.0570733408884655 0.129353934359028 0.227144421369052 0.294592424932491 0.314906112104637 0.3323400429259 0.3481261763877 0.347420662577446 0.349731268586944 0.357750051952276 0.358482742780776 0.355524233147099 0.350855620656853 0.347103866532497 0.345567687761695
-9999 -9999 -9999 -9999 -9999 -9999 -9999 -9999 -9999 -9999 -9999 -9999 -9999 -9999 -9999 -9999 -9999 -9999 -9999 -9999 -9999 -9999 0.269307990254242 0.269983931372723 0.272746917117521 0.236439118902186 0.171289060580286 0.133080501996002 0.0991059597446118 0.0689265463880248 0.0374998738414671 0.00496441986719518 0 0 0 0 0 0.00302167356967226 0.00712148700855481 0.0136505955933399 0.0128425288305275 0.002602919970349 0.0747515522304996 0.172451450061079 0.256301567629559 0.313498250621924 0.329291222529242 0.343249286030634 0.356160044281767 0.35865509144797 0.362015476575268 0.367013562738949 0.364949548854888 0.359307811132104 0.354028569182209 0.350272761305419 0.350059354929118
-9999 -9999 -9999 -9999 -9999 -9999 -9999 -9999 -9999 -9999 -9999 -9999 -9999 -9999 -9999 -9999 -9999 -9999 -9999 -9999 -9999 -9999 0.264996541264876 0.262655508858533 0.257054674347298 0.228002510945485 0.181638452077311 0.133774401284139 0.0893210047673897 0.0582618988064784 0.0313180709998934 0.00803261991571332 0.00222268391687845 0 0 0 0 0.00480764727678961 0.0105694699429163 0.0145890155513586 0.013564313969197 0.00605550542845263 0.0937159921223552 0.208690429611109 0.279963356963441 0.328567970475762 0.34195939919808 0.353585195733351 0.364337464219212 0.369781270664294 0.37341781319461 0.373634006544259 0.368959276777252 0.361806761067039 0.357538910808698 0.354817279142846 0.355581878355202
-9999 -9999 -9999 -9999 -9999 -9999 -9999 -9999 -9999 -9999 -9999 -9999 -9999 -9999 -9999 -9999 -9999 -9999 -9999 -9999 -9999 -9999 0.266694220252004 0.263487798181748 0.249305439714969 0.219992677973052 0.179510572221452 0.115559812513989 0.0664069771873191 0.0829247443594688 0.0718294458339791 0.0361868401777947 0.015256634119782 0 0 0 0 0.00846760284239895 0.0169120269258015 0.00973714487725951 0.0114527032262342 0.0245964418899615 0.0901918367403864 0.174108806138796 0.27506756313268 0.342409733420525 0.357531562661235 0.369613858656796 0.380172417544801 0.380891533966657 0.37923685861488 0.373089648065733 0.367344965385554 0.361804206969097 0.363924384697301 0.365302929616716 0.36461706840999
-9999 -9999 -9999 -9999 -9999 -9999 -9999 -9999 -9999 -9999 -9999 -9999 -9999 -9999 -9999 -9999 -9999 -9999 -9999 -9999 -9999 -9999 0.321603255247493 0.266206055674851 0.2444935484177 0.2126022004138 0.173196778141501 0.112948539444654 0.0704547641564793 0.103493312510472 0.0982479652841626 0.0589692168680165 0.0262854557702526 0 0 0.000129169688809993 0.000396342000429095 0.0120608979582514 0.0230530973021555 0.00829862991733642 0.0111425855593871 0.0366083622377209 0.0918120764579963 0.160301840337312 0.274933341582853 0.351417177396448 0.368642049281666 0.38057931462498 0.390012716937484 0.387486174252227 0.383228113417819 0.375693056548479 0.369296612566793 0.363477000185296 0.368731293575445 0.372247009627734 0.371221842475304
-9999 -9999 -9999 -9999 -9999 -9999 -9999 -9999 -9999 -9999 -9999 -9999 -9999 -9999 -9999 -9999 -9999 -9999 -9999 -9999 -9999 0.384594705837582 0.325147422375387 0.270898623053978 0.242756590238419 0.205860089849671 0.1625009950298 0.126671465931144 0.102727299485457 0.119775820864743 0.109913497832977 0.0761281243823343 0.0352152254923683 0 0 0.0003935595778673 0.001207591284124 0.0155844101440082 0.0289832431223439 0.0104333576232305 0.0127183457385018 0.0417854370853272 0.0988176828349593 0.168242649855247 0.279783731850642 0.35536385529754 0.375081867096821 0.386244395058537 0.39357756337608 0.389353672634789 0.385305961015377 0.381591678349119 0.374981253430592 0.366903616619537 0.371885694974596 0.375483626443718 0.375282356042597
-9999 -9999 -9999 -9999 -9999 -9999 -9999 -9999 -9999 -9999 -9999 -9999 -9999 -9999 -9999 -9999 -9999 -9999 -9999 -9999 -9999 0.384594705837582 0.314157087654143 0.253874122383041 0.236057604984574 0.202230839224178 0.156585223140822 0.119355898381915 0.0933320441151773 0.105368972345562 0.0937741980494002 0.0611714463597699 0.0278835881370231 0 0 0.000231443705296658 0.000710157793125403 0.0136297014836719 0.0266732446045124 0.0179327923861041 0.0242832790015348 0.050032351333843 0.130369970749262 0.226255412670865 0.295572447346624 0.341128942140455 0.349775577318005 0.365178415033044 0.382838654146814 0.382704055573679 0.381571213314468 0.378549138416969 0.373078617845654 0.366367692522806 0.371943650065525 0.376617040044463 0.378649519319604
-9999 -9999 -9999 -9999 -9999 -9999 -9999 -9999 -9999 -9999 -9999 -9999 -9999 -9999 -9999 -9999 -9999 -9999 -9999 -9999 -9999 -9999 0.23416170423759 0.23380599729185 0.227950538838027 0.198007092264544 0.150281765002413 0.106669177496778 0.0746852202903313 0.0842582916978226 0.0714285361273096 0.0386832420053531 0.016714646812031 0 0 0 0 0.0099708057602075 0.0212232064867855 0.0237254427428384 0.0374687166099186 0.0656617363838067 0.168505681473229 0.287522984205799 0.306163018758842 0.317376738495855 0.317054346735062 0.339505623975837 0.370520409183719 0.375065218403658 0.376929328603608 0.373720064283252 0.369495524953435 0.36475663810947 0.370744082856319 0.37619638031837 0.379933592328554
-9999 -9999 -9999 -9999 -9999 -9999 -9999 -9999 -9999 -9999 -9999 -9999 -9999 -9999 -9999 -9999 -9999 -9999 -9999 -9999 -9999 -9999 0.232130246781046 0.228939923661914 0.218310563065772 0.184363337847184 0.133202741193396 0.0916907626960825 0.0612379899145718 0.0677512192244942 0.0523220706329212 0.0173867109084127 0.00598197092138636 0 0 0 0 0.00356843137585302 0.00759553016526484 0.00849105040511659 0.0452109020946689 0.127980994397386 0.211539486935486 0.287307187585159 0.261811120169428 0.257394074622067 0.285721391865962 0.326499909863869 0.371202697674631 0.374824606919305 0.375706429859903 0.371402484486012 0.366888435719085 0.362267946670545 0.365926624709661 0.368401432644465 0.36775213530257
-9999 -9999 -9999 -9999 -9999 -9999 -9999 -9999 -9999 -9999 -9999 -9999 -9999 -9999 -9999 -9999 -9999 -9999 -9999 -9999 -9999 -9999 0.211783751643168 0.214897971687591 0.207257401743943 0.172983618327469 0.119049055356616 0.0797411924168593 0.0495248338905724 0.0467146394528604 0.0311053092293581 0.00411787558982981 0.0020567600540355 0.00368076903582362 0.00125367029827512 0 0 0 0.000994242593605324 0.00931258578064822 0.0599832626419874 0.165095573926254 0.237757664841973 0.2918523952179 0.244378264123793 0.232282147678566 0.275142592013593 0.322168911274032 0.369628814851838 0.372462613655553 0.372530669632599 0.367364400874969 0.36293927002528 0.358889606351514 0.361849430015321 0.363215423733347 0.360554878352409
-9999 -9999 -9999 -9999 -9999 -9999 -9999 -9999 -9999 -9999 -9999 -9999 -9999 -9999 -9999 -9999 -9999 -9999 -9999 -9999 -9999 -9999 0.19565665356582 0.189301979252013 0.194424791915257 0.164454715899188 0.108578883187471 0.0716054687077958 0.0399951816654568 0.0199746154298989 0.00723131508962382 0.000957317468550511 0.00670334181140242 0.0119962719654832 0.00408593141997879 0 0 0 0.00324041102184723 0.0303513506659214 0.0836078468210976 0.170473041857141 0.242802017871015 0.302392542377431 0.260841204758959 0.251078595528726 0.290696914005542 0.328760901238626 0.365214016569215 0.367429428600343 0.366895914227952 0.361159901152864 0.357300194642977 0.354391042030894 0.358704356863906 0.361314526382649 0.359633603622335
