layers50/veg_krg/veg_5000.asc
NCOLS 255 
NROWS 330 
XLLCORNER -2985163.8955 
YLLCORNER -3022031.214 
CELLSIZE 25000 
NODATA_value -9999 
[rows 200 to 224 of 330, columns 114 to 170 of 255]
0.22507702255181 0.218880368898962 0.211976730544833 0.206174510167128 0.203751659769398 0.195574207629022 0.183089206778726 0.173144882684072 0.164541417683569 0.159847979036593 0.15875123281245 0.160895774513535 0.16259206899846 0.162133064569844 0.150956893639372 0.144909354111808 0.144416289241921 0.112041152890767 0.0750590684265886 0.0644022310536243 0.054881192421396 0.0468404920448561 0.0427424216283963 0.0402158997010311 0.0412991632201139 0.0461617981178616 0.0569798667598561 0.0661371634812672 0.0745362959365351 0.0802263415902865 0.0846499959292373 0.0866405466991756 0.0897667197422002 0.09347701939859 0.0995685177243283 0.107515293118322 0.119741261668566 0.136303701755035 0.155587457252499 0.152164081303991 0.152300728075549 0.168012575050884 0.174792150992092 -9999 -9999 -9999 -9999 -9999 -9999 -9999 -9999 -9999 -9999 -9999 -9999 -9999 -9999
0.225410270468454 0.219307478539353 0.209465851917257 0.202228891972367 0.203399950944392 0.19966811596719 0.19226626950173 0.17326070806649 0.157394115018442 0.158948552067727 0.158178265693045 0.155312971717556 0.150905889791761 0.146101597521608 0.140716744170244 0.132821896704066 0.122208643954612 0.093290416099789 0.0624922185749827 0.0526320668402378 0.0446201633448573 0.0390171660021345 0.0359469762636291 0.0337730156152403 0.0324167332720546 0.034227785711504 0.0410298407685621 0.0455492500525751 0.0492436739959203 0.0579351869137464 0.0660148809339419 0.0729190941007734 0.0775330370287434 0.0809689405416521 0.084656487766467 0.0923187943967992 0.109403415138819 0.130047376869197 0.152924972419994 0.164755106032134 0.173285782076351 0.174338087125273 -9999 -9999 -9999 -9999 -9999 -9999 -9999 -9999 -9999 -9999 -9999 -9999 -9999 -9999 -9999
0.22390674217566 0.215341967911419 0.20668608509547 0.199979675451551 0.199020910880757 0.195106059797991 0.188978460168842 0.173740629907198 0.159478528161476 0.153223964005229 0.150764871972581 0.151726205297037 0.146952784132761 0.141933864629813 0.141126198620515 0.132523582177947 0.115478780825213 0.0939232336282373 0.0713639854924052 0.0498508076812293 0.0349054830324058 0.0285203406986939 0.0276000431365228 0.0282600480700915 0.0260036140825815 0.0248735033573058 0.0255182231238697 0.0253549578022512 0.0251645956725546 0.0373859288207934 0.0459546156055599 0.0475055134972423 0.0515722012791859 0.0569329283410587 0.0663255828611223 0.0780975822581819 0.0953062017439399 0.120996831596356 0.15201027409361 0.163218737302377 0.170553193157039 0.170588419873092 -9999 -9999 -9999 -9999 -9999 -9999 -9999 -9999 -9999 -9999 -9999 -9999 -9999 -9999 -9999
0.223261425869875 0.212683276127244 0.205189102056837 0.198734061699319 0.194711659382803 0.189443258397212 0.183242177758091 0.173530927514466 0.162520705487468 0.148216668469329 0.143682865202658 0.147953857276352 0.143986860030821 0.139679010044769 0.1414816892366 0.13279829827096 0.112758152184401 0.0974000321163516 0.0813035023275389 0.0505710217588787 0.0292841169465257 0.020308061440101 0.0202862642860628 0.02281609531886 0.0200676000013203 0.0164817701802534 0.0115764907317491 0.0077965004999923 0.00491798379504084 0.0194529539552117 0.0278885091790631 0.0246053262238033 0.0285208697340533 0.0361392005270956 0.0516043764472527 0.0673314787603893 0.083268525244316 0.100967406585478 0.119771912236305 0.145114528543322 0.164464372679404 -9999 -9999 -9999 -9999 -9999 -9999 -9999 -9999 -9999 -9999 -9999 -9999 -9999 -9999 -9999 -9999
0.228519563656989 0.220427096186739 0.210322828392715 0.200987412176675 0.194316842985579 0.185960869532581 0.176343303830679 0.169562128201255 0.162160051326458 0.151057123840884 0.144310244833158 0.141488974599571 0.139091917644679 0.136450058182515 0.132136840356414 0.125488027068416 0.116309687911912 0.0978831132189202 0.0775777074877238 0.0607796690358941 0.0435773732206612 0.0258481903622168 0.0194950857658269 0.016892523080976 0.014322322940544 0.0106021299390192 0.00506980851601746 0.00302477294679668 0.00269521896148367 0.0130152264855337 0.0210221531394003 0.0245849832056774 0.0321255899659571 0.0417122337616638 0.0578994091553524 0.0729197142552231 0.0848236118785796 0.100967406585478 0.119771912236305 0.145114528543322 -9999 -9999 -9999 -9999 -9999 -9999 -9999 -9999 -9999 -9999 -9999 -9999 -9999 -9999 -9999 -9999 -9999
0.230483369757616 0.225905238573847 0.213561508332372 0.201790591628574 0.193267484346284 0.183129867880778 0.171783726957743 0.167046036227897 0.161906953206021 0.152126217541676 0.143749331098529 0.136637573555652 0.136856528606987 0.136592855545898 0.126827335092734 0.120475894440784 0.117822013282847 0.0978286806081881 0.0751371393293506 0.065296442116271 0.0528558265666481 0.0370266189740752 0.0245463369254872 0.0137856330592496 0.0111858216431302 0.00788894029037816 0.00349363451547042 0.00169669130822023 0.00115658631550995 0.00769331123170749 0.014346289600788 0.021222624437821 0.0306836125118747 0.0414740608984326 0.059842191472704 0.0728839521613828 -9999 -9999 0.121042138629379 -9999 -9999 -9999 -9999 -9999 -9999 -9999 -9999 -9999 -9999 -9999 -9999 -9999 -9999 -9999 -9999 -9999 -9999
0.228951273606426 0.228979073067709 0.214789189503745 0.201054868311751 0.191523533930651 0.180990109929017 0.16970658191581 0.166071538527349 0.161767992167159 0.151315565107916 0.141927415787156 0.133498378388488 0.137443423244558 0.14031370965409 0.125800084373631 0.117902516797045 0.117170354952104 0.0972038453848658 0.0740604371314633 0.0637730717882853 0.0568126357925696 0.0541883384192909 0.0357974990284861 0.0136677698384711 0.0108177195032864 0.00853594712781753 0.00714965217393999 0.00402296225252498 0.000343945914010122 0.00355548149483245 0.00787257424479757 0.0143137617058927 0.0238861446325104 0.0350691111540492 0.05716642186831 -9999 -9999 -9999 -9999 -9999 -9999 -9999 -9999 -9999 -9999 -9999 -9999 -9999 -9999 -9999 -9999 -9999 -9999 -9999 -9999 -9999 -9999
0.237328332681279 0.244762287434499 0.225102582881628 0.205579141269572 0.19191415253805 0.180545808955411 0.1708965957819 0.165701772542241 0.160212618959029 0.151504238536647 0.142686784420688 0.133771034647388 0.131966201724786 0.130793209394561 0.126091613825887 0.119672108984356 0.111392052512059 0.0958580547989655 0.0792618073495985 0.0685481886548754 0.0606873270231799 0.0565445936681968 0.044366563823786 0.0298523904113601 0.0194605184941039 0.0121311372582818 0.00962754807047362 0.00701234611887424 0.00448860212385548 0.00750394466765868 0.011486948106691 0.0173291076772125 0.0269755043085905 0.0385786749161929 0.0389604552246742 -9999 -9999 -9999 -9999 -9999 -9999 -9999 -9999 -9999 -9999 -9999 -9999 -9999 -9999 -9999 -9999 -9999 -9999 -9999 -9999 -9999 -9999
0.24635593979373 0.260354175622898 0.236529903974377 0.212161577495643 0.193813639184216 0.181252673175034 0.173023486529513 0.165867721528474 0.158892143756242 0.152097194505734 0.144013686100384 0.134768946558611 0.126002036858337 0.119837375981822 0.12667289321417 0.122461188403305 0.106284982723466 0.095324564872217 0.0855742184065866 0.0749909850413119 0.0650972692323222 0.0561022330748666 0.0515768246631061 0.0475149180032867 0.0300884174464059 0.0175592041183249 0.0127470068480745 0.0107482741575138 0.0100257624223998 0.0135647093206811 0.0177304630129053 0.0231004936372277 0.0324358730218072 0.0438108969229085 -9999 -9999 -9999 -9999 -9999 -9999 -9999 -9999 -9999 -9999 -9999 -9999 -9999 -9999 -9999 -9999 -9999 -9999 -9999 -9999 -9999 -9999 -9999
0.242495700454254 0.251979811091308 0.239891796391355 0.224320972554892 0.202860231642761 0.187293405050889 0.176138408184514 0.168843264666996 0.161791042466492 0.15384583187675 0.144869375335076 0.13496357464634 0.12728086509524 0.121999575034202 0.12701195668986 0.124925969303533 0.115152217315486 0.101961099813411 0.0887882464049528 0.0823347711963143 0.0735336799158787 0.0616728336312264 0.0537006708516692 0.0469297562489032 0.039099810590433 0.0310380013374378 0.0226108275471836 0.0187185936731007 0.0168516075637418 0.0205738151263724 0.0251130796805837 0.0312221467587605 0.0375214373979965 0.043918572758261 -9999 -9999 -9999 -9999 -9999 -9999 -9999 -9999 -9999 -9999 -9999 -9999 -9999 -9999 -9999 -9999 -9999 -9999 -9999 -9999 -9999 -9999 -9999
0.236858051731561 0.241904203402039 0.240018222693472 0.233022335341398 0.212405454807616 0.197082356525384 0.185721865201558 0.174346643206766 0.16373007652332 0.156009871448616 0.147121250653703 0.137179670272499 0.129506032081007 0.123607687092694 0.124722301330216 0.123928363898426 0.121067402918395 0.109947213958949 0.0975872184544686 0.091694124124233 0.0827336903403681 0.0697754532718763 0.0591707719984366 0.0497677957495779 0.0460103454551152 0.0407153243771122 0.0329974398091235 0.0277575847102076 0.0237513107897746 0.027898140941602 0.0326995969289793 0.0387587782641452 0.0418311175367785 0.0433671238402618 -9999 -9999 -9999 -9999 -9999 -9999 -9999 -9999 -9999 -9999 -9999 -9999 -9999 -9999 -9999 -9999 -9999 -9999 -9999 -9999 -9999 -9999 -9999
0.228951247798058 0.229656679207459 0.236014044722162 0.237308951573199 0.222587262023491 0.211656526370974 0.203563470769918 0.183077219108598 0.164443685587709 0.158704240204934 0.15115558698415 0.141976501457745 0.132939356018938 0.124508416034333 0.119076654323806 0.11851045330039 0.123213812791036 0.119656287774249 0.113516289520806 0.103626679314214 0.0929085613386087 0.0811106114336157 0.0689129175862969 0.0569761142860919 0.0502387894313569 0.0455394408204358 0.044051481426488 0.038160910590262 0.0307453060001521 0.0356248969082366 0.0405464267815453 0.0455485335229795 0.0457371338242581 0.043449825293934 -9999 -9999 -9999 -9999 -9999 -9999 -9999 -9999 -9999 -9999 -9999 -9999 -9999 -9999 -9999 -9999 -9999 -9999 -9999 -9999 -9999 -9999 -9999
0.225224181317395 0.223293517694779 0.231731173216611 0.235558855856021 0.223749637903416 0.215140023766539 0.208925440581423 0.19303818090602 0.17680841180494 0.163830464875809 0.154370636021064 0.148081285009141 0.139501336410599 0.130603837806358 0.122253368313916 0.120862489934387 0.127009075144568 0.125007676704467 0.120293525886412 0.11062074588692 0.0997302383824577 0.0872526111304923 0.0738978249282411 0.0606877355273602 0.0532214623051079 0.0489019237991132 0.0495409268694197 0.0479027569437055 0.045478694166722 0.0495307649705435 0.0526294058871773 0.0538962325500273 0.054566025511285 0.0549287240429591 -9999 -9999 -9999 -9999 -9999 -9999 -9999 -9999 -9999 -9999 -9999 -9999 -9999 -9999 -9999 -9999 -9999 -9999 -9999 -9999 -9999 -9999 -9999
0.223019635960888 0.219134743720937 0.227094803563699 0.231320971824038 0.222187481681474 0.215381803647096 0.210318585732807 0.20278770369035 0.192044030935423 0.170226480489451 0.158073869250519 0.154631163409937 0.147051139894614 0.138438854321162 0.128442587880848 0.125691026050808 0.130785715003638 0.12860400353513 0.124112968290455 0.116055708681003 0.105654176954382 0.0921972485519908 0.0778866675416384 0.0638139907804947 0.056616988415296 0.0526617216434751 0.053814696324641 0.0573364763126738 0.061808671494285 0.0648831468462778 0.0657165201233608 0.0622440888728415 0.0610646495241733 -9999 -9999 -9999 -9999 -9999 -9999 -9999 -9999 -9999 -9999 -9999 -9999 -9999 -9999 -9999 -9999 -9999 -9999 -9999 -9999 -9999 -9999 -9999 -9999
0.223059516600212 0.218884111854018 0.219214123037187 0.220294150950419 0.222670785551615 0.219471069618807 0.212097233108583 0.205096871715099 0.196671666068885 0.182643858172509 0.17099790632753 0.161498449192529 0.154416301907075 0.147188725491193 0.136898844249244 0.130346713375475 0.127842687749629 0.12780050710136 0.127634328962507 0.121783900612293 0.113753042615749 0.10288033130177 0.0883700926273847 0.0735164478754382 0.0699870716559231 0.0670550195742595 0.065064215115652 0.0655899985352979 0.0672796054415454 0.0736756416025845 0.0744595131050698 0.0644607949758784 -9999 -9999 -9999 -9999 -9999 -9999 -9999 -9999 -9999 -9999 -9999 -9999 -9999 -9999 -9999 -9999 -9999 -9999 -9999 -9999 -9999 -9999 -9999 -9999 -9999
0.222956105039297 0.219028036564939 0.216056173317256 0.216114815602961 0.224887160129343 0.222688246072541 0.212276907790801 0.206130893108654 0.199861523335909 0.191113164461378 0.180783355380741 0.169028365924696 0.161039676271853 0.153343643920728 0.143561507478004 0.135561818514022 0.129492578157381 0.12905765300154 0.129654183909442 0.12725239614661 0.122352425913819 0.114196460628968 0.100531630606509 0.0859872123581408 0.0838314856788409 0.0806199892852553 0.0757448388199623 0.0741182229192146 0.0740037890287003 0.0803608282527015 0.0845417597879624 -9999 -9999 -9999 -9999 -9999 -9999 -9999 -9999 -9999 -9999 -9999 -9999 -9999 -9999 -9999 -9999 -9999 -9999 -9999 -9999 -9999 -9999 -9999 -9999 -9999 -9999
0.222631671938606 0.219780546406234 0.220182815732056 0.2224974075068 0.229776715492184 0.224560265094356 0.209990241624011 0.205198060260323 0.200833675261195 0.193492754650955 0.185727678702103 0.177580360010241 0.166518877766048 0.155495968703156 0.147457636891268 0.141639799555076 0.138226829974786 0.133493243651837 0.12935803626309 0.132320322093481 0.131723834336532 0.126489034794469 0.115281579504005 0.102727961951002 0.0984075328240872 0.0929073013269976 0.0855479683701929 0.0830701625825958 0.0826610517693205 0.0837955903741929 -9999 -9999 -9999 -9999 -9999 -9999 -9999 -9999 -9999 -9999 -9999 -9999 -9999 -9999 -9999 -9999 -9999 -9999 -9999 -9999 -9999 -9999 -9999 -9999 -9999 -9999 -9999
0.218548531371735 0.21851226174798 0.219033651166518 0.22050348418861 0.224648350783557 0.222537290972307 0.215743420964018 0.211411249347992 0.206142845028576 0.196149113576968 0.188162103469524 0.181983522023049 0.172597180025947 0.16326544062608 0.157281765081294 0.150502636970961 0.142862007853907 0.137229918895892 0.132960081113153 0.135191437816941 0.136000106100216 0.134954519734955 0.128710053592755 0.120849913978052 0.114277230253428 0.107446733266809 0.10020998094131 0.0980689506671825 0.0980816940729353 0.0994771172616805 -9999 -9999 -9999 -9999 -9999 -9999 -9999 -9999 -9999 -9999 -9999 -9999 -9999 -9999 -9999 -9999 -9999 -9999 -9999 -9999 -9999 -9999 -9999 -9999 -9999 -9999 -9999
0.213045172986243 0.216434706254307 0.215794230065292 0.215225740574019 0.215680653629984 0.21902406100042 0.224529621464042 0.220343947622743 0.213158978063922 0.199115907621755 0.189769160810607 0.184654673889559 0.178779646141415 0.173118335841897 0.169289068547628 0.160451993612206 0.146191300083812 0.140885668650659 0.138095971757759 0.137212743350581 0.138219353773269 0.141689077260445 0.141303227085555 0.139159153658864 0.130553128723873 0.12293527990314 0.116874572941854 0.115315331499743 0.115620688625931 -9999 -9999 -9999 -9999 -9999 -9999 -9999 -9999 -9999 -9999 -9999 -9999 -9999 -9999 -9999 -9999 -9999 -9999 -9999 -9999 -9999 -9999 -9999 -9999 -9999 -9999 -9999 -9999
0.211011097214256 0.214711693620759 0.214225679476531 0.213754908133503 0.214172322282246 0.218493210846593 0.225736005554077 0.223322005729437 0.218426589256146 0.208629248832874 0.197690653875158 0.185723576604463 0.180371240547036 0.176497932469018 0.173951230201437 0.168963234074803 0.161331237276885 0.151238435754369 0.14164688902597 0.140609082095068 0.140785137818839 0.142543276054605 0.144014480360894 0.145137790670411 0.142905668245306 0.139588437153202 0.13456132044147 0.125751538286434 -9999 -9999 -9999 -9999 -9999 -9999 -9999 -9999 -9999 -9999 -9999 -9999 -9999 -9999 -9999 -9999 -9999 -9999 -9999 -9999 -9999 -9999 -9999 -9999 -9999 -9999 -9999 -9999 -9999
0.201945272693181 0.212174842417672 0.212454817600096 0.212206812141059 0.212411464487789 0.217526853157596 0.226318123644987 0.225430383471098 0.222418130354109 0.215873725450703 0.21114870593688 0.20806329059303 0.193229754210308 0.178703448242947 0.176993744501981 0.174517646972877 0.171211520038344 0.16065203102045 0.149253622005984 0.145436600082092 0.14345070636527 0.14385140548288 0.146326199371397 0.149358641595038 0.150726227451299 0.150007662425394 0.146001795857923 0.144825113152691 -9999 -9999 -9999 -9999 -9999 -9999 -9999 -9999 -9999 -9999 -9999 -9999 -9999 -9999 -9999 -9999 -9999 -9999 -9999 -9999 -9999 -9999 -9999 -9999 -9999 -9999 -9999 -9999 -9999
0.179670278852748 0.208109192071266 0.21030391312694 0.21051357624444 0.210176234711147 0.215742392749462 0.225727555455854 0.225905063023962 0.224012568463908 0.218856130477968 0.213650621931799 0.208400891696463 0.193229754210308 0.178703448242947 0.176993744501981 0.174517646972877 0.171211520038344 0.168301388076966 0.164479221697108 0.152952594238498 0.146303720512269 0.146012245498413 0.147887391600952 0.150277484032467 0.15003344275455 0.148716420506654 0.145708623144244 -9999 -9999 -9999 -9999 -9999 -9999 -9999 -9999 -9999 -9999 -9999 -9999 -9999 -9999 -9999 -9999 -9999 -9999 -9999 -9999 -9999 -9999 -9999 -9999 -9999 -9999 -9999 -9999 -9999 -9999
0.164203237538465 0.187216932812458 0.199965819068218 0.208824795679232 0.208319583079888 0.212027448587983 0.218888970939432 0.223536142277635 0.225994538033991 0.221159808124598 0.216249307848758 0.211270524399107 0.209555968056067 -9999 -9999 -9999 -9999 -9999 0.169573251824543 0.155467221014918 0.147258253687555 0.146735197918219 0.148409719812215 0.150584901221515 0.149801657722193 0.149322495098295 -9999 -9999 -9999 -9999 -9999 -9999 -9999 -9999 -9999 -9999 -9999 -9999 -9999 -9999 -9999 -9999 -9999 -9999 -9999 -9999 -9999 -9999 -9999 -9999 -9999 -9999 -9999 -9999 -9999 -9999 -9999
0.152159152070892 0.157864458953778 0.18551130552032 0.207138255200548 0.206653275942248 0.20734188064129 0.208908959696595 0.219737493836759 0.228171353715688 0.223122229887473 0.218896648507234 0.21541323183799 0.211736070317886 0.208624759149874 -9999 -9999 -9999 -9999 0.169573251824543 0.155467221014918 0.147258253687555 0.146735197918219 0.148409719812215 0.150584901221515 0.149801657722193 -9999 -9999 -9999 -9999 -9999 -9999 -9999 -9999 -9999 -9999 -9999 -9999 -9999 -9999 -9999 -9999 -9999 -9999 -9999 -9999 -9999 -9999 -9999 -9999 -9999 -9999 -9999 -9999 -9999 -9999 -9999 -9999
0.153355029771647 0.156519673893736 0.171009845504473 0.186156605117893 0.200951489758643 0.209021559064307 0.212057836125683 0.220409991013629 0.22710581044143 0.224989252522522 0.222184455255554 0.21875942650191 0.215248912455005 0.211310153250709 0.205238536106604 0.202081716042591 -9999 -9999 -9999 -9999 -9999 -9999 -9999 -9999 -9999 -9999 -9999 -9999 -9999 -9999 -9999 -9999 -9999 -9999 -9999 -9999 -9999 -9999 -9999 -9999 -9999 -9999 -9999 -9999 -9999 -9999 -9999 -9999 -9999 -9999 -9999 -9999 -9999 -9999 -9999 -9999 -9999
