layers50/veg_krg/veg_5700.asc
NCOLS 255 
NROWS 330 
XLLCORNER -2985163.8955 
YLLCORNER -3022031.214 
CELLSIZE 25000 
NODATA_value -9999 
[rows 75 to 99 of 330, columns 171 to 227 of 255]
0.719879690588787 0.733297661006001 0.734540565011451 0.730700015872463 0.712910068151842 0.695950858698239 0.680319611346142 0.67785162727567 0.680287975123239 0.65175999200961 0.630539743597781 0.623573946137551 0.623394049683852 0.626757786281518 0.614717708874855 0.604171077038106 0.598182433719403 0.601016974862639 0.609468341899677 -9999 -9999 -9999 -9999 -9999 -9999 -9999 -9999 -9999 -9999 -9999 -9999 -9999 -9999 -9999 -9999 -9999 -9999 -9999 -9999 -9999 -9999 -9999 -9999 -9999 -9999 -9999 -9999 -9999 -9999 -9999 -9999 -9999 -9999 -9999 -9999 -9999 -9999
0.719553601045507 0.719781371443503 0.716815988573679 0.711972346037161 0.695856844159687 0.681464334842334 0.669826085093683 0.665308270576757 0.663112463081117 0.628655416124077 0.607208327310716 0.611138433730752 0.612064353504425 0.611421471274905 0.602115510810283 0.593927007808997 0.58897163268058 0.587542185370231 0.588357338380054 -9999 -9999 0.5683123581589 0.5683123581589 -9999 -9999 -9999 -9999 -9999 -9999 -9999 -9999 -9999 -9999 -9999 -9999 -9999 -9999 -9999 -9999 -9999 -9999 -9999 -9999 -9999 -9999 -9999 -9999 -9999 -9999 -9999 -9999 -9999 -9999 -9999 -9999 -9999 -9999
0.715974281504629 0.707518899665862 0.701301750939737 0.695236156741677 0.680797719723672 0.668792618729463 0.660677284401999 0.654554790646921 0.648449756934802 0.603670250585901 0.580107757751564 0.597931123986293 0.601474877528615 0.597561742523811 0.590631633881076 0.584752971184719 0.581598367199081 0.579136809733297 0.577116444634636 0.566682647436226 0.559369511892061 0.563523921400453 0.557364630843178 0.543268102072714 0.548734175735429 -9999 -9999 -9999 -9999 -9999 -9999 -9999 -9999 -9999 -9999 -9999 -9999 -9999 -9999 -9999 -9999 -9999 -9999 -9999 -9999 -9999 -9999 -9999 -9999 -9999 -9999 -9999 -9999 -9999 -9999 -9999 -9999
0.705282451777026 0.698098392979294 0.690702966607767 0.682880427631565 0.670082223361431 0.660039395892365 0.654401127732127 0.647713456086225 0.639380652086927 0.574726418440561 0.544898091255541 0.583001099259259 0.592451337450082 0.586938949156309 0.581559348203884 0.57785087993366 0.578166651990149 0.577811268674359 0.577028628862908 0.566682647436226 0.557979395098429 0.556507576653655 0.551080879451295 0.542610578633996 0.548734175735429 0.555168715186131 -9999 -9999 -9999 -9999 -9999 -9999 -9999 -9999 -9999 -9999 -9999 -9999 -9999 -9999 -9999 -9999 -9999 -9999 -9999 -9999 -9999 -9999 -9999 -9999 -9999 -9999 -9999 -9999 -9999 -9999 -9999
0.6911681229733 0.683903579149916 0.661974736763 0.637759491880781 0.65033270914863 0.657338912516073 0.655446063351792 0.62883715109876 0.5916642531545 0.549098031897805 0.533260052826631 0.569558123133689 0.580676099569334 0.578644899087517 0.579205097808069 0.579344699228323 0.578308853395834 0.575447270095457 0.571423425082297 0.558821050943536 0.547025659132977 0.539685744228165 0.535546293398968 0.533869862203769 0.542435959378211 0.552704341232419 0.564350166378355 0.58009726171014 0.599642495679263 0.622881395326539 -9999 -9999 -9999 -9999 -9999 -9999 -9999 -9999 -9999 -9999 -9999 -9999 -9999 -9999 -9999 -9999 -9999 -9999 -9999 -9999 -9999 -9999 -9999 -9999 -9999 -9999 -9999
0.675070465086644 0.666942067069768 0.622740541615349 0.573651206303672 0.625348005695395 0.6581459755078 0.660733552419591 0.602986612859889 0.521551850416214 0.525390937235696 0.535281709970364 0.556976887705024 0.567306260154098 0.57170034954693 0.580743930933197 0.585703926282821 0.580522129944004 0.572481488154478 0.562620909671665 0.546403680259122 0.530529831374469 0.517181657855223 0.514650873343376 0.520444957001998 0.532487943446466 0.546019696321968 0.562179693619262 0.58009726171014 0.599642495679263 0.622881395326539 0.643119347782715 -9999 -9999 -9999 -9999 -9999 -9999 -9999 -9999 -9999 -9999 -9999 -9999 -9999 -9999 -9999 -9999 -9999 -9999 -9999 -9999 -9999 -9999 -9999 -9999 -9999 -9999
0.663075876494388 0.655074874052791 0.614041515858167 0.568565175955438 0.615837584017323 0.634658596351126 0.607999128536207 0.555500181053352 0.494177167715491 0.531285220848913 0.559803519706238 0.571566663100028 0.576907440326521 0.578894424298957 0.581770828793411 0.580911329983339 0.570981943403405 0.563381625018171 0.55726398792571 0.541387995761842 0.526963295339406 0.519232043256749 0.516068293509825 0.516419611473538 0.534352193646562 0.553585106290891 0.568742599457671 0.583545450143992 0.598019870552269 0.608948312609848 0.61785814619778 0.61953537543812 0.629754209426064 0.649479544781044 0.674844629951114 0.702097794121179 0.732614698707133 0.75914374078021 0.780329049484778 0.785723299452826 -9999 -9999 -9999 -9999 -9999 -9999 -9999 -9999 -9999 -9999 -9999 -9999 -9999 -9999 -9999 -9999 -9999
0.648596067294551 0.63958951251882 0.605708818236533 0.568774245478416 0.60575764763507 0.611244648516118 0.566383628981508 0.525911454270286 0.489175346265011 0.540597075174114 0.575989688866364 0.580115946296403 0.581566874376805 0.581620731456977 0.58036869316052 0.5758260203316 0.563423901793581 0.556276906550251 0.552475314854138 0.536239513108007 0.522773866936172 0.520643363051839 0.518099557337649 0.51523768196304 0.537169295854217 0.559837077038267 0.572398899498304 0.584186234556594 0.595256325836393 0.596816446276627 0.596928010817396 0.599219134374445 0.613941219335716 0.642498520872185 0.670991429615378 0.699836320126766 0.731687238705778 0.759062580626361 0.780440652516761 0.797916110272579 -9999 -9999 -9999 -9999 -9999 -9999 -9999 -9999 -9999 -9999 -9999 -9999 -9999 -9999 -9999 -9999 -9999
0.626796198304002 0.613569698169 0.594111793665651 0.575128091774844 0.59197307410129 0.591418604814215 0.563050547003385 0.547935598169895 0.538958499513159 0.555059460391565 0.566404987860608 0.568474577565974 0.569604733042032 0.570244311042622 0.572442743761651 0.571501374402324 0.562887045718867 0.555444893074364 0.548748945924725 0.529698093928715 0.515089841088796 0.516894722260687 0.518685368047864 0.520465058538803 0.540926000258407 0.560535287762018 0.566945187459034 0.576723520413197 0.589621320245065 0.591518523066627 0.585299756889776 0.546556461492117 0.555193414145145 0.616562892614333 0.656676169731528 0.691434579980959 0.728241575414374 0.758761057582312 0.780855275756524 0.798248528899051 0.813034924387282 -9999 -9999 -9999 -9999 -9999 -9999 -9999 -9999 -9999 -9999 -9999 -9999 -9999 -9999 -9999 -9999
0.603203424172969 0.58767239991722 0.572013025293381 0.557437483035726 0.55860338526173 0.559581724611928 0.560260238613266 0.552775904833155 0.542163728962966 0.546696058685706 0.549649037079519 0.549521336306369 0.552039662058986 0.555939756723716 0.55930431900021 0.560021359279682 0.554383068595162 0.547314789187289 0.539336181119304 0.524360879826648 0.513369948396962 0.516148848379297 0.519995081853098 0.524662715999863 0.541440936716326 0.55720413001799 0.562572149965854 0.572614042367379 0.586984353709331 0.589954841789266 0.580983351883808 0.519090211393932 0.508754693794701 0.555800971182958 0.625664425704467 0.696145122375464 0.722624689610309 0.745118982237885 0.762273009288909 0.784504114133791 0.808053299525999 0.825453697171627 -9999 -9999 -9999 -9999 -9999 -9999 -9999 -9999 -9999 -9999 -9999 -9999 -9999 -9999 -9999
0.578350214502507 0.561861232069461 0.542531394986941 0.522843310929696 0.511465106652507 0.51930107075897 0.557851507086717 0.545535751316226 0.512624074602329 0.52228583308272 0.527851604808494 0.525427753939222 0.530535658951678 0.539576686338249 0.54250145653538 0.54351102692195 0.540278102166255 0.534054033200152 0.525925806350282 0.519870237493397 0.515842918574109 0.517513958533943 0.521813708911723 0.52813646758409 0.539676868313473 0.551040274043826 0.558958840677863 0.570861932736684 0.586455047466907 0.591016380964707 0.581807271388989 0.509337372912754 0.470969419541338 0.470555714503478 0.582914837034964 0.710073769255073 0.715481406253372 0.722098325809975 0.730335683267307 0.760863503139887 0.798081278830792 0.82164269204733 0.836217020819983 -9999 -9999 -9999 -9999 -9999 -9999 -9999 -9999 -9999 -9999 -9999 -9999 -9999 -9999
0.578856702272514 0.562076410080665 0.529675466126677 0.494389452520836 0.492011324456499 0.502912714992204 0.535041847317665 0.51845247045853 0.482173616570417 0.488397517736364 0.496660479216463 0.50890082718109 0.52051174420242 0.531793969088088 0.531807054432832 0.53080570332642 0.528054638502779 0.523038854534084 0.516581353780367 0.515499836372103 0.516583489073822 0.523014004002379 0.529615197738701 0.536347742818047 0.540150099098568 0.545267886863973 0.557149347120577 0.567901392610849 0.57760750021671 0.545554085507966 0.506758022634353 0.475454820115806 0.463459232341528 0.4729523309891 0.579994775227386 0.698180658163356 0.697538583864783 0.699091344007626 0.703585180981747 0.743164602757979 0.79189663469813 0.798785420951224 0.811160137313474 0.832431370619998 0.838824236066393 -9999 -9999 -9999 -9999 -9999 -9999 -9999 -9999 -9999 -9999 -9999 -9999
0.577669355332687 0.564944901630625 0.52611537325561 0.481476448070003 0.478033038518858 0.485460432547939 0.510265159174562 0.491434837695411 0.455087811692782 0.462354273799416 0.474551728596461 0.496367566697825 0.512486218376916 0.525629769463422 0.523724681453082 0.520670523011623 0.515775921357715 0.510848249790626 0.505899525966786 0.510643879772281 0.51735174893266 0.52778732275311 0.536273799851815 0.54326028714254 0.541762010546412 0.542541133135811 0.556823094809239 0.565534636408792 0.569087476740184 0.511085122198223 0.452218116360402 0.453774274208667 0.467888440550568 0.495979222345848 0.585995115717725 0.680590794408195 0.679433154069486 0.678045877852513 0.676350889696792 0.721823440624402 0.779324494859428 0.776498273872939 0.78864436376687 0.825071006783462 0.838014912705802 -9999 -9999 -9999 -9999 -9999 -9999 -9999 -9999 -9999 -9999 -9999 -9999
0.561350407018117 0.567563977251086 0.548841744599986 0.520397909480826 0.473020515265043 0.455602744812135 0.486076406007541 0.471874233036867 0.440040443305842 0.467059152339048 0.487465307462195 0.494973029730011 0.507231627737756 0.521971157942824 0.522505103767376 0.518091524943373 0.502619551318165 0.493749946325553 0.489083399226149 0.504054727002298 0.518847441297975 0.528525831991372 0.536776468584153 0.54392833128063 0.546520713006822 0.550268447709575 0.561000376464376 0.565674050320773 0.564737244749634 0.531813358865391 0.496676093307953 0.483338356184136 0.502829541020532 0.558858144844936 0.608522792051661 0.652586776544841 0.664696109584539 0.663820133724525 0.645543851749711 0.68564525769611 0.743148637364843 0.763133091276698 0.786370350272859 0.814882673838407 0.830674038431543 0.84081896257447 -9999 -9999 -9999 -9999 -9999 -9999 -9999 -9999 -9999 -9999 -9999
0.554297022079644 0.549151206368586 0.545743706770434 0.538567582998759 0.470601124798823 0.437759151508396 0.461064808159522 0.457585403081856 0.443600452084467 0.467963816299681 0.484149724338975 0.484384704666044 0.497376379847184 0.517029667902956 0.51812759385728 0.513245800386135 0.49508438516538 0.48889632415985 0.490330482352145 0.501025811139936 0.511488336780082 0.519086224035366 0.526649830704088 0.534187055649481 0.539645130361537 0.545512496935632 0.554097862201833 0.558716234408297 0.559660820462795 0.543785435493601 0.525498135325554 0.511882517440499 0.532768638966741 0.592053965627204 0.61012652614609 0.61856780512525 0.637099921880427 0.64628473696549 0.64294417343511 0.674087673671608 0.716535001092344 0.751951305745679 0.781759211172265 0.802471991841841 0.817551958650285 0.829934755253887 0.826760253685713 -9999 -9999 -9999 -9999 -9999 -9999 -9999 -9999 -9999 -9999
0.555096063428821 0.512914260349178 0.520759868668498 0.539150426860307 0.470379375559816 0.43009732342619 0.435355861759509 0.447764323287767 0.462929934522519 0.465647855280745 0.46708016932481 0.46600478178995 0.483622143792046 0.511000957518285 0.511073783650391 0.506479059054572 0.492313105176552 0.494419886134629 0.506885865496031 0.501014142772289 0.4966249244295 0.501020814088599 0.507515014554146 0.51562403730559 0.52290966521438 0.530177165611023 0.537805386725467 0.545743622440695 0.553968959073448 0.548336797538372 0.54106895650615 0.539562311152123 0.558468614636827 0.600093801958332 0.593997532351933 0.579451250589902 0.598605802755188 0.62594445913575 0.664249810241951 0.683395678732446 0.698025204192023 0.742619916549496 0.775167393098817 0.788177902285035 0.799530393726592 0.810136896023456 0.818856673163993 0.824650842146363 -9999 -9999 -9999 -9999 -9999 -9999 -9999 -9999 -9999
0.530275635206787 0.490142573586485 0.506108201322496 0.535097242535019 0.483091844922344 0.447700370523357 0.438866791987691 0.439439330029471 0.443862299245329 0.442374774000802 0.441503178749498 0.44183301516427 0.453527923012718 0.471157730696095 0.472082455639409 0.468541937816848 0.455261624850909 0.46808902732527 0.497536561991775 0.494038456065067 0.489389529655009 0.488900655350175 0.497303712440458 0.512549840127038 0.515208489680149 0.518358024865879 0.53007188983035 0.539543249589896 0.546937851350752 0.530355965634108 0.512640851099074 0.514127412652028 0.536664428751025 0.582629849796396 0.578856395358616 0.564627818765122 0.572099139560983 0.592706752424934 0.630916988758497 0.673804305296222 0.717453538196611 0.748756931555858 0.772481324489401 0.783914874417967 0.794338870621063 0.804172985952749 0.805236448418465 0.805718696388007 0.805049848645559 0.804818120564745 -9999 -9999 -9999 -9999 -9999 -9999 -9999
0.50015645068932 0.467456611361979 0.489796254909728 0.525415386181477 0.488581309235507 0.458568227290454 0.439458727394542 0.425889814661397 0.414853858253552 0.412753702345388 0.411596880669383 0.412280124635056 0.417830643961199 0.425922879976233 0.430650964203529 0.430857201078569 0.420360569673945 0.440286790572914 0.479580153269643 0.481260260319114 0.479905821836911 0.478057374310605 0.489438618262144 0.511001195011619 0.508440827759844 0.506902141308599 0.522097751497243 0.532197991790488 0.53757946926288 0.512746756540552 0.486545698521981 0.484866688896879 0.508137198269376 0.55917563222585 0.562922261995124 0.555038256956501 0.554018727029067 0.567051918461133 0.598915748062058 0.663250530644762 0.735075137726163 0.753687920252493 0.769025538319821 0.77905183168468 0.788530052696328 0.797505511541755 0.791464225007584 0.790548434929367 0.799783694130063 0.800788076364464 0.79742906456694 0.789375909991824 0.78065620903316 0.770638383312561 0.767246878462592 0.76813436634605 -9999
0.464915600088585 0.434940316366372 0.457933809425328 0.493142596155434 0.450737334036142 0.418999507052457 0.404313921602352 0.386966418760731 0.368894194206613 0.36960192798096 0.368068296009546 0.362162661031553 0.368551420788531 0.381360377876335 0.402158421845569 0.41801990797555 0.421474477860448 0.429854749244219 0.441370714757854 0.446852979523703 0.454197659441895 0.468621822512191 0.48567981667288 0.504764759905642 0.499141578222649 0.494460621995417 0.506505954079344 0.514397313221586 0.518441726317037 0.513976712421944 0.504694496711779 0.47820247365072 0.484504086694246 0.527303846827269 0.542558917143371 0.551276817062051 0.565923663474509 0.586372068386838 0.614594558199291 0.662587713478019 0.715497701919737 0.741274356455933 0.759032144398011 0.763785759645772 0.770111974300116 0.777066003152255 0.781329136703572 0.785852431090454 0.790890974192256 0.794461648193268 0.797254168019425 0.789375909991824 0.78065620903316 0.770638383312562 0.767246878462592 0.76813436634605 -9999
0.443814750147721 0.423907308613642 0.44462117722933 0.473786752612347 0.430633897833971 0.399954505563194 0.389214348238376 0.3703183699497 0.34838493506867 0.345693699507718 0.341797327222876 0.335550217942007 0.345494787592653 0.363894736796228 0.384992768224789 0.403199140520888 0.414260749500976 0.421101258262117 0.425254621003316 0.428316793824348 0.435614256461853 0.456071879480756 0.477073671032872 0.498494244908377 0.489074650830123 0.480747884940808 0.492967971699105 0.501650590866304 0.507057202424336 0.51266318185775 0.511197355352939 0.471038814481987 0.467831132366041 0.50574843784288 0.527466258692008 0.545394197280482 0.567254983191698 0.590995795941437 0.617255843523941 0.655166671404485 0.696284413567756 0.725983548553811 0.74192647061851 0.735560982093066 0.745341611576293 0.761905846190057 0.769818519207871 0.776743531754443 0.781712482054054 0.786766041639618 0.791864454726806 0.782686204179903 0.772868470274012 0.762506887003044 0.760252299869016 0.763232861807478 0.761632101301148
0.437118903882707 0.434760214387157 0.450206007277734 0.467589936854584 0.428603482674253 0.401817865475686 0.394535682465383 0.376363138800104 0.353803056352029 0.341389667382614 0.333107405712595 0.332883311705607 0.349152191693671 0.374033789095082 0.379366284779445 0.386357725683412 0.398563313259063 0.414057775963496 0.431645931604366 0.425949149322255 0.424289140665171 0.44034917725087 0.463529335462844 0.492189011315895 0.478225658245812 0.46574010577987 0.481522295668679 0.494052542799373 0.503571203549186 0.508758496421681 0.505836013557182 0.46336635112621 0.458248778182641 0.494702748323329 0.517743066536879 0.537350643789922 0.557814522093502 0.580647670002532 0.606655637757724 0.640860746015434 0.677442097293219 0.707761573043293 0.717575223096958 0.694134635102655 0.714099913999641 0.752123982945498 0.756906593215859 0.763139033204123 0.772242861952272 0.777675596421774 0.781162191867247 0.769181418289198 0.757147039844648 0.746091498984725 0.746132054680713 0.753337991809194 0.75732400006896
0.424925062316152 0.43683195353004 0.447185404018895 0.453589342331073 0.412103564665604 0.383832822996989 0.376686745582589 0.371890555860466 0.368060782478295 0.362964445766966 0.362548853182108 0.371263509612905 0.381667477619381 0.39295361297959 0.394784930640303 0.400085906790994 0.414344954090132 0.425979144747707 0.435942355634266 0.438202062024503 0.442266155726153 0.45362149285382 0.469132285641994 0.487841042424834 0.481429532061625 0.475355470162148 0.483822609637178 0.486157730271076 0.482814059547663 0.481702961959543 0.477950656883968 0.457463853693313 0.459516421108831 0.486654503929387 0.510858343443629 0.535119934612882 0.566157187877266 0.595370101169623 0.622138399996825 0.651904243730717 0.67980728215348 0.665068053831533 0.659660085579739 0.669384594715322 0.686195683944857 0.706137242522115 0.730885038254812 0.750556624180598 0.760174773070018 0.757191379467686 0.747527592569872 0.730691420068532 0.719905161505731 0.724474747489299 0.7359515768261 0.751888806540962 0.757176313151779
0.414793658758707 0.437117245162456 0.442463666830968 0.439256782314567 0.396136502505656 0.366675483826337 0.359049237703976 0.367687690693398 0.382944132955386 0.386103915284875 0.3936685772657 0.409825387634482 0.412524574008597 0.40819611863927 0.409971838837288 0.415580326721481 0.430059176453 0.436581516370982 0.43803875416651 0.449983079233688 0.461327808740341 0.468404881613596 0.475821202217197 0.483498601777126 0.486105719782004 0.487773031529661 0.488372729514432 0.480341542092413 0.464317392038699 0.457137456744196 0.452808792359105 0.454637950766669 0.463426231895976 0.479959768351714 0.503659172314778 0.530925204956309 0.571851083045872 0.606811696141735 0.633778857734217 0.660705805882996 0.682243222068675 0.624371477341078 0.606110485081311 0.652086135194601 0.663278016424517 0.660349554223381 0.703795720642906 0.735970701088491 0.745823089910714 0.733810618707101 0.710207037572394 0.688010822124614 0.678786015538971 0.701280185475609 0.725249132047871 0.750170425877452 0.755581988460489
0.426631562613169 0.43891092328756 0.439547716986975 0.434564025762557 0.405633556316686 0.385087871454804 0.377945537081176 0.381216497022279 0.388557883430398 0.380341710323416 0.378057104644429 0.387342601113195 0.388660406947302 0.385817442995811 0.391713358911163 0.396391926956788 0.39759163417978 0.409706750630249 0.428770600098237 0.436473840042718 0.443123557664884 0.44920665796143 0.46065221587387 0.476224624793658 0.479202998258186 0.481372501520779 0.486948223674251 0.488714288558515 0.48695227413722 0.484136979154132 0.479956691099393 0.469463107960106 0.468346380390322 0.477665758555236 0.490077250312043 0.504934220110227 0.533070563545284 0.558550209654367 0.580469882944681 0.616248137144011 0.652986907346298 0.633983571037312 0.632313057932665 0.658751133938939 0.668258541159164 0.670780074229887 0.689528877094307 0.706592381005441 0.720318149173021 0.7085627948876 0.683299259384858 0.655520562344778 0.644674102725081 0.675544461085751 0.705122262666963 0.733865386728806 0.739840067325897
0.433619722711063 0.43397063773479 0.431341635950806 0.426647621617264 0.407073650755614 0.391959823907552 0.383975682126933 0.383546230699059 0.386035317368066 0.375620584531453 0.370351848342828 0.375120881696898 0.373791302302153 0.369276995384358 0.379260739415555 0.383801981623991 0.374312220098677 0.387514944721743 0.415163671731225 0.418740779270255 0.421624967089225 0.427999450358201 0.443261185976933 0.465362391282742 0.470464734894874 0.474137543849715 0.481066617356369 0.487808954970567 0.494378358645774 0.49573527429993 0.49303533274723 0.473774744089802 0.466192158879979 0.471606774901 0.472829296274929 0.475504474616914 0.499022754641993 0.52181518828192 0.543634988202348 0.583609230609584 0.626853415813076 0.626792510838387 0.632932946803902 0.649130079383112 0.663236460165622 0.676231805753947 0.67727692088944 0.681504781596454 0.69203607211098 0.679704869328123 0.655253686230016 0.628494293403327 0.618309293836946 0.648948432929393 0.681393196380788 0.715003954305148 0.724801883902928
