layers50/veg_krg/veg_5000.asc
NCOLS 255 
NROWS 330 
XLLCORNER -2985163.8955 
YLLCORNER -3022031.214 
CELLSIZE 25000 
NODATA_value -9999 
[rows 225 to 249 of 330, columns 57 to 113 of 255]
-9999 -9999 -9999 -9999 -9999 -9999 -9999 -9999 -9999 -9999 -9999 -9999 -9999 -9999 -9999 -9999 -9999 -9999 0.251495762456754 0.25001707523519 0.225703962071795 0.187468136274527 0.158961403659486 0.127969798976589 0.0879882280864721 0.0578129456124349 0.0348767172987947 0.0444749912153749 0.0562470554662516 0.0616352165163362 0.0633947533890394 0.0619285364421781 0.0678893048228935 0.0764655023032791 0.09148910988775 0.100617554819897 0.10344771169854 0.104800482671379 0.106227507917238 0.110896917263483 0.115218452808383 0.1190928153955 0.113932273012752 0.108312507346767 0.133697638554459 0.147031512414897 0.141644842925007 0.138542704854522 0.136452661081386 0.137081953597117 0.138910628395511 0.143009202002985 0.145301121835286 0.146677774503988 0.151505996251957 0.154712819033635 0.153983018899366
-9999 -9999 -9999 -9999 -9999 -9999 -9999 -9999 -9999 -9999 -9999 -9999 -9999 -9999 -9999 -9999 -9999 -9999 0.252326776198587 0.253588926657125 0.234922307653569 0.204104626430441 0.168663810530298 0.131301612440201 0.0892559031433838 0.0635073380840326 0.0497894114058009 0.0584570195483181 0.0677631092896895 0.0694782686389918 0.0675027960373897 0.0622464462960591 0.062554897804832 0.0669122645034589 0.0866395272705483 0.0983546472478545 0.101509734840647 0.104065416632989 0.106328817307279 0.107532700135765 0.109673559160952 0.113018850413086 0.113967248788612 0.11557854772551 0.135291711485933 0.142687467814813 0.130949240598118 0.131675449737723 0.137319938852906 0.136600198524981 0.136752005272738 0.138553264157437 0.142298951657388 0.147029704302614 0.150056820112158 0.152622134530793 0.154182754969041
-9999 -9999 -9999 -9999 -9999 -9999 -9999 -9999 -9999 -9999 -9999 -9999 -9999 -9999 -9999 -9999 -9999 -9999 0.258131366578687 0.257751606674485 0.246160172742791 0.227732704656917 0.182069637019709 0.137658569475963 0.101947069849593 0.0773921017635681 0.0610729444793456 0.068307875626897 0.0752412222520285 0.0705553977933052 0.0667924108503549 0.0638498027881657 0.0652703065810811 0.0700193992499548 0.0875962563785527 0.09809845810749 0.101042222484612 0.103419802567191 0.105410482951361 0.105584026170696 0.106476184229308 0.108292082799405 0.111487288619206 0.115801136963155 0.128578375573808 0.135109905965805 0.131939290922538 0.134998318561822 0.140308563698746 0.135172050711075 0.132970796023486 0.136324683692091 0.140301428300748 0.144593717875841 0.14752757480691 0.1503828266502 0.153113403908566
-9999 -9999 -9999 -9999 -9999 -9999 -9999 -9999 -9999 -9999 -9999 -9999 -9999 -9999 -9999 -9999 -9999 -9999 0.258651254745875 0.259986182585495 0.258638375259175 0.255654838141209 0.197750009481313 0.145873492617641 0.121654254073454 0.0963071827607075 0.0701275393116903 0.0756214709628865 0.0802393348181265 0.0674770694459803 0.0631226700531041 0.0662426478542279 0.0729297071210245 0.0809022122471911 0.092119074212109 0.0990747442997018 0.101477831960401 0.102829127623858 0.103865909385661 0.104504742750219 0.104720595481664 0.104392729485043 0.107462718868995 0.111697817966457 0.116762840810199 0.125546400207652 0.140106371372578 0.144579701881423 0.144600065868908 0.133162652587835 0.128193035716399 0.135464089379956 0.138920933424838 0.140445464335331 0.144334978538777 0.148052238077692 0.15126461186718
-9999 -9999 -9999 -9999 -9999 -9999 -9999 -9999 -9999 -9999 -9999 -9999 -9999 -9999 -9999 -9999 -9999 0.280172469364692 0.277870113077469 0.270276514383034 0.265433168050033 0.262266718407864 0.208947658982679 0.162236947688838 0.143967606896146 0.119405616013414 0.0901983574329132 0.0898888581698342 0.089306576518436 0.074831864615462 0.0702616651194477 0.0744963231027027 0.0826758961927867 0.0910954525256057 0.0971424487793157 0.100430491335745 0.100770916305252 0.102018625025645 0.103319346342309 0.103355308760332 0.103564491277808 0.103996338864977 0.106005629008363 0.108633538276066 0.112624922898253 0.120434884679142 0.134176662301002 0.140315789018273 0.143012459254477 0.134049377287487 0.127896132027978 0.127060661666602 0.13143541860514 0.138449723877749 0.141224535802142 0.144604015367326 0.149579618791829
-9999 -9999 -9999 -9999 -9999 -9999 -9999 -9999 -9999 -9999 -9999 -9999 -9999 -9999 -9999 -9999 -9999 0.285163359133615 0.281447426614582 0.277206560076326 0.272628436807255 0.267844679792061 0.22005353209109 0.178789546755366 0.164398454030744 0.13951111254892 0.106875384520582 0.104182904252915 0.101524977275444 0.0856555779226965 0.0806961392517243 0.0854353757866076 0.0931609806581263 0.100371310357665 0.102269892472702 0.102747708595253 0.101707603329532 0.102454968436447 0.103406346135534 0.102599468301439 0.102532430264562 0.103416416274704 0.104298931531514 0.10537063762737 0.108829462781732 0.115214616524966 0.126145558282405 0.133936927079031 0.140064450963947 0.132869644981958 0.125423192484685 0.117500484723676 0.122803516333462 0.134806827281087 0.137776262629635 0.141646938228876 0.148014342186476
-9999 -9999 -9999 -9999 -9999 -9999 -9999 -9999 -9999 -9999 -9999 -9999 -9999 -9999 -9999 -9999 -9999 0.291032305224847 0.291676744154054 0.288126223587121 0.282093183061855 0.274546488894683 0.231762001784547 0.194311771874313 0.178840026964435 0.150086709479561 0.111528864621415 0.117205131422683 0.122132659876596 0.104559151998162 0.0986323744907477 0.103059241544801 0.105393410654514 0.107108763500665 0.107603337572019 0.107791934167407 0.107653629811087 0.106565885302409 0.105145161758671 0.103003732272191 0.101745354496342 0.101622091936962 0.10136690437293 0.101327538937825 0.10454160059792 0.108813598859045 0.114729006387003 0.124084330181659 0.134294672463743 0.125108540966677 0.115742153130808 0.106034619978147 0.112017082624883 0.125948239232548 0.133327986913983 0.140337400629792 0.146765998014619
-9999 -9999 -9999 -9999 -9999 -9999 -9999 -9999 -9999 -9999 -9999 -9999 -9999 -9999 -9999 -9999 -9999 0.296790008948712 0.296292485292116 0.294525655432245 0.286020372837986 0.273406489429467 0.226492348292441 0.18851374383335 0.182734871702975 0.160057866060668 0.124906568564789 0.133641329792188 0.141196969435956 0.124800770032014 0.115448530342148 0.11235819016069 0.112668971228197 0.113399325634283 0.113156967863725 0.11285463133384 0.112488214552807 0.111132338372528 0.109265920193143 0.105443788624956 0.102865071454775 0.101884696246411 0.100657943915065 0.0996179317332784 0.101931303872556 0.104624169868456 0.107906545405922 0.116706557505782 0.127340936644893 0.123119557220416 0.116921369521208 0.106981960350376 0.111071194721084 0.122267466953647 0.131690828679168 0.13992350455223 0.14545211294714
-9999 -9999 -9999 -9999 -9999 -9999 -9999 -9999 -9999 -9999 -9999 -9999 -9999 -9999 -9999 -9999 -9999 0.296588164376858 0.296735121833545 0.297564769684271 0.285830970847662 0.266436928729074 0.208601243012474 0.166866346317223 0.178789331495551 0.169579684711612 0.144769816841401 0.152615457262082 0.159113943201793 0.146037083246612 0.131432024783629 0.115468437045466 0.116259619885902 0.119357671228553 0.11887428272526 0.117931060190998 0.116496559068738 0.116037434776516 0.115157402990143 0.109397242843835 0.10540228858127 0.103676411015704 0.10160160011439 0.0996430304177985 0.100568100911524 0.102078824828441 0.104499308613663 0.111168556767805 0.119507052881958 0.125421538788338 0.126174045668149 0.117157215269711 0.117440719309219 0.122435856999029 0.13214344110785 0.140175423898408 0.144089505105938
-9999 -9999 -9999 -9999 -9999 -9999 -9999 -9999 -9999 -9999 -9999 -9999 -9999 -9999 -9999 -9999 0.318115687764789 0.308003569809255 0.299874221983426 0.296651484758424 0.281997897052573 0.260374637903655 0.211119904919421 0.17364089579029 0.17531561801261 0.174642989327803 0.172237533743648 0.163533440721103 0.154054301623439 0.144489457000128 0.134434975980155 0.123945220762714 0.123434437864481 0.124377934068335 0.12359358520659 0.121830046539234 0.119020358712218 0.116727654433563 0.114355121284877 0.110451326801195 0.107119521095689 0.104522976030009 0.102584336399695 0.100936078157959 0.100263932387379 0.100345584950311 0.101598195362145 0.107081687276767 0.114270918114897 0.120574525971688 0.124041168761358 0.122138694697848 0.120332289936773 0.118574554754318 0.124005861935844 0.129615007160051 0.135327722433652
-9999 -9999 -9999 -9999 -9999 -9999 -9999 -9999 -9999 -9999 -9999 -9999 -9999 -9999 -9999 0.314598211745773 0.316833855585101 0.308941158392466 0.301274575566291 0.294478043350758 0.277313630976876 0.253827666380273 0.213650266351215 0.180591285772631 0.171198518127855 0.176072391325117 0.191477974519108 0.170313293103309 0.148671774066132 0.141543940252465 0.135219516576093 0.129609303904324 0.128518855763163 0.128061411428637 0.126691830075797 0.124134879423261 0.120309364302459 0.116509599570648 0.112916523088927 0.110799038390608 0.108154939123074 0.104833905307387 0.103035964875323 0.101688933309773 0.0998158744964165 0.0987919713067899 0.0990871549316879 0.103249308278852 0.10899291835577 0.114714896163333 0.120004769224119 0.124476859611038 0.121471650911941 0.11467837478128 0.115852889111419 0.119013845379614 0.126468761228433
-9999 -9999 -9999 -9999 -9999 -9999 -9999 -9999 -9999 -9999 -9999 -9999 -9999 -9999 -9999 0.312235781348058 0.310930306917862 0.302503997272033 0.294884392762423 0.289365097305055 0.271090142259033 0.245037746984789 0.206872100459699 0.175180418062915 0.164439704515695 0.165845426620274 0.176217711996128 0.165184476724704 0.152600872257977 0.143769097280446 0.133589114296585 0.1222106089766 0.124080253734742 0.127135211026838 0.124136181990458 0.120969467905265 0.117623602064308 0.11479887840699 0.112146446190945 0.109812412945588 0.106995736911645 0.103558649675449 0.101467461819623 0.0998242875943598 0.0983400729361312 0.0975433890905837 0.0978147224661948 0.0997113622362988 0.102366691414985 0.108313778294132 0.114009629860874 0.119230004388584 0.117599104770647 0.112497287625232 0.111578279101472 0.113213756408842 0.120634066891181
-9999 -9999 -9999 -9999 -9999 -9999 -9999 -9999 -9999 -9999 -9999 -9999 -9999 -9999 -9999 0.317529232971162 0.315077963269603 0.306338005305248 0.297710451129125 0.289558783774334 0.268953105736869 0.240753910248354 0.20715325091089 0.177717114845387 0.16131179365584 0.159401818586467 0.168192384964109 0.168019955177918 0.163735067889748 0.148098785172258 0.136358761996199 0.128082413613505 0.12887101601156 0.13028038040997 0.126587502064906 0.123164725553994 0.120030521090301 0.117141863063491 0.114319993042664 0.111542135108749 0.108504110158004 0.105131654577578 0.102674987127958 0.100549272219521 0.0988603519793135 0.0980426668960464 0.098578367194392 0.0994904444234583 0.100655771874186 0.105307008348882 0.110180264036564 0.115473703642611 0.116752807244929 0.115998211873841 0.113339629555718 0.11329406605316 0.119434028108811
-9999 -9999 -9999 -9999 -9999 -9999 -9999 -9999 -9999 -9999 -9999 -9999 -9999 -9999 -9999 0.32274879293257 0.328121279290065 0.319365787775229 0.30878601266431 0.294502463319543 0.270473872836834 0.240503490442453 0.213753230422505 0.187367716011068 0.161433921852605 0.156344711867845 0.166643084562885 0.177984313424297 0.181318581964886 0.154312249075137 0.143066916248807 0.145832708209564 0.14192302803977 0.137069853074586 0.133520584165131 0.130158344753556 0.126995924366769 0.123113339899023 0.119128392108049 0.115703273484403 0.112400243423215 0.109254151606225 0.106367349189265 0.103592247802642 0.101167332667786 0.100106462873285 0.101164514714102 0.102238615025789 0.103344568358585 0.105338536060489 0.108289492845466 0.113051605599121 0.118615319860001 0.124585132703762 0.120503798149446 0.11863794965451 0.122382492493538
-9999 -9999 -9999 -9999 -9999 -9999 -9999 -9999 -9999 -9999 -9999 -9999 -9999 -9999 -9999 0.337762436641665 0.337787490174096 0.327912527705951 0.316963422354991 0.303888235853879 0.281545834539318 0.253552983807166 0.22316122971789 0.194393719315798 0.17076303892098 0.163236068824887 0.167596943149589 0.177456382938268 0.184022351026497 0.175849810603406 0.1665840815335 0.156346535796839 0.151302433484126 0.14729408920217 0.143793365512138 0.139617062732767 0.134718983141028 0.130323970483493 0.126093566067885 0.12215793928869 0.118438668560828 0.114997511835905 0.111538664581484 0.108079885591697 0.104693990814637 0.102844702607507 0.103382394370674 0.103176072083936 0.10270871097302 0.103763878084146 0.106025427132087 0.110570122230502 0.117763514831661 0.126298761574375 0.126226835508633 0.124866636870219 0.120870848438257
-9999 -9999 -9999 -9999 -9999 -9999 -9999 -9999 -9999 -9999 -9999 -9999 -9999 -9999 -9999 -9999 0.34526003634058 0.337159964869849 0.327857966175338 0.316073943705442 0.295433254559177 0.269392437319339 0.233362102945461 0.201195818754855 0.182049584318986 0.172274266998624 0.169416610433632 0.176647745063505 0.185736462379002 0.197261502022888 0.19018238255965 0.166564642846436 0.160531640089345 0.15757253673332 0.154147354633545 0.14922571141973 0.142705275481615 0.137880394745654 0.133473964130504 0.129056627651183 0.124917199315609 0.121135006868886 0.117096795401214 0.112965860972157 0.108710280785841 0.105962058547387 0.105555381178008 0.104000332311389 0.102042056429149 0.102422586596818 0.104210121360415 0.108660491904418 0.116647011011222 0.126424975003382 0.130683460126068 0.130210502802132 0.118926197489823
-9999 -9999 -9999 -9999 -9999 -9999 -9999 -9999 -9999 -9999 -9999 -9999 -9999 -9999 -9999 -9999 -9999 0.354162095951623 0.355331341492168 0.338421170298907 0.314800407437953 0.287088031342204 0.244995939904931 0.209300112583636 0.19475412621429 0.183006945739217 0.173325858631319 0.184182917251973 0.196261916231516 0.20375007032677 0.198531106942973 0.182015842057573 0.172416117442331 0.164927087082877 0.161803922374196 0.157302972672359 0.15133002172569 0.146048260181316 0.140965314763009 0.13608592327495 0.131647264515077 0.127775143841411 0.123252426561156 0.118540142805103 0.11409083273553 0.110387296778911 0.107842253766956 0.105933794061136 0.104316281268948 0.103770016414623 0.105034778670816 0.10972701216849 0.116707944522338 0.124848352443231 0.130014686002225 0.130210502802132 0.118926197489823
-9999 -9999 -9999 -9999 -9999 -9999 -9999 -9999 -9999 -9999 -9999 -9999 -9999 -9999 -9999 -9999 -9999 0.38689070574384 0.3783345212335 0.358979684241417 0.334027281540399 0.30566190498082 0.260880076180103 0.223067365117217 0.20843851461743 0.196149010207625 0.185586423498664 0.200956760465301 0.216858720268983 0.22319059013773 0.223458115570128 0.218334594348909 0.198460218698171 0.179080515326073 0.175594210632988 0.170892484634654 0.164892223898892 0.159088510041822 0.153357124542961 0.14779996053228 0.142593611485328 0.137838216101337 0.132736692504698 0.12746131297049 0.121407028350878 0.11609657664862 0.111941602418421 0.109578331757044 0.10796142081403 0.106812606700576 0.107834030150801 0.112962750942682 0.119000921163741 0.125499826701616 0.129093108345593 -9999 -9999
-9999 -9999 -9999 -9999 -9999 -9999 -9999 -9999 -9999 -9999 -9999 -9999 -9999 -9999 -9999 -9999 -9999 0.397469478204115 0.396528954655358 0.377614017187457 0.353103252838261 0.325180574836599 0.281336408648001 0.242926461143796 0.223176958309342 0.211882935491774 0.206830792904244 0.227668966449851 0.248289629283749 0.256563978899887 0.266218966586115 0.277101306103318 0.239736324500113 0.20054773521337 0.195982757394818 0.19041171820855 0.183765820758467 0.177370154887022 0.171020530272355 0.164553538835993 0.158075560780953 0.151583460021785 0.145801687746134 0.139982848417101 0.130805463813644 0.123187145188453 0.117990695202455 0.115063533920416 0.113081301437439 0.111678740615535 0.112757421902742 0.118531994224785 0.123694984962606 0.128548142931364 0.130349628667173 0.131571356677999 -9999
-9999 -9999 -9999 -9999 -9999 -9999 -9999 -9999 -9999 -9999 -9999 -9999 -9999 -9999 -9999 -9999 -9999 0.412419688532039 0.405850979950564 0.384636868967649 0.361905949662729 0.33825019491672 0.299059617192451 0.26490072904504 0.248168055099585 0.240685225838475 0.240030681021399 0.252962327756244 0.26678477944763 0.277878090731523 0.294230259456729 0.315257417557689 0.295049541428884 0.266218038123826 0.231338913914168 0.207213113420815 0.19457597478333 0.187520553289762 0.181669941111216 0.174511112566305 0.168376960881697 0.163559975884035 0.155863248042183 0.147377130930219 0.140680420073258 0.134542482938899 0.129272550477874 0.124717741561408 0.120536454722921 0.119197809919289 0.119738895626814 0.123837477647514 0.127956920231951 0.13208693096689 0.13181733376987 0.131571356677999 -9999
-9999 -9999 -9999 -9999 -9999 -9999 -9999 -9999 -9999 -9999 -9999 -9999 -9999 -9999 -9999 -9999 -9999 0.439332873597348 0.418026737016215 0.39507027216194 0.373138746632036 0.35183215188501 0.31726560603734 0.288085073882659 0.276928881976674 0.273871114314178 0.276791646414551 0.27996476557056 0.285140839894233 0.2976779110338 0.317614831575345 0.344130028429282 0.346622021029898 0.33420213242261 0.268380785092936 0.225040981039149 0.205720062262947 0.197551190130899 0.191861600798417 0.184089536689152 0.178399721579536 0.175386524945969 0.165991400293452 0.15510077897291 0.151371350280693 0.146966196872303 0.141511365950811 0.135364060345569 0.129074863812141 0.127751849369464 0.12747829897367 0.129190918646102 0.132037198462284 0.135457800773741 0.136006217274638 -9999 -9999
-9999 -9999 -9999 -9999 -9999 -9999 -9999 -9999 -9999 -9999 -9999 -9999 -9999 -9999 -9999 -9999 -9999 0.467379633151646 0.468203449859355 0.452808719106551 0.421826294296705 0.381339668000306 0.344210114564221 0.316365623021641 0.314698757693535 0.315384562850878 0.317807121848522 0.322424698509387 0.326704199161336 0.328744322689016 0.33400280220913 0.342122317655759 0.343869999066872 0.336650989725624 0.289987867377549 0.255649952619915 0.234480072792285 0.221927523858873 0.21177369487363 0.203568338557571 0.196047230006778 0.189405684952482 0.182248312693803 0.174902088691635 0.167279135120675 0.159395497911133 0.151106912137622 0.14562439819676 0.141347232361113 0.139082801955079 0.13703518640664 0.135397905239623 0.13556725459039 0.136651859322353 0.136485573738002 -9999 -9999
-9999 -9999 -9999 -9999 -9999 -9999 -9999 -9999 -9999 -9999 -9999 -9999 -9999 -9999 -9999 -9999 -9999 0.53176297826644 0.511160666903525 0.501368737965605 0.47164011528203 0.429755598747766 0.38040279719052 0.34239250396752 0.338520583426475 0.343879589881646 0.35605291564306 0.361313182887828 0.362907877503174 0.353905322733474 0.349132282412023 0.348119171948116 0.348837120559591 0.346204224087425 0.325096011452053 0.296875959113074 0.261057742366195 0.243657606954695 0.231490574985029 0.224270741709554 0.216132749444571 0.206814513454807 0.19910129519844 0.191754746020656 0.182488392720045 0.173013065485217 0.163213116056877 0.157461559988017 0.153380020763656 0.149780261694753 0.146004988176511 0.141897543635497 0.139268800161209 0.137389180038475 0.137373180331908 -9999 -9999
-9999 -9999 -9999 -9999 -9999 -9999 -9999 -9999 -9999 -9999 -9999 -9999 -9999 -9999 -9999 -9999 0.556693868805293 0.550905672074994 0.544772779541784 0.538047959172018 0.52291181394527 0.502647076515142 0.428566558536112 0.365502177791563 0.344287688028172 0.35552323122556 0.390713560998932 0.39557869073072 0.392173844511193 0.371422203354761 0.362632739647385 0.36447734486264 0.363796103468509 0.36495355014344 0.377680283434987 0.351844933605695 0.284810532662432 0.261962313939738 0.250954765029957 0.24655700640319 0.239374094174152 0.228611017617155 0.216725846454263 0.20479059048548 0.196793458368114 0.188168756377493 0.178569181087007 0.171339803976698 0.165102690351218 0.159657711706524 0.154214850891129 0.148775998187471 0.143192326157154 0.137535287344464 0.137405336460978 -9999 -9999
-9999 -9999 -9999 -9999 -9999 -9999 -9999 -9999 -9999 -9999 -9999 -9999 -9999 -9999 -9999 0.673812933815463 0.666290456444322 0.661113129822945 0.654007950536797 0.642391075426257 0.599877087525587 0.538524367979587 0.48271973478228 0.432314619526895 0.396461116770426 0.406049046439052 0.449182082726391 0.463474134204026 0.466562583302429 0.440696886810482 0.436087546014421 0.450374560206961 0.449767520749085 0.444536955920353 0.429511608966852 0.401145377098544 0.358525978517525 0.307374148495843 0.260135174564309 0.257287139157969 0.251334701382291 0.241391722254326 0.230046113549872 0.218087923037324 0.20413051024009 0.191899085993643 0.182348829575261 0.176927880044724 0.173122502636922 0.166724453151999 0.160560934819559 0.154841279958681 0.146814460379033 0.137618810259121 -9999 -9999 -9999
