layers50/veg_krg/veg_5600.asc
NCOLS 255 
NROWS 330 
XLLCORNER -2985163.8955 
YLLCORNER -3022031.214 
CELLSIZE 25000 
NODATA_value -9999 
[rows 175 to 199 of 330, columns 114 to 170 of 255]
0.362895523855213 0.365344325127504 0.370699950819866 0.376293421538214 0.382000316232886 0.389891668747645 0.399418174985565 0.412624818413401 0.426946247770194 0.443779936794429 0.457606313153918 0.468722542222039 0.475212402475162 0.481582328095678 0.491753527527002 0.498994781844584 0.503062810284901 0.499691245739065 0.49406864274244 0.485637691905307 0.483782764353045 0.490498667608877 0.489288588574602 0.485875256350371 0.487867218317663 0.494173248652789 0.507277274146004 0.507638763685096 0.502698664856658 0.497684066118287 0.496031903032856 0.500839950225346 0.490055864997922 0.471251701509059 0.438652193033066 0.408785865539817 0.386131758646605 0.374180915920796 0.368946814555648 0.329077718625904 0.291362295842694 0.2675994171202 0.237046382738583 0.201339633722944 0.223559931569329 0.255816840581996 0.298271575225491 0.336396827677947 0.370566855519171 0.418008299035669 0.468591204759857 0.522489458057422 0.55729064515727 0.571125322334976 0.569734542073651 0.565010539760443 -9999
0.363597898540702 0.36290399044827 0.370220444672756 0.376676461588249 0.378990066531017 0.389540837848918 0.406257456427741 0.419031916298035 0.429993286806904 0.435906256769186 0.444875617067666 0.456599352755214 0.468564201731714 0.479870831362707 0.487543217157187 0.494663238697658 0.501185031781126 0.503484382465063 0.502416538885579 0.4838498971984 0.478033238069839 0.488834212210226 0.493464293394725 0.496471819403991 0.504917025716998 0.515733872169844 0.530287886607223 0.527972005670007 0.518993946037677 0.524243803341284 0.528160709993496 0.52951663336248 0.524076776421716 0.515141394400489 0.456760540376253 0.406213398321918 0.376857476619026 0.371267264655881 0.380591019411462 0.340088340994304 0.29982416880107 0.271074777070686 0.236115588330324 0.196443176015826 0.231476499732109 0.27826664761381 0.333593085170248 0.381539126194961 0.422742761381087 0.471250329134183 0.519864694448725 0.561700796234741 0.590239238855268 0.604178292232025 0.607040031523212 -9999 -9999
0.361280735820659 0.36528847721457 0.368907660839445 0.372786791863906 0.377508154830158 0.387956481278567 0.402691668097609 0.417026935872591 0.429325609123223 0.434056068250827 0.442065542876643 0.453030019513061 0.46156323874705 0.470474464934716 0.483664040973771 0.490582157612365 0.490708079692629 0.497511655826685 0.505488284025043 0.509535333727377 0.509862822409655 0.505342437718883 0.51426868250032 0.527428229815246 0.537978942069736 0.55104970210836 0.568091486983408 0.573071262686102 0.572890790000549 0.566943329543112 0.561998344545127 0.558979404514236 0.550331689406452 0.538788718190204 0.494169022720389 0.450215494505254 0.409579346511708 0.381174594865015 0.360445550783471 0.345421817153767 0.326148992553229 0.292924580772552 0.271270580464009 0.258398499439671 0.290417692284242 0.324215000269759 0.342584458363007 0.381487269684354 0.439148449894936 0.479367823622931 0.517325665632855 0.560828528533465 0.590239238855268 0.604178292232025 -9999 -9999 -9999
0.358656402192093 0.364977050445583 0.368689132729978 0.372502695499918 0.377139991496734 0.386570789218202 0.399589713988845 0.414332771215437 0.426924077987192 0.430508053610413 0.43882539140749 0.451408367701328 0.456576501625375 0.462321502552631 0.478136086539452 0.486251497205685 0.486028452690677 0.499173883882335 0.514991810721464 0.525409553411358 0.526390421318148 0.51507178029388 0.527768867954834 0.547855601434708 0.561017610968504 0.576804396811327 0.596727235938069 0.609641838392073 0.61911861688474 0.607583142731275 0.598906684123885 0.595723220333905 0.584769069342234 0.569817933344001 0.534995414814058 0.494845890827722 0.443093728963688 0.397233322380816 0.355070236144795 0.356027646947401 0.350997714192714 0.318704065586409 0.305188946773181 0.305926694706828 0.332020754682712 0.355316463832518 0.355110981991735 0.394001916794256 0.468609619213606 0.494610777448535 0.508733034097987 -9999 -9999 -9999 -9999 -9999 -9999
0.355564965393127 0.360566050036919 0.370134597868746 0.377701458029793 0.378465463136615 0.385487198756279 0.397193095018694 0.410590590191208 0.42188594155382 0.424378219069759 0.434931237705189 0.452748481297172 0.454652721510363 0.456059337625044 0.470100897445488 0.481541310974616 0.490164598447886 0.512446298464399 0.534275904109633 0.526364227114197 0.519648870349296 0.514492732255626 0.530161827470955 0.552271862416912 0.568814306967029 0.588019835167981 0.611421780351783 0.633243171345064 0.653684459863855 0.645090828324993 0.640484528573497 0.643539045103113 0.631649216963614 0.612072511199915 0.581019292853985 0.540431719382892 0.477813255258261 0.422646246874935 0.372155335445955 0.374650945289184 0.373601783238049 0.35045926768058 0.337226823012488 0.331516102430084 0.347258379017656 0.363840825288342 0.373013275039581 0.425625970163377 0.517923763881891 0.520689147501555 -9999 -9999 -9999 -9999 -9999 -9999 -9999
0.3544860834476 0.360645400563789 0.370329589888423 0.377455268437447 0.376351677815419 0.381589687115349 0.391574636652727 0.405144827839347 0.415990648400441 0.414771576369702 0.424727104557343 0.444753023120082 0.447760734010164 0.450091641569424 0.465187173409817 0.481416784375449 0.498874639928392 0.517857516932461 0.53369248112319 0.522630589136102 0.515772246461243 0.514392581155342 0.530286596111996 0.551727450017392 0.571256502619176 0.595026803612349 0.625480351965227 0.640950779489742 0.649883561038061 0.646521892749039 0.648610031490299 0.661168823955127 0.658389164618868 0.647719911958163 0.614209286022665 0.573499261147485 0.516897675322617 0.464075772405728 0.413625776985573 0.412824778055354 0.409861885656336 0.38966720334319 0.374957639493872 0.364411269644152 0.36944031241956 0.377039668856807 0.386882004621265 0.449698332528087 0.560909370987203 0.581382552825592 -9999 -9999 -9999 -9999 -9999 -9999 -9999
0.354191990036764 0.362345351431223 0.369901042526689 0.37502258931557 0.373110848668996 0.376854389334011 0.384831133408644 0.398855951682528 0.409413397817644 0.403916032363046 0.412366706100731 0.433387153869563 0.439338815764126 0.44475620527474 0.461812191228645 0.483137426631194 0.509086398076919 0.519701258167195 0.524728702027906 0.51675438228569 0.512853272145646 0.514260961691032 0.52926954555576 0.548966836320876 0.571413478198781 0.600036737350726 0.638392947105719 0.641813057555345 0.631038756291503 0.633755656539179 0.643439824782438 0.666510127649491 0.676640186084111 0.680114209906191 0.641323024959199 0.600294981872413 0.556175190594815 0.510548923317062 0.463977279983855 0.45829336030002 0.451293793490036 0.431493930713644 0.414654393418513 0.400061737273116 0.394703491701086 0.392852342744969 0.400042771979795 0.470985495972816 0.600169513987552 0.620759571271327 -9999 -9999 -9999 -9999 -9999 -9999 -9999
0.353354627115417 0.358985137653973 0.365798935027436 0.372193186777768 0.37711606724242 0.380536411785659 0.382832048319667 0.387750228310148 0.392806390485546 0.397152725896452 0.41068930952957 0.432508013814263 0.444280679996089 0.454610940837295 0.467083317840338 0.485302526474466 0.509745740725118 0.508851870842205 0.502445222244741 0.502866292451375 0.504453480745697 0.507560523882201 0.521270370608455 0.539229135000705 0.567194860478225 0.595678262835323 0.624977406766443 0.627853875501504 0.620103296126599 0.626910723785218 0.639889999688637 0.664727179082333 0.68157906800646 0.694323587086521 0.640274023199214 0.589439768215879 0.549743813723419 0.51722728857767 0.489216152562263 0.488778156525965 0.484514975302628 0.462828306562204 0.44531862209033 0.430979260366799 0.429109472937565 0.430746904203776 0.439816266329785 0.499019726495622 0.60402349479979 -9999 -9999 -9999 -9999 -9999 -9999 -9999 -9999
0.351148415235512 0.355432653808591 0.361556069023644 0.368532227243333 0.377644004850196 0.380733263727033 0.37931442735312 0.376569678176149 0.377258433728188 0.391648642394687 0.408311614106624 0.427022767467155 0.444109563176883 0.459368912940545 0.466730526667866 0.48090932823001 0.502471365998927 0.49524186856792 0.483058667278007 0.488610352897056 0.49401560943509 0.49923001827925 0.514729479109241 0.534223463205034 0.561741745076806 0.586966042505262 0.608575539747734 0.612926487136758 0.610452291933521 0.622153022801773 0.638584629658082 0.664105616010736 0.684067698493809 0.701170464311195 0.634434499997352 0.57480855000775 0.536460952975842 0.513224187359578 0.499470094017489 0.502245974311221 0.500531263629483 0.481795802774975 0.468563936612581 0.459509287870287 0.465838558661442 0.476626796101929 0.497097423128898 0.522638994962975 0.552813159060575 -9999 -9999 -9999 -9999 -9999 -9999 -9999 -9999
0.346409006997525 0.351524354346508 0.357052714871151 0.363332385612197 0.371736874934164 0.374480447727521 0.372986598926772 0.365250653392457 0.363670359426956 0.388474881028597 0.404637943338975 0.413013445757019 0.434476346907776 0.454694797922417 0.455970094856925 0.46437932210241 0.480514827960837 0.476523063242791 0.469033170847896 0.473673669448233 0.47980606077843 0.487882903887086 0.510887291726841 0.537974900718514 0.55400406423106 0.570196765936266 0.586647166812436 0.596207333007554 0.603178306161363 0.621257959756933 0.64143285550569 0.665633316734314 0.682021885664585 0.694392275046644 0.619729622152808 0.553189445430999 0.510498713766456 0.489453929353537 0.481992872943746 0.484222116158066 0.484708119821179 0.477877111100924 0.478079784353915 0.483621008228774 0.50686678914496 0.537284366618734 0.586778317296694 0.594007151302116 0.562624432636002 -9999 -9999 -9999 -9999 -9999 -9999 -9999 -9999
0.345517645889255 0.347222000135738 0.352571528150209 0.358551522576958 0.365650073134927 0.367589674391146 0.365667596524619 0.358660210043304 0.357777214078616 0.3826150683 0.397607007264236 0.403725947794352 0.421425696003022 0.438386664229458 0.440459288612163 0.446600820166841 0.457149110561383 0.456558285811786 0.454000327351502 0.45791863321024 0.468668756184138 0.488323097721341 0.507597093491135 0.525254635329357 0.523163696387349 0.528811609699682 0.54665420229583 0.571921216101919 0.600147053397982 0.623188113015825 0.645711422923625 0.667239986063474 0.670078871648596 0.663304403996767 0.595842126033406 0.533998391099936 0.488677416927817 0.473439056201952 0.477078780778937 0.466056529491229 0.458268387058735 0.463336210338969 0.487478594407626 0.526098532159577 0.564352764719907 0.605955033245181 0.660758287449166 0.690299053957691 0.696761122214305 -9999 -9999 -9999 -9999 -9999 -9999 -9999 -9999
0.346531636862177 0.342724530581987 0.348101317584292 0.353978115872881 0.359474307197504 0.360383017881169 0.357857816506195 0.354411113401632 0.355694195893688 0.37542526314116 0.388913728649412 0.39677645048526 0.406682909847355 0.416317971752397 0.422596344904209 0.428204128275202 0.433085641097457 0.435976568030258 0.438468698168623 0.441758391386807 0.459052666486867 0.494599751324354 0.504580211468561 0.504378442440256 0.480884083838764 0.475237954732709 0.497716594949996 0.543888334203975 0.599216580561591 0.626517165919829 0.650698220827303 0.668885756524175 0.653235280211515 0.620179647425111 0.567407876651633 0.516009580513015 0.468906498605406 0.461264244820602 0.478385294289167 0.447820766262255 0.426571873602851 0.443535746086689 0.49681945350747 0.577669843375119 0.629987756615245 0.678593366803616 0.726963979574162 0.733817842869133 0.702743828866449 -9999 -9999 -9999 -9999 -9999 -9999 -9999 -9999
0.353983015286805 0.345127694228424 0.346477134527697 0.349142787611643 0.353620909023234 0.351336972783556 0.343991366941921 0.345921447578483 0.351113155621278 0.364357827326125 0.375944087020567 0.386035809458988 0.388736976982037 0.389570445544591 0.387808854171518 0.395172230700553 0.412418244327591 0.418062264652804 0.420546029513222 0.421315918795255 0.436372740898147 0.470050373583609 0.472090336112362 0.464533464713376 0.467927820358923 0.475800502176887 0.49073001226939 0.513572967564077 0.539762324249743 0.568166421398269 0.592258516568572 0.60806601022575 0.599207717262926 0.577662157815649 0.550521425234112 0.52316060950582 0.495571003273627 0.476914303374846 0.46386337200631 0.447949463780597 0.438482366273286 0.448927087081769 0.491921991719048 0.559622421113073 0.628913390061197 0.691613588344431 0.727893700036884 0.768658234585567 0.813519540726208 0.820669781734777 -9999 -9999 -9999 -9999 -9999 -9999 -9999
0.36110745685132 0.351216746461344 0.350153025693753 0.349768381117048 0.349601279902066 0.343058143811329 0.331742291548088 0.339686758452675 0.349195498489173 0.355589386559005 0.364078539962614 0.374455916608055 0.37143824121508 0.365540657138626 0.357552216714981 0.363549261234191 0.384693040932371 0.395254907212897 0.401971213029909 0.399793216014293 0.410918638221933 0.439383012922937 0.438754235984628 0.430648292998777 0.450463225359424 0.465341036369591 0.472439061763539 0.478030332554545 0.483517126172304 0.50998240215063 0.532307442907592 0.546677895713801 0.540838786316768 0.524604545186992 0.520200761716706 0.513859723379399 0.502299006183159 0.475966595640479 0.440364336001745 0.434808970582809 0.434625513372379 0.444003366127026 0.479525441222643 0.534890929052516 0.613731763605882 0.686962730363882 0.726695951520114 0.770748830884439 0.818747960101024 0.83143256074228 -9999 -9999 -9999 -9999 -9999 -9999 -9999
0.367291046774677 0.365499835601373 0.365826291619486 0.362852437219058 0.349752724576571 0.336584362107019 0.323364612506398 0.338722011255228 0.353426011538969 0.352180226461883 0.354860092964165 0.361077700692825 0.355712325872681 0.347849179850916 0.338139481428772 0.33558291702545 0.340773429475411 0.361210746575405 0.381982145662706 0.375937687712395 0.379536269402959 0.395703064078382 0.404383695608166 0.410927002578046 0.421829610080377 0.428108428033552 0.427101200359461 0.430639204000062 0.436365314282776 0.454051294582113 0.470836380830565 0.485890589344073 0.47370086853964 0.447497769744657 0.458900431447017 0.466286327561658 0.462163291874331 0.436332322160272 0.396878725175562 0.390858072517296 0.393496199764218 0.414797142592567 0.450463826076127 0.49703407813162 0.568412099764842 0.643833269699809 0.722629707384096 0.786638718918485 0.837138587958678 0.840831319446074 -9999 -9999 -9999 -9999 -9999 -9999 -9999
0.366873765831744 0.366296689357095 0.370169395779205 0.369607830484028 0.355118014624187 0.341516618773875 0.328580240701865 0.342407180805435 0.353602962517187 0.342170844633939 0.33917342925156 0.343777247490214 0.33225367313034 0.319583383155772 0.316396325233268 0.314635924938705 0.314420641268255 0.33509425051939 0.357494698646545 0.352816043488479 0.355341771281029 0.367257299667576 0.375717282645614 0.382580241632575 0.383370634726116 0.382152357562028 0.377768870781102 0.381921958440629 0.389585309820302 0.395634748799069 0.404125058615253 0.417304986463884 0.408569991564867 0.388562683758538 0.401710216457316 0.41058511709126 0.407577296044604 0.385755310673652 0.352126658317115 0.344810363371116 0.34460910427013 0.359994777143535 0.379915337449308 0.403277868292596 0.489046503299839 0.584251486309433 0.68509094621127 0.770218515213331 0.840992391363993 0.852272719894808 -9999 -9999 -9999 -9999 -9999 -9999 -9999
0.362460560213572 0.358929471759227 0.367653636329506 0.372532083812456 0.363639575079348 0.353353671958841 0.342024757616312 0.348907239094741 0.351326035964312 0.328165931093515 0.319571144813076 0.324102415955371 0.304113905303416 0.284916282041872 0.29324241784996 0.297938190702423 0.298702162368364 0.313776871301113 0.330284097882649 0.330138665719003 0.335498545962726 0.348033750736978 0.350503938822825 0.349011937772005 0.338963747412517 0.330915423654935 0.326018436945684 0.332401930374209 0.343030383912204 0.335713610047703 0.334241475464166 0.343998581422556 0.344654103343668 0.340628070855402 0.347008114233045 0.349963626284494 0.344243630753808 0.328553967685895 0.30660792551232 0.297493321843457 0.291025732679899 0.289697447902726 0.284252220041448 0.275682240571348 0.389070750232867 0.514710071276699 0.62728915316294 0.734238969194839 0.836046135397542 -9999 -9999 -9999 -9999 -9999 -9999 -9999 -9999
0.367619327422375 0.365219604560421 0.363875395298064 0.361726351561102 0.356999353960022 0.352022269425466 0.346857984855905 0.341437714699348 0.3338694901024 0.318241125064154 0.306229189512225 0.297476328645699 0.278831181771805 0.262889927547831 0.270385338078546 0.277999152187717 0.285741201224347 0.292219714561082 0.298491653990469 0.305624277582589 0.311308370617188 0.315104527768496 0.31292532217315 0.308429858585194 0.299331568795271 0.292608577331764 0.289628518326718 0.296974076951862 0.308162883671764 0.301222619902029 0.296412466516135 0.295694870554432 0.296702862750116 0.298598440536824 0.295609882440907 0.291593878765241 0.285395201463742 0.270567924054965 0.250325842870566 0.244945346370008 0.239272852021762 0.229504986526196 0.207868250087181 0.177223064219115 0.322219841555196 0.47446068636404 0.567454410475559 0.614032472780071 0.618207226830854 -9999 -9999 -9999 -9999 -9999 -9999 -9999 -9999
0.367419414807363 0.364915700116505 0.355300912819828 0.347411379964847 0.346024702319722 0.346321237005301 0.34787772319194 0.330603812082868 0.313136354253848 0.303801797286117 0.289580432763716 0.270955146955384 0.255928225075721 0.24513795311632 0.252817398150931 0.261189461216079 0.270311652141046 0.268791867840796 0.266197609444344 0.27591681546232 0.279893517369265 0.276385751989782 0.270944819872718 0.264757177693374 0.257115544657435 0.252179379105874 0.251506417864263 0.258755575971106 0.268962746865676 0.265636749035712 0.260261073782774 0.250947376060102 0.250703855351793 0.255125734316937 0.247297757994417 0.239799264074848 0.233725834275491 0.218949542077228 0.198711843441023 0.195864699698729 0.190433603765707 0.173500561544217 0.147156799898525 0.11367032093559 0.273600656433302 0.437446812682364 0.52025738377921 0.559792205793986 -9999 -9999 -9999 -9999 -9999 -9999 -9999 -9999 -9999
0.350166395032376 0.34328993238334 0.333228724293172 0.325520757821138 0.32537027841056 0.33048168695288 0.33953182830016 0.312651813667586 0.285753664220983 0.275711320206476 0.262344831705851 0.245982671594228 0.239321824004758 0.237346720721896 0.250331036284768 0.253916581036147 0.247322951231105 0.240054102023602 0.233291180092735 0.231679301060883 0.228585981932656 0.223561834419504 0.218589239879907 0.213500477363107 0.206648250057377 0.203354684249156 0.205668763375292 0.210020525055788 0.215265571578094 0.222350351525734 0.22315284727856 0.211885260176814 0.207423751402131 0.206463064668108 0.207223130246623 0.206414977301505 0.201793781896191 0.185693185773073 0.162388790473279 0.157645356712277 0.149602949011672 0.127665276362761 0.127829580255965 0.144769240365472 0.271202039501041 0.404430208981427 0.509588362922348 -9999 -9999 -9999 -9999 -9999 -9999 -9999 -9999 -9999 -9999
0.313169478311571 0.304594336917645 0.300356061296973 0.29731453338694 0.296916460585774 0.303472362330363 0.315233591119809 0.289438807032356 0.263016362936526 0.25189413880581 0.239642250968483 0.226372326306944 0.223813148898354 0.224962107119715 0.235050306904777 0.238711788309724 0.23541292463038 0.220925425625057 0.204630984315737 0.196127458016955 0.18802178544837 0.180434653776033 0.171436579013579 0.162203817991194 0.156019530343035 0.15453072602868 0.160440940516639 0.163490706826761 0.165778496078021 0.185248894774472 0.193642212263171 0.180753256645733 0.168997349624654 0.157824245402581 0.174890425351093 0.183577218830116 0.170890418818131 0.156525106529449 0.141106458299793 0.132984799046085 0.123487160641238 0.108290294252016 0.138939030831451 0.20438448883917 0.293617663803921 0.367019088209999 -9999 -9999 -9999 -9999 -9999 -9999 -9999 -9999 -9999 -9999 -9999
0.261697896061573 0.253384492226108 0.259565343626346 0.264478208267903 0.2627447432719 0.268274241373347 0.279240356762967 0.262368844774888 0.243684693709954 0.231209800218811 0.220262922634442 0.210693071196858 0.209109239751946 0.209209989280007 0.210389757982147 0.217691943902655 0.231624906849538 0.208841374497641 0.179083791555314 0.166943263069117 0.155333756390828 0.144416354632768 0.128098287435033 0.110877863806596 0.105272466487024 0.105707307851702 0.115660198034378 0.118577590996237 0.119377933156287 0.152681747994843 0.169701531139358 0.155434985035058 0.134129298851209 0.109202911353979 0.148233486701045 0.168471341764101 0.140741209472222 0.130354229064394 0.130850794438663 0.118264471671383 0.108159149870835 0.108313916064332 0.172362243600773 0.284905657059228 0.334225129526206 -9999 -9999 -9999 -9999 -9999 -9999 -9999 -9999 -9999 -9999 -9999 -9999
0.255079599788682 0.2478163197071 0.248906452647582 0.250297239611265 0.250888829546048 0.257196594633422 0.26778314459686 0.25229281378812 0.235656794372372 0.226940788816928 0.216386353113056 0.204175150374105 0.201644778783382 0.19995413733206 0.193353836435603 0.197232934427551 0.212461562338985 0.188248430498017 0.156430742802924 0.142678696123603 0.130026212161171 0.118806838393318 0.104985744113688 0.0916282678571876 0.0957634588953918 0.101719361874195 0.110544294710928 0.112421220008974 0.111852426999324 0.129121515642905 0.134180036387808 0.115778528635419 0.109975741088343 0.110653319364193 0.135017986188038 0.145294370160518 0.120883957936934 0.116785061789428 0.12543248283938 0.113419430955203 0.106127889512252 0.117443478663011 0.184640847525633 0.294252375994356 -9999 -9999 -9999 -9999 -9999 -9999 -9999 -9999 -9999 -9999 -9999 -9999 -9999
0.254898628444471 0.248506638076167 0.243410152332918 0.240099467901973 0.241776082755848 0.248424952307673 0.258795752632016 0.24473365241057 0.229647325556284 0.222169218245191 0.21162799385046 0.198326332017786 0.19365682056767 0.1891930225133 0.177543152488875 0.176994348246599 0.188468359394249 0.167347779969938 0.139605336450895 0.124223616170407 0.109825640629658 0.096709824436192 0.0859801379646391 0.0775183667838708 0.0886807411946645 0.0984392420559532 0.10598555600262 0.108411195577951 0.108756420409388 0.111082977052171 0.10597978105516 0.0866018838236348 0.0938118710825292 0.114697788527015 0.122877683140527 0.123499678358551 0.106847140995066 0.109651364454386 0.124665510804426 0.113307638979545 0.108497635808182 0.128998005691982 0.141698929148518 0.148480088286328 -9999 -9999 -9999 -9999 -9999 -9999 -9999 -9999 -9999 -9999 -9999 -9999 -9999
0.259062952774314 0.252540111179237 0.24392865146909 0.236532272149183 0.233127633062677 0.23772095382507 0.248301066231753 0.239108601891328 0.226196113257434 0.208429358209082 0.196895924737723 0.190979871788899 0.180598687615957 0.17005729895795 0.162954842158044 0.157326973336951 0.153296131269272 0.14899701479805 0.143052021632499 0.125096023633596 0.105291461291582 0.0830775808044936 0.07338180271811 0.0684962238613099 0.0726937715186807 0.0783486747186475 0.0863000403474552 0.0955379020696311 0.105179332252105 0.109538064003723 0.109839908088369 0.102347298952884 0.10251802379254 0.106630514682468 0.108885402860868 0.110307619376147 0.109850684225304 0.120829125879626 0.13898373988293 0.126400913755707 0.121362871135815 0.145564643535896 0.153723360872011 0.149705431337517 -9999 -9999 -9999 -9999 -9999 -9999 -9999 -9999 -9999 -9999 -9999 -9999 -9999
