layers/veg50/veg1400.asc
NCOLS 255 
NROWS 330 
XLLCORNER -2985163.8955 
YLLCORNER -3022031.214 
CELLSIZE 25000 
NODATA_value -9999 
[rows 225 to 249 of 330, columns 57 to 113 of 255]
-9999 -9999 -9999 -9999 -9999 -9999 -9999 -9999 -9999 -9999 -9999 -9999 -9999 -9999 -9999 -9999 -9999 -9999 0.28063323125294 0.287249032896417 0.283156294363293 0.257179529855075 0.216897749147166 0.168797031880866 0.0837395397381084 0.0206386395319067 0.0167063376684604 0.0299365066086206 0.054576569830998 0.0635727408726383 0.0681912152381606 0.0631585295211321 0.0599680884788099 0.0582562669794102 0.0762620255950747 0.0933934790201993 0.0946274026369061 0.095260504824334 0.0953136391475268 0.0947014560551564 0.0939969768956335 0.0935700119719036 0.0901767683309765 0.0833419377994654 0.0814710405478619 0.0809210675783635 0.0797200907431664 0.0774656681372535 0.073738405557748 0.0706263714469067 0.0676432420127467 0.0630019918102881 0.0602524998458767 0.060709288365144 0.0597652205391981 0.058217548904169 0.0606258257256744
-9999 -9999 -9999 -9999 -9999 -9999 -9999 -9999 -9999 -9999 -9999 -9999 -9999 -9999 -9999 -9999 -9999 -9999 0.394370774405888 0.354398206027604 0.314583066460108 0.275089649193476 0.221808404653016 0.160990912321767 0.0794755896056825 0.0205380305548215 0.0208317518909391 0.0346812062877707 0.0575427360967393 0.0657935008142305 0.0688294189322521 0.0592200742668592 0.0551928731572154 0.0556460033880574 0.0758506898507594 0.0947966222258954 0.0961935706313522 0.0968630426839014 0.0968302879414046 0.0961001268314288 0.0952257076779707 0.0943617794213559 0.0918912694461097 0.0875567436083493 0.0848711452048192 0.0827967598806682 0.0820759634619569 0.0797044355993922 0.0750249927745587 0.0729209995218199 0.0715430295049956 0.0665513765895398 0.0632272460358397 0.0627293457567409 0.0610157895815091 0.0587854581796727 0.0609668602686692
-9999 -9999 -9999 -9999 -9999 -9999 -9999 -9999 -9999 -9999 -9999 -9999 -9999 -9999 -9999 -9999 -9999 -9999 0.394554644337338 0.372042796763038 0.341044625319562 0.292703760201375 0.234305888118164 0.170410986298732 0.0828049558305861 0.0188632764425985 0.0171912918231857 0.0307946481969543 0.0545533037611164 0.0685634036938534 0.0749678231790455 0.0596305375359855 0.0595776363487212 0.0717922639366362 0.0856560659688642 0.0970905474249134 0.097202732064264 0.0974422139595564 0.0978045748236304 0.0968860893736404 0.0957201551076378 0.0946767348306387 0.0935768760055166 0.0924115350777796 0.0892341883725292 0.0856300761756541 0.0832789175217989 0.0798063158308059 0.0747658060622273 0.0729502074934398 0.0722696504061176 0.0710972131859238 0.0686848307599046 0.0641709048943954 0.0630272756053225 0.0633925788351263 0.0621402137393236
-9999 -9999 -9999 -9999 -9999 -9999 -9999 -9999 -9999 -9999 -9999 -9999 -9999 -9999 -9999 -9999 -9999 0.390414426901075 0.390714002215524 0.391390525552147 0.380751027310091 0.34698605107771 0.267431704455149 0.162849481098186 0.0880572469690097 0.0336964669766938 0.0284184626497151 0.0416240217637307 0.0671177593826784 0.0746949803575062 0.0767517304115192 0.0661211079213622 0.0702968552060877 0.0863564678695359 0.0940954864412878 0.0997417589590274 0.101656555384 0.103273647757387 0.1046033689177 0.103398711491236 0.101764380268528 0.100726273469216 0.0996856328583186 0.0986420524249829 0.0967664781432742 0.0942835719178932 0.0883960692464669 0.0832741073212026 0.0792224605879535 0.0765454744862803 0.0744441694268021 0.0737728654648562 0.0719406452752047 0.0681408253314106 0.0672462172774979 0.0676454380021637 0.0656924258056736
-9999 -9999 -9999 -9999 -9999 -9999 -9999 -9999 -9999 -9999 -9999 -9999 -9999 -9999 -9999 -9999 -9999 0.401712625273597 0.38795456323292 0.410849511796074 0.421945939424365 0.408930850977811 0.305295810422508 0.152129077866879 0.0934757321762451 0.0513042314991021 0.0421645916793053 0.0557812909286823 0.0845267805486742 0.0821953333290438 0.0777673276029191 0.0754474260517699 0.0837993961294042 0.100716807142508 0.102487056945905 0.102993273606213 0.107502839178338 0.110950248243451 0.113372366580179 0.111853503687336 0.109694136306861 0.1086250476714 0.107142351481652 0.105179772424378 0.104964702211232 0.104268467803117 0.0947286031990631 0.0879613088138686 0.0850703907561946 0.081244434839947 0.0772280905326294 0.0758303984712914 0.0743416497606571 0.0726985720497961 0.0719444367883102 0.0715817478125586 0.0698807784654607
-9999 -9999 -9999 -9999 -9999 -9999 -9999 -9999 -9999 -9999 -9999 -9999 -9999 -9999 -9999 -9999 -9999 0.414383879461179 0.418547408335802 0.424018718350736 0.422800953010675 0.407913359999994 0.31362158078821 0.175928501940672 0.0923509598410889 0.031280165160354 0.0222944030124011 0.0481465661197226 0.0971595578002198 0.0930889383299216 0.0882084207420659 0.0958645692660205 0.106503709035889 0.119537052579629 0.116492413763199 0.11286203962451 0.116687121584774 0.119892391594425 0.122499362349578 0.12072994797988 0.118078595942736 0.115630680715545 0.11283205096787 0.109626509189631 0.107771420045417 0.105843830876622 0.0998072896324907 0.0939676170702836 0.0884031898717641 0.0847516880498552 0.0817467036857286 0.0779723226910656 0.0750936506899965 0.0737330871910902 0.0730997200787603 0.0727902438997376 0.071896979426938
-9999 -9999 -9999 -9999 -9999 -9999 -9999 -9999 -9999 -9999 -9999 -9999 -9999 -9999 -9999 -9999 -9999 0.448387907372853 0.443827560595891 0.43856023547452 0.428914739306678 0.410321991008828 0.321945161929903 0.19542525822624 0.107643073172334 0.0399695438613683 0.0197263648026298 0.0513435002569887 0.117438230039585 0.110719175854262 0.103048775972561 0.113089217369655 0.123534942483 0.134305955779564 0.129574269226016 0.12421138941432 0.125755533197857 0.127711557203884 0.130065165718912 0.127989400991562 0.124894126045484 0.121255816960378 0.117365348790638 0.113182316272513 0.110864012999513 0.108944869924193 0.105897568549926 0.100636029003979 0.0922787264097938 0.0888211055127404 0.0869100148584672 0.0810748110874394 0.0770198552833086 0.0759821847736576 0.0752928199055305 0.0747617940616263 0.074397415353941
-9999 -9999 -9999 -9999 -9999 -9999 -9999 -9999 -9999 -9999 -9999 -9999 -9999 -9999 -9999 -9999 -9999 0.455314339945256 0.460649679951666 0.455286529375737 0.443400715362384 0.418185153900981 0.330265257733885 0.20807198444118 0.149071566539392 0.0943719479769746 0.044704085817456 0.0717848960046719 0.149889492207171 0.139074418801232 0.124892943511498 0.125231277510561 0.131534392208365 0.142624949872623 0.141185871264726 0.137917891523605 0.134639473581034 0.133742894499225 0.135145484404592 0.132674535128766 0.129211853619758 0.124683143601233 0.120057605994362 0.115319725418246 0.114411731300073 0.114474849995052 0.113598345715364 0.108358538144913 0.0970183240018702 0.0937855123698947 0.0930997126913819 0.0857065584966709 0.0808154420374433 0.0801649492474378 0.0791381677866456 0.0779481587559265 0.0776687739359952
-9999 -9999 -9999 -9999 -9999 -9999 -9999 -9999 -9999 -9999 -9999 -9999 -9999 -9999 -9999 -9999 -9999 0.474563584068753 0.473580099042572 0.466868355684141 0.45074946200846 0.415406069148089 0.325023001120302 0.204555959588327 0.174965604283915 0.144687227055296 0.10420091127412 0.120350411510587 0.174152338413534 0.169193960620321 0.159289617836021 0.150205619854297 0.150071274037249 0.157120084059779 0.158613583885212 0.15714378624201 0.14654097437442 0.141521179077376 0.14189062264336 0.138859034338279 0.134979766837041 0.130300716898228 0.125479747828579 0.120494118905025 0.118455713357598 0.117321866467201 0.116896667675962 0.112299365417381 0.101868976224964 0.0977138838379991 0.0955940422602376 0.0894216410591478 0.0845164130731436 0.0817588764079733 0.079881710249226 0.0784132884877195 0.0785538390731728
-9999 -9999 -9999 -9999 -9999 -9999 -9999 -9999 -9999 -9999 -9999 -9999 -9999 -9999 -9999 -9999 -9999 0.493039674032501 0.484752442559915 0.476317446933922 0.455275973814438 0.408471840577671 0.314473416182576 0.194679203559488 0.194590836435156 0.193174672217525 0.177242438389223 0.179992515094333 0.195162900656659 0.199952703718066 0.198474396548264 0.179747571473488 0.172392846104404 0.174165577636006 0.178419863266412 0.178560681148663 0.159722140098235 0.150100354012611 0.149375423850604 0.145716915143778 0.141407826908461 0.136884531303789 0.132083719273823 0.126960922365743 0.122750994350383 0.119116606058153 0.1183908202441 0.114686530562536 0.106817945309698 0.101245951667233 0.096551271095386 0.0927380623475567 0.0881799105302142 0.0823591785495108 0.079394681229039 0.0777357981561361 0.0784427120468243
-9999 -9999 -9999 -9999 -9999 -9999 -9999 -9999 -9999 -9999 -9999 -9999 -9999 -9999 -9999 -9999 0.498777519564797 0.495398265362505 0.49053481092567 0.487204095776356 0.467913471445486 0.416007097317786 0.321823566091528 0.204531888421513 0.226224942592622 0.236830746799873 0.206355162203313 0.205686936890646 0.224835136739198 0.226090109746489 0.215539432030985 0.172028948012537 0.165635984321499 0.189034226811953 0.195141089897049 0.194085547942232 0.17334390479413 0.161623100810247 0.158610036878114 0.154474288571247 0.150069350470713 0.14546314216785 0.140167818428137 0.134072957328766 0.128947261560077 0.124346788880962 0.122053041378323 0.118761838394198 0.114076076386865 0.106553918203342 0.0983120679355464 0.0954761770814996 0.0919482370236271 0.0872473649222485 0.0822517129115963 0.0771704638738147 0.0786890919549966
-9999 -9999 -9999 -9999 -9999 -9999 -9999 -9999 -9999 -9999 -9999 -9999 -9999 -9999 -9999 0.504598070664246 0.502220684473573 0.497566720086065 0.492007034348827 0.496328679720364 0.482225181749277 0.430467969186365 0.336307054329891 0.218968825065242 0.256102603552813 0.275170337336246 0.23400192692121 0.231984908215265 0.255996381881672 0.256472080166406 0.242141706143279 0.186787209078508 0.178285470353901 0.207388619336536 0.213188878981968 0.210645924090111 0.187125421715658 0.173042502442569 0.168069602633017 0.163307964402861 0.158568062256116 0.153695354450469 0.147827762280677 0.140805868269513 0.134842447384856 0.12948954194035 0.126991817947554 0.124244956551003 0.121149772025378 0.112224416895003 0.101618467938171 0.0985314478226033 0.0953356089550072 0.0919553366678172 0.0854227061029822 0.077537076149089 0.0792908835360773
-9999 -9999 -9999 -9999 -9999 -9999 -9999 -9999 -9999 -9999 -9999 -9999 -9999 -9999 -9999 0.506374680095865 0.50874154875304 0.499365885236924 0.485107952456837 0.502030923245135 0.499788602989167 0.458379998616393 0.364645146964861 0.242309446345388 0.282568838862232 0.303184077641438 0.258801457651116 0.259455113291081 0.290049629410084 0.295097983197454 0.287267518905624 0.245200814782309 0.228626603599429 0.232513137276919 0.233813161310685 0.229217500575117 0.201217214665799 0.184261183694667 0.17796607897621 0.172289837274222 0.166750555651872 0.161254780011388 0.154663897751022 0.146802432060675 0.140152863038006 0.134462486036704 0.134409962482472 0.132462370239522 0.127865251086846 0.118599037466812 0.107926789254661 0.102202709395531 0.0979830784022605 0.0963132896352754 0.0892034856664298 0.0797137456904028 0.0805829673616431
-9999 -9999 -9999 -9999 -9999 -9999 -9999 -9999 -9999 -9999 -9999 -9999 -9999 -9999 -9999 0.537896614912162 0.534401168868347 0.521151908737817 0.503836828589042 0.511443411368523 0.50430875193235 0.467048816573188 0.38789754743384 0.285849017878895 0.311177386166358 0.321585076350538 0.282262673306388 0.283846689070526 0.312625968232786 0.319568948587406 0.316473594490239 0.287242133286883 0.266487572911863 0.252536729437363 0.247842093191044 0.240012574470926 0.213165726676654 0.197375827927459 0.192259108945382 0.185046651768091 0.17764366975702 0.17170627267868 0.164696800390767 0.156443466571705 0.148878532392461 0.142079069322821 0.140490688214939 0.137733434776786 0.133341961581048 0.126339288602682 0.118346662770994 0.109486453783823 0.10335905724049 0.101863417032618 0.0964543744529786 0.0893173834871648 0.0874203017965062
-9999 -9999 -9999 -9999 -9999 -9999 -9999 -9999 -9999 -9999 -9999 -9999 -9999 -9999 -9999 0.545046232788233 0.560643114334904 0.553330616321983 0.535891624522164 0.522785137159471 0.502046713999647 0.465711628879345 0.408505510688112 0.339891556167884 0.340899884016331 0.334987681373511 0.305027997414775 0.306637451899463 0.32923459145246 0.336679687945529 0.337401790866457 0.320770257491369 0.297859158110366 0.269907963271414 0.258441601976096 0.246764054657966 0.22399978431386 0.211476327162915 0.208838240716536 0.199766344820885 0.18994624122705 0.183661570459201 0.176391944824471 0.167979537920393 0.159380051265649 0.151070281199796 0.14587598844043 0.141472468847244 0.138174542310262 0.13478963468085 0.130904444224458 0.118648602071258 0.110153795126393 0.108033446367772 0.105509636305997 0.102782865572989 0.0971410327480066
-9999 -9999 -9999 -9999 -9999 -9999 -9999 -9999 -9999 -9999 -9999 -9999 -9999 -9999 -9999 0.569924241579421 0.570266178636805 0.575119785953149 0.581670423376811 0.559438836980965 0.53125311266774 0.490899482487387 0.431160353247486 0.360825361326727 0.325743567714753 0.303784617698919 0.311849948911777 0.324598151803114 0.340459605193174 0.349208730192617 0.352134378546045 0.338312537367251 0.319522018610007 0.296743547616642 0.286673838881036 0.274718771658156 0.24691121059178 0.22952073298349 0.222185778281562 0.213243908292406 0.204211051724698 0.196627134472618 0.188246754295792 0.178942288211341 0.169974658941267 0.161282937545848 0.154242957876276 0.148053663388682 0.143053725938527 0.13882341734803 0.134550059874227 0.124555482645532 0.117574776803855 0.115702185103914 0.110215006824047 0.103143975336246 0.102605196509612
-9999 -9999 -9999 -9999 -9999 -9999 -9999 -9999 -9999 -9999 -9999 -9999 -9999 -9999 -9999 -9999 0.573380407582424 0.593559008525916 0.622072202223325 0.591817174455397 0.558439659644553 0.518681014779832 0.453834960923699 0.375276454276181 0.32393849372112 0.295696229640985 0.323538034821146 0.341112456558087 0.351860952064319 0.361426598050391 0.366534651215989 0.357607286799977 0.342946596322644 0.323684232638374 0.311535748195445 0.296848020526063 0.266993480653571 0.246660273755956 0.235517929369251 0.22654658773059 0.218001389532201 0.209288217429804 0.199868777729221 0.189629900093469 0.180246992500002 0.171159132090386 0.162571466296228 0.154946823020074 0.148668597470786 0.143597708830287 0.138798529954389 0.131080025154406 0.125376782353355 0.123089142607029 0.124891349695201 0.128428153395873 0.116565935491805
-9999 -9999 -9999 -9999 -9999 -9999 -9999 -9999 -9999 -9999 -9999 -9999 -9999 -9999 -9999 -9999 -9999 0.604567628040463 0.648746414450581 0.612427561348051 0.578910944502222 0.551120991610457 0.476435800904648 0.376118280655123 0.356859039060754 0.345767358237367 0.347858085590377 0.354438863324438 0.364004700771396 0.373168460487632 0.380503737037553 0.382058032938938 0.371177577719919 0.350316761981775 0.327258298272706 0.303729600505349 0.279565244640876 0.261392881187386 0.249004537530398 0.239502799415219 0.230535899398843 0.221158149855466 0.21092223218147 0.199690635925036 0.189739765629186 0.180154855450986 0.1706309887635 0.162420922861533 0.156047703589966 0.150412174695596 0.145022834467562 0.139280899625697 0.134056847799056 0.12971053931781 0.12842215263824 0.128428153395873 0.116565935491805
-9999 -9999 -9999 -9999 -9999 -9999 -9999 -9999 -9999 -9999 -9999 -9999 -9999 -9999 -9999 -9999 -9999 0.64647420857407 0.6485260966488 0.62015189131 0.589854244974508 0.55562584504992 0.489389609621187 0.405658305911179 0.396191056266722 0.390130392501232 0.385801045203252 0.396447888492126 0.417051150836373 0.411844887450282 0.407077189047643 0.411088665423443 0.398076024859011 0.371399514150491 0.340954723314953 0.312262087186939 0.293329935284227 0.277436155804771 0.264475291629586 0.25246058680145 0.240995985988626 0.231608782799224 0.221498288635407 0.210548605382177 0.200060911701461 0.189776910983684 0.180167553540539 0.171614735653616 0.164539083213028 0.158621204235077 0.153184252090898 0.148881598985027 0.143559018800495 0.136507796857565 0.131938165743329 0.128512733506014 -9999
-9999 -9999 -9999 -9999 -9999 -9999 -9999 -9999 -9999 -9999 -9999 -9999 -9999 -9999 -9999 -9999 -9999 0.639289999404947 0.631254062053105 0.619706181002221 0.594756596183842 0.542419222878736 0.496226990765087 0.453393613227178 0.439588086037655 0.430874370849788 0.432381225219694 0.456642317359355 0.496030802891044 0.467598413947996 0.441642083272245 0.443023045429403 0.424129616305731 0.388963586924183 0.353366541031888 0.321841284612702 0.307850967364773 0.29431042191529 0.281204037393873 0.265419373216756 0.250140843117642 0.241159549012274 0.231771664378566 0.22191203829182 0.210907264230591 0.199796074731547 0.190640595256626 0.18189888384733 0.173735668421206 0.167714417465345 0.162573841543846 0.159369817759128 0.153582422598938 0.143416553986549 0.135444801769588 -9999 -9999
-9999 -9999 -9999 -9999 -9999 -9999 -9999 -9999 -9999 -9999 -9999 -9999 -9999 -9999 -9999 -9999 -9999 0.688913173183425 0.69196214537233 0.6485212695245 0.609652682503497 0.580128047674089 0.520757097679285 0.445072538421666 0.46600747866002 0.480289817098445 0.468690939442525 0.492385077038501 0.539542594559947 0.484207905542854 0.434113252997677 0.430161905435627 0.415176332923852 0.391334488020209 0.371577544226505 0.351424111238889 0.327063840496699 0.307904467674201 0.293765477800108 0.279973664610062 0.266530785386629 0.254718258902201 0.243625227330391 0.233366980515911 0.223204202101959 0.213193228163777 0.204320531031531 0.195433739442949 0.186527242161606 0.179162781436751 0.172498210726348 0.168403749368194 0.163470194779271 0.157114487932362 0.15457113923249 -9999 -9999
-9999 -9999 -9999 -9999 -9999 -9999 -9999 -9999 -9999 -9999 -9999 -9999 -9999 -9999 -9999 -9999 -9999 0.785019947171228 0.747765840233693 0.680755123145831 0.629584404871628 0.610784386969921 0.538149109063274 0.436088175379166 0.492133598996743 0.530339129994967 0.508544107231827 0.529189587003677 0.578050214393238 0.49928743716037 0.429056939457398 0.422756685383454 0.412337066449444 0.398611169326577 0.392172651943618 0.381351418162776 0.347437933063605 0.323372796275449 0.30881418714733 0.296957037216078 0.285250268858946 0.271092393861544 0.258623887711178 0.248115450128748 0.23842029265796 0.228957495985812 0.219533195705624 0.209932624426332 0.200085605744731 0.191631778563893 0.183812473369484 0.178354270178005 0.173712734076477 0.170455340884708 0.166977643201222 -9999 -9999
-9999 -9999 -9999 -9999 -9999 -9999 -9999 -9999 -9999 -9999 -9999 -9999 -9999 -9999 -9999 -9999 0.81059923008212 0.794494127731904 0.770911564174446 0.716677869953051 0.66250217004576 0.608444987607268 0.529865076007044 0.437881358295903 0.521243814029184 0.580331807119424 0.561482592402852 0.57479113596127 0.609478688781784 0.518658847442699 0.441099272007449 0.442110919144744 0.43601920827213 0.424226211290222 0.418672381488256 0.407759540468524 0.370261991693334 0.345271499644297 0.332353964090904 0.320940384182717 0.30937910219196 0.295087377940216 0.282796680070403 0.272827647431791 0.262155111356583 0.251127235409029 0.238660855206633 0.226612448739454 0.215148418271733 0.206657620896336 0.199218313049163 0.191415280070542 0.185061721762069 0.18116483167526 0.173182101533776 0.163426057917134 -9999
-9999 -9999 -9999 -9999 -9999 -9999 -9999 -9999 -9999 -9999 -9999 -9999 -9999 -9999 -9999 0.820283205809882 0.81825334575172 0.811901752265994 0.802987911563891 0.733633780278968 0.665930928796593 0.601602640933086 0.530138442032799 0.454773846593002 0.528735860852813 0.588092372528391 0.596474954244005 0.619916595904025 0.653369749538134 0.576400973436146 0.50499966511644 0.483060270938006 0.464682257810296 0.449162674778053 0.450419740153333 0.446329560285452 0.409190200399138 0.377729495296394 0.351750347818033 0.338596310503605 0.32777635574985 0.314882009148251 0.302604803849099 0.291043628841985 0.28031549458712 0.269520747612674 0.255992052232721 0.243167278410335 0.231326668972181 0.22290145383268 0.215672308971651 0.20781488110077 0.201247014948555 0.196864785675253 0.182360725549037 0.163426057917134 -9999
-9999 -9999 -9999 -9999 -9999 -9999 -9999 -9999 -9999 -9999 -9999 -9999 -9999 -9999 -9999 0.823048156951584 0.828401817786997 0.835390916167065 0.841910206092677 0.736050284627516 0.646754302791766 0.591308470380865 0.536971652631789 0.48324100793153 0.519656070597298 0.563479072210288 0.617710358087965 0.664677100337465 0.706814253901598 0.663556935201103 0.608652886611366 0.540563790238618 0.497163521286382 0.473578960430372 0.486189773357517 0.494222524682227 0.460463365846004 0.418281926596268 0.367970531014454 0.351401826601953 0.341779952762836 0.331456776269062 0.319067104062988 0.304279806673662 0.294202683368755 0.28501951768775 0.271946135195968 0.259626290950598 0.24835998100362 0.240078961706551 0.232929789922175 0.226773745611291 0.221139674367537 0.216390278567232 0.193819255459383 -9999 -9999
