layers/veg50/veg1100.asc
NCOLS 255 
NROWS 330 
XLLCORNER -2985163.8955 
YLLCORNER -3022031.214 
CELLSIZE 25000 
NODATA_value -9999 
[rows 175 to 199 of 330, columns 57 to 113 of 255]
-9999 -9999 -9999 -9999 -9999 -9999 -9999 -9999 -9999 -9999 -9999 -9999 -9999 -9999 -9999 -9999 -9999 -9999 -9999 -9999 -9999 0.713361920513051 0.537104958921712 0.264508225223909 0.313740895816116 0.333960540090067 0.250576834670335 0.165139129688944 0.0783358918467871 0.0353657932201572 0.00475052390355556 0.00146353604540812 0.00362460267387843 0.0101583782836375 0.00528711103562652 0 0 0 0 0.034618166968908 0.0809572581221315 0.153689921721197 0.195723060370427 0.202137468385217 0.214481643966536 0.228797277444372 0.245918018180363 0.260786423479344 0.272505801312666 0.284421509185097 0.295949602924688 0.299295077196966 0.300636647228176 0.298581864104912 0.299649277301728 0.302118365407165 0.30362088133565
-9999 -9999 -9999 -9999 -9999 -9999 -9999 -9999 -9999 -9999 -9999 -9999 -9999 -9999 -9999 -9999 -9999 -9999 -9999 -9999 -9999 -9999 0.538703147143776 0.268578150648494 0.274756847268922 0.267493771443393 0.200387342661202 0.123237222348125 0.0394098898852369 0.0147912506501619 0 0 0.00182299752803268 0.0051091664841919 0.00265915776585467 0 0 0.00493164785097534 0.0146237738272452 0.0363532210777066 0.068155156819472 0.144528627582765 0.189538824491264 0.198160184599406 0.215938766177602 0.23556025938605 0.248574020453997 0.258139511727863 0.262883919910754 0.274719879003668 0.288360463359786 0.288578847869961 0.290236173600958 0.294332314747525 0.29656820504936 0.297967432287517 0.299730290560219
-9999 -9999 -9999 -9999 -9999 -9999 -9999 -9999 -9999 -9999 -9999 -9999 -9999 -9999 -9999 -9999 -9999 -9999 -9999 -9999 -9999 -9999 0.312563205208615 0.290811326366071 0.252083586930094 0.208176607544652 0.152704978055278 0.0839300614692755 0.00631089972093751 0 0 0 0 0 0 0 0 0.0112484733025084 0.033355003124393 0.0410248861194034 0.056618553192141 0.136820525102769 0.185883543975543 0.198817991402793 0.218279360678549 0.238558323649671 0.249612081536168 0.25563647373914 0.254629226510424 0.265591377632119 0.279991135569593 0.278728306135934 0.281056005100494 0.289469175716648 0.29168383911936 0.291109113764027 0.291528901557814
-9999 -9999 -9999 -9999 -9999 -9999 -9999 -9999 -9999 -9999 -9999 -9999 -9999 -9999 -9999 -9999 -9999 -9999 -9999 -9999 -9999 -9999 0.334814861710251 0.347477106582011 0.266034989682107 0.186281343442262 0.119575384706783 0.0597476093437587 0.0044925639816461 0 0 0 0 0 0 0 0 0.0205233534460144 0.0608577270803655 0.066217219600956 0.0747685271625934 0.145382579287482 0.192437726218362 0.212158955131978 0.224522531391114 0.234802231523282 0.244899956631567 0.251396167443555 0.252857041488807 0.261557867094962 0.272390129955128 0.274679017708492 0.276572423660314 0.277795540165827 0.27547923381189 0.271548939409237 0.265232620500867
-9999 -9999 -9999 -9999 -9999 -9999 -9999 -9999 -9999 -9999 -9999 -9999 -9999 -9999 -9999 -9999 -9999 -9999 -9999 -9999 -9999 -9999 0.397498339395062 0.391745909848623 0.286347378824647 0.188222410949519 0.117836518163076 0.0576850031860986 0.00433747174893582 0 0 0 0 0 0 0 0 0.0227786794824798 0.0675454263769492 0.082184364817885 0.0971792417951576 0.151509057990975 0.190575736609399 0.211933555338495 0.223011154860492 0.231314926841511 0.240618978529849 0.248636061474612 0.254853812111067 0.260809155121898 0.266526130609606 0.269676742248514 0.26944053056862 0.263464100455765 0.256240775720246 0.248495590168605 0.246416505879637
-9999 -9999 -9999 -9999 -9999 -9999 -9999 -9999 -9999 -9999 -9999 -9999 -9999 -9999 -9999 -9999 -9999 -9999 -9999 -9999 -9999 -9999 0.409342341687453 0.421907692668179 0.312370085061412 0.211561576722938 0.144277401247589 0.0754795900480633 0.00567548879903034 0 0 0 0 0 0 0 0 0.0187324860138925 0.0555472829705431 0.0898699720765838 0.123414863249273 0.155449097760185 0.181158470657644 0.199529503874675 0.214538448598573 0.228068915167691 0.236725044953536 0.247204745210469 0.260234009535287 0.263009237603034 0.262221458069922 0.263818961398593 0.259931223288933 0.246746725044563 0.23427879955275 0.222306385096955 0.234315406767503
-9999 -9999 -9999 -9999 -9999 -9999 -9999 -9999 -9999 -9999 -9999 -9999 -9999 -9999 -9999 -9999 -9999 -9999 -9999 -9999 -9999 -9999 0.275812605837373 0.275386348174268 0.211976066482024 0.152116180166476 0.107132017907171 0.0581566822203526 0.00652794846567775 0.00105745544724451 0 0 0 0 0 0 0 0.00900964849156141 0.026716234772829 0.069024080492546 0.116029793441205 0.160358409092749 0.185332440498958 0.187850563421153 0.206479242723346 0.228391408753224 0.239053514167642 0.246279052790372 0.248699870483537 0.248857597202389 0.248022886356826 0.244036065450061 0.237024317513693 0.224885717580857 0.215747045170292 0.208118029471829 0.222240085067699
-9999 -9999 -9999 -9999 -9999 -9999 -9999 -9999 -9999 -9999 -9999 -9999 -9999 -9999 -9999 -9999 -9999 -9999 -9999 -9999 -9999 -9999 0.126471637671688 0.125482756252982 0.108211871236474 0.088933561369949 0.0660763014209713 0.0386590389799283 0.00821021150629243 0.0026023327083697 0.000152741246367367 0.000797977818586511 0.00161055239145738 0.00255743552900177 0.0013685491570895 0.000326033210117996 0.00122462817473145 0.00284650228285832 0.00516655165516114 0.0471246030949982 0.0991250316143345 0.161408309693206 0.189643027488479 0.178373339296568 0.199193912420204 0.227216479232626 0.238854589597526 0.242260725056181 0.234157600104312 0.230820410998746 0.228855245778873 0.220711597201522 0.212420385843016 0.20387907505012 0.199469667829777 0.197035046236131 0.210005165098308
-9999 -9999 -9999 -9999 -9999 -9999 -9999 -9999 -9999 -9999 -9999 -9999 -9999 -9999 -9999 -9999 -9999 -9999 -9999 -9999 -9999 -9999 0.127414726219839 0.127884413333646 0.106231558092321 0.0845471285661567 0.0648424296711003 0.0410765485712008 0.0146107264110464 0.00565384373186444 0.00108977192284622 0.00569337911292209 0.011490902544174 0.0182466851638245 0.00976426788376419 0.00232616825351456 0.00873742641551388 0.0203091066751922 0.0368620989132651 0.0466928752832649 0.0650108028530195 0.141727980475575 0.181851696508742 0.179518317408873 0.195492714713583 0.214990988183894 0.219816389454988 0.221886146367263 0.220103191277179 0.208235773354534 0.193493031168813 0.1923199499849 0.191723636859886 0.192104869455915 0.191536584894062 0.190592185499003 0.196926463326084
-9999 -9999 -9999 -9999 -9999 -9999 -9999 -9999 -9999 -9999 -9999 -9999 -9999 -9999 -9999 -9999 -9999 -9999 -9999 -9999 -9999 -9999 0.123569955081424 0.125276936053607 0.0988926654190478 0.0735418016618271 0.0534294280941108 0.0345293083729431 0.0164351150472582 0.00679063547030109 0.0011253175093283 0.00587908264903912 0.0127173080453199 0.0212285596764579 0.0131931254994069 0.00654743742911448 0.0160249895806374 0.0316387827858019 0.0531758377870448 0.0505103480257844 0.0545419580230158 0.128011363292862 0.169329700017171 0.173345171240984 0.183194408697289 0.193613374536393 0.194320696918351 0.196222793200813 0.199795322655051 0.187081349476894 0.169452127401359 0.168890266525203 0.170975161045969 0.17754595656801 0.17970833242476 0.179915680725059 0.184841287743137
-9999 -9999 -9999 -9999 -9999 -9999 -9999 -9999 -9999 -9999 -9999 -9999 -9999 -9999 -9999 -9999 -9999 -9999 -9999 -9999 -9999 -9999 0.120503702709352 0.117468457480803 0.0857726152856679 0.0553956142367122 0.0310345698482679 0.0183103576323488 0.0133225037990769 0.00586171303604114 0.000188286832849428 0.000983681354703479 0.00460731825552916 0.0105009546363836 0.0112634350130165 0.0131649995193771 0.0230695556173527 0.0363518874905904 0.0528947578645859 0.0589121135552668 0.0695831736425681 0.120728756864908 0.151703977423116 0.159276793035103 0.161621025849585 0.162361901305365 0.161858273716459 0.164853592456762 0.172740845990838 0.167469926116692 0.157625333787587 0.150813847607767 0.150170879220019 0.159982734187693 0.163677737098529 0.16467166646957 0.17382798788952
-9999 -9999 -9999 -9999 -9999 -9999 -9999 -9999 -9999 -9999 -9999 -9999 -9999 -9999 -9999 -9999 -9999 -9999 -9999 -9999 -9999 -9999 0.121988057216458 0.108243849177178 0.0845017329998988 0.0604944222522053 0.0367449503430269 0.0209399843108935 0.0104166571068061 0.00433880051246269 0 0 0.00807067889582008 0.0226190334792707 0.0249401905741307 0.0284942604792593 0.0448360907169984 0.0546178448561377 0.0580672128007771 0.0774759995053532 0.101406361912632 0.132299376004236 0.15160205342235 0.15745719115996 0.157534257947479 0.156029781195591 0.154882725306081 0.15419906798698 0.154163295881504 0.149462608130907 0.142964766730948 0.134406453222344 0.133144353879347 0.144248374378429 0.149475612235156 0.152090305325862 0.160112861355985
-9999 -9999 -9999 -9999 -9999 -9999 -9999 -9999 -9999 -9999 -9999 -9999 -9999 -9999 -9999 -9999 -9999 -9999 -9999 -9999 0.120835250861049 0.127011696531396 0.117120997430681 0.0984482051197452 0.0850584795956056 0.0693066455167218 0.0470676859652096 0.0266453139619245 0.00743063938850519 0.00271720383391589 8.51684406151277e-05 2.62385971109729e-05 0.0142412795828274 0.0399128727371945 0.0420917315809888 0.045271517277723 0.0672196724033564 0.0741033536142887 0.066445425061697 0.097125377894638 0.132252463682295 0.146245874986354 0.15499402722019 0.157656434797212 0.156787692981628 0.155010060898165 0.153975615666117 0.149048826106267 0.13868008549745 0.131808522583147 0.126039709099961 0.117450472259207 0.116686978040849 0.129187084496106 0.135953721600865 0.140151531129009 0.146841299507183
-9999 -9999 -9999 -9999 -9999 -9999 -9999 -9999 -9999 -9999 -9999 -9999 -9999 -9999 -9999 -9999 -9999 -9999 -9999 -9999 0.118031932839439 0.11567618583396 0.104578042524211 0.0887014186369363 0.0769277806784357 0.0620421657999917 0.0388760822973806 0.0198018715571165 0.00344800546704419 0.00147781686076976 0.000812560594017398 0.000250332751200899 0.0188802744994383 0.0529142054235106 0.0558517075516773 0.0564480643833934 0.0663397217868231 0.0770855264975014 0.0886558324083479 0.105690188677222 0.123907994688886 0.142357680482359 0.151502786006101 0.149852371441645 0.148069466174192 0.146795997366871 0.150499013140392 0.146124253262489 0.130455821505257 0.113776256270199 0.0974124927434848 0.0931929242599 0.0973577982683468 0.115733195475826 0.124093998714474 0.128009226213616 0.142037818800579
-9999 -9999 -9999 -9999 -9999 -9999 -9999 -9999 -9999 -9999 -9999 -9999 -9999 -9999 -9999 -9999 -9999 -9999 -9999 -9999 0.108348673510617 0.10783809892891 0.100602200261608 0.0896903265638801 0.074424947834583 0.0572208144351684 0.0355013377240321 0.0172471925943261 0.00129685718114639 0.00162654039823931 0.00302951022253002 0.00324745031760419 0.0228273329809173 0.0579474677418004 0.0643424290072892 0.0671618914141987 0.0725758216852861 0.0847137527955987 0.1033423052716 0.108504701695176 0.113521585222515 0.134322120681668 0.144505325513503 0.14236990846799 0.139793898395303 0.137889102157361 0.143220532282173 0.139628614139752 0.123560815043974 0.101864817120653 0.079342780401678 0.0782943350087331 0.0840749387219025 0.101429879171473 0.111647895690017 0.118694864065986 0.132545584375633
-9999 -9999 -9999 -9999 -9999 -9999 -9999 -9999 -9999 -9999 -9999 -9999 -9999 -9999 -9999 -9999 -9999 -9999 -9999 -9999 0.10876198939968 0.109509385113985 0.107748568302261 0.104616795013299 0.0792284634219962 0.0555712419948594 0.0383800559072773 0.02026037890026 0.00152342578224544 0.00357737132766432 0.00718027024734047 0.00984463138844637 0.0258760885139076 0.0526362233367219 0.0659923676584381 0.0772749944673787 0.0880502978776624 0.0983736942477509 0.1082608685589 0.103853919962939 0.100484236949674 0.120902265033381 0.132955933721998 0.135304961550202 0.132093010442956 0.128082741754594 0.131006282265876 0.12849685643045 0.118391510393855 0.097899710623798 0.0749792938105831 0.0755459662278008 0.0786416835766783 0.086023798227094 0.0984405276414666 0.113051864195953 0.116966199345412
-9999 -9999 -9999 -9999 -9999 -9999 -9999 -9999 -9999 -9999 -9999 -9999 -9999 -9999 -9999 -9999 -9999 -9999 -9999 -9999 0.102483826959574 0.102979075124996 0.100575741688738 0.0965880810950356 0.0734985258488306 0.0525321284279126 0.0387330766766117 0.0236388854129199 0.00768366399301077 0.0115715726438103 0.0164275289336787 0.0187423462975667 0.0299426678471855 0.0482746588857316 0.0636369458623518 0.0779259907564072 0.0894993098114958 0.0994679509569617 0.107887610034417 0.0983097492861763 0.0896775595057663 0.108869418868906 0.121764184308355 0.127352827173781 0.12447260880133 0.119832310173535 0.120795891566175 0.120473890982233 0.118354496951874 0.101806994132234 0.0807859131351738 0.0727570641867682 0.0696664991478765 0.0749456734358683 0.0840595654364091 0.0948908636496277 0.103957521922759
-9999 -9999 -9999 -9999 -9999 -9999 -9999 -9999 -9999 -9999 -9999 -9999 -9999 -9999 -9999 -9999 -9999 -9999 -9999 -9999 0.097437343120842 0.0953888673562402 0.0896868733964976 0.0819879137162023 0.0642612025781172 0.0481659481653502 0.0371451555784689 0.0263242081171764 0.0156361209987726 0.0216609461482616 0.0276804997631962 0.0289138141381774 0.0348468681734271 0.0445520199130326 0.059846768744843 0.0749338243529167 0.0856845094436397 0.0957439563252939 0.105136156786872 0.0931786389428731 0.0815921468223303 0.0985810245879678 0.111382393576399 0.1193252591382 0.117202415588914 0.112637550305245 0.111546031026599 0.113201987510691 0.118699235347719 0.107010723492974 0.0890680146742145 0.0700784670774407 0.0600900029181987 0.0653571869582294 0.0696864003885612 0.0736940256794461 0.0918476833154135
-9999 -9999 -9999 -9999 -9999 -9999 -9999 -9999 -9999 -9999 -9999 -9999 -9999 -9999 -9999 -9999 -9999 -9999 -9999 -9999 0.0983116319480892 0.0989241460072926 0.0915537635329812 0.0798200332178542 0.0543083587434952 0.0324242895467321 0.0210302449420161 0.0184000196256583 0.0215961262362634 0.0332424492948788 0.0433085347152803 0.0458679620018645 0.0463288899023693 0.0451055235038213 0.0544654860527651 0.0648711560138177 0.0731689613032862 0.0828896720929732 0.0939839015751621 0.0972600857522446 0.0994797911761562 0.105126245076368 0.110041493462736 0.114108370016685 0.114158502860328 0.112564519773746 0.106260070014808 0.102433581425782 0.1020715713752 0.0954582928844562 0.0861525418533318 0.0690128541001993 0.0578172551271286 0.0566961019608548 0.0604353383128706 0.0664252554091351 0.0804717735330776
-9999 -9999 -9999 -9999 -9999 -9999 -9999 -9999 -9999 -9999 -9999 -9999 -9999 -9999 -9999 -9999 -9999 -9999 -9999 -9999 0.133250272294009 0.114707292249886 0.0982888948071207 0.0830317666940213 0.0505596177259637 0.0237919977224158 0.013105823690849 0.0152869235906112 0.0260223998932129 0.0399425600296242 0.0520004433315469 0.0571448544899686 0.0536609511423391 0.0432518034847141 0.0498982630561956 0.0585477388089553 0.0651480770049661 0.0747389737304723 0.0872166314113985 0.0979028915537817 0.106668325997278 0.106310927660967 0.106821637415275 0.108339558463304 0.10957924537133 0.109765951893698 0.101076463208847 0.0946879871494717 0.0915165949388825 0.0883007775219994 0.0844486500667698 0.0695238316039966 0.0579197047162942 0.0519437116859379 0.0538197460147803 0.0592813158503413 0.070730468286152
-9999 -9999 -9999 -9999 -9999 -9999 -9999 -9999 -9999 -9999 -9999 -9999 -9999 -9999 -9999 -9999 -9999 -9999 -9999 0.13934271208142 0.136402015410367 0.127451696393703 0.112664227723016 0.0946862486614627 0.0565475752795264 0.026317122779841 0.0180355295625577 0.0197243402448898 0.0280416402483346 0.0389818295560819 0.0498068180722554 0.0595118810501737 0.0544800780299373 0.0376201946436792 0.0466086226703151 0.058092690044956 0.0641811033684294 0.0739700675735319 0.087331142370442 0.0931491054588632 0.0970657134808541 0.0990827996769769 0.100652954100582 0.101704561659265 0.102590422861317 0.102689934656434 0.0960534907571276 0.0916863837909761 0.0904920743637332 0.0880406277026353 0.084646209573558 0.0725091050272044 0.0617497812678143 0.0533256140623551 0.0513402513240723 0.0523332851999411 0.0635545060249018
-9999 -9999 -9999 -9999 -9999 -9999 -9999 -9999 -9999 -9999 -9999 -9999 -9999 -9999 -9999 -9999 -9999 -9999 0.137802240262229 0.13794805906698 0.134429371554579 0.12342188070317 0.103692733431407 0.0791964417340191 0.0466305007823157 0.0207884618999815 0.012763573392875 0.0175321153388752 0.0308059413227759 0.0438006044945143 0.055397456537808 0.0625669015113828 0.0572596101882224 0.0419382602692979 0.0523811357445518 0.0639142942074274 0.0641436576629966 0.0710423292748678 0.0843788278663449 0.088311133244395 0.0904584649751709 0.0936932241910208 0.0961143161196013 0.097591360999289 0.0982699574878846 0.0982972213783727 0.0944336178796774 0.0906231581632179 0.0868869996485861 0.0833223897128973 0.0796127857103377 0.072210975356711 0.0635887845862428 0.052898210110877 0.0473691297905659 0.0442461519033686 0.0519055225937382
-9999 -9999 -9999 -9999 -9999 -9999 -9999 -9999 -9999 -9999 -9999 -9999 -9999 -9999 -9999 -9999 -9999 -9999 -9999 0.136258697356348 0.130549524556473 0.113173057822196 0.0857716075163686 0.0528906310463865 0.0303284577718631 0.0120069764750985 0.00348788989021022 0.0126888308434885 0.0336703390124134 0.050733984211984 0.0639443970976152 0.0658485492083165 0.06086910215746 0.0503647515008721 0.0617491015623295 0.072103149782734 0.0645558780250894 0.0673762499609411 0.0802044210148859 0.0834633748559031 0.0851171912723409 0.0891237831936178 0.0922988387199414 0.0945091147940432 0.0950257746655568 0.0949725883437627 0.0940565637214088 0.0901811703350291 0.0821682344823703 0.0767595981260723 0.0724231774387155 0.0704671938637418 0.064507739266524 0.0517629297822855 0.0429055476211719 0.0358725869866788 0.038665283934292
-9999 -9999 -9999 -9999 -9999 -9999 -9999 -9999 -9999 -9999 -9999 -9999 -9999 -9999 -9999 -9999 -9999 -9999 -9999 -9999 0.134937928043732 0.130918027993618 0.0954699188029705 0.0428435575933562 0.0217235020075637 0.00636310848982262 0.00268756513568921 0.0114540347644056 0.0284921602879397 0.0469361138778832 0.0622143562514859 0.0668839820367171 0.0651885563647933 0.0583844230355888 0.0650913819888006 0.0713688032704695 0.0674718663622947 0.0697079122324789 0.0778640747130597 0.0795831947370539 0.0807778294289097 0.0868323090870575 0.0903499742390543 0.090924332850908 0.0906866934183037 0.0899975674624152 0.0872716595759562 0.0827439703431933 0.0756971807786625 0.0702355972184628 0.0655940032156608 0.0653885724583212 0.0617291728726733 0.0522157520792879 0.0432689267818725 0.0346456500069488 0.0354804220842175
-9999 -9999 -9999 -9999 -9999 -9999 -9999 -9999 -9999 -9999 -9999 -9999 -9999 -9999 -9999 -9999 -9999 -9999 -9999 -9999 0.139158073886897 0.141184237991329 0.103180190689857 0.0432961483549969 0.0221771131875033 0.00708217518588935 0.00366737321998019 0.0128014085539906 0.0302781183545899 0.048113843384343 0.0629535876043655 0.0680307113566035 0.0679452947383617 0.0637163280327054 0.0666832240367748 0.0698916471639216 0.069675836844767 0.0718114258668494 0.0762168008643389 0.0769162764952566 0.077773773651998 0.0841439440012539 0.0873732734725515 0.0869584825419721 0.0863236245366863 0.085294450610637 0.0812372842382221 0.0770381639153165 0.0726405754239449 0.0673248116462505 0.0619023355802553 0.0604836735451301 0.0578343350982694 0.0530991625943333 0.0450452818811924 0.0355515001901209 0.0340469484529707
