layers/veg50/veg1800.asc
NCOLS 255 
NROWS 330 
XLLCORNER -2985163.8955 
YLLCORNER -3022031.214 
CELLSIZE 25000 
NODATA_value -9999 
[rows 250 to 274 of 330, columns 57 to 113 of 255]
-9999 -9999 -9999 -9999 -9999 -9999 -9999 -9999 -9999 -9999 -9999 -9999 -9999 -9999 -9999 0.846876122374407 0.846090535063637 0.848996352671626 0.852781247903658 0.785150883911473 0.711842121349892 0.626928955224402 0.557826874871247 0.497366929196404 0.522209619830712 0.547821319530042 0.567442144884187 0.579770979407139 0.587251977890461 0.577069322972209 0.569615936581629 0.576003288103816 0.536874263947389 0.461212957447884 0.430265630402356 0.408671021563703 0.399098729609411 0.386299845916539 0.370386360399911 0.348689918480399 0.328563679481064 0.324851834396225 0.312003879790991 0.288555871126763 0.272826487659597 0.259238961816185 0.245439421230935 0.232158223321308 0.219601728888499 0.209577793258016 0.199934893455275 0.180796057866695 0.165724583654133 0.157546750044112 -9999 -9999 -9999
-9999 -9999 -9999 -9999 -9999 -9999 -9999 -9999 -9999 -9999 -9999 -9999 -9999 -9999 -9999 0.827011548188165 0.823957694868027 0.840919800754376 0.866187363597737 0.836734892894436 0.78195438987363 0.675413394013147 0.59478812053271 0.52832804521254 0.548400485719205 0.563044378629109 0.555853014116916 0.5590003554364 0.569021039289383 0.581896133643549 0.592256262775592 0.593692654183291 0.561262648420714 0.501650847866235 0.457151375969835 0.420348594320883 0.406844930291981 0.392169437219421 0.376362787442754 0.352432629502317 0.33035791676963 0.329273734379525 0.31898252509928 0.29800898079008 0.293958311375347 -9999 -9999 -9999 -9999 -9999 -9999 -9999 -9999 -9999 -9999 -9999 -9999
-9999 -9999 -9999 -9999 -9999 -9999 -9999 -9999 -9999 -9999 -9999 -9999 -9999 -9999 -9999 0.828801594702703 0.830527878594115 0.840459555754717 0.853504729950644 0.816750065939826 0.766750145489432 0.689682153089899 0.620054916740668 0.554494701266607 0.556576800242402 0.558160014356441 0.55217872699567 0.552799552618618 0.55780957208466 0.583134652755918 0.604269125660515 0.606094339465635 0.598487036082873 0.583309020489924 0.50547411099523 0.432392439253407 0.418204365837558 0.402995430997851 0.386801067225648 0.365926283407871 0.346776109641989 0.343589049469056 0.332154210777146 0.31114999269321 0.300994356179931 0.294585746929489 -9999 -9999 -9999 -9999 -9999 -9999 -9999 -9999 -9999 -9999 -9999
-9999 -9999 -9999 -9999 -9999 -9999 -9999 -9999 -9999 -9999 -9999 -9999 -9999 -9999 -9999 0.8731509776562 0.863673848797583 0.871302532381022 0.88582654766082 0.83455108841327 0.775328804517778 0.699866350239854 0.636257659027888 0.579128081163094 0.549342277566329 0.530879445754778 0.538609144873783 0.542849544672062 0.544770200604548 0.565838341016053 0.583652012857794 0.585508073926395 0.593199694566623 0.605575042914123 0.533817830881015 0.461944149361422 0.441588074787848 0.424639593694919 0.410980433882563 0.395762994473603 0.380739901076861 0.368789681469085 0.351974927998107 0.329516161415572 0.311640563520963 0.296768899053551 0.297541466315391 -9999 -9999 -9999 -9999 -9999 -9999 -9999 -9999 -9999 -9999
-9999 -9999 -9999 -9999 -9999 -9999 -9999 -9999 -9999 -9999 -9999 -9999 -9999 -9999 -9999 0.884212575122924 0.904274317595542 0.931023370273521 0.959665890889151 0.887210328697229 0.805847677670444 0.706282455591954 0.644098626454998 0.602346982489597 0.527890942833211 0.48293792125439 0.515910951018861 0.529440818422931 0.530044550098484 0.531443269271907 0.532933081070235 0.534489750030211 0.548694414651922 0.573050593793397 0.543730501262351 0.507647222662856 0.476064421529773 0.45626373816254 0.447836233819612 0.440676509549362 0.430889865525322 0.404032240633542 0.377929512612985 0.352702644018815 0.325617219533434 0.300580750766988 0.298945335053957 -9999 -9999 -9999 -9999 -9999 -9999 -9999 -9999 -9999 -9999
-9999 -9999 -9999 -9999 -9999 -9999 -9999 -9999 -9999 -9999 -9999 -9999 -9999 -9999 -9999 0.958173926589373 0.958095060022154 0.96397612627807 0.971798094162468 0.913327124116805 0.842245724373023 0.745393587766922 0.682741403195046 0.638782469404769 0.599719314139508 0.57741427703033 0.597186754887235 0.596722942880164 0.582805710869968 0.59161835023774 0.592566072453709 0.561668081002057 0.55146371460165 0.557868433213017 0.541268663658155 0.521261753044838 0.501026734150732 0.487551371524719 0.480601048149513 0.473043099505838 0.463787165536858 0.445260616284023 0.420505522695506 0.388523840314496 0.349601419334908 0.31230065503794 0.307489875599925 -9999 -9999 -9999 -9999 -9999 -9999 -9999 -9999 -9999 -9999
-9999 -9999 -9999 -9999 -9999 -9999 -9999 -9999 -9999 -9999 -9999 -9999 -9999 -9999 -9999 0.974256050129176 0.988250928126309 0.982862809715164 -9999 0.903550027548809 0.873672757466637 0.782738149618498 0.716900348453764 0.664780136737129 0.671822224912672 0.680238024592289 0.686631702755945 0.672041971640403 0.643502123184773 0.662645923121663 0.665604805073419 0.602770278716493 0.566682164009239 0.552061212437935 0.544718166170279 0.538736188652328 0.534027240115328 0.52486926633481 0.511416685966261 0.501160739288211 0.491787164698654 0.48367074152584 0.462734634030078 0.426924651988578 0.378217377996717 0.32951821697983 0.313830939938641 0.308161391868201 0.316497796532009 0.298545886216577 0.272992971265829 0.280929131297016 -9999 -9999 -9999 -9999 -9999
-9999 -9999 -9999 -9999 -9999 -9999 -9999 -9999 -9999 -9999 -9999 -9999 -9999 -9999 -9999 0.966602883666098 0.960160758770162 0.962641018459871 -9999 -9999 0.872115752923633 0.776442238303005 0.694715047073842 0.620610735560329 0.648126475629639 0.679625039190168 0.711770289095923 0.706622363196875 0.676681317574557 0.693669453606177 0.695972890124752 0.637535484586699 0.599846154416913 0.57880961208729 0.593005204904822 0.610526458068917 0.620371010904279 0.595112629378778 0.535969681029335 0.519411446374323 0.511325572556255 0.500614497662855 0.485755319775389 0.466083358516487 0.421416469644123 0.370724062229572 0.32900666091131 0.308161391868201 0.316497796532009 0.307064292586844 0.291871120329011 0.288217945637133 -9999 -9999 -9999 -9999 -9999
-9999 -9999 -9999 -9999 -9999 -9999 -9999 -9999 -9999 -9999 -9999 -9999 -9999 -9999 -9999 0.916998204316916 0.923634084457418 0.921079227747233 -9999 -9999 0.808707049957914 0.766943876271901 0.705230993890901 0.632613859150659 0.641934688458902 0.666325504843056 0.721335699593886 0.727400566541419 0.700925770509499 0.699662928311637 0.694780420293306 0.671032194602173 0.648873005794965 0.627989207289194 0.635683671731067 0.650526533507852 0.67801843021501 0.649898362298993 0.56809653341926 0.539168848431461 0.522109864701531 0.509754549103201 0.497899322349308 0.486624317272214 0.453166626238414 0.41462865947451 0.386489478195631 0.357346703483688 0.32680078817681 0.311542995501054 0.302313676387384 -9999 -9999 -9999 -9999 -9999 -9999
-9999 -9999 -9999 -9999 -9999 -9999 -9999 -9999 -9999 -9999 -9999 -9999 -9999 -9999 -9999 0.910222607648192 0.898764945803292 0.903176219609882 -9999 0.822428664305109 0.814368786354721 0.789837701730636 0.752001873078942 0.706893843681347 0.655149040123688 0.638960758940372 0.713635578404719 0.732876681195624 0.715264532834519 0.67790630081778 0.658597671926514 0.703122559784903 0.715486554421606 0.702037623181342 0.672144076359554 0.655281736158518 0.703851030841458 0.687546665743226 0.608620303367757 0.560596679823566 0.523188720797202 0.510242857823618 0.497984659442814 0.486524315098421 0.472223678166788 0.45341100687802 0.400772647956952 0.357346703483688 0.32680078817681 0.311542995501054 -9999 -9999 -9999 -9999 -9999 -9999 -9999
-9999 -9999 -9999 -9999 -9999 -9999 -9999 -9999 -9999 -9999 -9999 -9999 -9999 -9999 -9999 0.871255921697486 0.871872346995868 0.87163501927497 0.796344691373529 0.797243549953946 0.796613098374006 0.792857340942728 0.751733572156359 0.69018493240025 0.673068992768574 0.678242061589486 0.735849110829979 0.751424910654125 0.739057641098702 0.698010072332422 0.670881406800626 0.696816817170161 0.718396518268595 0.736480246796194 0.733786992230684 0.735194913465282 0.766840472854743 0.72764044899938 0.620053780456072 0.576820165597137 0.548045551975485 0.525076152219431 0.507175457284049 0.495155662198681 0.492882124759848 0.486047145564702 0.412792227493123 0.370084164147102 -9999 -9999 -9999 -9999 -9999 -9999 -9999 -9999 -9999
-9999 -9999 -9999 -9999 -9999 -9999 -9999 -9999 -9999 -9999 -9999 -9999 -9999 -9999 -9999 -9999 0.853130551132435 0.853130551132435 0.802760509571106 0.785870367475795 0.777768590515105 0.787626760261712 0.737561688658477 0.654743349533763 0.691785037124327 0.730512735636828 0.762359280801913 0.770212425114221 0.762114359933809 0.727756160323451 0.696946434697433 0.685071989090435 0.710164040503226 0.76492608400627 0.801039501287162 0.829192073317302 0.835111417989769 0.772779436436976 0.644565024642649 0.603313656687318 0.578915018852292 0.546506357636197 0.52213836109059 0.507099442746939 0.512543380999439 0.522625553171903 -9999 -9999 -9999 -9999 -9999 -9999 -9999 -9999 -9999 -9999 -9999
-9999 -9999 -9999 -9999 -9999 -9999 -9999 -9999 -9999 -9999 -9999 -9999 -9999 -9999 -9999 -9999 -9999 -9999 0.803003922145913 0.809228810199236 0.799676071587263 0.757880096635461 0.710729707499518 0.660652664927555 0.706969424597041 0.746593150355494 0.760254055333675 0.7632783623166 0.759231283131583 0.746740453954201 0.731665787991803 0.710669390059754 0.74679718872116 0.828773920814982 0.860276547499383 0.877823885147833 0.86739034378152 0.853446411903698 0.836113929637395 0.72366697235004 0.607991544241624 0.590811095864214 0.564405246490579 0.527295743766733 0.520772544463483 -9999 -9999 -9999 -9999 -9999 -9999 -9999 -9999 -9999 -9999 -9999 -9999
-9999 -9999 -9999 -9999 -9999 -9999 -9999 -9999 -9999 -9999 -9999 -9999 -9999 -9999 -9999 -9999 -9999 -9999 0.846333441148884 0.843202636071261 0.820123700409463 0.756278665852825 0.707705617246619 0.667480038339166 0.720136263048426 0.761657674141673 0.766269700444868 0.763804107695849 0.756633196809386 0.755354042745643 0.751963925819137 0.740085981631358 0.784889141482595 0.875185600512386 0.898353130359682 0.906914173183228 0.895028774467533 0.91014828314179 0.951335401424476 0.798703101614822 0.631948564421993 0.621380532916655 0.591999410466911 0.540790640200305 0.530299456704719 -9999 -9999 -9999 -9999 -9999 -9999 -9999 -9999 -9999 -9999 -9999 -9999
-9999 -9999 -9999 -9999 -9999 -9999 -9999 -9999 -9999 -9999 -9999 -9999 -9999 -9999 -9999 -9999 -9999 -9999 0.846413332408611 0.850869189107436 0.838622812919321 0.792243670517327 0.73645875910349 0.675532776182998 0.730610207627077 0.775366252452161 0.783124558082452 0.774286722285651 0.754415497337443 0.750125485833335 0.753013558476095 0.774600181668959 0.82492821214559 0.898324626037498 0.90818609608743 0.909921699840608 0.916473372585128 0.934863084100835 0.964679954716209 0.813252783070719 0.649072400346172 0.633616978807633 0.600009375397586 0.545340935457817 0.532331056225511 -9999 -9999 -9999 -9999 -9999 -9999 -9999 -9999 -9999 -9999 -9999 -9999
-9999 -9999 -9999 -9999 -9999 -9999 -9999 -9999 -9999 -9999 -9999 -9999 -9999 -9999 -9999 -9999 -9999 -9999 0.86329289043928 0.86287809014764 0.846670278084909 0.798187788603613 0.754172142274863 0.712598014553185 0.748036620084649 0.776607460621027 0.780576604868107 0.793537519080624 0.812476310598204 0.792460157413428 0.772139960833248 0.761955702124347 0.811809418550404 0.909850720790054 0.886889965200974 0.862045068769584 0.904014152198955 0.936745657233802 0.960560205663743 0.871388149312075 0.761732194733939 0.67081683874039 0.607992821358907 0.577761419818191 0.573306337786852 -9999 -9999 -9999 -9999 -9999 -9999 -9999 -9999 -9999 -9999 -9999 -9999
-9999 -9999 -9999 -9999 -9999 -9999 -9999 -9999 -9999 -9999 -9999 -9999 -9999 -9999 -9999 -9999 1 1 0.934371066652293 0.898545664624551 0.856583117106778 0.802078668536026 0.770691673785305 0.751940379846601 0.762806187212924 0.771290456096115 0.770972500433403 0.81446295226232 0.887077957535297 0.848086664323868 0.796364788502207 0.735442992958313 0.783121975324954 0.917965944405806 0.860883312580193 0.806520539995194 0.882343567759888 0.930417349068029 0.951705016537222 0.941470665628282 0.900468719666464 0.71683269152963 0.617555713007857 0.616155241361224 0.607790281212703 -9999 -9999 -9999 -9999 -9999 -9999 -9999 -9999 -9999 -9999 -9999 -9999
-9999 -9999 -9999 -9999 -9999 -9999 -9999 -9999 -9999 -9999 -9999 -9999 -9999 -9999 -9999 -9999 -9999 -9999 0.934856838448481 0.945161467801191 0.945243178916496 0.924433283467397 0.824396356759754 0.681054961013228 0.704610660110178 0.732237460411928 0.754656943073652 0.816413692378911 0.904322506785415 0.861945989960012 0.805395379761387 0.740320726557934 0.790745539046507 0.933872352259584 0.920190142546019 0.891206780558698 0.89427199095466 0.917534922730023 0.960294544803016 0.969890082805119 0.946279229832814 0.767669829744586 0.65020768500029 0.603690860116471 0.595818666095434 -9999 -9999 -9999 -9999 -9999 -9999 -9999 -9999 -9999 -9999 -9999 -9999
-9999 -9999 -9999 -9999 -9999 -9999 -9999 -9999 -9999 -9999 -9999 -9999 -9999 -9999 -9999 -9999 -9999 -9999 0.904980944100628 0.935891946459424 0.95879323627172 0.965325837679255 0.843134170693775 0.650583486001481 0.67387096038567 0.707093249266051 0.745433779712984 0.811669033569038 0.8964491606413 0.858376086522651 0.806355667080714 0.74442147305717 0.789141004792732 0.919462783286344 0.92442656342868 0.908135283320711 0.879198695826093 0.884982255130494 0.924280879650077 0.964963676121286 0.974571990493262 0.799067056689995 0.670373678029377 0.595992806677253 0.579698887630218 -9999 -9999 -9999 -9999 -9999 -9999 -9999 -9999 -9999 -9999 -9999 -9999
-9999 -9999 -9999 -9999 -9999 -9999 -9999 -9999 -9999 -9999 -9999 -9999 -9999 -9999 -9999 -9999 1 1 0.904271143156525 0.867777779756976 0.851033796735223 0.874649745697863 0.805397306960284 0.685384210452614 0.687474922070713 0.704412991716929 0.747665478511296 0.796110695793789 0.848008126139513 0.826656390984049 0.794281678635885 0.747267314634969 0.772632251975998 0.856090151091684 0.839719258798086 0.815628869350695 0.8205151667639 0.820660356674111 0.81622899545178 0.906180727351524 0.974571990493262 0.799067056689995 0.670373678029377 0.595992806677253 -9999 -9999 -9999 -9999 -9999 -9999 -9999 -9999 -9999 -9999 -9999 -9999 -9999
-9999 -9999 -9999 -9999 -9999 -9999 -9999 -9999 -9999 -9999 -9999 -9999 -9999 -9999 -9999 -9999 1 1 0.869425183062553 0.863445248297179 0.862986277398859 0.873809975723574 0.806554379573425 0.696621652443437 0.700258900696908 0.713242086091141 0.73937126702287 0.774277971530084 0.815020118800873 0.810466954726317 0.791924372334644 0.741200227061451 0.760527005518906 0.836077946949949 0.816345962517358 0.789001549687681 0.788277605259807 0.795933675347034 0.811678902850662 0.817718075247518 -9999 -9999 -9999 -9999 -9999 -9999 -9999 -9999 -9999 -9999 -9999 -9999 -9999 -9999 -9999 -9999 -9999
-9999 -9999 -9999 -9999 -9999 -9999 -9999 -9999 -9999 -9999 -9999 -9999 -9999 -9999 -9999 -9999 -9999 -9999 0.821494842595693 0.8847831917976 0.922363595988504 0.907407115869405 0.821625638408492 0.697132134813988 0.71217621637525 0.726609210637189 0.72649863096057 0.749671999818648 0.788324922541293 0.800340586520984 0.793109758214694 0.731422267538768 0.75012542135363 0.833351588666233 0.817842782115356 0.7894381478432 0.767381146703951 0.788287070025491 0.850664742400204 0.861464961685588 -9999 -9999 -9999 -9999 -9999 -9999 -9999 -9999 -9999 -9999 -9999 -9999 -9999 -9999 -9999 -9999 -9999
-9999 -9999 -9999 -9999 -9999 -9999 -9999 -9999 -9999 -9999 -9999 -9999 -9999 -9999 0.85427944178192 0.85427944178192 -9999 -9999 0.820684595645008 0.807029990244948 0.780808814576611 0.728906533394965 0.6919370982879 0.663129763416407 0.696645329511967 0.719514947151939 0.709561349487806 0.720297263317921 0.744787906382622 0.759392875175902 0.761672474815964 0.727031443272727 0.730161000398551 0.763605928398045 0.746831081988706 0.730657055130618 0.748077452705712 0.788347336567201 0.850673637052008 -9999 -9999 -9999 -9999 -9999 -9999 -9999 -9999 -9999 -9999 -9999 -9999 -9999 -9999 -9999 -9999 -9999 -9999
-9999 -9999 -9999 -9999 -9999 -9999 -9999 -9999 -9999 -9999 -9999 -9999 -9999 -9999 0.85427944178192 0.850261371918407 0.839531524890862 0.845303230819033 0.857366564039598 0.772116288321116 0.692995326956971 0.626400262897941 0.623104217053483 0.654406594637506 0.688774976937887 0.709034880414155 0.693200918108757 0.693774548191551 0.705256216908018 0.72001310906059 0.727998791058746 0.713216913749767 0.706397709848476 0.705969494438654 0.693862030169353 0.689508642329297 0.725260557041282 0.736529319245831 0.724164700586242 -9999 -9999 -9999 -9999 -9999 -9999 -9999 -9999 -9999 -9999 -9999 -9999 -9999 -9999 -9999 -9999 -9999 -9999
-9999 -9999 -9999 -9999 -9999 -9999 -9999 -9999 -9999 -9999 -9999 -9999 -9999 -9999 -9999 0.850261371918407 0.839531524890862 0.845303230819033 0.857420232173665 0.777266408591859 0.711157825739589 0.673752166710983 0.674276605948081 0.695533145579412 0.696010934993487 0.691878125898099 0.677978015311063 0.672875921304596 0.673622894150228 0.683725277110315 0.689915002570937 0.680819160979027 0.675143178873497 0.672212039046539 0.676472461402014 0.683131268977358 0.695515748300478 0.707777669419144 0.719921286135507 -9999 -9999 -9999 -9999 -9999 -9999 -9999 -9999 -9999 -9999 -9999 -9999 -9999 -9999 -9999 -9999 -9999 -9999
