layers/veg50/veg1600.asc
NCOLS 255 
NROWS 330 
XLLCORNER -2985163.8955 
YLLCORNER -3022031.214 
CELLSIZE 25000 
NODATA_value -9999 
[rows 175 to 199 of 330, columns 114 to 170 of 255]
0.28919304815428 0.289968846958038 0.290935128423558 0.2920070826749 0.303793386158674 0.314729172401105 0.322353652814322 0.331354937172139 0.34128459277905 0.347015593413388 0.352491184709301 0.35840432152649 0.366099344683538 0.375244352115357 0.386376091317793 0.399677232224575 0.421090752998011 0.430979014951883 0.429589660552984 0.421982217014923 0.418267817199255 0.446265226145926 0.464440818766655 0.471063770669905 0.471485493626639 0.471885603923691 0.488872337157364 0.492321386872567 0.476576272976133 0.461794431214846 0.448935717192602 0.46612517406256 0.465351956781413 0.433686707616113 0.420958972607773 0.416828253007764 0.390489026589996 0.383336312918131 0.416627494880279 0.382735355263091 0.311017230755303 0.312069930379059 0.29491440854734 0.221541885993737 0.216094145804281 0.257098866307993 0.312268858171756 0.356985149255717 0.362104587513082 0.443661037725767 0.588277308261319 0.653168546796311 0.693922382116759 0.682353013306045 0.612035698595837 0.48344549398695 0.491227726918245
0.279087662030371 0.280530763734309 0.281187957882494 0.281409159378924 0.29065224117867 0.29888012026433 0.303547898540883 0.315591164679278 0.332607681298129 0.339313524086687 0.344972004041062 0.350324374382326 0.356848584989239 0.36432636368842 0.377441696996678 0.391021665566108 0.402943456325323 0.416420017414239 0.431417941586582 0.429261584046921 0.426610869657644 0.4432766349215 0.457170241103488 0.467803171579301 0.472575904367253 0.476025384294038 0.48281943733967 0.478718196731698 0.459169257948573 0.441640599024647 0.425970858804432 0.431698197229474 0.430734522614107 0.418263709003579 0.400112067667684 0.379328921922933 0.351160052574933 0.33824352304787 0.357477913704268 0.347543425713682 0.321186088464688 0.314674260537478 0.29617977838772 0.243932345832336 0.262435627193195 0.329323969835347 0.341825354855474 0.356156970040409 0.394218750693433 0.455140160676043 0.534920551161625 0.623352633523122 0.696235803616681 0.694226018466836 -9999 -9999 -9999
0.268346031112171 0.268681951713077 0.270163885412429 0.27228158509479 0.27848794795289 0.283964904025127 0.287133278297792 0.300621631893891 0.321068690200783 0.327839169932405 0.333830181742133 0.341418937738334 0.348138103435296 0.354149652585017 0.369385667937972 0.383505888339766 0.386778145844553 0.403086983282849 0.432152284531987 0.434458085995914 0.432395860398176 0.43864057446293 0.448677788783659 0.463175826991157 0.471492493675373 0.477331396471793 0.476458306048139 0.467517765636123 0.4471389348553 0.429147669599646 0.412512022236136 0.40506042214671 0.401706420475511 0.405399428615854 0.383445857977315 0.349758224706246 0.32174724151492 0.3031040917032 0.30420771299779 0.313841096870993 0.328276962414264 0.317406178637395 0.301965413256076 0.277453406740824 0.317418110824435 0.401477205209683 0.370525258301886 0.355004843037452 0.428388290864796 0.469432854627313 0.483798141343235 0.586162456327351 0.680804857257 -9999 -9999 -9999 -9999
0.259136708758398 0.247605881340648 0.25272164855859 0.267072335182468 0.273688619668939 0.279689138028944 0.284905866949259 0.292051288327617 0.300497216312901 0.303336993894879 0.309840901069083 0.330089742016677 0.342478557035433 0.348471389470349 0.365151003645355 0.38030634823811 0.381889840774644 0.397777459769582 0.4276618534127 0.425266940172757 0.418482092698638 0.42705203115838 0.438117585072435 0.452118537873612 0.459723554158264 0.465446331987457 0.470674109675472 0.468861407581 0.457066486544483 0.442811113694618 0.427896573844455 0.417641053992655 0.410573203121747 0.408987474287091 0.387479359314982 0.356847135713536 0.328212058300818 0.30382457512162 0.288390738712483 0.29893968992538 0.324117636979845 0.315990421988484 0.30653672007113 0.297451847295134 0.330792862282256 0.393148131199901 0.356615057619186 0.341964979153135 0.432609352762967 0.483971375681189 0.502925826493888 0.59574051360726 -9999 -9999 -9999 -9999 -9999
0.240333847724499 0.231386859404908 0.238356773724638 0.254156801126542 0.264120902513699 0.273196000450176 0.280584298488202 0.285142104380523 0.287791325147732 0.289499766632189 0.29571274701849 0.3170134628601 0.329523726081372 0.334880885435966 0.355350493793488 0.374064517605735 0.37532035026195 0.389986054823858 0.417773494269107 0.415478525368626 0.409231636217198 0.41813939217013 0.428421791820678 0.440321078228838 0.44751530381529 0.453681524561719 0.462858743600576 0.466016585851055 0.460639961864486 0.447335925975159 0.431664186786676 0.426334617381207 0.421551161207149 0.417706905244328 0.397472515452391 0.369677363564356 0.329004562650914 0.293848698974256 0.270322172883791 0.284540825782439 0.320011011599852 0.311555754542279 0.304874336238749 0.307929124809959 0.328698925851556 0.361583685407823 0.368223726367432 0.38981202653292 0.469959937558355 0.508997371303159 0.514119045595995 -9999 -9999 -9999 -9999 -9999 -9999
0.212918777112408 0.219528055368205 0.226754475615178 0.234323263576106 0.250272557982145 0.26471230762181 0.274382785562016 0.279724158990986 0.282146441304392 0.285236563830342 0.290437018749598 0.302368810531349 0.310019849815859 0.314187488579053 0.340553472223227 0.365091594253363 0.367241643822181 0.379966641657476 0.403039364551863 0.405153936603019 0.404167477918075 0.411628937563636 0.419501987939134 0.427859160565325 0.434912680026973 0.442024673024465 0.453219977449051 0.459411741028385 0.458509323281182 0.443656902833965 0.425003165021176 0.43153872298822 0.434424341268995 0.431032828861155 0.412815709553933 0.387661625349883 0.324704978969789 0.274270600604651 0.250232332226001 0.270593099022993 0.31595169555259 0.304410982581872 0.297615909893659 0.309859165037458 0.312718603339821 0.309160628618441 0.402740923351779 0.492317824751069 0.537051205529119 0.543438071127396 0.518189420169139 -9999 -9999 -9999 -9999 -9999 -9999
0.202123980812043 0.210102097510045 0.219422205786811 0.229486801710721 0.242509125305917 0.253985256126143 0.261162347169138 0.267828254866689 0.274149474474998 0.28014876158933 0.286266191340885 0.292869729980593 0.298029276291662 0.30201379469967 0.326622416367471 0.350481089862905 0.357651253336236 0.372074299062732 0.393594384845646 0.398810342209747 0.400934713609522 0.405509845052983 0.410409940035964 0.415692264424766 0.429441800924652 0.443983335275768 0.443093481947874 0.441771755836223 0.439837706585277 0.428518516189791 0.414873329747431 0.422604439272608 0.426620484734962 0.424247399240813 0.403621732319176 0.374611823041248 0.340787404636892 0.31366348662831 0.300663778802749 0.311141789680935 0.334838376421065 0.324633729238104 0.315259393115617 0.31198506259681 0.305475275101529 0.296752820405954 0.387295594160402 0.478183550089225 0.538104472724591 -9999 -9999 -9999 -9999 -9999 -9999 -9999 -9999
0.194678090101504 0.20159051960888 0.212495180356314 0.225614584392608 0.235694422933782 0.244081586701381 0.24841628400093 0.255611037236249 0.264734310296037 0.273294777219251 0.280462593282225 0.283225390405313 0.286938160996499 0.29142395877768 0.31365708897325 0.336058678561205 0.347628288644377 0.363303175057415 0.3829951280019 0.391089092243127 0.396182664995662 0.398158089194569 0.401043572674931 0.40499948829955 0.424350285104588 0.44458849695617 0.431540186116481 0.422967356046292 0.420740006723478 0.414174546526277 0.406755160368229 0.413451178988824 0.417007936773636 0.415165824378211 0.390394839832027 0.355221762090445 0.348772653544097 0.344215456876923 0.343646284902063 0.345779853692331 0.349435136934067 0.343950431992604 0.333841923299405 0.312651433622503 0.301105349017842 0.296154888748427 0.37445848199026 0.447205309910336 0.474398932798895 -9999 -9999 -9999 -9999 -9999 -9999 -9999 -9999
0.188771148143256 0.195482236847796 0.203626472806292 0.212565766233105 0.228019024300986 0.24051910688667 0.244718093578585 0.247846413423134 0.250252788562082 0.25814867513556 0.265234257254871 0.267987874274863 0.27338775562633 0.280940996359761 0.304834774468555 0.327912876129587 0.336808218463077 0.348015946612505 0.361486374498226 0.372543679112058 0.381904221750482 0.384108227970181 0.390430900939224 0.401598042142164 0.414488358083628 0.425417475165824 0.413120072913768 0.408579452152102 0.415036645959163 0.414704832933939 0.412234152026867 0.416492378476626 0.417586678332839 0.413239688079084 0.379574764819108 0.332511164887999 0.295980296820655 0.273818752437756 0.281946788820341 0.298730767156461 0.320388269484122 0.332833669224419 0.333787773136707 0.305638983832246 0.30325909869593 0.318502074705632 0.422080361791784 0.505446717101702 0.492530614112132 -9999 -9999 -9999 -9999 -9999 -9999 -9999 -9999
0.182725062709691 0.187880965436349 0.1955894523892 0.204714019334485 0.218725149038841 0.230755587744274 0.237164574149363 0.239909825615327 0.240184640970815 0.245487355335607 0.250535760492049 0.253219543432314 0.258082425596781 0.264718518284042 0.283680480402572 0.302388964926235 0.311968007417053 0.325216551285046 0.342055750199109 0.35363779749963 0.363408668357239 0.369028573732957 0.37846085017441 0.392377322994879 0.402250177680624 0.409300675376816 0.400589546248365 0.401319184517096 0.415434246798265 0.420525256619129 0.422387017266534 0.425799774089418 0.424959171454109 0.416803682689268 0.3793127645545 0.328365553422191 0.274703717734436 0.240170191674571 0.245957872938358 0.263594934695126 0.287903510705042 0.320356684859564 0.339303768771018 0.321851461335136 0.323694725709164 0.338733862927463 0.445924255830359 0.534497083861863 0.530892630481338 -9999 -9999 -9999 -9999 -9999 -9999 -9999 -9999
0.176528860937273 0.178668968192245 0.188449706006556 0.202469185075174 0.207685163974848 0.214302014908569 0.225451694216455 0.231787712720997 0.234877906494833 0.235506767912269 0.236408886152701 0.238957397860058 0.240883777434813 0.242303905971594 0.249221706063188 0.258116506160547 0.272002026283752 0.294312579104968 0.324867136509094 0.334343020837907 0.340363443234748 0.352837916938775 0.365026377381769 0.376878422610358 0.387448352398961 0.396478953735276 0.394413059298541 0.401748639001317 0.422413931470544 0.432052998152414 0.437582338062519 0.441867518462103 0.43966117182851 0.426290760290168 0.390441449501128 0.344248963678446 0.287428252564397 0.246167735593236 0.237707075286716 0.241311836301258 0.2517097482625 0.306412211734253 0.350829172263002 0.363120385411525 0.363853940095974 0.356683433010608 0.444115030598653 0.519956723697933 0.526365933936974 -9999 -9999 -9999 -9999 -9999 -9999 -9999 -9999
0.169038822626388 0.171152241520193 0.178652923388633 0.189142260923781 0.192350263768348 0.198244641384547 0.211831387780998 0.218344006379996 0.220086579915327 0.218513367142905 0.217665208367586 0.220207859884905 0.222688775793899 0.225119455243215 0.225478250188177 0.227501462546168 0.238091592490158 0.259056727698492 0.290173941125722 0.31081470171947 0.328732050293269 0.343752917916093 0.354932075999568 0.361592529133145 0.374324949913456 0.38804429763519 0.394662693846945 0.404534106780295 0.419017751570041 0.430015744029831 0.439413190396739 0.442648704232087 0.440739330142513 0.429981827957974 0.404757390746608 0.372888063043142 0.337318152269528 0.30872095420098 0.294821771799188 0.280769926037136 0.266632126770213 0.309916100281988 0.348763772697034 0.369324811221404 0.387303002890621 0.403514834950875 0.468072692157984 0.521429605110023 0.521625691193378 -9999 -9999 -9999 -9999 -9999 -9999 -9999 -9999
0.160380940962115 0.163039822310304 0.167203502952681 0.17220199098408 0.176361519794671 0.183424789283415 0.198070457921282 0.203598780898707 0.202979328361393 0.199822894437494 0.197854394241541 0.200560865949299 0.204308146282664 0.208902369603591 0.205277669269947 0.202480430287517 0.208625797343342 0.225585540088822 0.253127290755517 0.285421318666229 0.3166162720802 0.334959854089135 0.34576812702385 0.34771320036892 0.362464673326011 0.380562715518817 0.395656374381789 0.406942481078254 0.412830117708254 0.424127942546371 0.436851723982038 0.438881926031512 0.437544505699689 0.430415481227989 0.417673539483778 0.402373655118248 0.391022358644627 0.377663935652425 0.360074623153783 0.329616330707423 0.291912462579232 0.314905519885329 0.339392320372581 0.360781929168409 0.395221111425024 0.438584647608898 0.48600095139906 0.518157468812995 0.497892493550397 -9999 -9999 -9999 -9999 -9999 -9999 -9999 -9999
0.145370214854151 0.147220858531911 0.148330542192407 0.149029168444933 0.163586590868569 0.177185337805597 0.186866085781839 0.189130323062389 0.186393648393575 0.181633438412012 0.178751287627368 0.182655681547458 0.186417095425956 0.190062161360548 0.191473734764133 0.193743970882518 0.201192580318092 0.213824069061141 0.231527072930011 0.25399200970671 0.279204507529474 0.314894101357691 0.337285839909614 0.344036342744849 0.356946462049167 0.371948963068959 0.390075133180324 0.402039755717105 0.405268337698195 0.414927135451112 0.426511705699174 0.429807685707727 0.427962833722841 0.417276828994414 0.413990553473344 0.414054430741577 0.403014223382253 0.38754637025035 0.36274533365243 0.332180159702482 0.298369624147011 0.298010420465956 0.300700111327909 0.307525913427965 0.317712570239673 0.330197651366553 0.409603401050609 0.477508430794732 0.485237658466913 -9999 -9999 -9999 -9999 -9999 -9999 -9999 -9999
0.127507613275898 0.128129541310619 0.127951423399166 0.127329469376145 0.145271605279571 0.161266110766999 0.170299873553451 0.171985988744815 0.168717625992888 0.166198207660248 0.165204955813753 0.168998842875542 0.172413947511253 0.175520823418179 0.179324203432602 0.183986591692634 0.191919950612511 0.203065882791357 0.217355359882037 0.233782686834116 0.253507936718084 0.290463525726782 0.318242801855725 0.335228692902624 0.348995747293301 0.362367044667302 0.380708618469199 0.393206064562459 0.397417518207023 0.405685723443596 0.415264221948841 0.421438606654849 0.421952321756346 0.412730872458758 0.414979407860358 0.422406375006909 0.408751590872212 0.391266011774651 0.365705371110395 0.338550864922294 0.310498970337709 0.291210049817947 0.274635476262553 0.264173576264409 0.261787769468698 0.264925048489134 0.351072254777904 0.420331541879202 0.406164912285232 -9999 -9999 -9999 -9999 -9999 -9999 -9999 -9999
0.105942578911035 0.104789907918936 0.105616942620044 0.107542245340789 0.119764269378616 0.132780164467113 0.146772679771452 0.151367711430663 0.149626072088757 0.15433863582535 0.158872678549065 0.160857397383729 0.163458249765257 0.166560471922247 0.169322492585715 0.172903808598044 0.180259312774485 0.193610205842418 0.212827665281 0.228139653684316 0.243020556438997 0.260366341024372 0.28548932274732 0.319760018226848 0.337887047299965 0.351528209755734 0.366427891726565 0.379269017111749 0.389191454683409 0.396391596315801 0.402838625782844 0.413984999626068 0.420578050062725 0.419340339295827 0.422033455220042 0.426436680936573 0.406369089204212 0.386984838617315 0.369041025817918 0.349863827788325 0.3299922012907 0.29751510932088 0.264964524723516 0.233678639311048 0.233883949627795 0.255625486942661 0.315736076489615 0.36964882345762 0.390386397602556 -9999 -9999 -9999 -9999 -9999 -9999 -9999 -9999
0.0892485099799423 0.089823614347535 0.0915442404983345 0.0939003600684896 0.103661774704854 0.114087176794686 0.125455114370966 0.132708536201867 0.137187562929573 0.144174917858423 0.150444192825377 0.153591120690722 0.156057206279148 0.157969266297564 0.160572169365867 0.16392453966226 0.170076588088949 0.180979195258449 0.196530286232217 0.208553644964177 0.220393764003268 0.235711266704492 0.258561239158263 0.290271071527823 0.311453439500476 0.32987344491434 0.350656017668284 0.36990971231069 0.386995714336036 0.397565913150755 0.405929211379612 0.417800791575662 0.426574107003608 0.430019056888838 0.432852384842404 0.435323556019342 0.41594183759637 0.396736484955668 0.377902899680202 0.357472624452155 0.33614337059963 0.281119875854162 0.225591859626656 0.172635572663098 0.199303656040866 0.280425324763516 0.328757391283023 0.363746864403156 0.36465868356928 -9999 -9999 -9999 -9999 -9999 -9999 -9999 -9999
0.0747788403216359 0.07785060822852 0.0804440715664129 0.0827721890937787 0.0907941103219888 0.0985518123834385 0.105034467236298 0.114918233170486 0.127095349407211 0.134622845277627 0.141203538451655 0.146087037847382 0.148867347703803 0.149936217447216 0.15267225425212 0.15593081581519 0.160368932640533 0.167295244357784 0.176656287289422 0.185088781083967 0.194795054475247 0.213438464255764 0.234306720736425 0.257791891820789 0.281689670100157 0.306211979169999 0.335527582203207 0.362625400001013 0.386578770478439 0.401970525804611 0.414169683440511 0.425374301704578 0.435051911315433 0.442103386331541 0.445182747743991 0.446375985155018 0.430081072117176 0.411859715494236 0.389577543634451 0.36501955040361 0.33918020961847 0.261670138309352 0.184523897077361 0.114307792374178 0.172364409307528 0.318144289421647 0.3574267382364 0.379753447109849 -9999 -9999 -9999 -9999 -9999 -9999 -9999 -9999 -9999
0.0685031018065461 0.0691240351368043 0.072796701884312 0.0781623582656442 0.0799127570157463 0.0823348586865178 0.0868672903243032 0.100087059062511 0.119164650932949 0.125798936726411 0.130330301609215 0.131735586704987 0.137783247992762 0.147608575860838 0.150517917953098 0.151801163613257 0.150539277608714 0.153452620089692 0.160451478200475 0.170645420906738 0.182339131900404 0.198976777867086 0.220025398094308 0.246262305208086 0.274019980789285 0.302628840299632 0.335175438194887 0.362839440096851 0.383580740177864 0.403752443732878 0.423247137390775 0.433782237175605 0.444390654407978 0.455125162271854 0.461133648039843 0.464915938379194 0.452676087633248 0.437058764240723 0.414321952641354 0.387604495641438 0.358645830120772 0.299462147089689 0.248387052273069 0.222094548575376 0.27370897906246 0.378602473125221 0.383457773971007 -9999 -9999 -9999 -9999 -9999 -9999 -9999 -9999 -9999 -9999
0.0628391507701153 0.0627422777356434 0.0662503029721553 0.0717581933899672 0.0704131614705347 0.070186111944201 0.0735585393603381 0.0890972430664308 0.112839599268169 0.118619848749948 0.1213438310074 0.119487354321179 0.125221607485152 0.137132707438185 0.141287604489955 0.143342130673828 0.141342427947159 0.142940159968081 0.148058028896349 0.159364810829622 0.172446827826415 0.188249582832612 0.210163658717966 0.239266007330396 0.270019391976204 0.301554147757055 0.336013210889023 0.364555747395458 0.384709641937547 0.407424320919565 0.43048078291921 0.442098435944122 0.454387702947592 0.467832005123717 0.477309008802289 0.484905271281607 0.475861633215619 0.462841392543935 0.441438737470394 0.412499411900976 0.379316741739466 0.336010365629015 0.306118116778317 0.312612683703267 0.353143181334965 0.416950201588915 -9999 -9999 -9999 -9999 -9999 -9999 -9999 -9999 -9999 -9999 -9999
0.0581353369920265 0.0600404663729029 0.0614317639679617 0.0625380065572321 0.0630820920142794 0.0644219958261047 0.0678745861117878 0.0841360418663707 0.109034444429163 0.11402213677773 0.115318445142684 0.110539906544777 0.110341119307408 0.113869038598174 0.120952275720939 0.128088581833669 0.133138700953956 0.137654048513232 0.141646115112325 0.153047810365109 0.166577858202225 0.18338328625586 0.207237998793784 0.23938423789459 0.271777077425702 0.304416202637195 0.338718434945281 0.368629707904827 0.392315337309263 0.414062293954981 0.434820761570181 0.450270663433219 0.46541789389229 0.480044593021607 0.493836637083312 0.507169255887597 0.499973954743238 0.489539888685513 0.472278721117784 0.441019589090169 0.401879233274988 0.370606583851869 0.354225498307336 0.376029501672763 0.3981913248899 0.42059785426609 -9999 -9999 -9999 -9999 -9999 -9999 -9999 -9999 -9999 -9999 -9999
0.0518579912261008 0.0500803895443619 0.0487839670714142 0.047754485153592 0.049273895949931 0.0525416305973952 0.0600565783352356 0.0759884715314176 0.0975958642781105 0.102692468735391 0.105412138918647 0.105342253661019 0.105043844342557 0.104559476869971 0.109872199091603 0.115832384571279 0.120823215032226 0.127654743300709 0.136287418425828 0.147550464124942 0.160535815150162 0.180550077909407 0.206333237883793 0.238901904189282 0.26877396706252 0.298468314191613 0.333782406508434 0.36538587774271 0.391728310922583 0.415545469659435 0.43830464976455 0.458544069413532 0.47748702278351 0.494200326086308 0.511492394972426 0.528971726110497 0.525611910446564 0.518558993516236 0.503721264193892 0.47104086800191 0.428314578996754 0.412014981739777 0.401746082978332 0.404253733871564 0.405272175577592 -9999 -9999 -9999 -9999 -9999 -9999 -9999 -9999 -9999 -9999 -9999 -9999
0.0450526079857969 0.0373531138530778 0.0332447700541291 0.0311286645857677 0.0331734126599514 0.0384137830296519 0.0514691743388705 0.0665424414164206 0.0829763509114409 0.0887317291116602 0.0941489058530008 0.101702099858036 0.103642783520253 0.101016367947773 0.102715821830775 0.105024168511561 0.107154418884057 0.116042959651441 0.131544575879203 0.142632162555994 0.154707688031958 0.178520193687478 0.206009687256571 0.237824136503755 0.263586434609063 0.288829483805097 0.32554590009091 0.358896815738089 0.387476016209264 0.414711580146184 0.441384379196109 0.466719529996528 0.489792459512634 0.508974842918726 0.529342363346834 0.550179870107736 0.551457341508568 0.548153646761035 0.53519315778308 0.501705514051205 0.456660539908806 0.45600072170506 0.460966281115349 0.475567663371378 -9999 -9999 -9999 -9999 -9999 -9999 -9999 -9999 -9999 -9999 -9999 -9999 -9999
0.0430097290895399 0.03379688048929 0.0312069681095502 0.0322912175368102 0.0320936353310429 0.0352691644372802 0.0472847414079797 0.0578928845968677 0.0675520030076363 0.0807861171231578 0.0925245522459405 0.0982611241463271 0.0994993017722302 0.0970769760238024 0.09911905292611 0.102212001451856 0.106953062965259 0.117505398289328 0.133744140971671 0.146967818154836 0.15990307396456 0.175010547000376 0.195827018987409 0.223358543623682 0.25015538855929 0.277499736334563 0.312014917292966 0.344076785477918 0.372660267814962 0.4068102228281 0.442543457216776 0.469497156537738 0.494617062662279 0.516583229125554 0.536661094873343 0.555820843395462 0.560931211378687 0.562881064669352 0.558168762722718 0.533217150359196 0.496870271551139 0.490615216324618 0.486135589538129 0.482837317439741 -9999 -9999 -9999 -9999 -9999 -9999 -9999 -9999 -9999 -9999 -9999 -9999 -9999
0.0416900746551964 0.0333101467213426 0.0309391872668371 0.0319017828627209 0.0301518837160818 0.0320235947474605 0.0435257837154033 0.0511152940797223 0.0560665070039464 0.0750740827114959 0.0914162660001067 0.094725607944946 0.0950417932009985 0.0929223404291985 0.0958124192998111 0.100243503510919 0.108092816108404 0.12060571622472 0.137681997666204 0.151080075937822 0.163399605643005 0.173959616866482 0.189895832083166 0.212155659053143 0.240225294645004 0.270239018342917 0.302920150641329 0.334126879332059 0.363243151111396 0.399667494437299 0.438247957221521 0.466785007007143 0.494360192746809 0.520281174077602 0.540767185691929 0.558724698518998 0.566709511130958 0.57229570366014 0.572825764229427 0.555151058276106 0.527226587839081 0.515097055087755 0.506817127909636 -9999 -9999 -9999 -9999 -9999 -9999 -9999 -9999 -9999 -9999 -9999 -9999 -9999 -9999
