layers/veg50/veg1400.asc
NCOLS 255 
NROWS 330 
XLLCORNER -2985163.8955 
YLLCORNER -3022031.214 
CELLSIZE 25000 
NODATA_value -9999 
[rows 75 to 99 of 330, columns 0 to 56 of 255]
-9999 -9999 -9999 -9999 -9999 -9999 -9999 -9999 -9999 -9999 -9999 -9999 -9999 -9999 -9999 -9999 -9999 -9999 -9999 -9999 -9999 -9999 -9999 -9999 0.762114942995778 0.744817952888764 0.727520962781749 0.735922200840989 0.750178390158026 0.755391816186967 0.750274754408703 0.731112006143642 0.535011699037329 0.291971157329607 0.278903682026102 0.281194633703342 0.308771223939653 0.420466560951373 0.567643809344652 0.624475171198145 0.660318001685292 0.653922902363498 0.650589694343496 0.648905303645813 0.644367751784827 0.639240636707669 0.63287728927857 0.650705194345731 0.684389142606534 0.702952374021469 0.717790995124086 0.72488564496672 0.729138662381138 0.731142139077841 0.73524711146336 0.740248889089416 0.747739445662798
-9999 -9999 -9999 -9999 -9999 -9999 -9999 -9999 -9999 -9999 -9999 -9999 -9999 -9999 -9999 -9999 -9999 -9999 -9999 -9999 -9999 -9999 -9999 -9999 0.748527879917848 0.732908527138133 0.717289174358418 0.732845568845561 0.755084543399927 0.76279944387952 0.76358812644457 0.75495968494128 0.583588571241099 0.365527082164904 0.303758060832335 0.270967891610888 0.285887607083835 0.414140275543308 0.590110619355665 0.638199684935526 0.668811073489242 0.664249877426707 0.660761196146122 0.65785006017222 0.654774128223801 0.654015124634213 0.659052805652231 0.674984692279259 0.69805713496983 0.710828800901268 0.72078363401854 0.724578519930275 0.731458823230602 0.740781656387312 0.746212440740778 0.750244749800043 0.750756680598879
-9999 -9999 -9999 -9999 -9999 -9999 -9999 -9999 -9999 -9999 -9999 -9999 -9999 -9999 -9999 -9999 -9999 -9999 -9999 -9999 -9999 -9999 -9999 -9999 0.736922491068684 0.743188234488912 0.749453977909139 0.752799483359363 0.755581403381395 0.760251143354497 0.75795869556299 0.746200217857999 0.633822058722291 0.486762666590596 0.345008324021599 0.269422686267703 0.302775154999198 0.431024516036765 0.598947673700914 0.63986205695623 0.666900910687132 0.66601624600293 0.669228977808375 0.674648142711101 0.678143235311471 0.679497630649636 0.675667506047858 0.687423460126534 0.709395236507714 0.724349535456869 0.736169336895234 0.739946079633749 0.745815111461568 0.753340476266476 0.755814311157838 0.757861963080369 0.761103412762777
-9999 -9999 -9999 -9999 -9999 -9999 -9999 -9999 -9999 -9999 -9999 -9999 -9999 -9999 -9999 -9999 -9999 -9999 -9999 -9999 -9999 -9999 -9999 -9999 0.762029052566798 0.764263474975286 0.766497897383774 0.760880945429116 0.754380579916072 0.758297911586114 0.754309839263616 0.739573307807056 0.641240361332905 0.513043176369551 0.372751118286596 0.300778750251735 0.341285804177835 0.459090196237267 0.609057517317419 0.64474295912506 0.668869380358682 0.669734093036153 0.675361644533464 0.683553967401001 0.689430957436578 0.691355537853939 0.683605804678374 0.688994526987838 0.702994788435287 0.725167485441617 0.743300208766422 0.746463172144039 0.751377841183505 0.757679224835548 0.759216272511714 0.760793564984633 0.765331570769977
-9999 -9999 -9999 -9999 -9999 -9999 -9999 -9999 -9999 -9999 -9999 -9999 -9999 -9999 -9999 -9999 -9999 -9999 -9999 -9999 -9999 -9999 -9999 -9999 0.765023677315071 0.761610925677908 0.758198174040745 0.754174092218524 0.751065123591557 0.757085896885408 0.753127984748074 0.735602708732816 0.595328111082918 0.421047737016491 0.383669022325005 0.373116603485072 0.406730167374455 0.501083466921302 0.620752746019059 0.653632859333183 0.675669070887709 0.675882699747794 0.678585694351529 0.68262920334822 0.685670118138373 0.686242657957887 0.68073678566276 0.677028796013106 0.674499220126366 0.710162859252033 0.740148871121869 0.741956131279362 0.745987322932411 0.751779060531862 0.754895633133526 0.757888773891163 0.761938438725958
-9999 -9999 -9999 -9999 -9999 -9999 -9999 -9999 -9999 -9999 -9999 -9999 -9999 -9999 -9999 -9999 -9999 -9999 -9999 -9999 -9999 -9999 -9999 -9999 -9999 -9999 0.755225919537411 0.75258686668159 0.749591046027567 -9999 0.701030560137525 0.702656783233979 0.56491367966576 0.389858491307604 0.390631140768182 0.405703935485558 0.444320046504721 0.527542956511087 0.629203624749589 0.656218946667522 0.674592089727375 0.675573461174795 0.677816790473362 0.6807396794819 0.680946262737243 0.679951261039727 0.676181122629446 0.671353843783377 0.665833667187834 0.698363795629131 0.72716735054479 0.734004583458564 0.736277188540177 0.734936266387339 0.738149647254625 0.741996511293858 0.745801281770932
-9999 -9999 -9999 -9999 -9999 -9999 -9999 -9999 -9999 -9999 -9999 -9999 -9999 -9999 -9999 -9999 -9999 -9999 -9999 -9999 -9999 -9999 -9999 -9999 -9999 -9999 -9999 -9999 -9999 -9999 0.695858993229634 0.670966164441319 0.539598430008302 0.382351360461599 0.400687279104156 0.429551448715328 0.475749004680802 0.549912271593426 0.635381174718665 0.656094215642267 0.67070066999162 0.673018052247582 0.675332404603447 0.677645125369138 0.6754886460257 0.673181295387284 0.670865984974166 0.667407216249314 0.66319897312731 0.686800898202836 0.710000321376747 0.724490503340586 0.725734213549643 0.716491529641517 0.719375431214635 0.723742048615612 0.727149982248347
-9999 -9999 -9999 -9999 -9999 -9999 -9999 -9999 -9999 -9999 -9999 -9999 -9999 -9999 -9999 -9999 -9999 -9999 -9999 -9999 -9999 -9999 -9999 -9999 -9999 -9999 -9999 -9999 -9999 0.706408436353194 0.676736905057043 0.606722939410582 0.517607174094575 0.42937859713181 0.459519008356745 0.49385997333296 0.535116599921915 0.580474693414524 0.627249332018744 0.647429365739391 0.662604420878652 0.66770731182853 0.667456625445007 0.664323057151688 0.665117822705159 0.665133398594205 0.6628800967912 0.660954424132505 0.659243494462601 0.666684519022572 0.679987133909338 0.709392160576191 0.720907803728618 0.718261553093894 0.721192994473586 0.724276473961628 0.724720129753153
-9999 -9999 -9999 -9999 -9999 -9999 -9999 -9999 -9999 -9999 -9999 -9999 -9999 -9999 -9999 -9999 -9999 -9999 -9999 -9999 -9999 -9999 -9999 -9999 -9999 -9999 -9999 -9999 0.745497271715509 0.71523955551759 0.661343138877696 0.57530673218509 0.504612392920864 0.446332941213481 0.499198110294172 0.542493054966915 0.570031878546528 0.595595022482882 0.620181161958962 0.636721311679233 0.649663674552564 0.655365746733031 0.656370360362776 0.654845409659265 0.656973801990498 0.657900951301338 0.655528451728793 0.654525649129724 0.654420607999474 0.652730692430577 0.659608709569694 0.694024178631905 0.711643256148339 0.715965692509594 0.719633216795496 0.722540115774895 0.722675026466696
-9999 -9999 -9999 -9999 -9999 -9999 -9999 -9999 -9999 -9999 -9999 -9999 -9999 -9999 -9999 -9999 -9999 -9999 -9999 -9999 -9999 -9999 -9999 -9999 -9999 -9999 -9999 -9999 0.744142692495093 0.701077800502163 0.651555922050844 0.593254902755784 0.50514626611761 0.418064486198016 0.510076011458982 0.567553831185872 0.568176427566333 0.587493951875753 0.61471251392615 0.622940742700627 0.629437904893568 0.632451418445765 0.640456253744906 0.651148897638958 0.652178386554768 0.651894754819346 0.649130564245085 0.648132990410714 0.648293337247818 0.648043945046351 0.653718780342139 0.678250720612279 0.695704757545183 0.707555665940045 0.71299468554461 0.717389014985926 0.721208498590577
-9999 -9999 -9999 -9999 -9999 -9999 -9999 -9999 -9999 -9999 -9999 -9999 -9999 -9999 -9999 -9999 -9999 -9999 -9999 -9999 -9999 -9999 -9999 -9999 -9999 -9999 -9999 0.731141261567705 0.708932795318189 0.662821626310335 0.619658188159331 0.580502586253379 0.509945796954502 0.437440244679038 0.505997105574121 0.548829976145899 0.549311665673708 0.573640907426773 0.60802104104911 0.616209045979136 0.622139152885396 0.623525400262902 0.631777791349871 0.643727575835189 0.644713825440841 0.64475799020493 0.643354962500754 0.64289420176095 0.643051045491578 0.64295163866842 0.645764787458622 0.657863396756465 0.673184130420655 0.69105561621157 0.701710600551227 0.710310461590772 0.714614757497764
-9999 -9999 -9999 -9999 -9999 -9999 -9999 -9999 -9999 -9999 -9999 -9999 -9999 -9999 -9999 -9999 -9999 -9999 -9999 -9999 -9999 -9999 -9999 -9999 0.720558555193952 0.731755443885911 0.742952332577869 0.708881289972958 0.662709860127962 0.617360731357999 0.580842236013041 0.556330173557041 0.51618426702778 0.474629886226767 0.496422739694266 0.513964531649719 0.524507507579238 0.558020859447492 0.601119847218415 0.612226224604966 0.619774112277045 0.620160791946422 0.626103982510455 0.635039333968446 0.636412303791208 0.63738084568004 0.637963670300386 0.63822361278269 0.638271923679237 0.6378258392371 0.637260994334799 0.636452509847369 0.648708807736157 0.671307667749294 0.68849408065528 0.702425946668753 0.706027682002011
-9999 -9999 -9999 -9999 -9999 -9999 -9999 -9999 -9999 -9999 -9999 -9999 -9999 -9999 -9999 -9999 -9999 -9999 -9999 -9999 -9999 -9999 -9999 -9999 0.730160646787403 0.723250197502618 0.716339748217834 0.70063624926364 0.679654753937403 0.634081251471818 0.590742608740159 0.550442558159279 0.515860434858002 0.485918824155749 0.497612964978215 0.509138057934252 0.5203848357181 0.555965146465061 0.60161684440926 0.607495248733728 0.61311260014806 0.61820460110779 0.624639560349431 0.63179769773821 0.633942642767827 0.635579094606419 0.636359824603331 0.636647021279163 0.636610733850246 0.636134868647995 0.635917696395711 0.636636700956159 0.641587394207606 0.649888047827107 0.6724842371553 0.693268498893371 0.698151969822452
-9999 -9999 -9999 -9999 -9999 -9999 -9999 -9999 -9999 -9999 -9999 -9999 -9999 -9999 -9999 -9999 -9999 -9999 -9999 -9999 -9999 -9999 -9999 -9999 0.739014199007562 0.717643973067825 0.696273747128087 0.692364730172907 0.687560559507449 0.635408614593867 0.586466977905669 0.541890186682781 0.507482820875715 0.479417476306238 0.495379400872023 0.509516836893435 0.52065049147642 0.556354282425103 0.602158813546331 0.602949365987925 0.606677630575803 0.616317832367285 0.623355306261207 0.62899122065487 0.631739426393507 0.633869483452658 0.634694807821558 0.635029074958897 0.635041480932768 0.634453881957749 0.634263685278742 0.635491511836817 0.635676167403449 0.635035010455596 0.659173651382557 0.682862416685413 0.690154075207154
-9999 -9999 -9999 -9999 -9999 -9999 -9999 -9999 -9999 -9999 -9999 -9999 -9999 -9999 -9999 -9999 -9999 -9999 -9999 -9999 -9999 -9999 -9999 -9999 0.746498656177591 0.717340123820657 0.688181591463724 0.684044781537615 0.678933673000375 0.60858155351962 0.556263123387425 0.528463917469744 0.484374662038004 0.440377302753272 0.486883650334525 0.519416137986535 0.528942495395589 0.561215101111375 0.602783037366549 0.598742022657533 0.600657012344477 0.614558038177894 0.62240058355832 0.626980659264533 0.630023543168491 0.632328398247831 0.632917907774475 0.633335489765223 0.633640382657472 0.632791156039076 0.6320413728953 0.63191485691218 0.63197839885308 0.632192397635112 0.650800067623654 0.670172554516031 0.681932706217693
-9999 -9999 -9999 -9999 -9999 -9999 -9999 -9999 -9999 -9999 -9999 -9999 -9999 -9999 -9999 -9999 -9999 -9999 -9999 -9999 -9999 -9999 -9999 -9999 0.743526575297716 0.722050643825308 0.7005747123529 0.686112433915101 0.669639486469609 0.620188632249448 0.583932756735712 0.565617228044817 0.510370335238318 0.44915955454531 0.496173015463436 0.529940911386013 0.541901719290528 0.555103506060459 0.568776962113226 0.577452059503977 0.586889231618614 0.597860025030278 0.606997654565189 0.615148132024233 0.622382602664123 0.627930429254735 0.629343915625632 0.630474627449586 0.631419996020597 0.631155972451422 0.630635650663901 0.629627609270789 0.6295114560242 0.630101354229351 0.639782151673814 0.651325765584198 0.665267901263746
-9999 -9999 -9999 -9999 -9999 -9999 -9999 -9999 -9999 -9999 -9999 -9999 -9999 -9999 -9999 -9999 -9999 -9999 -9999 -9999 -9999 -9999 -9999 -9999 0.735439267733983 0.729214139688432 0.722989011642881 0.693261589714491 0.660018863897484 0.65059728149513 0.63991348195877 0.627513528599532 0.560387078387585 0.481336025824157 0.514162669138914 0.540771659154479 0.557144097327455 0.543624323451698 0.517830114584645 0.547805461264063 0.56933162178037 0.573854394786091 0.584526817436781 0.598510804039757 0.611843187449091 0.622134903238779 0.624890805222889 0.627042745638469 0.628798822271494 0.629534262277808 0.629629395609455 0.627971125894792 0.627646619986659 0.628377970550605 0.627470656671375 0.629467073868139 0.644472657655738
-9999 -9999 -9999 -9999 -9999 -9999 -9999 -9999 -9999 -9999 -9999 -9999 -9999 -9999 -9999 -9999 -9999 -9999 -9999 -9999 -9999 -9999 -9999 -9999 -9999 -9999 -9999 0.695180039364861 0.663545279267453 0.651617622458348 0.641225663096443 0.632921690796184 0.576208695187128 0.507178884073385 0.509327029789194 0.514739552180134 0.525526443237308 0.532214114366913 0.537264655247215 0.553226500133278 0.563625054165465 0.562827880183565 0.576156102796338 0.597090800066237 0.605066565933357 0.612392840845736 0.619166821940694 0.624980608626051 0.630165040380931 0.631688298897983 0.631952997937711 0.629213788240235 0.627903466948804 0.627724306260185 0.6236102524223 0.620510501693806 0.623926695652618
-9999 -9999 -9999 -9999 -9999 -9999 -9999 -9999 -9999 -9999 -9999 -9999 -9999 -9999 -9999 -9999 -9999 -9999 -9999 -9999 -9999 -9999 -9999 -9999 -9999 -9999 -9999 0.669049088979904 0.665586625249484 0.65271136431371 0.642718164400887 0.63664351376857 0.589689142152473 0.53109412555944 0.513135018124406 0.50570682237785 0.515616393512382 0.531718702249531 0.550332540729625 0.555173466313455 0.557165800006437 0.553425544684981 0.569126828709241 0.595297310914065 0.600447064075554 0.606337252984967 0.615809361882854 0.623785513643063 0.63078114730093 0.633119957995893 0.633695455417446 0.629935925188077 0.627393213840928 0.625813781063683 0.618722439712608 0.611426310732598 0.606512560638002
-9999 -9999 -9999 -9999 -9999 -9999 -9999 -9999 -9999 -9999 -9999 -9999 -9999 -9999 -9999 -9999 -9999 -9999 -9999 -9999 -9999 -9999 -9999 -9999 -9999 -9999 0.670899605080195 0.668115582120136 0.663971427494408 0.654670192280306 0.645918474167153 0.63791389840227 0.598713002219494 0.550820375066771 0.536946724065942 0.535824137105932 0.555694507105898 0.555795106708612 0.547390593774533 0.548463866208788 0.548729743053172 0.547370793574181 0.564781889557919 0.59230058671012 0.600594474248612 0.608675335091693 0.617810130971246 0.624509849842227 0.629613508888125 0.632835351011407 0.634050234661535 0.629417118553193 0.625105395467101 0.621048098915124 0.611320282184138 0.601747558347649 0.596143451743191
-9999 -9999 -9999 -9999 -9999 -9999 -9999 -9999 -9999 -9999 -9999 -9999 -9999 -9999 -9999 -9999 -9999 -9999 -9999 -9999 -9999 -9999 -9999 -9999 -9999 -9999 0.670899605080195 0.668169591611029 0.663838999754083 0.652195373612769 0.643060438372535 0.637336405554959 0.610350036007972 0.576364627542936 0.548677647422136 0.538848696545897 0.558420651987826 0.550604755886847 0.531030433418971 0.526288076637712 0.524364905588823 0.528115145747406 0.553880434374881 0.591500746479512 0.60129786996396 0.609923651164715 0.617920585770379 0.623328313568996 0.627038957887699 0.623845895247609 0.620347163371531 0.61772694223882 0.615133134914574 0.612560237732349 0.604354912061198 0.595945951603263 0.589994824338987
-9999 -9999 -9999 -9999 -9999 -9999 -9999 -9999 -9999 -9999 -9999 -9999 -9999 -9999 -9999 -9999 -9999 -9999 -9999 -9999 -9999 -9999 -9999 -9999 -9999 -9999 -9999 0.668814625630072 0.664594003849935 0.647067035428147 0.636576507346826 0.635652965534661 0.623551043663476 0.605390931184253 0.553178271429466 0.525658351898751 0.538791795184533 0.527898370805251 0.506639526799501 0.494855835438739 0.490466757633711 0.500958814810437 0.539054930955725 0.592015732391144 0.602334020769966 0.610519746689254 0.616899695139015 0.621006120355799 0.623622375413375 0.609646622817018 0.598230525589039 0.599350746508991 0.600561766904519 0.60184466750363 0.597650957427814 0.592464800789803 0.586372137978572
-9999 -9999 -9999 -9999 -9999 -9999 -9999 -9999 -9999 -9999 -9999 -9999 -9999 -9999 -9999 -9999 -9999 -9999 -9999 -9999 -9999 -9999 -9999 -9999 -9999 -9999 -9999 -9999 0.664636574502442 0.646777875801074 0.636210913072449 0.635558045334209 0.626571154404294 0.612410429517204 0.56253874447243 0.523861175946035 0.503613254194449 0.482480544626952 0.461484317798051 0.477516244767224 0.486886340426139 0.482849973366426 0.516972685151142 0.571643922014355 0.600512199662895 0.621381640461959 0.624414065351385 0.61973163170742 0.609992530156028 0.605368370992336 0.601597248435717 0.599158045606693 0.598128677881979 0.598215387465829 0.589867117820881 0.580150356062548 0.569701522877313
-9999 -9999 -9999 -9999 -9999 -9999 -9999 -9999 -9999 -9999 -9999 -9999 -9999 -9999 -9999 -9999 -9999 -9999 -9999 -9999 -9999 -9999 -9999 -9999 -9999 -9999 -9999 -9999 -9999 -9999 -9999 -9999 -9999 0.616896584151301 0.574520086809708 0.533177917762743 0.493538634788821 0.461943044356498 0.434652377648163 0.463279604507435 0.480185037743941 0.473501193215771 0.502861513109429 0.551631484362203 0.597174254982696 0.629347657581731 0.628417069803037 0.615804133339863 0.59553405612414 0.597883036560065 0.599834311544964 0.594479451848358 0.592407296249067 0.592933849919066 0.581847554446306 0.568976685441934 0.555510773257983
-9999 -9999 -9999 -9999 -9999 -9999 -9999 -9999 -9999 -9999 -9999 -9999 -9999 -9999 -9999 -9999 -9999 -9999 -9999 -9999 -9999 -9999 -9999 -9999 -9999 -9999 -9999 -9999 -9999 -9999 -9999 -9999 -9999 0.617944540122924 0.593078046066259 0.571937037499281 0.556929552871141 0.515447750330103 0.46303024067705 0.455423128612746 0.45956421879232 0.487347732212323 0.512468446602102 0.536155253405311 0.590039725985078 0.627410409536859 0.62107170749435 0.604213151184298 0.580459405644886 0.579674349809957 0.579298281916691 0.574075426605969 0.575359499934332 0.581794697234796 0.57334487333766 0.562511809905834 0.550518441264937
