layers/veg50/veg1900.asc
NCOLS 255 
NROWS 330 
XLLCORNER -2985163.8955 
YLLCORNER -3022031.214 
CELLSIZE 25000 
NODATA_value -9999 
[rows 75 to 99 of 330, columns 0 to 56 of 255]
-9999 -9999 -9999 -9999 -9999 -9999 -9999 -9999 -9999 -9999 -9999 -9999 -9999 -9999 -9999 -9999 -9999 -9999 -9999 -9999 -9999 -9999 -9999 -9999 0.743784206328588 0.728647477528681 0.713510748728775 0.729997257823478 0.753488832131865 0.76416339905856 0.76332081418897 0.746819113663817 0.523402681199885 0.24501867517946 0.234398199431472 0.24170569030457 0.278529230226711 0.412805543995081 0.588103272882734 0.652725337796148 0.696684735888769 0.699061983443615 0.697776518898977 0.694518697219136 0.687819898367191 0.683776551030361 0.686645065702524 0.692615740443338 0.700619711477912 0.697001557229544 0.697852816715961 0.715955154292438 0.722229525736877 0.719140444273903 0.726069755730776 0.737120073118558 0.75939481822392
-9999 -9999 -9999 -9999 -9999 -9999 -9999 -9999 -9999 -9999 -9999 -9999 -9999 -9999 -9999 -9999 -9999 -9999 -9999 -9999 -9999 -9999 -9999 -9999 0.741304906093201 0.725074417199834 0.708843928306467 0.735044279407515 0.7693998664331 0.776041336525942 0.778784222379847 0.776226459030695 0.581168224847387 0.33083088111857 0.264558315594249 0.23221918344934 0.255747005164733 0.40944447003374 0.617832217042757 0.671107966780987 0.706682049693834 0.706632784416124 0.706264037150061 0.705723249996019 0.699475456791307 0.698835332922658 0.712662757599979 0.717517400468822 0.716490875508745 0.710564202711312 0.708929330833923 0.722186241132934 0.729622668300407 0.732451387000327 0.736684541397381 0.743920939904434 0.762794984919764
-9999 -9999 -9999 -9999 -9999 -9999 -9999 -9999 -9999 -9999 -9999 -9999 -9999 -9999 -9999 -9999 -9999 -9999 -9999 -9999 -9999 -9999 -9999 -9999 0.729245434905369 0.735756337144721 0.742267239384074 0.751256691354969 0.761229074036512 0.773865324525874 0.778819939023594 0.773330337056626 0.643326048388128 0.470548005467843 0.306589424675602 0.222794088019748 0.270977034002892 0.429284128704987 0.633457276586364 0.677936454043876 0.706526767310265 0.703141869032098 0.702747383384792 0.703963224055654 0.697151580773813 0.696568345278635 0.712193423912749 0.717624454956088 0.716373845231038 0.714074558648939 0.716533309283583 0.734329519902518 0.747443504578783 0.756850867032205 0.755634763186546 0.757710938464814 0.779676999368803
-9999 -9999 -9999 -9999 -9999 -9999 -9999 -9999 -9999 -9999 -9999 -9999 -9999 -9999 -9999 -9999 -9999 -9999 -9999 -9999 -9999 -9999 -9999 -9999 0.764257609449438 0.764405843178877 0.764554076908317 0.763093632625037 0.762686328033357 0.774847863353047 0.778648079577036 0.771079958813842 0.653068202238871 0.496209987640883 0.332935494640511 0.253408609727195 0.311761193260151 0.461951469624751 0.650161297999208 0.688893310191661 0.712921323207693 0.707358581430832 0.707061169424915 0.709599118337586 0.703784001761024 0.70149969604832 0.708717310799466 0.713102167481067 0.715630306147972 0.717394154262441 0.723041934131875 0.741184982271753 0.755312367346503 0.766260805881957 0.764383939640762 0.765545759198575 0.786836366215595
-9999 -9999 -9999 -9999 -9999 -9999 -9999 -9999 -9999 -9999 -9999 -9999 -9999 -9999 -9999 -9999 -9999 -9999 -9999 -9999 -9999 -9999 -9999 -9999 0.76445627573251 0.764229870509887 0.764003465287264 0.769480491851652 0.776136267304865 0.779764690035436 0.778217663553176 0.769633918338132 0.597521448624281 0.379804995042247 0.339744295053772 0.333896439811097 0.384375552649491 0.510596959145333 0.668209273272716 0.704992458629193 0.727474351332416 0.721175907540353 0.721128543712424 0.724447363694498 0.721572377634065 0.715397290183327 0.701495956141482 0.702813576135683 0.71410638830296 0.720476139000731 0.728186187593813 0.741453945647503 0.750785061535678 0.756999786734308 0.76042670389301 0.765962816191811 0.781885212613534
-9999 -9999 -9999 -9999 -9999 -9999 -9999 -9999 -9999 -9999 -9999 -9999 -9999 -9999 -9999 -9999 -9999 -9999 -9999 -9999 -9999 -9999 -9999 -9999 -9999 -9999 0.763806283067735 0.770991988487553 0.779149113746688 -9999 0.719355926553059 0.722034182275836 0.558006082180821 0.349589209196019 0.355290084713078 0.3798948040235 0.435622226338298 0.543635785225007 0.67308694643024 0.702702365944983 0.720982641918506 0.716451745975732 0.715207569528019 0.715733279566445 0.712791800190275 0.707074397968677 0.694714217597941 0.699167190555098 0.714640266147685 0.720360434380112 0.726804582878343 0.738147406577894 0.746066496313114 0.751275232350609 0.755911204678718 0.762157344507095 0.775420316962204
-9999 -9999 -9999 -9999 -9999 -9999 -9999 -9999 -9999 -9999 -9999 -9999 -9999 -9999 -9999 -9999 -9999 -9999 -9999 -9999 -9999 -9999 -9999 -9999 -9999 -9999 -9999 -9999 -9999 -9999 0.686336873531783 0.666875071386489 0.523715974307124 0.350263780052277 0.377217396921933 0.418145409480357 0.482080434339625 0.572482100922676 0.673329723910748 0.694938087365479 0.708791179464964 0.707037338357231 0.704394730237255 0.701273524315835 0.697463237126393 0.693446479404087 0.688971202844064 0.697927190594543 0.715686637656833 0.719219987887868 0.723496754679898 0.733929683938723 0.741496337417933 0.746793941596319 0.751386268060891 0.757195268165894 0.768466103958329
-9999 -9999 -9999 -9999 -9999 -9999 -9999 -9999 -9999 -9999 -9999 -9999 -9999 -9999 -9999 -9999 -9999 -9999 -9999 -9999 -9999 -9999 -9999 -9999 -9999 -9999 -9999 -9999 -9999 0.694584677610608 0.662872087320421 0.588041968679879 0.492305683684357 0.398008173608423 0.440609113262949 0.489642873313241 0.549267429650591 0.608621291410182 0.667343616025665 0.689736367372503 0.705910146346244 0.709568684782489 0.708315570725091 0.704417549675731 0.701204081927423 0.697700475761365 0.693416217569912 0.700606004758068 0.715316401272799 0.717702807914349 0.721283698551104 0.731939620931818 0.739271039167766 0.743970657679863 0.748708748105173 0.753954796137765 0.761285923543965
-9999 -9999 -9999 -9999 -9999 -9999 -9999 -9999 -9999 -9999 -9999 -9999 -9999 -9999 -9999 -9999 -9999 -9999 -9999 -9999 -9999 -9999 -9999 -9999 -9999 -9999 -9999 -9999 0.6892966547919 0.681509660181007 0.637941041150102 0.545722495032384 0.473037211254713 0.415295917844505 0.485514324900498 0.545666070305368 0.589244375713687 0.628155526408565 0.664796819406419 0.685129542513988 0.699918806302216 0.703552251632152 0.705368384199557 0.706205900458414 0.703344627144371 0.70000436699711 0.695773622051205 0.701572093590508 0.713944168121737 0.715751632053106 0.718482751253953 0.726961450623615 0.734171619468878 0.74037757290684 0.744240349335274 0.748357881746474 0.754906458500002
-9999 -9999 -9999 -9999 -9999 -9999 -9999 -9999 -9999 -9999 -9999 -9999 -9999 -9999 -9999 -9999 -9999 -9999 -9999 -9999 -9999 -9999 -9999 -9999 -9999 -9999 -9999 -9999 0.686531629091634 0.652602073243062 0.610805073077016 0.558311225056555 0.472027275253015 0.386783780033388 0.502620032857055 0.578419485102292 0.588303588740735 0.622719680331752 0.667421965657301 0.681417304801369 0.689250271179611 0.684681899713089 0.692093245186415 0.705955624631902 0.703078685310794 0.699375743115799 0.694991734946073 0.699962632587554 0.711065159446573 0.7131478249632 0.714797749184904 0.717489845712489 0.724750173996328 0.735626882513448 0.737078875644746 0.739217413330257 0.749731087482678
-9999 -9999 -9999 -9999 -9999 -9999 -9999 -9999 -9999 -9999 -9999 -9999 -9999 -9999 -9999 -9999 -9999 -9999 -9999 -9999 -9999 -9999 -9999 -9999 -9999 -9999 -9999 0.678736309295409 0.658641619290623 0.619531341650307 0.583382227531347 0.551259213170046 0.479669335296367 0.404851070949031 0.495090229215067 0.553626044177903 0.559966456520155 0.601094870159107 0.6568985225344 0.675438108224031 0.684875974196492 0.675997275191431 0.683405408847769 0.699583942616659 0.696794388689279 0.693085679077098 0.688647220315272 0.692992348562908 0.703094637794194 0.705160849516224 0.706533501870983 0.707859922301483 0.715368956272471 0.727772374458364 0.730407736434109 0.733099016916812 0.741750143634051
-9999 -9999 -9999 -9999 -9999 -9999 -9999 -9999 -9999 -9999 -9999 -9999 -9999 -9999 -9999 -9999 -9999 -9999 -9999 -9999 -9999 -9999 -9999 -9999 0.679661305831223 0.6851756851424 0.690690064453576 0.661329349569331 0.622868500810163 0.586919688683556 0.557479925707251 0.536890089801039 0.490406984966374 0.440497898484332 0.478333396498275 0.507329039881742 0.521771020355513 0.574037800812536 0.642241583790565 0.668562034526938 0.682470320828273 0.671400007101178 0.676771020945958 0.690995629850301 0.688380189239503 0.684841466682669 0.680387176168945 0.684198658171057 0.693427902071203 0.695416258990508 0.696861646266114 0.698524744226088 0.706321539363408 0.718973994723903 0.724110439155403 0.728287520535722 0.732891237843637
-9999 -9999 -9999 -9999 -9999 -9999 -9999 -9999 -9999 -9999 -9999 -9999 -9999 -9999 -9999 -9999 -9999 -9999 -9999 -9999 -9999 -9999 -9999 -9999 0.687962508647368 0.6778227272434 0.667682945839432 0.655954757256964 0.641863498694442 0.611411781968785 0.576021822428734 0.53391765813271 0.492650120432269 0.455278617079743 0.474534865161571 0.49266591102246 0.508944458792225 0.572668993540617 0.65602727858178 0.66157770282929 0.666175362840239 0.668855652443233 0.67684664706725 0.687697437016881 0.686511417015311 0.684099693170588 0.679621382263455 0.683243048676499 0.692173807302777 0.69553921376247 0.697965018260399 0.698905386431181 0.705924860084739 0.7177567771687 0.722729819790904 0.726647904653929 0.730210645963988
-9999 -9999 -9999 -9999 -9999 -9999 -9999 -9999 -9999 -9999 -9999 -9999 -9999 -9999 -9999 -9999 -9999 -9999 -9999 -9999 -9999 -9999 -9999 -9999 0.694604838695302 0.673115825914154 0.651626813133005 0.652990128970716 0.655650714724766 0.617218014231915 0.573806766564967 0.523626514948532 0.477424186319373 0.436908907321495 0.463982001029705 0.487315046635229 0.504490592866849 0.572839159385866 0.662159180280563 0.653077713652178 0.651392645798241 0.664592305552021 0.67524582719645 0.684528262735615 0.684751405708066 0.683734788707353 0.680370916071182 0.682937329300345 0.689390720636405 0.693918738890132 0.697364106877383 0.697898146400474 0.70350263327581 0.713121072716808 0.71757462525779 0.721482277088131 0.726153459548075
-9999 -9999 -9999 -9999 -9999 -9999 -9999 -9999 -9999 -9999 -9999 -9999 -9999 -9999 -9999 -9999 -9999 -9999 -9999 -9999 -9999 -9999 -9999 -9999 0.698213053803148 0.673248620506421 0.648284187209694 0.654433378128028 0.65991278269635 0.588847393886412 0.533626785869986 0.49994928672035 0.430246938028437 0.357906331760806 0.441075313001961 0.498996519689523 0.515350572228851 0.57582414106068 0.654292125329303 0.641805553461938 0.639375850854256 0.657184883890998 0.67057875057086 0.681595066236454 0.68319032052061 0.684059186060072 0.683892017742287 0.683820273307817 0.683811074010925 0.689109492683347 0.69364602354706 0.694352439100051 0.697375635286598 0.702232880211273 0.705515649355146 0.709867496257302 0.719578451314258
-9999 -9999 -9999 -9999 -9999 -9999 -9999 -9999 -9999 -9999 -9999 -9999 -9999 -9999 -9999 -9999 -9999 -9999 -9999 -9999 -9999 -9999 -9999 -9999 0.693147816905045 0.678828760572122 0.664509704239199 0.666928143519922 0.667889295068052 0.618398720679652 0.580688477760094 0.558995178629627 0.46775932550349 0.364368829829616 0.450243992259466 0.511867268490812 0.533562990320923 0.555798007644112 0.578171741003884 0.593683309459469 0.608701458523149 0.622726636078826 0.638919453655185 0.656279537493598 0.667151890780959 0.675493905507001 0.678055257418598 0.678472287064396 0.677483830720048 0.679240748747411 0.680851753556812 0.681266987177715 0.685873225178295 0.693797216350111 0.696645859758277 0.699811983162182 0.70727150778449
-9999 -9999 -9999 -9999 -9999 -9999 -9999 -9999 -9999 -9999 -9999 -9999 -9999 -9999 -9999 -9999 -9999 -9999 -9999 -9999 -9999 -9999 -9999 -9999 0.683839619963164 0.687073683837476 0.690307747711788 0.68482919256616 0.677682873950727 0.676284845105832 0.670427863684495 0.658508336997433 0.546700977869943 0.412639928706951 0.475103598461342 0.525319798279885 0.555372142877501 0.524515082603106 0.468662557248799 0.527534398206408 0.568899968910339 0.575035413156878 0.594055850990753 0.620014810976724 0.644031298779631 0.662579889510364 0.66764073099764 0.670076196320946 0.670790871128676 0.666896952584097 0.663617510033357 0.663514794120377 0.671741220898663 0.686561303296027 0.689336186025113 0.690519247182291 0.692160562754793
-9999 -9999 -9999 -9999 -9999 -9999 -9999 -9999 -9999 -9999 -9999 -9999 -9999 -9999 -9999 -9999 -9999 -9999 -9999 -9999 -9999 -9999 -9999 -9999 -9999 -9999 -9999 0.686552261945401 0.68004004708892 0.669460351170135 0.661628395242758 0.657532361102117 0.567101382527882 0.453895767798144 0.454935810225969 0.462957245290126 0.482472628989946 0.496007164114217 0.507188849320968 0.536821417881969 0.553335082826723 0.543447885298467 0.567317314206478 0.609364563593832 0.621233283149649 0.632356070404851 0.644106109003928 0.653741541756521 0.661990966006888 0.660294623612163 0.658286573031376 0.65795126675896 0.661751930707955 0.668826780764885 0.669778794009956 0.671331423369288 0.678966484295638
-9999 -9999 -9999 -9999 -9999 -9999 -9999 -9999 -9999 -9999 -9999 -9999 -9999 -9999 -9999 -9999 -9999 -9999 -9999 -9999 -9999 -9999 -9999 -9999 -9999 -9999 -9999 0.69230456959496 0.68435568446202 0.669142371140978 0.660639355220527 0.661259890412166 0.587981156685719 0.492597973954149 0.454000533791259 0.43674048254748 0.454609647640723 0.488727274263015 0.529453814932922 0.535400705155257 0.533374064519155 0.515301258915637 0.544166139187413 0.598306792474236 0.603100059736269 0.609695636565795 0.624859957732005 0.638142082716632 0.650190531025828 0.652038020333347 0.652651551638332 0.652087545128026 0.652880031892702 0.654746368612453 0.654117229051699 0.655151618347016 0.664551696310008
-9999 -9999 -9999 -9999 -9999 -9999 -9999 -9999 -9999 -9999 -9999 -9999 -9999 -9999 -9999 -9999 -9999 -9999 -9999 -9999 -9999 -9999 -9999 -9999 -9999 -9999 0.697889385924646 0.696128506074753 0.693257672847179 0.685014060365244 0.679581165240449 0.677969818094622 0.611334237616859 0.52571801415522 0.497437382193783 0.493707377747953 0.530396766156368 0.529173862738193 0.51158299048607 0.508076339144929 0.502938487262989 0.494517960059751 0.528659895374324 0.585721561849482 0.595461418840515 0.6044755319922 0.615581256880571 0.624386878416362 0.631684907977989 0.639920278098352 0.646048461034349 0.645257717125977 0.646425164639758 0.649142788486507 0.647518346529944 0.645979669715334 0.647342968852074
-9999 -9999 -9999 -9999 -9999 -9999 -9999 -9999 -9999 -9999 -9999 -9999 -9999 -9999 -9999 -9999 -9999 -9999 -9999 -9999 -9999 -9999 -9999 -9999 -9999 -9999 0.697889385924646 0.692020724670422 0.684835266256264 0.679886420009634 0.676088987740325 0.673857057511556 0.628360177827127 0.567872104672302 0.508427511959386 0.486159888198755 0.525099274819318 0.506718680010613 0.463863831608298 0.461601895086133 0.461635290293794 0.46628787770697 0.512237457985146 0.580425318621521 0.592612761325496 0.602575639952204 0.611604857236916 0.61776579039449 0.622046720149239 0.623849217741085 0.626312748403615 0.631530804957622 0.637124251621211 0.643014870898733 0.641814219881618 0.639958037270624 0.639540099715312
-9999 -9999 -9999 -9999 -9999 -9999 -9999 -9999 -9999 -9999 -9999 -9999 -9999 -9999 -9999 -9999 -9999 -9999 -9999 -9999 -9999 -9999 -9999 -9999 -9999 -9999 -9999 0.683165842302407 0.666044279581231 0.66219076612383 0.659170159755209 0.657282002508055 0.641599349993926 0.615433037639863 0.499998412302063 0.440000801201081 0.471272973557979 0.446617042497776 0.398280565709648 0.403666207033716 0.413827867031335 0.433600925653209 0.495266682458944 0.579491504769026 0.592630889424252 0.602662881638868 0.610801863347339 0.615414442012249 0.61771565631165 0.605412112531724 0.598717214787103 0.613676015906756 0.626119991762299 0.636573139468016 0.636645600992277 0.635821856278619 0.637366598611179
-9999 -9999 -9999 -9999 -9999 -9999 -9999 -9999 -9999 -9999 -9999 -9999 -9999 -9999 -9999 -9999 -9999 -9999 -9999 -9999 -9999 -9999 -9999 -9999 -9999 -9999 -9999 -9999 0.664984756105266 0.661193002619508 0.658216197318534 0.656347423595552 0.651943144758109 0.640497402748685 0.53230127031715 0.454567750309238 0.426986932024914 0.390396862231725 0.350988376820236 0.390748079185054 0.415385298388265 0.409589593478403 0.463734231105275 0.550156525036464 0.593553869862411 0.624059275440324 0.625934860520721 0.618192274017443 0.604145501978581 0.606819644648168 0.611192659515499 0.616471243320363 0.623925470630758 0.633102017339091 0.630106921513251 0.625641074968251 0.622209979026107
-9999 -9999 -9999 -9999 -9999 -9999 -9999 -9999 -9999 -9999 -9999 -9999 -9999 -9999 -9999 -9999 -9999 -9999 -9999 -9999 -9999 -9999 -9999 -9999 -9999 -9999 -9999 -9999 -9999 -9999 -9999 -9999 -9999 0.658513353527835 0.566839773358784 0.485717044651454 0.421964911050379 0.372227684599609 0.329926104902157 0.380450145940156 0.410104313536923 0.397759341977827 0.443978714255748 0.521734772546107 0.590637427569203 0.63874580498514 0.635681538852365 0.618131694764192 0.591087346421592 0.6040017291324 0.615908665738588 0.61394386483332 0.618256711429197 0.627539174617659 0.622566399304164 0.615581097545245 0.608604374454196
-9999 -9999 -9999 -9999 -9999 -9999 -9999 -9999 -9999 -9999 -9999 -9999 -9999 -9999 -9999 -9999 -9999 -9999 -9999 -9999 -9999 -9999 -9999 -9999 -9999 -9999 -9999 -9999 -9999 -9999 -9999 -9999 -9999 0.660432128461008 0.600818822094139 0.553421863491218 0.526137521529203 0.460784213040737 0.37980051038062 0.369955296794156 0.377201074516366 0.418841259291684 0.459913271762116 0.50067932551422 0.576733523482991 0.630903772092839 0.627540763958082 0.609196184765752 0.581032004962242 0.585913248951182 0.591970473772128 0.592913924909329 0.601298076023185 0.61557255883497 0.612429696910148 0.606881305581134 0.60156503570253
