layers/veg50/veg1300.asc
NCOLS 255 
NROWS 330 
XLLCORNER -2985163.8955 
YLLCORNER -3022031.214 
CELLSIZE 25000 
NODATA_value -9999 
[rows 175 to 199 of 330, columns 57 to 113 of 255]
-9999 -9999 -9999 -9999 -9999 -9999 -9999 -9999 -9999 -9999 -9999 -9999 -9999 -9999 -9999 -9999 -9999 -9999 -9999 -9999 -9999 0.697141663914906 0.517855046707658 0.240572686878157 0.285627431330906 0.305026235420254 0.229294954663743 0.148164879829302 0.0634455974509371 0.028331000224291 0.00419288154842876 0.00129173821768569 0.00583637842668679 0.0163571417888145 0.00851336920601281 0 0 0 0 0.0256461585697047 0.066764065088271 0.16750129865464 0.218487257081872 0.211749935725573 0.22245548724421 0.237844807948626 0.251330254703756 0.262485455363222 0.27038270037522 0.277508707738012 0.283979277064811 0.283712939275132 0.285577398788984 0.291053278447113 0.296760611089533 0.302481848685052 0.295598630596093
-9999 -9999 -9999 -9999 -9999 -9999 -9999 -9999 -9999 -9999 -9999 -9999 -9999 -9999 -9999 -9999 -9999 -9999 -9999 -9999 -9999 -9999 0.523500147792791 0.254948428179188 0.256379123318537 0.246683081107974 0.183608005113042 0.110979189699535 0.0319988903992846 0.0116069805711737 0 0 0.00293541234772872 0.00822684076839286 0.00428180752876402 0 0 0.00484051688449993 0.0143535439400623 0.0310710635293952 0.0602623056072683 0.154170010397705 0.204994674840887 0.205832793513441 0.222558772017254 0.242587389913073 0.252109059238792 0.260244853792687 0.266443033882626 0.272969077497408 0.279192536042669 0.277904750268646 0.279497284037979 0.285971579204132 0.28682957663714 0.285140797121091 0.281653352807518
-9999 -9999 -9999 -9999 -9999 -9999 -9999 -9999 -9999 -9999 -9999 -9999 -9999 -9999 -9999 -9999 -9999 -9999 -9999 -9999 -9999 -9999 0.302429548218098 0.283785014892352 0.242743035338004 0.196947951377748 0.141174594810905 0.0764399530497529 0.00574770076329276 0 0 0 0 0 0 0 0 0.0109558020359008 0.0324871474830465 0.0400178277548912 0.0561713089103652 0.140519895981455 0.191294131824893 0.203114156664809 0.222477134815993 0.24261093816825 0.250498923400197 0.257089775619578 0.261867084697886 0.26708524440771 0.272119124899401 0.271026501051018 0.272259649908578 0.277434676478924 0.27518249599842 0.269621896653251 0.269973022337547
-9999 -9999 -9999 -9999 -9999 -9999 -9999 -9999 -9999 -9999 -9999 -9999 -9999 -9999 -9999 -9999 -9999 -9999 -9999 -9999 -9999 -9999 0.321502463905104 0.332355854924758 0.25984842671231 0.185850970722489 0.115833583155575 0.056491960972494 0.00424776408470802 0 0 0 0 0 0 0 0 0.0196533421203118 0.0582778898254202 0.0673451846740544 0.0789409859313034 0.141989156489013 0.184906416124104 0.204467044190779 0.21939498305512 0.232576241137992 0.24168628502534 0.249058625071023 0.254001452605085 0.25635608677406 0.257891109267258 0.261451205283149 0.261530450205738 0.255710112030139 0.259537800164682 0.267650853982561 0.266370642187627
-9999 -9999 -9999 -9999 -9999 -9999 -9999 -9999 -9999 -9999 -9999 -9999 -9999 -9999 -9999 -9999 -9999 -9999 -9999 -9999 -9999 -9999 0.390848452333107 0.381869526113414 0.285984025354557 0.193596346625894 0.118178427282825 0.0566129717633715 0.00425686317212689 0 0 0 0 0 0 0 0 0.0216595371559612 0.0642268430640171 0.0804341976138467 0.0960149707326103 0.140475221787003 0.175200219458364 0.198630014077727 0.212984137916631 0.224479266845441 0.23312301518425 0.240399378068453 0.24576397670922 0.247414796000384 0.24773786493149 0.248258822778986 0.246990763668917 0.242690556982774 0.248088446266222 0.257791941919225 0.257775099901256
-9999 -9999 -9999 -9999 -9999 -9999 -9999 -9999 -9999 -9999 -9999 -9999 -9999 -9999 -9999 -9999 -9999 -9999 -9999 -9999 -9999 -9999 0.409335670971897 0.428948837629509 0.320226125687063 0.218256682591574 0.145377123601772 0.0747501145039512 0.0056206378084892 0 0 0 0 0 0 0 0 0.0176588490339588 0.0523636362784923 0.080741315729912 0.107975879251653 0.136283244788599 0.162514991331521 0.186338527520416 0.203585093538485 0.218121804413733 0.224783605812858 0.231176282992959 0.237192693146643 0.240078490061752 0.241242580974854 0.231819347614429 0.229030367391574 0.237485570453328 0.240405290139354 0.240852015581604 0.244697149171994
-9999 -9999 -9999 -9999 -9999 -9999 -9999 -9999 -9999 -9999 -9999 -9999 -9999 -9999 -9999 -9999 -9999 -9999 -9999 -9999 -9999 -9999 0.393374973971999 0.393251805843929 0.320605596692303 0.241073143619928 0.150815630421473 0.0737850960298909 0.00554807578825435 0 0 0 0 0 0 0 0 0.008478888569947 0.0251423768485005 0.0641829677938407 0.107092472994588 0.145181151752809 0.168874094573531 0.17586456914824 0.195797952249169 0.217755846083402 0.225091204737101 0.230550171534798 0.233385723811818 0.228639928728894 0.22176777501804 0.225726626509757 0.227350321213177 0.225016233423007 0.228013810649693 0.233413864692045 0.238400669401921
-9999 -9999 -9999 -9999 -9999 -9999 -9999 -9999 -9999 -9999 -9999 -9999 -9999 -9999 -9999 -9999 -9999 -9999 -9999 -9999 -9999 -9999 0.268243923056383 0.324896444701616 0.29408451988944 0.241767237580033 0.143011701203016 0.0673638464813195 0.00707836048912629 0.00104250438468666 0.000267835974979676 0.00097639788162587 0.00134450366107792 0.00143935307557007 0.000698278113813825 9.50247504479065e-05 0.000593049968844757 0.00200504111066689 0.00429927585892782 0.0469109159192858 0.0984358278808145 0.152739917691428 0.177809462051518 0.168959999478306 0.190466728091977 0.218310408682898 0.226322526440685 0.229585804267092 0.226209650360458 0.213882052640032 0.200084275987093 0.217647707167891 0.223835429386187 0.210742826613205 0.214703737249546 0.226318572729864 0.232367376788328
-9999 -9999 -9999 -9999 -9999 -9999 -9999 -9999 -9999 -9999 -9999 -9999 -9999 -9999 -9999 -9999 -9999 -9999 -9999 -9999 -9999 -9999 0.214214852050736 0.187306712330356 0.161335391235854 0.130605310675109 0.0877099103891519 0.0509210637770451 0.0181919549873432 0.0074380171361383 0.00191094502894768 0.00696636319415117 0.00959270907402853 0.0102694367508693 0.00498204578573416 0.000677978656560981 0.0042312683722471 0.0143054843306818 0.03067429545757 0.0418620187618499 0.0619652662325305 0.141091394428449 0.182032905874547 0.178671204791667 0.196227577135194 0.217947420028186 0.224151160846744 0.2187859192517 0.197245891800365 0.185944762944502 0.179286829677625 0.189623139249832 0.195562395361943 0.194049226311447 0.201112309259782 0.212032777592197 0.221297106573274
-9999 -9999 -9999 -9999 -9999 -9999 -9999 -9999 -9999 -9999 -9999 -9999 -9999 -9999 -9999 -9999 -9999 -9999 -9999 -9999 -9999 -9999 0.112376569481901 0.112692967602421 0.089060871023652 0.0667922035983643 0.0502139084927198 0.0352979456495006 0.0214871287723393 0.00964411116378586 0.0019732751921359 0.00719358823105291 0.0114369763211066 0.0148962664348216 0.0102051474566614 0.00690812906191692 0.0145621595615329 0.028445038027314 0.0483405709616923 0.0453559544266823 0.0508429756967629 0.134606858357922 0.180027312538292 0.180960294912835 0.192209649902867 0.204755718786834 0.202760922726813 0.193787806764856 0.175058186210256 0.169700600938916 0.169409644164658 0.173508933010982 0.178485015247547 0.184947146535628 0.194216812478623 0.204750945357867 0.214980688419874
-9999 -9999 -9999 -9999 -9999 -9999 -9999 -9999 -9999 -9999 -9999 -9999 -9999 -9999 -9999 -9999 -9999 -9999 -9999 -9999 -9999 -9999 0.111808223083567 0.111245624026354 0.082029990816808 0.0540618473680746 0.0319278611884915 0.0205591309006401 0.0163473206769943 0.00733040863396569 0.000330166138167876 0.00120362291852755 0.00637229042108445 0.0149883732436632 0.0164416590669917 0.0192308142505817 0.0321135081488862 0.0445687345726395 0.0566113302442856 0.0580664112670466 0.0670679225858759 0.133693541846477 0.171301459766307 0.175241961353914 0.177641791460439 0.177723631847969 0.160636210540633 0.153471793662593 0.160180893569069 0.166071687435167 0.171313891926485 0.170244340349789 0.173486179040162 0.184035255089309 0.19454528847768 0.205025408998013 0.213793011411611
-9999 -9999 -9999 -9999 -9999 -9999 -9999 -9999 -9999 -9999 -9999 -9999 -9999 -9999 -9999 -9999 -9999 -9999 -9999 -9999 -9999 -9999 0.123238841175694 0.107608355761622 0.0815895935541687 0.0568116569570009 0.0361503000588591 0.0222044611670118 0.0127232096518284 0.00542396238301931 0 0 0.00933756553799214 0.0261696333412689 0.0289250120799201 0.0321004570298105 0.0457597490045035 0.0560047050513336 0.0629538313900907 0.0766159586721885 0.0962836433586808 0.14309989556789 0.169464468899399 0.172100243750892 0.173937408454053 0.173365867406767 0.152904019432734 0.148654367895892 0.167071256617886 0.171713881554931 0.171173248332974 0.166748896227117 0.168613469978265 0.181136942859902 0.191440574427649 0.200740293521363 0.209705193137909
-9999 -9999 -9999 -9999 -9999 -9999 -9999 -9999 -9999 -9999 -9999 -9999 -9999 -9999 -9999 -9999 -9999 -9999 -9999 -9999 0.124777342458729 0.130048405577819 0.120598920719877 0.103103375016533 0.0825302920050974 0.0625356464316027 0.044295673632173 0.0265992340490155 0.00926414433252391 0.00385672496575029 0.000517906022742122 0.000445321966060648 0.0144734488591225 0.0398190663470295 0.0426640361435356 0.0448390439977641 0.0580828556354448 0.0668204494734791 0.0712082292308534 0.0959776203490663 0.124807490393986 0.152413330856749 0.167748645275114 0.168847239007005 0.172048625650541 0.173435953928736 0.152937082049103 0.151146005791016 0.175510608330225 0.176668581458203 0.169487873465189 0.162796730444798 0.163377743298272 0.176284100365239 0.185426759242872 0.192885464336643 0.20230530549448
-9999 -9999 -9999 -9999 -9999 -9999 -9999 -9999 -9999 -9999 -9999 -9999 -9999 -9999 -9999 -9999 -9999 -9999 -9999 -9999 0.122384952559513 0.120374525880282 0.112104008751517 0.100411807271512 0.0813881556286606 0.0613326476652452 0.0393408545617306 0.0206581925006985 0.00417549545593875 0.00407507844710962 0.00494114982551152 0.00424865218451544 0.0207503167252033 0.051052332856035 0.0540260727555168 0.0555522222553667 0.0678337353513142 0.0818483732084875 0.0975359817974599 0.110390792216097 0.123480490323902 0.14145748500727 0.15388353272985 0.159869165335731 0.163250807301109 0.163898768381437 0.146308423297212 0.141438589747138 0.154353513982281 0.158858855177286 0.16003186526951 0.155838346343728 0.155165467113178 0.160459607408622 0.163986655917599 0.166758820950444 0.175429704472726
-9999 -9999 -9999 -9999 -9999 -9999 -9999 -9999 -9999 -9999 -9999 -9999 -9999 -9999 -9999 -9999 -9999 -9999 -9999 -9999 0.110806117371216 0.111420578495821 0.106236178742512 0.0978821967473936 0.0785863034649997 0.0584910366034798 0.037385719696856 0.0186162923630924 0.00139980302912252 0.00496839046853659 0.0091439185387912 0.00934516617850465 0.0258366217674604 0.0554028986126435 0.0610010265669884 0.064903186125365 0.0764300739817163 0.0919154425782044 0.111221899286062 0.11347770130218 0.11468376891393 0.130766733318508 0.142039555680737 0.147731472344922 0.150740955134163 0.151429252689842 0.137835109147765 0.132214318639901 0.137741205021352 0.144627446036966 0.151491735613626 0.149216366838232 0.148145418332723 0.149115803189909 0.149364734175612 0.149347666449474 0.157615016134919
-9999 -9999 -9999 -9999 -9999 -9999 -9999 -9999 -9999 -9999 -9999 -9999 -9999 -9999 -9999 -9999 -9999 -9999 -9999 -9999 0.11030870415264 0.109409235930778 0.103778944490851 0.0955628463594365 0.0736297337440348 0.0535221054850468 0.0393249095554417 0.0216364326788831 0.00162689451866102 0.0067379639727614 0.0130604565914189 0.0161205494146941 0.0293772846947765 0.050818033214703 0.0622804725039378 0.072485662113054 0.083527535535311 0.0955421080652787 0.108495618849695 0.101860347489393 0.0961895198651185 0.120420138772088 0.132819507483039 0.131491819684508 0.133411973992565 0.13515285434137 0.126966980534969 0.123617287982936 0.127029140513699 0.135041568877359 0.14414064060165 0.143031122883499 0.142673172700767 0.143589030276612 0.143594481905881 0.143251350950488 0.151563611484345
-9999 -9999 -9999 -9999 -9999 -9999 -9999 -9999 -9999 -9999 -9999 -9999 -9999 -9999 -9999 -9999 -9999 -9999 -9999 -9999 0.0955117846498192 0.0963328199917525 0.0918842225443355 0.0845553120730968 0.0660064898221675 0.049321599395398 0.0384122142813037 0.0245516298588108 0.00872903935339979 0.0134188023033092 0.0189881849174956 0.0215403321041917 0.0311500565382148 0.0464243225973868 0.0607874547033077 0.0744700863060909 0.0858299834218934 0.0964260121408366 0.106284685131282 0.0951076129097457 0.0850336019618463 0.107467426879832 0.120947349815068 0.124038622653214 0.12738893368833 0.129159510758457 0.115885985736193 0.110291530305481 0.115433309210548 0.12540841193117 0.136607430854152 0.138550481156835 0.139421572591834 0.13847583525472 0.141927522540705 0.147340196558542 0.149555164518029
-9999 -9999 -9999 -9999 -9999 -9999 -9999 -9999 -9999 -9999 -9999 -9999 -9999 -9999 -9999 -9999 -9999 -9999 -9999 -9999 0.0884840673158369 0.0842010042676787 0.0783355872170054 0.071605275965174 0.0575706722494148 0.0447665101185432 0.0357654170796639 0.0267912692880005 0.0178350351420855 0.0218901692336039 0.0261350885314258 0.0272789876236618 0.0330262160960816 0.0424681616044645 0.058176894864092 0.0739127352039961 0.0858893486029693 0.0957922955507874 0.103693549742313 0.0905926859506808 0.0780814211086221 0.0950059620738389 0.108870433600866 0.119184498754516 0.124663843761301 0.126297105036678 0.105261279584547 0.096072483981688 0.103447216958469 0.115426632036927 0.128636797551064 0.134184360730453 0.136276646631589 0.132512693675057 0.139777841047799 0.15189931769728 0.147369281105
-9999 -9999 -9999 -9999 -9999 -9999 -9999 -9999 -9999 -9999 -9999 -9999 -9999 -9999 -9999 -9999 -9999 -9999 -9999 -9999 0.0903120773094665 0.0915927545714507 0.0835728885155237 0.0704694659542297 0.0499372961797346 0.032296615040595 0.0226864540489102 0.0206631045993209 0.0236835928712924 0.0327206173505761 0.0405901170393724 0.0429781818838903 0.0438142873684141 0.0434047616558362 0.0528411660576119 0.0641296623709024 0.0771860419501243 0.0870849126468109 0.0939358666187137 0.0944738303442 0.0946007955345358 0.100104095476377 0.105466267884871 0.110664698880311 0.116616418795028 0.120308329465782 0.10150219859255 0.0904234111283772 0.0901483504234928 0.101097214622942 0.115736377481317 0.124020999597596 0.125024562508107 0.113687691232869 0.113775278556448 0.119026449214304 0.125572908296023
-9999 -9999 -9999 -9999 -9999 -9999 -9999 -9999 -9999 -9999 -9999 -9999 -9999 -9999 -9999 -9999 -9999 -9999 -9999 -9999 0.128559113178993 0.110201560977789 0.0914820142849156 0.0725646060918983 0.0461392981757822 0.0242038384529102 0.0143630261720082 0.0164905237936989 0.0265747516722415 0.0383934759364502 0.0486893814302206 0.0535801848855594 0.0506456004027484 0.0414302152775671 0.0480489309832164 0.0578042723855281 0.0710732671212042 0.0811085118640192 0.088022244980524 0.0962847242590097 0.103387396878575 0.101977973082943 0.101916096858359 0.103417695444171 0.10920531168034 0.114061682510346 0.0994936734229152 0.0884656952607505 0.0823870929463271 0.0906478319487655 0.103771451465144 0.111423400196113 0.112699797396241 0.103170476384126 0.0985507342965929 0.096248465010785 0.108213225312511
-9999 -9999 -9999 -9999 -9999 -9999 -9999 -9999 -9999 -9999 -9999 -9999 -9999 -9999 -9999 -9999 -9999 -9999 -9999 0.134590629211688 0.131546681811674 0.122282108362717 0.103584292597832 0.079730388774145 0.0483605299030503 0.0229804972382586 0.0135029195362925 0.0153870299070377 0.0248245783148003 0.0359720304628564 0.0468139305041836 0.0561826726781809 0.0512671900624222 0.0348869252602262 0.0441096531857392 0.0569053584975431 0.0690260644228589 0.0794181054467258 0.0881414808038654 0.0948465738764989 0.100038209562008 0.0987917142399644 0.0981367855773717 0.0981682145548319 0.102792839710644 0.107410333051518 0.100232464807621 0.0923011829146547 0.0833165409249014 0.0862877630433463 0.0932746867421126 0.0950055152560778 0.0986915702666184 0.105691476080638 0.100241176426835 0.0893133590181776 0.0978164687597103
-9999 -9999 -9999 -9999 -9999 -9999 -9999 -9999 -9999 -9999 -9999 -9999 -9999 -9999 -9999 -9999 -9999 -9999 0.139766737898257 0.139276775035885 0.135554882158349 0.12522820102442 0.100837272510711 0.068759008556836 0.0403015252891143 0.0175506750841293 0.00894655334499031 0.0133690640871865 0.026451895430429 0.0409208678299166 0.0537768187939242 0.0610362279607409 0.0552887039219108 0.039101575472541 0.0493240341025004 0.06149721755201 0.0656167755675862 0.0738520923474951 0.0860603163905857 0.0912217469242749 0.0942965105042265 0.0937646487654012 0.0937864950654369 0.0944507740258653 0.0971361770457856 0.0998837803469756 0.0980359906020045 0.0923022325811551 0.0811354379751023 0.0816630214642253 0.086302567373406 0.0890870736607384 0.0928522169800793 0.0982794106153988 0.0917237694492123 0.0798483276219206 0.080003770369786
-9999 -9999 -9999 -9999 -9999 -9999 -9999 -9999 -9999 -9999 -9999 -9999 -9999 -9999 -9999 -9999 -9999 -9999 -9999 0.144953165682065 0.139921914951408 0.124608775199362 0.0922441366222076 0.0505593696594683 0.0281048814741189 0.0104019927585879 0.00296845750029688 0.0109766814479632 0.0292508421647341 0.0486214018556096 0.0640957230466188 0.066694231972311 0.0606905504268198 0.0477825922033887 0.0581910060793374 0.0681536705600564 0.0618115049470069 0.0669006220308297 0.0830242600023829 0.0866849439566734 0.0876445410781327 0.0880648797035487 0.0892546937988382 0.0913372819528801 0.0918206854942004 0.092094754196762 0.0945470631041656 0.0905819541007524 0.0776445468651499 0.0768402900584869 0.0805761546938613 0.087276300544419 0.0903135669256244 0.0871427361406845 0.0795018375259201 0.0698409393311152 0.0597240113043383
-9999 -9999 -9999 -9999 -9999 -9999 -9999 -9999 -9999 -9999 -9999 -9999 -9999 -9999 -9999 -9999 -9999 -9999 -9999 -9999 0.14183041431772 0.13232599273091 0.0952778328084385 0.043174622292448 0.0204699336090404 0.00412333284493943 0.00117669167762837 0.00874473435044775 0.0233031126456657 0.0447623594302139 0.0627227837550901 0.0674324357480535 0.0650436710967141 0.056957586367223 0.0617756603500291 0.0667624638568885 0.0644873756528471 0.0684017716800924 0.0782908246942653 0.0818881117359439 0.0840877644947841 0.0858143657777166 0.0868407452805281 0.087054701431146 0.0875969234153899 0.0881599171013372 0.0880736763601066 0.0836909397595577 0.0733012011624281 0.0686043002855767 0.0666109942564033 0.0762438166123246 0.0846463562792275 0.0909637291970856 0.0874040940794658 0.0793270787883409 0.06272114609048
-9999 -9999 -9999 -9999 -9999 -9999 -9999 -9999 -9999 -9999 -9999 -9999 -9999 -9999 -9999 -9999 -9999 -9999 -9999 -9999 0.140265345738669 0.138322989000766 0.10142294602287 0.0454154845616196 0.02152197351323 0.00434853415860449 0.00124095826040155 0.00945293293789881 0.0251903319478768 0.0458305630477389 0.0634950253171569 0.070165402292054 0.0695193971191698 0.0630011287362299 0.0635279935259566 0.0651010579261953 0.0667556915878657 0.070107793390927 0.0750984468910399 0.0780662292415661 0.0805509574370342 0.0826846986719459 0.0833460697174135 0.0822991421081728 0.0830193175871358 0.0838940002764733 0.0816624272086901 0.0774247837240512 0.0703824199757588 0.0639027372354638 0.0585115248926457 0.0689292677166155 0.0798559196417913 0.0916451053127423 0.0911299295427809 0.0849647964331849 0.0650562301213386
