layers/veg50/veg1700.asc
NCOLS 255 
NROWS 330 
XLLCORNER -2985163.8955 
YLLCORNER -3022031.214 
CELLSIZE 25000 
NODATA_value -9999 
[rows 225 to 249 of 330, columns 57 to 113 of 255]
-9999 -9999 -9999 -9999 -9999 -9999 -9999 -9999 -9999 -9999 -9999 -9999 -9999 -9999 -9999 -9999 -9999 -9999 0.30323873975487 0.302641170731555 0.303518911744539 0.307411603686709 0.269041663551542 0.207571516161073 0.113122106556777 0.0425708931662202 0.0357458632541296 0.0580591304948561 0.0997440193326088 0.0968216211179686 0.0899180781469632 0.0829070805497546 0.0800706405972112 0.0805847775800809 0.0992015872269821 0.115788098765065 0.112572859683797 0.110484728798277 0.109484585959114 0.109399166659544 0.108307402841169 0.10014567838455 0.0922618000119769 0.0847002889998636 0.0871987854797748 0.0913239779697065 0.0845673227550651 0.0793506383107033 0.0762870124970586 0.0711581282485888 0.0655392035546781 0.06446320344379 0.0636018683107576 0.0631043619774023 0.0633141167425881 0.0638349825837675 0.0632448920027742
-9999 -9999 -9999 -9999 -9999 -9999 -9999 -9999 -9999 -9999 -9999 -9999 -9999 -9999 -9999 -9999 -9999 -9999 0.443036408667718 0.375185910471567 0.327174868928173 0.31970783969277 0.273487088762203 0.206084055539456 0.114237559782576 0.0476375821371071 0.04739114755777 0.0696911826099514 0.106980483361497 0.102280427334564 0.092801569346369 0.0798962497137575 0.0743260936406338 0.0746432750848899 0.100945082882328 0.124183430554801 0.11836568278271 0.114873165931366 0.113625174899581 0.113600953227653 0.11294325150967 0.107034305451562 0.0991361834291869 0.0889301454709306 0.0914998374223405 0.0963232789774445 0.0890382235449048 0.0835345531004905 0.0805214665017792 0.07569685045415 0.0703984268741825 0.0682998829927197 0.066362383850383 0.0646978342814509 0.0637195748090559 0.0630588925733833 0.0635051285872639
-9999 -9999 -9999 -9999 -9999 -9999 -9999 -9999 -9999 -9999 -9999 -9999 -9999 -9999 -9999 -9999 -9999 -9999 0.443463973576397 0.416216043930563 0.38316888785596 0.338270403802972 0.278408393606581 0.210367513846403 0.11879275211394 0.0506062899194137 0.0439723790843174 0.0622058545416264 0.0969715794587147 0.105425440901397 0.104934963129073 0.0831129903056545 0.0789354253885465 0.0889195875817243 0.112589615585556 0.131529875291904 0.121950429368948 0.116795370817413 0.115911136123527 0.119762816110463 0.123417954271688 0.120060101935206 0.11212376272224 0.0988752927504654 0.09662302955275 0.0972250131028193 0.095730346799048 0.0912383459106821 0.0825557219137124 0.0801349348556665 0.0797652947841439 0.0757134708013007 0.0716656573594731 0.0676246412552383 0.0651153471605306 0.0632992493643963 0.0617813613341378
-9999 -9999 -9999 -9999 -9999 -9999 -9999 -9999 -9999 -9999 -9999 -9999 -9999 -9999 -9999 -9999 -9999 0.425709909827997 0.426912131663613 0.426615962509947 0.414906683038318 0.379873514545787 0.300072487582569 0.195801929068249 0.120441023405981 0.0646867625328829 0.0560038185682984 0.0730565125451332 0.107218684030026 0.112513597533467 0.109990293936824 0.0904957515558271 0.0892936442714529 0.102773382668527 0.120925257249858 0.135314758354459 0.130859654356964 0.127874821738149 0.126309229695294 0.127224454921036 0.128077132041604 0.125494670401415 0.118195435678763 0.105423625397938 0.100732115507048 0.098526477212461 0.0983171979947411 0.0945972718482399 0.0859690521059837 0.0836693650790462 0.0834204150793889 0.0790527579902018 0.0751332276919637 0.0719732131474493 0.0683131688343308 0.064442817700535 0.0627012388781108
-9999 -9999 -9999 -9999 -9999 -9999 -9999 -9999 -9999 -9999 -9999 -9999 -9999 -9999 -9999 -9999 -9999 0.427823071755062 0.409019448575029 0.428543836421458 0.437953352840905 0.426692067695215 0.3266743354852 0.178143478993704 0.12090672387545 0.0797169084306026 0.0707548845397653 0.0882784105230902 0.123409967863245 0.120821130624972 0.113218971086645 0.100215965378457 0.102332612512356 0.116584571790979 0.128352666995683 0.138168386826217 0.141239620956269 0.141384391262831 0.138704270693734 0.134726571473378 0.13072091393582 0.128153889384339 0.121700418433617 0.1107377478244 0.104592729827709 0.100240429978971 0.0999061148751716 0.0969436048895286 0.0903065721254222 0.0872617793023159 0.0853899854031275 0.0813400197844572 0.0782307463973286 0.0767158221624755 0.0721690098419676 0.0662849064479435 0.0646592323353803
-9999 -9999 -9999 -9999 -9999 -9999 -9999 -9999 -9999 -9999 -9999 -9999 -9999 -9999 -9999 -9999 -9999 0.445029158889635 0.450645872612637 0.454573681329002 0.4528210728951 0.439459935715379 0.344322805001614 0.204487975486507 0.118452548833559 0.0567892803474306 0.0519750335264905 0.0794385157991986 0.128360765917337 0.127796853375102 0.123820237228841 0.122961284033318 0.125851094073281 0.131749730605124 0.138479728922298 0.144565145961903 0.147402934584367 0.146275742717403 0.141321188585835 0.136817364274385 0.132343787388293 0.127491686455255 0.121653452116063 0.114671069122427 0.109691796448305 0.105793164735237 0.10661745027738 0.105310851866997 0.101025029322244 0.0958011016960145 0.0903995081769761 0.0878634107907684 0.0846667577569307 0.0803505500998944 0.0768021794387245 0.0735886209490656 0.0687588510341141
-9999 -9999 -9999 -9999 -9999 -9999 -9999 -9999 -9999 -9999 -9999 -9999 -9999 -9999 -9999 -9999 -9999 0.483759445809627 0.480636066413573 0.47533041047984 0.466010439640505 0.448486794890662 0.361010299742534 0.235298482683017 0.137070565638765 0.0630351526709163 0.0478430681432241 0.0795792292656174 0.142514063810073 0.142061949201295 0.13801583606157 0.14046958873555 0.142062421671806 0.142964264553069 0.146565948153485 0.150393566364133 0.153510307056916 0.152602808905803 0.147810746899722 0.141655952705005 0.135258195959325 0.129110631915034 0.123500066780488 0.118512547753282 0.114100175324066 0.110325111871819 0.110883522933984 0.110092707139902 0.107415514939393 0.102020010727652 0.0958113995333665 0.092581323394342 0.0885530790069608 0.0831720448043018 0.0802063169729788 0.0783039653837301 0.0727368549284982
-9999 -9999 -9999 -9999 -9999 -9999 -9999 -9999 -9999 -9999 -9999 -9999 -9999 -9999 -9999 -9999 -9999 0.488475862778163 0.492100886898894 0.487692115130254 0.476527796553821 0.451557808915166 0.376167881779698 0.273219068817031 0.189236407865602 0.115726478114895 0.06703115951899 0.0940174528313521 0.171318132741223 0.167932036912688 0.157933765370606 0.149640344544517 0.146640449458031 0.147889235731305 0.151403059035808 0.155317167336627 0.159528618831183 0.161215593997828 0.160465713431867 0.150869148615731 0.140228783355881 0.134361262605554 0.128361342884316 0.122207808952797 0.117408949941632 0.11323192171342 0.111256633325686 0.109166466366336 0.106915685774002 0.104544723021651 0.101863878782094 0.0944248376108342 0.088380185188343 0.0846988376226357 0.0816537832046175 0.078898514613692 0.0765212428832301
-9999 -9999 -9999 -9999 -9999 -9999 -9999 -9999 -9999 -9999 -9999 -9999 -9999 -9999 -9999 -9999 -9999 0.499791840555764 0.499291390661346 0.493294945361574 0.47755888667052 0.441918905602829 0.36059176365868 0.254292611376382 0.207150307642537 0.163403493982095 0.122766493083578 0.135196237227521 0.182905630657663 0.187370375635088 0.184490897748934 0.170271288094072 0.164437997830202 0.165335722135115 0.164853853493502 0.164599239372497 0.166161290445606 0.16679838225491 0.166542618678916 0.158440721826228 0.149139432171623 0.142456120909877 0.135065697991865 0.126854857831103 0.120074930719972 0.114085583826349 0.111639639130675 0.109080009948406 0.106361436603192 0.104672680749422 0.10291771011039 0.0933536088921708 0.0861796782154681 0.0830567710817309 0.0800085429985956 0.0770097967785481 0.0762097139068753
-9999 -9999 -9999 -9999 -9999 -9999 -9999 -9999 -9999 -9999 -9999 -9999 -9999 -9999 -9999 -9999 -9999 0.508892914485887 0.504588147250592 0.49611583339975 0.474814995284434 0.427297721166073 0.332738407494609 0.212466524350419 0.210798764595661 0.208317584681421 0.192728445929801 0.187050893584848 0.187962727719454 0.204268417697864 0.213374122585548 0.194871530518675 0.187077061734214 0.187877130130825 0.181872925118014 0.175714902544013 0.173111005874879 0.171177047932557 0.169889776199522 0.165347371821041 0.159720383930522 0.151715083686887 0.142530110132601 0.131976435728469 0.122567115831521 0.114171640537063 0.112084092377727 0.109388110312181 0.105841466728723 0.103838400522937 0.101900722250843 0.0911969319773936 0.0833067348824794 0.080185206804522 0.0771189063131051 0.0740998834541631 0.0741945984729226
-9999 -9999 -9999 -9999 -9999 -9999 -9999 -9999 -9999 -9999 -9999 -9999 -9999 -9999 -9999 -9999 0.511843264846938 0.509301724123625 0.505629171541638 0.501724082044176 0.481782625441848 0.429069169250266 0.33424385459332 0.216400743584368 0.221079182637744 0.224006765922934 0.211082349562299 0.213082781960855 0.225005500519086 0.228608845371544 0.221318110794104 0.181274798597546 0.177422344347094 0.202617339965251 0.196364764745021 0.186808127183597 0.182680133301213 0.17873105713286 0.174954688726621 0.173412975389905 0.170851138447838 0.159506747047259 0.149299282408567 0.140410922484001 0.129388052807281 0.118572242263572 0.115092846367826 0.111539029614509 0.10788116382806 0.105078657797709 0.102346063021732 0.095356964729153 0.0885275860524266 0.0819689110400855 0.0767830477121202 0.0722549569769213 0.0730756946337586
-9999 -9999 -9999 -9999 -9999 -9999 -9999 -9999 -9999 -9999 -9999 -9999 -9999 -9999 -9999 0.516191836276705 0.514415675653828 0.50944407335374 0.503155116740898 0.506406975573095 0.491251216738562 0.438477558870643 0.343489415557213 0.225427381313779 0.240554096936274 0.249933076247572 0.23232242964883 0.238498667663674 0.260488819761758 0.252919675741357 0.235258053490291 0.193489599581402 0.190658102629492 0.21907812524444 0.213378272914951 0.203058693503598 0.194240060659167 0.186988841299051 0.181250632971117 0.180349514761585 0.178706418842394 0.16670611231247 0.156312116338835 0.147781821615078 0.135478743133349 0.123087818434007 0.119532308493542 0.115704258879027 0.111495167033872 0.107547504480338 0.103648266918227 0.0989310820548202 0.0927956877159809 0.0842566155332212 0.077455452792515 0.0714880320469076 0.0724361470042399
-9999 -9999 -9999 -9999 -9999 -9999 -9999 -9999 -9999 -9999 -9999 -9999 -9999 -9999 -9999 0.517519152691283 0.519287455596755 0.509068894413386 0.493853959678839 0.509292613951662 0.505577257043887 0.462718667604815 0.367768080326742 0.244344681790209 0.277886864371243 0.295742275488176 0.259168136602174 0.262718132707587 0.292943316998681 0.277173021253822 0.260843536264628 0.255836408995877 0.248352495874389 0.238880668760924 0.235289448694104 0.229326018516468 0.209666585143414 0.196613520358814 0.189937527519191 0.185093148502271 0.180199965629694 0.172755096730122 0.163798197950772 0.153086985868953 0.140151124390613 0.127826701752196 0.126750539031831 0.123781747224712 0.118166839355762 0.112402557932601 0.106614698568836 0.101367215162789 0.0952133279419067 0.0875232059086738 0.080086140767664 0.072814837189137 0.0727276207763433
-9999 -9999 -9999 -9999 -9999 -9999 -9999 -9999 -9999 -9999 -9999 -9999 -9999 -9999 -9999 0.558842147258061 0.553813172009215 0.539856710602072 0.522179283081626 0.527350151964426 0.517494233706703 0.476929498497066 0.392188898545944 0.283302343147863 0.306854717670971 0.320311990868536 0.295815514480914 0.295019366446499 0.309979588462667 0.301100737886726 0.291757467726673 0.287719516051757 0.275715993345683 0.257319156462117 0.251483196778378 0.24503175534991 0.228204798001534 0.215701826704705 0.207372762717254 0.199577567659537 0.192126323579594 0.186045294365456 0.175991966480448 0.161329829938353 0.147954027992897 0.135881570949848 0.132390172775942 0.128173659836571 0.122943351938117 0.117321483492469 0.111636809471427 0.107350808629097 0.102424729486272 0.0964138021204437 0.0886423068467821 0.080129515864089 0.0789976638572698
-9999 -9999 -9999 -9999 -9999 -9999 -9999 -9999 -9999 -9999 -9999 -9999 -9999 -9999 -9999 0.569128460045266 0.591568037219173 0.586848532332436 0.57006946844462 0.553296711707366 0.528158555403208 0.485924826930005 0.416683633128986 0.332680508614059 0.331473017455646 0.333837687124652 0.337559524738381 0.331522924903496 0.318998754547885 0.324859135359289 0.325442063937297 0.303762232933498 0.287308156862571 0.275048368052376 0.264704020415937 0.255245721168411 0.248361013732787 0.23971099089349 0.229356923966422 0.219126960200043 0.209477491602918 0.20310074815226 0.19063361861655 0.171100196629161 0.157384727678869 0.14566067279409 0.137208974276713 0.13064916199533 0.126734427183829 0.122273621007135 0.117727823983992 0.115178995885808 0.112128771248558 0.108228745666633 0.100279578565337 0.090557744295903 0.0883764187231302
-9999 -9999 -9999 -9999 -9999 -9999 -9999 -9999 -9999 -9999 -9999 -9999 -9999 -9999 -9999 0.593929936345208 0.593409499677441 0.596897158509877 0.601835241570981 0.575829942228411 0.54354393462895 0.498422640391998 0.431393333990014 0.352389391918441 0.314861342127392 0.295381028992478 0.317845341698454 0.327483814510146 0.328595456951721 0.339046705404621 0.34188564225634 0.317514443232823 0.300653436314466 0.289820248051393 0.281229676344164 0.27270413524072 0.263067982236294 0.251164068994354 0.237071105899236 0.2273520171374 0.218765679791247 0.211459319410726 0.201272560543766 0.187743856224037 0.171319181743837 0.154785233072645 0.144652341187734 0.136621580927445 0.131529845695845 0.126826124549252 0.122317288103429 0.11879030564143 0.115455617810562 0.11244684399477 0.103035991132552 0.0908387302439125 0.0928401485660867
-9999 -9999 -9999 -9999 -9999 -9999 -9999 -9999 -9999 -9999 -9999 -9999 -9999 -9999 -9999 -9999 0.588669566113288 0.60724217642854 0.633441405255026 0.601355788384469 0.565333094825026 0.521264571758982 0.451126449274591 0.366739021434004 0.313089368011593 0.283275839878905 0.311098149984257 0.33461278583749 0.355263608642978 0.359977947145827 0.357734370685733 0.337603533129188 0.319520155818258 0.303080107851192 0.294657759560621 0.286855542231539 0.276726684847724 0.26255364545655 0.244476791242724 0.235382880642445 0.228035786164758 0.219896668748968 0.211156214289484 0.201718066226765 0.18369282365256 0.164139114947997 0.152599949665126 0.143253262445133 0.136971915104988 0.131675262402968 0.126780542246969 0.122723826285913 0.119262498517585 0.11681027513911 0.118045745053972 0.120832667835044 0.107982822076146
-9999 -9999 -9999 -9999 -9999 -9999 -9999 -9999 -9999 -9999 -9999 -9999 -9999 -9999 -9999 -9999 -9999 0.620487283224556 0.665619290591528 0.634271556294594 0.60222339191013 0.568743825114467 0.483504520062946 0.369974012537273 0.349401906941174 0.337541318118313 0.339135697626295 0.370966965665252 0.422900217008914 0.397673216684251 0.373175586998599 0.373048381065432 0.35154457825282 0.3128835246466 0.300450258753523 0.29263499006802 0.288190402326742 0.274534419949996 0.251986755930382 0.243618084480271 0.237740046926189 0.229038360286151 0.21946288382584 0.208873603917747 0.192050900128693 0.174082557181058 0.161603201673819 0.151261250309269 0.143907639064907 0.137260535496639 0.131029601222994 0.127681014396356 0.124600070052518 0.12197274438571 0.121061019326337 0.120832667835044 0.107982822076146
-9999 -9999 -9999 -9999 -9999 -9999 -9999 -9999 -9999 -9999 -9999 -9999 -9999 -9999 -9999 -9999 -9999 0.691541002907816 0.688902888316091 0.662974844611664 0.631546432224426 0.58887743903512 0.510702808962478 0.413121257682566 0.399460711247969 0.390502232316016 0.38566392449659 0.419956202418408 0.480263140561238 0.441561768096386 0.406853304975478 0.413272765142019 0.381947250816944 0.320326924029288 0.307003636471715 0.301695236402832 0.300520324212525 0.29220286244872 0.276990757751975 0.262289165784201 0.248572595146495 0.240038722394 0.230666553497362 0.220321762236083 0.202733987584638 0.183717677908752 0.17019303937474 0.1588523430041 0.150565052330882 0.143539825735772 0.137118667532603 0.133358833335494 0.129796363788794 0.126568401270555 0.123663608550114 0.120924289939643 -9999
-9999 -9999 -9999 -9999 -9999 -9999 -9999 -9999 -9999 -9999 -9999 -9999 -9999 -9999 -9999 -9999 -9999 0.698769213346627 0.706547314310243 0.689007329276717 0.656071667214616 0.591673322990321 0.534617003522858 0.481573739684443 0.458234946682697 0.442636024546739 0.443915644032005 0.476956339980546 0.531112324565688 0.489376994874158 0.452093361515284 0.45652747905086 0.411321698702244 0.32627402105953 0.314039427718377 0.312835580318494 0.313399438525685 0.313477410127162 0.313086359481356 0.287576820304167 0.260120502147567 0.252217522055877 0.243706984242733 0.234491535364655 0.214891182553437 0.193157316098349 0.178520763415855 0.166179115097232 0.157046010565714 0.150259137934824 0.144374338498145 0.139493547888372 0.134903084328983 0.130804686794104 0.126004546480265 -9999 -9999
-9999 -9999 -9999 -9999 -9999 -9999 -9999 -9999 -9999 -9999 -9999 -9999 -9999 -9999 -9999 -9999 -9999 0.72652164872457 0.727136709188696 0.680361630650796 0.638489357339399 0.606636481178144 0.541039736441284 0.456999030233547 0.475383227172449 0.487294818295005 0.473241485451156 0.503906436199778 0.564300841064359 0.496507818081121 0.435666507469584 0.433820047658966 0.400795142900757 0.342745843364591 0.329307682779716 0.323011601363317 0.319426081991056 0.319012265989932 0.321660068533859 0.299740569994605 0.275093519566597 0.264710462254436 0.254725692387632 0.245203030428179 0.227222311918241 0.20718377016946 0.190010739290466 0.175994738787065 0.166392634721692 0.158608028417912 0.151549265078425 0.145751223028395 0.140556068160728 0.136382727480408 0.134878279291468 -9999 -9999
-9999 -9999 -9999 -9999 -9999 -9999 -9999 -9999 -9999 -9999 -9999 -9999 -9999 -9999 -9999 -9999 -9999 0.769902659935825 0.744581334513086 0.67488573219756 0.623896701814284 0.611136514888573 0.537761939848396 0.431256325417787 0.487608858696283 0.52501195785949 0.499155955649309 0.524408080913195 0.58363773412828 0.501769854584215 0.427072575371695 0.415759986650614 0.391901438726219 0.357973272624919 0.343894169235867 0.33355038301253 0.326777215910605 0.325110991820196 0.328374456796826 0.311851777662314 0.292125336868723 0.277943375774751 0.265839284661713 0.256146015581432 0.240365219730077 0.222531109548095 0.20154953390726 0.185135183813907 0.175106347376541 0.16669586503469 0.158938815337466 0.152431454730898 0.146731898196543 0.142401462926882 0.143844583768887 -9999 -9999
-9999 -9999 -9999 -9999 -9999 -9999 -9999 -9999 -9999 -9999 -9999 -9999 -9999 -9999 -9999 -9999 0.787110720801182 0.772862331309168 0.7518204804352 0.686930616798928 0.627973591258459 0.581140943163786 0.5090665707219 0.423195398714032 0.494407358168677 0.543390191886631 0.521327541061065 0.532216137360067 0.565011267424562 0.51064799843516 0.456293113455784 0.426837018061402 0.397060631658766 0.367027173787431 0.354535713188721 0.345408898525295 0.339706934291514 0.336509893591537 0.335730834476732 0.326797707080167 0.314617194692357 0.293347914283582 0.277701749533903 0.268579732708822 0.255929421550824 0.240836415251108 0.21251490985765 0.191660976822989 0.181247580341301 0.17362053298421 0.16699743578001 0.160364650560162 0.154368159118272 0.149450101633283 0.147897558512367 0.147863651010127 -9999
-9999 -9999 -9999 -9999 -9999 -9999 -9999 -9999 -9999 -9999 -9999 -9999 -9999 -9999 -9999 0.795717109384845 0.793913122580033 0.78651910734687 0.775938985324277 0.699215979968556 0.628585852655 0.570407161217754 0.505229185988936 0.436225492903071 0.496811407070657 0.54465059301524 0.548071305467183 0.55965931022355 0.576677065907496 0.53678859598633 0.497605190368801 0.476934092088635 0.441913710012639 0.395376328192383 0.379240473271168 0.367503867669656 0.355629986524934 0.348327704341072 0.345438348122004 0.339650554086308 0.331427668844453 0.312414901796786 0.295356191300006 0.280564649889531 0.268903006342907 0.256098263545321 0.224892916543662 0.20218051312312 0.191342234738211 0.183365124195753 0.17642329671633 0.16954961715888 0.163270110480594 0.157997648396105 0.152878140565015 0.147863651010127 -9999
-9999 -9999 -9999 -9999 -9999 -9999 -9999 -9999 -9999 -9999 -9999 -9999 -9999 -9999 -9999 0.798174389804508 0.802932320512928 0.808375961855792 0.812996698757716 0.711685686770619 0.626542234469577 0.574438887569328 0.520447183909419 0.465423328905026 0.495846802430771 0.532788978661204 0.578319964675645 0.60215417234873 0.611564003137367 0.576162070973889 0.548186277013524 0.556942756349376 0.517194926212731 0.438516642979008 0.41472567155991 0.397445794068326 0.373847638395481 0.360466638104848 0.356948171833171 0.350898907113814 0.343882965273838 0.334289412483318 0.317450588224426 0.29220553053922 0.279890702093939 0.269027088992789 0.238353803433842 0.215761532825355 0.204467463013811 0.195271383705118 0.186897243063588 0.179694153553312 0.173142302039566 0.167694212960421 0.158569798461485 -9999 -9999
