layers/veg50/veg1800.asc
NCOLS 255 
NROWS 330 
XLLCORNER -2985163.8955 
YLLCORNER -3022031.214 
CELLSIZE 25000 
NODATA_value -9999 
[rows 225 to 249 of 330, columns 57 to 113 of 255]
-9999 -9999 -9999 -9999 -9999 -9999 -9999 -9999 -9999 -9999 -9999 -9999 -9999 -9999 -9999 -9999 -9999 -9999 0.312082674564032 0.31202604255953 0.313521935233271 0.318190575062586 0.285177335698741 0.231567669270474 0.129542794976156 0.0546644888649683 0.0531942474626826 0.0697291491708988 0.0982341676401494 0.0990369789015125 0.0958572892390582 0.0877416928699911 0.0847261761127439 0.0858040772863695 0.102865333713219 0.118455074297659 0.1179230451247 0.115390240309583 0.110926103622049 0.10607479816919 0.101083080732107 0.0957411391344633 0.0923984468760331 0.0913753580577497 0.0896784604062752 0.0873670897474254 0.0811821233171373 0.0742927877235019 0.066418661940582 0.0630120681002183 0.0613410963735009 0.0619024326212052 0.0618272822497318 0.0606733710809492 0.0614226591904352 0.0630031930959193 0.0607675777260884
-9999 -9999 -9999 -9999 -9999 -9999 -9999 -9999 -9999 -9999 -9999 -9999 -9999 -9999 -9999 -9999 -9999 -9999 0.478669727361673 0.400142466318024 0.343576814793184 0.331892017730156 0.284841054057154 0.218459401821713 0.125787928554107 0.0590086355279135 0.0603935424782094 0.0769961225759381 0.10371566332697 0.104168514585373 0.099799739709707 0.0873797590805242 0.0819518707100581 0.0821359645054811 0.102904978881519 0.122251960110287 0.122842296193393 0.122354823857892 0.120826952135595 0.113599362297981 0.105421480623307 0.0986790802546268 0.0943138191818661 0.0927066035316405 0.0925755873280546 0.0922570472315925 0.0864611890085653 0.0798403036684512 0.0720659342562355 0.0662628093322376 0.061494385466849 0.0625106146010964 0.0624902711547557 0.0607130740216104 0.0611020136829339 0.0624507046459834 0.0613587545592711
-9999 -9999 -9999 -9999 -9999 -9999 -9999 -9999 -9999 -9999 -9999 -9999 -9999 -9999 -9999 -9999 -9999 -9999 0.479186388008555 0.449722436199279 0.409814219524113 0.348562051213471 0.284749466614994 0.219537391639283 0.128260573267501 0.0603251781590926 0.0540590118118974 0.0690614771262835 0.098203680335231 0.105593710031592 0.105850701315557 0.0893153483167144 0.0862514388014453 0.0939999582103432 0.113299689821642 0.130580977709427 0.132160965096026 0.132285867195557 0.131006187725429 0.119143227398609 0.106400580044631 0.101545594620698 0.0976913874323594 0.0949983203742573 0.0942604728717267 0.0939715871012811 0.0927768562354228 0.0875623291865411 0.0767276585397323 0.0703191811160707 0.0656830227393168 0.0642002639433902 0.0634824593919429 0.0640611513037609 0.0630030088773371 0.0612020494151217 0.0587968052665063
-9999 -9999 -9999 -9999 -9999 -9999 -9999 -9999 -9999 -9999 -9999 -9999 -9999 -9999 -9999 -9999 -9999 0.442789906882241 0.445262893444189 0.447215758380621 0.433950403182137 0.389585017612108 0.30767672329612 0.205247961362033 0.131383208631985 0.0767021971541821 0.0680513249541381 0.0813160396452355 0.109150598761538 0.110998437307106 0.107796146165036 0.0957259750321639 0.096307680427203 0.107044015196755 0.121860181226576 0.134680306735925 0.136513023106015 0.137273078000474 0.136997701808836 0.125381790920478 0.112908441759933 0.109389937811253 0.105619228992317 0.101555902702816 0.100183580968424 0.0994373246829932 0.0975185488686974 0.0916608511240936 0.0802960814132921 0.0747089169618453 0.0712100952150502 0.0678092192080627 0.0655688122525666 0.0652952471465614 0.0635051225115749 0.0610364470729717 0.0593563615805234
-9999 -9999 -9999 -9999 -9999 -9999 -9999 -9999 -9999 -9999 -9999 -9999 -9999 -9999 -9999 -9999 -9999 0.419632270621513 0.405110543970389 0.429626209604791 0.443409651937107 0.43526066934127 0.336648099073128 0.188589303580193 0.134317512244079 0.095258196373176 0.0860766203456625 0.0987007700446531 0.125821726650616 0.11826300423617 0.108995011982654 0.104111976733082 0.108489378853835 0.120299378750427 0.129903765433441 0.137759395519041 0.139562070863606 0.140907763627867 0.141812334957078 0.131891056800164 0.121100484416777 0.118558696895241 0.11453753018079 0.108799932705125 0.106791350846882 0.105521227229125 0.101450908215566 0.0945347358144929 0.0836397286744802 0.0791312286738978 0.0767783328700209 0.0718056013796317 0.0679253516246269 0.0658967141932741 0.0636697649128319 0.0613666820988105 0.060920786413556
-9999 -9999 -9999 -9999 -9999 -9999 -9999 -9999 -9999 -9999 -9999 -9999 -9999 -9999 -9999 -9999 -9999 0.433010199356632 0.437411537019725 0.44372064517794 0.444287211339339 0.43311829010947 0.343067746313843 0.209901529396646 0.131676577586675 0.0746356467646534 0.0662456838919672 0.0939541708549919 0.145661503968469 0.132838910176615 0.118775072083255 0.119123429096153 0.123476213951576 0.13104302642639 0.1392588794681 0.14622534077035 0.147491882019441 0.148637492966093 0.149666370910543 0.138934290754574 0.127073949683969 0.123089640341189 0.116187293654382 0.105899331512356 0.103356849853412 0.102884381755105 0.101477215887847 0.0972003854932381 0.088911429610851 0.0824709587113692 0.0767671927049174 0.072318629971903 0.068974547670928 0.067502413900495 0.0656153380384957 0.0635446563570003 0.0619753068963402
-9999 -9999 -9999 -9999 -9999 -9999 -9999 -9999 -9999 -9999 -9999 -9999 -9999 -9999 -9999 -9999 -9999 0.462269535560779 0.460185793131366 0.45557290660782 0.447335664264017 0.43169167033639 0.352185496194575 0.237773081570062 0.148841847173825 0.0804907156880609 0.0620008424112951 0.0980802758716303 0.170438286469784 0.157689374914425 0.141014853804777 0.135969029843232 0.136496181289763 0.141496305552416 0.147845005948685 0.153306604663516 0.154172297784974 0.155018996109029 0.155847358915165 0.14458297675063 0.132052794596218 0.126996930959107 0.11896127869765 0.107468364848866 0.103890135006063 0.102630972158243 0.102272473130707 0.0991877783966448 0.0922915443085612 0.0857040050760135 0.0793166587365139 0.0745163617325284 0.0709013683635924 0.0692953081848807 0.0672646777326987 0.0650449891088331 0.063172278371483
-9999 -9999 -9999 -9999 -9999 -9999 -9999 -9999 -9999 -9999 -9999 -9999 -9999 -9999 -9999 -9999 -9999 0.465398685655002 0.467793078956164 0.463855531463154 0.453840271984002 0.431404570056074 0.365598740203003 0.276087360209882 0.197539436088871 0.128499279157033 0.0825697268569058 0.116332103256903 0.203074991147317 0.198897374137466 0.18309104214094 0.155734672806636 0.146384811522452 0.151487305600316 0.155206871545417 0.158183396957113 0.158863622964176 0.159254065821752 0.159364783446324 0.148011483100047 0.135448161611598 0.129911339756747 0.123525072282352 0.116153246407279 0.110740304415762 0.106172093822803 0.104291930786085 0.100095357673866 0.0926601732830485 0.0887672064972694 0.0859427187116241 0.079396212571668 0.0742254048103443 0.0713862241957278 0.0684424012080097 0.0654664877688606 0.0645960378835543
-9999 -9999 -9999 -9999 -9999 -9999 -9999 -9999 -9999 -9999 -9999 -9999 -9999 -9999 -9999 -9999 -9999 0.4762709233829 0.475575863038766 0.469985383943065 0.455589020131601 0.42319690650967 0.350882129828648 0.256746142647506 0.213078370044354 0.172401005776284 0.134614340108149 0.154813827329696 0.213563467491035 0.222002700264423 0.215993660240326 0.177754658974189 0.162033794012605 0.164386400434735 0.166128525727548 0.167269620940147 0.1662391496932 0.165292251169234 0.164426024690728 0.155642136957929 0.145388296401749 0.136243979925894 0.128482404070018 0.122325135308823 0.116688539834443 0.111231760965177 0.106082374488221 0.100734100872953 0.0951077598566996 0.0914928454505316 0.0883548168751925 0.0807854668062724 0.0749844292266733 0.0721804478826578 0.0691452642949956 0.0660232349330238 0.0653330224134134
-9999 -9999 -9999 -9999 -9999 -9999 -9999 -9999 -9999 -9999 -9999 -9999 -9999 -9999 -9999 -9999 -9999 0.500059636432299 0.483561971283338 0.475491241215617 0.455746919571616 0.412146388111438 0.32503996959171 0.214153796747586 0.215128799743297 0.214397635302555 0.198920499636491 0.201138116678661 0.215119497811751 0.237516127887407 0.244626982227669 0.200049338262943 0.179572979027287 0.178440755290692 0.178566119892231 0.178173823432607 0.174808670525822 0.172174272771827 0.170245266810784 0.165069842822729 0.158042124521285 0.144094270024607 0.133738430411827 0.127550180062841 0.12233348987101 0.116980092948745 0.107900822037386 0.101396062640796 0.0984907704183445 0.0941394136766052 0.0890887795472791 0.0808613662137361 0.0748199818957211 0.0724836281827154 0.0696439905493045 0.0665933097207911 0.0657732996579745
-9999 -9999 -9999 -9999 -9999 -9999 -9999 -9999 -9999 -9999 -9999 -9999 -9999 -9999 -9999 -9999 0.511546429395998 0.505715129286119 0.497343946019748 0.493617081794702 0.474279554018381 0.42303999655261 0.331061733787079 0.216816222403073 0.237995995894414 0.248475517142489 0.219187305350425 0.217451948379509 0.234034184736502 0.254189185211587 0.254953249156872 0.192174094275559 0.173215743143822 0.189428777062242 0.191806888559107 0.191164242424912 0.186263428793995 0.182864266270625 0.180914634911141 0.175784203110137 0.168886692041726 0.155490891625901 0.144952229773217 0.137728526345203 0.131392159616779 0.124950760663857 0.115286961382672 0.108161659063412 0.104585471375676 0.0996052614488842 0.0940819644096179 0.0878994404859861 0.0816350312465128 0.0752318372063173 0.0699497618580521 0.0652122289874241 0.0658686678365783
-9999 -9999 -9999 -9999 -9999 -9999 -9999 -9999 -9999 -9999 -9999 -9999 -9999 -9999 -9999 0.51512157127475 0.513661315572666 0.508885654771641 0.502736654118309 0.505873136455124 0.490534559478035 0.437440259381903 0.342069174422888 0.223590146479313 0.258887448310969 0.277276413164553 0.238432359249832 0.235802952866335 0.25724964278199 0.273673261601045 0.271408694503143 0.210319772101148 0.1903184859697 0.203294894276048 0.204959705487082 0.203749288145323 0.1973379490103 0.192605414992255 0.189493417411017 0.184059625579508 0.177182961563579 0.164659865243065 0.154109445649928 0.145847798964387 0.138543298767519 0.131321726909916 0.122410740305999 0.115363473455112 0.11092190404793 0.104874207103073 0.0983412543107071 0.093482004675837 0.0876138488945216 0.0800357303800452 0.0727561853585762 0.0656704465934141 0.0668144571284059
-9999 -9999 -9999 -9999 -9999 -9999 -9999 -9999 -9999 -9999 -9999 -9999 -9999 -9999 -9999 0.516212813439391 0.517666608984383 0.507229794876803 0.491835452538451 0.506728699783101 0.502365878982888 0.458651261735875 0.362759959874539 0.238349558060321 0.27594154624252 0.295828173713591 0.255692933158516 0.258110621362897 0.288818199997397 0.298616991704131 0.299768431826507 0.279004140383537 0.252985971299182 0.222750943149722 0.217941699654072 0.215547004559916 0.207673958372092 0.200503686169826 0.194011795775499 0.187598062775447 0.180529842871285 0.169502227653836 0.159272297419254 0.149967870969578 0.141989569237127 0.134585700331168 0.129024954185903 0.123412524738329 0.117727836010095 0.10976072298525 0.101175149272256 0.0962376292960666 0.0919685098166131 0.0888322409439981 0.0804194578196663 0.0697010099486665 0.0694119622859533
-9999 -9999 -9999 -9999 -9999 -9999 -9999 -9999 -9999 -9999 -9999 -9999 -9999 -9999 -9999 0.548474818830991 0.54457307191076 0.530890133359612 0.513128768721289 0.520246836796225 0.511273418198654 0.469415357389206 0.385403977465852 0.278352139337048 0.300179238900375 0.31276104575896 0.289877458582674 0.291590714317687 0.309656357800694 0.318062194410078 0.321289731656439 0.310577029357956 0.285017120208773 0.24754056909087 0.232636757744807 0.221767992794305 0.214057196964465 0.20746122069273 0.201941370348955 0.194594402230056 0.186457408563958 0.1759157464476 0.165866639591446 0.156389013667468 0.147684182568858 0.139538993093611 0.13451539431588 0.128678189151071 0.121703467425875 0.113484876547271 0.105045695740168 0.100673460415249 0.0974334220751097 0.0961123081635612 0.0881457339362217 0.0772411506806616 0.0747151367525546
-9999 -9999 -9999 -9999 -9999 -9999 -9999 -9999 -9999 -9999 -9999 -9999 -9999 -9999 -9999 0.556455488301816 0.573865307757509 0.567714284149517 0.551162457325915 0.540349206593022 0.518660662211382 0.474747313629441 0.409063628640657 0.331480559768364 0.328152227484446 0.328852134844245 0.332862030440378 0.330880198413651 0.324914966821267 0.334648295542335 0.339255208993022 0.322852844547387 0.301118113397803 0.275103526414332 0.248222567741727 0.2250892169347 0.218385090132322 0.213929594854046 0.211644684643035 0.20338876742417 0.193726867868017 0.183146228650416 0.173205322232993 0.164006657603507 0.154547879939096 0.145370691152236 0.139421499211197 0.132496559550927 0.124207410849266 0.116604629749209 0.109455275978242 0.105982958372535 0.103475638239514 0.102603861433987 0.0959047704334167 0.0866061869667012 0.0814251939753326
-9999 -9999 -9999 -9999 -9999 -9999 -9999 -9999 -9999 -9999 -9999 -9999 -9999 -9999 -9999 0.634501444648367 0.63951407820509 0.647442604126691 0.65604759449305 0.606555809313041 0.557387088092259 0.508878581985651 0.436945528117412 0.352208919866539 0.306381101333506 0.281653951436288 0.306859026704382 0.323438407935759 0.334283285190644 0.347113732895802 0.355422402205995 0.348584546571276 0.333247025044163 0.311087514956379 0.278381751724922 0.248763489806049 0.238759131947731 0.231185923022079 0.225959481680613 0.217896422754508 0.208259640526773 0.192840395353934 0.18005849821065 0.170336550340439 0.160837294587708 0.151580830747878 0.143966118042721 0.137055236511397 0.131128392997312 0.121744189509728 0.111551489570377 0.109175596738784 0.107156241418875 0.105741170114979 0.0977495494655472 0.0868700235325567 0.0870166974915942
-9999 -9999 -9999 -9999 -9999 -9999 -9999 -9999 -9999 -9999 -9999 -9999 -9999 -9999 -9999 -9999 0.685167183591118 0.705114700594073 0.73287561182254 0.662536713838369 0.59913708976729 0.549918600384787 0.46727843607273 0.366370417163275 0.301093113606484 0.264070080809941 0.295440882839363 0.321557145464891 0.344180103438297 0.359236869630176 0.370712410687617 0.372799841572366 0.362423029701061 0.342042186780095 0.307359442398197 0.274996933931336 0.261316130687843 0.250306026020855 0.241873924191235 0.233389212886466 0.223425127039963 0.204794744084468 0.189900298795658 0.179340427336058 0.1695272443976 0.160012620488886 0.15130925540375 0.144139642684588 0.139114394542128 0.127737450964055 0.114680063829387 0.112500439415343 0.110433875140218 0.108558932875562 0.108498690951822 0.10918573716919 0.0999254891336531
-9999 -9999 -9999 -9999 -9999 -9999 -9999 -9999 -9999 -9999 -9999 -9999 -9999 -9999 -9999 -9999 -9999 0.707270281748243 0.738355562572668 0.691226431172329 0.646292924803164 0.605846408669958 0.503248151153742 0.366678556864218 0.338341197255702 0.321363390928501 0.323139296329812 0.335799279935288 0.355695178642383 0.370781933354798 0.38400208871199 0.392575974809892 0.383557302683909 0.36041851895875 0.332636185420657 0.306171519160999 0.288165773750963 0.273263604881874 0.261357292302571 0.250909718500342 0.239680064478018 0.222031730521447 0.206949015552244 0.194843027153599 0.184016879716805 0.1737580134558 0.165395361108419 0.157246563479149 0.149396759671995 0.135661519541566 0.120425214222026 0.11626819908567 0.112883528286588 0.110807879182497 0.109789411395658 0.10918573716919 0.0999254891336532
-9999 -9999 -9999 -9999 -9999 -9999 -9999 -9999 -9999 -9999 -9999 -9999 -9999 -9999 -9999 -9999 -9999 0.727670182139806 0.729728482710804 0.698815096821312 0.662007483787764 0.613154398841478 0.520337940721866 0.403491672293996 0.386571497785262 0.375430869188077 0.369654871483628 0.386835161911928 0.419277172153424 0.414059532060841 0.409606608130485 0.418366076853831 0.400192788173817 0.360402771820129 0.343030388274774 0.326805937963946 0.301591083237447 0.285395529988618 0.277906232475668 0.266603585708375 0.253779490648547 0.236688578804839 0.221990869058233 0.210069841393505 0.198329977489267 0.186900665573469 0.177836078636621 0.168652752467567 0.15930341501204 0.147309901319757 0.134601412774965 0.126146102924193 0.119845503013231 0.117196852008345 0.113455668027932 0.109251764686566 -9999
-9999 -9999 -9999 -9999 -9999 -9999 -9999 -9999 -9999 -9999 -9999 -9999 -9999 -9999 -9999 -9999 -9999 0.720384655179469 0.712157238718202 0.693025236911475 0.657787590142526 0.589636367210407 0.525457447017208 0.463449736046897 0.441764762598293 0.427453099911266 0.428100936264984 0.461199079797202 0.515870723938338 0.477456247891143 0.443019004748836 0.447969165880017 0.413975944578115 0.348726046503762 0.343988737077877 0.340757662082323 0.306505073357179 0.290663755237899 0.292594681533993 0.281139324451336 0.266512275809166 0.24970956340009 0.235760327629029 0.225121801580911 0.21253114661872 0.199661166887596 0.189233584286019 0.178980640512654 0.16897186217645 0.161319578643224 0.154123079173971 0.139897971015432 0.129668387731117 0.126210691661893 0.118628066253876 -9999 -9999
-9999 -9999 -9999 -9999 -9999 -9999 -9999 -9999 -9999 -9999 -9999 -9999 -9999 -9999 -9999 -9999 -9999 0.738794297726501 0.739910420440257 0.689074804209608 0.643786209959049 0.609833537420952 0.537196288125435 0.443414550265061 0.464531686936739 0.478115406850364 0.461880311256487 0.494103815478118 0.558543397867411 0.489943288092424 0.428253951734229 0.426812118824904 0.398613961101232 0.348940683752864 0.35056938024439 0.352354330516648 0.323086582296929 0.30550973710628 0.299218022122935 0.288188130736655 0.275783987286963 0.261124753832967 0.246214285867103 0.231012326276568 0.217782190324586 0.205379389975366 0.195473212191222 0.185608283805006 0.175801026884986 0.167743748238788 0.15989465638668 0.14450026718463 0.133432073165367 0.12969620888263 0.128425482226836 -9999 -9999
-9999 -9999 -9999 -9999 -9999 -9999 -9999 -9999 -9999 -9999 -9999 -9999 -9999 -9999 -9999 -9999 -9999 0.769732483903199 0.757777545234043 0.68531732654457 0.632258234902306 0.618847383005637 0.539224170171584 0.423410138513999 0.482211183753385 0.520842354084905 0.492022143936334 0.518551797293421 0.5818789548305 0.497641243065088 0.420878816014823 0.410329033342954 0.386456774581754 0.351891650873642 0.357749271311127 0.363189678839992 0.341870956620788 0.322907760288694 0.306218333251974 0.296164588807943 0.286867213616811 0.273833085563841 0.258078782581719 0.23916843147708 0.225030242406876 0.212503924446561 0.20246526200378 0.192583786740029 0.182922077473775 0.174175902613813 0.16535514675617 0.149311359728146 0.137550541809496 0.133048791139183 0.133966608612445 -9999 -9999
-9999 -9999 -9999 -9999 -9999 -9999 -9999 -9999 -9999 -9999 -9999 -9999 -9999 -9999 -9999 -9999 0.777565393165308 0.76041036916425 0.735334223667172 0.681725172570282 0.630460083047585 0.583985125058069 0.510302372152005 0.421748190973752 0.49186526481146 0.539822838587401 0.516763770083567 0.526820665611097 0.558893601426495 0.502434906833728 0.446897741750357 0.419595560394898 0.390664192154904 0.360425208482703 0.36546319675443 0.372254289481235 0.36467174551035 0.345857499660023 0.316201386603721 0.308661323875277 0.304231787067422 0.29082801946984 0.274975822745927 0.256282867486797 0.240374219416824 0.225498391870642 0.212915028480564 0.201458006491812 0.191575741064717 0.18236277480426 0.173009412468149 0.156842763280671 0.14412687408721 0.13725956755096 0.136018099781931 0.137305550833684 -9999
-9999 -9999 -9999 -9999 -9999 -9999 -9999 -9999 -9999 -9999 -9999 -9999 -9999 -9999 -9999 0.82178523062496 0.812516301792308 0.790517471248567 0.76244448819337 0.694756001787939 0.630039390711458 0.571396118840969 0.506091394788065 0.437145607259665 0.495706237136043 0.541933930485703 0.544987354362071 0.554300016010352 0.567773922393266 0.527226558080328 0.488151717431513 0.469240503718046 0.434793470822383 0.387877103004218 0.383109420481238 0.383673011161531 0.380789838670405 0.364702561227539 0.33586947250895 0.325352035239408 0.317988235224821 0.306601463493784 0.290692504068798 0.269536734290481 0.254247031841047 0.240594793544629 0.226869527399214 0.214344991636083 0.203499216900522 0.193878933236713 0.184274794056653 0.167072483125854 0.153288863766257 0.145299475320529 0.140558135887494 0.137305550833684 -9999
-9999 -9999 -9999 -9999 -9999 -9999 -9999 -9999 -9999 -9999 -9999 -9999 -9999 -9999 -9999 0.834410798212806 0.858857163900962 0.850849824197899 0.827541040340688 0.7205295095973 0.630674617383121 0.575881117013828 0.520822988785481 0.465620218397164 0.495091055270118 0.531113453753371 0.575880102943047 0.596505543770832 0.60108151023061 0.567348064622458 0.541084423852146 0.549838325633726 0.509525646625328 0.429831225193375 0.408369445127063 0.396896323509667 0.391785178421884 0.380401100334402 0.362961812866833 0.345257722601181 0.328978803130817 0.32143855013889 0.305504357830673 0.279831204937323 0.26699209377338 0.257302474749984 0.243510648721371 0.23030804195289 0.217929232387508 0.207947222296493 0.198308348387716 0.179370651026304 0.164432940585318 0.156274679938705 0.147005815640126 -9999 -9999
