layers/veg50/veg1300.asc
NCOLS 255 
NROWS 330 
XLLCORNER -2985163.8955 
YLLCORNER -3022031.214 
CELLSIZE 25000 
NODATA_value -9999 
[rows 125 to 149 of 330, columns 57 to 113 of 255]
0.0864598357469404 0.0961333588187822 0.131026011491993 0.166553993578137 0.176116736671834 0.215910200487455 0.290302272925931 0.305513720824565 0.30059220330673 0.261816272548953 0.230891378982745 0.210790866199631 0.19909792436568 0.18752667528737 0.128206681866834 0.0931652510935404 0.0986786906650894 0.206433048329134 0.359201839087542 0.475863218968013 0.571908992651037 0.625824610955548 0.659841602195332 0.6829822616333 0.75531175097888 0.808026611010555 0.806378002696503 0.809818988955765 0.816643621817277 0.826158990361392 0.827947053437491 0.804051536697559 0.775198706134676 0.742367044095359 0.712883509703449 0.683595403915007 0.653066267284704 0.626376902312359 0.603394036574385 0.583991471181136 0.565580718980583 0.548598879402676 0.533801654227338 0.521539099932816 0.512234848119888 0.504531987137028 0.503853728204443 0.50477621231772 0.507936721786391 0.512729916816601 0.517572736371735 0.512794621115934 0.541265863689665 0.626090378557711 0.612637813608915 0.555305420742835 0.561895485722887
0.0921141922387109 0.118041841652205 0.14488331878002 0.172253661533698 0.201588590175632 0.222300102618367 0.233142243939834 0.235703992585033 0.229364915121969 0.164940849003838 0.142752570215496 0.178795609605396 0.159074979880761 0.119712231022939 0.0822151214385771 0.0512461772477984 0.0311818695865023 0.145590778710797 0.318433375944501 0.371254084299394 0.409880955397385 0.419501230069188 0.491871302670994 0.598539602007921 0.685432480277393 0.745529904446305 0.739459766502974 0.749496374922695 0.770241014565653 0.805270318968215 0.828086369051266 0.807445975127901 0.778769975616492 0.743644450900948 0.71540706679655 0.687465135369554 0.656517905805353 0.629412341220323 0.606015103476683 0.585452484379281 0.56578385096762 0.547888317817039 0.532098531045485 0.518751909540548 0.508549241214571 0.49977550449226 0.495982101698399 0.494399331901233 0.49590728469747 0.499403587651947 0.503587965260634 0.50725939265288 0.527418154645838 0.575520772304366 0.569386079728177 0.539060618864008 0.547591541878516
0.128632097952318 0.120069313485665 0.133025614708872 0.151239349546129 0.174381022088442 0.183071319901943 0.175222235048931 0.159097895179777 0.138829317541636 0.102172840492925 0.102320395915779 0.15321040129842 0.131752877092634 0.0871928437049914 0.0848536114098202 0.071921618268289 0.0412954951669329 0.113120130965565 0.229262096633874 0.235040064634757 0.240873310620053 0.246819522969279 0.306006670041124 0.394294622389554 0.557157596609361 0.681174910939192 0.699655196328262 0.714068798001059 0.725778801117864 0.769847183580238 0.802201484185145 0.787551296817313 0.767613166681916 0.743430836183056 0.716167734258019 0.688125040603869 0.658680656717269 0.631550931717803 0.606655527442905 0.584965001993899 0.564320429852149 0.545888280755775 0.529371668325215 0.515077532777653 0.50345058813715 0.493080216358709 0.487338542524739 0.483680396525135 0.48293526528704 0.485159698822727 0.488629385431755 0.495217768269505 0.507808797785463 0.530573521015382 0.533891685334158 0.528500899855743 0.532105300827179
0.180482040846909 0.112220526511167 0.108393504575917 0.116954375432302 0.121003979949503 0.121180614306861 0.11692469212675 0.0791155760705406 0.0387019612355943 0.0563483193201966 0.0855873719690707 0.130809502675523 0.110740151613168 0.0722069267445478 0.111649975625505 0.123692038753284 0.0899635412145638 0.0947436095412127 0.11604582587357 0.0831257355735319 0.0683984171056237 0.0908499376547506 0.111252697480484 0.130535631232908 0.399873615420686 0.615896779127533 0.673319839707872 0.691008289813838 0.68228051407181 0.727203785196185 0.76338859786024 0.756087320328548 0.749139913217208 0.742476529029846 0.716052653788365 0.687190405476044 0.660203128943247 0.633243996230037 0.606312030508784 0.58350956849833 0.562029117752784 0.543247672974851 0.526136244112102 0.510962429825973 0.497649978318026 0.485421790848213 0.478311511564474 0.472791539040564 0.469495000727758 0.470459995310894 0.47318704816588 0.479943971738735 0.485337236130944 0.488419278227743 0.502250892370778 0.520765350592893 0.516031731837441
0.296411666954602 0.161870612294177 0.124078623209381 0.10680220262553 0.0937514772219026 0.0830441125543204 0.0750186892706162 0.0459473383589095 0.0154367672710692 0.023048662997682 0.0444740791753036 0.0849444701337553 0.07938110827847 0.0610575533804895 0.102019661325123 0.119504932032957 0.0977745331775241 0.107909311618838 0.131827685264427 0.121383145037051 0.114739304088515 0.115862591092994 0.0951319120960912 0.0624561383625786 0.31863648759577 0.52452195487325 0.575859315446727 0.633660575539735 0.695759142880207 0.727934088392381 0.746434699662504 0.72938319094541 0.724170184141995 0.728458977250842 0.699939944020394 0.668557234702304 0.645311772467054 0.621386580093428 0.596805249943417 0.576567352109054 0.557417916018826 0.539324680339693 0.522184323005263 0.506149530566146 0.491167973260499 0.477210154847841 0.469883052414264 0.46372870898848 0.459214019348476 0.45861253633693 0.45970060789661 0.465765880909871 0.470000992556387 0.471134222284717 0.478820098800867 0.489452944195144 0.498785739110688
0.393095388139231 0.210473151744533 0.147813874366498 0.110205504716791 0.0756130427729543 0.05423076209715 0.0479673366988563 0.0248782687073034 0 0 0.0128013067278285 0.0432520290885386 0.0506704447788047 0.0523655832872313 0.0947737834574527 0.116685894692993 0.104361373332131 0.117426517839783 0.141569314293555 0.147268367811567 0.147522948103097 0.13665117582517 0.0892976144894294 0.0220035798121883 0.241735348586987 0.425069645322871 0.489298935502766 0.585889753753307 0.703995050794366 0.727917618397177 0.732519093759264 0.70169832651087 0.695573976992882 0.709271427693791 0.676295198175589 0.641109147637281 0.625405350648874 0.606987347157805 0.585949342994772 0.568790547390643 0.552381091019109 0.535600045288268 0.518638399224893 0.501467213938763 0.485022754081983 0.469593539184652 0.461551571649068 0.454543629941046 0.448981376862564 0.447115671117474 0.446847625880187 0.451310669196036 0.454287005396693 0.454743569296365 0.458040531025207 0.46270515846808 0.479371070872113
0.443688119202274 0.254829469716207 0.18866873007588 0.143843834578842 0.0774847904272202 0.0459821733287015 0.0543722167027729 0.0299829334492943 0 0 0.00351026786272311 0.0118602116904996 0.0283514150734065 0.0491720870642102 0.0941546985443802 0.118796767095982 0.109462026839031 0.117582225487933 0.133342675464475 0.138731543953426 0.142251983062719 0.141954090597145 0.101249558827745 0.0384592814119157 0.172307423874122 0.307977687596852 0.429963286027711 0.561131350508845 0.698404070204407 0.724797416725104 0.724851110145614 0.671616675790649 0.658890328422512 0.678676518551426 0.635933766888024 0.59406419928827 0.594553800629836 0.587209016936798 0.572301767368382 0.559280930770308 0.546445181426338 0.532370454007736 0.516044340101919 0.497106083859269 0.479669932734775 0.463355970363655 0.45342269621023 0.445020134879287 0.438757688488964 0.436329117069865 0.43538090981271 0.436186229330744 0.437479300401863 0.439599045967688 0.443062160250835 0.447158482477528 0.455032758656202
0.49905034740208 0.368616254275694 0.306375033514236 0.250867232807088 0.153956805064014 0.105457238160516 0.112363178875939 0.0825000244012441 0.0437815632703888 0.0160647981367401 0.00637279052917 0.0215318738315694 0.0268540340329604 0.0303360487500224 0.0613060040023216 0.0803274279490073 0.0793900452335739 0.0803048472418181 0.0823577005582039 0.114066342268386 0.138791093207339 0.149243530224477 0.124734538231557 0.0811160820056477 0.176194598312898 0.279223638722605 0.389517392413924 0.514362651201439 0.648881991110178 0.690377985392022 0.704114247288575 0.654888066465196 0.614838472483219 0.582154176296543 0.546595587312836 0.522067840493772 0.546098868824962 0.560382545968074 0.565257187123099 0.556306094364662 0.544035954628684 0.529263560282623 0.512744208792129 0.494197972649212 0.476988472248002 0.460606517942035 0.44834503518402 0.438352758615088 0.431533096789614 0.428150971657467 0.425939865200117 0.422510794873811 0.421786394970532 0.425646054392447 0.429270708806665 0.432784451433093 0.435617762201668
0.557308765835615 0.52456342461359 0.470747978315066 0.402452376688887 0.275728472572615 0.206056257683017 0.201678849522748 0.163807447291609 0.114148683115236 0.0418846522335406 0.0166153419918198 0.0561385857260927 0.0380002197636893 0.00200136176573729 0.00888646625230368 0.017216494729609 0.0279601218187426 0.0202969096355342 0.00540850514684314 0.0796074770148901 0.136429338527593 0.157739250874771 0.155222743041357 0.139683022566657 0.224601030874564 0.304111175438715 0.360541958866307 0.454228600648162 0.57268355289532 0.636952667134557 0.675441545632357 0.646267848227774 0.566312406871486 0.445598601514144 0.427517169720285 0.434920192333147 0.486954604172859 0.529276219950871 0.562222155513189 0.557299384177496 0.54376824170048 0.526231172412429 0.509015328011875 0.492172180672908 0.475929146970227 0.45997516064875 0.44512016851526 0.433419708450827 0.426129651900695 0.421556734862321 0.417728872669778 0.409715242549519 0.406770431261943 0.412416598764189 0.416199992499509 0.419122487666022 0.419192359538008
0.579731280913101 0.589800887887034 0.516994954553472 0.427141362503054 0.336689470456554 0.281175034374917 0.265645995145887 0.28503109433342 0.295135343223804 0.13967831064524 0.0584253742213959 0.0794790977770303 0.051499984565629 0.00884186251211402 0.0111541785803835 0.0194804464834177 0.0378524094493233 0.0454835792023675 0.0487406940780485 0.0891364551636318 0.122379444798521 0.141004995114936 0.147547615026231 0.147485861691228 0.182840782807468 0.213053587809721 0.226917605376791 0.254764458880899 0.291907332849244 0.434751607902825 0.549726509127599 0.544676811355626 0.52520321554749 0.494152733230079 0.482241132489594 0.480944754210769 0.512835750488133 0.539337833728877 0.560638044612722 0.555791206367754 0.54442296866979 0.526879684303206 0.509650723943808 0.492786453987998 0.476862963957973 0.460767672578974 0.440705600017022 0.426417159472864 0.420200929444908 0.413450399753413 0.406163045936734 0.392731367075741 0.387211030039281 0.395099373024162 0.398828096623829 0.400660482409705 0.399753059081861
-9999 0.640573526571694 0.545727505532898 0.441054850186661 0.39131649687781 0.357027373287417 0.340419662504553 0.402024859391227 0.455766929462642 0.251984156087567 0.132739613224825 0.130049606465571 0.0866142110716965 0.0317014118895551 0.0262029178335951 0.0290166105583811 0.0457149661469944 0.0624785484763585 0.0791616190533637 0.0855581790407567 0.0977017839929603 0.121590078624227 0.137201025718564 0.148287681867714 0.14530067798719 0.138196970132479 0.121955179759349 0.0959542472045207 0.0634652756107621 0.263714068388865 0.436231424890075 0.452917504974631 0.481660824715105 0.520081507312816 0.519201135935952 0.515881875640246 0.526515562567756 0.53973582209978 0.555452878377103 0.552681296021408 0.544509612881679 0.527315992339103 0.510208086024096 0.493199628543829 0.477268853484723 0.460951064527 0.438357478932072 0.422536349464835 0.416183903039051 0.406886616379215 0.396015220554653 0.37599570833714 0.367096600903286 0.377045111580118 0.381871787111833 0.384353350896535 0.382053896760598
-9999 -9999 0.545727505532898 0.447194023057895 0.438856800792729 0.439640494063472 0.450862939020352 0.49957864323719 0.53772827542125 0.39282842398848 0.294651197662966 0.260891381802638 0.183382487592944 0.094148541970286 0.0679748536117415 0.0475008216782774 0.0365474862822397 0.0403841709312732 0.0505287446457577 0.0362975144948397 0.0446323854757378 0.0990834529858659 0.126151317612925 0.138251878245396 0.136350395935565 0.131051299135379 0.118432554840334 0.0793630666772333 0.022708686765499 0.209361117004542 0.375560050449673 0.406378514968706 0.429774848548573 0.447214042988641 0.473393637172142 0.494649425758232 0.489619929993038 0.504857698775402 0.53965928728977 0.545427549564469 0.542796059056685 0.526470495703689 0.509744211300158 0.492552995430034 0.475794329724494 0.459124804140995 0.4421621698 0.428000186532046 0.417753839898767 0.40502972556105 0.390553097559003 0.360737971745378 0.346217767158666 0.357620434978675 0.366894753150283 0.37511241865909 0.369903451525483
-9999 -9999 -9999 -9999 0.46391403986873 0.474646186669192 0.497661115287785 0.557320153655629 0.610396234389031 0.517397222516293 0.452418320808165 0.426071301054656 0.350268969925935 0.257907904449563 0.181598849295924 0.107822008131699 0.0382749729703324 0.042053052897472 0.0775191299337973 0.0311405428792177 0.0145579598046831 0.0588666386855491 0.0888731522009297 0.111062287386968 0.121234756008796 0.124889567032484 0.11312096366642 0.0776334530017381 0.0263772206964597 0.166979962301236 0.29266522760753 0.315501533477668 0.342700189894577 0.373400149292624 0.358303498711696 0.34307852867861 0.35562125810291 0.401202304371897 0.478674959569242 0.515791687822363 0.538387745571781 0.525157187703884 0.510090050931572 0.492892047007664 0.476173677732177 0.4598305598315 0.44567896075592 0.433063630149304 0.422596181924638 0.406891302215825 0.388992718760151 0.365639258906672 0.353551807347535 0.360558752628663 0.366147094307715 0.371013402308422 0.364459444651022
-9999 -9999 -9999 -9999 -9999 0.474646186669192 0.497661115287785 0.58578774067387 0.6762307755317 0.629998685277718 0.607138025858902 0.616500021948236 0.56871329634007 0.496162046437903 0.34805559018027 0.198905879198926 0.0480135172760304 0.0611950349602706 0.145409240442599 0.0584129709776711 0.00139171384141991 0.00562754101231888 0.0323092293079061 0.0712595345475408 0.101585734824601 0.119451324179 0.106493947458897 0.0868315340337119 0.0627115013741614 0.133401657293031 0.193429526182176 0.192022872787963 0.229751329467926 0.298890347060124 0.192269907068781 0.0956699064233772 0.150222822016438 0.246975053806744 0.384461930026223 0.469698279902064 0.531997978101094 0.523499898492558 0.5110312726895 0.493955871517592 0.477916175729936 0.462398104319542 0.448984059204843 0.437832664877674 0.429844720078515 0.411487064150602 0.390301288426452 0.38536345534603 0.38163074450723 0.379940556780551 0.375862280246521 0.370695231381561 0.363946674954346
-9999 -9999 -9999 -9999 -9999 -9999 -9999 -9999 0.683189694756469 0.641901016035206 0.623492388040827 0.636628940047667 0.621877823471604 0.592122037702442 0.476688559926742 0.380820134287537 0.317633138937854 0.240505058454387 0.157074403335581 0.0630990337027326 0 0 0.0123305794603781 0.0314008939327992 0.0749726713862128 0.105300685690599 0.099733654949019 0.073733768167639 0.0341497809402504 0.0842001188969499 0.127542141418607 0.123675734167094 0.128118748659715 0.139231058251923 0.114929476803964 0.0891209007321427 0.0788143591472542 0.119320142321193 0.20887463453098 0.330355451121172 0.444775837189216 0.478068418913094 0.492811412643224 0.486032484480139 0.475532227770276 0.463528167575102 0.447336651064753 0.434945974892623 0.42786931652662 0.410373032319309 0.390033329228414 0.38598968387082 0.382395249032474 0.379562166724256 0.376668987070416 0.373731961742478 0.368465028485775
-9999 -9999 -9999 -9999 -9999 -9999 -9999 -9999 -9999 -9999 -9999 -9999 -9999 0.655194471403804 0.58823965377399 0.550311216215843 0.560868395268954 0.402136288278198 0.169627957647152 0.0681419759630487 0.000146487556697812 0.000592337812973285 0.000461627885054092 1.57776287786159e-05 0.0500186792173419 0.0885981982628984 0.0934869383388119 0.0616926786117503 0.00551095425351276 0.0384375407192806 0.0688081023578637 0.065508888460811 0.0429182538439226 0.00484396926526305 0.0591844546212525 0.102725684220464 0.0433355172578259 0.0309996404382238 0.064084873498331 0.189464737501988 0.325573025758313 0.410936271294158 0.460009623987703 0.466978093299024 0.466285627457004 0.4619307760022 0.44379709012299 0.430752098199929 0.424821693548788 0.408281950014674 0.388755256782228 0.384183349937973 0.380208017487143 0.377243799879763 0.376017902413984 0.375554818608425 0.372104817808365
-9999 -9999 -9999 -9999 -9999 -9999 -9999 -9999 -9999 -9999 -9999 -9999 -9999 0.658655093513214 0.653005878271173 0.633887301918352 0.592269527346413 0.427951810646157 0.21013103549051 0.0844126414542448 0.000836411868806658 0.0033821191934812 0.00263579412978991 9.00868051153519e-05 0.0342731049315148 0.0662491633249062 0.089203915481378 0.0633480171294529 0.00504199148990995 0.0122833024876829 0.0219886787512691 0.0209343646221464 0.0137151827183268 0.00154796427172094 0.0446630624289135 0.08548332687159 0.0823951318037885 0.076949616905182 0.0692286010324637 0.0837201654438093 0.123172698841473 0.282493715467031 0.381513917018212 0.410570870190758 0.43338947369804 0.450845438009302 0.435409655607921 0.425065764145796 0.421840929710609 0.405069882302649 0.384421169366567 0.381726910989445 0.379047455555355 0.376393089155578 0.373864963456753 0.371403397358867 0.370279255163775
-9999 -9999 -9999 -9999 -9999 -9999 -9999 -9999 -9999 -9999 -9999 -9999 -9999 -9999 0.697899673856688 0.686351634826947 0.655513770761309 0.543513008670177 0.395628645758633 0.262373795368477 0.148062939703805 0.0724661258980223 0.0316144544773161 0.00975402782199921 0.0222332618070725 0.0398561680186159 0.0673366770228735 0.0538532316477967 0.0131362722759148 0.0110204500086561 0.0125258045558464 0.0146918726472723 0.0104925479207042 0.00118424155435177 0.0259106072104174 0.0556830500466689 0.0858153725946402 0.0906348524952482 0.0710200586291348 0.0470896652600478 0.0476236229672011 0.197880499850442 0.29382936494827 0.326768054929791 0.355179245535211 0.380318693310471 0.387233489450096 0.39297677296738 0.397082145291019 0.391142747895142 0.38189759781858 0.378283224777837 0.375171205078717 0.372910607978297 0.370540790076883 0.368132830794645 0.367275386416548
-9999 -9999 -9999 -9999 -9999 -9999 -9999 -9999 -9999 -9999 -9999 -9999 -9999 -9999 -9999 0.711265189796332 0.746956441155315 0.738547812613573 0.709525070188579 0.583518741302844 0.425053851126187 0.200256483628589 0.084329632329678 0.0279099949586516 0.0134750009517496 0.0098820741210645 0.0298978691169844 0.0344845379895141 0.0288136687750521 0.0317999763699004 0.036143740825197 0.0423940222627824 0.0302766924831892 0.00341717928170456 0.00341136605373815 0.0147622023829761 0.0576754348663414 0.0757482902488609 0.069842938876562 0.0716626099384219 0.0844067153232113 0.15208002575187 0.198007700432198 0.218705279745901 0.236841480692225 0.257154059406314 0.303822712203857 0.337507107988464 0.353037999067212 0.367726967023821 0.38097731493633 0.373965289201485 0.368890097101865 0.367097582333769 0.366179438891357 0.365642298450712 0.363228077590802
-9999 -9999 -9999 -9999 -9999 -9999 -9999 -9999 -9999 -9999 -9999 -9999 -9999 -9999 -9999 -9999 -9999 0.7935441760241 0.819316394278746 0.736677705827562 0.627547204659215 0.464277903237166 0.265374920624237 0.0469950294441249 0.016747380297145 0.00264522265253387 0.0120042201645173 0.0179397959264247 0.0215994243204507 0.0279655275468373 0.0341392032505767 0.0389200931464948 0.0320642033591444 0.0158684196409796 0.00664299103840143 0.00424125234626052 0.0264696782675736 0.0465907768804717 0.0646776901951311 0.0969015914217787 0.133336373849254 0.177152374198479 0.203866761850615 0.210739222402334 0.216383556129472 0.22525124630023 0.266602185345153 0.303211021545253 0.333189845244568 0.358361813006832 0.380139246496248 0.372255270583926 0.366663146449011 0.364955408530894 0.362955570278148 0.360828135078215 0.359283818533503
-9999 -9999 -9999 -9999 -9999 -9999 -9999 -9999 -9999 -9999 -9999 -9999 -9999 -9999 -9999 -9999 -9999 -9999 0.880430400049129 0.839323716059649 0.786630882130302 0.710260534547933 0.446856642783961 0.0812226384613858 0.0291229532021912 0.000232556483478414 0.00105535888469981 0.00742090102993839 0.0174713481773046 0.0250720803818716 0.0310272629916935 0.0323756310011127 0.0312283418522115 0.0280779922535276 0.0133154940191002 0 0 0.0181647249899296 0.0538637059891256 0.111216751011203 0.168946519973638 0.20213802845533 0.218501938702653 0.215341843620448 0.211526581352588 0.21091956294927 0.241194937229311 0.277017254129581 0.320594843346099 0.352729982598077 0.378826342609611 0.370761490103247 0.364822018062156 0.362484785339569 0.359349779455235 0.355877359867534 0.355539588842193
-9999 -9999 -9999 -9999 -9999 -9999 -9999 -9999 -9999 -9999 -9999 -9999 -9999 -9999 -9999 -9999 -9999 -9999 0.880430400049129 0.839323716059649 0.794953834262105 0.743915265191054 0.515633828576138 0.190473736431786 0.0763293544427579 0.00163008214279902 0.00739743586788937 0.0245596889776642 0.0492974595536323 0.0489287799088864 0.0453070704910907 0.0383608119647673 0.0333628965515557 0.0299287572441565 0.0141885267950339 0 0 0.00617929205493049 0.0183234026748129 0.0702137965687986 0.126959335360779 0.163238691753025 0.186067948358173 0.193291898949439 0.197191625908174 0.202904275629279 0.233612163024456 0.272455081938555 0.322671723108298 0.35322069253993 0.375061191972077 0.3680161293459 0.361284041034726 0.355082402871941 0.352812425990668 0.352322530922244 0.352705128945039
-9999 -9999 -9999 -9999 -9999 -9999 -9999 -9999 -9999 -9999 -9999 -9999 -9999 -9999 -9999 -9999 -9999 -9999 -9999 -9999 0.728633386763947 0.733913118117483 0.55478421166428 0.274859932475921 0.113002759006123 0.00167359232257336 0.00759488834959582 0.0303537374551874 0.0643064701685707 0.0623868936923241 0.0546458617058779 0.038370882961052 0.0310532148695922 0.0309248494619395 0.0148700849293996 0 0 0 0 0.0432510299018853 0.0936261603141427 0.132595131186125 0.162199020496156 0.18093719386857 0.197150276983082 0.214927145086433 0.253390113879718 0.29373147905733 0.336699061319861 0.358458735957127 0.371560673399873 0.366594493774105 0.360622080926805 0.352944235601225 0.348412780753966 0.345331024031432 0.34644988425207
-9999 -9999 -9999 -9999 -9999 -9999 -9999 -9999 -9999 -9999 -9999 -9999 -9999 -9999 -9999 -9999 -9999 -9999 -9999 -9999 0.72376820397571 0.714240240792864 0.562403725911385 0.332783200028771 0.138466228429012 0.000276066663252756 0.00125281136640626 0.024073938618029 0.0614175724708555 0.064778121639702 0.0587260856035018 0.0320218334483164 0.0240136730053653 0.0310113404861066 0.015347862660258 0 0 0 0 0.0312307909074663 0.0695031738696171 0.110737931979475 0.147445617668944 0.178900825563794 0.21232116128236 0.248275990872119 0.302287218829483 0.342507048060638 0.363444894393032 0.368749216204956 0.36834179436287 0.366581657039774 0.363020974640325 0.356408606025276 0.346288230755403 0.33468196952633 0.336554006521246
-9999 -9999 -9999 -9999 -9999 -9999 -9999 -9999 -9999 -9999 -9999 -9999 -9999 -9999 -9999 -9999 -9999 -9999 -9999 -9999 0.683109175110624 0.683736969945127 0.567957021573202 0.3885501086225 0.172585591732232 0.0138929713357817 0.0039646917586116 0.0254703808403524 0.0678738918833305 0.06924531114528 0.0626707972519773 0.0421846297529463 0.0317556480981257 0.0293987492346009 0.0139994752290414 0 0 0 0 0.0389370795077827 0.083163526253212 0.110486658705412 0.129761425170284 0.13969817807897 0.181143407282944 0.232089581608058 0.289067708878893 0.325989706862073 0.334870898425451 0.346674885817665 0.358955156306728 0.360928441954654 0.360344500926045 0.355426398258589 0.345329688155161 0.333000896739169 0.335197021476889
