layers/veg50/veg1500.asc
NCOLS 255 
NROWS 330 
XLLCORNER -2985163.8955 
YLLCORNER -3022031.214 
CELLSIZE 25000 
NODATA_value -9999 
[rows 200 to 224 of 330, columns 57 to 113 of 255]
-9999 -9999 -9999 -9999 -9999 -9999 -9999 -9999 -9999 -9999 -9999 -9999 -9999 -9999 -9999 -9999 -9999 -9999 -9999 -9999 0.191351806183909 0.192152015559562 0.14506183488484 0.0717953873444722 0.0349761095053271 0.00917237244428532 0.00793325015482212 0.0215179053492274 0.0449576528487867 0.0541011805240617 0.0614902865425173 0.0673020840720531 0.066524315813597 0.0604576405563723 0.0604964215486093 0.0618964935541861 0.0652953563970315 0.0671950622213921 0.0676476444050275 0.0692101882345682 0.0714473893066135 0.0762946661061562 0.0818381137980896 0.0881892848516099 0.0866345113342782 0.0822873318064232 0.0727076947317407 0.0660395515372966 0.0634420161414595 0.0632590214179804 0.0642180306045193 0.0700243944698399 0.0686900389809152 0.0552531068284001 0.0571339781625193 0.0658260182638337 0.0606431139538551
-9999 -9999 -9999 -9999 -9999 -9999 -9999 -9999 -9999 -9999 -9999 -9999 -9999 -9999 -9999 -9999 -9999 -9999 -9999 -9999 0.184529507081453 0.185697731152124 0.14036508596342 0.0696156679746278 0.0323215529597449 0.00600191798643894 0.0044212604700731 0.0202036582684023 0.0475293022475396 0.0577479437548771 0.0651530589969465 0.0683680059938157 0.0678381528393885 0.0643026540375238 0.0633318856371118 0.0635131626152717 0.0669947292222478 0.0683951884186178 0.0677867721632219 0.0679211532410117 0.0686170310746695 0.0717088766993005 0.0765714864236618 0.0834886025154178 0.0820123021091452 0.0777691242997447 0.0697708523786164 0.0626004971893374 0.0565876660904018 0.0595718645177299 0.0657179495029515 0.0704076343121305 0.0686108644682681 0.0558204102602851 0.055700683156704 0.0612329123461152 0.0577705358843084
-9999 -9999 -9999 -9999 -9999 -9999 -9999 -9999 -9999 -9999 -9999 -9999 -9999 -9999 -9999 -9999 -9999 -9999 -9999 -9999 0.182393336523351 0.177059901256891 0.126909947220053 0.0522638645426101 0.0212387746594232 0.000121531595909242 8.95251887933967e-05 0.017201794630668 0.0457118620481724 0.0601101879388214 0.070079199190374 0.0697933959462848 0.0696644603925862 0.0696614297394957 0.0681048081565079 0.0669635389143076 0.0685442259337867 0.0689262461351506 0.0681512033548125 0.067753465086188 0.0675924721808446 0.0683624570919087 0.0714980704009035 0.0773783737604695 0.0750350818012041 0.0705412172477469 0.0674696512954951 0.0616646391480322 0.0520379506182755 0.058258417893007 0.0696203338030754 0.0707800260642159 0.0686107022345031 0.0607991355921073 0.0568281359741426 0.0546109106357813 0.0553257628773327
-9999 -9999 -9999 -9999 -9999 -9999 -9999 -9999 -9999 -9999 -9999 -9999 -9999 -9999 -9999 -9999 -9999 -9999 -9999 0.19965678554279 0.195342631858997 0.182212052246021 0.143063412180584 0.0896936372901077 0.0374487862439318 0 0 0.0172933852213723 0.0460836987938799 0.0579101849256922 0.0663090534599964 0.0684968351118718 0.0697726813370422 0.0703165913746242 0.0666674278754941 0.0638110999413448 0.0669093900426891 0.0657966133071701 0.0606189292289509 0.0634134168176594 0.0674636199909018 0.0690724960492989 0.070506246842389 0.071736810789349 0.0675175616420763 0.0624268355612399 0.0633199424311739 0.0618739056885448 0.0571574735327603 0.0560387697285077 0.0565407460591677 0.0628206538996473 0.0642435795135323 0.0574345614204978 0.0540182837934613 0.0521578484921346 0.053801851703977
-9999 -9999 -9999 -9999 -9999 -9999 -9999 -9999 -9999 -9999 -9999 -9999 -9999 -9999 -9999 -9999 -9999 -9999 0.1926281675791 0.195340380296227 0.193341882917694 0.181716554953999 0.151736873910946 0.111724941223123 0.0484423246881554 0.00264200674838396 0.00337985691689988 0.0195391809877472 0.0459509558225367 0.058237257253739 0.0669229650448538 0.0680298856397065 0.0679065843947902 0.066795884418648 0.0640129249220386 0.0623013522786245 0.066167343784199 0.0639741907938352 0.0559321966650659 0.0607100119289333 0.0672844803457247 0.0686191824703172 0.068512787693264 0.0667343786931333 0.0614137309003014 0.0561412762188027 0.0603540125558515 0.0622786425136291 0.0610042330591234 0.0548322585083844 0.0477268927696173 0.0554769800637461 0.0589133707963593 0.0550386153055643 0.0516532846997293 0.0485269552267204 0.0507186907289556
-9999 -9999 -9999 -9999 -9999 -9999 -9999 -9999 -9999 -9999 -9999 -9999 -9999 -9999 -9999 -9999 -9999 -9999 0.192575629793667 0.190298730936794 0.185377466083466 0.175052161725246 0.141259172711974 0.0946390512488887 0.0457487373833288 0.0115268834345851 0.014746070096343 0.0267209492273062 0.044516757441525 0.064763125401894 0.0783297333529437 0.0696589799798315 0.0614609916610933 0.0536424532917597 0.0587921317266089 0.0650024199547286 0.0676936840728222 0.0654231547863343 0.0583630481256084 0.0620819347877373 0.0669418499006585 0.0652146725423407 0.0639490042612825 0.0632187959762707 0.0586772880358543 0.0542212959978189 0.0602774438565442 0.0630881587769428 0.061361380172702 0.0560649047897896 0.0498394808640187 0.0500036273238547 0.0515252221650576 0.0553475128167732 0.0505357782763976 0.0419050448037645 0.0439052162111727
-9999 -9999 -9999 -9999 -9999 -9999 -9999 -9999 -9999 -9999 -9999 -9999 -9999 -9999 -9999 -9999 -9999 -9999 -9999 0.185542427762082 0.18156889642349 0.169475036674813 0.122738557271795 0.0570668707000038 0.0283535927748227 0.00981661263160218 0.0136665828051216 0.0249008876853809 0.0410444203401576 0.0645216068656675 0.08116307625616 0.0736708668497078 0.0615705725121841 0.0457717442458731 0.0539740662300714 0.0638616971155299 0.0660589909730846 0.0647897012397984 0.0601741475695121 0.0630135540656296 0.066477954725117 0.0644176986018392 0.0626455568404349 0.0612076960773278 0.0584391177405879 0.0561553954893079 0.0616844847879496 0.063776794595687 0.0610640860955644 0.0574543447222013 0.0533999726077522 0.0471812768138213 0.0460411955672894 0.0535086955538981 0.0513564964977868 0.0448949049853224 0.0427012720763961
-9999 -9999 -9999 -9999 -9999 -9999 -9999 -9999 -9999 -9999 -9999 -9999 -9999 -9999 -9999 -9999 -9999 -9999 -9999 -9999 0.180357702450868 0.164577446701971 0.0991911761615462 0.00669090049486681 0.00177007672104534 0.00148444806341307 0.00480861895805718 0.0174547449051992 0.0362982606611692 0.0600505185440472 0.0786380876880167 0.0791719825399141 0.0657770914318824 0.0412026998957552 0.0494077027547746 0.0603198818246703 0.0624486739089459 0.062854751160782 0.0615979062973809 0.0636699866563885 0.0659382699332919 0.0652504165854605 0.063379796835137 0.060136887514774 0.0597623504901146 0.0604982680955349 0.0640187714583732 0.0643898809741759 0.0603577708089607 0.0589417796000429 0.0578653940995539 0.046015784328215 0.0417472320465025 0.0503275714390923 0.0533885916918466 0.0538920551931492 0.0450032455616323
-9999 -9999 -9999 -9999 -9999 -9999 -9999 -9999 -9999 -9999 -9999 -9999 -9999 -9999 -9999 -9999 -9999 -9999 -9999 -9999 0.167940825587497 0.168539143624989 0.116838079038339 0.0365508493559781 0.0143771546635778 0.000413737210520536 0.00187757070679258 0.0133735924510491 0.0315391787724964 0.0578983894655832 0.080657338925071 0.0894695349135116 0.0819550896966598 0.0613365812205247 0.0591194315466707 0.0595370078603714 0.0597525747260979 0.0603352724524807 0.0612723585058664 0.0621449539279594 0.0629759132753436 0.063640837481784 0.06367130658076 0.062965657267176 0.060857573578107 0.0589757257372583 0.0627352592120721 0.0641639055336912 0.0623336999346971 0.0607252924559151 0.0586132422082871 0.0460834863202779 0.0410004878667896 0.0485387602230656 0.0517158848496862 0.0528492724395049 0.0433784825358401
-9999 -9999 -9999 -9999 -9999 -9999 -9999 -9999 -9999 -9999 -9999 -9999 -9999 -9999 -9999 -9999 -9999 -9999 -9999 -9999 0.174361111714861 0.175587589934665 0.134264577947356 0.069684565766752 0.0287457335725785 0 0 0.0112834993820165 0.0300684556670341 0.0588374072050958 0.0846491280461207 0.0980765630626053 0.0962503580930562 0.08218130042662 0.0707227276810178 0.0611336623628159 0.0578593611253344 0.0575811892149524 0.0601951557039878 0.0603162063581774 0.0602247651914463 0.0619601206615669 0.0635589114644217 0.0649992548611533 0.061302702351667 0.0571307334135935 0.0617493460763182 0.0642880574606706 0.0639188244314895 0.0619162222440669 0.0588304195649287 0.0469198971849179 0.0417276086623661 0.0479218396583961 0.050479493515171 0.0513272826808051 0.0425419627319232
-9999 -9999 -9999 -9999 -9999 -9999 -9999 -9999 -9999 -9999 -9999 -9999 -9999 -9999 -9999 -9999 -9999 -9999 -9999 -9999 0.173677585962476 0.17282368180209 0.142286487062113 0.0955247901862257 0.0400355045414347 0 0 0.0144062945297139 0.0383901317957555 0.0684864896815899 0.0935482283908626 0.100632172597713 0.10239823502404 0.0998960674830919 0.0849251015984069 0.069228409115766 0.0581622368654448 0.0542528096383284 0.0572517280921672 0.0580465581783982 0.0586169015732386 0.0605862931058438 0.062338088330894 0.0638374202269996 0.0598608810960281 0.0555714254652702 0.0624177167902759 0.0656327526291563 0.063770870051383 0.0612801161423693 0.0582572573930348 0.0497829100521642 0.0460891967656573 0.0504980271128123 0.05132883049761 0.0505108442262218 0.0448860148558042
-9999 -9999 -9999 -9999 -9999 -9999 -9999 -9999 -9999 -9999 -9999 -9999 -9999 -9999 -9999 -9999 -9999 -9999 -9999 -9999 0.171714298784721 0.171571116197798 0.151231406654202 0.119852537086623 0.0506434462099679 0 0 0.0130352151164339 0.0347364567115969 0.0690258160899518 0.09782049282154 0.105306063174264 0.107674566762401 0.105936018217648 0.089401165979917 0.0723957795515238 0.0625420718008916 0.0566352175224794 0.0545382276516666 0.0541271236803124 0.0544138726075979 0.0567358288886314 0.0587237182516482 0.0603240107516468 0.0568797532176947 0.0532852525673062 0.0612060065106423 0.0652011287783867 0.0637077604050948 0.0620243279251251 0.060059972864702 0.0543040665799381 0.0498576021589653 0.0476304688385249 0.0483031007833953 0.0502385891305276 0.0458511696159912
-9999 -9999 -9999 -9999 -9999 -9999 -9999 -9999 -9999 -9999 -9999 -9999 -9999 -9999 -9999 -9999 -9999 -9999 -9999 -9999 0.171887561187401 0.172271720911179 0.160874142267875 0.14303681804485 0.0607359100790238 0 0 0.00826666867039094 0.0220291553191266 0.0626779685244901 0.0985947685409749 0.111581420348686 0.112291991355198 0.103149553566315 0.0865239285390883 0.071837946186302 0.0700041766733664 0.0633351050927742 0.0519985571598879 0.0489604147976183 0.0482488421234825 0.051012973420758 0.0532997745563382 0.0550327594852868 0.0527348760105902 0.0504495539382239 0.0585729140566783 0.0634265690655452 0.0637087952252664 0.0638120900881887 0.0636589035752125 0.0600788158250399 0.0531775485055807 0.0406473202429998 0.0423477362578399 0.0503777485050234 0.0457738479404996
-9999 -9999 -9999 -9999 -9999 -9999 -9999 -9999 -9999 -9999 -9999 -9999 -9999 -9999 -9999 -9999 -9999 -9999 -9999 -9999 0.18786584163736 0.188365440738829 0.167764103717988 0.135629268338259 0.0624152523040504 0.00733233204596075 0.00209245637462395 0.00365133953079717 0.00973014993753148 0.0592850170918831 0.102249172713965 0.11155594611966 0.110471982011999 0.101048220393413 0.0887090218347576 0.0782793106905618 0.0777500967850511 0.0697336912031375 0.0544899625696897 0.046372753033176 0.041367116064406 0.0459185992945219 0.0493192422363993 0.0513846374734016 0.0516276820267734 0.0520056696678143 0.0582662836301582 0.0622522492301587 0.0630579912941625 0.0637244629733919 0.0641464396461728 0.0611002516042677 0.0552265791514085 0.0445606938764148 0.0451669477076107 0.0508003690608193 0.0483026573785429
-9999 -9999 -9999 -9999 -9999 -9999 -9999 -9999 -9999 -9999 -9999 -9999 -9999 -9999 -9999 -9999 -9999 -9999 -9999 -9999 0.21039703135922 0.206443778426997 0.175228869453525 0.129113092414777 0.0627792856441365 0.0121981534261411 0.00348103491974708 0 0 0.0561682622661965 0.104186945009381 0.109899985728186 0.108230946995631 0.100636915185852 0.0920779057065217 0.0850040713939231 0.0848254312363336 0.0765969253402252 0.0605979518605084 0.0478778436237272 0.0382429177672241 0.0427645721817435 0.0461422571620536 0.0481926662578765 0.0507987433673205 0.0537465486115527 0.0583864838191409 0.0614895740163839 0.0624439757596261 0.0631163385434624 0.0635304626467014 0.0611498417187447 0.0569917518323363 0.0498210867039078 0.0491329425873406 0.0513487630710659 0.0506818097031551
-9999 -9999 -9999 -9999 -9999 -9999 -9999 -9999 -9999 -9999 -9999 -9999 -9999 -9999 -9999 -9999 -9999 -9999 -9999 -9999 0.21244100910866 0.214708817022506 0.186264544712187 0.141033447172396 0.0621814859238915 0.00393633620645512 0.00112332771296105 0 0 0.0526712011072825 0.0980775261128269 0.105028757075762 0.107516900535861 0.106422887676515 0.0975421997222873 0.0893945405562797 0.0891694574729461 0.0854039592170931 0.0782209280204186 0.0639401684878196 0.0499951040924704 0.0468032218448791 0.0453641723459954 0.0459588245941406 0.0495568887090413 0.0540495458274187 0.059016621452073 0.0620240279874127 0.0622915887233856 0.0614151588271669 0.0601733871382535 0.0597718940144283 0.0582824194362242 0.054948959916593 0.0532321924051425 0.0522444462347154 0.0512053700827945
-9999 -9999 -9999 -9999 -9999 -9999 -9999 -9999 -9999 -9999 -9999 -9999 -9999 -9999 -9999 -9999 -9999 -9999 -9999 -9999 0.226915358771105 0.22536002493563 0.196818231085658 0.153525987753954 0.0800226545467083 0.0220462628315905 0.00629142855362221 0 0 0.0516687027922447 0.0953735479365694 0.0986555948109078 0.103056978670498 0.108356763032602 0.100352477893519 0.0918793420540983 0.0896425111137355 0.0875688784191372 0.0856527796163586 0.0736558855767037 0.0603030589481374 0.0514060687618735 0.0459382501579762 0.0444490839629087 0.0484648937350134 0.0539138958040977 0.0583522752510512 0.0612604019937581 0.0620290570947676 0.0613563994330032 0.0601826365431516 0.0593390272283996 0.0584040528307539 0.0573142266786502 0.0546593178061516 0.0513132700177903 0.050051337658515
-9999 -9999 -9999 -9999 -9999 -9999 -9999 -9999 -9999 -9999 -9999 -9999 -9999 -9999 -9999 -9999 -9999 -9999 -9999 -9999 0.228525187764215 0.231869537460346 0.206933291027969 0.166539237077199 0.114643917331645 0.0641553816404854 0.018308273062186 0 0 0.0529363422980853 0.0957686377172022 0.090915621400608 0.0951881815982374 0.106785097762056 0.100747510539596 0.0926299205597349 0.0865928468102025 0.0836892452576498 0.0838103580198043 0.0775959717248195 0.0692967135891421 0.0565223545475516 0.0477428423782932 0.0435983001280789 0.0475092762180135 0.0533790617353048 0.0565099043242989 0.0593154786719618 0.0616662901060603 0.0627922989127196 0.0632553571778536 0.0597662165205981 0.0574618249643496 0.0571654267363271 0.0536547182596231 0.048719589052408 0.047370638194534
-9999 -9999 -9999 -9999 -9999 -9999 -9999 -9999 -9999 -9999 -9999 -9999 -9999 -9999 -9999 -9999 -9999 -9999 -9999 -9999 0.243387586867695 0.243391363805046 0.218685181016208 0.180472854315163 0.108572130275161 0.0467134153885836 0.013478863611442 0.000133206805108951 1.00161345586146e-05 0.0563802652177903 0.100678691008537 0.0899318895708095 0.095078266908864 0.112980802568168 0.108027220662114 0.100003410348104 0.0930886159548811 0.0897984618941382 0.0900071426115955 0.085436533872291 0.079853421164819 0.0742010778246719 0.0657248992154108 0.0539724019018391 0.0504599308669372 0.0498083450556248 0.0541594783034372 0.0570103069694534 0.0577635349596113 0.059544874095175 0.0615656010192979 0.061243397763201 0.0600001745981838 0.0571959442708038 0.0550499543712059 0.0531717626090682 0.0472310130438784
-9999 -9999 -9999 -9999 -9999 -9999 -9999 -9999 -9999 -9999 -9999 -9999 -9999 -9999 -9999 -9999 -9999 -9999 -9999 -9999 0.284156085655417 0.260977768274604 0.230596435448279 0.196278027681849 0.101041670983516 0.0259533084015297 0.00767425306811021 0.000783309143655531 0.0014633699269318 0.058129548304369 0.102079546149123 0.0890514370746796 0.0960998795392813 0.119262132437264 0.116010421801007 0.108685542320787 0.100415697536434 0.0963551976159934 0.0963579428322689 0.0926415691383734 0.0890981813921407 0.0911721250258374 0.0843799851057326 0.0673010852959776 0.0563941861512797 0.0485292278583073 0.0525968646854565 0.0547266579935554 0.0541471201934325 0.0563927034271165 0.0596436204446783 0.0626600406448664 0.062738013429278 0.0578357057465373 0.0570355423841416 0.0580115239662486 0.0486014474982829
-9999 -9999 -9999 -9999 -9999 -9999 -9999 -9999 -9999 -9999 -9999 -9999 -9999 -9999 -9999 -9999 -9999 -9999 -9999 0.291771501445116 0.284609624295569 0.262811699376076 0.241724406879794 0.221025536861044 0.126165176948534 0.0467481118283574 0.0134326009990184 0.00402306858030832 0.0105066257697054 0.0487986710035387 0.0805276891464711 0.0820180790897427 0.0953889730991416 0.118295378722787 0.120873800887024 0.117693708673289 0.102658680680681 0.0953674783645245 0.095551325738209 0.092634153715369 0.0898856592481163 0.091965174703765 0.0905439363716334 0.0850609932936406 0.0741665998635415 0.0623255614214807 0.0556860211333808 0.0529134105180613 0.0555472183017379 0.0583841528220885 0.0612193913317212 0.0627171801087055 0.0630763405588287 0.0615056763045292 0.0597509091627992 0.0579083319489649 0.0554043462109068
-9999 -9999 -9999 -9999 -9999 -9999 -9999 -9999 -9999 -9999 -9999 -9999 -9999 -9999 -9999 -9999 -9999 -9999 0.310056599368595 0.305346875538448 0.294078006623445 0.269404836184222 0.251271468631503 0.236712672624886 0.131432954813987 0.0445280859079597 0.0127071546438272 0.00409239797721338 0.0109054897761434 0.045589772599671 0.075314482134366 0.0810942603742821 0.0971565839244806 0.121471867928585 0.125796622291789 0.123352272599567 0.104558453792308 0.0955926310039999 0.0961136899796549 0.0938676389179983 0.0917047037456762 0.0934521208753397 0.0946277480253652 0.0951399631747986 0.0843780833402116 0.0709955751659557 0.0625463661845481 0.0575519281310012 0.0573876625112013 0.0589599158644397 0.061070913845957 0.0616239171218148 0.0619097989321744 0.0617429451210506 0.0602772176798359 0.0582450610452708 0.0589384397667414
-9999 -9999 -9999 -9999 -9999 -9999 -9999 -9999 -9999 -9999 -9999 -9999 -9999 -9999 -9999 -9999 -9999 -9999 0.3101930935987 0.318445182634996 0.313405558606785 0.281202923639629 0.259089553455481 0.242490844713022 0.11498532653957 0.0171376726812536 0.00489064491669638 0.000694356366319673 0.00185033232253121 0.0490762347215236 0.0879701952919368 0.0868521974674676 0.101634848762338 0.129179654213933 0.130784453354578 0.125347511931159 0.106082871983063 0.0971442525382656 0.0981732536967052 0.0964582469080537 0.0946519309253326 0.0956979535557861 0.0964365951812265 0.0968186019324268 0.086320483455255 0.0740591404182023 0.0735311075680397 0.0692464800788113 0.0597096954280041 0.0579874000444053 0.0590366957057196 0.0592725055383765 0.0590974432580912 0.0582260069853369 0.0584094417806995 0.0590629140572143 0.0588975734311108
-9999 -9999 -9999 -9999 -9999 -9999 -9999 -9999 -9999 -9999 -9999 -9999 -9999 -9999 -9999 -9999 -9999 -9999 0.37125080686379 0.369878549620926 0.353526902118488 0.306563298165826 0.267488409626761 0.232725390748316 0.107563478637335 0.0128107099495867 0.00365584257906569 0.0112403185875478 0.0299533867721646 0.0666645248069671 0.0947748188130796 0.0900167733048659 0.101220175286812 0.125234529318896 0.133084132720803 0.134766700536945 0.120288041566159 0.110812426206577 0.106166206698186 0.103810018835073 0.102246171019769 0.102528548641671 0.102697937648806 0.102736233062776 0.098000800015677 0.0917892706152867 0.0843302357370535 0.0773558744686076 0.0710591433985867 0.0650314086583865 0.0593355208864917 0.0578322703469777 0.0571934147633823 0.0580195945218365 0.0588993588152111 0.0597959655972419 0.0596714901000819
-9999 -9999 -9999 -9999 -9999 -9999 -9999 -9999 -9999 -9999 -9999 -9999 -9999 -9999 -9999 -9999 -9999 -9999 0.406464904499694 0.410406636432781 0.393208706160099 0.332809657043353 0.275210656309026 0.219142125750819 0.102513277915137 0.0146208735299443 0.00530260969553666 0.0252394236359621 0.0646254968612886 0.0858262507271323 0.098922622191257 0.0910768232387749 0.0974492681449927 0.115233537725837 0.132362777966531 0.144467726082204 0.135669570202179 0.125788861825913 0.114863174644679 0.111688952395302 0.110294683736702 0.109825923161493 0.109192197705837 0.108367073860454 0.109840575110589 0.110113471441848 0.0935851715930349 0.0837514773407588 0.0832776220133823 0.0739022233596089 0.0617626517247565 0.0575644664993313 0.0558185711142477 0.0582289832833091 0.0594952421561821 0.0602411319747766 0.0604062740334424
