layers/veg50/veg1500.asc
NCOLS 255 
NROWS 330 
XLLCORNER -2985163.8955 
YLLCORNER -3022031.214 
CELLSIZE 25000 
NODATA_value -9999 
[rows 175 to 199 of 330, columns 114 to 170 of 255]
0.290419456535827 0.291799880385192 0.293555949885847 0.295520413799341 0.305214916274865 0.313762038015651 0.318542442292137 0.322488903918212 0.325873042649243 0.346638241750734 0.364511345494182 0.367595639498868 0.377316925503995 0.392438967896981 0.402297448174308 0.411043370284428 0.418394355032101 0.419203048885699 0.413610025612877 0.422249358577645 0.433235655520875 0.439948086023634 0.447015653758932 0.454500941874734 0.457330748853339 0.459401578981994 0.466895222294596 0.467898559338699 0.459699731164712 0.453398297197022 0.448855610274541 0.464655411998966 0.465245112550789 0.43967662939162 0.426374294575977 0.418655266475808 0.400524379016004 0.398178659625305 0.42910702700624 0.398545829766921 0.333364383221996 0.332157427337401 0.316825893067605 0.257015329315817 0.256153100502044 0.295604511516449 0.34573611287966 0.386327337768881 0.391508534418466 0.473661973217221 0.619316792245386 0.689290756789125 0.732364509659595 0.708087096472631 0.634940181045702 0.513318938902657 0.521644805120583
0.283959545217923 0.278449336051941 0.278179193214555 0.280816046750024 0.29250560109476 0.302537108494674 0.307346022067497 0.31127988069539 0.3146236946365 0.339050189294608 0.360753368896748 0.367096682964092 0.375492200403998 0.385557668700077 0.39334951365148 0.40145411607106 0.412396137811804 0.417095537439686 0.415686449759268 0.419307925286044 0.424356791804564 0.431522620513851 0.440729571962699 0.452337337770919 0.459338195268304 0.464746879308652 0.467561539208395 0.463104933028749 0.448338891663896 0.438543529270363 0.431306816195558 0.438144343571589 0.438769428729582 0.428710416327064 0.41149985049422 0.39099689680277 0.366643438379268 0.355237568672041 0.371124356765015 0.361486878331025 0.337478563545152 0.331711496839042 0.316358011553105 0.273727931357334 0.294809375913953 0.35946191479364 0.371237734256833 0.385628693486825 0.425890008009339 0.48733943705104 0.566268862502614 0.656022082196141 0.728530255075431 0.717132793193643 -9999 -9999 -9999
0.274106776514185 0.264654175430433 0.2633235881332 0.266498795827309 0.278995291535151 0.289910555756967 0.295773523493446 0.301477208796428 0.307073490839617 0.331224216099745 0.353595177421605 0.364475559450029 0.37240706854164 0.377938974869015 0.384916593515088 0.393015096338743 0.405031978633632 0.412928520748825 0.416793256158674 0.415745150750541 0.415038117262308 0.422791844572302 0.433877442067092 0.44888206002458 0.458778649682583 0.466431427790745 0.466680013594698 0.459261776342081 0.440973270484906 0.429005234730676 0.419662190829881 0.416185433730816 0.415251343817346 0.418690108140802 0.398612524590309 0.367769574535503 0.340543302717224 0.321443631190332 0.319474293789133 0.327021204840561 0.339926015169998 0.332345595786857 0.320568857937568 0.300144330716018 0.341109951368033 0.424059121054571 0.396452451141138 0.384577915588057 0.461172314101401 0.502336872925942 0.514272145208645 0.615231706512808 0.70885731196587 -9999 -9999 -9999 -9999
0.255776323587271 0.253031011338666 0.253665489871659 0.256174952217262 0.265744007513979 0.275365663526597 0.284387776655977 0.296437387989484 0.310528424538557 0.321842886538312 0.334172989713555 0.350684781717308 0.363051795636772 0.372046056249695 0.38485270091695 0.395612925474633 0.395015890568827 0.400813143132453 0.412867289537559 0.410282896962217 0.406893199258073 0.417660418792978 0.428388768608008 0.439071398986469 0.446960224270967 0.453870704481647 0.459087022889803 0.458174284638493 0.448571572497172 0.437138768237247 0.42533261920554 0.41923041027483 0.415856648583502 0.417175243854403 0.396737469694954 0.36635635883435 0.343686469287531 0.323329037296052 0.307846112374455 0.317021268140583 0.340079574748302 0.333075985444522 0.324027533159581 0.313086918031543 0.350307648574265 0.420465003112441 0.387782732738511 0.375453775934965 0.464574543179238 0.513336696333517 0.528803370139615 0.622511045874804 -9999 -9999 -9999 -9999 -9999
0.237440562012153 0.240961929599492 0.244418519506889 0.247839173136227 0.259019072002975 0.269459596016099 0.277183488278124 0.288053901238434 0.301045995620725 0.305531511848487 0.315061622478463 0.343754807971929 0.362063803465234 0.371922814316042 0.382584013534484 0.39052752494761 0.386164244358061 0.391435262916742 0.406133569081071 0.40422473792774 0.401101390861559 0.412212878803204 0.421469182381197 0.428543376489138 0.435612340316864 0.442819835706429 0.451352546470892 0.454843086751575 0.451184675360326 0.439327778705043 0.425097204672189 0.422997849356272 0.421278025236414 0.420210915167431 0.402020153430354 0.375962770539966 0.345135532066278 0.317031934520602 0.294669591307901 0.308006982162444 0.341444266408406 0.330688368074547 0.3218212933359 0.323023255803711 0.347521631577739 0.387951979243811 0.40181672247941 0.428263182836285 0.505446777931194 0.53956776362289 0.5381624991102 -9999 -9999 -9999 -9999 -9999 -9999
0.219100034813791 0.228492543409361 0.235540622507899 0.241288098213864 0.258152900710674 0.271308682414652 0.273732934345654 0.276668774234473 0.27994957504041 0.282998970702568 0.296229281694773 0.342983842261436 0.368587197621275 0.376979065213152 0.378336061212079 0.378544817149447 0.378357928512136 0.384514859771831 0.396879301693939 0.397631629169315 0.397421991011867 0.406481560124271 0.413265052353119 0.417371371887172 0.424686865838812 0.433124377495751 0.443491057000589 0.449497692797177 0.449322518228949 0.43618033513233 0.419560059613308 0.427413849828058 0.431022834755481 0.427331644933027 0.413728406212731 0.395461605038151 0.345063781995189 0.30338931684083 0.280103111225721 0.299877524074243 0.343896202688365 0.325501686575719 0.314529606187423 0.330260855187992 0.333977722037027 0.329478182513864 0.436232043786648 0.536670914884533 0.579956187923818 0.579472061283277 0.542878589067284 -9999 -9999 -9999 -9999 -9999 -9999
0.2106993720621 0.218869333525599 0.225989759543038 0.232527941836149 0.244546511983005 0.255863705877231 0.264799709845518 0.271551056205424 0.276829300079903 0.279484145990279 0.291741771730405 0.336351330138617 0.35950221536273 0.365191415192873 0.36608345694636 0.366864370998756 0.370288786063487 0.376174014132968 0.384467179882456 0.387846054468313 0.390692289543133 0.396699572062768 0.400826694753195 0.402742331270652 0.416278270469523 0.431563772162332 0.431942540544532 0.432716623519859 0.434051196254619 0.424209406459656 0.411380894362104 0.419858697931657 0.42457991329091 0.422840584869655 0.404686681481737 0.379025938061134 0.357882486991292 0.339612988364791 0.327401590770771 0.3381842580435 0.361913191290828 0.348471143123569 0.337451578604268 0.33709005498341 0.330123774212467 0.31864062623601 0.422128958411797 0.523817746549771 0.582273426374122 -9999 -9999 -9999 -9999 -9999 -9999 -9999 -9999
0.204353489445599 0.210279000078977 0.21720978845754 0.224698268013222 0.231047812356561 0.239698101978918 0.25440560900939 0.265189047955352 0.273326509597547 0.277080153821516 0.287981858238425 0.32370477443494 0.343716774090217 0.350944242309631 0.353169452898474 0.355477034387614 0.361400768956633 0.366965167561885 0.372177951231234 0.37763130572066 0.382862856840356 0.386435564443555 0.388876123874884 0.389985025226433 0.409005998171281 0.429876541551679 0.419750499825881 0.415218425571465 0.418617658526101 0.413072199060601 0.40503871399736 0.412187287139759 0.416762140842786 0.416910736945571 0.392593971956302 0.357222635237042 0.364406718278405 0.369286633754873 0.36930951691119 0.3718715968963 0.375863311776236 0.371230131521997 0.362148948620224 0.342387752938915 0.329732548699177 0.321936996218881 0.411830800606341 0.495134538866583 0.524752812435941 -9999 -9999 -9999 -9999 -9999 -9999 -9999 -9999
0.199194710833531 0.204311041322573 0.213022118296434 0.223727428613425 0.23010379559973 0.236123855778632 0.241675126070244 0.246533793821487 0.250925443528475 0.262464672184675 0.274444650380193 0.285699336053871 0.30822972345253 0.339935550284405 0.344399979522843 0.345310003585862 0.348555619894101 0.354637451671834 0.363494557346623 0.368220265141722 0.372260059305612 0.377512373363784 0.383419008841224 0.390095271851874 0.405197483403462 0.419875808027352 0.407727424261375 0.404810746557714 0.414983078974057 0.414527977195717 0.41061788196913 0.415196154428326 0.417134242760779 0.414531768171627 0.384382388252746 0.34170936088453 0.32646709211008 0.318351707442461 0.32525932152556 0.338094958399687 0.354268228711001 0.366384361211444 0.367500244769299 0.340206285166968 0.337993287416175 0.352932680206871 0.466776044070294 0.5585688939846 0.544501159304201 -9999 -9999 -9999 -9999 -9999 -9999 -9999 -9999
0.196467174128728 0.202261911130447 0.209120453094869 0.216569154987445 0.224692625214351 0.230715288219673 0.231245152353722 0.23166877747846 0.23202076622958 0.243836040274342 0.253811793022674 0.254257018988376 0.276299660518773 0.315916887051611 0.328047474294932 0.334911517432124 0.336846924119231 0.343101089324802 0.353581216172885 0.358031882877254 0.361577092409265 0.367471861742264 0.376002710826383 0.387634176054879 0.399488779338852 0.409220996044523 0.398262896385754 0.398842208183445 0.415779633453644 0.420322825992996 0.420511123920473 0.42436809552234 0.424436247811204 0.417988425583355 0.387931561302889 0.347092327747918 0.316676678878445 0.297949586568445 0.303861195822619 0.317228443761163 0.334793413241233 0.359812882793522 0.373310336177096 0.35569699474731 0.358800466520189 0.37607177096753 0.489589446123067 0.582555300065991 0.575540202417558 -9999 -9999 -9999 -9999 -9999 -9999 -9999 -9999
0.196362607226486 0.204440648578642 0.2055273472226 0.20273550566885 0.214462021174067 0.22332774460012 0.223297106167088 0.220892897325541 0.216888203147204 0.220877780798337 0.225523722783796 0.229895391413245 0.248207089571154 0.277862285433712 0.30351393882854 0.324263323342254 0.326364302412374 0.33241848671278 0.342340933986618 0.347004857711262 0.350807633990233 0.356225917608237 0.366472728532748 0.382398961604392 0.391730036925635 0.397860524933314 0.391558683436554 0.39766288136887 0.421356761483457 0.430798924847714 0.435058648006646 0.440189130823864 0.439214648606838 0.427740907042178 0.404168945150999 0.375019414771699 0.33725532735071 0.310488090160104 0.306901483494211 0.310290146189778 0.31760606980773 0.351379606814385 0.379615403467627 0.390253510737977 0.39314349911803 0.390734697046787 0.477737087656327 0.554256405441784 0.566730206856203 -9999 -9999 -9999 -9999 -9999 -9999 -9999 -9999
0.188704041570141 0.19054902751539 0.18990579636959 0.187882193754238 0.194124119540386 0.200768077144283 0.207588820979296 0.209151991291959 0.207170008994264 0.209576212795882 0.212735357338689 0.217034178666249 0.231410100395123 0.253986117040469 0.274654458084074 0.294143461960206 0.30976159875581 0.321549350387242 0.329589020084796 0.334715791019898 0.339591226719015 0.346731005078219 0.354971760040004 0.364507508382431 0.3758406223764 0.387036651103425 0.392068559386762 0.402170371075673 0.419460455066047 0.431382431800262 0.441000222063125 0.44420526568096 0.442380869937171 0.431906893412052 0.414647446421734 0.394263040578369 0.369929819980185 0.351273812722198 0.344584994440332 0.33603940255034 0.326448398066938 0.351978440550613 0.37624108288181 0.393115174347382 0.406369495775324 0.417148325644238 0.475015449407667 0.522925514743332 0.5222479443503 -9999 -9999 -9999 -9999 -9999 -9999 -9999 -9999
0.17819745193983 0.173184705955836 0.17217410564499 0.173383748786404 0.172797929280298 0.176477080540481 0.191351809046397 0.198046865689227 0.199226415048321 0.201106442495685 0.20337226269182 0.206692760365912 0.217455532686724 0.234274348518784 0.246246633279925 0.260784671077338 0.289605597095153 0.307005090422347 0.313228562620615 0.319980066339048 0.327193490204196 0.336522880844997 0.342563789688406 0.34473671246381 0.358865019649931 0.376308354367774 0.392753104260697 0.405968051694966 0.414603681202346 0.428081299033983 0.442629048443286 0.443661854128641 0.441255230048597 0.432933508189558 0.422262220018904 0.410529340501322 0.402896801092496 0.394578622343809 0.384815161366339 0.365143949919759 0.339894413217233 0.352605956549469 0.367441922437107 0.38346549288235 0.406354198722263 0.433937839473626 0.468674548767713 0.493315857680225 0.481829592837388 -9999 -9999 -9999 -9999 -9999 -9999 -9999 -9999
0.160539195165574 0.160107362709038 0.161339502810158 0.163494753781697 0.163185327147361 0.167900827040127 0.1858431745532 0.193565850173302 0.194397457825578 0.191886274647574 0.190446638875977 0.193544582080046 0.203515429591221 0.219079003722718 0.229447628692941 0.239925352091847 0.254260660851676 0.26510179578863 0.272523835982359 0.289188137870699 0.306735311043991 0.317616306930972 0.327053925435012 0.334793811078702 0.349116615652926 0.365283249525584 0.38107508671509 0.393629730118682 0.401594575933591 0.414246307486565 0.428056024727799 0.431121566539131 0.429785783055535 0.420880643238928 0.419202931559562 0.420810692347274 0.415132652099867 0.403315303104264 0.378556698677549 0.357565912544276 0.33869650764801 0.336322666790698 0.336090536613371 0.339573573817232 0.346534265441543 0.355873258469963 0.417728051235922 0.470275828751787 0.474656784312937 -9999 -9999 -9999 -9999 -9999 -9999 -9999 -9999
0.145359545774067 0.148573206848431 0.1510651937962 0.153156822439923 0.153123160265437 0.158461185224143 0.177885751991954 0.185953907532035 0.186364498087599 0.181588021468638 0.178168366644456 0.180784527358544 0.188461005472013 0.200255243787317 0.210370647776677 0.219629603570628 0.226268680190567 0.2334548644651 0.241176400728582 0.260442422471565 0.281550319103267 0.298816195674866 0.313196760783645 0.324183557817169 0.338202366671032 0.353139746355019 0.368560592428344 0.381469583412774 0.390817185369372 0.402865646023648 0.415560821126019 0.421670541215868 0.423217697197945 0.416918199908626 0.420734549518663 0.429122446273298 0.420113346398794 0.404738349020264 0.375944462149966 0.355162111429853 0.338890467210156 0.325825755498767 0.312940756587856 0.300156722997377 0.299301502628543 0.306604169675879 0.375169088122182 0.429765183807905 0.417750116700433 -9999 -9999 -9999 -9999 -9999 -9999 -9999 -9999
0.133397735777945 0.139042486142706 0.141518283378058 0.142236061787834 0.142477348240626 0.147900653930106 0.166749202808574 0.174277254715963 0.174171958422521 0.169890149506486 0.166730515306212 0.1685283520753 0.171959919766089 0.176720912399806 0.188336295707107 0.200065507530812 0.207822636619023 0.215123204508309 0.22197702129867 0.234353192755198 0.250228766573874 0.280154299021514 0.301485204962929 0.312706918385123 0.32577456538255 0.33954428825774 0.354960146477895 0.369540751323758 0.382937107040038 0.394671306077463 0.405763136891342 0.416230134876551 0.423012778440762 0.423459105191084 0.428226288324902 0.434877179743428 0.415675070497516 0.396666505794182 0.378065920142811 0.359475736156148 0.340891408581503 0.322840980544684 0.300438669467083 0.266549606707028 0.268409969688962 0.294718681804796 0.343499198795763 0.386779923341744 0.404367970191197 -9999 -9999 -9999 -9999 -9999 -9999 -9999 -9999
0.121349902171117 0.118398138932858 0.120696445015103 0.125907296762782 0.12732773313965 0.133995219268515 0.154600974558348 0.162633130748175 0.162186978934988 0.160832381449227 0.160100947909419 0.161693450980441 0.163035068006644 0.164172530137212 0.175834382380339 0.188028781353063 0.195675686537456 0.202155020438459 0.207491870582288 0.216528899326009 0.228572160269919 0.254043357553062 0.276288511943696 0.294739122307081 0.313334439663711 0.331803349782086 0.348684125041651 0.365967350628825 0.383821183249556 0.396772691853397 0.407923201143816 0.419022237113733 0.428030997069198 0.433444920713435 0.437230324181196 0.440186036566014 0.420906683610532 0.401345169184726 0.381188877103969 0.359910140476405 0.337999437916375 0.304086381078417 0.264820953861742 0.21289182833162 0.234463928702172 0.306302112940998 0.345962327583167 0.374168085118785 0.374422240113428 -9999 -9999 -9999 -9999 -9999 -9999 -9999 -9999
0.109644021569045 0.0957998887391891 0.0976069813294945 0.10809679903701 0.110932828516491 0.118990987732364 0.141325495109412 0.150466066659988 0.150710040600038 0.152839565736455 0.154957999905413 0.156466596226327 0.156320018227597 0.154826566030549 0.166199910171693 0.178302666804934 0.18518547500137 0.190395656944476 0.193969152242885 0.201002165315647 0.209947099717001 0.225992871618703 0.247088465664451 0.274123773810051 0.300088617972236 0.325117697703574 0.344189278517198 0.364566578191662 0.38679516811173 0.401750381101598 0.413962668061199 0.424742254954446 0.435113272593814 0.444781636813562 0.447270521764407 0.446411116076133 0.430188400388999 0.411087678618817 0.385920311012658 0.36039515509867 0.334668554915363 0.283202722984601 0.227366173824621 0.163031534896116 0.208122348989153 0.328047139407126 0.360308453645456 0.378629663788341 -9999 -9999 -9999 -9999 -9999 -9999 -9999 -9999 -9999
0.102768967421843 0.0952425040829585 0.0931539906608284 0.0940822521595624 0.0975517549812782 0.103954984379339 0.117665936073615 0.131334945014092 0.144975672188754 0.147451771539908 0.148648331308152 0.149035548801634 0.14603592834912 0.140280317431308 0.153211111629924 0.166532210252434 0.169371462983096 0.171469039944909 0.172840877475601 0.180105619958361 0.189542613503058 0.204494481491146 0.223326576677327 0.246722682147776 0.276380354664271 0.307160450737823 0.331608544811002 0.355778398640338 0.3795537544925 0.400224256229439 0.419480081315796 0.433457976660289 0.446790342609885 0.459012533399503 0.464364469068118 0.466501194211727 0.450962777561193 0.432375119814315 0.40735986418674 0.378135020185321 0.346540066720995 0.301992018419583 0.264818683033436 0.248504045473217 0.294093243616251 0.382017292084538 0.383727427994741 -9999 -9999 -9999 -9999 -9999 -9999 -9999 -9999 -9999 -9999
0.0956993435380575 0.0911571178626069 0.0873976678228922 0.0840724729607172 0.0856967828597143 0.0892342146203991 0.0971941860999939 0.113563380752822 0.135602867862225 0.138249758115902 0.13891819338186 0.13898280645953 0.135550092346667 0.129271478741467 0.140070249672761 0.151652894893367 0.155508533579336 0.15796351162599 0.159047924934973 0.166696118241195 0.176510351811842 0.190929024653084 0.209027535405149 0.231454354066009 0.262944224832838 0.296617972736376 0.326419618516957 0.353462952435267 0.376595462976436 0.400672427698699 0.424713543999376 0.441436759720329 0.457179037094249 0.471234306262263 0.479796296249177 0.485769574011708 0.472825772855467 0.456624476523231 0.433556596530327 0.401458326699972 0.364275708827309 0.327030545641421 0.305760532561867 0.326437369978937 0.3652603215212 0.416493053761989 -9999 -9999 -9999 -9999 -9999 -9999 -9999 -9999 -9999 -9999 -9999
0.0883243625491408 0.0815348975824508 0.07959589976196 0.0803477629948315 0.0762368692811344 0.0750081714279885 0.0817253731916804 0.09792550138274 0.120519914168185 0.123061721571913 0.123819982132104 0.124815584730355 0.124747636640294 0.123814239537589 0.126690739891242 0.131894546740668 0.144707626818479 0.152965822065842 0.15676700298901 0.165036758206344 0.175048035057462 0.189813487247633 0.209579456236756 0.235227145272652 0.26562914751967 0.297712208778554 0.332831370482053 0.361305792670893 0.38035908921242 0.404219053357573 0.429501375590014 0.448258993691625 0.465545759253453 0.480302966956933 0.492619597572373 0.503748383144327 0.496397241852742 0.485522253704445 0.467219230227864 0.43354426784151 0.3912144977548 0.361876596691186 0.352178541320038 0.392538720642087 0.41319433811578 0.420374382273247 -9999 -9999 -9999 -9999 -9999 -9999 -9999 -9999 -9999 -9999 -9999
0.0730783872613985 0.073271024706977 0.0721229018114309 0.0702309743141667 0.0654986021597818 0.0631070503001121 0.0670533817748008 0.0850818567370032 0.112605842799899 0.115873417992487 0.11713801597379 0.119197292527757 0.12008370113075 0.120015705377384 0.12046284592795 0.123996187518401 0.140575990405935 0.150261278039834 0.153200192409057 0.160570801978294 0.169849764548249 0.184943196169821 0.206586800566594 0.235934865136322 0.263401486343451 0.291227439353036 0.327548497399044 0.357860099097804 0.379651300080392 0.404084111470631 0.429395827932901 0.452982646511519 0.474758713134253 0.493420666196564 0.512150770798208 0.53082631985874 0.526586344083112 0.51840116452805 0.501899757213232 0.465777462338889 0.418608089426133 0.410685372605257 0.410205336387114 0.424726288110434 0.430623736948372 -9999 -9999 -9999 -9999 -9999 -9999 -9999 -9999 -9999 -9999 -9999 -9999
0.0551392174388958 0.0655464375390688 0.0647292306772063 0.0576851239213579 0.0544111355216162 0.0523036372356153 0.0528143464555973 0.0732896655219395 0.107227010066521 0.111680138609633 0.113763717638672 0.117027209085292 0.117918339466378 0.116878995292404 0.117257182404424 0.121118326998558 0.139158395376077 0.148476870733701 0.149261153358368 0.155176323638159 0.16336654218165 0.178686715650391 0.202079638719273 0.234967910981998 0.258839133060331 0.281505898976735 0.317189380285386 0.349380779035472 0.376620990687483 0.402005376841654 0.426954985469192 0.456613297341852 0.484125127478187 0.507945459250777 0.533942557497208 0.560829871397843 0.558997706842697 0.552713118406606 0.53704311589636 0.498502682159175 0.447085591452742 0.465141313356934 0.485582580116843 0.504253100937242 -9999 -9999 -9999 -9999 -9999 -9999 -9999 -9999 -9999 -9999 -9999 -9999 -9999
0.0590196462354244 0.0569323453607223 0.0551438118355383 0.0535210234645021 0.0502726197495624 0.0467207195696137 0.0425547679039632 0.0574325043743189 0.0851512939310838 0.0952613087365586 0.103576555860417 0.111349108399581 0.1141065990878 0.11278315562314 0.116429660502513 0.122513869752613 0.135930272012646 0.145566072894459 0.151502505927461 0.15878981421624 0.166983952096224 0.178923279749265 0.19575340847932 0.218336207162505 0.242658141497827 0.267954384098617 0.29776232920717 0.32698906606363 0.35539174714512 0.383725250569084 0.412565336779175 0.451588043968133 0.485892164276391 0.512081304869461 0.535803492765411 0.558359457223869 0.571439771749506 0.578722994569278 0.573786332773342 0.547868098931236 0.510136685738327 0.514458441522528 0.517766115120767 0.513548674826108 -9999 -9999 -9999 -9999 -9999 -9999 -9999 -9999 -9999 -9999 -9999 -9999 -9999
0.0598449381007099 0.0503591851591942 0.0479845208457351 0.0495548273690004 0.0473660102834625 0.0434107710514348 0.0352876594905519 0.0440036252955159 0.0640740873953523 0.0797154569680492 0.0933420483400233 0.101695080005559 0.106557244283485 0.108578765640407 0.115116458116462 0.122937406602827 0.133380382542844 0.143476966487605 0.153234601338785 0.161473089233091 0.169734497039115 0.180111255514274 0.192848729320244 0.208362929461556 0.232687156184274 0.259509097592347 0.28611419519073 0.313793198713178 0.342994820634991 0.372584260881665 0.402927913038848 0.444985336611148 0.482742568048614 0.513104370975838 0.536060443350696 0.555622357974422 0.575269302536591 0.589706395419764 0.593161466694083 0.578047051741893 0.552477525477579 0.54730577625246 0.544211220521913 -9999 -9999 -9999 -9999 -9999 -9999 -9999 -9999 -9999 -9999 -9999 -9999 -9999 -9999
