layers/veg50/veg1700.asc
NCOLS 255 
NROWS 330 
XLLCORNER -2985163.8955 
YLLCORNER -3022031.214 
CELLSIZE 25000 
NODATA_value -9999 
[rows 150 to 174 of 330, columns 57 to 113 of 255]
-9999 -9999 -9999 -9999 -9999 -9999 -9999 -9999 -9999 -9999 -9999 -9999 -9999 -9999 -9999 -9999 -9999 -9999 -9999 -9999 0.613375232341644 0.628127219876605 0.554928477934255 0.43365700650683 0.220416801544368 0.0575202331700031 0.0309629857909261 0.0485999621893305 0.0956179890760917 0.0930757171348475 0.0842355723913865 0.0692313737699882 0.0547774083590254 0.0407650702678672 0.018754410390305 0 0 0 0 0.0452300637740091 0.0931466989653261 0.101020899436249 0.0960130842438625 0.0760590753664016 0.112238872344757 0.165871295848771 0.235041155992137 0.275527726350008 0.275911714358989 0.298452489860439 0.327486480865704 0.329844068262803 0.32741724999249 0.316881495702288 0.316702954101542 0.321215775785501 0.328316211216871
-9999 -9999 -9999 -9999 -9999 -9999 -9999 -9999 -9999 -9999 -9999 -9999 -9999 -9999 -9999 -9999 -9999 -9999 -9999 -9999 0.606648114391812 0.600925412270264 0.549232282051392 0.472412311300677 0.274478723955469 0.108803840310894 0.0362810831747558 0.0337006245156047 0.0776189620152213 0.0753284091332941 0.0644761135903359 0.0392038278231097 0.0327483663464804 0.0413956349869845 0.0204447136854268 0 0 0 0 0.0294454576449214 0.061530824000232 0.0728061369782402 0.0916514283456347 0.119279690185721 0.149752342437259 0.182320381533481 0.226701483621319 0.254401739742864 0.258780228939658 0.291525848432981 0.332487566864453 0.337562342361333 0.335866867876258 0.322696713408196 0.322852022363799 0.328996689327644 0.331996514260352
-9999 -9999 -9999 -9999 -9999 -9999 -9999 -9999 -9999 -9999 -9999 -9999 -9999 -9999 -9999 -9999 -9999 -9999 -9999 -9999 -9999 0.579566573356464 0.54822728606276 0.499758350279741 0.310598216352871 0.142431163782505 0.040646140236651 0.0222246252901364 0.0592245488414683 0.0619409915002525 0.055500073615407 0.0293156019538846 0.0267042951121742 0.043013244992967 0.0216918983144812 0 0 0 0 0.0165908490487106 0.034953650563254 0.0432703712440027 0.0677157967882919 0.110874345579783 0.152969372540573 0.193756195386882 0.225348684020988 0.246748211286105 0.253896790499734 0.29049097454668 0.335584071912485 0.342898389332173 0.341901159838268 0.326816955527885 0.327475564101352 0.335192641828221 0.336770340163383
-9999 -9999 -9999 -9999 -9999 -9999 -9999 -9999 -9999 -9999 -9999 -9999 -9999 -9999 -9999 -9999 -9999 -9999 -9999 -9999 -9999 -9999 0.553229015623204 0.512495689989745 0.323743788387524 0.153450955575829 0.0437909014722899 0.0151319512232423 0.0403238737476205 0.0541360827046447 0.0603313833227863 0.045214247498992 0.0411277661996016 0.0458946916028851 0.0223717031104968 0 0 0 0 0.00748787999808931 0.0148281521530263 0.0120431610374254 0.0187171744525789 0.0363658767269712 0.112272413265871 0.198772895010977 0.23294204491794 0.256345143352314 0.26469604697289 0.297000061995775 0.336241905551305 0.345184175202606 0.344842810205233 0.328766910005107 0.330145784863818 0.339359171964089 0.34294433912385
-9999 -9999 -9999 -9999 -9999 -9999 -9999 -9999 -9999 -9999 -9999 -9999 -9999 -9999 -9999 -9999 -9999 -9999 -9999 -9999 -9999 -9999 0.527297296432788 0.526485376361528 0.351572390765099 0.187849872714263 0.0687404606364426 0.0250810790477327 0.0315821249010849 0.0540796754053231 0.0694181345351646 0.057108179966433 0.0496568879789908 0.0461052481625103 0.0219638429767765 0 0 0 0 0.0134319521099714 0.0250401131783404 0.00928399933997244 0.0291804521746551 0.0904423388663387 0.164940096860905 0.236932774008762 0.252315450060212 0.262193231181646 0.264374527558692 0.295774401061966 0.335550661195737 0.336821938208988 0.336941646394765 0.335109597435847 0.338645301466054 0.344592575371825 0.349125618862363
-9999 -9999 -9999 -9999 -9999 -9999 -9999 -9999 -9999 -9999 -9999 -9999 -9999 -9999 -9999 -9999 -9999 -9999 -9999 -9999 -9999 -9999 0.537557217627214 0.540781008535688 0.387124674408193 0.236675112855021 0.108971964667538 0.0459651825598982 0.0259696140392617 0.0548141307672687 0.0771244541395713 0.064428937516651 0.0538794922263325 0.0450525233564691 0.0214533456688598 0.000544781277473943 0.000179443049588827 0 0 0.0238479453017244 0.0445719991720385 0.0173856877416097 0.0586007788939148 0.179177721331977 0.242348512244145 0.283959437872901 0.275888331746286 0.268432314255868 0.261836262371539 0.292813163902194 0.334561739693778 0.326800250438214 0.327600415338571 0.342911453814653 0.348945927653832 0.350812784117849 0.3551326205287
-9999 -9999 -9999 -9999 -9999 -9999 -9999 -9999 -9999 -9999 -9999 -9999 -9999 -9999 -9999 -9999 -9999 -9999 -9999 -9999 -9999 -9999 0.534837477513469 0.533854953591478 0.459890947530213 0.371166825093448 0.251775845858137 0.134496280861674 0.0186204189524235 0.0344183881872995 0.0507042930189095 0.0309886856294061 0.0281969979690974 0.0389887603238788 0.0240128768336576 0.00785047237800268 0.00258583171351559 0 0 0.0296688007482744 0.0586089466093344 0.0465816451856557 0.0858121825053043 0.184513970734713 0.253928559428829 0.308662394452421 0.304532300976289 0.294495467713159 0.276200323757883 0.299203001745223 0.33526633908927 0.338709072736486 0.343690248813836 0.351278881721448 0.358318541648301 0.36501880926544 0.35894769848431
-9999 -9999 -9999 -9999 -9999 -9999 -9999 -9999 -9999 -9999 -9999 -9999 -9999 -9999 -9999 -9999 -9999 -9999 -9999 -9999 -9999 -9999 0.541379837069516 0.536652313689252 0.508630382467875 0.456638911295982 0.345979920541387 0.194014703399621 0.0145884241725554 0.0199818281464524 0.0327015184803832 0.0163032718883188 0.0156898703422636 0.0277456764685029 0.0195997108468631 0.00941978307651829 0.00310273989141728 0 0 0.029317148348418 0.0607748700687125 0.0686340194329516 0.10780011036095 0.183289679270117 0.255597472194661 0.320672076937519 0.328018587756861 0.323033908870884 0.300808789494452 0.314102162797688 0.339300293589162 0.348435690215517 0.356048339717808 0.361080133861699 0.368001086790886 0.375633883434553 0.363706065722313
-9999 -9999 -9999 -9999 -9999 -9999 -9999 -9999 -9999 -9999 -9999 -9999 -9999 -9999 -9999 -9999 -9999 -9999 -9999 -9999 -9999 -9999 0.548197000662446 0.554012814190625 0.520196858646268 0.46627061754318 0.364993136188414 0.208646362586115 0.0156886132140076 0.014764976710875 0.0277216461596885 0.0306342780188144 0.0235669213007348 0.00848944174120791 0.00439878403743302 0.00211409197598964 0.000696351227490551 0 0 0.0194157425496683 0.0445746197779075 0.0796342476788194 0.121706573341425 0.171915291765895 0.241932440969086 0.313043447014984 0.343525201327211 0.355401974505187 0.341266815522819 0.34216646519362 0.348485237122285 0.354786124397871 0.362632890564678 0.373099717381606 0.378163139794585 0.380693242298751 0.369923836537411
-9999 -9999 -9999 -9999 -9999 -9999 -9999 -9999 -9999 -9999 -9999 -9999 -9999 -9999 -9999 -9999 -9999 -9999 -9999 -9999 -9999 -9999 0.563573149477383 0.563159309625374 0.531534066009975 0.482434069940498 0.39188798075639 0.228691506351965 0.0171958549577106 0.00765503673720907 0.0151771897894345 0.0200864137974034 0.0157402535458446 0.00396555123834162 0.00118712578354473 0 0 0 0 0.0153228374792245 0.03544363520821 0.0649450493730696 0.107268824882085 0.164469580916409 0.223028704603113 0.280308977471274 0.322476967330181 0.346389104534756 0.344777431887164 0.352021153815573 0.361965459433471 0.363130244851938 0.36840042572362 0.38062870993784 0.383060099983296 0.381046064334559 0.375489614149056
-9999 -9999 -9999 -9999 -9999 -9999 -9999 -9999 -9999 -9999 -9999 -9999 -9999 -9999 -9999 -9999 -9999 -9999 -9999 -9999 -9999 -9999 0.531834066105235 0.565173538517836 0.5413506315487 0.500100069793992 0.41993929302126 0.250116270299665 0.0206843043734751 0.00092126794830191 0 0 0.00189346022715236 0.00530664654392435 0.00276193982160951 0 0 0 0 0.0134123048783594 0.0288701846746678 0.0398251925526478 0.0812181986942704 0.157926502482218 0.202524165107041 0.23941101823202 0.288101905538041 0.321735757339828 0.334318118508765 0.355062888518509 0.377240214113888 0.372462379436955 0.373991841183517 0.38621133774568 0.38574253278286 0.379597536193705 0.3801765033337
-9999 -9999 -9999 -9999 -9999 -9999 -9999 -9999 -9999 -9999 -9999 -9999 -9999 -9999 -9999 -9999 -9999 -9999 -9999 -9999 -9999 -9999 0.505297232109488 0.49759518080234 0.502778781861318 0.478531648276137 0.378387281960264 0.243577323316028 0.0857211058770516 0.0330758504134136 0 0 0.000748214004989785 0.0020969583658307 0.00109139976949774 0 0 0 0 0.00529996574803884 0.0114082546812797 0.0157372023937994 0.0527700770683856 0.127747264140433 0.200071742397467 0.268350925753671 0.306574745935979 0.33811871504686 0.360323473778684 0.378522632301982 0.394055317011037 0.387766686102051 0.384891733406052 0.387802514643562 0.386034574396722 0.382055177219771 0.364067999127885
-9999 -9999 -9999 -9999 -9999 -9999 -9999 -9999 -9999 -9999 -9999 -9999 -9999 -9999 -9999 -9999 -9999 -9999 -9999 -9999 -9999 -9999 0.44050663640325 0.445796297401409 0.473155104885864 0.461424417936955 0.348426745308082 0.239251729783221 0.132618079888813 0.0562476215090119 0 0 0 0 0 0 0 0 0 0 0 0 0.0331785723085302 0.104852158198667 0.200083149806089 0.295176765125703 0.328857074187444 0.357637476050162 0.379567236531776 0.396008084416223 0.40926694308794 0.401047686900313 0.394020881686497 0.38901512345859 0.380663928132045 0.370714137665133 0.348334886068362
-9999 -9999 -9999 -9999 -9999 -9999 -9999 -9999 -9999 -9999 -9999 -9999 -9999 -9999 -9999 -9999 -9999 -9999 -9999 -9999 -9999 -9999 0.433587435717129 0.428175950560225 0.460394412455613 0.452724378688181 0.340310540465832 0.239097238690657 0.145330238688041 0.0624911309166518 0 0 0 0 0 0 0 0 0 0 0 0 0.0302775135361046 0.0956841243688392 0.204737687219314 0.318018606906027 0.358318447464888 0.383065712007083 0.386068662521496 0.402234881682139 0.421456789667634 0.410515733181376 0.399813032717304 0.389514314245607 0.364621849692977 0.333369248512643 0.333309204045554
-9999 -9999 -9999 -9999 -9999 -9999 -9999 -9999 -9999 -9999 -9999 -9999 -9999 -9999 -9999 -9999 -9999 -9999 -9999 -9999 -9999 -9999 0.426891745268028 0.426221847335285 0.451244800462651 0.44311951968665 0.348469211679225 0.266608519498762 0.193250575329685 0.0936389528037861 0.0136055617765551 0.00419158612445082 0 0 0 0 0 0 0 0 0 0 0.0352131798156834 0.111282000514618 0.232820827673222 0.356555438640096 0.384156842762176 0.400622703245635 0.401519775800408 0.414453218627578 0.4292951843897 0.400748364248674 0.378459769042077 0.366778038955016 0.346175805782985 0.321759148739593 0.326608022884867
-9999 -9999 -9999 -9999 -9999 -9999 -9999 -9999 -9999 -9999 -9999 -9999 -9999 -9999 -9999 -9999 -9999 -9999 -9999 -9999 -9999 -9999 0.42934888395783 0.43247916489482 0.44391670810011 0.433058246885907 0.36483733896341 0.308075110215625 0.258930800792709 0.137349135139915 0.0340741104871552 0.010497513521792 0 0 0 0 0 0 0 0 0 0 0.0441018869561171 0.139372423411771 0.272721943686818 0.40300921733685 0.408167717009728 0.414209241036986 0.421485336034048 0.429693838607756 0.434938597549559 0.381278168968111 0.343413676690878 0.332321211237707 0.32651714133679 0.323130322813379 0.324105928949497
-9999 -9999 -9999 -9999 -9999 -9999 -9999 -9999 -9999 -9999 -9999 -9999 -9999 -9999 -9999 -9999 -9999 -9999 -9999 -9999 -9999 -9999 0.415096811955516 0.413440132971278 0.418003947822565 0.404652957081945 0.345253635778582 0.277546557832357 0.204316345944514 0.149990340041104 0.094347975181805 0.0290666177653573 0 0 0 0 0 0 0 0 0 0 0.0488543078987121 0.154391200828288 0.291314274516718 0.423169633199686 0.428730159355097 0.420466649956088 0.392875527568439 0.386574796207447 0.386359723695841 0.357768568806778 0.335807788223964 0.325084616818713 0.323527665351288 0.326074939554339 0.324274290933087
-9999 -9999 -9999 -9999 -9999 -9999 -9999 -9999 -9999 -9999 -9999 -9999 -9999 -9999 -9999 -9999 -9999 -9999 -9999 -9999 -9999 -9999 0.406683791203237 0.403109326005031 0.40084566335878 0.384815327545635 0.333722084460594 0.253070161339463 0.152767139131668 0.15874164209767 0.147709236476037 0.0515125080650465 0.00581768157218426 0.000656612704543623 0 0 0 0 0 0 0 0 0.0491043475842516 0.155181385542095 0.290529865640542 0.420650962514645 0.428424310964662 0.414407824883582 0.369926610377456 0.354903256088502 0.350044836901068 0.337068424733224 0.325724345359706 0.317146854589351 0.319038827073911 0.325593624155433 0.323710092364654
-9999 -9999 -9999 -9999 -9999 -9999 -9999 -9999 -9999 -9999 -9999 -9999 -9999 -9999 -9999 -9999 -9999 -9999 -9999 -9999 -9999 -9999 0.410961991687633 0.414004135942019 0.404799899200447 0.385646058997665 0.342379655735857 0.245605434391913 0.11325833111415 0.159718433442589 0.183373306741113 0.0824706218550969 0.0251609339305191 0.00283978912767457 0 0 0 0 0 0 0 0 0.0390557332282718 0.123425380722692 0.245566785578528 0.366479587769507 0.379742486381035 0.380014288047965 0.362123021987338 0.352230063158592 0.344457538940255 0.32306501362171 0.30875989860277 0.306467008437096 0.310383181850136 0.317083059470181 0.321333671500424
-9999 -9999 -9999 -9999 -9999 -9999 -9999 -9999 -9999 -9999 -9999 -9999 -9999 -9999 -9999 -9999 -9999 -9999 -9999 -9999 -9999 -9999 0.544877125599127 0.440955218188679 0.406986591845636 0.374306258123831 0.338382236209444 0.249899134797444 0.126473888545064 0.175933826096372 0.203574637522328 0.111527382208305 0.0472766351134061 0.0053358780226056 0 0 0 0 0 0 0.00309117476559526 0.024426561731939 0.0631285865594392 0.121980030539619 0.233765743037178 0.3486301285704 0.356336733734755 0.357526011436043 0.34960330570597 0.337706376926927 0.324246672272961 0.308465511481051 0.299707249590008 0.302851874247481 0.307898275523566 0.313802597696319 0.31969460992914
-9999 -9999 -9999 -9999 -9999 -9999 -9999 -9999 -9999 -9999 -9999 -9999 -9999 -9999 -9999 -9999 -9999 -9999 -9999 -9999 -9999 0.612071473067898 0.556633234881154 0.470893173806541 0.408084365421095 0.35546863498189 0.326588537169942 0.261436774587493 0.172171009702737 0.201537166719007 0.214249936958005 0.139412787869986 0.0711003411704712 0.00802474090935665 0 0 0 0 0 0 0.00808670986412681 0.0639014396412932 0.108222434979009 0.139207972141019 0.242394625557519 0.353157280345212 0.348502649602876 0.34237213259924 0.334178154577918 0.315882032828626 0.295026756851599 0.293498779339889 0.295528771379207 0.303589052122203 0.309214936973603 0.31374421208343 0.318509808597114
-9999 -9999 -9999 -9999 -9999 -9999 -9999 -9999 -9999 -9999 -9999 -9999 -9999 -9999 -9999 -9999 -9999 -9999 -9999 -9999 0.550266873230645 0.546171001142473 0.515519784502546 0.470353760508476 0.423684394433219 0.370849774928317 0.302507255425207 0.233523756252564 0.164114123200357 0.157310420675807 0.141097204767606 0.0766787749506115 0.0321662027458194 0.0036304388814978 0 0 0 0 0 0 0.0149800144687959 0.118372552804183 0.191334668081468 0.228990274747635 0.267463828293905 0.303949873855891 0.320251893169217 0.320984724512281 0.299950016380197 0.2889162439813 0.282161119190534 0.287424155424405 0.293339326494728 0.300359780024931 0.306391181925765 0.311959335238966 0.315156632965289
-9999 -9999 -9999 -9999 -9999 -9999 -9999 -9999 -9999 -9999 -9999 -9999 -9999 -9999 -9999 -9999 -9999 -9999 -9999 -9999 -9999 0.491153734422283 0.480238913756446 0.463358193496994 0.430976769657885 0.379769932650215 0.282226072903445 0.206976999967376 0.146549869831129 0.11474572852351 0.0793988885861876 0.0244611200302047 0 0 0 0 0 0 0 0 0.0199650787843064 0.157764690251661 0.252751596713201 0.298065610521659 0.280710441272685 0.252699258787756 0.287720330927458 0.297742983317708 0.272814931165644 0.269467844811287 0.274150973701937 0.283299785234432 0.291092012632889 0.296585009005967 0.302200762460547 0.307840203833223 0.309066112847845
-9999 -9999 -9999 -9999 -9999 -9999 -9999 -9999 -9999 -9999 -9999 -9999 -9999 -9999 -9999 -9999 -9999 -9999 -9999 -9999 -9999 -9999 0.472439151149069 0.443495419073274 0.411117513902247 0.363049742779103 0.275479668824067 0.192205438720737 0.111787156619404 0.0908123933341877 0.0677253891971906 0.0208647615066617 0 0 0 0 0 0 0 0 0.0189961818305937 0.150108435576201 0.243233688122852 0.292285009052426 0.256145538012487 0.206071542370927 0.246698160966726 0.270308516228671 0.270128151990884 0.273014256344552 0.277112982008208 0.283124302184161 0.28828322351081 0.291997441312523 0.294830767659785 0.297236202812891 0.295399234218716
-9999 -9999 -9999 -9999 -9999 -9999 -9999 -9999 -9999 -9999 -9999 -9999 -9999 -9999 -9999 -9999 -9999 -9999 -9999 -9999 -9999 -9999 0.520483683267351 0.358238883337585 0.350432222374938 0.326906051446546 0.249102572277839 0.167172613169746 0.0824993019881145 0.0606118408395723 0.0413706767327099 0.0127454314198758 0.0008388076649598 0.00235085782761361 0.0012235463197492 0 0 0 0 0.00673128772198803 0.0327216062327438 0.164060315349283 0.247304206201084 0.274746700142567 0.242512510091355 0.201551577147568 0.233545318031324 0.256543407212294 0.266964526809556 0.272412638825525 0.276057505850417 0.27951581988288 0.282222301581819 0.283654526724346 0.284136779652847 0.284188136471418 0.28391855829178
