layers/veg50/veg1900.asc
NCOLS 255 
NROWS 330 
XLLCORNER -2985163.8955 
YLLCORNER -3022031.214 
CELLSIZE 25000 
NODATA_value -9999 
[rows 225 to 249 of 330, columns 57 to 113 of 255]
-9999 -9999 -9999 -9999 -9999 -9999 -9999 -9999 -9999 -9999 -9999 -9999 -9999 -9999 -9999 -9999 -9999 -9999 0.311311720137415 0.313448449932491 0.316657642018294 0.322058523376446 0.28201827328418 0.21714048935116 0.129366121667557 0.0638268747384931 0.0568539843781789 0.0777175008035413 0.117087120589885 0.11905060099555 0.115276092853309 0.103674464816428 0.0980357707218826 0.0971830373530477 0.120721088870672 0.141019842071044 0.132502097186341 0.127023733549483 0.124479259026774 0.121507510328429 0.118538258564346 0.116111800879698 0.110786244226537 0.102097045125789 0.0997308680036269 0.0980519499878519 0.0864819408051835 0.0762414899333618 0.0678599165489941 0.0643442728257231 0.0626494468661555 0.0621439351670682 0.0605253494616663 0.0570202502517583 0.0556102036850094 0.0551282710892865 0.0522660108396145
-9999 -9999 -9999 -9999 -9999 -9999 -9999 -9999 -9999 -9999 -9999 -9999 -9999 -9999 -9999 -9999 -9999 -9999 0.474548030905146 0.402862788874388 0.352669124251672 0.346395754131003 0.297449224327214 0.225178098196466 0.135774905709355 0.0708080684141657 0.0694577426461556 0.0899583961045069 0.124985941744566 0.12689379110502 0.122200566848965 0.105674120265523 0.0975134442497441 0.0960672899382697 0.125987116546539 0.152096692654771 0.142656226462194 0.136567161939894 0.133713177216991 0.130250107586488 0.126729420158742 0.123621422922424 0.117531569740716 0.107982056388921 0.105894601575973 0.105100720610934 0.0970269364131196 0.0867794534186634 0.073492886147406 0.0680523766876835 0.0656056680708393 0.0661089218716259 0.0645640864960234 0.0595480103334009 0.0571810441561162 0.056004482427203 0.0541632536170522
-9999 -9999 -9999 -9999 -9999 -9999 -9999 -9999 -9999 -9999 -9999 -9999 -9999 -9999 -9999 -9999 -9999 -9999 0.475017288104432 0.447893812521355 0.414445154503686 0.368070322197734 0.306760380100386 0.237287100449176 0.145279978363675 0.0761546093236124 0.0672030229628934 0.0851976123008264 0.121106464657757 0.133377730645071 0.134922084750869 0.108624118973399 0.102198338700149 0.111722340912662 0.137296403104112 0.157584874148554 0.14553482444745 0.138374710632443 0.135934810734422 0.132167920264547 0.128200396752944 0.124688723919251 0.121113080871595 0.117463217202498 0.116224872350874 0.115113148874807 0.10899553080504 0.099219881950911 0.0843298796923539 0.0765881916958112 0.071645883935817 0.0706731607763486 0.0682495422091398 0.0633668474575983 0.0597533399965767 0.0567260219996722 0.0555897541382498
-9999 -9999 -9999 -9999 -9999 -9999 -9999 -9999 -9999 -9999 -9999 -9999 -9999 -9999 -9999 -9999 -9999 0.458648436142972 0.459805854705441 0.464051919318777 0.455548197736532 0.420988949660517 0.337632038850907 0.227602957679128 0.150990289486279 0.0938888852768359 0.0831970819822992 0.1011046882263 0.138025654673655 0.141659243730746 0.13718513865391 0.116067748994624 0.114145970399615 0.127630943170302 0.146667720882503 0.160351392295691 0.147900332664386 0.14110177621296 0.139759533463181 0.135740700188767 0.13132709009645 0.127891423561172 0.12467205349871 0.121703638648587 0.120358315357014 0.119229467393701 0.115926333941743 0.108276349371245 0.0945489602825348 0.0840070076458673 0.0749932231772981 0.0727591753252376 0.0696348196200145 0.0650015096326585 0.0614961848610236 0.0585113216292586 0.0571358207506575
-9999 -9999 -9999 -9999 -9999 -9999 -9999 -9999 -9999 -9999 -9999 -9999 -9999 -9999 -9999 -9999 -9999 0.46013264100189 0.443285653310572 0.471322983788792 0.487651583485563 0.480052162711673 0.373727632413336 0.213441236059329 0.155042647788107 0.112957995809446 0.102792394436653 0.121890186851732 0.16044276717464 0.150405714514086 0.136883797539449 0.12599103406641 0.129121052432535 0.14350601405251 0.155361420585259 0.162445146184831 0.150855942957091 0.144946675285689 0.144520201557834 0.140036268488584 0.134995081647752 0.131679474220502 0.12802673424889 0.123982840560556 0.122243558332251 0.121222515019277 0.120854935696714 0.115781485276518 0.104128678561163 0.0908177844778739 0.0774674456123269 0.0740832244842806 0.0703285341509761 0.0659459474201648 0.0629695872547007 0.0606308337185002 0.0587335908646293
-9999 -9999 -9999 -9999 -9999 -9999 -9999 -9999 -9999 -9999 -9999 -9999 -9999 -9999 -9999 -9999 -9999 0.475648833147734 0.480762487649326 0.488918371029614 0.490878814493304 0.480178226123894 0.382685228881611 0.237752625192632 0.153712426005153 0.0935087956844863 0.0881343791689578 0.114883531220155 0.162988962650244 0.157294302446479 0.14932832174145 0.149391287577861 0.152393784519863 0.157755603325802 0.163632287467667 0.167781300281417 0.164284955196304 0.159946417030771 0.154794916979525 0.146675482388262 0.13850669214791 0.133714596763084 0.12867465797952 0.12334716206686 0.121656245667875 0.121080739910222 0.121373039339919 0.117484469216993 0.107750556151263 0.0943932402991037 0.0802958324754775 0.0763048293687349 0.0720707358101477 0.0674246360259011 0.0645450913556553 0.0624633533106467 0.0604935886172879
-9999 -9999 -9999 -9999 -9999 -9999 -9999 -9999 -9999 -9999 -9999 -9999 -9999 -9999 -9999 -9999 -9999 0.505608226976789 0.504837489679752 0.501081333784927 0.493512550466731 0.478152262780017 0.392863721559248 0.269353302754466 0.17413603519538 0.101973145195636 0.0856895817891554 0.115732192901034 0.176573210594494 0.173097517209369 0.166509239525463 0.168238407896367 0.169028385867697 0.169064552307693 0.171461577643056 0.173510168521664 0.172621541449498 0.168868372212395 0.162350084554993 0.153105896851876 0.143837884579944 0.137798128248366 0.131549042705738 0.125057085627006 0.123284878090216 0.122872419522706 0.122786046883945 0.119802445753061 0.11276818149888 0.100314797602274 0.0863124521891972 0.0795335417493654 0.0736357466765637 0.0692313258353948 0.0664859585310138 0.0644877543175573 0.062303126824032
-9999 -9999 -9999 -9999 -9999 -9999 -9999 -9999 -9999 -9999 -9999 -9999 -9999 -9999 -9999 -9999 -9999 0.506732450380743 0.507576204822128 0.504595645769669 0.495201417109799 0.472700181335088 0.404985932915358 0.312558837439028 0.229192668279628 0.154877052626774 0.102688746599542 0.129086853755703 0.20773050741282 0.203093196941189 0.191230697286072 0.179836746570007 0.175094800821331 0.175691876908051 0.17858785892479 0.179864254377034 0.172850769000228 0.168114232754205 0.165575616322623 0.159203893735013 0.152065928817139 0.145142813869884 0.137968048007264 0.130501307393146 0.128441389313799 0.127742241263428 0.125623779489879 0.123099516651132 0.120007896624415 0.109971448222205 0.0974048741664166 0.0843656120866666 0.0749186622666641 0.0715602075080597 0.0690084992562597 0.0668176386956743 0.0641915355401675
-9999 -9999 -9999 -9999 -9999 -9999 -9999 -9999 -9999 -9999 -9999 -9999 -9999 -9999 -9999 -9999 -9999 0.533174126850012 0.530574509312117 0.525523925149866 0.51041154126722 0.474736813423026 0.395181239116209 0.291640962532217 0.247586140467412 0.20505505021691 0.160852511835711 0.172196418406765 0.220468519752955 0.224508499711223 0.220691041920388 0.204160442154805 0.196698748367996 0.196515925730741 0.195439206501945 0.193146544397712 0.186249677578757 0.178983151940075 0.171359797756796 0.164554403224439 0.157852271369847 0.150748703978049 0.14339884093872 0.135763216528808 0.131767829534826 0.128852172363782 0.126470125628817 0.123988435110913 0.121367430970316 0.113333476164704 0.103211217919984 0.0906450652289575 0.0801870589708111 0.0733020826213162 0.0695248998482974 0.0671496534696062 0.064749077768476
-9999 -9999 -9999 -9999 -9999 -9999 -9999 -9999 -9999 -9999 -9999 -9999 -9999 -9999 -9999 -9999 -9999 0.561022864207563 0.56149492136386 0.553344889840276 0.531047597992073 0.479838894568194 0.37653036378073 0.244744742218087 0.25088693254081 0.253662036429532 0.235048521243017 0.227031367458207 0.226058849888843 0.24238168163571 0.251540464864627 0.232664208871482 0.223783666038433 0.222925866886985 0.216188551479672 0.209231855353423 0.204979537704479 0.194576889828294 0.178237379995445 0.169649844060412 0.162675645166108 0.155642949137116 0.148401722693428 0.140918551506873 0.134342353887336 0.128453778140519 0.126509303059659 0.123879060748362 0.120290035918168 0.114085909249737 0.10682019644441 0.0974333070580516 0.0870148938753978 0.0748481840288286 0.069254605527356 0.0666320174799867 0.0647674304194707
-9999 -9999 -9999 -9999 -9999 -9999 -9999 -9999 -9999 -9999 -9999 -9999 -9999 -9999 -9999 -9999 0.560632418243883 0.562614067164158 0.565406261535469 0.561679425698624 0.539867396414827 0.481096375837099 0.374930575299809 0.242859401952752 0.269210021958099 0.283292216717473 0.251485291865044 0.246241932790285 0.258658471334593 0.263325569044391 0.255302585601087 0.208573400727478 0.203534128757525 0.231955949555778 0.228234776195347 0.220283618734464 0.214264183244347 0.202726543346807 0.185862227221311 0.177408019374989 0.170387541818271 0.161435151098872 0.152864709985525 0.144737421010724 0.137731518337494 0.131362541616179 0.12792852644404 0.12444492982866 0.120892012576581 0.116595436864551 0.111641166715336 0.0997322316683142 0.0885740462564304 0.0786882823701201 0.071558795823639 0.0657148367611739 0.0657192999043087
-9999 -9999 -9999 -9999 -9999 -9999 -9999 -9999 -9999 -9999 -9999 -9999 -9999 -9999 -9999 0.578409936599696 0.571148763916659 0.568089823805703 0.566977223040781 0.573418662804392 0.557592238235998 0.496259095346064 0.384797475380366 0.245936279171431 0.286193283797445 0.308124597597376 0.266865915656119 0.265349358638487 0.290254023198922 0.284350918965949 0.265136845419851 0.21179457988876 0.208314061150091 0.244853499729676 0.243281784826261 0.235473317702057 0.224775431621223 0.210628634053071 0.193152631280574 0.184557310333707 0.177400920789692 0.167761745554264 0.15844994643847 0.149517981272566 0.141939183271804 0.13512987394456 0.131870493628904 0.128246025735012 0.124111122853352 0.120289537846883 0.116085029417802 0.103028786034759 0.0919574685832806 0.0842503385569872 0.0751914892790761 0.0655993696703021 0.066670050417204
-9999 -9999 -9999 -9999 -9999 -9999 -9999 -9999 -9999 -9999 -9999 -9999 -9999 -9999 -9999 0.583836176528197 0.591065225853562 0.581110288419457 0.564002624099856 0.591770622690621 0.592612748329483 0.538429026059672 0.416935355249358 0.258650938448966 0.300574288433387 0.323638534615085 0.280195256323943 0.284256463587724 0.319899438087427 0.30553448806021 0.286764613543085 0.268061999383223 0.261707053034456 0.265262572535136 0.26415701470583 0.258699851307638 0.237669028384471 0.218049900120347 0.199793468818181 0.190524006063633 0.183057615739718 0.175126254692786 0.166214852134619 0.156166368965065 0.147736566775835 0.140564746946378 0.140712216823598 0.138330685624788 0.132413316149742 0.126284356197134 0.119796461393629 0.108262969736572 0.0988840480190135 0.0931568379254875 0.0814044452791663 0.0670410171647141 0.0676186276259771
-9999 -9999 -9999 -9999 -9999 -9999 -9999 -9999 -9999 -9999 -9999 -9999 -9999 -9999 -9999 0.626239351253101 0.622891329517451 0.606323435860253 0.584258520238927 0.597249534357156 0.589157216707883 0.537978897378405 0.43269686024977 0.297842431790752 0.321304087105705 0.335321059926829 0.310625628293696 0.313931683466909 0.335853589927582 0.330068446044713 0.320622617991207 0.307279923742934 0.293680904361893 0.279876153703212 0.274591500798385 0.267246727711658 0.245897768028113 0.227171762678753 0.210977673051856 0.20078321241386 0.191834998113438 0.182827383336573 0.173310779515999 0.163203627676412 0.154071049181726 0.145950336635571 0.144553135929191 0.141548300982882 0.136295805988657 0.13003067335504 0.123323533379456 0.115242846752531 0.107452360572758 0.100153725841733 0.0898427385277318 0.0782267481312857 0.0741379458266885
-9999 -9999 -9999 -9999 -9999 -9999 -9999 -9999 -9999 -9999 -9999 -9999 -9999 -9999 -9999 0.633087426076925 0.648026491870552 0.637876484176407 0.616593713295817 0.59603477156055 0.565695071774837 0.515367366182343 0.43994304546066 0.350801239991933 0.345335105488209 0.345011343598805 0.34994812391323 0.349206063288065 0.344688615336232 0.356344525411305 0.360840050227446 0.337632522016292 0.314517319417709 0.29147621905806 0.279597052044225 0.268160536573259 0.251700894526927 0.237177894379208 0.224524318341537 0.213274420713549 0.202235062649062 0.190703546000877 0.180058854315338 0.170443089934571 0.160684810057037 0.151310300191345 0.145793757571812 0.141195218877989 0.137880156671789 0.132607824146544 0.126754742618868 0.123130442170375 0.116874334734833 0.106157661879424 0.0994381534508055 0.0944791673904192 0.0835539149279585
-9999 -9999 -9999 -9999 -9999 -9999 -9999 -9999 -9999 -9999 -9999 -9999 -9999 -9999 -9999 0.658379061809597 0.658841323880981 0.663364942247986 0.669280764693938 0.636560517320578 0.596028559384694 0.539532550883471 0.45869877805004 0.364562298485615 0.312917163270746 0.284652981485829 0.311774981963089 0.33235942150383 0.348597582469487 0.364316536378591 0.370996502056631 0.348679526432149 0.328301982247387 0.309481061495059 0.299704629797767 0.290064572530238 0.275411490176436 0.256999769319896 0.234959866380234 0.223011389106458 0.213119766812751 0.202896036545249 0.192564257712678 0.182107116916335 0.172140695644332 0.162552455410815 0.155154097529903 0.149141658210156 0.14506689457697 0.140630561557328 0.136130695030933 0.132823506476948 0.127469863722078 0.118647751247838 0.10731949467214 0.0949014924392916 0.0881831006878829
-9999 -9999 -9999 -9999 -9999 -9999 -9999 -9999 -9999 -9999 -9999 -9999 -9999 -9999 -9999 -9999 0.663051425980422 0.681303404676125 0.7069609518164 0.666940893213984 0.621515251453778 0.565042733061959 0.476807595423607 0.371211421534044 0.29906166740218 0.257644111102473 0.291112939247594 0.327749478225619 0.366491963726941 0.377291029279053 0.379893677188149 0.36404199635135 0.345582788869078 0.325030732424005 0.315850825305099 0.307621556479708 0.296393578035788 0.275785855015554 0.246123943572771 0.233511390632806 0.224386799215269 0.214777407260651 0.204328399255021 0.192905237479708 0.182610310425637 0.172759746600049 0.164073483597537 0.156827211962196 0.151594216098758 0.147182922740224 0.14313360199924 0.140257870664046 0.135727498982171 0.128392730340702 0.121968652298452 0.115883733902554 0.0998134128502199
-9999 -9999 -9999 -9999 -9999 -9999 -9999 -9999 -9999 -9999 -9999 -9999 -9999 -9999 -9999 -9999 -9999 0.681467300736589 0.70739177492386 0.670481487340409 0.632174374643091 0.591012703194496 0.492680904733868 0.363100655387046 0.333133519725537 0.314884043499013 0.317099720870389 0.35561718111725 0.418268666680457 0.40336479813294 0.387546849875078 0.390912969749802 0.371678414565214 0.334304140870505 0.321587948326228 0.313494387993188 0.30976157331114 0.29150275141767 0.259222097133193 0.246007203854244 0.236543411828509 0.225655858703221 0.213971141979172 0.201361526399448 0.190424266370215 0.180133061537833 0.171452830284196 0.163394569194752 0.156205894889624 0.149881143632424 0.144084747648277 0.142160287337172 0.138300406722201 0.131160244185793 0.123638032479743 0.115883733902554 0.0998134128502199
-9999 -9999 -9999 -9999 -9999 -9999 -9999 -9999 -9999 -9999 -9999 -9999 -9999 -9999 -9999 -9999 -9999 0.727661701358255 0.723784408897234 0.693557448135041 0.656754429287512 0.606512545423843 0.516502236846744 0.404755022451376 0.386740596916608 0.374596244529527 0.368622957446275 0.406945986805446 0.474717939544196 0.444430272706741 0.416854837434551 0.426007216739285 0.397257875110232 0.338087913434047 0.325342077156719 0.320606510640391 0.321142701464461 0.30952902650344 0.286187188453126 0.264964931502215 0.245687713469462 0.235270641842224 0.224083740691893 0.212003654697097 0.200177941545837 0.188686930041891 0.179593545452766 0.170587569775217 0.16170380194414 0.154586444673462 0.148324702706748 0.145968968796345 0.142425429677967 0.13686871753349 0.12729834783949 0.115998318673767 -9999
-9999 -9999 -9999 -9999 -9999 -9999 -9999 -9999 -9999 -9999 -9999 -9999 -9999 -9999 -9999 -9999 -9999 0.738538761275932 0.750297178009974 0.729019256145887 0.690160657150937 0.615374098915353 0.545362788226713 0.477961565992289 0.452733431419296 0.435875917627389 0.436336861689918 0.473149641770724 0.534129723324573 0.495000814664789 0.459892448453982 0.46631519798037 0.422510075726699 0.338391137489145 0.327838944555005 0.328504370811716 0.331264112662868 0.329019497886413 0.321944219815094 0.288019653395067 0.25292214445868 0.244084231801401 0.234494238317232 0.224031652686048 0.21116144088837 0.197989295175202 0.188216984792957 0.178177241841333 0.167763596986668 0.160564278167893 0.154649834437884 0.150986263576917 0.147534527427443 0.144441823149782 0.132220959390373 -9999 -9999
-9999 -9999 -9999 -9999 -9999 -9999 -9999 -9999 -9999 -9999 -9999 -9999 -9999 -9999 -9999 -9999 -9999 0.773024643352961 0.773684996586212 0.719347278646893 0.670339037706793 0.63222214247406 0.554220639395051 0.454418726302309 0.474525149956679 0.487312538084074 0.470358786683829 0.504513203708642 0.57264517590955 0.536590235224684 0.493600392366386 0.457980871191956 0.409249946129439 0.349995566560441 0.339058629680871 0.335505463290617 0.333396600641166 0.33190966292116 0.331023064096319 0.301483128557996 0.269361171948516 0.257411961656976 0.245973542073742 0.235127760867794 0.22226755759552 0.209237033034488 0.199800407084599 0.189752996556121 0.178851637995758 0.17083511492712 0.163853257081654 0.156776210645765 0.151227831574105 0.148270341886399 0.147221955334998 -9999 -9999
-9999 -9999 -9999 -9999 -9999 -9999 -9999 -9999 -9999 -9999 -9999 -9999 -9999 -9999 -9999 -9999 -9999 0.787922080076823 0.785504675911477 0.708202878960492 0.651035761043357 0.635015973360812 0.550484845987959 0.428506307784458 0.489040062125042 0.528808957760249 0.498881035564548 0.527006837252329 0.593727714193516 0.559076101953656 0.51050509743447 0.445980655429096 0.39875025598665 0.365400373969911 0.354515131761094 0.346679761550392 0.337891059076623 0.335018690718577 0.337857309841979 0.313813842406478 0.286156177884558 0.270390281652938 0.256869046690706 0.245952151217458 0.233201239229402 0.220271372092277 0.210396064818912 0.200080776933784 0.189150344870733 0.180524482672677 0.172656074635344 0.163478230882718 0.156609372329079 0.153653938880044 0.159339636790781 -9999 -9999
-9999 -9999 -9999 -9999 -9999 -9999 -9999 -9999 -9999 -9999 -9999 -9999 -9999 -9999 -9999 -9999 0.789044241727654 0.778568363085127 0.762967479512543 0.702891253596002 0.645446959100374 0.593381292749204 0.513133658064567 0.417482124536758 0.491578498415152 0.542416360182063 0.51841683764276 0.53055874564048 0.566728074069346 0.525696843639617 0.478597790043899 0.433963948597061 0.405405036406012 0.389748158822551 0.380825928983812 0.370710065671856 0.35136857276248 0.342578311556232 0.34397306542719 0.324898583780515 0.301930482001394 0.281279508164975 0.2657508844447 0.256165401841441 0.243584196324907 0.230214969391805 0.217321959199579 0.205715858119256 0.195909005975214 0.187471698934279 0.179587788648123 0.172769009139703 0.167431934211682 0.164606152948549 0.165828531225369 0.168855546907071 -9999
-9999 -9999 -9999 -9999 -9999 -9999 -9999 -9999 -9999 -9999 -9999 -9999 -9999 -9999 -9999 0.808487271448313 0.804411814162058 0.795184833254892 0.783021891717375 0.709924773945305 0.639799402688186 0.575747107392126 0.504841444568318 0.430189819827182 0.49153365402072 0.539846596086424 0.542423375172603 0.554004744675669 0.57157251473184 0.531287284735061 0.492094832304319 0.47293499496167 0.445984837324962 0.412782024983603 0.400080729498442 0.387563026276149 0.363149704724289 0.351784841090757 0.353015543962798 0.33592788074092 0.314918226582582 0.293400051130031 0.276900468621362 0.266223644299478 0.25489967887883 0.243133400447662 0.228992836168162 0.216437734989832 0.206099296023238 0.197540387330956 0.189726659272445 0.183763174336086 0.178773898997418 0.175435780322044 0.172127242934246 0.168855546907071 -9999
-9999 -9999 -9999 -9999 -9999 -9999 -9999 -9999 -9999 -9999 -9999 -9999 -9999 -9999 -9999 0.814038609941464 0.824787437660937 0.831709267244604 0.835725749143594 0.726421711431122 0.634106806868314 0.576510979323489 0.518824966242701 0.46108965891615 0.489508544405829 0.524875903043432 0.569857043938206 0.592700954822919 0.600827669273256 0.5667507244768 0.540397482414254 0.550991718283035 0.512570537874052 0.434808680622379 0.413926615310031 0.39891405136589 0.373630441514618 0.362253841263178 0.364301560222846 0.346914675682618 0.325769878494395 0.30646448422746 0.28978843895037 0.276163062162981 0.266930007381761 0.258332249523734 0.244301073972814 0.231058996328795 0.218920169533246 0.210001902315431 0.20232403962527 0.196063104691189 0.190514022415562 0.186171436424795 0.178280166289766 -9999 -9999
