layers/veg50/veg1000.asc
NCOLS 255 
NROWS 330 
XLLCORNER -2985163.8955 
YLLCORNER -3022031.214 
CELLSIZE 25000 
NODATA_value -9999 
[rows 75 to 99 of 330, columns 0 to 56 of 255]
-9999 -9999 -9999 -9999 -9999 -9999 -9999 -9999 -9999 -9999 -9999 -9999 -9999 -9999 -9999 -9999 -9999 -9999 -9999 -9999 -9999 -9999 -9999 -9999 0.822720163974399 0.80456497588226 0.786409787790122 0.794609063479026 0.807928795226573 0.804500795563504 0.791139464536211 0.764272434580158 0.553250284942513 0.293816177916569 0.280695739690806 0.280522808034647 0.301666250234395 0.421595835744482 0.583312211424276 0.647286363193891 0.690603578136812 0.69235017374842 0.696009782282899 0.700699541313969 0.676019739292319 0.658667811562075 0.662028769418866 0.680734910872076 0.709498981072744 0.728802764060907 0.740097546304038 0.728576752307563 0.724438477246956 0.72614447563306 0.721383250366433 0.720149715663789 0.737345693395649
-9999 -9999 -9999 -9999 -9999 -9999 -9999 -9999 -9999 -9999 -9999 -9999 -9999 -9999 -9999 -9999 -9999 -9999 -9999 -9999 -9999 -9999 -9999 -9999 0.821020118471315 0.801260707233568 0.781501295995822 0.797610058666926 0.819975718422988 0.813528154374294 0.805813482047368 0.796376005729672 0.622469274912777 0.401425610895391 0.339099046193862 0.300374714216967 0.300508367280489 0.432972029543081 0.621277247041114 0.669139264696492 0.702120285503924 0.705154356266129 0.709579456462256 0.714753620945925 0.717547380914298 0.720140612567538 0.722429656805795 0.742143787453139 0.773279109409125 0.780671521704109 0.777695057615853 0.748253748281822 0.733855153408926 0.731364924427859 0.729240603742792 0.730427563378343 0.74513926139872
-9999 -9999 -9999 -9999 -9999 -9999 -9999 -9999 -9999 -9999 -9999 -9999 -9999 -9999 -9999 -9999 -9999 -9999 -9999 -9999 -9999 -9999 -9999 -9999 0.80633861059588 0.814265149082882 0.822191687569884 0.82573159887971 0.827822698863694 0.827657950953931 0.822478993032658 0.81048254274171 0.689968192500933 0.532171884854346 0.382007315665275 0.30078847972809 0.333079763895193 0.469503853155501 0.649487137934375 0.691807453916029 0.720612271210517 0.722218106598306 0.725553475052057 0.729820190767226 0.731626471756754 0.73296205456745 0.733325702274763 0.741057680140478 0.753619195512558 0.748732166721329 0.745008802051059 0.749633070871227 0.751833729483605 0.752115769138738 0.753014473670664 0.755109094564915 0.761804258886263
-9999 -9999 -9999 -9999 -9999 -9999 -9999 -9999 -9999 -9999 -9999 -9999 -9999 -9999 -9999 -9999 -9999 -9999 -9999 -9999 -9999 -9999 -9999 -9999 0.835588671164273 0.839027058681346 0.842465446198418 0.842470434554052 0.841381044385216 0.838860829072795 0.833643415774314 0.824758799337702 0.712220941549843 0.563574390630606 0.414394242765201 0.339287123639052 0.386131545124754 0.51454860287081 0.676843365990692 0.713994728338709 0.738813663383701 0.738814463719455 0.741424620913428 0.745439907278849 0.746781729907356 0.745202353290976 0.736552120057873 0.731807347610628 0.729622391151464 0.728675148093687 0.731724802286573 0.747091942141555 0.756488877070093 0.761159578252922 0.763998216117374 0.766716136429697 0.770007462168824
-9999 -9999 -9999 -9999 -9999 -9999 -9999 -9999 -9999 -9999 -9999 -9999 -9999 -9999 -9999 -9999 -9999 -9999 -9999 -9999 -9999 -9999 -9999 -9999 0.840196877881885 0.834945246595199 0.829693615308512 0.845030984465552 0.862053460726924 0.846417940388061 0.837955688320782 0.839246458483303 0.678115106831895 0.471234394851552 0.43367579598427 0.425224255246185 0.464693673620352 0.570197045105509 0.703136272443042 0.735582975755601 0.756653092532756 0.754828636309047 0.757167628603775 0.761748622772891 0.763277461016033 0.756718780511563 0.730225257014138 0.712387664047322 0.700223560222735 0.723418756136478 0.742608233579574 0.739667503041005 0.744548375019152 0.755621115151824 0.759050588145159 0.762037607041923 0.76767066277457
-9999 -9999 -9999 -9999 -9999 -9999 -9999 -9999 -9999 -9999 -9999 -9999 -9999 -9999 -9999 -9999 -9999 -9999 -9999 -9999 -9999 -9999 -9999 -9999 -9999 -9999 0.82511983250764 0.845636957204259 0.868927747228302 -9999 0.801681974986491 0.804039367221759 0.663740548486765 0.485212832683226 0.486080894860977 0.500990047420997 0.539016016359832 0.621295833978832 0.721834658969851 0.745992642296919 0.761795543036627 0.760784433033373 0.762423543492279 0.765489788024632 0.753998548362958 0.739166327242577 0.717195654434981 0.703741524136334 0.695869521753688 0.708989040585943 0.721898916233373 0.728532939281799 0.73671842802993 0.746132114073733 0.754852266175445 0.762984124143134 0.769081684661282
-9999 -9999 -9999 -9999 -9999 -9999 -9999 -9999 -9999 -9999 -9999 -9999 -9999 -9999 -9999 -9999 -9999 -9999 -9999 -9999 -9999 -9999 -9999 -9999 -9999 -9999 -9999 -9999 -9999 -9999 0.793878668550759 0.761540879323039 0.65495461492356 0.531433565969137 0.547816235607059 0.572478382297498 0.610771603607136 0.669890885368728 0.737375681749541 0.75282929031326 0.76338322736076 0.764076923213834 0.763994298756355 0.763493628637047 0.737536035760037 0.715102644591388 0.703565395435658 0.698716709382817 0.698252010702239 0.692560939334984 0.693227352090497 0.715409740427683 0.728964110337547 0.735688223605933 0.750679636709946 0.76483797812361 0.77069189599548
-9999 -9999 -9999 -9999 -9999 -9999 -9999 -9999 -9999 -9999 -9999 -9999 -9999 -9999 -9999 -9999 -9999 -9999 -9999 -9999 -9999 -9999 -9999 -9999 -9999 -9999 -9999 -9999 -9999 0.807583244720087 0.779808591110435 0.714270563286411 0.640200869507983 0.569533209676792 0.59895104301811 0.631276571324913 0.668389238576965 0.706143986944401 0.743852856279845 0.758453998339722 0.769279529216347 0.772506910543558 0.760666836400412 0.740712992324191 0.730186997923817 0.719273248399711 0.706614050925726 0.69686685260303 0.689028310491078 0.685679243260839 0.685242464442907 0.69282145362935 0.707676386627612 0.728291224285595 0.744174441180087 0.757247199616679 0.761433232108916
-9999 -9999 -9999 -9999 -9999 -9999 -9999 -9999 -9999 -9999 -9999 -9999 -9999 -9999 -9999 -9999 -9999 -9999 -9999 -9999 -9999 -9999 -9999 -9999 -9999 -9999 -9999 -9999 0.896301323936762 0.835097168989187 0.768215392379664 0.693614126105892 0.634651382588629 0.58746349568923 0.639745396934629 0.682067188998029 0.707990965750314 0.73098471266074 0.752558557228211 0.764255585476757 0.772795550856046 0.774982151269176 0.756633669927963 0.72722712179907 0.72220264165682 0.715760411656659 0.703768432553663 0.692583654202968 0.681927951806335 0.680276965876119 0.678965632245446 0.676321590122073 0.691454397051336 0.720660011349877 0.734485999234371 0.745079991863292 0.75128201534809
-9999 -9999 -9999 -9999 -9999 -9999 -9999 -9999 -9999 -9999 -9999 -9999 -9999 -9999 -9999 -9999 -9999 -9999 -9999 -9999 -9999 -9999 -9999 -9999 -9999 -9999 -9999 -9999 0.895080776422461 0.822336678778134 0.760346856580478 0.712978917118234 0.642943009608925 0.575063649397843 0.664990057732015 0.72081623835359 0.720500860090019 0.738663817519087 0.764615455677448 0.770323158616248 0.772732171755324 0.768502805782009 0.751539284771984 0.727718467620401 0.713262910788821 0.700693425694117 0.692059165235763 0.684641262763714 0.678020616439223 0.677099398135658 0.675257327443233 0.668977332198767 0.682850120880295 0.712676594340574 0.720010677785225 0.726030874104562 0.739788601816619
-9999 -9999 -9999 -9999 -9999 -9999 -9999 -9999 -9999 -9999 -9999 -9999 -9999 -9999 -9999 -9999 -9999 -9999 -9999 -9999 -9999 -9999 -9999 -9999 -9999 -9999 -9999 0.879393561215073 0.86159433339447 0.801217903707284 0.753577485198805 0.723253385478649 0.661394302536094 0.597107201882235 0.667085517589207 0.709761183468823 0.707486612185158 0.733752549170028 0.772080782803019 0.781433179735278 0.780935309870501 0.760614477154703 0.740520731702404 0.720549271915018 0.708024012099031 0.696923784771826 0.688766303527534 0.681255781325307 0.674169305398365 0.671461778051173 0.668730112684105 0.664751278012649 0.672585908470812 0.689772512309666 0.702483476545242 0.715484331760078 0.732312455745491
-9999 -9999 -9999 -9999 -9999 -9999 -9999 -9999 -9999 -9999 -9999 -9999 -9999 -9999 -9999 -9999 -9999 -9999 -9999 -9999 -9999 -9999 -9999 -9999 0.94443772392553 0.919623756539159 0.894809789152788 0.858094257521842 0.818247027200274 0.779035854666496 0.748496872323149 0.729748897998193 0.683142111094512 0.631904087405857 0.660223553264793 0.679793857897579 0.684959814432945 0.724311728336441 0.778057222620052 0.793223725347816 0.790443642573107 0.751547330152189 0.727111649812124 0.710462967218409 0.703943080652499 0.697026726060546 0.688285362241566 0.679337827815558 0.670255159830393 0.664924565545234 0.661238299827893 0.661752427338964 0.66194117590446 0.661872342532374 0.683907373630219 0.707722299642953 0.725961097980336
-9999 -9999 -9999 -9999 -9999 -9999 -9999 -9999 -9999 -9999 -9999 -9999 -9999 -9999 -9999 -9999 -9999 -9999 -9999 -9999 -9999 -9999 -9999 -9999 0.943592566145149 0.920372372097023 0.897152178048898 0.875292381616403 0.852382450964474 0.817494714264473 0.77758391457913 0.73084358571644 0.685705447143307 0.644579887402123 0.657727392641475 0.668989042429661 0.677145878204496 0.726555887293773 0.79272959457684 0.769493220840517 0.746876489377107 0.725506744011633 0.712147723898069 0.70310245017778 0.691708178855121 0.681426736571422 0.674116678581739 0.668514251013175 0.664031081809602 0.660274463540412 0.657710586663455 0.658726952486024 0.658731853678528 0.657936042278066 0.669498265933635 0.684603346754366 0.707162049059704
-9999 -9999 -9999 -9999 -9999 -9999 -9999 -9999 -9999 -9999 -9999 -9999 -9999 -9999 -9999 -9999 -9999 -9999 -9999 -9999 -9999 -9999 -9999 -9999 0.944780273676703 0.920424355676089 0.896068437675474 0.886237354337403 0.876154359944186 0.830851573655698 0.780134263617695 0.722055180885093 0.66787900507447 0.619836250276239 0.646803915432598 0.666938932817776 0.675824890506925 0.722229642036524 0.783566875031737 0.741382300452176 0.711047882616736 0.704561064217706 0.698567973038666 0.692840752170679 0.679650450048318 0.668485783207392 0.662992687674845 0.659843813341862 0.658231447819306 0.655721278652675 0.654018542496489 0.655111016401957 0.655662447392326 0.655785568916819 0.659833985293683 0.668357351701397 0.693146637382786
-9999 -9999 -9999 -9999 -9999 -9999 -9999 -9999 -9999 -9999 -9999 -9999 -9999 -9999 -9999 -9999 -9999 -9999 -9999 -9999 -9999 -9999 -9999 -9999 0.949686136772886 0.919202183976266 0.888718231179647 0.885745175054495 0.880971171437198 0.798296320127242 0.734148414525515 0.695190381447926 0.612759208387139 0.526651636001418 0.620466690016438 0.680901373621403 0.68637964911148 0.70588598232054 0.730809246576095 0.705259502647332 0.689373248243445 0.692934080686028 0.687519908932762 0.677272730084384 0.667916774555296 0.660408265658326 0.657437507074978 0.655111514707408 0.6532081313374 0.651345357313135 0.650025933295577 0.650415113681969 0.652848950450846 0.656901412394626 0.65884809816079 0.66468214836391 0.687880603902474
-9999 -9999 -9999 -9999 -9999 -9999 -9999 -9999 -9999 -9999 -9999 -9999 -9999 -9999 -9999 -9999 -9999 -9999 -9999 -9999 -9999 -9999 -9999 -9999 0.943880297582433 0.925370806110507 0.906861314638581 0.905004500191686 0.901259734404045 0.84361533038115 0.797225963646874 0.766139332669456 0.655202222692116 0.530682690954567 0.629355199920171 0.689961814398822 0.687897919024379 0.683266020293896 0.677509293227863 0.671564274929436 0.668181263094067 0.669954107438816 0.666088873632423 0.659187555261318 0.656439767935312 0.653987917318431 0.651932148436006 0.650564646714952 0.64964826648259 0.647052152543631 0.645100032866803 0.645634973772655 0.648584482056166 0.65344545066008 0.655572494169 0.659676396522003 0.673585891707696
-9999 -9999 -9999 -9999 -9999 -9999 -9999 -9999 -9999 -9999 -9999 -9999 -9999 -9999 -9999 -9999 -9999 -9999 -9999 -9999 -9999 -9999 -9999 -9999 0.932834408089992 0.935154925616294 0.937475443142595 0.933926050242502 0.929116912873201 0.927029598375652 0.913656161810556 0.884937725554166 0.745371921656813 0.582270612525603 0.655475763148525 0.696624249142248 0.684995635225969 0.657575758240395 0.623944040337023 0.639056588559014 0.647225384787827 0.641420372931678 0.639578599767845 0.639871016215693 0.645088320985461 0.648378238448485 0.646451162167947 0.646108489411197 0.646804306526488 0.642799411836344 0.639717576341757 0.640813625930413 0.643610213930494 0.647753010666284 0.651176785155909 0.654019754568905 0.654874446358997
-9999 -9999 -9999 -9999 -9999 -9999 -9999 -9999 -9999 -9999 -9999 -9999 -9999 -9999 -9999 -9999 -9999 -9999 -9999 -9999 -9999 -9999 -9999 -9999 -9999 -9999 -9999 0.938086605291009 0.937878131825875 0.93856977583845 0.927883316529284 0.901726796652399 0.782525213027146 0.639881228321556 0.63767839372921 0.636621246820775 0.637450324635308 0.635644635906091 0.63277537482109 0.636118794170744 0.634951267549342 0.624705782305123 0.627840871327509 0.638181350894122 0.6372567597803 0.636793718421175 0.638411850782502 0.640185191848633 0.642060263733693 0.638530206792894 0.636089452499547 0.638541007494732 0.641293368366046 0.644283858229611 0.646200793010688 0.647778543042606 0.648578448687023
-9999 -9999 -9999 -9999 -9999 -9999 -9999 -9999 -9999 -9999 -9999 -9999 -9999 -9999 -9999 -9999 -9999 -9999 -9999 -9999 -9999 -9999 -9999 -9999 -9999 -9999 -9999 0.966853727709667 0.944480290110829 0.945040160693355 0.936758480642538 0.916455524290862 0.814000668438174 0.687614174300304 0.634428982408138 0.605096441726268 0.615034167324614 0.625622980192764 0.636263815980559 0.630448202505359 0.622480146656707 0.610180453291317 0.617346834165051 0.634995625170154 0.630631061854158 0.627959332082808 0.631328594551719 0.633793675169083 0.635666114024917 0.634552820895849 0.63406533836684 0.636356553082961 0.638634269067209 0.640901298958956 0.64185030702012 0.642412371395173 0.642141779294545
-9999 -9999 -9999 -9999 -9999 -9999 -9999 -9999 -9999 -9999 -9999 -9999 -9999 -9999 -9999 -9999 -9999 -9999 -9999 -9999 -9999 -9999 -9999 -9999 -9999 -9999 0.986614910117971 0.968151097865544 0.946676299419507 0.9418080258976 0.936018019454346 0.928974793232956 0.833955598445371 0.712965218246666 0.664978521074781 0.639274673210023 0.650256618385958 0.642324654875924 0.626237455698619 0.617920863581874 0.609358752572665 0.600302552216962 0.609301047649989 0.628021931055531 0.626636411791125 0.625458848384729 0.626458712959039 0.626382952322311 0.62560217817671 0.63123282562482 0.635610698397597 0.634309896611323 0.635141341354812 0.637660750854503 0.638921897452159 0.639030175846036 0.635092750495942
-9999 -9999 -9999 -9999 -9999 -9999 -9999 -9999 -9999 -9999 -9999 -9999 -9999 -9999 -9999 -9999 -9999 -9999 -9999 -9999 -9999 -9999 -9999 -9999 -9999 -9999 0.986614910117971 0.969709590814971 0.949833133603332 0.943349605402737 0.932259419852747 0.91490586454818 0.835795784476552 0.737188646186214 0.669939825646274 0.63265769250472 0.644711785483082 0.630166383447911 0.60427289669075 0.597872115386547 0.592365533852701 0.588658465894926 0.602184065519488 0.624989393919181 0.625739421636501 0.625845480494439 0.626163293043311 0.624646289518517 0.62192666438821 0.620943557466677 0.620995773960766 0.623860043834022 0.627245467453458 0.631043455541325 0.631853568165744 0.631251761928457 0.626543604510162
-9999 -9999 -9999 -9999 -9999 -9999 -9999 -9999 -9999 -9999 -9999 -9999 -9999 -9999 -9999 -9999 -9999 -9999 -9999 -9999 -9999 -9999 -9999 -9999 -9999 -9999 -9999 0.971424364696602 0.953565017575534 0.947748233543388 0.926694476659492 0.884924007488861 0.826794369754691 0.760737200521982 0.65958667595872 0.601624942866938 0.614767898576946 0.600735551397129 0.575163374195219 0.573321834266797 0.573055043801492 0.57595732487001 0.595622969043702 0.624315623239596 0.626696368365563 0.627960039698083 0.628605669876312 0.626305528622927 0.622074595275769 0.606483207769587 0.596708984854737 0.608380912171185 0.616714448126863 0.622405190727865 0.622307513729222 0.620842229158911 0.617096644475909
-9999 -9999 -9999 -9999 -9999 -9999 -9999 -9999 -9999 -9999 -9999 -9999 -9999 -9999 -9999 -9999 -9999 -9999 -9999 -9999 -9999 -9999 -9999 -9999 -9999 -9999 -9999 -9999 0.953775438600598 0.947996248714579 0.926380699205566 0.8832334905428 0.819240008689717 0.747368616386748 0.665715023729368 0.610025425190757 0.597082142512494 0.579584748109811 0.560476463243135 0.568207110873605 0.57039945080123 0.561446339533151 0.574879365689869 0.600367245375928 0.625850740414811 0.643293698757459 0.64066770335749 0.62832818744848 0.609621989997144 0.605867452704492 0.60513059245083 0.609945772997118 0.615267224366529 0.620989458335232 0.615331957433119 0.608666079365745 0.60448908975714
-9999 -9999 -9999 -9999 -9999 -9999 -9999 -9999 -9999 -9999 -9999 -9999 -9999 -9999 -9999 -9999 -9999 -9999 -9999 -9999 -9999 -9999 -9999 -9999 -9999 -9999 -9999 -9999 -9999 -9999 -9999 -9999 -9999 0.736070827470836 0.674540316404017 0.624816141157392 0.594529551584789 0.572145295910957 0.55351482180591 0.556162813922461 0.554257580320591 0.543189303104944 0.552798751619109 0.573543080182596 0.620800443405584 0.653242683342384 0.64651934270795 0.626159411846565 0.5968614417627 0.601879442453604 0.607630201880902 0.606524884702222 0.609673142141781 0.616188685654148 0.607318489569446 0.597885705216954 0.595140550033561
-9999 -9999 -9999 -9999 -9999 -9999 -9999 -9999 -9999 -9999 -9999 -9999 -9999 -9999 -9999 -9999 -9999 -9999 -9999 -9999 -9999 -9999 -9999 -9999 -9999 -9999 -9999 -9999 -9999 -9999 -9999 -9999 -9999 0.736842022945708 0.68819720141545 0.650990682384497 0.632615830365363 0.602003154222231 0.565921924597787 0.521285869684201 0.497248885302382 0.514666068440134 0.52933662059973 0.542528121973899 0.604188498904401 0.645766993252173 0.633223079433758 0.612101094300035 0.58535665248224 0.586040345537631 0.58790240550646 0.586160116293988 0.590844830748495 0.600617397628326 0.595942574855834 0.591342117927323 0.595521933544169
