layers/veg50/veg1200.asc
NCOLS 255 
NROWS 330 
XLLCORNER -2985163.8955 
YLLCORNER -3022031.214 
CELLSIZE 25000 
NODATA_value -9999 
[rows 200 to 224 of 330, columns 114 to 170 of 255]
0.0688601012589501 0.0590341197538133 0.0602172145001343 0.0675077404743435 0.0801396153399457 0.0906434772351813 0.0950982558282582 0.10218655286269 0.111050616747951 0.115511312001568 0.118966791295776 0.120458249496476 0.123296324470256 0.127230189395075 0.129744043266516 0.132420246203328 0.136725551929703 0.143574244380864 0.152911673976061 0.161331228293383 0.171051517976511 0.189858623422227 0.208740161267728 0.227709248171766 0.251728546932928 0.277614360961682 0.307490211458287 0.337829086501814 0.368824452657554 0.399269808141694 0.429819513083124 0.466228672713358 0.50069157397644 0.531807319074069 0.554070201248301 0.572269685678198 0.588968887657324 0.598869140147444 0.594437658299178 0.583981970363854 0.570134495254718 0.56637583007356 -9999 -9999 -9999 -9999 -9999 -9999 -9999 -9999 -9999 -9999 -9999 -9999 -9999 -9999 -9999
0.0658613534433041 0.0592925115474805 0.0572564044605602 0.0577348921940696 0.0691791951990203 0.0788835416320693 0.082954606178572 0.0934491207048384 0.108274931858048 0.11209349507033 0.114566320989477 0.115964423901276 0.118638562296153 0.122351056136677 0.125608837162511 0.129050431377129 0.133585304478656 0.140241055809159 0.148972114199728 0.158184754703012 0.168849230758889 0.187696815220858 0.207568410416816 0.228644470012028 0.252357008092619 0.277184155725406 0.305421058596478 0.33436403739541 0.364308113380806 0.393283629102498 0.422176969641688 0.456298300332088 0.488110138457238 0.515950133784272 0.53960355260052 0.56132039546839 0.578329583588552 0.590456792709389 0.592293114072196 0.584261382906659 0.570673677474561 0.57053560618269 -9999 -9999 -9999 -9999 -9999 -9999 -9999 -9999 -9999 -9999 -9999 -9999 -9999 -9999 -9999
0.0638344107538642 0.061679160528278 0.0567264693248509 0.0502218605948304 0.0569112194069717 0.0633665422791666 0.0678435229491893 0.0836800802696754 0.107176337001639 0.111134610167917 0.112952507070952 0.113678730050918 0.115104577123434 0.117099733197181 0.121322364790538 0.125931268764967 0.130763881661054 0.137572227995064 0.146313855314522 0.156763039443917 0.168477234754866 0.185646021683453 0.206043411682224 0.230238357046663 0.253671195437287 0.277217856717851 0.303905298932965 0.33138362697252 0.359983298400826 0.388116617659509 0.416130642171011 0.445135755707098 0.472421741232957 0.496751187166875 0.523772926250989 0.551975352441185 0.565928695471144 0.578752042777273 0.589193434085106 0.585879132443869 0.574820012275955 0.572366709087064 -9999 -9999 -9999 -9999 -9999 -9999 -9999 -9999 -9999 -9999 -9999 -9999 -9999 -9999 -9999
0.050704898365318 0.0578758154300245 0.05589939856466 0.0488483767442213 0.0538429847630597 0.0588746268872403 0.0627472101982887 0.0797036649104642 0.105482501402772 0.10909195219765 0.11034234234478 0.110582680606557 0.111474079274751 0.11289526894595 0.117062560621221 0.122177152550015 0.129610239350199 0.137974347609658 0.147249472532455 0.157668148760989 0.169074554687883 0.18498675472982 0.203847548620501 0.226176544748518 0.249412430363542 0.273305468688622 0.300962156783224 0.328597698761416 0.356203259094849 0.382634300916246 0.408812628690536 0.438400719176679 0.465677130574925 0.488977938814727 0.513900359296946 0.539549324791143 0.560728618587772 -9999 -9999 -9999 -9999 -9999 -9999 -9999 -9999 -9999 -9999 -9999 -9999 -9999 -9999 -9999 -9999 -9999 -9999 -9999 -9999
0.0405720124717401 0.0543966803349821 0.054547416910135 0.0471123585421548 0.0505932065202404 0.0547051695082462 0.0593091604581487 0.0756887650593136 0.100008600509723 0.105059635990302 0.107610433461069 0.107805214436495 0.108565299647376 0.109785393015644 0.114096947835559 0.11965000522896 0.128572245318355 0.138010618342281 0.147954034186832 0.158464217403292 0.169705808465639 0.184648200838217 0.202258511109122 0.223006886267445 0.245620692073428 0.269203915481167 0.296910585572782 0.324125721516074 0.350643944516266 0.37644402009169 0.402204793378589 0.432255887847337 0.459384458022781 0.481486899410745 0.504098081291114 0.526841766360954 0.522693118803066 -9999 -9999 -9999 -9999 -9999 -9999 -9999 -9999 -9999 -9999 -9999 -9999 -9999 -9999 -9999 -9999 -9999 -9999 -9999 -9999
0.0380735765491012 0.0519922993815852 0.0519699258880257 0.0442135440991377 0.0464557008120687 0.050747881529114 0.0592900704127519 0.0712940748371917 0.0856323622438626 0.0963799452592048 0.104640535884932 0.105820946480585 0.107366700414825 0.109209747214492 0.114188085400501 0.120053758750347 0.127724354432083 0.137029279276796 0.147933416562872 0.158886601714049 0.170368909665776 0.184998078914692 0.20213681150813 0.222227348810078 0.243210404276003 0.264852153883977 0.290311054722819 0.315660034911424 0.34085316606263 0.36859659456898 0.39733847120107 0.427284886953091 0.45371369263423 0.474092946809193 0.494164787121277 0.514034371340089 0.517517155276052 -9999 0.526453478309707 0.526453478309707 -9999 -9999 -9999 -9999 -9999 -9999 -9999 -9999 -9999 -9999 -9999 -9999 -9999 -9999 -9999 -9999 -9999
0.0445043184911714 0.049195755209259 0.0481845978181939 0.0440098506266131 0.0449110373955461 0.0478530724392634 0.0555341606883689 0.066456425187409 0.0795641968209168 0.093170596444537 0.10394865654646 0.10528132983781 0.107135105152919 0.109412919714023 0.115377842795204 0.122003882020505 0.129094425066542 0.138599597812188 0.150467517270297 0.159926007698488 0.1697054232271 0.18456663494952 0.201498155430045 0.22086481951975 0.240601340024803 0.260888176194091 0.285381696376007 0.309520530155438 0.333156478132372 0.359918274865495 0.387912844405908 0.417555969562327 0.444205281405637 0.465705862300215 0.487393044161356 0.5090771135976 0.507084651432272 0.509697000902357 0.522015987720423 0.526453478309707 -9999 -9999 -9999 -9999 -9999 -9999 -9999 -9999 -9999 -9999 -9999 -9999 -9999 -9999 -9999 -9999 -9999
0.0565157347269309 0.0461541117424659 0.0436443799628387 0.0454905890857063 0.0449868824450699 0.0456223052931214 0.0494427645576627 0.0613419289646776 0.0786885193567784 0.0933801734227314 0.104680522821763 0.105644610255515 0.107507880672135 0.11010284825492 0.117254229970989 0.124920475668595 0.131850706282834 0.14176468466727 0.15459829923277 0.161351047953533 0.16821282870631 0.183646870122229 0.200536405135856 0.219137924373469 0.237868041867349 0.257166560759252 0.281496184270763 0.304834872936367 0.326768582268924 0.350720652056429 0.375637683816898 0.404853387329631 0.432298368118703 0.456698077230673 0.482597248800719 0.5090771135976 0.507084651432272 0.509697000902357 0.522015987720423 -9999 -9999 -9999 -9999 -9999 -9999 -9999 -9999 -9999 -9999 -9999 -9999 -9999 -9999 -9999 -9999 -9999 -9999
0.0414648174218951 0.0366897310738574 0.0380192547767939 0.0427353919618982 0.0439383995573388 0.0455795115027113 0.0487173610311719 0.0574046408828867 0.0698338707639924 0.0860385886302266 0.0996499740402595 0.103591703085561 0.10720350336427 0.110546828874047 0.116523213901365 0.123140051825322 0.13081851151829 0.140507303641127 0.152163232315129 0.159569950392126 0.167110247519825 0.180988934155773 0.19643972535758 0.213739661220309 0.234268112516412 0.25589826455145 0.279212936080717 0.30159660401902 0.322660265087345 0.344711995208508 0.367256087687072 0.392286899550187 0.420293282005849 0.45341702175727 -9999 -9999 -9999 -9999 -9999 -9999 -9999 -9999 -9999 -9999 -9999 -9999 -9999 -9999 -9999 -9999 -9999 -9999 -9999 -9999 -9999 -9999 -9999
0.0299032598736374 0.0326856089280257 0.0364082592011321 0.0406525540605462 0.0429259758771997 0.045284081106968 0.0480660500004323 0.0537381265814715 0.0613589867162289 0.0787933204753409 0.0945389080902858 0.101751112583151 0.107187889192783 0.111179937003447 0.116157953787496 0.1218480746934 0.129983588237189 0.139216555780037 0.149523396401138 0.157703014891461 0.166114330669882 0.178698890514395 0.1929926311556 0.209296748595775 0.230871956082121 0.253882250803577 0.276201501189455 0.297617264256162 0.317752033909076 0.338285502557993 0.35900630853846 0.380513520857078 0.392834669546733 0.389357715563664 -9999 -9999 -9999 -9999 -9999 -9999 -9999 -9999 -9999 -9999 -9999 -9999 -9999 -9999 -9999 -9999 -9999 -9999 -9999 -9999 -9999 -9999 -9999
0.0344769797737211 0.0463010236713244 0.046977986704948 0.0414709586194754 0.0422596763749565 0.0437718752796027 0.0464957408453707 0.050627719408479 0.0557091807409634 0.0734384338941583 0.0904119018667459 0.101055728345125 0.108175748388013 0.112428321835397 0.117435307020351 0.123007740681958 0.130540513727377 0.138765672533554 0.147668339853873 0.156261422060227 0.165353133229195 0.177873221443338 0.19214516006475 0.208477664438396 0.228266491215205 0.249119222415568 0.270681934895345 0.291124327111935 0.309978293184592 0.329937845001688 0.350322080430935 0.371072376378461 0.385083345473776 0.387504085951409 -9999 -9999 -9999 -9999 -9999 -9999 -9999 -9999 -9999 -9999 -9999 -9999 -9999 -9999 -9999 -9999 -9999 -9999 -9999 -9999 -9999 -9999 -9999
0.037520138309247 0.0500732265592837 0.0481856884389077 0.0382870210983804 0.04037363424498 0.0429657287598447 0.0456141869417966 0.049046008918973 0.053006048750202 0.0707829415781321 0.0882780941901067 0.100645778806235 0.108815538808782 0.113569298284126 0.118721690185978 0.124184567788375 0.130734032076651 0.138063983358195 0.146157651361091 0.1544547818574 0.163503052579109 0.176844486124052 0.190991148166139 0.206084938032071 0.224154098363019 0.243155506298574 0.262923185360666 0.282059596689585 0.300300976299323 0.320497897490622 0.341325731197233 0.360499046855244 0.371861989468335 0.36979272866332 -9999 -9999 -9999 -9999 -9999 -9999 -9999 -9999 -9999 -9999 -9999 -9999 -9999 -9999 -9999 -9999 -9999 -9999 -9999 -9999 -9999 -9999 -9999
0.0394061591216018 0.0464037469255697 0.0423154948107758 0.0320772258043963 0.037565440125679 0.0426933784527359 0.0452533470076089 0.0486200264131403 0.0525306664624664 0.0701682501122087 0.0876511880215001 0.100451624115901 0.109192181656042 0.11462907165607 0.12001490017743 0.125374369073617 0.130652806713351 0.13717267943872 0.144907312616921 0.152372157891887 0.160829752509728 0.17566222829886 0.189605384741216 0.202502503815792 0.218902435137076 0.236284044110675 0.253471564532647 0.27105053454214 0.289184514381661 0.310232154986578 0.33209341159497 0.349069760782323 0.361845598455945 0.367397437379697 -9999 -9999 -9999 -9999 -9999 -9999 -9999 -9999 -9999 -9999 -9999 -9999 -9999 -9999 -9999 -9999 -9999 -9999 -9999 -9999 -9999 -9999 -9999
0.0387664202460382 0.0408433099347973 0.0420329599855487 0.042730402066438 0.0428661589892217 0.0436020145979327 0.0459453240450241 0.0490621379121014 0.0527005215112952 0.0702171144958123 0.0846310589511727 0.0846295408152211 0.108939529262819 0.108728675344281 0.116306073208449 0.12443572851035 0.129885959299744 0.136420398889737 0.144015750958215 0.152778467325538 0.162374469879197 0.175508139025434 0.187636410419939 0.198582110422508 0.21304714339875 0.228564011094743 0.244506018517766 0.260861779984232 0.277804175256547 0.296809841394506 0.316853706256265 0.342282772828444 -9999 -9999 -9999 -9999 -9999 -9999 -9999 -9999 -9999 -9999 -9999 -9999 -9999 -9999 -9999 -9999 -9999 -9999 -9999 -9999 -9999 -9999 -9999 -9999 -9999
0.0395276094818071 0.0364546026868561 0.0425412645750753 0.05370937428643 0.0481994477956766 0.0445011200102658 0.0472159677880095 0.0502374143264017 0.0534655987053632 0.0695911186939163 0.083722981425023 0.0873817430345103 0.0935228204997718 0.101683846642667 0.112455145061237 0.12272885304404 0.129144359903383 0.136081348265031 0.14352861309076 0.153188783467177 0.163507255728696 0.17494145006998 0.18550931836333 0.195058194522858 0.207596736229686 0.221112953433397 0.23578666122576 0.25084543198877 0.266450157430756 0.283333584863528 0.299581113995923 0.29467774881082 -9999 -9999 -9999 -9999 -9999 -9999 -9999 -9999 -9999 -9999 -9999 -9999 -9999 -9999 -9999 -9999 -9999 -9999 -9999 -9999 -9999 -9999 -9999 -9999 -9999
0.0469419480834657 0.0375219802537195 0.0433685535647859 0.0576844432812949 0.049685055279896 0.0447846682293096 0.0502076101832552 0.0538214403781337 0.05621539656691 0.0660312079116042 0.0761558228398445 0.0850381716910132 0.0936932239213962 0.102163316809269 0.110506039386473 0.119095264782058 0.128836332973955 0.137271563442029 0.144429014634268 0.152394944037158 0.160980728285444 0.172275976304563 0.183056791751498 0.193232520065607 0.204007254171558 0.215117475429496 0.227780786978524 0.241093570036341 0.255327194712578 0.271195609616361 0.286985753296919 0.289798598961465 -9999 -9999 -9999 -9999 -9999 -9999 -9999 -9999 -9999 -9999 -9999 -9999 -9999 -9999 -9999 -9999 -9999 -9999 -9999 -9999 -9999 -9999 -9999 -9999 -9999
0.0538289554748469 0.0392407602943506 0.0431091088784133 0.0572164701799716 0.050340943470426 0.0467538841538135 0.0538404175912981 0.057054156844483 0.05765649249989 0.0645681971482295 0.0729834476668407 0.0844205894413212 0.0942055974378305 0.102646205432896 0.109501677769567 0.116724745502218 0.126574463622119 0.135972202034484 0.144927672397112 0.152774771061159 0.160652348536247 0.17015676139 0.179557052028377 0.188834871781021 0.198379869458141 0.208256684655988 0.220550356461141 0.233133477258295 0.246126988156689 0.263119519896634 0.280662525582914 -9999 -9999 -9999 -9999 -9999 -9999 -9999 -9999 -9999 -9999 -9999 -9999 -9999 -9999 -9999 -9999 -9999 -9999 -9999 -9999 -9999 -9999 -9999 -9999 -9999 -9999
0.0602360733627349 0.0415523389473496 0.0418606992415866 0.052705176251084 0.0502417586212284 0.0502571155556154 0.0580567071707954 0.0599671695284353 0.0579066247529655 0.0650134373841339 0.0738104762623324 0.0853737165164673 0.0950291754796361 0.103132204969764 0.109357065676333 0.115503662354555 0.122534530594704 0.132407240473222 0.145060729528556 0.154222674847751 0.1623243586463 0.168534660781598 0.175104312425418 0.182096639023257 0.190897923371618 0.200608429557822 0.214025606357234 0.226803955936503 0.238676555712546 0.25873988544263 -9999 -9999 -9999 -9999 -9999 -9999 -9999 -9999 -9999 -9999 -9999 -9999 -9999 -9999 -9999 -9999 -9999 -9999 -9999 -9999 -9999 -9999 -9999 -9999 -9999 -9999 -9999
0.0630244072963095 0.0479033933592303 0.043511231108416 0.0450710417871561 0.0514497783671979 0.0568747741986822 0.0593360839636814 0.0599089784227325 0.059208524934701 0.0643326775596291 0.0717328612492977 0.0848406921386889 0.094749640001629 0.102055543000575 0.107759373611861 0.113373789224431 0.119644247119133 0.127753245006573 0.137661278300674 0.148351344214916 0.159076057561253 0.16899365359587 0.177087585203081 0.18303648179641 0.190696659651603 0.199165845077527 0.210657760260898 0.2231109305671 0.236926999339273 -9999 -9999 -9999 -9999 -9999 -9999 -9999 -9999 -9999 -9999 -9999 -9999 -9999 -9999 -9999 -9999 -9999 -9999 -9999 -9999 -9999 -9999 -9999 -9999 -9999 -9999 -9999 -9999
0.0647214629736571 0.0543341722323145 0.0458977725097794 0.0385436554836599 0.0525076295877937 0.0624061332136688 0.059590561898 0.0594900775543178 0.0612203612684036 0.0640037728178633 0.066270930985253 0.0665214566162545 -9999 0.101760837957227 0.106186805646219 0.111397101267126 0.117124790457839 0.123250487361089 0.129765640011729 0.141315108556722 0.154191708827985 0.168572025432033 0.178694678565716 0.183809372403808 0.190521083890638 0.197960856959603 0.20796668581937 0.2138341675854 -9999 -9999 -9999 -9999 -9999 -9999 -9999 -9999 -9999 -9999 -9999 -9999 -9999 -9999 -9999 -9999 -9999 -9999 -9999 -9999 -9999 -9999 -9999 -9999 -9999 -9999 -9999 -9999 -9999
0.0642593437493339 0.057180849246241 0.0492863377781295 0.0409391300636839 0.0514790871972655 0.0591306413500404 0.0573595188896571 0.0601169026429 0.0659278329715756 0.0666436251436217 0.0668035615647107 0.0666864138784337 -9999 -9999 0.106186805646219 0.111127786415611 0.11541838482832 0.120623505078577 0.126723496896715 0.135399868544716 0.145569786917508 0.161450768142224 0.171941705761543 0.176092753165217 0.183264228331167 0.191855924025706 0.205710031015786 -9999 -9999 -9999 -9999 -9999 -9999 -9999 -9999 -9999 -9999 -9999 -9999 -9999 -9999 -9999 -9999 -9999 -9999 -9999 -9999 -9999 -9999 -9999 -9999 -9999 -9999 -9999 -9999 -9999 -9999
0.0648529324852863 0.0616616654831094 0.0548641310599086 0.0460659719012437 0.0515023678625869 0.0564286478666724 0.0585555937943796 0.0623899466563667 0.0673755945262646 0.0672438573279676 0.068848649527165 0.0777157635288014 -9999 -9999 -9999 -9999 0.116277746669857 0.119251255121229 0.125134380446401 0.132309939880859 0.141065975813537 0.157730855344463 0.168069285363235 0.170966403530333 0.178794659186139 0.187150810261208 -9999 -9999 -9999 -9999 -9999 -9999 -9999 -9999 -9999 -9999 -9999 -9999 -9999 -9999 -9999 -9999 -9999 -9999 -9999 -9999 -9999 -9999 -9999 -9999 -9999 -9999 -9999 -9999 -9999 -9999 -9999
0.0666011062864413 0.0679296736445114 0.0628361944085424 0.0541799995532501 0.052675984830386 0.0543538663488118 0.0634997688442219 0.0664633936754422 0.0652583430319427 0.0656134395195389 0.0681739352565648 0.0775068025282055 0.0816940093802229 -9999 -9999 -9999 -9999 0.119251255121229 0.125134380446401 0.132309939880859 0.141065975813537 0.157730855344463 0.167347208537666 0.168672926916987 0.177373432374079 -9999 -9999 -9999 -9999 -9999 -9999 -9999 -9999 -9999 -9999 -9999 -9999 -9999 -9999 -9999 -9999 -9999 -9999 -9999 -9999 -9999 -9999 -9999 -9999 -9999 -9999 -9999 -9999 -9999 -9999 -9999 -9999
0.0662815455104044 0.0659472704193723 0.0629865568772986 0.0585687917309277 0.0536730268502539 0.0527104746697271 0.0619499551909152 0.0647575365841481 0.0632281241367636 0.0662700914350705 0.0701613314262341 0.0754530802982652 0.0808183498840281 0.0862434458887923 -9999 -9999 -9999 -9999 -9999 -9999 -9999 -9999 -9999 0.168427765817706 0.168427765817706 -9999 -9999 -9999 -9999 -9999 -9999 -9999 -9999 -9999 -9999 -9999 -9999 -9999 -9999 -9999 -9999 -9999 -9999 -9999 -9999 -9999 -9999 -9999 -9999 -9999 -9999 -9999 -9999 -9999 -9999 -9999 -9999
0.0660915599906425 0.0627436000568186 0.0616936067189553 0.0619184408623673 0.0549165313843614 0.0517129153595114 0.0590660203056797 0.0620968208015802 0.0622131154252399 0.0676234972370912 0.0723559299227924 0.0732507374616851 0.0780267398917326 0.0859610086116196 0.0871472829301747 -9999 -9999 -9999 -9999 -9999 -9999 -9999 -9999 -9999 -9999 -9999 -9999 -9999 -9999 -9999 -9999 -9999 -9999 -9999 -9999 -9999 -9999 -9999 -9999 -9999 -9999 -9999 -9999 -9999 -9999 -9999 -9999 -9999 -9999 -9999 -9999 -9999 -9999 -9999 -9999 -9999 -9999
