layers/veg50/veg1100.asc
NCOLS 255 
NROWS 330 
XLLCORNER -2985163.8955 
YLLCORNER -3022031.214 
CELLSIZE 25000 
NODATA_value -9999 
[rows 125 to 149 of 330, columns 171 to 227 of 255]
0.255453786592299 0.402707307959259 0.475655168634641 0.459997540266961 0.400223506315945 0.331657875463942 0.303277350488056 0.291375693569703 0.303168584247764 0.313532993690307 0.323604644471366 0.338633253639344 0.355659270993925 0.376171120729825 0.400061030874266 0.425520648482698 0.441262148788768 0.450603197625901 0.446240056863802 0.387442366490287 0.297541979659609 0.325327748604206 0.320289460456932 0.212580593814585 0.17731299392597 0.192289044759325 0.356932233348387 0.49746597091033 0.504199922933102 0.530453849285533 0.573034014834612 0.565543321258486 0.559566373865621 0.596650417745039 0.635090856480911 0.674895146192766 0.713667098412987 0.750654408926957 0.777664817481689 0.796043233572878 0.803986319131324 0.805807362413035 -9999 -9999 -9999 -9999 -9999 -9999 -9999 -9999 -9999 -9999 -9999 -9999 -9999 -9999 -9999
0.222211078006493 0.365830347135086 0.450038947975819 0.46340353412068 0.407541995694516 0.336475473774291 0.31458288902934 0.308248154974157 0.324283660936647 0.33957373319747 0.354269782299534 0.362452803578011 0.376774386175006 0.40180884957539 0.407027130413065 0.403033585540988 0.444831966066437 0.47104436889571 0.463885189349208 0.410107692619408 0.329693521589068 0.346726788869668 0.343468079098781 0.273588034332314 0.243950740933015 0.242224924436195 0.350068871851068 0.456206944670173 0.518835535359165 0.556338811024228 0.572827617303004 0.536728862154709 0.515802241159837 0.601724286207445 0.663296227237309 0.700384211422406 0.726524116370692 0.753622310161608 0.802668747423778 0.823131274088324 0.809038330939331 -9999 -9999 -9999 -9999 -9999 -9999 -9999 -9999 -9999 -9999 -9999 -9999 -9999 -9999 -9999 -9999
0.239548940148473 0.377341883953153 0.458810831119149 0.473116452899412 0.41592239259903 0.3433544215841 0.324830229086967 0.320648048209228 0.33708788310087 0.353993829670727 0.370693249004877 0.379546074614147 0.391040114146151 0.407143541523665 0.419745128488121 0.430724494995801 0.466954929409559 0.489776583410828 0.483888314376353 0.43300904100624 0.35642290386774 0.362649716419887 0.360387763949991 0.324892354806583 0.315247297038762 0.3235314677861 0.406350368742396 0.488947963902354 0.545154983523003 0.543802695413714 0.49430859061338 0.481800728597288 0.496909431298831 0.610580269272887 0.687117645544066 0.726317437007903 0.735769207165319 -9999 0.841812627072747 0.841812627072747 -9999 -9999 -9999 -9999 -9999 -9999 -9999 -9999 -9999 -9999 -9999 -9999 -9999 -9999 -9999 -9999 -9999
0.282013633474375 0.412891299229407 0.484665638921871 0.485962452930497 0.424830311647984 0.351257382767794 0.334551889535304 0.330826110734727 0.345763535032876 0.362641157439318 0.380041902972222 0.393297942576967 0.401903282722234 0.402392325517585 0.435320488222567 0.483342237489814 0.4982945101694 0.507659842145933 0.50506281567855 0.456027637801696 0.380458728358564 0.375852284002627 0.374198208029778 0.371376471479644 0.38885820246989 0.420421966771503 0.494000238390985 0.558449870238656 0.577278592532391 0.512180201168731 0.376886321352361 0.413900145734778 0.490371909673003 0.621315087507277 0.708761254634052 0.752471307440218 0.749649880296306 -9999 -9999 -9999 -9999 -9999 -9999 -9999 -9999 -9999 -9999 -9999 -9999 -9999 -9999 -9999 -9999 -9999 -9999 -9999 -9999
0.323091226800126 0.429566256018164 0.478036883819057 0.457340394251212 0.420371894681193 0.380416531558131 0.357803283556942 0.348984700168823 0.360001116133191 0.378898193979525 0.400901826254095 0.42631666076964 0.446417313083606 0.457243772709899 0.480928401451161 0.510590853989263 0.512137058287859 0.510043857106395 0.500158220817924 0.44868547260036 0.373450769372712 0.419113896130464 0.459150359197282 0.468738570749534 0.488732426598724 0.515943405795161 0.573053604879023 0.620457410628243 0.624434341396237 0.592816490747195 0.53142765240357 0.560227817118237 0.610019662546357 0.689859414374745 0.749195167475596 0.787914211110881 0.792572294703746 -9999 -9999 -9999 -9999 -9999 -9999 -9999 -9999 -9999 -9999 -9999 -9999 -9999 -9999 -9999 -9999 -9999 -9999 -9999 -9999
0.375016608537156 0.445740704241655 0.46841418676153 0.433789907032652 0.417396894952959 0.405194041239587 0.381870966074685 0.370901230618714 0.377694049889561 0.398242416393489 0.424130998470803 0.454278244308038 0.478420624135598 0.49208344524181 0.510086927251193 0.530103733040134 0.526467137736356 0.519010262303802 0.503373675883516 0.444691332378798 0.361413596316905 0.449260451958562 0.524228152069458 0.542972431359839 0.560546990130986 0.577310256777569 0.621621578782567 0.656948357834553 0.652121742333112 0.645078144352161 0.636180292587675 0.664953083584111 0.701525449747454 0.746254975870938 0.786982250847932 0.823685274253715 0.840099474451946 -9999 -9999 -9999 -9999 -9999 -9999 -9999 -9999 -9999 -9999 -9999 -9999 -9999 -9999 -9999 -9999 -9999 -9999 -9999 -9999
0.451803504832923 0.461377302304022 0.452987116695285 0.423175851035098 0.418245552911487 0.419263709760987 0.407370857512124 0.401158213990149 0.403112998932733 0.424404509080943 0.452410078426233 0.470050626207871 0.480720161919211 0.47922404227368 0.500647440263649 0.532735387823464 0.542475431821886 0.543534051471438 0.526004625286146 0.44933328520461 0.338869564935459 0.448436217123037 0.541550036644295 0.562658233626907 0.567323538107995 0.560584418222596 0.60072352244741 0.635305128261251 0.63478709729902 0.628814769599899 0.618280542808488 0.667611351049461 0.724590488805816 0.772997647903904 0.818109608382176 0.859908256492513 0.859215565967193 -9999 -9999 -9999 -9999 -9999 -9999 -9999 -9999 -9999 -9999 -9999 -9999 -9999 -9999 -9999 -9999 -9999 -9999 -9999 -9999
0.456904117427556 0.434625352414537 0.422882604363766 0.423703487762029 0.42833443712342 0.432959174035137 0.426573315645174 0.422226590349801 0.420811882957388 0.438934008517925 0.463616906602565 0.473233467341086 0.479970764095189 0.481683233326024 0.521409588359639 0.578817721047176 0.580219165029983 0.577845734589335 0.56738981261455 0.500671197590524 0.401805325424388 0.48904977574187 0.557432550233559 0.551703672063854 0.546892011478084 0.542716512599425 0.561566671890546 0.575513439320369 0.564797758206832 0.564481501339671 0.57286318048853 0.659330823475786 0.749473547180917 0.799846779967641 0.84185445521736 0.875450587355426 0.881610210612329 -9999 -9999 -9999 -9999 -9999 -9999 -9999 -9999 -9999 -9999 -9999 -9999 -9999 -9999 -9999 -9999 -9999 -9999 -9999 -9999
0.418474540403806 0.382133729121353 0.383865482646831 0.430996714388815 0.444034280366295 0.446427409598329 0.441951772146448 0.437715352522461 0.433822898162906 0.446399827655094 0.464456920950811 0.468771539231358 0.477369955676527 0.493444361485027 0.560511129071549 0.651284687061208 0.631161347614934 0.618100937968315 0.620163169211997 0.5803643805961 0.516647132043009 0.554825679419009 0.572441032017877 0.522143307847367 0.509938877287541 0.524155107558113 0.511322501226706 0.492556793512102 0.462834815542128 0.470958666103688 0.510736249337542 0.644407911924858 0.775460564660907 0.826760557945311 0.861116406943493 0.87843496948191 -9999 -9999 -9999 -9999 -9999 -9999 -9999 -9999 -9999 -9999 -9999 -9999 -9999 -9999 -9999 -9999 -9999 -9999 -9999 -9999 -9999
0.365107564658925 0.374428278114389 0.40420000434107 0.458358459265864 0.480015309027681 0.489683886662398 0.474671671316591 0.471641812626681 0.485841081514531 0.506653953871264 0.529290626537699 0.538636761294331 0.551528547595813 0.570608126182719 0.609170462851998 0.656786504943795 0.649909665763113 0.642761718212349 0.635033292780674 0.556179896681323 0.43668726706221 0.493076837747927 0.532740705193948 0.505301861876266 0.502607698252069 0.517075893866743 0.534197735987226 0.544860005968755 0.532552668637161 0.557898511856382 0.614736959615203 0.710605189403836 0.803890748170902 0.857246473565812 0.883062599757786 0.881187741224788 -9999 -9999 -9999 -9999 -9999 -9999 -9999 -9999 -9999 -9999 -9999 -9999 -9999 -9999 -9999 -9999 -9999 -9999 -9999 -9999 -9999
0.339859587971899 0.379902223139258 0.429708353697407 0.491156925434585 0.525847085448996 0.547631387966868 0.519191860134001 0.51362887889112 0.540959505396388 0.569570322906501 0.597444363580776 0.600271056896928 0.606719486869732 0.619488491174332 0.635821754506234 0.653810265798107 0.658567858436502 0.656853375111282 0.641281344933869 0.535775460351399 0.378883362513725 0.451650596730483 0.511140282909129 0.505875815957576 0.509597530368503 0.519551860219958 0.574495099845368 0.621815219320414 0.627632201491075 0.663158941385569 0.723534515755051 0.780087660293327 0.836218308901699 0.893195075550191 0.93125511087907 0.950294429379145 -9999 -9999 -9999 -9999 -9999 -9999 -9999 -9999 -9999 -9999 -9999 -9999 -9999 -9999 -9999 -9999 -9999 -9999 -9999 -9999 -9999
0.398106901030134 0.415051959892358 0.459237585954085 0.535906117840989 0.596269295955479 0.64233582243703 0.594439133449696 0.575401195317685 0.597858525145049 0.630492206240045 0.663446435093077 0.624688182819523 0.593409584155259 0.575184310758799 0.597512992631288 0.638712841124285 0.644123793287871 0.643435187817888 0.62968664514073 0.545200939845332 0.420297585963479 0.491888912700865 0.551520890657419 0.554149580498456 0.552311865972222 0.547376352759292 0.651479971808317 0.744875113037899 0.7642028765177 0.788082211514115 0.815768418591707 0.844190391437205 0.879294207822736 0.944181906367359 0.96991710745524 0.95628458931707 -9999 -9999 -9999 -9999 -9999 -9999 -9999 -9999 -9999 -9999 -9999 -9999 -9999 -9999 -9999 -9999 -9999 -9999 -9999 -9999 -9999
0.422260776302097 0.471856614055899 0.511670630758952 0.539820353922772 0.609684019111012 0.68168949961544 0.654913899543494 0.64655315654552 0.664670670785664 0.678961506630247 0.688333044812905 0.625708099453589 0.584513729185516 0.580719522341407 0.619449681002499 0.677948988339396 0.641550614823849 0.610422478718946 0.590578598585506 0.541368445425442 0.475379054032575 0.521221328266172 0.558211016324524 0.557293961252665 0.558322876406872 0.560701473209884 0.656374684211612 0.746595615055123 0.786112092256529 0.817428812084262 0.841887367143119 0.882666788068195 0.926993987723877 0.975620234836222 1 1 -9999 -9999 -9999 -9999 -9999 -9999 -9999 -9999 -9999 -9999 -9999 -9999 -9999 -9999 -9999 -9999 -9999 -9999 -9999 -9999 -9999
0.421345782095365 0.544584106553825 0.580944825198964 0.513708688929766 0.581181195885091 0.680343822308318 0.704526456383407 0.72460196087711 0.738771927623254 0.718274435684822 0.682987498078074 0.609524072340569 0.578863518948905 0.622901587219697 0.68568478651703 0.757136554667289 0.647706087039127 0.56300193803904 0.531240016663781 0.527787376523826 0.540510032909104 0.542534646563658 0.540128565425368 0.527254752868864 0.537345969874463 0.563365220386994 0.608261576986143 0.659095388079659 0.723710855786288 0.776497986558864 0.819392058312893 0.902300167484312 0.978093702518702 0.99268456978335 1 1 -9999 -9999 -9999 -9999 -9999 -9999 -9999 -9999 -9999 -9999 -9999 -9999 -9999 -9999 -9999 -9999 -9999 -9999 -9999 -9999 -9999
0.432542626750109 0.564047129649851 0.62242559815835 0.593605218305761 0.614379357359654 0.649556301227646 0.684075356231508 0.712696834880576 0.732838337650579 0.718029673249224 0.688184830415621 0.617251110444781 0.573223138561327 0.576150480346684 0.642486696458882 0.738280503298191 0.630236252193513 0.555357147048105 0.551488883953114 0.594324586699426 0.663845901493187 0.666716334324203 0.659069998735509 0.631840217013527 0.633960171432594 0.656436449774957 0.721142854210478 0.780153095290012 0.80518884370746 0.834214940137309 0.866578508995559 0.929069403227386 0.985903048633639 0.995292437525046 1 1 -9999 -9999 -9999 -9999 -9999 -9999 -9999 -9999 -9999 -9999 -9999 -9999 -9999 -9999 -9999 -9999 -9999 -9999 -9999 -9999 -9999
0.44261170194054 0.573461521772393 0.650958603884593 0.664835426470972 0.648153769638312 0.628226805578675 0.664152880340363 0.69575814010485 0.72115060926691 0.71321398898226 0.690499647022655 0.619549741900371 0.562205445333005 0.528605354475002 0.590203190982169 0.696063564321298 0.607615218027863 0.557344373507132 0.58881646934886 0.670667443536023 0.781303793412267 0.784168246389854 0.774206118052891 0.743737547842006 0.745768196086105 0.770339579106977 0.845195733582579 0.902040421444291 0.880088381563503 0.884658081443472 0.911410201235101 0.952621199766912 0.989535713979663 0.996505536628716 1 1 -9999 -9999 -9999 -9999 -9999 -9999 -9999 -9999 -9999 -9999 -9999 -9999 -9999 -9999 -9999 -9999 -9999 -9999 -9999 -9999 -9999
0.443186141934812 0.568953354746762 0.643645222021986 0.657432497006334 0.657011001158725 0.654894314535938 0.676913334574245 0.699589440247964 0.723210352737832 0.70878663287961 0.677498069112884 0.591225534400039 0.531234788826744 0.517110437631962 0.552199578798694 0.610173486080711 0.576243700934504 0.577623212986197 0.654604470596628 0.748256453085995 0.851433718678313 0.831547946149581 0.815142462872226 0.823729427780661 0.862380061435461 0.921882186782813 0.940099217043991 0.93555596438821 0.86749445480199 0.864861418677952 0.91695186169251 0.961108036799395 0.996655977773288 0.998883290922926 1 1 -9999 -9999 -9999 -9999 -9999 -9999 -9999 -9999 -9999 -9999 -9999 -9999 -9999 -9999 -9999 -9999 -9999 -9999 -9999 -9999 -9999
0.439003790988558 0.563164513225958 0.637735287766047 0.653172726750747 0.658487318554308 0.661562417255478 0.671669691939419 0.684836438698554 0.702402322974445 0.696298024501171 0.678670537083527 0.605584000212251 0.549121397467927 0.52167051514875 0.523047237355705 0.537855241999693 0.578153218337107 0.623017911266607 0.677660531632573 0.768996308295206 0.88129774207262 0.824585119113053 0.787511280392464 0.824443568839866 0.877759071214847 0.942437606225341 0.939697900262091 0.919444107846649 0.862573817192851 0.873667355205774 0.941604908727818 0.976100297759673 1 1 1 -9999 -9999 -9999 -9999 -9999 -9999 -9999 -9999 -9999 -9999 -9999 -9999 -9999 -9999 -9999 -9999 -9999 -9999 -9999 -9999 -9999 -9999
0.430609099716324 0.556241580069025 0.633068165948764 0.651696357416664 0.653427523137843 0.650520196682678 0.650482657168781 0.65362624900942 0.661343909167574 0.676670834994457 0.692394724436175 0.657739785322904 0.610273188617815 0.540447971781169 0.501733071931481 0.477555433255151 0.609534504722293 0.690653768801913 0.662875645439152 0.739393823821757 0.87550459988263 0.76949967750265 0.6991606414754 0.754953906408522 0.803492089576286 0.846998309465204 0.854900136727824 0.859385082144228 0.864448202895345 0.907802107722686 0.983181899946082 0.996853387793848 1 1 -9999 -9999 -9999 -9999 -9999 -9999 -9999 -9999 -9999 -9999 -9999 -9999 -9999 -9999 -9999 -9999 -9999 -9999 -9999 -9999 -9999 -9999 -9999
0.452164555689334 0.548282324372742 0.612579272005315 0.638931608356335 0.628073562180316 0.606668540714228 0.588311595140265 0.594457157338314 0.635834255744336 0.656004217705917 0.664959960505356 0.605871407224186 0.568172367566092 0.567801831770178 0.554708296269692 0.535730292548976 0.637108502215229 0.704066274564242 0.697325464653356 0.735019563428474 0.79810278522984 0.732925812137601 0.698786836279288 0.76389752068171 0.816059061986399 0.859239365771274 0.896130371323757 0.925307275629167 0.93030661013885 0.954410001209523 0.994491763551262 1 1 1 -9999 -9999 -9999 -9999 -9999 -9999 -9999 -9999 -9999 -9999 -9999 -9999 -9999 -9999 -9999 -9999 -9999 -9999 -9999 -9999 -9999 -9999 -9999
0.477613263813503 0.534339342026153 0.580486217567384 0.614017965032742 0.592764528528833 0.556958807029432 0.535255579301905 0.550049526977169 0.617321840077584 0.635244237917054 0.631008560130518 0.549640543284612 0.517128736182107 0.569879700652419 0.589661416920412 0.594108079154467 0.647920669916829 0.692882377909755 0.718893207799536 0.726295602521336 0.72306554938228 0.710575750459303 0.72078251287514 0.792782781171161 0.849387145501375 0.89531325341682 0.952155537620267 0.996504431193405 0.994438817459024 0.99560307713149 0.99946875868723 1 1 1 -9999 -9999 -9999 -9999 -9999 -9999 -9999 -9999 -9999 -9999 -9999 -9999 -9999 -9999 -9999 -9999 -9999 -9999 -9999 -9999 -9999 -9999 -9999
0.495751207051895 0.491349254904628 0.504428090906686 0.53835182309045 0.525755392692337 0.507277085654132 0.56455250169338 0.604618928283537 0.619940984194588 0.61494714200063 0.60126130329967 0.564686518513604 0.513726501382033 0.437661696426381 0.467825081090082 0.547434937499908 0.578174647662866 0.607030026841666 0.631850811086039 0.673196026195896 0.723982935248397 0.742905493958002 0.776072433801022 0.851344392069686 0.908975688416173 0.954371814177704 0.969464696377827 0.981338093660108 0.99264046374126 0.998504250927961 0.999819281864984 1 1 1 -9999 -9999 -9999 -9999 -9999 -9999 -9999 -9999 -9999 -9999 -9999 -9999 -9999 -9999 -9999 -9999 -9999 -9999 -9999 -9999 -9999 -9999 -9999
0.498559856191884 0.46961736020259 0.463142854853272 0.483460215425626 0.484495432071079 0.488220790398425 0.57385718644789 0.620985653192881 0.612744542333478 0.603754585109583 0.594703007535676 0.590144206677869 0.531166656265304 0.377218713410617 0.404809858210422 0.516900592997837 0.538940079869833 0.569431340391386 0.618018935070842 0.689738694543365 0.774675660828323 0.782088221008673 0.80430845729154 0.875962504943312 0.930657957882923 0.973591306877695 0.977893457185125 0.981145802231007 0.994099987127842 1 1 1 1 -9999 -9999 -9999 -9999 -9999 -9999 -9999 -9999 -9999 -9999 -9999 -9999 -9999 -9999 -9999 -9999 -9999 -9999 -9999 -9999 -9999 -9999 -9999 -9999
0.485054022582218 0.470509887166042 0.458865306194108 0.450678287366806 0.470639504027593 0.501758167292373 0.561884765162056 0.596694478197042 0.595101682842843 0.602251701071022 0.612823989426554 0.626682751533019 0.570788707116374 0.393163614786297 0.404396084972809 0.503542259736354 0.532177887795758 0.583187502635475 0.682102700138572 0.780399400686317 0.878342705767407 0.828564361651951 0.803751873621746 0.864455626709361 0.911997779726049 0.95041133979372 0.976871091395228 0.996889914349995 0.999026766050014 1 1 1 -9999 -9999 -9999 -9999 -9999 -9999 -9999 -9999 -9999 -9999 -9999 -9999 -9999 -9999 -9999 -9999 -9999 -9999 -9999 -9999 -9999 -9999 -9999 -9999 -9999
0.451072625076537 0.456983210520969 0.453835551396293 0.439886424625043 0.451493852247288 0.475412583112239 0.547152707221725 0.588848820927942 0.587345411948383 0.593195841767833 0.599946572672743 0.568664521598456 0.510724964118773 0.406263318837323 0.43863367788592 0.534694565470961 0.564086568715931 0.598577435022472 0.643985622782882 0.75770672003421 0.910460301308446 0.85103728286725 0.805337119276149 0.82335019193975 0.853901765174781 0.893149763410633 0.95251495513185 1 1 1 1 -9999 -9999 -9999 -9999 -9999 -9999 -9999 -9999 -9999 -9999 -9999 -9999 -9999 -9999 -9999 -9999 -9999 -9999 -9999 -9999 -9999 -9999 -9999 -9999 -9999 -9999
