layers/veg50/veg2900.asc
NCOLS 255 
NROWS 330 
XLLCORNER -2985163.8955 
YLLCORNER -3022031.214 
CELLSIZE 25000 
NODATA_value -9999 
[rows 75 to 99 of 330, columns 171 to 227 of 255]
0.81841521488678 0.823767439522495 0.826025015551947 0.82459239018056 0.814980149423777 0.803849842174395 0.801273269021239 0.798444921117803 0.795254552668827 0.781068876095862 0.764025948066981 0.772685194586043 0.778236296701077 0.778363134270668 0.774004065676377 0.767561625160403 0.777439413872741 0.78413408939919 0.784013310292955 -9999 -9999 -9999 -9999 -9999 -9999 -9999 -9999 -9999 -9999 -9999 -9999 -9999 -9999 -9999 -9999 -9999 -9999 -9999 -9999 -9999 -9999 -9999 -9999 -9999 -9999 -9999 -9999 -9999 -9999 -9999 -9999 -9999 -9999 -9999 -9999 -9999 -9999
0.815113596430652 0.816504991201913 0.816275104309532 0.81411192655685 0.803748535266785 0.792127607688803 0.791685825931364 0.790565736722886 0.788470326386309 0.763208066761356 0.731766473245622 0.751196159614736 0.763647854714532 0.763921714514418 0.757330514241004 0.747551842516955 0.765301330570495 0.777287657664467 0.776934316085983 -9999 -9999 -9999 0.770899758822931 0.770668098642416 -9999 -9999 -9999 -9999 -9999 -9999 -9999 -9999 -9999 -9999 -9999 -9999 -9999 -9999 -9999 -9999 -9999 -9999 -9999 -9999 -9999 -9999 -9999 -9999 -9999 -9999 -9999 -9999 -9999 -9999 -9999 -9999 -9999
0.805596377357936 0.802720759080809 0.800283277044555 0.79836824882311 0.789190509774584 0.77877819623469 0.777076997724483 0.773546255575031 0.767384858899527 0.736920607873723 0.700580381563597 0.730110827330615 0.748952088864233 0.749138823606296 0.747289990654916 0.744498892733201 0.758531741501914 0.769745482863637 0.774923152771106 0.776805835495755 -9999 0.770962872019788 0.770899758822931 0.770668098642416 0.770573225911233 -9999 -9999 -9999 -9999 -9999 -9999 -9999 -9999 -9999 -9999 -9999 -9999 -9999 -9999 -9999 -9999 -9999 -9999 -9999 -9999 -9999 -9999 -9999 -9999 -9999 -9999 -9999 -9999 -9999 -9999 -9999 -9999
0.794696916438625 0.789113195676039 0.784170505489115 0.779992209658147 0.772020942114841 0.763912881237138 0.765357686338729 0.759333489148253 0.742569802468011 0.71416761970389 0.684474664538544 0.717739122177643 0.738158019904129 0.736159131922179 0.737071329284369 0.739343123476928 0.754109841734898 0.766057309939705 0.771968401266456 0.76424615771463 0.74873412845769 0.75624021350444 0.762922844297347 0.764470163574861 0.765305079150295 0.765645887369736 0.776286531302352 0.786170849906136 0.7899301646532 -9999 -9999 -9999 -9999 -9999 -9999 -9999 -9999 -9999 -9999 -9999 -9999 -9999 -9999 -9999 -9999 -9999 -9999 -9999 -9999 -9999 -9999 -9999 -9999 -9999 -9999 -9999 -9999
0.782075736412207 0.775725690653446 0.767907085842458 0.758337303640677 0.751598440057297 0.747159358252176 0.757237554310408 0.748616763863175 0.713109173654484 0.695817164841333 0.687153047599299 0.716221102550729 0.732223900816426 0.725425503447286 0.726630779661807 0.731568084319694 0.752612221491044 0.767169678025745 0.767838317225337 0.760493712890359 0.748570518614394 0.745458191283528 0.745009892754591 0.750552086582287 0.757334718196261 0.764977689857681 0.776286531302352 0.786170849906136 0.7899301646532 0.791642353075305 -9999 -9999 -9999 -9999 -9999 -9999 -9999 -9999 -9999 -9999 -9999 -9999 -9999 -9999 -9999 -9999 -9999 -9999 -9999 -9999 -9999 -9999 -9999 -9999 -9999 -9999 -9999
0.767405558335625 0.736973447763674 0.703911221926677 0.667712725620783 0.69713637828475 0.738305062136304 0.706576496058364 0.675163929635183 0.644205731123317 0.659983717741108 0.692863722776983 0.718723700751465 0.734351831073203 0.732123568241119 0.7368062185266 0.744705089258549 0.747512105736909 0.750495006098871 0.753854496471713 0.749559884123728 0.740891886944285 0.733939871930551 0.729717130572254 0.732564158509986 0.741393544352381 0.754372160523362 0.767022123602526 0.77861416457597 0.786706846451031 0.785756580320933 0.777242916325565 0.780268429584115 0.783796909496744 0.781266417220159 0.771112534405109 0.753293355178243 0.792216433554245 -9999 -9999 -9999 -9999 -9999 -9999 -9999 -9999 -9999 -9999 -9999 -9999 -9999 -9999 -9999 -9999 -9999 -9999 -9999 -9999
0.751717166223589 0.693607641165718 0.632779836702907 0.568710630793842 0.63881915430908 0.730525332224111 0.649366712413303 0.594168867363949 0.5762993637442 0.626624973599972 0.699919587300391 0.722026587126989 0.737789322073787 0.74248018693314 0.751304114650519 0.762042233905952 0.741639021864381 0.730176477283653 0.737857051375369 0.736313538926136 0.729499587650354 0.721488321382527 0.715274649211405 0.714014274796498 0.7239511788884 0.741654266200778 0.754468693953098 0.767071911613431 0.780635296746166 0.78242961022457 0.774380433352727 0.773257884591636 0.773948014969263 0.777855499458679 0.770821830120233 0.75278686329418 0.791266815039534 0.834210981780152 0.824319991626321 -9999 -9999 -9999 -9999 -9999 -9999 -9999 -9999 -9999 -9999 -9999 -9999 -9999 -9999 -9999 -9999 -9999 -9999
0.731705238122636 0.686935143382883 0.648158528018565 0.616528813256264 0.656119719697872 0.70722912421159 0.667120991481879 0.647606209687191 0.657702086354961 0.682396171673597 0.711548792381289 0.72029192108486 0.727793425891058 0.73312807626264 0.742443193666367 0.753603437234559 0.739648464399611 0.730976338453879 0.73361546699463 0.722095280589481 0.702484775114046 0.701078108487171 0.701260605738162 0.703364928505089 0.717459441835085 0.739870084544605 0.737209777563711 0.736983343886594 0.753690352896662 0.754041176880327 0.740711911711419 0.687101495135858 0.652909608749932 0.735936881237846 0.767249207505133 0.746562309844151 0.779596438103707 0.818640794327539 0.818812688618308 0.818906764422301 -9999 -9999 -9999 -9999 -9999 -9999 -9999 -9999 -9999 -9999 -9999 -9999 -9999 -9999 -9999 -9999 -9999
0.704738240675615 0.672808326880723 0.65361871182861 0.649621215252426 0.665622093875247 0.684827723475649 0.678128561330722 0.68324394535353 0.705347166497431 0.711994119575583 0.71281378703977 0.712419851662658 0.714818061646711 0.722089061668663 0.732262850342559 0.74378136173538 0.734404149936093 0.727941568254447 0.727719584433381 0.711041527984885 0.684960835977509 0.688592979469666 0.69289303043773 0.695186535187243 0.710844810420539 0.735772593080442 0.727098471523722 0.721776715987328 0.739458770305878 0.738234750455947 0.72119794909661 0.626323174487417 0.562541048242087 0.696091367437752 0.742984198345538 0.702743183666042 0.747860258658247 0.802146191378659 0.792220068966301 0.79505147944432 0.813305641164966 0.837349440076453 -9999 -9999 -9999 -9999 -9999 -9999 -9999 -9999 -9999 -9999 -9999 -9999 -9999 -9999 -9999
0.667312398845141 0.647471908347182 0.644163713437636 0.66056938853452 0.66339775990718 0.66377190961933 0.678990613095047 0.692115115965197 0.702228420751123 0.702233444732971 0.6984933635562 0.695318521728918 0.69736225425343 0.708513326770745 0.72009839553979 0.731879149104725 0.724266924069652 0.719140383549623 0.719336013198895 0.704746473152421 0.681709014488136 0.688025376342992 0.693016460617919 0.690723893840142 0.704045373803378 0.728196409156348 0.727735547798597 0.728949145008394 0.744345195082017 0.741348804311293 0.722969227909085 0.603707704445006 0.518292968724466 0.659363331760207 0.687602540304 0.602390360085223 0.685949670384493 0.784261477513552 0.733919922820678 0.736277610840563 0.802344114508241 0.837349440076453 0.860828269160077 -9999 -9999 -9999 -9999 -9999 -9999 -9999 -9999 -9999 -9999 -9999 -9999 -9999 -9999
0.637616001674847 0.606185227350728 0.59590709048194 0.610852331870421 0.622095957457691 0.63308439854259 0.652197015844195 0.66585060869373 0.671654808353275 0.673962591548038 0.67495871258794 0.675815347641593 0.681458284187838 0.695454167738872 0.703785601893067 0.709475184638023 0.702011183210694 0.696879824036622 0.696742951870376 0.690896062694419 0.681786596219925 0.684894024904958 0.687376049656736 0.686629490745794 0.694767785774054 0.709068417796703 0.716934658813695 0.723266606480847 0.726572532642806 0.720995440416852 0.707988713267204 0.58020167310524 0.486421608000571 0.629899672315634 0.682014178130322 0.642262898818279 0.689806887590959 0.744664196239927 0.720593843419449 0.735540546689003 0.797655488164715 0.808314703259154 0.806367315839011 0.832129392599868 -9999 -9999 -9999 -9999 -9999 -9999 -9999 -9999 -9999 -9999 -9999 -9999 -9999
0.613070848602355 0.563545413093282 0.538541603403136 0.542778508721708 0.568071327189348 0.598137385496094 0.614709069168084 0.626013583142369 0.629744567025574 0.638229617598349 0.648370718241332 0.656073889843123 0.666779623896228 0.682725363217121 0.686081819717773 0.683574452318999 0.675217892010582 0.669226048573946 0.668297368027716 0.673657791291921 0.68261166923151 0.680535525080363 0.679526868437395 0.682776002168951 0.684854861789194 0.686122045325726 0.701841742250316 0.712395019253344 0.700336290451302 0.691334120284256 0.68488841389891 0.556437179676453 0.461113101662508 0.60427804316868 0.694779683641124 0.732328532253904 0.717338189200764 0.697635659723859 0.723440559438827 0.755037454341608 0.793636369286015 0.768707839245666 0.735036558509591 0.805601358131347 0.847731541073799 0.848396879528913 -9999 -9999 -9999 -9999 -9999 -9999 -9999 -9999 -9999 -9999 -9999
0.645846378095054 0.655017999719994 0.649157464466347 0.625371893633948 0.58665775644582 0.550516693310953 0.582622202928586 0.593428457944363 0.573609053468856 0.59783257905578 0.637451677744235 0.655588212727519 0.668808443584325 0.673448849728572 0.674987729045865 0.67507575389329 0.654835413489886 0.639071742381721 0.632893195868715 0.64521020079977 0.668095154331098 0.670263447299478 0.673349901497433 0.681531009077028 0.684212716490994 0.683080162317823 0.692546693304769 0.698100747448088 0.686649843347286 0.65991166357476 0.620387415794839 0.535184130388655 0.481729917043917 0.60534068741874 0.673305848723078 0.685319516346333 0.684191667233302 0.681100538737251 0.68435100692001 0.703107857271414 0.740610579329763 0.752606093378093 0.761490284405673 0.816322987236167 0.84878478704805 0.848624166618792 -9999 -9999 -9999 -9999 -9999 -9999 -9999 -9999 -9999 -9999 -9999
0.680864100989802 0.700574644400277 0.700625881484267 0.677234457065847 0.60286526296093 0.524649123853205 0.55504105050174 0.562131639765673 0.535717825341688 0.570830614723927 0.62718788796046 0.648118094639098 0.661803236253444 0.662844451315747 0.663983246686222 0.665157413857981 0.635812244150137 0.613831591997756 0.607619318900627 0.625539552382559 0.657248565825694 0.65774636979048 0.659237013122479 0.667360446586659 0.669416017341222 0.66726305353706 0.675467932147445 0.680956588740178 0.673608004346775 0.641876615330282 0.589751782457828 0.525816179360228 0.49153357957501 0.600324793832339 0.648436294753067 0.63553452519234 0.633188010211277 0.63434809883417 0.642812526135087 0.663331534348419 0.698423485805857 0.738331481591041 0.779504371653064 0.818956018623728 0.839694438874982 0.833144253672961 -9999 -9999 -9999 -9999 -9999 -9999 -9999 -9999 -9999 -9999 -9999
0.719982845150378 0.662150016907242 0.643912316685956 0.672889669119413 0.614721667228051 0.538568496423568 0.535700948176337 0.533191163585984 0.531195798309297 0.568328537041127 0.618122566206841 0.62787327971442 0.638274593929394 0.649811322041416 0.653142659909296 0.652642517956662 0.619275281331557 0.597579541148306 0.600873975630416 0.621922124916473 0.65311435377104 0.64112313818329 0.630609149126297 0.62954873212096 0.628730326501211 0.628079774593483 0.644152589400687 0.658599923928959 0.661745167807955 0.648327432916624 0.621056649417412 0.538186335608166 0.48155974666381 0.584191120258864 0.617355895620389 0.580672213987105 0.549523258683064 0.532327515086125 0.596794901450891 0.645783818325041 0.676060607500076 0.727398738401442 0.782082173367489 0.806794826096946 0.823845816998819 0.829724172103333 0.831341775897248 -9999 -9999 -9999 -9999 -9999 -9999 -9999 -9999 -9999 -9999
0.705427044261011 0.615707448088837 0.596458627500936 0.661242402488837 0.611186410261789 0.535300090475152 0.535013219775969 0.534056875626972 0.532137912536806 0.562092147387438 0.602200561272386 0.606400366388052 0.611544936816826 0.618338290675683 0.616989779724982 0.611845850688852 0.593493424215559 0.58419234680246 0.594271371598046 0.617073641624076 0.647145692279825 0.617366603681611 0.598128834511986 0.614676919289852 0.620667314476202 0.619335131082162 0.630290586120027 0.641542060388675 0.649578209575401 0.632210803083678 0.593596210532827 0.520886821780971 0.473918664382362 0.568384219596791 0.594503192542476 0.551899881199936 0.524290424195997 0.513432037157416 0.588568628631951 0.635540258595378 0.648462891869825 0.703876695971337 0.767883320230981 0.790350521686171 0.808527592530437 0.820448570647354 0.812791692180076 -9999 -9999 -9999 -9999 -9999 -9999 -9999 -9999 -9999 -9999
0.664614229456224 0.565342588047331 0.553534770522356 0.646022841314392 0.600121717083066 0.523623606930125 0.543450033395466 0.549503456460564 0.53575302628324 0.554028972219444 0.582924340190868 0.584326680446048 0.583249377473184 0.577844656240797 0.568454396072579 0.557214043064814 0.563189063592767 0.572206609646626 0.587738594075632 0.61162293897552 0.640279637725695 0.590120533624684 0.563763942219476 0.611027061221051 0.628562968347789 0.625480742781527 0.624966570013836 0.627076313811405 0.637262478259871 0.605054419110805 0.537388411948059 0.489073222379247 0.467418738783093 0.552737172751342 0.575675390460013 0.535890487078365 0.527641859168998 0.535200472787515 0.59882948133751 0.628869814078263 0.618304349755704 0.674196102871901 0.745477506803235 0.771810964707635 0.793468832806542 0.808308511430349 0.806340259660477 0.798348591978745 -9999 -9999 -9999 -9999 -9999 -9999 -9999 -9999 -9999
0.650542482902081 0.559687571376459 0.553741866884452 0.649045808024416 0.600927997349118 0.519125732265471 0.517699118003997 0.515310921442445 0.511540090011948 0.511939908297584 0.513785420907713 0.513345229100588 0.512527853797272 0.511052226238088 0.519182576325264 0.531786018510427 0.545302053486381 0.549117247746336 0.532161694647421 0.545216128203978 0.575417603708925 0.58148114359133 0.585727545619654 0.588200270990804 0.593424765989028 0.600557827170668 0.608328656100444 0.612019193119238 0.601557767482927 0.570952490955046 0.523499173418338 0.469032607871248 0.434831346849021 0.497643806257822 0.516528263130454 0.491243244686319 0.489243825878882 0.505270795397973 0.603526426219186 0.660395664845032 0.667232343324361 0.706293850527315 0.752192183867534 0.769873783167624 0.782680781055522 0.788379380339914 0.787801171837798 0.784286296141166 0.768403400294046 0.766024190726408 0.78756060000146 0.794475895486581 -9999 -9999 -9999 -9999 -9999
0.633850782910655 0.558674965589037 0.557193270037021 0.643587836377046 0.595734194534046 0.515360204078387 0.500465265378741 0.490445464363564 0.487435500522905 0.475312056314781 0.460362379945289 0.457270955369823 0.456510490061375 0.45981796306769 0.479698632725963 0.507291184210396 0.519641355087323 0.518148586645994 0.487016305125201 0.493118500506997 0.520495651612861 0.563732765248887 0.590800106231478 0.572662124113392 0.568191951502254 0.573201467441237 0.589279496028252 0.596924648235591 0.571967980421251 0.544620859151612 0.515274395350034 0.450765191272915 0.402776970120894 0.45516187248717 0.474013956292038 0.459148891211521 0.465453703014867 0.489991520939094 0.601137180854803 0.672759259724373 0.696600755629333 0.725827341179641 0.754686372700846 0.76332848160254 0.768865219577578 0.769873543331264 0.771813737233588 0.773646666661881 0.765180391510458 0.767183797012355 0.787729464732679 0.790031730049075 0.783705479091697 0.765241521939019 0.757619795996309 0.773661673845781 -9999
0.610623754676253 0.567049546651175 0.566921781748874 0.618601554849008 0.576749180939101 0.513072526798248 0.503220760342012 0.487760962766278 0.464237519082134 0.451789787569622 0.443509296659412 0.43592319896864 0.434608218832053 0.444237453695712 0.462268547473732 0.484201886667641 0.476183358762375 0.469704967984589 0.466524208835794 0.474687982123314 0.48933377007494 0.52503342031387 0.556502984379448 0.573990217920899 0.566284800475979 0.541106320871299 0.565071102777083 0.581759929480383 0.556702236676882 0.53594858702012 0.518794780105958 0.436209580367177 0.372543846449805 0.442012532059677 0.469906742040765 0.455997940979386 0.475545867921763 0.508927111326257 0.582926656235225 0.641071574090738 0.680049622364867 0.715602650659656 0.746985144238927 0.746013150020995 0.748131854972128 0.754757579020718 0.761858914602422 0.768723681398111 0.766270246891503 0.770954128690768 0.788278509743212 0.789742311855028 0.783704593117247 0.765241521939019 0.757619795996309 0.773661673845781 0.779549301380401
0.598701621057819 0.594252854212939 0.593358110641017 0.596701347960997 0.559219814653158 0.512540443407107 0.492585182112407 0.474096211871707 0.457715584452123 0.450510303850599 0.446456110981569 0.436766878494016 0.431526382700373 0.434049723326145 0.445355190517222 0.460745302111856 0.462366604918092 0.468235931657129 0.483200823869904 0.494768565836824 0.504395251366785 0.524321722693708 0.545903494084327 0.570591967352023 0.561092208769583 0.527880253301913 0.536836059587213 0.541994198915299 0.519681923276381 0.507479998881701 0.503734233803007 0.422944181388452 0.359618126618866 0.431217221668115 0.465781187363641 0.463106441135135 0.482853072542699 0.512339404898939 0.57206076202039 0.619991623932026 0.653668799318932 0.673486323403545 0.68897101260864 0.702298006980445 0.712029843403889 0.716519032566862 0.732669347556959 0.752543757343438 0.756712440649175 0.763406089023199 0.774571560935958 0.765477156303727 0.746800510891921 0.745768607294609 0.750112357893606 0.766030165373457 0.770877489667552
0.593545420987429 0.632725078170509 0.629794000308812 0.576648144220562 0.542561647374076 0.513059075833655 0.473935100922993 0.453859826334789 0.461174196160537 0.462543036699937 0.46125308366653 0.450892042360052 0.439708500594063 0.427089549303549 0.42875109334862 0.437068897769366 0.466290014402916 0.494880992215603 0.522122761786206 0.537897887862631 0.547121227720051 0.546345477822997 0.549486940101907 0.564365018855206 0.553933294149718 0.525947252936373 0.506191082750723 0.487504862622378 0.469641588225099 0.467163395954204 0.477553075669889 0.410450969011868 0.357050817746153 0.421830788699498 0.461644656016076 0.476355180711234 0.48849348973493 0.506461068327666 0.565590599295457 0.605260360404783 0.621404946831452 0.612282980989398 0.600844812621206 0.642782683922276 0.666729759000303 0.664441714540574 0.691967864041534 0.729626601107401 0.740782052137565 0.749084050039367 0.752332457685068 0.726862619246876 0.687810015477818 0.714641232264101 0.738111748554509 0.753831230052045 0.763224035218382
0.599861033948631 0.621386360361132 0.620149990886307 0.59177152783779 0.551678123956471 0.509341588766754 0.478576766779412 0.464549188214061 0.474587668646845 0.479975596355055 0.482951388513826 0.471975946509109 0.462253701790091 0.454718509125814 0.460958573473768 0.473603820952161 0.459162457657426 0.457694949696905 0.484006134254554 0.505734410499568 0.524844114401163 0.527462275232642 0.530846258280918 0.538379101494327 0.536952260854775 0.529311182857698 0.506953583214663 0.484528536025394 0.466934668954995 0.465623061251476 0.477929712291341 0.415618890903451 0.360126046792622 0.389502852260761 0.41776460452668 0.44490517412895 0.466364371257173 0.491772817956701 0.550749121734345 0.596910882745517 0.627580972516368 0.616400845023924 0.595401699330444 0.601397121881347 0.615270594388189 0.640632251173045 0.674656215539321 0.71033412761253 0.70949486409965 0.701268764315037 0.679960254507575 0.652534497633791 0.622215488465628 0.685866447564867 0.734552858780122 0.750061242061959 0.766348678509445
0.605909063575391 0.608060797017715 0.606195025540918 0.59953859632986 0.556955261308372 0.506649553281286 0.483525721860657 0.473922290783859 0.483759501403503 0.488307658304256 0.490392602157782 0.482387228733784 0.474834783648542 0.468072779035228 0.475589057812608 0.489734594230061 0.446021127190641 0.424558237760195 0.450736696088679 0.474624480341457 0.497203424143316 0.50337839935649 0.508799275980492 0.514298816228686 0.520078932348874 0.526053649650754 0.508385087903394 0.48933137358576 0.473679588316312 0.471530000777772 0.480673466504177 0.42285959849521 0.367084075364386 0.368955835477612 0.383195955942968 0.409872425792349 0.437376486339828 0.469305637620143 0.528471333826115 0.581106955323554 0.625848282627055 0.617042657376532 0.592835254965685 0.574028887059228 0.580393764386015 0.623464667361769 0.657552569212629 0.68661403889602 0.679576089535459 0.661347800672184 0.623300931257767 0.594086117575399 0.569048569456085 0.657172230771622 0.723845817910543 0.743106528213173 0.762555094461934
0.609267526576203 0.597527753608402 0.587844772550846 0.58061440481199 0.547051482364699 0.50756566931343 0.485414258456583 0.474366018573132 0.479282747410938 0.470047495720802 0.456436452378373 0.461506866733617 0.456875057238701 0.435311142281055 0.432386231232526 0.438131513305743 0.417772360088871 0.413612342724908 0.444136758193436 0.459183981976286 0.46538788109777 0.471516154919086 0.480887250512846 0.498928112539857 0.505165810852073 0.503217097445173 0.506408414554737 0.507400645944425 0.499116030267034 0.491914523254527 0.485618913495788 0.4329715991025 0.384047916018009 0.385523194874742 0.381605943021361 0.372266517648958 0.39371577213703 0.42637183683262 0.486619841517836 0.543190379543812 0.595315179198908 0.596860180291844 0.584444285158394 0.58316051008978 0.593350989588026 0.620273826922811 0.637091775420389 0.649787970926866 0.656108541874884 0.649352502010659 0.619437212629874 0.586472723652816 0.552066065734027 0.628308669641756 0.691543147758836 0.7257431551114 0.753941537417071
