layers/veg50/veg2300.asc
NCOLS 255 
NROWS 330 
XLLCORNER -2985163.8955 
YLLCORNER -3022031.214 
CELLSIZE 25000 
NODATA_value -9999 
[rows 125 to 149 of 330, columns 171 to 227 of 255]
0.240174671594071 0.400144521869796 0.487130009922321 0.48708558602609 0.41620891273377 0.329579720562699 0.291346950917203 0.272061274619359 0.28001914463624 0.288959562522175 0.298527779564908 0.313480607744625 0.330950818802476 0.352814310518547 0.378580079264781 0.40616070776429 0.427248269380777 0.440629324350051 0.437509757643854 0.362138258970208 0.245483606041239 0.28113015874803 0.282146308415566 0.171252378517938 0.142337461470005 0.170281363610788 0.343928500652669 0.491344784537507 0.499080831990331 0.526473991595816 0.570308090594959 0.572172815388291 0.575242549331079 0.614116470750665 0.65348130021754 0.693339736259396 0.726308302134898 0.757730572949064 0.789156137664435 0.816344445149818 0.83841027599566 0.843469120285016 -9999 -9999 -9999 -9999 -9999 -9999 -9999 -9999 -9999 -9999 -9999 -9999 -9999 -9999 -9999
0.214113196570158 0.37841731445515 0.473431610434831 0.485821534348032 0.412560137936144 0.321000976036697 0.295354798846526 0.286149596806157 0.300584457108562 0.314852348591519 0.328743677743116 0.336154393942922 0.350915496516594 0.378504330051354 0.383332372135276 0.377580776936691 0.427550511127841 0.459766812047017 0.45397072949962 0.385484290354087 0.281177969424244 0.305645113659256 0.309030904960443 0.239691284331735 0.215148246679261 0.221675122205519 0.33026279753795 0.436390167605647 0.499014542916773 0.53625552533454 0.552266185570491 0.518375619855163 0.499265091287652 0.583282489847293 0.64376441052071 0.680581478490934 0.719457753148674 0.758752927975094 0.797769259000257 0.825675481520883 0.840150546056933 -9999 -9999 -9999 -9999 -9999 -9999 -9999 -9999 -9999 -9999 -9999 -9999 -9999 -9999 -9999 -9999
0.235337078102286 0.387479813852045 0.474561323997548 0.48406083488819 0.412185020421188 0.323506830202772 0.303182785536469 0.297449438116986 0.312695685240805 0.328720495683354 0.344690388968205 0.353535478592828 0.365456319569732 0.382744893458002 0.395537278819132 0.406247074974 0.450169446510786 0.478414682826156 0.473093156782689 0.408394023801588 0.309767840847306 0.32185378762064 0.325490093733538 0.292438553259243 0.287465262418663 0.301966420751874 0.382876223620841 0.463270579765074 0.519064806662478 0.51768403305009 0.46848287204237 0.455558721328874 0.47001746081818 0.582490807056516 0.658710581503279 0.698477497819878 0.708640112937364 -9999 0.823359900148748 0.823359900148748 -9999 -9999 -9999 -9999 -9999 -9999 -9999 -9999 -9999 -9999 -9999 -9999 -9999 -9999 -9999 -9999 -9999
0.280050832416783 0.411837667851001 0.483057176139323 0.482053416484864 0.413436152525643 0.331519163162381 0.312908496596782 0.30736405013479 0.320607191088951 0.336615181636098 0.353548618459221 0.368287316154379 0.377302742807453 0.376330044019084 0.411444408836433 0.463351492785523 0.483874610963584 0.496819327373125 0.493537711124887 0.431087018204124 0.334828424886766 0.333936163357433 0.336770268957836 0.337390712219269 0.359536989069105 0.396613105122221 0.468415029279392 0.530804051613655 0.549108338958126 0.485027652276111 0.352041301608555 0.388261119022907 0.463983733865608 0.596623189814837 0.685908582650148 0.731601594543145 0.726240269623002 -9999 -9999 -9999 -9999 -9999 -9999 -9999 -9999 -9999 -9999 -9999 -9999 -9999 -9999 -9999 -9999 -9999 -9999 -9999 -9999
0.307667863302306 0.423035899674141 0.474575667507463 0.450003670826623 0.410680476249723 0.368716743074875 0.343135894017543 0.331860626914578 0.341154994287035 0.359577660692855 0.381644555418262 0.408608366172897 0.430018498432152 0.441736474393827 0.467160588469877 0.49895767235744 0.503577850403811 0.501310576696096 0.484296383157549 0.424630547942532 0.340594508988661 0.389191075712157 0.432372794307959 0.444175014821676 0.464551374227806 0.490874565585627 0.545210239655957 0.590347016917084 0.59443873280159 0.563527241322903 0.50333954658646 0.534886471028576 0.587339096787004 0.668332309039465 0.728959667052012 0.769109219468593 0.773896425223922 -9999 -9999 -9999 -9999 -9999 -9999 -9999 -9999 -9999 -9999 -9999 -9999 -9999 -9999 -9999 -9999 -9999 -9999 -9999 -9999
0.351088683186879 0.433205149907714 0.459960701362541 0.420701349977376 0.404768779182885 0.393970649394101 0.366709928347318 0.352652413508667 0.357579454941211 0.377811525933153 0.404122626104019 0.438002957980435 0.465737733538592 0.482747420775249 0.502534636185292 0.523606886100183 0.519647997157041 0.508969074059635 0.483901693740067 0.421985226107298 0.339014005829243 0.428530132041364 0.50506753953167 0.524941802022282 0.540587603042565 0.553300637274978 0.594669963334603 0.628000355884059 0.624025084898657 0.617559196410934 0.609010189554124 0.641386845235005 0.681518807121014 0.727254229961303 0.768816929054129 0.806183966884745 0.822590038683242 -9999 -9999 -9999 -9999 -9999 -9999 -9999 -9999 -9999 -9999 -9999 -9999 -9999 -9999 -9999 -9999 -9999 -9999 -9999 -9999
0.431214416836405 0.441443698956123 0.4318601478679 0.398650862759155 0.391765832088118 0.390961690821468 0.374403285329923 0.364499518066215 0.364164286801213 0.384742840574652 0.413129625912802 0.441578132713253 0.461258645128195 0.465637448581887 0.490090588532422 0.523881026089201 0.52785701660701 0.524320990588496 0.504700771230504 0.428996535351243 0.321247134142024 0.430069048580586 0.522642688806806 0.544198234183036 0.549269668069204 0.542908089015602 0.581874546442967 0.615833026701552 0.617101431627294 0.612039795109147 0.601683798619399 0.649210007197282 0.704789899838366 0.755070182633668 0.800857577923068 0.842127388247625 0.841449791752019 -9999 -9999 -9999 -9999 -9999 -9999 -9999 -9999 -9999 -9999 -9999 -9999 -9999 -9999 -9999 -9999 -9999 -9999 -9999 -9999
0.438038833706759 0.416549517143329 0.404277743729997 0.402997392921463 0.404534245715724 0.405677852055827 0.394851884028259 0.386897533856799 0.383072210371683 0.399726530276762 0.423617804306945 0.439130966683435 0.450923310739697 0.456222165346658 0.494489293384363 0.548089351652485 0.547259446989606 0.543319457134708 0.53272037497233 0.46938227262069 0.375910261784376 0.458106641732187 0.525177119601498 0.529444510562372 0.529438337312538 0.526468115017693 0.544680417050399 0.558238891260321 0.548620994571655 0.549260879552737 0.558480232638589 0.646195615293066 0.737563906077352 0.788765697488482 0.828994898077454 0.858191191374972 0.863544133983714 -9999 -9999 -9999 -9999 -9999 -9999 -9999 -9999 -9999 -9999 -9999 -9999 -9999 -9999 -9999 -9999 -9999 -9999 -9999 -9999
0.400352361548786 0.371536088209622 0.377009976348038 0.423373030921535 0.4329518485752 0.431157269332633 0.423045870851734 0.415702398250884 0.409463106850579 0.419599878016218 0.435005401409249 0.4330268439555 0.437031877684661 0.451479341780261 0.509115452811666 0.586831275313183 0.573458872211622 0.564532224737032 0.565124511718792 0.530034023210229 0.474555186809614 0.502235073437812 0.518578348148183 0.494038739525105 0.49229276649447 0.506355951927114 0.49267061404811 0.473060155417096 0.442761322157707 0.451712167261548 0.493490905810713 0.636600316268951 0.776108383404621 0.826031469350092 0.854761992990486 0.862183458545155 -9999 -9999 -9999 -9999 -9999 -9999 -9999 -9999 -9999 -9999 -9999 -9999 -9999 -9999 -9999 -9999 -9999 -9999 -9999 -9999 -9999
0.363673154522318 0.3697673431868 0.398571637739726 0.454456507577722 0.473497036898255 0.479318292143083 0.460813606373912 0.455093874375488 0.467757304046983 0.480750811130907 0.493487294315897 0.498382807920161 0.506503463017025 0.520252563378424 0.552660978738851 0.593743138564637 0.590810888302027 0.58675065835203 0.580275278849686 0.511478798284255 0.407073420371856 0.451780516119574 0.484575768165265 0.466538763000531 0.467302194335934 0.481105190097296 0.507488709857945 0.527344251096981 0.520582429837039 0.55093539067116 0.612330646949204 0.710773617239607 0.805222151198682 0.854768343495117 0.878784659890068 0.877130762335679 -9999 -9999 -9999 -9999 -9999 -9999 -9999 -9999 -9999 -9999 -9999 -9999 -9999 -9999 -9999 -9999 -9999 -9999 -9999 -9999 -9999
0.345167140470971 0.374106373949616 0.416403244724595 0.47462837687409 0.501802488506103 0.516293005687673 0.495085117313196 0.492781772454471 0.517660792583348 0.534919968402416 0.54877558591237 0.551087603089466 0.555775100414708 0.564608232907122 0.578416823427352 0.594538759396468 0.600482907703856 0.600776864326999 0.588973034022344 0.497105093478365 0.359490292977555 0.420268792605872 0.46887306079384 0.459657994272116 0.46118263200573 0.470156089640532 0.540423716952126 0.602839457223435 0.617363004281088 0.659572123806997 0.724937076982034 0.778794022965412 0.831170901194263 0.885151084246332 0.920116495836 0.935962611526181 -9999 -9999 -9999 -9999 -9999 -9999 -9999 -9999 -9999 -9999 -9999 -9999 -9999 -9999 -9999 -9999 -9999 -9999 -9999 -9999 -9999
0.378676602665198 0.388090694602317 0.414602620966651 0.461502791872526 0.492736352741376 0.516994324128474 0.517565747337325 0.523642874979072 0.537636515774612 0.56149615060179 0.586289425326715 0.554402469394789 0.531800240432964 0.525401510656308 0.547792922592673 0.583579988373458 0.589711329815615 0.591088596054466 0.58228677597866 0.50920857695351 0.399404278087392 0.460441948575417 0.51073873432443 0.51055851138327 0.507046869812755 0.501224630408674 0.613190966957713 0.713788326830956 0.735053745233634 0.759308877957078 0.786064566793256 0.813841654916472 0.849751107266451 0.921819030337115 0.952294247920821 0.940948124394127 -9999 -9999 -9999 -9999 -9999 -9999 -9999 -9999 -9999 -9999 -9999 -9999 -9999 -9999 -9999 -9999 -9999 -9999 -9999 -9999 -9999
0.410765703299095 0.439576616449575 0.456745932335102 0.460033271944488 0.492200519326385 0.530253695235996 0.543287786541573 0.552623991027084 0.556643097580975 0.572941447014871 0.590605928240063 0.541935550943492 0.512446752749695 0.516433220157453 0.551174553311649 0.600210553376638 0.571637535447815 0.550061385972241 0.54346643154979 0.503497794761158 0.444460174767869 0.483438225703045 0.514895900100946 0.513766959644546 0.51471631621513 0.51710713335922 0.615549868376261 0.708244640367246 0.748276990619151 0.77827797455475 0.79988886108636 0.840777799789371 0.888071752591613 0.950490549607021 0.982392004795599 0.98360836394678 -9999 -9999 -9999 -9999 -9999 -9999 -9999 -9999 -9999 -9999 -9999 -9999 -9999 -9999 -9999 -9999 -9999 -9999 -9999 -9999 -9999
0.441810413549375 0.518637426798306 0.531201173669951 0.467134444587706 0.497937008390573 0.552746989457466 0.571393230557412 0.580222754966789 0.574937070731186 0.573261018786997 0.570512464021295 0.51786430251278 0.496491355329107 0.529699217194585 0.579560416147561 0.637127528573478 0.54819442886871 0.485990684448857 0.481017926697284 0.484688201481556 0.493296913698501 0.493804361615851 0.491326039197159 0.481907479096133 0.49430117207279 0.521823358437337 0.566137584031617 0.617044098126878 0.684685394757111 0.737858696240681 0.778931164727692 0.861749576618328 0.940907522445641 0.973282304520947 0.987829402047681 0.984450816020404 -9999 -9999 -9999 -9999 -9999 -9999 -9999 -9999 -9999 -9999 -9999 -9999 -9999 -9999 -9999 -9999 -9999 -9999 -9999 -9999 -9999
0.461130464418028 0.543138938309379 0.573147059264162 0.541147566539539 0.547320395903883 0.565278415958563 0.589620322715342 0.606996342475609 0.6143562895048 0.611342493321473 0.602753580607783 0.559033435651687 0.530448042897347 0.528275483364558 0.585105563102641 0.669349221130278 0.572936245967005 0.505735492344053 0.50108186130241 0.539904561598297 0.603568675046591 0.605105129767958 0.595262610267424 0.562957089313499 0.57144003307629 0.608212948378081 0.686279353336776 0.755140652275075 0.778367920360889 0.804419334857073 0.832832826733246 0.891928648319739 0.94984556023807 0.980235394574792 0.995381108666811 0.995198905394051 -9999 -9999 -9999 -9999 -9999 -9999 -9999 -9999 -9999 -9999 -9999 -9999 -9999 -9999 -9999 -9999 -9999 -9999 -9999 -9999 -9999
0.475786517399269 0.556894718539049 0.602755556598546 0.606585816985504 0.593445187498356 0.579432504779608 0.605601217979988 0.629015322217028 0.648468643895251 0.645187016735465 0.632189250781142 0.593800442284339 0.55745771169779 0.524685750812747 0.580680339543687 0.677946370806965 0.591581693379938 0.535305377148875 0.543452111160567 0.61316203541276 0.71804780354818 0.71862758851107 0.703991520835698 0.66202622272293 0.67223473811112 0.718629849618438 0.812690456416923 0.882462628448852 0.852905515674361 0.853428678952295 0.879110573160877 0.91913137203674 0.95875735513539 0.986227353540016 1 1 -9999 -9999 -9999 -9999 -9999 -9999 -9999 -9999 -9999 -9999 -9999 -9999 -9999 -9999 -9999 -9999 -9999 -9999 -9999 -9999 -9999
0.478281244741975 0.554709613188604 0.600849904241199 0.610873298079036 0.608342799525811 0.603974443208028 0.61758072199123 0.633757575710423 0.653630594115097 0.646755358301082 0.628269409999885 0.576210044770169 0.536809770725606 0.519501861309982 0.549282531977461 0.600960450192134 0.566482586842064 0.564572317261094 0.632393453654933 0.720888833443901 0.821197018177348 0.796133728963568 0.774589326830731 0.778434918889182 0.818011493817562 0.882370283410582 0.888012536500976 0.869269984334414 0.787457297716651 0.790417494604024 0.86428057026165 0.931255237518505 0.986820283691824 0.995598740726952 1 1 -9999 -9999 -9999 -9999 -9999 -9999 -9999 -9999 -9999 -9999 -9999 -9999 -9999 -9999 -9999 -9999 -9999 -9999 -9999 -9999 -9999
0.483162019165591 0.558252341791965 0.603940153194468 0.614567057233551 0.615210429188387 0.61375079376887 0.620267350621092 0.630356255957787 0.645581750828472 0.643675738942476 0.633683232230938 0.588779912669593 0.552430232281275 0.531008172900734 0.536464594079721 0.554439003528135 0.580521942644553 0.615303228606812 0.668708793645916 0.757318316852605 0.866042602334236 0.804526624554459 0.763711053831726 0.799893144977565 0.851342506846507 0.91338090797531 0.892007129918084 0.85361598489661 0.785805278113507 0.805576994375416 0.898601449801132 0.956830063828834 1 1 1 -9999 -9999 -9999 -9999 -9999 -9999 -9999 -9999 -9999 -9999 -9999 -9999 -9999 -9999 -9999 -9999 -9999 -9999 -9999 -9999 -9999 -9999
0.490155739578271 0.566867310534904 0.611454484857788 0.617735050404778 0.614967168556353 0.610451589404335 0.614724743574483 0.619743456362815 0.625834189031563 0.636480152857672 0.647362409317276 0.628057976037841 0.600167904039585 0.557294366137314 0.54009991957626 0.534895141907768 0.629220068461198 0.685041397726301 0.658421574198889 0.730611001256882 0.85925784644465 0.751716807638169 0.680682253840828 0.737268698718064 0.785098040884009 0.826853651464638 0.832838205704404 0.835782350823858 0.840647500601934 0.889959953647885 0.976447522426167 0.994316287009393 1 1 -9999 -9999 -9999 -9999 -9999 -9999 -9999 -9999 -9999 -9999 -9999 -9999 -9999 -9999 -9999 -9999 -9999 -9999 -9999 -9999 -9999 -9999 -9999
0.514471808002723 0.573184105845483 0.609282998748458 0.618416627027315 0.608152678149648 0.592729660041895 0.582234864563881 0.587311617625349 0.614778306496147 0.627058878015949 0.631844229416502 0.598939570715456 0.579994217426263 0.585410333741385 0.584621494107818 0.580968961889944 0.65463007055135 0.702232759936944 0.694041022922285 0.729430307057088 0.789720821784981 0.72013285613033 0.683443720416963 0.751180124440896 0.805163162483586 0.849607171909311 0.887062825794697 0.916270366069427 0.919717319920507 0.946770921925675 0.993568801145856 1 1 1 -9999 -9999 -9999 -9999 -9999 -9999 -9999 -9999 -9999 -9999 -9999 -9999 -9999 -9999 -9999 -9999 -9999 -9999 -9999 -9999 -9999 -9999 -9999
0.540704738803546 0.574764393521644 0.599353241634096 0.612648664143231 0.596349197169231 0.572172864515853 0.555459652058382 0.563825500873733 0.608251897593683 0.618573831770516 0.614145964586906 0.568026038593841 0.553683988424563 0.594799980982368 0.614353955402689 0.623878317972758 0.664395950647477 0.698953930183478 0.72075152602545 0.726880466140308 0.72405668327957 0.703924324351989 0.709366508016992 0.785314716428394 0.845887820945589 0.895797095514851 0.95326100357725 0.996735314051711 0.98984229417464 0.991007875720548 0.99891356113135 1 1 1 -9999 -9999 -9999 -9999 -9999 -9999 -9999 -9999 -9999 -9999 -9999 -9999 -9999 -9999 -9999 -9999 -9999 -9999 -9999 -9999 -9999 -9999 -9999
0.561031731436074 0.554675103508398 0.559230653259943 0.576798385808779 0.565436912518172 0.550327394541188 0.581436741408439 0.604686163977629 0.616634000191834 0.616771336698486 0.611666455177503 0.589353678436077 0.557432723148091 0.508743788171366 0.533397327706408 0.592189693055227 0.61664340474329 0.640175527949622 0.661734411713796 0.694618657499892 0.733973964399746 0.745734470048598 0.774507761972493 0.852234606282436 0.912833564971534 0.96155300330844 0.977921091569691 0.989059740656623 0.993468558630185 0.996941051287714 0.999630414274208 1 1 1 -9999 -9999 -9999 -9999 -9999 -9999 -9999 -9999 -9999 -9999 -9999 -9999 -9999 -9999 -9999 -9999 -9999 -9999 -9999 -9999 -9999 -9999 -9999
0.571900126123586 0.54908582025125 0.541015906551734 0.550527884554091 0.548226246222242 0.547730972038474 0.598978423365585 0.626963057869702 0.621498676427174 0.619799745070577 0.619362534919684 0.615964261249111 0.574425205929551 0.466323706031791 0.487910920970108 0.56986452618077 0.591098149726899 0.617987455293927 0.656986303305506 0.712244936896024 0.776794051971748 0.785228726389338 0.809355432420074 0.882546569225591 0.938534111079984 0.982589622275319 0.987226696630419 0.98939317951231 0.996680825237075 1 1 1 1 -9999 -9999 -9999 -9999 -9999 -9999 -9999 -9999 -9999 -9999 -9999 -9999 -9999 -9999 -9999 -9999 -9999 -9999 -9999 -9999 -9999 -9999 -9999 -9999
0.572702034251487 0.558928435460771 0.546116982649643 0.53445283697849 0.545597778875734 0.565620701795124 0.607542568097954 0.629461834107847 0.622619867062271 0.627969531147239 0.637888172279814 0.648197313134186 0.605512590788363 0.470344156002906 0.480174348261613 0.557504591478145 0.589187411850034 0.634741312832484 0.709994981019785 0.782965530124284 0.85463155553354 0.822258254954362 0.811962600311393 0.873897873689988 0.920338697882569 0.956032916888386 0.980191011263077 0.998250356732483 0.999452487030925 1 1 1 -9999 -9999 -9999 -9999 -9999 -9999 -9999 -9999 -9999 -9999 -9999 -9999 -9999 -9999 -9999 -9999 -9999 -9999 -9999 -9999 -9999 -9999 -9999 -9999 -9999
0.550706041393923 0.552356583321745 0.546526874863227 0.53177737163433 0.536770194401032 0.551200752386829 0.601857107589551 0.6302144351213 0.62650855475194 0.631556492742748 0.638239484446307 0.611267172832696 0.564885361577027 0.484630522859437 0.511281630856066 0.587695681803576 0.617938522657248 0.650693739422168 0.688828276067787 0.771003768102682 0.878343286972272 0.837777937319276 0.809604277307699 0.833390282899308 0.862092687197479 0.894204996243204 0.952699944286492 1 1 1 1 -9999 -9999 -9999 -9999 -9999 -9999 -9999 -9999 -9999 -9999 -9999 -9999 -9999 -9999 -9999 -9999 -9999 -9999 -9999 -9999 -9999 -9999 -9999 -9999 -9999 -9999
