layers/veg50/veg2100.asc
NCOLS 255 
NROWS 330 
XLLCORNER -2985163.8955 
YLLCORNER -3022031.214 
CELLSIZE 25000 
NODATA_value -9999 
[rows 150 to 174 of 330, columns 57 to 113 of 255]
-9999 -9999 -9999 -9999 -9999 -9999 -9999 -9999 -9999 -9999 -9999 -9999 -9999 -9999 -9999 -9999 -9999 -9999 -9999 -9999 0.523274808171595 0.538023441527115 0.477780172091325 0.376547299978192 0.179233774262585 0.0292519377315784 0.0083477402813833 0.0222537745558505 0.0593022262865744 0.0595198037214792 0.0553986403072607 0.0477978995671218 0.0371695796962423 0.0241112689930261 0.0108006619940008 0 0 0 0 0.0380464549929284 0.0790665826419639 0.0906167923967353 0.0903686470034367 0.0764316111587306 0.114439008254926 0.168636900288056 0.237580378577986 0.27548611741095 0.269997478827493 0.292432208282127 0.322929840835069 0.31766160615683 0.315049100574289 0.316937705227835 0.32054000567317 0.324955150708011 0.334897090281888
-9999 -9999 -9999 -9999 -9999 -9999 -9999 -9999 -9999 -9999 -9999 -9999 -9999 -9999 -9999 -9999 -9999 -9999 -9999 -9999 0.516549219775708 0.510827818832713 0.473081234715511 0.417830100305287 0.234990140819852 0.0835871535237482 0.0238535940722691 0.0168477492079443 0.0448961605790288 0.0443383586123691 0.0383195876610496 0.0228557415729722 0.0198308155610629 0.0267895961490414 0.0133144017279529 0 0 0 0 0.0211974790516461 0.045909303958614 0.0651654946919492 0.0896504907271125 0.120202141145041 0.150970043364914 0.182924187613459 0.225126091127632 0.250512280786584 0.252388142492312 0.285389224444857 0.326942262511265 0.32085459821067 0.317566469521201 0.319023184127659 0.326961669588073 0.33779142205932 0.344017410324879
-9999 -9999 -9999 -9999 -9999 -9999 -9999 -9999 -9999 -9999 -9999 -9999 -9999 -9999 -9999 -9999 -9999 -9999 -9999 -9999 -9999 0.489473836307126 0.473949356128982 0.449939396177837 0.273462235762882 0.118847086427804 0.0339158595168008 0.0108841650224096 0.0290043028646421 0.0327686584671348 0.0307896955805735 0.0143887148329477 0.0151792176350115 0.0297679221077925 0.0152142828709034 0 0 0 0 0.00867701474817033 0.0202702705097458 0.0383515759567596 0.0686106751125004 0.112998903449937 0.154289417120835 0.193450394016126 0.221134350284925 0.240119063766107 0.246941221875421 0.283284808908957 0.327552147491433 0.323285718147526 0.322083570020741 0.326074974043145 0.335375181076896 0.347017680320996 0.351302597602893
-9999 -9999 -9999 -9999 -9999 -9999 -9999 -9999 -9999 -9999 -9999 -9999 -9999 -9999 -9999 -9999 -9999 -9999 -9999 -9999 -9999 -9999 0.481945673956322 0.470302715578688 0.289803132240017 0.129682566811557 0.0370080230820865 0.00420666904658545 0.0112100012106825 0.0258235237295569 0.0354867791216157 0.0270168437161648 0.0267725734802679 0.0331303737729117 0.016328164660762 0 0 0 0 0.00169888119812521 0.00425777968374008 0.00979292437249694 0.0215505164941656 0.0405276235549744 0.115083778240209 0.19916082164575 0.227978258330452 0.248395223934981 0.257067351838485 0.287503855399941 0.323805342378556 0.324741318640873 0.329161175056282 0.339485748426361 0.346339102265132 0.351621590708588 0.356238036604589
-9999 -9999 -9999 -9999 -9999 -9999 -9999 -9999 -9999 -9999 -9999 -9999 -9999 -9999 -9999 -9999 -9999 -9999 -9999 -9999 -9999 -9999 0.488641903404357 0.487792003850943 0.319669540491579 0.163745593041639 0.0543574407205156 0.00828288542215249 0.00430025598476682 0.0264449849086103 0.0435732031114161 0.0370705270890726 0.0341554503687517 0.0341198469957978 0.0164128756461165 0 0 0 0 0.00976392583180627 0.0185714869353204 0.00966756966961047 0.0324100714990197 0.0918699257674497 0.162597841034398 0.23055019761794 0.244455544616035 0.253707660542381 0.256454017065297 0.284736854812366 0.320415529854214 0.323781000284699 0.331128032060742 0.345223284714104 0.354315995709741 0.361125042632896 0.364215116984659
-9999 -9999 -9999 -9999 -9999 -9999 -9999 -9999 -9999 -9999 -9999 -9999 -9999 -9999 -9999 -9999 -9999 -9999 -9999 -9999 -9999 -9999 0.500092319679425 0.502874299758188 0.356401589431445 0.211541206725889 0.0846703981479409 0.0218621947058003 0.00164387009913515 0.0283681518161483 0.0503751249006644 0.0437760485919111 0.038393984869353 0.0339887178875524 0.0163463976621654 0.000451164018117403 0.000148606882474238 0 0 0.022279915709911 0.0421409969927513 0.0201908691184685 0.0616907075122944 0.17680755662407 0.233230147684108 0.268806856352883 0.264491586991604 0.259529547113731 0.253663246668242 0.280495714272381 0.317374735022636 0.323166455371843 0.332849448706761 0.349127636067968 0.361426133451333 0.371862181451749 0.372973524003393
-9999 -9999 -9999 -9999 -9999 -9999 -9999 -9999 -9999 -9999 -9999 -9999 -9999 -9999 -9999 -9999 -9999 -9999 -9999 -9999 -9999 -9999 0.497745311752836 0.496897439773701 0.424321831853746 0.336999172986684 0.218926079867125 0.110431010143561 0.00830356869633616 0.0162273197326273 0.0277000133887342 0.0192113293693992 0.0204255420598721 0.0294274785500448 0.0185137978750935 0.00650141774071665 0.0021414726869003 0 0 0.0299558785303528 0.0594647662470248 0.0493138050376427 0.0882698896161659 0.184201795124512 0.244436278894731 0.289735117816902 0.29022027413489 0.283510042140052 0.266739818613377 0.28586008102263 0.317239646214704 0.336491482761043 0.351935578054623 0.360926054582295 0.369708796849397 0.378342554753354 0.379281093836346
-9999 -9999 -9999 -9999 -9999 -9999 -9999 -9999 -9999 -9999 -9999 -9999 -9999 -9999 -9999 -9999 -9999 -9999 -9999 -9999 -9999 -9999 0.505347048860269 0.500487541460798 0.470272979045205 0.417117083702997 0.308095206311887 0.170079678670579 0.0127886930840891 0.00695377378358552 0.011805296729734 0.00789402323564026 0.0114146375807088 0.0209002221334101 0.0152016096283039 0.00780105219897094 0.00256955342348734 0 0 0.030875009982342 0.0638756515232822 0.0712642127808927 0.108914945255834 0.181676974298549 0.245323837546374 0.301399271153841 0.311820232844104 0.308921361062497 0.287399809571769 0.300463078821526 0.325899357800445 0.349639960578727 0.366202555116838 0.370599373252199 0.376436646613893 0.382904357162381 0.386664879788859
-9999 -9999 -9999 -9999 -9999 -9999 -9999 -9999 -9999 -9999 -9999 -9999 -9999 -9999 -9999 -9999 -9999 -9999 -9999 -9999 -9999 -9999 0.512354535499372 0.518332716166255 0.482234790447725 0.427087436843659 0.327508976394162 0.184984739229865 0.0139094398210445 0.00211633001370652 0.00640082170409282 0.0170723618736444 0.0162623274110645 0.00623696945335804 0.00341171348387384 0.00175079847637177 0.000576687619061302 0 0 0.0213403558852052 0.0483084564589255 0.0821176924956802 0.120379057625584 0.163805948514527 0.230247087068104 0.298730522811957 0.327032457527296 0.336546369413168 0.319792435514053 0.329359561611176 0.348165884807405 0.362515290931454 0.3730136136019 0.376984858197585 0.380758977073873 0.384497855705569 0.395713726167614
-9999 -9999 -9999 -9999 -9999 -9999 -9999 -9999 -9999 -9999 -9999 -9999 -9999 -9999 -9999 -9999 -9999 -9999 -9999 -9999 -9999 -9999 0.533944023043046 0.532951789992805 0.496499833411013 0.443730670693797 0.352848923308943 0.203507921751486 0.015302241701088 0.000413776848373127 0.00279333489491933 0.0113932356819725 0.0107881451638983 0.00279495890421871 0.000855411209575166 0 0 0 0 0.0178919536690554 0.0405061630047208 0.0688790737111142 0.106577950202324 0.155097159051712 0.211651135830793 0.268697398988656 0.309705880187624 0.333093159542074 0.331843944849263 0.345854032206025 0.364834677844505 0.374345583326414 0.381118492368593 0.383250858886614 0.388016999912758 0.393998145575596 0.403703587964857
-9999 -9999 -9999 -9999 -9999 -9999 -9999 -9999 -9999 -9999 -9999 -9999 -9999 -9999 -9999 -9999 -9999 -9999 -9999 -9999 -9999 -9999 0.506569621172174 0.541996619125837 0.51020519400813 0.462065524232891 0.37869159965015 0.222623013336868 0.0182258142778761 0.000729304067190391 0 0 0.00136437698990458 0.00382382810806431 0.00199018024570418 0 0 0 0 0.0167199998632608 0.0354952179516407 0.0457365846166055 0.0823217710606086 0.149472037000958 0.192204361670978 0.229571987859051 0.280457450820547 0.31770766004377 0.335894195261103 0.357325491314101 0.379074181444464 0.385607675911115 0.389708883987811 0.389687687718125 0.396613501874481 0.406628953189845 0.410435349935241
-9999 -9999 -9999 -9999 -9999 -9999 -9999 -9999 -9999 -9999 -9999 -9999 -9999 -9999 -9999 -9999 -9999 -9999 -9999 -9999 -9999 -9999 0.478371203631867 0.470186894278664 0.473138445269322 0.44562753822749 0.339763732770385 0.211855026636014 0.0692905061338914 0.0261838613584094 0 0 0.00053914307641291 0.00151101232658588 0.000786433594398418 0 0 0 0 0.00870113458519592 0.0179190310646347 0.0194333657449993 0.0524133663899475 0.121901002969234 0.192497165699288 0.259976265002296 0.296245295748398 0.326840358788666 0.349502553637392 0.369721195028655 0.388234623032513 0.392033718428748 0.39689744286372 0.403565572978344 0.410058879764648 0.416234347235697 0.389134246943978
-9999 -9999 -9999 -9999 -9999 -9999 -9999 -9999 -9999 -9999 -9999 -9999 -9999 -9999 -9999 -9999 -9999 -9999 -9999 -9999 -9999 -9999 0.410066313498814 0.415442255650701 0.444749524290508 0.432642630810009 0.313195178669285 0.206425233581569 0.108083504739177 0.0454197829805702 0 0 0 0 0 0 0 0 0 0.00331965112824249 0.00617106914291116 0.00215628946549628 0.0320985243591255 0.101438950499432 0.194823039152189 0.287829000970301 0.315987926757909 0.341664230692984 0.363869539912082 0.380983169755844 0.395669814633203 0.399799396529127 0.402649738617643 0.403331938104243 0.406500580178119 0.41046699783482 0.369315183180913
-9999 -9999 -9999 -9999 -9999 -9999 -9999 -9999 -9999 -9999 -9999 -9999 -9999 -9999 -9999 -9999 -9999 -9999 -9999 -9999 -9999 -9999 0.403034251777121 0.397534498358246 0.43271411817039 0.426165109060647 0.309917960920928 0.211055357770194 0.123750287490955 0.0529365793069277 0 0 0 0 0 0 0 0 0 0.00290835882885506 0.00540649686726649 0.0018891333041564 0.0298629152328475 0.0943738953909988 0.2009802667139 0.310873313946296 0.343183419789819 0.367213215770795 0.379666173438578 0.390108612812506 0.399853743120178 0.410089640801317 0.405695371949125 0.376504902141989 0.3708985595178 0.375729450438772 0.352289047695503
-9999 -9999 -9999 -9999 -9999 -9999 -9999 -9999 -9999 -9999 -9999 -9999 -9999 -9999 -9999 -9999 -9999 -9999 -9999 -9999 -9999 -9999 0.383933013280893 0.384918890298272 0.411587419707988 0.403854649411928 0.306417425862124 0.227695333506776 0.161415369726627 0.0717026845888188 0.00141261427125341 0.000435196611196911 0 0 0 0 0 0 0 0.00167558740028142 0.00311483505424914 0.00108838288126318 0.035162166573361 0.111120786568928 0.229085303265476 0.348121417702406 0.369636159482872 0.384623235978936 0.390483875564473 0.393646800666439 0.395791619551809 0.397123043250953 0.389706870677961 0.367464677188359 0.358867171824034 0.356307500513685 0.337298367443066
-9999 -9999 -9999 -9999 -9999 -9999 -9999 -9999 -9999 -9999 -9999 -9999 -9999 -9999 -9999 -9999 -9999 -9999 -9999 -9999 -9999 -9999 0.38031688544352 0.375710105988203 0.385874845147018 0.373557658393511 0.302804243945446 0.250393379877051 0.210176946499505 0.0961432237270096 0.00353778664526473 0.00108991731889469 0 0 0 0 0 0 0 2.84412753310134e-05 5.28709402885896e-05 1.84741167105749e-05 0.0442621906994973 0.139879021263675 0.268261365681483 0.392534270120774 0.395714235744637 0.39792775797432 0.398790079693517 0.394366636725477 0.387569980305754 0.372425110811473 0.364117074052428 0.367396566253634 0.35872540315029 0.344611122458142 0.32333442191119
-9999 -9999 -9999 -9999 -9999 -9999 -9999 -9999 -9999 -9999 -9999 -9999 -9999 -9999 -9999 -9999 -9999 -9999 -9999 -9999 -9999 -9999 0.375447374092861 0.375453276441119 0.379098453379477 0.364097761650264 0.301433587893801 0.236904661396553 0.171136016453269 0.122451564437759 0.074279412512639 0.0228839176164594 0 0 0 0 0 0 0 0 0 0 0.0498206787805759 0.157445162030763 0.287837659161648 0.409360508164569 0.391983838278592 0.379988261085334 0.375516078678747 0.374609594834668 0.374331387639498 0.362322136122852 0.353300909491324 0.349343990592793 0.341550178044296 0.331979078450263 0.31597101384051
-9999 -9999 -9999 -9999 -9999 -9999 -9999 -9999 -9999 -9999 -9999 -9999 -9999 -9999 -9999 -9999 -9999 -9999 -9999 -9999 -9999 -9999 0.38351331064093 0.379450585777089 0.374844254433428 0.356817716442695 0.304780296635773 0.226722428104058 0.131365735147635 0.141291315819289 0.134906908256781 0.0458893193714003 0.00419137864542722 0.000473060004057092 0 0 0 0 0 0 0 0 0.0507030264768111 0.160233590036995 0.288382224430896 0.406126010766165 0.381591601811226 0.363868973439867 0.355670008282819 0.356299191993841 0.359484251828879 0.351481993648613 0.343249269076245 0.334625934392985 0.327774691207679 0.321691353261398 0.311208455763443
-9999 -9999 -9999 -9999 -9999 -9999 -9999 -9999 -9999 -9999 -9999 -9999 -9999 -9999 -9999 -9999 -9999 -9999 -9999 -9999 -9999 -9999 0.3883758986133 0.391833589321239 0.375680386027784 0.353754438656994 0.319002835446368 0.225705678907978 0.0934864707717877 0.142690989982158 0.169217038488194 0.0708475876921353 0.0181273244103988 0.00204594069984183 0 0 0 0 0 0 0 0 0.040858450990422 0.129122396441958 0.245480425774657 0.357379061817056 0.356928868838761 0.353257807143014 0.345083595566532 0.342188561767872 0.341102342385061 0.338331807203507 0.334371580573936 0.328394983990393 0.322599089615809 0.316892173695103 0.312223004168313
-9999 -9999 -9999 -9999 -9999 -9999 -9999 -9999 -9999 -9999 -9999 -9999 -9999 -9999 -9999 -9999 -9999 -9999 -9999 -9999 -9999 -9999 0.493928970637741 0.405613325729798 0.368561101180705 0.336417838264655 0.311960664109086 0.229933731639539 0.109633472227042 0.158949056823787 0.186457004158625 0.0952468768199057 0.0366155668628165 0.00413261641908068 0 0 0 0 0 0 0.00299347406588232 0.0236545276821812 0.0636968378990712 0.126226002858549 0.231686255291215 0.337753779786299 0.33970970054767 0.339233940013489 0.335358405599447 0.333285859013215 0.331811945981014 0.329421352621686 0.325968473554256 0.320715160443261 0.313610182025878 0.305725866471896 0.305648346732204
-9999 -9999 -9999 -9999 -9999 -9999 -9999 -9999 -9999 -9999 -9999 -9999 -9999 -9999 -9999 -9999 -9999 -9999 -9999 -9999 -9999 0.551032542721294 0.49747634659224 0.414647027385499 0.356540773638895 0.310287963000312 0.291818078344343 0.237392916061315 0.159064090878754 0.184360838927183 0.193180662362897 0.119301799199517 0.0579083137165439 0.00653582256319755 0 0 0 0 0 0 0.00783111861742855 0.0618817494461269 0.106670009110663 0.14071172126114 0.235824235747632 0.336069297455883 0.327076241700323 0.323107632036473 0.32616378364154 0.327591570937522 0.328122500060911 0.323122842622418 0.317857738923327 0.312142738853914 0.3022720353179 0.290637003500784 0.294398255631551
-9999 -9999 -9999 -9999 -9999 -9999 -9999 -9999 -9999 -9999 -9999 -9999 -9999 -9999 -9999 -9999 -9999 -9999 -9999 -9999 0.506769740242252 0.503836386127905 0.468151588908517 0.414565277125335 0.374808218937085 0.329627295620157 0.269392527044365 0.210110505131892 0.151461884949891 0.141868895620138 0.123970813666824 0.0652953365896158 0.0262509407852781 0.00296281276518274 0 0 0 0 0 0 0.0137819866394443 0.108905698630831 0.178720301735739 0.219170335405183 0.253545611152484 0.28504985413116 0.305929174503173 0.319907449222863 0.3242372577577 0.324062270420929 0.321997427736943 0.315186909353518 0.306784490524422 0.295684010585685 0.289857532095041 0.286467751988467 0.291052648081737
-9999 -9999 -9999 -9999 -9999 -9999 -9999 -9999 -9999 -9999 -9999 -9999 -9999 -9999 -9999 -9999 -9999 -9999 -9999 -9999 -9999 0.464434490214248 0.443996239849848 0.412386706577901 0.386493925699815 0.342257041538449 0.25092914109836 0.18393854033059 0.133127778675347 0.100159918491214 0.0654769372590097 0.0201720609698993 0 0 0 0 0 0 0 0 0.0180503241059345 0.142634237624611 0.231361055969055 0.27848513888253 0.262028165785875 0.236000764037208 0.285218034247749 0.31626010120879 0.32189111558585 0.318876691999861 0.312606879757596 0.303861804329924 0.293775317871115 0.281415316793353 0.279655887111012 0.282694369626804 0.287868565907046
-9999 -9999 -9999 -9999 -9999 -9999 -9999 -9999 -9999 -9999 -9999 -9999 -9999 -9999 -9999 -9999 -9999 -9999 -9999 -9999 -9999 -9999 0.44143910299679 0.405874734991122 0.372961442150023 0.326300768587946 0.244501358315241 0.167865069053506 0.0946613079851509 0.0741319398398878 0.0532917531485199 0.0164180631945616 0 0 0 0 0 0 0 0 0.0171793993546204 0.135752162421804 0.221513899210251 0.26920706299076 0.240817570457167 0.202442560029498 0.267460551941107 0.308756021858089 0.316884641008396 0.308421190865205 0.294148424070258 0.282949686971115 0.275689754859865 0.275105577243935 0.276136911459608 0.277925001639754 0.283597904288896
-9999 -9999 -9999 -9999 -9999 -9999 -9999 -9999 -9999 -9999 -9999 -9999 -9999 -9999 -9999 -9999 -9999 -9999 -9999 -9999 -9999 -9999 0.459098677063178 0.325253375818063 0.318951161302953 0.296792757928354 0.22251439023883 0.145624227895013 0.066997701292615 0.0476587015601391 0.0317089286413604 0.00976885096676837 0 0 0 0 0 0 0 0.00929490316378729 0.0356923556563325 0.151542270332982 0.227883136661504 0.258384135661962 0.239780827137951 0.215905440808485 0.269436943491248 0.300789003363411 0.30113161702434 0.290538887194181 0.276368459616691 0.268705479375792 0.266085886780607 0.272014170470486 0.273101350988026 0.272061262146141 0.278937763005361
