layers/veg50/veg2500.asc
NCOLS 255 
NROWS 330 
XLLCORNER -2985163.8955 
YLLCORNER -3022031.214 
CELLSIZE 25000 
NODATA_value -9999 
[rows 75 to 99 of 330, columns 171 to 227 of 255]
0.854684470457598 0.861908781126749 0.866529924950972 0.868046932842499 0.855344801925504 0.840264485974279 0.842622194421801 0.843177792536177 0.841142181781497 0.830054767376226 0.816686293052087 0.825944249131227 0.831799724641438 0.831717266671886 0.827790725706761 0.822079932710951 0.833509524411681 0.841303138857017 0.841311658465181 -9999 -9999 -9999 -9999 -9999 -9999 -9999 -9999 -9999 -9999 -9999 -9999 -9999 -9999 -9999 -9999 -9999 -9999 -9999 -9999 -9999 -9999 -9999 -9999 -9999 -9999 -9999 -9999 -9999 -9999 -9999 -9999 -9999 -9999 -9999 -9999 -9999 -9999
0.852804825947103 0.85610532454833 0.857592944051295 0.856918803096412 0.839770993200946 0.82058392316974 0.828652369596661 0.833425478228443 0.833460303990272 0.811262900843808 0.783128884079927 0.803678301698379 0.816570311928509 0.816098784945672 0.808156888772216 0.796748938868395 0.822771058043195 0.839392766902948 0.835886988523216 -9999 -9999 -9999 0.814704759141203 0.8103331357047 -9999 -9999 -9999 -9999 -9999 -9999 -9999 -9999 -9999 -9999 -9999 -9999 -9999 -9999 -9999 -9999 -9999 -9999 -9999 -9999 -9999 -9999 -9999 -9999 -9999 -9999 -9999 -9999 -9999 -9999 -9999 -9999 -9999
0.845490593195861 0.842975675360286 0.840708562991233 0.838736945263429 0.828253614925787 0.816724953743094 0.81936084606185 0.818932378805031 0.814097746418271 0.78630003195331 0.752924463966098 0.781255965707529 0.79928262579604 0.79932550522368 0.79833272505096 0.796864930680522 0.817278531574831 0.831840438886652 0.833873117796352 0.834612232018857 -9999 0.815895758517621 0.814704759141203 0.8103331357047 0.808542807068133 -9999 -9999 -9999 -9999 -9999 -9999 -9999 -9999 -9999 -9999 -9999 -9999 -9999 -9999 -9999 -9999 -9999 -9999 -9999 -9999 -9999 -9999 -9999 -9999 -9999 -9999 -9999 -9999 -9999 -9999 -9999 -9999
0.836879645806448 0.830696190875018 0.825592328485358 0.821775821920821 0.815487124125434 0.809364542359983 0.811982805725736 0.807146182423992 0.791590366132043 0.765087538342848 0.737343586539556 0.768258866651109 0.787209786673206 0.785280771336425 0.788257458898643 0.793523284906775 0.813698484883171 0.828336859513202 0.831120179122087 0.822439974013101 0.80720976468484 0.807181311792344 0.806977990779682 0.804368510083634 0.807685181431747 0.815112099974244 0.828000967441316 0.838748977257564 0.840308248127512 -9999 -9999 -9999 -9999 -9999 -9999 -9999 -9999 -9999 -9999 -9999 -9999 -9999 -9999 -9999 -9999 -9999 -9999 -9999 -9999 -9999 -9999 -9999 -9999 -9999 -9999 -9999 -9999
0.826653511918013 0.819475670721181 0.812678495617089 0.806335244278635 0.80116473997194 0.797642738262766 0.806988198211046 0.798731701854206 0.765165797714894 0.748546508553542 0.739977779739268 0.767001833603389 0.781632555941366 0.774634711501658 0.777869419801084 0.785874809100561 0.812500621151476 0.829876397533016 0.827446658127426 0.818977992959321 0.807058819313428 0.796723878974745 0.789626767220984 0.790974352558419 0.800044766907057 0.814471563616366 0.828000967441316 0.838748977257564 0.840308248127512 0.841018421579345 -9999 -9999 -9999 -9999 -9999 -9999 -9999 -9999 -9999 -9999 -9999 -9999 -9999 -9999 -9999 -9999 -9999 -9999 -9999 -9999 -9999 -9999 -9999 -9999 -9999 -9999 -9999
0.815029350858368 0.784230354865043 0.752101495768072 0.718386846711598 0.748838648324364 0.790614041330692 0.759524411307721 0.729923413726527 0.702462883082873 0.715833328130113 0.744274085283505 0.769245582358769 0.78467725543958 0.783460239677028 0.789865391213733 0.799818434436755 0.806174437929475 0.811009857749593 0.812589512401902 0.807678082163693 0.79905778973284 0.786470909019277 0.776957507447666 0.776157973033735 0.786039813275303 0.80333001730551 0.817874878823766 0.830399171777967 0.836968219066855 0.831709463008219 0.8165580942155 0.811521354752589 0.807928715805842 0.803576772985058 0.789784336888465 0.766499513006185 0.814042281203824 -9999 -9999 -9999 -9999 -9999 -9999 -9999 -9999 -9999 -9999 -9999 -9999 -9999 -9999 -9999 -9999 -9999 -9999 -9999 -9999
0.802443730109119 0.744286675315801 0.684058113599096 0.621359391704896 0.691770935399398 0.78370879040271 0.705146807310328 0.653472723433029 0.640460069788379 0.685317984879892 0.749740263934076 0.772225943987006 0.789132781515015 0.796303547040278 0.806618610941005 0.818387435687656 0.798904470018636 0.787991989590681 0.795430020102614 0.793764785609029 0.786898147039229 0.775228499816576 0.765495438784667 0.761546810199047 0.771304429610296 0.790568397652973 0.804356791610832 0.8175681426527 0.830692342886146 0.828454153026073 0.813367070484931 0.803563972785338 0.796795208853038 0.799973845762703 0.789752495351868 0.766057497722258 0.812897600879385 0.864774509341193 0.84727240406262 -9999 -9999 -9999 -9999 -9999 -9999 -9999 -9999 -9999 -9999 -9999 -9999 -9999 -9999 -9999 -9999 -9999 -9999
0.783896860995916 0.735389061587287 0.698547063282458 0.675615903024972 0.714188085175118 0.76177098966511 0.721360428942267 0.702125301371974 0.713337793562695 0.73621885983088 0.762596266722323 0.771269350112953 0.779338543613313 0.786353841896672 0.798733406590125 0.813600971213776 0.798929076758198 0.789530203446753 0.791421546438119 0.777780854470916 0.755265501610458 0.752100140230743 0.751274809163529 0.754230324943 0.770599150915724 0.796271150377482 0.787986601086769 0.783371044432751 0.802962428392413 0.799032509882444 0.775429696119104 0.705771390246532 0.659969503852424 0.755695519144296 0.789361177439949 0.760625332179023 0.798830003575534 0.844316955949352 0.840036399635932 0.837693699509476 -9999 -9999 -9999 -9999 -9999 -9999 -9999 -9999 -9999 -9999 -9999 -9999 -9999 -9999 -9999 -9999 -9999
0.758949658574241 0.721303579950043 0.704180763381018 0.711530828880903 0.725466605367479 0.739128797754415 0.731170115847318 0.735035251135285 0.755901554120065 0.763235880700654 0.76536363946819 0.76426817207459 0.76657241104314 0.774809742007427 0.788931831804405 0.805785130469006 0.795689414816055 0.788432460353346 0.787253658622019 0.766535875937126 0.734653952131947 0.738201555108016 0.743303964605323 0.748039104408436 0.766778489485122 0.795230907473592 0.77948251072691 0.7686445542883 0.789775934666036 0.783718059515216 0.754919463406402 0.637044282527811 0.556806714849208 0.711719977556737 0.762963782803695 0.709968258282885 0.760375499035454 0.821804970782295 0.804902380683118 0.803688495618119 0.821440894797904 0.851348334776753 -9999 -9999 -9999 -9999 -9999 -9999 -9999 -9999 -9999 -9999 -9999 -9999 -9999 -9999 -9999
0.724377808755858 0.699416723453756 0.696498179661868 0.719864176671938 0.719995156916728 0.715427361528832 0.731349739640459 0.744271864216681 0.752880000116756 0.754337010486785 0.752960004362761 0.748177312540389 0.749337223986959 0.760868034603333 0.776248471207249 0.793413795965704 0.787541034287657 0.783370836791704 0.782846048134411 0.762417205620118 0.730615627411296 0.738182454142922 0.744731377081059 0.743540026399934 0.75827300010964 0.784050730882972 0.782807248151291 0.783197435747527 0.798459442091392 0.78961762249484 0.760615692991809 0.612025046427414 0.504265304640606 0.668199755874947 0.697459156312481 0.591303195510773 0.685248625740106 0.796203586909882 0.7278160851939 0.726757256603284 0.807092956722206 0.851348334776754 0.881895674726211 -9999 -9999 -9999 -9999 -9999 -9999 -9999 -9999 -9999 -9999 -9999 -9999 -9999 -9999
0.695638089202157 0.657965975258106 0.646539383464778 0.66640915999267 0.677097063152275 0.686326158943579 0.707572988115519 0.721501458234394 0.724907044966798 0.72721838398382 0.728997966150148 0.728233286634438 0.733841035692227 0.750569805489856 0.76240329881012 0.771951812826715 0.764481342318302 0.759664263101479 0.760528435827178 0.749597955822432 0.731928272383259 0.734737958476497 0.737490824663579 0.73747956233267 0.746082292123163 0.760659495178196 0.769033457761586 0.775077389754314 0.775298666173606 0.763874499151298 0.74271024272274 0.584187659550295 0.466395891474649 0.632688741717616 0.689958104071627 0.637604675057104 0.688747748371558 0.748173236142814 0.711528723981895 0.72547747868524 0.800589106814365 0.810939997792403 0.805772998209977 0.839057161720138 -9999 -9999 -9999 -9999 -9999 -9999 -9999 -9999 -9999 -9999 -9999 -9999 -9999
0.671418242775118 0.614056125631804 0.586516585011912 0.594538856948264 0.622404843482901 0.654776469979174 0.674501496570759 0.686250024528452 0.686529346842067 0.692743971735006 0.701082706405557 0.707544661285983 0.71968536484728 0.741736494414594 0.748254226691554 0.74753556304271 0.735762948264593 0.728422506092227 0.730571915381202 0.73262230257923 0.734616110746857 0.729724088559203 0.727011957661352 0.730999706554833 0.73289394246169 0.733336164344006 0.74881857036033 0.757958146608701 0.740266614916193 0.725686215859431 0.713707925531189 0.555522391786461 0.436620032374332 0.601630628736328 0.703875793319937 0.743010503759885 0.720642073492796 0.692658312832567 0.717309021678414 0.750783937629771 0.794926554951849 0.755964319075819 0.706423292406268 0.802051327616517 0.858652048969845 0.858341101068506 -9999 -9999 -9999 -9999 -9999 -9999 -9999 -9999 -9999 -9999 -9999
0.707673319656576 0.71289291179061 0.705723046161761 0.683779420985637 0.647900494366688 0.614475430322326 0.645268254792761 0.654419439894339 0.632452659107762 0.653386341782606 0.689473969112083 0.707889097843863 0.723365992347074 0.733715145767347 0.738287159456273 0.740159574617899 0.712880219761317 0.691973100086843 0.6847097553133 0.695799883588121 0.717376780013556 0.718719235607482 0.72131556624692 0.729841578105595 0.732054274705001 0.729888196318833 0.736591302331697 0.738964293985767 0.72350122609409 0.68799035489456 0.635711775569818 0.534532798669134 0.46981889530225 0.605895132148138 0.678957504409523 0.688659624082879 0.682515578525065 0.673863324095398 0.671952780235185 0.688728408756761 0.728093999679185 0.737677362506884 0.744659483185107 0.815880483920384 0.858159811338351 0.858234877772594 -9999 -9999 -9999 -9999 -9999 -9999 -9999 -9999 -9999 -9999 -9999
0.745153593238165 0.764281378860609 0.763763365949093 0.739818798848549 0.667815156437848 0.592149146120954 0.618521510843983 0.622787584849658 0.595267582545134 0.626444265287231 0.678109215944844 0.700532620938528 0.71738224454588 0.724504628737087 0.728505923080756 0.731040015598344 0.691295624593123 0.661273557172931 0.652068234696582 0.670389971545202 0.704440060638023 0.704714677988672 0.705836060944325 0.713527238929928 0.714639192297726 0.711187941865651 0.715708718464256 0.717641795458624 0.707997044643671 0.666643028801982 0.598767817961088 0.525179950684711 0.485120692989707 0.60131104560988 0.650413516145094 0.632059321666554 0.625251077971398 0.621977683448057 0.624761125059005 0.641790378560003 0.676041583587007 0.722380856117801 0.772187415158759 0.820675956417861 0.847055987477689 0.84119623322236 -9999 -9999 -9999 -9999 -9999 -9999 -9999 -9999 -9999 -9999 -9999
0.784874778650762 0.728885822111329 0.709929461930886 0.735132473733449 0.677522066678148 0.602699086737452 0.596322626355385 0.591519210614287 0.588977635976997 0.622210510343298 0.66719071513447 0.67909100318403 0.693722140818368 0.713119096463752 0.719064575453038 0.718731427442864 0.672085343972541 0.641090640876577 0.643607555700203 0.665853786830234 0.699372912487105 0.685223594265697 0.672463024216351 0.669491855511774 0.666907310318303 0.664590918589334 0.678995370718488 0.69206015212934 0.694799639338059 0.675197534154937 0.636909227070977 0.537110966621851 0.467688362978849 0.580542692574078 0.615238043664936 0.571344775366831 0.532982742413275 0.509568509433963 0.574212457618165 0.622502587410747 0.65102236857179 0.712553949171282 0.780129705215929 0.808948621665576 0.82931880571408 0.837368606510027 0.83958374800391 -9999 -9999 -9999 -9999 -9999 -9999 -9999 -9999 -9999 -9999
0.770477886965114 0.683996503232966 0.663774326207045 0.722562676228031 0.671659305239819 0.596110447474888 0.593037190628097 0.589523574944245 0.585376778426141 0.612115640109173 0.648861724626944 0.654269249239288 0.661857006336275 0.673249656716842 0.672518034710318 0.666134466908984 0.639822580399418 0.624998192929945 0.634770018029294 0.659263658200533 0.692169017560195 0.657470822281436 0.634620715642831 0.652035169348444 0.656986800129686 0.653294494242199 0.662730555432464 0.672896218741207 0.681037920551687 0.657474709740753 0.607393944222818 0.51520088741941 0.45349794925323 0.560569909040863 0.589427045602077 0.539639411073146 0.505450278708048 0.489251853510557 0.566140669000161 0.611748845997838 0.61954144295218 0.686381734247601 0.765597235574574 0.791545267325747 0.813026763681729 0.827994924632223 0.822869433877617 -9999 -9999 -9999 -9999 -9999 -9999 -9999 -9999 -9999 -9999
0.729607010225242 0.634462937363761 0.621375561883667 0.706136368265714 0.65818002678129 0.581137798064564 0.599004011940943 0.601847850195426 0.583091394489097 0.59915357490225 0.626907601742104 0.627793968787694 0.625978058481401 0.619446193789982 0.607820029971985 0.593828865096728 0.601174681634245 0.610906758392542 0.625748125121613 0.651668762154537 0.683919848942029 0.625676520677509 0.594592087037513 0.647580497883594 0.665563208999229 0.659266745697417 0.656468943729179 0.656871760481797 0.667000145640328 0.626897296382892 0.544781730593766 0.476736106073408 0.44089344633384 0.540986309607497 0.568197048362922 0.522125028648032 0.509585911797808 0.51398587341055 0.57884811562853 0.605169870527959 0.584899517549541 0.652213569314304 0.740070353635903 0.771365264853071 0.797441668564311 0.815908171828154 0.816539105322639 0.810661825275637 -9999 -9999 -9999 -9999 -9999 -9999 -9999 -9999 -9999
0.714870840123191 0.628191663840625 0.620695715688291 0.707621492438037 0.654934206082998 0.569790873164998 0.566177535431601 0.560259312823969 0.551026954550819 0.542915227135421 0.535402346908935 0.5316142469138 0.525895819060362 0.516808625923912 0.529799094845177 0.553068883388549 0.574489632745454 0.579704945809828 0.550222335990336 0.56555449435786 0.606492819060354 0.613073193060404 0.617433997522795 0.62025009610659 0.624688429985753 0.630251910169251 0.637194814394429 0.639212686070456 0.623939054008214 0.585868772584427 0.528731685842502 0.453326545307514 0.40257017232317 0.476850813123991 0.500359244947621 0.472816372324865 0.46781086077486 0.481884232817303 0.586027576812591 0.644821570771425 0.648792132124838 0.696786763560688 0.754175886078817 0.773574398727814 0.787587737921397 0.793748135667433 0.795750982422337 0.795276101144782 0.774712077034021 0.773140705067908 0.805206150493903 0.815502297226201 -9999 -9999 -9999 -9999 -9999
0.6978600862467 0.626584921061249 0.623130928499876 0.700550023020969 0.647175394991415 0.562479832172633 0.545149987101181 0.530694742351689 0.520372812700754 0.497069551698442 0.469861380421662 0.462035487713871 0.454625278427585 0.447940510611289 0.476489612283881 0.52143695492026 0.543464131270057 0.543111989109784 0.494842848367135 0.50272177394394 0.542682461487309 0.591145021196289 0.620524248124373 0.597855954574812 0.592211845089071 0.598375330863044 0.614939471331413 0.621206326802002 0.588734828142772 0.554890930702162 0.519899177716273 0.434929482997922 0.369705996270758 0.430197553147234 0.452933391320899 0.43770596713276 0.442184772668376 0.465954585113021 0.585240823053067 0.662400195450816 0.688631839621385 0.725469930984705 0.762541659971118 0.769624265508215 0.773723863751855 0.773473484820744 0.778498679096611 0.784711238789833 0.772706327301036 0.776079916145465 0.806689501497047 0.814468706464623 0.811449908717671 0.774730061315275 0.755938786887348 0.77636865444391 -9999
0.675106005213627 0.634449636495065 0.63158588796545 0.673787798806787 0.629012392577411 0.564168797343703 0.551610217337862 0.529484645545142 0.493602938230413 0.475652379790781 0.464432380375737 0.454005747641286 0.449749984510922 0.456263485885978 0.47913249676759 0.509604624691196 0.502381705770382 0.494788921543999 0.486404208139138 0.494174688427263 0.511175888712643 0.54776599299413 0.577648665495249 0.587120003676632 0.579820461226535 0.560889009141112 0.586282125815237 0.602457019637617 0.571910607673083 0.546789963602297 0.526207357490106 0.427458992743625 0.34974482431441 0.423964543470832 0.452572671601727 0.435318481219468 0.454009573909327 0.487787835753068 0.566650656262895 0.629182825842294 0.67197265424222 0.716503368888572 0.757041223931113 0.751274064301649 0.75069556706929 0.757683448586456 0.769551170316878 0.782520988836992 0.778724721862632 0.78563643612086 0.811512453342969 0.816438509759153 0.811455938730386 0.774730061315275 0.755938786887348 0.77636865444391 0.783866744872183
0.661334657457968 0.655165805017697 0.651381509391247 0.650440669036886 0.61212134554352 0.565314454361182 0.542323845990544 0.517456019702223 0.48988898924866 0.480036497510365 0.476380720460648 0.464176198860481 0.456753631835606 0.457676425672047 0.470907671384913 0.489863725604299 0.489641034264927 0.493858014879032 0.507580904022263 0.517172691191323 0.524404058155687 0.542979991175845 0.561747055662707 0.579577411554093 0.570663983591842 0.54320166222752 0.553210149811834 0.558813861298534 0.536489549501723 0.522314647527655 0.514955800320393 0.429661193527689 0.361192277580388 0.425396884009058 0.454545964280105 0.448446817726807 0.465075207508354 0.492526342733787 0.55672922933655 0.60817484480932 0.644198025485075 0.665945744721612 0.683148273767839 0.697282859989068 0.707301809309267 0.711319121751702 0.73469978557607 0.764344872562311 0.76970983624313 0.779205463532294 0.796016676682978 0.784509427200697 0.759608496525255 0.748805785306027 0.747797752772182 0.767999092611069 0.774317939963723
0.652939439113454 0.683573516057844 0.677964470975468 0.62913745943212 0.595991558642542 0.566134943653691 0.523613197500971 0.498952548136791 0.499973918102009 0.499862582360293 0.498729328089931 0.485239390704427 0.470866777283923 0.45495373726176 0.456178565752551 0.465389580152005 0.49386278750327 0.521291124177578 0.546482258377465 0.559050301269295 0.564405789265232 0.561291759022956 0.561989259078157 0.573946031698897 0.563443584206019 0.53736392138486 0.517496035378095 0.500271834060222 0.489938359439036 0.488039350045019 0.493194811854138 0.43765246064271 0.391437665573639 0.431416905541797 0.457916153906097 0.470861310983716 0.475686482354684 0.487033715011445 0.551996008037623 0.594474133288416 0.609770848976955 0.590496038697798 0.568322681464931 0.621960659962444 0.651719405745265 0.646656206074805 0.684345036200457 0.736601280170806 0.751697593446078 0.763206041527596 0.768360223473416 0.732291999033952 0.676726961639086 0.707365935315931 0.734784342778539 0.754620381988175 0.765890480301213
0.654797000532809 0.672509579514294 0.669219402417223 0.640884572513459 0.600850556558534 0.55834340623358 0.525097167970893 0.50728106397109 0.511651559768947 0.515404356704847 0.518118354284954 0.504163754960072 0.491997133920371 0.482950852851929 0.488591036042696 0.501059602002655 0.483160469150607 0.479459646803823 0.506159232943408 0.5255225401613 0.540694060029883 0.540802264237618 0.541878851099447 0.547463058559553 0.544931995335633 0.536772360939033 0.515288376595556 0.494197010590624 0.479028958363408 0.477550754840656 0.487522553287187 0.446459831215362 0.40955024857846 0.428373232487066 0.445620408946899 0.461283115724662 0.475112797306419 0.493608424748411 0.544725695900552 0.586312809255356 0.616378788055831 0.602452467049176 0.579034636580036 0.592514451431208 0.607108604762003 0.623327744716845 0.664974639566104 0.713990484015162 0.71196826204457 0.699581366717948 0.668838181687789 0.628759029906941 0.584264279584979 0.672828734158551 0.738484683424537 0.753422306647897 0.773990363838685
0.657245296595321 0.659247765099202 0.655852157832286 0.646019636619495 0.602348724652601 0.551419162633292 0.526237143824911 0.513540746830546 0.51879710965622 0.521235161728481 0.522094506404964 0.512088104561591 0.502963460013377 0.495377638702469 0.502038776874613 0.515313128238842 0.466303377981589 0.442036999034398 0.470749359696901 0.493232927136936 0.512157500036264 0.515799418192881 0.518962572689601 0.522796649693689 0.526752005903819 0.530791478672664 0.514539487187351 0.496381962504907 0.478696671525057 0.475614162284837 0.484745219701586 0.45265231423354 0.421402378494872 0.423775235674468 0.432304562581088 0.447024201405997 0.468790820015643 0.494427699757906 0.53476565409439 0.57533528468995 0.616184991797425 0.610547004423994 0.591426190774935 0.575849635548075 0.579171434415736 0.610051801152761 0.649005926379504 0.688730075182229 0.677182890655579 0.650788653851229 0.598099638283352 0.557501831080721 0.52262275911394 0.644083621719445 0.732288802518968 0.747114166901208 0.768335404489902
0.659631766463649 0.646439463309731 0.635398316875038 0.626922308699546 0.590823353286022 0.548394639285065 0.523001029125813 0.509437600105338 0.512884489335381 0.500383982702023 0.483074472105657 0.48933099041793 0.484063530937455 0.458684681496238 0.454018617190485 0.458987277896191 0.434594055401123 0.428735903033042 0.462563719145163 0.477152673512416 0.48074896823054 0.484602756938461 0.491560083214537 0.506772717070595 0.511411779230823 0.508717247336503 0.512257200985072 0.513028735968666 0.502202954331406 0.493800333264857 0.487424410513642 0.451327948441143 0.417633366715422 0.41631929869387 0.418751664044097 0.42495105695731 0.448133191649173 0.47697022875741 0.517642993751705 0.555476336690403 0.589877064529252 0.593004320817944 0.587388708706639 0.587518128562031 0.596437281132138 0.618174081438155 0.637412026547339 0.655126916917093 0.660011475078275 0.651882700429027 0.620706744371227 0.58598023020305 0.549574421363951 0.630519862758285 0.695347338099627 0.724331416177945 0.75088878864017
