layers/veg50/veg2200.asc
NCOLS 255 
NROWS 330 
XLLCORNER -2985163.8955 
YLLCORNER -3022031.214 
CELLSIZE 25000 
NODATA_value -9999 
[rows 125 to 149 of 330, columns 171 to 227 of 255]
0.243839720972114 0.398867173240083 0.482209780658032 0.480072080441333 0.412022677971041 0.329573935791905 0.294709686148547 0.27689660356877 0.283600962851617 0.29243845917396 0.302327095564847 0.317475148452825 0.334822851860001 0.356009336473154 0.381575116630734 0.409178143367936 0.43112110590734 0.445182089545562 0.442366742849406 0.37157203809507 0.261935433221603 0.295219707809445 0.296282623703502 0.193065507369812 0.16666417204707 0.193540553197316 0.353539083453364 0.489301381970367 0.496521344212295 0.521232100593884 0.560571917651518 0.55209592872411 0.549741286970858 0.609722421632597 0.65516046646789 0.685975477929657 0.714072244632231 0.742142943202101 0.77396693951471 0.800367400396967 0.820211277140532 0.824760713019208 -9999 -9999 -9999 -9999 -9999 -9999 -9999 -9999 -9999 -9999 -9999 -9999 -9999 -9999 -9999
0.216760530958523 0.369463740650693 0.460032886296787 0.476510514825676 0.408494838489274 0.322192654119768 0.298586424586828 0.29052619522223 0.304819166310271 0.319220304584642 0.333357171839122 0.341211562826954 0.355887127423286 0.382466852622638 0.388633222574263 0.385311487867841 0.433179725310784 0.463978795932508 0.458230585545354 0.393235319538573 0.294387597691293 0.318780799777289 0.323190847794767 0.258514021171506 0.23556849521291 0.241566870827667 0.341773770851222 0.44007640941967 0.499475378330569 0.534909329073102 0.55029926682868 0.517251386606653 0.499833654770933 0.588343024061408 0.648550232448662 0.680299702599429 0.711240398908986 0.743949990875588 0.789190927733176 0.81686032813367 0.823287264332257 -9999 -9999 -9999 -9999 -9999 -9999 -9999 -9999 -9999 -9999 -9999 -9999 -9999 -9999 -9999 -9999
0.232286545107014 0.376208269595682 0.460676946822689 0.47425107471536 0.407960635620299 0.324901138860455 0.306182338664427 0.301524016921291 0.31708290152796 0.33335112950178 0.349508276726268 0.357915136403424 0.369425049183843 0.386350341284748 0.40116849138526 0.415014255632078 0.455406021438334 0.481234101674307 0.475879458427823 0.41457377787686 0.321298913376231 0.33485246525354 0.340097159086055 0.309525387430503 0.304179409004129 0.316329479459676 0.391129103827914 0.466168789308728 0.520480984399699 0.520151830941224 0.474121401887827 0.464054073652206 0.479932464455049 0.587531879535946 0.659536919662623 0.695751922109767 0.704665472935314 -9999 0.82144060923905 0.82144060923905 -9999 -9999 -9999 -9999 -9999 -9999 -9999 -9999 -9999 -9999 -9999 -9999 -9999 -9999 -9999 -9999 -9999
0.268977480037018 0.400909964979253 0.47265773749328 0.472638489460222 0.408913576939563 0.332621901115854 0.31562582182019 0.311214458367271 0.324898339532012 0.341197326711645 0.358267978217695 0.371125016632361 0.379224115911516 0.379019765541197 0.416424641846217 0.471328622190389 0.487650982858251 0.497723688223143 0.494415077970315 0.435750874348091 0.345457710257468 0.347203620019631 0.352034835764779 0.353364834435464 0.372644566278215 0.404373833647667 0.470847244523345 0.529676452828307 0.550454041695401 0.491268858046257 0.36520390658187 0.401739683370577 0.474937527445561 0.596938393976999 0.679265201975674 0.721699862644501 0.718601438924756 -9999 -9999 -9999 -9999 -9999 -9999 -9999 -9999 -9999 -9999 -9999 -9999 -9999 -9999 -9999 -9999 -9999 -9999 -9999 -9999
0.301594421971622 0.417085261138474 0.469270420932208 0.445966975579953 0.409380452950576 0.370425861199932 0.346318873070567 0.335861444759042 0.345030373284934 0.363753377998994 0.386221243828305 0.412384312911588 0.433484063421052 0.445747422871376 0.472307039781835 0.505511438135404 0.502553142263833 0.495564720930271 0.479947282767528 0.424452487357228 0.346172652907594 0.392776403933153 0.434033414429365 0.445081291670588 0.465587676233438 0.492654271012305 0.543657859313479 0.586647208782904 0.594038336641426 0.568240163102137 0.514682912412479 0.542378476472876 0.589173691780837 0.663892029495999 0.71993808711428 0.757209222877921 0.761599459971656 -9999 -9999 -9999 -9999 -9999 -9999 -9999 -9999 -9999 -9999 -9999 -9999 -9999 -9999 -9999 -9999 -9999 -9999 -9999 -9999
0.349994559320037 0.432583072795614 0.46019039717478 0.422235621671984 0.406644348292223 0.396024844725523 0.370108720941544 0.356736487089097 0.361400795309149 0.381505085875786 0.407751470886879 0.441828984596944 0.469783916819858 0.487053855885983 0.507394638531282 0.52915399040504 0.516661906693658 0.500742284479252 0.477483861598667 0.418964449101023 0.340297687820895 0.426481755940025 0.499967828575191 0.518514570739395 0.535991620083225 0.552726754288696 0.592632581201324 0.625144112545733 0.624437843596911 0.622462428437331 0.619425516768461 0.644633103711949 0.676648875243152 0.719137406223423 0.757312383467645 0.79115009531686 0.805227741259665 -9999 -9999 -9999 -9999 -9999 -9999 -9999 -9999 -9999 -9999 -9999 -9999 -9999 -9999 -9999 -9999 -9999 -9999 -9999 -9999
0.434633562882444 0.446805267828416 0.438581338195897 0.406036715370542 0.396596301158228 0.392734284131336 0.377422263483383 0.368501166882531 0.368769418329761 0.38779250844471 0.413970024330158 0.443342560746008 0.46356550492413 0.467820784049089 0.493602269179309 0.529395147408041 0.529513501105183 0.523303819489307 0.503545000575675 0.427813683808758 0.320100921009727 0.431968815589574 0.526897826539756 0.548580557802797 0.554044424936159 0.548259248796865 0.587299248996563 0.62158798116345 0.624236149944857 0.621235582671806 0.613510489924165 0.652545931572437 0.699066353592005 0.745746097783274 0.78646659701926 0.821195093255742 0.820768860675356 -9999 -9999 -9999 -9999 -9999 -9999 -9999 -9999 -9999 -9999 -9999 -9999 -9999 -9999 -9999 -9999 -9999 -9999 -9999 -9999
0.446223352877306 0.421965012196134 0.408178538328081 0.406879200319319 0.406273439236608 0.405003219609957 0.395194890717572 0.388046336768946 0.384722205940925 0.400158927159371 0.422281862846079 0.437897794723397 0.449736061269308 0.454981630225251 0.496385677924703 0.5546057881294 0.551391876880258 0.545626223994652 0.534396964148805 0.470015609919535 0.375264325756584 0.464434158175021 0.536839304473436 0.541012174507949 0.541408720874616 0.539186093172649 0.558760169199945 0.573745997386512 0.565568148726282 0.565747928325334 0.572917913739888 0.650969268844011 0.732806147681757 0.780582367569083 0.814745705528731 0.835221331378102 0.838975398681538 -9999 -9999 -9999 -9999 -9999 -9999 -9999 -9999 -9999 -9999 -9999 -9999 -9999 -9999 -9999 -9999 -9999 -9999 -9999 -9999
0.413455338925658 0.373404795134426 0.372435899531718 0.418069759602312 0.427928336632685 0.426720375577167 0.419318606561554 0.412316067499989 0.405887571092026 0.41621670552125 0.431864810581683 0.428227702201433 0.431284957255496 0.446025066614531 0.509234425900943 0.594978692882533 0.578751601165978 0.567803420858086 0.568158068666764 0.532470350182467 0.476188821582888 0.513281571515789 0.536464813157502 0.510591005529679 0.510137978934392 0.527316240422738 0.516129821998237 0.499012236652798 0.471397547522643 0.477311386626538 0.511268027560808 0.643630285858624 0.773421211707041 0.820414684322106 0.842493422446201 0.839520469471512 -9999 -9999 -9999 -9999 -9999 -9999 -9999 -9999 -9999 -9999 -9999 -9999 -9999 -9999 -9999 -9999 -9999 -9999 -9999 -9999 -9999
0.364765435894437 0.371128949855581 0.398523743463945 0.450997202694811 0.469824792959888 0.476259666967347 0.457318378450684 0.451510948564863 0.46458836182279 0.477949487045018 0.491103684786679 0.497806887135316 0.507219672548798 0.521361162115323 0.556357108131293 0.601046946196357 0.595757640901111 0.590227402090217 0.584181293641802 0.5143366412504 0.408038913361307 0.458053143543313 0.495613275862769 0.479974653625239 0.48301011113371 0.498997494835049 0.524001206581468 0.542989550134887 0.53833673872446 0.565931285184188 0.62049708012799 0.716875042488832 0.808897798770804 0.850937466197003 0.871211418103978 0.869600008080678 -9999 -9999 -9999 -9999 -9999 -9999 -9999 -9999 -9999 -9999 -9999 -9999 -9999 -9999 -9999 -9999 -9999 -9999 -9999 -9999 -9999
0.33917181741509 0.376305722941929 0.421895985206179 0.477569996370137 0.507216467070128 0.524823134569919 0.498636202168444 0.494077682971543 0.520618112095695 0.538554261237476 0.552751902351527 0.5560751831496 0.561480326774087 0.570518691140557 0.584421248857297 0.600584897526957 0.605215871371229 0.604766044682441 0.593437570735906 0.499951502894077 0.359522404884504 0.422443862490993 0.474156602466256 0.469996104060674 0.474469303630471 0.484930644006648 0.549734225005297 0.607619954302149 0.62319385169465 0.663397511049459 0.724201165996583 0.782067216094154 0.837321011336289 0.882846339424333 0.914632973280345 0.932605391129913 -9999 -9999 -9999 -9999 -9999 -9999 -9999 -9999 -9999 -9999 -9999 -9999 -9999 -9999 -9999 -9999 -9999 -9999 -9999 -9999 -9999
0.382826393555403 0.394435447465045 0.426175308935235 0.481920071675836 0.527971963902826 0.565502238070954 0.546950229984331 0.543603549222119 0.562120224046552 0.58757687664445 0.612251325418261 0.567380650320836 0.536247121276283 0.529087354259526 0.551483090228273 0.587631103254646 0.594885298997096 0.596610303353805 0.586496597980683 0.511052292274695 0.398279527969847 0.462195844726069 0.515801203113619 0.5193318240167 0.518560044681676 0.514804216274673 0.617548078995124 0.709891334212363 0.730091865217245 0.753935487664629 0.780826141901149 0.809411769239583 0.846423088992743 0.920436833880209 0.951128479007757 0.938259882249945 -9999 -9999 -9999 -9999 -9999 -9999 -9999 -9999 -9999 -9999 -9999 -9999 -9999 -9999 -9999 -9999 -9999 -9999 -9999 -9999 -9999
0.415227923203745 0.445269059297972 0.469132500729697 0.485629374774293 0.543315325526002 0.60581139262488 0.597317446152611 0.597375269534599 0.609729466498666 0.619487502010938 0.624910434482181 0.560913743246939 0.521790899012981 0.526077339824802 0.559316877843461 0.606013748264308 0.580000392688694 0.559487494663579 0.550751783532295 0.50864342684602 0.447466679366046 0.489139483099605 0.523394507638005 0.524720289570607 0.527211141601259 0.530510060327817 0.620912442383718 0.70586643147717 0.742258577028492 0.7707427665986 0.792612850088167 0.830644765360864 0.87647350278751 0.94599427864285 0.981030290150236 0.981391974127769 -9999 -9999 -9999 -9999 -9999 -9999 -9999 -9999 -9999 -9999 -9999 -9999 -9999 -9999 -9999 -9999 -9999 -9999 -9999 -9999 -9999
0.439355099426265 0.52014980558402 0.540529488836993 0.488867518732693 0.554679149737343 0.645848524101316 0.649194369589017 0.654268961939501 0.661829275680516 0.63881569883106 0.603127909192923 0.541378827805251 0.515258981355553 0.551318483975007 0.597130235286603 0.647438044609089 0.561766689357349 0.501065231356294 0.493827534131716 0.496300926233954 0.504323019772257 0.506665159502979 0.505949929405051 0.497794384498114 0.509803504911268 0.5357983885043 0.576887162111875 0.623681982250568 0.684769460846211 0.73333593992286 0.771430026481164 0.847383939934713 0.921927206439384 0.962703834433969 0.982647098363212 0.981642476963689 -9999 -9999 -9999 -9999 -9999 -9999 -9999 -9999 -9999 -9999 -9999 -9999 -9999 -9999 -9999 -9999 -9999 -9999 -9999 -9999 -9999
0.459902629080976 0.543011807651477 0.576256477616233 0.550040412964242 0.57262468235737 0.609025918930912 0.641281115133517 0.66692957393276 0.683078372117307 0.667321013347215 0.638072800514901 0.576175899698532 0.5375231463694 0.539435562708936 0.593451579507847 0.671669836575862 0.572362634122096 0.50512147188981 0.506537824994442 0.54522910271783 0.605218447094784 0.607851027062292 0.602024699452148 0.580924971491806 0.593583802592524 0.629656819092663 0.698574199521708 0.759527807881427 0.781991986541799 0.80775689950075 0.836282501422353 0.896522168294029 0.954553725789555 0.979642919676142 0.992065838925752 0.991752856867927 -9999 -9999 -9999 -9999 -9999 -9999 -9999 -9999 -9999 -9999 -9999 -9999 -9999 -9999 -9999 -9999 -9999 -9999 -9999 -9999 -9999
0.477141104534863 0.558242287224756 0.603753042596123 0.606824134710891 0.592217449334817 0.578917222551693 0.629288143566469 0.669967420202232 0.696711326506473 0.69001668212879 0.668754609652707 0.604436253928177 0.553419315069949 0.525615713345786 0.580313142503995 0.673363588817484 0.579635243465466 0.521817493923981 0.540888947589072 0.610844196293899 0.70987331890798 0.711406197473648 0.702600831021461 0.678623468402345 0.697882112600783 0.747128289078841 0.830227932326647 0.890826250903783 0.862947975159193 0.865884348644869 0.894593672729648 0.940059242002572 0.981702164177173 0.993889586262037 1 1 -9999 -9999 -9999 -9999 -9999 -9999 -9999 -9999 -9999 -9999 -9999 -9999 -9999 -9999 -9999 -9999 -9999 -9999 -9999 -9999 -9999
0.483673334241384 0.567970919194883 0.616357290859048 0.621921479313803 0.615035115829767 0.607417485113972 0.628377400220457 0.656702447180312 0.695617630953222 0.687135810731737 0.658747206530407 0.584623065552286 0.533064966934212 0.520888623985529 0.550274606658453 0.59898480153358 0.561937643189042 0.558008461901131 0.624989127977844 0.711497836248364 0.809164435474031 0.787067238910804 0.770099517297541 0.782107619923795 0.833928382029856 0.913362318875343 0.926193586941786 0.909651934913597 0.815719967366383 0.81453165576444 0.890912867839242 0.948610765375649 0.994152647435922 0.998047324077874 1 1 -9999 -9999 -9999 -9999 -9999 -9999 -9999 -9999 -9999 -9999 -9999 -9999 -9999 -9999 -9999 -9999 -9999 -9999 -9999 -9999 -9999
0.49041285391032 0.577618307961709 0.628285881949587 0.635384006429951 0.631449796866248 0.625244152047161 0.628369745494526 0.642367451913957 0.671997894598454 0.672636429080913 0.660134143404181 0.59977206084339 0.552778137795544 0.529114029665548 0.528178479582753 0.537833712909151 0.571081950880656 0.609306403733634 0.658185572516136 0.744465128828729 0.852114438524652 0.795454921184416 0.7588452643883 0.796739326596294 0.857863862984891 0.935100539361376 0.925448599046031 0.893111542980789 0.813197421333146 0.827506695136983 0.920623126475023 0.967564405013771 1 1 1 -9999 -9999 -9999 -9999 -9999 -9999 -9999 -9999 -9999 -9999 -9999 -9999 -9999 -9999 -9999 -9999 -9999 -9999 -9999 -9999 -9999 -9999
0.497335937641409 0.587193752422857 0.639616149929152 0.647398833255881 0.642194362442413 0.633618896906468 0.629161814082035 0.627084906522679 0.628430392777589 0.647848363339983 0.671611252087789 0.645881554080713 0.607972797783366 0.548809419598049 0.513115692665348 0.488396313025695 0.603995907643176 0.673982212277129 0.646304597855882 0.717493287205605 0.845171993612166 0.74426918784828 0.677851940397878 0.732688421150959 0.782520481116027 0.828881586176434 0.839062231385352 0.845252989344567 0.850263459645077 0.897446672434249 0.979902589470901 0.995729560223338 1 1 -9999 -9999 -9999 -9999 -9999 -9999 -9999 -9999 -9999 -9999 -9999 -9999 -9999 -9999 -9999 -9999 -9999 -9999 -9999 -9999 -9999 -9999 -9999
0.528170950532777 0.595864951115291 0.637350032127202 0.647582391418725 0.63459216849938 0.614944229490433 0.596455210692929 0.59490983156282 0.617727283371944 0.633890215513458 0.644999307065745 0.603101970295341 0.576066945106629 0.574969295823441 0.561882439863421 0.543248453227012 0.631823514556537 0.68930959803164 0.680230182333594 0.714793390902315 0.774293028721453 0.70828590698234 0.674550476536468 0.743008115170972 0.79977938434314 0.848445247690895 0.88790130645038 0.919651052191761 0.928254278421731 0.954132111290163 0.994458188569398 1 1 1 -9999 -9999 -9999 -9999 -9999 -9999 -9999 -9999 -9999 -9999 -9999 -9999 -9999 -9999 -9999 -9999 -9999 -9999 -9999 -9999 -9999 -9999 -9999
0.561247911688345 0.599288782852807 0.6260599014117 0.63939244837703 0.619844007169591 0.591352611050471 0.569267001358942 0.573488395701534 0.615535965788069 0.623305840824725 0.615829644071411 0.557760290320919 0.537237410849168 0.582239803939627 0.596706372595383 0.5969698014751 0.643109777434734 0.681074648529356 0.701535568909337 0.707816783841646 0.705996029022406 0.687054544661174 0.694320090362778 0.773756788516199 0.838619608401574 0.893374310605163 0.952577188114104 0.998783024102963 0.999079134947061 0.999468471261392 0.999935780082272 1 1 1 -9999 -9999 -9999 -9999 -9999 -9999 -9999 -9999 -9999 -9999 -9999 -9999 -9999 -9999 -9999 -9999 -9999 -9999 -9999 -9999 -9999 -9999 -9999
0.584147930086518 0.577235987274239 0.581737363864771 0.59984850770424 0.585724219581273 0.56734668008018 0.599713194270896 0.621059741793315 0.626560957960374 0.619926295185936 0.607947538971637 0.579164254537999 0.541703323347739 0.489098355870476 0.504540105995674 0.551658682161641 0.576087464389081 0.59898689917786 0.618611804448802 0.657686329465213 0.707873936586076 0.726111105329411 0.760106410529618 0.84026027584956 0.902664807308589 0.952758795744026 0.975521986392036 0.992175695964101 0.997367842628064 0.999819184088211 0.999978153612146 1 1 1 -9999 -9999 -9999 -9999 -9999 -9999 -9999 -9999 -9999 -9999 -9999 -9999 -9999 -9999 -9999 -9999 -9999 -9999 -9999 -9999 -9999 -9999 -9999
0.59538041954934 0.570699573831015 0.561794860217843 0.571702332478195 0.567638656501995 0.565487721503468 0.622327656498957 0.649428507630539 0.633768282235086 0.623250101349671 0.614732870357301 0.607904347953173 0.560847162745055 0.443583809163434 0.456166063562905 0.529190103562698 0.548595743030242 0.573972355387768 0.612133588482329 0.677211517715572 0.757669051181925 0.770099993989442 0.796841312860592 0.870476818446046 0.926721299173434 0.970903752028833 0.983487683697112 0.992003820537514 0.997497768808051 1 1 1 1 -9999 -9999 -9999 -9999 -9999 -9999 -9999 -9999 -9999 -9999 -9999 -9999 -9999 -9999 -9999 -9999 -9999 -9999 -9999 -9999 -9999 -9999 -9999 -9999
0.594195527081526 0.580676755016428 0.567799255361189 0.555686438436128 0.566617811307155 0.587199085001128 0.636607055525665 0.657360574797829 0.636912583342559 0.633708072768841 0.637128290373746 0.644452051587268 0.595612255388156 0.448757066846072 0.454398699895275 0.531032118397026 0.563175179809432 0.609699018702322 0.687013951338108 0.770869002779876 0.858460933307966 0.819338203291456 0.802657710262779 0.862074313736945 0.908219075220535 0.945158782412647 0.975511597717305 0.998680993839895 0.999587245587512 1 1 1 -9999 -9999 -9999 -9999 -9999 -9999 -9999 -9999 -9999 -9999 -9999 -9999 -9999 -9999 -9999 -9999 -9999 -9999 -9999 -9999 -9999 -9999 -9999 -9999 -9999
0.577527186365172 0.57830326880556 0.570970800645875 0.55396932362922 0.557383104227659 0.570821419802891 0.624331619689682 0.650305258938172 0.636684774099513 0.634839190030192 0.635959798582888 0.607624693948371 0.55736193511473 0.468831521444026 0.492889965107311 0.569357645967686 0.600213198003117 0.634293302583817 0.675277588794125 0.761428472582923 0.873386550231408 0.831937407556117 0.802448042760141 0.824466792030508 0.85528941454154 0.892218207636367 0.951988971891126 1 1 1 1 -9999 -9999 -9999 -9999 -9999 -9999 -9999 -9999 -9999 -9999 -9999 -9999 -9999 -9999 -9999 -9999 -9999 -9999 -9999 -9999 -9999 -9999 -9999 -9999 -9999 -9999
