layers/veg50/veg2000.asc
NCOLS 255 
NROWS 330 
XLLCORNER -2985163.8955 
YLLCORNER -3022031.214 
CELLSIZE 25000 
NODATA_value -9999 
[rows 200 to 224 of 330, columns 114 to 170 of 255]
0.0484308834313649 0.0682807171882106 0.0763476925498087 0.0778779707650508 0.0792327461910615 0.0823572928925999 0.0900681796967296 0.0965842767095776 0.102294733605481 0.116639471015556 0.129010638841425 0.132271101780501 0.13519790477072 0.137853196796325 0.143695606109209 0.151831746461809 0.167837316535388 0.18146764846591 0.192773778836776 0.204348366220473 0.216648391048012 0.233001064522637 0.251099106844061 0.271250091160879 0.29221686838108 0.314300990741326 0.344750656309713 0.372826549143888 0.397536830559008 0.423369896581802 0.449573244215477 0.474980537854951 0.499509837710171 0.522529172414932 0.541731184271151 0.559164233747779 0.571452433186211 0.577297820079098 0.569562185676846 0.562643686722284 0.556185256611763 0.574032917889806 -9999 -9999 -9999 -9999 -9999 -9999 -9999 -9999 -9999 -9999 -9999 -9999 -9999 -9999 -9999
0.0410707229614906 0.0580802706464188 0.0693931099750612 0.0775456247027412 0.0757733997920698 0.0768147410393421 0.086152084178099 0.0925075584046785 0.0968523749936974 0.112138630462966 0.125515914445881 0.129293155265799 0.132452230997845 0.135108283817274 0.141423854295044 0.149847575148292 0.165028259394705 0.17813617735893 0.189215866431687 0.201210762972367 0.213865067675354 0.229329996767296 0.245881978418652 0.263712575678688 0.284726981827082 0.307323752269735 0.336275061954746 0.362484681147725 0.384807043277503 0.410796906511053 0.437994313228633 0.462554007522759 0.486446100276088 0.509190058408104 0.525879664068111 0.539810541314169 0.55810390078745 0.569354430595932 0.565759142839565 0.56176519507098 0.557546791183761 0.556684090784538 -9999 -9999 -9999 -9999 -9999 -9999 -9999 -9999 -9999 -9999 -9999 -9999 -9999 -9999 -9999
0.0348835563698701 0.0459848297778096 0.0593383764867267 0.0739414017148164 0.0718491002275092 0.0726628895379007 0.0827167128622601 0.0888580925278147 0.0923613331752605 0.108094861981534 0.122160504364778 0.127026357362892 0.130646548631918 0.133253100658946 0.140160521645367 0.148932182605926 0.162985345104229 0.175417477270435 0.186263410075064 0.199220109713724 0.212647106688253 0.226181904897838 0.241105631832734 0.257663047895303 0.279260554036485 0.302482178987985 0.327427223744744 0.350163407144271 0.369767795785242 0.396444980889555 0.425350382862991 0.447244478928241 0.469682571337863 0.49305622335703 0.506253308874433 0.514855803944148 0.542134181115892 0.561367930590361 0.563644138727752 0.559219695905425 0.551022609575734 0.55380288401679 -9999 -9999 -9999 -9999 -9999 -9999 -9999 -9999 -9999 -9999 -9999 -9999 -9999 -9999 -9999
0.0311511712363232 0.0396453234130637 0.0537169455454417 0.070882743192787 0.0688621760806524 0.068138505823159 0.0727607467945287 0.0800484622808017 0.0891334924207224 0.0984567664936612 0.108226898061315 0.119392927001236 0.126782847177219 0.131100013381714 0.137635911163957 0.145855420130032 0.159929724533669 0.172764723745187 0.184387046632509 0.197298277869355 0.210286331106125 0.222063778268485 0.236135526395598 0.252905882790673 0.273593794853365 0.295639418094202 0.319926701270423 0.342663659633438 0.363202517555174 0.38593843031299 0.409548611023155 0.434466679235292 0.457829611713271 0.478518036916907 0.494514339918668 0.508423915628593 0.53941318880623 -9999 -9999 -9999 -9999 -9999 -9999 -9999 -9999 -9999 -9999 -9999 -9999 -9999 -9999 -9999 -9999 -9999 -9999 -9999 -9999
0.0273097967095965 0.0334074489037877 0.0477438872039407 0.066650901490138 0.0662835418527984 0.0655619511396544 0.0659336157243267 0.0733657945317274 0.0855588388450055 0.0905887341737563 0.097622920440092 0.113421390998826 0.123434251906569 0.128739156517518 0.135122771498554 0.14304201359064 0.156917104462479 0.169796340374499 0.181701119195738 0.194624539524572 0.207376601359505 0.217763713914326 0.231085895060531 0.247860369732922 0.267514305726092 0.28829640314846 0.311958581462676 0.334569412479475 0.355689609444167 0.375619241672452 0.395417241791649 0.421055395416855 0.444335993165248 0.463562089300879 0.48189450500405 0.499732996035713 0.49505508680531 -9999 -9999 -9999 -9999 -9999 -9999 -9999 -9999 -9999 -9999 -9999 -9999 -9999 -9999 -9999 -9999 -9999 -9999 -9999 -9999
0.0230884783442179 0.0271226983769247 0.0407188883632024 0.0596197081440858 0.0646229239862909 0.0676065515424058 0.0668248495219671 0.0719663006950511 0.0811017011522107 0.0871821984867008 0.0954141044154694 0.111644402407782 0.12140544003434 0.125902210468359 0.132699631259437 0.140958676590962 0.1540565909302 0.166078858134501 0.17704859056204 0.190170668924349 0.203226720266437 0.213082115570148 0.225858011762723 0.242069066622948 0.260469555436074 0.279871115203785 0.302818378061819 0.324829976240643 0.345514958908484 0.365551022681879 0.385390381052361 0.406020987773591 0.426720746984823 0.447539433974184 0.466799936435857 0.485291703891817 0.489218802276099 -9999 0.512899289342616 0.512899289342616 -9999 -9999 -9999 -9999 -9999 -9999 -9999 -9999 -9999 -9999 -9999 -9999 -9999 -9999 -9999 -9999 -9999
0.0211777367924069 0.025856946682119 0.035194359965634 0.047115973433011 0.0579107908307924 0.0656054279522461 0.0654153734991186 0.0699216422361152 0.0775946156032561 0.0845286498519355 0.0935825907164993 0.109827128475993 0.119341203998452 0.123378463077936 0.131310653698397 0.140288903507512 0.151265411112353 0.162391633986348 0.173664355207503 0.185330676010871 0.196933262257108 0.207637075138891 0.220652211962447 0.23638597986145 0.25365547757556 0.27166545122557 0.292524919281185 0.31315475417629 0.333459007782138 0.353459778910515 0.373244957495851 0.391034291512506 0.410325006722009 0.432197782669777 0.455639569467903 0.479694483027842 0.475425436623211 0.480252533570352 0.504253697074724 0.512899289342616 -9999 -9999 -9999 -9999 -9999 -9999 -9999 -9999 -9999 -9999 -9999 -9999 -9999 -9999 -9999 -9999 -9999
0.0207110897387059 0.027728034479874 0.0306076151980384 0.0311919382889436 0.0480414956224614 0.0610757549000092 0.0625679697804645 0.0674737603587196 0.0746813060611329 0.0823457129072793 0.0919868883566716 0.107984676485383 0.117254828105736 0.121050462679017 0.130568020645271 0.140502598076886 0.1485175643856 0.158723320935933 0.171072794364228 0.180249359327115 0.189300083528317 0.201714888693224 0.215460214195109 0.230770527567902 0.24698556838512 0.263597050704583 0.28151068387929 0.300269679384367 0.320227256822471 0.340104158669029 0.359775446858452 0.376077414534682 0.394691449207544 0.417281754160509 0.446938051239364 0.479694483027842 0.475425436623211 0.480252533570352 0.504253697074724 -9999 -9999 -9999 -9999 -9999 -9999 -9999 -9999 -9999 -9999 -9999 -9999 -9999 -9999 -9999 -9999 -9999 -9999
0.0204669474771696 0.0222844881778426 0.02434125515234 0.0265307360786636 0.0399869966452669 0.0518220175895793 0.0582988360325005 0.0641092637750221 0.0694703479713246 0.0771881873061636 0.0864128923374813 0.099872381950533 0.110347428594324 0.118393927873683 0.126693967213655 0.135084590649843 0.143702813667287 0.154204979978937 0.166550609421008 0.175390930790255 0.183996178076922 0.195735110900036 0.208581444336986 0.22273032722074 0.238065064916232 0.253870028091663 0.270914215733751 0.288780365321342 0.307811919022792 0.326042006691087 0.343810421386329 0.358369289331327 0.379779187667118 0.412971421277231 -9999 -9999 -9999 -9999 -9999 -9999 -9999 -9999 -9999 -9999 -9999 -9999 -9999 -9999 -9999 -9999 -9999 -9999 -9999 -9999 -9999 -9999 -9999
0.0199222617521126 0.0174112125068034 0.0190444292469304 0.0229767325696195 0.0313364369004509 0.0410149362435815 0.0536363048666888 0.0607025344485436 0.0640229646441839 0.0723372894135528 0.0816724585951025 0.092843424884864 0.103805371964283 0.114597232679976 0.122313571803931 0.129950366148858 0.139245957259586 0.149907416594391 0.161905395833931 0.170499431583626 0.178772173940005 0.189523564746387 0.201400841518882 0.214602410624254 0.229137736715386 0.244158076325356 0.260157116387129 0.277110649006169 0.295417491907965 0.312131324692836 0.328116625030992 0.341342231372655 0.34784258192724 0.342776903144774 -9999 -9999 -9999 -9999 -9999 -9999 -9999 -9999 -9999 -9999 -9999 -9999 -9999 -9999 -9999 -9999 -9999 -9999 -9999 -9999 -9999 -9999 -9999
0.0184355855069371 0.0157890784386838 0.0169906686599192 0.020327041947142 0.0205259576256624 0.0265866999709144 0.0481045372722081 0.0573647370699245 0.0583596800133347 0.0690309554764902 0.0802584637081711 0.0903711598389663 0.0993748056497619 0.10747597777974 0.117090783830055 0.126856986572214 0.136293523711564 0.146447642686642 0.157303924864452 0.16546214410087 0.173291373206196 0.182634260001519 0.193679882535825 0.206728301047625 0.220668049718526 0.234843233128582 0.24883308639314 0.264607445812872 0.282911935521267 0.298821624731852 0.313760267811989 0.326927037054029 0.336549444864283 0.340076294438684 -9999 -9999 -9999 -9999 -9999 -9999 -9999 -9999 -9999 -9999 -9999 -9999 -9999 -9999 -9999 -9999 -9999 -9999 -9999 -9999 -9999 -9999 -9999
0.0183159743634635 0.0156790581244469 0.0151467064213415 0.0157818898387263 0.0163533344576543 0.0222872052726378 0.0420689866452634 0.0520334366663374 0.0553781147109006 0.0653661439837519 0.0762895122965066 0.0882661146143281 0.0970497739589782 0.103235222072203 0.112841047987743 0.122818485998812 0.132178885342065 0.142088147105581 0.152534477919178 0.160032036715546 0.167244281709102 0.176561358469582 0.187215572310757 0.199442556785249 0.212844037136334 0.226439940114649 0.23869564491456 0.252795518694715 0.269510114638083 0.2847526208671 0.299394984581399 0.312886190512492 0.32062349332938 0.318465289666158 -9999 -9999 -9999 -9999 -9999 -9999 -9999 -9999 -9999 -9999 -9999 -9999 -9999 -9999 -9999 -9999 -9999 -9999 -9999 -9999 -9999 -9999 -9999
0.0192298942079271 0.0167122287379707 0.0134613563030309 0.00980372756881934 0.0171990750612655 0.0256452597817165 0.0356525650747182 0.045195004562668 0.0544239876214798 0.0614303156522328 0.0703889581119698 0.0864386955716352 0.0963165722966977 0.101172186483977 0.109326960747388 0.118065453369632 0.127185594817794 0.137048442345946 0.147638037478132 0.154304948929307 0.160769062062655 0.171105675545717 0.181701315913204 0.192601629513486 0.205508168472707 0.218725798890087 0.22945529019438 0.241506211343522 0.255430698277293 0.270109566715475 0.285022953091662 0.299128359042736 0.310176568648441 0.315967041784464 -9999 -9999 -9999 -9999 -9999 -9999 -9999 -9999 -9999 -9999 -9999 -9999 -9999 -9999 -9999 -9999 -9999 -9999 -9999 -9999 -9999 -9999 -9999
0.0230046065449251 0.0197098509449606 0.0161319242004227 0.012396904503515 0.0173859875243742 0.0233405804319005 0.0308786215236477 0.0413113324720544 0.0536959032194415 0.0581121690013657 0.0609685730318204 0.0611225153907306 0.0985197948139605 0.098421779190644 0.104294811385663 0.111438185439524 0.120199733711343 0.130520595310446 0.142367265375476 0.149283794414505 0.155761053046021 0.16598653346166 0.176546829888146 0.18750094441827 0.197694124735888 0.207771252330757 0.2188104582174 0.230780881174501 0.24407161367968 0.258149974341569 0.272829383687671 0.293483398751723 -9999 -9999 -9999 -9999 -9999 -9999 -9999 -9999 -9999 -9999 -9999 -9999 -9999 -9999 -9999 -9999 -9999 -9999 -9999 -9999 -9999 -9999 -9999 -9999 -9999
0.0280661908592932 0.0234089251468085 0.0194618159697852 0.0159086755601953 0.0175029927334272 0.0204312521295673 0.0262664784441002 0.0371853231888936 0.0515320235920979 0.0546712918820628 0.0584141871627898 0.0675487297591507 0.0793093503971659 0.0932069041153382 0.0997572308640734 0.105684612397276 0.113697580336915 0.123923829209705 0.136315802396 0.143985492324832 0.151092591173544 0.16092920894787 0.171251325433267 0.182144496394911 0.189802126208501 0.196952496851177 0.208063126141107 0.219911589105709 0.232806176412817 0.2464684090855 0.259507489159815 0.255228149950827 -9999 -9999 -9999 -9999 -9999 -9999 -9999 -9999 -9999 -9999 -9999 -9999 -9999 -9999 -9999 -9999 -9999 -9999 -9999 -9999 -9999 -9999 -9999 -9999 -9999
0.0367004717957214 0.0288569142334997 0.0232058886307648 0.018771199244771 0.0176726062997616 0.017959470291195 0.0214749367420404 0.0306746182498937 0.0437071343841236 0.0504533045197 0.0574637738528158 0.0672543839525099 0.0783992746244275 0.0906461915532554 0.097875357953864 0.104226839614487 0.110041671475956 0.117789877557973 0.127429915577737 0.137269916078551 0.147017717963552 0.155945933816321 0.165234399821841 0.174946600139329 0.181843102459628 0.188246543809623 0.197607798807281 0.208209430732869 0.22056970900754 0.234546623660917 0.248515075000179 0.250969944316805 -9999 -9999 -9999 -9999 -9999 -9999 -9999 -9999 -9999 -9999 -9999 -9999 -9999 -9999 -9999 -9999 -9999 -9999 -9999 -9999 -9999 -9999 -9999 -9999 -9999
0.0411959917559602 0.0325805797800337 0.0262236687051605 0.0211196909932914 0.0191791671916486 0.0183674940411304 0.0201400639853187 0.0280323621311812 0.0400511589967699 0.0484905860588109 0.0568065998558731 0.0658055665964385 0.0768988342977805 0.089696309159725 0.0975415769818701 0.104109808492784 0.108367060390798 0.114212290685631 0.121611378591489 0.131645425960415 0.141911316486803 0.150156162475525 0.158422225922536 0.166713245820004 0.173359806379275 0.179819513443968 0.18896357978758 0.199489404968024 0.21197433232055 0.227361535598075 0.242996571837064 -9999 -9999 -9999 -9999 -9999 -9999 -9999 -9999 -9999 -9999 -9999 -9999 -9999 -9999 -9999 -9999 -9999 -9999 -9999 -9999 -9999 -9999 -9999 -9999 -9999 -9999
0.0419250971531468 0.034735051712724 0.0285804975937101 0.023000396034396 0.0219023960443008 0.0213962397339278 0.021950878628829 0.028910527234418 0.0401890382959828 0.0485802397167703 0.0564162837000608 0.0633061404998722 0.0748611419611376 0.0902123375158956 0.0986166128163028 0.105212898307435 0.108495498295288 0.112961083517013 0.118584235247868 0.127013861673519 0.135866188877167 0.143632451899044 0.150886348782107 0.157537589117635 0.164399404480141 0.171646312288193 0.181967531505166 0.193483222246622 0.206692473177977 0.224487004734998 -9999 -9999 -9999 -9999 -9999 -9999 -9999 -9999 -9999 -9999 -9999 -9999 -9999 -9999 -9999 -9999 -9999 -9999 -9999 -9999 -9999 -9999 -9999 -9999 -9999 -9999 -9999
0.0430204073544491 0.035816794342907 0.029711985619913 0.0242167531658024 0.0237842778312559 0.0245900048511553 0.0280644012575519 0.0332430834616645 0.0395709561086465 0.0460494591736715 0.0530834911134789 0.0618971512410454 0.0725199607206445 0.0846149393574357 0.092514043936627 0.0994071775341998 0.1046719446625 0.109738284431203 0.114610460435737 0.1212932621509 0.128842541772158 0.139294066517726 0.148731031310103 0.156974647923631 0.163427610746279 0.169679051278891 0.178871879593554 0.190451613308755 0.205415578360204 -9999 -9999 -9999 -9999 -9999 -9999 -9999 -9999 -9999 -9999 -9999 -9999 -9999 -9999 -9999 -9999 -9999 -9999 -9999 -9999 -9999 -9999 -9999 -9999 -9999 -9999 -9999 -9999
0.0435182879382641 0.037478896573258 0.0317726378138506 0.0262511887906999 0.0260311020965901 0.0277101455080561 0.0337389648894337 0.0369204362702065 0.0381819567165741 0.0431942525034211 0.0473438058163846 0.0475178331455169 -9999 0.08004616133447 0.0862499863631938 0.0933226451814767 0.100120844382074 0.105744620445075 0.110219208122029 0.11547201736148 0.121958173544059 0.134915767985872 0.146343283602899 0.155971086178509 0.16228383590448 0.167952099314268 0.176497208082737 0.181508114284556 -9999 -9999 -9999 -9999 -9999 -9999 -9999 -9999 -9999 -9999 -9999 -9999 -9999 -9999 -9999 -9999 -9999 -9999 -9999 -9999 -9999 -9999 -9999 -9999 -9999 -9999 -9999 -9999 -9999
0.0405074510757016 0.0432601347613716 0.0399403078616596 0.0332516750845306 0.0310334493619218 0.0302790542773894 0.0328374089754008 0.0337238872707064 0.0334830285981023 0.0412281423894011 0.0477137970096478 0.0476324205098648 -9999 -9999 0.0862499863631938 0.0926179859752762 0.0956560537120216 0.0996462237060745 0.104568038199798 0.11020027010939 0.1167770706288 0.128161236350101 0.137398528647051 0.144110620256635 0.152316274745272 0.161339218887128 0.174052793288503 -9999 -9999 -9999 -9999 -9999 -9999 -9999 -9999 -9999 -9999 -9999 -9999 -9999 -9999 -9999 -9999 -9999 -9999 -9999 -9999 -9999 -9999 -9999 -9999 -9999 -9999 -9999 -9999 -9999 -9999
0.0400587340822774 0.0456155520832626 0.0449759234733152 0.0408987338301665 0.0356768864563029 0.0321454488571856 0.0330964520733 0.0336019334139559 0.0338070018297067 0.0406332843794479 0.0475673558361456 0.052842112858479 -9999 -9999 -9999 -9999 0.0938549099711804 0.0964606199352776 0.101616051147439 0.10744648109833 0.114070631266109 0.124632889086095 0.132051311938855 0.135771885570439 0.145781433989559 0.156461782458925 -9999 -9999 -9999 -9999 -9999 -9999 -9999 -9999 -9999 -9999 -9999 -9999 -9999 -9999 -9999 -9999 -9999 -9999 -9999 -9999 -9999 -9999 -9999 -9999 -9999 -9999 -9999 -9999 -9999 -9999 -9999
0.0424121038850855 0.0442242877876664 0.0465861379215279 0.0492529226956044 0.0399277980240028 0.0332435321029264 0.0346247953340166 0.0368425398171812 0.0396243189603845 0.0415381092927625 0.0446451505422086 0.0519370972559119 0.0552086416115187 -9999 -9999 -9999 -9999 0.0964606199352776 0.101616051147439 0.10744648109833 0.114070631266109 0.124632889086095 0.130638577197763 0.131284725790726 0.143000820595982 -9999 -9999 -9999 -9999 -9999 -9999 -9999 -9999 -9999 -9999 -9999 -9999 -9999 -9999 -9999 -9999 -9999 -9999 -9999 -9999 -9999 -9999 -9999 -9999 -9999 -9999 -9999 -9999 -9999 -9999 -9999 -9999
0.0434742451368616 0.0439877606603973 0.0470257671008311 0.051464268397347 0.0436910970978104 0.0376793189039759 0.0374859197969012 0.0382654292135438 0.0397009654413823 0.0406405587878935 0.0433685389787488 0.0521238670697819 0.0608331598262686 0.069504991994118 -9999 -9999 -9999 -9999 -9999 -9999 -9999 -9999 -9999 0.130371805362451 0.130371805362451 -9999 -9999 -9999 -9999 -9999 -9999 -9999 -9999 -9999 -9999 -9999 -9999 -9999 -9999 -9999 -9999 -9999 -9999 -9999 -9999 -9999 -9999 -9999 -9999 -9999 -9999 -9999 -9999 -9999 -9999 -9999 -9999
0.044497036112516 0.0441558003983819 0.0471052397057191 0.0518802246744649 0.0471012286240076 0.0427806651128062 0.0406385129638605 0.0393830675709196 0.03872552361622 0.0399183614223203 0.0431470688401444 0.0525028235686745 0.0611242321865073 0.0691480772623044 0.0687361034628153 -9999 -9999 -9999 -9999 -9999 -9999 -9999 -9999 -9999 -9999 -9999 -9999 -9999 -9999 -9999 -9999 -9999 -9999 -9999 -9999 -9999 -9999 -9999 -9999 -9999 -9999 -9999 -9999 -9999 -9999 -9999 -9999 -9999 -9999 -9999 -9999 -9999 -9999 -9999 -9999 -9999 -9999
