layers/veg50/veg2000.asc
NCOLS 255 
NROWS 330 
XLLCORNER -2985163.8955 
YLLCORNER -3022031.214 
CELLSIZE 25000 
NODATA_value -9999 
[rows 150 to 174 of 330, columns 57 to 113 of 255]
-9999 -9999 -9999 -9999 -9999 -9999 -9999 -9999 -9999 -9999 -9999 -9999 -9999 -9999 -9999 -9999 -9999 -9999 -9999 -9999 0.553285723397672 0.565302282442722 0.49857826886435 0.388815678235836 0.188540948010383 0.0357424143955327 0.0118697965587326 0.0252794610663169 0.0634750031446182 0.0655021369809644 0.0625527444064683 0.0538782704557204 0.0431565546620142 0.0307916848184424 0.0140570531585226 0 0 0 0 0.0420080390104549 0.0865127714669653 0.0938364203549531 0.0910972053138592 0.076682681280634 0.114444084052317 0.16804804433753 0.232638619078322 0.270205825844015 0.269991214426713 0.293210818013326 0.323694230208944 0.333036277567488 0.336127859055458 0.328625726012857 0.328446495705742 0.331573538133649 0.335042777444061
-9999 -9999 -9999 -9999 -9999 -9999 -9999 -9999 -9999 -9999 -9999 -9999 -9999 -9999 -9999 -9999 -9999 -9999 -9999 -9999 0.547806000082044 0.54314444598448 0.497191197795585 0.428668444477741 0.245350661910435 0.0923428246767103 0.0269526833439088 0.0185390419115525 0.0480043194223956 0.0497230203798974 0.0447728830066502 0.0262377363651605 0.0229457960793384 0.0318883342662976 0.0158888250187027 0 0 0 0 0.0255496568581164 0.0542230330196642 0.0697565407267296 0.0917157478909438 0.121130290552239 0.148962939925266 0.178204130990498 0.224309220107202 0.251935360797814 0.253725777744039 0.286192946612189 0.327904175499461 0.337215253963838 0.340662367599029 0.334170834947047 0.335344653507976 0.339974067746643 0.344224819661298
-9999 -9999 -9999 -9999 -9999 -9999 -9999 -9999 -9999 -9999 -9999 -9999 -9999 -9999 -9999 -9999 -9999 -9999 -9999 -9999 -9999 0.525746129429973 0.499775252573599 0.459609030834625 0.283772345388529 0.128174685112696 0.0365777129633981 0.0119236083679408 0.0317742286735903 0.0383158275913559 0.0376496286299006 0.0175406719823348 0.0176317065295179 0.03393562645371 0.0173243491081777 0 0 0 0 0.0126419261124591 0.0279778799755903 0.0435902424266366 0.0714740947642506 0.113595786073873 0.150510332194125 0.186086359199199 0.222774331272527 0.245687075342385 0.249340445068677 0.284735032546578 0.329568893504773 0.338637179136522 0.343976315323773 0.342995035485267 0.345237002811308 0.348925263685033 0.351511650402637
-9999 -9999 -9999 -9999 -9999 -9999 -9999 -9999 -9999 -9999 -9999 -9999 -9999 -9999 -9999 -9999 -9999 -9999 -9999 -9999 -9999 -9999 0.507444032714047 0.479138247004712 0.298649550988247 0.137413993155893 0.0392143705630429 0.00546820941690757 0.0145717748425099 0.0325065515523451 0.0441713510427032 0.0330992833428362 0.0313916714845637 0.0372001445450459 0.0182525079900892 0 0 0 0 0.00428053510956187 0.00947235994519123 0.0147524433111977 0.0245225436759076 0.0395021287568206 0.10984026682178 0.191057084184819 0.229939297176556 0.254832278745165 0.260166684246001 0.290396222022078 0.327974641074601 0.336528909391341 0.345727427522437 0.356017864041855 0.358963187166218 0.358581546074725 0.356371806636422
-9999 -9999 -9999 -9999 -9999 -9999 -9999 -9999 -9999 -9999 -9999 -9999 -9999 -9999 -9999 -9999 -9999 -9999 -9999 -9999 -9999 -9999 0.499730609731309 0.498691303305209 0.327771620989628 0.169582284346619 0.0595213848721341 0.0121538266368115 0.00646583796483477 0.033459286882225 0.0541677408656618 0.0452849398341643 0.0407740897576365 0.0397722481268775 0.0190731041802854 0 0 0 0 0.0125969848875442 0.0241952328578976 0.014330616093614 0.0338546947042016 0.0874766307235153 0.159085945282707 0.230090597971735 0.249652713993037 0.260657041718523 0.259696583939145 0.28936210214536 0.328313523727807 0.335938484766882 0.345627369569659 0.358814332694638 0.364163232490432 0.365943475750236 0.363209234769787
-9999 -9999 -9999 -9999 -9999 -9999 -9999 -9999 -9999 -9999 -9999 -9999 -9999 -9999 -9999 -9999 -9999 -9999 -9999 -9999 -9999 -9999 0.512203566457323 0.516880952719913 0.364266228874639 0.215980747093832 0.0933289516631219 0.0285117205027747 0.0021438636623694 0.0354112496288632 0.0626472660689671 0.0534182006415722 0.0465386972729999 0.0415449957336762 0.0201989671686355 0.000883870874103481 0.000291134243502811 0 0 0.0257984792307018 0.0489011563976792 0.0242094509922857 0.0608966844361504 0.168798045560227 0.232409879055983 0.278103841692467 0.273775831820998 0.267060771559548 0.257008336626258 0.286891723497967 0.329230195039769 0.336902965676875 0.346488199049612 0.359314804296242 0.36708377612262 0.372517485164781 0.370508247807416
-9999 -9999 -9999 -9999 -9999 -9999 -9999 -9999 -9999 -9999 -9999 -9999 -9999 -9999 -9999 -9999 -9999 -9999 -9999 -9999 -9999 -9999 0.508257505621797 0.50683196531045 0.435366920348128 0.347409104894184 0.224112892983458 0.112424610825664 0.00845347224421992 0.0227586162245318 0.0384252972525284 0.0247304469621435 0.0248876491228683 0.0361627639827105 0.0255428599791193 0.0127368618742636 0.00419533752611174 0 0 0.0330189341287641 0.0647962716613916 0.0484384204329091 0.0829441867264948 0.17646381380692 0.245457708199355 0.301522434259017 0.302510217630151 0.293910450841518 0.271906171436602 0.293335855487737 0.329597080181206 0.351102529574655 0.3666669349877 0.372162055127423 0.375765668970375 0.378476068990888 0.375639080490801
-9999 -9999 -9999 -9999 -9999 -9999 -9999 -9999 -9999 -9999 -9999 -9999 -9999 -9999 -9999 -9999 -9999 -9999 -9999 -9999 -9999 -9999 0.512603260269625 0.507796099948534 0.483249867634435 0.431154669725933 0.310976056102802 0.169067525498602 0.012712586894498 0.0132683934579942 0.0217852971135738 0.011195302823952 0.0133400359854527 0.025705896200027 0.0225072628883055 0.0160316710638787 0.00528059987495615 0 0 0.0336619714149382 0.0683208599848801 0.0672616263156441 0.101382464883153 0.176320531689479 0.247935043456297 0.312858100438864 0.325347314017966 0.322362448117776 0.297743015498348 0.310907959689337 0.337752148202974 0.365627864150272 0.383065682467412 0.382812642201711 0.383658117644613 0.384973368700842 0.382691431166111
-9999 -9999 -9999 -9999 -9999 -9999 -9999 -9999 -9999 -9999 -9999 -9999 -9999 -9999 -9999 -9999 -9999 -9999 -9999 -9999 -9999 -9999 0.519535261592584 0.52544904472568 0.495211640418669 0.44112812676105 0.329887486904595 0.183519883410647 0.0137992938492809 0.00867087273225694 0.0168756880814143 0.021103415149628 0.0174238833911548 0.00739783990564966 0.00650739517084521 0.00608574765868903 0.002004556992059 0 0 0.0241288019212958 0.0527064719582156 0.0777213419938889 0.114236756547496 0.164095530583147 0.234058311220444 0.305499749502608 0.339060459315386 0.353293460746112 0.340504073085383 0.345696630171136 0.357956650228451 0.380657212607337 0.393616246595009 0.390064675932589 0.390329183152255 0.392304139014771 0.39271664529191
-9999 -9999 -9999 -9999 -9999 -9999 -9999 -9999 -9999 -9999 -9999 -9999 -9999 -9999 -9999 -9999 -9999 -9999 -9999 -9999 -9999 -9999 0.535502176595431 0.535048853971727 0.506989121550296 0.457269657512409 0.355146639912567 0.202099182321168 0.0151963152532571 0.0042391574380241 0.00892532972098323 0.0138431488569391 0.0121889493096115 0.00525992639328501 0.00319066044680026 0.00185242778577988 0.000610162839231051 0 0 0.0204680484040215 0.0446829923658481 0.0657163023819493 0.102470072198953 0.15746330415789 0.215931165187667 0.273869034513279 0.318107885499401 0.344567340731561 0.346169128392504 0.359910610011009 0.377701106517006 0.389647179526134 0.396759536796345 0.395679383984859 0.396920611820948 0.399199611023909 0.400149162572744
-9999 -9999 -9999 -9999 -9999 -9999 -9999 -9999 -9999 -9999 -9999 -9999 -9999 -9999 -9999 -9999 -9999 -9999 -9999 -9999 -9999 -9999 0.503977087867679 0.537535748522226 0.517227263268127 0.474751937700429 0.381031161398065 0.221386172709581 0.0179136779136426 0.000621775141630961 0 0 0.00335976481812248 0.00941613882605922 0.00490079913448767 0 0 0 0 0.0190038738304632 0.0393918736752346 0.0444626337153517 0.0804973479491211 0.152457593460752 0.196642991212257 0.234404885248699 0.284617921109892 0.320882581728496 0.337645787981778 0.366101480324838 0.39699898673746 0.396240313335705 0.397143797015301 0.400864417527476 0.403312831234375 0.405178514093744 0.405824449969806
-9999 -9999 -9999 -9999 -9999 -9999 -9999 -9999 -9999 -9999 -9999 -9999 -9999 -9999 -9999 -9999 -9999 -9999 -9999 -9999 -9999 -9999 0.477265789143804 0.469513101189967 0.477822158117999 0.452535145255627 0.340483232974677 0.207690856744699 0.0611098772459642 0.0223233008521264 0 0 0.00132763448333521 0.00372085288170073 0.00193658493348983 0 0 0 0 0.0109371407050139 0.0219377653876644 0.0197961454450557 0.0524210441002205 0.125383350681235 0.196672484680512 0.264461698145511 0.304659253232793 0.33755205935092 0.360231974992945 0.384334294266894 0.407508009185668 0.404951940179765 0.406251715558059 0.414086638159983 0.404050786052598 0.386092959044229 0.387718896806058
-9999 -9999 -9999 -9999 -9999 -9999 -9999 -9999 -9999 -9999 -9999 -9999 -9999 -9999 -9999 -9999 -9999 -9999 -9999 -9999 -9999 -9999 0.412322100857918 0.417523348301826 0.447440092267457 0.434586663369527 0.310878002697787 0.198693639246583 0.0941708190817651 0.0388781493451051 0 0 0 0 0 0 0 0 0 0.0052888708152384 0.00983175226188316 0.0034354020897693 0.0336926584225097 0.106476792256139 0.199594420535945 0.292123187243407 0.327361592322433 0.357498802701749 0.380503948312602 0.399880070827903 0.416830648377967 0.413837284498959 0.413235346773982 0.416686560689429 0.397993426347476 0.369519377628151 0.370255944498113
-9999 -9999 -9999 -9999 -9999 -9999 -9999 -9999 -9999 -9999 -9999 -9999 -9999 -9999 -9999 -9999 -9999 -9999 -9999 -9999 -9999 -9999 0.405518550517905 0.400197515133995 0.434062098327244 0.424681885746037 0.301894474266372 0.198550068675879 0.108131694789245 0.0457339965813873 0 0 0 0 0 0 0 0 0 0.0041982362638985 0.00780431595428247 0.0027269771068689 0.0325805844461208 0.102962374715304 0.207967213548826 0.315270647667266 0.35507864456071 0.383621609379449 0.396414746343115 0.410362079479229 0.42391752802995 0.423050002371698 0.416215722183921 0.399268580736097 0.379130180180844 0.357679653494702 0.354003984495412
-9999 -9999 -9999 -9999 -9999 -9999 -9999 -9999 -9999 -9999 -9999 -9999 -9999 -9999 -9999 -9999 -9999 -9999 -9999 -9999 -9999 -9999 0.399137505814509 0.398451325698827 0.417814922301619 0.402943333875069 0.299313390679038 0.216244919256979 0.146846054146997 0.0640781091598482 0 0 0 0 0 0 0 0 0 0.00231795044009694 0.00430895653883142 0.00150563174334818 0.0378293330843004 0.119549665375003 0.238980441168691 0.358875567608375 0.386690725895667 0.405442860125898 0.411523830368447 0.412755166580867 0.41201713469103 0.407333194403704 0.396644502315484 0.375778548608244 0.361156851976497 0.349390457234128 0.342933673280715
-9999 -9999 -9999 -9999 -9999 -9999 -9999 -9999 -9999 -9999 -9999 -9999 -9999 -9999 -9999 -9999 -9999 -9999 -9999 -9999 -9999 -9999 0.401654366410737 0.404860730291674 0.400120458799963 0.375235529181272 0.299961861007411 0.242937917308902 0.198046692105657 0.0882171911951438 0 0 0 0 0 0 0 0 0 3.93446899035934e-05 7.31398548889135e-05 2.55564627380745e-05 0.0462866403406756 0.146276762313777 0.28141407240295 0.412799743724011 0.420267557693505 0.425094298068065 0.426228509722163 0.411067998576707 0.390539084171186 0.379041307734313 0.365697691620356 0.349225620921873 0.343632420734131 0.342892236370284 0.33447711580239
-9999 -9999 -9999 -9999 -9999 -9999 -9999 -9999 -9999 -9999 -9999 -9999 -9999 -9999 -9999 -9999 -9999 -9999 -9999 -9999 -9999 -9999 0.390696918324887 0.389342632988325 0.386595043626156 0.36538498215046 0.297445505134918 0.232993157330907 0.170859110668225 0.123420045332038 0.0757897018277754 0.023349205844994 0 0 0 0 0 0 0 0 0 0 0.0482411671841198 0.152453530737886 0.296545316957093 0.434699861336271 0.41695239661014 0.407668733186449 0.410218450496071 0.395143739429138 0.374178186960038 0.36147489658126 0.348454397201485 0.334896270439581 0.330793683874384 0.330891608598797 0.321873096395184
-9999 -9999 -9999 -9999 -9999 -9999 -9999 -9999 -9999 -9999 -9999 -9999 -9999 -9999 -9999 -9999 -9999 -9999 -9999 -9999 -9999 -9999 0.385681637646902 0.38181524502961 0.377352279767825 0.357843271570177 0.30020181804426 0.225539925853335 0.139562564693693 0.14888475779427 0.140692767796461 0.0488335143210527 0.00531657015125329 0.000600054757654886 0 0 0 0 0 0 0 0 0.0461116799560692 0.145723845999155 0.294453779458582 0.437846716751609 0.407208989131693 0.389980404225877 0.391499363759408 0.3765994509939 0.356233584144519 0.343956440014375 0.332957599275046 0.324125314035125 0.321316838214516 0.321164262859006 0.312404289257345
-9999 -9999 -9999 -9999 -9999 -9999 -9999 -9999 -9999 -9999 -9999 -9999 -9999 -9999 -9999 -9999 -9999 -9999 -9999 -9999 -9999 -9999 0.390309239777834 0.393599836673784 0.377895979871989 0.354939931313608 0.315345879144363 0.225375902518782 0.10191517861135 0.151257242989426 0.177189440154691 0.0783279345861847 0.0229936734509912 0.00259518124612305 0 0 0 0 0 0 0 0 0.034752873815337 0.109827324372459 0.253436158604037 0.398702142308101 0.384027524742147 0.373195751223617 0.367736721592492 0.352545415615852 0.334397979188695 0.326111342795054 0.320961461736451 0.321127966889647 0.31946466978679 0.316946858008337 0.310393982109736
-9999 -9999 -9999 -9999 -9999 -9999 -9999 -9999 -9999 -9999 -9999 -9999 -9999 -9999 -9999 -9999 -9999 -9999 -9999 -9999 -9999 -9999 0.507245771791248 0.409575332947772 0.37032356995783 0.336701897394491 0.311930354595276 0.231193310761116 0.113249476741137 0.163281222827899 0.191371678599041 0.100781182037162 0.0405094433845494 0.00457209884216799 0 0 0 0 0 0 0.0035329067381557 0.0279171418883286 0.0652301971770174 0.117543750443685 0.240298509066109 0.368503734123992 0.36643450916482 0.360147643010491 0.347964022871117 0.33671646293712 0.326047953309 0.319692099275373 0.316695138278461 0.31939105757343 0.314826534156325 0.307034098031853 0.305887006724763
-9999 -9999 -9999 -9999 -9999 -9999 -9999 -9999 -9999 -9999 -9999 -9999 -9999 -9999 -9999 -9999 -9999 -9999 -9999 -9999 -9999 0.570398013398546 0.512100038232664 0.421937144988985 0.357751119881378 0.309016716502738 0.297080944424635 0.24069566142598 0.154759608826412 0.181251137447171 0.191806805986943 0.118896619036958 0.0579258216996357 0.00653779860193159 0 0 0 0 0 0 0.0092423088097325 0.0730330194200785 0.121481238153994 0.152128527189465 0.244336695734436 0.343816733559365 0.352284333623288 0.349401484126749 0.330649383174071 0.325954684525607 0.326005902165994 0.320311908609548 0.317190872106882 0.318430658155938 0.308472065470607 0.293612636928437 0.299841924853981
-9999 -9999 -9999 -9999 -9999 -9999 -9999 -9999 -9999 -9999 -9999 -9999 -9999 -9999 -9999 -9999 -9999 -9999 -9999 -9999 0.516494512252914 0.512922256362923 0.475223730648763 0.418872227894598 0.374683748382151 0.328099185196808 0.274300660363411 0.212919068637675 0.146496128695436 0.137942038733937 0.121768388527154 0.0645127938325396 0.0261501872292306 0.00295144121379962 0 0 0 0 0 0 0.0159474486834861 0.126017248869166 0.200600541403545 0.234011067934084 0.263861432860513 0.292427475602607 0.318392711064479 0.327935750159804 0.31451864461816 0.311528226404772 0.312161624949226 0.310384170883566 0.30721011648298 0.301669008879025 0.296387356049237 0.291288365300382 0.295324892804814
-9999 -9999 -9999 -9999 -9999 -9999 -9999 -9999 -9999 -9999 -9999 -9999 -9999 -9999 -9999 -9999 -9999 -9999 -9999 -9999 -9999 0.464938395817097 0.443718887057218 0.410901069670655 0.385564130347889 0.343139184147821 0.256647028386087 0.187184344144913 0.129043134064135 0.0971309029741572 0.06405332883499 0.01973347729252 0 0 0 0 0 0 0 0 0.0204616135614798 0.161688323920541 0.255095854416945 0.293021793928766 0.272268775850877 0.242962082538943 0.285637678117079 0.307637332543308 0.300729611320303 0.300049691823626 0.301459343999878 0.300091745457477 0.295937940770826 0.287061884474983 0.286595326840427 0.289906830965256 0.290992550486655
-9999 -9999 -9999 -9999 -9999 -9999 -9999 -9999 -9999 -9999 -9999 -9999 -9999 -9999 -9999 -9999 -9999 -9999 -9999 -9999 -9999 -9999 0.436150079193052 0.391626441604383 0.372928915015307 0.337135740903014 0.255547808018399 0.174771993099474 0.0945360876282761 0.0757089252735611 0.0562701713662991 0.0173356509193087 0 0 0 0 0 0 0 0 0.0183729948829502 0.145183992410912 0.233080680138556 0.275827538321035 0.245114691481475 0.204388144165297 0.260099334010331 0.292866203893353 0.293554240155935 0.29791361217467 0.302666258641507 0.290813103668281 0.28295577017066 0.281870826588319 0.284637180268132 0.289093332136102 0.286898887097104
-9999 -9999 -9999 -9999 -9999 -9999 -9999 -9999 -9999 -9999 -9999 -9999 -9999 -9999 -9999 -9999 -9999 -9999 -9999 -9999 -9999 -9999 0.441728220927524 0.309961877746975 0.315561894578656 0.30243048114862 0.228966861457109 0.150005382135745 0.067388834854008 0.0497255386573137 0.0349127590189286 0.0107558834154284 0 0 0 0 0 0 0 0.00746045350480415 0.0328161172150245 0.154569701770242 0.231796876673048 0.257362855055075 0.236239546768708 0.209937056498477 0.255719565487871 0.284228457005158 0.288586817941094 0.290191983174774 0.29028510747074 0.281104792918234 0.27488517244999 0.273683537615212 0.277451799616615 0.283394944092396 0.27996027034807
