layers/veg50/veg2200.asc
NCOLS 255 
NROWS 330 
XLLCORNER -2985163.8955 
YLLCORNER -3022031.214 
CELLSIZE 25000 
NODATA_value -9999 
[rows 150 to 174 of 330, columns 57 to 113 of 255]
-9999 -9999 -9999 -9999 -9999 -9999 -9999 -9999 -9999 -9999 -9999 -9999 -9999 -9999 -9999 -9999 -9999 -9999 -9999 -9999 0.533408779576856 0.546355994491948 0.481963292233296 0.375297593050264 0.173695263825291 0.022109547727945 0.00630948841288178 0.0230394730389443 0.061395968591751 0.061894732855825 0.0572027475778419 0.0465770146283233 0.0349720896141438 0.0225812469946858 0.0101054226459029 0 0 0 0 0.0390177666037074 0.0807584467692303 0.0903488019792449 0.0898682602921709 0.077703089464719 0.115470194845863 0.169602764281971 0.245212700011685 0.288152291683993 0.285414934417507 0.298062248388638 0.315106162915285 0.311628006405916 0.309141396067307 0.308335325594754 0.312080740922953 0.317932929936789 0.331209331187149
-9999 -9999 -9999 -9999 -9999 -9999 -9999 -9999 -9999 -9999 -9999 -9999 -9999 -9999 -9999 -9999 -9999 -9999 -9999 -9999 0.527504663833182 0.522482082700495 0.480491489527107 0.418294659827938 0.230082195862115 0.0763319961189791 0.0217831613279047 0.0179062643379287 0.0477169091944402 0.0478080361635103 0.0415319745445697 0.0232065399518 0.0187030930637793 0.0252934283551179 0.0125720439294894 0 0 0 0 0.0240381337019284 0.0514476189834577 0.0690468217568927 0.0925754411975022 0.122983590384339 0.153129960859643 0.185281273945278 0.236354963566593 0.266168919150507 0.266259288586312 0.290220423805888 0.32096599783524 0.319203800193152 0.31704360702391 0.314208863975279 0.320492361224103 0.330869659724724 0.338461703763338
-9999 -9999 -9999 -9999 -9999 -9999 -9999 -9999 -9999 -9999 -9999 -9999 -9999 -9999 -9999 -9999 -9999 -9999 -9999 -9999 -9999 0.503736305082501 0.481922916071346 0.448186611180837 0.267560524300044 0.111583076554181 0.0318429005086546 0.0117953655183883 0.0314324850082758 0.0367321524533837 0.0351117760461143 0.0152699451034475 0.014218399439894 0.0282482831935353 0.0144489807085341 0 0 0 0 0.012008185011593 0.026969819733503 0.0445222039574109 0.0737480244005399 0.116517799707797 0.156972734692756 0.196480682191448 0.233278667214176 0.255254902245427 0.256508603214759 0.285189037784948 0.321776719264899 0.323015936852187 0.322299869527676 0.318269852393592 0.32649515615005 0.340181482414511 0.344383286211361
-9999 -9999 -9999 -9999 -9999 -9999 -9999 -9999 -9999 -9999 -9999 -9999 -9999 -9999 -9999 -9999 -9999 -9999 -9999 -9999 -9999 -9999 0.487071707406376 0.461298456501076 0.280827820401764 0.122542759655971 0.0349705082910697 0.00443260867820721 0.011812088875762 0.0295113863403221 0.0405362364099362 0.0270952624258493 0.0248226116529959 0.0315138630091785 0.0155708712181411 0 0 0 0 0.00375508316514772 0.00868034684781464 0.0158712432379095 0.0273471890488668 0.0437948085689895 0.117515415691554 0.201944940896816 0.23760506626978 0.258514355404312 0.258800256169153 0.283756205117937 0.316122433940181 0.322008996102533 0.324168195782393 0.3200100081012 0.329413632937629 0.344851886582302 0.348600892865654
-9999 -9999 -9999 -9999 -9999 -9999 -9999 -9999 -9999 -9999 -9999 -9999 -9999 -9999 -9999 -9999 -9999 -9999 -9999 -9999 -9999 -9999 0.477459541478925 0.476601861023887 0.308959750073021 0.154964128232907 0.0511339159126579 0.00766992036772855 0.00433838357571175 0.0303026932981961 0.0492339785991962 0.0371282014078191 0.0320271907632725 0.0325483349019416 0.0156908984840764 0 0 0 0 0.0124688242443061 0.0241458342923957 0.015739634535824 0.0381550023905502 0.0963306993145982 0.169083698494056 0.239909399977849 0.255959635716826 0.26251079262945 0.255781130161826 0.280530839705098 0.315118574089002 0.322743770934146 0.328686500087071 0.33177766860318 0.339937418999189 0.350348362772593 0.355807908681174
-9999 -9999 -9999 -9999 -9999 -9999 -9999 -9999 -9999 -9999 -9999 -9999 -9999 -9999 -9999 -9999 -9999 -9999 -9999 -9999 -9999 -9999 0.488673781590656 0.491765630505027 0.3446317708164 0.200894937855494 0.0797677933351495 0.0201849417740958 0.00151775348640622 0.0325194343487504 0.0565876892682254 0.0441263238999392 0.0364069829963603 0.0324936783608199 0.0157286843797256 0.000573218943449045 0.000188810004212199 0 0 0.0261348036773 0.049759060109035 0.0262666591445611 0.0671792845540573 0.182817016937259 0.24488830968264 0.286524227614487 0.278909811612678 0.267949308948054 0.252310587120091 0.277478138499846 0.315719474658795 0.324737752369571 0.334695972421136 0.346247270659143 0.352415822398967 0.356184127619511 0.363885366925695
-9999 -9999 -9999 -9999 -9999 -9999 -9999 -9999 -9999 -9999 -9999 -9999 -9999 -9999 -9999 -9999 -9999 -9999 -9999 -9999 -9999 -9999 0.486065353886504 0.485123042301232 0.414514102378608 0.328771067806715 0.211103339508485 0.105505996548422 0.00793324528206637 0.0204285905581688 0.0341890900636674 0.0206195938834056 0.0193073229078292 0.0278329268782283 0.018746952485617 0.00826026823638381 0.00272081252430584 0 0 0.0334994571977532 0.0665023621495647 0.0551734878697315 0.093802577868882 0.190394756078868 0.257946133042243 0.310697406464391 0.302868871311199 0.288341207338397 0.264447380447629 0.283727062336705 0.317663641321502 0.335403030940585 0.3486281452292 0.35420215875931 0.358778459758273 0.362931503618716 0.370826542335583
-9999 -9999 -9999 -9999 -9999 -9999 -9999 -9999 -9999 -9999 -9999 -9999 -9999 -9999 -9999 -9999 -9999 -9999 -9999 -9999 -9999 -9999 0.493010729815073 0.488209244483675 0.461655704442955 0.410375404207413 0.298362091030358 0.1630544865965 0.0122604522854563 0.0116682840244421 0.0191194078338996 0.00964312515843528 0.0104735775579896 0.0195764055626339 0.0157765293227509 0.00991149719329199 0.00326470338812348 0 0 0.0348680651103542 0.0718109109991727 0.0779066402037888 0.115589428418328 0.189920697293301 0.258783957834653 0.31949298225192 0.31992705354095 0.310152017930902 0.286103460936432 0.300258372670251 0.327726811712657 0.347001505466516 0.359733834313559 0.36137771829701 0.365104804236067 0.369786752743653 0.376557572922755
-9999 -9999 -9999 -9999 -9999 -9999 -9999 -9999 -9999 -9999 -9999 -9999 -9999 -9999 -9999 -9999 -9999 -9999 -9999 -9999 -9999 -9999 0.49993454771301 0.505841349456661 0.473614142027091 0.420390650933758 0.317427730447856 0.177634842623512 0.0133567837210733 0.00806079548305051 0.0153886094957028 0.0180527646954086 0.0144283857969058 0.00575671348422701 0.0035407433249005 0.00222444790035731 0.00073270086802987 0 0 0.0269599319724201 0.0594282594699768 0.0910882312329827 0.129893609542878 0.176989354282972 0.240715695222174 0.304497204384508 0.326308590280312 0.334158088855595 0.322487241605683 0.332698007114334 0.350351243325458 0.360043767746803 0.366466548390185 0.367347544966733 0.371374998429856 0.376808897039037 0.38041633620441
-9999 -9999 -9999 -9999 -9999 -9999 -9999 -9999 -9999 -9999 -9999 -9999 -9999 -9999 -9999 -9999 -9999 -9999 -9999 -9999 -9999 -9999 0.513636283316805 0.513403636678006 0.484447272878981 0.436523812046036 0.343134942009119 0.196619364927678 0.0147842748299098 0.00405228489036931 0.00826353190177378 0.0118309617115124 0.010055823755981 0.00399264240666121 0.00154974746131782 0 0 0 0 0.0242289333203442 0.0530560670850729 0.0790780152184955 0.117533050995202 0.17041341747146 0.222127154671495 0.271636088245533 0.304050997623184 0.323849991477012 0.326010464959422 0.344797721381612 0.368379504790611 0.370549161910008 0.372692828249631 0.374792443648563 0.379088761633595 0.384361597278207 0.387608227562411
-9999 -9999 -9999 -9999 -9999 -9999 -9999 -9999 -9999 -9999 -9999 -9999 -9999 -9999 -9999 -9999 -9999 -9999 -9999 -9999 -9999 -9999 0.480741097091813 0.513233663929375 0.493274063920291 0.453745681516741 0.369434164411329 0.216386432006827 0.0176417274765207 0.000672803574195994 0 0 0.00247184015443893 0.00692762479221132 0.00360560716158573 0 0 0 0 0.023350131727832 0.0486440333852857 0.0565523038693752 0.0939678509438711 0.165618837763672 0.203689937169255 0.233285667623276 0.271476831935598 0.300647793231017 0.317207459343971 0.349077711066273 0.384263106820799 0.380098437278581 0.378950812827159 0.382916681526416 0.387415642127255 0.39214671211731 0.395707900322607
-9999 -9999 -9999 -9999 -9999 -9999 -9999 -9999 -9999 -9999 -9999 -9999 -9999 -9999 -9999 -9999 -9999 -9999 -9999 -9999 -9999 -9999 0.454878364724811 0.447371964689842 0.449616377435712 0.423416127006165 0.324113258089798 0.201881651528838 0.064406641174613 0.0241553506976279 0 0 0.000976764864202506 0.00273749921784329 0.0014247807987217 0 0 0 0 0.0137921226106241 0.0277084293555865 0.0253123475031264 0.058659304815461 0.133476665534603 0.197565695623574 0.255475396168592 0.284524695251225 0.314030145078185 0.344173346813128 0.369053764779587 0.390890148809314 0.392255816752801 0.393275288615319 0.39370800382172 0.396599434261094 0.400486634356647 0.388567873866444
-9999 -9999 -9999 -9999 -9999 -9999 -9999 -9999 -9999 -9999 -9999 -9999 -9999 -9999 -9999 -9999 -9999 -9999 -9999 -9999 -9999 -9999 0.393207611295982 0.397697446384609 0.417271808464156 0.401235865206508 0.293413731061685 0.193662178390254 0.0992760816873244 0.0415689266551318 0 0 0 0 0 0 0 0 0 0.007422810462575 0.0137986417336348 0.00482150906420696 0.033872260855144 0.107044378543587 0.192681569719041 0.275781016721978 0.303941600390276 0.333890748749291 0.366340519015073 0.38489211719889 0.398005311060118 0.40347763158685 0.403906338014947 0.395786784350173 0.39257083992413 0.391427126668382 0.370775995958179
-9999 -9999 -9999 -9999 -9999 -9999 -9999 -9999 -9999 -9999 -9999 -9999 -9999 -9999 -9999 -9999 -9999 -9999 -9999 -9999 -9999 -9999 0.387334631905317 0.382741393142473 0.406247002970775 0.394413084924317 0.290268443428811 0.197287474450742 0.111728299495388 0.0475454226331783 0 0 0 0 0 0 0 0 0 0.00706265229951568 0.0131291253173722 0.0045875672363112 0.0289131677139204 0.0913724679583381 0.190134462953964 0.29253600353457 0.335361073795917 0.365959728801125 0.379464430207992 0.392932900749124 0.406040344295109 0.412936358852505 0.407577062204755 0.381446630880181 0.363643277268707 0.349578095642758 0.33291052177532
-9999 -9999 -9999 -9999 -9999 -9999 -9999 -9999 -9999 -9999 -9999 -9999 -9999 -9999 -9999 -9999 -9999 -9999 -9999 -9999 -9999 -9999 0.382655829773461 0.381951074538267 0.401635136909068 0.390919166036057 0.301147176566958 0.224570307835428 0.156765773482764 0.069132117727405 0.000776538929476722 0.000239235237423225 0 0 0 0 0 0 0 0.00419849790188897 0.00780480232651475 0.00272714705461968 0.0328771991504858 0.103899747535838 0.216276991983388 0.331095228536656 0.362522708033991 0.384434388886063 0.393041874102247 0.396033941205739 0.396730774846772 0.392592800503077 0.381807369792403 0.359755378066216 0.346105332986291 0.336204037561557 0.320469740779849
-9999 -9999 -9999 -9999 -9999 -9999 -9999 -9999 -9999 -9999 -9999 -9999 -9999 -9999 -9999 -9999 -9999 -9999 -9999 -9999 -9999 -9999 0.385240822606843 0.388533983803716 0.400258118496523 0.389104408407507 0.319099977861566 0.263786596979908 0.218240068754983 0.0985929891571353 0.00194478359035216 0.000599146734714525 0 0 0 0 0 0 0 7.12649395574656e-05 0.000132478038349571 4.62903577787549e-05 0.0413422786432769 0.130651406585201 0.256891293574197 0.380653058687055 0.387536581300912 0.396051732687977 0.406848091277204 0.396643251231385 0.378672152360656 0.357216221089174 0.341187192130582 0.334356046190387 0.334312598152879 0.337193470710949 0.320853813326834
-9999 -9999 -9999 -9999 -9999 -9999 -9999 -9999 -9999 -9999 -9999 -9999 -9999 -9999 -9999 -9999 -9999 -9999 -9999 -9999 -9999 -9999 0.376623900369439 0.375481138169042 0.379727363991126 0.364759198780299 0.300521679971001 0.235075528356406 0.168825857674408 0.116448930282759 0.0665134575517286 0.0204913909724398 0 0 0 0 0 0 0 0 0 0 0.0466229849874563 0.147339691175983 0.276232483379736 0.397876406801211 0.381565538744377 0.374679315001481 0.380969842514637 0.371320127761311 0.356169714302856 0.345407695798717 0.337284418413101 0.33363345888483 0.331831825260063 0.330786930874507 0.318935491130163
-9999 -9999 -9999 -9999 -9999 -9999 -9999 -9999 -9999 -9999 -9999 -9999 -9999 -9999 -9999 -9999 -9999 -9999 -9999 -9999 -9999 -9999 0.376038036572338 0.370926403896798 0.367048975073242 0.348519657184652 0.292687819461858 0.214954914455007 0.122661817897745 0.130414843000069 0.123786299018721 0.0422367260977434 0.00397192928311201 0.000448291848991832 0 0 0 0 0 0 0 0 0.0478672768766209 0.151271948682267 0.27981539395265 0.399307866608092 0.372195352998917 0.35687352692626 0.358036456312942 0.349676064558638 0.338320941222 0.334792878226138 0.331996988242373 0.330442034860416 0.32601600041083 0.320287334459103 0.313540917760462
-9999 -9999 -9999 -9999 -9999 -9999 -9999 -9999 -9999 -9999 -9999 -9999 -9999 -9999 -9999 -9999 -9999 -9999 -9999 -9999 -9999 -9999 0.382156039735307 0.386506431503628 0.373409029910787 0.352045401318834 0.311326058845689 0.217581112654991 0.0885838686109499 0.135810855923537 0.161507128043799 0.067492439298839 0.0171782262451249 0.00193882072336229 0 0 0 0 0 0 0 0 0.0398573591785867 0.125958708865234 0.247630761535082 0.365345497204149 0.356188193406918 0.348707438553752 0.34357069453735 0.337644803395467 0.331473035934868 0.325990576618112 0.32199047141497 0.320502760749774 0.31206609941621 0.300573882634659 0.300158434145982
-9999 -9999 -9999 -9999 -9999 -9999 -9999 -9999 -9999 -9999 -9999 -9999 -9999 -9999 -9999 -9999 -9999 -9999 -9999 -9999 -9999 -9999 0.495572887231041 0.404138928237265 0.370023854550754 0.338937430265222 0.310200885378142 0.225365401481808 0.103234415628632 0.15239493286675 0.180531003616615 0.0919961312204682 0.0352352749086359 0.00397682975013895 0 0 0 0 0 0 0.00334198802127244 0.0264084960894446 0.0653546531068409 0.122724969436673 0.233043960065774 0.345837861219078 0.345940287662476 0.342870486788822 0.335365542381675 0.329746747389869 0.324843915117124 0.320583643136809 0.316072622225525 0.311136614977457 0.302139933392321 0.291409297365051 0.294334384378831
-9999 -9999 -9999 -9999 -9999 -9999 -9999 -9999 -9999 -9999 -9999 -9999 -9999 -9999 -9999 -9999 -9999 -9999 -9999 -9999 -9999 0.554692714456762 0.500652187499272 0.417073808506927 0.360634997344532 0.315582032328615 0.296900192138468 0.236327402320498 0.147904816741495 0.175871569091531 0.188036366261101 0.116036530186267 0.056280695251442 0.00635212138445901 0 0 0 0 0 0 0.00874285329908006 0.0690863060219572 0.111494521307701 0.133093607065159 0.229298542130188 0.335235260708688 0.339240448723141 0.338468431366484 0.331017324085859 0.3243950087383 0.318349579452779 0.317268472453332 0.312673652444307 0.302123552727085 0.294692644122279 0.288743485069412 0.293166810770251
-9999 -9999 -9999 -9999 -9999 -9999 -9999 -9999 -9999 -9999 -9999 -9999 -9999 -9999 -9999 -9999 -9999 -9999 -9999 -9999 0.51747320167868 0.515006615632908 0.477574351544503 0.421030300756941 0.380862744374042 0.336442870196436 0.279705448328933 0.214675226847025 0.144131815103253 0.135251342784377 0.11933082316705 0.0631142355219861 0.0255229398517512 0.0028806469305728 0 0 0 0 0 0 0.014702911116998 0.116182873267409 0.186506203427186 0.220680450362904 0.259252162835238 0.296869270946774 0.314564706021957 0.324442627879865 0.323390755076704 0.318789609660756 0.313227035052729 0.313342793574938 0.307337943894879 0.290959471289602 0.28616195563908 0.286620613163652 0.291435756899772
-9999 -9999 -9999 -9999 -9999 -9999 -9999 -9999 -9999 -9999 -9999 -9999 -9999 -9999 -9999 -9999 -9999 -9999 -9999 -9999 -9999 0.481874520819586 0.457896458375128 0.420812297592213 0.394694067286847 0.351571640057819 0.264270219942727 0.192075804216332 0.129924774723101 0.0956712811726851 0.0613604568676063 0.0189038603344861 0 0 0 0 0 0 0 0 0.0189844006594024 0.15001534038515 0.242071535218584 0.288907781465396 0.277316616230313 0.25551947388172 0.290018963827234 0.311683653587524 0.31540379670729 0.312059238918066 0.306396605497677 0.304817936951069 0.297865957491615 0.281806925362272 0.279902435125727 0.284384300469324 0.288916918108715
-9999 -9999 -9999 -9999 -9999 -9999 -9999 -9999 -9999 -9999 -9999 -9999 -9999 -9999 -9999 -9999 -9999 -9999 -9999 -9999 -9999 -9999 0.453712994078817 0.410158741604661 0.383981423378461 0.341219759491918 0.254747777176417 0.173138623132473 0.0947623577049746 0.0717734974141748 0.0498096439302801 0.0153452989145782 0 0 0 0 0 0 0 0 0.0182474766750954 0.144192143523306 0.235081807573807 0.285299353600285 0.253971209461361 0.210920371745101 0.269398453653381 0.304526830671084 0.307009598687891 0.302089477263901 0.294301783548374 0.282965488583536 0.27668145036874 0.278960320400039 0.280497470485185 0.281709211209357 0.284205723232055
-9999 -9999 -9999 -9999 -9999 -9999 -9999 -9999 -9999 -9999 -9999 -9999 -9999 -9999 -9999 -9999 -9999 -9999 -9999 -9999 -9999 -9999 0.481683623292456 0.327612506487025 0.326690763480766 0.307898008310962 0.229487269016616 0.14902795158812 0.0672067055534834 0.0462896853724181 0.029591476184775 0.00911650860252276 0 0 0 0 0 0 0 0.0102958587033674 0.0385357638533077 0.15995761901309 0.239518644206572 0.270511177570291 0.246342887146579 0.21556697164405 0.26550613126652 0.294348787838354 0.293696074207239 0.287265281808104 0.278757088449006 0.270349314297406 0.267551538731255 0.274261970195065 0.276231823189891 0.276091214721326 0.279892348927127
