layers/veg50/veg2400.asc
NCOLS 255 
NROWS 330 
XLLCORNER -2985163.8955 
YLLCORNER -3022031.214 
CELLSIZE 25000 
NODATA_value -9999 
[rows 200 to 224 of 330, columns 114 to 170 of 255]
0.040771262027187 0.0469333041931653 0.0564456402491707 0.0678165963255295 0.0736275846506549 0.0796365085540831 0.0867354511262915 0.0904995039848551 0.0920148592411268 0.0996498076728083 0.108958108512657 0.12190398531963 0.127869444007259 0.128154688262587 0.131820248520798 0.136296273879819 0.142084271132537 0.151997389635711 0.165946993184436 0.174347074131019 0.182728615390133 0.198217093730339 0.214353486403836 0.23125197045227 0.251723283366178 0.273702617521244 0.300279557910576 0.328291797662947 0.358339051069484 0.386817015872375 0.414630856192443 0.440751316813978 0.465882732737369 0.489313199231242 0.510998474663723 0.531869226190752 0.548839879741455 0.562572778198288 0.569480703777603 0.563929618550068 0.551363781097529 0.555091832252511 -9999 -9999 -9999 -9999 -9999 -9999 -9999 -9999 -9999 -9999 -9999 -9999 -9999 -9999 -9999
0.0392194242996711 0.0401812455581856 0.0495610687645693 0.063610890324905 0.0675038927156575 0.072057613650282 0.0793746686415287 0.0834738212378049 0.0854031601306854 0.0902581092420167 0.0986189460639086 0.117610246319588 0.126146600344144 0.12617539286513 0.130772663187576 0.136202074893505 0.142263358308473 0.152288315273823 0.166191778600606 0.177321759450837 0.187993059450411 0.199489179945047 0.212332523873624 0.226760502230496 0.246863045168921 0.269251870945289 0.297912815336612 0.326079894837355 0.353546756793573 0.379396466392427 0.404709965736822 0.431114672088658 0.456188130683447 0.478972122364208 0.498905463856928 0.517526601645068 0.534655900667462 0.55083677351859 0.565018426939106 0.56442425236964 0.555510896295653 0.555453216077433 -9999 -9999 -9999 -9999 -9999 -9999 -9999 -9999 -9999 -9999 -9999 -9999 -9999 -9999 -9999
0.0388755240430057 0.0360671896557488 0.0446170651683065 0.0594680584359396 0.0620329917294464 0.0651783042226179 0.0711013598352916 0.0767204190927754 0.0821344952972291 0.0857878031876368 0.0937028289991286 0.116157052594297 0.125982183328053 0.125530572137216 0.131290176801045 0.137936920384396 0.144383762066877 0.154571746672636 0.168420488513453 0.184207778365109 0.198889683994369 0.204342342287612 0.211885796111435 0.221888490545848 0.241507921314828 0.264902600568466 0.297986588365914 0.326870528237183 0.349799504915391 0.371483388932768 0.393001423967681 0.420087522330585 0.445261601081933 0.467147407145902 0.484921943543614 0.500810786258653 0.516363027156997 0.535178270006596 0.560871704433678 0.565607753702971 0.558544241478586 0.556792800901257 -9999 -9999 -9999 -9999 -9999 -9999 -9999 -9999 -9999 -9999 -9999 -9999 -9999 -9999 -9999
0.0289280431145019 0.0323114170100213 0.0384635446444415 0.0461516751787468 0.0569378816654431 0.0657032928344885 0.0689300214587271 0.0748717101296916 0.0826440812734262 0.0840037655568944 0.0897775672816702 0.112005984704183 0.122763330733821 0.124186258084555 0.129292326256015 0.135290543807204 0.142757633186578 0.155525698923861 0.173480839293962 0.190008830515637 0.203963785938857 0.204162392022037 0.209792383296181 0.221810891686422 0.241159401031246 0.263372385252783 0.292847007446449 0.3188336430797 0.339874899052945 0.361475768986304 0.383326661432398 0.40603396248807 0.427923490347106 0.448406619835165 0.465263738285858 0.480504419493336 0.507917993214442 -9999 -9999 -9999 -9999 -9999 -9999 -9999 -9999 -9999 -9999 -9999 -9999 -9999 -9999 -9999 -9999 -9999 -9999 -9999 -9999
0.0211331129768185 0.0290322313248271 0.0331744924623171 0.0352325871791049 0.0522952189593838 0.0655998400549173 0.0676415963360395 0.0736158499683801 0.082241764712188 0.0821901767383113 0.0866641041633571 0.108647421786713 0.119867564465181 0.122329328975743 0.127248522872561 0.133023066665441 0.140905470462264 0.154902422504111 0.174882539901067 0.192520537271965 0.206717551233584 0.203081885604582 0.207695598418415 0.222012415233581 0.240568479969292 0.261150781575786 0.289430573635028 0.313509026848874 0.331630686562825 0.352093054713687 0.373285576387504 0.392018688706941 0.411056724532132 0.430619164829771 0.447067126942215 0.462015230220203 0.457648498570464 -9999 -9999 -9999 -9999 -9999 -9999 -9999 -9999 -9999 -9999 -9999 -9999 -9999 -9999 -9999 -9999 -9999 -9999 -9999 -9999
0.0189033948663442 0.0268613198834648 0.0299884297652039 0.0304355808075192 0.0487029173355453 0.0636422041448695 0.0681351509763971 0.0735162716269406 0.0794962829481612 0.0801728074871914 0.0854194522690121 0.107296022377809 0.11788753980385 0.119296008589835 0.12522156710427 0.131869374821509 0.138706030316911 0.150618565000343 0.167497913794574 0.187313862732106 0.204278874835608 0.200124411008624 0.205672958991723 0.222634407155341 0.239155124820723 0.257154902802785 0.290345779661919 0.315033496906776 0.327665160645169 0.34429139332534 0.362277481695543 0.378244796691003 0.395623431605934 0.415429240759194 0.432607128921478 0.448534582272177 0.452200447504198 -9999 0.467080380109713 0.467080380109713 -9999 -9999 -9999 -9999 -9999 -9999 -9999 -9999 -9999 -9999 -9999 -9999 -9999 -9999 -9999 -9999 -9999
0.0159107001095276 0.0205653491248989 0.0249043777038599 0.0290683116549463 0.0459594844217576 0.0600252049390792 0.0654723407388033 0.0705581126384764 0.0754002188684049 0.0777764948602409 0.0828316374467558 0.0974392313018607 0.108452678684974 0.116541441283742 0.125321260554004 0.133780375886169 0.140398661779237 0.15134123778248 0.166515188163005 0.180714192325827 0.192950455134185 0.194545303120939 0.20389600400327 0.222369313065882 0.237109864033275 0.252172321281219 0.280388524554169 0.302443921965234 0.315764330444761 0.332745158936062 0.350902409591857 0.365875953213313 0.381672698962842 0.398885179706702 0.42020648697025 0.443298656382123 0.436354871325071 0.438423941711604 0.45949151327197 0.467080380109713 -9999 -9999 -9999 -9999 -9999 -9999 -9999 -9999 -9999 -9999 -9999 -9999 -9999 -9999 -9999 -9999 -9999
0.0124411502355388 0.0116912448763009 0.0186340954413547 0.0298446044990384 0.0437465885697995 0.0553711151714533 0.0608368243234655 0.0658133605532011 0.0704600501997264 0.0751433452491578 0.0794043551015536 0.0822666293692785 0.0943585964359301 0.113961092721008 0.126750095029097 0.137606788782934 0.144523811027554 0.15519295730223 0.169533605968433 0.173243909155336 0.176066007466614 0.187327692591657 0.20227260008633 0.221549796366176 0.234669666600106 0.246573057378826 0.263636056574354 0.281033166697598 0.298903990052672 0.318858592367968 0.33929797914869 0.354385255336216 0.368648556223786 0.381494792423554 0.409092928292844 0.443298656382123 0.436354871325071 0.438423941711604 0.45949151327197 -9999 -9999 -9999 -9999 -9999 -9999 -9999 -9999 -9999 -9999 -9999 -9999 -9999 -9999 -9999 -9999 -9999 -9999
0.0153060263020414 0.00944322393838052 0.016281094131753 0.0301648310643751 0.0374337439846458 0.0450011738711124 0.0540281107303381 0.0614947251591454 0.0679092228436632 0.0714879923247274 0.0761471627076473 0.0852188070582 0.0963035848358768 0.109026520865881 0.11991813268662 0.130179751649496 0.138902771839049 0.150018378934137 0.163475163579659 0.167172898718353 0.170065922640482 0.18077168678651 0.194342728770758 0.211283974831548 0.223978899280816 0.235947788522824 0.252543360825561 0.270522943441888 0.290464820446542 0.305504314273897 0.318783687660738 0.332794495760073 0.350972505657835 0.376317228581827 -9999 -9999 -9999 -9999 -9999 -9999 -9999 -9999 -9999 -9999 -9999 -9999 -9999 -9999 -9999 -9999 -9999 -9999 -9999 -9999 -9999 -9999 -9999
0.0184707992463355 0.00893298314414857 0.0143378825582683 0.0280324518129125 0.0312808145500766 0.0365505740318285 0.0481259356263567 0.0571797108185381 0.0645331943117982 0.0678631779357568 0.0730898287340212 0.0857723554801085 0.0960794007964694 0.104453432406473 0.113537420244321 0.122960423560867 0.133390893195459 0.144643518459675 0.156700633750393 0.161004482295566 0.16452312964316 0.173363557639201 0.185304465242949 0.20089222652132 0.21347332006364 0.225543967113643 0.240924984135344 0.258836789246003 0.280336827201637 0.291551249823026 0.29926809234365 0.312257961297617 0.318456934891104 0.312976992849136 -9999 -9999 -9999 -9999 -9999 -9999 -9999 -9999 -9999 -9999 -9999 -9999 -9999 -9999 -9999 -9999 -9999 -9999 -9999 -9999 -9999 -9999 -9999
0.0211831419327645 0.0121890434734665 0.0127827280670496 0.0186953626148245 0.0264746691794316 0.0350278525888715 0.0453841057716094 0.0527849821538942 0.0581930643823402 0.0645463641160482 0.0705913640770952 0.0753358700261542 0.0859912327340107 0.1014564697638 0.110254453702186 0.118749354608181 0.130273791231924 0.140589320843663 0.149721919147655 0.154248918356526 0.158030210822583 0.163278097622261 0.174305751964979 0.192131698562353 0.205271231820034 0.216866781985735 0.226539655341063 0.241334866475235 0.2633926930537 0.275702517852961 0.284617867392785 0.297004873423078 0.306240262805379 0.310055532602065 -9999 -9999 -9999 -9999 -9999 -9999 -9999 -9999 -9999 -9999 -9999 -9999 -9999 -9999 -9999 -9999 -9999 -9999 -9999 -9999 -9999 -9999 -9999
0.0219686343451109 0.0158326925538146 0.0135360708113606 0.013369362844102 0.0210488974047656 0.0296883439548297 0.0399882258634198 0.0476660516587777 0.0535758395874632 0.0612087046780056 0.0677731743624203 0.0703029751113895 0.0814199170817782 0.0995245212042294 0.108038690036625 0.115607077035142 0.125322655245167 0.134112871090825 0.14199760777146 0.145372814887191 0.148540141339806 0.1563125631213 0.168082502990879 0.184554413320981 0.198520438814597 0.210868726572794 0.21469207779491 0.224441154374674 0.242591915177381 0.256258684504469 0.268349824531569 0.281766047764584 0.289430559685906 0.287203334567709 -9999 -9999 -9999 -9999 -9999 -9999 -9999 -9999 -9999 -9999 -9999 -9999 -9999 -9999 -9999 -9999 -9999 -9999 -9999 -9999 -9999 -9999 -9999
0.0212973859885644 0.0197693671705963 0.0160346877386766 0.0110758340313526 0.0151546745748407 0.0214632610848302 0.0325858263166599 0.0419996088086298 0.0502611685946317 0.0578552854985403 0.064713265541324 0.0693553123201166 0.081019461994084 0.0983977464846663 0.106629754986601 0.113272829020556 0.118984949596459 0.125805145972322 0.133709608997412 0.134893537353228 0.136784160686416 0.151705760254119 0.165469609027446 0.177871685341998 0.192866856614576 0.206896151568705 0.204763095457829 0.208007262786004 0.218875430654937 0.234096876222117 0.250858676098346 0.266538004652014 0.278649532179652 0.284625190285773 -9999 -9999 -9999 -9999 -9999 -9999 -9999 -9999 -9999 -9999 -9999 -9999 -9999 -9999 -9999 -9999 -9999 -9999 -9999 -9999 -9999 -9999 -9999
0.0235952640090905 0.0220046049005767 0.0197629426351296 0.01716012772442 0.0167418885554302 0.0195499318887555 0.0304579803194738 0.038405947526023 0.0443579484119638 0.0548210520875528 0.0631634589586231 0.0631655625056953 0.0965222585382468 0.0963928178011716 0.100919960188644 0.106314973646111 0.112439385417956 0.119649369307583 0.127921599699371 0.133652597660378 0.140325664301139 0.156021033379356 0.169022314580603 0.178854749178421 0.184492417473219 0.188633910230706 0.189973933321634 0.195183001781788 0.205877727351331 0.219868109432619 0.235510863903383 0.259641695021002 -9999 -9999 -9999 -9999 -9999 -9999 -9999 -9999 -9999 -9999 -9999 -9999 -9999 -9999 -9999 -9999 -9999 -9999 -9999 -9999 -9999 -9999 -9999 -9999 -9999
0.0262671696335798 0.0234606367495085 0.0223877371762463 0.0222765937011617 0.0184398097918945 0.0183366044549491 0.0282584125333395 0.0348807650798053 0.0392783130958092 0.0518666877624272 0.0628553268821873 0.0660965111550671 0.0756992689673194 0.0904786653723733 0.0959706503263987 0.100474041850103 0.106741568384788 0.114120522194313 0.122587022115027 0.132495559724061 0.143516456605403 0.159411084150348 0.171798419502509 0.180060399090538 0.176370268852175 0.170446984796655 0.175752198058309 0.183556694422317 0.194904754846815 0.207487860971763 0.219685674252313 0.215836159444992 -9999 -9999 -9999 -9999 -9999 -9999 -9999 -9999 -9999 -9999 -9999 -9999 -9999 -9999 -9999 -9999 -9999 -9999 -9999 -9999 -9999 -9999 -9999 -9999 -9999
0.028929973446986 0.0227383022792437 0.0201444147996912 0.0195464455921671 0.0168995791983223 0.0167362914596068 0.0231969229356454 0.0306045775225301 0.0386508045305542 0.0490646576175007 0.0586502401866312 0.064794183396808 0.0753042014685515 0.0893670499033431 0.0960686247014031 0.101216406568765 0.104422678202735 0.109960635836475 0.117780178688577 0.12713582147473 0.137855354510673 0.154852518312516 0.168551170583976 0.178370039590469 0.1705566729301 0.159553521260731 0.166105539200235 0.174792408248998 0.186506137943579 0.198365884225213 0.209797357619959 0.212005655518976 -9999 -9999 -9999 -9999 -9999 -9999 -9999 -9999 -9999 -9999 -9999 -9999 -9999 -9999 -9999 -9999 -9999 -9999 -9999 -9999 -9999 -9999 -9999 -9999 -9999
0.0308438051579973 0.0236918956936435 0.0211749887409563 0.021229410974707 0.0189678070053681 0.0183643046136401 0.0222818579553604 0.0280976010144126 0.0351932828518283 0.0446027914340506 0.0540835171047753 0.0630946262621285 0.0755321152185256 0.0907577712520696 0.0989288955382559 0.10477736703925 0.105150632476831 0.108548640424898 0.114906398443069 0.123940683729953 0.133958526614381 0.146462582622508 0.157332681615896 0.166280883710311 0.160223336919555 0.15156102004058 0.158878635185113 0.167715312194342 0.178705764029772 0.191737188758786 0.204833142678539 -9999 -9999 -9999 -9999 -9999 -9999 -9999 -9999 -9999 -9999 -9999 -9999 -9999 -9999 -9999 -9999 -9999 -9999 -9999 -9999 -9999 -9999 -9999 -9999 -9999 -9999
0.0320760465452356 0.0261706410140702 0.0251849207172228 0.0269284611271921 0.0243198558275546 0.0229302053850649 0.0251401817147136 0.0272006672942203 0.0291603520916099 0.03863041747696 0.0491876924971911 0.0610335767588802 0.0763269632904549 0.0944257050047696 0.104302950979058 0.110903346400193 0.108651319797606 0.109637320103576 0.1137917720501 0.122715406750377 0.131667248802386 0.134585968844375 0.138860090567284 0.144728466156068 0.145776882275593 0.146208494111548 0.153853791142032 0.16217361706526 0.171449811772734 0.18737746484623 -9999 -9999 -9999 -9999 -9999 -9999 -9999 -9999 -9999 -9999 -9999 -9999 -9999 -9999 -9999 -9999 -9999 -9999 -9999 -9999 -9999 -9999 -9999 -9999 -9999 -9999 -9999
0.0355055264828455 0.0296677891247472 0.0270672459930128 0.0262625793414887 0.0252434059934889 0.0248107626735598 0.0259143888933807 0.0276309036248376 0.0297606856739361 0.038534417430342 0.0485749103015828 0.0607574883207405 0.0739906892035745 0.0880788192684619 0.0966712341467347 0.103431312760797 0.105826673111418 0.107945958738709 0.109795101641818 0.115769907804385 0.123097472362535 0.133266329587312 0.14067354256104 0.144832447608504 0.147511742208218 0.150089691549645 0.155714880399052 0.162383173234011 0.170530412488077 -9999 -9999 -9999 -9999 -9999 -9999 -9999 -9999 -9999 -9999 -9999 -9999 -9999 -9999 -9999 -9999 -9999 -9999 -9999 -9999 -9999 -9999 -9999 -9999 -9999 -9999 -9999 -9999
0.0381759958761836 0.03317612700792 0.0289693651950053 0.0252025900518401 0.0256549704489909 0.0262366900337752 0.0267127954037004 0.028664176761261 0.0316103285193364 0.0395882315988543 0.046144941995154 0.0465015493019452 -9999 0.0824183296184953 0.0882000774628271 0.0948103665358291 0.101246467900906 0.104649515843754 0.10508468138076 0.108087005088716 0.113736288520121 0.132107434717312 0.1433021231191 0.146055700856307 0.149124332217037 0.152462613565065 0.157499768447112 0.160453588149338 -9999 -9999 -9999 -9999 -9999 -9999 -9999 -9999 -9999 -9999 -9999 -9999 -9999 -9999 -9999 -9999 -9999 -9999 -9999 -9999 -9999 -9999 -9999 -9999 -9999 -9999 -9999 -9999 -9999
0.0346720485748598 0.0357339536101857 0.033084570637047 0.0283763013631089 0.0277601800260564 0.0279304690761316 0.0297043776534858 0.0315572357434557 0.0334633290510687 0.0408717388526964 0.0469031077592548 0.0467363554763324 -9999 -9999 0.0882000774628271 0.0936180851514386 0.0936920547118598 0.0956571363923654 0.0994726959930877 0.10219116183471 0.106431168594324 0.121330966044928 0.130115406368449 0.131706826439527 0.134054360334879 0.137741405687834 0.152058155110747 -9999 -9999 -9999 -9999 -9999 -9999 -9999 -9999 -9999 -9999 -9999 -9999 -9999 -9999 -9999 -9999 -9999 -9999 -9999 -9999 -9999 -9999 -9999 -9999 -9999 -9999 -9999 -9999 -9999 -9999
0.0353153580300675 0.0385664542047838 0.0366078453975208 0.0317590835775729 0.0313436788845721 0.0316629230075435 0.0334166421464506 0.0342536875267373 0.0344726248854425 0.0400397873960281 0.0460174841340866 0.0517177837186212 -9999 -9999 -9999 -9999 0.0881388194539077 0.090959810338522 0.0965411776649513 0.0991113654052858 0.102615211945764 0.115701689907631 0.122408481474988 0.121611342775263 0.124571062635922 0.128220082115629 -9999 -9999 -9999 -9999 -9999 -9999 -9999 -9999 -9999 -9999 -9999 -9999 -9999 -9999 -9999 -9999 -9999 -9999 -9999 -9999 -9999 -9999 -9999 -9999 -9999 -9999 -9999 -9999 -9999 -9999 -9999
0.040494354335075 0.0416993546270615 0.0394837495306147 0.0353705181764849 0.0365439228948109 0.0376249931474874 0.0379170876383673 0.036735117974462 0.034559195042199 0.0368942443732129 0.0411228727494589 0.050201908129462 0.0542752328694778 -9999 -9999 -9999 -9999 0.090959810338522 0.0965411776649513 0.0991113654052858 0.102615211945764 0.115701689907631 0.120694583135083 0.116167620416316 0.121197684364295 -9999 -9999 -9999 -9999 -9999 -9999 -9999 -9999 -9999 -9999 -9999 -9999 -9999 -9999 -9999 -9999 -9999 -9999 -9999 -9999 -9999 -9999 -9999 -9999 -9999 -9999 -9999 -9999 -9999 -9999 -9999 -9999
0.0438136580892203 0.0428969992040331 0.0417671283038316 0.0405189752072935 0.0390960109438051 0.0383130346706782 0.0392001767977305 0.0385104595812684 0.0367574748719101 0.0387095660237402 0.04248506395713 0.0511254590435444 0.0568487288202517 0.0601982300057753 -9999 -9999 -9999 -9999 -9999 -9999 -9999 -9999 -9999 0.113878627971968 0.113878627971968 -9999 -9999 -9999 -9999 -9999 -9999 -9999 -9999 -9999 -9999 -9999 -9999 -9999 -9999 -9999 -9999 -9999 -9999 -9999 -9999 -9999 -9999 -9999 -9999 -9999 -9999 -9999 -9999 -9999 -9999 -9999 -9999
0.0465880810693455 0.0437843825222115 0.0436694951957744 0.0450462615957803 0.0409894457799872 0.038328245956811 0.0398353036398482 0.0400423028133468 0.0393726797581468 0.0416528960856382 0.0452554155108107 0.0523059017198758 0.0571878904938989 0.0603052957979433 0.0609662865182298 -9999 -9999 -9999 -9999 -9999 -9999 -9999 -9999 -9999 -9999 -9999 -9999 -9999 -9999 -9999 -9999 -9999 -9999 -9999 -9999 -9999 -9999 -9999 -9999 -9999 -9999 -9999 -9999 -9999 -9999 -9999 -9999 -9999 -9999 -9999 -9999 -9999 -9999 -9999 -9999 -9999 -9999
