layers/veg50/veg2600.asc
NCOLS 255 
NROWS 330 
XLLCORNER -2985163.8955 
YLLCORNER -3022031.214 
CELLSIZE 25000 
NODATA_value -9999 
[rows 150 to 174 of 330, columns 57 to 113 of 255]
-9999 -9999 -9999 -9999 -9999 -9999 -9999 -9999 -9999 -9999 -9999 -9999 -9999 -9999 -9999 -9999 -9999 -9999 -9999 -9999 0.569651917236048 0.587327544693496 0.514557653822612 0.392351414196292 0.181314622592117 0.0229516092347747 0.00654979081009276 0.0195922738338016 0.0522098151684195 0.052008667197935 0.047246971772934 0.0371455830017644 0.0261686536846011 0.0144889993821513 0.00625577324507552 0 0 0 0 0.0307408879893794 0.0636457712406661 0.071330755910265 0.0681977576237387 0.05251333316525 0.0936962877854358 0.153099868888025 0.233159624758502 0.279829856883036 0.279817643039012 0.304080989013347 0.335433159442703 0.337106097148333 0.336925008683106 0.333601590607099 0.336542747118543 0.342190005505115 0.331094606017313
-9999 -9999 -9999 -9999 -9999 -9999 -9999 -9999 -9999 -9999 -9999 -9999 -9999 -9999 -9999 -9999 -9999 -9999 -9999 -9999 0.561591577538651 0.554734714996521 0.507087317935456 0.437144343076071 0.240852069266111 0.0804626385772484 0.0229619389785785 0.0141575299168263 0.0377272197433067 0.0368008639264084 0.0312443360998484 0.0177486470345047 0.0136464585738111 0.0170836668942234 0.00842933341482182 0 0 0 0 0.0125255537611812 0.02796109234052 0.0450914465945288 0.0685090825705234 0.0992214566391817 0.132613668841115 0.168722702549587 0.2227228429483 0.255856017929916 0.259814743074413 0.294544866895501 0.338086042698233 0.340888494745434 0.34189599210905 0.339861278234825 0.341299143574123 0.344204844874216 0.33334449354399
-9999 -9999 -9999 -9999 -9999 -9999 -9999 -9999 -9999 -9999 -9999 -9999 -9999 -9999 -9999 -9999 -9999 -9999 -9999 -9999 -9999 0.529142849583859 0.506478674521191 0.471426554943848 0.282040149936993 0.118238255309009 0.0337421149908293 0.008410000996277 0.0224111096704006 0.0262542705734505 0.0252817552523486 0.0116803848430158 0.0111222918830972 0.0210329738938752 0.0107255699696909 0 0 0 0 0.00169881515509065 0.00585859803362298 0.022443569344599 0.050776992032471 0.0927414049603956 0.13616564742683 0.179658450096148 0.220047236886783 0.246599012675327 0.25380503428701 0.292443089305147 0.339957945300304 0.34365638229694 0.345899278878099 0.345675226599995 0.345237735364134 0.344641156336628 0.335300862397307
-9999 -9999 -9999 -9999 -9999 -9999 -9999 -9999 -9999 -9999 -9999 -9999 -9999 -9999 -9999 -9999 -9999 -9999 -9999 -9999 -9999 -9999 0.51465590773041 0.492250591112753 0.299733259584409 0.130744173493899 0.0373109779477264 0.00226197460925945 0.00602774732871212 0.0216760028810352 0.0321747028825705 0.0226784781915412 0.0213998420463409 0.026716793982564 0.0131788843284053 0 0 0 0 0.000332612679571882 0.00114706063497174 0.00439424837746171 0.00994167689751925 0.018157930319083 0.0944349112787442 0.184592739475827 0.227309227540731 0.256185796423883 0.265712545156041 0.2998604258478 0.340829861427648 0.345125266704676 0.348663503495934 0.350918439657144 0.348129190325701 0.343056282575471 0.336881402858282
-9999 -9999 -9999 -9999 -9999 -9999 -9999 -9999 -9999 -9999 -9999 -9999 -9999 -9999 -9999 -9999 -9999 -9999 -9999 -9999 -9999 -9999 0.511316936986932 0.510405349753612 0.331604523205627 0.166824421015241 0.0541935538045469 0.00634598776032941 0.00156743118572762 0.0240904708793809 0.0411067563364622 0.0325763340641073 0.0278911822409194 0.0262923153786948 0.0125513674943955 0 0 0 0 0.00731747675397853 0.0136028315193331 0.00475308923410016 0.0241250991818544 0.0762410357037571 0.151062297249624 0.226369780763464 0.248117558864681 0.261523184259148 0.263265507836033 0.297641955775867 0.341696562567198 0.348503772607277 0.352594433081269 0.352080900650738 0.347817526709061 0.34191494304954 0.34333350559393
-9999 -9999 -9999 -9999 -9999 -9999 -9999 -9999 -9999 -9999 -9999 -9999 -9999 -9999 -9999 -9999 -9999 -9999 -9999 -9999 -9999 -9999 0.524335182257408 0.526704649245127 0.371064969430169 0.217622257664499 0.0844681243077688 0.0201190819147588 0.00151280132789907 0.0276590900618495 0.048568276642162 0.0398203585566951 0.0315402132198698 0.023635510915821 0.0109672763191524 0.000136788567598858 4.50561697579642e-05 0 0 0.0169917209123127 0.0317711398790582 0.0124938540565143 0.0552426055772848 0.169956272518188 0.233764034216837 0.277980130042283 0.273832705701605 0.267431636011507 0.257879707445524 0.29317483883974 0.342429007685771 0.352258956170583 0.356787092884979 0.352329358537345 0.347215706070017 0.341911081877056 0.351221068231608
-9999 -9999 -9999 -9999 -9999 -9999 -9999 -9999 -9999 -9999 -9999 -9999 -9999 -9999 -9999 -9999 -9999 -9999 -9999 -9999 -9999 -9999 0.522336189581499 0.521614040390098 0.448086549759088 0.356921689345331 0.227770884927009 0.11327324963903 0.00851728340266178 0.0176243268425743 0.0296364687805638 0.0185234865576763 0.0150361993982407 0.0176694356980387 0.00981565399690458 0.00197116699116509 0.000649273810920229 0 0 0.0266905216774739 0.05227308246553 0.0383302978392792 0.0767901296579884 0.176049426052871 0.247245672010934 0.3044867141743 0.306343215347818 0.297397912510737 0.273350428644522 0.299283649634547 0.341516119668199 0.353062407593033 0.359568458925379 0.357531974591909 0.355805183284328 0.354252355724943 0.357467673177768
-9999 -9999 -9999 -9999 -9999 -9999 -9999 -9999 -9999 -9999 -9999 -9999 -9999 -9999 -9999 -9999 -9999 -9999 -9999 -9999 -9999 -9999 0.531705331331515 0.52641228324391 0.499243110486037 0.444696555795709 0.322701062389423 0.17613885762714 0.0132442970728944 0.00997520929260922 0.0162272557293098 0.00762786967021987 0.00638782574564116 0.0110545255085567 0.00698831277751688 0.00236520359162037 0.000779063750771257 0 0 0.0286350573920206 0.0584180254693797 0.0595866728654812 0.0967246858086453 0.175595694444935 0.249952639844346 0.317251051661655 0.331813987126597 0.328435938947129 0.299974304491452 0.315482137764516 0.345774184777461 0.357019525296773 0.363776350282213 0.362925733963842 0.363340723629982 0.364327282364092 0.365394016049054
-9999 -9999 -9999 -9999 -9999 -9999 -9999 -9999 -9999 -9999 -9999 -9999 -9999 -9999 -9999 -9999 -9999 -9999 -9999 -9999 -9999 -9999 0.539337990509697 0.545849514239374 0.510382782615564 0.452755542707348 0.342791927872005 0.192143727081494 0.0144477410404661 0.00601702716240449 0.0113622875576311 0.0128244836597534 0.00989325218069171 0.00343577471967928 0.00156839450002653 0.000530825168054153 0.000174846109608998 0 0 0.0185826348416796 0.0423506345283027 0.0737570257652606 0.114163749631781 0.165012994158689 0.235989650564795 0.308754166017524 0.346393276496649 0.36113211598614 0.343853707452776 0.347290801340643 0.358032454734945 0.365855816269813 0.370191280549035 0.368615219415053 0.369245672740419 0.370895845382769 0.375919153990171
-9999 -9999 -9999 -9999 -9999 -9999 -9999 -9999 -9999 -9999 -9999 -9999 -9999 -9999 -9999 -9999 -9999 -9999 -9999 -9999 -9999 -9999 0.554297198452829 0.554054970917165 0.521678098639307 0.468897969523609 0.367324946586285 0.210069563533139 0.0157956270574646 0.00281339049553184 0.00574876991238772 0.00827465085523508 0.00630317930930698 0.000722049734444825 5.77086779860047e-06 0 0 0 0 0.0152070834015798 0.0349152160333698 0.0623946442483701 0.103365150110123 0.159988506022592 0.217945805470066 0.275137243787011 0.321949245612247 0.34960831781592 0.350489362006933 0.35849614573553 0.36878577239051 0.373969705894753 0.377701421794661 0.378971820561548 0.380018980524283 0.380983523734737 0.384468476478537
-9999 -9999 -9999 -9999 -9999 -9999 -9999 -9999 -9999 -9999 -9999 -9999 -9999 -9999 -9999 -9999 -9999 -9999 -9999 -9999 -9999 -9999 0.520676009958863 0.553932391042427 0.531601485258352 0.487152466821355 0.391741837460922 0.22790412672877 0.0185749612156502 0.000705773971814187 0 0 9.20450789989314e-06 2.57967235514379e-05 1.34263696392861e-05 0 0 0 0 0.014332002245211 0.0305975886936833 0.0405627002793945 0.0809133197308483 0.156518335516742 0.198799982629813 0.23341705454553 0.283356246507829 0.321303452337921 0.342484463809206 0.361512876922224 0.378953427441658 0.381902065364115 0.385776556662436 0.391220247211528 0.392388784765174 0.391632839155746 0.391476122937972
-9999 -9999 -9999 -9999 -9999 -9999 -9999 -9999 -9999 -9999 -9999 -9999 -9999 -9999 -9999 -9999 -9999 -9999 -9999 -9999 -9999 -9999 0.494205313206616 0.486522457574539 0.49286423854895 0.465414874283371 0.350895173084909 0.216124220866536 0.0678899022212675 0.0253390713965843 0 0 3.63722544629135e-06 1.01937550983386e-05 5.30552353634157e-06 0 0 0 0 0.00605107350858463 0.0128115340423295 0.016280454339895 0.0532249618613057 0.129009090715756 0.198632931061081 0.263772430874152 0.303817220457693 0.334560606818333 0.352299547332764 0.371355791897333 0.390042386464332 0.393653267041666 0.397886375760246 0.403174079038295 0.391673315036796 0.372739623586475 0.373494340929239
-9999 -9999 -9999 -9999 -9999 -9999 -9999 -9999 -9999 -9999 -9999 -9999 -9999 -9999 -9999 -9999 -9999 -9999 -9999 -9999 -9999 -9999 0.432129691776293 0.43625336145977 0.462123635874551 0.445910214482827 0.320860330629953 0.208496959462342 0.10456779163324 0.0436181959186101 0 0 0 0 0 0 0 0 0 0.000508852643815419 0.000945932186012747 0.000330526779158876 0.0343469571896182 0.108544531554867 0.200538231085586 0.291329934626026 0.325729160851908 0.350680579731064 0.362422862734527 0.380804834147747 0.400768618668925 0.406240706362594 0.409008926722844 0.407194448888769 0.384684905834535 0.353074179477005 0.354276377140188
-9999 -9999 -9999 -9999 -9999 -9999 -9999 -9999 -9999 -9999 -9999 -9999 -9999 -9999 -9999 -9999 -9999 -9999 -9999 -9999 -9999 -9999 0.426735679170725 0.42251703882839 0.446452845676613 0.430613554623068 0.311200551534828 0.208695427575451 0.117430941144576 0.0499227729094193 0 0 0 0 0 0 0 0 0 0.000127773612550148 0.000237524898619078 8.29957378250626e-05 0.0320722138312886 0.101355802990811 0.206348913137685 0.313614799645942 0.350375472331079 0.372195582951555 0.373127046383457 0.389511616510795 0.410811285979954 0.420404049827348 0.418270953996192 0.39626407393323 0.365875034887343 0.331953457473606 0.332728807639709
-9999 -9999 -9999 -9999 -9999 -9999 -9999 -9999 -9999 -9999 -9999 -9999 -9999 -9999 -9999 -9999 -9999 -9999 -9999 -9999 -9999 -9999 0.404128902487013 0.405963384356956 0.423957185621491 0.40870908459542 0.30758590267873 0.224249954965693 0.15273925457043 0.0666745220516641 0 0 0 0 0 0 0 0 0 0 0 0 0.0372883638256993 0.117840074204052 0.233954473154459 0.349715217478608 0.371433624104888 0.384385319425329 0.385080130521523 0.394776403021197 0.407130168745269 0.408995240327729 0.400785558032188 0.375500497875333 0.350384181315964 0.325527273336696 0.32619150196708
-9999 -9999 -9999 -9999 -9999 -9999 -9999 -9999 -9999 -9999 -9999 -9999 -9999 -9999 -9999 -9999 -9999 -9999 -9999 -9999 -9999 -9999 0.397400151496661 0.388828034244076 0.398018889868877 0.383471469226944 0.307020569281002 0.247550464176325 0.199369472171036 0.0886960871082043 0 0 0 0 0 0 0 0 0 0 0 0 0.0462831084895905 0.14626560082662 0.272553916787154 0.392784546995898 0.390681818040895 0.391871157236905 0.397663191420535 0.39830496041062 0.396526430043737 0.3846871948721 0.369808090280774 0.349776808314322 0.336567523434418 0.326513383012845 0.327225750208868
-9999 -9999 -9999 -9999 -9999 -9999 -9999 -9999 -9999 -9999 -9999 -9999 -9999 -9999 -9999 -9999 -9999 -9999 -9999 -9999 -9999 -9999 0.390809849700033 0.391053351831683 0.394342595312011 0.37725161968792 0.308150514566221 0.238285988620088 0.167913927890688 0.118842735626619 0.0711695995492871 0.0219258499467153 0 0 0 0 0 0 0 0 0 0 0.0460747111150929 0.145607015692944 0.277457358469249 0.402539824636069 0.383468639543509 0.379171072399283 0.395528745110551 0.389205398630841 0.374928959185822 0.364642660850805 0.35126959718345 0.332664873759725 0.326251612984088 0.325354308445493 0.326633711795121
-9999 -9999 -9999 -9999 -9999 -9999 -9999 -9999 -9999 -9999 -9999 -9999 -9999 -9999 -9999 -9999 -9999 -9999 -9999 -9999 -9999 -9999 0.404511358325875 0.398715110790041 0.394532569409099 0.374787997703086 0.315395562788861 0.233342499116845 0.136224274871293 0.143491917868673 0.13519021230978 0.04689922774608 0.00508501650079864 0.000573920451955014 0 0 0 0 0 0 0 0 0.0420300884926263 0.132825048852383 0.268381643184158 0.399261799203993 0.373250285400258 0.366638196828381 0.387148765863063 0.376783292165989 0.355957719223574 0.347107635856471 0.335966147739827 0.320941031059609 0.318685748573635 0.322161534939595 0.321432747441752
-9999 -9999 -9999 -9999 -9999 -9999 -9999 -9999 -9999 -9999 -9999 -9999 -9999 -9999 -9999 -9999 -9999 -9999 -9999 -9999 -9999 -9999 0.411448762284354 0.41638181384882 0.402801867745192 0.380280390079746 0.336788407587076 0.239775166241196 0.107180107314716 0.155028094394351 0.179682848346516 0.0780621648783912 0.0219922253606873 0.00248215279469001 0 0 0 0 0 0 0 0 0.0294425415210633 0.0930454147523301 0.228182148594968 0.367043414682173 0.357126110839383 0.35531865274785 0.364849704273196 0.357152429783269 0.343541311617049 0.335232824469682 0.327675748885379 0.321392216707103 0.317370482596041 0.314328229541209 0.305582890229557
-9999 -9999 -9999 -9999 -9999 -9999 -9999 -9999 -9999 -9999 -9999 -9999 -9999 -9999 -9999 -9999 -9999 -9999 -9999 -9999 -9999 -9999 0.532960680181633 0.436336440379728 0.398845868386028 0.36441715940181 0.332253650894958 0.245090920076141 0.121363797138924 0.171388152702469 0.198857119437437 0.104016822882479 0.0414097705267317 0.0046737142765068 0 0 0 0 0 0 0.00367065240112285 0.0290056125167843 0.0602526226880861 0.0983590132170079 0.219499608618532 0.349859036871113 0.352091886405127 0.353522902531041 0.3538328620934 0.346131913503485 0.335625937683927 0.326600596358918 0.319672480269693 0.316298884101743 0.309324336707593 0.300737407399202 0.293853535220004
-9999 -9999 -9999 -9999 -9999 -9999 -9999 -9999 -9999 -9999 -9999 -9999 -9999 -9999 -9999 -9999 -9999 -9999 -9999 -9999 -9999 0.595436465171914 0.538850880771031 0.451336348903484 0.387358307806739 0.335397506161501 0.311745842029949 0.249718584260721 0.162178597500793 0.190720029110132 0.202433666829829 0.126762849564572 0.0623738425785997 0.00703982453493681 0 0 0 0 0 0 0.00960266022818187 0.0758805278385325 0.117798403981313 0.131452912017959 0.230233517963404 0.341936563739052 0.353889776851734 0.357594415289783 0.349766584906293 0.340415918260099 0.330483486873833 0.319966005856948 0.311846102149872 0.307789775480254 0.297131540538917 0.283599588618634 0.284662671736009
-9999 -9999 -9999 -9999 -9999 -9999 -9999 -9999 -9999 -9999 -9999 -9999 -9999 -9999 -9999 -9999 -9999 -9999 -9999 -9999 0.543262486975671 0.539804848845409 0.500326384626235 0.441159403453396 0.397648046002436 0.348732999322417 0.284645258828597 0.217641204819143 0.148698337378454 0.140765296649595 0.125218620540798 0.0677127863310343 0.0282200864913581 0.00318506042031252 0 0 0 0 0 0 0.0153918810147911 0.121627135405932 0.192522275469844 0.222414500509213 0.260506083947078 0.299791702413043 0.329008206285117 0.343749095879314 0.33825138948363 0.331872844649604 0.324947142339681 0.313922726941534 0.305723973356457 0.302314343530702 0.292452855798866 0.279802872403515 0.284188152700408
-9999 -9999 -9999 -9999 -9999 -9999 -9999 -9999 -9999 -9999 -9999 -9999 -9999 -9999 -9999 -9999 -9999 -9999 -9999 -9999 -9999 0.493360576382926 0.468319269112309 0.429590707653728 0.402406069931286 0.356660919479296 0.262732911131231 0.188289670872684 0.126800226519105 0.094117575322571 0.0611084413803974 0.0188262196874714 0 0 0 0 0 0 0 0 0.0194463289430664 0.153665512436963 0.246500345308732 0.291319515407234 0.277676472239944 0.255346423164266 0.303231228280464 0.329929760715933 0.327007414542332 0.323027283301652 0.318316739795009 0.307374955848319 0.298850229583837 0.294422097016441 0.286449865483695 0.276985488132989 0.282395181117449
-9999 -9999 -9999 -9999 -9999 -9999 -9999 -9999 -9999 -9999 -9999 -9999 -9999 -9999 -9999 -9999 -9999 -9999 -9999 -9999 -9999 -9999 0.464128197044128 0.418917777812874 0.386694563572109 0.340424046391496 0.257291152160906 0.174147277857078 0.0909961038190629 0.07080388315933 0.0512501671749105 0.0157890936908105 0 0 0 0 0 0 0 0 0.018456461799632 0.14584355065252 0.236429933868768 0.284318769700466 0.25268279280206 0.210923877842813 0.280097658641829 0.319719864315263 0.318025523529921 0.31385478911882 0.308564993899197 0.299235434664133 0.28944266123428 0.278864800892874 0.275092714030196 0.274400609690835 0.275028064744901
-9999 -9999 -9999 -9999 -9999 -9999 -9999 -9999 -9999 -9999 -9999 -9999 -9999 -9999 -9999 -9999 -9999 -9999 -9999 -9999 -9999 -9999 0.47217590935447 0.332314989107229 0.327569236047803 0.306503661603499 0.231436338846995 0.149485348792622 0.0629579829330757 0.0450948133812155 0.0310180743762364 0.00955601336408286 0 0 0 0 0 0 0 0.00627370599043274 0.0312528418284912 0.158878511252833 0.240178405049018 0.267729410996708 0.244524305499006 0.216267814076163 0.271645976056755 0.304574465499517 0.306115696075302 0.298345937142685 0.287411899421576 0.279911975154117 0.272390407823424 0.264832158357636 0.264776077057736 0.268068875271993 0.266374702727784
