layers/veg50/veg2800.asc
NCOLS 255 
NROWS 330 
XLLCORNER -2985163.8955 
YLLCORNER -3022031.214 
CELLSIZE 25000 
NODATA_value -9999 
[rows 75 to 99 of 330, columns 171 to 227 of 255]
0.828635357411599 0.832846572120992 0.835032480490713 0.834803320384918 0.825432424317164 0.814286461901895 0.811927741896983 0.808609815664277 0.803912671056868 0.790620584152814 0.775330682787905 0.784992208122802 0.789574486242854 0.785292574993415 0.781161301525184 0.777105089558517 0.787970749161014 0.795381600564677 0.795395263376945 -9999 -9999 -9999 -9999 -9999 -9999 -9999 -9999 -9999 -9999 -9999 -9999 -9999 -9999 -9999 -9999 -9999 -9999 -9999 -9999 -9999 -9999 -9999 -9999 -9999 -9999 -9999 -9999 -9999 -9999 -9999 -9999 -9999 -9999 -9999 -9999 -9999 -9999
0.825883242159279 0.826808648107733 0.826109960657321 0.823474629504144 0.813082594067419 0.80164321799588 0.802178849129368 0.800467184037379 0.79552418854139 0.772399641854026 0.744697036222252 0.762518486037882 0.773172612289427 0.771318484727531 0.765624225980354 0.758151545093681 0.779918367810856 0.793471524482945 0.789438165995452 -9999 -9999 -9999 0.776220955564808 0.777082551045754 -9999 -9999 -9999 -9999 -9999 -9999 -9999 -9999 -9999 -9999 -9999 -9999 -9999 -9999 -9999 -9999 -9999 -9999 -9999 -9999 -9999 -9999 -9999 -9999 -9999 -9999 -9999 -9999 -9999 -9999 -9999 -9999 -9999
0.817837408268633 0.818420873471081 0.814378077303498 0.80481871419717 0.794404260580018 0.784689683894812 0.784326246022307 0.781750286857319 0.775992999284956 0.750653280728829 0.720629556274964 0.744726955317401 0.759709502936085 0.758785014398153 0.75827693836564 0.757968138802855 0.773986455439356 0.785485615043595 0.787308678344413 0.787971573013971 -9999 0.775986223617869 0.776220955564808 0.777082551045754 0.777435403729678 -9999 -9999 -9999 -9999 -9999 -9999 -9999 -9999 -9999 -9999 -9999 -9999 -9999 -9999 -9999 -9999 -9999 -9999 -9999 -9999 -9999 -9999 -9999 -9999 -9999 -9999 -9999 -9999 -9999 -9999 -9999 -9999
0.806765646746048 0.805050185868144 0.79822033294978 0.78529184361953 0.776591393379309 0.770029377825264 0.772380317226333 0.768090342092439 0.754251563910725 0.731498101434543 0.707826185813552 0.73382586807572 0.749394226629243 0.746758070848896 0.749191817302744 0.753989816479089 0.769630093862454 0.781285387951372 0.784408320396445 0.775204335248362 0.758957022307741 0.763567455162447 0.768325737358596 0.770818204202257 0.773001643029684 0.774970746901265 0.788336128043055 0.800433581479823 0.80428200576733 -9999 -9999 -9999 -9999 -9999 -9999 -9999 -9999 -9999 -9999 -9999 -9999 -9999 -9999 -9999 -9999 -9999 -9999 -9999 -9999 -9999 -9999 -9999 -9999 -9999 -9999 -9999 -9999
0.791924792692033 0.785472786694263 0.776549740415632 0.764680111999205 0.759856550148157 0.758225514373588 0.767791736238853 0.760729332364427 0.729757048110088 0.715570495722449 0.709053379232218 0.73150751056626 0.742999888120293 0.735362056567007 0.73794205257776 0.745284550415432 0.767236236831307 0.781800603128923 0.780547767152267 0.771815347568367 0.758809259510625 0.752940948884277 0.7505962429916 0.756750992989866 0.764846111165068 0.774287025532453 0.788336128043055 0.800433581479824 0.80428200576733 0.806034779331598 -9999 -9999 -9999 -9999 -9999 -9999 -9999 -9999 -9999 -9999 -9999 -9999 -9999 -9999 -9999 -9999 -9999 -9999 -9999 -9999 -9999 -9999 -9999 -9999 -9999 -9999 -9999
0.776715725631947 0.745519714832011 0.713978454781006 0.682025503636108 0.711603792878979 0.752363614728563 0.726432229430528 0.699937738538144 0.672633572353711 0.683317281715112 0.708137249096422 0.732107440924868 0.746517850146667 0.744244739198618 0.749421239185447 0.75806481588925 0.761691322268231 0.764702535271606 0.766396326040099 0.760761511597365 0.750939294393584 0.742481281290407 0.737040333084766 0.739482588731999 0.749520534444129 0.764826681772756 0.780165156258432 0.793768617999049 0.801436566048063 0.800110498957093 0.791261960779133 0.793686768654244 0.79600630965892 0.789699457734972 0.77597694996662 0.754798022400729 0.796046340453058 -9999 -9999 -9999 -9999 -9999 -9999 -9999 -9999 -9999 -9999 -9999 -9999 -9999 -9999 -9999 -9999 -9999 -9999 -9999 -9999
0.761136940545737 0.702707833744525 0.646228557796086 0.59207434987952 0.659676156543557 0.747005089541257 0.67874220513145 0.631927583151382 0.615952875249603 0.652765385782139 0.707848917679944 0.733448111431118 0.751761640574025 0.757360389742936 0.765678315460124 0.775252686787208 0.755493200293433 0.743979094939625 0.750119410841635 0.747241363610151 0.739210423352384 0.731197607132275 0.724630945747561 0.721924002041212 0.732977970325621 0.753576200971289 0.768796061222052 0.783002557049365 0.795598601923616 0.796665631161597 0.788089949615189 0.785756302790557 0.784839256893312 0.785837396168696 0.775659160828441 0.754243114201185 0.794991302984241 0.840808343585925 0.829526348283711 -9999 -9999 -9999 -9999 -9999 -9999 -9999 -9999 -9999 -9999 -9999 -9999 -9999 -9999 -9999 -9999 -9999 -9999
0.742672979064618 0.69893756433518 0.66316975497367 0.636902884888615 0.676575689924701 0.726532148542576 0.68828431160635 0.669433900184471 0.678474556310005 0.698561347061154 0.722149926718059 0.732937190417875 0.74179550840034 0.747287473181469 0.756322682413434 0.766999563754387 0.752949584240227 0.743974563758971 0.7458656831325 0.732705179272012 0.710944511141274 0.710027329085349 0.710557440088203 0.712293784892386 0.727791826883466 0.752834675830373 0.749920583040171 0.74926481439226 0.765935642076367 0.765389614819027 0.750443645879337 0.688294506845927 0.647601289206177 0.738374427060972 0.771753677762121 0.747423546392486 0.782025375349327 0.823410357769985 0.823372538003064 0.823351839671758 -9999 -9999 -9999 -9999 -9999 -9999 -9999 -9999 -9999 -9999 -9999 -9999 -9999 -9999 -9999 -9999 -9999
0.71601891455408 0.68362090365212 0.665780500601292 0.665299259032124 0.683065141062911 0.703053669198039 0.692496458068963 0.694503535017398 0.714576484016524 0.722288494707263 0.725248916767382 0.725355995322256 0.728135930919485 0.735580477231423 0.745811291015019 0.757332379765283 0.747374042492465 0.740432859859529 0.739951793272437 0.721649104423246 0.693163535187441 0.69744877320351 0.702382919738196 0.704869701572282 0.721687884713152 0.748446008910857 0.738870744536214 0.732690923472821 0.750601450229475 0.748227388862828 0.728887575794178 0.619710867015699 0.545340500209198 0.693824983838435 0.746490280352412 0.702809670478424 0.74905081207846 0.804948406484787 0.793184040989121 0.794502989717091 0.811638531075795 0.838731138653128 -9999 -9999 -9999 -9999 -9999 -9999 -9999 -9999 -9999 -9999 -9999 -9999 -9999 -9999 -9999
0.677048795550484 0.650941093370772 0.64684150240207 0.66898539596222 0.673900193261249 0.675055542919201 0.688693555426416 0.700871224937079 0.710949104187993 0.712829159799529 0.711502614907355 0.707142714089675 0.708922250699408 0.721416197078306 0.733561901597589 0.745538769315908 0.737239173232104 0.73157205169492 0.731541396659687 0.715826323705086 0.691149521607216 0.697790215762999 0.703079133280392 0.700763142385379 0.71420378174278 0.738572869240779 0.73958889043613 0.741927566627558 0.756814470533252 0.752289097560164 0.731527562063391 0.594553414021754 0.495677442548926 0.653656821710899 0.689109431432467 0.601361740526094 0.685987805971291 0.784886492824142 0.726852834845938 0.727518214721208 0.79914564241362 0.838731138653128 0.866117739857116 -9999 -9999 -9999 -9999 -9999 -9999 -9999 -9999 -9999 -9999 -9999 -9999 -9999 -9999
0.646568065928946 0.602714236147485 0.588582320043486 0.60989218148613 0.626037281429164 0.641188196032299 0.661388947128831 0.675496987531213 0.68084447332331 0.684170142303812 0.686620972311605 0.6865913915538 0.692227710356663 0.707752031166494 0.716720224778004 0.722631152799185 0.714703216856085 0.709379172828494 0.709630396214338 0.70305858717437 0.692588248469467 0.694290202631625 0.695799411686995 0.695241163908926 0.703383018148753 0.717559069561286 0.726746650687137 0.734023923926522 0.736493933055784 0.729571347095999 0.714792923238515 0.568274118237486 0.460085384252386 0.621028161810764 0.681265824701164 0.640244795645877 0.68797031983046 0.742489617311838 0.712649953249596 0.726740518438607 0.793938922235246 0.804760321647518 0.802095557602538 0.833138516675224 -9999 -9999 -9999 -9999 -9999 -9999 -9999 -9999 -9999 -9999 -9999 -9999 -9999
0.621658093759649 0.554050654221332 0.522039959239083 0.532476460478168 0.566189179211043 0.604826016676195 0.625073901990268 0.637827605733218 0.639805615337884 0.647832311116745 0.658005821128824 0.665898111685069 0.677211892554172 0.694496782285709 0.698395242355768 0.696058587328733 0.687511718332054 0.681755848164424 0.681975865371326 0.686978003877782 0.694712540617772 0.689097812304942 0.685576311481335 0.689347738649372 0.691656901050158 0.692951869145389 0.708868712557208 0.719361948658048 0.706306734768223 0.696286739471216 0.688805359436894 0.541979052205131 0.432419583039873 0.592664555067413 0.69176735813015 0.729391892958843 0.713411976342007 0.692514274055603 0.717339594300168 0.74922538659002 0.789646677470835 0.758527521824791 0.718209227916195 0.801910202558028 0.851610480032915 0.85172916348144 -9999 -9999 -9999 -9999 -9999 -9999 -9999 -9999 -9999 -9999 -9999
0.657338859631291 0.660111533005341 0.65150068303577 0.629315596009334 0.594954405535077 0.563482338346318 0.595459868258156 0.605795664112604 0.585013357928647 0.608323702428933 0.647141338815173 0.666397666781146 0.680873817332782 0.687007708484915 0.688925729099623 0.688873387067572 0.666548913414832 0.649254840939614 0.642731504221326 0.655187819241193 0.678488687051309 0.679026484827366 0.680744120200771 0.688516272888116 0.691055134277304 0.68996430126862 0.699299803804378 0.70450395068684 0.692015167290127 0.662482437111858 0.618694383268137 0.527276906053731 0.469617261297039 0.59954621676477 0.670536042498537 0.682262749363368 0.680068034574694 0.675696842699122 0.677422428244377 0.695128693853689 0.732154216205961 0.74271981560246 0.750803130815764 0.814201601809555 0.85179835864328 0.851769707080603 -9999 -9999 -9999 -9999 -9999 -9999 -9999 -9999 -9999 -9999 -9999
0.693808997621922 0.713829935507351 0.713840950007721 0.689991211091113 0.616980575065138 0.540252603244103 0.568187999693612 0.573883454008043 0.547600658019038 0.581752321054911 0.636874123181355 0.659316922335481 0.674607281566212 0.677415361582497 0.678832309341517 0.6795904566077 0.646829239653396 0.622173543330132 0.614872808929062 0.633319186846969 0.666476894698205 0.666395962508176 0.667102026429371 0.674149788632362 0.675745552007767 0.673559930309371 0.681547007761393 0.686725317777102 0.678814056860605 0.643696084032194 0.585822789965822 0.521698639252582 0.488090037997935 0.597449735635767 0.645650860869537 0.632357224260094 0.628961211614499 0.628829665009022 0.635395337727127 0.653967767523436 0.687055325694407 0.729132562355731 0.773847010561473 0.818183379742661 0.842396962185003 0.837266445067691 -9999 -9999 -9999 -9999 -9999 -9999 -9999 -9999 -9999 -9999 -9999
0.731722914656617 0.671812792564327 0.653416418653804 0.684522948363554 0.626680860842961 0.550153670469956 0.545200002962555 0.542190235491394 0.541975552717225 0.578843414240923 0.627699321499484 0.638371642567574 0.650181372127646 0.663976081712696 0.667597750808275 0.66647073127232 0.629383280238558 0.605005014336746 0.607838748017345 0.62959729268628 0.662169055355201 0.64908461628715 0.637346426378027 0.635027456540939 0.633535050276684 0.632615930114591 0.648825701070143 0.663604779043509 0.667607416462785 0.65237789195453 0.621062850601082 0.532808149343475 0.472314556090736 0.578932032936462 0.614082677611833 0.577373636044545 0.545365686543344 0.527000837429933 0.589509148758415 0.636466643720743 0.664624549883588 0.719606566654573 0.779423686984174 0.806966676712145 0.826340467461206 0.833801505206876 0.835854631081269 -9999 -9999 -9999 -9999 -9999 -9999 -9999 -9999 -9999 -9999
0.717158121766048 0.626536929614287 0.606994344889874 0.672209162400812 0.621088113347357 0.543780023696485 0.542857272011055 0.542297611214228 0.542260029622826 0.571780562326072 0.610686011804108 0.615636858914344 0.621776476878724 0.629990711321164 0.628578895153136 0.622680045316126 0.601934054135716 0.590950120932854 0.600868009117479 0.623797266173778 0.654160931329285 0.623488546556945 0.603399280649786 0.619358645702218 0.625030067932662 0.623566001939897 0.634700230287458 0.646268287378279 0.654984740797129 0.635648400791152 0.592849088557188 0.512154579407806 0.459522510836271 0.56160262058756 0.591416848255648 0.548567947380843 0.520126220502135 0.508188610355501 0.581505581478997 0.626252823425533 0.636461739666648 0.695873085155894 0.765573518964983 0.790654424612223 0.811130796766675 0.824892597475746 0.818463950034149 -9999 -9999 -9999 -9999 -9999 -9999 -9999 -9999 -9999 -9999
0.676921304725318 0.579666935656876 0.567422123759966 0.656546619617175 0.608014177383443 0.529444960733045 0.550613984480212 0.557961497843447 0.545435410999254 0.562685644853593 0.589838187744516 0.592026669081614 0.591425104287618 0.585954412985396 0.575968258226614 0.563885453149443 0.569591336855963 0.578418384789537 0.593928246669202 0.616980639520021 0.644342667574754 0.593839678609941 0.567401675563891 0.615163046854859 0.633013465522726 0.630118313003033 0.6296716437311 0.631761289735217 0.641669355809061 0.606487973639743 0.533594394475156 0.475962850117863 0.44818993091372 0.544854507180962 0.573105955304694 0.532568207461928 0.523433914992472 0.529987217199335 0.59203378794676 0.619603874139922 0.605494879466144 0.665189453414831 0.742219946224452 0.771849484354487 0.796335383338781 0.813320558832318 0.8123834688744 0.804973847491971 -9999 -9999 -9999 -9999 -9999 -9999 -9999 -9999 -9999
0.663058184484053 0.573609132152561 0.566742544679067 0.658351088400434 0.608004424689562 0.524714487535534 0.524886247963367 0.52169408560569 0.513665023755057 0.514413861004946 0.518138888798063 0.515681024130938 0.514976911973147 0.517333409723166 0.522804483943633 0.529729485016499 0.547873642693234 0.554498006358282 0.536457009767662 0.549131904960455 0.579357180662878 0.583902679918194 0.587308638271601 0.590947157097793 0.596817706544007 0.604236342763115 0.61249397091436 0.616131775766906 0.603706120115101 0.570500727088572 0.519915446307387 0.455031585559376 0.413621777755497 0.489049985556287 0.513906136597915 0.487912235650437 0.485111157392046 0.500258446332179 0.597266948509136 0.6529339751999 0.658622742151461 0.701594296224732 0.752596891031897 0.772197237398733 0.786378543184004 0.792657520707936 0.793115209878009 0.790681990953973 0.773039740032536 0.7702368822276 0.793715238476814 0.801254089029599 -9999 -9999 -9999 -9999 -9999
0.646183685848507 0.572075415097972 0.569504310816458 0.652237415672548 0.602635907614096 0.521271128321248 0.507343287879095 0.49470903503665 0.483934799086409 0.473459727445549 0.463286525175627 0.457036119577488 0.456155045631018 0.464644409966997 0.481004585239315 0.501029265784333 0.520000229361548 0.522712756416938 0.490613880282491 0.496500633241985 0.524091533657042 0.56528515372478 0.590739194217994 0.572424702259429 0.569101455926067 0.576175803986526 0.592752000143531 0.600076858745737 0.572543996538838 0.543283229494563 0.512577266508551 0.438910709259621 0.384331078140339 0.447402909508358 0.471288900026818 0.45577364463736 0.461354581369385 0.485122803160952 0.595311401410876 0.666662350487334 0.691061948765974 0.724421312168685 0.758057170285033 0.767172121390773 0.772880465151154 0.773621115997019 0.776843919839374 0.78040836836462 0.770553830532234 0.772260145004088 0.794441234399066 0.792331258949317 0.77873242612092 0.760349551803524 0.752933098921278 0.769401104125677 -9999
0.621901357260311 0.579755306421364 0.579087723864652 0.627880975552577 0.584891623688092 0.520496847169227 0.509024822021061 0.489858850612031 0.459629948469786 0.449913404584729 0.447574115087034 0.439498280072423 0.438114620777679 0.448409997837272 0.46480236847501 0.484025335692167 0.478014877967525 0.473491818467479 0.472153469823899 0.479583172151939 0.492022744678924 0.526654974908541 0.55574367000481 0.567197135760795 0.561527931999738 0.543982825660021 0.567526105571367 0.583090924566259 0.557280771487773 0.535972421425303 0.518429317751705 0.433256488705511 0.367475297201519 0.43855981880648 0.466979213996274 0.452498952036173 0.471383511061655 0.504069010206555 0.577297365943719 0.63530757413433 0.674920361287437 0.715081754693235 0.751644886060454 0.749594496010121 0.75129445909866 0.75846338318744 0.767634018473946 0.777017260948477 0.774173575182199 0.778838560309683 0.796801729902789 0.792931280459088 0.778734262922261 0.760349551803524 0.752933098921278 0.769401104125677 0.775445127262587
0.610964319390982 0.606189207240859 0.60414339082679 0.605352112239121 0.566922134421693 0.519496329233383 0.497375890513034 0.475461759207029 0.453844272114181 0.449640266954513 0.451497611931585 0.444331746201266 0.440350613750862 0.44192740705016 0.452510353392514 0.467281897713646 0.46719616303235 0.471918648077885 0.486936149825144 0.49675955014282 0.503615155901978 0.52444176058866 0.545345058076049 0.564670999854035 0.556605995081812 0.529543239261261 0.538081698480291 0.54315916775157 0.524174291007485 0.512798386128959 0.507786521111332 0.433123733209161 0.374206546781472 0.43707389716061 0.466915595304568 0.463550098789021 0.480702335173786 0.507602444315268 0.567535886049565 0.615668428781063 0.649534707704076 0.67024417973218 0.686836707080278 0.701341595434766 0.711824383304809 0.716441933989455 0.735927489210527 0.760191431536705 0.765103856062379 0.772084212809888 0.782726967941538 0.768132638938453 0.7416020172232 0.740803331462351 0.745437248467728 0.761714909201967 0.766684067552371
0.60801438385657 0.643847306632783 0.638459138964064 0.583917046227355 0.548817860673036 0.518360409500578 0.477748729413646 0.455350882719289 0.459142246395861 0.463296036233272 0.467173119385556 0.462554347960636 0.45472196050371 0.441281241759957 0.442558578147477 0.450694363207963 0.475030553531589 0.498862473199895 0.521614684553348 0.534340952457716 0.541338618251481 0.544023951725792 0.549667598325779 0.563761659193067 0.553271022227254 0.525728985881159 0.506112528766994 0.489494429212685 0.480388694567603 0.480130273716287 0.487271624955107 0.43629555214165 0.395054538401662 0.439991211336538 0.469393230682983 0.483175202255488 0.489596163978085 0.501911396372217 0.562713527173807 0.603041041034599 0.618616518072955 0.604161185370605 0.587078822081892 0.634729667147454 0.661650764351194 0.658342659556307 0.690756819450133 0.735324975533821 0.748439544375071 0.75735026088055 0.7588157710881 0.728133000671669 0.682245173852046 0.709558777573068 0.733455161938774 0.749428557809953 0.758951845770014
0.611603336000856 0.631157656955153 0.627795486232191 0.597106636312567 0.558732412858277 0.519014224988502 0.488144315894162 0.47216178672664 0.477585444624291 0.483229371109277 0.488299617039511 0.479843756206446 0.471736990115136 0.464239456409632 0.469998847069306 0.481921576921781 0.465256985178278 0.461578532643039 0.485705073979834 0.504348595250385 0.519859240250142 0.52363986620136 0.527893715333488 0.534907634873134 0.533143301039117 0.525290565990988 0.505193649678931 0.485964725429908 0.473910826869402 0.474744313915557 0.486356633785997 0.445169281884596 0.40816559937838 0.428308915758561 0.444351990725942 0.45627228520208 0.471633481030152 0.493292389610028 0.550449613491865 0.594479027282417 0.622638056795844 0.609740286025407 0.587599337012772 0.595941541812805 0.610547260715134 0.634286763312355 0.672696615631698 0.714736043534136 0.713437474883806 0.703137356518534 0.676895100019971 0.647331242969389 0.616196380478951 0.68068761748437 0.730022824429227 0.745752427064741 0.762357479941456
0.615199787028436 0.616680356255541 0.613240818028642 0.603934317270911 0.56455294170541 0.518768159034475 0.496339416119671 0.485220403215003 0.49036336504623 0.493335072894445 0.495030408765767 0.48711482673878 0.479790296653239 0.473497257281689 0.480387838272446 0.493398304401293 0.449553102281278 0.427959662555076 0.454010107364491 0.475260071846988 0.493767148154189 0.499247198731538 0.503995945281083 0.508453460104909 0.513711385080101 0.519524456726267 0.505147219291061 0.489501622317581 0.476469169335201 0.476414878542218 0.487215344864106 0.452357568802554 0.418026688930509 0.419089829244419 0.425013084861294 0.435823171895878 0.459060160853076 0.488483883725104 0.539731553549401 0.584571775120043 0.621665947249522 0.614350587590356 0.593936802921881 0.574667565602376 0.579805752042591 0.620536119729614 0.657923828963062 0.692089686616837 0.682632771688394 0.661365479537375 0.619181492922509 0.591052718992833 0.569571588342647 0.655869085159856 0.720983555940446 0.73930204990725 0.75861962599283
0.617714774361839 0.605648223521517 0.595290364876293 0.586970029431343 0.554095406613028 0.515680825123428 0.493262115498113 0.48146406843003 0.484937203435205 0.474648559070795 0.460217230427403 0.466271432262595 0.462107758893207 0.440112076776039 0.43635272762771 0.441076205477225 0.42008298374809 0.415514111968297 0.446111885360688 0.46011685808965 0.464641071887145 0.470281630412931 0.478505081696533 0.493483875601183 0.499074728531051 0.498154314492895 0.502326963642399 0.50452645661724 0.498236717843027 0.493398532397334 0.4897744062761 0.453828033540082 0.420020980923861 0.419283809372648 0.426406603570353 0.441432569847224 0.466224366155959 0.494922370022894 0.534630743297527 0.570182722673676 0.600709982167579 0.604142847861167 0.599780216866796 0.598126839159094 0.606682751344616 0.6301263837524 0.647856632800853 0.662915959671031 0.666765288547737 0.661359449440202 0.639562303155122 0.61085924070269 0.578889911974047 0.642086883764324 0.694679776552182 0.723570822260988 0.750053110339791
