layers/veg50/veg2400.asc
NCOLS 255 
NROWS 330 
XLLCORNER -2985163.8955 
YLLCORNER -3022031.214 
CELLSIZE 25000 
NODATA_value -9999 
[rows 250 to 274 of 330, columns 57 to 113 of 255]
-9999 -9999 -9999 -9999 -9999 -9999 -9999 -9999 -9999 -9999 -9999 -9999 -9999 -9999 -9999 0.823567976238257 0.822847407120273 0.832934479086288 0.847106009733035 0.794138679854829 0.739402994968931 0.681053490992537 0.632606477663617 0.589572037453233 0.610216690741643 0.633092030175767 0.655699747912935 0.6696078799124 0.677732383511145 0.664781656853408 0.654409367300084 0.658365015117101 0.601191932123206 0.494955802699025 0.474866840666931 0.46505477312742 0.445570065343194 0.428153022875315 0.412731880318852 0.398628160512705 0.383133766081215 0.357803396916295 0.333707187651396 0.311042896603815 0.2866351229696 0.262703408502231 0.24755856339922 0.232915486483892 0.218973939979373 0.206917155525593 0.195628245668457 0.185917487474616 0.177457533524048 0.171117527647948 -9999 -9999 -9999
-9999 -9999 -9999 -9999 -9999 -9999 -9999 -9999 -9999 -9999 -9999 -9999 -9999 -9999 -9999 0.817013479241526 0.807870906503124 0.817099184608562 0.834107277639798 0.815643174313337 0.781064996500494 0.713556015906976 0.662073316056952 0.619350373669003 0.633817331195443 0.645304067975053 0.643901727983036 0.648089037897942 0.655992439466688 0.664487010399391 0.670972609382494 0.670811828201804 0.6237165128778 0.538950675079176 0.506646677575018 0.48401740068695 0.469986252818499 0.45153810278952 0.428826257784752 0.410602235797633 0.391620226085077 0.36261816430633 0.339125896766179 0.322026297423873 0.301921134027112 -9999 -9999 -9999 -9999 -9999 -9999 -9999 -9999 -9999 -9999 -9999 -9999
-9999 -9999 -9999 -9999 -9999 -9999 -9999 -9999 -9999 -9999 -9999 -9999 -9999 -9999 -9999 0.822372489236004 0.827540607802893 0.837175771048313 0.848408215889657 0.823347733017607 0.789176522856377 0.736386585085189 0.688290821085125 0.642760831663581 0.645889277453198 0.648688545192253 0.646121662306379 0.647230600908644 0.650783286396768 0.667488855991269 0.680918381695674 0.680031365033489 0.664914603411294 0.638376786118507 0.564694987652735 0.496768077439674 0.482392539374302 0.464298064191508 0.442613730338386 0.424107263915666 0.404449985240488 0.374073131795576 0.34945652126631 0.331523158804778 0.306910762988783 0.283046060819937 -9999 -9999 -9999 -9999 -9999 -9999 -9999 -9999 -9999 -9999 -9999
-9999 -9999 -9999 -9999 -9999 -9999 -9999 -9999 -9999 -9999 -9999 -9999 -9999 -9999 -9999 0.863141975075501 0.857574287253964 0.864070233513558 0.875434434539617 0.840903651460023 0.800648816678999 0.748696281366338 0.706121211343174 0.668671742378658 0.649321834168634 0.637096210784759 0.641267278607429 0.643043197959059 0.643226783015851 0.656271104080469 0.666769349112591 0.665388111348598 0.667937770976892 0.673642441329473 0.592456292965504 0.513356821903046 0.496823696659105 0.478987910977327 0.459894678148793 0.438594916952821 0.416038543528844 0.388792595891374 0.364307714129408 0.343026323686745 0.314023051774722 0.286043419522673 0.287104115742694 -9999 -9999 -9999 -9999 -9999 -9999 -9999 -9999 -9999 -9999
-9999 -9999 -9999 -9999 -9999 -9999 -9999 -9999 -9999 -9999 -9999 -9999 -9999 -9999 -9999 0.8696405172417 0.881426525526483 0.897254325856101 0.914199984251359 0.867547650458517 0.815221487127773 0.751300257528613 0.716214316932914 0.696889371795984 0.644784377586118 0.611687461777015 0.629886692051732 0.635784755922517 0.633504801032313 0.631935483061817 0.630392366916385 0.628730946054355 0.63574379244529 0.649718765668164 0.592277217820906 0.533486262215639 0.513122838546028 0.49545811644443 0.480398428231996 0.453989061546347 0.426482068667879 0.406523624778632 0.383329223632436 0.356380344523856 0.323093537600344 0.291276901322168 0.289031557323453 -9999 -9999 -9999 -9999 -9999 -9999 -9999 -9999 -9999 -9999
-9999 -9999 -9999 -9999 -9999 -9999 -9999 -9999 -9999 -9999 -9999 -9999 -9999 -9999 -9999 0.867020597851812 0.867065809473505 0.889273658592832 0.920414213624421 0.866207260940592 0.81262246771102 0.760309122637131 0.730687189397312 0.71346808793861 0.685518064184744 0.667887138431832 0.67744603761797 0.673894575474711 0.661627128408195 0.661662769480636 0.657207040566445 0.634758600132638 0.624897580859715 0.625139457895312 0.584927553892863 0.543590626086813 0.522491381300475 0.505510939217654 0.492506342686866 0.466599513926133 0.439404767124838 0.420554221749362 0.397240088063098 0.368747133207295 0.341873517981661 0.316657057138377 0.302392431226095 -9999 -9999 -9999 -9999 -9999 -9999 -9999 -9999 -9999 -9999
-9999 -9999 -9999 -9999 -9999 -9999 -9999 -9999 -9999 -9999 -9999 -9999 -9999 -9999 -9999 0.839842525528848 0.842438824974399 0.841439232920342 -9999 0.820339964833479 0.807634679687261 0.768964810613128 0.742067103745016 0.721603908251031 0.724924410117494 0.728187856386664 0.729091949647178 0.716331213953783 0.694485874095124 0.698369526025707 0.692951713296531 0.650200379384808 0.62264151519437 0.607276407318485 0.583701826678446 0.55897331631945 0.534426158628334 0.516869637301983 0.506061118367929 0.479674905025523 0.451658659907676 0.433273984476881 0.409476864762778 0.379400025889628 0.359536584950569 0.341269906111479 0.311457109455468 0.292000815158202 0.287024118277897 0.265206055965209 0.23914595020746 0.245741083834146 -9999 -9999 -9999 -9999 -9999
-9999 -9999 -9999 -9999 -9999 -9999 -9999 -9999 -9999 -9999 -9999 -9999 -9999 -9999 -9999 0.838422726667516 0.83722759761395 0.837687730018001 -9999 -9999 0.807651546674705 0.76903301404746 0.73217167518939 0.696270795684191 0.709947263494738 0.72553208528356 0.741344220204428 0.734825951807461 0.713462062167996 0.716395913072571 0.711032067357973 0.671979652532964 0.644524412178668 0.626377277881356 0.623034866331974 0.613323873415117 0.567451271918542 0.54197517476873 0.53618765144035 0.498164942418051 0.457714232960607 0.442772018972983 0.418000390703234 0.381824310404295 0.361040201753871 0.343136169668844 0.312144436577054 0.292000815158202 0.287024118277897 0.272285049846072 0.25483413129339 0.251798258130565 -9999 -9999 -9999 -9999 -9999
-9999 -9999 -9999 -9999 -9999 -9999 -9999 -9999 -9999 -9999 -9999 -9999 -9999 -9999 -9999 0.838741310681613 0.837238292697355 0.837816964328141 -9999 -9999 0.815097969000107 0.781248427461206 0.743489136765271 0.703592827824035 0.702874919691861 0.713036832842298 0.747164584737305 0.74903803895849 0.729468302929461 0.720977413297153 0.710969502542118 0.692908654568569 0.675013760280237 0.657252063479488 0.654432023660571 0.643700750620934 0.590180820298811 0.560065722031322 0.55254311097888 0.510291397601334 0.466110110842347 0.453461218953571 0.428661694601365 0.389764554554444 0.366243743247755 0.347896750112058 0.337385179012865 0.319963769479059 0.292881600425902 0.276006956168195 0.263512138331868 -9999 -9999 -9999 -9999 -9999 -9999
-9999 -9999 -9999 -9999 -9999 -9999 -9999 -9999 -9999 -9999 -9999 -9999 -9999 -9999 -9999 0.840275974272809 0.842871119369737 0.841871971747356 -9999 0.826219498180772 0.820805157380808 0.804326042788114 0.778324718887446 0.747118678722537 0.704566403187392 0.689632830730944 0.74585408024263 0.758502074577731 0.742181848614827 0.710652954594994 0.690792405921653 0.712894985501931 0.715044832946301 0.701180249693209 0.677030896738321 0.647498699161565 0.601495972284102 0.570378951623874 0.553630977774783 0.515362732403781 0.477100617307829 0.465471029811841 0.441693091372182 0.403820184341891 0.375549284721174 0.351253026800054 0.338621263801695 0.319963769479059 0.292881600425902 0.276006956168195 -9999 -9999 -9999 -9999 -9999 -9999 -9999
-9999 -9999 -9999 -9999 -9999 -9999 -9999 -9999 -9999 -9999 -9999 -9999 -9999 -9999 -9999 0.841287774784105 0.841420850730416 0.84136961563165 0.802169647845143 0.802998410180874 0.803400627849994 0.80293115671656 0.772725512649307 0.726266461636323 0.712577356730211 0.715856380790759 0.759150530695412 0.769050636608055 0.756749830078389 0.723977681306572 0.700211261260472 0.711324461234323 0.721220678976271 0.730140124340376 0.726015124455237 0.716968771911947 0.695115137776378 0.64848895605406 0.577950042835472 0.542961120330005 0.515375437465678 0.487548598118444 0.460968028221378 0.435833426492095 0.403671531489142 0.370465222120997 0.345696932646636 0.331256869048312 -9999 -9999 -9999 -9999 -9999 -9999 -9999 -9999 -9999
-9999 -9999 -9999 -9999 -9999 -9999 -9999 -9999 -9999 -9999 -9999 -9999 -9999 -9999 -9999 -9999 0.837374809423134 0.837374809423134 0.792835372886259 0.785183074339266 0.783186004715274 0.79274598905056 0.755711187029969 0.693208278340874 0.722274637987963 0.751782828633076 0.77388624523922 0.777736002206948 0.76945042451796 0.742335451732585 0.717708466293635 0.706476896534292 0.720991265278054 0.756169798963774 0.778102801563048 0.794781078563529 0.797362550762346 0.733470332172194 0.605411619851983 0.573310430467525 0.556676571694426 0.512739973494637 0.483111895053744 0.470085093404671 0.433698487035538 0.395008795900512 -9999 -9999 -9999 -9999 -9999 -9999 -9999 -9999 -9999 -9999 -9999
-9999 -9999 -9999 -9999 -9999 -9999 -9999 -9999 -9999 -9999 -9999 -9999 -9999 -9999 -9999 -9999 -9999 -9999 0.792945654119063 0.795765920611603 0.789190723876639 0.763414911751722 0.732141332619634 0.697862745255342 0.732208153408466 0.76100604632037 0.769334226543138 0.769096324745851 0.763163550026124 0.751270084880269 0.737770402252322 0.720792628029619 0.74070419274557 0.790223821053227 0.79941286452526 0.800973609332634 0.79511545309388 0.730471738808723 0.609082820563438 0.57819981109319 0.56467621752793 0.541754541199429 0.515192981318808 0.484408293165174 0.439287526945416 -9999 -9999 -9999 -9999 -9999 -9999 -9999 -9999 -9999 -9999 -9999 -9999
-9999 -9999 -9999 -9999 -9999 -9999 -9999 -9999 -9999 -9999 -9999 -9999 -9999 -9999 -9999 -9999 -9999 -9999 0.806656349274029 0.806970415908219 0.793793648661651 0.753046946185505 0.725774119786217 0.705865939520141 0.740045839913028 0.765971259576531 0.765909948127841 0.761666848903647 0.75464362804224 0.750596268192921 0.744532021741766 0.731115373250565 0.752992499004124 0.80319705870731 0.804820222242749 0.79903223830463 0.791847023259565 0.72818184106931 0.609997022393079 0.579781545106755 0.56811279975955 0.557188426778346 0.532482309718228 0.49178610060223 0.482532122764577 -9999 -9999 -9999 -9999 -9999 -9999 -9999 -9999 -9999 -9999 -9999 -9999
-9999 -9999 -9999 -9999 -9999 -9999 -9999 -9999 -9999 -9999 -9999 -9999 -9999 -9999 -9999 -9999 -9999 -9999 0.806648334984278 0.806201345829368 0.796525549026934 0.767989715006833 0.742367879701197 0.718338798347152 0.745086149607229 0.765253164064755 0.763990904460275 0.755852671866992 0.743143178772386 0.737097714453994 0.733541239506749 0.736108538789179 0.755370901339847 0.788033029490422 0.789001678105733 0.786234261524163 0.787215385343383 0.726837864387319 0.607231360527968 0.576948446469056 0.565458899983298 0.554495696697533 0.53002855693239 0.489893647820671 0.481584204214611 -9999 -9999 -9999 -9999 -9999 -9999 -9999 -9999 -9999 -9999 -9999 -9999
-9999 -9999 -9999 -9999 -9999 -9999 -9999 -9999 -9999 -9999 -9999 -9999 -9999 -9999 -9999 -9999 -9999 -9999 0.801906310716443 0.80215205668161 0.793768940185836 0.767751837440154 0.748954997730312 0.734104660270035 0.750790136926833 0.7625736778728 0.758979381067949 0.760102768193342 0.76436254957787 0.751298629364166 0.738151538485712 0.72967981236924 0.744274793594345 0.777383539431945 0.766973796494615 0.756013520349304 0.769621976547275 0.743575534892768 0.679250554402572 0.618771073114922 0.56620555672503 0.555595961015555 0.533758505951083 0.498894070872407 0.491880986495801 -9999 -9999 -9999 -9999 -9999 -9999 -9999 -9999 -9999 -9999 -9999 -9999
-9999 -9999 -9999 -9999 -9999 -9999 -9999 -9999 -9999 -9999 -9999 -9999 -9999 -9999 -9999 -9999 0.946304027750997 0.946304027750997 0.824027079477546 0.809781749643894 0.791697902996861 0.765769644295101 0.752940947417874 0.74727230135212 0.754057089815766 0.757714135746053 0.752273173883396 0.766302258532286 0.793275351937766 0.772088078806263 0.746190046612955 0.718845924746649 0.728422932162241 0.767633518685172 0.744149234245933 0.722558526972093 0.747757060169226 0.763077729018504 0.768863378626032 0.67107538802705 0.567206289820033 0.55545028119903 0.536296104238701 0.50855829721578 0.490898426629303 -9999 -9999 -9999 -9999 -9999 -9999 -9999 -9999 -9999 -9999 -9999 -9999
-9999 -9999 -9999 -9999 -9999 -9999 -9999 -9999 -9999 -9999 -9999 -9999 -9999 -9999 -9999 -9999 -9999 -9999 0.824220237936877 0.828317689343821 0.82670624122131 0.813428057621185 0.768552177667027 0.706405406178412 0.718621780580942 0.730855962689845 0.736211259730633 0.75111787648739 0.772374368472601 0.751804931762418 0.726987200508848 0.700406927123142 0.710010221121281 0.748655113448335 0.740419755110142 0.728163599379551 0.727837040678585 0.733437105353356 0.744758089645589 0.655129153180394 0.55510078957737 0.518456068813447 0.490953649665715 0.474058468876819 0.473689248547989 -9999 -9999 -9999 -9999 -9999 -9999 -9999 -9999 -9999 -9999 -9999 -9999
-9999 -9999 -9999 -9999 -9999 -9999 -9999 -9999 -9999 -9999 -9999 -9999 -9999 -9999 -9999 -9999 -9999 -9999 0.785426388806876 0.806473165283306 0.819775147098123 0.817249828015581 0.763197238541622 0.680980510517001 0.692743657576581 0.706445997499015 0.71631952507238 0.730141892920699 0.746589515057295 0.728957950832399 0.70750020404288 0.683430331842871 0.691546243445135 0.725495058563274 0.726022448807477 0.720026951519481 0.707029298765126 0.705567635907501 0.715241566915555 0.637397397844759 0.547624382530233 0.49560829014767 0.462949962076725 0.452751232120967 0.45051709211614 -9999 -9999 -9999 -9999 -9999 -9999 -9999 -9999 -9999 -9999 -9999 -9999
-9999 -9999 -9999 -9999 -9999 -9999 -9999 -9999 -9999 -9999 -9999 -9999 -9999 -9999 -9999 -9999 0.817318234514326 0.817318234514326 0.78494309740015 0.760095386108611 0.745108050627895 0.750271428205132 0.723980026646483 0.680495850253576 0.682301260634789 0.685990110950468 0.690242281545091 0.699811945499138 0.71291676693556 0.701970144707326 0.687554278867092 0.668815649516798 0.672999465484702 0.695581258705252 0.694395630192303 0.689696174073246 0.684787804300674 0.680558741811367 0.676985408919967 0.616781864325633 0.547624382530233 0.49560829014767 0.462949962076725 0.452751232120967 -9999 -9999 -9999 -9999 -9999 -9999 -9999 -9999 -9999 -9999 -9999 -9999 -9999
-9999 -9999 -9999 -9999 -9999 -9999 -9999 -9999 -9999 -9999 -9999 -9999 -9999 -9999 -9999 -9999 0.817318234514326 0.817318234514326 0.730180509635085 0.729196268853614 0.727964490436272 0.726226842874876 0.702412504761139 0.666531333556242 0.66670524931075 0.668149636561737 0.669461424308297 0.676595911600035 0.687601425797388 0.683517429625789 0.675200347132345 0.657540182930129 0.6615161049594 0.682857548720648 0.679212749124647 0.672447225714228 0.667893431106388 0.664853843840806 0.663275908166701 0.662882712919332 -9999 -9999 -9999 -9999 -9999 -9999 -9999 -9999 -9999 -9999 -9999 -9999 -9999 -9999 -9999 -9999 -9999
-9999 -9999 -9999 -9999 -9999 -9999 -9999 -9999 -9999 -9999 -9999 -9999 -9999 -9999 -9999 -9999 -9999 -9999 0.704133381535734 0.72517405590183 0.734359336240727 0.71931687437036 0.687590989367519 0.646746161384912 0.649077330157731 0.651723735609195 0.651150043103092 0.656507994116331 0.665809399790031 0.668525073758113 0.665855326174004 0.647700272670379 0.652955356838289 0.676999849133625 0.670622059982425 0.660488448151194 0.653233718296449 0.653188090043432 0.660101346835556 0.661298324640092 -9999 -9999 -9999 -9999 -9999 -9999 -9999 -9999 -9999 -9999 -9999 -9999 -9999 -9999 -9999 -9999 -9999
-9999 -9999 -9999 -9999 -9999 -9999 -9999 -9999 -9999 -9999 -9999 -9999 -9999 -9999 0.779707443890367 0.779707443890367 -9999 -9999 0.703864009013611 0.699324435625409 0.684102343859217 0.647049404395017 0.630054870261255 0.624024000659699 0.640617614091765 0.651041649398326 0.643700224371956 0.640965200232725 0.641292587546086 0.643415718493302 0.643835603420725 0.638251143198797 0.639156017927537 0.645269352536969 0.638569421159156 0.632301832589754 0.635789095910967 0.64470081735347 0.658848722523664 -9999 -9999 -9999 -9999 -9999 -9999 -9999 -9999 -9999 -9999 -9999 -9999 -9999 -9999 -9999 -9999 -9999 -9999
-9999 -9999 -9999 -9999 -9999 -9999 -9999 -9999 -9999 -9999 -9999 -9999 -9999 -9999 0.779707443890367 0.770650847561768 0.746466127908553 0.726628599610753 0.708654604330145 0.684405897396683 0.653423355765707 0.608679516049081 0.600943147416011 0.613434583110424 0.632437969251169 0.643205462605063 0.632463299013328 0.624817731862788 0.619230833212433 0.620161517519248 0.621737649811567 0.623535074499112 0.62200868491772 0.61781454072014 0.612591306578695 0.608907373578603 0.61238781809948 0.607143465752365 0.593477140488124 -9999 -9999 -9999 -9999 -9999 -9999 -9999 -9999 -9999 -9999 -9999 -9999 -9999 -9999 -9999 -9999 -9999 -9999
-9999 -9999 -9999 -9999 -9999 -9999 -9999 -9999 -9999 -9999 -9999 -9999 -9999 -9999 -9999 0.770650847561768 0.746466127908552 0.726628599610753 0.708661975473122 0.685113249599756 0.661351520008894 0.637154494961357 0.627883358178751 0.626770518583088 0.624810615252068 0.621261635065914 0.613758329397883 0.60747786616448 0.602010368794944 0.600565617118518 0.599485427640303 0.598432782457343 0.598259222482272 0.598791232503482 0.59859194526466 0.594962882768333 0.577240220281826 0.575364936285923 0.588786993245309 -9999 -9999 -9999 -9999 -9999 -9999 -9999 -9999 -9999 -9999 -9999 -9999 -9999 -9999 -9999 -9999 -9999 -9999
