layers/veg50/veg2700.asc
NCOLS 255 
NROWS 330 
XLLCORNER -2985163.8955 
YLLCORNER -3022031.214 
CELLSIZE 25000 
NODATA_value -9999 
[rows 225 to 249 of 330, columns 57 to 113 of 255]
-9999 -9999 -9999 -9999 -9999 -9999 -9999 -9999 -9999 -9999 -9999 -9999 -9999 -9999 -9999 -9999 -9999 -9999 0.228180538119019 0.233214222977751 0.229559803420458 0.208150330459146 0.178097755520767 0.14332097299793 0.0797518325550547 0.0336008124788586 0.0343392040354673 0.044227251235951 0.0601981407503379 0.0643009459571635 0.0654142704022391 0.0602750911617245 0.0579712923239248 0.05794322207562 0.0628743610974383 0.0676261442344258 0.0685514474473475 0.0693836884781849 0.0701260973686318 0.0695525602005001 0.0689426329053122 0.0697442735883942 0.0682975453020258 0.0642421757151634 0.0625378811119 0.0612082805374663 0.0572857072499687 0.0549211109440957 0.0547347480511442 0.0530698370052323 0.050915570383541 0.0495408165177318 0.0482578340799666 0.0471303920980476 0.0475695262068661 0.0487100330948032 0.0490976539459877
-9999 -9999 -9999 -9999 -9999 -9999 -9999 -9999 -9999 -9999 -9999 -9999 -9999 -9999 -9999 -9999 -9999 -9999 0.303159421039322 0.277666245374259 0.250315035207454 0.219166736489999 0.180573345984686 0.137910564746218 0.079414935042241 0.0378501451539039 0.0407313295043307 0.0503059643869065 0.0643305158245639 0.0676275712610265 0.0678054194878092 0.0609869957219152 0.058561142585937 0.0596608476270215 0.0643576336550144 0.0688217727388522 0.0700755049861023 0.0710253281169349 0.071681790337885 0.0721745227904526 0.0726462615866605 0.0731964445350737 0.0715055957380271 0.0672146185606488 0.0670576811966316 0.0676065253833081 0.0640232925091116 0.0605017728241953 0.0570665353709765 0.0556266272484202 0.0548915330727508 0.0538973839213585 0.0525315924116875 0.0505359161650073 0.0501313801927904 0.0504451333880044 0.0508183700084654
-9999 -9999 -9999 -9999 -9999 -9999 -9999 -9999 -9999 -9999 -9999 -9999 -9999 -9999 -9999 -9999 -9999 -9999 0.303250951123274 0.28644968733549 0.263252808991881 0.226985820926664 0.186289187121916 0.143171366334219 0.0847674896712835 0.0424779752222125 0.0425112403852549 0.0506574613262935 0.0641973093739713 0.0702854252798524 0.072373459279115 0.0636901685493597 0.0628753493034458 0.0683759103480414 0.0713128849734971 0.0736634696439911 0.0751120051004702 0.0761661297779562 0.0768395330530805 0.0771394786486501 0.0773746954607965 0.0776894276048922 0.0756430148398096 0.070857113934558 0.0704174489738176 0.0712509909900856 0.0725766103637923 0.0692005606412257 0.0592510295111717 0.0566690808357439 0.056774643486966 0.0574418031511788 0.0571440396543856 0.055210858778585 0.0536799698221293 0.052339597665807 0.0522549643588741
-9999 -9999 -9999 -9999 -9999 -9999 -9999 -9999 -9999 -9999 -9999 -9999 -9999 -9999 -9999 -9999 -9999 0.293949891876813 0.294549577739257 0.291363625309191 0.275526879799834 0.233836910621606 0.187220066506946 0.137910256371043 0.0903121054531668 0.0551128014494042 0.0512233316962664 0.059424577383671 0.0756639305528941 0.0776071406689899 0.0766463475695003 0.0704015400058508 0.0714664921015984 0.0783983920761201 0.0788749028428872 0.0787609543834499 0.0801336486689688 0.0812117408617407 0.0820054561361745 0.0820810788885917 0.082039487323699 0.0821935650742453 0.0802172097759017 0.075769046818413 0.0752015633396664 0.0758295659792958 0.0774310142708797 0.0736903441084401 0.0624807696877334 0.0599846175733997 0.0606314116429559 0.06130879475976 0.0609375354261547 0.0587889655697332 0.0571212440534933 0.055677269625435 0.0551811028163588
-9999 -9999 -9999 -9999 -9999 -9999 -9999 -9999 -9999 -9999 -9999 -9999 -9999 -9999 -9999 -9999 -9999 0.30350208707307 0.28627466079728 0.296397423790322 0.287761299927449 0.240789421568767 0.187650321105771 0.131140296926088 0.095750163984533 0.0687004827866002 0.0608529880311023 0.0699951831488809 0.0904324049303613 0.0864716369419723 0.0812513241457577 0.0789320406548575 0.0817824866380198 0.0887822528156835 0.0868909354715038 0.0845455216598622 0.0857708353265355 0.0868536852156911 0.0877990160205541 0.0875285552816942 0.0870749670107951 0.0870431194946582 0.0851617636523266 0.081134539462373 0.0804536093630865 0.0807264051874866 0.0811363131284173 0.0770680971347982 0.0667389419254608 0.0644960260187738 0.0651402851696292 0.0652855299331372 0.0645249002786958 0.0622289330697402 0.0607170976382884 0.0595610439553922 0.0586850611633614
-9999 -9999 -9999 -9999 -9999 -9999 -9999 -9999 -9999 -9999 -9999 -9999 -9999 -9999 -9999 -9999 -9999 0.319191876282793 0.324240170140805 0.32084749775742 0.302497786315997 0.253581795450994 0.203164909832235 0.151927654582527 0.0988405365245474 0.0586302203614533 0.0512744438205941 0.0667329446687861 0.0973587542403554 0.0951437878276149 0.0917797560832592 0.0940822373986901 0.0961873406328172 0.0981340245796655 0.0983663418517042 0.0986071283593004 0.0999436708382212 0.101135894518495 0.102188808478207 0.100042123172572 0.0975018644123776 0.0965930244626594 0.0931954594721756 0.0869103831278494 0.0856024159812826 0.0857121799359507 0.086018659784816 0.0844750623748022 0.0803448413180292 0.075020649340281 0.0695571660448506 0.0692907568339661 0.0690370725651291 0.0688049553932513 0.0669321067590682 0.0643302941351314 0.0632980412878442
-9999 -9999 -9999 -9999 -9999 -9999 -9999 -9999 -9999 -9999 -9999 -9999 -9999 -9999 -9999 -9999 -9999 0.354486997594785 0.351578137390934 0.340115660875385 0.318178769126821 0.27483631030254 0.224270094054232 0.169755465569039 0.112487150388271 0.0673030904958742 0.0530461837056899 0.0712532463652204 0.111042892537408 0.109046067635989 0.105405651661038 0.108389979168372 0.109881607248537 0.11017516724631 0.110548047881767 0.111090229116677 0.112301378309053 0.113334489714558 0.114195742744224 0.111210935145063 0.107700842719484 0.105843749246167 0.101276586044669 0.0935650991506577 0.0917613403512322 0.0916218880388716 0.091547395376076 0.0913202398238862 0.0908796437584451 0.0843434585124205 0.0759803902263282 0.0742329254027853 0.0734789829074661 0.0744089296042306 0.0721079717999856 0.0683693212378167 0.0674112513326795
-9999 -9999 -9999 -9999 -9999 -9999 -9999 -9999 -9999 -9999 -9999 -9999 -9999 -9999 -9999 -9999 -9999 0.358773897313658 0.361996605739511 0.351134001583865 0.335363430402411 0.309562913392074 0.254275744020276 0.182871552415495 0.14293974929646 0.105815824633311 0.0728880584912361 0.0881636829405277 0.135485718246719 0.131274935077278 0.123962841059977 0.121356496797562 0.122444588542202 0.126497902743506 0.123854212986655 0.12106028129536 0.121769324758615 0.122215882656285 0.122409065448729 0.120238838515728 0.11753696413694 0.114618166454657 0.109433224392153 0.101619017336469 0.0995284151327288 0.0990025373282361 0.0981052096364444 0.0972710272223038 0.0965251292663229 0.0917529284569757 0.0855977982621734 0.0806667449463142 0.0778090332472257 0.0784653618880451 0.0756294752807911 0.0712458021523501 0.0707288061602204
-9999 -9999 -9999 -9999 -9999 -9999 -9999 -9999 -9999 -9999 -9999 -9999 -9999 -9999 -9999 -9999 -9999 0.384682937314479 0.382574200336202 0.372668387415499 0.35708115086456 0.329883328720336 0.266053185014672 0.182200288850912 0.163363858347699 0.143865684240643 0.116634158238458 0.125517993309498 0.158411917401227 0.15528552196965 0.148823100294355 0.141882928867653 0.140445980844202 0.143426021391727 0.138055177286166 0.132633725297223 0.132160241885548 0.131645704338089 0.131091537579207 0.128772151047196 0.126001472338109 0.122748842210175 0.117262617469149 0.109184893185368 0.106265688213793 0.104812564295741 0.103533056218781 0.102262301583587 0.101003785280253 0.0970035868638608 0.091928563029158 0.0853106100306809 0.0810541055161823 0.0807999444487034 0.0783566000287446 0.0749441440159768 0.074116790768481
-9999 -9999 -9999 -9999 -9999 -9999 -9999 -9999 -9999 -9999 -9999 -9999 -9999 -9999 -9999 -9999 -9999 0.415038247225043 0.406970220268554 0.398226447449413 0.380392457106949 0.343981653014057 0.270303752731234 0.176256140400771 0.179620065991977 0.181320389235794 0.169728205684319 0.170971742109045 0.180748677345661 0.179994653233366 0.176109646896523 0.165134317252239 0.160347184814729 0.160526813552335 0.152650700998953 0.144957911746366 0.14302273400389 0.14138420247314 0.140032021031559 0.137159674533975 0.133955082222113 0.130668297145398 0.125011879134282 0.116606124860442 0.112640178533381 0.110041416743595 0.108551372097519 0.106903967263911 0.105036554546754 0.101357981772811 0.0968541169939743 0.0892735111987668 0.0839605686117076 0.0824910158096711 0.0807767393494649 0.0789548652011055 0.0775246020591754
-9999 -9999 -9999 -9999 -9999 -9999 -9999 -9999 -9999 -9999 -9999 -9999 -9999 -9999 -9999 -9999 0.420620401692925 0.416650531200472 0.410924373281794 0.405807121568064 0.389648598497102 0.35092607835512 0.280989623730381 0.193992036839066 0.198212884058954 0.200852361540037 0.190984695507217 0.193883178882517 0.20526880940606 0.202410789799434 0.19327417629473 0.167957617015279 0.162846752556399 0.173953351309776 0.168052808988138 0.160685041692784 0.157608743051324 0.154609535534486 0.151684743430816 0.148337869997543 0.144876247285199 0.141259010052266 0.135338586411523 0.126745920239512 0.122173708285787 0.11884076738985 0.116522941703025 0.113970336791625 0.111089483159185 0.106257977446388 0.1007878844328 0.0964715283025936 0.0921476021575802 0.0878108458367828 0.0844188725159028 0.0814673498729158 0.0804932245406173
-9999 -9999 -9999 -9999 -9999 -9999 -9999 -9999 -9999 -9999 -9999 -9999 -9999 -9999 -9999 0.453155267947776 0.43986650191375 0.431074011292847 0.424362992060004 0.425635070086103 0.413589465234308 0.37432777740374 0.303395045839241 0.215151332012519 0.220826813174951 0.224722674109235 0.215356744254187 0.219955825770095 0.233839077684072 0.231313837963698 0.220247992421473 0.186326387439285 0.177737903648976 0.189482250015175 0.18339081314846 0.175557572112712 0.17136358243378 0.1671537096593 0.16292850506649 0.159033974289517 0.155184134492286 0.151189391075473 0.144920553952005 0.136013228731174 0.130857388921875 0.126903339373788 0.124310075987272 0.12128729167083 0.11766398703082 0.112211689436436 0.106270821584345 0.103378690779258 0.099215892442913 0.0928994803811014 0.0884156820910195 0.0847792900245179 0.0840114927333367
-9999 -9999 -9999 -9999 -9999 -9999 -9999 -9999 -9999 -9999 -9999 -9999 -9999 -9999 -9999 0.463085899817033 0.476315876478741 0.470379817983387 0.45622265229436 0.469250077888934 0.466051488681181 0.429693334906232 0.348562565697116 0.24295966484228 0.25125067646851 0.25701905387631 0.245779934048169 0.252168278947934 0.270275653777041 0.272815979259181 0.266273727966702 0.234888082440934 0.216696395619878 0.209094423323256 0.198604312743289 0.188770271215203 0.183504096746693 0.178374914486843 0.173377969651961 0.168793745246788 0.164300893270061 0.159837253788724 0.153056063473147 0.143585964484512 0.137890464643455 0.133534915599097 0.131738993922486 0.129090941664184 0.125251511531173 0.120211963924546 0.114762607121001 0.109720945829672 0.104111322759969 0.0975390794522005 0.0931013558562438 0.089643958911773 0.0885973009103357
-9999 -9999 -9999 -9999 -9999 -9999 -9999 -9999 -9999 -9999 -9999 -9999 -9999 -9999 -9999 0.51718915863472 0.514258353683602 0.502581060063626 0.487237074153445 0.492289372802229 0.484254270613851 0.449473690970688 0.377976193395566 0.286409704082016 0.291657745253371 0.29276519977167 0.274348962669914 0.278451507790156 0.297524911562245 0.303164733303794 0.298473839644442 0.264306270564629 0.24159022158642 0.228065373782994 0.213864040459816 0.201230728703144 0.195665614509779 0.190679562832853 0.1862524753249 0.180915993499799 0.175576314234287 0.171341660470201 0.164230343188346 0.153781413903284 0.147499175259272 0.142625545912811 0.139935288246411 0.136659684279895 0.132565697959799 0.128109408227263 0.123433651329993 0.117171771241161 0.111391894179512 0.106428948620027 0.100775431447729 0.0948444532233098 0.0936616478772364
-9999 -9999 -9999 -9999 -9999 -9999 -9999 -9999 -9999 -9999 -9999 -9999 -9999 -9999 -9999 0.523183854363719 0.536261274837679 0.531088099971069 0.51781199245197 0.504629793480057 0.484643073593241 0.450750600915284 0.399198177293498 0.337993053239461 0.337255840011023 0.33030514081505 0.301953872220765 0.301651683042876 0.319996985506302 0.327713995095712 0.323484960506686 0.28377029702148 0.259170760594091 0.246702903833525 0.229147805684198 0.213300038702202 0.207838053560167 0.203547575666282 0.200387943850011 0.194266672942871 0.187974187449559 0.184331401090201 0.1769847100826 0.16534061114517 0.158447153873134 0.152994825018491 0.148530599776601 0.144106280727262 0.139737755186443 0.135953383314745 0.132197905723305 0.125199026491945 0.119912681421775 0.117528855684269 0.110003403882345 0.100219568652411 0.098974823468323
-9999 -9999 -9999 -9999 -9999 -9999 -9999 -9999 -9999 -9999 -9999 -9999 -9999 -9999 -9999 0.545309398808233 0.545712733794665 0.549929395634733 0.555559755785553 0.534922157938257 0.509055072825565 0.472500981522951 0.419454707657726 0.357394020431037 0.326081734453886 0.302467180721499 0.295527015424144 0.307515225010551 0.332087331101681 0.340732933183652 0.342828051080274 0.328346770209557 0.305154472674033 0.274970552551048 0.250940528790505 0.230836433215137 0.223577822110619 0.21719942135265 0.211670680227124 0.205182876974581 0.198683568978038 0.19330163967235 0.186460184839722 0.177925334207547 0.169605573540022 0.161621059748721 0.156139460267739 0.150968234360302 0.146230946884791 0.141953461907646 0.137817621398487 0.133251281897746 0.128743970930311 0.124336705534511 0.113703741062688 0.100367947075995 0.101788184173995
-9999 -9999 -9999 -9999 -9999 -9999 -9999 -9999 -9999 -9999 -9999 -9999 -9999 -9999 -9999 -9999 0.549386151057882 0.564419961317393 0.585636688675295 0.560563361268147 0.532087154508805 0.496656806577517 0.439897619416584 0.371480365010376 0.326217051772505 0.296068805441401 0.302127836515005 0.319750235441833 0.345060152457487 0.353994348422554 0.360523942141576 0.363973212278351 0.344233133617673 0.305880856050773 0.275360108829123 0.249805712889021 0.240472111863585 0.231985999311061 0.224317960242014 0.217120320836891 0.210054434366244 0.203184803154825 0.19639655962517 0.189702745110897 0.180130762684839 0.170155164376182 0.16385534960353 0.158006805949956 0.152789191919514 0.147992522028169 0.143444891519298 0.140633900239734 0.136904722854649 0.131619341229876 0.128696833307345 0.126765161621542 0.114361663722671
-9999 -9999 -9999 -9999 -9999 -9999 -9999 -9999 -9999 -9999 -9999 -9999 -9999 -9999 -9999 -9999 -9999 0.56903334514462 0.596864755507175 0.573969957313499 0.550381979105688 0.52537741477273 0.460845372438697 0.374708122638329 0.356878356854264 0.345037042819464 0.342034642452642 0.348315287621276 0.360767454908642 0.368521112141498 0.374599272111844 0.37661577717014 0.36504468997418 0.34256795070917 0.305703407898062 0.271892710046652 0.25992806273897 0.249451579967654 0.24041160988668 0.231654803984424 0.223114081629343 0.215498735992782 0.207634150733003 0.199480388392561 0.189122576989682 0.178571231882481 0.171886732835479 0.1655042126598 0.159543894143882 0.154234426100221 0.149276562396012 0.146406685507027 0.14343656804288 0.140296556036529 0.134212723981856 0.126765161621542 0.114361663722671
-9999 -9999 -9999 -9999 -9999 -9999 -9999 -9999 -9999 -9999 -9999 -9999 -9999 -9999 -9999 -9999 -9999 0.608650338844839 0.60716415169545 0.589330990245067 0.567475079855764 0.537398259723511 0.479559361235858 0.406546070328108 0.396891855856163 0.390041644323027 0.384408729758285 0.381792160435684 0.381180907289603 0.387827725187099 0.393657981583016 0.394784153271558 0.381424268771384 0.356437608482632 0.319837554195289 0.286390643097775 0.27349574030613 0.262806659785069 0.254246840919487 0.244496753774191 0.234778343009698 0.226717909013235 0.218391674384866 0.20975704797761 0.198566690811896 0.187133318178289 0.180014438836556 0.173163698402059 0.166687847413258 0.161062193447926 0.155848722484033 0.152521761552428 0.149472091479524 0.146892392807129 0.138209081703997 0.126853601171962 -9999
-9999 -9999 -9999 -9999 -9999 -9999 -9999 -9999 -9999 -9999 -9999 -9999 -9999 -9999 -9999 -9999 -9999 0.612618524086686 0.616874750504017 0.605931178656925 0.583806261558431 0.538831091681983 0.496857094946681 0.456523500575402 0.442834849143921 0.432533214502632 0.428347127096217 0.418383234328137 0.404578161049732 0.410164866631883 0.415876262009111 0.416456013825074 0.394993877433521 0.355840515161919 0.323694745207034 0.296076944499811 0.283330124569835 0.2735555926977 0.26665018544861 0.256265600615152 0.245557899401154 0.237242980506527 0.228844824831756 0.22035009474889 0.208297572362265 0.195787983561467 0.188203215567562 0.18092594577488 0.174078594308476 0.168261410850554 0.162890368832141 0.15885385739342 0.155192936134364 0.152168590648416 0.141242022495824 -9999 -9999
-9999 -9999 -9999 -9999 -9999 -9999 -9999 -9999 -9999 -9999 -9999 -9999 -9999 -9999 -9999 -9999 -9999 0.68250220358559 0.685914788238393 0.642554554836842 0.606430357999862 0.585093761482283 0.528798678235204 0.453395738967574 0.46514837174391 0.472271510521809 0.459529436402314 0.466800674193342 0.487377092558262 0.452105971116025 0.420434193732094 0.416304862636686 0.396834212927463 0.365050338038091 0.352643197496857 0.33941171858313 0.310705333517671 0.291651739013805 0.281915901921883 0.271656160967041 0.261423965962284 0.252001827257675 0.242804621634934 0.233868391739566 0.221287140295953 0.208249217578811 0.200362485431794 0.192318789122412 0.184055638618824 0.177517856518322 0.171672555023824 0.167085310404848 0.162943272894338 0.15955580266117 0.158231456138875 -9999 -9999
-9999 -9999 -9999 -9999 -9999 -9999 -9999 -9999 -9999 -9999 -9999 -9999 -9999 -9999 -9999 -9999 -9999 0.758277260511542 0.737542736795068 0.671656467743547 0.624364225060685 0.615070827161771 0.547011038985838 0.446830303099856 0.485286860970107 0.511123809443874 0.492022475716788 0.511416940060728 0.556404047289613 0.486973562853244 0.424741732659819 0.418371589220866 0.401767213475397 0.376948654183633 0.380495053849246 0.378755632029527 0.337063524097112 0.310446031211522 0.298379937238865 0.287486482367613 0.276873249724476 0.266464663310556 0.256488584997497 0.247014318669053 0.233949944736549 0.220453702767913 0.212194227179565 0.203551549077993 0.194373109198126 0.187262375694109 0.180965905181341 0.175898356056928 0.171324173690292 0.167586182849053 0.169975604396247 -9999 -9999
-9999 -9999 -9999 -9999 -9999 -9999 -9999 -9999 -9999 -9999 -9999 -9999 -9999 -9999 -9999 -9999 0.772303216435699 0.752156503510886 0.722849424066184 0.673388467464519 0.626643641976697 0.585449515544659 0.520261353806319 0.441958363170138 0.504222237157896 0.547918249085413 0.531399198626151 0.541811633938068 0.570128566162378 0.495924880297375 0.432319108682794 0.43214056626727 0.418751731664709 0.394760072983644 0.399298321075891 0.398324560745594 0.35633688198895 0.329680662829347 0.317823772463284 0.303823740665919 0.289898616246068 0.279064250580542 0.268536351358777 0.258364025903272 0.24487872152712 0.231011425124119 0.222127236023924 0.213470740890215 0.205132588460905 0.198017207118399 0.191411815601173 0.186041240783908 0.181153686259534 0.177084787368405 0.175521908718751 0.175092733203841 -9999
-9999 -9999 -9999 -9999 -9999 -9999 -9999 -9999 -9999 -9999 -9999 -9999 -9999 -9999 -9999 0.772875719403166 0.772755716943483 0.759518851882019 0.740040410863508 0.681360027488486 0.625041250805895 0.573548665307894 0.516496326592423 0.456405098785121 0.512748286059075 0.558002138289296 0.564269008997871 0.577045702244994 0.594150233121721 0.533402638030319 0.478178240731008 0.462978807192847 0.444122505838857 0.42233113495116 0.422214365077406 0.417359505579016 0.37901093703984 0.353486360654869 0.34034067586431 0.32340230547081 0.306673810325332 0.295871287560094 0.284976896448648 0.273975916265131 0.259956734706493 0.245613498984901 0.236028037032841 0.226791408763345 0.218042490640968 0.210541908675268 0.203514892504653 0.196907980582156 0.191005581650864 0.186297239237353 0.180842673630688 0.175092733203841 -9999
-9999 -9999 -9999 -9999 -9999 -9999 -9999 -9999 -9999 -9999 -9999 -9999 -9999 -9999 -9999 0.773039179409472 0.773355680276601 0.777216943012851 0.781672942014974 0.69411464664068 0.620463182391498 0.575231787409852 0.53035064637625 0.485660949613723 0.513294857965211 0.547610523469359 0.592150816065127 0.615989489332784 0.626065383877766 0.592747906291812 0.55338301473307 0.506901832052672 0.475921931439081 0.457383645622389 0.448283139967021 0.43598511444 0.404291864177715 0.38079610025397 0.365213300835448 0.345465558285889 0.326323509346938 0.315903628849989 0.304784813496763 0.292855067928249 0.278215427616634 0.263315850981059 0.252970428091379 0.24271954580618 0.232600842305384 0.22442333940572 0.216888303356634 0.208329605891243 0.200874635039923 0.195290335097203 0.185990546818833 -9999 -9999
