layers/veg50/veg2100.asc
NCOLS 255 
NROWS 330 
XLLCORNER -2985163.8955 
YLLCORNER -3022031.214 
CELLSIZE 25000 
NODATA_value -9999 
[rows 200 to 224 of 330, columns 57 to 113 of 255]
-9999 -9999 -9999 -9999 -9999 -9999 -9999 -9999 -9999 -9999 -9999 -9999 -9999 -9999 -9999 -9999 -9999 -9999 -9999 -9999 0.153394112031976 0.154349208892701 0.119767189311929 0.0657610422051606 0.0367621707125928 0.0143051842958933 0.00612352514338178 0.0185083795983866 0.0445661922597489 0.0540126517170208 0.0614535770218033 0.0671681652612022 0.0647458052784672 0.0557925806249393 0.0541516564223413 0.0539817650587489 0.0555299975494578 0.0575158930080625 0.0599242608426109 0.0618679989698277 0.0637895906560259 0.0661546971682919 0.0681514763250508 0.0697209083849888 0.0704331271937708 0.0708575173412189 0.0708506082854251 0.0685561712371974 0.0630635034288997 0.0577030302095581 0.0521291682362034 0.0418954603549818 0.0303171357858684 0.0164598634327791 0.0149857659448237 0.0191796080365351 0.0346695412477543
-9999 -9999 -9999 -9999 -9999 -9999 -9999 -9999 -9999 -9999 -9999 -9999 -9999 -9999 -9999 -9999 -9999 -9999 -9999 -9999 0.149802250817296 0.150593325820422 0.117425781657124 0.0656968961317246 0.0344621005850857 0.0107202793971961 0.004087952495483 0.0196255201295788 0.0499020001147056 0.0610487243004203 0.0687293429982827 0.0706928505261647 0.0679394653054543 0.0614002149954336 0.0583020833592896 0.0562108384102722 0.0562624726897751 0.0568366270101675 0.0579151655242106 0.0584544819232417 0.059202570247773 0.0618492477990802 0.0644840129371701 0.0671049568503946 0.0672899321400846 0.0669536125965491 0.0680923587638065 0.0687079002291506 0.0685919405382215 0.0605864750260389 0.0500857541588815 0.0458140559314924 0.0364745963655809 0.0185459503228498 0.0118819244937703 0.0104582581196266 0.0310624395598086
-9999 -9999 -9999 -9999 -9999 -9999 -9999 -9999 -9999 -9999 -9999 -9999 -9999 -9999 -9999 -9999 -9999 -9999 -9999 -9999 0.148355720846418 0.144744130034339 0.108183841034441 0.0536142203975954 0.0221890852061825 0.0002170727202001 8.2776104555202e-05 0.0186279829661191 0.0495916325075374 0.0663892071694402 0.0773522139199457 0.0735448448869901 0.070862755529259 0.069083836386584 0.0638481176874722 0.0586508368767698 0.0557535979487553 0.0550309441067693 0.0564073989291587 0.0549129530699015 0.0535414753187157 0.0564438311081173 0.0600377323171078 0.0644339902421081 0.0645300069015051 0.0636998693418312 0.065419901918361 0.0696425968216551 0.0773643053597546 0.0658010272242727 0.0482533524647789 0.0479840494428755 0.0406316958257003 0.0212745064785777 0.0128954393290851 0.00964437613131571 0.0307746672751924
-9999 -9999 -9999 -9999 -9999 -9999 -9999 -9999 -9999 -9999 -9999 -9999 -9999 -9999 -9999 -9999 -9999 -9999 -9999 0.162282711512785 0.159039662104473 0.149169100792619 0.120442737639369 0.0814100374434057 0.0393355277507176 0.00759101462918627 0.0023480411210446 0.0187626083588555 0.049575466679102 0.0668450209547547 0.0781419352455726 0.074045561798385 0.0722354173627861 0.0722602424850016 0.0647334791882211 0.0576274937090517 0.0569744934642347 0.0551595008058343 0.0522228466594734 0.0531572252516971 0.0547801435433115 0.0556827359733756 0.0578149115289331 0.0613736951577802 0.0615429014064081 0.0608328448217093 0.0607741588578142 0.0631375400411868 0.0688872534045227 0.0652044830691785 0.0581033582538919 0.0506827656966732 0.0411061303179289 0.0278752869745511 0.0197315522694371 0.0139591106783067 0.0187950405001839
-9999 -9999 -9999 -9999 -9999 -9999 -9999 -9999 -9999 -9999 -9999 -9999 -9999 -9999 -9999 -9999 -9999 -9999 0.151561719474009 0.155698750551526 0.155708108720822 0.147282134001553 0.126048078734442 0.0978132925460682 0.0522043287138729 0.0169271030532061 0.00949034914549611 0.0227895588156098 0.0498743798333132 0.0678705151751326 0.0799318388495379 0.0754506655933887 0.0725003061899819 0.0707786062096794 0.0637120009687419 0.0575439115706027 0.058490704227717 0.0558860000681921 0.0498530659501311 0.0522814743896819 0.0556903094320867 0.0544284993552693 0.05481960084738 0.0571284718174353 0.0574465514985825 0.0571846665040151 0.0567267671960484 0.0580443634343482 0.061844309392179 0.0637407893252398 0.0642903548679498 0.0530458686541201 0.0426317863073664 0.0336251288942164 0.0258968417287723 0.0187360662607981 0.0102885874765899
-9999 -9999 -9999 -9999 -9999 -9999 -9999 -9999 -9999 -9999 -9999 -9999 -9999 -9999 -9999 -9999 -9999 -9999 0.151481581788012 0.148008549871392 0.143389200774619 0.136427232186074 0.114859393664196 0.0853081758301505 0.0534983465109096 0.030008141450034 0.0278440743147622 0.0359573342471607 0.0509031310961696 0.0704857011559641 0.0844757073411104 0.0791100183733076 0.0702249313512025 0.0585151105606339 0.0584172075954514 0.0598536190051912 0.0606184669540831 0.0579289416032492 0.0519049388065666 0.0533959945927742 0.0554801854538143 0.0517774120966551 0.0498880779204124 0.0501027633279433 0.0507404662002364 0.0516713944654643 0.0541916360464238 0.0566583468748511 0.0590502154718721 0.0605178595229966 0.0612393735495746 0.054589576561319 0.046825041604929 0.0371711729484072 0.0301866751100694 0.024349473611101 0.0105720161589827
-9999 -9999 -9999 -9999 -9999 -9999 -9999 -9999 -9999 -9999 -9999 -9999 -9999 -9999 -9999 -9999 -9999 -9999 -9999 0.140753597513259 0.138510296135382 0.131682572902256 0.102279182112931 0.0605362238655085 0.0382216961071988 0.0243311820943566 0.0300124360593184 0.0388424704581352 0.0497658661380474 0.0691551221313818 0.0839467001132585 0.0814977911561794 0.0705248157885505 0.0527102675544848 0.0557253524441509 0.0606848280602385 0.0610133963004111 0.0590770307468199 0.0549543436823932 0.055068237654767 0.0554550735154424 0.0522169402795132 0.0494241621427738 0.0471481015559193 0.0470918541034482 0.0479913796384564 0.0519235416701476 0.0549190170356283 0.0566048952646676 0.0597460041780021 0.0629156448827954 0.0572298002266446 0.0496073935443899 0.0387027698722203 0.0313957217073411 0.0256626983886314 0.0130975354837192
-9999 -9999 -9999 -9999 -9999 -9999 -9999 -9999 -9999 -9999 -9999 -9999 -9999 -9999 -9999 -9999 -9999 -9999 -9999 -9999 0.138281342009982 0.130756772861843 0.0888292761531455 0.0280975848693493 0.0125884928989285 0.00693060412064021 0.0220650578144979 0.0353010284063616 0.0472748560504992 0.0653584673192758 0.0802471807115632 0.0830908352518855 0.0724342194290797 0.0509420376970707 0.0546603156454037 0.0605919858728331 0.0603253167913053 0.0596658433462922 0.0586271991582743 0.0570890536390184 0.0555455928200291 0.0545880816979047 0.0517524698766751 0.046737815773355 0.0453541415718951 0.0454571378657196 0.049822343426872 0.0529588688447434 0.054377556211441 0.0605060533848867 0.0675464163673462 0.0605553386428598 0.0515079406614206 0.0389753512979856 0.0306792979118796 0.0242883388548571 0.0170243459241026
-9999 -9999 -9999 -9999 -9999 -9999 -9999 -9999 -9999 -9999 -9999 -9999 -9999 -9999 -9999 -9999 -9999 -9999 -9999 -9999 0.1345816894762 0.135001471921978 0.101187829292823 0.0486626399516034 0.0239552466980424 0.00787448381647575 0.0110985967315128 0.0242886592974372 0.0441042499262923 0.062752442724982 0.0782386867024063 0.0838627481690204 0.079619304729661 0.0674560199173406 0.0653458605784745 0.0641402138809703 0.0605556716102391 0.058285622301789 0.0572844419762598 0.0542997540527665 0.0515835232895249 0.0529031009579409 0.0522011499006048 0.0491537460302364 0.0463163683857572 0.0441548676894185 0.0476104506178263 0.0503573029819566 0.0521132674099518 0.0583335358293351 0.0653929199376557 0.0587021182678157 0.049629460163775 0.0365198698311285 0.0306844167499237 0.0281059034556278 0.0220636777405541
-9999 -9999 -9999 -9999 -9999 -9999 -9999 -9999 -9999 -9999 -9999 -9999 -9999 -9999 -9999 -9999 -9999 -9999 -9999 -9999 0.139758195628256 0.140294179242085 0.113300087667072 0.0712584135976085 0.0353623998067332 0.00834738633933594 0.00330078922592456 0.0170342365255388 0.0432529677810585 0.0633096383930067 0.0797227006248449 0.0861458189386661 0.0861243694528344 0.0809303910271239 0.0748072368513451 0.0683756665949712 0.0612105274621346 0.0572478895877729 0.0563765991996642 0.0524677093804636 0.0488552575769651 0.0507464829190718 0.0513965002656315 0.0506064219323089 0.0470129006825602 0.0433061528659801 0.0457281751232096 0.0479517489827824 0.0498978688519469 0.0554345740591876 0.0616190952053102 0.0562612089750816 0.04828056514794 0.035854693422606 0.0316417475144678 0.0311050043704334 0.0265081861060961
-9999 -9999 -9999 -9999 -9999 -9999 -9999 -9999 -9999 -9999 -9999 -9999 -9999 -9999 -9999 -9999 -9999 -9999 -9999 -9999 0.139459487834679 0.139086322922039 0.119198166419205 0.0886433682956121 0.0390321407222942 0.00352234582637812 0.00557742943010864 0.022554062270286 0.0494507876928777 0.0730310893792718 0.0912450114113172 0.0931020872164158 0.0894845724216869 0.0814730502719384 0.0781287126437809 0.0738837769833868 0.0629341021434633 0.0576479304100401 0.057828690514765 0.0545069985544384 0.0506607535226625 0.0480471693546956 0.0472597845457954 0.0485912241539399 0.0463450570532603 0.0435460675130345 0.0448506997212355 0.0462659527867173 0.0478358667042765 0.0509957306974233 0.0544622246866798 0.0531705254690067 0.0493108324339481 0.0410987288776642 0.035280640178069 0.0305648771116327 0.0289456006742816
-9999 -9999 -9999 -9999 -9999 -9999 -9999 -9999 -9999 -9999 -9999 -9999 -9999 -9999 -9999 -9999 -9999 -9999 -9999 -9999 0.14724476825241 0.145411440802927 0.130961405601852 0.109615241371045 0.0464286671812473 0.00095577418540086 0.00433737543345311 0.0212458664363024 0.0471472573447414 0.0758824107650956 0.0974250267362984 0.0949675419435151 0.0902358571349677 0.0836788574624437 0.0806282954839408 0.0766289718083191 0.0664382314028035 0.0602493733957415 0.0579234987551973 0.0542997370128453 0.0502757979700736 0.0454940247915557 0.0438067309847519 0.0457097672359873 0.0448532372735767 0.0435460302737442 0.0451832491361224 0.0462335833852236 0.0464633845396467 0.0478120169064013 0.0496617809364658 0.0532571181110341 0.0531330627995101 0.0467051282187143 0.0387325595979346 0.0301221144914434 0.0297278298555708
-9999 -9999 -9999 -9999 -9999 -9999 -9999 -9999 -9999 -9999 -9999 -9999 -9999 -9999 -9999 -9999 -9999 -9999 -9999 -9999 0.149463241361637 0.15438206970331 0.147158833797598 0.13329890285338 0.0566427246705055 9.66541951004004e-05 0.000438624036694226 0.0147755375926054 0.0384165210632275 0.0735397645597919 0.0995661503513724 0.0929842307619112 0.0890147428317192 0.0871420407188404 0.0825065093535326 0.0772853422982881 0.0712884986988745 0.0645151243576973 0.0569921714331562 0.052394034206369 0.0482348133825586 0.0430513871765234 0.0408705409041035 0.0421733995436838 0.0427384735801887 0.0433645841828617 0.046430603663686 0.0474512406476743 0.0456121944981113 0.0455772084042522 0.0466428471398971 0.0557458007136709 0.0590660780547627 0.0525854825488982 0.0420431231737548 0.0297529616583878 0.0292587028388204
-9999 -9999 -9999 -9999 -9999 -9999 -9999 -9999 -9999 -9999 -9999 -9999 -9999 -9999 -9999 -9999 -9999 -9999 -9999 -9999 0.159000513660646 0.159052636801919 0.147156506205681 0.128729614885161 0.0652935337430375 0.0154765160414694 0.0044165941265279 0.00663535648968198 0.0176820076547312 0.0656302322693523 0.103240041787365 0.0969845731212153 0.0899445490112145 0.0822748262364749 0.0773023592738627 0.0730311613944261 0.0700665800187642 0.066193529715187 0.061443542008629 0.0549220483027986 0.0485474479356471 0.0452291751542469 0.0426598655354129 0.0409595308334925 0.0405932496526376 0.0408878187277948 0.043792041472235 0.0456187149763184 0.0459388490468309 0.0452315254618959 0.044469557603991 0.0493441154620169 0.0533618840385406 0.0559275078871302 0.0468259366878079 0.0325526481154359 0.0311009841568835
-9999 -9999 -9999 -9999 -9999 -9999 -9999 -9999 -9999 -9999 -9999 -9999 -9999 -9999 -9999 -9999 -9999 -9999 -9999 -9999 0.158255413186513 0.159474556413507 0.145389870825878 0.122940310642399 0.0703841379426008 0.0265312715476882 0.00757133309414454 0.000319991886406002 0.000852719668292303 0.0587219867199687 0.105522823097163 0.100273158932471 0.090668632310875 0.0775688127871325 0.0729022865944143 0.0698878058438301 0.0686661158169464 0.0671883021499113 0.0654632544906779 0.0579139767969266 0.05012225680432 0.0480976497593268 0.0450153565488837 0.040705896511446 0.0392571574987036 0.038883682056245 0.0409939387547222 0.0430814835110842 0.045137274325141 0.0446575990185741 0.043345670294927 0.0434938372845958 0.0475664936868787 0.0582906415741717 0.0516267423212385 0.0371960968836412 0.0336378962063807
-9999 -9999 -9999 -9999 -9999 -9999 -9999 -9999 -9999 -9999 -9999 -9999 -9999 -9999 -9999 -9999 -9999 -9999 -9999 -9999 0.157625071118329 0.156925702090925 0.144741401209478 0.12627958534373 0.0624783669468251 0.0129092620049239 0.0036839667659042 0.00187695167211272 0.00500173184145652 0.058412261128386 0.101677000263959 0.0978782120618341 0.0895434599611977 0.0775680596022628 0.0750810216905081 0.0734447836282469 0.0695509956712522 0.0668082762492593 0.065176673587257 0.0605265833461354 0.0554228189722681 0.0513719260416361 0.0472438044717955 0.0430260793624301 0.0410637898247659 0.0398313178709517 0.0394833157746144 0.0393147966228691 0.0393972155475979 0.0422756472220518 0.0458639877282194 0.0441316090481934 0.0471211167758119 0.0581135986311431 0.0557756568186484 0.0474140190114938 0.0377273366188954
-9999 -9999 -9999 -9999 -9999 -9999 -9999 -9999 -9999 -9999 -9999 -9999 -9999 -9999 -9999 -9999 -9999 -9999 -9999 -9999 0.158048787655978 0.157344320283794 0.146897188371243 0.131124842220034 0.0741671899934549 0.0269920797983843 0.00848063582640315 0.00549280660842901 0.0128253330809576 0.0615628429966548 0.100190418157419 0.0944043165887085 0.0872853320800665 0.0790965511483598 0.0782773193684905 0.0774766208473327 0.0721985961026123 0.0690018076504733 0.0678140190587855 0.0645072290962929 0.0608592616215675 0.0578164725159443 0.0527454699552385 0.0453212587099104 0.0428704769924827 0.041820537870505 0.0408229520972525 0.0396520827760864 0.0382389428575836 0.0410019899510698 0.0449573466264096 0.0433213850975305 0.0451486438021033 0.0528456036248598 0.0540787769854269 0.0523344100799425 0.0420505587425478
-9999 -9999 -9999 -9999 -9999 -9999 -9999 -9999 -9999 -9999 -9999 -9999 -9999 -9999 -9999 -9999 -9999 -9999 -9999 -9999 0.15877793787092 0.160292715720127 0.151604945465213 0.137340594572678 0.10368776625874 0.0662872415146566 0.021180075194822 0.0109823268092209 0.0239929365115263 0.0678624234382651 0.100850826099777 0.0899485408493446 0.0839961757733973 0.082016707895303 0.0823996339267157 0.0819405964528654 0.0764503327694794 0.0735373645410457 0.0731122379035914 0.069732837481143 0.0664193601733799 0.0671460736934956 0.0612258757812497 0.047593684010886 0.0446772140679874 0.0447576352336026 0.0447564222286313 0.0437241252775324 0.0412502527900348 0.0407369187436853 0.0409338756862321 0.0411934353403269 0.0417864609894831 0.0429446674796329 0.0470620236378453 0.0524338660315415 0.0465865302485565
-9999 -9999 -9999 -9999 -9999 -9999 -9999 -9999 -9999 -9999 -9999 -9999 -9999 -9999 -9999 -9999 -9999 -9999 -9999 -9999 0.163536361632795 0.163537247031149 0.152822959423076 0.136251897045936 0.0978776880750159 0.061345122478414 0.031516915900243 0.0182574638233004 0.0160131936167501 0.0612139022345346 0.0958362971622438 0.082811195794286 0.0793301630500752 0.0835093757552458 0.0826688511696903 0.0805221462167808 0.0759391731076089 0.0734868511295686 0.0730912287393508 0.0704074753675012 0.0678358545950203 0.0687538858574381 0.0650898327627955 0.0561094749785819 0.0497519661775432 0.0447091643915263 0.044937581497399 0.0444641238940917 0.0430093636391709 0.0427694583370849 0.0429382439511091 0.0425845323471334 0.0419882041458598 0.0409806728398301 0.0432218368307086 0.0469088546000639 0.0478340192041309
-9999 -9999 -9999 -9999 -9999 -9999 -9999 -9999 -9999 -9999 -9999 -9999 -9999 -9999 -9999 -9999 -9999 -9999 -9999 -9999 0.19111792932869 0.172741653758161 0.154520072791046 0.13638304589036 0.0898363409043644 0.0522090840633117 0.0398653349485656 0.0255360740798506 0.00988681217701151 0.0542085252949739 0.0890135980330828 0.0760199570917008 0.075410990512377 0.084742191922623 0.0824420264198152 0.0785727433056995 0.0752394465555979 0.0731891653965636 0.0723773683791901 0.0703848637622482 0.06854330624364 0.0690518492803909 0.0679166057932805 0.0648741800448939 0.0558192508009759 0.0460599988445775 0.0452434597679874 0.0446927985095325 0.0445138654306637 0.0450749956113323 0.0457875546944085 0.0444407209945122 0.0429639392098713 0.0412669125759528 0.0409775328548269 0.0413717930734057 0.048528393611466
-9999 -9999 -9999 -9999 -9999 -9999 -9999 -9999 -9999 -9999 -9999 -9999 -9999 -9999 -9999 -9999 -9999 -9999 -9999 0.197155597069469 0.191845494286252 0.175683639039867 0.162198860735246 0.150177338010162 0.105065733332534 0.0648376950660632 0.0400855924729117 0.0310630872446887 0.0324978783515576 0.0581581675945063 0.0782949994991679 0.0737090702602336 0.0767889977302962 0.0860216831368004 0.0834224657443405 0.0796582337077919 0.0782677640564756 0.076135671270089 0.0732876959190103 0.0712017919665259 0.0696244232883802 0.0701066217270671 0.0698579104002282 0.0687611703791704 0.0638734476322265 0.0577380777583188 0.0499252928808706 0.0455318075864771 0.0459189016513702 0.0465406214271599 0.0471111391511832 0.045257785392623 0.0444825667642864 0.0455346448577408 0.0439876980425034 0.0413461973960624 0.0495698786684796
-9999 -9999 -9999 -9999 -9999 -9999 -9999 -9999 -9999 -9999 -9999 -9999 -9999 -9999 -9999 -9999 -9999 -9999 0.216090080386929 0.211213093254295 0.202366047067953 0.18540576845019 0.173199332846304 0.163591286256118 0.111061699674305 0.0644293654233197 0.0367612024897307 0.0316425585824171 0.0415152076625082 0.0618806294815775 0.077365212547359 0.0741178865481459 0.0778225654450222 0.0871070516514186 0.0850803924152939 0.0820110759955392 0.0815125034107235 0.0790372280602449 0.0746538581822372 0.0725032754219144 0.0711046824431852 0.0713849133715207 0.0714651466214456 0.0713133351264939 0.0685280973066758 0.0644141968189791 0.0549290325652027 0.0490825853253913 0.0483234885878441 0.0482076183317718 0.0482288455641029 0.0465580247616355 0.0460407258930886 0.0474784944268342 0.0461580130004118 0.0436484031385711 0.0488377031291987
-9999 -9999 -9999 -9999 -9999 -9999 -9999 -9999 -9999 -9999 -9999 -9999 -9999 -9999 -9999 -9999 -9999 -9999 0.216231422136022 0.224776579665166 0.223596794250869 0.202543067060124 0.187832596481804 0.176589267802089 0.106959441638549 0.0497630614812351 0.029560175001108 0.0268111036810801 0.0356656171873258 0.0653546333469192 0.0871410526098906 0.0775011320547224 0.0784794336166768 0.0879801160268605 0.0874792595749839 0.0857499697431536 0.0849939345860878 0.0818896258572838 0.0765185484320377 0.0743346973425314 0.0730214671680486 0.0729076589153958 0.0727070257709785 0.0724056551579135 0.0694647998561746 0.0656198748481991 0.0602848284372031 0.0555991146880565 0.0518212436842286 0.0500948466454691 0.0491213914936007 0.0483866930392804 0.0476421191047135 0.0468808075347847 0.0474098177558927 0.048496431073627 0.0461657467866311
-9999 -9999 -9999 -9999 -9999 -9999 -9999 -9999 -9999 -9999 -9999 -9999 -9999 -9999 -9999 -9999 -9999 -9999 0.250409663840476 0.249919792198815 0.244838832229606 0.230375501315611 0.208245291413117 0.181924464766461 0.108070949749132 0.0479958376072648 0.027317204127742 0.0328890621471332 0.0559126808300244 0.0805914705851693 0.0980039964308512 0.0915150256663721 0.0907778334720793 0.0946571248085618 0.0921731590584731 0.0892188065896701 0.0882033680437656 0.0847092024923465 0.0788223426438286 0.0766367271227659 0.0753553078981454 0.0748362120383255 0.0743098785294709 0.0737751476310208 0.0722016669236483 0.0700938613721667 0.0657741742853724 0.0612527192447455 0.0564491690872595 0.0530563837880616 0.0502907082414714 0.0496407318965907 0.0488865598951224 0.0479557900105411 0.0481947214754877 0.0489388709019744 0.0465489846806394
-9999 -9999 -9999 -9999 -9999 -9999 -9999 -9999 -9999 -9999 -9999 -9999 -9999 -9999 -9999 -9999 -9999 -9999 0.313435631063879 0.28875909329946 0.269436095308128 0.261053617828538 0.229095141225848 0.18425032888813 0.110119162352313 0.0500928152437925 0.0285924686194027 0.0430871084665162 0.0815118103093294 0.0978134674955611 0.108264711906267 0.106165113128209 0.103557013765593 0.10054078245816 0.0975870404297863 0.0948384952312135 0.0929215593994948 0.0886234450937943 0.0820267992667138 0.0794643103083731 0.0778609248865491 0.0769324891219 0.0760651915460804 0.075268828770814 0.0752205322640893 0.07498112247691 0.0710912735119448 0.0666419144200928 0.0614102949562153 0.0565791438405309 0.0520879918921295 0.0510889421055481 0.050190379825744 0.0494621306046353 0.0489156062241139 0.0484496264875705 0.04778275398595
