layers/veg50/veg2900.asc
NCOLS 255 
NROWS 330 
XLLCORNER -2985163.8955 
YLLCORNER -3022031.214 
CELLSIZE 25000 
NODATA_value -9999 
[rows 175 to 199 of 330, columns 57 to 113 of 255]
-9999 -9999 -9999 -9999 -9999 -9999 -9999 -9999 -9999 -9999 -9999 -9999 -9999 -9999 -9999 -9999 -9999 -9999 -9999 -9999 -9999 0.616741293517888 0.45036935058859 0.193060658710443 0.239396543916321 0.257921838855559 0.177588878624822 0.0988052579366143 0.0210516637865318 0.00766116149654092 0.00153661031524319 0.000473397172556305 0 0 0 0 0 0 0 0.0129336640517382 0.0449921842018063 0.173941835291889 0.244914240383945 0.248619288358757 0.259665820416868 0.273524260044056 0.294234266758495 0.307102111887603 0.309005701064169 0.308004953999416 0.305339072184569 0.2916395496349 0.282984555276372 0.282879370276845 0.284642331390316 0.287263677977614 0.292050193793745
-9999 -9999 -9999 -9999 -9999 -9999 -9999 -9999 -9999 -9999 -9999 -9999 -9999 -9999 -9999 -9999 -9999 -9999 -9999 -9999 -9999 -9999 0.45204429527793 0.197326051160351 0.207903047810606 0.204166877375556 0.139400704803213 0.0751027507501463 0.011116076108247 0.00268358012312149 0 0 0 0 0 0 0 0 0 0.00650499922781736 0.0322200683064447 0.163274223063642 0.23192796331787 0.228182421847367 0.251443774109623 0.279817586653633 0.285765230780633 0.290603633816516 0.293891188517567 0.29029458571284 0.284163218621325 0.27708592742308 0.273910907182411 0.277349721078507 0.280518092491289 0.283568004445773 0.287112791987685
-9999 -9999 -9999 -9999 -9999 -9999 -9999 -9999 -9999 -9999 -9999 -9999 -9999 -9999 -9999 -9999 -9999 -9999 -9999 -9999 -9999 -9999 0.233861499619889 0.216602516501325 0.192695090583648 0.1598662355427 0.105013167759186 0.053428769000288 0.0040174354393555 0 0 0 0 0 0 0 0 0.00162582674105045 0.00482105033892613 0.00484037862988795 0.022708268740126 0.149843947604461 0.216740457015526 0.213745241590312 0.242715754148698 0.276537789624097 0.27289375183377 0.2724106837579 0.276347019774945 0.271204244143016 0.263193843834696 0.262420844386008 0.264453269853465 0.271240520211413 0.275984853774086 0.279797071008693 0.282156935640265
-9999 -9999 -9999 -9999 -9999 -9999 -9999 -9999 -9999 -9999 -9999 -9999 -9999 -9999 -9999 -9999 -9999 -9999 -9999 -9999 -9999 -9999 0.251517030284701 0.261563862195947 0.211017830494183 0.153505222518697 0.0839528251866349 0.0361158460331842 0.00271563583610243 0 0 0 0 0 0 0 0 0.00940773860231978 0.0278966880246649 0.0280085298983451 0.0394534386057096 0.140498261278486 0.203854000157 0.223481462271614 0.244121250230355 0.262010313968023 0.252270296101151 0.248576739208284 0.253336839512438 0.254265935922708 0.253923683253298 0.255540493012601 0.25852069455867 0.263811665202818 0.269910388268775 0.27634915256711 0.279392214796104
-9999 -9999 -9999 -9999 -9999 -9999 -9999 -9999 -9999 -9999 -9999 -9999 -9999 -9999 -9999 -9999 -9999 -9999 -9999 -9999 -9999 -9999 0.31331449895601 0.305623699546035 0.231941679464253 0.157248685233324 0.0861343200580002 0.0371172912291408 0.00279093686766441 0 0 0 0 0 0 0 0 0.0118822220576544 0.0352342529691929 0.0453464841579203 0.0621943686235974 0.135159019635802 0.18794739849242 0.217326515991044 0.231639490675441 0.240284610488402 0.235804218791296 0.235454994821261 0.240881624848829 0.243817674195376 0.245842715991356 0.247633187374743 0.250639122326573 0.255705107574331 0.260389693313536 0.264896925260052 0.26866880965129
-9999 -9999 -9999 -9999 -9999 -9999 -9999 -9999 -9999 -9999 -9999 -9999 -9999 -9999 -9999 -9999 -9999 -9999 -9999 -9999 -9999 -9999 0.329149520507635 0.34594896031451 0.255200568413144 0.170063030511764 0.109180230211698 0.0545597163566409 0.00410247404448288 0 0 0 0 0 0 0 0 0.00959217729486146 0.0284436025259079 0.0574506159254203 0.090317748718972 0.133416400931367 0.169329584532411 0.196905920206063 0.206691011592326 0.212096990433994 0.223070259052079 0.231949692908682 0.237901701718323 0.239195588025713 0.238829298716714 0.238803975269673 0.241007917278997 0.246990169952936 0.247775285885045 0.246259154872749 0.25080081902564
-9999 -9999 -9999 -9999 -9999 -9999 -9999 -9999 -9999 -9999 -9999 -9999 -9999 -9999 -9999 -9999 -9999 -9999 -9999 -9999 -9999 -9999 0.358448745358235 0.358464294239271 0.27266621301054 0.187938598963494 0.113918168418203 0.0542329060352476 0.00407790040388289 0 0 0 0 0 0 0 0 0.00459666201441519 0.0136304431480854 0.0452434824481657 0.0836556167624369 0.134291106315294 0.164742033184696 0.171774079717327 0.188647269189434 0.207579778315532 0.220128176313729 0.226589718811777 0.224541127857003 0.22612256523138 0.22905288705807 0.232701538457012 0.236046203910095 0.238875653313938 0.240997740887284 0.242794925447537 0.243788890770984
-9999 -9999 -9999 -9999 -9999 -9999 -9999 -9999 -9999 -9999 -9999 -9999 -9999 -9999 -9999 -9999 -9999 -9999 -9999 -9999 -9999 -9999 0.351717483656992 0.360212390085544 0.281986390815718 0.198813475459002 0.111159648449776 0.0489595010573228 0.00368138061799236 0 0 0 0 0 0 0.000342149858269051 0.00213535907045541 0.00360354871437049 0.0047579997070674 0.0321753658848325 0.0694953147022211 0.132802965493239 0.161436695364573 0.149840452580104 0.174665663879983 0.207246978870356 0.217427376567272 0.219505498525246 0.210255694625893 0.212628991455847 0.219242373520346 0.226746486649526 0.231304738086637 0.230870142837035 0.234569742057267 0.240075369830756 0.237342677702156
-9999 -9999 -9999 -9999 -9999 -9999 -9999 -9999 -9999 -9999 -9999 -9999 -9999 -9999 -9999 -9999 -9999 -9999 -9999 -9999 -9999 -9999 0.343615957206171 0.33958114776693 0.254938999351375 0.168973641420009 0.0871553679025911 0.0350257607510751 0.00263366974692974 0 0 0 0 0 0 0.00244115664769832 0.0152352715165121 0.0257104502217062 0.0339471793833705 0.0375883614525335 0.0496028742282573 0.116716569979627 0.151498222005995 0.148767034397759 0.175037651301181 0.206101785729854 0.206741220042595 0.205314855593003 0.201000263691046 0.204937064407963 0.211859591308344 0.218979504660156 0.223295367630205 0.222858735364084 0.224438052197137 0.226885534238071 0.223574489442818
-9999 -9999 -9999 -9999 -9999 -9999 -9999 -9999 -9999 -9999 -9999 -9999 -9999 -9999 -9999 -9999 -9999 -9999 -9999 -9999 -9999 -9999 0.295872313344184 0.305810685006767 0.211314652482342 0.122309403645752 0.0569642482171486 0.019845537141878 0.00149223284980413 0 0 0 0 0 0.00253875577927942 0.00810752328692798 0.0249571033802348 0.0384753417989687 0.0487778641631693 0.0436865376407654 0.0457825753806347 0.109323525934245 0.144208737873748 0.145846496098753 0.168045004696952 0.193123327618549 0.19191116780208 0.190369293466002 0.188366439801083 0.196401735969927 0.207710823806436 0.212861208910305 0.216239259926578 0.216613438629076 0.215291630363787 0.213206021184659 0.211310335548321
-9999 -9999 -9999 -9999 -9999 -9999 -9999 -9999 -9999 -9999 -9999 -9999 -9999 -9999 -9999 -9999 -9999 -9999 -9999 -9999 -9999 -9999 0.278020002052192 0.260348220315917 0.14980609042477 0.0574939885609009 0.020098394855691 0.00332053247520366 0.000249678686090299 0 0 0 0 0 0.00781647378409145 0.0176225720062663 0.0310344590066865 0.0411615119340751 0.048117742202908 0.0505239278379297 0.0593018682957351 0.111309391620589 0.139777142430905 0.140933173670272 0.153106948547957 0.167378432489443 0.172610431959441 0.17460927916733 0.172087802667329 0.186956495453131 0.207051105625481 0.208521614904298 0.210211589338585 0.212273528239936 0.207208174858037 0.198998214674044 0.200668824266722
-9999 -9999 -9999 -9999 -9999 -9999 -9999 -9999 -9999 -9999 -9999 -9999 -9999 -9999 -9999 -9999 -9999 -9999 -9999 -9999 -9999 -9999 0.282417687493882 0.216126528305978 0.133869047519506 0.0621982945192654 0.018884108236057 0.0030558051811675 0.00550057163224804 0.00258636124884519 0.000355893323083447 0.00185932080795373 0.00887832359710478 0.0203242288207386 0.0263749644708736 0.0331896052256959 0.0465793170649552 0.0525980180385457 0.0515015443184716 0.0648436997795896 0.0836386440991939 0.116771794366807 0.136417756637876 0.140415381775068 0.143958980227768 0.147149813153379 0.148288448282717 0.153376490517574 0.163986264215692 0.178779209177767 0.194604093166307 0.201929986887563 0.206017317396307 0.204615710780528 0.199427991716672 0.192597384542938 0.194854382519769
-9999 -9999 -9999 -9999 -9999 -9999 -9999 -9999 -9999 -9999 -9999 -9999 -9999 -9999 -9999 -9999 -9999 -9999 -9999 -9999 0.209822753381019 0.280853320424098 0.251531039487761 0.167357191740763 0.123692083054886 0.0786222355102716 0.0262152152232489 0.00806586922835049 0.0126915913749011 0.00700131023708219 0.00265247834753116 0.00557278683108014 0.0199061076146792 0.0433997225015355 0.0464293383750001 0.0490437661516556 0.0625484192145892 0.0648842601775906 0.0564389409089794 0.0788614429814556 0.105771187237871 0.121016036808805 0.132450434904185 0.139463805477962 0.135897792264193 0.129535967082187 0.124738294032206 0.132390637910367 0.157449556586596 0.170096760772554 0.178625099911801 0.193501513087177 0.200946921925765 0.195797759375688 0.191872929967438 0.188537914398198 0.190416533687987
-9999 -9999 -9999 -9999 -9999 -9999 -9999 -9999 -9999 -9999 -9999 -9999 -9999 -9999 -9999 -9999 -9999 -9999 -9999 -9999 0.177583941723847 0.1504923012335 0.120553194852284 0.0890577004990378 0.070534998714739 0.0515932234781307 0.030379888801081 0.0220177229659232 0.0221992266039336 0.0203005898871053 0.0189082410193756 0.019741949403811 0.0303067057105266 0.0486817804991198 0.0525800226535512 0.0555870087882688 0.0637638900357668 0.0669852713098836 0.0654231502058829 0.0764132741569087 0.090769834946823 0.109482218737989 0.121865721457011 0.126906220970136 0.125052191023977 0.121178951715487 0.11652973347229 0.123644556769687 0.147206881318353 0.155200720353081 0.158364337295444 0.175492471591156 0.185793430904147 0.184523229872486 0.185440346835891 0.187329838223727 0.187205759016112
-9999 -9999 -9999 -9999 -9999 -9999 -9999 -9999 -9999 -9999 -9999 -9999 -9999 -9999 -9999 -9999 -9999 -9999 -9999 -9999 0.0452407082464754 0.0460165352539103 0.0454317271770201 0.0441032135876755 0.0398839388843967 0.0358423378403656 0.0325208497767821 0.0297096640845588 0.0272377358440053 0.0274296099195627 0.0279396943636112 0.0287156590959771 0.0368431809269103 0.0508711980319498 0.0555587651298672 0.0592775652398511 0.0646621751009572 0.0685564436438307 0.0710120982671671 0.0744681518781157 0.0805193022748066 0.100650429576667 0.113213364584691 0.116995401414507 0.114506496464597 0.110425227120513 0.107861589624024 0.11385525399723 0.131813023794888 0.13812789278091 0.140871142579056 0.154783666421729 0.163473948892492 0.163313221622655 0.166034110534575 0.170031599652345 0.170760172162728
-9999 -9999 -9999 -9999 -9999 -9999 -9999 -9999 -9999 -9999 -9999 -9999 -9999 -9999 -9999 -9999 -9999 -9999 -9999 -9999 0.0446126675236796 0.0434769866629918 0.0428255160595395 0.0424387085105987 0.0384512106079742 0.0347332222830664 0.032034536186371 0.0292747055670997 0.026474225058514 0.0265481218677845 0.0275922249625085 0.0309443985793453 0.0383630783195171 0.0490456108518464 0.0544195503362499 0.0592646363985418 0.0651486753758764 0.069439755459655 0.0721931657429092 0.0731761072121411 0.0764364969471404 0.0953265356685235 0.107069679781927 0.110520730961308 0.104350154224283 0.0965599869915735 0.0985967941152304 0.102711594061064 0.109731670176227 0.118229062387934 0.126970928776025 0.130569906830321 0.131851255619864 0.129204528754426 0.12978489516271 0.131844389798425 0.137132557883543
-9999 -9999 -9999 -9999 -9999 -9999 -9999 -9999 -9999 -9999 -9999 -9999 -9999 -9999 -9999 -9999 -9999 -9999 -9999 -9999 0.0436306020979473 0.0435451031139649 0.0424567257952701 0.0408201881693491 0.0372650564498881 0.0341110055005565 0.0321535714818728 0.0300226112924442 0.0277762880363538 0.0278478943914744 0.028631317419563 0.0310484549288035 0.0374091401572156 0.0469349894955167 0.0527610593643395 0.0582052953811711 0.0643174111220392 0.0684535417078591 0.0706822704696307 0.0692432993793073 0.0703511399034049 0.0910231592313386 0.103720199133594 0.107164371297908 0.100284137727945 0.0915818958101741 0.0926585362315852 0.0950132741186357 0.0991549412334355 0.109776194797504 0.122094125326562 0.123001058023499 0.122709366029384 0.120386163413628 0.117570454815797 0.114631155459476 0.125423022989515
-9999 -9999 -9999 -9999 -9999 -9999 -9999 -9999 -9999 -9999 -9999 -9999 -9999 -9999 -9999 -9999 -9999 -9999 -9999 -9999 0.0550596044442902 0.0484163009402199 0.0436521862425551 0.0399152118048812 0.0361665359806008 0.0331072617790906 0.0317988304963491 0.0306684606339467 0.0296564689471031 0.0298594031789677 0.0302104462059826 0.0306923532461883 0.0358969005998868 0.0448919261444571 0.0509315683993424 0.0566581595514985 0.0628841455819641 0.0667406504351774 0.0683099150690033 0.0653738505177274 0.0653361615604783 0.0879727976544816 0.101623450740219 0.104848232129895 0.0980542705938593 0.0892397055657201 0.0876153070871166 0.0883471608353747 0.0923733298337005 0.104835068228558 0.119558897011531 0.120377480651544 0.120412093403347 0.119117978991137 0.112739113344918 0.104239939465858 0.119933515394806
-9999 -9999 -9999 -9999 -9999 -9999 -9999 -9999 -9999 -9999 -9999 -9999 -9999 -9999 -9999 -9999 -9999 -9999 -9999 -9999 0.0578949643396756 0.0598813763178466 0.0556916035563405 0.0481260082177525 0.0351569430694362 0.0250413673851371 0.0226712899660272 0.0249223718841845 0.0302456769165348 0.0318289166678959 0.032906240860696 0.0334195778208621 0.0376807019696033 0.0449498692169765 0.0490916848762316 0.0532210882718623 0.0592312098976657 0.0635412313312182 0.066210160371197 0.073627825317527 0.082857142913263 0.0969100525257633 0.103923242844897 0.102768689016126 0.0937351551201859 0.0832817393197278 0.0800230297263651 0.0804141057126287 0.0859080073460662 0.0967628158503213 0.10898374558002 0.111092028027114 0.11127687230109 0.108201742783492 0.101450066641935 0.0931616734600195 0.101861714448645
-9999 -9999 -9999 -9999 -9999 -9999 -9999 -9999 -9999 -9999 -9999 -9999 -9999 -9999 -9999 -9999 -9999 -9999 -9999 -9999 0.0939913736084187 0.0796082659888783 0.0663328827019708 0.0536629671866573 0.0355743451736742 0.0215351204509144 0.0182781170858826 0.0216612459393343 0.0294588444516022 0.032239606366216 0.0343898387276361 0.0359386243020736 0.0385738610117612 0.0420811034344071 0.0463122728735068 0.0508792281601387 0.0564227143822036 0.0612450004744686 0.0653711181569811 0.0771421778972254 0.0899899363983847 0.0997442193774356 0.104326188186426 0.102907045724767 0.0922497440183267 0.0797526922383001 0.074098861356324 0.0727864223275599 0.0775437551277676 0.0867321126186483 0.0971706248944613 0.101410447817252 0.103090131896943 0.100430718599895 0.0951245860771187 0.0886882509833771 0.0911493969471932
-9999 -9999 -9999 -9999 -9999 -9999 -9999 -9999 -9999 -9999 -9999 -9999 -9999 -9999 -9999 -9999 -9999 -9999 -9999 0.0987170550749027 0.0965389947232906 0.089909839402249 0.074779928401539 0.0550036144586813 0.0382312685652051 0.025184769254518 0.021315045236226 0.0223000124535771 0.0265124586513939 0.0302038831306963 0.033971018939781 0.0381309567675915 0.0380692489121822 0.0346191703934145 0.0420583679626761 0.0502561888558792 0.0549394804924248 0.0603662302845232 0.0665106339711267 0.0732181829416668 0.080819541985217 0.093000219949191 0.101752228451938 0.106526167125476 0.0952115392445026 0.080035582910994 0.0707926177539926 0.0656379883439848 0.0661993288310778 0.0736278230541246 0.0834146393302394 0.0911071862767047 0.096391933983189 0.0975957798299635 0.0965889098965688 0.0945804482343566 0.0919870285766128
-9999 -9999 -9999 -9999 -9999 -9999 -9999 -9999 -9999 -9999 -9999 -9999 -9999 -9999 -9999 -9999 -9999 -9999 0.127231269026722 0.124532155323337 0.117558655598268 0.101849999336132 0.0777897184593054 0.0491645477487166 0.0355661092228619 0.0250911785254392 0.0211447813096245 0.0221800093518848 0.0265271042109157 0.0319290144535577 0.0369081424730145 0.0402230563459035 0.0389194095713976 0.0339088208650337 0.0436012212996662 0.05352294293278 0.055327688265592 0.0600643273787104 0.067631098859061 0.0713573891770557 0.0753859424123196 0.0859448122973318 0.092786000447526 0.0953137959796446 0.0867534520656968 0.0756144340061329 0.0693157770304496 0.0660438486313167 0.0670036395676078 0.071666679890815 0.0778460222722838 0.0872610184973531 0.0931165201468492 0.0929391483773813 0.0927255027441525 0.092469764312072 0.0886315272906799
-9999 -9999 -9999 -9999 -9999 -9999 -9999 -9999 -9999 -9999 -9999 -9999 -9999 -9999 -9999 -9999 -9999 -9999 -9999 0.155802328953824 0.145552101907181 0.114354459877726 0.0786215590572828 0.0404097445279976 0.0305719373817536 0.0232350303511054 0.0196036433059256 0.0217672469588965 0.0277834562179574 0.0351553069292261 0.0411409860971223 0.0422702764385542 0.040357744148209 0.036003788928976 0.0473447187741894 0.0580541838380694 0.0563828751599124 0.0599779391215622 0.0686565882273729 0.0703057640963894 0.0715097487704094 0.0787737448070047 0.0812780906891528 0.0782601134395116 0.0737763303796092 0.0692864729857352 0.068484791314392 0.0693479918029625 0.0725388916042141 0.0740484999043819 0.0754606913004506 0.0859534823164585 0.0912105225563243 0.0875936563987844 0.0867860204361925 0.0872172931110077 0.083678706092687
-9999 -9999 -9999 -9999 -9999 -9999 -9999 -9999 -9999 -9999 -9999 -9999 -9999 -9999 -9999 -9999 -9999 -9999 -9999 -9999 0.147555806439283 0.122456649491267 0.0822700136054857 0.0338367571641129 0.0207224324783755 0.0131591822416764 0.0163963707619942 0.0221788795367332 0.029653559290212 0.0362292526925858 0.0417616918550446 0.0441868234617509 0.0428509053914094 0.0384962995046559 0.0434025879138287 0.0492363341816912 0.0532782605660333 0.0589922380871745 0.066320232484953 0.0675187663910312 0.0680368866959675 0.0721144257544529 0.0738075463369527 0.0727341759214747 0.0688503822516009 0.0645244323777644 0.0633503678834733 0.0638105291506826 0.0665555285123836 0.0660047763245003 0.0651186490971367 0.0794548836393207 0.0874690832448984 0.0847682682007704 0.0858454781840358 0.0885752627918619 0.0840743535311956
-9999 -9999 -9999 -9999 -9999 -9999 -9999 -9999 -9999 -9999 -9999 -9999 -9999 -9999 -9999 -9999 -9999 -9999 -9999 -9999 0.119033967537315 0.119546630071911 0.0874985267714175 0.0376531306329965 0.0217531126932772 0.0125935410296274 0.0173810176116815 0.024846480253515 0.034092312294428 0.0394066373975072 0.043684882997974 0.0457443233716804 0.0446281605433379 0.0409632000337832 0.0412418420822147 0.0430548548982949 0.0489371693611418 0.0553906488326446 0.0623954690753872 0.0634194832683258 0.0633805021976195 0.0644592125116392 0.0657746891604383 0.067364870916746 0.0643828353027807 0.0604847068504178 0.0599229433995047 0.0597231997889711 0.0600296021111154 0.0582926192031928 0.0566796796297894 0.0704307295430698 0.0794795248097182 0.0805586191919933 0.0840839452707476 0.088641252379914 0.0832192317544368
