layers/veg50/veg2500.asc
NCOLS 255 
NROWS 330 
XLLCORNER -2985163.8955 
YLLCORNER -3022031.214 
CELLSIZE 25000 
NODATA_value -9999 
[rows 250 to 274 of 330, columns 57 to 113 of 255]
-9999 -9999 -9999 -9999 -9999 -9999 -9999 -9999 -9999 -9999 -9999 -9999 -9999 -9999 -9999 0.793995870536573 0.793847497289515 0.803621391261771 0.81712988183718 0.767565855886072 0.715961306517532 0.660186733342438 0.614707820597814 0.574856382482287 0.596741383165206 0.620024717889896 0.641108742390103 0.654615971155935 0.663086020874738 0.652617430624237 0.644120280243795 0.647384176274389 0.62775237054388 0.589744052432738 0.516787204989277 0.451181096821683 0.438355028273352 0.422577373835737 0.403950578403982 0.388672776701385 0.373546125106312 0.355172631612659 0.337915789287233 0.32195452717807 0.306570440739066 0.290732869338111 0.269292550908173 0.247697095365592 0.225884740057271 0.212904949156156 0.203201977870714 0.195152618776071 0.187827894575754 0.181731330862722 -9999 -9999 -9999
-9999 -9999 -9999 -9999 -9999 -9999 -9999 -9999 -9999 -9999 -9999 -9999 -9999 -9999 -9999 0.795997966438491 0.792293452632663 0.802393119823124 0.818254218467756 0.799524959757096 0.765575600438977 0.70052236780627 0.652060149824547 0.612666365543599 0.630202209829915 0.644586104246808 0.645669294729581 0.651360897857396 0.660116249887712 0.668334591145634 0.674455626710205 0.673967401373696 0.674280023790481 0.675235421379957 0.578450745427228 0.485504673084868 0.469261988526962 0.450627877950462 0.429685343984094 0.411391018826289 0.392690988742382 0.36832362250862 0.347537636600002 0.330906901344586 0.32270844124773 -9999 -9999 -9999 -9999 -9999 -9999 -9999 -9999 -9999 -9999 -9999 -9999
-9999 -9999 -9999 -9999 -9999 -9999 -9999 -9999 -9999 -9999 -9999 -9999 -9999 -9999 -9999 0.798169404071875 0.800263493681988 0.807442900759294 0.816504337941757 0.790232463266225 0.757793230546201 0.712750354246608 0.673215056042875 0.636690128685339 0.644466265880313 0.651214107992347 0.651227110045088 0.653385321748888 0.656969704288569 0.67025473348811 0.680887048069463 0.680197808516053 0.68059365447732 0.681860410079296 0.603748106325109 0.524934377441344 0.492218795672771 0.468381243202342 0.453113577623001 0.431202971836938 0.407521257511151 0.381596241862215 0.360106059927694 0.34376133701055 0.329628130449453 0.317452596463941 -9999 -9999 -9999 -9999 -9999 -9999 -9999 -9999 -9999 -9999 -9999
-9999 -9999 -9999 -9999 -9999 -9999 -9999 -9999 -9999 -9999 -9999 -9999 -9999 -9999 -9999 0.832456183742472 0.825796224120273 0.82988888369702 0.838305964027777 0.804427246951309 0.767805716711566 0.725578959847089 0.692185384287468 0.66361991121073 0.652728164638764 0.64677914333939 0.651729500518778 0.653551796919075 0.653294506807254 0.662960000964253 0.670783867174622 0.669838038479819 0.672327073143175 0.677572992469232 0.612943973984115 0.546657964797108 0.516542005122063 0.490874697738253 0.469501636934779 0.444625362512045 0.419074166485416 0.393869092626365 0.372801407958819 0.356534076110503 0.338331066213723 0.321585034685754 0.323047409408321 -9999 -9999 -9999 -9999 -9999 -9999 -9999 -9999 -9999 -9999
-9999 -9999 -9999 -9999 -9999 -9999 -9999 -9999 -9999 -9999 -9999 -9999 -9999 -9999 -9999 0.840229613183438 0.854327806508849 0.868383218269676 0.88183433596374 0.840289526287347 0.794234321020908 0.73896164888945 0.709140394734917 0.693230555968153 0.655452950711315 0.632138364396088 0.647568158327249 0.652004276448346 0.649131617167798 0.647164358177708 0.64542717800862 0.644173491169557 0.650609948443088 0.663218657170993 0.607285885284039 0.552047297601721 0.542125748602811 0.517740981447124 0.47939499164593 0.45215325143643 0.427603644114627 0.405219636448143 0.385613846621085 0.369231448459795 0.348679083351788 0.328800400735089 0.32570476011225 -9999 -9999 -9999 -9999 -9999 -9999 -9999 -9999 -9999 -9999
-9999 -9999 -9999 -9999 -9999 -9999 -9999 -9999 -9999 -9999 -9999 -9999 -9999 -9999 -9999 0.847640500884069 0.847673629396702 0.864829901077189 0.888854264731765 0.843796560495534 0.798592996212917 0.753091351613916 0.728048483527953 0.714188117676499 0.695471360499082 0.684148153971986 0.692042524433551 0.687971328573234 0.675945226433872 0.675365315560775 0.670935736966725 0.650827063136724 0.642016055745144 0.642272763741551 0.609943042006041 0.577072814979139 0.562055545134548 0.533091984300399 0.490666186260556 0.461843539708362 0.436263989448547 0.413013514287576 0.392995707649146 0.376728563261126 0.357473205841703 0.338639211751007 0.331272994478332 -9999 -9999 -9999 -9999 -9999 -9999 -9999 -9999 -9999 -9999
-9999 -9999 -9999 -9999 -9999 -9999 -9999 -9999 -9999 -9999 -9999 -9999 -9999 -9999 -9999 0.827923061337697 0.829708929518672 0.829021358735435 -9999 0.809695268710649 0.798779619240433 0.765556694212415 0.743178779391091 0.726728606670685 0.733227905356753 0.738787011754806 0.739822973763989 0.727657052522328 0.706714301071194 0.709457440458406 0.703920869950219 0.664928325391924 0.639807977946549 0.625821711677283 0.617556433389449 0.606536882575526 0.580299677882413 0.546812785564111 0.506327830854125 0.47339558665709 0.443015912133347 0.418367385931435 0.397737604951327 0.381770521644158 0.364345723859326 0.34702376841534 0.334360946967749 0.321968926692354 0.309955518019374 0.289674551329387 0.26795417064668 0.273743185882998 -9999 -9999 -9999 -9999 -9999
-9999 -9999 -9999 -9999 -9999 -9999 -9999 -9999 -9999 -9999 -9999 -9999 -9999 -9999 -9999 0.826946450718232 0.8261243795382 0.826440882251643 -9999 -9999 0.799446269260508 0.768252363549877 0.735865163446019 0.702825724083855 0.719872583637093 0.738117607406066 0.754740039683988 0.748306396533975 0.726544693327465 0.729488538415667 0.724245758449548 0.685556172823792 0.658408806418125 0.640525437972035 0.643270627710461 0.639498662894549 0.595334638981788 0.563736815506779 0.544269039453983 0.492749387279849 0.439322354804722 0.414249986904365 0.393882400544045 0.378973476708384 0.362458599333833 0.345984046881927 0.333978027413867 0.321968926692354 0.309955518019374 0.295888284932644 0.281724796759405 0.27905999616704 -9999 -9999 -9999 -9999 -9999
-9999 -9999 -9999 -9999 -9999 -9999 -9999 -9999 -9999 -9999 -9999 -9999 -9999 -9999 -9999 0.824279126329805 0.824074150746133 0.824153067669628 -9999 -9999 0.805111880667207 0.779216166338137 0.746474127319157 0.709989975906785 0.714301462636535 0.727605537933826 0.759934929028744 0.760851241934969 0.740883621209874 0.734295736655905 0.725123150371647 0.703798434199113 0.68441388342458 0.66658654517093 0.665709027042064 0.656991524728431 0.604546066980417 0.573094583126122 0.561908405413725 0.513702416125409 0.460413149311129 0.422874043042639 0.395868655010098 0.381084878648695 0.36473625666468 0.348741661724254 0.339966689418044 0.327889591490397 0.311195737059212 0.2991552653498 0.289342097304059 -9999 -9999 -9999 -9999 -9999 -9999
-9999 -9999 -9999 -9999 -9999 -9999 -9999 -9999 -9999 -9999 -9999 -9999 -9999 -9999 -9999 0.824488417614834 0.824842333127841 0.824706073369663 -9999 0.813620118282004 0.809660161508958 0.797607617375504 0.776953339425899 0.75159746519274 0.71736046085752 0.706181189020352 0.754351121116716 0.764410863063787 0.749134320646298 0.72222463559275 0.704439662753453 0.719395864997195 0.718627837605169 0.705239253586724 0.684515646782658 0.657334442005067 0.607301111496192 0.574063853548633 0.55703970295082 0.536428463258045 0.508981641128201 0.445624183682178 0.404331166746971 0.388638134320922 0.37163128773099 0.354732520624031 0.34217306578282 0.327889591490397 0.311195737059212 0.2991552653498 -9999 -9999 -9999 -9999 -9999 -9999 -9999
-9999 -9999 -9999 -9999 -9999 -9999 -9999 -9999 -9999 -9999 -9999 -9999 -9999 -9999 -9999 0.82995045932124 0.829782809496604 0.829847355761811 0.797449427503587 0.798006672528936 0.799072144240131 0.801176230534722 0.773843387660057 0.730420700605192 0.722142173098863 0.728078498864633 0.766820861674668 0.775210252654249 0.763420486232798 0.732740696889608 0.709521992298803 0.715751144033855 0.723473436508455 0.732394151270897 0.72979845341088 0.721534254728221 0.696349470740694 0.646874951738113 0.573953756147402 0.549898476798435 0.529445396204307 0.469860486730967 0.423309790545116 0.391881873388502 0.372857285654344 0.357438288253297 0.343169574271112 0.334850827125398 -9999 -9999 -9999 -9999 -9999 -9999 -9999 -9999 -9999
-9999 -9999 -9999 -9999 -9999 -9999 -9999 -9999 -9999 -9999 -9999 -9999 -9999 -9999 -9999 -9999 0.834880035061672 0.834880035061672 0.795577929367888 0.788144869094772 0.786687143304507 0.797440640788011 0.760391957727612 0.697215221975205 0.727651815314792 0.758430427592018 0.781360609216764 0.785313757869593 0.776650661316387 0.74821972369625 0.722182988516576 0.70950706862396 0.722692247850057 0.756634022051511 0.777495854516271 0.7930705613391 0.794308685684353 0.727454943127112 0.594872695069284 0.560841444470481 0.542557189377956 0.495415577970117 0.446894161869132 0.396771845044973 0.374092573645058 0.360593970232877 -9999 -9999 -9999 -9999 -9999 -9999 -9999 -9999 -9999 -9999 -9999
-9999 -9999 -9999 -9999 -9999 -9999 -9999 -9999 -9999 -9999 -9999 -9999 -9999 -9999 -9999 -9999 -9999 -9999 0.795685051044518 0.798424516931344 0.791823796653396 0.766135425465872 0.734565532930003 0.699780877009908 0.735389738618394 0.765348029351122 0.774410281126971 0.774488814428298 0.768594823188814 0.755956812365414 0.741479672739571 0.722996980595436 0.738642289194103 0.781679360435388 0.788666324322858 0.788713343397648 0.781614541566077 0.718738852380295 0.602022203707874 0.570977707731442 0.555809789939442 0.528465947810764 0.48538918481285 0.424058501878066 0.387394733496648 -9999 -9999 -9999 -9999 -9999 -9999 -9999 -9999 -9999 -9999 -9999 -9999
-9999 -9999 -9999 -9999 -9999 -9999 -9999 -9999 -9999 -9999 -9999 -9999 -9999 -9999 -9999 -9999 -9999 -9999 0.810785319784627 0.810568791319142 0.796743720767122 0.755108165910654 0.727118815599452 0.706588303930079 0.742026277235265 0.769284434502881 0.770570277555293 0.767026510793256 0.760271939594154 0.755311866531066 0.74811617819903 0.733199941098876 0.749146179045514 0.789863208501927 0.788680004812464 0.781106010323238 0.772331763790887 0.713947863893259 0.607676183524417 0.578642025035827 0.565538641139984 0.55100334373483 0.514917470843589 0.453827818756729 0.447435848061489 -9999 -9999 -9999 -9999 -9999 -9999 -9999 -9999 -9999 -9999 -9999 -9999
-9999 -9999 -9999 -9999 -9999 -9999 -9999 -9999 -9999 -9999 -9999 -9999 -9999 -9999 -9999 -9999 -9999 -9999 0.810790845114836 0.811099014991113 0.801374368722873 0.771146609472931 0.744204142396407 0.719057373466685 0.747192758845804 0.769241731344282 0.770881733873064 0.764052441166278 0.751592620991244 0.74347912346507 0.737854696318602 0.739015691490112 0.752380898319434 0.775541430444554 0.773802324907133 0.769160633892911 0.767602257051904 0.714395847898823 0.611334028248923 0.583006948843539 0.570564219724688 0.559508702397413 0.532477536704162 0.486910829604717 0.466980058497644 -9999 -9999 -9999 -9999 -9999 -9999 -9999 -9999 -9999 -9999 -9999 -9999
-9999 -9999 -9999 -9999 -9999 -9999 -9999 -9999 -9999 -9999 -9999 -9999 -9999 -9999 -9999 -9999 -9999 -9999 0.800621543751972 0.801351927508579 0.793331329953931 0.767427183459387 0.74800312171612 0.732120990359785 0.749770888919083 0.763252620733044 0.763033004705945 0.766769283535022 0.773135506654582 0.758639072265338 0.743754117281653 0.733569849867285 0.751861227198726 0.793007682032391 0.777298334072025 0.761547057168076 0.780766761247831 0.753451816323215 0.681217366732477 0.613744470810512 0.555280302782806 0.544101253605622 0.518887095389437 0.477388881667443 0.467245207961013 -9999 -9999 -9999 -9999 -9999 -9999 -9999 -9999 -9999 -9999 -9999 -9999
-9999 -9999 -9999 -9999 -9999 -9999 -9999 -9999 -9999 -9999 -9999 -9999 -9999 -9999 -9999 -9999 0.919768733923346 0.919768733923346 0.846678473232603 0.815212269640943 0.78634712937714 0.762797535069274 0.749489801260562 0.741780135735373 0.748793821844316 0.753566427892253 0.751280086517363 0.769264157609405 0.800724333975055 0.779276725596467 0.75236049296009 0.722909263815523 0.747648302898209 0.815881450411308 0.784068915228391 0.754273886226374 0.794884310865418 0.798258142413092 0.765687804338659 0.650080291097899 0.534560776745115 0.522184130007298 0.496958350036531 0.45682452779937 0.460108472540278 -9999 -9999 -9999 -9999 -9999 -9999 -9999 -9999 -9999 -9999 -9999 -9999
-9999 -9999 -9999 -9999 -9999 -9999 -9999 -9999 -9999 -9999 -9999 -9999 -9999 -9999 -9999 -9999 -9999 -9999 0.847105136811314 0.856155909358064 0.857364010383911 0.842544788875858 0.783002958485221 0.69901632938221 0.708927025190922 0.719517537122181 0.723090529820001 0.740418467814563 0.766890920808708 0.746186891109497 0.720476082309909 0.692083939949513 0.708299375766247 0.760317676295109 0.74766775938601 0.730548815127605 0.73445521371977 0.735918483507508 0.73502342164177 0.637504893043708 0.535164414747217 0.52377907674636 0.507717140006602 0.486229239476248 0.478048700844664 -9999 -9999 -9999 -9999 -9999 -9999 -9999 -9999 -9999 -9999 -9999 -9999
-9999 -9999 -9999 -9999 -9999 -9999 -9999 -9999 -9999 -9999 -9999 -9999 -9999 -9999 -9999 -9999 -9999 -9999 0.813799476184098 0.843247611953641 0.861183923946506 0.855594615603183 0.782693824199428 0.673001448056878 0.680928370945121 0.692214209425384 0.701073491016336 0.718473988991846 0.741552828804294 0.723709117412464 0.701055855383105 0.67457255986936 0.68465003150471 0.724071848955314 0.723420194370557 0.715047510777304 0.698703706664752 0.696891316799811 0.709105978692361 0.625622119824959 0.535537224075404 0.524764122452915 0.514361813216174 0.504389711096022 0.502205216323094 -9999 -9999 -9999 -9999 -9999 -9999 -9999 -9999 -9999 -9999 -9999 -9999
-9999 -9999 -9999 -9999 -9999 -9999 -9999 -9999 -9999 -9999 -9999 -9999 -9999 -9999 -9999 -9999 0.831322581098905 0.831322581098905 0.813123266647808 0.77835695568826 0.756474615969235 0.760922023969328 0.727758609185018 0.674037605848904 0.672097847429181 0.675805580359126 0.689025630695321 0.707675594329987 0.729935454080785 0.718370788250966 0.70176642018811 0.678564411403118 0.686356943220696 0.719026264798122 0.718801785275816 0.712828338601765 0.702808754806824 0.695515947883328 0.690855275702888 0.614857998787533 0.535537224075404 0.524764122452915 0.514361813216174 0.504389711096022 -9999 -9999 -9999 -9999 -9999 -9999 -9999 -9999 -9999 -9999 -9999 -9999 -9999
-9999 -9999 -9999 -9999 -9999 -9999 -9999 -9999 -9999 -9999 -9999 -9999 -9999 -9999 -9999 -9999 0.831322581098905 0.831322581098905 0.753123783043645 0.750093067618639 0.746975422525768 0.743680127531211 0.713005476199908 0.667365623346412 0.665909484069716 0.668401291316906 0.676799262263162 0.690019663383587 0.70644609579754 0.702008405677591 0.691968855091471 0.66982063818748 0.67647710457607 0.706252740871283 0.703508927651957 0.695794388455231 0.687102809328073 0.684416475914827 0.687526955599752 0.688495651109468 -9999 -9999 -9999 -9999 -9999 -9999 -9999 -9999 -9999 -9999 -9999 -9999 -9999 -9999 -9999 -9999 -9999
-9999 -9999 -9999 -9999 -9999 -9999 -9999 -9999 -9999 -9999 -9999 -9999 -9999 -9999 -9999 -9999 -9999 -9999 0.735589344440272 0.763711198726716 0.776603147811478 0.758371186864123 0.714837402960017 0.657473970368427 0.660700608884593 0.66455200820224 0.664347450288801 0.66935439755809 0.677826039617924 0.680697823136204 0.677344749920199 0.655518384056469 0.661297401664051 0.689233009029213 0.682941590800214 0.671986200710478 0.662410356405016 0.668739434756189 0.690421400961356 0.694175468412726 -9999 -9999 -9999 -9999 -9999 -9999 -9999 -9999 -9999 -9999 -9999 -9999 -9999 -9999 -9999 -9999 -9999
-9999 -9999 -9999 -9999 -9999 -9999 -9999 -9999 -9999 -9999 -9999 -9999 -9999 -9999 0.721232521568233 0.721232521568233 -9999 -9999 0.735229315351656 0.729161961277143 0.721364470366299 0.710031263210075 0.684688192695157 0.651687512341551 0.647480644923219 0.64494365931965 0.643963917667441 0.644629550131045 0.646389054504524 0.646985427930655 0.645051826393186 0.635292546558469 0.627811066022051 0.622157789200136 0.624659719772034 0.624885600317575 0.610417113372333 0.63079905975448 0.684821835840084 -9999 -9999 -9999 -9999 -9999 -9999 -9999 -9999 -9999 -9999 -9999 -9999 -9999 -9999 -9999 -9999 -9999 -9999
-9999 -9999 -9999 -9999 -9999 -9999 -9999 -9999 -9999 -9999 -9999 -9999 -9999 -9999 0.721232521568233 0.714105282632326 0.695072715726137 0.676289746025129 0.657996803636689 0.67533410451871 0.685166937971789 0.679663604455718 0.663906309520515 0.642544332095675 0.633306677252724 0.626582351584591 0.625108128320976 0.622234462695698 0.618430424655903 0.614599789859148 0.610963385135993 0.607960841071693 0.593678188880849 0.570341913926867 0.573840324590667 0.57654790938755 0.559312137838164 0.543420684763411 0.528826890987394 -9999 -9999 -9999 -9999 -9999 -9999 -9999 -9999 -9999 -9999 -9999 -9999 -9999 -9999 -9999 -9999 -9999 -9999
-9999 -9999 -9999 -9999 -9999 -9999 -9999 -9999 -9999 -9999 -9999 -9999 -9999 -9999 -9999 0.714105282632326 0.695072715726137 0.676289746025129 0.657997605232545 0.675411027540881 0.686517889928509 0.684736635089864 0.661596473784401 0.626781810871292 0.6172514470191 0.610680166181136 0.609264996264682 0.604433581982564 0.597330991976361 0.584830471307971 0.573334244555594 0.566616607857808 0.558270354099199 0.5486169422594 0.537736675589997 0.525770718388044 0.509958795316555 0.509485497610227 0.523818445753042 -9999 -9999 -9999 -9999 -9999 -9999 -9999 -9999 -9999 -9999 -9999 -9999 -9999 -9999 -9999 -9999 -9999 -9999
