layers/veg50/veg2800.asc
NCOLS 255 
NROWS 330 
XLLCORNER -2985163.8955 
YLLCORNER -3022031.214 
CELLSIZE 25000 
NODATA_value -9999 
[rows 250 to 274 of 330, columns 57 to 113 of 255]
-9999 -9999 -9999 -9999 -9999 -9999 -9999 -9999 -9999 -9999 -9999 -9999 -9999 -9999 -9999 0.748728787850052 0.749057661734093 0.757729229459424 0.769405219054092 0.71530385800103 0.657158462674678 0.590748658790169 0.537245583748251 0.490797159507691 0.512586633974129 0.535964335097944 0.557019325511019 0.572596843204991 0.584532846493849 0.578633405076183 0.566900314471973 0.54144691169297 0.499486785877865 0.44427805980575 0.434631956253687 0.429448884724131 0.415026305903901 0.393734685169956 0.365812436142974 0.35285068159389 0.342412896016072 0.328382368051719 0.311235132138955 0.290471775746736 0.269957760246006 0.250657691913616 0.241773116640225 0.233225555308384 0.225149178748054 0.218016975506647 0.211255077030002 0.205027370242388 0.199330497244044 0.19453331744348 -9999 -9999 -9999
-9999 -9999 -9999 -9999 -9999 -9999 -9999 -9999 -9999 -9999 -9999 -9999 -9999 -9999 -9999 0.765536749456961 0.762199091440048 0.772910126562027 0.789413896105634 0.764066896696343 0.719964867508748 0.637534966168334 0.575531814532843 0.524693659693398 0.543053915830483 0.558452217416453 0.559889669779937 0.568247402754515 0.58120585267011 0.594425083847056 0.603287730867453 0.598028691912753 0.5539363431924 0.478675664051978 0.460035617000853 0.449724591896619 0.439733575736093 0.420704476856599 0.392950992867218 0.377902004467986 0.365136412391215 0.350146341099348 0.330954963117554 0.306889072857612 0.289682952910789 -9999 -9999 -9999 -9999 -9999 -9999 -9999 -9999 -9999 -9999 -9999 -9999
-9999 -9999 -9999 -9999 -9999 -9999 -9999 -9999 -9999 -9999 -9999 -9999 -9999 -9999 -9999 0.767493150918844 0.76937986408599 0.775709122798348 0.78361198064882 0.754018821905797 0.714769796040359 0.65578799208994 0.603666882097929 0.555295738555345 0.560429914843307 0.565861851823428 0.567067554163224 0.572256849614584 0.580094503614454 0.600741233795423 0.617437180717784 0.617739081290272 0.580961810254947 0.514424112427543 0.490053423630749 0.473896088721912 0.466503582120957 0.459488014794028 0.4528363037729 0.43455844643259 0.411184929849608 0.372105122950194 0.338281474143274 0.310556215444164 0.291218012437234 0.275913458649876 -9999 -9999 -9999 -9999 -9999 -9999 -9999 -9999 -9999 -9999 -9999
-9999 -9999 -9999 -9999 -9999 -9999 -9999 -9999 -9999 -9999 -9999 -9999 -9999 -9999 -9999 0.758236057748116 0.762187236747792 0.767240130932307 0.772391445096109 0.740823976180333 0.704628195847026 0.658973975277072 0.619606362613553 0.583674928399726 0.572832120206584 0.567126856624412 0.572125023472263 0.576528595241947 0.580536870375134 0.597276049683601 0.611493870465863 0.613948956167707 0.592931179410471 0.553073650454814 0.52249965973548 0.497317986351623 0.489265986978659 0.484549362729313 0.483052347988885 0.457785574951101 0.425941696463695 0.384655960533984 0.349917665819095 0.322775955916404 0.298853597675218 0.278192247770825 0.27899865876348 -9999 -9999 -9999 -9999 -9999 -9999 -9999 -9999 -9999 -9999
-9999 -9999 -9999 -9999 -9999 -9999 -9999 -9999 -9999 -9999 -9999 -9999 -9999 -9999 -9999 0.753624286370369 0.745260198814182 0.748376189911918 0.756172121838629 0.724726169999846 0.689923321880308 0.648260303822363 0.624295165001463 0.610003457726591 0.580645899346689 0.562723315120027 0.575226366569356 0.581042316839155 0.582412571708446 0.584787385133776 0.587014578658405 0.588479126459887 0.591010990751006 0.594399502935713 0.557186171627379 0.520048363414094 0.508331297578958 0.496951710134709 0.485897887738193 0.450173479077457 0.411831183841938 0.388527777389798 0.365529625912694 0.342885642610779 0.312117042475187 0.282171084664285 0.280464026555961 -9999 -9999 -9999 -9999 -9999 -9999 -9999 -9999 -9999 -9999
-9999 -9999 -9999 -9999 -9999 -9999 -9999 -9999 -9999 -9999 -9999 -9999 -9999 -9999 -9999 0.734481559068888 0.734491205545123 0.742475066282201 0.753582789454102 0.725510049056225 0.69570072634602 0.662342515383621 0.643476946645175 0.632532868419615 0.617381686732979 0.608230856312833 0.614701101303785 0.61370116611461 0.607734931661202 0.6100241226466 0.60952419525705 0.59767530886342 0.593347862679139 0.595057263085953 0.565852090134372 0.536035121529159 0.522735209680676 0.508031609920805 0.491973042045039 0.456686818948179 0.419240626876608 0.392809190304525 0.370371655150355 0.352567992963848 0.326659401200007 0.301180632617286 0.300314096932986 -9999 -9999 -9999 -9999 -9999 -9999 -9999 -9999 -9999 -9999
-9999 -9999 -9999 -9999 -9999 -9999 -9999 -9999 -9999 -9999 -9999 -9999 -9999 -9999 -9999 0.730486623478242 0.729973947306579 0.730171330943654 -9999 0.712339201345693 0.704063006588901 0.678873539056764 0.662032205927372 0.649753854927101 0.652775069344232 0.6555005307669 0.656050779501222 0.648752661670587 0.636236820015745 0.641316630991771 0.640451480086598 0.615396389219776 0.600144506322814 0.592760858892392 0.575529169004223 0.557016930699075 0.539162033974397 0.519897762557844 0.4992730336241 0.467030823224272 0.432467617945781 0.398563571384224 0.3738930390124 0.359935573219645 0.339602603829381 0.318501873651426 0.306693345295476 0.293410071315637 0.27806493106216 0.269964970969629 0.264664516652641 0.262712529986395 -9999 -9999 -9999 -9999 -9999
-9999 -9999 -9999 -9999 -9999 -9999 -9999 -9999 -9999 -9999 -9999 -9999 -9999 -9999 -9999 0.730766982912901 0.731002978105549 0.730912118432267 -9999 -9999 0.705027349255297 0.682772959859775 0.662088319822684 0.642261684451564 0.650754146215155 0.660236556289809 0.669594689351998 0.667376218330185 0.657461429554532 0.665977524409478 0.667844808733032 0.6430143360851 0.626592431351683 0.616919398262244 0.617805329557684 0.612014156630672 0.571377696554484 0.537390313400101 0.509821228185097 0.483336013186867 0.454676859728167 0.411847524893827 0.38151249762462 0.365673830685206 0.342573634748616 0.318740670803616 0.306781292015868 0.293410071315637 0.27806493106216 0.267869774352237 0.260021226306943 0.260919765179645 -9999 -9999 -9999 -9999 -9999
-9999 -9999 -9999 -9999 -9999 -9999 -9999 -9999 -9999 -9999 -9999 -9999 -9999 -9999 -9999 0.740008461492317 0.737633403373113 0.738547816087697 -9999 -9999 0.725639455884409 0.698842037738592 0.67501956844374 0.652823167655589 0.652524798342628 0.659154278776302 0.681328201107986 0.685144009665924 0.676755040731373 0.677376521573159 0.676241214958569 0.666870117381498 0.657454151175386 0.648002172580325 0.650173874360079 0.644112082444723 0.595946129793099 0.555220618660647 0.521677303046787 0.500153672331027 0.476961287484128 0.429065045018589 0.39447790695016 0.375332486800197 0.352576685269298 0.330412773999415 0.322858125043618 0.307432474095972 0.281002244945932 0.266768187648307 0.257452763712015 -9999 -9999 -9999 -9999 -9999 -9999
-9999 -9999 -9999 -9999 -9999 -9999 -9999 -9999 -9999 -9999 -9999 -9999 -9999 -9999 -9999 0.742433525770119 0.746534355232926 0.744955509405614 -9999 0.734443955275714 0.730527968952099 0.718609253497266 0.702225108245895 0.683400216909536 0.658499060793402 0.651621416201682 0.691054576619642 0.701963038625531 0.693907809619899 0.674072436184627 0.663576280238412 0.686554894028526 0.693209318210099 0.686761646829142 0.671558130830455 0.650822213514565 0.612036300032994 0.573425382520429 0.53498338714254 0.517539491302237 0.499329071764306 0.450643597197856 0.413370217915739 0.389337576025209 0.370375933462503 0.35244732800297 0.330973241753116 0.307432474095972 0.281002244945932 0.266768187648307 -9999 -9999 -9999 -9999 -9999 -9999 -9999
-9999 -9999 -9999 -9999 -9999 -9999 -9999 -9999 -9999 -9999 -9999 -9999 -9999 -9999 -9999 0.759391558502975 0.759065841140384 0.759191244428542 0.728360570760422 0.728570205327361 0.728468089598994 0.727728879416322 0.705977369052464 0.672740807587013 0.666710465029133 0.672184466173415 0.704324141890501 0.713803094033375 0.708216822567188 0.686902739636778 0.672677416008494 0.685797053964983 0.696856570431364 0.706262595405603 0.705003140029642 0.699306760605074 0.681386864990475 0.639499278916351 0.574475883150578 0.542184980413926 0.515936344796153 0.484896121855322 0.45177626927104 0.416243553028102 0.39132287632422 0.368426482000469 0.336858212222127 0.318453718695831 -9999 -9999 -9999 -9999 -9999 -9999 -9999 -9999 -9999
-9999 -9999 -9999 -9999 -9999 -9999 -9999 -9999 -9999 -9999 -9999 -9999 -9999 -9999 -9999 -9999 0.768968952409296 0.768968952409296 0.741066240147171 0.731304959788371 0.726452014415692 0.731629766837416 0.702418947689837 0.654411780766024 0.675753113281673 0.698207347927796 0.717029052343765 0.722935711210142 0.720256234312204 0.703291235535538 0.687963583474218 0.681991909260963 0.694412220032645 0.721594277061621 0.738792470828533 0.752106217411337 0.755118122888573 0.708755020064022 0.614730637671345 0.566642123042656 0.53187985753111 0.518998590040616 0.490353464455217 0.443418524413098 0.410859100242962 0.385155356949488 -9999 -9999 -9999 -9999 -9999 -9999 -9999 -9999 -9999 -9999 -9999
-9999 -9999 -9999 -9999 -9999 -9999 -9999 -9999 -9999 -9999 -9999 -9999 -9999 -9999 -9999 -9999 -9999 -9999 0.741206915007817 0.744804450016566 0.739487524020754 0.715952961170568 0.689494938748601 0.661438991192983 0.686769315463999 0.70884377054243 0.71768369473032 0.720758919171586 0.720001675932039 0.714254917563642 0.70710343397879 0.696846408570534 0.710744409585416 0.7440296801739 0.749846956152432 0.751348152967754 0.751525812640121 0.702420111929725 0.605741598615374 0.574223161649927 0.554654072672038 0.52508076549858 0.489033148112324 0.445473795222336 0.412356237481785 -9999 -9999 -9999 -9999 -9999 -9999 -9999 -9999 -9999 -9999 -9999 -9999
-9999 -9999 -9999 -9999 -9999 -9999 -9999 -9999 -9999 -9999 -9999 -9999 -9999 -9999 -9999 -9999 -9999 -9999 0.755054295572075 0.756520713322284 0.746439970843255 0.712761394277804 0.690143783500448 0.673571953347478 0.698303550798076 0.717951285934555 0.720849960313393 0.721094860440515 0.719575487578774 0.719607074744774 0.717951117676046 0.710411296040491 0.724795648175944 0.756776746414307 0.756634049947602 0.752655857867301 0.752270546225511 0.715725930834099 0.644277044146852 0.60449143138266 0.571672103338577 0.540836189584043 0.501698125084621 0.452927596514438 0.444352910432958 -9999 -9999 -9999 -9999 -9999 -9999 -9999 -9999 -9999 -9999 -9999 -9999
-9999 -9999 -9999 -9999 -9999 -9999 -9999 -9999 -9999 -9999 -9999 -9999 -9999 -9999 -9999 -9999 -9999 -9999 0.75501687581631 0.752929825618825 0.74527313911469 0.72623431614784 0.708908795026532 0.692519742501181 0.710529223259814 0.725018114905707 0.727368578005392 0.724784635522653 0.718920218644046 0.717469331696791 0.717730953726959 0.722254893081127 0.735802421028445 0.756592447556064 0.757725305684427 0.756720818004655 0.758804085258729 0.755246921186256 0.746245096270462 0.665041149070882 0.581007151466634 0.56950283995597 0.533029766548683 0.46758700694187 0.450249461089637 -9999 -9999 -9999 -9999 -9999 -9999 -9999 -9999 -9999 -9999 -9999 -9999
-9999 -9999 -9999 -9999 -9999 -9999 -9999 -9999 -9999 -9999 -9999 -9999 -9999 -9999 -9999 -9999 -9999 -9999 0.756367740856095 0.755942207330452 0.750027638247286 0.732895648793271 0.719980982686112 0.709371450892329 0.720289382959615 0.728865685951745 0.729494297758435 0.732349059561057 0.736683802678758 0.730987611970168 0.7254195290774 0.723126968443668 0.735698785424679 0.760201025946224 0.753816837413957 0.747122852030839 0.758209302841565 0.75247939778524 0.730516806075012 0.638601144626391 0.546660148836645 0.541022817107996 0.510716977644165 0.45178981802607 0.437870724422551 -9999 -9999 -9999 -9999 -9999 -9999 -9999 -9999 -9999 -9999 -9999 -9999
-9999 -9999 -9999 -9999 -9999 -9999 -9999 -9999 -9999 -9999 -9999 -9999 -9999 -9999 -9999 -9999 0.865074723692767 0.865074723692767 0.770584192601326 0.766248015611555 0.757158599557253 0.738355440505439 0.728709065462024 0.724067669947545 0.728126115204888 0.730834163149434 0.729304743365543 0.739108556805868 0.756446891029578 0.745827025567895 0.732559787377069 0.718734649514333 0.729251255302271 0.759304993353291 0.742902416966071 0.728137704752701 0.749038921687451 0.730428180710335 0.673676879618043 0.582060074524405 0.49675488254423 0.491790406657156 0.468753833655334 0.424749341437123 0.40246696640765 -9999 -9999 -9999 -9999 -9999 -9999 -9999 -9999 -9999 -9999 -9999 -9999
-9999 -9999 -9999 -9999 -9999 -9999 -9999 -9999 -9999 -9999 -9999 -9999 -9999 -9999 -9999 -9999 -9999 -9999 0.770642988661264 0.771890223700043 0.769580236308553 0.760000691462977 0.741368300036731 0.717787739933218 0.720184900726292 0.7213927437731 0.717163177605883 0.715026551603614 0.714281346818857 0.702526208245589 0.692659361946009 0.692022905849456 0.685479324117379 0.674194574435622 0.654852349641426 0.640202286671963 0.650432915043869 0.636991291647095 0.600699043038107 0.517729237974473 0.436499350003262 0.423226092057497 0.406175691029605 0.384742908116983 0.383684315987217 -9999 -9999 -9999 -9999 -9999 -9999 -9999 -9999 -9999 -9999 -9999 -9999
-9999 -9999 -9999 -9999 -9999 -9999 -9999 -9999 -9999 -9999 -9999 -9999 -9999 -9999 -9999 -9999 -9999 -9999 0.743037518499404 0.754582955263905 0.760773433946613 0.75602049365485 0.736800487067168 0.709672969437572 0.710328528791413 0.709418906694341 0.701949805057727 0.690753708056275 0.677079842929842 0.667130555794757 0.661465251006929 0.668550263716857 0.652511818210769 0.617914058794001 0.599877696437438 0.587524978136856 0.589038209973128 0.58046473671434 0.562154651999844 0.481787221192144 0.399285283745129 0.380880487614944 0.36752717117126 0.360034769336283 0.35839347922032 -9999 -9999 -9999 -9999 -9999 -9999 -9999 -9999 -9999 -9999 -9999 -9999
-9999 -9999 -9999 -9999 -9999 -9999 -9999 -9999 -9999 -9999 -9999 -9999 -9999 -9999 -9999 -9999 0.706433863404961 0.706433863404961 0.742772403773573 0.729141923125844 0.717680769304049 0.710652862575158 0.704409423577215 0.698594764479605 0.697379003165792 0.693354984418115 0.681775184820033 0.666172643203426 0.647895716197837 0.644502464474687 0.644332630790341 0.650309065519265 0.636994443005546 0.608196462263553 0.598322848965096 0.591792727206223 0.587743145493174 0.583551732546147 0.579223411103777 0.491695733488723 0.399285283745129 0.380880487614944 0.36752717117126 0.360034769336283 -9999 -9999 -9999 -9999 -9999 -9999 -9999 -9999 -9999 -9999 -9999 -9999 -9999
-9999 -9999 -9999 -9999 -9999 -9999 -9999 -9999 -9999 -9999 -9999 -9999 -9999 -9999 -9999 -9999 0.706433863404961 0.706433863404961 0.694666547768567 0.69592369138222 0.694186135057995 0.686328595043431 0.683417996453581 0.683211331967541 0.678843963215609 0.673188992459272 0.664653401015892 0.653006535646591 0.639291243942643 0.631952075857384 0.628503854715694 0.635782004619861 0.624001235633099 0.596923426939276 0.592000337863948 0.590070913233572 0.58714137544017 0.577670841257603 0.561886338363321 0.556671262689311 -9999 -9999 -9999 -9999 -9999 -9999 -9999 -9999 -9999 -9999 -9999 -9999 -9999 -9999 -9999 -9999 -9999
-9999 -9999 -9999 -9999 -9999 -9999 -9999 -9999 -9999 -9999 -9999 -9999 -9999 -9999 -9999 -9999 -9999 -9999 0.690176157362184 0.68539387553825 0.679602782789388 0.671750079015958 0.66793869859671 0.666336253174611 0.658064456255318 0.651255695164967 0.648781224461357 0.644525882290428 0.6390865873306 0.623507489321541 0.61315220206977 0.622533970458873 0.611843482819817 0.585042632403617 0.583681525555106 0.585718827820174 0.586441707927593 0.567768036002605 0.530371035801422 0.523896029803089 -9999 -9999 -9999 -9999 -9999 -9999 -9999 -9999 -9999 -9999 -9999 -9999 -9999 -9999 -9999 -9999 -9999
-9999 -9999 -9999 -9999 -9999 -9999 -9999 -9999 -9999 -9999 -9999 -9999 -9999 -9999 0.698340598907298 0.698340598907298 -9999 -9999 0.690237382363531 0.691269170552687 0.693164000727257 0.696822547796466 0.686315970535787 0.668066919800697 0.644972509723015 0.628640619383246 0.629923674713731 0.625574554167463 0.617481069999664 0.60418274953575 0.593515777072754 0.592818528120884 0.58669691492743 0.57622160698015 0.577643305868763 0.577723390932302 0.564758841110069 0.547955615783692 0.527446949330984 -9999 -9999 -9999 -9999 -9999 -9999 -9999 -9999 -9999 -9999 -9999 -9999 -9999 -9999 -9999 -9999 -9999 -9999
-9999 -9999 -9999 -9999 -9999 -9999 -9999 -9999 -9999 -9999 -9999 -9999 -9999 -9999 0.698340598907298 0.699187599052138 0.701449426818991 0.689568330242161 0.671761859224877 0.687274571570817 0.700270124445286 0.708121597702113 0.691851015663628 0.662395630659584 0.634279490093357 0.614726393445379 0.616782249555049 0.612064595567462 0.602843800102541 0.590819001396365 0.579851230829741 0.573091875181552 0.56970916783155 0.569036620663756 0.569483216215641 0.566345219691074 0.547313084511392 0.537249242842229 0.535842419347954 -9999 -9999 -9999 -9999 -9999 -9999 -9999 -9999 -9999 -9999 -9999 -9999 -9999 -9999 -9999 -9999 -9999 -9999
-9999 -9999 -9999 -9999 -9999 -9999 -9999 -9999 -9999 -9999 -9999 -9999 -9999 -9999 -9999 0.699187599052138 0.701449426818991 0.689568330242161 0.671747715192326 0.685917276967286 0.694647023967271 0.692259938432475 0.672061630397526 0.642127938857099 0.628317071959777 0.617969944696594 0.614912825849353 0.609284830862763 0.6019476749227 0.589210124140913 0.577963024473084 0.573062772017991 0.568810335251413 0.565077847300757 0.557138871832516 0.548296412435399 0.538222763802912 0.533977933181256 0.535359611482253 -9999 -9999 -9999 -9999 -9999 -9999 -9999 -9999 -9999 -9999 -9999 -9999 -9999 -9999 -9999 -9999 -9999 -9999
