layers/veg50/veg3800.asc
NCOLS 255 
NROWS 330 
XLLCORNER -2985163.8955 
YLLCORNER -3022031.214 
CELLSIZE 25000 
NODATA_value -9999 
[rows 175 to 199 of 330, columns 114 to 170 of 255]
0.337250326013815 0.340829104587756 0.346500450956124 0.353332677093352 0.367951079850412 0.379449968507605 0.3820859037835 0.387541785768104 0.394899142148252 0.409679862433974 0.422006662924676 0.424012594548956 0.433434750386159 0.448891751570332 0.463415787056788 0.476714579211874 0.485308424405308 0.488359828045625 0.485987880204448 0.476411759438018 0.469245149585285 0.486071215774412 0.500831261771168 0.513161208465978 0.516561650189283 0.518476672526927 0.530512345918255 0.529836144529947 0.511136637751309 0.500344543974275 0.493841642846255 0.51391764210761 0.516055180139268 0.487342327432951 0.474111754220723 0.467918142773989 0.445841232793786 0.439189638556268 0.46505358626642 0.440382793349813 0.387259606439246 0.385965118823 0.369761492316999 0.308423611845799 0.304098235707685 0.338762621838571 0.383111948854268 0.41875135895502 0.422084291583037 0.488001522857178 0.605550215470549 0.664781602130255 0.707574819885632 0.717495535356635 0.64199337610339 0.481759100732404 0.486290989306738
0.33145151708462 0.337227172868621 0.343596110015595 0.350294177876208 0.363493850274409 0.37457216663553 0.379497732290702 0.388528700718449 0.400327919422468 0.409961816266941 0.417770125751409 0.420238135704245 0.429811434034584 0.445166558166407 0.454612631754337 0.463078451204495 0.471143554191573 0.478120650489459 0.484033118025243 0.475824128506874 0.467859344956127 0.479747137382281 0.494738187283587 0.513379358249524 0.522276063266622 0.528283311019325 0.533330173449744 0.524912544089807 0.497404524707161 0.480325357048308 0.468048254563 0.474462468690994 0.475454152416589 0.467120221221233 0.446620856432291 0.420568624965803 0.40072851656233 0.392968838794028 0.410673907136356 0.405161329679686 0.386576604277025 0.382210817189727 0.367244456233286 0.322804156809895 0.337988238993499 0.393948296403713 0.402883971264252 0.414419927802816 0.449882603881122 0.501466699426378 0.566350815327345 0.643458303207109 0.711557943475039 0.731320923081846 -9999 -9999 -9999
0.326063627844449 0.333800307501065 0.340924363084535 0.347708557329068 0.359121725317006 0.369338874378331 0.375986764061059 0.387631826824101 0.402646455626453 0.408451036681047 0.413244670140584 0.417517153370897 0.426804003323609 0.440171221778386 0.445554835901772 0.450079283795574 0.456079641944522 0.466390948765556 0.480920575192372 0.475181563116608 0.467646204080128 0.475578469720738 0.490218371544617 0.512747945534754 0.525083480584176 0.533627811245903 0.533894998993519 0.521072523437047 0.48969110175533 0.468878800798294 0.452345602248418 0.443508374049353 0.440978860579207 0.449297293404957 0.423123859426446 0.381231085973617 0.363453504015379 0.353055109603777 0.358211552850922 0.369758930550219 0.384904573181066 0.378294363563958 0.366853890590456 0.345248259589904 0.378645889952449 0.449659199711177 0.420994994962376 0.407651680102657 0.477879579859784 0.516106726465929 0.527933550868521 0.614313988830752 0.694215567937686 -9999 -9999 -9999 -9999
0.32247505452688 0.329992423985698 0.338285238186144 0.347008240653285 0.358803346666989 0.367742670949408 0.368990785692335 0.376305954917836 0.387712105266975 0.396753706544316 0.405609553180746 0.4145740773673 0.422829012603615 0.430506530079672 0.43825637650063 0.444344458727909 0.443179843968619 0.454153828443714 0.477005590881857 0.470921197523562 0.462296836049187 0.475903542211215 0.490591198086869 0.506550291267066 0.516268841973284 0.523829731240643 0.527868273158323 0.522631921758204 0.504245327956611 0.485716298154727 0.46747029561224 0.455642073093588 0.448464504631347 0.449285085675369 0.423134008550463 0.384672069181417 0.36004971241312 0.339610359419172 0.327988500793635 0.346067566426884 0.380869037053508 0.370754029329268 0.360007298109347 0.35279604159707 0.384789308580395 0.443593800028313 0.405199420185111 0.388824392008898 0.477653789519242 0.526889170917908 0.543459859152973 0.622154921734801 -9999 -9999 -9999 -9999 -9999
0.31990148082698 0.326505865469494 0.335320783859606 0.345362025197439 0.356233997189307 0.364175158507572 0.364464905801169 0.368990009406863 0.376370990238393 0.386156363552227 0.396837548529046 0.40973114458469 0.418846284030891 0.424886758980233 0.433279472234695 0.439600897068706 0.43540851996881 0.445167209298932 0.468577199426107 0.464789974950914 0.458630272902805 0.473455748135802 0.487016865323196 0.499090816211159 0.507723586945196 0.515184299629559 0.520870471581789 0.520344121955844 0.511009459190533 0.490460319197959 0.466861194084992 0.463625055438382 0.460012573621398 0.455752860489034 0.431846302169036 0.398901624234077 0.357187930368014 0.322178148655826 0.301299768886329 0.323828874650148 0.370797541503295 0.360819866745389 0.35283257479874 0.356655662089614 0.377995172896176 0.411313831026099 0.414547075813693 0.433879119899043 0.516867192061494 0.554038124401899 0.553410344691984 -9999 -9999 -9999 -9999 -9999 -9999
0.318239081795845 0.323307763416309 0.332064278256622 0.34286666754232 0.351643930104846 0.358837983490888 0.362156456461625 0.365273812399634 0.368255556240058 0.37654648932832 0.387044949142116 0.403182692567212 0.414856609115254 0.422898151009397 0.430386649769893 0.43574720186082 0.432241075118406 0.439098595522596 0.456097080079063 0.456979266535097 0.456474379471555 0.468518725758504 0.479899130660121 0.490498592808621 0.499420160083896 0.507573611283875 0.513000926211903 0.514602656344311 0.510780349168038 0.484347913221832 0.452127717436092 0.467881900503995 0.475207519548885 0.468037776358388 0.448370592451788 0.422816181336063 0.354812715381759 0.30116635716279 0.277783829299247 0.302894260452551 0.355307508613879 0.348736742018881 0.345363285367443 0.357204385427184 0.35958687346272 0.355500797478268 0.44646604500528 0.536281332202891 0.591485527655717 0.595879446421291 0.558355361899058 -9999 -9999 -9999 -9999 -9999 -9999
0.310589167052097 0.318304182082245 0.329832153260276 0.343475412489389 0.349627386292579 0.354750657922162 0.357998964177391 0.361400604403314 0.364905636873615 0.371927621981293 0.381586376168339 0.398839895450058 0.410464992295684 0.417510041670516 0.422680594953446 0.427967007491471 0.434977036646982 0.444379363839479 0.456122585920759 0.458619503205296 0.45948490468582 0.462479037493889 0.464705146120833 0.466027887475125 0.48486054189825 0.505427334922092 0.494994034684502 0.486903566893252 0.482134842384621 0.459120537672341 0.4316586320029 0.447177404744411 0.455664623315593 0.452059043576363 0.425320809539243 0.388026096556709 0.363167356987072 0.34184336680851 0.327970393777166 0.341219092696827 0.369738009422184 0.36347923845861 0.357298004997829 0.355341867252042 0.349486156744475 0.340963602941546 0.430953385107771 0.52377810399656 0.594218429008207 -9999 -9999 -9999 -9999 -9999 -9999 -9999 -9999
0.302871771075701 0.313201972980711 0.326578338957044 0.341644604898601 0.346668868037575 0.350736246919474 0.353379711679579 0.357185229938219 0.361774314413517 0.367908434025728 0.37662911950672 0.393379262800313 0.404753277260278 0.41175254452479 0.415155679838003 0.420385398587593 0.435878254323051 0.447919770405844 0.456584105540667 0.459739897489679 0.460703278310498 0.455529434877475 0.449854942498953 0.443591575598549 0.470883173037022 0.501647407604463 0.474419146689493 0.456542945642295 0.451926396215919 0.43463420351553 0.414348636213441 0.425769588271562 0.43280197733997 0.432286958563454 0.395714076073053 0.342879147112374 0.360923598174017 0.372445895199029 0.370219924330866 0.374119112799225 0.381466927787816 0.377898250791153 0.369963066526696 0.351826809600127 0.342394925809094 0.33891579647474 0.418923254077092 0.493413617561715 0.522408397756251 -9999 -9999 -9999 -9999 -9999 -9999 -9999 -9999
0.300448322084408 0.309294158009654 0.317113394736611 0.324363111927239 0.336449190496417 0.345918833217893 0.348131294335052 0.351360823031558 0.355276154745084 0.362266753942573 0.370163198361584 0.380101011344579 0.392641819714166 0.407300777986716 0.41309510465969 0.417522376085341 0.421797292277498 0.431832329138741 0.447503719340817 0.449287909560084 0.447852441129364 0.444946391099077 0.444378077530912 0.4465594620372 0.465789062449921 0.484331411946879 0.450207947307353 0.433200841925511 0.440461861853236 0.431959900288332 0.418662944965701 0.42426483583004 0.425617466197701 0.419662259789881 0.369719129549261 0.29985400006499 0.294151715640276 0.293205410584275 0.302284394426428 0.323339584538273 0.351137695166027 0.365385587657667 0.368099009959191 0.342097833515092 0.342930647752751 0.362114715450488 0.469457302732496 0.555512618002167 0.541741022776063 -9999 -9999 -9999 -9999 -9999 -9999 -9999 -9999
0.295672797049138 0.304110438671431 0.309389688100955 0.312916777524732 0.329244304936165 0.342111090143739 0.344711882319356 0.347787377043356 0.351182961057862 0.356859311564919 0.362738931068444 0.368592902317969 0.379656168507215 0.394958423220188 0.403490350054894 0.409427726269753 0.40852576081674 0.417876964333109 0.437261027661748 0.438458543551462 0.435797275542835 0.43338034083398 0.436778802559045 0.447017464039563 0.458428908361671 0.465791468057054 0.43166009719782 0.419310013782899 0.437842141073218 0.43748468305439 0.430715933122656 0.43386143433466 0.43077515411768 0.416971516953747 0.360864344340465 0.285545325905939 0.257855701401929 0.243612902003342 0.257715117583503 0.282790878764181 0.314045036015845 0.349128020813572 0.370842453898362 0.357017632431557 0.363292650930475 0.383313565896772 0.494601930146474 0.586181510587063 0.582214971158796 -9999 -9999 -9999 -9999 -9999 -9999 -9999 -9999
0.288359711099734 0.297550197064473 0.303544533159521 0.307765762676207 0.325291958048968 0.339392640388508 0.343265711111952 0.346642402898382 0.349684389125907 0.351704578893492 0.354280742387597 0.358994529267838 0.365727384670343 0.37410322792313 0.385746481542245 0.395688882669855 0.396127491689463 0.40622181167769 0.425764371017599 0.427222039403902 0.424600528264729 0.420753764126562 0.426889744192092 0.444767651955375 0.448624010434052 0.445931055297607 0.419222208453718 0.415615789422359 0.444764736451579 0.451855132269623 0.451117873446639 0.455434837044721 0.449248347722532 0.424998122467865 0.370501394685317 0.302217707559196 0.254438884419448 0.226006410778983 0.238354758041747 0.253279798805199 0.269655586080339 0.328830226908122 0.378556746134526 0.398530010352971 0.405044437172844 0.402354622278976 0.492354924904813 0.570180495786024 0.577233544454809 -9999 -9999 -9999 -9999 -9999 -9999 -9999 -9999
0.287362269956894 0.294865039329865 0.299904267530647 0.30357681355551 0.320197770602552 0.333890394631212 0.338675845504176 0.34192831106527 0.344147093149203 0.344502347744523 0.34534764103203 0.348369868399339 0.35324549644653 0.359629302529868 0.368869069963421 0.377656815326053 0.382623881406444 0.394754208846903 0.413893881128828 0.416336317475671 0.415383949195571 0.415553836004175 0.416097559403021 0.417080997786429 0.422620902931079 0.428147533601951 0.421210919928167 0.423132770299351 0.437614436239789 0.447029207613753 0.454146143932328 0.452856877428519 0.443799100856792 0.42138111640668 0.381021239950511 0.332504059234965 0.301750747577538 0.281740583436451 0.284376261334817 0.279227846715272 0.269696782368864 0.323428122557342 0.372332590332245 0.401249671428285 0.425958991116153 0.447790703182529 0.51742133025809 0.574668920556067 0.574973522314962 -9999 -9999 -9999 -9999 -9999 -9999 -9999 -9999
0.286869933314651 0.292023828676866 0.295975138442125 0.299259297879663 0.313749942281178 0.326242774876208 0.33241169267539 0.335681622470353 0.336996780763432 0.336117250735745 0.335665725894553 0.337288002304446 0.341155825147546 0.346850928970128 0.352733919337624 0.359309283875201 0.368764442930852 0.382578689674213 0.400658360679166 0.403788997934002 0.404553098129306 0.410404630675203 0.405464715267666 0.387831656668462 0.396456301838912 0.412290218465295 0.425253797809452 0.430775885351721 0.42574718619808 0.435291719396605 0.449057361392487 0.441293096149208 0.429446247692751 0.410578212428013 0.387749800714647 0.363170253899543 0.355721326221227 0.347307464965672 0.33685958776316 0.311674785127614 0.278192704154831 0.317977381577417 0.357451556661657 0.387638328659702 0.429901268557607 0.480422868920332 0.53642217042028 0.575360911251065 0.555385659759489 -9999 -9999 -9999 -9999 -9999 -9999 -9999 -9999
0.278210396374762 0.280657774318986 0.285686787670899 0.292147997543919 0.299260017584565 0.307696441001515 0.319483572234943 0.324646108171645 0.32534171631192 0.322695157401713 0.321237833494668 0.324704613285124 0.329280048821192 0.334757636958871 0.340552869879294 0.346723956040567 0.354317832704298 0.364709394858674 0.37783852882234 0.378047016455686 0.37779473592577 0.391555165868851 0.397745948555817 0.395033142313209 0.399789702633317 0.407019421427273 0.417430023998099 0.418110945648157 0.404996812388898 0.407837704252089 0.415705609261084 0.407767444173463 0.393317387689845 0.367668243868839 0.36421569220406 0.370885288706796 0.363708836601452 0.347947339410777 0.314089136891583 0.287963388843606 0.266191216938038 0.283914020832172 0.303722913565554 0.324441400371283 0.345374372264506 0.366454026410501 0.457891922933488 0.535293023341817 0.542911747992935 -9999 -9999 -9999 -9999 -9999 -9999 -9999 -9999
0.265239704154717 0.270378619529445 0.276096799209248 0.282136333453702 0.286157845234115 0.292400163436125 0.304584928232063 0.309835965637193 0.31041162919267 0.309096348246346 0.308969843816025 0.313324621689872 0.318017391403596 0.322985197095685 0.328783296619902 0.334782301275293 0.341111511791997 0.349333235112397 0.359406806940233 0.359559974846956 0.359978260884902 0.374910820353351 0.388091032862706 0.399210095564432 0.399239387555784 0.39693275484309 0.402547033792942 0.399384866339798 0.383779170571192 0.379749284826808 0.379708394130574 0.37474161753467 0.362234942313693 0.336761222944963 0.344559151519913 0.367464484151352 0.352194860500075 0.329730720947458 0.292101019309404 0.270787844218294 0.258661304621279 0.259567951258058 0.262176114969107 0.26774417811374 0.279780974447337 0.296241613798701 0.395224459886644 0.473797665585544 0.457307397825313 -9999 -9999 -9999 -9999 -9999 -9999 -9999 -9999
0.246672076576268 0.261510526562028 0.267413456054814 0.268359286909192 0.274857315290445 0.281323254901135 0.287128062062628 0.290125431243809 0.291229760595493 0.295268118677063 0.299505936831148 0.303506934663886 0.307550712482789 0.311629301897598 0.317547920237523 0.323676291790006 0.329515390157262 0.33719377525644 0.346671926456327 0.350491621928491 0.353770545255223 0.361129259712541 0.375922521627759 0.399460465058891 0.393647058151906 0.380593910178374 0.378499451901891 0.372789943447341 0.36195490044418 0.350837253279069 0.340276720151593 0.342364686590794 0.337703978993326 0.32143696758147 0.329936643493394 0.349586632928748 0.315363179018721 0.2870337567215 0.2711285619308 0.262097435680336 0.256936591616395 0.247837305395065 0.236444333874939 0.219485166066555 0.238767894478147 0.282835763172986 0.353150775849187 0.414801869016961 0.438940860446032 -9999 -9999 -9999 -9999 -9999 -9999 -9999 -9999
0.238053104565251 0.255196403056402 0.261365508183138 0.261446533826746 0.266272044475032 0.270728565676531 0.273738490191746 0.276427471390748 0.278900042295075 0.282246200587829 0.2861537783192 0.291640490033514 0.296881022526004 0.301921230232094 0.307251930929232 0.312795289533071 0.319071496940253 0.326706056982418 0.335669782827187 0.341952655736661 0.347163931539293 0.349360405928171 0.357591303342722 0.37292002450386 0.37045179630544 0.363356605984835 0.360661236794864 0.358439180552743 0.356888202648965 0.343639466146356 0.326878974995804 0.32503586947547 0.321097966112442 0.31355744984206 0.316669359224676 0.324489664029272 0.285773033795627 0.256404896544209 0.246742762124868 0.240903654506919 0.237217011974445 0.206709783107057 0.174014897648214 0.138678162236253 0.191082927302283 0.303492427904495 0.359308490834195 0.398171328558305 0.398566478918164 -9999 -9999 -9999 -9999 -9999 -9999 -9999 -9999
0.232525787104114 0.248887533579236 0.255490560502657 0.256679808179489 0.25861364343257 0.260465694894539 0.262029094619435 0.264956829235193 0.268804527286399 0.269742103839032 0.271918026157089 0.279048042730389 0.285920411260903 0.292583122417596 0.297152805396375 0.301896720094949 0.30875973447 0.31640413063466 0.324813119090582 0.333020513264753 0.339792071741557 0.338113368245038 0.337855656754561 0.3392693479419 0.34247100813396 0.345680997881827 0.344128506608695 0.34673046381485 0.355222731849941 0.342555973631986 0.322662455881277 0.313009117755049 0.307119566054956 0.307702937556789 0.304234880590312 0.29878910000338 0.2610991473083 0.232496073772336 0.223047538490264 0.217064203848676 0.213031868710962 0.160411716062106 0.107887344367485 0.0612329046218085 0.151938337203604 0.336581561678542 0.381181979519384 0.405108018585948 -9999 -9999 -9999 -9999 -9999 -9999 -9999 -9999 -9999
0.224789888179446 0.231721992514724 0.240599882184795 0.250557222105281 0.25143664886623 0.25247058311208 0.254848863684935 0.256834688671206 0.258555883036278 0.260546910342434 0.26278343337228 0.265744584848873 0.272031407620691 0.281024447379123 0.285604492171404 0.289806356244061 0.295243469605935 0.301461243282719 0.308442903278345 0.316692431395139 0.324139348409151 0.325066712111483 0.32615329218231 0.32742714611782 0.327335110312488 0.326128457203989 0.318071582677501 0.317125719546886 0.32626207735092 0.32838222233717 0.326903763873808 0.305807717200431 0.29353326594475 0.296430108485308 0.296872065404791 0.296092576171974 0.269610022414305 0.244666333561582 0.222966469808019 0.212182339335821 0.207544055071645 0.172385192401822 0.150478936688545 0.166894060018498 0.252795129404483 0.386216309500442 0.401840652693354 -9999 -9999 -9999 -9999 -9999 -9999 -9999 -9999 -9999 -9999
0.21780620758813 0.218645140552639 0.228851530161764 0.244254640724625 0.245352126447484 0.246619198451167 0.249814045967843 0.251222356509731 0.251426015097113 0.253346004846017 0.254895636268915 0.25470635835151 0.259308975162982 0.267810927104767 0.273270437723851 0.278111573694109 0.282253534747457 0.287438767215847 0.293644854396036 0.301041432875274 0.307889729896118 0.309862382703635 0.310780095595783 0.310456964491634 0.308601668133578 0.305497091781165 0.294718082257226 0.292548536231386 0.302585764781527 0.315141942418956 0.326490716838283 0.297040323577088 0.279796867846834 0.283546784274952 0.289734622142657 0.296940861555413 0.277693554514647 0.25680821900595 0.232470028187908 0.214957414477548 0.201287780996143 0.185063369007416 0.191820575902533 0.259206931237556 0.335637462716619 0.418253133436628 -9999 -9999 -9999 -9999 -9999 -9999 -9999 -9999 -9999 -9999 -9999
0.212003055976979 0.211985063830252 0.222034734698454 0.237669575301589 0.240982126226716 0.244132172089356 0.248146232703158 0.249548909406566 0.249190744450371 0.249274928382771 0.248964556210359 0.247223178543658 0.248417355685107 0.252000298155936 0.259703243583947 0.267037615137748 0.270089620469943 0.274860781594794 0.281314159126561 0.286453046739241 0.290703346048328 0.291271807950395 0.289645907310397 0.285438948217349 0.284222251663586 0.283172622349164 0.275607325810071 0.275861590551393 0.287202681069277 0.303366649411288 0.31877314031846 0.285815265578388 0.26582490646031 0.268135954286604 0.282950876836395 0.30335235887046 0.285106415906382 0.26890557384672 0.257015668778822 0.229749265548319 0.19382548763767 0.198847499894252 0.231200542818308 0.330571049137939 0.390207963454049 0.4226718334629 -9999 -9999 -9999 -9999 -9999 -9999 -9999 -9999 -9999 -9999 -9999
0.205513177651983 0.2051380923895 0.211162266755454 0.220736515369001 0.229382467651478 0.236569394316124 0.240087034255776 0.241615184043469 0.241801831677075 0.242093329055289 0.241650197258511 0.238761233211665 0.23879969281656 0.24122030113974 0.246935160670347 0.252531507515557 0.255467757821871 0.260672089136068 0.268095767352956 0.273447196081975 0.277584849638203 0.27705323960062 0.272754657683675 0.264025278929269 0.267343688495758 0.273109279080135 0.269412841053435 0.271912751148947 0.283198043137168 0.301624172534842 0.320217240457294 0.291864790033457 0.273194739740279 0.271176386796578 0.290480085489817 0.319383346871651 0.301925554123191 0.285012198084526 0.269246478500799 0.233649280188152 0.186886435445347 0.230365589799404 0.286196465606649 0.364019178300573 0.395625609840793 -9999 -9999 -9999 -9999 -9999 -9999 -9999 -9999 -9999 -9999 -9999 -9999
0.198606732400645 0.198228314407662 0.198779942971422 0.199847527211598 0.214749161555234 0.226637436891878 0.229306827056015 0.231104741113911 0.232315023676068 0.233645609616609 0.233787586135082 0.229987279002446 0.229802218737386 0.232559013398842 0.234613212526099 0.236793842989712 0.239980435210099 0.245875723467975 0.254421506192421 0.260932637942221 0.265957920760612 0.264614109277257 0.257893442549721 0.244848398052886 0.254116792840366 0.26832689348433 0.268886516528282 0.273649988247336 0.28437381198366 0.304342125256967 0.325538962439605 0.30533959808906 0.289925038290139 0.282739338711295 0.304521629719241 0.339389386797557 0.322908194698578 0.303372220482369 0.277396968281148 0.234496575682815 0.182066881914451 0.269328058178466 0.340069428826584 0.351288068066459 -9999 -9999 -9999 -9999 -9999 -9999 -9999 -9999 -9999 -9999 -9999 -9999 -9999
0.186594107030928 0.191880746835679 0.192925711382951 0.191617550260604 0.198544156575897 0.206363059717512 0.215627404759045 0.221169907899477 0.224202793727867 0.226030682411227 0.226866773606725 0.224810315522454 0.224386919624559 0.225292404495882 0.226742859204655 0.228362992306332 0.230363818404468 0.233361802959929 0.237335520095516 0.242093247085071 0.246901722518513 0.250998207885126 0.253591689762657 0.25441730521607 0.261984833397056 0.271461841499448 0.280754855975151 0.29132070102361 0.303691206243807 0.318912830109475 0.334136982729431 0.329389763004158 0.326936823991808 0.328429566582241 0.34122521521627 0.359116602679256 0.354293962860376 0.34464828511124 0.324835963466286 0.291559947007142 0.250703514685235 0.312261856833392 0.359407693256701 0.356873541069056 -9999 -9999 -9999 -9999 -9999 -9999 -9999 -9999 -9999 -9999 -9999 -9999 -9999
0.170519268075164 0.178614903262627 0.180136992357019 0.178012319473407 0.182830194016451 0.18966860245733 0.200999206598598 0.209170809131375 0.215212314433775 0.217539611302456 0.218882830139458 0.21812191315824 0.217929854921163 0.218200697271582 0.219131360568843 0.220176087100243 0.221285527964317 0.221903709486262 0.222041187322763 0.224671864562804 0.228474935703902 0.23614855439627 0.245032738228978 0.255340815939085 0.262187509980154 0.268925934677217 0.284012147855666 0.29788170257135 0.310026239741606 0.322405976794406 0.334588065899753 0.34133532062918 0.348777231118092 0.357413803809858 0.365593864767882 0.373541952177259 0.375419431137587 0.371494161618821 0.355337083381764 0.331529201410035 0.303413714817611 0.3438379952125 0.375297881859891 -9999 -9999 -9999 -9999 -9999 -9999 -9999 -9999 -9999 -9999 -9999 -9999 -9999 -9999
