layers/veg50/veg3500.asc
NCOLS 255 
NROWS 330 
XLLCORNER -2985163.8955 
YLLCORNER -3022031.214 
CELLSIZE 25000 
NODATA_value -9999 
[rows 200 to 224 of 330, columns 57 to 113 of 255]
-9999 -9999 -9999 -9999 -9999 -9999 -9999 -9999 -9999 -9999 -9999 -9999 -9999 -9999 -9999 -9999 -9999 -9999 -9999 -9999 0.123526006671628 0.124773453241417 0.096177961192448 0.0512707054573192 0.0292764364297104 0.0123301484178916 0.00606254924337408 0.0139696327906785 0.0313002797159302 0.036887730339685 0.040776813190607 0.0425407886994257 0.0418181659858938 0.0390997536916155 0.0396341295283941 0.0409541765357238 0.0435953543441728 0.0523775257410745 0.0670875465158714 0.0734972828207204 0.0772415313742021 0.075512092804844 0.0781723141395476 0.0859255821567343 0.0879748117208619 0.0882991548414776 0.0874867962402277 0.0887410444592538 0.0928846498898367 0.0946436875504643 0.0957197784049569 0.0999501212126028 0.10583163635318 0.114511670627857 0.122399002641349 0.129893027882389 0.13242011406307
-9999 -9999 -9999 -9999 -9999 -9999 -9999 -9999 -9999 -9999 -9999 -9999 -9999 -9999 -9999 -9999 -9999 -9999 -9999 -9999 0.12160559516747 0.122271506752525 0.0955312167419461 0.0538110519383993 0.0304740649101452 0.0125078300792522 0.00646128014010986 0.0156743045853611 0.0350321463188649 0.0407245150315499 0.0442680164533877 0.0447823764358749 0.0435970406049194 0.0410474975753841 0.039518297615668 0.038539404541292 0.0392635800121137 0.0449205942511154 0.055339236197757 0.0636889856908038 0.0708553904230666 0.0735945472103852 0.0772784875081928 0.0820586007735938 0.084082571242898 0.0852846704937928 0.0860429471602574 0.087918439222208 0.0913559286259553 0.0919396888572409 0.0916104476620892 0.0933480014258547 0.0981915520410939 0.108299357298897 0.113519598634919 0.116541963221613 0.120567786442618
-9999 -9999 -9999 -9999 -9999 -9999 -9999 -9999 -9999 -9999 -9999 -9999 -9999 -9999 -9999 -9999 -9999 -9999 -9999 -9999 0.120387934311128 0.117347767256501 0.0895422237007021 0.0482002461413174 0.02510318242702 0.00851180641533008 0.00673354131406721 0.0180634301386285 0.0381078363680647 0.0447921645028096 0.0490687166764633 0.049394159988437 0.0478846445411473 0.0449023573610061 0.0410719306288112 0.0376219933160023 0.036310041632664 0.0372266717631104 0.0402945331443554 0.0521519128094265 0.0649566631029854 0.0724900869755954 0.0763152677999252 0.0758380071213472 0.0777966315162526 0.0806138695161753 0.0850273449130798 0.0889924254716444 0.0923305977827998 0.0916231592317022 0.0895957429078981 0.0900403859532486 0.093678910643296 0.102730643098805 0.10757029745203 0.110523235820338 0.115371831101192
-9999 -9999 -9999 -9999 -9999 -9999 -9999 -9999 -9999 -9999 -9999 -9999 -9999 -9999 -9999 -9999 -9999 -9999 -9999 0.158841566603066 0.150593272272209 0.125488722615243 0.097467473432776 0.0678519940703903 0.0384968011750062 0.0168469496651538 0.0147296007719929 0.0226108920871153 0.0371394446880931 0.0443862263606685 0.0492167927704862 0.0483345166653618 0.0480664154667773 0.0482912623722374 0.0418534040947865 0.0357808605168964 0.0353765666668045 0.0353917342536156 0.035811804431837 0.043106162976715 0.0526067122245701 0.0666325144174981 0.072694573552648 0.0695168018018021 0.0691990691885392 0.0704755135490786 0.0789618339324666 0.0852055315960887 0.0883137813048399 0.0894625693860282 0.0898135230257108 0.0885322325353824 0.090128083633236 0.096600309913413 0.100989780663401 0.104443285841934 0.108411248317146
-9999 -9999 -9999 -9999 -9999 -9999 -9999 -9999 -9999 -9999 -9999 -9999 -9999 -9999 -9999 -9999 -9999 -9999 0.151211925997165 0.154156062153851 0.148383846489585 0.124798850884075 0.101910152744417 0.0794020417802836 0.0475013237933187 0.0238411636881068 0.021970723855921 0.0270594183007167 0.0367746602458542 0.0440685470254759 0.0492060245716414 0.0480813907454291 0.0478566702171378 0.0483542366942107 0.0416170137744371 0.0354169210776044 0.0359674165901325 0.0351571469916327 0.0330333422948329 0.036262475738756 0.0422483893122941 0.057889349577139 0.0647568175934535 0.061444953596182 0.0609792893051463 0.0622675907754262 0.0722558956573419 0.0794948000743561 0.0828897221804727 0.0863041980218493 0.0894385716313317 0.0874470910617059 0.0876397061477925 0.0915340750492227 0.0961449075561082 0.101065512813009 0.104110667903668
-9999 -9999 -9999 -9999 -9999 -9999 -9999 -9999 -9999 -9999 -9999 -9999 -9999 -9999 -9999 -9999 -9999 -9999 0.151154895664438 0.148683297398083 0.140731292955417 0.121579503188273 0.0974299253695218 0.0705486213393288 0.0451990229780319 0.0270519549821901 0.0270428331996533 0.0311665392317782 0.0380378175098518 0.0441824961940705 0.0490519260223768 0.0500168174944125 0.0469265416513278 0.0405815137526219 0.0390139897114015 0.0385895443758985 0.0400594032177723 0.0384119076506537 0.0337552561337924 0.0344978703748889 0.0369178344443282 0.0425647579862852 0.0467506758438046 0.049241480567997 0.0537674529640817 0.058893785752433 0.0642884923422074 0.06948057204704 0.0743893557492086 0.0808800971184824 0.0875517139407736 0.0872717643211631 0.0876138579599139 0.0890102328060495 0.0954327104473964 0.104075840451532 0.106183474465477
-9999 -9999 -9999 -9999 -9999 -9999 -9999 -9999 -9999 -9999 -9999 -9999 -9999 -9999 -9999 -9999 -9999 -9999 -9999 0.143520279003397 0.138262041681 0.122258044409175 0.0900062036680034 0.0488735021487606 0.0311431153675654 0.0201829741341983 0.0242271969985114 0.0297176633375193 0.0361696162446002 0.0438140390095958 0.0501929834849396 0.0521512627440791 0.0465261681373928 0.034814517844999 0.0386357548215249 0.043636737978513 0.0440384512262273 0.0409224208846783 0.0344107422906345 0.0332340662301073 0.0335270260209222 0.0359004320131035 0.0384334088731784 0.0411515257889998 0.0464084007355825 0.0523968631648551 0.0585623403270009 0.0645743259153662 0.0703717123931197 0.0764618213849649 0.0824437179081573 0.0846101987162254 0.0862144131118513 0.0868656601628219 0.0920140661025542 0.0991710009754221 0.103484741070583
-9999 -9999 -9999 -9999 -9999 -9999 -9999 -9999 -9999 -9999 -9999 -9999 -9999 -9999 -9999 -9999 -9999 -9999 -9999 -9999 0.139032318402966 0.1253727391939 0.0807428184083057 0.0191849100833608 0.0097412849528021 0.00701420554182221 0.01648177448732 0.0247963279258586 0.0323443375962704 0.0431440811971264 0.0521435044805436 0.0544100931776405 0.046456887860119 0.0303010874355896 0.0396479977489397 0.0498555250321191 0.0479469133802624 0.042967784635094 0.0350247116064418 0.0322832593771194 0.0313485456845414 0.0346487120425505 0.0361716215036215 0.0356324914124949 0.03895733959752 0.0439480137400114 0.0542369548442474 0.0628605330744153 0.0691557398974838 0.0726721794130739 0.0753225327315563 0.0803947510486024 0.0839564798690527 0.0849581283915384 0.0869039109885522 0.089319236898171 0.0978038282655417
-9999 -9999 -9999 -9999 -9999 -9999 -9999 -9999 -9999 -9999 -9999 -9999 -9999 -9999 -9999 -9999 -9999 -9999 -9999 -9999 0.12959289416578 0.13015486975984 0.0928060169754992 0.0347355964677193 0.0158081332634692 0.00420012627321495 0.00752478281117073 0.0160032856310061 0.0279081506510141 0.0406382459917571 0.0522061814448575 0.0597913856037191 0.0558816458224259 0.0427458520928855 0.0450572359804793 0.0486193270253979 0.047936080565934 0.044596272166054 0.0386921069045339 0.03355779385281 0.0297937020571644 0.0331652594622532 0.0344464552127645 0.0333023356261617 0.0352829108522318 0.0390677495609563 0.0512992823768118 0.060250594832258 0.064615776892287 0.0681621689558501 0.0714615149362188 0.0756200477317277 0.0787052231117081 0.0799711993656026 0.0813032509761522 0.0827147384111225 0.091036442382168
-9999 -9999 -9999 -9999 -9999 -9999 -9999 -9999 -9999 -9999 -9999 -9999 -9999 -9999 -9999 -9999 -9999 -9999 -9999 -9999 0.135509875977699 0.136716584684364 0.104337696106888 0.053601355096323 0.0236468306482247 0.00225091237732392 0.00064235169972233 0.00943913184010594 0.0251535545543491 0.0395234221474637 0.0530157108060446 0.0640620402228505 0.0637471110099318 0.0543134261437847 0.0502579673761009 0.0475630620525247 0.0473134001760014 0.045587882911255 0.042437734873177 0.0353152602118804 0.0288793451080146 0.0314048220910795 0.0324083320466405 0.0316459992513529 0.0324323919299391 0.0348148644008317 0.0477734629001582 0.0567878481465096 0.0602877635408359 0.0642768235034964 0.0683955613023307 0.071681363314906 0.0742897887267335 0.075750150220351 0.076802145152467 0.0777147670454341 0.0848749631680707
-9999 -9999 -9999 -9999 -9999 -9999 -9999 -9999 -9999 -9999 -9999 -9999 -9999 -9999 -9999 -9999 -9999 -9999 -9999 -9999 0.134837367927158 0.133997227785769 0.109757879657812 0.0727288275400385 0.0309269110610244 0.000677432034558716 0.000193321438554836 0.0103327567083287 0.0275349008746174 0.0429396137290578 0.0564495892126485 0.0643631374001202 0.0649542120436235 0.0596681344101791 0.0539041703433041 0.0486256849714279 0.0457015512765302 0.0447720026620872 0.0457678102229975 0.0380378498549749 0.0297393162945528 0.0288689963084865 0.0293245539393543 0.0313184440939007 0.0312326616862956 0.0316718661018692 0.0422019833529494 0.0509765505062882 0.0572966540019096 0.0624041305304658 0.0670042026747201 0.0703503299305732 0.0729983434661746 0.074463146403501 0.0756786512113125 0.076801953773851 0.0807480413241899
-9999 -9999 -9999 -9999 -9999 -9999 -9999 -9999 -9999 -9999 -9999 -9999 -9999 -9999 -9999 -9999 -9999 -9999 -9999 -9999 0.136383685946575 0.135530277361077 0.118709248565166 0.0931605253947186 0.0393473110675265 0 0 0.00914724834446362 0.0243757385903896 0.0421292973923093 0.0572236860840602 0.0630233480688623 0.0637596948699862 0.0604321315481204 0.056112147398306 0.0515334355060466 0.0464709819544578 0.0446406634391894 0.0459302976462873 0.0391316173851756 0.0314316895781196 0.028408708453356 0.0277676019828398 0.02989003507371 0.0295026404138305 0.0293007987393861 0.0371980846011863 0.0442532040729362 0.0501308767712851 0.0564521724853871 0.0627953439210121 0.066674179791706 0.0700900430325991 0.0727212287827046 0.0744472592137234 0.0757733649151259 0.0782756919156912
-9999 -9999 -9999 -9999 -9999 -9999 -9999 -9999 -9999 -9999 -9999 -9999 -9999 -9999 -9999 -9999 -9999 -9999 -9999 -9999 0.137416378714386 0.139706078974183 0.130330270501829 0.114578246062657 0.0486298175200027 0 0 0.0063898699791351 0.0170278311435862 0.038123649027166 0.0559869301918823 0.0604430128030033 0.0607495020307361 0.0577254510994436 0.0572327943429396 0.0558361427001299 0.0490407118508496 0.0450268521396391 0.0436980196154596 0.0389939599266047 0.033753376974549 0.0295175724710961 0.027364963846531 0.0276293565596129 0.0273717075752446 0.0275133279754891 0.0326232892911838 0.0368403288899746 0.0398089598525514 0.0474162012102706 0.0564563937142977 0.0612250703159903 0.0659593648774074 0.0706353864193092 0.0731342939357363 0.0746572471912364 0.0770542353005388
-9999 -9999 -9999 -9999 -9999 -9999 -9999 -9999 -9999 -9999 -9999 -9999 -9999 -9999 -9999 -9999 -9999 -9999 -9999 -9999 0.140221553753401 0.140192651573316 0.127211643433783 0.1071511819486 0.0475608305289894 0.0031387814683439 0.000895726387023865 0.00287171271860693 0.00765258752134211 0.0337302935627672 0.0555139248180992 0.0573745197696799 0.0566650377216565 0.0538927644870955 0.0548028513688186 0.055335796167158 0.0519928091065756 0.0477765093285137 0.0427172081412413 0.0375080508821654 0.032813946954654 0.0313449074812981 0.0302976745187392 0.0297398371579844 0.0291149230680708 0.0287098846520411 0.0304779907031603 0.0331222816551842 0.0369915812238683 0.0435000827077037 0.0508580920760158 0.0563964425175828 0.0620229125405133 0.0677987336212448 0.0705299914561955 0.0718980789920277 0.0747172557508966
-9999 -9999 -9999 -9999 -9999 -9999 -9999 -9999 -9999 -9999 -9999 -9999 -9999 -9999 -9999 -9999 -9999 -9999 -9999 -9999 0.141636647500837 0.140432578297485 0.124468453826158 0.100436674335948 0.0460730004870876 0.00522171359425534 0.00149014090309497 0 0 0.03027705356411 0.0553451950039418 0.0549778993630807 0.0536212803905098 0.0514706122709283 0.0528343802292564 0.05435151130646 0.0543463981350898 0.0505806997560319 0.0431849401559637 0.0370887390942898 0.0322648071677264 0.033343757555244 0.033511352878294 0.0326215601601074 0.031769190886422 0.0308609908221463 0.0293489094789232 0.0304637499232146 0.0352513332117094 0.0400497087667864 0.0449398549041021 0.051398718981008 0.0580040648245793 0.0648576779256827 0.0680010657507077 0.0694812740556397 0.0724560416722056
-9999 -9999 -9999 -9999 -9999 -9999 -9999 -9999 -9999 -9999 -9999 -9999 -9999 -9999 -9999 -9999 -9999 -9999 -9999 -9999 0.142259195742154 0.142949917462974 0.130399386372034 0.11061135801136 0.0480385901319485 0.00168504359329973 0.000480867503847103 0 0 0.0306479321060094 0.0559784215003484 0.0554176954063606 0.0551269253532226 0.0550528269958755 0.054389669195473 0.053850128363042 0.054199009933649 0.0524375322805433 0.0486389426469034 0.0414531692401692 0.0348224169965645 0.0356535501332766 0.0361767361058234 0.0363426303252251 0.0360468068622262 0.0352397718543665 0.030957622732258 0.0300903407647832 0.0339974411050332 0.0358908626606472 0.0374219300461548 0.0454432824889789 0.0535715318109228 0.061880957231585 0.0663963080110734 0.0691930550354932 0.071034344417605
-9999 -9999 -9999 -9999 -9999 -9999 -9999 -9999 -9999 -9999 -9999 -9999 -9999 -9999 -9999 -9999 -9999 -9999 -9999 -9999 0.147033977998769 0.14647153023187 0.134913126961043 0.117344476845059 0.0602635665025628 0.015205001149491 0.0043391108561353 0.000449204387157251 0.00119704727614929 0.0313002174538898 0.0558730866350537 0.0542372662248701 0.0542999971482264 0.0557260166894909 0.0543707293874687 0.0530554445240621 0.0536292407438532 0.0533598398128565 0.0522765077754769 0.0460212882343858 0.0396548551688194 0.039023838220882 0.0387844561140658 0.0389994633157405 0.0394006041130435 0.0394047218886231 0.0353188165315641 0.0330681018702859 0.0333831977054272 0.0339687369948216 0.0349564939610719 0.0413837418756071 0.0490993114004259 0.0589984159841531 0.0644757042349678 0.0679472620011517 0.0699184073367085
-9999 -9999 -9999 -9999 -9999 -9999 -9999 -9999 -9999 -9999 -9999 -9999 -9999 -9999 -9999 -9999 -9999 -9999 -9999 -9999 0.147616132582956 0.148825533404447 0.138137174220167 0.120945653531316 0.0818249369761864 0.0442470752998476 0.0126269615436518 0.0013072001868434 0.00348344866564039 0.0322085926553002 0.0550956355773954 0.051582376470008 0.0513503472884191 0.0537518937440519 0.052919187355052 0.051993846801735 0.0526750903552279 0.0534316975220462 0.0542610525499282 0.0507747710727871 0.0465574652235242 0.0433592136267174 0.0413397006133033 0.0406878039444057 0.0419136946114225 0.0433750783743768 0.0421848621144125 0.0390955429544013 0.0333510565870128 0.03408210371146 0.0370889961003158 0.0390495315938213 0.0445909740964218 0.0562015812661639 0.0622676697233617 0.0658300437424462 0.0690807225099686
-9999 -9999 -9999 -9999 -9999 -9999 -9999 -9999 -9999 -9999 -9999 -9999 -9999 -9999 -9999 -9999 -9999 -9999 -9999 -9999 0.150681040488468 0.150681440309037 0.137678486121589 0.117568067068971 0.0717200875797334 0.0317419361691025 0.00905832090849377 0.000721055105583807 0.00192147956424674 0.0289478381037187 0.050418838990391 0.046607515372752 0.0483915532300168 0.0546665313733907 0.0535471749468895 0.0519168930291164 0.0526910218618479 0.0535186486554849 0.0543979165801056 0.0520041938730512 0.0490805083691107 0.0470739699107705 0.0453098647766469 0.0438270398019459 0.0443338124478388 0.0452773470714942 0.045116167842452 0.0429140542149806 0.0378584764139861 0.036075842776676 0.0355740877491181 0.0368746423512367 0.0409255547757795 0.0496379606363313 0.0571418121081373 0.064077586694728 0.0678352834007454
-9999 -9999 -9999 -9999 -9999 -9999 -9999 -9999 -9999 -9999 -9999 -9999 -9999 -9999 -9999 -9999 -9999 -9999 -9999 -9999 0.158914411622259 0.153850147051337 0.137884100973614 0.115959282337704 0.0608346402692419 0.0169858504695353 0.00484731881625136 0.000400906023584882 0.00106834099854 0.0253120440051796 0.0447132362707738 0.0417725618368762 0.0459957119650587 0.0559686797721817 0.0544595454381682 0.0520485226385147 0.0529109316179307 0.0536609168058362 0.0543023802548784 0.0526169019444916 0.0507337351047707 0.0505596113381105 0.0494863717288949 0.0473699444789106 0.0471876715449168 0.0475149152063324 0.0475414282195722 0.0462714665091598 0.0431888820223041 0.0387019313938142 0.034040616306701 0.0353042446063263 0.0380756460039674 0.0434025237625702 0.0517269444195663 0.0613682144984747 0.0660622761772828
-9999 -9999 -9999 -9999 -9999 -9999 -9999 -9999 -9999 -9999 -9999 -9999 -9999 -9999 -9999 -9999 -9999 -9999 -9999 0.160578314991212 0.159432885374368 0.155946650094542 0.145237863303291 0.130581323411363 0.0772262258392416 0.031558683073264 0.0090060252532843 0.00291276479982009 0.00776198378594107 0.0238338951033508 0.0374554926155247 0.0399738174039532 0.0465731371153707 0.05644793859669 0.0548081126835142 0.0523024696181058 0.0532433443853751 0.0540794937876929 0.0548145526774518 0.0534753387758331 0.0521479647514985 0.053454010111296 0.0533469133795567 0.0516002366351339 0.0524175294288313 0.0535678552113036 0.051202203694245 0.0493904516618175 0.0483531156695841 0.0427938222986564 0.0360246780621354 0.0367588524307128 0.0386842798205634 0.0426287238249123 0.0476824238032511 0.053258700730652 0.0619155445364622
-9999 -9999 -9999 -9999 -9999 -9999 -9999 -9999 -9999 -9999 -9999 -9999 -9999 -9999 -9999 -9999 -9999 -9999 0.165930584038758 0.164551990979859 0.162365660802299 0.158528635030911 0.14984445045501 0.138510871662991 0.0810512102032699 0.0321286268003529 0.00916867233165565 0.00362783291408319 0.0096675091167527 0.0247013171141549 0.0374724422675812 0.0403812356685507 0.0472276582999731 0.057234494753115 0.0559675613685678 0.0536921885066734 0.0541095709956853 0.0547464757519173 0.0555952835033945 0.0545233780891892 0.0535432228360063 0.0554783396474675 0.0561905294719642 0.0554838339226497 0.0562812717130068 0.0570773327137724 0.054019496312226 0.0520773326677349 0.0516950095767096 0.047385255057816 0.0418543681144894 0.0397994829185602 0.0394305779453875 0.041919186884602 0.0438637948150252 0.0456185683796114 0.0551152982754907
-9999 -9999 -9999 -9999 -9999 -9999 -9999 -9999 -9999 -9999 -9999 -9999 -9999 -9999 -9999 -9999 -9999 -9999 0.16597053754877 0.168386023695543 0.167938860251537 0.161641571863416 0.15144656330956 0.139121111401234 0.0711326114754532 0.0173841777455238 0.00496099103439482 0.00237782380844292 0.00633646418965877 0.0281339950925205 0.0454454295385552 0.0432014447785435 0.0479664962967315 0.0583571295632567 0.0580138382629037 0.0563240551604607 0.0555596081992305 0.0556851281908901 0.0566697257849028 0.0557787779627538 0.0549177324908089 0.0565511096761345 0.057921975242499 0.0589882650651194 0.0586509486607923 0.057805128226721 0.0559143058707474 0.0542916388582572 0.053043884271251 0.0525230165235319 0.0518898661791126 0.0445746821974079 0.0403274339520052 0.0412799317833745 0.0402922143572263 0.0384917794853718 0.0454130104784082
-9999 -9999 -9999 -9999 -9999 -9999 -9999 -9999 -9999 -9999 -9999 -9999 -9999 -9999 -9999 -9999 -9999 -9999 0.172974908510287 0.172921600945603 0.170477448307997 0.163147352785982 0.150643315836284 0.135311269521538 0.0692716225336688 0.0171075128768415 0.00488203809493709 0.00822328759785523 0.0219135527199536 0.0391518059895695 0.0514345433890097 0.0467263670684174 0.0496119247054786 0.0585923532289659 0.0601971162967217 0.0602886071618883 0.0585220096618448 0.0580472957394421 0.0588196261514334 0.0586248727435043 0.058376212519287 0.0590045864035522 0.0599320929990619 0.0612066644916076 0.0606699989883258 0.0597118602048336 0.0595421198753858 0.0590460359833911 0.0580936857534368 0.0568899818076852 0.0553676941829267 0.0497759933836504 0.0455868501142518 0.0437748567072619 0.0419024039735614 0.0400495955272329 0.0447304902219713
-9999 -9999 -9999 -9999 -9999 -9999 -9999 -9999 -9999 -9999 -9999 -9999 -9999 -9999 -9999 -9999 -9999 -9999 0.184447667057772 0.179376933645526 0.173545220162113 0.166158364019728 0.150582356900234 0.130530265932719 0.0693633799837182 0.0205745293384634 0.00703033744190795 0.0164831818597232 0.0412248361554343 0.0513176553335128 0.0565375536741277 0.0502255504792942 0.0510536854137405 0.057612626859435 0.0619983132646278 0.0648056691104842 0.0622628438093432 0.0611634801342485 0.0614574778067482 0.0617447570542118 0.0619271824612827 0.0614990602808493 0.0617718553020948 0.0628578805294898 0.0624846184247386 0.0619122222753445 0.0632536589730101 0.0638696328210015 0.0634713250476136 0.0607329006013499 0.0572162823243396 0.054867635346916 0.0517560366713955 0.0473513355843727 0.0450413991766098 0.0437050474679621 0.046338181272718
