layers/veg50/veg3600.asc
NCOLS 255 
NROWS 330 
XLLCORNER -2985163.8955 
YLLCORNER -3022031.214 
CELLSIZE 25000 
NODATA_value -9999 
[rows 175 to 199 of 330, columns 114 to 170 of 255]
0.348451563037163 0.356043343420555 0.360878599971612 0.364184638325838 0.375179363888551 0.384720538111508 0.389709027105968 0.397812931745539 0.408017543842583 0.412833530303692 0.418028327089356 0.426106545805175 0.438751857071109 0.455113573941019 0.469041119429471 0.481846364800813 0.491371074859667 0.49638311771266 0.496979456738763 0.486845834964706 0.478610657527488 0.495853787146002 0.510127864567254 0.520909676182659 0.528198260032649 0.535442526482296 0.551726043004626 0.556482860250775 0.544896752098552 0.539513772866205 0.537388163196127 0.554057585737569 0.555547898235168 0.530933325262882 0.520968458171708 0.517657768884573 0.498152031699655 0.493587467642186 0.520517905027606 0.494149775927204 0.437773145859748 0.448918370874513 0.442469495784653 0.382022842226715 0.367515250643904 0.384424505702428 0.426446893292129 0.460542535749597 0.459962089553094 0.524260013989947 0.642081987710296 0.685838256944926 0.709302427484386 0.693611927040997 0.618450695446472 0.48429963339059 0.484786891718853
0.343704306886756 0.350206415843478 0.355039868853942 0.358947612821976 0.37160938961615 0.383077506778321 0.39055279603076 0.398577796504962 0.406973464201313 0.414552503418216 0.422115153540805 0.429872285704584 0.43939397164327 0.45035153773232 0.4588235270886 0.467343706755632 0.477692204508672 0.485636174530539 0.491227282748059 0.482825507992473 0.474645680146886 0.486016098958414 0.49981471186934 0.516469421157118 0.528470126831839 0.539054885854996 0.548840939898912 0.547104120866024 0.529029801343444 0.51795856399703 0.510252578518854 0.517789626486902 0.520218882113838 0.513863806269196 0.498927940820423 0.480043548644639 0.45703167129483 0.447997127440208 0.468425875044942 0.462897266671731 0.442753981144425 0.443665912988423 0.433313763742861 0.390955251449904 0.400175792001625 0.444670261176529 0.453358856318411 0.463876315640791 0.492106352098241 0.538541254579599 0.599995001349907 0.670871153927934 0.726763017477696 0.709736886811889 -9999 -9999 -9999
0.339408972808015 0.345031443154562 0.350268999896599 0.35529302070569 0.370024728809604 0.383342194118626 0.391998140603981 0.399591990806041 0.406469675386226 0.416212539438541 0.42555454323282 0.432708046928889 0.439537551103373 0.446103405346421 0.449696306438917 0.453887024134992 0.462606821158934 0.472428500805969 0.48332838699774 0.47836753815946 0.472124081942411 0.47873128518044 0.491807551454369 0.512492874806173 0.527514068617885 0.540064836892191 0.54457251746464 0.538769229662385 0.518346718880919 0.503662514739341 0.491538549344097 0.488129176791775 0.489256031133241 0.498184244262259 0.479372362462056 0.447873375098889 0.423797084037633 0.410640308450113 0.420501146852301 0.43232513597406 0.445254430813232 0.438515862992469 0.427800586348601 0.40891954563486 0.440373647807067 0.50625099235139 0.479462001234632 0.46554093257122 0.524706410830773 0.554064383814174 0.558831443588071 0.647661485409896 0.73076287124724 -9999 -9999 -9999 -9999
0.338846213628849 0.34360367606423 0.349639509489328 0.356384536195051 0.374427649188286 0.388829161937346 0.392654340469207 0.398488089939398 0.405676207631894 0.413138814367541 0.420508771248321 0.427490814490675 0.435003485236996 0.442947946451265 0.447097008029865 0.449384808270479 0.446074707973001 0.453993359669151 0.472899491914509 0.471035237567834 0.467246596685686 0.4788013777234 0.492065396053826 0.507339857635104 0.520137163620731 0.531612782344189 0.537287475432359 0.536598149956265 0.526885714035662 0.513837946035017 0.499911228123612 0.492579674080358 0.489480403534511 0.49365977288631 0.474350921781455 0.444308370257833 0.422896967669039 0.406559826241405 0.400918890608932 0.413811468522443 0.43713890417862 0.431657312914905 0.425184152326754 0.419439168289458 0.449333072357406 0.503599730981738 0.469718527368106 0.454296184876854 0.529224037686531 0.567914265489484 0.576708791414567 0.65659642790682 -9999 -9999 -9999 -9999 -9999
0.336044180324868 0.340310226766128 0.350218477060046 0.363256814857832 0.377901750949477 0.388824050037853 0.389970293000334 0.394806119726946 0.402129812283095 0.408339241171798 0.414649461532414 0.421629722736362 0.429418682454202 0.437865708908367 0.441342966037033 0.442453467320018 0.436539298808455 0.444643258905132 0.466464141016537 0.465578600218934 0.462408587633972 0.474915643635953 0.487348918175634 0.499695409304054 0.511081476174682 0.521777218448527 0.528540331404726 0.531152801765403 0.527880357401699 0.513242078921996 0.495327279658479 0.494501967591857 0.494148507982415 0.494606535628668 0.47673254669305 0.45043373695721 0.418206951663195 0.392274430892081 0.379609802042152 0.397098238529498 0.431563647382018 0.425335399260837 0.420676799355152 0.424844634916653 0.445298236258687 0.476889361615485 0.482101189097291 0.499907246081902 0.568432055281121 0.595235904003458 0.587620350343774 -9999 -9999 -9999 -9999 -9999 -9999
0.331231929653869 0.335341937066027 0.351882288682567 0.37531853879533 0.380542043533401 0.383888646706756 0.384287674196793 0.3888097925026 0.396112088033915 0.401990357940834 0.408059831371019 0.415190632440115 0.422890623294646 0.431053784116746 0.432756881164627 0.43334147801556 0.433284896412935 0.443448884023468 0.463613832158834 0.461805763340649 0.457606016741444 0.46747872691069 0.478166944392812 0.489814379872449 0.500518729991691 0.51069966524603 0.518480644713898 0.522768112071254 0.522102365465756 0.502976716285168 0.479112045493878 0.494154668879817 0.502805792332645 0.500464876512241 0.485759972963968 0.465258241000938 0.410114707236266 0.368827989381941 0.356750519915781 0.382001278115849 0.428268814624923 0.419495229153184 0.414471950721766 0.425659075751166 0.429598330600683 0.428580905532772 0.514346690103968 0.596558299755397 0.638781961740048 0.634651264880941 0.592278655300578 -9999 -9999 -9999 -9999 -9999 -9999
0.326654427114111 0.328326644129408 0.340946972330778 0.359640910580525 0.371250479337118 0.379475412981705 0.379701961475437 0.383620693437332 0.390029044194748 0.395877493328349 0.401940115957272 0.408876765230728 0.415819475113792 0.422767116730396 0.426377935806699 0.429924549043497 0.435366708500956 0.445572211880237 0.460438709528509 0.462483303753552 0.461952123120997 0.462471532309089 0.464488194293515 0.468265958608228 0.488505905696631 0.510348848897805 0.502787530814858 0.497453241597684 0.495276505617678 0.477638618602765 0.456262339714016 0.471890731038457 0.481908483559623 0.48227711416591 0.460644203591106 0.428981352509149 0.411913630340648 0.399209291280873 0.395702674256241 0.412137772946776 0.439800584402952 0.434199881061812 0.428138182930737 0.424712677603274 0.420288742443592 0.415182000200517 0.499863507973423 0.584765946259639 0.641352031350461 -9999 -9999 -9999 -9999 -9999 -9999 -9999 -9999
0.321898901850739 0.322392237367849 0.329952338543598 0.34143282180027 0.359254789855788 0.372586192517166 0.373666217504249 0.377417549845878 0.382970129892515 0.389251022060896 0.395765109014291 0.402823981360465 0.409257952108569 0.415183418206174 0.420923824205959 0.427308551330898 0.43660768597087 0.44645834446873 0.456848676268165 0.462254108034525 0.464843941995667 0.456833899545216 0.451551391051847 0.449477069191703 0.477688070468033 0.508761148079186 0.484916682575462 0.469948864809063 0.467566644036463 0.453455522482302 0.436597569984692 0.449517643228524 0.458611805861425 0.461126204725049 0.43009493627264 0.383937294630601 0.404435593113469 0.420416506787951 0.4268750730641 0.435892355251856 0.446350262093716 0.446888065223679 0.441654048765401 0.422414370360404 0.413713674629746 0.412220387762043 0.487363852136072 0.556560391488009 0.581038375478103 -9999 -9999 -9999 -9999 -9999 -9999 -9999 -9999
0.316008132017973 0.323936268027663 0.330521938223352 0.3363628576836 0.344614291423279 0.352491475996728 0.359151589630047 0.365247095554612 0.370961889638629 0.379764966899749 0.388863517475385 0.397993832936543 0.405824839998447 0.412598553615277 0.41813930896745 0.423440198554557 0.428504282096248 0.437866387306916 0.451434162881907 0.453176631869251 0.451649975266225 0.445670236748079 0.446660424597249 0.455848796211699 0.474372239358515 0.490717387070558 0.461170577389891 0.447150717286331 0.455145466267555 0.449402118145924 0.439536579722849 0.447230328526817 0.450836396513988 0.447412510883871 0.40381003941878 0.342015216894844 0.340004782124148 0.343809407753257 0.359871794812486 0.384265878425346 0.413350927303724 0.429868241561231 0.435678574348943 0.414833107454343 0.415159808659215 0.429965751051159 0.529069160219483 0.608985632458406 0.597359371276189 -9999 -9999 -9999 -9999 -9999 -9999 -9999 -9999
0.313361491750864 0.323105102255517 0.328348223288071 0.331094638028937 0.334166072039085 0.338587646108202 0.346460292204806 0.354648446450654 0.363049346088294 0.372311841216619 0.381464488379034 0.389994171653747 0.397557466631038 0.404334377088036 0.409913471400144 0.414743657533212 0.417106884001649 0.426250295339456 0.442028206167011 0.441969218160398 0.43865131151007 0.436160981649039 0.441984177212278 0.457585927895568 0.468145015930325 0.473485971498473 0.443096972638087 0.432825172111037 0.451076183163305 0.452749851209537 0.448839115527237 0.454434772483452 0.454103840074961 0.443580417056292 0.393934114777066 0.326516610587548 0.302124898955628 0.292361925109684 0.313435359740301 0.342238966276321 0.375394863809897 0.410832312842593 0.434386110398114 0.426477887319891 0.432383758183946 0.447736823923433 0.548753475963079 0.631869013683598 0.627306366264113 -9999 -9999 -9999 -9999 -9999 -9999 -9999 -9999
0.314214813318439 0.31971143190595 0.323214855768378 0.32561252839163 0.328240735102245 0.331362916574957 0.335736113186593 0.345745555193541 0.359555486150547 0.36705196196267 0.373528793767028 0.378575049521407 0.384074601848452 0.389943017714922 0.395817208470477 0.400838177027117 0.402155727088152 0.411371585098436 0.42831604064238 0.428463899894433 0.425863352332408 0.428436600947015 0.43753958165676 0.45432297975298 0.458776807595421 0.45713096297701 0.431143202074044 0.427640379256622 0.456017425681423 0.464082375850976 0.465007005478272 0.471879495804987 0.469284976644574 0.450409186863554 0.401761174965834 0.339525232388085 0.292889751506687 0.268058147845967 0.289187670441407 0.310568641101035 0.332091183663526 0.389621288891603 0.438145959423513 0.458864876943346 0.466629762762438 0.46553563383827 0.544680222475412 0.613463300035369 0.621576310101221 -9999 -9999 -9999 -9999 -9999 -9999 -9999 -9999
0.301060687356283 0.312627271450492 0.319753359909146 0.324416024453528 0.328644751402721 0.33271106324093 0.336403354052129 0.347204230236216 0.362798386035605 0.363943065527656 0.365433956088552 0.372456541917323 0.378449676482221 0.383605109948643 0.389158845822052 0.394371399085278 0.397845055567641 0.405359944215344 0.416829231342656 0.417720120206798 0.416907885812895 0.419522810190277 0.422190578629144 0.424920503438699 0.431490178570108 0.437903990698158 0.432445774555925 0.434753772489739 0.448072958815956 0.458661218199051 0.467819768506043 0.468787027776325 0.463140767589534 0.446120641116707 0.410662933443122 0.366813093140856 0.338690408206239 0.322505955879898 0.331486505659884 0.332592365417065 0.329264566658732 0.381163365266337 0.428460130627948 0.457289005166812 0.482115695973157 0.504205369802033 0.572456903091515 0.628602244993049 0.629261610004168 -9999 -9999 -9999 -9999 -9999 -9999 -9999 -9999
0.285342710709083 0.304852616732418 0.316380258990418 0.323479634436915 0.329435993230487 0.334766254130108 0.338599511587971 0.34919866189418 0.364360016150698 0.359676577908162 0.356966496064142 0.366775520260164 0.373677922359324 0.378215102705065 0.383304567149673 0.388645209801655 0.394715171473197 0.400316069884843 0.405457983767543 0.406618476634191 0.407214286640839 0.409563127114927 0.405217439648407 0.392997498224734 0.402878007020834 0.419032615833105 0.43472314839615 0.441472466456609 0.435544642684401 0.446793476446427 0.463185057629506 0.457407954320863 0.448703810748228 0.434965771865755 0.4159573943398 0.394603080303437 0.391883243127225 0.387807679807851 0.380874335745907 0.361174682637211 0.334287260276276 0.372533308290752 0.410666497251569 0.440971653784373 0.481850581944961 0.52996071046899 0.594237410653855 0.639134844446888 0.613893168715274 -9999 -9999 -9999 -9999 -9999 -9999 -9999 -9999
0.276853229141473 0.298869271597583 0.310503434237599 0.316378111200095 0.321145158482148 0.325896734942428 0.330723747344137 0.335584973261152 0.340469269161417 0.342602334005439 0.345991002895768 0.354342157350787 0.360439042896422 0.364701549673558 0.369409511095435 0.374397927102186 0.380312207091915 0.385755633990234 0.390738324986083 0.387581761598503 0.384687359113895 0.393972169105677 0.396674714458636 0.391635052468658 0.398248115654622 0.408288614945282 0.419213871586308 0.421894511879475 0.412885669634506 0.418083505520912 0.427716285907037 0.422486189491495 0.412172378455685 0.393115644577866 0.392012667584345 0.399102489133828 0.396456420940773 0.38562251132528 0.357529175343851 0.337395879004961 0.321744295272253 0.338422261423395 0.357231200247134 0.377896144629676 0.398386327478657 0.418756994254329 0.510407733398635 0.588503159820419 0.598130541844274 -9999 -9999 -9999 -9999 -9999 -9999 -9999 -9999
0.267479392940736 0.285338965003895 0.298629174619244 0.309384469745142 0.312790131559153 0.316154742740589 0.320178919448175 0.322299376340532 0.323136165540244 0.326481343956362 0.331298137478068 0.34018777252582 0.346236748093982 0.349974178035886 0.355363063313515 0.360962336598436 0.366397945446104 0.37141369454565 0.376018605395452 0.372195772934412 0.368930180000999 0.380009607713596 0.386460008248461 0.387465643163493 0.389690157436987 0.392641932359401 0.399176074001176 0.39954576492607 0.391175299126642 0.391337629984829 0.394353343407164 0.392072785146031 0.383223102327169 0.363075903137346 0.371964500054674 0.394042077062953 0.384118147091322 0.367352266952783 0.336164009900409 0.320034585242066 0.312383681044104 0.313518384798791 0.316493452167935 0.323284104235282 0.334663154923932 0.349180123750588 0.444005491475976 0.519158663867172 0.502434714729791 -9999 -9999 -9999 -9999 -9999 -9999 -9999 -9999
0.256957447847168 0.262010854180795 0.278968775769685 0.302530885263371 0.304351767472749 0.305280066897156 0.306168993276306 0.309439722812491 0.314316488982044 0.311597910861814 0.311779212493835 0.323799079775018 0.330783704239772 0.33367097258244 0.341120071993131 0.348580521348679 0.353118139634554 0.357355417003123 0.361298806859624 0.361549321165943 0.361961792245376 0.368161103926005 0.374074661204549 0.37965210774439 0.376032606460051 0.37063036825947 0.373259147412004 0.373599850899389 0.37069644703172 0.36714163127248 0.363724282957182 0.367512336809119 0.364117321774588 0.348368934897967 0.356975020669984 0.376570676255816 0.34982466735767 0.328199654829507 0.317369362815315 0.311004790941979 0.307154537482838 0.300567669991324 0.292240232231769 0.279659719000821 0.296568741294371 0.333645093421494 0.400228328605347 0.459326845762212 0.483807907607734 -9999 -9999 -9999 -9999 -9999 -9999 -9999 -9999
0.247510384308519 0.251162597091589 0.263714676619961 0.281204075396813 0.290650465240397 0.297310053353481 0.297614209041319 0.299941707361832 0.303633534376062 0.300348515262444 0.299113629042113 0.306737006593075 0.314229903048241 0.321616622396131 0.327943310379627 0.333459969918513 0.336154879089331 0.339085472927227 0.342246687291495 0.344894160749853 0.347374672409958 0.349510406447007 0.352871153218671 0.357672787452255 0.355671600264901 0.352357991594391 0.355043820349665 0.358370955997877 0.362607357209251 0.35782246351058 0.35022656753204 0.352168276906512 0.351153252093627 0.345053264650987 0.347115637310303 0.352776133868543 0.320198543708493 0.296044503079525 0.289646745867706 0.286091654526654 0.28413705916807 0.256395793410939 0.225754972891114 0.190483796219181 0.23858253587734 0.343696368208954 0.400072989686643 0.43991335165634 0.440140230957042 -9999 -9999 -9999 -9999 -9999 -9999 -9999 -9999
0.237426963453258 0.243531891048383 0.249703491149821 0.255912078709408 0.274928794021876 0.289275232647106 0.290232877146278 0.291180521836367 0.292121423710758 0.290169512714709 0.288762959472917 0.290028119749223 0.297571893547153 0.310224798421562 0.314515089243781 0.3171381787334 0.317980383952842 0.319603034048031 0.321989359652028 0.326377052904073 0.33033891274842 0.329113253977797 0.329570573118758 0.332007448637353 0.333605384929075 0.335164324216483 0.338625807251416 0.345449445052209 0.357040054142848 0.352698298993804 0.34287767617808 0.340054724626066 0.339822351054401 0.344045228237392 0.338446315004482 0.328256575900578 0.29431368685277 0.268680848571382 0.260565045843119 0.256827546503255 0.255555147636586 0.205017666854452 0.152428239109064 0.100148621446089 0.185263960536132 0.364341085087523 0.414696193111037 0.443896117566553 -9999 -9999 -9999 -9999 -9999 -9999 -9999 -9999 -9999
0.214440349824205 0.2245078503407 0.233064562436067 0.240783144594718 0.255352758233513 0.267969193455383 0.274830575415045 0.277655479652261 0.277758609391499 0.278414739409436 0.279307421209065 0.280809231388504 0.284262622611914 0.28930408472481 0.293243998498815 0.296854599112659 0.299754926967963 0.30231274411712 0.304535410064805 0.309263364532936 0.313936909633243 0.315021146694368 0.316622926823859 0.318833452721571 0.317960137132577 0.316053616400147 0.312719077936812 0.316796946490583 0.331384364395857 0.33868388940746 0.342493667416155 0.33067722201838 0.323533281454911 0.324425069152502 0.323363248737274 0.3213236346461 0.29729043474308 0.273917785176664 0.251937531885094 0.238723738561715 0.230445693791781 0.193146869535403 0.170471309438062 0.18954208954404 0.277954872260276 0.413789325514519 0.435591354634253 -9999 -9999 -9999 -9999 -9999 -9999 -9999 -9999 -9999 -9999
0.1999332738773 0.210636266218919 0.219667637775416 0.227771655505756 0.238494461878271 0.249724033569301 0.261988878836941 0.266562152879038 0.265949043184975 0.267534850426245 0.269272950163554 0.27084278625236 0.270788276417803 0.269411978547174 0.272544300042006 0.276734322742999 0.282573264868258 0.287009887448985 0.29007432203161 0.293446265341205 0.296729591972914 0.299075159361659 0.300484362166998 0.300792191941759 0.298555898831962 0.295246429231373 0.288669251372171 0.291516231808975 0.307725087339748 0.324124527160009 0.338837350666365 0.319927177783258 0.307899125230633 0.307706876127506 0.313105567718345 0.320960749038919 0.300459681295804 0.278231180915087 0.252361367168298 0.230467602987373 0.21081245975086 0.191429484404719 0.19862543251846 0.27556765005404 0.358654136253162 0.445942570381263 -9999 -9999 -9999 -9999 -9999 -9999 -9999 -9999 -9999 -9999 -9999
0.198733956500397 0.204850930529285 0.211358703620722 0.218083277681099 0.225901376857405 0.236282607605783 0.253165787570621 0.259285152279719 0.25814653617522 0.258028002022786 0.258329903913195 0.259703127969741 0.257054861654945 0.251134165629478 0.252741342764327 0.256870333958881 0.267029731030866 0.274826102011666 0.280310221085139 0.279664028946339 0.278258416312122 0.280219698772466 0.27933798071996 0.275112261680811 0.273252313188264 0.271776792942431 0.267533641880532 0.271527183667155 0.287198973799413 0.308709917997224 0.330045484515001 0.307023071228953 0.293292787905011 0.295543019099473 0.310420830449232 0.33090888717184 0.303931034616668 0.281095174652317 0.266990360203043 0.237666372061319 0.199773587072326 0.205646830992833 0.242647808556498 0.356307627464279 0.420533747707669 0.450953106056487 -9999 -9999 -9999 -9999 -9999 -9999 -9999 -9999 -9999 -9999 -9999
0.19144898008211 0.196599636358024 0.201802449800065 0.207034198122552 0.214066835404399 0.224546729982015 0.243736964690203 0.250547847779685 0.249011402863381 0.248991580666307 0.248431899557056 0.245637071376707 0.242520118982759 0.239141042662164 0.240293691160882 0.243441727099486 0.25228952977291 0.260003506268342 0.266608019033172 0.266587288174576 0.265380936132379 0.265599195788361 0.261691301784108 0.252930133273397 0.25589440218466 0.26155712684207 0.26100870432145 0.266920701143736 0.281992488538637 0.305386429622599 0.329534892391226 0.309690318442856 0.297100721080849 0.296988161722167 0.317078500120982 0.346227100972619 0.321448448600964 0.298603483480035 0.279834602762396 0.238960127661429 0.18563961893954 0.240407111748389 0.30761599740837 0.394988502701258 0.430473427493051 -9999 -9999 -9999 -9999 -9999 -9999 -9999 -9999 -9999 -9999 -9999 -9999
0.181870799196748 0.187502884445917 0.19188060604926 0.195562452764768 0.202664561231663 0.213541554335033 0.233805874880429 0.2410020093466 0.239386338558035 0.240151806773619 0.238957607474473 0.230599956610194 0.227928162554494 0.229883152360721 0.23101256550603 0.232806791909867 0.238021580065228 0.244166238413714 0.251220786896565 0.253697255676116 0.254711077773361 0.25280536870988 0.245880081442198 0.233050653675239 0.242484131251959 0.257138525949524 0.260921710966327 0.269137381856453 0.283637573945703 0.307422902772986 0.332594695299253 0.319108114618055 0.309029468643647 0.304811755553488 0.328118430016963 0.36383718743709 0.345082959844293 0.322769774855034 0.292954543849668 0.239533245663563 0.172821108032273 0.283961631601288 0.374049967517932 0.388303834623612 -9999 -9999 -9999 -9999 -9999 -9999 -9999 -9999 -9999 -9999 -9999 -9999 -9999
0.181022010219354 0.185176980678615 0.18777906091053 0.189519654669706 0.195826859868653 0.20348752110099 0.214166017308889 0.223581355794298 0.232144954046663 0.231385384035567 0.229139214123648 0.224843328717788 0.223933353850571 0.225778614784311 0.226424650692949 0.227172944625364 0.229145937918742 0.231330007645314 0.233720618419851 0.236740348166636 0.239870022053189 0.242848399107765 0.244994606661906 0.246161997779702 0.254485539280572 0.264912332729203 0.275867340092027 0.288921734890135 0.304952708795156 0.323143251155364 0.341140483881322 0.340273534099552 0.340169835441151 0.341378768623665 0.359026767528349 0.384101958658213 0.380387458618536 0.369925076545735 0.345238606942665 0.306653914682687 0.260244155905188 0.338706210121008 0.398620242517208 0.395400469803608 -9999 -9999 -9999 -9999 -9999 -9999 -9999 -9999 -9999 -9999 -9999 -9999 -9999
0.17742558780599 0.181181452698284 0.183743483250928 0.185643218352042 0.190893943089959 0.196046727278091 0.200597678734205 0.208629528205618 0.219008527865776 0.220325080452824 0.220375260877081 0.21902009603393 0.219294712882335 0.220895541044677 0.221004833288225 0.220866268957988 0.220624713699408 0.220045413110709 0.219135624303252 0.222592679249572 0.227142748322602 0.23264425154837 0.240551867428023 0.251289606992916 0.25912523311322 0.266958859702499 0.282631660394041 0.298171733807389 0.313523622211838 0.328374382403113 0.342623398667912 0.348872776649107 0.355203599621723 0.361674490896565 0.375004139566278 0.391444952793862 0.399177726672565 0.398042503073256 0.378214129278634 0.353636374007742 0.326384591497085 0.378521668462878 0.418809557084789 -9999 -9999 -9999 -9999 -9999 -9999 -9999 -9999 -9999 -9999 -9999 -9999 -9999 -9999
