layers/veg50/veg3000.asc
NCOLS 255 
NROWS 330 
XLLCORNER -2985163.8955 
YLLCORNER -3022031.214 
CELLSIZE 25000 
NODATA_value -9999 
[rows 175 to 199 of 330, columns 114 to 170 of 255]
0.287050672208826 0.290385250117614 0.29929364102831 0.311294178710334 0.323275115484239 0.332251765941541 0.33347591900297 0.340290678978816 0.35087515413066 0.355193543762321 0.357146301078365 0.353231240132966 0.35724886393388 0.367721595382004 0.373581683068028 0.379398425900048 0.388032371310804 0.390979421338023 0.388361769923137 0.381480588045986 0.376198290746913 0.386164350188704 0.39410814170852 0.399673296328422 0.409338658983191 0.419564753836744 0.423995383212967 0.424754709174466 0.420308742937041 0.416269609674394 0.413079312811368 0.423280548743399 0.424673357461462 0.410917518931679 0.406795703637577 0.407041959641504 0.394531278336925 0.393356706056731 0.416077899325486 0.399697996907915 0.361303144650594 0.364703171011143 0.358442360971065 0.32198595017917 0.316889805784485 0.333240348319673 0.374590791804342 0.410551235649863 0.420368617912623 0.465449378493383 0.539622096541165 0.576886948875059 0.599901363173188 0.585050893126681 0.540708664241669 0.467113156975574 0.472113179913943
0.281215640218115 0.285716895740668 0.297708415064629 0.31385525768738 0.319548015626076 0.324620746667299 0.3291819674629 0.335067686744361 0.341846507994744 0.345614223819981 0.348192112621081 0.347775974023406 0.355257235968602 0.369164893550039 0.373337954478491 0.37675586897392 0.383241510226753 0.387087716079356 0.388351199903958 0.381998492626605 0.376368286615919 0.385030137115722 0.3942551840119 0.404142675144945 0.419231315144632 0.43434287801842 0.435588150059122 0.430738679624306 0.41724788705441 0.408906196057141 0.402998882115321 0.407534186855443 0.409366556901626 0.406550446212504 0.399268859236179 0.389911683970959 0.372861625001169 0.366726773388526 0.383600454541711 0.381104385270733 0.367702634803063 0.368545745648721 0.360382199082577 0.326926230938924 0.339986171353276 0.38485745276411 0.398654159742126 0.413358973443299 0.441161355611876 0.475862864584705 0.516256088677365 0.563195689064687 0.600581927545763 0.591108704224168 -9999 -9999 -9999
0.276153909428363 0.281768273873495 0.296222214984957 0.315580028623062 0.31643599695541 0.318457731561743 0.325415610357901 0.330172865247001 0.3334462516642 0.336774607281582 0.340077466177626 0.343279828310399 0.353179267709402 0.368528357013538 0.37189802390112 0.373772032517763 0.37696534525785 0.381572400152087 0.387562820217193 0.383264011529149 0.378804767744717 0.386757388006794 0.396796073104764 0.409288434464099 0.427389402484326 0.445150959725064 0.444513845337104 0.436208927533341 0.417032351140132 0.405978070009114 0.398189907785643 0.395888393098465 0.396758026846266 0.403081370756523 0.393374594741832 0.37631258245354 0.35719334856276 0.346724969900287 0.354492019980499 0.363650183366358 0.373591580293571 0.372949469326428 0.365708135023858 0.342365665884807 0.371832909478749 0.437415706476975 0.420081612981763 0.41207175342955 0.462124465394518 0.488021559789948 0.493990495499462 0.545442438662981 0.593171133617791 -9999 -9999 -9999 -9999
0.273738507502387 0.279940055215134 0.294385470033721 0.313404279590501 0.318165738470375 0.322199503752844 0.325839994871332 0.329024605348989 0.331901818043814 0.334515280017205 0.337336773778881 0.340922053810196 0.34704550079604 0.355234344484517 0.362210488305677 0.367477818359665 0.366125639631655 0.372705522076714 0.387047030025988 0.385961429754853 0.383773831960125 0.394968707687604 0.404852444615888 0.413193990672834 0.426403149031334 0.439879000076874 0.442698703316569 0.439970218907244 0.429375335395146 0.419265019826868 0.409622895879291 0.405540268825158 0.404044243898003 0.406996632091635 0.396428425150104 0.379669363329444 0.36462469786619 0.352724136343142 0.347451137280466 0.35805788280852 0.377605344050462 0.374792141898533 0.37120705055449 0.368181202876144 0.39346983066302 0.438122187163 0.405083944702245 0.390928867829487 0.465161051036438 0.502132017372411 0.508362828111138 0.552432104068972 -9999 -9999 -9999 -9999 -9999
0.271993280165365 0.280503691770885 0.292352092175527 0.306052286187958 0.314918890908363 0.321541597010922 0.322875902644926 0.325162755015386 0.328091904357039 0.33060192452095 0.333277748440679 0.336625850218304 0.340688576251304 0.345332817451398 0.351917065084317 0.357693364038812 0.358702397775996 0.368424589581601 0.38667272040993 0.387756322337432 0.386982502421092 0.397267540568069 0.406075558373326 0.41314627171533 0.423125174522929 0.433480899797447 0.439528297565019 0.441214647061807 0.436717761892676 0.425396313220987 0.412300060523344 0.413151198916066 0.413827122718966 0.414201714178485 0.404206460696653 0.389441699161083 0.370294787244545 0.35351171538727 0.341711461508357 0.354151332866607 0.380239035106282 0.377000766892354 0.376210789330768 0.385239441912657 0.402118868407864 0.42436728916299 0.420655695901621 0.431761004414775 0.500893832025354 0.526889986165835 0.517298787939105 -9999 -9999 -9999 -9999 -9999 -9999
0.270849674837332 0.283214519167415 0.290142195114028 0.294053529705744 0.307204512694262 0.316934057259603 0.316869943094346 0.318864889117568 0.322248247983909 0.325203732380352 0.32803524326808 0.330589500664976 0.334131321009582 0.338476756440344 0.341079730863146 0.344775688415358 0.35434614746425 0.368260503410692 0.386425419232056 0.388741009192234 0.388610850911314 0.394258678639491 0.401164392607977 0.409549660593307 0.417789900546407 0.426071852519826 0.435141258861396 0.440199663517796 0.439571140829005 0.425103906784973 0.40711704040223 0.418929952983176 0.425851278207419 0.42436009918445 0.416225459468324 0.40497333879932 0.37438377708266 0.349620803583606 0.337139891389596 0.35175809705048 0.381633821965116 0.37953791080464 0.380770003294155 0.394436172506842 0.399108561474273 0.397630275992929 0.463669901445948 0.528228699209571 0.565978293986921 0.561206325555595 0.521354464972624 -9999 -9999 -9999 -9999 -9999 -9999
0.256360967181529 0.261330870520595 0.264918166255252 0.26773844206324 0.28887700393886 0.304529775498946 0.304114855522134 0.30749435640204 0.313432414180447 0.31802828838843 0.322132119576871 0.325027283021866 0.32939015748058 0.334947360579793 0.339642666912561 0.345652195820632 0.357921852382809 0.369991548001317 0.381865579223601 0.386161531092315 0.388563056546143 0.389327783479788 0.391797197758872 0.396271703538748 0.411277966732098 0.42746039498691 0.426256966574896 0.425120912606301 0.424080384293069 0.411600696407021 0.396379334453136 0.409000226095127 0.41762976577021 0.41939501724492 0.40700843151374 0.3881776845649 0.380684607099301 0.373795708446203 0.368180378636003 0.377435506608218 0.395063095158014 0.393853911126701 0.394038596750325 0.400060813425096 0.398895448592557 0.392814634113711 0.457152634935442 0.522735971306157 0.569702150580692 -9999 -9999 -9999 -9999 -9999 -9999 -9999 -9999
0.240566786271167 0.238161750016138 0.240195259428697 0.244691110984908 0.271606111367336 0.29160787890727 0.291430361579486 0.296350736400072 0.304708591567873 0.310597744667182 0.315813451114944 0.319566981086641 0.325016647197076 0.331846519594537 0.339151679379134 0.347487065619923 0.359979964980684 0.369143070548219 0.375047929379455 0.381001325792326 0.385763155627515 0.383231526650814 0.382449772599261 0.383726260693548 0.404828903528301 0.427882741794844 0.415718974409939 0.408314410086621 0.407657597112376 0.398646520412893 0.387722289882881 0.398838332429321 0.407548065157417 0.412119449719415 0.394007218978174 0.365658967488764 0.380366546381954 0.391277344701413 0.39418478152924 0.399226998703431 0.405471153609012 0.406714656003007 0.406631374778262 0.403643136917128 0.399875985881503 0.395576151009991 0.449224697420682 0.498473742851137 0.514234790527297 -9999 -9999 -9999 -9999 -9999 -9999 -9999 -9999
0.230640863137789 0.231560888632052 0.239725601161899 0.251909400018952 0.269758623774385 0.283372955657453 0.285466260838301 0.29115088594286 0.299257118115404 0.303531558108178 0.307983386049184 0.314183343057122 0.320820126395366 0.327812370851179 0.334663186257284 0.341248297614225 0.346773431259086 0.353264091364254 0.360699531727139 0.365947275899797 0.370410836407911 0.372962040715 0.377401593491547 0.384062264103442 0.399811119984612 0.41505627339672 0.400926200925354 0.395884875247172 0.403729867433869 0.400956537539024 0.394981645353889 0.402282250598164 0.406986866491054 0.407226925206137 0.381580203510787 0.344207132778357 0.343978449545151 0.347951692632963 0.360782317561849 0.374621724131967 0.389029101415977 0.401006925443707 0.407549467098708 0.400103685400779 0.404350575150723 0.416593859470158 0.480713664094176 0.532229656847281 0.524743662213795 -9999 -9999 -9999 -9999 -9999 -9999 -9999 -9999
0.225035794173577 0.226373607089074 0.234779960309802 0.247107680120215 0.256873743031306 0.267740735419122 0.281716218490758 0.290968866135768 0.297036932096885 0.29993803881488 0.30315093253432 0.3083514077758 0.314011276568365 0.320044970228491 0.32661401646567 0.332556449709007 0.335433043133282 0.340931207681142 0.348994613828879 0.353641219009718 0.35769946165092 0.362632528303962 0.369972310607758 0.38014292585524 0.392310693111875 0.402540983020575 0.389027399862738 0.387912569246981 0.404377089230473 0.408174347052632 0.407645178265159 0.413246748312071 0.414800933689237 0.409394466369957 0.379469491905486 0.338411901962008 0.325570704858656 0.321882295662115 0.337487355985846 0.354892767302157 0.37331182378876 0.39510807778939 0.410606353668905 0.409180001314167 0.41760245648915 0.43276032293415 0.496982273857365 0.549663937850478 0.54781583543563 -9999 -9999 -9999 -9999 -9999 -9999 -9999 -9999
0.224092322219984 0.222711380385625 0.225005360593946 0.229338052600685 0.232081059594761 0.24412786686954 0.280354835326111 0.296200383430971 0.298302853050004 0.300091041554242 0.301552482412666 0.302035822492173 0.304384089278845 0.308249913239901 0.314723374809998 0.321218071863482 0.326105964966609 0.332424064821246 0.340141640670407 0.344299862029401 0.347837296409024 0.352238255725952 0.359974149948891 0.37163266942838 0.382131841495321 0.390361410185508 0.380250790075945 0.384748989442873 0.409960043473754 0.420686977781327 0.426139062401926 0.432324898964225 0.431650740764017 0.419178830450409 0.388488628557344 0.349507955843443 0.326561244065164 0.314429983190785 0.325096975098716 0.340424674948992 0.358376476496867 0.389003041533482 0.415970699942817 0.431866964899212 0.440323807721543 0.443692971905322 0.496830248372102 0.542208695156284 0.545494873577689 -9999 -9999 -9999 -9999 -9999 -9999 -9999 -9999
0.221960566089759 0.222189490466149 0.224330668384019 0.227532694344732 0.229339678693648 0.240577701627464 0.276304034282711 0.291419068000903 0.292636017380581 0.293972475223309 0.295143160986751 0.295732787237224 0.296617728333645 0.297742977620972 0.302621424752636 0.308002950560661 0.313120656665983 0.319712705345961 0.327747417500125 0.333821360424584 0.339453968256287 0.344959381552849 0.350879885181772 0.357288627372271 0.367389078313025 0.377567037078532 0.378482427649836 0.387125768288054 0.40672604537441 0.417314696454575 0.424432222237562 0.428383559934523 0.427258893635459 0.417404565150788 0.396546824005493 0.370689951523024 0.356684704153383 0.348468440877214 0.352454971907859 0.35377523802072 0.353594326547783 0.382669496586482 0.410179190452909 0.430195991795207 0.447660892238155 0.463380596419974 0.505970557658572 0.54077499958521 0.540807741978431 -9999 -9999 -9999 -9999 -9999 -9999 -9999 -9999
0.220116203643875 0.22210213040284 0.225139770613594 0.228760862826272 0.231056817352552 0.240888940101717 0.270311130881697 0.282867205463584 0.284050551616268 0.285658368195933 0.28732371035725 0.289048997255465 0.289041131472876 0.287622937726751 0.290734223966809 0.294735042189493 0.299641990639798 0.306241942068967 0.314498519035023 0.322600158307554 0.330527604186729 0.337599620799309 0.341863582986473 0.342824648559058 0.352836485997221 0.365389396817021 0.377483937839965 0.388989192641732 0.39965893846385 0.408580202888008 0.41652215897044 0.417995811794549 0.416748918307735 0.41082325579843 0.402176937360081 0.392313569166137 0.390459169387427 0.387927427653191 0.383967894025734 0.370319032667447 0.351214823825132 0.37492353939341 0.39893201949084 0.418776777400443 0.444782747348828 0.475002252476752 0.510526499839093 0.535193329303405 0.521778476701033 -9999 -9999 -9999 -9999 -9999 -9999 -9999 -9999
0.222692247982352 0.219336553024581 0.219881968681027 0.222591577249257 0.22457934264638 0.232273805752646 0.254773345628524 0.264869820329847 0.266602977106449 0.272680928917163 0.277993585014886 0.279470278771091 0.279366893728764 0.277977742383883 0.280867060404767 0.284627850459102 0.289379995122328 0.295017018078056 0.301519906005495 0.307934830506102 0.314702170448611 0.323722367262512 0.331721160126917 0.338518554750471 0.348372193918863 0.359028122471766 0.369001422410582 0.376475726183344 0.380406872723138 0.389532926559017 0.400141396155725 0.40264865662499 0.400383770199572 0.389911792069087 0.391319961068787 0.398141883360038 0.396521374080702 0.38958397618368 0.371438929914118 0.358190834177944 0.347699850959156 0.356960412147547 0.367699952828303 0.380038283356097 0.394047666085027 0.4091998494824 0.462892886696275 0.508284791475103 0.513401326215901 -9999 -9999 -9999 -9999 -9999 -9999 -9999 -9999
0.220798848799188 0.215225558709887 0.21432465276941 0.216015813974935 0.217685449430469 0.22280890292229 0.236849450077136 0.246508617290683 0.253213444356663 0.260025736403895 0.266018251696678 0.269284349589938 0.270098005228935 0.268916021402089 0.271668610458468 0.275225610728153 0.279707232744054 0.282932806006726 0.284929319151872 0.290077509127377 0.296444449286711 0.306106602200253 0.316355993534963 0.327296107875494 0.337178799129712 0.346762608440212 0.356381020266189 0.362901314476148 0.365028997769418 0.373424156650499 0.383819602791744 0.388495517873567 0.387712505680484 0.377541283579954 0.384602794735409 0.399483283041555 0.393053196496222 0.381637227632576 0.359711349709594 0.348595671848994 0.343566422206166 0.34283725480261 0.343158170942689 0.345738632846487 0.354144982153022 0.366535544528178 0.424574825471327 0.470519488220058 0.461182993674518 -9999 -9999 -9999 -9999 -9999 -9999 -9999 -9999
0.213103017355279 0.209367883718206 0.208378494361818 0.208912343102853 0.210250943007751 0.212240792494368 0.215827798998686 0.227675089511033 0.245092243628494 0.247788899110696 0.250608790612654 0.258310112218066 0.26135535931848 0.260611793034226 0.263338314553805 0.266738571335684 0.27079943928404 0.269733027566794 0.263649505699808 0.268076198364026 0.275029023379954 0.283637333614015 0.294210426524986 0.307094540900929 0.317249381060273 0.326831945343663 0.338388627794537 0.347949536009813 0.354680771249081 0.361130287717907 0.367574366216472 0.37589250484829 0.379836806694534 0.376259026678167 0.383260115569586 0.394999568837684 0.377212248718332 0.361223047615799 0.349024162075919 0.342289010798662 0.33863008625158 0.333699318800226 0.327302017152659 0.317201688320663 0.328305402818913 0.353910157365462 0.398350632020563 0.437117123814509 0.450784188842759 -9999 -9999 -9999 -9999 -9999 -9999 -9999 -9999
0.20074277847804 0.205326562296065 0.205241862311986 0.202567258951037 0.20353373893354 0.204057155422788 0.203057706576645 0.215725113166684 0.237608004432115 0.237524706452114 0.238035244224309 0.247176979510619 0.247666189915711 0.241114533159861 0.243108186993636 0.24655764050989 0.250752292459735 0.251856222163007 0.249935839762274 0.255867445449926 0.263525688753427 0.2714462728228 0.281161218331734 0.292986732022829 0.303776511805116 0.314481524805494 0.3271887835048 0.339144436488782 0.350034438687554 0.356357743033209 0.36111269974597 0.367912865032682 0.373136424404161 0.375648552293198 0.380715208695892 0.386857368494149 0.367521986811383 0.351637435968696 0.34302700753664 0.336292201151908 0.330613419529793 0.314774024338349 0.296835491802175 0.274561014477869 0.301062057761333 0.360919747543486 0.401431987796845 0.431298123108233 0.431767365679318 -9999 -9999 -9999 -9999 -9999 -9999 -9999 -9999
0.185426778565243 0.199052640753656 0.200116926234779 0.194212510246198 0.194847817653802 0.19459744957189 0.191379847674021 0.204000593457424 0.227301049070337 0.22596925044728 0.225347359284278 0.234548817123633 0.231412782547176 0.218237291697391 0.21975232773311 0.223613827922606 0.228078910682315 0.233157765064151 0.238837202998245 0.246781197881561 0.25507066124683 0.262510408681107 0.271064053062604 0.280927888023977 0.292440502617191 0.304564921405888 0.318014987274391 0.331992871319249 0.346719112970514 0.353872740766844 0.358208645786834 0.361781271143213 0.366969496026325 0.374936213224781 0.377771663331161 0.378188177429987 0.360714635608127 0.346424125607506 0.338843235457184 0.330526004523328 0.321794194275774 0.294236952971101 0.265089282546425 0.233943141568307 0.278800975785452 0.375636476288737 0.414186011281342 0.439535469177073 -9999 -9999 -9999 -9999 -9999 -9999 -9999 -9999 -9999
0.151488219657837 0.155871081772427 0.15702412381081 0.156385380276694 0.157399668835326 0.158283551427567 0.158658658905625 0.165772405081475 0.177429977885366 0.189122997583938 0.199035905248991 0.203088691760229 0.202853417462747 0.19912879561103 0.206506950921479 0.214635102561168 0.218781822696693 0.22374305754667 0.229501305687811 0.23655675048249 0.243997736528966 0.252090614012844 0.260582142950878 0.269542574673134 0.281373218946853 0.293985758655714 0.30622638451304 0.320127678906277 0.336383522623959 0.349068181147809 0.359883436062825 0.359990947075956 0.362736980124774 0.370020717647203 0.374768304197651 0.378291302519717 0.365221144396106 0.351951946252249 0.338263184954186 0.326444078606582 0.315677637388419 0.294532402196527 0.279141392439551 0.280057128362594 0.327568517977869 0.406945784763085 0.427816508728194 -9999 -9999 -9999 -9999 -9999 -9999 -9999 -9999 -9999 -9999
0.127991836882491 0.126188293085112 0.127515069782887 0.130578433339425 0.132299284768705 0.134199764585007 0.13670372721786 0.140598106500972 0.145430036004959 0.162268189798098 0.176324749762812 0.177590081862086 0.18048712702387 0.184711955124809 0.193851304095436 0.202586413219041 0.206366874305645 0.212108236196848 0.219768365147977 0.226351922682295 0.23297151573029 0.241210292382691 0.249518494844684 0.257908357501505 0.270268895114162 0.283565746605031 0.29497235077176 0.308875502178859 0.326318338653234 0.343330910877263 0.359303075375266 0.358381227197978 0.359653969276373 0.364700946281087 0.371723412864203 0.379580283401492 0.368452235395199 0.355826726006376 0.340044667396072 0.324095573887834 0.308052435319351 0.295066933827701 0.294481426673667 0.326096097006474 0.371838393280537 0.427242302972889 -9999 -9999 -9999 -9999 -9999 -9999 -9999 -9999 -9999 -9999 -9999
0.120883371010145 0.117690430132783 0.119324305844153 0.123635922148102 0.126577442122191 0.129309874224652 0.131645324008678 0.135910539663279 0.141476985720908 0.15109392307958 0.159263890987065 0.16144745474235 0.167840227579916 0.17765818351812 0.182121177570602 0.185719732495186 0.189058766041306 0.196989175495048 0.209412306268823 0.216177885816093 0.222018591908893 0.229607221252086 0.237541869041878 0.245883511491568 0.259106440572408 0.273395505139075 0.284557267893695 0.298585390253647 0.316677529560033 0.336129847575629 0.35518348817716 0.357054946941093 0.35837498788049 0.358746705821109 0.368613341032666 0.382730342465935 0.369681689908128 0.357107228819562 0.345532331880379 0.324467494700263 0.298059570460328 0.295976680600702 0.311842725135714 0.372017332411658 0.409049644948204 0.430255384335523 -9999 -9999 -9999 -9999 -9999 -9999 -9999 -9999 -9999 -9999 -9999
0.115103311432829 0.114650001867582 0.114930344892522 0.115617691433233 0.116371401306562 0.118164054076659 0.122631470798234 0.128018932563136 0.134026775588163 0.143518059571402 0.15166787752809 0.154350408532511 0.159038566348668 0.165358774017292 0.171169992342844 0.176371647498254 0.179261784211612 0.187620321642571 0.201329760629999 0.208108292511919 0.213730409336603 0.221351998873592 0.228633417161983 0.235514718395947 0.249376489894501 0.264923420492453 0.277517454547254 0.292547030148837 0.311029794980915 0.331701170949603 0.352335880414663 0.356900899161987 0.359733154073566 0.359585418633418 0.372515076419154 0.391322523865189 0.379055769857649 0.366228440342055 0.352219454855784 0.325999234377066 0.292903766002567 0.314180917336803 0.344766755871603 0.393503317293972 0.413296880622459 -9999 -9999 -9999 -9999 -9999 -9999 -9999 -9999 -9999 -9999 -9999 -9999
0.110001905548628 0.11389391521854 0.112207760461693 0.107427044922804 0.104572946123036 0.104625429767516 0.111979590520618 0.118755767878153 0.125142214243848 0.137340130661397 0.147827237863046 0.150925467929264 0.151892224335409 0.151124524833753 0.16068508891533 0.170174120805958 0.172624089728368 0.180650861981042 0.194134609163146 0.200852687509254 0.206499047505587 0.214443851740282 0.221039504469877 0.22604825493062 0.240436650619043 0.257284837244519 0.27201490705793 0.28841881439048 0.307195942455942 0.328523444823091 0.350041595587002 0.357301055396338 0.362361397193478 0.36363971727279 0.37956814950295 0.402088627812153 0.391768847343985 0.378713171431658 0.359890409479542 0.328867833018736 0.29097643869621 0.339733442550729 0.380887079595639 0.392059937717343 -9999 -9999 -9999 -9999 -9999 -9999 -9999 -9999 -9999 -9999 -9999 -9999 -9999
0.109869423959134 0.114105742229075 0.113329086650364 0.109771417267358 0.102963737791207 0.098692438668411 0.101306453926772 0.107749715508937 0.116775016608537 0.127621131434496 0.137698985434618 0.144698673242229 0.147195914714139 0.146029355505421 0.155751834400259 0.165443932966202 0.167910060971357 0.174411942031703 0.18486286019078 0.191388679202104 0.197479297213949 0.206035359912924 0.215158659956073 0.224949157289554 0.239104733622582 0.254683831099605 0.271915643687703 0.290081163062658 0.309570521985774 0.329330977873097 0.348779893940675 0.360361827880849 0.371874435697769 0.38326781712379 0.39621745782582 0.409804896067472 0.403219124956196 0.395738500923809 0.386371586316967 0.364807853417624 0.336376989605429 0.372570986427371 0.400146428272236 0.397622617474334 -9999 -9999 -9999 -9999 -9999 -9999 -9999 -9999 -9999 -9999 -9999 -9999 -9999
0.104682399258564 0.110075848377136 0.111121205767117 0.109754401537144 0.101986876034288 0.0956187112344425 0.0935292049813741 0.0986159336819348 0.108541557734172 0.119554758154548 0.130279100252304 0.139723540642111 0.142858536241836 0.140859312265643 0.15113563539125 0.161345450371727 0.163269326547516 0.168157842271034 0.175947296530246 0.182429340940718 0.188990168397117 0.197729867750135 0.208580620609523 0.221914441965119 0.236012034681378 0.250758529558917 0.269578114742024 0.288627154843668 0.308001523517361 0.326118411507292 0.343617824689621 0.358127383852015 0.37353363051733 0.390481991608222 0.401100119508127 0.408785360801891 0.408090731018758 0.406283839700427 0.402132374876583 0.388675866477842 0.36998037272684 0.395830930071056 0.415971772058988 -9999 -9999 -9999 -9999 -9999 -9999 -9999 -9999 -9999 -9999 -9999 -9999 -9999 -9999
