layers/veg50/veg3200.asc
NCOLS 255 
NROWS 330 
XLLCORNER -2985163.8955 
YLLCORNER -3022031.214 
CELLSIZE 25000 
NODATA_value -9999 
[rows 75 to 99 of 330, columns 0 to 56 of 255]
-9999 -9999 -9999 -9999 -9999 -9999 -9999 -9999 -9999 -9999 -9999 -9999 -9999 -9999 -9999 -9999 -9999 -9999 -9999 -9999 -9999 -9999 -9999 -9999 0.699036338904469 0.683858338222263 0.668680337540057 0.685866071008164 0.709658155920286 0.715575245870792 0.714511586053265 0.703956658784054 0.496919914510437 0.238030049611443 0.238789479545608 0.255808638696586 0.299597312496438 0.433411880378493 0.605124322438586 0.674787006360007 0.724796590627258 0.735255706630115 0.752546456834181 0.773516017191998 0.788721521991726 0.80268996029267 0.814046076315192 0.821613866865535 0.826698617220762 0.833922046283834 0.839589788148541 0.839762658909377 0.841358239906788 0.844080090640888 0.849645918447225 0.855427175751474 0.86043464082814
-9999 -9999 -9999 -9999 -9999 -9999 -9999 -9999 -9999 -9999 -9999 -9999 -9999 -9999 -9999 -9999 -9999 -9999 -9999 -9999 -9999 -9999 -9999 -9999 0.684839540075433 0.669946478271435 0.655053416467436 0.681502364229604 0.716524973030667 0.72985166881384 0.737785290534474 0.738386303292572 0.552687667243497 0.314207488019615 0.26512483769181 0.245228589951785 0.273383931583471 0.425904062734774 0.630719316533618 0.690434925167424 0.732913841841151 0.740705139241263 0.755817029419261 0.774871032164994 0.78954901479231 0.803357562014814 0.815356915867158 0.823897730843202 0.830171662704451 0.837847823057492 0.844575615263482 0.847927333966646 0.848758961792203 0.847595593014671 0.851285500125769 0.855892900691773 0.861461322130118
-9999 -9999 -9999 -9999 -9999 -9999 -9999 -9999 -9999 -9999 -9999 -9999 -9999 -9999 -9999 -9999 -9999 -9999 -9999 -9999 -9999 -9999 -9999 -9999 0.673773795173731 0.679748185106624 0.685722575039518 0.698800064965391 0.713537010241368 0.726122170888894 0.732976473233899 0.732038903547333 0.611720585302542 0.450197065433853 0.294064954970346 0.218113946511748 0.274170621333859 0.437070345757505 0.64448465072651 0.698030809959493 0.735365474703484 0.740075657325678 0.754961920508527 0.775327966037639 0.787652091152059 0.798829618961357 0.807808514350826 0.815836652537278 0.823241621366126 0.830938745199661 0.837954920653923 0.842738083870158 0.846397326421475 0.849166832047599 0.850431931532285 0.852637110524796 0.859625065127942
-9999 -9999 -9999 -9999 -9999 -9999 -9999 -9999 -9999 -9999 -9999 -9999 -9999 -9999 -9999 -9999 -9999 -9999 -9999 -9999 -9999 -9999 -9999 -9999 0.697287133589487 0.699521372696381 0.701755611803275 0.705965061789068 0.71151714423688 0.723920962718806 0.729074356348074 0.72436982300651 0.617860788421453 0.474941281987875 0.316640282580081 0.243714011192664 0.311346048120851 0.46683131447829 0.658654450755029 0.705207996871976 0.737132017800029 0.73961515754964 0.75339041757409 0.773246443269088 0.784164351110217 0.793840002493258 0.801152172538917 0.808512775887874 0.815905124618729 0.823436972734351 0.830659933162907 0.836868103521608 0.842386114971293 0.847357771251283 0.847977682418808 0.849241284546251 0.855727507242324
-9999 -9999 -9999 -9999 -9999 -9999 -9999 -9999 -9999 -9999 -9999 -9999 -9999 -9999 -9999 -9999 -9999 -9999 -9999 -9999 -9999 -9999 -9999 -9999 0.700281512672711 0.696869041001777 0.693456569330844 0.70050877242096 0.710703138651132 0.723623390789087 0.72630162462183 0.715054458145141 0.558117876972894 0.361118384659612 0.331287634334877 0.334975465319259 0.39384725056261 0.519753805718339 0.673328053037176 0.711863654110643 0.738045213746983 0.739365141763169 0.750926574936683 0.768003021363659 0.778695091697315 0.788275326066447 0.795606979431967 0.802107156908752 0.808062347406947 0.815196940439264 0.822525047110976 0.830150206229547 0.836320193152141 0.841338212257353 0.84352962719793 0.84567103009627 0.849262394970142
-9999 -9999 -9999 -9999 -9999 -9999 -9999 -9999 -9999 -9999 -9999 -9999 -9999 -9999 -9999 -9999 -9999 -9999 -9999 -9999 -9999 -9999 -9999 -9999 -9999 -9999 0.690484558657408 0.699217501902576 0.709131032693205 -9999 0.666772364494081 0.669176174035374 0.517435758528261 0.325329929919124 0.341864636742457 0.375987861805444 0.439068278614378 0.550256684157194 0.681092451974281 0.714607450549813 0.737919623361572 0.740699333423026 0.750822677078992 0.764900540698591 0.774753886615787 0.783716554364948 0.790804510600087 0.797893472566286 0.804983093734199 0.811738600374635 0.818448119420236 0.825101439065148 0.8309854420694 0.83626042573294 0.840594238707739 0.844403538181261 0.846588391537854
-9999 -9999 -9999 -9999 -9999 -9999 -9999 -9999 -9999 -9999 -9999 -9999 -9999 -9999 -9999 -9999 -9999 -9999 -9999 -9999 -9999 -9999 -9999 -9999 -9999 -9999 -9999 -9999 -9999 -9999 0.655458507264802 0.623145104864279 0.482786788115317 0.31769198394277 0.354716315036616 0.404406921572251 0.474950891744164 0.57442118678571 0.685385861128577 0.715241777200249 0.736967815296302 0.742333050947641 0.751437529328199 0.76255557630954 0.771565838492339 0.779873461985025 0.786601136540725 0.794539926698782 0.803272536908381 0.80967536940799 0.815606554375431 0.820668087911937 0.826015494036257 0.831589207412697 0.838038296638235 0.843668989684316 0.845390653583841
-9999 -9999 -9999 -9999 -9999 -9999 -9999 -9999 -9999 -9999 -9999 -9999 -9999 -9999 -9999 -9999 -9999 -9999 -9999 -9999 -9999 -9999 -9999 -9999 -9999 -9999 -9999 -9999 -9999 0.669152748431681 0.633292416741559 0.548675144853452 0.449535207921131 0.354734468283633 0.407494546436559 0.466528140087624 0.535890255375673 0.605498518170606 0.674676072338293 0.705752937919314 0.730324211553192 0.74180344309833 0.751906771872694 0.761269182012569 0.77153229220063 0.78058932569987 0.786561682098146 0.793225028179217 0.800341280212902 0.806626029125196 0.8125085341303 0.817340431324546 0.822604857477941 0.828211689459598 0.834471693132127 0.840891300803202 0.847590134878678
-9999 -9999 -9999 -9999 -9999 -9999 -9999 -9999 -9999 -9999 -9999 -9999 -9999 -9999 -9999 -9999 -9999 -9999 -9999 -9999 -9999 -9999 -9999 -9999 -9999 -9999 -9999 -9999 0.701047968441162 0.672944527803667 0.613744423485242 0.512264225816047 0.42900038856941 0.361692853013739 0.44544683308216 0.517829935807956 0.571492378211858 0.621269315053575 0.669084132333478 0.698195944921563 0.721584002719289 0.733453410218956 0.746638087103711 0.760531031765439 0.771176898596563 0.780278590823964 0.785793814615836 0.791624502215161 0.797661959090191 0.803718739865092 0.80950431826197 0.81442649476272 0.81964142361697 0.82508810599883 0.831096417647844 0.837872476226918 0.847504771926286
-9999 -9999 -9999 -9999 -9999 -9999 -9999 -9999 -9999 -9999 -9999 -9999 -9999 -9999 -9999 -9999 -9999 -9999 -9999 -9999 -9999 -9999 -9999 -9999 -9999 -9999 -9999 -9999 0.69909541027709 0.65253106659285 0.598133453791602 0.533085458913776 0.427588688786318 0.323411585831079 0.46110426667773 0.552861777383818 0.568993046497594 0.614022561076877 0.671188274331861 0.693544009895662 0.709690976093486 0.713343234581531 0.732740863082395 0.760617316030192 0.77033751974552 0.77842408486963 0.783930579388022 0.789594457457701 0.795361491839257 0.801025063074816 0.806641162867751 0.812134699138731 0.817350481026274 0.822346382330788 0.828008856046326 0.834491038341467 0.843983522251112
-9999 -9999 -9999 -9999 -9999 -9999 -9999 -9999 -9999 -9999 -9999 -9999 -9999 -9999 -9999 -9999 -9999 -9999 -9999 -9999 -9999 -9999 -9999 -9999 -9999 -9999 -9999 0.673665913922992 0.658101554761072 0.609858932035087 0.564988965261069 0.524704577504539 0.437267536114013 0.345933536185991 0.451173910865989 0.521793331663369 0.535413886135202 0.592842165700808 0.668732763224768 0.696432637804204 0.714019490671146 0.711254605067548 0.730556362417133 0.76174092668589 0.770403683201911 0.777555193994635 0.782792198062991 0.787845642948751 0.792778774827639 0.798543752123852 0.804184618189316 0.809210319801797 0.81451029549661 0.820027396640123 0.825089967970047 0.830430680716569 0.837191998084954
-9999 -9999 -9999 -9999 -9999 -9999 -9999 -9999 -9999 -9999 -9999 -9999 -9999 -9999 -9999 -9999 -9999 -9999 -9999 -9999 -9999 -9999 -9999 -9999 0.705539266783662 0.695116322899416 0.684693379015169 0.648369242381446 0.605063387481176 0.561736175765201 0.527506767392439 0.505647045317368 0.451071662804721 0.391478570416451 0.431925083189597 0.466355330392232 0.490880584272176 0.567184599019079 0.665246925224183 0.701868107710058 0.723802720027182 0.716181652192404 0.73307578273493 0.763171258381045 0.770805592878805 0.77712369841181 0.78200905859027 0.786297157294962 0.790193783762843 0.796199013185628 0.801895649660717 0.806051956899426 0.811426510047222 0.817765471451858 0.822191288137995 0.826162009219155 0.829366265304118
-9999 -9999 -9999 -9999 -9999 -9999 -9999 -9999 -9999 -9999 -9999 -9999 -9999 -9999 -9999 -9999 -9999 -9999 -9999 -9999 -9999 -9999 -9999 -9999 0.709104453555238 0.691958386776895 0.674812319998553 0.659767223718012 0.642709271258707 0.603846815723264 0.55990124330955 0.509044490380417 0.458264179451823 0.411835729240135 0.43335152225402 0.456236207889749 0.481374595946012 0.569032008065739 0.682591180160792 0.695789537595345 0.708159538849774 0.71886253208053 0.738059470212823 0.761830366761045 0.770638212682743 0.778030430419107 0.783123361683721 0.787185342040517 0.790571590451338 0.795294261647429 0.799808625070381 0.803306472326128 0.807600864156241 0.812525829960568 0.818034867270826 0.823501169943214 0.828447666406381
-9999 -9999 -9999 -9999 -9999 -9999 -9999 -9999 -9999 -9999 -9999 -9999 -9999 -9999 -9999 -9999 -9999 -9999 -9999 -9999 -9999 -9999 -9999 -9999 0.718027303877856 0.693805680453808 0.66958405702976 0.670244518638235 0.671487814097499 0.620973344277276 0.565285166963432 0.50256263901814 0.445197782305498 0.394980867590322 0.427757785321075 0.457564762451833 0.482482121352316 0.573071515855555 0.69064801344124 0.687162162464404 0.693236289839377 0.718549195171255 0.738727734637382 0.756141436771226 0.766191599703496 0.774664926434527 0.779809784631157 0.783815555760055 0.787074717603218 0.7919626877992 0.7965183236364 0.799586780088041 0.803757682715315 0.808801322272444 0.814143483729878 0.819412138728446 0.824200749381461
-9999 -9999 -9999 -9999 -9999 -9999 -9999 -9999 -9999 -9999 -9999 -9999 -9999 -9999 -9999 -9999 -9999 -9999 -9999 -9999 -9999 -9999 -9999 -9999 0.736749439194305 0.704807650007056 0.672865860819807 0.679037857763595 0.684047794466229 0.592403381136093 0.521266193823508 0.478011336245193 0.395077384280643 0.310064398424108 0.409323991402531 0.479831371261683 0.503001997844037 0.581120420673415 0.681717947339238 0.673872966651789 0.679629812666841 0.712759369592709 0.731502994963105 0.742499848548199 0.753918175429017 0.763485408440583 0.768397516972893 0.772657846407921 0.776490970285038 0.784192402333714 0.791027202273169 0.794085240509321 0.799882428366151 0.807848027781931 0.810736859313669 0.812710912906622 0.813866264974294
-9999 -9999 -9999 -9999 -9999 -9999 -9999 -9999 -9999 -9999 -9999 -9999 -9999 -9999 -9999 -9999 -9999 -9999 -9999 -9999 -9999 -9999 -9999 -9999 0.737648293513063 0.71307312774417 0.688497961975276 0.690775422081388 0.692600360607454 0.629424672192235 0.581607355290802 0.55467180847189 0.445291156154246 0.321803563061377 0.427453699093674 0.504672921141482 0.535084366857958 0.564922383742956 0.594445171878237 0.619391708305852 0.644365299132349 0.669393335016528 0.690719299191537 0.710051711224777 0.73060046662511 0.747503077860949 0.755204528254842 0.760979310175304 0.765491266264846 0.770567535583546 0.77613969610321 0.783130254182739 0.790755570626422 0.798883385131394 0.802280349680171 0.804895148326499 0.807038644221177
-9999 -9999 -9999 -9999 -9999 -9999 -9999 -9999 -9999 -9999 -9999 -9999 -9999 -9999 -9999 -9999 -9999 -9999 -9999 -9999 -9999 -9999 -9999 -9999 0.729828189212993 0.719999942924781 0.710171696636568 0.703953269903698 0.699192542528586 0.69853250394633 0.693000379499499 0.680843999560803 0.544587331851949 0.380825630970961 0.463469881084111 0.530774104678951 0.572822983666247 0.536863001992536 0.468847980105983 0.544759733113858 0.598505905629942 0.607645420507845 0.633518920681183 0.668403611033097 0.701880011839749 0.729171262683388 0.741140429821696 0.749045990997891 0.754288080670609 0.754078670226259 0.756655578888009 0.769507499978248 0.779059684622438 0.785999676563796 0.791353490157386 0.796534163294879 0.801926543696098
-9999 -9999 -9999 -9999 -9999 -9999 -9999 -9999 -9999 -9999 -9999 -9999 -9999 -9999 -9999 -9999 -9999 -9999 -9999 -9999 -9999 -9999 -9999 -9999 -9999 -9999 -9999 0.712904498464707 0.71709779412036 0.707809392863305 0.700680974716325 0.696489343887337 0.583490138019571 0.442004350133603 0.447898090192831 0.461717681502203 0.488586148860887 0.506065199214484 0.519811996995551 0.559801277054246 0.583751062377468 0.575422502875949 0.60996108994803 0.667583479435846 0.680230008968016 0.693435509953819 0.711745800929402 0.727789867968028 0.742348549136849 0.744131672734321 0.748257429895849 0.763212337331646 0.775353911297662 0.78526834704202 0.789981513307198 0.793810216149097 0.797019005384009
-9999 -9999 -9999 -9999 -9999 -9999 -9999 -9999 -9999 -9999 -9999 -9999 -9999 -9999 -9999 -9999 -9999 -9999 -9999 -9999 -9999 -9999 -9999 -9999 -9999 -9999 -9999 0.740214097421255 0.73245366191044 0.71871444392467 0.711196484273986 0.712137161403942 0.619382324221143 0.4988971723676 0.455051645560562 0.437137292702876 0.461915221594989 0.503733806475452 0.552455705230663 0.562733208409705 0.564079083401632 0.547450690548796 0.588716839865731 0.661158989435025 0.662750254540228 0.668270006684123 0.689439076490538 0.709572109522788 0.729026077101776 0.734516841521107 0.741224568721088 0.755516733408795 0.768588037311832 0.780692862926366 0.784165700710328 0.786595334018306 0.789758115380327
-9999 -9999 -9999 -9999 -9999 -9999 -9999 -9999 -9999 -9999 -9999 -9999 -9999 -9999 -9999 -9999 -9999 -9999 -9999 -9999 -9999 -9999 -9999 -9999 -9999 -9999 0.745770250058178 0.744262267119064 0.741800472495739 0.734709893308834 0.73056422362127 0.73042255416406 0.649934596730953 0.546089414398953 0.514597285432458 0.514955794847604 0.567752208939027 0.565556600611537 0.539648761195268 0.536266264463531 0.532596015317986 0.528346684861575 0.571880221394802 0.64114465789713 0.654490982910299 0.667316696741197 0.68345505583641 0.698416899708615 0.712607602185935 0.725494062619548 0.737001508871339 0.744493696715356 0.754742414073777 0.767173301554086 0.768117549935763 0.769135371728533 0.777194042838833
-9999 -9999 -9999 -9999 -9999 -9999 -9999 -9999 -9999 -9999 -9999 -9999 -9999 -9999 -9999 -9999 -9999 -9999 -9999 -9999 -9999 -9999 -9999 -9999 -9999 -9999 0.745770250058178 0.74552255346754 0.744965612264791 0.742358385915597 0.740796253350419 0.740655066234629 0.68346258037 0.606766753069972 0.535606368172483 0.51137294586525 0.564398621525526 0.543548397160975 0.491126359229658 0.488998760908715 0.491101029471659 0.501715604942806 0.556468663589622 0.634990134785382 0.654261454881821 0.670687273451772 0.684897596784795 0.697030753412922 0.707802440848896 0.711992493617583 0.716808218175172 0.725363623806403 0.736613359883018 0.749996027011408 0.747983199380016 0.747303791106136 0.761184725357306
-9999 -9999 -9999 -9999 -9999 -9999 -9999 -9999 -9999 -9999 -9999 -9999 -9999 -9999 -9999 -9999 -9999 -9999 -9999 -9999 -9999 -9999 -9999 -9999 -9999 -9999 -9999 0.745114302945746 0.744431047137918 0.745011258766247 0.74556059794934 0.746067961894193 0.718771515043314 0.675514867352118 0.533551477865263 0.459071718591345 0.495694918257011 0.471367681873253 0.421228400639887 0.429282206844804 0.443613951476584 0.47057960164422 0.541909998809449 0.637130650768246 0.658837695811022 0.676645678776471 0.690784904712439 0.701491351986419 0.709947800557474 0.695810386917178 0.687056809130765 0.701381522623938 0.715920689650877 0.730629625980656 0.725403274838601 0.722855814653372 0.7431134427613
-9999 -9999 -9999 -9999 -9999 -9999 -9999 -9999 -9999 -9999 -9999 -9999 -9999 -9999 -9999 -9999 -9999 -9999 -9999 -9999 -9999 -9999 -9999 -9999 -9999 -9999 -9999 -9999 0.744400905862681 0.745160840111422 0.745829233920268 0.746373166198971 0.725027060000645 0.690350707168844 0.565949350398608 0.477681661621017 0.448903324833766 0.411902062798556 0.372485761795157 0.416468179610261 0.443532534367958 0.436550487905423 0.501570892952639 0.605364356086331 0.662769277879975 0.705215381357412 0.714150126784174 0.708705973829273 0.693837239247114 0.697475610556524 0.703082253659167 0.709969428746065 0.717536300558379 0.725641245291151 0.719478924748722 0.713508298474578 0.716699146725938
-9999 -9999 -9999 -9999 -9999 -9999 -9999 -9999 -9999 -9999 -9999 -9999 -9999 -9999 -9999 -9999 -9999 -9999 -9999 -9999 -9999 -9999 -9999 -9999 -9999 -9999 -9999 -9999 -9999 -9999 -9999 -9999 -9999 0.699498926316412 0.601531696252818 0.514812731166333 0.446612561200233 0.39453551740989 0.350887315153727 0.405157148836713 0.435825671138128 0.418998229280174 0.476656550529141 0.574425184121692 0.662620095341207 0.726424083317677 0.73013755107785 0.711624715577692 0.678543753661374 0.694327540000585 0.70988222402698 0.711647115060826 0.715273426479816 0.720373306720582 0.713105437953261 0.703859964564522 0.693661176246782
-9999 -9999 -9999 -9999 -9999 -9999 -9999 -9999 -9999 -9999 -9999 -9999 -9999 -9999 -9999 -9999 -9999 -9999 -9999 -9999 -9999 -9999 -9999 -9999 -9999 -9999 -9999 -9999 -9999 -9999 -9999 -9999 -9999 0.70168764047043 0.640291023165739 0.592253103720706 0.566208530737689 0.493828785508886 0.402322652186126 0.390178606336747 0.398605920052104 0.448431634932539 0.499618257581262 0.551537724110212 0.651063670058918 0.723047135693808 0.722357545255784 0.701956051316744 0.668634482512239 0.67458679490771 0.682928674230796 0.688331962580678 0.698303684901601 0.711891947536465 0.702655923270657 0.69081639252164 0.68155807015392
