layers/veg50/veg3100.asc
NCOLS 255 
NROWS 330 
XLLCORNER -2985163.8955 
YLLCORNER -3022031.214 
CELLSIZE 25000 
NODATA_value -9999 
[rows 175 to 199 of 330, columns 57 to 113 of 255]
-9999 -9999 -9999 -9999 -9999 -9999 -9999 -9999 -9999 -9999 -9999 -9999 -9999 -9999 -9999 -9999 -9999 -9999 -9999 -9999 -9999 0.617283845656659 0.455995562141022 0.206549192062166 0.251356829699119 0.271206925938597 0.200314392812704 0.124358432751314 0.0450362227658378 0.0193524325980685 0.00289733355342177 0.000892607252818881 0 0 0 0 0 0 0 0.0169670682184675 0.0555850037907864 0.201017889610881 0.27971912171636 0.280995807274764 0.295245008357517 0.313860453179513 0.339097857014604 0.349579170570881 0.339429749996619 0.333943950259423 0.329250123397911 0.308681921491127 0.296551054112109 0.298720354950451 0.296089961053016 0.291358951612901 0.295654606158617
-9999 -9999 -9999 -9999 -9999 -9999 -9999 -9999 -9999 -9999 -9999 -9999 -9999 -9999 -9999 -9999 -9999 -9999 -9999 -9999 -9999 -9999 0.458050248841048 0.211781630597594 0.221196673747418 0.218000320056475 0.158988136566564 0.0931282895942819 0.0227160027485029 0.00771053978045487 0 0 0 0 0 0 0 0 0 0.00853360387419544 0.0386566164783447 0.185654548851514 0.262939845249912 0.259341948613256 0.280524313660302 0.307438635420202 0.32325347176554 0.331423204889919 0.328904192623617 0.318574558474581 0.305472635815368 0.29314686109108 0.286046640440438 0.287803044122532 0.288917130457899 0.289763376401815 0.293665951952802
-9999 -9999 -9999 -9999 -9999 -9999 -9999 -9999 -9999 -9999 -9999 -9999 -9999 -9999 -9999 -9999 -9999 -9999 -9999 -9999 -9999 -9999 0.245529515411268 0.230976235117283 0.20513373272291 0.171803888729943 0.120521765499161 0.0643156742152997 0.00483604757761113 0 0 0 0 0 0 0 0 0.00251367039558916 0.0074537656483457 0.00816236910972811 0.0285014035373228 0.169929459709319 0.244939727833713 0.242889608031308 0.264832415194335 0.291494484962845 0.299847834274539 0.307223254125247 0.313231414605293 0.300586340019538 0.282067338829511 0.278733186284169 0.276966741622556 0.277857354871734 0.282044224958467 0.287701224554105 0.290988740946411
-9999 -9999 -9999 -9999 -9999 -9999 -9999 -9999 -9999 -9999 -9999 -9999 -9999 -9999 -9999 -9999 -9999 -9999 -9999 -9999 -9999 -9999 0.260417176216018 0.268888959279162 0.213912423625043 0.155563191338305 0.094561584045176 0.0451311865509457 0.00339352060065161 0 0 0 0 0 0 0 0 0.0145451870220892 0.0431307205448473 0.0472310074752231 0.0620713837019261 0.170560792463158 0.234580249391274 0.247004014260359 0.25949911218655 0.270166062194781 0.264006621367845 0.264454366755606 0.274139728583143 0.272154883681376 0.266434088834588 0.269124869991212 0.271842110453408 0.274604195945671 0.277212227880751 0.279756099784998 0.283043986104194
-9999 -9999 -9999 -9999 -9999 -9999 -9999 -9999 -9999 -9999 -9999 -9999 -9999 -9999 -9999 -9999 -9999 -9999 -9999 -9999 -9999 -9999 0.309624192903198 0.303891448727697 0.229295664292089 0.156106475030345 0.0928992884777737 0.0434963073498851 0.00327059016889544 0 0 0 0 0 0 0 0 0.0189121617037473 0.0560800737800432 0.0706700237439422 0.0900772929630766 0.165820053238273 0.21607000502286 0.236742252259052 0.244083106684024 0.246803790160507 0.241507182498696 0.240940379995221 0.246986396393441 0.249580354043548 0.251177477175743 0.257195326457131 0.262313773633607 0.26590785297176 0.266309747319319 0.265288997221421 0.266711783026287
-9999 -9999 -9999 -9999 -9999 -9999 -9999 -9999 -9999 -9999 -9999 -9999 -9999 -9999 -9999 -9999 -9999 -9999 -9999 -9999 -9999 -9999 0.321427663872843 0.333950015005759 0.25060787117708 0.171716895830875 0.113049432776355 0.0576158761310058 0.00433227392225659 0 0 0 0 0 0 0 0 0.0163986052539092 0.0486266460140734 0.0800781817846936 0.113088283630974 0.156256754654165 0.19024274169848 0.213574869312297 0.219615764662768 0.221615712579908 0.230984779214369 0.23471169795745 0.230550236318408 0.232263642392308 0.236258977280829 0.243181995475507 0.248832188982257 0.252325112667754 0.249957736845531 0.24496705407158 0.242850089064933
-9999 -9999 -9999 -9999 -9999 -9999 -9999 -9999 -9999 -9999 -9999 -9999 -9999 -9999 -9999 -9999 -9999 -9999 -9999 -9999 -9999 -9999 0.335007508426513 0.334995830486019 0.262439844087612 0.185895640523928 0.105983767846604 0.0476195721142279 0.00358062819335427 0 0 0 0 0 0 0 0 0.0107913604331848 0.031999530183804 0.0675247472300417 0.106755619178215 0.150163316563426 0.176679584975058 0.183597789259516 0.196306723689418 0.210024352882092 0.218136778866661 0.22329347907706 0.224317730145614 0.224722308404666 0.225330411629881 0.233559337687944 0.239763671653552 0.242536589287575 0.24128461799836 0.238232628205001 0.237388885600923
-9999 -9999 -9999 -9999 -9999 -9999 -9999 -9999 -9999 -9999 -9999 -9999 -9999 -9999 -9999 -9999 -9999 -9999 -9999 -9999 -9999 -9999 0.330596460664413 0.330791373123392 0.266133677653328 0.190544640395837 0.0932495717206489 0.0349703480781849 0.00262950313706723 0 0 0 0 0 0 0.000353149951089741 0.0022040107077799 0.00904839783000392 0.020712993886348 0.0533906146316647 0.0925479552619729 0.143979356330024 0.167464773593809 0.158526221070926 0.176383369961966 0.199769906589341 0.205065512875437 0.211181574260674 0.218444727504025 0.21821533940817 0.215925065006149 0.225063032083951 0.231648760012983 0.233908779504329 0.234158672514041 0.23351756521141 0.235089437457866
-9999 -9999 -9999 -9999 -9999 -9999 -9999 -9999 -9999 -9999 -9999 -9999 -9999 -9999 -9999 -9999 -9999 -9999 -9999 -9999 -9999 -9999 0.330410574162273 0.330317996964875 0.236970838329318 0.14760938937712 0.0770470695272142 0.0314170061334601 0.00236231895663423 0 0 0 0 0 0 0.00251963965467771 0.0157250843771045 0.0300619530332158 0.0454909756811564 0.0518285587097978 0.0655468077448558 0.134061858186436 0.169024453442205 0.165058242296559 0.172753543339602 0.183571609550483 0.19303862454205 0.200396482749894 0.2048054939378 0.207810841204904 0.210582424385823 0.218214107093423 0.224273121387422 0.227666670327331 0.227743307360519 0.226371532036896 0.231690941412773
-9999 -9999 -9999 -9999 -9999 -9999 -9999 -9999 -9999 -9999 -9999 -9999 -9999 -9999 -9999 -9999 -9999 -9999 -9999 -9999 -9999 -9999 0.28141018594467 0.296229437538281 0.194122529258951 0.103522359797202 0.0530143613737418 0.021115277503292 0.00158770762906953 0 0 0 0 0 0.00226237239764581 0.00798369307017759 0.0269758113387216 0.0434980243800455 0.0576360587125417 0.0526982950174848 0.0556574799928891 0.128799993259659 0.168301320681949 0.168770893092536 0.170101349412358 0.172484964243379 0.182258383652344 0.189120473471413 0.19191218518892 0.197567788821839 0.204234998673497 0.210530178086209 0.215645765719941 0.21876210100547 0.219174169564756 0.218430656419158 0.226665960691826
-9999 -9999 -9999 -9999 -9999 -9999 -9999 -9999 -9999 -9999 -9999 -9999 -9999 -9999 -9999 -9999 -9999 -9999 -9999 -9999 -9999 -9999 0.254790343022158 0.228439690365123 0.136509513405886 0.0581927223236617 0.0205339567077791 0.00353298397374511 0.000265653416471604 0 0 0 0 0 0.00696552802769781 0.017005356286876 0.0357771519032593 0.0487590509996094 0.056152011760493 0.0561915948484747 0.0642294112282569 0.128560905088664 0.165115352561907 0.169441837722983 0.1685038843583 0.166913075856817 0.172823100904996 0.177314832618066 0.179823624937106 0.187498913886882 0.196803550451315 0.201945396591119 0.205667982523017 0.206985109758158 0.208281412475784 0.209632257031308 0.219886230607459
-9999 -9999 -9999 -9999 -9999 -9999 -9999 -9999 -9999 -9999 -9999 -9999 -9999 -9999 -9999 -9999 -9999 -9999 -9999 -9999 -9999 -9999 0.268677681642613 0.188575134293366 0.106753923824684 0.0405279559633516 0.0140439193170992 0.00686084842801036 0.0125093786151287 0.00588516364656601 0 0 0.00518211240685351 0.0145234837783809 0.0229702873532456 0.033590699542791 0.0539824277140912 0.0627778920620067 0.0603795806306056 0.0724444517093698 0.0919394733589455 0.137412808117225 0.160824602829981 0.158639778261286 0.157101501951334 0.156698939956224 0.164985190354872 0.169483744426533 0.168686657551791 0.17477306585141 0.183251992555042 0.190141917185085 0.194436102264054 0.194330851465889 0.197003184702063 0.200997531546066 0.214582369765489
-9999 -9999 -9999 -9999 -9999 -9999 -9999 -9999 -9999 -9999 -9999 -9999 -9999 -9999 -9999 -9999 -9999 -9999 -9999 -9999 0.204425047812419 0.275817317958486 0.241742965438979 0.150021923105325 0.0831025428354596 0.031242816545291 0.0152963032962031 0.0155095412971666 0.0264660490464038 0.0134365902351289 0.00186583794001094 0.00184320530393929 0.0125497566401322 0.0318677488553879 0.0409883768461008 0.0511715985150114 0.0721653938132425 0.0773293839793933 0.0672129966051975 0.0899964906031067 0.118939199199089 0.143573677309351 0.153082359018142 0.145041529177952 0.144449669061909 0.146861217519829 0.157593333022704 0.162185168841065 0.15819217796992 0.16181096610948 0.1683333058672 0.177702242884371 0.183343743336613 0.182667730867848 0.186695623610521 0.192917331205465 0.20910805909678
-9999 -9999 -9999 -9999 -9999 -9999 -9999 -9999 -9999 -9999 -9999 -9999 -9999 -9999 -9999 -9999 -9999 -9999 -9999 -9999 0.172022069111416 0.144792472092798 0.112744113715057 0.0780618827970106 0.052656250822665 0.0326859860183988 0.0256473332438825 0.0246298620122003 0.0276153717990399 0.0223929804194893 0.0178012697417662 0.017585340131247 0.0265711361100187 0.0429424067066531 0.0527576410394795 0.0619170285161691 0.0723479704283753 0.0792904418046119 0.0828655219600959 0.0931499412825064 0.104291966916134 0.112203713786199 0.121408610838804 0.132113868828492 0.140968712470169 0.148664725980667 0.15053598984886 0.151365350376193 0.150738008592217 0.152105650168792 0.154710830688239 0.166568696278681 0.175681537788606 0.180141925850951 0.184438447641071 0.188708234167699 0.199549840434101
-9999 -9999 -9999 -9999 -9999 -9999 -9999 -9999 -9999 -9999 -9999 -9999 -9999 -9999 -9999 -9999 -9999 -9999 -9999 -9999 0.0433900958632543 0.042780651621328 0.0410404811645919 0.038682270405413 0.0362625697280842 0.0339381132560145 0.0318611192033952 0.0295327757500491 0.0270373310603478 0.0266930833201004 0.0265275261852301 0.0263242635094324 0.0341778022526758 0.0484978783648161 0.0579726433174848 0.0663226809036304 0.0728981615622827 0.0815223435568167 0.0921241196921807 0.0921160937310321 0.0903951802274707 0.0916771295137256 0.099581989328074 0.115170996258758 0.131563373178129 0.146340673345104 0.144361942867178 0.143299216113738 0.143517169333473 0.143512507446136 0.143981598642301 0.15434010122633 0.16495948769383 0.176021037904694 0.1825547475347 0.187049177465955 0.192032342550749
-9999 -9999 -9999 -9999 -9999 -9999 -9999 -9999 -9999 -9999 -9999 -9999 -9999 -9999 -9999 -9999 -9999 -9999 -9999 -9999 0.0438834478586542 0.0447755722041323 0.0437200747381025 0.0416000324179221 0.0381126190989941 0.0349422208855923 0.0327037492524955 0.0289604623857715 0.0242167494774573 0.0249481849985893 0.0258945074818486 0.0259713033355709 0.0334565995290794 0.0468880946920068 0.0546786084862849 0.0624977493328095 0.0739256063705967 0.0841058670561053 0.0930818334927766 0.0856461076037946 0.0774726557048182 0.0852279070593379 0.0905393498009902 0.0930153948989953 0.114466734255882 0.138658035563986 0.139334630662741 0.138808038325094 0.136599249711835 0.136363237932438 0.137008504740172 0.140689865112129 0.150265010019406 0.16982934167927 0.181155910563092 0.188700697626923 0.187164200012822
-9999 -9999 -9999 -9999 -9999 -9999 -9999 -9999 -9999 -9999 -9999 -9999 -9999 -9999 -9999 -9999 -9999 -9999 -9999 -9999 0.0458083260479107 0.0458023668842776 0.0442107279299095 0.0417523769416223 0.0380554165866944 0.0347328966439133 0.0324760638259842 0.0291053602412905 0.0249941369588057 0.0258835122993364 0.0269100148332578 0.026951682761733 0.0333076204932712 0.0447315075902123 0.056937494874888 0.0684307175390598 0.0764175998604654 0.0836057077360295 0.0900227653680689 0.0797602061587133 0.0694702556490775 0.0796325475120075 0.0855319836806466 0.0864854961271255 0.101336284143543 0.118403903814069 0.120162627247159 0.123041522157664 0.127486547357052 0.12896015048996 0.129433383627235 0.131171206858698 0.137707891997211 0.152378014573441 0.167138553633391 0.181810281167935 0.178434869432115
-9999 -9999 -9999 -9999 -9999 -9999 -9999 -9999 -9999 -9999 -9999 -9999 -9999 -9999 -9999 -9999 -9999 -9999 -9999 -9999 0.065130929341978 0.0523901712713482 0.0452659038640081 0.0412115375014505 0.0373147079939562 0.0338835513128842 0.0316196389012256 0.029263042924383 0.0268448293813665 0.0277387504202174 0.0286347926608145 0.0285925147767363 0.0335698686078275 0.0425760714046547 0.0601193554927435 0.0758535770040654 0.0786378491608848 0.0819575805130346 0.0857941861156147 0.0747560334674613 0.0642113468682466 0.0749624413398628 0.0821274009148669 0.0851315934060183 0.0904041417034225 0.0959294110242394 0.0979624690093361 0.104362244231892 0.116867199122438 0.12029790344172 0.120519521818295 0.121851936383511 0.124916702025517 0.130917574056111 0.14860071147536 0.171369218702163 0.16834557611244
-9999 -9999 -9999 -9999 -9999 -9999 -9999 -9999 -9999 -9999 -9999 -9999 -9999 -9999 -9999 -9999 -9999 -9999 -9999 -9999 0.0705686809738489 0.0743782908203615 0.0630524221753402 0.0434536970403865 0.0358122870763737 0.0298720292470697 0.0271360575105179 0.0265195307052759 0.0273120459243411 0.0301344380834779 0.0325642990509519 0.0331492403932871 0.0367512249648714 0.0427747440599962 0.0515929735983587 0.0609791994950067 0.0710465841797176 0.0785185127798582 0.0834850694862378 0.0787607612743428 0.0737107645712536 0.0787152330944864 0.082378902499925 0.0844869269014216 0.0911958160618965 0.0982546237373163 0.096749219266646 0.0959014999726013 0.0959733012130737 0.0962880959590761 0.0967090365134224 0.0974610259075563 0.0999275423916375 0.10529995595954 0.125044750059568 0.151128834808987 0.15702456400975
-9999 -9999 -9999 -9999 -9999 -9999 -9999 -9999 -9999 -9999 -9999 -9999 -9999 -9999 -9999 -9999 -9999 -9999 -9999 -9999 0.100599106283792 0.0927505490008779 0.0742252568224776 0.0498641996485529 0.0359208169554416 0.0250445850315201 0.0209830055282132 0.0215404927778166 0.0251688119569423 0.0299961610414177 0.0342111978736181 0.0361097508913816 0.0379788471646259 0.0398243009116005 0.0448125967312862 0.0518068239069236 0.0653652814737368 0.0755159423220952 0.0823770857061346 0.0810575929970831 0.0786486953156511 0.0799203310822521 0.0816114974194976 0.0837894187281347 0.089757094761004 0.0960329344757239 0.0954358791677092 0.0916830073427992 0.0835179361958026 0.0816811280125832 0.0821639163297365 0.0833290630501771 0.0854232901324443 0.0890921857806956 0.106087096585599 0.129004231377541 0.139393563004865
-9999 -9999 -9999 -9999 -9999 -9999 -9999 -9999 -9999 -9999 -9999 -9999 -9999 -9999 -9999 -9999 -9999 -9999 -9999 0.103177810599411 0.0992183501431477 0.0871673166019228 0.0750185980631804 0.0628164861701326 0.0385575677203145 0.0189366352757391 0.0122098918862423 0.0130530281508194 0.0189287455379199 0.0258810881188102 0.032275779881782 0.0365651666285999 0.0361402853989609 0.0319316457705228 0.0407723944157577 0.0515831513937481 0.0626814672852613 0.0731984092537994 0.0831541558721074 0.0806740582184449 0.0764278434187279 0.0771270868454152 0.0792450235669373 0.0830089810136719 0.0848179978425922 0.0866753521986719 0.0939654575926299 0.0941222904779758 0.0843059769657863 0.0818309455312939 0.0821598297162257 0.0852974588689226 0.08737401704799 0.087652199998065 0.0943460124829924 0.103922539995302 0.111859686154922
-9999 -9999 -9999 -9999 -9999 -9999 -9999 -9999 -9999 -9999 -9999 -9999 -9999 -9999 -9999 -9999 -9999 -9999 0.119243443387884 0.117722694133277 0.112046775853421 0.0978793334834613 0.078100535691055 0.0552546437099934 0.0335147666441008 0.0160334159716226 0.00925754390956333 0.0111828353799309 0.0188928041950321 0.0291927380856813 0.0381791349408551 0.0421911140631439 0.0395020687966893 0.0314346578034474 0.0384611778527335 0.0475731140307579 0.0561980982714723 0.0675237575932277 0.08145635581965 0.0787465747635292 0.0734301451485254 0.0732970782475092 0.0740287237336103 0.0757636406919354 0.0782344515402447 0.0813102652984971 0.0880148979139597 0.0896334876608858 0.0841411966653731 0.0822956604611216 0.0818776921577174 0.0834749687477852 0.0846393814127507 0.0850701468667614 0.0887917012817846 0.0940184801881049 0.102106204431402
-9999 -9999 -9999 -9999 -9999 -9999 -9999 -9999 -9999 -9999 -9999 -9999 -9999 -9999 -9999 -9999 -9999 -9999 -9999 0.135341104643491 0.130338961601866 0.115114414156955 0.0821410343252657 0.0394663726159139 0.0253008572356181 0.0143143627615582 0.00874192702806829 0.0120960447411097 0.0213846827394284 0.0353793523053106 0.0470218356366553 0.0497370584358897 0.0449381420367841 0.0341082389726325 0.0370663979719253 0.0422655409800475 0.0484447969615574 0.0606010338768565 0.0785268001361817 0.0760331631395914 0.0700843337547203 0.06897866045994 0.0676315916011936 0.0660044466310641 0.071039437885149 0.077531999803054 0.0802806518009968 0.082364397319187 0.0835185260793972 0.0827690418067326 0.0813413954160064 0.0800583389282768 0.079993759177578 0.0819943366458012 0.0857501026853064 0.0903313580178365 0.0995934380455231
-9999 -9999 -9999 -9999 -9999 -9999 -9999 -9999 -9999 -9999 -9999 -9999 -9999 -9999 -9999 -9999 -9999 -9999 -9999 -9999 0.132473910411939 0.123747303785783 0.0866111137865007 0.0339466135117228 0.0173985101515247 0.00709338990297059 0.00927057147656036 0.0147071929374311 0.022310743913212 0.0338628771437361 0.0440618990156371 0.0487712019554653 0.0473420657384964 0.040986105074754 0.0434180370334497 0.0473784351342827 0.0523883068172728 0.0591485622975928 0.0675984485118694 0.0676542730173898 0.0657150000541086 0.0623746016904235 0.0611934676881798 0.0625175925062079 0.0665196338470942 0.0712063154955684 0.0752871925214174 0.0784846110882935 0.0804468517565486 0.0785447029794804 0.0754373569017577 0.0756847736913883 0.0764544408417791 0.0781092534117178 0.0808368070687118 0.084085071381944 0.0924480190849427
-9999 -9999 -9999 -9999 -9999 -9999 -9999 -9999 -9999 -9999 -9999 -9999 -9999 -9999 -9999 -9999 -9999 -9999 -9999 -9999 0.129548085376805 0.128868815202581 0.0926528476860607 0.0370129817177386 0.0176661985185768 0.0056429963242966 0.00882828348353239 0.0163598623442882 0.0267809277714887 0.0352889009859984 0.0428588594344411 0.0479502300315666 0.0485866434460463 0.0456474260859692 0.0470061838260779 0.0493950095715762 0.0534953097888874 0.0563243703536794 0.057926313991088 0.0596863561565113 0.0606429137904688 0.0566618901774909 0.0558282274466343 0.0586462498689789 0.0619391089141902 0.065520706222713 0.0705184247154832 0.0749218485112433 0.0784943790515717 0.0763506203254314 0.0724036600706286 0.0730541386492571 0.0737966172823577 0.0746950238629192 0.0764672223706703 0.0786640426092806 0.0850940168114661
