layers/veg50/veg3700.asc
NCOLS 255 
NROWS 330 
XLLCORNER -2985163.8955 
YLLCORNER -3022031.214 
CELLSIZE 25000 
NODATA_value -9999 
[rows 150 to 174 of 330, columns 57 to 113 of 255]
-9999 -9999 -9999 -9999 -9999 -9999 -9999 -9999 -9999 -9999 -9999 -9999 -9999 -9999 -9999 -9999 -9999 -9999 -9999 -9999 0.558831200029179 0.571526332258607 0.512104083680049 0.413263408905849 0.214299802720873 0.0623082338329876 0.0388578639201066 0.0562058138430921 0.100677161180481 0.0992161406602032 0.0927392490074653 0.0831966836840732 0.0734535383720001 0.063549403862751 0.0305301502588673 0.000961472832928726 0.000316695202958387 0 0 0.059584312516131 0.12245349010418 0.131071336771176 0.129232150201267 0.115260324748205 0.154330304257535 0.210007986130246 0.281427136774286 0.323019822455041 0.322911633643663 0.345769265827998 0.375418082955419 0.378503112806331 0.384989254015133 0.397239829996995 0.405691602737258 0.412358693730543 0.409166145511084
-9999 -9999 -9999 -9999 -9999 -9999 -9999 -9999 -9999 -9999 -9999 -9999 -9999 -9999 -9999 -9999 -9999 -9999 -9999 -9999 0.553042037606578 0.548117246288086 0.508674148382541 0.450363791220548 0.268160346713543 0.113486485862828 0.0402206890799471 0.0391257452360796 0.0860111773948649 0.0847418987135174 0.0758721748887008 0.0562373108059328 0.0536030704345331 0.0646138441085714 0.0369929747530851 0.0089413178441806 0.00294514038504106 0 0 0.0436395716021176 0.0910954738725471 0.107142464712566 0.129980352045432 0.160697290058736 0.191862822624884 0.224739729612835 0.272052045135143 0.30116408561664 0.304830020227619 0.338046649076504 0.379602598098643 0.379854639582979 0.386757881912513 0.40493403165383 0.412481082070517 0.415190220253517 0.411985932777136
-9999 -9999 -9999 -9999 -9999 -9999 -9999 -9999 -9999 -9999 -9999 -9999 -9999 -9999 -9999 -9999 -9999 -9999 -9999 -9999 -9999 0.529736449555772 0.511291188064934 0.482763985569168 0.306783670603268 0.14734230504023 0.0436076588781581 0.0277539130421944 0.0703248423955539 0.0736667941075666 0.068640963187595 0.0478287354853372 0.0484155364968445 0.066177592505779 0.0404133774233238 0.0127938191711143 0.00421409843340764 0.000306860755077071 0.000909931611969674 0.0310954518326062 0.064502985029645 0.0803667583009364 0.109379777211815 0.153649039965157 0.194673079362919 0.234297771945995 0.269470113734945 0.292770238964064 0.299471621656503 0.336548794343925 0.382294847475831 0.387310162949352 0.396512141056343 0.412809959648372 0.417151599733252 0.416084937278044 0.413050778994857
-9999 -9999 -9999 -9999 -9999 -9999 -9999 -9999 -9999 -9999 -9999 -9999 -9999 -9999 -9999 -9999 -9999 -9999 -9999 -9999 -9999 -9999 0.521650920432637 0.509145945824624 0.32589689018006 0.159018063181463 0.0495863923164729 0.0236910444985396 0.0533320250798815 0.0669440269781153 0.0737477422514347 0.0631730490112978 0.0620027770873526 0.0683806671089511 0.0399381897727072 0.0113615700466976 0.00374233634964448 0.00100663342588747 0.0029849616176897 0.0229055694377437 0.0440123924533922 0.0499458964860378 0.0614437135473618 0.0793974535344659 0.153024114419312 0.237231282479567 0.27558630863212 0.301613321357613 0.310404334399873 0.343021275111635 0.383076363755954 0.402581390846259 0.416491395151368 0.420918574430998 0.419108947739859 0.414499716683133 0.411868556345379
-9999 -9999 -9999 -9999 -9999 -9999 -9999 -9999 -9999 -9999 -9999 -9999 -9999 -9999 -9999 -9999 -9999 -9999 -9999 -9999 -9999 -9999 0.532056863558451 0.531014130074035 0.357237938414023 0.195208762659792 0.0790779143387613 0.0377301654668822 0.0460994572574726 0.0666143601405894 0.0811127516404154 0.0727457392135131 0.0687816414008249 0.0683514040377178 0.0387074004287491 0.0109281224589608 0.0091173858661441 0.00638646155630743 0.00276728779508869 0.0304775027825841 0.0583492651252487 0.0484553045260269 0.0711125379425707 0.13153687731178 0.204472141310768 0.275301775099472 0.295009592035017 0.307398991548439 0.309556390495362 0.33957874871791 0.378989437223407 0.40666993639822 0.424936908722694 0.42724919570958 0.422439552161149 0.414491198240505 0.416907638007569
-9999 -9999 -9999 -9999 -9999 -9999 -9999 -9999 -9999 -9999 -9999 -9999 -9999 -9999 -9999 -9999 -9999 -9999 -9999 -9999 -9999 -9999 0.544582332658368 0.549265648527281 0.39556258555593 0.246430534582896 0.123647689583101 0.0622073983252115 0.0415486507742626 0.0667413882793586 0.0867551309450733 0.0769855392539639 0.0707153787443541 0.0672539262229504 0.0381980670733936 0.0124684150645425 0.0166679324085679 0.0130642248636072 0.00192813006933708 0.0427339491730971 0.0832506705017315 0.057867460659586 0.0991941100389197 0.217920019183801 0.280655428384724 0.322670367855747 0.319030088615472 0.313788829576557 0.306309214174267 0.334711450060329 0.37559525331606 0.408374472460486 0.430018792711403 0.432790929248797 0.426389040046129 0.415981085912546 0.424080160324163
-9999 -9999 -9999 -9999 -9999 -9999 -9999 -9999 -9999 -9999 -9999 -9999 -9999 -9999 -9999 -9999 -9999 -9999 -9999 -9999 -9999 -9999 0.540631269330858 0.539203921836531 0.47172186001922 0.386287823843572 0.261440790812347 0.143931334429763 0.0313000202917723 0.047004133017945 0.0620004647766011 0.0380924996771539 0.039710035960117 0.0618148102875837 0.0496598666042701 0.0345145580626643 0.0278667821968262 0.0171591221279836 0.00253249003931009 0.0501790092142706 0.100171458679882 0.0870478879478514 0.125728122626301 0.224513059047526 0.292011356192021 0.345105398312539 0.346959181271612 0.339886917855786 0.320335001217603 0.351759664716207 0.400241242719872 0.425152773645358 0.439419058256341 0.435643055636486 0.432534719183831 0.429769824400687 0.432883447805893
-9999 -9999 -9999 -9999 -9999 -9999 -9999 -9999 -9999 -9999 -9999 -9999 -9999 -9999 -9999 -9999 -9999 -9999 -9999 -9999 -9999 -9999 0.545258972843418 0.540335498459531 0.521213762679631 0.473359157911703 0.353900386657284 0.199961631408671 0.0231000128539407 0.0320174817324022 0.0460381734797825 0.0234991558478241 0.0264288132741101 0.04980009888937 0.0498504709923159 0.0442422772531818 0.0290532880282821 0.0150606286587922 0.00222277642059194 0.0509767969869503 0.104412451236042 0.10935945572415 0.146945672479307 0.222401117235875 0.292513768307946 0.355669662725515 0.369133170740213 0.369390289130519 0.351183335533113 0.377953323670833 0.419543107049337 0.43623797452345 0.445116782117549 0.440748400008156 0.440389940021693 0.441830532840621 0.441868673998947
-9999 -9999 -9999 -9999 -9999 -9999 -9999 -9999 -9999 -9999 -9999 -9999 -9999 -9999 -9999 -9999 -9999 -9999 -9999 -9999 -9999 -9999 0.55235870088721 0.558415573931346 0.529447423009519 0.478763061567844 0.37622255896219 0.216240189924756 0.0180695185816811 0.0243806949742544 0.0436789449743389 0.0465009204948136 0.0405693420645339 0.0276119998367959 0.032602922719688 0.0349116310996731 0.0147492642222531 0.00338007297432168 0.000498860085951074 0.041490302824472 0.0890359845112251 0.121043914373464 0.159937893287615 0.206821322420177 0.276224237676649 0.347868152449293 0.382403191579894 0.404162120757139 0.40805855907875 0.418296294371932 0.430576844733556 0.43851513410653 0.445086143875608 0.449339795209799 0.450890066636575 0.451217731382004 0.45113538542784
-9999 -9999 -9999 -9999 -9999 -9999 -9999 -9999 -9999 -9999 -9999 -9999 -9999 -9999 -9999 -9999 -9999 -9999 -9999 -9999 -9999 -9999 0.562262605308719 0.562430351398184 0.537808168291077 0.493558142152866 0.401799401703526 0.234752040937248 0.0176515608794439 0.0161747963771669 0.0301337507344151 0.0323323119465145 0.0309707729383551 0.0267518318528756 0.0234999628263906 0.018602361569879 0.00612734803429942 0 0 0.0378876154096422 0.0810619941013261 0.1086146953841 0.147067301649218 0.19816638306799 0.256289639154309 0.315723439007794 0.369150135725299 0.40616099882534 0.420220613153248 0.433270215294577 0.445328568241279 0.446192127970962 0.448714041282026 0.45404664499532 0.454273361028184 0.452144904602431 0.442832616855311
-9999 -9999 -9999 -9999 -9999 -9999 -9999 -9999 -9999 -9999 -9999 -9999 -9999 -9999 -9999 -9999 -9999 -9999 -9999 -9999 -9999 -9999 0.527218179377838 0.557468906376136 0.545031241878748 0.511151630962275 0.426825531414967 0.253470806143235 0.0209283788657228 0.00876024489168895 0.0123382536884965 0.00380115527826081 0.0120484949035713 0.0337673339649093 0.0175748174624611 0 0 6.72546011664518e-05 0.000199429502271794 0.0365944058836804 0.0756731915467085 0.0857756476271236 0.12297223438365 0.191604439245135 0.235716484108146 0.27622662980748 0.346564920432792 0.395598648217841 0.414846113963284 0.438073031893797 0.461154304256444 0.456026864662336 0.453976743261211 0.457142269962359 0.454332103768039 0.448712035788151 0.427232091117922
-9999 -9999 -9999 -9999 -9999 -9999 -9999 -9999 -9999 -9999 -9999 -9999 -9999 -9999 -9999 -9999 -9999 -9999 -9999 -9999 -9999 -9999 0.503139858321351 0.496151365866043 0.511929884205078 0.493967540335771 0.388248463938142 0.248372574847815 0.0857886720745581 0.0360312851542376 0.00487554693490117 0.00150205299987362 0.00476104673160094 0.0133433973533786 0.00694481160574931 0 0 0.00241461035510416 0.0071600237447984 0.0323689414424271 0.0557332765248168 0.0429205108193231 0.0753903189373119 0.16039865337088 0.243816944751986 0.323547351841518 0.373762498603829 0.411628684841865 0.432229584913241 0.4482842699481 0.462062809479425 0.464466667322639 0.464155228920544 0.459241721827194 0.439932171454326 0.414258315431816 0.406776096006107
-9999 -9999 -9999 -9999 -9999 -9999 -9999 -9999 -9999 -9999 -9999 -9999 -9999 -9999 -9999 -9999 -9999 -9999 -9999 -9999 -9999 -9999 0.446279905645432 0.450209040499608 0.486667419715371 0.479993234958402 0.360816490718503 0.24505195445206 0.131555910449441 0.0555124102493961 0 0 0 0 0 0 0 0.00313441066909578 0.00929444155212659 0.0280313777736909 0.0423168696122355 0.0147863227658794 0.0434533551840179 0.137322909185159 0.251286334905948 0.36270739050744 0.399664499548863 0.428367235464909 0.445529395649425 0.457179288812727 0.466342742891524 0.466594430149443 0.461616745876606 0.447775967185172 0.421931510498246 0.390895749312328 0.391093190055688
-9999 -9999 -9999 -9999 -9999 -9999 -9999 -9999 -9999 -9999 -9999 -9999 -9999 -9999 -9999 -9999 -9999 -9999 -9999 -9999 -9999 -9999 0.441140356515849 0.437120731260044 0.476177483524816 0.472067824790381 0.354387638277169 0.245081272204961 0.141341960379397 0.0603133069554638 0 0 0 0 0 0 0 0.00078705491515805 0.00233384730959991 0.0234825611931672 0.0411941253243331 0.0143940144600762 0.0409995705225344 0.129568367635908 0.257566461926494 0.386488481767553 0.423124963049047 0.446440992839115 0.451133478856692 0.463593870098851 0.476976190398469 0.456827045934761 0.435112917771858 0.410746348831329 0.397145214820706 0.388434653080104 0.38440525227952
-9999 -9999 -9999 -9999 -9999 -9999 -9999 -9999 -9999 -9999 -9999 -9999 -9999 -9999 -9999 -9999 -9999 -9999 -9999 -9999 -9999 -9999 0.437683777428806 0.436980566340472 0.465186122724437 0.456479001334478 0.351392970285695 0.262016921394604 0.1830851283246 0.090032647135072 0.0155129018416635 0.00477919730014616 0 0 0 0 0 0.000606006397235798 0.00179698566459634 0.0153648749243566 0.0271719747069108 0.0132905360714065 0.0537522067168947 0.15726477389842 0.290830774585701 0.421444212007852 0.448423698495842 0.460525460132464 0.451826428328792 0.454972448906323 0.460743064270709 0.437138458618651 0.413753608477105 0.39074121491609 0.38298950228397 0.382127702353451 0.381944559745756
-9999 -9999 -9999 -9999 -9999 -9999 -9999 -9999 -9999 -9999 -9999 -9999 -9999 -9999 -9999 -9999 -9999 -9999 -9999 -9999 -9999 -9999 0.440263106439669 0.443549052188861 0.453941830762365 0.437024559822616 0.350130591147526 0.287480548602247 0.240948268894991 0.132321475791836 0.038850900830871 0.011969141702455 0 0 0 0 0 0.00151769763530953 0.00450041601257517 0.00544696118664231 0.00664303969128878 0.0118283256386837 0.0741753433552041 0.202843528249702 0.337706587931567 0.462036710694261 0.474649704463181 0.472597629356046 0.450042078648578 0.438766490577733 0.430957763903789 0.412445367381767 0.394989323625649 0.379323658359275 0.374196122769184 0.373880806067844 0.381616195839217
-9999 -9999 -9999 -9999 -9999 -9999 -9999 -9999 -9999 -9999 -9999 -9999 -9999 -9999 -9999 -9999 -9999 -9999 -9999 -9999 -9999 -9999 0.42354492832547 0.42164047742482 0.42908813899681 0.412648061539434 0.334708306898937 0.262622767418707 0.194429206945949 0.147773477005073 0.0976265668102016 0.0300766825758386 0 0 0 0 0 0.000637490745984404 0.00189034593870972 0.00219324903297861 0.0026143203948707 0.0049068458555824 0.0698633236575184 0.207524849585724 0.339121114218027 0.456988648996905 0.465354039199651 0.460407850291076 0.436850522231529 0.423526878691072 0.413500406839767 0.396474264106502 0.382815683808716 0.374864677289277 0.375043981474665 0.378886475613412 0.382047056894221
-9999 -9999 -9999 -9999 -9999 -9999 -9999 -9999 -9999 -9999 -9999 -9999 -9999 -9999 -9999 -9999 -9999 -9999 -9999 -9999 -9999 -9999 0.415188390557747 0.410412562039146 0.413250594036513 0.39647877795604 0.32922674666905 0.245700979252789 0.151356163056402 0.160873498328174 0.152177906246298 0.0551185900580739 0.00797701000000525 0.000900325334978488 0 0 0 0 0 0 0 0 0.0616386783602845 0.194792843841798 0.326913183412465 0.446043034880429 0.449542363269195 0.442595712203548 0.421044364312043 0.408855910809326 0.399685232578792 0.38413122894327 0.373881326644322 0.372621175919795 0.376671560010364 0.383073651204837 0.383320370447062
-9999 -9999 -9999 -9999 -9999 -9999 -9999 -9999 -9999 -9999 -9999 -9999 -9999 -9999 -9999 -9999 -9999 -9999 -9999 -9999 -9999 -9999 0.420904476950732 0.424969073605663 0.418930692840197 0.399591572048285 0.347434874466935 0.249285245605466 0.120558755775637 0.169601656023083 0.195460465745933 0.095836278928581 0.0344998293706655 0.00389382368015393 0 0 0 0 0 0 0 0 0.045327960442092 0.143247106442709 0.284891373828401 0.423250553052994 0.420032609630837 0.412703199326638 0.399625479102452 0.395467512770698 0.393834205295908 0.379866826986295 0.372208776859305 0.37524420511143 0.379718074888382 0.384816543094187 0.386521294042177
-9999 -9999 -9999 -9999 -9999 -9999 -9999 -9999 -9999 -9999 -9999 -9999 -9999 -9999 -9999 -9999 -9999 -9999 -9999 -9999 -9999 -9999 0.54987657910681 0.452182036168138 0.417856921232088 0.383934156046478 0.345132146811778 0.257347226748132 0.136997657888341 0.187576143512015 0.216364419236532 0.12611635674267 0.0575907477589048 0.00649998047735473 0 0 0 0.000577920874300079 0.00171370390003348 0.000971225249777565 0.00504067235606278 0.0398315539600803 0.088239770472278 0.152447325405705 0.280946658565282 0.412013772954338 0.402266121631162 0.394951549403422 0.3910387053427 0.387352996220062 0.383602592599671 0.377235673024515 0.374374169656191 0.377453884010665 0.38142436427484 0.385736841941924 0.381710809398797
-9999 -9999 -9999 -9999 -9999 -9999 -9999 -9999 -9999 -9999 -9999 -9999 -9999 -9999 -9999 -9999 -9999 -9999 -9999 -9999 -9999 0.613044406060723 0.561023979574159 0.480569861803296 0.412622335732391 0.356713096364012 0.33019342718551 0.268167765097968 0.182537132018012 0.211246958455793 0.223481727577092 0.149966202048495 0.0785673967857902 0.00886751023622985 0 0 0 0.00151187777763426 0.00448315843763842 0.00254078704804413 0.0131867195984161 0.104201879459395 0.167636425777586 0.199070918475455 0.300459856075439 0.407896040357123 0.391734232435264 0.384679443527331 0.390357328684682 0.382487526219015 0.37067226057217 0.375610703743886 0.378903979274284 0.37940891283019 0.382304989486072 0.386150371138189 0.371964787551195
-9999 -9999 -9999 -9999 -9999 -9999 -9999 -9999 -9999 -9999 -9999 -9999 -9999 -9999 -9999 -9999 -9999 -9999 -9999 -9999 0.565511079681037 0.562360983647907 0.529514227697732 0.480435662104971 0.436098112714677 0.383562808650169 0.309779539830065 0.240322673096709 0.173742069985127 0.167403316351874 0.150615318171669 0.0829442416371086 0.0353946070531812 0.00399481277465697 0 0 0 0.000695945422408714 0.00206368109827608 0.00116957147036619 0.0201615026224926 0.159316837694918 0.249760897998992 0.283688325629785 0.316420223290322 0.347534139709057 0.366970514477467 0.381269628576729 0.388386253478521 0.38412660993421 0.376244683261347 0.376911793445946 0.375869770515471 0.371930992576528 0.366422638485841 0.360240651993355 0.358862826796067
-9999 -9999 -9999 -9999 -9999 -9999 -9999 -9999 -9999 -9999 -9999 -9999 -9999 -9999 -9999 -9999 -9999 -9999 -9999 -9999 -9999 0.52004773022639 0.499901970689215 0.468744799941951 0.443716537956935 0.395481544452809 0.287775440382351 0.209924982002492 0.151923050385194 0.122038136543629 0.0868943266136748 0.0267703061225302 0 0 0 0 0 0 0 0 0.0248389691796784 0.196278327831235 0.30643332886922 0.345483938894337 0.322068881699481 0.290498422542561 0.344207064978965 0.3783773986648 0.385230899397118 0.383456348205021 0.378642485808192 0.375098610009948 0.36943758999921 0.360188290031163 0.349616413568076 0.338598049051502 0.348495919482138
-9999 -9999 -9999 -9999 -9999 -9999 -9999 -9999 -9999 -9999 -9999 -9999 -9999 -9999 -9999 -9999 -9999 -9999 -9999 -9999 -9999 -9999 0.484250600615613 0.428887223648526 0.39930597398561 0.353078568773409 0.262201344763069 0.179688919463119 0.102737550614174 0.0855388178885432 0.0656884878441439 0.0202372352355291 0 0 0 0 0 0 0 0 0.0230300742155153 0.181984382047094 0.288146041321127 0.333055706255753 0.298266779960606 0.254280634760622 0.330099123590674 0.375645243143376 0.378867061999762 0.37475076888919 0.368108687710875 0.36360223230857 0.354561477012325 0.337835681965919 0.333414685491579 0.33462382005714 0.346788146871729
-9999 -9999 -9999 -9999 -9999 -9999 -9999 -9999 -9999 -9999 -9999 -9999 -9999 -9999 -9999 -9999 -9999 -9999 -9999 -9999 -9999 -9999 0.500995740142435 0.339875107044022 0.335319461856203 0.314136342694303 0.236173399450287 0.155579279731938 0.0732359104006655 0.0539336586827966 0.0373427221826381 0.011504503725799 0 0 0 0 0 0 0 0.0141379477878557 0.0490949951553124 0.189454309507992 0.279239754324687 0.310347514744407 0.2892104794954 0.263304539479546 0.327406985755026 0.365897082956381 0.368578130861969 0.36464194230664 0.358475390776808 0.355078983236358 0.346022748480619 0.327373853745184 0.326126625321643 0.332770976132162 0.345070069285248
