layers/veg50/veg3600.asc
NCOLS 255 
NROWS 330 
XLLCORNER -2985163.8955 
YLLCORNER -3022031.214 
CELLSIZE 25000 
NODATA_value -9999 
[rows 125 to 149 of 330, columns 171 to 227 of 255]
0.247782229616305 0.38569503040225 0.461523014880668 0.463318207511501 0.40394598433654 0.331692827340879 0.308346251906516 0.294956110429717 0.295882073522383 0.304173651239012 0.315449248181761 0.331573148947117 0.349656463332107 0.371159302824445 0.39548171229992 0.421114227529087 0.438380657992858 0.450966927651597 0.453532371226689 0.403384959280436 0.323118588761468 0.351688144564532 0.355940178358297 0.281367718174553 0.264287568422631 0.287082805918636 0.411119105573671 0.516977765648425 0.52594676688465 0.563224628754243 0.624179633958118 0.62286996574089 0.620891508944648 0.660885961625573 0.695543798262877 0.72483568341127 0.739171779554135 0.752042286435501 0.77706883745569 0.792383548882852 0.795957488215704 0.796776854715467 -9999 -9999 -9999 -9999 -9999 -9999 -9999 -9999 -9999 -9999 -9999 -9999 -9999 -9999 -9999
0.22217125122203 0.361264443506033 0.446944039056788 0.468930803993434 0.402902739333824 0.317987425205624 0.299970966849575 0.294737189017764 0.30788330421221 0.322625620485576 0.337697536969959 0.347281396444163 0.363083978097941 0.38973933550851 0.396923707322499 0.395055881496457 0.435630445608549 0.463493414705228 0.464139224349121 0.418928370397689 0.347516034142736 0.368414193023798 0.37452513258721 0.329370749474282 0.315359691594059 0.322948951121761 0.401886801409354 0.479384729904817 0.527426798367743 0.562571184198714 0.586928124914464 0.561215577883311 0.548789709715146 0.632837984018222 0.694314584539333 0.733095434504755 0.744316165585203 0.7546411357111 0.79896358397166 0.816103251428556 0.800381293521038 -9999 -9999 -9999 -9999 -9999 -9999 -9999 -9999 -9999 -9999 -9999 -9999 -9999 -9999 -9999 -9999
0.231760812264224 0.36318808704099 0.442715637569748 0.460355568697849 0.396302148865814 0.315109348908983 0.299865154043691 0.297458072661502 0.313509152080404 0.330409365968576 0.347298681454027 0.357427819263052 0.370445603038268 0.388504587562858 0.403217797482491 0.416380510676147 0.451929986883432 0.476382092471426 0.477073300604332 0.434437608020927 0.367045883633659 0.379540671686821 0.386150554136374 0.366854020168665 0.366492954631937 0.379265108663793 0.439515849463408 0.499733204670051 0.543507140895852 0.545495238666608 0.512534233424818 0.505378331830835 0.521060370412963 0.621705927355422 0.691969001526145 0.73168258003648 0.738390809275082 -9999 0.833992436029417 0.833992436029417 -9999 -9999 -9999 -9999 -9999 -9999 -9999 -9999 -9999 -9999 -9999 -9999 -9999 -9999 -9999 -9999 -9999
0.258836890347977 0.378203680498578 0.443629074742814 0.444732266351813 0.386940844563855 0.317609946371963 0.303867354062547 0.301639358674868 0.31596791097378 0.332893474581482 0.350617123799385 0.364811303116411 0.374793885356463 0.377426481966916 0.411922255371671 0.461243506505742 0.477692844554364 0.489450695152668 0.491163467863329 0.449929869330875 0.384157665110553 0.387885460800906 0.394318699497331 0.39911140580437 0.417656590025857 0.445740186920942 0.500424138326711 0.548865193186692 0.566840457156411 0.520261112953478 0.419689178572231 0.452430858234593 0.515373868780791 0.6189771663411 0.689068841483157 0.72546468039845 0.734878976719292 -9999 -9999 -9999 -9999 -9999 -9999 -9999 -9999 -9999 -9999 -9999 -9999 -9999 -9999 -9999 -9999 -9999 -9999 -9999 -9999
0.278262003454155 0.37304886522088 0.418147491408862 0.403995579048839 0.373232443001574 0.339141198085956 0.320005645158265 0.313153399552274 0.323963010874758 0.342660915787981 0.36446114495394 0.389526601083765 0.41034273630942 0.423743051120542 0.449313332040171 0.480541512407647 0.485232572662217 0.485824678457019 0.477640395687997 0.438906517194716 0.382717276078182 0.421268106863 0.4558900793889 0.467934609998455 0.487252615970699 0.51161534261162 0.557068653872162 0.595403506522455 0.602177851450475 0.582790381243793 0.541521527153392 0.568054433794332 0.610153975209966 0.67387016157848 0.721883062544417 0.754106356951072 0.758015311739123 -9999 -9999 -9999 -9999 -9999 -9999 -9999 -9999 -9999 -9999 -9999 -9999 -9999 -9999 -9999 -9999 -9999 -9999 -9999 -9999
0.312521705438955 0.373951260356985 0.396300098307609 0.372047291015841 0.360784531454564 0.352140687557542 0.331962183779464 0.322941345638422 0.329963832717208 0.349767670929777 0.374664331307629 0.406215726034244 0.433069654657017 0.45172566982137 0.472288523118669 0.493731635459586 0.492085306381404 0.48644285775083 0.472244203316186 0.431733899753656 0.376189702424133 0.444333253869653 0.502987839327001 0.520523812229431 0.537557873411068 0.554243819791254 0.592277996755012 0.623359320462461 0.623357001704157 0.623727080420687 0.62440862728506 0.651187997394176 0.68306179370973 0.71918467403767 0.752017683855903 0.781542738704998 0.793129736358885 -9999 -9999 -9999 -9999 -9999 -9999 -9999 -9999 -9999 -9999 -9999 -9999 -9999 -9999 -9999 -9999 -9999 -9999 -9999 -9999
0.380965180333422 0.389359834972517 0.383615893277709 0.361012438715533 0.351360134152592 0.345009537901321 0.333961558408257 0.328544548841037 0.331224168511703 0.350553173583933 0.376199640697682 0.403985518134569 0.425459650137276 0.435918664266397 0.461361117859883 0.493770939084182 0.49795260639869 0.497307701020896 0.486328482882386 0.434223746684415 0.358620799993695 0.442989215937114 0.515255800486045 0.534797575152687 0.543137955590013 0.543709298233313 0.578586455020344 0.608886691128928 0.611759640984577 0.61244234450154 0.611293155976996 0.654570094823132 0.702699597742138 0.740732468783928 0.774873170284084 0.805100306937847 0.805315501670825 -9999 -9999 -9999 -9999 -9999 -9999 -9999 -9999 -9999 -9999 -9999 -9999 -9999 -9999 -9999 -9999 -9999 -9999 -9999 -9999
0.387688271839022 0.369450939224229 0.359504392144528 0.359444159243997 0.357271918527283 0.354177436661292 0.348068408144343 0.344546025469323 0.344742915428969 0.361108154498146 0.383346917245578 0.402272250062237 0.418293787249609 0.429247684832222 0.465470927692504 0.513444677504704 0.514255556652545 0.51360942754918 0.509843656430083 0.466847671129238 0.401436410008997 0.46938897689267 0.525415209948887 0.532579416957242 0.537760877263752 0.541567148576174 0.560801267718935 0.574766847573361 0.565436274577548 0.567454663140963 0.578965167724633 0.649944889262792 0.722770434372198 0.760983972407761 0.79183770709496 0.81529118150253 0.819591217168016 -9999 -9999 -9999 -9999 -9999 -9999 -9999 -9999 -9999 -9999 -9999 -9999 -9999 -9999 -9999 -9999 -9999 -9999 -9999 -9999
0.356932785107289 0.328096153099087 0.32845387366355 0.363624283637148 0.372496319792399 0.373242635595366 0.369527301535217 0.366861664173722 0.365705359146295 0.377595473081109 0.39390195859729 0.400872884281163 0.411397621275541 0.428124390797039 0.478711812403972 0.545041068706052 0.536895365369907 0.533212602373348 0.539085568512546 0.517769965086852 0.480919414971639 0.512635654217445 0.534294239813051 0.52034684015333 0.525730262865527 0.544521113842678 0.540530288735347 0.528716591163312 0.498026173941614 0.502001482245218 0.534970728619297 0.640457394859176 0.743104222157115 0.78044832686656 0.805225072086708 0.817365374884912 -9999 -9999 -9999 -9999 -9999 -9999 -9999 -9999 -9999 -9999 -9999 -9999 -9999 -9999 -9999 -9999 -9999 -9999 -9999 -9999 -9999
0.315345618871707 0.321532808626336 0.34328254904897 0.383589791011355 0.399251598635948 0.405837814597523 0.39385593721245 0.392330412530216 0.405839812937333 0.421943023802124 0.438690292645432 0.448756274449834 0.461607151357023 0.479318165312303 0.510574466883035 0.548125487177095 0.548325759520413 0.548607461823311 0.549063516140369 0.502241216871029 0.428405113113744 0.470391625705321 0.503318092583179 0.497274691730429 0.505170601934318 0.522734508121983 0.548524636710925 0.567329370225001 0.559452426206113 0.582432270765364 0.631220310697167 0.710465311346016 0.786439167758712 0.825556321797577 0.843764977691013 0.840950201162619 -9999 -9999 -9999 -9999 -9999 -9999 -9999 -9999 -9999 -9999 -9999 -9999 -9999 -9999 -9999 -9999 -9999 -9999 -9999 -9999 -9999
0.289780678462239 0.319198152588808 0.354475753586919 0.396741239525084 0.419799527838819 0.434076965608524 0.417061048340923 0.416714577593438 0.440336682393605 0.460757337303342 0.479398791657458 0.485988663762947 0.49560420151956 0.510500063734873 0.527535366382434 0.545563479247077 0.553376715072049 0.55747995165382 0.553639602804379 0.488966302426723 0.389534400398423 0.441864659080901 0.485955013241001 0.488681210231455 0.498356121783228 0.512850507138136 0.569187440301466 0.619042856214547 0.632375401330412 0.667650134338182 0.721277012793024 0.772089793109005 0.821316720922411 0.865382724055301 0.892103432447286 0.901383498795743 -9999 -9999 -9999 -9999 -9999 -9999 -9999 -9999 -9999 -9999 -9999 -9999 -9999 -9999 -9999 -9999 -9999 -9999 -9999 -9999 -9999
0.312215204017636 0.322655335748067 0.346847237846839 0.387437383731538 0.420411871953672 0.447333023128051 0.436514890112647 0.437407570899526 0.455138934662818 0.478589924013628 0.502136232753286 0.483626769738215 0.472603760957814 0.474645945745505 0.498292371132822 0.531990526841716 0.542151108026751 0.548386642877812 0.546218148824414 0.494301859281223 0.413960780820378 0.468351792332994 0.514972390961351 0.523655022423652 0.532580121996967 0.541673392056897 0.621075835643996 0.692922946004425 0.714789928241354 0.739973612486955 0.767931340869248 0.795115112372101 0.8277008707592 0.885355047654327 0.910947903870423 0.904303197925814 -9999 -9999 -9999 -9999 -9999 -9999 -9999 -9999 -9999 -9999 -9999 -9999 -9999 -9999 -9999 -9999 -9999 -9999 -9999 -9999 -9999
0.329349758843514 0.354234190003736 0.372599156921693 0.38319001467881 0.42024739846229 0.461031451925464 0.462463369247587 0.468586329804109 0.481454422781511 0.491109283381806 0.497758270701384 0.467149159830213 0.450879230000697 0.45963372028312 0.491819526626016 0.534897529095786 0.523301252959897 0.514895524898387 0.513321170521834 0.486431473296036 0.445077149652461 0.483269410596548 0.51688438776238 0.528128380574163 0.540857431962296 0.554616486934786 0.62536665508689 0.692276369574831 0.726471339559767 0.755708948887242 0.780800289653557 0.816271877817162 0.855718845413549 0.905698997546615 0.931458462607443 0.932864099175583 -9999 -9999 -9999 -9999 -9999 -9999 -9999 -9999 -9999 -9999 -9999 -9999 -9999 -9999 -9999 -9999 -9999 -9999 -9999 -9999 -9999
0.342587250683486 0.406490879878628 0.422895675129187 0.382660675087382 0.419511731789933 0.475055155865149 0.493187348506352 0.507475261288551 0.516235581291011 0.499721832190575 0.473442380810293 0.440292278659091 0.430092874053844 0.45994651680072 0.502089550367346 0.549922224935408 0.498845296222577 0.463464723091217 0.461692065581027 0.468850771224024 0.481112660030752 0.489679976476658 0.498865826058382 0.510174786470542 0.530056167472354 0.555883188649296 0.594659026288502 0.636830412694069 0.686142764272354 0.729835083293066 0.76882688405088 0.836054697575903 0.899644149040594 0.926316203867281 0.93774197221528 0.933837645056698 -9999 -9999 -9999 -9999 -9999 -9999 -9999 -9999 -9999 -9999 -9999 -9999 -9999 -9999 -9999 -9999 -9999 -9999 -9999 -9999 -9999
0.374317562216901 0.443905717264898 0.47216799276323 0.451151387843134 0.452966729175681 0.462472416561713 0.482113178521938 0.498997280595037 0.511917651137878 0.503008774598996 0.485302968960666 0.454191831172574 0.437141170852631 0.444628543361431 0.489436998986402 0.551585837951041 0.500694384565839 0.46894417371505 0.478177824413646 0.513634033250745 0.564073231235992 0.574955536026076 0.580331374503483 0.576047870240543 0.593641732094763 0.626409248292219 0.682581746417808 0.733106590071284 0.756297155442739 0.782046102884344 0.809934846051511 0.86096068734432 0.910535515214934 0.936802696919449 0.949807238365561 0.949476234653517 -9999 -9999 -9999 -9999 -9999 -9999 -9999 -9999 -9999 -9999 -9999 -9999 -9999 -9999 -9999 -9999 -9999 -9999 -9999 -9999 -9999
0.400006071581791 0.471338876108728 0.511004012116312 0.51290716296832 0.487209450431515 0.458198894669331 0.475876525376479 0.493056811203426 0.509521977405981 0.508936309290052 0.500877458519962 0.469934995177683 0.445949734367198 0.434106028813854 0.477329482256271 0.546157512912853 0.505471584302749 0.485930771142769 0.511664369113391 0.571472851317722 0.650750967949078 0.662873043250114 0.665977424288091 0.653566151640307 0.671633292889577 0.710839583839377 0.773484181316817 0.821952138539805 0.813951178882369 0.824152242221866 0.849577228313107 0.888234908441307 0.925949251875285 0.949818565259812 0.964935068398702 0.971250646984315 -9999 -9999 -9999 -9999 -9999 -9999 -9999 -9999 -9999 -9999 -9999 -9999 -9999 -9999 -9999 -9999 -9999 -9999 -9999 -9999 -9999
0.395171997344321 0.468250120477684 0.511572746738747 0.519413549306286 0.509382367632083 0.496417271123482 0.505913854177946 0.517299624906198 0.531401810809259 0.526995060628171 0.514366872593871 0.474646476670487 0.449083429266148 0.448227471895929 0.477295125901391 0.520278282759035 0.509577073166218 0.520652081534893 0.578352772661544 0.650399271755309 0.730642647902695 0.726010495381181 0.723509946605367 0.737528840425161 0.770450449429457 0.816482561079374 0.823423098514016 0.816703828598144 0.776786472112456 0.794532452061164 0.860507256884616 0.922048316868966 0.972624872716674 0.976660025964226 0.976823004836015 0.973092523940956 -9999 -9999 -9999 -9999 -9999 -9999 -9999 -9999 -9999 -9999 -9999 -9999 -9999 -9999 -9999 -9999 -9999 -9999 -9999 -9999 -9999
0.397244900993154 0.469455591473275 0.512605186278124 0.521100993330213 0.517782331619628 0.511891926197189 0.514622433595574 0.519562931488503 0.527681118818459 0.52678518479891 0.52121756451242 0.488685380687237 0.465678395088297 0.459294573767048 0.470130958929608 0.488990255520678 0.522219834537673 0.560484268009585 0.609528972277951 0.681063235468029 0.76544753470306 0.738136062543225 0.723448746205683 0.756723005526384 0.796427415171333 0.840591634003215 0.831698653821845 0.813483808350386 0.781686494949973 0.812727508558722 0.896325638285697 0.953510055081813 0.995812693361249 0.989689078611887 0.98661887890682 -9999 -9999 -9999 -9999 -9999 -9999 -9999 -9999 -9999 -9999 -9999 -9999 -9999 -9999 -9999 -9999 -9999 -9999 -9999 -9999 -9999 -9999
0.405434226794 0.474463782456863 0.514048256207907 0.518521059348298 0.513985760810416 0.507226050410595 0.504443499928111 0.502362451382207 0.501290074728522 0.510397664023809 0.522189386117426 0.510984113341887 0.494193887807185 0.467656926824719 0.456653041962571 0.452912508835091 0.542422713162313 0.604842352236113 0.609257607652756 0.668988744782651 0.760326152019847 0.705088439870815 0.672385859215783 0.718561893177364 0.757901299552968 0.792498973157474 0.803079533371016 0.812059924737015 0.823836621700436 0.873264641737244 0.954183712744971 0.982889289479984 0.998201069763983 0.990486657523624 -9999 -9999 -9999 -9999 -9999 -9999 -9999 -9999 -9999 -9999 -9999 -9999 -9999 -9999 -9999 -9999 -9999 -9999 -9999 -9999 -9999 -9999 -9999
0.42164227552025 0.475155020440184 0.505947716437502 0.509647980618267 0.497540144035202 0.481033356006077 0.46662646294925 0.466136488472674 0.485657299235951 0.496114686147982 0.501688039915482 0.476297142233882 0.464831259178899 0.477667002211843 0.485024661809167 0.489854042644413 0.562788041454948 0.616920335885424 0.630795763614613 0.668141574131943 0.718897841735885 0.687355815916084 0.676019224200961 0.729140395870971 0.772779755427022 0.809842741081653 0.849357123347466 0.881377086763161 0.886963403142577 0.921111678949932 0.979148786457076 0.993727528595684 1 1 -9999 -9999 -9999 -9999 -9999 -9999 -9999 -9999 -9999 -9999 -9999 -9999 -9999 -9999 -9999 -9999 -9999 -9999 -9999 -9999 -9999 -9999 -9999
0.43783614995335 0.469665401301561 0.489300419891238 0.494394474212262 0.475822729422805 0.451098282240966 0.433780849478246 0.438397005155204 0.474550912905276 0.482882086483257 0.479125338139621 0.440223677618057 0.430933769161422 0.473321632383013 0.502832596595519 0.526355297429766 0.572783031545263 0.613856371687978 0.643465265838386 0.664082486449788 0.679562063878284 0.679427709627453 0.694674162113037 0.752987580149828 0.80106741372991 0.842049460839407 0.901646121108749 0.948616548977384 0.946071125240465 0.962746905662333 0.995499038001688 1 1 1 -9999 -9999 -9999 -9999 -9999 -9999 -9999 -9999 -9999 -9999 -9999 -9999 -9999 -9999 -9999 -9999 -9999 -9999 -9999 -9999 -9999 -9999 -9999
0.446780053102563 0.437078239609797 0.438383133588642 0.452812932039086 0.439021135751164 0.421688555865046 0.450582818478211 0.470202768735671 0.476487419822762 0.473027108924476 0.465460877309627 0.448222615067217 0.426136196934113 0.395588884875165 0.4302559075254 0.495278640971065 0.530683379788376 0.563839871208118 0.592182575858002 0.633882066482088 0.683213328890168 0.706903240986633 0.739609997652965 0.799667554060849 0.848715365791466 0.890127063592942 0.916995490603288 0.942115247081323 0.966265872929827 0.984625802001261 0.998142471593913 1 1 1 -9999 -9999 -9999 -9999 -9999 -9999 -9999 -9999 -9999 -9999 -9999 -9999 -9999 -9999 -9999 -9999 -9999 -9999 -9999 -9999 -9999 -9999 -9999
0.447045488123222 0.420594890548976 0.410081407311158 0.41857207256716 0.414846719125462 0.412726275966147 0.461520669977709 0.486006623488008 0.475540085210595 0.470183017140951 0.466897609230296 0.467009851021302 0.4377631733762 0.357279961938304 0.38965967236262 0.474574538763529 0.508744056233212 0.546106088288485 0.590303704582085 0.650788539561042 0.720579530694838 0.739503751629348 0.767264337921722 0.825111548564599 0.872602435367072 0.912910406393515 0.934794301155049 0.956400444342192 0.98339480882351 0.997085016016857 0.9996478082595 1 1 -9999 -9999 -9999 -9999 -9999 -9999 -9999 -9999 -9999 -9999 -9999 -9999 -9999 -9999 -9999 -9999 -9999 -9999 -9999 -9999 -9999 -9999 -9999 -9999
0.438074704067654 0.42125031980924 0.405848706099997 0.392143669463511 0.404111007554957 0.425525566475023 0.466217526739342 0.484780152912756 0.471523569291952 0.474800389290861 0.48440606285246 0.497278731774352 0.466870277358256 0.360928568275794 0.383099222556181 0.464909617898213 0.508260732188728 0.562729780368516 0.641003754608559 0.717829388630579 0.793827473118535 0.777558615589106 0.776526529492701 0.827954762009024 0.871201549414834 0.908773868538206 0.955199974333217 0.992808055051754 0.99726089821342 0.999519160137862 0.999941904371026 1 -9999 -9999 -9999 -9999 -9999 -9999 -9999 -9999 -9999 -9999 -9999 -9999 -9999 -9999 -9999 -9999 -9999 -9999 -9999 -9999 -9999 -9999 -9999 -9999 -9999
0.409274549066702 0.407180989544149 0.398725032803747 0.382682260849983 0.38757453932628 0.402671213697623 0.458117612915947 0.486846829517772 0.477160084966287 0.480148657561508 0.486602589209357 0.466964806369501 0.433518908408954 0.375975394780513 0.413201503343275 0.494541801155677 0.536480268959651 0.580278041279412 0.628056823646779 0.71398276404355 0.821705145953325 0.79917181288983 0.784596922632049 0.807891127879345 0.83979117622802 0.877660045862272 0.945333749434052 1 1 1 1 -9999 -9999 -9999 -9999 -9999 -9999 -9999 -9999 -9999 -9999 -9999 -9999 -9999 -9999 -9999 -9999 -9999 -9999 -9999 -9999 -9999 -9999 -9999 -9999 -9999 -9999
