layers/veg50/veg3300.asc
NCOLS 255 
NROWS 330 
XLLCORNER -2985163.8955 
YLLCORNER -3022031.214 
CELLSIZE 25000 
NODATA_value -9999 
[rows 125 to 149 of 330, columns 57 to 113 of 255]
0.0780141685416034 0.089524627878643 0.125949058615928 0.162875603725985 0.173430096534577 0.214052078387258 0.289085852644017 0.302206440971847 0.295066818600614 0.259545324704938 0.232500680326814 0.217143236605122 0.204175650155441 0.188797067797475 0.118967404186513 0.0769058320154667 0.081228033234621 0.182404387828527 0.326196202111048 0.43321790960653 0.520891806526199 0.569026421506442 0.597887665665038 0.61621433498519 0.682498434326503 0.729212186339296 0.721789518823227 0.721206067967869 0.725169441399343 0.731657993435206 0.731021964331676 0.706693009548462 0.679563633132634 0.650186586680757 0.623606063388343 0.597562004497741 0.572064256562922 0.548713873744458 0.527436324382951 0.508480690257314 0.489987934216753 0.471357504481807 0.453525592846158 0.436620151608083 0.420178944261713 0.404368468786209 0.393114843874404 0.382744288618365 0.373608367668746 0.364839761297152 0.355651250143724 0.336603377726482 0.324740619837649 0.325055682572034 0.331509553059129 0.34064699984147 0.337806258112736
0.0825300436236229 0.111412523238524 0.138990255431836 0.166938310568555 0.198545557231109 0.220238093898945 0.230583392971232 0.23190817501815 0.225425067700427 0.17222516638505 0.15426506832635 0.184890786366098 0.163303567921652 0.123061676084883 0.0801661951365025 0.0460399501430647 0.0265618221878255 0.131453471517058 0.290394689533531 0.338914845301337 0.376381750183817 0.391260176572072 0.453107337598992 0.540627000581944 0.619979466318064 0.673611729642848 0.662724638854716 0.66776260810359 0.683387820502911 0.713547588892439 0.732178159563256 0.709486632800133 0.683192564925582 0.65400703113194 0.62859656964516 0.603638083413934 0.578262640767988 0.554387280091715 0.531959935903759 0.511882630860696 0.49248328642179 0.474180934574818 0.456309105054955 0.438936783551146 0.421417088304475 0.404336177609164 0.391626516634942 0.380054370421543 0.370072602428706 0.360759106406346 0.351606864736937 0.34103261754915 0.33318440307612 0.329956454192743 0.331419818472199 0.334953606804255 0.332065531661334
0.121505935773633 0.110344931727777 0.123328969670902 0.142470369052208 0.168625060359973 0.179079878155989 0.171566425064328 0.157700752914863 0.141034240576035 0.115123260949085 0.117350796211824 0.158373460373439 0.135574188253854 0.0924273047765162 0.0870681861571164 0.0716732221099764 0.0395143986846487 0.104191683744674 0.210819036565581 0.2189073752207 0.229309723255462 0.244440992369622 0.294926969375483 0.364737371756805 0.508395454273064 0.616554862442666 0.627739867804143 0.636838472271509 0.644550002936708 0.683663378741797 0.711905875635376 0.696135647730199 0.677437713421074 0.656389947971573 0.632036907455368 0.607172522188637 0.582182873841646 0.558150295726196 0.535041569442688 0.514477267282065 0.494724496619967 0.476616822872076 0.45863645996839 0.440803807841141 0.422219611452694 0.403917537271662 0.39010336755731 0.377383075979752 0.366192153536225 0.356413362996904 0.347239410553436 0.339774795361955 0.333648661471228 0.329791076693206 0.328594342504664 0.328583842557946 0.326590394923854
0.17760047682388 0.097873778828857 0.0934091964336369 0.103829301875803 0.111364436737584 0.114402542538523 0.112293865704906 0.0815513854118125 0.0493165378732911 0.0730328298393752 0.100963661625961 0.134705163102357 0.114373688429137 0.0792300125953703 0.116674084551967 0.125373490556528 0.0860578547429937 0.0886979073871745 0.109497772190216 0.086130767597536 0.0809649901973475 0.11299533123069 0.130089884115182 0.139020728664415 0.372437476873395 0.558774496469431 0.604717334881089 0.617101225895031 0.607174573956735 0.647930313553644 0.68098859955694 0.67476453077977 0.66702129453231 0.658058746463034 0.634707170505563 0.60944435435676 0.58497139333306 0.560964289547665 0.537406873829924 0.516670860464822 0.496839457090013 0.478860192636261 0.460737210334092 0.442447481238984 0.422805731888964 0.403306970864662 0.388562920089474 0.374721033231683 0.362140476683638 0.351935931977758 0.342711465997911 0.335691820255403 0.330148943762821 0.327108996201485 0.324409836560909 0.321878078441647 0.321247194774078
0.308130480658002 0.154550557800726 0.113171963971956 0.0961704368113538 0.087428791646584 0.0806227669545098 0.0760320310011062 0.0488351071422921 0.0198763078122867 0.0299725392595516 0.0517984834365871 0.0897964153351558 0.0853300577771585 0.0691641896087309 0.108878013345383 0.122287458068114 0.0917581121832241 0.0989489053359709 0.122621116412919 0.121139239493571 0.122974567748496 0.131588952999174 0.112117206405708 0.0772939439527396 0.300042675015668 0.478487826016245 0.52050416690509 0.569014185077083 0.621841307246012 0.651333864890443 0.668919922279937 0.654773751309671 0.648311988252254 0.648017872669532 0.624313639317429 0.598113594056458 0.575801156351578 0.554170845221874 0.533198985128806 0.514618129935434 0.496755059284667 0.4801733948666 0.462577035618688 0.443803389690298 0.422939421366253 0.402185921887544 0.387776590285182 0.37407100768757 0.361349348225239 0.350092979064054 0.339538622163474 0.332086140825844 0.325910247372417 0.321898001861155 0.318911429498714 0.31640541444902 0.316379772113405
0.417942823667913 0.209062740461035 0.140315053964988 0.101803877563364 0.0724088349393778 0.0555514503537414 0.0530432282477627 0.0280193629047899 0 0 0.014144257133956 0.0477894822771275 0.05759575878629 0.0612469861693447 0.103170406054523 0.120828105430902 0.0979523859489613 0.1080012211156 0.132546229643958 0.145483736583019 0.152369644497551 0.146888474541559 0.104017417541404 0.0407095326032249 0.231593493552051 0.390745461765924 0.445690989360129 0.52971699947922 0.633076195075026 0.65464693157905 0.659506630123461 0.633823021944206 0.626247093141794 0.63320472167364 0.606657675366872 0.578134909280562 0.561946016080847 0.545312065604813 0.528248505089207 0.512201888439158 0.496452479592379 0.481200386093711 0.464150563764133 0.445014949583165 0.423350881593864 0.401773581249382 0.387443594356513 0.373631323262041 0.360542879196959 0.3483877813706 0.336770304642526 0.328743408287553 0.321967660178454 0.317312443182821 0.3141239032978 0.311613496050114 0.311390060260365
0.477964045068613 0.256398440024431 0.18274412142246 0.136849942456381 0.0767135846270412 0.0494088425385063 0.0596793945992857 0.0330316954034621 0 0 0.00387852055380287 0.0131044343659776 0.0331091765853544 0.0581445223962638 0.103443858929695 0.124916956649454 0.106590744997683 0.113483070028927 0.131473003154193 0.140034295215634 0.146782450278858 0.149825269552979 0.113779650856004 0.0563687982860885 0.170126059686834 0.286670444048056 0.394350994969801 0.511440694147269 0.634785750616352 0.656493987438041 0.655561811903645 0.61063177443649 0.596772269771686 0.607850547607405 0.572807427552276 0.538809632180194 0.537757754232361 0.53203740757277 0.521810627393891 0.509090631421477 0.495721509291814 0.481602524710782 0.465123267792368 0.445905535124036 0.424412362862122 0.402999001221089 0.388123447736279 0.373608118495208 0.359596424733421 0.346912981593865 0.334883844210894 0.325986874843129 0.318726265675169 0.314239071031001 0.31100495344713 0.308339276642641 0.306105277309447
0.541306823660618 0.38708082369151 0.310586642875124 0.245168067804808 0.152085921350814 0.105815926062288 0.113121739034045 0.0826825173201344 0.0432411105810517 0.0158664894719024 0.00678819828330583 0.0229354202544068 0.0302681916067701 0.036262243033025 0.0720714035559246 0.0906704133590898 0.0805216162514816 0.0809085563182855 0.086260811329239 0.118586101475572 0.143995442509833 0.155271315534915 0.134441693495106 0.0960636237231282 0.175998544489029 0.26393475097683 0.361162495729338 0.472734817299176 0.593843650649967 0.629241437191965 0.640679761083306 0.599322486329205 0.561274464531251 0.525882510171361 0.496018180499211 0.476487570584695 0.497365090151651 0.511024118008757 0.517715196628455 0.509821324085595 0.498305913271094 0.483441231512749 0.466619125728482 0.44752594378813 0.426403147531255 0.405278722341716 0.389322839850944 0.374157138412086 0.360096202184678 0.346745494114853 0.333807864473573 0.323673465867611 0.315878996989164 0.31205040010621 0.308842219455232 0.305899619576636 0.300961947611423
0.606666557336649 0.568373962663223 0.490294927991484 0.397979316812023 0.270612755416088 0.200205169965735 0.194986282278405 0.159439248600789 0.112739597688274 0.0413676155804233 0.0176984062898581 0.0597979565637334 0.040571101148096 0.0029762628300832 0.021482547001903 0.033145400242813 0.0333769979292074 0.0252250098097688 0.0142460370380173 0.0874229568622907 0.142908796941605 0.162241058448917 0.161722446746658 0.150353604881243 0.222761967935772 0.290590880755021 0.338996161189516 0.421623455384686 0.527002110010536 0.584318681347637 0.619156275048024 0.595228301572723 0.522119313291734 0.409536735736266 0.393155008528141 0.400201130617183 0.447132598067552 0.485311685448605 0.51504217408066 0.512884970691783 0.50290351787407 0.486152268170019 0.468432659343034 0.449589524246066 0.428958234758207 0.408198648625141 0.390837712396125 0.375053631341936 0.361474177615142 0.347371848208766 0.333224034370519 0.321629136151892 0.313271054024538 0.310398947881843 0.307260130120853 0.303966735286353 0.29590451282387
0.630975450816955 0.639442404624975 0.547923508883245 0.437734400412818 0.337719787937558 0.274469188282672 0.253294452537154 0.268613065694148 0.276617843373608 0.132502112621189 0.0588770883297915 0.0824389999534152 0.0562279855457881 0.0155188447349142 0.0271858401128369 0.0365955531621054 0.042234705593747 0.0494990807432105 0.0578390334739906 0.0994340689267931 0.132765515099583 0.149209449112083 0.156427708269671 0.158603333053976 0.186772779488628 0.210495702253844 0.220512682018411 0.243962151573634 0.276341762377873 0.40653392028987 0.511612349915848 0.507802604703682 0.489399498331404 0.459283491222034 0.446871006864642 0.444890874576572 0.476209915119574 0.500300126985426 0.517412411426417 0.51467511697055 0.50631673921552 0.489314129039107 0.471295998205157 0.45209962253473 0.4322607239556 0.412017929625327 0.389738821817181 0.371669927233653 0.359487401466578 0.343926036880722 0.327238725252048 0.312196201148831 0.302990819274061 0.303678622919043 0.300992064039401 0.296746136500557 0.287350167026383
-9999 0.693729908252045 0.584911971682697 0.46316682698161 0.394954018191846 0.346458463900299 0.320529013069405 0.374753750678213 0.424236053878349 0.238877663909308 0.131348138303017 0.131122812539639 0.092322256634971 0.0428918809493523 0.0441934135411737 0.0465124927618948 0.0505312801656924 0.0673093509993981 0.0896135093191492 0.0988098079253226 0.112037662736552 0.133504425863623 0.148606643716528 0.160230083564079 0.154071893039201 0.144480897994449 0.127832864488155 0.102905390960436 0.072473608849098 0.256090801499755 0.414212361691816 0.429044802876455 0.454011348273777 0.487111712563138 0.483728567295687 0.479351377835561 0.493312896758922 0.505935915639987 0.51726689170603 0.515559300990071 0.509294177343973 0.492244375955562 0.474087018652068 0.454644633783281 0.4354539195503 0.415768586651637 0.390937306330589 0.371452549653358 0.35944285620318 0.343372414858443 0.325635779508242 0.304288412555251 0.292236845188521 0.295940430987867 0.294663429100429 0.291088570934393 0.280439273132619
-9999 -9999 0.584911971682697 0.468108564716072 0.433221667383636 0.415589622830255 0.417705499725356 0.466261570700221 0.507912391658376 0.377043212041145 0.28817298260083 0.25720753925596 0.186141630929263 0.104492712942955 0.0833893557577014 0.0638676004172955 0.0469877501470922 0.051949867087432 0.0663265029686715 0.0540071526400968 0.0625615261236301 0.113773545427019 0.139478765697435 0.151242300012211 0.145930155876202 0.138406813829593 0.126861230735352 0.0901022932066852 0.0365811008786446 0.208448062553365 0.361660023190378 0.390403858989293 0.409783494884796 0.42164725128225 0.443565255147328 0.462334843879661 0.461536355340171 0.47727411448775 0.508974174222784 0.514073854480235 0.511236218818346 0.494427011521724 0.476478578682168 0.457208373997218 0.438196681074497 0.419157873421122 0.399211996338939 0.381111654470639 0.365591585940788 0.351869866916532 0.337606970292966 0.302110816189472 0.281523412652308 0.286204373230321 0.289016673711761 0.290886311429324 0.278887599581956
-9999 -9999 -9999 -9999 0.438354440933533 0.444882598041048 0.458882133514598 0.519125433993559 0.576301165841621 0.495082279908721 0.438335794458134 0.415329893217416 0.344354823276517 0.257391207144816 0.187210668891483 0.116903324418665 0.0463841630493981 0.0513671994103831 0.0889952083598496 0.043864405893867 0.0282341645441809 0.0728914166438433 0.103333079558833 0.12600468556347 0.132310054571114 0.133602656092019 0.123696364073773 0.0906792567623687 0.0422976974272284 0.17203151633704 0.288173941187687 0.309665104976581 0.332839606090205 0.357365184777752 0.340442349301548 0.324330108805467 0.337279412527098 0.381196641460393 0.455006947720108 0.490160487174017 0.511137716764364 0.496220810202373 0.479242276048167 0.459871764884688 0.441530335784283 0.423538265125732 0.406098755485301 0.389531610888529 0.374184134302759 0.360431987554938 0.346365506383857 0.316421562762134 0.297888518144774 0.298695440994235 0.297665222747394 0.29573842874447 0.284380688009742
-9999 -9999 -9999 -9999 -9999 0.444882598041048 0.458882133514598 0.543574435944827 0.633449010352196 0.598322367691824 0.583600020764725 0.597009481296773 0.549916723317147 0.477420777771312 0.338550950299835 0.196174968649136 0.0479423129352559 0.0616499094000287 0.145455100978147 0.0592070539838669 0.00504568155060312 0.0164567968670742 0.0473212271041686 0.0888185872933485 0.114661717788696 0.129732273940605 0.118918815526866 0.101094565535272 0.0786094254158311 0.143869578003231 0.199295299278801 0.197971874797749 0.231839650360237 0.293952531927209 0.191025319444966 0.0973628748096234 0.145021726391361 0.235548494755288 0.367455302060599 0.449755892944671 0.50953880516827 0.497728697523993 0.482279605611667 0.462608428809156 0.445298473641187 0.428647415262216 0.411964970506934 0.397040422772279 0.384573619967088 0.369041658933444 0.352761780807131 0.342856170813213 0.334164444592592 0.32753009112368 0.31682509431429 0.304307024098481 0.295053782620926
-9999 -9999 -9999 -9999 -9999 -9999 -9999 -9999 0.639489718268074 0.609235171505307 0.598954908936959 0.616213588385385 0.595033766495763 0.556179130390165 0.449488334927943 0.357215618645048 0.289026837652521 0.22223244843417 0.155772672312628 0.0625761097383885 0.00121505686255083 0.00491320997377445 0.0215118137100317 0.0451616366552526 0.0874650169144486 0.117134917872812 0.113003228989239 0.0895580425403322 0.0532729236619993 0.0991028941751091 0.13891074213139 0.135868414140636 0.135814604624302 0.138159435137349 0.11619014303408 0.0926699681110465 0.0776037144509074 0.113006654750143 0.197127082815122 0.313810900790667 0.424211944546587 0.457287603496449 0.468721752049336 0.455046615340909 0.441241774573865 0.427136268778449 0.410624631540153 0.396292957820754 0.385009127190061 0.37189787394764 0.35839481345408 0.349657671753331 0.341599085605382 0.334690561543739 0.326484789812818 0.317696361161056 0.309271635538856
-9999 -9999 -9999 -9999 -9999 -9999 -9999 -9999 -9999 -9999 -9999 -9999 -9999 0.605627015411959 0.543670574596897 0.505114050610549 0.505644708466756 0.366582731792719 0.166617369837559 0.0682113863401628 0.00245934564528044 0.00343906490036192 0.00594154894923432 0.00927635650964949 0.0616006011351966 0.101827409045845 0.106788516941481 0.0776592709107207 0.0258661940834184 0.0564026973476519 0.0844292009236259 0.0808687282799471 0.0531341491435912 0.00599698641802746 0.0614666620086492 0.106542513688433 0.0441055731103019 0.0279533419570309 0.0564793508993269 0.176723568272131 0.308416348309661 0.394326751199517 0.439061779948913 0.436023608211402 0.430387307082012 0.423150277032128 0.407974835616252 0.39475919634312 0.384283588893556 0.373658354182754 0.363060442770488 0.353913162694973 0.345777919248176 0.339357944288738 0.334165326545199 0.32950659323759 0.322083436614906
-9999 -9999 -9999 -9999 -9999 -9999 -9999 -9999 -9999 -9999 -9999 -9999 -9999 0.608284768787991 0.593410952589089 0.568403264144105 0.52646797248791 0.3848107081845 0.199650297440919 0.0875040844516613 0.0140423250519084 0.0196363074455052 0.0151129723089672 0.00505964246253631 0.0448654839864018 0.0802924725595824 0.0999631271391334 0.0740421811339878 0.0178111854407084 0.028649643549554 0.0393523325549408 0.03047813016532 0.017777778617531 0.00200648920948971 0.0486501560838717 0.0918249035343027 0.0817024216206398 0.0718424906597149 0.0622359979216827 0.0772914171612744 0.116301849907805 0.266216518873017 0.356943210196449 0.378997808519594 0.397745679602054 0.412886050897234 0.403627205658923 0.39392869899341 0.383615494407197 0.373876701613814 0.364471887517758 0.357332333501916 0.350524886345889 0.344280316476032 0.338669300653787 0.333344869580252 0.328124770573971
-9999 -9999 -9999 -9999 -9999 -9999 -9999 -9999 -9999 -9999 -9999 -9999 -9999 -9999 0.621299293381012 0.609034175795472 0.576281426356555 0.479404417487297 0.354203656236579 0.243075163492011 0.147673623897004 0.0844117639929899 0.0444013981231576 0.0170999977101426 0.0330965084986966 0.0528456020326587 0.0780874898480312 0.0644223574511395 0.024891194892394 0.0277250462476651 0.0313268283165111 0.0253153134353778 0.0153179857699606 0.00212157127411912 0.029401703378608 0.0608042433181925 0.084666947839566 0.0856734038411422 0.0646169156924643 0.0423651907627671 0.0430279936179029 0.180410233563492 0.267136799908775 0.29509076973917 0.319925791294873 0.342877087260816 0.356643557286347 0.365956044544554 0.36904134475264 0.368752724346797 0.366957337753474 0.359977200740404 0.35342930081153 0.347613985681021 0.342184127260694 0.336934690703981 0.332592937619446
-9999 -9999 -9999 -9999 -9999 -9999 -9999 -9999 -9999 -9999 -9999 -9999 -9999 -9999 -9999 0.629600199178701 0.65176692410503 0.641623225367246 0.616368515966739 0.519326534502939 0.38938389112992 0.192205291413157 0.0915042836721184 0.0435366780072586 0.0257252622879517 0.0201634629233304 0.0428842194518613 0.0494868580501457 0.045373905419353 0.0505581861673005 0.056111880020053 0.0602036172535642 0.041989509071102 0.00587231808628349 0.00445748873283861 0.0153465401310639 0.0569630823645173 0.0728864733550589 0.0640084818953967 0.0645616992768696 0.0749925712622079 0.132065889338973 0.170522480442191 0.187379252510775 0.202098634995577 0.219961622121759 0.271903904507604 0.313947857672207 0.342152792869214 0.358897891752829 0.370393865445792 0.361936389296199 0.354702056696447 0.349540790947266 0.344823021760899 0.340304494183254 0.335667998574602
-9999 -9999 -9999 -9999 -9999 -9999 -9999 -9999 -9999 -9999 -9999 -9999 -9999 -9999 -9999 -9999 -9999 0.693979530258622 0.723777059567862 0.651024672639376 0.556071290893273 0.41574784569788 0.246913137194819 0.0624945414811274 0.026398542082397 0.00753723628058789 0.0186083084389671 0.0290345607985348 0.0390321262971191 0.0467370532935679 0.0533461364052437 0.0570760394776191 0.0467806610267831 0.0252283330295919 0.0108181835241588 0.00418993415225332 0.0261494011480475 0.0444436730521541 0.0591999630106387 0.0888203746058392 0.121806843779508 0.156289709123027 0.176482186914994 0.180094425576479 0.181865438366974 0.187427777850841 0.232210178358669 0.278713671382046 0.327623452346973 0.356536987228754 0.376565309187342 0.366667547919839 0.358335934885672 0.352658736360768 0.348249076966836 0.344401234117407 0.339154096648663
-9999 -9999 -9999 -9999 -9999 -9999 -9999 -9999 -9999 -9999 -9999 -9999 -9999 -9999 -9999 -9999 -9999 -9999 0.790256731602255 0.739272054207747 0.685013903003248 0.624066064436585 0.402553294956232 0.0932778140751215 0.0351150897641714 0.00044231662036383 0.0020072662269796 0.0144994433592231 0.0342562219752429 0.0427331715372769 0.0486096825320632 0.0493202423443881 0.0474463897336917 0.0434982400613085 0.0206853422595256 0 0 0.0165809705376701 0.0491674122537255 0.102549729094344 0.155549172968492 0.180587804600937 0.191253107643248 0.185241940277341 0.177426520644152 0.173167590049253 0.205896235440389 0.252425650513947 0.3182501501753 0.356246508926391 0.38215374284628 0.371343159125091 0.362100856919717 0.355516584855794 0.351309166788103 0.348155258605324 0.342378432466742
-9999 -9999 -9999 -9999 -9999 -9999 -9999 -9999 -9999 -9999 -9999 -9999 -9999 -9999 -9999 -9999 -9999 -9999 0.790256731602255 0.739272054207747 0.692043796309832 0.652492175981661 0.462388464414704 0.189994929914541 0.0769215413607095 0.00310037550247536 0.0140697381707129 0.0345449191834482 0.0613397253607543 0.0616767455526339 0.058666699813218 0.0524145177885688 0.047035171688813 0.0423563797955813 0.0200912725950742 0 0 0.00564052907837933 0.0167258133590998 0.0616872633072049 0.11051429968856 0.140289474406006 0.15833093567433 0.162758506194543 0.164734027670324 0.169531059270275 0.206278503990332 0.255935226188129 0.323640622962214 0.359618499680706 0.382373140517668 0.373258833906319 0.364408375342684 0.35600510438951 0.351831262736908 0.349541674834094 0.343923504140277
-9999 -9999 -9999 -9999 -9999 -9999 -9999 -9999 -9999 -9999 -9999 -9999 -9999 -9999 -9999 -9999 -9999 -9999 -9999 -9999 0.645073778124021 0.648370179468427 0.496934887487677 0.260925256212716 0.108470583445934 0.00426846231572276 0.014755013177877 0.0391688417322796 0.0728417547114169 0.0713941590910754 0.0645508376670501 0.0503317466097053 0.0428947621690428 0.0409012215462918 0.01955555372408 0 0 0 0 0.0348317051607672 0.0757454669513279 0.109508118447838 0.134621813307859 0.14970066700316 0.165506149435807 0.185050195084859 0.236775951765294 0.289328048433617 0.343035464720446 0.367926771009674 0.381288714484842 0.374282828406336 0.366664826587877 0.358009369395212 0.353562690998438 0.351025510348994 0.349972268931998
-9999 -9999 -9999 -9999 -9999 -9999 -9999 -9999 -9999 -9999 -9999 -9999 -9999 -9999 -9999 -9999 -9999 -9999 -9999 -9999 0.642036200260673 0.636087414509605 0.504567297820193 0.30441151819592 0.129102989092829 0.00385081899300216 0.00333189741573351 0.027380093008105 0.0677609141840569 0.0712924619137872 0.065993911960066 0.0427392084915657 0.034785492139667 0.0391126301646274 0.0190819357565701 0 0 0 0 0.0228832556922214 0.0519024563860768 0.0888553770897868 0.120717848168199 0.146674190265529 0.180608234700271 0.220956100844144 0.299324032062243 0.354524664615193 0.377334713331059 0.381488569589516 0.378816670131535 0.374357835792358 0.368866928651333 0.361626794354453 0.356581173381828 0.352613026128156 0.36081417183006
-9999 -9999 -9999 -9999 -9999 -9999 -9999 -9999 -9999 -9999 -9999 -9999 -9999 -9999 -9999 -9999 -9999 -9999 -9999 -9999 0.606853296340517 0.607514513919287 0.506385945965804 0.349620399748282 0.159899065778971 0.0199383263729986 0.0093423048379635 0.0304544223632967 0.0726466348647343 0.0744789832272564 0.0687926841081348 0.0503806326840548 0.0401988516026862 0.0366228372467439 0.017400364166003 0 0 0 0 0.0313925992180067 0.0674297353013708 0.0920817755388914 0.106777461736412 0.109921415676468 0.150278617622446 0.204278147436723 0.28744524193198 0.339460017224612 0.347920219261359 0.359308050458212 0.370980026075015 0.368884103356394 0.365844735656949 0.361206353258581 0.36433748799574 0.370953024914285 0.374657084069326
