layers/veg50/veg3200.asc
NCOLS 255 
NROWS 330 
XLLCORNER -2985163.8955 
YLLCORNER -3022031.214 
CELLSIZE 25000 
NODATA_value -9999 
[rows 125 to 149 of 330, columns 171 to 227 of 255]
0.223286212143241 0.390649127800717 0.477463288517437 0.468227407327401 0.394037959670458 0.306867420244515 0.278497583675238 0.268087608632473 0.283501664237877 0.29495684680784 0.305167176328393 0.320175128428397 0.337689253132482 0.359577094573622 0.385547353434893 0.413415132472126 0.431097502788582 0.442503289420614 0.440470103307635 0.370098547572778 0.260679960459876 0.294522539298726 0.296443152147997 0.194839868521005 0.167076406001613 0.19052660038465 0.354345323225055 0.493691409185374 0.501195663032787 0.535579066887889 0.59244382369033 0.586487082099992 0.581276193177078 0.624858976562133 0.662702119090424 0.694774069884212 0.719927946494521 0.743994807580327 0.771056416172563 0.791001846779576 0.802344435143702 0.804944853354701 -9999 -9999 -9999 -9999 -9999 -9999 -9999 -9999 -9999 -9999 -9999 -9999 -9999 -9999 -9999
0.204303348313202 0.355288123714334 0.443954161218482 0.458308468007689 0.392722343133325 0.309928592955942 0.287373678731694 0.282310581363028 0.302398525047988 0.318753819202828 0.333391021510721 0.341325278982791 0.356402705110002 0.383946230440327 0.388973046998497 0.383532583864978 0.429890602169209 0.460024737943876 0.455421455069273 0.391351844205564 0.293304490124165 0.316784893276856 0.320879992120266 0.257703339202334 0.234035735810635 0.23777073005022 0.340655753827659 0.44140556792602 0.500763570504541 0.538804323727696 0.559015621536995 0.525960203809324 0.50856865491219 0.600747704641191 0.668073270075525 0.710408731300474 0.728939523128844 0.745620491858579 0.784752456770809 0.805839470444565 0.805111702488697 -9999 -9999 -9999 -9999 -9999 -9999 -9999 -9999 -9999 -9999 -9999 -9999 -9999 -9999 -9999 -9999
0.229915035114183 0.375351635777453 0.460580905941163 0.474016184728718 0.407876706853382 0.3247718614475 0.303241205319423 0.297382309417542 0.314057441174761 0.331041902744559 0.347750800605024 0.356396074876618 0.368163969395258 0.385381391378899 0.398546399654836 0.409833997605566 0.449924531109576 0.475947538212775 0.471850162414155 0.41162346553228 0.31932571729678 0.33149692309238 0.335961405619948 0.306518431620754 0.301115614680362 0.312386515755833 0.389448352692174 0.466336951031707 0.520006378077113 0.519918477676074 0.47486868482369 0.463959023351623 0.479254499226656 0.588765698036818 0.66501356586273 0.707815253757003 0.714617145972946 -9999 0.812907054281662 0.812907054281662 -9999 -9999 -9999 -9999 -9999 -9999 -9999 -9999 -9999 -9999 -9999 -9999 -9999 -9999 -9999 -9999 -9999
0.277679887237456 0.422948298232134 0.502113569565513 0.502454415377902 0.431212836962594 0.345468103272503 0.322581854438049 0.312875672329762 0.322120774816797 0.33761273353154 0.355223349225171 0.368446839243213 0.376471606250278 0.375423677383402 0.411173715324578 0.464045830640413 0.480510233801695 0.491076180483221 0.48901277338655 0.43140742154921 0.342066632195782 0.342458190156754 0.346395338511011 0.348354733093542 0.368255378518845 0.400599676315992 0.469280120773894 0.529627414179282 0.549023055067933 0.490048533547873 0.365526281495168 0.401225456107215 0.471496806484942 0.58280912763471 0.65776567887055 0.696166612069513 0.708209233213246 -9999 -9999 -9999 -9999 -9999 -9999 -9999 -9999 -9999 -9999 -9999 -9999 -9999 -9999 -9999 -9999 -9999 -9999 -9999 -9999
0.305315946100986 0.427541272752969 0.483008609731093 0.458870647899807 0.42087145441512 0.379699011195083 0.347104666336587 0.331262357767728 0.339507378487254 0.358474801003047 0.381383786683285 0.40305238496199 0.421007623680315 0.432482389811279 0.458181667393262 0.490494057838174 0.491914874332145 0.488178177216383 0.473398580281534 0.41878187812237 0.341403136038767 0.386470933299981 0.426606419756384 0.437950402823297 0.458905187312241 0.486525809816528 0.540859916013809 0.586185798956785 0.591564464468116 0.56384534733499 0.508443698083419 0.532410195187914 0.574670740795593 0.64256167386866 0.693442650213631 0.727220165885146 0.731242041107837 -9999 -9999 -9999 -9999 -9999 -9999 -9999 -9999 -9999 -9999 -9999 -9999 -9999 -9999 -9999 -9999 -9999 -9999 -9999 -9999
0.348541747151584 0.432296829842711 0.460364840782797 0.422029024881786 0.40976258896643 0.402196317502007 0.366008133120769 0.347112644045086 0.353081884182426 0.374301856869163 0.401265135758256 0.429292061106679 0.453156932287145 0.469758279021895 0.48973546512039 0.511275193987603 0.504506050331589 0.492738899191165 0.47027037135612 0.412914763787709 0.335625451265925 0.419129131985611 0.490509584933312 0.509003279097315 0.527035561147393 0.544747818022184 0.588051182175368 0.622833786055865 0.619719690966442 0.614888059718707 0.608619904750401 0.629406692364731 0.656869138008732 0.695062921567309 0.727694673008624 0.754733817772406 0.763840867443775 -9999 -9999 -9999 -9999 -9999 -9999 -9999 -9999 -9999 -9999 -9999 -9999 -9999 -9999 -9999 -9999 -9999 -9999 -9999 -9999
0.428080319246106 0.438807740663796 0.431575888081476 0.402928570771182 0.397981313132377 0.397414819945622 0.371889305788434 0.357067238109876 0.357635385411381 0.378150385865972 0.406180398741151 0.435667247564407 0.45580325355205 0.459620376415246 0.484828206415719 0.51998465503225 0.520428753344066 0.514943134852138 0.496761230208734 0.423551758721158 0.318900753859131 0.424747863899891 0.514859822585261 0.536098716219727 0.542891072786419 0.539663632694353 0.579713357942702 0.614148577592508 0.614528023509178 0.6105404526442 0.602900368750831 0.641951210262595 0.687512396737353 0.728861271785508 0.757305916004815 0.772775394676649 0.772031332585954 -9999 -9999 -9999 -9999 -9999 -9999 -9999 -9999 -9999 -9999 -9999 -9999 -9999 -9999 -9999 -9999 -9999 -9999 -9999 -9999
0.440031180901371 0.417626875219008 0.405808934814287 0.406614663506692 0.408765409500159 0.409272495699352 0.389724247309261 0.375528633365468 0.369029437113182 0.384694836892878 0.408442343580241 0.428272641623552 0.442385040949198 0.446518690494594 0.484896381522212 0.539199716964602 0.535081258831555 0.529206253144609 0.519570253278494 0.458427243398208 0.367854268370365 0.451270415367588 0.519480785220991 0.524888968543842 0.526810792873343 0.526314556180406 0.546679290654619 0.563175028060179 0.559284879599415 0.561916629523368 0.570003205936684 0.639958824549345 0.712818684830748 0.754133929144894 0.77685765037843 0.780887650695931 0.781626523956072 -9999 -9999 -9999 -9999 -9999 -9999 -9999 -9999 -9999 -9999 -9999 -9999 -9999 -9999 -9999 -9999 -9999 -9999 -9999 -9999
0.41094063687352 0.379630683194468 0.381877035641167 0.424137471632482 0.433251916985393 0.431234006271777 0.414817897162658 0.399155628646098 0.384577288451443 0.392876337451542 0.409093109321257 0.412516580141006 0.419211932858809 0.431617301158094 0.487985798155697 0.564794113618828 0.548962460015617 0.538647272606098 0.540143548653964 0.508021109334927 0.456689680379695 0.490486430381286 0.512121505080157 0.490419095338383 0.491338085425988 0.507946775084048 0.498648879748754 0.486522653927963 0.47364888857624 0.486406880942705 0.520602924429033 0.629139168987738 0.734884194748114 0.774229514858056 0.79030093143015 0.7829705075249 -9999 -9999 -9999 -9999 -9999 -9999 -9999 -9999 -9999 -9999 -9999 -9999 -9999 -9999 -9999 -9999 -9999 -9999 -9999 -9999 -9999
0.368116004399645 0.37684823884814 0.40403870362671 0.453239611621096 0.470656383446047 0.475571450864176 0.448686560043958 0.436794088928572 0.446458838918502 0.459202470419536 0.472807008343892 0.480468857444909 0.49046313122303 0.504527900717036 0.533824618248319 0.570199850299529 0.564503243497578 0.559035812657357 0.554059077019869 0.491297763236438 0.395519620861453 0.440659893955905 0.474938044396253 0.462232520716396 0.466702132972496 0.483084037347979 0.509578101811361 0.530913390956354 0.531155565396977 0.557029385258534 0.604341162316067 0.68287127678261 0.758302927514909 0.797110980993331 0.815896462222766 0.814549306872572 -9999 -9999 -9999 -9999 -9999 -9999 -9999 -9999 -9999 -9999 -9999 -9999 -9999 -9999 -9999 -9999 -9999 -9999 -9999 -9999 -9999
0.344478167397218 0.379109067022818 0.421644919753714 0.473607002320104 0.500377359608207 0.514969965016787 0.482008205770789 0.473302167464695 0.499472816822419 0.517476424559712 0.531892219074602 0.535176138105424 0.541365409968102 0.552625039030857 0.56268375367202 0.572181156929586 0.57520531457974 0.574073652274138 0.564043845065735 0.480567846374782 0.355126319982697 0.411609709451985 0.458374610308721 0.45597910088519 0.462110226948907 0.474155237659496 0.537944348052999 0.594146561227763 0.60664599626931 0.639231811383167 0.688617599699704 0.733788840868622 0.777821486378351 0.819734721342979 0.845593903015198 0.855310782062816 -9999 -9999 -9999 -9999 -9999 -9999 -9999 -9999 -9999 -9999 -9999 -9999 -9999 -9999 -9999 -9999 -9999 -9999 -9999 -9999 -9999
0.378459591240331 0.389424359798776 0.417747771220912 0.466770427165551 0.505669446057233 0.536095458753385 0.512155955804203 0.504004340500409 0.518553729534679 0.542002229505519 0.56616436023297 0.536550781057846 0.516573045893049 0.513411571569584 0.534963785166591 0.568013648795182 0.571705888512899 0.571743032916165 0.56395414825951 0.499165317783032 0.401807980254243 0.458498963920101 0.506485869935157 0.511577393905231 0.513112237572806 0.512180246922643 0.605627046887607 0.689393971319409 0.707647960912924 0.72800581666385 0.750123317255674 0.764832275503292 0.785890296216196 0.841109370518744 0.86532538365977 0.858367911423432 -9999 -9999 -9999 -9999 -9999 -9999 -9999 -9999 -9999 -9999 -9999 -9999 -9999 -9999 -9999 -9999 -9999 -9999 -9999 -9999 -9999
0.398831622892343 0.427560781319311 0.448139470692653 0.458999165716099 0.501594756483596 0.54787972664779 0.539302088790132 0.538048684045769 0.547326608850513 0.557890326928618 0.566269525458763 0.519702016204305 0.492194541584344 0.497950215860837 0.5320581035779 0.579343740932637 0.554538472829564 0.536095087767666 0.531273312341827 0.49684638196782 0.445503721519929 0.483033372895458 0.515092763867003 0.521206823402253 0.528072033013191 0.535458223602704 0.616385975959715 0.692039151071576 0.72438837203933 0.749436556479455 0.768378253958048 0.793230321945114 0.823101601653803 0.871472957102488 0.897773964085622 0.901883301621032 -9999 -9999 -9999 -9999 -9999 -9999 -9999 -9999 -9999 -9999 -9999 -9999 -9999 -9999 -9999 -9999 -9999 -9999 -9999 -9999 -9999
0.409196682567465 0.486154049979167 0.503743724574111 0.450540630402474 0.490632686205779 0.552795400859241 0.564241135871138 0.574550522103915 0.583225981167728 0.567427126960138 0.541251748683082 0.48945359847303 0.468120347933019 0.499953763313224 0.547398341448028 0.602069202492318 0.527320998543162 0.475948947486785 0.474628245604451 0.479147633593509 0.487003919634433 0.491130287142724 0.494652138635646 0.497035395180945 0.516530024973892 0.547892722504401 0.585288916106413 0.626594006803934 0.679171350171242 0.721349862975593 0.754830936312607 0.819683217189727 0.881741353910229 0.908446100048526 0.916143621272163 0.904729434627522 -9999 -9999 -9999 -9999 -9999 -9999 -9999 -9999 -9999 -9999 -9999 -9999 -9999 -9999 -9999 -9999 -9999 -9999 -9999 -9999 -9999
0.440191770676776 0.522500419353272 0.55461980588268 0.52689120672885 0.532163048834049 0.547602257104075 0.568352816435118 0.582509280379346 0.587184261344726 0.572951910869968 0.550374051187676 0.501211586023813 0.47108080767208 0.474163706227142 0.523866185817717 0.595228228962245 0.521889399897058 0.475379127513028 0.486312244742472 0.521160643499696 0.569673704633222 0.57405564454419 0.572425247381293 0.560368051426119 0.575646064462271 0.609883170216132 0.671735553344887 0.726484909877156 0.747482400359777 0.770073398813648 0.793997185511038 0.84435923350947 0.893779772696919 0.919818099565549 0.932726658821417 0.932433275967368 -9999 -9999 -9999 -9999 -9999 -9999 -9999 -9999 -9999 -9999 -9999 -9999 -9999 -9999 -9999 -9999 -9999 -9999 -9999 -9999 -9999
0.471759469648315 0.555372890678976 0.601419771786063 0.602670582033892 0.579753210257551 0.554715215320721 0.578243875793571 0.592037250394224 0.591832503664084 0.58033477881341 0.563097878954779 0.514421388987482 0.475533741293151 0.453729363608213 0.500131529451334 0.578247501287225 0.520139809060864 0.489313475529323 0.516900038946213 0.576687493116957 0.654873823330894 0.658806182591352 0.653452625083056 0.632772537789351 0.647588993807863 0.687025062430327 0.760841346859278 0.817067069296529 0.801403380565764 0.806193976367128 0.828092255622789 0.866042293750092 0.90398411033693 0.930285816915338 0.946377005346479 0.952201548284106 -9999 -9999 -9999 -9999 -9999 -9999 -9999 -9999 -9999 -9999 -9999 -9999 -9999 -9999 -9999 -9999 -9999 -9999 -9999 -9999 -9999
0.496405475257248 0.585112888592947 0.635171474072209 0.639143418758722 0.626806763261714 0.611913680092896 0.618707648844886 0.619902359457265 0.61304603840713 0.596369939770635 0.574212670283172 0.514597938219429 0.473669141102095 0.465350622418717 0.492690594089259 0.536614939191426 0.522496885146014 0.530931798492802 0.587655515007303 0.656165029147521 0.731408687111379 0.717516604853445 0.703487396679304 0.700462314661507 0.736134394398877 0.798645964474925 0.808270901192879 0.800618481697394 0.752160016467806 0.761880219228412 0.820260263119391 0.877401276809406 0.927818385800323 0.948624558173956 0.957340655830797 0.953900219478574 -9999 -9999 -9999 -9999 -9999 -9999 -9999 -9999 -9999 -9999 -9999 -9999 -9999 -9999 -9999 -9999 -9999 -9999 -9999 -9999 -9999
0.508957272368887 0.601463240798651 0.654104768604087 0.659210103014949 0.649965075150401 0.63746653268854 0.634161149638255 0.628618699722725 0.619859627941551 0.609184938607866 0.595993420138862 0.545641987953455 0.507208650842705 0.489574508415102 0.492801167026181 0.505749859233499 0.54509983923312 0.585416900604932 0.627804607547092 0.69595468688433 0.778824815424519 0.738860563735139 0.708920069008417 0.721417515830524 0.761770781547279 0.821444223426539 0.809642049982828 0.786044296229845 0.746751986072607 0.769333740660976 0.843666115616229 0.897651121054521 0.942144730524374 0.958283432662964 0.966374901603142 -9999 -9999 -9999 -9999 -9999 -9999 -9999 -9999 -9999 -9999 -9999 -9999 -9999 -9999 -9999 -9999 -9999 -9999 -9999 -9999 -9999 -9999
0.51079913440015 0.605956493276261 0.659915733958472 0.664748442741911 0.651963136565988 0.634995852196825 0.627466992543554 0.620377992262649 0.613921454648348 0.619148347176819 0.627219329090566 0.604020519852612 0.57210000299875 0.52495855582537 0.499598921158902 0.484419841838907 0.585631377823681 0.651296081908469 0.640850448093872 0.700599043454965 0.800455067254084 0.727114932911412 0.674855688867639 0.700987266111919 0.731698566508816 0.765586260980455 0.770226525267983 0.773129973427 0.78016200468724 0.822629385032802 0.894734406054182 0.925774200338525 0.948051398922368 0.960255916626322 -9999 -9999 -9999 -9999 -9999 -9999 -9999 -9999 -9999 -9999 -9999 -9999 -9999 -9999 -9999 -9999 -9999 -9999 -9999 -9999 -9999 -9999 -9999
0.53664705057393 0.609188059543594 0.652348702387024 0.660474844700482 0.638557374780462 0.608547886108339 0.585171808372071 0.581141216692953 0.604927010129396 0.61277133407575 0.612797923775598 0.574297040037332 0.549897455372145 0.550107144493499 0.544308739170328 0.535741406550002 0.613892957535004 0.668034733513813 0.670768493899248 0.703568833670116 0.753548551222301 0.70937856864892 0.685888112120917 0.729633293896924 0.76806889334342 0.802821884630255 0.834522192277919 0.85995660804503 0.865045350755157 0.896239508189395 0.949267876976355 0.965326611146937 0.973633780814914 0.973494901548338 -9999 -9999 -9999 -9999 -9999 -9999 -9999 -9999 -9999 -9999 -9999 -9999 -9999 -9999 -9999 -9999 -9999 -9999 -9999 -9999 -9999 -9999 -9999
0.565331519178698 0.607272209291592 0.635258428821724 0.646604695502843 0.61745848200045 0.577712013903588 0.549920944377653 0.55217403004031 0.597626846571898 0.603080415421749 0.591579378274349 0.538287077628179 0.517692063684837 0.554159627903742 0.572977548499507 0.583588255432192 0.62730169403315 0.664630381619338 0.688288496297513 0.700241051035601 0.705505307987142 0.698969621453928 0.709942542543018 0.769178309316645 0.816671698711571 0.856020836437531 0.906244999503859 0.945719191522936 0.944746130802706 0.962335168625743 0.995449291456121 1 1 1 -9999 -9999 -9999 -9999 -9999 -9999 -9999 -9999 -9999 -9999 -9999 -9999 -9999 -9999 -9999 -9999 -9999 -9999 -9999 -9999 -9999 -9999 -9999
0.586733389204522 0.580700431434228 0.582439390506655 0.593445940853315 0.571612260958242 0.546361628498201 0.581830648825602 0.602401375997737 0.601550224249529 0.591417987836476 0.577178141608034 0.549661166180611 0.513351432242361 0.461696771541655 0.487348735112318 0.548985667222784 0.577291545395087 0.60431591947562 0.628596428513033 0.666865385573463 0.71312703212747 0.730630017382178 0.758855391187142 0.819383956411466 0.867067537440925 0.905842123247951 0.922323252491607 0.936855873899625 0.952402537138169 0.972600799943003 0.996689596919846 1 1 1 -9999 -9999 -9999 -9999 -9999 -9999 -9999 -9999 -9999 -9999 -9999 -9999 -9999 -9999 -9999 -9999 -9999 -9999 -9999 -9999 -9999 -9999 -9999
0.596312905597494 0.568496298638628 0.554039589710687 0.555513837961219 0.546395354917754 0.540773601224249 0.600036040941639 0.625456259912942 0.60221560561086 0.588449541384472 0.578350863484752 0.570961426559248 0.52596456517316 0.415336062321931 0.438813201058775 0.524713518398287 0.550358482052852 0.581420985514479 0.624083138319233 0.683966017023048 0.753688437235594 0.763872895857662 0.784371656851471 0.840010061712892 0.885915858425557 0.925071334687556 0.935618530773908 0.945949383753248 0.965380820916854 0.982505272250469 0.997700192230836 0.999896893640747 1 -9999 -9999 -9999 -9999 -9999 -9999 -9999 -9999 -9999 -9999 -9999 -9999 -9999 -9999 -9999 -9999 -9999 -9999 -9999 -9999 -9999 -9999 -9999 -9999
0.593310265032333 0.571583195945827 0.551628410876551 0.533786978822488 0.543133576202267 0.562603636688719 0.603656366993987 0.619592352107678 0.599413604563093 0.594733824008842 0.596098456739315 0.602825797587025 0.556621053175237 0.418040409813104 0.429754870712869 0.511435729396208 0.547985630521698 0.598350471589648 0.678294875473174 0.754786974401968 0.829306502714286 0.798799960444569 0.784987679427336 0.829155596465324 0.871189154315305 0.911742368124342 0.945951977119703 0.974153777006356 0.984023010494846 0.992025374449479 0.998466314293406 0.999684054445226 -9999 -9999 -9999 -9999 -9999 -9999 -9999 -9999 -9999 -9999 -9999 -9999 -9999 -9999 -9999 -9999 -9999 -9999 -9999 -9999 -9999 -9999 -9999 -9999 -9999
0.55831464555636 0.560203273132137 0.551775008803194 0.531044407827031 0.531407487585279 0.54234308563989 0.596798532548829 0.621343769066058 0.602881870550057 0.597603037441648 0.595741110087771 0.562880313719603 0.512384075975467 0.431110857832681 0.460652009525492 0.541776120315273 0.577194354466398 0.615081449380553 0.658254692647657 0.743887490724204 0.853780738356623 0.814828919478543 0.785691042449186 0.801748758671752 0.829944926779006 0.866560055019483 0.919379677814562 0.964701605551332 0.978848564494263 0.989815769102227 0.998123470732241 -9999 -9999 -9999 -9999 -9999 -9999 -9999 -9999 -9999 -9999 -9999 -9999 -9999 -9999 -9999 -9999 -9999 -9999 -9999 -9999 -9999 -9999 -9999 -9999 -9999 -9999
