layers/veg50/veg3700.asc
NCOLS 255 
NROWS 330 
XLLCORNER -2985163.8955 
YLLCORNER -3022031.214 
CELLSIZE 25000 
NODATA_value -9999 
[rows 250 to 274 of 330, columns 57 to 113 of 255]
-9999 -9999 -9999 -9999 -9999 -9999 -9999 -9999 -9999 -9999 -9999 -9999 -9999 -9999 -9999 0.648500166538657 0.646885871471023 0.649205784515978 0.652992939438627 0.630499720665747 0.611994454423149 0.601638987809715 0.591148321332711 0.580583756361555 0.582693836477575 0.585963498726737 0.59099610966414 0.589896546313322 0.584720212132161 0.55771809044424 0.530984255192173 0.511343742216971 0.496667168031297 0.485974742642383 0.461047734918236 0.435876769592786 0.418471133932311 0.400849329660426 0.383018859648998 0.363487835235726 0.343528475620513 0.323142739128449 0.305189501710074 0.290058540187363 0.273139323865705 0.256379634794529 0.245639319947885 0.235831125946904 0.227326145533063 0.219373558562368 0.211629768320623 0.2040583464576 0.197303120013866 0.191931237060383 -9999 -9999 -9999
-9999 -9999 -9999 -9999 -9999 -9999 -9999 -9999 -9999 -9999 -9999 -9999 -9999 -9999 -9999 0.586991637535847 0.591962550704359 0.595411957778433 0.598245993292529 0.606739645608221 0.613445129313413 0.616496302750851 0.61962517328104 0.622796512035698 0.617619431195822 0.611308493413275 0.602897077008315 0.59418819983431 0.585281565824083 0.577395710631596 0.564760501357259 0.536520292929402 0.51770285256336 0.506448299579175 0.48967921102406 0.47213279466252 0.454698865681575 0.438530213957788 0.423582923711371 0.39837185300931 0.370706218098848 0.341238407416719 0.318113286718525 0.302347190839272 0.294122029598306 -9999 -9999 -9999 -9999 -9999 -9999 -9999 -9999 -9999 -9999 -9999 -9999
-9999 -9999 -9999 -9999 -9999 -9999 -9999 -9999 -9999 -9999 -9999 -9999 -9999 -9999 -9999 0.584077887313239 0.581267926771972 0.582122163766316 0.584915619660807 0.61704234814138 0.639792063912915 0.643378869865821 0.646742824594868 0.649984971731599 0.644846720600423 0.638231525197288 0.628648047210159 0.618909132852208 0.609066881825604 0.597529624367884 0.585524109554201 0.572492448219345 0.552913473611154 0.528079504651502 0.520492210127805 0.511750752644198 0.487452424633165 0.472083937443412 0.465335350371558 0.436418942101369 0.402077666297312 0.36311528543851 0.334482757280281 0.31783530841681 0.302315591764028 0.288616841606578 -9999 -9999 -9999 -9999 -9999 -9999 -9999 -9999 -9999 -9999 -9999
-9999 -9999 -9999 -9999 -9999 -9999 -9999 -9999 -9999 -9999 -9999 -9999 -9999 -9999 -9999 0.583603881389768 0.581254096757776 0.581697917290731 0.583738632339363 0.619270499175563 0.646267473463807 0.655822498883776 0.662185557031544 0.666803927214657 0.666223750062091 0.661994001446395 0.648985410661964 0.637854198903048 0.62797109975297 0.616721137193263 0.606651627343416 0.600778393621235 0.584874246676659 0.560919103831466 0.55330450868889 0.543114432444526 0.511899844160391 0.491478343623595 0.481475319766032 0.449606394736091 0.412842998952561 0.374215781707852 0.345133651325976 0.327126085726621 0.309064606088071 0.292927968274097 0.29445357672266 -9999 -9999 -9999 -9999 -9999 -9999 -9999 -9999 -9999 -9999
-9999 -9999 -9999 -9999 -9999 -9999 -9999 -9999 -9999 -9999 -9999 -9999 -9999 -9999 -9999 0.586346523398793 0.591320685389877 0.593142401175008 0.593773392101854 0.614049711542655 0.634410995314502 0.654945912615935 0.666857938363245 0.674056803281486 0.682203795244573 0.68284080066546 0.664328611322942 0.651470909714302 0.642372405018618 0.635043265931356 0.628114859163752 0.62197365342334 0.613836968605761 0.604098675488534 0.587961201831738 0.566863372042653 0.528684680429559 0.497810490409001 0.473987274241041 0.439860325022188 0.404598769173553 0.375374845720884 0.350509041743188 0.330699690069086 0.314480995525679 0.300455329923934 0.297225832439439 -9999 -9999 -9999 -9999 -9999 -9999 -9999 -9999 -9999 -9999
-9999 -9999 -9999 -9999 -9999 -9999 -9999 -9999 -9999 -9999 -9999 -9999 -9999 -9999 -9999 0.615616979545585 0.615575702444419 0.607183134667204 0.595510218581887 0.624046639842752 0.648385382148258 0.66414572685902 0.673135497958143 0.678424561222034 0.682502379654032 0.681905564450459 0.66955695717274 0.659853248083515 0.651907911029602 0.644171775201892 0.63745453431898 0.63396289639464 0.628869943696134 0.622491746235107 0.609480478965174 0.592129233900099 0.560472747398143 0.520351470361486 0.472059202330878 0.44030900510225 0.410482334476139 0.371564462184845 0.340953492429667 0.31998049995016 0.300055136412581 0.280858331788626 0.265619119911755 -9999 -9999 -9999 -9999 -9999 -9999 -9999 -9999 -9999 -9999
-9999 -9999 -9999 -9999 -9999 -9999 -9999 -9999 -9999 -9999 -9999 -9999 -9999 -9999 -9999 0.660147626386189 0.646118046009803 0.651519525061077 -9999 0.661373663198137 0.664497032861793 0.674003336307464 0.679676830797389 0.683255361559412 0.681300811288085 0.678198385413863 0.672697759409128 0.666691870098561 0.660350073390382 0.651657907697976 0.644689055575895 0.643947523336189 0.640714187995069 0.635480885541301 0.626847382513264 0.614790083713592 0.590314485546595 0.541517366683046 0.469242888780786 0.437675267288509 0.411251276709143 0.364876609930359 0.330229128102101 0.309187962415072 0.284842675038127 0.261757616919457 0.258584508257117 0.241278405463899 0.204212729580968 0.204135353658525 0.216146233783367 0.205911355241245 -9999 -9999 -9999 -9999 -9999
-9999 -9999 -9999 -9999 -9999 -9999 -9999 -9999 -9999 -9999 -9999 -9999 -9999 -9999 -9999 0.667819770012564 0.674277869114304 0.671791459252195 -9999 -9999 0.66521476063913 0.676905543918277 0.685968979921108 0.693596341935373 0.688349896002552 0.682234157715858 0.675110792525081 0.670650522575336 0.667960722362224 0.659860232979557 0.653195560787249 0.65270451307106 0.649860786058231 0.645128755263607 0.635484869522964 0.62179706727601 0.593995549565861 0.538351038807048 0.455829921413663 0.407758660456632 0.36965791410614 0.347827777594648 0.328762530509234 0.312905210968707 0.28607465168147 0.258985249341713 0.25756347164111 0.241278405463899 0.204212729580968 0.193149580409309 0.191800005632418 0.196511326865557 -9999 -9999 -9999 -9999 -9999
-9999 -9999 -9999 -9999 -9999 -9999 -9999 -9999 -9999 -9999 -9999 -9999 -9999 -9999 -9999 0.695501794631285 0.695180096438883 0.695303952320561 -9999 -9999 0.705513754312859 0.694580990337228 0.694773923627901 0.701048018930469 0.694726647760734 0.688601892036081 0.684148947037717 0.681717397597272 0.68062970533697 0.673686144812265 0.667837148371448 0.667188485329253 0.664336117531185 0.65971501566451 0.650642231029127 0.638504272150555 0.616118966062438 0.558479127304957 0.466808385153432 0.399848708324209 0.345856347259159 0.337857732034171 0.32759263099876 0.314697868830152 0.282767236368885 0.246276676626999 0.216885808736658 0.198421993385653 0.195235471105506 0.187373615689211 0.178332750372099 -9999 -9999 -9999 -9999 -9999 -9999
-9999 -9999 -9999 -9999 -9999 -9999 -9999 -9999 -9999 -9999 -9999 -9999 -9999 -9999 -9999 0.695830266085655 0.696385717514346 0.696171865127063 -9999 0.709105798637612 0.708705290139046 0.707486300480463 0.706364730342822 0.705296408453429 0.700358003327489 0.697555005506155 0.700532182898301 0.700664954301462 0.69890671758572 0.693746765144944 0.689280525146631 0.688021798224908 0.684719262315462 0.679776327629055 0.673027989675139 0.665965833113782 0.658688887774936 0.604433064564671 0.5048289263052 0.416336900661202 0.341780032121452 0.335735733565314 0.326751672109969 0.314356788402257 0.274427127888865 0.229622296417693 0.21075215887467 0.198421993385653 0.195235471105506 0.187373615689211 -9999 -9999 -9999 -9999 -9999 -9999 -9999
-9999 -9999 -9999 -9999 -9999 -9999 -9999 -9999 -9999 -9999 -9999 -9999 -9999 -9999 -9999 0.699504956173272 0.699412757729682 0.699448254725904 0.711788273645659 0.711695835055723 0.712511602956505 0.715183386159641 0.71419970832162 0.71121800282858 0.71004243443606 0.710037724990978 0.712836571398387 0.712459196530412 0.709970217256302 0.704880687540596 0.700292251210216 0.698061628852944 0.692028141946314 0.682942405835781 0.674436590890227 0.66667367739392 0.661702900044321 0.630717921795688 0.574621654568389 0.456918330442726 0.343591502344003 0.332233460504017 0.320358412302701 0.307883514092287 0.281478358085013 0.250963837794467 0.218612045623689 0.199750753771082 -9999 -9999 -9999 -9999 -9999 -9999 -9999 -9999 -9999
-9999 -9999 -9999 -9999 -9999 -9999 -9999 -9999 -9999 -9999 -9999 -9999 -9999 -9999 -9999 -9999 0.702215959371848 0.702215959371848 0.709028722097366 0.711856308139401 0.71555591121134 0.721037572623488 0.721679077425189 0.719675015319349 0.720934673942963 0.722070617048505 0.722588670089735 0.721085555294482 0.718238734712062 0.71284713552183 0.707832213867071 0.70475802740868 0.695610745923698 0.681589086395649 0.670870731753145 0.661495612666346 0.655775027938033 0.650104861059533 0.644483362106726 0.500723793212446 0.350406925084259 0.332109932364069 0.316319131645283 0.303436108097709 0.292788161684062 0.283758918265336 -9999 -9999 -9999 -9999 -9999 -9999 -9999 -9999 -9999 -9999 -9999
-9999 -9999 -9999 -9999 -9999 -9999 -9999 -9999 -9999 -9999 -9999 -9999 -9999 -9999 -9999 -9999 -9999 -9999 0.708987972292238 0.707945861072955 0.711152463898286 0.723041759880641 0.734234505644997 0.74504652608278 0.732996997255801 0.723008318420676 0.720378911274729 0.719287438404742 0.71921840966314 0.714143714814439 0.709431012611398 0.707313941496775 0.696788993031983 0.679515727182891 0.671548372718581 0.665427529418023 0.661384746153643 0.655451228228086 0.647692600062047 0.519573026547716 0.385135904808938 0.362163388470688 0.343015026301277 0.328303590027855 0.305895114160861 -9999 -9999 -9999 -9999 -9999 -9999 -9999 -9999 -9999 -9999 -9999 -9999
-9999 -9999 -9999 -9999 -9999 -9999 -9999 -9999 -9999 -9999 -9999 -9999 -9999 -9999 -9999 -9999 -9999 -9999 0.689915681571337 0.693898370070444 0.702287741153525 0.719682630686487 0.738278559959802 0.757530961997835 0.739702559157242 0.724668644859678 0.720180012019394 0.719189433300292 0.720524418783041 0.715690977983654 0.710526112752182 0.706052849082106 0.689280715748848 0.66263728285939 0.655634053605107 0.652645473003515 0.654541276515114 0.650753180796571 0.64147846503355 0.530300451792551 0.412969028553314 0.385259630542428 0.36378380652402 0.349540406892985 0.349709081010358 -9999 -9999 -9999 -9999 -9999 -9999 -9999 -9999 -9999 -9999 -9999 -9999
-9999 -9999 -9999 -9999 -9999 -9999 -9999 -9999 -9999 -9999 -9999 -9999 -9999 -9999 -9999 -9999 -9999 -9999 0.689814052120316 0.684145769110647 0.687468396663463 0.709164893767532 0.730962183179746 0.752814564362005 0.739258262576959 0.727293484474904 0.722665077976263 0.721360627388113 0.722265997633539 0.717572837768948 0.710948908592627 0.699697063396144 0.670178227836031 0.625997969006315 0.617573859887962 0.617554686812228 0.631076097607631 0.632648498757542 0.622686621557664 0.530187413181974 0.431598009984276 0.399069833540148 0.376641457960524 0.365931246979279 0.358904282093315 -9999 -9999 -9999 -9999 -9999 -9999 -9999 -9999 -9999 -9999 -9999 -9999
-9999 -9999 -9999 -9999 -9999 -9999 -9999 -9999 -9999 -9999 -9999 -9999 -9999 -9999 -9999 -9999 -9999 -9999 0.674761922166682 0.674859703809597 0.682390572808945 0.705111736106182 0.723555421570972 0.739661093059758 0.73186698909841 0.724766825374648 0.721653284207789 0.713241934565412 0.701308514276868 0.69600731399175 0.692874626317135 0.694841452088837 0.660700314409026 0.59757825951036 0.604508439809018 0.614000991443543 0.591053610668826 0.572707873300386 0.558804063546801 0.511016927769112 0.457421072499374 0.411417494815058 0.375971254472358 0.352774029565642 0.346500334419098 -9999 -9999 -9999 -9999 -9999 -9999 -9999 -9999 -9999 -9999 -9999 -9999
-9999 -9999 -9999 -9999 -9999 -9999 -9999 -9999 -9999 -9999 -9999 -9999 -9999 -9999 -9999 -9999 0.571612864959247 0.571612864959247 0.611324735983074 0.645548871289965 0.675802935383632 0.697943742196628 0.713610824624818 0.72573945316 0.723376388415287 0.720753850872951 0.718822098642487 0.700738771989993 0.671917611679653 0.666588405837722 0.669048684364879 0.689921467668236 0.654183554614919 0.573008852887058 0.598098080215792 0.617773257607888 0.548794041913752 0.505179961044349 0.486050631139964 0.486742523727345 0.4822509811867 0.422670103153611 0.371387789273166 0.329733778165767 0.311076142145266 -9999 -9999 -9999 -9999 -9999 -9999 -9999 -9999 -9999 -9999 -9999 -9999
-9999 -9999 -9999 -9999 -9999 -9999 -9999 -9999 -9999 -9999 -9999 -9999 -9999 -9999 -9999 -9999 -9999 -9999 0.610860676440403 0.60101662698685 0.599144485325574 0.61356377408527 0.667223976881197 0.742332754992209 0.733225816839323 0.72058584085203 0.706820220430197 0.675338950082888 0.632080022829211 0.638850765851321 0.652998274434654 0.676654652534807 0.643161571663972 0.563799281310731 0.564943798076924 0.572233265562002 0.555813422204368 0.53404400835173 0.507110699166187 0.482427230740309 0.457104811483918 0.425230764059667 0.376753070603965 0.309011209493872 0.296913624161114 -9999 -9999 -9999 -9999 -9999 -9999 -9999 -9999 -9999 -9999 -9999 -9999
-9999 -9999 -9999 -9999 -9999 -9999 -9999 -9999 -9999 -9999 -9999 -9999 -9999 -9999 -9999 -9999 -9999 -9999 0.6061725682529 0.587452914703871 0.574892208258022 0.574917956750234 0.638428202950921 0.736638253268897 0.726894444851205 0.711037513273875 0.689716785757068 0.652003974911859 0.603393436112288 0.615594696497293 0.634786257335662 0.659163761122769 0.629888933007587 0.557551754074787 0.54488579098151 0.54391581376497 0.555659257187889 0.54944745262239 0.525903598432504 0.483426371025334 0.441574433010849 0.426812238832258 0.380066690557487 0.29621286532406 0.277843795221755 -9999 -9999 -9999 -9999 -9999 -9999 -9999 -9999 -9999 -9999 -9999 -9999
-9999 -9999 -9999 -9999 -9999 -9999 -9999 -9999 -9999 -9999 -9999 -9999 -9999 -9999 -9999 -9999 0.586422809816751 0.586422809816751 0.606602422568466 0.62870274502805 0.635280672802331 0.61013695758076 0.638043615114702 0.694946919222406 0.694429606734846 0.686339118646501 0.66437387283968 0.632003915249501 0.59271673327808 0.59957677181715 0.613083047817959 0.63485060186623 0.612981280436795 0.556088198179447 0.545979460659586 0.543414332795787 0.543919163260159 0.543110797233849 0.541034813697731 0.493008804989816 0.441574433010849 0.426812238832258 0.380066690557487 0.29621286532406 -9999 -9999 -9999 -9999 -9999 -9999 -9999 -9999 -9999 -9999 -9999 -9999 -9999
-9999 -9999 -9999 -9999 -9999 -9999 -9999 -9999 -9999 -9999 -9999 -9999 -9999 -9999 -9999 -9999 0.586422809816751 0.586422809816751 0.591230971546613 0.598480711077055 0.59752021102655 0.579781224526157 0.607762873286806 0.660734829050616 0.656407197374978 0.648586494323065 0.637235376968062 0.610926041728143 0.574672235982182 0.563837907112943 0.56545452912788 0.599963937236031 0.575408913809053 0.503447688611741 0.500854387672485 0.507859812216066 0.512689566984721 0.500311798809222 0.471323753695569 0.458410528172751 -9999 -9999 -9999 -9999 -9999 -9999 -9999 -9999 -9999 -9999 -9999 -9999 -9999 -9999 -9999 -9999 -9999
-9999 -9999 -9999 -9999 -9999 -9999 -9999 -9999 -9999 -9999 -9999 -9999 -9999 -9999 -9999 -9999 -9999 -9999 0.592411904734664 0.54899151542272 0.521123098557518 0.525036769948581 0.567438435528273 0.630877140187105 0.616303200664508 0.604948693138682 0.609029240682827 0.589292325156235 0.553721166482635 0.520487324652074 0.507768893558249 0.560532893116396 0.529337360616023 0.430754359653485 0.437729022373622 0.458620430863125 0.47327607285322 0.442265245552639 0.367172960149831 0.35417130237525 -9999 -9999 -9999 -9999 -9999 -9999 -9999 -9999 -9999 -9999 -9999 -9999 -9999 -9999 -9999 -9999 -9999
-9999 -9999 -9999 -9999 -9999 -9999 -9999 -9999 -9999 -9999 -9999 -9999 -9999 -9999 0.58401959930934 0.58401959930934 -9999 -9999 0.592967792800654 0.602335840630123 0.622543620471933 0.664903530576977 0.673047528485297 0.662489551993935 0.591916055475851 0.545256759867429 0.564881662041845 0.56261248553723 0.545787763622346 0.520924901725874 0.504950830243078 0.519931353394978 0.501315624820973 0.455734925169612 0.468652457937471 0.478945675744502 0.441944992378008 0.402715966087234 0.361335939143687 -9999 -9999 -9999 -9999 -9999 -9999 -9999 -9999 -9999 -9999 -9999 -9999 -9999 -9999 -9999 -9999 -9999 -9999
-9999 -9999 -9999 -9999 -9999 -9999 -9999 -9999 -9999 -9999 -9999 -9999 -9999 -9999 0.58401959930934 0.568625446489701 0.527516926607228 0.474720592365867 0.418884286507783 0.565052524623783 0.683120852005352 0.743764062025563 0.720542910315467 0.651482584799092 0.564254430614969 0.508823472666935 0.535787838344713 0.543113410386952 0.537382787795218 0.512757621163855 0.490881101126262 0.483259051467576 0.475182726623462 0.466741792139672 0.471408895763811 0.463831679723756 0.396222724685743 0.352522582637453 0.33190141635521 -9999 -9999 -9999 -9999 -9999 -9999 -9999 -9999 -9999 -9999 -9999 -9999 -9999 -9999 -9999 -9999 -9999 -9999
-9999 -9999 -9999 -9999 -9999 -9999 -9999 -9999 -9999 -9999 -9999 -9999 -9999 -9999 -9999 0.568625446489701 0.527516926607228 0.474720592365867 0.418803473435474 0.557297512285853 0.663156517070866 0.702322403895217 0.653440048866046 0.556431665350066 0.530135644254406 0.518255437041109 0.536379502596556 0.537774556251028 0.528047886266735 0.487621856751556 0.454623473321943 0.454335071577966 0.45277455132389 0.450193005298498 0.418620981033961 0.378832717284669 0.322121529855581 0.304571847698681 0.324824436676162 -9999 -9999 -9999 -9999 -9999 -9999 -9999 -9999 -9999 -9999 -9999 -9999 -9999 -9999 -9999 -9999 -9999 -9999
