layers/veg50/veg3500.asc
NCOLS 255 
NROWS 330 
XLLCORNER -2985163.8955 
YLLCORNER -3022031.214 
CELLSIZE 25000 
NODATA_value -9999 
[rows 200 to 224 of 330, columns 114 to 170 of 255]
0.135092296469163 0.138065616362953 0.152143842308649 0.17238266233645 0.168178633724085 0.165558750222894 0.169573716494724 0.172332900833145 0.174245318392112 0.184401813724367 0.193154909543909 0.194789505400893 0.196518618956612 0.198324644924639 0.20286009594018 0.2075671345072 0.211239965761018 0.209143589665819 0.201401968794739 0.201326458120895 0.202895470404532 0.204470369870795 0.210162707028235 0.220698066773785 0.230228490630868 0.240220475054766 0.257301717712082 0.271094640711851 0.280225278215862 0.295535763814204 0.312752170937789 0.323058019290529 0.333634064574992 0.344674791908444 0.354297874835873 0.363250867040482 0.366781160759079 0.366983116096923 0.360169154999685 0.353849933967698 0.347809264662435 0.380257394462572 -9999 -9999 -9999 -9999 -9999 -9999 -9999 -9999 -9999 -9999 -9999 -9999 -9999 -9999 -9999
0.123828794526076 0.125502480069493 0.136783188401205 0.153393520185792 0.15109149717001 0.149964753433226 0.153841466341285 0.159027497303951 0.1650963941551 0.174500013195574 0.183265113960752 0.18891799726942 0.1915299586901 0.191667413841911 0.194240550766122 0.197406269085488 0.201554625738867 0.199382617163383 0.191026048624742 0.187836288156814 0.186629778522825 0.190735894749971 0.198704059058869 0.211214850967538 0.219986992667404 0.227870060857305 0.237462198996717 0.247564025183427 0.258388503495767 0.276214681132478 0.296107725419719 0.30640016509466 0.316922962671687 0.327841927522928 0.33378816601569 0.337491006180719 0.350780316220725 0.358984098239589 0.356467924670128 0.352814221221104 0.34852005839875 0.348068017805939 -9999 -9999 -9999 -9999 -9999 -9999 -9999 -9999 -9999 -9999 -9999 -9999 -9999 -9999 -9999
0.11930804357295 0.121350666696217 0.124460073761887 0.128161293384254 0.128828794207792 0.12987800063911 0.132228436055373 0.140714794681775 0.153338572232118 0.157773770681905 0.164132784632091 0.179303477319435 0.186490433969444 0.187180740721463 0.185343910646739 0.184500358382397 0.189610193921419 0.188387614057928 0.180968682978904 0.171836266905378 0.164863936916367 0.173227900656805 0.184593031984193 0.199488203959299 0.207224691670712 0.212231243617297 0.210785549723888 0.216978377666537 0.234001347831989 0.255912525102109 0.278930529613001 0.288811473460317 0.298090969725237 0.306336102301557 0.305500669798506 0.300628475670839 0.329247682814345 0.349979001125573 0.354083173225799 0.351807233735828 0.345939122871505 0.346928225973801 -9999 -9999 -9999 -9999 -9999 -9999 -9999 -9999 -9999 -9999 -9999 -9999 -9999 -9999 -9999
0.111932866220333 0.114528125889983 0.118106293958484 0.122229743512205 0.122452440714159 0.123450902068375 0.126858028498694 0.130625114404354 0.13463491898398 0.144063233233206 0.153716867467878 0.162463128186546 0.169663019262748 0.175604574375312 0.172370901715462 0.169088065545551 0.171569737785258 0.169884829526564 0.164122867806462 0.1582878511872 0.15517086537344 0.168641676916161 0.18142094731356 0.193386811500932 0.19861343597976 0.201717988128436 0.202987336054671 0.210575124348457 0.227121400851815 0.243747504987242 0.260375842382694 0.276486400405248 0.289797010900152 0.298292298934131 0.303103056158618 0.306306950199992 0.33140544529273 -9999 -9999 -9999 -9999 -9999 -9999 -9999 -9999 -9999 -9999 -9999 -9999 -9999 -9999 -9999 -9999 -9999 -9999 -9999 -9999
0.106812094712498 0.108800136518059 0.112319784081221 0.116689110274916 0.117200422009823 0.118328379541505 0.121449840965736 0.122203376236936 0.121360232061455 0.131608452606209 0.141170763409975 0.145106346634966 0.152015824830828 0.16134526710977 0.159303211845669 0.156521137172586 0.157938826991462 0.156380214208835 0.151909250439996 0.148140920056217 0.147452344098598 0.164537369651069 0.177890017056056 0.186852557547133 0.191086753484202 0.193889941335706 0.195953177939944 0.203273149056861 0.218046287634933 0.230966772210307 0.243589904261353 0.263530023404154 0.279538329370115 0.288784741366409 0.298525238363265 0.308445340493381 0.305848349888921 -9999 -9999 -9999 -9999 -9999 -9999 -9999 -9999 -9999 -9999 -9999 -9999 -9999 -9999 -9999 -9999 -9999 -9999 -9999 -9999
0.107160658844061 0.105791670796791 0.107576025712867 0.111109739507627 0.113812937996957 0.115607324796571 0.115142429512622 0.117312815859393 0.121260157965787 0.121970553316975 0.123156531021674 0.126889595099005 0.133019363925195 0.141099416627177 0.146215069493541 0.150802581176286 0.155031334958541 0.155060291583706 0.150979691812904 0.145909198347752 0.143797522372852 0.160927440619297 0.172965680830058 0.179014975102178 0.185915843124628 0.19215125692606 0.1897830378774 0.192641682829482 0.202911143869052 0.216325389764 0.231052081554195 0.248819446116836 0.264111662591146 0.275147143513752 0.28750473496758 0.300428104979229 0.302608275030518 -9999 0.320618169999163 0.320618169999163 -9999 -9999 -9999 -9999 -9999 -9999 -9999 -9999 -9999 -9999 -9999 -9999 -9999 -9999 -9999 -9999 -9999
0.105572009794137 0.103038386462337 0.104897091413455 0.10919249880041 0.110364106571207 0.110935810084457 0.110284434637017 0.112642822009916 0.117030675727647 0.115250492557482 0.114219295777116 0.117524915280531 0.122336526242084 0.128373616002928 0.136796530926004 0.144776458886035 0.149281179715033 0.150161438892457 0.147495114983835 0.146484612402285 0.147610757968451 0.159547810866948 0.167867829782162 0.171933412177176 0.179743562520053 0.187806767475347 0.188125639408076 0.191095536826846 0.19782414354387 0.208122952224542 0.219889972367992 0.234692125932417 0.249000960157031 0.262461388590483 0.27918223923286 0.297332509067584 0.298115438360811 0.30284958891574 0.315912651683718 0.320618169999163 -9999 -9999 -9999 -9999 -9999 -9999 -9999 -9999 -9999 -9999 -9999 -9999 -9999 -9999 -9999 -9999 -9999
0.102772615929055 0.100444588726449 0.103508657849624 0.109564064005232 0.106876933437492 0.105045271407917 0.106332315079107 0.108110680712138 0.110220342013816 0.110354060660889 0.11095512085138 0.113692718948014 0.116849645466575 0.120347794432471 0.129671469296543 0.138558109793241 0.141754379662191 0.143025779708883 0.142413669482676 0.148814466857584 0.156091477642483 0.159562102710126 0.162661533172892 0.165324356213559 0.172945432451014 0.181833667930021 0.189288673164978 0.195227653010983 0.199017163243873 0.20394481063535 0.209587674599838 0.220929337395827 0.234087733249081 0.250370528902604 0.2725459795913 0.297332509067584 0.298115438360811 0.30284958891574 0.315912651683718 -9999 -9999 -9999 -9999 -9999 -9999 -9999 -9999 -9999 -9999 -9999 -9999 -9999 -9999 -9999 -9999 -9999 -9999
0.097073514117907 0.09836898482515 0.1018852231537 0.106633461807297 0.105826969423587 0.104404834888089 0.101972200548884 0.103139131827967 0.106733230201067 0.108639683854783 0.110025791935618 0.110215286045852 0.112386621477767 0.116170651663131 0.125769639940701 0.13475973650802 0.137321156906336 0.13960383836861 0.141613770139752 0.147431686226366 0.153513532815379 0.156243037144101 0.159865525270626 0.164538360974438 0.171067949930731 0.178079645457604 0.184626405183381 0.189952821890739 0.19354899697102 0.201379056870504 0.210957567218031 0.224275271974821 0.237515540043816 0.250622633252081 -9999 -9999 -9999 -9999 -9999 -9999 -9999 -9999 -9999 -9999 -9999 -9999 -9999 -9999 -9999 -9999 -9999 -9999 -9999 -9999 -9999 -9999 -9999
0.0911387135047948 0.0955419507161305 0.0995996007351234 0.103465531670493 0.104788410990613 0.10435848842838 0.0996691858699991 0.100036543383175 0.103813578683292 0.106487821067176 0.108142890630007 0.106784377034576 0.108489432831723 0.112687423977523 0.122461546503263 0.131551163676868 0.13403983268891 0.136941444207276 0.1402471253639 0.144957732463672 0.149713323633802 0.152914190571841 0.157219609898078 0.162824228524224 0.16847455778668 0.174142246724588 0.179850455050385 0.184645749280548 0.188146684509699 0.198084516305518 0.210483845479275 0.224802378384108 0.232125428022356 0.227417713738787 -9999 -9999 -9999 -9999 -9999 -9999 -9999 -9999 -9999 -9999 -9999 -9999 -9999 -9999 -9999 -9999 -9999 -9999 -9999 -9999 -9999 -9999 -9999
0.0851180336303355 0.0903678118359596 0.0953925102147611 0.100292342571046 0.1032662174275 0.104965821597809 0.103576935269123 0.102591287022804 0.101877539974676 0.102357761193318 0.102925291762902 0.103416631494335 0.106059335742475 0.110452681795737 0.120236524895079 0.12958453417871 0.13353080104603 0.135751588173763 0.136283970829876 0.140023738903827 0.144622884473378 0.15026413066936 0.154508656424388 0.157110328260993 0.162704858515853 0.16918765954847 0.175973185612249 0.181240445762412 0.184355059611445 0.192277907789393 0.202042741678349 0.213304271834681 0.221630316717311 0.224907942644735 -9999 -9999 -9999 -9999 -9999 -9999 -9999 -9999 -9999 -9999 -9999 -9999 -9999 -9999 -9999 -9999 -9999 -9999 -9999 -9999 -9999 -9999 -9999
0.0814956786566789 0.0862051200725629 0.0911170645983524 0.0961413504131775 0.0994000113614009 0.102085418123947 0.103475069106158 0.10202520333973 0.0986606672085819 0.0995058064195707 0.100742647085081 0.10198643870129 0.104427302514855 0.10784226654071 0.115631213389263 0.123711661449952 0.130206425793096 0.133525433783312 0.133736922685331 0.136059343541026 0.139370965915052 0.145938837286389 0.150790699055375 0.153624151830973 0.158824808163497 0.16482399085677 0.171970658891642 0.177861483043881 0.18197173130062 0.188837830554487 0.19677980516162 0.20596506891597 0.211474056102931 0.210660618689887 -9999 -9999 -9999 -9999 -9999 -9999 -9999 -9999 -9999 -9999 -9999 -9999 -9999 -9999 -9999 -9999 -9999 -9999 -9999 -9999 -9999 -9999 -9999
0.0796865095371817 0.0828071043560819 0.0867899410407399 0.0912511178491867 0.0937616807966715 0.0965682097941061 0.100341846259464 0.0990997062373539 0.0944754560018677 0.0976201269352436 0.100854493867607 0.102021077979883 0.103398622946338 0.10494783426115 0.109226350884441 0.114885583771247 0.124753589460249 0.130515815267187 0.132260481810272 0.132827985530467 0.13399696541532 0.140347030910027 0.146311424811626 0.151822183132773 0.156373373545046 0.160907069407927 0.167873434937715 0.174502434543484 0.180653105878855 0.187186902504953 0.193919632323793 0.201770087711968 0.207536559595288 0.209719016964038 -9999 -9999 -9999 -9999 -9999 -9999 -9999 -9999 -9999 -9999 -9999 -9999 -9999 -9999 -9999 -9999 -9999 -9999 -9999 -9999 -9999 -9999 -9999
0.0774273398738332 0.0799110095451376 0.0832840218968684 0.0871504089091672 0.0903550030029256 0.0935467773493362 0.0967743929780727 0.0975174575238676 0.0965852030808148 0.0975058769695109 0.0983595920573938 0.0984298115037045 0.102490388103868 0.102415891409832 0.108556207034925 0.115624091375332 0.122665038315661 0.127668560593137 0.130678436215465 0.132837096107375 0.135805789897474 0.144797050217409 0.149349706002649 0.148681575552978 0.151426556337476 0.155268060465914 0.160245252665839 0.166459851516386 0.174428885361206 0.181005527550969 0.187342798112093 0.198875074202715 -9999 -9999 -9999 -9999 -9999 -9999 -9999 -9999 -9999 -9999 -9999 -9999 -9999 -9999 -9999 -9999 -9999 -9999 -9999 -9999 -9999 -9999 -9999 -9999 -9999
0.0752080128544276 0.0774975849748206 0.0804537743747035 0.0837797785616597 0.0872253347094538 0.0904857705081762 0.0932559290520673 0.0959009915779449 0.0984617025540209 0.0977516191170414 0.0971727210162072 0.0980195342901402 0.0991653908651957 0.100554589607708 0.10806022633759 0.115766322054713 0.120356751572189 0.124693334414493 0.128781524968185 0.132697825637937 0.137579878013025 0.148545635796818 0.152288827687076 0.147536675533283 0.1475820133909 0.149197847253117 0.152686510300048 0.158604411759833 0.167966565663871 0.17463168905905 0.179936706749293 0.178144751300684 -9999 -9999 -9999 -9999 -9999 -9999 -9999 -9999 -9999 -9999 -9999 -9999 -9999 -9999 -9999 -9999 -9999 -9999 -9999 -9999 -9999 -9999 -9999 -9999 -9999
0.0733632147765602 0.0767040267625077 0.0798330062639407 0.0828444688818991 0.0840729110299067 0.0860487869878042 0.0901396240273244 0.0934940270530562 0.0963518567155739 0.0985209070644147 0.0998942494114193 0.0988623996650017 0.099915454225649 0.102665069555649 0.10542732901807 0.108916668292231 0.115550460107735 0.121143856053969 0.125719211047517 0.130397053674321 0.1356999119199 0.144661979836849 0.151160832728112 0.154762396843319 0.149221251115872 0.142304629994663 0.14712646050902 0.153767454571477 0.162987717290267 0.169733899407134 0.17533367915911 0.176361645448464 -9999 -9999 -9999 -9999 -9999 -9999 -9999 -9999 -9999 -9999 -9999 -9999 -9999 -9999 -9999 -9999 -9999 -9999 -9999 -9999 -9999 -9999 -9999 -9999 -9999
0.0722300374939902 0.0752483210705527 0.0780656352513296 0.0807714589913434 0.0817580638322835 0.0835159698820641 0.0874437971024777 0.0911798053027687 0.0947864710037082 0.0976374923434666 0.0994109498333073 0.0978733873219421 0.098908703900284 0.102037663679943 0.105983720539334 0.110259041319362 0.1154297421325 0.119915571561284 0.123731245391428 0.128532513981398 0.133654863349784 0.139443330252986 0.145003468418572 0.150295041200362 0.144343344586221 0.136600683688261 0.142352033514499 0.14937914802102 0.158215082771411 0.165996006807025 0.173022828972113 -9999 -9999 -9999 -9999 -9999 -9999 -9999 -9999 -9999 -9999 -9999 -9999 -9999 -9999 -9999 -9999 -9999 -9999 -9999 -9999 -9999 -9999 -9999 -9999 -9999 -9999
0.071744459563545 0.0731900384420312 0.0752548162376369 0.0776631028541746 0.0802054399854015 0.0827160095795567 0.0851306196826411 0.0889499826610274 0.093716562697171 0.0952500614606352 0.0960111467846521 0.0952173033711714 0.0963031928132072 0.0989186877190168 0.109442474387105 0.119056439939617 0.119573056878065 0.120799653169902 0.122720973536161 0.127064960629718 0.131459584058682 0.133009790643934 0.134269205352626 0.135186584132119 0.133534613065385 0.131979014773327 0.13829255023353 0.145399128952258 0.15363010993925 0.163313660340818 -9999 -9999 -9999 -9999 -9999 -9999 -9999 -9999 -9999 -9999 -9999 -9999 -9999 -9999 -9999 -9999 -9999 -9999 -9999 -9999 -9999 -9999 -9999 -9999 -9999 -9999 -9999
0.070746532648689 0.0719010369484762 0.0740104147610009 0.07664952133343 0.0791594710068528 0.0814729587702311 0.0832927999508722 0.0865946959515404 0.0908959332817358 0.0934201469502046 0.095127213051043 0.0946895715736534 0.0955689907573937 0.0975201490329277 0.106997489387216 0.115902095421279 0.117419940158392 0.11873109734884 0.119840008074141 0.122615475781213 0.12609284919174 0.131661279400943 0.135116227566858 0.136085250736957 0.134472009213847 0.132697101203455 0.136384230679619 0.142613702380108 0.152447788750746 -9999 -9999 -9999 -9999 -9999 -9999 -9999 -9999 -9999 -9999 -9999 -9999 -9999 -9999 -9999 -9999 -9999 -9999 -9999 -9999 -9999 -9999 -9999 -9999 -9999 -9999 -9999 -9999
0.0696502993767146 0.0709428138678653 0.0731811874052937 0.0759442888076645 0.0782498879166934 0.0803183681916079 0.0818224597476656 0.0844962756249946 0.0879588301121262 0.0916273056059374 0.0942326880605693 0.0932821899940743 -9999 0.0967958192996904 0.104008770378824 0.111258674615422 0.113969553834197 0.115716384767256 0.116519881855753 0.117770726070427 0.120330008954998 0.130246817894688 0.136284031173086 0.137757976994972 0.135754065993723 0.133192339920087 0.134768536793055 0.135692828677459 -9999 -9999 -9999 -9999 -9999 -9999 -9999 -9999 -9999 -9999 -9999 -9999 -9999 -9999 -9999 -9999 -9999 -9999 -9999 -9999 -9999 -9999 -9999 -9999 -9999 -9999 -9999 -9999 -9999
0.0685442734967596 0.0709637860725645 0.0729854236383195 0.0747863347593055 0.0775562474550001 0.0800687478261739 0.0818158968568058 0.0838747324725559 0.0861437366206428 0.0894770667815177 0.0922118795153239 0.0926563396244775 -9999 -9999 0.104008770378824 0.110621035869658 0.109929411453457 0.110646350348564 0.112741586849151 0.11380038717862 0.11562500822945 0.123444869625642 0.127661642228299 0.127640380955801 0.127208275184656 0.127221472559832 0.132561438589688 -9999 -9999 -9999 -9999 -9999 -9999 -9999 -9999 -9999 -9999 -9999 -9999 -9999 -9999 -9999 -9999 -9999 -9999 -9999 -9999 -9999 -9999 -9999 -9999 -9999 -9999 -9999 -9999 -9999 -9999
0.063428570566605 0.0692856559453509 0.0725582399986434 0.0743970376248956 0.0772702609955261 0.0799293351200245 0.0819279123079364 0.0836677893583696 0.0852332263436693 0.0885265358364053 0.091838276444888 0.0946851368850919 -9999 -9999 -9999 -9999 0.106597888715595 0.10799792954987 0.110767928634485 0.11172641149511 0.113167269139264 0.119891753457245 0.122855256149958 0.121395007876467 0.122149169852354 0.123404274592285 -9999 -9999 -9999 -9999 -9999 -9999 -9999 -9999 -9999 -9999 -9999 -9999 -9999 -9999 -9999 -9999 -9999 -9999 -9999 -9999 -9999 -9999 -9999 -9999 -9999 -9999 -9999 -9999 -9999 -9999 -9999
0.0539276461427744 0.0657492863707762 0.0718779618111693 0.0748483894450303 0.0774301092180313 0.0799104520700574 0.0821696120921119 0.0839142775246233 0.085312022114396 0.088888076839384 0.0923638953812103 0.0948479226207017 0.0959623856870952 -9999 -9999 -9999 -9999 0.10799792954987 0.110767928634485 0.11172641149511 0.113167269139264 0.119891753457245 0.122222277949702 0.119384528315787 0.120903311298528 -9999 -9999 -9999 -9999 -9999 -9999 -9999 -9999 -9999 -9999 -9999 -9999 -9999 -9999 -9999 -9999 -9999 -9999 -9999 -9999 -9999 -9999 -9999 -9999 -9999 -9999 -9999 -9999 -9999 -9999 -9999 -9999
0.0508207007577686 0.0598358518324283 0.0674284725623629 0.0742319256953481 0.077434785019799 0.0801662882859206 0.0820561778298288 0.0838285278991724 0.0855216217539711 0.0881261096769817 0.0909797623719694 0.0943750019083425 0.0972652665366694 0.0997446151265021 -9999 -9999 -9999 -9999 -9999 -9999 -9999 -9999 -9999 0.118279800260634 0.118279800260634 -9999 -9999 -9999 -9999 -9999 -9999 -9999 -9999 -9999 -9999 -9999 -9999 -9999 -9999 -9999 -9999 -9999 -9999 -9999 -9999 -9999 -9999 -9999 -9999 -9999 -9999 -9999 -9999 -9999 -9999 -9999 -9999
0.0495151690641494 0.0538208893415891 0.0622222892500289 0.0728958218157826 0.0770838044245986 0.080343218129841 0.0818813708180535 0.0837338841124012 0.0857983690165983 0.0872376838621128 0.0893194677942817 0.0937024801418649 0.0970559976672857 0.0995717786493008 0.0993446248148112 -9999 -9999 -9999 -9999 -9999 -9999 -9999 -9999 -9999 -9999 -9999 -9999 -9999 -9999 -9999 -9999 -9999 -9999 -9999 -9999 -9999 -9999 -9999 -9999 -9999 -9999 -9999 -9999 -9999 -9999 -9999 -9999 -9999 -9999 -9999 -9999 -9999 -9999 -9999 -9999 -9999 -9999
