layers/veg50/veg3000.asc
NCOLS 255 
NROWS 330 
XLLCORNER -2985163.8955 
YLLCORNER -3022031.214 
CELLSIZE 25000 
NODATA_value -9999 
[rows 75 to 99 of 330, columns 171 to 227 of 255]
0.814042726109119 0.816836205369517 0.817411086573736 0.815340409365201 0.801614160154511 0.786238732406013 0.78811482438719 0.787817434625662 0.784394850437996 0.772326518707764 0.757947324105627 0.762454705205358 0.765282221561289 0.765178075295905 0.761745844505507 0.756768955620752 0.766905923042633 0.773774376228264 0.773644520151064 -9999 -9999 -9999 -9999 -9999 -9999 -9999 -9999 -9999 -9999 -9999 -9999 -9999 -9999 -9999 -9999 -9999 -9999 -9999 -9999 -9999 -9999 -9999 -9999 -9999 -9999 -9999 -9999 -9999 -9999 -9999 -9999 -9999 -9999 -9999 -9999 -9999 -9999
0.810326379499317 0.809893349936534 0.808806780035943 0.806940898563367 0.787844186569817 0.766682439279069 0.774698261649626 0.778534411135047 0.776360714691212 0.75672128829659 0.73237673166613 0.745426318709236 0.753275190342583 0.752047889011912 0.744612845165619 0.734297052945577 0.753507997234184 0.765314291916198 0.761266279661095 -9999 -9999 -9999 0.752973640876683 0.755064243747678 -9999 -9999 -9999 -9999 -9999 -9999 -9999 -9999 -9999 -9999 -9999 -9999 -9999 -9999 -9999 -9999 -9999 -9999 -9999 -9999 -9999 -9999 -9999 -9999 -9999 -9999 -9999 -9999 -9999 -9999 -9999 -9999 -9999
0.801490834050754 0.797387169203861 0.794185198337557 0.792058448865877 0.779163202968081 0.764584683674197 0.764372564537429 0.762446071199084 0.75805452255624 0.733741387225325 0.704426096369281 0.725281187486738 0.738178936049953 0.737189707213726 0.735210814536738 0.732776689066058 0.74726459318528 0.757642546229071 0.759220565540904 0.759794358337788 -9999 0.752404079762407 0.752973640876683 0.755064243747678 0.755920416801463 -9999 -9999 -9999 -9999 -9999 -9999 -9999 -9999 -9999 -9999 -9999 -9999 -9999 -9999 -9999 -9999 -9999 -9999 -9999 -9999 -9999 -9999 -9999 -9999 -9999 -9999 -9999 -9999 -9999 -9999 -9999 -9999
0.791128540793193 0.785176313635106 0.779747944773099 0.774944248649094 0.765443674457046 0.755569560498053 0.755514020013677 0.749497440115893 0.734909632412173 0.711423505470668 0.687011331990349 0.711988205915934 0.726886297945049 0.724195123776799 0.725405233069301 0.728435475229747 0.742366258756412 0.752897973577835 0.756151845230928 0.751344233952676 0.741930469810147 0.743660724650205 0.746021149112043 0.748642920745913 0.750509583399129 0.751852519265374 0.763801968966044 0.774358460234744 0.776510616098389 -9999 -9999 -9999 -9999 -9999 -9999 -9999 -9999 -9999 -9999 -9999 -9999 -9999 -9999 -9999 -9999 -9999 -9999 -9999 -9999 -9999 -9999 -9999 -9999 -9999 -9999 -9999 -9999
0.778864531941533 0.773333314804866 0.765540290153963 0.755050182144203 0.745448139280661 0.737938170966149 0.748482959334946 0.740459627342744 0.705737664708344 0.689930234336421 0.682720038235655 0.707230255323343 0.72033144048442 0.713521836656038 0.715096989067706 0.720580613415804 0.739143341745205 0.751799484828714 0.751808869400489 0.747911065531952 0.741780780694483 0.734617233845166 0.730408640330359 0.734223204024356 0.741468991189984 0.751094598607014 0.763801968966044 0.774358460234745 0.776510616098389 0.777490820364386 -9999 -9999 -9999 -9999 -9999 -9999 -9999 -9999 -9999 -9999 -9999 -9999 -9999 -9999 -9999 -9999 -9999 -9999 -9999 -9999 -9999 -9999 -9999 -9999 -9999 -9999 -9999
0.765771957567943 0.735191121888744 0.701182313946838 0.663085834137995 0.690422464430341 0.729666344670435 0.698154087712614 0.667391200504454 0.637705813106271 0.653516052454583 0.685828516662857 0.70829968773588 0.721757497338172 0.719485388794575 0.723902799617701 0.731433290603406 0.733709269093905 0.736849273940198 0.74183927031537 0.740026918515048 0.734327855572471 0.723784805744477 0.716329175990309 0.7177365660243 0.72682246160541 0.741233997778748 0.755131167555225 0.767265083998986 0.773555081679815 0.773259573923347 0.767456039609856 0.770704683261088 0.773904414465321 0.77033897736993 0.761437298893837 0.747170045651281 0.782041889923025 -9999 -9999 -9999 -9999 -9999 -9999 -9999 -9999 -9999 -9999 -9999 -9999 -9999 -9999 -9999 -9999 -9999 -9999 -9999 -9999
0.751858670090968 0.69212533119245 0.629059326513088 0.562019297801366 0.631341474760996 0.722854972569207 0.641073505561593 0.58636771986424 0.570593371524805 0.620194001936038 0.691656749501713 0.710810352280226 0.724575742390096 0.728937743486262 0.736722677054804 0.746092373593227 0.728040001949848 0.719371795014161 0.730796291383666 0.730330750302111 0.723071505068607 0.711637379839091 0.702766274930318 0.701272401179581 0.711347364567324 0.729446215974875 0.743351845980111 0.756398536746738 0.767954467615913 0.770235658568517 0.764759584075616 0.764044834828524 0.764546113102387 0.767122881003567 0.76121108266365 0.746764056327601 0.781252501784283 0.820149846654605 0.816789192356245 -9999 -9999 -9999 -9999 -9999 -9999 -9999 -9999 -9999 -9999 -9999 -9999 -9999 -9999 -9999 -9999 -9999 -9999
0.731579943752635 0.685523367733544 0.644802499879278 0.610444175967627 0.649085741189271 0.699772343190667 0.659314525554008 0.639646887132524 0.649872921579347 0.674004915850926 0.702290052004223 0.709195625632702 0.71517740460271 0.719546997663107 0.727959023567528 0.738246359507151 0.727454693837559 0.721844599249125 0.727328914619534 0.715756424100809 0.694438052337807 0.690905634444759 0.689669375628542 0.692296314975891 0.70613928756802 0.727761451249565 0.726827157266678 0.727761921537779 0.742836689192931 0.743784066596635 0.732915488273438 0.682198345591514 0.649536872346563 0.727598528565204 0.758430988726564 0.741774633347879 0.771551282836792 0.807027522715401 0.812147718750198 0.814949944213414 -9999 -9999 -9999 -9999 -9999 -9999 -9999 -9999 -9999 -9999 -9999 -9999 -9999 -9999 -9999 -9999 -9999
0.705463600669658 0.671281880568632 0.650007484539395 0.644124375674203 0.658989094985035 0.677354460107222 0.670575805938283 0.675159872841417 0.696082108988154 0.70252529025031 0.70344557032883 0.701908259763713 0.703043371129155 0.708842333861867 0.718673244925797 0.730375484261976 0.723728259081381 0.719889993631364 0.722066072155558 0.704381504096621 0.675349002298399 0.677841736916544 0.681702024541548 0.685193011342391 0.700192411077177 0.723173789948011 0.716898407426275 0.713435396511799 0.729637889031006 0.729084665949479 0.714517191814715 0.624428850501115 0.563699665715024 0.690763132334159 0.738353825283466 0.70603488172986 0.745723245464286 0.793343447910875 0.788061102160509 0.793221050786224 0.811004828011749 0.834368040683796 -9999 -9999 -9999 -9999 -9999 -9999 -9999 -9999 -9999 -9999 -9999 -9999 -9999 -9999 -9999
0.670568808075321 0.645552285143519 0.639365427239736 0.655631928377466 0.657101497322629 0.655936204447881 0.671341143469042 0.683956557249458 0.692560983238876 0.693014438215435 0.690348654222615 0.686090533101943 0.686795472784028 0.696161835891096 0.708602308657675 0.722467223480975 0.715278283390887 0.711277569325196 0.71410325713687 0.697817764236022 0.670612565801045 0.676308540751222 0.681448348741797 0.68090594727331 0.693134547976697 0.714220831617554 0.71688845131793 0.72062799644201 0.734362524659503 0.732057891427808 0.716338323221778 0.602865685279035 0.521730571689323 0.657971315415829 0.692265798504339 0.624053621082192 0.695644136547421 0.77881462741219 0.734733407680645 0.73872787008012 0.800841664226382 0.834368040683796 0.857169720541538 -9999 -9999 -9999 -9999 -9999 -9999 -9999 -9999 -9999 -9999 -9999 -9999 -9999 -9999
0.642478633963359 0.603805861515882 0.588694388505401 0.601678493135636 0.612993940576939 0.624849504213368 0.64682060250079 0.661654091779908 0.666224593590387 0.6680438648634 0.668748118608464 0.66763283629437 0.671739096519348 0.684957876751609 0.694161759711663 0.70149126139403 0.693835798867819 0.689385926127379 0.691799633310133 0.683932687317673 0.670191603716423 0.672144877560901 0.674386829962267 0.675397710381572 0.683432193067276 0.696338090002025 0.705152072593361 0.712565670101386 0.716604837462788 0.712693260261941 0.702131789197375 0.586251794963939 0.501568485727813 0.634553603303289 0.686052671268381 0.655617759786919 0.697401543965626 0.744717208923313 0.723406206525385 0.738191101213804 0.79661280612453 0.807098099205279 0.80570620366319 0.828765160831788 -9999 -9999 -9999 -9999 -9999 -9999 -9999 -9999 -9999 -9999 -9999 -9999 -9999
0.619058451963075 0.560701815929652 0.528652913740463 0.527974563958561 0.555423093599487 0.589887871563582 0.612631248925915 0.627313911136031 0.630406274900375 0.636778966499409 0.644236519566326 0.648819476698159 0.657788761302293 0.674412967139132 0.678221588399053 0.676060848652044 0.667550045652374 0.662179613881726 0.663533120718119 0.666700308672665 0.670903793862894 0.666796191836057 0.664813618185173 0.669566218668681 0.673023478650615 0.675582319283417 0.689071825938703 0.698535211414522 0.690491545960712 0.684519047446173 0.680278844594305 0.571526021005029 0.491233532216602 0.615612032499062 0.694555155393617 0.727813142061216 0.717802390649915 0.703881882464371 0.727252594986745 0.756564691422051 0.793059405916308 0.769911686809117 0.738443466895833 0.803682811902374 0.842049942077382 0.841230603815457 -9999 -9999 -9999 -9999 -9999 -9999 -9999 -9999 -9999 -9999 -9999
0.649776070151008 0.65230138313019 0.642628818494607 0.618410943296081 0.583993122010714 0.553109466457187 0.586349962058649 0.598726947028284 0.581104817740303 0.599933045743098 0.631649855143345 0.648620152069547 0.661162162838112 0.665976027008718 0.66830670499007 0.669473919715131 0.648723290855833 0.632679220533639 0.626712497233824 0.63685430954812 0.65620018246642 0.65739503690315 0.659858721606243 0.668026260807555 0.671735732541905 0.672353187878111 0.680470200273867 0.68560392058265 0.677971515933532 0.656038443064839 0.622144487149806 0.555133018900703 0.514578537112447 0.617998752805527 0.676119405670724 0.688691483443325 0.689946635718904 0.689428715257765 0.693842648862784 0.711226453015641 0.744289706230255 0.755157002123312 0.763351336392807 0.811883081060216 0.84075291089079 0.840950708661723 -9999 -9999 -9999 -9999 -9999 -9999 -9999 -9999 -9999 -9999 -9999
0.682364133463383 0.698810137263687 0.697606808681118 0.675357604017063 0.606396196868347 0.534043232952527 0.562525472023537 0.569467926751515 0.545438870356855 0.573778166664543 0.620423194015741 0.641523517617592 0.655251407548029 0.656113090063627 0.658161032378536 0.660750551065981 0.630659466649482 0.607777264563475 0.600330206503646 0.61629979584537 0.645649139063521 0.64630973149704 0.647815850192331 0.655239582200717 0.658136325671401 0.657893250622843 0.665073598833116 0.670275435598512 0.666168268317024 0.639642875323346 0.594367185369212 0.54743829723161 0.524835976089765 0.613798999407783 0.654670532260666 0.647186215122482 0.647488910581591 0.650367479667017 0.658563542973464 0.676318096952673 0.705628037476265 0.742138765065841 0.780300805995542 0.813426442315287 0.830892298159333 0.825522243484378 -9999 -9999 -9999 -9999 -9999 -9999 -9999 -9999 -9999 -9999 -9999
0.718373282229351 0.662846798172624 0.644676309769375 0.671050829549355 0.617519777439032 0.547372952596369 0.543194517668825 0.538979700894858 0.534712571584091 0.567177438996044 0.611684008959929 0.621811551126633 0.632359724322165 0.643641973442045 0.647593241217048 0.648119586985935 0.613991059346893 0.591285952144035 0.593039856979465 0.612739614242188 0.642693234257439 0.632144077669984 0.622808916221047 0.621882402892731 0.622018619284179 0.62289192136234 0.637248836586822 0.650562429552199 0.655676031564453 0.64535110657304 0.622113609031632 0.555652922636862 0.511155967877777 0.597552440099775 0.627710589062279 0.601321271997361 0.578323859357125 0.566297543371851 0.619865702580705 0.660486226107893 0.685454180598859 0.732296529081376 0.782694186378506 0.802794171954928 0.816973375382683 0.822518584766953 0.824044513632864 -9999 -9999 -9999 -9999 -9999 -9999 -9999 -9999 -9999 -9999
0.704020135921516 0.615665922244017 0.596302478349182 0.65920680300866 0.610874253493479 0.537525747816002 0.537444203533846 0.535981599887791 0.532533205912139 0.559655083660874 0.596610232874194 0.601066884403018 0.606318403575875 0.612957108097733 0.611964114045735 0.607412595342383 0.587671953196126 0.577193545546567 0.586546772942023 0.608381691830193 0.637348372890387 0.609802730365552 0.592165257034656 0.608196872132642 0.614869818284775 0.615051799896815 0.625173260068952 0.635893269743933 0.64523858588853 0.630608317358758 0.595925198161123 0.531112487507314 0.489698028283192 0.576220915173666 0.605130952113866 0.576111440545415 0.556366259118778 0.549469853285619 0.611746830738589 0.650307139602153 0.660196052271697 0.710673715037647 0.769307634308483 0.787729722951892 0.803069853043252 0.813915710061811 0.809279686483781 -9999 -9999 -9999 -9999 -9999 -9999 -9999 -9999 -9999 -9999
0.66503029299455 0.562997547156057 0.550157719976972 0.643675633290871 0.59553627348494 0.51634063925728 0.538337393482564 0.546431374219784 0.534534908587452 0.551681877918939 0.578437642542963 0.579817031760194 0.578736313809087 0.573362271495729 0.564075249083692 0.55297111101261 0.556631828288436 0.564274658044429 0.580443702661756 0.603633523138543 0.630834859500175 0.58346192117087 0.558764172102547 0.604134501646771 0.621892296262673 0.620498651061776 0.620802016926299 0.623691505620835 0.634827943421848 0.605861107456652 0.543352442541358 0.49054862675837 0.46443520776496 0.552401879401035 0.584694114178512 0.56100586902008 0.557502039481995 0.565536351548248 0.618586863569189 0.642893334793965 0.632450752677749 0.683287968085107 0.748201707894124 0.770497099515555 0.789173864433151 0.802573758724196 0.803225324987046 0.799216421280267 -9999 -9999 -9999 -9999 -9999 -9999 -9999 -9999 -9999
0.648670956901085 0.556779757218082 0.551054528181565 0.648077567539992 0.598146520465385 0.514161835802416 0.517067611976647 0.515865138500358 0.50875551675743 0.508739164747847 0.511161575888708 0.509283806031889 0.505136784591249 0.497029515713307 0.503371331927429 0.516442315811857 0.533457554669929 0.537771819550582 0.514891665986503 0.52986424854832 0.566465046466033 0.572846029181393 0.577687413568515 0.582272120988058 0.588896380335415 0.596935227517615 0.605057387545336 0.609408813734953 0.600855992936263 0.573338218069376 0.529958415351338 0.47053642599499 0.431641966226788 0.49747740255759 0.523614165246177 0.509834030185899 0.510909902864875 0.526687512010506 0.615492401556703 0.667589806079463 0.675311043585954 0.713348551762471 0.757510017049547 0.771964641269238 0.782613320355455 0.787711971288781 0.787966754231367 0.785801499186233 0.770656380468709 0.767347393227883 0.785000712361047 0.790669155811385 -9999 -9999 -9999 -9999 -9999
0.630367981256911 0.555539153828136 0.555000716918125 0.643049560194438 0.593870004068158 0.51196434305524 0.502075540298468 0.492397438331735 0.483022297701956 0.471109386204133 0.458629522721235 0.453989760874365 0.448410525447422 0.441191741605299 0.458265786515752 0.486648034289596 0.505431544435026 0.505732879809975 0.466461502464576 0.475759429061127 0.512808780596911 0.554979235590813 0.581848813080051 0.567203365585889 0.564850965196576 0.571024748745272 0.586744152379326 0.59464795721919 0.572581477448053 0.548361945121938 0.522341629125626 0.454392843814949 0.402888676959333 0.456301686489566 0.479718972884215 0.472975649277193 0.480862159691072 0.504467716047567 0.607962779124792 0.675797225710575 0.700521078576386 0.731457477312956 0.761857892312704 0.767785655561264 0.77170293735858 0.772688430003938 0.774256290571581 0.77562203059484 0.767533704993452 0.768666280944009 0.786129476722231 0.789509581427303 0.786228857312223 0.767178305333716 0.758531329416607 0.772618197368441 -9999
0.607150209302903 0.564397994919574 0.564692034744895 0.616316408896434 0.573661294838621 0.509272170901435 0.501744811602443 0.48588803229439 0.458054590622992 0.446273831577485 0.44046130140194 0.434178645461085 0.430768395360535 0.432371004102548 0.448583419616254 0.471589206068822 0.466295073678768 0.461553498440518 0.457995019115029 0.467570576069567 0.484650630564567 0.520413376508681 0.551529542903162 0.567853583300936 0.561909582725198 0.540520964418807 0.562918822842194 0.578860119608908 0.557695179278688 0.540561209491952 0.526798688262274 0.446469626309025 0.383410217781723 0.446820508471208 0.475481206593326 0.469201293202134 0.489198848274056 0.520994088346045 0.590684456126503 0.64611671681533 0.68431216214538 0.721290579741097 0.75431363608524 0.750448824996797 0.750824691762052 0.757384536658884 0.764250401384423 0.770829914211609 0.768417429947532 0.77295449858877 0.789799529290941 0.791579900910906 0.786235195027693 0.767178305333716 0.758531329416607 0.772618197368441 0.777788304784046
0.59533781425022 0.59137657068258 0.590668783616305 0.593840567792662 0.555905685399225 0.508876289321618 0.490398859903402 0.471608565404361 0.452368410118584 0.44609355642975 0.444281583988923 0.434717528312616 0.427461171107672 0.424232157993809 0.435141883888076 0.452630342507152 0.456080988587405 0.463774714393134 0.480553419488961 0.492413783184456 0.501463915496771 0.521692468814057 0.542907123713328 0.565329271694124 0.557475780433553 0.528623779461676 0.535111320638938 0.539109322721274 0.522452104289051 0.513076434710466 0.509790952869777 0.431333593565968 0.369224133062847 0.435622601500952 0.471994648064794 0.478175217136937 0.496865725897184 0.523195745007904 0.580563714217457 0.626622909798101 0.659010778482194 0.678362561080989 0.693538574237333 0.705654447299319 0.714644694529216 0.719076990775815 0.735031311683102 0.754661350112074 0.758684684203449 0.765462745623075 0.777119549590069 0.76805468286518 0.749189162247671 0.747715684692443 0.751220384693014 0.765436306777813 0.769729309594001
0.590351490985573 0.629199734109662 0.626392296875385 0.573912709562336 0.539618246228605 0.509854728331102 0.472460341941069 0.452678748627896 0.458222145017193 0.460669365989533 0.461261896926002 0.447435802537512 0.432733329819908 0.416501421117009 0.419450500872087 0.431337323621801 0.463176833938311 0.493766499531531 0.521680086860478 0.537026544216242 0.545192421743868 0.544424619052252 0.547270181785075 0.560905017171641 0.552148770936293 0.527862568714351 0.504920504256196 0.485016791957057 0.475025580988115 0.473810842382212 0.479936625063985 0.411880720175867 0.358205512979032 0.423397239220133 0.468957684333343 0.494778934920218 0.504131724379188 0.516824117496455 0.574726755542104 0.613225802513308 0.628267590081279 0.615827144406801 0.600905091256683 0.644426839076027 0.669306661042446 0.667001852206418 0.694313199448615 0.731684028224336 0.742598023832238 0.750920728054676 0.754654141930575 0.729210639484692 0.689967436098878 0.716604764584172 0.739533869222978 0.753956083815571 0.762616706756729
0.597538241672196 0.620474887705201 0.619670474485347 0.590556129748548 0.549767475851161 0.506940519373019 0.477586066709934 0.462610112358723 0.468308637069189 0.474616242687757 0.480260535815556 0.467537755371359 0.456570180729478 0.448665752250021 0.456688206483934 0.47211601621746 0.455362326989429 0.453451088632899 0.483319446113866 0.505787747856604 0.524027821589094 0.526513840806417 0.52964178356461 0.536493633338678 0.535829145853445 0.529951494091992 0.507809548689057 0.485200102446112 0.466588138346282 0.464144305150073 0.475223275213604 0.414828147625003 0.36137931745779 0.391110180885208 0.424340410572215 0.461089242579006 0.483671389132741 0.507695759427697 0.561420049142191 0.603421472761099 0.631250967591232 0.61919333861716 0.598309577685759 0.608618508480295 0.623238889207877 0.64414645161281 0.676789055827612 0.712258921135182 0.711362238300375 0.703181635687033 0.68210089266026 0.65462483098725 0.624123998507061 0.687614123992611 0.735982009162688 0.750828738392866 0.765026228187937
0.603785522959543 0.608612921636593 0.607460200359577 0.59917650886933 0.55550991840573 0.504395659500877 0.481605739004579 0.470130183450525 0.474923267084014 0.480427703339087 0.485574152356889 0.477862991743243 0.471054484267482 0.46582126698941 0.475122981283512 0.491171086214194 0.442176146277624 0.418800889865955 0.450280670196854 0.475761667591409 0.49781509323028 0.503819596841791 0.509001206566187 0.514032468165063 0.519811177077089 0.526108298813985 0.510983343431323 0.492476335034405 0.469788672352921 0.464692712373919 0.474310211610928 0.418669013537737 0.364642754344925 0.365114935289281 0.384896848936376 0.424094641128932 0.455992739180493 0.489121969055344 0.540689991184497 0.586820630128192 0.626377944197813 0.618874507193413 0.598100505489964 0.584799624025275 0.591700914389338 0.628062067801086 0.660080341048806 0.688859530817134 0.682113767200177 0.664204689460259 0.626524894298414 0.59674907285489 0.570711565369805 0.658687133913816 0.725204659891718 0.744286270550545 0.761886733846512
0.605328919282227 0.595747178393556 0.586918854999267 0.578988941294388 0.544358468004009 0.503549506707431 0.478614894852624 0.465978826722885 0.471026523560667 0.463387012095537 0.451928189307727 0.459353180357081 0.45601534035783 0.433894446781692 0.431570528237924 0.438455031128252 0.416345332239118 0.411993574866214 0.445663853690532 0.46194841599373 0.468299164799677 0.474479825099099 0.483568566412336 0.500445181945807 0.506498124029633 0.505044007047509 0.509382585531856 0.510616537224645 0.499257097875942 0.489076604590281 0.479882165645682 0.421253899484417 0.365765924685119 0.360258154194493 0.367065058252285 0.386254330778856 0.412619327023565 0.444357952632408 0.500270771093956 0.550434140992486 0.593646926030161 0.597043789041752 0.589443258487671 0.590528700472279 0.601289190527146 0.626158341450046 0.641761669640251 0.653645687563287 0.661028046965818 0.655552472090898 0.627304933404056 0.592056190636755 0.55349611361246 0.629582232097849 0.69266521154498 0.726697789934517 0.754230581894488
