layers/veg50/veg3400.asc
NCOLS 255 
NROWS 330 
XLLCORNER -2985163.8955 
YLLCORNER -3022031.214 
CELLSIZE 25000 
NODATA_value -9999 
[rows 125 to 149 of 330, columns 57 to 113 of 255]
0.0577743047589806 0.0719957378092896 0.10672771148935 0.141055982373575 0.148980279607539 0.188947483700847 0.265587316401417 0.279634099397251 0.272992978227744 0.235858817588597 0.208278914839409 0.193871657051305 0.181525994041013 0.167340199472753 0.110189139793379 0.0767106900404122 0.0827749282232375 0.18007401840415 0.317576312234666 0.426099798148968 0.515337200687796 0.565161467300874 0.596152398357992 0.616849272153005 0.682521754307044 0.729004363944952 0.722593870483325 0.720799662479101 0.722074437353171 0.727994123020515 0.727378260839451 0.704363845728093 0.676969659019992 0.646060186874837 0.620189135233674 0.595098914275526 0.570205400549507 0.547140392862779 0.525840426652055 0.506611196917782 0.488114013800908 0.471378223591845 0.454031542697251 0.435976083708841 0.418653629536063 0.40199695120288 0.389529771958704 0.378375248960695 0.369055972393668 0.360734746219655 0.352257844197932 0.33457929884059 0.324007200231679 0.325479590743811 0.332819798291705 0.34271757408346 0.340115350066321
0.0651168685504335 0.093111453959755 0.119065314418378 0.145202414589397 0.174788391073301 0.195142289874529 0.204930213571926 0.206306259701481 0.199777956969227 0.144219571211114 0.126892752351676 0.162276553496692 0.142200972541658 0.103038517004864 0.0732209802064624 0.0471158036127545 0.0272117472814848 0.128143551136247 0.281631942520341 0.331859891662033 0.371096797765888 0.3878723536421 0.452693891646753 0.543776741131501 0.622866841444915 0.676198976291911 0.665272115360439 0.669141347188239 0.68284726605866 0.712520623218351 0.731006448901994 0.708862946679433 0.681260705417729 0.64927717955588 0.624204155440294 0.600026685640873 0.575375128052142 0.552064523619305 0.530048329971377 0.510013253475793 0.490886130656008 0.474669368024167 0.457502055367468 0.439231879218736 0.420983511301913 0.40321772975849 0.38978991891407 0.377798350857062 0.367814817620533 0.359047881021638 0.350653113635875 0.341072702893078 0.334279196911755 0.332209126603592 0.334632457667823 0.339032973104212 0.336461676970535
0.104890439425689 0.0924310890054736 0.104412077849549 0.122375814731782 0.146003142562272 0.154286525008735 0.145008990996883 0.130539442838616 0.113546648141352 0.0869462379088732 0.0913671046570715 0.138557621608597 0.116429424802223 0.07274620189703 0.0792160570733161 0.0709276243982544 0.037986972437416 0.0989502172474814 0.200641059046217 0.211266512200622 0.223924785753431 0.240737341184793 0.294008371035976 0.367207130749533 0.512073555839669 0.620942736250496 0.631775089677914 0.639564529542169 0.64533099017092 0.684037243537125 0.711932501849727 0.695569250599484 0.675325591257995 0.651967444836148 0.627664611503489 0.603233652579401 0.578843326842653 0.555627770293081 0.533546208543385 0.513281350743935 0.493833240622967 0.476960384001221 0.459553339814095 0.441526511345921 0.422646075885673 0.40402186380095 0.38991041754672 0.37710138321828 0.366113272566891 0.356919163988992 0.348465099706983 0.341676461435244 0.336437333781567 0.333824422075584 0.333575174983251 0.334376757590537 0.333010814726784
0.160774711077827 0.0809231188559583 0.0763506440655306 0.0861498638254172 0.090097635814489 0.0900575213952297 0.0854533305074199 0.0535610190947433 0.0208492584509898 0.0467448056132502 0.0786235133258949 0.118751323227649 0.0973908150708229 0.05934866713731 0.106553913864475 0.12127021177902 0.0817170240621474 0.0810519736236832 0.0972724892316547 0.0775815590971591 0.0752964428681591 0.108581934522561 0.127758550493748 0.139223437772192 0.375876340613853 0.564468990092933 0.61011343765838 0.620957103020507 0.608664633124363 0.649090966131719 0.681580850565641 0.673436654505911 0.664310443277171 0.654396048567548 0.630849577602613 0.605585778188321 0.581466259870264 0.558514972704879 0.536691369229742 0.516482901264708 0.496867281645009 0.478754567726361 0.460899596470949 0.443343667839479 0.423977138354307 0.404619021998832 0.389961543300031 0.376344768823903 0.36418302015209 0.354570948910016 0.345987329010227 0.339354429968685 0.334564761176 0.332899124331468 0.331092195660048 0.329237874640905 0.329660702513488
0.288082224679859 0.137441548425204 0.095093077803545 0.0760739629506075 0.0638873474332861 0.0550672329426686 0.050100028626531 0.0294140933870378 0.00809364988156567 0.0191079055728668 0.0407238706736549 0.0769566229326092 0.0696892588042596 0.050994252128987 0.0988565983048686 0.117742135250212 0.0882248586342172 0.0926897609034814 0.112032747696831 0.111526541959858 0.115106335184572 0.127036296213404 0.108485169245454 0.0732734744074216 0.300074017467595 0.481467425278069 0.523217677662502 0.571239585567021 0.62343099373042 0.652428523050176 0.669187801495142 0.653105016143684 0.645156544102 0.643736821901867 0.62005109626379 0.594216663183424 0.573034607094976 0.55260068011608 0.532888915864233 0.514769125427504 0.497099113582046 0.480116230118709 0.462793815338174 0.445077463695458 0.425018031762221 0.404967791886112 0.3909851651446 0.377476518841471 0.364630552436783 0.353980670834433 0.344267886184368 0.337150545574691 0.331711092155661 0.32911543602795 0.326648890386119 0.324265833503789 0.325397267260605
0.392875847790099 0.1913538098605 0.121838886693787 0.0807565632389259 0.047970527406807 0.0298990549459921 0.0286681806244972 0.0151579327232972 0 0 0.0115548541176211 0.0390406149180633 0.0445420656750731 0.0451094756381542 0.0933767971144902 0.115547657764222 0.0941270339978687 0.101661725555118 0.121973627581956 0.134767701139749 0.143092425478251 0.142283565519202 0.0994033734953744 0.0335275363251517 0.228549814172832 0.390907501234027 0.446067310961221 0.530650490431196 0.634794812468192 0.655834904008137 0.659709494069845 0.631950887883137 0.622775852786374 0.628516334487217 0.602133697956906 0.574240800591905 0.559801698426788 0.544463018676527 0.528255984261559 0.512630757204676 0.497099575356387 0.48140441067934 0.464647508919968 0.446658740309181 0.426165591006761 0.405716866544869 0.39206846948149 0.378536719734359 0.365168056531362 0.353542284348386 0.342725747452485 0.335138657403122 0.329096514430411 0.325672852805133 0.322741806841055 0.320058516655405 0.320926938922104
0.443865949002587 0.237115466924004 0.165388659565862 0.118361505686884 0.0546471802674116 0.0262606921835736 0.0383063866041069 0.0218296827458005 0 0 0.00316847599467054 0.0107053927229094 0.025517267588678 0.044712349088556 0.0940971509470945 0.118137097571706 0.0998410405022315 0.103584828248739 0.117088888095837 0.12812874898654 0.137966795248758 0.145348807157715 0.108909090199275 0.0485169838754448 0.164869952071526 0.283909422298069 0.393310395030268 0.511945625584022 0.636719943377858 0.658167164177874 0.656321630978589 0.608857182722348 0.593274927741642 0.603281908922497 0.568379927040354 0.535016364441032 0.535940397241579 0.531522012728563 0.521946637788425 0.509679156694978 0.496660868623663 0.482538398097286 0.466390863612141 0.447893774605137 0.427566508280658 0.407389723966628 0.393257026972555 0.379372487257825 0.365834900344001 0.353394833977249 0.34156483890886 0.333562205454341 0.3270604762137 0.323102581482167 0.320124520569977 0.317595321012931 0.316012674668225
0.50047231892565 0.360905117304102 0.290873623761738 0.229223974244699 0.134062984901567 0.0871495244861805 0.0954546407546221 0.0705270159555614 0.0375175998542214 0.0137663578733082 0.0055349177589143 0.018700936474775 0.0239719267169685 0.0283228303820752 0.0640423047071313 0.0824261740049593 0.0718526777270907 0.0702247145079377 0.072907630992068 0.107418952549251 0.135664827163244 0.151106603236339 0.129960424085841 0.0888157425428253 0.170220174117787 0.259848818449987 0.358940373927212 0.472623119381261 0.59600632912116 0.629754261849343 0.639252510129386 0.596139204282935 0.556981582583591 0.520998865914967 0.491476570292916 0.472728806627651 0.495681995662561 0.510703596837973 0.518068903069996 0.510683259421698 0.499546760440971 0.484502910611551 0.468023794952818 0.449879430497998 0.42998031036803 0.410083324010284 0.394687184056539 0.380253071376394 0.367163984955438 0.354042990356152 0.341124337636388 0.332022966577207 0.325015274244457 0.3215560909678 0.31853702853899 0.315704177240689 0.311150960161674
0.560489065692048 0.532075844917519 0.466112239989754 0.384570740744787 0.257648314107308 0.187221320274987 0.181452506000617 0.144743618829115 0.0978170786309096 0.0358920857354129 0.0144308134780221 0.0487576758836528 0.0330406677546216 0.00222222292753014 0.0152997789622908 0.0234580526305548 0.0233991652806145 0.0154395104647843 0.00486427956674188 0.0781648922981165 0.135077476466157 0.158499403939061 0.158022623639792 0.144483119238036 0.217487657000779 0.286150485187678 0.335735459690186 0.420780926128825 0.529401113760968 0.582671919785628 0.613875694785873 0.589721696844263 0.516563664072942 0.404074089418989 0.388371413756219 0.396436588406064 0.445466753632587 0.485101767289982 0.515667720284456 0.514089390863885 0.504451454151975 0.486971744357984 0.469589673725266 0.452320887678887 0.433009168303128 0.413396751412658 0.396264048091259 0.381160869555758 0.368895203225596 0.355174264437673 0.341121290553151 0.330506324659791 0.322964507753456 0.320631272695669 0.317574860296943 0.314160401543579 0.306321155531706
0.582580820152196 0.596936616449825 0.514005864266304 0.412513084135056 0.318646441692891 0.260268329632379 0.242506310868796 0.260942712489107 0.271471113372807 0.125379987260118 0.0493219607596182 0.0698199585302582 0.0468054613745289 0.0108941310614089 0.0170556388619186 0.0242503072757192 0.0331707654459478 0.0410956810124668 0.0489391146770419 0.090663063960433 0.124957375818804 0.144068443676284 0.151362961494655 0.152198706124301 0.180697395137431 0.204772288643153 0.215043510007468 0.239580134623979 0.273600635126622 0.402740355040139 0.506776133154275 0.502723867023111 0.484196330479534 0.45405067501031 0.442594498050382 0.441573003509415 0.473251037531937 0.49788856464577 0.515729949751375 0.513478407682127 0.505590088596857 0.489265660109722 0.471862614576102 0.453208117428842 0.435384404058823 0.417369640470829 0.395493762004 0.378120606945989 0.367042784035955 0.352180907360492 0.336088451464907 0.322380691890253 0.313768922394368 0.313794183363563 0.311088579596903 0.30711580143906 0.298253728453113
-9999 0.647307637054425 0.543525007000263 0.428696095014778 0.372290234539457 0.332955821459049 0.313159425102598 0.372673758843983 0.425578722673376 0.229305862505108 0.115841494828763 0.116546839119803 0.0803865798299307 0.0337648970315793 0.0305668680194742 0.0323915724696789 0.0426062424751064 0.0602121483767096 0.0809746436705655 0.0899552210709242 0.103575832257055 0.12667883956988 0.142134041222439 0.153409051364986 0.147578609970968 0.138114520488521 0.121020676207628 0.0961329490414243 0.0660637197018459 0.250916237670582 0.409960679946469 0.424459511776748 0.44931664397443 0.482487539031622 0.480129518750965 0.47652996610426 0.489629383902847 0.502010072654903 0.513696978313067 0.512308805262968 0.50653368800785 0.491025837259353 0.473738056767964 0.454385135589093 0.437567782684817 0.42066201523295 0.396475770815719 0.377830592366737 0.366932469989567 0.351877156906785 0.335157051653048 0.315471873747853 0.303854778272878 0.305912017454657 0.30454126765481 0.301573084356744 0.29152339857445
-9999 -9999 0.543525007000263 0.434371722309997 0.416240951058093 0.409546504777729 0.415940761721273 0.463903348242089 0.502839271353111 0.362399269683978 0.268460448341884 0.238633727151827 0.170029069473152 0.0910685959636372 0.0686203244402398 0.0507269165752376 0.0404419453293462 0.0458524902819719 0.0579518637190881 0.0436896326848795 0.0515887602536153 0.104776950506166 0.131867008425752 0.144692165267605 0.140357950368959 0.133405513068729 0.1214055686526 0.0847528929747246 0.0317106740496528 0.204089812079147 0.357610558904566 0.385997899481128 0.405750275472577 0.418572069677965 0.440996227168254 0.460070263705352 0.459000146651949 0.474230639266048 0.505195973072377 0.5102683544029 0.507604920431729 0.491284887187525 0.474342612005081 0.456678388583247 0.439319462408083 0.421879281964732 0.402919639239108 0.386161282748537 0.372480580989166 0.360052178219352 0.346924995638241 0.313265226690695 0.293181634614161 0.296107870151453 0.298827585432779 0.301348952359508 0.28922497977595
-9999 -9999 -9999 -9999 0.433843555117851 0.442000307412586 0.45949234095566 0.518453901418297 0.571983112515735 0.477892365317415 0.413761506042459 0.390936938813808 0.326166138504361 0.247034615262091 0.176232583160513 0.107499106463086 0.0422209412449829 0.0471640156041195 0.0824209202512822 0.0362153498234586 0.0196519704356417 0.0636655201138128 0.095169251746936 0.119835278879357 0.127350613152535 0.129452051418692 0.11940954372318 0.08665044946385 0.038788992956566 0.168797463366089 0.28509481417812 0.306424906338983 0.330051219518402 0.355520522024659 0.339185240877662 0.32352409154646 0.336565932822968 0.380061705145576 0.452954400556581 0.486749547926265 0.506534008930498 0.491946599077719 0.476379346112676 0.459675242726111 0.442617070951924 0.425518426939006 0.408955551903891 0.393751551485319 0.380447416166575 0.36871738855069 0.356610720642773 0.327650957067538 0.309144714275558 0.308355809248512 0.307261071954917 0.305952286733624 0.2940511554705
-9999 -9999 -9999 -9999 -9999 0.442000307412586 0.45949234095566 0.546034397265135 0.635158747051066 0.580443970107869 0.553681722534429 0.565458181932576 0.531196602861911 0.475546936498047 0.334991357139003 0.192533869228725 0.0468994364628639 0.0599985458551737 0.141810674941761 0.0572642737210968 0.00245813233375561 0.00842933388627171 0.0390370111835031 0.0831106670005238 0.110088337882036 0.126054141790305 0.11566283271533 0.0983110207078172 0.0763317512951244 0.14198610943079 0.197751307250826 0.196622757457508 0.230725031774475 0.293104215102476 0.191287410611187 0.0986784625993648 0.14662761483887 0.237076639925918 0.36855043424472 0.447437728819336 0.503887981220693 0.492904387891374 0.479469159859797 0.463189454064592 0.447051399355736 0.43093837647558 0.41469149512207 0.400797388953699 0.390192736725793 0.377743034359626 0.364765392188294 0.354237045379588 0.344693381345396 0.336818624626652 0.326096956996204 0.314105252128667 0.304116038113715
-9999 -9999 -9999 -9999 -9999 -9999 -9999 -9999 0.641836611437667 0.591283999091448 0.568471731966858 0.583905629317951 0.580073984557475 0.563794167144762 0.45351571331904 0.359082320920488 0.291116492566875 0.222733765665748 0.153918251412217 0.061831162347794 0.000300037856073909 0.00121323456737447 0.0166178159941501 0.0399432005959678 0.0832776591786139 0.113877714512233 0.110293812877676 0.0871535114082482 0.0510117920654836 0.0977643854857677 0.138250782606504 0.134877656787347 0.134940974286035 0.1377624445522 0.118133718132564 0.0963735667056071 0.0794529571984845 0.116287413237666 0.205011181204573 0.317226618591592 0.422019549879533 0.453971866937376 0.466782346919091 0.457383755595075 0.444551671926619 0.430543343611527 0.414594693707336 0.400958258305878 0.390554568283265 0.380724899466315 0.371082827474981 0.361095510342557 0.352076380160804 0.344698199050687 0.33606824699783 0.326879786171381 0.318560608006726
-9999 -9999 -9999 -9999 -9999 -9999 -9999 -9999 -9999 -9999 -9999 -9999 -9999 0.620858616411512 0.554601748101075 0.512593657560383 0.511090684755094 0.369304468578288 0.166339465556838 0.0678705430876096 0.00201567600159715 0.00281105473704899 0.00373616218077015 0.00473217765602376 0.0579457722247365 0.0990948635917083 0.104761264745751 0.0756550718832384 0.023431483734961 0.0551215746666501 0.0839958773986715 0.0798451837700474 0.0522720692113796 0.00589968775552784 0.0648661997172912 0.112503930551079 0.0469747280052897 0.0334636020270938 0.0701650871482382 0.18524544488889 0.309736318006341 0.392901933625739 0.438347730820934 0.440029591791478 0.43497672093117 0.427298446576714 0.412917048445396 0.400279849264981 0.390081243515954 0.382581037730217 0.375837476195623 0.365235619716063 0.356252132753166 0.350011568481074 0.344072881773871 0.33826504032388 0.331712161649969
-9999 -9999 -9999 -9999 -9999 -9999 -9999 -9999 -9999 -9999 -9999 -9999 -9999 0.623745888326011 0.608637610754296 0.581997637359597 0.536095138594171 0.390179177158817 0.200656724098425 0.0865996693355145 0.0115090685475935 0.0160505069436255 0.0114540396406608 0.0018629114481433 0.0422867087560471 0.0784919984633541 0.0993334202457983 0.0728972377774829 0.015030122514554 0.0259703686964304 0.0369923465210644 0.0286428032800002 0.0167043371080815 0.0018853352198903 0.0525978624653164 0.0994443379857096 0.0893826487707844 0.0817506298112303 0.076463951081126 0.086555682449834 0.119358658063354 0.267198343651851 0.358410024969149 0.383919789602144 0.402194718147956 0.41603095907187 0.407932388674795 0.399506855174197 0.390624189145143 0.38291108201628 0.375600129204115 0.367941488490475 0.360879922144558 0.354830318032525 0.348668646691717 0.342469882640769 0.33814648180319
-9999 -9999 -9999 -9999 -9999 -9999 -9999 -9999 -9999 -9999 -9999 -9999 -9999 -9999 0.639591144210175 0.625956822691075 0.589547753363342 0.488859941053785 0.359785848892022 0.245354271305981 0.147201289152514 0.0823153256037787 0.0419218736398461 0.0149157112506974 0.0311573722597317 0.0514718600735528 0.0780966095391717 0.0640409979531393 0.0229404099022831 0.0253643939730653 0.0289310595908628 0.023761871473835 0.0143822484185257 0.00162325265044729 0.0320679405750298 0.0669474346005212 0.0939260336300432 0.0978432503766326 0.0794995090795036 0.0536156912888412 0.049811184634151 0.185638062895216 0.272293028765774 0.301896913061629 0.326010757627504 0.347739907497699 0.361778663053971 0.372078137939969 0.377149662610815 0.378340274585583 0.377768685399584 0.370715282272745 0.364108744250066 0.358259583588558 0.352491722775628 0.346775535870531 0.343147308850689
-9999 -9999 -9999 -9999 -9999 -9999 -9999 -9999 -9999 -9999 -9999 -9999 -9999 -9999 -9999 0.6473835622702 0.668192422394312 0.656441270162596 0.629441180102387 0.528107376768649 0.394647929737276 0.195536357434716 0.0925357599972068 0.0420681764720624 0.0240393013056632 0.0187689537673148 0.042860288091583 0.0497843609589874 0.0452953546387007 0.0500364333980818 0.0553547829574588 0.059900549040557 0.0415005884057297 0.00468396443757352 0.00422203474440254 0.0172379672791405 0.0649387644167341 0.0854263565458746 0.0796452711301909 0.0788999139815331 0.0872639711724905 0.143168556541505 0.180704008616136 0.19692690905129 0.211392520913536 0.228952069021707 0.279167981802344 0.321044646201433 0.351262069368089 0.369429554895492 0.382067771009023 0.37354922653321 0.366098721431182 0.360458402076519 0.355630550092817 0.351170461443539 0.34687871689455
-9999 -9999 -9999 -9999 -9999 -9999 -9999 -9999 -9999 -9999 -9999 -9999 -9999 -9999 -9999 -9999 -9999 0.701871476619149 0.719397987461707 0.662115660894103 0.576724658801239 0.433890627576878 0.257363521353268 0.0624202167696767 0.0257007837129698 0.00684455001453365 0.0185939643381319 0.0294800262588653 0.0397921172311431 0.0470423664052169 0.0532439235826191 0.0569378381051713 0.0466675009039163 0.0251891977985652 0.0108038864497478 0.00556548027975073 0.0347341917863989 0.0565226244200912 0.0711869360307605 0.0986936326796898 0.129759551655974 0.165960543249142 0.187416146266987 0.191763601044012 0.193452595735319 0.198495844682109 0.240866977025934 0.286639107087239 0.337166228366551 0.366136351978261 0.385766291542125 0.377392448146456 0.369948855136264 0.364081913727693 0.359326844716217 0.355071581940046 0.350561729552608
-9999 -9999 -9999 -9999 -9999 -9999 -9999 -9999 -9999 -9999 -9999 -9999 -9999 -9999 -9999 -9999 -9999 -9999 0.767614126764658 0.751664307452161 0.719913420748163 0.655871394119656 0.421940581703904 0.0951507595876726 0.0356495587275153 0.000468179101894836 0.00212463212130293 0.0151504084009615 0.0357346987165216 0.04383184279425 0.0492117803649985 0.0493937862169519 0.0478221689818475 0.0448430615240575 0.0213916484107384 0.00135347116221027 0.00844702066353876 0.0270876754919117 0.0568746538172056 0.107696997640923 0.159138033825164 0.188233548364455 0.202251864451824 0.198777054138753 0.191079407263195 0.186052551896475 0.216126267903132 0.261369994878479 0.327823165354029 0.364509388470183 0.38868100016175 0.381016297915667 0.373811867173937 0.367387535871936 0.36258680942665 0.35852570873344 0.355455634775466
-9999 -9999 -9999 -9999 -9999 -9999 -9999 -9999 -9999 -9999 -9999 -9999 -9999 -9999 -9999 -9999 -9999 -9999 0.767614126764658 0.751664307452161 0.726820761714521 0.683801952412149 0.483008890493525 0.195978465783186 0.07925260383539 0.00328165606142429 0.014892403037538 0.0361649116414855 0.0638607190824746 0.064305789218457 0.0611014659637361 0.053906467520449 0.048530463513254 0.0446144179787856 0.0212243003546765 0.000460425005270389 0.00287351488684669 0.00975191058817952 0.020940628380636 0.0675626447917861 0.118292992568149 0.149479746714411 0.169775249774857 0.177434318254258 0.180132550315965 0.184762160820344 0.219645176503032 0.26698232884702 0.331731815856211 0.366200064481706 0.388206950155899 0.382637644351273 0.376074039325821 0.367825228377881 0.363161934859837 0.360182755481006 0.366458716205856
-9999 -9999 -9999 -9999 -9999 -9999 -9999 -9999 -9999 -9999 -9999 -9999 -9999 -9999 -9999 -9999 -9999 -9999 -9999 -9999 0.671032343198981 0.675373751150963 0.517704745067237 0.271482945231955 0.113295307517628 0.00514510893212619 0.0157966951188388 0.0410301653708659 0.0759579131849455 0.0747348556249039 0.0677518276458539 0.0525125764319504 0.0451118896877559 0.0440025793131078 0.0211017381770635 0 0 0.000579673146781913 0.00171889989886234 0.0408792258880275 0.0860597186824684 0.119782135880427 0.146215284344888 0.164191152119672 0.180946000510739 0.20057975756405 0.249542616818284 0.298787312494021 0.348426048336934 0.372533305537529 0.386482945582506 0.383413895856236 0.37815340004685 0.369178692417996 0.369131873007214 0.373119733462691 0.378048378578731
-9999 -9999 -9999 -9999 -9999 -9999 -9999 -9999 -9999 -9999 -9999 -9999 -9999 -9999 -9999 -9999 -9999 -9999 -9999 -9999 0.667031809491799 0.659197173151735 0.524333230940888 0.320036715582616 0.137163242272599 0.00599748122015795 0.00407506199047103 0.0287082837450115 0.0709961345849444 0.0744734740094037 0.0688261426353544 0.0448325072076396 0.0373012204280762 0.0429829182035861 0.0210268401930324 0 0 9.56197212731258e-05 0.0002835403539703 0.0285112104470749 0.0629916763672566 0.0997227424293045 0.132145026620382 0.159568101831012 0.194275573546347 0.234604844514179 0.307513893923985 0.358468304560193 0.378727571231307 0.383807481697288 0.383428653906582 0.383290739562034 0.380038200345463 0.371506783130477 0.380843339655401 0.398061585403673 0.390262320491553
-9999 -9999 -9999 -9999 -9999 -9999 -9999 -9999 -9999 -9999 -9999 -9999 -9999 -9999 -9999 -9999 -9999 -9999 -9999 -9999 0.628716588967687 0.62936698362644 0.526503084459373 0.367059613132978 0.169991501115354 0.0239584138981986 0.0109593697890874 0.0321632391438965 0.0761057707363795 0.0778649858007232 0.0720902600791496 0.0540608159809633 0.0445684225072318 0.041928023269418 0.0200099553048916 0 0 0 0 0.0359622876317557 0.076655041507865 0.100822297853629 0.116792077524666 0.12325083987422 0.164016936109076 0.217206927592265 0.295892698660053 0.344163717058549 0.349911366183062 0.361843834094102 0.375346588551509 0.377079096407089 0.375832490308894 0.369536679330001 0.382899346789699 0.404927238568674 0.398557708824496
