layers/veg50/veg3900.asc
NCOLS 255 
NROWS 330 
XLLCORNER -2985163.8955 
YLLCORNER -3022031.214 
CELLSIZE 25000 
NODATA_value -9999 
[rows 200 to 224 of 330, columns 57 to 113 of 255]
-9999 -9999 -9999 -9999 -9999 -9999 -9999 -9999 -9999 -9999 -9999 -9999 -9999 -9999 -9999 -9999 -9999 -9999 -9999 -9999 0.150131759372338 0.153201465772047 0.118564668491093 0.0633179847198157 0.0354718016591061 0.0140012289768215 0.00616112845161217 0.0152332175045937 0.0355488097440409 0.0424140082762168 0.0479698618919337 0.053142134891658 0.0524326985691921 0.0470024938987507 0.044641046576468 0.0440807670553252 0.0492621144954841 0.0580143755901969 0.0702136095535134 0.0725763619358698 0.0730477351385936 0.074512780979381 0.0787578802020328 0.0862285007550568 0.0941549826025444 0.101318230558895 0.100368470282047 0.10135998363629 0.105065623795192 0.11181537335271 0.119512101719947 0.124523407616435 0.128598613079886 0.131087251883365 0.137030605080146 0.144493621601363 0.146529789871488
-9999 -9999 -9999 -9999 -9999 -9999 -9999 -9999 -9999 -9999 -9999 -9999 -9999 -9999 -9999 -9999 -9999 -9999 -9999 -9999 0.151440753158538 0.152279466704604 0.118025958287987 0.0645914959046693 0.0340418265538516 0.0108839608577982 0.00435620802465507 0.0161915420163847 0.040234959667196 0.0479724856228737 0.0534876953481931 0.0564904135911895 0.0551357740790276 0.0502838388923324 0.0472698371758252 0.0452816434465749 0.0465076787278145 0.0515917079922279 0.0603998263480361 0.0652569633355181 0.0690674371500928 0.0715833870888414 0.0747497845329983 0.0786708553646049 0.0861552492778709 0.0937866607371073 0.0936563132550117 0.0949060595496692 0.0980853378033638 0.105083532000997 0.113398590650824 0.120644857277316 0.125046192322874 0.124625743896368 0.130755466125369 0.13979642287297 0.142716939210895
-9999 -9999 -9999 -9999 -9999 -9999 -9999 -9999 -9999 -9999 -9999 -9999 -9999 -9999 -9999 -9999 -9999 -9999 -9999 -9999 0.149907113141382 0.146078032302058 0.109022896703262 0.0538068299581202 0.0228441582891316 0.00106340624173188 0.000328783644444486 0.016346327550631 0.043500988658064 0.0540875823644755 0.0611157122464212 0.0613979225571232 0.0590310268650797 0.0545379098514535 0.0512507277045924 0.0482073498318205 0.0454524266865103 0.0452829898928281 0.0476093012936848 0.0582316447490378 0.0690461142139028 0.0707416662505187 0.0720713128628691 0.0729764223931021 0.0782378056664674 0.0842232687230367 0.0856756926101236 0.0874914780579362 0.0898152853198573 0.0971969128228421 0.106399059690131 0.115550327091258 0.120286513333563 0.117539719843742 0.12361260086212 0.133620334139153 0.137466394827851
-9999 -9999 -9999 -9999 -9999 -9999 -9999 -9999 -9999 -9999 -9999 -9999 -9999 -9999 -9999 -9999 -9999 -9999 -9999 0.177685018230623 0.171575997379556 0.152982551127605 0.119614566664598 0.078171010993621 0.0405403640924706 0.0133095615196374 0.0121193226548154 0.0230720631087809 0.0420976569347328 0.0523205583248214 0.0597718463360114 0.0607983686772574 0.0588120648196497 0.05440761110485 0.0507588305679873 0.0474343335835618 0.0450179604592962 0.0433174193733933 0.0423078649238005 0.046736716908121 0.0530441641220278 0.0637179546462502 0.069434493949122 0.0693994460131339 0.0737193144720425 0.0790307218122882 0.0822476148196439 0.0849502447414109 0.0869338749287319 0.091497788848492 0.09711111449326 0.104852358757191 0.110468976186332 0.112484631601151 0.117864438636207 0.124750278648275 0.130000741948985
-9999 -9999 -9999 -9999 -9999 -9999 -9999 -9999 -9999 -9999 -9999 -9999 -9999 -9999 -9999 -9999 -9999 -9999 0.171892063166571 0.174127456593221 0.169938861888874 0.152622173083558 0.125363407625391 0.0926704318509152 0.0533569626327177 0.0246714453748991 0.0235769185215563 0.030306336783558 0.0422372430863839 0.050929443833153 0.057787561135835 0.0596561081692257 0.0575576870629105 0.0522753041853633 0.0492411777022101 0.0466820404251437 0.0447474412399665 0.0421904254893796 0.0390325962715722 0.0382641900986744 0.040344090406123 0.0562817604465131 0.0651725909379373 0.0658874160960909 0.069018548284726 0.0730076127292892 0.0786367110832484 0.0824194975571557 0.0836209248227844 0.0863672501397152 0.0898050543681804 0.0956444093983948 0.101208738354476 0.106306934420921 0.111381812779697 0.11645401724169 0.122618787139648
-9999 -9999 -9999 -9999 -9999 -9999 -9999 -9999 -9999 -9999 -9999 -9999 -9999 -9999 -9999 -9999 -9999 -9999 0.171848761761978 0.169972152045617 0.163561908886002 0.14788670986896 0.118691887193437 0.0821074133491656 0.0532025855474133 0.03284348434331 0.0334590173639272 0.0384145829024286 0.0462554737986307 0.050819625127434 0.054737402476173 0.0575060858433435 0.054061856148752 0.0456310278781248 0.0455227780625917 0.0461631544595467 0.0448333608580535 0.0428283524001599 0.0401715647295367 0.0371562582455674 0.036242998545365 0.0481791702248864 0.0570686552568598 0.0624232611268956 0.0637175878024203 0.0648039895824925 0.0743667863942638 0.0796705145742793 0.0790195683842395 0.0824711557307169 0.0872961584101109 0.09023668693244 0.0935175728216458 0.0973753195173463 0.103094154655223 0.109647926563078 0.115545063107442
-9999 -9999 -9999 -9999 -9999 -9999 -9999 -9999 -9999 -9999 -9999 -9999 -9999 -9999 -9999 -9999 -9999 -9999 -9999 0.166052028529948 0.161275317899559 0.14673689766291 0.108260823526426 0.0567007378385546 0.0365737758310242 0.0248938600199331 0.0317263923402056 0.0388020301748282 0.0460392885738731 0.0522065858573202 0.056970347490396 0.0575139083799723 0.0518002501669145 0.0410644325325095 0.0444080291179426 0.0482372992279214 0.0454222845937029 0.0432927577531352 0.0418249265050832 0.0386089259027869 0.0363461765417673 0.0418700637077251 0.0473314504832975 0.052720321981408 0.0563672663883659 0.0601284213193195 0.0693780532478249 0.0750492315491653 0.0757173145870876 0.0797622294633294 0.084830960948166 0.0864447207062856 0.0888095111775103 0.0924471995643574 0.0969577841157318 0.10187932252853 0.109187062106511
-9999 -9999 -9999 -9999 -9999 -9999 -9999 -9999 -9999 -9999 -9999 -9999 -9999 -9999 -9999 -9999 -9999 -9999 -9999 -9999 0.161545174830587 0.147828092491631 0.095480071388003 0.022016879551566 0.00964855987428267 0.0068683078488669 0.0227346453805236 0.0343640316668789 0.0431766227294579 0.0545290233630267 0.0625051956932957 0.0588703690036058 0.0503100262156285 0.0377963733913129 0.0449205438165218 0.0519320702374883 0.04632558241743 0.043648713334842 0.043799780539802 0.041661950511142 0.0390769940668117 0.0366818720785086 0.0365734638441245 0.0391181859553075 0.0477361085923302 0.0576578629119341 0.0639400697962199 0.0692577739711302 0.0732269909391086 0.0777952750583637 0.082393074743505 0.0836625909341636 0.0859658687933875 0.0900212362146042 0.092165953410227 0.0935091543159389 0.103276383040763
-9999 -9999 -9999 -9999 -9999 -9999 -9999 -9999 -9999 -9999 -9999 -9999 -9999 -9999 -9999 -9999 -9999 -9999 -9999 -9999 0.157979411095522 0.158933010394045 0.114456441980202 0.0451483323628079 0.0202833250436151 0.00515543243498458 0.0106028974445997 0.0228746919873137 0.0396834136083424 0.0533010639083407 0.0640013789770494 0.0662057188490304 0.0595974807755956 0.0459161051583127 0.0477374883189624 0.0502603762497063 0.0461743956485622 0.0438875293067887 0.043337332803464 0.0421671080448553 0.0406269636638094 0.0376698187269057 0.0363606200636339 0.0369634299580332 0.0419876793693177 0.0483824254168826 0.0559629539292549 0.0619225630117132 0.0656159378021792 0.0717960887202301 0.0786222810938876 0.080977697148832 0.0834891273435917 0.0862649809100099 0.0887007465291282 0.0910047479856144 0.096326342312934
-9999 -9999 -9999 -9999 -9999 -9999 -9999 -9999 -9999 -9999 -9999 -9999 -9999 -9999 -9999 -9999 -9999 -9999 -9999 -9999 0.16946194599695 0.170813126102255 0.132147593326558 0.071609443636336 0.0324092280489537 0.00412586905216581 0.00156350421772908 0.014653340289063 0.0381490182500938 0.0541940862341262 0.0673978414731315 0.0735662601198308 0.0689197090660527 0.0555928639260451 0.0518459833239205 0.0493704836999189 0.0463644916766203 0.0442169680010642 0.0428981165896636 0.0422529828966513 0.0414515339855623 0.0388948773756261 0.0371107682914366 0.0362229975794804 0.0376301373380854 0.0402811926164909 0.0483964643724035 0.0549804006480611 0.0594233514349565 0.0665250172417606 0.0743509062278335 0.0779951446692802 0.0809064602539471 0.0825755683490558 0.0854953966839487 0.0889643435812686 0.0903224456220613
-9999 -9999 -9999 -9999 -9999 -9999 -9999 -9999 -9999 -9999 -9999 -9999 -9999 -9999 -9999 -9999 -9999 -9999 -9999 -9999 0.168708922923917 0.167768198258186 0.139268302135143 0.0957049198741943 0.0409977281117854 0.00166624506405635 0.00239709147104312 0.0176584921822531 0.0425800455818722 0.0621554053729799 0.0773092485871953 0.0797320607456078 0.0760566046220223 0.0674865659364414 0.0593101150646588 0.0519477407163611 0.0477945494425003 0.0448410732976834 0.0430456720602768 0.0416317170341381 0.0403673209124264 0.0395142067228992 0.0384883327273561 0.0372620163795295 0.0368011503847707 0.0371207951415989 0.0425916714031563 0.0495362161723693 0.0585411212811801 0.0642779157718011 0.0688723386335824 0.0741057931579841 0.077930526964852 0.079367665119833 0.0827819226995428 0.0870595903894662 0.0873560097057805
-9999 -9999 -9999 -9999 -9999 -9999 -9999 -9999 -9999 -9999 -9999 -9999 -9999 -9999 -9999 -9999 -9999 -9999 -9999 -9999 0.173449103466598 0.171877119044155 0.152117475461238 0.122416692970384 0.0517623844311688 0.000401685659553241 0.00182287985836939 0.0161976268896349 0.0391841099633764 0.0627795660944881 0.081000378720369 0.0817175375096072 0.0794546010647901 0.0747997852386162 0.065556953214674 0.0560986751073176 0.0485630445813041 0.0445352366785679 0.0438935004034363 0.0417515475252747 0.0396546117243985 0.0396774470180538 0.0393969658586068 0.0387645656692174 0.0370015243524182 0.0356183092582868 0.0405807009290999 0.0466228723659969 0.054174701771414 0.0606865775717106 0.0666647250988975 0.0698078287553506 0.0730619590823887 0.0765042649595075 0.0803837572204564 0.0844344580443932 0.0848600642763147
-9999 -9999 -9999 -9999 -9999 -9999 -9999 -9999 -9999 -9999 -9999 -9999 -9999 -9999 -9999 -9999 -9999 -9999 -9999 -9999 0.175351330572998 0.179568974034323 0.169297492713327 0.151106443467475 0.0641722622714145 4.06211055922259e-05 0.00018434164488501 0.0113603553465413 0.0298708199039882 0.0578566752686408 0.0799888439948618 0.0805425983977409 0.0800259083546751 0.0786500598626159 0.070883490900678 0.0614393438639246 0.0488313839669596 0.0435263437194894 0.045270750288326 0.0424316629988826 0.0392227675638812 0.0394958740573974 0.0399510767114482 0.0406175541035364 0.0379801175930629 0.0353692406431244 0.0414379428807954 0.0456228992206246 0.0471741592321203 0.0560789671297318 0.0669300240659452 0.0652009441083615 0.0667625182307793 0.0739013166216312 0.078223971837974 0.0812647033715013 0.0827198199009155
-9999 -9999 -9999 -9999 -9999 -9999 -9999 -9999 -9999 -9999 -9999 -9999 -9999 -9999 -9999 -9999 -9999 -9999 -9999 -9999 0.183158008046123 0.183190631232826 0.167425717381477 0.143026074414474 0.0649689442198601 0.00629105919169246 0.00179530425330985 0.00510898413178216 0.0136145053647904 0.0509542025893771 0.0818070453233328 0.0835156267482238 0.0820130409857639 0.0779331132317656 0.0707225821080827 0.0632710938452586 0.0567330740723709 0.0511204516613208 0.0464011075279081 0.0417419096430363 0.0376287530064224 0.0366640160662676 0.0363324228590969 0.0367354265590408 0.0368028732973168 0.0375714884539535 0.0455808003390032 0.0490724892532208 0.0462480146951216 0.0495884457703451 0.0551256683206619 0.0602043417269757 0.0660595191487192 0.0732307683708111 0.076877061499161 0.0789336399797274 0.0810753706202866
-9999 -9999 -9999 -9999 -9999 -9999 -9999 -9999 -9999 -9999 -9999 -9999 -9999 -9999 -9999 -9999 -9999 -9999 -9999 -9999 0.180673123376716 0.182500009839845 0.163935476078176 0.134225256156666 0.0640131068164936 0.0104658797163276 0.00298668917217698 0 0 0.0451936327469123 0.0833628830093455 0.0859863003829607 0.0832557260621884 0.0762279392914856 0.0696463753914923 0.0642626739475345 0.0636832542462849 0.0584516036255889 0.0487291936897355 0.0420800445796434 0.0367226685410626 0.0351912149275675 0.0342199715858213 0.0338987050368976 0.036263767865259 0.0399297267342744 0.0485790429288901 0.0515604661547216 0.0466175143794575 0.0446893250124444 0.044475453449337 0.0554625526664561 0.0649475823597367 0.071886802497361 0.075235012289288 0.0769682406783235 0.0794180304296095
-9999 -9999 -9999 -9999 -9999 -9999 -9999 -9999 -9999 -9999 -9999 -9999 -9999 -9999 -9999 -9999 -9999 -9999 -9999 -9999 0.179728555613052 0.178680550931892 0.163524744351894 0.140657795995788 0.0619734676938826 0.0033773326027772 0.000963802660546379 0 0 0.044817276529924 0.0825178754269521 0.0844824451306005 0.0809268654556807 0.0729407121099189 0.0677209679148813 0.0637259384268107 0.0632147098381563 0.0605505662552328 0.0558082319649558 0.0470628802277595 0.0390453568596088 0.0402707254172723 0.0399746975983774 0.037913489119085 0.0392478846126606 0.041689754644993 0.0455425967508562 0.0481508044402459 0.0490188681449619 0.0468646352954691 0.0442011656444037 0.0518967478852452 0.0595124404079488 0.0669927304046 0.0720537370287269 0.0760053796054736 0.0774679059758454
-9999 -9999 -9999 -9999 -9999 -9999 -9999 -9999 -9999 -9999 -9999 -9999 -9999 -9999 -9999 -9999 -9999 -9999 -9999 -9999 0.179887315107609 0.178947037743153 0.166021676273246 0.146545423077015 0.0761919038723 0.0202866088909231 0.00578926920210866 0.000760210550359901 0.00202582164071722 0.0462524770007208 0.0824373504279803 0.0804330093081095 0.0777700500374731 0.0745784716955393 0.0684548366013979 0.0630693031907548 0.0626266884812363 0.0615700943668876 0.0599208311053495 0.0521254421759253 0.0444506712514206 0.045083629264798 0.0444602275702233 0.0423791506155059 0.0426518630689316 0.0436140882637002 0.044842648333371 0.0466489787007976 0.0492630992874691 0.0484995801053773 0.0467658679384788 0.0494495459222451 0.0536333764382663 0.0603597674622706 0.0661479524974814 0.0714930856563231 0.0740854178463169
-9999 -9999 -9999 -9999 -9999 -9999 -9999 -9999 -9999 -9999 -9999 -9999 -9999 -9999 -9999 -9999 -9999 -9999 -9999 -9999 0.180860537529922 0.182882364771362 0.171164681927754 0.15193716084288 0.105205746679242 0.0590347282680264 0.0168469721112362 0.00221223879793255 0.00589521051656585 0.0493362562442278 0.083052530822957 0.0740670077825201 0.0738597673187192 0.0806981383034518 0.0716087378835642 0.0623035550978486 0.0619299389995307 0.0616073000125182 0.0613338688016066 0.057260557793968 0.0526612811897949 0.049653911915911 0.0477907455762657 0.0472551260365264 0.046437930093219 0.0456879457169368 0.0462689930849038 0.0468833491905099 0.0475442747936909 0.0496427737851707 0.0519141486790461 0.0480203109230341 0.0473503281934163 0.0521443541544692 0.0577627710033979 0.0637506859453793 0.0693994296018934
-9999 -9999 -9999 -9999 -9999 -9999 -9999 -9999 -9999 -9999 -9999 -9999 -9999 -9999 -9999 -9999 -9999 -9999 -9999 -9999 0.186245369486643 0.186246147069424 0.171344396647529 0.148297117454355 0.0932266914732194 0.0446008790494924 0.0153137136502842 0.00354645681733469 0.00342672479958358 0.0451738229690568 0.0775432708167604 0.0677284090112497 0.0693968499980983 0.080282001533336 0.0736594125054275 0.0660967413839761 0.0653706300504829 0.0649803729675146 0.0649143131632701 0.0620087719852059 0.0587434697848533 0.0568640880697573 0.0541718186857762 0.0505364067951475 0.049493657288877 0.0491279091325012 0.0483045361937934 0.0490986621007888 0.052154239924358 0.0535083533808602 0.0540586914328974 0.0512104537936989 0.0493643498762508 0.0492167303261295 0.0534407367669347 0.0596397795930166 0.0662182684508888
-9999 -9999 -9999 -9999 -9999 -9999 -9999 -9999 -9999 -9999 -9999 -9999 -9999 -9999 -9999 -9999 -9999 -9999 -9999 -9999 0.199720428250158 0.191969201768359 0.172734317554992 0.147222614776165 0.0801065927696363 0.0267785853668195 0.012319451115112 0.00479082334420865 0.00186971084153699 0.0399612280762831 0.0698799941879852 0.061743256576673 0.0655037856819012 0.0788132804136647 0.0755404399239147 0.0705938899125053 0.0688004874504198 0.0678957129520915 0.0678487235411868 0.0656301413274085 0.0633399670529806 0.0633110694832032 0.0604746117504334 0.054380718296785 0.0528949807745987 0.0525345079943287 0.0506502753593233 0.0518368325688848 0.0573167119021922 0.0574816079538305 0.0557767610934412 0.0548990317484934 0.0527508251605679 0.0484493273606941 0.0508058286168174 0.0561801565575303 0.0635026611937865
-9999 -9999 -9999 -9999 -9999 -9999 -9999 -9999 -9999 -9999 -9999 -9999 -9999 -9999 -9999 -9999 -9999 -9999 -9999 0.20226715377683 0.201098255772217 0.19754059199063 0.185416088755502 0.168609062043428 0.101610125717065 0.0438280172416423 0.0141123702596981 0.0056788531567943 0.0113940477865413 0.0364014265477001 0.0569453225627225 0.0575919987017073 0.0651590227150173 0.0782804455284925 0.0776217046623206 0.0742789506031216 0.0680723116066543 0.0650944025543564 0.0652331593176566 0.0637016522446594 0.0622232926993084 0.0631228474001247 0.0633415454243535 0.0627702882097418 0.0588399315214944 0.054411356899902 0.0540255067600925 0.0553645960859358 0.0591153518379631 0.0593234189696314 0.0582265303988878 0.056633416821749 0.0551399219028841 0.0538152674591971 0.0530270570880608 0.0525503372990468 0.0617468377925264
-9999 -9999 -9999 -9999 -9999 -9999 -9999 -9999 -9999 -9999 -9999 -9999 -9999 -9999 -9999 -9999 -9999 -9999 0.209337801475443 0.207516602699254 0.205329337401595 0.202393976739642 0.192983032904118 0.180032619185727 0.106018511886533 0.0426934165255955 0.0121835878412885 0.00521695465922935 0.0139022270110615 0.0351763344660806 0.0531278561822844 0.0567737256246869 0.066064906141383 0.0798871174136209 0.0796253162808461 0.0761453112152786 0.0677237576592928 0.0637736031839628 0.0641396525731717 0.0631407102784113 0.0622162346331687 0.0634182214212468 0.0647454697622157 0.0662180512156207 0.062655025554313 0.0581846514714274 0.0583136928177753 0.0591783568232431 0.0610715070478886 0.0608380147930851 0.0597909905247679 0.0579073628856992 0.0570603589548433 0.0579702953653667 0.0558491533695115 0.0524295900783265 0.0586301402512374
-9999 -9999 -9999 -9999 -9999 -9999 -9999 -9999 -9999 -9999 -9999 -9999 -9999 -9999 -9999 -9999 -9999 -9999 0.209390582303744 0.212581575023466 0.212680907559524 0.20646210796462 0.194956097734377 0.180560166657385 0.0917306279699781 0.021671675383808 0.00618453106343033 0.00327869420869872 0.00873711852345588 0.03650461960665 0.0592815081491136 0.0596006031149217 0.0683385709067454 0.0838336812545168 0.0815440018252544 0.0760226331655284 0.0677903808144111 0.0640719787988463 0.0647107584865536 0.0640753992404935 0.063422718987753 0.064242484927444 0.0645493600061574 0.0642611600323456 0.0641407815072591 0.0640320119070625 0.0636003404308717 0.0633049011442898 0.0631999303375516 0.0619947486050665 0.0603872238348275 0.0586777454419516 0.0584682418729798 0.0608009976197956 0.0593283944541948 0.056146572911724 0.0540251097458892
-9999 -9999 -9999 -9999 -9999 -9999 -9999 -9999 -9999 -9999 -9999 -9999 -9999 -9999 -9999 -9999 -9999 -9999 0.216862575612094 0.216849248240627 0.214323589699171 0.206663718681007 0.192000496007286 0.173509332034758 0.0870864761428943 0.0193866308629508 0.00553243893994267 0.0104470275238834 0.02783941163278 0.0497335604752534 0.0663672731867538 0.0647547221090779 0.0700376503879709 0.0808550175361564 0.0828710694927703 0.0819695154374828 0.0741354362448145 0.0691937916505892 0.0670441898077558 0.0661206374064993 0.065610026136876 0.0660213638472653 0.066116394022931 0.0658444324325881 0.066152960419373 0.0665730881027586 0.0665267701148177 0.0660009937234895 0.0648048786001504 0.0636869962627694 0.0625312310674937 0.0601957815184081 0.0592340302612612 0.060600516267906 0.0606183447909099 0.0600083519215257 0.0567027323195403
-9999 -9999 -9999 -9999 -9999 -9999 -9999 -9999 -9999 -9999 -9999 -9999 -9999 -9999 -9999 -9999 -9999 -9999 0.218127239603233 0.217688534363252 0.21479553580488 0.206886931212036 0.188331964216305 0.163957833436083 0.0846915852251225 0.0223213986178432 0.00794579326213661 0.0207630894774943 0.0516586761501549 0.0648016705982287 0.0728295937431742 0.0694305275362674 0.0704537777207591 0.0750264605789271 0.0831285091345061 0.0887286296858108 0.0815361726936062 0.0754623781379187 0.0704684190083504 0.0688835293890449 0.0681380880483499 0.0681339164967284 0.0681837738632545 0.0682963175900783 0.0683341011302595 0.0683866930045697 0.0687650339565043 0.0682365806748916 0.0664403233618628 0.0655182934106336 0.0647902023088568 0.0618981688997769 0.0600344837403699 0.0599137131125549 0.0612837790102493 0.0632948151493016 0.0609002416480361
