layers/veg50/veg3400.asc
NCOLS 255 
NROWS 330 
XLLCORNER -2985163.8955 
YLLCORNER -3022031.214 
CELLSIZE 25000 
NODATA_value -9999 
[rows 175 to 199 of 330, columns 57 to 113 of 255]
-9999 -9999 -9999 -9999 -9999 -9999 -9999 -9999 -9999 -9999 -9999 -9999 -9999 -9999 -9999 -9999 -9999 -9999 -9999 -9999 -9999 0.616577890732537 0.454612991787496 0.204120177049887 0.25229282901377 0.273937665229971 0.200443638543058 0.125581185623413 0.0498089803244529 0.022064369250397 0.00355031651856646 0.00109377750812724 0 0 0 0 0 0 0 0.0353909172541856 0.090120477666713 0.215248609149961 0.287890983371216 0.299637429948174 0.309160443134957 0.318943631413739 0.33677392352025 0.34599573104748 0.343181873756569 0.338914682904783 0.3333834200536 0.314640177519723 0.303898042471791 0.306716728391386 0.308354121780459 0.309491052451139 0.315152377444265
-9999 -9999 -9999 -9999 -9999 -9999 -9999 -9999 -9999 -9999 -9999 -9999 -9999 -9999 -9999 -9999 -9999 -9999 -9999 -9999 -9999 -9999 0.458137581208021 0.213095850813331 0.223997596445188 0.221410097776977 0.160754534368813 0.0946698105958045 0.0249756912693851 0.00876248365708275 0 0 0 0 0 0 0 5.95675682640498e-05 0.000176635208363503 0.0190736679561491 0.0583253187364606 0.194500902528533 0.267730955395493 0.267929262190586 0.287819018649142 0.311826239515482 0.3230311382246 0.322356761566789 0.305073773337224 0.301829246995104 0.303263161845844 0.297869274496844 0.295560475568979 0.298480494254363 0.301053285765558 0.3034982292812 0.309954596874843
-9999 -9999 -9999 -9999 -9999 -9999 -9999 -9999 -9999 -9999 -9999 -9999 -9999 -9999 -9999 -9999 -9999 -9999 -9999 -9999 -9999 -9999 0.246749507682524 0.234331077839758 0.209229739741524 0.176123212388271 0.123879837888968 0.066227734951886 0.00497981994424231 0 0 0 0 0 0 0 0 0.00346785429547674 0.0102831991284339 0.0128461354319546 0.0344574838359669 0.173748610503963 0.246940813169198 0.243442585831765 0.264931730864008 0.291492648632493 0.300414558801778 0.295222281760153 0.270296725895003 0.269152883629179 0.276572779578701 0.283819716826518 0.288948009680577 0.290485479968126 0.293800342782252 0.297935657911899 0.304655475924043
-9999 -9999 -9999 -9999 -9999 -9999 -9999 -9999 -9999 -9999 -9999 -9999 -9999 -9999 -9999 -9999 -9999 -9999 -9999 -9999 -9999 -9999 0.259453267075042 0.266682306953856 0.216798369368047 0.1615174991994 0.0978566956251081 0.0465668692384257 0.00350147297567863 0 0 0 0 0 0 0 0 0.0195282222475579 0.0579068729207794 0.062822788608877 0.0754860842760142 0.175230392019832 0.237067872704335 0.254924442790441 0.254445300632529 0.249831505004747 0.254401156697109 0.256640157271001 0.255620635928338 0.261907253903261 0.270733295319032 0.277872864432723 0.282960637102322 0.28457088565554 0.289519500247726 0.295964559937873 0.301059088541882
-9999 -9999 -9999 -9999 -9999 -9999 -9999 -9999 -9999 -9999 -9999 -9999 -9999 -9999 -9999 -9999 -9999 -9999 -9999 -9999 -9999 -9999 0.315825226726139 0.307205021867833 0.237128288353832 0.166365971503362 0.0995859170722086 0.0468777664447445 0.00352485007153976 0 0 0 0 0 0 0 0 0.0245887998386198 0.0729129610201719 0.0899984487798013 0.108020996009274 0.170181166027889 0.214467038526747 0.238014486255959 0.234429524472198 0.224822843017282 0.229684607222834 0.236994207852564 0.247726169114959 0.25696828353245 0.265517735700928 0.271290244462543 0.276364001266331 0.280253465743409 0.28589094456112 0.292290654498414 0.29501330569027
-9999 -9999 -9999 -9999 -9999 -9999 -9999 -9999 -9999 -9999 -9999 -9999 -9999 -9999 -9999 -9999 -9999 -9999 -9999 -9999 -9999 -9999 0.333573853680788 0.352403445368254 0.268914136388779 0.188678648437507 0.126228695501585 0.065117502387849 0.00489633893331607 0 0 0 0 0 0 0 0 0.0197747625389827 0.0586379367700336 0.0967054438516487 0.13293104379256 0.159268993391393 0.180440254884857 0.19561693267717 0.205859165168072 0.214763269855632 0.224086441936533 0.234347440253885 0.245919628959699 0.254100022881384 0.260862279080615 0.264136889980999 0.269220424094211 0.277369844258353 0.282847952890743 0.287088122839518 0.286768677571427
-9999 -9999 -9999 -9999 -9999 -9999 -9999 -9999 -9999 -9999 -9999 -9999 -9999 -9999 -9999 -9999 -9999 -9999 -9999 -9999 -9999 -9999 0.355993399447488 0.355981473089563 0.280134563482189 0.202937551547169 0.129375005663182 0.0642873408748041 0.00483391712676317 0 0 0 0 0 0 0 0 0.00946907932735411 0.0280785811598619 0.0771377004028724 0.129443559336486 0.163279885659048 0.180538165888048 0.178561980462717 0.192109441423503 0.209256263918976 0.219527773220718 0.229787787133246 0.240031729151788 0.247499320523247 0.253638120465492 0.253923621655081 0.257685892844256 0.267340830216516 0.273500759373571 0.278049353107882 0.277791010631981
-9999 -9999 -9999 -9999 -9999 -9999 -9999 -9999 -9999 -9999 -9999 -9999 -9999 -9999 -9999 -9999 -9999 -9999 -9999 -9999 -9999 -9999 0.355465152978795 0.352902240068205 0.281709171425129 0.205528437210706 0.123078904754236 0.0579582107039235 0.00435801486802588 0 0 0 0 0 0 0.000467830752219473 0.00291973419262466 0.00482287663584402 0.00619630471135945 0.0570937460641687 0.116609691089164 0.165786873989916 0.184949466804081 0.169288015886489 0.183349569979205 0.204580273223498 0.215173157022197 0.224817254804475 0.233134839148461 0.239803819569928 0.245464792612047 0.243741335354407 0.246450308103605 0.256671664592106 0.262983064537203 0.267515075030967 0.269907434017197
-9999 -9999 -9999 -9999 -9999 -9999 -9999 -9999 -9999 -9999 -9999 -9999 -9999 -9999 -9999 -9999 -9999 -9999 -9999 -9999 -9999 -9999 0.357909383166723 0.359126685004074 0.253128164017214 0.155793803223828 0.0904327878096632 0.0413577066272815 0.00310978372520641 0 0 0 0 0 0 0.00333785948810834 0.0208315986740319 0.0344100606096452 0.0442091383986634 0.0593562759190416 0.0825358554258704 0.146513635511098 0.179362341468955 0.176093937860651 0.186249834468451 0.199882669458465 0.21088705953302 0.219538961225072 0.224901809960169 0.230002881243093 0.234837515932904 0.236600678915603 0.240886172088872 0.249446681963942 0.252393904086053 0.252915591505864 0.268332295033246
-9999 -9999 -9999 -9999 -9999 -9999 -9999 -9999 -9999 -9999 -9999 -9999 -9999 -9999 -9999 -9999 -9999 -9999 -9999 -9999 -9999 -9999 0.302411349390142 0.320704273104735 0.206107047313631 0.106280618372549 0.0563172212099572 0.0233784304535867 0.0017578794491829 0 0 0 0.000553814292153967 0.00155213014632722 0.00135748840141177 0.00581234033105111 0.0307232172766568 0.0505526701940705 0.0654770673040689 0.0646029206060064 0.0708753403555178 0.138852034891189 0.176665232642942 0.179481619574506 0.186395330564125 0.194559350645792 0.203642665113911 0.210456410967643 0.214097035365101 0.219403484963201 0.22520614729406 0.229146524137994 0.234422392578034 0.241961742976072 0.24354052960006 0.242559639555349 0.259611833598905
-9999 -9999 -9999 -9999 -9999 -9999 -9999 -9999 -9999 -9999 -9999 -9999 -9999 -9999 -9999 -9999 -9999 -9999 -9999 -9999 -9999 -9999 0.269551744247473 0.237024428286884 0.13919163309323 0.0570063461501396 0.0206163240595217 0.00391165212538454 0.000294126369912535 0 0 0 0.00170511670764382 0.00477879152350299 0.0041795168280641 0.00786008034842464 0.0319621128876657 0.0521904653763339 0.0686795871448899 0.0730690076152537 0.0833956618011694 0.143717766648692 0.177086047216348 0.179181498378292 0.183568817051128 0.188560972856034 0.193206682276127 0.197269600102566 0.200517707352828 0.207942664284025 0.216649224068497 0.221354148522146 0.226988023626342 0.234196347453024 0.236559825273592 0.236781864356026 0.243182569119939
-9999 -9999 -9999 -9999 -9999 -9999 -9999 -9999 -9999 -9999 -9999 -9999 -9999 -9999 -9999 -9999 -9999 -9999 -9999 -9999 -9999 -9999 0.28185492292849 0.212577619948028 0.141329741708739 0.0773929068765608 0.0321955360454147 0.0106706478296116 0.004883617357574 0.00200266216086112 0 0 0.00853456909357799 0.0239191407006379 0.0249227696960475 0.0295604930445568 0.0585008661799031 0.072796501282182 0.0729556941315337 0.0940035202664584 0.121138219539637 0.158382117319105 0.177152261402751 0.174488469366092 0.179909106327295 0.187209076606952 0.190972686472897 0.193490710445214 0.194267260156891 0.199399578588863 0.206217540094048 0.215094874918396 0.222736557928699 0.228283974231812 0.229421487979395 0.228627922230823 0.235980502657955
-9999 -9999 -9999 -9999 -9999 -9999 -9999 -9999 -9999 -9999 -9999 -9999 -9999 -9999 -9999 -9999 -9999 -9999 -9999 -9999 0.208438934989829 0.281162462002616 0.261740461921357 0.191952910313954 0.150103860655143 0.105521095566893 0.051398551563953 0.022843096698624 0.0112850653105059 0.00578730380881771 0.00171882837010511 0.000529534705348211 0.0163443354455358 0.045806935873818 0.0486527633807541 0.0542421732822021 0.0879218745490257 0.0964541413132139 0.0807118013993531 0.116720715926255 0.158780216812792 0.172592435873702 0.176483155422339 0.168862582232901 0.175805596277179 0.186145919903477 0.190223232962115 0.191995634633783 0.190545501533671 0.192569470791255 0.196345448073061 0.209039217768001 0.218370545837805 0.2220029792268 0.221925599206087 0.220262232225837 0.230816483616449
-9999 -9999 -9999 -9999 -9999 -9999 -9999 -9999 -9999 -9999 -9999 -9999 -9999 -9999 -9999 -9999 -9999 -9999 -9999 -9999 0.175431735582444 0.147694386282873 0.121044703067787 0.0949895240456779 0.0779753185543999 0.0599320684467859 0.0384352045560242 0.0261059148646781 0.0198713800391485 0.0192116566923882 0.0163987058039253 0.00505209478561409 0.0207791263887511 0.0582359627392163 0.0609216422490548 0.064138217615423 0.0911021873085871 0.107154377914172 0.112673520089668 0.129237281700601 0.147836398737463 0.164798489238954 0.170941681030459 0.164532384158315 0.169935505240878 0.178449176406199 0.185115191299244 0.189882235853939 0.191994298537959 0.193123556981648 0.194248036719975 0.201611820777677 0.207105219066814 0.209428560386676 0.212032457605466 0.214805623161224 0.223523603235086
-9999 -9999 -9999 -9999 -9999 -9999 -9999 -9999 -9999 -9999 -9999 -9999 -9999 -9999 -9999 -9999 -9999 -9999 -9999 -9999 0.0437706784227535 0.0433496035532054 0.0422658050654807 0.0408197704324812 0.0374854068161231 0.0342306607699986 0.0313538157390132 0.0282805385747255 0.0250766700812372 0.0267585394840149 0.0255046490175441 0.0133905552667285 0.0267996387290342 0.0606940948147195 0.0644649913912401 0.0681162841934773 0.0898830097713471 0.111683998378381 0.133518060798827 0.134721569475833 0.135151856828042 0.156515334572882 0.167315624672978 0.165860111597817 0.168570455062732 0.172815107671121 0.180389685576684 0.186177672954277 0.189467798534725 0.190695578792209 0.191319952755838 0.194444844995566 0.197449847804564 0.200251653855002 0.204082469711144 0.208392925625072 0.214846407431944
-9999 -9999 -9999 -9999 -9999 -9999 -9999 -9999 -9999 -9999 -9999 -9999 -9999 -9999 -9999 -9999 -9999 -9999 -9999 -9999 0.044111543284234 0.044727926402738 0.0438701559280285 0.042206632194339 0.0380701856096965 0.0343482536217128 0.0319086491492403 0.0290424193813389 0.0258925620650112 0.0266750267000102 0.0273742605531875 0.0266829889846604 0.0348788057869237 0.0502075635742519 0.0566804660609631 0.0644113663286837 0.082952216390794 0.108202647909142 0.139929781884252 0.131076238198711 0.120207429077558 0.147597068074783 0.166176250011283 0.174533211984283 0.173054051205936 0.169858895927782 0.176160805187949 0.180407389349955 0.181780389462881 0.184396150728223 0.187313452310288 0.18761595971904 0.189884593071823 0.195485550352695 0.198655171207216 0.200738991106167 0.204372031191576
-9999 -9999 -9999 -9999 -9999 -9999 -9999 -9999 -9999 -9999 -9999 -9999 -9999 -9999 -9999 -9999 -9999 -9999 -9999 -9999 0.0589610082691954 0.0580998110041785 0.0508696152226216 0.0401582073511131 0.036979440781612 0.0341833124561339 0.0316569715052188 0.0289014084806846 0.0259934548326164 0.0268162543180917 0.0283688230747343 0.031209825113278 0.0372438282399363 0.0458405929119426 0.053678812469764 0.0624608344628294 0.0757144674177245 0.0964033762377995 0.124269494214185 0.116445135121959 0.107451768113831 0.135667815806789 0.155524129352993 0.165681168423933 0.169919995171147 0.172758680999636 0.177964255233167 0.179425436968527 0.175651521557517 0.177714779448717 0.181735102702321 0.183126643101469 0.185452705393377 0.189362658927868 0.194498016236356 0.200162874906953 0.202575696765112
-9999 -9999 -9999 -9999 -9999 -9999 -9999 -9999 -9999 -9999 -9999 -9999 -9999 -9999 -9999 -9999 -9999 -9999 -9999 -9999 0.0786747662147121 0.0749877592671938 0.0598584086412574 0.038474821176163 0.0354177705863954 0.032919978615923 0.0301352114049923 0.0276949858291639 0.0254838172275512 0.0269736014224111 0.0292136252746097 0.0328165905510005 0.0376941834710807 0.04359481603936 0.0520960008367093 0.0607465682884366 0.0684229820692298 0.0823142863264891 0.10220477200512 0.0995080708233979 0.0970997989452158 0.124308765599607 0.143149139520374 0.152279960903916 0.164570263237273 0.176843999767462 0.180898007545775 0.179510741105358 0.170515939090348 0.171513178224356 0.176068973066804 0.179846024089823 0.182519073461232 0.183320985771725 0.190492100435119 0.200481509630734 0.202777812244303
-9999 -9999 -9999 -9999 -9999 -9999 -9999 -9999 -9999 -9999 -9999 -9999 -9999 -9999 -9999 -9999 -9999 -9999 -9999 -9999 0.0802483796476368 0.0813508303725906 0.0717311383076186 0.0562508618802009 0.0348775098698752 0.0185300986481177 0.0154876192653916 0.0164461869965145 0.0200647169853791 0.0263799412427385 0.0318471416465241 0.0338104576739423 0.037599839336444 0.0428548549463606 0.0485706103070182 0.0546109886192012 0.0617432608544455 0.0739226943242689 0.0909741100154702 0.09947021895522 0.108755487465984 0.133271683130815 0.148982078349112 0.15447565638088 0.162890087539827 0.171351266009963 0.17277856920961 0.173041559858025 0.171676705851422 0.173206927934567 0.175981200909574 0.182332064892725 0.185735462529985 0.184143293804133 0.18302665549538 0.182200430525839 0.191939267058286
-9999 -9999 -9999 -9999 -9999 -9999 -9999 -9999 -9999 -9999 -9999 -9999 -9999 -9999 -9999 -9999 -9999 -9999 -9999 -9999 0.119364034051658 0.0936674573465662 0.0775125545323083 0.0665730070711539 0.0352875842413602 0.0109741633894856 0.00625065006830931 0.0089420394695024 0.0165629787672861 0.0253492940048085 0.0329046795848563 0.0361585293492925 0.0387936209599382 0.0409320858677908 0.0454035177763395 0.0505720222357929 0.057254552515922 0.068176575333794 0.0831909445839608 0.0968549650651677 0.111117153452564 0.130578609017901 0.14309619295177 0.147557238759868 0.157711940564229 0.168129469412424 0.166399021442836 0.16658816432941 0.169461118974017 0.171646554470153 0.173807052679474 0.179946772071302 0.18327339506193 0.181832191007603 0.176493056440128 0.169540701804211 0.182831984329602
-9999 -9999 -9999 -9999 -9999 -9999 -9999 -9999 -9999 -9999 -9999 -9999 -9999 -9999 -9999 -9999 -9999 -9999 -9999 0.127806843456933 0.118322563259443 0.0894561608703147 0.0737342834609996 0.065197033141416 0.0371891113766436 0.01414339849738 0.00550509473497305 0.00731473539460176 0.0160703422082913 0.023632840713826 0.0314888821490444 0.0406318851985416 0.0420089829147627 0.0371530218240155 0.042798736947749 0.0498234738525526 0.0562044125845453 0.0665822529934925 0.0808182689204528 0.0901947449127273 0.0988928110191901 0.109592659926612 0.11881882332843 0.126335161996812 0.147044088960933 0.168471674130196 0.162750052217442 0.160159542855874 0.161946693792916 0.164979170790297 0.168358552697573 0.169916424269708 0.171899576567496 0.174603523554225 0.171421893253438 0.165703101899274 0.176441739211591
-9999 -9999 -9999 -9999 -9999 -9999 -9999 -9999 -9999 -9999 -9999 -9999 -9999 -9999 -9999 -9999 -9999 -9999 0.144067173638873 0.142527994614341 0.131542258802912 0.10125149254939 0.0763436060002523 0.0543779317717787 0.0318936384479078 0.0144740527902821 0.00995736720612762 0.0126022286090228 0.0200082048277519 0.0283786298554346 0.0365215217998898 0.0436555436380944 0.0421995205221339 0.0338489689441295 0.044048844628872 0.0546331778483462 0.0553799456901758 0.0629393677133358 0.0770749874264841 0.0850105797458123 0.0917767989528168 0.0993037940683821 0.106729250076758 0.114036896636495 0.131323527152822 0.148871918128882 0.143318446793324 0.140218419529567 0.14054859304346 0.149243533109363 0.160476694159881 0.163189369472083 0.165876430285722 0.16852007790565 0.167589516559133 0.165090630650661 0.168749670368636
-9999 -9999 -9999 -9999 -9999 -9999 -9999 -9999 -9999 -9999 -9999 -9999 -9999 -9999 -9999 -9999 -9999 -9999 -9999 0.160359920436931 0.150216745165796 0.119344926452813 0.0815121238313215 0.0398745375727588 0.0236566513762729 0.0134844333891636 0.0162897052242244 0.0204725031603671 0.0255711032187215 0.0355326027594676 0.0439434313977618 0.0459666226653017 0.0412025000497628 0.0309907541682916 0.0468034299265746 0.0613915340229366 0.0546976765201688 0.0586028040286936 0.0727390424805117 0.0803663567667336 0.0866902850084836 0.0933657980772241 0.0996713509096133 0.105547662116095 0.113817435128254 0.121506310189196 0.117793857106433 0.115136530094209 0.11395439231058 0.129920309355712 0.151219669785591 0.157372414707456 0.161573415299018 0.162466466899254 0.163783378711878 0.165247086676837 0.160523510339812
-9999 -9999 -9999 -9999 -9999 -9999 -9999 -9999 -9999 -9999 -9999 -9999 -9999 -9999 -9999 -9999 -9999 -9999 -9999 -9999 0.151557014568998 0.12476444647884 0.0833940464765378 0.034055592381265 0.0168826422720567 0.00689133245705884 0.0121325818208682 0.0175416049553969 0.0230621668659645 0.0323776231050134 0.040546886521122 0.0439374711259885 0.0427014436191674 0.0377520119267952 0.0460309685788983 0.0545482243148364 0.0558981913458211 0.0602258962549749 0.0674279864528272 0.0729769268721551 0.0783130059818657 0.0844358558627104 0.092079676508705 0.101488184004912 0.108131029828619 0.113044999456623 0.109281707714134 0.107546847315264 0.108647970361978 0.117023934665846 0.127764475457283 0.133898814956028 0.138164525926173 0.139263158216813 0.141193512008237 0.143546395196058 0.15248409162526
-9999 -9999 -9999 -9999 -9999 -9999 -9999 -9999 -9999 -9999 -9999 -9999 -9999 -9999 -9999 -9999 -9999 -9999 -9999 -9999 0.119103389705352 0.119381111248741 0.086519068855359 0.0355432607615732 0.01772601970105 0.00693229307363872 0.0108773244134192 0.0170510058853595 0.0247063308042708 0.0331306580774156 0.040285906166499 0.0431297202307621 0.0436067616493443 0.0421841877043395 0.0445699239744019 0.0479827470180734 0.0533971166358617 0.0585353699261497 0.0634070904515644 0.0673946636430844 0.0712705147004648 0.0755796729574436 0.0829540081331577 0.0938846755711374 0.0999330842234837 0.103859465119572 0.100934686111708 0.100546571040401 0.103705007817504 0.107322974744839 0.111185859773089 0.11646350499495 0.120526849979347 0.12253211636025 0.124423804880903 0.126349376702965 0.140128504954571
