layers/veg50/veg4700.asc
NCOLS 255 
NROWS 330 
XLLCORNER -2985163.8955 
YLLCORNER -3022031.214 
CELLSIZE 25000 
NODATA_value -9999 
[rows 125 to 149 of 330, columns 57 to 113 of 255]
0.0755674715507499 0.0797363192788063 0.10007953648712 0.12054549078429 0.122723114229328 0.151699315585634 0.211346089348395 0.221149841233893 0.214577074443344 0.18457597199479 0.160880444383996 0.14587853793876 0.143664428540091 0.143371451990062 0.0994715561246821 0.0734983621828604 0.0774699010814368 0.167384070771357 0.295099399669205 0.38894005042689 0.466776459155355 0.511906519258965 0.542886844445593 0.56613310781156 0.623205683559918 0.666240876583977 0.670498505134421 0.674808927352164 0.679154447672594 0.687535161942021 0.689510282418792 0.66967986125015 0.646724886657311 0.621262087876209 0.598596730034442 0.576086794537586 0.55250660124271 0.52896068049817 0.505447842757752 0.485360571151707 0.46620213334961 0.448292133811442 0.431256361816077 0.415234901130453 0.398569969690966 0.382039338046144 0.368374768633195 0.355381643890884 0.34332727705948 0.332215076904025 0.320958741135438 0.301066389918955 0.28701616246291 0.28286756356574 0.284054153677305 0.287585423067216 0.282433843796761
0.074568637119445 0.088642495339079 0.103382986880905 0.119037653071515 0.139160305547998 0.152504289220484 0.158090187629611 0.158093369561548 0.151759771929685 0.103320527681521 0.0873027009227471 0.115984925873031 0.108930240921678 0.0887704633161683 0.0611616741541338 0.0384853882725254 0.024048347601585 0.11924758143163 0.262107657757253 0.308968775390096 0.346682354327999 0.365701977684013 0.423297034024886 0.501976922358303 0.571884562036731 0.621552639738991 0.620667980044165 0.629465064554624 0.644698732649923 0.674117540491599 0.69323125245157 0.675069542862847 0.653002145675907 0.627799971610216 0.606614444102181 0.585301165959468 0.560962967327582 0.537978306860262 0.516300205380706 0.494935150499612 0.473951573281164 0.454832603224497 0.436390823655058 0.41873474567521 0.401416871823572 0.384474785937032 0.370090299521998 0.356543286402871 0.344167158564521 0.332421108094963 0.320848831601938 0.308323826078857 0.297871582130852 0.290932395428654 0.287993744469742 0.286830599028315 0.281575767413751
0.100470526870695 0.0827006049489154 0.0870794918856442 0.0969392482942589 0.112270831316585 0.116317512301318 0.10744879134981 0.0946902465353563 0.0795727992210875 0.0531491941308754 0.0543725156457646 0.0937132035357953 0.0851336016442841 0.0612195709997987 0.064732898480342 0.0575701542568446 0.0325741177565166 0.0942361439094839 0.193480219329313 0.20841176741579 0.224733842643108 0.243897606052699 0.290733582981285 0.35269483337443 0.479127055280989 0.576408259706111 0.593698975536306 0.60580606582141 0.614466996159913 0.651983049342896 0.679531677212139 0.666707394630599 0.651313215380903 0.633856389682016 0.61388058226669 0.592787334469397 0.568512274741183 0.545150264165892 0.522669612246194 0.501251920894378 0.480280224541256 0.460627119464744 0.441505411863418 0.423000251376727 0.404930749530034 0.387277748167741 0.372304123652644 0.35810672827039 0.344994591690535 0.332978219762496 0.321444480792762 0.311474539621989 0.302480587722987 0.295140808799908 0.290138427484862 0.286186369074598 0.281646401274941
0.139735847392586 0.0693826637602019 0.0610358852282519 0.0646120996502157 0.0638580370558629 0.0617544011891126 0.0581061988567111 0.0311149180571023 0.00273127007214556 0.0184194657736204 0.041634754413015 0.0752277954641908 0.0667703911870162 0.047106312836319 0.0891093346215379 0.103528970063185 0.0718733631979182 0.0807125022895816 0.107150091556533 0.0976284170164079 0.101864120157606 0.134214468765151 0.151725236732234 0.161124882141945 0.365785260099287 0.531037282133642 0.578086852930259 0.592919423167826 0.586333598893592 0.625518292437807 0.6571781248845 0.651513771347513 0.645666933652693 0.639673630808182 0.620773361242669 0.599414986315804 0.575610984034223 0.55140535133471 0.52681202817619 0.505950314619661 0.485903072830321 0.466051069711476 0.44661012747931 0.427646113376189 0.408775959651432 0.390263279923497 0.374765484139399 0.359869771376705 0.345815840854727 0.333709737130489 0.322390629289969 0.312585162979779 0.303986571942895 0.297433475175422 0.291391456964595 0.285597078771983 0.282178389074789
0.238830032605863 0.113193268046535 0.0746957784288391 0.0550551254473822 0.041397427423623 0.0319169532766596 0.0272172495047305 0.0139843625134756 0.000689119711115306 0.00742097851556649 0.0202973952488607 0.0416454359399432 0.0427104234472635 0.0392749532172918 0.0807133479724073 0.0981282652469291 0.0754144060113472 0.0887343583387272 0.117796235640571 0.122577700782787 0.131757283753179 0.1499248821959 0.138206847776844 0.110153713551424 0.30405741081705 0.461336836981186 0.504994309047633 0.552671360257747 0.603020694125354 0.632487557664528 0.65053423112302 0.637716987219448 0.632755698737782 0.634099744924548 0.613447727928391 0.59003414386881 0.568506916263643 0.547531984734062 0.527090179953584 0.508360335387653 0.489972350449598 0.471486264639489 0.452314725660034 0.432347898419885 0.412569408242353 0.393321493930541 0.378423173367063 0.36378054076231 0.349495389725994 0.336742560888959 0.324652487856044 0.314532167039221 0.305475831514185 0.2982228106027 0.291646737436134 0.285400646422935 0.28257575704317
0.325621872924936 0.157006421908277 0.0959425008725927 0.0581450106826234 0.027688357526276 0.0105591189588438 0.00868290745477208 0.00441794356771008 0 0 0.00439553321011207 0.0148512752881795 0.0236678135630228 0.0337527005721716 0.0747443310488118 0.0947201528074313 0.0795912029148282 0.0954908438597418 0.125008055901583 0.139467002468283 0.152094832846989 0.160980585074928 0.130878953316874 0.0794673224851605 0.245003950184 0.385094045985559 0.440398490907672 0.520128812627545 0.616097860997099 0.638738973884095 0.645634534109263 0.622685558082649 0.616545805630939 0.623897445946137 0.599889446423039 0.573782278868805 0.558159358332478 0.542471242623133 0.526720194562494 0.510511956388525 0.494085951103935 0.47693970680351 0.45796455194257 0.43686742702783 0.416391320088197 0.396661755846615 0.382143025553077 0.367676394971956 0.353282605861365 0.340001608708095 0.327247997056816 0.316747472143667 0.307252163665312 0.299460564345946 0.292484860936467 0.285902519630875 0.282837714962149
0.382344512457107 0.198987611315044 0.133268654941699 0.0894350850729475 0.0331656441599369 0.00780500213762095 0.0178190190808823 0.0106621779921145 0 0 0.00120530655932544 0.00407239319179985 0.0162868632267316 0.0333109929330898 0.0753818564787159 0.0975227791725743 0.0863727620786261 0.0986593857198677 0.121243365823002 0.133550728884467 0.145657337481468 0.157353683256224 0.133676334981922 0.0906641837444826 0.190408393469207 0.294666752138603 0.397090067678571 0.506094664618471 0.619474606220223 0.642272583967353 0.644219729394851 0.604784649643625 0.593023158482556 0.603472999765006 0.572529901319247 0.542326303367544 0.540848442715696 0.535019924419399 0.524991752949782 0.512146042387403 0.498350928831715 0.482434532117571 0.463469776573105 0.440968201738056 0.420280013532401 0.400644931185917 0.385966604962123 0.371469035876157 0.357224186337323 0.343704165897109 0.330564485577305 0.319549673651547 0.309685780543453 0.301772542899235 0.294688473379595 0.287989294593952 0.282794220888345
0.437891905267172 0.308697410679281 0.242559670929176 0.184693411225381 0.100290038367315 0.0582923578606323 0.0648273592751819 0.0484217709537407 0.0263274189895669 0.00966033736430843 0.00323425767977825 0.0109276506078476 0.0157641489278768 0.0211169824161299 0.0520166885494676 0.0697160509877583 0.0653655814471854 0.0724746811965121 0.0848707609914864 0.115919494904497 0.142455670432757 0.159769959197984 0.148407949569249 0.121371846689455 0.195265783441934 0.277290650630402 0.370554661072778 0.4751172143095 0.587191225558404 0.62237446851118 0.635438426580064 0.599123233917128 0.5663319755107 0.536369091712263 0.509435746755452 0.491412552194174 0.509304462536553 0.520470973225701 0.525145512285785 0.51642966775984 0.50398575328329 0.486087479344548 0.466373763625293 0.444553704831733 0.424551330867568 0.405468832366085 0.390119128258425 0.37545238771065 0.361740509823553 0.347728490869751 0.333730765694548 0.321919682318847 0.311745775900444 0.304346668301965 0.297235990757986 0.29025078421222 0.282617004208349
0.492725650918809 0.45953417439181 0.395550038081621 0.318795292727539 0.204848515408397 0.141109627700474 0.134832920216997 0.105318491161856 0.0686416834621044 0.0251867385770241 0.00843245940584588 0.0284909179401746 0.0194059735023419 0.00178660010928184 0.0140763224186805 0.0233223499698826 0.0274841948995093 0.0284657526372855 0.0286975940583976 0.0911745646762669 0.141218901171057 0.165855844725132 0.170386409651072 0.163927088461693 0.236224892028905 0.304273554641474 0.354204363198927 0.433851252394167 0.533253883197879 0.588247864658683 0.622183952015021 0.600894027130772 0.53771675689231 0.440919930960598 0.424642401699123 0.428683421274101 0.469117713235311 0.501612113721191 0.526442203853274 0.522322177640968 0.510452392198613 0.488621979663062 0.46769819655385 0.447826318624762 0.42905498958893 0.410803248994682 0.394471396736744 0.379551545282718 0.366605835530672 0.351948203466235 0.336805834495792 0.324027249758469 0.313578896396282 0.307079977602576 0.299992338142199 0.292618366121466 0.282358586912235
0.512266376446852 0.516562815911491 0.441260600339365 0.3498738548449 0.259572799521704 0.203999880555724 0.188172795275841 0.203197631943545 0.212293816738307 0.0950175957337863 0.0326748789013777 0.0460700744491611 0.0308790510136624 0.00760886406770459 0.0185584296564192 0.0285862074796034 0.0370742325645509 0.0478436195739716 0.0599414509180901 0.10167840612915 0.136146680036 0.15576064067113 0.166976936624859 0.173603177840729 0.206370971815799 0.235488229213611 0.252906063462176 0.280442574160469 0.314706148222104 0.434655956755929 0.531365122460801 0.52868604391018 0.512134989355265 0.484450031090098 0.474837559044011 0.474319188464234 0.50119636609896 0.52136899864007 0.535069790282829 0.528597336960918 0.516136211987107 0.493261346908127 0.471842941434211 0.452114374563251 0.434003239719 0.416113689642766 0.396110826246825 0.379532173631962 0.367740966803654 0.351785305547095 0.334444225888705 0.319171834677334 0.308104624716815 0.304164641853167 0.297419250020479 0.289386286857444 0.278306922449336
-9999 0.559420543631623 0.470106829484939 0.369415682893051 0.308254920715965 0.267555034032889 0.250272313940379 0.298302185933342 0.340926705888852 0.178681305786307 0.0850942535690979 0.0861678281347011 0.0597693747276609 0.0260291522302726 0.0322370335955363 0.0388074462244954 0.0459834304685763 0.0624574748444846 0.0830425181553077 0.10196631097352 0.1218287426679 0.143609381438925 0.161773832359908 0.17796172184342 0.180026423248251 0.179632089340706 0.174311572808753 0.159311984890455 0.13787759032153 0.305049880568202 0.448821016702533 0.463316701783747 0.484224143997753 0.510277780705457 0.510596462934296 0.509910395886677 0.520872777206439 0.530582773679954 0.539083853611743 0.53267453979049 0.521158868303168 0.497932680453431 0.476324447593366 0.456593426287876 0.438801829657877 0.421094621368893 0.399202679003228 0.381592191386721 0.369967676541649 0.353514684667833 0.335216988013979 0.315062559473758 0.301749364431632 0.300031157061863 0.294533090789791 0.287295479781756 0.275293331723449
-9999 -9999 0.470106829484939 0.374636504725078 0.348683731206576 0.336659501440501 0.34057628209258 0.377952118106521 0.407910847132138 0.292159319868831 0.214968936688185 0.190943568116152 0.137257501762719 0.0760412341508609 0.0645829291905912 0.0538331204066767 0.0442667824480077 0.0518104527535389 0.0667888209446387 0.0664727681952784 0.0816545506235597 0.128507786115661 0.156055711618682 0.173051604748055 0.176695347057949 0.178404108351801 0.176444983776298 0.151376689277626 0.110945036624386 0.266158389582816 0.404211128781084 0.431101795989413 0.449069379981272 0.459875132861259 0.480235162390046 0.496858374134247 0.491727176605011 0.502460402163793 0.528507421684158 0.530368594120715 0.524425418781754 0.502311395954797 0.48125813820186 0.461435619540152 0.443089345029768 0.425133473065796 0.406961850341572 0.390377119970947 0.376011050073544 0.361479757954709 0.345985666091476 0.314368174727657 0.294198244783697 0.29343042026104 0.291721063018506 0.289505515423339 0.275954237486843
-9999 -9999 -9999 -9999 0.359925897881052 0.365941166641242 0.378840820709658 0.426422282161597 0.469700304673316 0.391623031035164 0.338958770250139 0.321331934617468 0.268347405853298 0.203585548585082 0.151323102842719 0.0980808768964788 0.043202027740209 0.0525526278879729 0.08968480506696 0.0574118358772046 0.0500152972318037 0.0934563557959506 0.126648641131861 0.154239079776073 0.167860510422588 0.17693407833199 0.175765505888092 0.153955680297179 0.118423208418622 0.236251533048379 0.341487556901336 0.362357807224168 0.38437791846473 0.407320929278808 0.392216450714716 0.376905408220976 0.384239649365984 0.419309235428269 0.481151516290747 0.508301452982324 0.522404230993837 0.502377631888641 0.483312501476684 0.465362902801909 0.447331721926412 0.429454022106723 0.413182027770525 0.397581597851622 0.382920093263411 0.368817109833971 0.354185784394936 0.3265289519907 0.307919632839425 0.304644654295404 0.300252198804597 0.295295803603716 0.282015617416786
-9999 -9999 -9999 -9999 -9999 0.365941166641242 0.378840820709658 0.451965995026017 0.527670116670751 0.480782039787993 0.458621480030257 0.47055323886059 0.438850641073891 0.388139233252384 0.278059332790161 0.163815600228926 0.0426166095098377 0.0616692679414335 0.141367509308905 0.0677867746426252 0.0246517753879075 0.0437358324741614 0.0798231104421545 0.125204128697244 0.154978764434636 0.175286069910552 0.173017713738798 0.164265815383257 0.151203551012364 0.212951068916392 0.265445011975352 0.266754021599633 0.297968153880526 0.353184688991332 0.261802304375812 0.178348288830512 0.219147384643481 0.295695452585445 0.406751702166571 0.47170392529121 0.516494974737393 0.499272906064816 0.483249698346447 0.468617453695611 0.451540908548975 0.433981702912835 0.418270584572516 0.403623971967544 0.390465662455831 0.375692898812622 0.360497243357933 0.348142116559328 0.337282673768374 0.328958217926091 0.317123951001327 0.303718647766228 0.292047960405749
-9999 -9999 -9999 -9999 -9999 -9999 -9999 -9999 0.533797709149764 0.490206429011376 0.471270206931416 0.486326402686432 0.478862171656058 0.459506846808554 0.374737373193363 0.30141826762869 0.247225837659957 0.1992198127376 0.153600589197126 0.0741371790104063 0.0228709091019804 0.0292284553344256 0.0536174734962873 0.0878622606487196 0.132449249333782 0.165486276148145 0.168245647036162 0.153935426772646 0.128277060154893 0.173320751191477 0.212413394009535 0.212141884916037 0.209675516113944 0.205447512441271 0.191028255396247 0.170302136032313 0.129128910749338 0.159416284002507 0.258683971023312 0.357105537426221 0.444159536644243 0.465167489819095 0.47194617031877 0.46221551944054 0.447373083447815 0.431195757486964 0.415919880520136 0.401651549429984 0.38879188491162 0.376878981117893 0.365325600940087 0.354097310760517 0.34386416548093 0.335317659438362 0.325776948953933 0.315786321912929 0.305605020088724
-9999 -9999 -9999 -9999 -9999 -9999 -9999 -9999 -9999 -9999 -9999 -9999 -9999 0.505699934222782 0.457751841984645 0.429721661027361 0.434962325682794 0.325421509018916 0.165733844303686 0.0831262441012034 0.0273110561952126 0.0262489753385888 0.038131398268617 0.0570891192951181 0.110723922102187 0.152943682998877 0.16296236182263 0.142974885453691 0.10303882111731 0.134764286653287 0.163648771631657 0.162923337016098 0.131058983010023 0.0742019581668618 0.135640689987758 0.180209664777052 0.0801023411879367 0.0669321463948479 0.137681629651672 0.241532721502171 0.34593296185924 0.412664873017829 0.44782393774347 0.446351011769085 0.437585043579942 0.426460805762214 0.412491394167167 0.399131854806539 0.386624987914307 0.37741166030601 0.369212279811591 0.357917760023803 0.347776002511387 0.339588024880306 0.332749766715652 0.326504207004538 0.317996746461066
-9999 -9999 -9999 -9999 -9999 -9999 -9999 -9999 -9999 -9999 -9999 -9999 -9999 0.508131416517227 0.50325751211104 0.492013781996627 0.470129905697712 0.353205145299079 0.194794832685604 0.103668859855588 0.0444891641288369 0.0505950392087469 0.0533710391375853 0.054326972441532 0.0962123560364108 0.133800338893226 0.156670181546681 0.138727171862852 0.0936511033174574 0.107351975150532 0.120623826317615 0.115739606613687 0.0891642904976093 0.0451793004642841 0.111182331840846 0.173185253782316 0.15022804220148 0.142471562204895 0.149388220352387 0.15654718384909 0.180782812210463 0.305506003134297 0.381076005730195 0.399616651105174 0.410620430183408 0.417702381556996 0.408326574448843 0.398096267245699 0.38667126931207 0.378015207016089 0.370255854327879 0.360684555350964 0.351773368771909 0.343980985566205 0.337093282877829 0.330616467685648 0.324519806694283
-9999 -9999 -9999 -9999 -9999 -9999 -9999 -9999 -9999 -9999 -9999 -9999 -9999 -9999 0.534234628657359 0.531304354917838 0.523479356836196 0.441403945629315 0.326643995979425 0.238697296842415 0.163095237040639 0.1127207435934 0.0830760154425582 0.0647619084850281 0.0853190959081139 0.108953602650127 0.136779204123469 0.129383662741524 0.0985725233914096 0.104831707931586 0.111628855916231 0.109582112890497 0.0881471616913057 0.0511508771355161 0.0940441626579683 0.142946541171989 0.167945017355831 0.171285115899362 0.153718564961487 0.127770661505427 0.120891753194045 0.236916959928685 0.309390832403035 0.331334827091896 0.347765583896941 0.362036131707877 0.370719341050678 0.375679623622572 0.375434820636789 0.374362746280504 0.37257092834006 0.363254896237981 0.354642749110802 0.347223594096667 0.340760760528726 0.334736609563931 0.329718768382222
-9999 -9999 -9999 -9999 -9999 -9999 -9999 -9999 -9999 -9999 -9999 -9999 -9999 -9999 -9999 0.550226080518622 0.592929626760523 0.58310293863369 0.549516451999091 0.475107788992019 0.371520079034666 0.208301923577025 0.125590660397621 0.0868834217121147 0.0776299993015557 0.079056270533504 0.104845914493472 0.115527610337467 0.116165292542803 0.124354402710281 0.132768873032456 0.139755093503417 0.123328850991556 0.0881113340145559 0.0833883315791846 0.0921505789247926 0.139251840765018 0.158720934957922 0.15151693050013 0.148769608555259 0.154212087675928 0.202483135716877 0.23333352228332 0.243971809491613 0.253128412677291 0.264831010793315 0.303497430551298 0.334329147129922 0.354207035476881 0.366941410264254 0.376011969136987 0.365651268377834 0.356513250027784 0.349447516955631 0.343829577376871 0.338863730576905 0.333745184594108
-9999 -9999 -9999 -9999 -9999 -9999 -9999 -9999 -9999 -9999 -9999 -9999 -9999 -9999 -9999 -9999 -9999 0.621101786773945 0.623714866650692 0.579455730474632 0.515473901229966 0.411186678318727 0.267848052688366 0.103164436174066 0.0677208189659706 0.0521997772938383 0.0752099748629002 0.0935622656668835 0.108817903059238 0.119384319715463 0.128650141034131 0.135060481671741 0.127699175124414 0.109284490627098 0.0876042211774242 0.0759702165480294 0.10896128991558 0.131410385594954 0.143683399019798 0.166405114069096 0.191993183427733 0.221585287600781 0.237635222847942 0.237973030042129 0.236632547456869 0.238211774753052 0.270659385049426 0.30522175592446 0.342740808577915 0.363728414055338 0.377469751811749 0.36824441852029 0.359813094168813 0.352727510153989 0.347351670568711 0.342743417805755 0.337608130358452
-9999 -9999 -9999 -9999 -9999 -9999 -9999 -9999 -9999 -9999 -9999 -9999 -9999 -9999 -9999 -9999 -9999 -9999 0.663416902276728 0.646764999609376 0.626944250944744 0.600647632836479 0.410161847532803 0.129932390222395 0.0664001523081773 0.0325000189933468 0.0536313484605816 0.0774482570136134 0.103050582934932 0.1143542939597 0.122801882757989 0.126120548812803 0.12633808668836 0.124066601909156 0.0931596731129149 0.067369622371265 0.0809829842158892 0.102085065972087 0.130415945972356 0.174428022713358 0.218028866744205 0.239822617041207 0.24847102350917 0.241867713160384 0.232652274521044 0.225925318486467 0.248525576925238 0.283365819516913 0.335318986606151 0.362274443282872 0.378842623593663 0.370857595664676 0.363096838716395 0.35571619147454 0.35052046300216 0.346304956577548 0.341319375738603
-9999 -9999 -9999 -9999 -9999 -9999 -9999 -9999 -9999 -9999 -9999 -9999 -9999 -9999 -9999 -9999 -9999 -9999 0.663416902276728 0.646764999609376 0.63341111937011 0.626797094171065 0.463460943047974 0.214462507954676 0.110090399605272 0.0459288424033998 0.0703582908772631 0.0979060003618219 0.12752678131048 0.130951775713945 0.130903270509115 0.127130194340063 0.123850703935512 0.120967374566201 0.092111244980335 0.0657486426956605 0.066017736712331 0.0758690129284981 0.0949698888994951 0.137308765481579 0.181233433787962 0.205798252063769 0.220095308567045 0.222479325979589 0.22140964843036 0.222243717521146 0.249230575539773 0.286874408608532 0.339417934938905 0.365864516320906 0.381565704979057 0.373394925601704 0.365020277876623 0.356300100214675 0.351513622285761 0.348494282889176 0.344417043833587
-9999 -9999 -9999 -9999 -9999 -9999 -9999 -9999 -9999 -9999 -9999 -9999 -9999 -9999 -9999 -9999 -9999 -9999 -9999 -9999 0.619442368190038 0.625512050916787 0.489681731716327 0.276290709527749 0.143160712050195 0.0545999328228175 0.071685951215586 0.100499711258005 0.137110267806178 0.139053318783821 0.135396837413336 0.123578167154068 0.118032588525481 0.117521908901904 0.0915855704150796 0.0643771051400387 0.0474919292824476 0.0460221638041536 0.0594327641022943 0.104035564634934 0.151718703304081 0.179032463184535 0.198927117920282 0.210213850933146 0.220647177349959 0.233716094456621 0.272960010578451 0.31308762046003 0.35445073721814 0.372202923152368 0.3806100554318 0.374144086822724 0.366908640908417 0.35836903253996 0.353636752824137 0.350617336722281 0.346921409302889
-9999 -9999 -9999 -9999 -9999 -9999 -9999 -9999 -9999 -9999 -9999 -9999 -9999 -9999 -9999 -9999 -9999 -9999 -9999 -9999 0.613849258625391 0.602895725257962 0.487083935059975 0.313957979932951 0.164928563805409 0.0582075185364785 0.0566246428113333 0.0840812975640396 0.130843912195663 0.138112903090397 0.136050714727621 0.115171296012947 0.108669679719844 0.113707952745839 0.0916162459336369 0.0632710409413355 0.0251767305652509 0.0123111732753349 0.0237987188071074 0.0748555999247147 0.129952594128413 0.15999174721349 0.185429667363022 0.205529065930045 0.231038403695638 0.261316370658963 0.321193624899682 0.363464644028867 0.381120094347978 0.381466294693575 0.375739248933667 0.372990156650003 0.368759673526394 0.362018428486547 0.356962476021073 0.352669858853096 0.348794341557466
-9999 -9999 -9999 -9999 -9999 -9999 -9999 -9999 -9999 -9999 -9999 -9999 -9999 -9999 -9999 -9999 -9999 -9999 -9999 -9999 0.578004162868342 0.578426407106804 0.489876798046967 0.352696326448372 0.192058695561108 0.0735946275637624 0.0643543841939536 0.0881379099474378 0.133876183289943 0.139531229462981 0.137410635160732 0.121656704442583 0.11287699499 0.109694924114702 0.0749464584327466 0.0382148579317323 0.0125874198149216 0.00295541727566465 0.00876367395046372 0.072277616754941 0.13972552665686 0.159074872247819 0.170288792764222 0.172063690533504 0.20286792178499 0.244441121173839 0.309922290921209 0.350534817770017 0.356378083240411 0.362399530630153 0.368161935474222 0.368153601567177 0.366407451938039 0.361715934067913 0.359798453444542 0.35910892555193 0.35513489219347
