layers/veg50/veg4600.asc
NCOLS 255 
NROWS 330 
XLLCORNER -2985163.8955 
YLLCORNER -3022031.214 
CELLSIZE 25000 
NODATA_value -9999 
[rows 75 to 99 of 330, columns 0 to 56 of 255]
-9999 -9999 -9999 -9999 -9999 -9999 -9999 -9999 -9999 -9999 -9999 -9999 -9999 -9999 -9999 -9999 -9999 -9999 -9999 -9999 -9999 -9999 -9999 -9999 0.779192061865406 0.764263265068594 0.749334468271782 0.762124388679105 0.781023358009222 0.78842488523322 0.785503967700419 0.768548299288753 0.566006924418893 0.314345953656123 0.305703788079579 0.312996111091358 0.346522482653363 0.467786292949467 0.626006100067688 0.686291063102352 0.729899010260061 0.739945646540967 0.751760179127974 0.764526717441591 0.764754417081626 0.763669860652474 0.760344088436186 0.757253072761238 0.754315927162262 0.7515571677615 0.748123425945334 0.742505969464801 0.738901973238339 0.73689190618444 0.736114114559772 0.735228092056509 0.733170407562325
-9999 -9999 -9999 -9999 -9999 -9999 -9999 -9999 -9999 -9999 -9999 -9999 -9999 -9999 -9999 -9999 -9999 -9999 -9999 -9999 -9999 -9999 -9999 -9999 0.770135663777341 0.754418059209794 0.738700454642247 0.759586464743605 0.787943448643151 0.796076440534521 0.798290825407109 0.792458068636844 0.617521740740935 0.394244383275974 0.336105813788748 0.308286812716871 0.330385010143167 0.467993302930965 0.654156362287642 0.70434912190386 0.740071920194454 0.746674948257111 0.757678254724732 0.771051095098697 0.772548063257543 0.771661105138164 0.765803343128947 0.761284201176032 0.757642451472067 0.756656098274717 0.754882184509964 0.749906027102802 0.749544449398485 0.752835942666197 0.747726846066873 0.742508480338166 0.74176269780372
-9999 -9999 -9999 -9999 -9999 -9999 -9999 -9999 -9999 -9999 -9999 -9999 -9999 -9999 -9999 -9999 -9999 -9999 -9999 -9999 -9999 -9999 -9999 -9999 0.758457272530511 0.764762429907374 0.771067587284237 0.778001036214725 0.785235259988389 0.793581101654165 0.795400165674391 0.788345198352702 0.673900461295881 0.522222808002307 0.372779610642692 0.297438099189709 0.344095308621487 0.488681717231566 0.674094703363116 0.720304390054842 0.751305350320068 0.751699828022347 0.760244711158162 0.773178557956694 0.771601662368073 0.769141004427275 0.765671299945579 0.761196696592947 0.756063436979947 0.759012049435141 0.760538505530738 0.755403646981491 0.754987633203553 0.758307230459693 0.757131770661732 0.755402151815791 0.754009020604862
-9999 -9999 -9999 -9999 -9999 -9999 -9999 -9999 -9999 -9999 -9999 -9999 -9999 -9999 -9999 -9999 -9999 -9999 -9999 -9999 -9999 -9999 -9999 -9999 0.787735817919608 0.789006514714909 0.790277211510209 0.788276443349439 0.786414301495593 0.793177140238753 0.793979560500082 0.786677990815504 0.684727110212908 0.549015549031169 0.400428829770645 0.329194858218169 0.385312055020942 0.522076392501915 0.692266252129979 0.733932131056031 0.76042634165145 0.756388646471824 0.762092967681841 0.7730433292618 0.771001537949653 0.768465804671424 0.76576877057129 0.761665977428039 0.756641786101253 0.758949520057193 0.760544073527663 0.757921417274524 0.758174630844153 0.760704488711941 0.761749752781775 0.761964689390291 0.759604938315003
-9999 -9999 -9999 -9999 -9999 -9999 -9999 -9999 -9999 -9999 -9999 -9999 -9999 -9999 -9999 -9999 -9999 -9999 -9999 -9999 -9999 -9999 -9999 -9999 0.789438835243594 0.787498032756104 0.785557230268613 0.78841371525956 0.792435273132513 0.795378196570734 0.794390053861776 0.788057098430265 0.638814142759263 0.449771500321153 0.416837043612379 0.41402095265057 0.46079080634458 0.571297974145696 0.708237086106215 0.744660706490805 0.766916081264053 0.760658867271456 0.763046635092631 0.770089694157277 0.770832735168625 0.770088611760637 0.766152123375584 0.762828789641445 0.759907345252669 0.755874533659991 0.753511069023934 0.756727489806007 0.758551325180649 0.759272738741055 0.760405123985491 0.760641172699025 0.756917117876584
-9999 -9999 -9999 -9999 -9999 -9999 -9999 -9999 -9999 -9999 -9999 -9999 -9999 -9999 -9999 -9999 -9999 -9999 -9999 -9999 -9999 -9999 -9999 -9999 -9999 -9999 0.783866934710416 0.788446201654358 0.793644529706289 -9999 0.76262260565029 0.763981752705571 0.610847066993065 0.416922214412768 0.426876916801225 0.452705027572046 0.504666626333543 0.60326934474301 0.721030930830073 0.752266173746172 0.771150793367915 0.765180660139246 0.765425808697972 0.769017863878814 0.770174704443822 0.769684865995281 0.765285744276568 0.762192193765431 0.759954373790071 0.757415520250017 0.755920594623768 0.757809724427297 0.75839334790493 0.757943484571188 0.758927884453481 0.759549901123099 0.757827274145356
-9999 -9999 -9999 -9999 -9999 -9999 -9999 -9999 -9999 -9999 -9999 -9999 -9999 -9999 -9999 -9999 -9999 -9999 -9999 -9999 -9999 -9999 -9999 -9999 -9999 -9999 -9999 -9999 -9999 -9999 0.776410659880559 0.739388268954922 0.587624989714967 0.409197907662781 0.43922219307371 0.480879074104464 0.541687500323763 0.631020469011547 0.731769885531888 0.758321831254941 0.774528352833692 0.769915442541595 0.768247791539859 0.768166151946767 0.769267689735761 0.768755414035015 0.764117444694352 0.760998448618497 0.758875056457755 0.759527322548986 0.759904440177569 0.758668717453487 0.757320050575618 0.755881972952626 0.756962635776045 0.758373030905191 0.759674617120987
-9999 -9999 -9999 -9999 -9999 -9999 -9999 -9999 -9999 -9999 -9999 -9999 -9999 -9999 -9999 -9999 -9999 -9999 -9999 -9999 -9999 -9999 -9999 -9999 -9999 -9999 -9999 -9999 -9999 0.792100544332403 0.753324045205281 0.661825684346211 0.555159915340703 0.452736868553022 0.499884046475365 0.551899960310888 0.611931610178142 0.671503871877581 0.730429753799712 0.757811940009594 0.776121803086316 0.776174259724543 0.771079518023798 0.763213028750643 0.767262091347411 0.768984054468194 0.763914748874945 0.759812795586188 0.756344888836602 0.751927149200928 0.748612131008973 0.749040690770882 0.747784596265775 0.745194867497737 0.749952133912309 0.755416917276553 0.759509202517459
-9999 -9999 -9999 -9999 -9999 -9999 -9999 -9999 -9999 -9999 -9999 -9999 -9999 -9999 -9999 -9999 -9999 -9999 -9999 -9999 -9999 -9999 -9999 -9999 -9999 -9999 -9999 -9999 0.805048834159512 0.786237244194901 0.730063171675028 0.623089782982155 0.538145026558638 0.470036986395793 0.545978388032317 0.61002218187545 0.654478122694413 0.693295135799522 0.729462007465838 0.752460439614936 0.76771554580445 0.767387758047742 0.76415147848323 0.759348986665614 0.763160118444972 0.764742099845463 0.760049636625384 0.755705290852345 0.751589117030202 0.745283002784469 0.740813011962739 0.742739054271375 0.742382463177798 0.740218855550025 0.745999647836909 0.7526221123482 0.758078413069165
-9999 -9999 -9999 -9999 -9999 -9999 -9999 -9999 -9999 -9999 -9999 -9999 -9999 -9999 -9999 -9999 -9999 -9999 -9999 -9999 -9999 -9999 -9999 -9999 -9999 -9999 -9999 -9999 0.802419097919992 0.758744071541758 0.706540252411522 0.642740393351604 0.544363707244238 0.447879844708788 0.570166500929736 0.648747741878343 0.655373740598303 0.68697766885443 0.729054244179972 0.739828258879287 0.744271999923525 0.735976514499382 0.742546967869522 0.757122675176089 0.75590567448562 0.75377738579868 0.750677082019112 0.747203984887007 0.743486542097271 0.740076503702131 0.738266857347729 0.741439552984702 0.743195906282567 0.74383103090553 0.746645722848528 0.750069879062203 0.7547447872968
-9999 -9999 -9999 -9999 -9999 -9999 -9999 -9999 -9999 -9999 -9999 -9999 -9999 -9999 -9999 -9999 -9999 -9999 -9999 -9999 -9999 -9999 -9999 -9999 -9999 -9999 -9999 0.754165858581683 0.752292970147954 0.70800267399155 0.667026217432453 0.630555371152362 0.552060992770811 0.470110269234737 0.56361371852763 0.622753085790636 0.62531649259159 0.66674902203529 0.724555134428118 0.739078626113948 0.743471995349755 0.727479212094392 0.732628612583403 0.749163002072192 0.748309120896191 0.746530622401716 0.743878439861083 0.740896981394202 0.737699700563017 0.736270363807129 0.735812638155915 0.737956942438402 0.740005882338777 0.741979328287701 0.744177845602655 0.746620415186242 0.749943638382863
-9999 -9999 -9999 -9999 -9999 -9999 -9999 -9999 -9999 -9999 -9999 -9999 -9999 -9999 -9999 -9999 -9999 -9999 -9999 -9999 -9999 -9999 -9999 -9999 0.759207683182691 0.755571457656719 0.751935232130746 0.722823790726947 0.686915252602282 0.651575837203063 0.623924711881966 0.606726850150369 0.560086609994603 0.508791249543608 0.545335790470009 0.572435061665654 0.583983933279088 0.641736108589312 0.718919095366892 0.74236699568444 0.750523725634465 0.72790806044132 0.727563231802306 0.739211167593414 0.740658553399234 0.740715990440206 0.738145428460979 0.735544314891048 0.732923176424023 0.733011542527951 0.733312046806898 0.733559444252602 0.735141767059514 0.737780865867897 0.740265599936128 0.742616641894689 0.744503479968696
-9999 -9999 -9999 -9999 -9999 -9999 -9999 -9999 -9999 -9999 -9999 -9999 -9999 -9999 -9999 -9999 -9999 -9999 -9999 -9999 -9999 -9999 -9999 -9999 0.763882845237705 0.75143033852942 0.738977831821135 0.727894816389008 0.715567301033177 0.689597953947094 0.654583045070385 0.607269479307457 0.561200106928824 0.519378186159188 0.537476103746297 0.55390331995913 0.567579945167884 0.635632222393284 0.72619427483327 0.728181873788479 0.728545587987416 0.72564134936221 0.729302177398982 0.736498269939796 0.735204555633087 0.734023217945006 0.733822609475513 0.732641842704148 0.730818635762581 0.72963715344588 0.72856458664664 0.727665113669481 0.727632383856038 0.728285799801356 0.730425940606722 0.73314656631654 0.737403973042261
-9999 -9999 -9999 -9999 -9999 -9999 -9999 -9999 -9999 -9999 -9999 -9999 -9999 -9999 -9999 -9999 -9999 -9999 -9999 -9999 -9999 -9999 -9999 -9999 0.772692346652968 0.752157074247846 0.731621801842722 0.733089590998128 0.735983359159631 0.700806810690536 0.655369242463796 0.595980438899441 0.540662658586171 0.491741531141111 0.521046742160972 0.54489068178798 0.559743353319253 0.632192499701544 0.728250604643983 0.713914908522719 0.708643870585576 0.721614813920974 0.727613607395055 0.729857923543819 0.727030584004018 0.724933412516868 0.725077060599302 0.724978649393129 0.724721581559477 0.722482238327538 0.720489101810612 0.719805094023286 0.719526648661099 0.719569261427286 0.721627501422116 0.724533682838303 0.729776247273658
-9999 -9999 -9999 -9999 -9999 -9999 -9999 -9999 -9999 -9999 -9999 -9999 -9999 -9999 -9999 -9999 -9999 -9999 -9999 -9999 -9999 -9999 -9999 -9999 0.789063646092 0.761787224017449 0.734510801942898 0.738510705165224 0.741335609073655 0.662973622547027 0.601518643567029 0.563051013477197 0.480525153029661 0.394193082607545 0.488943255936549 0.553288694274568 0.56757671850174 0.633625590914589 0.720761543142123 0.699498249925548 0.69253997168352 0.714369520844204 0.71965603563857 0.716034186634726 0.713881720091289 0.711459380900267 0.708242241048057 0.708607991974495 0.711322131887949 0.708412657571261 0.70632658632145 0.708349785655653 0.710330172499448 0.71227666740161 0.714733476884491 0.717488622647486 0.721182397573568
-9999 -9999 -9999 -9999 -9999 -9999 -9999 -9999 -9999 -9999 -9999 -9999 -9999 -9999 -9999 -9999 -9999 -9999 -9999 -9999 -9999 -9999 -9999 -9999 0.788876598808756 0.769879904303249 0.750883209797742 0.75195238352819 0.751734726851932 0.694923936178125 0.651639649545091 0.626746462980592 0.518280246564865 0.394913955345892 0.494392803648976 0.564206799047253 0.585181499288588 0.607656735505161 0.630596946159467 0.640036537939898 0.65124088176025 0.665996663815671 0.674462736854425 0.679541824478977 0.68724071279201 0.692305975340019 0.690581583570476 0.691435848391606 0.693980281602719 0.690674777936522 0.688033241514979 0.68905694300074 0.693941822710341 0.701883353078428 0.705840383576096 0.70914093259548 0.712054026497615
-9999 -9999 -9999 -9999 -9999 -9999 -9999 -9999 -9999 -9999 -9999 -9999 -9999 -9999 -9999 -9999 -9999 -9999 -9999 -9999 -9999 -9999 -9999 -9999 0.780589385238149 0.777220470945735 0.77385155665332 0.769317636194478 0.764602718462632 0.761011593226996 0.752622453670989 0.737709768841924 0.60392335357417 0.443707130023542 0.518212894301799 0.576357706038618 0.607566352179602 0.568283140603177 0.499988360623871 0.558539267151809 0.597616573604946 0.597504641958 0.611054118279374 0.63196021307126 0.653999493114222 0.670374280731758 0.672516935003573 0.673871626341202 0.674709851062587 0.671142405686929 0.667719139145199 0.665930062318075 0.674035285189258 0.689973199517508 0.69596936718548 0.700156009934233 0.702664173276054
-9999 -9999 -9999 -9999 -9999 -9999 -9999 -9999 -9999 -9999 -9999 -9999 -9999 -9999 -9999 -9999 -9999 -9999 -9999 -9999 -9999 -9999 -9999 -9999 -9999 -9999 -9999 0.770900911355103 0.766625135790397 0.75314564811004 0.741599246403136 0.732681134864312 0.624633477524249 0.490842759874977 0.494617552845467 0.50369274205753 0.521494339498268 0.528606558209365 0.531392533967382 0.558585430972412 0.572263361787152 0.558743382307369 0.580004583808416 0.619995324682206 0.629896657605322 0.639193582548028 0.649463655197107 0.658485124251466 0.666688201925195 0.663108465415834 0.659345178087749 0.658151360896481 0.66195329435908 0.669710047734288 0.671990820648807 0.675303752693677 0.686110386515758
-9999 -9999 -9999 -9999 -9999 -9999 -9999 -9999 -9999 -9999 -9999 -9999 -9999 -9999 -9999 -9999 -9999 -9999 -9999 -9999 -9999 -9999 -9999 -9999 -9999 -9999 -9999 0.755702607728155 0.763789652313229 0.745456428901265 0.733044585952226 0.728683655516077 0.642215903479265 0.531542283916059 0.489515728512219 0.469213009962283 0.484675743661638 0.513743150651749 0.548290120841423 0.549893136230666 0.544204018628999 0.523840000909194 0.551940588908763 0.606139190702221 0.608572227088048 0.613381273051497 0.628390478565371 0.641787915568569 0.654128926447184 0.653212142133444 0.651509990999053 0.650867189241359 0.651810680839605 0.65400994058682 0.653685886467575 0.655739905518481 0.66914075349594
-9999 -9999 -9999 -9999 -9999 -9999 -9999 -9999 -9999 -9999 -9999 -9999 -9999 -9999 -9999 -9999 -9999 -9999 -9999 -9999 -9999 -9999 -9999 -9999 -9999 -9999 0.746870502354693 0.7489778200666 0.750275410806159 0.739926166632512 0.73271481673049 0.729769855791941 0.654302930603391 0.557791098631963 0.527179131191683 0.522722851579916 0.561328486415824 0.554751078998645 0.528669675807964 0.519585350894398 0.509378892211025 0.496914218954272 0.529827630348821 0.587176975175436 0.593285453406146 0.599875546510477 0.611894081079083 0.622087937188534 0.631085816344442 0.638849053912965 0.644603459986045 0.644330906156743 0.645848032845974 0.648781936440679 0.648490410067726 0.648460182463089 0.651405485362258
-9999 -9999 -9999 -9999 -9999 -9999 -9999 -9999 -9999 -9999 -9999 -9999 -9999 -9999 -9999 -9999 -9999 -9999 -9999 -9999 -9999 -9999 -9999 -9999 -9999 -9999 0.746870502354693 0.743205573520561 0.738340726713683 0.731680210137442 0.72679904599159 0.724337150601789 0.67393715961733 0.606763791120428 0.538186860867944 0.510552015813609 0.550322951928987 0.526118291525513 0.474595610497902 0.468239108075186 0.464375382815791 0.465528194684025 0.507894586535444 0.572454341211783 0.582759968771642 0.591973015053821 0.602933814933081 0.611514625246218 0.618535482540525 0.621392277206769 0.624565642050475 0.62985414112305 0.636037290388437 0.642928677642966 0.642947983744239 0.642037772525251 0.641300444585354
-9999 -9999 -9999 -9999 -9999 -9999 -9999 -9999 -9999 -9999 -9999 -9999 -9999 -9999 -9999 -9999 -9999 -9999 -9999 -9999 -9999 -9999 -9999 -9999 -9999 -9999 -9999 0.738003418966381 0.727351401323389 0.721808921669254 0.717540076014811 0.715002906946455 0.698088358332873 0.66933663223353 0.533241278430767 0.459071561190479 0.486854294264421 0.45580581826292 0.399901193278342 0.404301433834589 0.413280152516462 0.431472733489435 0.486069220967724 0.560269079607811 0.575084096308862 0.587423973115237 0.598483892809718 0.606403586127352 0.612265032767729 0.602083940497251 0.596668802183566 0.610625029868367 0.623923479011301 0.636701206473811 0.637197909299511 0.636128461008961 0.635762063915082
-9999 -9999 -9999 -9999 -9999 -9999 -9999 -9999 -9999 -9999 -9999 -9999 -9999 -9999 -9999 -9999 -9999 -9999 -9999 -9999 -9999 -9999 -9999 -9999 -9999 -9999 -9999 -9999 0.726731771900124 0.721252332382543 0.717018012100696 0.714476598751242 0.696216170463892 0.666879430085383 0.549486204983668 0.46553110362463 0.436627493678798 0.399416111642501 0.359565410759028 0.389862504616073 0.40769420366351 0.400440180331474 0.448767156745385 0.527024299236517 0.569467253928187 0.600714662670437 0.606971737032834 0.604056338519261 0.59512888560146 0.599789270600091 0.606013285017719 0.613552563984205 0.622023083128389 0.631230806239174 0.627641238520259 0.622910162069882 0.620946810494876
-9999 -9999 -9999 -9999 -9999 -9999 -9999 -9999 -9999 -9999 -9999 -9999 -9999 -9999 -9999 -9999 -9999 -9999 -9999 -9999 -9999 -9999 -9999 -9999 -9999 -9999 -9999 -9999 -9999 -9999 -9999 -9999 -9999 0.662555724536702 0.568785414524035 0.486544050972601 0.423283587844831 0.377564094785121 0.340549470212544 0.377135641998054 0.396654676797434 0.381827309674877 0.423357165190168 0.495235179984921 0.561442941703591 0.609255587013017 0.611621390909459 0.599855210094398 0.578826286061219 0.59383792219207 0.60829710758019 0.611372000890055 0.616977472180996 0.624586242051744 0.618027215432742 0.61036751133098 0.606448592694186
-9999 -9999 -9999 -9999 -9999 -9999 -9999 -9999 -9999 -9999 -9999 -9999 -9999 -9999 -9999 -9999 -9999 -9999 -9999 -9999 -9999 -9999 -9999 -9999 -9999 -9999 -9999 -9999 -9999 -9999 -9999 -9999 -9999 0.663930479517717 0.593130566053529 0.538856635980538 0.511790573183726 0.450829963738975 0.375904532064423 0.36089347564259 0.362551069096591 0.397753137443875 0.434116465283501 0.471105127133371 0.546277525453457 0.601384397455118 0.603258000242821 0.589956369101834 0.566708201927455 0.57469845478036 0.584375842602026 0.591040164918343 0.601333794253745 0.614500516475985 0.608893234298051 0.600964029312016 0.594409372539071
