layers/veg50/veg4400.asc
NCOLS 255 
NROWS 330 
XLLCORNER -2985163.8955 
YLLCORNER -3022031.214 
CELLSIZE 25000 
NODATA_value -9999 
[rows 75 to 99 of 330, columns 0 to 56 of 255]
-9999 -9999 -9999 -9999 -9999 -9999 -9999 -9999 -9999 -9999 -9999 -9999 -9999 -9999 -9999 -9999 -9999 -9999 -9999 -9999 -9999 -9999 -9999 -9999 0.741420074800208 0.729807550087975 0.718195025375742 0.729698077230177 0.746012896699856 0.750348824134664 0.744291688456434 0.724103786753641 0.534725203877084 0.30086646901323 0.293272212078975 0.298840132918655 0.326077855637085 0.434926648342349 0.578315169170913 0.642231815141194 0.6861453773018 0.689804152923597 0.695505338249722 0.702306353768317 0.70512763476305 0.708517123212822 0.713653113700544 0.718500599545938 0.723158986374198 0.726725867741383 0.730347446265418 0.734433948799524 0.742353968556954 0.753308741507759 0.765139883765039 0.776474061682598 0.78523232616195
-9999 -9999 -9999 -9999 -9999 -9999 -9999 -9999 -9999 -9999 -9999 -9999 -9999 -9999 -9999 -9999 -9999 -9999 -9999 -9999 -9999 -9999 -9999 -9999 0.74742247794011 0.732558400031695 0.71769432212328 0.736927384720996 0.762899590751556 0.768170538091154 0.76500571399688 0.750371324956041 0.581675811659939 0.369372170122626 0.314315834212871 0.286207328128861 0.302464894545597 0.428406382031241 0.600584213646176 0.652895289258091 0.688851910982696 0.691896354942282 0.699135901593312 0.708634495775689 0.71410413332313 0.718467853125455 0.720403490009316 0.722871899153412 0.725689511381224 0.729030332662718 0.732504989292756 0.736263287033227 0.742306898994963 0.750159649725831 0.758907555189341 0.768290101897816 0.77978102429922
-9999 -9999 -9999 -9999 -9999 -9999 -9999 -9999 -9999 -9999 -9999 -9999 -9999 -9999 -9999 -9999 -9999 -9999 -9999 -9999 -9999 -9999 -9999 -9999 0.736378268462016 0.742341031430873 0.74830379439973 0.753062654275969 0.757597686439638 0.762983005025315 0.760799488094793 0.748325122105188 0.635513507812257 0.487956155545918 0.343146458059714 0.267726960853468 0.306549340502205 0.441404771301465 0.616451158788755 0.665952605949524 0.696723134753592 0.689799019706781 0.694695711675922 0.705957865201554 0.710038990610715 0.71400536451183 0.718277604536584 0.723882343268331 0.730360462039282 0.733349537647167 0.736027196871706 0.73865221372685 0.742975326126912 0.748642713399733 0.759793668782539 0.770585255508772 0.776670261186293
-9999 -9999 -9999 -9999 -9999 -9999 -9999 -9999 -9999 -9999 -9999 -9999 -9999 -9999 -9999 -9999 -9999 -9999 -9999 -9999 -9999 -9999 -9999 -9999 0.768944074352139 0.768957733484973 0.768971392617808 0.764019129978715 0.75869913985059 0.761583297776579 0.758946213330873 0.748802257881809 0.647929600983259 0.514749987462037 0.370096800902748 0.298047825790114 0.345532175985347 0.471732216985908 0.630683138127161 0.673098303779264 0.698555610345108 0.689886429006998 0.693383955536683 0.703433209972679 0.707497737798509 0.711764817324314 0.717031086753479 0.723507636242852 0.73077745813158 0.734465461075443 0.737225367474058 0.738005917201714 0.740732318214508 0.744999126654059 0.75641035550056 0.767460454833208 0.772822770534856
-9999 -9999 -9999 -9999 -9999 -9999 -9999 -9999 -9999 -9999 -9999 -9999 -9999 -9999 -9999 -9999 -9999 -9999 -9999 -9999 -9999 -9999 -9999 -9999 0.768962380638842 0.768941518322135 0.768920656005428 0.768524905068461 0.767776609447322 0.764901702701747 0.760023772228695 0.752422461812044 0.608750985546939 0.427210092956227 0.39470506754619 0.389155458365716 0.427984411706295 0.523644718577888 0.642878605641353 0.672880494873059 0.692866227045538 0.69269515398765 0.695968973485445 0.701097855086857 0.706854640771978 0.712291918227924 0.716879908513979 0.721407586296719 0.725895732531522 0.731591380095813 0.735528719866349 0.733578949571199 0.734862829627026 0.738706586202824 0.747709048232583 0.757584564340957 0.768057612774071
-9999 -9999 -9999 -9999 -9999 -9999 -9999 -9999 -9999 -9999 -9999 -9999 -9999 -9999 -9999 -9999 -9999 -9999 -9999 -9999 -9999 -9999 -9999 -9999 -9999 -9999 0.76890248646912 0.769591229477475 0.770373082150564 -9999 0.711466525758338 0.713714753008586 0.573953703399424 0.39656280723454 0.404441120543449 0.425574094123526 0.468529129901786 0.551154167423399 0.650033359975816 0.672404363884967 0.688972762258125 0.69386382880371 0.697399734105597 0.700205890009837 0.705586343023342 0.710421312013471 0.71368241685258 0.71798705775043 0.72297567947251 0.72889389472854 0.733539711016447 0.73391040650235 0.735455115034471 0.737929215462735 0.74354691415808 0.749956468881422 0.757808271204807
-9999 -9999 -9999 -9999 -9999 -9999 -9999 -9999 -9999 -9999 -9999 -9999 -9999 -9999 -9999 -9999 -9999 -9999 -9999 -9999 -9999 -9999 -9999 -9999 -9999 -9999 -9999 -9999 -9999 -9999 0.698036067901748 0.670098318088495 0.540728532769418 0.387442793257184 0.413012118847252 0.447942808001662 0.498285756224322 0.571950081738032 0.654871210570331 0.671666948534626 0.685820034293856 0.69465497004065 0.69858096341652 0.699863509191649 0.704260444333816 0.708020370117651 0.709933436412987 0.714424127749166 0.720604311350822 0.726202788139325 0.731346532508241 0.735206779077665 0.737491441679684 0.738528814078486 0.74085154771299 0.743499133518328 0.746740894755059
-9999 -9999 -9999 -9999 -9999 -9999 -9999 -9999 -9999 -9999 -9999 -9999 -9999 -9999 -9999 -9999 -9999 -9999 -9999 -9999 -9999 -9999 -9999 -9999 -9999 -9999 -9999 -9999 -9999 0.709875931709975 0.677382337498073 0.600709335145233 0.509916813034529 0.422227771067757 0.460483956168502 0.503109594084743 0.552928963802561 0.602365631131934 0.651195122032756 0.668883897415581 0.684744047418472 0.696924218622638 0.700985078692486 0.70067371926658 0.704472503022808 0.708024321347712 0.710620707106275 0.713875316650014 0.717561355892173 0.72296559821435 0.727871656507616 0.730741793574194 0.733213678443913 0.735370292230765 0.738827897328505 0.742391706209966 0.745633300393119
-9999 -9999 -9999 -9999 -9999 -9999 -9999 -9999 -9999 -9999 -9999 -9999 -9999 -9999 -9999 -9999 -9999 -9999 -9999 -9999 -9999 -9999 -9999 -9999 -9999 -9999 -9999 -9999 0.725284929620124 0.706843004867911 0.657262349635631 0.565344405585801 0.492058632479638 0.432999391556979 0.495555902488523 0.54850844857577 0.585649324360364 0.618490182325234 0.64924101109459 0.66505623850666 0.679199261881783 0.689977093309649 0.695820041427389 0.699005572843041 0.701676521612472 0.70445014665695 0.707522495952919 0.710345468853969 0.713004989164463 0.718152363989733 0.722966132809739 0.726059018074527 0.729249275598936 0.732516616584464 0.737001524181768 0.741338773236203 0.744349390415546
-9999 -9999 -9999 -9999 -9999 -9999 -9999 -9999 -9999 -9999 -9999 -9999 -9999 -9999 -9999 -9999 -9999 -9999 -9999 -9999 -9999 -9999 -9999 -9999 -9999 -9999 -9999 -9999 0.723134355727332 0.684359343408134 0.637944989310289 0.581143923414234 0.493679632326475 0.407660377507338 0.511981229501005 0.579218552834954 0.585402702991717 0.61312431856691 0.649876363301635 0.659657726774795 0.666934418290464 0.669170635249417 0.679272718148658 0.693610541229079 0.694357131198912 0.695495283388085 0.698731780011983 0.702332819037869 0.706172795674476 0.710969117152562 0.715909239961021 0.72104873589374 0.725756095598791 0.730121360376261 0.735471811187123 0.740367787362751 0.742800341803904
-9999 -9999 -9999 -9999 -9999 -9999 -9999 -9999 -9999 -9999 -9999 -9999 -9999 -9999 -9999 -9999 -9999 -9999 -9999 -9999 -9999 -9999 -9999 -9999 -9999 -9999 -9999 0.697854249225619 0.685743078843373 0.64497529299275 0.606728046625122 0.571907812419595 0.500242882603083 0.425599395707032 0.50560204759514 0.556639579203222 0.559989833778379 0.596160671152601 0.646154877672759 0.659440992352957 0.666459576405803 0.660865199880665 0.671887035274981 0.691856640313542 0.692348902768004 0.693111404775893 0.696154911339754 0.699417354532699 0.702823298714193 0.706754837123517 0.710920309853214 0.715685554862937 0.720341409166206 0.724910665763921 0.730364864379781 0.735486771392718 0.738711004986671
-9999 -9999 -9999 -9999 -9999 -9999 -9999 -9999 -9999 -9999 -9999 -9999 -9999 -9999 -9999 -9999 -9999 -9999 -9999 -9999 -9999 -9999 -9999 -9999 0.721796734622236 0.71384227662469 0.705887818627143 0.674589795938111 0.637211435022401 0.601605943114392 0.57285677592982 0.553429703627339 0.50847670638665 0.45970916244297 0.490574018681824 0.514073210832188 0.525445801728234 0.575335830025179 0.641401556362606 0.661055660931682 0.670064771548846 0.657651587317957 0.668285703152042 0.691330706190913 0.692246738653505 0.693139479101415 0.695799269385169 0.698295873652655 0.70068551840976 0.703592474477521 0.706676927183713 0.710184766490926 0.714224904642679 0.718686430132531 0.723952142659515 0.729163735819017 0.733679212666684
-9999 -9999 -9999 -9999 -9999 -9999 -9999 -9999 -9999 -9999 -9999 -9999 -9999 -9999 -9999 -9999 -9999 -9999 -9999 -9999 -9999 -9999 -9999 -9999 0.726468432043409 0.709704226366726 0.692940020690043 0.67873411666291 0.663229519757153 0.630916599733742 0.594287628950472 0.551790407125681 0.509199817775954 0.47000215817473 0.484613537428504 0.498764063763012 0.512155856123004 0.573743355934661 0.6552638518145 0.656968520417666 0.658331879116935 0.659008375857534 0.669467715618096 0.68519508074044 0.687087577727823 0.688373818421753 0.6892879265932 0.691361014215744 0.694193749493571 0.69723368507546 0.700557024649176 0.704721813886758 0.709605211424089 0.715057485714911 0.720347423714173 0.725508188058332 0.730228171062217
-9999 -9999 -9999 -9999 -9999 -9999 -9999 -9999 -9999 -9999 -9999 -9999 -9999 -9999 -9999 -9999 -9999 -9999 -9999 -9999 -9999 -9999 -9999 -9999 0.731817140287163 0.708031274276629 0.684245408266095 0.683109829583424 0.683052302866695 0.640508345290073 0.593939928664649 0.541899719115858 0.491745723511402 0.446707164351699 0.471713352233625 0.492740968417696 0.507218387367413 0.573169591821237 0.660226718239744 0.649097465170838 0.645641909556071 0.657629125461883 0.66856950552025 0.678946168284707 0.681786462017738 0.683379526123599 0.68248108019367 0.683959419242593 0.686995610878623 0.690525619504199 0.694240651720031 0.698409171592785 0.703695594681073 0.709866991060361 0.715166085526736 0.720269563673586 0.725072885951167
-9999 -9999 -9999 -9999 -9999 -9999 -9999 -9999 -9999 -9999 -9999 -9999 -9999 -9999 -9999 -9999 -9999 -9999 -9999 -9999 -9999 -9999 -9999 -9999 0.73840411628162 0.710867041193345 0.683329966105069 0.687908763941708 0.691543742440049 0.614033766891274 0.553758773259771 0.516917053751755 0.44104511854371 0.361978995622956 0.446120295220976 0.50370226681839 0.517557783288785 0.574459070760776 0.648912332373261 0.63430554628524 0.631201424783056 0.651245599410417 0.663866522397735 0.67249005139367 0.676225707870981 0.677967061544403 0.675133751167786 0.675704154662757 0.678505506479855 0.683178720103427 0.687564930098816 0.690542428085215 0.695426679315498 0.701820386525435 0.707101075915581 0.712135457170852 0.716800501817233
-9999 -9999 -9999 -9999 -9999 -9999 -9999 -9999 -9999 -9999 -9999 -9999 -9999 -9999 -9999 -9999 -9999 -9999 -9999 -9999 -9999 -9999 -9999 -9999 0.734764276156256 0.71693924653614 0.699114216916024 0.698918618078123 0.69721208846424 0.642568321229628 0.599576663702888 0.572427615249493 0.475483942982822 0.366738179512426 0.454174307999482 0.516023175538825 0.535745969043918 0.554019345134109 0.571590680832357 0.584301114124516 0.597563026672663 0.611934752084748 0.625572725329968 0.638815575703807 0.650294168939478 0.659443047947609 0.662922435998443 0.666777459367388 0.670878691146994 0.674108533616461 0.677123194781584 0.679689882594549 0.685071079483596 0.692680345247477 0.698019834378289 0.702783006605062 0.706485860484102
-9999 -9999 -9999 -9999 -9999 -9999 -9999 -9999 -9999 -9999 -9999 -9999 -9999 -9999 -9999 -9999 -9999 -9999 -9999 -9999 -9999 -9999 -9999 -9999 0.726121586860607 0.724594682974996 0.723067779089385 0.712966787805108 0.701499407289486 0.698012755519655 0.687464368458221 0.667314603242172 0.551572066556291 0.415273620112862 0.4786881077943 0.529009191099976 0.557773698919872 0.522949924814454 0.461978980224069 0.517071096722191 0.554533214491084 0.556516211026605 0.570846661004598 0.591826169723044 0.614397459757096 0.634505004670871 0.648331710780363 0.657522307340348 0.66367418760076 0.664195333500588 0.664839165804853 0.667376714677629 0.673694695907399 0.683005406398414 0.688441463041367 0.692834555141869 0.695172168751039
-9999 -9999 -9999 -9999 -9999 -9999 -9999 -9999 -9999 -9999 -9999 -9999 -9999 -9999 -9999 -9999 -9999 -9999 -9999 -9999 -9999 -9999 -9999 -9999 -9999 -9999 -9999 0.712661752714455 0.699632305027043 0.687730088950376 0.677229917997495 0.668636015811064 0.574463630288242 0.457987951810973 0.459026443126411 0.466106837035574 0.483134432268515 0.491030425117877 0.495251606016428 0.521806642125694 0.535837808500554 0.52466557585978 0.546038749196927 0.584937505204811 0.595187789495554 0.606355276990773 0.622175031663885 0.635070809514385 0.646050080445545 0.651736386109295 0.656042210655598 0.657394584662037 0.662576732480465 0.670790670070209 0.674643046061091 0.678242636277026 0.683350905020032
-9999 -9999 -9999 -9999 -9999 -9999 -9999 -9999 -9999 -9999 -9999 -9999 -9999 -9999 -9999 -9999 -9999 -9999 -9999 -9999 -9999 -9999 -9999 -9999 -9999 -9999 -9999 0.698758867547621 0.697676410629504 0.682148220600754 0.672712286268054 0.671559592291576 0.595216473853169 0.496499051033294 0.457387228516757 0.438708180612513 0.453669020064777 0.48142618717622 0.514349666411065 0.517159150412362 0.512997617190443 0.494807406543136 0.522578367741674 0.575099252704407 0.578561335751035 0.584273822216149 0.599649700555929 0.613809492213631 0.627172205548859 0.636934628819722 0.644245150100075 0.644759084338319 0.649821996999008 0.658486048245986 0.661920779658925 0.665307299008172 0.671560161669708
-9999 -9999 -9999 -9999 -9999 -9999 -9999 -9999 -9999 -9999 -9999 -9999 -9999 -9999 -9999 -9999 -9999 -9999 -9999 -9999 -9999 -9999 -9999 -9999 -9999 -9999 0.698265630771796 0.697393043890623 0.695667167526906 0.688714857990089 0.683402050779702 0.680318367314597 0.612421010092021 0.525685656596232 0.497375531218016 0.493049326795571 0.528209507097113 0.522082537961482 0.498132714430408 0.48967305130424 0.480246417705412 0.468873824656698 0.50143935249924 0.557665398529784 0.567353335308477 0.575930893970234 0.58557537148892 0.595541983148806 0.60571973612342 0.616918916574284 0.625610645118276 0.626094304351601 0.63337609630151 0.646039540078918 0.651721840489623 0.656212148321714 0.659850218539214
-9999 -9999 -9999 -9999 -9999 -9999 -9999 -9999 -9999 -9999 -9999 -9999 -9999 -9999 -9999 -9999 -9999 -9999 -9999 -9999 -9999 -9999 -9999 -9999 -9999 -9999 0.698265630771796 0.697981482695924 0.697190472348029 0.692761416079987 0.688547487874431 0.684626055180858 0.637518802823534 0.575198293433073 0.510000315672166 0.483291241230828 0.519949105284803 0.496536450097946 0.447457710996627 0.439686937363929 0.435329514647363 0.437841218402412 0.480761864428148 0.545442578799085 0.558605131036768 0.569296965747368 0.578071041595341 0.586226851949765 0.593977423080946 0.596955491511996 0.600225150306025 0.60569356964189 0.615861994784624 0.629751117344471 0.634052575979051 0.636345736670501 0.635928032451886
-9999 -9999 -9999 -9999 -9999 -9999 -9999 -9999 -9999 -9999 -9999 -9999 -9999 -9999 -9999 -9999 -9999 -9999 -9999 -9999 -9999 -9999 -9999 -9999 -9999 -9999 -9999 0.699739539653762 0.70082799276506 0.695299716936623 0.690374667511151 0.686269785448024 0.667340677532033 0.636875977496488 0.506248145507109 0.435170025604376 0.462132707536846 0.431368471378078 0.376159703612185 0.376234655860271 0.38313148737397 0.403756866757772 0.460360598496047 0.536338542034691 0.551329104790512 0.563685867102517 0.574498829543474 0.582269682571201 0.588046599226124 0.577023360116622 0.570799215478364 0.58425387307564 0.597708579412504 0.611163324333416 0.611912352069185 0.610032769045803 0.604696868516875
-9999 -9999 -9999 -9999 -9999 -9999 -9999 -9999 -9999 -9999 -9999 -9999 -9999 -9999 -9999 -9999 -9999 -9999 -9999 -9999 -9999 -9999 -9999 -9999 -9999 -9999 -9999 -9999 0.701033093132741 0.695442838178375 0.690477692421624 0.686362466627375 0.667635732799637 0.638444836352174 0.524758634235771 0.442952881820825 0.4136341145159 0.374189629427191 0.331350008087751 0.361389719720909 0.379009472022569 0.371634937619878 0.421869197075509 0.50312558235776 0.546881167205238 0.578910628763689 0.584764536959841 0.580452439655983 0.569477081640846 0.573214682163149 0.578782319135841 0.58620746153846 0.595229280119104 0.605515086272457 0.604073779413715 0.599965344444782 0.591666936860732
-9999 -9999 -9999 -9999 -9999 -9999 -9999 -9999 -9999 -9999 -9999 -9999 -9999 -9999 -9999 -9999 -9999 -9999 -9999 -9999 -9999 -9999 -9999 -9999 -9999 -9999 -9999 -9999 -9999 -9999 -9999 -9999 -9999 0.637346725833386 0.546411920019211 0.46589990859132 0.402547663066372 0.352712324041842 0.309932390140568 0.348466909428942 0.368850655632401 0.352707259171275 0.395952812864384 0.471179100070615 0.539580076632943 0.588639433347863 0.589984728688732 0.576020254857152 0.552021064496506 0.566236552800338 0.580181563364243 0.5830533154769 0.589126138995394 0.597733048342949 0.594864741906083 0.5891695701701 0.578473929307517
-9999 -9999 -9999 -9999 -9999 -9999 -9999 -9999 -9999 -9999 -9999 -9999 -9999 -9999 -9999 -9999 -9999 -9999 -9999 -9999 -9999 -9999 -9999 -9999 -9999 -9999 -9999 -9999 -9999 -9999 -9999 -9999 -9999 0.638858310091781 0.573180142959616 0.522213467978298 0.49546733808648 0.430637852515117 0.350060779308291 0.332771897238857 0.333549081422671 0.370682941784028 0.408573688068632 0.446872014668232 0.523750477630828 0.579345140072137 0.578633005437394 0.563847837129192 0.539838564784771 0.547595376037906 0.556692974453486 0.56154039060549 0.570153427134448 0.581747467216613 0.579376613780748 0.573578968783783 0.561751521764144
