layers/veg50/veg4100.asc
NCOLS 255 
NROWS 330 
XLLCORNER -2985163.8955 
YLLCORNER -3022031.214 
CELLSIZE 25000 
NODATA_value -9999 
[rows 125 to 149 of 330, columns 57 to 113 of 255]
0.0173404684304289 0.015700717767575 0.0400053818783501 0.0660157526910756 0.0713571879186193 0.10231316638288 0.162584607242242 0.174806759036209 0.171195977400563 0.144598669556237 0.124242699553424 0.112491785894635 0.108540557728286 0.104710426861815 0.0567210065057641 0.0316429853877548 0.0448361271478015 0.135942445975941 0.261417411863073 0.36550145137857 0.452061092122561 0.502807784361062 0.537985111516894 0.564652425392319 0.628518484243698 0.676685973491472 0.681545667425105 0.690528247999039 0.702251791761882 0.715704227985146 0.722295812320836 0.706272063815387 0.68658223461746 0.66394994146116 0.641606034409857 0.619258421140569 0.596716806728978 0.574349486706028 0.552150411588139 0.533126851363913 0.514808359813211 0.496726669435262 0.480403859535218 0.466121768182546 0.450111553687859 0.433844678608668 0.419654462927302 0.406655267528728 0.395321257306856 0.384828532473973 0.374166680852956 0.35507190183955 0.342363278418454 0.340478345693954 0.343655948750019 0.349037513581272 0.343270596933359
0.0226315140875339 0.032826955859616 0.048601755519273 0.0664752607783205 0.0898514842035644 0.106272040510627 0.114731939625738 0.116336503621756 0.111583316157317 0.0676089245343933 0.0548109437272278 0.0849964992205097 0.0752011401758665 0.051148271316336 0.025513087881336 0.0100801200626579 0.0116889161062677 0.100685342087918 0.227677191882082 0.278758625620229 0.320300625690607 0.34234779166312 0.408522846146978 0.498817632891846 0.575885587285535 0.630834961683105 0.630877283112282 0.644182640431768 0.666305483246284 0.700436398954763 0.723814574095493 0.709095206245343 0.689686398377931 0.666513759489544 0.646103440765299 0.625617541595928 0.603103412576959 0.580202220525086 0.556927399788251 0.536925893522457 0.517802510301847 0.499816432716869 0.483371824131204 0.468715685209404 0.451670817192233 0.434215192658158 0.419120376762315 0.405297831334477 0.39325406831252 0.382594576564562 0.372343411006412 0.360472998374751 0.350836359582651 0.344985672569531 0.343221632086406 0.343257988330247 0.337258932489379
0.0518072506482323 0.0316998018044235 0.0360517241011971 0.0468218861059016 0.0657346514670321 0.072717103545476 0.0660454901514957 0.061714174525735 0.0553345313133102 0.0253509917852565 0.0244614768797693 0.0636844711043615 0.0522670167082687 0.0249356362020183 0.0314517908514576 0.029036119337535 0.0117007403738403 0.0658757311428625 0.151085705530709 0.168808448369185 0.188167723642021 0.210871424738732 0.267787945810889 0.343404751114632 0.479439823349002 0.584011799796545 0.603102412702638 0.619270231435127 0.63349492828784 0.675167718807634 0.7067638379029 0.69803630957591 0.685385107460239 0.669584692417722 0.650212546291915 0.629890327756226 0.607746925484049 0.584534795466194 0.560291031558627 0.539756929206908 0.52028755598013 0.502517573364792 0.486163930948728 0.471453579108891 0.45349720669859 0.434956723077052 0.419388167046493 0.404842843370582 0.391728117791026 0.380338685135959 0.369672341790755 0.360810927810155 0.352680303711704 0.345788271992383 0.341255514803018 0.337774886554886 0.332583450661257
0.0928481478344335 0.0215049386186668 0.0129968260432428 0.0171770660533202 0.0204499546658329 0.0205264891881166 0.016944844164992 0.00900337378181151 0.000756814098456202 0.000346727216036154 0.013526857736087 0.0454440906924076 0.0345019149445869 0.0123093796703673 0.0558437630597334 0.0681206117456164 0.0281849268636125 0.0312884205687229 0.0532070624586133 0.0473295913347227 0.0558498073333868 0.0937932083577513 0.121453156194835 0.143492301723826 0.3612292098584 0.536705704432786 0.586700317466841 0.605005159043566 0.602242116730297 0.644930931458664 0.68048836118485 0.680081254007516 0.677405020379099 0.672907544023263 0.65412875622178 0.63312668888472 0.611524524831179 0.588112203453878 0.562952552461102 0.542107089825904 0.522519694456289 0.505025658553467 0.488868677172091 0.474262996174702 0.455456295972073 0.435882562718762 0.420054304242907 0.404836163205713 0.390471037461024 0.37807189683372 0.366580112605589 0.35863363562702 0.351231101781303 0.344750479740179 0.338528447316286 0.33243903860693 0.328571742185956
0.200405334475071 0.0685259233950802 0.0305035578456891 0.0139699749871395 0.0106480525642336 0.00819249501556969 0.00672847913355041 0.00342234771588537 0 0 0.00553339118964978 0.0186957786249056 0.0141716793054058 0.00633835706387915 0.0479158495939584 0.0631145225925063 0.0342500596676108 0.046417742402506 0.0765629324920674 0.0839441841331317 0.094946277869599 0.1133479425243 0.109480943318484 0.0934421808979372 0.300850677636764 0.468480439166479 0.514343202145229 0.565107870693793 0.619131407092622 0.651141830784595 0.672042223162055 0.663401410062245 0.661584814399212 0.665245461474729 0.645997784167445 0.623649424232788 0.602313198468285 0.581117354404397 0.560057019613508 0.54106812611693 0.522831377557061 0.506473771761375 0.489834984313692 0.472869959455557 0.45498350339069 0.437122400511924 0.421845339986216 0.406736365062103 0.391862393400517 0.378555360089199 0.366020640677372 0.357188597913296 0.348959915593001 0.34175384957568 0.335183703159278 0.328922528058929 0.325734364355744
0.289772049634422 0.114589908277307 0.0546772521212626 0.0216292660358147 0.00752648124530514 0 0 0 0 0 0 0 0.000412604897413768 0.00314499128891384 0.0422098684930925 0.0597653411172409 0.0413915403897401 0.0588320511719383 0.092008470102462 0.109497261301158 0.123488601058755 0.130332531653067 0.105706997430852 0.0638806613715676 0.243002127701253 0.393437674540515 0.450493355637332 0.53308628314278 0.632656794185919 0.657103805322533 0.665973266214279 0.646052281062116 0.642966019329527 0.65339161700934 0.631428168357429 0.606596904833362 0.589626441973405 0.572917605366854 0.55646131437872 0.53966322165465 0.523048391530434 0.507937607041976 0.491486418553768 0.473480043492267 0.455764276171168 0.438398583585954 0.423477941624764 0.40846365698318 0.393318448959727 0.379349269681893 0.366008782500467 0.356322829989064 0.347356159003351 0.339608575251783 0.332758260742977 0.326333860442929 0.322847661284712
0.335383944900769 0.156623922931217 0.092798358706232 0.0532974980907064 0.0185462890482349 0 0 0 0 0 0 0 0.00176914148726657 0.00609207957966102 0.0426268001924483 0.0616251017810276 0.0513305984300043 0.063435763152008 0.0854571890010052 0.104658705926908 0.122371489155792 0.137041888795661 0.116366156268526 0.076370685745966 0.18908108347642 0.303471220448781 0.40790595241303 0.519906807352809 0.636937745913119 0.66132380113404 0.664769114474722 0.627130980619568 0.61819699984904 0.63230150158667 0.602516177761796 0.572623182239808 0.56940666102375 0.56230146576456 0.551442566210553 0.53753016727484 0.523110607496912 0.50947150907507 0.49476116847291 0.478807932851125 0.459491109869705 0.439747813955501 0.424711900189061 0.409734032905933 0.394837321372179 0.380764924758779 0.367168243277126 0.356758723012983 0.347305748957939 0.339473994454255 0.332455809738396 0.325809326697977 0.319810337371684
0.38659902779581 0.262641282755954 0.198610013451802 0.144648873424394 0.0781574731098148 0.0417449854415697 0.0397573643196532 0.028206917271617 0.0145365919719629 0.00533392136282364 0.00116983593794309 0.00395254789940615 0.00406326851632538 0.00454008988954763 0.0269577379335855 0.0392717438248541 0.0347086428021024 0.0410658209978088 0.0525571243483441 0.090839126411854 0.123905195014748 0.146311956050593 0.13837228457998 0.113845646186071 0.196238885563818 0.285206289768956 0.380903924257373 0.488365669892094 0.603648391075124 0.63992972823155 0.654048550989783 0.619251125785409 0.588524231693455 0.56106442092411 0.535681185751435 0.518355292373075 0.533916869127207 0.543717677726433 0.547957665355665 0.538353345550633 0.525581531457169 0.511224886099028 0.496704307708983 0.48199352811827 0.462682817252834 0.442542226388983 0.426593695646947 0.411371543741345 0.397164954113379 0.382681347131721 0.368260862421612 0.356749834985034 0.346863869397574 0.339732169120982 0.332741321823479 0.325801896544107 0.317174017160145
0.441216544285558 0.407511363127851 0.345525520213018 0.272241750058085 0.167274885045831 0.108838852678492 0.103656663723803 0.0735419711126021 0.0379002645550886 0.0139067692865673 0.00305003343421947 0.0103052084933718 0.00692673025623591 0.000256117070956787 0.00152074893826795 0.00221541076156735 0.00195799557885969 0.00231661884373891 0.00365724097193074 0.0715659836259463 0.127048561660435 0.157136967863851 0.167268653357057 0.166492253814328 0.240485704187881 0.310480802744207 0.363365831138998 0.445674747940269 0.547545152124766 0.602981978803339 0.637549319866137 0.618075987616409 0.555873751503615 0.459376509321847 0.445818142107604 0.451764139199351 0.48915464131023 0.520295680350095 0.545404165334319 0.540971642242538 0.529515099458812 0.513111535312245 0.49783885062036 0.483878254331866 0.465549578931195 0.446214199298868 0.42886887825456 0.413231990563093 0.399983691828203 0.384901851320969 0.369312893202848 0.356470861767465 0.346184277107021 0.340228837387181 0.333383863781786 0.326108468124041 0.314781199139851
0.461273699712638 0.465746079141965 0.390677065702995 0.301077113274999 0.221419068147361 0.17230918267581 0.158161209948961 0.174851324221861 0.185978824147108 0.073976977456414 0.0140508397993897 0.0259225156510613 0.0162840358662571 0 0 0.00289887352604984 0.0106400205302787 0.0230060375280302 0.0377548000997462 0.0834297746225047 0.12307786015175 0.150409365352777 0.166655441278678 0.17684236515506 0.210441769807728 0.24032856278075 0.258612489964762 0.287374132840915 0.323101534303608 0.444973224735809 0.543434551863859 0.541829680309977 0.528432013963578 0.505569233083099 0.495380713147564 0.493419026617235 0.518512034447933 0.536626046606681 0.548003293035841 0.542443270674266 0.532533950674346 0.517887269169987 0.502564506723269 0.486457330022183 0.468699575979968 0.450124128939748 0.428319427991824 0.410655974631816 0.398782468089748 0.382710730328134 0.365228631743324 0.349587344610941 0.33835338563573 0.334589266078318 0.328170311503191 0.320522014996906 0.308476073544485
-9999 0.510004985700967 0.41936879872358 0.319086659932367 0.269833079839547 0.236599169609061 0.221699532416011 0.273636910401484 0.319661324271546 0.152689227294966 0.0589284876892661 0.0661056994004515 0.0434841638148036 0.0119803899181767 0.00845243102665462 0.00969065003584382 0.0188902846202568 0.0384993589690636 0.0626991156078236 0.08394001440939 0.10863054746631 0.140370770247857 0.163104856588222 0.180916305408517 0.183405987781974 0.183032929610132 0.176820656169778 0.16174678105809 0.140781566674916 0.311265767740261 0.457936912935899 0.473193271324049 0.498549541660009 0.532012187545792 0.529784546734042 0.525701609718489 0.535814428794601 0.543196123671634 0.547941487366868 0.543753408688962 0.536525915194824 0.522400308560758 0.506591866643587 0.488830936642348 0.471558072327826 0.453716909330098 0.429455263061778 0.410494606124787 0.398945350138663 0.382624632210098 0.364432941634879 0.343548712093792 0.329789279301699 0.328105436459231 0.322966245893804 0.316224690319982 0.3034337008978
-9999 -9999 0.41936879872358 0.324038078683781 0.308175696538813 0.303905291393176 0.312901730893891 0.354950174763945 0.389215458084404 0.275542060123374 0.199445872228812 0.175158129588158 0.120748757341268 0.0583724377306484 0.0411830505639409 0.0271346821797797 0.0183330663043117 0.0282118100022806 0.0461935058473905 0.04615219158739 0.0653902522263848 0.124027739315226 0.156506833995804 0.174688090222056 0.178579186368465 0.180094617268187 0.176911012120936 0.151083008441843 0.110200634311707 0.269470458213964 0.411366341431462 0.440126121666079 0.460705136552937 0.474718118336082 0.495182561479755 0.511293612825849 0.504953551386806 0.514470981387669 0.539295514288587 0.544809121716428 0.543480049413752 0.525631135709845 0.507957602068079 0.490487550897206 0.473527551362148 0.456355271010645 0.435947692143219 0.418079188627991 0.403760608401305 0.389390604217368 0.374021220085558 0.341143132048384 0.32042525981723 0.320317348114868 0.31885899448251 0.316706480970364 0.302732923401677
-9999 -9999 -9999 -9999 0.323508147653529 0.332424942842305 0.351546877026754 0.405633124775521 0.455407943744358 0.38307627039338 0.333317620552102 0.314680846194631 0.25884458595286 0.190546750948578 0.134216629555948 0.0788528873529446 0.0251033833282327 0.0347885128033026 0.071901756476771 0.0395595336360041 0.0352778644991662 0.0883408825003699 0.12555287580762 0.154100904339341 0.168434333409367 0.177655642843144 0.175225552750987 0.152377777005667 0.115955986338138 0.23742076738893 0.346163577948192 0.368831023513124 0.392728287748546 0.417612627124096 0.402901804153306 0.38747271309201 0.393475551876382 0.4284406086223 0.491362650382606 0.524569519293377 0.545043922056892 0.527095115882019 0.509644061127181 0.492770516082415 0.47622818319004 0.459644909032191 0.441843015529772 0.425157466265798 0.410032696364539 0.395776181185153 0.381082618658003 0.353000004576608 0.334312586278654 0.331548784579768 0.326879216326198 0.321292837248775 0.307769106926631
-9999 -9999 -9999 -9999 -9999 0.332424942842305 0.351546877026754 0.433793636382165 0.519128613000619 0.479346713368422 0.462302839451386 0.476608332833363 0.44166955869291 0.385796675036763 0.271590912152745 0.155772856441683 0.0372616294952099 0.0537654824554775 0.128649814911341 0.0559046480914439 0.0148184135636995 0.0384305305572132 0.0766900234120125 0.122955582181563 0.15437912265904 0.175583831071013 0.17223433821542 0.162465648508483 0.148429370626819 0.212537019897115 0.267260583008433 0.269426954441286 0.302595084314925 0.360645797118444 0.26820990548544 0.183200619266047 0.222719866014464 0.300273759260158 0.414542176357709 0.488671493484476 0.542644340948415 0.527259935302768 0.511566347942498 0.495514036457725 0.479466430909467 0.463413429872462 0.447299287717559 0.431863458460681 0.417375989697138 0.401882054074548 0.386286005074183 0.375344043704335 0.365296603322458 0.356765257930041 0.343816756688521 0.328897276380573 0.317023671946091
-9999 -9999 -9999 -9999 -9999 -9999 -9999 -9999 0.525864089281096 0.489522803681624 0.47593698505231 0.493724580326404 0.48444716166911 0.461775147959643 0.375467050498548 0.303660533786801 0.256077433248 0.200778230441495 0.141844154735027 0.0633056636067297 0.0137896401693665 0.0235840760789808 0.0494824607034996 0.0841830550972144 0.130534798055298 0.164837738110036 0.167475047681187 0.151955025695095 0.124363709552934 0.171267291159795 0.212249311578166 0.212879922276523 0.210822419174126 0.206607386372244 0.1928322456746 0.172169968899333 0.128209461954348 0.158949890363857 0.261798502374469 0.368249228475547 0.46368018106453 0.489620318842611 0.498988021599682 0.489127768877484 0.476590417698029 0.462828000232291 0.44474903633541 0.428479823106668 0.414740852250499 0.402380015807206 0.390630763634787 0.380930055584153 0.371407758861874 0.362187845789188 0.351795789774222 0.340878922393285 0.330521131626325
-9999 -9999 -9999 -9999 -9999 -9999 -9999 -9999 -9999 -9999 -9999 -9999 -9999 0.511119762630937 0.465444625819303 0.441205841081132 0.452774302910106 0.332939799412815 0.155765663489838 0.0733142136147526 0.0185312059295939 0.020291564341883 0.033094283739449 0.0519326146171755 0.107435996835492 0.151313194568281 0.162268311109649 0.140972384237265 0.098235430600554 0.131240368900991 0.161564338450067 0.161629943605765 0.128766064366137 0.0694723738024226 0.133295426397815 0.179657908758238 0.0758580708010999 0.0623997007487975 0.136147188609264 0.245899022385693 0.357020924343122 0.431732173322147 0.471825719197497 0.471754518418052 0.466653224467548 0.458948620780312 0.440388616763944 0.424247212109718 0.411487291267654 0.402226922954017 0.394130147463986 0.384283763021416 0.374658605792497 0.365408399486649 0.358005938925384 0.351422435373838 0.342795377335769
-9999 -9999 -9999 -9999 -9999 -9999 -9999 -9999 -9999 -9999 -9999 -9999 -9999 0.513957316406473 0.518550003707699 0.509264957769469 0.476798569492985 0.353865001604831 0.191482454110885 0.096917997151478 0.0361594091770161 0.0444866632292519 0.0473481427468713 0.0472221007033786 0.0913953019109635 0.131284748444867 0.156176922210291 0.137270784008913 0.089246804035257 0.10300899051388 0.11645282655403 0.111238713345801 0.0834739721446978 0.0376096811317569 0.106516263219757 0.171112323726618 0.146474986436441 0.137719209402872 0.14429376869536 0.15345917273452 0.181191328810784 0.315303090486316 0.396918358143775 0.417625240973205 0.433201610315867 0.444758550066638 0.432823608656852 0.421289235897588 0.410314904800702 0.4021175440674 0.394869871450877 0.386704250366284 0.378204706325225 0.369139206953917 0.361582085487475 0.354711450985542 0.348671322197399
-9999 -9999 -9999 -9999 -9999 -9999 -9999 -9999 -9999 -9999 -9999 -9999 -9999 -9999 0.561131214670038 0.551663128121883 0.526379565676197 0.446122666991138 0.341531701578303 0.244091826754994 0.161525101089575 0.109353217030478 0.0781427090533307 0.0583894177247658 0.0800933608610592 0.10523755376835 0.135253204905863 0.12742868751943 0.0944474006083665 0.10012678826709 0.10641356410138 0.103626473645908 0.0811713959004734 0.0429304289210116 0.0876877997391969 0.138290723398549 0.162374300107071 0.164906121279242 0.146634214388754 0.121541079734127 0.11676561584877 0.240335872629681 0.31793613361906 0.342200295758686 0.362716968907857 0.381122494268266 0.389877859763173 0.39550683974101 0.396764768364894 0.396819369585237 0.396031771063815 0.387954051275867 0.379764175248504 0.371384209201003 0.364401215094638 0.358051949405956 0.35218556827338
-9999 -9999 -9999 -9999 -9999 -9999 -9999 -9999 -9999 -9999 -9999 -9999 -9999 -9999 -9999 0.571337441066003 0.598592130923849 0.60154825693447 0.592827193533591 0.500692178280162 0.382296913178111 0.210236070852432 0.12358477390389 0.0836172281278428 0.0729877875495194 0.0738605017238832 0.101194831096661 0.112148920897773 0.112213156669778 0.119692357684278 0.127432267512755 0.133896846256262 0.116937861161171 0.0811786918494177 0.0759000183853579 0.0839716808944753 0.129818854218451 0.149469575253891 0.143833081579702 0.143217571681155 0.150992770521439 0.202084896463253 0.235345444493666 0.24791713263289 0.259438009638225 0.273699919462821 0.315600962824158 0.349512450719671 0.372253608837975 0.386926296314448 0.397567525116957 0.388167159645863 0.379564397539761 0.3723134678462 0.366549974049283 0.361438038039171 0.35360842980945
-9999 -9999 -9999 -9999 -9999 -9999 -9999 -9999 -9999 -9999 -9999 -9999 -9999 -9999 -9999 -9999 -9999 0.64826826828335 0.687525513463125 0.630286960575214 0.55154228351478 0.428847584112035 0.274427967718619 0.10266792263868 0.0639114193123278 0.0464321583653267 0.0705719534031118 0.0895278202167506 0.10503732585775 0.114321366993875 0.122425574960384 0.128502071649167 0.121101056622758 0.102882742197601 0.0786914979596487 0.064614178642523 0.0971225906894914 0.120306182362154 0.134488603481772 0.160622745570048 0.189745618730525 0.221737255566834 0.239534929877172 0.240864240957981 0.240923039677409 0.244173460650013 0.279726456484518 0.317373716300625 0.35794900126345 0.382114346840742 0.398893631557193 0.389428904885867 0.380980468625085 0.374254510450319 0.367931618478284 0.361786147642379 0.355024223286309
-9999 -9999 -9999 -9999 -9999 -9999 -9999 -9999 -9999 -9999 -9999 -9999 -9999 -9999 -9999 -9999 -9999 -9999 0.743135768669744 0.719395232432775 0.686190064470417 0.633642928031747 0.425798316922615 0.133070117764631 0.0640303498280856 0.026587846008938 0.0485135642959298 0.0730324599587555 0.0992753428057042 0.108875697105428 0.11581947220858 0.118946592013407 0.119504494468876 0.118000295708946 0.0829413546847824 0.0532622979549267 0.0671432219551341 0.0894697396887159 0.119948717905643 0.168250502264993 0.216273220162922 0.240622134124621 0.250767811858968 0.244434366670532 0.235893692767436 0.230146307967237 0.255467160883093 0.293147803228826 0.348108871813435 0.378992159923077 0.399544793215106 0.390634957857612 0.382415779334615 0.375367172972915 0.368473294258103 0.361660668587503 0.356441853103131
-9999 -9999 -9999 -9999 -9999 -9999 -9999 -9999 -9999 -9999 -9999 -9999 -9999 -9999 -9999 -9999 -9999 -9999 0.743135768669744 0.719395232432775 0.693654936158884 0.663827920325626 0.485446346829542 0.225866776378333 0.111976643183181 0.0411998199599694 0.0662824354490395 0.0937959197883668 0.122925485921088 0.125381021443789 0.124501179549708 0.120478597695682 0.117348619083871 0.114935060291934 0.0814443547017541 0.050713590980421 0.050899945093775 0.062541626511359 0.085241038873599 0.130723241283314 0.177507889401687 0.203822953207331 0.219591738785053 0.223124340121813 0.222532141449734 0.224022940217596 0.255012417125037 0.296155773445309 0.351495436687102 0.379785668964219 0.397002576749876 0.390623206861452 0.382500839168441 0.371424320288696 0.365494007333894 0.361882621358402 0.357875009747678
-9999 -9999 -9999 -9999 -9999 -9999 -9999 -9999 -9999 -9999 -9999 -9999 -9999 -9999 -9999 -9999 -9999 -9999 -9999 -9999 0.66379756024322 0.666323571725771 0.520612686316092 0.293877433213758 0.147954383145363 0.05019148793411 0.067138137463009 0.0956762827574512 0.131920646041778 0.133028782487282 0.128657000436678 0.116642465190785 0.111047062849801 0.110603774933212 0.0804635532489743 0.0497695340137908 0.0350857853371948 0.0349976767993719 0.0489986167307251 0.096304109259963 0.146877378931659 0.175576939207127 0.196817392178906 0.209403511435177 0.220642887420458 0.234785175434306 0.278796184823975 0.322657537915118 0.366309654057485 0.385074220810444 0.394130272162286 0.390040557476142 0.38280528384664 0.370238703051396 0.36462803059412 0.362147360767204 0.358519461857862
-9999 -9999 -9999 -9999 -9999 -9999 -9999 -9999 -9999 -9999 -9999 -9999 -9999 -9999 -9999 -9999 -9999 -9999 -9999 -9999 0.661469883555738 0.65691136669312 0.529723937193748 0.335509132489306 0.17119437036997 0.0532016420616781 0.0499936886291145 0.077459963125655 0.125318971387905 0.131249719134918 0.127996063551942 0.107093193040305 0.100333389641298 0.104925072674425 0.0800321255614233 0.0505332552856542 0.0197283213396337 0.00679831174625165 0.0111228160483014 0.065192860557843 0.124904500343472 0.156433790167826 0.182984737254441 0.203759625940439 0.230963236456367 0.263518223693266 0.328376233454315 0.374163004356423 0.393285960453624 0.395146704508438 0.390906665228773 0.388850318996267 0.383343212874222 0.371987524272043 0.366011183026722 0.362457636641122 0.35832452068367
-9999 -9999 -9999 -9999 -9999 -9999 -9999 -9999 -9999 -9999 -9999 -9999 -9999 -9999 -9999 -9999 -9999 -9999 -9999 -9999 0.629183137480575 0.629836202370386 0.532306060715506 0.381110250154292 0.202065821413944 0.0694414496448228 0.0572277215829459 0.0807428437308551 0.128011096088499 0.13242054178541 0.129193800132485 0.113575418348298 0.104519274338607 0.100730103360185 0.063741414972891 0.026502991678906 0.00872970097676987 0.00064203369945761 0.00190381712037301 0.0658018353426186 0.134653308737618 0.155329731529445 0.167738564326722 0.170555031721176 0.203693497145022 0.248001061484666 0.316558253904014 0.359372434376085 0.36619488362609 0.374316859926969 0.382372209479531 0.380875421636492 0.37720229166205 0.36984054907243 0.367483337135018 0.367413431710804 0.371444746904341
