layers/veg50/veg4900.asc
NCOLS 255 
NROWS 330 
XLLCORNER -2985163.8955 
YLLCORNER -3022031.214 
CELLSIZE 25000 
NODATA_value -9999 
[rows 175 to 199 of 330, columns 57 to 113 of 255]
-9999 -9999 -9999 -9999 -9999 -9999 -9999 -9999 -9999 -9999 -9999 -9999 -9999 -9999 -9999 -9999 -9999 -9999 -9999 -9999 -9999 0.648655739200274 0.493475847439751 0.253476636925869 0.291001187468938 0.305746495505109 0.23683564374727 0.164732670495415 0.0905075221092513 0.041689325254958 0.00527904416038884 0.0016263619699393 0.00304123653850331 0.0085234255966267 0.00443617044719168 0 0 0 0 0.0442720590355086 0.109262019370041 0.241815003137215 0.312090314012693 0.310108752545888 0.317744501111382 0.328584894204609 0.344040328302466 0.350623320287601 0.344801604056833 0.336199122702954 0.325656221227876 0.298370429555069 0.273659989694001 0.253314431183263 0.24927503257083 0.252660796573271 0.265577171201536
-9999 -9999 -9999 -9999 -9999 -9999 -9999 -9999 -9999 -9999 -9999 -9999 -9999 -9999 -9999 -9999 -9999 -9999 -9999 -9999 -9999 -9999 0.495401060275584 0.258379358995849 0.263527816368603 0.257444649028695 0.200305883589759 0.127902817439189 0.0453517918598928 0.0175347752650189 0 0 0.00152959294871395 0.00428686540044804 0.00223117634863647 0 0 0.00335812651480924 0.00995782426479076 0.0375336223981222 0.0860234071052645 0.232024389081299 0.302613826472741 0.285707985104178 0.303459622141803 0.328224509790788 0.328330204566223 0.32457829850827 0.315433016856126 0.307361170134718 0.29862420430464 0.271106557133162 0.250945659673545 0.243253481815647 0.243755096380155 0.248028462978101 0.26274885686914
-9999 -9999 -9999 -9999 -9999 -9999 -9999 -9999 -9999 -9999 -9999 -9999 -9999 -9999 -9999 -9999 -9999 -9999 -9999 -9999 -9999 -9999 0.295215559612078 0.278059169218745 0.250444279873482 0.215634358091253 0.163536709715602 0.091759739843732 0.00689963174619019 0 0 0 0 0 0 0 0 0.0100749368660191 0.0298751254153922 0.0390205079098172 0.0668683178423042 0.21826645088559 0.289993409219379 0.269282907496571 0.290186481129147 0.318592290091077 0.309024574151108 0.297193158581988 0.282196827082023 0.274822997743146 0.269251108484295 0.24679227399566 0.23381820603807 0.236919565272559 0.240230459130559 0.243716934232693 0.258489093827747
-9999 -9999 -9999 -9999 -9999 -9999 -9999 -9999 -9999 -9999 -9999 -9999 -9999 -9999 -9999 -9999 -9999 -9999 -9999 -9999 -9999 -9999 0.312766140350592 0.322753250790496 0.266235297408237 0.20282956422901 0.128134528387661 0.0631991269348569 0.00475209174823122 0 0 0 0 0 0 0 0 0.0279520016574222 0.082885835041138 0.0878287214882892 0.0992313138098919 0.21054181383106 0.27456532063455 0.283724699192236 0.291294904856767 0.296352401960072 0.282591702775362 0.264824479154265 0.241455667383949 0.236108322182307 0.23709149639822 0.235105921785144 0.235134916783966 0.238578341332891 0.241152943991482 0.243368026413521 0.250102992904349
-9999 -9999 -9999 -9999 -9999 -9999 -9999 -9999 -9999 -9999 -9999 -9999 -9999 -9999 -9999 -9999 -9999 -9999 -9999 -9999 -9999 -9999 0.380659951525028 0.371339356417945 0.285292443504647 0.199782245782369 0.122778393183121 0.0591630501532455 0.0044486095942943 0 0 0 0 0 0 0 0 0.0328880300614437 0.0975225984854283 0.11349254793748 0.129300262074229 0.204293801099917 0.25457912947709 0.276197072903307 0.27794609157236 0.272797838901426 0.255596643871806 0.238150629315982 0.220362328527176 0.219156046093505 0.223997670203346 0.230088941467549 0.235072559356044 0.23817885099334 0.240285324648384 0.241967344731892 0.24735703029311
-9999 -9999 -9999 -9999 -9999 -9999 -9999 -9999 -9999 -9999 -9999 -9999 -9999 -9999 -9999 -9999 -9999 -9999 -9999 -9999 -9999 -9999 0.399850651545521 0.42021014450832 0.307281623819103 0.205494304457677 0.144394875157559 0.0771428792827108 0.0058005554483693 0 0 0 0 0 0 0 0 0.0262067688246764 0.0777107108244102 0.118379441165033 0.157309822216882 0.199371367861938 0.230501086924303 0.248947294205052 0.251618881137473 0.248063079839871 0.228096903956042 0.216589081368757 0.216907022567542 0.22174007995525 0.228019378676416 0.231059118799685 0.233772199504664 0.235931635617745 0.237810711985525 0.239622475797325 0.249674272700777
-9999 -9999 -9999 -9999 -9999 -9999 -9999 -9999 -9999 -9999 -9999 -9999 -9999 -9999 -9999 -9999 -9999 -9999 -9999 -9999 -9999 -9999 0.424481018289912 0.424469219398119 0.321730317916135 0.223247017345721 0.145129853182994 0.0732465347848555 0.0055075800951558 0 0 0 0 0 0 0 0 0.0125257737658103 0.0371425714279711 0.0877640428886742 0.144490446214183 0.205109849185841 0.233058639702931 0.223101770553204 0.223964806206477 0.226778716070691 0.219721551047888 0.216650392552931 0.219152135779553 0.222512586280804 0.226049945470071 0.227219237966164 0.228973012730379 0.231717407781922 0.233123081503544 0.234027981060051 0.249304141768197
-9999 -9999 -9999 -9999 -9999 -9999 -9999 -9999 -9999 -9999 -9999 -9999 -9999 -9999 -9999 -9999 -9999 -9999 -9999 -9999 -9999 -9999 0.407427143453473 0.416373418710701 0.327355626982016 0.234371041861399 0.140440040888008 0.0661717718202371 0.00497561194408453 0 0 0 0 0 0 0.000245690759411168 0.00153335732561714 0.0032995200836032 0.00552757118456074 0.0552283909914928 0.118880203812071 0.206200856994151 0.236533241752011 0.20074571795616 0.200648172040388 0.210135846028588 0.21574372977147 0.219688686539157 0.221308677570289 0.22167481590217 0.221590322794834 0.221530620149906 0.222655804765118 0.225789216870046 0.227302907456784 0.228220480793407 0.247886379344983
-9999 -9999 -9999 -9999 -9999 -9999 -9999 -9999 -9999 -9999 -9999 -9999 -9999 -9999 -9999 -9999 -9999 -9999 -9999 -9999 -9999 -9999 0.398895150047502 0.394645954820043 0.294778382513459 0.200115639088398 0.127566338498444 0.0633847092098334 0.00476604611817754 0 0 0 0 0 0 0.00175294426146741 0.0109401343834074 0.0235412793302059 0.0394378861095578 0.0462770864021246 0.0660542195671915 0.173385260017729 0.219625018685428 0.194984400100017 0.200853201426641 0.214075534205431 0.216330338104548 0.217643587670893 0.217640434535584 0.214275184924305 0.209988040911674 0.210880425295765 0.211839940353884 0.212913233042603 0.217752134890799 0.224380508415715 0.243620880708697
-9999 -9999 -9999 -9999 -9999 -9999 -9999 -9999 -9999 -9999 -9999 -9999 -9999 -9999 -9999 -9999 -9999 -9999 -9999 -9999 -9999 -9999 0.347093378771614 0.358023188923305 0.251144464565469 0.154135512985323 0.0931461484537577 0.044224374894612 0.00332533528863448 0 0 0 0 0 0 0.00362796978394801 0.0226421785608329 0.0419044803121167 0.0614062641215997 0.0540951355378521 0.0574320162751483 0.156751172503299 0.204548569652617 0.192568505703106 0.200906257557308 0.213671014674863 0.214851979388134 0.213791584483864 0.209597507588858 0.20552485619589 0.201805838754711 0.203618029090169 0.204579793986377 0.204100200027184 0.208927887226038 0.216245541215426 0.23686465787613
-9999 -9999 -9999 -9999 -9999 -9999 -9999 -9999 -9999 -9999 -9999 -9999 -9999 -9999 -9999 -9999 -9999 -9999 -9999 -9999 -9999 -9999 0.327460145097635 0.308025450363207 0.195581943146684 0.0955060511060424 0.0354803133328714 0.00739957160057218 0.000556391280211357 0 0 0 0 0 0 0.00589976985235835 0.0368204947725747 0.0582409798021206 0.0704909632972469 0.0800049707266156 0.0964995069834868 0.15757466934189 0.191448348473295 0.193761855077506 0.200795355811549 0.208579702933883 0.211145810186092 0.207990184385704 0.196834908871628 0.195317313604267 0.197313424034105 0.200010593555389 0.201155769819319 0.199670522389687 0.200887458263573 0.203476875620841 0.227421292174795
-9999 -9999 -9999 -9999 -9999 -9999 -9999 -9999 -9999 -9999 -9999 -9999 -9999 -9999 -9999 -9999 -9999 -9999 -9999 -9999 -9999 -9999 0.322577877255643 0.273442823174134 0.191990050005002 0.113704521222302 0.046466857142358 0.012611127816527 0.000948260511487441 0 0 0 0.0111689059796623 0.0313021818290466 0.0383575598334493 0.0480707860030616 0.0771408419711459 0.0898248298421172 0.0866914842186735 0.108982747843441 0.137445911195719 0.17091420742158 0.189140528705135 0.189682543775677 0.190457443067667 0.19109121530931 0.189845352201773 0.188291703987677 0.186307736320204 0.188840187726741 0.192764961709292 0.1924793051627 0.192472701025052 0.192939053883032 0.194010567665565 0.195537673828844 0.222486896634849
-9999 -9999 -9999 -9999 -9999 -9999 -9999 -9999 -9999 -9999 -9999 -9999 -9999 -9999 -9999 -9999 -9999 -9999 -9999 -9999 0.358197143290563 0.355829037429618 0.312807101447034 0.247564308518927 0.199345158595688 0.143903735865654 0.0685465381976622 0.0247212317700073 0.00185884785436126 0 0 0 0.0244850315286864 0.0686222008132665 0.0832747692091746 0.0960566427640968 0.119132552303792 0.122270309012851 0.106161934757744 0.136846470218393 0.173042546370564 0.183937765845102 0.187670766650383 0.183093894975809 0.177565761045973 0.171811765186346 0.166430829924255 0.167183591121365 0.176511974891678 0.182703566530147 0.187319554898229 0.183996017727998 0.183032983669225 0.186070690775848 0.187780906000018 0.189092348062026 0.218273045336197
-9999 -9999 -9999 -9999 -9999 -9999 -9999 -9999 -9999 -9999 -9999 -9999 -9999 -9999 -9999 -9999 -9999 -9999 -9999 -9999 0.359271961105109 0.360175176091256 0.321398361748158 0.260932957358783 0.190698542285646 0.118911585622892 0.0440937708017432 0.0091395186943274 0.00068722201518521 0 0 0 0.0328135695524527 0.0919639150388834 0.104920559140036 0.112231394242375 0.124155712238167 0.132300310652052 0.136796377594685 0.150491949883591 0.164735672402752 0.170845164561285 0.172055456388314 0.167581513777931 0.164809962403346 0.162535405418037 0.160438003449352 0.161798222792859 0.167992599739641 0.172060783141691 0.175216901393311 0.175774641875385 0.177860093629809 0.182534814318666 0.184225405160876 0.184753944895456 0.210942441951744
-9999 -9999 -9999 -9999 -9999 -9999 -9999 -9999 -9999 -9999 -9999 -9999 -9999 -9999 -9999 -9999 -9999 -9999 -9999 -9999 0.306944920328125 0.324894010780661 0.299933647479232 0.251519532572493 0.175014784426883 0.101067592606088 0.0362272397990069 0.00713517947566418 0.00180917490715616 0.00406303166023498 0.00651032465144177 0.00741831923627695 0.0421036307938171 0.103899239734246 0.119580069464747 0.12781459651328 0.132977912801853 0.14152140401433 0.153327749605538 0.152774453152662 0.150956160872808 0.156946784489754 0.158042272625004 0.153458242512772 0.152451052471557 0.152499809648094 0.153027559219908 0.154467874474853 0.157184062920434 0.1598229338201 0.162467286267651 0.165707047217817 0.169814970468032 0.175394314211273 0.177336320160958 0.177755695310983 0.194661752188956
-9999 -9999 -9999 -9999 -9999 -9999 -9999 -9999 -9999 -9999 -9999 -9999 -9999 -9999 -9999 -9999 -9999 -9999 -9999 -9999 0.292414928934027 0.266140465299285 0.239448917490455 0.212529396874662 0.150195093437292 0.092503658256981 0.049893705614815 0.0227575966311894 0.00590875469109451 0.0134008734545788 0.0214726450832407 0.0244674335924977 0.0526419846492918 0.101026277387045 0.125169677916206 0.142629823042224 0.146732198489933 0.149692336330996 0.151549881832817 0.140305030259176 0.130071825534682 0.142002306216016 0.146109041418917 0.141138376134221 0.140607401284742 0.141478539610633 0.143776699969551 0.1446124658036 0.143403633640045 0.145514298284605 0.148877756516942 0.153242608411219 0.158040985301651 0.163574129831206 0.166119426523398 0.167304313677936 0.166761658425053
-9999 -9999 -9999 -9999 -9999 -9999 -9999 -9999 -9999 -9999 -9999 -9999 -9999 -9999 -9999 -9999 -9999 -9999 -9999 -9999 0.176181786473402 0.180132026924816 0.171081403603719 0.154924676547924 0.116972730296484 0.0824267003060485 0.058554533920521 0.0415327735026515 0.0290652762078296 0.0344288675333213 0.0402888034124097 0.0426608134843522 0.0614786985734851 0.0934963461777442 0.120098163538459 0.140798027976033 0.139815797060661 0.139251275764635 0.13908996604529 0.127315342056038 0.117029309258625 0.129881583717111 0.136534052649665 0.135993276625663 0.137286495424077 0.13886593212567 0.138367428877959 0.137985625961897 0.137766983711682 0.139764534538077 0.142748052893101 0.14906998713358 0.154001206385714 0.156575347320013 0.160145894819957 0.164096755017718 0.158407724747909
-9999 -9999 -9999 -9999 -9999 -9999 -9999 -9999 -9999 -9999 -9999 -9999 -9999 -9999 -9999 -9999 -9999 -9999 -9999 -9999 0.115792763775575 0.112798798594802 0.105564433305119 0.0960123202428431 0.0833184249464792 0.0720139901249414 0.0645286477508238 0.0596411102683789 0.0564806364190785 0.0577648278757991 0.0593482909099541 0.0606283765574031 0.0696123885748941 0.0847797139407037 0.111208621189486 0.132700645531895 0.12629330564006 0.123429779901101 0.123987068110066 0.115321345400737 0.107937458748022 0.119517489900051 0.128098201614777 0.133198991366589 0.13653688455858 0.138665951786249 0.134291577468256 0.132646400577519 0.134816959796253 0.136867716691722 0.13919993739782 0.147327443830865 0.152163544017606 0.151421145113322 0.156080000502673 0.163078718335568 0.156573395982227
-9999 -9999 -9999 -9999 -9999 -9999 -9999 -9999 -9999 -9999 -9999 -9999 -9999 -9999 -9999 -9999 -9999 -9999 -9999 -9999 0.117070587195285 0.117965811731342 0.110970569737893 0.0996625009465519 0.0799713569766359 0.0636917037014566 0.0568512342143831 0.055559779802511 0.0579574023366676 0.0612145802507912 0.0650977208570322 0.0707539159765776 0.0758500818387529 0.0804967578932362 0.0980954954768593 0.114042684655809 0.114978559845131 0.117005507430484 0.120085658008298 0.118547713940291 0.116860527268388 0.119999889614581 0.12444130066475 0.130393397047533 0.132887151074521 0.133983087485767 0.131184874000626 0.130300861012607 0.132093123432403 0.134592070719654 0.137432937552731 0.141829601630912 0.14598077276358 0.149715865760971 0.154480949376739 0.159648937571 0.156213047360065
-9999 -9999 -9999 -9999 -9999 -9999 -9999 -9999 -9999 -9999 -9999 -9999 -9999 -9999 -9999 -9999 -9999 -9999 -9999 -9999 0.158132467884409 0.134427054142391 0.116365993735093 0.101390063747869 0.0776359416286622 0.0586436893738775 0.0525547752500597 0.053626195508244 0.0594579244223825 0.0641056291896464 0.0691532482744516 0.075828218124188 0.0771407988992236 0.0741494273320596 0.0875695509470829 0.101362167054602 0.106588782276219 0.11173138413788 0.11679288861092 0.119998295960439 0.122050763019507 0.119592442048452 0.120811395992265 0.126296861058822 0.128881780536373 0.130278356592943 0.128263381538868 0.127613324949337 0.128871583463589 0.131513416153417 0.134602789021645 0.136777397943841 0.140673341479057 0.147486719951047 0.151934676494841 0.15529002656428 0.15510595735902
-9999 -9999 -9999 -9999 -9999 -9999 -9999 -9999 -9999 -9999 -9999 -9999 -9999 -9999 -9999 -9999 -9999 -9999 -9999 0.165921065268176 0.16002537776989 0.1420812339717 0.121744605671108 0.100100276331938 0.0768882105806112 0.0587343069125785 0.0535643752795662 0.0550632769970284 0.0609957293602781 0.066119850792031 0.070550370628907 0.072975125098912 0.0706677477645446 0.0645622741937229 0.0811039200627911 0.0980626292838696 0.102789440228186 0.108262301185235 0.11445531793469 0.118661964453229 0.121382703290682 0.11778847108458 0.117223859189029 0.120174325456492 0.124318274374351 0.128108705055418 0.125632558621021 0.124389060705528 0.124868949092871 0.127174522538616 0.130104138436837 0.132424577874274 0.13673966586583 0.14443541984432 0.14790183690222 0.149472941609153 0.152826933892156
-9999 -9999 -9999 -9999 -9999 -9999 -9999 -9999 -9999 -9999 -9999 -9999 -9999 -9999 -9999 -9999 -9999 -9999 0.181854422224334 0.180346194006155 0.171904272150478 0.149292619485185 0.121709468614198 0.0914089612210046 0.0720370426838851 0.0567756231295268 0.0509293804258529 0.0531661405320254 0.0607766145164953 0.0693577153309592 0.0756794501494179 0.0744391570504142 0.070332218777181 0.0639244582323807 0.0783316710227803 0.0933429115515294 0.0980478210226 0.104537712474811 0.112750631996349 0.116970661877613 0.119418341899129 0.116340265388668 0.115315494206857 0.116673044234609 0.119695720332859 0.122874453479579 0.123221477386539 0.123217399810699 0.122722441438685 0.124770592044533 0.127693285535598 0.129861596060735 0.133260869897333 0.138746464048167 0.142603435086252 0.145733417695548 0.149947364173138
-9999 -9999 -9999 -9999 -9999 -9999 -9999 -9999 -9999 -9999 -9999 -9999 -9999 -9999 -9999 -9999 -9999 -9999 -9999 0.197819543942347 0.187627596932987 0.156607336314925 0.119821463687696 0.0798841822196344 0.0655663227725707 0.0539775299959573 0.0469298454054783 0.0500233905645301 0.0598589928934336 0.0729881209435309 0.0821755378267914 0.077713543405653 0.0726005055680569 0.0669649282805808 0.0769348141521061 0.0877939843569432 0.0927771673160383 0.100608844569116 0.111190149367851 0.115003356341711 0.116782158160093 0.114918352679846 0.11397785994749 0.114108629005412 0.115003036200126 0.116437884466069 0.120842898656375 0.122785049350252 0.121283829812948 0.123119293875037 0.12609733459467 0.127998718124432 0.129963562366651 0.132035964139077 0.136837349621895 0.142854922416477 0.146780097846561
-9999 -9999 -9999 -9999 -9999 -9999 -9999 -9999 -9999 -9999 -9999 -9999 -9999 -9999 -9999 -9999 -9999 -9999 -9999 -9999 0.192172972619794 0.174987040053308 0.132923379164837 0.0772618742228457 0.0621524555735149 0.0515253155894458 0.0484986617902485 0.0520798319139339 0.0600539926074709 0.0722169786519344 0.0818024385761673 0.081881648640816 0.0773009635190656 0.0689801606023331 0.0696088728132353 0.0729309085521633 0.082142667611222 0.0928774397452373 0.105082363570322 0.108054318490106 0.108927704161039 0.108826054369819 0.107837593705146 0.105820222082507 0.108546779611956 0.112563172968493 0.116207382461142 0.118089984472685 0.117509653898538 0.119599506725481 0.122594261812686 0.124558812180756 0.126402887478594 0.128042773436224 0.133242019226946 0.140013497852386 0.14210414644439
-9999 -9999 -9999 -9999 -9999 -9999 -9999 -9999 -9999 -9999 -9999 -9999 -9999 -9999 -9999 -9999 -9999 -9999 -9999 -9999 0.180479479417563 0.181957508923837 0.14297683220243 0.0818819507284489 0.0655925016081332 0.0545614089079853 0.0527045098648709 0.0564754388341526 0.0639878408928712 0.0738192215236824 0.0820009366483469 0.0842017586504325 0.0798769349240751 0.0703145076172904 0.0652633121614845 0.0636454897935828 0.0737997340650583 0.0842998773758955 0.0951339141155014 0.0967642139481682 0.0972285736948245 0.102186178017114 0.103080537075595 0.0992605678573434 0.102427300176961 0.107389494510076 0.110855183693787 0.113310708364938 0.114353905306117 0.116709832582459 0.119478058626989 0.121158335931884 0.122692082697916 0.12397747954398 0.129015385922617 0.135710754673101 0.137459013964156
