layers/veg50/veg4300.asc
NCOLS 255 
NROWS 330 
XLLCORNER -2985163.8955 
YLLCORNER -3022031.214 
CELLSIZE 25000 
NODATA_value -9999 
[rows 175 to 199 of 330, columns 114 to 170 of 255]
0.324453846049059 0.322722250512991 0.32747064411399 0.335813897729414 0.338689699232301 0.341622077702897 0.345269969619634 0.349271564598335 0.353511659586228 0.367046344056632 0.378471686272992 0.380139383648116 0.392093086464803 0.412416877657426 0.424611132817029 0.434582775354378 0.440213364169261 0.440159768070682 0.434544122760383 0.419603783930097 0.408041962929341 0.429111270537955 0.443319675901089 0.44945813411703 0.452919642430408 0.456653113331882 0.470208838357522 0.471284366015875 0.454665067979239 0.448887393578152 0.448117913673273 0.467087051893079 0.469762908030333 0.444417736487763 0.435230596788155 0.43337097844148 0.410505876172227 0.405150190404363 0.436703192680701 0.420313981736617 0.37693203821744 0.395270020243099 0.398264030096856 0.353838439475308 0.353421534606273 0.383101328967232 0.416867094697793 0.442453279290478 0.439321132247478 0.49122722918336 0.588539362899214 0.634446981287916 0.664918208953997 0.662214946957406 0.589459400349718 0.447218035884209 0.455459435997092
0.320119793712085 0.322614395024018 0.327601716639424 0.333971907941269 0.334944183715854 0.337059254006458 0.3426862945407 0.352393746494799 0.364852597194905 0.374293172402326 0.381004463926717 0.379665345844204 0.385361457329524 0.396782385271759 0.403136758431165 0.410120054581985 0.423131297699247 0.430689051729287 0.432910495428031 0.41957771967573 0.407110139568563 0.420127139498856 0.4355073427878 0.453667198886248 0.462533468600616 0.469050296061798 0.478496549898097 0.473585825025652 0.448319313439147 0.434885337406035 0.426635932396508 0.434543385491816 0.43681227250846 0.429384008554278 0.415117371804595 0.397694698943427 0.374499162275393 0.36743181368195 0.39436161526859 0.396903437254551 0.385714182446428 0.392911693511422 0.390374984094957 0.360156827887233 0.377544657982088 0.427489312412787 0.43537801301469 0.443784512510457 0.467534990367466 0.507413497501177 0.560597478021855 0.617456736755228 0.665755294290293 0.673567123014458 -9999 -9999 -9999
0.316647436096939 0.322300989025274 0.327250965816945 0.331810624404788 0.331473907674836 0.333236891300378 0.340929531288979 0.355066789941405 0.373549619146804 0.379676729792866 0.382706414689165 0.379315501060791 0.379781587583504 0.383386252275753 0.384387528508228 0.387892822740575 0.403951902333273 0.417875663235192 0.429709986896479 0.419756567931697 0.40801504680154 0.413767398046821 0.429986637140107 0.458517264547466 0.470772308612514 0.478197558312815 0.483983612286682 0.475393263905383 0.446419589338677 0.427690289258324 0.413214453526904 0.408224110650762 0.407903266813918 0.415612981901183 0.396973802384897 0.366297759754721 0.346403107828944 0.338561949634214 0.356128756343777 0.374144344945105 0.392412609607366 0.390863678974764 0.386004262028999 0.374745385481295 0.408410747827328 0.472798938701454 0.45332457746547 0.44417678638936 0.49675474123478 0.524738338529069 0.53243182075401 0.593079983941399 0.649256367253554 -9999 -9999 -9999 -9999
0.316632138389806 0.317980974661141 0.322098277949992 0.327751425076233 0.330113986720247 0.334118509049889 0.342703933139187 0.351326961043516 0.35997534499136 0.37122127960759 0.379054702706687 0.374884905142663 0.376269608268934 0.382174206112945 0.383624198155603 0.384202638261801 0.383904130666637 0.397978754623567 0.426117675614529 0.419400759554584 0.408268677337783 0.41569011214435 0.432348122133897 0.459870399078541 0.470173686834875 0.47544877966307 0.479761501970939 0.475422233904254 0.458815895286769 0.442113146879257 0.425772695716459 0.417044206281856 0.412914771737566 0.416694746956734 0.395633555481521 0.363257220623054 0.34984640578803 0.341013516422466 0.341830590151245 0.360858673728994 0.390140036948123 0.391104030104412 0.391206803271423 0.392323106559939 0.424154629792262 0.476991705011082 0.45149885057782 0.441369136128667 0.508043866574455 0.542569446086434 0.550572276611264 0.601900815104283 -9999 -9999 -9999 -9999 -9999
0.313349850719834 0.311739632830219 0.318616199871317 0.330200923539391 0.332676253563053 0.335968323436846 0.342317345244792 0.34726192337347 0.351259492933558 0.361622607675013 0.369578932306152 0.367690934655535 0.37135477179809 0.379536334323102 0.380689940548361 0.379659339801826 0.373736533802337 0.38497394002471 0.413002838134606 0.413191218654483 0.409091916940678 0.415193387667726 0.430015787408367 0.45509593951102 0.465256752021323 0.470883057332881 0.47399242233141 0.472287381591821 0.463756321370824 0.444263708740442 0.421827675722055 0.420018494175423 0.4190610486598 0.419568410466602 0.399673837715732 0.370451791479778 0.347618042866507 0.330236995530328 0.324349880640071 0.347304216835358 0.386497051922018 0.388621625420382 0.3917543113305 0.40182000627251 0.425638307062052 0.458861752193998 0.469134467871853 0.489462227737836 0.550894666845688 0.572664662949326 0.561713514342681 -9999 -9999 -9999 -9999 -9999 -9999
0.3071347555439 0.303773497326803 0.316633843855557 0.338493341005887 0.338759505148035 0.338687297018612 0.339990816605132 0.342904942740992 0.346905091923106 0.350997654866277 0.354874850084053 0.358016256921081 0.365180577311299 0.375618485505865 0.375806821199984 0.374350192926041 0.372438462449324 0.378156222809795 0.391339539647206 0.401726727210733 0.410426499940753 0.41252471050952 0.423469766733065 0.444820681296958 0.456463227126723 0.464686247633423 0.466834613832626 0.466312336341036 0.462003534228782 0.435397315689313 0.403067522606177 0.417744945679516 0.426226021039585 0.424050678011537 0.40854427137993 0.386834516490554 0.340298176820966 0.307585496361592 0.304012172166814 0.333508468520106 0.381623834871479 0.383694977326337 0.388122952476635 0.404062676916018 0.414320464938702 0.420692485221374 0.504240716218138 0.58324939233561 0.622078678480568 0.613769485667862 0.566571488369951 -9999 -9999 -9999 -9999 -9999 -9999
0.308156533936857 0.312055367610094 0.322220571433281 0.335862127301376 0.337448744241503 0.338009391372409 0.337177467192415 0.338915456596314 0.342386324449103 0.346424308765255 0.350445133869258 0.354237115470828 0.359762670005973 0.366698894479275 0.368789687454306 0.37053114310198 0.373914649447165 0.379786192575059 0.388092312205423 0.395845996933659 0.402037695106231 0.399470071940465 0.405315781943457 0.421057443174779 0.438045266864455 0.452703397957187 0.441939223624881 0.433910362289667 0.429759715799968 0.40792827195392 0.38179788912292 0.397528082011316 0.407396738173658 0.407184780619571 0.386118321717646 0.355560338550082 0.342979340575729 0.335554741096822 0.338999487463047 0.359788660029055 0.390343202748642 0.393990337789453 0.397522792597219 0.403865629244107 0.407536534571978 0.409380157128353 0.4921989010406 0.573904639820913 0.625678253066522 -9999 -9999 -9999 -9999 -9999 -9999 -9999 -9999
0.311010868876187 0.321439332089451 0.327513395116691 0.331171796823452 0.334266286389556 0.33599787303319 0.334270327299871 0.335118857596538 0.337704421645252 0.342617977626264 0.347401519033322 0.351049901090953 0.35476793310631 0.358542641768871 0.362626687417507 0.367392705699217 0.374914291103852 0.380884896258247 0.385337846971493 0.388400870173177 0.389891669646222 0.383650532788502 0.385088370811779 0.395558391369809 0.4182393960695 0.439564629585511 0.414995066068834 0.399223731733319 0.395926810037563 0.381368723868923 0.364265361125397 0.377513808071467 0.38638087012267 0.387712869146485 0.358455917359264 0.315418903103225 0.336654204470588 0.354648850068783 0.365812408358423 0.379354641015632 0.394236130181335 0.40176929960127 0.405729669290042 0.401160082041453 0.401903205986487 0.406279591596945 0.480168871685663 0.546588126450568 0.565492815407734 -9999 -9999 -9999 -9999 -9999 -9999 -9999 -9999
0.316457554199061 0.321176100990755 0.324166754794214 0.326198837019663 0.32843853195138 0.330338553117353 0.331340197933892 0.331966495011092 0.332339697193422 0.337049260409737 0.341796392163604 0.345348290309341 0.351233625416935 0.359017761152371 0.362859773145643 0.366345325843479 0.370853540177061 0.371297663629051 0.367765021048892 0.367662849014694 0.367612990760251 0.363417831312499 0.365149519467422 0.373852498742921 0.400373490605591 0.425941147454442 0.394240397992477 0.377701022181143 0.382657930134335 0.377003556556511 0.368285984976552 0.375443006784038 0.378624902181531 0.374970413933246 0.333387857353484 0.274640691179981 0.274662576734938 0.280484788232492 0.29853370190216 0.326691850723579 0.360541766000071 0.382287503391583 0.39553512674847 0.387872294280246 0.397906838166332 0.420044279564309 0.512614465715198 0.587076872355905 0.578097748443023 -9999 -9999 -9999 -9999 -9999 -9999 -9999 -9999
0.314570574528435 0.318453787237072 0.320722431944748 0.322095373615821 0.323618032953429 0.325300972256334 0.327382025239717 0.328327789318921 0.328508034398713 0.333617572537667 0.337030676486703 0.333370407618004 0.336270755629883 0.344509710878853 0.348645169046072 0.351994551926829 0.354608874042589 0.354346046638164 0.351267890833208 0.351532471353354 0.352065284806576 0.349877108911384 0.352693756410062 0.361397189469077 0.384635927026918 0.406476647657179 0.37572916217752 0.364023895569011 0.379317300043542 0.381167180679274 0.378463908315539 0.383002135579762 0.381920387154542 0.371173459328639 0.323236559749068 0.258423729298298 0.239122699109481 0.23249841797137 0.252595882591606 0.283732586087931 0.321084672704865 0.360252678232679 0.38916286722644 0.39093318947856 0.405530058944902 0.428898758950259 0.52228499011884 0.59797005210585 0.591709820563267 -9999 -9999 -9999 -9999 -9999 -9999 -9999 -9999
0.304771596564847 0.313078467409924 0.317172723317846 0.318929975154708 0.319884221625383 0.320934160832529 0.322314737653468 0.324164387470924 0.326330330603344 0.332491440283467 0.333170568024005 0.314621305804996 0.308978066593111 0.313836917212426 0.318843529357149 0.323291277426386 0.3252194683529 0.329449289454747 0.335931285758013 0.340373096255711 0.343779356749424 0.343556095491246 0.348311198469828 0.358921965154535 0.371194546513294 0.380710507159793 0.359638275838344 0.358811055079023 0.386687862192609 0.394532177285772 0.395284696181356 0.400950611372764 0.397138843338949 0.37702744809381 0.329178361401399 0.268704919237582 0.232120558332274 0.212754113749536 0.229681894178265 0.251242067774516 0.275410401102124 0.335463492095195 0.386914316212044 0.411632025840338 0.425689189836564 0.432455810385972 0.507384401421205 0.572716286353028 0.583847832766771 -9999 -9999 -9999 -9999 -9999 -9999 -9999 -9999
0.296940449587449 0.303108671336791 0.308870342449746 0.314406474199029 0.318560610711206 0.318715449974038 0.308691415352814 0.311731715457213 0.323581223870015 0.318300919583427 0.310736260905655 0.300874503244788 0.298617843588794 0.302549722600221 0.307211520131971 0.311689279700088 0.314893488456898 0.319881207839519 0.326614115674204 0.330654938872692 0.334170732342894 0.338002856123538 0.340060542922901 0.340031097134941 0.348618724197717 0.358780299218813 0.360505028860063 0.367287861675721 0.381242236045123 0.390586832701193 0.397868677354999 0.398034467307632 0.39130032176385 0.372699734421884 0.337606487917992 0.295026228505471 0.271818812741597 0.258499069145697 0.266021882325011 0.268851498472434 0.269038720706552 0.323156389051272 0.372597001249829 0.40352264587382 0.431019934450049 0.456172635837217 0.513843708343296 0.560648665838838 0.56053622585067 -9999 -9999 -9999 -9999 -9999 -9999 -9999 -9999
0.28776989066111 0.29076926166892 0.29754266180248 0.306409754704726 0.314474111007352 0.314431024276816 0.293544954021578 0.297300729477799 0.317672364565205 0.300786115173965 0.285900465770544 0.288918741145626 0.292275282448955 0.295907082766105 0.299960732575559 0.304195500045647 0.308940775557817 0.313730028218034 0.318562313092253 0.320981129089184 0.323732076668982 0.331638075822497 0.330833535340118 0.319783462714863 0.326617101345704 0.33970907087597 0.363605455719624 0.375626311887481 0.370809661101733 0.37993549437478 0.393159747714727 0.386934560824973 0.377241704284203 0.361585183284467 0.3426416410219 0.32225088507184 0.317731005878748 0.313123251467092 0.30833026192618 0.292342795980407 0.27005254408428 0.310618884173918 0.350721426081229 0.3823379018576 0.422759513510856 0.469202789334139 0.515552311642491 0.546628989487528 0.526582292071801 -9999 -9999 -9999 -9999 -9999 -9999 -9999 -9999
0.264767832959471 0.269273722408739 0.272414542819872 0.274798073056853 0.284983359536896 0.290496483129026 0.283137398069146 0.283481754736245 0.289020499352662 0.282977391066719 0.278177159114394 0.280982970490549 0.2841203285119 0.287527477827527 0.291293056040261 0.295252072028109 0.299816335990394 0.304277526591013 0.308637858560405 0.3089088270323 0.309542617815535 0.317697878175339 0.321579076832597 0.320433028225676 0.326266439037666 0.334922484450555 0.351393361061556 0.356962550196057 0.347074975787416 0.351541376065279 0.360454140716387 0.353688348564074 0.341127561244488 0.318600597732539 0.317376956673605 0.325871361969202 0.321944846778376 0.310518753882785 0.283284048864316 0.265185324591409 0.252230398831567 0.272674923250645 0.294737132857381 0.317184094090373 0.340131385033636 0.363420841905018 0.440934031946215 0.506417789876713 0.514063764588928 -9999 -9999 -9999 -9999 -9999 -9999 -9999 -9999
0.239030396875242 0.251110239356586 0.25533120581219 0.25519235644316 0.266477849377829 0.274966280804044 0.275045115715979 0.27399426616697 0.272181676663481 0.271649294399079 0.271786610270611 0.273735204904464 0.276260921128871 0.279256261712708 0.282838742510879 0.286609894296517 0.290816618736539 0.294861617750076 0.298748366320568 0.297932522881357 0.297401910579248 0.304719707415159 0.311635784341832 0.318079349298573 0.321754079810087 0.325283729388627 0.334937558817359 0.336172603196113 0.325471223042557 0.324883507832204 0.327570620784323 0.321928237057573 0.309941250463284 0.287042877711929 0.295926640015958 0.319248815501254 0.308065827534921 0.290464310779928 0.259332961277817 0.244485874680727 0.23880725829499 0.243341978955598 0.249350063615422 0.25804515138064 0.273597741796272 0.293840047235413 0.379127805577388 0.445985944945127 0.430067987154981 -9999 -9999 -9999 -9999 -9999 -9999 -9999 -9999
0.209741769754449 0.237272581285209 0.248691965980353 0.251173322712557 0.262233872733761 0.270346968499166 0.269958625506685 0.270130107433123 0.270679076191503 0.268734639257967 0.267126307460545 0.267380638390823 0.268785205552516 0.271125760835626 0.274661426415917 0.278358813212478 0.281978821590272 0.285493215307073 0.28890426369805 0.288379092422934 0.287920984682652 0.292990483155294 0.300798216644922 0.311826723594518 0.311838818778631 0.309345671137217 0.31297238483959 0.312622346961529 0.306633942639643 0.300479717407114 0.294456126293292 0.292097448277332 0.285152472782988 0.270320027597849 0.279428306761926 0.299328316181977 0.270697844872405 0.247755564890865 0.23680361475529 0.232170518222603 0.231095103199104 0.225188243087621 0.217720786369072 0.206714976559938 0.227958681950255 0.27125721453376 0.33395476210787 0.389037651974437 0.412338877415501 -9999 -9999 -9999 -9999 -9999 -9999 -9999 -9999
0.196828336892104 0.218674725582769 0.234769993751324 0.247674751447446 0.258238560577872 0.265692117695884 0.265361450288564 0.26554933566976 0.26608687831471 0.263563968099533 0.261452845384578 0.261625511408431 0.263019372872386 0.265406964489024 0.268341276663176 0.271215982172394 0.273476037311077 0.275368687178811 0.276901826188124 0.278804494806388 0.280836161066706 0.283169848004384 0.287871641582954 0.295358855321609 0.295243733472436 0.293491421993211 0.296829821215649 0.298847065097172 0.298991132394582 0.290838039125562 0.280025787093707 0.276573015294786 0.271148490355378 0.26233296358789 0.265243177286954 0.273367994039761 0.238760779369696 0.213523789814849 0.208038612986262 0.206347208456986 0.206791797955671 0.180278715407401 0.15191384388764 0.121804728843056 0.172668423764454 0.278907876122881 0.332145099420708 0.369227110978393 0.369352092516404 -9999 -9999 -9999 -9999 -9999 -9999 -9999 -9999
0.189181516372882 0.199201765771438 0.218830088816735 0.243788618292583 0.25407838201176 0.261027369954616 0.260881156813056 0.260675771742095 0.260430487367951 0.257537451396377 0.255292563623945 0.255982629826281 0.257674687643335 0.260182101665943 0.262356663472689 0.264212442902657 0.264902804445973 0.265023888633138 0.264587927488696 0.26930206071509 0.274251314707132 0.273927446083178 0.274532403228661 0.276229866082594 0.276933035129129 0.277740681248274 0.282229356009283 0.287490701284897 0.293847563696438 0.285590486351846 0.272319719946074 0.265693334280513 0.26014866483395 0.256464320395003 0.251949968951345 0.246939621056614 0.211064081981905 0.184864723839896 0.179062112983894 0.177278744180232 0.177758314831922 0.130041838758956 0.0820542599329991 0.038928129341441 0.12462746122332 0.298428065182074 0.345012693853027 0.371421106673259 -9999 -9999 -9999 -9999 -9999 -9999 -9999 -9999 -9999
0.180220430274688 0.188670729771997 0.207707789514463 0.232617995072851 0.246702802515224 0.256385481777648 0.255833123435017 0.25504645960963 0.254101804899232 0.249991940487259 0.247112825207441 0.249240414080382 0.250511959475418 0.251086911853425 0.252806655335301 0.254285988448739 0.253977043772948 0.255038850639931 0.257441955802803 0.260831982772856 0.26394176081724 0.264067117019056 0.264743734403767 0.266068757559482 0.264806435497802 0.262982317359025 0.26284719414057 0.265888816369014 0.273434530584622 0.274542177506813 0.272446190711969 0.254233442257594 0.242221527182842 0.240873744901476 0.240401943565677 0.240239552631993 0.215476452590491 0.192672893196425 0.173999915450264 0.163641313543104 0.157963924881547 0.124732150122045 0.105507026689421 0.126239880440611 0.212482685530978 0.34352649452122 0.363935925063524 -9999 -9999 -9999 -9999 -9999 -9999 -9999 -9999 -9999 -9999
0.170184893435873 0.17772139293877 0.193959230785933 0.215024251615062 0.235199712487108 0.249469638438199 0.248589097931785 0.248112257146959 0.247907628841085 0.242963689285912 0.239330530745702 0.241445738514983 0.242185584678476 0.24180625019845 0.243521814033918 0.244943389395106 0.243725369506333 0.245195468779725 0.24929592777831 0.25142768972708 0.252921679246023 0.253106824030842 0.25318813119147 0.2531473022089 0.250619582266672 0.247399363605527 0.244359177416588 0.245850774515341 0.253767679884727 0.261833836571184 0.268242726783001 0.241880656355916 0.224786607246172 0.223631610842605 0.228147937566359 0.235168171946064 0.216656485585079 0.197038908276204 0.175090186237099 0.156904156369886 0.140836621597828 0.125169779796263 0.133749442992411 0.205937207112677 0.28647335885485 0.37271881336341 -9999 -9999 -9999 -9999 -9999 -9999 -9999 -9999 -9999 -9999 -9999
0.158463117135958 0.166115576151762 0.176089029145149 0.187350084365523 0.217218920995969 0.238985057340206 0.237898689604498 0.23913016408864 0.24192454670163 0.236747223769948 0.232171983520353 0.231999335967815 0.232032986686317 0.232234509643485 0.234653124693481 0.236517091087814 0.234531604230524 0.235574401589092 0.239580414622749 0.240557242568144 0.240786497866915 0.240420251275237 0.238859506958687 0.235893767619287 0.233199373807122 0.230522301229125 0.227274429144101 0.228267022823865 0.235271885409741 0.246520246728338 0.257243877574429 0.228126565735448 0.208124172172846 0.2037975261992 0.214785967912213 0.232652848444486 0.212763698551474 0.196002817746836 0.185836120585722 0.160996265692888 0.127895035363265 0.134627231939159 0.169508719552398 0.273684481113974 0.338705051431203 0.376948134667787 -9999 -9999 -9999 -9999 -9999 -9999 -9999 -9999 -9999 -9999 -9999
0.152743583116258 0.157713284629978 0.165208438244789 0.174104619945376 0.19350604788943 0.21060598927975 0.220671222917192 0.225577820809724 0.227005979285441 0.222561425180322 0.218735110576662 0.218726178066395 0.219326902277712 0.22042372584146 0.222823086204148 0.224816142948466 0.224198820549843 0.226152121512067 0.230620811022606 0.232063658875479 0.23255306711527 0.231193442254591 0.227057184262641 0.219654988087232 0.219732218769815 0.221489023046066 0.218889037436627 0.220321388399027 0.227470915995929 0.23988953060996 0.252359777760957 0.228820270176507 0.210831257310359 0.202387931148106 0.216888377216178 0.241747171080392 0.224373349264661 0.207968085513166 0.193604477886691 0.158595460658479 0.11196253241638 0.162700828149312 0.225030560610026 0.306531760106607 0.339632149352427 -9999 -9999 -9999 -9999 -9999 -9999 -9999 -9999 -9999 -9999 -9999 -9999
0.149525465965516 0.150770534463968 0.157357251308314 0.166907318498407 0.167934534236754 0.175532825923025 0.200979829631412 0.210293302359443 0.208728024799696 0.205410215289281 0.20298605602217 0.2040313206863 0.205682505194013 0.207826748223651 0.20989789595262 0.211875834910174 0.213497233174155 0.21684653488579 0.221886612699058 0.224375260999262 0.225700762818772 0.223287581759699 0.216437810019021 0.204369620782616 0.208324744933707 0.215905395139035 0.214411203081989 0.21673459715682 0.224470687777318 0.237108063110603 0.25010567005686 0.235583251961258 0.221753833196195 0.20911622792363 0.225699694196758 0.255516248362492 0.24242963542639 0.225623615134367 0.200977330959302 0.1550877039025 0.0972375135990355 0.198905262784762 0.281814598227921 0.297031462815364 -9999 -9999 -9999 -9999 -9999 -9999 -9999 -9999 -9999 -9999 -9999 -9999 -9999
0.146948527607009 0.148975294380734 0.154750068348345 0.162604099072423 0.162217263604068 0.168016470119208 0.19064118394473 0.201178083841758 0.203564237977467 0.201141877277565 0.198312767195647 0.195609365859541 0.196623278136439 0.20066210067988 0.202021408505797 0.203424185523845 0.206761160522392 0.208868858391964 0.209773692528161 0.209785214800247 0.209810863111204 0.211084346019333 0.211111247312663 0.209671891343296 0.213253724696956 0.218138077005017 0.221753427858732 0.227386614197488 0.235880752662093 0.244159199089942 0.251658128392943 0.245750276705004 0.24027725989443 0.235552067866676 0.246360704338163 0.264212788953922 0.261603050182464 0.25516724709084 0.240666354313396 0.212609850456688 0.176921179451745 0.251482198626914 0.308044851728127 0.304607549764952 -9999 -9999 -9999 -9999 -9999 -9999 -9999 -9999 -9999 -9999 -9999 -9999 -9999
0.142972656952592 0.145882486355403 0.151386988607905 0.158330920075574 0.157984898775489 0.161969055463602 0.177889395124113 0.189035070941405 0.196961217461503 0.196742607310951 0.194845393066795 0.18990919563539 0.190062652990973 0.194357743423858 0.194769897054302 0.195257431361667 0.198601567831427 0.199291097157738 0.197383058707061 0.196636227409972 0.196651382037957 0.199779569767253 0.204096202382765 0.209810710536502 0.213119883274768 0.216128878289949 0.222809975745779 0.229807671649863 0.237254251028484 0.242905612994274 0.247644105889793 0.247514226115311 0.247867193032423 0.249050554982387 0.255142061429706 0.263464809179441 0.266860561720924 0.267711022723649 0.26319617807052 0.250517443394761 0.233242222963532 0.287799036266974 0.32959816519811 -9999 -9999 -9999 -9999 -9999 -9999 -9999 -9999 -9999 -9999 -9999 -9999 -9999 -9999
