layers/veg50/veg4800.asc
NCOLS 255 
NROWS 330 
XLLCORNER -2985163.8955 
YLLCORNER -3022031.214 
CELLSIZE 25000 
NODATA_value -9999 
[rows 175 to 199 of 330, columns 57 to 113 of 255]
-9999 -9999 -9999 -9999 -9999 -9999 -9999 -9999 -9999 -9999 -9999 -9999 -9999 -9999 -9999 -9999 -9999 -9999 -9999 -9999 -9999 0.594830822721526 0.451396210350071 0.229562096799856 0.274254236010549 0.29553512283761 0.232579758276114 0.162341765780813 0.0872621618548326 0.0403742619935226 0.00557669630241065 0.0017180623060887 0.00483061935757129 0.0135383828776917 0.00704629533559267 0 0 0 0 0.0413833506075966 0.101238551419527 0.218970590334577 0.282235352307642 0.282305153806301 0.292402181070957 0.30598908466333 0.325741025728113 0.338245518177755 0.340617232724946 0.335809670181866 0.326578309075804 0.284579614581423 0.257914985918781 0.257239574600585 0.258301848706819 0.260149019843914 0.262124221313669
-9999 -9999 -9999 -9999 -9999 -9999 -9999 -9999 -9999 -9999 -9999 -9999 -9999 -9999 -9999 -9999 -9999 -9999 -9999 -9999 -9999 -9999 0.454415191557901 0.237250195238115 0.249279738469013 0.248945074419946 0.1958884147368 0.125647511565154 0.0439822392704747 0.0169459540360813 0 0 0.0024295648213205 0.006809143164148 0.00354394126317539 0 0 0.00195869546163264 0.00580810315191148 0.033506150584474 0.0802319582705331 0.209786298197741 0.276552066840371 0.270468199823779 0.290489844156176 0.316159615771217 0.326582167429047 0.328540366873796 0.318664415347943 0.30364054273328 0.286550493977341 0.265706002464956 0.253296768724685 0.255184183375092 0.25733587806534 0.259606796473534 0.261876407707011
-9999 -9999 -9999 -9999 -9999 -9999 -9999 -9999 -9999 -9999 -9999 -9999 -9999 -9999 -9999 -9999 -9999 -9999 -9999 -9999 -9999 -9999 0.270181388523321 0.256865522851555 0.237196320081613 0.208871991496706 0.159171870269804 0.0895691744115841 0.00673491795315314 0 0 0 0 0 0 0 0 0.0074173642593291 0.0219946477527321 0.0340255096945583 0.0635908776144895 0.199792516362502 0.27058672536387 0.265492801716813 0.289409344679715 0.318677184121992 0.322576452057862 0.315088975780587 0.291681503892338 0.269354187352608 0.248655772817809 0.25008331001832 0.251718545454097 0.253705801980541 0.256422008583692 0.259462568519071 0.26187355540029
-9999 -9999 -9999 -9999 -9999 -9999 -9999 -9999 -9999 -9999 -9999 -9999 -9999 -9999 -9999 -9999 -9999 -9999 -9999 -9999 -9999 -9999 0.283803203498243 0.291554660420004 0.249596532604554 0.197640200116255 0.124936215344478 0.0616541456933052 0.00463592095655688 0 0 0 0 0 0 0 0 0.0252201936106086 0.0747852276532547 0.0821909910944836 0.0963662492872559 0.20259883296771 0.267095867492379 0.283169765643133 0.297965934253264 0.310399414490239 0.304585158181297 0.286083049775586 0.249841845284791 0.235802247288258 0.230644977252814 0.241170209099435 0.248651246824529 0.250972777375781 0.255450568330699 0.260874085361801 0.262524442204808
-9999 -9999 -9999 -9999 -9999 -9999 -9999 -9999 -9999 -9999 -9999 -9999 -9999 -9999 -9999 -9999 -9999 -9999 -9999 -9999 -9999 -9999 0.332292657404264 0.326148806675177 0.260394287894477 0.191142325895488 0.118564042279779 0.0575898760665022 0.004330318915946 0 0 0 0 0 0 0 0 0.0304951632212323 0.0904270506021696 0.108759775031057 0.127718775193175 0.201785403432896 0.253666078388971 0.279805785197505 0.2898081990019 0.292967109325538 0.275032495962819 0.252943638441859 0.225046663382808 0.218577054243529 0.22055417094416 0.235420431815141 0.245961792307796 0.249173017586556 0.253827674842967 0.259111540492224 0.261330100662815
-9999 -9999 -9999 -9999 -9999 -9999 -9999 -9999 -9999 -9999 -9999 -9999 -9999 -9999 -9999 -9999 -9999 -9999 -9999 -9999 -9999 -9999 0.344942578890823 0.358362932875333 0.269753502309025 0.188894133472475 0.137205178001647 0.074936656391504 0.00563466433397354 0 0 0 0 0 0 0 0 0.0245237557388832 0.0727200862991682 0.115941001263142 0.157793999120117 0.197722493866036 0.231314017576812 0.257553151805736 0.266645857718321 0.267316691821948 0.235101085037412 0.216093558591923 0.215552467950294 0.216008535003053 0.217573213212437 0.232510399802442 0.243611531992089 0.24821105836825 0.251619965681369 0.254499610678055 0.258479280341757
-9999 -9999 -9999 -9999 -9999 -9999 -9999 -9999 -9999 -9999 -9999 -9999 -9999 -9999 -9999 -9999 -9999 -9999 -9999 -9999 -9999 -9999 0.353264687072722 0.353234617314926 0.276186927900617 0.201236594924917 0.138780756042285 0.0731854549005302 0.00550298735426898 0 0 0 0 0 0 0 0 0.0117430218411587 0.0348214837398704 0.0848231525990699 0.14171754718518 0.206019334595672 0.238466852398657 0.233955861867701 0.233403762853554 0.232280369663321 0.215845179507288 0.208466410159245 0.213749572687031 0.215435162954445 0.216220083291161 0.224078753175127 0.232447758378366 0.241681714578728 0.246048630837335 0.248281088054208 0.259058423627476
-9999 -9999 -9999 -9999 -9999 -9999 -9999 -9999 -9999 -9999 -9999 -9999 -9999 -9999 -9999 -9999 -9999 -9999 -9999 -9999 -9999 -9999 0.348650310349801 0.34446834594426 0.279557467965897 0.210193828783961 0.135183320586232 0.0676496625305829 0.00508673804012476 0 0 0 0 0 0 6.40835897479973e-05 0.000399946021687735 0.00199151990298534 0.00479522146796738 0.0513004946816371 0.11275595354626 0.208438244458171 0.244350602171396 0.210915660402914 0.202436469861713 0.201290152893498 0.203171582647044 0.206846649438477 0.213029429869237 0.214836428503152 0.215162087743635 0.217204126677562 0.222669975397379 0.233938729729312 0.238869948365203 0.241053628085276 0.258793603085391
-9999 -9999 -9999 -9999 -9999 -9999 -9999 -9999 -9999 -9999 -9999 -9999 -9999 -9999 -9999 -9999 -9999 -9999 -9999 -9999 -9999 -9999 0.352638617405663 0.354624917031205 0.269957024432271 0.188023835669047 0.121100054925055 0.0606718687562005 0.00456206123168908 0 0 0 0 0 0 0.000457220943808429 0.0028535183223597 0.0142090137777384 0.0342127476624857 0.0415087745221511 0.0611087419845378 0.169032086053124 0.215923274711361 0.192002686732899 0.192645211767202 0.199917557323739 0.204819510954412 0.208544362697056 0.210623488801159 0.212227966597336 0.214086065882067 0.223525974581715 0.228311554015926 0.225208659760286 0.226606575511611 0.230158984371494 0.25096408769876
-9999 -9999 -9999 -9999 -9999 -9999 -9999 -9999 -9999 -9999 -9999 -9999 -9999 -9999 -9999 -9999 -9999 -9999 -9999 -9999 -9999 -9999 0.336854899838066 0.343928785710892 0.244695976210716 0.152673456216338 0.0888495975549313 0.0407345296778991 0.00306292557727819 0 0 0 0 0 0 0.00167071092247275 0.0104269156809229 0.0281657874632856 0.0545755520519306 0.0494291044165002 0.0531554751685809 0.148249009301442 0.194123352679273 0.182891760365486 0.188684638171527 0.198654050279054 0.203170058749636 0.20655345574605 0.208353329888152 0.207865353111791 0.207317221960133 0.220418224333176 0.225386530794197 0.216570991276399 0.216264705520244 0.219939267513115 0.243358683169464
-9999 -9999 -9999 -9999 -9999 -9999 -9999 -9999 -9999 -9999 -9999 -9999 -9999 -9999 -9999 -9999 -9999 -9999 -9999 -9999 -9999 -9999 0.324148068484477 0.311569733580526 0.202539326994641 0.103103284300017 0.03699928255339 0.00681565470819055 0.000512485188774371 0 0 0 0 0 0 0.00376924658719527 0.0235238878351994 0.043999000678888 0.0651695786844848 0.0764582577865627 0.0923418604294093 0.14755763163633 0.179473473699214 0.184355871389944 0.19101455723436 0.197508234487643 0.197963194390577 0.200583043755272 0.206229660919816 0.201610255538587 0.194406619659045 0.207137257206915 0.213219342952622 0.208033011064791 0.207995868232077 0.210447702285951 0.235995062894323
-9999 -9999 -9999 -9999 -9999 -9999 -9999 -9999 -9999 -9999 -9999 -9999 -9999 -9999 -9999 -9999 -9999 -9999 -9999 -9999 -9999 -9999 0.357827304654897 0.294223936479982 0.205935452038409 0.12071233963247 0.0455678472323486 0.0100033066458235 0.000752172273133508 0 0 0 0.00964858488220015 0.0270413018898696 0.0311285939264611 0.0381356613313272 0.0657510526332689 0.0802275222730483 0.0820211015174172 0.105250253602184 0.133258856696901 0.162984262698458 0.180448447239723 0.183686706619053 0.187938534419339 0.191561902556125 0.186874990752386 0.186350243686877 0.191644688053477 0.1888245706349 0.184098293961613 0.19756511237323 0.205211132680397 0.202991668600404 0.203214961393459 0.204718131152498 0.23097936515112
-9999 -9999 -9999 -9999 -9999 -9999 -9999 -9999 -9999 -9999 -9999 -9999 -9999 -9999 -9999 -9999 -9999 -9999 -9999 -9999 0.392985089181316 0.396656158408044 0.351722065609062 0.280221020841333 0.216807169063873 0.147826242209525 0.0639626457225959 0.0195905511554725 0.00147305985073468 0 0 0 0.0213659878641878 0.0598807115307305 0.0685375615071657 0.0781574922586163 0.110320277152844 0.117974440597642 0.101970638223156 0.132644159421186 0.168773107836128 0.179412865976454 0.183566815624275 0.180195689036599 0.181262022087683 0.182512724800746 0.174109305681595 0.170880867940504 0.174887657344539 0.175301445913739 0.175238837508752 0.189794129214904 0.198983819495699 0.199079523670171 0.199439195073753 0.200091768468809 0.224947093456101
-9999 -9999 -9999 -9999 -9999 -9999 -9999 -9999 -9999 -9999 -9999 -9999 -9999 -9999 -9999 -9999 -9999 -9999 -9999 -9999 0.391318892298654 0.389918716404728 0.34496051938952 0.27619407224708 0.19767036427624 0.119224444562813 0.0418844729157737 0.00707171006834529 0.00053173859658388 0 0 0 0.0303875073065149 0.0851645882570827 0.0942770800749259 0.0996369378418008 0.117312141180922 0.128496536407447 0.133415409242832 0.146152805394703 0.1602655945137 0.172833286271597 0.173219191661409 0.159471335437643 0.15768653726855 0.159169086394561 0.159846810590718 0.161754440024141 0.165381620332922 0.16860115036252 0.172370215576199 0.188572206366473 0.198299154404681 0.197051759744442 0.19662885285174 0.196650632211431 0.206796978435367
-9999 -9999 -9999 -9999 -9999 -9999 -9999 -9999 -9999 -9999 -9999 -9999 -9999 -9999 -9999 -9999 -9999 -9999 -9999 -9999 0.346084829585287 0.358288171712448 0.32521668787817 0.267398570629221 0.179951449374768 0.098361093124135 0.0343944570593806 0.00568977685205463 0.000427827771351902 0.00375689447901159 0.00719167314800406 0.0085157515186036 0.0406071303757195 0.0973929118857214 0.111931410308356 0.120200356618859 0.127997774397969 0.138780413178871 0.152444660644666 0.14953228951316 0.146052568389076 0.159710943325206 0.159241733266804 0.142381173659587 0.139747543596452 0.141564135549964 0.147563647910215 0.152976420236736 0.157568861607638 0.160504527822351 0.163432747325517 0.176889828067328 0.185517167780297 0.185958734020446 0.188354098575207 0.191619481450097 0.19328891285565
-9999 -9999 -9999 -9999 -9999 -9999 -9999 -9999 -9999 -9999 -9999 -9999 -9999 -9999 -9999 -9999 -9999 -9999 -9999 -9999 0.336206086338894 0.31834243637901 0.288618670687853 0.25241231936495 0.164073302787698 0.0875441400140463 0.045843441573869 0.0187662774881666 0.00141108076522095 0.0123911580577072 0.0237198992875977 0.0280870340214982 0.0523821853689768 0.0926719302799943 0.119089186015887 0.139574548265998 0.143478824628797 0.148755023298479 0.155355527013627 0.139761640905354 0.124432389363366 0.138094491364286 0.140551860830964 0.130009082881023 0.129126095813594 0.131409406568662 0.137850143438185 0.144650719526097 0.151954392782981 0.150595130889127 0.146616430289452 0.151627216820741 0.157029895163612 0.163096778393727 0.172985199213806 0.184524102467032 0.185807364291331
-9999 -9999 -9999 -9999 -9999 -9999 -9999 -9999 -9999 -9999 -9999 -9999 -9999 -9999 -9999 -9999 -9999 -9999 -9999 -9999 0.203404060138422 0.209498984349084 0.19709801157061 0.174587421079733 0.121826283525356 0.0766867397122642 0.0537080576601836 0.0363742809181098 0.0227933305352086 0.0307162164402549 0.0391805657296977 0.0432544041183573 0.0594623497634746 0.0854093536192914 0.117361782211085 0.142914732321834 0.137614849342275 0.136510159997469 0.139455055727087 0.125198613087067 0.11146836932282 0.122102456964222 0.126361202814962 0.1232230400062 0.124751490099574 0.127884218729574 0.133705035816897 0.139509163194907 0.145289956413999 0.145417715745153 0.143665210845081 0.144727456417991 0.148369395528376 0.156383574641067 0.163004639266259 0.168975065479488 0.171865580019578
-9999 -9999 -9999 -9999 -9999 -9999 -9999 -9999 -9999 -9999 -9999 -9999 -9999 -9999 -9999 -9999 -9999 -9999 -9999 -9999 0.111071834360058 0.105893359899697 0.0960104087324881 0.0835560515355499 0.0744753989426666 0.0661891118448579 0.0596048528369943 0.0540638150755221 0.0492163280428755 0.0510906738542522 0.053619733816123 0.0563416784804372 0.0647664369560481 0.0777683789441454 0.111961306669714 0.139343030194124 0.124737930418088 0.117914136214152 0.118601570727589 0.110250599679579 0.102455484080204 0.109111376566962 0.114571959281713 0.118645699142592 0.122440807248753 0.126262713283537 0.131040188315968 0.135213926068851 0.138543568735321 0.141707216267989 0.144598056756486 0.143687323753961 0.146192293878943 0.154486429900234 0.154958641712458 0.151957218271128 0.156658947290493
-9999 -9999 -9999 -9999 -9999 -9999 -9999 -9999 -9999 -9999 -9999 -9999 -9999 -9999 -9999 -9999 -9999 -9999 -9999 -9999 0.113282005669436 0.11483041960091 0.105009649214167 0.0889746299468998 0.0733132509839444 0.0605599078335755 0.0551525888893201 0.0534327745489761 0.0541644742229765 0.0567571053928302 0.0592940492108229 0.0611203955828725 0.0669744538061865 0.0760612278236117 0.0966320349844426 0.114153563961104 0.111643548788531 0.111478270896662 0.113576348149288 0.110778726411367 0.107980096872661 0.111225986918579 0.114877135521334 0.118998480174249 0.120344017230492 0.121126706617957 0.123874052404026 0.128343053790832 0.135219130377914 0.136899243783314 0.13691053988518 0.140569689988297 0.143816242970944 0.146363498301082 0.149110709067429 0.151932517461653 0.152580010476958
-9999 -9999 -9999 -9999 -9999 -9999 -9999 -9999 -9999 -9999 -9999 -9999 -9999 -9999 -9999 -9999 -9999 -9999 -9999 -9999 0.138125483808558 0.128159341541323 0.113733685872133 0.0968705179425972 0.0749699376237435 0.0577307699968072 0.0527916620762559 0.0534147101518102 0.057735571474827 0.0608890249793844 0.0633511032192667 0.0639170617708431 0.0675769932398337 0.0737202044185028 0.0851633742465879 0.0963166548288168 0.102964028389766 0.107571795546921 0.110210747824571 0.110791867361333 0.111046815511424 0.111919911936633 0.1140143877995 0.117525953511916 0.117946788728889 0.117598172638605 0.118137480361855 0.121891238323778 0.130139172384984 0.131675623041838 0.131180662292091 0.137613774348262 0.141473492121966 0.140971646299043 0.145516568448096 0.152274526116213 0.150138095480041
-9999 -9999 -9999 -9999 -9999 -9999 -9999 -9999 -9999 -9999 -9999 -9999 -9999 -9999 -9999 -9999 -9999 -9999 -9999 0.141399937080438 0.139304265886701 0.132925870616418 0.122025818553632 0.108654287458187 0.0810504940182422 0.0592960468117847 0.0537128728889803 0.0543586484775214 0.059145532664411 0.0626126865516714 0.0648700325233186 0.0636031037677474 0.0656599016925091 0.07038438393323 0.0797535436415469 0.0900188246459273 0.101213176696976 0.107634936499617 0.109449753210206 0.109996791317827 0.110256123143354 0.110384218061335 0.111318704050991 0.113188794953587 0.115078053058933 0.116592401009994 0.114644461158581 0.116097089238605 0.122304107645654 0.125799685292185 0.128523097348374 0.134911658603098 0.139183002276172 0.139865941640905 0.145459521626704 0.153192047398422 0.150265317141979
-9999 -9999 -9999 -9999 -9999 -9999 -9999 -9999 -9999 -9999 -9999 -9999 -9999 -9999 -9999 -9999 -9999 -9999 0.144458679092491 0.144169143056401 0.141273418242539 0.133051673077804 0.11839433552951 0.100219386546158 0.0773024048080486 0.0589994304545078 0.0528486942436646 0.0540124077530857 0.0600388883428313 0.0641102162341886 0.0667706616781636 0.0654398182001496 0.0653834755805628 0.066350070848986 0.0778748446165487 0.0894610326283556 0.0947805116991287 0.0999014567172064 0.10483075848671 0.106985520487145 0.108362744075892 0.108579893005279 0.108570059149358 0.108296871423898 0.109874689028121 0.111635908190668 0.110339662197994 0.111369930756618 0.115652937828748 0.119480823813072 0.123249526450767 0.128890590623323 0.133587286523689 0.136683402868155 0.141257883928277 0.146465053525752 0.146896923464769
-9999 -9999 -9999 -9999 -9999 -9999 -9999 -9999 -9999 -9999 -9999 -9999 -9999 -9999 -9999 -9999 -9999 -9999 -9999 0.147523519016733 0.143513128727383 0.131307084892821 0.109976804617094 0.0836593348910837 0.0695074735255106 0.0578260604453868 0.0512820706432607 0.0531777050334113 0.0606841410917741 0.0655300776800855 0.0688811766337791 0.0681715631720504 0.0658326737759189 0.0621860974745149 0.0773191723534501 0.090940624590445 0.0865415169964599 0.0891828881880566 0.0986203742408823 0.103025256352976 0.105961514374708 0.10644957104748 0.105613960211596 0.103242581101856 0.10383552920896 0.105178594704963 0.105780530060924 0.107142852084309 0.109568283296889 0.113086703068975 0.117033184448368 0.121587191752335 0.126673966942886 0.132663713370845 0.135421121350464 0.136749293773389 0.142125783526374
-9999 -9999 -9999 -9999 -9999 -9999 -9999 -9999 -9999 -9999 -9999 -9999 -9999 -9999 -9999 -9999 -9999 -9999 -9999 -9999 0.143566425032083 0.131522594095629 0.107353052265325 0.0765557539277306 0.062562519611316 0.0525620821587483 0.0511310089374285 0.0541050544092632 0.0600076956039788 0.0675654866327349 0.0729939937667336 0.0710845693531104 0.0680738747113166 0.0641792802793545 0.0714058453609941 0.0793387638302704 0.0833921234125939 0.0878275377339427 0.092631746276362 0.097847723876255 0.101577637422108 0.0960278587356598 0.0954959731227416 0.100786033680995 0.102841452212081 0.103920963792328 0.104376273034186 0.105168894353502 0.106433117273077 0.110865596687163 0.116229008855079 0.117821645544773 0.121717521270348 0.129517083112609 0.132697728299874 0.133824059544994 0.139067354728852
-9999 -9999 -9999 -9999 -9999 -9999 -9999 -9999 -9999 -9999 -9999 -9999 -9999 -9999 -9999 -9999 -9999 -9999 -9999 -9999 0.139258990895676 0.134558898859227 0.110710108597788 0.0763948879243224 0.0630390269808957 0.0541088462055414 0.0544598133392222 0.0576516554250045 0.0627321581380006 0.0702251316821722 0.0755794318101734 0.073349413868791 0.0697851340308105 0.0651499509937199 0.0664075089042679 0.0695948152551617 0.0773232460271146 0.0824792484178151 0.0851521073627771 0.089437007831225 0.0926977103415208 0.0879212833981152 0.0889438676110301 0.0966946802463916 0.10018771480373 0.102159737319436 0.101157652608955 0.100715031844404 0.101054606885517 0.106603588086482 0.113673604189877 0.114371237957371 0.117723445180452 0.125574803982185 0.129192117419542 0.130922774123448 0.135937399685002
