layers/veg50/veg4200.asc
NCOLS 255 
NROWS 330 
XLLCORNER -2985163.8955 
YLLCORNER -3022031.214 
CELLSIZE 25000 
NODATA_value -9999 
[rows 150 to 174 of 330, columns 57 to 113 of 255]
-9999 -9999 -9999 -9999 -9999 -9999 -9999 -9999 -9999 -9999 -9999 -9999 -9999 -9999 -9999 -9999 -9999 -9999 -9999 -9999 0.558276912720435 0.571748079399609 0.513919690692739 0.417119888572368 0.231945877869218 0.0906243389523391 0.0688323620553891 0.0853276415084509 0.127276921863177 0.126721023992822 0.121697509786237 0.114398109836678 0.106703621711229 0.0986920285312389 0.0507243924551993 0.00637974087819399 0.00210139409356701 0.000332596521175388 0.000986245662377437 0.0733537376740191 0.149060640745428 0.155847572466806 0.151734382189691 0.134974464968713 0.171013960490955 0.223885720370912 0.295162492839175 0.336112867447457 0.33466340310351 0.356229481318933 0.384624608732012 0.386811880755235 0.382626815617306 0.367641480199432 0.365238398704435 0.368456176198092 0.363907299718814
-9999 -9999 -9999 -9999 -9999 -9999 -9999 -9999 -9999 -9999 -9999 -9999 -9999 -9999 -9999 -9999 -9999 -9999 -9999 -9999 0.552133867455661 0.546908031008068 0.509677840571473 0.454954484804684 0.28324001353389 0.137687043791269 0.0694271877069133 0.0670871026225303 0.108571570938675 0.109599276969968 0.103788878019063 0.0874747033029243 0.0862950842856749 0.097262738720794 0.0655407741461699 0.0308841568484849 0.0101727932255104 0.00309301636806449 0.00917169537999291 0.0627845892867598 0.118986606008688 0.131723402520595 0.150942890641889 0.177683838674963 0.206877107433881 0.238503220824294 0.28601604799454 0.314663873696219 0.316936228503073 0.348993285844067 0.38936749830629 0.386536235723051 0.381234104036004 0.371744175395874 0.368795148770518 0.368784956167608 0.367079796419734
-9999 -9999 -9999 -9999 -9999 -9999 -9999 -9999 -9999 -9999 -9999 -9999 -9999 -9999 -9999 -9999 -9999 -9999 -9999 -9999 -9999 0.527403643656904 0.511692954634412 0.487395006496609 0.319373178395016 0.167745528209733 0.0711099211085023 0.0541611884593076 0.0901896071528544 0.0962161316367547 0.0946979325085687 0.0774141235055705 0.0793473525892222 0.0967045307617954 0.0733298566694925 0.0439827387208158 0.0144872760714676 0.00609739475428667 0.0180805532991341 0.0553082117927203 0.0933841753117665 0.105267838154778 0.130053605291988 0.169808873690971 0.209538788420086 0.248773813635085 0.283567909856357 0.306053950372921 0.311331894428304 0.34704024839927 0.390942557177051 0.385284879851963 0.379778409117159 0.374528213592202 0.371988112851118 0.370709458480342 0.374827323696799
-9999 -9999 -9999 -9999 -9999 -9999 -9999 -9999 -9999 -9999 -9999 -9999 -9999 -9999 -9999 -9999 -9999 -9999 -9999 -9999 -9999 -9999 0.521719636627155 0.512928824981274 0.336093870386152 0.17603139846879 0.0741856378458447 0.0480402480395489 0.0722217160631351 0.0876199821240786 0.0968973652628907 0.0889451139825392 0.0896351613743375 0.0972616770256796 0.0721210157610675 0.0424770153771198 0.0139913126457737 0.00941414354129465 0.0279156805362506 0.0517918927827775 0.0735072943328086 0.0758271001146432 0.083430619773053 0.0971645007848294 0.169688511202534 0.253478521004001 0.289696445263608 0.313883482648336 0.32124993790186 0.351851893985362 0.388461449171324 0.382784200277621 0.378242068813057 0.375623811544745 0.374715276577295 0.374677162188102 0.388432830524751
-9999 -9999 -9999 -9999 -9999 -9999 -9999 -9999 -9999 -9999 -9999 -9999 -9999 -9999 -9999 -9999 -9999 -9999 -9999 -9999 -9999 -9999 0.531118152107082 0.530363670695365 0.363518267354015 0.208283666192649 0.0979831735920494 0.0574983446188935 0.0634281228632815 0.0851282635502897 0.101414681961614 0.0957449467945966 0.0936494348168278 0.0944226602716874 0.0691912260298513 0.0428723248051193 0.0280178000672989 0.0238324343188888 0.0299459178636886 0.0585319316928627 0.0853556170817815 0.0740047652502615 0.0933319775833484 0.148253020949675 0.220461491031485 0.291666215003789 0.309582560868922 0.320162804633789 0.320486322590847 0.347499162248388 0.382116697776676 0.380730464195009 0.379347339825322 0.377969485159498 0.383802012138156 0.392930907626851 0.408091827182687
-9999 -9999 -9999 -9999 -9999 -9999 -9999 -9999 -9999 -9999 -9999 -9999 -9999 -9999 -9999 -9999 -9999 -9999 -9999 -9999 -9999 -9999 0.534074350858353 0.542556055381723 0.396625711864248 0.254183851399461 0.134973599810302 0.0760246589926903 0.0571384336826088 0.0831164378770803 0.104375333416172 0.0976154668378209 0.093012483205315 0.0901406535933963 0.0665184581714436 0.0451218174859693 0.0459918410703996 0.0407218685244526 0.0295250094384878 0.0682819469772372 0.106842117465263 0.0825043583426334 0.121135178543769 0.232824486426114 0.295283333246915 0.338673244530146 0.334179920675852 0.327335589947782 0.317204277584638 0.340858928312972 0.375018530213253 0.379277166749714 0.381699707598083 0.381010308636967 0.395019594271883 0.415609016390931 0.429047881514125
-9999 -9999 -9999 -9999 -9999 -9999 -9999 -9999 -9999 -9999 -9999 -9999 -9999 -9999 -9999 -9999 -9999 -9999 -9999 -9999 -9999 -9999 0.526918790004664 0.524333796799441 0.457514391837678 0.373744868840719 0.252935644445848 0.144872724739364 0.0452837590834154 0.0626810762631055 0.0787603784963265 0.057206382029699 0.0597068512449611 0.0815138781287758 0.073908337474803 0.0627901954263998 0.0549582233003401 0.0439429464684446 0.0298548524208427 0.0744260921364531 0.121241086247336 0.108803238267444 0.145365683979456 0.238780092869148 0.306638711942442 0.361410622929462 0.362301917143187 0.351787588837491 0.325326870848254 0.34242967598027 0.37400039290263 0.383490554264311 0.388979187446201 0.387685758602553 0.407283551574245 0.436140970739259 0.441925118614468
-9999 -9999 -9999 -9999 -9999 -9999 -9999 -9999 -9999 -9999 -9999 -9999 -9999 -9999 -9999 -9999 -9999 -9999 -9999 -9999 -9999 -9999 0.523287773563204 0.51916046640939 0.498425986469235 0.450066655788987 0.333139690559246 0.191268823042112 0.0328148369669384 0.0454741193390533 0.0616661108544873 0.0404195427779296 0.0442368405306283 0.0681708591213094 0.0711851928840287 0.0685346775115985 0.0547922566026075 0.0398424428448763 0.023727142941591 0.0712332149606405 0.123907791871133 0.12845904301945 0.164573769946356 0.237309615391584 0.307800556281495 0.371851331343103 0.383001367469776 0.376390060300797 0.344946325001451 0.353494734053536 0.375903891773863 0.388376983120001 0.398600404832366 0.405010933492954 0.425025829210707 0.451000183840905 0.452144582774804
-9999 -9999 -9999 -9999 -9999 -9999 -9999 -9999 -9999 -9999 -9999 -9999 -9999 -9999 -9999 -9999 -9999 -9999 -9999 -9999 -9999 -9999 0.52923941585085 0.534316841566037 0.508430169819878 0.45949116230587 0.35492670688592 0.20292851310614 0.0193955859951718 0.033261966703268 0.0577545663972651 0.0601796995615907 0.0563610895327464 0.0475311360959575 0.0528157523776773 0.0558311854823782 0.040497238572408 0.0244144042549828 0.00760867523192807 0.0535946273866796 0.108423006600076 0.137837059344256 0.17601145390062 0.224349922845224 0.293191543492495 0.363267330689887 0.392217076179527 0.401225334379652 0.382353069035665 0.379248849690713 0.38232758012922 0.39430470329433 0.411844625472599 0.438812757636586 0.451243852772915 0.457082854028462 0.458252091665274
-9999 -9999 -9999 -9999 -9999 -9999 -9999 -9999 -9999 -9999 -9999 -9999 -9999 -9999 -9999 -9999 -9999 -9999 -9999 -9999 -9999 -9999 0.543164783291813 0.542754347461034 0.51507205137337 0.468886928996797 0.378279566697237 0.221471258681152 0.0206514676652189 0.025564541536377 0.0435988748036187 0.0452326054937896 0.0453675548609151 0.0442995547038816 0.0415406773192092 0.0365460896154509 0.0231151591514688 0.011521179940392 0.00170039429887609 0.047568778699506 0.100342482059765 0.125046794741655 0.163046770873137 0.216472870235875 0.274098597490442 0.330810674390697 0.368479192309413 0.388932455937479 0.38531678751449 0.388540718943397 0.39488278675274 0.412871118802178 0.432906731721433 0.456412215454772 0.455557198669278 0.443806160245627 0.445215471922976
-9999 -9999 -9999 -9999 -9999 -9999 -9999 -9999 -9999 -9999 -9999 -9999 -9999 -9999 -9999 -9999 -9999 -9999 -9999 -9999 -9999 -9999 0.513145356242714 0.544878201190457 0.519118093809159 0.477380509076671 0.400444149396472 0.242014052876887 0.029405573032401 0.0204697377707642 0.0253572919869156 0.016696085583102 0.0251096937248484 0.0472278628434736 0.0328259439301377 0.0149511075237951 0.00492467792072493 0.000176209204984243 0.000522511671115898 0.0463580597322899 0.0948253820693725 0.102606539103582 0.139425057791445 0.209933803437749 0.253643123717775 0.290442680083385 0.332775161151389 0.36273299481656 0.375389629064865 0.391988269021728 0.410439523703337 0.436593387817917 0.456731272381589 0.466672865772135 0.450771058256461 0.423416157631147 0.424811402726836
-9999 -9999 -9999 -9999 -9999 -9999 -9999 -9999 -9999 -9999 -9999 -9999 -9999 -9999 -9999 -9999 -9999 -9999 -9999 -9999 -9999 -9999 0.487887330915571 0.48055644106571 0.48157716794674 0.455684450387241 0.360705744715345 0.235338942469012 0.0897696313112431 0.0412819273692982 0.0100201106530551 0.00659757457941036 0.00992227047419463 0.0186624191511894 0.0129714005202403 0.00590803433787229 0.00194602080229165 0.00632635631823301 0.0187594910958831 0.0480717586501242 0.0739947035866694 0.0590532748947779 0.0913920320539817 0.178587019299098 0.248897835707577 0.31143630555875 0.346332109508159 0.377641089122712 0.403935270248834 0.424569566497026 0.443106531828806 0.460627543488162 0.466278838655409 0.451812531282312 0.439896214978436 0.429134347580009 0.418928066029409
-9999 -9999 -9999 -9999 -9999 -9999 -9999 -9999 -9999 -9999 -9999 -9999 -9999 -9999 -9999 -9999 -9999 -9999 -9999 -9999 -9999 -9999 0.428568043159392 0.432542287079451 0.453339084552563 0.43864931299255 0.332325571941405 0.230774051971442 0.132395183460043 0.0564510446656446 0 0 0 0 0 0 0 0.00962656128048293 0.0285455610688133 0.0475491685830646 0.059444685183795 0.0292834576773192 0.0572930836978344 0.152794697491418 0.246053397539646 0.332461649950728 0.362228703730885 0.393659250186662 0.427415553294127 0.444951499387264 0.456614596674194 0.467825562571831 0.464281854438865 0.435730921579234 0.426899623100981 0.426856215046237 0.411654400630275
-9999 -9999 -9999 -9999 -9999 -9999 -9999 -9999 -9999 -9999 -9999 -9999 -9999 -9999 -9999 -9999 -9999 -9999 -9999 -9999 -9999 -9999 0.423369488607776 0.419303715396449 0.442632366926425 0.430397761508621 0.325350181493182 0.230185906992765 0.141592217367666 0.0609856956767799 0 0 0 0 0 0 0 0.00755600150738636 0.0224057476164866 0.0428122536694803 0.056730678139825 0.0254887820979772 0.0494531425264231 0.13746985496241 0.246791143415857 0.353546769183653 0.382534400610545 0.41176935104475 0.441350082277859 0.442343521031722 0.434017305170821 0.443295594255133 0.440528967339401 0.417347797845351 0.409904559692761 0.409508876006947 0.401760637009481
-9999 -9999 -9999 -9999 -9999 -9999 -9999 -9999 -9999 -9999 -9999 -9999 -9999 -9999 -9999 -9999 -9999 -9999 -9999 -9999 -9999 -9999 0.41462061615615 0.414621294745561 0.427807638029232 0.412651544221755 0.324332464389625 0.247661809508488 0.178735220080749 0.0880779770666341 0.0149625460906278 0.0046096443211925 0 0 0 0 0 0.00651201868587406 0.0193100341505898 0.0312644502510537 0.0387426360677223 0.0208445503932934 0.0553225283598535 0.150569163351858 0.269888545976125 0.385071274920285 0.401113503943683 0.418204276697332 0.436761035800638 0.440147856759726 0.437903451587723 0.432760322972442 0.424505047525344 0.410975094030852 0.404844536812254 0.402036828233935 0.3970738880332
-9999 -9999 -9999 -9999 -9999 -9999 -9999 -9999 -9999 -9999 -9999 -9999 -9999 -9999 -9999 -9999 -9999 -9999 -9999 -9999 -9999 -9999 0.414618127137729 0.414614956243491 0.410905680862332 0.390115979135891 0.326319947291277 0.274249671086692 0.229974871055837 0.126548893539307 0.0374725760710404 0.0115445089652571 0 0 0 0 0 0.00598586705143224 0.0177498411413929 0.016281063680264 0.0130499872656827 0.0157717812504858 0.0681072429135507 0.178006327066092 0.304264720717403 0.421861669295036 0.418821670145024 0.41874995086556 0.422828232817944 0.438160174062808 0.455148508970628 0.429284328217077 0.412379812849361 0.410660747550863 0.405804848008665 0.39954612529941 0.395013687968132
-9999 -9999 -9999 -9999 -9999 -9999 -9999 -9999 -9999 -9999 -9999 -9999 -9999 -9999 -9999 -9999 -9999 -9999 -9999 -9999 -9999 -9999 0.402922380149168 0.401822003465104 0.396924224201009 0.377463944565024 0.321396522010081 0.259597337270603 0.19398758228604 0.149564502228853 0.100609433869254 0.0309956408945866 0 0 0 0 0 0.00248470346564607 0.00736787025500903 0.00666090506485788 0.00524078796482864 0.00652032492683295 0.0552292781129633 0.158967604014025 0.294674612303653 0.425181657296184 0.426702192541128 0.427275946343224 0.426525989334528 0.431449212371153 0.437339648414004 0.423987085352705 0.414095375495507 0.410069354954217 0.400109990238684 0.387538858612813 0.384037300962054
-9999 -9999 -9999 -9999 -9999 -9999 -9999 -9999 -9999 -9999 -9999 -9999 -9999 -9999 -9999 -9999 -9999 -9999 -9999 -9999 -9999 -9999 0.401801188666733 0.397161661770614 0.38900666104966 0.369819862653992 0.322960860544887 0.249802628759745 0.15916023436532 0.167178782976206 0.156611475110506 0.0579622100473512 0.00940830831332289 0.00106186883729214 0 0 0 0.000256048119392794 0.000759257331431554 0.000430301810803285 0 0 0.0455260960981251 0.143873262112037 0.284102293957784 0.421795895916941 0.429445011413982 0.432494130971195 0.429111920044317 0.426189759372704 0.423229878372494 0.416636116975775 0.410381043144818 0.404700000027894 0.393287083760889 0.379360588307876 0.375519018018018
-9999 -9999 -9999 -9999 -9999 -9999 -9999 -9999 -9999 -9999 -9999 -9999 -9999 -9999 -9999 -9999 -9999 -9999 -9999 -9999 -9999 -9999 0.407354138580555 0.41130273209244 0.395067787563993 0.373415069243272 0.339890956360027 0.252986091699468 0.130592820884915 0.172866818605824 0.194366141944881 0.101890190995159 0.0406900620001781 0.00459248436451523 0 0 0 0.00110738439963412 0.00328371763139299 0.00186101547454397 0 0 0.044252298357578 0.139847759116822 0.273042430457951 0.404187138692418 0.420644600101624 0.429695969396286 0.428392758685375 0.42449787336076 0.419152087184647 0.404584824138236 0.39347731782454 0.388233642452493 0.384113429042053 0.380473127072504 0.373079821370881
-9999 -9999 -9999 -9999 -9999 -9999 -9999 -9999 -9999 -9999 -9999 -9999 -9999 -9999 -9999 -9999 -9999 -9999 -9999 -9999 -9999 -9999 0.520430407897726 0.427142542012837 0.392428757690095 0.361807503153044 0.336119463259933 0.257947237569679 0.144882657609093 0.188377011784743 0.213116935112314 0.13270942668537 0.0649456968737262 0.00733009690262522 0 0 0 0.00141368881138661 0.00419199952318904 0.00237577552568864 0.00495835611154939 0.0391810883666992 0.0906137529695196 0.162014021160026 0.278795546964946 0.397330095218404 0.415927007030295 0.424622802814173 0.419475684349768 0.41422541766292 0.408613393883999 0.397207539423467 0.387873910395147 0.382052429921254 0.375421352158559 0.368432158792534 0.362437742886123
-9999 -9999 -9999 -9999 -9999 -9999 -9999 -9999 -9999 -9999 -9999 -9999 -9999 -9999 -9999 -9999 -9999 -9999 -9999 -9999 -9999 0.580748943527867 0.524712189513206 0.438046471611856 0.384429877929838 0.340834061809259 0.319594474240518 0.264003549230915 0.185575287270351 0.209938278953047 0.220160132971241 0.155452841247323 0.0848727955184329 0.00957916914428382 0 0 0 0.00138421891426193 0.00410461268550591 0.00232624987352993 0.0129713750653625 0.102500220080956 0.1663215538441 0.200316076929261 0.294906528889261 0.397096791497136 0.413724689766513 0.418148088399445 0.40550817402478 0.398666785096114 0.394094373804176 0.39270974109811 0.389232217774146 0.382207521134015 0.367025957862234 0.348287793275526 0.346742167277491
-9999 -9999 -9999 -9999 -9999 -9999 -9999 -9999 -9999 -9999 -9999 -9999 -9999 -9999 -9999 -9999 -9999 -9999 -9999 -9999 0.527859960822935 0.524354938403837 0.485742808094402 0.427941587363029 0.393028732932365 0.351753034936914 0.292196783696409 0.232268305799326 0.172092365468124 0.165050970716489 0.148301140473843 0.0850850388385754 0.0381586840246335 0.00430678035715059 0 0 0 0.000612420278836968 0.00181600469367638 0.00102920324344166 0.0198884431438707 0.157159112973144 0.247977628054885 0.284900625533493 0.324050587916391 0.36268407023989 0.390927923183289 0.406783948813518 0.405320347976026 0.400033129479203 0.39345670635258 0.388473079210792 0.379196599488852 0.362644301340315 0.347877255534333 0.334048902324838 0.338776030348773
-9999 -9999 -9999 -9999 -9999 -9999 -9999 -9999 -9999 -9999 -9999 -9999 -9999 -9999 -9999 -9999 -9999 -9999 -9999 -9999 -9999 0.477274182672078 0.453002949699698 0.415465375175807 0.393848788764085 0.354040805001448 0.266579249941749 0.200583495758638 0.14885856082339 0.120865129373255 0.08687239251256 0.0267635486894014 0 0 0 0 0 0 0 0 0.0246494899561813 0.194781056955066 0.306065596152705 0.349073625035769 0.339928508319827 0.323005290272491 0.368459424877283 0.397504354639836 0.403607303430649 0.399583732085015 0.391744263969274 0.38095522997071 0.365631505628105 0.342622079773958 0.331278397336593 0.325301191913404 0.333713510287445
-9999 -9999 -9999 -9999 -9999 -9999 -9999 -9999 -9999 -9999 -9999 -9999 -9999 -9999 -9999 -9999 -9999 -9999 -9999 -9999 -9999 -9999 0.447007973457289 0.400198646331278 0.368650325074784 0.324801292994316 0.248311148986156 0.176499199238951 0.107797390365981 0.0918350058271883 0.0715023367909402 0.0220283592607816 0 0 0 0 0 0 0 0 0.0233224694356159 0.184294898415629 0.294067350282849 0.344435684456064 0.314445934574691 0.27466923797092 0.351012308838247 0.395284235972898 0.394716966063524 0.390487254348985 0.384151574985185 0.363791691031476 0.343993275837769 0.325146476073128 0.324255991104481 0.331445044200239 0.335616806006789
-9999 -9999 -9999 -9999 -9999 -9999 -9999 -9999 -9999 -9999 -9999 -9999 -9999 -9999 -9999 -9999 -9999 -9999 -9999 -9999 -9999 -9999 0.470339279763461 0.323379271535589 0.314359491996785 0.292044316469447 0.22314056628087 0.152126487993706 0.0797094287033279 0.0607193413621249 0.0428200748159633 0.0131919603463799 0 0 0 0 0 0 0 0.0154170938478174 0.0525755752971413 0.198998833590716 0.295016300190267 0.332551092556297 0.312545035500216 0.286417273338806 0.351506881372975 0.388848354526058 0.387394700885156 0.381852054028495 0.374077512497972 0.352775853099519 0.333179663260491 0.316474019186731 0.32003554534606 0.332666226638849 0.33490599520563
