layers/veg50/veg4700.asc
NCOLS 255 
NROWS 330 
XLLCORNER -2985163.8955 
YLLCORNER -3022031.214 
CELLSIZE 25000 
NODATA_value -9999 
[rows 175 to 199 of 330, columns 57 to 113 of 255]
-9999 -9999 -9999 -9999 -9999 -9999 -9999 -9999 -9999 -9999 -9999 -9999 -9999 -9999 -9999 -9999 -9999 -9999 -9999 -9999 -9999 0.567968416309896 0.434792579994473 0.228824556608091 0.274066693381468 0.294634169693288 0.229184877630214 0.158772746922282 0.0850612390485854 0.0391035046974687 0.00506941976336194 0.00156178112216876 0.00586425666156392 0.0164352738438954 0.00855403444204954 0 0 0 0 0.0337740981767483 0.0870485413837056 0.213674110120388 0.285145473649697 0.292624876982616 0.309756832520684 0.329059910711373 0.343478414964849 0.352056007411858 0.352467324356193 0.349104071360744 0.342059812615783 0.293597392460619 0.262518132227 0.260901033320432 0.261747210154842 0.263718125261949 0.267555235002094
-9999 -9999 -9999 -9999 -9999 -9999 -9999 -9999 -9999 -9999 -9999 -9999 -9999 -9999 -9999 -9999 -9999 -9999 -9999 -9999 -9999 -9999 0.436383164294668 0.23287511798374 0.245713846422237 0.245410463158257 0.191606981904746 0.122375826335306 0.0428880978644723 0.0165297770111708 0 0 0.00294943373375074 0.00826613736338219 0.00430226014976606 0 0 0.0015153700287176 0.00449351398035639 0.0254604968031811 0.0669878146737646 0.207630946388109 0.282717169385729 0.281741828674362 0.305391945359697 0.333217136119313 0.33616368763185 0.33474266750832 0.327215273167959 0.311540254046571 0.292650844832652 0.268814464791162 0.254687506789539 0.257016737410814 0.259973674706711 0.263207128680617 0.26551030554471
-9999 -9999 -9999 -9999 -9999 -9999 -9999 -9999 -9999 -9999 -9999 -9999 -9999 -9999 -9999 -9999 -9999 -9999 -9999 -9999 -9999 -9999 0.259528168399235 0.248123612600886 0.228856656608985 0.201260617834689 0.153256819757877 0.0862019946055424 0.00648173174398928 0 0 0 0 0 0 0 0 0.00624870811208432 0.0185292415243155 0.0257379543030124 0.0523429162205828 0.199693291921755 0.277923230566016 0.275957067384995 0.29998037452289 0.327892791487716 0.3248395192554 0.315947766760371 0.298893138344244 0.274426163755812 0.248776383460209 0.249713119953277 0.251521650860988 0.254807758216489 0.258283812082464 0.261829421846753 0.263127460083627
-9999 -9999 -9999 -9999 -9999 -9999 -9999 -9999 -9999 -9999 -9999 -9999 -9999 -9999 -9999 -9999 -9999 -9999 -9999 -9999 -9999 -9999 0.271194758674751 0.277833600276328 0.234739058220318 0.18345517287436 0.116016877999047 0.0572719103431563 0.00430641032158062 0 0 0 0 0 0 0 0 0.0224639845539964 0.0666122641565747 0.0723570376300762 0.0871187414459207 0.202560555297705 0.272708202245396 0.29030387215421 0.303043610550171 0.312731525979902 0.307035804565866 0.290892353337217 0.260141758075132 0.247844400542769 0.242705108771193 0.246590786341152 0.250232121341172 0.253459327940653 0.255406502574976 0.256791817058116 0.260355198134586
-9999 -9999 -9999 -9999 -9999 -9999 -9999 -9999 -9999 -9999 -9999 -9999 -9999 -9999 -9999 -9999 -9999 -9999 -9999 -9999 -9999 -9999 0.323646087505179 0.315552942384734 0.246845331876994 0.17640340956966 0.107203591660827 0.0511538046286779 0.00384637549055285 0 0 0 0 0 0 0 0 0.0271070446281445 0.0803802910803188 0.0989931539977825 0.12028913660903 0.200256848178742 0.256342856767628 0.284720425341376 0.294016388050125 0.296230030476287 0.282695257470399 0.263826211188566 0.237499229121828 0.233238488763812 0.237005570051091 0.242072726566962 0.246543571355105 0.250003746483481 0.251849963772553 0.252986954867426 0.256759946596764
-9999 -9999 -9999 -9999 -9999 -9999 -9999 -9999 -9999 -9999 -9999 -9999 -9999 -9999 -9999 -9999 -9999 -9999 -9999 -9999 -9999 -9999 0.340309521378703 0.357987827241533 0.264538833795271 0.179005327064442 0.123909180291702 0.0655142258371987 0.00492616950727206 0 0 0 0 0 0 0 0 0.0213616176208963 0.0633434247764266 0.107690373657376 0.152018322160123 0.193311112387181 0.229967767083626 0.261245404908656 0.27413544762538 0.27852539794559 0.252486534664748 0.234955019019659 0.229317766957472 0.229383411047922 0.231639742193974 0.236301710337157 0.240701398214267 0.244656555663835 0.247683674466729 0.250288737259456 0.252425889592514
-9999 -9999 -9999 -9999 -9999 -9999 -9999 -9999 -9999 -9999 -9999 -9999 -9999 -9999 -9999 -9999 -9999 -9999 -9999 -9999 -9999 -9999 0.349459559522752 0.349414843620028 0.272452232062427 0.19638775765066 0.129764782725873 0.0663194692621774 0.00498671766388035 0 0 0 0 0 0 0 0 0.0101868905431028 0.0302071007109268 0.082511239413259 0.14205126409687 0.204398847356073 0.236229055240472 0.232651869201955 0.238538691276502 0.245183108019007 0.234555124213028 0.227691144734558 0.22608968202576 0.226373923666111 0.227506145113611 0.231640388296287 0.235076220597306 0.237328338650697 0.241663323551001 0.246939983606565 0.252490242976606
-9999 -9999 -9999 -9999 -9999 -9999 -9999 -9999 -9999 -9999 -9999 -9999 -9999 -9999 -9999 -9999 -9999 -9999 -9999 -9999 -9999 -9999 0.340542177855969 0.335750921293237 0.276292028486109 0.210093194906965 0.131878081722779 0.0647020955586479 0.00486510351186412 0 0 0 0 0 0 5.3109310234279e-05 0.000331455485348234 0.00170515333980833 0.00413618494286539 0.0531474967049504 0.116893721297025 0.210038509538663 0.243010499038192 0.206167769469015 0.205284582335198 0.214203498445803 0.220528786916965 0.224126354851515 0.223910251541854 0.224050418834298 0.224475324652775 0.227690315841292 0.229604763661342 0.22931496215575 0.23411156089536 0.24121020818342 0.249319541595318
-9999 -9999 -9999 -9999 -9999 -9999 -9999 -9999 -9999 -9999 -9999 -9999 -9999 -9999 -9999 -9999 -9999 -9999 -9999 -9999 -9999 -9999 0.345111562121954 0.347387256076647 0.26842805856043 0.19099440461519 0.124996618064752 0.0634146138479958 0.0047682947186114 0 0 0 0 0 0 0.00037892210854325 0.00236485487840726 0.0121658574750742 0.0295106811397411 0.0342094963352483 0.0530160093571537 0.170715480084425 0.221718220131058 0.19533693263351 0.198864244333984 0.210086896117665 0.214988404897712 0.219200629915553 0.222449155893209 0.22445269347658 0.225946191938288 0.226346968027531 0.224718208029566 0.219649652281563 0.220442958763039 0.223867288168603 0.225394160233714
-9999 -9999 -9999 -9999 -9999 -9999 -9999 -9999 -9999 -9999 -9999 -9999 -9999 -9999 -9999 -9999 -9999 -9999 -9999 -9999 -9999 -9999 0.330488667021175 0.337539180727504 0.241148846973456 0.152544592475491 0.0933335530767101 0.0448013907710167 0.00336872247636711 0 0 0 0 0 0 0.000949086607714243 0.00592325452561405 0.021406064786666 0.0470327789745211 0.0392219196300819 0.0423362737626718 0.151256218390973 0.20310946192997 0.188751796420134 0.195992842121538 0.208365188110547 0.212294693484021 0.216821617677616 0.222183803014891 0.224432489191766 0.225353156760077 0.222603961617096 0.218786244488545 0.213157523649363 0.211298600099986 0.211135590968806 0.210293776834863
-9999 -9999 -9999 -9999 -9999 -9999 -9999 -9999 -9999 -9999 -9999 -9999 -9999 -9999 -9999 -9999 -9999 -9999 -9999 -9999 -9999 -9999 0.317823819123836 0.305287043123001 0.192923306502113 0.0932177356434649 0.0349346080622782 0.00749611723411245 0.000563650774617782 0 0 0 0 0 0 0.00178287239880631 0.0111269160464241 0.0293295268155056 0.0560832378004797 0.0700734985609429 0.0890497103961055 0.153227182478823 0.187395847052742 0.186747177056721 0.196950245005513 0.209227235946727 0.212672141305417 0.217190152067088 0.22320848925972 0.223956489264126 0.222533459635309 0.216272059376624 0.211726432102406 0.210088813538749 0.207035267041119 0.203378757915823 0.204714331313402
-9999 -9999 -9999 -9999 -9999 -9999 -9999 -9999 -9999 -9999 -9999 -9999 -9999 -9999 -9999 -9999 -9999 -9999 -9999 -9999 -9999 -9999 0.363043635480469 0.295407308913163 0.200280859570449 0.110649032546913 0.037522625260218 0.00534928683025742 0.000402225521741629 0 0 0 0.00937219246027785 0.0262666793921123 0.0289474673760016 0.0337719307396206 0.0564747775265976 0.0704253907780943 0.0759275467284715 0.099814727844014 0.128620592262605 0.163735105937346 0.183233513258256 0.184613533187675 0.193751051798 0.203778162238515 0.202092833912635 0.203471957111089 0.209135540722829 0.209915432712202 0.208941056373807 0.208079622695514 0.206806611984297 0.2048360325343 0.20222559022993 0.199342965429259 0.198757839542228
-9999 -9999 -9999 -9999 -9999 -9999 -9999 -9999 -9999 -9999 -9999 -9999 -9999 -9999 -9999 -9999 -9999 -9999 -9999 -9999 0.395163319115337 0.402307699845644 0.358958446367914 0.288010026488416 0.21661652682202 0.140375793866584 0.0518738589165012 0.0106281478514345 0.000799155560421631 0 0 0 0.0209550529388926 0.0587290177323478 0.0642693923482372 0.071497662630842 0.10581142152292 0.114810908110402 0.09937474089508 0.127594061726988 0.161421185261688 0.17439305181178 0.181113628851626 0.180581227301503 0.188000046775903 0.196028553939676 0.189301517294103 0.187403929855923 0.192258475314199 0.193365439728288 0.19344970100728 0.19939468036887 0.201828293142574 0.198310603083099 0.196497324387774 0.19543706427552 0.192156208788725
-9999 -9999 -9999 -9999 -9999 -9999 -9999 -9999 -9999 -9999 -9999 -9999 -9999 -9999 -9999 -9999 -9999 -9999 -9999 -9999 0.391920682116088 0.389195756744815 0.342967230587783 0.272960199753994 0.195253699045455 0.117265880627373 0.0392809677027065 0.00523239832616958 0.000393436398810999 0 0 0 0.0314357752545796 0.0881024833361204 0.092767269676791 0.0934035149111956 0.109102782158396 0.121099501194072 0.129522181632219 0.142684962345142 0.15671356374368 0.169994099251715 0.172491047053864 0.162476475332617 0.170888694946998 0.182898894423606 0.180606943647526 0.180328568882308 0.182865408075993 0.183619148589623 0.184066734536842 0.190523963255613 0.192350908558403 0.186330134711898 0.184878319703984 0.185454623031275 0.181404795427214
-9999 -9999 -9999 -9999 -9999 -9999 -9999 -9999 -9999 -9999 -9999 -9999 -9999 -9999 -9999 -9999 -9999 -9999 -9999 -9999 0.344422033479772 0.355330587937875 0.314471786346714 0.245317618494199 0.169750644126347 0.0977203565335445 0.0352635546796468 0.00663611140402511 0.00049898490331862 0 0.00102424791032472 0.00535105698435188 0.0399976155416654 0.0989793640648011 0.109566441666596 0.113296637168546 0.117864808601686 0.129582605202064 0.148201874746413 0.147120517337409 0.144273191174106 0.155350555916808 0.156547138263891 0.146279669386007 0.155575060665045 0.169137648964339 0.171589543805939 0.17279750556014 0.172266303869456 0.173127808858466 0.174766791739409 0.1813218594381 0.182759877123567 0.175525170535162 0.174209148256444 0.175533212667389 0.172652169307054
-9999 -9999 -9999 -9999 -9999 -9999 -9999 -9999 -9999 -9999 -9999 -9999 -9999 -9999 -9999 -9999 -9999 -9999 -9999 -9999 0.335591435471621 0.319623137903844 0.269742791269581 0.201326557886611 0.138872560431873 0.082802282471667 0.042379212488406 0.0168671921335911 0.00126828404823517 0 0.0033782204472373 0.0176490964117647 0.0460682770201569 0.0858431477998207 0.111177829106078 0.130576742937133 0.133729099033168 0.140914721826992 0.151993622987093 0.13772282420613 0.121793813983783 0.127407024849141 0.131098354040235 0.132559844633544 0.142595304021248 0.154556450274989 0.162153036502884 0.164674828987745 0.160101468318781 0.161669213591363 0.165574634002088 0.171689534521643 0.17302130424438 0.16624629868459 0.164773092964341 0.165691035332714 0.166494458530475
-9999 -9999 -9999 -9999 -9999 -9999 -9999 -9999 -9999 -9999 -9999 -9999 -9999 -9999 -9999 -9999 -9999 -9999 -9999 -9999 0.210840799187533 0.216671894846772 0.190847007602455 0.147719370150713 0.106485072145092 0.0705233334978861 0.0477674565441267 0.0318916974353237 0.0205899543967271 0.0211497963495218 0.0242190447340164 0.0319947109512236 0.0509562156333738 0.0788956805101307 0.109215518052236 0.134518785561406 0.137075183915149 0.13638665367305 0.132565821193355 0.118192510532201 0.105324839533211 0.114385036544602 0.121222288753214 0.12548039772509 0.131804155085972 0.138798390207591 0.146621532858349 0.152550297511374 0.155830500921177 0.157268532931788 0.158255604680214 0.163047585000113 0.164561863898896 0.160520871576181 0.160030441378436 0.16114357535482 0.162491418719429
-9999 -9999 -9999 -9999 -9999 -9999 -9999 -9999 -9999 -9999 -9999 -9999 -9999 -9999 -9999 -9999 -9999 -9999 -9999 -9999 0.110237317353908 0.113413363571276 0.106781100385279 0.0947877423288238 0.0756736362462661 0.0596216374127277 0.0520045233110878 0.0472140534885679 0.0443027835066336 0.0475867252359565 0.0498645500828002 0.0471303926688056 0.0560159242976906 0.0742276325942995 0.105205060704508 0.132234686102588 0.134629769112665 0.1261544950449 0.107186156864095 0.0971589042787069 0.0922579465658338 0.106562488680848 0.116321256550569 0.120805848072849 0.122368212362475 0.123680098079526 0.130174514616884 0.13976818052042 0.153694958276064 0.154852568107993 0.151765723918226 0.15508541098662 0.156934731533793 0.156291974929654 0.156982657527615 0.158272232902971 0.159185240521658
-9999 -9999 -9999 -9999 -9999 -9999 -9999 -9999 -9999 -9999 -9999 -9999 -9999 -9999 -9999 -9999 -9999 -9999 -9999 -9999 0.108881781803696 0.107932113277256 0.101396724017663 0.0918082521585303 0.0718881626335509 0.0554049937998364 0.0486069841995531 0.0459185982115845 0.0459623579322841 0.0525526456006636 0.0591339685899507 0.0638182511632453 0.0683768014500499 0.0728344366854864 0.0897515719070355 0.105749913960511 0.110149067112082 0.109323980068192 0.103455977973736 0.0998505955955869 0.0978807232158355 0.102767369946543 0.109733337625289 0.119111810802794 0.121256790847108 0.121945755021932 0.127851956457376 0.135522828712542 0.145660916457836 0.148147197512179 0.148084311527622 0.151758429597735 0.154698266930749 0.156393595346319 0.155977437371787 0.15462647532045 0.155756681208166
-9999 -9999 -9999 -9999 -9999 -9999 -9999 -9999 -9999 -9999 -9999 -9999 -9999 -9999 -9999 -9999 -9999 -9999 -9999 -9999 0.100694699133687 0.101284565861602 0.0967966237433045 0.0895332170837625 0.0701113664152866 0.0543795410407711 0.0491453724867265 0.0479002073002133 0.0493069974898094 0.0560708951671824 0.0634161452492876 0.0711071758424121 0.0726333285221144 0.0692114365215027 0.0785104450313912 0.0886556767195935 0.0945255628343104 0.0988371209538458 0.101644438187319 0.101304807415119 0.100440986010048 0.100372606328101 0.104778282531783 0.114374924774647 0.116676059792198 0.117490395174654 0.123400075665129 0.129269758184913 0.135083518879642 0.138214703978543 0.140621797594053 0.147366441791001 0.152274860043033 0.154071117717461 0.153138632295159 0.150999320453389 0.152240778249263
-9999 -9999 -9999 -9999 -9999 -9999 -9999 -9999 -9999 -9999 -9999 -9999 -9999 -9999 -9999 -9999 -9999 -9999 -9999 0.100500893849215 0.0997587018477579 0.0974997625800502 0.0934273637921482 0.0883637515206909 0.0714869818982699 0.0583623327197162 0.0558607922978398 0.0550248304340224 0.0552961727272608 0.0573171749408558 0.0598713609434481 0.063645444681885 0.0641709152134554 0.0620889888878007 0.0738801851117571 0.0862989140901617 0.0928025155531633 0.0983059745011944 0.102844004304938 0.100816922978543 0.0981949496240663 0.100175555426166 0.102385838569383 0.104862601906003 0.106650605747965 0.108764680520385 0.115606442931171 0.119865780496961 0.120514587130604 0.123217574312366 0.127225235325707 0.141303036412285 0.149558066548146 0.14794426858286 0.147422205069978 0.147401360626834 0.14858779846031
-9999 -9999 -9999 -9999 -9999 -9999 -9999 -9999 -9999 -9999 -9999 -9999 -9999 -9999 -9999 -9999 -9999 -9999 0.112490562928569 0.111355638425098 0.107447262129884 0.0978710459563839 0.0893810231197324 0.0814846994912754 0.0692968449313914 0.0597222353470342 0.0571798308021052 0.0568239896397515 0.0579218119575598 0.0588199181954327 0.0598019458570455 0.0611115593279375 0.0603307780512716 0.0578722074078625 0.0714275302593734 0.0850773915506676 0.0892282485234861 0.0957421185479109 0.104536985164526 0.102194255741693 0.0982518917560299 0.0986331001351559 0.0997598579549094 0.101751629964418 0.101637772215813 0.101557614306698 0.107161780495433 0.110491071362463 0.110639821377852 0.114209556452678 0.119335697545251 0.130229822467716 0.136600576610979 0.135304814410817 0.137841920263759 0.142098165385437 0.144947297865597
-9999 -9999 -9999 -9999 -9999 -9999 -9999 -9999 -9999 -9999 -9999 -9999 -9999 -9999 -9999 -9999 -9999 -9999 -9999 0.124504134628325 0.118458170620299 0.100056644489508 0.0852445071964282 0.0723942833478127 0.0656194116651036 0.0598881495929474 0.0562399608764672 0.0564077249251634 0.0591123974490336 0.0603498290840806 0.0610726193743467 0.0605547078967374 0.0584001339812503 0.0549319446166108 0.0696955083280706 0.0839531822548524 0.0847943305598418 0.0923135066617355 0.106278926738852 0.104284145569465 0.0993280734713713 0.0966191673165239 0.0970662839989083 0.101175135756972 0.0986722747747055 0.0950905943988289 0.0985723572172399 0.101256371766155 0.102825041251433 0.107698349497528 0.113629462340201 0.117176894523265 0.119655054012167 0.120320937438477 0.126839434326022 0.135969633545316 0.141093055909703
-9999 -9999 -9999 -9999 -9999 -9999 -9999 -9999 -9999 -9999 -9999 -9999 -9999 -9999 -9999 -9999 -9999 -9999 -9999 -9999 0.11989394622497 0.105862353866896 0.0884471924576053 0.069182616033113 0.0615116843882445 0.0558786148724355 0.0543382888285932 0.0555749624975012 0.0586578314786582 0.0588300250446296 0.0585353864750956 0.0575661034198504 0.0563136946572013 0.054834043981565 0.0609821647726803 0.0684436314403003 0.0767594435188082 0.0879871842864632 0.102025785287044 0.104073126866513 0.102946344217746 0.0979054661145826 0.0954955064766866 0.0961380362922485 0.0946341079379484 0.09292221316033 0.0947986832834249 0.0969586580875959 0.0995150054802731 0.101860353158833 0.104198305238163 0.107762080166886 0.112414538620658 0.118912171932962 0.122683403602357 0.125231826748714 0.128788440115822
-9999 -9999 -9999 -9999 -9999 -9999 -9999 -9999 -9999 -9999 -9999 -9999 -9999 -9999 -9999 -9999 -9999 -9999 -9999 -9999 0.111251993473618 0.109055202509418 0.0927851183890674 0.0688227545243605 0.0600632277991213 0.0538628018223158 0.0527420040941765 0.0548478623288816 0.0590988547836202 0.0583175018831039 0.0570324469618277 0.0555593106233123 0.0546412299227042 0.0541686471111046 0.054336987229717 0.0567108797875432 0.0680423071811365 0.0811408859528866 0.0959452810631118 0.0998198349579808 0.100404457894009 0.0950797110670216 0.0921813583743571 0.0920981983996473 0.0916828982806044 0.0912767565841653 0.0918022400460121 0.0932796145943611 0.0960878438308965 0.0973204376707359 0.0981045087029438 0.101021768272484 0.106104145028988 0.114856109601644 0.117828053617526 0.118198233781193 0.119398563726779
