layers/veg50/veg4300.asc
NCOLS 255 
NROWS 330 
XLLCORNER -2985163.8955 
YLLCORNER -3022031.214 
CELLSIZE 25000 
NODATA_value -9999 
[rows 75 to 99 of 330, columns 0 to 56 of 255]
-9999 -9999 -9999 -9999 -9999 -9999 -9999 -9999 -9999 -9999 -9999 -9999 -9999 -9999 -9999 -9999 -9999 -9999 -9999 -9999 -9999 -9999 -9999 -9999 0.74646997566055 0.727866757962142 0.709263540263734 0.715806353862002 0.728048289380166 0.731187962138798 0.725147453666816 0.706625255088464 0.524535822891118 0.299182711647774 0.288459083136112 0.291553407102138 0.317397180111042 0.419641157116026 0.554197421949433 0.61279325996102 0.654689256919169 0.662978008952759 0.673891077278848 0.686217330377299 0.695676122864522 0.703869403445272 0.709140451739095 0.71265721904046 0.715024151078253 0.72143047226396 0.728560096439677 0.736898657602306 0.744486211798121 0.751479241264291 0.759554539530519 0.768390339271814 0.779747018567959
-9999 -9999 -9999 -9999 -9999 -9999 -9999 -9999 -9999 -9999 -9999 -9999 -9999 -9999 -9999 -9999 -9999 -9999 -9999 -9999 -9999 -9999 -9999 -9999 0.727670325903471 0.712204283643654 0.696738241383836 0.711440317863486 0.732224165313424 0.735699805067651 0.733906822413942 0.724950439547173 0.565320835818158 0.362798210343386 0.3102341241371 0.283060606661749 0.297689335246139 0.413485233526536 0.571928246312578 0.619878188838449 0.654445486884288 0.662081162686567 0.672640891889703 0.684775213207166 0.695553819934764 0.705716820707471 0.714455077322633 0.718424849307734 0.71926914036645 0.724325877901064 0.730019382971152 0.736601708971586 0.744249177468728 0.75273985193182 0.760509040983732 0.767658379389883 0.772658875045516
-9999 -9999 -9999 -9999 -9999 -9999 -9999 -9999 -9999 -9999 -9999 -9999 -9999 -9999 -9999 -9999 -9999 -9999 -9999 -9999 -9999 -9999 -9999 -9999 0.716178848829217 0.722383091341254 0.728587333853291 0.731051989391903 0.732723574079128 0.736209353530401 0.733141239841579 0.721162227651958 0.613548534182301 0.47354249792019 0.347543306313615 0.281310367786874 0.313474737480645 0.428598628065731 0.578382383250154 0.615488940673943 0.644027929374565 0.655325294064147 0.667250123788479 0.679512841150376 0.694715808532296 0.706104789020735 0.707731483370158 0.711572990769448 0.71686618701329 0.722045645145451 0.727193297151628 0.732270706599878 0.740509612643877 0.751251275642095 0.758486415888725 0.765093056246453 0.771148065962982
-9999 -9999 -9999 -9999 -9999 -9999 -9999 -9999 -9999 -9999 -9999 -9999 -9999 -9999 -9999 -9999 -9999 -9999 -9999 -9999 -9999 -9999 -9999 -9999 0.737124644531769 0.740290625515097 0.743456606498424 0.73806471450642 0.731641518292103 0.735995163753062 0.731913069419198 0.716361453156308 0.619128046504786 0.493519393593745 0.36873849105005 0.306160380001874 0.345991018566716 0.452647842829021 0.587031004198518 0.616978346633725 0.640996898601728 0.6530841805235 0.664448731759858 0.675424095152483 0.690988117250279 0.702140010048129 0.70190068318471 0.706632135672707 0.71462166221513 0.720513555794671 0.725921947754233 0.73036110767212 0.738207412312766 0.748750937997516 0.754661188705831 0.760191027935393 0.766859324092209
-9999 -9999 -9999 -9999 -9999 -9999 -9999 -9999 -9999 -9999 -9999 -9999 -9999 -9999 -9999 -9999 -9999 -9999 -9999 -9999 -9999 -9999 -9999 -9999 0.741367765693291 0.736532195327083 0.731696624960874 0.729384204154469 0.728589591787915 0.734879486323926 0.730108700018289 0.710299431664985 0.571585019546438 0.400436513709923 0.369862096161839 0.364143639244586 0.399347266166884 0.48782750662002 0.598413072308043 0.625790198484426 0.647166518387533 0.656466641545687 0.664872664062624 0.672797216638329 0.683661043505422 0.692753453266562 0.697181946051893 0.704071624614284 0.712574475871833 0.71991335314529 0.726587176540377 0.731467606531975 0.737695591804727 0.744990351387987 0.748590642105882 0.75237840192778 0.759110391827438
-9999 -9999 -9999 -9999 -9999 -9999 -9999 -9999 -9999 -9999 -9999 -9999 -9999 -9999 -9999 -9999 -9999 -9999 -9999 -9999 -9999 -9999 -9999 -9999 -9999 -9999 0.727485200478459 0.727329898316602 0.727153601194291 -9999 0.675670258610249 0.677233688828366 0.541199914392218 0.368548012151205 0.372936667996955 0.390971560110938 0.431473193018287 0.512058470461056 0.609123752242139 0.63287285351169 0.651765340187654 0.660884234670222 0.668406566481189 0.675069155104156 0.683750496925965 0.69145219502494 0.696542180031518 0.703067317026969 0.710533117674645 0.717801596354172 0.724628548947283 0.730111024388648 0.735871219518477 0.741851267765516 0.745904452123676 0.7501006852844 0.75602034360587
-9999 -9999 -9999 -9999 -9999 -9999 -9999 -9999 -9999 -9999 -9999 -9999 -9999 -9999 -9999 -9999 -9999 -9999 -9999 -9999 -9999 -9999 -9999 -9999 -9999 -9999 -9999 -9999 -9999 -9999 0.688624298047579 0.650088845526969 0.515836847385209 0.359550155579177 0.38042328681567 0.411631668519823 0.459855686530374 0.534079992357677 0.618753867071594 0.638869004980054 0.655632710960942 0.665651898040277 0.67294690280569 0.678774945309664 0.686013049302092 0.692501308058788 0.697001639234174 0.702414760851873 0.708426166691618 0.715168873382738 0.721787225695567 0.727816526327249 0.733490865874283 0.738884205174703 0.744085058463371 0.74922663183084 0.754235109121403
-9999 -9999 -9999 -9999 -9999 -9999 -9999 -9999 -9999 -9999 -9999 -9999 -9999 -9999 -9999 -9999 -9999 -9999 -9999 -9999 -9999 -9999 -9999 -9999 -9999 -9999 -9999 -9999 -9999 0.704955409632521 0.668852494901283 0.58366281572696 0.487116383168554 0.394792660700407 0.430891378763088 0.471705829776278 0.520284117481675 0.569479130702199 0.618534801320292 0.638651336647787 0.656740235669704 0.670748660528939 0.677964307457532 0.681522068192658 0.686850537831896 0.691785934678866 0.695594167959332 0.700286497676067 0.705558304262924 0.71194522439271 0.718164350698975 0.72355434016159 0.729427758886545 0.735683877991384 0.74020591703675 0.744826728935541 0.750874209145536
-9999 -9999 -9999 -9999 -9999 -9999 -9999 -9999 -9999 -9999 -9999 -9999 -9999 -9999 -9999 -9999 -9999 -9999 -9999 -9999 -9999 -9999 -9999 -9999 -9999 -9999 -9999 -9999 0.723520293298329 0.702773685367157 0.649098614216312 0.550652872066476 0.470588660616674 0.405157433191433 0.469097083615121 0.522424806999134 0.558281382336745 0.590613816593085 0.621215818811483 0.638337097489501 0.654033966288872 0.666864311298497 0.675530943808285 0.681955432290662 0.686266861503084 0.690304563460144 0.693833321700941 0.697957960203869 0.702473165634906 0.708419976274511 0.71434109071974 0.719798125146181 0.725890458021706 0.732485716509609 0.736836980806614 0.741345921834392 0.747824942798551
-9999 -9999 -9999 -9999 -9999 -9999 -9999 -9999 -9999 -9999 -9999 -9999 -9999 -9999 -9999 -9999 -9999 -9999 -9999 -9999 -9999 -9999 -9999 -9999 -9999 -9999 -9999 -9999 0.721294654892061 0.679505244963347 0.629371684841909 0.567893131164216 0.472396051826331 0.378111747030514 0.488862943798629 0.559075712558359 0.562547268845093 0.590298006305653 0.628257902716692 0.637877637745903 0.645592616938467 0.649474410191185 0.661893317150168 0.678909428769316 0.683546076058617 0.687671305495876 0.69154107973993 0.695328255684191 0.699061292959548 0.70444119157878 0.710216497246046 0.716802775804376 0.723143850123626 0.729290811750997 0.734235277293817 0.739247226025912 0.745244302638731
-9999 -9999 -9999 -9999 -9999 -9999 -9999 -9999 -9999 -9999 -9999 -9999 -9999 -9999 -9999 -9999 -9999 -9999 -9999 -9999 -9999 -9999 -9999 -9999 -9999 -9999 -9999 0.699751884638732 0.684998950089674 0.640618494894254 0.598796395261323 0.560452723832665 0.481764001622535 0.399652798142454 0.484351217481985 0.537466548174537 0.538584459788444 0.576048941531105 0.628852889694742 0.643200987338508 0.651905135233835 0.649251234814166 0.660824731811942 0.680059630538675 0.683786651503586 0.687105189003642 0.690683227349587 0.6942207196978 0.697731636361622 0.702448612589194 0.707361403330045 0.712571400573211 0.718175309524483 0.724091053468126 0.728989288853146 0.734086056290192 0.740603231327412
-9999 -9999 -9999 -9999 -9999 -9999 -9999 -9999 -9999 -9999 -9999 -9999 -9999 -9999 -9999 -9999 -9999 -9999 -9999 -9999 -9999 -9999 -9999 -9999 0.725349558418052 0.717569210144193 0.709788861870334 0.677289782719624 0.638065157317744 0.598291197517798 0.565982842584881 0.543824980770349 0.493712746387061 0.439325004979669 0.470605253210288 0.493976807626105 0.504327733462826 0.557008067652279 0.627511178904505 0.650280487801714 0.66295058022393 0.655296716236311 0.664456098861316 0.682669353595733 0.685018128496253 0.687200283442117 0.690275047011423 0.693585195745073 0.697049626582702 0.701154348559954 0.70501449576018 0.707929479923225 0.712428903915444 0.718182628736686 0.722801778052698 0.727826128558096 0.735197052902226
-9999 -9999 -9999 -9999 -9999 -9999 -9999 -9999 -9999 -9999 -9999 -9999 -9999 -9999 -9999 -9999 -9999 -9999 -9999 -9999 -9999 -9999 -9999 -9999 0.729578361042037 0.713823462889726 0.698068564737414 0.683483670902794 0.666801889232877 0.629726033301762 0.588526234480565 0.54171938108416 0.494856941796527 0.451628298056455 0.465785828814628 0.479506436608386 0.492507707964225 0.556907568163888 0.64256601221523 0.643169939428132 0.644659693660942 0.647932111903762 0.661267211442202 0.680021028235401 0.681474607824395 0.683133087596449 0.686729917123534 0.689479869220675 0.691674739471144 0.697574626578556 0.702889664722399 0.705363318530865 0.709329729132171 0.714477860899734 0.719334864738775 0.724490268330347 0.731054517100239
-9999 -9999 -9999 -9999 -9999 -9999 -9999 -9999 -9999 -9999 -9999 -9999 -9999 -9999 -9999 -9999 -9999 -9999 -9999 -9999 -9999 -9999 -9999 -9999 0.734319366351293 0.710570992447004 0.686822618542714 0.685431805204083 0.684647385818154 0.638055675678008 0.587340810437886 0.531019961729075 0.478894606185151 0.43263465523334 0.455575316506228 0.47527236080102 0.489629214551886 0.55810392195026 0.648745659329236 0.634526193765075 0.629405826703852 0.64259674961254 0.658211468128578 0.675131391757818 0.67659527870728 0.678168550600327 0.681289655804642 0.683730076631739 0.685724346070516 0.692052756029267 0.697766557546361 0.700376592718407 0.704450075717805 0.709682077828679 0.714814021308068 0.720028310773091 0.725642946329419
-9999 -9999 -9999 -9999 -9999 -9999 -9999 -9999 -9999 -9999 -9999 -9999 -9999 -9999 -9999 -9999 -9999 -9999 -9999 -9999 -9999 -9999 -9999 -9999 0.739997201687249 0.708220736190202 0.676444270693155 0.679614361860223 0.682572572381099 0.604125408882521 0.542754857838149 0.504602256348975 0.431644047427252 0.356398225252183 0.435504385308058 0.489760695068789 0.503104980857421 0.561672249025641 0.638692394823024 0.623078196388898 0.619706735698351 0.640972915843964 0.655399248325253 0.666142347732796 0.66927272643374 0.671562756816387 0.672383157232098 0.674972519281998 0.678721338953363 0.682978652844278 0.68715953707695 0.690962601107628 0.696313887553675 0.702890803792255 0.708365516410839 0.713506696322956 0.71791028256568
-9999 -9999 -9999 -9999 -9999 -9999 -9999 -9999 -9999 -9999 -9999 -9999 -9999 -9999 -9999 -9999 -9999 -9999 -9999 -9999 -9999 -9999 -9999 -9999 0.736561996330548 0.712143573601999 0.68772515087345 0.686142057113352 0.68434301106255 0.628695527145812 0.586149085873638 0.561415272724147 0.466681974966931 0.359758405409646 0.444038911959744 0.503866821428497 0.523436732314151 0.542690032921941 0.561708363056861 0.573887738523729 0.586989028658816 0.601945606634979 0.616494467804264 0.630823774956922 0.641379443084552 0.650683938528338 0.657176733796932 0.663288919078745 0.669151635326608 0.671665341043424 0.674422039155795 0.678843112982103 0.685299751233435 0.693367817131834 0.698479821385385 0.703217494863815 0.708135365374853
-9999 -9999 -9999 -9999 -9999 -9999 -9999 -9999 -9999 -9999 -9999 -9999 -9999 -9999 -9999 -9999 -9999 -9999 -9999 -9999 -9999 -9999 -9999 -9999 0.728668788841622 0.719135141407242 0.709601493972862 0.698708862257908 0.687994505993103 0.681883408691803 0.672582278190444 0.65894386884546 0.541974550734817 0.402056396741575 0.466566922936669 0.517785975763549 0.547122358449303 0.512676332051997 0.451982515115467 0.506234072272916 0.543010860613845 0.544620916903995 0.559933592236263 0.582625078052296 0.603423177895441 0.622822909162937 0.638888454434899 0.650173929976896 0.65832633119301 0.65925663231407 0.660642334429815 0.665400124870323 0.672877753426667 0.682508505844637 0.686912689676251 0.691085230097274 0.697361399629372
-9999 -9999 -9999 -9999 -9999 -9999 -9999 -9999 -9999 -9999 -9999 -9999 -9999 -9999 -9999 -9999 -9999 -9999 -9999 -9999 -9999 -9999 -9999 -9999 -9999 -9999 -9999 0.699480969019536 0.688766780619765 0.67718273342367 0.667327416474114 0.65982254061856 0.564813496893586 0.446994264834434 0.449254530017497 0.456891387973556 0.473380101767958 0.480834878223861 0.484657005158929 0.510776510951817 0.524653922872079 0.513894989700776 0.535599158103242 0.574784588554355 0.585646226604114 0.597467654752159 0.614020868286836 0.626191001593415 0.635488265484545 0.64011762474116 0.644700611071518 0.650384887914174 0.659151328002172 0.670357721847099 0.67657772801564 0.682055030400251 0.687374610983354
-9999 -9999 -9999 -9999 -9999 -9999 -9999 -9999 -9999 -9999 -9999 -9999 -9999 -9999 -9999 -9999 -9999 -9999 -9999 -9999 -9999 -9999 -9999 -9999 -9999 -9999 -9999 0.68789463687035 0.688666986882998 0.674513447983685 0.664963278218189 0.66167200743629 0.585319913088971 0.487340234284734 0.449053323801803 0.430449159556906 0.444250059180126 0.471378412666446 0.503912880236705 0.506879093145141 0.503211378020516 0.486193353542311 0.513310388249455 0.564193991699216 0.569528273884481 0.576746807909465 0.592425352969233 0.604243629069905 0.613531709953774 0.621698753115064 0.62953474219272 0.636622819489414 0.646601376297072 0.658868142969268 0.666396408932899 0.672790865509225 0.677259451948601
-9999 -9999 -9999 -9999 -9999 -9999 -9999 -9999 -9999 -9999 -9999 -9999 -9999 -9999 -9999 -9999 -9999 -9999 -9999 -9999 -9999 -9999 -9999 -9999 -9999 -9999 0.685895557720464 0.686699070673571 0.686672391296634 0.677796128842622 0.671290677967489 0.6680086640469 0.601823989013543 0.517285187307017 0.488324794141138 0.483354171421217 0.517879563844778 0.512362798998164 0.489567207142165 0.482261044929155 0.474211804165071 0.464667170553582 0.494859788048305 0.546450770640771 0.556664837374131 0.566400146779723 0.578353218392601 0.587137886912824 0.593845840459328 0.605061458497365 0.616167108689127 0.625719561919544 0.636731187851232 0.648897948547395 0.656531657118962 0.662926083487125 0.666836535899795
-9999 -9999 -9999 -9999 -9999 -9999 -9999 -9999 -9999 -9999 -9999 -9999 -9999 -9999 -9999 -9999 -9999 -9999 -9999 -9999 -9999 -9999 -9999 -9999 -9999 -9999 0.685895557720464 0.686537990603767 0.686559976017217 0.679872680529266 0.674629527131893 0.671349878984725 0.626496050954219 0.566836469864424 0.501889710763912 0.474895357855405 0.510384671185714 0.490001035464948 0.445737308915893 0.439365206774961 0.43571734737098 0.437551833134337 0.477208224456937 0.537231574271098 0.549705364233346 0.560455366999168 0.570824633170315 0.578363559842883 0.584047353741772 0.587837058462579 0.593482584204803 0.605507376598398 0.617978556132291 0.630803112140211 0.639282831485779 0.646144184120796 0.648838283278974
-9999 -9999 -9999 -9999 -9999 -9999 -9999 -9999 -9999 -9999 -9999 -9999 -9999 -9999 -9999 -9999 -9999 -9999 -9999 -9999 -9999 -9999 -9999 -9999 -9999 -9999 -9999 0.686996046282612 0.687574038012894 0.681227368801231 0.676179740899925 0.672898334238043 0.656056619376703 0.628122061078572 0.500069359314411 0.429710543807683 0.45433715596243 0.429726858320624 0.384261221606611 0.385530185521055 0.391540241671996 0.407091409471368 0.460034881033724 0.533113972083883 0.546279389208691 0.557145095341573 0.567212335680365 0.574575550890507 0.580166425489379 0.570261278218367 0.56522193828004 0.579723835797324 0.593909818162771 0.607845710477743 0.617614667639189 0.625222418096269 0.626306222463434
-9999 -9999 -9999 -9999 -9999 -9999 -9999 -9999 -9999 -9999 -9999 -9999 -9999 -9999 -9999 -9999 -9999 -9999 -9999 -9999 -9999 -9999 -9999 -9999 -9999 -9999 -9999 -9999 0.687631215558123 0.681303752444707 0.676267149182864 0.67298564336772 0.657125209188721 0.631432761070143 0.520062837211907 0.440346026726806 0.412741921860959 0.37854409777948 0.34237479998172 0.370608283272637 0.386197103372516 0.376339436198056 0.423131653684427 0.500429627884499 0.541244544518852 0.571142079295536 0.576798750027257 0.573406440760692 0.564083019918427 0.568624531982408 0.574259138419093 0.579645888656159 0.587973684411136 0.598629719941074 0.596734395373206 0.593341274282227 0.591093344337015
-9999 -9999 -9999 -9999 -9999 -9999 -9999 -9999 -9999 -9999 -9999 -9999 -9999 -9999 -9999 -9999 -9999 -9999 -9999 -9999 -9999 -9999 -9999 -9999 -9999 -9999 -9999 -9999 -9999 -9999 -9999 -9999 -9999 0.631718396799793 0.54285321359437 0.465270125835575 0.406261530634512 0.360261305148498 0.321003417708934 0.356629563176622 0.374826517964214 0.357948463465879 0.398106542047582 0.468978370710986 0.533828791894719 0.580551534441085 0.582523927819942 0.570342480099958 0.548883963495099 0.562970436624362 0.575862355998808 0.575470510643842 0.579804610820067 0.587879943252991 0.578145143981647 0.567328069875603 0.562463943483738
-9999 -9999 -9999 -9999 -9999 -9999 -9999 -9999 -9999 -9999 -9999 -9999 -9999 -9999 -9999 -9999 -9999 -9999 -9999 -9999 -9999 -9999 -9999 -9999 -9999 -9999 -9999 -9999 -9999 -9999 -9999 -9999 -9999 0.63324334433111 0.569858082998109 0.521104063065813 0.4964384658732 0.433289425333029 0.354222308885846 0.338750751914395 0.339898019363068 0.374489491511544 0.409928532477945 0.445823986168087 0.519965395929728 0.574096497265392 0.575127022335708 0.561489622680249 0.538238200433403 0.543291617929675 0.550197436388708 0.55539752340411 0.562276537844797 0.570484652969922 0.565888312102013 0.559722269886126 0.554551479602547
