layers/veg50/veg4000.asc
NCOLS 255 
NROWS 330 
XLLCORNER -2985163.8955 
YLLCORNER -3022031.214 
CELLSIZE 25000 
NODATA_value -9999 
[rows 75 to 99 of 330, columns 0 to 56 of 255]
-9999 -9999 -9999 -9999 -9999 -9999 -9999 -9999 -9999 -9999 -9999 -9999 -9999 -9999 -9999 -9999 -9999 -9999 -9999 -9999 -9999 -9999 -9999 -9999 0.729977324077524 0.717577664079776 0.705178004082027 0.709876008684123 0.718791775717855 0.724416288797633 0.723848710304628 0.71486215116405 0.536169923602922 0.312040282330853 0.301953274521987 0.303453886057882 0.324031995235892 0.426190724313033 0.562870378245114 0.619689048541661 0.661058435104105 0.671337234594519 0.681110592696854 0.690611772451251 0.697508020014354 0.703807252074368 0.708831176939438 0.710223508450988 0.709235529100833 0.71744525047959 0.726226672609666 0.734358119276077 0.743451239681462 0.753305656379604 0.766119241110034 0.778173576213918 0.785342394163956
-9999 -9999 -9999 -9999 -9999 -9999 -9999 -9999 -9999 -9999 -9999 -9999 -9999 -9999 -9999 -9999 -9999 -9999 -9999 -9999 -9999 -9999 -9999 -9999 0.71077408473638 0.703650323071424 0.696526561406468 0.706720427446078 0.72064295286596 0.726637879907284 0.732964172781343 0.739741002037219 0.580424731415429 0.373212070043162 0.321664207147163 0.291545767856889 0.296708067961537 0.414662182642527 0.580232660108767 0.627488578002126 0.66178886740739 0.67001687394734 0.681356102917341 0.694370713842692 0.700638376435019 0.705704756229743 0.708329199002879 0.711607228256868 0.715313647709867 0.724707750367753 0.733182167531792 0.73722549301708 0.744672569097073 0.7548141793046 0.765513016103996 0.776074244218462 0.785737752226372
-9999 -9999 -9999 -9999 -9999 -9999 -9999 -9999 -9999 -9999 -9999 -9999 -9999 -9999 -9999 -9999 -9999 -9999 -9999 -9999 -9999 -9999 -9999 -9999 0.705481034162738 0.708338749422069 0.7111964646814 0.71296708979835 0.714875703504167 0.720427542398009 0.722344399576681 0.719319010608862 0.616268192696162 0.479024047590419 0.351500460691959 0.284052072218174 0.315509630013184 0.433682775041881 0.588089834131501 0.625057411737303 0.653301481742586 0.663990111813213 0.676267753995786 0.689401073417462 0.694751362078232 0.700008581614409 0.705675439764818 0.709524491016826 0.712182069247617 0.720409847783303 0.728511524365249 0.734724860443777 0.743626720945122 0.754656916237289 0.762400614373815 0.769949856498783 0.778619401375907
-9999 -9999 -9999 -9999 -9999 -9999 -9999 -9999 -9999 -9999 -9999 -9999 -9999 -9999 -9999 -9999 -9999 -9999 -9999 -9999 -9999 -9999 -9999 -9999 0.72835852743167 0.726594179451549 0.724829831471427 0.721140057290121 0.717544090605206 0.719127676944376 0.717285295584424 0.710784850722166 0.618550077137456 0.496156795916574 0.368734343668214 0.305712785954505 0.348718866626263 0.460293859118237 0.600277022514658 0.630182627000931 0.653732968840125 0.664493795638018 0.675352461839856 0.686263814204635 0.692224442421258 0.698293240030128 0.705040363670954 0.709630595816326 0.712807103528819 0.720393276367911 0.727990978358451 0.734446169266431 0.743211455369082 0.753805497770615 0.760565971549233 0.767001817258744 0.774338644121244
-9999 -9999 -9999 -9999 -9999 -9999 -9999 -9999 -9999 -9999 -9999 -9999 -9999 -9999 -9999 -9999 -9999 -9999 -9999 -9999 -9999 -9999 -9999 -9999 0.725993907337562 0.728688689414044 0.731383471490525 0.73171242860038 0.730719898324744 0.723944290733457 0.719152555784426 0.717058162304926 0.579027693930921 0.402830782102397 0.37027072605429 0.363688203807974 0.399874288736835 0.496359652285352 0.617857672596832 0.644720063787276 0.665273795223409 0.673131796632511 0.679635125154685 0.685408967257555 0.693882853472228 0.701536420218756 0.706919757348872 0.71246312014306 0.718111371009578 0.72570952691546 0.732639789359534 0.736935126142656 0.743581642839648 0.752089440009937 0.760322903981517 0.76801023461253 0.773592390704769
-9999 -9999 -9999 -9999 -9999 -9999 -9999 -9999 -9999 -9999 -9999 -9999 -9999 -9999 -9999 -9999 -9999 -9999 -9999 -9999 -9999 -9999 -9999 -9999 -9999 -9999 0.733730427558206 0.73421445707822 0.734763921493082 -9999 0.68982825309139 0.691426690569718 0.549771410554761 0.369964215157702 0.374028739013645 0.39270234540738 0.435427892875117 0.522985431065658 0.628963646840046 0.652122069330942 0.670300201191567 0.678455851612313 0.684048277351915 0.688260415929529 0.695389091384177 0.701907747092268 0.706663228619099 0.712501564788885 0.719049652964847 0.726226215612555 0.732904005110891 0.737835365755771 0.743472905962898 0.749669483877898 0.757813738904969 0.765778355351945 0.771855522292761
-9999 -9999 -9999 -9999 -9999 -9999 -9999 -9999 -9999 -9999 -9999 -9999 -9999 -9999 -9999 -9999 -9999 -9999 -9999 -9999 -9999 -9999 -9999 -9999 -9999 -9999 -9999 -9999 -9999 -9999 0.700559348929983 0.66320023031792 0.523681460032371 0.360425411631791 0.38280918724501 0.416537649198043 0.468943651417031 0.54781918087397 0.637273668945066 0.656814014254508 0.673110643129096 0.682879522886607 0.688714384048448 0.692430790514304 0.69703956895941 0.701579429848059 0.70587366893023 0.711688666209325 0.718500437328932 0.724961562348117 0.7313705053582 0.737708066376707 0.742850701505349 0.747047389361849 0.754652807015049 0.762559091804133 0.769714924067605
-9999 -9999 -9999 -9999 -9999 -9999 -9999 -9999 -9999 -9999 -9999 -9999 -9999 -9999 -9999 -9999 -9999 -9999 -9999 -9999 -9999 -9999 -9999 -9999 -9999 -9999 -9999 -9999 -9999 0.716391936712424 0.680507913579206 0.595834738547221 0.4974059009787 0.402634147615397 0.440514770887202 0.483272708275365 0.534060504583319 0.585462445047461 0.63668048293534 0.655885116469223 0.673704786001537 0.688737313772234 0.695779511186461 0.698518944784382 0.700851062799155 0.703404135355497 0.706542309377138 0.71104396380098 0.716439305071103 0.720385171038972 0.724888006042236 0.73154094202096 0.738107951298833 0.744606937840764 0.752065223638138 0.759533973137673 0.766483621819986
-9999 -9999 -9999 -9999 -9999 -9999 -9999 -9999 -9999 -9999 -9999 -9999 -9999 -9999 -9999 -9999 -9999 -9999 -9999 -9999 -9999 -9999 -9999 -9999 -9999 -9999 -9999 -9999 0.730273771394083 0.712347738505614 0.660591160068731 0.562837408476208 0.483091320919933 0.417972368807265 0.484176405763241 0.539144041970328 0.57561241595496 0.60841205560041 0.639397481860776 0.655444265294004 0.670750114366588 0.684564885622832 0.693442787460294 0.699662203083383 0.701675933291466 0.703407717977346 0.70478264483555 0.708136746472384 0.712788088952063 0.716148200519062 0.720272592733106 0.727160826085751 0.73438808433377 0.741883727154998 0.749115039664356 0.756229440623766 0.763013746284917
-9999 -9999 -9999 -9999 -9999 -9999 -9999 -9999 -9999 -9999 -9999 -9999 -9999 -9999 -9999 -9999 -9999 -9999 -9999 -9999 -9999 -9999 -9999 -9999 -9999 -9999 -9999 -9999 0.728010780424394 0.688688787274247 0.640876937451755 0.581521986532487 0.486763336214413 0.392903439656488 0.506719131917335 0.578678800493268 0.581728007877863 0.609265748917315 0.647092246987334 0.655737325355693 0.662458831860963 0.665309286508551 0.676967815758138 0.693369461124084 0.698009600710372 0.700672745465409 0.699371361204841 0.70182722065645 0.706745747909096 0.712421641763361 0.718464852651139 0.72546796487833 0.732206401405772 0.738735310917101 0.745619586761207 0.752504733154928 0.759185110719814
-9999 -9999 -9999 -9999 -9999 -9999 -9999 -9999 -9999 -9999 -9999 -9999 -9999 -9999 -9999 -9999 -9999 -9999 -9999 -9999 -9999 -9999 -9999 -9999 -9999 -9999 -9999 0.706194700613334 0.692712658969988 0.650735237670468 0.611422040042564 0.575731212540892 0.498096143823464 0.41660988060572 0.503941717131657 0.558343462274403 0.558530124747781 0.595750463731261 0.648587021880627 0.661304346363355 0.668402539230304 0.66419262851288 0.673325695928567 0.689643908507424 0.693272358506833 0.695985905606189 0.697462485272115 0.700483998217583 0.704518130448285 0.71040019721072 0.716509020105567 0.722841350295807 0.72860103722067 0.733907398680423 0.740235076282019 0.746875678524985 0.754215797684577
-9999 -9999 -9999 -9999 -9999 -9999 -9999 -9999 -9999 -9999 -9999 -9999 -9999 -9999 -9999 -9999 -9999 -9999 -9999 -9999 -9999 -9999 -9999 -9999 0.721355044830491 0.717883187831327 0.714411330832163 0.684373205277805 0.647168287358555 0.60989241341534 0.580204239139745 0.56083256227224 0.512035027070806 0.458505266294834 0.491513863821873 0.515503050693591 0.524642959176822 0.577302317503466 0.648261737104218 0.668461987021111 0.678968784877637 0.669968198411469 0.674719771466547 0.686876832373097 0.688183188525899 0.690652437692284 0.696919248490943 0.701061965706094 0.703812455726203 0.709164483720206 0.714677310851621 0.720003432474662 0.724612428453582 0.728653721403724 0.734364674678172 0.740731465824108 0.748840425291335
-9999 -9999 -9999 -9999 -9999 -9999 -9999 -9999 -9999 -9999 -9999 -9999 -9999 -9999 -9999 -9999 -9999 -9999 -9999 -9999 -9999 -9999 -9999 -9999 0.725674349632543 0.714057276446452 0.702440203260362 0.690797616379192 0.676864634488742 0.643625114028893 0.605406377582701 0.560417727846891 0.514783047422617 0.472582580135078 0.487861153039905 0.501944610876746 0.514060468276157 0.578626241182192 0.664858342332629 0.662378879958617 0.6627557663566 0.668880851941823 0.67561479807725 0.682676613403027 0.684995174583958 0.688642710922524 0.695998613072596 0.700690066757851 0.703635120170862 0.711033927644628 0.71780966615317 0.721422883882242 0.725453330145579 0.72981406985824 0.735518149889231 0.740978701951557 0.744641085136048
-9999 -9999 -9999 -9999 -9999 -9999 -9999 -9999 -9999 -9999 -9999 -9999 -9999 -9999 -9999 -9999 -9999 -9999 -9999 -9999 -9999 -9999 -9999 -9999 0.73214056094255 0.712775193877188 0.693409826811826 0.695472193655899 0.697865353140839 0.654239385659432 0.605625418869849 0.550229596684232 0.497440278353941 0.450223628499582 0.476296323182876 0.497814327644576 0.511833631175763 0.580826681797364 0.672293720731843 0.654153470415291 0.648480520802347 0.667897129045289 0.676675723901057 0.679725787264677 0.683336109211222 0.687833147648419 0.694497235556843 0.699243569948409 0.702732921775607 0.710204281318561 0.71671578882252 0.719125135434387 0.722875689886051 0.727687993780248 0.732834700115294 0.73735038427661 0.739051717122381
-9999 -9999 -9999 -9999 -9999 -9999 -9999 -9999 -9999 -9999 -9999 -9999 -9999 -9999 -9999 -9999 -9999 -9999 -9999 -9999 -9999 -9999 -9999 -9999 0.742533511684048 0.716145830408739 0.68975814913343 0.696946286210766 0.702961575206792 0.622569539958624 0.560149823544247 0.522165889881977 0.443351011598964 0.361221942376193 0.450260052746765 0.510928351088155 0.524889469465218 0.584630291252894 0.662973012874961 0.642009742307787 0.637749504812703 0.667102935953181 0.678040083050601 0.679060128216541 0.684473524548372 0.689218709921312 0.691933667915451 0.695831609911327 0.700504933232821 0.70443793929732 0.707892038643643 0.71002854633232 0.714045460876367 0.719550974630159 0.723133429780263 0.726633593080174 0.7309199574479
-9999 -9999 -9999 -9999 -9999 -9999 -9999 -9999 -9999 -9999 -9999 -9999 -9999 -9999 -9999 -9999 -9999 -9999 -9999 -9999 -9999 -9999 -9999 -9999 0.740202673984119 0.72234168593627 0.704480697888421 0.707717835608931 0.709306517160414 0.648892966100298 0.604094916820161 0.580528240775137 0.480102774547388 0.366104444934708 0.45909229586054 0.52483708406502 0.545729737472246 0.564906499208738 0.583199172555541 0.591987269525675 0.604627184333947 0.625018609176165 0.638330374776241 0.647829769640705 0.663762845842632 0.677064097960371 0.683265625702029 0.687858383046953 0.69139667936704 0.692955834244901 0.694664463378643 0.697375267963847 0.702172278011084 0.708620805012365 0.712898199958534 0.717019443366502 0.721765892351895
-9999 -9999 -9999 -9999 -9999 -9999 -9999 -9999 -9999 -9999 -9999 -9999 -9999 -9999 -9999 -9999 -9999 -9999 -9999 -9999 -9999 -9999 -9999 -9999 0.731647494934811 0.729919608408617 0.728191721882422 0.723037601549692 0.716262319540268 0.703586081157863 0.69178365548239 0.681169295613566 0.561292998572547 0.416914089425494 0.484981843226033 0.539134580453943 0.570378065318958 0.533673353745821 0.468960412640946 0.523434919590541 0.560551276954583 0.562735590193645 0.578527671602551 0.601647486645708 0.63236431298227 0.658285777443648 0.671611339755474 0.677653833188696 0.678922673222231 0.678677638991676 0.679282583937245 0.682982095210168 0.688810514634197 0.696324256031129 0.702401762861374 0.70794469408426 0.712111726367214
-9999 -9999 -9999 -9999 -9999 -9999 -9999 -9999 -9999 -9999 -9999 -9999 -9999 -9999 -9999 -9999 -9999 -9999 -9999 -9999 -9999 -9999 -9999 -9999 -9999 -9999 -9999 0.720985705155022 0.710817468576401 0.691132816637182 0.678341051096088 0.674921090947341 0.579778760047237 0.460563575986655 0.464654586256778 0.474083177767081 0.492299397736213 0.500026379741996 0.503494072641361 0.529917352772676 0.543813364434736 0.532499137368488 0.555115572810135 0.596003546522296 0.608936882170679 0.621870356777874 0.637109863644167 0.652128274272287 0.667001768406193 0.6696138882247 0.671510929389225 0.674423341490288 0.681750727017872 0.692573167849576 0.696607078751758 0.699765132222429 0.703269723739325
-9999 -9999 -9999 -9999 -9999 -9999 -9999 -9999 -9999 -9999 -9999 -9999 -9999 -9999 -9999 -9999 -9999 -9999 -9999 -9999 -9999 -9999 -9999 -9999 -9999 -9999 -9999 0.698726461172975 0.704090066328572 0.682747532965009 0.671056215093231 0.672487021708119 0.59774548344947 0.50030607840649 0.462757828042977 0.445403847602886 0.461297087785594 0.490217890876154 0.524399999752959 0.528039752012525 0.524533498702526 0.506646416339113 0.534728626330215 0.587565132949874 0.589910753391085 0.594724960169755 0.609865264710848 0.62874110377425 0.650065381451826 0.657166186360111 0.662464882648218 0.665863580725827 0.674024403731659 0.685955099935202 0.688579720326796 0.690310617597202 0.69379017118905
-9999 -9999 -9999 -9999 -9999 -9999 -9999 -9999 -9999 -9999 -9999 -9999 -9999 -9999 -9999 -9999 -9999 -9999 -9999 -9999 -9999 -9999 -9999 -9999 -9999 -9999 0.692013082833295 0.693782518210765 0.694770441886086 0.685119834346392 0.68004318338207 0.68118544107539 0.616036849135463 0.531422944704476 0.503455874689067 0.500501776685469 0.538728261196716 0.534136597838754 0.511081832607059 0.505553634228983 0.498879698830592 0.489900048992306 0.520285896163727 0.571869920204913 0.58060385158973 0.588869995463981 0.599502789324718 0.61053312199552 0.62182401961824 0.636975719550926 0.650368458288839 0.657162616037648 0.664647378315588 0.672678848532489 0.675413778260727 0.677964370381923 0.682855905174687
-9999 -9999 -9999 -9999 -9999 -9999 -9999 -9999 -9999 -9999 -9999 -9999 -9999 -9999 -9999 -9999 -9999 -9999 -9999 -9999 -9999 -9999 -9999 -9999 -9999 -9999 0.692013082833295 0.693024137127284 0.693629897418873 0.688505660528779 0.685574402004704 0.685624792283307 0.641676721858442 0.58212606607622 0.518024922198814 0.492747832612018 0.531389463700252 0.511951550171285 0.467702089299645 0.463664781632313 0.462046348178998 0.465295727412765 0.505817624438577 0.566410636642799 0.578320091814703 0.587676485081562 0.594675789630586 0.601081910736688 0.607099232532205 0.614189120647494 0.621990321509952 0.631755743921673 0.644975416034695 0.660929599224896 0.665432152966851 0.668300140390089 0.671100964185909
-9999 -9999 -9999 -9999 -9999 -9999 -9999 -9999 -9999 -9999 -9999 -9999 -9999 -9999 -9999 -9999 -9999 -9999 -9999 -9999 -9999 -9999 -9999 -9999 -9999 -9999 -9999 0.6947707978416 0.697384499123007 0.692498077191293 0.689037368476876 0.687515108482787 0.671714646219988 0.644551481621047 0.516955869766993 0.447377297531768 0.473316182644761 0.450203673632195 0.406330614661011 0.410163470993752 0.418522081756699 0.435988452115536 0.491334066194225 0.567077515155281 0.580239654039819 0.589272836193697 0.593161749673023 0.59687159109567 0.600464060577118 0.589848747221758 0.583867645925444 0.596350454009163 0.619141975821021 0.650094254474069 0.657356328337949 0.660241086821828 0.658854852555557
-9999 -9999 -9999 -9999 -9999 -9999 -9999 -9999 -9999 -9999 -9999 -9999 -9999 -9999 -9999 -9999 -9999 -9999 -9999 -9999 -9999 -9999 -9999 -9999 -9999 -9999 -9999 -9999 0.69759620107976 0.692723188264645 0.68923262667897 0.687621693327159 0.669147327417972 0.639869560937577 0.53307910269681 0.456938297642046 0.431258132429742 0.398508641755602 0.363614680429582 0.395589165690455 0.414794074937034 0.408301118717591 0.458709160625469 0.539758182934829 0.578410056922457 0.605138111971082 0.605601010449906 0.598640190645541 0.586813529447729 0.58803866407099 0.591066117404508 0.596307500691287 0.608204428247253 0.625370129372744 0.622437279308366 0.618666127412926 0.623202117484175
-9999 -9999 -9999 -9999 -9999 -9999 -9999 -9999 -9999 -9999 -9999 -9999 -9999 -9999 -9999 -9999 -9999 -9999 -9999 -9999 -9999 -9999 -9999 -9999 -9999 -9999 -9999 -9999 -9999 -9999 -9999 -9999 -9999 0.633879747875574 0.55331942922924 0.481859920815158 0.425383704532221 0.380982289010759 0.342958231013709 0.382859861062352 0.405561226939249 0.393648281881249 0.438327817419618 0.513482197791897 0.574228795841662 0.616540407049925 0.614026326880652 0.598156649947535 0.573533109641816 0.583172105547879 0.592813499756147 0.593301836859944 0.596842715380493 0.602800097929261 0.592787105809065 0.584284886761377 0.591415993678131
-9999 -9999 -9999 -9999 -9999 -9999 -9999 -9999 -9999 -9999 -9999 -9999 -9999 -9999 -9999 -9999 -9999 -9999 -9999 -9999 -9999 -9999 -9999 -9999 -9999 -9999 -9999 -9999 -9999 -9999 -9999 -9999 -9999 0.635515085241805 0.582279161350637 0.540866461921181 0.518919153102135 0.458185040202936 0.381408009630035 0.368773062435374 0.374082996321579 0.415505729826472 0.455557001160005 0.494869745105671 0.564043326330409 0.612942026713439 0.608771374272243 0.590309351833658 0.562480117837508 0.565880960452863 0.571535549250776 0.575972376676484 0.581772172013794 0.5886509428666 0.582532201285058 0.57585602406787 0.574488438563306
