layers/veg50/veg4500.asc
NCOLS 255 
NROWS 330 
XLLCORNER -2985163.8955 
YLLCORNER -3022031.214 
CELLSIZE 25000 
NODATA_value -9999 
[rows 175 to 199 of 330, columns 57 to 113 of 255]
-9999 -9999 -9999 -9999 -9999 -9999 -9999 -9999 -9999 -9999 -9999 -9999 -9999 -9999 -9999 -9999 -9999 -9999 -9999 -9999 -9999 0.573398137682617 0.432927552562187 0.21567756516464 0.256909722723703 0.275964799524903 0.214665046653244 0.146964569032939 0.0750087837971201 0.0346182221324901 0.00508788579143058 0.00156747011526566 0 0 0 0 0 0 0 0.0452205699878715 0.110261221056502 0.236393691818816 0.301650876394269 0.296278289840453 0.304782147801743 0.317329566039405 0.331252581419399 0.33673430622535 0.330414122920061 0.332861302308218 0.337651963199832 0.327855088856693 0.311322276499206 0.283372938414325 0.27462782204761 0.274558436113785 0.276092604779569
-9999 -9999 -9999 -9999 -9999 -9999 -9999 -9999 -9999 -9999 -9999 -9999 -9999 -9999 -9999 -9999 -9999 -9999 -9999 -9999 -9999 -9999 0.433868610361841 0.218074050767487 0.228816094106923 0.227579285034992 0.174846025207361 0.110139457517356 0.037472836844222 0.0143240090787584 0 0 0 0 0 0 0 0.00278137650234637 0.00824759231149958 0.0368003134004658 0.0848563057313935 0.219489213599818 0.288083276242097 0.280056614512804 0.297482457014784 0.319714785290232 0.320704936861861 0.321038602327368 0.320454423698681 0.32138591250698 0.321739303458448 0.302019519066352 0.284554311150229 0.270910312735662 0.267700031375247 0.269182918157615 0.268698466736502
-9999 -9999 -9999 -9999 -9999 -9999 -9999 -9999 -9999 -9999 -9999 -9999 -9999 -9999 -9999 -9999 -9999 -9999 -9999 -9999 -9999 -9999 0.248656549496493 0.233927993826311 0.214357584810269 0.18608285937452 0.136166754935434 0.0747242073334395 0.00561868978709746 0 0 0 0 0 0 0 0 0.00851859290640448 0.02526011178292 0.0355886851854785 0.0631976598818022 0.2007217082735 0.272878074746527 0.269192425479459 0.289787692417915 0.313919051619585 0.308234130421162 0.306532643287271 0.310400461271409 0.306480679292309 0.298815326387394 0.27440419762569 0.259385924480452 0.260287301660186 0.261527014408945 0.262906308050814 0.2624665659828
-9999 -9999 -9999 -9999 -9999 -9999 -9999 -9999 -9999 -9999 -9999 -9999 -9999 -9999 -9999 -9999 -9999 -9999 -9999 -9999 -9999 -9999 0.263723512856785 0.272297327553584 0.226682912035742 0.173159563878283 0.104608308140897 0.0496518507534909 0.00373344002826621 0 0 0 0 0 0 0 0 0.0241581636179527 0.0716359990627989 0.0789082441585286 0.0932883744797106 0.19930851882128 0.26219290836186 0.275029590862012 0.286886822768838 0.297190265632744 0.295848760339511 0.294987175955568 0.294796576940798 0.277918770964696 0.255872089492241 0.248943996388689 0.245577533279196 0.248247562841102 0.251424730504347 0.254843828562214 0.260091113023908
-9999 -9999 -9999 -9999 -9999 -9999 -9999 -9999 -9999 -9999 -9999 -9999 -9999 -9999 -9999 -9999 -9999 -9999 -9999 -9999 -9999 -9999 0.324268596256661 0.315681385091549 0.243651286808124 0.17062826909579 0.100992424895292 0.0470488342138503 0.00353771306147938 0 0 0 0 0 0 0 0 0.0288973324519397 0.0856890164824528 0.102882535713075 0.120824159744108 0.19211946907821 0.241282365177211 0.264766412284268 0.275410626203416 0.281689447205936 0.281015201863307 0.277581501085041 0.270289759974815 0.252960470432543 0.233079273821571 0.232239054564872 0.234156579388934 0.24074811638183 0.246581985489699 0.252100545123927 0.261312174401767
-9999 -9999 -9999 -9999 -9999 -9999 -9999 -9999 -9999 -9999 -9999 -9999 -9999 -9999 -9999 -9999 -9999 -9999 -9999 -9999 -9999 -9999 0.341949290631749 0.360706812364809 0.264787768875296 0.17742597074179 0.122460842808952 0.0646167547979287 0.00485868653833188 0 0 0 0 0 0 0 0 0.0238511083682386 0.0707254907175204 0.10949039941348 0.146066361002506 0.179745375424056 0.211192405412958 0.240049804050343 0.256236278302236 0.267290986765567 0.263983881722323 0.254915062988469 0.237790696948975 0.231237162389282 0.228375680122101 0.223393791165447 0.224878850346421 0.23732453292293 0.246460777825885 0.254132353828404 0.265761860404159
-9999 -9999 -9999 -9999 -9999 -9999 -9999 -9999 -9999 -9999 -9999 -9999 -9999 -9999 -9999 -9999 -9999 -9999 -9999 -9999 -9999 -9999 0.353492240438646 0.353449962043739 0.273034200196783 0.192996961717635 0.121404159529753 0.0596687254061645 0.00448663251190767 0 0 0 0 0 0 0 0 0.0114796659416145 0.0340405567095182 0.0792983136569224 0.130283625267511 0.187022678040237 0.218682360388465 0.221244024409335 0.237350806625098 0.254267410680718 0.24396448323041 0.233620299257022 0.223218433855645 0.219627722179666 0.218490405650782 0.21731631600336 0.222083504276994 0.236920374322468 0.244133080814962 0.247985192135528 0.262857071303065
-9999 -9999 -9999 -9999 -9999 -9999 -9999 -9999 -9999 -9999 -9999 -9999 -9999 -9999 -9999 -9999 -9999 -9999 -9999 -9999 -9999 -9999 0.342056533031994 0.339613173148266 0.275150182393031 0.202643059433497 0.115494077579468 0.0518756225416008 0.00390065068570328 0 0 0 0 0 0 9.24979605135222e-05 0.000577280259534283 0.00189835936438575 0.00402670873076317 0.0459229894926906 0.101912353874098 0.191931390903038 0.229078448495321 0.204881469111747 0.218650288173939 0.239173560443738 0.224232418487094 0.214715133483461 0.212781032686847 0.210401769503577 0.208187000635248 0.211773309047168 0.220046434603799 0.236263096516941 0.240479057582916 0.239408433601297 0.256116320721035
-9999 -9999 -9999 -9999 -9999 -9999 -9999 -9999 -9999 -9999 -9999 -9999 -9999 -9999 -9999 -9999 -9999 -9999 -9999 -9999 -9999 -9999 0.344386746424382 0.3455472643895 0.257930661639969 0.173601518566747 0.105882389159257 0.0506845575508047 0.00381109169353234 0 0 0 0 0 0 0.000659950620317257 0.00411875530294381 0.0135443358227158 0.0287295947926937 0.0308693292854073 0.0475488997283869 0.166165672379512 0.21899524967686 0.195496076144009 0.20062732850137 0.212154163575113 0.208790616306094 0.206787811723161 0.206687484019013 0.203886836769324 0.200617918655911 0.206367315095169 0.215796302290584 0.231461710077232 0.23209325862187 0.226061154673814 0.236607003727242
-9999 -9999 -9999 -9999 -9999 -9999 -9999 -9999 -9999 -9999 -9999 -9999 -9999 -9999 -9999 -9999 -9999 -9999 -9999 -9999 -9999 -9999 0.312437814626952 0.32349319704547 0.223699648739827 0.133467778993369 0.0778255090398636 0.0357477715441469 0.00268795944519451 0 0 0 0 0 0 0.00172183635485947 0.0107459897741587 0.0250385214776833 0.0444165743570299 0.0343962873088638 0.0369567546896988 0.150101883887455 0.203646740396148 0.188041143856469 0.189074837957181 0.19444081690161 0.196755108326971 0.198864781049948 0.200688372977319 0.199738141881164 0.19801862524843 0.200417115296927 0.207187901442655 0.221369152289141 0.222173215601775 0.217029372274092 0.224051896065723
-9999 -9999 -9999 -9999 -9999 -9999 -9999 -9999 -9999 -9999 -9999 -9999 -9999 -9999 -9999 -9999 -9999 -9999 -9999 -9999 -9999 -9999 0.292579015309711 0.272921035940049 0.171115616312923 0.0813671092002671 0.0298688482014647 0.00598127606624551 0.00044974628633076 0 0 0 0 0 0 0.0033171461886457 0.0207023268628134 0.03636894609664 0.0503766524496328 0.05796913232799 0.0735877270476262 0.14450512026161 0.182617697926892 0.182668908504212 0.18450307815864 0.186767396148269 0.188394515132537 0.190946379859231 0.194791146919119 0.198142286509891 0.200781038263558 0.193879793543933 0.193877538719254 0.205568161035207 0.210597937936118 0.212653406739633 0.21899940713776
-9999 -9999 -9999 -9999 -9999 -9999 -9999 -9999 -9999 -9999 -9999 -9999 -9999 -9999 -9999 -9999 -9999 -9999 -9999 -9999 -9999 -9999 0.31634537013101 0.247521895254298 0.170974246633363 0.0985733747638271 0.0374165467598658 0.00835395948634999 0.000628153961384018 0 0 0 0.00860343781669057 0.0241121534538234 0.0268917683104901 0.0331222120539128 0.0618568913331486 0.0747053213945267 0.0722188889150541 0.0904406029908142 0.115635678829926 0.156395096233819 0.178573720445721 0.179194217332812 0.181883321623493 0.184463861859273 0.180773033508169 0.179420479051502 0.181337104040679 0.184184410240353 0.187046117752843 0.184175716822881 0.186118319535891 0.196218328062166 0.2007699478709 0.20284387564352 0.208472811220508
-9999 -9999 -9999 -9999 -9999 -9999 -9999 -9999 -9999 -9999 -9999 -9999 -9999 -9999 -9999 -9999 -9999 -9999 -9999 -9999 0.342991999600785 0.35397567609313 0.307938152082069 0.230733578485348 0.181760152153538 0.126883545073443 0.0543955680248365 0.0163604572430471 0.00123018145396394 0 0 0 0.0193648637875074 0.0542723242970305 0.0601786161598256 0.0686130572215164 0.105698192604742 0.11520961394255 0.0981043613991564 0.122762752947615 0.15378497851582 0.170752149054233 0.178298594813048 0.174914765303631 0.177902567175565 0.181330096050163 0.17248875687468 0.167127577567276 0.166632067391294 0.168387877057027 0.17102150329791 0.174836925183006 0.180339904732358 0.188703071749202 0.191618803336179 0.192106094477023 0.196664350913614
-9999 -9999 -9999 -9999 -9999 -9999 -9999 -9999 -9999 -9999 -9999 -9999 -9999 -9999 -9999 -9999 -9999 -9999 -9999 -9999 0.338006812342949 0.333817548098269 0.296931002708281 0.242172546980116 0.175500489532425 0.107501261665881 0.0372428713087443 0.00590572512688443 0.000444065432608224 0 0 0 0.0300846589630443 0.0843158199058042 0.0906950267913059 0.0934856674823103 0.110639716337412 0.120851484102706 0.124361926415265 0.137084961023734 0.152264067310408 0.170553382740253 0.17423515159149 0.160968701613165 0.159957555414005 0.161753243884872 0.157805051972435 0.155891708838091 0.156823321470719 0.162168125834203 0.16901413106253 0.174257554840052 0.17897167795989 0.1827887063376 0.184258216180436 0.184672091469065 0.185570070419034
-9999 -9999 -9999 -9999 -9999 -9999 -9999 -9999 -9999 -9999 -9999 -9999 -9999 -9999 -9999 -9999 -9999 -9999 -9999 -9999 0.30040250706917 0.305952307265807 0.282986381934846 0.24443413040164 0.166858105855878 0.0924413386376232 0.0296765767548924 0.00296529683430896 0.00022296767852348 0.00390925940231888 0.0073564766932102 0.00819833930420982 0.0403291835421139 0.0975731413348504 0.108735346992337 0.113285670439772 0.118283147096691 0.127602268745256 0.141093037897798 0.141433112556752 0.142012415035548 0.160256250666509 0.163666912446852 0.149867574245037 0.146721508361405 0.146324248953557 0.14374617817565 0.143534903099806 0.146632684281275 0.153001677467337 0.160394936244285 0.165020929757358 0.168674720112847 0.170680754456156 0.173630661713854 0.176979551916741 0.17658870233602
-9999 -9999 -9999 -9999 -9999 -9999 -9999 -9999 -9999 -9999 -9999 -9999 -9999 -9999 -9999 -9999 -9999 -9999 -9999 -9999 0.295909881144233 0.287785902726931 0.265228203895992 0.234781220450456 0.155122366719425 0.0829928979305989 0.0345557799238179 0.00978027516269448 0.000735402008701442 0.0128936948890445 0.0242634617401841 0.0270401308039676 0.0499566904928877 0.0890378977335216 0.1105786464119 0.126500186832645 0.129434314875317 0.135792695959838 0.14545647965902 0.132832496043824 0.120426122688317 0.13684896674018 0.14465385516526 0.142459870950078 0.139598850729589 0.136280188524906 0.130498488175299 0.129722846605499 0.135946258699415 0.140009694559436 0.143191976473785 0.144545067855106 0.146786082678896 0.150532010523459 0.158761783595363 0.16895136861406 0.170350412016857
-9999 -9999 -9999 -9999 -9999 -9999 -9999 -9999 -9999 -9999 -9999 -9999 -9999 -9999 -9999 -9999 -9999 -9999 -9999 -9999 0.1903644474149 0.195998601019295 0.183134469022004 0.160159413727632 0.112371407857741 0.0697720506400718 0.0426522527067774 0.0276537550815259 0.0207136982635686 0.0304169877046139 0.0398632105436605 0.0437311635220938 0.0572345019485851 0.0784713783913343 0.0998042740754707 0.11720900386922 0.117895001384252 0.121745138854214 0.128649593967283 0.117514817894912 0.106861252178972 0.121342024232719 0.129729646123433 0.13104776857639 0.129651279136651 0.12766616517903 0.127254738580748 0.129453809546525 0.135302660377761 0.137294284116695 0.137847649276956 0.137549378892539 0.138635531723035 0.142068099145976 0.151396487486771 0.163317705174637 0.165889669103467
-9999 -9999 -9999 -9999 -9999 -9999 -9999 -9999 -9999 -9999 -9999 -9999 -9999 -9999 -9999 -9999 -9999 -9999 -9999 -9999 0.0997913032686915 0.0984645233784601 0.0875521765296557 0.0714004829454791 0.0630824605367468 0.0558506513582811 0.0506463265862814 0.0473378783880121 0.0452898402743941 0.0494041949439476 0.0541065607676088 0.0589463790301593 0.0635483558209598 0.0679594366612518 0.0853187187194416 0.100725260902746 0.0998455209637185 0.101772801611736 0.10640967558549 0.101623759369804 0.0975930598593151 0.109665055950839 0.117155476747233 0.119330183486642 0.119531977965924 0.11993506230771 0.12720933631947 0.133231372576612 0.137502634496134 0.137638385184646 0.136290685963606 0.135075487039503 0.135236016066097 0.137728222360142 0.146475823392067 0.15799069437394 0.161857169505639
-9999 -9999 -9999 -9999 -9999 -9999 -9999 -9999 -9999 -9999 -9999 -9999 -9999 -9999 -9999 -9999 -9999 -9999 -9999 -9999 0.100357572518389 0.100754292533475 0.0911417198989037 0.0760581975548362 0.0611413751380539 0.0489237379946468 0.0435413151963122 0.0433472614280701 0.0466025211536663 0.0509698992060692 0.0562395416454243 0.0641010673177646 0.0673329793669943 0.0668490781622634 0.0763736432500396 0.0866449487814694 0.0938958547502794 0.0996045105813371 0.103824445346666 0.106983404582968 0.110087309439174 0.114177513778515 0.11776067665502 0.120755551168278 0.119255703713932 0.117609640498903 0.126111308629235 0.131887588264603 0.1338534571218 0.133951658607622 0.133434461142522 0.133950900071195 0.135074310260399 0.137226456610307 0.14136167984834 0.146422659811432 0.155809783475674
-9999 -9999 -9999 -9999 -9999 -9999 -9999 -9999 -9999 -9999 -9999 -9999 -9999 -9999 -9999 -9999 -9999 -9999 -9999 -9999 0.0976548096045226 0.0994100564989371 0.0912475753408245 0.0776641924959483 0.059876370513505 0.0455387903135835 0.0403496669902634 0.0416632044102637 0.0472998181800179 0.0516074555396457 0.0565511724811665 0.0639250899484115 0.0656339625429527 0.0627959656714993 0.0688925639333012 0.0772504210397738 0.0896748365483573 0.0975808881820956 0.101125401231106 0.110239076840571 0.119005776121305 0.118841826176749 0.119413813011303 0.120839661068205 0.118733229860123 0.116487365933606 0.121993034454418 0.12620712054058 0.128615423840555 0.129779847257924 0.130539917235399 0.132086694582369 0.133776703255006 0.135709470116771 0.137143663320804 0.138433585669596 0.150956199178977
-9999 -9999 -9999 -9999 -9999 -9999 -9999 -9999 -9999 -9999 -9999 -9999 -9999 -9999 -9999 -9999 -9999 -9999 -9999 0.0970781096355417 0.0963324038354241 0.0940627699526336 0.0858861423988867 0.0744808286193229 0.0596724048339296 0.0477125919339261 0.0432996381036246 0.0435990549850377 0.047031333810081 0.0507883795645612 0.0540043825468231 0.0553831834164872 0.0553289385443309 0.0541245047375286 0.0637090753670674 0.0752097479033632 0.0881667528544346 0.0957843082571333 0.0982477379914479 0.110192780856514 0.122312420875704 0.123744458638939 0.122711577385768 0.11881880541362 0.11782437116037 0.117253306698079 0.113134795372865 0.113720676122439 0.120883845320847 0.124846745460245 0.127585235480582 0.12906173421823 0.130696416640001 0.132599199524633 0.134332025587319 0.136061320249556 0.147976163398989
-9999 -9999 -9999 -9999 -9999 -9999 -9999 -9999 -9999 -9999 -9999 -9999 -9999 -9999 -9999 -9999 -9999 -9999 0.127656229134735 0.124761749157012 0.117333336961392 0.100639358330994 0.0848385309879287 0.0695258885693144 0.058940169068596 0.050371694878188 0.0464830095804444 0.0465072839217594 0.0491329585115083 0.0530025728700314 0.0559343970698976 0.0554874584564162 0.0535273150911944 0.0503526456920065 0.0625511047613729 0.0754581486744557 0.0818664893840956 0.089982782702812 0.0997477482869133 0.111741049544726 0.122539803371566 0.123534357727582 0.12204903644121 0.117686471202125 0.116664796644595 0.115939488565328 0.109380219706988 0.108511714796861 0.115599561182835 0.120177890326897 0.123717664944366 0.124867928274454 0.126417619865301 0.128644289629862 0.130803992393178 0.132975989618066 0.141067074312051
-9999 -9999 -9999 -9999 -9999 -9999 -9999 -9999 -9999 -9999 -9999 -9999 -9999 -9999 -9999 -9999 -9999 -9999 -9999 0.158295309214085 0.146966543851898 0.112486257240007 0.0859891284665365 0.0638554903597576 0.0578870962778571 0.0530585308906787 0.0496177627106468 0.0496718726933772 0.0520494354483021 0.0562829455416757 0.0595165355361507 0.0589963882469661 0.055165667080525 0.0486778182803832 0.0628054153164244 0.0761825020296972 0.0736320044332531 0.0825429500474776 0.102517530239322 0.113477200268973 0.121223906312278 0.121148890402067 0.119787279450244 0.116932913079643 0.115430488288972 0.113816588509082 0.107735089866285 0.106303109679609 0.111371698226984 0.115738294211348 0.119667374480138 0.120304002805847 0.121690840254782 0.124349183132955 0.126979674321314 0.129601399525847 0.132752218143625
-9999 -9999 -9999 -9999 -9999 -9999 -9999 -9999 -9999 -9999 -9999 -9999 -9999 -9999 -9999 -9999 -9999 -9999 -9999 -9999 0.153085519508749 0.137228977645218 0.103058383935623 0.0588775667133447 0.0528910157158581 0.0490605016161421 0.047145837161435 0.047193350285793 0.04854535149909 0.0522468783895594 0.0553325215980618 0.0557618567735157 0.0537057580063895 0.0496548041309278 0.053246897133238 0.0586989195943073 0.0673139079166841 0.0758620233925985 0.0843455870731739 0.0969838846566744 0.109542192740742 0.116493672159067 0.119080059217474 0.116601903771839 0.115317869580661 0.113697013158985 0.105959956062069 0.103616805556703 0.10881496516212 0.11592583292807 0.123152196594251 0.120131455403611 0.118823780507534 0.12041952683994 0.123166488261276 0.126455920468704 0.132960082489224
-9999 -9999 -9999 -9999 -9999 -9999 -9999 -9999 -9999 -9999 -9999 -9999 -9999 -9999 -9999 -9999 -9999 -9999 -9999 -9999 0.15580692746573 0.154370556237644 0.11712635827209 0.0603100660393392 0.0511343823247415 0.0456861695178833 0.0452626591213361 0.0457394130018402 0.0468146774549044 0.0494657837192934 0.051869266959893 0.0530246337966876 0.0522432922632289 0.0499075128830956 0.0471099142700509 0.0473455393091278 0.0607305829316164 0.0682181765612979 0.0700130113942978 0.0804478950597187 0.0930890124979716 0.1080733794281 0.114938534795182 0.112383478934216 0.112744972660148 0.113021313360866 0.105073894215027 0.102249371841188 0.106587256262396 0.11393533412957 0.121781768874384 0.119152824209644 0.118017721058326 0.119414482071181 0.121981671188554 0.125108733310083 0.132666725032895
