layers/veg50/veg4100.asc
NCOLS 255 
NROWS 330 
XLLCORNER -2985163.8955 
YLLCORNER -3022031.214 
CELLSIZE 25000 
NODATA_value -9999 
[rows 175 to 199 of 330, columns 114 to 170 of 255]
0.331016064431912 0.33526835108863 0.341535654371264 0.348920814882309 0.351360240060544 0.35338378778168 0.354849028202414 0.361786603335894 0.372414143357012 0.379301000160351 0.38697841143874 0.398391074248217 0.410858274820361 0.424183590267072 0.432141307653379 0.439584213660141 0.448291851409671 0.449173541821783 0.442397440504431 0.431188551436328 0.422564952143455 0.435395313705544 0.44546229845957 0.452278937414902 0.455236807167629 0.457830576267308 0.467426970732157 0.469787027288678 0.461887170945624 0.45534729155135 0.450379094093218 0.465946231532791 0.4709433581685 0.457762283272412 0.450344731655526 0.445532638032424 0.431024975457308 0.429269954523392 0.454396655892283 0.439348438813112 0.401680681311205 0.40731403276024 0.404096654210117 0.372636276369213 0.370348886056196 0.388012344450743 0.421133323984649 0.447469829882137 0.446080731784529 0.499095193982835 0.596992084855747 0.649015277233093 0.681756111056137 0.660470645844722 0.592588250285502 0.478485723108071 0.484847790752534
0.329343629365208 0.331566421419163 0.337005540021055 0.344228958481472 0.344824701118675 0.347295504824522 0.355296464242638 0.364799048599853 0.375314170309138 0.381415668265161 0.387795733289557 0.396433330127006 0.407810340062207 0.421416507842661 0.426421064840351 0.43082635744303 0.438237153363846 0.44184945302502 0.441744874462084 0.432669867144022 0.424271980587012 0.431652528293505 0.441071543006969 0.452888248347549 0.462131060824121 0.470277528522387 0.475017633501765 0.47036561143143 0.452397129199536 0.44088114270125 0.43245616007741 0.437890695743813 0.440904027265793 0.439753395504889 0.428177530439802 0.411837462252324 0.399313289428447 0.397052248944852 0.416425210363819 0.414292641385723 0.400051890663398 0.40394125598406 0.400719122772106 0.376730661809179 0.391811979485713 0.433612372194548 0.441075778912873 0.449526640208765 0.472396578727103 0.511614152157516 0.564318371571185 0.624996055203038 0.674278951137284 0.667556720799701 -9999 -9999 -9999
0.328644666060875 0.329526844615044 0.333592594977701 0.33942447407226 0.339869498510729 0.343566999905158 0.356220744104303 0.367078809930804 0.37672605980902 0.382704159904435 0.388465112440306 0.39462831459866 0.404238790246506 0.416654434910349 0.420239588147103 0.422900856077162 0.427309155205463 0.433063462145537 0.440134855317397 0.433854385375563 0.426449770294804 0.429593530170935 0.438279575732162 0.453484582058765 0.466580783900255 0.478021890474677 0.479509330760197 0.470507886585109 0.446634964275248 0.432340943943421 0.421808501066232 0.416018747946273 0.415333163957709 0.423425680279976 0.408391113583703 0.382811668949506 0.372084762270197 0.368071272819965 0.378209221380184 0.38720006220424 0.395545051068675 0.399969567017783 0.39978582220666 0.387957340085019 0.418620694739259 0.478343404593641 0.459145019684399 0.449625234969931 0.498061832366406 0.523679556605346 0.53047192380226 0.593720338959128 0.65246070820933 -9999 -9999 -9999 -9999
0.327065158354002 0.330640590878095 0.333226556666108 0.335263602644241 0.340313200573552 0.346522011913385 0.355409155099376 0.36419137688077 0.372902850742081 0.378831497869685 0.384607361425684 0.390727441172258 0.397886684258397 0.405891531504344 0.414468126108456 0.420881346034508 0.417541463649912 0.424068060143898 0.440249135143519 0.433314967833964 0.42424701844054 0.432302346407577 0.441331152924314 0.451504986751445 0.459739806058174 0.467155260769748 0.472066604422016 0.46942163288593 0.456063074359244 0.443520641893183 0.431532281995884 0.42441921887539 0.420781397981916 0.423120264789792 0.405849505626525 0.379629236630545 0.36375107318491 0.352274508594342 0.35007622229617 0.364332805340886 0.387853914528535 0.395406746542978 0.400566321098221 0.401289368529275 0.428178532242379 0.472962202875925 0.449652408052394 0.440106114252671 0.498693939131957 0.53023661197513 0.539467287209097 0.598242919085697 -9999 -9999 -9999 -9999 -9999
0.321902047987122 0.327158742934078 0.331379925908649 0.335026644867116 0.34172784509289 0.348475705086466 0.355025852421724 0.362223139282684 0.369856788729739 0.375505351088572 0.381106618908457 0.387156142021505 0.393095715074643 0.398945817854444 0.408457235107315 0.415630465585912 0.410279729634133 0.417815898227302 0.437962071307831 0.432347975266965 0.423872412775024 0.431545550321404 0.439284125179841 0.44709966887282 0.453070344447292 0.458549866012271 0.46437651747145 0.46540661656199 0.459636009253254 0.445831404608612 0.429863354834563 0.428895744788203 0.427795354618742 0.426466610488066 0.409872203719193 0.386256405380407 0.356162740688185 0.333304780774771 0.325699206367165 0.345564175878453 0.380895787329818 0.385198700877771 0.389918479361774 0.399320674662003 0.419125263930772 0.446043851656658 0.454384751850507 0.470962851867726 0.521141922697119 0.544245329807691 0.545011567456049 -9999 -9999 -9999 -9999 -9999 -9999
0.313521903928922 0.319551387003151 0.328204153437289 0.338312221147026 0.344014113754549 0.349530504957463 0.355027026393718 0.361080072055973 0.367508378911277 0.372669816172271 0.377926366265017 0.383880704786581 0.389706193030219 0.395426831221072 0.402231406482755 0.407478753641387 0.405267617186178 0.414026368643092 0.433519298762947 0.430997144592679 0.425138951075463 0.427677641575346 0.43266003200261 0.440516757109479 0.446554854564508 0.451974403058096 0.456464372581025 0.458762422583147 0.457952698507931 0.440180441049696 0.417967086854166 0.429849708486957 0.436214875117952 0.433091176427391 0.419787740869648 0.401689744939604 0.349243521786059 0.311486653801751 0.304693971715291 0.33047492264377 0.374595689486233 0.369922883655388 0.36901130914383 0.383616378986236 0.393364631516869 0.39979139949626 0.471886971446213 0.538065375886668 0.563174223310951 0.564943474865717 0.547457778008837 -9999 -9999 -9999 -9999 -9999 -9999
0.312591196989927 0.321240031057582 0.33061914847251 0.340403400270964 0.344005247684625 0.348262229268868 0.354854163334352 0.359548916264851 0.362964410498457 0.367844171428649 0.373046396592009 0.378862938422167 0.384307242626436 0.389448643838552 0.396473276112483 0.403232963231257 0.4076168916156 0.41610913133871 0.428621407389135 0.429684599127866 0.427842063970174 0.42326208490678 0.421469612834758 0.422955869024404 0.436915814741657 0.451953703155795 0.443417965469911 0.437477344022943 0.435216161943354 0.419071963884661 0.399497966799091 0.411754409264318 0.419451772951463 0.419308477403233 0.40165816001396 0.376003953229024 0.355850623305829 0.341778643785205 0.340525747349287 0.357108548121708 0.383733317603866 0.380232909745416 0.377062788395029 0.37824331013167 0.379177096051164 0.379942144060153 0.453352541464843 0.524037336605291 0.562084487308898 -9999 -9999 -9999 -9999 -9999 -9999 -9999 -9999
0.312051248022124 0.324012485261759 0.333412781414151 0.341392361494481 0.342963923830035 0.345942624751867 0.353220820156058 0.356784612199852 0.357843802698265 0.362484787343046 0.367623448812992 0.373308227800805 0.378656155506267 0.383729975345576 0.391048734611474 0.399163536043532 0.409267471072604 0.417373277416692 0.423523888733449 0.427123586685566 0.428263585169465 0.417796865745436 0.410416781143949 0.40666726567016 0.427466107447818 0.450528871382132 0.428547273199553 0.414389708256337 0.411325309577078 0.398496065995739 0.383390918550635 0.3932870946256 0.400362517198798 0.40258683539962 0.378543613152703 0.342641506318204 0.355099074246466 0.364954648898307 0.369325394394081 0.377672760060775 0.388259067937602 0.389767100943354 0.387050889824399 0.374294526771419 0.369550587966953 0.37028619299769 0.43744029481797 0.497983879915417 0.514893048730713 -9999 -9999 -9999 -9999 -9999 -9999 -9999 -9999
0.306500119573951 0.323592889560933 0.332883932308902 0.33784686328049 0.338783274748349 0.340413117979492 0.344252213011254 0.34805398226257 0.351830582947547 0.356259532842274 0.361013631739551 0.366637772314927 0.37360335820286 0.381660525840519 0.386896503502935 0.392320178294296 0.400395739537474 0.408902122399868 0.417830069846108 0.418115931688406 0.415616380824046 0.407457786338629 0.404372064904117 0.407253170563256 0.421931069031128 0.435719347958079 0.409145969532077 0.3958385958502 0.40134019086552 0.395216346406915 0.385604392769331 0.39085463494463 0.393051925553093 0.389998779820611 0.356251940015951 0.308596931401436 0.303820369233773 0.302502257487436 0.308474329723355 0.327767604207454 0.354561067475301 0.371214818191912 0.379703029586405 0.36792673274033 0.372441597030535 0.388097675116201 0.468940096533177 0.534198759789093 0.52616744425672 -9999 -9999 -9999 -9999 -9999 -9999 -9999 -9999
0.302790904583876 0.322312838455859 0.331055378057429 0.333817905559788 0.334624360351878 0.335577935961066 0.337114994492096 0.340824383357885 0.345998562496999 0.350190581834484 0.354509909599114 0.359546238729353 0.366590475507758 0.375268618136333 0.379656987743978 0.38400824646378 0.390993387677523 0.399749820884737 0.410239486452614 0.409006932520429 0.404863101272238 0.3983034712171 0.39817115543879 0.405598790911287 0.414432450566321 0.420245735299927 0.393667284073622 0.383823642877132 0.397707154208892 0.397698588951972 0.39300306218462 0.396137322755692 0.394657373709951 0.385241951949864 0.345924139612978 0.293027798227751 0.274179382668349 0.263164265051019 0.268661219670835 0.288687888689368 0.316895170758738 0.351312231553011 0.375994719698822 0.374402928831144 0.38353576871883 0.400002978644562 0.480330548169569 0.545828248992 0.54099009238226 -9999 -9999 -9999 -9999 -9999 -9999 -9999 -9999
0.301068856467276 0.320104476377265 0.327824623827173 0.329267362684161 0.330488894639315 0.331491833191948 0.331953588024989 0.335214186890878 0.340362030735246 0.344290260423321 0.348120649045013 0.352000420797693 0.357462934959196 0.364213382897659 0.369086723865816 0.374111928704199 0.381018570739346 0.38986265761404 0.400602559580365 0.399788597173716 0.396153101546727 0.39042735096962 0.391801735340022 0.401527457728988 0.404815404002798 0.404055663287384 0.382420554751864 0.378860291296113 0.400927125212133 0.406397182340404 0.405995831627723 0.409743575092951 0.405881981149431 0.388933922914964 0.348503683727486 0.297391081337407 0.267882466437491 0.248763474598989 0.25154511870916 0.261287308437054 0.274948469230637 0.329952855974058 0.376212975339544 0.394735992942162 0.403480004971181 0.405536341954137 0.470025825069021 0.52631113163512 0.534914034657466 -9999 -9999 -9999 -9999 -9999 -9999 -9999 -9999
0.29581468176806 0.307272574010654 0.316360984355254 0.324134893155202 0.326565755933432 0.328289457382167 0.328744384823707 0.331116720889107 0.334781954934745 0.337519349145659 0.340376204379708 0.343907756249452 0.348414358781861 0.353714394709176 0.359079081944511 0.365224318335343 0.374711972830308 0.383025479558811 0.390190067355523 0.389596251342922 0.387431545039914 0.385827813527031 0.382947267427071 0.378564903364135 0.382116529533342 0.386848334505179 0.381266283019506 0.382380013707725 0.392987239969113 0.400089857067297 0.405586135880435 0.404942719254269 0.398717791403752 0.382893834964622 0.353076909868576 0.316915237105462 0.299194762700645 0.286863845773081 0.285893758351655 0.281945522631853 0.276320510743677 0.322275826529766 0.363925738318482 0.388308139415706 0.409773955820027 0.429245175685502 0.478503045167009 0.518643602752743 0.518608083015544 -9999 -9999 -9999 -9999 -9999 -9999 -9999 -9999
0.289982121843479 0.292997600286647 0.303926190430309 0.319244684359309 0.322688815618339 0.32497753091062 0.325520745372907 0.326936528385666 0.32894067952324 0.330101765265691 0.331744819076233 0.335227966223061 0.339049939803136 0.343147628499882 0.348818330004467 0.35592338541759 0.368223119547461 0.375960141104039 0.379232488787763 0.378314741099966 0.377223325128779 0.380529046631795 0.373543658343523 0.354453635835114 0.359372365795202 0.371042955901379 0.381603819523283 0.385876260306316 0.381232772698517 0.388087130461807 0.39833698054308 0.392847718208887 0.384492296963407 0.37120768356493 0.355029235639339 0.337580797408122 0.335202755087349 0.331554657000398 0.325229365640394 0.308384259461364 0.285616219627938 0.314851863920132 0.344734513205993 0.370302273581972 0.40407011134278 0.443445825332878 0.482840302259263 0.509616241673384 0.49412253020542 -9999 -9999 -9999 -9999 -9999 -9999 -9999 -9999
0.286485948335579 0.287985788662354 0.299779843042344 0.317284749353881 0.31875761637055 0.319163761055002 0.318486392857979 0.319264019149902 0.321022740140475 0.319458713670268 0.318995102813631 0.323157834975048 0.327154131315246 0.33101499290962 0.335582100247001 0.341592984207249 0.353404105848692 0.361390811861169 0.365635277207969 0.360667206824499 0.355826640781831 0.363744447009069 0.364711436954915 0.357502720847283 0.361093036244311 0.367738132632092 0.374052763335441 0.37310950234106 0.361875768790449 0.361592379008737 0.364928340368439 0.360654642829251 0.351889770263525 0.335401018672325 0.333437812490347 0.338104546253967 0.335302994148914 0.326386501965398 0.304580121889442 0.287280556500905 0.272518446841908 0.283391111535939 0.297196338495716 0.315736140901253 0.333779607661489 0.351483639958317 0.420344473499941 0.478537769662235 0.484447198214265 -9999 -9999 -9999 -9999 -9999 -9999 -9999 -9999
0.273943777006302 0.280862321342595 0.292491732904714 0.306734560610775 0.307085437111833 0.307608827930887 0.310024464538189 0.311896767812068 0.313402704438465 0.309854758411941 0.307724453879924 0.311789313551693 0.315579296114972 0.319145601401037 0.323164549061125 0.328565626916312 0.339664860719549 0.347215642390847 0.351294217284258 0.346042598490246 0.341007594917495 0.349424742705965 0.355277308430561 0.35811335519459 0.358050237969701 0.35727581165187 0.357619715775302 0.352834650143936 0.340777566039217 0.335754431576086 0.333339476746141 0.331459135002554 0.32450939556753 0.308841355405123 0.314965972923822 0.330986099417314 0.322077449958487 0.308271715307506 0.284143250046468 0.270164882953317 0.26190128927284 0.25967063783838 0.259884745467222 0.265819465251216 0.276945269693689 0.291621157738347 0.367732937004908 0.427610151530572 0.413231306269089 -9999 -9999 -9999 -9999 -9999 -9999 -9999 -9999
0.249657685134069 0.270997407784254 0.281124845298255 0.28503211875738 0.28536357002784 0.288600458869608 0.299709193209434 0.304925815983606 0.306169420670879 0.301599804674539 0.298373996563684 0.301331653505453 0.304421162848594 0.30761796517912 0.311809843156095 0.317229939749075 0.327327419629815 0.33355218883528 0.335987460041195 0.335342488344236 0.334727934671579 0.338305076182212 0.345061757036557 0.355558283400737 0.348823290715083 0.337521305766961 0.329655668208399 0.322812452896636 0.317418860768818 0.310769176613674 0.304113128753258 0.306155203965835 0.30390865308104 0.294286564844471 0.300544116835408 0.313946211006034 0.2915517756139 0.273349030164505 0.263982088950067 0.258226648254661 0.254504577759684 0.245998941475409 0.235849759958257 0.221938923482086 0.237580330245825 0.273431951451435 0.327953632538593 0.376168207574796 0.397216429930768 -9999 -9999 -9999 -9999 -9999 -9999 -9999 -9999
0.237647043110615 0.263444059474816 0.273264387116921 0.274221434553599 0.275217985234097 0.278021822196249 0.285486436819629 0.292244018907872 0.298524852886575 0.293421305493016 0.289205849564785 0.291370584254585 0.294182960372402 0.297522345348927 0.300989517597259 0.305565875561707 0.314868519120294 0.320201971861397 0.321651519523114 0.319590930577111 0.317183590610919 0.317238572350002 0.320617441953054 0.327905943033962 0.323072798589131 0.3150916788141 0.310140302315754 0.307541790540212 0.308279246131901 0.300933024118504 0.291098380978528 0.290392413864085 0.288601793902913 0.284945798550385 0.287309159403478 0.292315558693954 0.266343044365643 0.24675063507081 0.240607063797005 0.237083284621858 0.235034517607628 0.209957541226859 0.182601203717144 0.151923730499558 0.192233005027407 0.281088759861991 0.327615720368171 0.360354332580993 0.360609285162531 -9999 -9999 -9999 -9999 -9999 -9999 -9999 -9999
0.229501401249755 0.255307627200858 0.265521649096716 0.267085688761232 0.268916116844674 0.270324870524684 0.270617469251498 0.277902914365408 0.289903596939653 0.2850469354309 0.280437626036722 0.281767396655603 0.283944221285554 0.286810323883722 0.289238643723655 0.292769635703965 0.301367140206238 0.306043956459892 0.306884328031565 0.301966629417608 0.296306863851084 0.293635040679555 0.292634818788983 0.293600771827865 0.292984169984538 0.292079888741534 0.292738137625717 0.29583709674088 0.30239657341343 0.295419646185792 0.283778201435299 0.27789872436556 0.27491707320273 0.276919074783244 0.274675367064931 0.270405012972701 0.244608579292884 0.224759597944576 0.217447451432769 0.213698550777459 0.211955851672785 0.169224961906509 0.125521846583859 0.0840060350893035 0.153469990376623 0.298830887468395 0.340476432797071 0.364829912536184 -9999 -9999 -9999 -9999 -9999 -9999 -9999 -9999 -9999
0.219286691332939 0.229673050990859 0.244315653067336 0.261319462139461 0.263258269234161 0.264176591642328 0.264030023105825 0.266335704499032 0.270294924392958 0.273789195144598 0.276108937887842 0.274710642171199 0.269763245225089 0.261927818410187 0.263057210362006 0.266602051713198 0.274779917181003 0.280003391720411 0.282335956132058 0.281509926239451 0.28012660764205 0.27947076236116 0.279340719573797 0.279829137475831 0.276961980264111 0.272913768548257 0.266774080174798 0.267568592362062 0.278194637388517 0.281518861104228 0.281428835877628 0.267255552791142 0.259757023037079 0.263737668990906 0.264810143136858 0.26447970877432 0.245472315208442 0.227290099472695 0.210847303843318 0.200438864121956 0.193427926191744 0.162959656842582 0.143414934560263 0.155260339875129 0.226230160445835 0.337634038809387 0.356872389405937 -9999 -9999 -9999 -9999 -9999 -9999 -9999 -9999 -9999 -9999
0.202729920254482 0.209755086750487 0.222643510285317 0.238784653514165 0.244895633130615 0.249139659368848 0.249609505742918 0.251790924942006 0.255126448185982 0.258378693268622 0.260659630915933 0.25977423513259 0.253413386260428 0.24259696651461 0.243295794201547 0.246651161991788 0.254023335790449 0.259243206234978 0.262357019723851 0.263222640967643 0.263520903168241 0.263301180883132 0.262526675663809 0.261099622310568 0.25714585256663 0.252055141696739 0.24304612657182 0.243033225949293 0.255775306146957 0.267338979977016 0.276909865459872 0.256609768898647 0.245335902094577 0.249585257228736 0.254810134394392 0.260403200109505 0.244908659155504 0.228193805132714 0.208906612141998 0.19239554788649 0.177447517448363 0.161222617169669 0.164529539026126 0.219261074083447 0.286624573718014 0.36262683254442 -9999 -9999 -9999 -9999 -9999 -9999 -9999 -9999 -9999 -9999 -9999
0.176219939232401 0.19880875454736 0.200239798321717 0.189933287403193 0.206594143720932 0.220152903676275 0.222895792155404 0.232573157298383 0.246926401521665 0.23645086100204 0.227757661311549 0.232471527272223 0.233659689594048 0.231978861498535 0.233609931936977 0.23645673182528 0.242417344218712 0.246770030596654 0.249549340358048 0.248340033028175 0.246247501585948 0.243984483216891 0.240188442118246 0.234589225291312 0.231375531076897 0.228540300458275 0.222827506998752 0.224356633991324 0.236153588993784 0.252721086433023 0.268985924305198 0.245959885242749 0.232074454246361 0.233908951888766 0.244598594807196 0.25922818507892 0.242104858838392 0.22654442270387 0.21427845519801 0.192538786244406 0.165465173100544 0.166592222319078 0.190699980882895 0.271878078466594 0.327612208913514 0.36594569644099 -9999 -9999 -9999 -9999 -9999 -9999 -9999 -9999 -9999 -9999 -9999
0.161498217078337 0.180878733020706 0.181299633554584 0.17120243569676 0.183776734973535 0.196764599226079 0.208458520537864 0.21896999181226 0.228684143597192 0.220049008025502 0.213326641340301 0.218469512640709 0.22159483862318 0.223078416240892 0.224304421225368 0.225938699381511 0.22951109981526 0.232923037304849 0.236177959706849 0.234752280104524 0.232102228100232 0.228111843596475 0.221188387339829 0.210814986283239 0.212143955219939 0.216255108990809 0.215009982002848 0.218881473923416 0.230007472889796 0.248402248925547 0.267396853195082 0.246833842600762 0.233096511738611 0.231097918335225 0.245157833537839 0.266435661743038 0.249615898904116 0.233290260878047 0.218006205166906 0.190289743363652 0.155573508492633 0.186514347001469 0.229445118380701 0.29626081263677 0.323396922304682 -9999 -9999 -9999 -9999 -9999 -9999 -9999 -9999 -9999 -9999 -9999 -9999
0.151781210819643 0.160373846017899 0.164050138704191 0.164999025103276 0.167682854337509 0.176029024860827 0.198809887086086 0.207500930952804 0.206691288595944 0.206146784624627 0.206541897196284 0.209943905369059 0.212634768346513 0.214746947191745 0.215021638831244 0.215173407741301 0.215989299492361 0.218450913282645 0.222522887592569 0.221600888944392 0.219121263153004 0.213686813601472 0.203903717329121 0.189005645220762 0.196280624708351 0.208953554306632 0.212674000764727 0.219247535897892 0.229866272025237 0.248629839248765 0.268517909921723 0.252740148287521 0.240483576746861 0.23428271360044 0.250572850893641 0.277014882633824 0.261512297746001 0.243878074805961 0.221750500309277 0.188109261836296 0.14798552637798 0.212636073472059 0.265633228326627 0.275921061995088 -9999 -9999 -9999 -9999 -9999 -9999 -9999 -9999 -9999 -9999 -9999 -9999 -9999
0.146874645261465 0.152076643187823 0.156714971767163 0.161040597291902 0.1636882059677 0.168228539133262 0.177829073111751 0.188688623892152 0.200397122705864 0.200427738302632 0.199744634140938 0.200267518123518 0.200654202096546 0.200930055278821 0.20053796090186 0.20003467088795 0.199484395237862 0.201801687494009 0.206924932416239 0.204601522178894 0.201095982960795 0.200104828987866 0.199490898970812 0.199320668233773 0.205946535906478 0.214575670747796 0.223761688670048 0.234131832815096 0.246180869248191 0.259775240575324 0.273021299991569 0.268749144571373 0.265316061526992 0.26332600697429 0.27130896062177 0.283794149865161 0.277856597327188 0.268614625437536 0.252407156838802 0.226805628766406 0.195914997039131 0.245519125480815 0.283367005448779 0.281043110755348 -9999 -9999 -9999 -9999 -9999 -9999 -9999 -9999 -9999 -9999 -9999 -9999 -9999
0.142608628883798 0.14496489248222 0.149949820540907 0.156393035112064 0.158784080427416 0.16078297064608 0.162191712606001 0.173935905033652 0.192649234278721 0.194018370545829 0.193534372543069 0.192235431870727 0.191045278612506 0.189943649541403 0.188928326072729 0.187826595919456 0.18629396946696 0.187729224733581 0.192068591042965 0.190239769663731 0.187718204272325 0.189017394625841 0.19396274396918 0.20319678731884 0.2093580234577 0.215346826776214 0.228024025311971 0.240186851409872 0.251620383702373 0.262074632776878 0.27183823389216 0.275257893092349 0.278304433150773 0.280709286546783 0.283689057061038 0.286920798366732 0.287068295936806 0.283176168139376 0.270768778140446 0.253377115747594 0.233179176323018 0.269690141942367 0.297938792081248 -9999 -9999 -9999 -9999 -9999 -9999 -9999 -9999 -9999 -9999 -9999 -9999 -9999 -9999
