layers/veg50/veg4900.asc
NCOLS 255 
NROWS 330 
XLLCORNER -2985163.8955 
YLLCORNER -3022031.214 
CELLSIZE 25000 
NODATA_value -9999 
[rows 75 to 99 of 330, columns 0 to 56 of 255]
-9999 -9999 -9999 -9999 -9999 -9999 -9999 -9999 -9999 -9999 -9999 -9999 -9999 -9999 -9999 -9999 -9999 -9999 -9999 -9999 -9999 -9999 -9999 -9999 0.803384784350366 0.782799399077632 0.762214013804897 0.776122137037813 0.797599879519358 0.804494817802681 0.800997119157719 0.78336923394364 0.562488831542229 0.287777961254591 0.278671220706871 0.287163049115563 0.324628616459021 0.457428510030184 0.63038802022867 0.697196528457906 0.743366591554081 0.748003248540014 0.747951461495836 0.745374964404945 0.745297394017503 0.745066781971325 0.744248065059695 0.736857593850831 0.725159697054512 0.716649518538817 0.70919762265448 0.70424243393519 0.700993609096582 0.69909560464935 0.698901876846349 0.700127134487615 0.706240745416886
-9999 -9999 -9999 -9999 -9999 -9999 -9999 -9999 -9999 -9999 -9999 -9999 -9999 -9999 -9999 -9999 -9999 -9999 -9999 -9999 -9999 -9999 -9999 -9999 0.788801097999509 0.768922033584468 0.749042969169426 0.772840736360223 0.805360891721026 0.812123474147518 0.813940878694956 0.809034649334014 0.617894627895216 0.373367059945153 0.308357435353857 0.277008924904074 0.301079030354539 0.452717458524041 0.657990997645235 0.71392536095377 0.751985444681888 0.754074809300351 0.757228975873409 0.760956534423692 0.761163005348568 0.760133305353031 0.756308519516375 0.748563741794369 0.738249623743149 0.729794963151262 0.721567282287705 0.713560735459308 0.708890397226396 0.706861124390901 0.709213438062816 0.713768804702136 0.724895879663731
-9999 -9999 -9999 -9999 -9999 -9999 -9999 -9999 -9999 -9999 -9999 -9999 -9999 -9999 -9999 -9999 -9999 -9999 -9999 -9999 -9999 -9999 -9999 -9999 0.774030686206663 0.782005223872563 0.789979761538464 0.798061917132589 0.806162767860347 0.814176509555475 0.815510736074721 0.807763264053187 0.680594898258104 0.512062283398157 0.346642126062212 0.262299956643662 0.311442075697242 0.470222203063817 0.674732921593156 0.724998022766004 0.758634271766012 0.758806135925551 0.762463639622121 0.767998147523466 0.767149218017359 0.767224463449455 0.770132968053908 0.763350772074766 0.750216851766596 0.742455335940837 0.734269101397411 0.723302420563686 0.715424501036668 0.70999175853457 0.717477755823553 0.726323351023903 0.733234910309558
-9999 -9999 -9999 -9999 -9999 -9999 -9999 -9999 -9999 -9999 -9999 -9999 -9999 -9999 -9999 -9999 -9999 -9999 -9999 -9999 -9999 -9999 -9999 -9999 0.830888911047856 0.827666208908548 0.824443506769239 0.821094525941389 0.818211659904961 0.819557350399221 0.817439707426678 0.810613197169089 0.692896834221402 0.536061205558405 0.370963373122727 0.291114838907803 0.351618109270711 0.503808731899818 0.694008584378402 0.73865017383166 0.767908664492541 0.766209760579436 0.769000292592395 0.774208369512326 0.772355367815816 0.772676123491626 0.779005008727485 0.774694450447853 0.763410318726166 0.757836064751168 0.750147767407852 0.734242830947706 0.722751024388495 0.714752813730762 0.724627974314248 0.735218161209185 0.738294515040272
-9999 -9999 -9999 -9999 -9999 -9999 -9999 -9999 -9999 -9999 -9999 -9999 -9999 -9999 -9999 -9999 -9999 -9999 -9999 -9999 -9999 -9999 -9999 -9999 0.826569770877213 0.831491974467829 0.836414178058445 0.841401051629328 0.844269824082217 0.829083302474871 0.819815990795036 0.818596640493494 0.642422653605772 0.417194525771613 0.377891768282023 0.374142987285662 0.428929172146974 0.557426715699642 0.716440269808587 0.755515334216296 0.780453459243599 0.776941997072995 0.777158702077662 0.77938301153762 0.776589872057525 0.77608562634327 0.781708334956074 0.781749093015873 0.778131187718457 0.77660526638961 0.769983510844953 0.746676372380546 0.731064584754793 0.721544719812905 0.730390471831825 0.739554407602845 0.739269270023239
-9999 -9999 -9999 -9999 -9999 -9999 -9999 -9999 -9999 -9999 -9999 -9999 -9999 -9999 -9999 -9999 -9999 -9999 -9999 -9999 -9999 -9999 -9999 -9999 -9999 -9999 0.840701053677879 0.846206738458348 0.852456724753046 -9999 0.791920135651838 0.793527037393087 0.60887542754198 0.374898265935993 0.384382932723083 0.413851950123416 0.476222583495079 0.594638720196343 0.736017281507454 0.76921125811639 0.789844034182152 0.78519828562902 0.783144302415943 0.782485975405806 0.779387897151871 0.778563907451144 0.78361731072162 0.784499670833618 0.782648140234766 0.781782664511897 0.777616340985532 0.762740659187298 0.75039486091284 0.740051811460256 0.741602363204873 0.744282783565264 0.744677090079358
-9999 -9999 -9999 -9999 -9999 -9999 -9999 -9999 -9999 -9999 -9999 -9999 -9999 -9999 -9999 -9999 -9999 -9999 -9999 -9999 -9999 -9999 -9999 -9999 -9999 -9999 -9999 -9999 -9999 -9999 0.816135575973265 0.76622157593013 0.580060961611713 0.362497958790153 0.396524224734278 0.445281929140501 0.518293017625364 0.628297055854316 0.753094316027325 0.780777397838302 0.797642843012981 0.792738562189812 0.788779456594786 0.785329324420169 0.782067529255178 0.781001920869787 0.785402497828452 0.785942436329953 0.783951937428871 0.78269402639638 0.781140273525624 0.778454443056431 0.771709629046886 0.761751574416953 0.754424741398606 0.749211842517192 0.751227261499003
-9999 -9999 -9999 -9999 -9999 -9999 -9999 -9999 -9999 -9999 -9999 -9999 -9999 -9999 -9999 -9999 -9999 -9999 -9999 -9999 -9999 -9999 -9999 -9999 -9999 -9999 -9999 -9999 -9999 0.837288853047649 0.78941381590532 0.67644623184804 0.545431683400282 0.419607525230434 0.47398320879373 0.534866106380282 0.606462279618361 0.679258155584234 0.751939307263868 0.779391795158052 0.798511327835856 0.8008613795344 0.798063215865452 0.792492756957938 0.788438334744779 0.786244670823298 0.788570449028845 0.787685122680829 0.784695092886454 0.783016041134723 0.780987670675761 0.777503350001409 0.776869138405626 0.778491177955665 0.766355524464057 0.75503404004396 0.755158023550282
-9999 -9999 -9999 -9999 -9999 -9999 -9999 -9999 -9999 -9999 -9999 -9999 -9999 -9999 -9999 -9999 -9999 -9999 -9999 -9999 -9999 -9999 -9999 -9999 -9999 -9999 -9999 -9999 0.859897203441956 0.834017912095213 0.76378688314604 0.633253706502173 0.526738835778324 0.439992888089263 0.532479755170826 0.609840535313303 0.662298194346154 0.709677825874448 0.754534844185404 0.777901088112201 0.794371858826025 0.796965979073682 0.797663261322649 0.797339103212827 0.792564545414582 0.789473707595188 0.790952530154163 0.789067353439434 0.784977259149831 0.782907105143893 0.780219804291543 0.77503944326409 0.776188018477624 0.782346812336103 0.772827057605957 0.763383226616636 0.76344806353216
-9999 -9999 -9999 -9999 -9999 -9999 -9999 -9999 -9999 -9999 -9999 -9999 -9999 -9999 -9999 -9999 -9999 -9999 -9999 -9999 -9999 -9999 -9999 -9999 -9999 -9999 -9999 -9999 0.857034435518577 0.804088456965638 0.739806321958105 0.660111158785972 0.532010759644559 0.405153391028923 0.562461102779584 0.662845221542286 0.669512099627821 0.709207852476919 0.762770349843493 0.776252327975986 0.782701564858223 0.774997909091236 0.782701200956093 0.798701078047411 0.793315395357401 0.789674577176857 0.792152841204755 0.789907540868329 0.784566202383392 0.782150117151122 0.778526721314873 0.770300608399238 0.766723918859276 0.766827883823965 0.771089118985637 0.775532430683714 0.778293467268411
-9999 -9999 -9999 -9999 -9999 -9999 -9999 -9999 -9999 -9999 -9999 -9999 -9999 -9999 -9999 -9999 -9999 -9999 -9999 -9999 -9999 -9999 -9999 -9999 -9999 -9999 -9999 0.828927433299234 0.810220896253539 0.753860517629874 0.700997749547194 0.652890453038403 0.547597261624681 0.437108365263756 0.557645429292678 0.633659820069312 0.636373460388081 0.689056688655408 0.762816353288684 0.782828960677224 0.79096729819517 0.775209510320996 0.782210125995401 0.801466059151946 0.790750717561932 0.781768174064427 0.779582740531979 0.777800831553288 0.776283410854196 0.773288514734479 0.769476360352835 0.763472972857739 0.761313622273505 0.762197352654113 0.771617988919643 0.780716549164605 0.783472837655101
-9999 -9999 -9999 -9999 -9999 -9999 -9999 -9999 -9999 -9999 -9999 -9999 -9999 -9999 -9999 -9999 -9999 -9999 -9999 -9999 -9999 -9999 -9999 -9999 0.854474388612556 0.847683951849081 0.840893515085606 0.799949757639056 0.749769199353122 0.699300877615001 0.659120182078702 0.632926896916515 0.566670001411177 0.493999882385991 0.539619975541828 0.573633852001177 0.588539612714454 0.662095029024375 0.760333799355228 0.791652303656483 0.805282663817012 0.783316889230144 0.786795138132316 0.803974901080306 0.786640853062287 0.770949510989769 0.762205073615337 0.761114026104607 0.76503935714953 0.761577011658332 0.758027188989105 0.756175755372912 0.75766334086681 0.761794216664828 0.772700500049808 0.782590544044726 0.784290978497007
-9999 -9999 -9999 -9999 -9999 -9999 -9999 -9999 -9999 -9999 -9999 -9999 -9999 -9999 -9999 -9999 -9999 -9999 -9999 -9999 -9999 -9999 -9999 -9999 0.860725155181985 0.842147209230036 0.823569263278087 0.807619918595607 0.789248578513747 0.744411545886384 0.692644630447379 0.631455608019907 0.570060019663537 0.513559660428581 0.53508641339968 0.555290691377037 0.573317687479296 0.660747179719821 0.776816978922582 0.773456991332805 0.770552248060577 0.768563651668515 0.774411744259227 0.784479865345684 0.7760207185348 0.767775862899499 0.761594002010331 0.758557650169971 0.757583007509473 0.759178667045549 0.760155468809939 0.758486647864593 0.758456671217792 0.759724063978436 0.764554346189611 0.769044744018765 0.77003566000426
-9999 -9999 -9999 -9999 -9999 -9999 -9999 -9999 -9999 -9999 -9999 -9999 -9999 -9999 -9999 -9999 -9999 -9999 -9999 -9999 -9999 -9999 -9999 -9999 0.866560638792278 0.838046042474238 0.809531446156198 0.812079725744398 0.815722207599352 0.757849550007014 0.692717350515493 0.61771482820315 0.549370948555548 0.489218147384987 0.521332912611547 0.548634012450745 0.568010042666486 0.658820743031551 0.77880328627092 0.754122755972947 0.742293702972423 0.756327335957698 0.764221946246804 0.768810715156879 0.766640065087575 0.763620679940388 0.759040351407083 0.754956775821971 0.751198794631129 0.754438447747536 0.75684183274663 0.754727868349158 0.754901920812313 0.756887251553296 0.75793508920195 0.758728716908567 0.759017296700236
-9999 -9999 -9999 -9999 -9999 -9999 -9999 -9999 -9999 -9999 -9999 -9999 -9999 -9999 -9999 -9999 -9999 -9999 -9999 -9999 -9999 -9999 -9999 -9999 0.871636560696077 0.836570575686383 0.801504590676688 0.810667724857178 0.818408032480861 0.713357551698382 0.631606120522096 0.581532878441645 0.484640691063616 0.38458020309818 0.49071594035738 0.563352166722048 0.580835835767747 0.655836057236587 0.754274494072622 0.732705405219364 0.725872352310065 0.748694525914663 0.758044283523427 0.76013919415103 0.75952644991818 0.757670248022562 0.752933680901512 0.749445490801363 0.746775543575097 0.745414887914649 0.74357481231099 0.739867524644382 0.743394434647521 0.7526482015293 0.754108560325642 0.754320015811916 0.75391939594567
-9999 -9999 -9999 -9999 -9999 -9999 -9999 -9999 -9999 -9999 -9999 -9999 -9999 -9999 -9999 -9999 -9999 -9999 -9999 -9999 -9999 -9999 -9999 -9999 0.867274604646738 0.841426525350269 0.815578446053801 0.815349992651256 0.813258134417747 0.737045993451471 0.679581357866452 0.647606475322037 0.526920119119581 0.391066864973971 0.501959940727113 0.580041397089973 0.604102819403731 0.629453519666756 0.655207865248102 0.66965493271701 0.684775334376675 0.701250773308395 0.714291009452489 0.725481401397801 0.736162454779827 0.743365371869375 0.741928812037896 0.741343493856833 0.741316118030317 0.737815231415842 0.734117333983534 0.730724684262006 0.733430460502463 0.740963974975085 0.741225144576854 0.741601312110015 0.746719016747221
-9999 -9999 -9999 -9999 -9999 -9999 -9999 -9999 -9999 -9999 -9999 -9999 -9999 -9999 -9999 -9999 -9999 -9999 -9999 -9999 -9999 -9999 -9999 -9999 0.858295739548294 0.849379736289924 0.840463733031555 0.823013511565773 0.804275084416355 0.794087577961419 0.780920529422201 0.763702392999132 0.621547541926161 0.451914496796355 0.53368188161178 0.597694856823031 0.632477521883139 0.591625003019282 0.519678123197394 0.586237981913205 0.631607243678625 0.6343319329879 0.652156147813081 0.678111402174147 0.704848947399147 0.724973590865121 0.728527796875731 0.731974148321383 0.735349806997369 0.730912133213381 0.726523442949698 0.724378785412305 0.72422155594473 0.725637647615453 0.723911196544655 0.724817443927629 0.738490127559417
-9999 -9999 -9999 -9999 -9999 -9999 -9999 -9999 -9999 -9999 -9999 -9999 -9999 -9999 -9999 -9999 -9999 -9999 -9999 -9999 -9999 -9999 -9999 -9999 -9999 -9999 -9999 0.820452718672795 0.798096283592962 0.784385437885608 0.773888917243944 0.76776270350181 0.651310786002687 0.506042241671289 0.5112684802494 0.522417189547217 0.543316471230012 0.554390484552932 0.561525994146874 0.593786138908867 0.610384509395859 0.595464670677809 0.621435694372688 0.669426298655428 0.682091575453303 0.694005084122245 0.706955783261717 0.718425224113415 0.728923781155126 0.725251941690189 0.720923749534842 0.718307178116569 0.718575552107044 0.721127754963253 0.720285578619736 0.720056963967016 0.724364572714163
-9999 -9999 -9999 -9999 -9999 -9999 -9999 -9999 -9999 -9999 -9999 -9999 -9999 -9999 -9999 -9999 -9999 -9999 -9999 -9999 -9999 -9999 -9999 -9999 -9999 -9999 -9999 0.796404172036869 0.794352137782189 0.779761212112205 0.77174601088279 0.772671390741072 0.678173780086956 0.555385472199185 0.509878267013792 0.488947288150615 0.50847784722414 0.543808299831034 0.585508895408161 0.589403457039464 0.584055907507372 0.560109265175873 0.593522909347529 0.657824859039484 0.662349645553142 0.669349239276444 0.687456385928843 0.703016390123883 0.716906881720081 0.716832336048533 0.715287795274363 0.712825151451888 0.713576786091495 0.716872961751513 0.716588929701654 0.715466814463535 0.712966664551496
-9999 -9999 -9999 -9999 -9999 -9999 -9999 -9999 -9999 -9999 -9999 -9999 -9999 -9999 -9999 -9999 -9999 -9999 -9999 -9999 -9999 -9999 -9999 -9999 -9999 -9999 0.796852373455859 0.796853278558893 0.796022570272368 0.788158736407935 0.7831901495557 0.782158040108416 0.700051810923982 0.594116920034521 0.55710857859981 0.551815946280612 0.598739075272446 0.59321675385663 0.565046848489252 0.555993632173513 0.545471285181171 0.531992416967054 0.571183199247693 0.638736396629588 0.649192900472228 0.65920514814765 0.672817833388324 0.683519704311023 0.692313695616427 0.702170616802136 0.709522715334402 0.708663968634727 0.709950360134691 0.712934921910762 0.712406398268223 0.710973828807666 0.707850170404249
-9999 -9999 -9999 -9999 -9999 -9999 -9999 -9999 -9999 -9999 -9999 -9999 -9999 -9999 -9999 -9999 -9999 -9999 -9999 -9999 -9999 -9999 -9999 -9999 -9999 -9999 0.796852373455859 0.79743249005385 0.797528988911039 0.792215031483898 0.787099475686921 0.782253673569319 0.727291793600607 0.654339262782074 0.572768718338626 0.540396955899423 0.589024544556883 0.562955762029927 0.504966298247449 0.497955218673564 0.49421685687187 0.497064607320409 0.549625814850163 0.628957538086988 0.643467904941939 0.655699921022914 0.667591570118135 0.675558366571169 0.680952636734678 0.684133381575292 0.688082505762324 0.695055032075655 0.701681692965912 0.708034554069706 0.707515958029347 0.70575148175335 0.702846856782615
-9999 -9999 -9999 -9999 -9999 -9999 -9999 -9999 -9999 -9999 -9999 -9999 -9999 -9999 -9999 -9999 -9999 -9999 -9999 -9999 -9999 -9999 -9999 -9999 -9999 -9999 -9999 0.798089568847092 0.798937245925214 0.793673118490211 0.786499247091109 0.776728822122576 0.757740882692369 0.727423818916266 0.569534238350799 0.484517109372155 0.519474927961248 0.485012930189892 0.421174234554027 0.425176694828458 0.435379601100632 0.458060464894728 0.528536649210483 0.624750439677009 0.642190781356799 0.656168027061543 0.667998523777547 0.674500887838128 0.677510952294176 0.664075913733294 0.657260794721132 0.675791653244669 0.690634663271767 0.702558236825966 0.702201837243378 0.700092614862093 0.697911281246231
-9999 -9999 -9999 -9999 -9999 -9999 -9999 -9999 -9999 -9999 -9999 -9999 -9999 -9999 -9999 -9999 -9999 -9999 -9999 -9999 -9999 -9999 -9999 -9999 -9999 -9999 -9999 -9999 0.799016650024239 0.793755332236615 0.786465403403217 0.776417305228319 0.761247276549687 0.736988403574418 0.597957776872051 0.497232451588345 0.459571788316107 0.412051342273588 0.361553286632508 0.405262932819899 0.431104844282409 0.420989207692534 0.484368617648865 0.587324842686531 0.642397456734035 0.681768726119642 0.68589859179801 0.678163961954093 0.662652804065538 0.667878447029994 0.674871197348195 0.681911738114706 0.689593428340864 0.697782676054505 0.695271648462386 0.690954597975497 0.685418387497867
-9999 -9999 -9999 -9999 -9999 -9999 -9999 -9999 -9999 -9999 -9999 -9999 -9999 -9999 -9999 -9999 -9999 -9999 -9999 -9999 -9999 -9999 -9999 -9999 -9999 -9999 -9999 -9999 -9999 -9999 -9999 -9999 -9999 0.741833393222145 0.630707764980949 0.530770931942199 0.4492549848285 0.386411047587807 0.333261564901243 0.388775040619067 0.419492433046616 0.400309467642046 0.455704108224662 0.551258518207626 0.638591436815148 0.700243357980478 0.698473180563591 0.679391237035379 0.648962377457167 0.666408229963218 0.682510280309542 0.681559708935086 0.685001836111068 0.691921384980207 0.687815150858702 0.681847442426581 0.674621365031709
-9999 -9999 -9999 -9999 -9999 -9999 -9999 -9999 -9999 -9999 -9999 -9999 -9999 -9999 -9999 -9999 -9999 -9999 -9999 -9999 -9999 -9999 -9999 -9999 -9999 -9999 -9999 -9999 -9999 -9999 -9999 -9999 -9999 0.744070759914088 0.670328666083033 0.611505544088284 0.577244555311908 0.493471837387911 0.389305283513117 0.373040612924366 0.377972456321499 0.425560779788772 0.474682350489709 0.52462956924575 0.623211353225715 0.694370168490546 0.693069434616969 0.672948661315834 0.640492381280786 0.646034857719496 0.653843315858612 0.658663015897784 0.66870387264603 0.682877989028424 0.679145916601906 0.673414052490704 0.669884463612541
