layers/veg50/veg4500.asc
NCOLS 255 
NROWS 330 
XLLCORNER -2985163.8955 
YLLCORNER -3022031.214 
CELLSIZE 25000 
NODATA_value -9999 
[rows 125 to 149 of 330, columns 57 to 113 of 255]
0.0473923160644642 0.0534882826985198 0.0759718397792666 0.0987432586731732 0.103924402134776 0.134876854713196 0.195324185896503 0.206441050665351 0.201331445685134 0.172873456945548 0.151239004894116 0.13901229829055 0.138066086182696 0.137943030167503 0.0847851886160564 0.0576852533933265 0.0741124012180441 0.164020399718343 0.286267634484384 0.381364454290451 0.460532254435087 0.507147430759883 0.538857050147641 0.562419485188924 0.621462685801119 0.667708192335201 0.678168508775525 0.689384758078811 0.701103564044802 0.714009479324951 0.719978962159421 0.703244016660587 0.681369138116799 0.655368854541895 0.632319865661958 0.609471013293002 0.585646422274879 0.562982521821258 0.541439026191646 0.522414747855097 0.50369568087386 0.483664545617886 0.464160905238239 0.445269284032885 0.42695697851754 0.409046720600955 0.393317372901696 0.378204618937481 0.36395393488297 0.350411310517352 0.336649414172707 0.314416806650745 0.298166285855808 0.292054612371683 0.291576770775432 0.293576068721243 0.286575582142744
0.0478428118740659 0.0643694351662258 0.0813647507786803 0.0990698659677368 0.120301524281964 0.134382690697459 0.140280225867744 0.142087020839136 0.138257976029064 0.0948724498330495 0.0815481436539125 0.109669838089384 0.10402087523488 0.0855451243709359 0.0526297147933744 0.0292988295915134 0.0219779178391177 0.113959601272088 0.249116829841266 0.297975241206843 0.336372530495825 0.35339141866968 0.413633706038984 0.4975013435253 0.5681385446341 0.620294494801536 0.626775543409961 0.643209277356787 0.666259721032348 0.700002439155186 0.722922169160256 0.70789333140823 0.686310697107583 0.659467864859192 0.636453106304219 0.613564752460402 0.588845929840717 0.566101246423169 0.545262182946875 0.526110385626195 0.507278328795529 0.488248141982876 0.468721947463859 0.448620266356222 0.429238423691794 0.410349123582809 0.394105760250808 0.378558351457874 0.363983968228698 0.350140016714902 0.33646975338718 0.32119942260953 0.308222138359517 0.299131265270224 0.294267350575064 0.291276361056251 0.283534535088821
0.0757430871304653 0.0596039918750859 0.0660358089317724 0.0777234683249503 0.0930947823020435 0.0970118452324478 0.087819688813513 0.0801793088856325 0.0711316187711294 0.0460021328835357 0.0479649798734324 0.087280563860072 0.0795569749945605 0.0565458187524376 0.0565280530708235 0.0489552116777942 0.0287623844819103 0.0870804518078744 0.179426247754319 0.193409220901784 0.209100932944262 0.228284632292799 0.279969386000517 0.349418795026888 0.474179700958274 0.572126390900883 0.596866425587939 0.616778373152159 0.63348052858987 0.675268095637436 0.706530638818388 0.696698098719384 0.681861989682691 0.66300992396163 0.640560929370746 0.617199436914674 0.592191692077358 0.569250484429641 0.548304087722095 0.528959940563209 0.510013227418082 0.491432003773569 0.47209090727088 0.451868178016675 0.431692519054503 0.411877135739669 0.395221639600025 0.379252472632984 0.364242873845484 0.349999120168957 0.336108435549401 0.323591862789997 0.312220046540847 0.302788441457992 0.295714261142386 0.289697215491151 0.282782609355793
0.117279546484264 0.0470658136270501 0.0404129045851175 0.0456106058425338 0.0442369521570907 0.0413218282739794 0.036642514758623 0.019486850444009 0.00199191486419112 0.011603023424656 0.0323189806100039 0.0683454129747902 0.0598527675217199 0.0391701992283209 0.0783367873193333 0.0924777434690444 0.0648159259775195 0.0717172139309682 0.0935709312084862 0.0783232311220509 0.0802834547947348 0.117409877063271 0.142111855522466 0.160022793932321 0.360034819532052 0.523583521726636 0.577629805182226 0.600155951410504 0.601726989388925 0.64520476637664 0.680534221180761 0.677631794927666 0.672748494265024 0.666275307278244 0.644656125787842 0.620606077475511 0.595610109018567 0.572414880532477 0.550957891170435 0.53138918825114 0.512326990944318 0.493920521604226 0.47486767815519 0.45506488742478 0.434232381581892 0.413517223414309 0.396500206639047 0.380115688148883 0.364615475983182 0.349923000864625 0.335656876221269 0.32380340220042 0.313208559175234 0.304746929536618 0.296543356086054 0.288476022435897 0.283167846848921
0.220462044286526 0.093391368807537 0.0540767148889624 0.03426758534257 0.0234430841107028 0.0167755424460485 0.0148655789565887 0.00771361919756124 0.000427428479856255 0.00460288323609389 0.01562549745203 0.0360884262997625 0.0364840285711758 0.0322706404324004 0.0698396130730533 0.0873762623630454 0.0714509523107161 0.081499194527079 0.102890310835718 0.106397250804091 0.114403146144397 0.131603129063073 0.128456416164201 0.114188462887163 0.300061489109963 0.452470673097399 0.501310622200257 0.555381226443904 0.612929256686759 0.647293534827053 0.669481872808275 0.659026170422835 0.655745244361759 0.658222926065958 0.63651473382754 0.611691124289487 0.588606952473097 0.56766213291395 0.54878241206636 0.531038000816618 0.513557465384122 0.49623123370894 0.477357677237527 0.456688856988873 0.435723273035988 0.415180604391838 0.399246228007221 0.383319258705446 0.367402645368829 0.352227657358331 0.337467854748003 0.32534684493168 0.314358699356302 0.305290609120634 0.296834758938203 0.288683161539971 0.284435161059116
0.307406331358668 0.137898914979678 0.0747159110264156 0.0359411735947187 0.0125066920230665 1.45252388534875e-05 4.56743967616351e-05 2.79605142775124e-05 0 0 0.00327605454745285 0.0110688705141358 0.0186516950692592 0.0277678274209458 0.0637569016313844 0.0838276042121276 0.0773082855085319 0.0893068458590224 0.109484088751119 0.125533256805161 0.137976791954713 0.143051837764239 0.121647477668079 0.0857698172980671 0.240630648211901 0.373493814686844 0.432765253547891 0.518144733092425 0.62088126964368 0.649022009601269 0.660581591444908 0.6399641305064 0.636186221014314 0.645924045997996 0.621943538362272 0.595204865225158 0.577613793827029 0.561168747466806 0.545829949421312 0.530274646073016 0.514595999809723 0.498456953021948 0.480016057451162 0.458904471311149 0.437743887227408 0.417158682730943 0.401937106604117 0.386375530449124 0.370338594625482 0.354818508964619 0.339639396878158 0.327220832768088 0.315885915887833 0.306387638010525 0.2977830763511 0.289611152365594 0.285536874332788
0.355218732228673 0.176353716428582 0.110049124553226 0.0667251900811466 0.0232188133847721 6.22804111856955e-05 0.00019583982333552 0.000119887345311975 0 0 0.000898332431130051 0.0030352136128376 0.0136030900484761 0.0284111298731212 0.0641727734393839 0.0853956079345494 0.0823328401305301 0.091788840802613 0.106780682274618 0.119616046717086 0.13218224539537 0.144198375578989 0.126506015677403 0.0925753799165546 0.180698208779738 0.277252231416532 0.383840649345922 0.49905938056689 0.620015686721336 0.64889190985282 0.656123931100329 0.619843112115635 0.611034068464165 0.6242743782152 0.593056285394901 0.56179382546506 0.557827814683711 0.550947930222493 0.541255308045188 0.528657805954787 0.515230274746161 0.500493951061742 0.48306887479935 0.46252420779495 0.441010112867979 0.419855956688084 0.404454625731724 0.389019533105554 0.373537237729844 0.35798751147282 0.342563029151289 0.329808174358885 0.318270584644279 0.308796098546144 0.300251539122623 0.292142313956293 0.286231360161356
0.40668882720329 0.281276011056001 0.216555777587331 0.160990670071722 0.0867401122658262 0.0462323935300529 0.0443428504424867 0.0322871431368758 0.0178027070726617 0.00653235914952486 0.00212767170607322 0.00718880661783426 0.0121446978370552 0.0181004714469409 0.0413926445586862 0.057277651679053 0.060789741144955 0.0651370169889474 0.0701559578831632 0.103439876876299 0.131149657838554 0.147468102592064 0.138818310702557 0.116521204083631 0.181236334933677 0.257313914708558 0.354128386570047 0.46375432137369 0.581897528512027 0.62285531032169 0.641401319364879 0.609709170670977 0.580425616497398 0.553075244695097 0.526951688468498 0.509047511599201 0.52524333680584 0.535115158070141 0.538882471603658 0.530351529434329 0.518575558758556 0.502846422071658 0.485206122024828 0.465348419167139 0.444308822907562 0.423462257930563 0.407391532958316 0.391869492099729 0.377114575584832 0.361374219751109 0.345417344491825 0.331937011089666 0.320200746899454 0.311420449790017 0.303092121082611 0.294966736424473 0.286706711369403
0.460379990277959 0.426559479845856 0.366281204947381 0.293804112111895 0.182328821986475 0.120409468140046 0.115206143660804 0.0839315580115479 0.0464157836411717 0.0170313743698217 0.00554733328844085 0.0187428850707776 0.0128663969386871 0.00113821986390089 0.00452716690224892 0.011133437119668 0.023113918581817 0.0207942125673574 0.0129331312508472 0.081034140648938 0.133008683120802 0.152027097560276 0.155656763864478 0.150875139772144 0.218494110236511 0.283709366337748 0.336082468066914 0.418600140837534 0.521158422719839 0.581087460826616 0.620445502929755 0.605639699732419 0.546503926126331 0.451788100921501 0.438247537541173 0.444560204830764 0.484887203766314 0.515874628552444 0.537846641090699 0.534055532338529 0.523567053636415 0.505390458294608 0.486787405975428 0.467689562410159 0.447627258506564 0.427620549429141 0.41058310596656 0.394844514327373 0.380921868927133 0.36489312589158 0.348229568388031 0.333787429098384 0.321854918363063 0.314175896732843 0.306158665639601 0.297969236217148 0.287048997071877
0.481380667371245 0.487767919193553 0.410747712975234 0.318049707148481 0.233246170817728 0.181681748371078 0.168158995616165 0.18272603377109 0.19127709132642 0.0793495980366912 0.0202003301239268 0.0338174489440863 0.0209690536102644 0.000351585470838001 0.00657999134673446 0.0159443546318037 0.0305470159159678 0.0398228480814758 0.0471196307728888 0.090710080740706 0.125907607117861 0.143953313094102 0.154167079980309 0.160100010408919 0.19004714892042 0.21696331874282 0.233950656283623 0.264174621428377 0.303198515402867 0.425815479013711 0.525870616550255 0.529323581978946 0.518815008760983 0.49710064720467 0.48735167341766 0.485901195475237 0.512247564864117 0.530504201289771 0.540951886635656 0.53656405510231 0.527546504576278 0.509539035972152 0.490964940169958 0.471733422418366 0.452459838802543 0.432927379378745 0.411145438228731 0.39316619362629 0.380503562027007 0.363288639506776 0.344556320730045 0.328032624747258 0.315867811067386 0.311090727477653 0.303805556486416 0.295366743021633 0.283852101038452
-9999 0.534939547939083 0.438766471904849 0.332200069937992 0.278871366713819 0.243817602467113 0.229679233096497 0.280107617344028 0.324434199183368 0.159582090798019 0.0665225176234713 0.0724447374965983 0.046580751020996 0.0118912761866954 0.0178943345638949 0.0257828950372911 0.0368209950512776 0.0534853267807275 0.0726297779086194 0.0900703783093841 0.109598751132563 0.133393706063919 0.150772372662786 0.164643979170859 0.165081456151216 0.162840442527214 0.155052092729517 0.142251510216785 0.126118712543959 0.29474588847397 0.440764593301828 0.461161463667541 0.489232064934918 0.523461744110957 0.52187133017025 0.518399961670467 0.529095779613932 0.536810840238203 0.541648600932793 0.538007119709899 0.53078521685464 0.512910826764371 0.494467696060113 0.475364691342703 0.456755538809805 0.437688353430899 0.413189812638868 0.393728309800839 0.38130917312288 0.363852266959202 0.344477058069569 0.323278195313427 0.309115452736883 0.306878005030972 0.301159048551864 0.293833765745512 0.281550972033536
-9999 -9999 0.438766471904849 0.337182558756819 0.3174545826727 0.310790877347834 0.319079034901134 0.364819351603196 0.402741217443064 0.281805979250914 0.201757464122666 0.178080285496543 0.121136158724319 0.0558819279294374 0.04870274121263 0.0407559204073035 0.0315268449073933 0.0401601718723791 0.0565234314210463 0.0539412825381179 0.0684785791963233 0.118001259923967 0.145253282360722 0.16033245145294 0.162115528619353 0.161987001150571 0.158244699090926 0.133643579548747 0.0951751733523767 0.253924157258922 0.396302180130081 0.429615569020323 0.453070485731177 0.46861281090197 0.489330019736745 0.506172293295962 0.503381783263133 0.513025166361293 0.534670881753033 0.536608178894704 0.532081122873558 0.513758371971711 0.495558081785566 0.477499875076382 0.459232594829508 0.440671677408758 0.419971312453796 0.401575597745989 0.386402052706065 0.371579180924451 0.355905429390419 0.322786203381685 0.301560653295442 0.300493313821172 0.298659655114134 0.296396497166052 0.282469184528964
-9999 -9999 -9999 -9999 0.330873346357286 0.339169491437817 0.356960450729362 0.415015087583003 0.46870252548893 0.387017431380582 0.332255732360513 0.314613852454558 0.256615518690922 0.185627478645014 0.136472351168726 0.0856701113973096 0.0321165380093655 0.0422251393886595 0.0798521538345928 0.0470147547471637 0.0400060543704947 0.0857810111653483 0.117676006756073 0.14198439534314 0.153790876364591 0.161219421727203 0.158700510210893 0.136710617544733 0.101776094758989 0.223865144148773 0.334113588316723 0.361374789070028 0.388140197638824 0.414507674258998 0.40028824961699 0.38582510790639 0.39541957192557 0.430000024849123 0.488699242374773 0.516236044329957 0.531729388965315 0.514654686586055 0.497528677168482 0.480343139416829 0.462799652449055 0.444990326991195 0.425674854003729 0.408189156537421 0.393261698522237 0.379312994754633 0.36491234198661 0.336145538810769 0.31666214620374 0.312912909013678 0.308204324162437 0.30299765409806 0.288703078473932
-9999 -9999 -9999 -9999 -9999 0.339169491437817 0.356960450729362 0.439831245791377 0.525586045606443 0.479719656709037 0.459271125980649 0.47386670073779 0.436892197631011 0.378428517721293 0.266125474896982 0.152600010444478 0.0370326149535347 0.0556064479774584 0.132177441550907 0.0615608449342039 0.0208333313602269 0.0411872965771723 0.0738793703537854 0.113315294450587 0.141525959373466 0.160514976509113 0.15714395862553 0.148362247902482 0.135983419142162 0.201719946509481 0.258890955714978 0.266152297977394 0.302056307709067 0.360949450460341 0.269701750032282 0.185977753682522 0.226980333328849 0.303416164165087 0.414055413877691 0.481912940060036 0.530166147125815 0.515586861294837 0.50014648980051 0.483707054693762 0.467168187115572 0.450290840107095 0.430585773958325 0.41389555556044 0.401420445718908 0.387051882048351 0.372138758491527 0.359689740896364 0.348422787401726 0.339159276513939 0.326604979877393 0.312568261124278 0.298845587480961
-9999 -9999 -9999 -9999 -9999 -9999 -9999 -9999 0.531598813597951 0.489518575131191 0.472697054819269 0.490700230497125 0.477734817895104 0.450116453139993 0.360942140702447 0.287842909751546 0.241595467967322 0.192836175678766 0.142692616881153 0.0672813623106359 0.0188499414636724 0.025554643026758 0.0471076695462576 0.0767765981529626 0.119637079593822 0.151420689662922 0.153862075144393 0.139916261792173 0.115075967778416 0.163858522515463 0.207241742227937 0.212206256389061 0.213451628247976 0.211711947922208 0.197892689352568 0.177083258936895 0.134096183814903 0.163602288195216 0.263085448051119 0.365453657540275 0.456959465436613 0.480789474017595 0.488749623470189 0.478296972124586 0.464785832471746 0.449946346357513 0.430824028828582 0.414354629638253 0.40159431950062 0.389407616705756 0.377473707758584 0.366361029415502 0.355920455074979 0.346619008294765 0.336148121276418 0.325141990227365 0.313072411354463
-9999 -9999 -9999 -9999 -9999 -9999 -9999 -9999 -9999 -9999 -9999 -9999 -9999 0.495845483114249 0.442450708112272 0.413774583837158 0.426388452297314 0.316534712797277 0.153206981684849 0.0750192068204544 0.0220606309860687 0.0206605717933802 0.0305122977704 0.046514103774068 0.0984627821827739 0.139623707182266 0.150057423275192 0.130790918642725 0.0917792163337079 0.126805991670378 0.15942177093174 0.163135770330799 0.134008876451196 0.0785232761111689 0.141128945230603 0.186056304169653 0.0830047025092907 0.0683698191473694 0.139082849117665 0.24671165669983 0.355570899387552 0.426068955385104 0.463533961459641 0.462672794436567 0.456180649684696 0.447172312047035 0.42963630360911 0.414002861604277 0.401029429229714 0.390937440852498 0.381780348913985 0.370768950999603 0.360602033626815 0.351866399292684 0.343794706697512 0.336006837616767 0.326029740888895
-9999 -9999 -9999 -9999 -9999 -9999 -9999 -9999 -9999 -9999 -9999 -9999 -9999 0.498378915954299 0.489864402783245 0.475209437971405 0.450297473032783 0.335729844594915 0.182051439132028 0.0941107728994839 0.0370029560774325 0.042905303690287 0.0442037023586802 0.0429856421701032 0.0841593904413673 0.121479133951853 0.14506994701184 0.127957809352286 0.0837856772432906 0.0996456039173969 0.115470863191646 0.114053431122397 0.0896601978180254 0.0468261628183139 0.11440701609973 0.177584080001293 0.153825108416875 0.144325767551398 0.148591128092751 0.155516737961669 0.181048274717269 0.313104852960632 0.393198817666647 0.413003825534645 0.42745029972056 0.437860464119066 0.425207397237247 0.412943919228851 0.401225131874681 0.391763748578278 0.383101571836261 0.374178793353185 0.365475483775359 0.357144145019976 0.348289370328015 0.339215284646466 0.332486614376575
-9999 -9999 -9999 -9999 -9999 -9999 -9999 -9999 -9999 -9999 -9999 -9999 -9999 -9999 0.519990914317676 0.513805463504172 0.497287846021217 0.418558298795263 0.312375306858123 0.222253138823612 0.146981275580452 0.102057569082519 0.0734088122415461 0.0536557320696791 0.073682130918056 0.0971507537652827 0.12565206432137 0.119083467160846 0.0891998156522294 0.0970292435958384 0.105716381311255 0.10640719218009 0.0869281506515497 0.0512604137004661 0.0955538430504278 0.145631642018881 0.170808224175726 0.172495709491773 0.151509367504552 0.124211757094274 0.117499576159717 0.240083190779973 0.316711419196458 0.340020499350278 0.359441904911016 0.37673869365057 0.3846207108253 0.389389756136877 0.389806503946128 0.388324221603852 0.385858982000469 0.378068033832667 0.369991458656717 0.361430783407399 0.352663458565293 0.343827850844616 0.33846642734802
-9999 -9999 -9999 -9999 -9999 -9999 -9999 -9999 -9999 -9999 -9999 -9999 -9999 -9999 -9999 0.532176736694662 0.564717736341588 0.557736761516964 0.532563500664343 0.446964617729807 0.341118002859835 0.193893022283207 0.116351966792506 0.076899242120916 0.0665930739111721 0.0673463499873515 0.0934554441010793 0.104859356756829 0.106487021705804 0.11614766157418 0.126244286328705 0.135454379180708 0.121049397470528 0.0876905215058936 0.0836687875770539 0.0928864778586401 0.140116133861755 0.158349113967908 0.148591847104897 0.14594185882092 0.152223000539975 0.202432255179616 0.234775938017474 0.246391319988211 0.256651133853165 0.269737037197604 0.312014775120075 0.345915120072504 0.368102893211778 0.381107116897652 0.389888196940311 0.382381801705337 0.374190874012478 0.364839754168202 0.356930772172877 0.34968382417789 0.344023782978875
-9999 -9999 -9999 -9999 -9999 -9999 -9999 -9999 -9999 -9999 -9999 -9999 -9999 -9999 -9999 -9999 -9999 0.598652499157547 0.614394963868396 0.56016117092225 0.493536989758785 0.40159174959777 0.261253181125099 0.0944634462478468 0.0569747571524961 0.0400708272207854 0.063373124441491 0.0824515723325991 0.0987219353700626 0.110527577101804 0.12130223723924 0.130026689220521 0.124631331311798 0.107903153646635 0.0863736171347984 0.0746055804779959 0.107204362229444 0.12900411110043 0.14037964450526 0.164139033451923 0.191156801875501 0.222100743539123 0.238917313955258 0.239342782819849 0.238459467749147 0.240931165189306 0.277290750696175 0.315723644791405 0.357055265951108 0.380740710663383 0.396699266729777 0.388285312540641 0.378867207646533 0.367747199864799 0.360188182718513 0.354237907050826 0.348588115696402
-9999 -9999 -9999 -9999 -9999 -9999 -9999 -9999 -9999 -9999 -9999 -9999 -9999 -9999 -9999 -9999 -9999 -9999 0.661996927706952 0.637907757701534 0.61547628302838 0.596432482782533 0.406549231222112 0.123287348498177 0.0562786811556681 0.0199651901116218 0.0414226600942745 0.0659233550716115 0.0924472363292743 0.104784639196428 0.114605071995282 0.120358136812798 0.122501568832286 0.121747843014263 0.0904504399186942 0.0639153198378726 0.0764594609874828 0.097384276657531 0.126398886841571 0.172246926415835 0.217830700197521 0.241050769181209 0.250181162769763 0.242964190936667 0.233960701133482 0.227999254457707 0.254296364132499 0.293368603062528 0.350301961717914 0.381948088719445 0.402795684851334 0.393612038768486 0.383061076626974 0.370192694264555 0.36293225443989 0.358197204452676 0.352807603009471
-9999 -9999 -9999 -9999 -9999 -9999 -9999 -9999 -9999 -9999 -9999 -9999 -9999 -9999 -9999 -9999 -9999 -9999 0.661996927706952 0.637907757701534 0.622079376427414 0.623132784098302 0.462542615317507 0.213600161456846 0.102542090344808 0.0335123553190543 0.0583150556014021 0.0861749031678904 0.116067192782868 0.120574055177907 0.121918449434911 0.120309909045815 0.119100716998709 0.118212049294002 0.0883381625922523 0.0603946034151418 0.0585565134590549 0.0679756562186157 0.088261310885265 0.132976483464558 0.179320354488752 0.205085046927306 0.22006184434649 0.222522124736978 0.222315678275303 0.224579641486351 0.256145713400146 0.29837732707827 0.355520611282967 0.384905923916211 0.402821598056048 0.394626160382454 0.384411112390896 0.370773091517871 0.364008946563102 0.360342532346127 0.356188649804368
-9999 -9999 -9999 -9999 -9999 -9999 -9999 -9999 -9999 -9999 -9999 -9999 -9999 -9999 -9999 -9999 -9999 -9999 -9999 -9999 0.630000298977698 0.633004846771951 0.495065544427949 0.280088159278404 0.137707343860793 0.0422974861948697 0.0593438731706712 0.088298121531546 0.125168912975625 0.127854136780749 0.125365702242665 0.115950729951082 0.112736061317742 0.114497870720684 0.0866498996499234 0.0573625959916472 0.0402761251291873 0.0381470967044078 0.0504563614600399 0.097664776099484 0.1484011638264 0.176828805425933 0.197627212083667 0.20957389661271 0.221771289712996 0.237373444034909 0.283333676568206 0.328569910937361 0.372793911486232 0.392322866697076 0.402029105816273 0.395312201786302 0.386123415864742 0.372745116448508 0.366259406480154 0.362864326409907 0.356817347785434
-9999 -9999 -9999 -9999 -9999 -9999 -9999 -9999 -9999 -9999 -9999 -9999 -9999 -9999 -9999 -9999 -9999 -9999 -9999 -9999 0.62723165920491 0.621809561213964 0.502609610811864 0.321220160074068 0.161061181396341 0.0460145345837994 0.0434895866026152 0.0711279320706507 0.118819333616531 0.126078003006667 0.12469836091387 0.107003541739965 0.103217122965231 0.110593842791662 0.0854129018024391 0.0548507060951868 0.0215940384951073 0.00787160931760568 0.0130054159288332 0.0665662257798 0.125560999325314 0.156777520391477 0.183371148187813 0.204601123276209 0.23304095505087 0.267422671791875 0.337488724895232 0.385564880108303 0.402896595001462 0.404485496610869 0.400365610553094 0.3956490778017 0.388221269401518 0.376198206690427 0.369759070326738 0.365786781508841 0.354516807997559
-9999 -9999 -9999 -9999 -9999 -9999 -9999 -9999 -9999 -9999 -9999 -9999 -9999 -9999 -9999 -9999 -9999 -9999 -9999 -9999 0.591724184832926 0.59242138642587 0.502610578754855 0.363329265592452 0.190515205213417 0.0625349023483728 0.0514683545513893 0.0751599748322951 0.121959399796482 0.127307583785894 0.125641904295923 0.113189524553561 0.107151568918963 0.106261948341349 0.0677035977446454 0.0284222566982456 0.00936187903111926 0.000988814612563642 0.00293212364065005 0.0670437890028817 0.13593392764655 0.156194505861989 0.167980278233615 0.169933265667258 0.204140336727872 0.25058728137113 0.326098332501428 0.372107878047028 0.376870880187946 0.385215957787433 0.394195219018535 0.391443490002937 0.385874463960322 0.375530491366517 0.372493236857484 0.372659533514918 0.359880998882732
