layers/veg50/veg4200.asc
NCOLS 255 
NROWS 330 
XLLCORNER -2985163.8955 
YLLCORNER -3022031.214 
CELLSIZE 25000 
NODATA_value -9999 
[rows 175 to 199 of 330, columns 57 to 113 of 255]
-9999 -9999 -9999 -9999 -9999 -9999 -9999 -9999 -9999 -9999 -9999 -9999 -9999 -9999 -9999 -9999 -9999 -9999 -9999 -9999 -9999 0.565361418049234 0.420881679569008 0.197431187516738 0.238377421170001 0.25666472237405 0.192823500981169 0.127538735054924 0.0612942768614161 0.0280486999440208 0.00421224689809742 0.00129770427276664 0 0 0 0 0 0 0 0.0423291554509333 0.104629188840914 0.232484474180562 0.305618664641982 0.315263405619278 0.328226606418527 0.34296393659237 0.36537875663848 0.379269205113327 0.381241588559177 0.373560781627898 0.362153340730189 0.346343734093153 0.330436873048038 0.31436517861972 0.317904238151277 0.330217072000065 0.332246109536099
-9999 -9999 -9999 -9999 -9999 -9999 -9999 -9999 -9999 -9999 -9999 -9999 -9999 -9999 -9999 -9999 -9999 -9999 -9999 -9999 -9999 -9999 0.425304618287069 0.20869458596475 0.217333431136659 0.214163755698246 0.160049846843038 0.0980627377921151 0.0308413951087613 0.0115155752657694 0 0 0 0 0 0 0 0.00242456229284028 0.00718953414193007 0.0314292562997102 0.075580223443421 0.213179654670876 0.289501955138489 0.294728249457716 0.319597400055348 0.348301618209412 0.361756557610846 0.367203063413483 0.361452845608646 0.343455084703212 0.321998326107068 0.317612248500292 0.314847749486692 0.314831612124957 0.319660073157318 0.32665223212319 0.330580836715307
-9999 -9999 -9999 -9999 -9999 -9999 -9999 -9999 -9999 -9999 -9999 -9999 -9999 -9999 -9999 -9999 -9999 -9999 -9999 -9999 -9999 -9999 0.247194708308986 0.232436711327352 0.208590736315573 0.17714213017096 0.127243669564625 0.0689922674227466 0.0051876916756989 0 0 0 0 0 0 0 0 0.00783002780486836 0.0232183154879541 0.0286313633900181 0.051867824290551 0.192626778635746 0.272267394891934 0.280996242162312 0.309974137230684 0.342003046252886 0.350096193013001 0.349250295494742 0.335906572170072 0.312806770964101 0.287879493247238 0.293113446726711 0.301499769443165 0.315228941874028 0.321077050270757 0.323388212927851 0.328302023016216
-9999 -9999 -9999 -9999 -9999 -9999 -9999 -9999 -9999 -9999 -9999 -9999 -9999 -9999 -9999 -9999 -9999 -9999 -9999 -9999 -9999 -9999 0.262291789433088 0.27088274256182 0.220951032176898 0.164169880605513 0.0954534774286879 0.0437239997368579 0.00328771089770525 0 0 0 0 0 0 0 0 0.0233982046491716 0.0693824991347287 0.0740447646682231 0.0859696284747516 0.191827405220456 0.263189927836493 0.294529773651539 0.307859967882552 0.31539041876369 0.31611193256343 0.31016143791407 0.294882697785773 0.290219326409676 0.289707037549383 0.294981743186737 0.302594636178627 0.314170448073821 0.319408478236976 0.321780579809329 0.323238870795993
-9999 -9999 -9999 -9999 -9999 -9999 -9999 -9999 -9999 -9999 -9999 -9999 -9999 -9999 -9999 -9999 -9999 -9999 -9999 -9999 -9999 -9999 0.325442396238438 0.316193989946862 0.239699136568671 0.162879330072825 0.0914962021422921 0.0404953381741565 0.00304494020269613 0 0 0 0 0 0 0 0 0.0274967993645774 0.0815360275168866 0.0984429597126431 0.116809727749958 0.189683336953998 0.24652500841927 0.2847658294545 0.294186349684382 0.294889859557849 0.28983342962509 0.283550585638646 0.275553071858411 0.279296612241818 0.287173362556616 0.293273983225969 0.30116630914438 0.312095338938067 0.316270074333807 0.317382281559532 0.316371320326102
-9999 -9999 -9999 -9999 -9999 -9999 -9999 -9999 -9999 -9999 -9999 -9999 -9999 -9999 -9999 -9999 -9999 -9999 -9999 -9999 -9999 -9999 0.344484462626924 0.364686269555257 0.264181636541039 0.172075550235909 0.112524797145574 0.0570518375705595 0.00428986252958745 0 0 0 0 0 0 0 0 0.0212990427166457 0.0631578719399967 0.103975607178753 0.144721763961567 0.18633212351795 0.223048761911705 0.254087523003562 0.270135705925127 0.279876161328713 0.270472457418441 0.268141355662322 0.275698576076672 0.278845435857023 0.280724580132006 0.288355963903542 0.297472887417166 0.309107604688467 0.311812188587083 0.310478777068906 0.307883944637718
-9999 -9999 -9999 -9999 -9999 -9999 -9999 -9999 -9999 -9999 -9999 -9999 -9999 -9999 -9999 -9999 -9999 -9999 -9999 -9999 -9999 -9999 0.369115700438301 0.369104532767582 0.278102694717052 0.189292666982079 0.114517919566538 0.0544248231898706 0.00409233110840462 0 0 0 0 0 0 0 0 0.0101208575829678 0.0300112937305143 0.076127161560357 0.130216724509968 0.198955958571867 0.235423954248409 0.234449658906894 0.247913626084551 0.263476733470704 0.261277822090572 0.263431885819172 0.271671916118066 0.273306829877433 0.272920688071064 0.278962978910932 0.287707212730401 0.301030883218505 0.304764272409043 0.304163990550203 0.302602787097076
-9999 -9999 -9999 -9999 -9999 -9999 -9999 -9999 -9999 -9999 -9999 -9999 -9999 -9999 -9999 -9999 -9999 -9999 -9999 -9999 -9999 -9999 0.358773765893609 0.363213327636559 0.284963241417987 0.201395969087018 0.112032654368469 0.0490818736400271 0.00369058210175777 0 0 0 0 0 0 5.18049017688897e-06 3.23314665234384e-05 0.00148317447791552 0.0043082954172521 0.0465220183566824 0.104256337703119 0.204914359145674 0.246314565058725 0.218961649456717 0.229669098179622 0.249427229791181 0.254385263660526 0.259914986190048 0.266243996100624 0.266502934597879 0.264813228852065 0.267401390323207 0.274379348777286 0.288797433623112 0.295221378754859 0.298017774651828 0.297904249041258
-9999 -9999 -9999 -9999 -9999 -9999 -9999 -9999 -9999 -9999 -9999 -9999 -9999 -9999 -9999 -9999 -9999 -9999 -9999 -9999 -9999 -9999 0.354539790252669 0.352431140113058 0.265519009365355 0.179685105513729 0.104484023120907 0.0478647858591607 0.00359906639448716 0 0 0 0 0 0 3.69615469011939e-05 0.000230677209199553 0.0105820918786202 0.0307386478289958 0.0393428009691724 0.0594338593036252 0.161598314592896 0.215808913101725 0.214381663457007 0.230125768893017 0.248749424746819 0.249736273554882 0.25244210273694 0.257551266840471 0.257994618770547 0.256423585685753 0.248920118138274 0.248480775055145 0.260014190408479 0.275307276238788 0.292182535512757 0.29317695304902
-9999 -9999 -9999 -9999 -9999 -9999 -9999 -9999 -9999 -9999 -9999 -9999 -9999 -9999 -9999 -9999 -9999 -9999 -9999 -9999 -9999 -9999 0.3268668458442 0.332889693110475 0.232179655264926 0.139537165443071 0.0773088070836225 0.0337247928951354 0.00253584689853347 0 0 0 0 0 0 0.00132121966453637 0.00824573889641438 0.0254558782456755 0.0525946400459917 0.047786517128775 0.0515300101551323 0.145227741500821 0.199376314718888 0.207638483750946 0.225951823370183 0.244770110993244 0.242516261030145 0.242348274086102 0.245096566763947 0.244772544471687 0.243031236787064 0.235761560634151 0.234577508258365 0.243707784825454 0.262099080242854 0.28454102407427 0.289218898670602
-9999 -9999 -9999 -9999 -9999 -9999 -9999 -9999 -9999 -9999 -9999 -9999 -9999 -9999 -9999 -9999 -9999 -9999 -9999 -9999 -9999 -9999 0.316047996649168 0.305338551889596 0.183849408886201 0.0794981998205638 0.0289592525006575 0.0056427936027746 0.000424294989776631 0 0 0 0 0 0 0.0039567252657537 0.024693943257119 0.0465599401222264 0.0695155377250835 0.0730851923934605 0.0834561957670664 0.157927561505393 0.198126571832482 0.198561520741835 0.216782090912864 0.237228931338426 0.232522475090742 0.229426812328382 0.228583226607233 0.226464984400949 0.224241668455821 0.228345467437553 0.233615499073044 0.240862141103019 0.256125618992388 0.274950797585085 0.286090748349814
-9999 -9999 -9999 -9999 -9999 -9999 -9999 -9999 -9999 -9999 -9999 -9999 -9999 -9999 -9999 -9999 -9999 -9999 -9999 -9999 -9999 -9999 0.359983659460658 0.278883978947065 0.185644337817714 0.0994013940780166 0.032046969636655 0.00331090131557042 0.000248954496430746 0 0 0 0.0103174553797653 0.0289158906788694 0.0336246765263051 0.0401390081616372 0.0628973833352148 0.0760396736926687 0.0798996383850653 0.0995375002312215 0.125920378960244 0.17261306809151 0.196154063802823 0.192833603742298 0.198229460574681 0.205908434305237 0.212113500297993 0.216751510976098 0.219198595673571 0.220451650011493 0.221510017998711 0.226777002504303 0.231897929800264 0.23677130940682 0.252673081505061 0.273459530525055 0.281586296963711
-9999 -9999 -9999 -9999 -9999 -9999 -9999 -9999 -9999 -9999 -9999 -9999 -9999 -9999 -9999 -9999 -9999 -9999 -9999 -9999 0.401258660716835 0.408126127221138 0.349240265099463 0.254414485269712 0.196706554141752 0.131718481065034 0.0447967502155154 0.00648409409907315 0.000487554362811389 0 0.000124194081564589 0.000648836674082813 0.0231805032885755 0.0633754131449813 0.0727475679920596 0.0806574874195201 0.101420981086874 0.104505882834655 0.0905257887306965 0.123479073206687 0.16298560517949 0.183165865479092 0.191820823272076 0.187103696443736 0.178835028215378 0.172229474330737 0.189835780521177 0.203328069870979 0.211068484161462 0.216677166813285 0.221482504487127 0.22566583459437 0.229321032781625 0.232081117082864 0.248533128138892 0.271035025820443 0.275798063851299
-9999 -9999 -9999 -9999 -9999 -9999 -9999 -9999 -9999 -9999 -9999 -9999 -9999 -9999 -9999 -9999 -9999 -9999 -9999 -9999 0.398141707433048 0.39552239941737 0.341976246408566 0.260594139594348 0.182600370919498 0.106054263564445 0.0328669358853839 0.00234059946351764 0.000175995206515455 0 0.00118488980144182 0.0061903107477978 0.0356745053214175 0.0848058149438667 0.0895698580182973 0.0902607288824556 0.101105524046588 0.109447157968985 0.115372511431896 0.126300553745916 0.139356673928197 0.158790084004924 0.171056711427026 0.175008171063706 0.170885146350127 0.165857616606416 0.173216290196836 0.183796403267341 0.198880464211268 0.206472175002067 0.211396149654376 0.216914441662829 0.221696989674079 0.22523254873517 0.23442933811476 0.246215714154417 0.262939110805496
-9999 -9999 -9999 -9999 -9999 -9999 -9999 -9999 -9999 -9999 -9999 -9999 -9999 -9999 -9999 -9999 -9999 -9999 -9999 -9999 0.302753521500775 0.328993870682976 0.299589489975675 0.239770420690514 0.159089169748054 0.085701104312249 0.0327662086390087 0.0106219378473615 0.00894778343945537 0.0104731624728303 0.0132981955300848 0.0194007753121245 0.0470003937089431 0.0918539316568328 0.0963221075374546 0.096250546960396 0.101892557759858 0.112501882558798 0.127906113715723 0.125305030276666 0.122287324460816 0.139063002310802 0.152000121753039 0.160483602965578 0.159812188914706 0.15728365954845 0.161227605261899 0.169682996514128 0.184445914468644 0.190087615133839 0.192614439339667 0.19823600824288 0.205447620305086 0.215354145621192 0.222841811538628 0.229323678212795 0.247711017574352
-9999 -9999 -9999 -9999 -9999 -9999 -9999 -9999 -9999 -9999 -9999 -9999 -9999 -9999 -9999 -9999 -9999 -9999 -9999 -9999 0.281511662543981 0.243100184136545 0.211604818372121 0.183889710192275 0.123367951983487 0.0722429993481225 0.0480225333785502 0.0350337523401578 0.0295119811013687 0.0345430547197669 0.0397604958415607 0.0425674676740766 0.0568097845130485 0.0802303200972059 0.0900009783188833 0.0975492565548512 0.104110894471952 0.113107402524361 0.124454270206516 0.119354100817622 0.113733918594844 0.12537107140081 0.135160314030393 0.142805542545202 0.144684714545943 0.145850838259837 0.155250839809692 0.162603817982164 0.167094818878824 0.165680462547334 0.162544028111107 0.166669845130237 0.178000465100665 0.20154227497205 0.214521011152573 0.222723187556486 0.229407200178649
-9999 -9999 -9999 -9999 -9999 -9999 -9999 -9999 -9999 -9999 -9999 -9999 -9999 -9999 -9999 -9999 -9999 -9999 -9999 -9999 0.14225524075685 0.146085971931643 0.138015449336035 0.123439855589365 0.0891956841837671 0.0607432650739751 0.0488221262966817 0.042865256541719 0.0408735314208957 0.0438413156492502 0.0474588803441507 0.0517563230823566 0.0611422033027299 0.0746121572660612 0.0876580316031581 0.0991001569310874 0.104002944337413 0.110316257807041 0.117991140203003 0.110396479180506 0.103204990210616 0.117264269030922 0.126812984672746 0.131128377156426 0.137497646119949 0.144207774009993 0.14877588705414 0.152236922562971 0.154150134640161 0.152067500190708 0.149018565808747 0.154434840740347 0.16400671875848 0.180621795429744 0.189457566207335 0.194789751234501 0.200977098854282
-9999 -9999 -9999 -9999 -9999 -9999 -9999 -9999 -9999 -9999 -9999 -9999 -9999 -9999 -9999 -9999 -9999 -9999 -9999 -9999 0.0872805098157336 0.0819997139567734 0.0746784818959895 0.066241973837556 0.0576352180249837 0.0499587926136593 0.0446594680849758 0.0446781039241754 0.0482322077206935 0.0477635183006051 0.0487481357516757 0.0555667172581013 0.0630486499796336 0.0710630006171708 0.0861891797499106 0.0998361021586044 0.10281288850372 0.106561044257765 0.111053796404069 0.101641200933788 0.0937207819289594 0.111792495263205 0.121787311730816 0.12241101205494 0.132977565743706 0.144747253713425 0.142078009193788 0.141323389721016 0.143245639226084 0.142447352453971 0.141157916426534 0.14860849972916 0.154747042894838 0.158661851229979 0.160731428776525 0.162023706091646 0.171002175615804
-9999 -9999 -9999 -9999 -9999 -9999 -9999 -9999 -9999 -9999 -9999 -9999 -9999 -9999 -9999 -9999 -9999 -9999 -9999 -9999 0.0895343518666108 0.0911133608855556 0.0835664158906359 0.0710313426424436 0.0535354336426301 0.0401318040529197 0.0375766007349231 0.0388676967878625 0.042715876241108 0.0447119634591071 0.0466589890117228 0.048976339317614 0.0567227767596826 0.0688266996378597 0.07911049735105 0.0888572341167557 0.0974515113811685 0.104753820590571 0.110809003920287 0.10838858890945 0.106322038060808 0.116818777397978 0.123783980190006 0.126651762936195 0.129297357807312 0.131893050263178 0.134601849647663 0.137339705276345 0.140118184921117 0.138762704873572 0.136453761231553 0.143727959588702 0.149721548082626 0.153544671910885 0.155824223781386 0.157444139130622 0.164183442901196
-9999 -9999 -9999 -9999 -9999 -9999 -9999 -9999 -9999 -9999 -9999 -9999 -9999 -9999 -9999 -9999 -9999 -9999 -9999 -9999 0.114631490867499 0.104245657857787 0.0901559443903349 0.0740417378419491 0.0509067382430452 0.033662877937194 0.0320248923572846 0.0338609852867616 0.0380067030350549 0.0419006999414901 0.0449697555346917 0.0454507212649064 0.0513742371602984 0.0616660441671032 0.0710628108442079 0.080748315435719 0.0922116815500091 0.102054352707086 0.110332580675044 0.11368662359052 0.116231076910907 0.120082979425876 0.12444012949742 0.129383486575447 0.128089624218449 0.125610833069475 0.12827301363002 0.13123958913484 0.134631744251018 0.13395435255372 0.132272374142029 0.138846440231721 0.144419177060471 0.148294792976768 0.151035305512656 0.153280007518699 0.157795147112257
-9999 -9999 -9999 -9999 -9999 -9999 -9999 -9999 -9999 -9999 -9999 -9999 -9999 -9999 -9999 -9999 -9999 -9999 -9999 0.118043836785103 0.115563176145748 0.108013025083632 0.0931383628600707 0.0742602177118404 0.0505867650582211 0.0324640839862581 0.0288761798387342 0.0301155910741823 0.0345642813707234 0.0394665488378443 0.0439081446181577 0.0467349273076164 0.047559521732983 0.0467771229415726 0.061494372474973 0.0771434858493301 0.0871626076384898 0.09795459968295 0.109492636874028 0.116710047974417 0.121914958807115 0.120581778725195 0.122992472453711 0.129746947820581 0.13076218374471 0.129642669507681 0.123744783387252 0.121817952044066 0.12544311813239 0.127382461708875 0.12891141759911 0.133963384095547 0.138682277424395 0.142836655702958 0.146432026043598 0.149767858778307 0.152082377619812
-9999 -9999 -9999 -9999 -9999 -9999 -9999 -9999 -9999 -9999 -9999 -9999 -9999 -9999 -9999 -9999 -9999 -9999 0.135586114224848 0.133925587951663 0.127699978269999 0.112145141425521 0.0896219912219452 0.0632900511985473 0.0414531049231913 0.0242588749178486 0.0184296727065814 0.0209636471028813 0.0290575995494161 0.039267751429834 0.048008880630015 0.0514094428413264 0.0487334453174108 0.0411802889113965 0.0620422827115128 0.0825083328196193 0.0837286656221481 0.0921000541706595 0.107374296588751 0.116436464702464 0.122779864404541 0.120754347934827 0.122557361475362 0.128802377925837 0.128772352219792 0.126675858586094 0.121791033809147 0.119190991399326 0.119785341045371 0.122428988173044 0.125797731543282 0.128922173643101 0.132491465696488 0.136814719696808 0.140910785755361 0.144892546677241 0.147230261835242
-9999 -9999 -9999 -9999 -9999 -9999 -9999 -9999 -9999 -9999 -9999 -9999 -9999 -9999 -9999 -9999 -9999 -9999 -9999 0.153163363972489 0.144148822654557 0.116712119855993 0.0838012651149434 0.0478983098301547 0.0288179048288781 0.0133149305939776 0.00532536877831302 0.00990920891122835 0.0228520544952104 0.0399657165029051 0.0540857371198665 0.0573629345436067 0.0520004621861007 0.0397036315653611 0.0665343915729896 0.0909640487353145 0.0810215647715546 0.0857995989518507 0.104787225287824 0.114693055425662 0.121425455493667 0.12065212676663 0.122443016051314 0.127209006442503 0.124837062072304 0.120886445156518 0.120792304592285 0.119242508130055 0.115657535056019 0.118220417675156 0.122803713114109 0.123889698010687 0.126210240817212 0.130623196307884 0.135100466267835 0.139597794333395 0.142847716847435
-9999 -9999 -9999 -9999 -9999 -9999 -9999 -9999 -9999 -9999 -9999 -9999 -9999 -9999 -9999 -9999 -9999 -9999 -9999 -9999 0.147988171152231 0.132236928540229 0.0928816161759018 0.0406246250342207 0.0218630008124185 0.00861606231710006 0.0062470005591627 0.0118139421000939 0.0226568698145537 0.039558538440711 0.0539480989231047 0.0585087375897029 0.0563443911017667 0.0487824475346349 0.0616165496573508 0.0753937306007821 0.0805614829983633 0.0903286448526918 0.104535577909213 0.108899032415049 0.111410360857057 0.115155682454144 0.118529874401357 0.121473467925601 0.120310270505029 0.117980489397375 0.115517861855985 0.114106566405281 0.114165155757128 0.116903596398974 0.120477619572728 0.121721816965823 0.123692653767549 0.126895048443695 0.132800581391872 0.139895842151387 0.142837966763963
-9999 -9999 -9999 -9999 -9999 -9999 -9999 -9999 -9999 -9999 -9999 -9999 -9999 -9999 -9999 -9999 -9999 -9999 -9999 -9999 0.142163746399999 0.141134933806454 0.102281654670389 0.0427540120717105 0.022415264070198 0.00856809094437525 0.00754807868688148 0.0145216354636893 0.026809449066491 0.0419667417942507 0.055015030492777 0.060444253281603 0.0600850780254979 0.0550800277730033 0.0576725412696383 0.0633512877940918 0.0774218781913167 0.0900892636933513 0.101402147330956 0.102492746253522 0.102453810328793 0.108381780732277 0.113113605218 0.116457616722452 0.116529198058987 0.115331916900385 0.11093975089635 0.109519207985848 0.1122533405226 0.115029506617927 0.117794513502575 0.120089823508353 0.122296838517046 0.124354205161446 0.130204232928231 0.137732575235367 0.140694972196221
