layers/veg50/veg4600.asc
NCOLS 255 
NROWS 330 
XLLCORNER -2985163.8955 
YLLCORNER -3022031.214 
CELLSIZE 25000 
NODATA_value -9999 
[rows 125 to 149 of 330, columns 57 to 113 of 255]
0.0608740378136498 0.0682442443743101 0.0891861405508688 0.110002617857323 0.114161700512572 0.144089386402691 0.203508854056198 0.21447421153764 0.209335519585468 0.179808986624565 0.157196719341767 0.144117287365834 0.140699163220211 0.137830854068519 0.0869463282201442 0.0604053465265159 0.0745277801789289 0.161952729109516 0.281730424912542 0.383067832199551 0.467173873803708 0.51606581078006 0.550475223219527 0.576968675342802 0.634588684100783 0.678543342520467 0.684916061730262 0.691778392459948 0.698966225021231 0.70753287240128 0.709445180135279 0.689507927403633 0.66728231654978 0.643220027274674 0.619709261091712 0.595411300534372 0.567433887624404 0.544086551831483 0.525208590474892 0.507196836983177 0.489314295284282 0.471123841835337 0.453233847818331 0.435692458009054 0.41841565948713 0.401469485526598 0.386857722415453 0.372789025388276 0.35947959804446 0.346621205050348 0.333471885112412 0.31222678942325 0.296799521174596 0.291232702429872 0.291090484500698 0.293336024646487 0.287280199292687
0.0604489036225839 0.0768228262725055 0.0919898216498153 0.108143371382278 0.131380731604573 0.146056161659906 0.150932590440085 0.152609917619738 0.148353591911017 0.0997795467233336 0.0840695409809422 0.113669838622225 0.10345167978349 0.0789164308448174 0.0508410253728251 0.0302455875061466 0.0221446749878041 0.113318266649679 0.247714815418206 0.301439520328634 0.34461717875058 0.366240840501832 0.42871420335225 0.513515483687344 0.586379892919515 0.637978174345533 0.63671288029407 0.64751211502612 0.666332047917535 0.695595955006778 0.714195443927263 0.695428509980316 0.673686142493104 0.649555637185923 0.627476179608272 0.604197311452074 0.574563759353395 0.550316872317893 0.531269687689464 0.512569299235671 0.494027474629511 0.475992902501321 0.457894886358472 0.439723260110184 0.421674022752193 0.403904172204598 0.388365409391623 0.373648214018586 0.360079665685747 0.346998638163468 0.334006516871582 0.319464107439089 0.307228382013857 0.298902181477033 0.294685145480512 0.292294410026764 0.286060663950525
0.0879551823409269 0.0711517890102912 0.0753615002944098 0.0853176663137292 0.103604757286427 0.109177990874412 0.100200404460894 0.0900328849328171 0.0779065089867143 0.0514723340968902 0.052315018915494 0.0907648515346652 0.0788201860754672 0.0508829536886392 0.0540224387073081 0.0482198253821549 0.0274803459742095 0.0853158561945787 0.177289777616246 0.198626649383127 0.219691440991367 0.240200208233934 0.294307745173066 0.366779934415293 0.49328061628239 0.590328827678259 0.607593757470022 0.622845911747687 0.636759939592831 0.673640282419461 0.700173874217203 0.686791912673426 0.671706609455807 0.655254172804831 0.633402194742441 0.609429837572184 0.579802989637063 0.555364627949765 0.535934668328578 0.516945460180344 0.498201518557077 0.480360434461586 0.462258452745011 0.443853767905056 0.4250163072203 0.406358029026958 0.390436356094507 0.375237755062837 0.361050092827311 0.347680051105001 0.334664193515256 0.322709164134754 0.311956816873136 0.303242857037716 0.29684888935412 0.291499092364177 0.285798173414646
0.129336905460249 0.058401990675851 0.0490799734055235 0.0520764863301401 0.0534766843503141 0.0530028768650741 0.050384298051512 0.0271017861199186 0.00275743566035424 0.0189237228077342 0.0411131267513397 0.0716067213531443 0.060455917896337 0.038190155917327 0.0767202527282028 0.0901055137780042 0.0614888833258565 0.067562798015296 0.0887776849348068 0.0852899580869592 0.0935888375842029 0.125974884441365 0.153619432338268 0.178672338321284 0.377881163241878 0.539160284716982 0.587954992659967 0.607916406719369 0.608708970396771 0.646707608450374 0.676827050073833 0.670923767833846 0.665562488260857 0.660636230021757 0.638413707176272 0.612897104594997 0.584103008920491 0.559824922684369 0.539906102315293 0.520826690079169 0.50210773702459 0.484478822789402 0.466474244354042 0.448033806341808 0.428400281093474 0.408821408972014 0.392787112452802 0.377190112135966 0.362204502879842 0.348512471631501 0.335382994974179 0.323970991404758 0.313853460014476 0.305929888085382 0.298301798769981 0.290826127256613 0.286011112533611
0.239143178252902 0.105773549581815 0.0631965138241975 0.041636615853503 0.0341778992005806 0.027462395882822 0.0215974891334729 0.0108511088588496 0.000709653680942142 0.00764210431775493 0.0189445261451514 0.0362719139768907 0.0353170662532512 0.0305034832329855 0.0694430519045281 0.0849489046907649 0.061311117746978 0.0730556692888799 0.100350051642717 0.112495632534747 0.12557967109427 0.140581546411486 0.138971785520214 0.128282319451953 0.315692681332511 0.46811336996912 0.513282204575855 0.563882821295514 0.618094576550044 0.648188291278735 0.666807301877316 0.655309932338054 0.651000263577048 0.652459575986309 0.629776483365404 0.603582069984403 0.577421192762654 0.555525600241559 0.537747251110338 0.520686519541783 0.503837209079158 0.487348827766526 0.470082289522763 0.451912904666011 0.431823305824564 0.411737635054618 0.396591705913115 0.381490741768077 0.366452643929069 0.352398052700193 0.338783184437342 0.326688551065117 0.315815388255731 0.307012456804799 0.29878305049506 0.290838262582943 0.286495224365928
0.331086098541637 0.151047079440239 0.084399295608406 0.04420028659444 0.0227632737158702 0.00876607272511805 0.00328362538850502 0.00112140789167433 0 0 0.00279452457787542 0.00944191564976327 0.0164638828242577 0.0254119155478619 0.0643365753944713 0.08169971318983 0.0630465206969841 0.0781679723028074 0.108204281126759 0.13050556223732 0.147212967181861 0.152488698966494 0.130493591391768 0.0935925962690425 0.25432816022001 0.390636004664947 0.446542167079966 0.527157134347015 0.624198923510965 0.649108390228913 0.658468667095409 0.6382763720251 0.633254721779426 0.640409310783851 0.615467439242456 0.587680200617429 0.567668084510819 0.550193363318326 0.535167968060877 0.520315140212815 0.505439723325458 0.490217713612313 0.473724817057729 0.45575739032243 0.43544949934599 0.415117545479982 0.400543756895272 0.38582764694321 0.370912555131084 0.356500369978805 0.342346640010109 0.329570177210632 0.318013269993554 0.308523348495878 0.29976331932879 0.291360399175338 0.286829883671637
0.379961173492802 0.189586795094192 0.120513951469896 0.0757791391697259 0.0283937728478941 0.00474188493173608 0.0082526087895465 0.00480830265889857 0 0 0.000766291287746526 0.0025890835812766 0.0122085932379251 0.0260962222781423 0.0651604277644355 0.0843275199868507 0.0702585075692373 0.0816618249225424 0.104332720849459 0.122956863143836 0.140065148481153 0.154075621000314 0.132074819231515 0.0903907213997263 0.193136874338825 0.299086933989378 0.399720597969906 0.508086264668919 0.621592294583534 0.647831976709054 0.653547253017881 0.617986673015673 0.608497392326978 0.619933417165623 0.588621832287133 0.557120582794445 0.551241946437978 0.542779881791036 0.531824055578648 0.51954418233775 0.506821816295777 0.493124199057869 0.477465782098823 0.459532372376554 0.439539233478999 0.41954367612233 0.404786382753733 0.390171998264662 0.375757417046152 0.361000304137117 0.346197346649202 0.332780314209996 0.320748851201852 0.31106574547121 0.301916466060302 0.29302724544009 0.286813911336388
0.432127969072071 0.301264242721234 0.232620505239835 0.173157775265951 0.093364643845612 0.0520269279404964 0.0547008610820258 0.0409625438111383 0.0230838882570854 0.00847018647486155 0.00260018514460489 0.00878529714982572 0.0125154286608898 0.0166833369134625 0.0427051865990414 0.0562680945108508 0.0490196069701969 0.0547547143874963 0.0665324617350748 0.104379943608029 0.13665123096602 0.15752697947416 0.146230450426953 0.117348971203342 0.194109929261989 0.277835742198186 0.369402330984613 0.47306256628093 0.584762857682417 0.622996580221684 0.639881492532628 0.6088944158818 0.579201427964566 0.550547099525108 0.524027827824033 0.505469427432134 0.519353211734379 0.527964547207881 0.53148643224323 0.522625457259704 0.510746576428352 0.496359575055674 0.48041824320708 0.462673519331118 0.443459328308111 0.424286916011864 0.409247704093741 0.394854636204278 0.381364952979279 0.365808865766453 0.34961083178441 0.335251460238904 0.322816894844314 0.313644621783081 0.304567828382062 0.295538003545658 0.287050101447335
0.486293602025997 0.457353245483704 0.390871754405154 0.310492131001045 0.19436887444819 0.130468566474591 0.126336643636275 0.0968319894847565 0.0601850470585576 0.0220837393556447 0.00677928534162669 0.0229053059214745 0.0155925313716025 0.00113911562489411 0.00611414004076463 0.00957440637343221 0.010504423343291 0.00938717289711921 0.00812961844934831 0.0791063381481895 0.135504656912323 0.162110483005268 0.168021658948358 0.162621407182382 0.232831147473915 0.299271656497813 0.349105393516351 0.428351803327196 0.52715224419557 0.583855420583479 0.62090588701755 0.606601601303993 0.547149460249224 0.451460818068894 0.436511796768591 0.441010820197191 0.478075096962821 0.508654572221934 0.532974323216155 0.528045930358084 0.516215324866569 0.499794663848786 0.482891899669048 0.465429781470261 0.447276412760844 0.429222714713868 0.413841824280179 0.399742692529025 0.387435608813579 0.370804835804224 0.352758822127773 0.337273867465779 0.324479588462784 0.316245649507394 0.307521723043268 0.298561211740075 0.287439412609209
0.510567158227521 0.528786292214317 0.442882527927359 0.338214683336097 0.248040251793142 0.192535859589597 0.176710809902463 0.190962132853925 0.199615327513666 0.0866642889544509 0.026483009551931 0.0390564443364344 0.025288435462694 0.00383229193628526 0.0098402740608559 0.0155660146500897 0.0208202994518527 0.0322579907845774 0.046763838926507 0.0915723638525312 0.128737888271561 0.150284138833993 0.162914403937016 0.17067130687886 0.202489333108552 0.230635024182566 0.24721967809013 0.275088248967143 0.310458554366186 0.430568385936961 0.528664041095808 0.531596197057285 0.519965668763368 0.496646861581705 0.48577994367743 0.482898895686352 0.506188086910273 0.524149612217212 0.536968386495882 0.532310187092553 0.52247749669845 0.503704134581473 0.485637677272393 0.46839139721289 0.451214929198855 0.433788074334763 0.413903302980477 0.397207905674012 0.384971625029223 0.367715508732324 0.348739499090495 0.331366172747804 0.318331486915352 0.31265022400656 0.304658402434596 0.295603716330497 0.283704421483592
-9999 0.586371290697008 0.476451007918138 0.354851810040554 0.295249315804505 0.254729297967748 0.236048889532533 0.282875792840052 0.324854615217067 0.166380627441682 0.0756033473791257 0.0781608617093995 0.0528766096841386 0.0198858619564953 0.0229360337958164 0.0263929412859019 0.0305292593251639 0.0496914865215477 0.0754479969049371 0.0938970324558381 0.113801280719458 0.136679408921821 0.156053626484815 0.173512651879339 0.175557172147385 0.174736225154502 0.168077777343328 0.153857120253417 0.134608981433296 0.301264312901372 0.445491685077843 0.464352949574452 0.490639776684897 0.522886497260506 0.520414736464647 0.51583916045494 0.523804590743675 0.531315937776903 0.538388962068883 0.535211298353656 0.527683409565451 0.507148913416037 0.488229645582294 0.471184425714538 0.454761472319788 0.437900245657336 0.415459609432768 0.396899592061208 0.383765132158166 0.366656060431456 0.34794478868974 0.326210814214881 0.311308142824646 0.307983628366841 0.30154538161212 0.293667226373299 0.280899942421379
-9999 -9999 0.476451007918138 0.359667568259175 0.332541409396901 0.320275701034486 0.325017556452417 0.361434988632153 0.390643124154832 0.28026329303893 0.206382527917039 0.182823749420145 0.130648457544197 0.0709840148913975 0.0555808828532387 0.0414859907473173 0.0295763804310433 0.0390440371262655 0.0578292849294019 0.0601995364469088 0.0764246633340988 0.120963682448576 0.149068923755058 0.168191674982419 0.171032437877888 0.171875690192706 0.16916515416801 0.144459989614309 0.105132432448008 0.261695033132294 0.401751365331385 0.432685523935824 0.454271929834985 0.468355657060567 0.488035221530442 0.503655033196532 0.498598011623108 0.508202592791876 0.531959895575219 0.534408176179279 0.529710483987172 0.509172301031367 0.490330121939408 0.47345570960866 0.457159959411073 0.440778367225151 0.422137405593313 0.404342167470179 0.387729349386931 0.372903808075305 0.357721284756231 0.3246647800515 0.303197386204682 0.301372005390816 0.298777603288041 0.295755727262015 0.281521471381825
-9999 -9999 -9999 -9999 0.341210497326711 0.348049706127269 0.362716287313591 0.409160668367995 0.451389931793013 0.380040061072655 0.331006780425022 0.312741825392611 0.259753897360182 0.195140140700746 0.141799844515131 0.0877200446380499 0.0324049790344631 0.0419963885782506 0.0797065778996233 0.0514486227741655 0.0461590337685472 0.0878077120227721 0.120755130477014 0.148946553034122 0.161480474998348 0.169639550007065 0.168152830276445 0.146626186233381 0.111776669251733 0.231712953342903 0.339498251442905 0.363934097998762 0.388767001432711 0.413918590037885 0.398734714306812 0.383180341661324 0.39099046003476 0.425691969752854 0.486351512997138 0.513698510452039 0.528457669383856 0.510093116332867 0.492630798415209 0.476215287255493 0.460158987583365 0.444130817638373 0.427441372566886 0.410687891960992 0.39384488221423 0.379645576423719 0.365566688365937 0.336624400588431 0.316906411592856 0.312822391338795 0.307563315373445 0.301714837432409 0.287614293032057
-9999 -9999 -9999 -9999 -9999 0.348049706127269 0.362716287313591 0.434214495695489 0.508429581689515 0.469444777243597 0.451105320729961 0.461230015126026 0.426604874152605 0.373015718266437 0.267411795664846 0.15685204681924 0.038014094123687 0.054948659501943 0.130625242383096 0.0610409052450849 0.0211221061789259 0.041827948289175 0.0767580790187219 0.119463021656901 0.148231996130752 0.167862526653372 0.165596598623804 0.157294885404175 0.144980482419952 0.208780331764902 0.26363269920363 0.267914845066452 0.301837607155062 0.359550474335277 0.267580260430846 0.183079710417494 0.22279355876974 0.299506589704583 0.411934619897413 0.478351583876333 0.524793155778854 0.510203211354425 0.495078681830846 0.479333906792755 0.463599592990278 0.447832041560153 0.431735164362758 0.416227103108174 0.401542275172068 0.386750597684323 0.37199216169305 0.358514715032762 0.346659500083281 0.337553753733836 0.324844296985914 0.31052000259713 0.297730150528068
-9999 -9999 -9999 -9999 -9999 -9999 -9999 -9999 0.51445885309248 0.478895138518215 0.463800116296068 0.476925686429447 0.470021624931302 0.451991522646935 0.366586801191826 0.29408509750237 0.243136573057759 0.193249653537088 0.143541568494863 0.0663441449339833 0.0175231240925879 0.0266922610086306 0.0507049174435346 0.0828308493757236 0.125795420515388 0.15783654717844 0.16114394219714 0.147496069819643 0.122576055410201 0.169659359853883 0.21099004803453 0.213225072276836 0.212639137737008 0.209789049666267 0.195572673483678 0.174408427780383 0.130804978964107 0.160835336574346 0.261943787221231 0.362926471563277 0.452626161143692 0.475888686575186 0.483775002736322 0.473821269024549 0.46090928543055 0.446927404131422 0.430759719871388 0.415363406046135 0.401045557997075 0.388666063883957 0.376939254575134 0.364389500517981 0.353102702933772 0.343956449849118 0.333707172747008 0.322955450314248 0.311534941337339
-9999 -9999 -9999 -9999 -9999 -9999 -9999 -9999 -9999 -9999 -9999 -9999 -9999 0.505501194685217 0.45178784637857 0.420929365260604 0.428247615980212 0.317823550938072 0.155971886151522 0.0743919172133027 0.0203233171039246 0.0224770871899087 0.0347104349139378 0.0524531492116976 0.104096069809612 0.145156985226556 0.156203464933379 0.137069367763611 0.0978707242077928 0.131592333292865 0.162566277729103 0.163871995687419 0.133032431596535 0.0763924714435563 0.138879058292419 0.18381432666949 0.0806691884605921 0.0667387076825683 0.13892638415929 0.245672476149659 0.353142257721524 0.422173427131184 0.458953972897159 0.458316145635077 0.452192948524625 0.443780774914407 0.428537738793176 0.413825997303242 0.399857067633794 0.389686104960271 0.380679649388512 0.368019528637307 0.356855885878159 0.348228575766432 0.340826997804007 0.333957281455946 0.324143559743092
-9999 -9999 -9999 -9999 -9999 -9999 -9999 -9999 -9999 -9999 -9999 -9999 -9999 0.507903141715073 0.49674075820993 0.479372247594702 0.451637032658874 0.336509413944027 0.183262667296671 0.0945019845097279 0.0374628347129037 0.0452499675351116 0.0481633255609372 0.0484127414142526 0.0891605030004247 0.126250255427958 0.150284832665815 0.133288038883933 0.0890129114083203 0.104533559021568 0.119610741968297 0.116194543717042 0.0900040216744661 0.0455344074477515 0.113061921463697 0.176343747140859 0.152381888782281 0.143479038913198 0.149112523078729 0.15674679364541 0.182355902872425 0.311580363878449 0.390016383402218 0.409525764176512 0.423809674666551 0.43433644742218 0.42400186007649 0.412596843804077 0.399695243126473 0.389659856028381 0.380591706007319 0.370344564818751 0.360850715031931 0.352633594729547 0.345171698078962 0.33804888527245 0.330697099234294
-9999 -9999 -9999 -9999 -9999 -9999 -9999 -9999 -9999 -9999 -9999 -9999 -9999 -9999 0.523370967141806 0.516532060205298 0.49826945458694 0.418143913986509 0.31074961002589 0.222208212575858 0.148331579563239 0.104423932105556 0.0768603461107677 0.0582302124029883 0.0780294848934682 0.10140875896193 0.130296118278098 0.123878046352016 0.0939883401448424 0.101795431087803 0.110046314095146 0.108970889979186 0.0880555181452497 0.051216238467185 0.0951995016465738 0.145070247886855 0.169944570731247 0.172121456197241 0.152388696569915 0.126156478534002 0.119966460704112 0.240098661059979 0.315158840579372 0.337924785189672 0.357024481711687 0.374210241275231 0.383333851222442 0.38868334237877 0.38875617556672 0.386696446253741 0.383466772189804 0.373076375121309 0.363635507984128 0.35580396873368 0.348811134645956 0.342202539700216 0.3364081661997
-9999 -9999 -9999 -9999 -9999 -9999 -9999 -9999 -9999 -9999 -9999 -9999 -9999 -9999 -9999 0.534844811009345 0.56548454443822 0.555522104590476 0.526964507636004 0.445195408966524 0.342201534382225 0.195832602154642 0.119056690874551 0.0803194233890042 0.0702675561833194 0.0713117746531412 0.0978477488318386 0.109483633192804 0.111213691547638 0.120594268011721 0.130051129866057 0.137570792030183 0.122485015762096 0.0892556978129734 0.0843813214583622 0.0927182526701632 0.139555112488262 0.15817112869897 0.14954580231386 0.147224607859607 0.153567086673284 0.20325172836721 0.235058927754809 0.24612405367442 0.256232759054576 0.269203079895457 0.310669307152935 0.344681887807628 0.368273401739394 0.381132055856556 0.388965709134618 0.376168401177585 0.365348762508105 0.357881012210151 0.35182603025779 0.346411142578592 0.341373187976593
-9999 -9999 -9999 -9999 -9999 -9999 -9999 -9999 -9999 -9999 -9999 -9999 -9999 -9999 -9999 -9999 -9999 0.594120064116484 0.603325977215576 0.562660402589498 0.502618721933428 0.402979934607013 0.261573618253201 0.0973377115579916 0.0606273651222339 0.0442860804793401 0.0677688853298238 0.0870214787024953 0.103461757560224 0.115147904857318 0.125408507561499 0.132429269237204 0.126300826687792 0.109618590384444 0.0876098504805902 0.0753957572960005 0.108013708062403 0.12991639935831 0.141475740954973 0.16485741597736 0.191431358982787 0.222235253728035 0.238861543183011 0.23903844768168 0.23831222237343 0.240928587552 0.276283757227442 0.314173087256862 0.355605468834438 0.376948787955179 0.389707482965074 0.378503113341093 0.368653923491894 0.361101584464524 0.3552972661365 0.35027998867834 0.345039968912565
-9999 -9999 -9999 -9999 -9999 -9999 -9999 -9999 -9999 -9999 -9999 -9999 -9999 -9999 -9999 -9999 -9999 -9999 0.646145209863334 0.64485792677052 0.632429641709483 0.597233549604686 0.404441626403444 0.125509863302078 0.0599108992833543 0.0244890930628856 0.0457954028562145 0.0703559060636614 0.0970798508439365 0.109494974639595 0.118987402166177 0.123139159590053 0.12439746075315 0.123333420572277 0.0922611946022487 0.0660758143628719 0.0791669205221192 0.0999483453196288 0.128153169913771 0.172895527292916 0.217454341316042 0.240491567895169 0.249553615052577 0.242401139275069 0.233789517741605 0.22816937255671 0.253511336426646 0.291387049064334 0.34678640337137 0.373976834619539 0.38962195531789 0.380707158248661 0.37213986362684 0.364161539779795 0.358497779810652 0.353871634923371 0.34832253359353
-9999 -9999 -9999 -9999 -9999 -9999 -9999 -9999 -9999 -9999 -9999 -9999 -9999 -9999 -9999 -9999 -9999 -9999 0.646145209863334 0.64485792677052 0.638870872387105 0.623279342014958 0.459253775416655 0.214096087319368 0.105578532838107 0.0381539609414556 0.0623036807372496 0.0899506002003199 0.11992251581016 0.124513401436945 0.125723406562647 0.123274978486232 0.121252117393004 0.119570824207016 0.0914643178933272 0.0654828281075395 0.0648498644844124 0.0742039383310037 0.0931984153141832 0.13594549349833 0.180342390299165 0.205121344284799 0.219641869882385 0.222260185329045 0.222189408719358 0.224435554372277 0.254643513656735 0.295207797609709 0.350251430547996 0.375836359064024 0.389651112859357 0.382934642803478 0.375106204484085 0.365393126748264 0.359933586545367 0.356378851284097 0.35084268744082
-9999 -9999 -9999 -9999 -9999 -9999 -9999 -9999 -9999 -9999 -9999 -9999 -9999 -9999 -9999 -9999 -9999 -9999 -9999 -9999 0.629382948835809 0.630863335218174 0.493457065992597 0.280137149844404 0.140289267353641 0.0465976031025285 0.0632127971075345 0.0918565393604626 0.128497059317945 0.131213225614218 0.128656181964191 0.118777067957877 0.114801860458476 0.115565237176777 0.0906922573709195 0.0642150629084595 0.0467830267737555 0.0449588951803681 0.058200942356401 0.103005171425828 0.150845189497269 0.177595647610071 0.197474141086591 0.209379525607546 0.221545447704986 0.236806944371936 0.279586453969769 0.322070518815037 0.364141517460164 0.381264783969333 0.388718366860903 0.384106650233814 0.377602440331838 0.36789070415577 0.362410949896709 0.358824980629992 0.353077273621816
-9999 -9999 -9999 -9999 -9999 -9999 -9999 -9999 -9999 -9999 -9999 -9999 -9999 -9999 -9999 -9999 -9999 -9999 -9999 -9999 0.628018797922602 0.625347247799487 0.505727000517917 0.322184110234501 0.163338920855427 0.049484459911754 0.0475202193787576 0.0749368962025431 0.12188649254541 0.129059824191191 0.127541301065817 0.109347625796177 0.104834288561351 0.111301042869082 0.0899466079307307 0.0622291518269318 0.0247254150570931 0.0119882357090243 0.0231580056014349 0.0743322586874489 0.129452126448081 0.158418632782608 0.183548123927494 0.204225767341726 0.232561768405464 0.266318597935747 0.329870436152 0.37345608256391 0.389126665640503 0.390491476728961 0.3867618973558 0.38415534675176 0.379598358290285 0.371735635136528 0.365996809004325 0.361206096998557 0.355007939169826
-9999 -9999 -9999 -9999 -9999 -9999 -9999 -9999 -9999 -9999 -9999 -9999 -9999 -9999 -9999 -9999 -9999 -9999 -9999 -9999 0.600281154909964 0.600906163840187 0.507978948790481 0.363917299918095 0.19230622544233 0.0657249040859423 0.0559976719218001 0.0791003731529644 0.124028956777121 0.129941081210653 0.128621428571734 0.115117644242036 0.108672097411494 0.107891622136395 0.0732413011685907 0.0365326588505164 0.0120333278414446 0.00286302365324211 0.00848969992023771 0.0719520655771198 0.139252165193454 0.157725061780511 0.168614063253911 0.170703947553523 0.204542992861092 0.24986389447681 0.318637106772677 0.360082247009116 0.363319557237373 0.370983554265052 0.379746423753081 0.379638024112001 0.377522289255159 0.372004386194656 0.368376017767938 0.365569028254156 0.358430404034922
