layers/veg50/veg4800.asc
NCOLS 255 
NROWS 330 
XLLCORNER -2985163.8955 
YLLCORNER -3022031.214 
CELLSIZE 25000 
NODATA_value -9999 
[rows 175 to 199 of 330, columns 114 to 170 of 255]
0.267590584204284 0.28030261855483 0.287040190504616 0.290463350109278 0.29558478622767 0.303164441964144 0.316912262795353 0.324884141917219 0.328961335640754 0.342205931193223 0.353401758466997 0.355077660958906 0.358496675444206 0.363334122139827 0.367787305444713 0.372108542355784 0.376107995268981 0.375278980537542 0.369725247123385 0.357638818237247 0.347467692937905 0.357416907039367 0.365067750460723 0.370015198723614 0.369767669332216 0.369773818496393 0.386247285694132 0.392833795853377 0.385402259959237 0.384762856837981 0.386771416759583 0.391774085386643 0.384272305068625 0.355265495362689 0.34431463948769 0.341595600234121 0.327050679250532 0.325549049229253 0.351541810991929 0.337896642056318 0.301934270987177 0.30758562467802 0.303265529002535 0.267955327080335 0.266223251379412 0.287454614561251 0.322225012579579 0.350849502057063 0.354507989559697 0.410530460033001 0.509752726953741 0.551831499852402 0.582319554722571 0.600626491958329 0.553910733034132 0.44269807372934 0.455971196346624
0.268667261922077 0.284841652813321 0.290690791608409 0.290811859705509 0.297325030301032 0.304491928256598 0.31268041096694 0.31895707959613 0.323944622614142 0.333725169597125 0.341480415976075 0.341123099477414 0.347521609804075 0.35941757664111 0.361888183946199 0.363524332028731 0.36768282990163 0.369631709324111 0.369418448220299 0.357976238297396 0.347332079988281 0.356138286433954 0.365339250077121 0.375004535992456 0.378637631369745 0.380911662711264 0.386657060359339 0.387253304649475 0.380548913503803 0.373319492301596 0.36612195630493 0.363221376302577 0.357455424463728 0.346761634075429 0.333475775431416 0.318994053697084 0.302437546534736 0.296499568803679 0.312944746458559 0.312823389240297 0.3033746352356 0.308990643981007 0.3068003489366 0.282374115186477 0.295132450217612 0.333320601283248 0.343809821967508 0.355892789412889 0.382277366293924 0.424822679755666 0.480700449824429 0.540920813861217 0.594280015751864 0.614231437025087 -9999 -9999 -9999
0.269493034538078 0.287922390144826 0.292735728901887 0.2899954015195 0.297190249629622 0.303673534818239 0.307285334536073 0.312460394804783 0.318689552976078 0.324644981047901 0.329066722548831 0.328532102554534 0.336976425587627 0.352727233833927 0.354090419211646 0.354266171810954 0.358666674116273 0.363826608564047 0.369729657286534 0.359958182153937 0.349650861431354 0.356483237466244 0.366043456276841 0.378812224960061 0.385250953003284 0.389240778598331 0.38719430734199 0.383334844265189 0.376904863006233 0.364612022052135 0.350273038383305 0.337934730349236 0.33231399896684 0.338246090419283 0.323546407958358 0.299418031825993 0.282780689225843 0.272991249935471 0.277636736389047 0.288771998437829 0.303561175592874 0.309458455759816 0.310820417495731 0.301304010917121 0.327844807431696 0.37904443612938 0.364256542291538 0.359562077487229 0.410027965781808 0.439525060361554 0.451723096144789 0.523518962589379 0.589630805534556 -9999 -9999 -9999 -9999
0.268408194852632 0.283078076660302 0.286999884928073 0.284959056687759 0.290264731639246 0.296393596305814 0.30388204636932 0.309429757117264 0.313668838129202 0.318703561421373 0.323564791256698 0.327613978206103 0.331939335402445 0.336489422148737 0.340754364297694 0.345159344458006 0.350357315828511 0.360639208088856 0.3758957833703 0.366549543750844 0.35465743479669 0.359323295223983 0.365310334712525 0.37285137465389 0.3769402464745 0.380403970600196 0.387298828622389 0.387294302899968 0.377507608741354 0.367177608909247 0.356386240160104 0.340578413224084 0.331356296610912 0.333460220405856 0.317935942418202 0.294367090660705 0.280268089451758 0.269584037205244 0.266098470752433 0.279894750086015 0.303421165147195 0.305743545382124 0.306667466711721 0.306371948670704 0.332353186950399 0.37630459675877 0.358196716207752 0.353437513994687 0.413470338854974 0.448929508427087 0.464115642103262 0.529725410367965 -9999 -9999 -9999 -9999 -9999
0.266761255606798 0.27885993561072 0.283385791703608 0.283710523180666 0.287147128390728 0.291201854205542 0.296527920436536 0.301438873933286 0.306069919220071 0.314308920514677 0.322101436530527 0.32732965400673 0.329357164402318 0.328780145636178 0.332090975298512 0.336776909697363 0.344892490713631 0.357547312585012 0.374643840946305 0.366695747070203 0.355858280414815 0.360069187980916 0.364590114477333 0.36947569219494 0.372291188700251 0.3750487904499 0.382863671139995 0.383588756566762 0.374261701974766 0.361824311733523 0.348509608093133 0.340241530457064 0.334469930770087 0.332991749521405 0.318291523390918 0.297526346225885 0.275553726271714 0.258379550056503 0.251320174813951 0.26886633959673 0.30026607344016 0.300251716679923 0.301136433284561 0.30801407528582 0.327180858987623 0.354751951866848 0.36625701999694 0.386631538634973 0.441911843229973 0.468628447030848 0.471780264692692 -9999 -9999 -9999 -9999 -9999 -9999
0.264609714317935 0.275203915424108 0.281676414010643 0.285862343396863 0.287447925891529 0.287884705593817 0.285627090416242 0.288995131882612 0.296156522362833 0.31130283736028 0.324263549834802 0.327614298140772 0.328978797360684 0.328727015072544 0.327622282280515 0.329044768955417 0.341981229685351 0.354541152788961 0.366732628905086 0.361056071403546 0.353642688569209 0.358935129191333 0.3638814758862 0.368420739139124 0.370929227327781 0.372819100246393 0.374353201489026 0.373002263441843 0.367560823790071 0.349362158150364 0.328074171080055 0.337228965981219 0.341238441873058 0.33639904829518 0.324002880228541 0.308055972337176 0.2688628194485 0.24017537659076 0.233633273309808 0.2559068106972 0.294404315029225 0.293164731745569 0.29436828215406 0.306580819137231 0.313318069196787 0.316310875155816 0.38699309669871 0.455122228312946 0.492795302051886 0.497568846264731 0.475200586166397 -9999 -9999 -9999 -9999 -9999 -9999
0.268723420111252 0.276079831392885 0.2806377039934 0.283643050101856 0.284894718147169 0.285495634495872 0.284599517353509 0.286913130867482 0.291391047926898 0.307149929507445 0.320725942228491 0.323698652088327 0.32465288096819 0.323964600101826 0.322716028362859 0.323625652230654 0.334258457509889 0.343193543577803 0.350467389213744 0.356999455377774 0.361843327214742 0.357408381039783 0.354025416640294 0.351879816806586 0.362439967545446 0.374085300949955 0.361597171539541 0.3516090879052 0.345165649674709 0.327503304542534 0.30743947384479 0.320183141353791 0.326619565762332 0.322208854976997 0.30311330486053 0.277349387179324 0.268291733055191 0.262222839712697 0.262454055761029 0.278308273979429 0.302958655146291 0.302481036273981 0.30206803821122 0.30473037890873 0.305338769568152 0.304542503045187 0.372967880813141 0.442521867346876 0.49345515667498 -9999 -9999 -9999 -9999 -9999 -9999 -9999 -9999
0.272178092754639 0.276523064638361 0.279014650452062 0.280478045734348 0.281668837526753 0.282977386715301 0.284618280257827 0.285835687382777 0.286767539969622 0.300727743323439 0.313019883746826 0.315868965022852 0.317680383940417 0.31864742009987 0.318390939354114 0.319304457437293 0.326088331216186 0.331238785669825 0.334790917970199 0.351143908325738 0.365687982229959 0.352602943287146 0.342070054250828 0.334539061192651 0.352798278793387 0.373480437712671 0.34726059532273 0.328934701719868 0.321801102895824 0.306485300850546 0.289721085212843 0.302684916050906 0.309522941910025 0.305825868087786 0.278183667932837 0.239785487871759 0.260005684193127 0.276496364339554 0.285125471883274 0.295992288857764 0.308118995357334 0.310746664491234 0.310132776900575 0.302107245173387 0.299732783242859 0.301222979960723 0.361229645546581 0.416127152454217 0.434975949091105 -9999 -9999 -9999 -9999 -9999 -9999 -9999 -9999
0.266346709877652 0.270475335989785 0.273759341828787 0.276574783356487 0.277677515684311 0.278921566744032 0.280708776347798 0.280155286005208 0.278023474695804 0.283733709205161 0.289279170407707 0.291898440744942 0.300837062183633 0.314917964316055 0.317462189362666 0.318441878136636 0.320153759374871 0.324024399525309 0.330007413479327 0.334559987777589 0.33735326351386 0.331332152827581 0.327952463504795 0.327679673250699 0.343953307000411 0.359974862684171 0.328807760144593 0.309861876606658 0.308243630897687 0.298636874828327 0.287164947314413 0.296083538760523 0.299851339749962 0.29476086152788 0.257568288011961 0.205856872480733 0.206340082913643 0.212934157928012 0.232409529957595 0.256142067643543 0.282271502059349 0.298164857638014 0.306442344490646 0.295909518627591 0.300770736679329 0.316159647201647 0.393980843231089 0.45649619208145 0.447543615236901 -9999 -9999 -9999 -9999 -9999 -9999 -9999 -9999
0.260671295286768 0.26530964609668 0.268935631682722 0.271999994218741 0.272973686776675 0.274256294903358 0.27655402323434 0.27555768440435 0.27234017439249 0.272943589565922 0.274201599948991 0.276448632858789 0.286015955080764 0.301540057009732 0.30915864761303 0.313712731530854 0.310129272791142 0.312016767464881 0.319257661541334 0.317903739298248 0.315299815051509 0.31629208414234 0.319013330738306 0.323768239465852 0.334268684589348 0.342317044086121 0.311601754355571 0.296707560298386 0.304245025132883 0.300993042615901 0.29442733264665 0.300191679048774 0.300382174174322 0.290986814214764 0.249865124295038 0.194347813550493 0.177933454697103 0.17365681615814 0.194965686571884 0.222375209659749 0.2532195613695 0.284401618827044 0.30657169850296 0.305043550274993 0.31442399701218 0.331264623395138 0.411346510746754 0.477199594661493 0.474930330001142 -9999 -9999 -9999 -9999 -9999 -9999 -9999 -9999
0.255164148651196 0.261095552592801 0.264577555897918 0.26670072167705 0.267501162450236 0.268933509779128 0.272134680549282 0.272128272241183 0.269959011184784 0.268846625505967 0.268470348382968 0.270191485614506 0.273376534611243 0.277752820664862 0.292898737546399 0.304812099870206 0.295692340521794 0.294837893803146 0.302071163493603 0.301169459102345 0.300022978224586 0.307974092356723 0.315661029485205 0.323037235695113 0.323678196657721 0.320179535719944 0.29574090300257 0.289938486785229 0.310559098415706 0.314358539146339 0.312282530591586 0.315853890170053 0.31192000999724 0.295078691669932 0.256092434993647 0.207026318765048 0.176777723805862 0.160579445038688 0.17399830041258 0.195171449327303 0.220710470357569 0.26936378025712 0.310822067543783 0.330718403566171 0.34168740816564 0.346551181396167 0.412113344181492 0.468045384026656 0.4720804464233 -9999 -9999 -9999 -9999 -9999 -9999 -9999 -9999
0.25104731122854 0.258261503461854 0.261473560984997 0.262465381137738 0.263052171635222 0.264155061938694 0.266632274725663 0.2668577861096 0.265564987749932 0.263202372241856 0.261884836940673 0.264326702728576 0.266491483093413 0.268430789196941 0.278094209287432 0.286782184251845 0.286208250709256 0.288320839056086 0.293062224175859 0.292372549546557 0.291582716127333 0.297250453015846 0.299236904389757 0.296893345150831 0.300825808120611 0.30525235386529 0.29736118278345 0.296717898129939 0.306350900239529 0.312337871987605 0.316772623803479 0.317096620507183 0.311412962752456 0.295397399429681 0.266739715401992 0.232346850272777 0.213829555324143 0.203056175724885 0.208606455788877 0.212860482731991 0.216384684923782 0.262590705286909 0.304816180582105 0.331655982315054 0.355850160229329 0.378235046568886 0.429996204375025 0.472092727906158 0.472312815990259 -9999 -9999 -9999 -9999 -9999 -9999 -9999 -9999
0.244905767826031 0.254701772141384 0.2583644966943 0.25862470286194 0.258980260528791 0.259617371079818 0.260971282605439 0.261269288546131 0.260855303218457 0.257310410518117 0.255114403206574 0.258302857437571 0.260281584756726 0.261275914272441 0.263158512960797 0.266815658048857 0.277588702632563 0.28391750049666 0.285897544873698 0.285001720431874 0.283983391043112 0.285962961932947 0.281171310195163 0.268415194488699 0.277613447071877 0.292504878748318 0.301829986439838 0.3047025115179 0.298426357190705 0.304616589804106 0.314706650535216 0.311910627375786 0.304962358335159 0.290873097308945 0.274907599249124 0.25813594759672 0.255743627500799 0.252977161693021 0.249422021553298 0.23639909840071 0.218045563293052 0.255364639012086 0.292188259193072 0.321273426520711 0.358164544113998 0.400394001931092 0.443259954286087 0.473342450100614 0.460403023913421 -9999 -9999 -9999 -9999 -9999 -9999 -9999 -9999
0.220860299272184 0.243053038299815 0.25283916218341 0.25574255158208 0.255810898289156 0.255862943015836 0.256168202358808 0.256773910715048 0.257582210171371 0.252484609506051 0.24856942442549 0.250335562631605 0.248251076568665 0.243033200618114 0.244473967042548 0.249557221857092 0.266096543936632 0.275235498843292 0.277133097772445 0.273333241339519 0.269761443950877 0.274985369264452 0.275515378252125 0.270524297548086 0.274938227646261 0.282521224249793 0.294629956943119 0.296083868316349 0.282431030932182 0.283085005777518 0.288547310503458 0.285590868791564 0.276533630287694 0.256984300938604 0.255997927468843 0.263485954013476 0.261871179378258 0.253688365341545 0.231660560107523 0.218919538739409 0.211407222025013 0.229050720574409 0.249074393936969 0.272437842700249 0.29597681779047 0.319635831981577 0.389236530769929 0.447387558954584 0.452322762163679 -9999 -9999 -9999 -9999 -9999 -9999 -9999 -9999
0.20154672689173 0.223478287351527 0.23941131799201 0.252016584567362 0.252153715854125 0.25176394499912 0.251312813296918 0.251838902348517 0.253023925924094 0.247137615218684 0.241589372998329 0.23930238690096 0.234926854689132 0.22885179823978 0.230329079751944 0.235312645678843 0.250579439768621 0.259331733713322 0.261709504142634 0.26076865907299 0.260144894652195 0.265762369194938 0.269588798145141 0.271308559086845 0.271018002347688 0.271149716730607 0.280721144571073 0.28039102413558 0.26602216972038 0.261502896263285 0.260602960281656 0.259822359884309 0.252103365394579 0.232451788388254 0.239973898371194 0.259846558013587 0.251746199054146 0.238296146020304 0.213569292888163 0.204367809179963 0.203907518604906 0.208816658934944 0.216095236069439 0.228973407050135 0.246255606668818 0.26654963731702 0.343119464596819 0.403338958462372 0.390584500752404 -9999 -9999 -9999 -9999 -9999 -9999 -9999 -9999
0.188376314588824 0.193613625111917 0.215724080905492 0.24719513807777 0.247863223337985 0.247217610798348 0.246389514582357 0.246333145881167 0.246797148754802 0.241113984419401 0.234044490726985 0.224288946893829 0.219923075606736 0.219942972515489 0.222077781125403 0.224980797894435 0.22983697066606 0.234052350976098 0.237640707489392 0.247040715430125 0.256507279554493 0.258817260019781 0.263310850439441 0.27037285187727 0.265481454523261 0.257976436104488 0.258102689041519 0.255514134607319 0.249076438864239 0.239855192292361 0.230341229683007 0.234769508059165 0.232864084902064 0.220066023596309 0.22769614017139 0.244536716166331 0.22052145167658 0.201997739945439 0.195049857005037 0.19361712012024 0.195289556163257 0.196475740380481 0.196273410388778 0.192482037122848 0.212718985336965 0.249388443457273 0.307266786527096 0.35770844455316 0.376378835466148 -9999 -9999 -9999 -9999 -9999 -9999 -9999 -9999
0.174143769934352 0.175151121143314 0.197055767679385 0.230553466270328 0.238174625389914 0.2426953604341 0.241908660435218 0.238228409089296 0.232597052149214 0.226343558200809 0.220073516874094 0.213938292881129 0.212075062477697 0.213688105160932 0.215611609715362 0.217582017543833 0.219553535856142 0.22196937000638 0.224819973009802 0.232761876684529 0.241247406995597 0.246408285131783 0.251208912898548 0.255585806098494 0.251737105843336 0.246009775059701 0.244775779744061 0.243879029765646 0.243460437085789 0.234190048069868 0.222241604674524 0.221185447614506 0.218298356058946 0.21226244120802 0.215215093285939 0.222156079981305 0.193933900103496 0.173844331123693 0.170897766229469 0.171776104116942 0.174807963316363 0.158473805560746 0.140669295316488 0.121244063058555 0.166316240625478 0.255496964299153 0.305326254438061 0.340777257242532 0.340805201106788 -9999 -9999 -9999 -9999 -9999 -9999 -9999 -9999
0.160167446880964 0.161199478793253 0.180230602657067 0.209246961771097 0.225854776505775 0.237291686544156 0.236674122461286 0.229005206754914 0.216581603832407 0.209604649835564 0.204783674094776 0.20539079547023 0.206572997862096 0.208223164125656 0.20966208439981 0.211099227079942 0.212666289282288 0.214242811642339 0.215828590890318 0.218751299867748 0.222826707037334 0.232157353788404 0.236981839746962 0.236506078284525 0.235460294430933 0.234332385744548 0.233970711693336 0.23570491617019 0.240410724712313 0.23309303089281 0.221464956625145 0.211754466951276 0.205689663535533 0.20589467580415 0.203045537930982 0.198707976004459 0.170723978771577 0.150412564749112 0.146274446974643 0.147124441666953 0.150782875453452 0.11481498237142 0.079250697203522 0.0493282164994907 0.124160046032752 0.270631346601052 0.314835898896563 0.341267799436612 -9999 -9999 -9999 -9999 -9999 -9999 -9999 -9999 -9999
0.154078616009606 0.157343648508148 0.165990720461579 0.177623550264781 0.202286136110529 0.220281503005905 0.219710567016468 0.216302664159411 0.210981810308233 0.204591622976477 0.199770444435297 0.200430117927654 0.201077402483842 0.201714605722145 0.202818995453809 0.204024119957295 0.205361667137154 0.206921152567896 0.208697807477143 0.210598408931169 0.212871061577978 0.217240043033546 0.219933128337603 0.220654986989105 0.221243153057478 0.221268673960444 0.216331360824914 0.216055263411214 0.222387987741046 0.223245387598349 0.221456761484641 0.207464837040139 0.198630026943783 0.198664371825856 0.195810886049244 0.191575405954353 0.17175884870016 0.153760836924335 0.139596198336585 0.133232590286889 0.131261168516864 0.10709934276931 0.095014782841362 0.117202710607867 0.192463760435159 0.30402050427256 0.328714470971235 -9999 -9999 -9999 -9999 -9999 -9999 -9999 -9999 -9999 -9999
0.149972381070689 0.153896756061095 0.155982566572541 0.157048409027012 0.179515567348005 0.198195766284469 0.20487210301127 0.206914834977078 0.205833153000985 0.199772654866561 0.194858324865734 0.195224286201801 0.195419326599926 0.19547528255327 0.19630218307081 0.197252203845208 0.198233813757688 0.199631704811592 0.201436932401827 0.202411618533966 0.203238157433574 0.204246213031118 0.205149905717764 0.205930844407202 0.20715631439469 0.207794232795308 0.201667938721641 0.200365004012848 0.20590078352579 0.212440786764047 0.218146536673824 0.200831844009211 0.18890306129719 0.186236914013561 0.185877864523113 0.186517769845281 0.171526366987615 0.1559981785 0.13933848152603 0.125660137365231 0.113660373599291 0.104283890690472 0.115291002726644 0.179507894151531 0.250350293306675 0.325723750592591 -9999 -9999 -9999 -9999 -9999 -9999 -9999 -9999 -9999 -9999 -9999
0.148977625672262 0.15109164931309 0.15261567317989 0.153812386838093 0.157997489582975 0.168144473078363 0.193368750527207 0.202729106131428 0.201392507389903 0.195258241919812 0.190104887138982 0.189633710306423 0.189506254344426 0.189658496276777 0.190297428053466 0.190956114708645 0.191383380698105 0.192392809392111 0.193971891899496 0.194171626434672 0.194111762448155 0.194271087399955 0.193922133758571 0.192975331432526 0.193273972377774 0.19367519428946 0.191674929441873 0.190888603541907 0.191823439371226 0.2001343399118 0.20965411735068 0.190521184599646 0.174989998198217 0.16565306005485 0.171710030545379 0.18471652824391 0.169304907774688 0.156492029243837 0.149157126264207 0.128005327615225 0.0990742516912031 0.109158776805983 0.142648551270541 0.233072619998712 0.29188813572012 0.329087166043856 -9999 -9999 -9999 -9999 -9999 -9999 -9999 -9999 -9999 -9999 -9999
0.147347585332409 0.147837248587978 0.148890249130669 0.150255768513325 0.150141689854545 0.158323738596476 0.1880735187112 0.19906169443895 0.197399024584756 0.192991903729618 0.188643222819602 0.185321155949012 0.184007412988213 0.18432791460447 0.184594786876963 0.18484575704165 0.185062713754335 0.185663640057342 0.186640285621717 0.186617465681011 0.186341418239299 0.185829025275114 0.184240920028486 0.181387537861375 0.182915447764025 0.185442876498392 0.185566390963081 0.18631356852692 0.18794499571495 0.196457372223627 0.206083981788346 0.188722798809539 0.173967317483922 0.163693096458067 0.172242351686887 0.18929679716327 0.173577546552696 0.159544550873766 0.149066068689339 0.122671663096504 0.0873161721596607 0.127595145068599 0.180400545669534 0.257345590096568 0.288595570916526 -9999 -9999 -9999 -9999 -9999 -9999 -9999 -9999 -9999 -9999 -9999 -9999
0.145429731554241 0.14443225818765 0.145055624975839 0.146578174361243 0.14790639441886 0.156702375738268 0.184794073053027 0.195154165557754 0.193557935471671 0.191586242075876 0.188435712804732 0.181525777158489 0.178707504882339 0.179218764581147 0.179042550501 0.178840210336538 0.178972475945665 0.179144180645769 0.179354477011735 0.17931717656644 0.179090644495495 0.178037973807797 0.175328278770783 0.170669554518345 0.174252849918495 0.179764262326577 0.181206198467738 0.183893576692622 0.188346782807571 0.196347527865867 0.204498361959983 0.19061231048859 0.178602330491374 0.169818799925336 0.179032693852089 0.196372238671795 0.180694519417556 0.164126661148108 0.145682448905031 0.115255661420235 0.0780823675200257 0.151656193380328 0.209830332233497 0.214769316829576 -9999 -9999 -9999 -9999 -9999 -9999 -9999 -9999 -9999 -9999 -9999 -9999 -9999
0.142553829584688 0.142394141637822 0.142735158133155 0.143353947066101 0.144304458710407 0.148299670087557 0.160119182282552 0.173694470804338 0.188453669546623 0.187479139239455 0.184036999124745 0.177271046509505 0.174467235956994 0.174887561286138 0.174468337927563 0.173912517817883 0.173311368929691 0.172574291637852 0.171704206626902 0.170856933361628 0.170226009951313 0.170878201395826 0.171369440599605 0.171671364166829 0.174744350437872 0.178591335294807 0.182260140635151 0.186336605168592 0.190991062032805 0.196032828883328 0.200858690717167 0.198832170521961 0.195641702101542 0.190449486870913 0.192480176694551 0.197786861153398 0.193829954588042 0.186865473350517 0.173561224289439 0.150169357942518 0.121097896570128 0.176122579854337 0.218343966382261 0.21722831069967 -9999 -9999 -9999 -9999 -9999 -9999 -9999 -9999 -9999 -9999 -9999 -9999 -9999
0.139462910694791 0.139897864291844 0.140201331888793 0.140431855881328 0.141162198156773 0.141976897750156 0.142957276832939 0.155532747157 0.175926723072397 0.175560841360811 0.173337584363745 0.171324148014759 0.170554129743537 0.170795924975453 0.170089309220147 0.169186214700875 0.168049061141051 0.166445913004605 0.164386783085893 0.163320715660307 0.162801017689093 0.164304753238511 0.166778337586621 0.170392679850551 0.17311437631223 0.175824641756531 0.180843755696931 0.185483752859175 0.189586226045628 0.192684033528845 0.195493331826393 0.199834551642976 0.202263912737936 0.201405277842456 0.199571736070688 0.197307643057838 0.199398680871865 0.197488904577485 0.187145677640224 0.171718555712981 0.15342906660061 0.194046834809918 0.225339591703824 -9999 -9999 -9999 -9999 -9999 -9999 -9999 -9999 -9999 -9999 -9999 -9999 -9999 -9999
