layers/veg50/veg5700.asc
NCOLS 255 
NROWS 330 
XLLCORNER -2985163.8955 
YLLCORNER -3022031.214 
CELLSIZE 25000 
NODATA_value -9999 
[rows 175 to 199 of 330, columns 57 to 113 of 255]
-9999 -9999 -9999 -9999 -9999 -9999 -9999 -9999 -9999 -9999 -9999 -9999 -9999 -9999 -9999 -9999 -9999 -9999 -9999 -9999 -9999 0.704445986551063 0.542709569865634 0.292570122831157 0.341432388587425 0.364141227902541 0.292630124187869 0.211951691605089 0.125178667256802 0.0583929783049421 0.00753318004055409 0.00232081360913649 0.000340255353327203 0.000953605926806863 0.000496321388954423 0 0 0 0 0.0414755123163468 0.106711345782013 0.260922841515191 0.348271570786864 0.358043631626131 0.367850342624843 0.379006566280285 0.402360819756359 0.414217202761503 0.409998222694784 0.40108845366573 0.390425643096155 0.3786562941027 0.342953105952571 0.266685219922879 0.240381910361249 0.236722542699092 0.247242105412675
-9999 -9999 -9999 -9999 -9999 -9999 -9999 -9999 -9999 -9999 -9999 -9999 -9999 -9999 -9999 -9999 -9999 -9999 -9999 -9999 -9999 -9999 0.545323270494 0.299226138995451 0.311939878567121 0.310408220651854 0.24862233594389 0.163373794026888 0.0625268897646026 0.0246537732120794 0 0 0 0 0 0 0 0.00108226144595564 0.00320922074849132 0.0288416468960568 0.0801777703156105 0.25416813799405 0.345420795329511 0.340678083914727 0.364821817093334 0.394657747618402 0.402545545480573 0.403525153127419 0.394846305657587 0.377521560542235 0.355863411488311 0.312489630937521 0.273110343109974 0.240501193137862 0.231408751072701 0.233001493674998 0.245085236438076
-9999 -9999 -9999 -9999 -9999 -9999 -9999 -9999 -9999 -9999 -9999 -9999 -9999 -9999 -9999 -9999 -9999 -9999 -9999 -9999 -9999 -9999 0.336012203632175 0.319682482674879 0.296494829393918 0.263802392790812 0.207624652368917 0.119055524300888 0.00895206630298481 0 0 0 0 0 0 0 0 0.00633588953418846 0.018787759860846 0.0282722945779982 0.0622243693351565 0.244251900188334 0.337691198698132 0.328347135238129 0.360308844315784 0.399519602685714 0.399239091295888 0.3923981566823 0.376384985740801 0.347022574682117 0.311314554156509 0.248238890513531 0.212371686924119 0.222619231353862 0.227871506504799 0.230929257728732 0.242223774786716
-9999 -9999 -9999 -9999 -9999 -9999 -9999 -9999 -9999 -9999 -9999 -9999 -9999 -9999 -9999 -9999 -9999 -9999 -9999 -9999 -9999 -9999 0.352717121131009 0.362223009194544 0.310131428456581 0.25201742934822 0.184353525488164 0.101146227413092 0.00760542393488941 0 0 0 0 0 0 0 0 0.0268822709948139 0.0797137717189447 0.0914703878115984 0.113452120981313 0.246546208427949 0.326059020885803 0.343404845287855 0.365288197530031 0.386612892222553 0.391263076492492 0.380404432200341 0.347862637920962 0.297374898960851 0.242146962964937 0.217790138695024 0.207565926385613 0.221294625712069 0.227066497792929 0.22928845885718 0.237067387908068
-9999 -9999 -9999 -9999 -9999 -9999 -9999 -9999 -9999 -9999 -9999 -9999 -9999 -9999 -9999 -9999 -9999 -9999 -9999 -9999 -9999 -9999 0.41834278318538 0.409211227963722 0.334062677906716 0.258445983384107 0.187788060525836 0.102585585846407 0.00771365269793469 0 0 0 0 0 0 0 0 0.0329696285654638 0.0977645618419959 0.127064472806708 0.158633916282516 0.247465592414285 0.30951096474979 0.340477871175144 0.357680266770069 0.37026982057181 0.376014938454721 0.355624374059349 0.298693079550819 0.248538259737712 0.203177363678691 0.199782935344835 0.203521258170446 0.219348652621375 0.224850319827732 0.225741311248809 0.233302259971093
-9999 -9999 -9999 -9999 -9999 -9999 -9999 -9999 -9999 -9999 -9999 -9999 -9999 -9999 -9999 -9999 -9999 -9999 -9999 -9999 -9999 -9999 0.437144258302163 0.457090820956032 0.367235531485136 0.281224982746875 0.215196518537547 0.121394413485782 0.00912793290960765 0 0 0 0 0 0 0 0 0.0260769848885537 0.077325863611953 0.137878180917479 0.198388199913682 0.247150694013464 0.288549878573866 0.321405877547854 0.338772613225784 0.350841895279405 0.35423854723936 0.31936590436659 0.230988326776067 0.200429695579502 0.191316784723803 0.192944626649582 0.200159829666451 0.216844872148709 0.221367321999171 0.220482816514206 0.230786078224125
-9999 -9999 -9999 -9999 -9999 -9999 -9999 -9999 -9999 -9999 -9999 -9999 -9999 -9999 -9999 -9999 -9999 -9999 -9999 -9999 -9999 -9999 0.461659521963371 0.461649045370196 0.379497205590304 0.290335423506195 0.191030204229822 0.0973154690697371 0.00731738015966937 0 0 0 0 0 0 0 0 0.0124448831695529 0.0369027072243286 0.104972665942231 0.18323952298661 0.267789691321385 0.305420708560153 0.288614381663594 0.304100466331495 0.323071745186064 0.291303020692701 0.252598520072474 0.204196996015917 0.191182445483204 0.191414208237296 0.200377306652828 0.208783513107439 0.216245861203243 0.221832065073344 0.226567298712217 0.230672392950632
-9999 -9999 -9999 -9999 -9999 -9999 -9999 -9999 -9999 -9999 -9999 -9999 -9999 -9999 -9999 -9999 -9999 -9999 -9999 -9999 -9999 -9999 0.462017668675318 0.459195257848561 0.382044387733052 0.288530026756591 0.160404742845171 0.0702282065134917 0.00528062485752118 0 0 0 0 0 0 0 0 0.00192805866102313 0.00571725610515503 0.0671042717697571 0.148892885252905 0.279908728085095 0.319791329704377 0.253937755408555 0.26537287731982 0.289233243667353 0.228832817715651 0.192171494603268 0.188700204211049 0.18975108850902 0.193098145501883 0.208332089594601 0.217283711836073 0.215587627865027 0.22219090699108 0.232449713714897 0.230339166907537
-9999 -9999 -9999 -9999 -9999 -9999 -9999 -9999 -9999 -9999 -9999 -9999 -9999 -9999 -9999 -9999 -9999 -9999 -9999 -9999 -9999 -9999 0.464709380015564 0.466049935081237 0.354409052704232 0.243550694165013 0.145198339158211 0.0680957206441623 0.00512027820410451 0 0 0 0 0 0 0 0 0.0137562331351539 0.0407912422302338 0.0449377106840576 0.0676898401147168 0.228540529815727 0.285685008865616 0.222505685239839 0.220672269781241 0.232093886612963 0.207525267544681 0.193041133640455 0.192656285409596 0.19184375453524 0.191663596127127 0.205523980308501 0.213859456525293 0.21283094308173 0.218287063606418 0.22660908598109 0.226615417260454
-9999 -9999 -9999 -9999 -9999 -9999 -9999 -9999 -9999 -9999 -9999 -9999 -9999 -9999 -9999 -9999 -9999 -9999 -9999 -9999 -9999 -9999 0.42603742752411 0.439345977346766 0.306728445641485 0.185344831812161 0.1060611822147 0.0478306196533758 0.00359649735671001 0 0 0 0 0 0 0.000843734308886097 0.00526575027284564 0.0256203648493155 0.0613545826468371 0.0501019895652707 0.0521365812596081 0.19066234521291 0.244749741426787 0.200868602927609 0.195291592236978 0.199543668800791 0.195460022694001 0.193615020928779 0.194899904881999 0.193495956199613 0.191889233669425 0.203966211719447 0.212085876134402 0.213498416340395 0.217444018011946 0.22250978311914 0.224420517902595
-9999 -9999 -9999 -9999 -9999 -9999 -9999 -9999 -9999 -9999 -9999 -9999 -9999 -9999 -9999 -9999 -9999 -9999 -9999 -9999 -9999 -9999 0.402131260362589 0.378466841715644 0.237421795085479 0.112869394698833 0.0411060912528023 0.00800296433060513 0.000601761805919535 0 0 0 0 0 0 0.00259773986925933 0.0162125082283231 0.0375232893938007 0.0662629668884585 0.0847524202348602 0.107410255113513 0.16733799763379 0.196446996213837 0.189798941852755 0.190754415625832 0.193521691354422 0.193365931963667 0.193869833466045 0.195296017784899 0.19467295845385 0.193905980577282 0.203757385776314 0.212093142995188 0.217860076967428 0.219903144920931 0.220289126121959 0.223875034067432
-9999 -9999 -9999 -9999 -9999 -9999 -9999 -9999 -9999 -9999 -9999 -9999 -9999 -9999 -9999 -9999 -9999 -9999 -9999 -9999 -9999 -9999 0.450383058914892 0.33364835461336 0.228578168903415 0.131079916318495 0.0517136981421609 0.0128705339453323 0.000967765871512543 0 0 0 0.0117613475402408 0.0329625694700636 0.0337234860996704 0.0387510078025646 0.0745096166443098 0.0922782641720496 0.0926813535946462 0.117809673743249 0.147439855018998 0.173082891818978 0.186642032134363 0.186180986319751 0.187737445343301 0.189688629298165 0.19008110529413 0.190773853802142 0.191886418280758 0.190591256320031 0.189019641443585 0.198007510884746 0.203824700445377 0.204268006167958 0.207622688726348 0.212332224581186 0.222799785025489
-9999 -9999 -9999 -9999 -9999 -9999 -9999 -9999 -9999 -9999 -9999 -9999 -9999 -9999 -9999 -9999 -9999 -9999 -9999 -9999 0.493584786822084 0.513441968058606 0.433149367431784 0.298116193302982 0.234212757207094 0.164902859337955 0.075247939072437 0.0253588689413159 0.00190679330055807 0 0 0 0.0256315979772604 0.0718355890822428 0.0740256392127271 0.0810986398411677 0.136090099169139 0.149645011186594 0.123201573155508 0.147655115950639 0.178462981866912 0.183872004672834 0.185911061524898 0.184040158540323 0.184850103958821 0.186294179703307 0.186665099400146 0.18697832013972 0.18721087101184 0.184927798619956 0.182409983586429 0.191890555284074 0.195475339784969 0.189067543286519 0.194347924065379 0.204946081463937 0.221742940157994
-9999 -9999 -9999 -9999 -9999 -9999 -9999 -9999 -9999 -9999 -9999 -9999 -9999 -9999 -9999 -9999 -9999 -9999 -9999 -9999 0.48457216095443 0.476998469266381 0.415168274377489 0.323682177636718 0.234369530904395 0.144490550505678 0.0529717987664008 0.0105595042002402 0.000793994082024227 0 0 0 0.0331019149992067 0.0927720373044219 0.0999871132846434 0.104926269715135 0.132641451383533 0.14544820347427 0.143863974085476 0.156302530343454 0.170478117168638 0.17757531608293 0.180602515283759 0.178907549444153 0.18005756331121 0.182056425765621 0.184517845927614 0.18426162966965 0.180205840937932 0.177308696287047 0.175895355297968 0.193512763235472 0.20220857377669 0.195783454465643 0.201525299922784 0.212741138524062 0.221829438706887
-9999 -9999 -9999 -9999 -9999 -9999 -9999 -9999 -9999 -9999 -9999 -9999 -9999 -9999 -9999 -9999 -9999 -9999 -9999 -9999 0.371787630022608 0.396013747208834 0.368434077120794 0.312538034761624 0.218083352613521 0.127047307980301 0.0482782858198636 0.0155267659055848 0.013368442144043 0.0148180357465728 0.0164777014486617 0.0177851536949059 0.0493250811297111 0.105130150572243 0.115404517774372 0.120749009518459 0.133333389657697 0.145292942217423 0.156649353978329 0.159076157089079 0.161096785220206 0.171756027835543 0.176130120515975 0.173211948482402 0.174274381852477 0.176583465969498 0.180076621773262 0.180073233285843 0.175181268333788 0.172865518803287 0.172768806755291 0.195704831515924 0.207388775889287 0.200001929386256 0.206699240925328 0.219672337949431 0.221721250879652
-9999 -9999 -9999 -9999 -9999 -9999 -9999 -9999 -9999 -9999 -9999 -9999 -9999 -9999 -9999 -9999 -9999 -9999 -9999 -9999 0.352176314610325 0.316713334650213 0.28437130895527 0.253735156435189 0.180450195752248 0.11345864064757 0.0664113291829519 0.0461559495981903 0.0437122891920734 0.04887351083889 0.0543474947776003 0.0586597924816279 0.0769115889816229 0.106351484229439 0.11713313769685 0.126179441607248 0.139400822669687 0.15038459803717 0.159208431477379 0.154224168974195 0.149902496785321 0.166556522148401 0.172743255134652 0.166785446202048 0.167205106012323 0.169506906466399 0.172657261878979 0.173974202204259 0.172727814540734 0.172545469559806 0.174040815465598 0.198636718062657 0.210552762284253 0.20097812041954 0.209272232843748 0.225482038605585 0.221360312457379
-9999 -9999 -9999 -9999 -9999 -9999 -9999 -9999 -9999 -9999 -9999 -9999 -9999 -9999 -9999 -9999 -9999 -9999 -9999 -9999 0.207404239440232 0.211968253323635 0.201989365888975 0.184061516971605 0.141167964429686 0.102499186371367 0.0768778052687949 0.0629947429296484 0.0569155089363313 0.0612430652044307 0.0665084411175981 0.0718279911014366 0.0842174142941369 0.102281248077425 0.115436112896452 0.128126909312144 0.141884360813146 0.1527126255073 0.160713370852898 0.149049177524541 0.13790413356704 0.154126514457705 0.16296555290534 0.163238162846677 0.163799622180009 0.164219541634807 0.162613139354787 0.161779737821744 0.16202708143137 0.163645773567471 0.166435066072083 0.181295399871134 0.191037688130856 0.192105564831378 0.200329827684466 0.211732904580963 0.216190932396774
-9999 -9999 -9999 -9999 -9999 -9999 -9999 -9999 -9999 -9999 -9999 -9999 -9999 -9999 -9999 -9999 -9999 -9999 -9999 -9999 0.128419326993048 0.131065807968636 0.125656358462966 0.11584364170667 0.103837750483145 0.092701092196764 0.0839748230538677 0.0746068376106692 0.0648122285635964 0.067089359847704 0.0710380766090349 0.0769317902882954 0.0857943857896489 0.0970398605811672 0.112460609181465 0.128213258287795 0.142792304931595 0.15376073755637 0.161243874885162 0.144486930186029 0.12772016871465 0.140853158262718 0.151845486302787 0.160354139245032 0.161088804408299 0.159103273441907 0.152205712949309 0.148453514556282 0.14909889899139 0.152038565577424 0.155733011335429 0.15813647514402 0.164950485498582 0.179239790015098 0.187133874123869 0.192228985225701 0.209342239181333
-9999 -9999 -9999 -9999 -9999 -9999 -9999 -9999 -9999 -9999 -9999 -9999 -9999 -9999 -9999 -9999 -9999 -9999 -9999 -9999 0.127289809725399 0.126498486326327 0.121078043513103 0.113127383990216 0.0990377019624784 0.0868128284080339 0.0798925946950072 0.0769969686097976 0.0767769682014661 0.0805673357140821 0.0859472562147961 0.095308085005607 0.099359596723774 0.0991497526671252 0.107453689232264 0.118909340393524 0.138468129057925 0.149926745147009 0.153566332886719 0.149303352141807 0.144655602325866 0.147503512994768 0.150544582109376 0.153809760836711 0.151771309227117 0.148566265692228 0.148284874153461 0.14643140987561 0.142380004672956 0.141797118039692 0.142597809127089 0.145775487286283 0.150105580035739 0.15638886338617 0.167684718328972 0.181286987889437 0.201146089045364
-9999 -9999 -9999 -9999 -9999 -9999 -9999 -9999 -9999 -9999 -9999 -9999 -9999 -9999 -9999 -9999 -9999 -9999 -9999 -9999 0.151585326090963 0.128999375078199 0.117173246136682 0.111228296564713 0.0973994742223458 0.0857856359096124 0.0805276755007566 0.0812881662418254 0.0860498227910772 0.0896296061127909 0.0944095649322708 0.103396604280014 0.104014652970955 0.0979155954546781 0.103214805771455 0.112375401449581 0.130865634468276 0.144370541210917 0.153063154496732 0.15566966131757 0.156180241506679 0.151842257210965 0.149661072009388 0.149982285333267 0.145873303145701 0.141251983945837 0.143280284414351 0.142240326618117 0.136910586141795 0.134922730958634 0.134343454027296 0.137402360053361 0.139815796000831 0.141135245373181 0.150743323186782 0.164145514478297 0.185150591624606
-9999 -9999 -9999 -9999 -9999 -9999 -9999 -9999 -9999 -9999 -9999 -9999 -9999 -9999 -9999 -9999 -9999 -9999 -9999 0.159006115320053 0.150747233483908 0.125610459643176 0.114325465026476 0.110611673508162 0.100723397623725 0.0923873927180836 0.0885660858058076 0.0885628915995892 0.091098041832946 0.0917618828629433 0.0927541756655839 0.0953395225855392 0.0946861417360492 0.0914332982636744 0.100181276251342 0.110188658366629 0.118118157260105 0.136111504164894 0.163819398775005 0.164468358402609 0.159213197691225 0.152553167480791 0.149432618827834 0.150418708319519 0.145341832019162 0.13899543779738 0.136574859506681 0.134645255510601 0.133402090804727 0.133332597492293 0.133749084338545 0.135287768178751 0.136674804564321 0.137804818533169 0.137737599371087 0.137274603690091 0.156914824207985
-9999 -9999 -9999 -9999 -9999 -9999 -9999 -9999 -9999 -9999 -9999 -9999 -9999 -9999 -9999 -9999 -9999 -9999 0.177681311376323 0.175913544687258 0.167149443345884 0.144087597705415 0.124657886662741 0.107213453343298 0.0996397079603229 0.0934184132152374 0.0897106633356327 0.0897644463449352 0.0923189585961191 0.0949635137234724 0.097125669472434 0.097706692995669 0.0953360854536666 0.0905964443970183 0.103521253254442 0.115675715240509 0.113642799953465 0.13014617335718 0.164542470080442 0.167557106607924 0.163680032114594 0.157911640570939 0.15356927385673 0.150881434186864 0.142288187413419 0.132994303300793 0.132403174860752 0.131791387021988 0.131150714935817 0.130790243511165 0.130610353092263 0.131850793851078 0.133297758645213 0.135094754416108 0.133623096286588 0.130765501634655 0.140267007301413
-9999 -9999 -9999 -9999 -9999 -9999 -9999 -9999 -9999 -9999 -9999 -9999 -9999 -9999 -9999 -9999 -9999 -9999 -9999 0.196393738328567 0.190113001007065 0.170996917651484 0.140231147460203 0.10309780934576 0.0970326209210885 0.0923439060340162 0.0882559752658507 0.0886940361992651 0.0921410512295668 0.0986255717239667 0.103873947945255 0.104269738523249 0.10008784515041 0.0922318182360515 0.109309965522198 0.123909281674983 0.112581316602845 0.125013003689277 0.160379682848004 0.167566477483834 0.168165190663741 0.164707626507408 0.1591749575839 0.151234674931481 0.138277238180703 0.125692927340889 0.129318873683364 0.130846376091973 0.129440009293399 0.127914236484831 0.126503082265532 0.127906359539282 0.129821377444156 0.132603728164226 0.133088587202671 0.132513170862919 0.128632766999807
-9999 -9999 -9999 -9999 -9999 -9999 -9999 -9999 -9999 -9999 -9999 -9999 -9999 -9999 -9999 -9999 -9999 -9999 -9999 -9999 0.190849661095586 0.173975680049982 0.147485626117554 0.115739551304521 0.106055128535881 0.0990147815961214 0.0966310998434126 0.096973345213572 0.0991278319940077 0.102972288601669 0.106058516267005 0.106217673789558 0.10371770623642 0.0990834758690228 0.107773171613745 0.115532635905555 0.111110004958509 0.11534840685095 0.127947230780963 0.139952919588907 0.150443399469889 0.152724108211186 0.151731535676451 0.146941180464222 0.137617921294104 0.128039953257221 0.127719462295445 0.127820514374976 0.128510932759905 0.127375494956833 0.125668326553623 0.125505239014238 0.126282711390949 0.128654308662723 0.128663262947507 0.127597806474335 0.125352070631882
-9999 -9999 -9999 -9999 -9999 -9999 -9999 -9999 -9999 -9999 -9999 -9999 -9999 -9999 -9999 -9999 -9999 -9999 -9999 -9999 0.177202550873487 0.174531460846544 0.155563830568491 0.127688722482237 0.115472323161064 0.106871774589858 0.105990518573881 0.105728246859896 0.105877486141555 0.106986448194042 0.107886595500445 0.107839576306978 0.106451138030768 0.103986052065885 0.105920567139188 0.108159006016561 0.108966511848951 0.108281640303184 0.106156189446388 0.118340388969326 0.132215400943009 0.138384715508244 0.141925910473695 0.142417863333518 0.137172831393897 0.130656802018657 0.127220605056174 0.125902831349967 0.127546860272394 0.126444977275783 0.124430977202606 0.123805725554686 0.123991786815076 0.125552916354148 0.124864644718859 0.123171472860735 0.122862994393093
