layers/veg50/veg5400.asc
NCOLS 255 
NROWS 330 
XLLCORNER -2985163.8955 
YLLCORNER -3022031.214 
CELLSIZE 25000 
NODATA_value -9999 
[rows 125 to 149 of 330, columns 57 to 113 of 255]
0.10442205260409 0.120478051238839 0.158405153731289 0.196133523320268 0.207037530219776 0.246908156973703 0.319930647776415 0.328933272013653 0.316684713502546 0.272443968786526 0.238583773358819 0.219035447241202 0.203253379094265 0.185690646929835 0.11606301901387 0.0711208027136726 0.0674130565932938 0.154254645560505 0.280949540234798 0.374390025033382 0.449885371819117 0.488707945292767 0.512299327681694 0.52756553831704 0.585957561915768 0.628505009431329 0.626822206510657 0.629971993477058 0.636334566082065 0.643585054103429 0.643323147298377 0.618585071221545 0.590427880985653 0.559526446684637 0.531673011445646 0.504746923682433 0.479869419242167 0.457332108505265 0.437053767035929 0.420557424534433 0.405033484512562 0.390574620357463 0.376601006290959 0.363190397424835 0.350410720282754 0.337989989698167 0.32722593891624 0.317567972448272 0.309456440772723 0.301670145931391 0.293474897235322 0.275886550490522 0.264455639978891 0.263460771043209 0.267400447235883 0.273496304056257 0.269831061631859
0.112484501703005 0.144114852273594 0.174015083467525 0.203974743672415 0.236307401616409 0.256722209109302 0.263497214654492 0.260018125331324 0.247934284986737 0.185120357434117 0.16011610038681 0.187240786413721 0.165819346790497 0.126949260422354 0.0838726578498154 0.0479296893739548 0.023902731334205 0.111778192432858 0.248320334082715 0.288824703393742 0.318323768532553 0.325332339318563 0.380086302608411 0.460937278983157 0.533223481507798 0.583619491823871 0.579254022215973 0.589139246038775 0.608498566415227 0.638412478370087 0.656241175461708 0.632090699761587 0.60411990081976 0.573082840005651 0.546544315592597 0.520907106291681 0.496311340845881 0.473385268918112 0.452070938077445 0.434135665259891 0.417111588118126 0.401289326615364 0.386278295998935 0.372208485628418 0.358379825912044 0.344755410217373 0.332374648977195 0.321490081171486 0.312697366178491 0.304268824858754 0.295864975623165 0.285558342584836 0.277546936228622 0.273425636107166 0.272861785221844 0.273862947119821 0.269297929465767
0.155418865935968 0.143882537665199 0.159284443387837 0.18101633666349 0.207473044726588 0.216481571213293 0.205520914328717 0.186816981310981 0.164528053314535 0.129472478008914 0.12576907462202 0.165291532856288 0.14286703054605 0.100586304651715 0.0932048910629236 0.0748200950756563 0.038055267576284 0.0882871235763816 0.176248626936165 0.179638083437247 0.184099624567591 0.190752083179439 0.23385527253656 0.296881959163851 0.432346494165563 0.536144978907237 0.552827822109709 0.567397755067273 0.580562990368068 0.619535686714864 0.646753922614654 0.628706862511492 0.608049151121221 0.585296082873161 0.559887136174033 0.534332608908123 0.509802563187059 0.486709469342088 0.465003453037922 0.446310951597674 0.428527758168745 0.412387004651173 0.39691968442213 0.382233706541009 0.366602546603607 0.35099796984506 0.338049290409036 0.326264321809119 0.31610635659634 0.306904617871298 0.298114552537002 0.290519572430976 0.284025680768045 0.27939798866217 0.276232531456917 0.273716918830146 0.269828288519261
0.215676497028632 0.131792799729125 0.129481565790474 0.142757646836596 0.149774341028915 0.151375343066107 0.146778166269898 0.111486689081802 0.0738412811803174 0.0895601024997406 0.113339793915258 0.148233166903561 0.12710877378809 0.0903079313881307 0.12316423868422 0.12658941883387 0.0808528935370891 0.074227394435523 0.0845831301249349 0.0587171479795096 0.0485528144250083 0.0704764480395918 0.080660539998201 0.0844279505527975 0.307553630077871 0.487384334831275 0.536904292494345 0.555140197776778 0.552577947917856 0.593851073103057 0.626136433285965 0.616932871698691 0.607128565637821 0.596842090986016 0.572470654359993 0.546399608812308 0.521827971260477 0.498678008571234 0.476900376650355 0.457789294473755 0.439615100520293 0.423674930979422 0.408040006659501 0.392759239197712 0.374951255253861 0.356980788683649 0.343985197947219 0.331461874688033 0.319598836407958 0.309558847990015 0.300294332752865 0.29314074362044 0.287219518313951 0.283386987008854 0.278564737690498 0.273316211592403 0.270886956446215
0.35950606050858 0.194564798010791 0.151544249497984 0.134706424597539 0.125086429988869 0.116170049998787 0.108058946437069 0.0762283897020729 0.0418556058990992 0.0423792537517469 0.0610076297477433 0.10459735373079 0.0999605434628994 0.0815016162277404 0.117561969593885 0.126717602562682 0.0909316356834084 0.0894983232019162 0.103103774454896 0.0965005828336417 0.0930272706419702 0.0959501956223425 0.0746904886468094 0.0402128682877012 0.246618491972534 0.41404102581296 0.460092474124747 0.511719558524753 0.567053417960281 0.597966833493979 0.616531311958874 0.602246848556053 0.594718076188703 0.592611546006739 0.568965133046158 0.543180822919937 0.521645841479523 0.500181660348254 0.478785822158967 0.461260749632495 0.444796678329783 0.429810891051047 0.414669707265974 0.399348226674689 0.381905751400309 0.364388262587677 0.351604566316518 0.338868581588967 0.326199303160478 0.314778325161129 0.303979599537037 0.296255367488638 0.289244128863833 0.283441319970205 0.27820376743252 0.273244891125513 0.271579802182719
0.475893781190008 0.25374429855051 0.181099365081935 0.140607200954162 0.109232141959612 0.089653469998944 0.0835755869180146 0.0525884182847323 0.0176553196687899 0.00817862978609919 0.0203303963933849 0.062301745189062 0.0733795790816162 0.0756793394607088 0.114178381866473 0.128076342550534 0.10088069756845 0.102590518751808 0.117048956842693 0.123382690709293 0.124889125916689 0.116530469570486 0.0747389860225195 0.0146735521896251 0.18708459390866 0.333499006080407 0.392285718590338 0.476887461599667 0.578651463601942 0.601988190764725 0.609062559158765 0.586081174962292 0.578778978125812 0.584061186154732 0.558814541775651 0.531914333951026 0.516874583795854 0.499613621238925 0.480208541062547 0.464681989861346 0.450082699923598 0.436162762015556 0.42145761256043 0.405841431464509 0.388529140188657 0.371232715080182 0.358412388755281 0.345400394868623 0.332120427390496 0.319664374829251 0.307713704698005 0.299482351929238 0.291586326304937 0.284258635924182 0.278633777969553 0.273798750875768 0.271968370531468
0.526813301334749 0.302296842082753 0.226126708360512 0.177454728183459 0.112524923499809 0.0820524862475105 0.0910159916873299 0.054239035015935 0.00937757442703181 0.00390717589551592 0.00760024134372998 0.0239271564335289 0.0484627801155939 0.0766364038129787 0.11701455439347 0.133911542305485 0.111585635460409 0.109754791800101 0.116982049435541 0.120219982615741 0.122105465556371 0.121227074459578 0.0838201973634757 0.0264473229825278 0.128702093578379 0.237279038208394 0.347038929211891 0.462706195963638 0.582300783760482 0.60483491510131 0.606126994267508 0.566624128207174 0.555136974409338 0.566135747822461 0.53397935132921 0.50272854915629 0.501997316651543 0.494642747503952 0.480894727291421 0.468245929152897 0.455797647019507 0.443174316645182 0.428751909740244 0.412242147332594 0.394439893391236 0.376743291928919 0.363309451036695 0.349859613812469 0.336387411851624 0.323705107162346 0.311511108481968 0.302950513733721 0.294692692640955 0.286948032925271 0.280959983088661 0.275772262636461 0.271672600412808
0.584881901590346 0.433409611930337 0.356304395183165 0.288950099061776 0.190274721029017 0.140454328945416 0.146547739039352 0.106824327623857 0.0562160704701772 0.0206274001356858 0.0103069316778019 0.0348242346051098 0.046341871344969 0.0547781455655624 0.0886823899876888 0.104427439671077 0.0898394009053467 0.0825814662585862 0.0788890717026776 0.104391312074613 0.1238262538313 0.130862033955768 0.107081074278393 0.0664560838020702 0.139150526174974 0.22213596771513 0.320689372040013 0.430911984657004 0.548892479836111 0.582877136613465 0.594730761678141 0.55919488182237 0.526967126511653 0.497394532955451 0.469995175841219 0.4514370610793 0.469031186191391 0.479261344114994 0.482383126547177 0.474362428586443 0.463742621840784 0.45155349512325 0.436641073515921 0.4185689838917 0.400896573920251 0.383630280266798 0.369040707403717 0.355048810170807 0.341892533131959 0.328605565687386 0.315425741596132 0.304999528907661 0.295964631971031 0.289287831567058 0.283609246291746 0.278368008653728 0.271315279408992
0.647291650483526 0.614655574920231 0.538188076642076 0.445774012875759 0.313237184874322 0.23893518540092 0.231282077926951 0.190338774103223 0.136522899788721 0.0500944384421185 0.0223873651042731 0.0756406347643235 0.0580633515432364 0.0190656983758173 0.0414238208818125 0.0534963341956857 0.048387783158057 0.0345572596212428 0.0177054556181162 0.0808714666172223 0.128282286466726 0.143495719307881 0.138952294752661 0.123610027859969 0.191395288658169 0.256225365894408 0.305814814808765 0.388422633008375 0.492981608895418 0.545857275735652 0.578196942786598 0.559069298060037 0.496047827734463 0.397796363676011 0.382238492500392 0.386722287460881 0.425080923070627 0.457558336278593 0.484358655046793 0.482028923657324 0.473041740366096 0.460763138264509 0.444891459193175 0.424850958586544 0.407684758871181 0.391353069402567 0.375278512929799 0.36068127201355 0.348149490436298 0.334028077277853 0.319411560085083 0.306186793147747 0.296122648925905 0.291415342975014 0.286454680630051 0.281341595085887 0.270920582751652
0.679263852608631 0.708865837665826 0.605224248723361 0.478415520757794 0.375006021368643 0.311385987463064 0.29330440288001 0.309380829596121 0.315789180363195 0.155063809398704 0.07315859118234 0.0999242817783373 0.0769465206704165 0.0393606652330898 0.0521382872114427 0.0602433445895096 0.0605433578924477 0.0614444709944922 0.0629572417829006 0.0968632868380448 0.123423245400881 0.134970705064545 0.138564324028732 0.137810476694622 0.165011954844348 0.18906161891057 0.202508771634515 0.229153512946564 0.264572229305308 0.385913996990169 0.484093157559317 0.483068111715941 0.470093306103973 0.447527402974035 0.435652984938212 0.431661243983696 0.454490399627072 0.473206840815152 0.48795331338592 0.485031438166362 0.477273508578995 0.462808885334133 0.447079696855923 0.429883312761824 0.413449588493119 0.396940017279491 0.377792169259468 0.361041708206051 0.347643073563391 0.332409038266115 0.316507424108488 0.300500353546548 0.289746005477249 0.287894328624395 0.283213501987547 0.277219600714541 0.266119487999466
-9999 0.787049737968995 0.649531976402481 0.498176327817341 0.428824036824863 0.383708390263115 0.36633122148043 0.423960013715499 0.47348487072771 0.271105380020606 0.152247083300227 0.148541114241971 0.113802782238093 0.0706959825695289 0.0714572536428585 0.0718665744626672 0.0716879981690114 0.0820042425736597 0.0968596041709616 0.100348605293898 0.107948603449359 0.123949855590857 0.13595774885592 0.145782923886074 0.14151928735674 0.134743030136534 0.122901385696797 0.103681953805087 0.0795576468620547 0.250802440103221 0.398578951752755 0.414933826933562 0.441806415577143 0.477120714969811 0.473659383599826 0.467363070092392 0.473015048716355 0.480324723733453 0.489234559114058 0.487149211318078 0.481070865086922 0.46501437682947 0.44939467248633 0.434281741085598 0.418318689738349 0.401681292496898 0.381075467780001 0.36299147138292 0.348433284912856 0.332991316315545 0.316946611091948 0.295830009510735 0.282754896019845 0.283309043290287 0.279819870130905 0.274460217348009 0.262655152213386
-9999 -9999 0.649531976402481 0.50362033537932 0.470981144865311 0.460416153698395 0.475114754190382 0.519231536608891 0.551148569422687 0.405160131745575 0.305605625047098 0.270070500489423 0.200975712206193 0.123513579077687 0.104902924275495 0.0869615131526878 0.0701380055499902 0.0707075787206634 0.0787231405274309 0.0606946314341911 0.0636837491143728 0.109624593422003 0.132870469332412 0.143711569490355 0.140690320111173 0.13581301857576 0.127515664071447 0.0966170340690955 0.0506927025213878 0.209466740584488 0.351904358548391 0.383253922987032 0.40591341320446 0.42159808962579 0.441624917516629 0.456505478128918 0.446876332436172 0.456117895750475 0.483575195498409 0.487577549522495 0.48454595496135 0.468987131468988 0.453180880930266 0.437087556329963 0.420801868726684 0.404383608101719 0.387249618106423 0.370469199611075 0.354183115283773 0.34118258666612 0.328247322784671 0.295333652321449 0.275192335772414 0.276698473037544 0.277100009625202 0.276910652151556 0.263835222824718
-9999 -9999 -9999 -9999 0.479727551499246 0.492919566740576 0.521209646513013 0.575001063537473 0.619514950490676 0.521191354462887 0.452433729172473 0.424439294486591 0.353629607799435 0.268788943821076 0.202935164378965 0.136464540958477 0.0689635423905955 0.0711907926028442 0.103484755814937 0.0516654404440551 0.0311770508465225 0.0747166970167369 0.104159030500384 0.125895955475478 0.133693753924989 0.136857835129642 0.129559088440548 0.101851782461146 0.0605765289164195 0.179921827674764 0.28783064924825 0.313028844486359 0.338926628694986 0.365385915910257 0.350659107772772 0.334785978281993 0.33951293251381 0.37440901590841 0.438427105532674 0.467884590655466 0.48490302957749 0.471218377011775 0.456289260906526 0.43991627191818 0.424075890247978 0.408449567023891 0.3934119101103 0.378218336710518 0.362806773889932 0.350274768030034 0.337862517747754 0.309057270792348 0.29043171953025 0.289059408653109 0.286438833355849 0.283185111271103 0.270187162019449
-9999 -9999 -9999 -9999 -9999 0.492919566740576 0.521209646513013 0.601724813762703 0.681045023540855 0.623969894975755 0.594460009281206 0.602954870975926 0.554431589569441 0.482048409748701 0.348457842093656 0.211267801039516 0.0680652056537636 0.0803357383781065 0.15978928409205 0.0651546205663729 0.00731611255174916 0.0246744109839135 0.0566061738789986 0.0965036036758807 0.122162158628261 0.137884142822311 0.129712166523131 0.116130464083578 0.0989522862842856 0.159046667941747 0.210963387910792 0.214461539074197 0.24907661839782 0.30866671799162 0.216361142096314 0.131549832436748 0.172425106869442 0.250418936914497 0.364242995997545 0.43339646290027 0.48296743080491 0.472169092720184 0.458899234312831 0.442761826105504 0.427931417464333 0.413518211464386 0.399565482701898 0.386167040471801 0.373543555419778 0.360029388328585 0.346238354005964 0.333236822632303 0.32243734908917 0.315370072876517 0.304644395111006 0.292271371507983 0.280341970824777
-9999 -9999 -9999 -9999 -9999 -9999 -9999 -9999 0.687548946873782 0.634833911782961 0.609472636299129 0.62182453203212 0.599009405484963 0.55979959214109 0.454780137678948 0.363426439119829 0.294899996311548 0.23242340683375 0.17221103498824 0.0723335284877339 0.00648682544291771 0.0101856416281618 0.03038170601715 0.0595949525814299 0.10089569595557 0.130155780860964 0.127730277325732 0.108253585112368 0.0774409808132721 0.121336535104323 0.160050425820481 0.16073775880027 0.159355071157345 0.156310946795932 0.143073890183658 0.125669363414302 0.0968919420692744 0.127448491935309 0.215279624369369 0.317176209801652 0.410727246109832 0.437639455649414 0.447769139733032 0.43842711360099 0.426747505590752 0.414266531918435 0.400459476138269 0.38727072715435 0.374946443139366 0.363056202735415 0.351385477569649 0.340840066418058 0.331210561090861 0.323133395227858 0.314460417104804 0.30550791295721 0.295062919298661
-9999 -9999 -9999 -9999 -9999 -9999 -9999 -9999 -9999 -9999 -9999 -9999 -9999 0.608992564997596 0.545474270384083 0.504153263236386 0.49991056785957 0.370050386920508 0.185287873915018 0.0828765567286388 0.0125923362253245 0.0079632103214443 0.0154273707550124 0.0295015648533458 0.0802819353026952 0.119319493049472 0.125135129160666 0.0996842986318364 0.0534470042526985 0.0846247714698025 0.11347873143002 0.112748490003851 0.0809928290729057 0.0243355944058641 0.0875513517775676 0.137542444175129 0.0573410308240447 0.0432518782302284 0.0929803340016354 0.199279633353474 0.310842660862084 0.383557938836534 0.423072831583368 0.424067402588597 0.419609292681142 0.412939867856224 0.400063160388266 0.387532347241233 0.375485134671143 0.365257166076089 0.355688958935835 0.346190634589762 0.337111448053684 0.328742644775432 0.322583699975049 0.317396298641168 0.308663544185538
-9999 -9999 -9999 -9999 -9999 -9999 -9999 -9999 -9999 -9999 -9999 -9999 -9999 0.611659159601903 0.595380113705101 0.56855140220727 0.52410054697517 0.391353166230229 0.220036877627228 0.108666693189389 0.0343253991249832 0.0356565296298792 0.0329305846800534 0.0279870948389635 0.0663581477547717 0.100792270681695 0.121201075264931 0.0982612088792379 0.0465024294891213 0.0589986190583474 0.0716316233119076 0.066369798005758 0.0447147923944088 0.0099023180153536 0.0711797383903177 0.128739838676252 0.111131071563895 0.102450593269249 0.102388516956533 0.111002560488288 0.139230897091324 0.272500825960737 0.354073653222725 0.375665580462806 0.392591644417855 0.40580986212527 0.397186325735703 0.387671520733825 0.376910618328636 0.367344443559846 0.358278454000303 0.350452728976409 0.342543700528987 0.334493483775516 0.328105977212335 0.322463486372408 0.316105830987625
-9999 -9999 -9999 -9999 -9999 -9999 -9999 -9999 -9999 -9999 -9999 -9999 -9999 -9999 0.622513172601081 0.608832710904848 0.572300428925452 0.483041428442913 0.370364677167809 0.257203209471959 0.161938252608694 0.103246694310028 0.0662848808265589 0.041200264388399 0.0569490580718069 0.0764547793133719 0.101693796298457 0.0900766707851074 0.0539569725146279 0.0588737178779939 0.0648109489958282 0.0623283401762405 0.045664205934607 0.0176177179126147 0.0550374923631029 0.0975456175267903 0.121161594409345 0.123835879600404 0.106295326218933 0.081862051005768 0.0776591609754111 0.201375186959525 0.279379075982416 0.304346043560856 0.326071013114153 0.34592909048297 0.357069853392418 0.364206164165385 0.365743784105941 0.364584477334633 0.362153718911751 0.354382102638948 0.346730456991552 0.339282145716975 0.333130492122184 0.327567898599267 0.322570295268441
-9999 -9999 -9999 -9999 -9999 -9999 -9999 -9999 -9999 -9999 -9999 -9999 -9999 -9999 -9999 0.627757542522565 0.64176209916912 0.63705902396089 0.623042407277771 0.514436856247754 0.383312155749562 0.206167209375518 0.113675983233147 0.0674553840291472 0.0515379250184164 0.0469720480718242 0.0683957653752118 0.0759045831292744 0.0741625456526259 0.0813312573108077 0.0890076688482658 0.095778300617665 0.0795801071237728 0.0449467109781536 0.0390983608709221 0.0465226700893604 0.0924412063620041 0.111735769452889 0.105330435517444 0.105089479023787 0.11353254106447 0.16561056335309 0.1996409812377 0.212731897259861 0.22456881324078 0.239335276108114 0.28397610087627 0.319837994104604 0.343425917797234 0.357532071016837 0.367167587609677 0.358016837974729 0.349814273857676 0.343218759024082 0.337714217358738 0.332705274697353 0.328168856193509
-9999 -9999 -9999 -9999 -9999 -9999 -9999 -9999 -9999 -9999 -9999 -9999 -9999 -9999 -9999 -9999 -9999 0.679428553099373 0.707910504835396 0.634873347936076 0.544043268500586 0.416851484058356 0.259991566756884 0.0869154323331014 0.0448628662637508 0.0229705490175759 0.0400466325359707 0.0550969984685414 0.0688006338653771 0.0785468187813755 0.0872036115281574 0.093477102244265 0.0850416549236388 0.0648005427337582 0.0423396016972496 0.0301209729923751 0.0627123643734836 0.0855047797590246 0.0988383261647052 0.124542239931324 0.153474898189183 0.186175492748702 0.204616993120233 0.206514562085563 0.207126669238791 0.211112418133178 0.249096101624038 0.288374111433056 0.329461740297226 0.354070868485556 0.371295212102955 0.36273953719872 0.354773817070953 0.347807992409742 0.342341756400294 0.337554419344958 0.333093142381524
-9999 -9999 -9999 -9999 -9999 -9999 -9999 -9999 -9999 -9999 -9999 -9999 -9999 -9999 -9999 -9999 -9999 -9999 0.753655922030276 0.714888580799373 0.670130688828351 0.613130477564515 0.406308088969147 0.117594838927525 0.0468245464876276 0.00583379940612929 0.0201327380280928 0.040506813933237 0.0649197415249626 0.0755816827539298 0.0835536231150111 0.0867760058225815 0.0853089693350919 0.08007811853891 0.0479072583251715 0.0213572499338834 0.0352998756287127 0.0572420375552289 0.0869060844163952 0.134151493699588 0.181270818968568 0.205917641635359 0.216507042285317 0.210786499082709 0.203254691886502 0.198715025216397 0.226042779109533 0.264933528794641 0.31999069434122 0.352293594061605 0.374718477661934 0.367243639880372 0.359660593268774 0.351894146974846 0.346483770258972 0.342136401298868 0.33779442772314
-9999 -9999 -9999 -9999 -9999 -9999 -9999 -9999 -9999 -9999 -9999 -9999 -9999 -9999 -9999 -9999 -9999 -9999 0.753655922030276 0.714888580799373 0.676965895158193 0.640769351881956 0.464064644727041 0.210559995232517 0.0931826957396496 0.0181781339959028 0.0380437253770784 0.0630026912320257 0.0913478166295294 0.0943098856859745 0.0939344816574728 0.0900411845378767 0.0850307614933194 0.0791237125840046 0.0479571512709014 0.0198596591583755 0.0203937782209874 0.031452458856252 0.0526704101164496 0.0978300191646551 0.144577487889756 0.171107680015791 0.187189823482035 0.191149752305652 0.192104237486757 0.195430165783295 0.228022209271137 0.270131997519144 0.325548702298505 0.355736677439974 0.375406758135109 0.369678676896292 0.362503558224448 0.35287590212612 0.348154367319533 0.345638104188066 0.341982273609739
-9999 -9999 -9999 -9999 -9999 -9999 -9999 -9999 -9999 -9999 -9999 -9999 -9999 -9999 -9999 -9999 -9999 -9999 -9999 -9999 0.635603847543853 0.638465745418988 0.497012393802026 0.276678196163267 0.128028333250437 0.0270556736670743 0.0404167031319495 0.0671809061890668 0.102855760601906 0.104252210380723 0.0999823445475457 0.0872239205261485 0.0802208610034256 0.0778371631437995 0.0488787973146168 0.0205535493844002 0.0113420720757972 0.0129269494169387 0.0249334569506872 0.0683770679540718 0.115328483247718 0.144130769076708 0.165689091513072 0.178842698201249 0.192136704916513 0.208779870913467 0.255556605837859 0.300582211164523 0.343159533207726 0.363491585098036 0.374952277432168 0.37120724887561 0.36517100971956 0.355251471058632 0.350781482961386 0.348760173854914 0.345353202481489
-9999 -9999 -9999 -9999 -9999 -9999 -9999 -9999 -9999 -9999 -9999 -9999 -9999 -9999 -9999 -9999 -9999 -9999 -9999 -9999 0.632966657249224 0.627801989624785 0.503556914778593 0.314224031822515 0.150621568726145 0.032243613182292 0.0262530688380252 0.051864212615414 0.0984846810252398 0.10484400281855 0.101418737243919 0.0779333051448919 0.0705880233932752 0.0761971238999186 0.050728222601639 0.0235797635104164 0.00852100934114209 0.00213235908377263 0.00411288709376279 0.0462340688242169 0.0940022397227915 0.125490326169595 0.152507199198617 0.17433640412537 0.204070802265232 0.239833216855374 0.310288344689756 0.357907058062146 0.373597802280226 0.375835430927619 0.373281592162008 0.371771098793503 0.367651667791159 0.359110431903668 0.354426591068779 0.351478211893335 0.347854712418416
-9999 -9999 -9999 -9999 -9999 -9999 -9999 -9999 -9999 -9999 -9999 -9999 -9999 -9999 -9999 -9999 -9999 -9999 -9999 -9999 0.601454819000356 0.602055440419236 0.505664527833306 0.356259299115317 0.180938588106364 0.0505161504787162 0.0364619572236186 0.058139531044437 0.103572174255808 0.108360740560922 0.104791869738388 0.085873776489183 0.0764086617945668 0.0745306819803222 0.0431414058674832 0.0126425729108444 0.00416428010942341 0 0 0.0497760455551501 0.104245789913502 0.124900968281619 0.137099832044354 0.139487365091666 0.175316357612361 0.223353393178646 0.297132332087442 0.342130044035376 0.346888246048024 0.356106436252448 0.366416432982897 0.367514725369957 0.366120226920612 0.360500777075306 0.358707289631402 0.358615568272238 0.355131385199581
