layers/veg50/veg500.asc
NCOLS 255 
NROWS 330 
XLLCORNER -2985163.8955 
YLLCORNER -3022031.214 
CELLSIZE 25000 
NODATA_value -9999 
[rows 175 to 199 of 330, columns 56 to 111 of 255]
-9999 -9999 -9999 -9999 -9999 -9999 -9999 -9999 -9999 -9999 -9999 -9999 -9999 -9999 -9999 -9999 -9999 -9999 -9999 -9999 -9999 -9999 0.574261424352612 0.435264765609427 0.220294333654799 0.264173737608023 0.282865516256263 0.213527239468053 0.1441351982933 0.074707413665659 0.0341084181824261 0.00435429528750705 0.00134146638033915 0.0124950349844202 0.0350188154287286 0.0182261735424861 0 0 0 0 0.0426664900985784 0.0978848683034673 0.174454480338574 0.224503711836376 0.243783011479382 0.261970116278732 0.280265543179533 0.302336504086664 0.315071628850861 0.314754166533256 0.320235975446716 0.327601238340373 0.331267613683359 0.33486276489091 0.338337200591149 0.345457173008903
-9999 -9999 -9999 -9999 -9999 -9999 -9999 -9999 -9999 -9999 -9999 -9999 -9999 -9999 -9999 -9999 -9999 -9999 -9999 -9999 -9999 -9999 -9999 0.435044623394752 0.219733722342465 0.232040488085447 0.230789154229482 0.173932461246961 0.108568312763039 0.0375482672353616 0.0144189924140976 0 0 0.00860344638665678 0.0241121774721687 0.0125496172761583 0 0 0.00737978220849294 0.0218832060139868 0.0479616558595736 0.0841540935906322 0.165734335806406 0.212451053551153 0.218717813548025 0.253212859219256 0.292709228417754 0.305648316702803 0.313451962028235 0.314075659525985 0.316412144969587 0.319301319746135 0.321034138037552 0.325168460116069 0.333373014092721 0.334085418322516
-9999 -9999 -9999 -9999 -9999 -9999 -9999 -9999 -9999 -9999 -9999 -9999 -9999 -9999 -9999 -9999 -9999 -9999 -9999 -9999 -9999 -9999 -9999 0.215923100538662 0.220754892649712 0.204792880609701 0.18006895689983 0.135042787087951 0.0752569908687716 0.00565875104054571 0 0 0 0.00383443289046477 0.0107464523174573 0.00559318476384967 0 0 0.0153435547996615 0.0454981137900622 0.0542874312288411 0.0700534844154907 0.153401203821214 0.198480259549818 0.199158588378491 0.244509030516013 0.29745724764203 0.305491937977372 0.310893201836105 0.312612628537116 0.312109365482658 0.310918852895435 0.311764057361804 0.316026871792934 0.326082083957802 0.319190019612684
-9999 -9999 -9999 -9999 -9999 -9999 -9999 -9999 -9999 -9999 -9999 -9999 -9999 -9999 -9999 -9999 -9999 -9999 -9999 -9999 -9999 -9999 -9999 0.210980291730252 0.208167599763621 0.176457855735526 0.142141680235085 0.103900839799392 0.0569784197505205 0.00428434207014914 0 0 0 0.0012313741362229 0.00345107185805138 0.00179617253817309 0 0 0.0220965283486621 0.0655226493664261 0.0746388494592534 0.0849472939362617 0.144695146007218 0.189156075989252 0.215880550407081 0.251315633724791 0.286691726402107 0.299284972271473 0.306638638473669 0.306666761593199 0.305828913307092 0.304941232786381 0.30873676912011 0.310969505196329 0.310553501140344 0.295564206953425
-9999 -9999 -9999 -9999 -9999 -9999 -9999 -9999 -9999 -9999 -9999 -9999 -9999 -9999 -9999 -9999 -9999 -9999 -9999 -9999 -9999 -9999 -9999 0.117939920609723 0.139726207302941 0.115421648562682 0.0903012424125864 0.0674017530286697 0.0413559406422555 0.0132184007157332 0.00566229602774545 0.0011043100934373 0.000340214607875955 0.00108430250508469 0.00303888619294097 0.0015816430810212 0 0 0.0230273077876723 0.0682826817958387 0.0822797569038106 0.0947927608386381 0.137178051795739 0.178903911950794 0.219864675963531 0.248212325130618 0.27211917364142 0.287807403127123 0.295411997750515 0.291714728634827 0.292343282650412 0.294389689597282 0.293907936458988 0.289965943940859 0.280159302457924 0.265536554610576
-9999 -9999 -9999 -9999 -9999 -9999 -9999 -9999 -9999 -9999 -9999 -9999 -9999 -9999 -9999 -9999 -9999 -9999 -9999 -9999 -9999 -9999 -9999 0.0730829036825196 0.0254939090399936 0.0250292835839365 0.0259708294327512 0.0260935119408254 0.0281178602226984 0.0314064673451222 0.01640768826333 0.00319996970670263 0.000985843057534799 0.00314199353043383 0.00880580899995195 0.00458314197811051 0 0 0.0187314490119406 0.055544207957391 0.0785103197004206 0.100106283262363 0.130728301352512 0.167818691140841 0.212413926347376 0.23621279584103 0.254129013007266 0.271598363883058 0.277926457842407 0.268677776044752 0.272389495748512 0.279732092795091 0.268484746775363 0.254647334301701 0.236420101101655 0.229761910789467
-9999 -9999 -9999 -9999 -9999 -9999 -9999 -9999 -9999 -9999 -9999 -9999 -9999 -9999 -9999 -9999 -9999 -9999 -9999 -9999 -9999 -9999 -9999 0.0234617828918941 0.0235117593706993 0.0255494581901583 0.0273650146466479 0.028431676711492 0.0307209148052688 0.0338229416520008 0.0251728324044853 0.017975410487693 0.0188156211735242 0.0213977184260764 0.0253778859536961 0.0124529145363706 0 0 0.00898987254480804 0.026657593324518 0.0573518260131106 0.0936350498040995 0.14680554872118 0.183093792392427 0.199794615636624 0.228422760003316 0.25798754779083 0.265619085295873 0.267028553286217 0.259738842871304 0.255645278058924 0.251909744647782 0.233997272214276 0.221029545438984 0.216442509801612 0.212380754844454
-9999 -9999 -9999 -9999 -9999 -9999 -9999 -9999 -9999 -9999 -9999 -9999 -9999 -9999 -9999 -9999 -9999 -9999 -9999 -9999 -9999 -9999 -9999 0.0466864419489403 0.0428328822431999 0.0409955986588733 0.0392211040938642 0.0374182338110936 0.0353294746941344 0.0330506519545253 0.0314443583166972 0.0312500553416327 0.0354166275294534 0.0385188887495316 0.0407669143633096 0.0213302598771725 0.00317706869809171 0.00387272910967729 0.00433042010697631 0.00455840123336953 0.0391674109929295 0.0858395685744773 0.16121818657307 0.19736365501747 0.187989364175859 0.221584755858705 0.262492107028798 0.260231537407863 0.255006398831416 0.245636447314878 0.233298446271227 0.219604510313272 0.200806378864752 0.192053116682841 0.200324581890982 0.197724156448326
-9999 -9999 -9999 -9999 -9999 -9999 -9999 -9999 -9999 -9999 -9999 -9999 -9999 -9999 -9999 -9999 -9999 -9999 -9999 -9999 -9999 -9999 -9999 0.0503615519867557 0.0521918698609048 0.0474402151944941 0.0428817024039904 0.0394262572377444 0.0353129233299297 0.0307622141119596 0.0267772187281131 0.0248736831091145 0.029520124364224 0.0345552872444018 0.0399024452680447 0.0307951661256123 0.0226676182529414 0.0276309873651603 0.0308965021495317 0.0325230924543184 0.052635264471662 0.0823460422075751 0.14586224554191 0.181639525132106 0.185233073718445 0.21566971626958 0.24973161937349 0.24824559558024 0.231005712252763 0.191740097079016 0.179160018324483 0.176682388476191 0.182811986817962 0.185306719723896 0.181640835552381 0.179730201836452
-9999 -9999 -9999 -9999 -9999 -9999 -9999 -9999 -9999 -9999 -9999 -9999 -9999 -9999 -9999 -9999 -9999 -9999 -9999 -9999 -9999 -9999 -9999 0.0566362667890082 0.0568134650778471 0.0495741129953699 0.0427336708657038 0.0375962602783082 0.0330022209156255 0.0287694237249422 0.0226322122711256 0.0181892841072838 0.0197528124195673 0.0242802336261216 0.0311865299173857 0.0289763076547078 0.0276332941950962 0.0356040369326746 0.0424077512530525 0.0480849428736027 0.0605792936610483 0.0809070205840358 0.139042433110383 0.174801476690459 0.184598624789207 0.20608285109619 0.227699637191864 0.220676012182676 0.199402619333769 0.158206390139437 0.147938514837878 0.149371226562119 0.160635386607323 0.165392777531459 0.15912205374987 0.158324450739906
-9999 -9999 -9999 -9999 -9999 -9999 -9999 -9999 -9999 -9999 -9999 -9999 -9999 -9999 -9999 -9999 -9999 -9999 -9999 -9999 -9999 -9999 -9999 0.0563179652482569 0.056002882497207 0.0470573485010665 0.0384766606808774 0.031625576394941 0.0282164505498572 0.0270955955710905 0.0190505143985299 0.0111725673250326 0.0058094394628032 0.00719600636961009 0.0140000027478035 0.0149838460431128 0.0169286640445955 0.0265470552260635 0.0376769423105554 0.050265863657073 0.0625638894175372 0.0816845220818523 0.141431908936318 0.177550266654456 0.18625334594938 0.192534599933597 0.195665009821177 0.17629386022508 0.159597593814841 0.146641125873908 0.141441165968271 0.138902105888249 0.133946769024401 0.131272896630037 0.132465805336762 0.133237848665495
-9999 -9999 -9999 -9999 -9999 -9999 -9999 -9999 -9999 -9999 -9999 -9999 -9999 -9999 -9999 -9999 -9999 -9999 -9999 -9999 -9999 -9999 -9999 0.0644815883967431 0.0530664812850263 0.0454606748277795 0.0384502560429155 0.0325962854982709 0.0254440887029042 0.0174288096366545 0.0108710163212673 0.00512466595511387 0.00157880130660357 0.0080512240769967 0.0225645090453316 0.0244158993180961 0.0268322308067261 0.0394721855491485 0.0498071769019722 0.0579172065123191 0.0800832393549909 0.108090336040221 0.153200127537137 0.180991880148005 0.188690599944623 0.189750667669605 0.186285165757318 0.158571265613891 0.141554440148636 0.13949337189888 0.137891173750049 0.135672502070579 0.119496395306958 0.110530440565826 0.113784741695198 0.117614057526781
-9999 -9999 -9999 -9999 -9999 -9999 -9999 -9999 -9999 -9999 -9999 -9999 -9999 -9999 -9999 -9999 -9999 -9999 -9999 -9999 -9999 0.0875242875945744 0.0778889844313275 0.0659805354100772 0.0528296143074543 0.0463616711050151 0.0403128256173186 0.034705418037374 0.0227962998588082 0.00669770030834783 0.0024454304357991 0 0 0.0132435090753267 0.0371165027161449 0.0392983413594591 0.0413194444479656 0.0560685469788647 0.0652390800194265 0.0690246669260233 0.100164813041002 0.135957320655793 0.165401422790288 0.183868715585853 0.189600305932998 0.18858950133133 0.182728833255144 0.149932207538967 0.131405324834375 0.132829206093717 0.132660793665331 0.130708019614666 0.107149977847013 0.0938297652301298 0.0978613215344384 0.104781338305198
-9999 -9999 -9999 -9999 -9999 -9999 -9999 -9999 -9999 -9999 -9999 -9999 -9999 -9999 -9999 -9999 -9999 -9999 -9999 -9999 -9999 0.0918974854567185 0.095572469061395 0.090256367464317 0.0800258551596769 0.064351955634012 0.0483971887573818 0.0322364026226381 0.0172699551904074 0.00309752386977125 0.000882740607808153 0 0 0.0171224412422151 0.0479876695261775 0.0508615425715542 0.0512920646171303 0.058664846093664 0.0735949838885155 0.0958201740726599 0.110109476730964 0.126244907054754 0.163083999799214 0.181173005791831 0.177507463775072 0.179253232514803 0.18012644018172 0.159235700946519 0.139516404136422 0.121434920376049 0.109170321389345 0.0989335651609895 0.0874620141755097 0.0822397957350893 0.0876093709880995 0.0950512572875845
-9999 -9999 -9999 -9999 -9999 -9999 -9999 -9999 -9999 -9999 -9999 -9999 -9999 -9999 -9999 -9999 -9999 -9999 -9999 -9999 -9999 0.109832297050022 0.109732619225284 0.104092529124696 0.0954241214404389 0.0735875823536947 0.0517827313049211 0.0312844145995397 0.0148497188424016 0.00111658546244267 0 0.000189820840733283 0.000991695589849295 0.0195174310123246 0.0522686638008557 0.0589756707865206 0.0625439768598849 0.0689018256501504 0.0851340677205746 0.110897978440344 0.111878462818301 0.114214429668528 0.155179692460962 0.174027525611191 0.16721389429123 0.170156976301745 0.174053114991116 0.16170888881996 0.140996485509288 0.108584395190705 0.0901644468791245 0.0773978501445249 0.0755043639733829 0.0753920604436317 0.0782986263582419 0.085106402013051
-9999 -9999 -9999 -9999 -9999 -9999 -9999 -9999 -9999 -9999 -9999 -9999 -9999 -9999 -9999 -9999 -9999 -9999 -9999 -9999 -9999 0.109912987374663 0.110058899023401 0.104375441931704 0.0955057273957187 0.0714575192154364 0.0490680539791131 0.0323018996517919 0.0164619717822375 0.001237814572132 0 0.000626075619987015 0.00327085492222468 0.0199859001329467 0.0479940001870588 0.0626120575709701 0.0754567235136288 0.0890582796276082 0.100805698707434 0.110763334927836 0.103033417148611 0.0991745377937856 0.140022241008425 0.161105153717026 0.159256221381411 0.161372315227236 0.163473669878855 0.155314667363811 0.133867907634328 0.0938433145423158 0.0769806785498097 0.0691545263915786 0.073582553813355 0.0747009065246977 0.0702097975099247 0.0748827171546785
-9999 -9999 -9999 -9999 -9999 -9999 -9999 -9999 -9999 -9999 -9999 -9999 -9999 -9999 -9999 -9999 -9999 -9999 -9999 -9999 -9999 0.103532321341152 0.103955811748902 0.0977000364017239 0.0877934609110581 0.0662121071185859 0.0463474638945277 0.0319270207340993 0.0168431561023349 0.00131823791021112 0.00353918382090049 0.00699700934571543 0.00937899300496853 0.0221165046708439 0.0431655540483505 0.0643405022592584 0.0840098625286322 0.0972161845306159 0.105622358501072 0.109394990014164 0.0980065346035305 0.0897219001989304 0.118493311393754 0.13637559124651 0.141623895923759 0.149649231945936 0.156918861922876 0.150216051377424 0.131583010663315 0.0962701176255146 0.0753231418444515 0.0607188873489069 0.0668881312165809 0.0691602202279081 0.0648271462186803 0.0677364404334615
-9999 -9999 -9999 -9999 -9999 -9999 -9999 -9999 -9999 -9999 -9999 -9999 -9999 -9999 -9999 -9999 -9999 -9999 -9999 -9999 -9999 0.0999970964996294 0.0977284603842 0.0896508343002407 0.0783980895447452 0.0596816830092261 0.0425190333353216 0.0299948904978477 0.0163569376731565 0.00197850555792198 0.00899197951068248 0.0161761983909253 0.0178065111016928 0.0256931383207967 0.0386011989171856 0.0648512732270343 0.0897082968629319 0.100409224573568 0.106263141003297 0.107438278275821 0.0949628080998782 0.0837615990781742 0.0969515524885787 0.109559395644509 0.121491852833146 0.136415221537435 0.149982606846988 0.14356615579026 0.128818398245037 0.102422503159548 0.0769466597604444 0.0534342390908402 0.0590495087626138 0.0618484926021585 0.0598742437321903 0.0609028989362763
-9999 -9999 -9999 -9999 -9999 -9999 -9999 -9999 -9999 -9999 -9999 -9999 -9999 -9999 -9999 -9999 -9999 -9999 -9999 -9999 -9999 0.100965349696999 0.101643693829709 0.0934381158033345 0.0803767010004118 0.0497072113984016 0.0242574366232207 0.0136952108645199 0.00981642320132962 0.01038089565984 0.0242796389401614 0.0366189413098573 0.0401249150713096 0.0410317422705068 0.0398524465162026 0.0576318464431635 0.0767992045118843 0.090132453124555 0.0988392726476328 0.103080239144551 0.101468164800072 0.0994790113764892 0.102497946853556 0.106018693913052 0.110121661434034 0.11603189029284 0.120851683557656 0.111128187439779 0.0990729505714911 0.0837576683541895 0.0720849867739697 0.0619938829558676 0.0566939408226692 0.0521679367864071 0.048953655657372 0.0449864925802056
-9999 -9999 -9999 -9999 -9999 -9999 -9999 -9999 -9999 -9999 -9999 -9999 -9999 -9999 -9999 -9999 -9999 -9999 -9999 -9999 -9999 0.138458682923759 0.114122089164104 0.0958744590560763 0.0809549776081993 0.0440621784646232 0.0141931845618748 0.00419711278029069 0.00598525040737873 0.0156077252398186 0.0326937838931351 0.0479301215332284 0.0550724332602962 0.0504334310569348 0.0363385290710893 0.0506021981158302 0.0681644679349549 0.0821845808091422 0.093052100913453 0.100876449775115 0.105546404253389 0.108376011209375 0.10424226267368 0.101647129245092 0.10083715428849 0.100210667589328 0.0990116306631574 0.0921312541203549 0.0838972445752991 0.0737706983181372 0.0667612182299416 0.0605355625193859 0.0482425673689709 0.0386860909674973 0.0337676525993662 0.0289061764431872
-9999 -9999 -9999 -9999 -9999 -9999 -9999 -9999 -9999 -9999 -9999 -9999 -9999 -9999 -9999 -9999 -9999 -9999 -9999 -9999 0.146454659393483 0.13876492018773 0.11536039168809 0.0961906442586321 0.0793355733079854 0.0452117523617168 0.0169938182545023 0.00537339442552985 0.00640610953831991 0.01585084057328 0.030320657816779 0.0449102572734555 0.0584521075298911 0.050517744698032 0.0253461772666355 0.0438703874744717 0.0662378912620748 0.0778916751399762 0.0898335554779583 0.10205353290187 0.105815533876282 0.106569078134592 0.100019608921202 0.0959716110152527 0.0948259131558055 0.09154920303663 0.088613845804555 0.0942286370041385 0.0915872432834705 0.0774027407308625 0.060712238436586 0.0433550818325813 0.0302244567761114 0.0192385131107318 0.0118875212852136 0.0125686208346463
-9999 -9999 -9999 -9999 -9999 -9999 -9999 -9999 -9999 -9999 -9999 -9999 -9999 -9999 -9999 -9999 -9999 -9999 -9999 0.134476773807451 0.135610582902714 0.130133095599759 0.111144730089168 0.0891175995607683 0.065429519435499 0.036277204977107 0.0127494164415431 0.00400588386329703 0.00764967138391934 0.0195287540660269 0.0368945624311441 0.053022743686281 0.0635946419704938 0.0552639672964265 0.0317617390435235 0.050494176481393 0.0713004893708256 0.0747922441354797 0.0848729926470718 0.101314041315497 0.101726805167319 0.0986280676941887 0.0946132795535025 0.0918299580210612 0.0904754298486492 0.0865632879199349 0.0831213843968945 0.090492541616208 0.0895205150916815 0.0768837452395454 0.0551810683023242 0.031178955966358 0.0244718454571673 0.0179951647449701 0.0119090321197847 0.00940716514042747
-9999 -9999 -9999 -9999 -9999 -9999 -9999 -9999 -9999 -9999 -9999 -9999 -9999 -9999 -9999 -9999 -9999 -9999 -9999 -9999 0.122475009092606 0.118155041013749 0.105006764679035 0.0793133020523858 0.0467628030994186 0.0233828393143584 0.00570085194697421 0.00162687449538035 0.00917198477940643 0.0244416566511132 0.0468136644790792 0.0653158497678478 0.0693135273874406 0.0619099239706709 0.0453554421791786 0.062482946557105 0.0790358247008745 0.0723291834966982 0.0793574271223079 0.0996438393685145 0.0958737057340083 0.0884013715599843 0.0888093939002447 0.0883450698459778 0.086868617060163 0.0831842828360912 0.0797675420794076 0.0844257274316057 0.083448831522656 0.0745934352043096 0.0500478472180772 0.0215729532922597 0.0239277715070665 0.0241061750113256 0.0205958428883383 0.0115135158868573
-9999 -9999 -9999 -9999 -9999 -9999 -9999 -9999 -9999 -9999 -9999 -9999 -9999 -9999 -9999 -9999 -9999 -9999 -9999 -9999 -9999 0.119840225125677 0.111820983537062 0.0821605507187509 0.0406713230979097 0.0187804533697809 0.00298888101986379 0.000852948707696865 0.00830747705548996 0.0221379021782924 0.0428863403968534 0.0610890717929264 0.0691093423407899 0.0673900050001722 0.0578534787909767 0.0681421643796603 0.0782539074788965 0.0753591007267414 0.080255947759375 0.0926740125519141 0.0915529173239642 0.087968066987551 0.0865747527146006 0.0857007735203284 0.0854293461996336 0.0830983321702482 0.0805794579917096 0.0816101460501127 0.0786947482778974 0.07026226257185 0.0520015142823376 0.0312072548247487 0.0284355421248957 0.0231982978180163 0.0137823029104984 0.00640765448358493
-9999 -9999 -9999 -9999 -9999 -9999 -9999 -9999 -9999 -9999 -9999 -9999 -9999 -9999 -9999 -9999 -9999 -9999 -9999 -9999 -9999 0.12828298885495 0.122860014570216 0.0908185913169869 0.0442278686528317 0.0236201855389974 0.00866580638838682 0.00564061344835663 0.0130033665534581 0.0272721978998943 0.0448676032145717 0.0609598736086936 0.0712561905496098 0.0728532846294998 0.0674682220462949 0.0714772491342712 0.0762075914971797 0.0781895195346216 0.0825168379539725 0.0891081419509121 0.0883141576434241 0.0860372954213927 0.0841357270305582 0.0832122563161929 0.0834236109038237 0.0818717776069845 0.0798869338854909 0.0784627384463881 0.0751089958750576 0.0690575215112829 0.0552951047340798 0.0392220296854691 0.0315240611010291 0.0217045270141087 0.00828921946700718 0.00243111822834763
