layers/veg50/veg5500.asc
NCOLS 255 
NROWS 330 
XLLCORNER -2985163.8955 
YLLCORNER -3022031.214 
CELLSIZE 25000 
NODATA_value -9999 
[rows 75 to 99 of 330, columns 0 to 56 of 255]
-9999 -9999 -9999 -9999 -9999 -9999 -9999 -9999 -9999 -9999 -9999 -9999 -9999 -9999 -9999 -9999 -9999 -9999 -9999 -9999 -9999 -9999 -9999 -9999 0.743355926559556 0.717927226518751 0.692498526477947 0.694794296797257 0.704193336069536 0.71048768485146 0.707250001946397 0.69105224095439 0.491287663643874 0.243016842309352 0.236362224945562 0.244361160894981 0.276485253225873 0.404779248489967 0.573697739994314 0.643525790509731 0.693545014810417 0.70370038219556 0.718934551182727 0.736903636348385 0.742590238856649 0.746883550426785 0.748712237684562 0.75147222310842 0.75484262355522 0.760185012388471 0.765574134481654 0.770583903443021 0.775799668931782 0.781178508846171 0.786175892440784 0.791465487641048 0.798191218982207
-9999 -9999 -9999 -9999 -9999 -9999 -9999 -9999 -9999 -9999 -9999 -9999 -9999 -9999 -9999 -9999 -9999 -9999 -9999 -9999 -9999 -9999 -9999 -9999 0.704236009631574 0.68623380871561 0.668231607799646 0.687367689657391 0.714146020337033 0.720930380923882 0.722742511988079 0.717794228798956 0.544147381829482 0.322392520520955 0.267222582575379 0.24207488783916 0.266354884589577 0.406877335990482 0.59635099899651 0.655263504442991 0.69737950734543 0.705693740933578 0.723420713658905 0.746216412152122 0.750071643465101 0.752956484820641 0.754981417289573 0.759037405938699 0.764424640852433 0.770672247723923 0.776258830624661 0.779523531160443 0.785329982620316 0.793148577572521 0.797189801349665 0.801149105450989 0.806983493132211
-9999 -9999 -9999 -9999 -9999 -9999 -9999 -9999 -9999 -9999 -9999 -9999 -9999 -9999 -9999 -9999 -9999 -9999 -9999 -9999 -9999 -9999 -9999 -9999 0.690860132620725 0.698081761681136 0.705303390741548 0.711052616509758 0.716275615127948 0.720403883129306 0.719726385826411 0.712514804746215 0.59944440546558 0.449883692553729 0.305852831337477 0.233541893923588 0.279308418024751 0.425407843277341 0.613443606331745 0.666479805858532 0.70389312364741 0.709866500701927 0.724389986992966 0.743517675989914 0.748114837428191 0.752000808696244 0.755310108375689 0.759099835213259 0.76320445578243 0.768494794232516 0.773368951615106 0.776609059386435 0.783299329124156 0.792720873937798 0.797466565043553 0.801918648576891 0.807894326853158
-9999 -9999 -9999 -9999 -9999 -9999 -9999 -9999 -9999 -9999 -9999 -9999 -9999 -9999 -9999 -9999 -9999 -9999 -9999 -9999 -9999 -9999 -9999 -9999 0.734038311944139 0.73314455167165 0.732250791399161 0.728182376830907 0.723644895824008 0.722373969025389 0.719401594800153 0.714115874141135 0.612419025003026 0.476624349834071 0.332290512954115 0.26327909243011 0.318276165598864 0.457551098963445 0.631864072781425 0.679490853197802 0.712669484036139 0.716772239240565 0.728182483735889 0.743527784618895 0.748433988797535 0.752810980665287 0.75672806145979 0.760805224137033 0.76498731173487 0.769574031094422 0.773705412905075 0.776287668279799 0.78227191659249 0.79094930760701 0.795900129798126 0.800496270718039 0.805805951888965
-9999 -9999 -9999 -9999 -9999 -9999 -9999 -9999 -9999 -9999 -9999 -9999 -9999 -9999 -9999 -9999 -9999 -9999 -9999 -9999 -9999 -9999 -9999 -9999 0.732840473692584 0.734205561073367 0.735570648454151 0.737147028061439 0.737540724215285 0.727453797151666 0.722429128215292 0.724287279519112 0.572676898932724 0.377870263392545 0.343541144727972 0.340685605599675 0.38964719314146 0.506650380888335 0.651938519259647 0.694737434323651 0.724264316270622 0.727082173491924 0.735491584826048 0.746912027699574 0.751588070510622 0.755820691311452 0.759502798234961 0.764557082010667 0.770510752680091 0.774709798310289 0.778060600551363 0.779196215944212 0.782494140035782 0.787503827201893 0.792037807736774 0.796343638200774 0.79998176548763
-9999 -9999 -9999 -9999 -9999 -9999 -9999 -9999 -9999 -9999 -9999 -9999 -9999 -9999 -9999 -9999 -9999 -9999 -9999 -9999 -9999 -9999 -9999 -9999 -9999 -9999 0.73675953869474 0.739268577902479 0.742116808646973 -9999 0.69815954505055 0.699814634433145 0.544868949791745 0.348434449185335 0.356423583072955 0.381641302056594 0.435223630004959 0.538680483754493 0.662700667780807 0.699594695612727 0.725807883836467 0.730526640372896 0.737633479714866 0.746026292956239 0.750395279312353 0.754357101570573 0.75763451871533 0.762134995102625 0.767437119944504 0.772628153584803 0.777097595006079 0.779313218884704 0.782624584665028 0.786803380025443 0.790586612833933 0.794298138031285 0.797944082397391
-9999 -9999 -9999 -9999 -9999 -9999 -9999 -9999 -9999 -9999 -9999 -9999 -9999 -9999 -9999 -9999 -9999 -9999 -9999 -9999 -9999 -9999 -9999 -9999 -9999 -9999 -9999 -9999 -9999 -9999 0.716462833163789 0.672105945830565 0.520776708768013 0.345233516724275 0.374153904849576 0.415090151885769 0.475808936923967 0.566821244158595 0.670053451922648 0.701243014891247 0.724592967119358 0.732166259113059 0.738458344374057 0.744060504472421 0.748197677900526 0.751918233241356 0.754719734212673 0.758239220721234 0.762229307488822 0.768631095205762 0.774590701214184 0.778506190579455 0.78261204982183 0.786868612858869 0.78980676879213 0.79282618375783 0.796955854208843
-9999 -9999 -9999 -9999 -9999 -9999 -9999 -9999 -9999 -9999 -9999 -9999 -9999 -9999 -9999 -9999 -9999 -9999 -9999 -9999 -9999 -9999 -9999 -9999 -9999 -9999 -9999 -9999 -9999 0.735261036615847 0.69586594221489 0.602907922674269 0.496862669635034 0.395593659542739 0.440903176325782 0.491370510948124 0.550329517133024 0.610796411930944 0.671509757572564 0.703027183340989 0.727416144758448 0.737459577580016 0.742500118520748 0.744846620391578 0.749870583982221 0.754125775821633 0.756241264601696 0.75931542169513 0.763017933446413 0.768271332784186 0.773268058601032 0.777037871438342 0.78130657434978 0.785970216988211 0.788167057397822 0.790454191639183 0.794562468865429
-9999 -9999 -9999 -9999 -9999 -9999 -9999 -9999 -9999 -9999 -9999 -9999 -9999 -9999 -9999 -9999 -9999 -9999 -9999 -9999 -9999 -9999 -9999 -9999 -9999 -9999 -9999 -9999 0.762438102912651 0.736221234920375 0.676473544964972 0.571136196347941 0.485871142318381 0.416800389609687 0.492383152623948 0.555782221806107 0.599122434769519 0.63882447812315 0.676797781738195 0.704937171483977 0.726341731042891 0.734192922824761 0.740549843191045 0.746102103838408 0.75113707310318 0.755304576592374 0.757349536805783 0.759983721316337 0.763004110133912 0.76755443626742 0.772000764988614 0.775708934347966 0.779923915899353 0.784540108617565 0.786763588226352 0.788992700183363 0.792648229567572
-9999 -9999 -9999 -9999 -9999 -9999 -9999 -9999 -9999 -9999 -9999 -9999 -9999 -9999 -9999 -9999 -9999 -9999 -9999 -9999 -9999 -9999 -9999 -9999 -9999 -9999 -9999 -9999 0.760210878799423 0.712936216384288 0.658892432625624 0.595645118699103 0.494312137296668 0.394167009385411 0.520901577546287 0.60234618184595 0.609226792190782 0.64287172608122 0.68784784013857 0.707036363864414 0.719406225306504 0.718054012826174 0.729588886602355 0.748063409425367 0.751792403436836 0.754936383370483 0.757836362575423 0.760038629961938 0.761783585403509 0.766300491198043 0.770816703700224 0.77458959619988 0.778425191782323 0.782310425430707 0.785715373693263 0.788900394895171 0.791454517079453
-9999 -9999 -9999 -9999 -9999 -9999 -9999 -9999 -9999 -9999 -9999 -9999 -9999 -9999 -9999 -9999 -9999 -9999 -9999 -9999 -9999 -9999 -9999 -9999 -9999 -9999 -9999 0.736790833912456 0.722237507276234 0.674652129930098 0.631312704103757 0.593746219981444 0.510842844805607 0.423900658737675 0.521377482829565 0.583377076905089 0.586968058145748 0.631241897570335 0.692730229019321 0.714357716736286 0.726333874213058 0.718887414540832 0.730816015680435 0.753178016552049 0.755185107793263 0.75683457373386 0.759270264268789 0.760624773807021 0.761270628322681 0.764958014589274 0.768681798015627 0.771707559308824 0.774991631941061 0.778480193327455 0.781912460822105 0.785204200523566 0.787945866314276
-9999 -9999 -9999 -9999 -9999 -9999 -9999 -9999 -9999 -9999 -9999 -9999 -9999 -9999 -9999 -9999 -9999 -9999 -9999 -9999 -9999 -9999 -9999 -9999 0.76462142999131 0.755655050788649 0.746688671585989 0.713422610483813 0.673599348182707 0.633695400605541 0.60217946218138 0.582068149464177 0.530121956367783 0.473142871915394 0.511149554742243 0.539746961931823 0.552853229100035 0.614166300111717 0.695780035550339 0.723259592949362 0.737783295132109 0.726234258175169 0.736786040159511 0.759239032708233 0.759477822322981 0.759534829584076 0.760970322043103 0.761307740809855 0.760925432315806 0.763452859241918 0.766049270131569 0.768086019574431 0.770768020693153 0.773960826764553 0.77699663184831 0.780088867942504 0.783507312700714
-9999 -9999 -9999 -9999 -9999 -9999 -9999 -9999 -9999 -9999 -9999 -9999 -9999 -9999 -9999 -9999 -9999 -9999 -9999 -9999 -9999 -9999 -9999 -9999 0.768107141748788 0.752567511263541 0.737027880778294 0.728138429293006 0.717866649490222 0.680757464874677 0.637927278671287 0.587318621964567 0.537486150517514 0.491981083957612 0.510210489825924 0.527427511269239 0.542977774346911 0.616925866496591 0.715064665416363 0.719201136209865 0.723696562685177 0.728914361994885 0.741186604073403 0.757257637908418 0.758922934318285 0.759769936709885 0.759762641867751 0.75893214020312 0.757562071480651 0.758470378572986 0.760067288664705 0.763234161225625 0.765783468108197 0.767843887291742 0.771321455372173 0.774982870738891 0.778576120142324
-9999 -9999 -9999 -9999 -9999 -9999 -9999 -9999 -9999 -9999 -9999 -9999 -9999 -9999 -9999 -9999 -9999 -9999 -9999 -9999 -9999 -9999 -9999 -9999 0.777281090693378 0.754952514151683 0.732623937609988 0.740267992823048 0.749089341677766 0.699581820703385 0.644334061736194 0.581281677787947 0.522117561416329 0.469600333577568 0.500239478878531 0.525694896040538 0.542615983725025 0.621743535306024 0.726384813799215 0.712866734961679 0.709894310208266 0.728144265869179 0.741894125163275 0.753220698941855 0.755475142161664 0.756588614739654 0.755602470393175 0.754269748694369 0.752709864492533 0.752605789229899 0.753414397719883 0.756722011597828 0.759136134082547 0.760842935926486 0.764657975479137 0.768758459839062 0.772807087795835
-9999 -9999 -9999 -9999 -9999 -9999 -9999 -9999 -9999 -9999 -9999 -9999 -9999 -9999 -9999 -9999 -9999 -9999 -9999 -9999 -9999 -9999 -9999 -9999 0.796858951115043 0.76734691801048 0.737834884905917 0.747667238313192 0.756453155609538 0.666758783980434 0.597075446478529 0.554599799152799 0.465170209547312 0.371829190337359 0.473748839110818 0.543325836699773 0.559654894970547 0.630325518916601 0.723137749601783 0.70236958092801 0.696612377881117 0.721063677823107 0.735846989343058 0.745424124284198 0.746736164402502 0.747158568478631 0.746042127107277 0.745424766107126 0.745134524999759 0.745127803634653 0.745534398518459 0.747173152542385 0.749447536068489 0.752225107280775 0.756186866803459 0.760488445581389 0.765505627967751
-9999 -9999 -9999 -9999 -9999 -9999 -9999 -9999 -9999 -9999 -9999 -9999 -9999 -9999 -9999 -9999 -9999 -9999 -9999 -9999 -9999 -9999 -9999 -9999 0.796656864985458 0.777293972139888 0.757931079294317 0.763181269467908 0.767174205684827 0.70446476847803 0.656692125341584 0.629228061097573 0.51217337979835 0.379230690390729 0.486513021324237 0.562191951393875 0.585840020980006 0.60852427279714 0.630657634502611 0.643608938045509 0.657698461265476 0.674078570805562 0.689986151717358 0.705639277682579 0.716951967836717 0.726217578082156 0.730731639410151 0.733907902005754 0.736207310685318 0.73542342567494 0.734870859806372 0.735874685254977 0.739679242873826 0.745700963062268 0.749133801928262 0.752311385080666 0.755947927947706
-9999 -9999 -9999 -9999 -9999 -9999 -9999 -9999 -9999 -9999 -9999 -9999 -9999 -9999 -9999 -9999 -9999 -9999 -9999 -9999 -9999 -9999 -9999 -9999 0.786778640355599 0.786043808932089 0.785308977508579 0.782664967061662 0.779537579808797 0.776672796540334 0.768591056105079 0.75341616129538 0.610028034738862 0.438081523753057 0.518480243005378 0.581662300027756 0.61649937752289 0.571859875344496 0.494525664374907 0.561238312122976 0.606245651818669 0.607572599494762 0.624648876585606 0.650206110246915 0.676872675103011 0.699645556811307 0.71260824250847 0.721083982017246 0.726618773653166 0.724629920359967 0.722845643308331 0.723720328315397 0.72987196364837 0.740201026894121 0.742774428928185 0.744179796564614 0.745286499334123
-9999 -9999 -9999 -9999 -9999 -9999 -9999 -9999 -9999 -9999 -9999 -9999 -9999 -9999 -9999 -9999 -9999 -9999 -9999 -9999 -9999 -9999 -9999 -9999 -9999 -9999 -9999 0.787748869318531 0.789062202714732 0.777137927694065 0.76778815003909 0.761938747539134 0.642119200212594 0.492309564015871 0.494485827872628 0.503121151622106 0.522390471553841 0.531445694468321 0.536408862980327 0.567654685269472 0.583363420595361 0.567804871081985 0.59428049320776 0.643391363778665 0.655308465189998 0.667873412857904 0.685123120331532 0.699352627357951 0.711602558140774 0.710030807610637 0.709078336820425 0.713781063401799 0.719828631841272 0.726940826545788 0.72980593924187 0.732714327784506 0.738292697011626
-9999 -9999 -9999 -9999 -9999 -9999 -9999 -9999 -9999 -9999 -9999 -9999 -9999 -9999 -9999 -9999 -9999 -9999 -9999 -9999 -9999 -9999 -9999 -9999 -9999 -9999 -9999 0.803439065407659 0.796386111245562 0.779691454847402 0.770013097836568 0.769874342762357 0.670323793258306 0.541289262353899 0.49259825418766 0.468825656187934 0.486077957009361 0.520134581765681 0.56098352081048 0.562841119101709 0.556047174686619 0.531842614579068 0.566667781224603 0.633280240889127 0.637094137306346 0.643656191622294 0.662257290462136 0.678620655577958 0.693517308600665 0.695010356397317 0.69670110147148 0.70260114281156 0.708679046239542 0.714897751836341 0.718963967217194 0.723278856409058 0.729887737958324
-9999 -9999 -9999 -9999 -9999 -9999 -9999 -9999 -9999 -9999 -9999 -9999 -9999 -9999 -9999 -9999 -9999 -9999 -9999 -9999 -9999 -9999 -9999 -9999 -9999 -9999 0.808096626815756 0.804257031026078 0.798822954572411 0.788655208721849 0.781738724751863 0.779242768245175 0.691344242643036 0.578562982780357 0.54181442108075 0.536478333923441 0.582858772066433 0.574435105223589 0.542350786365674 0.530630275732779 0.518067875486238 0.503811232141531 0.544426434697385 0.614589926565672 0.625980793665852 0.636571875906785 0.650014220113797 0.660350799164868 0.668651718984592 0.679131932207375 0.687494942543155 0.688575274469081 0.695044473670033 0.705779698355901 0.713066999452678 0.718493090469406 0.718218377263044
-9999 -9999 -9999 -9999 -9999 -9999 -9999 -9999 -9999 -9999 -9999 -9999 -9999 -9999 -9999 -9999 -9999 -9999 -9999 -9999 -9999 -9999 -9999 -9999 -9999 -9999 0.808096626815756 0.803136682397832 0.796729211019733 0.789382861305318 0.783758434310707 0.78047519266264 0.721552939172479 0.642922940459222 0.558896278555638 0.524979858422159 0.573563388517635 0.543463869523971 0.479769542208196 0.471865093447926 0.466903300234733 0.4678633924684 0.520863658955419 0.601887369878661 0.61746098121986 0.630429860832333 0.642295579527707 0.650452431232103 0.656178323430888 0.659040282651222 0.6623389065507 0.667785099733274 0.677677895286152 0.691090784778049 0.699862738554398 0.706524668775173 0.707152970241602
-9999 -9999 -9999 -9999 -9999 -9999 -9999 -9999 -9999 -9999 -9999 -9999 -9999 -9999 -9999 -9999 -9999 -9999 -9999 -9999 -9999 -9999 -9999 -9999 -9999 -9999 -9999 0.800856260559381 0.791923929606525 0.785181240691404 0.779969191722065 0.776838253461516 0.757260764328589 0.72349390120728 0.556745882257126 0.466109738934499 0.50078183060126 0.461457832034187 0.390885293347647 0.397207247089619 0.407847390777555 0.427177585267798 0.496510013191293 0.592768461836435 0.610493386668228 0.624851808867335 0.637284791792446 0.64556436518009 0.651121605731219 0.63642703481228 0.627636933866102 0.642946515073219 0.658077726568284 0.673067734040591 0.682285092371367 0.690257456761804 0.696449027042874
-9999 -9999 -9999 -9999 -9999 -9999 -9999 -9999 -9999 -9999 -9999 -9999 -9999 -9999 -9999 -9999 -9999 -9999 -9999 -9999 -9999 -9999 -9999 -9999 -9999 -9999 -9999 -9999 0.791652985427065 0.784944333723477 0.779755536550667 0.776633185865498 0.762851806758171 0.737303716788188 0.585190158123942 0.47763360823083 0.443434337730505 0.394398366213987 0.340220245470307 0.380977356551789 0.404223784900823 0.3922312069921 0.453228266679652 0.553529980568428 0.606941950601025 0.645744102373284 0.651947345076489 0.645880007968696 0.631769976770372 0.635997968518966 0.642244657650817 0.649976660489146 0.659067305643843 0.669233502013797 0.667866181984164 0.665757309212672 0.667334618758736
-9999 -9999 -9999 -9999 -9999 -9999 -9999 -9999 -9999 -9999 -9999 -9999 -9999 -9999 -9999 -9999 -9999 -9999 -9999 -9999 -9999 -9999 -9999 -9999 -9999 -9999 -9999 -9999 -9999 -9999 -9999 -9999 -9999 0.745050333743265 0.616317047542169 0.507572785287008 0.431737833033395 0.37064326960664 0.317436098083184 0.366590759755398 0.39268524554899 0.372372763978257 0.4245175931762 0.515680420516099 0.600093525359879 0.660450570456522 0.661319998094744 0.643603500395136 0.613704944945686 0.631062147161335 0.647775641119754 0.64981748783367 0.65563035976012 0.664428513906357 0.656324484737536 0.647426550609665 0.645145674443325
-9999 -9999 -9999 -9999 -9999 -9999 -9999 -9999 -9999 -9999 -9999 -9999 -9999 -9999 -9999 -9999 -9999 -9999 -9999 -9999 -9999 -9999 -9999 -9999 -9999 -9999 -9999 -9999 -9999 -9999 -9999 -9999 -9999 0.746944213795811 0.649855239797984 0.577609854196688 0.546266183171538 0.466573055190578 0.36688731902646 0.347553487308783 0.349463383237835 0.394124773378703 0.440118366421104 0.486829345877454 0.583364918794777 0.653237006994597 0.65244707797066 0.633134444782271 0.601681191866152 0.609667401744446 0.619377103776867 0.623996112429968 0.636229762559436 0.654491442873879 0.652369660396854 0.647894140638042 0.645604922988079
