layers/veg50/veg5600.asc
NCOLS 255 
NROWS 330 
XLLCORNER -2985163.8955 
YLLCORNER -3022031.214 
CELLSIZE 25000 
NODATA_value -9999 
[rows 225 to 249 of 330, columns 57 to 113 of 255]
-9999 -9999 -9999 -9999 -9999 -9999 -9999 -9999 -9999 -9999 -9999 -9999 -9999 -9999 -9999 -9999 -9999 -9999 0.362220369785867 0.373424506299623 0.366146896326584 0.321099897294716 0.283499012156928 0.249968076422317 0.187233867702453 0.14066569350944 0.137847303549467 0.149945286775211 0.171959921459285 0.177757577512186 0.179591749175706 0.173273874728611 0.165351972040501 0.156142646711343 0.160412193916726 0.165231685288364 0.164050724668214 0.162669497954002 0.161094956066275 0.1593554819839 0.157626554540211 0.156163709125008 0.154828699296462 0.153642009070064 0.153250581354037 0.151447122866473 0.134756953848638 0.123752344028002 0.120696808654904 0.116304275051459 0.111301635199895 0.104012112654207 0.0980344112179177 0.0942800733893824 0.0921072940329953 0.0906573712222445 0.090504894343161
-9999 -9999 -9999 -9999 -9999 -9999 -9999 -9999 -9999 -9999 -9999 -9999 -9999 -9999 -9999 -9999 -9999 -9999 0.459083859371977 0.438277873213636 0.402135244209445 0.334650575592544 0.28379603518869 0.242031307451986 0.183818633186147 0.142248846070768 0.144451460438559 0.156358686653206 0.174717699238805 0.17946646392473 0.17997420038856 0.170691121127709 0.164106765319726 0.159688454713633 0.165265423765551 0.170422264510569 0.167618161269845 0.165399735870983 0.163746660358995 0.161877830426123 0.16014413864835 0.15947468188233 0.158493409152285 0.157150355943607 0.156580754532331 0.154988233479351 0.142107332442601 0.131936460038249 0.125554523533907 0.12070717903618 0.11629501780692 0.109775673107524 0.103788605724216 0.0987036781260856 0.0954852135036892 0.0931165404607919 0.0918220919945499
-9999 -9999 -9999 -9999 -9999 -9999 -9999 -9999 -9999 -9999 -9999 -9999 -9999 -9999 -9999 -9999 -9999 -9999 0.459143157262487 0.443968238143252 0.41045888408043 0.33948118756129 0.287084118501288 0.244842979731058 0.186323465544828 0.143686396831122 0.14287588213094 0.152971424527413 0.170317493956538 0.179103580900402 0.182191683215096 0.169350036026914 0.167096308353109 0.173340640099855 0.177777103880958 0.17976533752228 0.172488255517445 0.168136082110918 0.166607298334285 0.16456852967914 0.162952710669325 0.164463431085926 0.164585193222518 0.163095434304015 0.162317638648442 0.16151138561009 0.15862778243751 0.1494983926213 0.131636665089195 0.123702891744542 0.11935297096061 0.115088289556407 0.110354256769414 0.10482473534737 0.100080681359247 0.095712782452626 0.0943779960433039
-9999 -9999 -9999 -9999 -9999 -9999 -9999 -9999 -9999 -9999 -9999 -9999 -9999 -9999 -9999 -9999 -9999 0.450138960635528 0.450778920584275 0.453409607269443 0.441733127452159 0.400818450998716 0.329323075960172 0.24111268719425 0.189616357995802 0.152435898469388 0.14817168710681 0.15854714030547 0.178655284494971 0.183036251937551 0.183177779383102 0.174137704678724 0.175849278096492 0.18619032253421 0.186979301140948 0.185151776810543 0.178132828307266 0.174159332185693 0.173125585592641 0.170875935786593 0.168766618966783 0.168988255221313 0.168216842000511 0.16629325584458 0.165226041706393 0.164430812890336 0.16392478736067 0.155094306799111 0.134625267832202 0.126867686567764 0.123592697353927 0.118533487867616 0.113912153768249 0.110032960646099 0.105452942321092 0.100567947046266 0.097243749143411
-9999 -9999 -9999 -9999 -9999 -9999 -9999 -9999 -9999 -9999 -9999 -9999 -9999 -9999 -9999 -9999 -9999 0.465365529727026 0.443621849808718 0.465473265104641 0.479185700376365 0.47626527558285 0.38174405915107 0.237155036537184 0.192925604859465 0.161673868980081 0.154015848346404 0.165873592887305 0.190705740707699 0.188483885170703 0.184380263078238 0.181929320162874 0.18750545993435 0.199524284272308 0.196300549494737 0.190755077100135 0.184786199262582 0.181634742248519 0.181202917820818 0.178734868411767 0.1759301260186 0.17365472862567 0.171287997726537 0.168815298296598 0.167455399635229 0.16644882242453 0.165817080329272 0.157359354883784 0.137959992544106 0.130922157801089 0.128119612574474 0.121370217547581 0.116465075564476 0.114685699031912 0.11085215901487 0.106084891854784 0.100347525705609
-9999 -9999 -9999 -9999 -9999 -9999 -9999 -9999 -9999 -9999 -9999 -9999 -9999 -9999 -9999 -9999 -9999 0.485254972143768 0.491748653703109 0.496385860763149 0.496246086713374 0.48634405030424 0.395379942808304 0.260108357273077 0.192841314831466 0.144057198000855 0.135852120440785 0.156128241650272 0.195339134589899 0.195047642326793 0.194213497584818 0.202902144230602 0.212634599509481 0.223204834842855 0.22245550899135 0.217509065759328 0.20176048671855 0.193993751838727 0.19393182388672 0.191329944740595 0.187859260829854 0.182399923382221 0.177945110861662 0.174655785522142 0.173331229145386 0.1726139985404 0.172408346657953 0.168748851382571 0.160260480475379 0.146438680667794 0.131170799419301 0.124411391630337 0.119004124989373 0.115888559098973 0.113055405177534 0.110333090538074 0.105302838081033
-9999 -9999 -9999 -9999 -9999 -9999 -9999 -9999 -9999 -9999 -9999 -9999 -9999 -9999 -9999 -9999 -9999 0.547127398162375 0.536510434189225 0.53042007927605 0.520448255554894 0.502544242869181 0.417267372547193 0.295165370938257 0.2129307184102 0.149557104071625 0.130342110552397 0.1547110475924 0.20805530210125 0.208591567030578 0.208145970735534 0.21960391458955 0.230295447121444 0.240371843795238 0.242684060974061 0.23912336262225 0.215455488652125 0.203832188577085 0.203835414216914 0.20112501874918 0.19736586735606 0.190770619077984 0.185427381377819 0.181536772915368 0.180224744392516 0.179658115539398 0.179292553268803 0.178383136076677 0.176713346314334 0.161074680396142 0.140998799361717 0.131608971897697 0.124099254852199 0.11977607677391 0.117156207919859 0.115287978743069 0.111076384217881
-9999 -9999 -9999 -9999 -9999 -9999 -9999 -9999 -9999 -9999 -9999 -9999 -9999 -9999 -9999 -9999 -9999 0.563352796900856 0.575914954326743 0.569424054106245 0.556020445816068 0.528489992927066 0.452291614508302 0.349491978402465 0.265137500007268 0.19185958373541 0.144977357790408 0.166552633881519 0.233639588914137 0.23324821527081 0.228604606109569 0.229505985836595 0.236066456372209 0.247169017532176 0.253477520200572 0.252555051603017 0.223929728597049 0.209657766159169 0.209240981761897 0.206462370006319 0.203015705845251 0.198545096345069 0.194223337530718 0.190074280818177 0.188738458605458 0.188101543797381 0.186643133264845 0.185223048945171 0.183856549138252 0.174308849847902 0.161615773909269 0.145423727543596 0.133263773458139 0.127937683513688 0.124278001422142 0.12136794671544 0.118152593294657
-9999 -9999 -9999 -9999 -9999 -9999 -9999 -9999 -9999 -9999 -9999 -9999 -9999 -9999 -9999 -9999 -9999 0.564647503105182 0.566922566603139 0.558245985977992 0.543440264091425 0.516108998633281 0.435326391203217 0.325327972619555 0.275735548988092 0.230948541863509 0.192733537063725 0.206116024851968 0.253801378608272 0.252204333652594 0.247224687870119 0.245401621102674 0.248805394392604 0.256404325884197 0.262865096682908 0.263084120530704 0.237535484473269 0.221805449679555 0.215553227971724 0.21162876160525 0.208130929602226 0.204274294666939 0.200246668441194 0.196020651760692 0.19371719674541 0.191964484649575 0.190315989560063 0.188664768559261 0.18700973641675 0.179767614422803 0.170024684141533 0.151594991601977 0.13850510630568 0.134465489382126 0.129891318839914 0.125094021362893 0.122809227556961
-9999 -9999 -9999 -9999 -9999 -9999 -9999 -9999 -9999 -9999 -9999 -9999 -9999 -9999 -9999 -9999 -9999 0.52824303747169 0.53781571709366 0.526527277167283 0.511237601577165 0.487770980880267 0.396963231130652 0.269347692526871 0.269309597984625 0.268392309599246 0.253364602242573 0.25638709953761 0.271409671251135 0.26873115120548 0.265058129676244 0.26322969206804 0.263803531563332 0.266305482954679 0.27131946669927 0.272048087470213 0.253049498801517 0.236453416851945 0.222176454399114 0.216574949698192 0.212778300785174 0.208912194709669 0.204887122157454 0.200677610786624 0.19705021296026 0.19378292387339 0.192307570909064 0.19053958959652 0.188362479745384 0.181884244169117 0.173293388157619 0.15466967213523 0.142222687982175 0.140244448961166 0.134828276915488 0.127900339986862 0.126444830908255
-9999 -9999 -9999 -9999 -9999 -9999 -9999 -9999 -9999 -9999 -9999 -9999 -9999 -9999 -9999 -9999 0.521460179313708 0.520842488326219 0.519966752727496 0.520616287957995 0.507709964441902 0.467100820556943 0.380078414459417 0.267687120438795 0.284613155811503 0.292724110242442 0.266420761165694 0.263775098828379 0.276857457691951 0.283894626641337 0.282311573476375 0.254658748152806 0.248675506588901 0.260084672490711 0.264482238898029 0.265628595661895 0.257321193141156 0.243933229607025 0.225641043326395 0.214884167238289 0.20655306104094 0.203226231404435 0.19985264585684 0.196424812362235 0.193302928731647 0.190364624712514 0.18831634897901 0.186285981406567 0.184280651530602 0.180860180517579 0.176431423772182 0.163110872606152 0.151632988864053 0.143278183156155 0.137904073363874 0.133875501776361 0.129952973632353
-9999 -9999 -9999 -9999 -9999 -9999 -9999 -9999 -9999 -9999 -9999 -9999 -9999 -9999 -9999 0.520955022978535 0.521161352529612 0.51412149309883 0.504061230792548 0.512527539562103 0.502357473122664 0.454102017598502 0.371927492519611 0.271213243384075 0.298931521395316 0.312609448387809 0.278693327286917 0.272367245768836 0.284383478622875 0.2961113749452 0.295209173060332 0.253665056468059 0.242812046398393 0.256592284301327 0.259753053724048 0.260836756649835 0.259676666732848 0.248542458525792 0.227780317957428 0.213866738348818 0.202764316355459 0.199789477182701 0.197336629467818 0.195489415656452 0.192821134892278 0.189953355446089 0.187366156508971 0.185021935671894 0.183017426539393 0.181520603248328 0.179851726377949 0.171844478957001 0.161435999868442 0.146957750088357 0.141609699284587 0.14034693154956 0.13436148011889
-9999 -9999 -9999 -9999 -9999 -9999 -9999 -9999 -9999 -9999 -9999 -9999 -9999 -9999 -9999 0.520800833883005 0.520595417131865 0.50872034984907 0.491930326688508 0.500209075623761 0.493460689967974 0.456002777308672 0.380739828280149 0.284813136070056 0.311336414190942 0.323858720777293 0.289443973687385 0.283298127892054 0.295945914956264 0.302604892863345 0.299646708696457 0.26738815336375 0.254942528743701 0.258399127621178 0.259118178297223 0.259206198449903 0.2583103933425 0.247576345072891 0.22734552355826 0.214157118917777 0.203707812535961 0.200721210843936 0.199712048778679 0.200997185714037 0.19868168392446 0.195382438574645 0.192322351508764 0.189564316497148 0.187228585463575 0.185452690851868 0.183820257220868 0.181146005628264 0.172001745393288 0.151891674611251 0.146538600728406 0.147782229328361 0.140518702727613
-9999 -9999 -9999 -9999 -9999 -9999 -9999 -9999 -9999 -9999 -9999 -9999 -9999 -9999 -9999 0.531048579857944 0.529585890301286 0.516559641573909 0.498573680206865 0.497024620117742 0.485083015763029 0.451903156248899 0.389878619917224 0.312087956869205 0.326367873248892 0.333517986693176 0.313999269414208 0.305511467074004 0.30435719932376 0.308421854696027 0.308115860362261 0.292227958657124 0.27835819817808 0.266108235057254 0.264169397615222 0.263614526226172 0.262554625513834 0.255425792307234 0.242438669689903 0.228185216346804 0.214627701738766 0.206742665138767 0.202639320147281 0.20292363441001 0.200598674362036 0.197582441773165 0.194936327853381 0.192193947199019 0.189316974429185 0.187319297680543 0.185687677653143 0.184931921491517 0.178902232517674 0.163933923635667 0.156386675740053 0.152165786428428 0.144917365326174
-9999 -9999 -9999 -9999 -9999 -9999 -9999 -9999 -9999 -9999 -9999 -9999 -9999 -9999 -9999 0.534040378692867 0.540566983729471 0.531283640009841 0.514979194688714 0.498589628603944 0.476975265686479 0.444683481970695 0.399187160733112 0.346473410327707 0.342765083387379 0.34235048760772 0.345732649701226 0.333591411694437 0.311129960702481 0.313887023688748 0.318681355085475 0.322848184084551 0.307641892600846 0.276886377419266 0.272177249001935 0.271162928999044 0.269716185202522 0.267859118390116 0.265605970227124 0.249356595068557 0.230735074594858 0.215410651354259 0.205853541270385 0.202987882410903 0.20046510948372 0.198103401321863 0.196332407012213 0.19382899398908 0.190301574236212 0.188111904343843 0.186462571369139 0.18584985281963 0.183896873712078 0.179672329885594 0.168792602313256 0.154962512010371 0.148401619151378
-9999 -9999 -9999 -9999 -9999 -9999 -9999 -9999 -9999 -9999 -9999 -9999 -9999 -9999 -9999 0.545803785462901 0.546071501673464 0.545141385441203 0.543461479700223 0.521306418836103 0.495123485175471 0.460709170631025 0.41345671147338 0.359187088765774 0.324582721156925 0.305737804338236 0.325060497536315 0.347954906652409 0.373223851550502 0.356917064111703 0.342998391985393 0.348644066760343 0.333441550886916 0.301505892803605 0.295788457716317 0.293581456222805 0.290053865544231 0.287019618353768 0.284461591476348 0.275633253299207 0.264311787335488 0.246025116971266 0.231012131662584 0.219797397511399 0.214441642313782 0.210816533051761 0.207984864258274 0.204894575406461 0.201442705569219 0.198919355327712 0.196785571154476 0.195630542290545 0.192798947804869 0.187125795912708 0.172954065093121 0.155072968014735 0.154579726330326
-9999 -9999 -9999 -9999 -9999 -9999 -9999 -9999 -9999 -9999 -9999 -9999 -9999 -9999 -9999 -9999 0.54850975618301 0.55913964041285 0.574053406893157 0.547983119815747 0.519275301000357 0.485177409204688 0.432121777655008 0.368704091120008 0.320287776069114 0.292753834679609 0.316824130785123 0.361621286322199 0.420198000619942 0.390879889472028 0.364066101043977 0.370409097609903 0.358865944380504 0.332967037543499 0.321612836347328 0.313299221128252 0.308889070741536 0.304936673655233 0.301426141973607 0.297810170326964 0.291713072348068 0.271102598030812 0.252120331178048 0.235027171182458 0.22755686434762 0.222879573891869 0.219055534946644 0.215367587500259 0.211869911831625 0.209008210055085 0.206426527293317 0.204750718015041 0.201197968158538 0.194464051795679 0.196189212255009 0.201521361654032 0.177691448795667
-9999 -9999 -9999 -9999 -9999 -9999 -9999 -9999 -9999 -9999 -9999 -9999 -9999 -9999 -9999 -9999 -9999 0.573526684583543 0.60899700199315 0.582917985320996 0.556291530673797 0.528546329057536 0.461050261892417 0.371826886520937 0.351396208114069 0.339213737833001 0.341560434535518 0.374425764027418 0.427580385064187 0.400839804180782 0.376514960443164 0.38277847423737 0.38359538210828 0.380040743641534 0.351828652946487 0.325649440273387 0.323335147153422 0.31946872843544 0.314104055953128 0.309837824650902 0.303247311079355 0.281581274293854 0.262200391487975 0.245470829319512 0.237767602314602 0.232659046241333 0.22812135264321 0.223858764354561 0.219980805353919 0.216777925032749 0.213863782409215 0.211759498112013 0.208157296755631 0.202016323723027 0.200756142725842 0.201521361654032 0.177691448795667
-9999 -9999 -9999 -9999 -9999 -9999 -9999 -9999 -9999 -9999 -9999 -9999 -9999 -9999 -9999 -9999 -9999 0.606304506691817 0.609067568121208 0.588326775714768 0.564284061179924 0.533493522157893 0.473848964315282 0.398433173538477 0.387496870634304 0.380335372674201 0.37675081702143 0.401824306771618 0.445950138817067 0.438321591194676 0.425737218987482 0.411942170832089 0.403350742105818 0.398935834276837 0.36715804336477 0.337939031916826 0.336487814079817 0.333528212082714 0.329112579562823 0.323289615056343 0.315782711560529 0.300076431536894 0.282873894213062 0.263935343520207 0.252163535152015 0.242865178424461 0.237783213820223 0.233308167162321 0.229681662533732 0.22627201636539 0.222987288160496 0.220536890879317 0.217365076028477 0.21297055363094 0.207542946434114 0.201691273947881 -9999
-9999 -9999 -9999 -9999 -9999 -9999 -9999 -9999 -9999 -9999 -9999 -9999 -9999 -9999 -9999 -9999 -9999 0.597192463349946 0.58702787565269 0.575015392515874 0.553874935364919 0.514080505111085 0.476421034365235 0.439928504831799 0.426762715819659 0.418072429337939 0.418569312723927 0.438475804062633 0.471286123604981 0.49325284364555 0.498274612137062 0.451753831437287 0.41995242867328 0.39996507003398 0.373049115915602 0.350190184405994 0.348820431270397 0.34728807535681 0.34559876035143 0.337644338701798 0.328952870358935 0.323654212019944 0.310263869757749 0.287485254859067 0.269212972534065 0.253341822218802 0.247822979523341 0.243365106058842 0.240390591242269 0.236859399799416 0.233179913477989 0.23043562253375 0.227998421916786 0.226081698865752 0.215737198040613 -9999 -9999
-9999 -9999 -9999 -9999 -9999 -9999 -9999 -9999 -9999 -9999 -9999 -9999 -9999 -9999 -9999 -9999 -9999 0.607746812407862 0.608762652541547 0.579756949897754 0.553712678438258 0.533720402478785 0.492441796853157 0.439528359159024 0.450662583987966 0.457849901518221 0.44905608055206 0.467354439727526 0.503664128089103 0.504556295492611 0.497932183724631 0.477179595564726 0.44692222996113 0.40903615473371 0.396851175443558 0.386220601818096 0.366293607142162 0.354926754587508 0.351822935110065 0.34498783018719 0.337657849246347 0.332018493338324 0.319707162860557 0.299654759340524 0.286306494026931 0.274851455499039 0.263511633079933 0.255128864603397 0.250880402202937 0.246721888108529 0.242649003834871 0.239525830377846 0.236767846908406 0.234628812259423 0.23366939228707 -9999 -9999
-9999 -9999 -9999 -9999 -9999 -9999 -9999 -9999 -9999 -9999 -9999 -9999 -9999 -9999 -9999 -9999 -9999 0.637763129418867 0.627798098391214 0.586981975025957 0.556894403929291 0.548731755618464 0.50390793035637 0.439045580653869 0.471878654123644 0.493564156039739 0.477859688033823 0.492937565375853 0.528480054730797 0.50982803387474 0.492663629498161 0.495760953076457 0.469467549878299 0.419584607467989 0.418980243554435 0.418611414062095 0.388776998073601 0.36954250381648 0.360540024710656 0.354262783095116 0.348420302197191 0.341775742469814 0.330845901632873 0.314944118272919 0.304242161197719 0.294279001363168 0.277762471797735 0.265875315978329 0.26046056424026 0.255922952362232 0.251738500083418 0.248213564497447 0.245150874907612 0.242871631260424 0.240073761840389 -9999 -9999
-9999 -9999 -9999 -9999 -9999 -9999 -9999 -9999 -9999 -9999 -9999 -9999 -9999 -9999 -9999 -9999 0.644436572800518 0.638077222800879 0.628663856751841 0.597617353254043 0.567876034202551 0.540801996578234 0.498498222359216 0.447870071392023 0.48846406570623 0.516494938089498 0.504145804999338 0.510303329516095 0.528764385921033 0.506767107119891 0.489087468630316 0.49687482915059 0.476234365823509 0.432777206929016 0.431951395193184 0.43454360257211 0.42527653990996 0.406706274423638 0.379155705623304 0.370992622613837 0.366438818860539 0.359226604716894 0.351218772168559 0.342287833556178 0.324720806429691 0.304877526212637 0.286365751747852 0.27314833209974 0.267333037577711 0.263284227342488 0.259842287842751 0.255865617491408 0.252787731569885 0.251233166608939 0.245142577561957 0.237063525945841 -9999
-9999 -9999 -9999 -9999 -9999 -9999 -9999 -9999 -9999 -9999 -9999 -9999 -9999 -9999 -9999 0.652309956026441 0.650659614618925 0.647046594185453 0.64226634485253 0.609698835057432 0.57771378764354 0.546919063249367 0.512180361149908 0.475285931924042 0.507787816824447 0.532759060080437 0.532155354135856 0.536826004386863 0.54500313382068 0.524753345231737 0.509246505145836 0.517144700187223 0.504433561762731 0.475180992307035 0.462263237104699 0.453392259007493 0.451585345334767 0.432649876883641 0.397180358799519 0.386952287391271 0.381636392814032 0.374117072220822 0.367048687391742 0.360503495007569 0.340318816814397 0.317191086202075 0.302102075564078 0.2889353410648 0.278456172661557 0.272610355453544 0.268424405770786 0.264051400554927 0.260565502909219 0.258583135488407 0.249402758299575 0.237063525945841 -9999
-9999 -9999 -9999 -9999 -9999 -9999 -9999 -9999 -9999 -9999 -9999 -9999 -9999 -9999 -9999 0.654557950089165 0.65891064825816 0.662650841177791 0.665632426618263 0.622888856336414 0.586674679533638 0.563804003725505 0.540497735056366 0.516953376971741 0.529210696611363 0.543912721125301 0.561486034502317 0.570368091416367 0.573472057369224 0.558873706446882 0.547600229586773 0.552098980399565 0.549062175127538 0.539977193602498 0.505867930254324 0.474476591973789 0.47008223895014 0.449992436149824 0.414751947901904 0.40232155939297 0.39467151699168 0.387044818178133 0.379396109807514 0.371721865130192 0.352175479423914 0.3308193405102 0.323306376115696 0.311248920687239 0.292837737102571 0.283442680835967 0.27737319720923 0.272646325025409 0.268451295198699 0.265157667959117 0.253043063797022 -9999 -9999
