layers/veg50/veg500.asc
NCOLS 255 
NROWS 330 
XLLCORNER -2985163.8955 
YLLCORNER -3022031.214 
CELLSIZE 25000 
NODATA_value -9999 
[rows 250 to 274 of 330, columns 56 to 111 of 255]
-9999 -9999 -9999 -9999 -9999 -9999 -9999 -9999 -9999 -9999 -9999 -9999 -9999 -9999 -9999 -9999 0.603210037993801 0.603435104076414 0.605546654647933 0.607947569494158 0.558828565023586 0.507924478527089 0.453372389522425 0.411184033601767 0.375753534034379 0.396364670142244 0.419308729637703 0.442955790312035 0.464837490353438 0.485545549465035 0.491550719935736 0.492278444932797 0.480185353416165 0.459561166577167 0.43208976533751 0.432836195184437 0.435975709741218 0.431819775727767 0.422921672798031 0.409445994162446 0.400850659074644 0.388066704019851 0.344529889869723 0.316777309812711 0.307338185203376 0.296372442683501 0.285475136487414 0.279099688146145 0.273055046718443 0.267472911913663 0.262552053025388 0.257925799949306 0.254302979610139 0.251060106571923 0.248461194052216 -9999
-9999 -9999 -9999 -9999 -9999 -9999 -9999 -9999 -9999 -9999 -9999 -9999 -9999 -9999 -9999 -9999 0.632707420688937 0.620641583246831 0.622593900895807 0.630399386732632 0.603306732774862 0.561747786048142 0.490625451455466 0.437425901329508 0.394022713034864 0.414760455581587 0.434990640236779 0.447960330554733 0.465932602305229 0.487230672883683 0.505987459334532 0.522455917811768 0.532271132448828 0.514213647557674 0.473785020112942 0.461578889684792 0.453490982887453 0.445421066261961 0.437693916924139 0.430297637961561 0.419732451329065 0.404167974069549 0.363013894810594 0.333856248479789 0.318617309807821 0.318731456815612 -9999 -9999 -9999 -9999 -9999 -9999 -9999 -9999 -9999 -9999
-9999 -9999 -9999 -9999 -9999 -9999 -9999 -9999 -9999 -9999 -9999 -9999 -9999 -9999 -9999 -9999 0.639779931380855 0.646600514633935 0.656631592683173 0.667605450115285 0.633214494313872 0.590289481929898 0.529924229060693 0.475831327098507 0.425166810894807 0.438032806541413 0.453468473801991 0.469510724781006 0.487363133707322 0.506418965558529 0.526410996542277 0.543649538152553 0.551742636288814 0.550902737933426 0.542893051888725 0.50254449060857 0.464424330971025 0.455747036869348 0.446889729339278 0.437858656363251 0.433471671149885 0.427055045433693 0.402919908788268 0.374208414409961 0.340187259584439 0.328082377146615 0.322714769685205 -9999 -9999 -9999 -9999 -9999 -9999 -9999 -9999 -9999
-9999 -9999 -9999 -9999 -9999 -9999 -9999 -9999 -9999 -9999 -9999 -9999 -9999 -9999 -9999 -9999 0.690465623337404 0.68389094549167 0.689901204445984 0.700984284504529 0.66364374624173 0.618722550108274 0.558309483839966 0.508036091345309 0.463304913193665 0.456326797911367 0.459043886961744 0.482852883180019 0.502067601174559 0.518227967063521 0.53475378321283 0.549039308804471 0.555997007700756 0.56532744837939 0.576562295360758 0.535711012264435 0.493492826687945 0.47767774497928 0.466321672674676 0.459269844584167 0.458479760373045 0.457352456085845 0.44649614096357 0.416490720041891 0.364267794371398 0.339166510995275 0.323429387354561 0.323682274091124 -9999 -9999 -9999 -9999 -9999 -9999 -9999 -9999
-9999 -9999 -9999 -9999 -9999 -9999 -9999 -9999 -9999 -9999 -9999 -9999 -9999 -9999 -9999 -9999 0.698139512854773 0.712057176711546 0.722462246699385 0.730832421982566 0.694554083703875 0.647055407011742 0.576626790921741 0.534520618699684 0.507895127428331 0.47002815088495 0.45271655378698 0.488622776388819 0.510567137293222 0.523229421754574 0.531951830783586 0.539849705351062 0.546213263663205 0.559212813627192 0.577538532844267 0.561682724012426 0.539291366476861 0.510314060442771 0.495196655839961 0.493458097330005 0.49388361176778 0.494486056075041 0.493458224384284 0.460553618968587 0.390664395104919 0.351849569711978 0.32467713209821 0.324141806615211 -9999 -9999 -9999 -9999 -9999 -9999 -9999 -9999
-9999 -9999 -9999 -9999 -9999 -9999 -9999 -9999 -9999 -9999 -9999 -9999 -9999 -9999 -9999 -9999 0.73880080463709 0.73876725099272 0.737639440261157 0.735760601442872 0.708968782102833 0.671336194032765 0.61154935705804 0.576887072056476 0.555957541719001 0.539629525965826 0.534574027623229 0.557700574711227 0.566330468692763 0.565322748062542 0.575149019084139 0.579536700547354 0.563296703057522 0.558072065863881 0.561688559943357 0.551755049981559 0.538337435013261 0.518520454612976 0.511097113735776 0.515637248683549 0.514864780435661 0.513386405763312 0.514307457599233 0.47844284564329 0.399898138410548 0.365001789243255 0.343414902136431 0.331530590542163 -9999 -9999 -9999 -9999 -9999 -9999 -9999 -9999
-9999 -9999 -9999 -9999 -9999 -9999 -9999 -9999 -9999 -9999 -9999 -9999 -9999 -9999 -9999 -9999 0.734949746181386 0.747226782959113 0.742500044511666 -9999 0.70675157320941 0.691672263947166 0.645776803263788 0.61729251301058 0.598324942983372 0.609962064960015 0.621756130957845 0.631098876417466 0.626230193950254 0.611913519285413 0.623548411986613 0.625102719712678 0.586747814045815 0.562601891842965 0.549860361751225 0.543390273359452 0.537554000145083 0.530528675114685 0.529784048722101 0.535102127814653 0.532455025004916 0.528809001396438 0.52911127746157 0.493509226833106 0.416249641008255 0.383249090265053 0.362341473511907 0.338501066804031 0.324104701027788 0.322912205239939 0.310524720895676 0.294967001857521 0.294861115823018 -9999 -9999 -9999
-9999 -9999 -9999 -9999 -9999 -9999 -9999 -9999 -9999 -9999 -9999 -9999 -9999 -9999 -9999 -9999 0.72823598946607 0.722584621566306 0.724760434705593 -9999 -9999 0.694925510709574 0.658931648055708 0.630541567534402 0.606307615833111 0.62594593898679 0.645732848019009 0.661811855107781 0.659182514794554 0.644115555883488 0.652076653700655 0.65145274970156 0.616576216796219 0.592575980145433 0.577305259403906 0.580907596340487 0.586449850284575 0.588551797467881 0.577054263246003 0.552429264188627 0.546769491313797 0.544460829153724 0.538491897345541 0.520623642126961 0.488949349323774 0.428529927502448 0.364340365615185 0.339237239757891 0.324104701027788 0.322912205239939 0.310411066399385 0.29471512534102 0.29476386682052 -9999 -9999 -9999
-9999 -9999 -9999 -9999 -9999 -9999 -9999 -9999 -9999 -9999 -9999 -9999 -9999 -9999 -9999 -9999 0.736926004661528 0.727755905929037 0.731286453163723 -9999 -9999 0.745176213381543 0.697319361869816 0.663301725912774 0.636848425915193 0.640949402309748 0.65361661189684 0.685180606218102 0.688369323312371 0.67269368706886 0.66661903033489 0.659026256874405 0.643798741646197 0.628341396121678 0.612699584563766 0.61222471072604 0.615837971667668 0.627412687607121 0.626422100170724 0.613302331238413 0.579859795930412 0.546324534855891 0.537358384253721 0.528969545002273 0.521250523851502 0.465448003256815 0.400697305559936 0.377277754984521 0.353452422192411 0.329059758564739 0.310351310536419 0.294575798406238 -9999 -9999 -9999 -9999
-9999 -9999 -9999 -9999 -9999 -9999 -9999 -9999 -9999 -9999 -9999 -9999 -9999 -9999 -9999 -9999 0.746289177158346 0.762122478564733 0.75602655526805 -9999 0.760899952799719 0.755654736079636 0.739690368377784 0.717693283388481 0.692398793273114 0.65486591251249 0.643658581914187 0.700407023658898 0.713381416727073 0.697254098659403 0.665655681023629 0.645782773797918 0.66813220469407 0.670527490351126 0.656907211128047 0.636667832352628 0.623598435827573 0.645028962592554 0.678115510658372 0.722453517893083 0.633766331901713 0.532901746610792 0.524568154645129 0.516507338525325 0.508763007087063 0.493094526128077 0.470304424397464 0.402913394947431 0.353452422192411 0.329059758564739 0.310351310536419 -9999 -9999 -9999 -9999 -9999
-9999 -9999 -9999 -9999 -9999 -9999 -9999 -9999 -9999 -9999 -9999 -9999 -9999 -9999 -9999 -9999 0.764587905304867 0.764976660316854 0.764826987126567 0.738367349678046 0.739143827391321 0.741028495619903 0.745177867498317 0.722183175400419 0.684351889536741 0.674065506236475 0.679206998582997 0.720940850456449 0.729053684876947 0.714814711146479 0.679712723575898 0.653530739655536 0.662063734279551 0.672796897270088 0.685295955957937 0.685774387006908 0.687388540224535 0.701250564291336 0.723903264918709 0.755041531575471 0.713234121230225 0.653274031269105 0.57632792041122 0.530969290321436 0.522259630231611 0.514408671958901 0.49908307860234 0.413512299630374 0.363624014377879 -9999 -9999 -9999 -9999 -9999 -9999 -9999
-9999 -9999 -9999 -9999 -9999 -9999 -9999 -9999 -9999 -9999 -9999 -9999 -9999 -9999 -9999 -9999 -9999 0.753156952244099 0.753156952244099 0.76119534036452 0.737626668552467 0.726040089431863 0.738940174541054 0.71069389078349 0.659957534782298 0.692184776374613 0.72250236217903 0.740248211928075 0.740409028847125 0.728879025263953 0.697777636320222 0.668673878154198 0.651596177688695 0.6689715751517 0.713999664252658 0.740746286560769 0.760561560290673 0.762282726006374 0.765695017091943 0.770739737250647 0.79245880254585 0.793215709762159 0.649645898913282 0.563788272537059 0.54489046903808 0.533268985983816 0.524636718047471 -9999 -9999 -9999 -9999 -9999 -9999 -9999 -9999 -9999
-9999 -9999 -9999 -9999 -9999 -9999 -9999 -9999 -9999 -9999 -9999 -9999 -9999 -9999 -9999 -9999 -9999 -9999 -9999 0.761535000685799 0.770221271219679 0.761235078232511 0.716133350881136 0.675855264804117 0.638213718565861 0.690413276089932 0.732032853699449 0.73843438122759 0.736695490865822 0.729544716131473 0.716401886557766 0.699071816312505 0.669950413504075 0.700415771675907 0.778706562861361 0.790863966852355 0.790907383204603 0.78045960746614 0.787742419955706 0.812140419895537 0.815651552819325 0.808006979200956 0.760334607537719 0.687744591429485 0.586244197490278 0.545728708475207 -9999 -9999 -9999 -9999 -9999 -9999 -9999 -9999 -9999 -9999
-9999 -9999 -9999 -9999 -9999 -9999 -9999 -9999 -9999 -9999 -9999 -9999 -9999 -9999 -9999 -9999 -9999 -9999 -9999 0.773339938240055 0.783210313164788 0.768886497782003 0.705119314731509 0.664389993561479 0.636252869280272 0.692373827529145 0.734496294565582 0.73324411653688 0.727462695959472 0.718670160068272 0.713788525450064 0.704612452205481 0.680473465475097 0.714413679215859 0.794969330109474 0.796883714774909 0.786791417397547 0.774395502147642 0.783111744118345 0.81220737360079 0.806536777159145 0.795942511251578 0.799255269585222 0.73595616594259 0.595371502583046 0.558879708780098 -9999 -9999 -9999 -9999 -9999 -9999 -9999 -9999 -9999 -9999
-9999 -9999 -9999 -9999 -9999 -9999 -9999 -9999 -9999 -9999 -9999 -9999 -9999 -9999 -9999 -9999 -9999 -9999 -9999 0.773088067980757 0.759040251161172 0.739774543512325 0.709845528208125 0.68412196366978 0.660697044045822 0.699315680098465 0.727527093545926 0.723547206254 0.710863154075296 0.692392429201873 0.682828575060774 0.676975169616522 0.680543960027306 0.705125409215167 0.746572005765445 0.744044396265206 0.736678086119285 0.735976096375939 0.742872895239814 0.757104740732426 0.754300006588247 0.74803274294232 0.742384587362097 0.683068557301085 0.561485063232804 0.542956535269114 -9999 -9999 -9999 -9999 -9999 -9999 -9999 -9999 -9999 -9999
-9999 -9999 -9999 -9999 -9999 -9999 -9999 -9999 -9999 -9999 -9999 -9999 -9999 -9999 -9999 -9999 -9999 -9999 -9999 0.723959010274113 0.724993115625639 0.71885233756139 0.698048932056832 0.681754660001198 0.66792502188084 0.689195770119671 0.703726291486816 0.697881349762922 0.694433803538508 0.692580085470585 0.677289470079347 0.663428237512274 0.658010263057268 0.677991515973089 0.718358657083499 0.704521034640647 0.689742755607084 0.70448505101414 0.716075193185777 0.724622588393673 0.720511421040367 0.713777699323324 0.707209967787327 0.676015981096545 0.616249697266748 0.607622983746657 -9999 -9999 -9999 -9999 -9999 -9999 -9999 -9999 -9999 -9999
-9999 -9999 -9999 -9999 -9999 -9999 -9999 -9999 -9999 -9999 -9999 -9999 -9999 -9999 -9999 -9999 -9999 0.815594408125825 0.815594408125825 0.680393324595881 0.695910674364377 0.699918720330621 0.680406295792946 0.671088665719281 0.667343378243987 0.672184049622278 0.673868327130393 0.666741985002788 0.676684618170796 0.697974988261845 0.677549547504254 0.653327924013641 0.628770113680994 0.645716525254523 0.695974990577943 0.670505115337998 0.646260246580958 0.674026622246013 0.690651634756007 0.696521983269635 0.68885760820198 0.679171883246338 0.674283301215755 0.676810574773768 0.687941999798805 0.64635381505787 -9999 -9999 -9999 -9999 -9999 -9999 -9999 -9999 -9999 -9999
-9999 -9999 -9999 -9999 -9999 -9999 -9999 -9999 -9999 -9999 -9999 -9999 -9999 -9999 -9999 -9999 -9999 -9999 -9999 0.680182918279623 0.675719589779446 0.669431440328479 0.65941407770481 0.64897127275827 0.638295926548909 0.639284450976249 0.639117494839946 0.634931798407978 0.638910164856188 0.648316135257358 0.636520193531213 0.623717131427723 0.613716968741771 0.626873603178602 0.658616309947382 0.650759515945616 0.637266408949001 0.624350459469184 0.618800269857135 0.620360186194712 0.597096454207761 0.572010586938808 0.56684932343838 0.565234520215162 0.567734452106777 0.580945679253358 -9999 -9999 -9999 -9999 -9999 -9999 -9999 -9999 -9999 -9999
-9999 -9999 -9999 -9999 -9999 -9999 -9999 -9999 -9999 -9999 -9999 -9999 -9999 -9999 -9999 -9999 -9999 -9999 -9999 0.650685898447198 0.651102634684743 0.650061912285831 0.646042720167254 0.631420958322792 0.611003969203829 0.60843262509853 0.606633219728499 0.605131413994959 0.606180457409952 0.608925347503882 0.597448542835122 0.587895992128367 0.588606302451138 0.595022309770938 0.606017814701252 0.607375048276249 0.601597501696111 0.57151978650643 0.556488234893134 0.555980618228035 0.531660190559101 0.505827326864151 0.500497654159484 0.496324687174654 0.493493773186591 0.492873631441649 -9999 -9999 -9999 -9999 -9999 -9999 -9999 -9999 -9999 -9999
-9999 -9999 -9999 -9999 -9999 -9999 -9999 -9999 -9999 -9999 -9999 -9999 -9999 -9999 -9999 -9999 -9999 0.774315460431725 0.774315460431725 0.650676329046263 0.650184332481999 0.648648566067008 0.644979746392783 0.621246891595204 0.586547295093535 0.580888138716748 0.577809640859286 0.578577043122954 0.581598473927832 0.586118420165515 0.561538761204477 0.542044577357696 0.547251823315889 0.542161312088919 0.528805631076792 0.525811655727335 0.522845927909397 0.51359429233612 0.509583086448282 0.510630423189304 0.508741022026366 0.505827326864151 0.500497654159484 0.496324687174654 0.493493773186591 -9999 -9999 -9999 -9999 -9999 -9999 -9999 -9999 -9999 -9999 -9999
-9999 -9999 -9999 -9999 -9999 -9999 -9999 -9999 -9999 -9999 -9999 -9999 -9999 -9999 -9999 -9999 -9999 0.774315460431725 0.774315460431725 0.600522439222241 0.605384197697284 0.608255131915074 0.607057607777282 0.593420825486231 0.572984905817348 0.562669706341052 0.55495859834723 0.552914513266421 0.544556813176547 0.532001717465938 0.509683923689072 0.495039447227042 0.50792254673847 0.493325243166271 0.456671661400016 0.455859002656484 0.460584791302274 0.466641962645476 0.463485619570047 0.451435548642923 0.444617892248525 -9999 -9999 -9999 -9999 -9999 -9999 -9999 -9999 -9999 -9999 -9999 -9999 -9999 -9999 -9999
-9999 -9999 -9999 -9999 -9999 -9999 -9999 -9999 -9999 -9999 -9999 -9999 -9999 -9999 -9999 -9999 -9999 -9999 -9999 0.590127960264812 0.567554692934455 0.553195953011011 0.555624462159934 0.559632076456836 0.56450280917309 0.548431089544093 0.534424570810731 0.527609676223495 0.502635623156331 0.465589061364697 0.451857662114395 0.448017512620821 0.469417201207192 0.44656381648476 0.38819209919382 0.392328630088173 0.406488103489741 0.424511731205176 0.417868988042054 0.387416004864624 0.382143302570852 -9999 -9999 -9999 -9999 -9999 -9999 -9999 -9999 -9999 -9999 -9999 -9999 -9999 -9999 -9999
-9999 -9999 -9999 -9999 -9999 -9999 -9999 -9999 -9999 -9999 -9999 -9999 -9999 -9999 -9999 0.679040296729177 0.679040296729177 -9999 -9999 0.590416953756538 0.595287187565335 0.604874374190134 0.624101149054442 0.610282838372242 0.578402511971363 0.533712805496468 0.501256254772836 0.501041080941583 0.484631818898135 0.457456459326398 0.43916636700058 0.426353045540078 0.428663372923494 0.418589565914323 0.398576024305036 0.406270939099019 0.411514575278702 0.38923269278221 0.379454660598755 0.381746489787376 -9999 -9999 -9999 -9999 -9999 -9999 -9999 -9999 -9999 -9999 -9999 -9999 -9999 -9999 -9999 -9999
-9999 -9999 -9999 -9999 -9999 -9999 -9999 -9999 -9999 -9999 -9999 -9999 -9999 -9999 -9999 0.679040296729177 0.670395033838006 0.647308738306531 0.617688863318228 0.585795232578367 0.612852882755739 0.638566354392187 0.661532856075718 0.633780599095816 0.578306125602919 0.521803941915577 0.481681479967038 0.483227680679672 0.471868178224148 0.451928750973913 0.427712933263173 0.406713697469515 0.397306256014773 0.39463269529255 0.397363871404427 0.399378273834861 0.392769885044379 0.350035309551956 0.323285182098577 0.311964707680893 -9999 -9999 -9999 -9999 -9999 -9999 -9999 -9999 -9999 -9999 -9999 -9999 -9999 -9999 -9999 -9999
-9999 -9999 -9999 -9999 -9999 -9999 -9999 -9999 -9999 -9999 -9999 -9999 -9999 -9999 -9999 -9999 0.670395033838006 0.64730873830653 0.617688863318229 0.585829387147622 0.616130435488229 0.636789690467816 0.637744928571215 0.603733573640445 0.550609931887994 0.515435159046767 0.488912701800251 0.482679224428515 0.469437960241703 0.451537803543008 0.418700519663856 0.391067814564031 0.384479131345359 0.378597960011586 0.373284650761622 0.351399754571824 0.327149279371849 0.303111084879778 0.29696149794057 0.308079633174699 -9999 -9999 -9999 -9999 -9999 -9999 -9999 -9999 -9999 -9999 -9999 -9999 -9999 -9999 -9999 -9999
