layers/veg50/veg5600.asc
NCOLS 255 
NROWS 330 
XLLCORNER -2985163.8955 
YLLCORNER -3022031.214 
CELLSIZE 25000 
NODATA_value -9999 
[rows 250 to 274 of 330, columns 57 to 113 of 255]
-9999 -9999 -9999 -9999 -9999 -9999 -9999 -9999 -9999 -9999 -9999 -9999 -9999 -9999 -9999 0.665607611941583 0.665733815088328 0.670706214175662 0.677488206352937 0.652107335304088 0.625356701175196 0.595806812401971 0.572762917659405 0.553275114980273 0.55936401654479 0.566706162240474 0.574847644590262 0.579369309528916 0.581484460017838 0.575860428692862 0.57155888017075 0.573729988314872 0.573304829590245 0.57079585920722 0.531977991790859 0.495418123117333 0.490880946938359 0.479201278878816 0.460627023576831 0.440498174367622 0.4202919016031 0.401549954911372 0.386624560595945 0.376127272294075 0.354897215812804 0.332398909684295 0.32576403934624 0.31383515379813 0.294504617933577 0.284698190666572 0.278410397923422 0.27364251114289 0.269365290060561 0.265919682564218 -9999 -9999 -9999
-9999 -9999 -9999 -9999 -9999 -9999 -9999 -9999 -9999 -9999 -9999 -9999 -9999 -9999 -9999 0.66897497004179 0.669369812856176 0.675485045498833 0.683961103940831 0.67559567203112 0.659064634083688 0.625846323017335 0.60331701298388 0.58663017245777 0.588284947282952 0.589293973410801 0.586956220743165 0.586876437753743 0.588297790330154 0.590442173900623 0.592207034898108 0.59254184605035 0.593612346940142 0.595273325977817 0.558934794383645 0.52338232826086 0.51465523138267 0.508651928244307 0.505277880257181 0.480606289015094 0.450999926310199 0.418589467232916 0.395094136092127 0.381942467957861 0.378729082210636 -9999 -9999 -9999 -9999 -9999 -9999 -9999 -9999 -9999 -9999 -9999 -9999
-9999 -9999 -9999 -9999 -9999 -9999 -9999 -9999 -9999 -9999 -9999 -9999 -9999 -9999 -9999 0.668743528996792 0.668520332032609 0.671236422506762 0.6751418960454 0.66816952682936 0.657756497467694 0.640312117916684 0.625073602868339 0.611040784784051 0.607822963606359 0.60504636609415 0.602382624318332 0.601185819812031 0.600964259450666 0.604397154284764 0.607236676888031 0.607120098643158 0.608935936309209 0.612302766614932 0.598287728761373 0.579142272396103 0.548984321437707 0.532916186622127 0.530448832633593 0.516535931001673 0.495278294154632 0.444817051536145 0.411112139207103 0.396848544487266 0.38658378678949 0.378345596071744 -9999 -9999 -9999 -9999 -9999 -9999 -9999 -9999 -9999 -9999 -9999
-9999 -9999 -9999 -9999 -9999 -9999 -9999 -9999 -9999 -9999 -9999 -9999 -9999 -9999 -9999 0.682336068162626 0.678770906546187 0.679684579474226 0.682478867875924 0.675111040289101 0.666550754119339 0.655553553657532 0.645019864211002 0.634739523881451 0.625045288430123 0.617789427127983 0.61666777031389 0.615452856843706 0.614175944807039 0.616334820951221 0.618084178358958 0.617532647264455 0.619481887083011 0.623438291745187 0.619841935640864 0.61105408578773 0.584918272604892 0.563771480480459 0.547440548355128 0.53554576848129 0.518026504195005 0.461828827518998 0.425300303439047 0.411592661743151 0.395906446937561 0.381378792408587 0.38245217074203 -9999 -9999 -9999 -9999 -9999 -9999 -9999 -9999 -9999 -9999
-9999 -9999 -9999 -9999 -9999 -9999 -9999 -9999 -9999 -9999 -9999 -9999 -9999 -9999 -9999 0.686497284422655 0.694044227731043 0.699845775264977 0.704720245466743 0.695307012299611 0.684664674884961 0.671510533915839 0.663296060500909 0.657781545386383 0.640131340551316 0.627756318254543 0.629900082883972 0.629680829723503 0.627890603276129 0.626411474512839 0.625073569787846 0.624102248894458 0.625620368677357 0.629136559446941 0.624976452893821 0.620965511509961 0.622332740924652 0.600707139180502 0.55688675121523 0.538946740744365 0.520912703943467 0.470338832108748 0.437800403929977 0.426187368261464 0.406583326078784 0.386674847835212 0.384402657594638 -9999 -9999 -9999 -9999 -9999 -9999 -9999 -9999 -9999 -9999
-9999 -9999 -9999 -9999 -9999 -9999 -9999 -9999 -9999 -9999 -9999 -9999 -9999 -9999 -9999 0.728865437994785 0.728806868351023 0.720403400808451 0.708478451821765 0.713838679970321 0.711141831395992 0.691979500750426 0.681462871561611 0.675671870799179 0.664937102865816 0.657150914526996 0.65730876667039 0.6544407633997 0.649561121432982 0.648366028457599 0.646028185603689 0.63895425373222 0.635421608179437 0.634731264319685 0.6308029002242 0.628402398742235 0.634483345788018 0.612712467884143 0.56405645798607 0.546349711022907 0.532136849798939 0.500295620866449 0.468674829953631 0.437309799429845 0.415826678427424 0.398879720029213 0.397994741420772 -9999 -9999 -9999 -9999 -9999 -9999 -9999 -9999 -9999 -9999
-9999 -9999 -9999 -9999 -9999 -9999 -9999 -9999 -9999 -9999 -9999 -9999 -9999 -9999 -9999 0.770451559020206 0.763316734705414 0.766063688145 -9999 0.74301329986232 0.735450716883704 0.712433201709521 0.698727161296389 0.690110652373845 0.688621891821294 0.687463296465753 0.686479008216643 0.681334247604819 0.673423536194542 0.673577307593889 0.671093772647136 0.657805265779635 0.649142106443455 0.644191336317308 0.641612644727982 0.64101520952605 0.647353851443762 0.629363357633597 0.587888154059135 0.564657457061916 0.546165276592536 0.533092058602866 0.501850451267975 0.449529202889568 0.426853899339322 0.412948511142488 0.403176143405462 0.404767527103196 0.422246759827759 0.388083096541432 0.338505665197191 0.346117514288408 -9999 -9999 -9999 -9999 -9999
-9999 -9999 -9999 -9999 -9999 -9999 -9999 -9999 -9999 -9999 -9999 -9999 -9999 -9999 -9999 0.774353272073875 0.777637575756684 0.776373097627989 -9999 -9999 0.739324901721673 0.728098874792671 0.711230251564915 0.691277458290186 0.69611464550244 0.702472200950984 0.710380327428469 0.708769021966036 0.700829040795768 0.703993404658796 0.703801803448504 0.689620540513314 0.680213920502572 0.67463951693707 0.678619757506176 0.684168245204006 0.690460904729174 0.697108748590346 0.704099448898914 0.637697383803102 0.566646317617342 0.558860917495018 0.528294128086245 0.471295523533807 0.449012325748751 0.435341561943972 0.411423291076635 0.404767527103196 0.422246759827759 0.396253398492668 0.356612359269102 0.353108471450667 -9999 -9999 -9999 -9999 -9999
-9999 -9999 -9999 -9999 -9999 -9999 -9999 -9999 -9999 -9999 -9999 -9999 -9999 -9999 -9999 0.797282788630205 0.794577341380127 0.795618956043828 -9999 -9999 0.780565251160506 0.754625412243588 0.730420610289584 0.707164157065152 0.70545754384683 0.709834169319093 0.727643970759771 0.730409467583172 0.723173262017863 0.72237261375711 0.720927964658678 0.715570346192257 0.710323932301671 0.705166773254022 0.70736715119552 0.711770784621689 0.720969936344031 0.742473583806574 0.775854657351442 0.714762637677011 0.639488055617733 0.597264387832336 0.5539724655407 0.509441114640025 0.478325912794413 0.453350434877842 0.450010430939911 0.442811061948441 0.430215850777381 0.400549079347565 0.366628180589557 -9999 -9999 -9999 -9999 -9999 -9999
-9999 -9999 -9999 -9999 -9999 -9999 -9999 -9999 -9999 -9999 -9999 -9999 -9999 -9999 -9999 0.800045198286033 0.804716485149914 0.802918009539039 -9999 0.789087986250573 0.785054620085126 0.77277864675978 0.757024951017739 0.739370377250519 0.716851644311651 0.708718199777874 0.737548613948349 0.745625907746862 0.739906184077445 0.727406871722146 0.72077895567231 0.735017275203539 0.739367621626436 0.73578169851977 0.726957232137483 0.722132936551551 0.737511904043685 0.763025741234178 0.798322682766196 0.796290655849361 0.770380590832726 0.649675488114508 0.578802293277461 0.565745931330172 0.515572220432497 0.46022251670646 0.452541353329693 0.442811061948441 0.430215850777381 0.400549079347565 -9999 -9999 -9999 -9999 -9999 -9999 -9999
-9999 -9999 -9999 -9999 -9999 -9999 -9999 -9999 -9999 -9999 -9999 -9999 -9999 -9999 -9999 0.819158415047677 0.818794500415981 0.818934609899431 0.789283026717214 0.789276305586295 0.78831214873287 0.785391371474121 0.766810204884361 0.739669272339109 0.731897038069955 0.733483826890646 0.757021069787778 0.76379196979995 0.759416327918133 0.74434394894906 0.7339441770785 0.741663100781354 0.750046227538725 0.758962455914118 0.76064299588082 0.763155781149594 0.773671295012927 0.789462260883169 0.81034557613415 0.816412841010648 0.799499508704837 0.665264730957027 0.590363055010541 0.584301850511754 0.552812958084966 0.513897759883925 0.472309434985693 0.448063188304028 -9999 -9999 -9999 -9999 -9999 -9999 -9999 -9999 -9999
-9999 -9999 -9999 -9999 -9999 -9999 -9999 -9999 -9999 -9999 -9999 -9999 -9999 -9999 -9999 -9999 0.82985896152242 0.82985896152242 0.802806911464945 0.79588401691763 0.792094654573963 0.79470899422959 0.771398750322751 0.733918464848115 0.748012510572954 0.763462563880624 0.777552090798799 0.781282906417304 0.778127079536501 0.763848036582103 0.751127532958363 0.746606498349053 0.757206510146895 0.779942952590476 0.794978035015317 0.80688819994246 0.810306627804034 0.814384173838426 0.819097961092486 0.820229674147259 0.802824650038672 0.680442203896823 0.608370903746168 0.594672466364512 0.586417954609437 0.580356305867759 -9999 -9999 -9999 -9999 -9999 -9999 -9999 -9999 -9999 -9999 -9999
-9999 -9999 -9999 -9999 -9999 -9999 -9999 -9999 -9999 -9999 -9999 -9999 -9999 -9999 -9999 -9999 -9999 -9999 0.802906680879398 0.805458124397091 0.802718051009485 0.789164207351282 0.769642132924335 0.746857900867139 0.765036870686963 0.780748498945104 0.786383672726561 0.787087976264942 0.784514155759492 0.778882384478946 0.772562140779628 0.764894627709889 0.774831916655829 0.798899144293987 0.804733805408616 0.807621719515345 0.809284011273284 0.814639930573995 0.823561277425839 0.822401035365659 0.813350215380267 0.770188527223929 0.706457693098206 0.618861770803818 0.590704240965508 -9999 -9999 -9999 -9999 -9999 -9999 -9999 -9999 -9999 -9999 -9999 -9999
-9999 -9999 -9999 -9999 -9999 -9999 -9999 -9999 -9999 -9999 -9999 -9999 -9999 -9999 -9999 -9999 -9999 -9999 0.826850021484278 0.823757225171127 0.815191318811262 0.795440537533657 0.779578838118308 0.765842860472644 0.7832053872389 0.796625174730608 0.797142356135647 0.795465213335738 0.792329247532671 0.791115954328687 0.788827922452107 0.782525869120482 0.791319721398662 0.812229825855087 0.812513023632557 0.810422560817738 0.811017142183213 0.816011816223692 0.825253862656033 0.823655068399971 0.820446091364767 0.82113167852794 0.776700738422393 0.679923925389765 0.683093776033137 -9999 -9999 -9999 -9999 -9999 -9999 -9999 -9999 -9999 -9999 -9999 -9999
-9999 -9999 -9999 -9999 -9999 -9999 -9999 -9999 -9999 -9999 -9999 -9999 -9999 -9999 -9999 -9999 -9999 -9999 0.826928942843931 0.831330704316898 0.830133675202641 0.817494929792854 0.805123033602745 0.792896993739547 0.80290104976279 0.810620862427433 0.810473209894164 0.807275612764257 0.802050362051572 0.799611226886918 0.798194689469605 0.799280339004047 0.806289128921323 0.818051940519747 0.817654067928761 0.815982729382819 0.81642846644525 0.818873438520309 0.823248255311075 0.823684711136897 0.822964239939692 0.820282866871497 0.809779756060583 0.790201574211715 0.751228873048134 -9999 -9999 -9999 -9999 -9999 -9999 -9999 -9999 -9999 -9999 -9999 -9999
-9999 -9999 -9999 -9999 -9999 -9999 -9999 -9999 -9999 -9999 -9999 -9999 -9999 -9999 -9999 -9999 -9999 -9999 0.846120440060029 0.845542154060703 0.841826747816239 0.831700307033039 0.822921618854011 0.814879594790655 0.819910112992386 0.823499943282882 0.822215991615421 0.82313036030453 0.825506208704453 0.819648927006273 0.813638649302011 0.809484483092815 0.816690104886251 0.833013301980496 0.826295901126052 0.819392658648157 0.825945179200537 0.830529747175306 0.833214667105357 0.807505285473064 0.779876338822874 0.776009840438112 0.766083387284256 0.749125949223307 0.741126983959516 -9999 -9999 -9999 -9999 -9999 -9999 -9999 -9999 -9999 -9999 -9999 -9999
-9999 -9999 -9999 -9999 -9999 -9999 -9999 -9999 -9999 -9999 -9999 -9999 -9999 -9999 -9999 -9999 0.892719939109222 0.892719939109222 0.880717943321112 0.866388400474186 0.853839850576058 0.844930946727733 0.838644955915508 0.833792615393585 0.834858978121361 0.835023125889724 0.832346283160583 0.837870926939682 0.848848054518282 0.839373159068695 0.827796830623021 0.815280935032731 0.822112445638854 0.8444725411825 0.830151408072618 0.816866925223729 0.830655568488546 0.838101395157806 0.839424554400613 0.781531393910528 0.720770408121105 0.716267342555732 0.696733827900667 0.659761427193937 0.637488265649314 -9999 -9999 -9999 -9999 -9999 -9999 -9999 -9999 -9999 -9999 -9999 -9999
-9999 -9999 -9999 -9999 -9999 -9999 -9999 -9999 -9999 -9999 -9999 -9999 -9999 -9999 -9999 -9999 -9999 -9999 0.880912243660349 0.885033917653484 0.886556811088532 0.882768823647302 0.862468192126365 0.833141963243763 0.833134071020758 0.832353856475784 0.82688354802786 0.816436475716885 0.802680768524909 0.79751928117434 0.793243111015551 0.789369067232095 0.777736592370019 0.75987705767557 0.747140618914446 0.738685792539668 0.745222159907646 0.742853010028492 0.731887439372655 0.693265541331771 0.654136176208935 0.646191463289598 0.633786027273306 0.616205094415129 0.616430728912623 -9999 -9999 -9999 -9999 -9999 -9999 -9999 -9999 -9999 -9999 -9999 -9999
-9999 -9999 -9999 -9999 -9999 -9999 -9999 -9999 -9999 -9999 -9999 -9999 -9999 -9999 -9999 -9999 -9999 -9999 0.863459290038017 0.877613395359965 0.886282545581075 0.883742614272919 0.862096752235646 0.830007835945612 0.829240917478234 0.826570770040506 0.816153637830307 0.794127940942786 0.764384678370685 0.761377573621149 0.76149238809846 0.76404394411846 0.741609588918691 0.699121080687827 0.687178902051623 0.682154068233722 0.687581696752928 0.682381434612458 0.666922159149816 0.639761925382133 0.612982598821609 0.602912310253588 0.594909205103365 0.589304523037891 0.58807675796605 -9999 -9999 -9999 -9999 -9999 -9999 -9999 -9999 -9999 -9999 -9999 -9999
-9999 -9999 -9999 -9999 -9999 -9999 -9999 -9999 -9999 -9999 -9999 -9999 -9999 -9999 -9999 -9999 0.784958596416746 0.784958596416746 0.86313427316526 0.846424012426584 0.832724445791015 0.825177548601413 0.822648707215464 0.822862670131691 0.821845848486268 0.815758585564096 0.796916760261423 0.770407681637186 0.738801286266714 0.73446154133291 0.734268760083954 0.739666467104714 0.718805229082746 0.67686807761139 0.664443535849767 0.660588109905647 0.674829371353972 0.678077573743332 0.670714268830944 0.642402487121425 0.612982598821609 0.602912310253588 0.594909205103365 0.589304523037891 -9999 -9999 -9999 -9999 -9999 -9999 -9999 -9999 -9999 -9999 -9999 -9999 -9999
-9999 -9999 -9999 -9999 -9999 -9999 -9999 -9999 -9999 -9999 -9999 -9999 -9999 -9999 -9999 -9999 0.784958596416746 0.784958596416746 0.785074119536417 0.788513800400464 0.789848152228852 0.786880043166898 0.797149955629783 0.814655599182829 0.810135686116725 0.801913821609945 0.786346962814491 0.763492335703376 0.735792679750754 0.726868212292331 0.722186490955759 0.725827243088979 0.703614858521343 0.660652269761733 0.651262457700948 0.649440229117734 0.658957149868651 0.655389514927246 0.639191468603127 0.632972574115306 -9999 -9999 -9999 -9999 -9999 -9999 -9999 -9999 -9999 -9999 -9999 -9999 -9999 -9999 -9999 -9999 -9999
-9999 -9999 -9999 -9999 -9999 -9999 -9999 -9999 -9999 -9999 -9999 -9999 -9999 -9999 -9999 -9999 -9999 -9999 0.784073711111299 0.764385794342102 0.753068666227597 0.758858123448748 0.778717569405853 0.806267488954038 0.796641974094427 0.786677843081853 0.779315748316645 0.763479200891294 0.742008697256584 0.727145952765331 0.716204613110889 0.716021752086043 0.691419815476473 0.647218678567717 0.642314351605971 0.642764485733672 0.641629253293168 0.62498248089758 0.593362549655865 0.587887799185091 -9999 -9999 -9999 -9999 -9999 -9999 -9999 -9999 -9999 -9999 -9999 -9999 -9999 -9999 -9999 -9999 -9999
-9999 -9999 -9999 -9999 -9999 -9999 -9999 -9999 -9999 -9999 -9999 -9999 -9999 -9999 0.791747830756338 0.791747830756338 -9999 -9999 0.784325765000028 0.788573477857492 0.797583689377872 0.816326566857088 0.818811721152716 0.812410614546445 0.786449402606007 0.766432886583174 0.76332573330769 0.74828337150533 0.725306285787853 0.706494313211245 0.69023594414007 0.681022786933123 0.665326959382645 0.644428021088042 0.64116115484339 0.63695258106759 0.617849904862212 0.602241555122161 0.590006249282141 -9999 -9999 -9999 -9999 -9999 -9999 -9999 -9999 -9999 -9999 -9999 -9999 -9999 -9999 -9999 -9999 -9999 -9999
-9999 -9999 -9999 -9999 -9999 -9999 -9999 -9999 -9999 -9999 -9999 -9999 -9999 -9999 0.791747830756338 0.78475792528652 0.766092093437947 0.743495988107927 0.720017227967778 0.777583852713406 0.82375533700126 0.846639655563884 0.835163067054627 0.804905251825079 0.773507029635461 0.750158140208808 0.747345250503995 0.732719207010355 0.710239583608993 0.689005166645643 0.669647358016317 0.655985106220872 0.646342779742551 0.639926919442473 0.633812838165581 0.623151732057346 0.59302010696914 0.574313511517693 0.566635400927726 -9999 -9999 -9999 -9999 -9999 -9999 -9999 -9999 -9999 -9999 -9999 -9999 -9999 -9999 -9999 -9999 -9999 -9999
-9999 -9999 -9999 -9999 -9999 -9999 -9999 -9999 -9999 -9999 -9999 -9999 -9999 -9999 -9999 0.78475792528652 0.766092093437947 0.743495988107927 0.719981840443654 0.774187982734149 0.81375447781966 0.823403317051379 0.804694414928524 0.77048553870599 0.755142142543738 0.741712511900988 0.731383564881831 0.716428698325475 0.698398443995326 0.67775234768392 0.65966811056699 0.650590736451491 0.641376666026051 0.632052880621867 0.614247957695421 0.593596959063466 0.56611885879905 0.556459475490296 0.564000349550177 -9999 -9999 -9999 -9999 -9999 -9999 -9999 -9999 -9999 -9999 -9999 -9999 -9999 -9999 -9999 -9999 -9999 -9999
