layers/veg50/veg5400.asc
NCOLS 255 
NROWS 330 
XLLCORNER -2985163.8955 
YLLCORNER -3022031.214 
CELLSIZE 25000 
NODATA_value -9999 
[rows 225 to 249 of 330, columns 57 to 113 of 255]
-9999 -9999 -9999 -9999 -9999 -9999 -9999 -9999 -9999 -9999 -9999 -9999 -9999 -9999 -9999 -9999 -9999 -9999 0.382238231670209 0.381418985158782 0.376320214999868 0.362475789026235 0.308867011163985 0.233523553636754 0.174385468686347 0.132558838999546 0.133161079594045 0.137768629691124 0.145038975752428 0.14625673426116 0.145952978206836 0.142470468694264 0.140867537290771 0.140773189932976 0.145315521551544 0.148139553954705 0.140809830967005 0.136942720571542 0.13641804094158 0.135227095506569 0.133572468234708 0.130004596613587 0.12170886572862 0.107927696685517 0.10470372878858 0.104139372865063 0.100827495281511 0.0957314465469467 0.0881409185862172 0.0828977378205351 0.0786766610915653 0.077595050431345 0.0764974145699718 0.075372618108121 0.0739789554217914 0.0724896049850519 0.0745670259141009
-9999 -9999 -9999 -9999 -9999 -9999 -9999 -9999 -9999 -9999 -9999 -9999 -9999 -9999 -9999 -9999 -9999 -9999 0.409771258031387 0.392317847827503 0.384086220048909 0.394700272708877 0.330363004184144 0.225058314362575 0.171805260693567 0.136135702464488 0.140247764830073 0.144514006043559 0.148882747903673 0.148568898374664 0.147101997840121 0.143253463372122 0.140648725524003 0.139042281775915 0.145445703230522 0.149726195776703 0.140051560235684 0.134520852145926 0.132990242315541 0.132416770657214 0.131620513197064 0.128326464527346 0.121671047576706 0.111115646129339 0.107105833518493 0.105120039887047 0.104845163277725 0.101576581721189 0.094122451712165 0.0877411837936238 0.081966026659562 0.0801062169458694 0.0784778246492127 0.0772416543251645 0.0764880897515056 0.0759560038876714 0.0759454510402672
-9999 -9999 -9999 -9999 -9999 -9999 -9999 -9999 -9999 -9999 -9999 -9999 -9999 -9999 -9999 -9999 -9999 -9999 0.409808985670453 0.395938280736164 0.38841551593488 0.393865433167566 0.328892177350407 0.225426527352719 0.175651213144755 0.142225809461407 0.145298512512451 0.148234061022753 0.151078426927233 0.150428959240571 0.148940869549267 0.145745756350327 0.144162565804176 0.143873134099516 0.146122645178269 0.146773590428495 0.139075410819952 0.133501479495632 0.129978067144952 0.129309443209013 0.129173641830507 0.128654417099217 0.126431300669935 0.122231265720896 0.116330184024166 0.110552563112824 0.110243234283632 0.106525174473925 0.0980413114431246 0.0917390292854528 0.0862938039499137 0.0821085870258211 0.0791990774327825 0.0784517233605607 0.0776261644445989 0.0767731700173955 0.0770129324054307
-9999 -9999 -9999 -9999 -9999 -9999 -9999 -9999 -9999 -9999 -9999 -9999 -9999 -9999 -9999 -9999 -9999 0.394413177567129 0.395450594337504 0.395359963877393 0.394989371795856 0.394046648752092 0.330949252458576 0.233878916871369 0.185834465734705 0.152426414031077 0.151601763716547 0.153985693823193 0.158502741230988 0.155571776776073 0.152255178785371 0.149820537782136 0.148612410659711 0.148388706192286 0.148859633434144 0.148449531197129 0.143873550316484 0.138613800999589 0.132694015771393 0.131559245839513 0.132010550090653 0.135909238285859 0.136084993505358 0.131941263421795 0.124143328139908 0.116145793841825 0.115663396217597 0.11330676561365 0.108329738849702 0.101161649364555 0.0934586572952833 0.0903073534219756 0.0872301992576685 0.084278719061661 0.0827688149984417 0.0819145039921615 0.0817854982692515
-9999 -9999 -9999 -9999 -9999 -9999 -9999 -9999 -9999 -9999 -9999 -9999 -9999 -9999 -9999 -9999 -9999 0.401434166223498 0.380691040747357 0.395795915441472 0.403490406936443 0.396041002462302 0.335513106486667 0.245973194594947 0.197400112130654 0.162128429706458 0.15680221207933 0.159735895500359 0.168160897672605 0.162199318724167 0.156313994181154 0.154779936252475 0.153830900852441 0.153351415320446 0.152934605787047 0.152363718577634 0.151100640228772 0.14643446252176 0.138483301672758 0.136466949352072 0.136988351508997 0.145152985412983 0.146850816357505 0.141045621992823 0.131840485807357 0.122592109766454 0.121633073053694 0.12093304860222 0.120595153481629 0.112288159858332 0.101628100040819 0.100247438939877 0.0972682347412553 0.0915797110147301 0.089288427748239 0.0885299692350409 0.0877880854898665
-9999 -9999 -9999 -9999 -9999 -9999 -9999 -9999 -9999 -9999 -9999 -9999 -9999 -9999 -9999 -9999 -9999 0.42035365731216 0.426515255683341 0.429463436156768 0.428195518735857 0.41831156268488 0.358361352632922 0.271045576664412 0.198883250827424 0.146097806714809 0.141081387557822 0.15613808368196 0.184539718649301 0.174177459976044 0.163839546301512 0.164641899558727 0.165325083122456 0.165912618892961 0.165955890118009 0.165814567633181 0.165226851805935 0.163356453469434 0.160247892512339 0.153338679315452 0.147155003578914 0.14995060083062 0.150446098009468 0.148272933537646 0.144421918252341 0.140035580700804 0.135060462201731 0.131762426145136 0.13080914681827 0.121944693996328 0.110589804384234 0.105689389426055 0.101348968148572 0.0979576622354574 0.0963619062536938 0.0955685017705995 0.0936983793930558
-9999 -9999 -9999 -9999 -9999 -9999 -9999 -9999 -9999 -9999 -9999 -9999 -9999 -9999 -9999 -9999 -9999 0.457801185349491 0.45648395281415 0.451734672498056 0.444126269793399 0.430674950352622 0.373048775647274 0.291277197261974 0.212775505715725 0.152624407865565 0.138744037779961 0.160061471232708 0.204778986289932 0.190747409305698 0.175880457336366 0.175084741402111 0.175395136076075 0.176593315518481 0.177764483919141 0.178600155794275 0.17802968361947 0.178010564989346 0.178523663291183 0.168955874267746 0.158794007084203 0.157584579325587 0.156279985234278 0.154864975624322 0.153897964236914 0.152384328991549 0.144749874192364 0.139725870602587 0.138351582069061 0.130969894693705 0.121496560689732 0.113345086617669 0.107261433168884 0.104682462704856 0.103227675177671 0.102271011278754 0.100052065826887
-9999 -9999 -9999 -9999 -9999 -9999 -9999 -9999 -9999 -9999 -9999 -9999 -9999 -9999 -9999 -9999 -9999 0.459749587376685 0.461209991413886 0.45586253953972 0.446087865459292 0.427265698054702 0.374743821233002 0.303802119764457 0.246423601223306 0.195063068996463 0.157713748866607 0.175958927984625 0.231164249167839 0.214627712341348 0.195110011758613 0.186452366575879 0.18319791460324 0.184280165124208 0.187642422832522 0.190326620324145 0.188725638578479 0.189054116028792 0.191245084186808 0.182575796138877 0.172777056679788 0.169734168443362 0.165677827717789 0.160445641721624 0.158430102933795 0.156622062203297 0.14848826760759 0.143126627726945 0.141640783251079 0.138989985708973 0.135499922423532 0.124525162694052 0.116090092803305 0.111959461926358 0.10976276161601 0.108438557839399 0.107111652022792
-9999 -9999 -9999 -9999 -9999 -9999 -9999 -9999 -9999 -9999 -9999 -9999 -9999 -9999 -9999 -9999 -9999 0.47193750380918 0.470922095395254 0.465034767071366 0.452077134182536 0.424670591713189 0.363858169238763 0.284786525468062 0.264448459209789 0.239861639424616 0.199022376355531 0.205211171912058 0.242664998206666 0.238363266196859 0.228094107148302 0.21049919400851 0.201589975226327 0.199652054880962 0.201623666609344 0.203260157635829 0.201058489823998 0.200393145008596 0.201210799839335 0.194840452180082 0.187114719936799 0.180272930802316 0.174135620727648 0.168815673459413 0.165142987361389 0.161701672043496 0.156159959526119 0.15105956209909 0.146576174606587 0.144247768971635 0.142374832288232 0.134764451516696 0.126697863705269 0.117858065184827 0.114074082471134 0.112573929287184 0.11146891742169
-9999 -9999 -9999 -9999 -9999 -9999 -9999 -9999 -9999 -9999 -9999 -9999 -9999 -9999 -9999 -9999 -9999 0.490442072179969 0.482596348950899 0.476281757632054 0.45980741637146 0.422570559589701 0.348132930236509 0.253361840466441 0.275877967600804 0.285038588034309 0.249381106272041 0.240039384994634 0.248192816281466 0.261922593836252 0.266366435685191 0.239277640956335 0.22394648975542 0.218052240035521 0.217198620529916 0.216600476652669 0.213969640385188 0.211755661207159 0.209944070665887 0.206396023050185 0.201418788561074 0.19015248984594 0.182261800690967 0.178287619294561 0.172716844059441 0.167120991744413 0.165374322041795 0.160803143779532 0.152282973335572 0.148441162951383 0.146306179846597 0.144532761598414 0.137969595115289 0.12328843766558 0.117564926735619 0.11588649863551 0.114727928340439
-9999 -9999 -9999 -9999 -9999 -9999 -9999 -9999 -9999 -9999 -9999 -9999 -9999 -9999 -9999 -9999 0.495886545304602 0.492726015517041 0.488180682083923 0.485381847230162 0.469602471648916 0.427295998464602 0.352753853742457 0.260592108514241 0.286370985977595 0.302698475260592 0.284055970238172 0.272903675277175 0.266730995776587 0.280319858557865 0.282263841561486 0.241021137649362 0.22429499417707 0.227246294146082 0.226819555337075 0.225412000439896 0.221933135266098 0.218603465867273 0.215417813893173 0.21173932655293 0.20753888438184 0.200866930599448 0.193251614233669 0.184541773512767 0.177752091365022 0.171888483022741 0.169552396628731 0.166224978547101 0.161511563219859 0.157022446541479 0.152751915496054 0.150939869164254 0.145449310178523 0.133724157842513 0.126217572516876 0.120647645789276 0.11972883064805
-9999 -9999 -9999 -9999 -9999 -9999 -9999 -9999 -9999 -9999 -9999 -9999 -9999 -9999 -9999 0.501715001954906 0.499334386766306 0.495318081071084 0.490654569953364 0.493423575510591 0.481339069706563 0.438899854195107 0.364750229476439 0.273268105837765 0.301882600475717 0.323348438326343 0.315488039535559 0.303116270181683 0.287745267105468 0.298556175768991 0.299315409565106 0.260192915354732 0.242127842965789 0.240963845583995 0.238370704322527 0.235293704391509 0.231048167725166 0.226805634409027 0.22256600020154 0.218654958037461 0.214942745127988 0.211997930429109 0.204750176535122 0.192509992550526 0.184824597587936 0.178811155837875 0.176387524574853 0.173957027690443 0.171516931867098 0.165752895383872 0.159053100951852 0.157039818043362 0.152773414640541 0.144688269432844 0.136326104572668 0.1278845181498 0.125786969569764
-9999 -9999 -9999 -9999 -9999 -9999 -9999 -9999 -9999 -9999 -9999 -9999 -9999 -9999 -9999 0.503494024401369 0.505864107771415 0.498508591732425 0.487087248695437 0.499409719618787 0.496846596030397 0.463863197448645 0.391071451186694 0.296520977729971 0.327141497476998 0.349805825063682 0.340621846336465 0.328178655079818 0.313568685459518 0.316479895429933 0.318608629225382 0.313214473848334 0.293919360634825 0.263467082358207 0.253670778790838 0.247253947468279 0.242399754355149 0.237638293041488 0.232966344952663 0.228624416659217 0.224839976349231 0.223937985001643 0.217236847414111 0.20380732467509 0.195853935107741 0.189919693141201 0.188383268974625 0.186176051202532 0.183030985784456 0.174773057886947 0.165073536265699 0.162543193215305 0.159795287073151 0.156678640210829 0.149262306850822 0.139929825460465 0.133898508227423
-9999 -9999 -9999 -9999 -9999 -9999 -9999 -9999 -9999 -9999 -9999 -9999 -9999 -9999 -9999 0.523992964797415 0.521997976644736 0.51262840585127 0.500262404841462 0.514032435150663 0.513278610960432 0.482843765465486 0.420201874186531 0.339956028867747 0.358855089927868 0.373809606295852 0.369521014976746 0.370780612585397 0.3757287379036 0.355623457671768 0.339681451206267 0.34431271547655 0.326342664583039 0.29023238141975 0.273202688745239 0.260688627596757 0.255529579777311 0.250753269790889 0.24634641341042 0.241389914809266 0.23676059225027 0.234741561735338 0.228786603698793 0.218265036165258 0.209414526385763 0.201524788937708 0.198114654543808 0.194519301077135 0.190664989758208 0.183889066388327 0.176168776364639 0.170392234499956 0.166241061722665 0.164844674984554 0.160166245215455 0.15397094471578 0.142743529358621
-9999 -9999 -9999 -9999 -9999 -9999 -9999 -9999 -9999 -9999 -9999 -9999 -9999 -9999 -9999 0.528073532135647 0.536975284162232 0.532431194057131 0.522143245261791 0.53314595943282 0.530191337658899 0.498713434716383 0.450793014074318 0.393885326241618 0.39392496826852 0.396537571867872 0.40037808091987 0.42250272463815 0.45678296331542 0.405800826046504 0.361679623454215 0.364011361317912 0.348694964728022 0.319213850032293 0.29493505104333 0.274889979415738 0.269584046464653 0.26505499689152 0.261275866298493 0.255609286048974 0.249733319362975 0.244954197414674 0.239849187001051 0.234366068669403 0.224291308541963 0.213388083169313 0.206668628157327 0.20084724217798 0.196281461382201 0.193054912496178 0.189902792502921 0.179460965565126 0.172387279425512 0.171022147312671 0.17001345538113 0.169049838025784 0.151969943678014
-9999 -9999 -9999 -9999 -9999 -9999 -9999 -9999 -9999 -9999 -9999 -9999 -9999 -9999 -9999 0.566078119945955 0.568466027658931 0.5736726318791 0.579964828353881 0.570658135472714 0.553203731678289 0.519098625330319 0.469545199070863 0.411547921253639 0.382392280445169 0.367210993070195 0.384812174866112 0.418556476781038 0.463032991793412 0.453886720447855 0.434659963562739 0.398231866602275 0.376025347642821 0.365233329402086 0.33442667683924 0.30408901276721 0.288113569997824 0.277651831440749 0.2725124251112 0.266533451397984 0.26046806363901 0.254930257019083 0.249255742200199 0.243422613444386 0.233099958053118 0.22186099904639 0.213745304568548 0.207229226399161 0.202949598274947 0.199641527187035 0.196269138635832 0.185496409604972 0.178077747049028 0.176343784399871 0.173236229314013 0.169456099965893 0.158315084322373
-9999 -9999 -9999 -9999 -9999 -9999 -9999 -9999 -9999 -9999 -9999 -9999 -9999 -9999 -9999 -9999 0.590214156908547 0.606825477941946 0.630312888167302 0.606824280168211 0.580133755393854 0.546899777569464 0.493504188745517 0.42908852450747 0.386696687282977 0.362960794931552 0.38452442257298 0.423266041262502 0.473427872349323 0.495061878184741 0.494198459845484 0.42893564705973 0.401113159015211 0.403340965926536 0.36801888318299 0.331123683957946 0.310770590875081 0.295657078682334 0.285601289783473 0.278545692232333 0.272142385776018 0.265881063369402 0.259585343531635 0.253249714514928 0.243462245308072 0.232705854119664 0.221943550737801 0.213905124985616 0.209674997645828 0.206108444329991 0.202447507001371 0.192831473134239 0.185461099501809 0.181896823519008 0.182128238738361 0.183948624209688 0.168571662397816
-9999 -9999 -9999 -9999 -9999 -9999 -9999 -9999 -9999 -9999 -9999 -9999 -9999 -9999 -9999 -9999 -9999 0.619281080150405 0.660582008894177 0.638667707747418 0.616111953774078 0.5922453236134 0.530670262744558 0.448484262097125 0.43179940107285 0.422022998632297 0.423681860311593 0.45206269818017 0.498208747527944 0.519762524608738 0.518432215793219 0.450332709421014 0.420519841698479 0.421436536078892 0.386389794670527 0.352071594265254 0.343076080561467 0.326753380332837 0.303357808677554 0.293366482526751 0.286205970703983 0.279187055413852 0.272230031152509 0.265344815164639 0.257915527039407 0.249448514198321 0.232923116039335 0.221283753919221 0.216475639681544 0.212440640878608 0.208610784732084 0.203467664298375 0.196937463015713 0.188056342801744 0.18478844570727 0.183948624209688 0.168571662397816
-9999 -9999 -9999 -9999 -9999 -9999 -9999 -9999 -9999 -9999 -9999 -9999 -9999 -9999 -9999 -9999 -9999 0.669900349637993 0.670200505553331 0.653288944373659 0.63297474874643 0.605706912435592 0.551679614065059 0.483025940354529 0.474187534353346 0.468371394009106 0.464656488114045 0.487088937512331 0.526904580919836 0.548715979460526 0.554664666925809 0.514603737356676 0.47453563880587 0.43446178629819 0.407187382949301 0.383611243776326 0.367806720419805 0.345736944873864 0.317619374169294 0.305855276800495 0.297610045040307 0.289922436111723 0.282431893707708 0.275169995214868 0.268678266009249 0.26117303757479 0.242473579602454 0.229420011674529 0.224260056094837 0.219786507132534 0.215597367289496 0.2120679193191 0.205671367183862 0.194415451973827 0.188106403750836 0.184058265183594 -9999
-9999 -9999 -9999 -9999 -9999 -9999 -9999 -9999 -9999 -9999 -9999 -9999 -9999 -9999 -9999 -9999 -9999 0.668438732655803 0.666726057556446 0.656990937481474 0.637717962340691 0.598953379140856 0.562445251919112 0.527170474306568 0.514854564569012 0.506658958478004 0.506783253927305 0.526064867542248 0.558082582940092 0.580365807322407 0.598504551687755 0.606057791655578 0.550494366948349 0.444272343438276 0.429523537075847 0.42186628623394 0.387734740790655 0.357040770725764 0.329665063214771 0.316865534893606 0.307327931837005 0.299027993324231 0.291084952058038 0.283555996251176 0.277101120626518 0.269715953175014 0.251117961591111 0.238036622575575 0.232668206853272 0.227775062019384 0.223105943007775 0.219377346558472 0.212666492498759 0.200901105475346 0.191841390276916 -9999 -9999
-9999 -9999 -9999 -9999 -9999 -9999 -9999 -9999 -9999 -9999 -9999 -9999 -9999 -9999 -9999 -9999 -9999 0.675820283645123 0.676094794125733 0.649800081819834 0.626082310784379 0.607630789748332 0.568212220349538 0.517333333906951 0.52863604889705 0.535777303025422 0.526566617718053 0.543656216428837 0.578230678692969 0.577351831270631 0.575377666914422 0.579988840382816 0.533692007475544 0.446535470017744 0.436189320269285 0.433417345913791 0.415282571981975 0.389246180251223 0.355582423424069 0.334271361456434 0.317083631513646 0.30896556305663 0.30096752894541 0.293108763146541 0.286276459782474 0.278860882121324 0.263513481151788 0.251027216100828 0.242541152548514 0.236607769370607 0.231650944411989 0.227699187034403 0.222600044436871 0.21555623535713 0.212751365712869 -9999 -9999
-9999 -9999 -9999 -9999 -9999 -9999 -9999 -9999 -9999 -9999 -9999 -9999 -9999 -9999 -9999 -9999 -9999 0.689023794905368 0.683359695684059 0.645578827643649 0.618231839243784 0.612207579181218 0.569973831601397 0.507948447174958 0.54027079912307 0.561338289052971 0.545055206722989 0.558425203556457 0.591509057576858 0.571353005212447 0.552578510714349 0.55345136291459 0.5215203059256 0.463260226588268 0.450433522219979 0.444618518119377 0.440452824275281 0.41855968057868 0.379554378879269 0.350953659668365 0.32724273796077 0.319532803126626 0.311521047657447 0.30315910866208 0.295931192360019 0.288398318431753 0.275192836349504 0.263168849303907 0.252796730030677 0.245605257611823 0.23965735526726 0.235439736925106 0.231601873700787 0.228407645269964 0.222392437201873 -9999 -9999
-9999 -9999 -9999 -9999 -9999 -9999 -9999 -9999 -9999 -9999 -9999 -9999 -9999 -9999 -9999 -9999 0.69270950107769 0.688142280695873 0.681316679750871 0.652845196855001 0.625593031885238 0.600832671094829 0.560733233010975 0.512249653969329 0.55153104898226 0.578206654540364 0.564715864477224 0.569516512086025 0.586477609812694 0.564213344403735 0.54605027989886 0.552304487964073 0.544548778183687 0.525548450027871 0.491227277694558 0.46085106027423 0.456676910065572 0.434337756694914 0.394464078797832 0.363983475268009 0.338616179413269 0.331819131308979 0.323828087861917 0.31445172661067 0.306867579022187 0.29898833404468 0.283845317754448 0.271738934587491 0.263878118466721 0.254909713144521 0.24579453996406 0.241187089974996 0.237108753001215 0.233927192740463 0.225652955175539 0.215156474834983 -9999
-9999 -9999 -9999 -9999 -9999 -9999 -9999 -9999 -9999 -9999 -9999 -9999 -9999 -9999 -9999 0.678411812830259 0.681408754077676 0.676201648401458 0.667224339888843 0.646285075986563 0.623692320455698 0.597720481207275 0.566763820908943 0.533082521994333 0.562522128816218 0.584012856148761 0.579451429278671 0.581718930870889 0.588526416985579 0.5724883658228 0.560159914344965 0.566311874176984 0.568835825655109 0.568447870735781 0.521505372898415 0.477092253731242 0.472186707181369 0.455208559850015 0.426576832686458 0.394042160772339 0.363487563922614 0.349442981737211 0.33758178571925 0.328253835538028 0.319742188844771 0.311008887571999 0.298172817435336 0.286435453841708 0.276234210056821 0.265087797090281 0.253987555897207 0.249793929047382 0.245872503855404 0.242412424540308 0.230610679383162 0.215156474834983 -9999
-9999 -9999 -9999 -9999 -9999 -9999 -9999 -9999 -9999 -9999 -9999 -9999 -9999 -9999 -9999 0.67432956287892 0.666425270699852 0.655783429043601 0.643895350966921 0.629125983976562 0.614691712132738 0.600942242397324 0.58450084073243 0.566588063944133 0.573306871010387 0.58133913587965 0.590411566059349 0.594773093334952 0.596002734489693 0.592579818682221 0.590089915136312 0.591936060880547 0.594087659004121 0.596484418839233 0.543722479442048 0.4933400790161 0.487148952098162 0.479983294270777 0.471876929966159 0.437154665405866 0.398706065314435 0.37115841606888 0.352444447791356 0.343979644718342 0.334102582204942 0.324126048407757 0.316850615318259 0.305828312982672 0.289567450718447 0.275935578282778 0.263756510179147 0.260592764038995 0.257132874416467 0.253171060685025 0.236869430806742 -9999 -9999
