layers/veg50/veg5800.asc
NCOLS 255 
NROWS 330 
XLLCORNER -2985163.8955 
YLLCORNER -3022031.214 
CELLSIZE 25000 
NODATA_value -9999 
[rows 75 to 99 of 330, columns 168 to 223 of 255]
0.720284965450874 0.694383879915863 0.68391693516588 0.678908290412638 0.68683064471183 0.692368446720408 0.695062798850576 0.683811699119457 0.670539154618003 0.677431993884243 0.683597271964328 0.688716408216316 0.68260458521256 0.673436706037715 0.687684833859939 0.698376164165677 0.702860250483975 0.704484121970361 0.704781551181358 0.721295488392622 0.732503145594146 0.732349374984991 -9999 -9999 -9999 -9999 -9999 -9999 -9999 -9999 -9999 -9999 -9999 -9999 -9999 -9999 -9999 -9999 -9999 -9999 -9999 -9999 -9999 -9999 -9999 -9999 -9999 -9999 -9999 -9999 -9999 -9999 -9999 -9999 -9999 -9999
0.684919621322382 0.672058535457998 0.669605620441346 0.67002000062398 0.674076296733197 0.676700183595876 0.677615999759525 0.663567962392148 0.647910214046078 0.659400110050142 0.669230046952086 0.676673170644777 0.658660418505978 0.633658727168584 0.660449792565352 0.679940235590371 0.686689794684951 0.684029901415768 0.677000263849272 0.704964432472462 0.723613187646364 0.722316444799722 -9999 -9999 -9999 0.712205622207353 0.711394437178121 -9999 -9999 -9999 -9999 -9999 -9999 -9999 -9999 -9999 -9999 -9999 -9999 -9999 -9999 -9999 -9999 -9999 -9999 -9999 -9999 -9999 -9999 -9999 -9999 -9999 -9999 -9999 -9999 -9999
0.685317160080729 0.660807715954753 0.655300831750205 0.654638345215006 0.658187405388763 0.660181016106356 0.660319837317169 0.651815334942804 0.642345693015826 0.648208711827484 0.652326405732956 0.653934541098579 0.631765864663514 0.603751802436441 0.638190523582132 0.662530345494432 0.669245792880016 0.673333643253995 0.676204273268507 0.698048110890995 0.714623714390416 0.719919351214667 0.721844928577306 -9999 0.7124266203967 0.712205622207353 0.711394437178121 0.711062229290483 -9999 -9999 -9999 -9999 -9999 -9999 -9999 -9999 -9999 -9999 -9999 -9999 -9999 -9999 -9999 -9999 -9999 -9999 -9999 -9999 -9999 -9999 -9999 -9999 -9999 -9999 -9999 -9999
0.679330111074795 0.65040098995677 0.643664466980689 0.642305466913974 0.644116503873568 0.644118032983541 0.641961821667677 0.637056591415219 0.632440062652358 0.63856739301991 0.638123964750727 0.628232608825403 0.607466285298127 0.585561123369762 0.623870099299445 0.649766807581018 0.654001902185643 0.662094135033328 0.671986021130075 0.693007505000001 0.709505550825558 0.716318334150297 0.709902776440374 0.695928837541115 0.700492373188931 0.704422660161183 0.704297148327933 0.702112652940755 0.698500092375236 0.71151880045897 0.722736078566745 0.722082141579245 -9999 -9999 -9999 -9999 -9999 -9999 -9999 -9999 -9999 -9999 -9999 -9999 -9999 -9999 -9999 -9999 -9999 -9999 -9999 -9999 -9999 -9999 -9999 -9999
0.665390425725344 0.64104566601247 0.635351888466843 0.633770142429583 0.632310088731172 0.628623272666636 0.622281162690483 0.618553432608328 0.617127150702494 0.630856851632407 0.627286136170771 0.59883958954184 0.586399003631323 0.581964188571117 0.619438292296672 0.642790761451842 0.641498467762467 0.650177955064777 0.663505003305694 0.690303288758723 0.70920948686729 0.711217711164619 0.70564598293723 0.695743237658742 0.690337033359426 0.686945248118595 0.688359483351004 0.692179205151738 0.697667318911522 0.71151880045897 0.722736078566745 0.722082141579245 0.721784304496128 -9999 -9999 -9999 -9999 -9999 -9999 -9999 -9999 -9999 -9999 -9999 -9999 -9999 -9999 -9999 -9999 -9999 -9999 -9999 -9999 -9999 -9999 -9999
0.642664956308535 0.630454910703394 0.625702096121702 0.620740443044917 0.604261395861013 0.582502806567674 0.554448648320689 0.576468984977333 0.607028191523813 0.577790524696738 0.54902574100815 0.520940904024236 0.544183514129913 0.586265385694335 0.621816750847675 0.646242762270009 0.651253053586026 0.663698753124675 0.6796033732017 0.685811698411477 0.691760303961648 0.697152816324459 0.695116785898159 0.688836250591447 0.679182588833837 0.671874266951305 0.671259576352452 0.678574883656178 0.691390261053896 0.706411328430422 0.719167073249756 0.723429012428896 0.719214230944337 0.707909636388228 0.704945957003436 0.701764908155275 0.69156852377516 0.67135463981362 0.64106818994988 0.679204531813851 -9999 -9999 -9999 -9999 -9999 -9999 -9999 -9999 -9999 -9999 -9999 -9999 -9999 -9999 -9999 -9999
0.618202132358226 0.619454519200341 0.615270218402302 0.606064503532368 0.572961748433496 0.531708408920423 0.480735937496194 0.531510402297486 0.597202701391156 0.517434040828246 0.462385623211076 0.442881817701227 0.504496716575037 0.593628393603167 0.62589211983847 0.651574411825503 0.665770931013564 0.68263122537246 0.700719424746882 0.681151748571572 0.671107814163494 0.681455435492645 0.682480787546585 0.678179601333402 0.666918714616858 0.657644888550014 0.654565401318546 0.664862286726861 0.684436726559024 0.698998931709282 0.712244403346009 0.722717610392143 0.719645043861358 0.70524297782481 0.696630666339638 0.689864284724769 0.687287891285217 0.67085625370161 0.640493209523208 0.678114745465614 0.721748732434138 0.705950875372942 -9999 -9999 -9999 -9999 -9999 -9999 -9999 -9999 -9999 -9999 -9999 -9999 -9999 -9999
0.604876220929408 0.60815361751246 0.600689295362143 0.588533888474977 0.561809403969928 0.535339545282275 0.509173314136095 0.536640287284579 0.572215357394691 0.533523398657021 0.517125904269258 0.532785056298655 0.567377879524102 0.607913837634358 0.62528843202227 0.641627551972451 0.656159584943981 0.673627845305522 0.692453253747743 0.680847029734361 0.674328554735735 0.678703604587646 0.668013811491427 0.648716300673002 0.645626822265637 0.644494146199476 0.64651968169487 0.662775620808369 0.688901451229145 0.683441494392579 0.679952159838365 0.694055108624052 0.689076357386308 0.668137933579334 0.594439549723614 0.54361106929782 0.634680877092116 0.664731316480361 0.633426963229524 0.664721770006067 0.70342952432114 0.699471221209999 0.697304886621677 -9999 -9999 -9999 -9999 -9999 -9999 -9999 -9999 -9999 -9999 -9999 -9999 -9999
0.589229651762696 0.59327283887834 0.582240232015518 0.566763673291657 0.544196816645213 0.530112559075357 0.526143342978005 0.536007263011909 0.548207252805041 0.543663681767862 0.553996237904647 0.585718801057883 0.601515182825907 0.611238027080242 0.618285631532517 0.628769790790144 0.645251349127746 0.66370055167409 0.683057425731585 0.676594368644237 0.67271083783334 0.674350404469591 0.65772637958673 0.630666942869075 0.633276887991568 0.637291746654573 0.641273814095846 0.659885659970412 0.688644394637538 0.675706957746879 0.665833785209411 0.680764547200825 0.673829115007946 0.648605097464283 0.523701312442668 0.435758156335315 0.587558707992455 0.638036096626351 0.58663334753974 0.630636092326042 0.684857437092098 0.667118779655833 0.664576514541598 0.680405370284503 0.704326100918929 -9999 -9999 -9999 -9999 -9999 -9999 -9999 -9999 -9999 -9999 -9999
0.570093340518631 0.573008738521653 0.557974364334431 0.538618062586189 0.516869491565617 0.511564968735465 0.525869085653602 0.526708132314589 0.525671701839289 0.544857907894295 0.563994229952074 0.583058825071906 0.592428250671237 0.598078979587593 0.601660019203697 0.611534695248763 0.632392885733927 0.652383901917796 0.671962850174632 0.666404899219999 0.66381717999273 0.667589108822011 0.653724032659388 0.629781562330881 0.634373627411008 0.639034303464237 0.640238287927723 0.655787726049994 0.681286851627767 0.67973628666084 0.679044780999312 0.690589892167459 0.681621844132909 0.655496870675911 0.500261060847965 0.385650575269506 0.548684499976324 0.580407844436529 0.480098792744477 0.565433291059101 0.665905077116527 0.595859543125713 0.591575180506275 0.666790372871291 0.704326100918929 0.72831681402842 -9999 -9999 -9999 -9999 -9999 -9999 -9999 -9999 -9999 -9999
0.553561696588904 0.547358417155678 0.5321477356219 0.512647554054647 0.478709551871329 0.465452595611502 0.47685667016572 0.485456082224379 0.494799704075443 0.519533840408497 0.539842663307998 0.553788439946417 0.564655904071115 0.574293458842486 0.582259517342133 0.59627967719565 0.620865320199104 0.636718802394874 0.648501023688687 0.644085431639693 0.642406814471596 0.646588412458349 0.641023203396826 0.629888884583993 0.633168724563816 0.636857930495046 0.639801670856475 0.649303416843261 0.663353649608905 0.670149947579426 0.674461710215761 0.672784611255776 0.660999970612584 0.640761520531774 0.474136865282628 0.348956205523726 0.517621571018173 0.576901002799098 0.526193205017683 0.571297654483877 0.6235752814931 0.583740023146044 0.593327772496833 0.662663653397513 0.676574156543926 0.675363848179405 0.688174761976605 -9999 -9999 -9999 -9999 -9999 -9999 -9999 -9999 -9999
0.539648214808378 0.522252729154813 0.507799238030454 0.489154214965249 0.440316331909305 0.413723590916923 0.413656980949139 0.434206451809489 0.460499602110472 0.484121179876109 0.50253954097232 0.513476328419314 0.529372441166265 0.547021589237815 0.562653110379483 0.582587126452148 0.610029761069347 0.619731498601957 0.621170894589175 0.61738863783789 0.615986507000198 0.619680531792812 0.624533997888236 0.630049943073845 0.630946879409234 0.633214017614048 0.639729558923083 0.642285395213079 0.642094868209692 0.655544620109703 0.66290261606592 0.644768296416921 0.629161134978465 0.615667654057019 0.447416106939757 0.320200015169865 0.491027882674412 0.593421462719112 0.62700457116795 0.603190920860675 0.574144675287163 0.594268869511514 0.62268417937376 0.661122729239059 0.639020250331709 0.6073946025395 0.662874337649309 0.695845838300244 0.69599465482472 -9999 -9999 -9999 -9999 -9999 -9999 -9999
0.569055584703006 0.569685337514946 0.540392303633707 0.509749034308485 0.51166155593201 0.504573074245123 0.486751382022535 0.453365901136264 0.422265664461455 0.458402390918073 0.473374054337829 0.457913008923636 0.489969755638549 0.538771776676496 0.567181080028477 0.590186069427564 0.603759570209473 0.613369768013145 0.621125548352335 0.601584984393432 0.587391642863415 0.584647392128065 0.598188591260882 0.621034935885557 0.625721800015867 0.631638624572693 0.643156579185648 0.646319558400966 0.643687712587939 0.650295377676108 0.652230813382242 0.635034632229014 0.59663764566269 0.540508595801084 0.433226373572912 0.363680722147732 0.502322420962839 0.574850945975988 0.580902872242037 0.581685254126056 0.582039203552589 0.587241325655965 0.601982422628466 0.628255313230685 0.632178838471133 0.633200467886325 0.672677803698012 0.696081418258236 0.696045492221107 -9999 -9999 -9999 -9999 -9999 -9999 -9999
0.582259177335034 0.584533610501498 0.55586547458001 0.527698736796097 0.545042348509329 0.547303861790571 0.531580786886684 0.472005081357638 0.409420591165772 0.443223736378246 0.453329814447215 0.429362479016736 0.469335670962497 0.531667194654177 0.562963174056875 0.585612650444412 0.593172441910474 0.602778781715519 0.613325208882572 0.584939361362665 0.56452924136432 0.561196179551287 0.579845472001111 0.611054994983422 0.615281693906226 0.620469473673083 0.631665849787563 0.634280466906571 0.630942966939961 0.635162207132542 0.63627138320366 0.624161889891083 0.58043470916305 0.5102629276957 0.440894328260115 0.404180111321809 0.515039220143012 0.563829881380889 0.550210904001023 0.561558242232364 0.576583926732597 0.579230931859025 0.588221627216827 0.604881294094393 0.626372287317006 0.649265313555804 0.67179824316372 0.676705485133871 0.655910027991701 -9999 -9999 -9999 -9999 -9999 -9999 -9999
0.565825703387575 0.539784414252029 0.540025979994129 0.5408104621201 0.508985357280755 0.502024491733871 0.524712889267177 0.489692677891693 0.443012311651135 0.447323220536995 0.449968536353424 0.450218938021496 0.483029771871199 0.526657264587583 0.542748868365449 0.558775712532967 0.574689539667576 0.584452393295755 0.591340815470148 0.566753757358145 0.552151640668413 0.558928567480867 0.576138713119401 0.599310169001801 0.595303188724612 0.591753127709958 0.592890226704269 0.592843037515532 0.591974452394755 0.601951113724769 0.610640765525129 0.61120574845278 0.594082424310065 0.56216484238107 0.488540477267893 0.439226604370889 0.530357365914106 0.566616931543459 0.54770367360718 0.543952820499317 0.54671156149379 0.569422883806623 0.587156003420879 0.598870907560777 0.622458519256627 0.64751361904141 0.651379191004752 0.6528294756368 0.650757662021003 0.650187541042326 -9999 -9999 -9999 -9999 -9999 -9999
0.54673222759576 0.514431148012018 0.522602241870326 0.530752617029832 0.483340750001874 0.476014394593115 0.516487847805973 0.489641381964378 0.447803811768879 0.451768812344249 0.455482013648997 0.458833159151025 0.484321896269755 0.516947580906505 0.526372239062511 0.536755405878424 0.54881134070785 0.554331640248299 0.556804532048457 0.546397701133633 0.543014745106525 0.554670808381369 0.572273557551813 0.593274111382301 0.577056206755089 0.567366231486807 0.579857080394288 0.584564091920832 0.583872407038961 0.590425524878331 0.597325107765866 0.602916012611622 0.589708812716062 0.560779135461296 0.511220900767437 0.479698752531877 0.544917948984299 0.568930061993825 0.551508575706222 0.549271963312989 0.552972906973583 0.572918801206688 0.58923892487631 0.601175806273 0.618969288655454 0.636926567503351 0.638681760477309 0.639583113863475 0.639239353727478 0.626736142900204 -9999 -9999 -9999 -9999 -9999 -9999
0.526337507324327 0.498566163483329 0.504403508735724 0.509360465664295 0.462789769692824 0.459430619866889 0.507598906078757 0.480912409388497 0.438506551818772 0.456383716314922 0.465336926452548 0.461458608322696 0.479547106277093 0.504938827975008 0.511872960042498 0.517091343768111 0.519315441614444 0.518441210050069 0.516127998153632 0.524979882874808 0.535463167868631 0.549439490620355 0.568330916017994 0.590030722246244 0.559656267439257 0.545097255815434 0.579416878658412 0.592505922294417 0.590869908596368 0.589508253149441 0.590033796811355 0.596909032527131 0.576519360641753 0.533325693440943 0.521688358112013 0.522825073199425 0.559107940475918 0.571011355984906 0.558401305574415 0.56580555814946 0.57691047764115 0.582922876350628 0.592862081025894 0.607548453677037 0.615687737243058 0.622017353716833 0.629761664744969 0.631536662176739 0.624606894470965 0.617377980095084 0.610350101878187 -9999 -9999 -9999 -9999 -9999
0.494006972262371 0.475517507244031 0.487064818329555 0.497077077730732 0.456367595476466 0.457407513150071 0.508231336429709 0.480746303831624 0.43550618103523 0.440423539891494 0.443498414833576 0.443924028755558 0.448695948075227 0.454997969990493 0.459403060358198 0.462102742105549 0.461826182625855 0.474972844329876 0.494369026021125 0.511708263428644 0.519841650554547 0.508264128490105 0.521339319332406 0.548500524514085 0.555046760701255 0.560749864063174 0.566831023996181 0.572599212680652 0.578150331471095 0.580326482507134 0.581315806780505 0.579413338613215 0.566609730866196 0.544688559269504 0.529338824831828 0.522027040773913 0.546433595126581 0.555054795196979 0.547803868694743 0.559532051386881 0.575255612327807 0.589273266744645 0.600726230630622 0.609078706012145 0.613249659032153 0.615928688096846 0.616060806073819 0.614615701762091 0.610870609458242 0.607664115522552 0.604837630971127 0.605932213645869 0.604734323652108 0.599476364325243 0.597788044701965 -9999
0.470600187288143 0.458219885965793 0.471286974792192 0.482761551104928 0.449441593694374 0.453908009541923 0.50343263563263 0.475392583857809 0.429099196433579 0.425916958694244 0.42315339638761 0.420991836896517 0.416818083688317 0.412224150317308 0.414451995440538 0.416620429083795 0.418685179132433 0.441832556052777 0.474791650668727 0.492898807772179 0.498669599473917 0.478026646574831 0.487774806320116 0.51488777496565 0.545804015486779 0.56604286259749 0.557282037946411 0.557674498302153 0.564415473467898 0.570178374530099 0.572815049191189 0.565113264959483 0.558213721744061 0.551985161927694 0.531084870986415 0.515574625880168 0.535124450784113 0.543653909035693 0.541102421541275 0.554557509811807 0.571929142634077 0.591375943714761 0.60389415786747 0.608036311102187 0.608469346410224 0.60753881785227 0.603936550217307 0.601404795801049 0.600434119722366 0.59993066617667 0.599753932529802 0.602913186650418 0.603235830169043 0.598534712282203 0.6030733756371 0.611982145019659
0.467568470319158 0.454041151105293 0.459002725032999 0.463653979241292 0.441044826567223 0.446737824190824 0.486179608175454 0.458155613382988 0.414872647714855 0.41517294671774 0.406925537257831 0.386387593987903 0.383249667745119 0.386489413265943 0.38733296116625 0.393381667569049 0.408514300922572 0.432125248200262 0.459675410095235 0.461427538191763 0.465193306836421 0.473270538819287 0.485465025200048 0.500012019587008 0.525825463714407 0.547109307385728 0.554859453816815 0.554629360758948 0.548864351160709 0.55805146969917 0.56483734034855 0.55828136113854 0.553147358898862 0.54920267872271 0.519604848594502 0.497437976854776 0.527528633693377 0.542939161348995 0.543588862967492 0.553050556768792 0.565448680356448 0.584002369601208 0.596388067492998 0.601317198576698 0.598395666010537 0.593757993512313 0.59547568701382 0.59675799859668 0.597405413505782 0.596664373263981 0.595551324910096 0.597903474530929 0.598363644223211 0.595473034736177 0.601594193945363 0.611977616910464
0.457000386049785 0.447675873483767 0.450225588248572 0.455071372537065 0.457985517673732 0.463324428165654 0.471554740444699 0.445865090237256 0.412651943988384 0.402812035607987 0.392177771067152 0.380401321894079 0.383251443456476 0.391221833983096 0.392211119177844 0.396626780261916 0.407022076407905 0.427759905678665 0.453307274688948 0.460020849593723 0.470099374197179 0.487382688788712 0.499376685411942 0.508348482854542 0.525396498033562 0.541149775882137 0.552415174225085 0.551263857210504 0.541500582709608 0.546737712245935 0.550833832819206 0.545874726849424 0.544578414313378 0.546345612042107 0.519530735883206 0.49890783515506 0.527038296029735 0.543125191710772 0.547102318569333 0.557048307811553 0.568630226061893 0.582113185338422 0.591425008391938 0.595694289370947 0.594158000581755 0.59145456247954 0.594497365482626 0.597143562047672 0.599211406371804 0.598734333823735 0.597385910275226 0.598155903436409 0.598201281896329 0.596963336036904 0.60462609354582 0.616498584642875
0.441921816536608 0.440001958893599 0.443547444346328 0.452787914766385 0.49009057470393 0.494129374137858 0.458502815644123 0.436534995743396 0.417616689765437 0.389483416928983 0.378315834493738 0.391542789190167 0.403344842632329 0.414188724977256 0.416239466915619 0.415722384186286 0.410723990908495 0.426591707727872 0.452174844722055 0.476607690699998 0.497977128246503 0.51278741443188 0.522996812428163 0.530577364777696 0.536667880288752 0.542955144914303 0.549957909987316 0.547706615908093 0.539036912313944 0.535910620198185 0.533223909230878 0.530131638999508 0.533913188771158 0.543443907454034 0.52628301382619 0.512112108519009 0.530800558966439 0.543850334078858 0.551230437987267 0.564340601909443 0.577594444333063 0.583506386143557 0.587983943187416 0.590727453403247 0.593413166428265 0.596020304761437 0.597997314775267 0.600540972927643 0.603910947017697 0.603998020430177 0.602833731140528 0.60155770238954 0.600857729891112 0.601177978203731 0.61035785699195 0.623728043270283
0.447780407795507 0.433281789554399 0.443574921557718 0.460671399297388 0.486277890268298 0.493267581470025 0.478057743960045 0.450691094035313 0.420808451884451 0.401079703769802 0.39651332662562 0.413748539213203 0.429108709775517 0.443089948535509 0.44306540099712 0.44326903494684 0.443870886159015 0.457920950199379 0.478226473116997 0.479196318760604 0.484852954838604 0.500544611889188 0.512390328472149 0.522038559821729 0.525567376305587 0.529424782922094 0.534940310529002 0.536760371231099 0.536017338316251 0.535263434704497 0.534868115531902 0.535700961871844 0.539729386579227 0.546430549268606 0.541614595699763 0.538857225727843 0.553764710406778 0.564396518551279 0.570729146713838 0.582030958636132 0.592467645499639 0.590178569053654 0.588123780565852 0.586352225907761 0.589418285132448 0.59438272116585 0.604063127094959 0.608848237506266 0.606494772087468 0.602211427877985 0.597557341402349 0.600988475854953 0.60692051833977 0.617281778300553 0.628823839824786 0.640924380808099
0.455409734541083 0.430225827243533 0.446295616175681 0.469556271042687 0.481198634141468 0.488809859127862 0.491614169533001 0.461965903406074 0.425345519751215 0.413312452395484 0.413711543563991 0.431986521040358 0.446617116330445 0.459331409254497 0.460575781982912 0.462472800718326 0.465508802762205 0.47685246101269 0.492054349391022 0.476843202612067 0.471817935472242 0.488601946394603 0.501349773988519 0.511791415790392 0.514200234309671 0.51702273786221 0.521974690727832 0.526982428579291 0.532028857655649 0.534131225506815 0.536404323553987 0.540272956761943 0.544230806158638 0.548263274753748 0.553518213147843 0.560181765051039 0.572352591291036 0.581209271741442 0.586733588501309 0.59527287323668 0.602338294885618 0.595585691341276 0.589249814938882 0.583417725522697 0.586706208905711 0.593426665836177 0.60752805594844 0.61322263396864 0.606657959122405 0.600315441165878 0.594574198763041 0.600380485659053 0.610612801992594 0.628683809985856 0.643565696940973 0.656939236814365
0.464505543484282 0.437349459043992 0.455485849722654 0.47955265570361 0.478601763298663 0.479544227009117 0.482744415675872 0.461149313819629 0.433978021622486 0.423138317252687 0.422683749329419 0.437161706441757 0.43987236245496 0.438846240543107 0.451325855535414 0.456707816211481 0.449703108297272 0.455317569313725 0.46680276838974 0.462904907350495 0.465948495033952 0.483854617001268 0.494855761088644 0.501911553692885 0.505853116504519 0.510390812737244 0.516917770606296 0.521747420264947 0.52539985471585 0.529913680148022 0.534389015273309 0.538436660742833 0.542242717239118 0.54584671202683 0.554301396237138 0.563926055639474 0.575352668143317 0.584143912929668 0.590285303349147 0.594207867848923 0.597095297564097 0.596532629955309 0.592555071965206 0.584449207560028 0.588162260400505 0.595439929680847 0.603220600912026 0.605670518223744 0.600346851500071 0.599299602730165 0.599870996262968 0.60033272172813 0.607041105889266 0.624812595732907 0.645650724053276 0.667939269319803
