layers/veg50/veg5000.asc
NCOLS 255 
NROWS 330 
XLLCORNER -2985163.8955 
YLLCORNER -3022031.214 
CELLSIZE 25000 
NODATA_value -9999 
[rows 175 to 199 of 330, columns 114 to 170 of 255]
0.288920775664401 0.288954697801125 0.296528201749003 0.308284388816416 0.300976240383048 0.295992738451224 0.298995222092237 0.302884663632846 0.307372175956424 0.313691964486513 0.321949585351492 0.336017614766904 0.346706727750917 0.354646296287731 0.359401817707221 0.365729532481182 0.380948849187873 0.384052651095018 0.375301263460244 0.361622387020729 0.350401248772654 0.360503662141435 0.368117508388494 0.372804246155357 0.375080339652214 0.377248797792535 0.384925941081749 0.383348867765059 0.36865086815482 0.364451656024962 0.364830523277988 0.37912216030052 0.381299596000594 0.362643146369546 0.3569344033356 0.357119490850429 0.346392206282236 0.347371506031405 0.373027508662043 0.363380972465561 0.333858174290908 0.345921057252397 0.347719342112775 0.317761159156126 0.320332945695832 0.345151356763216 0.379202103192252 0.407387302783557 0.412939211178493 0.46023766045431 0.541976615706319 0.581581871720425 0.607437982431431 0.601239036653777 0.5568731379558 0.474648917383914 0.483595408866412
0.278360505599437 0.279151906117115 0.287380214891357 0.299734247267436 0.295416635301677 0.293717582757423 0.300513933477458 0.305723049969341 0.309861903241269 0.314639663199741 0.320366807565047 0.329019281709241 0.338695236067468 0.3492040326686 0.35235316255767 0.356713708811005 0.371121919873454 0.377329450933462 0.375512509454738 0.363016871659186 0.351045581036716 0.356148012494213 0.363382366785752 0.373124336544915 0.378259927012756 0.381991469233279 0.384907959048107 0.379129983242044 0.361024714113201 0.350845045536677 0.344208987704458 0.349752389681456 0.353738861870499 0.355047741388972 0.347300566549833 0.335381955665682 0.317982216290182 0.313044270005522 0.334374956580485 0.339359688174443 0.335141215288494 0.343073790326615 0.344052152001131 0.325368499926153 0.34353227274012 0.386895295323072 0.398079391801291 0.410270233491976 0.436246394551735 0.473077671626792 0.51886431793984 0.57149552125596 0.61456024935002 0.610502706146214 -9999 -9999 -9999
0.268715381767095 0.269651848116645 0.27849971577907 0.291736538366593 0.290815820934235 0.292501836595595 0.302390865610012 0.308524222125289 0.312125149544259 0.315209499349046 0.318317672038697 0.321661215864945 0.33016532749031 0.342868776632461 0.345356926885884 0.348350886705733 0.360193382486332 0.368935426713877 0.374643638583891 0.36452576581465 0.352992938652959 0.353462624443104 0.359719792646338 0.372784327507465 0.37970042544441 0.384407547858452 0.384857294303145 0.377267610184115 0.358279362538768 0.343888378049456 0.33160449939536 0.327373558643884 0.330970113925515 0.348028320573398 0.33839467640157 0.316531074530141 0.295860496924122 0.286204122483842 0.299764957404448 0.316822002153521 0.3358475053985 0.341381311378304 0.343983045718884 0.340447321541891 0.372637571986217 0.429260133791146 0.416651660832169 0.412799464416343 0.460678694300626 0.487556483429432 0.497108280258383 0.556556062245308 0.611366655475637 -9999 -9999 -9999 -9999
0.266282369250402 0.263220671331956 0.271798604901715 0.286833778589396 0.288395037970287 0.291673244785426 0.300786582043492 0.306294712255374 0.309371871389757 0.312405587501853 0.315495966355122 0.318785746555777 0.324138066832909 0.331168749309739 0.33854164582488 0.345383113911242 0.349697302192141 0.358879332724319 0.372824610506316 0.363832862685125 0.352189353025691 0.354294223455401 0.35888768710821 0.36640828994224 0.373634944874555 0.380781210962557 0.387962609790972 0.386748159093626 0.373629802588744 0.360497653333546 0.347662605630501 0.340611446562274 0.338620291269588 0.34533128113931 0.332738806758532 0.31132968155978 0.298266701255957 0.289877610426426 0.291340768445165 0.309292702612382 0.336528253349826 0.34257255726545 0.347596727413657 0.352393197765341 0.38140671464335 0.426981806880378 0.410675043220795 0.407244254882787 0.466964838283602 0.500544534881116 0.512558244233339 0.564211582086393 -9999 -9999 -9999 -9999 -9999
0.261337631599401 0.258892262498793 0.268508332701954 0.284815646509441 0.288803349700758 0.293290717358962 0.300350985193293 0.304759304232783 0.307379428936501 0.309638410808947 0.312132389070113 0.315508374477184 0.319253882982321 0.323300085571797 0.332237998205857 0.339987442223239 0.339396605736954 0.348715205099338 0.367730316923895 0.360732116717375 0.350347579494487 0.353256062550553 0.357107042772656 0.362066609306609 0.370823311229649 0.380391720043092 0.387360505261295 0.387962416610647 0.379537169172703 0.364474061507106 0.347778635594256 0.346447046594035 0.345714349280469 0.346011620050922 0.33336938959723 0.314794286937622 0.295698906173234 0.281462732929686 0.27746944667866 0.298542801660021 0.333729337862925 0.339336732318568 0.345777451967462 0.357826302828079 0.380033895225718 0.409188856838479 0.42277859306548 0.444642214331952 0.499254816059093 0.52319016986302 0.521817080904052 -9999 -9999 -9999 -9999 -9999 -9999
0.25413809475691 0.25645152816163 0.268280002347458 0.285387071746348 0.291751366251031 0.297104044852839 0.300964529360586 0.303846997943252 0.306069995822362 0.306904211608303 0.308282368570393 0.311870210516081 0.315395849893459 0.318870872829214 0.32639364872243 0.332412222945681 0.329271307185066 0.338454094667409 0.359695786803898 0.355469827668853 0.34757381495263 0.350539400645786 0.354474886269499 0.359551189951481 0.370932686462423 0.382907976090498 0.38343021503813 0.381755946877772 0.376967400211248 0.35710982648769 0.333583314289357 0.345637543420051 0.352309173754318 0.349723863154288 0.339643379741742 0.32603844024532 0.288665905202645 0.262196016492966 0.258708182743763 0.28490173663921 0.327806695898155 0.332126684396058 0.339080959981318 0.357412832185957 0.369556541409022 0.377468284217775 0.451112878672243 0.520599636108921 0.554888679122871 0.554505508085237 0.525518084574118 -9999 -9999 -9999 -9999 -9999 -9999
0.255320105072538 0.264962511778468 0.276900255259111 0.290111367292774 0.294077317366099 0.297293395470708 0.299536893555061 0.301351199791285 0.302876104349289 0.303142588830805 0.304101262837877 0.307717114134 0.31099690614481 0.314003234765618 0.317666870105796 0.320932007579748 0.322040981608097 0.3321035299816 0.35092726784607 0.354788588682091 0.355215447411551 0.354267078566765 0.352750420243131 0.350565327084759 0.366659105178819 0.384673018766852 0.371364981035789 0.360852977831469 0.354305282412663 0.335940601909402 0.314990135967182 0.327518890359559 0.335482839309513 0.33559628036259 0.320538251420514 0.298576120028806 0.289932388362306 0.285094045389654 0.288277209254593 0.307526998628044 0.335822722609093 0.34097467206539 0.346511281253474 0.355733981552971 0.36311342829582 0.369232309153764 0.441675678168181 0.512676136935663 0.557380593364878 -9999 -9999 -9999 -9999 -9999 -9999 -9999 -9999
0.256643210232299 0.272884172473286 0.284609947643652 0.293830862834398 0.295040209951488 0.295982456958623 0.297069745830552 0.298075407205187 0.299026027611992 0.298931912601793 0.299661769903076 0.303416853636903 0.306635770204039 0.309418388482693 0.309723806667346 0.310795453129508 0.31680344416565 0.327937038304338 0.344086102053909 0.354244834100244 0.36126463106086 0.357030547881174 0.350969056215928 0.3427581256916 0.362042601412461 0.384012344159413 0.356945533720654 0.338108079474739 0.330938471427796 0.315916662672444 0.299409170753187 0.309599133391316 0.317003080331553 0.319615664635855 0.297568417325881 0.264415133339046 0.28387956175198 0.300699737961738 0.31194600600217 0.325552638736228 0.340488219148646 0.348691381960595 0.354078636054618 0.352851781694475 0.358153345440411 0.367919569578417 0.43271078112074 0.490624378355663 0.507696009451071 -9999 -9999 -9999 -9999 -9999 -9999 -9999 -9999
0.250795096134776 0.26746290524017 0.279308460135106 0.28847880547739 0.289590133162165 0.290381807436596 0.29118781743853 0.292286235566743 0.293581822869625 0.293383323829192 0.294207414793146 0.298846025077789 0.302978324774394 0.306698621542203 0.308520279395338 0.31123691447136 0.319071228118842 0.331301365011964 0.347832872390128 0.350091521197953 0.349325310374307 0.348772247814461 0.348040458875526 0.347098447959736 0.359794170058202 0.371603865809504 0.338101167638127 0.31974992922883 0.322880918353638 0.314778264690099 0.303438126106527 0.309006477519614 0.312096927004679 0.310925904911382 0.278662259083318 0.23232094766485 0.232425445256623 0.239140395801468 0.259789742495751 0.285796196796014 0.31481884420191 0.335472028813151 0.349041678410939 0.344982705740838 0.357007870741716 0.380032670146119 0.461753094217314 0.527187208623739 0.519078728693284 -9999 -9999 -9999 -9999 -9999 -9999 -9999 -9999
0.24716063138469 0.265705446954211 0.27705149850728 0.284403940137765 0.285237937158089 0.285808711883802 0.286379016853203 0.287422467964444 0.288784958889907 0.288211427459573 0.288638859912863 0.292944141694973 0.297038208006512 0.30096040077928 0.307615193425323 0.314391712588794 0.319915753638796 0.329968769513201 0.344453446432325 0.343285460641941 0.339729651726108 0.342047471833015 0.345240236978146 0.349462132106846 0.355453494621268 0.358115508846349 0.32447758341457 0.310162568695679 0.323244198991435 0.32135698866313 0.314526824328146 0.318187049573873 0.317807616149191 0.3104808171264 0.272734290396282 0.221179020597097 0.205517777265941 0.201955188875452 0.223895762222196 0.252845109894537 0.285740582669202 0.320824648183161 0.347442250581837 0.351579738366034 0.367146136547032 0.390528548154865 0.473846676788135 0.54159179930686 0.537782107131189 -9999 -9999 -9999 -9999 -9999 -9999 -9999 -9999
0.245914384513884 0.267900725827824 0.278079154269597 0.281706986261272 0.282070200889556 0.282344203273241 0.28272797100336 0.283557081820906 0.284686485007579 0.283445929480393 0.282947099460891 0.285606236418289 0.288635408289854 0.291965690728719 0.307032083857834 0.320473821396812 0.319224782472687 0.323568852216663 0.333385851876204 0.333617456579306 0.332662476457389 0.336977153746171 0.342578514219594 0.349693300321851 0.348855580596906 0.343462113972111 0.316486492247723 0.310037662923795 0.332692380836657 0.336261407332009 0.333231997200856 0.337911566945443 0.334972392654485 0.318930576647522 0.280807972139158 0.232641648615351 0.205092292309176 0.191066263077191 0.205546509897372 0.227236048773787 0.252984609532128 0.304636625730259 0.34955143639258 0.373783677835622 0.38945797936808 0.39927966932823 0.467654950839068 0.526223506115092 0.532997658953864 -9999 -9999 -9999 -9999 -9999 -9999 -9999 -9999
0.241584221782542 0.256363726400885 0.268210189293843 0.278429508345014 0.27890101694165 0.278969472996279 0.279012899825151 0.279493548891945 0.280269014484173 0.280264850534663 0.280385585798575 0.281153816715154 0.283140886191912 0.286119767944355 0.2963491284497 0.305605364705682 0.305918330671338 0.312296005983766 0.324608078638131 0.325224028311066 0.324257737006539 0.328906167185489 0.330140717970851 0.327359787222235 0.328853693804885 0.330449093094156 0.321429969185847 0.320296632501712 0.330344018869703 0.336389186188351 0.340682979211403 0.339554916487672 0.333446740388741 0.318773813859046 0.290702669991218 0.256561513768575 0.241429484898252 0.233648863563976 0.241364521469626 0.24668832247735 0.250665444863735 0.298451991770578 0.34253844826235 0.371845118429121 0.398793158095417 0.424128175433196 0.477701110564003 0.521057319789151 0.521056341390226 -9999 -9999 -9999 -9999 -9999 -9999 -9999 -9999
0.235436197485276 0.24135134886488 0.255104488992834 0.273205857450951 0.273930024529215 0.274148453525496 0.274871468377184 0.275423881664864 0.275861259265947 0.277207033723629 0.278060197733508 0.277018430973256 0.278047671768889 0.2807621650533 0.283764067437544 0.28690360106426 0.290452669595254 0.299878532449025 0.315054915338311 0.315438418665603 0.3137344111832 0.318607798840542 0.315560256044817 0.303195937142136 0.308793541832638 0.319367711042705 0.328403969107376 0.330835023575668 0.323901007694655 0.330775030105526 0.341742570165615 0.334110870693874 0.32486399920927 0.312839370643509 0.297822149225726 0.281498288394664 0.282546587058386 0.283184166037836 0.28295597517857 0.271825325368796 0.25455630314995 0.29249828569343 0.32987805087378 0.359397471205828 0.397004260020145 0.440141845599032 0.483571200949903 0.513668294634066 0.499016895939591 -9999 -9999 -9999 -9999 -9999 -9999 -9999 -9999
0.221428209813999 0.226172187085689 0.238254421454712 0.254407651385111 0.255375006003588 0.258251260457504 0.267636419490823 0.271683692710239 0.272131659187389 0.272074245255236 0.271579632308865 0.269802095024545 0.270465764757336 0.273115931443999 0.275987708336831 0.279023681338086 0.282627245300218 0.288070112293364 0.295312761336096 0.292737976825077 0.289771957725385 0.297203569211556 0.303360569955356 0.308018344947768 0.313711242909889 0.319741552885067 0.326162288667399 0.323790062612214 0.308950892126698 0.309883187706583 0.315947742072855 0.309509712298632 0.298507982641634 0.279657646418464 0.280561639500632 0.290481234253337 0.289996195569741 0.283752136899469 0.265368446271058 0.254381461746308 0.247559018163269 0.269317051271234 0.291930500734769 0.313484759303176 0.335939740315635 0.359010708195798 0.42716009598813 0.484279398036117 0.489867561592108 -9999 -9999 -9999 -9999 -9999 -9999 -9999 -9999
0.212391364729941 0.21646000624252 0.223139888310701 0.231268390748889 0.237382654633397 0.245391375840922 0.258499790786623 0.265338730647039 0.267950198296238 0.267108775126715 0.26523005177828 0.260992841478773 0.261379603215284 0.265529055415963 0.268670826454825 0.271742479753567 0.275166602635525 0.278191154533433 0.28082472100235 0.277730501490222 0.275048454214933 0.282318768890859 0.293191086263526 0.308300160019932 0.311236479913441 0.311129107366897 0.31517679110159 0.310609315702237 0.293826990270856 0.289038140912532 0.288504073488065 0.285199005748552 0.276026716595397 0.256764037255518 0.26680125005286 0.290152053758367 0.28245230637209 0.270116788249761 0.248009373049776 0.240499183710674 0.241207618159121 0.250635737532093 0.260785688501086 0.271822361151046 0.287674361295861 0.306819471898953 0.380432850214315 0.438293111206554 0.425764624551023 -9999 -9999 -9999 -9999 -9999 -9999 -9999 -9999
0.209808280160179 0.213845305521529 0.210278503843758 0.202493378153195 0.220120783028517 0.236474661433106 0.24689444578072 0.255612135178263 0.263182111409329 0.262360525179722 0.25905052171847 0.250115590785451 0.250340550899724 0.25801924006512 0.261950458528975 0.265238560943382 0.268179535862278 0.270817111489767 0.273157806946167 0.272710380692283 0.272319370361072 0.275897784424845 0.285657302481724 0.302687173729908 0.299164488130021 0.290850260107075 0.292839677539892 0.289462815975663 0.278477471252965 0.268253846273908 0.258919806142499 0.26126537682534 0.258575825654884 0.247226921009318 0.257584873906809 0.277733452710504 0.255443185230704 0.23804205247205 0.230946891258166 0.231240716001425 0.235694735039957 0.237796422873089 0.2384724960635 0.235677911151725 0.256025401402839 0.292199314639002 0.34627762524995 0.39347103428283 0.411810641401062 -9999 -9999 -9999 -9999 -9999 -9999 -9999 -9999
0.18403941523763 0.202868401731482 0.204745758747046 0.197218974227522 0.218909475359365 0.236834825600801 0.241998508385471 0.247337121236163 0.252793688458306 0.251741134535795 0.248770134580136 0.241474650580573 0.241643190790737 0.247885472904937 0.251371001932518 0.254833032026001 0.25998920066894 0.263570552358895 0.265610925082595 0.267851531195008 0.269830563635637 0.269961905448905 0.275657328975868 0.287897350246045 0.284651818904113 0.27777649358143 0.278479515973921 0.278461957824522 0.277422737379834 0.265707961827328 0.250779570309168 0.249297822631792 0.247001724633519 0.243305114892592 0.248777531631072 0.258314021793776 0.230823971617191 0.211172429793447 0.208043943406981 0.210810627454634 0.216896448194645 0.201208964999575 0.184391761058977 0.167126464721785 0.21223075901993 0.299988424541332 0.34551582585948 0.377449286390089 0.37751833587102 -9999 -9999 -9999 -9999 -9999 -9999 -9999 -9999
0.152381404983797 0.187896526793721 0.199913405964502 0.198894323023947 0.221092387556767 0.237735421311599 0.237621786914784 0.238806460589052 0.240866576181095 0.239590502600773 0.237480567576265 0.233645144315608 0.23372533776403 0.236991807759503 0.239733119176674 0.243362132035277 0.251182448717143 0.256096260824851 0.258166020228137 0.262831521534438 0.266913350372756 0.264076679862374 0.265064833915632 0.270551832431539 0.269582924235579 0.266963547055612 0.266205002450482 0.269700651060146 0.279228031796568 0.268228801460128 0.250185844566236 0.241445989513609 0.237294002844688 0.241032187494219 0.240536445956975 0.238001556887854 0.209158927360013 0.188434740464921 0.184823691892466 0.187625057677246 0.194036782147591 0.159599004103767 0.125832250655486 0.0985507941900091 0.172857995087035 0.316639737510071 0.356065236574884 0.378661419528377 -9999 -9999 -9999 -9999 -9999 -9999 -9999 -9999 -9999
0.143046946048287 0.156557574468661 0.172871809615212 0.190741382819113 0.198913070740408 0.206005040952116 0.211320201818054 0.220729844658138 0.232900373940799 0.232570864673416 0.230562603795881 0.226839310382492 0.225963682075071 0.227405300121197 0.230789900045839 0.234677153450189 0.239478104165038 0.24510448255858 0.251538552721388 0.255018327464626 0.25737714505433 0.25677737332974 0.257289064499832 0.259108083262596 0.257695321706426 0.25483509867958 0.247026940528524 0.246767281910218 0.257210128994332 0.258856256372933 0.256349650535788 0.236120683855254 0.226805016473551 0.236257934830517 0.237935847761777 0.235981876243845 0.215825410307433 0.197356866996129 0.182446352566482 0.176267016798873 0.175003565277289 0.154028817002183 0.144713702748126 0.168287993082002 0.243151489697469 0.353090694410265 0.371388875742971 -9999 -9999 -9999 -9999 -9999 -9999 -9999 -9999 -9999 -9999
0.136495453941529 0.136882993261044 0.151701885947903 0.174526763533335 0.180873052446353 0.187021156338569 0.194374091489956 0.205690740103795 0.219680098679441 0.22334191198939 0.224658614354867 0.221410014923435 0.219653923888974 0.219112340007505 0.222444021068679 0.226195752891008 0.229245423682928 0.234837995778175 0.242918830026217 0.245198861857856 0.246253363726626 0.247417789998543 0.247168527191396 0.245256451572986 0.243474580341997 0.240809630914532 0.229434733156254 0.227125653367074 0.237670382217661 0.24882086278088 0.258279394836212 0.23109767069708 0.217513036856638 0.227312546351728 0.232827596808188 0.236303401599041 0.219631894417275 0.202452090472483 0.184200830682263 0.169989962948345 0.158053942680747 0.152144214400658 0.166147375303693 0.23173106111058 0.302449684389314 0.376679993282205 -9999 -9999 -9999 -9999 -9999 -9999 -9999 -9999 -9999 -9999 -9999
0.134311540829474 0.135514437749692 0.139746946090195 0.145660171592972 0.16932923564922 0.188041580256794 0.192110432516584 0.195418695920932 0.198214098486565 0.210645667987254 0.22034595290959 0.218141054421514 0.215622768872148 0.212849469127642 0.215035605765511 0.21803384701662 0.221322367955581 0.22570977907199 0.23117246858597 0.232230760294681 0.232638045827595 0.234824815030865 0.233368118858436 0.227625896969052 0.225592218557445 0.223806987154994 0.214331360702287 0.212650071713769 0.222019845362948 0.23774519692378 0.253564216668532 0.226549074395191 0.210099635705791 0.211820991033356 0.223783843857087 0.240299207954912 0.218949905750932 0.20154138487183 0.192439769511758 0.171686993440434 0.144374306089623 0.156043756000699 0.191586494265797 0.285296140848044 0.344491891525444 0.380084248314989 -9999 -9999 -9999 -9999 -9999 -9999 -9999 -9999 -9999 -9999 -9999
0.131755339743733 0.13320480174208 0.134390802082507 0.135430643569985 0.153117891700042 0.169781541111931 0.182069158096204 0.187877006631443 0.189315583308866 0.197796451494312 0.204458198193898 0.203000868954295 0.203747470187688 0.206287488013965 0.208379011053019 0.210578102770425 0.213535818547922 0.217236460692222 0.221664065994083 0.222902447938731 0.223456073259416 0.224003554024372 0.220347942922909 0.211748560870747 0.213943304736338 0.218122087456751 0.211850256793343 0.211619132241356 0.219952715327439 0.236834962330413 0.254728043551258 0.23194386208919 0.216146335736563 0.212364390727162 0.227747475914414 0.251747053341864 0.230886060997543 0.211685471316294 0.195984900262977 0.164651711275776 0.124516945411054 0.175314251148888 0.235890360566724 0.311623819849941 0.342381735030222 -9999 -9999 -9999 -9999 -9999 -9999 -9999 -9999 -9999 -9999 -9999 -9999
0.129028182336547 0.130499426379239 0.131764688900375 0.132915680437427 0.135338060436977 0.144077718911134 0.168990848667348 0.181447118441528 0.185503796751237 0.18505789163335 0.184199102468503 0.183352830575815 0.188901736314612 0.199654625490853 0.202068303486397 0.203455386496708 0.20582407090565 0.209007442826444 0.212987997122912 0.214981335270603 0.216040799583843 0.214018794932994 0.207998675843016 0.197275884851038 0.205339642768936 0.217259575670594 0.214805456440047 0.216453734932699 0.223918525016248 0.240423151062621 0.258428415183766 0.241683237049011 0.228169096837064 0.22021166414487 0.237480714329347 0.266137660637261 0.248087925958456 0.226747871087387 0.19847203959965 0.155494167060107 0.104238657011531 0.201050389563723 0.276505528261167 0.278771292037717 -9999 -9999 -9999 -9999 -9999 -9999 -9999 -9999 -9999 -9999 -9999 -9999 -9999
0.12565108957099 0.127556605775537 0.12907150795732 0.130369711823441 0.13160083617575 0.139139691236189 0.162966785538566 0.17430267168107 0.177215805573654 0.179035552880335 0.180172887228341 0.179400350755827 0.184744331670897 0.195065540274389 0.197095118227184 0.197903456360046 0.19881839772231 0.199743331394455 0.200678042672385 0.203215432652102 0.205976756644538 0.208011949387822 0.209079538377923 0.209009010125096 0.214675725585129 0.221688323453797 0.225903437081958 0.232858731160315 0.243699141315932 0.255211468247755 0.266095400247445 0.260232745622254 0.255781511264926 0.253757623724114 0.262068639457931 0.275037768296663 0.266913139607337 0.255006634225555 0.235128183744833 0.203960062865358 0.166435559302144 0.230738608618253 0.280411165844322 0.279899357762409 -9999 -9999 -9999 -9999 -9999 -9999 -9999 -9999 -9999 -9999 -9999 -9999 -9999
0.123030600103056 0.124835722642432 0.126358643349223 0.12772500884234 0.128532544709865 0.134191304777752 0.152430049767655 0.163352838535238 0.169342518676084 0.172371335763993 0.174612995083677 0.175168495486547 0.180851581936331 0.190707167478373 0.192229228212075 0.192420442591857 0.192270289550453 0.19109428776065 0.188914479566016 0.191749683310609 0.195808579433071 0.200768644217582 0.206747312857176 0.213924086203749 0.218056072659978 0.221841966553869 0.230596880641172 0.240216514506096 0.251062175916074 0.259853921935563 0.267557642121069 0.26885669157537 0.270699670631968 0.273478094515743 0.27626868344375 0.279048067165974 0.277345181461037 0.27131104462471 0.256146917829157 0.235603038437589 0.212030216212766 0.25236960680516 0.283620415466299 -9999 -9999 -9999 -9999 -9999 -9999 -9999 -9999 -9999 -9999 -9999 -9999 -9999 -9999
