layers/veg50/veg5100.asc
NCOLS 255 
NROWS 330 
XLLCORNER -2985163.8955 
YLLCORNER -3022031.214 
CELLSIZE 25000 
NODATA_value -9999 
[rows 175 to 199 of 330, columns 114 to 170 of 255]
0.285512399204734 0.28636858823281 0.294500374409349 0.306668394708634 0.304868783707058 0.300110368283781 0.289169651542236 0.291410175617538 0.302538737128921 0.310254539009682 0.316990710859588 0.321545692579291 0.3318108881536 0.346722687784274 0.35300243162837 0.358292715263385 0.364916409442797 0.365967452944872 0.361565584942665 0.351561337402563 0.343360235399194 0.353388650029549 0.361135040477557 0.366197262884502 0.366655574808989 0.366662793288642 0.374866973863864 0.376693382112962 0.369477179391108 0.36200873881275 0.35549057161252 0.368933432674064 0.372917470615785 0.360634316771579 0.35975824674949 0.364073266130421 0.358388246444361 0.361102294822474 0.381521021310103 0.382301572496897 0.372025312190215 0.382273023032815 0.384411286958077 0.362886491014663 0.367054234549082 0.388792614877055 0.41538937183484 0.437481298287537 0.442912868465406 0.481508617068187 0.547464502849705 0.580340868207345 0.605020844408398 0.616056296505337 0.58112796423285 0.500607526485417 0.510074445692433
0.283108608298192 0.283633126514688 0.287384249797472 0.292925375083313 0.292657061311508 0.292471559087391 0.29310490662145 0.297604002755573 0.304709751689174 0.309458015962732 0.314035085477138 0.318766527165198 0.329181413157989 0.344221119872543 0.34951168347969 0.353448879182442 0.357869331022722 0.360338450847859 0.360898166798586 0.350499780339597 0.340482121275228 0.347030195182364 0.355056830466755 0.364822582814967 0.369712133515261 0.373313071068157 0.377922028311817 0.375685265080787 0.363742418925636 0.355933813569263 0.350267940455005 0.356588173186132 0.360063633232801 0.358646680950873 0.351133940870114 0.340836477275493 0.333031015375724 0.333787378632279 0.3525915011479 0.361729057419047 0.365424081524297 0.373300759334208 0.375153383620603 0.360707491171622 0.376672819780499 0.413435801346848 0.426293080085205 0.439306219447473 0.460577496658433 0.490473508884816 0.527484846874101 0.570498799926945 0.609160803613937 0.624403299832895 -9999 -9999 -9999
0.281292692769059 0.281653745236851 0.281207832157127 0.280314244225111 0.282715217794724 0.287447533062995 0.29785425542966 0.303718980505989 0.306521062048829 0.308854769191176 0.3117331287216 0.316543615489854 0.32610717863943 0.339538489049616 0.344993570554051 0.348706839076524 0.350063968820261 0.353629451110945 0.359355835224836 0.349924968500568 0.339493159797766 0.342705959916857 0.350495187949006 0.363667313165798 0.371338574161827 0.37706216033909 0.379247859970614 0.37484130278764 0.361088031619606 0.353767937842349 0.348963264378309 0.347136088316632 0.349160590917015 0.357809172929793 0.345318303680106 0.323189210275855 0.314739224820687 0.313708215859543 0.328315917017805 0.343835122733405 0.35986752959481 0.366333058090111 0.369431011698242 0.364794330071966 0.391166223220756 0.438744288119464 0.435849339809688 0.438764542699942 0.477473369594329 0.49948263037692 0.507714905226372 0.556332668210407 0.601104914652813 -9999 -9999 -9999 -9999
0.276375132246251 0.276423758112803 0.276739506390534 0.277203444372691 0.285354585003018 0.292767163135117 0.297472710152061 0.300545260533936 0.30251669035917 0.305244596879561 0.30840482125576 0.312755572730996 0.318946534390841 0.326634940511801 0.337185589618392 0.345224663860631 0.340508540988603 0.344483939365551 0.356964104854671 0.349591638789598 0.34021121793726 0.344473217094651 0.351259727639085 0.361015625115004 0.366858748360935 0.371590341709557 0.376397171221455 0.377037785981418 0.371771407312205 0.363730631215807 0.354915447886345 0.350757826782594 0.349966866730567 0.354965857533187 0.344193660321522 0.326236915745348 0.320113662522653 0.317934960290704 0.324071109783273 0.340525948528406 0.362790481920705 0.369020091802734 0.373287703840796 0.374258682831065 0.397651187783246 0.436377345890807 0.426609533740075 0.426813179005266 0.476107576962301 0.504732027426983 0.516303964435059 0.56071673976027 -9999 -9999 -9999 -9999 -9999
0.272904212347976 0.272783095903655 0.273603492342665 0.274946205555016 0.285681900138598 0.294180928931805 0.295928414009052 0.297750799102593 0.29962368886091 0.301928794690131 0.304697121865353 0.308856130383469 0.313295220088538 0.317962221814512 0.330469443675722 0.340458267405305 0.334419141776354 0.338545477115376 0.35261884884123 0.347183941536887 0.339569917416243 0.344111746013538 0.350592687784002 0.359354457973237 0.364596998156475 0.368909673502519 0.373951244974008 0.376363819000038 0.375048915793062 0.364850559449975 0.352079177398733 0.352432798273012 0.353442576229516 0.355580806739054 0.346797035650928 0.333008407397695 0.319575027163867 0.310813063726647 0.311898136897231 0.331637545495643 0.361879837748058 0.367840360579112 0.373442076395164 0.380909650083899 0.39881837947025 0.42386761571954 0.434120455460116 0.451518342927368 0.497635567945084 0.519670968503808 0.521839089002991 -9999 -9999 -9999 -9999 -9999 -9999
0.270731955295415 0.270569185564839 0.271663507010343 0.273455216477306 0.283933664461301 0.292088363764958 0.293340305517541 0.295296801617433 0.297728374798583 0.298877251318052 0.300648838788823 0.304856683581221 0.308998845423573 0.31308755871393 0.324733448238297 0.334539013508368 0.331441228937345 0.335486013251655 0.346519894550521 0.342914065102194 0.33770830788657 0.341839295625207 0.3486405055553 0.358582490734086 0.364326435201442 0.368734647186787 0.371868677817547 0.373113021996237 0.371678107874476 0.358032254549368 0.341353429398969 0.352360138805518 0.359314661364221 0.359300272487399 0.352747088293356 0.34312277680354 0.313728170704575 0.293503385788345 0.292607975407688 0.31774061645892 0.357527738072441 0.36318939823516 0.370272841959242 0.385035014802353 0.39521175661187 0.402252609759906 0.45666866249497 0.509130415214625 0.539715523026053 0.543308304058205 0.524632667824226 -9999 -9999 -9999 -9999 -9999 -9999
0.266410760460141 0.263231310842019 0.265184666138171 0.269985513113377 0.280773318743954 0.289184551985873 0.290837885209653 0.292726106597641 0.294772711769506 0.295755841962802 0.297401005808506 0.301544974002592 0.305156128067588 0.308333712330027 0.319676229157851 0.33014353002379 0.331496331463738 0.336358899741742 0.344655820732075 0.34623296409125 0.346067860702506 0.344072796905543 0.343978615246094 0.346120293803557 0.357449460032477 0.36933958867043 0.361661524651188 0.355998068204394 0.353190987245036 0.340627225301359 0.325865887101043 0.337547874055714 0.345767736179079 0.348033469770361 0.337305476914833 0.320663201180573 0.315104573075354 0.312704840523758 0.316963850172032 0.33549690216785 0.362066617095381 0.368837343153852 0.375453322062113 0.383952509236875 0.390023345259534 0.39443347833231 0.448716054699361 0.503079503736963 0.541574630432208 -9999 -9999 -9999 -9999 -9999 -9999 -9999 -9999
0.26133382029217 0.25643949997857 0.25922457525239 0.266269897194562 0.277411809386537 0.286140925740751 0.288215540763744 0.290002985801532 0.29159679371407 0.292525761640951 0.294141388155014 0.298215510715029 0.301483727775732 0.304096150875387 0.31449843713991 0.325018924429491 0.33097682569986 0.337206817752272 0.343703054190257 0.34937215207134 0.352990246835425 0.345239077978884 0.338921902897236 0.334291423465626 0.350367611869407 0.368454797106986 0.349506154141634 0.337192138004978 0.334284909423843 0.324229784303173 0.312682905052238 0.322771839840516 0.330742459851447 0.335070022760079 0.318515022556613 0.292553516290339 0.310713026014459 0.326443854407427 0.337055183723818 0.349775098356345 0.363682202226226 0.373115023513688 0.380057628334648 0.380980045087958 0.385040913922608 0.391248110163422 0.440811234092571 0.485141985076907 0.497917434757764 -9999 -9999 -9999 -9999 -9999 -9999 -9999 -9999
0.25440068396202 0.257278546835306 0.260203899180385 0.263155596940503 0.27434762977879 0.283143608320522 0.284896693585681 0.286607128550425 0.288288804654602 0.28880349830936 0.290067207382463 0.294147014173792 0.298258503624879 0.30239577438278 0.308062101395212 0.314715008389184 0.324649639725567 0.334222118649185 0.343440226704752 0.344439678561977 0.342904440630239 0.336680678634407 0.33439051338295 0.336727132873454 0.348457259064368 0.359185829316055 0.335000798789021 0.322763967196249 0.327467676789544 0.322979126129305 0.315819058460875 0.322067058487259 0.326419586416925 0.32751229991391 0.302680755015614 0.266117666677769 0.269899891369504 0.277739803700786 0.294133052304408 0.316375721696702 0.341911769522359 0.360654799393631 0.373837701274984 0.373209093702145 0.382606239696812 0.398859806975498 0.46188461133123 0.512503553263861 0.506435622393001 -9999 -9999 -9999 -9999 -9999 -9999 -9999 -9999
0.249958717632586 0.256633610818331 0.259478282331592 0.26019808751475 0.271279223149287 0.28000532725064 0.281573505516321 0.283129129229594 0.284676287477944 0.284773263979043 0.285614418269936 0.289341894647514 0.293550779704086 0.298151404120608 0.301390410467125 0.30542964298217 0.313825833527154 0.324840707715185 0.338417998065657 0.337636114939828 0.333760953483095 0.329796069950408 0.33062399264175 0.337089321541603 0.344206243907588 0.34848165312205 0.324100845719461 0.314875256723553 0.327137224389096 0.327684636413377 0.324344929831681 0.328855435049932 0.330284268081695 0.32641327133084 0.29743195894725 0.257062666108949 0.249155396354934 0.249098699153818 0.265590487923114 0.289325550059884 0.317138766454522 0.347244845423253 0.3707033024048 0.376444597516671 0.388654842898654 0.405289079756053 0.469670055443352 0.522029227303688 0.51867218176072 -9999 -9999 -9999 -9999 -9999 -9999 -9999 -9999
0.24820437513252 0.254387664941485 0.25691327296521 0.257409733452246 0.268206256154814 0.276714966128504 0.278245634232692 0.279562510110067 0.280735227076921 0.280410772036963 0.280753163739061 0.283742061999576 0.287243645984852 0.291162420574361 0.294464804230544 0.29724315117779 0.298150803340616 0.308558139838291 0.32826104158774 0.328813906916624 0.325634096736336 0.324717247167484 0.327682658274943 0.335214471489371 0.337429981613423 0.336229087896745 0.317090617192029 0.314041708855292 0.333805100134607 0.33881601898826 0.338685552674503 0.343727880450256 0.342982175974625 0.332282270061493 0.30360340532191 0.266759169472511 0.250062155200258 0.242102706008562 0.252561464173952 0.269125282167889 0.289126410128081 0.332810265844647 0.370897756678261 0.391554526306135 0.403855715339096 0.410442682468879 0.463119679156351 0.508486910028842 0.514456195353258 -9999 -9999 -9999 -9999 -9999 -9999 -9999 -9999
0.232103734552639 0.244876061451957 0.249711339998526 0.250143435584089 0.25640337526459 0.262843980759881 0.269143896282086 0.268951770756584 0.264382098028178 0.268904007128139 0.27334920819418 0.27477761339501 0.278394808827197 0.283793100699292 0.288062353295955 0.291666611041808 0.293122957322223 0.303021603369652 0.321181150052637 0.322249557223032 0.320113880751931 0.320770170102522 0.319944604223397 0.317376046977286 0.320508570472295 0.324380390686444 0.319811960055459 0.32124514221252 0.331187604234952 0.33808637137141 0.343647067216312 0.344966749518976 0.341993301580489 0.331636570107667 0.311258068696452 0.286345799518752 0.277403790643118 0.273398144134026 0.279798021912133 0.28409662178629 0.287212146689199 0.326980539300028 0.363690819664549 0.388134253476214 0.410029243259599 0.430181400869922 0.470248786112196 0.502575756259928 0.502532808402875 -9999 -9999 -9999 -9999 -9999 -9999 -9999 -9999
0.212946240541869 0.233830998227791 0.24151723808797 0.241881424935744 0.243148318162534 0.247365366489401 0.259103208393112 0.257739533763942 0.24754157934035 0.25674929816514 0.265186959687585 0.265193019692102 0.2690144941734 0.275940707082351 0.281152512090142 0.285936264805915 0.289980881787003 0.299596793457039 0.314664289778999 0.315616202627788 0.31414426480517 0.316327741127354 0.311521444570551 0.298493620336177 0.303583410595683 0.313840976605121 0.323948674864152 0.328533039527959 0.325286243966774 0.332783450149252 0.343509987921847 0.34061009260164 0.335471727255126 0.326483662980564 0.316648468813002 0.306469002351686 0.308046405154011 0.309575384435263 0.311002290147521 0.303337810394016 0.290554640448087 0.321198327447451 0.351585368951461 0.376276950651707 0.407336748499183 0.442751647680352 0.474213506158321 0.495682322901917 0.484960439520208 -9999 -9999 -9999 -9999 -9999 -9999 -9999 -9999
0.197942233713215 0.225000145327796 0.234634297837026 0.234602388631665 0.235496988247176 0.239827667427885 0.252930909004152 0.255348999560277 0.250562152159739 0.253255970818416 0.256128287131119 0.257312275549786 0.260446195365144 0.265166843693338 0.269424598149546 0.27409701723683 0.280869039958966 0.291718629899169 0.306558172642856 0.304181056219651 0.299843061815448 0.306003980035418 0.30702791012354 0.302009599521368 0.305867665280977 0.312408549896806 0.320304747638212 0.321217767117396 0.312229811595101 0.315486576905295 0.322711380365193 0.319912237333498 0.313183594122199 0.299697034811328 0.302152355062187 0.311884204106819 0.313453493473241 0.309954574741382 0.29577220966922 0.288082384896853 0.284048031832471 0.299457501341621 0.316576885343743 0.335936917242529 0.354906907745106 0.373610156390066 0.428377110365102 0.474175548797194 0.478264963003623 -9999 -9999 -9999 -9999 -9999 -9999 -9999 -9999
0.176043744601438 0.207302939275251 0.222572574903834 0.228971790344341 0.229830800028537 0.233831333044419 0.246517692737578 0.251131585557575 0.250302258822818 0.249237516976622 0.248629360800024 0.249593107277766 0.251817849235185 0.255068708052693 0.259435717820272 0.264460992101708 0.271613391219167 0.282930617412337 0.2983231813199 0.295720220652317 0.291133714208168 0.297921808765628 0.302657704919677 0.304979759270048 0.305646831313227 0.306261751849998 0.310864335311681 0.309390448887551 0.299301147794409 0.298409363008848 0.300734585992055 0.300056475253946 0.294703976591096 0.281312511146613 0.290789080766579 0.310658320242347 0.306734770931827 0.29853824768885 0.281334578954673 0.276113882056612 0.277639914867087 0.282923697525689 0.289512303324857 0.299091936543629 0.312497119119523 0.328518521798836 0.389408317655234 0.437146926696496 0.426318107721225 -9999 -9999 -9999 -9999 -9999 -9999 -9999 -9999
0.145194529022927 0.178095035454983 0.203787523761803 0.22548126830632 0.226741811894747 0.229836067494284 0.239791707363158 0.24454243417166 0.245783517026688 0.244537320340404 0.243155367052335 0.242083704055428 0.243111546976028 0.245847832515601 0.251704529008968 0.257685289256492 0.262171045889494 0.272961398193112 0.289920879741088 0.291120768967025 0.289683964336355 0.292749770051805 0.298447611276832 0.307241311718597 0.302173778775967 0.293994545253189 0.293898665761574 0.291705390181293 0.286538358889457 0.281617320740189 0.277228216592392 0.28129395636236 0.281168745019136 0.273835976809681 0.283492999318272 0.300810680837396 0.284273776274246 0.271808450374835 0.267925742104945 0.268412609794572 0.271359664184373 0.273149883845224 0.272760851034995 0.266784390203376 0.283095812074076 0.314649491028692 0.359355355628066 0.398405602987747 0.414257181156866 -9999 -9999 -9999 -9999 -9999 -9999 -9999 -9999
0.132591834573649 0.152876120392233 0.17820267841281 0.206326503888217 0.220422427284359 0.231740612568367 0.237350135056357 0.240306331765524 0.241473405646272 0.240099227156568 0.238315106204713 0.235956730251348 0.236651876596869 0.239831782613649 0.244704425240934 0.249718046446469 0.254240142176641 0.26337289562723 0.277017237903618 0.281090999010864 0.283148495472245 0.285421957539885 0.289128289619587 0.294519995554275 0.290200782378523 0.283727646216266 0.283164335737427 0.283462547429344 0.284982252996336 0.278696485446312 0.270091172666285 0.271893637874506 0.272622226174896 0.271503971438591 0.27736526694621 0.286314528995777 0.265571091809621 0.251089183987591 0.249806164544383 0.252176439119491 0.256603614739222 0.244001660238717 0.229911719487262 0.213884535603534 0.249359684273592 0.320056294025928 0.357310566550318 0.383508305166759 0.383496376472526 -9999 -9999 -9999 -9999 -9999 -9999 -9999 -9999
0.12635684327171 0.130452419270974 0.152044719759829 0.18334356047901 0.212077540107062 0.23334846745166 0.235623225403436 0.23677438623946 0.237167911784039 0.23569373509463 0.233689170939856 0.230509751004517 0.231072608123365 0.234680689148494 0.237849842063956 0.241364782375581 0.246665054034776 0.253927096070083 0.263108756052403 0.269495913025123 0.274802483056654 0.277187550806638 0.278215218984525 0.277646283332111 0.275882112767094 0.273961519262132 0.273796905796471 0.27718779333914 0.285619784700061 0.279639040329273 0.268779723425928 0.265738352533846 0.265607243851001 0.270481175743003 0.271843064977526 0.271515474390135 0.249898069539355 0.234342943547725 0.231566699092873 0.233968205237242 0.239284921754205 0.210712673846763 0.183171380960008 0.162255426184888 0.220456241911285 0.332763505151775 0.364691986022463 0.383298902208459 -9999 -9999 -9999 -9999 -9999 -9999 -9999 -9999 -9999
0.125172887753831 0.127445244206844 0.147494859642359 0.177406645543049 0.191116585348544 0.205846296640763 0.224895752937585 0.232366658855979 0.23203021259494 0.230592508296123 0.229149454605035 0.228023714223739 0.227372962653686 0.227108726368918 0.229767053694216 0.233070652897987 0.237268156737358 0.24471510723942 0.255341683760672 0.260701382611084 0.264582444969767 0.26634301623599 0.268358080911154 0.270672486443537 0.267310623482888 0.262174168824921 0.255612819356808 0.25620718738196 0.2669471620862 0.271665265633878 0.273474409215983 0.261884942824471 0.257239926536297 0.264537907833317 0.269225753672861 0.272648399304461 0.25768814970495 0.243737237799214 0.231913942771393 0.22653267397965 0.224778436143543 0.206261343464716 0.197286122088597 0.215299590717543 0.273167601129473 0.358291371091623 0.375283184515007 -9999 -9999 -9999 -9999 -9999 -9999 -9999 -9999 -9999 -9999
0.122744368222256 0.124680682563453 0.140322634825044 0.163567971705036 0.173207885608269 0.186154386171616 0.209052825576683 0.221309993325254 0.226391810728237 0.225626826388433 0.224551234541319 0.224233009553726 0.222622921152858 0.219961597556735 0.222288344378923 0.225395315562946 0.228635675346906 0.236061796443207 0.247583739677985 0.251644180668198 0.253916343462289 0.255044148879952 0.256447429982808 0.258174731766955 0.253978372036806 0.247770053834235 0.238560287747697 0.238076097847686 0.249963310832186 0.262974702168961 0.274832891900023 0.256723126433479 0.248097846647709 0.255783892870004 0.265042741233588 0.274942555427159 0.263490103855884 0.25095917980973 0.236154907354944 0.223798302899656 0.212819800190304 0.205601131856428 0.214522002109723 0.265379289630679 0.319183436402086 0.375002883903734 -9999 -9999 -9999 -9999 -9999 -9999 -9999 -9999 -9999 -9999 -9999
0.118362634017899 0.12229687762521 0.129034879466305 0.137328303415609 0.16008938486226 0.178719872614059 0.185181720115647 0.199818506118264 0.219967607724882 0.220873868186918 0.219861198917747 0.218394763386193 0.216224391572916 0.213481201776747 0.215757674746348 0.218691108582743 0.221202865768561 0.228285273118144 0.239840121376571 0.242174742891221 0.242550191488539 0.243032253143707 0.241314002728823 0.237007695892594 0.233174596100322 0.229259197153433 0.223283614570752 0.224417030022467 0.235629811800097 0.253159212764911 0.270955548394056 0.249507900896491 0.237739856921959 0.242618700718372 0.258402522579406 0.27905914399184 0.266171899573467 0.254771839352792 0.246506664729972 0.228441917151822 0.204859751115806 0.210890689592005 0.236656187251044 0.310806565943385 0.354691338399638 0.377878041092494 -9999 -9999 -9999 -9999 -9999 -9999 -9999 -9999 -9999 -9999 -9999
0.11569972797928 0.120520069987368 0.124475188314193 0.127950312315486 0.144118063140678 0.159571745473278 0.171860264215817 0.191294447076466 0.21554691154428 0.21648239278751 0.215023765270153 0.212788902732208 0.210328695934083 0.207685118498692 0.209402662385974 0.211801796034224 0.214315087932981 0.220888273230765 0.231434117269162 0.233714945804856 0.234048074693661 0.233314790712159 0.228688190810142 0.219482185374901 0.220191366224903 0.223102815289786 0.220008877225909 0.222569727883855 0.233148120078196 0.252732428237654 0.273585130212964 0.255480008428799 0.244601518153112 0.246151318292146 0.266368540403838 0.294980170461588 0.280333420723297 0.26624463946943 0.253332018753435 0.227101095547414 0.193371616198091 0.228797272742855 0.273111530273902 0.332764272823722 0.35699126592537 -9999 -9999 -9999 -9999 -9999 -9999 -9999 -9999 -9999 -9999 -9999 -9999
0.113728147062502 0.118931216857376 0.12264544454396 0.125533717302275 0.127358285654873 0.136063081616554 0.162637628566928 0.187697161437715 0.211735128733405 0.212148491711428 0.21013079873717 0.20730901163968 0.20467647282398 0.20219793206443 0.203156206805754 0.20487385720118 0.207645140999412 0.213600401025721 0.222671223395469 0.225533047841612 0.226559785560795 0.224528739603144 0.217366404451806 0.204168531829096 0.210956786473091 0.222243684269147 0.221988688013137 0.225976938265001 0.235981400050063 0.256423740408737 0.278900613770875 0.267030047361427 0.258902360249458 0.25721164046338 0.280706956485363 0.315555215369179 0.299312584456695 0.281273285961925 0.259446731432181 0.224442569492897 0.18201906645749 0.252115316560603 0.308532013848289 0.316024451857589 -9999 -9999 -9999 -9999 -9999 -9999 -9999 -9999 -9999 -9999 -9999 -9999 -9999
0.110975443758197 0.114897663711092 0.118679619489243 0.122383761854043 0.125752088592505 0.131418015524604 0.143049390505024 0.167057650346708 0.199411574873343 0.204260372508463 0.205449640959651 0.202978187349222 0.200387281608047 0.197699173420624 0.198293195538896 0.199412955045871 0.200674047080029 0.204460097498155 0.210716852688028 0.21194403256095 0.212438621586825 0.215030946257245 0.216309924811352 0.216044116198202 0.221452014803812 0.22843907155057 0.235008388447281 0.24346170614452 0.254586220842373 0.26904621989844 0.283913687787521 0.2831599558693 0.285192869225912 0.292018227958739 0.307618639898232 0.327144355263223 0.320811258645539 0.311152420282644 0.294483139020078 0.266552550141656 0.232281547575548 0.282700932696335 0.32144719405438 0.319754744750495 -9999 -9999 -9999 -9999 -9999 -9999 -9999 -9999 -9999 -9999 -9999 -9999 -9999
0.108405269969588 0.110894312362585 0.114597791801553 0.118974996316944 0.123021909336374 0.126755240750564 0.129713570885958 0.151254727522969 0.185326180807278 0.19502621987378 0.200260058612507 0.198229544276564 0.195637562173532 0.192588693783838 0.193119920007752 0.194018182348229 0.194175508177647 0.195874030732162 0.199080634420635 0.199927650865125 0.200933801729045 0.205975178183708 0.212598969732985 0.221084033418426 0.225844048158417 0.230221923348852 0.24106962860512 0.251752111730578 0.262200337598752 0.272901830290375 0.283479481600864 0.289908223271232 0.298478046052948 0.310730079256225 0.320965669526614 0.330245856667432 0.331205751278571 0.327466434319341 0.313821491213703 0.293426775894221 0.269231760503622 0.304570034227321 0.332059555368426 -9999 -9999 -9999 -9999 -9999 -9999 -9999 -9999 -9999 -9999 -9999 -9999 -9999 -9999
