layers/veg50/veg5000.asc
NCOLS 255 
NROWS 330 
XLLCORNER -2985163.8955 
YLLCORNER -3022031.214 
CELLSIZE 25000 
NODATA_value -9999 
[rows 175 to 199 of 330, columns 57 to 113 of 255]
-9999 -9999 -9999 -9999 -9999 -9999 -9999 -9999 -9999 -9999 -9999 -9999 -9999 -9999 -9999 -9999 -9999 -9999 -9999 -9999 -9999 0.646275717481699 0.490226820127687 0.248883616819353 0.285869717929367 0.301209076997639 0.235691642429878 0.164424883074162 0.0893358775643011 0.0410367100855932 0.00513895462879072 0.00158320334507168 0 0 0 0 0 0 0 0.0343615394112622 0.0905989750534787 0.23348211187313 0.310771696177825 0.311957201275957 0.320841179771215 0.332587471325816 0.350732537754952 0.356301859355999 0.344288823900425 0.334379156571349 0.32524711292765 0.31646046056401 0.298786011286763 0.266047919513414 0.255250435894388 0.254504599505091 0.275046916479642
-9999 -9999 -9999 -9999 -9999 -9999 -9999 -9999 -9999 -9999 -9999 -9999 -9999 -9999 -9999 -9999 -9999 -9999 -9999 -9999 -9999 -9999 0.493944945343965 0.258352146333347 0.261626119134284 0.254576623886988 0.199084084856356 0.127476103790713 0.0451543104753753 0.0174536161704274 0 0 0 0 0 0 0 0.000696921751542416 0.00206657619883144 0.0273177913283268 0.0747140899648774 0.223296776116996 0.300080056968773 0.293558997402098 0.31318112285699 0.337587282031119 0.338782942054234 0.335270514968592 0.325175633345948 0.317251320227449 0.309354459161633 0.287979448881756 0.268852981056887 0.253537495864584 0.248436643219168 0.248075590005682 0.266004192411364
-9999 -9999 -9999 -9999 -9999 -9999 -9999 -9999 -9999 -9999 -9999 -9999 -9999 -9999 -9999 -9999 -9999 -9999 -9999 -9999 -9999 -9999 0.298498944601725 0.281865627293401 0.252528378718807 0.216851369364043 0.166266453594866 0.0939029899907008 0.00706078779108783 0 0 0 0 0 0 0 0 0.0052000775922171 0.0154197462776401 0.0302152485063391 0.0648625689382372 0.211020800255373 0.287113390361495 0.281913217628377 0.30448922297901 0.330938696109596 0.321717047198172 0.312001622814018 0.301595842766162 0.295108133496012 0.288790915486285 0.260303254670255 0.242909245633669 0.244317511897272 0.244180739904533 0.243459076696781 0.258357077912779
-9999 -9999 -9999 -9999 -9999 -9999 -9999 -9999 -9999 -9999 -9999 -9999 -9999 -9999 -9999 -9999 -9999 -9999 -9999 -9999 -9999 -9999 0.315514433971943 0.325197052117817 0.27345994951958 0.216093725569638 0.150159263971239 0.0796074223894525 0.0059858702704044 0 0 0 0 0 0 0 0 0.0237921204483226 0.0705505743355203 0.0841509204978214 0.105475720981739 0.213369744634339 0.279246759913771 0.29637407936715 0.302440575218835 0.30457342947653 0.299140699135225 0.285661681979465 0.260933018008691 0.254386302359751 0.254011573286464 0.246805430410209 0.241783377729572 0.240463069610137 0.241422183679702 0.243496757159269 0.257695791171791
-9999 -9999 -9999 -9999 -9999 -9999 -9999 -9999 -9999 -9999 -9999 -9999 -9999 -9999 -9999 -9999 -9999 -9999 -9999 -9999 -9999 -9999 0.386494311383098 0.376121340121576 0.304259429408966 0.228167555651135 0.147065058765869 0.0737242348767557 0.00554349949428276 0 0 0 0 0 0 0 0 0.03132469791761 0.0928868628491612 0.116986154567329 0.141151917104598 0.212009387815731 0.261565293766706 0.286406332027583 0.288872324553604 0.284467475187657 0.274650617825071 0.259935268006393 0.238371254782125 0.233220405071756 0.234104406112404 0.237091625246151 0.23870453713317 0.237988179658417 0.242879329556046 0.250297844073002 0.257364130812966
-9999 -9999 -9999 -9999 -9999 -9999 -9999 -9999 -9999 -9999 -9999 -9999 -9999 -9999 -9999 -9999 -9999 -9999 -9999 -9999 -9999 -9999 0.407851808143125 0.430510064721804 0.343917423763482 0.251760320080107 0.155652731622859 0.0753929198054656 0.00566897185861295 0 0 0 0 0 0 0 0 0.0289290896662992 0.0857831858826635 0.130879327773298 0.172396161631227 0.207319156550656 0.235072957633435 0.254508793387729 0.264962818405512 0.269980564248786 0.248442560244509 0.23475962284649 0.232058984124431 0.229610052866142 0.22754812983231 0.230774769486178 0.233872494648766 0.236751726766558 0.248120950715713 0.263170504340712 0.257328379146474
-9999 -9999 -9999 -9999 -9999 -9999 -9999 -9999 -9999 -9999 -9999 -9999 -9999 -9999 -9999 -9999 -9999 -9999 -9999 -9999 -9999 -9999 0.442492651213329 0.442499885636863 0.35192616729462 0.255722622459171 0.153664303509672 0.0725869095425502 0.00545798131392398 0 0 0 0 0 0 0 0 0.0142110807911835 0.0421399981529248 0.0978662728594205 0.157605706333978 0.206676896633984 0.231841160944444 0.229267720566949 0.237015538893409 0.245609436480995 0.235547226447277 0.229381698433533 0.228664186067996 0.226726734753278 0.224610762261325 0.227158694624252 0.228934489841369 0.229401614525675 0.241119471523084 0.25776971181172 0.254435125296845
-9999 -9999 -9999 -9999 -9999 -9999 -9999 -9999 -9999 -9999 -9999 -9999 -9999 -9999 -9999 -9999 -9999 -9999 -9999 -9999 -9999 -9999 0.430643157355637 0.44065041801924 0.34751326373457 0.249319321214083 0.147894824855626 0.0690405463996383 0.00519132188609622 0 0 0 0.000222086120317508 0.000622422655589078 0.000323951087398431 0.000297855007828 0.00185891467517705 0.00419386936908248 0.00727585841266623 0.0623913947726165 0.129448045764589 0.202674622484205 0.231312016779268 0.208215383248648 0.212505675945564 0.22356817549961 0.226344972538637 0.227271457744658 0.225610991341951 0.223271876545348 0.220914575912154 0.222599928895395 0.222833772537461 0.220607499459068 0.231807137698441 0.24895125588193 0.250390844444385
-9999 -9999 -9999 -9999 -9999 -9999 -9999 -9999 -9999 -9999 -9999 -9999 -9999 -9999 -9999 -9999 -9999 -9999 -9999 -9999 -9999 -9999 0.421099310387064 0.416346180952848 0.309132889384186 0.208183721490454 0.132673617169561 0.0659079675181626 0.00495577587501464 0 0 0 0.00158453085942329 0.00444083540193815 0.002311312810511 0.00212512358207026 0.0132629074867073 0.0299222455964411 0.0519114934656063 0.0584629376668514 0.0760192917421699 0.17760615734351 0.222748108521883 0.202400570667415 0.209449839421163 0.222801492072727 0.223564746286298 0.223289846728165 0.221563487193442 0.216197406659187 0.209912901175817 0.210656444131476 0.210862627401446 0.210158056940685 0.222162547001386 0.239798147730985 0.243128183634581
-9999 -9999 -9999 -9999 -9999 -9999 -9999 -9999 -9999 -9999 -9999 -9999 -9999 -9999 -9999 -9999 -9999 -9999 -9999 -9999 -9999 -9999 0.364249584385405 0.376141946471608 0.2616244244152 0.158544598973251 0.0962647563718466 0.0458979686603908 0.00345117676002769 0 0 0 0.00163621422317709 0.00458568415012389 0.00238670195173475 0.00394870262546448 0.0246438739167508 0.0483990150419753 0.0751079192700626 0.0633598236304445 0.0613326326445856 0.164206542092943 0.2135164635091 0.200679453839421 0.207751994275607 0.219183776520844 0.219457477755565 0.218185407652642 0.214752169049732 0.209116753503885 0.202996270511396 0.202388590744238 0.201624443447656 0.200595104343878 0.209764768174562 0.223512647822058 0.234031844660399
-9999 -9999 -9999 -9999 -9999 -9999 -9999 -9999 -9999 -9999 -9999 -9999 -9999 -9999 -9999 -9999 -9999 -9999 -9999 -9999 -9999 -9999 0.342887317288945 0.321741073794414 0.204268027006379 0.0997313653006351 0.0369973827568957 0.00767959538676842 0.000577446930632972 0 0 0 0.000273769484071294 0.00076727140377477 0.000399340228622164 0.00576830118136745 0.0359999981033627 0.0590523155221446 0.075174438387097 0.0777780197931614 0.0884432726031707 0.163395982995521 0.20356442397686 0.203374861878633 0.207519231797557 0.212490196264727 0.213918516305855 0.211869594224158 0.204959082358988 0.202029429466436 0.2004868307607 0.198086229263658 0.195334742173081 0.191988550321652 0.194396684622577 0.19953229527616 0.222957223542263
-9999 -9999 -9999 -9999 -9999 -9999 -9999 -9999 -9999 -9999 -9999 -9999 -9999 -9999 -9999 -9999 -9999 -9999 -9999 -9999 -9999 -9999 0.323315849679378 0.282795259822628 0.192802595141259 0.109511608177283 0.0478364166493187 0.0149196052718338 0.00112184038827354 0 0 0 0.0115668560762703 0.0324174841071382 0.0379766426950583 0.0465164435056847 0.0771504965790629 0.0915249768729345 0.0902042285368529 0.109592211141192 0.135988513510719 0.178154758461915 0.199689440868433 0.197286617074211 0.197851662918154 0.199165725555998 0.199719590894188 0.198827940309128 0.195915289978839 0.195033049413914 0.19472040827437 0.191509286455419 0.188686989553111 0.186523699555983 0.188644275392697 0.192855658191406 0.219080748897382
-9999 -9999 -9999 -9999 -9999 -9999 -9999 -9999 -9999 -9999 -9999 -9999 -9999 -9999 -9999 -9999 -9999 -9999 -9999 -9999 0.347005200491213 0.348549775681958 0.311958631365311 0.25452299674719 0.193143436691945 0.131809088145607 0.0709567156078435 0.0299944103571214 0.00225535061739157 0 0 0 0.0257984442743335 0.0723031955907043 0.0833751818564044 0.0933841503731104 0.120789729739318 0.126389350105401 0.110939861946705 0.143300269787594 0.181266551388763 0.19323186607372 0.196337900560363 0.189165068663427 0.186105015706805 0.184349458263731 0.183967061043078 0.184597798144514 0.186645015115792 0.187708381367937 0.188203839146891 0.184893075543756 0.182196678411581 0.180541551345555 0.183887097934346 0.189635613312125 0.215833436534549
-9999 -9999 -9999 -9999 -9999 -9999 -9999 -9999 -9999 -9999 -9999 -9999 -9999 -9999 -9999 -9999 -9999 -9999 -9999 -9999 0.346304160491989 0.345715046853735 0.318224839461244 0.276030842679109 0.195490530154307 0.118424423239094 0.0537466049548115 0.0179483008593862 0.00134957516891928 0 0 0 0.0381902050433767 0.107032572799265 0.112726498758483 0.112579194445179 0.126698173288152 0.137913895738113 0.146327129249551 0.158302221665469 0.170699450673473 0.181186134110106 0.185409864192261 0.182367082858564 0.176571507157022 0.170857893993285 0.172920783450424 0.174159543452061 0.174246074417121 0.177735762945833 0.18220672712423 0.182293920648919 0.177572528115673 0.164701216992636 0.168400925947532 0.17966837716194 0.203680958819144
-9999 -9999 -9999 -9999 -9999 -9999 -9999 -9999 -9999 -9999 -9999 -9999 -9999 -9999 -9999 -9999 -9999 -9999 -9999 -9999 0.238053285869621 0.271452255907137 0.276762801131243 0.266720577188548 0.184897514347422 0.107659509997831 0.0487423696217992 0.0162100795899103 0.0012188742027526 0 0.00132033802129405 0.00689794328046123 0.0491911018460684 0.120952840450736 0.130188748396056 0.131149191903014 0.135667414458738 0.146361339065356 0.163016616836275 0.15970570397544 0.154957391980223 0.166401202558509 0.171945206711697 0.170644036022789 0.164643002819012 0.158280784410851 0.160633029043649 0.162053861776544 0.162172472111102 0.163923701300647 0.166355013238197 0.17041993971048 0.166944376933634 0.150688680294741 0.154856402546604 0.168324947724249 0.193845835252806
-9999 -9999 -9999 -9999 -9999 -9999 -9999 -9999 -9999 -9999 -9999 -9999 -9999 -9999 -9999 -9999 -9999 -9999 -9999 -9999 0.211016442498637 0.162125941556034 0.173337810261462 0.217400855695868 0.157505067667786 0.100295675996965 0.05958434968106 0.0278540216493165 0.00209440973086871 0 0.00435479814587692 0.0227511062498039 0.0583863165969363 0.1078577877325 0.132216077083912 0.14890772578125 0.148610320533708 0.150813950015724 0.155431807252933 0.143455042512136 0.132496970480971 0.148060119109933 0.155187393806983 0.152527053818206 0.149605207411844 0.14689086096401 0.146733533693659 0.147783451523044 0.150521238714331 0.145127102069731 0.137709612735034 0.146504963156452 0.148521562217637 0.139049072581914 0.14383261452117 0.155194882368737 0.187019204893512
-9999 -9999 -9999 -9999 -9999 -9999 -9999 -9999 -9999 -9999 -9999 -9999 -9999 -9999 -9999 -9999 -9999 -9999 -9999 -9999 0.119530958435208 0.118969846640954 0.13566354090924 0.161788488665604 0.125605782156865 0.0911003971075346 0.0666537550879026 0.0445118378560105 0.0239021397596168 0.0251693621708776 0.0304546499506646 0.0424528371670931 0.064366337525113 0.0942380510274813 0.119873046344267 0.140281498652105 0.141143334248367 0.143152918752046 0.146270415607176 0.1332377673463 0.121495694672507 0.137330186637226 0.145314106794914 0.144189501560828 0.143729713299204 0.143316367299352 0.14162799407876 0.141713837280766 0.144280241838322 0.137802068643624 0.129043748606255 0.137787484658756 0.141084748220057 0.135150959894169 0.138523158429629 0.146175017108696 0.165127254079889
-9999 -9999 -9999 -9999 -9999 -9999 -9999 -9999 -9999 -9999 -9999 -9999 -9999 -9999 -9999 -9999 -9999 -9999 -9999 -9999 0.129762402659591 0.129091866459539 0.120820434527394 0.108394451444342 0.0940965626422548 0.0810223399605283 0.0712281707139344 0.0612573551120977 0.0511691020933689 0.0568885910178622 0.0624514268056342 0.0629982138836538 0.0697551862628015 0.0814965678670061 0.103618582451578 0.123483370464159 0.127357841942399 0.131777586842815 0.136723679584157 0.125803336134413 0.115705791534584 0.130073349812922 0.138249951425642 0.139243574858651 0.140731230049823 0.141936422159471 0.139308260061136 0.1384057569719 0.139915926314454 0.134408219495 0.127168342602746 0.134169924698854 0.137307019714531 0.133894319277377 0.135218459570365 0.138664237686661 0.139959380415724
-9999 -9999 -9999 -9999 -9999 -9999 -9999 -9999 -9999 -9999 -9999 -9999 -9999 -9999 -9999 -9999 -9999 -9999 -9999 -9999 0.130048587303852 0.130249084110714 0.122682396294661 0.110870265973957 0.0869572346223854 0.0672575799455656 0.0593785294900098 0.0576993628344925 0.0601419814119967 0.0664220962442673 0.0727411782950113 0.0780908270340594 0.0811824232839102 0.0824616649723322 0.097788687054886 0.112900918230783 0.118417747648523 0.123745934373425 0.128892025896096 0.128878568958042 0.128910313416567 0.135585390348948 0.138397579373368 0.13672790217707 0.136086670854089 0.13576514369888 0.135727817521749 0.136057586748404 0.136900598136969 0.133247887889658 0.128447954927419 0.132100462840417 0.134288765192509 0.133995432407717 0.133633426173874 0.133266175880805 0.136483008693679
-9999 -9999 -9999 -9999 -9999 -9999 -9999 -9999 -9999 -9999 -9999 -9999 -9999 -9999 -9999 -9999 -9999 -9999 -9999 -9999 0.18552957890849 0.145424026409283 0.124430109298318 0.113882364532896 0.0836136306404846 0.0594739908906139 0.0527267106796421 0.0560256533578859 0.0660034910748005 0.0721041519939179 0.0783411039030942 0.086123910966474 0.0862566265443174 0.0802492376447451 0.0917292786328896 0.104572225681008 0.112384367867482 0.119175171902014 0.124980086822447 0.130450505790399 0.135311330356007 0.136987704177346 0.13690784321505 0.13479033333827 0.1328280974101 0.131229027970023 0.13253982693369 0.133535471380341 0.134090493078842 0.131684958829192 0.128476053561023 0.129978381490624 0.131507222090589 0.133080998166898 0.13199110742092 0.129744017371965 0.133699867040257
-9999 -9999 -9999 -9999 -9999 -9999 -9999 -9999 -9999 -9999 -9999 -9999 -9999 -9999 -9999 -9999 -9999 -9999 -9999 0.198706568969464 0.185547306374878 0.145495709280553 0.125998520667848 0.117736105484936 0.0862270234889632 0.0610772318829309 0.0542323372822462 0.057309131116391 0.0669820274254029 0.0717417555927021 0.0765808321863861 0.0830777929456165 0.0813603995001951 0.0730500139152132 0.0853096732232846 0.0997805761715992 0.110912776289842 0.120035918819069 0.127219734982347 0.129663174834699 0.131034948998626 0.131940226417583 0.132848433209972 0.133760038770367 0.131744685449802 0.129259131258315 0.129967749148235 0.130740367074074 0.131602464509761 0.129490194645807 0.126540030721016 0.127773719284033 0.129097173113413 0.130572767219423 0.130258885217805 0.129165895332223 0.1320046783782
-9999 -9999 -9999 -9999 -9999 -9999 -9999 -9999 -9999 -9999 -9999 -9999 -9999 -9999 -9999 -9999 -9999 -9999 0.199809120788115 0.199704754848818 0.187455071911886 0.150385158741073 0.125648513892471 0.107653073752961 0.0837986017026309 0.0655478187458753 0.0620651665920741 0.0648855504662247 0.071896296879598 0.0758627613515541 0.0794484097063586 0.0826748879459715 0.0815180272764802 0.0768430179792626 0.088872953849962 0.101541428440361 0.106590792006095 0.11511378526183 0.126989843994728 0.126811598837676 0.124753650561437 0.126499236588209 0.128524473280455 0.130874171075651 0.129377879498812 0.126864259324943 0.124910619263827 0.125061469914439 0.128154643872476 0.12658779820972 0.123571204336306 0.124664061102989 0.126009032174555 0.127781303711448 0.128448654192648 0.128627611399247 0.13021368585146
-9999 -9999 -9999 -9999 -9999 -9999 -9999 -9999 -9999 -9999 -9999 -9999 -9999 -9999 -9999 -9999 -9999 -9999 -9999 0.200913870655555 0.190209096452946 0.157627992438426 0.124927630496048 0.0921620837150808 0.0795430821090572 0.0713741648412482 0.0726240176919139 0.0751493170349969 0.0785225542890972 0.0818159615084635 0.0841351448692996 0.0833358439712576 0.0836705807422604 0.0849155170556377 0.0962640171088603 0.105775192388288 0.101248143732968 0.107967692568541 0.125543487218338 0.123075751766099 0.117821643550886 0.120893554315491 0.12396657008576 0.127040867924697 0.126296863124118 0.124139729531325 0.118868338888874 0.118282731591629 0.124248395570287 0.123347043249021 0.120201871538088 0.121194037316332 0.12264733801385 0.124882201525407 0.126590950823541 0.128053957005217 0.128350008324173
-9999 -9999 -9999 -9999 -9999 -9999 -9999 -9999 -9999 -9999 -9999 -9999 -9999 -9999 -9999 -9999 -9999 -9999 -9999 -9999 0.195426786238679 0.178726268811686 0.140547556340984 0.0906291406716842 0.0853285185481758 0.0837141382242113 0.0873012773010472 0.0885860723797518 0.0883402311112439 0.0868487411467566 0.0850898501345825 0.0828242190766662 0.0820683418894381 0.0825242209954171 0.0918840013387929 0.100756259337677 0.102056455474755 0.107385435429453 0.116603366463968 0.11819281964041 0.11781054559292 0.115218912812815 0.114605554752176 0.116287464597756 0.116155018319785 0.115480966709274 0.114509547469553 0.115132273500924 0.117983800429548 0.118353231115575 0.117876867145181 0.118275428891374 0.119562159505397 0.12235421910378 0.124147328593964 0.125478275985143 0.125211517029968
-9999 -9999 -9999 -9999 -9999 -9999 -9999 -9999 -9999 -9999 -9999 -9999 -9999 -9999 -9999 -9999 -9999 -9999 -9999 -9999 0.186937358203771 0.188301274363691 0.152531348875523 0.0964645465462087 0.0921582896897189 0.0914708979263846 0.0951489442896775 0.0956399165814702 0.0940120693488755 0.089651622991794 0.0853420977379432 0.0819765431796666 0.0804847402367431 0.080496844888225 0.0866658044120056 0.0935107052691892 0.0994160502345576 0.103838883834593 0.106830661702663 0.109635880500622 0.111162785503546 0.105375605183637 0.103740936796162 0.106924167194395 0.108215894469073 0.109069247538707 0.110762115383691 0.112112598091616 0.112984386470661 0.11405419259427 0.115148848085361 0.115412785131648 0.116774935751929 0.119998413405649 0.121910173105849 0.123217429767054 0.122755428874881
