layers/veg50/veg5700.asc
NCOLS 255 
NROWS 330 
XLLCORNER -2985163.8955 
YLLCORNER -3022031.214 
CELLSIZE 25000 
NODATA_value -9999 
[rows 225 to 249 of 330, columns 57 to 113 of 255]
-9999 -9999 -9999 -9999 -9999 -9999 -9999 -9999 -9999 -9999 -9999 -9999 -9999 -9999 -9999 -9999 -9999 -9999 0.339894667546906 0.340349829881294 0.341400955780534 0.343669995785559 0.318367837724299 0.277995619936453 0.202181174479068 0.145013503864558 0.138472843716286 0.153327103870396 0.182405060694996 0.181911114014489 0.178151604507524 0.172301408426951 0.169500551147506 0.169147149413051 0.182782112046392 0.195301576105974 0.194442463996138 0.188175446647648 0.176688223929629 0.172991800877328 0.170981486150783 0.169294188976591 0.167769557765928 0.166433657656083 0.16176481064945 0.155393470392702 0.142033843315303 0.133163232246571 0.130568788782717 0.121718470670584 0.110754233484586 0.102313285631947 0.0959257868139266 0.0930186130350718 0.0910357485733264 0.0894747818185378 0.0885939717717609
-9999 -9999 -9999 -9999 -9999 -9999 -9999 -9999 -9999 -9999 -9999 -9999 -9999 -9999 -9999 -9999 -9999 -9999 0.552109057637325 0.433352035646592 0.355024334725967 0.359318195461988 0.326724898507689 0.273969558968202 0.200606904361007 0.147322075562066 0.146915068034468 0.164226109894181 0.193316403862155 0.189023973103157 0.181413512664841 0.172630658997659 0.168231726538656 0.16735141007135 0.184545761865053 0.200609387912979 0.200703667069053 0.195966457108487 0.186565451405123 0.180568622011902 0.175738839295534 0.173589869957739 0.171733710689643 0.170217280554707 0.169672886698302 0.167673784282299 0.149947957684183 0.137816024937329 0.133505007800184 0.127349635120154 0.120374632343423 0.110637579381524 0.102264942535433 0.0962048108899251 0.0934008250666006 0.0920652571923967 0.0906417904778082
-9999 -9999 -9999 -9999 -9999 -9999 -9999 -9999 -9999 -9999 -9999 -9999 -9999 -9999 -9999 -9999 -9999 -9999 0.552273841816481 0.449165112738373 0.38022369692019 0.381106772447076 0.343824392798003 0.28568126971619 0.205306235740602 0.145318017917324 0.139143131147909 0.159264415444843 0.196867828936781 0.194107967349561 0.18641007648471 0.174308292046517 0.17207794328756 0.177770590812659 0.192691920926208 0.206055626576447 0.207108178691699 0.20621235490534 0.203435780274689 0.192597634700441 0.181492540877374 0.178774996818368 0.176573722218017 0.174971442644875 0.174178200424201 0.171915799710549 0.15421139487259 0.142089701105133 0.137773288116455 0.133114840169214 0.128198048056472 0.120870718197931 0.111946625414472 0.10031623026094 0.0957488050230604 0.0943671942287572 0.092884067440993
-9999 -9999 -9999 -9999 -9999 -9999 -9999 -9999 -9999 -9999 -9999 -9999 -9999 -9999 -9999 -9999 -9999 0.529451946278977 0.53058956996869 0.486937555247861 0.442653313542346 0.397077049625878 0.337948239473708 0.271411783098536 0.206287311368078 0.157377819337453 0.149491697984934 0.170206307339943 0.209935155233291 0.20292458135135 0.191691625637584 0.180181807805172 0.179280019602034 0.186892431568452 0.197605345045288 0.207012847352835 0.2089673342743 0.209796098272371 0.20953821141582 0.197576405059415 0.184878941317095 0.182304175339151 0.179850009202389 0.17753576748676 0.176360449886783 0.174589701685416 0.164489241522044 0.154202060763757 0.143653822850248 0.137538739205596 0.132892650870106 0.125940625139073 0.118613528510884 0.110650736224886 0.103746739109531 0.0973547618767319 0.0957434243521532
-9999 -9999 -9999 -9999 -9999 -9999 -9999 -9999 -9999 -9999 -9999 -9999 -9999 -9999 -9999 -9999 -9999 0.514290917674689 0.504986094217615 0.529066445748537 0.511753950408739 0.409850827293058 0.325603345599158 0.251006208808581 0.205664063980038 0.171595247214188 0.163415005045062 0.184434276615868 0.224865867582711 0.212298603984198 0.196911415847335 0.187555624965592 0.187712435302499 0.195504234769265 0.201533936463853 0.206723107165094 0.209436927209568 0.211173921484856 0.211967994074136 0.200494596435449 0.188098922313968 0.185420991843682 0.182508215636053 0.17932296266949 0.177753924340547 0.176685552898036 0.176047856322811 0.168327670575192 0.150705339453208 0.142080748678483 0.136607541729973 0.129485879179088 0.124306345627295 0.122418464349742 0.113318336503556 0.101037812274929 0.0989913484449692
-9999 -9999 -9999 -9999 -9999 -9999 -9999 -9999 -9999 -9999 -9999 -9999 -9999 -9999 -9999 -9999 -9999 0.522942648101192 0.52579347943982 0.530292716566514 0.501672482920233 0.405369134047757 0.329770728537527 0.265489376872925 0.200044681018846 0.150916516901864 0.143309263567741 0.170841685330748 0.221735543949655 0.212201416093929 0.199973090367088 0.196301549205472 0.197660456776074 0.203056895249736 0.206758773625127 0.209892198782055 0.211662404123956 0.21279741716841 0.213319284439135 0.207439748626422 0.199899487843 0.190468903608016 0.183844185003414 0.18047493605993 0.178963717121257 0.178029970639839 0.177608603478764 0.174155003992617 0.166461990289113 0.154406318786723 0.141211944191062 0.1357657903742 0.130442463448412 0.125327311888693 0.118594599577228 0.111139761239665 0.104750991416721
-9999 -9999 -9999 -9999 -9999 -9999 -9999 -9999 -9999 -9999 -9999 -9999 -9999 -9999 -9999 -9999 -9999 0.536298325711126 0.537203668687753 0.531573590348994 0.502145874862201 0.424085189717091 0.349450235358674 0.276687741073936 0.207095840656151 0.152675379889313 0.136465959172645 0.167255098109135 0.229289656379205 0.22353576981686 0.213487131538703 0.20893488949295 0.207955923776882 0.209844935526497 0.211900463367492 0.213792943029836 0.214890992663782 0.215497370756425 0.215629142452195 0.213105041422295 0.208824734779609 0.197461570870156 0.188609838055034 0.182671961001592 0.180583531949301 0.179615384023665 0.179015745539602 0.178013952568069 0.176449900749262 0.162607593457063 0.145106270094302 0.141302802110951 0.1364821717256 0.129937585343823 0.124596023080604 0.119773946287757 0.111711105927786
-9999 -9999 -9999 -9999 -9999 -9999 -9999 -9999 -9999 -9999 -9999 -9999 -9999 -9999 -9999 -9999 -9999 0.534815167692322 0.533653122370764 0.532941394372709 0.519423051815843 0.479733048039416 0.393825702985143 0.282656557852879 0.234319042868621 0.190155845468662 0.150737018538484 0.17959849481736 0.253853845328455 0.253069623863365 0.243641784860392 0.227757161423247 0.218804538830618 0.215415667926885 0.216909778883481 0.218858509376148 0.219716577564157 0.219911091099918 0.219465080919789 0.216732743640852 0.213172352256972 0.207550371576863 0.19883569336401 0.186532752448962 0.182856119311058 0.181584472716855 0.180178341757645 0.178739148778306 0.17725373124123 0.164242814422981 0.147870123924606 0.145657086321503 0.142368391909467 0.137256601203064 0.131751932822284 0.126071388770433 0.12058242217414
-9999 -9999 -9999 -9999 -9999 -9999 -9999 -9999 -9999 -9999 -9999 -9999 -9999 -9999 -9999 -9999 -9999 0.538235602446862 0.53760838427681 0.533152135707909 0.518233306854565 0.481933096885284 0.390392392726156 0.268657949986435 0.246847447501538 0.224612648976805 0.191996862489244 0.209501257222006 0.260326376905937 0.269801312075354 0.27173178982425 0.261135894800577 0.245137320501127 0.22480245620123 0.223828869427018 0.225288357231995 0.225097199953371 0.224587421612721 0.223770081045029 0.220823204508859 0.217517352061079 0.214724650697357 0.206457541482496 0.191838820672623 0.187034946186293 0.185013762975812 0.183261501488241 0.181491467898822 0.179696586839563 0.171708720886411 0.161580865513532 0.153106213221318 0.146058835543401 0.1414304999231 0.135724495688322 0.129548664749093 0.125653219692045
-9999 -9999 -9999 -9999 -9999 -9999 -9999 -9999 -9999 -9999 -9999 -9999 -9999 -9999 -9999 -9999 -9999 0.559568101051322 0.544729502405022 0.533125040326395 0.509717195266911 0.462187898031202 0.367446495417483 0.246899567554047 0.253222599796901 0.257265683202185 0.243709000741743 0.246264961592976 0.259532874056366 0.281168305681318 0.298435221337874 0.299228617719502 0.276941819471424 0.236130431464723 0.23183379519122 0.232364907597225 0.230796758360278 0.229453704427904 0.228327933096782 0.225165869659405 0.221915312435767 0.220659062763686 0.212941394403012 0.197726947764452 0.191997983116038 0.189043521483597 0.187124586291292 0.185063012944195 0.182802014831271 0.181445498856045 0.179524744495076 0.161711356537183 0.148835461752307 0.144327966100336 0.138441150061256 0.131958677752854 0.129185870186058
-9999 -9999 -9999 -9999 -9999 -9999 -9999 -9999 -9999 -9999 -9999 -9999 -9999 -9999 -9999 -9999 0.569867714140385 0.562619183155795 0.552178743718007 0.544247522946868 0.521108909082861 0.466892391044294 0.371622520470673 0.253913419175467 0.260962173861991 0.266131419793387 0.25491390873288 0.259382271695062 0.274278862991678 0.29354686169111 0.301961610311241 0.274133954916269 0.262002950609316 0.262470367877868 0.252470610111859 0.242691317985611 0.240317929662076 0.237876272514516 0.235368716046235 0.232081207903457 0.228733374635549 0.225993422637731 0.217536136038453 0.202445385193422 0.196157197098718 0.192446541513016 0.189722198988541 0.187121063812043 0.184692186868653 0.183001665966722 0.180751820779462 0.16376612788401 0.152068218974797 0.149332405885235 0.144903701288247 0.13971786415497 0.135456043106884
-9999 -9999 -9999 -9999 -9999 -9999 -9999 -9999 -9999 -9999 -9999 -9999 -9999 -9999 -9999 0.572520730784486 0.57143711429774 0.563699022522742 0.553101483962292 0.551466423422808 0.532116325525011 0.476563689157387 0.38075106316785 0.26293284834843 0.276058706269692 0.284487820864624 0.268803814923071 0.273184790880917 0.290905298475352 0.306570172834494 0.310171173967393 0.275460303630299 0.272361672931893 0.294635608628753 0.273456478671726 0.250623996361446 0.24764273938141 0.244710480865326 0.24182552015372 0.238439580184826 0.234900896665801 0.231079863131384 0.222942425997591 0.209796936870588 0.202148596308627 0.196349603761786 0.19334883269414 0.190426345854054 0.187613309488645 0.185392708588514 0.18277506408427 0.169257433338359 0.159151282279986 0.15482713894471 0.150853315940341 0.147030946750319 0.142289900895814
-9999 -9999 -9999 -9999 -9999 -9999 -9999 -9999 -9999 -9999 -9999 -9999 -9999 -9999 -9999 0.573330512248753 0.574409334826649 0.560950249389215 0.541348239103217 0.551103658226286 0.542377346964042 0.495881679548037 0.399498548575448 0.275847576227299 0.305444165220933 0.321277302740346 0.287908612954313 0.288318145693263 0.311183999113633 0.320845748611363 0.327476553573094 0.328102410188109 0.331854209166779 0.338114947122127 0.29512029069388 0.253907489666574 0.25070170337302 0.248459724678803 0.247148101340906 0.243716194848793 0.239804918175437 0.235684786447669 0.229924931811682 0.22226260967242 0.211698525947392 0.201223864460814 0.198974064857867 0.196154041317548 0.19253677824938 0.189405273896144 0.186344649170752 0.18142328840139 0.17371253673751 0.161274135733154 0.155806688300599 0.153477591854947 0.150218565981311
-9999 -9999 -9999 -9999 -9999 -9999 -9999 -9999 -9999 -9999 -9999 -9999 -9999 -9999 -9999 0.557324185914365 0.559862531700989 0.547404197736958 0.528503054308076 0.529922682243899 0.518000779277242 0.478814057390132 0.402405039399872 0.3056507965091 0.324943660337693 0.332360075674813 0.298827819075008 0.29611811234177 0.313899746249999 0.32693014974198 0.339098281348904 0.349841947480544 0.355201067312718 0.356238451005564 0.313873384889235 0.2723117021318 0.260988982620236 0.254680891867699 0.253213380011951 0.249331493194471 0.244956164397347 0.240652388794514 0.235756496012631 0.230173606857381 0.221052717143726 0.211296317361647 0.20478956792649 0.199432060925291 0.195681328798637 0.192542900838853 0.1896966748821 0.188126118265278 0.183737911327327 0.174574159051301 0.166696572424629 0.159430402640924 0.156501512292044
-9999 -9999 -9999 -9999 -9999 -9999 -9999 -9999 -9999 -9999 -9999 -9999 -9999 -9999 -9999 0.55213222981371 0.540805984733051 0.528243821780248 0.515090087093372 0.497916738971136 0.475613501008186 0.442826794647847 0.397074595265106 0.34423562534151 0.339302692796886 0.330075980231654 0.305490714910661 0.300104894090877 0.307483181338216 0.328755337699692 0.347764647312822 0.355512894396644 0.359753045003946 0.361177532697487 0.331112976046759 0.298578323715592 0.275034811389854 0.262187399567289 0.259664843454209 0.25512289888261 0.250235961504406 0.245808575486243 0.240989598345578 0.235716282620389 0.230305129072929 0.224071704781321 0.210704007274651 0.20143630819576 0.197900884801073 0.195225580943007 0.192935574967824 0.191988306841811 0.191404737831238 0.191437590809644 0.180673299424963 0.165126431496827 0.161928724549106
-9999 -9999 -9999 -9999 -9999 -9999 -9999 -9999 -9999 -9999 -9999 -9999 -9999 -9999 -9999 0.54236031482431 0.542875981455261 0.542231652978786 0.540843831651995 0.517993827423048 0.491251337605492 0.456554144875683 0.409923994897241 0.3567714450572 0.328315245587546 0.309381769783769 0.312318165491079 0.315291565469259 0.318289566498386 0.330076317178573 0.340988224581698 0.346571326289286 0.350659807654282 0.353548679174749 0.341825432358493 0.322514417348454 0.280056988910879 0.257385577857037 0.253813442702087 0.249279564948725 0.244553609591916 0.239882598867112 0.235243189693947 0.23064044581633 0.225879207445862 0.220143089712245 0.205936041195991 0.195989511779945 0.191999684657914 0.188925495052609 0.18629279753643 0.18564867072229 0.185429716750528 0.185931374619799 0.177565196552596 0.165259653240084 0.161513028385815
-9999 -9999 -9999 -9999 -9999 -9999 -9999 -9999 -9999 -9999 -9999 -9999 -9999 -9999 -9999 -9999 0.547572471390242 0.553159435042095 0.560869345826644 0.534953030877311 0.506494124701313 0.472839166446251 0.423922214146692 0.366663253594737 0.327928826951978 0.305732116792899 0.323784528297353 0.330838816101597 0.330581369473305 0.335141194475118 0.339882178101095 0.34383261573025 0.347657283579483 0.351381006284428 0.352450764826342 0.344247967345865 0.298360916922798 0.268656329926476 0.254572538551472 0.248196335553347 0.243402098891952 0.238419069115271 0.233807291602935 0.229626254775437 0.225156820773147 0.21976783468061 0.206743394894974 0.196771284778338 0.191066687308346 0.187435348835322 0.184661957748353 0.18386155244063 0.183563413555122 0.184116549951395 0.189533389715397 0.196925943000575 0.173878187134545
-9999 -9999 -9999 -9999 -9999 -9999 -9999 -9999 -9999 -9999 -9999 -9999 -9999 -9999 -9999 -9999 -9999 0.55477408522691 0.564816732691583 0.541338649410031 0.517351146735374 0.492322592054832 0.439602876647564 0.371747531477418 0.35450555765649 0.344111001289896 0.346383008148926 0.346588727476667 0.345420744698315 0.349228131151955 0.353310095691742 0.356857618618251 0.360091827030455 0.363074563436636 0.36325345401705 0.360829429987712 0.349099795711695 0.319259664036055 0.271937621787247 0.259235198085279 0.253782190643371 0.248329979087769 0.243374828267836 0.238996385800287 0.234139874326338 0.228916541158052 0.221574438017382 0.212954340752852 0.202547458744423 0.198029909077489 0.195654232598805 0.193613064830042 0.192373568699669 0.1924928001682 0.194398265166383 0.196925943000575 0.173878187134545
-9999 -9999 -9999 -9999 -9999 -9999 -9999 -9999 -9999 -9999 -9999 -9999 -9999 -9999 -9999 -9999 -9999 0.567818121777551 0.567394870461413 0.548317410263735 0.526645788228425 0.499672724156938 0.453487943712617 0.396802287952946 0.386754637011059 0.380203407879385 0.378183815281017 0.382941772542285 0.392205556981691 0.383479516591523 0.376362770946866 0.379568622934775 0.378494686645757 0.373985713375646 0.374504219959803 0.376096247859335 0.37913304912136 0.350459012781257 0.291174772042668 0.276000448397258 0.270062193788975 0.264121208895637 0.25853242485778 0.253352277351633 0.247900275498177 0.242395370237398 0.237103091395036 0.230078969963314 0.22063353073386 0.213669741470511 0.207790070861917 0.205292596441189 0.203565672218233 0.203144728860653 0.200586972409319 0.197090278350458 -9999
-9999 -9999 -9999 -9999 -9999 -9999 -9999 -9999 -9999 -9999 -9999 -9999 -9999 -9999 -9999 -9999 -9999 0.568497692277286 0.569104874533985 0.555672236245365 0.534949846488349 0.499330084367272 0.466234564230547 0.434518762065348 0.422600108741054 0.414846137761665 0.415819097990964 0.432357652332253 0.459244470935142 0.430515600973077 0.405517751827985 0.408420762755297 0.400681588475621 0.384400800129963 0.386039076305681 0.390529552362913 0.39603848584762 0.369355812913436 0.311598853492046 0.296396353068024 0.290082869037577 0.283640689332242 0.277234240982324 0.270869249479894 0.264689618931928 0.258619591194231 0.253074044842337 0.247800577077565 0.242907506890164 0.232508386104225 0.220650953192634 0.218194534158959 0.21626798279554 0.215239487185705 0.207615017791821 -9999 -9999
-9999 -9999 -9999 -9999 -9999 -9999 -9999 -9999 -9999 -9999 -9999 -9999 -9999 -9999 -9999 -9999 -9999 0.601280371992646 0.602843815956511 0.570433698452762 0.542398444663491 0.523303684124113 0.48150864351656 0.427305923866001 0.440221783870795 0.448813653533003 0.44018138099923 0.45894981261462 0.495934685276164 0.474464322146903 0.448008239912357 0.422157264950697 0.404385692588699 0.393098797719882 0.397911758664961 0.404407878878497 0.408089201359734 0.398715987347052 0.376741339230988 0.339740932816558 0.304405129436487 0.297463812072326 0.291588409559012 0.286949721099536 0.280797559372972 0.274302592447375 0.268551800595223 0.263135650204388 0.258187367581167 0.245626443807689 0.230984154201527 0.228177406541598 0.225819648851162 0.224222869888133 0.223413721203127 -9999 -9999
-9999 -9999 -9999 -9999 -9999 -9999 -9999 -9999 -9999 -9999 -9999 -9999 -9999 -9999 -9999 -9999 -9999 0.648233852633792 0.631192522434473 0.585302875808017 0.550961351669528 0.540219628094185 0.490780919852318 0.420190941043198 0.455903320261779 0.479851670419361 0.464044028212078 0.481749460865813 0.521734939651127 0.505525014375601 0.478624260912346 0.433288321862777 0.409544955903091 0.403132187225643 0.410395954744197 0.418266869303566 0.420257731995192 0.42463256533821 0.43130862546794 0.380171773241867 0.324521464189667 0.313682070677756 0.306167647844094 0.302510979654826 0.296476314230432 0.289836962971521 0.28376539977929 0.278019630147472 0.272729357886525 0.260002955291845 0.245144485359761 0.240080605859529 0.236108472929709 0.233986706315961 0.239476079105789 -9999 -9999
-9999 -9999 -9999 -9999 -9999 -9999 -9999 -9999 -9999 -9999 -9999 -9999 -9999 -9999 -9999 -9999 0.659822416515602 0.65013112390475 0.635893394665122 0.598808896015022 0.56309753862975 0.530192339564042 0.481281629011017 0.423622513202313 0.469860628981522 0.502162705345195 0.489420008556681 0.49825865494727 0.521444935018323 0.498218899807299 0.470199559667258 0.439969142246146 0.423332208488203 0.417605655352725 0.424656936312796 0.432193850031232 0.433890955415317 0.437722542214874 0.443614525943461 0.406533998704519 0.363503021991945 0.338460916384192 0.32242104948798 0.316825914759359 0.311009408159698 0.305044217544383 0.298290701307847 0.292080532582859 0.286630027009794 0.279499634465498 0.271483731773318 0.258471374774235 0.249350822031367 0.246826363748161 0.246981435579261 0.248335684093501 -9999
-9999 -9999 -9999 -9999 -9999 -9999 -9999 -9999 -9999 -9999 -9999 -9999 -9999 -9999 -9999 0.652125505196999 0.65373885629329 0.648644999077606 0.640257056062687 0.602192053139741 0.564612264968684 0.528024064078314 0.487649095000855 0.445204327483264 0.482455289894796 0.511223809962844 0.511042642185138 0.518384185679897 0.530726951977403 0.50905436660706 0.48703736180135 0.473616531679786 0.457243585132378 0.438501215510952 0.44072329637051 0.444956060447603 0.444755718571774 0.446099984584058 0.448935247578632 0.427261073631638 0.398316257388423 0.356750456772006 0.331394121893539 0.324844612032454 0.317570655637381 0.310204499676332 0.303849063706141 0.298001007741945 0.292862328164658 0.288005978780662 0.28264640256652 0.26648700546511 0.255299037727966 0.252536986488 0.250308816815945 0.248335684093501 -9999
-9999 -9999 -9999 -9999 -9999 -9999 -9999 -9999 -9999 -9999 -9999 -9999 -9999 -9999 -9999 0.649927897072379 0.645672759116805 0.644565264636068 0.644362221785076 0.597815328106371 0.557984899283061 0.531880271449642 0.506179539215318 0.480699571083702 0.494005386012989 0.510127916806382 0.529788073190287 0.54128189124379 0.547346592587413 0.533796623653138 0.523240638667962 0.527935681299954 0.506581509578664 0.464319758126314 0.458173605239189 0.456825393000921 0.453498263416004 0.450864939839003 0.448901341356675 0.443668411766569 0.429934182287961 0.370065491019508 0.334786313030403 0.328036802889914 0.318020925564167 0.30766307513169 0.30253364045664 0.297681276363898 0.293216289239646 0.288087463183511 0.282175167278016 0.266549367467436 0.255655790297133 0.252782705804375 0.250433487985985 -9999 -9999
