layers/veg50/veg5100.asc
NCOLS 255 
NROWS 330 
XLLCORNER -2985163.8955 
YLLCORNER -3022031.214 
CELLSIZE 25000 
NODATA_value -9999 
[rows 75 to 99 of 330, columns 0 to 56 of 255]
-9999 -9999 -9999 -9999 -9999 -9999 -9999 -9999 -9999 -9999 -9999 -9999 -9999 -9999 -9999 -9999 -9999 -9999 -9999 -9999 -9999 -9999 -9999 -9999 0.796894638676561 0.780283688307384 0.763672737938208 0.778567945856707 0.800172617583031 0.806727779469093 0.802332162519135 0.783047490067879 0.5433245505628 0.245117845806034 0.233374987419237 0.242520892911314 0.286057412367252 0.430493833704304 0.617417984336161 0.69083408890891 0.742945172488661 0.752181413347252 0.760558185118427 0.768472135914048 0.768820098265549 0.766518575887746 0.75822793405251 0.75385217932364 0.752042419020499 0.747001616331683 0.742673222296241 0.741463157694785 0.744105187340621 0.749796676435086 0.745043264949868 0.738559775106291 0.731022489954518
-9999 -9999 -9999 -9999 -9999 -9999 -9999 -9999 -9999 -9999 -9999 -9999 -9999 -9999 -9999 -9999 -9999 -9999 -9999 -9999 -9999 -9999 -9999 -9999 0.79262417980433 0.773536541087389 0.754448902370449 0.778343022445383 0.810741151830237 0.817118864526159 0.818048961715937 0.811572293520782 0.603045938193279 0.336564380525283 0.264316600745445 0.23148822152217 0.26355872262942 0.426220918068957 0.643722301693471 0.703597298493032 0.747040851322452 0.75741728930918 0.766144754996457 0.773984255101884 0.778718069992262 0.777805668186487 0.763056369608708 0.757730359313065 0.758580799205391 0.75454520178638 0.751732371590754 0.754095419354206 0.756841751953282 0.759891506921718 0.757986304105575 0.754093847917178 0.744861303441651
-9999 -9999 -9999 -9999 -9999 -9999 -9999 -9999 -9999 -9999 -9999 -9999 -9999 -9999 -9999 -9999 -9999 -9999 -9999 -9999 -9999 -9999 -9999 -9999 0.778441807932293 0.78609886314995 0.793755918367607 0.801876516654055 0.810051309252754 0.817628272879206 0.817219326218915 0.805952461298362 0.669251115524377 0.489102565293516 0.312223088373008 0.222594854113517 0.276614363761795 0.445818239738625 0.66304216502304 0.716521746268592 0.754874613256571 0.762786041351128 0.770733795243881 0.778701110446757 0.781466553517339 0.781812260105735 0.776547311538767 0.769778991688803 0.762025294169662 0.761424607856121 0.761149329855262 0.759991350993223 0.759581743471534 0.759764574220668 0.758547843765855 0.756523913165673 0.751971393986574
-9999 -9999 -9999 -9999 -9999 -9999 -9999 -9999 -9999 -9999 -9999 -9999 -9999 -9999 -9999 -9999 -9999 -9999 -9999 -9999 -9999 -9999 -9999 -9999 0.82745238409447 0.825718189404918 0.823983994715367 0.819664512387131 0.815649382196419 0.820097174802108 0.81786446100429 0.806548700958523 0.682865291351701 0.519333773768394 0.344170209559432 0.258815118002782 0.321317914618895 0.481971007747152 0.683330739330507 0.730158684505742 0.762762329297446 0.766740579072503 0.773932378579409 0.782854662921263 0.783970688670075 0.784621488520076 0.784754933211378 0.77927056403491 0.770104025059462 0.769047223271666 0.768033349881348 0.764987055623856 0.763064380447884 0.762031203452598 0.760695424824317 0.759280933804587 0.757717286682292
-9999 -9999 -9999 -9999 -9999 -9999 -9999 -9999 -9999 -9999 -9999 -9999 -9999 -9999 -9999 -9999 -9999 -9999 -9999 -9999 -9999 -9999 -9999 -9999 0.82512817613991 0.827776903499358 0.830425630858805 0.830295920776499 0.829079676631066 0.825006820020246 0.820346568226903 0.814887673742958 0.630972166576047 0.397219530877125 0.35623835934392 0.35122887739931 0.405442071216782 0.538745223701642 0.704825939095029 0.744683100172671 0.770717250521505 0.76893357280411 0.775399010130436 0.786306565885311 0.786170463726577 0.785939282110889 0.786381656281752 0.785577064881496 0.783955155735509 0.777595579529454 0.771762344487712 0.768861438363618 0.767472055888496 0.767279251113007 0.764818577514212 0.762445209761548 0.761763935856597
-9999 -9999 -9999 -9999 -9999 -9999 -9999 -9999 -9999 -9999 -9999 -9999 -9999 -9999 -9999 -9999 -9999 -9999 -9999 -9999 -9999 -9999 -9999 -9999 -9999 -9999 0.832732476670991 0.832811920808009 0.832902104824593 -9999 0.782715366220577 0.784575194438447 0.595986575896459 0.356995842830918 0.367462516608882 0.397274874883914 0.458937369014916 0.578557579019436 0.72194533757331 0.754991291777124 0.776377958534547 0.774301136771156 0.779788715933026 0.789349697462658 0.789142499155948 0.788538974038141 0.787751885390686 0.787310459064776 0.787095595489251 0.784961939943659 0.782673007645766 0.780405713502151 0.776366181863613 0.770923681858474 0.767710097288018 0.765157490891365 0.764040443209014
-9999 -9999 -9999 -9999 -9999 -9999 -9999 -9999 -9999 -9999 -9999 -9999 -9999 -9999 -9999 -9999 -9999 -9999 -9999 -9999 -9999 -9999 -9999 -9999 -9999 -9999 -9999 -9999 -9999 -9999 0.801421768337255 0.752155094550525 0.565928288573881 0.348167435107662 0.383828565313049 0.433534756872064 0.506364302494165 0.614366396900464 0.736394018542055 0.763274226190215 0.781077658178792 0.780614723335448 0.785115293561898 0.792288693203853 0.792322481991572 0.791502797326357 0.789141700258112 0.787753250025253 0.787002316607055 0.791382432908767 0.794675489614662 0.793156614805912 0.786119798495899 0.77471477679739 0.770581275856424 0.767703824565908 0.7657741266293
-9999 -9999 -9999 -9999 -9999 -9999 -9999 -9999 -9999 -9999 -9999 -9999 -9999 -9999 -9999 -9999 -9999 -9999 -9999 -9999 -9999 -9999 -9999 -9999 -9999 -9999 -9999 -9999 -9999 0.822300712125438 0.774763274178341 0.662592300792126 0.532319465861452 0.407154784767961 0.461198247104081 0.521604237749882 0.592485297969025 0.664344791271213 0.736007127372032 0.763450008763121 0.782957917601669 0.78649725732692 0.79078776388766 0.795482771055454 0.795147131315457 0.794090764455773 0.791650375927125 0.789631909935322 0.787889991095001 0.791261582225689 0.793867771113402 0.792684620995837 0.789873785045331 0.785774413139051 0.77753361166087 0.769958700482237 0.767575194728453
-9999 -9999 -9999 -9999 -9999 -9999 -9999 -9999 -9999 -9999 -9999 -9999 -9999 -9999 -9999 -9999 -9999 -9999 -9999 -9999 -9999 -9999 -9999 -9999 -9999 -9999 -9999 -9999 0.840506066806427 0.816198456049743 0.74744874648488 0.618274031022475 0.513872666099104 0.429231285648285 0.519554364785202 0.5952864097234 0.646996227814121 0.694066263713933 0.738815820323104 0.762826969838335 0.779704105003909 0.782224542595113 0.788924514616838 0.797875150718066 0.796975790359481 0.795449551278071 0.793171035398345 0.791088307725552 0.789133908516381 0.791550379181935 0.793295246259682 0.79174616242275 0.79108516947748 0.791127221937375 0.783143816820949 0.775418203844085 0.77346822844713
-9999 -9999 -9999 -9999 -9999 -9999 -9999 -9999 -9999 -9999 -9999 -9999 -9999 -9999 -9999 -9999 -9999 -9999 -9999 -9999 -9999 -9999 -9999 -9999 -9999 -9999 -9999 -9999 0.8373401077065 0.783099220149584 0.719147693379988 0.641993247589226 0.51822610464968 0.395802254629169 0.549318401164814 0.647333337324864 0.653972799492191 0.693325927137766 0.746429945883653 0.761002684841249 0.768729814342522 0.76268064064903 0.775729254886254 0.79906195841814 0.797306706271668 0.79495993013897 0.793205942945771 0.791909719208575 0.790913534385527 0.792455193132195 0.793076399225291 0.79010624680819 0.78847305790254 0.787898258473039 0.786735762370195 0.785696738921065 0.785514648926968
-9999 -9999 -9999 -9999 -9999 -9999 -9999 -9999 -9999 -9999 -9999 -9999 -9999 -9999 -9999 -9999 -9999 -9999 -9999 -9999 -9999 -9999 -9999 -9999 -9999 -9999 -9999 0.809526950352883 0.79144334470941 0.734542918990719 0.682275875763044 0.636308538711567 0.534664193116357 0.427935983845301 0.545741310912018 0.620216774991054 0.623355294492749 0.675417233928573 0.748117841947739 0.768443714795246 0.777629638344284 0.764397204537536 0.776452743644684 0.802125764130878 0.797901214033716 0.793407556319886 0.7907081390271 0.788840137086415 0.787517082445867 0.787634813890525 0.787764416971099 0.787546370909954 0.787351744535379 0.787175658045841 0.788938847940062 0.790749986716818 0.791622917328547
-9999 -9999 -9999 -9999 -9999 -9999 -9999 -9999 -9999 -9999 -9999 -9999 -9999 -9999 -9999 -9999 -9999 -9999 -9999 -9999 -9999 -9999 -9999 -9999 0.843786241747246 0.832804094981865 0.821821948216484 0.781082352191217 0.732308604701012 0.683400649818407 0.644635297128487 0.619660175182497 0.555286311024869 0.484564835438852 0.529529320561065 0.563416269022443 0.579065504176211 0.651636562929134 0.748150492373523 0.778773782547544 0.792904178762931 0.773843796394919 0.782176802859358 0.805261049512365 0.798295170451312 0.791435865431073 0.787321091269164 0.784414565776197 0.782299981216689 0.7808498408164 0.780734356274195 0.784664816080449 0.786723042242184 0.787299139408415 0.790454775124923 0.793594319484453 0.79515449811261
-9999 -9999 -9999 -9999 -9999 -9999 -9999 -9999 -9999 -9999 -9999 -9999 -9999 -9999 -9999 -9999 -9999 -9999 -9999 -9999 -9999 -9999 -9999 -9999 0.849696864592723 0.827568641529851 0.805440418466979 0.788924161829964 0.770919269943524 0.727543395557295 0.67792553118966 0.61982084258209 0.560242163530126 0.505051439412826 0.526848398454487 0.547333313420639 0.565658119652448 0.65207603243197 0.766655485010031 0.768417112156154 0.768641083208645 0.765770630500866 0.774795777514347 0.790226661683922 0.79040793464169 0.789444435610896 0.786881347132301 0.784793139913224 0.78301619139247 0.781966308712233 0.781539449711839 0.782889791665946 0.783521155633745 0.783583350190582 0.78815837429115 0.792335631462018 0.792216208949606
-9999 -9999 -9999 -9999 -9999 -9999 -9999 -9999 -9999 -9999 -9999 -9999 -9999 -9999 -9999 -9999 -9999 -9999 -9999 -9999 -9999 -9999 -9999 -9999 0.854664106030245 0.823812850360167 0.79296159469009 0.795143920114077 0.798983090614355 0.741574523367057 0.678434795939945 0.607502786038513 0.54051343541987 0.480827250942059 0.514309353440691 0.542593801920456 0.562320993785271 0.653120491327316 0.773031626061021 0.755226430692407 0.747498418389555 0.760050021824186 0.770013001739644 0.778582017311273 0.782635420770767 0.785272894402929 0.784748628838926 0.783761875488259 0.78247198668303 0.781519609230753 0.780575538612209 0.779567516287967 0.779167273398117 0.779248171056732 0.783697654479173 0.787675982849857 0.787137708682985
-9999 -9999 -9999 -9999 -9999 -9999 -9999 -9999 -9999 -9999 -9999 -9999 -9999 -9999 -9999 -9999 -9999 -9999 -9999 -9999 -9999 -9999 -9999 -9999 0.857905882031883 0.822763394192867 0.787620906353851 0.798396910636972 0.807756499567677 0.70053083677281 0.618986943638927 0.572360867728803 0.475636064043748 0.374826035360154 0.4837395838486 0.558601700276145 0.577402593468383 0.655271489186705 0.757223829617242 0.736852280369682 0.732063090320223 0.758632292269664 0.769982481828338 0.773137288603885 0.775072735860109 0.777113881304704 0.779519423412905 0.780151985187923 0.779622455304033 0.77821384208341 0.776376079133892 0.773415284716656 0.772706365711016 0.77378011408322 0.775278347442947 0.776795902186672 0.778144715027316
-9999 -9999 -9999 -9999 -9999 -9999 -9999 -9999 -9999 -9999 -9999 -9999 -9999 -9999 -9999 -9999 -9999 -9999 -9999 -9999 -9999 -9999 -9999 -9999 0.853107626221295 0.827612065681258 0.80211650514122 0.807881915387753 0.812017300418242 0.731153655636712 0.672667283609937 0.644605821171998 0.521750274640747 0.382074175389377 0.49642214614013 0.577749012614756 0.604710955611585 0.63067111753268 0.656072275857996 0.672891319933838 0.690816828147162 0.710969016910892 0.726634418948188 0.739883702662874 0.752960256453476 0.764018511306682 0.770053304609139 0.77193518223818 0.771095050731587 0.767962204281246 0.765478438202936 0.765661718500943 0.766938854677913 0.769081927390027 0.770101245852544 0.771041077846505 0.772310052239564
-9999 -9999 -9999 -9999 -9999 -9999 -9999 -9999 -9999 -9999 -9999 -9999 -9999 -9999 -9999 -9999 -9999 -9999 -9999 -9999 -9999 -9999 -9999 -9999 0.844376272757478 0.835346038196165 0.826315803634851 0.820415554908523 0.814070581603038 0.796834963200113 0.781688726443565 0.769383284826989 0.62216038117224 0.444722690092052 0.530263287029503 0.598432092728561 0.638000519304914 0.592984261756307 0.513171467934761 0.586629779094638 0.636944132805435 0.640682914687381 0.662095876904098 0.693026320906251 0.723730173046812 0.748508328259218 0.758514533053228 0.76146472684611 0.759790091262092 0.754312720772729 0.751304118476729 0.757124796487762 0.761510545878867 0.764760353011751 0.766510196522638 0.767793474135193 0.768020411165014
-9999 -9999 -9999 -9999 -9999 -9999 -9999 -9999 -9999 -9999 -9999 -9999 -9999 -9999 -9999 -9999 -9999 -9999 -9999 -9999 -9999 -9999 -9999 -9999 -9999 -9999 -9999 0.82051253891965 0.81375845670646 0.794724943587006 0.782832770865338 0.78065021013826 0.657789046854912 0.503028138210517 0.506931011106535 0.518238931611513 0.541738293179276 0.55340514808869 0.560309119315677 0.59607118315823 0.615008939050924 0.600088969223481 0.629981381645398 0.684005098814799 0.699304022870735 0.714360427737108 0.732005503355238 0.743592657517535 0.751209175422688 0.748365996173138 0.745924193615352 0.747549140670428 0.750228532340156 0.753742661139036 0.758385865004093 0.762489681145322 0.763693376507689
-9999 -9999 -9999 -9999 -9999 -9999 -9999 -9999 -9999 -9999 -9999 -9999 -9999 -9999 -9999 -9999 -9999 -9999 -9999 -9999 -9999 -9999 -9999 -9999 -9999 -9999 -9999 0.818515912559783 0.81458554702113 0.796179096918425 0.785951255768559 0.786843332612261 0.685456974214715 0.553761979687879 0.505128591231721 0.482809751858572 0.503814371182859 0.542378864728453 0.588040457326828 0.592914489716772 0.588140615215639 0.563951012812654 0.601709775281654 0.672827506774346 0.678988234906494 0.687951790535001 0.70926887405297 0.725808826159629 0.739217629847613 0.741048488548372 0.741285310197916 0.73957326303348 0.740808409724972 0.744376663441877 0.749335765194773 0.754220420824446 0.757980611206503
-9999 -9999 -9999 -9999 -9999 -9999 -9999 -9999 -9999 -9999 -9999 -9999 -9999 -9999 -9999 -9999 -9999 -9999 -9999 -9999 -9999 -9999 -9999 -9999 -9999 -9999 0.820263259279222 0.819752191742096 0.818033782562673 0.807271925808686 0.796083890264357 0.784316407380448 0.696744837878329 0.587552608306632 0.553159749537027 0.550563923330767 0.600317746841611 0.595681184003729 0.567555185887309 0.559115570738818 0.549405357438254 0.537138155531585 0.581317885530343 0.655894082922659 0.667812075758997 0.679411074598944 0.695381878314099 0.708399909571137 0.719482559944357 0.730461386460991 0.738105376273614 0.735223844823767 0.735719524676988 0.738888729178628 0.738309352728873 0.739323703171041 0.74914891697639
-9999 -9999 -9999 -9999 -9999 -9999 -9999 -9999 -9999 -9999 -9999 -9999 -9999 -9999 -9999 -9999 -9999 -9999 -9999 -9999 -9999 -9999 -9999 -9999 -9999 -9999 0.820263259279222 0.81529674059046 0.808700841571642 0.799643521011479 0.790464625430712 0.781120432270979 0.724469953086353 0.650945462004815 0.570982374392058 0.540673965493895 0.59211548191804 0.565281294760956 0.505028116677625 0.500410170512141 0.49888092076353 0.503567453347654 0.560628962146763 0.645894205019931 0.662290264767231 0.676452763659008 0.69072055480626 0.701701743522267 0.710528744061443 0.713514208909508 0.716427318765651 0.720673286774257 0.727262842307237 0.735707667898814 0.732661449399621 0.730309145141576 0.737574216990061
-9999 -9999 -9999 -9999 -9999 -9999 -9999 -9999 -9999 -9999 -9999 -9999 -9999 -9999 -9999 -9999 -9999 -9999 -9999 -9999 -9999 -9999 -9999 -9999 -9999 -9999 -9999 0.807434811933187 0.791718418296798 0.780810533830295 0.775417912775663 0.777524033524995 0.762032696635016 0.732055127275817 0.570725314574953 0.484314311375304 0.521247316041731 0.484785973415903 0.41733920212429 0.426798342338189 0.441300708363774 0.465952208415295 0.539762265339747 0.640044026228657 0.660152558199147 0.676835499453703 0.691580758687366 0.701413918203012 0.708027464955226 0.692760552004394 0.683678209365371 0.70001738793078 0.716790546908226 0.733907260737409 0.730232561960594 0.724815035774972 0.724357839190808
-9999 -9999 -9999 -9999 -9999 -9999 -9999 -9999 -9999 -9999 -9999 -9999 -9999 -9999 -9999 -9999 -9999 -9999 -9999 -9999 -9999 -9999 -9999 -9999 -9999 -9999 -9999 -9999 0.79076087006106 0.77974864216989 0.774569508933448 0.777321251788932 0.77270554196546 0.756888316677799 0.605388582496717 0.497989523010358 0.463196448625205 0.416809669532284 0.366670772400452 0.40954915392535 0.435915519330357 0.429052624159542 0.495480215218759 0.601374466373544 0.658605406505718 0.700632307742129 0.708723398154722 0.703770228941599 0.690267260825488 0.695108824743154 0.70172292884938 0.70904162792066 0.719017803456115 0.731097735076689 0.725098431763238 0.717285542131939 0.712549010116876
-9999 -9999 -9999 -9999 -9999 -9999 -9999 -9999 -9999 -9999 -9999 -9999 -9999 -9999 -9999 -9999 -9999 -9999 -9999 -9999 -9999 -9999 -9999 -9999 -9999 -9999 -9999 -9999 -9999 -9999 -9999 -9999 -9999 0.773299303110027 0.642406709740157 0.531528777702595 0.453602364265568 0.393942909361674 0.343685379633405 0.393913205231512 0.422571774461647 0.407823746031394 0.46627438194462 0.564142232201688 0.654012845470628 0.718646406715564 0.720947468243125 0.703741844354509 0.673750654833379 0.692615044875654 0.71030456971297 0.71121383253928 0.717346521665349 0.727614267117007 0.720213061218366 0.710686347010346 0.702701167299563
-9999 -9999 -9999 -9999 -9999 -9999 -9999 -9999 -9999 -9999 -9999 -9999 -9999 -9999 -9999 -9999 -9999 -9999 -9999 -9999 -9999 -9999 -9999 -9999 -9999 -9999 -9999 -9999 -9999 -9999 -9999 -9999 -9999 0.775432437912687 0.680181797461794 0.609314823758723 0.578592363872284 0.496264596045945 0.392579117343624 0.373325632388285 0.377967493180748 0.430697041426867 0.483562182042911 0.536500338656674 0.640726533177305 0.716393437558604 0.716545658155556 0.696537961604286 0.663316541739934 0.672561372655455 0.683616177002861 0.689044701860996 0.702532061945859 0.722399092321599 0.716485866217423 0.707055679861346 0.698149893558172
