layers/veg50/veg5900.asc
NCOLS 255 
NROWS 330 
XLLCORNER -2985163.8955 
YLLCORNER -3022031.214 
CELLSIZE 25000 
NODATA_value -9999 
[rows 200 to 224 of 330, columns 56 to 111 of 255]
-9999 -9999 -9999 -9999 -9999 -9999 -9999 -9999 -9999 -9999 -9999 -9999 -9999 -9999 -9999 -9999 -9999 -9999 -9999 -9999 -9999 0.232194709590738 0.233093839015753 0.199882661708084 0.148027232579444 0.129006761665021 0.114787181144937 0.109695302711232 0.111237132858638 0.117189162124553 0.118823602836839 0.120028234845197 0.121079080397018 0.118698062034779 0.113562566418976 0.111571959767923 0.110021624199553 0.108394280135582 0.10944578186923 0.113083150884152 0.116280857352538 0.118979523905957 0.119276208502161 0.120833724167356 0.123854102932074 0.130331904057816 0.137361396704827 0.140583906577662 0.141666135608069 0.139756002556752 0.137174451816546 0.134538525634385 0.135252711794451 0.135097204339113 0.133467681013368 0.132430690443479
-9999 -9999 -9999 -9999 -9999 -9999 -9999 -9999 -9999 -9999 -9999 -9999 -9999 -9999 -9999 -9999 -9999 -9999 -9999 -9999 -9999 0.229466068942793 0.230124261245723 0.197945778447436 0.147819194380276 0.124917749649001 0.107810302176011 0.102873477041558 0.108449864738848 0.121015610107846 0.123753665732089 0.124795957258847 0.123174922544385 0.120386017248371 0.116659757490598 0.113142438214445 0.109540258985438 0.105449019241725 0.104197539672819 0.105687256677911 0.106835355746908 0.108518247520349 0.113779699681482 0.117070590904348 0.118075164036835 0.122339865011292 0.127565682733255 0.133215959176305 0.137171021616543 0.138755977292349 0.135218653296617 0.130195818427941 0.131618812456039 0.132534016098905 0.132588582071894 0.131312441082112
-9999 -9999 -9999 -9999 -9999 -9999 -9999 -9999 -9999 -9999 -9999 -9999 -9999 -9999 -9999 -9999 -9999 -9999 -9999 -9999 -9999 0.228262523275156 0.225257597996962 0.190930321637648 0.139482653903439 0.113683817655545 0.0953705737772502 0.0936681211558654 0.104720577371455 0.124252707817786 0.129665523267307 0.131568894576476 0.126185621638875 0.122894136687113 0.121281559340826 0.115694735819282 0.110048755542443 0.106608808205364 0.103108905897276 0.0995511295607482 0.0953614154066884 0.0935935275863749 0.106900331733548 0.114332377508362 0.114948310123464 0.117635461815292 0.121011894429937 0.125374199526986 0.130658625577637 0.137232284200772 0.132881963845398 0.12517445317579 0.127837468021785 0.130283627036688 0.132362244044891 0.130665289813646
-9999 -9999 -9999 -9999 -9999 -9999 -9999 -9999 -9999 -9999 -9999 -9999 -9999 -9999 -9999 -9999 -9999 -9999 -9999 -9999 0.244640071209065 0.241376379831444 0.231442992519113 0.204280384449457 0.167700507488141 0.133404696163074 0.10761723338481 0.103211928429167 0.110193624242082 0.124745586390628 0.131367249728749 0.134451144555786 0.128390952302855 0.12446836629502 0.122261462472329 0.115986074173914 0.110027933616587 0.107930418473853 0.105218979868076 0.101914926115247 0.096674429653144 0.0927250897169688 0.0987893962567194 0.104067580833812 0.108433677472101 0.11343745640463 0.118143093712218 0.118505767921921 0.1222683202548 0.130784298482355 0.130691811640995 0.127623623236198 0.12683485135825 0.127013037506926 0.128830089863211 0.128718827763388
-9999 -9999 -9999 -9999 -9999 -9999 -9999 -9999 -9999 -9999 -9999 -9999 -9999 -9999 -9999 -9999 -9999 -9999 -9999 0.240602910407487 0.24216077554167 0.240573906648725 0.2325604436543 0.212175626571866 0.185028787594091 0.146654894118338 0.117575396022493 0.113131145963687 0.117316955588907 0.127240171545113 0.133224250453113 0.13637192542959 0.131498048270095 0.126710638878152 0.121992630110725 0.11663064119603 0.111815786295835 0.109719444332631 0.107132644856082 0.104072410873619 0.0986475318715819 0.0935339977383717 0.093180434536303 0.0958002056248405 0.101869749742645 0.108603742925192 0.114596356331903 0.112142224156882 0.113659234518693 0.120728365010149 0.124671039931849 0.127241364492354 0.12543385151392 0.124685922622861 0.125733848884874 0.126467151262074
-9999 -9999 -9999 -9999 -9999 -9999 -9999 -9999 -9999 -9999 -9999 -9999 -9999 -9999 -9999 -9999 -9999 -9999 -9999 0.240572733281763 0.239264907637859 0.23605402853066 0.228954059899033 0.206165979396222 0.174802980156556 0.143071755500526 0.120894998318495 0.123002487250764 0.127880906776516 0.134601486763706 0.135658094842699 0.136214837207541 0.136776110513727 0.130578017694353 0.118954732994527 0.118222606597981 0.117903800549873 0.112604869900866 0.108422703333708 0.1053185397269 0.101542741326764 0.0976054234048432 0.0935448681620912 0.0926279118308497 0.0953582758745906 0.102242645511241 0.109263948759711 0.106923157811129 0.104626830154087 0.102392667361113 0.109591485516475 0.119796120484792 0.122952937476507 0.124639042947468 0.123832486538453 0.123559066462471
-9999 -9999 -9999 -9999 -9999 -9999 -9999 -9999 -9999 -9999 -9999 -9999 -9999 -9999 -9999 -9999 -9999 -9999 -9999 -9999 0.236532939442039 0.234247725779635 0.227292438108827 0.196689837604773 0.153161922215471 0.129080301643578 0.115106058730214 0.124974425154911 0.132388455254952 0.138170801996705 0.142135276073178 0.144034468663469 0.139793168674625 0.131577556085733 0.120172086926322 0.118995106875167 0.118093064775421 0.112033686042392 0.107710340895878 0.105062774345708 0.101051911727129 0.096681712221024 0.091875557249254 0.0898245118890564 0.0909700471692207 0.0956243225175324 0.100686349192402 0.100499843171487 0.099477728576545 0.09728733579936 0.105039483098031 0.116049292517394 0.121227749819473 0.123312413821016 0.120153506587851 0.119777712017748
-9999 -9999 -9999 -9999 -9999 -9999 -9999 -9999 -9999 -9999 -9999 -9999 -9999 -9999 -9999 -9999 -9999 -9999 -9999 -9999 -9999 0.234137388830198 0.226846279071205 0.185047160698363 0.124386411807832 0.108583722883111 0.103624343578854 0.122009290681003 0.133110794005973 0.139370143514104 0.151139514812264 0.156839494646119 0.141397114950685 0.130784714083341 0.124048943277774 0.119255447127583 0.11459565110658 0.109302145243645 0.105746479260993 0.103868335474845 0.0984448311806596 0.0926360751179045 0.0889351700919291 0.0872516680487598 0.0879088319782107 0.0888452353188352 0.0900805271146184 0.0933238816926005 0.096755664332868 0.100450891366758 0.107067127730515 0.114613948948161 0.119974885913624 0.121185950155248 0.115363527952044 0.115450570095853
-9999 -9999 -9999 -9999 -9999 -9999 -9999 -9999 -9999 -9999 -9999 -9999 -9999 -9999 -9999 -9999 -9999 -9999 -9999 -9999 -9999 0.231356822288598 0.231812599306632 0.198161961071573 0.14586919804788 0.119471255241184 0.101291403667971 0.101558576346271 0.114940701223452 0.137041863109811 0.152466375144292 0.163977256348038 0.16477438408555 0.155507051761629 0.138161798225548 0.130337683728438 0.123498198762051 0.114948473482066 0.108869848083832 0.105176554584381 0.101387750915415 0.097489831729407 0.0930659478228046 0.0899965458307954 0.08849866413247 0.0888056805952754 0.0895279588797144 0.0894214755861948 0.0913803268131285 0.0962267564281718 0.10063157125533 0.105008308729369 0.111725754826198 0.116013860113512 0.116184553424446 0.116277019854317
-9999 -9999 -9999 -9999 -9999 -9999 -9999 -9999 -9999 -9999 -9999 -9999 -9999 -9999 -9999 -9999 -9999 -9999 -9999 -9999 -9999 0.240788849760836 0.23953010399292 0.211830571674271 0.169678847920939 0.129635895454026 0.0979287581281521 0.0871821977743661 0.103010894686679 0.136507261912825 0.154769600053672 0.170858375580439 0.184285990040412 0.178035609557163 0.155991307512862 0.143620895767877 0.132645347131615 0.121604928658013 0.112958495231615 0.106622955403843 0.104005805983976 0.101716748090835 0.0967686344134596 0.0927484165926228 0.0898047780551741 0.0895874604745135 0.0897434764349863 0.0863358034245442 0.086382872987801 0.091260075342382 0.0940617667793845 0.0963770383087716 0.103365841015119 0.109607829021462 0.114584064697836 0.115402495847775
-9999 -9999 -9999 -9999 -9999 -9999 -9999 -9999 -9999 -9999 -9999 -9999 -9999 -9999 -9999 -9999 -9999 -9999 -9999 -9999 -9999 0.241490358466152 0.242366728083432 0.221890163611161 0.189742361955298 0.130983393466274 0.0895576868522384 0.0946029200995424 0.11367100746602 0.14206172004571 0.161609970317182 0.178179011047942 0.187665266706383 0.18861448343693 0.182711715319435 0.16115830590705 0.139887306833182 0.129489387845837 0.118840462347523 0.107949242378704 0.104478064152814 0.102187555952884 0.0976951624355731 0.0943917809806597 0.0924679355426992 0.0913831311333777 0.0901106243954951 0.0849863953948576 0.0830738789865013 0.0856517111286813 0.088889628024657 0.0923816557394273 0.0961619176964912 0.100175076195969 0.104582963590314 0.10836959524279
-9999 -9999 -9999 -9999 -9999 -9999 -9999 -9999 -9999 -9999 -9999 -9999 -9999 -9999 -9999 -9999 -9999 -9999 -9999 -9999 -9999 0.250004118112879 0.248819646082675 0.233718302747591 0.211010177825883 0.139532505683326 0.0894557758457296 0.0982372714844439 0.116897518218024 0.142125321973118 0.163939353576677 0.182178079285979 0.189862834991839 0.193459612497193 0.193775303325355 0.177744175039769 0.159117804729948 0.139590759450916 0.125270848763515 0.115977341231404 0.109159849855209 0.103268976479259 0.0997869878622417 0.0968292577946542 0.0944797919945257 0.0925197890699665 0.0903939952912177 0.0857641349970824 0.0826100170397567 0.0815191588769048 0.0834740520126469 0.086548577002708 0.0900090910152239 0.0929170300462293 0.0948884274286488 0.0997304917645632
-9999 -9999 -9999 -9999 -9999 -9999 -9999 -9999 -9999 -9999 -9999 -9999 -9999 -9999 -9999 -9999 -9999 -9999 -9999 -9999 -9999 0.251437424175242 0.254615369606501 0.246883502081139 0.233188472111153 0.153526195071258 0.0956055300832604 0.099009043981385 0.114504063953233 0.138037717032907 0.162858332423809 0.183665970363619 0.191167006007153 0.193969905608163 0.193001994597988 0.193610658449569 0.187411898580837 0.15136816512191 0.132115852113486 0.12907215581143 0.117024130045314 0.104812033477388 0.102759803503839 0.0998671008963342 0.0959992506797557 0.0931582190369667 0.0906140289015199 0.0881500445326632 0.0842971368856828 0.0785023526076118 0.0778744321327134 0.0793261599433066 0.0846509162818969 0.0873031095026995 0.0854256610422224 0.089877063935329
-9999 -9999 -9999 -9999 -9999 -9999 -9999 -9999 -9999 -9999 -9999 -9999 -9999 -9999 -9999 -9999 -9999 -9999 -9999 -9999 -9999 0.266702279324682 0.267032067785597 0.254615010879753 0.23523069340943 0.167714028644464 0.114117684813565 0.100333853684979 0.0944908161050284 0.0939269493358328 0.145611813741775 0.189723849376365 0.194508392697654 0.195999548175412 0.19484736984701 0.19600015186654 0.193636956103186 0.174937531450114 0.155019916405896 0.1339263924394 0.120409840617132 0.109652848938595 0.105818685627762 0.101640528532185 0.097063257053611 0.0940236848978057 0.0914312235492716 0.0889823583406549 0.0859460953190783 0.0820885816898504 0.0810174927008786 0.0810237806688703 0.0823306144473133 0.0832775328439822 0.0836144421807465 0.0850909803765501
-9999 -9999 -9999 -9999 -9999 -9999 -9999 -9999 -9999 -9999 -9999 -9999 -9999 -9999 -9999 -9999 -9999 -9999 -9999 -9999 -9999 0.283367629781172 0.279813418516559 0.262765881983403 0.238343068640793 0.177890275134205 0.12487438389168 0.0940887266014795 0.0738499224780929 0.0606228406772365 0.134869936185361 0.197540164312065 0.197920342527635 0.197490804602133 0.196411373572393 0.196459568796069 0.196339378559641 0.194807955348283 0.176886797063035 0.143144765581582 0.126809841092368 0.115131099981665 0.109420308944539 0.104185934330454 0.0995043157694301 0.0958144485622309 0.0924813925116491 0.0898640878958031 0.0872760941974329 0.0847290805780769 0.0833471912120499 0.0823454279563119 0.0806312960495082 0.0803547214240928 0.0825146166196013 0.081205038865532
-9999 -9999 -9999 -9999 -9999 -9999 -9999 -9999 -9999 -9999 -9999 -9999 -9999 -9999 -9999 -9999 -9999 -9999 -9999 -9999 -9999 0.285205288252874 0.287244183454259 0.275200503351225 0.255459470001822 0.172464103690759 0.0995935103902684 0.0583100770147952 0.0594169576107949 0.0887056196378728 0.157194073538148 0.209914512640375 0.200606772615229 0.196156341437941 0.195604475900204 0.196062124114927 0.196239041525452 0.19460128704345 0.186874947363356 0.173271347683081 0.147056568038791 0.12145744655243 0.115077790055322 0.110335113861787 0.10749172309961 0.101070810753096 0.0941395273786899 0.0916981435802446 0.087391815893744 0.080478079280091 0.0782485914375057 0.0778426464882177 0.079843826277454 0.0809164533194288 0.0804153060324574 0.0783155725432544
-9999 -9999 -9999 -9999 -9999 -9999 -9999 -9999 -9999 -9999 -9999 -9999 -9999 -9999 -9999 -9999 -9999 -9999 -9999 -9999 -9999 0.299212859333486 0.29757363435697 0.285759554680887 0.268384031223392 0.191381936057062 0.120230138331752 0.0694787715420833 0.0729792982219155 0.112547380452493 0.174435022849849 0.219154757512329 0.202149519342094 0.195608701522007 0.197466820416202 0.198287796628504 0.198510897888198 0.196839579859562 0.194434747896397 0.191321861111509 0.163059775100858 0.132830387579963 0.122071168043746 0.115378809100622 0.11340497307373 0.106291715013246 0.0982215032140574 0.0945642094151429 0.0886155857164771 0.079463415748174 0.0766995802166859 0.0763951471523331 0.0788821307850189 0.0803270302373224 0.0800057345687527 0.0784118457710055
-9999 -9999 -9999 -9999 -9999 -9999 -9999 -9999 -9999 -9999 -9999 -9999 -9999 -9999 -9999 -9999 -9999 -9999 -9999 -9999 -9999 0.300909518811494 0.304434255062362 0.294611772891559 0.277493874021241 0.232453647567278 0.182653268834859 0.123371160813948 0.112018327836731 0.13252966916925 0.187050096549302 0.225542860651999 0.202651474950517 0.195777097771927 0.201758266952768 0.20290059583522 0.202941531674427 0.201302871225964 0.199784666781215 0.198382737502105 0.175201233397294 0.148795902801835 0.130280258049277 0.119416475684399 0.117430668652495 0.111480351339252 0.104509257535824 0.098369439913635 0.0908477173711518 0.0813939306798608 0.078380816429459 0.0777280594379918 0.0777618839062448 0.078690016609081 0.08113388371247 0.0812252444832689
-9999 -9999 -9999 -9999 -9999 -9999 -9999 -9999 -9999 -9999 -9999 -9999 -9999 -9999 -9999 -9999 -9999 -9999 -9999 -9999 -9999 0.309683880031355 0.309684979141018 0.296594930767697 0.276349430753001 0.226141839126091 0.178992442599797 0.142394798865662 0.126240768593474 0.123677990479354 0.180490611506118 0.224115339193682 0.208273805604186 0.202170672327487 0.203883758696856 0.204348087796789 0.204255582184819 0.202573531326725 0.201036699060035 0.199640045076274 0.186254035098429 0.169473026935127 0.147471965770853 0.131066921981722 0.121154585680298 0.115600230265928 0.11081571127856 0.101910380722452 0.0928935994046334 0.0837209969316125 0.0800345479483792 0.0783870867988404 0.0778321223477826 0.0779863498521455 0.0793425641009642 0.0804982044009059
-9999 -9999 -9999 -9999 -9999 -9999 -9999 -9999 -9999 -9999 -9999 -9999 -9999 -9999 -9999 -9999 -9999 -9999 -9999 -9999 -9999 0.355923263233648 0.32419330645018 0.298710846577711 0.276643187591444 0.216572840670781 0.168188939955528 0.153004618906839 0.135479077454221 0.116397053977197 0.172915562417804 0.219697232765519 0.213510096435113 0.208916673203839 0.20560239349055 0.205255237424333 0.204991495011353 0.203247206083932 0.201540134648464 0.199868988944451 0.195528963440484 0.188158960403581 0.166204332648458 0.145453292986938 0.12609870099589 0.11982974835113 0.116408194837414 0.105491506646972 0.0955669001785883 0.0870293395913851 0.0823919816506122 0.0792814791567609 0.0783275690899475 0.0776466341818828 0.0774283561326187 0.0793959112017331
-9999 -9999 -9999 -9999 -9999 -9999 -9999 -9999 -9999 -9999 -9999 -9999 -9999 -9999 -9999 -9999 -9999 -9999 -9999 -9999 0.366348386417755 0.356741282958195 0.327501055077639 0.308334336367424 0.294673667285099 0.236819318663971 0.185277742253495 0.153873409130222 0.143071613985367 0.145966726644118 0.178998734593257 0.207279102732503 0.211638447960753 0.21134802545661 0.207325613638797 0.206454659110099 0.205772375465709 0.203941984956068 0.202163651501792 0.200435568284519 0.196521644442581 0.191690269384589 0.184145491792892 0.166699843161595 0.137766835713438 0.125695908032646 0.118222765620269 0.109546186765356 0.101728455031799 0.0951114916782587 0.0884819901279484 0.082083123299601 0.0798819341502304 0.0782981627324593 0.0777608328648242 0.0798269865482717
-9999 -9999 -9999 -9999 -9999 -9999 -9999 -9999 -9999 -9999 -9999 -9999 -9999 -9999 -9999 -9999 -9999 -9999 -9999 0.37593856839274 0.373468408879673 0.362020926843802 0.332227343842167 0.315404524869213 0.30567135750087 0.242675544936859 0.186464346260564 0.152432387910495 0.146678573848799 0.159724537541703 0.184169468169363 0.20532499693313 0.212621414735606 0.217332828304319 0.219969469813131 0.213541974314887 0.206870950628402 0.20477065892533 0.202891394329539 0.201225485338425 0.197674026491739 0.194251445051859 0.193919804442348 0.179664846882244 0.149255539155111 0.134152673534785 0.123452945154999 0.113750522044482 0.10574753298129 0.100120550796632 0.0938845716176079 0.0875199621728033 0.0827782707227496 0.0795312525234661 0.0788175081733655 0.0800859084968431
-9999 -9999 -9999 -9999 -9999 -9999 -9999 -9999 -9999 -9999 -9999 -9999 -9999 -9999 -9999 -9999 -9999 -9999 -9999 0.376010156989679 0.380338218882651 0.372180068485174 0.338505032537622 0.319682271100102 0.308977570524635 0.232793735364657 0.170259359655997 0.14846521940762 0.145926669831392 0.156189555224813 0.188342304581326 0.214814970895103 0.216726358664803 0.227203896237856 0.244556783584337 0.227068640342406 0.208316975634558 0.205745768542767 0.203733124886846 0.202259657810112 0.199001067111992 0.195751625181116 0.194762367642417 0.183572658450925 0.16054800587304 0.145442679765294 0.132418637731103 0.118118529115454 0.107423470660312 0.101768692522205 0.0985353420352154 0.0958388068601725 0.0871422672204157 0.0814003723037948 0.0806662101521042 0.0801565532421573
-9999 -9999 -9999 -9999 -9999 -9999 -9999 -9999 -9999 -9999 -9999 -9999 -9999 -9999 -9999 -9999 -9999 -9999 -9999 0.409649213013133 0.408877707467396 0.396589847204523 0.360767107153001 0.334706784729034 0.313982473325314 0.235516995586602 0.172255941526315 0.152961243829406 0.157969190131148 0.179133935880711 0.202986855678612 0.221013645063004 0.219487690298288 0.227704154512167 0.243740063827381 0.227195832735104 0.209571192609086 0.207505886925235 0.205505340510925 0.203567305673958 0.200455027676828 0.197350489520547 0.195742848878483 0.189381730292168 0.177505449801891 0.155467531842433 0.132157729441066 0.123219675987852 0.114815802750122 0.107158775715906 0.103904051353202 0.101968075473067 0.0952426895583627 0.0894823301881923 0.0853575634184622 0.0834958087597894
-9999 -9999 -9999 -9999 -9999 -9999 -9999 -9999 -9999 -9999 -9999 -9999 -9999 -9999 -9999 -9999 -9999 -9999 -9999 0.427532231658346 0.430738291722139 0.421655189347099 0.387457893478981 0.352486958969412 0.317093163599555 0.240007306343558 0.178533575058445 0.160566619203435 0.173579255699211 0.207187637275841 0.219460599153831 0.226273815038657 0.221571085843383 0.225054928461213 0.235109464558898 0.225395381235345 0.214616117891378 0.211540570332437 0.208732485806475 0.206182581093081 0.203138988589514 0.200024653681154 0.19710293080089 0.194976138418313 0.193771653964492 0.164795352704474 0.131417104767457 0.128887350089222 0.123507632935555 0.114143336059096 0.109719936449795 0.1070324185803 0.103535611010743 0.098448540440382 0.0906661840132714 0.0876002794260313
