layers/veg50/veg5300.asc
NCOLS 255 
NROWS 330 
XLLCORNER -2985163.8955 
YLLCORNER -3022031.214 
CELLSIZE 25000 
NODATA_value -9999 
[rows 250 to 274 of 330, columns 57 to 113 of 255]
-9999 -9999 -9999 -9999 -9999 -9999 -9999 -9999 -9999 -9999 -9999 -9999 -9999 -9999 -9999 0.703753878395279 0.70379474238607 0.704903161530079 0.706321637866301 0.692332510498608 0.677696897043622 0.661740121404667 0.647508852745253 0.634220723849943 0.636984095805486 0.64046315881662 0.644264116501456 0.647859066969617 0.651317060434878 0.651549001980094 0.65237595386726 0.65604203817318 0.644918423581391 0.621924323964274 0.580714497799017 0.543775177067598 0.536208229033053 0.52114835658537 0.498855627323676 0.477260361424644 0.452214971327524 0.405944861097942 0.364199110400533 0.327702689903937 0.288378907927242 0.251487138706427 0.24395813688341 0.235838089800613 0.226891692554376 0.23358837563694 0.244962767040406 0.239170126099308 0.234085465474167 0.230200738024538 -9999 -9999 -9999
-9999 -9999 -9999 -9999 -9999 -9999 -9999 -9999 -9999 -9999 -9999 -9999 -9999 -9999 -9999 0.71449851586396 0.709378429915093 0.709592407040319 0.712070000309269 0.704690659034862 0.693324572950482 0.67381115534017 0.65696112089116 0.641566857178668 0.643052802138203 0.644367871894418 0.643677501773322 0.645936342752215 0.65015586802021 0.654925900772838 0.659350862020258 0.662506088419949 0.665647318171386 0.668777313954866 0.618301837435843 0.569362268917844 0.560075910747773 0.554277426884153 0.551845758705955 0.532371221485984 0.505504753694457 0.456073716259722 0.408754152906526 0.363884400313427 0.335521979274957 -9999 -9999 -9999 -9999 -9999 -9999 -9999 -9999 -9999 -9999 -9999 -9999
-9999 -9999 -9999 -9999 -9999 -9999 -9999 -9999 -9999 -9999 -9999 -9999 -9999 -9999 -9999 0.717499705196291 0.720393990209224 0.721590071485239 0.721921799070059 0.711890503768238 0.699420798326223 0.681967945791708 0.665147050084475 0.648671573793144 0.647049922739741 0.646275842015028 0.646269893186449 0.648546417794224 0.652340368471285 0.656650071953782 0.660574391690895 0.663108912418922 0.665322356551856 0.667278098689611 0.652691527178431 0.632511078185457 0.59883358202268 0.582720303866498 0.583561617387367 0.565735391613864 0.538355017802115 0.477656485706601 0.431917956727876 0.403536579763001 0.358698589588629 0.314138688049148 -9999 -9999 -9999 -9999 -9999 -9999 -9999 -9999 -9999 -9999 -9999
-9999 -9999 -9999 -9999 -9999 -9999 -9999 -9999 -9999 -9999 -9999 -9999 -9999 -9999 -9999 0.699522141225329 0.706519559453415 0.707102831025774 0.704791960832512 0.698156382226538 0.690512277208671 0.68080714259849 0.6691510418186 0.656428568201686 0.654971580535093 0.654264684187316 0.654412627184258 0.656424694338186 0.659676062045253 0.663437162336239 0.666830226129664 0.668891142923509 0.670309958637918 0.671213412187018 0.673646985744605 0.667017247447345 0.621004020915725 0.595801579011473 0.590687612193537 0.570967201112827 0.542506028492939 0.480508328458971 0.438551880918471 0.419848039902276 0.373785693426609 0.325774690200986 0.329892403402062 -9999 -9999 -9999 -9999 -9999 -9999 -9999 -9999 -9999 -9999
-9999 -9999 -9999 -9999 -9999 -9999 -9999 -9999 -9999 -9999 -9999 -9999 -9999 -9999 -9999 0.691354833921596 0.676542288417644 0.668182724881879 0.662771011408936 0.665110249254636 0.667761571004064 0.67105066897163 0.669297110837503 0.664787302196944 0.666513704043885 0.667863255018976 0.667675665572952 0.669162994361954 0.671763836479643 0.674894899083797 0.677728464493491 0.679451481710289 0.680198509242667 0.680162189459195 0.682209091678707 0.675099996325662 0.627872399169865 0.594711462726305 0.57512895536772 0.550246333374932 0.520181391772213 0.466080508787628 0.429936653554391 0.414627209782424 0.381410062326047 0.346091512950616 0.337374896024913 -9999 -9999 -9999 -9999 -9999 -9999 -9999 -9999 -9999 -9999
-9999 -9999 -9999 -9999 -9999 -9999 -9999 -9999 -9999 -9999 -9999 -9999 -9999 -9999 -9999 0.673293876787881 0.673279485469739 0.666134215498565 0.656025985286647 0.665030710393484 0.672653795675615 0.677453354938934 0.678023803442622 0.676282674785799 0.676241914304215 0.676204501197034 0.67601725972879 0.678037571021474 0.681525499879999 0.682783835203374 0.684755034260324 0.689661017415128 0.692496300223486 0.693669600754554 0.69554006282312 0.6921320429854 0.665906961596771 0.624525329061375 0.568513205386019 0.540938192854999 0.516385782282361 0.474528175444543 0.439474003698109 0.412313430380474 0.384434559853974 0.355043526230767 0.313719572236601 -9999 -9999 -9999 -9999 -9999 -9999 -9999 -9999 -9999 -9999
-9999 -9999 -9999 -9999 -9999 -9999 -9999 -9999 -9999 -9999 -9999 -9999 -9999 -9999 -9999 0.68648688098755 0.682974769538661 0.684326955128534 -9999 0.679904023349842 0.681750509017648 0.687370481981622 0.689707997140696 0.690251363382088 0.687766017438562 0.685644181097102 0.684726968258421 0.686880530100201 0.691075593708803 0.690320323417281 0.691277951495378 0.699171249941826 0.704065357773827 0.70655225992009 0.707772070026193 0.707707493747761 0.702979156472275 0.658303185888368 0.575066101399214 0.53905473767694 0.51260988417741 0.484261833717231 0.452101401548553 0.415517702330221 0.38949831467675 0.36407007148015 0.317043963017122 0.287385350460837 0.282008521479685 0.265860782772223 0.247154227035874 0.252084676661811 -9999 -9999 -9999 -9999 -9999
-9999 -9999 -9999 -9999 -9999 -9999 -9999 -9999 -9999 -9999 -9999 -9999 -9999 -9999 -9999 0.688407496055487 0.690024191864255 0.689401753536874 -9999 -9999 0.684730312376594 0.699419629667043 0.708419387089563 0.714309304786527 0.710882985647816 0.706500305751222 0.700557761107113 0.699582184425331 0.701908730147823 0.699674856353956 0.699117991839678 0.705269810723091 0.709185308590554 0.711305893977698 0.709094184099544 0.706081394660696 0.702349489006797 0.681264039136116 0.643427359222927 0.565375893256008 0.489616487040699 0.477085303811744 0.462489372714334 0.445497844347107 0.410375034628436 0.36917255140712 0.318923157853947 0.287385350460837 0.282008521479684 0.271152961021756 0.258882539295351 0.256612953787716 -9999 -9999 -9999 -9999 -9999
-9999 -9999 -9999 -9999 -9999 -9999 -9999 -9999 -9999 -9999 -9999 -9999 -9999 -9999 -9999 0.704998051110761 0.702143336939087 0.703242420331604 -9999 -9999 0.719025476974843 0.717459835587458 0.722388026315647 0.730865661562017 0.731184427436715 0.728090356922381 0.717093936489896 0.713163542568293 0.713930759871033 0.71292001522085 0.712205758511908 0.712954854661248 0.714020743972936 0.715340897317704 0.713523136427228 0.710779524593701 0.706049262661706 0.696169832822764 0.681319954580933 0.607941104438821 0.529566326410122 0.494039863768208 0.471671004403492 0.464568085723237 0.432274772391124 0.395559806278206 0.382921301678397 0.352008255805043 0.295545271211581 0.273935417401324 0.265370122258586 -9999 -9999 -9999 -9999 -9999 -9999
-9999 -9999 -9999 -9999 -9999 -9999 -9999 -9999 -9999 -9999 -9999 -9999 -9999 -9999 -9999 0.707912870459848 0.712841884991507 0.710944182564071 -9999 0.719539880585191 0.720786469425382 0.724580593420608 0.731098514364407 0.73910522743829 0.748364376145479 0.750494091292428 0.734412149179485 0.727720203006442 0.727270881348875 0.730478599041164 0.731111528276086 0.72239878679885 0.71854074528477 0.718579175471276 0.721396550878191 0.722489145159727 0.7145489630374 0.702145213888071 0.685432821089616 0.668515632385223 0.639299519888676 0.537747868293917 0.479515202246761 0.471542834367037 0.455308700547057 0.43488380425254 0.397403956194313 0.352008255805043 0.295545271211581 0.273935417401324 -9999 -9999 -9999 -9999 -9999 -9999 -9999
-9999 -9999 -9999 -9999 -9999 -9999 -9999 -9999 -9999 -9999 -9999 -9999 -9999 -9999 -9999 0.717918918039355 0.71788954677224 0.717900854899766 0.733844506258353 0.733351566185163 0.733887460756165 0.736525886924026 0.746319971097051 0.760025245246717 0.762111203283171 0.759392906431392 0.745562942669469 0.738898870665079 0.736998801951757 0.74009333996396 0.741182606785609 0.734380849295204 0.727721135666101 0.721175429059061 0.718395410386843 0.715366343606626 0.708953078137315 0.700410484391074 0.689812467997027 0.686097409244532 0.667861541326591 0.555416924726201 0.491812947666272 0.484875697099605 0.475048728095608 0.460173603490765 0.406717948769105 0.375552976530313 -9999 -9999 -9999 -9999 -9999 -9999 -9999 -9999 -9999
-9999 -9999 -9999 -9999 -9999 -9999 -9999 -9999 -9999 -9999 -9999 -9999 -9999 -9999 -9999 -9999 0.718782550829609 0.718782550829609 0.752123928294073 0.750064821378863 0.749086936299657 0.750318641543102 0.763323735471279 0.782764011150958 0.774579844006513 0.765229389612154 0.755490970210424 0.749566424205177 0.746177404276424 0.747622468738689 0.748494261619574 0.746138143543124 0.737334891211735 0.723357050056135 0.713553168236163 0.705395210785131 0.701637245626139 0.697964975919888 0.694375427312252 0.692358148759366 0.676377015693017 0.576037639410889 0.516216024072101 0.503404621930736 0.493770327190135 0.485892514055678 -9999 -9999 -9999 -9999 -9999 -9999 -9999 -9999 -9999 -9999 -9999
-9999 -9999 -9999 -9999 -9999 -9999 -9999 -9999 -9999 -9999 -9999 -9999 -9999 -9999 -9999 -9999 -9999 -9999 0.75215360314898 0.75291249019473 0.757227502300947 0.768809829270864 0.780932945136479 0.793351649207512 0.783999229954353 0.774928705978197 0.768600800814698 0.763256283520716 0.758565538737581 0.755130328523285 0.752233276502007 0.750713166515442 0.740586416673338 0.723551818995373 0.716861637602025 0.712282785916339 0.710263077432664 0.706094920950271 0.699852885713698 0.698233302441969 0.694876191496467 0.675551367991561 0.628855269026062 0.550401998268979 0.511243708676416 -9999 -9999 -9999 -9999 -9999 -9999 -9999 -9999 -9999 -9999 -9999 -9999
-9999 -9999 -9999 -9999 -9999 -9999 -9999 -9999 -9999 -9999 -9999 -9999 -9999 -9999 -9999 -9999 -9999 -9999 0.777864873089513 0.771504880281319 0.771755471192492 0.78551548387726 0.794681941979802 0.80133762264913 0.793771214739238 0.786819478415336 0.782752068499854 0.777959465577443 0.772684742356738 0.766765626887657 0.76174938626483 0.759828239832055 0.750688146284655 0.7357539926813 0.731283608955726 0.728635766234443 0.727248526766217 0.723379819698936 0.717115772862698 0.715667069956226 0.718285548884784 0.738957505994794 0.69659811571642 0.581107411913776 0.557572637253318 -9999 -9999 -9999 -9999 -9999 -9999 -9999 -9999 -9999 -9999 -9999 -9999
-9999 -9999 -9999 -9999 -9999 -9999 -9999 -9999 -9999 -9999 -9999 -9999 -9999 -9999 -9999 -9999 -9999 -9999 0.778027166117889 0.787078900689746 0.794808932116202 0.799837924419833 0.803278576553072 0.805851062523332 0.804013825634205 0.80163526460125 0.798293379006423 0.794015165254309 0.789114465065925 0.783909963170837 0.778976388422896 0.775003078549558 0.769933085100166 0.763982873192162 0.760539163578663 0.757622556864594 0.755391852601869 0.752884158229476 0.750109087637644 0.748528527224479 0.748248698901733 0.754169568713023 0.704416155369294 0.59006736805139 0.562506493562251 -9999 -9999 -9999 -9999 -9999 -9999 -9999 -9999 -9999 -9999 -9999 -9999
-9999 -9999 -9999 -9999 -9999 -9999 -9999 -9999 -9999 -9999 -9999 -9999 -9999 -9999 -9999 -9999 -9999 -9999 0.815244648570454 0.814205967057997 0.813766069970597 0.814549851712929 0.815496951239925 0.816533318152523 0.816255560692294 0.815049032298184 0.811607573548233 0.806558346031107 0.800440247261488 0.7949600634615 0.789645178709549 0.784681243227101 0.780759191536123 0.777673374986261 0.77397955448767 0.77051276492144 0.768384688601643 0.76634913457211 0.764402891529939 0.762580318305481 0.761115196872526 0.761606927003765 0.733066395812061 0.670841555255301 0.662501169705941 -9999 -9999 -9999 -9999 -9999 -9999 -9999 -9999 -9999 -9999 -9999 -9999
-9999 -9999 -9999 -9999 -9999 -9999 -9999 -9999 -9999 -9999 -9999 -9999 -9999 -9999 -9999 -9999 0.829699284825788 0.829699284825788 0.842345945960107 0.83595847055273 0.831131343928036 0.82949295383767 0.828837512997582 0.828719339485316 0.82860172479915 0.827470896632254 0.823768404100071 0.817452110948415 0.809398119939368 0.803476323571163 0.79783372650631 0.792482924361119 0.788553208589344 0.785764082942628 0.779649132970421 0.773991378534189 0.77232864923086 0.770228646678768 0.767706547943327 0.76451868707042 0.761394261872307 0.759467034245422 0.759574824508376 0.762043718214228 0.721848113697433 -9999 -9999 -9999 -9999 -9999 -9999 -9999 -9999 -9999 -9999 -9999 -9999
-9999 -9999 -9999 -9999 -9999 -9999 -9999 -9999 -9999 -9999 -9999 -9999 -9999 -9999 -9999 -9999 -9999 -9999 0.842432556443901 0.844269816121311 0.845594620379846 0.845872168195132 0.840597599093371 0.832288314802674 0.832589783689099 0.832401150947209 0.830166840995178 0.821723231821606 0.809151577887164 0.805268519112532 0.802369405358351 0.80016350006266 0.793864775590259 0.784281078983908 0.750495654838723 0.720187568214627 0.719588628131735 0.714015767106656 0.703641622097454 0.683305271623539 0.663168948278407 0.6565252232981 0.652036042391589 0.650046643652062 0.661328059658062 -9999 -9999 -9999 -9999 -9999 -9999 -9999 -9999 -9999 -9999 -9999 -9999
-9999 -9999 -9999 -9999 -9999 -9999 -9999 -9999 -9999 -9999 -9999 -9999 -9999 -9999 -9999 -9999 -9999 -9999 0.838032876533528 0.84324256533626 0.84713106277054 0.848319566951918 0.842429451968257 0.832670255440065 0.832558912233364 0.831510055197377 0.827183388791102 0.815442401387179 0.798772250826875 0.794990674357454 0.792824345771029 0.792188266582812 0.782794340713609 0.766371205622515 0.715953571477475 0.670690324353203 0.668302584691724 0.661080144467209 0.649190808517742 0.625873978071538 0.60250458810826 0.592947934843779 0.585619645518951 0.58087678691501 0.579837813416323 -9999 -9999 -9999 -9999 -9999 -9999 -9999 -9999 -9999 -9999 -9999 -9999
-9999 -9999 -9999 -9999 -9999 -9999 -9999 -9999 -9999 -9999 -9999 -9999 -9999 -9999 -9999 -9999 0.823110715161306 0.823110715161306 0.837913247865789 0.83176271724016 0.827789491003924 0.828265814848965 0.828226304102583 0.827904844850262 0.82603710229588 0.821216948986769 0.809047331354452 0.792119208704875 0.77202755326275 0.765218615396706 0.760537611378218 0.758927475619372 0.745265481020186 0.721930442305559 0.672708399971146 0.628148577487975 0.619364847573888 0.613437590208915 0.61026766173207 0.606852977037004 0.60250458810826 0.592947934843779 0.585619645518951 0.58087678691501 -9999 -9999 -9999 -9999 -9999 -9999 -9999 -9999 -9999 -9999 -9999 -9999 -9999
-9999 -9999 -9999 -9999 -9999 -9999 -9999 -9999 -9999 -9999 -9999 -9999 -9999 -9999 -9999 -9999 0.823110715161306 0.823110715161306 0.772451476606585 0.777371296467617 0.781811779867364 0.785272688890347 0.799317103892068 0.819146326171037 0.810191783355928 0.799511862642418 0.787132909154168 0.766393889543275 0.740096959783939 0.726727445376427 0.718838041820188 0.724929578169952 0.705476475943968 0.665520775809259 0.635343629805084 0.611031696436712 0.605548964975564 0.588681997902243 0.560825924095718 0.551809216151258 -9999 -9999 -9999 -9999 -9999 -9999 -9999 -9999 -9999 -9999 -9999 -9999 -9999 -9999 -9999 -9999 -9999
-9999 -9999 -9999 -9999 -9999 -9999 -9999 -9999 -9999 -9999 -9999 -9999 -9999 -9999 -9999 -9999 -9999 -9999 0.768958647384549 0.742005159665132 0.726648709421445 0.734992022653225 0.765870438553519 0.809066249669747 0.790615596703413 0.773133456804602 0.76384948613514 0.740037757215211 0.70656773446963 0.685223705837334 0.673727146067514 0.690522229630864 0.664868391230411 0.605144265395594 0.6012116460667 0.604861507507633 0.606177866199039 0.573429086922093 0.507797516936276 0.496433910041284 -9999 -9999 -9999 -9999 -9999 -9999 -9999 -9999 -9999 -9999 -9999 -9999 -9999 -9999 -9999 -9999 -9999
-9999 -9999 -9999 -9999 -9999 -9999 -9999 -9999 -9999 -9999 -9999 -9999 -9999 -9999 0.759463696530372 0.759463696530372 -9999 -9999 0.769303718499697 0.775118994827886 0.788904326204245 0.818977301724501 0.825652434445783 0.819538609371104 0.784705050941063 0.757803543249568 0.753708323886288 0.734780333939037 0.705991272925029 0.681846280224711 0.661313828131609 0.651104324146459 0.632112733096043 0.606072477044373 0.605260310035176 0.602535642457203 0.576103803595932 0.542947023131231 0.503298713189079 -9999 -9999 -9999 -9999 -9999 -9999 -9999 -9999 -9999 -9999 -9999 -9999 -9999 -9999 -9999 -9999 -9999 -9999
-9999 -9999 -9999 -9999 -9999 -9999 -9999 -9999 -9999 -9999 -9999 -9999 -9999 -9999 0.759463696530372 0.758086295624987 0.754408086556353 0.739871836727244 0.721300474649591 0.776607491490642 0.826166568914467 0.863979128751821 0.851752403579143 0.812174853391029 0.773338270478813 0.745106155743852 0.743719989335635 0.728727699170577 0.70468983302565 0.678675974552365 0.652669501967752 0.627250718783678 0.611048071368173 0.602242464446112 0.59605884534014 0.58369186639111 0.543480287746179 0.519015069826628 0.50974968126459 -9999 -9999 -9999 -9999 -9999 -9999 -9999 -9999 -9999 -9999 -9999 -9999 -9999 -9999 -9999 -9999 -9999 -9999
-9999 -9999 -9999 -9999 -9999 -9999 -9999 -9999 -9999 -9999 -9999 -9999 -9999 -9999 -9999 0.758086295624987 0.754408086556353 0.739871836727244 0.72126602463248 0.773301586887574 0.814142735984208 0.832106926663023 0.811432572258854 0.769638889606813 0.751211982502668 0.737600019231916 0.734033025759206 0.721106934639202 0.70195876069939 0.675914102291749 0.651457498187659 0.63408937893326 0.613037653198214 0.589029396984073 0.560728581801876 0.532275336867377 0.505829337617596 0.497470110392127 0.506569891834906 -9999 -9999 -9999 -9999 -9999 -9999 -9999 -9999 -9999 -9999 -9999 -9999 -9999 -9999 -9999 -9999 -9999 -9999
