layers/veg50/veg5800.asc
NCOLS 255 
NROWS 330 
XLLCORNER -2985163.8955 
YLLCORNER -3022031.214 
CELLSIZE 25000 
NODATA_value -9999 
[rows 75 to 99 of 330, columns 0 to 55 of 255]
-9999 -9999 -9999 -9999 -9999 -9999 -9999 -9999 -9999 -9999 -9999 -9999 -9999 -9999 -9999 -9999 -9999 -9999 -9999 -9999 -9999 -9999 -9999 -9999 0.682005745010938 0.667990500696556 0.653975256382173 0.663774817390598 0.678834919122842 0.684117424972247 0.678811694204962 0.659109832805558 0.467448955225338 0.230653066323677 0.224969554531438 0.233679474341972 0.2660862942054 0.380984664044366 0.530629276046667 0.58818563530688 0.625966407342126 0.623950213569748 0.632658604893361 0.647142146259246 0.655495753729731 0.664715913553224 0.676604596752679 0.686044601941187 0.693879632591279 0.703820341677883 0.713302001497051 0.720767986423554 0.730743908270538 0.742706788474785 0.751918303658873 0.760738688379835
-9999 -9999 -9999 -9999 -9999 -9999 -9999 -9999 -9999 -9999 -9999 -9999 -9999 -9999 -9999 -9999 -9999 -9999 -9999 -9999 -9999 -9999 -9999 -9999 0.678961777970998 0.663965073006295 0.648968368041593 0.66537493819223 0.688281629499687 0.694603260868755 0.693104947916662 0.680974369738663 0.518135099108089 0.312468555579314 0.257987310066806 0.23208971075086 0.253251341350367 0.385686685881676 0.564925319998472 0.615253640392694 0.649114854606783 0.649837186311535 0.654443097044246 0.661140300949301 0.668340496114787 0.674988285566407 0.680215774544045 0.688113556869004 0.697761570467078 0.706368160067722 0.714454603564354 0.721173456810801 0.731025836592647 0.743358831200473 0.758507164942374 0.772605945396024
-9999 -9999 -9999 -9999 -9999 -9999 -9999 -9999 -9999 -9999 -9999 -9999 -9999 -9999 -9999 -9999 -9999 -9999 -9999 -9999 -9999 -9999 -9999 -9999 0.66781902480919 0.673834991461772 0.679850958114354 0.684828274170085 0.689713696323487 0.69618839689801 0.693502778607003 0.678362475764262 0.571873928943041 0.433730515827502 0.297744165919936 0.228768164076376 0.270115924099073 0.406884467757397 0.583489282605193 0.628381338051783 0.659381187340798 0.662423957674024 0.6692400549904 0.678088075154252 0.680328225820304 0.683483784977665 0.689469233161268 0.696319700475958 0.7037371405304 0.711131006012854 0.718673437833702 0.726692319320539 0.735657933125022 0.74537301504374 0.755921185671379 0.765869710537759
-9999 -9999 -9999 -9999 -9999 -9999 -9999 -9999 -9999 -9999 -9999 -9999 -9999 -9999 -9999 -9999 -9999 -9999 -9999 -9999 -9999 -9999 -9999 -9999 0.708444220445823 0.706565600123438 0.704686979801053 0.699652321035377 0.69479577465283 0.698635092328998 0.695242164327212 0.682016026385702 0.586791981233138 0.462334673400313 0.326955033838985 0.261350407107578 0.310621200696481 0.439729095099074 0.602007573217347 0.642772010727224 0.671294394745269 0.675180514935231 0.682646875850281 0.692041183365574 0.691941907957474 0.693403466267721 0.699543918158898 0.704790721788014 0.709451787847513 0.715488603513885 0.722155563666018 0.730448822805582 0.738422572775094 0.74614338753716 0.753631223228684 0.760910247703494
-9999 -9999 -9999 -9999 -9999 -9999 -9999 -9999 -9999 -9999 -9999 -9999 -9999 -9999 -9999 -9999 -9999 -9999 -9999 -9999 -9999 -9999 -9999 -9999 0.705926449907606 0.708795766182126 0.711665082456647 0.70871012985987 0.704424303782902 0.702154945317419 0.698652589694968 0.693473808735293 0.55335491056385 0.375524361586535 0.343029829388247 0.338654375867231 0.380573302684708 0.487081021887409 0.620468974837247 0.658735843861386 0.685258947646275 0.688148557347652 0.694322143300149 0.702264138511906 0.703089676805322 0.705097107128428 0.710641521941609 0.713591674513335 0.714841430044333 0.719341423944933 0.72472004618177 0.732010133594158 0.73886110993892 0.745364469816324 0.75170997906099 0.758163930383692
-9999 -9999 -9999 -9999 -9999 -9999 -9999 -9999 -9999 -9999 -9999 -9999 -9999 -9999 -9999 -9999 -9999 -9999 -9999 -9999 -9999 -9999 -9999 -9999 -9999 -9999 0.714164044914261 0.710853726122301 0.707095892554674 -9999 0.673706365321139 0.674922131018748 0.532179108552297 0.351255035956586 0.357599739780255 0.379302825616704 0.426291475978361 0.521743015950062 0.637212588496889 0.670621293673395 0.694058057064036 0.697426995323967 0.702299667726937 0.707982095493122 0.709873730766822 0.712476390210098 0.717166440772775 0.719786654297568 0.721050202826137 0.723346527163016 0.726394897301277 0.731547029694431 0.737622075472438 0.74442773342165 0.750420738285194 0.756424754067065
-9999 -9999 -9999 -9999 -9999 -9999 -9999 -9999 -9999 -9999 -9999 -9999 -9999 -9999 -9999 -9999 -9999 -9999 -9999 -9999 -9999 -9999 -9999 -9999 -9999 -9999 -9999 -9999 -9999 -9999 0.699435281198137 0.656230350582866 0.514653658279469 0.350859887855765 0.375877377238 0.412283728337982 0.467440348678116 0.553703874782147 0.652562130698872 0.680750677797449 0.701075309446616 0.70557436935958 0.709205804627842 0.712370027182635 0.715208370460566 0.718259178028291 0.72186717842121 0.724715262734772 0.727065263611782 0.727334832639935 0.728079485736757 0.730883806679873 0.736224078498896 0.743571902278841 0.749321310945767 0.754885617825812
-9999 -9999 -9999 -9999 -9999 -9999 -9999 -9999 -9999 -9999 -9999 -9999 -9999 -9999 -9999 -9999 -9999 -9999 -9999 -9999 -9999 -9999 -9999 -9999 -9999 -9999 -9999 -9999 -9999 0.717745291766205 0.68096007922189 0.594160426663696 0.495423722690834 0.401095513358013 0.441280758182153 0.486998378475692 0.541824330414628 0.599585792678182 0.658185620479371 0.685329506858304 0.706055619783446 0.713866419105199 0.716958822265694 0.717510386265864 0.719453089430806 0.72111881471647 0.72197845803291 0.724468203234335 0.728026391084703 0.730600499051381 0.732987775245893 0.735046921452699 0.738903083958352 0.744181830642914 0.748152734979009 0.752079779523503
-9999 -9999 -9999 -9999 -9999 -9999 -9999 -9999 -9999 -9999 -9999 -9999 -9999 -9999 -9999 -9999 -9999 -9999 -9999 -9999 -9999 -9999 -9999 -9999 -9999 -9999 -9999 -9999 0.739461163911996 0.717768449524397 0.664065536374653 0.566840456161365 0.487880263360058 0.42372385506807 0.492259087971801 0.550403387275629 0.59144037528854 0.629440413599222 0.66592690171832 0.689214990272373 0.706739103146403 0.712663624036419 0.717616161004022 0.722045288166922 0.722958679060118 0.72352600877489 0.723519540219844 0.725365150498441 0.72842469717776 0.73259835578967 0.736304991650408 0.73823583151834 0.741224576454848 0.745050797943077 0.747286546015007 0.74965374358259
-9999 -9999 -9999 -9999 -9999 -9999 -9999 -9999 -9999 -9999 -9999 -9999 -9999 -9999 -9999 -9999 -9999 -9999 -9999 -9999 -9999 -9999 -9999 -9999 -9999 -9999 -9999 -9999 0.737496840613419 0.697231987052319 0.64954794579504 0.591776521801147 0.497910609622029 0.404837113223189 0.52154541761861 0.596801264600836 0.603811069403784 0.635193620629448 0.676852860233428 0.692057839334022 0.70096113480755 0.697182739215021 0.707603210531353 0.725669720001604 0.725352786061239 0.725252831894984 0.727210720686085 0.727982424063931 0.727976647765965 0.732689714775082 0.73722959553362 0.739959759004644 0.743008450667674 0.746309300959857 0.74687507841294 0.74779884411734
-9999 -9999 -9999 -9999 -9999 -9999 -9999 -9999 -9999 -9999 -9999 -9999 -9999 -9999 -9999 -9999 -9999 -9999 -9999 -9999 -9999 -9999 -9999 -9999 -9999 -9999 -9999 0.720012833405483 0.707907596246716 0.666085938129586 0.627563199501952 0.593525785261645 0.515946241717393 0.434167883624338 0.524482852195891 0.58185719459836 0.584999110186213 0.626253920321678 0.68361803403125 0.702383827150973 0.711458450635275 0.701030283015105 0.710574032357761 0.730872586297493 0.728728324082831 0.726716029398824 0.726884200833761 0.726907866924049 0.72683681766271 0.729848801078951 0.732955336780072 0.735536789598136 0.738126639784788 0.740723137637188 0.742144518292388 0.743974116091792
-9999 -9999 -9999 -9999 -9999 -9999 -9999 -9999 -9999 -9999 -9999 -9999 -9999 -9999 -9999 -9999 -9999 -9999 -9999 -9999 -9999 -9999 -9999 -9999 0.758688567340628 0.744221261189532 0.729753955038437 0.702081233243572 0.670268637240182 0.63353863803648 0.604693525686324 0.586568976662472 0.53665671029863 0.481476570339668 0.517333079988759 0.543775070906157 0.554717289733896 0.612186629389182 0.689263642445335 0.715108479334428 0.727341212344149 0.712180552353971 0.71858588040469 0.736604414526435 0.732513454729126 0.728210773203089 0.725203211338799 0.724542018458827 0.725418742144743 0.725903693025357 0.726740455499115 0.728795292587416 0.730729470630445 0.732568130536572 0.73581110621699 0.739439545189251
-9999 -9999 -9999 -9999 -9999 -9999 -9999 -9999 -9999 -9999 -9999 -9999 -9999 -9999 -9999 -9999 -9999 -9999 -9999 -9999 -9999 -9999 -9999 -9999 0.759549096507471 0.74345903011594 0.727368963724409 0.71889621334635 0.709654926128385 0.676562376495948 0.637767498269924 0.59121953798573 0.544355424719443 0.501203828097602 0.518099572911317 0.533525982286188 0.54653332329714 0.616064649412984 0.709037015519052 0.712902947315211 0.715337016758182 0.714889564835296 0.724612807951535 0.739812933330294 0.736925214122943 0.73338889472647 0.729725535228613 0.726606285425231 0.72384366977376 0.723339470032143 0.723438902591081 0.724844739619533 0.726327490051963 0.727871127963107 0.732152991965818 0.736701286231669
-9999 -9999 -9999 -9999 -9999 -9999 -9999 -9999 -9999 -9999 -9999 -9999 -9999 -9999 -9999 -9999 -9999 -9999 -9999 -9999 -9999 -9999 -9999 -9999 0.763344041826401 0.744058102718754 0.724772163611108 0.730481657585224 0.736947043935761 0.692859602051496 0.642904384754591 0.584971138214636 0.530137744689218 0.481303407601831 0.509759210708689 0.532838242420766 0.547065124217122 0.621574390009576 0.720835956822587 0.707555558850298 0.703120040777528 0.716484215777303 0.728492758606135 0.739771298444711 0.73774960117173 0.734663096311819 0.730015811041006 0.725413122125855 0.720839663683237 0.719487294961889 0.718806163864009 0.719387991611154 0.720844973111103 0.722994758501397 0.72764773237822 0.732415177653911
-9999 -9999 -9999 -9999 -9999 -9999 -9999 -9999 -9999 -9999 -9999 -9999 -9999 -9999 -9999 -9999 -9999 -9999 -9999 -9999 -9999 -9999 -9999 -9999 0.772506099113232 0.747147029818996 0.72178796052476 0.732502165200581 0.742118655657588 0.660273445076279 0.596943723591402 0.558788297827272 0.475834495041415 0.38892308814409 0.484762209297755 0.549638420652209 0.563538256177192 0.630068583580999 0.71804948625108 0.696461645537796 0.690513884754348 0.716040674845948 0.72844584109482 0.733785060660277 0.732012604950921 0.728796942086953 0.722565577427389 0.718262046908757 0.715222106252349 0.7132794270899 0.711738656865988 0.71117637959956 0.713386131292758 0.717790323038597 0.721593025255565 0.72529801792649
-9999 -9999 -9999 -9999 -9999 -9999 -9999 -9999 -9999 -9999 -9999 -9999 -9999 -9999 -9999 -9999 -9999 -9999 -9999 -9999 -9999 -9999 -9999 -9999 0.768472225070311 0.754400691398117 0.740329157725923 0.747619928546377 0.753345817662994 0.697174230985167 0.654819459065477 0.631250503649397 0.520500647133948 0.393979739062654 0.496346811738051 0.568345852820962 0.590347907131678 0.608962962361778 0.626032815457204 0.638491228683986 0.652186937534628 0.668372616016841 0.681654842350092 0.693373570268186 0.703223616927266 0.710109520655514 0.709751001520949 0.709133003283335 0.708344930682419 0.705517584876379 0.703032395444379 0.702175212181827 0.703785477786722 0.707349066643803 0.712084955423409 0.716704023238192
-9999 -9999 -9999 -9999 -9999 -9999 -9999 -9999 -9999 -9999 -9999 -9999 -9999 -9999 -9999 -9999 -9999 -9999 -9999 -9999 -9999 -9999 -9999 -9999 0.757983042421982 0.763691696583303 0.769400350744625 0.769144729448764 0.767535290162389 0.768067286871385 0.763490850262298 0.751968812035594 0.613581573050442 0.446701514756225 0.525826743900778 0.587986293236465 0.622214072730505 0.573377428026783 0.490365684156683 0.557589327182375 0.601277654093245 0.597602827635362 0.611997138535629 0.636121614140986 0.663157840828698 0.685150072304367 0.694312246683904 0.69903635864754 0.700851563378136 0.6969955550195 0.693524472869162 0.692787802695964 0.693137072888744 0.694346013405532 0.700887537453622 0.707387576667305
-9999 -9999 -9999 -9999 -9999 -9999 -9999 -9999 -9999 -9999 -9999 -9999 -9999 -9999 -9999 -9999 -9999 -9999 -9999 -9999 -9999 -9999 -9999 -9999 -9999 -9999 -9999 0.779166955679098 0.787446479269177 0.777645822934219 0.770211225103222 0.765993601782654 0.647812227778881 0.49941798794678 0.499475149491104 0.506780080733696 0.526017515557518 0.533385528865869 0.535952763687862 0.56583757778954 0.579383938915978 0.56005032297735 0.583346344251474 0.629598270014927 0.638966301815462 0.648967205371092 0.663589933763208 0.6757109184815 0.68619214702108 0.686108217138307 0.684853706724934 0.682719594750131 0.684026694187588 0.6880579831132 0.692091302341559 0.696095491167027
-9999 -9999 -9999 -9999 -9999 -9999 -9999 -9999 -9999 -9999 -9999 -9999 -9999 -9999 -9999 -9999 -9999 -9999 -9999 -9999 -9999 -9999 -9999 -9999 -9999 -9999 -9999 0.803920992971554 0.801757239131815 0.785168744629642 0.77569657545406 0.775900006922004 0.676186439463755 0.546715216789226 0.496050479914815 0.470840477706767 0.487538362367448 0.522026257966563 0.563697682859977 0.563581015523682 0.554540053316887 0.527539581044563 0.558256775818479 0.620054724234464 0.619085337270632 0.621440688957285 0.637271664801947 0.65290379965684 0.668405605115893 0.673452677966805 0.675911053996667 0.672972594737413 0.674967725733184 0.680868468184187 0.682992696642652 0.684825602298675
-9999 -9999 -9999 -9999 -9999 -9999 -9999 -9999 -9999 -9999 -9999 -9999 -9999 -9999 -9999 -9999 -9999 -9999 -9999 -9999 -9999 -9999 -9999 -9999 -9999 -9999 0.804281492874906 0.804516137729585 0.803322998654552 0.789523777803903 0.780829193110307 0.779075047283604 0.692776935081635 0.581811742189884 0.545572779671133 0.539215132952921 0.58205315919973 0.575235115118425 0.546956692012595 0.535551070231446 0.522363229116395 0.505588798076802 0.540208404641121 0.602503513407543 0.60853113702721 0.613670255481107 0.621232565778493 0.631578645104625 0.643749332808009 0.656872554763185 0.666336343230121 0.663964970932711 0.665987876313691 0.671489453483579 0.673156156937661 0.673652733143714
-9999 -9999 -9999 -9999 -9999 -9999 -9999 -9999 -9999 -9999 -9999 -9999 -9999 -9999 -9999 -9999 -9999 -9999 -9999 -9999 -9999 -9999 -9999 -9999 -9999 -9999 0.804281492874906 0.800515539822237 0.795189873496175 0.78525671632594 0.776949816825673 0.770854033180284 0.713502822995023 0.638171196386215 0.560611315502412 0.529313629209281 0.574180587435781 0.547945100255731 0.491311933624091 0.48229671170811 0.475984864484518 0.475113366969599 0.522249478643131 0.595237513141881 0.605082513936539 0.612029287476956 0.616950044602045 0.62229705403392 0.627923448544714 0.633612561898589 0.639111171430661 0.643990151889361 0.650937584755512 0.659522480604917 0.661024161873663 0.661154348578623
-9999 -9999 -9999 -9999 -9999 -9999 -9999 -9999 -9999 -9999 -9999 -9999 -9999 -9999 -9999 -9999 -9999 -9999 -9999 -9999 -9999 -9999 -9999 -9999 -9999 -9999 -9999 0.793764408580951 0.781252005217958 0.775829366190398 0.767676798741563 0.755812526729284 0.73670372641426 0.70725642717361 0.555011458572939 0.472564161985025 0.505029591094332 0.472476837187727 0.412383428248686 0.413945644236338 0.421106935539773 0.439535968547242 0.50434408522199 0.594127169655791 0.605886549934623 0.614056779682083 0.619703787554312 0.620223486829485 0.617382515688992 0.60635469415138 0.601322270335365 0.617451511004778 0.63225415821352 0.64600662525962 0.647518346093141 0.647862648420021
-9999 -9999 -9999 -9999 -9999 -9999 -9999 -9999 -9999 -9999 -9999 -9999 -9999 -9999 -9999 -9999 -9999 -9999 -9999 -9999 -9999 -9999 -9999 -9999 -9999 -9999 -9999 -9999 0.780466123193716 0.775297808217553 0.767153942729632 0.754964416437136 0.739319941358809 0.715480014492832 0.581788748741001 0.485376364575275 0.450338776595019 0.405563706572372 0.357768723094678 0.397404133657736 0.420317811390205 0.409580188550267 0.466922516999108 0.560925651441293 0.603708532569321 0.63276935409084 0.631804305521951 0.619567549673874 0.599942806059866 0.599297077053056 0.601365928732582 0.606950876824158 0.614121264037179 0.622546743155733 0.626103172358166 0.628111908407966
-9999 -9999 -9999 -9999 -9999 -9999 -9999 -9999 -9999 -9999 -9999 -9999 -9999 -9999 -9999 -9999 -9999 -9999 -9999 -9999 -9999 -9999 -9999 -9999 -9999 -9999 -9999 -9999 -9999 -9999 -9999 -9999 -9999 0.719358220148519 0.611691505736868 0.515997182912353 0.440013834834115 0.381360741927857 0.33172219782938 0.3841223572161 0.413084574615253 0.394879597166067 0.444003388184192 0.529383475980216 0.598021771320591 0.644829398762669 0.638528165620916 0.616092479268935 0.583081541096209 0.589747681622159 0.596831827635275 0.594630463044818 0.597007745087914 0.603009652164121 0.605613267952235 0.606315767368037
-9999 -9999 -9999 -9999 -9999 -9999 -9999 -9999 -9999 -9999 -9999 -9999 -9999 -9999 -9999 -9999 -9999 -9999 -9999 -9999 -9999 -9999 -9999 -9999 -9999 -9999 -9999 -9999 -9999 -9999 -9999 -9999 -9999 0.721236572909039 0.644954729520174 0.58514415411408 0.552451364230171 0.476243575361133 0.38219535885937 0.371303143996145 0.378545231203468 0.422281314327919 0.465301186070308 0.507935380590094 0.582936159356076 0.635302417245161 0.628502948098699 0.60442274419938 0.569015963608693 0.5697601839309 0.57299970614505 0.574470194557897 0.582678076820924 0.596219527791419 0.58906820300022 0.579836650190837
