layers/veg50/veg5900.asc
NCOLS 255 
NROWS 330 
XLLCORNER -2985163.8955 
YLLCORNER -3022031.214 
CELLSIZE 25000 
NODATA_value -9999 
[rows 75 to 99 of 330, columns 0 to 55 of 255]
-9999 -9999 -9999 -9999 -9999 -9999 -9999 -9999 -9999 -9999 -9999 -9999 -9999 -9999 -9999 -9999 -9999 -9999 -9999 -9999 -9999 -9999 -9999 -9999 0.670234405113486 0.65541223958626 0.640590074059035 0.649361169061408 0.663399585520493 0.668222450670679 0.664345357023703 0.648639500205666 0.466574376136225 0.240357795934012 0.230089321726802 0.236365369970116 0.269879807622767 0.385270044668422 0.535025977474088 0.584803046726537 0.620510890712298 0.627905417348307 0.633524772082105 0.638188203207268 0.649204606347659 0.659263840194797 0.666409973173385 0.674659927155748 0.68363337544733 0.686435382548108 0.688882338193637 0.691855748572947 0.697550842259676 0.705400520529537 0.713621177539111 0.72305703581826
-9999 -9999 -9999 -9999 -9999 -9999 -9999 -9999 -9999 -9999 -9999 -9999 -9999 -9999 -9999 -9999 -9999 -9999 -9999 -9999 -9999 -9999 -9999 -9999 0.664082183316223 0.649131055048701 0.63417992678118 0.651451643470603 0.675312002625516 0.681468610915592 0.682378666539459 0.67615532873009 0.5175495226715 0.31526179368891 0.259884686960179 0.233427503226054 0.254583185113815 0.386027275861241 0.563754925063381 0.606260370680469 0.636018765831278 0.640124626582796 0.645766945987186 0.652236642784237 0.66229789440059 0.67115111590312 0.676692844085421 0.682076887036506 0.687357575941019 0.688048093671584 0.689533924583724 0.694763826221532 0.70029986770135 0.706078260736941 0.715783630191676 0.726316915977683
-9999 -9999 -9999 -9999 -9999 -9999 -9999 -9999 -9999 -9999 -9999 -9999 -9999 -9999 -9999 -9999 -9999 -9999 -9999 -9999 -9999 -9999 -9999 -9999 0.652973294252417 0.658970977696052 0.664968661139687 0.670349179657596 0.676017492713902 0.685525032632908 0.685644227501632 0.67299870557604 0.569896251112977 0.435352417360906 0.301446321589391 0.233338262694208 0.273558054068925 0.406792927937143 0.578830234187915 0.620386873084532 0.649408838074316 0.653205661418233 0.658843170033911 0.665471880969294 0.671506021299066 0.677116335550431 0.681717812656558 0.686483488351083 0.691356787241655 0.695864533675055 0.700590939159512 0.70610704003556 0.709869999146306 0.712245106772173 0.720732515667093 0.729644753715721
-9999 -9999 -9999 -9999 -9999 -9999 -9999 -9999 -9999 -9999 -9999 -9999 -9999 -9999 -9999 -9999 -9999 -9999 -9999 -9999 -9999 -9999 -9999 -9999 0.693585847746621 0.691685941588219 0.689786035429817 0.685507988404049 0.681940388168656 0.689797215595128 0.688929513669762 0.676199641602217 0.584544880276662 0.464601235849971 0.331769605868817 0.267274201575201 0.315285443007248 0.440162450154316 0.59696328125448 0.635906517426143 0.662912545116179 0.665895787926175 0.671012606634179 0.677278348198153 0.680144934009985 0.683143810171514 0.686753246049722 0.69101128562597 0.695694449459563 0.701819004409797 0.708038953279636 0.714175402255843 0.717992222042799 0.719972738070196 0.7260049659385 0.732143036811853
-9999 -9999 -9999 -9999 -9999 -9999 -9999 -9999 -9999 -9999 -9999 -9999 -9999 -9999 -9999 -9999 -9999 -9999 -9999 -9999 -9999 -9999 -9999 -9999 0.691039549437164 0.693941376695927 0.696843203954691 0.696009841866954 0.694362078701075 0.694338150555299 0.69223936953535 0.687319547193756 0.552236793444475 0.380697589672464 0.348094411823161 0.343591871021016 0.385353348828647 0.489231340828008 0.618905043743956 0.65316145801761 0.676557795553543 0.678098999399505 0.682052549668256 0.687305139705991 0.68807483407947 0.689248829527707 0.69180171441508 0.695690044471788 0.700453685812648 0.705454208024454 0.710991599923091 0.718164612498647 0.724310931451858 0.729644481981835 0.731680448206814 0.733608027448434
-9999 -9999 -9999 -9999 -9999 -9999 -9999 -9999 -9999 -9999 -9999 -9999 -9999 -9999 -9999 -9999 -9999 -9999 -9999 -9999 -9999 -9999 -9999 -9999 -9999 -9999 0.699370481077302 0.698495181783913 0.69750155268861 -9999 0.669191585714092 0.670313664760179 0.532715337714917 0.358275028534751 0.363499522538805 0.384654405772251 0.432036588498328 0.525921406578026 0.63893933565171 0.667891237359304 0.687733142561104 0.689241826335681 0.6920986223889 0.695681371997739 0.695506162151629 0.69552783518379 0.696350885935682 0.698914130246103 0.702617976277481 0.706736918608459 0.711614831804307 0.718783568681182 0.724812078668112 0.729937943122533 0.73318134059907 0.736420138857081
-9999 -9999 -9999 -9999 -9999 -9999 -9999 -9999 -9999 -9999 -9999 -9999 -9999 -9999 -9999 -9999 -9999 -9999 -9999 -9999 -9999 -9999 -9999 -9999 -9999 -9999 -9999 -9999 -9999 -9999 0.696421804991833 0.653672938229262 0.517010275859861 0.35920562916442 0.382728223041061 0.418475288662904 0.474348345996807 0.559788629221905 0.657110784553739 0.680928553819872 0.697575859862837 0.699793117560284 0.701650883213313 0.703315063708787 0.702592922198009 0.701756056057011 0.700829658019541 0.701941233402279 0.70438858892221 0.707703949033513 0.71183996070401 0.718340895715139 0.723452960981006 0.727465545887434 0.733188840891543 0.739092809374086
-9999 -9999 -9999 -9999 -9999 -9999 -9999 -9999 -9999 -9999 -9999 -9999 -9999 -9999 -9999 -9999 -9999 -9999 -9999 -9999 -9999 -9999 -9999 -9999 -9999 -9999 -9999 -9999 -9999 0.714538538222252 0.678964178351858 0.595021695404113 0.49963646362543 0.408594700990547 0.448342499054113 0.493936638823481 0.549156014526909 0.605113985956365 0.660927867053322 0.683696977439209 0.701018630008041 0.707377660328667 0.709106848362043 0.708342883173956 0.707534703301547 0.706801975927175 0.706261226068579 0.707835949011814 0.710797248699101 0.713340982767809 0.715723801437678 0.71770903714738 0.721454172752495 0.726592509826783 0.730947980286749 0.73547624044704
-9999 -9999 -9999 -9999 -9999 -9999 -9999 -9999 -9999 -9999 -9999 -9999 -9999 -9999 -9999 -9999 -9999 -9999 -9999 -9999 -9999 -9999 -9999 -9999 -9999 -9999 -9999 -9999 0.736490050751774 0.715639749110705 0.663952582921699 0.570338555217597 0.49366321657074 0.431196565969367 0.499323877289639 0.55747438540612 0.599199393690991 0.635090900594669 0.668230111047227 0.686988356217039 0.701745627335831 0.708451222127932 0.712557512523821 0.71526408696247 0.713825419624585 0.712529677927914 0.711932578639974 0.713021537554689 0.715215615424797 0.717324103526193 0.718856301850949 0.71858768224604 0.721292372549331 0.726350844305306 0.729404143345976 0.732585214394222
-9999 -9999 -9999 -9999 -9999 -9999 -9999 -9999 -9999 -9999 -9999 -9999 -9999 -9999 -9999 -9999 -9999 -9999 -9999 -9999 -9999 -9999 -9999 -9999 -9999 -9999 -9999 -9999 0.734771884729201 0.697676793588604 0.652619262790839 0.596735725207933 0.50483382979485 0.413516556829739 0.528300701275728 0.603081740772438 0.612002907102697 0.641987244871308 0.680773246239569 0.691066140758791 0.698388719260979 0.699733747583591 0.709985113845097 0.725032510672253 0.72214462809373 0.71928262537946 0.717964512663561 0.717140760074561 0.716641033516316 0.718820114871554 0.720858957096753 0.721737781733094 0.723892985046224 0.727058616652664 0.728908471660045 0.730785240009978
-9999 -9999 -9999 -9999 -9999 -9999 -9999 -9999 -9999 -9999 -9999 -9999 -9999 -9999 -9999 -9999 -9999 -9999 -9999 -9999 -9999 -9999 -9999 -9999 -9999 -9999 -9999 0.719148387916795 0.704935394288808 0.667389008365894 0.631918672696131 0.599271006345649 0.523691321053326 0.443905432295227 0.532761235212554 0.589504705818659 0.593379426967002 0.633316994844701 0.688435118334246 0.702624983935963 0.709796394814959 0.702843663667472 0.711225605411177 0.727865212696543 0.724626743937954 0.72111176086934 0.718546127787199 0.716456310889666 0.714678365482729 0.715735796454452 0.716858254783397 0.717428411859929 0.719870670610011 0.723794953882525 0.726119409955272 0.72842279924374
-9999 -9999 -9999 -9999 -9999 -9999 -9999 -9999 -9999 -9999 -9999 -9999 -9999 -9999 -9999 -9999 -9999 -9999 -9999 -9999 -9999 -9999 -9999 -9999 0.751004219420022 0.740613387666518 0.730222555913013 0.700966389566702 0.66688261878215 0.634961096522748 0.609481128992502 0.592759320796237 0.54502120298623 0.492121909460242 0.527717951327506 0.553490072316682 0.5630883942008 0.619089046806096 0.694608168369136 0.716440796108865 0.725867683471119 0.710328898764868 0.713976042447137 0.727954738739809 0.724782478222518 0.720966140923417 0.716956779960312 0.713859604486847 0.711360316722031 0.710899163316771 0.710608908115898 0.710314541603508 0.713318281065462 0.718932922488893 0.722338728298048 0.725700720348571
-9999 -9999 -9999 -9999 -9999 -9999 -9999 -9999 -9999 -9999 -9999 -9999 -9999 -9999 -9999 -9999 -9999 -9999 -9999 -9999 -9999 -9999 -9999 -9999 0.752369536525423 0.739404030490558 0.726438524455693 0.717186470172398 0.706610604820972 0.676382427761144 0.640168039473568 0.595814592535725 0.551243468826867 0.510260034080193 0.526824673446823 0.541244995297096 0.55213497919398 0.620467013093023 0.71258334519177 0.711493562226256 0.7106019671223 0.710109211024245 0.716948051536348 0.727734930139815 0.724195520770099 0.719857662750901 0.714708488920137 0.710712992480166 0.707473668484872 0.707470837471193 0.707513633979005 0.706835492299951 0.708902465602724 0.713142572863682 0.71615533268902 0.719221397092978
-9999 -9999 -9999 -9999 -9999 -9999 -9999 -9999 -9999 -9999 -9999 -9999 -9999 -9999 -9999 -9999 -9999 -9999 -9999 -9999 -9999 -9999 -9999 -9999 0.758027254823469 0.740785649456513 0.723544044089557 0.729066951675377 0.734984929069024 0.692381823694543 0.644159987680398 0.588298732261159 0.53581702612371 0.489226012227272 0.516693734349957 0.53823556531383 0.550021192587705 0.623071832525241 0.721257036110095 0.703564439804971 0.695851219140521 0.708220783711998 0.716931109806514 0.723670949298916 0.721549711906599 0.718187116851501 0.712456929564336 0.707985237587314 0.704338420469487 0.70339441049004 0.702580741993049 0.701456907048494 0.702503066165086 0.70526707237171 0.708033805494031 0.710961262261911
-9999 -9999 -9999 -9999 -9999 -9999 -9999 -9999 -9999 -9999 -9999 -9999 -9999 -9999 -9999 -9999 -9999 -9999 -9999 -9999 -9999 -9999 -9999 -9999 0.771535869728562 0.74690622102465 0.722276572320738 0.73301021055111 0.742593155082026 0.661883938345716 0.599326260155158 0.561448038000433 0.480794617240912 0.396545269102913 0.489666908814645 0.552118337789542 0.564075281606919 0.627920593463255 0.712918103825409 0.690181377371977 0.682042359678496 0.703280194858241 0.71144731099816 0.712575892505762 0.715138218329058 0.715488536662695 0.710199392387051 0.706023581608848 0.702577500059302 0.698132592214378 0.694286806365369 0.692604028584677 0.692475647816955 0.693577784880267 0.696367392812035 0.699443983718457
-9999 -9999 -9999 -9999 -9999 -9999 -9999 -9999 -9999 -9999 -9999 -9999 -9999 -9999 -9999 -9999 -9999 -9999 -9999 -9999 -9999 -9999 -9999 -9999 0.768838225998282 0.755236883317644 0.741635540637007 0.747782053422383 0.752160118893379 0.696597596413772 0.654834858544083 0.631834782402819 0.523040229154534 0.398629833864658 0.497965774947939 0.567700354386088 0.588700168711016 0.605861059224004 0.621276044766134 0.631851639642282 0.643199377152997 0.65610099691646 0.667355388014762 0.677722752471933 0.690260205610938 0.699004046052228 0.698099977236607 0.696434244844255 0.694269283626379 0.68817729239887 0.682973208681062 0.681628914119494 0.682207229792308 0.684307554421523 0.687086318624908 0.690056812598097
-9999 -9999 -9999 -9999 -9999 -9999 -9999 -9999 -9999 -9999 -9999 -9999 -9999 -9999 -9999 -9999 -9999 -9999 -9999 -9999 -9999 -9999 -9999 -9999 0.758212653710621 0.764648698377988 0.771084743045355 0.767851123878736 0.762685276306188 0.763212044723274 0.759429850592843 0.749789042798151 0.612868317513938 0.447072574658436 0.523545591983592 0.584113623049789 0.618496177287192 0.570638274504431 0.48888298619893 0.551534468621455 0.592109969119347 0.588259122736616 0.60437678322029 0.631247411976531 0.656348569047615 0.675775635368635 0.681186020544084 0.683113528142349 0.68275819993827 0.675925991564836 0.670182424584332 0.669615624478948 0.67182091730104 0.676220700815076 0.678972126541663 0.681711667268501
-9999 -9999 -9999 -9999 -9999 -9999 -9999 -9999 -9999 -9999 -9999 -9999 -9999 -9999 -9999 -9999 -9999 -9999 -9999 -9999 -9999 -9999 -9999 -9999 -9999 -9999 -9999 0.777510014168696 0.781810670691988 0.771958795142636 0.763095050762636 0.755574803502188 0.640488720934668 0.497191521651636 0.498812280975783 0.506924451317349 0.525723879731024 0.531077662275373 0.530946789453582 0.558480543841635 0.570365031698348 0.550756481296461 0.572121614851918 0.615550928095476 0.626262478578934 0.636492164571703 0.648217654360745 0.657599445735119 0.665445070955978 0.663679773328355 0.661997976741507 0.663150060581594 0.664901413276335 0.667127169231688 0.669211147339507 0.671524266896894
-9999 -9999 -9999 -9999 -9999 -9999 -9999 -9999 -9999 -9999 -9999 -9999 -9999 -9999 -9999 -9999 -9999 -9999 -9999 -9999 -9999 -9999 -9999 -9999 -9999 -9999 -9999 0.786133031676902 0.792183499343906 0.775471740917879 0.763460993030384 0.757841900738214 0.663011782748821 0.541865806920954 0.495061393312346 0.471871551303693 0.487560008677675 0.518313231470783 0.55511778904838 0.554288225220797 0.544641657605302 0.517251495613494 0.544034243051678 0.599988905056658 0.601908995872641 0.60610261933695 0.620427764736445 0.632991052712613 0.644399539489064 0.648591443822127 0.651797990008968 0.653815785110486 0.655584396743118 0.657155745579243 0.659130319528051 0.661197324135474
-9999 -9999 -9999 -9999 -9999 -9999 -9999 -9999 -9999 -9999 -9999 -9999 -9999 -9999 -9999 -9999 -9999 -9999 -9999 -9999 -9999 -9999 -9999 -9999 -9999 -9999 0.779246044728773 0.781535232878407 0.782646093703869 0.76857937387169 0.758802490508842 0.754858216336609 0.675540112530302 0.574242122092739 0.539748233598123 0.533912791583744 0.575259728355436 0.56598073953015 0.534850728027674 0.522941019472119 0.509262484848207 0.492024313296138 0.524598578697548 0.583996660107007 0.590370747158836 0.596119088240814 0.60467895096027 0.610712083316105 0.615089082084377 0.627104293870481 0.636950548233922 0.63789081301715 0.640787089678793 0.64523181726644 0.648368603331031 0.650600087247177
-9999 -9999 -9999 -9999 -9999 -9999 -9999 -9999 -9999 -9999 -9999 -9999 -9999 -9999 -9999 -9999 -9999 -9999 -9999 -9999 -9999 -9999 -9999 -9999 -9999 -9999 0.779246044728773 0.777021458293106 0.773390394163345 0.762935918407924 0.75499544121223 0.750473082914419 0.698392103579845 0.629252919638518 0.552161260626727 0.520543775403034 0.563793561653155 0.535874816573051 0.477541581791927 0.467680509918187 0.460536355088787 0.458859802990252 0.504849329466667 0.576506865775922 0.585644239936069 0.592427770508767 0.598492701339006 0.601095261169158 0.601428426136921 0.605665662270809 0.610625912722157 0.616830366104418 0.625077910316879 0.63494284035549 0.637882864105562 0.638596519339474
-9999 -9999 -9999 -9999 -9999 -9999 -9999 -9999 -9999 -9999 -9999 -9999 -9999 -9999 -9999 -9999 -9999 -9999 -9999 -9999 -9999 -9999 -9999 -9999 -9999 -9999 -9999 0.772557971858399 0.764303294580108 0.758039931457674 0.751697983215212 0.745249187941029 0.727422764000934 0.697810363025693 0.545258541400467 0.462042026774399 0.492977014405749 0.459221810787111 0.398062897886015 0.398107985086202 0.403822125730562 0.420944834095962 0.484912400959697 0.574105753633831 0.58499453235102 0.592502316938904 0.598029607555889 0.599056682763206 0.5971341128487 0.584256068707887 0.577432223337835 0.592696358354011 0.608822979085586 0.625632375223289 0.627562295977547 0.625751268024088
-9999 -9999 -9999 -9999 -9999 -9999 -9999 -9999 -9999 -9999 -9999 -9999 -9999 -9999 -9999 -9999 -9999 -9999 -9999 -9999 -9999 -9999 -9999 -9999 -9999 -9999 -9999 -9999 0.76379092152044 0.757763872876956 0.751512057152933 0.744954640376498 0.729977202990848 0.705111321711378 0.570944151886327 0.473754201860244 0.437442401395198 0.393510035219381 0.347395859733998 0.382557610600868 0.40167464783812 0.388502837596552 0.444431301297804 0.537570011028158 0.580167684990891 0.609243728778957 0.608738156179272 0.597442761273488 0.579075227851367 0.580344776378316 0.584475947155176 0.592412590714338 0.600432908273163 0.608519465246838 0.610966094003277 0.610715047301256
-9999 -9999 -9999 -9999 -9999 -9999 -9999 -9999 -9999 -9999 -9999 -9999 -9999 -9999 -9999 -9999 -9999 -9999 -9999 -9999 -9999 -9999 -9999 -9999 -9999 -9999 -9999 -9999 -9999 -9999 -9999 -9999 -9999 0.708266815401112 0.599624069147239 0.503182329573396 0.426827949554986 0.37013327018693 0.323343409056761 0.369556477079883 0.393230595675633 0.371546678148515 0.418722607583577 0.502979313993695 0.573034581014669 0.621105133049897 0.615472793241828 0.593698880172781 0.561345048479059 0.571720064282773 0.58280518218834 0.584713205771705 0.587200290344169 0.590145780887821 0.593174671274002 0.594363125445724
-9999 -9999 -9999 -9999 -9999 -9999 -9999 -9999 -9999 -9999 -9999 -9999 -9999 -9999 -9999 -9999 -9999 -9999 -9999 -9999 -9999 -9999 -9999 -9999 -9999 -9999 -9999 -9999 -9999 -9999 -9999 -9999 -9999 0.710053203004144 0.631258707673231 0.570765127240907 0.540401606352191 0.464381253923672 0.369539138856278 0.354639789130793 0.357816197070934 0.397368784468225 0.43816603498383 0.479633532058721 0.560097577060369 0.616384654054778 0.60910919363683 0.583872628635329 0.546863541722184 0.546843379388379 0.549756994625927 0.552065124737971 0.558975748550108 0.569529875610087 0.573068560636485 0.574667739055592
