layers/veg50/veg5200.asc
NCOLS 255 
NROWS 330 
XLLCORNER -2985163.8955 
YLLCORNER -3022031.214 
CELLSIZE 25000 
NODATA_value -9999 
[rows 200 to 224 of 330, columns 57 to 113 of 255]
-9999 -9999 -9999 -9999 -9999 -9999 -9999 -9999 -9999 -9999 -9999 -9999 -9999 -9999 -9999 -9999 -9999 -9999 -9999 -9999 0.189783864770964 0.192561691984812 0.165390727452828 0.121850141286569 0.0993427038453335 0.0816153292570587 0.0740616819728813 0.0803988429932693 0.0959708429866292 0.100392366417647 0.103924386685646 0.107770243758373 0.106540781170847 0.101237773446094 0.0995314311293423 0.100079276385763 0.107963650027642 0.113759600424712 0.117539613456891 0.120402220912084 0.121577179128395 0.113925375437683 0.11068465139693 0.112561826024499 0.105450627817067 0.0971858858721413 0.101373949092578 0.103066522893096 0.101270111618632 0.100479630533395 0.0998639484886944 0.0958951223259666 0.0942449534731341 0.0965246026760858 0.0990615166135937 0.101704620048766 0.102972149448686
-9999 -9999 -9999 -9999 -9999 -9999 -9999 -9999 -9999 -9999 -9999 -9999 -9999 -9999 -9999 -9999 -9999 -9999 -9999 -9999 0.195027537907178 0.195248428161616 0.16644364251012 0.121773798385091 0.0927307800723982 0.0703107505023677 0.0632453254896076 0.0748043867494646 0.0987453143421406 0.104703365713965 0.10842603721034 0.110072643948507 0.109045482461371 0.10587230529811 0.102521597501487 0.100542978237242 0.104493144815155 0.108472303799741 0.11247944891025 0.116035387643428 0.117667615725326 0.108503676380997 0.105189874036388 0.108663618219229 0.103125339525602 0.096164816948536 0.0992711413349527 0.100872250929955 0.100368894803734 0.0997334631406035 0.0989639847296162 0.0966516194744814 0.0951512102171982 0.0950269591904747 0.0960420999807388 0.097571171844632 0.0990836465157586
-9999 -9999 -9999 -9999 -9999 -9999 -9999 -9999 -9999 -9999 -9999 -9999 -9999 -9999 -9999 -9999 -9999 -9999 -9999 -9999 0.194623626303274 0.193615169190792 0.161322656069316 0.111930683163322 0.0762655751282914 0.0503153836211561 0.0477442515738094 0.0663238920871022 0.0989649158164646 0.108737400214416 0.114291669641524 0.112770652933033 0.111463072950905 0.110326801220666 0.108202430221197 0.105608223943745 0.101632296206065 0.101903413390332 0.106274167259743 0.109476961795205 0.110710429059381 0.101764314574935 0.0990604482095115 0.103599070275688 0.100122781739652 0.0950839318550509 0.0962879245102856 0.097751490648192 0.0995779707698942 0.099083472629301 0.0978473629976261 0.0983090842261226 0.0972162982922384 0.0934888279276281 0.0939277837760078 0.0962447577855291 0.0983229311005245
-9999 -9999 -9999 -9999 -9999 -9999 -9999 -9999 -9999 -9999 -9999 -9999 -9999 -9999 -9999 -9999 -9999 -9999 -9999 0.210059319063981 0.207111201681528 0.198138296950727 0.172229354802178 0.137063393977706 0.0964302809560504 0.0654773673432083 0.0596025869671533 0.0725467791254902 0.0980021352982903 0.111843234558702 0.120791205530186 0.117276163088923 0.113693899547144 0.110057683110679 0.106835695968819 0.104119981574136 0.103295292053624 0.102919092414632 0.102975816280096 0.106174083275662 0.108865656976977 0.104684158835965 0.101662799272692 0.0999874756355981 0.0966640651286651 0.0932914838570777 0.0936802328780584 0.0956140902195495 0.0997081890857958 0.0995782461655477 0.0980334211201417 0.0984147970119892 0.0979310725378723 0.0959811171447992 0.0950808436474465 0.094671685666571 0.0967047978846215
-9999 -9999 -9999 -9999 -9999 -9999 -9999 -9999 -9999 -9999 -9999 -9999 -9999 -9999 -9999 -9999 -9999 -9999 0.223488783014094 0.218306603089413 0.210866706428107 0.198812928612704 0.177799586570428 0.151889062777161 0.110799816654481 0.0790915752262357 0.0726063495084807 0.0808844540982257 0.0989774647110959 0.114087025279693 0.124702484188205 0.121678631494251 0.115789520499182 0.10760070036248 0.10461343262795 0.103035830780455 0.104220979880798 0.102782130175544 0.0988103565283726 0.103039228791487 0.107889636587049 0.106273400940918 0.102799008794878 0.0971687143684269 0.0936966559496728 0.0911102858139401 0.0910757320529706 0.0928436080423752 0.0971314909080142 0.0980834143711375 0.097860992111565 0.0981434666171909 0.0981529760318154 0.0976998456511418 0.0961281617269476 0.0940756554621528 0.0953409474555893
-9999 -9999 -9999 -9999 -9999 -9999 -9999 -9999 -9999 -9999 -9999 -9999 -9999 -9999 -9999 -9999 -9999 -9999 0.223589166090702 0.227939599031343 0.22267086996445 0.197744373567936 0.169960900197833 0.140615840221086 0.109649203980077 0.0872953492639278 0.0869523722931368 0.0934860222846231 0.104591367549807 0.114340155080343 0.122466288962493 0.12574748710554 0.117574973484893 0.100209499621057 0.100721049314927 0.103233314425264 0.103178876981249 0.0995433492142848 0.0924510251264458 0.100139062178107 0.108711478287123 0.104236862098244 0.100035414719922 0.0961509079554 0.0919129172851623 0.0880459823728911 0.0884600449812506 0.0885281636040818 0.0881126122130653 0.0918302051155382 0.0967765247956122 0.0970585900565377 0.097277596338602 0.0973897259758726 0.0967626890725009 0.0958006041147713 0.0946207046600513
-9999 -9999 -9999 -9999 -9999 -9999 -9999 -9999 -9999 -9999 -9999 -9999 -9999 -9999 -9999 -9999 -9999 -9999 -9999 0.237027388743428 0.226719023965637 0.195344433648451 0.157721978542437 0.116684521472963 0.0941932903090856 0.0804216037507272 0.0870539084208197 0.0953417641856304 0.104730257684116 0.116971098566109 0.126943305391995 0.128786627718582 0.118106672954289 0.0973753050947401 0.0996734467909978 0.104168035018826 0.103740701189269 0.100450746412916 0.0943975277519498 0.0981948477244783 0.10311228456987 0.102466661260652 0.0996898368220232 0.0944403135686626 0.0905549415015688 0.0871903213715055 0.0850829762661253 0.0837828850944287 0.083611429012853 0.0888991060919794 0.0957829172584967 0.0960278591558373 0.0962972942412992 0.0966082420472961 0.0965546504630678 0.0963220210106737 0.0940603269286143
-9999 -9999 -9999 -9999 -9999 -9999 -9999 -9999 -9999 -9999 -9999 -9999 -9999 -9999 -9999 -9999 -9999 -9999 -9999 -9999 0.225919725750026 0.192112387407656 0.14273294032525 0.0848419803148572 0.0697966626390288 0.0641245129928517 0.0782527390903045 0.0904814391178812 0.101447302815444 0.121088159128807 0.135616032589049 0.131182203592784 0.117854785163454 0.0973892078766128 0.100403812548294 0.105563523596922 0.105304968725643 0.103949476231922 0.101535119092097 0.0968480967467418 0.0934999882092092 0.100862919830737 0.100855502279951 0.0922967314987989 0.0894630645683669 0.0877150465908599 0.0812300492996113 0.0787689632685674 0.0819337741929898 0.0880443029439934 0.0948460964535721 0.0950309689174233 0.0952514163684652 0.0955321587265637 0.0958200139700474 0.0960912388980997 0.0935998637545087
-9999 -9999 -9999 -9999 -9999 -9999 -9999 -9999 -9999 -9999 -9999 -9999 -9999 -9999 -9999 -9999 -9999 -9999 -9999 -9999 0.204823625327619 0.206418487932655 0.166770358385024 0.104579343557271 0.0814994388219127 0.0659009369530089 0.0656490967959152 0.0774906699007102 0.0973721440435492 0.117946387559736 0.134918660552694 0.140079132940945 0.132103062780384 0.113583361360743 0.113189867033109 0.113680019940284 0.106711930594047 0.102665991930228 0.101440780703326 0.0982854673895428 0.0952029555770364 0.0949354837588036 0.0945985898702813 0.094181149913839 0.0893551181945109 0.0829704883114505 0.0736547102863515 0.0702280019051999 0.075034899296639 0.0830825195937663 0.0918847216597347 0.0933018191745916 0.0942817542821612 0.0945207568189125 0.0948096806672066 0.095108842744756 0.0936974272303601
-9999 -9999 -9999 -9999 -9999 -9999 -9999 -9999 -9999 -9999 -9999 -9999 -9999 -9999 -9999 -9999 -9999 -9999 -9999 -9999 0.214677312910481 0.221452548716054 0.184825625129392 0.124475643417678 0.0942378287906338 0.0705811112131029 0.0608239184908492 0.0717832846967501 0.096515361718386 0.11599868556827 0.133159586695319 0.144329920350794 0.141306803680016 0.126891762080891 0.121594585286361 0.116201845749683 0.104767072765915 0.0984794053426929 0.0971601955567526 0.0956560502209125 0.093406800219001 0.0869884757378477 0.0859991472230491 0.0913087417455622 0.0867873105625791 0.0790810723333903 0.0674862040065083 0.0627727073928945 0.0676801705042076 0.0771405505843657 0.0878106085694013 0.0907750272553413 0.0928536228357375 0.0934308651891859 0.0938144131164935 0.0941054694449506 0.093685797003172
-9999 -9999 -9999 -9999 -9999 -9999 -9999 -9999 -9999 -9999 -9999 -9999 -9999 -9999 -9999 -9999 -9999 -9999 -9999 -9999 0.210901421845474 0.206184336822225 0.176783592515213 0.133891079777147 0.102392874412229 0.0800676626821524 0.0799632576851433 0.0894856637109158 0.105408132833765 0.119147363973139 0.130229687089052 0.133368152400369 0.132413234152596 0.128172890787165 0.114395517170497 0.100640637753309 0.0928770398021897 0.0866656962628842 0.0819527308307805 0.0803282808710746 0.0787905087751332 0.0739472958736924 0.0720021752531695 0.0734195290838453 0.0766873808381594 0.0788565079324653 0.0662964578924441 0.0592985503479687 0.0600771663170785 0.0691527056998094 0.0808537568989261 0.0860291134365154 0.0900444127556221 0.0920935682278221 0.0929225470271746 0.0931992661629388 0.0932305819609097
-9999 -9999 -9999 -9999 -9999 -9999 -9999 -9999 -9999 -9999 -9999 -9999 -9999 -9999 -9999 -9999 -9999 -9999 -9999 -9999 0.199330691044933 0.198688315544638 0.180796226879218 0.153475668437479 0.113163004637923 0.0846526204880034 0.0873070310150149 0.0950815036839774 0.106259878298443 0.118708712130525 0.12858189791501 0.129787682302978 0.129346896811656 0.127584543976033 0.115712023891368 0.102864825447797 0.0921342131712008 0.0838487959057231 0.077923704785634 0.0751460411842018 0.0728914608258477 0.0698343102767542 0.0675087146522175 0.0660318962594023 0.0703607629388349 0.0751058995800252 0.0688139594359373 0.0626959864841908 0.0568212399443741 0.0627910729151079 0.072922211372038 0.0811125322465468 0.0871728637369357 0.0896231443997957 0.0911897106119017 0.0923508249636944 0.0925715256238427
-9999 -9999 -9999 -9999 -9999 -9999 -9999 -9999 -9999 -9999 -9999 -9999 -9999 -9999 -9999 -9999 -9999 -9999 -9999 -9999 0.200108016870625 0.201831514120253 0.193922451997392 0.180748357694418 0.125910195773921 0.0855318667407718 0.0857330996752564 0.0915245364936669 0.101032433258989 0.115557960498281 0.127903412148693 0.131787634127562 0.130686073905352 0.125582832961525 0.123466490635437 0.118535159603303 0.0998189172843368 0.0878336788695056 0.0823458218199255 0.0776340428652468 0.0735828387968997 0.0724712339782134 0.0702001156074362 0.0665836864884828 0.0668868509520021 0.0686895252123584 0.0741342209425614 0.0712884967104273 0.0568517990671951 0.0576588918924812 0.0642537760634557 0.0760669228073118 0.0842541851231129 0.0862960519840758 0.0888210823161054 0.0915460531569271 0.0917583608287809
-9999 -9999 -9999 -9999 -9999 -9999 -9999 -9999 -9999 -9999 -9999 -9999 -9999 -9999 -9999 -9999 -9999 -9999 -9999 -9999 0.203062801492696 0.203068477409865 0.192553369638451 0.176287737781132 0.12648123493345 0.0888750965300176 0.085357453527276 0.0836465599485113 0.083136823251989 0.107144315370251 0.127717989900122 0.13022344008815 0.128413912153859 0.123141103219739 0.122321240278082 0.120374651716678 0.110896759994884 0.0986616191856786 0.0837649290600499 0.079017409568768 0.0763672150991976 0.0735524026224511 0.0702886396117074 0.0665039874938925 0.0647765179103739 0.064374746735135 0.0707889037942504 0.0718095659374733 0.0652894935404669 0.0621754595348809 0.0607973883553759 0.0684887013701744 0.0759788469665806 0.0831280403447954 0.0874952910863344 0.0905878024027728 0.0909464954673137
-9999 -9999 -9999 -9999 -9999 -9999 -9999 -9999 -9999 -9999 -9999 -9999 -9999 -9999 -9999 -9999 -9999 -9999 -9999 -9999 0.200801765120813 0.202083407845234 0.189887800425635 0.170325702651419 0.123977950181391 0.0883484978029081 0.0824169595868074 0.0761008772462427 0.0695291436153021 0.100497056633745 0.126924623906376 0.12799999079844 0.125844698816219 0.121096420455141 0.120483536015203 0.120397944483126 0.119992064823966 0.109212253623651 0.0884185736988697 0.0821249415950617 0.0787520179177145 0.0746969748951244 0.0707474618069803 0.0669203884736873 0.0634574985897359 0.0609447407895423 0.0661523012320127 0.0701214426368097 0.0723591298809391 0.0676259266040644 0.0608595357455013 0.062658865745048 0.0677071371497255 0.0782619353453952 0.084392506526412 0.088506104062105 0.08970514556161
-9999 -9999 -9999 -9999 -9999 -9999 -9999 -9999 -9999 -9999 -9999 -9999 -9999 -9999 -9999 -9999 -9999 -9999 -9999 -9999 0.200139108504512 0.19940388625514 0.189313590898055 0.174109933758835 0.115557129552876 0.0716551842328104 0.0689745399810888 0.0719571274204489 0.0787047249000516 0.103256939923705 0.123539562449372 0.124974636332962 0.123896848832402 0.1208021924532 0.120330165838078 0.120177978674656 0.119760897473377 0.115337646876899 0.107047274712058 0.0924387469378227 0.0785665951970162 0.0768490032977853 0.0739131964780365 0.0695639713992205 0.0645292093648551 0.0599050933799729 0.0607704419777651 0.0638486367142836 0.0700206482747205 0.0719583513574959 0.0719689694273736 0.0648286776755103 0.0620743596959059 0.0667536882706511 0.0739095181365343 0.0821567900236471 0.0868029336959732
-9999 -9999 -9999 -9999 -9999 -9999 -9999 -9999 -9999 -9999 -9999 -9999 -9999 -9999 -9999 -9999 -9999 -9999 -9999 -9999 0.208916065071734 0.206156952063722 0.194301171342317 0.177473269880125 0.124559895300377 0.0816756974164808 0.0676062888072725 0.0706561886565412 0.0850872877475205 0.105469658170802 0.121449132500031 0.121533740088628 0.121515386480616 0.121414394317824 0.12144987343262 0.121396621171275 0.120882690824682 0.119766669128812 0.118069453725631 0.104154046331697 0.0891474834031256 0.0828010328698536 0.0778342679248618 0.0744682655131494 0.0695364233363559 0.0644216616809081 0.0616404781634377 0.0617926173141828 0.0660458834534177 0.0708681934094498 0.0752434279037377 0.0679761040176223 0.0632779295666647 0.062934124256504 0.0689624623632801 0.0778391666130763 0.0830254173359927
-9999 -9999 -9999 -9999 -9999 -9999 -9999 -9999 -9999 -9999 -9999 -9999 -9999 -9999 -9999 -9999 -9999 -9999 -9999 -9999 0.211771850764974 0.217704621299163 0.204350171585187 0.180453577115625 0.149418722764116 0.116006709974019 0.0772259453865954 0.0719423055465097 0.0889281079387774 0.1071844374459 0.120536861664566 0.117714686560886 0.118739321989003 0.122851478476798 0.123728125501387 0.12392444660984 0.123235724858926 0.122651935536761 0.122169436604094 0.117144753422346 0.109526084136816 0.0922111939519101 0.0824427217667162 0.0814298844138478 0.0781250803138833 0.0739945770112799 0.0681999538134968 0.063574018402657 0.0605820447363218 0.064843299057514 0.0713877899853235 0.0720131930337256 0.0707028101798187 0.066111525763373 0.069053295307756 0.0753704514174311 0.078451343838848
-9999 -9999 -9999 -9999 -9999 -9999 -9999 -9999 -9999 -9999 -9999 -9999 -9999 -9999 -9999 -9999 -9999 -9999 -9999 -9999 0.22293614452367 0.222936486955048 0.208025025854936 0.184962966100738 0.144570595420187 0.10781826075109 0.0819182678884058 0.074540711565347 0.0794771772257542 0.102287819837879 0.120013436843662 0.116242391978712 0.118111939049559 0.124508729208379 0.124693735288151 0.123979311692286 0.123290586511544 0.122746325044329 0.122341513182787 0.119441035722539 0.114212658355456 0.0983292698965838 0.0875269910583815 0.082620004580515 0.0799938893263762 0.0774470007586181 0.0697963738307669 0.064380824498941 0.0620901741595619 0.0630036925154932 0.0652465261579509 0.0705988864672993 0.0725542853893267 0.0687522831905734 0.0694985143564685 0.0722969869715273 0.0751304793636647
-9999 -9999 -9999 -9999 -9999 -9999 -9999 -9999 -9999 -9999 -9999 -9999 -9999 -9999 -9999 -9999 -9999 -9999 -9999 -9999 0.22627200613517 0.224684662741933 0.211270806629124 0.191392731855496 0.138183040705002 0.096015120204247 0.0849756124941873 0.0771139297337988 0.07136491752872 0.0974124376971396 0.118618126446201 0.115138382029608 0.118017092477732 0.12599921603642 0.125072016079518 0.123145129524654 0.122486395965255 0.121908148319177 0.121407593047195 0.119295755677406 0.11554411882144 0.104105674858331 0.0936287610728569 0.0842674503610463 0.0812236003048991 0.0792649243190618 0.0710521426164733 0.0658291308968912 0.0647861660911878 0.0622923422192552 0.059857811207021 0.0678183644532661 0.0722641898036048 0.0707530153473934 0.069866137648382 0.0692859440078056 0.0721904532409366
-9999 -9999 -9999 -9999 -9999 -9999 -9999 -9999 -9999 -9999 -9999 -9999 -9999 -9999 -9999 -9999 -9999 -9999 -9999 0.226793540107715 0.226723637440436 0.226510881334572 0.218575308995901 0.206418545339899 0.153134932591734 0.107323843754313 0.0843079776650288 0.0782537947122076 0.0834760190815093 0.0992020195690709 0.112246521275573 0.113647474667921 0.118596540967537 0.126393388106046 0.123658820021668 0.120080882039648 0.119436829633711 0.118925874675967 0.118543397563723 0.116894743708522 0.114763155447823 0.111346107962213 0.104616512222911 0.0940435747982036 0.0857488143659803 0.0785430294319208 0.0754335580255162 0.0716212371501035 0.0668262507952233 0.0633733598940674 0.0606970979818926 0.0632474641211321 0.0662220518622994 0.0699156392175084 0.0694739200341138 0.0672029998991719 0.0700135463593
-9999 -9999 -9999 -9999 -9999 -9999 -9999 -9999 -9999 -9999 -9999 -9999 -9999 -9999 -9999 -9999 -9999 -9999 0.24596128220779 0.241024214213042 0.235828465623032 0.230104076081725 0.222570559773215 0.214048198207812 0.155902567409204 0.106175501663535 0.0824358990462984 0.0787851061160909 0.0884896859295572 0.102454055408491 0.113511451934479 0.113980087319516 0.118463417635399 0.126169016125062 0.122924197914084 0.118863821760059 0.118114312555034 0.117598491506884 0.117308247667929 0.115985008820274 0.114755319311733 0.115354412782802 0.111577440953303 0.10272319540591 0.0923932009103079 0.0824520656800269 0.0798201386350767 0.0762094021073177 0.0712301758358172 0.0671508281570451 0.0635677754452735 0.0630529760026667 0.0642529345404267 0.0683591814907899 0.0691931156752097 0.0685597417031894 0.0691844680504765
-9999 -9999 -9999 -9999 -9999 -9999 -9999 -9999 -9999 -9999 -9999 -9999 -9999 -9999 -9999 -9999 -9999 -9999 0.246104365182338 0.254754792710618 0.254396944982619 0.235629741128749 0.222946616032762 0.213588969577279 0.145344773441345 0.0914033710949183 0.0792465690061119 0.0786508671073969 0.0857411757175735 0.107305517957705 0.123128152732885 0.11630701000064 0.117550983343737 0.125268167552182 0.122931704669874 0.119666955360084 0.118680599339983 0.118080995065826 0.117854718993948 0.116706223314023 0.115593021142143 0.115827869723932 0.114134396993417 0.110203614157555 0.101355240623705 0.0914257638686772 0.0842123682153759 0.0794808651999582 0.0782193373734449 0.0738772952864702 0.0686601026818852 0.0676447927821509 0.0667383150099992 0.0660162933272398 0.0690341594841221 0.0736783287647701 0.0698294552968817
-9999 -9999 -9999 -9999 -9999 -9999 -9999 -9999 -9999 -9999 -9999 -9999 -9999 -9999 -9999 -9999 -9999 -9999 0.266805356939283 0.266754955698423 0.258924485265751 0.235194626730331 0.218852138569679 0.206547491365467 0.141848700576815 0.0904422155065549 0.0776511163882641 0.0830033383423778 0.100417540050651 0.117079583074279 0.127419805301217 0.117590733474132 0.116316871300571 0.121909578134473 0.12196742183711 0.120898312862614 0.118471497040109 0.117045375758449 0.116585216487004 0.115596799160628 0.114441631282927 0.112955156781289 0.111416925244972 0.109818643272055 0.101712118616163 0.0923299078640239 0.0879545351718099 0.085265631816037 0.0849346091618603 0.0782721734633557 0.0698309700029229 0.0703818508535519 0.0699645065131392 0.067906148288707 0.069889843656947 0.0736543713276672 0.0714606601799803
-9999 -9999 -9999 -9999 -9999 -9999 -9999 -9999 -9999 -9999 -9999 -9999 -9999 -9999 -9999 -9999 -9999 -9999 0.310005630050058 0.288485904431223 0.264901179046861 0.237096409869218 0.215644173638765 0.197664149631339 0.139999699476483 0.0933530597045978 0.0783655409682978 0.0896242643327947 0.118331923290682 0.127312906150393 0.130185671619621 0.118992500479533 0.115354961511388 0.117781712233945 0.120687523599248 0.12230626026174 0.118170346441891 0.115756126360896 0.115003842742103 0.114139356966003 0.112923345277743 0.109771284169794 0.108010845085257 0.107865017629981 0.10076663480347 0.0925583609112794 0.0920011089647044 0.0916084346596643 0.0914458590801121 0.0828614768458998 0.0719304267634785 0.073306288111835 0.0733051841616594 0.0709703058027921 0.0711527027931928 0.0724666075461327 0.0731969001637077
