layers/veg50/veg5500.asc
NCOLS 255 
NROWS 330 
XLLCORNER -2985163.8955 
YLLCORNER -3022031.214 
CELLSIZE 25000 
NODATA_value -9999 
[rows 250 to 274 of 330, columns 57 to 113 of 255]
-9999 -9999 -9999 -9999 -9999 -9999 -9999 -9999 -9999 -9999 -9999 -9999 -9999 -9999 -9999 0.706401537534714 0.706244362630708 0.711938927788546 0.719811305488337 0.688165547881188 0.655791705902567 0.621929947080512 0.593199596383385 0.567274006898965 0.577612760268555 0.588948356391992 0.599437378415984 0.605245976197867 0.607942950577181 0.599408873881644 0.59257211053076 0.594413047988104 0.593802260934461 0.591223674583809 0.60069576205993 0.60057985433942 0.552351366427317 0.503251586410547 0.453310755465092 0.436443781233711 0.426032076615488 0.412844456044995 0.401223693569322 0.391420858130402 0.365857244157371 0.3381371281796 0.331034320748517 0.324327591127819 0.31817462445155 0.30232024794849 0.283202178118721 0.268256061662895 0.25725731211986 0.252948828404594 -9999 -9999 -9999
-9999 -9999 -9999 -9999 -9999 -9999 -9999 -9999 -9999 -9999 -9999 -9999 -9999 -9999 -9999 0.71106430728424 0.705758295050287 0.710620617755754 0.719793229916668 0.709720163978868 0.690695026273643 0.653375390171957 0.624562698221741 0.6003997917522 0.606949587617056 0.61159620231196 0.608552686122319 0.608651027986966 0.610838129020346 0.613909554909687 0.61617287200714 0.615578188560821 0.61577424398146 0.616604960996233 0.615926298240178 0.614854706569154 0.613049814328092 0.568480352414427 0.482630611653643 0.457443767780568 0.443952984347069 0.42452101920605 0.409018147506393 0.398073956149644 0.396578223304372 -9999 -9999 -9999 -9999 -9999 -9999 -9999 -9999 -9999 -9999 -9999 -9999
-9999 -9999 -9999 -9999 -9999 -9999 -9999 -9999 -9999 -9999 -9999 -9999 -9999 -9999 -9999 0.714174479158852 0.717173864684903 0.722243774294171 0.72804375593981 0.716055122558506 0.699290455636934 0.672765462813842 0.648481232196106 0.625421773174679 0.626456365119424 0.626704222781475 0.62271185025977 0.620590328580125 0.619712579465046 0.625942039139044 0.630909455478452 0.629779436299654 0.629615355023398 0.630226553317525 0.623529901155664 0.616125366451755 0.610236481299422 0.571445999109101 0.500895882468072 0.477609728771711 0.462940732498166 0.440718166198192 0.423408925301085 0.411800307274531 0.403853463087449 0.397618597679764 -9999 -9999 -9999 -9999 -9999 -9999 -9999 -9999 -9999 -9999 -9999
-9999 -9999 -9999 -9999 -9999 -9999 -9999 -9999 -9999 -9999 -9999 -9999 -9999 -9999 -9999 0.763955300440381 0.754249723001025 0.755340144185265 0.76097226734663 0.74291493981264 0.721953817882674 0.695058487280013 0.673464556400493 0.654768301939319 0.644486431628881 0.637150704842858 0.636509034812647 0.634709386214336 0.632139894322813 0.633671572560357 0.634684789408369 0.632855970403273 0.633150217156092 0.63514847563095 0.625668305186217 0.616162446956392 0.613643721393464 0.591710130562651 0.551035533843709 0.511352159249826 0.474244741690356 0.451115679059264 0.433145021335977 0.421159336839953 0.406810118221899 0.393126285189103 0.391536559250178 -9999 -9999 -9999 -9999 -9999 -9999 -9999 -9999 -9999 -9999
-9999 -9999 -9999 -9999 -9999 -9999 -9999 -9999 -9999 -9999 -9999 -9999 -9999 -9999 -9999 0.775283540503155 0.795828876336526 0.808245991948874 0.816666724276704 0.788709358380101 0.757595135526605 0.72002954409205 0.699430171338643 0.688104313948789 0.661154202088011 0.643296822518569 0.649972285805924 0.65083931423683 0.647844799162981 0.637431545980634 0.628348146771058 0.625669728974633 0.627177354182015 0.632044774685823 0.622764951627822 0.615061525291052 0.622789567238069 0.627932467499046 0.630579952268275 0.557619160106482 0.478460344765365 0.456162910986544 0.438587078383319 0.42648942307149 0.405782790818084 0.38528256743985 0.388647792590264 -9999 -9999 -9999 -9999 -9999 -9999 -9999 -9999 -9999 -9999
-9999 -9999 -9999 -9999 -9999 -9999 -9999 -9999 -9999 -9999 -9999 -9999 -9999 -9999 -9999 0.812202116452454 0.812198496281726 0.817876337918073 0.825722324110206 0.800246220465121 0.772019506470083 0.738171631480826 0.71864515335078 0.706946565235436 0.692793547890987 0.683370499991195 0.686181007941031 0.681810416173957 0.672665710613037 0.668514801022602 0.662105707798759 0.646990336617784 0.639617774997249 0.638459735090566 0.631207329242983 0.627271924506703 0.641171534378938 0.660980149823055 0.68649267856699 0.654157726269828 0.602621646982609 0.509252107337401 0.453643462534947 0.441846412345673 0.423879192821358 0.406664723850127 0.412061424142554 -9999 -9999 -9999 -9999 -9999 -9999 -9999 -9999 -9999 -9999
-9999 -9999 -9999 -9999 -9999 -9999 -9999 -9999 -9999 -9999 -9999 -9999 -9999 -9999 -9999 0.809385050251659 0.812129707058548 0.811072996462249 -9999 0.790054528605708 0.780706696261284 0.752255587236511 0.733343146684926 0.719644418764089 0.721502309289273 0.722858260672583 0.721491748697854 0.712184151864279 0.697597190552104 0.701471678236433 0.699502961794279 0.673425344738961 0.657657404235481 0.65016420022062 0.645810664046953 0.645914432177441 0.662980678644886 0.691590397151212 0.731342931972003 0.746125238096852 0.730123053745952 0.563289882619735 0.468470029869154 0.457202707442912 0.443285489415711 0.429201021065001 0.420361328105626 0.415577028748338 0.416462642329945 0.384492376103114 0.343073762415761 0.344431894950688 -9999 -9999 -9999 -9999 -9999
-9999 -9999 -9999 -9999 -9999 -9999 -9999 -9999 -9999 -9999 -9999 -9999 -9999 -9999 -9999 0.807884121452461 0.806620700510165 0.807107125732422 -9999 -9999 0.780529755613983 0.751540109154884 0.730681335542578 0.714266791707152 0.718766616824458 0.723797839822324 0.728230417357008 0.723853105663467 0.713618833985413 0.716054035964498 0.714746899740658 0.697757659914912 0.686739805291843 0.680514694531858 0.681862020111883 0.685419758150868 0.693670514414735 0.712344862245556 0.741081015205404 0.760972273595979 0.750575456399666 0.572348625915698 0.472028353134219 0.462098166127543 0.449823436220707 0.436819771387705 0.423167241401592 0.415577028748338 0.416462642329945 0.385950149735668 0.346304421618847 0.345679245792589 -9999 -9999 -9999 -9999 -9999
-9999 -9999 -9999 -9999 -9999 -9999 -9999 -9999 -9999 -9999 -9999 -9999 -9999 -9999 -9999 0.800783642118547 0.801330426675344 0.801119911089712 -9999 -9999 0.779827635616551 0.758397545607027 0.740323579123236 0.724084026285925 0.722638239414654 0.72520480300543 0.7365775416988 0.736658704679243 0.729233041478395 0.726728032466825 0.723709316118332 0.717630042586689 0.712564579999337 0.708312820768352 0.710749348637424 0.714206764360849 0.717859007714276 0.729174480515925 0.747887204147266 0.764796157140197 0.75974846975946 0.627341223024771 0.530445728975126 0.474752291156393 0.452396928435277 0.439522903988246 0.427829764283443 0.419942750029631 0.417377142785616 0.386716600023737 0.348091479222896 -9999 -9999 -9999 -9999 -9999 -9999
-9999 -9999 -9999 -9999 -9999 -9999 -9999 -9999 -9999 -9999 -9999 -9999 -9999 -9999 -9999 0.800225345171782 0.799281254497878 0.799644735504493 -9999 0.786868657755989 0.783948928599447 0.775062426414253 0.763606973927981 0.750747366483379 0.733835201974452 0.727129941409824 0.746707914546717 0.750724469521379 0.744395536474867 0.733068941404206 0.725707590384718 0.732557826497468 0.734777718164498 0.733281210005867 0.731694126090301 0.731110678041347 0.734839649797811 0.741652734113224 0.751442886300568 0.756398989480713 0.756416348955147 0.733259361370111 0.649683756954224 0.496008226180516 0.450575143986462 0.436056003940725 0.426552937963235 0.419942750029631 0.417377142785616 0.386716600023737 -9999 -9999 -9999 -9999 -9999 -9999 -9999
-9999 -9999 -9999 -9999 -9999 -9999 -9999 -9999 -9999 -9999 -9999 -9999 -9999 -9999 -9999 0.787704710251757 0.788080396462846 0.787935754845306 0.780470490155469 0.780690972206335 0.779924415902813 0.777140743108192 0.770701371865515 0.762263843204286 0.752006160968334 0.747730960622984 0.758809228791062 0.760541464328472 0.756060302885087 0.747342515727509 0.741357321653695 0.745392012194596 0.747197697652147 0.747214342531774 0.746423458916392 0.746051439324416 0.747955046115566 0.751029432229904 0.755233961762019 0.757325458510502 0.758720750884294 0.758618465322768 0.715896097905714 0.623724326378651 0.530598860391552 0.444952016333183 0.429829254733807 0.421012592626263 -9999 -9999 -9999 -9999 -9999 -9999 -9999 -9999 -9999
-9999 -9999 -9999 -9999 -9999 -9999 -9999 -9999 -9999 -9999 -9999 -9999 -9999 -9999 -9999 -9999 0.776658032235722 0.776658032235722 0.786918601867835 0.780243864966813 0.776100487959437 0.777130210623098 0.774914240307621 0.770924216251997 0.771743681121537 0.77232179987693 0.771839544055682 0.770042875253008 0.767372362973317 0.763752365584381 0.760395866922494 0.758159935071335 0.757786316156708 0.75890742394196 0.75980041697274 0.760447058892753 0.760189947178498 0.76009141270732 0.760145951512993 0.761601770071211 0.76313716665375 0.76341042990362 0.763443779918723 0.76319877367591 0.621430533192734 0.457922897771346 -9999 -9999 -9999 -9999 -9999 -9999 -9999 -9999 -9999 -9999 -9999
-9999 -9999 -9999 -9999 -9999 -9999 -9999 -9999 -9999 -9999 -9999 -9999 -9999 -9999 -9999 -9999 -9999 -9999 0.787014794954078 0.789474779586521 0.791125870414227 0.791123901838685 0.790126257456369 0.788584389575302 0.78936670158033 0.789593763228207 0.78819514908928 0.785985975487914 0.783237928557545 0.780615843688856 0.777895419590219 0.774821967888993 0.774316707208551 0.775872723993272 0.775415179250967 0.774597607632692 0.773497963156101 0.773175323120963 0.773602718927508 0.773179502526959 0.772668605030465 0.772691460513724 0.77258598349989 0.772331610349941 0.626321897587855 -9999 -9999 -9999 -9999 -9999 -9999 -9999 -9999 -9999 -9999 -9999 -9999
-9999 -9999 -9999 -9999 -9999 -9999 -9999 -9999 -9999 -9999 -9999 -9999 -9999 -9999 -9999 -9999 -9999 -9999 0.812268023594779 0.808651601274171 0.806098065284539 0.805716649088272 0.805120887597249 0.804407967744581 0.80551383400011 0.805786995481821 0.803777339011067 0.801066034113729 0.797888261744301 0.79535000741034 0.79266199420094 0.789308607357743 0.788394998931123 0.78943960164588 0.787929633643399 0.786101714324788 0.784504621882313 0.783855795346267 0.784122321901303 0.782688150299351 0.781097310874493 0.780683661784338 0.780288309867388 0.779914187011305 0.780877406669864 -9999 -9999 -9999 -9999 -9999 -9999 -9999 -9999 -9999 -9999 -9999 -9999
-9999 -9999 -9999 -9999 -9999 -9999 -9999 -9999 -9999 -9999 -9999 -9999 -9999 -9999 -9999 -9999 -9999 -9999 0.812360306738486 0.817507308619322 0.820999268809001 0.821108977565539 0.819825363627715 0.817780177553201 0.819691046574039 0.820540407273817 0.818327224491346 0.814994160649437 0.810916581367817 0.807242100086975 0.803780766559416 0.800891672559832 0.799200387150823 0.798470485001606 0.796305997698999 0.794073521429694 0.792439577876288 0.791328313810623 0.790721587851311 0.789435117732347 0.788054160694629 0.786955617056159 0.786068781308347 0.785427576929191 0.783799589220625 -9999 -9999 -9999 -9999 -9999 -9999 -9999 -9999 -9999 -9999 -9999 -9999
-9999 -9999 -9999 -9999 -9999 -9999 -9999 -9999 -9999 -9999 -9999 -9999 -9999 -9999 -9999 -9999 -9999 -9999 0.838193510034518 0.837290166414689 0.836280848165548 0.83505495963677 0.834054281831638 0.833176701290842 0.834881828741064 0.83538522386305 0.832598051129959 0.831018931574123 0.830242945739386 0.824032785710673 0.817445718572926 0.811194071548962 0.811289145646169 0.816478215135026 0.811235652180459 0.806295829541445 0.809088865268944 0.810394796682837 0.810265238830489 0.808180788185176 0.800668082953459 0.763533647171024 0.742011998746582 0.738604886891218 0.734984516789928 -9999 -9999 -9999 -9999 -9999 -9999 -9999 -9999 -9999 -9999 -9999 -9999
-9999 -9999 -9999 -9999 -9999 -9999 -9999 -9999 -9999 -9999 -9999 -9999 -9999 -9999 -9999 -9999 0.872866305892937 0.872866305892937 0.848709914531089 0.850363292854713 0.850663604803049 0.848198783575947 0.847862754274654 0.848690295065247 0.849842383550765 0.849553366577934 0.84557649591685 0.845612900078869 0.848317395681864 0.839531776280833 0.829638323539282 0.819451648994917 0.821348136445177 0.832942792499669 0.824029692760321 0.815746522401638 0.82281297692546 0.82625493287777 0.826198190892547 0.822616381588682 0.807429936995248 0.728109103715494 0.682395920751305 0.675675583630904 0.660406795583101 -9999 -9999 -9999 -9999 -9999 -9999 -9999 -9999 -9999 -9999 -9999 -9999
-9999 -9999 -9999 -9999 -9999 -9999 -9999 -9999 -9999 -9999 -9999 -9999 -9999 -9999 -9999 -9999 -9999 -9999 0.848687495674284 0.848211926669041 0.850102375943334 0.856828031943568 0.857909168954343 0.85590508500031 0.856449245151631 0.853434143181678 0.841148093693756 0.829051600800032 0.817081128263463 0.812055363158083 0.807851001955147 0.804313395923097 0.795563306625687 0.782629582152593 0.77340702048095 0.763912086783861 0.750967745500435 0.738232849068038 0.725700127985931 0.715126972682007 0.701181944173583 0.664914235690477 0.642822400460346 0.63717794061243 0.639909850660924 -9999 -9999 -9999 -9999 -9999 -9999 -9999 -9999 -9999 -9999 -9999 -9999
-9999 -9999 -9999 -9999 -9999 -9999 -9999 -9999 -9999 -9999 -9999 -9999 -9999 -9999 -9999 -9999 -9999 -9999 0.843999638780415 0.844546632486372 0.847117627927335 0.853824883382457 0.856763211185253 0.857641491953124 0.856892332054269 0.851445025055342 0.834224999754604 0.814245674818955 0.792431921875384 0.788917057114795 0.787640413106408 0.788358815885404 0.770453709825875 0.737601032195362 0.727117673001139 0.717100063219538 0.695228772242293 0.676206823534011 0.659935320914492 0.647210769561112 0.635562744111402 0.625884823673282 0.61838163055803 0.613401636965999 0.612310716532179 -9999 -9999 -9999 -9999 -9999 -9999 -9999 -9999 -9999 -9999 -9999 -9999
-9999 -9999 -9999 -9999 -9999 -9999 -9999 -9999 -9999 -9999 -9999 -9999 -9999 -9999 -9999 -9999 0.809425559346 0.809425559346 0.843987078312643 0.843341300480625 0.84021867578245 0.832034354507394 0.83754055270702 0.850529811514875 0.847380361531115 0.839975492413189 0.823272751521388 0.802274836562275 0.778421418884903 0.772785189043303 0.76997639120641 0.771085793461132 0.746434675841186 0.701107690001617 0.687827039675598 0.678399692474471 0.665502872598284 0.656166799378856 0.650267884910707 0.643208897415577 0.635562744111402 0.625884823673282 0.61838163055803 0.613401636965999 -9999 -9999 -9999 -9999 -9999 -9999 -9999 -9999 -9999 -9999 -9999 -9999 -9999
-9999 -9999 -9999 -9999 -9999 -9999 -9999 -9999 -9999 -9999 -9999 -9999 -9999 -9999 -9999 -9999 0.809425559346 0.809425559346 0.779178628393433 0.785458358622159 0.788772373649064 0.786025638336421 0.805324429704889 0.836673020396173 0.829325111370786 0.819391249883646 0.806497144420333 0.785608944547154 0.759406138569622 0.745412480626128 0.737132534508983 0.743791712557731 0.723095413980214 0.680443105486693 0.670022541712896 0.663999848073552 0.65670257157242 0.646507205990912 0.633514339434237 0.629723354233541 -9999 -9999 -9999 -9999 -9999 -9999 -9999 -9999 -9999 -9999 -9999 -9999 -9999 -9999 -9999 -9999 -9999
-9999 -9999 -9999 -9999 -9999 -9999 -9999 -9999 -9999 -9999 -9999 -9999 -9999 -9999 -9999 -9999 -9999 -9999 0.771011384842634 0.738777583890253 0.72090215956683 0.732369585148841 0.769406377186989 0.820419053723829 0.807783298760196 0.79488483097944 0.787245994832822 0.767014411129721 0.738410960695639 0.713592090520496 0.698199296920055 0.712119747558747 0.699811201177381 0.666450778181797 0.661121749604109 0.659415722543072 0.655745587512101 0.640458789603781 0.613958524881198 0.609370205708188 -9999 -9999 -9999 -9999 -9999 -9999 -9999 -9999 -9999 -9999 -9999 -9999 -9999 -9999 -9999 -9999 -9999
-9999 -9999 -9999 -9999 -9999 -9999 -9999 -9999 -9999 -9999 -9999 -9999 -9999 -9999 0.758114351728673 0.758114351728673 -9999 -9999 0.771424056989403 0.778378572916888 0.7929126650888 0.822936416978822 0.832199045367378 0.830113912573924 0.795150810509464 0.769115561109565 0.768801201136597 0.75264777933384 0.725964287410327 0.700929905665248 0.680714071687863 0.675564456635198 0.663988139537176 0.647253632883079 0.637000842076307 0.624091840706672 0.595910777508228 0.590328225995653 0.606559827438772 -9999 -9999 -9999 -9999 -9999 -9999 -9999 -9999 -9999 -9999 -9999 -9999 -9999 -9999 -9999 -9999 -9999 -9999
-9999 -9999 -9999 -9999 -9999 -9999 -9999 -9999 -9999 -9999 -9999 -9999 -9999 -9999 0.758114351728673 0.762689891559056 0.774908405451574 0.765751811005464 0.747779110187915 0.793252024330247 0.835726331777048 0.872072671664138 0.860165062278883 0.821882469266522 0.779438749286941 0.749596391617607 0.752124692945404 0.738813740720741 0.714972590914922 0.687467495319008 0.66233475218676 0.645896920692628 0.634477706366187 0.627086526710972 0.609899918500534 0.587242487382221 0.547438895204379 0.524944477737744 0.519158460803665 -9999 -9999 -9999 -9999 -9999 -9999 -9999 -9999 -9999 -9999 -9999 -9999 -9999 -9999 -9999 -9999 -9999 -9999
-9999 -9999 -9999 -9999 -9999 -9999 -9999 -9999 -9999 -9999 -9999 -9999 -9999 -9999 -9999 0.762689891559056 0.774908405451574 0.765751811005464 0.747723310606217 0.787897365335663 0.820964834622154 0.839509250545341 0.819454118498391 0.778300973520311 0.757653875886789 0.742402205502926 0.738935183064317 0.726029957579991 0.706850058699388 0.672427067776534 0.642192309481907 0.629811801113682 0.617415559821907 0.605006690995611 0.576922505583079 0.547384956653266 0.52137431623198 0.511490158008205 0.517172757196766 -9999 -9999 -9999 -9999 -9999 -9999 -9999 -9999 -9999 -9999 -9999 -9999 -9999 -9999 -9999 -9999 -9999 -9999
