layers/veg50/veg6000.asc
NCOLS 255 
NROWS 330 
XLLCORNER -2985163.8955 
YLLCORNER -3022031.214 
CELLSIZE 25000 
NODATA_value -9999 
[rows 250 to 274 of 330, columns 57 to 113 of 255]
-9999 -9999 -9999 -9999 -9999 -9999 -9999 -9999 -9999 -9999 -9999 -9999 -9999 -9999 -9999 0.586032518476744 0.58567767738632 0.581193850327748 0.57486744559847 0.56768064356176 0.563314822841095 0.56471397357102 0.565080723229315 0.5648831758348 0.565175028872353 0.567239639755703 0.573758075001571 0.578933132846617 0.583215091189854 0.585585354496272 0.588317562494999 0.592762343013616 0.570954813032748 0.528076694609225 0.502446038486779 0.482317540744793 0.47486117932928 0.465632581018866 0.454693257363504 0.436171738048455 0.413942571645885 0.379201393058375 0.355197656697322 0.34365190015817 0.322522551729412 0.300851016666792 0.298718447604228 0.296687621338196 0.29479904336052 0.289816834629532 0.283850295903468 0.280221118007591 0.281151567160626 0.289809982248076 -9999 -9999 -9999
-9999 -9999 -9999 -9999 -9999 -9999 -9999 -9999 -9999 -9999 -9999 -9999 -9999 -9999 -9999 0.611983622816577 0.591620224323514 0.579287987801448 0.57058430955908 0.567746561978669 0.568161997218427 0.575225653052607 0.579010565161781 0.581003358421234 0.579417238581947 0.579874942655846 0.585853265019426 0.590822314242072 0.595120381997555 0.599107026606605 0.603210427835607 0.607779164948116 0.591229455957152 0.557729692745117 0.534717057609978 0.516685675782865 0.513296572490192 0.512223533701055 0.513386172466161 0.495361316064024 0.468933776104309 0.416626658008494 0.379683111880017 0.360564953355473 0.353353110917364 -9999 -9999 -9999 -9999 -9999 -9999 -9999 -9999 -9999 -9999 -9999 -9999
-9999 -9999 -9999 -9999 -9999 -9999 -9999 -9999 -9999 -9999 -9999 -9999 -9999 -9999 -9999 0.623919831493099 0.6354308646397 0.634709000544289 0.628538456845339 0.620786935192662 0.613432515134329 0.606889613869597 0.595857037142317 0.582370461963067 0.58440284049861 0.588415844175236 0.596010827156219 0.602362626800822 0.607887937613845 0.612041379596505 0.616060613777423 0.620038591638858 0.616881868592811 0.607998703049979 0.589943436462263 0.57246086304381 0.563077365094156 0.559607326124726 0.561845499292668 0.541542430842885 0.510557092965321 0.444382796760504 0.399452517243514 0.379170336002759 0.363183421475326 0.349864298649911 -9999 -9999 -9999 -9999 -9999 -9999 -9999 -9999 -9999 -9999 -9999
-9999 -9999 -9999 -9999 -9999 -9999 -9999 -9999 -9999 -9999 -9999 -9999 -9999 -9999 -9999 0.674064375375135 0.671742265940774 0.668120146621908 0.663854129313851 0.653325893837928 0.641844969783854 0.628417126612269 0.612799876383354 0.595985924616825 0.597907668646829 0.602421760184085 0.611770912115816 0.619330281169715 0.625699772981702 0.630362114716221 0.634767652547074 0.638832314798979 0.642842440856669 0.646808795159353 0.636479230524739 0.622269042530087 0.60043898440741 0.586410954789255 0.579914157560565 0.554973031467123 0.52159655464556 0.461229237007582 0.420095970010053 0.401278763925217 0.37703801259238 0.353969260737268 0.355421912288587 -9999 -9999 -9999 -9999 -9999 -9999 -9999 -9999 -9999 -9999
-9999 -9999 -9999 -9999 -9999 -9999 -9999 -9999 -9999 -9999 -9999 -9999 -9999 -9999 -9999 0.676774715206933 0.681690292715731 0.681226741185936 0.678285346409794 0.666951878836246 0.654705516772239 0.640593558986288 0.629831616390345 0.620900748703698 0.619271656984685 0.621469263673291 0.63269943880166 0.641304769202893 0.648165059441403 0.653651897358591 0.658877757666881 0.663654059904239 0.66908729667119 0.675047801204043 0.674997782627874 0.666572535478021 0.626343662719025 0.594228962070358 0.56994680340428 0.538190613908935 0.504421785297154 0.468011257571411 0.441545749356861 0.426618822657897 0.394605084714433 0.361136652598708 0.358061594555308 -9999 -9999 -9999 -9999 -9999 -9999 -9999 -9999 -9999 -9999
-9999 -9999 -9999 -9999 -9999 -9999 -9999 -9999 -9999 -9999 -9999 -9999 -9999 -9999 -9999 0.696768534684014 0.696745491634091 0.690152087577638 0.680713553537033 0.67807326107816 0.67223188541484 0.659848760190956 0.651473129194331 0.645287942632278 0.645788310841511 0.648682523925796 0.657029992406715 0.662837824775747 0.666957265077952 0.672549659818775 0.677035853228267 0.677534910506964 0.679724902129962 0.683272068834863 0.684590902269513 0.680039174607427 0.651967943334908 0.61188668888281 0.560212260230457 0.529300879132666 0.501533367113158 0.466660557790614 0.4415883102597 0.427887039025413 0.401510212350263 0.37445695940362 0.373616975322629 -9999 -9999 -9999 -9999 -9999 -9999 -9999 -9999 -9999 -9999
-9999 -9999 -9999 -9999 -9999 -9999 -9999 -9999 -9999 -9999 -9999 -9999 -9999 -9999 -9999 0.712579167650228 0.710097682366184 0.711053070226563 -9999 0.69124076751605 0.688271709036883 0.679235067879951 0.672813864408517 0.667822225297575 0.67126858804725 0.67550969030314 0.680982224356327 0.683844391143961 0.684971142624643 0.690376521645933 0.693912424140647 0.690199469238437 0.688966370896273 0.689723651152388 0.690962656245022 0.689850419891615 0.678468749253751 0.6318651289369 0.551262057312131 0.519506196247418 0.496142007135858 0.46193673080833 0.437716547671458 0.425081441023517 0.406209122572529 0.386774867545458 0.378153543758358 0.373455656946185 0.374243192327713 0.362609916001443 0.347560993026509 0.351471627175314 -9999 -9999 -9999 -9999 -9999
-9999 -9999 -9999 -9999 -9999 -9999 -9999 -9999 -9999 -9999 -9999 -9999 -9999 -9999 -9999 0.71393617983414 0.715078457611089 0.714638673289863 -9999 -9999 0.691415452187415 0.691947123322156 0.687722301028576 0.680897641039092 0.685776792312009 0.691735146885892 0.699342838634497 0.702467317198724 0.702611281531417 0.706998998134276 0.710073769543355 0.70770410235546 0.706942976931212 0.707472896784496 0.710099520044475 0.712075650271243 0.709996833984178 0.654117823002126 0.546305937305302 0.496591824609239 0.462330873438293 0.447473441384568 0.435025878755247 0.42537433626084 0.410109767977331 0.393653912635245 0.380687030651014 0.373455656946185 0.374243192327713 0.366807458731687 0.356863418141753 0.355063274288118 -9999 -9999 -9999 -9999 -9999
-9999 -9999 -9999 -9999 -9999 -9999 -9999 -9999 -9999 -9999 -9999 -9999 -9999 -9999 -9999 0.728853639570075 0.725919050091943 0.7270488859933 -9999 -9999 0.733037657598424 0.716289745769248 0.706195069111859 0.699736964618393 0.702478738864576 0.707234401505219 0.716244848205051 0.71975344852326 0.719604330422618 0.721689662061499 0.723500245211375 0.723787307098793 0.724046267434004 0.724282672945281 0.726064237293982 0.72831172649071 0.731579973432996 0.689243821356692 0.602886127088917 0.519499015677909 0.448273178052721 0.445152300291702 0.439486991107608 0.430869537953064 0.416684459982566 0.402125841652233 0.398385352902486 0.390811692723195 0.377878812103701 0.369014391113322 0.362009107765224 -9999 -9999 -9999 -9999 -9999 -9999
-9999 -9999 -9999 -9999 -9999 -9999 -9999 -9999 -9999 -9999 -9999 -9999 -9999 -9999 -9999 0.731850015976989 0.736916945032687 0.734966144622811 -9999 0.738540313813408 0.737063759286772 0.732569710584306 0.728619508867384 0.724966566868179 0.721612824331376 0.721928536915854 0.73152974473111 0.735557514018189 0.735879969243988 0.734238581021223 0.733894649544462 0.738294615128709 0.740181338150022 0.740050886351573 0.738512086993164 0.737907799927164 0.742137438374039 0.738642081540218 0.727689851838949 0.593207254066319 0.456115551000373 0.456292809467455 0.451877077444761 0.442132387031695 0.426223790464949 0.409500467319026 0.4011013574091 0.390811692723195 0.377878812103702 0.369014391113322 -9999 -9999 -9999 -9999 -9999 -9999 -9999
-9999 -9999 -9999 -9999 -9999 -9999 -9999 -9999 -9999 -9999 -9999 -9999 -9999 -9999 -9999 0.748899607708738 0.748633380367924 0.748735879613497 0.749147123442389 0.748781610800934 0.74867096583086 0.749081169701873 0.74568866931993 0.740217660050675 0.740353263718435 0.742680826476306 0.750049705420515 0.752816158200249 0.752522841988718 0.749697752736353 0.747897589463611 0.750124647304786 0.752183366641234 0.75410697438999 0.754355548003516 0.754570461852749 0.755678146609995 0.757382120012958 0.75966168582237 0.621010710605117 0.47627035221974 0.469762667539133 0.462369374436277 0.453948565504063 0.441572196525623 0.427466481056682 0.407718069427051 0.396204625182428 -9999 -9999 -9999 -9999 -9999 -9999 -9999 -9999 -9999
-9999 -9999 -9999 -9999 -9999 -9999 -9999 -9999 -9999 -9999 -9999 -9999 -9999 -9999 -9999 -9999 0.75672775690941 0.75672775690941 0.777595585727109 0.768332674730082 0.762868215256985 0.765166290213786 0.761069192304396 0.753476575744577 0.758991501862786 0.764544936651831 0.768975643167631 0.770074900732907 0.768959355967736 0.765779720333966 0.762892427032421 0.761536770104668 0.762918352916522 0.76649689481216 0.769089324887289 0.77056793796053 0.767932471025326 0.766323552596019 0.765705552791592 0.642754762808328 0.512379369650787 0.489371660204586 0.473853146207995 0.467023875312861 0.457868009311436 0.449030226299274 -9999 -9999 -9999 -9999 -9999 -9999 -9999 -9999 -9999 -9999 -9999
-9999 -9999 -9999 -9999 -9999 -9999 -9999 -9999 -9999 -9999 -9999 -9999 -9999 -9999 -9999 -9999 -9999 -9999 0.777729078329081 0.781142938536947 0.781923424726303 0.777322334671574 0.774155257530035 0.771771993271727 0.777637950217187 0.782563350800695 0.784333448915104 0.784257509785759 0.782954294582165 0.780729777382796 0.77825589152635 0.775240852394256 0.772174557030385 0.769067122469835 0.767688115456763 0.766250953189416 0.763498623717084 0.761069549633634 0.7589525112539 0.712720156836029 0.651150342285118 0.553579325304962 0.497349876905081 0.489086453962344 0.469518641000491 -9999 -9999 -9999 -9999 -9999 -9999 -9999 -9999 -9999 -9999 -9999 -9999
-9999 -9999 -9999 -9999 -9999 -9999 -9999 -9999 -9999 -9999 -9999 -9999 -9999 -9999 -9999 -9999 -9999 -9999 0.797432739417012 0.796903613204981 0.794955000369342 0.790105517608389 0.789570913990434 0.79139476742036 0.79622785914567 0.799730297866723 0.79957524333939 0.798215960812415 0.796056087605646 0.793744403278379 0.791092748694832 0.787388223147883 0.78148538468845 0.773818139753327 0.769963271642474 0.766751049476724 0.763907444286536 0.760891270868215 0.757708518793029 0.755221611507673 0.735477684772901 0.613022301483068 0.531477486027772 0.497398632934481 0.485559965417758 -9999 -9999 -9999 -9999 -9999 -9999 -9999 -9999 -9999 -9999 -9999 -9999
-9999 -9999 -9999 -9999 -9999 -9999 -9999 -9999 -9999 -9999 -9999 -9999 -9999 -9999 -9999 -9999 -9999 -9999 0.797446241554189 0.798199310019949 0.799946619386354 0.803725764403219 0.808095958076973 0.812789211290586 0.814742302907255 0.815760761771269 0.814662193356883 0.811875220211562 0.807965767692146 0.804175740917481 0.800557253908756 0.797457796082232 0.790869120318483 0.781479933904692 0.777145402745388 0.773680673834748 0.770779944557276 0.767487740297357 0.763817648534751 0.761065977191063 0.74713719293249 0.666105679223362 0.57979450372068 0.487357668242058 0.473332659030572 -9999 -9999 -9999 -9999 -9999 -9999 -9999 -9999 -9999 -9999 -9999 -9999
-9999 -9999 -9999 -9999 -9999 -9999 -9999 -9999 -9999 -9999 -9999 -9999 -9999 -9999 -9999 -9999 -9999 -9999 0.808478237020977 0.807860475605462 0.809453530652203 0.815564621219034 0.821089022904023 0.826292748045721 0.827829433346474 0.828545520539218 0.827520312245452 0.824316216543299 0.819663560475507 0.806726698291942 0.79617552716075 0.795680726280122 0.782967762548786 0.760448276037001 0.759937911037313 0.759686323130095 0.746925960514105 0.731535138654218 0.713605156645746 0.696259934048875 0.675529066390454 0.6340933244187 0.580072427641397 0.511449766187148 0.498483805052527 -9999 -9999 -9999 -9999 -9999 -9999 -9999 -9999 -9999 -9999 -9999 -9999
-9999 -9999 -9999 -9999 -9999 -9999 -9999 -9999 -9999 -9999 -9999 -9999 -9999 -9999 -9999 -9999 0.796753444118142 0.796753444118142 0.790107312353324 0.805354396222571 0.817695091359365 0.824096276024537 0.830671236704076 0.837341181102107 0.839001198376371 0.839762593959646 0.8387097028904 0.834339896943583 0.827764951158262 0.804655345344897 0.786521068280432 0.78914750091778 0.768731296629034 0.729820647087068 0.733469122719416 0.736838254618139 0.712712229452974 0.682945364526041 0.647733444496712 0.612842819082448 0.582290429146332 0.576945363870377 0.564961539261256 0.545275179162702 0.544015732876603 -9999 -9999 -9999 -9999 -9999 -9999 -9999 -9999 -9999 -9999 -9999 -9999
-9999 -9999 -9999 -9999 -9999 -9999 -9999 -9999 -9999 -9999 -9999 -9999 -9999 -9999 -9999 -9999 -9999 -9999 0.789900570686837 0.785514980041947 0.785237754453359 0.793356404131108 0.818003922793659 0.851685907140836 0.849144035117835 0.84422691079015 0.836654083257135 0.815245062574666 0.78463751197712 0.774326795410493 0.768627580382453 0.772005624337944 0.747802208539744 0.70146140460083 0.692871692433974 0.688664986952336 0.679708549429994 0.660867791839794 0.632485783355709 0.607929853395383 0.585998198797466 0.574826549800292 0.563488032441929 0.551955908204685 0.548551508055606 -9999 -9999 -9999 -9999 -9999 -9999 -9999 -9999 -9999 -9999 -9999 -9999
-9999 -9999 -9999 -9999 -9999 -9999 -9999 -9999 -9999 -9999 -9999 -9999 -9999 -9999 -9999 -9999 -9999 -9999 0.784855965523998 0.777477867455248 0.77429564829811 0.779688148157361 0.810705305582106 0.855728568909718 0.85134357217417 0.842907384469683 0.828789457514357 0.79701289959818 0.753496591925829 0.750137445138288 0.751317042466075 0.75567190487095 0.730791314178182 0.682445809790784 0.666732338585675 0.657423293248314 0.655102016338041 0.64400947411293 0.624450103370414 0.606003168233449 0.588288132678199 0.573517961462131 0.562577988532368 0.556081954108469 0.554658928845311 -9999 -9999 -9999 -9999 -9999 -9999 -9999 -9999 -9999 -9999 -9999 -9999
-9999 -9999 -9999 -9999 -9999 -9999 -9999 -9999 -9999 -9999 -9999 -9999 -9999 -9999 -9999 -9999 0.723071904796348 0.723071904796348 0.785025386784237 0.793735929745448 0.79810259903401 0.793592106476317 0.812077622425656 0.843132458752038 0.840713956903042 0.832246424769725 0.811542757922642 0.780174029477403 0.741714991790517 0.735863461370827 0.734948021854809 0.740643432733929 0.720108659487046 0.678521056832827 0.663944094770587 0.653527633322429 0.644057640204095 0.635580728423381 0.628062429691943 0.608899598057492 0.588288132678199 0.573517961462131 0.562577988532368 0.556081954108469 -9999 -9999 -9999 -9999 -9999 -9999 -9999 -9999 -9999 -9999 -9999 -9999 -9999
-9999 -9999 -9999 -9999 -9999 -9999 -9999 -9999 -9999 -9999 -9999 -9999 -9999 -9999 -9999 -9999 0.723071904796348 0.723071904796348 0.772864153217566 0.776328620850818 0.778269744715632 0.777097755677314 0.797417124758901 0.82948339180603 0.823384966251003 0.813206126290737 0.796224467590794 0.769586115603484 0.736527834295653 0.724614935098218 0.7186083624079 0.725611908270523 0.701720872346047 0.653033275450044 0.642308590880361 0.636813641273617 0.630028989223407 0.616500463671138 0.596462133839156 0.589492853256129 -9999 -9999 -9999 -9999 -9999 -9999 -9999 -9999 -9999 -9999 -9999 -9999 -9999 -9999 -9999 -9999 -9999
-9999 -9999 -9999 -9999 -9999 -9999 -9999 -9999 -9999 -9999 -9999 -9999 -9999 -9999 -9999 -9999 -9999 -9999 0.781371559893901 0.755974728195782 0.741588433287789 0.749703326136589 0.777422437128967 0.81585695982041 0.803352251165801 0.790530428111118 0.781646785544613 0.76156541348593 0.734039605764767 0.714636394864811 0.702269413226035 0.710271999543067 0.680075265759376 0.619219053350086 0.613480240235353 0.615271501529507 0.614923743955615 0.593130787626609 0.550636961598212 0.543279478994105 -9999 -9999 -9999 -9999 -9999 -9999 -9999 -9999 -9999 -9999 -9999 -9999 -9999 -9999 -9999 -9999 -9999
-9999 -9999 -9999 -9999 -9999 -9999 -9999 -9999 -9999 -9999 -9999 -9999 -9999 -9999 0.745592516107099 0.745592516107099 -9999 -9999 0.781696701972971 0.787176126221236 0.801552151731891 0.834109315838976 0.838460046491105 0.827393505981561 0.791919485083189 0.76511571457989 0.762590317477883 0.747885624740597 0.725083934943821 0.703379597256585 0.685300170466985 0.67859567878654 0.660436910993728 0.633084730001077 0.630844169078347 0.628540993021073 0.610448021800455 0.583929887425548 0.549279014033175 -9999 -9999 -9999 -9999 -9999 -9999 -9999 -9999 -9999 -9999 -9999 -9999 -9999 -9999 -9999 -9999 -9999 -9999
-9999 -9999 -9999 -9999 -9999 -9999 -9999 -9999 -9999 -9999 -9999 -9999 -9999 -9999 0.745592516107099 0.746600169481476 0.749291005363162 0.733163863461337 0.709648412340223 0.777047306538194 0.835970082005159 0.877571019068547 0.862982560291455 0.81768170558289 0.775462831580965 0.745409296119173 0.74594533999353 0.732635956219363 0.710121903282491 0.681660255313496 0.655951746027076 0.640817614936794 0.630084466202187 0.622883627050832 0.613813119447713 0.60059525402532 0.57094426915681 0.539857223624801 0.507383960831997 -9999 -9999 -9999 -9999 -9999 -9999 -9999 -9999 -9999 -9999 -9999 -9999 -9999 -9999 -9999 -9999 -9999 -9999
-9999 -9999 -9999 -9999 -9999 -9999 -9999 -9999 -9999 -9999 -9999 -9999 -9999 -9999 -9999 0.746600169481476 0.749291005363162 0.733163863461337 0.70959236487047 0.771668859623291 0.820012595000745 0.840291995004372 0.815498559219041 0.766068895230887 0.749099244558951 0.736959439569878 0.734055739150371 0.71429053867453 0.683315534244242 0.6393091351246 0.60219200029384 0.591007123182041 0.578604203697777 0.565223660947306 0.52895635305786 0.491374495440817 0.462366442913529 0.464346614987907 0.496239459218869 -9999 -9999 -9999 -9999 -9999 -9999 -9999 -9999 -9999 -9999 -9999 -9999 -9999 -9999 -9999 -9999 -9999 -9999
