layers/veg50/veg600.asc
NCOLS 255 
NROWS 330 
XLLCORNER -2985163.8955 
YLLCORNER -3022031.214 
CELLSIZE 25000 
NODATA_value -9999 
[rows 75 to 99 of 330, columns 168 to 223 of 255]
0.773571830968648 0.767864316371721 0.762643033796915 0.757756896210177 0.754296747493333 0.750111527592722 0.745061699447859 0.741345820735778 0.737870257955107 0.732928285387875 0.73012747253483 0.730405379080605 0.723567652445903 0.714912342203203 0.723539682060933 0.730099787285865 0.73305220056725 0.73135331573423 0.727493330226807 0.73777627107588 0.744721694518911 0.74452106403979 -9999 -9999 -9999 -9999 -9999 -9999 -9999 -9999 -9999 -9999 -9999 -9999 -9999 -9999 -9999 -9999 -9999 -9999 -9999 -9999 -9999 -9999 -9999 -9999 -9999 -9999 -9999 -9999 -9999 -9999 -9999 -9999 -9999 -9999
0.764122086549827 0.75848127689972 0.753160203698825 0.748158654540384 0.744713630558476 0.740789448969924 0.73629389780239 0.731807425342072 0.727038871336959 0.719465730086692 0.716087476607724 0.718740946158012 0.703802737353527 0.684048407347941 0.700368667836904 0.711838340636353 0.714842875588696 0.711586177783622 0.705421796822336 0.722633210801627 0.734143862257679 0.73344844811698 -9999 -9999 -9999 0.728377416185358 0.727154986118212 -9999 -9999 -9999 -9999 -9999 -9999 -9999 -9999 -9999 -9999 -9999 -9999 -9999 -9999 -9999 -9999 -9999 -9999 -9999 -9999 -9999 -9999 -9999 -9999 -9999 -9999 -9999 -9999 -9999
0.754607809551942 0.749136988108076 0.74403928850043 0.739251256349768 0.735885105474292 0.731995748892231 0.727482497749907 0.71811981457985 0.707875794944328 0.702886973883836 0.700158506632742 0.700680144955314 0.681461602968313 0.657187604150004 0.680588567779197 0.696368037966523 0.698846647162166 0.699912292445636 0.7003248119883 0.7152530574617 0.726898859326699 0.731516527351983 0.733195584529194 -9999 0.72871045343544 0.728377416185358 0.727154986118212 0.726654359386015 -9999 -9999 -9999 -9999 -9999 -9999 -9999 -9999 -9999 -9999 -9999 -9999 -9999 -9999 -9999 -9999 -9999 -9999 -9999 -9999 -9999 -9999 -9999 -9999 -9999 -9999 -9999 -9999
0.744938800343185 0.739674213065144 0.734828823607123 0.730282519475154 0.72702893525794 0.723295205107498 0.718988926851973 0.706058133827968 0.691912380038552 0.69058450079719 0.686772741556359 0.679389474086583 0.661224656293563 0.641273081662189 0.667454878932795 0.68428215206967 0.684784117562424 0.688524606655099 0.693776440147801 0.709351524534049 0.7219136771719 0.728024755517577 0.722214913315687 0.70959372104426 0.715740589048098 0.720927252363723 0.721155550346279 0.724817619821184 0.730861276797962 0.741985437435997 0.750955113232252 0.750820709863904 -9999 -9999 -9999 -9999 -9999 -9999 -9999 -9999 -9999 -9999 -9999 -9999 -9999 -9999 -9999 -9999 -9999 -9999 -9999 -9999 -9999 -9999 -9999 -9999
0.735077056842238 0.730063851662215 0.725506815700454 0.721237379195084 0.7181383302917 0.714710696711168 0.710891243641516 0.696021709924238 0.679934460385843 0.683608561823741 0.676554790041687 0.654075680686021 0.643608683795633 0.638993235838802 0.662599953462267 0.676411892431563 0.673130201350905 0.67749341074403 0.685420222055947 0.705291759761694 0.719743325590037 0.722590034699925 0.718098573820756 0.709414245078254 0.705743722636815 0.704197171692239 0.707683223179948 0.716940624873929 0.730200906652045 0.741985437435997 0.750955113232252 0.750820709863904 0.750759495545162 -9999 -9999 -9999 -9999 -9999 -9999 -9999 -9999 -9999 -9999 -9999 -9999 -9999 -9999 -9999 -9999 -9999 -9999 -9999 -9999 -9999 -9999 -9999
0.725218135745713 0.720448164032333 0.716199901712158 0.712218407562882 0.709187505693769 0.694320202292502 0.665338629042807 0.664271577571115 0.668331271772289 0.642668282794389 0.619820131010052 0.601019362433481 0.614106770671358 0.638966637905551 0.661175776801363 0.675853371707793 0.677387083408178 0.684515238583279 0.694246574152901 0.698710768197407 0.703386351209925 0.708514545184478 0.706750371068585 0.701048050424091 0.695324258003818 0.691495114296452 0.692728464765108 0.702706120056208 0.718748630601687 0.731498730129432 0.742130990122725 0.746664016364238 0.74123978172846 0.727487430462987 0.724689027479307 0.722461124857317 0.714903677746404 0.698098859410975 0.67199583693549 0.716375628379342 -9999 -9999 -9999 -9999 -9999 -9999 -9999 -9999 -9999 -9999 -9999 -9999 -9999 -9999 -9999 -9999
0.715397374752814 0.710869555259152 0.70693773460828 0.703065533049419 0.698749158187618 0.670210774813239 0.612788953893362 0.628206640646475 0.655977564548967 0.596100741138123 0.557277728301859 0.548727457197827 0.586533733959871 0.640039150952263 0.660515427898337 0.676569930479534 0.684907650698791 0.695227833413802 0.706462516100931 0.691661002445547 0.684246105979154 0.69264690672508 0.693075463731524 0.688948857172149 0.683965365575007 0.679747237879502 0.677682359102382 0.687275104614682 0.704953318939072 0.717274469409685 0.72874949483833 0.739177798904675 0.73694718279679 0.724128819223391 0.716667897243426 0.71120316047998 0.710922616718642 0.697624057651083 0.671235923083981 0.715001137878204 0.764292776529764 0.747901731356669 -9999 -9999 -9999 -9999 -9999 -9999 -9999 -9999 -9999 -9999 -9999 -9999 -9999 -9999
0.705997545255087 0.701728191969935 0.698127909595142 0.692309364217549 0.671728130702679 0.645438060294697 0.612340510078671 0.619429011732742 0.633839261232456 0.604881512101565 0.59198024144509 0.602166175086539 0.622338440969645 0.645633600943196 0.656470487395937 0.666089962800001 0.673584839494941 0.68442067042947 0.696805195649163 0.688143458285813 0.683338164712937 0.686790013177601 0.678445146573934 0.663359898161633 0.663479886194372 0.664673268791988 0.666793596410887 0.680587754773638 0.702478622384663 0.697559139913796 0.694802392827424 0.708651493634423 0.704504960627025 0.685307125953585 0.618091877658706 0.572847930692034 0.661997198691506 0.691788961323569 0.661896929637151 0.698109278679475 0.74201766083031 0.740022840234208 0.738931097451128 -9999 -9999 -9999 -9999 -9999 -9999 -9999 -9999 -9999 -9999 -9999 -9999 -9999
0.697047901867445 0.692992667106336 0.684699847522126 0.672844606139689 0.644556927421273 0.623210930993211 0.610142515955231 0.610216063098626 0.613375357635527 0.609161701005768 0.614028741468649 0.631952686612054 0.639749412445519 0.64374697134992 0.64734063602938 0.652689092186396 0.661099971435476 0.672783217393738 0.685984377805029 0.681645724236727 0.679341990509685 0.681395281823644 0.668121654730127 0.646090565799333 0.650276892843044 0.655013015177063 0.657873049220248 0.67294102985061 0.696476170593505 0.685269525022062 0.677263371033628 0.692134476909809 0.686036803113275 0.662401129173045 0.54816172991268 0.469153997577459 0.615485120501499 0.664389537333186 0.615331692247849 0.662040861834269 0.718965518711323 0.703388719601614 0.69922259651386 0.708850991481361 0.727068896125606 -9999 -9999 -9999 -9999 -9999 -9999 -9999 -9999 -9999 -9999 -9999
0.688775236125129 0.684867431044642 0.664327005989437 0.640284108078341 0.617159893855901 0.604811783603227 0.605313595595148 0.600348492492249 0.595429370860333 0.606674036844759 0.617048480244894 0.626171652600746 0.629500383997991 0.630610497463474 0.630564233811103 0.63489584707204 0.646867633837916 0.659897196729326 0.673413924182757 0.670666461573766 0.670701815491898 0.676695537424012 0.664274649820134 0.641332062030184 0.648025104190811 0.653493759853711 0.651912251043212 0.663851622735848 0.685168776290894 0.684146498070205 0.684398374628094 0.696684247808896 0.68858246449469 0.663428724503942 0.521308466217951 0.417582781002081 0.572602157212439 0.604562263088903 0.512786640279852 0.597135258434161 0.694744905366622 0.623513265821561 0.618585013336891 0.693811807596983 0.727068896125606 0.745997884553232 -9999 -9999 -9999 -9999 -9999 -9999 -9999 -9999 -9999 -9999
0.676270933041744 0.661472658250528 0.639527914488814 0.614857794110003 0.582964200347063 0.566078943628571 0.567090318622513 0.568367680070524 0.571084361102678 0.587213912826311 0.598537407680255 0.602950394916061 0.605899294614389 0.608335862955818 0.611475272726731 0.618858965847455 0.633649687954789 0.643766619709875 0.651703725730376 0.648759344893738 0.64862084408216 0.654490093199278 0.650223053328187 0.640164362348509 0.642982863394704 0.645356656513181 0.644900195040459 0.651769902723925 0.663720878318745 0.670290498712756 0.674988166812466 0.675144666084294 0.664635414403807 0.645205474697889 0.504069039161953 0.398967728611546 0.545332826149588 0.595931967680509 0.550238726543678 0.594974301909851 0.646180877898222 0.608528260876835 0.618565910278962 0.68625695725134 0.69813805352183 0.695493777975051 0.714157590581973 -9999 -9999 -9999 -9999 -9999 -9999 -9999 -9999 -9999
0.662790634898288 0.633974001072847 0.614509133585477 0.593385759577621 0.549101372968029 0.52322292953372 0.519292579705817 0.529510314130291 0.544098342436547 0.561074770225561 0.571422594112494 0.57223931609927 0.576841701065833 0.583000720679378 0.592124993474607 0.604070356583318 0.620939023817505 0.626579362910814 0.626989979349009 0.622781424540216 0.621164154708986 0.625095159215984 0.631687761068488 0.639801140715966 0.636644129142302 0.634708856561 0.637473972695111 0.638691573104849 0.638835851042102 0.651520731582423 0.658889862180886 0.643794650792464 0.630324521986354 0.61821358999603 0.490576777924722 0.394491190980567 0.525060847280824 0.606346681455396 0.638077779716266 0.615938756655149 0.59005305224971 0.61779766456427 0.647728357198821 0.680301831416717 0.658739637575937 0.629724606845034 0.689508923463054 0.723568219158129 0.720113944544382 -9999 -9999 -9999 -9999 -9999 -9999 -9999
0.668103543747653 0.658452295035677 0.630946143092958 0.6030471740091 0.597151317598329 0.586087978056734 0.568862693844077 0.540532058582719 0.513831266725002 0.535099055747752 0.540953236917844 0.524644581197552 0.54241166733643 0.572324454169307 0.590446982272131 0.604422202349664 0.611159632621977 0.61541225669206 0.618501810844357 0.603153786963485 0.591483916539044 0.58768944562144 0.600518373394934 0.622845543135458 0.624934545308739 0.626670440778502 0.630044966835983 0.630564630594898 0.629104225387376 0.635510604842952 0.638129475334815 0.625109830832795 0.597944557090228 0.558948072780064 0.476010295093268 0.421518295564025 0.527848031764579 0.586283905359612 0.596562643186016 0.593694482689429 0.589005403704157 0.591580321911165 0.606912374250754 0.637666695769363 0.644577611278267 0.648283207634596 0.691891849552341 0.718100023530897 0.718933925535162 -9999 -9999 -9999 -9999 -9999 -9999 -9999
0.668399736722713 0.663983477562899 0.639433900964068 0.61513029435221 0.619937720720693 0.615344932330652 0.599542895304143 0.548541127334362 0.494453647918495 0.511129293689572 0.51242452157549 0.491604635585852 0.518606236130022 0.562326380325985 0.582765144784496 0.596960920410332 0.600261570655635 0.604791429893214 0.609883739588962 0.584951402404026 0.566189079094089 0.560637548863866 0.577947454408085 0.608319878197486 0.609910346663625 0.610624336810152 0.612669129310111 0.612224846228578 0.610054195708408 0.614726273177985 0.616983987092626 0.608644150982247 0.578306721960707 0.529570807492784 0.471829205310592 0.439323524613183 0.527823609525118 0.567328253467163 0.557568127886129 0.558430999762085 0.561746734745513 0.565499040303132 0.579472693534447 0.605803069957494 0.632532726488485 0.659455218651168 0.687138053260317 0.697923961604061 0.684069888765328 -9999 -9999 -9999 -9999 -9999 -9999 -9999
0.659520245536753 0.634859974703759 0.633382301981143 0.631642768306876 0.596516548314821 0.583131939768829 0.595673029168767 0.551039945674662 0.494993086356042 0.490828462921446 0.487445283052729 0.485185721123121 0.514233437651872 0.553568735852461 0.564102176387611 0.57520925529339 0.587317435136329 0.595169760221525 0.601028073332705 0.569355837099171 0.548915236455336 0.552523011832739 0.571103324602529 0.598238613743634 0.588823644303281 0.579931994247818 0.577100316925062 0.57520554848968 0.573960599211321 0.585209815234805 0.595134139889458 0.596237327415474 0.581974523667422 0.554859815260211 0.48664322884333 0.440261739584787 0.52265669647621 0.550397556200676 0.523183884500949 0.499355096029718 0.486547530409848 0.539666617352333 0.576498565102981 0.593640773593835 0.624360140287517 0.65711699379189 0.669331034071779 0.677466764868734 0.679655291580321 0.680257529629708 -9999 -9999 -9999 -9999 -9999 -9999
0.652144668124685 0.61739608803931 0.620510635365547 0.622948240025042 0.569300976904078 0.555016261541721 0.587669259425851 0.545785432822293 0.487985034369482 0.487611382602159 0.486459974317264 0.48419024960677 0.507658745026592 0.539452671031493 0.544842706024127 0.551157786798294 0.559087236914239 0.562053183232115 0.562701830052258 0.544658186161438 0.535234456027104 0.544267069639961 0.563376729132084 0.588244189531996 0.564564111825623 0.548939706384141 0.561021199168417 0.56499893226547 0.563356077961093 0.570930018004689 0.578738979952392 0.584180497121272 0.569375621234744 0.537636939477902 0.481589338445499 0.445416239350025 0.516985732632405 0.538002421428134 0.50818841633725 0.486796704856968 0.477993490693266 0.537920400202352 0.573616515352645 0.580019700826165 0.61095239473862 0.646380078468213 0.653048894200817 0.660109300791768 0.66774074564313 0.657325344243964 -9999 -9999 -9999 -9999 -9999 -9999
0.645504789261192 0.605635961032026 0.604302664537804 0.60192271559086 0.540229226044047 0.528904945706549 0.577643228209696 0.536738073196331 0.47728483071386 0.492751490459229 0.497212239653911 0.48584786842924 0.500006909312206 0.522715324232325 0.525291433272322 0.525981279064454 0.523379260152515 0.517443148630554 0.509958895390456 0.515507892189665 0.523311363239688 0.535941953553045 0.555218440887694 0.578292246638944 0.538752464756886 0.51780068848402 0.554476231772789 0.5679087933395 0.565220539965876 0.564103832388705 0.565012194741502 0.572294879796267 0.54881922094999 0.499617704510851 0.466816276845379 0.45263330058448 0.511068192525618 0.527826035364257 0.502677729839045 0.496994183779666 0.502041553391722 0.547956897564311 0.570779509509238 0.565685010228963 0.594983665175417 0.631534613511002 0.637512708998379 0.644268192810021 0.65215730491479 0.648497697550715 0.640798263460958 -9999 -9999 -9999 -9999 -9999
0.616379964534778 0.585111027540393 0.589279910898742 0.591412131542126 0.532294010846639 0.525042697212171 0.579639751009884 0.537813777066133 0.474222290860722 0.473342395286307 0.470132842315022 0.463573533894469 0.466989262726637 0.473751939496178 0.47276385190557 0.469378900318003 0.461810994945499 0.468485525698265 0.481791901372578 0.495701770116056 0.499487561087864 0.481596399742531 0.49348354429603 0.522385353543029 0.526998625856104 0.530013833931413 0.531859623515119 0.536372262002474 0.54273456754906 0.547811080184643 0.550347366870419 0.544651993276863 0.525319374628046 0.494580750981716 0.459414559287086 0.437126794562001 0.476469243433556 0.489733536241206 0.476776321034168 0.484681406299788 0.502343990401626 0.552604750393957 0.581878426634699 0.585780538107375 0.606512451655341 0.62975144910285 0.627336145133484 0.628104492679916 0.633515407294975 0.634414417812467 0.633562216588982 0.631855405005043 0.633208626877772 0.639981301800647 0.642155993399335 -9999
0.596228423236815 0.570484503360442 0.57541239452236 0.5780599182086 0.524463695835622 0.520055348771534 0.574300887645199 0.533401238435655 0.469989294215432 0.458260880175822 0.447879730585745 0.439435778472639 0.434136317899611 0.429991134575249 0.425448364059269 0.420146403710456 0.413519522135924 0.429299859371559 0.455509343589838 0.468883763594877 0.468651764961972 0.439286674439245 0.446849838155607 0.47551298874594 0.509011778387335 0.529381479436438 0.51407244200691 0.512049727712594 0.519242111509455 0.529800458681452 0.535092332159556 0.52124357780305 0.506742463537348 0.491695724377883 0.453986358445655 0.424934461391566 0.451543145710521 0.462839358931031 0.458738928207519 0.477625998655842 0.50493047617434 0.553157951336919 0.584717129653201 0.596125782150137 0.609896301507922 0.622545114461222 0.616466808849439 0.614480800808807 0.618462395015021 0.623226652715689 0.628143107319744 0.629821746823406 0.633079087996297 0.639132378853313 0.644284332969068 0.649009985095319
0.596814678234531 0.569346314671276 0.564117543252574 0.558059695343123 0.516366221686013 0.51200513880177 0.552160916554921 0.516391464999202 0.462939265609232 0.453507030419219 0.437393363608882 0.41167263525844 0.402258224122915 0.398710770891663 0.39065260291449 0.388254735388777 0.395735098429064 0.412218203693313 0.432884151881247 0.426056758783554 0.422312634338235 0.4251701845408 0.435490628284188 0.450075204166985 0.476657238432987 0.498796544159762 0.507540899613277 0.504788992185184 0.494063532626989 0.508147674344509 0.518530849854664 0.507743838209768 0.499319090148959 0.49287010699788 0.452825776473063 0.420744744861037 0.449077402317364 0.461821739850398 0.458892068270114 0.482943021265952 0.513224706617074 0.54462081741986 0.568627013449826 0.583699443192473 0.594287920583704 0.602818055145465 0.603910141847252 0.606583338787933 0.611562193332951 0.6186829726996 0.62640539265483 0.629402185807732 0.632657906639893 0.636372199713501 0.642190358458536 0.64900357496647
0.586596599254511 0.56381363632911 0.555796694294809 0.549809755424287 0.536269644207144 0.530800827766132 0.534956594623265 0.502463103662735 0.461499600659439 0.442429648706913 0.423624574446444 0.4052003611201 0.398274631595833 0.395356220011867 0.386580285928295 0.383088226129952 0.38881746631716 0.400578877875536 0.415144292292955 0.41536042098009 0.421231400731484 0.43921014374241 0.451968205422724 0.461743285377559 0.476008544515345 0.490554809938463 0.505278740893554 0.500702985535445 0.482741397189897 0.487981067169547 0.492245968249033 0.485202749320366 0.481929704315857 0.481809981147701 0.446884914210208 0.418940666738652 0.447827200555878 0.464067188023309 0.467591110917131 0.49034019050203 0.516831602468972 0.53963644518161 0.558114359410518 0.571361392228214 0.576782303088434 0.580401940260762 0.589428054664075 0.596706539766627 0.60143654046389 0.61031115177492 0.620513292968371 0.625220583092272 0.629328053834544 0.632373218225158 0.634950750224655 0.637307107817779
0.56991217023696 0.555650873764155 0.549255773651143 0.548592312161845 0.572931489747299 0.56566367829158 0.52070623868228 0.490378954962555 0.463417715588992 0.427567658782444 0.407891268927274 0.411470585717121 0.410985784860025 0.408715154761446 0.400895825583453 0.393916616109266 0.388403564873215 0.392196764392181 0.400328284152103 0.423894156982218 0.447236834815437 0.470101623460696 0.485105986614325 0.495619076673281 0.494335670776148 0.495685390871497 0.505571790975864 0.498517041234722 0.479712286920081 0.468703930994551 0.460141671623205 0.457250449570511 0.458575700480507 0.463427551630467 0.438083073593846 0.418564383521702 0.44730449552781 0.468265568704683 0.481404841578364 0.498982319051713 0.517633147591261 0.536778386389651 0.550939793840916 0.559076181269702 0.558141197205104 0.556376436531268 0.573793611316672 0.585645115583474 0.589380468149537 0.599648204052517 0.612134810706611 0.618787413687303 0.624257372971511 0.627632818558756 0.624631501090312 0.618614188985461
0.576850493513395 0.550109583966957 0.549392422848828 0.555496825073938 0.568537541419071 0.563185711056394 0.535901761651576 0.49997903921353 0.46241936250963 0.433561909547577 0.419086460376387 0.425290530706454 0.428649629297458 0.43042276884975 0.421385812214471 0.414235380204491 0.410377269048671 0.417507855411272 0.429746264969628 0.415304713677517 0.413290700395242 0.437885643991243 0.457164541922288 0.473405969058592 0.475843042190808 0.478590120971897 0.483925995676661 0.483904808920454 0.480168083535467 0.465899157315968 0.452887441674825 0.447790976547058 0.449910497501419 0.458065370389491 0.440133180378954 0.424798881535695 0.440107991296347 0.454746751735424 0.468711477934302 0.491008264500304 0.514019513293076 0.529602914556065 0.542769671086218 0.553014913646813 0.554177272094196 0.553618726260691 0.56312931181947 0.572462102983132 0.581535625065467 0.592730563468732 0.604376843823397 0.608113976287751 0.609831126321808 0.607970799149119 0.602738298606505 0.595910873380645
0.584373252093807 0.547068473020262 0.551072002854925 0.562239141643327 0.561543051357046 0.555832839146146 0.544143557223497 0.505668114391906 0.461578837541716 0.439171740887474 0.428574199044657 0.434957317377938 0.437987626357622 0.439363137280158 0.432417519842855 0.425861340481716 0.419984799797094 0.427607324015062 0.441497793139138 0.402112897990629 0.383533684669787 0.409502111447681 0.43012497201562 0.447693494402996 0.453709708168581 0.459022631159134 0.463931015458385 0.469587298757367 0.475762308160982 0.463788141448596 0.451646798930205 0.445176704007637 0.446459559718369 0.454226877159499 0.441042107702088 0.428292738677488 0.432663742334486 0.442961027506867 0.459217171038408 0.482935157821966 0.506742064865799 0.520357347640319 0.533526723614498 0.546157036925219 0.550123338537693 0.551701551441271 0.555220791220791 0.562390482892268 0.574883454343303 0.585849098510433 0.595893919548563 0.598321973157833 0.598011467131808 0.592850852249568 0.585593841810225 0.577345306721028
0.589561884495067 0.550640837775767 0.55597973439127 0.567154166997516 0.554132881464546 0.541019576742897 0.527796544106331 0.496663769516387 0.461675496655044 0.440179836015976 0.428702651787258 0.431630781401687 0.422994866664783 0.410866437628106 0.415716720388283 0.411355819408767 0.390919765255531 0.389097932136256 0.395935462241574 0.37882056322264 0.375707779089385 0.402575323393097 0.415930037027957 0.421563818395158 0.427511038648069 0.436226371215454 0.452294104822001 0.458196890339221 0.457049494043035 0.460857249027506 0.463186181198184 0.458761270606426 0.4552464063877 0.452492692491983 0.43690069883153 0.4229377376252 0.425645731023401 0.439053682038459 0.463220408471522 0.477384443556353 0.489869818427688 0.505997984100772 0.52142413328724 0.53600160540312 0.543340448135903 0.548570073988697 0.554251004916581 0.561456990920968 0.57088689196156 0.578438165782466 0.585260525032168 0.591732403135855 0.595125208055376 0.59306483973485 0.583802049538544 0.571132755829913
