layers/veg50/veg600.asc
NCOLS 255 
NROWS 330 
XLLCORNER -2985163.8955 
YLLCORNER -3022031.214 
CELLSIZE 25000 
NODATA_value -9999 
[rows 125 to 149 of 330, columns 168 to 223 of 255]
0.459393008107329 0.466241500597286 0.35822786516059 0.256292067534343 0.349615337886232 0.40297258286249 0.408672500112218 0.371366100000886 0.324560920339458 0.307784931811956 0.300916877178942 0.308295190101358 0.318994561200399 0.330965618976006 0.343601421387032 0.357623631521758 0.374065369607452 0.393034720595081 0.413177710097535 0.423364116987609 0.431036373975066 0.433325512738198 0.396949604202206 0.338481343690653 0.36114807773685 0.365306076170083 0.309685822996275 0.282312746795346 0.274531284011831 0.397129886675221 0.503405869514667 0.509104521453408 0.53048677412218 0.56498657564931 0.556262913054621 0.548996801123967 0.579587167822422 0.609334533983955 0.638234265624045 0.655786226642789 0.673997646573717 0.712813904356361 0.743762105484696 0.765198508243784 0.770113048939747 -9999 -9999 -9999 -9999 -9999 -9999 -9999 -9999 -9999 -9999 -9999
0.446425317365661 0.437677055381003 0.33056367118695 0.233762917154332 0.336059395497963 0.399079846646475 0.415265755649714 0.378561471088526 0.330202742457661 0.3190443335624 0.318187363427691 0.332142571542801 0.347134922458047 0.362195143554686 0.370672581697032 0.383724260584478 0.404758802772553 0.41161701717495 0.411882052881146 0.435453210734049 0.451869108860942 0.452964675852931 0.420254594005478 0.368228712874363 0.3851903727253 0.386978531026565 0.339444901670899 0.317916220496381 0.314423992741407 0.389934510548227 0.466086742814542 0.517258584010559 0.547740997534745 0.560919057102953 0.527097806842962 0.506269693901428 0.578364677945402 0.629115435328466 0.658404636569107 0.666199911056311 0.673735105770056 0.710602054519505 0.741365895043633 0.764751606835917 -9999 -9999 -9999 -9999 -9999 -9999 -9999 -9999 -9999 -9999 -9999 -9999
0.418667227777156 0.408762898666583 0.322288365823889 0.247377659203876 0.349522570723445 0.411303229490571 0.424951695882301 0.386804254273114 0.337701921781544 0.329545723963456 0.331125482047309 0.346704324880774 0.363327813944622 0.379999679214242 0.389628994067138 0.401315333385288 0.416591546089478 0.428757298211022 0.439478596041976 0.461894549464396 0.477819522858204 0.479846473365871 0.447451279068237 0.39538803334138 0.404144265866631 0.405456568285785 0.379131228368956 0.371319083993342 0.376347280106008 0.435118392378092 0.49510779898811 0.540773282635248 0.537650251028798 0.49372117343954 0.481319283922734 0.492324957618806 0.586742410623474 0.650007930917449 0.681950275936118 0.689981978016467 -9999 0.729690743490752 0.729690743490752 -9999 -9999 -9999 -9999 -9999 -9999 -9999 -9999 -9999 -9999 -9999 -9999 -9999
0.383561734835546 0.379675016316998 0.323644848397421 0.278947546289149 0.376407990839618 0.431532591649189 0.436173984264395 0.395567358730502 0.346123777545884 0.339670558249437 0.341911417160936 0.356653271237026 0.373585579518355 0.391135104079609 0.404554255767096 0.414679127201965 0.419054893944696 0.445181231435826 0.481427872494754 0.495465630537148 0.506312238320931 0.510326183065885 0.476581235511633 0.421261692886339 0.420570401563378 0.422347719700451 0.423749098575057 0.433564122581328 0.449214663637999 0.506322636439618 0.557084564276722 0.571918660467254 0.513975386491252 0.395162116818775 0.427287739911245 0.492678394829967 0.599889230878042 0.671452631444494 0.707172642129625 0.703314323792681 -9999 -9999 -9999 -9999 -9999 -9999 -9999 -9999 -9999 -9999 -9999 -9999 -9999 -9999 -9999 -9999
0.327761216394359 0.336215449576379 0.312873232306213 0.298181212828301 0.381033484260904 0.421510061969615 0.411455912530511 0.391354992969404 0.369491260288667 0.359136359575238 0.358354429999489 0.371337233503034 0.390395693526981 0.411905941677952 0.437216750709985 0.457897378991726 0.470497518718859 0.491846887976168 0.517261922823501 0.517805875588933 0.516426673537788 0.510929749734833 0.473928226289042 0.418925672124885 0.458921456901458 0.493924055168727 0.503473924062723 0.521607267048255 0.545693916671873 0.590139955391988 0.626086846555374 0.626010194719981 0.596625093401861 0.542726806325561 0.566346016016559 0.606096810002672 0.663004546010494 0.706423270442557 0.736278834033138 0.739775099168593 -9999 -9999 -9999 -9999 -9999 -9999 -9999 -9999 -9999 -9999 -9999 -9999 -9999 -9999 -9999 -9999
0.285693559948295 0.297650024770234 0.309179133635215 0.327159332489906 0.385992257383333 0.409332313941634 0.390349041064402 0.386690251046923 0.38643138613027 0.375622065169515 0.37368463058196 0.384503857022688 0.405755635176736 0.43120596879279 0.462946620370049 0.48899205850974 0.505098336715899 0.524143755346157 0.544548617390643 0.537369204980533 0.528887738592551 0.517618407212887 0.474450452883903 0.413056331642974 0.487303824275173 0.550451364728554 0.566653214332548 0.58656518256056 0.609050406511942 0.643824072549671 0.669587925622203 0.660360370932831 0.65190775457793 0.644103286032938 0.666461536600527 0.693389047402715 0.719244690730087 0.745435396497022 0.771963006545949 0.790150599574575 -9999 -9999 -9999 -9999 -9999 -9999 -9999 -9999 -9999 -9999 -9999 -9999 -9999 -9999 -9999 -9999
0.275708835529006 0.270743441969172 0.322066691873619 0.378827053029373 0.392429577867941 0.393197180582182 0.378659831546166 0.381408005716462 0.388186613156186 0.384989599718378 0.38628702343821 0.394046884673715 0.417587177326956 0.446831201134308 0.472245865194422 0.491390783995283 0.499593882694521 0.522595743675557 0.552477929557358 0.55094097078119 0.547308496940782 0.539189255895317 0.483259227874248 0.400011174714813 0.492175136582059 0.570791258048308 0.590851289902573 0.597880241944767 0.595871126985267 0.628165577846353 0.654522938630354 0.648809335683105 0.641161390055052 0.631895586700254 0.671274650849273 0.717274203697688 0.758148788437349 0.793258261217376 0.822570931145059 0.816449298343031 -9999 -9999 -9999 -9999 -9999 -9999 -9999 -9999 -9999 -9999 -9999 -9999 -9999 -9999 -9999 -9999
0.305641745549397 0.296645915800361 0.346449820983363 0.398505613925012 0.384082228416527 0.379574584946608 0.386890928564275 0.395761328973441 0.404323752077546 0.405386542977207 0.409004295604686 0.416295763080505 0.434238185093226 0.456087073786936 0.47652169270985 0.491665975520747 0.497577681309571 0.528828036558072 0.571861236749444 0.567938305864616 0.565556504353672 0.566474458998864 0.520359171860678 0.447370131691972 0.519062123635363 0.57740930244794 0.581662690005506 0.582665134622515 0.581412797553037 0.59689702377139 0.606685661032885 0.591269826988308 0.587647416455444 0.593888863832833 0.667223384008909 0.743934811637994 0.787469998175161 0.820551039560938 0.843120469228379 0.847258421279029 -9999 -9999 -9999 -9999 -9999 -9999 -9999 -9999 -9999 -9999 -9999 -9999 -9999 -9999 -9999 -9999
0.359813911764471 0.354615727064657 0.377813426049807 0.398759340485062 0.366757157530377 0.367477682064193 0.407218268768858 0.422037993485486 0.42919404495195 0.432480893713946 0.437863643934251 0.446260037851919 0.453815725541823 0.461475268821334 0.477747141593542 0.49065168974078 0.497679657780426 0.539784777619512 0.5981997737233 0.587015755479457 0.583699611908683 0.597229599706302 0.574638412741051 0.531408386245655 0.559317728042075 0.575695004109621 0.552200639752594 0.551340066960373 0.566177788370573 0.556149545565908 0.538948007092308 0.50580465572646 0.508163591490736 0.540216153994763 0.65778938326554 0.772280762019844 0.810972173798429 0.835377297020401 0.84541759977848 -9999 -9999 -9999 -9999 -9999 -9999 -9999 -9999 -9999 -9999 -9999 -9999 -9999 -9999 -9999 -9999 -9999
0.341898189640551 0.322589108908743 0.338864398791713 0.360819207403883 0.369486987633374 0.395697388055488 0.442826416032991 0.465430521186487 0.479272030887289 0.477282125659797 0.484657870264042 0.505500245885336 0.5200636396167 0.532495106403755 0.549287294918053 0.567710601988766 0.588980500917797 0.61895493966932 0.652969276770137 0.647075737451038 0.640892435637725 0.63408871506509 0.573189115388425 0.481380328084289 0.517563388151584 0.544681534856719 0.531264483825558 0.534066039283289 0.548116459319758 0.568834311674203 0.582327416832946 0.568857668112761 0.587861498018452 0.634025784350134 0.717844372340509 0.798340684636751 0.836545803764579 0.854947638087985 0.853437328702155 -9999 -9999 -9999 -9999 -9999 -9999 -9999 -9999 -9999 -9999 -9999 -9999 -9999 -9999 -9999 -9999 -9999
0.33014836623865 0.298528869432329 0.314840478943519 0.343061077788416 0.37996793741374 0.424126614730272 0.476932693159993 0.509702620741831 0.533756306894147 0.529535289753909 0.53978161532834 0.570830167084177 0.594020020092708 0.6137182689197 0.621895541428293 0.636670652803676 0.662960165953735 0.685058431099175 0.705196265177568 0.698412224942684 0.686867344870584 0.665128894532787 0.576349383975979 0.449264095911258 0.497560863251823 0.538209604411265 0.536061829876656 0.539108939823683 0.545759106055239 0.599000871448298 0.644661278613796 0.648409932570568 0.676202803913953 0.724105929385775 0.77197247182787 0.818847182454357 0.861248366482244 0.887736450641022 0.898223960421234 -9999 -9999 -9999 -9999 -9999 -9999 -9999 -9999 -9999 -9999 -9999 -9999 -9999 -9999 -9999 -9999 -9999
0.349275285218023 0.313787789890925 0.346528422025449 0.390248144039816 0.409049821159757 0.445794171911418 0.503934192348024 0.55337507726082 0.596292942366978 0.599958867539427 0.615554852503096 0.6483047687055 0.681593732595573 0.712261712603048 0.684729329154765 0.668108685070177 0.670530966044965 0.701171510074993 0.744927635451497 0.717206832006068 0.693488583405834 0.67834031939904 0.60292819557864 0.493082636513528 0.555015185843267 0.607580364374189 0.613217156935683 0.605687166651471 0.589024988760979 0.669622006728588 0.741144042746639 0.748227956379367 0.760297646224685 0.776537371012314 0.796385009031798 0.823819923596105 0.883070601476242 0.909032804668268 0.90152354600954 -9999 -9999 -9999 -9999 -9999 -9999 -9999 -9999 -9999 -9999 -9999 -9999 -9999 -9999 -9999 -9999 -9999
0.375355150583168 0.348317460538561 0.37470892078286 0.41375474106063 0.458608966714643 0.491573004250024 0.51035863433623 0.569505982451316 0.635382804504362 0.651552912433707 0.672422843969915 0.700050533002498 0.719571775963594 0.733160953185085 0.686807257242786 0.661734864080709 0.673802127622498 0.717225598605119 0.775211260736239 0.717754592866648 0.675327262498503 0.665079676273449 0.624120633956065 0.565613745584732 0.609228377512083 0.646529105893732 0.653941416446317 0.643347931013669 0.620266026134567 0.689902496187513 0.756220297945908 0.779317290036586 0.793697368986352 0.800786741166147 0.829017650032783 0.864038404406438 0.91458299847774 0.941874816542668 0.945786037800033 -9999 -9999 -9999 -9999 -9999 -9999 -9999 -9999 -9999 -9999 -9999 -9999 -9999 -9999 -9999 -9999 -9999
0.40654751022155 0.397016893833015 0.400310399362654 0.419849113592459 0.523225021660295 0.55508083222927 0.501652787486103 0.565385613486855 0.657232278502314 0.689301621303079 0.715389827856158 0.73287790987358 0.721082175204788 0.69696849167694 0.644211464690189 0.627558026570476 0.673911769455934 0.733236311521651 0.798547968919613 0.704885466620581 0.638943351311228 0.632354148982204 0.641352477682009 0.659257176500923 0.661058368971754 0.663108568773307 0.66787794973628 0.659745715187439 0.642665207194838 0.67316756093391 0.711438431474805 0.759870489037845 0.789821022870797 0.804313863366652 0.867694524838573 0.930173041075585 0.953220561562995 0.959358849688986 0.948494955191303 -9999 -9999 -9999 -9999 -9999 -9999 -9999 -9999 -9999 -9999 -9999 -9999 -9999 -9999 -9999 -9999 -9999
0.403805301436708 0.392199019267881 0.405285059231426 0.436213832379385 0.54469613049125 0.594735728401832 0.575085561304802 0.59952708484735 0.636683627622808 0.672371710898972 0.704937718786514 0.733014573436282 0.72762979080849 0.708090794889511 0.654194773691451 0.623957059252142 0.635007296038794 0.69658128903173 0.781622206983723 0.69005031263935 0.6310918974307 0.641963134666982 0.686201790317829 0.749505850090062 0.750878790400612 0.746706419532825 0.735625068431038 0.738675722144568 0.751528019945242 0.809160457519669 0.855195700055867 0.846229684239496 0.84929898443304 0.862434458109538 0.908476602811857 0.954175291214872 0.974529541913234 0.984428272206641 0.983814007968362 -9999 -9999 -9999 -9999 -9999 -9999 -9999 -9999 -9999 -9999 -9999 -9999 -9999 -9999 -9999 -9999 -9999
0.401999563183932 0.38573786635766 0.408031609583704 0.449632749173221 0.558942081801557 0.626670728799387 0.644816652882888 0.635836807815634 0.623725759498567 0.658726717044021 0.69448873589098 0.731345065534614 0.733640638294331 0.720852873873537 0.663006571459225 0.618902710986503 0.598781854808883 0.656834733066078 0.75123095852116 0.674711279295866 0.633187538944752 0.666594603688005 0.739686061904639 0.835452303932295 0.835349957043744 0.826773994318515 0.807797995098984 0.823868943760524 0.864247675638966 0.938165994628249 0.983102948442917 0.917544437233845 0.899034714748665 0.919875954803002 0.946879370074261 0.973051976040614 0.991000926152865 1 1 -9999 -9999 -9999 -9999 -9999 -9999 -9999 -9999 -9999 -9999 -9999 -9999 -9999 -9999 -9999 -9999 -9999
0.41854771858184 0.396647037651522 0.411556908421127 0.447619994778201 0.565302684822495 0.640425754946362 0.664798775862152 0.663413033323498 0.657518967128054 0.68124378862821 0.707474811668394 0.737309438516138 0.735451450712197 0.718951355871634 0.64441718133043 0.595049582812693 0.58960213352529 0.628712390337305 0.688540185791066 0.65836503717873 0.659673676666869 0.728393154831766 0.81309429936484 0.9069270142237 0.883318333117905 0.864358472740476 0.872794575373985 0.904877889827228 0.953362384221984 0.974281122723168 0.969538544657887 0.886653281300473 0.884848998561729 0.950859737580862 0.975532316027033 0.991388347861381 0.997124208674518 1 1 -9999 -9999 -9999 -9999 -9999 -9999 -9999 -9999 -9999 -9999 -9999 -9999 -9999 -9999 -9999 -9999 -9999
0.424203046852605 0.4086370186206 0.416554093394177 0.442866232926908 0.55183573784215 0.6299767548993 0.671356464436932 0.679200418502354 0.678673582238826 0.692070016795072 0.707440203281551 0.725648397748381 0.72917142399448 0.724414991808922 0.661939913105867 0.615128167659944 0.595651723347404 0.605951099128292 0.630118507098682 0.665329416909158 0.705465875568077 0.75614856766489 0.837120616190744 0.935399332368307 0.878668636025745 0.840437196809511 0.871382260414212 0.910808398057867 0.95611681994165 0.954967327473101 0.936589674304657 0.87536291479981 0.891846993885198 0.973327354091119 0.992461025471782 1 1 1 -9999 -9999 -9999 -9999 -9999 -9999 -9999 -9999 -9999 -9999 -9999 -9999 -9999 -9999 -9999 -9999 -9999 -9999
0.420212314250553 0.421584102442533 0.422854696028812 0.435685192604431 0.520810653562938 0.598094062082696 0.666026246416175 0.684548285078169 0.688636187106593 0.692543506784615 0.69587522627799 0.698379304823942 0.715726615728037 0.736400784244782 0.711441461956884 0.674110149495138 0.615187514709489 0.587937246641872 0.575477292419806 0.692936341931113 0.768354411276447 0.753757336232647 0.817417145800241 0.92579120661317 0.827423401260183 0.762049964190548 0.811162049354176 0.850253762151949 0.882395567641149 0.886568867382614 0.88647503584353 0.881429879487489 0.917604065099293 0.988253543820111 0.999007425739709 1 1 -9999 -9999 -9999 -9999 -9999 -9999 -9999 -9999 -9999 -9999 -9999 -9999 -9999 -9999 -9999 -9999 -9999 -9999 -9999
0.450295622093973 0.440909429770433 0.440157385811097 0.45040901262584 0.51751922220493 0.576516259252671 0.625838776039908 0.64380443242731 0.650350734698688 0.634530295311176 0.641275283085635 0.68046652785153 0.699990666992985 0.709349913647673 0.660451768194825 0.632337744488418 0.640495708193963 0.636608381339529 0.627146339329607 0.720434442818109 0.783038672507393 0.779944782896163 0.809140159045887 0.856784906761221 0.790382396008689 0.754332166837955 0.81388732987612 0.859958089709234 0.896676367522232 0.921395660067945 0.939761737721329 0.940560890319936 0.960050758928126 0.995173286431025 1 1 1 -9999 -9999 -9999 -9999 -9999 -9999 -9999 -9999 -9999 -9999 -9999 -9999 -9999 -9999 -9999 -9999 -9999 -9999 -9999
0.484748139089214 0.463136931182392 0.460638135861397 0.468384967610634 0.513907101918935 0.551358998631577 0.579187572676717 0.593372923270475 0.600660299177097 0.579210803769887 0.59507578372402 0.664594304042555 0.682292660937627 0.677415040558953 0.605799297317077 0.581526365675324 0.639875056797118 0.665973793689285 0.677069968945075 0.73016480197387 0.772091632804496 0.790106334887465 0.79366742933313 0.788970052380334 0.766208499499005 0.767424820295405 0.834979566545604 0.887343429059637 0.929171232628255 0.968509273939404 0.998538662172897 0.997638921603149 0.998126215926428 0.999773607238321 1 1 1 -9999 -9999 -9999 -9999 -9999 -9999 -9999 -9999 -9999 -9999 -9999 -9999 -9999 -9999 -9999 -9999 -9999 -9999 -9999
0.510582130955306 0.494192307100401 0.487189171395446 0.483041291877083 0.483859260286274 0.499045074957732 0.531363770660258 0.535676826346965 0.537033011329396 0.589746954797742 0.629485646766175 0.650567552772932 0.65681712083522 0.655962799873136 0.622765851273147 0.575638061768226 0.504198478283939 0.538927621886015 0.62307312234729 0.650986807705143 0.675903182114518 0.694401928372947 0.731918470971936 0.780301361342461 0.793774438456367 0.821496793984979 0.891725731530737 0.940398952408163 0.974121607843004 0.984757483884189 0.992245633458281 0.996925807889952 0.999362574492876 0.999922985512067 1 1 1 -9999 -9999 -9999 -9999 -9999 -9999 -9999 -9999 -9999 -9999 -9999 -9999 -9999 -9999 -9999 -9999 -9999 -9999 -9999
0.510873845971821 0.500456381476604 0.494265508182242 0.487158134496927 0.46854103710204 0.468877100640662 0.491813785421263 0.500842565241196 0.512993607666898 0.595867531381702 0.643216307000413 0.639484370673759 0.646391675350022 0.656582291999855 0.652597712626645 0.593253127502971 0.437295490540804 0.465276101409709 0.578873100917218 0.601471929742982 0.630869380734667 0.674823555986742 0.743152337233429 0.825408228687241 0.829585359162707 0.848181549643608 0.915244447137513 0.958583612733773 0.985468525765138 0.989560709649431 0.992168986753014 0.997549453998237 1 1 1 1 -9999 -9999 -9999 -9999 -9999 -9999 -9999 -9999 -9999 -9999 -9999 -9999 -9999 -9999 -9999 -9999 -9999 -9999 -9999 -9999
0.483981723795678 0.480335857922272 0.480615539196099 0.480058140228517 0.4688990808446 0.46227835961226 0.461069361627121 0.490339432736637 0.53108633673595 0.597288751776637 0.634938745895773 0.631533936119612 0.651983569439432 0.680692031095134 0.696121713634913 0.635882085992279 0.443586059725168 0.44845081914149 0.545099530579681 0.583526568040212 0.640277854281341 0.736263713391515 0.832059514847993 0.927746721569061 0.874171153105313 0.845718955577013 0.903400239558231 0.939656316722643 0.961052347173499 0.982183400827196 0.998708238758135 0.99959577129464 1 1 1 -9999 -9999 -9999 -9999 -9999 -9999 -9999 -9999 -9999 -9999 -9999 -9999 -9999 -9999 -9999 -9999 -9999 -9999 -9999 -9999 -9999
0.464193641994225 0.463103348776043 0.456844167277289 0.450941987674536 0.454347790843253 0.454368984232009 0.450354213173616 0.47162290639303 0.504655269993283 0.580899664559796 0.624710934705371 0.621887435544631 0.638249240466978 0.659103508711201 0.624943060009943 0.564197432144202 0.457055940370293 0.486295360500244 0.579018506024184 0.614889357189589 0.653869239464247 0.699505957119643 0.805649342256697 0.946364897564182 0.886698144130369 0.840838625054053 0.857413179348954 0.879382853211021 0.905094461957489 0.957438276735911 1 1 1 1 -9999 -9999 -9999 -9999 -9999 -9999 -9999 -9999 -9999 -9999 -9999 -9999 -9999 -9999 -9999 -9999 -9999 -9999 -9999 -9999 -9999 -9999
