layers/veg50/veg700.asc
NCOLS 255 
NROWS 330 
XLLCORNER -2985163.8955 
YLLCORNER -3022031.214 
CELLSIZE 25000 
NODATA_value -9999 
[rows 125 to 149 of 330, columns 168 to 223 of 255]
0.431258828858031 0.452995395883168 0.34507279206211 0.240952938986465 0.338158013700508 0.394808595970184 0.403100135301786 0.361864097321963 0.309575173450624 0.290748385930109 0.286327559008407 0.302620698476196 0.316726409019509 0.329916360780887 0.341056673717418 0.354580813878232 0.372265156338005 0.393225885083893 0.415709195421172 0.429130084338766 0.438697933332171 0.440015928403432 0.397333784173929 0.329510934519033 0.352057767069974 0.354873397509575 0.293468123079971 0.265837616412397 0.261632537138578 0.389839384867714 0.501954312815842 0.51358083815469 0.541313208522933 0.582516287098743 0.57359585128108 0.565873574970783 0.599818525072142 0.628624539583897 0.652263369712692 0.687661053957365 0.723461706389233 0.744890442350729 0.76141810283029 0.772020787953819 0.774451574877897 -9999 -9999 -9999 -9999 -9999 -9999 -9999 -9999 -9999 -9999 -9999
0.414515745920965 0.434422867472366 0.324833266456834 0.220243089728617 0.32422492181139 0.388890405707961 0.40667326685409 0.367227056672696 0.315043651771304 0.30186460449164 0.30293523819446 0.324495127779076 0.340076956461614 0.353197855112051 0.361578511234364 0.374905165605942 0.396863466213309 0.403156190433672 0.402165291112746 0.433540834699335 0.455427583161311 0.45699760114153 0.419694893581543 0.360181171297075 0.376198841341417 0.380642134981097 0.344540540295044 0.314899280564653 0.289738765409901 0.373574673754909 0.460159612045934 0.518644029003357 0.553297160110809 0.568018130110901 0.533689365852369 0.513002771110677 0.589666074643221 0.644008535705703 0.675907456347263 0.700604228978047 0.724969434929816 0.757592731214084 0.775179144241234 0.774587269041993 -9999 -9999 -9999 -9999 -9999 -9999 -9999 -9999 -9999 -9999 -9999 -9999
0.399677101572554 0.408942946517215 0.317959620917897 0.235667862613671 0.344935235981726 0.410924553156292 0.425307124651361 0.382094230657382 0.326841624646147 0.318516511876504 0.322293455491015 0.343471639895102 0.359756964883553 0.373840489856207 0.380175380385311 0.389954482602725 0.405744346522102 0.41797083369804 0.42854333181208 0.454918556858699 0.473759275762267 0.476467648186521 0.441680142874666 0.385468323189931 0.395247742459233 0.397945676205496 0.373314174379834 0.35939724652451 0.352911708763877 0.42053908742247 0.490173244953816 0.541169946983845 0.539695406200116 0.49433463653846 0.481742975136439 0.494507073396112 0.598624269534223 0.669697228372528 0.707544305324367 0.717546042625709 -9999 0.781696306484478 0.781696306484478 -9999 -9999 -9999 -9999 -9999 -9999 -9999 -9999 -9999 -9999 -9999 -9999 -9999
0.385784522209745 0.380031650947551 0.317725722760595 0.26904317534862 0.382855300915389 0.446844539786411 0.451422675921433 0.40168279851341 0.341783890652792 0.337918374759086 0.343018053312207 0.361008558212732 0.377613565364721 0.393172222441553 0.397815986005204 0.402383328828493 0.406817303873908 0.435211861885694 0.474753334830351 0.484724935119732 0.492886812650816 0.497173841052567 0.463478676725284 0.408081328405266 0.411767012666416 0.411043975101078 0.391010476768684 0.401628111255481 0.433504689444014 0.498913734731201 0.555858991718047 0.572370796669109 0.513383481298195 0.391249735676084 0.423815539460569 0.49308784351535 0.617076029876549 0.700504969060415 0.743151706376789 0.736317522777833 -9999 -9999 -9999 -9999 -9999 -9999 -9999 -9999 -9999 -9999 -9999 -9999 -9999 -9999 -9999 -9999
0.326638256526205 0.332649377387741 0.305366530124098 0.288645228833441 0.383449845219577 0.430010520857172 0.419042901562677 0.395696298530702 0.370210502599974 0.359228543475238 0.358917814228045 0.373950976525034 0.392140866898485 0.411440069091882 0.429320199942947 0.446420351677561 0.462159301190659 0.485518761769308 0.512415657345641 0.506344295200821 0.50095277758609 0.497016894528319 0.462937898442929 0.411635794947547 0.449241947273612 0.4805596771888 0.483742547570136 0.499647717367791 0.524376790955352 0.574031011661836 0.614953656869757 0.617488796125485 0.589352472492564 0.535562957355682 0.563621621013855 0.610910954592681 0.686287494872595 0.742612233910519 0.779780443716204 0.784085255586173 -9999 -9999 -9999 -9999 -9999 -9999 -9999 -9999 -9999 -9999 -9999 -9999 -9999 -9999 -9999 -9999
0.281210143626512 0.290424820618691 0.302438905414425 0.322384699200971 0.388005618852681 0.413874985434576 0.39234277093651 0.389067659928261 0.389673918356321 0.37604414414837 0.373023253047731 0.385256606647233 0.404638114755056 0.426896141264811 0.453459220683637 0.477861925326319 0.498494391917019 0.519353642792361 0.540308001635357 0.529455608165952 0.518811927712641 0.508615128664224 0.465608706165238 0.403855591237611 0.476069262815682 0.538690585581053 0.558605992747696 0.573593646004171 0.585163518796536 0.6224324379731 0.651912529583776 0.645958064681386 0.640048790742278 0.634177313905953 0.66394719484817 0.700661586451383 0.743120527854983 0.781114088462242 0.814617722018949 0.828802836669818 -9999 -9999 -9999 -9999 -9999 -9999 -9999 -9999 -9999 -9999 -9999 -9999 -9999 -9999 -9999 -9999
0.268621351981081 0.260593968194116 0.321478297002607 0.388909947162062 0.402824388972024 0.401034467332764 0.380517940067805 0.381792714087073 0.388198109377387 0.382515963747157 0.383178966569188 0.392965497869236 0.41259823461718 0.435953836239254 0.460302627363147 0.479471598135822 0.489600861536319 0.514441155897521 0.54612417513868 0.556243490026237 0.559431160079467 0.547777287234484 0.476345424278975 0.370757741269851 0.477863487622943 0.568961154501698 0.590176849417744 0.590670623777333 0.576792135124647 0.609819799243997 0.638442551917811 0.63589169952841 0.629637540846988 0.620285987500957 0.667590741031834 0.722353787690109 0.770002043113304 0.811004210571324 0.845323756435312 0.844676973953654 -9999 -9999 -9999 -9999 -9999 -9999 -9999 -9999 -9999 -9999 -9999 -9999 -9999 -9999 -9999 -9999
0.297270714815637 0.286028063146313 0.344479808595653 0.405829795138617 0.389813180728615 0.382824552412955 0.386601310146192 0.394179657327484 0.401933991557352 0.400496751268601 0.402445265591762 0.40926207083889 0.42787747631839 0.450622554864092 0.467723526155084 0.482325147498478 0.492564958853297 0.527665378213074 0.574328758011528 0.582235676496522 0.585450614029475 0.578619417024135 0.514878264325186 0.418620022939647 0.505844252666709 0.576746429639631 0.580654359601415 0.57632338135831 0.566278079709128 0.57936741707317 0.588824710743008 0.577923234542287 0.577255520956077 0.58514718626579 0.668647524042056 0.755571855935429 0.803378187993471 0.837997549509013 0.859357451539681 0.863273644891124 -9999 -9999 -9999 -9999 -9999 -9999 -9999 -9999 -9999 -9999 -9999 -9999 -9999 -9999 -9999 -9999
0.350961195578831 0.345020790438698 0.36988724536989 0.392627667809198 0.359902725200234 0.361354169108453 0.403559108953526 0.418505924463465 0.424906896029109 0.425466149862056 0.427243801660568 0.430773357078046 0.447601121398407 0.468698465365038 0.475495096510105 0.485934018233997 0.502729384537919 0.55190278673693 0.616128294546258 0.607744691439187 0.602604618550968 0.604409360931753 0.570289792955965 0.515643869413176 0.549726317137528 0.570877919821058 0.546178683872094 0.542894353792236 0.554462925917816 0.538082175746202 0.517256738084207 0.490867092232161 0.499387515713273 0.537106243079377 0.668133542247296 0.795788796913572 0.840698078376176 0.863231869646681 0.863267172375014 -9999 -9999 -9999 -9999 -9999 -9999 -9999 -9999 -9999 -9999 -9999 -9999 -9999 -9999 -9999 -9999 -9999
0.330416826703707 0.309423793091492 0.338942085959485 0.376185620626031 0.392466652061928 0.415505166010071 0.446601613056781 0.466045676766598 0.479815342171451 0.471179040935871 0.473755477572883 0.492454426404339 0.502434316525004 0.509394815930058 0.521194437961861 0.538539031884521 0.565560587532024 0.602794886534975 0.644769548248927 0.64139562980843 0.637464298774185 0.632339475701635 0.564372009406204 0.460497648120734 0.508817100443291 0.54352086822236 0.522449123967407 0.517557682540577 0.523888539125676 0.548658390107313 0.567538285942567 0.559964504280956 0.586096089067237 0.64041838074409 0.73381716995163 0.823516721474846 0.868186776072557 0.88979381709108 0.888211066855665 -9999 -9999 -9999 -9999 -9999 -9999 -9999 -9999 -9999 -9999 -9999 -9999 -9999 -9999 -9999 -9999 -9999
0.316991588104524 0.283755472921414 0.319834900014093 0.370762181354325 0.41943067711832 0.45830040066247 0.485485617313334 0.513918887285019 0.538735341720653 0.524339578568778 0.527803255657878 0.55694657016853 0.569104967178969 0.574944812022128 0.581205212063163 0.592716174861673 0.613390303107739 0.63874262781065 0.666264942548664 0.66862060794576 0.66685270715006 0.656255720905415 0.562694360465144 0.421728993455783 0.483198857040196 0.531485418198652 0.518742273067534 0.513290680415692 0.512896346318359 0.580798508779825 0.640800150533179 0.650335207490749 0.685673422654781 0.742593045959681 0.796577792195285 0.849064850110193 0.896878290341097 0.927786045636591 0.941695185234665 -9999 -9999 -9999 -9999 -9999 -9999 -9999 -9999 -9999 -9999 -9999 -9999 -9999 -9999 -9999 -9999 -9999
0.337573213475209 0.303881611481822 0.345022622491139 0.397579586241584 0.418899515199229 0.454666519653985 0.507660881725231 0.558510156758084 0.603345102178179 0.595103609280507 0.599531502949471 0.62217638712849 0.663364262817549 0.707751301472644 0.675395991041382 0.64246027044466 0.608511630924921 0.626896958670806 0.669638303271056 0.675901042167639 0.677292016409917 0.668251916089807 0.58439705836206 0.457794704663884 0.516987765765112 0.567383393049466 0.570584605111343 0.568064764734785 0.561576929686682 0.665405271240458 0.757814346550345 0.773289760614768 0.792155609575933 0.813857171851573 0.838852147154676 0.870632892674627 0.930820276133356 0.956030497112945 0.946071285712792 -9999 -9999 -9999 -9999 -9999 -9999 -9999 -9999 -9999 -9999 -9999 -9999 -9999 -9999 -9999 -9999 -9999
0.367133306254783 0.341055431223725 0.368849903159752 0.408719496786195 0.450174891127969 0.482746075357921 0.504723318636501 0.563582185593119 0.627877139667553 0.639726676328123 0.654417287321531 0.673193007241679 0.705488594232628 0.73862670622633 0.685083265200806 0.643358525689155 0.622259521427072 0.654325692714834 0.71111764172915 0.679056314381365 0.654912281850022 0.647720195568741 0.598085082996632 0.524198964898241 0.564275270778571 0.596153419120027 0.59160070543046 0.591481623831058 0.594437610796169 0.679017296640679 0.75833600441963 0.791617485870609 0.815997108161454 0.832931337364749 0.868279640345837 0.908451407227372 0.957196994200095 0.982130804457364 0.983121944364086 -9999 -9999 -9999 -9999 -9999 -9999 -9999 -9999 -9999 -9999 -9999 -9999 -9999 -9999 -9999 -9999 -9999
0.403295256817172 0.390764393274608 0.391676852376233 0.408331761984726 0.504837581380214 0.534144488216963 0.483320319506949 0.539595757734449 0.62294006898455 0.665128319879198 0.696918826159997 0.713758678440288 0.709278140473252 0.694552290017242 0.632635199824374 0.608340485143852 0.649703504171768 0.710632854726209 0.780616266133205 0.679178359244739 0.608400738374567 0.603270732332905 0.605879926685721 0.612911128796641 0.62148827965657 0.619682271838016 0.589950309502682 0.591841547711445 0.615665934166357 0.640426965440817 0.673200819691275 0.733013213002947 0.779072994241053 0.813630279087525 0.888260849389958 0.958218876995371 0.97801097874693 0.986561421352056 0.983808409269502 -9999 -9999 -9999 -9999 -9999 -9999 -9999 -9999 -9999 -9999 -9999 -9999 -9999 -9999 -9999 -9999 -9999
0.408422605508603 0.383786645342686 0.392738920970808 0.420764460415664 0.521840105154166 0.570477273203946 0.556584388651638 0.579391607384703 0.613647833788217 0.655207427845953 0.689514107473731 0.713392004883377 0.709043859221934 0.69218799848047 0.634634088164738 0.600989965097502 0.609072671418591 0.674379008086567 0.766266302732608 0.664554790996444 0.59689571300627 0.602147274310081 0.649224335344071 0.720199560899738 0.731469555395508 0.727888096279806 0.692261194337633 0.698726573882994 0.734386223268227 0.790826918980407 0.842744073982364 0.872067819280717 0.882233510699687 0.87637566823 0.928654516565063 0.980754112324107 0.990017070343566 0.994554125724803 0.994339300121774 -9999 -9999 -9999 -9999 -9999 -9999 -9999 -9999 -9999 -9999 -9999 -9999 -9999 -9999 -9999 -9999 -9999
0.409748113303997 0.374295864114833 0.391653928336104 0.430659965597437 0.532459704397422 0.599433823593904 0.62488027144642 0.619980355901868 0.610774470439408 0.64636453953603 0.679468563909459 0.708997967452451 0.707080204164234 0.691481155144173 0.635773568650636 0.591731400892183 0.568047462683967 0.629087167594268 0.72951537253243 0.644915265377702 0.595356190220578 0.620824470333387 0.705063536660661 0.822882929035016 0.832623655533704 0.82765386458503 0.797185617100125 0.811520326696449 0.856929370408898 0.934747698905567 0.99493289566617 0.983761188962831 0.964784668701192 0.939280309268964 0.966688582193007 0.996478053853449 0.998823874674217 1 1 -9999 -9999 -9999 -9999 -9999 -9999 -9999 -9999 -9999 -9999 -9999 -9999 -9999 -9999 -9999 -9999 -9999
0.410577825709107 0.380338541407905 0.392147378452846 0.425521474123244 0.535913462699266 0.607632208077412 0.633235198686187 0.635543025230864 0.63362338946757 0.657009204549388 0.681509274620324 0.707611503758374 0.700465338273239 0.678633825234935 0.609850671611602 0.563262623017816 0.555408978507117 0.590852946208344 0.646428093951247 0.613133363861934 0.615436672907766 0.69395996112796 0.79166773792618 0.900337106749828 0.877892783404332 0.858979306413945 0.866220249951328 0.89952452128517 0.950905736840725 0.971762793018536 0.971067943920723 0.907279945184587 0.909454636504421 0.966799618405616 0.987018489832075 0.99887450838285 0.999624151210778 1 1 -9999 -9999 -9999 -9999 -9999 -9999 -9999 -9999 -9999 -9999 -9999 -9999 -9999 -9999 -9999 -9999 -9999
0.405183197499645 0.38324131028809 0.389702248411921 0.417332240339833 0.538196382287549 0.614134296896927 0.63650011071178 0.641337980450088 0.6422903360435 0.655342433920216 0.670238458419272 0.687785818372003 0.686483741393423 0.675916260804127 0.619347956379044 0.576204177241706 0.556488581319852 0.561631055049016 0.578355405865514 0.617272066388292 0.663392260788932 0.724936147490936 0.81862668166385 0.930685098469037 0.869222661996843 0.828077804334364 0.863326724770698 0.906036727114994 0.953921569853317 0.952172454619971 0.93377452503483 0.875598076131242 0.896393328559744 0.983239430438125 0.997649068136526 1 1 1 -9999 -9999 -9999 -9999 -9999 -9999 -9999 -9999 -9999 -9999 -9999 -9999 -9999 -9999 -9999 -9999 -9999 -9999
0.394276651423451 0.383363556964788 0.384654880884838 0.406441444723253 0.539442474487365 0.619134243890249 0.635257598170141 0.638483210139717 0.638398543921563 0.642773364351248 0.647179720000809 0.651631419345439 0.665978591470636 0.682169033760646 0.66021131588939 0.625816338601919 0.569716132559164 0.540389964921136 0.523578775103471 0.653219988792503 0.736032437748657 0.718578479919019 0.792767217638963 0.919318562610041 0.812787045378815 0.742071701597439 0.79673776196435 0.840384317180701 0.876387988820818 0.882455602565663 0.884589628394498 0.883587955340907 0.920762770446397 0.989867877408166 0.999690478533036 1 1 -9999 -9999 -9999 -9999 -9999 -9999 -9999 -9999 -9999 -9999 -9999 -9999 -9999 -9999 -9999 -9999 -9999 -9999 -9999
0.406913116063541 0.395504512626589 0.399123720943612 0.417954004738231 0.511148177227472 0.570207718016143 0.58856355323267 0.588713486936008 0.583643254819513 0.579474796830634 0.592689978370912 0.630900655523172 0.648830275339556 0.656549829242447 0.609805720005387 0.583997854765881 0.594727457310546 0.589793650145721 0.577604839775729 0.681514067510178 0.7515102308139 0.748894162448466 0.785107665013227 0.84350752471376 0.772877442584351 0.735068505369819 0.801369404878241 0.853072648164317 0.89465128190859 0.919947626268026 0.939106075726188 0.942906001044336 0.962560856847042 0.995476559368373 1 1 1 -9999 -9999 -9999 -9999 -9999 -9999 -9999 -9999 -9999 -9999 -9999 -9999 -9999 -9999 -9999 -9999 -9999 -9999 -9999
0.424271547757799 0.411293528578695 0.416340013133394 0.430503114740542 0.476884352127612 0.512259610303758 0.534510832419859 0.532139238906348 0.523345148707519 0.522050888232246 0.549005501907207 0.616578457252294 0.63312400282278 0.627493765568562 0.557276976850813 0.534457356926017 0.594354222729785 0.620147013089204 0.630076773769461 0.690674048163862 0.739594335837883 0.76351269345425 0.771528963888899 0.770459133783008 0.747993185875284 0.751350286452838 0.826398474078574 0.884706692171084 0.93140443987821 0.970420413026587 1 1 1 1 1 1 1 -9999 -9999 -9999 -9999 -9999 -9999 -9999 -9999 -9999 -9999 -9999 -9999 -9999 -9999 -9999 -9999 -9999 -9999 -9999
0.444206734240278 0.434597092927151 0.42984701724475 0.428187545074226 0.439163543858151 0.457397814682637 0.484287183083485 0.483480192936613 0.480817682694302 0.539472393331281 0.587588363091984 0.620550943892511 0.621636216897046 0.609755290885354 0.575823396878809 0.528089798665728 0.456269772969673 0.491823092263602 0.577355048252621 0.610835917194747 0.641628498674125 0.666665111021394 0.712004926166174 0.76894554187286 0.783581608821296 0.813546535554249 0.889844407742085 0.94111090076056 0.975016186163076 0.989937590198901 1 1 1 1 1 1 1 -9999 -9999 -9999 -9999 -9999 -9999 -9999 -9999 -9999 -9999 -9999 -9999 -9999 -9999 -9999 -9999 -9999 -9999 -9999
0.449432713293439 0.440212461757894 0.43465418762275 0.429440604175473 0.421362917680688 0.425852665778495 0.445328401185065 0.452707371266596 0.463755346017037 0.545706729047832 0.599470795291416 0.612705031640257 0.614921216186649 0.612887164999428 0.608003356710993 0.545724860748836 0.383282431269947 0.414556751320348 0.535999433711238 0.562959277831389 0.598072292213815 0.650642292505952 0.729133219911571 0.822434791175807 0.826250943838749 0.845366667059918 0.916755600613135 0.963954424402134 0.994375526315405 0.998693646219313 1 1 1 1 1 1 -9999 -9999 -9999 -9999 -9999 -9999 -9999 -9999 -9999 -9999 -9999 -9999 -9999 -9999 -9999 -9999 -9999 -9999 -9999 -9999
0.439004148221718 0.42700284368488 0.430202400187259 0.434491641976497 0.424762711106618 0.419122686327172 0.418358461324244 0.440970292268161 0.473794740874329 0.540034914309155 0.582936805619524 0.592281171334945 0.613285739788566 0.638230691081744 0.654693061644574 0.588905152313823 0.379575882259453 0.391629377382529 0.506740411501469 0.549098242846691 0.612422534401983 0.720638713246482 0.827840165056701 0.934461824305773 0.876456269561304 0.844858457590714 0.904784024675939 0.951080372783261 0.987923797872726 0.995996981437795 1 1 1 1 1 -9999 -9999 -9999 -9999 -9999 -9999 -9999 -9999 -9999 -9999 -9999 -9999 -9999 -9999 -9999 -9999 -9999 -9999 -9999 -9999 -9999
0.427787808248343 0.417412381905016 0.411907943303282 0.408529428181323 0.411749252947854 0.411879548904588 0.40832574854138 0.425704714677591 0.453453191987925 0.523184339453276 0.571230367405434 0.588095910469595 0.607445782579055 0.625085318433015 0.58833243031821 0.519544341982739 0.394849134100955 0.432576419894918 0.545907652862263 0.5859779915932 0.629251953123113 0.679385283004567 0.799807193753318 0.960390443407718 0.894746280089443 0.843411398395689 0.859148184294107 0.888575117685714 0.927497232757651 0.968296423009838 1 1 1 1 -9999 -9999 -9999 -9999 -9999 -9999 -9999 -9999 -9999 -9999 -9999 -9999 -9999 -9999 -9999 -9999 -9999 -9999 -9999 -9999 -9999 -9999
