layers/veg50/veg800.asc
NCOLS 255 
NROWS 330 
XLLCORNER -2985163.8955 
YLLCORNER -3022031.214 
CELLSIZE 25000 
NODATA_value -9999 
[rows 175 to 199 of 330, columns 114 to 170 of 255]
0.322415647546334 0.328319750349076 0.325593757013168 0.318080103254805 0.315239099344369 0.316567803709003 0.328172491540896 0.337398603909997 0.345020856062022 0.363614828705709 0.379417983413533 0.382714191608145 0.392148239791798 0.406576866622865 0.416268121580028 0.430959999236353 0.470421484120827 0.490433220943678 0.491413125142978 0.498859644157614 0.508057403694638 0.519469039286227 0.53223806125142 0.54660367152255 0.555203345047651 0.561857401637544 0.565710788334119 0.568594544526585 0.57010352736781 0.569846623605924 0.569302646052623 0.575663151388703 0.581045220712038 0.58474458531958 0.575376074403346 0.559952671359396 0.52713391498695 0.508458802888895 0.519597554336221 0.487606369851391 0.431331892034958 0.426838439571878 0.412470462377451 0.366191134363408 0.365507428905272 0.396005698432406 0.432942429252509 0.464837211152439 0.477761322576904 0.532826550504974 0.622657805609454 0.673872100669208 0.709804438603125 0.704470440119418 0.676745545160612 0.626810814180333 0.633821555704796
0.313302960707071 0.307853439671609 0.303750531150778 0.300394673802624 0.300780953089457 0.304424509137752 0.316085838821047 0.325148998802827 0.332460227392621 0.346656048392333 0.360855114752975 0.372971249851606 0.386003413206532 0.399780981325594 0.412423102632001 0.427416225419153 0.453343270709508 0.468421212492451 0.472883164730726 0.487988793377068 0.504234325254541 0.513550210301434 0.524848230472633 0.538477682446737 0.551982353486422 0.564492876730414 0.567932724228589 0.570097398644914 0.570454091604679 0.566689213686819 0.561855362754359 0.565500057737671 0.571563039610172 0.581784967698445 0.564545058556628 0.534691589358875 0.497838369436768 0.473867195058627 0.477050517822966 0.461349131467485 0.435015154983424 0.425189398385634 0.409284222219743 0.375509787672586 0.388417730817629 0.433250860018993 0.446385739429362 0.461676268578866 0.494444620004062 0.538403013024386 0.591593085755145 0.653048129062927 0.70481397356862 0.707938405359412 -9999 -9999 -9999
0.299989467460573 0.287346760166401 0.283764381022158 0.285208339221203 0.288557722768983 0.294056682685742 0.304905574343732 0.314007660792044 0.321931886194278 0.331871270435148 0.343920719930222 0.362290910696335 0.378701891368 0.393518593120533 0.40857246115721 0.423128286203898 0.435370032923686 0.445849073015528 0.454603281639055 0.476194581478034 0.498193292951956 0.505964229231646 0.516694675738462 0.530906164571775 0.54877823544792 0.566239054322107 0.569895997565375 0.572435148527861 0.573389457601271 0.567369163915184 0.559241475471007 0.559748348588115 0.565762643897866 0.581248550201805 0.557149706648366 0.514920271593752 0.476269089998905 0.447468087340454 0.439430608213136 0.436876650253711 0.437410059574855 0.42425296673157 0.409453961122169 0.391927544553922 0.416950037874978 0.471070917607843 0.459494707720291 0.457992035580348 0.511489107344796 0.54463740985311 0.560998167947292 0.628218106761032 0.689492402049185 -9999 -9999 -9999 -9999
0.267622770967028 0.272128108582045 0.275941226041846 0.279370325179311 0.282474948497887 0.287403085920075 0.297071798944388 0.306509149121782 0.315790492617157 0.327118178975069 0.338378103323691 0.348793075636094 0.366684023394092 0.390658438201708 0.399843970964394 0.407936130056359 0.420922309944046 0.434489968925197 0.448626612797354 0.464938787715375 0.480850257115431 0.49150011055585 0.507383656110017 0.529423187747568 0.548953579893372 0.56656294419377 0.572785867698445 0.579137746738603 0.585672463089389 0.580303228207345 0.571070167188808 0.571463060450163 0.576942950405854 0.591171407682539 0.565457547898764 0.521462592545035 0.484622306926987 0.452717646094106 0.431216954775829 0.427933693192729 0.434907325816543 0.42273195328637 0.41051342138764 0.400395888343707 0.421847882953735 0.464889674268383 0.449512440335346 0.447371861882992 0.508470085595899 0.54611332947743 0.564406434257401 0.629997247087109 -9999 -9999 -9999 -9999 -9999
0.246252312349427 0.260938476491018 0.268287573798465 0.271566335858845 0.274149282787797 0.278860758153358 0.289138777432404 0.298673254957639 0.307706366410058 0.31978383934894 0.330823433116337 0.337526831680182 0.355414968909463 0.382404525695957 0.391056120062749 0.39810582718408 0.410156825449099 0.423084170306331 0.436869031755055 0.452360091357514 0.467737906168414 0.480208950364198 0.496833552914792 0.518343663988437 0.537831545302448 0.556230021228344 0.569794061618423 0.581440858603178 0.590369326151812 0.586004697600285 0.577454896997407 0.58213412793767 0.587996624270201 0.595894088888513 0.573872492806478 0.538101914704808 0.492891922787665 0.452827072841392 0.423607840733432 0.421996300111068 0.435928619131984 0.422087487404113 0.410199111166726 0.406648908427131 0.418987198746746 0.442191325858444 0.452476654108053 0.472877894070194 0.531341251391613 0.561295685048519 0.567730523186263 -9999 -9999 -9999 -9999 -9999 -9999
0.23475327952338 0.253365732956769 0.260786085750508 0.261997472106831 0.263810152413854 0.268622898866912 0.281116661755027 0.290534489366986 0.29787823091487 0.310132289054197 0.321462523535733 0.328263907971793 0.344818131311602 0.369308586457277 0.382214980496494 0.393088910245159 0.40269692094965 0.411636453571603 0.419921871654948 0.438593812942471 0.458423480694218 0.471766184738877 0.485171112789701 0.49864923011259 0.516567747678129 0.536330377509638 0.561522219682273 0.579794510345382 0.588256038065793 0.585213398772537 0.578952531182484 0.591868306089728 0.598936618823625 0.59594852311962 0.582383585671076 0.563805409472643 0.501086489186676 0.448322154916247 0.416541427371235 0.418757029980035 0.440113464576657 0.422229906483601 0.40865155430601 0.410913211658635 0.409161610091536 0.40466541743807 0.467063045342845 0.530814759833669 0.577454281173842 0.588782436617735 0.570979045291117 -9999 -9999 -9999 -9999 -9999 -9999
0.215983771699048 0.231400696660345 0.245185289250714 0.25806432378437 0.260462240509476 0.264572059046837 0.274192260532703 0.282509501615121 0.289948163737905 0.29800718460359 0.305522757396538 0.311063942025105 0.325930721931718 0.348386070314103 0.361202891376821 0.373072779507546 0.387116199664401 0.399075980132195 0.408996891937819 0.427088546794182 0.446086229971287 0.459952200847078 0.473941238195204 0.488075029089119 0.506224830450962 0.525554261140421 0.54517340967534 0.560476057539861 0.569658631760741 0.567995856167041 0.563288398524883 0.57645352539447 0.5859124388965 0.588997442781458 0.575691954580211 0.554814113776836 0.518006644041684 0.484670823505842 0.458653009100365 0.452591708419922 0.457766452175607 0.440355943320401 0.424290908898063 0.414369810842064 0.404539718992854 0.394771864549441 0.461040383968802 0.529639967799255 0.581440958274458 -9999 -9999 -9999 -9999 -9999 -9999 -9999 -9999
0.197012485851924 0.208510314220343 0.228837091456403 0.254061845306671 0.25722323554041 0.26062226640799 0.266932763052021 0.274156176911444 0.281995165776225 0.285810955211815 0.289592247666609 0.294483634657263 0.307282404860708 0.326515693953867 0.338403762084903 0.350862615148912 0.370581880105301 0.38602135052086 0.397272986055154 0.413817859769966 0.431217773037076 0.446919956192599 0.462673807806815 0.478488433021341 0.49535378245345 0.51212456910966 0.525155357856917 0.537023525108269 0.54724329016582 0.548841656212451 0.547942775398077 0.559779363698422 0.570954905208094 0.580993584891819 0.56613209876531 0.539916367355914 0.529445131612876 0.516126244307726 0.496804696482376 0.483107767858918 0.472577648436681 0.457722926907004 0.440431105949447 0.417241236892894 0.402608038155724 0.393826582741699 0.45932674586554 0.520534551078662 0.543327626446327 -9999 -9999 -9999 -9999 -9999 -9999 -9999 -9999
0.183854157396924 0.194426540110747 0.216280997032078 0.244394334422255 0.247957471868656 0.25136294039347 0.256918542201845 0.264009738558868 0.272136377786913 0.275579689956297 0.279906777712533 0.28856209273289 0.297671774355006 0.30715119023727 0.317894068181452 0.331516395771914 0.35680115379517 0.371477603540783 0.37577368502047 0.389352210968197 0.406199789113566 0.430808040766158 0.450806045796125 0.465381375316524 0.471483063500563 0.476474728381396 0.493905418241224 0.50899122523066 0.520752381780233 0.535217277849403 0.55039959957823 0.560329773347741 0.568645147590645 0.574183405350623 0.556166092964299 0.527374114434431 0.50451677487188 0.483970527843543 0.46829591051114 0.46165857838264 0.460109476569922 0.454251165551829 0.442952343288895 0.417868825302363 0.409587874604521 0.41279787859738 0.499153342244845 0.569351172132497 0.558525188772198 -9999 -9999 -9999 -9999 -9999 -9999 -9999 -9999
0.1729582548457 0.182228549515622 0.204075187431755 0.232898718751127 0.236699672827909 0.240098437816992 0.24506539271226 0.251481072908217 0.258873620524019 0.264083023862102 0.269945987237122 0.278620401099416 0.284851374565498 0.289094033697719 0.299387578225283 0.313009821275694 0.337123462935122 0.352401168725352 0.359032795810491 0.368050720600601 0.379793675928108 0.404967503840339 0.425104700433721 0.43931769827179 0.443944431856703 0.447933387427718 0.471843331531667 0.490369711404682 0.501263100558028 0.519719581157974 0.540688742703686 0.556649017240398 0.566723489691967 0.566675617099111 0.551986652802423 0.530535703220461 0.495429652865864 0.467314983425791 0.453937680999168 0.448237525451799 0.446859806411453 0.450940985509537 0.44870827990822 0.429268467928223 0.424077081119886 0.428629920015176 0.511965899114378 0.580040814523799 0.571506508497122 -9999 -9999 -9999 -9999 -9999 -9999 -9999 -9999
0.164503193252509 0.172065055445851 0.19224728613949 0.219430833830634 0.22329274637911 0.226670630324164 0.231228296550885 0.236382317359469 0.241938456748726 0.251221167336603 0.259688164446114 0.264341530488713 0.268568082877219 0.27244732181882 0.283042265010264 0.295409106110288 0.311083772516334 0.328434598016389 0.347425567091907 0.350162914407563 0.351889965516614 0.3686311456895 0.384478854434687 0.399275642041361 0.41244863568795 0.427061123004249 0.459693652407372 0.481901118831844 0.489327595273739 0.502200836132668 0.517850660653273 0.548403425368995 0.56522053708118 0.558415206668909 0.554050107223203 0.55063953969478 0.503433006398707 0.467381955632492 0.4548459217513 0.443477708437715 0.432767008955045 0.447805129092995 0.457954004403501 0.452289649668199 0.446667847114796 0.441075145185469 0.495634087557377 0.545613435313529 0.560788596647232 -9999 -9999 -9999 -9999 -9999 -9999 -9999 -9999
0.147849595898565 0.155326946735897 0.179239847249923 0.212270587176649 0.214249805104788 0.216376953181449 0.222120199400474 0.22575975618853 0.227980806883256 0.235468582873771 0.243065335857142 0.249418576625664 0.254308849326983 0.258008652892037 0.259851408277703 0.264271355798003 0.281076136232973 0.298318645002405 0.3159894766668 0.323762115345959 0.330824214808565 0.346451494739355 0.364720444774625 0.386096586453314 0.400805220552288 0.414713825965584 0.439104727950745 0.460031184056835 0.476045637238951 0.488906059838999 0.501261463966621 0.526096679482026 0.543843592056257 0.549400110337228 0.549990700977681 0.548221801728944 0.524198797285755 0.502043058417808 0.483823391469039 0.463957741218561 0.44316535888582 0.449396866204947 0.454431571250059 0.453199385340675 0.455422853646803 0.46000957783728 0.497494884770603 0.528771318178743 0.528605927862091 -9999 -9999 -9999 -9999 -9999 -9999 -9999 -9999
0.130268828782249 0.138014571100777 0.164829081026053 0.202222242974327 0.204423396931432 0.206927076797508 0.213877156039838 0.215979659291134 0.214813468989129 0.218946094989657 0.22447826376571 0.232997883559962 0.238926148658651 0.242745736298585 0.235735003831087 0.232507580632485 0.252740945431235 0.269374871489893 0.282486699708359 0.297719546609619 0.313409760510839 0.329115978823858 0.350427005661455 0.378330534030944 0.393061589961256 0.404231834234135 0.417370107216937 0.436200200111974 0.463100338557591 0.477374014074144 0.487312129448875 0.502919670913598 0.520214250042089 0.540410180097536 0.544329467582127 0.54081988188642 0.545765846926067 0.541027273200145 0.515874334431162 0.487616320030081 0.45761006601859 0.450925083704047 0.446791892221276 0.44666115869112 0.456178705993994 0.472294528190855 0.497764824806602 0.513953925751843 0.496030093246441 -9999 -9999 -9999 -9999 -9999 -9999 -9999 -9999
0.121243045475064 0.128838937612689 0.142073034012569 0.158434999090435 0.180413971871894 0.197896912530171 0.203189825165404 0.204064315079736 0.201959487106061 0.202099577002467 0.203149164899999 0.206504632381708 0.21123368889571 0.217080483647146 0.217620210402085 0.221692711597836 0.244541242884563 0.260930802274794 0.271000173266446 0.290520975914533 0.310561938814453 0.321463715964768 0.337773127586152 0.360443120194038 0.377079824628312 0.39164999772436 0.402999086855644 0.422993890663246 0.455246867134614 0.471124389970227 0.481419604935779 0.499843718845922 0.517286363532526 0.533041087016982 0.538199888726663 0.538540500783269 0.549174191248959 0.547011547958284 0.517875082285481 0.487382213359607 0.456125653568946 0.44300965021333 0.43231713305251 0.425889309965604 0.422851877323155 0.42213306791915 0.451541065456734 0.478000931015658 0.484837227650473 -9999 -9999 -9999 -9999 -9999 -9999 -9999 -9999
0.111081613398411 0.113653001372679 0.118349171027651 0.12422409153263 0.156581931183458 0.181696976293976 0.185358811053943 0.185778747358791 0.184012689550228 0.185489066123797 0.186962921764123 0.18744247381877 0.191728807374106 0.19911285439748 0.203299900631889 0.21080799021804 0.234799308256665 0.250821436265894 0.25904560769984 0.278333401280068 0.29828507772369 0.307872347819471 0.321628116473147 0.340286966651926 0.360722151483108 0.380969200321973 0.394625934092062 0.416145360057552 0.448812764199704 0.467525112639831 0.481318120587455 0.498935000714949 0.515322645223551 0.529596262298795 0.53414270997929 0.534285282672632 0.549025282048205 0.549249706631492 0.518876262819322 0.489359568020894 0.460325245550702 0.440911765256078 0.423650528546068 0.410927073372892 0.400984966702053 0.392944971123542 0.419859030245603 0.441946552780775 0.436556976768675 -9999 -9999 -9999 -9999 -9999 -9999 -9999 -9999
0.0994458310978609 0.0906642202335768 0.0933688458930456 0.102445613777144 0.132980178850261 0.156188920160336 0.158253546608102 0.159223069450527 0.159454170017241 0.169184950270283 0.177453364854324 0.178027693349978 0.182853407553051 0.191138625476343 0.193905759922365 0.19983258338736 0.223055178693684 0.238550107186361 0.246483412726294 0.259668877721943 0.273767014321081 0.286570566521889 0.30095075969643 0.317185433356613 0.34387645793752 0.372756417246701 0.394039482352026 0.417550783414329 0.44422134916658 0.467366634493132 0.488734824602549 0.500839882990831 0.514610653364368 0.53124609897086 0.532776014104368 0.527464944242496 0.544258186600031 0.546624489200167 0.518579760176486 0.494207941079138 0.471904067300837 0.446366483016725 0.422524331212216 0.40350713610639 0.39399583625097 0.390985436510409 0.407055714244351 0.422664735491695 0.430554172525348 -9999 -9999 -9999 -9999 -9999 -9999 -9999 -9999
0.0789177353911173 0.0761371233010689 0.0812353298624388 0.0907044156848337 0.122137507234309 0.145401139131677 0.145290372558853 0.14632746080148 0.148138541167662 0.159212485255186 0.168652261092558 0.169905433240675 0.172699747519086 0.176748143948603 0.181202546782161 0.188655451697478 0.208845644954652 0.222784963653804 0.230607719919234 0.242781602854006 0.255997501567737 0.269875827704342 0.286304385773598 0.305732583857129 0.332319625413509 0.360349023814159 0.382644677770362 0.404790167398085 0.426722749205535 0.453049574214743 0.480328476608198 0.494976617048583 0.509760419681764 0.524777532831525 0.528725849600111 0.527658332855328 0.541986069742307 0.545324369678451 0.525497665791221 0.503688514899969 0.480763193973392 0.452475433663063 0.4257235172374 0.403623745693175 0.396107547722057 0.398564777042009 0.409786205872619 0.419139361109334 0.419398884206889 -9999 -9999 -9999 -9999 -9999 -9999 -9999 -9999
0.0566468980636515 0.0645756317928215 0.073156630823059 0.0820994826897758 0.115401801585946 0.139472175417881 0.137176200932399 0.138180931160062 0.141411308234144 0.151530778354311 0.160225576877656 0.162144025680223 0.162365538910868 0.161206195327275 0.167950937501838 0.177452802691002 0.193760293193205 0.205671680406897 0.213281423109939 0.226340811102948 0.240571932327456 0.254823519677676 0.273478420037938 0.297312595950039 0.322036430314854 0.346701080124583 0.368396669363538 0.388516279295119 0.406401415017503 0.434925737024144 0.466732339273673 0.48666202315735 0.503695315629012 0.515747422387665 0.523507925220611 0.529319791085149 0.540060791604484 0.544203365990835 0.534436895966387 0.514554795091883 0.488977326815199 0.45898293348157 0.430655880886183 0.407216857279463 0.402305609421628 0.41006515335364 0.417767778060767 0.423695174454405 -9999 -9999 -9999 -9999 -9999 -9999 -9999 -9999 -9999
0.0496705781794269 0.0555213791566345 0.0630420370080873 0.071489070132717 0.107686079104837 0.133986130803496 0.131850183409482 0.133580417886988 0.13791759731651 0.146660607302421 0.15365486823035 0.153563037054777 0.155143062641827 0.158083537524237 0.161697577214912 0.16678005486961 0.177790995947824 0.185909448768559 0.191197564033892 0.208124458947498 0.226868630144638 0.241498850913717 0.258611621441487 0.278644422692054 0.305751092085759 0.334806170758234 0.363146839769451 0.386989341726686 0.404454197591899 0.42768640982455 0.453091160513113 0.479585267879216 0.499477264399805 0.508015015053291 0.514528738576066 0.520138101496206 0.531989222173567 0.539751571286586 0.538895061276552 0.523690575563664 0.50040780048686 0.467893266045827 0.439705090666395 0.423942440379237 0.422903627523979 0.431934165732535 0.427831620288609 -9999 -9999 -9999 -9999 -9999 -9999 -9999 -9999 -9999 -9999
0.0420897225318775 0.0472554092191974 0.0542728647289165 0.0623176135804591 0.10055018669805 0.128495768655118 0.126744690642433 0.128998130442367 0.133951794350681 0.141678079160018 0.147708402324316 0.147322746537732 0.14947035745746 0.153679377573606 0.154912452692195 0.156819476110617 0.163587642644759 0.168663276984933 0.172082746457394 0.189800912653337 0.210034851932471 0.226932939741597 0.245296969616323 0.265385273437385 0.294167198348806 0.325503336318172 0.35747252017847 0.38365310647878 0.401626432763242 0.420123422462339 0.439491103426039 0.471848305790334 0.495646679338936 0.504725662531665 0.510262618331682 0.514211353503831 0.527587722695311 0.538129273503356 0.542695215280235 0.530929323671358 0.509968178413762 0.479281628422594 0.45339202070451 0.441220444789337 0.439765110717642 0.445638409667455 -9999 -9999 -9999 -9999 -9999 -9999 -9999 -9999 -9999 -9999 -9999
0.0335601104441987 0.0402265675584538 0.0476151925862463 0.0554044498529454 0.0943242777042672 0.122998630583081 0.121985288702479 0.124444446553018 0.129245091675964 0.13651921816903 0.142741620924834 0.144755939939206 0.146229857919991 0.147264032364255 0.147292779125492 0.147976573137582 0.152155755960914 0.155365801268154 0.157627532852407 0.171309136230183 0.188288114928286 0.210419026813506 0.23441825183282 0.260615028676531 0.289961736146323 0.320268495748459 0.351132007381467 0.377477365399042 0.397416739734193 0.412052483904641 0.425955582558184 0.463075217302464 0.492424182409231 0.508409225630877 0.51339316900602 0.513392900155608 0.528946018938921 0.540947578888714 0.545462688502108 0.535190875421531 0.516593634224989 0.494559002642964 0.474357373673312 0.459365417388304 0.450762488305891 0.446528892840258 -9999 -9999 -9999 -9999 -9999 -9999 -9999 -9999 -9999 -9999 -9999
0.0245312338395809 0.0324032166362014 0.0404703923645275 0.0486458539634692 0.0725262100281833 0.0940879040488218 0.108028972266082 0.116699051048746 0.121814930945975 0.130563563288958 0.138279288972343 0.141496229927118 0.142129907674132 0.14066149229373 0.140595083734949 0.141036420646877 0.142765980993384 0.145090209035515 0.147996327188196 0.159650105205877 0.174307677502554 0.195812069893579 0.222255771892837 0.254509200667946 0.280865696407052 0.306163129282339 0.337404880285342 0.363924532341615 0.383749040457627 0.399217433354323 0.414206448815971 0.450606799942475 0.481321947171068 0.502259736161975 0.507949382656732 0.506711511610126 0.521924703267561 0.536994458267782 0.551761858313182 0.546268641005918 0.529368160886394 0.514851131309454 0.496844250110974 0.469399837557046 0.458253734876728 -9999 -9999 -9999 -9999 -9999 -9999 -9999 -9999 -9999 -9999 -9999 -9999
0.0154011812563015 0.0243172545711023 0.0331496984925883 0.0419357478977105 0.0448340795075897 0.0563205461073718 0.0905876032350408 0.107747341642312 0.113371710099924 0.124324511449377 0.134008526917468 0.137903018474473 0.137622479761438 0.133944570462616 0.134230347175353 0.134847533902463 0.134319394946779 0.136260181273353 0.140616843249477 0.151151768411681 0.163928032623152 0.182267165168854 0.209501348754114 0.247198090934798 0.269249091977258 0.288207401246979 0.32026090189334 0.346869674746028 0.365758737210302 0.3841731821886 0.403163080424821 0.436500787918407 0.466737620152946 0.491641597347892 0.498764416951909 0.497792209538486 0.511539804819355 0.530121919784001 0.558894881418945 0.559713693954961 0.544793582058713 0.537158711000013 0.534481607209885 0.543977714690857 -9999 -9999 -9999 -9999 -9999 -9999 -9999 -9999 -9999 -9999 -9999 -9999 -9999
0.0103440558395584 0.0187906237717187 0.0268236956442397 0.0346273750873174 0.038469683255031 0.0508295533015002 0.0855872089344498 0.10323454192506 0.10934447943814 0.11987891648408 0.129071409259198 0.132508868948737 0.131119981495585 0.125803723757944 0.125984838955332 0.127252183762876 0.129647974300856 0.134940874822479 0.143068635318947 0.155472376594196 0.168437419627511 0.1792457199871 0.194411799724498 0.214703597333943 0.238487029799977 0.263374910806878 0.289260863780349 0.31251868553014 0.332050258204058 0.359981899434321 0.390816382305838 0.41823330663615 0.443659230752635 0.465661052111953 0.482184103098396 0.49617739537816 0.505223891541822 0.518764380484902 0.541777907981566 0.555614398512904 0.564283974794834 0.557128676745527 0.550850636786231 0.54870558327016 -9999 -9999 -9999 -9999 -9999 -9999 -9999 -9999 -9999 -9999 -9999 -9999 -9999
0.00700908665767409 0.0133862792637176 0.0205763447666586 0.0282173623023969 0.0324332229391744 0.0453607812640972 0.0811313693975747 0.0991445100098594 0.105183902434805 0.115267757608008 0.123816598123628 0.126091556473349 0.1239592243368 0.118240523217843 0.1188430123188 0.120924243788177 0.12529917602644 0.133818101649794 0.146391978949037 0.15854860881235 0.169882719094787 0.17676865838145 0.184306877425282 0.192612322553556 0.216860064356423 0.244943345015034 0.266158700466663 0.287655507372215 0.309551365211997 0.342263595039977 0.378320519210485 0.402451089619957 0.425561283924777 0.446916645352625 0.471016414677994 0.496306520446286 0.503544586065807 0.514226053874011 0.53216598498867 0.554757697863013 0.579968486758306 0.571504455155856 0.564301014826063 -9999 -9999 -9999 -9999 -9999 -9999 -9999 -9999 -9999 -9999 -9999 -9999 -9999 -9999
