layers/veg50/veg800.asc
NCOLS 255 
NROWS 330 
XLLCORNER -2985163.8955 
YLLCORNER -3022031.214 
CELLSIZE 25000 
NODATA_value -9999 
[rows 75 to 99 of 330, columns 171 to 227 of 255]
0.781175710383282 0.778236822590152 0.77555678146847 0.77318540102886 0.767739503164923 0.761916150571531 0.761210454134012 0.760059310997607 0.758267671319109 0.750342009095309 0.740937564131143 0.74824769312025 0.75321634642586 0.754098708400359 0.753736082890816 0.752798321014545 0.765694620184431 0.774426674397972 0.774242544699116 -9999 -9999 -9999 -9999 -9999 -9999 -9999 -9999 -9999 -9999 -9999 -9999 -9999 -9999 -9999 -9999 -9999 -9999 -9999 -9999 -9999 -9999 -9999 -9999 -9999 -9999 -9999 -9999 -9999 -9999 -9999 -9999 -9999 -9999 -9999 -9999 -9999 -9999
0.774641638430718 0.771030822313564 0.767790157541029 0.764990878264625 0.759009447892841 0.752761255029894 0.753030352981006 0.752424867679963 0.750561841240603 0.732631087003571 0.710575293864275 0.727116821836691 0.738096402916793 0.73936939787672 0.735379332488912 0.728947764628566 0.750155200295953 0.762913350473623 0.757580493963547 -9999 -9999 -9999 0.760759276797968 0.759757456365092 -9999 -9999 -9999 -9999 -9999 -9999 -9999 -9999 -9999 -9999 -9999 -9999 -9999 -9999 -9999 -9999 -9999 -9999 -9999 -9999 -9999 -9999 -9999 -9999 -9999 -9999 -9999 -9999 -9999 -9999 -9999 -9999 -9999
0.767830570179249 0.764735243001892 0.761527340249267 0.75818519720044 0.753314245247977 0.747809219404342 0.740452085388742 0.735108638482587 0.732660621340931 0.713845761354204 0.690965545729653 0.710215636596776 0.723174800962977 0.725155180195278 0.726328696831072 0.727131515016564 0.743089527208881 0.754284079167231 0.755279450253499 0.755641382934072 -9999 0.76103221144757 0.760759276797968 0.759757456365092 0.759347176789157 -9999 -9999 -9999 -9999 -9999 -9999 -9999 -9999 -9999 -9999 -9999 -9999 -9999 -9999 -9999 -9999 -9999 -9999 -9999 -9999 -9999 -9999 -9999 -9999 -9999 -9999 -9999 -9999 -9999 -9999 -9999 -9999
0.76127578819397 0.758296774021006 0.754902357418372 0.751012595843524 0.743044748510855 0.73423223137066 0.728819376501891 0.72215985717567 0.713707790556715 0.696818417036766 0.67864159436303 0.698852537325608 0.711873656331938 0.712347254340424 0.716425165445651 0.722184964768816 0.738943611101359 0.751199977932212 0.753816385422798 0.748535316008497 0.738741803142312 0.746590372771879 0.753049230475773 0.753546333958763 0.75419885710327 0.754959175866745 0.768613972377516 0.780274837983778 0.780692375650027 -9999 -9999 -9999 -9999 -9999 -9999 -9999 -9999 -9999 -9999 -9999 -9999 -9999 -9999 -9999 -9999 -9999 -9999 -9999 -9999 -9999 -9999 -9999 -9999 -9999 -9999 -9999 -9999
0.755040236133956 0.751680321806364 0.747826261542246 0.743382958924896 0.72707751547703 0.70991201096014 0.718364454623886 0.714651164736572 0.693445074271911 0.681980812565922 0.675392824403233 0.694387672580243 0.705082149840161 0.70129100422449 0.70545926796694 0.713339315077053 0.738434541463349 0.755022935174373 0.753397106273655 0.747315759880926 0.738688629439229 0.736245624253476 0.735735557912411 0.739598643490992 0.74604214115711 0.754275355230114 0.768613972377516 0.780274837983778 0.780692375650027 0.780882544126477 -9999 -9999 -9999 -9999 -9999 -9999 -9999 -9999 -9999 -9999 -9999 -9999 -9999 -9999 -9999 -9999 -9999 -9999 -9999 -9999 -9999 -9999 -9999 -9999 -9999 -9999 -9999
0.748233524909647 0.744428602610557 0.722286037454983 0.67827682313603 0.683561681326784 0.699994369799551 0.684571170258455 0.665695234872539 0.641854697941946 0.65151247981104 0.673531008094266 0.692638260803881 0.705083889724615 0.705903800842056 0.712573540812949 0.721967283488434 0.731880745595433 0.739051410798896 0.740349395148416 0.737187590835376 0.731477562021078 0.724812944869822 0.720368069315887 0.721972895082578 0.730286330286843 0.743252707723019 0.758623259367241 0.771873012244223 0.777054187008397 0.772472233734518 0.759724533878965 0.759178782409668 0.758668597271024 0.749499755265081 0.732394687419132 0.707309768200249 0.751371491081 -9999 -9999 -9999 -9999 -9999 -9999 -9999 -9999 -9999 -9999 -9999 -9999 -9999 -9999 -9999 -9999 -9999 -9999 -9999 -9999
0.74111420208162 0.735541771348458 0.692356630537239 0.604320363450002 0.636689233563937 0.693688666613051 0.647277184676356 0.61114070848846 0.589778403191328 0.622039744628618 0.672763793436269 0.69151894083007 0.706202227278345 0.713779392488437 0.723647338599417 0.734574841256954 0.72400144079709 0.718608584079989 0.724307937658128 0.724073149898783 0.720447725162165 0.71218773947999 0.705546783833982 0.703820723349429 0.713102204708636 0.730018272160677 0.745019080443737 0.758991946739031 0.770113509503355 0.768567016272617 0.75642513450094 0.751161100748722 0.747410136309494 0.745552447439308 0.731978685005365 0.706624445604419 0.750093499896621 0.799104419817774 0.784450330273885 -9999 -9999 -9999 -9999 -9999 -9999 -9999 -9999 -9999 -9999 -9999 -9999 -9999 -9999 -9999 -9999 -9999 -9999
0.732464733780151 0.710418751436203 0.677501080213479 0.631619506902242 0.648344157893609 0.677750069558654 0.652147762556067 0.638448778737568 0.641865282266633 0.658515477221582 0.679499697036158 0.688008796294428 0.696149610731501 0.703647702682563 0.716140517933092 0.730951273255413 0.722314705445409 0.716968850896672 0.718668836577794 0.708425825553532 0.691358850631928 0.689907294309685 0.690080103450356 0.692598929625596 0.706390416013486 0.728000368695696 0.725588709588606 0.724949283733772 0.738623155296394 0.735261522880655 0.717651628244428 0.652627462571644 0.609048803729071 0.697041840816845 0.726866205731142 0.698202144551857 0.734387573136218 0.778148027773655 0.777037882524432 0.776430312567325 -9999 -9999 -9999 -9999 -9999 -9999 -9999 -9999 -9999 -9999 -9999 -9999 -9999 -9999 -9999 -9999 -9999
0.71218899453616 0.684064224321656 0.662463007007984 0.648640774359771 0.651742759275884 0.658518152700311 0.652839563002723 0.655782862983777 0.671123360068925 0.676665070461197 0.678520679523374 0.679776297703527 0.683949452758208 0.693214228333489 0.707409458652348 0.723892716667291 0.71696723375672 0.712019178362475 0.711305049548876 0.695715746649683 0.671627098617034 0.675282417134756 0.67984585719127 0.683295407571723 0.698660708357772 0.722290508486498 0.713179091582787 0.706958519660072 0.721869824180128 0.716647518594007 0.694585737251709 0.582790301403517 0.505728083255397 0.651114321982569 0.698187224316314 0.646406360614082 0.695683459497713 0.755858031782405 0.740281130795537 0.739165216814326 0.755531382419158 0.784732181921667 -9999 -9999 -9999 -9999 -9999 -9999 -9999 -9999 -9999 -9999 -9999 -9999 -9999 -9999 -9999
0.674429984817455 0.655857790123945 0.647150460850243 0.650206451042794 0.642725726450977 0.634333830967112 0.647247431440834 0.658118337971537 0.666052106545389 0.667256313077819 0.665940173178033 0.664442451343111 0.668519880314885 0.682326938584794 0.69683742259347 0.711668717536702 0.70611484618976 0.702092108930126 0.70134772663282 0.687422617665249 0.665966333301969 0.672169775186621 0.677480003256148 0.676876530355022 0.689400281815765 0.711028783998618 0.711327091028643 0.713106165231278 0.727277628131205 0.720126176604187 0.695140531475029 0.556106122967283 0.455100483567455 0.609071180407699 0.634069577046878 0.529386711134069 0.622395297060951 0.731562598396042 0.659397211731451 0.657417159330284 0.740285091294645 0.784732181921667 0.814819812545361 -9999 -9999 -9999 -9999 -9999 -9999 -9999 -9999 -9999 -9999 -9999 -9999 -9999 -9999
0.652573975479147 0.627310805256124 0.613008807596735 0.611777416489347 0.60862276114406 0.606905754405796 0.624876648165332 0.637162084924353 0.641272546858906 0.643786843288573 0.645676274636783 0.646964355125587 0.653817876152732 0.670384080333457 0.680836854840346 0.688438877724511 0.683362184813759 0.679611210417556 0.678698769828966 0.672555376228597 0.663423131891544 0.666285148343323 0.668908746819788 0.66936562687496 0.677117225749358 0.689928279281199 0.69799055058813 0.704263953393135 0.70606232399829 0.696471644638874 0.677355319866001 0.52884929606954 0.418492016355148 0.574744402031289 0.626385122762182 0.572839126914275 0.624469974438343 0.684059851344366 0.64307833491087 0.654271255128837 0.728538545964861 0.745931680292569 0.74636000521639 0.746303761406026 -9999 -9999 -9999 -9999 -9999 -9999 -9999 -9999 -9999 -9999 -9999 -9999 -9999
0.63800498582067 0.601318574493404 0.575083104428979 0.561309817634787 0.566628557654147 0.578168817707436 0.596124064680678 0.607171951601188 0.608287920202819 0.614609092357578 0.622789450524126 0.629248867091732 0.639968235781541 0.658121978251347 0.662952824933183 0.661578851167477 0.656152700407182 0.652047055785045 0.650768784602436 0.654682421475147 0.661562599660883 0.659145944314649 0.658040025619381 0.661620417541785 0.664061248333984 0.66571170488277 0.680393762764814 0.689472498000652 0.674936071714113 0.662203243753653 0.650978920732236 0.502067249584358 0.39003705538899 0.544864747821727 0.639641446079176 0.674037049093594 0.654012797042134 0.629040986383835 0.650777046812125 0.679528121138375 0.71675973909649 0.693084393434734 0.659817301353139 0.714069011264963 0.746147660684375 0.745892394176747 -9999 -9999 -9999 -9999 -9999 -9999 -9999 -9999 -9999 -9999 -9999
0.651275287594406 0.648483824878737 0.635981562949629 0.611899697188222 0.578762800178264 0.54858228746686 0.573544525136763 0.580994816493757 0.563265123159547 0.580802832029815 0.610877234334072 0.628052972109377 0.641512311602141 0.648485875397157 0.651998503570046 0.65389284575842 0.635211668864296 0.620711464997601 0.615163261994475 0.625482084255267 0.644866973453045 0.647578420320807 0.651162274880823 0.659202834930174 0.662367500349519 0.662150353747547 0.669958603835786 0.673453570823965 0.659460156342267 0.629926763547608 0.587395945717272 0.494339375161082 0.433184237631887 0.553288736044531 0.61788632109143 0.626671870574015 0.623280953273092 0.61822477601875 0.620032923970515 0.635225569116088 0.666598910992095 0.673858761647495 0.677726350641908 0.720402633227563 0.745743567971179 0.745805192270384 -9999 -9999 -9999 -9999 -9999 -9999 -9999 -9999 -9999 -9999 -9999
0.664984083558409 0.668862383759938 0.662377313024154 0.643534481903913 0.589010670095036 0.531986020543336 0.552868508765445 0.555172688314473 0.530763587705043 0.556475541460474 0.599786162723856 0.620267072575419 0.634412164058222 0.637500126116951 0.640845320481474 0.644299707729991 0.615666933253291 0.594430382149924 0.589030096334769 0.604033723960464 0.630695695979919 0.633835418091256 0.637352224221032 0.644876596096091 0.646842100507478 0.644952098137018 0.650553273285902 0.653266754836167 0.643543425168595 0.609712455959703 0.555718187200765 0.496418628590164 0.463875502183052 0.556561958045303 0.595981720166122 0.581841980862293 0.580576688917645 0.582559542290452 0.586841005690425 0.601052716576015 0.627269235763054 0.65719253281125 0.688150376888982 0.718409550936032 0.732512451177037 0.723055428370088 -9999 -9999 -9999 -9999 -9999 -9999 -9999 -9999 -9999 -9999 -9999
0.679494895083415 0.640247492121149 0.625666847133181 0.640499979414368 0.595808322840121 0.539149232201459 0.535674078328539 0.529999875649415 0.521163716310191 0.549485495984207 0.590196982690502 0.600427909133315 0.611501541016498 0.624045843707811 0.629328414903925 0.63121838200926 0.598676053748008 0.577394105985882 0.580222080792253 0.59676390071464 0.621141508109302 0.616113418108957 0.610862843860214 0.608769161950703 0.606018303855613 0.602811642981102 0.614741300676679 0.625456778137817 0.626820432155087 0.611560128562194 0.582395774494908 0.516435335515644 0.471784618105792 0.550414314837687 0.573803724448858 0.541649190388545 0.515974602820603 0.501444895877955 0.549172015477815 0.585407308169449 0.60774997841975 0.645207508513496 0.684884130637199 0.701186742614081 0.713178277974528 0.71888317604742 0.72045304799332 -9999 -9999 -9999 -9999 -9999 -9999 -9999 -9999 -9999 -9999
0.669117619753955 0.609640120544815 0.594506156420213 0.632249464033657 0.592222724633225 0.534919868512632 0.530943937964976 0.525859281562351 0.519180416294758 0.542421538783451 0.575450354641137 0.580045690260027 0.585692701821766 0.593175074868869 0.593942992210645 0.591579175872165 0.573113497964485 0.563067954187907 0.571051000291843 0.589293698601466 0.613398535030858 0.592185532840158 0.578481781930106 0.5906126976479 0.591949476683495 0.585799682697814 0.593874892844665 0.602517948006771 0.608207535006958 0.593338428272918 0.561274311657866 0.505965553102783 0.470048202163466 0.538912331169049 0.555212035455013 0.51865836771976 0.496039756668722 0.486798289828909 0.543402257136636 0.578268108379672 0.586854461899291 0.627286164775724 0.673832871189977 0.685911670422089 0.697287055621885 0.707636685708146 0.703021236087887 -9999 -9999 -9999 -9999 -9999 -9999 -9999 -9999 -9999 -9999
0.646565358269367 0.578058049073073 0.566060356423893 0.621447330880705 0.583557751007687 0.525117378695974 0.532311195121916 0.532007424070272 0.520923061613581 0.535321424756837 0.558180758130678 0.559397814472456 0.55846608625299 0.553784346967031 0.546881345984122 0.538948138411531 0.543357769735683 0.550067566271604 0.561702312293452 0.581725473287471 0.606541588875561 0.565221794800301 0.543218572330072 0.581237655982465 0.590968894698788 0.581080313603334 0.58031969560538 0.581962030727297 0.588670116950168 0.565299005210164 0.516770064238847 0.480582105859705 0.463593295097144 0.524791061359054 0.538374729389876 0.504082563894772 0.497955647019819 0.504667138901654 0.55323726217743 0.575290054954725 0.565285694094968 0.606460836998629 0.658973266471933 0.671589409932932 0.683080088036394 0.692929553720765 0.694573593525582 0.693165461019083 -9999 -9999 -9999 -9999 -9999 -9999 -9999 -9999 -9999
0.635163088384797 0.573081331182728 0.565537262926294 0.623026444564023 0.580175123678941 0.514119178189156 0.507857674896289 0.501867914661938 0.496268886898504 0.498106280936929 0.502387804012931 0.499838710313091 0.495340663582056 0.487441347330163 0.49483915446628 0.509359357393998 0.522849312955815 0.526456379854619 0.508902911331299 0.52083772002944 0.549621477456119 0.548865753933565 0.548857213808235 0.554612178192607 0.557707762246799 0.558958859278135 0.563966334647624 0.566643575433468 0.56007202936154 0.539511225486037 0.507249997971262 0.464664850516182 0.437165433478492 0.485572933388181 0.497899516419427 0.473946845319863 0.473904543637116 0.488079728573303 0.559111035902687 0.598458401078895 0.599502627049963 0.626176325820708 0.657848684347563 0.662573827420189 0.668231119783454 0.675247720971285 0.678538812371553 0.679894501127749 0.669611713646251 0.66788780929236 0.681322061190221 0.685635771071415 -9999 -9999 -9999 -9999 -9999
0.620420728900527 0.566904180796962 0.562764228794921 0.61750320208791 0.572243252325398 0.503306695688336 0.488533932438821 0.47666166305973 0.468959940457633 0.461141171265717 0.453534908468115 0.451211940899503 0.447227513403629 0.440343542963272 0.456779838492201 0.484070197673178 0.497853318870465 0.497849606271781 0.468326509731192 0.474617198119324 0.501371090292033 0.52842573333107 0.545144382085002 0.534221871075886 0.531949504927233 0.535676686778493 0.546029943854295 0.551088077762478 0.535786499192395 0.519146050911182 0.501385790339855 0.452975977765001 0.416545603974966 0.45662093368298 0.468831008201524 0.453022651873521 0.460054493710934 0.481115380096266 0.559365297651296 0.607443556269002 0.61904689498125 0.635938859426423 0.652726565269875 0.652294793109174 0.653915976176395 0.65853088587708 0.663479814074678 0.668183740495301 0.66458191770126 0.667380128394221 0.681513078230835 0.68672391266553 0.687714886339746 0.682682853284157 0.682410394899276 0.692530553093851 -9999
0.597893008920841 0.557390828494448 0.554260770667128 0.595694951535061 0.553943470825486 0.492940810549935 0.481374195170795 0.463426224321917 0.436302663840337 0.425456123586575 0.421224155414697 0.428124719028298 0.433767704045774 0.437215990842912 0.450320024546236 0.467912448321595 0.462533922610965 0.45824849825236 0.456303544445255 0.462688039589967 0.473831797450237 0.498538479617878 0.51940373460612 0.528280151139973 0.523851847644086 0.510195686380327 0.524596169809264 0.53487418421061 0.521425979718612 0.510935653499484 0.502919256158638 0.450581419986449 0.40947753849947 0.451379625746377 0.466006331235483 0.453207721851357 0.469789347597679 0.496636808502505 0.547062179180219 0.583874192982068 0.604228838539 0.622328004412308 0.638277357565807 0.639044867284997 0.64081796790479 0.644057473744024 0.650798357718373 0.658555536707476 0.659320507961246 0.665729460063103 0.68213414902708 0.687529317141287 0.687717351864727 0.682682853284157 0.682410394899276 0.692530553093851 0.696244814142351
0.588729047973681 0.577779872822789 0.573212658094656 0.576255586645636 0.538148168620795 0.491148558484937 0.474819305887615 0.456707208618137 0.436031604086274 0.428464054758149 0.426053084615521 0.429097184160691 0.430852156346386 0.430357372111017 0.437980927380877 0.449381147525644 0.450338783159189 0.454968639336941 0.467461191893573 0.475379396141536 0.480683919042826 0.493954862679011 0.507701515540542 0.521702361868401 0.51605924018743 0.49679149939558 0.502108583453588 0.505961995553227 0.49636202016168 0.491638960573674 0.490994886572729 0.445592549540654 0.409519568920944 0.448127091335103 0.466910440168757 0.465760641691231 0.481799408899125 0.504111293409239 0.54193392439449 0.571077210648691 0.589727921583966 0.602105512265609 0.612220425323786 0.618263025173995 0.62300587652014 0.625853366652121 0.637168715009978 0.651270125950488 0.655793247631428 0.663179361189167 0.675635958543563 0.675797287577451 0.670143367874017 0.673196427935662 0.678758591551802 0.689719825742758 0.693418568841849
0.58756324257221 0.616065380179263 0.608596458412687 0.55823399021192 0.523851787110153 0.494487591019269 0.468626415668658 0.453888245654074 0.455143563689123 0.454629576740878 0.453109962918385 0.444469274321267 0.434247306456919 0.421265725154222 0.422123103069103 0.429429285823023 0.451983417559704 0.473426900604662 0.492492341987497 0.502806031049514 0.5081191626008 0.504515369657682 0.504401238906982 0.514743887680852 0.508449203813921 0.490615236226408 0.478990294706765 0.469449928809759 0.464892095153663 0.46570716477512 0.471016057114188 0.439050993492234 0.41381696288125 0.446064829807529 0.470046212329924 0.485715669480042 0.495171172604605 0.506769715289114 0.541099796406083 0.564727454597551 0.575416811324956 0.577925982127627 0.579216317054414 0.592973361732742 0.602372425523898 0.605416453767944 0.622971586617961 0.6453868673145 0.653303868685767 0.66009095678559 0.66487691907681 0.656561654622651 0.642049950180163 0.658032415515657 0.672921198721288 0.68522688947905 0.690924218135697
0.590716000414653 0.604006070594236 0.598410861421027 0.570295976126314 0.53442805686002 0.49762721312317 0.473917825419073 0.461047982874639 0.463764048161523 0.466252011496096 0.468063929067651 0.457689617371534 0.448457123588487 0.441217305054117 0.446168853292796 0.45678867885989 0.442124345755657 0.438456070137532 0.45833176752897 0.474682516337577 0.489019187568955 0.486982133935669 0.486469997669439 0.492118894433602 0.492002065685897 0.48788625801694 0.475350228539547 0.463331985377113 0.455977767935807 0.457082614075307 0.465262505144043 0.439540290545083 0.416806637916186 0.432137882565461 0.451446415158251 0.474754098896239 0.488724834979583 0.503157844752315 0.534028420752702 0.556697579751548 0.569451936622215 0.571881639651793 0.571741870496717 0.576752009182758 0.584383448592906 0.59583740574984 0.613458429928032 0.632707003851257 0.636010531886022 0.636008273588595 0.630151323153047 0.621006588257632 0.61030684179757 0.640451287108125 0.665431929152933 0.678907463380913 0.688807715482698
0.59376391350442 0.590856437750431 0.585416979133857 0.576958267640719 0.541143286570848 0.499389386329829 0.477753968522319 0.466019136820358 0.468520107473952 0.469935595847375 0.470531181571399 0.462572721627007 0.455373827331221 0.449500510126488 0.455255326045755 0.466407760436275 0.426794816490958 0.406707102737142 0.428425417481723 0.447788426608954 0.465805666253324 0.466624674442551 0.467939595830161 0.472772718241322 0.477185341410036 0.481306315660763 0.472242161153467 0.462240725072966 0.453573627908614 0.453852152040801 0.461612671312089 0.439832662251392 0.418375226176582 0.419734306396687 0.433480609572021 0.459682228422449 0.477287772413882 0.494801576204387 0.524124895599805 0.547143647262084 0.562540723113214 0.566098324528577 0.56605857349855 0.565242538702447 0.571624622070942 0.588503377635258 0.604382025356861 0.61925211968848 0.620074399449503 0.616026078903237 0.603351712248274 0.593730776821889 0.585554011757113 0.624907574726023 0.656730168558935 0.671854180991345 0.684341779356611
0.595787732432436 0.583119342715329 0.57218227338866 0.563309710163642 0.532768459422409 0.49729801398057 0.475546787995819 0.463131425078221 0.464139863542243 0.45366802438529 0.439801696809765 0.444290914523059 0.439885676770826 0.419958032990682 0.41539782865025 0.41798564620399 0.397967436900465 0.393059784412888 0.420505777064363 0.433730975685229 0.438830727447963 0.443034565592097 0.45018551727752 0.465321169180168 0.468459821422117 0.463277621645936 0.467350866234059 0.470209567587326 0.465737828655418 0.462925400233887 0.461500796398414 0.438383725429389 0.416154011938112 0.413630387944381 0.420969112294482 0.438224398440889 0.455108690440909 0.474113913710495 0.507280784211512 0.533572123945548 0.5515515430605 0.557993568856937 0.561124952917677 0.56550088364338 0.57317939323416 0.585673895971326 0.595748299815389 0.604756204567617 0.610464638315159 0.611155672578845 0.602960672973412 0.592570964652813 0.581143232862376 0.6155210542123 0.644885298172558 0.663037943971082 0.677838232232066
