layers/veg50/veg900.asc
NCOLS 255 
NROWS 330 
XLLCORNER -2985163.8955 
YLLCORNER -3022031.214 
CELLSIZE 25000 
NODATA_value -9999 
[rows 125 to 149 of 330, columns 57 to 113 of 255]
0.160687808083487 0.177528981552669 0.210122020723126 0.242712741152287 0.256792979031835 0.301460683449789 0.381135286752541 0.396560116283529 0.390154038832764 0.34722661749956 0.308987802571909 0.277213262342924 0.250883991130067 0.222490779115613 0.12735589315932 0.0687428567771864 0.0711358566977068 0.177453328192089 0.32959316892163 0.451298744566656 0.551021601413163 0.605820464768834 0.638437878448394 0.658931199056714 0.737754257839785 0.794700916445236 0.790692435512619 0.795133404856163 0.805191708410909 0.820750927150985 0.827723560022113 0.805440048897847 0.779727629856144 0.751263106098268 0.724417536388733 0.698055330955115 0.672742223066523 0.647112754704459 0.621177906242442 0.599672915742687 0.579046645974275 0.55813186724067 0.539588634462949 0.523796957506624 0.512835020450023 0.504414962083805 0.506802686783886 0.513031708625122 0.524631311598502 0.54010946166568 0.558659899940756 0.607093345186365 0.544364317512027 0.293229572726268 0.399525731726504 0.665062769939566 0.649547407635522
0.165792038052517 0.188784717324815 0.215753072214339 0.244614925188107 0.279684011325689 0.306651704658752 0.324347474853698 0.327136802849188 0.318912906530009 0.250056567998307 0.219284850135034 0.241021154592366 0.205028733791213 0.148014941732171 0.0814477975783882 0.0349328850596358 0.02191318664804 0.125599531722402 0.280009880909365 0.331273134534168 0.36938529551823 0.380621818160873 0.455112817602533 0.564177894711888 0.66009160881427 0.726202424763266 0.717895780858287 0.729262543619394 0.753708512329329 0.799186901112545 0.830521487498231 0.810249257812749 0.784550752065812 0.754497017103169 0.728868578493459 0.703854526987259 0.678710333837154 0.653130221200737 0.627129319156462 0.60534769314109 0.584438927813468 0.563467320116728 0.544783955656674 0.528755496104978 0.518278824382052 0.510115677091455 0.508837263896509 0.51149347216971 0.519650739861759 0.53488609388497 0.553212205972147 0.581161136073699 0.579786819814721 0.52871347191789 0.559156258811187 0.625906370664375 0.62725773363428
0.189606255320456 0.188044125167926 0.202087046443263 0.221216234429119 0.251234973829695 0.266344281997071 0.264389968665911 0.247720906179978 0.224802958224146 0.18256782641014 0.173679285338838 0.210766350701381 0.170998994343651 0.106619876793427 0.0859203004949705 0.0596438847243285 0.0240519256484835 0.0816041224707837 0.179521008660951 0.18397130999462 0.1889677034668 0.195080093549806 0.253705454919997 0.341033726182455 0.519976679378916 0.65613552798104 0.675174685047035 0.692007581088177 0.707373718330972 0.764117881013328 0.807236462260505 0.794613290117083 0.777210388066303 0.755971186664004 0.732170695093534 0.707854380440211 0.68293387148541 0.657809406901617 0.632488065667325 0.611064751105258 0.590456328498561 0.569839953977019 0.550505481881283 0.532658320656935 0.521488317069939 0.512760459752589 0.509214313644808 0.509503619725671 0.515155335013795 0.526901193729462 0.541355236013365 0.564934809236536 0.584096787278099 0.595771524650787 0.600885922662818 0.603089931601753 0.61217094191746
0.22271500377989 0.181344135907312 0.178834841715801 0.1852488675831 0.197281809985999 0.203434668379074 0.202857858392861 0.163341009531701 0.119332503881712 0.129823821833027 0.1499799109821 0.183461011982902 0.142843798963929 0.08165829555587 0.115420294702722 0.113426256014195 0.0517053916676478 0.0415125119736121 0.0537438487752845 0.0231195229419192 0.00915552998947171 0.0292386761901656 0.0433153753734683 0.0541090284200363 0.348837428067989 0.585289497044827 0.647394177666058 0.668968093898673 0.663596488000852 0.722340006090561 0.770994249308425 0.768820803943523 0.763827588005112 0.756571172213938 0.734902061763689 0.710960377288168 0.68629076026626 0.6618237769403 0.637552394214011 0.6168028127201 0.596784268497163 0.576727826616213 0.556488410157883 0.53603669978962 0.523587874447962 0.513887151671061 0.508767956111085 0.507289418711758 0.510900945764015 0.517544451445799 0.526314340023321 0.553530058390282 0.572951029363866 0.579160932485359 0.584046158683372 0.588390669073631 0.600662314792187
0.304404902888119 0.216796407878236 0.189553871580034 0.175943381680732 0.169745363859423 0.16374192393319 0.157961175503475 0.119854119560535 0.0772237850355634 0.0728699877613825 0.086700564351712 0.125602298065459 0.103111734861734 0.0636031498985585 0.103150708638117 0.108259463512201 0.0558416981433577 0.0512980278870058 0.0677874555913359 0.0631586688469274 0.0593427219381178 0.0571878985608527 0.0427622221814571 0.0216294564984452 0.279479083699192 0.487840939423297 0.544622556042474 0.612066849677081 0.686599867243323 0.729668331325034 0.757380176223324 0.744555305080424 0.74048896180035 0.743452374471271 0.720669385998274 0.695193156208721 0.674211547574888 0.653501168230874 0.633052604235432 0.611766301434104 0.590765406995818 0.572484341537632 0.554857185936143 0.537988720870842 0.525034172945903 0.513873289754368 0.509047033241792 0.507010921014317 0.508875755707342 0.51357892731096 0.519909991491937 0.537034620891661 0.553621720145881 0.569297776762489 0.57094933021045 0.566414704047225 0.581533998271948
0.370795002869871 0.2498283805199 0.205914501646465 0.177825326131138 0.150147701334128 0.132164462710813 0.125276304358583 0.086037125339904 0.0414351415669083 0.0278076593096402 0.0346351065456318 0.0696641710105133 0.0661928160070861 0.0524322571013471 0.0946540994393806 0.104692824190133 0.0609729232755704 0.0597816655078122 0.0774288973938151 0.0907741634462495 0.095148692681585 0.0811905795320976 0.0469425893089663 0.00160441509710165 0.206962139390204 0.381415398999642 0.454088060444132 0.566395816832635 0.705053639499577 0.73736470002026 0.748122587937103 0.719732326440693 0.713112952076303 0.723967293132096 0.697522983990758 0.669351623219354 0.656914210173813 0.642892557630992 0.627341652047419 0.607461756433142 0.587145842395833 0.569606620421924 0.553613978174922 0.539415735248017 0.525906922673504 0.513470459787853 0.509036396175161 0.506608316564374 0.506984836399067 0.509946812051654 0.514075131024077 0.522385395586786 0.535159730423853 0.55550007507686 0.556994433934648 0.550110331194566 0.560511207523672
0.400620347072037 0.275967326133702 0.234088794088967 0.204443474819563 0.147862078861595 0.11840576389809 0.11999369924616 0.0730268062386247 0.0180668556080558 0.0100854022236529 0.00949735085753593 0.0191027295791493 0.036082057174259 0.0567885510276738 0.0961327777228436 0.106683280897951 0.0691367965755718 0.0636824247221346 0.0725013759507448 0.0835050426663068 0.0906552380390471 0.0899304602063019 0.0552016576011192 0.00188669551773863 0.123944905857368 0.255308668672332 0.393961324092934 0.547505875649919 0.710950805918234 0.744323333228216 0.748103557118774 0.693584857985089 0.676820742744146 0.690359152648305 0.654530041184987 0.621069851325627 0.628175745039454 0.627451049343181 0.61916755165589 0.605178370855672 0.589412429799677 0.570211499030592 0.553503393758743 0.53968755734284 0.525488558393681 0.512214464087279 0.508339632201432 0.505859517820165 0.50532938107393 0.506904015939816 0.509265276264732 0.51212358401854 0.518945200849751 0.53248410337323 0.540956095382489 0.547015160327669 0.535399478720518
0.435400546382156 0.358739259334952 0.333361776586082 0.307410845496371 0.217944410555091 0.170547655186181 0.171299020128467 0.123893172541593 0.0652272960560056 0.0239338951346634 0.00912338700228093 0.0308253687219935 0.0360437027453746 0.0368186169477604 0.0609237773287296 0.0676933164868749 0.0455054630162277 0.0410538981842876 0.044679558140249 0.067254013370727 0.0867740481480129 0.100052054092781 0.077779266463768 0.0360748755654163 0.12632325167605 0.230177687432192 0.35627897753801 0.503058723538771 0.663585848828953 0.712267752531308 0.72973878074779 0.678490642025194 0.633157744445706 0.592572528471916 0.56252266153492 0.545802210835622 0.579098831036642 0.601343733780131 0.612920506763885 0.605670328486901 0.592897260027312 0.570795659031904 0.552560138672397 0.538810188855308 0.524463903747753 0.510996857035686 0.507057724051409 0.504508455085407 0.503902378014875 0.504282421248741 0.504903959963805 0.503490414553171 0.506471925993665 0.516902478608141 0.527122584305943 0.537083454861037 0.52416729002008
0.473189491176697 0.475900542367962 0.475808143165974 0.456739890105478 0.331970863836407 0.262706479072023 0.256966328011399 0.213547492191857 0.155215020546614 0.0569531507468528 0.0237867845291259 0.080368880947131 0.0542662679568758 0.00207702414682365 0.00343685252509669 0.00381873803465523 0.00256706941575774 0.00231594624999056 0.00295559600590538 0.0455488837837904 0.0832646448715663 0.111012668151923 0.109051548197042 0.0908517953795488 0.18055650710674 0.266362389997729 0.33222557773912 0.443092420756211 0.583878437701403 0.65652150129872 0.700233884658407 0.670108312247655 0.585018968846868 0.455814689436542 0.440752158178153 0.454147893336246 0.517671764534943 0.568759801085414 0.607843631212072 0.607847562713501 0.597121846012714 0.571367238036402 0.551111259493258 0.537234995325453 0.523071090323916 0.509802560791725 0.505420497761945 0.502791678515933 0.502614098431887 0.501916593445928 0.500815010469163 0.495846208330119 0.496270459897605 0.505835225564046 0.514627914540928 0.523000388323718 0.521363199155012
0.504253443063726 0.56794369627561 0.526956232904519 0.462412492350444 0.38548843273513 0.338220321550267 0.324893000680093 0.343637052026931 0.349970167964878 0.170149011239379 0.077744383668959 0.105862659661806 0.0673880623930621 0.00857534106682892 0.00411622345434823 0.00215374774213658 0.00436165847470955 0.0132396961981771 0.0252212798051558 0.0505234786756898 0.0752829126050291 0.09893314940053 0.106258723359654 0.10466144806975 0.140315794883632 0.17169653862356 0.188761991433812 0.224927222892238 0.273790302911234 0.435908595321496 0.566832029263384 0.564852672788927 0.546527071331221 0.515081672260592 0.504321678179618 0.50641855671002 0.550253584320879 0.583922011967444 0.607776706314079 0.606318309559827 0.596817413634947 0.57113322478337 0.550787981449442 0.53663718127305 0.5237906975182 0.511487803060202 0.500802914675608 0.494938165808264 0.495812533805451 0.493621001496214 0.48997941024918 0.480183139761445 0.478219516241205 0.489531195348087 0.49696917485508 0.50261355892199 0.501862341767702
-9999 0.653374099838211 0.560589570464821 0.461396212268421 0.4343474463923 0.415212178170423 0.405133789891819 0.470199464396122 0.524113618668612 0.299066853429286 0.166331886192037 0.160869026826047 0.104544717374018 0.0336229929072554 0.0198631385576889 0.010449332492863 0.00829515819705789 0.0202179686451998 0.0382930449870294 0.0471193716737846 0.0610337604157474 0.0853461380845633 0.100778950253644 0.111358306939745 0.104889380530047 0.0949563030204589 0.0778183438164016 0.0550191126321231 0.028456174255776 0.252696009434229 0.446426009941708 0.470211050949252 0.50492081769708 0.548398970752349 0.548058045831766 0.546852225817071 0.569067754851238 0.588842040961528 0.60625981584295 0.604726228090101 0.596214793897341 0.569941385662011 0.549501310948392 0.535829286742076 0.524416219779556 0.513235471187456 0.498400759777359 0.490104858544537 0.490950976081494 0.486755833439714 0.480247970007676 0.464898278042306 0.460002469503839 0.472824613363417 0.479794649532775 0.484086702517209 0.483124260927313
-9999 -9999 0.560589570464821 0.467404856938442 0.480876970763244 0.499489445122347 0.523984985384595 0.579245588607795 0.619918562058388 0.458499878971994 0.347211221418847 0.305037824919474 0.211669084525168 0.10441837844523 0.0682654691364985 0.0359929489753333 0.0102022243410942 0.00679323615417171 0.0132696636508806 0.0147760280985104 0.0295993296243304 0.0716371900089403 0.0938030687724738 0.105107179788546 0.100546087302972 0.0936031182965186 0.0820920036035642 0.0526150515277508 0.0111941137883549 0.207021040504199 0.382324234643809 0.423749490356149 0.452607179721498 0.471377908618038 0.500976250397901 0.526999454885102 0.531166749261803 0.55562269949689 0.599663118316117 0.603630640932213 0.595582867369691 0.566145487113194 0.545241876035482 0.534239461349973 0.524385683383508 0.514636524122777 0.502906386841687 0.495067406333045 0.492668716532566 0.485082338282771 0.474920261687808 0.452164328337819 0.442741959247634 0.455918221422415 0.464954121678605 0.472053634323021 0.469626648660159
-9999 -9999 -9999 -9999 0.516946224093961 0.535200287090979 0.574345852716075 0.645028038384804 0.705337613794474 0.598655852590681 0.522033483018983 0.486854593231508 0.398421479053465 0.29189377928471 0.198240136549009 0.108564050028218 0.0255320667407528 0.0198821841680634 0.0479881121973574 0.0192775108137919 0.0107019634021499 0.0432745124504101 0.0648479748609185 0.0804094789890803 0.0898768987394821 0.0936879076424846 0.0837099494807222 0.0566793240268915 0.0183118034803428 0.164349974289074 0.295830227965117 0.327747765283868 0.36105470836489 0.395476814128344 0.379476811950531 0.364449003948795 0.384715706651017 0.443060563871438 0.538161942869792 0.573802174220904 0.589822192324026 0.56352957837766 0.544600199017021 0.534213918278782 0.525704298066894 0.517415281821606 0.506341986482829 0.499002519741344 0.496883380581506 0.485611180990438 0.470982235497943 0.455335415172976 0.448684213797863 0.457279399036773 0.461640904513163 0.464057381903187 0.461606747226457
-9999 -9999 -9999 -9999 -9999 0.535200287090979 0.574345852716075 0.678998753177201 0.783119930158829 0.724637429903347 0.692401984657396 0.696353875036744 0.643724279606447 0.565163874478635 0.388194858715034 0.215714411758704 0.0507316626133042 0.0524666139853558 0.12663466635567 0.0508709561241458 0.00102308776758335 0.00413696278640366 0.0197315888228273 0.0421480316992647 0.074556285889636 0.0948300378321114 0.0833751516715434 0.0654997555226006 0.0433558982037265 0.123887674627758 0.1928712367536 0.195319208600559 0.240649963480109 0.320399230687294 0.203258157702375 0.0969730967599753 0.158447934291392 0.272157753909729 0.436289561697953 0.522846450945232 0.580290353807165 0.561781314929199 0.546618655629847 0.535338590377341 0.528014942141078 0.521207064405548 0.508990796068399 0.502182161714441 0.502934029964798 0.487759400448023 0.468066041138365 0.470201458895899 0.471687437268965 0.47207270161744 0.466803706953242 0.459029395939531 0.457614600892922
-9999 -9999 -9999 -9999 -9999 -9999 -9999 -9999 0.79134176701377 0.737954081088442 0.710410474133722 0.718498611742211 0.699237205370828 0.664497035375718 0.532968251141643 0.421418448448247 0.343241503027199 0.247930657457425 0.1451808456154 0.0583212215099482 0 0 0.00700707802028187 0.0178441341220612 0.0575115526939199 0.0856913678748757 0.0820303327104012 0.059211587345342 0.0236564795660731 0.0765860542516794 0.122870466509509 0.122478143237735 0.131888528349754 0.149166747951324 0.121834830573494 0.092605410072659 0.0829070827754626 0.132962509673274 0.240697732117173 0.369028912867169 0.486849189395832 0.517179761741529 0.531759257830026 0.528063769425295 0.523907288973458 0.518778985277631 0.505980114709231 0.49824518252075 0.497590226423196 0.483720003391573 0.466141964600484 0.467420591417361 0.46729241257297 0.464779883844255 0.461830869584721 0.458701079636205 0.457820148037912
-9999 -9999 -9999 -9999 -9999 -9999 -9999 -9999 -9999 -9999 -9999 -9999 -9999 0.72731821998546 0.657254417952905 0.611343325258275 0.605776877751587 0.423250492767531 0.163864577696298 0.0658267438307727 0 0 0 0 0.0407902814676212 0.0731933109378416 0.0805108070949428 0.053637325719968 0.00403311731210749 0.0338068012345164 0.0618634126005679 0.0617320451665917 0.0413323704169808 0.00466497851213659 0.0633364883986931 0.109927651133945 0.0463465756235074 0.0366439048555793 0.0789496043024376 0.214315206073847 0.359700595579695 0.449212767909437 0.500992144079536 0.508992526773658 0.512251111401569 0.512846388000144 0.501303746465157 0.492989881563459 0.489190222730555 0.477456837668412 0.463594080186584 0.462776181674777 0.46057607498375 0.456033307893371 0.455693487559583 0.457239067858603 0.457279494187391
-9999 -9999 -9999 -9999 -9999 -9999 -9999 -9999 -9999 -9999 -9999 -9999 -9999 0.73095667345912 0.725348791463613 0.699516684235106 0.63990206508173 0.45241948951657 0.209411702568601 0.0841236751343403 0 0 0 0 0.026024983907579 0.052740638773431 0.0787860369927088 0.0573363926382199 0.00431125889777368 0.0108034790450638 0.0197693972005848 0.0197274167330948 0.0132083894771672 0.00149076504611992 0.048318508205233 0.0923458139957038 0.0883031431378409 0.0854849563567191 0.0838487537395608 0.101380253743834 0.144297785898136 0.313355623135821 0.418611570771039 0.449842193146927 0.47540588727139 0.496640110787809 0.492929645510776 0.48596442590512 0.474448680384721 0.465657153085292 0.458296976560544 0.458956340883835 0.457261890775544 0.45157803593128 0.449680224063639 0.449510560348672 0.452129973196398
-9999 -9999 -9999 -9999 -9999 -9999 -9999 -9999 -9999 -9999 -9999 -9999 -9999 -9999 0.772756991986325 0.755699018810746 0.710147435839036 0.581600974919489 0.416533370031015 0.28262541289977 0.163060442267498 0.0728068701944663 0.0266396379558376 0.00456942800959398 0.0146867215059289 0.0305340773511682 0.0579277295189916 0.0463989188671952 0.00899381155291206 0.00864071255923709 0.0115786771998775 0.0145550096946116 0.0106426068309085 0.0012011779551581 0.028253752328607 0.0603236574391592 0.0911111463246892 0.0987624021494914 0.0840804471053286 0.0620704052227882 0.065300809317008 0.226557724598645 0.329136593274224 0.363635009902694 0.3941619985763 0.422677705871817 0.443024389674855 0.454025294726781 0.451959711771798 0.454400488953423 0.458159565635314 0.456451580078615 0.452901056807703 0.446227675343443 0.443540492530556 0.442684316573861 0.446365629260779
-9999 -9999 -9999 -9999 -9999 -9999 -9999 -9999 -9999 -9999 -9999 -9999 -9999 -9999 -9999 0.783551943109716 0.812378762492727 0.79934776502584 0.766736154556064 0.640706157328573 0.470517828845385 0.210087314940125 0.0768698062994657 0.0131852785153888 0.00638324423079211 0.00677437253023114 0.0201258623941949 0.0225001669258398 0.0175766571980284 0.0249331429285572 0.0334107646295389 0.0419990984024041 0.0307096938392902 0.00346604998526109 0.0037198623251787 0.0155139849782465 0.0592514337589088 0.0805467652452143 0.0801789099644537 0.0879587118564406 0.107096989015337 0.183203871399526 0.233379219677835 0.25346783763167 0.273601207476899 0.297569797855035 0.356341532998516 0.400024046172807 0.422610068284692 0.443624692484908 0.462591281649868 0.455111378432081 0.447613370042501 0.440084675776785 0.437288768181422 0.436657065641837 0.440056833505571
-9999 -9999 -9999 -9999 -9999 -9999 -9999 -9999 -9999 -9999 -9999 -9999 -9999 -9999 -9999 -9999 -9999 0.858812390162712 0.884659685582527 0.815265215133326 0.709217329069054 0.528264340519492 0.298262849898878 0.0414520833834223 0.0138032854134047 0.00157200618878666 0.00713388280268298 0.00945324484789613 0.0096169296097749 0.019998463911259 0.0302758102902075 0.0373014223849974 0.0316801137227042 0.0159081532789388 0.00668804806543407 0.00432161648461212 0.0269712312789838 0.0494588598903674 0.0717901246039189 0.111953402883692 0.156987885371199 0.208734246698203 0.238679664232223 0.243330815949176 0.25036751458751 0.261632313987317 0.305299113805578 0.351533012253843 0.401356013799322 0.433265210650419 0.456832349587179 0.446768035913269 0.437659642204933 0.430171406647854 0.428978056150348 0.430624126365124 0.43218775078739
-9999 -9999 -9999 -9999 -9999 -9999 -9999 -9999 -9999 -9999 -9999 -9999 -9999 -9999 -9999 -9999 -9999 -9999 0.94835529092572 0.933435721772434 0.899796252842718 0.827900703606769 0.523369027667339 0.0916814582642089 0.0325866978073564 3.53476022117243e-05 0.000160410088289112 0.00259445796180617 0.00656355748792879 0.0171748706145799 0.0264368661665629 0.0294527134525181 0.0295896799476611 0.0274160036397695 0.0130567911306014 0 0 0.019486852430405 0.0577841993504841 0.124143295357018 0.191811903052937 0.232528501249869 0.25175858491952 0.246059215300537 0.243367033471987 0.244079221694381 0.268106234365033 0.312474171965014 0.385281093486692 0.424602630901111 0.449789103774272 0.438142174376095 0.42801917307996 0.420479028744 0.420776075057555 0.42457789301785 0.424053156886223
-9999 -9999 -9999 -9999 -9999 -9999 -9999 -9999 -9999 -9999 -9999 -9999 -9999 -9999 -9999 -9999 -9999 -9999 0.94835529092572 0.933435721772434 0.910877064575595 0.872707129051908 0.613837854968371 0.234337181200316 0.0942169359423535 0.000247765593520608 0.00112437897466387 0.0170191569713472 0.0428982590514976 0.0439306686509447 0.0414237353362133 0.0345949463022517 0.0292629753443549 0.0251323781723924 0.0118383608532979 0 0 0.00662905452549167 0.0196570795398731 0.078893500769025 0.143912849705511 0.185955461905682 0.213328435081802 0.223681147463792 0.230550683327553 0.238788858010219 0.268383270601649 0.315731831544496 0.387902761247051 0.424067801454942 0.445435650652263 0.434370801944092 0.424125335592828 0.415268614170376 0.414962132385758 0.418470156947813 0.415985397195186
-9999 -9999 -9999 -9999 -9999 -9999 -9999 -9999 -9999 -9999 -9999 -9999 -9999 -9999 -9999 -9999 -9999 -9999 -9999 -9999 0.876343827384398 0.879674551061167 0.669445337028692 0.342487027338241 0.141135801179193 0.000254378956879995 0.00115439091703023 0.023582315091588 0.0603223511580784 0.0589900437783513 0.0512302433327512 0.0336102104385391 0.0250135881288068 0.0236593215263329 0.01129960580487 0 0 0 0 0.0481732785656253 0.104647872620877 0.150580987833544 0.186083527919135 0.209484126804637 0.226524872530512 0.245159302158848 0.29454553439023 0.346843108766518 0.403211078797733 0.425559970723996 0.434712918479839 0.427230882469579 0.419306664078735 0.410633004925021 0.410239635168322 0.413528317279799 0.409339383268476
-9999 -9999 -9999 -9999 -9999 -9999 -9999 -9999 -9999 -9999 -9999 -9999 -9999 -9999 -9999 -9999 -9999 -9999 -9999 -9999 0.873274622074598 0.867263897202539 0.687950992226767 0.413913360431663 0.172397817651172 4.19609655711114e-05 0.000190422030655471 0.0217786839519392 0.0576204798777566 0.0616012860331054 0.0555234568192349 0.0261047356065778 0.0165894139074783 0.0230489276335552 0.0114842076002525 0 0 0 0 0.0329164205919604 0.0745718697541238 0.127124792501376 0.170742720677928 0.203993935840061 0.231854554662411 0.26393997518129 0.348256626954396 0.407598110065313 0.432021396363976 0.429209410599301 0.417211564113287 0.416505924945456 0.413503720967901 0.406609142805935 0.406678728818872 0.409827304268028 0.40420648838023
-9999 -9999 -9999 -9999 -9999 -9999 -9999 -9999 -9999 -9999 -9999 -9999 -9999 -9999 -9999 -9999 -9999 -9999 -9999 -9999 0.832928537388615 0.833728467119116 0.696807738205818 0.484610681207062 0.214459956224964 0.0159231515795235 0.00454405226302209 0.0245419506620162 0.0653997957973476 0.0683858279273392 0.0627533856482689 0.040138937676226 0.0273101665942954 0.0223355602110644 0.0104411522995827 0 0 0 0 0.0402921388623344 0.0875295122115567 0.125961869881565 0.151108611019751 0.160840885734347 0.195666251533015 0.242353519063881 0.332951932192624 0.389886416125082 0.39975480328562 0.401685201379049 0.400762457007095 0.399992202759865 0.399477172948992 0.399394714865727 0.403159362772888 0.408574797814779 0.402170723053265
