layers/veg50/veg900.asc
NCOLS 255 
NROWS 330 
XLLCORNER -2985163.8955 
YLLCORNER -3022031.214 
CELLSIZE 25000 
NODATA_value -9999 
[rows 125 to 149 of 330, columns 171 to 227 of 255]
0.242139711205831 0.355810177496075 0.419920516138233 0.424933078023891 0.37534254858556 0.31371158744856 0.290401518147703 0.281716471354053 0.294060374527462 0.305345582471027 0.316415084294197 0.331184485070368 0.346367051293353 0.362270664672851 0.383760370489577 0.407847920732742 0.422278767677148 0.432156999537197 0.432287497102068 0.377477832649187 0.29127657600451 0.315430821168361 0.308289846945249 0.203496245060423 0.171074509910613 0.188848291174021 0.358645802697945 0.50332480778339 0.509947986304895 0.536810385071097 0.580600590466967 0.571123882278279 0.56296125642636 0.599263968187788 0.639907820288916 0.684916676032608 0.71783649769346 0.748031119602272 0.778154068946921 0.800617373259227 0.813820830784874 0.816847874550868 -9999 -9999 -9999 -9999 -9999 -9999 -9999 -9999 -9999 -9999 -9999 -9999 -9999 -9999 -9999
0.215686700891803 0.343115582227565 0.420179698584383 0.437186551605353 0.384719249413799 0.31714831744282 0.300462447173184 0.297247908213313 0.313403455826853 0.328648375597389 0.343280669527133 0.352287728172723 0.366513198366654 0.389845724432416 0.395832888718331 0.393755878319187 0.428898199506525 0.452383749539615 0.45091065364156 0.401341106633659 0.32429031232574 0.340025343367554 0.335504536749101 0.265053551594602 0.237870111390058 0.240696077612004 0.34748843935841 0.451832689605018 0.512060186129307 0.547985549318338 0.563584941011734 0.527156220363735 0.505307195293217 0.587214534371092 0.649005461692667 0.69056939709035 0.720419686876285 0.749364522075911 0.789387698168209 0.812787340307867 0.816090571085866 -9999 -9999 -9999 -9999 -9999 -9999 -9999 -9999 -9999 -9999 -9999 -9999 -9999 -9999 -9999 -9999
0.230571697186484 0.35851651332977 0.434634886341267 0.448953023727177 0.394891048303598 0.32649123835787 0.313375486724277 0.312479125086248 0.329152715270039 0.346066333913578 0.362742166575445 0.372666834035843 0.384043212613726 0.397953085174255 0.410778790612759 0.423105977513188 0.454530773582422 0.47558586674381 0.47443809258771 0.426526598979187 0.35189535143278 0.358249418374963 0.356093025306104 0.32087837468856 0.312273180849702 0.322123714142654 0.401552055184235 0.480616494471887 0.534508294156378 0.532066166089384 0.48250711236333 0.469367570304376 0.483165585607948 0.592854714146418 0.668858767734528 0.710992579093019 0.721087208920747 -9999 0.816818599668341 0.816818599668341 -9999 -9999 -9999 -9999 -9999 -9999 -9999 -9999 -9999 -9999 -9999 -9999 -9999 -9999 -9999 -9999 -9999
0.265992110511689 0.387874415221009 0.456142201501944 0.460477568893917 0.4054578268166 0.338768168519383 0.327705364770147 0.327561202145102 0.343116677438271 0.360560892025047 0.378525546291171 0.392686211372724 0.400273614639475 0.396389507456535 0.427152098826553 0.474036761597357 0.489608476660032 0.500266052469444 0.500401824251345 0.452368927676472 0.376813520465591 0.37330885627269 0.373389826210622 0.373855480930088 0.390455400305584 0.418245686641244 0.488015395045557 0.549278844350573 0.567058639564872 0.502687066794689 0.369605214933181 0.404713089533482 0.47866544100737 0.607282535659274 0.69405514851327 0.738753259928378 0.735610979446304 -9999 -9999 -9999 -9999 -9999 -9999 -9999 -9999 -9999 -9999 -9999 -9999 -9999 -9999 -9999 -9999 -9999 -9999 -9999 -9999
0.285373358106624 0.388861766695144 0.43837459728319 0.423524464934069 0.395008627945508 0.364023392017261 0.347987261367392 0.343535409919035 0.355740300544952 0.375047495056789 0.397132763005429 0.421845783730789 0.441623137210591 0.452786873892697 0.477886101438349 0.509467044625014 0.519794355838442 0.522397085084669 0.508460491071107 0.456293397490053 0.382282242886327 0.425192893148556 0.463278111281893 0.473561996776457 0.493605326197002 0.520417588766173 0.5753554565227 0.620745911674452 0.623862352757818 0.592310612780446 0.531762880956391 0.56052629446729 0.610603787187052 0.692826466010538 0.751154492302474 0.785456516858369 0.788572109270077 -9999 -9999 -9999 -9999 -9999 -9999 -9999 -9999 -9999 -9999 -9999 -9999 -9999 -9999 -9999 -9999 -9999 -9999 -9999 -9999
0.321209892858756 0.393869575551666 0.420275128514211 0.391525128765486 0.383705146283126 0.380612397897954 0.363933920123552 0.357711011346698 0.366521900789177 0.387249112738764 0.412700557888744 0.44386322328397 0.470492690991716 0.489210922830938 0.512750809290416 0.538529711708503 0.545898659840092 0.543625937838169 0.52070916030295 0.46019539651904 0.378199547196722 0.462773637375658 0.534934972402032 0.552699432668398 0.570987096731002 0.589637643304813 0.63314237980323 0.667032432388696 0.659543910905686 0.651103714748334 0.641867550926872 0.672324108835446 0.711547172353248 0.761852753815343 0.801548282413903 0.830575434555336 0.846881681086672 -9999 -9999 -9999 -9999 -9999 -9999 -9999 -9999 -9999 -9999 -9999 -9999 -9999 -9999 -9999 -9999 -9999 -9999 -9999 -9999
0.395207777025908 0.408987802144814 0.402679895614508 0.372418215023436 0.371123363509473 0.376957867523503 0.369771219232067 0.367743174199566 0.373132554321702 0.394223539682602 0.421224112053401 0.449247302280661 0.470003282540603 0.47807668945584 0.510205369936712 0.553523588569964 0.562822758860163 0.562872844901113 0.543119452267767 0.464751075033573 0.352891393344843 0.466447573537234 0.562547889102245 0.583276951083209 0.588614893363609 0.583277897489158 0.623291277176107 0.655622246220281 0.646123304169141 0.635536597520553 0.624040099459964 0.676333927031056 0.737193064049706 0.790803241268418 0.835575223353021 0.871460426634071 0.86856245161557 -9999 -9999 -9999 -9999 -9999 -9999 -9999 -9999 -9999 -9999 -9999 -9999 -9999 -9999 -9999 -9999 -9999 -9999 -9999 -9999
0.412562487765218 0.395659781003044 0.38698780758451 0.388130539348712 0.395459825536986 0.402882107778194 0.393441421676575 0.388703329117671 0.390726976875848 0.40949584168255 0.434251404815614 0.45358759003707 0.467906104369547 0.473467890968099 0.516119173792447 0.576021504896602 0.578977908577759 0.57757663477698 0.566845013153932 0.501118965852289 0.403970321304453 0.49500183555736 0.568847148296465 0.572791214914341 0.572571793550901 0.569464669565841 0.58844458177536 0.600278217042457 0.58011364388213 0.574886574890064 0.582153029810135 0.675260633389431 0.772413956787044 0.825873653608999 0.864915880688946 0.889461385014985 0.893961636968923 -9999 -9999 -9999 -9999 -9999 -9999 -9999 -9999 -9999 -9999 -9999 -9999 -9999 -9999 -9999 -9999 -9999 -9999 -9999 -9999
0.395521663506781 0.365058294228784 0.37245136960041 0.424986211566831 0.442214219051539 0.446767517557773 0.427940329747649 0.416299308104033 0.414991093038734 0.42980687711898 0.450013510780873 0.457294054581205 0.464832637330406 0.472821543919091 0.527169698955568 0.603076112461202 0.594666127842059 0.58952169951881 0.591369247127744 0.556804242958661 0.501433912884118 0.538664222123391 0.562204077315431 0.537370565592106 0.53608265537197 0.551125450438734 0.538419768094747 0.518256162193266 0.482170239024862 0.486860779386356 0.525656195396732 0.671100712701428 0.813449094445257 0.864660278829493 0.89141087769321 0.893566430891178 -9999 -9999 -9999 -9999 -9999 -9999 -9999 -9999 -9999 -9999 -9999 -9999 -9999 -9999 -9999 -9999 -9999 -9999 -9999 -9999 -9999
0.357096350839076 0.36202995503387 0.391992742308998 0.451801479227 0.477816612299683 0.490752807058102 0.471978129574078 0.46855170757597 0.487194153953 0.506221604520995 0.525432935400035 0.545473147083802 0.56311067287066 0.576555084622159 0.602251569975084 0.633642025256298 0.631942484145189 0.628774242878644 0.622461325726 0.551443135962466 0.443453786015539 0.487406213738684 0.520886687776021 0.507019292196975 0.508308178419432 0.520109124455356 0.541998796104916 0.557404779062603 0.547201642086078 0.575279603238952 0.635375350594609 0.740821708840839 0.842376871020834 0.89349645282873 0.918295973492409 0.91663075130583 -9999 -9999 -9999 -9999 -9999 -9999 -9999 -9999 -9999 -9999 -9999 -9999 -9999 -9999 -9999 -9999 -9999 -9999 -9999 -9999 -9999
0.336025095911151 0.366055325406535 0.411638511867842 0.475767759897072 0.513167023018469 0.538514229568985 0.521965832138519 0.526404959805561 0.561021518993845 0.586645339288983 0.608742892377198 0.627332847874659 0.641896430754645 0.649433277615732 0.654639964066166 0.658761849654003 0.663435573431425 0.662522677355763 0.64964810981723 0.552542114127008 0.407308145290004 0.461847233458737 0.506929700049868 0.501274342028949 0.500477524234997 0.503050481834569 0.565128317925875 0.620738565494641 0.633798857233429 0.675395515642248 0.740859600318644 0.803786617558092 0.865101143620512 0.920933636451132 0.954855537584004 0.966746404221906 -9999 -9999 -9999 -9999 -9999 -9999 -9999 -9999 -9999 -9999 -9999 -9999 -9999 -9999 -9999 -9999 -9999 -9999 -9999 -9999 -9999
0.368706150378624 0.385305293145977 0.425360124301731 0.49338459762408 0.54983047334467 0.597103717765333 0.587301434330564 0.595842437389204 0.630758788158334 0.668337416737894 0.703821181255572 0.675612957090215 0.646182913083217 0.614620576239584 0.630150381552798 0.667597390064983 0.674374311647871 0.675474006982721 0.664418030912448 0.583346199857966 0.462268859429232 0.527440790360197 0.577893837847129 0.565281044629026 0.548340493269538 0.528398305160599 0.634623068186919 0.731409406654455 0.752574296124723 0.776883255506051 0.803821871901884 0.83385208471791 0.872218198500612 0.946169819665752 0.979001603801683 0.9704875146488 -9999 -9999 -9999 -9999 -9999 -9999 -9999 -9999 -9999 -9999 -9999 -9999 -9999 -9999 -9999 -9999 -9999 -9999 -9999 -9999 -9999
0.383369960619892 0.428163184003106 0.464526867142653 0.490838778603615 0.556114253667073 0.626393085935017 0.633981022811751 0.651402875966931 0.682964668619488 0.705130747350877 0.720490810492136 0.667807810314183 0.628994368944177 0.614385773399678 0.649536059804453 0.707825426699538 0.675323735859951 0.647327853926591 0.628979488242439 0.579077773747449 0.51114717433881 0.554592857393622 0.586734045352654 0.574478632982539 0.564902660144521 0.557185086945469 0.646893851256769 0.733246773053591 0.774632729189228 0.805711113324162 0.828168385403407 0.870733304549473 0.917933051682382 0.971626594412648 0.998650081308305 0.998856906738112 -9999 -9999 -9999 -9999 -9999 -9999 -9999 -9999 -9999 -9999 -9999 -9999 -9999 -9999 -9999 -9999 -9999 -9999 -9999 -9999 -9999
0.384785709850007 0.488379956267573 0.522403388007167 0.473467378968055 0.540059894113256 0.634138106208099 0.666942863741572 0.696759542142152 0.722279737132042 0.708910075936761 0.67950663353637 0.618763232919674 0.596015260094619 0.63957606352595 0.701183171835749 0.771136333280288 0.668928027834943 0.588962764436305 0.556622714188823 0.549020566019905 0.55555310739704 0.553478936757819 0.549894591283711 0.543375136420432 0.558449379623573 0.588500531321884 0.617087910542936 0.655058998227843 0.725575248081589 0.781112235159836 0.824120771998748 0.912626140258501 0.992028825962676 0.997245569884662 0.999574637203331 0.999000154324197 -9999 -9999 -9999 -9999 -9999 -9999 -9999 -9999 -9999 -9999 -9999 -9999 -9999 -9999 -9999 -9999 -9999 -9999 -9999 -9999 -9999
0.400668698245898 0.517175104333933 0.570918592556571 0.549820689430635 0.572921094945441 0.609287176858741 0.649302359976385 0.684674275861751 0.713369755231335 0.706953873875331 0.6855243361512 0.624711022877073 0.588486374032248 0.59517331594584 0.660192496749074 0.752309002978589 0.651344328726149 0.579465196754464 0.569861950780256 0.609065934395824 0.676157288398076 0.677818196124813 0.67001427025708 0.645280462257545 0.648824461388947 0.671981318333839 0.746273522575563 0.813680934838839 0.839992355562769 0.868792181944762 0.899673276739597 0.953154405588096 0.999934897980759 0.999978259709149 1 1 -9999 -9999 -9999 -9999 -9999 -9999 -9999 -9999 -9999 -9999 -9999 -9999 -9999 -9999 -9999 -9999 -9999 -9999 -9999 -9999 -9999
0.413576136090438 0.536522053651113 0.608854411293608 0.620832831066214 0.607840614430583 0.593176341659439 0.633803200079897 0.670879532964354 0.702850654980482 0.704384784658526 0.692091673549642 0.628905169749598 0.578793760191834 0.551500714553979 0.611689250139867 0.712550819771865 0.629496527033999 0.580107192516376 0.60279886236844 0.682296649142719 0.794252193428622 0.797440886725513 0.787253944293878 0.755221200684625 0.754063036440615 0.77431879345075 0.879593883418003 0.961816750854258 0.936084326853097 0.940112936461961 0.969033266994782 0.986850276776283 1 1 1 1 -9999 -9999 -9999 -9999 -9999 -9999 -9999 -9999 -9999 -9999 -9999 -9999 -9999 -9999 -9999 -9999 -9999 -9999 -9999 -9999 -9999
0.409101268285696 0.534596159877627 0.611647820572319 0.630933543591121 0.62894731476575 0.623782170763369 0.648436316897345 0.675930421480942 0.707508030491022 0.70205696142599 0.680088425020003 0.602480366626264 0.549914653832415 0.541052286094292 0.575936271615137 0.631160125873579 0.596735602805671 0.596937081742674 0.671277283368483 0.76493349972784 0.869626459245877 0.844556825305866 0.824985233837688 0.836649210831099 0.871984149751561 0.923736741159504 0.958537874791522 0.967213892644472 0.892512930753149 0.901512110114224 0.980516941316933 0.99579780534957 1 1 1 1 -9999 -9999 -9999 -9999 -9999 -9999 -9999 -9999 -9999 -9999 -9999 -9999 -9999 -9999 -9999 -9999 -9999 -9999 -9999 -9999 -9999
0.402640415970383 0.52125603434485 0.600518159453527 0.632853368309602 0.638239241681687 0.63724015450842 0.650796601461596 0.668004427505308 0.690462479192622 0.690753089233267 0.680168444411656 0.615920891727026 0.567214656997072 0.545630785006053 0.548213494694239 0.562056072933827 0.597988201044398 0.639776829793724 0.694104979470761 0.786534679584052 0.900734762041381 0.837973622948421 0.797487751197246 0.839062623811849 0.890318453339839 0.948288779170939 0.953154837999287 0.938784990476127 0.876996259659389 0.897788630567008 0.987650703980631 1 1 1 1 -9999 -9999 -9999 -9999 -9999 -9999 -9999 -9999 -9999 -9999 -9999 -9999 -9999 -9999 -9999 -9999 -9999 -9999 -9999 -9999 -9999 -9999
0.394420890056579 0.49780812200141 0.577059028397937 0.627528669558337 0.63706868514221 0.635512993181516 0.642288772026204 0.648586853153128 0.654198064813611 0.671500544610814 0.690948710539152 0.664663857440861 0.625408222165641 0.563516266068958 0.527601802213352 0.503832362188538 0.629361217461668 0.705649412074903 0.676507020588138 0.75408618175859 0.892643675282847 0.783837551509521 0.712227421519553 0.771505256461158 0.820464408990343 0.862266753000387 0.873096637687408 0.880401690307855 0.886323238613606 0.924950522319025 0.990932435196566 1 1 1 -9999 -9999 -9999 -9999 -9999 -9999 -9999 -9999 -9999 -9999 -9999 -9999 -9999 -9999 -9999 -9999 -9999 -9999 -9999 -9999 -9999 -9999 -9999
0.420059177818731 0.498886940319953 0.559505082382834 0.598409235104787 0.596412663244479 0.583334551856816 0.578644409975715 0.592868958728447 0.634290462753229 0.654932226649268 0.664891065603394 0.614472798942951 0.583407904051101 0.586118083503661 0.575082394107019 0.557684310727121 0.655634324460044 0.719495021582402 0.710366108455125 0.749353982272421 0.815834722835458 0.744035567618259 0.706785567955772 0.779440086871183 0.8366826398915 0.883235796300291 0.912896275050858 0.936339304859289 0.944362096595513 0.964846164409876 0.995752672874584 1 1 1 -9999 -9999 -9999 -9999 -9999 -9999 -9999 -9999 -9999 -9999 -9999 -9999 -9999 -9999 -9999 -9999 -9999 -9999 -9999 -9999 -9999 -9999 -9999
0.447922806133557 0.49654115283897 0.534892228351969 0.561000137238436 0.54824674652389 0.525892268416769 0.520647261145143 0.546675109278775 0.617669405246598 0.637341492998056 0.634423280458095 0.560639019137011 0.531789142030943 0.581357753735451 0.602108380914507 0.609455978297542 0.66340602306437 0.707455714846388 0.730307477847657 0.739634985081197 0.741235031998533 0.719360534504121 0.72544227136087 0.809177004117881 0.873608541830504 0.924651812977808 0.967497982500232 1 1 1 1 1 1 1 -9999 -9999 -9999 -9999 -9999 -9999 -9999 -9999 -9999 -9999 -9999 -9999 -9999 -9999 -9999 -9999 -9999 -9999 -9999 -9999 -9999 -9999 -9999
0.456621989790881 0.455081952197742 0.469631690670481 0.503367618508092 0.497811110693762 0.487249075001804 0.540301669158485 0.580689829349312 0.602868120249488 0.612225944506468 0.614843406046381 0.577130592237943 0.521688850459918 0.435306977557497 0.465707648026926 0.550468082957082 0.583062532764968 0.612326904097328 0.63446114921431 0.680121383771267 0.739223847824555 0.757629537896439 0.793358831747395 0.880543044891192 0.937209112731275 0.972708474051237 0.988943435223111 1 1 1 1 1 1 1 -9999 -9999 -9999 -9999 -9999 -9999 -9999 -9999 -9999 -9999 -9999 -9999 -9999 -9999 -9999 -9999 -9999 -9999 -9999 -9999 -9999 -9999 -9999
0.453996329369748 0.432327780700641 0.431817284042312 0.456536622206327 0.464524764468821 0.47465237609391 0.553935977639738 0.598609846528445 0.593519256178802 0.599504085881988 0.60903490307428 0.606450497343565 0.539806702659711 0.36136788588773 0.388364849130117 0.510986590381503 0.538314486169398 0.572783761946381 0.622543650556787 0.701307772912367 0.796644272270946 0.803344652786489 0.827236240953844 0.908344413642337 0.959847412398163 0.990816921262198 0.997080247501891 1 1 1 1 1 1 -9999 -9999 -9999 -9999 -9999 -9999 -9999 -9999 -9999 -9999 -9999 -9999 -9999 -9999 -9999 -9999 -9999 -9999 -9999 -9999 -9999 -9999 -9999 -9999
0.439317995669956 0.429480779967227 0.4232129264053 0.42120134450712 0.449489864633822 0.489776137280058 0.561163284641535 0.599400780594089 0.589973231206704 0.599972439294903 0.617882835052701 0.649423190363224 0.587956232562413 0.364174978706658 0.37387554101624 0.492265145161835 0.531449544206352 0.592398688369935 0.699948950460619 0.808380608856514 0.917315877586934 0.856984428577554 0.824886858425755 0.889781280177161 0.938890862677851 0.9770524319044 0.991053094789664 1 1 1 1 1 -9999 -9999 -9999 -9999 -9999 -9999 -9999 -9999 -9999 -9999 -9999 -9999 -9999 -9999 -9999 -9999 -9999 -9999 -9999 -9999 -9999 -9999 -9999 -9999 -9999
0.406436674646651 0.413360562835072 0.414574135460591 0.408978465044164 0.428667630471361 0.461336840836647 0.54919540215173 0.599036574947581 0.594213506327382 0.602439812011417 0.61382371349348 0.589890059404118 0.527585295448684 0.398316123228891 0.430428168963337 0.537659738974692 0.572910001827436 0.612434142310636 0.661109204358654 0.780350292470631 0.93991124553094 0.874554767293831 0.824603703787637 0.844484482960046 0.876632815321387 0.917289649607927 0.96367531628495 1 1 1 1 -9999 -9999 -9999 -9999 -9999 -9999 -9999 -9999 -9999 -9999 -9999 -9999 -9999 -9999 -9999 -9999 -9999 -9999 -9999 -9999 -9999 -9999 -9999 -9999 -9999 -9999
