layers/veg_pts/veg1600.asc
NCOLS 255 
NROWS 330 
XLLCORNER -2985163.8955 
YLLCORNER -3022031.214 
CELLSIZE 25000 
NODATA_value -9999 
[rows 78 to 103 of 330, columns 0 to 59 of 255]
-9999 -9999 -9999 -9999 -9999 -9999 -9999 -9999 -9999 -9999 -9999 -9999 -9999 -9999 -9999 -9999 -9999 -9999 -9999 -9999 -9999 -9999 -9999 -9999 -9999 0.834845717665292 0.824523672499428 0.802539680300757 0.782992363764867 0.759193319538741 0.760139320236424 0.741050200166554 0.658289473550682 0.555401946422626 0.424548665669 0.31769743297046 0.355742149385273 0.461995137239893 0.506778859525453 0.554242073353345 0.557531489948537 0.54737608173613 0.535572201630976 0.522902488231004 0.512612874393743 0.504847233312273 0.500574272499697 0.501024356146465 0.505278211852155 0.510542276452364 0.517279447298841 0.527405607742341 0.540234380202731 0.554957234498396 0.572378010730779 0.595578289508802 0.618119283769966 0.634587223188603 0.65515885385502 0.678784246699073
-9999 -9999 -9999 -9999 -9999 -9999 -9999 -9999 -9999 -9999 -9999 -9999 -9999 -9999 -9999 -9999 -9999 -9999 -9999 -9999 -9999 -9999 -9999 -9999 -9999 0.833566793937848 0.824911783629396 0.799390678333046 0.790232343226337 0.775188981290458 0.7581568893694 0.716250235994021 0.552239567002944 0.387345667104508 0.346948566830094 0.36123571523589 0.496904204862552 0.533865217124606 0.53517036223986 0.565334117343715 0.568125642894705 0.556461850580661 0.545233931068831 0.533190163181955 0.52298985990678 0.515785778092181 0.511235193931066 0.510980935590511 0.513526156711427 0.517677142748749 0.525264476699622 0.536596632475157 0.549181886018038 0.563412257316993 0.580964053110308 0.600118500859633 0.620247146092654 0.637553286942462 0.657210925191718 0.680714060355223
-9999 -9999 -9999 -9999 -9999 -9999 -9999 -9999 -9999 -9999 -9999 -9999 -9999 -9999 -9999 -9999 -9999 -9999 -9999 -9999 -9999 -9999 -9999 -9999 -9999 -9999 0.827264296910582 0.799644772967689 0.791389009398422 0.773071198842653 0.755254777061743 0.66324328472732 0.464085716117532 0.330979419274833 0.370750147749233 0.37858171597477 0.494467744253308 0.537687255938169 0.570849699753708 0.580422784667549 0.574902568880286 0.563739023640101 0.553664202656416 0.54244948005011 0.533288456194076 0.526949304337524 0.52382336770209 0.523882714037084 0.526020451548585 0.52871121912494 0.533556986876242 0.54367446596543 0.556419222257144 0.568895238378247 0.584398920112774 0.602496395966992 0.623285485402986 0.639789855785728 0.65829054580283 0.682566837045683
-9999 -9999 -9999 -9999 -9999 -9999 -9999 -9999 -9999 -9999 -9999 -9999 -9999 -9999 -9999 -9999 -9999 -9999 -9999 -9999 -9999 -9999 -9999 -9999 -9999 -9999 -9999 -9999 0.781092068767632 0.774296700477919 0.753015906810417 0.617083236573859 0.424366683819668 0.403925637029609 0.379250896352011 0.375288709102605 0.510100621429692 0.518490128093928 0.530457672983377 0.563339877174642 0.577304051765829 0.569412530708421 0.560221054579856 0.549683299245691 0.541281820312523 0.535048697932578 0.531339703634948 0.529918615882478 0.531684907736751 0.535659478649635 0.540861399312199 0.550720524164064 0.562712997277061 0.574470875406466 0.590011201771073 0.607658499158473 0.626552381514082 0.643829895876883 0.662128498704374 0.684137717417702
-9999 -9999 -9999 -9999 -9999 -9999 -9999 -9999 -9999 -9999 -9999 -9999 -9999 -9999 -9999 -9999 -9999 -9999 -9999 -9999 -9999 -9999 -9999 -9999 -9999 -9999 -9999 -9999 -9999 0.765731488832072 0.732348949661623 0.608647508105922 0.420425348423729 0.455499407292936 0.376335533632555 0.42205279880425 0.504681114813999 0.475030566704307 0.490000316760662 0.560009804173626 0.577724548889741 0.57388888498959 0.566244615038096 0.556881802704325 0.549222513467816 0.543785306147398 0.540101892521619 0.538794459769856 0.540281767115831 0.543456037178962 0.548140194637087 0.557218909983646 0.568120784264803 0.581123326438521 0.59663621996024 0.612355931974418 0.630680186215392 0.648173590627375 0.663399160408203 0.686182030310152
-9999 -9999 -9999 -9999 -9999 -9999 -9999 -9999 -9999 -9999 -9999 -9999 -9999 -9999 -9999 -9999 -9999 -9999 -9999 -9999 -9999 -9999 -9999 -9999 -9999 -9999 -9999 -9999 0.771938352797096 0.763057147406806 0.73742790506111 0.688925133876599 0.587012763249357 0.419122601442737 0.402571227777506 0.46287899947339 0.499612321540309 0.504324573003522 0.532077134451384 0.559876137961539 0.567313826782068 0.578905553994356 0.573349549705755 0.565035055247174 0.557829702021599 0.552468319504513 0.548710983495067 0.547149719923955 0.54821346698136 0.55138506321754 0.555412566443859 0.563504193159882 0.57381035750032 0.586619670661001 0.601070961971038 0.616146056441056 0.633121680226862 0.649636024798334 0.664304657219431 0.686548958414601
-9999 -9999 -9999 -9999 -9999 -9999 -9999 -9999 -9999 -9999 -9999 -9999 -9999 -9999 -9999 -9999 -9999 -9999 -9999 -9999 -9999 -9999 -9999 -9999 -9999 -9999 -9999 0.784454845438229 0.769303449322307 0.747622435089458 0.697405565596069 0.611665923208767 0.458204601940751 0.414857486194002 0.414657966774036 0.470395037733594 0.481797583131975 0.48505946052972 0.531349740892487 0.547323488105736 0.588755112831384 0.582617833045967 0.57949776643565 0.572583425590695 0.566036367692848 0.56086225516694 0.557034262792382 0.555055223723908 0.555687816401745 0.558675473972915 0.562205398039336 0.57012279891107 0.580286085459826 0.592003462569223 0.605618649991034 0.620568418231758 0.636370347039435 0.651575748945273 0.664165965819066 0.686886871034021
-9999 -9999 -9999 -9999 -9999 -9999 -9999 -9999 -9999 -9999 -9999 -9999 -9999 -9999 -9999 -9999 -9999 -9999 -9999 -9999 -9999 -9999 -9999 -9999 -9999 -9999 0.788293072371138 0.780024031884963 0.75487101746227 0.719075947727577 0.678317143912259 0.632396271992228 0.507476922773296 0.449882298167839 0.457934993467306 0.488105537569339 0.491907112315957 0.488073600374004 0.527861681665874 0.563278130624561 0.593833532809298 0.586556970280841 0.584933612406474 0.580253092592133 0.574225043587709 0.569190388609103 0.56511348964056 0.562623329325533 0.562693802864284 0.566033662999572 0.568709936276404 0.575974069674896 0.585908116775935 0.597138404056274 0.609685252708704 0.624054185770107 0.639969801125627 0.655398139910747 0.665720932055877 0.686779812210885
-9999 -9999 -9999 -9999 -9999 -9999 -9999 -9999 -9999 -9999 -9999 -9999 -9999 -9999 -9999 -9999 -9999 -9999 -9999 -9999 -9999 -9999 -9999 -9999 -9999 -9999 0.781932819297944 0.760903499276508 0.737741331676949 0.70744153855048 0.644352269860534 0.602821499604039 0.549865766946066 0.458975966726159 0.414703050826625 0.466113013673094 0.530188969788023 0.556120697888206 0.557450448026504 0.59097273128464 0.59740033741269 0.596217933555959 0.593049467681274 0.587292786111228 0.581416939066717 0.576197895771311 0.572116235718208 0.569673111694377 0.56941733726944 0.572239746899683 0.575041564232536 0.581141254759793 0.589479334605614 0.599735264222273 0.612053560326657 0.625993371277943 0.641458652210494 0.657615800544375 0.669073844396338 0.685698938354117
-9999 -9999 -9999 -9999 -9999 -9999 -9999 -9999 -9999 -9999 -9999 -9999 -9999 -9999 -9999 -9999 -9999 -9999 -9999 -9999 -9999 -9999 -9999 -9999 -9999 0.791083216296628 0.776573134797867 0.740321636265851 0.734360288347389 0.724023315911759 0.652426071351199 0.602588423777527 0.533406842065523 0.449934789767827 0.433275371818949 0.489474961996386 0.534996671053137 0.586122561131388 0.582120879853296 0.603758237587072 0.587327375669625 0.591471938883507 0.598120941958838 0.593889457059266 0.587727908462592 0.581540551022871 0.578194726483318 0.576078972125027 0.575798355700318 0.577436562782465 0.580004797599164 0.585241592805302 0.592850414310127 0.60249156279805 0.614026040249116 0.62687219333689 0.642500610620415 0.658155985180352 0.669381508385933 0.683806680886952
-9999 -9999 -9999 -9999 -9999 -9999 -9999 -9999 -9999 -9999 -9999 -9999 -9999 -9999 -9999 -9999 -9999 -9999 -9999 -9999 -9999 -9999 -9999 -9999 -9999 0.795149707140878 0.773939244305721 0.742103440495143 0.754225164017291 0.733500227621447 0.669216241354369 0.607849693318516 0.526253891165005 0.468102583319425 0.494231469228732 0.516833937928566 0.505135263316451 0.542655744545334 0.575711360871263 0.604672282701012 0.579690385048244 0.582922088700752 0.602665414021438 0.599455580006289 0.594031954614176 0.588478310934926 0.584046184598828 0.581430480501619 0.580541797215198 0.581352195186677 0.583366229990819 0.587992904992259 0.594967982615389 0.603524485037738 0.614687002566316 0.627883121495677 0.642736068982195 0.657876216035603 0.667358619424174 0.682295710450008
-9999 -9999 -9999 -9999 -9999 -9999 -9999 -9999 -9999 -9999 -9999 -9999 -9999 -9999 -9999 -9999 -9999 -9999 -9999 -9999 -9999 -9999 -9999 -9999 -9999 0.802370160936083 0.763752515858938 0.766545652258439 0.760702287394371 0.737517187699161 0.650944617367308 0.566295032169435 0.513288629974213 0.502047569328829 0.552898237484962 0.53000746701955 0.493478205020361 0.552045341716789 0.593239134379932 0.609160021669354 0.582206406245186 0.558572618586951 0.568094202399635 0.602071117749483 0.596594520020926 0.588225208471148 0.584533790526963 0.583114001546282 0.583288776337691 0.583740953619312 0.585020815850631 0.589455396423436 0.596796686532417 0.605152654833166 0.616054383539442 0.629104334074624 0.643339979017824 0.658437947896255 0.667983512322031 0.682169590182413
-9999 -9999 -9999 -9999 -9999 -9999 -9999 -9999 -9999 -9999 -9999 -9999 -9999 -9999 -9999 -9999 -9999 -9999 -9999 -9999 -9999 -9999 -9999 -9999 -9999 0.811301086105399 0.783694599563104 0.779487663775197 0.766799952929766 0.749170134386501 0.653703080848816 0.553015400436266 0.515249337852716 0.460687045207817 0.531514680259995 0.516322601172774 0.501199890604039 0.541994816805101 0.585388738595656 0.58960747696557 0.56388367960442 0.533632329681238 0.530107809299722 0.572178632796236 0.582084470054015 0.589280501603605 0.585414053003559 0.583860599028372 0.585542331969222 0.585272681712815 0.584644721870254 0.58872827555988 0.598185708279262 0.606740777552271 0.617403083342971 0.62965558377767 0.642745415463566 0.65736590911755 0.668198393778552 0.680858769834421
-9999 -9999 -9999 -9999 -9999 -9999 -9999 -9999 -9999 -9999 -9999 -9999 -9999 -9999 -9999 -9999 -9999 -9999 -9999 -9999 -9999 -9999 -9999 -9999 -9999 0.810027153725234 0.793158366900996 0.782048513717516 0.765096759549382 0.746139745041874 0.70869190864942 0.652120965971853 0.59361812513702 0.410477554756433 0.491258897895922 0.519842361314818 0.543210887438748 0.577084003483579 0.559976017403961 0.510620581148079 0.502216629288884 0.509482101519304 0.519091490267887 0.534240087623314 0.534603874186292 0.535800520611503 0.573198263303136 0.588677769014935 0.587518657503266 0.586083416786947 0.583995018974045 0.587577828452965 0.598972681170053 0.607784949667932 0.617802336234666 0.629579001943857 0.642641506129076 0.656719931188846 0.667883362120422 0.67939500026604
-9999 -9999 -9999 -9999 -9999 -9999 -9999 -9999 -9999 -9999 -9999 -9999 -9999 -9999 -9999 -9999 -9999 -9999 -9999 -9999 -9999 -9999 -9999 -9999 -9999 0.806787407553727 0.792101210042246 0.782644195222271 0.768637716330907 0.745105982178301 0.719959869784577 0.695544656854616 0.665756137134679 0.464582916564792 0.485360924774564 0.481688920164954 0.53103492401404 0.585154330724581 0.523458524359283 0.425739846860701 0.47142959293845 0.474313283358862 0.50522622624932 0.531930838995416 0.522900536803198 0.497121233838643 0.54880478703679 0.590870952811492 0.59091334902661 0.588591099234875 0.587518170227663 0.590535545695144 0.599747139332463 0.608480132674601 0.617880725487077 0.628974268570243 0.641652588080859 0.65449906679851 0.665559223992521 0.677225103013049
-9999 -9999 -9999 -9999 -9999 -9999 -9999 -9999 -9999 -9999 -9999 -9999 -9999 -9999 -9999 -9999 -9999 -9999 -9999 -9999 -9999 -9999 -9999 -9999 -9999 0.810836196241723 0.793211506562921 0.7829783491659 0.773874773696404 0.752257589533598 0.730901752714894 0.713680699987357 0.676151946436042 0.544158809604197 0.494731938564371 0.465468118606293 0.5228979914876 0.557726497036034 0.49360778003029 0.471088008382286 0.449480550643232 0.38334794955711 0.438865600793851 0.511843212816881 0.526485206419722 0.511426982235913 0.541966277421132 0.581010197659577 0.593305636302274 0.591959125220472 0.59142452991147 0.590603156355275 0.600889198863609 0.608823407110055 0.617499570574407 0.627099475941485 0.638237575554074 0.650005552152841 0.660806143512046 0.672114731007159
-9999 -9999 -9999 -9999 -9999 -9999 -9999 -9999 -9999 -9999 -9999 -9999 -9999 -9999 -9999 -9999 -9999 -9999 -9999 -9999 -9999 -9999 -9999 -9999 -9999 0.812102039127269 0.793430208915994 0.780935070311416 0.776755640278963 0.759502837689842 0.740843432307416 0.72233484332411 0.702728840943777 0.59718565716455 0.489949345847525 0.481023309353147 0.538729714081875 0.556456003946493 0.546760805145922 0.459651660007801 0.435379985992682 0.368084044078156 0.323372360430686 0.423720018727822 0.487837444747929 0.516409417979695 0.545260721822623 0.561840224359352 0.568227446928624 0.587607775951208 0.59380418868584 0.588358217021491 0.600172973364561 0.608532012450429 0.616208958026318 0.624036470406525 0.633607336998816 0.645444305443037 0.657297069373291 0.669149955397707
-9999 -9999 -9999 -9999 -9999 -9999 -9999 -9999 -9999 -9999 -9999 -9999 -9999 -9999 -9999 -9999 -9999 -9999 -9999 -9999 -9999 -9999 -9999 -9999 -9999 -9999 0.796459247288523 0.782869543699575 0.777819225954068 0.763073040140907 0.747106723005224 0.720692413169415 0.708466757408296 0.581365832088894 0.469435959624008 0.47431648454569 0.515218499012549 0.50009164278699 0.52729369706607 0.468890333855977 0.396115884368363 0.386410460415215 0.411086228435077 0.437326426961213 0.456357004821248 0.502092893150493 0.553573438006636 0.550553559135829 0.544774163778237 0.576471359666475 0.590695449370998 0.590628096341243 0.599105621742171 0.607365015375998 0.614893808032228 0.621400705490873 0.628656801784693 0.637047540021132 0.647443544146847 0.664650393184084
-9999 -9999 -9999 -9999 -9999 -9999 -9999 -9999 -9999 -9999 -9999 -9999 -9999 -9999 -9999 -9999 -9999 -9999 -9999 -9999 -9999 -9999 -9999 -9999 -9999 -9999 -9999 0.790270108917854 0.779185702102139 0.765220710235533 0.7511583402807 0.732217108439582 0.718595340539019 0.667537645636577 0.571341420227676 0.464954496571903 0.455724560643998 0.418141218823596 0.424221459967685 0.462043620546662 0.408022184656727 0.393618963685688 0.44418552975023 0.485280942354154 0.49621034415398 0.533904867674013 0.57704014805834 0.566235831994269 0.555748141948031 0.545026000288958 0.5261865697646 0.550182080290056 0.586922689496953 0.606242338842336 0.612514977244734 0.617590179562532 0.623826253115082 0.629725745791048 0.639579363181312 0.654634179378964
-9999 -9999 -9999 -9999 -9999 -9999 -9999 -9999 -9999 -9999 -9999 -9999 -9999 -9999 -9999 -9999 -9999 -9999 -9999 -9999 -9999 -9999 -9999 -9999 -9999 -9999 -9999 -9999 -9999 0.7636603553678 0.754008117472808 0.740062201959722 0.725886409533268 0.694067797655047 0.61532221902671 0.512235865423624 0.53351616592664 0.373236004697513 0.351088882503299 0.401352107915236 0.42352604022919 0.387834398829712 0.400176052517251 0.471113486932161 0.509086025292485 0.547054302604779 0.583107235975464 0.594864873406576 0.578063724026079 0.54493700253282 0.52601016431648 0.558763531382549 0.591903242650153 0.601868012363927 0.599986967113657 0.601131479606814 0.616885737060348 0.633470479598554 0.643392253076785 0.642913159756516
-9999 -9999 -9999 -9999 -9999 -9999 -9999 -9999 -9999 -9999 -9999 -9999 -9999 -9999 -9999 -9999 -9999 -9999 -9999 -9999 -9999 -9999 -9999 -9999 -9999 -9999 -9999 -9999 -9999 -9999 -9999 0.732349982449339 0.72683425075208 0.708270044849014 0.67758499810594 0.603140837929162 0.417943450366391 0.341810200386165 0.329092665338094 0.354366463181612 0.41796476578044 0.395095242374389 0.362467873416773 0.44039832996813 0.524138270363653 0.592625176233442 0.59567845395351 0.583721549663572 0.564932510184947 0.56313824012914 0.565892651260932 0.58214626192582 0.595813619013987 0.600670138746332 0.603580097344563 0.607080774948224 0.61286755664607 0.627234342651936 0.636660065948827 0.637659801436052
-9999 -9999 -9999 -9999 -9999 -9999 -9999 -9999 -9999 -9999 -9999 -9999 -9999 -9999 -9999 -9999 -9999 -9999 -9999 -9999 -9999 -9999 -9999 -9999 -9999 -9999 -9999 -9999 -9999 -9999 -9999 -9999 0.727915869269424 0.716539881420202 0.683655827067767 0.624633665099011 0.511470154322028 0.483798161842346 0.394909118143257 0.366730771912652 0.42537660499095 0.442776546069828 0.385928069980566 0.452973421212253 0.510880670358233 0.568392838768838 0.602355402138649 0.572908336433478 0.54250930012333 0.558065282190016 0.580352371798932 0.588516766588906 0.591660994791383 0.600465295294954 0.605448272220326 0.608300125148543 0.615541269509766 0.626342564628211 0.635944058973534 0.642437680774201
-9999 -9999 -9999 -9999 -9999 -9999 -9999 -9999 -9999 -9999 -9999 -9999 -9999 -9999 -9999 -9999 -9999 -9999 -9999 -9999 -9999 -9999 -9999 -9999 -9999 -9999 -9999 -9999 -9999 -9999 -9999 -9999 -9999 0.725042970261058 0.692292920614474 0.587301402980816 0.530854853142422 0.454410390772772 0.372160845679262 0.368725517268248 0.416501474038488 0.452473615395841 0.419266776520624 0.386844624951965 0.486068959639952 0.499833681347124 0.558317633619476 0.567159041293672 0.5392358950435 0.535750105390744 0.561015898210132 0.584834263076804 0.586523631449582 0.597255099899208 0.604711612599666 0.609888649473625 0.616438827742678 0.625165028049991 0.634619565566581 0.639937764386444
-9999 -9999 -9999 -9999 -9999 -9999 -9999 -9999 -9999 -9999 -9999 -9999 -9999 -9999 -9999 -9999 -9999 -9999 -9999 -9999 -9999 -9999 -9999 -9999 -9999 -9999 -9999 -9999 -9999 -9999 -9999 -9999 -9999 -9999 0.701268122166638 0.620481035349893 0.589620007176101 0.558336766977827 0.517134494407664 0.470254159989356 0.367447207392968 0.33052000820244 0.424112259042969 0.326548802952624 0.413498317239554 0.423688144225644 0.517304408500253 0.541345922509032 0.521453421585622 0.501256555330351 0.521196617149936 0.586059122357175 0.585200167811191 0.589648104433738 0.599962728546109 0.608050654927715 0.615174279466123 0.62264051288058 0.632355707334661 0.640983120397001
-9999 -9999 -9999 -9999 -9999 -9999 -9999 -9999 -9999 -9999 -9999 -9999 -9999 -9999 -9999 -9999 -9999 -9999 -9999 -9999 -9999 -9999 -9999 -9999 -9999 -9999 -9999 -9999 -9999 -9999 -9999 -9999 -9999 -9999 0.705702725545431 0.674613862199659 0.654487300509677 0.609558634146593 0.486275297251401 0.355385226054063 0.315428548267572 0.316260188307965 0.369350466921991 0.350190899715905 0.34269691287876 0.361308885591952 0.456497996318654 0.518957681509132 0.519677616610336 0.490409661272457 0.498157128595551 0.582630765423735 0.580013203823918 0.582506286738167 0.593731320422342 0.602557621776341 0.61188886063083 0.620672085763309 0.630064082143408 0.636955523240243
-9999 -9999 -9999 -9999 -9999 -9999 -9999 -9999 -9999 -9999 -9999 -9999 -9999 -9999 -9999 -9999 -9999 -9999 -9999 -9999 -9999 -9999 -9999 -9999 -9999 -9999 -9999 -9999 -9999 -9999 -9999 -9999 -9999 -9999 -9999 -9999 0.684900786209081 0.643277477396882 0.505410273886821 0.344422711054869 0.345945725355433 0.266093206184803 0.323383679570589 0.332581800785298 0.316274280967714 0.327653627359298 0.396792051953278 0.490878949767761 0.540255432794762 0.524294578988808 0.501273538437949 0.575991274047305 0.574693269340498 0.580764290284282 0.589059000642663 0.596903445072923 0.607366335861109 0.617939293870986 0.627845550213619 0.635278576827723
