layers/veg_pts/veg1400.asc
NCOLS 255 
NROWS 330 
XLLCORNER -2985163.8955 
YLLCORNER -3022031.214 
CELLSIZE 25000 
NODATA_value -9999 
[rows 81 to 107 of 330, columns 0 to 59 of 255]
-9999 -9999 -9999 -9999 -9999 -9999 -9999 -9999 -9999 -9999 -9999 -9999 -9999 -9999 -9999 -9999 -9999 -9999 -9999 -9999 -9999 -9999 -9999 -9999 -9999 -9999 -9999 -9999 0.920138170139694 0.911865995886596 0.888611909540167 0.754479698854636 0.564987972261684 0.541151058761734 0.513720117448474 0.502742573624811 0.623943915609415 0.622629984874111 0.625104257970691 0.649032972693923 0.656172239424165 0.643708579016004 0.631651244915991 0.61758744650342 0.606169232287478 0.597401614480133 0.591443077314701 0.588051851681724 0.588022114998928 0.5905368896508 0.594589457483169 0.602947957398996 0.613507300798198 0.624012021492525 0.638270365849637 0.654675459406697 0.672377824441613 0.68868567688155 0.706070065234289 0.727012866618192
-9999 -9999 -9999 -9999 -9999 -9999 -9999 -9999 -9999 -9999 -9999 -9999 -9999 -9999 -9999 -9999 -9999 -9999 -9999 -9999 -9999 -9999 -9999 -9999 -9999 -9999 -9999 -9999 -9999 0.904607166553937 0.871121448468754 0.749862421881034 0.565262683005384 0.595162419476508 0.515358050351648 0.551926756879115 0.622423063207382 0.584032929793357 0.58893314887246 0.648078599901176 0.658381483937587 0.64928579107149 0.63868788838046 0.625592962998996 0.614736232437533 0.606608688618015 0.600605221629389 0.59727937193535 0.596972486036699 0.598662223088273 0.60225776148259 0.609873438194215 0.619410305932987 0.631136321230512 0.645397612176928 0.65997786102641 0.677169920265541 0.693703750590641 0.708167977221946 0.729895952554374
-9999 -9999 -9999 -9999 -9999 -9999 -9999 -9999 -9999 -9999 -9999 -9999 -9999 -9999 -9999 -9999 -9999 -9999 -9999 -9999 -9999 -9999 -9999 -9999 -9999 -9999 -9999 -9999 0.91458057888795 0.904919952375092 0.878225358941745 0.829425762194435 0.728623518198526 0.563533316692836 0.544307556497873 0.595269113399365 0.621378798561685 0.615861602210589 0.632773045560565 0.650768670399822 0.650608724795809 0.655654583054188 0.646885485012898 0.634639036683166 0.623984434740563 0.615758873587715 0.609586009410475 0.60594794729527 0.605204086076425 0.606828901740507 0.60983711031971 0.6165179329613 0.625495710110829 0.637048442965682 0.650308910661506 0.66429251381085 0.680215473675441 0.695819820632362 0.709778025751452 0.731018731861388
-9999 -9999 -9999 -9999 -9999 -9999 -9999 -9999 -9999 -9999 -9999 -9999 -9999 -9999 -9999 -9999 -9999 -9999 -9999 -9999 -9999 -9999 -9999 -9999 -9999 -9999 -9999 0.930013001282252 0.913886503990534 0.891443581071781 0.841573120402009 0.7573069015942 0.607475454283825 0.563031161499843 0.559792097135119 0.6065675725443 0.607923154705371 0.600656902067366 0.635083203148078 0.641220597470093 0.673320661936788 0.66081434994615 0.65399577811012 0.642989546917655 0.63273203115445 0.624513058691111 0.61817615081846 0.614069834244054 0.612883607263532 0.614271016243207 0.616822799912331 0.623377513295893 0.632227910956777 0.642740010110683 0.655215292043762 0.66910056970316 0.683921086275619 0.69828000013742 0.71026276790349 0.731993552026523
-9999 -9999 -9999 -9999 -9999 -9999 -9999 -9999 -9999 -9999 -9999 -9999 -9999 -9999 -9999 -9999 -9999 -9999 -9999 -9999 -9999 -9999 -9999 -9999 -9999 -9999 0.934589523939286 0.926055978831724 0.900697125677479 0.86508292780086 0.824497293071412 0.778781962421224 0.656668127799295 0.599044188492875 0.603909402135393 0.62642480200718 0.620314468119081 0.606069176991062 0.634040233088859 0.658596497363301 0.679917265909724 0.666011135971288 0.660155494397873 0.65124976948527 0.641286668014459 0.633049187753265 0.626395255052167 0.621745446759544 0.62000181169229 0.621695963346088 0.623419284772586 0.629391609680154 0.638037757805079 0.64809067355976 0.659552047631126 0.672894803411137 0.687848052763363 0.702435416388759 0.712253274860972 0.732413750554804
-9999 -9999 -9999 -9999 -9999 -9999 -9999 -9999 -9999 -9999 -9999 -9999 -9999 -9999 -9999 -9999 -9999 -9999 -9999 -9999 -9999 -9999 -9999 -9999 -9999 -9999 0.928973835539125 0.908055180288585 0.884759492705444 0.854461761994377 0.792367126612374 0.750826194993807 0.697869319084012 0.607739339320404 0.562064796261188 0.605897910489473 0.658433828629428 0.673147706876212 0.664109744821926 0.686779845852716 0.684693933643539 0.676383549549153 0.668579088823685 0.658672294567066 0.648678261284077 0.640131306997233 0.633415070326774 0.628775947584824 0.626716826904149 0.627936047850013 0.629723294959489 0.634617646022804 0.641732581335043 0.650863600354568 0.662125606505715 0.6750730887952 0.689616537584496 0.704923540625546 0.71585425565743 0.731773857594451
-9999 -9999 -9999 -9999 -9999 -9999 -9999 -9999 -9999 -9999 -9999 -9999 -9999 -9999 -9999 -9999 -9999 -9999 -9999 -9999 -9999 -9999 -9999 -9999 -9999 0.938293618950089 0.923877141134785 0.888305258408555 0.88158084460823 0.870487665994006 0.800114736845229 0.750422714846021 0.68153413568169 0.59801571705929 0.578369099391672 0.627534368264591 0.663074463838393 0.702591086139263 0.688646262876524 0.699979924699033 0.675732279100417 0.672382487646201 0.673633185898078 0.665269667211967 0.654925792367303 0.645367287572052 0.639345047099313 0.635021026116094 0.632986599094163 0.633073960665145 0.634590149178282 0.638700112460369 0.645123554108904 0.653672721946214 0.664204481475038 0.676120841030221 0.690841498376321 0.705683733270669 0.716395222882589 0.730212549215854
-9999 -9999 -9999 -9999 -9999 -9999 -9999 -9999 -9999 -9999 -9999 -9999 -9999 -9999 -9999 -9999 -9999 -9999 -9999 -9999 -9999 -9999 -9999 -9999 -9999 0.942005158942286 0.921053567840608 0.889777267147326 0.900402079609033 0.879190756704485 0.815712124226563 0.754675280661947 0.673505055253386 0.614010868987986 0.635138502258936 0.652333096195676 0.633284074510551 0.660245049956787 0.682423815325263 0.701022968995682 0.668539472929017 0.66424936679439 0.67779251951042 0.67053546613871 0.660862045735101 0.65191396080151 0.644887397454921 0.640174056582917 0.637570453410097 0.636881659387147 0.637826723793843 0.641393139356816 0.647212691104602 0.654719177029798 0.664898984846789 0.677162973284621 0.691156373810789 0.705523913288306 0.714559595867177 0.728892546560989
-9999 -9999 -9999 -9999 -9999 -9999 -9999 -9999 -9999 -9999 -9999 -9999 -9999 -9999 -9999 -9999 -9999 -9999 -9999 -9999 -9999 -9999 -9999 -9999 -9999 0.948561295188303 0.910600491068385 0.912620394610314 0.905886626880603 0.882167451233989 0.797030136378672 0.713311695127805 0.659422150969376 0.6448563709829 0.689406834435994 0.663067456507002 0.620364242055164 0.668181226961239 0.69875063641566 0.705103643248064 0.67083548037102 0.640689173266315 0.644136632567178 0.672880583978593 0.663151213548023 0.651490208225395 0.645267193627038 0.641706322873237 0.640123875864002 0.639098857157764 0.639294084854173 0.642711812076291 0.648892077370582 0.65621445677641 0.666161965879023 0.678307894192606 0.691747264555607 0.706109239426399 0.715216370054744 0.728849706231263
-9999 -9999 -9999 -9999 -9999 -9999 -9999 -9999 -9999 -9999 -9999 -9999 -9999 -9999 -9999 -9999 -9999 -9999 -9999 -9999 -9999 -9999 -9999 -9999 -9999 0.956299683758052 0.928907023634357 0.924080407485293 0.910672450542 0.892202071179982 0.798389551236147 0.699085459809943 0.659785297679859 0.603408363353322 0.667000287723926 0.648303796209903 0.626601975834141 0.657682127227437 0.690596072497014 0.685764441127181 0.652668983360842 0.616103730960064 0.606699347750725 0.643368310540138 0.648464717094167 0.651925677001737 0.645598255072263 0.64202397925764 0.641960557447472 0.640294287836213 0.638638742950826 0.641768006361262 0.650010068986114 0.657544851649845 0.667288897339444 0.678707121288935 0.691068443449631 0.705000952653884 0.715373377910407 0.727557633861668
-9999 -9999 -9999 -9999 -9999 -9999 -9999 -9999 -9999 -9999 -9999 -9999 -9999 -9999 -9999 -9999 -9999 -9999 -9999 -9999 -9999 -9999 -9999 -9999 -9999 0.954103997412489 0.937141052257456 0.925650093194466 0.90813982558264 0.888323185123905 0.850259562317568 0.793206020099153 0.73367415706669 0.553136622496196 0.625906967397939 0.6490865269673 0.664767231757284 0.689363762198403 0.664333651701291 0.608159786092029 0.591906087975778 0.591587077582299 0.594685941463568 0.605611498322596 0.601703649424563 0.599511986681061 0.633060729943569 0.646040070052916 0.643358922944805 0.640637078611606 0.637570835487581 0.640264168344777 0.6503989301767 0.658206112467783 0.667371477481447 0.67836375631773 0.690727438882524 0.704168307663924 0.714877868187374 0.725986099823276
-9999 -9999 -9999 -9999 -9999 -9999 -9999 -9999 -9999 -9999 -9999 -9999 -9999 -9999 -9999 -9999 -9999 -9999 -9999 -9999 -9999 -9999 -9999 -9999 -9999 0.950175459292308 0.935246534066147 0.925056483457477 0.910054273701886 0.885569067627424 0.85914210395053 0.832853880755237 0.800787398715615 0.602600087386992 0.617375758425534 0.609238785313951 0.650332876845035 0.694670519848167 0.626948895361114 0.524439251160711 0.560457211124306 0.556015335815449 0.579519772061386 0.601716840486798 0.589049226650118 0.561014400007041 0.608487094051407 0.647267652264468 0.645883563419361 0.642416039234784 0.640343179114496 0.642543395717675 0.650613504872858 0.658396720885104 0.667009054412621 0.677384856866424 0.689416083867454 0.701708009566376 0.712345095053741 0.723623221681428
-9999 -9999 -9999 -9999 -9999 -9999 -9999 -9999 -9999 -9999 -9999 -9999 -9999 -9999 -9999 -9999 -9999 -9999 -9999 -9999 -9999 -9999 -9999 -9999 -9999 0.953463410442961 0.935805464097828 0.924464238801837 0.913306948879116 0.890472588154891 0.867500298936739 0.847944191404765 0.808139029979866 0.67641145837888 0.623417001556448 0.590363033533529 0.639587838958253 0.66549595655778 0.595634160376937 0.565750309270228 0.537065958946711 0.466229052724503 0.513633800782693 0.580298435202511 0.590759077987677 0.573246054763332 0.600549411835545 0.636649457357431 0.647254706204454 0.644831680418358 0.643320735787205 0.641874714713246 0.651038251715492 0.658104792813435 0.666064121668227 0.675049035516554 0.685639237898895 0.696933685064992 0.707352683282393 0.718305269869216
-9999 -9999 -9999 -9999 -9999 -9999 -9999 -9999 -9999 -9999 -9999 -9999 -9999 -9999 -9999 -9999 -9999 -9999 -9999 -9999 -9999 -9999 -9999 -9999 -9999 0.949274928148348 0.930298433526746 0.917968328160219 0.914094425416547 0.895267163700698 0.874693883684482 0.853612931892196 0.830880007520741 0.724502054976113 0.615703665256049 0.6019813747437 0.651795822375725 0.661341731725213 0.644069944808632 0.552085122143491 0.520911958451145 0.449162811187109 0.400099888259372 0.49300260565281 0.551438489307793 0.576170501103016 0.60207119282601 0.616786799377894 0.621920189151973 0.639573879405513 0.644588223354466 0.638755940838793 0.649490045759878 0.657035012828779 0.664094141754635 0.671433959749332 0.680569101883714 0.691980969230754 0.703456134612187 0.714954052772778
-9999 -9999 -9999 -9999 -9999 -9999 -9999 -9999 -9999 -9999 -9999 -9999 -9999 -9999 -9999 -9999 -9999 -9999 -9999 -9999 -9999 -9999 -9999 -9999 -9999 -9999 0.933282540182211 0.918866479697562 0.912974164410677 0.896366933282152 0.878144999012393 0.849257014933867 0.833447136161835 0.706187958180542 0.592775236876445 0.592078477938406 0.626008366427002 0.603980102488897 0.622365435794094 0.558133808624122 0.480347960823258 0.464134517780553 0.482024617988198 0.503410561038734 0.518694401191752 0.56018711873276 0.608130941896185 0.604239169576409 0.597912213643233 0.627550416684635 0.640398896349155 0.639796357698529 0.647434697421093 0.654995435186015 0.662019178394102 0.668183650350508 0.675170362843821 0.683332654824461 0.693465712884907 0.710154949952887
-9999 -9999 -9999 -9999 -9999 -9999 -9999 -9999 -9999 -9999 -9999 -9999 -9999 -9999 -9999 -9999 -9999 -9999 -9999 -9999 -9999 -9999 -9999 -9999 -9999 -9999 -9999 0.924738700361348 0.912839086202411 0.89651433613484 0.879505901345067 0.857499722166954 0.840177095711655 0.786083695325566 0.68776335908717 0.579573344903707 0.565501312674563 0.521897923978188 0.520005532936728 0.548594924421583 0.488948969366349 0.468222407509456 0.511094149165298 0.546692234374267 0.554528863248273 0.588589723152621 0.628789981090985 0.617698656144681 0.607119982995606 0.596071554772957 0.577226685384487 0.599894055024598 0.634891200635185 0.653199409179464 0.659066639405693 0.663874302406868 0.669900110150222 0.675683587251689 0.685317662943428 0.699927656009067
-9999 -9999 -9999 -9999 -9999 -9999 -9999 -9999 -9999 -9999 -9999 -9999 -9999 -9999 -9999 -9999 -9999 -9999 -9999 -9999 -9999 -9999 -9999 -9999 -9999 -9999 -9999 -9999 -9999 0.893237422654222 0.881262016384711 0.863080409673104 0.844152096160714 0.808509750784278 0.72693932677587 0.621652113963337 0.637450435084892 0.475822669846928 0.446960070644535 0.487778662434945 0.501738010681685 0.460606139824343 0.466742514305531 0.531041720773357 0.565122661291361 0.599488379836851 0.632890794163936 0.643594933762455 0.626988583019394 0.594484210843658 0.575667853694588 0.606811781585184 0.638416872395107 0.647790521116393 0.645884230059728 0.647011367310835 0.662291890398517 0.678441686110335 0.688207074477248 0.687875428442503
-9999 -9999 -9999 -9999 -9999 -9999 -9999 -9999 -9999 -9999 -9999 -9999 -9999 -9999 -9999 -9999 -9999 -9999 -9999 -9999 -9999 -9999 -9999 -9999 -9999 -9999 -9999 -9999 -9999 -9999 -9999 0.849077336563312 0.842192789754299 0.820013270031968 0.784899813854325 0.707119907282882 0.524082494822514 0.443559347085651 0.423700192622867 0.440349760538339 0.494096614499973 0.465117588865679 0.427717742912023 0.498459833385148 0.576719882113193 0.640673865320101 0.642476863565757 0.630509237635372 0.612120844450395 0.610044053775416 0.612337265402276 0.627716597543586 0.640695674848597 0.645287290281107 0.648118903929383 0.651623645751678 0.657401093402369 0.67149130509759 0.680843080757102 0.681970939889651
-9999 -9999 -9999 -9999 -9999 -9999 -9999 -9999 -9999 -9999 -9999 -9999 -9999 -9999 -9999 -9999 -9999 -9999 -9999 -9999 -9999 -9999 -9999 -9999 -9999 -9999 -9999 -9999 -9999 -9999 -9999 -9999 0.841693446143006 0.82605994492583 0.787941840851005 0.724734290347884 0.610786105345341 0.577298137196668 0.484141098525695 0.449377977405676 0.498405372932971 0.508190414454378 0.447369280170995 0.507442848863138 0.561009833224871 0.614596401867381 0.646394422661747 0.617662023334393 0.588205594461371 0.603041292309201 0.624360983960223 0.632096016540151 0.635066398341761 0.64361063110091 0.648570621802033 0.651564958333239 0.658842950411131 0.669583559588843 0.679172973666941 0.685639891522808
-9999 -9999 -9999 -9999 -9999 -9999 -9999 -9999 -9999 -9999 -9999 -9999 -9999 -9999 -9999 -9999 -9999 -9999 -9999 -9999 -9999 -9999 -9999 -9999 -9999 -9999 -9999 -9999 -9999 -9999 -9999 -9999 -9999 0.833656756658695 0.793530499549158 0.685639452190606 0.626133174969299 0.546007032123522 0.459339759170344 0.44853238340436 0.487175934558432 0.514869486145802 0.476778133000347 0.440828414891693 0.534390429739613 0.546043348403235 0.601524026051225 0.609709859320601 0.582714701728782 0.579345199238136 0.603709733624968 0.626683659846192 0.628374280992705 0.638931262282991 0.64641557215156 0.651774349195971 0.658493753260046 0.667317388271474 0.676833535213761 0.682224349641425
-9999 -9999 -9999 -9999 -9999 -9999 -9999 -9999 -9999 -9999 -9999 -9999 -9999 -9999 -9999 -9999 -9999 -9999 -9999 -9999 -9999 -9999 -9999 -9999 -9999 -9999 -9999 -9999 -9999 -9999 -9999 -9999 -9999 -9999 0.796361125525917 0.714226075208455 0.679544663915032 0.643310683146119 0.596329377142008 0.543777034104124 0.437455837692532 0.394986821255011 0.479106026234055 0.380351395167047 0.462128093432036 0.470389180494819 0.559693607932556 0.582504689699644 0.563276438413559 0.543891887554758 0.563263195477891 0.625932975716608 0.625271323827787 0.629926496063432 0.640307968809814 0.648598271992866 0.65597695366309 0.663670549608153 0.673502505136111 0.682133638315394
-9999 -9999 -9999 -9999 -9999 -9999 -9999 -9999 -9999 -9999 -9999 -9999 -9999 -9999 -9999 -9999 -9999 -9999 -9999 -9999 -9999 -9999 -9999 -9999 -9999 -9999 -9999 -9999 -9999 -9999 -9999 -9999 -9999 -9999 0.797201890276326 0.763718727424328 0.738949111392631 0.689947901805166 0.564023993456168 0.430688476636631 0.385074456926981 0.379137006398864 0.424442487086496 0.401438623945507 0.391953841092129 0.408280175337721 0.498989570795628 0.558737222055684 0.559347534177044 0.531251091045459 0.538957695260945 0.620651497626479 0.618376426997812 0.621295141594497 0.632699504202516 0.641828286999701 0.65144438657591 0.660494965922512 0.670081668780187 0.677095547935035
-9999 -9999 -9999 -9999 -9999 -9999 -9999 -9999 -9999 -9999 -9999 -9999 -9999 -9999 -9999 -9999 -9999 -9999 -9999 -9999 -9999 -9999 -9999 -9999 -9999 -9999 -9999 -9999 -9999 -9999 -9999 -9999 -9999 -9999 -9999 -9999 0.76656858089025 0.720353714300229 0.580052169458557 0.417910067135384 0.412484862479138 0.329034331107171 0.378650222676581 0.383070921990241 0.364853947216939 0.374108518521758 0.439540023533807 0.52962323577142 0.577044436329075 0.561750208337944 0.539854198752517 0.612252382245658 0.611351446642631 0.617916124529526 0.626681629645905 0.635028610512102 0.645877456989466 0.656770002885747 0.666944627031082 0.674566001772434
-9999 -9999 -9999 -9999 -9999 -9999 -9999 -9999 -9999 -9999 -9999 -9999 -9999 -9999 -9999 -9999 -9999 -9999 -9999 -9999 -9999 -9999 -9999 -9999 -9999 -9999 -9999 -9999 -9999 -9999 -9999 -9999 -9999 -9999 -9999 -9999 -9999 0.749264822618133 0.679686964734343 0.54978514105484 0.509276759681471 0.337829447548746 0.308630121521143 0.347170932364087 0.38044834711488 0.377955809850384 0.396325007594077 0.478832291371693 0.547952412874829 0.559941228153428 0.508443746530979 0.603492444505172 0.606669546588757 0.61037192164678 0.619496705832314 0.628616387211603 0.639664256179392 0.651332498240488 0.662238269183779 0.671502540815033
-9999 -9999 -9999 -9999 -9999 -9999 -9999 -9999 -9999 -9999 -9999 -9999 -9999 -9999 -9999 -9999 -9999 -9999 -9999 -9999 -9999 -9999 -9999 -9999 -9999 -9999 -9999 -9999 -9999 -9999 -9999 -9999 -9999 -9999 -9999 -9999 -9999 0.735786041776847 0.73738020155679 0.662791637043085 0.60466954875991 0.501681226765912 0.390865069266212 0.339122982806169 0.37206533119178 0.391449155862294 0.368524383298141 0.424292733548114 0.497849704613256 0.561784806021841 0.494587699010622 0.579717199904462 0.595166169330701 0.602101560076897 0.611406755231205 0.618344497084851 0.628655940579746 0.644475485133663 0.65552817347499 0.665996354254006
-9999 -9999 -9999 -9999 -9999 -9999 -9999 -9999 -9999 -9999 -9999 -9999 -9999 -9999 -9999 -9999 -9999 -9999 -9999 -9999 -9999 -9999 -9999 -9999 -9999 -9999 -9999 -9999 -9999 -9999 -9999 -9999 -9999 -9999 -9999 -9999 -9999 -9999 0.723984581271623 0.701031738546766 0.630458349377123 0.49386399209898 0.351931905990211 0.296125814507237 0.341326969966453 0.385380204525697 0.335776939941724 0.383949641596495 0.462477231451954 0.53169153441484 0.509774822871519 0.51605359765769 0.5662906391064 0.594699240183345 0.604855441682483 0.596140851421966 0.600990302926508 0.636774619189715 0.648111349645142 0.658529115595095
-9999 -9999 -9999 -9999 -9999 -9999 -9999 -9999 -9999 -9999 -9999 -9999 -9999 -9999 -9999 -9999 -9999 -9999 -9999 -9999 -9999 -9999 -9999 -9999 -9999 -9999 -9999 -9999 -9999 -9999 -9999 -9999 -9999 -9999 -9999 -9999 -9999 -9999 0.726480182336562 0.717353201021121 0.656946706332347 0.486346889835324 0.341844104954932 0.324078114907434 0.255255881325162 0.275150815063247 0.347446888757595 0.343544852877203 0.419762394898446 0.445356597611365 0.483836598684971 0.471263780049309 0.527314818076875 0.578939906088616 0.596132557711592 0.575245413851345 0.561874964324457 0.62601527253279 0.640333375683343 0.651003530352661
