layers/veg_pts/veg1500.asc
NCOLS 255 
NROWS 330 
XLLCORNER -2985163.8955 
YLLCORNER -3022031.214 
CELLSIZE 25000 
NODATA_value -9999 
[rows 104 to 129 of 330, columns 174 to 231 of 255]
0.553740196322423 0.531667576562731 0.518846188623197 0.509615103478185 0.496951910901164 0.489576014019301 0.485390743683281 0.47537976711878 0.461077192933862 0.450351098991124 0.446268997440975 0.443968084933565 0.424412990120194 0.441646520871299 0.450805213220297 0.439248525090028 0.436920330418684 0.439981068288062 0.449216491741142 0.457767094272948 0.46465165261952 0.487286775012027 0.502943379728303 0.506683355878913 0.522103910204093 0.528516904863181 0.542096175147808 0.550866395557895 0.556208557236398 0.569377289703465 0.590168313844552 0.608474766188643 0.623072322402447 0.633869855251915 0.644520263493372 0.652672889376141 0.657705922703128 0.673215394831622 0.678338883507466 0.688878245125051 0.69423174607781 0.695918885264443 0.70120910021645 0.706913240035963 0.713942019416529 0.725879162945013 0.735294050029725 0.74600127657044 0.756183017397505 0.761800671008455 0.774228298353986 0.794908735568915 0.8116375436592 0.818546273864609 0.827782090506856 -9999 -9999 -9999
0.546792208632691 0.524897337783944 0.508830098979566 0.499926826470191 0.493763157129458 0.487412369627126 0.472569272793783 0.457724824024148 0.448253148769282 0.439992898383215 0.439275785247165 0.431069355725392 0.431979025029631 0.44311596194374 0.443038715751298 0.426610615555869 0.42634329443663 0.427816653813801 0.437565143243543 0.44833897729491 0.457138511784934 0.479062288105053 0.503632576449932 0.509600954285291 0.518770868401177 0.521119763783497 0.534722217856252 0.544636360362113 0.562150193668771 0.579502846114359 0.594688762148814 0.610525876758755 0.625719370137563 0.638470861139447 0.650443676373687 0.660046525569616 0.664659678687772 0.676276633778125 0.68817289022384 0.690775099312341 0.695130812622696 0.699231538865742 0.705023306246507 0.70893422646108 0.715710447518347 0.728897461122041 0.736713687946333 0.743708012287903 0.75949263759036 0.758984091916648 0.774155267537073 0.789775018791916 0.809295965024091 0.822148832955114 0.827324812279431 -9999 -9999 -9999
0.536980509834415 0.521998102118738 0.502344873082555 0.490642493915005 0.487454537622729 0.480419093563827 0.45999004233042 0.443345703958707 0.438582836660761 0.433147288606007 0.42670697304629 0.430513065424829 0.436005021650677 0.43486940023263 0.422947111816109 0.41624032082287 0.414527719767955 0.417577482832529 0.426412332619489 0.443982685521202 0.462037716160183 0.480022861916675 0.498563712781088 0.506698990557547 0.510668626860884 0.517208947309861 0.531556107738125 0.550089931992138 0.568576400655692 0.580349377318905 0.599123799791114 0.61448991539868 0.628761523249313 0.642639930706191 0.656215658011657 0.668014428927377 0.67620580042465 0.685474934970672 0.693869331322641 0.693848432670043 0.702353085801257 0.707308402092727 0.714109967723696 0.715821146562765 0.717305551906804 0.720838720502513 0.72094563873718 0.728965469727459 0.752791175373543 0.759715010334178 0.779832554533343 0.802723902693796 0.817230648504126 0.822396177535966 -9999 -9999 -9999 -9999
0.526833181733642 0.514465980542439 0.496868948916699 0.482604081284534 0.475742278407664 0.468214037532733 0.454536596398678 0.437712519451094 0.423730928595636 0.41672641573405 0.418199019605464 0.426357252809538 0.429032324065695 0.417098446734397 0.404113246236999 0.408819145761144 0.401699429679072 0.412683191687744 0.433616218704448 0.446905861546419 0.462375339739649 0.477705871872209 0.491542748046575 0.501508860650429 0.506988815778116 0.516585907095062 0.536341718540635 0.55655673623575 0.573820349966442 0.58719692165643 0.603575101046133 0.619127867589497 0.631138205795859 0.644009286831264 0.658950393651002 0.672455994698072 0.68279780771254 0.692429924109989 0.698582990253352 0.698137927804175 0.700186524582843 0.71345744975894 0.718586481539829 0.713438519816647 0.701697194991167 0.711064094051967 0.724071683835946 0.733380129704968 0.751786100611593 0.766402967658766 0.771770435923307 0.789499141174457 0.817683911093306 0.825691890433442 -9999 -9999 -9999 -9999
0.518044673379449 0.502737220200823 0.489083155632775 0.475798035876391 0.468463295841805 0.461023986746156 0.457621023550624 0.443824694737326 0.429069788803427 0.425495340115112 0.426995762958972 0.424192806965265 0.4142211701186 0.399963632581574 0.395733128099925 0.402803073337714 0.410511301812937 0.409589705951496 0.426827859284037 0.445325789428153 0.457523155024776 0.471844102586447 0.486097540461097 0.498889308023805 0.510017499109763 0.522979218155186 0.543405183904353 0.561900922067208 0.574510906773896 0.591174458275155 0.609139854399656 0.624189334294419 0.631744182584737 0.643731729413571 0.659249694523649 0.672656437845281 0.684743552434258 0.696392612818087 0.702654298560905 0.702403009611376 0.698343583397858 0.713655427506615 0.716125253826516 0.708925369256895 0.726467413561088 0.721640945156621 0.724026308594848 0.738422181164768 0.756460844582043 0.770461297540195 0.781165088227512 0.804094749859531 0.82720123208087 0.832865868151236 -9999 -9999 -9999 -9999
0.509150860910606 0.494185754087636 0.481792375051587 0.464243185000395 0.445668274398321 0.445220036368249 0.443348395264944 0.435507917893275 0.423385444897462 0.423871699713146 0.425889230139528 0.420340499649347 0.406208785646468 0.394730553314127 0.396218502842003 0.407569758650319 0.410876234370925 0.415310045089446 0.428280820914059 0.441410406927292 0.454468304568666 0.471885480981618 0.487688501071597 0.49857276483968 0.512699006047154 0.530869509001366 0.550131960678389 0.567174481252772 0.581795368148643 0.59773579844285 0.612926099355262 0.626843107264002 0.632738834466124 0.646341124675816 0.659352869721786 0.66994907406285 0.677834772941551 0.686865763813297 0.699684277770936 0.709521389974027 0.711883602913507 0.717926671247304 0.720123079102449 0.728867662715434 0.738496665500566 0.718475218968907 0.721212936521311 0.736937999343902 0.758913700956428 0.782514540978163 0.802449016408236 0.818284300200953 0.832298682389671 0.837162506113302 -9999 -9999 -9999 -9999
0.499992577330244 0.490936931941217 0.476263463234819 0.448868629076335 0.429807014520381 0.425974702351103 0.40785072520338 0.414196076272231 0.414849353715911 0.417161309115874 0.418814821080944 0.417539042601494 0.410230369833692 0.405812271768226 0.406123754674152 0.405717198841346 0.411937793319209 0.417606441952284 0.430546050181691 0.442220151936378 0.457331537440972 0.474465703953335 0.489641384595993 0.502407366437862 0.520033188093058 0.538402370181458 0.547788181384376 0.563337160791425 0.585533064860685 0.600674832440012 0.614300685303935 0.627093224632001 0.634509894342521 0.646334649415224 0.658084830174761 0.670822562235441 0.679531520238134 0.686688310146835 0.702257742361266 0.719304429868837 0.726851047102374 0.731046640104518 0.741243642349098 0.74618717075757 0.751159195995451 0.718480533491963 0.728986046839972 0.745258218002074 0.763252232604826 0.781162965566947 0.805076143331591 0.825426943064327 0.834009511761421 0.834160398766703 -9999 -9999 -9999 -9999
0.489401585589473 0.475128620680531 0.46581575864074 0.446506040602904 0.423580632428669 0.407031099582472 0.394661568453756 0.402700380724579 0.410231065866369 0.413588949280174 0.417005365694236 0.41414571750208 0.408241374300323 0.405933498965918 0.401975287906262 0.401454012739387 0.408641969732284 0.416212439069701 0.431164079420945 0.446163463548141 0.461665328273626 0.473473088981765 0.475916710137636 0.506697656731735 0.518480567745223 0.523080052421439 0.535984589376388 0.558398616853873 0.578926629019021 0.596429025278236 0.615979012064636 0.628143051360241 0.635696613821327 0.645767460267002 0.656745473606172 0.669987098005455 0.676774657462349 0.687482014148593 0.710098306125225 0.728413944570532 0.739132485200022 0.744553022365585 0.748133870015669 0.752795106188524 0.758618191377484 0.74163080305245 0.747495837637659 0.779716942314008 0.797441596806179 0.804072662721862 0.818862552557088 0.831136879640018 -9999 -9999 -9999 -9999 -9999 -9999
0.477651763225063 0.466005566319302 0.451560830395058 0.429814850731035 0.41519787276315 0.40099626435889 0.392703166560049 0.397746191551528 0.408888347695388 0.411360668766351 0.411149312810608 0.40658327089607 0.404267891556987 0.39261206452345 0.391988962770707 0.398686606170213 0.406151224860087 0.415284215609624 0.430301993549468 0.448098062254793 0.46552504323555 0.483486519897198 0.498119435717117 0.513814603634736 0.502185080701185 0.503060874858974 0.533271580183618 0.560197577548599 0.56839978065706 0.589412314056832 0.616495300675196 0.628517776648293 0.638194636609266 0.651083454438235 0.66581170413675 0.675214980581088 0.675191819772569 0.682909964321633 0.711491925532405 0.73563634577707 0.749268770073897 0.747684272819107 0.754449178711695 0.765660280682472 0.770212619938122 0.771600899481185 0.770023639752859 0.783712340393376 0.808292280923758 0.815610082240923 0.828330829786615 0.830964110116862 -9999 -9999 -9999 -9999 -9999 -9999
0.469537175644878 0.45674402473742 0.441464931681961 0.421144567502069 0.407140486734674 0.400436570046027 0.390125973445033 0.393603831006217 0.405669303208714 0.406259038066328 0.39901308921679 0.386824512650598 0.391981365665868 0.386230454469268 0.391427810804843 0.400297966574885 0.406606676862606 0.416317587485902 0.431472658579205 0.450186259023371 0.469612957846007 0.486498764103703 0.498598782034116 0.486242741413703 0.471632693726449 0.495486773277451 0.542606798996245 0.567780867411184 0.562315351570584 0.587637190296433 0.618221045148502 0.63400202381644 0.642971195229123 0.653599714867626 0.670477293804074 0.678319804462749 0.679818225182419 0.693470407193057 0.713801914934367 0.73256214940958 0.74764200678985 0.754970221910311 0.767254190429182 0.781087511431533 0.781738965538456 0.779729790101152 0.789434298776121 0.803845502879329 0.814394967804123 0.825526785592314 0.831759909288495 -9999 -9999 -9999 -9999 -9999 -9999 -9999
0.455182842822752 0.436951572329286 0.423623015819207 0.409597045956709 0.399670082425987 0.397449947428739 0.39044176977237 0.3906805112548 0.393282466562646 0.399486555084163 0.393960024885127 0.394126660623073 0.395928307735257 0.386830293286721 0.396272987704775 0.406543627918644 0.411485598893052 0.421844381216171 0.438348868341213 0.454682731147334 0.472184734601504 0.490573730290999 0.502139206715918 0.495318747504809 0.482829256679995 0.509920093013795 0.555947708595301 0.570595809020455 0.561936381498071 0.589734617999674 0.624880134914672 0.643947317733142 0.651798275930182 0.659929047623496 0.670942483083867 0.67462032229571 0.676779036697955 0.70255980284205 0.720499173784091 0.739277247633397 0.749718212555429 0.762471781461844 0.773269455255301 0.78915045941868 0.792089807677471 0.792667868820643 0.800620659262697 0.812136587644593 0.821723887712118 0.830467189697844 -9999 -9999 -9999 -9999 -9999 -9999 -9999 -9999
0.453357182649731 0.430863398489649 0.408303067619425 0.395757560656145 0.390285534639982 0.391457502283218 0.392877376815025 0.390972737888178 0.392535940664374 0.391606098796908 0.394401612356383 0.400248448356204 0.401402881656742 0.393466365884813 0.40438285798535 0.414427186166324 0.421176692357958 0.431711180509644 0.44720101354704 0.460257564354736 0.475993643738425 0.494283831513042 0.50929390879385 0.516000582539306 0.512421053496141 0.531807116099657 0.563325425521697 0.566389683072825 0.590594940689575 0.617470370661755 0.639060135825396 0.653543025093712 0.662655215782396 0.671303424348624 0.677089061972417 0.680919646307292 0.685566451862578 0.702153772402987 0.730020600338168 0.745630504201173 0.751730363071311 0.765308788708034 0.773496947150492 0.793902535677677 0.80069457718459 0.801985331658379 0.809198596224757 0.817636365299111 0.821890203570862 -9999 -9999 -9999 -9999 -9999 -9999 -9999 -9999 -9999
0.452750507703914 0.432041405770453 0.403158867517398 0.386188367064724 0.381896752149481 0.381560484809076 0.380774970555217 0.376813354117078 0.381481400004762 0.395037467398143 0.399216651080324 0.403706720670737 0.405663608202502 0.404999528131431 0.411644572660711 0.420619966523613 0.428962215381496 0.439389286453903 0.4390102548946 0.454040897035753 0.474951872709777 0.489993963866293 0.502760199329872 0.516111101058838 0.525718916734957 0.544295201348022 0.566741036307698 0.570807128420868 0.577631082160851 0.634239798888924 0.649508837702894 0.661029111263307 0.673442321808946 0.685129937666717 0.692741942418149 0.704339584748904 0.712344944460572 0.719865260524671 0.736001963722705 0.749474641493631 0.757203424961676 0.769694597205105 0.780471131236621 0.79446289390047 0.798257194381879 0.810665741888585 0.815050398202056 -9999 -9999 -9999 -9999 -9999 -9999 -9999 -9999 -9999 -9999 -9999
0.447420575842982 0.432444497576614 0.409458631618002 0.38497744675906 0.379189662824489 0.377493463647281 0.379455094275643 0.380049356872715 0.3828804240123 0.393532124799164 0.402001600688354 0.406442075176602 0.409772124685996 0.413462408290089 0.414998648996017 0.426733573211775 0.436097753338916 0.446494914349579 0.422232540223067 0.438746814227679 0.454348766516344 0.480619983389238 0.494041611946626 0.506862830016307 0.523499119994137 0.543592900800364 0.564777950820473 0.578971716512596 0.605414522108531 0.64088576220689 0.657049607822396 0.667862089289973 0.682298485785768 0.696045828447369 0.704952159794137 0.710723864511019 0.725989673070282 0.736006828305697 0.736937568403853 0.746931576515797 0.765309912624231 0.778888545667887 0.793661952209686 0.804276022826257 0.805088974604754 0.816390403987484 0.816937460560115 -9999 -9999 -9999 -9999 -9999 -9999 -9999 -9999 -9999 -9999 -9999
0.442517123766854 0.438728773409964 0.420192580167386 0.385624121838711 0.378347602213616 0.37721461294298 0.376563413510285 0.376889371669618 0.376897880309703 0.389996778997 0.404219162752751 0.408352202084456 0.411923152203137 0.415058295974646 0.418083239926536 0.434042459376672 0.441808697168881 0.446537405805014 0.42670302064297 0.440079941209825 0.45554452534729 0.485453974592012 0.502712462444641 0.518848801388161 0.525341155512886 0.533490424559 0.562549440548212 0.594627684543555 0.621182043702121 0.645880895015637 0.664036983502969 0.675653521083148 0.685834032450353 0.701241588492557 0.717015926882727 0.723345855691283 0.738072050897478 0.746000578348863 0.742136965161499 0.748856888726343 0.772540947915176 0.79204936514557 0.800753993412537 0.805963516287031 0.808923625791386 0.817017205428604 -9999 -9999 -9999 -9999 -9999 -9999 -9999 -9999 -9999 -9999 -9999 -9999
0.439268587670976 0.433209475878688 0.402198077248422 0.378944794111493 0.377461325223914 0.378576853129601 0.376909904788443 0.382896261686845 0.377696272113 0.38539416314568 0.39772229099617 0.402947509349564 0.408914178919801 0.417296888170216 0.418170635478447 0.418022676878383 0.449266749323249 0.452504380743008 0.42495729283214 0.444715024480354 0.470261643131041 0.4969328739744 0.514362051737877 0.5256117583083 0.524424648926391 0.545607445459603 0.57847019886783 0.607048025433796 0.630599735317471 0.653785938101074 0.671765318671838 0.683351523018334 0.693355279261351 0.702809805719884 0.711948148227937 0.726916158241706 0.738056913964105 0.751268008125147 0.761329506179675 0.771057744229504 0.783566710939784 0.797656994408826 0.803140568484842 -9999 -9999 -9999 -9999 -9999 -9999 -9999 -9999 -9999 -9999 -9999 -9999 -9999 -9999 -9999
0.438845000856408 0.428724244248952 0.402398440853723 0.369972035900561 0.37581824625936 0.376386259262303 0.376887064523672 0.38492035878381 0.384599499539715 0.378623981672816 0.377604471183588 0.379952322540871 0.385933092608048 0.408663603751114 0.421349401923557 0.424587234788848 0.455025541657099 0.457309898436162 0.445338646662495 0.450211443039857 0.455132328856355 0.500396834044014 0.515707877916185 0.514885315792198 0.534325158334833 0.565778124952491 0.595655795935438 0.620496818445958 0.64422624087362 0.665501240573175 0.680850564569858 0.693449921599241 0.705855214155832 0.713247150367377 0.721322616476347 0.73082257035697 0.739305121288345 0.757356129726563 0.769296413468104 0.781115570471839 0.794362844013282 0.802634338304129 -9999 -9999 -9999 -9999 -9999 -9999 -9999 -9999 -9999 -9999 -9999 -9999 -9999 -9999 -9999 -9999
0.417051871301406 0.424752508314622 0.403721469159368 0.364322523873453 0.37191958046813 0.373169808220576 0.375817086829317 0.376152822629864 0.385814567046339 0.383142218758032 0.381444919964493 0.382677781841497 0.386977926912179 0.414328839951382 0.43520690416033 0.445564815290868 0.460251801940164 0.468183726492203 0.483701175669897 0.467891553558715 0.461734974259546 0.483860561396829 0.526223494802048 0.525960528292411 0.555458677222209 0.57932791600175 0.608673603889996 0.635870210224073 0.661960450515741 0.681715763444222 0.690088326350879 0.702354325813351 0.717337750985262 0.725655252790385 0.732438065747201 0.737105198060926 0.750668474427564 0.762831973470573 0.779445087203159 0.787363554916491 0.801626202007243 0.802414245796857 -9999 -9999 -9999 -9999 -9999 -9999 -9999 -9999 -9999 -9999 -9999 -9999 -9999 -9999 -9999 -9999
0.404024751386856 0.406427814847369 0.393034652476489 0.359496383610114 0.367650600496028 0.371392785184601 0.374485687889136 0.375977630206917 0.375361783753606 0.378457757211543 0.380446998978344 0.387256904550375 0.40881805256216 0.432538988759543 0.450156413043261 0.462422513961119 0.464503511926671 0.475441190488023 0.493596032215708 0.482534664623778 0.471403076984797 0.493726418015787 0.539680588485806 0.533706891712587 0.581292019573029 0.589594678429499 0.620359373228263 0.649877969528056 0.67319684648991 0.689941323284951 0.696565244654974 0.708929311575693 0.723599792761878 0.734148046423487 0.740490674010843 0.744578869484511 0.756779163538714 0.774625821629671 0.787191706444299 0.79391926961699 -9999 -9999 -9999 -9999 -9999 -9999 -9999 -9999 -9999 -9999 -9999 -9999 -9999 -9999 -9999 -9999 -9999 -9999
0.404229557419778 0.395349476307595 0.379258583557282 0.356189733375364 0.365151775805591 0.369646730512066 0.372879618894131 0.374752664358019 0.379958659337459 0.384312691615412 0.385969697738943 0.396418782426551 0.422393040008869 0.445199855086325 0.461393083211426 0.472273496568444 0.466570607486029 0.476306775578171 0.507077083952878 0.498382029299231 0.481036229105151 0.506979549220189 0.532581392307754 0.537339716661233 0.604806591991756 0.607229648278864 0.63668485550742 0.658196227504955 0.686837077419757 0.700266454453776 0.709109591360845 0.720247038402156 0.731092183396576 0.741624620491586 0.751542835182055 0.759396584539437 0.768906066921136 0.78035388182088 0.790605110309771 0.794550445831019 -9999 -9999 -9999 -9999 -9999 -9999 -9999 -9999 -9999 -9999 -9999 -9999 -9999 -9999 -9999 -9999 -9999 -9999
0.408654801603301 0.396076691461535 0.374778221751413 0.35801969979338 0.364058043068304 0.368986266574885 0.37390784663604 0.377240316768825 0.388715110230218 0.392482782810624 0.393018900723757 0.407658425535078 0.432924456589568 0.455160954151397 0.471870021323625 0.481839384270378 0.481167528942581 0.468819480563157 0.503207847316644 0.516351212434683 0.50198658670032 0.509502013173751 0.523466505368278 0.551126886578583 0.619925712998997 0.632335764039325 0.658859227574627 0.66550019141034 0.697837155091416 0.710650225395631 0.719323695367564 0.723114734424937 0.737431165670378 0.751752409315644 0.764994815046073 0.768581760784815 0.775215294667324 0.787677268068214 0.794237102650424 0.794633793837034 -9999 -9999 -9999 -9999 -9999 -9999 -9999 -9999 -9999 -9999 -9999 -9999 -9999 -9999 -9999 -9999 -9999 -9999
0.408781644117853 0.400372157730896 0.379017290414864 0.364265805845103 0.364181748106394 0.371117073799979 0.375436420605621 0.38089038566009 0.390686785934142 0.39914749594241 0.407769557991476 0.422574687865234 0.444203367876922 0.465523598924582 0.482330020009598 0.491579002126189 0.496703295386109 0.473969829846539 0.514697252862832 0.536710889678176 0.518637513712102 0.51915465531694 0.535636616150384 0.568398987099123 0.621448579877059 0.655490581777927 0.667689541769545 0.680331446102686 0.688211876671603 0.693498080467219 0.714690164714613 0.721633272948213 0.743134317594493 0.763232373080046 0.769177727089803 0.779200000373415 0.78841423172117 0.794442336064108 -9999 -9999 -9999 -9999 -9999 -9999 -9999 -9999 -9999 -9999 -9999 -9999 -9999 -9999 -9999 -9999 -9999 -9999 -9999 -9999
0.403757816598017 0.398954739144587 0.366922569370453 0.353337155350644 0.364763051417893 0.374710280503836 0.379353911726444 0.383193361547426 0.391727668040994 0.405689316543652 0.418833500193438 0.430059742124491 0.446312914033711 0.473620676165464 0.492408491847141 0.500849400788108 0.49366683630361 0.494442558772728 0.525316461044371 0.543970721504987 0.521924988452816 0.546076537037022 0.558926366085389 0.571747819863325 0.618685101340352 0.666304054022239 0.671403574122998 0.666697027050816 0.671660218651025 0.676393541164441 0.700775286185294 0.736723951978257 0.755316567469877 0.772297454240679 0.791452126744495 0.793887575363843 0.793725568670239 0.794314124044644 -9999 -9999 -9999 -9999 -9999 -9999 -9999 -9999 -9999 -9999 -9999 -9999 -9999 -9999 -9999 -9999 -9999 -9999 -9999 -9999
0.403193439416308 0.396525130496621 0.370673280022843 0.358322260532333 0.363289119805402 0.372873105529425 0.379108171217296 0.3846812267416 0.394927115580784 0.408696138687682 0.417828120814242 0.424576952513157 0.446444838801757 0.484879469849998 0.500529747295617 0.509358294385768 0.50302337519664 0.511748409848494 0.525918095433404 0.556244286293146 0.542221520982909 0.574872456523406 0.567843811758649 0.584520091577482 0.631408985154953 0.668635374659674 0.667592116031538 0.662789656022585 0.673088666142389 0.677652270643967 0.697913182773531 0.751044892883368 0.763572998259032 0.780779090880903 0.793109517919727 0.797679418983471 0.792837772080057 -9999 -9999 -9999 -9999 -9999 -9999 -9999 -9999 -9999 -9999 -9999 -9999 -9999 -9999 -9999 -9999 -9999 -9999 -9999 -9999 -9999
0.405081852288474 0.38678743123597 0.364385044069539 0.359354332013828 0.363830568216656 0.372327142123107 0.379238250032905 0.389396836552334 0.40135171252641 0.410881555731841 0.419518318684991 0.439539314732254 0.472294466734647 0.492145295400898 0.507810427277668 0.518256089856631 0.523051524901101 0.525475343115966 0.529122035379309 0.585756670560329 0.610130683899575 0.571609612387508 0.570035257251764 0.621063463395883 0.665086078313802 0.682830693806509 0.669503555306613 0.675904691349089 0.693556710781738 0.70073681437909 0.721818796935846 0.75623565441635 0.77159888193384 0.785852642170285 -9999 -9999 -9999 -9999 -9999 -9999 -9999 -9999 -9999 -9999 -9999 -9999 -9999 -9999 -9999 -9999 -9999 -9999 -9999 -9999 -9999 -9999 -9999 -9999
0.40429915555158 0.388257830627505 0.376280595146358 0.363826947664818 0.364602304654191 0.372736418170392 0.382897244908269 0.396873758290766 0.410664387469162 0.424324362682844 0.442441939759213 0.461609486671116 0.481910668770341 0.500484662769994 0.515975581670764 0.528910777445621 0.54204755340506 0.545107539579328 0.547443850607792 0.593900682699513 0.609740408869527 0.632909161463635 0.626881957034184 0.650817006167357 0.690960857470674 0.70323615563926 0.692609989803231 0.701821946924027 0.716374468393774 0.739667129661907 0.753293705441994 0.762808508852449 0.778496165167881 0.792965386524309 -9999 -9999 -9999 -9999 -9999 -9999 -9999 -9999 -9999 -9999 -9999 -9999 -9999 -9999 -9999 -9999 -9999 -9999 -9999 -9999 -9999 -9999 -9999 -9999
