layers/veg_pts/veg1600.asc
NCOLS 255 
NROWS 330 
XLLCORNER -2985163.8955 
YLLCORNER -3022031.214 
CELLSIZE 25000 
NODATA_value -9999 
[rows 130 to 155 of 330, columns 60 to 119 of 255]
0.113516676167792 0.112865222583693 0.0987730808658916 0.101289705744573 0.132485784030422 0.108883404972719 0.10262293839898 0.122433079042342 0.169276705497522 0.172676957925336 0.180905906863208 0.219943478176571 0.236800604692408 0.22329022971317 0.239549853169062 0.274715160093316 0.275191392250154 0.267220524751343 0.275564259191284 0.268265512241085 0.235614530270965 0.235154062739996 0.325541869015983 0.537832339875504 0.540835163921302 0.535162025425709 0.598563941303094 0.590473313329363 0.606754147286097 0.587462819895962 0.588074320688736 0.571644271014837 0.552546695691064 0.531520076101082 0.510774232400575 0.490400953964848 0.473771054421396 0.4556401318108 0.435540400994438 0.41661736165622 0.399083944609311 0.382588501690718 0.367482225747267 0.356281048589896 0.347487687485645 0.338388587561476 0.330134787123102 0.323698717044622 0.322622097156951 0.322187407274862 0.323148893495104 0.325759365563481 0.326298336733842 0.326484018390768 0.334875690715177 0.342730786713341 0.342689528709909 0.345981358376784 0.344360744047001 0.34738774917708
0.14486250212807 0.104720785469375 0.109188808301484 0.134706315651204 0.11193961210792 0.0901489914155634 0.0836711459870162 0.0943161541817947 0.115837983391405 0.124871148526935 0.155227968709019 0.195121730372496 0.218419076861042 0.224866657560708 0.234366797248988 0.259453935830598 0.276274979450347 0.275991542147203 0.28646373678932 0.278112655030074 0.248556029382356 0.23728423206987 0.32140210437248 0.439958547060416 0.538056238695928 0.555764537672568 0.512611250151514 0.583528224863355 0.540641748680733 0.569623301443209 0.570864934075651 0.556054387105298 0.539896920959128 0.520650688256742 0.500370387515895 0.480092513307457 0.463812077128275 0.445504386143071 0.425044441207179 0.405977612489506 0.387958819354847 0.371026981090522 0.35582250668235 0.34384597653868 0.334306128539364 0.324787158759008 0.315588406808684 0.307661980325022 0.305692807548351 0.305635160132704 0.306638333110049 0.309337015980086 0.312120061962251 0.314108292466731 0.319361276872576 0.330259563528776 0.329484826990842 0.336581614986977 0.334374226496618 0.341233578885983
0.228292177175131 0.171104726027848 0.157638784818407 0.18291376534984 0.134526504349219 0.105774114266382 0.0848752788483694 0.0901704631611278 0.109829679698415 0.115528047345232 0.134248801838135 0.166974461615337 0.182816589524877 0.184861501849642 0.196383519468186 0.219940845500016 0.263122378708414 0.274787293322168 0.27981862530533 0.273587285749414 0.257961616553946 0.240346718745672 0.309445484390052 0.408210623362791 0.474629021857468 0.543995600990911 0.517924647249911 0.553759725178759 0.560250251401493 0.554781907007984 0.534452573257727 0.533162207101245 0.521146002325846 0.503857761806137 0.486010961739348 0.46613542460864 0.449977024546879 0.43211132389177 0.412190341591225 0.39298287037745 0.374114738953883 0.357051954141399 0.342170393292889 0.329524947655538 0.318989660825262 0.308868717366387 0.29981434138776 0.290798209973211 0.285516775675806 0.286811451892324 0.289199186926102 0.291004124481278 0.291333134607895 0.296414842219958 0.303088470289776 0.314455495547332 0.314737659909597 0.320256925013875 0.323790102358401 0.329379950423922
0.254049312671933 0.279931633224058 0.207703388536464 0.206355032812104 0.201730858382501 0.171893664017605 0.111411636005389 0.100399062146142 0.116722797638528 0.101908529307109 0.111863300933277 0.153399480699891 0.185971320255429 0.159067107378384 0.164043737205925 0.193267887420776 0.228400579831515 0.266699164755405 0.27205621543931 0.273250750858328 0.25995311041394 0.244875677282782 0.280010200177105 0.306335834092054 0.369584556158734 0.475274571488064 0.526181102329581 0.526303780770997 0.494902518010544 0.498826369256723 0.447165138358608 0.475498284029788 0.495612488940508 0.485931367065458 0.470032711259924 0.452280931146313 0.436367074413135 0.418465240636516 0.398977854707361 0.379909463131633 0.360524105603227 0.343137745385656 0.328165854400599 0.315351480934833 0.304659654020198 0.294487164813563 0.286370854004982 0.276672819417436 0.267176560406351 0.26550117827336 0.269413020822339 0.270940770947753 0.271862559023937 0.278837156782809 0.286586977778726 0.296136858019625 0.300054472016412 0.305865624556955 0.311259740539666 0.316443994856508
0.292205246742639 0.205066785673316 0.163381659167169 0.192451829742429 0.253744454839251 0.245023175323127 0.160527304104541 0.132724730159074 0.186816743721407 0.196228690761385 0.159177530666231 0.17270509318719 0.162863814532367 0.150710639181076 0.173204444074112 0.203126902307048 0.210655461091616 0.252552686676553 0.257011475158145 0.259800913035307 0.259687824744658 0.253880134102001 0.261582839335353 0.214376491858826 0.227162578679018 0.327523952751343 0.460841367970936 0.474432632368449 0.452806295022139 0.462160938432176 0.435687235328381 0.432715212169563 0.457713502856475 0.46238135738499 0.452990094608904 0.438341422505218 0.422148441526493 0.405214403816724 0.386037827700335 0.366605820005177 0.347624108299668 0.330149679181899 0.314233911706714 0.301332881420327 0.291399604213668 0.280936654654506 0.271194710003917 0.260395954932689 0.250640415699834 0.242433739422512 0.244402987393769 0.24992700555047 0.258973835430999 0.263394932264116 0.269717926234786 0.277292643495378 0.285069868463836 0.294169103846412 0.296885370160653 0.30275249430862
0.366837250212435 0.268523471945518 0.20879771403812 0.210933896965766 0.215543593995094 0.22785420166148 0.230360170173567 0.20008522090511 0.262465228972568 0.248830120467187 0.181942376849673 0.17034680134098 0.143470201494332 0.151740561682715 0.158538438101816 0.192408630493488 0.179085229730223 0.216212030883098 0.231233593633152 0.241783422579393 0.244500507372646 0.24182521090508 0.226859152536344 0.225500238201498 0.137845654338181 0.178409622020302 0.337565774800589 0.405326066430413 0.411857539127124 0.428107016695572 0.410620747834853 0.382425916687616 0.389463709626344 0.424330062682809 0.438026357326612 0.423846454599702 0.407955335835959 0.391921798258966 0.372941535415356 0.353362051888412 0.334345406399286 0.317072871347479 0.301206817235677 0.288435114498802 0.279194172200299 0.267662367110798 0.256901000982054 0.239721108778478 0.223370323092036 0.225789791618487 0.223415711158883 0.232918471062658 0.242073029669279 0.243790961928583 0.252506521290383 0.259273640058264 0.267591645129893 0.277605858979811 0.283287776577227 0.288762955264652
0.436862804051383 0.374574216392856 0.302946502643615 0.298218796222137 0.327368124935421 0.333885869878246 0.31724029608082 0.293167842323197 0.319337812242564 0.214770236823239 0.199954103100387 0.191738232228971 0.143397137542702 0.1574419910604 0.136423129427598 0.175690087310149 0.18410700242623 0.166800031020242 0.218525492374822 0.212488836936364 0.227351897712317 0.226613147432387 0.205272011279124 0.205252246008917 0.172303667699951 0.13667747399213 0.217001552211632 0.31122995878193 0.365299947817994 0.376977068146853 0.335223103788179 0.328400537851768 0.335142995030915 0.353104427382612 0.388029554337043 0.402650335777631 0.39414988900716 0.37830271199701 0.359126150691568 0.33991485581258 0.32170406765703 0.304332990190552 0.28836087996658 0.27551589657927 0.266483771122886 0.256067068649882 0.247270069821004 0.238991813401615 0.231598164752279 0.221401114508017 0.206108897153309 0.211458605205752 0.225287878954864 0.230444375103557 0.234242219707253 0.240470551240047 0.2487200716294 0.258834906279001 0.266623124448189 0.276542408992535
-9999 0.427813855711973 0.364125259564088 0.388252078750141 0.370293566429336 0.354774865371347 0.348691061107585 0.365771265138035 0.424967050252352 0.36139418606148 0.300624511065592 0.283407252924811 0.191820692063709 0.164293287536022 0.12041157855113 0.168770019442461 0.165197399969749 0.142117474173709 0.173129653654262 0.197087200727102 0.19345617643563 0.176280003852939 0.191968275562825 0.187281500300132 0.183188958084246 0.156613173652864 0.135456329607317 0.189261228252422 0.301012083763904 0.322961985803007 0.253586500976566 0.281298563404796 0.301968582578519 0.273433471983673 0.313650466205758 0.368164148290669 0.380810189643247 0.365142239777112 0.346106497186848 0.327420692889835 0.309872132182989 0.29235442044773 0.275916461487679 0.263840678192524 0.255542610839265 0.244807755421964 0.236632126858387 0.231304799784608 0.225933729365733 0.212849908064182 0.202371734566187 0.207535190479124 0.216542842247218 0.215412468438881 0.223277868451508 0.224188291571532 0.23234620620203 0.241952600887724 0.252402124502585 0.265391223407663
-9999 -9999 -9999 0.428017397733292 0.394258142303293 0.434348135610921 0.42685868418355 0.420328544267643 0.431571891127963 0.423345181303538 0.410311449401038 0.362503286403643 0.282988328801524 0.192373354596787 0.169589668519368 0.180659207880234 0.14571890026134 0.128197425619504 0.126879696742945 0.17447720803158 0.166958390933716 0.1767946055408 0.173901603670306 0.156186705403251 0.156550125914241 0.152198054365604 0.151414076292081 0.153600600004901 0.176197012369612 0.263005142907165 0.236506028938961 0.235621066766518 0.23916441243096 0.206490420255381 0.251900231896733 0.310952428804148 0.360565660052863 0.35222280335206 0.335581724561591 0.317877396112992 0.300464191692298 0.282677370298402 0.266078486617183 0.253851941924212 0.246134215311604 0.236016409195825 0.228012919539522 0.223077968636922 0.219804231123851 0.214005021998636 0.206352286465216 0.212319250476704 0.209301342809937 0.213001806926518 0.215407406392186 0.222569997433729 0.228461479403154 0.237484109239218 0.244830798747605 0.257105678633458
-9999 -9999 -9999 -9999 -9999 0.469866392074333 0.451876937806448 0.432291427545082 0.470068994907164 0.430013871466908 0.426299197222996 0.379537182391813 0.299294992116261 0.264745703390414 0.28946320468577 0.197620429600509 0.127983160790286 0.111260923553433 0.106045271978166 0.153525030509172 0.147057253232539 0.16825046829879 0.173200174866781 0.157488622427867 0.140658956327245 0.127569470638976 0.141488344300077 0.196798088392143 0.14022022049385 0.123355770069746 0.198107638432152 0.159797191427208 0.0884684162667446 0.133914049417697 0.198745060038982 0.223025218809297 0.300199183196095 0.309343579332216 0.311909065281122 0.302792160317794 0.289351120753008 0.271502786883262 0.256487612084563 0.243155037773493 0.235088270616197 0.225602279510586 0.217789118326895 0.212870130309268 0.209976198012219 0.209271094120834 0.20622937734088 0.209697452327725 0.205924798888583 0.20782310050257 0.210541841994764 0.219474978309981 0.221029983706577 0.228001072686251 0.232125280597116 0.241504960647881
-9999 -9999 -9999 -9999 -9999 -9999 -9999 -9999 -9999 0.44099562267243 0.42936653488547 0.426200413593162 0.3961584873913 0.371617256414264 0.340284772502013 0.182678563362506 0.0981349982173477 0.102859153117424 0.111171449086687 0.134172660143018 0.129105510418493 0.146186897406221 0.160648377068638 0.152207659203811 0.133465944151172 0.112989827667277 0.114854996882317 0.132870498379637 0.104014584097863 0.0508162109003272 0.0790758428456195 0.161713109741635 0.115318698905002 0.00357420844967848 0.0189859828357761 0.110661264037407 0.154079997373611 0.193597444141444 0.254941863693078 0.270244265725841 0.263976793181526 0.249011134305935 0.244408339253132 0.230589698866753 0.221836289380171 0.212629531668766 0.205141158426867 0.20113076091766 0.198098363656412 0.197896521323617 0.198946088715443 0.199962300729471 0.20101032556159 0.201564352655147 0.206334786573809 0.210212729696372 0.213101623991025 0.215406318357949 0.21997800822573 0.224210141780622
-9999 -9999 -9999 -9999 -9999 -9999 -9999 -9999 -9999 -9999 0.481472110364458 0.486856121178618 0.445957962624252 0.402167048088838 0.366445442543464 0.244871807291997 0.138554396882672 0.151606049067721 0.128701428776019 0.108286812632476 0.111609488976354 0.1226574035697 0.136935127151052 0.137797309277079 0.128302881151927 0.111161111683906 0.106967101803513 0.106847969625707 0.0833373980524819 0.046135120849557 0.0522448695395947 0.096591465780593 0.0839074129318702 0.0754276380877599 0.0935555353790222 0.0245819078366966 0.000529003477543416 0.0957805267471807 0.19417120868548 0.222658090241262 0.20637747727733 0.199145846028191 0.220175731012018 0.212002738685008 0.206217811226893 0.198292745280569 0.19119177303387 0.188978274197975 0.187165429054895 0.186328390608156 0.187383979727376 0.188483692956639 0.191054539334892 0.193859335297563 0.197865213240617 0.199349791071187 0.205890155062185 0.205470704134815 0.209462167521475 0.211986059672362
-9999 -9999 -9999 -9999 -9999 -9999 -9999 -9999 -9999 -9999 0.530071814237728 0.511293531526676 0.461717303530226 0.424378065212205 0.405050127590633 0.338546876046484 0.275365329421613 0.245722031963954 0.129541782637222 0.0811267154115628 0.102235504380451 0.105170943756342 0.113894081615067 0.117773524137772 0.11618961218325 0.109114821101061 0.103553227851327 0.100476046846722 0.0815756870621457 0.0591096559823342 0.0483049418151118 0.0433626111293045 0.0589586795768534 0.10591662600457 0.110527293266755 0.0446636432170562 0 0 0.0385630362914534 0.0521967902290565 0.109296619584551 0.0946052142877214 0.126282523220706 0.162760069567873 0.179289780817957 0.177657205242152 0.174039096674968 0.175322265480068 0.17593710156099 0.175179427516493 0.175566114699906 0.176406662470086 0.179299123154771 0.180064821119197 0.183750829317609 0.191446161912477 0.193882053587994 0.196419521594056 0.195293007987672 0.204601386285207
-9999 -9999 -9999 -9999 -9999 -9999 -9999 -9999 -9999 -9999 -9999 -9999 -9999 0.438785512860381 0.446133025740285 0.424333498383047 0.386684329921109 0.340480098638616 0.224623129895773 0.1147029172925 0.0918671469370756 0.0959596799563385 0.0881912032013593 0.0870291756271054 0.0903559624769576 0.0920518171150586 0.0864086383048844 0.0850204429965718 0.0788475131121196 0.0661231662543412 0.0474531070844996 0.0156697521465926 0.0172719510678327 0.0481428004001105 0.0436489211687098 0.0757126927024948 0.0213054044292675 0.00862751691678209 0.0701334637885667 0.0552776405630436 0.0868912723479273 0.0744123378264947 0.080721224009752 0.0858837657999122 0.122191843466008 0.137068326283607 0.154745350469104 0.164618168940159 0.164347584439463 0.163766683484078 0.164588864928575 0.16533080328484 0.168211599425084 0.171917347880575 0.176149316157789 0.179239046736059 0.174474190404333 0.176138500783524 0.178381574964457 0.194308184071494
-9999 -9999 -9999 -9999 -9999 -9999 -9999 -9999 -9999 -9999 -9999 -9999 -9999 0.451324785985839 0.473412803669755 0.482743658680992 0.457134289574107 0.424126268352234 0.323828216980579 0.173097927808311 0.0923899148680124 0.0795794213061996 0.0551562334619381 0.0550150834416102 0.0664474059248338 0.0559435168996208 0.0596616851933128 0.0627068786472534 0.061438267909871 0.0600549038998445 0.0439180998589454 0.00689828428819596 0 0 0 0.062946861630512 0.0450752804812399 0.0517546331064298 0.0619100672908932 0.0733251741690602 0.0632446311126717 0.0730306892880281 0.061056739165461 0.0520460958964726 0.0778972539382536 0.117190261058288 0.138078740275488 0.153564968498233 0.153448650840198 0.153100955589293 0.154085294606549 0.154796693160053 0.157866424838578 0.161626105374979 0.165520855628248 0.168233201890043 0.162475566598909 0.159871278287141 0.15755519432284 0.181222952095675
-9999 -9999 -9999 -9999 -9999 -9999 -9999 -9999 -9999 -9999 -9999 -9999 -9999 -9999 -9999 0.507671389257294 0.486078820560156 0.470381082852326 0.384937901627012 0.218190301399435 0.105022796655064 0.0576552983077341 0.0277457920532447 0.0369210505008515 0.0657122876323274 0.0463565494526815 0.0518486548888264 0.0511345596322324 0.0350937877360239 0.0477389781374952 0.0351221551488678 0.00225240136788171 0 0 0 0.0196753280881418 0.0641509051343055 0.0468407940262753 0.0403871587236156 0.0635830193189228 0.0433299092855783 0.0630592925152464 0.0364488292450502 0 0.0565829766827146 0.106509181493963 0.129967717373182 0.143631289368907 0.142513349683812 0.142836721154668 0.143613154610397 0.144359401805985 0.147444400693884 0.151005483733697 0.154889153216408 0.159129767130965 0.157348886457062 0.155716328079746 0.163135462176329 0.170089260987193
-9999 -9999 -9999 -9999 -9999 -9999 -9999 -9999 -9999 -9999 -9999 -9999 -9999 -9999 -9999 -9999 0.490157000627525 0.484197771344247 0.418173894534876 0.270617872088055 0.147015500597893 0.0702100767841538 0.0257787290527136 0.0329340639682105 0.0529686581558982 0.0683531390922445 0.0614554442214791 0.0499278291806209 0.0415645179574466 0.0347485865028064 0.0251528641434859 0 0 0 0 0 0.0692678316590405 0.00690969443962597 0.0294155706882094 0.0388043151579843 0.051629667433342 0.0779834176685124 0.0198596726191367 0 0.0461769179710639 0.108800256063395 0.127256667538495 0.136064913255403 0.134783448138332 0.134938866446837 0.135674884569723 0.13653074026258 0.139549656139031 0.142976459715618 0.146670331342309 0.148730139061946 0.14927179074487 0.153836336009462 0.159865321570813 0.165154190546229
-9999 -9999 -9999 -9999 -9999 -9999 -9999 -9999 -9999 -9999 -9999 -9999 -9999 -9999 -9999 -9999 -9999 0.445659010462535 0.424733800226996 0.31023752487574 0.186663352911079 0.0800493701138722 0.0396281472046655 0.0464116640132028 0.0556903966473121 0.0687360340183779 0.059013207636318 0.0460390412766157 0.0342598366999787 0.0274083866193467 0.0193427654585939 0.00126933419032171 0 0 0 0 0 0 0.00824920604752123 0.0162944316344677 0.0491115966169961 0.0908935629255905 0.0153750563953802 0.0103734190344189 0.0541242080398115 0.113915075477807 0.124032530748076 0.128560856304112 0.127223071536726 0.127116109655487 0.127485901776211 0.127479461417157 0.129576440525405 0.131619809995583 0.134886865006429 0.136218303950899 0.138427748121958 0.147383542749767 0.152951839916338 0.160546952140308
-9999 -9999 -9999 -9999 -9999 -9999 -9999 -9999 -9999 -9999 -9999 -9999 -9999 -9999 -9999 -9999 -9999 0.41449411016782 0.407674798465909 0.318199715113017 0.214520425802599 0.0868690953890281 0.0282223460923086 0.0237315438087347 0.0504172173389948 0.0608441813323967 0.0514929914388469 0.0395837678861405 0.0248655659574728 0.0149464124485561 0.00617782060736684 0 0 0 0 0 0 0 0.0164412723257342 0 0 0.0151991125159718 0.0123381783031214 0.0577993916153816 0.0757809182752909 0.103556891850334 0.112616259395563 0.117771418810102 0.117478865781273 0.117621459445446 0.117584713977976 0.116990366256545 0.118484556394017 0.119448870036224 0.12336678847664 0.126806923242833 0.130492815237167 0.138935366173291 0.148043789042983 0.155873352723146
-9999 -9999 -9999 -9999 -9999 -9999 -9999 -9999 -9999 -9999 -9999 -9999 -9999 -9999 -9999 -9999 -9999 0.41127120045533 0.392695706090749 0.33213503888723 0.247565446570744 0.114294329249565 0 0 0.00276016651308893 0.0267511405555264 0.0427010833553454 0.0324706366446985 0.0174530015433022 0.00332003538765124 0 0 0 0 0 0 0 0 0 0 0 0 0.0109118850459515 0.074833405024327 0.0507620553384823 0.0708292899828439 0.0875510021691404 0.102190013918718 0.106660675706272 0.107050322251093 0.107306589337678 0.107860873368076 0.110315449431947 0.112164884805321 0.117498045622166 0.122922963907209 0.128421294702445 0.133238332335609 0.143489296951858 0.15277404845447
-9999 -9999 -9999 -9999 -9999 -9999 -9999 -9999 -9999 -9999 -9999 -9999 -9999 -9999 -9999 -9999 -9999 0.396635377199675 0.394177935524426 0.354656374414591 0.29398506729344 0.113334803850129 0.0060405910822307 0 0 0 0.0312288455580097 0.0240648645776601 0.0100970827110455 0 0 0 0 0 0 0 0 0 0 0 0 0 0 0.0476801250875908 0.0633369049029928 0.0503950221382107 0.0650931333003314 0.0858367671092203 0.0934469384302571 0.095868557360617 0.0972408984860273 0.0981795063885803 0.101910648929295 0.105159815443779 0.109706886753188 0.115605186622768 0.125959731292038 0.128468318539788 0.134472957246419 0.148178508971623
-9999 -9999 -9999 -9999 -9999 -9999 -9999 -9999 -9999 -9999 -9999 -9999 -9999 -9999 -9999 -9999 -9999 -9999 0.436674230511155 0.338630781073639 0.295234065632188 0.167753875383342 0.0366849706192347 0.0161832920160884 0.0275000928759334 0.0202699351009002 0.0171954673081575 0.0126621764287156 0 0 0 0 0 0 0 0 0 0 0 0 0 0 0 0.0314353907072648 0.0500016327297452 0.0397941457238747 0.0161490432149704 0.0719360167279349 0.0815242085552893 0.084791504599299 0.0874130333837002 0.0889314696353371 0.0886141011747924 0.0976189712151089 0.103569678452509 0.108438261412234 0.118075842111122 0.125305929743856 0.130055327484948 0.140322049715042
-9999 -9999 -9999 -9999 -9999 -9999 -9999 -9999 -9999 -9999 -9999 -9999 -9999 -9999 -9999 -9999 -9999 -9999 -9999 0.336195808460561 0.301203945960623 0.205072066183193 0.0487296738964976 0 0 0.0142032232049942 0.00816287077620946 0 0 0 0 0 0 0 0 0 0 0 0 0 0 0 0 0.0281750901243929 0.0341800206695718 0.0385554357930799 0.0260224903238304 0.0650570884895799 0.0721659311741599 0.0754541832519693 0.0790389325551043 0.0808212670909979 0.0821649669821505 0.0868785482353509 0.0946291401130636 0.104070982890482 0.111384496803061 0.118314277728976 0.123551740993233 0.132634146420539
-9999 -9999 -9999 -9999 -9999 -9999 -9999 -9999 -9999 -9999 -9999 -9999 -9999 -9999 -9999 -9999 -9999 -9999 -9999 0.317570429629665 0.306799475377038 0.242078988325434 0.0902344705637691 0.00298988992971793 0 0 0 0 0 0 0 0 0 0 0 0 0 0 0 0 0 0 0 0.0246200166303511 0.0306996229535338 0.0317695271988994 0.0331834683257788 0.0585352601330833 0.0644127177274754 0.0676010191786937 0.071269901116585 0.0731360081728936 0.0767286027990601 0.0813463251242512 0.0875665165799707 0.0964586838396631 0.103728123920196 0.110776091231191 0.116259173344991 0.125000747777469
-9999 -9999 -9999 -9999 -9999 -9999 -9999 -9999 -9999 -9999 -9999 -9999 -9999 -9999 -9999 -9999 -9999 -9999 -9999 0.315393754311449 0.308076579218914 0.257551750098996 0.121083752225112 0.0163438383176817 0 0 0 0 0 0 0 0 0 0 0 0 0 0 0 0 0 0 0 0.0193682603204808 0.0265082642272138 0.0194946286720582 0.0286957358934037 0.0514356614248577 0.0577858414724778 0.0617360992655318 0.0655504730440392 0.067276474085394 0.0718966361552573 0.0775540716249596 0.0824351215817489 0.0899720877737208 0.0975578257824753 0.104663051423526 0.106404804225065 0.118829102785086
-9999 -9999 -9999 -9999 -9999 -9999 -9999 -9999 -9999 -9999 -9999 -9999 -9999 -9999 -9999 -9999 -9999 -9999 -9999 0.311822463944105 0.305855554548222 0.265477399847948 0.138081908004339 0.0181849215508954 0 0 0 0 0 0 0 0 0 0 0 0 0 0 0 0 0 0 0.00462740340888245 0.0188092550508553 0.0135562438094998 0.00540540876949841 0.0246427470815561 0.0450808648004039 0.0521968919106298 0.0569996917158185 0.0611694819705648 0.062621193933381 0.0669873207695378 0.0727341235889275 0.0775934356139272 0.0844277096682305 0.0919158586350173 0.0988828743960091 0.0997718219746857 0.112934730083745
