layers/veg_pts/veg1200.asc
NCOLS 255 
NROWS 330 
XLLCORNER -2985163.8955 
YLLCORNER -3022031.214 
CELLSIZE 25000 
NODATA_value -9999 
[rows 234 to 259 of 330, columns 59 to 117 of 255]
-9999 -9999 -9999 -9999 -9999 -9999 -9999 -9999 -9999 -9999 -9999 -9999 -9999 0.597542660080972 0.576267974330978 0.527027623863609 0.490837585416271 0.479737527893355 0.44607504655206 0.394356029145263 0.301390977112954 0.220194544856008 0.191758902945008 0.197900193631298 0.225114242566828 0.172530660934516 0.168543394126522 0.199623406022368 0.207291786849145 0.192917704635128 0.178630054328584 0.166675877553499 0.166921255617618 0.167267199682607 0.15921776349856 0.164395983117653 0.155844282941043 0.142740359980279 0.130976516339702 0.119404957897913 0.106543906788184 0.0966102821134857 0.081963212285241 0.0752668919299967 0.0686961465589883 0.0611041871650995 0.0533336438734945 0.0489884451896798 0.0416457496733541 0.0302795141708683 0.0175059465437821 0.00645118394978166 0 0 0 0 0 0 0
-9999 -9999 -9999 -9999 -9999 -9999 -9999 -9999 -9999 -9999 -9999 -9999 -9999 0.590311307517847 0.572826996188798 0.529417366599543 0.513170349139469 0.48952581124529 0.453216038790703 0.400822999534448 0.321049883484875 0.248598881496423 0.246190262038208 0.248549123889169 0.246120622697134 0.226757995257387 0.200954007870711 0.197977358850637 0.206326842867875 0.185996257294867 0.188755016123745 0.18907660857876 0.184050473201769 0.179474572036371 0.170296463278008 0.164118491552868 0.155282853377699 0.144668624555328 0.135346332850961 0.124592372655491 0.113899868821918 0.106145544456464 0.0902697887008628 0.0756997722262883 0.0698007346753713 0.0631370252220694 0.058738353700992 0.0536921022174126 0.0449049533606305 0.0317306758909683 0.0191299207300128 0.00661297676453007 0 0 0 0 0 0 0
-9999 -9999 -9999 -9999 -9999 -9999 -9999 -9999 -9999 -9999 -9999 -9999 -9999 0.584543392872217 0.564302634558745 0.519997000652369 0.524818591899263 0.503074854824127 0.466932045301211 0.42152454470194 0.345355147776008 0.259962173957923 0.230003158087442 0.227511615408857 0.203794584850475 0.242894961209517 0.224517850364621 0.214123508907249 0.216141899251322 0.186002624722211 0.193901798093642 0.206605858051939 0.198702455297025 0.192114584783781 0.179130209883441 0.168934885297136 0.159557767989879 0.148596254019774 0.138989945531628 0.12971514106115 0.119863281120935 0.111977993159028 0.0974235744055279 0.0844942219813981 0.0775604780766641 0.0693840827563399 0.0636183942053733 0.058400600923471 0.047905199010216 0.0360441878584501 0.0237831717286918 0.0127343448588581 0 0 0 0 0 0 0
-9999 -9999 -9999 -9999 -9999 -9999 -9999 -9999 -9999 -9999 -9999 -9999 -9999 0.587324303798906 0.565105682706796 0.511474469337553 0.527171903833772 0.515132210638987 0.480371728183966 0.423169585838948 0.361581504292815 0.256439562612664 0.204754397743456 0.259860299267821 0.198183680486697 0.254774187182641 0.256174195130626 0.236265457792773 0.237092142946601 0.228901467665315 0.215323527330578 0.212884237339004 0.204879371880148 0.20094109913228 0.18971583444044 0.178111028365249 0.168092183726058 0.155418946720527 0.144639430110925 0.135075660487157 0.123371185291749 0.111669831866238 0.100729804166251 0.0885962903415776 0.0859801391131033 0.0833852070071781 0.0769237880107314 0.0705481988419959 0.0576074405750864 0.0416375951068451 0.0319400061192871 0.0226261267352059 0.00867797121601536 0 0 0 0 0 0
-9999 -9999 -9999 -9999 -9999 -9999 -9999 -9999 -9999 -9999 -9999 -9999 -9999 0.587717250363484 0.577108092099799 0.53205998111566 0.533674717360185 0.522366747229479 0.483357888470401 0.424919267634723 0.374234980985593 0.317551757080448 0.241082047206074 0.266001440456367 0.23996875589062 0.251223502736791 0.271773463088665 0.247964940977391 0.253801256083735 0.266290513547796 0.249865892509513 0.220700576788651 0.209796693111062 0.20312795777803 0.193758012243987 0.184126538733279 0.177281571909037 0.162072035369046 0.151287489976828 0.141193551603501 0.130129455081154 0.119817540058741 0.108148450326832 0.0972899585346575 0.0909794064395666 0.0862504511919899 0.0850015997050121 0.0834490052529659 0.0655774900957089 0.0612699735796561 0.0435353648047208 0.0330927742006375 0.0215324568702258 0.0155400538330343 0.0105911520133021 0.00301805631212347 0.00143193803961956 0.00473602935292105 0.00352493095634558
-9999 -9999 -9999 -9999 -9999 -9999 -9999 -9999 -9999 -9999 -9999 -9999 -9999 0.587684672504058 0.585727570228141 0.57498487235167 0.555938725870974 0.529541581355747 0.488783494843034 0.449009626454059 0.385356919895041 0.331154456534222 0.273714518041148 0.281808557207239 0.284182588377378 0.288363971408441 0.284461377135876 0.267360226151779 0.275191084648317 0.261335268760776 0.252190694008432 0.23984650682188 0.222381714285781 0.207248652355043 0.193451292384645 0.186615430272293 0.182849492152209 0.170451442845961 0.159010974319354 0.148459334245791 0.137396959228232 0.128271092377425 0.11741060166792 0.107781136500612 0.0978931423348298 0.0948697588214061 0.0929865792075053 0.0865611490634589 0.0757403041803855 0.067065540104281 0.0546459586223611 0.0454290471011924 0.0361717928800849 0.0287041897199016 0.0222418791080123 0.0159468291795161 0.0122039665470056 0.0130891088492623 0.0129854732961782
-9999 -9999 -9999 -9999 -9999 -9999 -9999 -9999 -9999 -9999 -9999 -9999 -9999 -9999 0.578485636857293 0.579413283395406 0.566232091640342 0.545212348385634 0.510341874759145 0.468548565702051 0.403355178905031 0.336332199823346 0.299872888780051 0.280336131248433 0.299483523179948 0.302419270283136 0.293895432611297 0.286040898874537 0.274623025636137 0.264837123891282 0.258156679646171 0.257100064833257 0.240098565255147 0.226018933948321 0.206788206786905 0.194098324813955 0.185678265194633 0.178441229618319 0.166048317315585 0.154433005139411 0.143499693920894 0.134403361514101 0.124912546661519 0.115552409078958 0.105376942160736 0.100494627442108 0.0952454701593079 0.0868398285975284 0.0790795604663797 0.0696792444016156 0.0630074486398703 0.054908628979914 0.0425858358531534 0.0315053360788283 0.0347692786056816 0.0307674479459433 0.0271710245126395 0.0255713160478906 0.0186671676145502
-9999 -9999 -9999 -9999 -9999 -9999 -9999 -9999 -9999 -9999 -9999 -9999 -9999 -9999 0.623692848831818 0.598076812271263 0.589327619054225 0.56143830691062 0.528255374547595 0.4692055613915 0.402053122806917 0.364918856991792 0.322256302889793 0.28776030599666 0.297586159582726 0.297676646993052 0.298827639754423 0.292256353800756 0.282037174804039 0.282603068011953 0.275506568786387 0.267044904424357 0.255892638601187 0.240236831164606 0.21589317324496 0.2034420389687 0.192521946971418 0.181168279789705 0.171170712755046 0.159263710515443 0.148313745133388 0.139124810092224 0.129867832921191 0.120252716587996 0.111338348132597 0.103237065842972 0.0964977072339822 0.0904602147928681 0.082450220294889 0.0753338514474827 0.0682174711749038 0.0606593773730546 0.0572545413306407 0.050379568387501 0.0409412862790931 0.0358378863443164 0.0323241303439377 0.0298160539467894 -9999
-9999 -9999 -9999 -9999 -9999 -9999 -9999 -9999 -9999 -9999 -9999 -9999 -9999 -9999 -9999 0.641929878672517 0.619769604650037 0.589062652218312 0.553564404034895 0.517249200418904 0.404278865239426 0.365541747062322 0.338523409284246 0.311752042221448 0.295775298086936 0.295224187326053 0.296583206349118 0.293670297405293 0.289188027064417 0.285192181495373 0.280968833323768 0.271091435624633 0.246785011300804 0.230560179253048 0.215467611633804 0.208189716237043 0.206406223855089 0.194663396098877 0.178480424402639 0.168426083695795 0.153476705434351 0.143896214175653 0.134393012311988 0.124931867736983 0.116039090216705 0.107405733057449 0.10048255092707 0.0954421919978931 0.0875488650405253 0.080789039642837 0.0726784172239043 0.0654933225664405 0.0611166023054583 0.0532349039039139 -9999 -9999 -9999 -9999 -9999
-9999 -9999 -9999 -9999 -9999 -9999 -9999 -9999 -9999 -9999 -9999 -9999 -9999 -9999 -9999 0.664485353808326 0.636124532220795 0.603791689447071 0.564226895941443 0.488482482310138 0.424126129696464 0.361110371780745 0.36628790443076 0.341303216376099 0.301579587810668 0.307937839271919 0.313202595376053 0.313247772152448 0.310323033741058 0.301329959913124 0.286433209733605 0.254175079641076 0.23321351285222 0.233132057234056 0.228602998837411 0.222191937860269 0.205306145090291 0.190665513966746 0.179486946395881 0.168551603618959 0.162654083320141 0.154424372274372 0.141618770732321 0.131146922925751 0.121768378908868 0.113387406945989 0.105454831940201 0.0984713264585036 0.091595804757909 0.0835082509666174 0.0784008721203725 0.0712391958044813 0.0649489499758787 0.0633008635018904 -9999 -9999 -9999 -9999 -9999
-9999 -9999 -9999 -9999 -9999 -9999 -9999 -9999 -9999 -9999 -9999 -9999 -9999 -9999 -9999 0.67702154461294 0.640115669746788 0.604668063739208 0.573892244774812 0.492951652038841 0.462793358892896 0.39401466550518 0.370988174512461 0.380328953483745 0.33285063378654 0.329782482252806 0.348111125093179 0.344833557047753 0.334748651647649 0.315983251738523 0.289816972637894 0.256078427822704 0.241410450524008 0.233137601031359 0.235712156686898 0.233963163413151 0.225977308169813 0.211346540951255 0.185673026859288 0.173313967841177 0.168055556916574 0.162102017522693 0.149391599782832 0.137638691895544 0.128070042244644 0.119552883081818 0.111358163096788 0.104252963794482 0.0967577989983062 0.0885687849517882 0.0846203114779372 0.0770014672758228 0.0706182732219728 0.0687777453684897 -9999 -9999 -9999 -9999 -9999
-9999 -9999 -9999 -9999 -9999 -9999 -9999 -9999 -9999 -9999 -9999 -9999 -9999 -9999 -9999 0.689956882455526 0.657460481051054 0.61386600880988 0.577369804044548 0.514249924789214 0.495789944421646 0.389086078084184 0.399113120902031 0.413672003706933 0.372253791525983 0.352105388526068 0.364636273540066 0.360782905596385 0.342584784873333 0.315694573778119 0.288424821881766 0.262343838848581 0.250137200815361 0.23758364190391 0.236092184971883 0.234643497018567 0.229025718036197 0.215910458839254 0.194773132670372 0.180095732988714 0.171545936272194 0.163908400911588 0.155612703653176 0.146861504359939 0.137591535842135 0.130474018284748 0.120281660058297 0.112925827011613 0.105226716392625 0.0970783573162048 0.0891315462762277 0.0822444336025226 0.075429524580894 -9999 -9999 -9999 -9999 -9999 -9999
-9999 -9999 -9999 -9999 -9999 -9999 -9999 -9999 -9999 -9999 -9999 -9999 -9999 -9999 -9999 0.698790139376931 0.678269105947242 0.638055444121537 0.586379693856331 0.537297912317577 0.495202532706252 0.433039897524867 0.432657026442359 0.427083904100349 0.387293763527557 0.381061592507191 0.387030635694272 0.366004934405665 0.332072917224475 0.311063275870564 0.283293973477772 0.260672177854471 0.248637080635242 0.241606385375722 0.235197062440961 0.23250020903227 0.226322486640467 0.214294011344417 0.203086348610452 0.187383931565086 0.181402525474729 0.173235033083629 0.160432310800651 0.149994334989535 0.141015671978637 0.13306226446461 0.125239397694121 0.116378336627408 0.109679097597368 0.101401689043791 0.0939194993840196 0.0877725982505984 0.0791254822004094 -9999 -9999 -9999 -9999 -9999 -9999
-9999 -9999 -9999 -9999 -9999 -9999 -9999 -9999 -9999 -9999 -9999 -9999 -9999 -9999 0.697139954304093 0.701214552640697 0.689036686307261 0.663217154915794 0.613397138675521 0.544185236634698 0.51063232114294 0.493557931840537 0.442761091662659 0.436348057726926 0.419054773896329 0.394683232391224 0.390671679530061 0.37128846322023 0.330021644892144 0.304470508761297 0.275794629766514 0.256938607591105 0.245864146417781 0.239380956422399 0.235389026359529 0.231905968203943 0.225227138544412 0.215419423350071 0.20924178822742 0.198658369630279 0.187247867923651 0.180065434641957 0.173471561667825 0.161042279745277 0.147084435318208 0.137470148924412 0.131112605139553 0.124368703318437 0.116777604337755 0.109081347376621 0.100926070817504 0.0950541829660904 0.0908098869730539 -9999 -9999 -9999 -9999 -9999 -9999
-9999 -9999 -9999 -9999 -9999 -9999 -9999 -9999 -9999 -9999 -9999 -9999 -9999 -9999 0.695047571309509 0.706690686510273 0.707217686048649 0.679719223578774 0.649874257941878 0.550101712747695 0.535629585946385 0.502238868806693 0.447883527464933 0.448239927521539 0.441419857817355 0.414649586459436 0.393800832946342 0.353195354307769 0.316907765659724 0.294311578257962 0.272098099653819 0.253582239981879 0.244176367319326 0.239716279749194 0.23565349278146 0.232119325225031 0.223725841388354 0.215623315582834 0.208786902644325 0.202626072595277 0.191646620989075 0.181815158859884 0.176864101285273 0.170363116653981 0.158821287147399 0.143429887188022 0.135876439207621 0.129311199912604 0.124004239933023 0.117301131738038 0.107014488745875 0.10130192209781 0.0971266935427087 -9999 -9999 -9999 -9999 -9999 -9999
-9999 -9999 -9999 -9999 -9999 -9999 -9999 -9999 -9999 -9999 -9999 -9999 -9999 -9999 0.763834037224218 0.749913764217839 0.735483861945061 0.704047126115932 0.644395021059441 0.569963733678916 0.551551122217913 0.48833923677579 0.45117210321131 0.453808181279162 0.442767432260038 0.433358168892115 0.415661817079601 0.36179328082977 0.336553408091937 0.314554340379181 0.273221190750505 0.272040002054186 0.258464022780809 0.252113166229451 0.238248902125177 0.232187476865806 0.222711334878047 0.210721077499153 0.202005033067674 0.198067428332629 0.194610391098 0.183313518009432 0.177057964192149 0.174124432026719 0.165048744106987 0.148850648593545 0.141214564866716 0.133951085286006 0.127487208936621 0.120687327989026 0.113168594035306 0.105855730983736 0.102470416507508 -9999 -9999 -9999 -9999 -9999 -9999
-9999 -9999 -9999 -9999 -9999 -9999 -9999 -9999 -9999 -9999 -9999 -9999 -9999 -9999 0.75515037340284 0.755865587237089 0.751077257778981 0.722394712791826 0.67732699872213 0.58002276485809 0.537650498664465 0.511831870911543 0.467530875680341 0.455554150990514 0.440526902945872 0.435417640059141 0.429999325151645 0.371466476470217 0.353779974873253 0.329323093225727 0.277203692667552 0.270095912362151 0.265730487223949 0.256120909492721 0.24176587549923 0.232623907181946 0.222726397493373 0.202121355583025 0.192849421755427 0.192868636913943 0.192194648115853 0.186137447169881 0.181448508657707 0.180274542147647 -9999 0.151421189263509 0.144708704214297 0.138956050956074 0.130594743964213 0.123614148905607 0.117472541993626 0.107436100501716 -9999 -9999 -9999 -9999 -9999 -9999 -9999
-9999 -9999 -9999 -9999 -9999 -9999 -9999 -9999 -9999 -9999 -9999 -9999 -9999 -9999 0.739752744385731 0.768092300918535 0.761364446269665 0.73270513086002 0.710595639726822 0.65472688798874 0.57075049608356 0.542394728866536 0.509427784983712 0.470760445033399 0.452552524734234 0.442271857522875 0.434852999250233 0.384367590423715 0.371320688181968 0.352780706804665 0.309019847278021 0.290162098635823 0.275339467750472 0.255285094803611 0.233811187795307 0.215305456109922 0.190459008924557 0.175589447422203 0.174535224985949 0.182236219572152 0.187143817586882 0.188622150169474 0.185074539128208 0.186032387573839 -9999 -9999 -9999 0.141896442761744 0.133030509912269 0.125941822420525 0.119064915735299 -9999 -9999 -9999 -9999 -9999 -9999 -9999 -9999
-9999 -9999 -9999 -9999 -9999 -9999 -9999 -9999 -9999 -9999 -9999 -9999 -9999 -9999 0.775359922652838 0.785769977350098 0.774948447276916 0.754542399761341 0.70797079109412 0.681793159528581 0.640446111775864 0.559035960564802 0.541765311462533 0.501548437002917 0.479413313136974 0.457747673281405 0.427908804620961 0.402279864940718 0.388517194398081 0.366075781259209 0.332780413958704 0.30663537491687 0.281529305834944 0.253484937452943 0.227637984448505 0.199988754556101 0.182678335339657 0.153300630385472 0.165361676087238 0.177739948574697 0.188717981576139 0.190939560118011 0.186952473967459 0.189702162406349 -9999 -9999 -9999 -9999 -9999 -9999 -9999 -9999 -9999 -9999 -9999 -9999 -9999 -9999 -9999
-9999 -9999 -9999 -9999 -9999 -9999 -9999 -9999 -9999 -9999 -9999 -9999 -9999 0.829455562891691 0.812564544596925 0.806743845028466 0.795469170815576 0.774237861109637 0.730667620751233 0.65625957308984 0.660056476146276 0.586755038778922 0.522592221549313 0.49553795410493 0.504557881906743 0.469366833261621 0.427912826310153 0.415364543246505 0.396449811643827 0.360546531560143 0.328166698759659 0.313593395190759 0.280243717938975 0.255372224466394 0.234386250909232 0.205421187518466 0.205692957764413 0.175580345391583 0.179735312399324 0.18840219237184 0.191192044735531 0.189829790631622 0.186200754564829 0.192577060501249 -9999 -9999 -9999 -9999 -9999 -9999 -9999 -9999 -9999 -9999 -9999 -9999 -9999 -9999 -9999
-9999 -9999 -9999 -9999 -9999 -9999 -9999 -9999 -9999 -9999 -9999 -9999 -9999 -9999 0.825977423435496 0.825295792825335 0.816216352347245 0.781642416334769 0.744741267617408 0.687393739414223 0.65978560434261 0.592541315013307 0.588914328643062 0.52690744600433 0.52319651685848 0.506970729925728 0.467401564313021 0.431274523893224 0.395513921939193 0.355125066375792 0.32334144652156 0.299838044350543 0.280905467682387 0.250686076159406 0.237540366791805 0.214793514362309 0.217322742684086 0.218197980178616 0.205688780939111 0.202113331101859 0.200302062658371 0.197836099473322 0.193110889004187 0.19803649394936 -9999 -9999 -9999 0.173802379513543 -9999 -9999 -9999 -9999 -9999 -9999 -9999 -9999 -9999 -9999 -9999
-9999 -9999 -9999 -9999 -9999 -9999 -9999 -9999 -9999 -9999 -9999 -9999 -9999 -9999 0.859878873892784 0.847760169225616 0.826771155106615 0.769202033528618 0.763178175138983 0.71418208547483 0.686388961164979 0.654272867603616 0.588913212484807 0.595696817942874 0.56319695135469 0.532989721407523 0.509038880582753 0.462443413632442 0.411090339997417 0.367457063138156 0.331208165959525 0.275129031408225 0.277401874970364 0.245677442066489 0.240493853584417 0.234258623176676 0.236622241212561 0.237121237906755 0.220184486664635 0.213102531989907 0.211454225435274 0.208933837730574 0.206237476816263 0.206753559656927 0.199615300445045 -9999 -9999 0.173912270349551 0.171259934898851 -9999 -9999 -9999 -9999 -9999 -9999 -9999 -9999 -9999 -9999
-9999 -9999 -9999 -9999 -9999 -9999 -9999 -9999 -9999 -9999 -9999 -9999 -9999 0.832139819690551 0.858429771669435 0.85997084121416 0.857531238909812 0.787106139386615 0.783301736578456 0.729264090745419 0.671556984801865 0.667414726020335 0.61211915654221 0.640693197988502 0.597663546393399 0.569833601024145 0.519093062022393 0.486969992046979 0.444756682157903 0.389038871498021 0.337623841357536 0.283196755498781 0.283598902853319 0.262433466774703 0.246453308405125 0.246285206427097 0.253192589031623 0.248422134931379 0.234098606112034 0.224818556170297 0.225162377779744 0.219692492680787 0.215698947069271 0.212930759530241 0.203191313343389 0.198457729386215 0.186566732568654 0.183907002337473 0.176628028744235 -9999 -9999 -9999 -9999 -9999 -9999 -9999 -9999 -9999 -9999
-9999 -9999 -9999 -9999 -9999 -9999 -9999 -9999 -9999 -9999 -9999 -9999 -9999 0.827659231214114 0.849516226344795 0.864417517263962 0.861127964791818 -9999 0.781203122694209 0.752640105627973 0.697773875787333 0.700877073381074 0.68848846772214 0.637078036742467 0.608615685751085 0.580484807627489 0.523014375297616 0.489192447930353 0.467028088577152 0.412244497092048 0.36549936152371 0.332783380020551 0.321254509973183 0.292601500712275 0.256843924537037 0.247474545321644 0.259165014435743 0.270625623906278 0.256267313713049 0.242253500983465 0.238449344150588 0.230596403995389 0.224098890103394 0.218956417240256 0.208697103284386 0.198710844098278 0.189383886218113 0.192320124827977 0.182031393504743 -9999 -9999 -9999 -9999 -9999 -9999 -9999 -9999 -9999 -9999
-9999 -9999 -9999 -9999 -9999 -9999 -9999 -9999 -9999 -9999 -9999 -9999 -9999 0.857179563147033 0.841990537917057 0.878242813026433 -9999 -9999 0.752008803862061 0.764205111759646 0.719273763533719 0.714280138448005 0.712854470202208 0.637814715021039 0.633035922646647 0.60893187931335 0.576308369113059 0.529579733358621 0.497931977264241 0.421488938993534 0.377866181222825 0.320632365348418 0.321684802816443 0.289283380477531 0.269512246577349 0.263895421815601 0.276238824706291 0.296046923946249 0.278354172125591 0.259859940615774 0.248135174028195 0.238058788375489 0.230422588447984 0.22328630499131 0.217931948537218 0.212327203459393 0.194385717184899 0.197103605233897 0.190604751404077 -9999 -9999 -9999 -9999 -9999 -9999 -9999 -9999 -9999 -9999
-9999 -9999 -9999 -9999 -9999 -9999 -9999 -9999 -9999 -9999 -9999 -9999 -9999 0.889346078854991 0.885194757568464 0.880507725400842 -9999 -9999 0.781662714763817 0.746844154797944 0.698155942517351 0.690386164136168 0.712144636386944 0.666858914545059 0.650038004028974 0.625013956646867 0.581391942159627 0.521029969378106 0.473100349839282 0.433675459879642 0.388383331854786 0.363673025151526 0.317939858917316 0.292378905411703 0.299985656044806 0.299531517109584 0.312557254864281 0.306735255149376 0.289717501142483 0.26841711799923 0.253747644105227 0.245885577552852 0.236992978010171 0.231390413487029 0.224795182389401 0.214835013337971 0.196620047348009 0.198393014818068 -9999 -9999 -9999 -9999 -9999 -9999 -9999 -9999 -9999 -9999 -9999
