layers/veg_pts/veg2500.asc
NCOLS 255 
NROWS 330 
XLLCORNER -2985163.8955 
YLLCORNER -3022031.214 
CELLSIZE 25000 
NODATA_value -9999 
[rows 182 to 207 of 330, columns 116 to 173 of 255]
0.0207130224149234 0.0209986741941799 0.0218218640621731 0.0239029959467088 0.0257716262250268 0.0302048569358645 0.035220088890182 0.041000605182545 0.047535691745367 0.0536010776386249 0.0625011213470309 0.0722985533557089 0.0823469950129124 0.0919797894674597 0.105223737622565 0.115381565667778 0.129131898342153 0.14857331680494 0.164629720984917 0.17577107081658 0.195445212421599 0.218085969708716 0.234516139705397 0.269051236229922 0.295636492525202 0.302422310493635 0.315967665109867 0.325353454973254 0.353240722186421 0.36319537758247 0.393042007382854 0.406196179427199 0.404210106468971 0.397646826188551 0.402154148493229 0.410972531841733 0.423023031030942 0.424628543696341 0.433404767158806 0.433984134769903 0.432650923444355 0.4320717807949 0.442373834374703 0.450696548726114 0.453194105225344 0.518062176094558 0.585953122578067 -9999 -9999 -9999 -9999 -9999 -9999 -9999 -9999 -9999 -9999 -9999
0.0162206518592104 0.0163557235389854 0.0174078769251642 0.0192405879398156 0.0215084894371135 0.0253892376440856 0.0302807344840563 0.0358627519445912 0.0422856008478444 0.0482497477167271 0.0569901996141113 0.0665084321598808 0.0757006099759739 0.0858928282114837 0.100194964786576 0.113372545746987 0.127644046169164 0.144801918138232 0.159874670812901 0.167870580830089 0.186304389626818 0.215399238932352 0.23480665574623 0.266785886118138 0.290660806986831 0.288135456464792 0.30417444758148 0.329939246584338 0.351171164648414 0.365497992877168 0.385725907138229 0.406306879625631 0.40490263204132 0.398314527673912 0.395839800346524 0.404453606185784 0.419395795450934 0.428823823060914 0.433259989846659 0.43168008677113 0.437434012014319 0.436384236681093 0.440911343149403 0.454628038098167 0.480079486431655 0.546449243433038 0.580531602124654 -9999 -9999 -9999 -9999 -9999 -9999 -9999 -9999 -9999 -9999 -9999
0.0119330218173638 0.0118907625816173 0.0129109303326063 0.0145484380347476 0.0170234447274803 0.0205196032060583 0.025462797464514 0.0308678910684787 0.0372840092981751 0.0429330645196328 0.0514360813688654 0.0606171398370391 0.0711956764444134 0.0818109366630553 0.0935011921619352 0.10693491120898 0.122694373740014 0.139212729573698 0.15353550902561 0.164626255322236 0.189342966782882 0.210460095083794 0.24229249060154 0.264800826499299 0.271252158129721 0.288327088413008 0.314480459887166 0.341533016617486 0.369187344539306 0.389255924698168 0.398302256102797 0.414670744271721 0.409158560653725 0.401904986684081 0.396460641176599 0.397399998735466 0.408762240130925 0.414155053657469 0.419373034150923 0.424387509097918 0.441743440568796 0.443337956103318 0.437513289289605 0.47035922580615 0.523621826845077 0.563234310965091 0.583115209091274 -9999 -9999 -9999 -9999 -9999 -9999 -9999 -9999 -9999 -9999 -9999
0.00794992509854335 0.00798494186856155 0.0086672646090754 0.0102428313820453 0.0122854643766863 0.0161375475967893 0.0207398654986973 0.0261746057140513 0.0324584211577956 0.0379436568369887 0.0458852348044004 0.0548345547103033 0.0653141074449959 0.0756937094628919 0.0857057723920836 0.098031531330006 0.115612879988228 0.133902089787055 0.144714457125658 0.163865743687395 0.191011510302384 0.216151278695971 0.230705330810569 0.247571200502627 0.259735031709572 0.296195321099152 0.326051458208283 0.347430849153835 0.379292467309793 0.403373125430839 0.417161057906773 0.426922718901621 0.421561103928111 0.413193021693409 0.41042584118801 0.408149508988096 0.416956641637017 0.40521129089719 0.406580065214839 0.423336540274732 0.443258431651779 0.455510540148332 0.446999700649875 0.490645759537116 0.539925694259051 0.568406327261193 -9999 -9999 -9999 -9999 -9999 -9999 -9999 -9999 -9999 -9999 -9999 -9999
0.00426068646603688 0.00390025565781391 0.00472653521469724 0.00583260010588935 0.00773130219818953 0.0114234353652188 0.0160981902353 0.0214950283817382 0.027718938828604 0.0331453895999731 0.0410062425258976 0.0498482039816128 0.0599478196275063 0.0714632161978337 0.0842505721042567 0.0958907036971673 0.111293284679567 0.128180181065629 0.143375962883409 0.163994514880622 0.185627054039568 0.203360333693867 0.214133780718303 0.242731117752689 0.266076950319345 0.307263879393288 0.329990005050717 0.352641438960419 0.384291292029305 0.409725492480517 0.432781523661527 0.444622352026746 0.444682201133461 0.435586685088747 0.437185707281231 0.443261235392942 0.440961843046637 0.422829323992414 0.418873286648261 0.412530149103284 0.433214610967163 0.469123087971922 0.48308531776752 0.500679733854663 0.5351389155172 0.559359996747462 -9999 -9999 -9999 -9999 -9999 -9999 -9999 -9999 -9999 -9999 -9999 -9999
0.00151109573289348 0.00114208150503845 0.00177740233481809 0.00281802326414132 0.00478677452565161 0.00808976946568542 0.0128533230972574 0.0181601061594347 0.0234411328614233 0.0280049074547249 0.0359688974014874 0.0458736139768574 0.0568045136059677 0.0680947252841771 0.0810478507276369 0.0923110364127518 0.107698223637478 0.12536210475646 0.14301915434204 0.163447816499886 0.179421263814594 0.190011872425041 0.205154014446944 0.242851855673984 0.278644009493145 0.311716511580862 0.330508159807322 0.352552616465298 0.388105530335874 0.411420111928243 0.436470277952553 0.46147290841398 0.467216130411069 0.466246395627268 0.478003270911486 0.457748881602189 0.44092859126761 0.439291094922881 0.440081721252889 0.418395282087544 0.435187222766207 0.483438286104443 0.481735715214464 0.49175200648802 0.524782162438574 0.557890321370454 0.575357288223718 -9999 -9999 -9999 -9999 -9999 -9999 -9999 -9999 -9999 -9999 -9999
0 0 0 0 0.000858510583871752 0.00408066776512531 0.00887958009267478 0.0137671595724685 0.0181489837815825 0.0229902692517562 0.030810300012405 0.0402695100640023 0.0510842534047095 0.062823849311322 0.0763489581633832 0.0877396158997175 0.102440779970321 0.120577003103949 0.137762812101511 0.157210727511059 0.172331777677701 0.187601510025266 0.208740282070752 0.246320231514161 0.283550047135064 0.30954364519148 0.328362375819874 0.346587944248824 0.386490217125397 0.407410863005614 0.425020549608077 0.444633280783737 0.472154192489961 0.485319153570966 0.481129570406604 0.464492834433365 0.454083471864009 0.443436334068794 0.446180526390687 0.424681432860595 0.430188983031481 0.475449665904062 0.478088481692814 0.485425206905874 0.51778021965219 0.558014866505447 0.577097358230108 -9999 -9999 -9999 -9999 -9999 -9999 -9999 -9999 -9999 -9999 -9999
0 0 0 0 0 0 0.00459211900083461 0.00902400372783321 0.0126612454278561 0.0177852921678648 0.0254221403724681 0.0344953008911512 0.044776338559421 0.0569131937490456 0.0709015666922883 0.082282395994777 0.0967407352861047 0.114028195357147 0.129842655083042 0.148843961297133 0.169166580617579 0.192073080151243 0.218651707652651 0.248015637515034 0.276379804562917 0.303797488471667 0.322510793981841 0.343613466204397 0.370985321612673 0.403221931983547 0.422047048608919 0.435909870447402 0.457039269364569 0.4761341205109 0.48304650400602 0.475191679752775 0.465666417594 0.453103748979336 0.446653895794269 0.431489332924385 0.431675795712606 0.455724001490271 0.464930719211019 0.474029447755939 0.504180324414591 0.551377077718206 0.563652814201691 -9999 -9999 -9999 -9999 -9999 -9999 -9999 -9999 -9999 -9999 -9999
0 0 0 0 0 0 0.00024888152795935 0.00426217022143264 0.00738756806507805 0.0125305951512906 0.0201297303909658 0.029323373257538 0.0394794212045961 0.0516358111117925 0.065343409480459 0.0763141397005344 0.0915814245534767 0.107863353131814 0.124362736627875 0.145930764277041 0.172484630450726 0.190844022200541 0.218681611521977 0.236456275598321 0.261127708807767 0.295138005486618 0.314437126320235 0.335390838976903 0.365699512014361 0.401897289369743 0.419673816741394 0.438188598245284 0.468886794857742 0.481539216871529 0.479724185995703 0.473836804501195 0.470715008943106 0.462254375124198 0.446203217609266 0.432913669262661 0.426215827474681 0.424119580686843 0.42783807175959 0.444831631857128 0.462624832714684 0.526076931401139 0.560387032751061 -9999 -9999 -9999 -9999 -9999 -9999 -9999 -9999 -9999 -9999 -9999
0 0 0 0 0 0 0 0 0.00238345215009333 0.00743556969394411 0.0153801506272521 0.0244377558979509 0.0349427241604293 0.0468586567349482 0.059963776268164 0.0705994484105332 0.0853215462796017 0.101968004937197 0.12124689843025 0.145871326577861 0.168388525145764 0.190115904089703 0.209457859775163 0.23760195157813 0.261947341140523 0.292275603990137 0.318004284846181 0.341458836170458 0.368337914293004 0.402218514278768 0.424173882042863 0.443192672986924 0.47026594297145 0.478794156951826 0.479733387137779 0.474869731383764 0.471391073247113 0.465400811300298 0.445713626949352 0.426992544752839 0.403290192429008 0.386647570048137 0.38965318515455 0.443225655207845 0.455368374674105 0.543806375291066 0.562845124683131 -9999 -9999 -9999 -9999 -9999 -9999 -9999 -9999 -9999 -9999 -9999
0 0 0 0 0 0 0 0 0 0.00233490746839595 0.0111667790558372 0.0201999826811588 0.030378597583677 0.0417647822277699 0.0543266102525815 0.064899119438811 0.0800101685938848 0.0970892161306091 0.118632574579365 0.141183753308093 0.163332666988564 0.185236708350826 0.204392211721246 0.231924076664233 0.259915808489915 0.295067972759279 0.320772948887369 0.342375047046068 0.371456270839678 0.40577222583729 0.431287150734102 0.452808364043715 0.467488970409229 0.473849946448198 0.483875366980406 0.484312975715946 0.47327136497915 0.463775293531017 0.447026721749225 0.430103787131722 0.408761748827838 0.365681295158007 0.405516356761624 0.477887554467792 0.499040373122465 0.555957768689232 -9999 -9999 -9999 -9999 -9999 -9999 -9999 -9999 -9999 -9999 -9999 -9999
0 0 0 0 0 0 0 0 0 0 0.00704017889222509 0.0154218812146085 0.024099102911886 0.0357965657508031 0.0489761509461791 0.0596456650075474 0.0750236633006636 0.0938767909458031 0.112320500525145 0.134752726266191 0.156736600725464 0.177192156662488 0.198936950604426 0.228937648266943 0.256695444267844 0.289744347930169 0.316381204258522 0.34227008912096 0.375091738443908 0.412036401474786 0.439643025726202 0.458207689050238 0.47290341005869 0.480097532508033 0.492522666447897 0.497299261374013 0.483279045090371 0.466385067057561 0.45758999770539 0.440442057093089 0.414741756345146 0.396767576714314 0.428428032351989 0.491405790616273 0.530053760483288 -9999 -9999 -9999 -9999 -9999 -9999 -9999 -9999 -9999 -9999 -9999 -9999 -9999
0 0 0 0 0 0 0 0 0 0 0.000802459127640491 0.00947452594057272 0.019579146185359 0.0311097287109114 0.0440408137825788 0.0545729649050185 0.0704670857992711 0.0886211010407591 0.10639625046916 0.125873599487597 0.147270504795716 0.167407393255068 0.188352200000919 0.220527351432862 0.248258424617399 0.279486898680114 0.308978408900821 0.343137773101855 0.380276846001887 0.414879779386439 0.439496300042334 0.453637155351039 0.48198903485559 0.499705051123223 0.511866535659508 0.509218251812519 0.500859279002846 0.485448921179598 0.45830413711133 0.435155139520751 0.407968295709905 0.454862444626405 0.490661272358299 0.517843165958072 0.542114397712634 -9999 -9999 -9999 -9999 -9999 -9999 -9999 -9999 -9999 -9999 -9999 -9999 -9999
0 0 0 0 0 0 0 0 0 0 0 0.0054761392803344 0.016405018617015 0.0274876138627831 0.0404457863868975 0.0507885961216103 0.0660005977147717 0.0833039593512566 0.100795912778308 0.119302752546377 0.140429298924985 0.156699265457715 0.176117937406438 0.209738224518572 0.238608337008746 0.271483626981577 0.301470455624824 0.34281258766266 0.386438125733755 0.408621124409321 0.419073476491001 0.44909554696723 0.468681823046591 0.493002449822918 0.519496636126752 0.533723237055773 0.507087162988891 0.482447986239815 0.462660658578794 0.45186165482755 0.433274788605581 0.506470202407289 0.528895446599241 0.533750881837978 0.543580023462127 -9999 -9999 -9999 -9999 -9999 -9999 -9999 -9999 -9999 -9999 -9999 -9999 -9999
0 0 0 0 0 0 0 0 0 0 0 0.00131387208573944 0.0126132154776075 0.0237293757260362 0.036654790127127 0.0474676603683064 0.0622050469891512 0.0789269696362305 0.0959307450734038 0.115164431438621 0.135224267496434 0.147057633846906 0.169236334473549 0.204894326117248 0.234935417104015 0.268877392719919 0.292113132062379 0.339890799745599 0.387854493118694 0.409156773599784 0.421619542817381 0.46927495959796 0.492134184568054 0.51392276547851 0.525647197243878 0.519337419812439 0.5040281032588 0.480810337460787 0.460430733748051 0.455740537883176 0.461554231339975 0.531967314734071 0.533442311240336 -9999 -9999 -9999 -9999 -9999 -9999 -9999 -9999 -9999 -9999 -9999 -9999 -9999 -9999 -9999
0 0 0 0 0 0 0 0 0 0 0 0 0.00815309742279224 0.0196270000102469 0.0326215535906519 0.0431647653255346 0.0584220763565529 0.0742673487941462 0.0916824575040858 0.110195026086249 0.12881316121802 0.143234533138596 0.171697554060229 0.208147750957504 0.238382831057075 0.270033311760718 0.290186798907279 0.337516147943211 0.395037410813035 0.404617543160889 0.440027891394884 0.476086505263437 0.524362760866388 0.538431856917642 0.546149121241312 0.540523298586317 0.519201319805279 0.498750158146884 0.464728849608802 0.452570227130684 0.483137934425864 0.535688204774228 -9999 -9999 -9999 -9999 -9999 -9999 -9999 -9999 -9999 -9999 -9999 -9999 -9999 -9999 -9999 -9999
0 0 0 0 0 0 0 0 0 0 0 0 0.00432119199179422 0.0156904122066527 0.0291354474623029 0.0365633631626913 0.0520634495749669 0.0666210301939907 0.0865077819078128 0.106418808739821 0.131605664817605 0.154714622685635 0.185916966710037 0.219942435412649 0.25508604575854 0.29059664953835 0.297229403363434 0.349200665003845 0.405128339277364 0.415006218716221 0.454594878685766 0.496180986368414 0.538273474483091 0.554729399193099 0.56781722005648 0.570865650146379 0.553262843626145 0.541275592946616 0.495169282584975 0.478468823268311 0.511758133385339 0.537310021576815 -9999 -9999 -9999 -9999 -9999 -9999 -9999 -9999 -9999 -9999 -9999 -9999 -9999 -9999 -9999 -9999
0 0 0 0 0 0 0 0 0 0 0 0 0.0015429941782388 0.0108815223465574 0.0214194071895888 0.0268158396080706 0.0434443052950327 0.0568777826377861 0.0800648026622803 0.102040077303319 0.127256689762031 0.155235009783857 0.182652631436132 0.217271632912604 0.255334007188987 0.295635341782384 0.31779617258873 0.361760546855935 0.405667283052005 0.433168374916883 0.470256707595089 0.509453479231651 0.539238406562012 0.559759510216649 0.577086910449546 0.584806060918561 0.586403817219697 0.58158083303279 0.552510583317709 0.552462635956499 0.554790717373076 -9999 -9999 -9999 -9999 -9999 -9999 -9999 -9999 -9999 -9999 -9999 -9999 -9999 -9999 -9999 -9999 -9999
0 0 0 0 0 0 0 0 0 0 0 0 0 0.00639165641560172 0.0183581560142125 0.0250983980691963 0.0367462907809758 0.0531018267375255 0.0730844948716171 0.0993779199877081 0.122722666761994 0.149593863921896 0.179143546546183 0.213483960762823 0.252673665190519 0.293648275609003 0.323334778995951 0.361681616080327 0.402759977046684 0.441925187667024 0.477679864609205 0.510988216684933 0.53429878926865 0.554456910166965 0.574114325076289 0.584657933820469 0.581887851453295 0.578037797594878 0.559032507377717 0.562499072637084 0.556247865584285 -9999 -9999 -9999 -9999 -9999 -9999 -9999 -9999 -9999 -9999 -9999 -9999 -9999 -9999 -9999 -9999 -9999
0 0 0 0 0 0 0 0 0 0 0 0 0 0.00356591389389368 0.0157937359806642 0.0176516986865082 0.0332930835936165 0.0443456869192749 0.063428547238605 0.0913256039661735 0.11731180198983 0.144509073030825 0.174930020403424 0.20906951768013 0.248447715101622 0.287892091720509 0.31413712974819 0.353323210829322 0.39793326956965 0.43491655665515 0.470408309032615 0.50351741680689 0.523258863673747 0.542774163657283 0.566685589873369 0.580300685920573 0.578443625325336 0.579416816827098 0.568977430184874 0.563171412897795 -9999 -9999 -9999 -9999 -9999 -9999 -9999 -9999 -9999 -9999 -9999 -9999 -9999 -9999 -9999 -9999 -9999 -9999
0 0 0 0 0 0 0 0 0 0 0 0 0 0 0.00919007306006745 0.0123752542964002 0.0282490759175425 0.0419698742935982 0.0570845924199459 0.0825806227418942 0.113630613253863 0.140850886427995 0.170793430225042 0.203078890069727 0.237619638602728 0.274546261096855 0.301196253235008 0.342272588854732 0.389371719175523 0.419288187454771 0.452216425506411 0.484893491864296 0.500857747486152 0.526381559846817 0.562187983483134 0.578003067126373 0.580251119267697 0.578936203608349 0.569222244855649 -9999 -9999 -9999 -9999 -9999 -9999 -9999 -9999 -9999 -9999 -9999 -9999 -9999 -9999 -9999 -9999 -9999 -9999 -9999
0 0 0 0 0 0 0 0 0 0 0 0 0 0 0.00204695168883292 0.00852108918585836 0.0215395569785335 0.0390849164101564 0.0511666612378044 0.0761412893375955 0.11097852503786 0.136421419315164 0.166356810509725 0.194905619766349 0.220256687220162 0.252395249427641 0.288815053187941 0.326853572326138 0.375979886422672 0.403362356690012 0.435184292442058 0.467329125471055 0.488322474491387 0.52519489856973 0.558675067179782 0.573729296136514 0.580208686078551 0.570240408363151 0.568064619464744 -9999 -9999 -9999 -9999 -9999 -9999 -9999 -9999 -9999 -9999 -9999 -9999 -9999 -9999 -9999 -9999 -9999 -9999 -9999
0 0 0 0 0 0 0 0 0 0 0 0 0 0 0 0.00583097517325749 0.0153616787999309 0.0301645337058651 0.045346948153861 0.0733890806230135 0.10723177670648 0.129683388543581 0.159739343546587 0.186317114039564 0.213273076805036 0.242717302448711 0.284793082209745 0.326254210054239 0.36753962560326 0.401655113405658 0.441403477243323 0.4785260986539 0.497171867508245 0.529503343060705 0.554658564517651 -9999 0.568204665289911 0.567966141162315 0.566784255513701 -9999 -9999 -9999 -9999 -9999 -9999 -9999 -9999 -9999 -9999 -9999 -9999 -9999 -9999 -9999 -9999 -9999 -9999 -9999
0 0 0 0 0 0 0 0 0 0 0 0 0 0 0.000339854528365318 0.00548634373319801 0.0122573547775469 0.024707428000039 0.0501963459985539 0.0773558471483577 0.104045794613806 0.126837743400742 0.156406509284743 0.186105672281149 0.207388900111646 0.239905776026829 0.269323297114485 0.314981291611316 0.354105620370547 0.393688548108051 0.432657163664584 0.472871699454671 0.498286679715198 0.528230142373094 0.550327702013529 0.553284877460497 0.559935570568837 0.564377026612754 -9999 -9999 -9999 -9999 -9999 -9999 -9999 -9999 -9999 -9999 -9999 -9999 -9999 -9999 -9999 -9999 -9999 -9999 -9999 -9999
0 0 0 0 0 0 0 0 0 0 0 0 0 0 0 0.0017550952014861 0.00780786632088892 0.0227286594798751 0.0542829235358181 0.0776985060342404 0.101064159675994 0.120357652163533 0.148989824623772 0.18462503149129 0.216697841862891 0.247192591961432 0.271737573148649 0.305744300362794 0.343324251817441 0.38409545682764 0.422377030758861 0.467715157450685 0.495679061603414 0.5262871340168 0.547582541144954 0.552146097440119 0.559738588833139 0.562130652684598 -9999 -9999 -9999 -9999 -9999 -9999 -9999 -9999 -9999 -9999 -9999 -9999 -9999 -9999 -9999 -9999 -9999 -9999 -9999 -9999
0 0 0 0 0 0 0 0 0 0 0 0 0 0 0 0 0.00492413882620481 0.0268557914317649 0.0540129021341133 0.0760249079187739 0.0969708505793264 0.116525029455075 0.145283812632129 0.182431192510863 0.215966370932829 0.248504086504939 0.270743040194701 0.298736163958765 0.340947906691113 0.381322251183932 0.420590527117877 0.468042090893054 0.49272554627842 -9999 0.528330141407671 0.543429025246162 -9999 -9999 -9999 -9999 -9999 -9999 -9999 -9999 -9999 -9999 -9999 -9999 -9999 -9999 -9999 -9999 -9999 -9999 -9999 -9999 -9999 -9999
