layers/veg_pts/veg2300.asc
NCOLS 255 
NROWS 330 
XLLCORNER -2985163.8955 
YLLCORNER -3022031.214 
CELLSIZE 25000 
NODATA_value -9999 
[rows 130 to 155 of 330, columns 174 to 231 of 255]
0.579061327549195 0.563236582301228 0.5684195773948 0.554185516658894 0.557763478298694 0.565228973058356 0.580217537430613 0.589421164966702 0.596365779444227 0.60830056036507 0.619907344917529 0.632821848039913 0.641856564871013 0.646813930132269 0.651588328394105 0.654653012925635 0.658014048799951 0.653533022818345 0.640575366534667 0.666577984866073 0.678174538550946 0.695996873318118 0.693559645762823 0.699579827591128 0.724004793021364 0.72607037171888 0.723425567245293 0.731541329895691 0.69019699134778 0.724208918512112 0.739981577881115 0.749559568056228 0.766452417887656 -9999 -9999 -9999 -9999 -9999 -9999 -9999 -9999 -9999 -9999 -9999 -9999 -9999 -9999 -9999 -9999 -9999 -9999 -9999 -9999 -9999 -9999 -9999 -9999 -9999
0.55188732487231 0.542262398188238 0.555243789902343 0.551633211789463 0.559993348453669 0.564934748459345 0.578061712710902 0.577506070681258 0.591801008300662 0.599779424774 0.613076978783874 0.631896231940332 0.641147755270955 0.646039632899226 0.650647829666355 0.649148348406798 0.651425368853307 0.647573853549244 0.645775506574767 0.671899222146947 0.678448867333928 0.684173259522548 0.68802519597908 0.703840413376167 0.710453879627692 0.708667361260904 0.678835278615994 0.704766229749541 0.730195100147955 0.746849748692869 0.750315366486256 0.753803965066858 0.769257955902923 -9999 -9999 -9999 -9999 -9999 -9999 -9999 -9999 -9999 -9999 -9999 -9999 -9999 -9999 -9999 -9999 -9999 -9999 -9999 -9999 -9999 -9999 -9999 -9999 -9999
0.532432324792782 0.5294147446015 0.543171887261246 0.556230170163836 0.562804348727261 0.570352073154507 0.567677243170298 0.577497856407 0.581288309506856 0.589402532493703 0.602747519643138 0.631167032923381 0.642371319288997 0.648254438755134 0.653559562492785 0.644660510929656 0.645850241575878 0.641307462456085 0.642421359606132 0.660501390590372 0.668821634779419 0.671182848884097 0.678807664606612 0.69408826911431 0.687562112932463 0.696440088863909 0.691621846900235 0.705977675771644 0.738890660792688 0.749245356490713 0.758446516645233 0.757721605285642 0.771216482369043 0.773789928800462 -9999 -9999 -9999 -9999 -9999 -9999 -9999 -9999 -9999 -9999 -9999 -9999 -9999 -9999 -9999 -9999 -9999 -9999 -9999 -9999 -9999 -9999 -9999 -9999
0.527563170854737 0.529970759152014 0.538055781725772 0.556125936269935 0.557788025388902 0.562189060124744 0.580435902928886 0.584237774589225 0.582737196918905 0.587973006127743 0.604763796587099 0.632956533567472 0.643160232455602 0.646729162443869 0.65301340271657 0.63054361926639 0.640702182139348 0.637505879527573 0.641776200285961 0.657128253569647 0.665214479820855 0.671161669481421 0.684021011034217 0.691583539208191 0.675159540109484 0.663776892057822 0.678095234552547 0.710895314399967 0.740228072794108 0.747508066658354 0.760082284957295 0.768100066278147 0.772696007021247 -9999 -9999 -9999 -9999 -9999 -9999 -9999 -9999 -9999 -9999 -9999 -9999 -9999 -9999 -9999 -9999 -9999 -9999 -9999 -9999 -9999 -9999 -9999 -9999 -9999
0.530198761495552 0.541772865302804 0.544618959659373 0.551776306221579 0.558015130020368 0.56306332077567 0.58543771394227 0.587562412991714 0.590680982076366 0.594099902583981 0.61954304586809 0.633742125020526 0.64113928997161 0.648990166630091 0.655943384606799 0.6284393321471 0.624498769399138 0.626380031296087 0.628607235663359 0.647609306202672 0.661397610763229 0.674173586290254 0.688664087166965 0.683136203532806 0.667486672262605 0.677965280881895 0.691957959407272 0.704652562227845 0.736818819481324 0.746160810328508 0.759651453474332 0.773402834466572 -9999 -9999 -9999 -9999 -9999 -9999 -9999 -9999 -9999 -9999 -9999 -9999 -9999 -9999 -9999 -9999 -9999 -9999 -9999 -9999 -9999 -9999 -9999 -9999 -9999 -9999
0.56086188078207 0.569465774944545 0.569985660136787 0.565600441819407 0.566298092835486 0.573449756155574 0.589135913526305 0.596033162458451 0.601021995535808 0.604963091587696 0.620241689146334 0.629051864880043 0.636766422460081 0.648209105955147 0.655362292059492 0.636382888814712 0.613064834764255 0.625706140903938 0.623194479211132 0.639616082715152 0.65122398095768 0.657072849301396 0.662974349844823 0.667915030604092 0.684530162040031 0.708671733045423 0.718209351750095 0.721928425984722 0.739487490494372 0.742221702820104 0.753347538947246 0.770822930358273 0.777512639006911 -9999 -9999 -9999 -9999 -9999 -9999 -9999 -9999 -9999 -9999 -9999 -9999 -9999 -9999 -9999 -9999 -9999 -9999 -9999 -9999 -9999 -9999 -9999 -9999 -9999
0.528916899153595 0.547352512612014 0.565185727244847 0.571453730238505 0.572703762894872 0.581658744726249 0.594438804996436 0.604010759118252 0.609302534734313 0.609756954793305 0.595847024511454 0.620510284961058 0.637117707715082 0.644910302157365 0.650732159733952 0.635510719702856 0.604629899771068 0.631175140850789 0.637813590167901 0.65053618806803 0.653768093756905 0.661744617938516 0.668701328976532 0.679106448959456 0.695519501610269 0.723710211476313 0.740829896580983 0.748643767209783 0.755790618811774 0.732800838660105 0.734856929550781 0.772483583583431 0.777004008871792 -9999 -9999 -9999 -9999 -9999 -9999 -9999 -9999 -9999 -9999 -9999 -9999 -9999 -9999 -9999 -9999 -9999 -9999 -9999 -9999 -9999 -9999 -9999 -9999 -9999
0.531096880305796 0.539366372313665 0.5649458512108 0.577539782005901 0.578415889207156 0.586462779591795 0.596796537547767 0.598422365088244 0.599061279065218 0.59690268910747 0.59048916750654 0.616608916462717 0.636412425632881 0.641169906881732 0.641686270854833 0.629336615384303 0.612846609107074 0.632988593841946 0.647670774130208 0.660665487055811 0.662180005207871 0.670431841980207 0.667930171285735 0.67278873971283 0.688201301670976 0.727218936644865 0.743148651482104 0.750969978165827 0.758579581335747 0.751411779159616 0.759078332043381 0.776904211262826 0.780270614940732 -9999 -9999 -9999 -9999 -9999 -9999 -9999 -9999 -9999 -9999 -9999 -9999 -9999 -9999 -9999 -9999 -9999 -9999 -9999 -9999 -9999 -9999 -9999 -9999 -9999
0.538889848986001 0.535972408851155 0.55725838311638 0.576360751736918 0.581563896069739 0.58976060385369 0.59529791009464 0.587769929653098 0.578578939689746 0.578871075547229 0.590710989250129 0.612746263986847 0.629917127748347 0.634681834963564 0.631339164698432 0.628473952169358 0.630930875703674 0.642142259715397 0.665818512578139 0.649656439321846 0.658180958811119 0.672058036092121 0.675772997326814 0.676588230143411 0.68949188112987 0.729967713561225 0.745509165755 0.749955895276678 0.765030492474787 0.764404102425553 0.770276737650421 0.782095004164016 0.785692545374414 -9999 -9999 -9999 -9999 -9999 -9999 -9999 -9999 -9999 -9999 -9999 -9999 -9999 -9999 -9999 -9999 -9999 -9999 -9999 -9999 -9999 -9999 -9999 -9999 -9999
0.55051599210772 0.541894676299114 0.546730103843346 0.565064195463339 0.577699737580111 0.588275823509815 0.592636941111122 0.586701598357756 0.578841102430089 0.577404105140615 0.587983049766866 0.609348818519853 0.621805935905514 0.622578762918727 0.622670925633034 0.629442667985331 0.644422208480123 0.656038671521746 0.654744203358876 0.656979988741017 0.660396820603629 0.674801609538241 0.679806707832806 0.691268438389975 0.714699447108839 0.734881707472393 0.758467042605728 0.756033543484693 0.767260946656893 0.765096488887386 0.774781273540405 0.785569760952871 0.78761082792376 -9999 -9999 -9999 -9999 -9999 -9999 -9999 -9999 -9999 -9999 -9999 -9999 -9999 -9999 -9999 -9999 -9999 -9999 -9999 -9999 -9999 -9999 -9999 -9999 -9999
0.560618755615451 0.559946749138346 0.549608658380369 0.561214151330464 0.571260926505084 0.587137482306288 0.58572363149543 0.580916113508364 0.577076474726537 0.575615566726937 0.580620327563396 0.60519284494608 0.607661379521317 0.607488875411827 0.618760762095981 0.635511219468548 0.651224456403951 0.66437252211976 0.673951951445319 0.678230090869987 0.682357696764535 0.682018537506301 0.680154090464685 0.69430779943935 0.740457024357116 0.755131679947986 0.761414617864427 0.760475977738615 0.758692094258714 0.766228315347997 0.778334702853979 0.786460608155864 0.786824053453873 -9999 -9999 -9999 -9999 -9999 -9999 -9999 -9999 -9999 -9999 -9999 -9999 -9999 -9999 -9999 -9999 -9999 -9999 -9999 -9999 -9999 -9999 -9999 -9999 -9999
0.564444694503423 0.562928798170898 0.549363706635035 0.559117781283789 0.571466495831715 0.578871470048616 0.587536923668211 0.581774817598331 0.576758201728373 0.569142517293645 0.570615492883411 0.598636774106686 0.585377167035932 0.598257498902859 0.62233675080928 0.643351275642445 0.660196019986911 0.683935382701806 0.696082333322689 0.696830909251442 0.696422202085728 0.6904959364329 0.692912211907193 0.694213768353323 0.715663033380795 0.728138661911407 0.742767259048666 0.75879794174525 0.760144434738393 0.771454125474371 0.779893635087656 0.78673444425756 -9999 -9999 -9999 -9999 -9999 -9999 -9999 -9999 -9999 -9999 -9999 -9999 -9999 -9999 -9999 -9999 -9999 -9999 -9999 -9999 -9999 -9999 -9999 -9999 -9999 -9999
0.562127649222186 0.567400898923159 0.561243986980908 0.566546201453312 0.571476749249164 0.565751377601333 0.58237379875106 0.58317069021674 0.579331026899259 0.568255601252988 0.570481616277044 0.593430098374064 0.567907792526892 0.593835089992661 0.603664446419909 0.648826303009954 0.674258494671299 0.699412609596114 0.710246880911192 0.695319986862912 0.688317675815608 0.687122466645934 0.714004543117772 0.722100449208701 0.713081546072345 0.719165844525742 0.736079675811571 0.758389188983932 0.766816841152957 0.775314391584572 0.781233644585264 0.786468559922153 -9999 -9999 -9999 -9999 -9999 -9999 -9999 -9999 -9999 -9999 -9999 -9999 -9999 -9999 -9999 -9999 -9999 -9999 -9999 -9999 -9999 -9999 -9999 -9999 -9999 -9999
0.560345435417968 0.563270544533383 0.557951482305923 0.55676951000012 0.566155421164426 0.556545576731855 0.581456827221341 0.581606196030998 0.58050510114568 0.584541472227913 0.593903786544617 0.587950918342895 0.601675291747769 0.610751627706023 0.62364586363128 0.645630521483154 0.671482249748213 0.69355578973376 0.701848000148792 0.674125175073821 0.685785371337859 0.685950545889501 0.695649529385293 0.701819885073661 0.703143068775011 0.721131460845582 0.745815310896419 0.763060732323152 0.770275356564357 0.778540679482578 0.783748911235077 -9999 -9999 -9999 -9999 -9999 -9999 -9999 -9999 -9999 -9999 -9999 -9999 -9999 -9999 -9999 -9999 -9999 -9999 -9999 -9999 -9999 -9999 -9999 -9999 -9999 -9999 -9999
0.558055237861297 0.557621316518543 0.550494960978481 0.550776094173054 0.552880014706131 0.557705737056611 0.582180860191161 0.57610313538858 0.572351418871567 0.57701204330738 0.591096694123523 0.589609679410574 0.585864438150424 0.615278911392138 0.633510963344249 0.639446956729837 0.66175167962274 0.665901616879898 0.660715072774591 0.660771540190364 0.674710626550325 0.691236396091338 0.721255441041896 0.721937736569135 0.721258455314076 0.733352440843701 0.757869100150349 0.772453172359029 0.77569561023792 0.782854668344148 0.78666060233904 -9999 -9999 -9999 -9999 -9999 -9999 -9999 -9999 -9999 -9999 -9999 -9999 -9999 -9999 -9999 -9999 -9999 -9999 -9999 -9999 -9999 -9999 -9999 -9999 -9999 -9999 -9999
0.547034149854818 0.543450445837534 0.541090566126564 0.544075769471197 0.545636589490172 0.562715530119885 0.569349759659397 0.57581262150679 0.556735067354143 0.560597482574747 0.591187680913469 0.574610221749079 0.591292964727508 0.609096424114056 0.628580676665383 0.636445345244267 0.652733543723877 0.635327981131136 0.651472139908967 0.674887394363684 0.686088326158702 0.71092661895856 0.72796923269496 0.738987749277292 0.745774804028893 0.744343051542707 0.758745867541719 0.771917234945082 0.779450834095671 0.783789855218157 0.786390817905613 -9999 -9999 -9999 -9999 -9999 -9999 -9999 -9999 -9999 -9999 -9999 -9999 -9999 -9999 -9999 -9999 -9999 -9999 -9999 -9999 -9999 -9999 -9999 -9999 -9999 -9999 -9999
0.534638879368562 0.534618485783956 0.532801814919795 0.539439994985991 0.553027613477845 0.564763881458982 0.545989076433487 0.545820868340682 0.538110394459791 0.564238884315704 0.572063534762814 0.567538971188972 0.597017908475919 0.608322618060888 0.620144337546333 0.619960775416342 0.636524438791866 0.645827165437373 0.657998121017759 0.691321753389223 0.704385098444448 0.722589468268104 0.729507841301909 0.745028206444839 0.750628374431214 0.759819525841136 0.763775720206014 0.76800133749847 0.780020619107089 0.787219084733237 0.787451325696596 -9999 -9999 -9999 -9999 -9999 -9999 -9999 -9999 -9999 -9999 -9999 -9999 -9999 -9999 -9999 -9999 -9999 -9999 -9999 -9999 -9999 -9999 -9999 -9999 -9999 -9999 -9999
0.524356370192256 0.529761632390626 0.531947844021976 0.544636636561128 0.546545618081762 0.542657208354881 0.544813906160067 0.5514037774946 0.559768618638325 0.567252667569738 0.550784733027528 0.565291392669085 0.596389371566911 0.611895287051467 0.610690893548782 0.620476515621027 0.661403319735644 0.68931044560081 0.681184196524448 0.688874771956849 0.707400578050152 0.723328495565805 0.739671615404531 0.749429240977719 0.753644427653455 0.760198993399175 0.769024083741975 0.774732287590038 0.78360872206141 0.790464751038971 0.790760878239459 -9999 -9999 -9999 -9999 -9999 -9999 -9999 -9999 -9999 -9999 -9999 -9999 -9999 -9999 -9999 -9999 -9999 -9999 -9999 -9999 -9999 -9999 -9999 -9999 -9999 -9999 -9999
0.513572666450275 0.519998283285727 0.533085279456786 0.548848430945934 0.551471894135348 0.544530582592171 0.546925285452374 0.559112860177083 0.575879377356882 0.559600056666921 0.538582189528756 0.562914132498596 0.587274219901078 0.598177620756255 0.616125138028808 0.642007659677292 0.678507356739822 0.6963821934364 0.694353791386549 0.696770031021757 0.7075849145327 0.722783494944017 0.737893875169265 0.746298694980395 0.758177224672324 0.769687399793324 0.773036055567275 0.779193558017537 0.785404324136302 0.790959625883865 -9999 -9999 -9999 -9999 -9999 -9999 -9999 -9999 -9999 -9999 -9999 -9999 -9999 -9999 -9999 -9999 -9999 -9999 -9999 -9999 -9999 -9999 -9999 -9999 -9999 -9999 -9999 -9999
0.51646374896713 0.526435410322665 0.527801602029494 0.548173460679121 0.560581878344798 0.551083094736541 0.552223598566897 0.565596854585878 0.579583076797129 0.558182001018228 0.54352196634554 0.552281908558126 0.577472513914689 0.612993034652447 0.629160886971125 0.651591866121842 0.681922351609112 0.70408315293332 0.710096058737709 0.708860598092898 0.71034883146534 0.723595559271808 0.7378807667327 0.748623090004207 0.759912763840295 0.771370892911789 0.775658307591198 0.781237102652796 0.785443690862483 -9999 -9999 -9999 -9999 -9999 -9999 -9999 -9999 -9999 -9999 -9999 -9999 -9999 -9999 -9999 -9999 -9999 -9999 -9999 -9999 -9999 -9999 -9999 -9999 -9999 -9999 -9999 -9999 -9999
0.501858418342769 0.516295253714115 0.527139434281232 0.548906520284616 0.559492136249877 0.554976225761908 0.557688025017632 0.568149928192373 0.577330483689135 0.583011754235587 0.553517494769976 0.572871520210371 0.601260924284827 0.611359704224382 0.622262399329995 0.638203454389945 0.680210305730747 0.713919980559763 0.720745671397421 0.706735455656176 0.698719789079866 0.709832055481545 0.732009689872129 0.746346204263867 0.757317428281488 0.77058760724126 0.777529421362483 0.783360180799154 0.787152967368527 -9999 -9999 -9999 -9999 -9999 -9999 -9999 -9999 -9999 -9999 -9999 -9999 -9999 -9999 -9999 -9999 -9999 -9999 -9999 -9999 -9999 -9999 -9999 -9999 -9999 -9999 -9999 -9999 -9999
0.506931062193697 0.51194094872691 0.535735782135194 0.548168574604821 0.552683041452019 0.552815107361551 0.557499063620662 0.562420401577812 0.573450865270872 0.581780582568268 0.551533314065449 0.588885273243153 0.609905136602257 0.610834561723429 0.618728591293553 0.636688913544631 0.685165698049718 0.714829402032435 0.720352460596079 0.712175357163456 0.721309368605288 0.733908436207253 0.74108527158979 0.748486749345279 0.760995630955082 0.771972624765733 0.779275903184428 0.782635829412847 -9999 -9999 -9999 -9999 -9999 -9999 -9999 -9999 -9999 -9999 -9999 -9999 -9999 -9999 -9999 -9999 -9999 -9999 -9999 -9999 -9999 -9999 -9999 -9999 -9999 -9999 -9999 -9999 -9999 -9999
0.491626938481136 0.509077520871567 0.542091832945036 0.545740898405131 0.548919832124802 0.547096108695708 0.551307461145918 0.551924763270852 0.565351881075781 0.572384347769734 0.54854436672785 0.583711318880509 0.605955922898699 0.622073255739328 0.639382221829061 0.6627016511684 0.694851288515444 0.713343255578684 0.726988484718932 0.722594400843908 0.713789704686621 0.71725974655321 0.739861766822602 0.747598644005961 0.764192668032242 0.773586099638891 0.780643414009417 0.782927564777658 -9999 -9999 -9999 -9999 -9999 -9999 -9999 -9999 -9999 -9999 -9999 -9999 -9999 -9999 -9999 -9999 -9999 -9999 -9999 -9999 -9999 -9999 -9999 -9999 -9999 -9999 -9999 -9999 -9999 -9999
0.475579575725887 0.51199815993288 0.542419399870936 0.543135845660514 0.547407800350553 0.551553652312603 0.549535019299155 0.556740534244506 0.562182874349996 0.575672966554171 0.549058500332515 0.557908547493831 0.604805924190998 0.622056592544854 0.650748983575702 0.688979793360728 0.704792530570612 0.708997614246304 0.715541814331799 0.715333623503078 0.722136168707541 0.698565275447008 0.738358071827529 0.744689885966172 0.762496617694666 0.772697548287832 0.780508429391592 0.782596591537944 -9999 -9999 -9999 -9999 -9999 -9999 -9999 -9999 -9999 -9999 -9999 -9999 -9999 -9999 -9999 -9999 -9999 -9999 -9999 -9999 -9999 -9999 -9999 -9999 -9999 -9999 -9999 -9999 -9999 -9999
0.483792546241817 0.519534788852122 0.540924047871129 0.536813338497458 0.529220865923099 0.53419286125982 0.540362414517368 0.550296836206452 0.548963743059835 0.563828770249835 0.54938909322173 0.565170273885069 0.601530997755291 0.599649882455755 0.603611878893603 0.686032384340263 0.686284336170311 0.687472286513704 0.687483687066708 0.688825166389473 0.726427075692178 0.693490894280009 0.742264105878669 0.746986024622371 0.764717776922692 0.776168738332132 0.780811237654864 0.781410330596254 -9999 -9999 -9999 -9999 -9999 -9999 -9999 -9999 -9999 -9999 -9999 -9999 -9999 -9999 -9999 -9999 -9999 -9999 -9999 -9999 -9999 -9999 -9999 -9999 -9999 -9999 -9999 -9999 -9999 -9999
0.507644859668514 0.530449576004407 0.537761758220564 0.535261797403274 0.532193177754171 0.537658300923737 0.537117463797234 0.537480271392487 0.545788420353917 0.550274128662574 0.553256289364316 0.592290762256247 0.592771576747821 0.622429208183776 0.647944370762292 0.664797443039325 0.659850099015689 0.668247328546747 0.675827747647857 0.695947261816388 0.713976335490092 0.707988726204654 0.744150412422493 0.73181316541619 0.766678722921148 0.776253982641499 0.780229747582975 -9999 -9999 -9999 -9999 -9999 -9999 -9999 -9999 -9999 -9999 -9999 -9999 -9999 -9999 -9999 -9999 -9999 -9999 -9999 -9999 -9999 -9999 -9999 -9999 -9999 -9999 -9999 -9999 -9999 -9999 -9999
