layers/veg_pts/veg2500.asc
NCOLS 255 
NROWS 330 
XLLCORNER -2985163.8955 
YLLCORNER -3022031.214 
CELLSIZE 25000 
NODATA_value -9999 
[rows 130 to 155 of 330, columns 174 to 231 of 255]
0.476352095041006 0.456926991918738 0.458333026553902 0.441584153166692 0.442958397446026 0.44936289234156 0.464374230849296 0.474645152669297 0.484650529426861 0.501377618564015 0.519759659638393 0.541207779813484 0.56056937837227 0.577379854748984 0.592930903927889 0.60684070414604 0.624068426744376 0.633701559549264 0.634823455627684 0.67328614463575 0.696965588406913 0.72546627436814 0.730371817427232 0.746219701130197 0.779147991473258 0.789408643261723 0.794429598981127 0.809190388932533 0.775338923494762 0.812835338528902 0.833196188962491 0.847764834481415 0.867328261637649 -9999 -9999 -9999 -9999 -9999 -9999 -9999 -9999 -9999 -9999 -9999 -9999 -9999 -9999 -9999 -9999 -9999 -9999 -9999 -9999 -9999 -9999 -9999 -9999 -9999
0.450239320767018 0.436673287847594 0.445449727620681 0.438800218354191 0.444618176331084 0.448440009541383 0.46156655196139 0.462335693211422 0.479705981332348 0.492863111785564 0.513380076268044 0.541149526711812 0.561459460017319 0.578967447123172 0.594511034128567 0.605126923448304 0.621985657412995 0.632805243937676 0.645223379348876 0.68410183543512 0.703039648281713 0.719364536853524 0.730788477154901 0.756046703293033 0.77149926589123 0.777835402103145 0.756228636091612 0.788042659091297 0.818854547961086 0.838860666045788 0.847172249693145 0.855472813791859 0.875389519426371 -9999 -9999 -9999 -9999 -9999 -9999 -9999 -9999 -9999 -9999 -9999 -9999 -9999 -9999 -9999 -9999 -9999 -9999 -9999 -9999 -9999 -9999 -9999 -9999 -9999
0.431701454327591 0.424422927768995 0.433792601491081 0.443133236499159 0.446975300808345 0.453101682746203 0.45075020408874 0.461576529702337 0.468924520486037 0.482481834964624 0.503551537090807 0.541257956861585 0.564246036905566 0.583521078672745 0.599881383087961 0.604531440022327 0.621048484332672 0.631787077539637 0.647484975667658 0.678808674899945 0.699598914707933 0.712194940618638 0.727662461128206 0.752251845868834 0.754707320581247 0.77117848921762 0.773621379774835 0.793953568262943 0.83175131288275 0.845265480677849 0.859199556990708 0.863191677063598 0.879304556283952 0.882901682066428 -9999 -9999 -9999 -9999 -9999 -9999 -9999 -9999 -9999 -9999 -9999 -9999 -9999 -9999 -9999 -9999 -9999 -9999 -9999 -9999 -9999 -9999 -9999 -9999
0.427532850985404 0.425316191935812 0.4289645873689 0.442972484421566 0.441913722098454 0.44488456886717 0.462710106821856 0.467642872672456 0.469951020355806 0.480930598683965 0.505804767889026 0.543843793238188 0.566617058483143 0.584454204813048 0.601904526377922 0.594715105050463 0.620692628108893 0.63333428528066 0.652537210927556 0.68144218077134 0.702100970606482 0.717680755774527 0.738580818881951 0.755477971940681 0.748049108256708 0.744556853781559 0.765303946009036 0.803300267102367 0.837114638954492 0.847701606863009 0.864744350559065 0.876992468197224 0.883757171255703 -9999 -9999 -9999 -9999 -9999 -9999 -9999 -9999 -9999 -9999 -9999 -9999 -9999 -9999 -9999 -9999 -9999 -9999 -9999 -9999 -9999 -9999 -9999 -9999 -9999
0.431171685596672 0.437590611826309 0.435843614670023 0.438926170770041 0.442026742624013 0.445368803561288 0.467010367910688 0.470422061753917 0.477302455711317 0.486734720846534 0.520433303136098 0.545447444679038 0.566221879821585 0.588890840836829 0.606903518628434 0.596002965904879 0.608917644946413 0.62704555706139 0.644718911234169 0.677469860956633 0.703878454788866 0.725729447732126 0.748713207484865 0.752844546866369 0.745892131240819 0.763355826000738 0.783474507476273 0.801648984173352 0.83772600340118 0.85038339462704 0.868095986098347 0.885966358485342 -9999 -9999 -9999 -9999 -9999 -9999 -9999 -9999 -9999 -9999 -9999 -9999 -9999 -9999 -9999 -9999 -9999 -9999 -9999 -9999 -9999 -9999 -9999 -9999 -9999 -9999
0.462327929031708 0.465567207700711 0.461223448912261 0.452688497361831 0.450046827929401 0.455104952034538 0.469986565727076 0.478064045642034 0.486815151141748 0.497068064874083 0.521376477546333 0.541789781541871 0.563671395869354 0.590709152462384 0.608974377966574 0.607759854847766 0.602476733660211 0.631458450703569 0.644704472520797 0.674867450411168 0.698947442904832 0.713278758992804 0.72803754779414 0.742116815856302 0.766405109386497 0.797073529229936 0.812756511743652 0.82212295837195 0.843700853858676 0.850142313434412 0.865483610648615 0.886271720991848 0.894976571899846 -9999 -9999 -9999 -9999 -9999 -9999 -9999 -9999 -9999 -9999 -9999 -9999 -9999 -9999 -9999 -9999 -9999 -9999 -9999 -9999 -9999 -9999 -9999 -9999 -9999
0.433049084835425 0.445469040276542 0.45752755455891 0.458884564014509 0.456354557952739 0.462768470832298 0.474535467618524 0.485182269262692 0.494248646139715 0.501430307800818 0.497878515701512 0.53446319246862 0.565858204586604 0.589648000876858 0.607683767993555 0.611247295425897 0.599430524966916 0.642512616612714 0.665032037322512 0.691689724160807 0.707576125699676 0.72333211070907 0.739299121575092 0.758190008937491 0.781747523535925 0.815875636421319 0.838470910723769 0.851426972490773 0.86232762626255 0.843712023766257 0.850004956039723 0.890058363952558 0.895741659222582 -9999 -9999 -9999 -9999 -9999 -9999 -9999 -9999 -9999 -9999 -9999 -9999 -9999 -9999 -9999 -9999 -9999 -9999 -9999 -9999 -9999 -9999 -9999 -9999 -9999
0.437222272384534 0.439346412275337 0.458464376802861 0.46546051218298 0.462087830429659 0.467163000483804 0.476240500270356 0.479062631091519 0.483582555696241 0.48853327230307 0.492779224461701 0.531595951295363 0.567042624360658 0.588168772856896 0.602465259236482 0.609738453828337 0.612657862467211 0.650089363530681 0.680787344991812 0.707804142232877 0.72190629020747 0.737226067480331 0.744144589866806 0.7572796460182 0.779465242311189 0.823772069486503 0.84487291610105 0.85755381480055 0.86847255365607 0.865252093002365 0.876728296871912 0.897072528208109 0.901158638947864 -9999 -9999 -9999 -9999 -9999 -9999 -9999 -9999 -9999 -9999 -9999 -9999 -9999 -9999 -9999 -9999 -9999 -9999 -9999 -9999 -9999 -9999 -9999 -9999 -9999
0.447190221167301 0.437980168629425 0.452395538560891 0.465148868297684 0.465438206091052 0.470136598664397 0.474220961829014 0.467967033236391 0.462870736361935 0.470508894278211 0.493049202500383 0.528775536720769 0.562657778366941 0.584052867450731 0.596111925137847 0.613547022669144 0.635627567682851 0.664887079240581 0.704533689291163 0.703178801936398 0.72359969124245 0.744253122357555 0.757145178599675 0.765970087470662 0.785298748515223 0.830674797313302 0.851070382856539 0.860203240047587 0.877951753537914 0.881102092424908 0.890646511792158 0.90483567040381 0.908981818453143 -9999 -9999 -9999 -9999 -9999 -9999 -9999 -9999 -9999 -9999 -9999 -9999 -9999 -9999 -9999 -9999 -9999 -9999 -9999 -9999 -9999 -9999 -9999 -9999 -9999
0.461179165546334 0.44594204312762 0.4437998646638 0.455196320447595 0.462114700145398 0.468542832542882 0.471144056753674 0.46616908429904 0.462235408491593 0.468495829330551 0.490387587578087 0.526411632910063 0.556764455651614 0.574515019345073 0.591526193057171 0.619290895551975 0.654275667897501 0.684402726606161 0.699897077089 0.716312842470925 0.731033131016938 0.752332730967899 0.766057577109652 0.78481106174099 0.814017419890959 0.839338234135411 0.867254158812677 0.869403441243214 0.883041702075021 0.884726078661277 0.897814879504482 0.910723975784415 0.913277925223888 -9999 -9999 -9999 -9999 -9999 -9999 -9999 -9999 -9999 -9999 -9999 -9999 -9999 -9999 -9999 -9999 -9999 -9999 -9999 -9999 -9999 -9999 -9999 -9999 -9999
0.473477040002228 0.465613715496221 0.448256158571736 0.452572316654775 0.456399860077798 0.467376000054504 0.46403321185175 0.459768531537028 0.459560706953177 0.466106257646407 0.483189468174325 0.523345542433104 0.54508578415273 0.562110171011863 0.591691622238921 0.630128752799923 0.666529718795682 0.698571484720896 0.724660143141839 0.742841595495939 0.757446505775997 0.764479777242002 0.771069939890812 0.791986160828803 0.842909564562138 0.862522894325724 0.873310281431901 0.876552865103753 0.877455634009355 0.888517617155913 0.90381971867877 0.913883606360907 0.914774961570864 -9999 -9999 -9999 -9999 -9999 -9999 -9999 -9999 -9999 -9999 -9999 -9999 -9999 -9999 -9999 -9999 -9999 -9999 -9999 -9999 -9999 -9999 -9999 -9999 -9999
0.479426966821253 0.470232278769986 0.449189539377759 0.451243925301866 0.456911495499265 0.459255566912146 0.465547743896985 0.460026128487288 0.458532692111697 0.459405404977095 0.473627618330743 0.51811275144497 0.525613831784018 0.555442634210592 0.599265284373256 0.642800200095217 0.680977791115176 0.723686292569273 0.752176195788659 0.76658908047358 0.775906618514576 0.777494729026649 0.787746463578899 0.795696946233798 0.822211426771465 0.839334403332265 0.857998863879405 0.87736611042603 0.88139270451733 0.895990964520231 0.907452622128146 0.915990405111209 -9999 -9999 -9999 -9999 -9999 -9999 -9999 -9999 -9999 -9999 -9999 -9999 -9999 -9999 -9999 -9999 -9999 -9999 -9999 -9999 -9999 -9999 -9999 -9999 -9999 -9999
0.48059436827839 0.477493335840243 0.463045563226518 0.460055371560877 0.457793876390972 0.446701057809105 0.460456280365346 0.460818788632344 0.460294573066463 0.458216152944438 0.473875820084259 0.514451120259097 0.510942407212397 0.553288313560303 0.584813178463359 0.652560203820038 0.699625712665214 0.744031128956305 0.771144287932832 0.770043613294002 0.772197057898181 0.778458046629675 0.812101196214387 0.826154430656517 0.822682476532489 0.833299779350442 0.853973456230862 0.879108611811842 0.890101173574872 0.901853935997331 0.910455845498449 0.916608433925495 -9999 -9999 -9999 -9999 -9999 -9999 -9999 -9999 -9999 -9999 -9999 -9999 -9999 -9999 -9999 -9999 -9999 -9999 -9999 -9999 -9999 -9999 -9999 -9999 -9999 -9999
0.482504843288245 0.476614236637106 0.46237491828001 0.452454739575966 0.453840433200622 0.438314022654384 0.459735577174819 0.458729410202421 0.460464607592821 0.473388960961061 0.496752973473704 0.510432514458525 0.546198234648443 0.572104430641229 0.608355226690264 0.65431674247879 0.702192009143876 0.743627555061516 0.767725776550291 0.753513791119015 0.772795886910793 0.780263858488865 0.796764647789957 0.808700272362067 0.815132773374405 0.837196256279597 0.865345695954858 0.88534234421763 0.895315848967025 0.906816664081558 0.913936053977074 -9999 -9999 -9999 -9999 -9999 -9999 -9999 -9999 -9999 -9999 -9999 -9999 -9999 -9999 -9999 -9999 -9999 -9999 -9999 -9999 -9999 -9999 -9999 -9999 -9999 -9999 -9999
0.484186441790659 0.474496449631935 0.457902493160392 0.44880758409529 0.442492767432223 0.440549624111938 0.461055421889541 0.453421928717609 0.452191856056365 0.465823242874459 0.494531149175783 0.513638798023916 0.533430633947617 0.578936027720768 0.62217347843875 0.653364971515432 0.698365168124046 0.7225520997255 0.732979725112193 0.745050270640181 0.765520934834642 0.788639846388666 0.824311472297049 0.830459398787461 0.834637116209448 0.850733145053956 0.878557014188427 0.895684222310974 0.901879976662077 0.9122313902904 0.917257949580817 -9999 -9999 -9999 -9999 -9999 -9999 -9999 -9999 -9999 -9999 -9999 -9999 -9999 -9999 -9999 -9999 -9999 -9999 -9999 -9999 -9999 -9999 -9999 -9999 -9999 -9999 -9999
0.477534304309295 0.464259523289509 0.451737858550372 0.444725617042082 0.437328497420357 0.446966690571262 0.449631512994056 0.4536773685527 0.437371273411056 0.450492683310344 0.496129354358352 0.501343185748915 0.540852366235316 0.576051457652268 0.621477617927994 0.655206149066981 0.694937583511148 0.698339636270526 0.728727454269185 0.762558515371721 0.779361100756512 0.810392295299659 0.833030222133782 0.848916678915079 0.860157681731947 0.862964344287797 0.880872236803253 0.896418161401734 0.906892622176773 0.914291511268455 0.917676182020021 -9999 -9999 -9999 -9999 -9999 -9999 -9999 -9999 -9999 -9999 -9999 -9999 -9999 -9999 -9999 -9999 -9999 -9999 -9999 -9999 -9999 -9999 -9999 -9999 -9999 -9999 -9999
0.469673998229494 0.459356542562873 0.446848452058658 0.442901862081148 0.446714414748674 0.450941261551418 0.428419457481639 0.425706742036497 0.420445766481587 0.45545154203928 0.479687521582588 0.497132985832128 0.548584209234751 0.578754655636682 0.617124543858968 0.643324829217264 0.683568760327527 0.712735676011342 0.738372776619993 0.780901844447331 0.79904975433651 0.823496027505078 0.836021610236068 0.856093942635145 0.866081688909254 0.879155836571584 0.886887158768958 0.89352050347363 0.908519988032716 0.918781488711519 0.919472448122644 -9999 -9999 -9999 -9999 -9999 -9999 -9999 -9999 -9999 -9999 -9999 -9999 -9999 -9999 -9999 -9999 -9999 -9999 -9999 -9999 -9999 -9999 -9999 -9999 -9999 -9999 -9999
0.463933276994217 0.4584278465128 0.449379777494334 0.450936658435918 0.443047343755106 0.432089955834904 0.429652842904212 0.433402366910402 0.444018355029154 0.461122813402286 0.461936802949121 0.497998295147733 0.550227396114509 0.585594422578608 0.611447973229526 0.647414778314407 0.71126108302579 0.757901832706535 0.762929030558616 0.779600776481524 0.803104290020156 0.825084626632209 0.846611873230091 0.861033281110633 0.869659619729996 0.880172766832974 0.892591177582812 0.900603378730514 0.912769223434351 0.922835362199068 0.923264053629251 -9999 -9999 -9999 -9999 -9999 -9999 -9999 -9999 -9999 -9999 -9999 -9999 -9999 -9999 -9999 -9999 -9999 -9999 -9999 -9999 -9999 -9999 -9999 -9999 -9999 -9999 -9999
0.4572797113394 0.452529220754202 0.453889957643356 0.458256259299364 0.450877002783725 0.437081507393553 0.434664986743193 0.443986087324344 0.463218422064401 0.457369816861125 0.453639076546763 0.499039660045858 0.543660405028157 0.575416878488514 0.619661559174272 0.670761343881268 0.729636695555202 0.76561232888388 0.776232008981833 0.787219784907124 0.803451010400438 0.82466299621026 0.844979808174578 0.858143742210505 0.874243111975895 0.889621981339628 0.896643472015581 0.905234142880696 0.914486539558117 0.923585538819265 -9999 -9999 -9999 -9999 -9999 -9999 -9999 -9999 -9999 -9999 -9999 -9999 -9999 -9999 -9999 -9999 -9999 -9999 -9999 -9999 -9999 -9999 -9999 -9999 -9999 -9999 -9999 -9999
0.462674009578209 0.461006281471593 0.450819225803827 0.459649412912262 0.461873495732884 0.445992725246538 0.442401049483049 0.453281632781151 0.47044297172541 0.459820811767944 0.462191694454317 0.49214449662311 0.536396280568588 0.592702185749037 0.634647784620823 0.681577602069868 0.733424978198752 0.772527849405027 0.79077893994778 0.797855579461542 0.805363041856336 0.824761079532479 0.844382978059831 0.85990756266445 0.875577735341176 0.891085110723601 0.899002879673519 0.9071180896515 0.913191279977455 -9999 -9999 -9999 -9999 -9999 -9999 -9999 -9999 -9999 -9999 -9999 -9999 -9999 -9999 -9999 -9999 -9999 -9999 -9999 -9999 -9999 -9999 -9999 -9999 -9999 -9999 -9999 -9999 -9999
0.452445993862233 0.454919905987193 0.453713650476799 0.463734225511982 0.464067348100611 0.453227281246254 0.450994513595504 0.459209560313125 0.47197613918296 0.48760670349764 0.475410118328228 0.515353534639614 0.561607539937427 0.593794781292651 0.630054395436655 0.669777357446765 0.731855721573576 0.781129255544962 0.799846105893631 0.79407068621717 0.79265809559922 0.810074430463843 0.837512643029565 0.856776585308627 0.872364395197622 0.889848315808299 0.900343311943984 0.909028336715873 0.914632498502595 -9999 -9999 -9999 -9999 -9999 -9999 -9999 -9999 -9999 -9999 -9999 -9999 -9999 -9999 -9999 -9999 -9999 -9999 -9999 -9999 -9999 -9999 -9999 -9999 -9999 -9999 -9999 -9999 -9999
0.461108610611927 0.454428162976103 0.465851365977019 0.466874056169375 0.461407822206149 0.455476344716317 0.455157267104507 0.458250875844725 0.473022374655673 0.490963144033031 0.477644445443786 0.534415581959783 0.572094359389063 0.59557256454716 0.62805829614421 0.668715358659643 0.736073733390092 0.780665001813842 0.798019880087498 0.797719969641807 0.813452237960357 0.832442880502771 0.845418074209862 0.85808549609855 0.875302984634614 0.890697805612348 0.901466320477047 0.905954033308873 -9999 -9999 -9999 -9999 -9999 -9999 -9999 -9999 -9999 -9999 -9999 -9999 -9999 -9999 -9999 -9999 -9999 -9999 -9999 -9999 -9999 -9999 -9999 -9999 -9999 -9999 -9999 -9999 -9999 -9999
0.449732417536696 0.455328514419114 0.475889114321208 0.468551095806597 0.461968063415933 0.454563701035789 0.453785425295313 0.452891292709013 0.470053419637896 0.486376696410623 0.478837741782137 0.532755259691484 0.57021630792391 0.608406131296422 0.648938137700395 0.693489336746086 0.743668929918617 0.776459925888446 0.801481940188813 0.804506727834459 0.803512112504217 0.814141248817611 0.842573146988778 0.855988279952704 0.877524404101771 0.891680139209136 0.902177835151476 0.904820741413512 -9999 -9999 -9999 -9999 -9999 -9999 -9999 -9999 -9999 -9999 -9999 -9999 -9999 -9999 -9999 -9999 -9999 -9999 -9999 -9999 -9999 -9999 -9999 -9999 -9999 -9999 -9999 -9999 -9999 -9999
0.437470388520365 0.461827474172543 0.480167325811109 0.470249993257372 0.465025256413083 0.463812882124284 0.456992958840621 0.462627063129933 0.471958502968315 0.494080139835628 0.483375447263924 0.510916255408675 0.570928263663544 0.609947748775016 0.660330456987764 0.718038406236128 0.751012726280405 0.768985563278504 0.786832995882907 0.793662489459465 0.808591490941666 0.793394403354706 0.838963192831838 0.851415056941577 0.874468916416575 0.889716289712964 0.900498419282526 0.903954775073653 -9999 -9999 -9999 -9999 -9999 -9999 -9999 -9999 -9999 -9999 -9999 -9999 -9999 -9999 -9999 -9999 -9999 -9999 -9999 -9999 -9999 -9999 -9999 -9999 -9999 -9999 -9999 -9999 -9999 -9999
0.448657613163398 0.472806649572532 0.482789386239755 0.468547794546819 0.452362557196117 0.452039542015505 0.453474983895536 0.462019006255123 0.46456578334472 0.487607970710667 0.487988670321544 0.520709313166098 0.570024350340705 0.589356331221653 0.614257977306456 0.713534918811008 0.730003868349339 0.744237054636713 0.755511078989515 0.763814851765753 0.809465065815036 0.785677472669789 0.840434550809803 0.851748000335602 0.875083610653682 0.891855072163008 0.899916644750161 0.901099550786734 -9999 -9999 -9999 -9999 -9999 -9999 -9999 -9999 -9999 -9999 -9999 -9999 -9999 -9999 -9999 -9999 -9999 -9999 -9999 -9999 -9999 -9999 -9999 -9999 -9999 -9999 -9999 -9999 -9999 -9999
0.475018892563914 0.487087859171919 0.48385731609573 0.471589923690635 0.460391794706013 0.460616312666923 0.455773463328738 0.455221704246736 0.466993102388105 0.479627053777402 0.496070860704285 0.549624190691339 0.563848639875374 0.612368591193221 0.656600735483434 0.690570991428764 0.70071683166272 0.721380914247496 0.73957415410716 0.766757782516699 0.793876632902295 0.796784389623334 0.839761293716396 0.834911664559898 0.875260194035299 0.890423762978996 0.89829848289289 -9999 -9999 -9999 -9999 -9999 -9999 -9999 -9999 -9999 -9999 -9999 -9999 -9999 -9999 -9999 -9999 -9999 -9999 -9999 -9999 -9999 -9999 -9999 -9999 -9999 -9999 -9999 -9999 -9999 -9999 -9999
