layers/veg_pts/veg2300.asc
NCOLS 255 
NROWS 330 
XLLCORNER -2985163.8955 
YLLCORNER -3022031.214 
CELLSIZE 25000 
NODATA_value -9999 
[rows 182 to 207 of 330, columns 116 to 173 of 255]
0.080957040077898 0.0818818193895446 0.083079590341538 0.0855163778524215 0.0875663625736765 0.0919948387804638 0.0967887921011206 0.102065197430495 0.107918986328193 0.113181588209107 0.120733069458755 0.128793122763547 0.136628019728435 0.143508485568907 0.153518867172888 0.160626288557579 0.170503161303827 0.185023321412552 0.195223912293177 0.19958311633608 0.211829643847481 0.226392721799007 0.236864617140343 0.262516307619918 0.279600529282667 0.27614817515511 0.280440493383864 0.282744141376657 0.302280713556368 0.304615606846456 0.329332138818288 0.339719281383189 0.337808430673282 0.333019268893667 0.341765135929867 0.357045805304818 0.377091968651552 0.387167065659464 0.404568909349686 0.412687489091748 0.415624067105418 0.41875068244241 0.430753406812513 0.438092127562622 0.43778474736637 0.500611546689455 0.567470988930029 -9999 -9999 -9999 -9999 -9999 -9999 -9999 -9999 -9999 -9999 -9999
0.0780499474212606 0.0788686803177558 0.0803362640742128 0.0825599869730998 0.0850614822151978 0.0889579797822338 0.0936562923991706 0.0987545534515955 0.104515126571113 0.109678917186814 0.117072192619093 0.124839690007913 0.131777128321903 0.139198808664691 0.150245974051212 0.160429167193088 0.170716475479313 0.182750205136734 0.191745006948519 0.192622203845654 0.203265906233771 0.224076184986438 0.237299028483889 0.259765543954846 0.273488135198611 0.259843869785339 0.26626343660153 0.284812432880209 0.296911639939364 0.303225258753587 0.317594676345829 0.335293248220165 0.333690177561341 0.328698086738924 0.33032751685543 0.345541184238459 0.368896230804617 0.387469407100904 0.400966649787671 0.407479647190651 0.41799823642845 0.421302833565646 0.427923125056628 0.441318734974557 0.464989391003268 0.529604562329857 0.561994517493585 -9999 -9999 -9999 -9999 -9999 -9999 -9999 -9999 -9999 -9999 -9999
0.0753195164668067 0.07600446559522 0.0774735368000582 0.0795392481685687 0.0822952925769587 0.085833804191185 0.0906187643862048 0.0955636768184992 0.101342513930996 0.10619092168476 0.113351193490168 0.120773062702823 0.129128229327155 0.136960856902983 0.145281689073707 0.155709615380937 0.167415130269058 0.178671083646558 0.186718275387552 0.190550371645031 0.207344686535371 0.219579446662082 0.245238841381307 0.257458576588564 0.252702056278773 0.258628014046918 0.275040048299508 0.294297762453576 0.312427324572988 0.324156541701885 0.326623746947611 0.339639544832189 0.33341870189735 0.327497360422053 0.326075471363105 0.333503432159801 0.353519352259546 0.368434539005837 0.383382158133398 0.39733435048006 0.420215912515527 0.426955251298487 0.423553171731392 0.457184368212353 0.50993512383761 0.547499481502422 0.565657091844965 -9999 -9999 -9999 -9999 -9999 -9999 -9999 -9999 -9999 -9999 -9999
0.0728624973632904 0.073675271117883 0.0748312467948238 0.0768762311035703 0.0792296020957368 0.0831730540116661 0.0876425703205955 0.0926491968364086 0.0983200654979646 0.103012265408284 0.109611867983629 0.116803803315226 0.125058118772848 0.132635918045498 0.139205846980175 0.148490447978166 0.16197755747011 0.174962392735045 0.179253493584352 0.191182958217391 0.210197166460087 0.226304685663639 0.233765597735065 0.239684266048746 0.240252181397387 0.265531237077533 0.285366801213733 0.298168403295029 0.320069098460695 0.335452650033184 0.342388738752165 0.348209224186311 0.341686086634423 0.334329905208103 0.335602946586497 0.339802069417867 0.357550167038346 0.355377062276112 0.367086734156386 0.393694451630432 0.419898261544378 0.438364274650506 0.432874528011665 0.478222718649657 0.527373201403673 0.553324247662033 -9999 -9999 -9999 -9999 -9999 -9999 -9999 -9999 -9999 -9999 -9999 -9999
0.0706706256780774 0.0711247011858794 0.072463236963088 0.0740682789555521 0.0763159844636802 0.0801344087803987 0.0847147507562755 0.0897153458631849 0.095354697553123 0.100001374555202 0.106539119226923 0.113634876752936 0.121507197048631 0.130251399394928 0.139665220684076 0.14825346559059 0.159423109654742 0.170893270779013 0.179570137886871 0.192835855155977 0.205909113718382 0.214159209753885 0.21730715196836 0.234809650545306 0.246340304619967 0.275907606800864 0.288053755484795 0.301541507159357 0.322683648323284 0.338991496576874 0.355022705189489 0.362537982556321 0.36109814701595 0.352687738978456 0.358338335162823 0.371184034463445 0.377890951019483 0.369768960125744 0.376805869048109 0.380329803126714 0.408134934643509 0.451789306709381 0.470080492553412 0.489196249505766 0.523551162037053 0.546545971943396 -9999 -9999 -9999 -9999 -9999 -9999 -9999 -9999 -9999 -9999 -9999 -9999
0.0689230493183016 0.0693993677687162 0.0705642834876377 0.0721313372935612 0.0744810359716277 0.0779283168698161 0.0826280593385374 0.0875631738180268 0.0922598225427164 0.0960351988466775 0.102702218781527 0.110910689435139 0.119655876888946 0.128179622397035 0.137771169758891 0.146002257557323 0.157110156422474 0.169348047812975 0.180486437982692 0.193449377563298 0.200488011288217 0.201268022579234 0.208552709955917 0.235037573443209 0.258936912076122 0.279686156657026 0.287526131874432 0.299813334083483 0.324487659097501 0.33817049599011 0.355794865511741 0.376369220802694 0.380238689066292 0.37982756242941 0.395699604591946 0.381413827240152 0.373604407688699 0.383120221764725 0.395931227395761 0.384400732555069 0.409106278257447 0.466323722097196 0.469154338529426 0.481011581874879 0.514296539069756 0.54630278755859 0.563294151522664 -9999 -9999 -9999 -9999 -9999 -9999 -9999 -9999 -9999 -9999 -9999
0.0670783123213331 0.0674326836101692 0.0682894080572045 0.0697263264985991 0.0719971328678493 0.0753968071267822 0.0801651187847145 0.0846980095392266 0.0884954250705694 0.0925676211889186 0.0991047133503086 0.106867264622211 0.115501730126846 0.124488374745151 0.134663716301192 0.143040143903996 0.153381546444055 0.166059604968978 0.176627511543898 0.188448651811658 0.194378688314625 0.199829278585803 0.212892007436954 0.238862418672018 0.263811549141885 0.276840560722938 0.284515836740305 0.29235971434702 0.321132748899143 0.332031007994115 0.341687715238038 0.356439215913341 0.382438836215665 0.396433981094291 0.395829980204305 0.385437467014408 0.384537649052602 0.385201654689152 0.400633937723622 0.389714029433826 0.403544049475218 0.458308386223899 0.466052901455752 0.475542113821935 0.508422424223456 0.54799820098958 0.56561837497632 -9999 -9999 -9999 -9999 -9999 -9999 -9999 -9999 -9999 -9999 -9999
0.0650975008618099 0.0650783290047503 0.0657852829666283 0.06726244579905 0.0693378465572372 0.0726972321774693 0.0774861567661247 0.0815869755906735 0.0846528988109829 0.0890375102579059 0.0954172440537985 0.102810181296208 0.110922086851665 0.120338638902124 0.131009859972995 0.139414240934772 0.14947507086708 0.161268274472772 0.170374510378086 0.181602434134631 0.192692961036239 0.205856351764712 0.224095239979847 0.241163895120723 0.256485108184925 0.270442894532327 0.277730791484007 0.287890368676502 0.303237510303786 0.325255974571973 0.335617652914015 0.343898269066539 0.362747248303656 0.382577921338118 0.39332589173262 0.392188934309811 0.392682748266503 0.392162499401125 0.39916608923875 0.395495839928886 0.404849643312847 0.43852501768058 0.453422206473889 0.464976089145789 0.495693723533204 0.542482966760374 0.555040332544712 -9999 -9999 -9999 -9999 -9999 -9999 -9999 -9999 -9999 -9999 -9999
0.062884908284768 0.0625995830889775 0.0632672779336313 0.0647116429811565 0.0665559566532326 0.06986224616436 0.0747024947878626 0.0784098799154992 0.0809843498158979 0.0854115316041131 0.0917857591181859 0.0993333537667636 0.107347663947141 0.116811946651366 0.127222434291999 0.135251392093004 0.146128794434364 0.156896459475384 0.166683284671263 0.180444640840228 0.197782883333419 0.206151807839161 0.225266967628712 0.229973844368605 0.240998773593126 0.261215021909868 0.268863412353858 0.278230726011522 0.296075888555383 0.321642751295375 0.330336425471919 0.342799121024318 0.370872264694853 0.383829597383858 0.385420034859639 0.386367474838821 0.393865755890904 0.398356240931856 0.396606270507841 0.395692365619995 0.399148108128665 0.406797242955741 0.416506149705346 0.43647751853757 0.454631450637276 0.518244718771037 0.551980336086833 -9999 -9999 -9999 -9999 -9999 -9999 -9999 -9999 -9999 -9999 -9999
0.0604691639781648 0.0602229416997831 0.060893495724884 0.0619832426213254 0.0636237676724073 0.0669888840492244 0.071835410951533 0.0750745154442917 0.0775412322244341 0.0818987620547915 0.0886629066192673 0.0961034283492329 0.104510958913426 0.113760602537137 0.123586863058162 0.131324845214235 0.141640860923363 0.152813765237112 0.165439802445659 0.182300355958515 0.195361742253068 0.207114787736294 0.217083994724852 0.232041428871584 0.242263448854547 0.25820831148697 0.272255279003382 0.283546751734537 0.29733679422778 0.319971315509866 0.332351272417301 0.344693768235089 0.36841166287039 0.37693115744671 0.381044471219644 0.383096453989487 0.39063573902706 0.398480219455996 0.394176024646584 0.388527553463031 0.375766040253967 0.369275966795743 0.378583862367202 0.436346879433411 0.448743443505807 0.538116947491619 0.554483318797399 -9999 -9999 -9999 -9999 -9999 -9999 -9999 -9999 -9999 -9999 -9999
0.0581229103489953 0.0578559480893206 0.0585969454745322 0.0593036836551008 0.0608645654095325 0.0644508490641282 0.0689208583836981 0.0715473451241945 0.0744264744833574 0.0783321506305804 0.0860442184002533 0.0934937139392387 0.101601796081183 0.110342361646045 0.119649261572153 0.127378961624804 0.13810379071573 0.149766453578471 0.16472383300122 0.179442474393459 0.192039398398597 0.203921588516964 0.213290371741928 0.227209026721792 0.240727144446373 0.26116815522202 0.275012339750142 0.283758934614866 0.299306354820247 0.321846635093639 0.337272349631095 0.351531860577714 0.362005896347159 0.367928817220026 0.381052680426834 0.388601715292521 0.388744524267995 0.393786499328397 0.393733391275687 0.3908128226367 0.38184025691458 0.348895967284006 0.396258725600445 0.473324613803499 0.494967859944774 0.55198707089559 -9999 -9999 -9999 -9999 -9999 -9999 -9999 -9999 -9999 -9999 -9999 -9999
0.0557059626302099 0.0554444200173776 0.0552380774164719 0.0563786958388865 0.0583225139844523 0.0624447485270985 0.0658296310579084 0.0673885148649942 0.0713555817290497 0.0766840779022595 0.0834410849524618 0.090252974556903 0.0968516715709222 0.105947749971637 0.115931557600778 0.123821208313554 0.134838311047331 0.148374372257716 0.160179857831568 0.174803266294696 0.187187167969929 0.197557824508065 0.209184284662593 0.225250997726409 0.238104321618687 0.255955146368643 0.270623044497887 0.283158085346182 0.302073366997303 0.326792054384137 0.34376046956087 0.354430796787066 0.364300898519353 0.37066016210266 0.385885221442365 0.397930717966054 0.395347124138568 0.39353044525074 0.402895216563404 0.400621414036893 0.388564949061142 0.381984823982596 0.420972704025784 0.488282331516204 0.527904717674732 -9999 -9999 -9999 -9999 -9999 -9999 -9999 -9999 -9999 -9999 -9999 -9999 -9999
0.0532869731398615 0.0531860523477687 0.0527588585460869 0.0535469958135769 0.0565410789810447 0.0602031337370175 0.0612958685214753 0.0649774342208106 0.0693159919246047 0.0739664264147584 0.0786056181373165 0.0857482233098526 0.0938499017783579 0.10280940877189 0.1125783054514 0.120385323297584 0.131951997920036 0.144800961430878 0.15598638594053 0.167621289447959 0.179395010690586 0.189443049780386 0.199842762101289 0.217777141201027 0.230218182258743 0.245818028190629 0.263337904990804 0.283790657693061 0.306711313172621 0.328532923184838 0.341914209212739 0.347441794259986 0.370749760678799 0.387463531388276 0.402026331606637 0.406463958865948 0.409979978569707 0.410275117155703 0.401843480946598 0.394262707411155 0.382079372067037 0.44242775833309 0.485545485359603 0.516062576889842 0.540929223325006 -9999 -9999 -9999 -9999 -9999 -9999 -9999 -9999 -9999 -9999 -9999 -9999 -9999
0.0516583889220733 0.0512841731256073 0.0508477929419644 0.0519143797361682 0.0546065808056257 0.0585086206915579 0.0586306124990888 0.0633318810213933 0.0679684646392715 0.0711669935155006 0.0748918032586022 0.0828174338529403 0.0917977597979588 0.100327695041538 0.110161238109821 0.11783193523599 0.128712439446203 0.140714931246812 0.151675402056399 0.16237329117735 0.173897516433567 0.18002263911366 0.188501508001344 0.207640917930318 0.22096750872479 0.237981570117735 0.256011870877812 0.283335490407752 0.31257419657581 0.321206718747937 0.319618457545609 0.340865790790651 0.354569395557956 0.377580632912557 0.406522865856625 0.42840901159992 0.413325164074786 0.404457456709963 0.404436443284059 0.41031254591273 0.408313379538751 0.49563698364154 0.524854277274791 0.532568704749718 0.542654167465017 -9999 -9999 -9999 -9999 -9999 -9999 -9999 -9999 -9999 -9999 -9999 -9999 -9999
0.0498198785954065 0.0492189661872665 0.048832005911471 0.0503500714328893 0.0530719304667226 0.0564749618136367 0.0572633161213226 0.0614884301109561 0.0646698025845448 0.0672337474249646 0.0717389714859877 0.0797832777452099 0.0891592156060466 0.0977355095181343 0.107549034376712 0.115735170401368 0.126105106670896 0.137507756390662 0.147990004558139 0.159457620018349 0.169891458458639 0.171485427083937 0.182432597931323 0.203416646238919 0.217712655136577 0.235605610226942 0.246745539854081 0.280243818986058 0.313703775046008 0.321241640401879 0.321481061279249 0.3605507807465 0.377387769431491 0.397447501616163 0.41095901708821 0.411832635671057 0.408496728852765 0.401140312226502 0.400907998229274 0.413308388245554 0.437327013651646 0.521592983070599 0.52917936051104 -9999 -9999 -9999 -9999 -9999 -9999 -9999 -9999 -9999 -9999 -9999 -9999 -9999 -9999 -9999
0.0477545146953261 0.0469958600709447 0.0468096748094471 0.0487823987062454 0.0517992699445797 0.0540706461559679 0.0559723577918703 0.059125350529779 0.0604748803943812 0.0631819065692909 0.0691754892890699 0.0771003172865568 0.0860097464946268 0.0949772046008179 0.104887988139149 0.112841310157185 0.123727460121272 0.134254232787242 0.145201212228927 0.155975864481399 0.164979922869152 0.169304842386667 0.186362308159482 0.207946298263547 0.222241782596408 0.23758352212497 0.245633547089694 0.278230205116045 0.321303582063175 0.316536854861354 0.340054351754374 0.366777239006365 0.409437579698983 0.421106835026293 0.430262499934598 0.432087769279932 0.42274318100078 0.418175804659326 0.404068422481115 0.408602676983903 0.458634238792984 0.524226827003033 -9999 -9999 -9999 -9999 -9999 -9999 -9999 -9999 -9999 -9999 -9999 -9999 -9999 -9999 -9999 -9999
0.0457994975617293 0.0448434921203315 0.0450869793858663 0.0475556644909586 0.0503246490642479 0.0517374314376801 0.0540002717710989 0.0564189956308943 0.0575350775351359 0.0605867895770781 0.0673626865100543 0.0758687784138569 0.0834238141989051 0.0923008059395999 0.102693596381801 0.107479903962912 0.118584773691284 0.127794010376226 0.141295017258767 0.153511222956745 0.169277396970964 0.182613331204794 0.202222779096965 0.2212116921718 0.240456477925618 0.259669139116322 0.253950096375636 0.29094103729921 0.332249670967084 0.327575450514931 0.355154478138866 0.387246724264634 0.423331964570737 0.437037077507458 0.451511409479529 0.462418552188984 0.456952996305255 0.460997710199033 0.434198776306011 0.433158890510095 0.485013421572702 0.524563427415517 -9999 -9999 -9999 -9999 -9999 -9999 -9999 -9999 -9999 -9999 -9999 -9999 -9999 -9999 -9999 -9999
0.0438865985760819 0.0428507019614014 0.0435143977675887 0.046522690782381 0.0484456641350208 0.0496806080500452 0.0515987339552658 0.0535924016752939 0.0556316212255406 0.0591339667914952 0.0651365871775618 0.0734301769553977 0.0818210988293018 0.0886176644198529 0.0960273600187273 0.0987485201026981 0.110960097661004 0.118986144203832 0.135838476099986 0.150083420815548 0.165749465848695 0.184204168953586 0.199860845791586 0.219530894377943 0.241799551138899 0.265935635469128 0.276394631717351 0.304868828291208 0.333753477085074 0.347097013219744 0.371991205102251 0.401474695005283 0.424887202871712 0.442592359299754 0.461361291374017 0.47706311899614 0.491272035820262 0.502808653891537 0.492943957305314 0.507391498816751 0.521112867707628 -9999 -9999 -9999 -9999 -9999 -9999 -9999 -9999 -9999 -9999 -9999 -9999 -9999 -9999 -9999 -9999 -9999
0.0423321687158378 0.0413121888079148 0.0412150458108558 0.0449302679239132 0.0464826114732232 0.0474199486190099 0.0496176931305014 0.0511772073950429 0.0542196956913686 0.0572086375320215 0.0632195535016577 0.0712649473522647 0.0786522338975975 0.0851562613456735 0.0940309793834946 0.0981106370906236 0.105173497407728 0.116160383195391 0.12964768206261 0.148215084287522 0.161837843250896 0.179293860962045 0.197134965302655 0.21667286919397 0.240203994318185 0.265105706956577 0.283564716064526 0.306063715350827 0.332058828843533 0.357394370184278 0.38093469325559 0.404387247478212 0.421338740848504 0.438777877855751 0.460014522283711 0.478423621984367 0.487899214507737 0.500411231756325 0.499802232712687 0.516390056422751 0.520879523033727 -9999 -9999 -9999 -9999 -9999 -9999 -9999 -9999 -9999 -9999 -9999 -9999 -9999 -9999 -9999 -9999 -9999
0.0406971248084166 0.0399325336909288 0.0422364901748177 0.0440325337627674 0.045279045998336 0.0461816788108992 0.0464099953104152 0.0492189774340359 0.0523324117694721 0.0555987563778637 0.0617943387338268 0.0705795575634997 0.0750111022495475 0.0829999341988675 0.092139375148409 0.0911715212588494 0.10231966973495 0.107807763147122 0.120306733468103 0.140424839926272 0.156688317518315 0.17463231263759 0.193352891669576 0.212853140710021 0.23671927182461 0.260173541539998 0.27521330044054 0.298646091980564 0.328386466064641 0.351582609330568 0.375004961288636 0.398442642852816 0.412090438448219 0.42911583227609 0.454871361849512 0.476210053014311 0.486241228195092 0.5031957355153 0.509852273579407 0.516396803850026 -9999 -9999 -9999 -9999 -9999 -9999 -9999 -9999 -9999 -9999 -9999 -9999 -9999 -9999 -9999 -9999 -9999 -9999
0.0397091594890989 0.0394298370379139 0.041606743374415 0.0426997534196021 0.0437170691439911 0.0432502563237238 0.0445151262317272 0.0469174354825313 0.0498781222352438 0.0539544837243344 0.0605449437910349 0.0678506794949888 0.0713056266941643 0.078406748441044 0.086181770362177 0.0865325843824896 0.0978703297660917 0.106030141522108 0.114357560634184 0.131896910662791 0.153311857826156 0.171440005403323 0.18965631336635 0.207428187489524 0.226467870828115 0.247458778145458 0.262972872728671 0.288441647634084 0.320835629103711 0.336848528459302 0.35776605663106 0.380917334400223 0.390971542232561 0.414335889846286 0.452464272765595 0.475965508969569 0.489906743319339 0.503791127656376 0.510360249027598 -9999 -9999 -9999 -9999 -9999 -9999 -9999 -9999 -9999 -9999 -9999 -9999 -9999 -9999 -9999 -9999 -9999 -9999 -9999
0.038570311475752 0.0390631461859636 0.0405794212627343 0.0408271915952529 0.0422141458878387 0.0403890074695453 0.0425760843152218 0.0451031122961516 0.0479243598602222 0.0525218909690916 0.0596828065051962 0.0651774350122801 0.0690550426179304 0.0741476742616167 0.07969531363741 0.0833858337525906 0.091738600150625 0.103762680920394 0.108889485561519 0.125809040423838 0.151111965907461 0.167623615939008 0.185900385078168 0.200111475764194 0.209966705899283 0.22646232231836 0.251999954003007 0.274563767943767 0.309269383339318 0.322903904983947 0.342988602908353 0.365937487311844 0.381606631901972 0.416768687200731 0.452427984880522 0.471821946015588 0.491252126882639 0.50092686665034 0.506948707642091 -9999 -9999 -9999 -9999 -9999 -9999 -9999 -9999 -9999 -9999 -9999 -9999 -9999 -9999 -9999 -9999 -9999 -9999 -9999
0.0379451673728333 0.0388408769666089 0.039515562235139 0.038659838730025 0.0397010740240178 0.0381323734247477 0.0403702594187712 0.0435491328920798 0.04667597792227 0.0511177384030651 0.0584254863014444 0.0633266813025757 0.0679812157847249 0.0728775492724076 0.0775705337329348 0.0813340228749935 0.0860505866684634 0.0951879913944086 0.103439364201942 0.123463297172188 0.147776344495886 0.161443693323383 0.17993421588629 0.192425576977178 0.204237638177885 0.218467114662318 0.249799490369426 0.27616510197608 0.303099590607232 0.3239628931741 0.35254292330906 0.380960808304687 0.394613708354034 0.425207127363343 0.452225615823841 -9999 0.495806494930791 0.497958065710252 0.505467128296083 -9999 -9999 -9999 -9999 -9999 -9999 -9999 -9999 -9999 -9999 -9999 -9999 -9999 -9999 -9999 -9999 -9999 -9999 -9999
0.0380839535379299 0.0386586769041586 0.0383763855274344 0.0356264686532291 0.0357452170306611 0.0360709954490895 0.0387405917307169 0.0419365015324482 0.0454449624849867 0.0496969585737504 0.056957471053339 0.0620199011540043 0.0663174330440027 0.0726314485636802 0.0793875435715903 0.081589701813847 0.0834210383158599 0.0900819874594666 0.108892750945028 0.127995535420871 0.14502660055966 0.159298687224326 0.177404288925487 0.193442773462329 0.199759025946662 0.217708337221784 0.23604160832219 0.267049582838216 0.292092960312942 0.318909801415751 0.347053603370011 0.378998666347573 0.399978318581322 0.428157194578634 0.451089835734794 0.466319121720585 0.478509081698067 0.48920367899862 -9999 -9999 -9999 -9999 -9999 -9999 -9999 -9999 -9999 -9999 -9999 -9999 -9999 -9999 -9999 -9999 -9999 -9999 -9999 -9999
0.0377721336867598 0.0377054658240869 0.0371666009630336 0.0310413844549107 0.0319202251169383 0.0340387420030973 0.0385017930152465 0.0405918716151385 0.0435843665432303 0.048827972598173 0.0574364214881439 0.0616910239325055 0.06274438729581 0.065524962839281 0.0742726781997959 0.0782809001020881 0.0793307131375668 0.088487845223971 0.113516985744134 0.128788322248957 0.14251101096038 0.153457528930781 0.170739067868997 0.193237815428182 0.21100758436258 0.227453643985275 0.240825351319389 0.260203278189798 0.284019771856549 0.312414534208063 0.340231011916704 0.377784446304188 0.401718350777911 0.428491704161828 0.450469427176915 0.466101910290216 0.478391373581582 0.485235839604132 -9999 -9999 -9999 -9999 -9999 -9999 -9999 -9999 -9999 -9999 -9999 -9999 -9999 -9999 -9999 -9999 -9999 -9999 -9999 -9999
0.0366902933794525 0.0351442604139116 0.0347196388597065 0.0289378864896537 0.0307514601746631 0.0339779559136188 0.038111160830432 0.0396033054502773 0.0430695460594891 0.0486933227389065 0.0542916415635064 0.0587905357642675 0.0619926239034489 0.0642046908580726 0.0682842555851555 0.0739899393866909 0.0767570605034612 0.0931032192453164 0.113619928409218 0.127504950143539 0.138883922091343 0.150386670747921 0.167961959770867 0.192381315542869 0.212037326956853 0.231172096644631 0.242248643472259 0.255816223061323 0.284775613883371 0.313127191150513 0.342331902412766 0.381826087512313 0.402639034370774 -9999 0.440238970118219 0.458181578833823 -9999 -9999 -9999 -9999 -9999 -9999 -9999 -9999 -9999 -9999 -9999 -9999 -9999 -9999 -9999 -9999 -9999 -9999 -9999 -9999 -9999 -9999
