layers/veg_pts/veg3200.asc
NCOLS 255 
NROWS 330 
XLLCORNER -2985163.8955 
YLLCORNER -3022031.214 
CELLSIZE 25000 
NODATA_value -9999 
[rows 130 to 155 of 330, columns 174 to 231 of 255]
0.614964611389549 0.598177869609209 0.60060891983923 0.585382146169384 0.586635795300054 0.591770679672717 0.604152559092273 0.611856309388684 0.617837274981667 0.628811629069404 0.64009481877983 0.653152573054858 0.663233326312996 0.670099913502206 0.676764124814004 0.68206327101399 0.688485421697114 0.687955364279757 0.679845080406694 0.707468896846816 0.721967631514022 0.742024329637093 0.742488555342637 0.751891716714193 0.778114602383949 0.783856197933177 0.785269124144181 0.796502592052895 0.762469881433263 0.796390799811279 0.814206360055097 0.826690717182251 0.845146958485156 -9999 -9999 -9999 -9999 -9999 -9999 -9999 -9999 -9999 -9999 -9999 -9999 -9999 -9999 -9999 -9999 -9999 -9999 -9999 -9999 -9999 -9999 -9999 -9999 -9999
0.591794215303542 0.58046256713854 0.589798227847429 0.584049087582239 0.589440346153083 0.592046015259887 0.602518360466376 0.601201089951506 0.613731516959343 0.620970504918227 0.633749997554913 0.652186649978484 0.662496238629541 0.669350957842685 0.675821204613836 0.677131056220637 0.682648232802754 0.682783715728733 0.684954050374027 0.712746732111764 0.722675732483231 0.731537861628966 0.737931054564042 0.756301846258693 0.766225849338328 0.768429948174849 0.744950918667698 0.772453558714727 0.799470759108344 0.817326794599031 0.824026782858718 0.830916804512066 0.847704990614881 -9999 -9999 -9999 -9999 -9999 -9999 -9999 -9999 -9999 -9999 -9999 -9999 -9999 -9999 -9999 -9999 -9999 -9999 -9999 -9999 -9999 -9999 -9999 -9999 -9999
0.575280474796715 0.569853177050217 0.579739210464088 0.58905747902486 0.592613487847767 0.597389535070511 0.59318633502098 0.601276116984178 0.604019619748867 0.611272493491492 0.624051624343532 0.651256706756042 0.663397523677051 0.671221177138087 0.678297366737252 0.673037804420036 0.67765919606184 0.67725440425972 0.682169985049063 0.702674746876645 0.714273541759326 0.719931119212427 0.729951560560325 0.747838915512586 0.745735958228632 0.757681776265054 0.757061956872491 0.773943085322728 0.80773802431375 0.819687536585257 0.831769434904413 0.834771909893844 0.849700394279654 0.852394717292544 -9999 -9999 -9999 -9999 -9999 -9999 -9999 -9999 -9999 -9999 -9999 -9999 -9999 -9999 -9999 -9999 -9999 -9999 -9999 -9999 -9999 -9999 -9999 -9999
0.571869108989823 0.571191430372366 0.57568139947648 0.589388445400548 0.588286585825417 0.590034870830957 0.604863037707872 0.607381979204078 0.605143413284129 0.609686456228083 0.625593452684753 0.652582175075347 0.66385175898824 0.669613838901928 0.677542164959404 0.660065531136898 0.672995507855325 0.673932163823327 0.681825343130298 0.699904653362568 0.711336746959192 0.720141585147114 0.735122791314219 0.745949852334463 0.734780443098386 0.72816813186221 0.745026486396104 0.77875548941812 0.809085931440667 0.818350297455813 0.833509350741647 0.84445630373328 0.851136977489281 -9999 -9999 -9999 -9999 -9999 -9999 -9999 -9999 -9999 -9999 -9999 -9999 -9999 -9999 -9999 -9999 -9999 -9999 -9999 -9999 -9999 -9999 -9999 -9999 -9999
0.575572292385566 0.583062569885438 0.58252505922984 0.58599469099998 0.588827000181331 0.590924998379122 0.609382447787109 0.610224979002142 0.612087088289619 0.614889850920622 0.638697893018074 0.652930700343812 0.66174303842561 0.671537083496474 0.680057369937618 0.658177440025402 0.658293799767109 0.663958817114782 0.670048678630695 0.691517110241618 0.708197517114302 0.723102333643542 0.739738097006391 0.738579046299588 0.728095972117775 0.741459386573622 0.757993167027077 0.773300661049719 0.806035726074162 0.817328986873847 0.833296900671192 0.849230430080781 -9999 -9999 -9999 -9999 -9999 -9999 -9999 -9999 -9999 -9999 -9999 -9999 -9999 -9999 -9999 -9999 -9999 -9999 -9999 -9999 -9999 -9999 -9999 -9999 -9999 -9999
0.604780935605151 0.609329503223446 0.606420512171852 0.599082296173974 0.59660259922842 0.600386823449046 0.612585034544203 0.617621599976198 0.621051181834504 0.624257232292954 0.638738039704811 0.648053826660352 0.657216172579779 0.670378701103725 0.679095831096658 0.66529042299262 0.647831634600782 0.663474417750503 0.665328718809915 0.684504985719022 0.699232984012358 0.707659855534321 0.716609535369945 0.725017304280305 0.744031159204554 0.769869418815839 0.782296438234848 0.789358741093728 0.808536499250052 0.813912157470839 0.827673122809411 0.846871378771809 0.854722557877739 -9999 -9999 -9999 -9999 -9999 -9999 -9999 -9999 -9999 -9999 -9999 -9999 -9999 -9999 -9999 -9999 -9999 -9999 -9999 -9999 -9999 -9999 -9999 -9999 -9999
0.576538748598881 0.589871891393103 0.602567004684003 0.604724558556582 0.602503408530585 0.607694996452118 0.61710908442824 0.624404575132793 0.627971433248742 0.627925461168543 0.61569068278382 0.639561880415811 0.656944505628221 0.666779121295617 0.674456078836623 0.664272088893666 0.6400379112358 0.668537216943892 0.678864498267815 0.694723199471534 0.701826316728669 0.712046848848025 0.722118974125141 0.735520200010866 0.754335043739282 0.783864449820229 0.80321481603427 0.814014866622828 0.823507572015069 0.805513232920463 0.810968596459517 0.848423180469234 0.854036323721143 -9999 -9999 -9999 -9999 -9999 -9999 -9999 -9999 -9999 -9999 -9999 -9999 -9999 -9999 -9999 -9999 -9999 -9999 -9999 -9999 -9999 -9999 -9999 -9999 -9999
0.579393700926051 0.583215501937168 0.602755821632998 0.610443111636319 0.607623988913567 0.611732963425468 0.61879349327158 0.618607811605192 0.617774209488785 0.615279057471015 0.609886407654543 0.63516964025315 0.655599661517296 0.662686363493133 0.665769661823072 0.658381785281077 0.647472131501157 0.670238440168238 0.688023896573016 0.704195673254763 0.709755976256565 0.720066454070276 0.721640912781696 0.729948623749262 0.747819781268202 0.787225907808043 0.805457315270652 0.816236176297924 0.825974278298338 0.822587829389216 0.833155831675842 0.852337900411358 0.856583653248748 -9999 -9999 -9999 -9999 -9999 -9999 -9999 -9999 -9999 -9999 -9999 -9999 -9999 -9999 -9999 -9999 -9999 -9999 -9999 -9999 -9999 -9999 -9999 -9999 -9999
0.587256020711495 0.580634252301883 0.596002303497288 0.609382989782358 0.61026138946479 0.614250537472446 0.616823085106289 0.608032138437618 0.598054791857439 0.597743864102471 0.609063085972254 0.630715650938599 0.648879068160603 0.656009941472697 0.655843066699985 0.65731411920289 0.66390593625556 0.678632847081835 0.704738045552291 0.694282144898984 0.706158296227159 0.721646851943799 0.728988998285167 0.733575294474735 0.749120111044294 0.789831918213191 0.807679349828965 0.815345611202702 0.831732687034088 0.834464913318711 0.843369768251212 0.856881529286472 0.860967269425814 -9999 -9999 -9999 -9999 -9999 -9999 -9999 -9999 -9999 -9999 -9999 -9999 -9999 -9999 -9999 -9999 -9999 -9999 -9999 -9999 -9999 -9999 -9999 -9999 -9999
0.598516156792948 0.586462584937841 0.5865288185676 0.5989387511898 0.606346490762672 0.612245827724566 0.613650728658233 0.606049092096698 0.597139620585006 0.595212084201553 0.605409561781331 0.626584692969875 0.640604041878458 0.644133540863582 0.647415122115205 0.657900072939567 0.676125019744887 0.691353547507111 0.694696989634552 0.701114320707586 0.708164475412311 0.724289026802777 0.732787700029609 0.747084078127291 0.772230657251429 0.794347949877317 0.819525673382418 0.820863927869059 0.833561953737941 0.835026077177594 0.847401222926459 0.859802933028218 0.86206114418608 -9999 -9999 -9999 -9999 -9999 -9999 -9999 -9999 -9999 -9999 -9999 -9999 -9999 -9999 -9999 -9999 -9999 -9999 -9999 -9999 -9999 -9999 -9999 -9999 -9999
0.608185164637761 0.603229029559018 0.589190117051656 0.595193366645951 0.599961222366686 0.610431699894824 0.606474880128437 0.599620682342535 0.594239051039759 0.592262983090771 0.597407365456892 0.621675423731382 0.626745418776909 0.629466566749665 0.643304785556025 0.663128531368456 0.682203893175522 0.69896709067803 0.712337559918879 0.72065365810103 0.728189338394016 0.730970907680551 0.73315522644766 0.749879846491216 0.795779786212728 0.812826037654311 0.822141272766283 0.824712664795612 0.82552778782417 0.835932753739884 0.850507672695493 0.860308061624046 0.860586994164288 -9999 -9999 -9999 -9999 -9999 -9999 -9999 -9999 -9999 -9999 -9999 -9999 -9999 -9999 -9999 -9999 -9999 -9999 -9999 -9999 -9999 -9999 -9999 -9999 -9999
0.611917556603202 0.605998124251345 0.588800062866414 0.592916111884692 0.599603782864184 0.602136774708952 0.607388345225481 0.599391828497513 0.592797632045149 0.585160727298323 0.58709849699781 0.614651694031372 0.60548316215554 0.620153919974427 0.64602763272779 0.669966754245916 0.690265271343455 0.71685053038566 0.73263452116586 0.737735554668289 0.740942322692222 0.738746512270218 0.744808247312786 0.749734876225623 0.772999635363532 0.787999206715018 0.804928353324861 0.822855363314119 0.826680607119336 0.840525242151216 0.851598470057658 0.860008030852214 -9999 -9999 -9999 -9999 -9999 -9999 -9999 -9999 -9999 -9999 -9999 -9999 -9999 -9999 -9999 -9999 -9999 -9999 -9999 -9999 -9999 -9999 -9999 -9999 -9999 -9999
0.610143675106013 0.610221466051858 0.599537920581622 0.599302370487193 0.598935419069631 0.589212142986791 0.601742493102086 0.599477367393463 0.593879426097931 0.583150389310155 0.585927252818059 0.609092028512513 0.58894743314408 0.615583880754377 0.628725039076643 0.674892220440777 0.703162705346804 0.731115536902756 0.745711993608959 0.736446642126872 0.733411088242112 0.735647493507542 0.764024096275342 0.77511386653736 0.770468979387829 0.779594353106183 0.798594294176917 0.822099937877194 0.832548705692578 0.843809967069618 0.852504770930143 0.859368653672338 -9999 -9999 -9999 -9999 -9999 -9999 -9999 -9999 -9999 -9999 -9999 -9999 -9999 -9999 -9999 -9999 -9999 -9999 -9999 -9999 -9999 -9999 -9999 -9999 -9999 -9999
0.608753875880317 0.606461710608533 0.59630078628808 0.589880031583709 0.593319976654172 0.579822652892888 0.59982984972027 0.596619587523922 0.593355278602481 0.596454982785546 0.605870317297486 0.60283318337724 0.618829817883449 0.630142641825349 0.646508860959927 0.671723394481654 0.700578031806588 0.725839781599044 0.7381484450575 0.717173442868248 0.73103689175837 0.734661475340152 0.747276050639026 0.756550305277453 0.761318122407111 0.781286767513728 0.807351218670695 0.826032077567632 0.835484059743323 0.846490177854091 0.854704630835897 -9999 -9999 -9999 -9999 -9999 -9999 -9999 -9999 -9999 -9999 -9999 -9999 -9999 -9999 -9999 -9999 -9999 -9999 -9999 -9999 -9999 -9999 -9999 -9999 -9999 -9999 -9999
0.606801701908516 0.601217086766772 0.589164769780552 0.583840436780386 0.580371762678865 0.579991286533674 0.599319843649427 0.590201214872651 0.584357675339077 0.58799154346485 0.601837080028248 0.603107153390205 0.603359560330653 0.633325871324768 0.654971884468547 0.665731828641461 0.691529335250687 0.700508372246161 0.700487854528115 0.704880816765914 0.720612159378897 0.739308881593461 0.770491671030115 0.774737744376109 0.777682315335998 0.792276430857441 0.818214580990695 0.834343695785009 0.840350491577258 0.850358706357737 0.855557163502842 -9999 -9999 -9999 -9999 -9999 -9999 -9999 -9999 -9999 -9999 -9999 -9999 -9999 -9999 -9999 -9999 -9999 -9999 -9999 -9999 -9999 -9999 -9999 -9999 -9999 -9999 -9999
0.596777382855937 0.588089409769868 0.58016624655713 0.577084828434678 0.572888581799983 0.583664141601233 0.586382526106346 0.588543740210577 0.568582351266207 0.57149447899446 0.600622299246732 0.588281535615647 0.607276478655859 0.626865480421175 0.649917876718281 0.662644511130234 0.68311703690939 0.672487593718744 0.691952951905572 0.717632965028084 0.730636439361358 0.757041256832728 0.776308989450896 0.789979913020627 0.799736478505671 0.801944799681441 0.818624425900639 0.833310508111048 0.843389088764778 0.851025824551741 0.854715691844275 -9999 -9999 -9999 -9999 -9999 -9999 -9999 -9999 -9999 -9999 -9999 -9999 -9999 -9999 -9999 -9999 -9999 -9999 -9999 -9999 -9999 -9999 -9999 -9999 -9999 -9999 -9999
0.585396575606283 0.579752324334382 0.572110505129986 0.572159643680684 0.5787575278043 0.584629112047819 0.56381089969382 0.559750127890797 0.550131853670886 0.573435755455084 0.581908999442002 0.58076185311571 0.611478131470846 0.625446774925613 0.641674535220316 0.647202983698869 0.668054318196458 0.681913467077262 0.697685745193977 0.732277064985818 0.746913307206454 0.767316114113802 0.777293066751035 0.795064212000256 0.803727364387946 0.815652079668899 0.822776601819533 0.829124574223479 0.843461487208291 0.853629748409011 0.854672114978681 -9999 -9999 -9999 -9999 -9999 -9999 -9999 -9999 -9999 -9999 -9999 -9999 -9999 -9999 -9999 -9999 -9999 -9999 -9999 -9999 -9999 -9999 -9999 -9999 -9999 -9999 -9999
0.575842078289353 0.574954104384159 0.570779914403175 0.576180343433591 0.571918324855556 0.563532967862933 0.561606238511849 0.563624924100028 0.568716756613148 0.574995103540101 0.56134113139876 0.577723942326131 0.609899944978286 0.628026891318656 0.632496466386764 0.647280841539428 0.690504411854367 0.72137748580815 0.718509466729529 0.729429420203778 0.749186291904377 0.767478031096389 0.786060417931121 0.798555806281526 0.805953081141214 0.815468671095191 0.82701403559003 0.834621098632049 0.846239406057399 0.856005844191594 0.856432584460982 -9999 -9999 -9999 -9999 -9999 -9999 -9999 -9999 -9999 -9999 -9999 -9999 -9999 -9999 -9999 -9999 -9999 -9999 -9999 -9999 -9999 -9999 -9999 -9999 -9999 -9999 -9999
0.565705411722016 0.56557094440133 0.571204577707652 0.579261132886737 0.575513903659052 0.56441643369701 0.562461697679006 0.569545860866497 0.582369889960804 0.56693548451529 0.54917979227868 0.574636210594191 0.600596238522163 0.614809862582459 0.636918764256141 0.666496097115087 0.705673421262721 0.727302334504181 0.72997887541837 0.735896046789627 0.748741809741273 0.766359733761921 0.783814907977798 0.795082167019369 0.809495445371385 0.823552464548966 0.829953197360882 0.838041633924807 0.846911743846021 0.856032430971612 -9999 -9999 -9999 -9999 -9999 -9999 -9999 -9999 -9999 -9999 -9999 -9999 -9999 -9999 -9999 -9999 -9999 -9999 -9999 -9999 -9999 -9999 -9999 -9999 -9999 -9999 -9999 -9999
0.567922520738098 0.570902535160758 0.565711974481104 0.577903502818126 0.583032372054584 0.569726630345093 0.566405149328472 0.574552088541763 0.584885454666409 0.564768562319742 0.552865462622984 0.564109594078521 0.590715494828047 0.627718300424697 0.648279149664036 0.67471882672062 0.708195655611697 0.733639909678708 0.74364232952653 0.746060880905894 0.750529529057594 0.766370673413543 0.783084727686317 0.796501042148955 0.810395932673236 0.824431282937255 0.831563981603287 0.839130740373025 0.844867887876048 -9999 -9999 -9999 -9999 -9999 -9999 -9999 -9999 -9999 -9999 -9999 -9999 -9999 -9999 -9999 -9999 -9999 -9999 -9999 -9999 -9999 -9999 -9999 -9999 -9999 -9999 -9999 -9999 -9999
0.554021493451283 0.560964779809168 0.564363789535275 0.577766868471857 0.581178849541108 0.572604552106791 0.570539029293002 0.576049769038153 0.582079955218079 0.586808212625966 0.561482400083638 0.582546287943732 0.612010262191376 0.625981657423972 0.641727279610066 0.662168458750719 0.706194235644088 0.74203725053335 0.752690218513765 0.74321032792796 0.739093700892695 0.752958787231376 0.776909467781646 0.79364545077757 0.807280443059282 0.823003639118031 0.83243919414807 0.840544818068076 0.845901586573029 -9999 -9999 -9999 -9999 -9999 -9999 -9999 -9999 -9999 -9999 -9999 -9999 -9999 -9999 -9999 -9999 -9999 -9999 -9999 -9999 -9999 -9999 -9999 -9999 -9999 -9999 -9999 -9999 -9999
0.557959729850404 0.556224845431427 0.571431665332252 0.576258161988353 0.574083315211423 0.569940361810993 0.569479848467494 0.569911939261198 0.577647885744363 0.584772268797434 0.558845013662717 0.59646811948174 0.619146727090316 0.625007769456928 0.638064133159044 0.660350479795708 0.710233331327708 0.742304987324116 0.751774210553602 0.747526450178822 0.759285094899827 0.774515202864674 0.784717019110754 0.79508583994503 0.81010417322911 0.823705498947059 0.833290909985664 0.837341615301911 -9999 -9999 -9999 -9999 -9999 -9999 -9999 -9999 -9999 -9999 -9999 -9999 -9999 -9999 -9999 -9999 -9999 -9999 -9999 -9999 -9999 -9999 -9999 -9999 -9999 -9999 -9999 -9999 -9999 -9999
0.543098003025185 0.552752505875517 0.576404826774124 0.573200876732349 0.569808521179864 0.564080395184211 0.563001110765412 0.559484323163956 0.569402409504146 0.575307055208189 0.55535090612515 0.591064132369596 0.614765250726119 0.634721072871837 0.656376063279333 0.683483110983768 0.718275340241801 0.739975402234147 0.756816062552264 0.755857777687541 0.751424007930585 0.75840561488425 0.782821500023927 0.793596938858225 0.81244613141139 0.824687303332235 0.833929954378466 0.836323222136781 -9999 -9999 -9999 -9999 -9999 -9999 -9999 -9999 -9999 -9999 -9999 -9999 -9999 -9999 -9999 -9999 -9999 -9999 -9999 -9999 -9999 -9999 -9999 -9999 -9999 -9999 -9999 -9999 -9999 -9999
0.527427568571909 0.554495504781423 0.57583364658788 0.569995148049118 0.567680362546028 0.567588130102813 0.560669425995927 0.56319469111511 0.565796710208821 0.577539147084442 0.555183869806261 0.566898748081912 0.613026452403643 0.634165931193753 0.666180758437691 0.706827397111919 0.726493252090752 0.734957223314296 0.745232206205029 0.747945992676382 0.757989605150954 0.740287736800032 0.780485294690889 0.790028110585751 0.810033558666056 0.823056046594194 0.83250814625887 0.835564601671587 -9999 -9999 -9999 -9999 -9999 -9999 -9999 -9999 -9999 -9999 -9999 -9999 -9999 -9999 -9999 -9999 -9999 -9999 -9999 -9999 -9999 -9999 -9999 -9999 -9999 -9999 -9999 -9999 -9999 -9999
0.5338342368786 0.560397472432609 0.573579160493015 0.563422033173126 0.550534213513753 0.551093980403567 0.551763805597203 0.556891263477995 0.553305708601138 0.566329978040287 0.55515088627102 0.573064277283433 0.609593129050011 0.61317105268687 0.622425962548213 0.703351974280986 0.708564861145229 0.714117655852983 0.718333580187763 0.722393439720245 0.76079750126307 0.734591387057006 0.783065015109301 0.791191949254806 0.811178533288165 0.82538752716652 0.832131669724348 0.833120060575778 -9999 -9999 -9999 -9999 -9999 -9999 -9999 -9999 -9999 -9999 -9999 -9999 -9999 -9999 -9999 -9999 -9999 -9999 -9999 -9999 -9999 -9999 -9999 -9999 -9999 -9999 -9999 -9999 -9999 -9999
0.554486736025608 0.569351869273642 0.569790646039749 0.561237855474699 0.552804294281276 0.553736984026632 0.548392227400323 0.544908776185978 0.550236392855168 0.553886810295933 0.558588553487154 0.597511831310218 0.601283312266367 0.633532844877956 0.662292319809763 0.682991367410588 0.68325341892993 0.695308431957061 0.706271368441307 0.727697255334534 0.748255886413949 0.746768282336925 0.783767274440167 0.776344635706815 0.812054267137292 0.824518709587348 0.830852680995507 -9999 -9999 -9999 -9999 -9999 -9999 -9999 -9999 -9999 -9999 -9999 -9999 -9999 -9999 -9999 -9999 -9999 -9999 -9999 -9999 -9999 -9999 -9999 -9999 -9999 -9999 -9999 -9999 -9999 -9999 -9999
