layers/veg_pts/veg3200.asc
NCOLS 255 
NROWS 330 
XLLCORNER -2985163.8955 
YLLCORNER -3022031.214 
CELLSIZE 25000 
NODATA_value -9999 
[rows 182 to 207 of 330, columns 58 to 115 of 255]
-9999 -9999 -9999 -9999 -9999 -9999 -9999 -9999 -9999 -9999 -9999 -9999 -9999 -9999 -9999 -9999 -9999 -9999 -9999 -9999 0.267083202269123 0.267160888541492 0.237584129221835 0.192178918450835 0.141396523609813 0 0 0 0 0 0 0 0 0 0 0 0 0 0 0 0 0.0632890706540934 0.0270610401058538 0.0540975550601666 0.105920427016557 0.109335108475703 0.108039138547855 0.106719206466809 0.102080062807998 0.0981443094997932 0.0950684049226922 0.0927227672841209 0.091529581467643 0.0905544507136916 0.0899266641005405 0.0904714357878001 0.0915038185966141 0.0928477992624291
-9999 -9999 -9999 -9999 -9999 -9999 -9999 -9999 -9999 -9999 -9999 -9999 -9999 -9999 -9999 -9999 -9999 -9999 -9999 -9999 0.288027081992824 0.277389102951895 0.230003381006829 0.198390678330816 0.138442851248235 0 0 0 0 0 0 0 0 0 0 0 0 0 0 0 0 0.0497293528700355 0.0424536790069197 0.0702268851906163 0.106050146178978 0.110132633255895 0.106522710332612 0.10474586206453 0.100324164072243 0.0961081577958396 0.0927522334404653 0.0900746388342909 0.0886290175411343 0.0876754830124719 0.0864277038943644 0.087314239016827 0.0887998236180646 0.0902401062695087
-9999 -9999 -9999 -9999 -9999 -9999 -9999 -9999 -9999 -9999 -9999 -9999 -9999 -9999 -9999 -9999 -9999 -9999 -9999 -9999 0.306702872449718 0.28807862490544 0.236285495089801 0.193477415942843 0.117398539647662 0 0 0 0 0 0 0 0 0 0 0 0 0 0 0 0 0.0454140382250183 0.0787681137977006 0.0975888041630349 0.10741619207599 0.110014078881687 0.10493225927034 0.102699977636024 0.098027087980376 0.0938082947041822 0.0904333650228242 0.0875855896987544 0.0856524739399859 0.0844016141841682 0.0828323989434694 0.0843851007548626 0.0863081462021904 0.0876855598336138
-9999 -9999 -9999 -9999 -9999 -9999 -9999 -9999 -9999 -9999 -9999 -9999 -9999 -9999 -9999 -9999 -9999 -9999 -9999 -9999 0.300032253978849 0.256721624895172 0.217613133534627 0.170250310949817 0.0981905528842793 0 0 0 0 0 0 0 0 0 0 0 0 0 0 0 0 0.0767811889801802 0.101291526350896 0.103639030547826 0.107703497791568 0.109526378573417 0.104584155461921 0.101567916083677 0.0963085010090723 0.091963217759528 0.0886683078463225 0.0857181617736116 0.0827955329349137 0.0807225898928221 0.0804407253826749 0.0827290690834541 0.0844833855653986 0.085293580355595
-9999 -9999 -9999 -9999 -9999 -9999 -9999 -9999 -9999 -9999 -9999 -9999 -9999 -9999 -9999 -9999 -9999 -9999 -9999 -9999 0.285480881871097 0.249658096593934 0.198078896735385 0.140702885477226 0.0653546923804375 0 0 0 0 0 0 0 0 0 0 0 0 0 0 0 0.0773662629956365 0.10615966348912 0.110377485060001 0.104025027001433 0.103627557696728 0.108465399531418 0.103428853906396 0.100064893387364 0.0946883350458964 0.0903659782945291 0.0865196448789265 0.0833526325901505 0.08030990841395 0.0781323669244565 0.0783236104418323 0.0806629521377774 0.0826439466137102 0.0832331672905063
-9999 -9999 -9999 -9999 -9999 -9999 -9999 -9999 -9999 -9999 -9999 -9999 -9999 -9999 -9999 -9999 -9999 -9999 -9999 -9999 0.324637253679409 0.26068001925005 0.205871812413702 0.145180086492979 0.0365475848691628 0 0 0 0 0 0 0 0.0120527034120019 0 0 0 0 0 0 0.0363889626509651 0.118944849368249 0.117892441186025 0.112006258246718 0.10414773608852 0.101200517644725 0.105887675261784 0.101935200744184 0.0983878528395606 0.0930582993664997 0.0887606034604176 0.0848487861341933 0.0816821509166046 0.0791343050717602 0.077216699077454 0.0772880765071523 0.0794903724440778 0.0808711829131553 0.0813816511407974
-9999 -9999 -9999 -9999 -9999 -9999 -9999 -9999 -9999 -9999 -9999 -9999 -9999 -9999 -9999 -9999 -9999 -9999 -9999 -9999 0.334647047603541 0.286235526502791 0.243931718391772 0.174884127489169 0.0627735509796118 0 0 0 0 0 0 0 0.0206648823024978 0 0 0 0 0 0 0.0427048626595342 0.115353448330212 0.115382053512053 0.109695285506244 0.101738037785587 0.0995046799994205 0.102511994814787 0.0992563185622468 0.0962623007983973 0.0914021494425921 0.0870357390275788 0.0831363289249479 0.0798699473812453 0.0769380055260631 0.0748474123542628 0.0757826761599371 0.0780966070858652 0.0790954965538181 0.0795213449581517
-9999 -9999 -9999 -9999 -9999 -9999 -9999 -9999 -9999 -9999 -9999 -9999 -9999 -9999 -9999 -9999 -9999 -9999 -9999 -9999 0.317870835483118 0.300663360814264 0.259324989871047 0.180048111061682 0.0578847549058619 0 0 0 0 0 0 0 0.0309289148407968 0 0 0.0366164010712875 0.034866756243799 0.0644943089422532 0.0185383385376812 0.0227931423701811 0.101165177240086 0.109226296125807 0.102909212734388 0.0921581444899767 0.095327334976259 0.0992119301060191 0.0962348072056602 0.0937949709122196 0.089441325578498 0.0853048175130163 0.081462807275818 0.0780104544675668 0.0755596669222582 0.0744874227660524 0.0745619049217203 0.0764202610931273 0.0773381546271829 0.0777278152449004
-9999 -9999 -9999 -9999 -9999 -9999 -9999 -9999 -9999 -9999 -9999 -9999 -9999 -9999 -9999 -9999 -9999 -9999 -9999 0.350516096981243 0.314480941659283 0.286042857270539 0.232487890939671 0.147812211708404 0.0254347032496889 0 0 0 0 0 0 0 0.0226564853573899 0.0168444745037313 0.00503417317788274 0.0764732100541859 0.0796061669986694 0.0902983452101654 0.0354596928880941 0 0.0626886183420288 0.0959985437553794 0.0894531425833062 0.0764677843491171 0.0884037081105522 0.0965479493004295 0.093991747077257 0.0913514196361686 0.0871876362773517 0.0834140443893102 0.0797448533068676 0.0763137513898061 0.0749994001194373 0.0752080743714729 0.0738728254620915 0.0746100892338466 0.0752714924357464 0.0757025611669735
-9999 -9999 -9999 -9999 -9999 -9999 -9999 -9999 -9999 -9999 -9999 -9999 -9999 -9999 -9999 -9999 -9999 -9999 -9999 0.353176163347454 0.304257483404143 0.286308082698205 0.215818409582005 0.11436231732954 0.00480003484280007 0 0 0 0 0 0 0 0.00330905796487846 0.064937227600074 0.00823587532915928 0.0850898992357069 0.0914429133249217 0.0888851760509745 0.0187482973054754 0 0.0362407385993526 0.0624848307214427 0.0786230474416482 0.075536447626299 0.0878897984640532 0.0950709319393597 0.0920749637015209 0.0892821319363166 0.0851853591109905 0.0811107342049961 0.0777466095471869 0.0746930580912584 0.0736843319184993 0.0734225713447177 0.0727299315984685 0.0725559857755533 0.0726905502043189 0.0732609618498206
-9999 -9999 -9999 -9999 -9999 -9999 -9999 -9999 -9999 -9999 -9999 -9999 -9999 -9999 -9999 -9999 -9999 -9999 -9999 0.348007897008303 0.271726592964674 0.275462183231489 0.206731735265904 0.106863228987047 0 0 0 0 0 0 0 0 0 0.0641900596183459 0.037764797618569 0.0559815351941873 0.09462963578062 0.084957509938628 0.0138302814414944 0 0.0207602488458065 0.0125552425022669 0.0766755818971836 0.0830514216282596 0.0924050550648562 0.0957328412528712 0.0905880251633785 0.0874076576471866 0.0834225807971871 0.0793628969753387 0.0760152416075544 0.0728154258641885 0.0709797981707455 0.0701716574566302 0.0695857947708608 0.0696478359069996 0.0699937921730768 0.0707544514016113
-9999 -9999 -9999 -9999 -9999 -9999 -9999 -9999 -9999 -9999 -9999 -9999 -9999 -9999 -9999 -9999 -9999 -9999 -9999 0.329659492107359 0.265233756808991 0.20458495166426 0.147677933383987 0.0417692718856833 0 0 0 0 0 0 0 0 0 0.0509353331264499 0.026305709340809 0 0.0860884216489735 0.0665702771956589 0 0.00708293062217309 0.00504371249516979 0.0271557468990351 0.0845372672446271 0.0878576318465683 0.0932858723649806 0.0947307512098027 0.0894827212478593 0.0856923558838812 0.0815501182616657 0.0775598731302875 0.0741198644122395 0.0711619559044878 0.0689690390869364 0.0675923183142981 0.0669928851536302 0.0671007502550972 0.0674519797218559 0.0683067087644902
-9999 -9999 -9999 -9999 -9999 -9999 -9999 -9999 -9999 -9999 -9999 -9999 -9999 -9999 -9999 -9999 -9999 -9999 -9999 0.291372823694429 0.249080922828052 0.201553847800202 0.121582821677644 0.0431454542351394 0 0 0 0 0 0 0.0273572717541121 0 0 0.0347384413602626 0 0 0.0593710791634962 0.0661311717063132 0.0303684225932461 0.0777778376352783 0.0107050975646865 0.0396484366320027 0.089419013985106 0.0899688284053433 0.0941068437905765 0.0932798491342431 0.0875395020506091 0.0827075517788114 0.0793316356519449 0.0757045768270721 0.0723084520385159 0.0693204236705622 0.0671316000401335 0.0657271631926741 0.0649498818883229 0.0647597543150843 0.0651189150685482 0.0659466743971941
-9999 -9999 -9999 -9999 -9999 -9999 -9999 -9999 -9999 -9999 -9999 -9999 -9999 -9999 -9999 -9999 -9999 -9999 -9999 0.291714376945331 0.248327164028065 0.180850871511142 0.116004413120741 0.114104778930796 0 0 0 0 0 0 0.0185617022526156 0 0 0.00436822350805342 0 0 0.0351196418460361 0.0923288995336473 0.116681992472125 0.102832901276475 0.0488391548311072 0.0384219789729073 0.090903953902982 0.0910913754604001 0.094572153415235 0.0916929191263163 0.0810353851687885 0.0705385438363485 0.0713733879210058 0.0744465654856278 0.0708963604236185 0.0678910425890839 0.0658875718685642 0.0644157330080559 0.0634874685132571 0.0631432580289143 0.0634222694410337 0.0642183215876134
-9999 -9999 -9999 -9999 -9999 -9999 -9999 -9999 -9999 -9999 -9999 -9999 -9999 -9999 -9999 -9999 -9999 -9999 0.346147870469946 0.303847584266183 0.256963282671327 0.141956157983507 0.0624755896369187 0.0163078107826691 0 0 0 0 0 0 0.056110830871255 0 0 0.0256957226542737 0 0.00265264109732332 0.0878121730873021 0.120862787310696 0.117051068511953 0.11226421961991 0.0880155173470484 0.0517082700479627 0.0932536524710242 0.0926908708908902 0.0936642342287609 0.088277651392785 0.0681211306454628 0.051957849019056 0.0596041774242648 0.0726845536069634 0.0695120913980801 0.0664003162477077 0.0643869341216982 0.0628078860955675 0.0618634166620282 0.061430281280603 0.0616594436491833 0.0624703199992697
-9999 -9999 -9999 -9999 -9999 -9999 -9999 -9999 -9999 -9999 -9999 -9999 -9999 -9999 -9999 -9999 -9999 -9999 0.351589137397337 0.294584126195215 0.218646868110031 0.13102609314524 0 0 0 0 0 0 0 0.0183777072436392 0.03854421334666 0.0459622065079836 0 0.0469255700705251 0.0714102898502638 0.0100340921319456 0.105183609866163 0.122290438038054 0.115842418470909 0.108884284400116 0.100495727497401 0.0784118318968552 0.0971494476830658 0.0938125831523469 0.0910735967489978 0.080959728223233 0.0501367009089891 0.0331615027754169 0.0504642131061494 0.070277407753244 0.067914154534605 0.0647455886879933 0.0625243817836832 0.0606362969078847 0.0596593119120977 0.0594426826039416 0.0597818289994305 0.060615702502982
-9999 -9999 -9999 -9999 -9999 -9999 -9999 -9999 -9999 -9999 -9999 -9999 -9999 -9999 -9999 -9999 -9999 -9999 -9999 0.322108675394582 0.262168497733509 0.139997447030369 0 0 0 0 0 0 0 0.0625421017252826 0.0644510072708822 0.0736975715985492 0.0156243300480479 0.0393747199324189 0.0966541567763109 0.0316855737841294 0.106116262608092 0.122784473366337 0.116257984401383 0.0977481799493439 0.107286366675379 0.10105590486151 0.0974741012001907 0.0914619773362893 0.0873691641769863 0.0686727004320229 0.031254106433728 0.0189248468178853 0.049227258508923 0.0685507662562439 0.0662431385951022 0.063220593889536 0.0607824844875614 0.0581298361180067 0.057016771272119 0.0572503437218016 0.0578577899804894 0.0587532203595798
-9999 -9999 -9999 -9999 -9999 -9999 -9999 -9999 -9999 -9999 -9999 -9999 -9999 -9999 -9999 -9999 -9999 -9999 -9999 0.283130361747194 0.255172046436235 0.141299412070661 0 0 0 0 0 0.0119194689501737 0 0.0629523221200443 0.112327636859318 0.0866816440478951 0.0328091932545103 0.0150242123994573 0.0622927103680701 0.0723195052098319 0.112540294219031 0.120246007608485 0.114210524395935 0.0998645796026023 0.10768868452628 0.103034331850594 0.0962382975747507 0.0891375190280528 0.0760148912189354 0.0387920265645717 0.0114009270490318 0.0275051309153009 0.0551496613003111 0.0675119487223186 0.0647419490712433 0.0615998085148434 0.0589672598886418 0.0553596604818063 0.054542638016744 0.054531184865614 0.0554317138880217 0.0566950997524761
-9999 -9999 -9999 -9999 -9999 -9999 -9999 -9999 -9999 -9999 -9999 -9999 -9999 -9999 -9999 -9999 -9999 -9999 -9999 0.293899365754003 0.270162858555058 0.178643398670284 0.10059241829932 0 0 0 0 0.0494527015126967 0 0.0568344463791733 0.110333275729963 0.0974284304507359 0.0457817444828238 0.0212791972125734 0.0277245030504517 0.0825185799127538 0.116450358367945 0.115627821965514 0.109627855004238 0.104397415525248 0.106731530011483 0.101768033524001 0.0948160778161509 0.0869935136522178 0.0680687830447118 0.0247066046701307 0.00560799987304953 0.0327317345416871 0.0569050582752693 0.0658954804226271 0.0631382992318548 0.0600986665434321 0.0574564277055898 0.0537161053144424 0.0526424743292305 0.052113453470663 0.0529950717688743 0.0547744690699811
-9999 -9999 -9999 -9999 -9999 -9999 -9999 -9999 -9999 -9999 -9999 -9999 -9999 -9999 -9999 -9999 -9999 -9999 -9999 0.313127263322949 0.287962961862066 0.178456251554606 0.0697794499826377 0 0 0 0 0.0576359384770702 0.0601028330073556 0.110442493278793 0.113305130138333 0.104330354818006 0.0473547247060297 0.0513113729291543 0.0419935585990525 0.072208767667171 0.111896453289336 0.10702895881027 0.101546508951976 0.104615848919361 0.1051513855282 0.100187957638309 0.0913289628284042 0.0795592919635009 0.0581121034320138 0.0164262397766686 0.0111793663984306 0.0395168723617715 0.0581988825656743 0.0650106976763378 0.0623118361524024 0.059242488579059 0.0564095125811398 0.0523037089315933 0.0511265286421911 0.05074964165386 0.0515951550446897 0.0532609560002687
-9999 -9999 -9999 -9999 -9999 -9999 -9999 -9999 -9999 -9999 -9999 -9999 -9999 -9999 -9999 -9999 -9999 -9999 0.340113605508865 0.345101250305845 0.291717869931642 0.179098357982223 0.0343336547107895 0 0 0 0 0.0413851196109196 0.0164321264178356 0.110006133539493 0.105245787820182 0.125497773212952 0.0911366650533797 0.049869454187406 0.0768645316365049 0.0915117189848906 0.104073290181514 0.0837477152047977 0.0864154952081189 0.0993088564863987 0.102883198478222 0.0977326992301788 0.080845761172691 0.0655251593193571 0.0355653277554027 0.000917977399725693 0.0179827725963359 0.0434586305644737 0.0584194597238148 0.0632329966625588 0.0608849054540424 0.0579254248554688 0.0549923362167886 0.0503370409297762 0.0492657759146032 0.0490062598132602 0.050023544884871 0.0522212269216394
-9999 -9999 -9999 -9999 -9999 -9999 -9999 -9999 -9999 -9999 -9999 -9999 -9999 -9999 -9999 -9999 -9999 -9999 0.338928528591875 0.346208884292656 0.284578667444624 0.200746587956152 0.0328156852276822 0 0 0 0 0 0 0.115967521790854 0.116303305947724 0.132322092312417 0.103728742971994 0.0419720610347196 0.0808281791396504 0.0965107573386423 0.091116270414913 0.037815580682947 0.0623337888842841 0.0922328081504781 0.0999273009871711 0.0949364303183497 0.0648052330085313 0.0489032500515537 0.00524781735699314 0 0.0207450912172368 0.0440313880965486 0.0572822483939288 0.0603466667495731 0.0587450545441438 0.0564258901630894 0.0535070201646263 0.0484208946544354 0.0474878873542907 0.0472481252251432 0.0485973771424972 0.0509899989192021
-9999 -9999 -9999 -9999 -9999 -9999 -9999 -9999 -9999 -9999 -9999 -9999 -9999 -9999 -9999 -9999 -9999 -9999 0.333662346106651 0.340761314463531 0.298200151334778 0.225418004992652 0.055371248010835 0 0 0 0 0 0 0.107394650546819 0.10966129922446 0.133537542360279 0.118590795837205 0.0611318899176825 0.0413143948556357 0.0993428959740794 0.0845304360682764 0.0329470383363553 0.0550202183304987 0.0882492076327717 0.0974946257655293 0.0935505555044671 0.0486369805745558 0.0278913406282533 0 0 0.0211248166057804 0.0433687434598898 0.0541562365345237 0.0560973983720058 0.0554420085968202 0.053900161696639 0.0511292128153383 0.0466121132333382 0.0458106389294451 0.0456042513619293 0.0473834303321725 0.0500247452528305
-9999 -9999 -9999 -9999 -9999 -9999 -9999 -9999 -9999 -9999 -9999 -9999 -9999 -9999 -9999 -9999 -9999 -9999 0.332976640499934 0.324395766401088 0.296671798777163 0.221472027211248 0.102137563755676 0 0 0 0 0 0 0.0981111529180268 0.120123204861246 0.131566371720401 0.053731058545805 0.078506316713491 0.00522714696518156 0.103203722221339 0.0921120666202015 0.0598899827517118 0.0675359412830014 0.0884645722468894 0.0948877412596764 0.0902317405124634 0.00848782859159053 0 0 0 0.0289003444060121 0.0421182336863275 0.0486593923206265 0.0503625714421727 0.0507928224603686 0.0498107871449042 0.0475667040212278 0.0447374786802661 0.0440699676876357 0.0442921622592943 0.0464700212306503 0.0495427166154747
-9999 -9999 -9999 -9999 -9999 -9999 -9999 -9999 -9999 -9999 -9999 -9999 -9999 -9999 -9999 -9999 -9999 -9999 0.343957468258969 0.311752895737985 0.261827853336446 0.204496735860897 0.00364364592802895 0 0 0 0 0.0411617714157966 0.023971237488795 0.104013459446918 0.140330576722625 0.126097975229705 0 0.106544258792041 0.0551599033654798 0.111705806381943 0.103629373081131 0.0805415190892308 0.0777483934388821 0.0906548635744999 0.0923516381127188 0.0838571510001364 0 0 0 0.0150996932621686 0.0350886831414181 0.0402588333221069 0.0430898297805359 0.0453968106554858 0.0469922708583691 0.0468352317157203 0.0455203837122925 0.0432561919016582 0.0425014163323667 0.0438741837049169 0.0461905596418557 0.0488650742558718
-9999 -9999 -9999 -9999 -9999 -9999 -9999 -9999 -9999 -9999 -9999 -9999 -9999 -9999 -9999 -9999 -9999 -9999 -9999 0.322614003939132 0.248162535061366 0.171764209977655 0.00452202551493994 0 0 0 0 0.0212422489284263 0.0411552203622114 0.115372543985209 0.149514286436551 0.122882654873419 0 0.122879493408454 0.112774216270946 0.114550474642346 0.109407653061113 0.0915277891798516 0.0751878634613967 0.0863955706317175 0.0891372989816748 0.0813716472804182 0.0150294502078005 0 0 0.0211672359080526 0.0348879991967244 0.0395888842551238 0.0415926910231685 0.0433854093563587 0.04507740351142 0.0448457163690685 0.0445311996010405 0.0427610183427593 0.0421738012187308 0.0436258354706948 0.0461580371561204 0.0484657848686573
