layers/veg_pts/veg3300.asc
NCOLS 255 
NROWS 330 
XLLCORNER -2985163.8955 
YLLCORNER -3022031.214 
CELLSIZE 25000 
NODATA_value -9999 
[rows 104 to 129 of 330, columns 174 to 231 of 255]
0.686060683338946 0.672141545492691 0.665242229434489 0.663933894913782 0.6594930618768 0.660480560771137 0.66457480574298 0.66182562508518 0.653853672370889 0.64879035272609 0.648857153629276 0.65242241614588 0.636398945432597 0.65972553215031 0.673101603737451 0.662177974321349 0.659895548972058 0.662278697636143 0.669830364968201 0.674910596370461 0.67673829510425 0.694607635058059 0.703876592551446 0.699264230576887 0.70724528030462 0.707979808150111 0.714292245998871 0.715131904637284 0.712501736262242 0.718822275004649 0.733940809634178 0.746752293747033 0.75652310472638 0.763563075114791 0.769196908684651 0.772512339516647 0.772946484222641 0.785307193283552 0.78775168012162 0.7957643624093 0.798016047459474 0.79661898556377 0.799542719537402 0.803245927788029 0.808738077221528 0.819956753084815 0.829107201183554 0.839398915275729 0.849330825698872 0.854496019237709 0.867352899714138 0.889494469709354 0.907478420788272 0.914823351637369 0.924823903100343 -9999 -9999 -9999
0.685970880823073 0.672209706886831 0.661407855324079 0.660736324371406 0.663408908699166 0.665487010734405 0.657841126596946 0.649756514187046 0.647099555685744 0.644517078119697 0.648547299458682 0.645597838492968 0.651934464633187 0.668392587903582 0.671370085031966 0.654732416158725 0.654290543160423 0.654479121240689 0.661917318190527 0.668734546299694 0.671915127527161 0.688407840388551 0.707080242450459 0.704696869389833 0.705844737967951 0.702143040021821 0.707919432634027 0.709814354636526 0.720394603888654 0.731152395313316 0.739927855483238 0.749814450754706 0.760416289044106 0.769258463936578 0.77625960341572 0.781119319871484 0.781018521786013 0.789051096440439 0.799156747667632 0.798225463423815 0.799400065725496 0.800697475456473 0.804205741734998 0.805985236057725 0.811239166615867 0.823956619716791 0.831303067078583 0.837522070401345 0.85363687638492 0.852114268695334 0.868026238399789 0.884647759325349 0.905737011019086 0.91964881185595 0.925188688470978 -9999 -9999 -9999
0.682493859455678 0.676282498497593 0.661186425697508 0.657680151196902 0.663559325565868 0.664816727099026 0.650978154084277 0.64086691608975 0.643366775902914 0.643613783709659 0.641540343853385 0.651802496466521 0.663166677250008 0.666180167481362 0.656246689886585 0.650220389212279 0.648028925959283 0.649749174733756 0.655660558705609 0.669347723374296 0.681938094313358 0.693264890482955 0.704479642818644 0.703781608286167 0.699012224293356 0.699201795345766 0.705352844258833 0.716378790846061 0.727775224436606 0.732202491792166 0.744840670796099 0.75420415995397 0.764113304643358 0.7739308979472 0.782702136930986 0.790004874154277 0.793860642660339 0.799471353794332 0.805732238860155 0.801753217131192 0.807524090587873 0.809815686221287 0.814479487017554 0.813900314283861 0.813385323477421 0.81561538424746 0.814445794786532 0.821848168567436 0.846859669444803 0.853541517446709 0.874936615505143 0.899609851945607 0.915227184213787 0.920718899827101 -9999 -9999 -9999 -9999
0.678428573814817 0.674728975007622 0.661799561546973 0.655669776569135 0.657394894335991 0.657989569963489 0.651468223640512 0.641051897045251 0.633286574360633 0.631471586296772 0.638313680911146 0.653335714096407 0.661573864626685 0.652724800459394 0.641604996070639 0.648236874431209 0.639992232603678 0.650252241350211 0.66890247947021 0.677143992776268 0.686114681876355 0.693838691714262 0.699248516448688 0.700030100736746 0.696894588388894 0.699789752318218 0.711550824870463 0.724130850011593 0.733905004865127 0.739844502905336 0.749672969589618 0.7591075051226 0.766775241974796 0.775144126196612 0.785388497318175 0.794579967386649 0.800814982154293 0.807042966533462 0.810724897788561 0.806322959436153 0.805050746569365 0.816581779387884 0.819488298055473 0.811462227473542 0.796478494735879 0.805256818848164 0.818252150424129 0.827133336652487 0.846253609725395 0.861451473640658 0.866671284855054 0.885705136081966 0.916403354657989 0.925069225886622 -9999 -9999 -9999 -9999
0.675601613007102 0.66823856748961 0.65983378066648 0.654679632432817 0.655740115535665 0.65627936714925 0.660906099802389 0.653615297010724 0.644849157008765 0.646464096971446 0.653494265517843 0.656376643176465 0.650623760743975 0.639181622149586 0.637614961711827 0.646778469695792 0.654857540435908 0.651868348327607 0.665688785648374 0.678930572189067 0.683539581368947 0.689504412321441 0.694801432553593 0.698227571302178 0.701386216036132 0.707351668941628 0.719584682897475 0.730019994900557 0.734455466418552 0.743840234944455 0.755335958174726 0.764164187021246 0.767254520145265 0.774349634328706 0.785241876825329 0.794372396425945 0.80253090312825 0.811219481632765 0.814867759847314 0.810731240936623 0.802795912131664 0.816600199635223 0.816636333969615 0.806423685291669 0.82370196086626 0.817048719061484 0.818370844679297 0.832937438033213 0.851752942016971 0.866361731437373 0.877545021898239 0.902346566599681 0.927497640461583 0.933625420344888 -9999 -9999 -9999 -9999
0.672385105527771 0.66493817919679 0.658080797737193 0.64803921905699 0.636562107234939 0.644553282740681 0.650617901806398 0.649666591966376 0.643606550234453 0.649322169841747 0.657032809032862 0.656767489177842 0.646323246605368 0.637878561618665 0.642527632210719 0.656354786635536 0.659492457712456 0.66204238252106 0.670634551144437 0.67716776191635 0.681929683118175 0.690658658213998 0.697119315654436 0.698021302757349 0.704629419798387 0.715688211002314 0.726364223391158 0.735024418658652 0.741582339679894 0.750136721759261 0.758528910527697 0.766090430980174 0.767739669032704 0.776347298541321 0.784546126921441 0.790625174329291 0.794240383709475 0.80034345535295 0.811085982339856 0.81813483314009 0.817368171070251 0.821074338940669 0.820881688089719 0.828254366187057 0.836903939578724 0.813685744546841 0.81537110362006 0.831453763207054 0.854654829377198 0.87985979787033 0.901244635830977 0.918326138366119 0.933508571740328 0.938634252269859 -9999 -9999 -9999 -9999
0.668182744940343 0.666917452187535 0.657826880696002 0.636837338184161 0.624532700402436 0.628552713548531 0.616496828380758 0.630870278339289 0.638599638031265 0.645912445501598 0.653244895845305 0.657460754919579 0.654310372577185 0.653477373999074 0.656685030281494 0.657409486119665 0.66360272462011 0.667076950779137 0.67499264964526 0.679313369307259 0.685644903810482 0.693520414125649 0.698857767918386 0.701501022515263 0.712226790395311 0.722826141586617 0.722451060086685 0.729381998470398 0.744217754597182 0.751897287978717 0.758590484861103 0.765195910210185 0.768579999425231 0.775025534479516 0.781883115780745 0.79045421976507 0.795099819280975 0.799472707261923 0.813156729602236 0.828258678386046 0.83333008880414 0.835124083154975 0.843827425364863 0.84712251188692 0.850749345032236 0.813749336624263 0.823989083699844 0.840764356402138 0.859681710388089 0.878701176116691 0.904520194689979 0.92660622634649 0.935889003222684 0.936084366911926 -9999 -9999 -9999 -9999
0.661026870809441 0.653452467997917 0.650346005238404 0.638058094860464 0.621429500807584 0.611375205476669 0.605548224668398 0.62166931182329 0.636809506544921 0.644963960802081 0.654297590888805 0.656582130617508 0.654764649803664 0.656067900868697 0.654242270241026 0.654628704643079 0.661786661041926 0.666826545413311 0.676197398128398 0.683420962185037 0.689692247043747 0.691277690810637 0.682252060368429 0.70444012170644 0.708992118788919 0.703881980447729 0.707321250467426 0.721810053754811 0.734844496981958 0.745202595472513 0.758500709399991 0.764847101606339 0.768186588030161 0.772729367757938 0.77882957550137 0.788117520287207 0.790795745756084 0.799414743052589 0.820780727535038 0.837420455788706 0.846133373070352 0.849384161972922 0.850962402276762 0.854077514742376 0.858839860865067 0.839126865140744 0.844324288516908 0.87873781099835 0.897456377558918 0.904154807694026 0.920031393784793 0.93316340895126 -9999 -9999 -9999 -9999 -9999 -9999
0.653837219026111 0.648614367217842 0.639795074710578 0.624382177172364 0.61643472494726 0.608519707984185 0.606732177708136 0.619149073531664 0.637897671638575 0.644591748064419 0.649809515953479 0.649899079690229 0.65171163937372 0.642398385189576 0.643999079901689 0.652128203785823 0.659480489017509 0.665684915132966 0.674488147066925 0.684196402116268 0.692149916923566 0.700137140703009 0.70420835630553 0.709517576730601 0.688745004565516 0.67902526171348 0.701486571883023 0.720993273786936 0.720549498442408 0.734893567478666 0.756604895104998 0.76326069539102 0.768705612853668 0.776531321617588 0.786949884543414 0.792161826901466 0.787518714589363 0.793219059098277 0.82111459006572 0.844336023628866 0.856402265951204 0.85210250251271 0.85734163954786 0.867797429627516 0.871362888270224 0.871885360427589 0.869014857442923 0.883138856515962 0.909478996755728 0.91703232685801 0.930707383622617 0.933538819299688 -9999 -9999 -9999 -9999 -9999 -9999
0.650304705468556 0.643297886957951 0.633549167406795 0.619345547057495 0.611683349471174 0.61161434750544 0.607183416741784 0.617448874855639 0.636585404420517 0.641004446017782 0.638204566342131 0.629404143552377 0.638859821695406 0.635535644578453 0.643012672420932 0.653040355138285 0.6587904072884 0.665022584574502 0.673598229845813 0.684047736583824 0.694078597754241 0.700789034113239 0.701910824959292 0.676488786294524 0.652640833182003 0.667648996391225 0.7086711133461 0.726268997953771 0.710820245677244 0.72997513074661 0.755613189307355 0.766850386175015 0.771385090637105 0.77693513305462 0.789947887782753 0.793653571316026 0.790997763212788 0.803401210735757 0.822230095387861 0.839695921518236 0.853556928003666 0.859238481564104 0.870728715731148 0.884225655492188 0.883710155496886 0.880544869087341 0.890202718862486 0.905237714615156 0.91625625089182 0.928077057124546 0.934577560393109 -9999 -9999 -9999 -9999 -9999 -9999 -9999
0.639527002566119 0.626012788672069 0.618348853500011 0.610672372513654 0.607065212115714 0.611487279982673 0.610218351158113 0.616445109323049 0.624533241539797 0.634967956662204 0.633475138800826 0.637712450216378 0.642882965388542 0.635280467102137 0.646746242084775 0.657596242600758 0.661314711688267 0.667588183976677 0.677369896192302 0.68499579679427 0.692718999265198 0.700915461006673 0.701515738386721 0.682790071771321 0.661059582741888 0.679707773490759 0.719751202048745 0.726064636842157 0.707390778780231 0.72955762074846 0.760344678772225 0.775612570157353 0.778700691921009 0.781629040597644 0.788346179865687 0.787611257519033 0.786013426052288 0.811670981764737 0.828016028405318 0.845677710455917 0.854655146110155 0.866492415657523 0.876538745890775 0.892452752727093 0.894657876792529 0.894394942817732 0.902252729545833 0.914255056126783 0.924324597030068 0.933625527759238 -9999 -9999 -9999 -9999 -9999 -9999 -9999 -9999
0.642183013986373 0.623441997847042 0.605503753406381 0.599010725423559 0.599816154365047 0.607465423586622 0.614921914978332 0.618233971037813 0.624462708169721 0.626706728636074 0.633744577515721 0.643577980389038 0.647421364691606 0.640413005915797 0.652700475059091 0.662464507542083 0.667653582222822 0.673515095081181 0.682016683021081 0.685868725177621 0.691571295890558 0.699687488279026 0.704145265023587 0.700885804262629 0.688606116520247 0.698951236821305 0.723215940123795 0.716972589682248 0.734660575805623 0.756067520088225 0.772330544869716 0.783220749945547 0.78773033976249 0.791581484522394 0.792905310710434 0.792650038822336 0.794254242958839 0.809766994745031 0.837162191246578 0.851480451991384 0.855784300531877 0.868642643288521 0.875967262491358 0.89699122766579 0.903606713656879 0.904193165117673 0.911381848024321 0.920173315498589 0.924660829778636 -9999 -9999 -9999 -9999 -9999 -9999 -9999 -9999 -9999
0.645796427631115 0.628481527124014 0.60341840804078 0.591583971440326 0.593166292311654 0.598618651677106 0.60306791875995 0.603458135161903 0.612359671926883 0.630158774588832 0.638008469314416 0.645579046235417 0.649501308061279 0.649679277304472 0.65642997127545 0.664089288429583 0.670561965015065 0.675669199082342 0.66642685181988 0.672407746267014 0.683923946397176 0.688618033767918 0.690793497593815 0.69553169367038 0.697488648700627 0.70720587002553 0.721800291174788 0.716925115684789 0.71570765826593 0.770107583205582 0.779747904253973 0.787967231561781 0.796104427102973 0.803614997332268 0.807275636412501 0.815856220690576 0.821562871129228 0.827212214604671 0.842023868618873 0.854292439935642 0.860642963627094 0.872535050712429 0.882882940135361 0.897014986031131 0.90048753719775 0.913342334268807 0.917604994513867 -9999 -9999 -9999 -9999 -9999 -9999 -9999 -9999 -9999 -9999 -9999
0.643834472234475 0.632279312192733 0.613459177772346 0.59284052818181 0.59219928202598 0.595538731402812 0.602307052489672 0.607033983931887 0.61321038237047 0.627354683381083 0.639156346805463 0.645841465942012 0.650413294012272 0.65442888336254 0.654624967481228 0.664578833122623 0.671806323625217 0.676139412677853 0.640456806831512 0.648058743828099 0.65386342435029 0.67108187218178 0.674202194545063 0.679078316315934 0.688538592299809 0.700237173541128 0.713761227886914 0.720349262701237 0.741123173515254 0.772659984710239 0.783700745482012 0.791649625283437 0.802077104559738 0.812215883453355 0.817667905612351 0.820132733504652 0.834263626658419 0.842745841760924 0.841114862054427 0.849832539527478 0.868134073716075 0.881457726439685 0.89640518498132 0.90705101777774 0.907540158442998 0.919367351815772 0.919948009872489 -9999 -9999 -9999 -9999 -9999 -9999 -9999 -9999 -9999 -9999 -9999
0.641683661792305 0.642057137517262 0.627916168093109 0.595699968233417 0.592769493973711 0.596061384824142 0.59925581515298 0.602962547782233 0.605320529880243 0.621581196875657 0.638865273343905 0.644297122483143 0.64819247296597 0.650580266556214 0.651423208727407 0.665293136590179 0.670117239204543 0.667857970510073 0.636893690297283 0.641066541899435 0.646894308164924 0.668358720693405 0.67599977364547 0.685299282056143 0.683461156855363 0.682344427395431 0.704917013735483 0.731591216329466 0.752939484056914 0.773058601145403 0.786990126185901 0.795914381360753 0.80193140662098 0.814269936333163 0.827633607806547 0.831076299013438 0.845065727566675 0.851384611294113 0.844784746794789 0.850196766185333 0.874590423222894 0.894683413826825 0.903397285871387 0.908743512627105 0.911564127786549 0.919990381490964 -9999 -9999 -9999 -9999 -9999 -9999 -9999 -9999 -9999 -9999 -9999 -9999
0.640310587227183 0.638003539974478 0.609845282474307 0.589637640502732 0.592645663796424 0.597931125465271 0.599436593861866 0.608732825361515 0.60471791539843 0.614402577523575 0.628707637386056 0.634313059599515 0.639733796489844 0.646658593995945 0.644075117564046 0.639612862531757 0.669499266874936 0.665188239170162 0.625669617863506 0.636927422734436 0.654004010993049 0.672163711420541 0.680318257682475 0.685026571304361 0.674579726904787 0.688233567107934 0.715500821545431 0.738822091560032 0.757390465567545 0.776335752212401 0.790799220104535 0.799786600055639 0.806050163800881 0.812204623081769 0.818637129969347 0.831949186003287 0.842429675891544 0.854722357859622 0.863747679222114 0.872770310348318 0.885141258807565 0.899711169148376 0.905520506511515 -9999 -9999 -9999 -9999 -9999 -9999 -9999 -9999 -9999 -9999 -9999 -9999 -9999 -9999 -9999
0.642462780991859 0.635463735964994 0.611842262129893 0.580941318471388 0.59135850825075 0.595392291465549 0.598614508509138 0.609523135062623 0.610368337924888 0.604526808225142 0.603572606127368 0.605437064627469 0.61029896229533 0.632210807468565 0.641710407895844 0.640360417962506 0.668383424384156 0.662359423740926 0.639469262172247 0.634094437034374 0.628344815778838 0.666878300472298 0.672748565408819 0.664898005322329 0.677106459056593 0.702549775138585 0.727078137626853 0.74681846559763 0.766137082238861 0.783501763396176 0.795795141771788 0.806034864606303 0.815378550805139 0.819750156126924 0.82544752496404 0.833203540669513 0.841057157062412 0.858889969333431 0.870311650401014 0.881948643799033 0.895391594006692 0.904561268317204 -9999 -9999 -9999 -9999 -9999 -9999 -9999 -9999 -9999 -9999 -9999 -9999 -9999 -9999 -9999 -9999
0.620735681159733 0.633086245213813 0.614682726485839 0.575452775204133 0.587127926023251 0.591220479030602 0.595997723885509 0.59761120597862 0.608773806677614 0.605732168389956 0.603073929124335 0.602658001916024 0.604673817082803 0.630896837077458 0.648800330026465 0.65519526622472 0.665493269265104 0.665668723577495 0.673190109487265 0.645473774295871 0.628061276916189 0.641608227586994 0.677501706619761 0.670560013750357 0.69345342999498 0.710696174076618 0.734853808733668 0.757412243043392 0.779614345342452 0.795594680991947 0.800744029227553 0.810789014757676 0.823474191858502 0.829361158213712 0.834082473547052 0.837047091718018 0.850657355015926 0.862354482789826 0.879225507288497 0.886874575234211 0.902096129299357 0.903115549879123 -9999 -9999 -9999 -9999 -9999 -9999 -9999 -9999 -9999 -9999 -9999 -9999 -9999 -9999 -9999 -9999
0.608238509677759 0.614473305042216 0.60384850377135 0.570383936894749 0.581962289299526 0.588026961691268 0.592537312783086 0.59460663448423 0.593851205905612 0.596242096818446 0.596613729236712 0.60128129152359 0.621266336614238 0.642490995459357 0.655916284709183 0.664047005766597 0.659700100900047 0.662803376799194 0.673056168607334 0.650630296355917 0.627936264363885 0.642133103339645 0.683177750313691 0.670335803428319 0.713762278690766 0.714694434027896 0.741251488738844 0.767143473602247 0.787062172421685 0.80031433868592 0.804050359161569 0.814140428717274 0.82670374414955 0.835293297394899 0.839764830614916 0.842410581890249 0.854573583264902 0.872768060317945 0.885530941940042 0.89233148311049 -9999 -9999 -9999 -9999 -9999 -9999 -9999 -9999 -9999 -9999 -9999 -9999 -9999 -9999 -9999 -9999 -9999 -9999
0.609935291743484 0.603416905544483 0.589179382813702 0.566519727181268 0.578250303888918 0.584342920427851 0.588174196737895 0.589843297234927 0.594880620476326 0.597667630094522 0.596692002870397 0.604329602395959 0.628166413336616 0.647403265081153 0.6584003855693 0.664723842685518 0.651022634494882 0.652450207887251 0.676431205811908 0.656632413580075 0.627326544268488 0.645888992454866 0.665423719705441 0.664392312235932 0.730275379175395 0.725351911631995 0.751068867379448 0.768784206016553 0.795204001593504 0.805507004844138 0.812595053863904 0.821838353423526 0.830886881796034 0.840099077471174 0.849054983101626 0.856390154273539 0.865866609313757 0.877278675575758 0.887709449127678 0.891704574492379 -9999 -9999 -9999 -9999 -9999 -9999 -9999 -9999 -9999 -9999 -9999 -9999 -9999 -9999 -9999 -9999 -9999 -9999
0.615884497806848 0.604914249605951 0.584297591461829 0.567862858958876 0.575638797088378 0.581402219426559 0.586248555312871 0.588705089129889 0.59989297327494 0.601097954339641 0.597942250017382 0.609159231344059 0.631208264158252 0.648838707065653 0.659548142423225 0.664640933235852 0.655637389849885 0.632414605331363 0.660184800001644 0.664481512698521 0.638729594729906 0.637446484704643 0.645060773061159 0.669295126418107 0.737286970931103 0.744049399003561 0.767235438711542 0.769244649176464 0.800349323828468 0.810613546230721 0.81818355915776 0.819731761168654 0.833163787552019 0.847085314562599 0.860434615205077 0.863280446790103 0.869877352071852 0.882904565879735 0.89033842971578 0.891296569864566 -9999 -9999 -9999 -9999 -9999 -9999 -9999 -9999 -9999 -9999 -9999 -9999 -9999 -9999 -9999 -9999 -9999 -9999
0.616722888892146 0.609899594102702 0.588551024415305 0.573593038465905 0.573884567436546 0.581016998896778 0.584333077327485 0.588401915435808 0.596961348718725 0.602362520228214 0.607073379034208 0.617504549168412 0.634611814621318 0.650286874716622 0.660268015528086 0.664408436659184 0.660901649596788 0.625885111622692 0.660502455175804 0.674639287887274 0.645092909439909 0.636540003792757 0.647775665847719 0.677753398616329 0.72909787958267 0.760382835790261 0.768515005720503 0.777878253710636 0.782812017175285 0.785582545623732 0.807351904178202 0.812840670745454 0.834757842559639 0.855559998728052 0.864096116605535 0.872550670974908 0.881494987742792 0.888805745676214 -9999 -9999 -9999 -9999 -9999 -9999 -9999 -9999 -9999 -9999 -9999 -9999 -9999 -9999 -9999 -9999 -9999 -9999 -9999 -9999
0.611556660639338 0.608245349231056 0.574475557905697 0.560031691584473 0.572202164841999 0.581824415829688 0.584659004218447 0.586281965154381 0.592606225903937 0.603088580362703 0.611745347666614 0.617229915682422 0.627407311605078 0.648785033301888 0.660203882874142 0.663295770579655 0.645347014583388 0.635849555881661 0.659533240499548 0.670082290589801 0.636487672201831 0.654384211831262 0.662478816540556 0.67073804207124 0.716070705365338 0.763029448741334 0.764120282007484 0.755194856445909 0.757658212274172 0.760631142972828 0.7862659277692 0.82426801299818 0.843534450258494 0.86115150895695 0.88022492757299 0.883682397914777 0.88492515940086 0.885907930297904 -9999 -9999 -9999 -9999 -9999 -9999 -9999 -9999 -9999 -9999 -9999 -9999 -9999 -9999 -9999 -9999 -9999 -9999 -9999 -9999
0.610977468665651 0.605288186923929 0.577819063316227 0.564183295873997 0.568650391821577 0.577170516848623 0.580990400525628 0.583905153015668 0.591163205247668 0.600401465359018 0.603496280922801 0.602861303738403 0.617947528074739 0.65042195483391 0.65799830192557 0.660808660444546 0.643146478775856 0.642061048424147 0.647291050831145 0.670787852885395 0.646357983413848 0.674081875390366 0.661153716639503 0.673918754971825 0.719928358065497 0.756294301488691 0.751441720813944 0.743232882074594 0.752327447932633 0.755888536395 0.777409963966134 0.834945583763121 0.848161486361785 0.867066273412899 0.881860053103528 0.886646454836429 0.883216626579521 -9999 -9999 -9999 -9999 -9999 -9999 -9999 -9999 -9999 -9999 -9999 -9999 -9999 -9999 -9999 -9999 -9999 -9999 -9999 -9999 -9999
0.612682609524318 0.593641204450399 0.56934120463709 0.563121496520433 0.5664500553946 0.573156736907661 0.577132970896134 0.58479228522212 0.593301239688373 0.59732978877928 0.599338230669448 0.612839794938512 0.63926768465219 0.650574275331312 0.657690179225617 0.661095100499247 0.654878021120415 0.646195485296234 0.63934019018812 0.691412155438528 0.70910408371438 0.658613401530972 0.65230989653756 0.703193978960809 0.746848757890411 0.762654655362971 0.745127837606426 0.750078539862525 0.768036691424489 0.775201905157596 0.798102046474898 0.83570484995548 0.852654640181639 0.868882543223145 -9999 -9999 -9999 -9999 -9999 -9999 -9999 -9999 -9999 -9999 -9999 -9999 -9999 -9999 -9999 -9999 -9999 -9999 -9999 -9999 -9999 -9999 -9999 -9999
0.611050502383725 0.593925022738373 0.580441519937325 0.565365601825814 0.56392461744911 0.56946572682541 0.576227410761487 0.587595894291479 0.597153277269525 0.604792593544664 0.616229381679465 0.62781265469351 0.639799677651408 0.649187028492282 0.656262097079856 0.661908474249199 0.664870527950182 0.657119326426655 0.649270056183691 0.690774892859662 0.699808582734074 0.717561461587824 0.706810281201336 0.727740178581335 0.767385309332291 0.777540553935332 0.763366363068155 0.771852128323511 0.786841790290068 0.812109866340523 0.827292385693212 0.838164097161659 0.856014681123342 0.872642453101669 -9999 -9999 -9999 -9999 -9999 -9999 -9999 -9999 -9999 -9999 -9999 -9999 -9999 -9999 -9999 -9999 -9999 -9999 -9999 -9999 -9999 -9999 -9999 -9999
