layers/veg_pts/veg3600.asc
NCOLS 255 
NROWS 330 
XLLCORNER -2985163.8955 
YLLCORNER -3022031.214 
CELLSIZE 25000 
NODATA_value -9999 
[rows 130 to 155 of 330, columns 58 to 115 of 255]
0.182431236781986 0.0499542265613821 0.0683328869477414 0.0570505164773981 0.0331024533045418 0.0261935680496834 0.0541466124552634 0.016975484494118 0.00132329436689849 0.0176713405145863 0.0670309737892832 0.0661179224603236 0.0705989607584918 0.11173729461036 0.126649324235647 0.105519079682703 0.120790268255344 0.159463135307688 0.15749416987252 0.146284197028448 0.154839008354984 0.145480300359768 0.106654037733288 0.107447873082151 0.21823079162225 0.475744401509071 0.48133510305918 0.477600285123883 0.557935363235062 0.554427288458858 0.581912399266676 0.564914522853025 0.575254104396207 0.56588694343603 0.553836647990651 0.539717140350137 0.525987947475096 0.51257145164476 0.500848329730538 0.488305750615453 0.473905460733336 0.460057314698504 0.446905570436018 0.433811476151272 0.421144831862222 0.411486266242814 0.403562122066996 0.394791936343654 0.385467092292452 0.376615314842289 0.373214836183826 0.370067314669773 0.368685825322493 0.369825717483903 0.367860933679989 0.365787740030877 0.374219949791358 0.382773141506418
0.258237020751695 0.0997283363692542 0.108188735356456 0.0500102921067358 0.0484853810818897 0.0700705652357535 0.0335307549195361 0 0 0 0.00805489322465678 0.0139922175962301 0.0455898662553122 0.0880223970612669 0.110943874217121 0.114106239216929 0.121520489715002 0.148358703755367 0.166214641934625 0.164504265806455 0.1759319691937 0.165616744138894 0.130852002439264 0.118975716104289 0.222531613055799 0.36737363530086 0.487288257718709 0.511653890156888 0.463707395703587 0.5548461959826 0.510474385014578 0.551390460774325 0.561994724147909 0.554270394508185 0.545536699469631 0.53341256782564 0.520167033563386 0.506847057935711 0.495725676744489 0.482936273853385 0.468238777272069 0.4544353259932 0.441000594998147 0.427812872481076 0.415590397301155 0.40561602476659 0.397387553356326 0.388802715625205 0.378693709029758 0.367863508422814 0.363041868029012 0.359985788368899 0.358327808133377 0.35937658483231 0.359844577330474 0.359706083952617 0.364139491659502 0.376080697953297
0.381991411739079 0.225565444235154 0.210549480846191 0.132412290878469 0.109337976618852 0.131283441664695 0.0642048903936937 0.021335740749059 0 0 0.00481504831567448 0.006614494498747 0.0244396341506611 0.0584832283139535 0.0726971809774758 0.071007364833751 0.0813465212572587 0.106889679773287 0.156947268022562 0.170181806820678 0.175742158749385 0.168695574891604 0.151482357706826 0.132809637284891 0.219185548368944 0.341065247088801 0.423433570748839 0.510658882726186 0.483634089526297 0.532190825874643 0.546519542194997 0.545456884090113 0.5291811148213 0.537027357605536 0.53273360034069 0.522550284683065 0.511929549888018 0.498882247082942 0.487928292912591 0.47549788850052 0.461458932183563 0.447595491641674 0.433346637894603 0.420342951237659 0.408976147470254 0.398715013440559 0.389753124858706 0.381035088082058 0.371406315413221 0.359030739506617 0.349878175775381 0.34808962847434 0.347759314883789 0.347515530511733 0.344746556392718 0.348072583945628 0.353959540991313 0.366161352444501
0.41594146708614 0.32574624155374 0.243106715060974 0.265383789118824 0.171690277794904 0.162298647260083 0.148306203940824 0.104516359696138 0.0244247574663302 0.00443696626881635 0.0178881924395363 0 0.00306851618313474 0.0482287076037891 0.0831276863577823 0.0470688351878502 0.0499975463294421 0.0828627252365789 0.123671256108428 0.169384729868421 0.175914261876333 0.178389531384962 0.164601761406258 0.149609477588745 0.195761475729536 0.231254136160936 0.310310701822452 0.441746318628299 0.507490508188805 0.512510194289129 0.48034126638479 0.489987189776904 0.435120329150726 0.47791675549005 0.51173978533514 0.510293598904179 0.501704294304277 0.490988661576423 0.480329905930277 0.467664216592774 0.454129383107544 0.440505786147944 0.425793248075475 0.412664100954313 0.401539552061509 0.391465707602909 0.382598010692115 0.374176373411834 0.365910464586176 0.352689843689296 0.338342549485419 0.332784561916281 0.334065828953061 0.333341028019543 0.331071433976231 0.336464738145999 0.343418431112495 0.353158716170166
0.456842349312264 0.389396805003331 0.290830299532751 0.177748564581714 0.120995361610938 0.148932047547841 0.214724418257551 0.196736847971947 0.0881061348143355 0.0482386908002295 0.107461982449549 0.114079628295632 0.0657945832787993 0.0776338057024776 0.0618958762348741 0.044017051464556 0.068465293125825 0.102651802795914 0.110688417424971 0.161111616962001 0.167088275249538 0.172005381354203 0.174622308883611 0.171317628976473 0.184996074488687 0.132778391341524 0.151706669616158 0.277275298264563 0.44239083919219 0.463096104598379 0.441830984565986 0.457431125570152 0.432060104136462 0.436548455197164 0.475734799433201 0.491152212173929 0.490077509925455 0.482858191057028 0.471849602100752 0.460142735411404 0.446938004927346 0.432911379913237 0.418788170946515 0.405725921079321 0.393685319100909 0.383754010890588 0.375884748238263 0.367166659340337 0.357044290662417 0.342799595564858 0.328286672630281 0.314858372866781 0.313710070102389 0.31772162574241 0.325090608083203 0.32725383670398 0.332296914935349 0.339418534035076
0.501300050743524 0.475925473604501 0.382336030583734 0.256417452335796 0.178175874342428 0.174402426904544 0.172474927106426 0.18020310375004 0.176623715294484 0.13411578207657 0.203645883090807 0.182687768038713 0.098904529094854 0.0808845670164701 0.0450281547487701 0.0521328112125951 0.0581091953747341 0.0974872506710355 0.0808512722855203 0.125852295210344 0.145018046574549 0.159759213984299 0.166255220239638 0.167148651583265 0.154021287256536 0.157641687404756 0.0563110383402996 0.110483567699757 0.306978364550384 0.392411831040403 0.404250155762273 0.427616860339969 0.412362026276818 0.385940704319289 0.403052767671853 0.454432227718081 0.480830879640422 0.473936418658217 0.463260485126575 0.452412593896459 0.439366779829589 0.425148824142483 0.411025627420548 0.3983063181872 0.386447378794017 0.376819786665387 0.369769472350445 0.359732324414831 0.348465406963608 0.326884787083216 0.304720613360244 0.304194987409855 0.29782754446031 0.306612888882344 0.314036324590525 0.312835215491601 0.320596279607227 0.326535043680605
0.542245302704532 0.5188950463953 0.467857013119829 0.386041060645454 0.293884749610636 0.282508820180505 0.310590232947663 0.311776249257388 0.285539757150159 0.250842047726762 0.27714534426668 0.146952978458023 0.126200188274603 0.112607242152112 0.0512885860008688 0.0657318803853693 0.0386285555363319 0.0849126401550442 0.0948417590853868 0.074629202312413 0.138393584804633 0.1335886442736 0.155077739112888 0.158681487821201 0.138289267563082 0.144051406252726 0.109049538614314 0.0719775641137953 0.173898405986273 0.290851115020105 0.359260217411141 0.37669269924288 0.331683706772439 0.330530138622478 0.346893894136031 0.377599398657277 0.429251079417773 0.456771808884696 0.45494520044835 0.444082319314811 0.430692875240581 0.416859838214449 0.403685576445657 0.390856192961021 0.378874627391261 0.369188291589153 0.362286812938163 0.353509614787475 0.344687763746059 0.334142759175592 0.323113831445534 0.307652438995992 0.28586366132725 0.289712110925316 0.302764876973639 0.305650413570112 0.307380024814652 0.31250117989886
-9999 -9999 -9999 0.451215777302756 0.369013602837926 0.39378317878977 0.365666118147964 0.340768020463069 0.327635829812711 0.342815491914376 0.409203301488543 0.328533557665087 0.252839549214487 0.22876590010983 0.115761327730322 0.0805525216889712 0.0263121907982704 0.0839298359970097 0.0798282376420177 0.0529008182007095 0.0920705590553032 0.123670827655066 0.123168095247364 0.107243577402218 0.131706551328073 0.132239281378629 0.132366729750911 0.106355363076662 0.0863570270758147 0.154608811403706 0.292093713804846 0.321630733142967 0.24300935157107 0.283102751807929 0.315917526764879 0.290391397054956 0.34814358214927 0.423433160733498 0.447000612271797 0.436107256566733 0.422759519022785 0.409470343055495 0.397032069530786 0.383985397709274 0.371393875741986 0.362618057024918 0.356485668920767 0.347253614156831 0.339258861446372 0.332548021845916 0.324298076298593 0.305642388156538 0.289816768362629 0.293536336826986 0.300839623475093 0.296150904001009 0.302694785413129 0.301280860611051
-9999 -9999 -9999 -9999 -9999 0.443086459372609 0.396143900290483 0.439421214118472 0.425086578804208 0.412925107570569 0.421969893921391 0.40811935578877 0.39019136413865 0.329655391197072 0.23152937037469 0.120774848378225 0.0922817770726841 0.105370147514339 0.0638653292076452 0.0438477449891479 0.0443814065686082 0.104689536569643 0.0997141508424143 0.116479960778232 0.11876106051615 0.103803695399936 0.10950428177499 0.110150610559371 0.114731817789082 0.121091141326496 0.151158754523504 0.258502291433455 0.231095884579659 0.23646173015217 0.248312637376371 0.217452322467104 0.281111344886487 0.361553499167062 0.429465376452445 0.42705961078864 0.416384080732975 0.404102177446276 0.39167711782419 0.378176893002648 0.365259966477769 0.356220479462054 0.35063275495128 0.342047480041976 0.334280662773363 0.328198478559825 0.322683118630885 0.312972656663913 0.300651727331795 0.305392463133019 0.298254513320599 0.299362333588594 0.299271715159336 0.305278085864351
-9999 -9999 -9999 -9999 -9999 -9999 -9999 0.483409963445924 0.456318454961698 0.428536997539914 0.472942863642558 0.421119300553356 0.414614932002445 0.355760362686449 0.256998236405648 0.213870584732928 0.242691144861274 0.132077880710488 0.0489338928732935 0.0298952891143352 0.0257373405239694 0.085905669497738 0.0821358006350743 0.11248573439933 0.124091729582604 0.111423155924421 0.0963791397078816 0.0861527173877123 0.108260350347868 0.178626304950875 0.113598863970473 0.0962746865367366 0.190599086036459 0.150999850226164 0.0727569726323681 0.135857995523642 0.222833715192874 0.261387858713506 0.362549268216988 0.381061564377893 0.393465003672988 0.391496682418253 0.383835181276752 0.370248840248605 0.359212749442932 0.34886368065377 0.342815956221283 0.335007615159744 0.327592638719221 0.321776407173398 0.317030434409367 0.313752934219435 0.307214324412395 0.309110411250011 0.301202158620314 0.300217348460431 0.300507634041055 0.308591498275642
-9999 -9999 -9999 -9999 -9999 -9999 -9999 -9999 -9999 -9999 -9999 0.437739856653566 0.421894778897126 0.415653516532924 0.377455197369251 0.346562364489708 0.308224761895739 0.118813183015395 0.0180724032621356 0.0251403182929533 0.0375181494614798 0.0685170653114819 0.0666634360495018 0.0922727273344748 0.11548722549793 0.11170759713831 0.0945823294446853 0.0754119231423174 0.0831822925201313 0.109109137319197 0.0779106394068081 0.0172284664547352 0.0556966072980049 0.161587275586897 0.113214024690599 0 0.014316149900661 0.133752931446187 0.19423679577864 0.249038898979927 0.331995489264823 0.359256733597475 0.360084190969574 0.349834801487583 0.351192288323643 0.340182784361954 0.333198096190685 0.325682901973033 0.318735444424198 0.314225370545021 0.309604144402741 0.307230628224004 0.305851855742597 0.304951175110635 0.302984595840368 0.300458872819066 0.303217697834094 0.305159754268017
-9999 -9999 -9999 -9999 -9999 -9999 -9999 -9999 -9999 -9999 -9999 -9999 0.487455922583817 0.492834291885035 0.442601751059236 0.389145108118906 0.34588372604053 0.200100473267543 0.0734197357469706 0.0906998346198551 0.0656314206589294 0.0445275405681939 0.0528326361563107 0.071202342734537 0.0941584055660027 0.101508440007329 0.0955477882839985 0.0802014754503703 0.0807321112970781 0.0851512163009903 0.060803479615304 0.0196953394597529 0.0314740636410033 0.0912291663979518 0.0832839343125187 0.081157352308666 0.111546948502424 0.0375004542205601 0.0167472827024624 0.138365302938946 0.265724389292445 0.308682508534602 0.297301948401557 0.296209557119217 0.328261502897734 0.323962348382606 0.320443483001696 0.314434258145926 0.308025131459162 0.305869152917275 0.302982485402119 0.300130421351484 0.298997948466648 0.298356596148251 0.298379557609662 0.298657940499834 0.300517838115445 0.29954285518179
-9999 -9999 -9999 -9999 -9999 -9999 -9999 -9999 -9999 -9999 -9999 -9999 0.547314417256711 0.523752817446402 0.463023181121417 0.420046050628966 0.398295128038211 0.319010544701684 0.244459208386657 0.210569304929777 0.073366461064627 0.0186734810198151 0.0484069537666001 0.0569923151997057 0.0731810403228898 0.0840601599188286 0.0876474212523131 0.0842621495298429 0.0832332786143589 0.0844026927144727 0.0660299916186913 0.0430233554489379 0.0344367553266788 0.034843991485753 0.0608081324372815 0.125231142830583 0.139175668946377 0.0686802504808997 0.00577176072014021 0.00812726564739787 0.0850083099704473 0.109929327298079 0.186680022138893 0.176463117323879 0.221184331794057 0.270536229034256 0.293771033074445 0.29530724824078 0.293159400725805 0.295384905436742 0.295663267800586 0.293177046947105 0.2914768254345 0.290685824810977 0.291265941820737 0.289204338842026 0.290720731059148 0.297203904046711
-9999 -9999 -9999 -9999 -9999 -9999 -9999 -9999 -9999 -9999 -9999 -9999 -9999 -9999 -9999 0.443615540517249 0.453250679297145 0.428154861681235 0.384517043040612 0.330868336766704 0.19409136565117 0.0654888164102026 0.0423732554991111 0.0523124197702601 0.048550792304813 0.0532521901681237 0.0627956052363954 0.0698553827206976 0.0688494695220651 0.0723532362805696 0.0697013894540203 0.058800922638136 0.0407663348925547 0.00887494117660881 0.0179099486284169 0.0628422243814601 0.0656675875954834 0.112820975114352 0.0554156799793065 0.0466737283334653 0.129283372218898 0.1197474510764 0.165658413708 0.157943213001848 0.171991631905489 0.183586972608943 0.230537478395286 0.251923450746776 0.275470347475293 0.288195093000384 0.287637092514551 0.285622643255098 0.284681691104455 0.283936426203718 0.284678047545052 0.28627637756689 0.288503477318164 0.289444970376823
-9999 -9999 -9999 -9999 -9999 -9999 -9999 -9999 -9999 -9999 -9999 -9999 -9999 -9999 -9999 0.461335617083268 0.489877963009569 0.504121191794794 0.475150254111492 0.437548968646598 0.319514463282203 0.141870837882179 0.0491186791456953 0.0386746174672595 0.0147769746518056 0.0206083766734955 0.0399661010541068 0.0322557727515774 0.0426387060570832 0.0517482391759529 0.0553574582177021 0.0584706942669571 0.0435074455559509 0.00534250117827583 0 0.00189588675565868 0.00420082140057229 0.103971016258983 0.0904631936234627 0.104772522059592 0.125410807346464 0.147304916379801 0.142872496476357 0.161786165036063 0.153690668131996 0.148158906705586 0.182444680972765 0.233192982277263 0.260665397763354 0.280285873600913 0.280113152576095 0.278609863379342 0.278079489402921 0.27744969499346 0.278596454170213 0.280393194414699 0.282284956637669 0.282790202978805
-9999 -9999 -9999 -9999 -9999 -9999 -9999 -9999 -9999 -9999 -9999 -9999 -9999 -9999 -9999 -9999 -9999 0.537712373652946 0.514975830272135 0.498965401598232 0.398806077800608 0.201941308769854 0.0701285448214762 0.0180581670878379 0 0.00439727353280529 0.0447232375269087 0.0262862679019201 0.0389332057218719 0.0437565102735484 0.0299020877163041 0.0502415304147513 0.039541303771593 0.00642728942972036 0 0 0.00142309860932665 0.0581548867547934 0.119607669825781 0.104823732977717 0.105298447500419 0.141192766360105 0.124349089196498 0.155071545634176 0.129227126128957 0.082542978825874 0.161801495322899 0.225332433733819 0.255956347984757 0.273515692949081 0.272323574530272 0.271844520658697 0.27127100872426 0.270830199436064 0.272168262598805 0.273858007458818 0.275810613338944 0.278179419809673
-9999 -9999 -9999 -9999 -9999 -9999 -9999 -9999 -9999 -9999 -9999 -9999 -9999 -9999 -9999 -9999 -9999 -9999 0.522358748210977 0.51938664351267 0.444302020954572 0.270583405690753 0.126223730035549 0.0387118334549792 0 0.00502891621121773 0.0348734363357239 0.0581276622373113 0.0559601916613415 0.0479791309260035 0.0436386276302399 0.0409010297264581 0.0337638646701468 0.00423768664395913 0 0 0.00198773656387998 0.0089567418572282 0.131132896672452 0.0618668892472886 0.0969660128758938 0.11603885110523 0.138797045341241 0.17731335661004 0.113396176188996 0.0606083970767891 0.15322303843492 0.23199053770825 0.256610935538424 0.268397042916001 0.267117701030989 0.266569044387358 0.266072533281781 0.2658493879936 0.267213190008245 0.268821812966412 0.27058752762288 0.270340192734701
-9999 -9999 -9999 -9999 -9999 -9999 -9999 -9999 -9999 -9999 -9999 -9999 -9999 -9999 -9999 -9999 -9999 -9999 -9999 0.481778806299126 0.456837141410581 0.322820721824657 0.178384774103055 0.0548813430320274 0.0114436923748609 0.0252851286407345 0.042144885486817 0.0623620244833509 0.0567484871746372 0.0470438767490052 0.038644967490209 0.035989120916933 0.0306647469666246 0.0153823265461809 0 0 0 0 0.0507266188069404 0.0448014508344494 0.0753646536003878 0.0927665429759456 0.139520509547765 0.196549908682259 0.111661262907308 0.110815859404248 0.166447141356878 0.241844346819116 0.256513993176066 0.263278191184908 0.262094805867239 0.261414977954483 0.260659807008814 0.259523411562444 0.259946779351058 0.260022051653672 0.261360784318139 0.260282721917445
-9999 -9999 -9999 -9999 -9999 -9999 -9999 -9999 -9999 -9999 -9999 -9999 -9999 -9999 -9999 -9999 -9999 -9999 -9999 0.449152963664268 0.439941376192276 0.336183122253874 0.215813688539584 0.0671176850122354 0.00185467196983391 0.00221974433763578 0.0402012868905999 0.0572452435914579 0.0522256978129602 0.0440180175771474 0.0323505086722672 0.0263636292909555 0.020280382832462 0.00942579953252741 0 0 0 0 0 0 0.0903750897436733 0.055311610731622 0.0248864892417511 0.110178307510153 0.112595521725185 0.172417746150481 0.19698047758378 0.233851973165954 0.247293882254106 0.254916010483707 0.255134001501161 0.25493363269931 0.253876550570553 0.252147274866373 0.252011267873453 0.25091799336765 0.253123707328499 0.254624293853538
-9999 -9999 -9999 -9999 -9999 -9999 -9999 -9999 -9999 -9999 -9999 -9999 -9999 -9999 -9999 -9999 -9999 -9999 -9999 0.445948721031442 0.426770710117645 0.357864452861005 0.260522051432696 0.105086270961389 0 0 0 0.0211341005072999 0.0465956802948789 0.0405118796420077 0.0286391128908893 0.0178358951137181 0.0113489901255053 0.00353269906684806 0 0 0 0 0 0 0.000487531990668821 0 0 0.072057681894875 0.115285054547441 0.197244892521556 0.171199314441429 0.198761006061121 0.221466462134047 0.240604269905797 0.246690096742061 0.246956680604222 0.246426676518968 0.246188294238896 0.247364906535436 0.247462323064604 0.25145485437055 0.255387824553822
-9999 -9999 -9999 -9999 -9999 -9999 -9999 -9999 -9999 -9999 -9999 -9999 -9999 -9999 -9999 -9999 -9999 -9999 -9999 0.433901807317292 0.433171612805715 0.389659102243775 0.321125634169995 0.108708128488897 0 0 0 0 0.0375547878797988 0.0352399904216396 0.0247546567123713 0.0115385139426358 0.00160949535184909 0 0 0 0 0 0 0 0.00786444945824197 0.0413709850072595 0 0.0260532683534416 0.0684689154530428 0.168661728882106 0.1904373762195 0.178254649537343 0.198572165070298 0.225155576474836 0.235148070950691 0.238018427831943 0.238993366096725 0.23932091358567 0.242181765119696 0.24408484466521 0.247215640804436 0.251765456553654
-9999 -9999 -9999 -9999 -9999 -9999 -9999 -9999 -9999 -9999 -9999 -9999 -9999 -9999 -9999 -9999 -9999 -9999 -9999 -9999 0.487489994587615 0.37476060305438 0.327117606517291 0.178718565385403 0.0263646539260171 0.0074486118840943 0.0270863956107229 0.0227309872610474 0.0252349155892582 0.0261498193944608 0.0143081466696675 0.00639255301881392 0 0 0 0 0 0 0 0 0 0 0 0.0646284303956931 0.0776648639367273 0.153046229000048 0.1783394929816 0.169417783528323 0.143641321541763 0.212479411715284 0.224968011182313 0.229001390825927 0.231633044125284 0.232759245565928 0.230891037970273 0.239838521615246 0.244743231267731 0.248104471496105
-9999 -9999 -9999 -9999 -9999 -9999 -9999 -9999 -9999 -9999 -9999 -9999 -9999 -9999 -9999 -9999 -9999 -9999 -9999 -9999 -9999 0.375589542694652 0.338606287543753 0.227955138280613 0.045214161849153 0 0 0.0199145913755171 0.0187630213474857 0.0152861434911202 0 0 0 0 0 0 0 0 0 0 0 0 0 0.0158042728336591 0.0810165195708787 0.152875971640304 0.163073647554603 0.171671013058173 0.159303812747458 0.208068100934458 0.217680119887452 0.22187154735564 0.225800828520938 0.22733615197616 0.22759604671772 0.231490421198605 0.238641232458566 0.247554307034925
-9999 -9999 -9999 -9999 -9999 -9999 -9999 -9999 -9999 -9999 -9999 -9999 -9999 -9999 -9999 -9999 -9999 -9999 -9999 -9999 -9999 0.358454020633735 0.349419617023447 0.276591436407516 0.0992838477721403 6.71692923175805e-05 0 0 0 0.00432249914406697 0 0 0 0 0 0 0 0 0 0 0 0 0 0 0.0777196945469358 0.152195692934621 0.162504847651326 0.167100835527177 0.171553522828993 0.203933436026754 0.212164626987227 0.216361100504889 0.220522767591775 0.222247224437397 0.225336142327843 0.229221793944193 0.23461067487393 0.24291258557301
-9999 -9999 -9999 -9999 -9999 -9999 -9999 -9999 -9999 -9999 -9999 -9999 -9999 -9999 -9999 -9999 -9999 -9999 -9999 -9999 -9999 0.360101885862793 0.35483287977103 0.299118900775177 0.140339493307174 0.0200814892578166 0 0 0 0.000826524796356513 0 0 0 0 0 0 0 0 0 0 0 0 0 0 0.0919130717757 0.148884509565721 0.160466986642072 0.155287824828597 0.169119248890275 0.198398908072243 0.20725847943542 0.21245152338069 0.216872729031482 0.218480696256335 0.222886597761237 0.228092641307287 0.231920908051623 0.238622178726751
-9999 -9999 -9999 -9999 -9999 -9999 -9999 -9999 -9999 -9999 -9999 -9999 -9999 -9999 -9999 -9999 -9999 -9999 -9999 -9999 -9999 0.359500531609066 0.355416183771157 0.311855423913228 0.163931620590756 0.0253624472723614 0 0 0 0 0 0 0 0 0 0 0 0 0 0 0 0 0 0.058604503564506 0.128820293631575 0.150632532770795 0.147365536267379 0.140826787375018 0.166792088116506 0.193385201292591 0.203261043901283 0.209590358182199 0.214551952595154 0.215912116515227 0.220117475937071 0.225524266263956 0.229399913178936 0.235306526432071
