layers/veg_pts/veg4600.asc
NCOLS 255 
NROWS 330 
XLLCORNER -2985163.8955 
YLLCORNER -3022031.214 
CELLSIZE 25000 
NODATA_value -9999 
[rows 150 to 174 of 330, columns 58 to 115 of 255]
-9999 -9999 -9999 -9999 -9999 -9999 -9999 -9999 -9999 -9999 -9999 -9999 -9999 -9999 -9999 -9999 -9999 -9999 -9999 0.355701660511148 0.354716610240093 0.32582800234748 0.280527716657623 0.13996994727448 0.0585003691467956 0.0308822408040334 0.0269430735459794 0.0593274655492309 0.0985293415726622 0.0988251481597189 0.0937491529045186 0.0868402896898011 0.0814307204931479 0.0767946012261117 0.061697342314326 0.00448543904967068 0.00293073985568467 0.0478078903431969 0.0434563328739395 0.0343189621054557 0.0936652174204486 0.115958785213734 0.0847580897022879 0.10499243054745 0.132286741422016 0.1976618123168 0.211136399849631 0.201361905992537 0.212874190135296 0.228229311005873 0.23233311095768 0.231455485529629 0.22914742314497 0.227247099341706 0.226002196044013 0.223994732678147 0.22274944241094 0.222429765336278
-9999 -9999 -9999 -9999 -9999 -9999 -9999 -9999 -9999 -9999 -9999 -9999 -9999 -9999 -9999 -9999 -9999 -9999 -9999 -9999 0.390009195865984 0.314815675230449 0.283314700903407 0.185202102636987 0.0847028579104888 0.073115096605896 0.0873816945679192 0.0854578523640895 0.0887139147528123 0.0910597434130265 0.0849999256687289 0.0815407057482029 0.0753933772137729 0.0628039540648841 0.051431516582234 0 0 0.0211413126702069 0 0.0292134587983923 0.0628803640164899 0.0535261748138937 0.0664199789665421 0.128777918231852 0.136622313412491 0.185587067196742 0.201437411969477 0.193920840933405 0.174921834841954 0.218438023926935 0.22431150274295 0.224326053636663 0.223239598835686 0.221938868857796 0.217683399853042 0.220466381821995 0.220503088453665 0.219489105842794
-9999 -9999 -9999 -9999 -9999 -9999 -9999 -9999 -9999 -9999 -9999 -9999 -9999 -9999 -9999 -9999 -9999 -9999 -9999 -9999 -9999 0.314411793653724 0.289815691680229 0.216706380028446 0.0959728362611675 0.0429995266268197 0.0496139034490217 0.0821368061825293 0.0828413051800346 0.0821772557782188 0.0699270122924194 0.0749976825003831 0.0727104287507797 0.0517872209749162 0.0434853330216678 0.00811650087353557 0 0.00463057855422909 0 0.0387607431081579 0.0472599514779291 0.0288521974068088 0.0493821997293009 0.0945492648131072 0.137091444374149 0.183780211784242 0.189648265060819 0.193853630002927 0.183848482793849 0.214139454633857 0.218211872860954 0.218447376448501 0.218340084706947 0.217378763172035 0.214661237600486 0.21419978663502 0.215830443783166 0.218596893434718
-9999 -9999 -9999 -9999 -9999 -9999 -9999 -9999 -9999 -9999 -9999 -9999 -9999 -9999 -9999 -9999 -9999 -9999 -9999 -9999 -9999 0.301891872189033 0.295933415149139 0.247875785595142 0.130688856038184 0.0656348778554854 0.0377290360794696 0.0562221619239295 0.0549570970071883 0.073301735336105 0.0544271692490954 0.0656631040490794 0.0661710093330782 0.0535775158478945 0.0256784762636373 0.00758886753199025 0.0252978325378068 0.0163104593503117 0.0408074843997838 0.0383492078943918 0.0489019759620157 0.0334524248417856 0.0461615639293698 0.0570889531263015 0.133161248583424 0.181648417935129 0.187630940108244 0.189266895104488 0.19051795129767 0.210030548263796 0.213292023790476 0.213643657326763 0.213805143322296 0.213036298424775 0.212318754826823 0.211960237093881 0.212522661357113 0.214977236757392
-9999 -9999 -9999 -9999 -9999 -9999 -9999 -9999 -9999 -9999 -9999 -9999 -9999 -9999 -9999 -9999 -9999 -9999 -9999 -9999 -9999 0.301987089397906 0.298522475563726 0.261764008391122 0.156815000679574 0.0777141373451029 0.0321987975518561 0.052211582450993 0.0638176519011092 0.0694415405885975 0.0639921645417285 0.0620383683682617 0.0591245144822842 0.0511018355211054 0.013207753988052 0.012967710276554 0.00828366744214201 0.017619745441966 0.0467760636069574 0.0353624322011277 0.0431267493782997 0.0181676882342634 0.0504031428928633 0.0711123645547858 0.141067589798793 0.178001297386021 0.184877861147935 0.180111099107187 0.187674771192547 0.20522177798108 0.208995589060551 0.210107580372564 0.210539361540958 0.209749792371157 0.210008987506482 0.210616363549103 0.210225391500275 0.211693198565843
-9999 -9999 -9999 -9999 -9999 -9999 -9999 -9999 -9999 -9999 -9999 -9999 -9999 -9999 -9999 -9999 -9999 -9999 -9999 -9999 -9999 0.30072563889554 0.298058102351473 0.269329915831333 0.171551824992678 0.0802483516277558 0.033280762870299 0.0527822004438563 0.0624501270785644 0.0638316971038159 0.0622246943643138 0.0579204712487557 0.0543404093623505 0.0492870494712757 0.0102363430868897 0.00901244139742826 0.00567037741072376 0.00691714757950195 0.0664585591351105 0.063299099155338 0.0351094688498767 0.0190861819004926 0.0568509016875482 0.118322424620403 0.164328213387441 0.177947021117852 0.174978978808592 0.169361818813395 0.185035451540266 0.200862403128687 0.205380295842192 0.207322947257542 0.208192646039006 0.207282273949581 0.207497811180364 0.20831857946982 0.208035717354764 0.20904820500865
-9999 -9999 -9999 -9999 -9999 -9999 -9999 -9999 -9999 -9999 -9999 -9999 -9999 -9999 -9999 -9999 -9999 -9999 -9999 -9999 -9999 0.295720386765091 0.295150930196667 0.280745912555433 0.190034274617483 0.0891837888618209 0.0420739002117205 0.0465197079539918 0.0481947202452715 0.0544166143615601 0.0512011164174885 0.0494220503754877 0.048136149000436 0.04118570564564 0.0259110135147213 0.0137127900897927 0.00581239849154605 0.0207902341931908 0.0521032069308074 0.0626016537921823 0.0491577966059223 0.0291874615872413 0.0513673857259743 0.133741882395489 0.177416033405115 0.182096261138323 0.173222769479423 0.159464052324388 0.1849602583333 0.197320261398751 0.20260884361655 0.204490700694018 0.205315492380272 0.204482251171145 0.204417561003529 0.205173594008094 0.20526428725004 0.205932727835734
-9999 -9999 -9999 -9999 -9999 -9999 -9999 -9999 -9999 -9999 -9999 -9999 -9999 -9999 -9999 -9999 -9999 -9999 -9999 -9999 -9999 0.291223951380219 0.286186082975719 0.280285380661881 0.216065728358809 0.110901594593782 0.0522406434062089 0.037233844077706 0.031556558836742 0.0433865215099386 0.0430699216235739 0.0415769015550027 0.0408321274934534 0.0327566772706607 0.0259649494498667 0.0119143745913113 0.00174750742125339 0.0202279669219865 0.0582686015421249 0.069484532228204 0.0377766866423693 0.0371982020882416 0.0465428997608625 0.10747792967774 0.173072738654723 0.198710099636784 0.167082194851492 0.161026637672381 0.190096542559817 0.196372373559775 0.200065036109845 0.201763627893951 0.201262724163516 0.200726210691619 0.200735061019174 0.201513610213736 0.201655714285905 0.202567878314332
-9999 -9999 -9999 -9999 -9999 -9999 -9999 -9999 -9999 -9999 -9999 -9999 -9999 -9999 -9999 -9999 -9999 -9999 -9999 -9999 -9999 0.291745463874654 0.285502700542429 0.276687199952241 0.231180849987 0.124020666600063 0.0495224156509054 0.0289576427002061 0.0214872039685682 0.0309048208054989 0.0333192756832666 0.0288213252048588 0.0260571457668045 0.023039619667106 0.0156737585383953 0 0 0 0.0290315337627965 0.0346403708098547 0.0309157341935219 0.0375685838471197 0.0301765118350118 0.0938842118136969 0.15143572498649 0.189512296435706 0.189086931029593 0.190198317503346 0.200623850381663 0.198487575072018 0.200269491373753 0.20089800453513 0.199823846289296 0.198504340331561 0.198255181432197 0.198605551206198 0.198630492092019 0.199330247275914
-9999 -9999 -9999 -9999 -9999 -9999 -9999 -9999 -9999 -9999 -9999 -9999 -9999 -9999 -9999 -9999 -9999 -9999 -9999 -9999 -9999 0.286972484161909 0.282897715499799 0.277512270273532 0.240530851774066 0.146069815742891 0.0502583001733184 0 0.00429674529925285 0.0134229969697272 0.00398470207437538 0.00501900180611408 0.00680976888614383 0.0118577250296722 0.00304386077196177 0 0 0 0.00334013613111406 0.00858318403723789 0.0127429235668816 0.0138496439606485 0.0302749554728784 0.0733138048710089 0.121843158961358 0.150709139223409 0.170146178145999 0.190788219268467 0.20333455851952 0.200977767384501 0.200799842314446 0.1998286658251 0.198108461660089 0.196780419858102 0.195971518549796 0.195626849464068 0.195214771169678 0.195545098220562
-9999 -9999 -9999 -9999 -9999 -9999 -9999 -9999 -9999 -9999 -9999 -9999 -9999 -9999 -9999 -9999 -9999 -9999 -9999 -9999 -9999 0.28349743868845 0.283450514503534 0.27869466724825 0.244532937077443 0.154852179451479 0.0656241857209785 0.0315140161200512 0.0155279879132969 0 0 0 0.00562566383914778 0.00407162958966629 0 0 0 0 0.00135604217770793 0.00753292498215 0 0 0.042070184551544 0.0781329878481638 0.115027391742265 0.1268552216513 0.147584760652487 0.180887513592196 0.197338954773062 0.199181343309947 0.19854416852554 0.196749586087852 0.194933995611988 0.193525902372855 0.192611219993262 0.191899432709954 0.191304375034931 0.191451932741244
-9999 -9999 -9999 -9999 -9999 -9999 -9999 -9999 -9999 -9999 -9999 -9999 -9999 -9999 -9999 -9999 -9999 -9999 -9999 -9999 -9999 0.267862903315042 0.267315400511847 0.261349547627951 0.237393284968558 0.144651043107116 0.061419683265014 0.0393611694271399 0.00741322972549514 0 0 0 0 0 0 0 0 0 0.000524004680873911 0.00488473289911621 0 0 0.0435727105734758 0.100040745960289 0.131862357296991 0.136469200462242 0.147550020901224 0.175448318127754 0.191091226007102 0.195606065909585 0.194942083482296 0.192862412772055 0.19104956978565 0.189615399957714 0.18861396296112 0.187988315852642 0.187361728622078 0.187373905065005
-9999 -9999 -9999 -9999 -9999 -9999 -9999 -9999 -9999 -9999 -9999 -9999 -9999 -9999 -9999 -9999 -9999 -9999 -9999 -9999 -9999 0.227696379362943 0.233558008352152 0.234158839355394 0.222310073517378 0.116209411626003 0.0587142179545167 0.0484111848695903 0 0 0 0 0 0 0 0 0 0 0 0 0 0 0.024693795450869 0.102213324464921 0.150392349317239 0.160879009903244 0.160995819544517 0.176437447309588 0.189516758773723 0.192974757944183 0.191821482874366 0.189585627125069 0.187687530991874 0.186307330078072 0.185231078889584 0.184696231872367 0.18407054026892 0.184062518250605
-9999 -9999 -9999 -9999 -9999 -9999 -9999 -9999 -9999 -9999 -9999 -9999 -9999 -9999 -9999 -9999 -9999 -9999 -9999 -9999 -9999 0.214406822057891 0.207026380128249 0.218159376260763 0.214826045911768 0.105688881230028 0.0729130145432726 0.0672565033685622 0.0219002520586462 0 0 0 0 0 0 0 0 0 0 0 0 0 0.0440697142019345 0.10769543934037 0.166143084181721 0.166635987532484 0.154814484732726 0.176327922487355 0.189424966639792 0.190671832478081 0.189317200610968 0.186982494458007 0.185033865471549 0.183638372133054 0.182596248962362 0.181876137840094 0.181213830740002 0.18128781393281
-9999 -9999 -9999 -9999 -9999 -9999 -9999 -9999 -9999 -9999 -9999 -9999 -9999 -9999 -9999 -9999 -9999 -9999 -9999 -9999 -9999 0.217364930248193 0.228511914463044 0.20909610633398 0.219863897828825 0.144142619931802 0.0984759787062569 0.0888238869080534 0.0578973386877949 0 0 0 0 0 0 0 0 0 0 0 0 0 0.0376624030843776 0.116808594105552 0.161918818585711 0.165399699871012 0.172359032769726 0.182826427192612 0.186149567524945 0.186956549189208 0.185647218578814 0.183240856914793 0.18124061373665 0.17977401039794 0.178692737180498 0.178038227523235 0.17741935362469 0.177488130780941
-9999 -9999 -9999 -9999 -9999 -9999 -9999 -9999 -9999 -9999 -9999 -9999 -9999 -9999 -9999 -9999 -9999 -9999 -9999 -9999 -9999 0.323378285817295 0.210469919600318 0.207989882790223 0.215123275279703 0.145431501570588 0.108640140622484 0.0989748826104945 0.069770712570052 0.00900296614900063 0 0 0 0 0 0 0 0 0 0 0 0 0.0813264096360883 0.148951555989286 0.177663091122271 0.175159226046109 0.178179602551138 0.185087971467152 0.185354306090687 0.184321578162196 0.182650310642932 0.180073626859106 0.177616591536274 0.176281581024141 0.175117221549676 0.174224001197056 0.173790699756495 0.173843880528598
-9999 -9999 -9999 -9999 -9999 -9999 -9999 -9999 -9999 -9999 -9999 -9999 -9999 -9999 -9999 -9999 -9999 -9999 -9999 -9999 -9999 0.302052922861988 0.211105460614781 0.201734040227148 0.205217800390428 0.136523534356168 0.0995930824266993 0.0856176512911569 0.0374958421682574 0.0177558192052765 0 0 0 0 0 0 0 0 0 0 0 0 0.0844024469392115 0.153430297889251 0.178486768538636 0.176271784379002 0.181683621358878 0.185563272811774 0.184167190031322 0.181825247598043 0.179199303401016 0.176547407218165 0.174257098467335 0.172810268987033 0.171581063761442 0.170808006778952 0.170259584503923 0.170146493321105
-9999 -9999 -9999 -9999 -9999 -9999 -9999 -9999 -9999 -9999 -9999 -9999 -9999 -9999 -9999 -9999 -9999 -9999 -9999 -9999 -9999 0.268589003892426 0.216120970943369 0.198790408950289 0.192799112717879 0.142612976900843 0.0996198893691665 0.0708252386222802 0.0621470963139784 0.0782796958153472 0 0 0 0 0 0 0 0 0 0 0 0 0.0483158970110994 0.137078298409396 0.176343383429275 0.176894986375324 0.183200989603777 0.183388617739326 0.180947611114207 0.178292522791816 0.175544564495638 0.172902721944778 0.170688605397186 0.169182376700529 0.167978123983811 0.167228477996926 0.166584494571707 0.166530930853851
-9999 -9999 -9999 -9999 -9999 -9999 -9999 -9999 -9999 -9999 -9999 -9999 -9999 -9999 -9999 -9999 -9999 -9999 -9999 -9999 -9999 0.27302455496617 0.22171876865546 0.203201677209909 0.185317204387927 0.131567063588942 0.0766251905562397 0.0452697853900729 0.0920409159063807 0.0966486572370072 0.0259852142760395 0 0 0 0 0 0 0 0 0 0 0 0.0212283923692556 0.120572636752037 0.178323361345829 0.17837158636833 0.180153701453404 0.178993430639731 0.176608373988215 0.174051538567915 0.171545364508028 0.169139768690062 0.167098631187321 0.165586012241683 0.164412582398284 0.163663320823691 0.163053835700592 0.163064465615939
-9999 -9999 -9999 -9999 -9999 -9999 -9999 -9999 -9999 -9999 -9999 -9999 -9999 -9999 -9999 -9999 -9999 -9999 -9999 -9999 0.313758982689715 0.28814537040093 0.232614812095331 0.208905990997624 0.177616509999763 0.122986377872136 0.0751767255304387 0.0591650049984688 0.09663712599655 0.0970692053843093 0.0425740043107091 0 0 0 0 0 0 0 0 0 0 0 0.0475411385641648 0.118417445176355 0.179630981742604 0.174944637055651 0.171435079099204 0.173488210363172 0.172258415231087 0.169760889720337 0.167346196531893 0.165190754059195 0.163391972418044 0.161938338088037 0.160828119374295 0.160065317450739 0.159585074768701 0.159632830644435
-9999 -9999 -9999 -9999 -9999 -9999 -9999 -9999 -9999 -9999 -9999 -9999 -9999 -9999 -9999 -9999 -9999 -9999 -9999 0.29871141262167 0.305066739402815 0.273709839330444 0.238948086166392 0.214703612695214 0.171095858133482 0.117029794315918 0.0880525562165309 0.0738743661730791 0.09264383065429 0.0915306562647072 0.0297331166535629 0 0 0 0 0 0 0 0 0 0 0 0.114119025700911 0.14003660644281 0.17412527312578 0.164406022950002 0.16164136212482 0.168380099737501 0.168267826327891 0.165898270608922 0.163545418183086 0.161417129489705 0.159727307068169 0.158430126389406 0.157441174113979 0.156685002325512 0.15631882795889 0.15646276360651
-9999 -9999 -9999 -9999 -9999 -9999 -9999 -9999 -9999 -9999 -9999 -9999 -9999 -9999 -9999 -9999 -9999 -9999 -9999 -9999 0.309530055719855 0.288570864668369 0.247055158643741 0.229774503967942 0.179638856545342 0.104085457086262 0.083726456071603 0.0644923274658034 0.076325686641992 0.0766538813162418 0.00548878845055035 0 0 0 0 0 0 0 0 0 0 0.0564508138865872 0.135064192521448 0.157610722665673 0.159138208419704 0.159381572221656 0.1626052726527 0.166707540859343 0.166210503764253 0.163324926132518 0.161006002914779 0.158986232625691 0.157245971206141 0.155989642007017 0.154916459786667 0.154238101694861 0.153809926686835 0.154055665052231
-9999 -9999 -9999 -9999 -9999 -9999 -9999 -9999 -9999 -9999 -9999 -9999 -9999 -9999 -9999 -9999 -9999 -9999 -9999 -9999 0.28459884091486 0.261467008927944 0.235862579633955 0.231478623627573 0.192729509000573 0.101002670279681 0.0604351230186924 0.0493786491953686 0.04074063962312 0.0395914397811469 0 0 0 0 0 0 0 0 0 0 0 0.0913443290330558 0.140538854100236 0.137873748185167 0.101710699583874 0.146560862365529 0.160628380533423 0.162686118616568 0.161829595942439 0.15956854318929 0.157208795300302 0.155170295312817 0.153616919275201 0.152284295871387 0.151298817312455 0.150780650053066 0.150350715937997 0.150458946684936
-9999 -9999 -9999 -9999 -9999 -9999 -9999 -9999 -9999 -9999 -9999 -9999 -9999 -9999 -9999 -9999 -9999 -9999 -9999 -9999 0.236012354392176 0.220477975408789 0.208749204390298 0.212799552949991 0.178413421057428 0.100472163565685 0.048231053145353 0.0205701282511081 0 0 0 0 0 0 0 0 0 0 0 0 0 0.105646973525452 0.137995720148424 0.127626923588336 0.0797878862913452 0.138239294053585 0.156845184619874 0.157757671053706 0.157021230439563 0.155122355553152 0.153083602973245 0.15127332866242 0.149881555901776 0.148761002948351 0.14782003273694 0.147362318918624 0.14705201468149 0.146884351284055
-9999 -9999 -9999 -9999 -9999 -9999 -9999 -9999 -9999 -9999 -9999 -9999 -9999 -9999 -9999 -9999 -9999 -9999 -9999 -9999 0.203130612104822 0.184353449785621 0.16749577945525 0.190975384075197 0.162114455641902 0.0755998912690417 0.0198790698246265 0 0 0 0 0 0 0 0 0 0 0 0 0 0 0.110126043349043 0.133733622028789 0.120029285053583 0.0996495505072167 0.139355951408468 0.15153537945487 0.15235165822018 0.151690671718929 0.150062246373537 0.14842940533238 0.146974452202234 0.145992851003625 0.145092136693441 0.144328579765337 0.143907601426392 0.143589343863521 0.143490354209873
