layers/veg_pts/veg4600.asc
NCOLS 255 
NROWS 330 
XLLCORNER -2985163.8955 
YLLCORNER -3022031.214 
CELLSIZE 25000 
NODATA_value -9999 
[rows 75 to 99 of 330, columns 0 to 57 of 255]
-9999 -9999 -9999 -9999 -9999 -9999 -9999 -9999 -9999 -9999 -9999 -9999 -9999 -9999 -9999 -9999 -9999 -9999 -9999 -9999 -9999 -9999 -9999 -9999 -9999 0.704681710013656 0.6887949737518 0.692582294768302 0.703035299719129 0.70778915922746 0.703876639710339 0.681207121101436 0.580463937906247 0.494155001837866 0.438551761852398 0.390016157163953 0.431180294654053 0.540028588894008 0.619866969488683 0.634564383072644 0.635759387729318 0.634971602985408 0.632408948796633 0.62988417641787 0.627037862743783 0.622091948143919 0.61497764428645 0.607623208394443 0.60040443140359 0.594278577748059 0.587991463991789 0.582758447126707 0.576439269337906 0.569130992735959 0.562158590157301 0.556701181467581 0.551115951838508 0.547043766566727
-9999 -9999 -9999 -9999 -9999 -9999 -9999 -9999 -9999 -9999 -9999 -9999 -9999 -9999 -9999 -9999 -9999 -9999 -9999 -9999 -9999 -9999 -9999 -9999 -9999 0.705288562373821 0.695087086307386 0.693392479497059 0.703724728998822 0.709687081035374 0.707492925856888 0.700594355118042 0.607631854921409 0.519845398616595 0.447916861716849 0.408710527159685 0.441678290470216 0.540436748630101 0.607963643490918 0.630204557920997 0.638341431364596 0.638818693645784 0.635629749448218 0.630825950289348 0.626587177412131 0.623114188201763 0.617952341664392 0.611138323543745 0.603861536955988 0.597703209809012 0.590753205057494 0.584175366750094 0.577740865664062 0.571422225425459 0.565881948242336 0.560556331170006 0.555674242937258 0.553101463329546
-9999 -9999 -9999 -9999 -9999 -9999 -9999 -9999 -9999 -9999 -9999 -9999 -9999 -9999 -9999 -9999 -9999 -9999 -9999 -9999 -9999 -9999 -9999 -9999 -9999 0.704764554150585 0.695285836599797 0.694107112781553 0.706615210182068 0.704553089978521 0.709808678311168 0.706371074459938 0.660815810533304 0.618878073122858 0.518256078110557 0.412863936250825 0.430927250116065 0.538421262073779 0.597131550975013 0.633159565812532 0.645452314217886 0.646184929500208 0.642325592355792 0.63569066689612 0.628589272447192 0.623790382659778 0.61863188033166 0.612888189999114 0.606110039604902 0.601521915087656 0.594074906518484 0.586171438119167 0.579530191998008 0.573885531505069 0.570319570228128 0.563991028179585 0.558312084731868 0.5560721854157
-9999 -9999 -9999 -9999 -9999 -9999 -9999 -9999 -9999 -9999 -9999 -9999 -9999 -9999 -9999 -9999 -9999 -9999 -9999 -9999 -9999 -9999 -9999 -9999 -9999 0.711317764839072 0.710030190500085 0.705078680723703 0.701494689265622 0.692237873548027 0.708803982444046 0.706653372269415 0.653336455904986 0.58160885837741 0.487683343441793 0.414927355239481 0.457278303551571 0.552995592408074 0.598362288393849 0.644992980019086 0.655375179860579 0.652450705506072 0.647039627119219 0.640274250026369 0.633394198765577 0.6260494968175 0.619234480275638 0.613047076937652 0.607596719127671 0.603348412572534 0.597147455855913 0.590111749975277 0.583324074827339 0.576192670288482 0.569941837582128 0.566964622502699 0.562809103226303 0.559372676425206
-9999 -9999 -9999 -9999 -9999 -9999 -9999 -9999 -9999 -9999 -9999 -9999 -9999 -9999 -9999 -9999 -9999 -9999 -9999 -9999 -9999 -9999 -9999 -9999 -9999 0.715786597180767 0.713514039879837 0.707125985925571 0.711735951012615 0.712393294528089 0.71124311389283 0.690457626794525 0.571913776779373 0.450842880202546 0.428352574458396 0.451923408023041 0.571754385160742 0.611298912067972 0.620812562922421 0.652455416817056 0.661260291392531 0.656496937832065 0.650620260687368 0.643608373159716 0.636320497584544 0.62910809114754 0.621714956516427 0.615149349182625 0.608625876570345 0.603493334051744 0.598860983729914 0.593421554289639 0.587187542816869 0.58041872371498 0.575004851141945 0.569566501989444 0.564278166254477 0.561408247505271
-9999 -9999 -9999 -9999 -9999 -9999 -9999 -9999 -9999 -9999 -9999 -9999 -9999 -9999 -9999 -9999 -9999 -9999 -9999 -9999 -9999 -9999 -9999 -9999 -9999 -9999 0.714630731531962 0.706664007888579 0.71116709170653 0.714854788033411 0.712121557424105 0.651606212998909 0.504739107535475 0.409255038999895 0.449991692206342 0.467884458130538 0.571278676195353 0.615268036187108 0.649499763487401 0.663467768946011 0.664327113786437 0.659199117282838 0.65341222308289 0.646347451085102 0.639429171785364 0.632408659157603 0.626067977057312 0.619911968229085 0.613509055328945 0.607401477749108 0.601600743733043 0.595929140112377 0.590627162172038 0.583198792039457 0.576790875694988 0.571256964578091 0.567146283529734 0.56345157597486
-9999 -9999 -9999 -9999 -9999 -9999 -9999 -9999 -9999 -9999 -9999 -9999 -9999 -9999 -9999 -9999 -9999 -9999 -9999 -9999 -9999 -9999 -9999 -9999 -9999 -9999 -9999 -9999 0.715664404535153 0.714978488624008 0.711608689472669 0.618036378042607 0.476178572896495 0.470928448976669 0.459360167468149 0.467146010131614 0.584884149564955 0.600415689030206 0.617221540096992 0.648849131038134 0.664093938202374 0.660930617371223 0.655329702619878 0.648417265512654 0.641776215926221 0.634912886223803 0.628325598786281 0.621417381894486 0.614996822353418 0.609691195066571 0.604732804959593 0.599156845431414 0.593667259613756 0.585968045041818 0.580118087966377 0.574824189780235 0.569798285095731 0.566577830118046
-9999 -9999 -9999 -9999 -9999 -9999 -9999 -9999 -9999 -9999 -9999 -9999 -9999 -9999 -9999 -9999 -9999 -9999 -9999 -9999 -9999 -9999 -9999 -9999 -9999 -9999 -9999 -9999 -9999 0.714406697064944 0.703209584698763 0.614229487725566 0.47571493088318 0.514925237739794 0.459080984275633 0.505565499556908 0.58087197574826 0.56533553828671 0.58398598649697 0.644917024593868 0.662526391634727 0.66202174941789 0.657073557626636 0.650410358001637 0.643833201342232 0.637310623788517 0.630538654714283 0.623717101503663 0.617152055330674 0.611159170140834 0.606566135680063 0.600922334696267 0.595034030122969 0.58904144552425 0.583885189477356 0.577800832985814 0.573030978376752 0.569948415853297
-9999 -9999 -9999 -9999 -9999 -9999 -9999 -9999 -9999 -9999 -9999 -9999 -9999 -9999 -9999 -9999 -9999 -9999 -9999 -9999 -9999 -9999 -9999 -9999 -9999 -9999 -9999 -9999 0.716528346790663 0.715221731373272 0.706598270121116 0.679652569429472 0.610224774041736 0.487567289418077 0.481748876132127 0.538934092586343 0.576844237553059 0.587922803853643 0.615969745636864 0.642503132174657 0.651308604657938 0.662523349482729 0.658739412428974 0.652324878680883 0.645766778806411 0.639193251841977 0.632374802178598 0.625567120767918 0.618962727182717 0.612988772208691 0.608600104174472 0.602596305979154 0.596787590820047 0.591352013479797 0.586036833194647 0.580157970319158 0.574995087779023 0.571112172197775
-9999 -9999 -9999 -9999 -9999 -9999 -9999 -9999 -9999 -9999 -9999 -9999 -9999 -9999 -9999 -9999 -9999 -9999 -9999 -9999 -9999 -9999 -9999 -9999 -9999 -9999 -9999 0.712503350039976 0.710956576743368 0.703813818034786 0.676180703762271 0.620060242873951 0.509467479995285 0.486046492933779 0.493359097024444 0.545701206741602 0.562368043865052 0.571283233796104 0.613244029052182 0.62966785066558 0.665077106984479 0.661621305579007 0.659423968958144 0.653696038021053 0.647408480210091 0.640940900130499 0.634141837708986 0.627261131463996 0.620645273359187 0.614581742906472 0.610314628096689 0.604728633727065 0.599394891000893 0.593758674757857 0.588426663202765 0.58312911971695 0.577677879854377 0.572738508728865
-9999 -9999 -9999 -9999 -9999 -9999 -9999 -9999 -9999 -9999 -9999 -9999 -9999 -9999 -9999 -9999 -9999 -9999 -9999 -9999 -9999 -9999 -9999 -9999 -9999 -9999 0.709061185780531 0.707948477104662 0.699835322261868 0.682811994193098 0.662605762612589 0.63817049136009 0.5502234130452 0.515286587719088 0.529223236620289 0.559999617249206 0.569568475011051 0.571835469822626 0.607731547381174 0.639035214470116 0.665215961685099 0.660387759618035 0.659222512139683 0.655014446066212 0.64900168865973 0.642686142959705 0.635831659296874 0.628845144670521 0.622137503851624 0.61647463357264 0.61169788371611 0.60645292575894 0.601489870759397 0.596107651978601 0.590551956626514 0.585447099583707 0.580711866883491 0.575952652622946
-9999 -9999 -9999 -9999 -9999 -9999 -9999 -9999 -9999 -9999 -9999 -9999 -9999 -9999 -9999 -9999 -9999 -9999 -9999 -9999 -9999 -9999 -9999 -9999 -9999 -9999 0.702509828349652 0.693252277362074 0.686856631013576 0.67479041865311 0.636499753139656 0.615276719715031 0.584504684123723 0.522668249527436 0.494941257647506 0.541702419195722 0.598520174450868 0.62372007304994 0.628124330617366 0.657272353285579 0.663720509104345 0.663431942526868 0.660872384098357 0.655680009787946 0.649733963149168 0.643387294156627 0.636745360040142 0.630157452415094 0.623569901021768 0.617784056146907 0.61319326870317 0.607859719704231 0.602186990071315 0.596627037818122 0.59147587919526 0.586648287421063 0.582143955657704 0.577971071821943
-9999 -9999 -9999 -9999 -9999 -9999 -9999 -9999 -9999 -9999 -9999 -9999 -9999 -9999 -9999 -9999 -9999 -9999 -9999 -9999 -9999 -9999 -9999 -9999 -9999 0.703021539138064 0.698338159280083 0.678057248952425 0.6851724814855 0.688791148043079 0.643378090922392 0.61513824511274 0.57095617702371 0.514509324302618 0.508835221237682 0.558729296243386 0.600008531025065 0.644616107002026 0.644034230272898 0.663081878871003 0.650910023092612 0.654602329197532 0.659759437901724 0.655740437669247 0.649644883618282 0.64273892361224 0.636986664715923 0.631083708619193 0.624735859447837 0.618477118432843 0.613801613256126 0.608586337764535 0.60287589619678 0.597420558815183 0.59220041085826 0.587111619097414 0.583332906254727 0.578984061235507
-9999 -9999 -9999 -9999 -9999 -9999 -9999 -9999 -9999 -9999 -9999 -9999 -9999 -9999 -9999 -9999 -9999 -9999 -9999 -9999 -9999 -9999 -9999 -9999 -9999 0.707049933935688 0.697780530030455 0.680395565271537 0.701670788373435 0.69664409297038 0.656650558600427 0.618695238801483 0.563991774318636 0.527055058081738 0.555299088231622 0.577773038573136 0.57294294427298 0.60611110783442 0.634554625593181 0.659001598775945 0.639689940580923 0.6424382198033 0.65797387162667 0.654789449087462 0.649427975403101 0.643359003014415 0.637292096150215 0.631415993051906 0.625219421892264 0.618895007892185 0.61399382762689 0.60913319751874 0.603469598944188 0.597709340585536 0.592688320725955 0.588318835119716 0.584262014934377 0.579817149040156
-9999 -9999 -9999 -9999 -9999 -9999 -9999 -9999 -9999 -9999 -9999 -9999 -9999 -9999 -9999 -9999 -9999 -9999 -9999 -9999 -9999 -9999 -9999 -9999 -9999 0.71230530458425 0.690838826937981 0.70073677915761 0.707025400447128 0.699643190779438 0.641378117297345 0.584269323844384 0.551774747704827 0.551607302350781 0.599300663990104 0.584856869015987 0.559770522427352 0.609414883287597 0.64416050894278 0.658030017696214 0.637109461050185 0.618458332946816 0.626004291275603 0.652790087150181 0.647758014142313 0.639898206492022 0.634612162196743 0.629891699958526 0.624850821061027 0.618536912100373 0.613017174010248 0.608591519408199 0.60358452111072 0.5980892713202 0.593281978086797 0.589258540876835 0.585125500450294 0.581159585851138
-9999 -9999 -9999 -9999 -9999 -9999 -9999 -9999 -9999 -9999 -9999 -9999 -9999 -9999 -9999 -9999 -9999 -9999 -9999 -9999 -9999 -9999 -9999 -9999 -9999 0.720922688311375 0.707580217033017 0.711752496325394 0.711730468872098 0.70838959017723 0.642536859056775 0.572102383347636 0.551288222200588 0.516035698566218 0.579608940953885 0.571042866573501 0.562779568803285 0.598110261920001 0.634278119807345 0.638357401473345 0.618018363482908 0.593739626933983 0.59062767181235 0.623744367504561 0.6310478217672 0.635743904605499 0.630660515627657 0.626367719176215 0.623126537376769 0.616774790839928 0.609909589882813 0.605934727725205 0.603128553533739 0.598335100827061 0.593848146523387 0.589605244247321 0.585097009199198 0.581246447248678
-9999 -9999 -9999 -9999 -9999 -9999 -9999 -9999 -9999 -9999 -9999 -9999 -9999 -9999 -9999 -9999 -9999 -9999 -9999 -9999 -9999 -9999 -9999 -9999 -9999 0.721806837570329 0.71555176404054 0.713856485786452 0.709621960078604 0.704910339079584 0.685098615550152 0.649481449540131 0.61161535169601 0.473064170343403 0.543991210970448 0.570078519667444 0.591872208450916 0.621163095637163 0.608662856800909 0.569624074589829 0.562869428506541 0.568414335666757 0.57578914039787 0.587494028891177 0.587455434929259 0.587795535362802 0.616263715476827 0.626192216857418 0.621305254317724 0.614588934202926 0.606767311981494 0.603101504373643 0.602347833696558 0.59829202482947 0.593690979737405 0.589565789059844 0.585552041834762 0.58174200903219
-9999 -9999 -9999 -9999 -9999 -9999 -9999 -9999 -9999 -9999 -9999 -9999 -9999 -9999 -9999 -9999 -9999 -9999 -9999 -9999 -9999 -9999 -9999 -9999 -9999 0.719324494873036 0.714670876491357 0.714229670469067 0.711701928210807 0.70293262484824 0.692481189055162 0.681991787837443 0.66647847322856 0.51278552334264 0.535120788674175 0.53534255765363 0.57734397647094 0.622450228426671 0.574006176277676 0.496028199254355 0.532228373847796 0.534116420543517 0.558514341104232 0.579562214151361 0.57234265147586 0.551637030862693 0.592178762980218 0.624045117585417 0.620828304695711 0.61395728713039 0.60716974805163 0.603726911890038 0.601718177592073 0.597987823004646 0.593388602962084 0.589201284637858 0.585369368378347 0.581021828189044
-9999 -9999 -9999 -9999 -9999 -9999 -9999 -9999 -9999 -9999 -9999 -9999 -9999 -9999 -9999 -9999 -9999 -9999 -9999 -9999 -9999 -9999 -9999 -9999 -9999 0.72233266606824 0.715116458970246 0.71404091829224 0.715026049436935 0.707335319790002 0.699421850783132 0.694147466714553 0.67178151503813 0.572720995908762 0.538406698476278 0.518037662555103 0.565993186569971 0.595323365885594 0.544614087834792 0.526372319568073 0.50852922304457 0.455109787429697 0.499187317641864 0.557343273717907 0.56936985659066 0.557775370456015 0.582137117431075 0.612348025940373 0.619681275160537 0.614176922112343 0.608038538729542 0.602177757516239 0.601413493697028 0.597500977833341 0.592840396174654 0.587927630180085 0.583333356920773 0.578547598964697
-9999 -9999 -9999 -9999 -9999 -9999 -9999 -9999 -9999 -9999 -9999 -9999 -9999 -9999 -9999 -9999 -9999 -9999 -9999 -9999 -9999 -9999 -9999 -9999 -9999 0.725649760539888 0.71691304115967 0.713007045151365 0.716297726802651 0.711647118677319 0.705410886804552 0.69848715127781 0.689873763413955 0.611416049606959 0.530409055604859 0.526115343240815 0.57384738967831 0.589158934626293 0.581601156179297 0.511416779824802 0.491114361600842 0.436599042344222 0.400589780847263 0.480753661251472 0.532631366619224 0.556467320340045 0.580230793274474 0.593312920337448 0.59675511307481 0.608394288759361 0.607897940389149 0.598694771856903 0.599747608893459 0.596660943142342 0.591699694357869 0.585814519778346 0.580408872797657 0.576073346809272
-9999 -9999 -9999 -9999 -9999 -9999 -9999 -9999 -9999 -9999 -9999 -9999 -9999 -9999 -9999 -9999 -9999 -9999 -9999 -9999 -9999 -9999 -9999 -9999 -9999 -9999 0.718472627043596 0.713816626770402 0.715997692784127 0.7129195023324 0.708319231235948 0.694581141554271 0.691335672790406 0.595186371495803 0.509963818582338 0.516507366578903 0.550436578779369 0.539166802662609 0.560771782661135 0.513171861282794 0.45379819238483 0.445065071093508 0.464402729447641 0.485491395641478 0.501653198619541 0.539788584198314 0.582383433139912 0.580630980391578 0.57522644794146 0.597278818454982 0.603529472948917 0.598836263226175 0.597933675174197 0.595259844300809 0.590693693418616 0.584186256803211 0.577337457496123 0.570587673763811
-9999 -9999 -9999 -9999 -9999 -9999 -9999 -9999 -9999 -9999 -9999 -9999 -9999 -9999 -9999 -9999 -9999 -9999 -9999 -9999 -9999 -9999 -9999 -9999 -9999 -9999 -9999 0.719042091893588 0.716069684693524 0.713063363475054 0.709466839867784 0.701213439583507 0.696382264828221 0.660564837504295 0.587496908520579 0.504953072470969 0.498524416610096 0.469006853286649 0.473420980407513 0.502357363081757 0.457658322963668 0.444893949415248 0.484772757825605 0.517802159479433 0.527901078053724 0.560361084598694 0.597135860235849 0.590009868100794 0.58172530036243 0.570402302980363 0.550774017948548 0.565541216021776 0.58789415591839 0.59444787325811 0.589226454141991 0.581863628332487 0.574497997694468 0.566025241387098
-9999 -9999 -9999 -9999 -9999 -9999 -9999 -9999 -9999 -9999 -9999 -9999 -9999 -9999 -9999 -9999 -9999 -9999 -9999 -9999 -9999 -9999 -9999 -9999 -9999 -9999 -9999 -9999 -9999 0.712915942929868 0.710227286948032 0.705350758697085 0.699292722497088 0.678484795985813 0.61899849653434 0.53887585499 0.55673960696789 0.429077205971891 0.410851414894611 0.449731937255821 0.465875887053286 0.436069034631047 0.44545144530462 0.502560700028243 0.534387252831712 0.567346304717171 0.598848665590953 0.610166048247515 0.597132434099607 0.568447010996637 0.549271684644483 0.571214401192168 0.59130290979683 0.590797466763635 0.579485512103543 0.569351216419409 0.569963742750278 0.570348862152719
-9999 -9999 -9999 -9999 -9999 -9999 -9999 -9999 -9999 -9999 -9999 -9999 -9999 -9999 -9999 -9999 -9999 -9999 -9999 -9999 -9999 -9999 -9999 -9999 -9999 -9999 -9999 -9999 -9999 -9999 -9999 0.701390499397849 0.698442433542144 0.687390007438206 0.666235364273772 0.60907403487935 0.461828549209443 0.401055636659844 0.390101821983032 0.408727050524883 0.457576115940426 0.43752200271561 0.410496557892009 0.472973115374286 0.541348591958144 0.599183412221226 0.604973687441608 0.597811304193995 0.583691638367568 0.580817083668161 0.579641727801242 0.588721436019977 0.593926536632779 0.589807101330962 0.582766054592141 0.574875535474675 0.567854608109546 0.566759536613565
-9999 -9999 -9999 -9999 -9999 -9999 -9999 -9999 -9999 -9999 -9999 -9999 -9999 -9999 -9999 -9999 -9999 -9999 -9999 -9999 -9999 -9999 -9999 -9999 -9999 -9999 -9999 -9999 -9999 -9999 -9999 -9999 0.69866988826457 0.691865729388337 0.668230511090759 0.622987748469926 0.533097010633499 0.510816936497569 0.438892999359845 0.414704457589635 0.45941943350001 0.471254315746389 0.424548677023223 0.478254766054755 0.526193782921918 0.57585401391473 0.606778917582215 0.586069004879932 0.563197640543207 0.57488392075881 0.589957431998006 0.592909387823306 0.590349894576861 0.589832253024411 0.584866378480625 0.576787738058107 0.571237180283489 0.567499678169883
