layers/veg_pts/veg4100.asc
NCOLS 255 
NROWS 330 
XLLCORNER -2985163.8955 
YLLCORNER -3022031.214 
CELLSIZE 25000 
NODATA_value -9999 
[rows 78 to 103 of 330, columns 174 to 231 of 255]
0.781954670067923 0.77297678530624 0.764355709848849 0.753636567592658 0.749502321803341 0.746187987508172 0.737940809974089 0.730899779759223 0.725326187937823 0.719762659760091 0.713438533371602 0.707427318413087 0.703730903735471 0.700814610813262 0.695093107553403 0.687747974741312 0.687091788909519 0.684071611326332 0.680598809537178 0.679194748308081 0.678467904822045 0.678192573257515 0.678581062977629 0.678887762003237 -9999 -9999 -9999 -9999 -9999 -9999 -9999 -9999 -9999 -9999 -9999 -9999 -9999 -9999 -9999 -9999 -9999 -9999 -9999 -9999 -9999 -9999 -9999 -9999 -9999 -9999 -9999 -9999 -9999 -9999 -9999 -9999 -9999 -9999
0.776128664915886 0.766911053984193 0.760537811382755 0.749121277997605 0.744583386566183 0.740149089466474 0.731827257152103 0.725238426214022 0.719512970277585 0.713233857679626 0.708048248792189 0.702610097512908 0.699290282230007 0.696073863123346 0.691163855766034 0.68531969057952 0.681251689078426 0.677427434172154 0.67356151810714 0.672360374663635 0.672033579243764 0.672821924718412 0.6745073344263 0.675101773156893 0.675231604204701 0.679253586336532 0.681639281676589 0.683133266081475 -9999 -9999 -9999 -9999 -9999 -9999 -9999 -9999 -9999 -9999 -9999 -9999 -9999 -9999 -9999 -9999 -9999 -9999 -9999 -9999 -9999 -9999 -9999 -9999 -9999 -9999 -9999 -9999 -9999 -9999
0.770264551477529 0.760956087533639 0.755583315597024 0.74758673427428 0.740816142405024 0.734496817617566 0.727379786030256 0.720773714209024 0.71519845818138 0.708963647192154 0.703356866391855 0.698721014995144 0.695221336675587 0.69075024482659 0.685824982014774 0.680628639517129 0.675319809715662 0.671168877780241 0.668207763231143 0.667489239751638 0.667123157577975 0.668057277418485 0.669181249427991 0.671055691191968 0.674224914113537 0.678572907479747 0.681646973153307 0.683441806516745 0.687472462162182 0.691137483967151 0.695233373225789 0.700642475375689 0.70632599803804 0.711764890189537 0.717246245568531 0.722349117058238 -9999 -9999 -9999 -9999 -9999 -9999 -9999 -9999 -9999 -9999 -9999 -9999 -9999 -9999 -9999 -9999 -9999 -9999 -9999 -9999 -9999 -9999
0.762211391125492 0.754437840735914 0.746595983608967 0.74017467389608 0.731890559092138 0.725864955349126 0.720921804003588 0.715524241929356 0.709930616706615 0.704393344822063 0.698473331710255 0.693706269665488 0.690482656851409 0.686198415257006 0.680690208341683 0.675845966148069 0.672833353574702 0.670255139512003 0.666965787065804 0.664446142387218 0.663623688200206 0.664330874392906 0.664798136795058 0.666958617646191 0.670095264091812 0.673623467034727 0.67809113997782 0.681309158297219 0.686201897039788 0.69036743933236 0.693941906067636 0.699998466905041 0.706322417408295 0.712125232742299 0.717840925796208 0.722991641472594 0.727284250884925 -9999 -9999 -9999 -9999 -9999 -9999 -9999 -9999 -9999 -9999 -9999 -9999 -9999 -9999 -9999 -9999 -9999 -9999 -9999 -9999 -9999
0.754124352692474 0.747777629509982 0.738947297233841 0.732640303018571 0.722969826470527 0.715493212774482 0.712494270489836 0.708558223969327 0.703326342574072 0.698492554790588 0.692846051978682 0.687513797337438 0.684740398945816 0.680520057037583 0.675542834486198 0.670994240538987 0.667052958408505 0.664813108444884 0.663251527629963 0.660986196323855 0.660477567064803 0.660801706800451 0.662243150133438 0.665205114401652 0.670620700025396 0.673888568051254 0.674995021601985 0.674057573772793 0.671698843764616 0.685657331645733 0.691414394022748 0.697094165069024 0.704482577568718 0.710382837516862 0.716432607992195 0.722952872929114 0.728243446179999 0.731261781884042 -9999 -9999 -9999 -9999 -9999 -9999 -9999 -9999 -9999 -9999 -9999 -9999 -9999 -9999 -9999 -9999 -9999 -9999 -9999 -9999
0.744917633961687 0.736598194171651 0.728330457667821 0.719268224725632 0.713629619097141 0.709834069368605 0.703855378364171 0.69981377744802 0.695433059726559 0.69074630206085 0.686229867368641 0.681662708731313 0.679666775730519 0.674841983201512 0.668716217142375 0.665627089985457 0.66177314165404 0.659415049743056 0.658196577640205 0.656845691114644 0.657107478659188 0.657111748020562 0.660116994224055 0.66348897844331 0.666165878231123 0.670753855488018 0.672645553968379 0.671129844723159 0.667511133879716 0.672324793631234 0.68161561553295 0.693356326951143 0.700273375824877 0.706635444939009 0.715290073431965 0.722900318705876 0.727955839466395 0.733173947330464 -9999 -9999 -9999 -9999 -9999 -9999 -9999 -9999 -9999 -9999 -9999 -9999 -9999 -9999 -9999 -9999 -9999 -9999 -9999 -9999
0.736160250059405 0.728724021856025 0.718844508728152 0.71547813752474 0.709421365257028 0.701280116470634 0.69139229517343 0.688071136012987 0.684349825499511 0.680680574549916 0.678177921133005 0.675040773659533 0.672539282292939 0.668538236756579 0.66349715322542 0.659770918725972 0.656901206814483 0.65425565877045 0.652903809276629 0.652543328695657 0.65325926575849 0.654264807658076 0.657124080647629 0.658681019554648 0.663115623378694 0.668502396922854 0.669672661039725 0.670736502944564 0.667239408079105 0.657043534458579 0.661052481669886 0.693344210520083 0.683991429812872 0.70435712837412 0.713930169573558 0.719321075126964 0.723701231914591 0.731160600285491 0.741075166511727 0.74900811729691 0.757597930358967 -9999 -9999 -9999 -9999 -9999 -9999 -9999 -9999 -9999 -9999 -9999 -9999 -9999 -9999 -9999 -9999 -9999
0.726940192862835 0.719155786723639 0.709635352810668 0.70857305432621 0.69886681556255 0.692537276153767 0.6798911958287 0.67826955876752 0.672622729738636 0.669663211747373 0.668786063986 0.667128932322768 0.665436504702229 0.662243413353214 0.655949202561182 0.651949526601548 0.652175019623512 0.649696722351579 0.648369825425406 0.647970710027406 0.649200256910336 0.652214089239093 0.653037109845629 0.655410246832014 0.658656080968582 0.663075940104561 0.665637415523696 0.669109600096822 0.666669896116534 0.653179396528803 0.65147673526923 0.689024510247192 0.697451201097595 0.705153553200068 0.711534233530761 0.715665552218105 0.720205666440498 0.729126301386039 0.741218449455342 0.750123723580689 0.75767551576991 -9999 -9999 -9999 -9999 -9999 -9999 -9999 -9999 -9999 -9999 -9999 -9999 -9999 -9999 -9999 -9999 -9999
0.717083286574102 0.71080486755565 0.702884444008163 0.69915136727803 0.689992497485255 0.683740361366857 0.671404863232875 0.673264847359927 0.665574430963467 0.661511238307349 0.660323821370403 0.659618912744109 0.658579676623567 0.654590059900146 0.649395479749578 0.646222858697664 0.647058407592185 0.645154506480214 0.64456334483261 0.643492436892104 0.645284119227907 0.649598734457125 0.651317552932958 0.652329815458933 0.656176697846253 0.658786971370341 0.656570022981193 0.658501049398631 0.663103651659578 0.654892926924139 0.653304151687773 0.680442191483415 0.698392515871102 0.702419589099886 0.708113281810926 0.708469623245205 0.720587747385233 0.732095545707815 0.740858399601139 0.748928299658159 0.756887754596289 0.762263370344574 -9999 -9999 -9999 -9999 -9999 -9999 -9999 -9999 -9999 -9999 -9999 -9999 -9999 -9999 -9999 -9999
0.711024529953065 0.701053558158518 0.695251968437763 0.691000935663572 0.684028563240668 0.675564463038387 0.667533938483359 0.666587423965338 0.662849018656359 0.656404272849796 0.650038545368177 0.650685378798528 0.652171062734851 0.647926972177166 0.64277067339638 0.640987510650592 0.639861802717018 0.639547405398922 0.640614932631692 0.640238670992354 0.641855482477824 0.645091959725563 0.647500079125294 0.649672031341396 0.653681987381216 0.655579918198555 0.647317017396232 0.641985561050196 0.649145670040272 0.653125814478887 0.666310480323573 0.68485564258823 0.694976244976214 0.699557592476578 0.70466195224702 0.699449806720646 0.716914887005632 0.730647671552191 0.735002313422866 0.743686252979903 0.75510079712024 0.763106980130513 -9999 -9999 -9999 -9999 -9999 -9999 -9999 -9999 -9999 -9999 -9999 -9999 -9999 -9999 -9999 -9999
0.707298562172956 0.695144609551094 0.68829848658147 0.684157659378083 0.677752358438332 0.670592046721308 0.668174937163825 0.660816456616999 0.655452652813187 0.649813993274645 0.645746479888829 0.64596980273105 0.645052925377427 0.641345357838844 0.637909318699148 0.635436339976445 0.632765380513596 0.63434341199848 0.635145919396307 0.635545843341192 0.637996080898859 0.641017569128342 0.643010977594228 0.645717606452514 0.650218957021398 0.652003483368035 0.648326464566106 0.650269913086858 0.658732228164328 0.652048311316875 0.665740750849009 0.68310596952081 0.688890143488502 0.691427243604026 0.696968030651689 0.696646514192355 0.709145788960484 0.726316233672161 0.730978716560071 0.74397529297018 0.755125016428189 0.762971067047952 0.772127317826254 0.780502815356359 -9999 -9999 -9999 -9999 -9999 -9999 -9999 -9999 -9999 -9999 -9999 -9999 -9999 -9999
0.702082239603078 0.689734998070533 0.681658969381778 0.676730515624424 0.670387329243452 0.663350003601377 0.658222712047676 0.655293477922605 0.648620796570857 0.643345090783465 0.642265283037708 0.640129835615915 0.637749867097004 0.635184784704797 0.63311617682927 0.630971211454813 0.629439780028789 0.631212528703375 0.634613063053203 0.633178991406663 0.634194457595401 0.638561459290604 0.640368379799458 0.6423248657412 0.646464333130312 0.649927092884972 0.652689144227109 0.659954733646152 0.661726144366961 0.647977122309829 0.666191736997717 0.680229992409155 0.68345830165225 0.684416296063456 0.688427091317445 0.692902952387737 0.709015289378106 0.724550125722643 0.736265551705346 0.747799498611066 0.755949999116306 0.764076385092442 0.773772325923776 0.781285572207238 0.784612418343535 -9999 -9999 -9999 -9999 -9999 -9999 -9999 -9999 -9999 -9999 -9999 -9999 -9999
0.69525325932499 0.683964198398854 0.673946506720214 0.667739689650159 0.663970826468154 0.660951487347476 0.655648426858041 0.647890747525422 0.64105372806837 0.637496272068094 0.6367197373794 0.633998661584462 0.630521873410203 0.626777284318707 0.625104748316273 0.625696971047192 0.626098583849488 0.624940171196994 0.626042384601049 0.625139131298162 0.630145028052059 0.634254270191005 0.637860666394211 0.64037643728367 0.643714515441722 0.649386347747121 0.65473143514333 0.652133466209905 0.657581854124027 0.645217947095272 0.669031063902453 0.679290885088405 0.682020696139675 0.686542938513193 0.696060864685783 0.708153491654415 0.716842189784462 0.725848419038236 0.739314649585203 0.747805032427479 0.755912501305339 0.765557132921087 0.775416059256532 0.783348707851034 0.789761616489521 0.797494364058628 0.805078582241745 -9999 -9999 -9999 -9999 -9999 -9999 -9999 -9999 -9999 -9999 -9999
0.68755676735805 0.678227142552869 0.665882779749382 0.658216205786553 0.653453616238386 0.648292206276621 0.642468120372844 0.63720529737395 0.633060006133797 0.628734282819735 0.627455472637154 0.62579514852898 0.621725334031454 0.616054811915764 0.615702964078103 0.619003687196063 0.621088290590108 0.619439891525298 0.618743160493204 0.619875995659075 0.62699834814048 0.628740747991434 0.633998643989734 0.639402523128852 0.642880540974137 0.646935496692443 0.650546681241473 0.65047930584626 0.648883272322398 0.642792837290219 0.670927981367547 0.679222804555919 0.68147036156304 0.687663295694401 0.69882992217286 0.710907411247666 0.720453600881429 0.729597033910892 0.74160919403043 0.750884974907357 0.757015897650066 0.767200732376529 0.777924549105933 0.785859497549918 0.792228323096695 0.799903302845759 0.807275987624473 -9999 -9999 -9999 -9999 -9999 -9999 -9999 -9999 -9999 -9999 -9999
0.678130235878447 0.668697900995916 0.659500348790139 0.653471651627037 0.647374452355226 0.641036888874178 0.634060156818098 0.62845481171647 0.625119651734586 0.619679884426534 0.61727733686086 0.615821763133184 0.613036089874833 0.607744658193686 0.609492652877298 0.609855530779091 0.611551041778872 0.614087071730153 0.614046273455509 0.616534786828644 0.622321979605807 0.622416582854348 0.628758133876606 0.638438341044101 0.642644459982292 0.643982031285047 0.643253635717021 0.642218725995463 0.640702668239494 0.63979117886008 0.669479365467435 0.677915489334131 0.680922831172201 0.687418233182204 0.691210399681816 0.706394704997457 0.722699187561278 0.73336192031948 0.74434458651636 0.755928574653059 0.761796210473345 0.770926679506211 0.775076600718719 0.782986617889196 0.792350980142676 0.801358968988584 0.807385610615856 0.812701180366068 0.824309034422704 -9999 -9999 -9999 -9999 -9999 -9999 -9999 -9999 -9999
0.666955352708839 0.65829534693317 0.647263994607542 0.637838942217775 0.63518903287719 0.62634947813029 0.619709394659548 0.61582767806742 0.611593539797421 0.608076924215587 0.606672740935932 0.606537028661807 0.605483728413665 0.600935393204487 0.601692780195182 0.60483257201817 0.606078706411038 0.606104646499034 0.608435857072793 0.614362295348866 0.618321851208354 0.618363430766615 0.625211925795852 0.633065362902778 0.640211071880116 0.642550785233506 0.643867213658298 0.644036793503304 0.639399808206306 0.639610987318264 0.6650349532444 0.675101537686371 0.677568508513333 0.690664369335861 0.700114989939051 0.71222216642153 0.722502433625967 0.733688553010169 0.74580368044296 0.75489235213138 0.761726689071031 0.771748083839461 0.77591415922143 0.784653254859229 0.794852801072259 0.802200786333915 0.806705754279534 0.813262274056842 0.825253781838342 0.831746068190052 0.839585311580766 0.845084916277104 0.85216883187934 -9999 -9999 -9999 -9999 -9999
0.65702942083921 0.649677673915308 0.641310292669091 0.626971403805387 0.62370556258541 0.618220616627072 0.610810849369301 0.604203229934064 0.598049152507544 0.594799306936981 0.594693874049145 0.594866797914274 0.591082996501022 0.595656005058081 0.592759447272868 0.596710084372811 0.597784428756444 0.598310016945738 0.60258350152066 0.610583458253134 0.616963716954749 0.620342363997208 0.621539682110685 0.62953305496284 0.637643934644213 0.633233794867876 0.639040804744769 0.642854115717196 0.641087433927911 0.644626252871382 0.660893527362791 0.671213096383715 0.679727287317683 0.682196495024534 0.70223372856558 0.713410146577638 0.722602067434415 0.734514499608222 0.748188037189904 0.757054918240443 0.762408325468733 0.770233492708206 0.778299330857955 0.78889240760498 0.79781042369671 0.803857836712662 0.811780486059842 0.81925635306759 0.826064165933894 0.832081054418925 0.837550408954208 0.844022346025257 0.852495765259963 0.859926301539214 -9999 -9999 -9999 -9999
0.649604675259937 0.638515828338507 0.630415083717429 0.623761213317751 0.615617880442752 0.609064914645906 0.604650610154847 0.598377952678777 0.591363981056737 0.587116774137447 0.587416849067285 0.589509001990251 0.589569899677717 0.594044947967265 0.58416939982138 0.592243760244344 0.595141322710376 0.596115268694664 0.599762109956466 0.606045313198116 0.613690377672963 0.618738021442271 0.619096150852541 0.625078992874833 0.631330719835335 0.628690344722546 0.633904655689289 0.639106838456674 0.640765266160373 0.647979883667998 0.66138959443461 0.674033579526541 0.680557441672207 0.68772848491978 0.703032356232891 0.712875274139142 0.725563789871642 0.736914059031196 0.748647834224877 0.754712307149153 0.760597537179404 0.770973033955698 0.779937602947269 0.789745619779623 0.798101170879344 0.805935927659892 0.816199398080776 0.821739080921898 0.825870065960713 0.829882244227616 0.835659734289595 0.844094669160831 0.852895638113771 0.861185432211609 -9999 -9999 -9999 -9999
0.638683097320558 0.629503689486815 0.621117169827512 0.614824528562117 0.606759772340264 0.600471164596715 0.59874508830575 0.595614071913393 0.589629562602908 0.58663253976025 0.585243951196062 0.583524997022681 0.583808408187939 0.582870190345317 0.588840568838619 0.590510183083511 0.595707622045199 0.598064782449263 0.601896546979717 0.605709402766807 0.610104929361655 0.615152509035581 0.617621324193694 0.618380906768028 0.625719448188592 0.6254376889962 0.628799410679944 0.638088329630051 0.63620511656893 0.642878577208597 0.658936397412632 0.672778563288766 0.681894773012393 0.691746348268637 0.70261111818683 0.715847923439611 0.727634802852282 0.737848523475346 0.748544859480064 0.737392649076557 0.749663479349819 0.766250786728337 0.772551797531497 0.785754688678475 0.797836930158906 0.804219250326439 0.818050773450936 0.821795066558392 0.822319529066587 0.824412833204839 0.83443606962366 0.846993819419927 0.856435069802647 0.863626458006118 -9999 -9999 -9999 -9999
0.63240312809541 0.62267675915324 0.614567776995607 0.607634610829525 0.600091211383496 0.597857904434096 0.593266585419611 0.593699043678626 0.592099090598135 0.589755540619469 0.586953843113253 0.584616973773698 0.582763799997292 0.580618780733318 0.585157623317097 0.585091348756796 0.592684969349315 0.597853804723915 0.60068133833939 0.600798838827248 0.604925381195008 0.612800114190735 0.619231401530206 0.621533621491088 0.622278601390461 0.620988919362742 0.625507984595759 0.638229894570779 0.635842443949879 0.640616933939224 0.65389552377164 0.669485616748702 0.684492999387218 0.69553930682685 0.703911064822796 0.718851152567283 0.729047289172829 0.739919258390845 0.735649531734205 0.735839283540617 0.750418657536447 0.763164517164969 0.770526175034701 0.784825019784942 0.800559194341382 0.809559567306528 0.814093369429069 0.80288132704529 0.814254266141346 0.82022813745687 0.833854981096906 0.84862830851784 0.859350258457164 0.869041669029213 0.877290766111412 -9999 -9999 -9999
0.623867375414096 0.615441702302532 0.608578100527375 0.603687368759859 0.595617992961558 0.592534941783574 0.591142280850707 0.588972743605485 0.585334531179498 0.582145010864339 0.58045802633831 0.578781753039219 0.57656558864557 0.574950674798784 0.575630961621046 0.578981819699023 0.585285862948231 0.589992055151229 0.592112595067257 0.598176275959397 0.604000154495234 0.610613731448671 0.617876299963887 0.622476901050006 0.62241727908788 0.622744090173084 0.630830852777285 0.644853189587368 0.644398166294429 0.652532921343967 0.65809389070985 0.670455987875525 0.687444675328672 0.695227826237778 0.702156493680277 0.717369009861624 0.729359956820915 0.740722303274234 0.744426996251744 0.749415022588792 0.756112875118065 0.764911994992876 0.778513818804708 0.791223003104135 0.802055880670347 0.809510916824667 0.813200787529667 0.809005921773286 0.813866267679587 0.817908851802943 0.833747645070012 0.848671850454645 0.8610319408135 0.87175308657598 0.878101281199923 0.878013475899235 -9999 -9999
0.611824593934845 0.605656158308093 0.599643806674107 0.595224395774605 0.586770853371188 0.58011580391326 0.581314582097529 0.574570807123065 0.572604757257367 0.572344007598946 0.569792669224199 0.568531767571487 0.5675486078479 0.566577200335719 0.569147854292988 0.574930270204634 0.578230639328407 0.582334166168713 0.586439101749765 0.593558292449137 0.600456794912416 0.607960416355515 0.614949822063596 0.621100306968823 0.625908384377111 0.632487717477554 0.641985464399599 0.646958915241194 0.653695793221754 0.656903884725836 0.658841353447466 0.667647390384846 0.681892041239953 0.686824208756032 0.696620647587387 0.716711746776448 0.7293623264882 0.739393259424614 0.748601457516865 0.755991574140232 0.762634408111651 0.768015710853031 0.783195962571952 0.794397305684835 0.802859847034049 0.811108857499426 0.816464628620936 0.817688128568239 0.814034229397312 0.81286967830658 0.833068185130655 0.842518641388693 0.860735438996212 0.873404162274848 0.881000866618521 0.886319681064176 -9999 -9999
0.600559836843538 0.594386769011345 0.588085216792823 0.582998231708563 0.577391286574208 0.576669199166868 0.570228825075979 0.572091878656947 0.565760884480248 0.560840665029628 0.56024656865629 0.559402696333792 0.558428161080085 0.558126094058949 0.561938872986144 0.570299510551318 0.574369241432864 0.574502053491823 0.576204967725647 0.586043676969259 0.595214067174678 0.605579685585639 0.61206438233242 0.619870307277006 0.627253871558032 0.634687552397528 0.642575785019395 0.648036826872963 0.653405981043908 0.651746921141635 0.651073501631331 0.659413992971992 0.668915060750682 0.67926948066784 0.692912055855678 0.711113592713288 0.727588814926424 0.736076670324933 0.741894137948869 0.751362326991622 0.764955576552935 0.779321820146508 0.788262497321571 0.796870043369573 0.803653438451483 0.810637568680143 0.812007355119418 0.812539772263934 0.813472778853772 0.81770326306549 0.833894243680821 0.846769337120432 0.865198336005588 0.876892091396555 0.882175409491402 -9999 -9999 -9999
0.591606167135875 0.584458655592984 0.576554397328973 0.571151604795761 0.569119102562587 0.566743082789244 0.561574389607466 0.564998841336846 0.555131641673899 0.550313908017472 0.551306359689734 0.551888469287364 0.549984095786312 0.549625205661467 0.552938405700749 0.560191311857922 0.567334390280874 0.568131078322951 0.573433555655622 0.580551720647154 0.592968888180451 0.601969211241226 0.608842127198705 0.617570262068804 0.626774993565552 0.632728161026468 0.640169061945126 0.648146223136763 0.650783073585135 0.648351901669367 0.651980093672399 0.658612651953045 0.666307332073913 0.670005964045212 0.68542095708137 0.710198475244491 0.728473987119638 0.736597617229831 0.737684694280118 0.743926244171473 0.761309185303368 0.779285086910008 0.785514115176416 0.791224837509397 0.796332160655901 0.801221758903957 0.802047443614522 0.807492477132377 0.815620511776589 0.819877648559448 0.833314887374617 0.843763010409931 0.868122729063088 0.882062330034606 0.884579984210339 -9999 -9999 -9999
0.582702084977993 0.575183544422406 0.564291049566357 0.559703839253113 0.560381965363491 0.557673301701035 0.554117962176403 0.55665553939829 0.544036698241036 0.544230774690506 0.541849313535673 0.547146497768549 0.545304070980325 0.543846593518163 0.550896002819438 0.558526955918446 0.56073501348606 0.562522416164704 0.57021309144506 0.579850621200503 0.591272065282992 0.597373613926123 0.606414816886861 0.614304770338858 0.625005613503498 0.634125328014519 0.641095681218054 0.647386656561795 0.651200590845714 0.654474941416637 0.664393212771572 0.672422014658566 0.680079750928716 0.694365136743948 0.69784789370718 0.706768092063732 0.726647254353619 0.73585292176683 0.737461760702388 0.744665722004803 0.763473999133061 0.774863233047183 0.777425886938319 0.772255360671182 0.787193032182493 0.794678505739274 0.801247099684553 0.810192634838048 0.8187271994649 0.825994540491266 0.835648566520781 0.849792002701486 0.871557999469832 0.884705374561491 0.888414629638544 -9999 -9999 -9999
0.575778213066096 0.569414511989867 0.556927005743029 0.553208620786719 0.549849866254624 0.546770901784525 0.548582157420095 0.548695913111005 0.538499627318263 0.539177894667059 0.535574015443075 0.546382737182106 0.533013660526753 0.540079200168117 0.55083657336451 0.554199821173294 0.555983888568894 0.559434086068538 0.567188503112542 0.577670322288889 0.58575621122469 0.596441311084149 0.603319838456084 0.611197108634354 0.619979923751322 0.630317135417135 0.639157787342685 0.646146892244961 0.651168790322984 0.659517054228229 0.671048243416525 0.683050040425419 0.694730056815253 0.701984365272161 0.709805929212979 0.714451191096952 0.727955279311212 0.735084627361501 0.741298165837507 0.751955758428242 0.758729695626653 0.765641944883535 0.774385657517587 0.776311242133696 0.787158864424887 0.799064908771853 0.807215640052566 0.817714042923181 0.825773343562553 0.833162904633514 0.844472157941265 0.860814889482624 0.876279861298519 0.883661127567556 0.888514022250799 -9999 -9999 -9999
