layers/veg_pts/veg4400.asc
NCOLS 255 
NROWS 330 
XLLCORNER -2985163.8955 
YLLCORNER -3022031.214 
CELLSIZE 25000 
NODATA_value -9999 
[rows 78 to 103 of 330, columns 174 to 231 of 255]
0.751749525223597 0.748880500466852 0.746238031202023 0.740927128641916 0.741869836701108 0.743593115141593 0.74052668231992 0.738600809662082 0.738054164588594 0.737176431993042 0.734945051800368 0.7327000709043 0.731837805596349 0.731434629118571 0.728264104527553 0.722956567677354 0.724193031998751 0.723171462021664 0.720252319148218 0.719141579555508 0.718218582606083 0.717123826073 0.716102609657453 0.715178361038079 -9999 -9999 -9999 -9999 -9999 -9999 -9999 -9999 -9999 -9999 -9999 -9999 -9999 -9999 -9999 -9999 -9999 -9999 -9999 -9999 -9999 -9999 -9999 -9999 -9999 -9999 -9999 -9999 -9999 -9999 -9999 -9999 -9999 -9999
0.743695224549006 0.740655812232575 0.740773803961366 0.734752883892845 0.735096730383323 0.73578883166411 0.732753995597149 0.731491573818676 0.730908989126971 0.729342928377945 0.72858066887581 0.727124891264109 0.726632830316058 0.725995029069482 0.723823266876683 0.720566261666958 0.718303708649619 0.715786933535361 0.712500714256693 0.711640254308468 0.711148985000305 0.711126292428512 0.71142703909135 0.709904618914873 0.707346301083674 0.708641845788896 0.707461296138235 0.704965187258506 -9999 -9999 -9999 -9999 -9999 -9999 -9999 -9999 -9999 -9999 -9999 -9999 -9999 -9999 -9999 -9999 -9999 -9999 -9999 -9999 -9999 -9999 -9999 -9999 -9999 -9999 -9999 -9999 -9999 -9999
0.73566268682252 0.732739235695018 0.734229760340012 0.73242473496423 0.730057354274804 0.728863191503478 0.727365750372055 0.726154280714564 0.725810334821902 0.724350598654236 0.723192869462459 0.722749544149154 0.721931042620172 0.720445118147451 0.718362278334966 0.715408354666675 0.711736649083299 0.708845088835665 0.706634898043208 0.70640456832282 0.705829826863573 0.705921796523582 0.70551158080622 0.705272116149942 0.705942960816292 0.707468900429387 0.706985309418646 0.704862278042539 0.706355257746455 0.705568986640247 0.704859927164522 0.704903505427427 0.705492967875967 0.706047504119061 0.706120913594382 0.705933139113246 -9999 -9999 -9999 -9999 -9999 -9999 -9999 -9999 -9999 -9999 -9999 -9999 -9999 -9999 -9999 -9999 -9999 -9999 -9999 -9999 -9999 -9999
0.724751402511399 0.723825000223418 0.722593729595457 0.722822000443357 0.718574206755826 0.71808239237892 0.719323846948851 0.719698916991974 0.719480819860845 0.718963737684508 0.717547630192089 0.717078099576397 0.716475188287123 0.715409523180852 0.712674593795518 0.710137173974193 0.709172499715824 0.708105901242935 0.705485069855402 0.703117807297295 0.702019795462152 0.701809191037986 0.70060329503105 0.700658076411375 0.701259500976624 0.701763654828479 0.702836815535628 0.702320925728114 0.704687134609123 0.704253834045168 0.702817030083666 0.703644358413373 0.704971687914416 0.705693363699951 0.705981003479716 0.706107809458236 0.707274755881139 -9999 -9999 -9999 -9999 -9999 -9999 -9999 -9999 -9999 -9999 -9999 -9999 -9999 -9999 -9999 -9999 -9999 -9999 -9999 -9999 -9999
0.713901897313531 0.71483562478006 0.712618590727753 0.713156742044591 0.707167920511721 0.705323203940194 0.709006071431215 0.711235955807689 0.711571639505083 0.711991969535516 0.711002702705732 0.70987949221145 0.709818006983475 0.709049295014293 0.706997045926642 0.704831146961345 0.702785148662601 0.702085041746915 0.701459027915711 0.6993258488888 0.698554754598916 0.697891193403706 0.697782046512453 0.698699329875326 0.701916173007375 0.702021837654628 0.699072159768035 0.6937752739921 0.687315114131753 0.698401076698139 0.699472604589828 0.700126741787528 0.702587424125228 0.70310572024752 0.703676554039091 0.705585652898879 0.707403724570255 0.707059614772555 -9999 -9999 -9999 -9999 -9999 -9999 -9999 -9999 -9999 -9999 -9999 -9999 -9999 -9999 -9999 -9999 -9999 -9999 -9999 -9999
0.701842083551921 0.700617407349917 0.699231932461465 0.696694701852541 0.695348153632097 0.698211317717378 0.698515873667064 0.700743367004129 0.702203669557735 0.702897347175354 0.703339234022914 0.703042029813107 0.704021010007519 0.702720941173637 0.699361192789625 0.698931548584866 0.696997411939495 0.696125723091764 0.695868292956582 0.694763206140025 0.694837230610682 0.693831202404998 0.695587170722123 0.696940831611385 0.696887609915965 0.698478354928305 0.69637199468205 0.690502723401481 0.682260132518295 0.682451340307803 0.687620605311602 0.695323342563648 0.697122819960641 0.698087876402511 0.701663913594373 0.705088411997614 0.706069892006797 0.70626557722123 -9999 -9999 -9999 -9999 -9999 -9999 -9999 -9999 -9999 -9999 -9999 -9999 -9999 -9999 -9999 -9999 -9999 -9999 -9999 -9999
0.690413244249716 0.690397306114667 0.687274934542163 0.691386012275998 0.689657698588223 0.687759544894285 0.683583853640307 0.686778684205029 0.689132036434451 0.691120779198617 0.694031236799493 0.695330881478292 0.695907797949683 0.695680644780115 0.693651130568106 0.692474291362462 0.691703529997024 0.690454473659856 0.690002160740885 0.69001572134866 0.690570288281939 0.690723437435111 0.692345901691188 0.691541734187211 0.693529917325385 0.696001499154689 0.692989102509884 0.690304346583783 0.681935789251969 0.664334965516654 0.663181666676733 0.69508596878515 0.677595923954791 0.694993175384825 0.699545695225312 0.700559959674297 0.700027726513447 0.702100409949708 0.707235538403853 0.710337384045087 0.714504968559348 -9999 -9999 -9999 -9999 -9999 -9999 -9999 -9999 -9999 -9999 -9999 -9999 -9999 -9999 -9999 -9999 -9999
0.678562397714439 0.678296109613361 0.675750107717755 0.682487415701758 0.676701318991296 0.67716867227542 0.669863502555338 0.675173750953801 0.675361767640185 0.678275219051025 0.683189497629286 0.686131175550673 0.687861668326371 0.688636165652463 0.685221052687994 0.683720574397461 0.686600571163492 0.685507977062388 0.685049225877475 0.684967489852525 0.68608022063485 0.688578614565586 0.68775997841117 0.687960162015442 0.688530932983761 0.689800493679593 0.688379198635818 0.688679603180502 0.681291813899269 0.659732167286761 0.651753130095739 0.689784565944175 0.693231528264306 0.695596270630337 0.696295348872956 0.696054204459785 0.695329846703719 0.699041466124671 0.706663442574941 0.710824816833913 0.714542611259467 -9999 -9999 -9999 -9999 -9999 -9999 -9999 -9999 -9999 -9999 -9999 -9999 -9999 -9999 -9999 -9999 -9999
0.666068185877402 0.667731416917168 0.667221789269021 0.670698143488037 0.665883276856072 0.666585252873384 0.659777488158355 0.669300839619181 0.667178479107243 0.668870070171098 0.673497571859138 0.677446779690452 0.68015008138947 0.680025264456472 0.677919659389755 0.677469451430279 0.681063822574507 0.680607304270848 0.680983118661045 0.680057348157958 0.681790888715854 0.685797204471722 0.685996095656715 0.684568849332485 0.685877738731411 0.684968186697362 0.677857991617845 0.676484159549019 0.677147028171806 0.66175767639231 0.653838362326191 0.679522159128303 0.694138076807989 0.692110035311189 0.691928380441718 0.68747481584168 0.695321146734897 0.702015388196384 0.705643200169328 0.708774904144948 0.712760955192023 0.716062286385053 -9999 -9999 -9999 -9999 -9999 -9999 -9999 -9999 -9999 -9999 -9999 -9999 -9999 -9999 -9999 -9999
0.658577212119637 0.655946100736846 0.658007327411106 0.660689404103433 0.658737080967723 0.656900441688305 0.65527576919737 0.661556860572791 0.664173836475281 0.663114924992137 0.661702668055058 0.667118981711157 0.673007310696622 0.672619439461565 0.670564567542282 0.671770845924662 0.673103773070168 0.674482703703543 0.676785996498793 0.676628366356179 0.678118849207859 0.680826664556554 0.681792404466664 0.681708651928093 0.683163646322755 0.681432683419556 0.667149399740727 0.657347130234598 0.660769239289242 0.659711811160263 0.669166676778455 0.684649973160853 0.689960467456161 0.688533433316704 0.687711030201215 0.67685155459002 0.690655809626353 0.699939066579269 0.698359043470192 0.702232418418223 0.710553018658648 0.716117948040512 -9999 -9999 -9999 -9999 -9999 -9999 -9999 -9999 -9999 -9999 -9999 -9999 -9999 -9999 -9999 -9999
0.653671659936398 0.648623488357002 0.649599568157085 0.65228386587118 0.651340442579456 0.651149704912701 0.656235984450215 0.655062210390638 0.655827696253271 0.655756458596902 0.657086923036007 0.661833612365123 0.665070967523471 0.66533075960802 0.665296916382504 0.665686498517275 0.665192763585186 0.66884291284131 0.670815876133453 0.671535216742275 0.673981186821533 0.676405137828074 0.676831579395174 0.677350526983398 0.679336602339167 0.677436674682216 0.668613326363877 0.66752020391113 0.672225545362442 0.658530839432838 0.668523901027056 0.682562989390939 0.68269976873981 0.678816025538383 0.678777857978664 0.673543648102019 0.681267252174567 0.694594455239854 0.693411806768086 0.702401940704831 0.710687224855246 0.715678444938458 0.721675579332023 0.72701879219164 -9999 -9999 -9999 -9999 -9999 -9999 -9999 -9999 -9999 -9999 -9999 -9999 -9999 -9999
0.646986572120154 0.641838816077055 0.641487176241986 0.643087029098094 0.642549679062341 0.642607556849675 0.64458273156519 0.648730817354138 0.648071246290935 0.648500518294345 0.653425568795801 0.655236217018075 0.656951315500565 0.658577708251417 0.660140224306621 0.660897098909642 0.66169180750062 0.665550271908758 0.670584701626536 0.669071156601517 0.669796213550076 0.673780521384191 0.673943231404712 0.673560036468747 0.6750875185955 0.67515814328184 0.674125273923072 0.679305640203072 0.675934343954608 0.653853411885488 0.669127703312592 0.679196840068808 0.676272797266043 0.670495209501624 0.668936552744539 0.669044682966107 0.681031190063893 0.692441790175892 0.699612735247215 0.706897678728439 0.711912850299549 0.716789090798311 0.723072888360341 0.727533314656821 0.728972765965347 -9999 -9999 -9999 -9999 -9999 -9999 -9999 -9999 -9999 -9999 -9999 -9999 -9999
0.638533317584172 0.634748492518793 0.632215453164472 0.632132635031094 0.634965451592178 0.639859515556992 0.64170750185024 0.640240650462631 0.639466975403014 0.642018827869659 0.647362431858117 0.648321787249527 0.648958551526947 0.649222406077423 0.651251695695173 0.655242152014347 0.658288705893183 0.658666117957605 0.660992083589581 0.660084765627658 0.665474144175574 0.669093407138093 0.671292396903997 0.67149847306046 0.671985549498609 0.674584679203675 0.676716160088407 0.669981409953937 0.67096145988121 0.650515041185846 0.672379701136909 0.677988211581533 0.674477502690522 0.672926376825082 0.678205422320925 0.687037856440461 0.690296218652865 0.694026569694479 0.703275960894863 0.706987353158119 0.712225659252444 0.71858061299932 0.724983356811582 0.729682542789971 0.732926718396107 0.737598963610042 0.743959943647444 -9999 -9999 -9999 -9999 -9999 -9999 -9999 -9999 -9999 -9999 -9999
0.629196734584952 0.627825836123763 0.622645018032308 0.620648958941729 0.622638914129414 0.62509028635355 0.626395221726381 0.627943508738512 0.630401186790234 0.632126242484421 0.636957190802346 0.638998493928477 0.639155806411285 0.637174025507921 0.640760214414979 0.647950273360853 0.652954249959256 0.652736435097682 0.652896852360907 0.654388654146603 0.662298415027559 0.663088023913344 0.667177222648824 0.670754328698319 0.671348120010528 0.671998952591482 0.672239770013097 0.668233752921261 0.660824052051111 0.647736496125522 0.6746318991049 0.677847613418191 0.673694037976839 0.674055475524344 0.681533938237611 0.690028552693961 0.69435117308318 0.698327927905764 0.70593526333884 0.71060547936777 0.713838188619234 0.72056475157834 0.727965500047127 0.732388293447934 0.735234113072192 0.739911488133342 0.744718727153117 -9999 -9999 -9999 -9999 -9999 -9999 -9999 -9999 -9999 -9999 -9999
0.617958352400274 0.616548045522002 0.615164189189546 0.614892780558972 0.615639728262176 0.616777439720608 0.616780945932668 0.617988221421693 0.621450137100343 0.621912982060529 0.62541652960959 0.627621601615303 0.629520874143161 0.628014049549338 0.634077370498137 0.637804146650207 0.642323135786275 0.647026151400491 0.647914376675485 0.650971331463863 0.657309132633058 0.656165189467184 0.661469863271158 0.67005255755675 0.671443447447498 0.668845249283315 0.664116649045504 0.658725012610163 0.651373582336188 0.644357416147039 0.673081563094338 0.676452593242381 0.673172589812582 0.673884910900831 0.672967733245919 0.684804935701804 0.697082808168535 0.702843939044372 0.709218191802065 0.716815992739142 0.719682159683621 0.724824590382539 0.72441348478998 0.72876689498662 0.735063168480025 0.741139242434008 0.743868070624405 0.74632727590253 0.757223752393751 -9999 -9999 -9999 -9999 -9999 -9999 -9999 -9999 -9999
0.604792354271861 0.604379309296992 0.600898205727962 0.596399040800567 0.601533640115852 0.599774436584058 0.600221673682294 0.60351634612514 0.605956390851011 0.608735802081024 0.613263379423663 0.61713511501037 0.621264224932839 0.620661280903701 0.625554277632593 0.63256557252891 0.636527101801809 0.638249982198906 0.641888142522309 0.648973077746195 0.653117196737044 0.651895209159998 0.657796408981601 0.66417688811366 0.668972599510799 0.667513523877732 0.665346494658911 0.661134581140366 0.650063608345517 0.644332539032843 0.668001080462828 0.673292541946331 0.669372984283037 0.677877055458236 0.683949481553757 0.691860751907101 0.697053464654104 0.703469608214126 0.71120587990465 0.71614763587252 0.719873492772909 0.725986452843854 0.725505258440135 0.730738545404417 0.737917452199005 0.74194586467386 0.742793778098626 0.746812598394003 0.75771730798181 0.76133382752801 0.766633212220435 0.76926799422819 0.773844252719763 -9999 -9999 -9999 -9999 -9999
0.593238792139794 0.594426667467342 0.594159987101156 0.583617458799875 0.588336366761501 0.590583133494442 0.590158952336938 0.590280686436075 0.590487148447123 0.593622791555935 0.599519081346483 0.6039603630813 0.604940821879042 0.615150897448632 0.61573063578933 0.623705140631241 0.627437520345734 0.6297334180826 0.635608903980249 0.645114190175583 0.652076729812834 0.654729417840919 0.653945260878017 0.660496339144491 0.666362244941466 0.656887655532366 0.660166565189187 0.660015929231223 0.652299095443069 0.65045861117635 0.663300179976925 0.668875542919175 0.672103132210141 0.668077125053011 0.686954217202203 0.693475708340668 0.697408074957384 0.70471282320968 0.714306457756504 0.7192745676214 0.720963001744703 0.724441854760897 0.728480497699584 0.73582152728497 0.741411754239861 0.743835464750614 0.748643285708233 0.753905372508721 0.758425531833119 0.761378389286764 0.763795302733174 0.767507404357216 0.77366959576996 0.779177506477499 -9999 -9999 -9999 -9999
0.58495089549054 0.581736013309448 0.581678924512091 0.580061128669253 0.579302303333111 0.580301507571205 0.583421930714965 0.583959787539311 0.58316487730927 0.585150742210059 0.591347911681483 0.598265237544904 0.603812768041789 0.613975583971307 0.606340614596761 0.619190899324063 0.625050535642808 0.62785998145855 0.632935774736557 0.640390912293872 0.64880511559227 0.653359612401937 0.651536172830203 0.655673442968205 0.659341582896289 0.651905154184128 0.654626176173334 0.655876395413683 0.652169163041966 0.654631924135198 0.664084877602071 0.67239242441945 0.673275612484143 0.675059177602239 0.688418485163827 0.693077985450964 0.70116142855069 0.707829411231634 0.715146271624144 0.717095889731717 0.71911797098411 0.725565137258214 0.730613571271148 0.736942741066862 0.741775984071309 0.746241166546986 0.75373753525207 0.756883711803806 0.757967142408803 0.758486612362854 0.761207183537436 0.767176692025094 0.77371896956818 0.780195082245041 -9999 -9999 -9999 -9999
0.572516365355902 0.571572678173878 0.570926926474754 0.569843562148198 0.569397839813513 0.570731825846512 0.577039731910956 0.581306966643292 0.58173487388432 0.585210195496624 0.589211420258011 0.591824142177598 0.597636987620399 0.601395021260906 0.612523200703805 0.61783882355476 0.626391304059275 0.630826920282005 0.636072134880699 0.640610989268556 0.645169559725121 0.649667564389311 0.650281844807039 0.64817948093252 0.653092775248787 0.648447243695884 0.649120449800535 0.654957315593564 0.647036104987369 0.648825567693724 0.661390834656968 0.671101977242801 0.675051474635633 0.680315115150935 0.688152451267146 0.696829501702777 0.703868371271329 0.709217154714401 0.715318422662587 0.697235007751072 0.706492616317785 0.720233917190528 0.722092778791617 0.73236330864671 0.741524610531385 0.744184757882525 0.755821539316179 0.757028198474002 0.753565268619782 0.751751562737903 0.759422888483453 0.770197811325658 0.777392108863565 0.782795182963537 -9999 -9999 -9999 -9999
0.565677496078439 0.56407215991028 0.563472852510928 0.561894399192354 0.562087938979082 0.568223603956339 0.571155587548129 0.579648349448426 0.585265196207342 0.589538483491731 0.591681052906701 0.593779017201961 0.597086272480983 0.599408282516158 0.608840271561106 0.61213700628685 0.623496283267856 0.631199691853051 0.635153897586698 0.635272387624396 0.639436776035436 0.647193506744636 0.652447527958998 0.652113258867177 0.649217106814006 0.643547367487783 0.645622166967041 0.655328928577099 0.646816762476504 0.646364073748236 0.655634196330376 0.667399759656117 0.678311078690707 0.685299886939508 0.689906506583131 0.700621214856177 0.705800109869146 0.711935719422707 0.700374392822098 0.695971330127802 0.707647574789379 0.716818526849661 0.719887836257409 0.731390633688958 0.744801546860596 0.750480861673523 0.751132855541923 0.734791621272595 0.743840185012603 0.746542008954621 0.758408594775527 0.771739233202835 0.780391593922451 0.787932787966084 0.794768473708619 -9999 -9999 -9999
0.556324401037162 0.556210371144657 0.556776038672413 0.557855717885442 0.557410264410775 0.562559172782216 0.56926712598837 0.574697905083183 0.577915512163331 0.581210788397732 0.584470149279179 0.587570104331466 0.590473737944252 0.593425481298932 0.598318516004648 0.605634749344476 0.615522446113583 0.622698683154901 0.62574203493913 0.63286168166988 0.638962502887354 0.645116092169376 0.651254445405252 0.653515353344981 0.649574404491858 0.645913471038309 0.651918306982014 0.663122187893639 0.656829292575739 0.660304834798012 0.660485888676813 0.668469097367047 0.681766621725687 0.685259999436338 0.687922841444768 0.699033019285718 0.706412174074089 0.713150815051523 0.710990857133687 0.71254591250212 0.714607938777496 0.719086857486519 0.729484696084966 0.739055172814253 0.746624877003685 0.750415298519743 0.750239112365652 0.741993545339191 0.743178715234396 0.743536300520828 0.757956085504106 0.771405240138211 0.781940789644162 0.790639907395291 0.795795738415596 0.795684452040104 -9999 -9999
0.542959503267254 0.545445231842793 0.546693644532096 0.548564585425628 0.547630932117989 0.548529504793815 0.558313368971407 0.55834638196852 0.5635340866723 0.570299717232343 0.572331880324487 0.57614853244415 0.580532755535174 0.584250053899193 0.591393205866768 0.601567776411081 0.607905991591817 0.614389228805598 0.619750748575784 0.628098397127806 0.63540951741746 0.642523647824847 0.648270408083982 0.652273524771186 0.654017513732681 0.657874009897463 0.665303077350033 0.665789599116119 0.667973656811058 0.665582214222695 0.661431254068542 0.665163039007068 0.675180034749622 0.675567968889604 0.681275918325551 0.698111855672303 0.706267397234546 0.711483609440537 0.71611433691464 0.720588207295226 0.722344626848814 0.722815170814693 0.735094244284176 0.742880155592081 0.747612490858058 0.75227726932145 0.754249091710676 0.752117150193472 0.743184385731678 0.737320857521993 0.756829133721413 0.76376073944861 0.781158133930595 0.79210206371115 0.797926377115812 0.801720237320074 -9999 -9999
0.530633909409562 0.533023927588512 0.533590633245962 0.534892285323997 0.537267271301429 0.545122405099559 0.545862673439321 0.556070480379739 0.556099999428862 0.557373076475155 0.561502061058907 0.566040733376521 0.570459843756103 0.574974559092329 0.583604712660825 0.596812460646517 0.604056084910519 0.605795882631726 0.608327469168504 0.619905557477062 0.629834538285921 0.640230306770129 0.645307055040583 0.651173297886423 0.655894691399331 0.660895769169417 0.666184737902991 0.667206434612016 0.667741101090572 0.659606049827647 0.652384619942137 0.655561944784998 0.6599895478647 0.667089453794215 0.677052828592664 0.691677499047445 0.704339564175087 0.707695672655263 0.708573779606356 0.715161827586266 0.725042303512692 0.736044759428271 0.740897707207584 0.745577392807059 0.748332566520087 0.751503337871822 0.749011656539451 0.745816966577914 0.742273657450198 0.742751047366056 0.757478337636357 0.768390680987751 0.785988107740201 0.795729091285435 0.798968521565064 -9999 -9999 -9999
0.521150584421102 0.522278679441892 0.520599226170097 0.521729578340101 0.528255527454737 0.534094190597932 0.536290659423192 0.548300081567905 0.544175796636175 0.545577263176975 0.551360160229015 0.557815859134233 0.561163563827259 0.565622365353844 0.573688012232602 0.585581255222655 0.596446507464833 0.598909625820521 0.605670084020317 0.614010782514572 0.627773385095289 0.636452151679412 0.641905876491294 0.648763812386863 0.655567904624998 0.658952773625025 0.663467331005443 0.667425060905169 0.664702687846039 0.655648030412592 0.653506944611896 0.654691386689138 0.657000518789514 0.656555613184209 0.668325687095257 0.690729953808714 0.705538458364379 0.708477403291433 0.704075316307892 0.706561389377449 0.720901086019394 0.736131078685922 0.737730986981926 0.738921053696879 0.739616923352314 0.740231002003751 0.7372769643969 0.739570188903326 0.744452334288709 0.744906363577628 0.756353630351404 0.764379888458363 0.78894507096795 0.801307132697922 0.801464846421457 -9999 -9999 -9999
0.511784384389521 0.512360292258219 0.506797789546828 0.509079231856456 0.518718363096655 0.524084267709616 0.528128787625344 0.53904017120561 0.531642295745362 0.538940719820531 0.540569588944673 0.552825844618001 0.556271850025531 0.559446718091681 0.57194871334775 0.584277709336138 0.589318227719623 0.592887003872983 0.602448647056411 0.613704243768929 0.626211055494962 0.631459105302943 0.639391586682829 0.64516167036988 0.653662470194705 0.660910565370775 0.664629720972584 0.666562951018721 0.665198988770942 0.662871686836567 0.668152880250288 0.670998717467529 0.673378338672594 0.685651225417071 0.683049674062994 0.686756936557709 0.703480517933276 0.707711024982029 0.704233128180677 0.707560884944015 0.723572130408342 0.731010306395656 0.728242385029403 0.716528589375732 0.728782682703144 0.732409937495607 0.736450620327449 0.742578436961372 0.747884858716368 0.751839787889798 0.758747578484591 0.771073977158824 0.792519747956127 0.80397664794678 0.805641636561516 -9999 -9999 -9999
0.504717877417672 0.506550884222538 0.498769122685232 0.502272916666897 0.507071386509518 0.511925787088282 0.5222469009153 0.530239571357247 0.52566513248581 0.533292043285475 0.533554153441766 0.552494407038577 0.542354366478894 0.555601197621661 0.572505341350597 0.579794895287388 0.584336601230296 0.589797641714992 0.599415694968102 0.611600874464366 0.620064310931056 0.630634859852284 0.635988321174171 0.641661355238031 0.647820227526672 0.656640030178755 0.662331663050112 0.665060014305485 0.665096542996974 0.668756294633267 0.675943559473948 0.683496748618178 0.69093956401278 0.694759814779516 0.697167888962088 0.695848934656412 0.705066661405588 0.706858812525403 0.709125887246911 0.716232601256784 0.718026535698629 0.720163679806094 0.724664175596162 0.721297573022685 0.728667865817141 0.737455752710811 0.743591293141247 0.751250424936099 0.755942927701642 0.759993824208583 0.768803133104534 0.783678157671078 0.797635946977528 0.802464739213003 0.805439676565414 -9999 -9999 -9999
