layers/veg_pts/veg4100.asc
NCOLS 255 
NROWS 330 
XLLCORNER -2985163.8955 
YLLCORNER -3022031.214 
CELLSIZE 25000 
NODATA_value -9999 
[rows 104 to 129 of 330, columns 174 to 231 of 255]
0.565065185752032 0.554545644570342 0.548998901784028 0.546245983136718 0.54178567713628 0.540690196060539 0.541686900519425 0.539309447147202 0.534489702358143 0.531670781110738 0.532128645386328 0.534865046682734 0.527144423158646 0.541692303437579 0.551263858042482 0.548096676184914 0.550279353693398 0.55480036247667 0.562874791306596 0.570758394009589 0.577352898219954 0.593254741938416 0.604775362893095 0.608971548021121 0.620240079084199 0.625419034905905 0.635586405926468 0.643014479163273 0.648484140218114 0.658811395260977 0.673883891924267 0.687574561936431 0.698819794826229 0.707395093834842 0.716764750816699 0.724720818892424 0.730917722594092 0.743548570589817 0.74899728841135 0.758442271447493 0.765131892235561 0.769669865672638 0.776451886439274 0.783533892584626 0.791465401787414 0.802238641608391 0.810369167964572 0.82060722880016 0.830541149990873 0.837723085539153 0.849036647404091 0.865352377671354 0.879272300164035 0.886700321889056 0.894712173731298 -9999 -9999 -9999
0.557733645039803 0.54748469350078 0.540022623070515 0.537729177059446 0.53741100650029 0.537160231109183 0.531933193722827 0.526879188476167 0.525247308811971 0.524041469517293 0.52688469924936 0.52631324228311 0.531298699159264 0.542462825727895 0.54672304709333 0.540842003050561 0.544460740373922 0.547997458172953 0.556559086268952 0.565822173220211 0.573576163324778 0.589045259562163 0.605990675538007 0.611597730249987 0.619086314002943 0.621840740436961 0.632188309580207 0.640398200504543 0.653343907720673 0.666311743467838 0.678083901782619 0.690343859773 0.701886488077972 0.711842935710046 0.722087142097458 0.73099724499716 0.736999557095441 0.747331889700463 0.75676574769046 0.761623358404618 0.767765099142321 0.773819785650949 0.780952585506985 0.786992494757319 0.794808754927766 0.806166886607836 0.813557967583069 0.821570838910715 0.834922391403542 0.838415148573748 0.851409902286686 0.864676237866535 0.880301834716433 0.891116776454353 0.896676452099474 -9999 -9999 -9999
0.548628868063508 0.542709058634091 0.533110308993698 0.529381302780869 0.531060705021427 0.530610405056376 0.522224581784842 0.516325755540971 0.517802495276655 0.518398491641216 0.518114267893539 0.525103427301863 0.533155799073785 0.537179939754549 0.53456659206397 0.534846686318799 0.537822786951558 0.54231845376289 0.550551270285133 0.564001674487042 0.577376925675656 0.590458794871492 0.603748421375259 0.610675471632998 0.614941488872627 0.620331582196735 0.631150633696566 0.644605742075809 0.658172361202195 0.66779609574452 0.681822137583299 0.693911573458703 0.704873135660213 0.715762313790054 0.727103344196086 0.737476348821009 0.745777088732764 0.754686937425375 0.762003725023918 0.765494545279938 0.774209564194388 0.780839041303553 0.788633124931385 0.793386884480913 0.798037038723963 0.80337241356551 0.80632585070122 0.814989515447305 0.833238819502766 0.841255949627246 0.857267278951299 0.874956477408349 0.88755871397354 0.893500601584971 -9999 -9999 -9999 -9999
0.539285375245916 0.535008501254442 0.526739356611966 0.521711724428795 0.52134421732119 0.520794371780729 0.516707005839076 0.510927167818502 0.507040861290417 0.506744003461124 0.511622142194356 0.521524834210138 0.52815923906095 0.525936970149507 0.522970544916115 0.530467770288224 0.530418215198123 0.539713464890675 0.555508195517702 0.566395319533596 0.578216798237429 0.589716629969401 0.600191613312787 0.608278498209797 0.613431108363305 0.620822783806603 0.634997655429396 0.649549946878099 0.662449854259366 0.673111066166425 0.685741053172939 0.697989550942985 0.707472077545138 0.717913766593591 0.730106524093402 0.741532876266801 0.751141952326995 0.76015104247035 0.766395087983507 0.769745572133035 0.774669680729454 0.786464641666039 0.793370050799454 0.79409392295522 0.790835386315922 0.799529132456248 0.810536614785367 0.82001156138192 0.835004741818147 0.847705921405993 0.854800757667107 0.869379510038382 0.890283364095151 0.897730770609955 -9999 -9999 -9999 -9999
0.530722931538653 0.524695238176381 0.519007694787369 0.514718068218947 0.51423166111721 0.513925265107009 0.516257729090038 0.512510672724413 0.508373423219606 0.510197190125471 0.515459740227064 0.518980756953214 0.518226360214067 0.514879025637045 0.517496559400819 0.526698399030531 0.535851723273502 0.537968512697362 0.551716197606001 0.56579512844716 0.575652848880971 0.586580563554328 0.597364020352815 0.607237087927693 0.615802148011915 0.625405342389814 0.640087218411842 0.653693721172239 0.663865698237275 0.676612703134123 0.690314249679234 0.702364406268758 0.709093531202892 0.719234782461315 0.73187465380213 0.743337924454943 0.754084196075447 0.764154433322595 0.770635253067358 0.774101919479778 0.775313075736121 0.788317382166861 0.793579764579 0.793031916148771 0.807565609814696 0.807561623986965 0.812456457897262 0.82512895248382 0.840014912522658 0.852456761889823 0.862898364196167 0.880657480638501 0.898422527281201 0.904310015190501 -9999 -9999 -9999 -9999
0.522054822959125 0.51624502428877 0.511515579681804 0.504780881324248 0.497619533434117 0.50170519551741 0.505130376277043 0.505190124887507 0.502854327177512 0.50715895534637 0.513105569301442 0.515210974402284 0.512201780335781 0.510817087334147 0.517182454568915 0.529261112523368 0.53582513310065 0.541372934532342 0.552699399986037 0.563539361133766 0.573930022670899 0.586778779107779 0.59856919145987 0.607374780069513 0.61775397121597 0.630702069470853 0.644780528602954 0.657625866931544 0.669145451863276 0.681587524051563 0.693723132733711 0.705201615725969 0.710876020492938 0.72224934407743 0.733479435687812 0.743335225357823 0.75163050234946 0.760015451883358 0.770717033464104 0.780372333153223 0.785546411949563 0.792998212028744 0.798149136306936 0.807297603243165 0.817001052396087 0.807527446210261 0.812793548805075 0.826212381755561 0.843418238146463 0.861604647367809 0.877629277355141 0.891187028835821 0.903159365665235 0.908140671048504 -9999 -9999 -9999 -9999
0.513493552883363 0.511151881541244 0.505126818405234 0.492463085357006 0.485139177944356 0.487304920302185 0.481035070294062 0.489868098797994 0.495457314335675 0.500859132799705 0.506944737749061 0.511860089683126 0.513223278534275 0.516367587190048 0.522282547320437 0.527483497562742 0.535860080995314 0.542415948545133 0.553795927121542 0.563817096540546 0.575495585985758 0.588251318897516 0.599764445943171 0.609829959831075 0.622346379088381 0.635609815582169 0.64383220594569 0.655917250855779 0.672166831175634 0.684268980711918 0.695592772397992 0.706400306369949 0.713069292647378 0.723611869790761 0.734184206377746 0.745453223481333 0.754351850904392 0.761502567985475 0.774131608709689 0.788237403056186 0.79662951982711 0.803029110696396 0.813084936582907 0.819983039245364 0.826851231335182 0.809586055430333 0.819809586587827 0.833593886376796 0.848417072447507 0.863180754306991 0.881568867270374 0.897784705753473 0.905258475746227 0.905453517575641 -9999 -9999 -9999 -9999
0.50480039466162 0.499364597804988 0.496782103464367 0.489080008956176 0.479413972306743 0.473881512027402 0.471109930843015 0.480993145942891 0.490798438846622 0.496694126479612 0.504091266173295 0.508144413861252 0.510479532882696 0.515043188207753 0.518568559718374 0.523936516874947 0.532944127973972 0.540904591262789 0.553544656699863 0.565618549234836 0.57763252153882 0.587271474666842 0.591198780059413 0.612321340728283 0.621297542446514 0.626462930888439 0.636984547295187 0.653400447656772 0.668803599365767 0.682500432351919 0.697567048650062 0.707982500205771 0.714995592377261 0.724586661116898 0.734808250006818 0.746503066515584 0.754346217803531 0.763544132946731 0.780713158840632 0.795673396722086 0.806066759416975 0.813274447646414 0.819387109621294 0.826170621015555 0.833388688374117 0.825808783144949 0.833328453220023 0.856810655402038 0.87150016906244 0.879455378807906 0.892337845264936 0.903080382761588 -9999 -9999 -9999 -9999 -9999 -9999
0.494299408108148 0.490416719472496 0.484974373264422 0.475994144246872 0.471572383095951 0.467673794935811 0.467593916426798 0.47587675099111 0.488075800358215 0.49346004419249 0.499061146928898 0.502310320585595 0.507024500897588 0.506034513523301 0.511651865801793 0.521480242715767 0.53055017597037 0.539612906888608 0.552272555386993 0.566052101143432 0.579298111834426 0.592760482519685 0.60418743857634 0.61630960820397 0.611133356899548 0.614320258925888 0.635509126323405 0.654843977757803 0.662956054788309 0.678955532967261 0.698750300517479 0.709066601661634 0.71763095534284 0.729075342726593 0.741706917699712 0.751194395910724 0.755024844228501 0.762304888084291 0.78337217328797 0.801954265267126 0.814191162304135 0.817227154088642 0.825334898749822 0.836143990023137 0.842422759307774 0.846228470999296 0.849279449008878 0.861568156919186 0.880441044467936 0.888839085342714 0.899539515379591 0.901750651253755 -9999 -9999 -9999 -9999 -9999 -9999
0.485965755836482 0.481341705238884 0.475565929304003 0.467533420389385 0.463582216339755 0.464328873878087 0.463143813788026 0.470597818713798 0.483304900969219 0.487682009984849 0.489289777467853 0.488053634628837 0.497448066979819 0.500269390339204 0.509633115666191 0.520980642310674 0.529326798305094 0.539033853983462 0.551947552323518 0.56646633010876 0.581120485951749 0.594105645223632 0.604113973393111 0.599302223430002 0.592344565288897 0.609698896115348 0.641282638738845 0.659721148522895 0.659720991699195 0.678511298360768 0.70060509073761 0.713171102067829 0.721603417883637 0.731829792803905 0.745907968624745 0.754579567579446 0.759316196674842 0.770219985272602 0.786566460979347 0.801975699170614 0.815175864917512 0.823688131437808 0.835208194344514 0.847665592614872 0.851408517772617 0.853413906213904 0.8633407033662 0.876101791512815 0.886504738130865 0.897053565140051 0.902077584866961 -9999 -9999 -9999 -9999 -9999 -9999 -9999
0.473817231360812 0.465839557401634 0.461408298456397 0.457258902796783 0.455862281786044 0.459412609190181 0.46032957491084 0.465923893806574 0.472824247130086 0.480879103612168 0.483612010841784 0.489960231112168 0.497444525333773 0.498354051768782 0.510390221150106 0.522664234003436 0.530034258053357 0.540403511141588 0.554341313129138 0.567641514158339 0.581342603321036 0.595454660372505 0.605414002258849 0.604093976319618 0.598705469038808 0.618257762457214 0.649384821679535 0.661640101266092 0.659873094909733 0.680312945300265 0.70529714477758 0.719814685891312 0.727873826717452 0.736742373827915 0.747428351743793 0.753734970462365 0.758827543063641 0.777408812037195 0.792410026784582 0.807922971302573 0.818399951555182 0.830276322837185 0.840964562982305 0.854722657354341 0.859674370485467 0.863509601079765 0.872415762810798 0.883271601722064 0.892709063892353 0.900860526338694 -9999 -9999 -9999 -9999 -9999 -9999 -9999 -9999
0.46923499489574 0.458604370410319 0.448731000551877 0.44553145044961 0.446899492937356 0.452570736059941 0.458671309641512 0.463042995311591 0.469202284731782 0.473170782803033 0.481032399673673 0.490909472828817 0.498082586672366 0.499779375469049 0.512772119109115 0.524950010235639 0.533250886297531 0.544040839164877 0.55760888238319 0.569163640003729 0.582047424266408 0.596370316783754 0.608681063860319 0.615675379181755 0.616003836186089 0.631135548893976 0.653706529564778 0.659164066816696 0.67752437686406 0.697607369086042 0.714566919011361 0.726262122023835 0.735385459940845 0.744685890067064 0.75230214366894 0.758773375330296 0.765215230834438 0.778485475545938 0.799625371176025 0.813353001608219 0.821330719677641 0.833839349043401 0.843079142000287 0.85970977008279 0.866878389281672 0.871411791262906 0.879911961228864 0.888193431750523 0.892183492015666 -9999 -9999 -9999 -9999 -9999 -9999 -9999 -9999 -9999
0.465370142871695 0.455740795974856 0.442177071354387 0.436335957438918 0.438470532892467 0.443278850173149 0.448105235284248 0.451276517445529 0.459182106950122 0.472166429606992 0.480924941305295 0.49003799079064 0.497743126985203 0.50388051587389 0.514317109562166 0.525862672864319 0.534962621046669 0.546017782397957 0.550183884849772 0.563217487776492 0.579552300013372 0.592215783663186 0.603466842081654 0.614616282047619 0.623293718049877 0.638207599832875 0.655548606428629 0.661853501476454 0.669898067220733 0.708214126752805 0.721554846290804 0.731423825700537 0.74290195621042 0.754215935224815 0.763098938226243 0.77441983901931 0.782799462862325 0.790839039880618 0.804923816710337 0.817389483270145 0.826367236001407 0.838214415126213 0.849004243685202 0.861725726236692 0.866889048345579 0.878500032235506 0.884873279749829 -9999 -9999 -9999 -9999 -9999 -9999 -9999 -9999 -9999 -9999 -9999
0.458628217145311 0.452382849235274 0.44251749585851 0.432148382371248 0.433408537124062 0.437419102820388 0.443937843123599 0.449903256774603 0.456551803724428 0.468001369644986 0.479397862348761 0.488519193823816 0.497083968663727 0.505872093327869 0.513220134006664 0.526435793745214 0.53605482467905 0.547418708700815 0.537363817113757 0.551589599501483 0.565026862850632 0.584811515081772 0.596772656662278 0.607721369552357 0.621046322533368 0.637166968365718 0.654014996695541 0.666712612528681 0.68690370488195 0.712649720630668 0.726695258198029 0.736145292666585 0.749228852085369 0.761970609350553 0.771803368492829 0.779736883742648 0.792414207745235 0.802285648353689 0.807270171925327 0.81772927374461 0.833247833470893 0.845832741047876 0.859112616123875 0.869612865978493 0.872519999898454 0.882799744245036 0.883331214957858 -9999 -9999 -9999 -9999 -9999 -9999 -9999 -9999 -9999 -9999 -9999
0.452457340128034 0.452808031333951 0.445639988875941 0.429052571764198 0.429419090936891 0.433779999803878 0.438735801038555 0.444553585938587 0.449329370731418 0.462465495252567 0.477361355427263 0.486309454652629 0.495024106589909 0.503470592276205 0.511718930836083 0.527305037853094 0.536128236497145 0.544345447615928 0.537231744051374 0.549860041465249 0.563547554059993 0.585873552186309 0.600493805357702 0.613566450683867 0.621174238403135 0.630348773972012 0.652255860383605 0.676066829518516 0.696591832338073 0.716056263613454 0.731332645951191 0.741562965502883 0.752316264061067 0.766246285154829 0.780402850981333 0.788828582472277 0.801069584719304 0.810009043989896 0.812203577064337 0.820780953802268 0.839603687569709 0.855859927857636 0.865058966317235 0.871245913599075 0.87561293013369 0.883173150821122 -9999 -9999 -9999 -9999 -9999 -9999 -9999 -9999 -9999 -9999 -9999 -9999
0.447997009047018 0.447144364696082 0.432505702402336 0.422779691852882 0.426555842102137 0.432165281204608 0.436394572283898 0.445520607202373 0.446839486557798 0.456760871550106 0.470372215486936 0.479840236091384 0.489853421112054 0.50132003010663 0.508238557179854 0.513893876883275 0.537210680159128 0.544706529139406 0.533196067454107 0.550004977154521 0.570132569476108 0.5908374541144 0.605903384209081 0.616112271216824 0.619513920236966 0.636905217651031 0.661432265867016 0.683416666570831 0.7024019473142 0.721206291363512 0.736390165722649 0.746975923600699 0.757826275353343 0.768329080542097 0.778633006621656 0.792446453557073 0.802391837148244 0.814876965139352 0.825622440821802 0.836123100219629 0.848264408468786 0.861067885933484 0.866270973700469 -9999 -9999 -9999 -9999 -9999 -9999 -9999 -9999 -9999 -9999 -9999 -9999 -9999 -9999 -9999
0.444146106696516 0.440934278251937 0.429181458206551 0.41398687661418 0.422308845230627 0.427697416712518 0.433361746542607 0.443849355341112 0.448080990672976 0.450038901372637 0.455702839225764 0.463575415213015 0.473706194592943 0.493853703465767 0.507809178117576 0.515189456404991 0.538130490710833 0.54504449014013 0.543035012296551 0.550969324448079 0.558789458376996 0.590975564675488 0.60501054526681 0.607967083044276 0.624364507317472 0.648310462797502 0.671349285614676 0.691369552685136 0.710746514293204 0.728654212398203 0.74224346613529 0.753836216158562 0.766345062572169 0.775792703830681 0.785625675879202 0.796139029629593 0.804505146008436 0.820256874313827 0.832255088543968 0.844122027860421 0.856797166385359 0.865249832322257 -9999 -9999 -9999 -9999 -9999 -9999 -9999 -9999 -9999 -9999 -9999 -9999 -9999 -9999 -9999 -9999
0.42736925861582 0.435045524503566 0.426474633037408 0.407034827283393 0.416378995496128 0.422136068541011 0.42907512131048 0.434867803773677 0.444955248464073 0.44907195566372 0.454299011930517 0.461471450760204 0.4705998354494 0.493703717589414 0.512809062982683 0.524503241894601 0.53835294952648 0.548998518332371 0.563986152666347 0.559763525921176 0.561246378690085 0.579735201098693 0.61034083869251 0.613578876683338 0.636440047507458 0.65599321546865 0.678926241907241 0.700596309114744 0.721634108448804 0.738852547323413 0.748183495095142 0.75998587577648 0.774268886846095 0.784470215487477 0.793692230452211 0.801187201749351 0.812969516000304 0.825281498186896 0.840225482886829 0.849825845542163 0.862882587240839 0.863719045627818 -9999 -9999 -9999 -9999 -9999 -9999 -9999 -9999 -9999 -9999 -9999 -9999 -9999 -9999 -9999 -9999
0.415941543964316 0.420487108758127 0.41650525438338 0.400581430688703 0.410219653381066 0.417446832815592 0.424595214875774 0.431034327594895 0.434697972320344 0.442452299811495 0.449871431385943 0.46039943944423 0.479974077178535 0.500890715949603 0.518065158708439 0.530770039246588 0.537315188372003 0.549983031556226 0.566826417946422 0.565794721628256 0.5646007333817 0.583600964246373 0.616629050340409 0.616877088285033 0.651152411340316 0.661638027872553 0.685759316942888 0.709122575565792 0.728728970906967 0.744323409774845 0.752493062945579 0.764734797945233 0.778996893758425 0.790719517437474 0.799844247552123 0.806899809564547 0.81823739535499 0.834155631794387 0.846756310400174 0.855594530866069 -9999 -9999 -9999 -9999 -9999 -9999 -9999 -9999 -9999 -9999 -9999 -9999 -9999 -9999 -9999 -9999 -9999 -9999
0.412573029050614 0.410351511464293 0.40468683581028 0.395058984718088 0.405129325180597 0.412758454918537 0.419929791462106 0.426397237636816 0.433546312257464 0.442141984106071 0.449319488271524 0.462031324515904 0.484271831990939 0.504657369298915 0.521026354967588 0.532750619157891 0.534934039525661 0.547083443931982 0.571834513789467 0.572544216592906 0.567929152517878 0.589490546464349 0.610320404761094 0.617561119607397 0.664247231354231 0.67152194746131 0.695180661045942 0.71400802902385 0.737131844555034 0.750994387113311 0.760457322754013 0.772397473356633 0.78452077646972 0.796374789973137 0.80777391979388 0.816923170733238 0.826922917969587 0.839049998039612 0.849983464220691 0.855471851252891 -9999 -9999 -9999 -9999 -9999 -9999 -9999 -9999 -9999 -9999 -9999 -9999 -9999 -9999 -9999 -9999 -9999 -9999
0.411824326350037 0.407418292294002 0.398538305121855 0.392673096485271 0.400900833196608 0.408724377089934 0.416844374270579 0.423957765152392 0.435039635182397 0.443213021463551 0.449653272434268 0.464878380924906 0.486683658186463 0.50675449689067 0.523502736089104 0.534534215060469 0.540137391965685 0.539120308860773 0.566327162515975 0.580585851285393 0.578128849550249 0.588897327669667 0.602783911601695 0.624423718474486 0.672287766453555 0.68597326748345 0.708194270532934 0.718327919961649 0.743984573473805 0.757748895808302 0.767031001620332 0.774997356651155 0.789434716652973 0.80377066827069 0.81729606029904 0.823778778748439 0.832401036807285 0.845213908125019 0.853207044172729 0.855135012532171 -9999 -9999 -9999 -9999 -9999 -9999 -9999 -9999 -9999 -9999 -9999 -9999 -9999 -9999 -9999 -9999 -9999 -9999
0.408545330437606 0.406710712250037 0.397727091882634 0.393005636005043 0.397439895495531 0.406401203701787 0.41407157341316 0.422226184342242 0.432412829228275 0.443362575470716 0.454653136812986 0.469941930639564 0.489532989429171 0.509088094912923 0.525972071232726 0.536426776075462 0.545931913436253 0.538843675993832 0.570167985685743 0.590120220738692 0.585768932731817 0.592669068602966 0.60815815795026 0.633443051329168 0.672138478617082 0.699291560515408 0.713174154563949 0.727267246588537 0.738404533727927 0.747674906844511 0.764730203797198 0.775021977752382 0.794019897474471 0.811988750411163 0.820716869026105 0.831355818370497 0.842099179276206 0.850665884097617 -9999 -9999 -9999 -9999 -9999 -9999 -9999 -9999 -9999 -9999 -9999 -9999 -9999 -9999 -9999 -9999 -9999 -9999 -9999 -9999
0.402495262889109 0.402784902515329 0.387152030847254 0.382981629933351 0.394300873288034 0.404995711653623 0.412764569415622 0.419695749430478 0.429227328793571 0.443438491270991 0.457420293938518 0.470512773859333 0.486849553890062 0.510069802188478 0.528209222641157 0.538060964150392 0.540520839928994 0.547905013019171 0.573542988268795 0.591782063937469 0.585380613606807 0.606973811773991 0.620310843722191 0.634100416018453 0.669467420557378 0.70520934001463 0.715134993556023 0.71903919465139 0.728704184952043 0.737616337206131 0.757057342189636 0.785148714555552 0.802559700115962 0.81829995990114 0.836752382808279 0.842052234076952 0.845947614626575 0.84721820979499 -9999 -9999 -9999 -9999 -9999 -9999 -9999 -9999 -9999 -9999 -9999 -9999 -9999 -9999 -9999 -9999 -9999 -9999 -9999 -9999
0.399993182276708 0.399303287532963 0.387372934256856 0.383865503539894 0.391087284978515 0.401372272687217 0.409901835726776 0.417526905770997 0.428070166391888 0.44195964880706 0.453321433444646 0.463524955071202 0.483116115067418 0.513014168231228 0.529111399720115 0.539442847073446 0.542686437001933 0.555120439222854 0.570928742740612 0.596564650628009 0.595384658487081 0.622503686171567 0.623816372511147 0.640561262756313 0.676279631753196 0.706090726636612 0.712638131291442 0.716801941599446 0.729990518208723 0.738747452187262 0.756161915485998 0.794882457390377 0.808838510042162 0.825314421316487 0.838504741052283 0.845232018430852 0.84553816095388 -9999 -9999 -9999 -9999 -9999 -9999 -9999 -9999 -9999 -9999 -9999 -9999 -9999 -9999 -9999 -9999 -9999 -9999 -9999 -9999 -9999
0.398065767979667 0.390356925075703 0.380524355463019 0.381461529609396 0.388393428357804 0.398041063287929 0.407010691825171 0.417322658741198 0.429149583667459 0.440565774919128 0.451757050768028 0.470153415824559 0.496414641009033 0.515060049433943 0.530837237822859 0.54231395932633 0.552295242172931 0.560954292972862 0.570486662696238 0.612214671505395 0.634512352542268 0.618765430601781 0.623330953369591 0.661544963423841 0.695907523407105 0.714278951456359 0.713725067849566 0.724989460468441 0.742919232504723 0.753179786153258 0.771579630088777 0.799177716443774 0.814467323390475 0.826811283819538 -9999 -9999 -9999 -9999 -9999 -9999 -9999 -9999 -9999 -9999 -9999 -9999 -9999 -9999 -9999 -9999 -9999 -9999 -9999 -9999 -9999 -9999 -9999 -9999
0.394656394230344 0.388312148865487 0.384687115273375 0.381007785187367 0.385566640188349 0.394868065710715 0.40568012230002 0.418062256752658 0.431077690391492 0.444918668616144 0.46181513272235 0.479690054532016 0.498557059346512 0.516659866214964 0.532343498887724 0.545846427632496 0.561211935785232 0.570615996811637 0.579731726183631 0.615676614997381 0.633179342167312 0.655085963810853 0.656780605187881 0.679072339079381 0.711299423302067 0.726585237289285 0.727904905383774 0.741109738665219 0.757401524608128 0.77729749280098 0.791689576816387 0.804407909393344 0.81961092407536 0.830900579667029 -9999 -9999 -9999 -9999 -9999 -9999 -9999 -9999 -9999 -9999 -9999 -9999 -9999 -9999 -9999 -9999 -9999 -9999 -9999 -9999 -9999 -9999 -9999 -9999
