layers/veg_pts/veg5000.asc
NCOLS 255 
NROWS 330 
XLLCORNER -2985163.8955 
YLLCORNER -3022031.214 
CELLSIZE 25000 
NODATA_value -9999 
[rows 250 to 274 of 330, columns 58 to 115 of 255]
-9999 -9999 -9999 -9999 -9999 -9999 -9999 -9999 -9999 -9999 -9999 -9999 -9999 -9999 -9999 0.74772087639542 0.747324295282411 0.743041488926712 0.721494938168362 0.688341812497523 0.616798197683745 0.585932316116393 0.566423507065422 0.529359335422924 0.511219894435551 0.487443978047886 0.470901752076648 0.457545451643307 0.402674369045457 0.379599186992505 0.352634381044012 0.306129484519906 0.294451551093713 0.286157259381718 0.273087351886253 0.256952865517504 0.245180202394319 0.234379601959684 0.214619368518803 0.203643376831446 0.199932562787773 0.196100481108632 0.188830595065305 0.183430870310635 0.18173557488066 -9999 0.155485718033973 0.150227644072383 0.146452600698231 0.140919510375667 0.136991113152882 0.13408437186574 0.128219701103067 -9999 -9999 -9999 -9999 -9999
-9999 -9999 -9999 -9999 -9999 -9999 -9999 -9999 -9999 -9999 -9999 -9999 -9999 -9999 -9999 0.737550333811085 0.757435627165905 0.751449911336524 0.72970080191145 0.713606890698907 0.673087693285854 0.611540718904435 0.591017434582766 0.563355343938449 0.525351970258018 0.498927625670547 0.478007511249295 0.463410043533679 0.414615407857694 0.395109667341901 0.372689715726227 0.332479147426063 0.311991746562999 0.296062224808566 0.275216820243881 0.253721937386574 0.234782595935746 0.212830345368962 0.197223734652042 0.19224145256752 0.194124640979382 0.194310225513352 0.192498939923474 0.18794830022431 0.187807888291206 -9999 -9999 -9999 0.149091418148646 0.143097330990112 0.13899578861098 0.135446982007493 -9999 -9999 -9999 -9999 -9999 -9999
-9999 -9999 -9999 -9999 -9999 -9999 -9999 -9999 -9999 -9999 -9999 -9999 -9999 -9999 -9999 0.765435989823816 0.771625771936935 0.762230839327019 0.746248889800206 0.711584550266242 0.693140200784273 0.663680730599637 0.604602211539401 0.589877817840695 0.550570561462262 0.520825525525582 0.491122421631409 0.460042562256635 0.430037821907563 0.410247228732038 0.38514157467853 0.352868913303599 0.326892665125903 0.303441378535859 0.276634088276918 0.251827314150358 0.225988210649987 0.209563593726269 0.183021476766763 0.187684614990555 0.192921160882074 0.197495865574988 0.196064386997606 0.191001352442882 0.192010144106387 -9999 -9999 -9999 -9999 -9999 -9999 -9999 -9999 -9999 -9999 -9999 -9999 -9999
-9999 -9999 -9999 -9999 -9999 -9999 -9999 -9999 -9999 -9999 -9999 -9999 -9999 -9999 0.806802467369351 0.794155609032905 0.788274378452505 0.778014384131751 0.760825095845237 0.727782696225968 0.672924943978578 0.677045174712044 0.624803105592678 0.576443480143705 0.546764869952058 0.540001155057496 0.500474667855277 0.460969892298254 0.44125100560782 0.4180783057498 0.38330800893601 0.351968481963769 0.334630341715358 0.305209341496911 0.280792749015244 0.259577921639033 0.232688699635404 0.229284283626964 0.202077464900044 0.200714795923174 0.203048472631319 0.201378189315311 0.197092520106263 0.192229907981092 0.195850782521519 -9999 -9999 -9999 -9999 -9999 -9999 -9999 -9999 -9999 -9999 -9999 -9999 -9999
-9999 -9999 -9999 -9999 -9999 -9999 -9999 -9999 -9999 -9999 -9999 -9999 -9999 -9999 -9999 0.804829051571757 0.802942709999663 0.793787828350302 0.766237436757818 0.737003805649107 0.693673710379962 0.673860450095861 0.626132791038079 0.624117519593862 0.568253513474611 0.552354320973891 0.527863779520249 0.490357025337232 0.453937976088842 0.418907489045596 0.381321770262231 0.350782630316293 0.326876948851568 0.308405784526536 0.280052103479361 0.26466524927434 0.242349444104624 0.240544436330635 0.236322087179313 0.222402169809582 0.215470079282302 0.210225297223314 0.204926397107768 0.199178509139692 0.200767863159202 -9999 -9999 -9999 0.178031193427575 -9999 -9999 -9999 -9999 -9999 -9999 -9999 -9999 -9999
-9999 -9999 -9999 -9999 -9999 -9999 -9999 -9999 -9999 -9999 -9999 -9999 -9999 -9999 -9999 0.833169891325723 0.821098794605181 0.801980049275067 0.754097467527094 0.748887126461239 0.710438695377624 0.689320446257538 0.666628295949629 0.618350357401194 0.614535672135764 0.578767443533094 0.54547149844367 0.520399610118622 0.477492608995855 0.431742196786377 0.392394714123156 0.358969811348556 0.311041909509971 0.308495383561304 0.27908714500969 0.269629134418063 0.259563600587341 0.257514511878063 0.252930165256146 0.235571259463442 0.225880760700404 0.220607176475115 0.21506728364746 0.210761245579659 0.208691336221281 0.201466883941454 -9999 -9999 0.178118965423071 0.176000492366635 -9999 -9999 -9999 -9999 -9999 -9999 -9999 -9999
-9999 -9999 -9999 -9999 -9999 -9999 -9999 -9999 -9999 -9999 -9999 -9999 -9999 -9999 0.816565194127827 0.832442034413692 0.831261718735144 0.82858254206769 0.764548443047996 0.761405437186565 0.717894023878376 0.672635981188236 0.668543198222639 0.625886742710464 0.640005818317196 0.599051943947788 0.569878952903652 0.526148472277574 0.49563703817094 0.457814046963222 0.410235009064873 0.366024187783785 0.319655367860303 0.315837745251822 0.294378420133242 0.276868224488503 0.271264764862767 0.272442231912009 0.263882279708873 0.248327561608445 0.236847970307847 0.23290307954093 0.225006102966334 0.219608753265232 0.21465598561691 0.205018490753902 0.199686727263224 0.189446412933929 0.186496033557216 0.18070767422427 -9999 -9999 -9999 -9999 -9999 -9999 -9999 -9999
-9999 -9999 -9999 -9999 -9999 -9999 -9999 -9999 -9999 -9999 -9999 -9999 -9999 -9999 0.813759322348913 0.827171902046457 0.835411690323104 0.831948489592844 -9999 0.757668402707756 0.731299667340163 0.685911172509264 0.684597451876356 0.671307793041762 0.627712969335697 0.60073115166376 0.574074658058892 0.526945189390821 0.496912056656929 0.475275486132567 0.429212422996031 0.388997949865423 0.359103730089249 0.346480191344818 0.319463069687823 0.287157994624353 0.274592452944936 0.279136869462839 0.282608559383305 0.266865704951346 0.251695348082075 0.244496214698517 0.234668764923735 0.227272460570241 0.220355050251784 0.209751747771195 0.199968690131402 0.191910722285991 0.193444295409564 0.185427726380318 -9999 -9999 -9999 -9999 -9999 -9999 -9999 -9999
-9999 -9999 -9999 -9999 -9999 -9999 -9999 -9999 -9999 -9999 -9999 -9999 -9999 -9999 0.836913504405193 0.823089066350375 0.847301309688334 -9999 -9999 0.734985824171196 0.736682795297215 0.696605058838434 0.687298997335094 0.680475709828997 0.620494409280246 0.613723786411251 0.592370797290912 0.565152423021784 0.526799022312104 0.499015029161284 0.43737939442808 0.399885140748012 0.351996093525115 0.348817964300461 0.319189334140816 0.298833395401138 0.289046181865155 0.293955188835346 0.303657252558111 0.285328858432269 0.266709140050151 0.253485753130662 0.241879815436358 0.233531430104169 0.225000660553176 0.218829360943182 0.212860119013333 0.196378429286099 0.197621157571802 0.1923915885864 -9999 -9999 -9999 -9999 -9999 -9999 -9999 -9999
-9999 -9999 -9999 -9999 -9999 -9999 -9999 -9999 -9999 -9999 -9999 -9999 -9999 -9999 0.8619419502073 0.856521271344396 0.849278630815975 -9999 -9999 0.755903833324283 0.721747213464083 0.6766788675879 0.663324911416171 0.671897634811924 0.634334918051895 0.620602342282273 0.60091819217433 0.567174558218807 0.520182082547935 0.481561510764669 0.448362087242807 0.41020125159358 0.386871795053363 0.348846119997435 0.324479481647723 0.324502556507378 0.318471209751412 0.323695364176947 0.314235383476263 0.296232807093985 0.275346352846063 0.259748851273032 0.249619428611663 0.24019015026702 0.232632822124908 0.225097621000681 0.215056913697356 0.198375573787585 0.198812982400678 -9999 -9999 -9999 -9999 -9999 -9999 -9999 -9999 -9999
-9999 -9999 -9999 -9999 -9999 -9999 -9999 -9999 -9999 -9999 -9999 -9999 -9999 -9999 0.870253415406252 0.860750838148896 0.859895971696656 0.855202785415703 -9999 0.794381245443188 0.737541572053709 0.710170146891587 0.681785107641823 0.683552669032313 0.66228122198932 0.615384342440022 0.599698214904102 0.570171446789245 0.52430285515621 0.475237090492326 0.446418480074233 0.440203388018121 0.412076925801763 0.366552786153291 0.37020828159603 0.358989142098756 0.337492166508096 0.333008212816785 0.316374405267188 0.298566744595265 0.27903480468999 0.265673403894372 0.257526367963888 0.24696861633035 0.239000310234721 0.231506188045874 -9999 -9999 -9999 -9999 -9999 -9999 -9999 -9999 -9999 -9999 -9999 -9999
-9999 -9999 -9999 -9999 -9999 -9999 -9999 -9999 -9999 -9999 -9999 -9999 -9999 -9999 0.877381621236402 0.865630402873359 0.860511331365449 -9999 -9999 0.813250714230081 0.745454724018598 0.730938814287155 0.721101506391239 0.695704205246596 0.675007626538517 0.623612242766747 0.595941640100131 0.574901775575455 0.533693318453646 0.493021129857393 0.45277192346164 0.457763915007549 0.421878455195559 0.399348353376436 0.388291625288937 0.36614286799194 0.34341604987357 0.328807802248821 0.313483722139529 0.298041573146782 0.284290598332879 0.273337054300664 0.260104940973126 0.249968630376541 0.240790347897756 -9999 -9999 -9999 -9999 -9999 -9999 -9999 -9999 -9999 -9999 -9999 -9999 -9999
-9999 -9999 -9999 -9999 -9999 -9999 -9999 -9999 -9999 -9999 -9999 -9999 -9999 -9999 0.88800577170341 0.879076049468017 0.851190532646229 -9999 0.82355248390919 0.794528638894444 0.760482174697391 0.725712477863174 0.69493370902485 0.689058070799903 0.659620088432519 0.640784903989236 0.596713389108403 0.573415526740811 0.543600291986023 0.510618380400693 0.461812315463343 0.459403527879544 0.434808674004472 0.41195070196615 0.395679854715341 0.370887231488769 0.346059808603642 0.333282054849714 0.312778166396702 0.300735503153552 0.288313164534767 0.276952375618237 0.259983815281805 0.250013080416337 -9999 -9999 -9999 -9999 -9999 -9999 -9999 -9999 -9999 -9999 -9999 -9999 -9999 -9999
-9999 -9999 -9999 -9999 -9999 -9999 -9999 -9999 -9999 -9999 -9999 -9999 -9999 -9999 -9999 0.887279514112122 0.855421865869985 -9999 0.83659827541433 0.79857906484235 0.769203223396019 0.761088602287742 0.749242901954781 0.697687839881636 0.66970562224598 0.637695400461056 0.593600535744272 0.570633513044336 0.547479866880482 0.519004485965915 0.476991076663144 0.464382759270182 0.445680077641292 0.423834200258655 0.404600561371552 0.382958875906512 0.358436409336139 0.342608814578937 0.318944803110432 0.304436502364128 0.291817899275298 0.275719549989718 0.261749783110134 0.253510952461534 0.251389211581919 -9999 -9999 -9999 -9999 -9999 -9999 -9999 -9999 -9999 -9999 -9999 -9999 -9999
-9999 -9999 -9999 -9999 -9999 -9999 -9999 -9999 -9999 -9999 -9999 -9999 -9999 -9999 -9999 -9999 -9999 -9999 0.835937349524552 0.822385816760458 0.793786069553577 0.725598479099965 0.696675976373913 0.674402748103533 0.663842602793571 0.635576526613521 0.594579964539644 0.573419519258298 0.542897727852787 0.516267461615689 0.481748474583864 0.472029464073461 0.44443731522598 0.417837650288768 0.39746329676709 0.376005363258092 0.360725510237006 0.346056320773967 0.32779438467389 0.312339612924192 0.293871696678249 0.27819262575981 0.266260933851558 0.258430225371226 0.264375854144248 -9999 -9999 -9999 -9999 -9999 -9999 -9999 -9999 -9999 -9999 -9999 -9999 -9999
-9999 -9999 -9999 -9999 -9999 -9999 -9999 -9999 -9999 -9999 -9999 -9999 -9999 -9999 0.894398724338253 0.894624497728974 -9999 -9999 0.816221394032459 0.812741723518451 0.79136519088305 0.732066638531858 0.710616140201188 0.70675814865133 0.669865299787245 0.644148865871161 0.616190173420469 0.587568635494772 0.550936381526033 0.513088902434496 0.479371481289496 0.472985281064878 0.443835350749172 0.40652093667166 0.396654659185405 0.379789650296955 0.366771224486895 0.351155804019977 0.332272546000808 0.315950712693855 0.294783302088021 0.281650734140788 0.270780710260166 0.266160730989017 0.273285888661986 -9999 -9999 -9999 -9999 -9999 -9999 -9999 -9999 -9999 -9999 -9999 -9999 -9999
-9999 -9999 -9999 -9999 -9999 -9999 -9999 -9999 -9999 -9999 -9999 -9999 -9999 -9999 -9999 0.893193243126052 -9999 -9999 -9999 0.811024467881289 0.784802440121449 0.736100141521603 0.699939515670109 0.687601446997396 0.672837871391007 0.637776240474638 0.621661452567527 0.596217665025282 0.563096411047372 0.528201273605869 0.490561974914743 0.473949231672524 0.453088705006691 0.40862371759493 0.402938126332445 0.389745320429265 0.372977697431039 0.355347116392235 0.337910731060491 0.3169024294124 0.299549738386552 0.290400383287856 0.286242738496575 0.281458678602474 0.274224932054047 -9999 -9999 -9999 -9999 -9999 -9999 -9999 -9999 -9999 -9999 -9999 -9999 -9999
-9999 -9999 -9999 -9999 -9999 -9999 -9999 -9999 -9999 -9999 -9999 -9999 -9999 -9999 -9999 -9999 0.896940393631771 0.854345284913811 0.82888137496946 0.822204536456524 0.800764939400774 0.741357775847969 0.696823274484726 0.685353190306899 0.665311993870297 0.632615933682153 0.620246919536493 0.599352687820413 0.575001467969437 0.531874339810689 0.485644223408186 0.479108682419348 0.458285328091869 0.424747044910081 0.408348745103456 0.393391267759755 0.372165522387595 0.359332001927975 0.339179798424361 0.324850302646208 0.317474365857516 0.309590427019308 0.298921420482962 0.285601437634828 -9999 -9999 -9999 -9999 -9999 -9999 -9999 -9999 -9999 -9999 -9999 -9999 -9999 -9999
-9999 -9999 -9999 -9999 -9999 -9999 -9999 -9999 -9999 -9999 -9999 -9999 -9999 0.946763303458332 0.90182987271381 0.911352722711365 -9999 0.861954583088643 0.83609356256981 0.804539927446419 0.799339321722914 0.756058392455096 0.719084677264513 0.681017982557236 0.673206063334118 0.639334862016809 0.625017451301857 0.600955817518105 0.578617507132356 0.53432600987806 0.490974495974035 0.475197587766967 0.464019798817837 0.436498999142895 0.416743071746999 0.393595784135146 0.373030265967429 0.36236799082381 0.34081977910265 0.334975399505966 0.333966071236717 0.31837490301507 0.303506448579088 -9999 -9999 -9999 -9999 -9999 -9999 -9999 -9999 -9999 -9999 -9999 -9999 -9999 -9999 -9999
-9999 -9999 -9999 -9999 -9999 -9999 -9999 -9999 -9999 -9999 -9999 -9999 0.967818121945298 -9999 0.908404148120732 0.915402801742302 -9999 0.877281035648615 0.861235919962666 0.794702325255164 0.766323158490688 0.756111044473592 0.731295569656998 0.695752081922136 0.67699999497181 0.647758409296505 0.626200358595278 0.596641039226955 0.574288686950469 0.544726978634837 0.503696880624514 0.491568366955907 0.463030858087309 0.439206387059828 0.421741043094585 0.39479121830674 0.378461049439298 0.359722246151189 0.348418474218007 0.34095016158806 0.339620929425668 -9999 -9999 -9999 -9999 -9999 -9999 -9999 -9999 -9999 -9999 -9999 -9999 -9999 -9999 -9999 -9999 -9999
-9999 -9999 -9999 -9999 -9999 -9999 -9999 -9999 -9999 -9999 -9999 -9999 -9999 -9999 -9999 0.902693417197563 0.88475184932097 0.883982888839506 0.853277901417441 0.811268264370042 0.792719312717057 0.746386750760759 0.719811153150635 0.703679400763371 0.678304614104254 0.647784927285174 0.626413127779729 0.598936645699078 0.577484007118707 0.551153114654029 0.511410076451807 0.493361088244048 0.475179678282566 0.453315361101632 0.428127891713505 0.4041414541101 0.375096134315589 0.357259566137687 0.367603234692653 -9999 -9999 -9999 -9999 -9999 -9999 -9999 -9999 -9999 -9999 -9999 -9999 -9999 -9999 -9999 -9999 -9999 -9999 -9999
-9999 -9999 -9999 -9999 -9999 -9999 -9999 -9999 -9999 -9999 -9999 -9999 -9999 -9999 -9999 0.897747296094875 0.884998290122502 0.888888373129075 0.825794993436712 0.812012557262364 0.804222414353723 0.767512435212764 0.731082984914122 0.706804084191195 0.672813488314239 0.648347134937343 0.628346325854544 0.603420950450581 0.579272279111448 0.552551212918502 0.517899933731385 0.490979687839378 0.479427791323026 0.454635218234802 0.428414513348466 0.393009317386579 0.371522358061068 0.380729845588724 -9999 -9999 -9999 -9999 -9999 -9999 -9999 -9999 -9999 -9999 -9999 -9999 -9999 -9999 -9999 -9999 -9999 -9999 -9999 -9999
-9999 -9999 -9999 -9999 -9999 -9999 -9999 -9999 -9999 -9999 -9999 -9999 -9999 -9999 0.93318342739415 0.915262516128095 0.891934019951333 0.889507075478791 0.877575733308947 0.850163560831413 0.817381243358262 0.77124240513262 0.763284480037221 0.719381806056275 0.670521338771767 0.650215961529257 0.62563749265854 0.600220832788466 0.575432957782765 0.548794551447899 0.520683256869472 0.488634567365194 0.472897839337362 0.443031405517396 0.419757973628135 0.391726486134871 0.387304380086479 0.392303484904926 -9999 -9999 -9999 -9999 -9999 -9999 -9999 -9999 -9999 -9999 -9999 -9999 -9999 -9999 -9999 -9999 -9999 -9999 -9999 -9999
-9999 -9999 -9999 -9999 -9999 -9999 -9999 -9999 -9999 -9999 -9999 -9999 -9999 -9999 0.933451471590274 0.926737476907559 0.9085447221114 0.889200647362465 0.854144677511099 0.82329366799727 0.76964500624684 0.766300218771002 0.744169817123558 0.695147454196337 0.668158662699244 0.640847196695074 0.616059236892916 0.590977115942754 0.567142595917557 0.543502569063015 0.517452988210492 0.495461194665639 0.469472242999355 0.431191630099385 0.428981738805095 0.423810236194632 0.412734370681296 0.408574768391635 -9999 -9999 -9999 -9999 -9999 -9999 -9999 -9999 -9999 -9999 -9999 -9999 -9999 -9999 -9999 -9999 -9999 -9999 -9999 -9999
-9999 -9999 -9999 -9999 -9999 -9999 -9999 -9999 -9999 -9999 -9999 -9999 -9999 0.963797959482855 0.932531453909116 0.933519980517843 0.916848793281897 0.896768150817681 0.832425281853714 0.812402723811449 0.799536649277686 0.773848636878774 0.743454602696385 0.675848315648591 0.657707698724188 0.63832307567275 0.613026904783466 0.586331072104971 0.563547033686528 0.541893004681165 0.513041086534695 0.490447596097374 0.469085670021456 0.447877855481965 0.447694937788237 0.428710043257897 0.411220904823148 0.408176032333764 -9999 -9999 -9999 -9999 -9999 -9999 -9999 -9999 -9999 -9999 -9999 -9999 -9999 -9999 -9999 -9999 -9999 -9999 -9999 -9999
