layers/veg_pts/veg5500.asc
NCOLS 255 
NROWS 330 
XLLCORNER -2985163.8955 
YLLCORNER -3022031.214 
CELLSIZE 25000 
NODATA_value -9999 
[rows 130 to 155 of 330, columns 58 to 115 of 255]
0.194219747456501 0.110995896935657 0.127756067018304 0.124622575295855 0.111340128223607 0.110214439728562 0.131737129342988 0.109350241335717 0.100679159542084 0.112689110111521 0.146191044359063 0.145878728547601 0.148973672581935 0.176269334508201 0.186027342377718 0.171815307700503 0.181788325831178 0.207416736844859 0.206210768684866 0.199152973535171 0.205782042084276 0.201143606540291 0.177839904169361 0.182016073532334 0.260861467175627 0.437391795405067 0.444906764735231 0.446307291352241 0.500022879732958 0.491397141881318 0.498678131530757 0.478217970188396 0.470804082909164 0.449883644622951 0.428049708758367 0.406289686765538 0.387151615620147 0.370576545639035 0.358550817817776 0.347459359792605 0.336505774766094 0.327685610050022 0.3206713507874 0.314696918807059 0.309708052353093 0.306459461368224 0.304418804125501 0.302481236608039 0.299873782688529 0.297135486272608 0.297622009925952 0.297908567619987 0.298931865497134 0.301005794342294 0.301244413585729 0.301114404946081 0.307576880700938 0.313780824008761
0.241825955992065 0.141035972012874 0.150932872184535 0.116427781613835 0.117997500617961 0.135464994813537 0.114074500975363 0.0932862086230262 0.0845940699937526 0.0894563521061073 0.102927464242657 0.10715241331871 0.128180759858353 0.156390042445522 0.171520217709616 0.173468189969699 0.178259009433497 0.196045469563843 0.208000195833316 0.207198624171743 0.215626453073474 0.210171026191266 0.189307242414834 0.184713826760813 0.258392657280194 0.360118621670055 0.443299305260989 0.463231939397021 0.431959993197095 0.486792500388212 0.447553285455941 0.465977059161403 0.459746738574404 0.440659277753187 0.421636740087524 0.401690130217091 0.383160260586194 0.366790060786599 0.355094563603883 0.343792934722319 0.332483944059442 0.323493306735252 0.316099406928175 0.309881484328875 0.305037972062391 0.301508471050228 0.299167024722743 0.297298938668696 0.294118464360754 0.289985067483832 0.289458546484436 0.289759235365926 0.290580804975319 0.292575866509559 0.294426580973338 0.295590537476047 0.299426561464942 0.307924426761988
0.32142019451877 0.221714247437914 0.215831987281435 0.167925360352651 0.15527138157087 0.172807767490171 0.13114866042221 0.104974892156036 0.0849335193428749 0.0856868868214854 0.0978293450085518 0.0994282971561907 0.111402459643043 0.134029250632784 0.143349279149495 0.141943675183501 0.148511215102028 0.165252394018228 0.19837457885578 0.207249095572526 0.211480095865203 0.207811777785411 0.198127278466553 0.188400248514323 0.249867632426829 0.33568782349545 0.393315587779315 0.454190847163787 0.436430371768198 0.463908216990828 0.464988204059892 0.456492867126739 0.433974687513229 0.42645912967452 0.41138566983859 0.393512843335728 0.377227143077469 0.361324479148156 0.349752269573218 0.338685197895928 0.32767687217246 0.318446084264303 0.310306141247135 0.304008493916072 0.299560271272554 0.295748638744328 0.29280673001868 0.290779800279455 0.287856864901295 0.282609374378229 0.279143039814898 0.280243850961484 0.281933451770125 0.283058656757498 0.282765986945862 0.286244258338208 0.291077254898283 0.299800955773134
0.342219218175583 0.286268896599447 0.23533042245054 0.253792479788326 0.194212698461224 0.190644586526359 0.183993924781965 0.157046683106552 0.10551341292704 0.0933681541022676 0.102981568666147 0.088241971138005 0.0934539026721298 0.123308617537281 0.146194942341315 0.121910007790838 0.123469804595146 0.144955581568066 0.17182254137815 0.202091721458223 0.206734468505634 0.209081394283442 0.201291325099721 0.193474733746523 0.227495669406137 0.255192880104637 0.310037861942865 0.399467542400717 0.443095662070436 0.442609001747594 0.414244470238024 0.413801083254924 0.367184958397826 0.384121862285059 0.395382285218296 0.384145337250191 0.36977333490261 0.35576734166193 0.344456532887292 0.333274957754167 0.322510422897781 0.313271099181119 0.30463589673607 0.298059023809733 0.293593377548485 0.289798693100476 0.286784407545122 0.284847619147605 0.282748272034624 0.27686842542046 0.269906032979965 0.268474334063325 0.271224062903497 0.272018755630192 0.272061395518613 0.276927329579585 0.282500718163272 0.289642716171659
0.36731873814714 0.326095938904715 0.264232354469763 0.192615286206883 0.157453786142829 0.178375559450041 0.224487997893635 0.2145528137917 0.144013461587656 0.118636365050888 0.15856828645976 0.163236497991237 0.131179681024698 0.13888996605659 0.128140027330482 0.115849344255897 0.13159976729014 0.15384704959425 0.158845071119385 0.192103183364594 0.196165022325129 0.199856092079737 0.202598030951929 0.20206846464508 0.213830563046111 0.18235678233325 0.196731652841363 0.281499385678991 0.390884596772204 0.401582839572516 0.381695562520139 0.386116517922512 0.360480147523017 0.353265198383602 0.369140206245491 0.369940858276127 0.361152502406976 0.349861575587777 0.338444019974976 0.327993861690893 0.317413168870519 0.30777945460687 0.299370734392951 0.292651313312209 0.287395452017825 0.283572189711245 0.281062492367419 0.27877643495937 0.275337367955505 0.268741254153525 0.261642594520688 0.254969651551224 0.256104693325216 0.260031574794031 0.26647303141557 0.269213807015529 0.273552804410241 0.279007008676835
0.395499913837936 0.381446872372846 0.32231835806551 0.241922538109444 0.192419116840821 0.192038534441812 0.193061876472555 0.200074391237059 0.199131842170807 0.171951435710607 0.218675049648602 0.205032497254384 0.149397157168977 0.137260745803104 0.113119918189717 0.11733981269782 0.120760526403343 0.146349927472479 0.134861789526201 0.164403183952582 0.177003532948883 0.186957761185979 0.191961221659231 0.193784665615856 0.187033561599655 0.191653181887921 0.125651178837367 0.162317809151284 0.292337821241478 0.346621962192024 0.349781612190802 0.360210778642416 0.342592146284026 0.316094029408772 0.318376414570448 0.343888383727627 0.353946441176433 0.343298159189088 0.332260787287638 0.322502381649591 0.312028175606959 0.302172471410358 0.293621566851309 0.286953762251879 0.281635411712957 0.277880193271355 0.275746057671794 0.272418343455135 0.268103674342641 0.256602983951676 0.244412917774645 0.246285280236931 0.243960108546777 0.251046134663849 0.25753123568157 0.25805886226933 0.264233597898523 0.268950849001883
0.423387074213252 0.409062860070041 0.377500789309195 0.325519764319856 0.266389945943793 0.260728033480205 0.281487851749461 0.284026238589275 0.267953865999131 0.245889818114781 0.263887527221018 0.177760173124703 0.163898902982177 0.154653944999315 0.113575809443453 0.122601996077637 0.1040052922029 0.134077279594929 0.140087165484804 0.126276534580456 0.168283908587285 0.165048633776109 0.179671147054761 0.182854816674 0.170615631469801 0.175827814835429 0.153259790869153 0.128757372864948 0.195862074510013 0.271564066045831 0.313159950889609 0.320418899753472 0.284233708450731 0.275637056282157 0.278431327063152 0.291069292697267 0.318506039920986 0.331130001083926 0.326152753520141 0.31653027655442 0.305863062341496 0.296198233911093 0.288156873061744 0.281255097103857 0.27567826178007 0.271747271542891 0.269544632624269 0.266886316380117 0.264075281005371 0.259842491062591 0.255019095000173 0.246976020991393 0.234427387453864 0.238233474726701 0.248461851397347 0.251719391685413 0.253925988145962 0.258146473875358
-9999 -9999 -9999 0.367772081636328 0.314694767882849 0.331689256181931 0.315003761848513 0.300112563782888 0.29262307645812 0.303557241130586 0.348080627362037 0.294765612955488 0.244433997179826 0.228194084487657 0.152787996651761 0.128823797799414 0.0921581657524943 0.129660538263096 0.126258606915051 0.107900896447571 0.133438071143746 0.154143376450028 0.153888729683242 0.143731041039958 0.160669529369218 0.161727368733104 0.161977547169723 0.144347040430551 0.130393649075059 0.174097122334542 0.262188851140914 0.278111979938375 0.220643187624677 0.240447111514236 0.255103054553739 0.231250857478078 0.263357902541119 0.308121018025265 0.320202711149689 0.310722682941 0.300144453631781 0.290800746961033 0.283146199384731 0.275952501109019 0.269801134505629 0.266337985567699 0.264484123039134 0.261362380996529 0.258981650810161 0.257232042108828 0.254226075241904 0.244054315241383 0.235466913818356 0.239182969937307 0.245608089965864 0.243861351560297 0.249293054961058 0.249222569123815
-9999 -9999 -9999 -9999 -9999 0.363213578788127 0.334001136033257 0.363252410216071 0.354537001928945 0.34692848174945 0.353343790572277 0.344289307590314 0.332240463028258 0.29176671982776 0.226177739636738 0.15204830206516 0.132395519262332 0.140280606709093 0.111967950608796 0.0980993337690203 0.0978687682849335 0.137421414771166 0.133930690400124 0.145103756572383 0.14685532387141 0.137115810335575 0.140723393405471 0.140513065192383 0.142648810110986 0.145392050737861 0.162793457775754 0.230920181568193 0.208342843435824 0.206072026883931 0.207697954393687 0.181047484434925 0.217643872483548 0.266240320029794 0.307938506620519 0.304243769797228 0.295506109985269 0.286812018911562 0.279096174246298 0.271492986101906 0.265000591772366 0.261268595711535 0.25965838450211 0.256854219436654 0.254545541695484 0.253174196100859 0.251969137868471 0.247731362607709 0.241483888732416 0.2458799838803 0.242741402267603 0.244860232214791 0.245919270760567 0.250805502288268
-9999 -9999 -9999 -9999 -9999 -9999 -9999 0.391654068719024 0.374506230482876 0.356611123777874 0.384126375172988 0.34979909454963 0.34528950434839 0.30586770467676 0.239862126913713 0.210621350140322 0.229007031002813 0.154852820850534 0.0989176196762319 0.0856971057345306 0.0823320077586937 0.121724882108828 0.118918705341559 0.138942088696052 0.146666717707506 0.138237791149398 0.128010331934131 0.120614425567158 0.13440878103408 0.179719141307497 0.134238057040179 0.1199173214667 0.178593544660856 0.147007965916171 0.0893827823705664 0.125516481124001 0.177957545861191 0.19906398331552 0.262960870805954 0.273263849835297 0.279892233848682 0.278023585393065 0.273402378994242 0.265635427596681 0.26026055699539 0.255552135424859 0.253504808727573 0.251083702301978 0.248902584503939 0.247638209203531 0.246901325825839 0.246907338781838 0.244491096495942 0.246987813676683 0.243340688716441 0.244082666084624 0.245416049115616 0.251711964004714
-9999 -9999 -9999 -9999 -9999 -9999 -9999 -9999 -9999 -9999 -9999 0.358817169383474 0.348008245648346 0.343540672843863 0.317699793778829 0.296538212691674 0.270294051568385 0.14374990016103 0.0760039164901163 0.0799516379611703 0.0873974517587885 0.107233960104592 0.105440381677569 0.122011225539998 0.137077215399692 0.134181076073815 0.122306333955717 0.108801792002471 0.112901778036193 0.128639099827966 0.105705729847762 0.0628364313926154 0.0849748361190436 0.15058407159997 0.113478401287841 0.0246995382021394 0.0381157477525728 0.113301535110057 0.15046322185197 0.185014668485718 0.238547646547999 0.256079709959549 0.257033567125956 0.251372105084343 0.254078309404347 0.248811380427544 0.246006186469346 0.243637059905519 0.241651813220327 0.241178439833113 0.240478920995276 0.241062045325097 0.242067113008363 0.242701358870359 0.243002681084025 0.242739016500686 0.245736971885268 0.247996073122029
-9999 -9999 -9999 -9999 -9999 -9999 -9999 -9999 -9999 -9999 -9999 -9999 0.389864394269857 0.392365769049333 0.358136367120211 0.321821838051301 0.292217179758162 0.194534376851691 0.109495283730281 0.120129522080037 0.102647180602123 0.0877774479703922 0.0925305568456236 0.104066803363385 0.118697621372452 0.122933251937654 0.118303642897598 0.107269966418672 0.106496367342264 0.107969507762264 0.0897503704466208 0.0601182413778015 0.0650412124167454 0.100646249221154 0.090982428344718 0.0850972441065836 0.101062870190529 0.0483188579739258 0.031841969600775 0.110887355365217 0.193988009145616 0.221957133521716 0.214770666594157 0.215088110960934 0.238025888947093 0.237097011776622 0.236463733601287 0.23495839056264 0.233218731532558 0.234228895522654 0.234629284590227 0.23486739145076 0.236030637429464 0.236827408332402 0.238453246948227 0.240063563320466 0.242489895900593 0.242848086369899
-9999 -9999 -9999 -9999 -9999 -9999 -9999 -9999 -9999 -9999 -9999 -9999 0.428458924531314 0.412108925328232 0.37097241453991 0.340272062697249 0.32408783334821 0.270453902883747 0.219915344049549 0.196512214575518 0.104565717297211 0.0672897803288715 0.0860945523451327 0.0909491144557145 0.100883264913968 0.10727064660108 0.108849284603473 0.105709656987952 0.103855336201698 0.103188056459826 0.0890757191609989 0.0716576054195515 0.063469597064021 0.0602068372993145 0.0735716785046 0.112349909021727 0.117865774697833 0.0678509316630175 0.0236468917096141 0.0237521226602742 0.0734890113116882 0.0895308126544046 0.140771884362847 0.134957062287872 0.166184038701861 0.200737562317666 0.217732889452758 0.221105385586741 0.222084022193485 0.225920327643514 0.228364223404827 0.228811595715888 0.229588016121727 0.23027317619738 0.232269917638263 0.232338903297665 0.234558681549009 0.239893279893799
-9999 -9999 -9999 -9999 -9999 -9999 -9999 -9999 -9999 -9999 -9999 -9999 -9999 -9999 -9999 0.352328476517731 0.357898439943117 0.34009289250651 0.309998747120818 0.273413979191954 0.181697643001484 0.0952756321443517 0.0788763446213525 0.0844645973604238 0.0810006835210066 0.0831441669453093 0.0885687043198645 0.0923291473844763 0.0904531878142752 0.0913498272093203 0.0877791416000385 0.0785530082721089 0.0644196904400815 0.0401486735716469 0.0427460682269167 0.0690583659419903 0.0676151984012733 0.0959828327370665 0.0556555416303723 0.0485574043119791 0.102212385175405 0.0954414159846433 0.126206145709965 0.121981603440022 0.132761007714057 0.142176110010156 0.174793210240225 0.191211125691969 0.209126933662419 0.219845304249005 0.221674158013217 0.222395790736056 0.223660612939467 0.22436070434468 0.226462569481548 0.22896685185461 0.231676241600724 0.233360657203249
-9999 -9999 -9999 -9999 -9999 -9999 -9999 -9999 -9999 -9999 -9999 -9999 -9999 -9999 -9999 0.362750157730603 0.380430956906151 0.387896234321236 0.367473785481715 0.341457385815603 0.262131949552545 0.143088316917465 0.0803880716416755 0.0723206374806928 0.0553516641417782 0.0581091546720669 0.0699560131388101 0.0639080731509353 0.0695640104983451 0.074201915801031 0.0748858222020296 0.075092286690731 0.0632667780561797 0.0351887137218014 0.0154911414705282 0.0268213017512991 0.0254057520153026 0.0889899630017475 0.0779930918392303 0.0863308509049422 0.0989959934310597 0.11311814959831 0.110477380805739 0.123856650294508 0.119856613783376 0.117825100417507 0.141942979995901 0.177724803461574 0.198143987022033 0.213355474545639 0.215377544172635 0.216395458797934 0.217912566780202 0.21867085580331 0.221033972716581 0.223672116239512 0.226171082025903 0.227587373467643
-9999 -9999 -9999 -9999 -9999 -9999 -9999 -9999 -9999 -9999 -9999 -9999 -9999 -9999 -9999 -9999 -9999 0.408581883607767 0.391697138882625 0.37967784448804 0.312185482358763 0.180319238319788 0.0916248329337713 0.0558529820909822 0.0343474582463111 0.0443897257318617 0.070055353430833 0.0568690484059896 0.063991614714934 0.0658067945018183 0.0549901079885589 0.0667304670990278 0.0579519879512356 0.0335174266361385 0.00109176505663641 0.0178984454101727 0.0221888562056117 0.057511236596178 0.0964345316453375 0.085609514148632 0.0850111310352518 0.108467276127896 0.0975863975679142 0.118747232130563 0.102891262926411 0.0734833535655404 0.127339097462359 0.171492945658597 0.19390481623036 0.207668292806559 0.208949678478582 0.210600741886278 0.21206516538222 0.212927844228671 0.215406961275435 0.217972079277104 0.220520510761022 0.223190763928525
-9999 -9999 -9999 -9999 -9999 -9999 -9999 -9999 -9999 -9999 -9999 -9999 -9999 -9999 -9999 -9999 -9999 -9999 0.395535719658245 0.391604078795712 0.340018962557165 0.22344170062228 0.126352787931769 0.0669952530982816 0.0337892295328084 0.0421089048600827 0.0607551286840335 0.0752228368605169 0.0725054494910211 0.0658309187761431 0.0613806356142474 0.0578903602182629 0.0516945919872738 0.0299217514465854 0 0.0121884046768502 0.0213499506591523 0.0239205235798079 0.103301446645954 0.0564602400275574 0.0789279245364043 0.0912728948116829 0.10666002693478 0.132955729567369 0.0917867823454302 0.058275733788883 0.120922931264878 0.175106972216792 0.193467725285301 0.203345570625437 0.204525094301156 0.206099603800313 0.207603169638534 0.208597456993251 0.21108798772167 0.213600751792312 0.216035190897031 0.216985066127652
-9999 -9999 -9999 -9999 -9999 -9999 -9999 -9999 -9999 -9999 -9999 -9999 -9999 -9999 -9999 -9999 -9999 -9999 -9999 0.363035621934064 0.346419531497055 0.256178401615007 0.159037166296001 0.0758041098761972 0.0457050192263103 0.0536371703178948 0.0636684489080507 0.0761808970680242 0.0712209632551887 0.0634685502974542 0.0564214070649523 0.0530768366610406 0.0481954379876589 0.0360072725306238 0.0103536782906378 0.00932643306208415 0 0 0.0493876784563247 0.0446300899089265 0.0641483926861633 0.0754079057989131 0.106700732114139 0.145236959469278 0.0900966956912445 0.0909802481039988 0.129023454337239 0.180888450959935 0.192568631677662 0.199044342047185 0.200226334620114 0.201665100373136 0.202962205487183 0.203333340626654 0.205172817051807 0.206656896086014 0.208806525802484 0.209210854824349
-9999 -9999 -9999 -9999 -9999 -9999 -9999 -9999 -9999 -9999 -9999 -9999 -9999 -9999 -9999 -9999 -9999 -9999 -9999 0.339514936435006 0.333786537850894 0.263538798111887 0.18228010597103 0.0822546242684246 0.0375969111728957 0.0365117631232131 0.0604575140314884 0.0708304704097966 0.0662130433943271 0.0594261475381581 0.0502206232444384 0.0446868469017985 0.0393947941192456 0.0302875173074567 0 0 0 0 0.00438109456538155 0.0132128473168865 0.0735073795589135 0.0500119054810783 0.0301120643444058 0.0873583824629536 0.0900622559984982 0.131119517977374 0.148479385807461 0.174697673496091 0.185474144824724 0.19243925483706 0.194481856857008 0.196184386408367 0.197238748754508 0.197204273611831 0.198643982923561 0.199340503701505 0.202063653056712 0.204184387422695
-9999 -9999 -9999 -9999 -9999 -9999 -9999 -9999 -9999 -9999 -9999 -9999 -9999 -9999 -9999 -9999 -9999 -9999 -9999 0.337135860536147 0.323224403383671 0.27605808566838 0.21003518356753 0.105501316538634 0.0133294751787879 0 0.0237087094745681 0.0448330589190245 0.06042648737336 0.0550632714513716 0.0457704829418825 0.0370989927887697 0.0316559563807687 0.0247236986080595 0.00430499868128969 0 0 0 0.0119332085588588 0.0109264523200262 0.0133203159185995 0 0.00474934867245641 0.0615166664867216 0.0912276490047547 0.146896176387741 0.130636228772173 0.150578815205 0.167411775292159 0.181935544294379 0.187800733457564 0.189757062510735 0.191115819842789 0.192055293692163 0.19433364919583 0.19580364612941 0.199706342521808 0.203442252665527
-9999 -9999 -9999 -9999 -9999 -9999 -9999 -9999 -9999 -9999 -9999 -9999 -9999 -9999 -9999 -9999 -9999 -9999 -9999 0.327110813468932 0.325832943617501 0.29546947140127 0.248512837014988 0.106157043979093 0.0226224947263565 0 0 0.0164629587709679 0.0526099707712576 0.0497623710090529 0.0414346560790503 0.0312205213813851 0.0235791764124806 0.0156638975365711 0 0 0 0 0 0 0.0177030247949663 0.0397689553222799 0.00913986573041116 0.0304940719563456 0.0596062408487993 0.127294431083487 0.142708502882677 0.136190470442952 0.1513534885993 0.170736068557275 0.179121309877428 0.182745718194932 0.185054216405388 0.186350969875368 0.189710571624944 0.192357424033137 0.195678101679485 0.199820046147492
-9999 -9999 -9999 -9999 -9999 -9999 -9999 -9999 -9999 -9999 -9999 -9999 -9999 -9999 -9999 -9999 -9999 -9999 -9999 -9999 0.36079118977562 0.284155800338009 0.251020100752202 0.151095301899234 0.0485780243252258 0.0346227606097553 0.0462910428889496 0.0424701520232103 0.042854034960431 0.042158411040557 0.0329665571566097 0.026329354137011 0.0179983227706121 0.00234506094951901 0 0 0 0 0 0 0 0 0 0.0556036729106146 0.0651718576276629 0.11633313274497 0.13403733043124 0.129589123819633 0.114095666351563 0.161427421072831 0.171397646174039 0.175733030618182 0.179088555711541 0.180893612369485 0.181076807242581 0.188370973673965 0.192853294645104 0.196199203059903
-9999 -9999 -9999 -9999 -9999 -9999 -9999 -9999 -9999 -9999 -9999 -9999 -9999 -9999 -9999 -9999 -9999 -9999 -9999 -9999 -9999 0.283567167526205 0.257335482532762 0.182433951470496 0.0597476435300212 0.00450564580444946 0.00859240853273308 0.0391875310033034 0.0371637842841839 0.0335669252407862 0.0183085628001269 0.0203196590489015 0.0158914382758481 0 0 0 0 0 0 0 0 0 0 0.0227817122443025 0.0669033990179844 0.115662204135898 0.123311945736797 0.130395066565734 0.12371544070269 0.157655484799361 0.165646929486134 0.170025451985297 0.174188203899427 0.176241209232385 0.177793513891736 0.18170698935174 0.187659709808951 0.194675627428312
-9999 -9999 -9999 -9999 -9999 -9999 -9999 -9999 -9999 -9999 -9999 -9999 -9999 -9999 -9999 -9999 -9999 -9999 -9999 -9999 -9999 0.270666406824148 0.263388158171827 0.213566754532968 0.094477694782944 0.0272350752988346 0 0.0135096719111807 0.00965699964315343 0.0251445850076857 0.00337333149026591 0.0116582783048718 0.0100644710023312 0 0 0 0 0 0 0 0 0 0 0 0.0642649522315992 0.114694792314107 0.122377102836851 0.126720189973717 0.131117897514155 0.154113679914489 0.161117893339811 0.165436477412668 0.169697687167202 0.171850264493624 0.175233951003112 0.179109224139108 0.183870134005566 0.190464360398773
-9999 -9999 -9999 -9999 -9999 -9999 -9999 -9999 -9999 -9999 -9999 -9999 -9999 -9999 -9999 -9999 -9999 -9999 -9999 -9999 -9999 0.270672126151113 0.266022522450629 0.227545263006286 0.120738871061331 0.0395323719252658 0 0.00982640385029698 0.0189696842695256 0.0218496806935861 0.0135987271435484 0.00881800358843685 0.00384003187402436 0 0 0 0 0 0 0 0 0 0 0.00201613261971887 0.0733089662807725 0.112076232431788 0.120572341307741 0.118362697796049 0.128919319449679 0.14979920852586 0.157165400628258 0.162096743892791 0.166488004457476 0.168546575869501 0.172768888553181 0.177495653382471 0.18120402531622 0.186724022974809
-9999 -9999 -9999 -9999 -9999 -9999 -9999 -9999 -9999 -9999 -9999 -9999 -9999 -9999 -9999 -9999 -9999 -9999 -9999 -9999 -9999 0.269418029675361 0.265687267011684 0.235283958778219 0.135691287518355 0.0423517340165706 0 0.0107443970127178 0.0180602523937044 0.0167694256203169 0.0124258258534542 0.00536462199646269 0 0 0 0 0 0 0 0 0 0 0 0.050207856803833 0.0975103923058709 0.112907064881575 0.111521312640035 0.108342489382535 0.126884788076754 0.145920273375984 0.153900724196644 0.159530464372156 0.164229691493215 0.166097712539328 0.170142930486047 0.174968958741204 0.178682018110176 0.183653714040848
