layers/veg_pts/veg5000.asc
NCOLS 255 
NROWS 330 
XLLCORNER -2985163.8955 
YLLCORNER -3022031.214 
CELLSIZE 25000 
NODATA_value -9999 
[rows 175 to 199 of 330, columns 116 to 173 of 255]
0.0638099851992407 0.063846730868567 0.0643502265633436 0.0654027171626304 0.0665362364396636 0.0686840666319657 0.0711904764929879 0.0740142170247106 0.0770572624012505 0.0798738480460191 0.0838610171259759 0.0883430650441845 0.0933605415076855 0.0985839477016638 0.104034443869045 0.10767718582509 0.108324468468965 0.110625175363529 0.113642221661684 0.119350726969265 0.127146719202227 0.132261170885684 0.135633784475813 0.144017384218667 0.155869935615256 0.162921980352272 0.160732771858943 0.162355311987853 0.166216849793552 0.177673815426692 0.190812552818747 0.195443441698364 0.199159334926042 0.202076754549175 0.206724885598139 0.211861323619125 0.234751439141299 0.241319306584741 0.244200775371811 0.249553793938501 0.255411975705195 0.256449389690688 0.261731914577515 0.279994616159845 0.301154009932148 0.31276531106948 0.319052082660665 0.337615578022953 0.356752850510983 0.396134413486266 0.409893659562872 0.404847593975403 0.373785540478952 0.404982588041238 0.427981237990209 -9999 -9999 -9999
0.0615714747195676 0.0616110197124814 0.0621255791336751 0.0632687644833299 0.0644881238232507 0.0666798589942617 0.0691334737651182 0.0719793801229768 0.0750908081936551 0.0778821935611841 0.081900810343241 0.0864510009407242 0.0912679655067938 0.0959896281887856 0.101178086079527 0.105367401173268 0.107880262506881 0.109978899295008 0.109320114511806 0.11613815278666 0.126918191931791 0.134126081008195 0.135452799780336 0.142738942279668 0.15661237813872 0.160843548132163 0.154955805255689 0.151744221151928 0.153703682290642 0.166724993143965 0.179590244925205 0.192023172749452 0.195547487042765 0.198720123304161 0.19630987734708 0.202028461121471 0.220583912123744 0.233289096094601 0.240975085841709 0.248050283712465 0.253813137142926 0.257428307165484 0.270216694604845 0.293457692574256 0.318643769030384 0.331677962078653 0.341807436275846 0.373881603652277 0.380652218657717 0.402167771123638 0.415619065827425 0.417908680138797 0.388698131988063 -9999 -9999 -9999 -9999 -9999
0.059498708412086 0.0595517069487289 0.059974485486795 0.0611092174395163 0.0624357286519749 0.064560223550186 0.0670619004432226 0.0699172168530972 0.0731384667146541 0.0759398345470569 0.0800842645194872 0.084732146274835 0.0884409339677618 0.0913152966828793 0.0959413619876441 0.101881483069573 0.105097078177828 0.107803392335714 0.110190025774685 0.115986847308301 0.123587937405451 0.132252298852449 0.13652178058664 0.144386632434471 0.155459673816205 0.158403882203044 0.152920014026951 0.156380433619989 0.159496698652165 0.160929942790046 0.174556743089681 0.183277841881323 0.189686484651534 0.190599315870881 0.189815822763574 0.19414527342936 0.206312725748504 0.226938211063396 0.240717312593937 0.24685474332771 0.256683747183111 0.261627193459118 0.280511642630077 0.306498041102143 0.323400644779382 0.319073342155024 0.347814796286702 0.369020467123369 0.37589771937169 0.410635273323887 0.418708209130773 0.424239840253043 0.406326143872779 -9999 -9999 -9999 -9999 -9999
0.0574978513486087 0.0575285641785066 0.0581947399724592 0.0592024725004418 0.0604918565868843 0.0626411488544011 0.0653527705245629 0.068150494750714 0.0712655448606482 0.0742550371658535 0.0784019437151806 0.0829341850135626 0.0843014879927974 0.083766057050853 0.0890566620512489 0.0972370611853836 0.104924759248547 0.106495231334612 0.105934749667563 0.111701134728101 0.121025395083384 0.129696455092247 0.135915364882504 0.144882311710887 0.152717674358892 0.159159463783579 0.162622679576887 0.163155108805861 0.170406180172778 0.167806721757774 0.176460447713234 0.182970892560931 0.187864490728609 0.190369734130504 0.188930792999145 0.190426594042996 0.198730150967858 0.222963492231159 0.23789373196504 0.245671391233225 0.254729663401618 0.262427489902779 0.283961105311022 0.299782420558777 0.307335531947892 0.307099183163419 0.350284610044023 0.372689779921409 0.387278281573892 0.416608265922568 0.419445254114598 -9999 -9999 -9999 -9999 -9999 -9999 -9999
0.0561429375669157 0.0561912435770426 0.0569313751216458 0.0579121322486326 0.0591613588116404 0.0613137710904293 0.0641822297296953 0.0668739752012844 0.0699342331531238 0.0730781630678084 0.0771873559708142 0.0818738731368905 0.0854988723989597 0.0882509410809222 0.0868402869854695 0.091945129917843 0.102589399405864 0.107110443710853 0.107861678429221 0.114489679452751 0.122122999084084 0.130598021394744 0.135486021167014 0.14610439805437 0.153739377966299 0.158602547981998 0.167781005475474 0.167858327530574 0.173978894617705 0.174876358660904 0.182119610548991 0.188079769215457 0.190964721003041 0.193978453577115 0.18973047092837 0.190065910926839 0.194318095488506 0.2161113091715 0.23228653357699 0.244896175510089 0.253162017084541 0.263403755613107 0.26997949674553 0.288013139567652 0.303563766340826 0.331903538226558 0.353551686585879 0.389901745141842 0.398529115347839 0.417554207004265 -9999 -9999 -9999 -9999 -9999 -9999 -9999 -9999
0.0542921241279258 0.0544513798437056 0.0549878731629978 0.0561107315667447 0.0575421474527597 0.0597222630710701 0.0622544593817246 0.065164944943989 0.0683532256242345 0.0713168360080055 0.0753691256417245 0.0800706337781528 0.0846622208538788 0.0875255328813237 0.0876141744824923 0.088853897017265 0.0977464195888556 0.100541084775997 0.104597685675037 0.111817458011049 0.118205498013619 0.127683817779728 0.13312418309249 0.144488679223207 0.153128683009175 0.156208839198035 0.162258626802034 0.165195805213856 0.168841044474969 0.172614910792466 0.184088758968179 0.189324683397762 0.189199060287729 0.185372504359836 0.185178324841837 0.183910316004543 0.187283712571849 0.210275455894763 0.230799980465723 0.238069356174798 0.248279292120897 0.264909285557326 0.272974390247299 0.287861099368811 0.304157884990851 0.341415615214413 0.357279000981962 0.402350688806634 -9999 -9999 -9999 -9999 -9999 -9999 -9999 -9999 -9999 -9999
0.052303076297278 0.05257954849261 0.0530262070324382 0.0542936410962622 0.0553763818850651 0.0578232574522342 0.0604741441374908 0.0634246836551116 0.0666970960997629 0.0695703160714782 0.0736985324151902 0.07823031927677 0.0830698852317274 0.0861326254718846 0.0890438198176242 0.0901442790896667 0.0964991169586095 0.101101453159246 0.106407661649115 0.110875988693061 0.116616578782198 0.124379896954484 0.12997211726596 0.141861650721878 0.150547620421114 0.151362290969392 0.151415214407546 0.15505945518974 0.160507299840963 0.161570930299899 0.177314359098563 0.179413228254784 0.177471721503724 0.180455182177198 0.18032002651376 0.190216130888626 0.197257949038369 0.207054605516861 0.229988571216615 0.242215720122038 0.250458801470469 0.263805512688006 0.277360384237889 0.290729944213034 0.30115080197064 0.335728262681021 0.370830191054117 0.401953820672895 -9999 -9999 -9999 -9999 -9999 -9999 -9999 -9999 -9999 -9999
0.0503440894927603 0.0507087858636012 0.0512964828221247 0.0525857867907574 0.0536476105880913 0.056110389258921 0.0587784675426835 0.0617084242602253 0.064966395079266 0.0678775956471696 0.0720301279500488 0.076413268719822 0.0805752820127684 0.0840694502755349 0.089285989362988 0.0928281990932005 0.09780169345478 0.105249581721684 0.109948255928575 0.111009500197012 0.116500527216053 0.123173599763641 0.127919968085681 0.140845580442751 0.148626301533567 0.144262865115995 0.14465213251771 0.14439290737059 0.153940774266509 0.153680003440965 0.167138263330728 0.172943143864654 0.172447055754872 0.170720932168774 0.17778884436086 0.189710802217431 0.205430797272616 0.21624293106123 0.23247104708275 0.244140581990187 0.25128386454589 0.261239983462361 0.277098213665685 0.29068748420551 0.300048215172021 0.34683382390377 0.393542956216043 -9999 -9999 -9999 -9999 -9999 -9999 -9999 -9999 -9999 -9999 -9999
0.0484759849424884 0.0488438234084369 0.0496372346483467 0.0508630917035013 0.0522546653925266 0.0544661166295504 0.0571391169231592 0.0600240743187167 0.0632822763805377 0.0661777775566335 0.0702929123898599 0.0745570982359066 0.078240947645688 0.0821012724828567 0.087971867414293 0.0933629566670124 0.098597470598865 0.104599133419544 0.108590882045403 0.107587498861316 0.112097982338735 0.122398721632689 0.128713572838932 0.139652570057018 0.145328720553842 0.13481007772363 0.136335441555292 0.145489661828852 0.15045764552764 0.152335402929235 0.159460560708928 0.169326725573065 0.168712163162106 0.166589624944788 0.169199700175617 0.180753371298777 0.198138099593568 0.213721128870681 0.227520936609701 0.238217455940674 0.249774017556418 0.260234994922071 0.273251072138365 0.290808356940692 0.314753260463461 0.36302425054953 0.389388720911946 -9999 -9999 -9999 -9999 -9999 -9999 -9999 -9999 -9999 -9999 -9999
0.0467291781281327 0.0470833336971611 0.04792408265869 0.0491185843576989 0.0507235244873781 0.0527861269699295 0.0555715307343243 0.0584262609859811 0.0617503655860221 0.0645032291341111 0.068537556293501 0.0726524589775946 0.0772246483518008 0.0813760327823882 0.0856839209443855 0.091256031746844 0.0973490572143588 0.10291535296442 0.106355678649888 0.107086359832157 0.115190221049077 0.120382022782147 0.133967852695808 0.138766021457166 0.133425235948347 0.13430406913523 0.141608387777769 0.151009665034235 0.159342066927046 0.164211301189017 0.164098216484808 0.170938923222196 0.167259203299243 0.164285054577113 0.16477460774515 0.171354102001704 0.186429540507958 0.199566372449582 0.214061615920543 0.22906784050855 0.248077734301704 0.260760170131484 0.268158182008015 0.297990252232298 0.339403809723328 0.371853803638247 0.389271600378181 -9999 -9999 -9999 -9999 -9999 -9999 -9999 -9999 -9999 -9999 -9999
0.0451626555686968 0.045656684866886 0.0463589549025108 0.0476024880064484 0.0490328269710455 0.0513961583563905 0.0540567033420366 0.0570080303397293 0.0603234291092809 0.0630282340995343 0.0667891837236786 0.0708240012584908 0.0753905130936458 0.0794423387977054 0.082765466006339 0.0877025467031847 0.0948732165285036 0.10148779444798 0.102726915954656 0.108230741295671 0.117616237384165 0.125058053253654 0.127831957406824 0.128814427901622 0.126490528500988 0.138637490201778 0.147852973300594 0.153274304406334 0.163644240218884 0.170471026454654 0.172770141568611 0.175084530316416 0.170855222782777 0.166713407932905 0.168410330404743 0.172649236664077 0.185995006232286 0.188722070346832 0.201153858498073 0.223442383350962 0.244655455002173 0.264441191728808 0.270854647480394 0.307858015254208 0.347372260425551 0.374183533192495 -9999 -9999 -9999 -9999 -9999 -9999 -9999 -9999 -9999 -9999 -9999 -9999
0.0437689289585382 0.044115181821686 0.0449708717361125 0.0460156202991666 0.0474459978398641 0.0497971797287552 0.0525839485560766 0.0555917937270626 0.0589432382599627 0.0616658265732023 0.0654479192182343 0.0694822087894661 0.0738783627809948 0.0786703061671616 0.0837201199865458 0.0882867412775934 0.0941212065220433 0.0998747968343555 0.103717136316495 0.110010635797604 0.115865558156041 0.1186441008814 0.118792859137566 0.126506239355601 0.130524252093178 0.145057727804148 0.149638253889486 0.155289632391742 0.165030758703992 0.17220699798953 0.179638813812262 0.182653566165021 0.181032520732756 0.175939193050568 0.179776233806187 0.188620911853126 0.195002708745315 0.19388162917849 0.203368443882879 0.211800713621546 0.234178473806365 0.26897157181597 0.289651542727454 0.311422121838596 0.342386319094691 0.365627765485797 -9999 -9999 -9999 -9999 -9999 -9999 -9999 -9999 -9999 -9999 -9999 -9999
0.0426792287546258 0.0430822531562182 0.043866944897598 0.0449306070419016 0.0464637229638042 0.0486382989937917 0.0515374958551203 0.0545485868577468 0.057382476290449 0.0596236919257668 0.0635238148942602 0.068255724794859 0.073208118291803 0.0779106606303034 0.0831053385866502 0.0874962849136824 0.0933218649596305 0.0995592166237371 0.1048735437923 0.110998409152166 0.113274732340819 0.111642789835017 0.114165881943317 0.127102026977129 0.138319168955098 0.147541422027827 0.149513498588886 0.154303214956099 0.165973243341545 0.171427399241327 0.179581295051283 0.19000533762203 0.191128238929688 0.190417868257228 0.199777113178276 0.19205151548673 0.189379634160912 0.198276829927059 0.210902228688656 0.21020984743821 0.231000728109627 0.273965996062511 0.285755476071262 0.303439783719546 0.333904722696369 0.363330975411603 0.379708066320872 -9999 -9999 -9999 -9999 -9999 -9999 -9999 -9999 -9999 -9999 -9999
0.0415276997971371 0.0419158745308386 0.0425601720539112 0.0436015096970677 0.0451441386791038 0.0473458891921706 0.0503399307330835 0.0531672815601175 0.0555185274235421 0.0579742349039281 0.0618478113083468 0.0663650948910995 0.0712989848255676 0.0763186158335437 0.0818993388898273 0.0864080142682503 0.0918068829224135 0.0983306399882837 0.10332227528402 0.1087718803523 0.110361390504658 0.111461671055975 0.11730664692733 0.129847559722359 0.141575230188528 0.146126315514716 0.147934495676904 0.149953196131483 0.163905694210593 0.167574601101384 0.170862426195508 0.177646080221479 0.191561936865796 0.199148969904293 0.198439488365413 0.192666873790796 0.193711193494866 0.197049106106975 0.210971981054964 0.210359123755479 0.224893389104486 0.266475935975981 0.281255817668118 0.297593902623716 0.327824373514401 0.361703602310739 0.380361940551276 -9999 -9999 -9999 -9999 -9999 -9999 -9999 -9999 -9999 -9999 -9999
0.0403032904072636 0.0405324586622405 0.0411328204365312 0.0422560744403011 0.0437435214996267 0.0459809099124647 0.0490459217942814 0.0516767057613659 0.053648778370796 0.056333373945371 0.0601707655456347 0.0645258259432357 0.0692068063697477 0.0745337129975923 0.0804596523268512 0.0850268676790519 0.0902995797481661 0.0963438053992822 0.10050332888427 0.105608089319432 0.110225676079239 0.115858613429397 0.124669762106189 0.131861283914219 0.137788322250971 0.142747583779941 0.144242637193651 0.14744462577667 0.153303314063434 0.163327120478908 0.166784972649276 0.169435743475871 0.178730998329437 0.189457130841577 0.194918506027812 0.194080782413764 0.195428671616978 0.197695606498476 0.206464047764037 0.209998884394297 0.222256253813823 0.251690537877495 0.270987600039842 0.288775229923504 0.317923193150973 0.356246595627307 0.368085905640707 -9999 -9999 -9999 -9999 -9999 -9999 -9999 -9999 -9999 -9999 -9999
0.038957838365375 0.0390902192929251 0.0397111305861377 0.040872102891638 0.042282212233878 0.0445465751750206 0.0476995620256205 0.0501554769480774 0.0518886292623184 0.0546425980852974 0.0585324046182446 0.0630335689015655 0.0677116090855354 0.0731201479815858 0.0789453478750636 0.0833331334763882 0.0891290875061521 0.0946137618707309 0.0992088595870191 0.105816498797474 0.114107477806863 0.116901057289223 0.126140827854863 0.125941524936985 0.129210872505123 0.137721557799766 0.139351063157131 0.141902371547505 0.149060066583692 0.160975780710531 0.163202971428897 0.168002681362919 0.182333890048969 0.188693281967289 0.188162448226968 0.187906170159476 0.192718244805582 0.197410577389173 0.200690476306061 0.20561719132119 0.214681926532564 0.229002046191313 0.245479222090572 0.268381883891419 0.290236492507711 0.338614788227162 0.36593270623607 -9999 -9999 -9999 -9999 -9999 -9999 -9999 -9999 -9999 -9999 -9999
0.0375086404283821 0.037722955235633 0.038388444480348 0.0393960862146726 0.0407436727818202 0.0430997164368585 0.0463128158969183 0.0485484177605683 0.050267396406113 0.0530239276910788 0.0571980276221024 0.0616897366328558 0.0666531461849879 0.0719877505845807 0.0775210083380409 0.08177853736035 0.0872871341068474 0.0930585502779092 0.0993597361565332 0.107816539573422 0.113580855753798 0.118362036571615 0.122119410745043 0.127862329458992 0.13053448232717 0.136390782946398 0.141720058238572 0.145219070554762 0.149812369742402 0.15979889377552 0.163958399199589 0.168380626054689 0.179764818088774 0.183171090899439 0.183520435015746 0.1832221374203 0.187326834981245 0.193415372215722 0.194838950811837 0.19675623864479 0.196573250922552 0.202827295508026 0.219329940114962 0.26467685385342 0.28325075730487 0.346953828200918 0.367718923938315 -9999 -9999 -9999 -9999 -9999 -9999 -9999 -9999 -9999 -9999 -9999
0.0361141847140977 0.0363739961106039 0.0371231796812999 0.0379595337963873 0.0393165620248226 0.0418587368241067 0.044904920949828 0.0468337564241057 0.048843736261832 0.0513767359241249 0.0561627596625632 0.0607120462205096 0.0655510399138903 0.0706368807757397 0.07591535074123 0.0802078436346252 0.086001708548272 0.0921105600274772 0.0998206360082699 0.107041678293307 0.112533121908072 0.117385413858508 0.12069561586219 0.125721131427894 0.130212119062595 0.138584965041056 0.143727825756166 0.145538061961484 0.150997647026906 0.160732405284666 0.166454395828848 0.171714576228718 0.17497630142414 0.176465871457091 0.18151400734888 0.183723045346047 0.182668649176982 0.186466225984395 0.190020146909879 0.193346081103604 0.195742903392959 0.186709374282318 0.225944267995379 0.282833558496189 0.306986505738603 0.351761743593076 -9999 -9999 -9999 -9999 -9999 -9999 -9999 -9999 -9999 -9999 -9999 -9999
0.034696240384166 0.0350151692861555 0.0352466977956324 0.0363916623742969 0.0380290654946485 0.0409410934440611 0.0434005566952335 0.0447522642089675 0.0474493086971666 0.0508627070123274 0.0551360294181062 0.0593589060927324 0.0633570785792171 0.0687008025359966 0.0744268414172921 0.0788510096589558 0.0848604849321773 0.0921195130739419 0.0980100861201486 0.10520768406982 0.110581550028199 0.114540909930987 0.119085515922176 0.125271189562945 0.129247250636997 0.135962476574005 0.141531683659612 0.145387470889882 0.152667087811629 0.163495162974062 0.169902732823999 0.172774630302477 0.17539731022972 0.176753964660104 0.182427943516683 0.186516350582815 0.182993821571299 0.18205770972388 0.190774010436661 0.194312558147702 0.195267082460775 0.202097618691631 0.236696851088455 0.288005108501014 0.322914201562985 -9999 -9999 -9999 -9999 -9999 -9999 -9999 -9999 -9999 -9999 -9999 -9999 -9999
0.0332916938042208 0.0337598536803441 0.0339011492147179 0.03488947802981 0.0371991039324622 0.0398918605346895 0.041051041726569 0.0437048848236118 0.0466644504710649 0.0497181131620042 0.0527909213481221 0.0572560765684224 0.0621873043682283 0.067496236344102 0.0731412517203861 0.0775512293245658 0.0839259397812351 0.0908176492754799 0.0963862191311108 0.101856865394352 0.106884673255884 0.110654688521847 0.114374981360384 0.121555230961911 0.125169064384613 0.130432522004737 0.137632228200856 0.145969271987838 0.155449843288896 0.164384553326387 0.168466595157181 0.168049916634282 0.178360363333655 0.185445779500941 0.190139200171305 0.188943589895018 0.188105254842125 0.187671382533492 0.185488751319485 0.185780987058585 0.187071812923679 0.233642535007414 0.270930775583081 0.30077554746828 0.327385161823039 -9999 -9999 -9999 -9999 -9999 -9999 -9999 -9999 -9999 -9999 -9999 -9999 -9999
0.0323557571257032 0.0327026615057001 0.0328679474935892 0.0340577327864121 0.0362280244096755 0.0391004614212929 0.0397250226384326 0.0430175737738898 0.046184989370998 0.0484136583982946 0.0509841698744936 0.0559475391266232 0.0614335542189337 0.066525425663402 0.0722454054877563 0.0766043201194151 0.0826090592331034 0.0890327751765669 0.0945072808733115 0.0994596978428043 0.104361181589184 0.105831256751341 0.108332452477269 0.116140329597485 0.120184225210586 0.126184057460314 0.13365782904751 0.145876713207279 0.158941944454832 0.159932027609159 0.15499348355979 0.163606867189545 0.16805379673071 0.17849622044892 0.191124183329752 0.199427051725666 0.18667635421822 0.180049587217814 0.182423941628026 0.190597902905575 0.198333787318204 0.261047147496424 0.290356025224553 0.309251907173897 0.326791746598328 -9999 -9999 -9999 -9999 -9999 -9999 -9999 -9999 -9999 -9999 -9999 -9999 -9999
0.0313141322875638 0.03157221038039 0.0317998001338353 0.0332975906772237 0.0355284089703793 0.0381485211966505 0.0392067833440125 0.0422580000880464 0.0445998235077365 0.0464848208836211 0.0495506187498698 0.0546170050724013 0.0603676662724316 0.065515692000017 0.0712510089486803 0.0759313990201098 0.0816538385720111 0.0877390681972809 0.0929497279748421 0.0983695447667142 0.10263217288463 0.101426695088757 0.105280582956593 0.114090364921711 0.11861741307696 0.125045926528838 0.128438409649779 0.144142969561114 0.159586045512652 0.159810923998767 0.155816408550982 0.174787055679731 0.180998768743459 0.189443109750247 0.192594506031262 0.187913027114816 0.18137523063333 0.175014874170222 0.176939075198933 0.188891666515131 0.212295354157952 0.273293034825484 0.290351025888206 -9999 -9999 -9999 -9999 -9999 -9999 -9999 -9999 -9999 -9999 -9999 -9999 -9999 -9999 -9999
0.030157458338998 0.0303727457960157 0.0307557623574622 0.0325682456662141 0.0350210627066612 0.0370207730951049 0.0387813514416428 0.0412449584636609 0.0425437545800052 0.0445486414926325 0.0485330061714456 0.0535680718840846 0.0590814051862929 0.0644955028131216 0.0703221516378697 0.0748887514518934 0.0809387622078833 0.0865327043856648 0.0920422353343656 0.0970753179376815 0.100511586084145 0.100921726365222 0.108277358474262 0.117358865175257 0.121796865252373 0.126624270924972 0.128169568491158 0.14316189203189 0.164128429878881 0.156926460484157 0.166463997693294 0.177942688597015 0.199259535318952 0.202489409299321 0.202686194342044 0.197951298785431 0.187207097491813 0.18193484037323 0.175521218807412 0.182997062108345 0.222211799372568 0.272107416982652 -9999 -9999 -9999 -9999 -9999 -9999 -9999 -9999 -9999 -9999 -9999 -9999 -9999 -9999 -9999 -9999
0.0290801761134926 0.0292276740964357 0.029899929774549 0.0320496704477885 0.0344024409950139 0.0359407114874718 0.0379578640915976 0.0400307342887622 0.041226564802906 0.0434683077094678 0.0479519827288231 0.0533656667036906 0.0581144810240612 0.063506443981535 0.0696464444561603 0.0723646986080894 0.0785603729788853 0.0833936970800411 0.0904216229772751 0.0963091917590073 0.103731021511027 0.109456734520616 0.118234902207637 0.125728531571573 0.133014450775226 0.140041966177314 0.133454136600277 0.150861452561048 0.170645726556191 0.163327373680948 0.175063067714024 0.189483262147272 0.206786368998935 0.210922658573822 0.213859389710763 0.213901077894993 0.204830394615151 0.204053270190688 0.189897902206998 0.194129671999249 0.234328330985183 0.270056157709613 -9999 -9999 -9999 -9999 -9999 -9999 -9999 -9999 -9999 -9999 -9999 -9999 -9999 -9999 -9999 -9999
0.0280441480060122 0.0281911510786445 0.0291456633298648 0.0316563056694071 0.0335540940893456 0.0350299414813663 0.0368849045359736 0.038746607015936 0.0405186273470969 0.0430573197327754 0.0471194838152063 0.0524397240041546 0.0577109991477776 0.0619020838801293 0.0663059013485268 0.0678192345701342 0.0746739343819388 0.078811681695329 0.0878072061160903 0.0948614310677968 0.102176454911409 0.110927233179883 0.117345403123474 0.125224811859201 0.134249735102822 0.144116205529924 0.147065302065644 0.159279136893166 0.171601648789295 0.17473997781222 0.1846944250331 0.197342607939625 0.207025339482844 0.213178851004266 0.218306828245029 0.220841271253323 0.223067419522698 0.226454159353814 0.222104533728367 0.235428108323076 0.249022476120525 -9999 -9999 -9999 -9999 -9999 -9999 -9999 -9999 -9999 -9999 -9999 -9999 -9999 -9999 -9999 -9999 -9999
