layers/veg_pts/veg5100.asc
NCOLS 255 
NROWS 330 
XLLCORNER -2985163.8955 
YLLCORNER -3022031.214 
CELLSIZE 25000 
NODATA_value -9999 
[rows 130 to 155 of 330, columns 57 to 113 of 255]
0.269095835453201 0.213307711714371 0.136271216297516 0.148262684157144 0.143300723888849 0.130546050393607 0.129164640065098 0.148909702463535 0.13120300638185 0.126688377845148 0.141501247589569 0.176101269659906 0.180039210240858 0.188254440709749 0.219086426634363 0.234938921801113 0.230028635200503 0.246765595615648 0.277351944525939 0.282826557792443 0.281927544251946 0.293622469065377 0.293760541215018 0.275152895707607 0.278207532565403 0.343800122286733 0.49371917793617 0.494436893162342 0.48678497207139 0.52624853057397 0.513498857285442 0.516921490538501 0.497483938024064 0.489390006163535 0.469366351292038 0.448262563674361 0.426767227449101 0.406845262828236 0.38845438750343 0.374492205467167 0.360099227117776 0.34481379575831 0.330931432283548 0.318295206224089 0.306331987334439 0.29507056756345 0.28636101247047 0.2788035316695 0.269934796350798 0.260319196539296 0.250433415146239 0.243349536151383 0.236137534656492 0.230283518583411 0.226879020510693 0.220237022666266 0.213660561762988
0.323479130713211 0.253032103877295 0.160583029250588 0.166632850989127 0.134033137841461 0.134411108672863 0.149511488581906 0.131212119200708 0.114702418233372 0.10992440442069 0.118129527566537 0.134737799269491 0.142616940165478 0.166291290415687 0.19774686402503 0.218209417468912 0.227529568390148 0.239704954491598 0.263468205435609 0.280922473400713 0.285598458514985 0.299157681080018 0.29893815029605 0.282908997574166 0.278799267366683 0.340547667288734 0.424777797966832 0.493034339196628 0.502335912580345 0.46693755360818 0.510173504847185 0.472029676647454 0.486691572576855 0.47940275200854 0.460766576224383 0.441973365595586 0.421951057089055 0.402501752069463 0.38427181687751 0.370559132197049 0.356078787128323 0.340537975451169 0.326570565603666 0.313657702913098 0.301530698650005 0.290436319955236 0.281440714853158 0.273687705916605 0.264891650137639 0.254761293745487 0.243603369956535 0.235581930570948 0.228347625710066 0.222253139768003 0.218792906214602 0.213562858694369 0.208120440048361
0.37310373599132 0.321183477500363 0.229855058056841 0.222122510385235 0.177820091564881 0.165666846876826 0.180900322547834 0.144647457084151 0.123248286071806 0.108289520255059 0.112688789729199 0.127971884843883 0.133572570684601 0.148980062094409 0.175296729108294 0.190423638612609 0.196562479339285 0.210153090368052 0.232925140011239 0.269266278761604 0.28236391236726 0.292310788293257 0.2938711360214 0.288006853786022 0.279847240331333 0.331552874971191 0.402394958659882 0.448793386221346 0.495155893336091 0.472313526635604 0.491172622716753 0.488184348734541 0.478589050480583 0.456486621272585 0.447710022685049 0.432136763738638 0.413756439557385 0.396192315369844 0.378342229968545 0.364699034870947 0.350536652588444 0.335338488430743 0.321245197873954 0.307752567361297 0.295625738669722 0.284935867852152 0.275666653143681 0.267463659480801 0.258551364292792 0.248656388509266 0.236488971675469 0.22584344709732 0.219300365958244 0.21392817851869 0.209725518189641 0.202599687803812 0.19920380565167
0.368557058292852 0.338200935716544 0.285711581648673 0.238170292491939 0.252573522316491 0.198827998151261 0.195336527866599 0.189922825299711 0.167624184909348 0.124562821031733 0.117250774871842 0.129983931220367 0.120983182650148 0.129951627855772 0.162287758440207 0.189032731454612 0.174692697067402 0.183732931744203 0.210717574723707 0.241781764272291 0.27375127089715 0.284248091861743 0.291412592216937 0.287594681101765 0.281708124447617 0.309969206531234 0.330290086458784 0.374910458010888 0.447609423658265 0.479667910266479 0.473674898526381 0.4441826525748 0.441266081728985 0.397448590608691 0.409905685281204 0.41732681164208 0.404598443402943 0.388602256012867 0.372373691766823 0.358905734430548 0.344737379577927 0.329817799292752 0.315793355317429 0.301935671944023 0.289627564804644 0.278973435648024 0.269692968978963 0.261503026685602 0.252689050162481 0.24353529067454 0.230809684289765 0.217073188165932 0.208293837837723 0.203830273900854 0.199372566899366 0.192554236365883 0.190391209471393
0.37472971101693 0.35852466392355 0.319119460054129 0.261950532768187 0.196737713729342 0.164588392439711 0.18277066182899 0.223963884316596 0.21655333688589 0.156480086919561 0.137207553776773 0.176493203914973 0.184554430885419 0.160174817827954 0.172612844927658 0.169281992065053 0.165289103286064 0.186740508027167 0.214406459710511 0.22636891420302 0.260913129594537 0.271064226955393 0.279679789508497 0.285532702428749 0.286596801319808 0.295870427083694 0.264870869508711 0.274384684745129 0.344014930616078 0.434825269904897 0.43867577671711 0.416302996625423 0.417270113161994 0.391645277121588 0.382347446371087 0.393546546004879 0.391241673654885 0.380046236718013 0.366146239462235 0.352509502460815 0.339065623504063 0.324354748703669 0.310045418734549 0.296452620348753 0.284077965346177 0.272771380750006 0.263436253707117 0.255763988270381 0.246648083168628 0.236322302766347 0.22299869271249 0.209171837608195 0.195781334688198 0.189876615367449 0.188235990099149 0.18709788255789 0.183065438727855
0.381612115699793 0.381699267574657 0.366024139486811 0.311603186207 0.238713968853172 0.193890424686877 0.193228597486062 0.19447563848241 0.201916556574852 0.203227177662873 0.182125761334622 0.227172396907526 0.218935249006883 0.17334658190227 0.167934632503873 0.152435761822892 0.162754219850065 0.173137665273555 0.203772742571498 0.201379928956043 0.232535525127686 0.250362917764813 0.264706339956797 0.272833584112697 0.276413985822274 0.270064051137451 0.271953650138902 0.211053861302441 0.239132795233511 0.348772860282004 0.391190789246278 0.388909559229464 0.394814474284052 0.37596807106215 0.349244748240163 0.348122715823102 0.367451035445923 0.372779986299253 0.359364864454545 0.345979814444475 0.333215336040798 0.318632919301556 0.304180628806484 0.290518469181095 0.278244055858853 0.266925619372946 0.257619959261187 0.25035019996396 0.240322084856592 0.229241620957445 0.211625787963112 0.193342510230095 0.187551389474651 0.17858552737162 0.179792625362189 0.178720166852077 0.172744876877412
-9999 0.403058458888763 0.389573786751573 0.359585078501094 0.311339008337889 0.257790266881176 0.252465899852126 0.271122345950866 0.274474768491537 0.262238172269987 0.245450250871793 0.264859919773942 0.192409183462687 0.183448512330061 0.180323198496224 0.149538019539498 0.163797768635346 0.15452367103073 0.189111309335101 0.202382633004935 0.195113457799668 0.238938499635921 0.241749687185861 0.258682599775807 0.263886401058625 0.253366222814621 0.256629955150833 0.234780159294093 0.209637362538173 0.264180485363638 0.325635540559475 0.357162780804765 0.359951344987637 0.324439700113045 0.313229083480306 0.312286052961452 0.320011801485589 0.340566824593132 0.347648355562256 0.339530463246031 0.326944854078207 0.312215111186725 0.297975330950086 0.284812561103828 0.272379619057181 0.260871886303705 0.251378503707347 0.244120103087712 0.23470192694072 0.224982675863614 0.213849012889223 0.202141596393668 0.187635147766124 0.169638478935193 0.168004190565531 0.170276958972755 0.166735994702317
-9999 -9999 -9999 -9999 0.348340900573525 0.299750060049766 0.313783958120744 0.299279277915717 0.287108929030602 0.282320848633264 0.294523251378544 0.337189795592317 0.293682247514142 0.252175373475298 0.242634611276308 0.181237867789794 0.166063811217482 0.140628177617975 0.181682783201756 0.186546753363681 0.175418232094881 0.204535357295349 0.22863334157784 0.232662372453958 0.226430349653163 0.24229540319322 0.242580929719683 0.241449824250217 0.223081623556544 0.206450804656304 0.239826323270054 0.312442789836273 0.322676345417337 0.268181835146745 0.281831847967708 0.291141449193312 0.266391751074543 0.290936272048007 0.326356070690373 0.333228425835952 0.320821490917278 0.306186038096615 0.292266932970349 0.27948983605594 0.266844013007891 0.25486663238426 0.245756575351559 0.238882385714279 0.229079794011319 0.219779082063122 0.210898787380556 0.200863559084487 0.184537261610511 0.170065127186289 0.168415824301294 0.167364163509404 0.159420986989128
-9999 -9999 -9999 -9999 -9999 -9999 0.341114851364256 0.315488223608193 0.341798963217847 0.335754257524045 0.331128186950027 0.339906941270471 0.335475382511179 0.327574318466612 0.296415233554868 0.243536020652912 0.183855405359935 0.17326287735075 0.187856681239645 0.170521423358525 0.163484739295467 0.169629064607343 0.210467163402963 0.21184352323266 0.224791803935901 0.227708133519062 0.218999884468845 0.221248289528352 0.218771753220259 0.216883631790757 0.214413780550451 0.22461527206939 0.280899953627235 0.257197648576282 0.251134185572288 0.248735447063132 0.221358072715382 0.24976664318759 0.288512753367337 0.321500785899711 0.314276716897084 0.301292197709214 0.287987453108876 0.275200460556989 0.262238004028934 0.249998568446928 0.240623614058063 0.234045899295163 0.224554376770735 0.215355198544677 0.206858102152815 0.198468647631839 0.187442437557405 0.175050092228737 0.174059539969248 0.164578373287296 0.160072434442025
-9999 -9999 -9999 -9999 -9999 -9999 -9999 -9999 0.366454816956226 0.352955021778096 0.339129396138979 0.365366490719624 0.338490781016986 0.337167507618893 0.306700859028808 0.253350367564508 0.233308554625712 0.25620416971903 0.197997458379395 0.156090705218338 0.149783678342464 0.153022628437581 0.193821946906807 0.196021412151405 0.217083229894049 0.225674685193728 0.218531222464352 0.208831294520834 0.20030952016453 0.209063420412696 0.244548753358752 0.199282569498916 0.182581920571047 0.230769379518374 0.198662573921317 0.143724446366228 0.171762335692801 0.214088074808643 0.228443860380718 0.280963410597792 0.286158516292695 0.286758146180485 0.279499970453673 0.269466944162701 0.256381732542211 0.245151910453513 0.23487235111798 0.227977881885 0.218850006785277 0.209798283279114 0.201442851659229 0.193521874312424 0.186305958733529 0.177320056899729 0.174710693788522 0.164817932836019 0.159119092861199
-9999 -9999 -9999 -9999 -9999 -9999 -9999 -9999 -9999 -9999 -9999 -9999 0.345192628238318 0.338284842978124 0.338583204185094 0.320690277566034 0.30768806978167 0.290923876377989 0.186107268389407 0.133521553628896 0.142424973952735 0.154956458543114 0.178403825764989 0.181553973716777 0.199690130431338 0.215015769358351 0.213040511717018 0.202088413285965 0.188419173565031 0.188926264106109 0.198618892958167 0.173549848462613 0.131609276180442 0.147519282880348 0.201307185613622 0.164399900797616 0.0818198654222328 0.0895208980700566 0.151636742695641 0.180405533937513 0.207097395483716 0.249191262494244 0.25911867315336 0.254051600709545 0.242869716202168 0.238828566883117 0.228033176669781 0.22055459365223 0.211517568504488 0.202693332845327 0.19510358664762 0.187288203660205 0.1806566787089 0.174730884832377 0.170545577965186 0.164195855602089 0.157642445016344
-9999 -9999 -9999 -9999 -9999 -9999 -9999 -9999 -9999 -9999 -9999 -9999 -9999 0.374297788553969 0.380535333067509 0.354764740769491 0.328046994508149 0.308087186621346 0.228505941019981 0.160354134756063 0.175182480247984 0.16540182342528 0.158107732453612 0.167128179479067 0.18097303906321 0.196182458916505 0.200810290242437 0.196500423840323 0.18529197947788 0.18183207281286 0.179293356253175 0.158695215526956 0.128536121259694 0.12930667014263 0.156508518873858 0.143787727045178 0.134432703871243 0.144303393098963 0.0931934819732639 0.0744185505071459 0.140517541607228 0.208769796387989 0.227952200173441 0.215717790668304 0.209865409978283 0.223762504967355 0.216786354745588 0.211318211377328 0.203095583761475 0.194547365889516 0.188338751465421 0.181570827365705 0.174710058363147 0.16896091126357 0.164992293027114 0.159867527168996 0.155010218090975
-9999 -9999 -9999 -9999 -9999 -9999 -9999 -9999 -9999 -9999 -9999 -9999 -9999 0.408493723905804 0.397344062326396 0.365433553736154 0.342856956711745 0.334192458287037 0.293310565215048 0.255412889129819 0.240111592912586 0.164179291666646 0.136993724803921 0.158483293609691 0.166535007287727 0.177803188363198 0.184570841267252 0.185950295155758 0.181964265922656 0.177856550019106 0.173779802490672 0.157116682149655 0.137865227179 0.127160992648 0.119980174320898 0.127580213541788 0.157662662844525 0.158225138795618 0.109478563513862 0.0660870434175646 0.0624114091058212 0.101157288110115 0.109812965628043 0.149295278219403 0.138060759923729 0.159335365668117 0.183732373319079 0.193950279683309 0.19009841752638 0.184018148277074 0.180381218872867 0.175497304639106 0.168899234639199 0.162847174417536 0.158853802265188 0.154113165497717 0.147934297205479
-9999 -9999 -9999 -9999 -9999 -9999 -9999 -9999 -9999 -9999 -9999 -9999 -9999 -9999 -9999 -9999 0.354282329913829 0.362370077257686 0.352706633988356 0.332641238486667 0.30565296362905 0.229639725275614 0.158870019785442 0.149210376787046 0.157979506032441 0.157557350298768 0.160758178373444 0.165706705525328 0.168033910773607 0.164186610010864 0.1618212631991 0.154779193833921 0.142900257462847 0.127087329302892 0.101360725691724 0.0994211353281832 0.118432933818478 0.112794179954525 0.13334364923663 0.0932981320389439 0.0833072038134444 0.125527376104932 0.114028320598924 0.135432755446473 0.125648372649527 0.128883486091561 0.131035036759175 0.155166238774355 0.162914289914822 0.171882925985808 0.174407570296058 0.169057324925038 0.162780424487315 0.15720142783137 0.153295641966418 0.14870611943422 0.144726077610409
-9999 -9999 -9999 -9999 -9999 -9999 -9999 -9999 -9999 -9999 -9999 -9999 -9999 -9999 -9999 -9999 0.363155988283891 0.381010725086445 0.392899223478021 0.381141225369296 0.363458849704143 0.298118217464846 0.198365737269196 0.147711328946278 0.144429834488269 0.132182542622222 0.13608325900079 0.146857123639096 0.140692027094005 0.143761754432529 0.145006977829251 0.142009294583049 0.138608680300867 0.125001333873858 0.0959734677722142 0.0743267915280519 0.0800667860450895 0.0744265137216739 0.12610321040272 0.111927970010662 0.115652330262392 0.121627292485481 0.128636743840839 0.120528848137264 0.126361883947426 0.116574470523972 0.1085964208278 0.12530659102052 0.150248216171578 0.161502211894911 0.168078214917507 0.162978694307501 0.15704405244368 0.151731641101776 0.147952709388636 0.143654848906919 0.139841162200789
-9999 -9999 -9999 -9999 -9999 -9999 -9999 -9999 -9999 -9999 -9999 -9999 -9999 -9999 -9999 -9999 -9999 -9999 0.409701334447408 0.400513362713165 0.394980464306765 0.339821359868911 0.228581590216691 0.154864209838529 0.127065465236355 0.110876820722531 0.121335544644709 0.144460951823334 0.132150944673307 0.136756293685509 0.135781560582925 0.122875482203414 0.129817994030808 0.119081445558804 0.0933697687041554 0.0605075111207134 0.0710976474850328 0.0704989000914394 0.0971669585377671 0.127084756607632 0.113924900818027 0.108185239573116 0.123481709726018 0.108124408425956 0.120888927346374 0.100667861023713 0.0684733895365677 0.111586902646134 0.144002251779874 0.157092434186258 0.162466287785726 0.156792617223083 0.151499100211749 0.146185147292752 0.142574174624576 0.138441357662112 0.134615237868989
-9999 -9999 -9999 -9999 -9999 -9999 -9999 -9999 -9999 -9999 -9999 -9999 -9999 -9999 -9999 -9999 -9999 -9999 -9999 0.402653282830037 0.403902976038354 0.361953310923875 0.264077497149649 0.182839994157781 0.134135155023006 0.107627117824307 0.116642766904604 0.133681129526866 0.145988518147277 0.142109537394408 0.133885685770159 0.126864921219551 0.120483027011733 0.112234392332783 0.0890084219465044 0.0511784208167642 0.0649906687814814 0.0687283485607984 0.0664451050211501 0.13211033089591 0.0871774820593075 0.101875682511537 0.107386909178163 0.115313818169822 0.13267462002301 0.0901194339484708 0.0542968928977067 0.105285453298034 0.146636240471397 0.156208205834961 0.158211984829953 0.152514925808461 0.147218661686347 0.141968459489388 0.138538745834487 0.134465371949265 0.130632773814567
-9999 -9999 -9999 -9999 -9999 -9999 -9999 -9999 -9999 -9999 -9999 -9999 -9999 -9999 -9999 -9999 -9999 -9999 -9999 -9999 0.378703022055321 0.36543866996336 0.290763804369556 0.209444675821828 0.139628489517185 0.115938933091791 0.12472275443007 0.134293811759655 0.145042487640306 0.139387533573535 0.130432299606421 0.121316778450852 0.11517183928947 0.108230529669854 0.0935672573092655 0.0668338353340284 0.0617107305427805 0.0462358309291427 0.035265335078753 0.0835941356460255 0.0759422199939767 0.0880367740866395 0.0926021254495392 0.114619295150746 0.142836226857213 0.0879567277645791 0.0825413437467159 0.111847478198694 0.15119697572232 0.154914772809521 0.153968962671854 0.148336427382999 0.142983436714803 0.137596974538388 0.133639931018176 0.129070020978304 0.124371763703081
-9999 -9999 -9999 -9999 -9999 -9999 -9999 -9999 -9999 -9999 -9999 -9999 -9999 -9999 -9999 -9999 -9999 -9999 -9999 -9999 0.356075879536241 0.352448997945542 0.295291718116575 0.227888232025385 0.143109503446167 0.106484584563837 0.10727725728659 0.129198800660785 0.138126430505479 0.132904861154182 0.124968485821841 0.114111397048795 0.106124504366288 0.0989613564643366 0.0871234638297157 0.0531120675755447 0.0299669299071825 0.0311109236483952 0.0198880659083797 0.0425500799247511 0.0469993646336945 0.0951964252896766 0.0690608183073872 0.0458435083948559 0.0906668871576861 0.0870159007332321 0.117147589498073 0.128258983048092 0.144998170235264 0.147996267536445 0.147567011880166 0.142780940433685 0.137745689902206 0.13222531937888 0.127928515087034 0.123099130377638 0.117761770722475
-9999 -9999 -9999 -9999 -9999 -9999 -9999 -9999 -9999 -9999 -9999 -9999 -9999 -9999 -9999 -9999 -9999 -9999 -9999 -9999 0.353716664070979 0.340812904717925 0.303891348905885 0.249827900621044 0.16096203319394 0.0822697803208344 0.0689952302712727 0.0940479207338869 0.112600812191704 0.12543558604297 0.118967549981202 0.108241019498369 0.0976142355821489 0.0904872909826887 0.0807066586455446 0.0587758747265307 0.0153776718977351 0.0223996407845706 0.019606428063348 0.0479682087658636 0.0437998325962475 0.0408201462152358 0.0119866166411111 0.0223699515964661 0.066828008420415 0.0871313627567686 0.130239887486385 0.111633119778248 0.122943057567315 0.131381057880125 0.13772390780528 0.136405761986994 0.131680125795843 0.126510785417756 0.123096145942724 0.119103686490305 0.114510227333533
-9999 -9999 -9999 -9999 -9999 -9999 -9999 -9999 -9999 -9999 -9999 -9999 -9999 -9999 -9999 -9999 -9999 -9999 -9999 -9999 0.342714801455661 0.340890624520607 0.318646687705007 0.281302080455355 0.158872370837523 0.0877703348976966 0.0629959367972128 0.0580678217797397 0.0849585920593688 0.11613238205998 0.112078035370068 0.102399125600691 0.0905548340587831 0.0816101203477667 0.0711148878821015 0.0511671987624899 0 0 0.0190813637336965 0.00894770454877435 0 0.0435340396999479 0.0577978727832431 0.0252016314645169 0.0383976843332151 0.0582420098232542 0.112056428508323 0.121466936615719 0.109502184005801 0.116547502155549 0.127275537047992 0.128274049549067 0.125109795226334 0.120863306598703 0.117786974171446 0.114847037351119 0.111356582665683
-9999 -9999 -9999 -9999 -9999 -9999 -9999 -9999 -9999 -9999 -9999 -9999 -9999 -9999 -9999 -9999 -9999 -9999 -9999 -9999 -9999 0.370373258865344 0.306299895671478 0.280995540083201 0.195979674595592 0.108006494405825 0.0974351328724582 0.108703237460126 0.105377192562225 0.105058159804352 0.103078933868683 0.0928284456172056 0.0843264393482209 0.0748381323829607 0.057683374203449 0.0412882249992748 0 0 0 0 0 0.0164498684124401 0.00280518825266822 0.00919644273644932 0.0596166044216043 0.0622462183660216 0.101517768352308 0.112956567483374 0.102954909170968 0.0829690616384724 0.118508638157224 0.120997993516821 0.118549546208449 0.115312745549573 0.112709748655705 0.107056886678168 0.107741181690797
-9999 -9999 -9999 -9999 -9999 -9999 -9999 -9999 -9999 -9999 -9999 -9999 -9999 -9999 -9999 -9999 -9999 -9999 -9999 -9999 -9999 -9999 0.303670105304504 0.284103482808333 0.221106117404852 0.115210983783302 0.0681100726235941 0.0727071242845915 0.0999021297693351 0.0975752410362012 0.0931845575001729 0.0777456811844434 0.0770608732249842 0.0710915573915545 0.0469216191582557 0.0334907972136565 0 0 0 0 0.000636144327371743 0.00277502234437138 0 0 0.029589340716448 0.0628596817667254 0.10008494637018 0.102635436970736 0.102966863883823 0.0908654941215519 0.114649396983495 0.115478368982183 0.113156090435931 0.110718207514455 0.108360237588455 0.104016513660331 0.101776835975165
-9999 -9999 -9999 -9999 -9999 -9999 -9999 -9999 -9999 -9999 -9999 -9999 -9999 -9999 -9999 -9999 -9999 -9999 -9999 -9999 -9999 -9999 0.290507838351565 0.287044699930963 0.246116290209711 0.143320246825684 0.0855878062665514 0.0597726141659447 0.0746516482316913 0.070805944808077 0.0834293810876353 0.0623889320340431 0.0674083032324987 0.0640118579168799 0.0475294760287727 0.0170189980943957 0 0.00464703422658468 0 0.00651724273484343 0.000260235669282936 0.00436438791481555 0 0 0 0.0596086172877403 0.0983930523667745 0.100980480376265 0.0990213017070706 0.0968079266567066 0.11100207645671 0.111048613524693 0.108762136257659 0.106497106738383 0.104254477491799 0.101629457881678 0.0994242226492021
-9999 -9999 -9999 -9999 -9999 -9999 -9999 -9999 -9999 -9999 -9999 -9999 -9999 -9999 -9999 -9999 -9999 -9999 -9999 -9999 -9999 -9999 0.288470881905208 0.287024487516069 0.256014055888429 0.163997236683208 0.0938885148244794 0.0525931409481773 0.0688865981959298 0.0766211519919217 0.0782106102040076 0.0692741530517479 0.0628782490828141 0.0565525550662059 0.0444129883550267 0.00529457709152092 0 0 0 0.0117933111129287 0 0 0 0 0.00935652762722781 0.0668214642596993 0.0953707003514696 0.0986878244459169 0.0910592944637095 0.094375315722236 0.106778613979579 0.107223985812444 0.10555485163415 0.103476339439986 0.1011688653254 0.0993702199334307 0.0979732534505596
-9999 -9999 -9999 -9999 -9999 -9999 -9999 -9999 -9999 -9999 -9999 -9999 -9999 -9999 -9999 -9999 -9999 -9999 -9999 -9999 -9999 -9999 0.285546934212837 0.284666775755859 0.260746438782022 0.175088697461827 0.0942783871917064 0.0518122313724242 0.0677494899321286 0.0739760517659439 0.0720074744109419 0.0666748305704219 0.0584006691365 0.0515580740761156 0.0422897201641887 0.00231177569762995 0 0 0 0.0292604072764055 0.0223688464133181 0 0 0.00164270372721186 0.0513100869130507 0.0876027828511035 0.0955310802158285 0.0900949090643546 0.0817126891571064 0.0921547745641766 0.10299144624707 0.104046128186017 0.103060485122003 0.101319098731742 0.0988581900256359 0.0969847095296656 0.0957303302659866
