113,113,625
112,112,625
112,113,625
112,114,625
113,112,625
113,114,625
114,112,625
114,113,625
114,114,625
111,111,625
111,112,625
111,113,625
112,111,625
113,111,625
111,114,625
111,115,625
112,115,625
113,115,625
114,111,625
114,115,625
115,111,625
115,112,625
115,113,625
115,114,625
115,115,625
110,112,625
110,113,625
110,114,625
112,110,625
113,110,625
114,110,625
110,111,625
111,110,625
110,115,625
115,110,625
114,116,625
116,112,625
116,113,625
116,114,625
116,111,625
110,110,625
116,115,625
116,110,625
109,112,625
109,113,625
109,114,625
109,115,625
109,111,625
112,109,625
113,109,625
114,109,625
111,109,625
115,109,625
109,116,625
109,110,625
117,112,625
117,113,625
117,114,625
117,111,625
110,109,625
116,109,625
117,110,625
108,112,625
108,113,625
108,114,625
108,115,625
109,109,625
108,111,625
110,116,625
111,116,625
112,116,625
113,116,625
115,116,625
116,116,625
117,115,625
117,116,625
114,117,625
115,117,625
108,116,625
112,108,625
113,108,625
114,108,625
111,108,625
108,110,625
115,108,625
117,109,625
110,108,625
118,112,625
118,113,625
118,114,625
116,108,625
108,109,625
118,111,625
110,117,625
118,115,625
109,108,625
108,117,625
109,117,625
118,110,625
107,112,625
107,113,625
107,114,625
107,111,625
107,115,625
107,110,625
117,108,625
111,107,625
112,107,625
113,107,625
114,107,625
118,109,625
107,116,625
108,108,625
110,107,625
115,107,625
109,118,625
110,118,625
107,109,625
116,107,625
109,107,625
107,117,625
119,111,625
119,112,625
119,113,625
108,118,625
119,114,625
118,108,625
119,110,625
106,111,625
106,112,625
106,113,625
119,115,625
106,114,625
107,108,625
117,107,625
106,110,625
108,107,625
106,115,625
119,109,625
111,106,625
112,106,625
113,106,625
114,106,625
106,116,625
107,118,625
106,109,625
110,106,625
115,106,625
108,119,625
109,119,625
110,119,625
111,119,625
118,107,625
106,117,625
109,106,625
107,107,625
116,106,625
119,108,625
120,111,625
120,112,625
120,113,625
120,114,625
106,108,625
120,115,625
120,110,625
105,111,625
105,112,625
105,113,625
105,114,625
117,106,625
108,106,625
106,118,625
107,119,625
105,110,625
105,115,625
120,109,625
119,107,625
105,109,625
111,105,625
112,105,625
113,105,625
105,116,625
114,105,625
106,107,625
118,106,625
110,105,625
107,106,625
115,105,625
108,120,625
109,120,625
110,120,625
105,117,625
120,108,625
106,119,625
109,105,625
111,120,625
116,105,625
105,108,625
121,111,625
121,112,625
121,113,625
121,114,625
121,115,625
107,120,625
105,118,625
121,110,625
119,106,625
108,105,625
104,111,625
104,112,625
104,113,625
106,106,625
104,114,625
117,105,625
120,107,625
104,110,625
105,107,625
104,115,625
121,109,625
104,109,625
104,116,625
107,105,625
105,119,625
111,104,625
112,104,625
113,104,625
118,105,625
106,120,625
110,104,625
114,104,625
121,108,625
104,117,625
115,104,625
109,104,625
120,106,625
104,108,625
105,106,625
113,117,625
116,117,625
117,117,625
118,116,625
111,118,625
119,116,625
120,116,625
112,120,625
106,105,625
116,104,625
119,105,625
121,116,625
122,111,625
122,112,625
122,113,625
122,114,625
104,118,625
121,107,625
108,104,625
108,121,625
109,121,625
110,121,625
122,110,625
104,107,625
122,115,625
103,111,625
103,112,625
103,113,625
111,121,625
105,120,625
117,104,625
103,114,625
103,110,625
107,121,625
122,109,625
103,115,625
107,104,625
103,109,625
104,119,625
120,105,625
105,105,625
118,104,625
121,106,625
104,106,625
103,116,625
110,103,625
111,103,625
112,103,625
113,103,625
122,116,625
114,103,625
106,121,625
122,108,625
103,108,625
109,103,625
103,117,625
115,103,625
106,104,625
119,104,625
104,120,625
116,103,625
108,103,625
122,107,625
103,107,625
104,105,625
105,121,625
103,118,625
121,105,625
105,104,625
117,103,625
123,110,625
123,111,625
123,112,625
123,113,625
102,111,625
102,112,625
102,113,625
102,110,625
102,114,625
120,104,625
123,114,625
107,103,625
123,109,625
102,109,625
122,117,625
107,122,625
103,106,625
102,115,625
123,115,625
103,119,625
122,106,625
118,103,625
102,116,625
111,102,625
112,102,625
113,102,625
106,122,625
123,108,625
110,102,625
104,121,625
102,108,625
114,102,625
123,116,625
106,103,625
109,102,625
104,104,625
121,104,625
119,103,625
115,102,625
103,120,625
103,105,625
102,117,625
122,105,625
105,122,625
108,102,625
123,107,625
102,107,625
116,102,625
123,117,625
105,103,625
102,118,625
120,103,625
117,102,625
101,111,625
101,112,625
101,113,625
106,123,625
103,121,625
124,110,625
124,111,625
124,112,625
124,113,625
101,110,625
107,102,625
104,122,625
101,114,625
102,106,625
103,104,625
124,109,625
124,114,625
101,109,625
123,106,625
102,119,625
122,104,625
101,115,625
105,123,625
104,103,625
118,102,625
124,115,625
121,103,625
124,108,625
101,108,625
101,116,625
110,101,625
111,101,625
112,101,625
113,101,625
106,102,625
102,120,625
122,118,625
123,118,625
102,105,625
124,116,625
114,101,625
123,105,625
119,102,625
109,101,625
103,122,625
101,117,625
115,101,625
101,107,625
124,107,625
108,101,625
104,123,625
105,102,625
103,103,625
116,101,625
102,121,625
124,117,625
101,118,625
122,103,625
120,102,625
102,104,625
117,101,625
100,110,625
100,111,625
100,112,625
100,113,625
123,104,625
107,101,625
101,106,625
124,106,625
101,119,625
100,114,625
125,110,625
125,111,625
125,112,625
125,113,625
100,109,625
104,102,625
125,109,625
125,114,625
121,102,625
118,101,625
102,122,625
103,123,625
100,115,625
106,101,625
125,115,625
100,108,625
101,120,625
101,105,625
102,103,625
125,108,625
110,100,625
111,100,625
112,100,625
113,100,625
100,116,625
124,105,625
109,100,625
114,100,625
103,102,625
119,101,625
125,116,625
123,103,625
100,117,625
100,107,625
101,121,625
115,100,625
122,102,625
125,107,625
105,101,625
108,100,625
101,104,625
102,123,625
116,100,625
120,101,625
100,118,625
103,124,625
125,117,625
124,104,625
107,100,625
100,106,625
117,100,625
101,122,625
99,110,625
99,111,625
99,112,625
99,113,625
125,106,625
104,101,625
102,102,625
100,119,625
99,109,625
99,114,625
101,103,625
126,110,625
126,111,625
126,112,625
121,101,625
126,109,625
126,113,625
125,118,625
123,102,625
106,100,625
100,120,625
99,115,625
124,103,625
100,105,625
126,114,625
99,108,625
102,124,625
126,108,625
125,105,625
103,101,625
101,123,625
99,116,625
110,99,625
111,99,625
112,99,625
113,99,625
126,115,625
109,99,625
100,121,625
114,99,625
122,101,625
119,100,625
105,100,625
126,116,625
99,107,625
99,117,625
108,99,625
100,104,625
101,102,625
126,107,625
115,99,625
111,117,625
112,117,625
118,117,625
115,118,625
116,118,625
112,119,625
112,121,625
119,117,625
120,117,625
121,117,625
113,119,625
113,120,625
121,118,625
124,118,625
122,119,625
123,119,625
124,119,625
125,104,625
99,118,625
102,101,625
120,100,625
100,122,625
126,117,625
124,102,625
101,124,625
99,106,625
107,99,625
104,100,625
99,119,625
126,106,625
100,103,625
98,110,625
98,111,625
98,112,625
98,113,625
121,100,625
100,123,625
98,109,625
125,103,625
98,114,625
106,99,625
99,105,625
99,120,625
98,108,625
98,115,625
127,109,625
127,110,625
127,111,625
127,112,625
103,100,625
101,101,625
126,105,625
127,113,625
110,98,625
111,98,625
112,98,625
126,118,625
127,108,625
98,116,625
109,98,625
100,102,625
122,100,625
99,121,625
127,114,625
124,101,625
105,99,625
100,124,625
99,104,625
98,107,625
98,117,625
108,98,625
125,102,625
127,115,625
102,100,625
99,122,625
127,107,625
126,104,625
98,118,625
125,119,625
107,98,625
127,116,625
104,99,625
98,106,625
99,103,625
98,119,625
100,101,625
127,106,625
99,123,625
100,125,625
101,125,625
97,110,625
97,111,625
97,112,625
126,103,625
101,100,625
125,101,625
97,109,625
97,113,625
126,119,625
106,98,625
98,120,625
97,114,625
122,99,625
127,117,625
98,105,625
111,97,625
112,97,625
103,99,625
97,108,625
109,97,625
110,97,625
99,124,625
97,115,625
127,105,625
99,102,625
128,109,625
128,110,625
128,111,625
128,112,625
126,102,625
98,121,625
108,97,625
105,98,625
97,116,625
128,108,625
128,113,625
127,118,625
98,104,625
97,107,625
128,114,625
102,99,625
97,117,625
98,122,625
124,100,625
125,100,625
100,100,625
127,104,625
128,107,625
107,97,625
99,125,625
99,101,625
128,115,625
104,98,625
97,118,625
126,101,625
97,106,625
98,103,625
98,123,625
127,119,625
97,119,625
110,96,625
111,96,625
112,96,625
128,116,625
101,99,625
128,106,625
127,103,625
106,97,625
96,109,625
96,110,625
96,111,625
96,112,625
109,96,625
103,98,625
97,105,625
97,120,625
96,113,625
128,117,625
126,100,625
96,108,625
96,114,625
98,102,625
99,100,625
128,105,625
98,124,625
127,102,625
105,97,625
108,96,625
97,121,625
96,115,625
128,118,625
129,109,625
129,110,625
129,111,625
129,112,625
100,99,625
97,104,625
96,107,625
129,108,625
99,126,625
100,126,625
102,98,625
96,116,625
129,113,625
107,96,625
128,104,625
97,122,625
96,117,625
128,119,625
98,101,625
127,101,625
104,97,625
129,107,625
129,114,625
98,125,625
96,118,625
97,103,625
96,106,625
129,115,625
110,95,625
111,95,625
112,95,625
125,99,625
106,96,625
101,98,625
97,123,625
99,99,625
128,103,625
96,119,625
129,106,625
129,116,625
109,95,625
103,97,625
98,100,625
127,100,625
95,110,625
95,111,625
95,112,625
96,105,625
96,120,625
129,117,625
95,109,625
95,113,625
97,102,625
108,95,625
98,126,625
128,102,625
105,96,625
95,108,625
95,114,625
97,124,625
100,98,625
129,105,625
129,118,625
95,115,625
96,121,625
129,119,625
102,97,625
96,104,625
95,107,625
107,95,625
130,109,625
130,110,625
130,111,625
130,112,625
99,127,625
100,127,625
95,116,625
130,108,625
97,101,625
98,99,625
129,104,625
104,96,625
130,113,625
127,99,625
96,122,625
130,107,625
95,117,625
130,114,625
97,125,625
99,98,625
125,98,625
126,98,625
96,103,625
95,106,625
106,95,625
95,118,625
101,97,625
130,115,625
98,127,625
129,103,625
96,123,625
103,96,625
130,106,625
130,116,625
110,94,625
111,94,625
97,100,625
128,100,625
95,119,625
109,94,625
97,126,625
95,105,625
130,117,625
108,94,625
96,102,625
105,95,625
95,120,625
94,109,625
94,110,625
94,111,625
94,112,625
100,97,625
129,102,625
94,113,625
130,118,625
98,98,625
130,105,625
94,108,625
94,114,625
96,124,625
130,119,625
102,96,625
128,99,625
107,94,625
97,99,625
95,104,625
95,121,625
94,107,625
94,115,625
104,95,625
96,101,625
129,101,625
130,104,625
94,116,625
131,108,625
131,109,625
131,110,625
131,111,625
131,112,625
99,97,625
130,120,625
97,127,625
131,113,625
95,122,625
94,117,625
131,107,625
96,125,625
101,96,625
95,103,625
94,106,625
106,94,625
131,114,625
98,128,625
99,128,625
130,103,625
103,95,625
94,118,625
131,115,625
96,100,625
131,106,625
113,118,625
114,118,625
112,118,625
117,118,625
118,118,625
113,121,625
109,122,625
110,122,625
111,122,625
112,122,625
121,119,625
119,118,625
114,119,625
115,119,625
116,119,625
117,119,625
113,122,625
120,118,625
114,120,625
114,121,625
124,120,625
125,120,625
126,120,625
127,120,625
128,120,625
129,120,625
97,98,625
127,98,625
131,116,625
95,123,625
94,119,625
109,93,625
110,93,625
111,93,625
98,97,625
94,105,625
105,94,625
96,126,625
95,102,625
100,96,625
130,102,625
131,117,625
108,93,625
125,97,625
126,97,625
127,97,625
131,105,625
93,110,625
93,111,625
93,112,625
94,120,625
93,109,625
93,113,625
97,128,625
102,95,625
129,99,625
129,100,625
131,118,625
93,108,625
95,124,625
96,99,625
93,114,625
94,104,625
107,93,625
104,94,625
93,115,625
95,101,625
94,121,625
131,104,625
93,107,625
96,127,625
99,96,625
130,101,625
131,119,625
93,116,625
132,109,625
132,110,625
132,111,625
97,97,625
132,108,625
101,95,625
129,98,625
132,112,625
95,125,625
106,93,625
94,103,625
93,106,625
132,107,625
132,113,625
115,120,625
96,98,625
94,122,625
131,103,625
93,117,625
103,94,625
95,100,625
98,129,625
99,129,625
112,123,625
132,114,625
114,122,625
116,120,625
98,96,625
93,118,625
132,106,625
129,121,625
109,92,625
110,92,625
130,100,625
132,115,625
115,121,625
94,123,625
100,95,625
93,105,625
113,123,625
131,120,625
96,128,625
95,126,625
94,102,625
105,93,625
93,119,625
108,92,625
131,102,625
132,116,625
97,129,625
102,94,625
132,105,625
92,109,625
92,110,625
92,111,625
95,99,625
130,121,625
92,112,625
96,97,625
93,120,625
107,92,625
92,113,625
92,108,625
132,117,625
94,124,625
93,104,625
104,93,625
114,123,625
115,122,625
97,96,625
94,101,625
92,114,625
92,107,625
95,127,625
99,95,625
125,96,625
126,96,625
127,96,625
132,104,625
131,101,625
93,121,625
92,115,625
132,118,625
101,94,625
130,99,625
95,98,625
92,116,625
133,108,625
133,109,625
133,110,625
133,111,625
93,103,625
106,92,625
92,106,625
133,112,625
131,121,625
94,125,625
103,93,625
133,107,625
96,129,625
94,100,625
93,122,625
132,103,625
92,117,625
133,113,625
132,119,625
98,95,625
109,91,625
110,91,625
128,96,625
95,128,625
131,100,625
133,106,625
96,96,625
133,114,625
92,118,625
100,94,625
105,92,625
93,102,625
92,105,625
108,91,625
94,126,625
95,97,625
93,123,625
133,115,625
132,102,625
102,93,625
97,130,625
98,130,625
99,130,625
94,99,625
92,119,625
133,105,625
132,120,625
133,116,625
91,110,625
91,111,625
91,112,625
97,95,625
107,91,625
91,109,625
131,99,625
92,104,625
104,92,625
92,120,625
91,108,625
91,113,625
93,124,625
99,94,625
93,101,625
94,127,625
133,117,625
91,114,625
95,129,625
132,101,625
133,104,625
91,107,625
101,93,625
94,98,625
125,95,625
126,95,625
127,95,625
132,121,625
96,130,625
95,96,625
92,121,625
106,91,625
91,115,625
131,98,625
92,103,625
134,109,625
134,110,625
134,111,625
133,118,625
93,125,625
103,92,625
93,100,625
91,106,625
124,95,625
91,116,625
134,108,625
134,112,625
96,95,625
133,103,625
134,107,625
98,94,625
132,100,625
92,122,625
91,117,625
134,113,625
94,128,625
128,95,625
133,119,625
100,93,625
94,97,625
92,102,625
105,91,625
91,105,625
134,106,625
91,118,625
134,114,625
93,126,625
108,90,625
109,90,625
110,90,625
102,92,625
93,99,625
92,123,625
133,102,625
95,130,625
134,115,625
133,120,625
111,90,625
134,105,625
91,119,625
107,90,625
90,109,625
90,110,625
90,111,625
99,93,625
104,91,625
92,101,625
91,104,625
134,116,625
90,112,625
94,129,625
97,131,625
98,131,625
91,120,625
90,113,625
90,108,625
93,127,625
92,124,625
133,101,625
133,121,625
101,92,625
93,98,625
134,104,625
132,98,625
90,107,625
90,114,625
134,117,625
106,90,625
96,131,625
91,103,625
103,91,625
91,121,625
90,115,625
92,125,625
92,100,625
134,118,625
133,100,625
135,108,625
135,109,625
135,110,625
135,111,625
134,103,625
90,106,625
133,122,625
90,116,625
93,128,625
135,112,625
135,107,625
100,92,625
125,94,625
126,94,625
127,94,625
91,122,625
94,130,625
93,97,625
90,117,625
135,113,625
135,106,625
91,102,625
95,131,625
131,97,625
102,91,625
92,99,625
90,105,625
135,114,625
124,94,625
92,126,625
134,102,625
90,118,625
128,94,625
91,123,625
135,105,625
135,115,625
93,129,625
104,90,625
90,119,625
109,89,625
110,89,625
134,121,625
91,101,625
90,104,625
107,89,625
134,101,625
135,116,625
89,108,625
89,109,625
89,110,625
89,111,625
89,112,625
92,127,625
101,91,625
92,98,625
91,124,625
90,120,625
89,113,625
97,132,625
98,132,625
111,89,625
135,104,625
135,117,625
89,114,625
89,107,625
123,94,625
94,131,625
134,122,625
91,100,625
90,103,625
96,132,625
90,121,625
134,100,625
89,115,625
135,118,625
93,130,625
91,125,625
135,103,625
89,106,625
135,119,625
136,108,625
136,109,625
136,110,625
136,111,625
92,128,625
105,89,625
89,116,625
136,107,625
136,112,625
90,102,625
90,122,625
91,99,625
95,132,625
89,117,625
136,113,625
136,106,625
135,102,625
89,105,625
91,126,625
112,89,625
112,90,625
90,123,625
89,118,625
136,114,625
130,96,625
136,105,625
92,129,625
126,93,625
127,93,625
90,101,625
136,115,625
124,93,625
93,131,625
89,104,625
135,101,625
89,119,625
104,89,625
108,88,625
109,88,625
110,88,625
135,120,625
135,121,625
106,88,625
107,88,625
88,109,625
88,110,625
88,111,625
108,122,625
107,123,625
108,123,625
105,124,625
106,124,625
107,124,625
104,124,625
120,119,625
121,120,625
122,120,625
123,120,625
118,119,625
119,119,625
109,123,625
110,123,625
111,123,625
117,120,625
118,120,625
125,121,625
126,121,625
127,121,625
128,121,625
116,121,625
111,124,625
112,124,625
113,124,625
115,123,625
117,121,625
130,122,625
116,122,625
114,124,625
131,122,625
115,124,625
116,123,625
132,122,625
99,131,625
94,132,625
91,127,625
136,116,625
88,108,625
88,112,625
134,123,625
90,124,625
136,104,625
89,120,625
135,122,625
88,113,625
90,100,625
135,100,625
136,117,625
111,88,625
89,103,625
88,107,625
123,93,625
88,114,625
136,118,625
89,121,625
96,133,625
97,133,625
98,133,625
92,130,625
136,103,625
88,115,625
90,99,625
105,88,625
88,106,625
137,108,625
137,109,625
137,110,625
90,125,625
89,102,625
137,107,625
137,111,625
91,128,625
88,116,625
89,122,625
136,102,625
137,112,625
137,106,625
122,121,625
95,133,625
88,105,625
112,88,625
136,119,625
88,117,625
137,113,625
93,132,625
89,101,625
90,126,625
137,105,625
136,101,625
125,92,625
126,92,625
92,131,625
88,118,625
137,114,625
117,122,625
89,123,625
88,104,625
91,129,625
89,100,625
88,119,625
137,115,625
137,104,625
136,100,625
87,109,625
87,110,625
87,111,625
94,133,625
123,92,625
87,108,625
87,112,625
89,99,625
137,116,625
88,120,625
116,124,625
90,127,625
89,124,625
88,103,625
112,125,625
113,125,625
114,125,625
87,107,625
87,113,625
136,120,625
117,123,625
137,103,625
87,114,625
137,117,625
87,106,625
91,130,625
88,121,625
88,102,625
87,115,625
92,132,625
115,125,625
138,107,625
138,108,625
138,109,625
138,110,625
89,125,625
137,118,625
96,134,625
97,134,625
98,134,625
137,102,625
138,111,625
113,88,625
113,89,625
90,128,625
87,116,625
138,106,625
88,122,625
87,105,625
88,101,625
138,112,625
87,117,625
137,101,625
138,113,625
138,105,625
125,91,625
126,91,625
127,91,625
136,121,625
136,122,625
137,119,625
95,134,625
88,100,625
124,91,625
91,131,625
89,126,625
138,114,625
118,123,625
112,126,625
113,126,625
116,125,625
117,124,625
88,123,625
87,104,625
87,118,625
137,100,625
88,99,625
122,91,625
123,91,625
90,129,625
138,104,625
138,115,625
94,134,625
87,119,625
114,126,625
87,103,625
86,108,625
86,109,625
86,110,625
86,111,625
86,112,625
113,87,625
89,127,625
137,99,625
86,107,625
137,120,625
88,124,625
87,120,625
138,116,625
138,103,625
86,113,625
91,132,625
90,130,625
87,102,625
86,114,625
138,117,625
87,121,625
86,106,625
93,134,625
138,102,625
86,115,625
89,128,625
88,125,625
139,107,625
139,108,625
139,109,625
139,110,625
86,105,625
87,101,625
139,106,625
139,111,625
137,121,625
138,118,625
86,116,625
87,122,625
138,101,625
139,112,625
139,105,625
87,100,625
137,122,625
90,131,625
95,135,625
86,117,625
88,126,625
86,104,625
139,113,625
87,99,625
123,90,625
124,90,625
125,90,625
138,119,625
89,129,625
126,90,625
127,90,625
87,123,625
86,118,625
139,114,625
139,104,625
94,135,625
86,103,625
87,98,625
90,132,625
139,115,625
86,119,625
85,108,625
85,109,625
85,110,625
138,120,625
88,127,625
138,99,625
85,111,625
87,124,625
139,103,625
85,107,625
85,112,625
89,130,625
139,116,625
86,120,625
86,102,625
85,113,625
85,106,625
93,135,625
85,114,625
128,90,625
128,91,625
122,90,625
138,121,625
139,117,625
139,102,625
121,90,625
121,91,625
121,92,625
88,128,625
87,125,625
86,121,625
86,101,625
85,115,625
140,107,625
140,108,625
140,109,625
85,105,625
140,110,625
89,131,625
140,106,625
140,111,625
138,122,625
139,118,625
85,116,625
86,100,625
136,98,625
137,98,625
138,98,625
86,122,625
140,105,625
140,112,625
85,104,625
88,129,625
87,126,625
85,117,625
139,100,625
86,99,625
92,135,625
139,119,625
140,113,625
89,132,625
140,104,625
86,123,625
85,118,625
85,103,625
140,114,625
124,89,625
125,89,625
126,89,625
84,108,625
84,109,625
84,110,625
87,127,625
86,98,625
123,89,625
139,120,625
88,130,625
127,89,625
85,119,625
140,115,625
140,103,625
89,133,625
84,107,625
84,111,625
86,124,625
84,112,625
85,102,625
140,116,625
85,120,625
139,121,625
84,106,625
84,113,625
140,102,625
122,89,625
85,101,625
84,114,625
87,128,625
86,125,625
88,131,625
140,117,625
139,122,625
140,101,625
85,121,625
84,105,625
84,115,625
141,106,625
141,107,625
141,108,625
141,109,625
141,110,625
128,89,625
139,98,625
139,99,625
85,100,625
141,111,625
141,105,625
140,118,625
85,122,625
84,116,625
88,132,625
87,129,625
84,104,625
141,112,625
91,135,625
86,126,625
139,123,625
140,119,625
84,117,625
85,99,625
141,104,625
141,113,625
121,89,625
85,123,625
84,103,625
84,118,625
141,114,625
87,130,625
140,120,625
88,133,625
141,103,625
86,127,625
85,98,625
83,108,625
83,109,625
83,110,625
84,119,625
141,115,625
83,107,625
83,111,625
85,124,625
84,102,625
140,121,625
141,102,625
83,106,625
83,112,625
140,99,625
140,100,625
87,131,625
84,120,625
141,116,625
83,113,625
84,101,625
123,88,625
124,88,625
125,88,625
126,88,625
86,128,625
140,122,625
83,105,625
83,114,625
102,125,625
103,125,625
104,125,625
101,126,625
101,127,625
100,128,625
100,129,625
120,120,625
123,121,625
124,121,625
100,130,625
128,122,625
129,122,625
134,119,625
134,120,625
99,132,625
132,123,625
133,123,625
99,133,625
135,123,625
108,124,625
109,124,625
105,125,625
106,125,625
107,125,625
108,125,625
119,120,625
120,121,625
121,121,625
110,124,625
118,121,625
119,121,625
127,122,625
110,125,625
111,125,625
118,122,625
131,123,625
134,124,625
99,134,625
122,122,625
117,125,625
111,126,625
115,126,625
118,124,625
116,126,625
137,123,625
119,122,625
119,123,625
119,124,625
111,127,625
112,127,625
113,127,625
114,127,625
117,126,625
118,125,625
115,127,625
138,123,625
136,97,625
137,97,625
138,97,625
139,97,625
85,125,625
141,117,625
84,121,625
142,106,625
142,107,625
142,108,625
90,135,625
83,115,625
142,109,625
127,88,625
88,134,625
89,134,625
84,100,625
142,105,625
142,110,625
129,89,625
129,90,625
129,91,625
141,101,625
87,132,625
122,88,625
141,118,625
84,122,625
83,104,625
83,116,625
142,111,625
86,129,625
142,104,625
120,91,625
85,126,625
84,99,625
142,112,625
83,117,625
109,125,625
121,93,625
141,119,625
83,103,625
142,113,625
140,123,625
84,123,625
128,88,625
83,118,625
84,98,625
87,133,625
86,130,625
142,114,625
110,126,625
121,88,625
141,100,625
83,102,625
82,107,625
82,108,625
82,109,625
82,110,625
85,127,625
141,120,625
84,124,625
83,119,625
142,115,625
82,111,625
82,106,625
84,97,625
82,112,625
140,98,625
83,101,625
86,131,625
83,120,625
82,105,625
82,113,625
109,126,625
85,128,625
142,116,625
141,121,625
82,114,625
143,107,625
143,108,625
140,97,625
84,125,625
83,121,625
83,100,625
118,126,625
143,109,625
119,90,625
119,92,625
120,88,625
87,134,625
142,117,625
82,104,625
82,115,625
143,105,625
143,110,625
129,88,625
142,101,625
136,96,625
138,96,625
86,132,625
124,87,625
125,87,625
126,87,625
85,129,625
119,125,625
82,116,625
143,104,625
143,111,625
123,87,625
83,122,625
83,99,625
84,126,625
142,118,625
143,112,625
141,122,625
82,103,625
82,117,625
143,103,625
122,87,625
127,87,625
114,128,625
83,98,625
139,96,625
83,123,625
143,113,625
85,130,625
82,118,625
141,99,625
115,128,625
130,89,625
130,90,625
130,91,625
142,100,625
142,119,625
84,127,625
82,102,625
141,123,625
86,133,625
121,87,625
143,114,625
81,107,625
81,108,625
81,109,625
81,110,625
141,98,625
82,119,625
81,106,625
81,111,625
119,126,625
128,87,625
83,124,625
83,97,625
143,115,625
142,120,625
82,101,625
81,112,625
85,131,625
82,120,625
140,96,625
84,128,625
143,116,625
81,105,625
81,113,625
144,107,625
144,108,625
144,109,625
120,87,625
83,125,625
82,100,625
81,114,625
130,88,625
142,121,625
82,121,625
144,110,625
144,104,625
144,105,625
142,99,625
81,104,625
143,117,625
81,115,625
119,127,625
141,97,625
85,132,625
84,129,625
82,99,625
144,111,625
129,87,625
83,96,625
142,122,625
83,126,625
82,122,625
81,116,625
144,112,625
143,118,625
81,103,625
144,103,625
143,100,625
143,101,625
143,102,625
81,117,625
139,95,625
123,86,625
124,86,625
125,86,625
82,98,625
144,113,625
142,123,625
85,133,625
126,86,625
84,130,625
122,86,625
82,123,625
81,102,625
118,89,625
119,89,625
119,93,625
119,87,625
119,88,625
83,127,625
143,119,625
81,118,625
144,114,625
142,98,625
80,107,625
80,108,625
80,109,625
127,86,625
121,86,625
81,119,625
80,110,625
81,101,625
142,124,625
80,106,625
80,111,625
82,97,625
82,124,625
84,131,625
131,89,625
131,90,625
131,91,625
143,120,625
83,128,625
144,115,625
80,105,625
80,112,625
130,87,625
144,102,625
81,120,625
80,113,625
145,107,625
143,99,625
142,97,625
144,116,625
81,100,625
128,86,625
131,92,625
120,86,625
82,125,625
143,121,625
84,132,625
81,121,625
80,104,625
80,114,625
145,106,625
145,110,625
131,88,625
83,129,625
144,117,625
80,115,625
82,96,625
81,99,625
143,122,625
145,111,625
145,103,625
145,104,625
145,105,625
82,126,625
80,103,625
80,116,625
145,112,625
129,86,625
144,118,625
142,96,625
143,123,625
139,94,625
143,98,625
80,117,625
81,98,625
145,113,625
80,102,625
119,86,625
82,127,625
144,119,625
80,118,625
122,85,625
123,85,625
124,85,625
125,85,625
126,85,625
145,114,625
143,124,625
79,107,625
79,108,625
79,109,625
131,87,625
80,101,625
80,119,625
79,106,625
79,110,625
145,102,625
121,85,625
81,124,625
143,97,625
79,111,625
81,97,625
82,128,625
144,120,625
145,115,625
79,105,625
79,112,625
130,86,625
127,85,625
118,88,625
79,113,625
144,99,625
144,100,625
144,101,625
80,100,625
81,125,625
144,121,625
145,116,625
79,104,625
146,106,625
82,129,625
146,109,625
146,110,625
146,111,625
79,114,625
143,96,625
128,85,625
120,85,625
81,96,625
145,117,625
80,99,625
81,126,625
144,122,625
79,103,625
79,115,625
146,105,625
146,112,625
118,87,625
132,88,625
79,116,625
139,93,625
140,93,625
144,98,625
145,118,625
118,86,625
145,101,625
144,123,625
146,113,625
131,86,625
129,85,625
81,127,625
79,102,625
79,117,625
80,98,625
146,103,625
146,104,625
81,95,625
145,119,625
79,118,625
119,85,625
132,87,625
146,114,625
142,95,625
143,95,625
144,124,625
144,97,625
79,101,625
78,106,625
78,107,625
78,108,625
78,109,625
123,84,625
124,84,625
125,84,625
78,110,625
117,87,625
146,102,625
80,97,625
145,120,625
122,84,625
146,115,625
78,105,625
78,111,625
147,105,625
147,106,625
147,107,625
130,85,625
126,84,625
78,112,625
121,84,625
80,126,625
131,93,625
79,100,625
146,116,625
78,104,625
78,113,625
145,100,625
127,84,625
145,121,625
144,96,625
80,96,625
78,114,625
132,86,625
145,99,625
145,122,625
146,117,625
78,103,625
147,110,625
147,111,625
147,112,625
147,104,625
118,85,625
120,84,625
79,99,625
78,115,625
78,117,625
146,101,625
128,84,625
131,85,625
146,118,625
78,116,625
117,86,625
102,126,625
101,128,625
100,131,625
124,122,625
125,122,625
126,122,625
129,123,625
130,123,625
100,132,625
133,124,625
135,124,625
136,123,625
121,122,625
123,122,625
94,136,625
105,126,625
132,124,625
136,124,625
106,126,625
107,126,625
108,126,625
120,122,625
133,125,625
134,125,625
110,127,625
116,127,625
120,124,625
120,125,625
111,128,625
112,128,625
113,128,625
118,127,625
141,124,625
109,127,625
120,126,625
114,129,625
115,129,625
120,127,625
119,128,625
145,98,625
147,109,625
80,95,625
145,123,625
78,102,625
147,113,625
133,87,625
133,88,625
133,89,625
144,95,625
79,98,625
129,84,625
147,103,625
119,84,625
146,119,625
147,114,625
78,101,625
77,107,625
77,108,625
77,109,625
145,97,625
146,100,625
145,124,625
79,97,625
77,106,625
77,110,625
147,102,625
77,105,625
138,92,625
139,92,625
141,92,625
141,93,625
141,94,625
117,85,625
146,120,625
147,115,625
77,111,625
147,108,625
132,85,625
130,84,625
133,86,625
122,83,625
123,83,625
124,83,625
125,83,625
78,100,625
126,83,625
77,104,625
77,112,625
121,83,625
147,116,625
77,113,625
77,116,625
77,117,625
80,94,625
116,86,625
147,101,625
79,96,625
118,84,625
146,121,625
148,104,625
148,105,625
148,106,625
77,114,625
146,99,625
77,115,625
145,125,625
127,83,625
77,103,625
148,107,625
78,99,625
147,117,625
131,84,625
120,83,625
128,83,625
146,122,625
79,95,625
146,98,625
147,118,625
77,102,625
148,103,625
143,94,625
144,94,625
133,85,625
78,98,625
147,100,625
148,110,625
148,111,625
148,112,625
145,95,625
146,123,625
148,109,625
148,113,625
148,108,625
119,83,625
129,83,625
147,119,625
77,101,625
76,106,625
76,107,625
76,108,625
132,84,625
146,97,625
78,97,625
76,109,625
148,114,625
148,102,625
76,110,625
76,105,625
119,129,625
146,124,625
79,94,625
77,100,625
76,111,625
130,83,625
147,120,625
148,115,625
76,104,625
76,112,625
118,83,625
147,99,625
148,101,625
122,82,625
123,82,625
124,82,625
125,82,625
76,115,625
76,116,625
76,117,625
78,96,625
76,113,625
146,96,625
147,121,625
148,116,625
121,82,625
126,82,625
76,114,625
146,125,625
77,99,625
76,103,625
145,94,625
138,91,625
139,91,625
140,91,625
133,84,625
131,83,625
127,82,625
115,87,625
134,85,625
120,82,625
148,117,625
147,98,625
147,122,625
76,102,625
148,100,625
78,95,625
142,93,625
148,118,625
79,93,625
80,93,625
149,104,625
149,105,625
149,106,625
128,82,625
147,123,625
144,93,625
137,92,625
149,103,625
149,107,625
119,82,625
132,83,625
147,97,625
76,101,625
149,110,625
149,111,625
149,112,625
129,82,625
148,119,625
75,106,625
75,107,625
75,108,625
75,109,625
146,126,625
77,97,625
149,109,625
149,113,625
118,82,625
78,94,625
149,102,625
134,84,625
147,124,625
75,105,625
75,110,625
148,99,625
149,114,625
75,111,625
148,120,625
76,100,625
75,104,625
75,112,625
149,108,625
145,93,625
130,82,625
75,115,625
75,116,625
75,117,625
142,92,625
146,94,625
146,95,625
133,83,625
77,96,625
149,115,625
75,113,625
147,96,625
149,101,625
122,81,625
123,81,625
124,81,625
75,114,625
147,125,625
76,99,625
148,121,625
75,103,625
121,81,625
125,81,625
149,116,625
126,81,625
141,91,625
142,91,625
131,82,625
148,98,625
120,81,625
78,93,625
77,95,625
148,122,625
149,117,625
127,81,625
75,102,625
149,100,625
135,84,625
135,85,625
134,83,625
119,81,625
149,118,625
143,92,625
128,81,625
148,97,625
148,123,625
147,95,625
146,93,625
132,82,625
75,101,625
118,81,625
149,119,625
150,104,625
150,105,625
150,106,625
150,110,625
150,111,625
150,112,625
74,106,625
74,107,625
74,108,625
149,99,625
77,94,625
150,103,625
150,107,625
129,81,625
150,109,625
150,113,625
74,105,625
74,109,625
74,110,625
148,124,625
144,92,625
145,92,625
75,100,625
150,108,625
74,104,625
74,111,625
137,90,625
138,90,625
140,90,625
150,102,625
133,82,625
149,120,625
76,96,625
150,114,625
74,112,625
148,96,625
135,83,625
74,113,625
130,81,625
150,115,625
74,114,625
74,103,625
74,115,625
74,116,625
74,117,625
121,80,625
122,80,625
123,80,625
124,80,625
78,92,625
79,92,625
80,92,625
150,101,625
148,125,625
149,98,625
149,121,625
125,80,625
150,116,625
120,80,625
77,93,625
143,91,625
134,82,625
76,95,625
126,80,625
131,81,625
74,102,625
119,80,625
149,122,625
150,117,625
146,92,625
150,100,625
127,80,625
147,94,625
148,95,625
118,80,625
149,97,625
74,101,625
147,93,625
132,81,625
149,123,625
150,118,625
128,80,625
76,94,625
151,109,625
151,110,625
151,111,625
151,112,625
150,119,625
74,100,625
117,80,625
151,104,625
151,105,625
151,106,625
73,105,625
73,106,625
73,107,625
73,108,625
73,109,625
151,108,625
150,99,625
129,80,625
149,124,625
151,103,625
151,107,625
151,113,625
73,110,625
135,82,625
144,91,625
73,104,625
73,111,625
77,92,625
136,83,625
151,102,625
73,112,625
142,90,625
149,96,625
133,81,625
150,120,625
151,114,625
73,113,625
148,94,625
149,125,625
73,103,625
73,114,625
143,90,625
130,80,625
75,95,625
73,115,625
121,79,625
122,79,625
123,79,625
150,98,625
151,101,625
150,121,625
151,115,625
73,116,625
120,79,625
124,79,625
147,92,625
138,89,625
139,89,625
73,117,625
76,93,625
151,116,625
73,102,625
125,79,625
141,89,625
134,81,625
78,91,625
79,91,625
119,79,625
145,91,625
131,80,625
150,122,625
126,79,625
146,91,625
149,95,625
151,117,625
136,82,625
73,118,625
151,100,625
73,101,625
118,79,625
75,94,625
127,79,625
150,97,625
144,90,625
150,123,625
151,118,625
148,93,625
132,80,625
77,91,625
135,81,625
128,79,625
152,109,625
152,110,625
152,111,625
76,92,625
150,124,625
151,119,625
152,108,625
152,112,625
72,105,625
72,106,625
72,107,625
72,108,625
151,99,625
117,79,625
152,103,625
152,104,625
152,105,625
152,106,625
72,104,625
72,109,625
72,110,625
152,107,625
93,136,625
92,136,625
138,124,625
139,124,625
140,124,625
101,129,625
101,130,625
101,131,625
128,123,625
100,133,625
131,124,625
100,134,625
126,123,625
130,124,625
135,125,625
100,135,625
121,123,625
122,123,625
123,123,625
117,127,625
137,124,625
120,123,625
110,128,625
116,128,625
108,127,625
113,129,625
116,129,625
118,128,625
120,128,625
142,125,625
143,125,625
101,132,625
124,123,625
125,123,625
101,133,625
132,125,625
132,126,625
133,126,625
134,126,625
121,124,625
121,125,625
121,126,625
111,129,625
112,129,625
121,127,625
113,130,625
114,130,625
115,130,625
116,130,625
118,129,625
120,129,625
118,130,625
119,130,625
120,130,625
152,113,625
72,111,625
149,94,625
129,79,625
150,125,625
72,112,625
150,96,625
133,80,625
151,120,625
152,102,625
72,103,625
142,89,625
143,89,625
147,91,625
148,92,625
152,114,625
72,113,625
75,93,625
72,114,625
130,79,625
145,90,625
72,115,625
121,78,625
122,78,625
123,78,625
138,88,625
139,88,625
151,98,625
136,81,625
152,101,625
151,121,625
152,115,625
72,102,625
72,116,625
120,78,625
124,78,625
137,82,625
119,78,625
76,91,625
134,80,625
72,117,625
125,78,625
140,88,625
144,89,625
131,79,625
152,116,625
101,134,625
116,79,625
150,95,625
149,93,625
74,94,625
151,122,625
126,78,625
122,124,625
152,100,625
146,90,625
117,129,625
152,117,625
118,78,625
123,124,625
124,124,625
151,97,625
75,92,625
127,78,625
148,91,625
151,123,625
137,81,625
72,118,625
135,80,625
132,79,625
152,118,625
101,135,625
141,88,625
142,88,625
128,78,625
153,109,625
153,110,625
153,111,625
71,105,625
71,106,625
71,107,625
71,108,625
147,90,625
151,124,625
153,108,625
153,112,625
153,107,625
71,104,625
71,109,625
133,127,625
152,99,625
117,78,625
74,93,625
152,119,625
149,92,625
76,90,625
153,103,625
153,104,625
153,105,625
153,106,625
71,110,625
150,94,625
145,89,625
153,113,625
71,111,625
132,127,625
151,96,625
129,78,625
75,91,625
153,102,625
71,103,625
71,112,625
133,79,625
136,80,625
152,120,625
121,129,625
71,102,625
117,130,625
153,114,625
71,113,625
100,136,625
101,136,625
71,114,625
152,98,625
130,78,625
153,101,625
71,115,625
120,77,625
121,77,625
122,77,625
123,77,625
152,121,625
153,115,625
124,77,625
139,87,625
140,87,625
71,116,625
119,77,625
116,78,625
116,131,625
150,93,625
134,79,625
143,88,625
144,88,625
148,90,625
149,91,625
74,92,625
146,89,625
125,77,625
138,81,625
138,83,625
75,90,625
72,119,625
131,78,625
152,122,625
153,116,625
151,95,625
132,128,625
133,128,625
137,80,625
153,100,625
126,77,625
152,97,625
71,117,625
118,77,625
153,117,625
117,131,625
121,130,625
152,123,625
135,79,625
132,78,625
127,77,625
74,91,625
147,89,625
153,118,625
152,124,625
145,88,625
150,92,625
154,108,625
154,109,625
154,110,625
154,111,625
70,104,625
70,105,625
70,106,625
70,107,625
70,108,625
154,107,625
70,103,625
70,102,625
71,118,625
153,99,625
128,77,625
153,119,625
154,112,625
70,109,625
70,110,625
154,104,625
154,105,625
154,106,625
151,94,625
117,77,625
154,103,625
152,96,625
154,113,625
70,111,625
70,112,625
115,78,625
149,90,625
136,79,625
129,77,625
154,102,625
74,90,625
138,80,625
133,78,625
153,120,625
70,113,625
118,131,625
154,114,625
119,131,625
142,87,625
143,87,625
148,89,625
154,101,625
70,114,625
120,131,625
153,98,625
130,77,625
153,121,625
154,115,625
120,76,625
121,76,625
122,76,625
123,76,625
150,91,625
146,88,625
101,137,625
70,115,625
71,119,625
116,77,625
151,93,625
134,78,625
119,76,625
124,76,625
152,95,625
137,79,625
122,130,625
153,122,625
70,116,625
154,116,625
125,76,625
73,91,625
131,77,625
154,100,625
144,87,625
153,123,625
153,97,625
126,76,625
154,117,625
153,124,625
118,76,625
70,117,625
147,88,625
69,104,625
69,105,625
69,106,625
115,77,625
135,78,625
149,89,625
127,76,625
154,118,625
69,103,625
69,107,625
151,92,625
150,90,625
132,77,625
155,108,625
155,109,625
155,110,625
69,108,625
69,102,625
145,87,625
152,94,625
154,99,625
155,107,625
155,111,625
69,109,625
101,138,625
128,76,625
154,119,625
155,106,625
69,110,625
139,80,625
139,81,625
138,79,625
153,96,625
117,76,625
155,112,625
69,111,625
155,103,625
155,104,625
155,105,625
71,120,625
70,118,625
155,113,625
69,112,625
136,78,625
133,77,625
148,88,625
154,120,625
155,102,625
142,86,625
143,86,625
129,76,625
69,113,625
146,87,625
151,91,625
155,114,625
154,98,625
155,101,625
154,121,625
69,114,625
152,93,625
130,76,625
144,86,625
150,89,625
155,115,625
120,75,625
121,75,625
123,75,625
70,119,625
153,95,625
134,77,625
69,115,625
154,122,625
124,75,625
114,77,625
137,78,625
119,75,625
149,88,625
155,100,625
155,116,625
125,75,625
154,123,625
154,97,625
131,76,625
147,87,625
69,116,625
154,124,625
139,79,625
151,90,625
118,75,625
155,117,625
115,76,625
126,75,625
68,104,625
68,105,625
68,106,625
152,92,625
135,77,625
145,86,625
68,103,625
68,107,625
68,102,625
69,117,625
155,118,625
154,125,625
68,108,625
100,139,625
70,120,625
153,94,625
132,76,625
155,99,625
127,75,625
156,107,625
156,108,625
156,109,625
156,110,625
156,111,625
68,109,625
138,78,625
156,106,625
154,96,625
117,75,625
148,87,625
155,119,625
156,112,625
68,110,625
156,105,625
156,103,625
156,104,625
150,88,625
128,75,625
68,111,625
69,118,625
136,77,625
151,89,625
155,120,625
68,112,625
156,102,625
114,76,625
133,76,625
146,86,625
156,113,625
152,91,625
155,98,625
129,75,625
68,113,625
142,85,625
143,85,625
144,85,625
155,121,625
156,101,625
156,114,625
154,95,625
149,87,625
68,114,625
155,122,625
122,74,625
130,75,625
156,115,625
123,74,625
124,74,625
69,119,625
137,77,625
134,76,625
155,123,625
70,121,625
71,121,625
147,86,625
155,97,625
156,100,625
68,115,625
125,74,625
140,79,625
140,80,625
140,81,625
140,82,625
152,90,625
156,116,625
155,124,625
153,92,625
131,75,625
145,85,625
151,88,625
68,116,625
156,117,625
126,74,625
67,103,625
67,104,625
67,105,625
67,106,625
67,102,625
135,76,625
67,107,625
154,94,625
150,87,625
156,118,625
67,108,625
156,99,625
148,86,625
127,74,625
67,109,625
155,96,625
132,75,625
68,117,625
155,125,625
157,107,625
157,108,625
157,109,625
157,110,625
138,77,625
156,119,625
157,106,625
157,111,625
67,110,625
157,105,625
152,89,625
128,74,625
157,104,625
157,103,625
153,91,625
157,112,625
116,74,625
156,120,625
67,111,625
157,102,625
136,76,625
146,85,625
154,93,625
140,78,625
68,118,625
133,75,625
156,98,625
157,113,625
67,112,625
129,74,625
156,121,625
157,101,625
149,86,625
151,87,625
67,113,625
157,114,625
121,73,625
122,73,625
155,95,625
156,122,625
90,134,625
127,123,625
141,125,625
144,125,625
128,124,625
129,124,625
136,125,625
106,127,625
131,125,625
137,125,625
107,127,625
135,126,625
109,128,625
117,128,625
110,129,625
140,125,625
108,128,625
121,128,625
145,126,625
151,125,625
138,125,625
139,125,625
130,125,625
125,124,625
126,124,625
136,126,625
109,129,625
112,130,625
141,126,625
142,126,625
131,126,625
131,127,625
134,127,625
135,127,625
122,125,625
110,130,625
111,130,625
112,131,625
113,131,625
114,131,625
115,131,625
121,131,625
102,135,625
123,125,625
124,125,625
125,125,625
102,136,625
134,128,625
131,128,625
122,129,625
102,137,625
115,132,625
116,132,625
117,132,625
131,129,625
132,129,625
133,129,625
134,129,625
118,132,625
122,131,625
119,132,625
120,132,625
121,132,625
102,138,625
123,130,625
123,131,625
101,139,625
102,139,625
100,140,625
101,140,625
152,88,625
67,114,625
134,75,625
130,74,625
157,115,625
139,77,625
137,76,625
147,85,625
153,90,625
156,97,625
142,84,625
143,84,625
144,84,625
157,100,625
156,123,625
124,73,625
125,73,625
154,126,625
155,126,625
67,115,625
141,84,625
157,116,625
66,102,625
66,103,625
66,104,625
66,105,625
66,106,625
155,94,625
131,74,625
126,73,625
141,79,625
141,80,625
141,81,625
145,84,625
150,86,625
67,116,625
157,117,625
66,107,625
135,75,625
156,124,625
66,108,625
140,126,625
148,85,625
156,96,625
157,99,625
127,73,625
153,89,625
157,118,625
66,109,625
158,107,625
158,108,625
158,109,625
130,126,625
138,76,625
154,91,625
154,92,625
132,74,625
66,110,625
158,106,625
158,110,625
158,105,625
152,87,625
67,117,625
128,73,625
158,111,625
158,104,625
141,78,625
157,119,625
66,111,625
158,103,625
111,131,625
141,127,625
70,122,625
71,122,625
146,84,625
155,93,625
151,86,625
158,112,625
158,102,625
156,125,625
136,75,625
157,98,625
133,74,625
136,127,625
149,85,625
67,118,625
157,120,625
129,73,625
158,113,625
66,112,625
158,101,625
140,127,625
141,83,625
156,95,625
153,88,625
154,90,625
66,113,625
157,121,625
158,114,625
137,127,625
130,127,625
130,73,625
66,114,625
135,128,625
139,76,625
147,84,625
134,74,625
157,97,625
158,100,625
158,115,625
122,72,625
123,72,625
124,72,625
125,72,625
137,75,625
157,122,625
118,133,625
119,133,625
65,102,625
65,103,625
65,104,625
65,105,625
155,92,625
120,133,625
66,115,625
158,116,625
65,106,625
140,77,625
141,77,625
150,85,625
152,86,625
156,94,625
126,72,625
65,107,625
156,126,625
157,123,625
130,128,625
131,73,625
136,128,625
153,87,625
154,89,625
142,83,625
143,83,625
144,83,625
158,99,625
66,116,625
158,117,625
65,101,625
142,79,625
142,80,625
142,81,625
65,108,625
120,72,625
135,74,625
157,96,625
142,82,625
148,84,625
127,72,625
158,118,625
65,109,625
159,106,625
159,107,625
159,108,625
159,109,625
145,83,625
159,105,625
138,75,625
157,124,625
132,73,625
66,117,625
65,110,625
159,110,625
159,104,625
135,129,625
142,78,625
151,85,625
128,72,625
159,111,625
137,128,625
156,93,625
158,119,625
65,111,625
66,118,625
159,103,625
140,76,625
158,98,625
159,112,625
159,102,625
130,129,625
146,83,625
136,74,625
149,84,625
157,95,625
158,120,625
65,112,625
154,88,625
133,73,625
129,72,625
159,113,625
129,128,625
155,91,625
153,86,625
159,101,625
65,113,625
157,125,625
155,90,625
66,119,625
159,114,625
142,77,625
158,97,625
158,121,625
140,85,625
139,75,625
156,92,625
152,85,625
130,72,625
65,114,625
64,102,625
64,103,625
64,104,625
147,83,625
134,73,625
159,100,625
159,115,625
64,105,625
154,127,625
155,127,625
156,127,625
137,74,625
150,84,625
157,94,625
138,127,625
138,128,625
136,129,625
64,106,625
131,130,625
133,130,625
134,130,625
158,122,625
65,115,625
159,116,625
122,71,625
123,71,625
154,87,625
124,71,625
125,71,625
126,71,625
64,107,625
155,89,625
131,72,625
159,117,625
64,108,625
158,96,625
159,99,625
65,116,625
157,126,625
135,73,625
158,123,625
64,109,625
160,106,625
160,107,625
160,108,625
160,109,625
148,83,625
127,71,625
129,129,625
137,129,625
65,117,625
160,105,625
130,130,625
135,130,625
159,118,625
143,79,625
143,80,625
143,81,625
64,110,625
160,110,625
160,104,625
138,74,625
156,91,625
151,84,625
153,85,625
157,93,625
132,72,625
143,82,625
144,82,625
140,75,625
141,76,625
128,71,625
159,119,625
65,118,625
160,111,625
160,103,625
158,124,625
154,86,625
145,82,625
159,98,625
64,111,625
155,88,625
143,78,625
136,73,625
158,95,625
160,112,625
142,76,625
149,83,625
159,120,625
64,112,625
160,102,625
133,72,625
129,71,625
160,113,625
146,82,625
138,129,625
64,113,625
152,84,625
65,119,625
160,101,625
160,114,625
156,90,625
139,74,625
157,92,625
159,97,625
159,121,625
64,114,625
157,127,625
158,125,625
143,77,625
130,71,625
160,115,625
63,102,625
63,103,625
63,104,625
137,73,625
158,94,625
134,72,625
63,105,625
122,70,625
123,70,625
124,70,625
141,75,625
129,130,625
147,82,625
150,83,625
155,87,625
160,100,625
64,115,625
63,101,625
160,116,625
63,106,625
154,85,625
159,122,625
63,107,625
128,129,625
156,89,625
121,70,625
159,96,625
131,71,625
64,116,625
160,117,625
63,108,625
144,81,625
153,84,625
160,99,625
154,128,625
155,128,625
156,128,625
161,106,625
161,107,625
161,108,625
157,91,625
148,82,625
135,72,625
137,130,625
130,131,625
131,131,625
126,70,625
63,109,625
161,105,625
161,109,625
140,74,625
158,93,625
159,123,625
127,70,625
160,118,625
64,117,625
161,110,625
161,104,625
158,126,625
65,120,625
138,73,625
151,83,625
155,86,625
63,110,625
132,71,625
161,103,625
145,81,625
143,76,625
156,88,625
160,98,625
160,119,625
144,80,625
63,111,625
161,111,625
159,95,625
128,70,625
64,118,625
144,79,625
136,72,625
159,124,625
149,82,625
128,130,625
129,131,625
142,75,625
161,112,625
161,102,625
63,112,625
144,78,625
157,90,625
160,120,625
133,71,625
129,70,625
146,81,625
161,113,625
157,128,625
152,83,625
154,84,625
158,92,625
63,113,625
139,73,625
141,74,625
160,97,625
161,101,625
161,114,625
62,102,625
62,103,625
62,104,625
158,127,625
64,119,625
155,85,625
144,77,625
160,121,625
63,114,625
156,87,625
137,72,625
159,94,625
130,70,625
161,115,625
62,105,625
159,125,625
150,82,625
134,71,625
147,81,625
62,106,625
122,69,625
124,69,625
161,100,625
157,89,625
63,115,625
161,116,625
62,101,625
125,69,625
143,75,625
160,122,625
62,107,625
145,80,625
153,83,625
158,91,625
160,96,625
62,108,625
131,70,625
128,131,625
63,116,625
161,117,625
140,73,625
135,71,625
121,69,625
148,81,625
161,99,625
162,105,625
162,106,625
162,107,625
162,108,625
126,69,625
127,69,625
64,120,625
144,76,625
159,93,625
142,74,625
156,86,625
62,109,625
162,109,625
162,104,625
138,72,625
151,82,625
160,123,625
157,88,625
161,118,625
154,129,625
155,129,625
156,129,625
162,110,625
159,126,625
155,84,625
132,70,625
63,117,625
62,110,625
162,103,625
129,132,625
130,132,625
162,111,625
145,79,625
160,95,625
154,83,625
161,98,625
161,119,625
62,111,625
158,128,625
158,90,625
149,81,625
162,102,625
146,80,625
162,112,625
120,69,625
136,71,625
141,73,625
63,118,625
62,112,625
145,78,625
159,92,625
160,124,625
152,82,625
156,85,625
161,120,625
129,69,625
162,113,625
139,72,625
133,70,625
157,87,625
157,129,625
162,101,625
62,113,625
162,114,625
144,75,625
161,97,625
128,132,625
145,77,625
147,80,625
159,127,625
160,94,625
143,74,625
62,114,625
64,121,625
65,121,625
66,121,625
63,119,625
137,71,625
150,81,625
158,89,625
130,69,625
162,115,625
61,102,625
61,103,625
61,104,625
61,105,625
160,125,625
134,70,625
162,100,625
61,106,625
155,83,625
61,101,625
62,115,625
162,116,625
153,82,625
159,91,625
140,72,625
142,73,625
61,107,625
121,68,625
123,68,625
146,79,625
161,96,625
156,84,625
145,76,625
157,86,625
131,69,625
124,68,625
125,68,625
61,108,625
93,133,625
103,126,625
104,126,625
102,127,625
102,128,625
103,127,625
102,129,625
104,127,625
105,127,625
146,127,625
149,126,625
102,130,625
102,131,625
102,132,625
127,124,625
129,125,625
107,128,625
102,133,625
102,134,625
122,126,625
122,127,625
122,128,625
123,129,625
99,140,625
127,125,625
128,125,625
137,126,625
105,128,625
106,128,625
138,126,625
108,129,625
109,130,625
139,126,625
107,129,625
129,126,625
126,125,625
108,130,625
123,126,625
109,131,625
110,131,625
111,132,625
112,132,625
113,132,625
114,132,625
122,132,625
103,134,625
103,136,625
124,126,625
125,126,625
126,126,625
103,137,625
103,138,625
114,133,625
115,133,625
116,133,625
117,133,625
132,130,625
123,132,625
121,133,625
122,133,625
103,139,625
124,129,625
124,130,625
124,131,625
124,132,625
102,140,625
139,127,625
129,127,625
110,132,625
139,128,625
117,134,625
118,134,625
119,134,625
120,134,625
121,134,625
136,130,625
128,127,625
128,128,625
133,131,625
134,131,625
138,130,625
127,128,625
127,129,625
127,130,625
137,131,625
131,132,625
127,131,625
148,80,625
62,116,625
162,117,625
163,104,625
163,105,625
163,106,625
163,107,625
163,108,625
138,71,625
160,93,625
151,81,625
162,99,625
126,68,625
127,132,625
158,88,625
61,109,625
163,109,625
162,118,625
128,68,625
163,110,625
163,103,625
154,82,625
120,68,625
61,110,625
144,74,625
159,90,625
161,95,625
62,117,625
149,80,625
162,119,625
163,111,625
146,78,625
141,72,625
136,70,625
162,98,625
154,130,625
155,130,625
156,130,625
61,111,625
163,102,625
129,133,625
130,133,625
128,126,625
123,127,625
145,75,625
157,85,625
163,112,625
103,128,625
160,92,625
143,73,625
139,71,625
152,81,625
147,79,625
158,87,625
153,130,625
156,83,625
61,112,625
163,113,625
163,101,625
146,77,625
157,130,625
162,97,625
61,113,625
130,68,625
163,114,625
103,129,625
104,128,625
106,129,625
161,94,625
155,82,625
159,89,625
150,80,625
137,70,625
60,101,625
60,102,625
60,103,625
124,127,625
113,133,625
63,121,625
128,133,625
142,72,625
134,69,625
163,115,625
103,133,625
127,126,625
107,130,625
108,131,625
153,81,625
61,114,625
60,104,625
60,105,625
103,130,625
160,91,625
157,84,625
140,71,625
163,100,625
148,79,625
131,68,625
163,116,625
116,134,625
158,86,625
145,74,625
146,76,625
60,106,625
103,131,625
103,132,625
105,129,625
112,133,625
123,133,625
134,132,625
162,96,625
61,115,625
135,69,625
109,132,625
125,127,625
127,127,625
144,73,625
60,107,625
163,117,625
121,67,625
122,67,625
147,78,625
164,105,625
164,106,625
164,107,625
161,93,625
138,70,625
151,80,625
159,88,625
163,99,625
123,67,625
124,67,625
132,68,625
125,67,625
126,67,625
111,133,625
164,104,625
164,108,625
104,129,625
60,108,625
126,127,625
104,138,625
163,118,625
164,109,625
61,116,625
154,81,625
60,109,625
106,130,625
164,103,625
164,110,625
163,119,625
156,82,625
160,90,625
143,72,625
149,79,625
141,71,625
146,75,625
60,110,625
164,111,625
162,95,625
157,83,625
158,85,625
107,131,625
163,98,625
164,102,625
139,70,625
161,92,625
152,80,625
60,111,625
164,112,625
104,130,625
124,133,625
159,87,625
147,77,625
154,131,625
155,131,625
156,131,625
157,131,625
127,133,625
125,129,625
125,130,625
125,131,625
126,129,625
126,130,625
126,131,625
134,133,625
135,133,625
126,128,625
128,67,625
155,81,625
145,73,625
61,118,625
150,79,625
136,69,625
137,69,625
60,112,625
164,101,625
164,113,625
105,130,625
59,101,625
59,102,625
59,103,625
104,132,625
104,131,625
63,122,625
160,89,625
153,131,625
148,78,625
162,94,625
163,97,625
164,114,625
59,104,625
125,132,625
142,71,625
146,74,625
60,113,625
123,134,625
126,132,625
129,134,625
158,84,625
161,91,625
144,72,625
140,70,625
153,80,625
164,115,625
133,68,625
134,68,625
135,68,625
59,105,625
67,121,625
164,100,625
147,76,625
60,114,625
106,131,625
159,86,625
157,82,625
138,69,625
164,116,625
151,79,625
59,106,625
164,117,625
128,134,625
163,96,625
156,81,625
160,88,625
60,115,625
59,107,625
105,131,625
162,93,625
149,78,625
164,118,625
121,66,625
165,104,625
165,105,625
165,106,625
165,107,625
165,108,625
123,66,625
124,66,625
125,66,625
126,66,625
164,119,625
154,80,625
164,99,625
60,116,625
59,108,625
62,122,625
143,71,625
161,90,625
165,103,625
165,109,625
125,133,625
158,83,625
141,70,625
146,73,625
147,75,625
136,68,625
148,77,625
59,109,625
165,110,625
60,117,625
126,133,625
159,85,625
145,72,625
127,66,625
124,134,625
163,95,625
139,69,625
152,79,625
165,102,625
165,111,625
162,92,625
160,87,625
164,98,625
59,110,625
155,132,625
156,132,625
127,134,625
150,78,625
165,112,625
154,132,625
58,101,625
58,102,625
58,103,625
155,80,625
59,111,625
161,89,625
147,74,625
165,101,625
165,113,625
157,81,625
144,71,625
59,112,625
58,100,625
58,104,625
62,123,625
142,70,625
163,94,625
158,82,625
164,97,625
153,79,625
165,114,625
159,84,625
162,91,625
148,76,625
59,113,625
140,69,625
165,115,625
58,105,625
125,134,625
160,86,625
146,72,625
151,78,625
165,100,625
149,77,625
134,134,625
135,134,625
136,133,625
136,134,625
156,80,625
60,118,625
60,119,625
59,114,625
165,116,625
58,106,625
121,65,625
137,68,625
161,88,625
123,65,625
124,65,625
126,134,625
138,68,625
163,93,625
164,96,625
147,73,625
59,115,625
165,119,625
124,135,625
154,79,625
58,107,625
59,116,625
125,65,625
61,121,625
61,122,625
143,70,625
159,83,625
162,90,625
145,71,625
165,99,625
148,75,625
127,135,625
166,104,625
166,105,625
166,106,625
166,107,625
166,108,625
126,65,625
58,108,625
166,103,625
166,109,625
141,69,625
160,85,625
158,81,625
152,78,625
165,120,625
58,109,625
166,110,625
164,95,625
161,87,625
150,77,625
59,117,625
166,102,625
139,68,625
157,80,625
163,92,625
165,98,625
166,111,625
125,135,625
127,65,625
155,79,625
128,65,625
162,89,625
148,74,625
149,76,625
166,112,625
144,70,625
159,82,625
147,72,625
166,101,625
126,135,625
57,101,625
57,102,625
57,103,625
137,67,625
146,71,625
153,78,625
166,113,625
58,112,625
142,69,625
59,118,625
160,84,625
164,94,625
165,97,625
57,104,625
163,91,625
166,114,625
58,113,625
140,68,625
161,86,625
151,77,625
57,100,625
57,105,625
156,79,625
166,100,625
166,115,625
58,114,625
162,88,625
148,73,625
57,106,625
125,136,625
158,80,625
149,75,625
123,64,625
124,64,625
125,64,625
145,70,625
164,93,625
159,81,625
165,96,625
154,78,625
58,115,625
138,67,625
160,83,625
57,107,625
166,119,625
166,120,625
143,69,625
163,90,625
166,99,625
150,76,625
167,104,625
167,105,625
167,106,625
167,107,625
141,68,625
161,85,625
147,71,625
152,77,625
58,116,625
126,64,625
167,103,625
167,108,625
157,79,625
167,109,625
57,99,625
135,135,625
136,135,625
162,87,625
139,67,625
127,64,625
164,92,625
165,95,625
148,72,625
60,120,625
167,102,625
167,110,625
155,78,625
58,117,625
166,98,625
149,74,625
59,119,625
146,70,625
167,111,625
160,82,625
163,89,625
144,69,625
159,80,625
153,77,625
167,101,625
167,112,625
128,64,625
167,114,625
167,115,625
167,116,625
59,120,625
142,68,625
161,84,625
151,76,625
165,94,625
140,67,625
166,97,625
167,113,625
136,66,625
137,66,625
138,66,625
162,86,625
158,79,625
164,91,625
56,101,625
56,102,625
56,103,625
57,114,625
156,78,625
149,73,625
150,75,625
56,104,625
163,88,625
148,71,625
167,100,625
160,81,625
147,70,625
56,105,625
57,115,625
145,69,625
56,100,625
154,77,625
165,93,625
56,108,625
161,83,625
166,96,625
152,76,625
123,63,625
124,63,625
125,63,625
143,68,625
164,90,625
139,66,625
141,67,625
162,85,625
167,99,625
56,99,625
157,78,625
149,72,625
122,63,625
126,63,625
57,116,625
168,104,625
168,105,625
168,106,625
168,107,625
159,79,625
150,74,625
168,103,625
168,108,625
163,87,625
168,109,625
165,92,625
166,95,625
155,77,625
168,102,625
146,69,625
160,80,625
167,98,625
151,75,625
127,63,638.428
168,110,625
161,82,625
144,68,625
164,89,625
153,76,625
168,111,625
142,67,625
162,84,625
148,70,625
168,101,625
92,134,625
91,134,625
91,136,625
89,135,625
147,126,625
145,127,625
148,126,625
150,126,625
143,126,625
142,127,625
103,135,625
123,128,625
103,140,625
102,141,625
140,128,625
139,129,625
132,131,625
135,131,625
136,131,625
138,131,625
132,132,625
158,129,625
159,128,625
160,126,625
161,124,625
160,127,625
131,133,625
161,125,625
161,126,625
124,128,625
108,132,625
110,133,625
104,133,625
104,136,625
104,137,625
104,139,625
113,134,625
114,134,625
115,134,625
122,134,625
125,128,625
109,133,625
116,135,625
117,135,625
118,135,625
119,135,625
120,135,625
121,135,625
122,135,625
133,132,625
135,132,625
136,132,625
137,132,625
132,133,625
130,134,625
131,134,625
152,130,625
152,131,625
112,134,625
107,132,625
111,134,625
133,133,625
108,133,625
105,138,625
164,120,625
106,132,625
153,132,625
157,132,625
133,134,625
105,132,625
105,133,625
152,132,625
123,135,625
128,135,625
129,135,625
130,135,625
154,133,625
155,133,625
156,133,625
157,133,625
153,133,625
133,135,625
134,135,625
137,133,625
137,134,625
137,135,625
123,136,625
124,136,625
126,136,625
127,136,625
128,136,625
124,137,625
125,137,625
126,137,625
140,66,625
168,112,625
55,104,625
55,105,625
158,78,625
134,136,625
135,136,634.572
136,136,640.258
166,94,625
149,71,625
168,113,625
168,114,653.501
168,115,646.999
163,86,625
128,63,634.649
165,91,625
167,97,625
150,73,625
56,98,625
156,77,625
56,114,625
56,115,625
55,103,625
147,69,625
55,102,625
167,118,625
167,119,625
161,81,625
164,88,625
154,76,625
168,100,625
168,116,650.498
55,101,625
145,68,625
152,75,625
55,100,625
137,136,615.755
160,79,625
143,67,625
162,83,625
166,93,625
55,107,625
55,108,625
55,109,625
56,109,625
167,96,625
165,90,625
129,63,621.374
141,66,625
163,85,625
159,78,625
151,74,625
55,99,625
107,133,625
157,77,625
150,72,625
149,70,625
168,99,625
137,65,649.252
138,65,625.433
139,65,626.678
123,62,645.33
124,62,639.627
125,62,627.922
106,133,625
164,87,625
148,69,639.312
155,76,625
169,103,625
169,104,625
169,105,625
169,106,625
169,107,625
132,134,625
136,65,628.12
161,80,625
146,68,625
166,92,625
126,62,629.662
169,108,625
167,117,653.235
168,117,652.497
162,82,637.731
167,95,625
153,75,625
169,102,625
169,109,625
131,135,625
144,67,637.995
165,89,625
168,98,625
55,98,625
122,136,625
122,62,625
163,84,625
169,110,663.576
142,66,625
150,71,625
127,62,628.477
169,111,669.062
117,136,625
118,136,625
119,136,625
120,136,625
158,77,625
151,73,625
169,101,625
169,112,656.55
121,136,625
55,114,625
140,65,635.745
160,78,625
164,86,637.966
166,91,625
167,94,626.892
156,76,625
168,97,625
54,102,625
147,68,643.989
161,79,660.82
152,74,638.407
128,62,638.914
154,75,625
127,137,625
55,113,625
54,101,625
135,65,625.708
162,81,629.349
165,88,625
149,69,625
132,135,625
145,67,633.374
163,83,625
169,100,625
123,137,625
169,115,625
54,100,625
121,62,634.363
121,63,602.393
143,66,632.381
150,70,625
159,77,627.295
167,93,626.562
168,96,628.9
151,72,625
54,99,625
169,116,649.407
164,85,627.861
166,90,631.387
157,76,625
128,137,625
141,65,625.322
129,62,605.062
131,136,637.5
148,68,634.767
155,75,625
169,99,625
133,136,625
122,137,625
162,80,625.289
165,87,632.08
153,74,629.265
146,67,626.877
54,98,625
170,103,625
170,104,625
170,105,625
170,106,625
161,78,629.261
163,82,630.127
167,92,631.646
168,95,630.323
170,107,625
119,137,625
168,118,628.579
168,119,633.819
144,66,620.369
166,89,631.883
170,102,625
170,108,637.5
164,84,632.208
160,77,634.679
152,73,615.142
151,71,630.228
169,98,626.677
170,109,637.5
121,137,625
169,117,598.559
142,65,619.914
158,76,633.823
150,69,632.189
123,61,626.368
124,61,609.792
125,61,615.003
170,110,639.524
132,136,639.171
120,137,625
126,61,612.382
170,111,599.851
165,86,628.166
149,68,630.436
156,75,628.948
170,101,625
122,61,631.963
162,79,628.638
147,67,617.261
167,91,630.23
127,61,617.096
168,94,618.962
154,74,624.941
136,64,624.37
137,64,631.031
138,64,615.237
139,64,596.857
169,97,623.522
130,62,585.395
130,64,622.77
163,81,634.596
166,88,608.519
53,99,625
145,66,635.272
164,83,625.477
151,70,618.254
134,137,633.221
135,137,624.374
136,137,633.54
152,72,614.252
170,100,635.336
123,138,625
124,138,625
125,138,625
126,138,625
127,138,625
137,137,587.696
140,64,599.775
143,65,602.7
128,61,594.143
159,76,618.971
133,137,630.563
135,64,639.568
161,77,628.285
165,85,629.793
167,90,621.779
168,93,627.409
157,75,622.988
169,96,596.491
53,98,625
54,109,625
54,110,625
148,67,619.616
162,78,625.881
153,73,629.504
155,74,607.725
128,138,625
130,137,687.739
131,137,631.267
132,137,628.791
163,80,606.609
166,87,617.999
150,68,633.133
170,99,632.145
122,138,625
146,66,594.128
121,138,625
141,64,585.73
129,61,584.715
164,82,610.52
151,69,610.931
168,92,610.671
53,97,625
169,118,627.63
144,65,608.382
160,76,629.765
169,95,627.509
152,71,604.934
171,103,650.25
171,104,650.25
171,105,650.25
171,106,650.25
171,107,650.25
165,84,616.8
167,89,625.267
129,138,602.022
171,102,644.286
158,75,608.175
170,98,595.427
171,108,617.674
171,109,584.077
149,67,601.62
156,74,588.971
163,79,595.015
166,86,613.77
154,73,603.942
171,101,626.355
134,64,591.186
134,65,571.468
142,64,581.639
147,66,588.841
168,91,601.55
162,77,613.964
164,81,582.604
169,94,586.779
169,119,620.935
153,72,588.649
152,70,615.861
170,97,610.163
123,60,571.449
124,60,579.782
125,60,578.207
120,61,605.79
120,62,585.086
145,65,589.198
167,88,588.75
165,83,594.841
161,76,581.232
126,60,580.413
53,109,625
53,110,625
130,61,619.073
159,75,583.936
151,68,630.944
122,60,632.602
171,100,623.334
169,120,589.471
134,138,592.857
135,138,575.785
136,138,578.854
143,64,575.658
127,60,575.462
166,85,586.014
150,67,586.348
157,74,597.867
169,93,581.129
133,138,580.506
52,97,625
122,139,625
163,78,592.56
148,66,576.505
168,90,583.167
155,73,578.087
136,63,598.293
137,63,577.107
138,63,576.765
139,63,566.839
170,96,566.717
137,138,571.302
132,138,584.482
131,138,620.93
123,139,625
124,139,655.741
125,139,643.515
126,139,649.438
121,60,567.991
164,80,581.203
167,87,577.862
127,139,599.375
128,60,568.287
140,63,623.127
146,65,572.005
165,82,569.66
152,69,565.707
171,99,620.08
54,111,625
135,63,568.556
153,71,575.299
138,138,450.2
160,75,567.606
169,92,573.585
130,138,570.993
170,119,578.935
144,64,563.76
166,84,573.816
168,89,572.104
158,74,570.791
170,95,619.894
172,106,625
162,76,631.484
154,72,571.549
172,102,659.605
172,103,663.796
172,104,594.706
141,63,599.738
149,66,568.839
163,77,569.367
156,73,624.423
171,98,568.864
164,79,565.69
167,86,564.075
151,67,562.731
129,60,359.585
172,101,600.648
134,63,345.809
147,65,548.136
165,81,531.968
169,91,555.71
170,94,570.693
170,120,573.636
152,68,507.981
161,75,474.745
153,70,512.313
171,97,558.611
142,63,369.224
145,64,367.034
166,83,430.646
168,88,464.662
119,62,499.139
131,61,175.042
131,62,175.042
131,63,422.731
159,74,406.22
172,100,566.046
150,66,311.771
157,73,347.569
167,85,320.98
155,72,298.39
123,59,424.327
124,59,456.008
125,59,377.097
124,140,657.976
164,78,280.534
169,90,286.35
170,93,290.476
171,96,297.836
122,59,295.161
133,139,521.809
134,139,517.784
135,139,469.453
136,139,332.283
130,65,264.04
130,60,116.018
148,65,240.461
163,76,223.681
165,80,211.069
126,59,259.677
132,139,552.284
125,140,654.34
143,63,190.595
154,71,212.227
168,87,202.024
126,140,591.561
153,69,195.568
166,82,159.602
162,75,157.678
172,99,331.232
169,121,191.085
170,121,191.085
137,139,164.143
146,64,141.134
127,59,153.524
160,74,144.32
121,59,121.392
152,67,150.485
167,84,115.673
151,66,105.2
158,73,124.061
170,92,131.902
169,89,110.04
136,62,174.384
137,62,231.589
138,62,222.986
171,95,133.475
171,120,169.022
173,101,366.59
119,60,152.521
120,60,183.531
164,77,104.978
156,72,84.517
139,62,153.382
133,63,83.1924
133,64,208.678
144,63,70.7938
128,59,58.6658
149,65,83.1495
135,62,88.406
172,98,130.225
140,62,69.6354
165,79,61.2751
168,86,63.3427
138,139,44.8928
153,68,63.0987
154,70,45.272
173,100,125.58
147,64,35.6022
166,81,46.1598
171,94,35.6459
161,74,42.0916
170,91,36.5129
172,97,34.0818
131,60,16.3514
120,59,31.0099
141,62,16.3737
134,62,26.542
167,83,26.7577
169,88,25.6112
159,73,25.468
163,75,20.0206
155,71,17.2064
171,121,20.1282
129,59,15.91
145,63,15.949
157,72,8.02103
173,99,19.7892
150,65,7.90054
164,76,9.03757
165,78,7.85681
168,85,7.83437
152,66,10.4209
