layers/veg_krg_sqold/veg1100.asc
NCOLS 255 
NROWS 330 
XLLCORNER -2985163.8955 
YLLCORNER -3022031.214 
CELLSIZE 25000 
NODATA_value -9999 
[rows 125 to 149 of 330, columns 56 to 111 of 255]
0.107332706544511 0.119069433518052 0.162658638565537 0.209954836030489 0.204789227533836 0.282627614580714 0.359209118472282 0.402361505025394 0.415617479431328 0.367941656884874 0.370634988046937 0.337505049263175 0.319939566336353 0.327402156817487 0.329241781881783 0.277777605052324 0.225569878661279 0.264227090104448 0.32935683006719 0.435112004156769 0.589451568838654 0.645070170304499 0.696085530436712 0.715357676519341 0.725374894847999 0.750371417509414 0.770542650638054 0.775236745601396 0.774227218719019 0.786423433475705 0.777292355952699 0.763786604473378 0.744050940792099 0.718338527206213 0.695656946059066 0.673476630126292 0.647365011803659 0.626661120802949 0.608968850134015 0.589845295526718 0.575696500762735 0.564042072562967 0.552285915910405 0.544610306676818 0.539027733789454 0.534755352930995 0.53405256710445 0.537016146954901 0.544118812937283 0.553159505866 0.564328701497631 0.579028477158668 0.591241784679158 0.60176722765899 0.614256705281603 0.627112509214341
0.160352090833495 0.158607509518433 0.168127037245101 0.204162603589764 0.240600092984121 0.279267830740846 0.299173599920422 0.274130537447356 0.293196597683271 0.276991698746773 0.245094745729153 0.28491113189791 0.31873522920392 0.331850161031426 0.2979977950652 0.249954887138357 0.192766962633203 0.158615021497301 0.172621978176585 0.223638968539444 0.258549485845953 0.308387250161598 0.423915271239265 0.526974059284436 0.583809582460529 0.630649375324073 0.667143698099546 0.686720313994976 0.718175795959126 0.739118633110849 0.761061063870536 0.761981464924274 0.74474543120206 0.720400995830446 0.698484909814123 0.677104947724655 0.651844796829326 0.631577001880834 0.614088924824342 0.594755530735718 0.580176084460441 0.568309833043232 0.556073208715677 0.54761167874677 0.541155611021675 0.535414018025014 0.534309896429104 0.537056822439707 0.540185564470295 0.544673994920797 0.554674428607669 0.569418258823444 0.581483151462727 0.591899752520001 0.602578412586539 0.609862846598899
0.20823275530758 0.142653399293545 0.151385385527851 0.17352250481054 0.186117010875685 0.234814313406849 0.239334158492637 0.203038731436256 0.236855091947579 0.23653524687815 0.25005683759762 0.283110024482159 0.247417395082653 0.282001415944094 0.264537998563798 0.233660705491848 0.203461917135106 0.173328165781486 0.148445444399115 0.168416978577465 0.192485412040722 0.213594902228996 0.235457158355222 0.323670450875536 0.469895384159846 0.544640558852238 0.60452907331964 0.662674222310032 0.667021211112511 0.684839826524272 0.74301285635814 0.750309098886587 0.738855731322048 0.718989711362404 0.698916092502542 0.678350251473093 0.653837249009001 0.634241542539026 0.617548423765606 0.59838515938448 0.583906731604407 0.572245186499646 0.559574907861952 0.550491035262465 0.54344824772654 0.536805593850069 0.534776553012309 0.536520616229552 0.538326030225458 0.53996414322851 0.546487474190197 0.55911632909526 0.570384136864017 0.57997518010183 0.590909186144318 0.598190536942878
0.268978424383759 0.206237245914391 0.150845709292377 0.151207361902785 0.152962811204661 0.174093391832276 0.22419073904048 0.251041710256238 0.242804951175669 0.23889751907372 0.237529421111365 0.227534053653936 0.218207009977413 0.23098045661198 0.217867719344295 0.233601803749087 0.243534223723987 0.195216320821251 0.173803560077077 0.182627276409879 0.202077761040631 0.212002946447499 0.20294825726443 0.253737942330104 0.348014327821382 0.407089078464641 0.487256973060827 0.574886571743077 0.577327330253104 0.608897127038844 0.710470996994184 0.726048364544161 0.714477826876616 0.708247374142049 0.695238467353768 0.67652788260463 0.653036966480016 0.633789217622894 0.617962699831346 0.600384603977845 0.586417448926767 0.57444173975289 0.561519033579922 0.552061704353872 0.544453124475135 0.537248489054699 0.534294380049048 0.534219980715248 0.535392153819319 0.530970757083112 0.532939557274973 0.549575595142861 0.559334309205627 0.567874526604651 0.578899536449587 0.585656245530359
0.380974312541096 0.282551043472902 0.187775071450214 0.16021173441917 0.161542285158399 0.181327724380998 0.193886666171228 0.191173962077709 0.196205396631116 0.169521281668432 0.141073724260618 0.148386473786587 0.18732341519549 0.221323108690504 0.197956225297086 0.202982964299665 0.215878896921718 0.176648631063097 0.170999933339414 0.203267150853718 0.195832195400988 0.184220323112235 0.170006669344726 0.170450202878501 0.175196634625519 0.21445545120222 0.386114177364152 0.543416691216477 0.562678983893116 0.584021415803795 0.666258669593901 0.718624565448193 0.702469467454438 0.687684834516247 0.686030494129205 0.671124962075156 0.650299549792715 0.633490882507995 0.618796610414364 0.601576696718771 0.588113165927142 0.576470903974248 0.563545806582671 0.553741627915106 0.545867186468025 0.537793785797443 0.532714706793857 0.530789241532071 0.529575756739923 0.523817279388968 0.524439511904851 0.537435922288713 0.546457585162052 0.553774088184195 0.562717829235681 0.570278150842087
0.55727848926263 0.454313706707532 0.298586475619644 0.186758557631742 0.166661544701961 0.136589709613807 0.128071911992529 0.129540182054769 0.120842801687426 0.0968842848584436 0.0854579004344048 0.0995289943934793 0.127823388425143 0.152805464156059 0.16560728690426 0.196863299011712 0.208050068618495 0.180464144225728 0.183354149374599 0.202916490894786 0.199669670226257 0.189418370832868 0.184178325395288 0.179357127546004 0.13767855070213 0.117272743284659 0.203550302456326 0.444503585438398 0.587661649939409 0.591236973671885 0.610547497272543 0.649142338450245 0.665534312639779 0.67454457977462 0.671531683245222 0.662183508717817 0.645435134222894 0.631264130155054 0.617623231396844 0.602013223627673 0.589369526150849 0.577989990354087 0.564962483550477 0.555154267548717 0.547057570287011 0.538058113496892 0.531481875168603 0.527680718507711 0.525100379924845 0.523705638384929 0.523012444197909 0.526729933789566 0.533634860748943 0.539384538516546 0.547211101709952 0.555837155665623
0.59246482251071 0.528101935566559 0.358634814168628 0.206995348164106 0.19792018960487 0.168893509466206 0.135415105678069 0.135134485471834 0.131840890750292 0.0938632204153876 0.0777077402649083 0.0915085541459465 0.0901379117577481 0.109102352123863 0.13113145377885 0.167661766761557 0.19073589817749 0.170174098343934 0.168113798184335 0.190541315123995 0.192219278095005 0.177865215892882 0.178477895279154 0.172987069938021 0.135028799535229 0.126231299911909 0.184315088209991 0.394160058710436 0.570026071104812 0.585749107928484 0.617531969147836 0.644723192372498 0.630389186401705 0.64927561066324 0.652603425039449 0.651057077267358 0.639722285340099 0.628230293692529 0.615778095795118 0.601420305903012 0.589801533571882 0.578452454266984 0.565592495451457 0.555661027823397 0.547284395419496 0.537837905127601 0.530821464446185 0.525874796954263 0.522315177054879 0.520328589922277 0.516619547283724 0.516647025153898 0.523592605635865 0.530409341547427 0.537365091312495 0.543889430498094
0.607707317763715 0.57705520284889 0.464139982355747 0.35255794661881 0.301731959170142 0.256768845512513 0.205590482405543 0.164092831408544 0.142822900469452 0.125011611333272 0.114023691270175 0.0911798827042187 0.0841790388343702 0.0803467737144812 0.0901255129842423 0.107507779555704 0.109241674402695 0.0902053984754983 0.083037779415097 0.0914774859525742 0.144017841040574 0.188217755941208 0.186885550416221 0.171879366976764 0.150241844576553 0.131804798889843 0.188875133818766 0.347394464690624 0.482715970977464 0.549032739710952 0.589600289399881 0.606773441965516 0.60800856131884 0.595346453424136 0.589576169567472 0.617832873782963 0.62523497132442 0.61968491168725 0.611061445119256 0.598876114467775 0.588463126110023 0.577773791858805 0.565406669642723 0.555731879844898 0.546902041513619 0.537334100447507 0.530372079033187 0.524366392706359 0.518268734747023 0.515613479464687 0.513475738511731 0.508709856359629 0.506380604993949 0.510998772658143 0.519279990524314 0.522642002539918
0.56370940629591 0.571461372905645 0.511876601845951 0.427512823569213 0.378514544713227 0.343291886587778 0.273801824635453 0.207302816181724 0.222190819283075 0.232517019697421 0.133863956840654 0.0714175368088538 0.0860816681208461 0.0835165321944521 0.0898417094436555 0.101270285352778 0.114795293238131 0.0778702431266507 0.0575035669855657 0.0600556604352656 0.108856144132394 0.161347821791526 0.166444235009049 0.171148770141246 0.163511452365269 0.145174127798124 0.219463998718579 0.302627291328959 0.302872998755111 0.418933592524439 0.537552314431009 0.559654950337037 0.56290894253761 0.557677502595329 0.535165392179811 0.562271152663428 0.607177573085199 0.610724985531091 0.606459333634577 0.596579633939076 0.587437411586123 0.577359321804014 0.565708188843333 0.555959347171201 0.546197621736937 0.536402810897848 0.529580012116058 0.523388018792137 0.516516056548375 0.512612397530146 0.509834416185165 0.503064692900833 0.49324613959711 0.492762713772851 0.504239093834459 0.51152062226794
-9999 0.612421090068373 0.559995134193431 0.513304182876374 0.455359235445936 0.321385959063947 0.235752770187503 0.197966151374361 0.226886179167957 0.259373145358883 0.14472098627702 0.0747350505073326 0.137327639023865 0.191612366432981 0.137395755535456 0.0924525573708962 0.0807747472638404 0.0670729727025497 0.0838913288543876 0.0918580289798077 0.114085743506448 0.146115812492486 0.160754249092116 0.16084951025777 0.160759468358803 0.159815275760263 0.169615075341 0.158496762136155 0.174461701403824 0.311632471738349 0.456469894103641 0.511495931841734 0.513470766987561 0.521026092416106 0.543917923647164 0.54815964697491 0.565405982703007 0.604218402635743 0.603048637757615 0.594587816180557 0.585860271822086 0.576626362083684 0.565508930630624 0.555857098916272 0.546802375089831 0.536653080414509 0.528831843118861 0.522784762282404 0.516863126754916 0.51262938909025 0.506994113926725 0.498725890533913 0.48536107512741 0.480287570803169 0.49198262494719 0.50025088400413
-9999 -9999 0.602980517351941 0.537895945587124 0.462030285568668 0.394918518381131 0.310016755487225 0.278573169106503 0.333984171519305 0.359388068441516 0.221864154795077 0.172753063507928 0.281854226647211 0.240192388995481 0.127540165478137 0.0867617496991358 0.067402785047301 0.0678668079568839 0.0631634155805102 0.0784445376494717 0.0923883724829042 0.112386472996303 0.137952973082686 0.143187654040229 0.148124810285772 0.150182557648326 0.145368450970564 0.0970165936843902 0.0391471328763953 0.129493460654127 0.336726222516182 0.447239279325959 0.452900817157357 0.464502324666937 0.492124989720214 0.500652351433143 0.521098853188443 0.571933914530405 0.593799110049588 0.589757199378537 0.583340520016175 0.575704869039383 0.565319651831408 0.556227476438454 0.548002564564331 0.537820901194832 0.530217003792164 0.524468636598834 0.518297813511886 0.513892155317916 0.505525332755387 0.488246876851748 0.476262347678687 0.475036004638797 0.47927369875952 0.489020113459466
-9999 -9999 -9999 -9999 -9999 0.577504986561927 0.462988138140019 0.415911727476628 0.462641941011912 0.455492284012353 0.370776990891602 0.37982763094624 0.365003926050562 0.246779773016411 0.199900586786921 0.142417505158838 0.0929463192517799 0.0814985222964937 0.0537658727530664 0.0705668579598269 0.0892964031378253 0.0803205308746411 0.115230509596221 0.123741763555997 0.129782729336624 0.135804749051668 0.13743607667701 0.135351929088852 0.12011611408338 0.0845972224689249 0.188392004059552 0.373125838100668 0.392718305627675 0.360591160911536 0.363088058274711 0.403440624231573 0.427879603815824 0.471007837710732 0.546090233832266 0.577222691611339 0.580597918432728 0.573719633448181 0.563680834686365 0.554808508072762 0.547254036136355 0.537675986823333 0.530649671201948 0.525582765216857 0.51981700504167 0.515431617782822 0.512161875937133 0.508196849553288 0.500969940040508 0.487298835694059 0.472064673991153 0.472955889217649
-9999 -9999 -9999 -9999 -9999 -9999 0.487975114391844 0.448606997836805 0.451475375499081 0.420771035998169 0.398769570185958 0.441652380261321 0.442188865351934 0.382065615333149 0.300461810699242 0.171213395282428 0.0831160372995044 0.0808993696187993 0.046494009709871 0.0433597162826186 0.0543811976748069 0.0520058382872273 0.0704954840115372 0.0953105989220793 0.106053573987962 0.104270434584945 0.116822665571021 0.128297934597195 0.120689349583863 0.0896961341864781 0.126566099097385 0.255962336207845 0.328234281662859 0.313202590644334 0.283608318612738 0.35370485729366 0.401594358515663 0.427717146625773 0.490927976746377 0.549809518562472 0.575832456984105 0.572699327901318 0.563288545103413 0.555225165440306 0.548173793755006 0.538757632117032 0.531754340265164 0.526819244350398 0.52120072088911 0.51680512753072 0.514045192685896 0.511185959902749 0.507827761812761 0.496643816090519 0.479963944692488 0.477879869927683
-9999 -9999 -9999 -9999 -9999 -9999 -9999 -9999 0.601215963154651 0.564726638229096 0.520650151923499 0.514416378062443 0.505342211063995 0.47580744919574 0.43631131604788 0.347301199622741 0.229395135228891 0.138949875258496 0.112965721065902 0.0994655334798019 0.0437334536747533 0.018101898400215 0.019930115015614 0.045818747837022 0.0738637673773258 0.094068811821405 0.122176111672015 0.106377923400355 0.0997611214435473 0.123569026975191 0.15124010142047 0.183937673023454 0.221200745935345 0.284447133765085 0.283813266375946 0.245263966266047 0.252490901445925 0.297836306706133 0.368396757117221 0.442150631893258 0.537503126581593 0.565340400039742 0.561809018646412 0.555809826006577 0.548873905346079 0.539547790102495 0.531835789525244 0.52624206190182 0.52147407157167 0.518278910942872 0.514869130894428 0.511486624755161 0.509527189235033 0.505763209277131 0.499014663334032 0.494746641845629
-9999 -9999 -9999 -9999 -9999 -9999 -9999 -9999 -9999 -9999 -9999 -9999 0.543006419223288 0.505085191753474 0.464353322572851 0.366003262279271 0.25703773735967 0.261118909094873 0.274859206319762 0.196219395992588 0.0699567737542611 0.000976292845333241 0.0132332280590581 0.0377298945826599 0.054852512560395 0.087315255832371 0.117734398107328 0.112393999875727 0.0931354392814761 0.0928237811077243 0.148331611428349 0.224074184276406 0.182332597475675 0.135842077219434 0.230583794632706 0.231035679919385 0.142764549001289 0.145014180867291 0.218414607019818 0.349437937877644 0.476332217302467 0.536100566740825 0.552784903314657 0.552982357875952 0.547942464094388 0.540437604418155 0.532991300431222 0.525567632327132 0.520408055858665 0.518587918068806 0.5153387828166 0.511478166735074 0.509119038873862 0.507963396364852 0.505727100691532 0.503408854911012
-9999 -9999 -9999 -9999 -9999 -9999 -9999 -9999 -9999 -9999 -9999 -9999 -9999 0.561933477639328 0.48962339879715 0.469281037242286 0.437801012605942 0.389711722869063 0.298786134027258 0.161539451458858 0.0410430973026767 0 0 0.0177698152964859 0.0410883460070392 0.0794987933699941 0.111321973687007 0.110586736501607 0.0968001661958419 0.0891493308640822 0.102502480435418 0.125403414756075 0.126410222585666 0.0980162080906247 0.140401165546403 0.210447020543578 0.133557407579533 0.0661090749446812 0.137467525393909 0.23516350355972 0.30995331539787 0.402836424549116 0.490964659058973 0.529247388161613 0.535347308242087 0.53215474252677 0.53025554642902 0.525066585899819 0.52029255310736 0.516350866019239 0.51358745521111 0.511287238470686 0.508982270502825 0.507168658564858 0.50509320620766 0.503141145964063
-9999 -9999 -9999 -9999 -9999 -9999 -9999 -9999 -9999 -9999 -9999 -9999 -9999 -9999 -9999 0.531286205887881 0.511182376626214 0.440497957084992 0.363626972989473 0.267874977708852 0.136946630659509 0.0677299859397875 0.0289462571171096 0.0138753226345055 0.0361562273752318 0.0591436439730582 0.0915293087874315 0.103960186204998 0.106377347909513 0.0981368084203681 0.100510868509213 0.102003784555087 0.10271998358924 0.0947321921870957 0.0804059597544905 0.123783433948974 0.145862713583524 0.147927649884884 0.164505176311652 0.142888300178301 0.145767465996187 0.23570499977078 0.356675978577414 0.419489361060197 0.442541146631206 0.468906744244256 0.496092580027571 0.509175566965643 0.5116588803934 0.511075150342994 0.509593676004286 0.509389686061557 0.508441641371519 0.506378903798642 0.503610317563844 0.501316391956213
-9999 -9999 -9999 -9999 -9999 -9999 -9999 -9999 -9999 -9999 -9999 -9999 -9999 -9999 -9999 -9999 -9999 0.530625759119775 0.464313786277733 0.444041696530299 0.378681961745395 0.285883963828667 0.15377889621502 0.0339121651158148 0.0374524366177182 0.0745721722712266 0.0824590177966114 0.0820863232879055 0.0941337342914302 0.111982151088435 0.121265194635579 0.130642963888743 0.130258062894843 0.123288533268365 0.104640727270109 0.0817800953332935 0.124948338227695 0.228500393264443 0.251209699254379 0.185496056542987 0.123723021169932 0.152949905099036 0.192129249432771 0.218715897021668 0.304443464544722 0.318934335474217 0.364484303211439 0.431152398351168 0.472057722938963 0.498284906773621 0.501246496521298 0.505669972468897 0.507050313588795 0.505354975848687 0.5023948419131 0.499786832093155
-9999 -9999 -9999 -9999 -9999 -9999 -9999 -9999 -9999 -9999 -9999 -9999 -9999 -9999 -9999 -9999 -9999 0.49717129442146 0.491079954021719 0.49787437756004 0.439771970598225 0.295266187527876 0.154830134176484 0.0711486338456177 0.0437660138862716 0.0660256713337916 0.0682638223490831 0.0691909202420593 0.0866185993228954 0.102602180084152 0.109067496697301 0.122257309753616 0.128050480790896 0.127331577622703 0.117142458296795 0.095279089045504 0.105020014265387 0.192710732898945 0.238296907130394 0.17717022840877 0.134926113598118 0.1895897631049 0.237382034033887 0.253214244903406 0.296140922495779 0.315268292569576 0.349998931573294 0.389883559317666 0.445080746482917 0.488800990324173 0.498063785286786 0.505761334475413 0.506902422784029 0.505233913100006 0.502265819919388 0.499675035883715
-9999 -9999 -9999 -9999 -9999 -9999 -9999 -9999 -9999 -9999 -9999 -9999 -9999 -9999 -9999 -9999 -9999 -9999 0.550441641669476 0.544011556347824 0.523845975989915 0.468047817927403 0.336588054664373 0.154614937228963 0.0337025869751522 0.0193624008733583 0.0238936582083841 0.0431821910259234 0.072766987412625 0.0754952014336841 0.0830835552498059 0.0850482323402956 0.101946243726865 0.126749162510604 0.125093866654146 0.0953468044554799 0.084387401983575 0.103850431830223 0.146352166735177 0.232556768112682 0.257178891613471 0.26207863889369 0.301540729095377 0.322252322535356 0.327415397325554 0.33677448658723 0.339948728509684 0.352144950219767 0.401759469535296 0.458619040373611 0.487372558519881 0.50571180009063 0.506223127379602 0.504287168704423 0.501803373914294 0.499351404129345
-9999 -9999 -9999 -9999 -9999 -9999 -9999 -9999 -9999 -9999 -9999 -9999 -9999 -9999 -9999 -9999 -9999 -9999 -9999 -9999 0.573319415365786 0.549402282191401 0.456414409834699 0.259317335500356 0.0766848221435353 0.0156906222913745 0 0.0278023320597459 0.0752536355616419 0.0605214737293429 0.0805947512613049 0.100762640480159 0.101219208523174 0.115936354121652 0.125496512693036 0.0929775840096708 0.0980157156994822 0.12181986572259 0.101451664160412 0.168261710869251 0.258004125678232 0.27655504358972 0.276549721043219 0.301631704879146 0.309331332483056 0.297309018764969 0.306512568521878 0.351986887659114 0.383550052868064 0.442834319202208 0.486949353600705 0.504038485237472 0.505258756295216 0.504263459328759 0.502027868667199 0.499719163036577
-9999 -9999 -9999 -9999 -9999 -9999 -9999 -9999 -9999 -9999 -9999 -9999 -9999 -9999 -9999 -9999 -9999 -9999 -9999 -9999 -9999 0.57789429661938 0.495631080630531 0.340607523691481 0.162335467351962 0.0557712285889813 0.018169975904471 0.0496834056800834 0.0962385852630788 0.10675098857229 0.111416207068442 0.110373193244016 0.11332362007412 0.121490469048637 0.124387389448676 0.0901208249606924 0.0777251138534905 0.116647658116404 0.110451247259892 0.161600534228219 0.244180315191516 0.271228656387714 0.304368800096387 0.318783138997867 0.327009417155214 0.330759644288798 0.315509448903576 0.305472539479503 0.382109664956204 0.466187702948165 0.492966304807814 0.505594482492945 0.505617089168396 0.504437134017802 0.502134476095423 0.499849866883194
-9999 -9999 -9999 -9999 -9999 -9999 -9999 -9999 -9999 -9999 -9999 -9999 -9999 -9999 -9999 -9999 -9999 -9999 -9999 -9999 -9999 0.55200258253918 0.515548682491641 0.366576593295682 0.205155973592021 0.0899301755879371 0.0338103532743623 0.0645530231582402 0.095375586221822 0.110110285143895 0.113791351427759 0.113648295441812 0.11503952793119 0.119075874543961 0.121850927994356 0.0992998252988444 0.0733818146108935 0.089665237338047 0.108017863915279 0.132143475451383 0.17647837900162 0.233931667531362 0.286695959493575 0.298849871022527 0.317210400971647 0.337694682450686 0.325678907389527 0.343929061897722 0.430905734973078 0.486081416635716 0.501228880036912 0.506787843508403 0.506684460567143 0.505413772357979 0.502372696148414 0.499241368233177
-9999 -9999 -9999 -9999 -9999 -9999 -9999 -9999 -9999 -9999 -9999 -9999 -9999 -9999 -9999 -9999 -9999 -9999 -9999 -9999 -9999 0.515348650421809 0.490627545996049 0.394581335923148 0.258732685913905 0.137156892960294 0.0508052872883568 0.0212169719647119 0.0590965452016535 0.10229055993047 0.114944231258361 0.121015360564247 0.11745563510107 0.113431451032731 0.116450661038419 0.0976329921148192 0.0504500940134676 0.0218281637385973 0.0372527306984723 0.0574680199335522 0.0982485790031378 0.180013994133554 0.225982988897479 0.235574219024557 0.244008811311167 0.273449325724047 0.333097728129755 0.410638075209688 0.458700509022587 0.48576942722348 0.493775277496978 0.503893095101198 0.507223189100691 0.505984147448033 0.500116543884201 0.494836625567553
-9999 -9999 -9999 -9999 -9999 -9999 -9999 -9999 -9999 -9999 -9999 -9999 -9999 -9999 -9999 -9999 -9999 -9999 -9999 -9999 -9999 0.501799357163986 0.482002924118106 0.417175732205477 0.320250156233315 0.194106990148407 0.0659091037561529 0.0160913310700481 0.0496154103648079 0.0972696528275371 0.119820835129357 0.121752290432921 0.119212084550639 0.113808503097123 0.113970680253479 0.102621207551318 0.0661667377287249 0.0193107567352751 0.0211456299993352 0.055009795648481 0.0878888602413079 0.16257497675669 0.195634485543482 0.193848112575104 0.227909503937148 0.275849057387743 0.339006008177136 0.416318608364722 0.441675453482075 0.463704902702591 0.4832089063783 0.499110477443503 0.505299520153445 0.505711067769838 0.502687303596143 0.500143753358197
