layers/veg_krg_sqold/veg1700.asc
NCOLS 255 
NROWS 330 
XLLCORNER -2985163.8955 
YLLCORNER -3022031.214 
CELLSIZE 25000 
NODATA_value -9999 
[rows 250 to 274 of 330, columns 56 to 111 of 255]
-9999 -9999 -9999 -9999 -9999 -9999 -9999 -9999 -9999 -9999 -9999 -9999 -9999 -9999 -9999 -9999 -9999 0.649747768607082 0.662853973868186 0.682740377302366 0.676613169123742 0.64090096966172 0.58332405812666 0.547957099209216 0.530881798796304 0.519498776601871 0.52493312127173 0.525479760608329 0.520442154764172 0.503884372154096 0.474000026694297 0.463616114294553 0.450970748416178 0.422475810248207 0.409132498911716 0.418886418934688 0.416596347121847 0.409417203740395 0.399596729924716 0.387858930502946 0.376334123846524 0.37474679931297 0.378603614426759 0.378796086630091 0.373777669306431 0.371638357679196 -9999 -9999 -9999 0.311964557889513 0.30531009908758 0.299207059507814 0.293783044077001 0.289504660447745 0.286233073519369 -9999
-9999 -9999 -9999 -9999 -9999 -9999 -9999 -9999 -9999 -9999 -9999 -9999 -9999 -9999 -9999 -9999 -9999 0.672399052604114 0.678172853158271 0.697500551826875 0.692009439885516 0.669216405747557 0.634060660970852 0.588686322240052 0.575405559037683 0.593913937098548 0.570306919410485 0.541557653836283 0.533431899534379 0.515483279557633 0.495277454248493 0.504815940888691 0.49815947247649 0.469756589959863 0.45195476533123 0.439624987730444 0.423783531515476 0.399465271751792 0.372982530623656 0.352679504684661 0.33641875387418 0.344902693921867 0.365413157005002 0.37930255246727 0.382142639324819 0.377750085667005 0.377696526994306 -9999 -9999 -9999 -9999 -9999 -9999 -9999 -9999 -9999
-9999 -9999 -9999 -9999 -9999 -9999 -9999 -9999 -9999 -9999 -9999 -9999 -9999 -9999 -9999 -9999 -9999 0.683527522270424 0.694759914350922 0.705800829697206 0.702332712636354 0.68139721949222 0.65207979485148 0.59206258722232 0.554510071505356 0.58345824157664 0.582961247564961 0.557628052373576 0.536666135440062 0.524404498643027 0.511994799298721 0.515355726246606 0.510573955528162 0.489511740153008 0.468314997826018 0.446743815070284 0.422901947035846 0.400008558596759 0.378898400056195 0.351074626268083 0.328501644471314 0.343282696902628 0.373150735628671 0.388064390244955 0.389287409012143 0.386940157752053 0.388168261810952 -9999 -9999 -9999 -9999 -9999 -9999 -9999 -9999 -9999
-9999 -9999 -9999 -9999 -9999 -9999 -9999 -9999 -9999 -9999 -9999 -9999 -9999 -9999 -9999 -9999 -9999 0.704630188506272 0.70414130781703 0.714595437499508 0.715057579419026 0.680154273789013 0.644324348223018 0.631895377003373 0.61223745525064 0.56180091353648 0.530397025656437 0.553443187273183 0.527195616924725 0.510911519443928 0.514892201594074 0.516082506709484 0.505341764372891 0.489123014447341 0.473005560234334 0.449730350257764 0.429387040452995 0.408960285651704 0.386500413905766 0.363579002440353 0.350470213314476 0.365900117990217 0.390985113494194 0.401536733058932 0.397259104847475 0.39430388236046 0.39891804009843 -9999 -9999 -9999 -9999 -9999 -9999 -9999 -9999 -9999
-9999 -9999 -9999 -9999 -9999 -9999 -9999 -9999 -9999 -9999 -9999 -9999 -9999 -9999 -9999 -9999 -9999 0.733865508798578 0.731358590155395 0.734369032743391 0.72466019931404 0.704317019058169 0.679938937661313 0.646029664646378 0.610989236572819 0.577520259066453 0.554558435963895 0.567172745043318 0.566521867842099 0.542137319551863 0.520764294257898 0.505188172559852 0.488801492992739 0.468641545893159 0.470693890282929 0.451554584120051 0.433592981479295 0.426466101375375 0.416827807049265 0.422395785032211 0.4177803750498 0.410243466113251 0.411133917304677 0.412093201476581 0.41108627754522 0.40974680345979 0.415992798949207 -9999 -9999 -9999 -9999 -9999 -9999 -9999 -9999 -9999
-9999 -9999 -9999 -9999 -9999 -9999 -9999 -9999 -9999 -9999 -9999 -9999 -9999 -9999 -9999 -9999 -9999 0.751381556048777 0.750333878687491 0.748128010575383 0.699776412224755 0.686917625771333 0.673652417868021 0.666301629210324 0.654914432953706 0.624041848741988 0.603402389249905 0.610577049449332 0.603492562681925 0.591187665023977 0.564034373684524 0.534237676385773 0.50515197065363 0.467887016336614 0.446338812789038 0.432433141140493 0.425978544602439 0.421093438751402 0.419529581154277 0.441707067944544 0.450360933430337 0.441563432271974 0.434041701390345 0.436163250260435 0.435105146287573 0.433980600370475 0.435284780869414 0.433527198460038 -9999 -9999 0.403639255054495 0.396825670130617 -9999 -9999 -9999 -9999
-9999 -9999 -9999 -9999 -9999 -9999 -9999 -9999 -9999 -9999 -9999 -9999 -9999 -9999 -9999 -9999 0.732995646897633 0.750057671002628 0.763464001575908 -9999 0.723634184322644 0.726661771238237 0.699092060707837 0.63775940198368 0.636383007457317 0.640159759377004 0.631793581916614 0.633934142576493 0.621911404362494 0.603980946583932 0.585009334486658 0.558760944687418 0.515946964694709 0.468973140100708 0.440990430112974 0.426332587710576 0.432990586385963 0.440722949140703 0.44602718832117 0.462335600985798 0.46700626803933 0.458349906195824 0.451621786250894 0.45282573990087 0.450892802987032 0.4474720052861 0.443277100875613 0.434797170369266 0.427950696958412 0.420096555051674 0.410761330680776 0.411591632140817 -9999 -9999 -9999 -9999
-9999 -9999 -9999 -9999 -9999 -9999 -9999 -9999 -9999 -9999 -9999 -9999 -9999 -9999 -9999 -9999 0.693233818929139 0.719830181065941 0.760941180081662 0.773077346454201 -9999 0.744138123904576 0.685420616794282 0.621055309988364 0.645328884339076 0.674238264037884 0.660205181049131 0.656433155447945 0.653776944783906 0.620245322506742 0.598760587647257 0.596940984840204 0.56719596362265 0.530771594212865 0.501845071818459 0.491567281197631 0.480592142305616 0.462664545647201 0.464547343961631 0.485270076496907 0.499026277190377 0.492112061040966 0.483801946406265 0.482441155525049 0.475688664834741 0.465984882487249 0.458130113447772 0.447329132786485 0.432692671146688 0.427916209319235 0.428617843827601 0.429975843268508 -9999 -9999 -9999 -9999
-9999 -9999 -9999 -9999 -9999 -9999 -9999 -9999 -9999 -9999 -9999 -9999 -9999 -9999 -9999 -9999 0.699799721217589 0.722882631348103 0.76012362056412 -9999 -9999 0.731916605801749 0.755363611953175 0.720402415087783 0.680461546783234 0.705208410486064 0.672192159902448 0.662947785198565 0.680408850729799 0.655532882219495 0.638259521420073 0.631069866472883 0.593807538522404 0.545364509814626 0.504056783976336 0.500804262606001 0.491799903725821 0.481351372916415 0.489835764275852 0.519335459036282 0.547264170548574 0.533740014529622 0.514801889372246 0.504948190618703 0.494453010423763 0.481020398379044 0.47856966298408 0.47736284589128 0.467552631665465 0.455574271330982 0.442900415773405 0.442680147901406 -9999 -9999 -9999 -9999
-9999 -9999 -9999 -9999 -9999 -9999 -9999 -9999 -9999 -9999 -9999 -9999 -9999 -9999 -9999 -9999 0.737543089172565 0.744060518370024 0.768663274713369 -9999 0.739169128282529 0.723560674184098 0.694078773345874 0.661301688218854 0.65469274058656 0.663031238165376 0.662358233380288 0.666644901105244 0.67293348483006 0.645445367267421 0.630352247662661 0.635945897752666 0.606459137908836 0.570038749232586 0.557213411760106 0.526443851092611 0.511742289326641 0.526673556700097 0.539162396327858 0.558835702845966 0.565289205163112 0.550325013482999 0.528365793160955 0.51248051394468 0.501749481070972 0.493550435147006 0.488936388543558 0.478962377702494 0.468715101753389 0.465935990646144 -9999 -9999 -9999 -9999 -9999 -9999
-9999 -9999 -9999 -9999 -9999 -9999 -9999 -9999 -9999 -9999 -9999 -9999 -9999 -9999 -9999 -9999 0.774764330969587 0.775220441476104 0.774048563751482 -9999 0.768528069319634 0.754829215717795 0.718747970152143 0.690159863883732 0.682548894903851 0.69913639313223 0.712801696448453 0.698075291960266 0.704435441991758 0.682062760011793 0.632155939148459 0.601554548250033 0.60515301705097 0.60365549859492 0.588037668070289 0.572002407856245 0.563982583328691 0.575903390181334 0.579220970180226 0.578571416964837 0.567722702054508 0.552194090949757 0.533842838028125 0.522565382148839 0.514864758416056 0.508524993319878 0.502000774949659 0.494746405992906 0.492007199264022 -9999 -9999 -9999 -9999 -9999 -9999 -9999
-9999 -9999 -9999 -9999 -9999 -9999 -9999 -9999 -9999 -9999 -9999 -9999 -9999 -9999 -9999 -9999 0.772487928426687 0.772407060388383 0.774775290620399 -9999 0.78483224767373 0.764031061586707 0.733913925374762 0.70492898932447 0.674217751521449 0.699008156852635 0.730064654441875 0.686569711741555 0.676189525224488 0.67954261535231 0.650932636251183 0.628828921900273 0.62270222297925 0.612221375698096 0.595733282480185 0.612734723501674 0.612124991724277 0.600926179747278 0.586594603870788 0.572829166432195 0.563382797745056 0.553896362096567 0.544684601764261 0.540894087944802 0.525251675122595 0.505837562101766 0.501896604903499 -9999 -9999 -9999 -9999 -9999 -9999 -9999 -9999 -9999
-9999 -9999 -9999 -9999 -9999 -9999 -9999 -9999 -9999 -9999 -9999 -9999 -9999 -9999 -9999 -9999 -9999 0.777550657173254 0.780869234091456 -9999 0.800137805138617 0.754922297975186 0.747410673014228 0.759835446485937 0.68874796905912 0.694992977511528 0.711156431691832 0.685848760558556 0.687692506206072 0.679805230770377 0.657574095367176 0.646279875593552 0.628196348264961 0.611023331878337 0.603732400205329 0.617880010829224 0.618342185951643 0.60319617468976 0.585391974749123 0.573802555645158 0.564826330763694 0.557067911574859 0.551736075939835 0.543763447614071 0.524043369100334 0.521839951221337 -9999 -9999 -9999 -9999 -9999 -9999 -9999 -9999 -9999 -9999
-9999 -9999 -9999 -9999 -9999 -9999 -9999 -9999 -9999 -9999 -9999 -9999 -9999 -9999 -9999 -9999 -9999 -9999 -9999 -9999 0.799404450450801 0.762135334595721 0.742951364940926 0.751827758836253 0.724084695873427 0.713704178124274 0.707500783736127 0.697114885083351 0.686026145163618 0.683926030775384 0.668019851894725 0.662354846163511 0.647354952684823 0.641341660546779 0.653056354190564 0.641536125651101 0.625677410060983 0.611596120255895 0.599917236393255 0.585339255379576 0.569819071165682 0.56098192350212 0.547870206582205 0.533772254179273 0.525180813137127 0.525327694298699 0.533949958710615 -9999 -9999 -9999 -9999 -9999 -9999 -9999 -9999 -9999
-9999 -9999 -9999 -9999 -9999 -9999 -9999 -9999 -9999 -9999 -9999 -9999 -9999 -9999 -9999 -9999 -9999 -9999 -9999 -9999 0.789570786988745 0.783659056878057 0.760575607497864 0.723457865089035 0.682002359265221 0.698822438263126 0.719792857659691 0.700577570121506 0.692388257360068 0.682846125540318 0.65827362467956 0.655757790992465 0.649032683146752 0.643582185273931 0.650804922002742 0.635852735984636 0.612213258126008 0.602109393583164 0.601524490561734 0.595058454106488 0.583200866039329 0.569420894846015 0.553746812650122 0.53810619076673 0.530525199172182 0.534021581031351 0.545122449708115 -9999 -9999 -9999 -9999 -9999 -9999 -9999 -9999 -9999
-9999 -9999 -9999 -9999 -9999 -9999 -9999 -9999 -9999 -9999 -9999 -9999 -9999 -9999 -9999 -9999 -9999 -9999 -9999 -9999 0.7680729718095 0.760255608432062 0.784968180397163 0.770006563111121 0.716485073253404 0.727902107602436 0.723278598692271 0.717331861930613 0.711888833158523 0.690280058425047 0.662010305295084 0.63778543392026 0.627565217873371 0.633781204199875 0.641118453635529 0.62621038962061 0.605105173871104 0.600127898153759 0.598704097193912 0.592997838476843 0.579188161005014 0.566182313387144 0.5492861797045 0.539490748867671 0.534948874373258 0.540599542330804 0.550567311002769 -9999 -9999 -9999 -9999 -9999 -9999 -9999 -9999 -9999
-9999 -9999 -9999 -9999 -9999 -9999 -9999 -9999 -9999 -9999 -9999 -9999 -9999 -9999 -9999 -9999 -9999 -9999 0.802046743877312 0.799024122594773 0.775760172984694 0.757446628490519 0.736361695134431 0.731784029540388 0.704831785542534 0.70661206220629 0.72649741457119 0.711539761886672 0.710191164350584 0.707947214843326 0.686134371310365 0.664971761256657 0.63971081080301 0.636733659471884 0.643543019444026 0.616041119399301 0.606432169160054 0.61495690931006 0.610969713621302 0.597738440548718 0.585556315995901 0.571095502681599 0.55201841155842 0.547457601561841 0.551779608400923 0.561098637620254 -9999 -9999 -9999 -9999 -9999 -9999 -9999 -9999 -9999 -9999
-9999 -9999 -9999 -9999 -9999 -9999 -9999 -9999 -9999 -9999 -9999 -9999 -9999 -9999 -9999 -9999 -9999 -9999 0.792545086684811 0.792822164635386 0.792059887938464 0.767086189233983 0.741683593117475 0.739752100959071 0.717802465707125 0.713335034432173 0.703826104748946 0.697877769430231 0.711090887754806 0.71175542374604 0.697656984166168 0.671089772882933 0.638377150963604 0.639571636198114 0.654859986524726 0.642669160408955 0.631418247188739 0.619755264079662 0.608524583124762 0.599111299133122 0.582104759585996 0.567127741963607 0.575606648535344 0.582114837836015 0.579503848541214 0.578197747485631 -9999 -9999 -9999 -9999 -9999 -9999 -9999 -9999 -9999 -9999
-9999 -9999 -9999 -9999 -9999 -9999 -9999 -9999 -9999 -9999 -9999 -9999 -9999 -9999 -9999 -9999 -9999 -9999 0.766325811589844 0.79405083226299 0.785643641893756 0.737480762218433 0.710175689492694 0.70963710082405 0.709469545910007 0.696651807892237 0.671826600765604 0.658687853201193 0.688468287391771 0.704609531225377 0.687181700987493 0.658150134146166 0.637932139031886 0.643329170259377 0.6487580234753 0.638811707351472 0.631178628159678 0.612794253022116 0.599897448103083 0.595051612803205 0.577558136852443 0.573582272489999 0.591095197515328 0.590333148824132 0.580651223956599 0.573072485613424 -9999 -9999 -9999 -9999 -9999 -9999 -9999 -9999 -9999 -9999
-9999 -9999 -9999 -9999 -9999 -9999 -9999 -9999 -9999 -9999 -9999 -9999 -9999 -9999 -9999 0.76515342172234 -9999 0.759704726836901 0.775458498824212 0.791074405993136 0.740694061573658 0.728568816328729 0.704116589681647 0.690789550800595 0.684124289473508 0.677899914146367 0.672827016039637 0.677324469969549 0.686715298840486 0.686503731192189 0.679982872828211 0.668441462266218 0.645709538846742 0.640800381836127 0.643706528642256 0.626552481907279 0.612135776337174 0.599926359336438 0.598643849318688 0.588025819299963 0.5847219984124 0.599347424909633 0.606645264326544 -9999 -9999 -9999 -9999 -9999 -9999 -9999 -9999 -9999 -9999 -9999 -9999 -9999
-9999 -9999 -9999 -9999 -9999 -9999 -9999 -9999 -9999 -9999 -9999 -9999 -9999 -9999 -9999 -9999 -9999 0.764228399061974 0.765324637461411 0.761257774138735 0.747741064060405 0.713546847777593 0.675606137488287 0.664690083510619 0.653221304182132 0.673150121890325 0.691311153986551 0.669722388669396 0.668766285711123 0.670602421862998 0.671387620997713 0.664886621873274 0.641998368292617 0.638722779695531 0.652461831712791 0.639504984353161 0.621625142703187 0.6062499494732 0.58485483450766 0.585105245747232 0.602472112265153 -9999 -9999 -9999 -9999 -9999 -9999 -9999 -9999 -9999 -9999 -9999 -9999 -9999 -9999 -9999
-9999 -9999 -9999 -9999 -9999 -9999 -9999 -9999 -9999 -9999 -9999 -9999 -9999 -9999 -9999 -9999 -9999 0.744867374376522 0.754204401322245 -9999 0.752720654730429 0.735318578315112 0.698393970540793 0.695119597762085 0.671234122700741 0.646701144323839 0.648115339129895 0.652859247349763 0.659377002557147 0.664806699293832 0.662164214223571 0.655933004837189 0.636531335279384 0.633240824230123 0.65038104265812 0.636134475943627 0.610593709230098 0.581575605201315 0.570353734940627 0.581517691955626 -9999 -9999 -9999 -9999 -9999 -9999 -9999 -9999 -9999 -9999 -9999 -9999 -9999 -9999 -9999 -9999
-9999 -9999 -9999 -9999 -9999 -9999 -9999 -9999 -9999 -9999 -9999 -9999 -9999 -9999 -9999 -9999 -9999 0.749336665058961 0.756982437790172 -9999 0.715251027196705 0.704059702211841 0.688837406171499 0.684005498938202 0.683082928790259 0.660842342832521 0.634423176712624 0.634374320993876 0.642415134676444 0.648501673801011 0.648594484047398 0.643492091556675 0.630684507224035 0.624379988109762 0.626924540894775 0.613130579055515 0.586350208321768 0.574478852480535 0.587343998351788 0.601914935051668 -9999 -9999 -9999 -9999 -9999 -9999 -9999 -9999 -9999 -9999 -9999 -9999 -9999 -9999 -9999 -9999
-9999 -9999 -9999 -9999 -9999 -9999 -9999 -9999 -9999 -9999 -9999 -9999 -9999 -9999 -9999 0.759065842007394 0.731546499178922 0.726507243053248 0.731185593866148 -9999 0.751739204593405 0.679576988613252 0.624751013001606 0.618510199588911 0.588917448959627 0.579955987393763 0.615907274621069 0.612115424278105 0.614444870040256 0.622649739887928 0.62400603759711 0.623158834929364 0.622079762875209 0.620522463678828 0.609106083608196 0.592185058949406 0.602784840751147 0.619142680082491 0.61362191704614 0.610318495089614 -9999 -9999 -9999 -9999 -9999 -9999 -9999 -9999 -9999 -9999 -9999 -9999 -9999 -9999 -9999 -9999
-9999 -9999 -9999 -9999 -9999 -9999 -9999 -9999 -9999 -9999 -9999 -9999 -9999 -9999 0.769406209173764 0.75853223627617 0.731974804887531 0.716288788475811 0.735866595120186 0.769221177157797 0.732092264084809 0.656140388390843 0.656701821882654 0.65089141834086 0.590067685123124 0.572198197979825 0.575923252129119 0.590809412611704 0.60256277157347 0.612863829654594 0.616690120138742 0.611846591713755 0.607756993406637 0.60876474486205 0.601254543962925 0.594489708396323 0.611817389068632 0.619556714337784 0.610735213927918 0.597534660699643 -9999 -9999 -9999 -9999 -9999 -9999 -9999 -9999 -9999 -9999 -9999 -9999 -9999 -9999 -9999 -9999
