layers/veg_krg_sqold/veg1400.asc
NCOLS 255 
NROWS 330 
XLLCORNER -2985163.8955 
YLLCORNER -3022031.214 
CELLSIZE 25000 
NODATA_value -9999 
[rows 175 to 199 of 330, columns 56 to 111 of 255]
-9999 -9999 -9999 -9999 -9999 -9999 -9999 -9999 -9999 -9999 -9999 -9999 -9999 -9999 -9999 -9999 -9999 -9999 -9999 -9999 -9999 -9999 0.506700682927926 0.408651933883531 0.318012032222409 0.364278772220111 0.364443146072033 0.258435109442089 0.178311422120806 0.133906274882674 0.0572720691947117 0.045750154032117 0.0542975783303109 0.0912391649479463 0.113079101743327 0.0843299203778314 0.0577334940069904 0.0507349335540561 0.0263759233385569 0.0431687633588449 0.142389873946708 0.245445012726682 0.368412473144801 0.462191746067507 0.464560413545475 0.440577271133698 0.475890597950485 0.520341058798925 0.538347356568165 0.544830010144697 0.547101556534882 0.548248005736813 0.548920991460645 0.549899573870431 0.550788143228925 0.551271451395843
-9999 -9999 -9999 -9999 -9999 -9999 -9999 -9999 -9999 -9999 -9999 -9999 -9999 -9999 -9999 -9999 -9999 -9999 -9999 -9999 -9999 -9999 -9999 0.430999982195186 0.316336910327539 0.320452526456981 0.304745929837914 0.205496057877226 0.138222814384998 0.0923999093276022 0.0359709417437538 0.0686011407736229 0.0888950075760269 0.123520570294245 0.111163415717453 0.0682270005361969 0.0394279551762245 0.00956778603492574 0 0.110362137407678 0.179310238157793 0.24414312467339 0.412688098760183 0.446153861263245 0.454643276433696 0.462083507677675 0.501896363776279 0.52650851243576 0.537767586566757 0.542180853489242 0.544459872532291 0.546199901497665 0.547133218654909 0.548351851980467 0.549533377442162 0.550160314808566
-9999 -9999 -9999 -9999 -9999 -9999 -9999 -9999 -9999 -9999 -9999 -9999 -9999 -9999 -9999 -9999 -9999 -9999 -9999 -9999 -9999 -9999 -9999 0.337908851863721 0.323117376087819 0.312986516509968 0.285778051196598 0.19613475009201 0.120641102313426 0.0839154003155584 0.0327478643063788 0.0205623941246278 0.0397254960970301 0.0922363128028943 0.112845664769359 0.0827425492084325 0.0475640908374803 0.00656050350584556 0.0124119588928709 0.142462934976519 0.149495435189014 0.203273862545173 0.410423310917093 0.444745864710227 0.453702644683785 0.468724423512335 0.512512500766293 0.528744115424981 0.537580143097026 0.54133593806235 0.543653207660869 0.545397280388163 0.546438725196445 0.547653359342744 0.548796211457469 0.549489428812498
-9999 -9999 -9999 -9999 -9999 -9999 -9999 -9999 -9999 -9999 -9999 -9999 -9999 -9999 -9999 -9999 -9999 -9999 -9999 -9999 -9999 -9999 -9999 0.389736830211864 0.368604771018374 0.34624058226433 0.283158016490108 0.14494395338228 0.0591634809209269 0.0598332687102251 0.00778624691875876 0 0.0111161365761454 0.0173038275814076 0.0742349185183551 0.0896750597806957 0.0371397317398299 0.0083146863524179 0.0691153355266675 0.195747902633513 0.208295297442277 0.281886074668522 0.392350079567122 0.411709322650626 0.449931777868661 0.496617346731014 0.514766888671516 0.524929543341756 0.538105080266597 0.540997261746074 0.542903764980566 0.544467083062735 0.545370652112186 0.546437946592423 0.547344254111257 0.547993464825823
-9999 -9999 -9999 -9999 -9999 -9999 -9999 -9999 -9999 -9999 -9999 -9999 -9999 -9999 -9999 -9999 -9999 -9999 -9999 -9999 -9999 -9999 -9999 0.446877074212406 0.412306023564162 0.368891092437751 0.315841229791902 0.199600699656999 0.0766484960182389 0.0335280491749131 0.027766211835686 0.00320175171786581 0 0.00904078185612847 0.0457285814131971 0.0239705398010972 0.0102434365707687 0.0310045893969955 0.12112418339084 0.225940569242333 0.26493684640502 0.303050288749564 0.351059009978556 0.37329809391101 0.442543587585075 0.495505286494973 0.501656160566603 0.522376706346237 0.53903059560138 0.541852411663333 0.542943778462034 0.543931542672304 0.544519603540983 0.545337676452461 0.546062462107778 0.546559396256819
-9999 -9999 -9999 -9999 -9999 -9999 -9999 -9999 -9999 -9999 -9999 -9999 -9999 -9999 -9999 -9999 -9999 -9999 -9999 -9999 -9999 -9999 -9999 0.511601465507592 0.447099259197214 0.390479143187124 0.308696865091922 0.188757733293428 0.0726621676189897 0.0344878735793219 0.036394661148953 0.0136105631670227 0.00353208882469913 0.0589776188991466 0.0508081088386326 0 0 0 0.0603595907227673 0.215881535104415 0.291473789739677 0.312740994111417 0.349772412677375 0.414196231871247 0.469094554342936 0.49834057441485 0.513919273895217 0.527721686443168 0.540503044535974 0.542921462053985 0.543418173286006 0.543852508581026 0.544129476425092 0.544703666306713 0.545296863879176 0.545651317445004
-9999 -9999 -9999 -9999 -9999 -9999 -9999 -9999 -9999 -9999 -9999 -9999 -9999 -9999 -9999 -9999 -9999 -9999 -9999 -9999 -9999 -9999 -9999 0.512548458168246 0.448562047415802 0.401589977175138 0.331973949374144 0.199846529296977 0.0824683315723148 0.0481852330151019 0.0215115575321952 0.00087078545653896 0.0384633129665648 0.0706980604783576 0.0595043612218666 0.0234361296730544 0 0 0.0324213350441318 0.12722619711583 0.247178344272251 0.331564045802544 0.363968113744462 0.440773617084813 0.445988350246663 0.474700881893111 0.519453841644663 0.531948635199027 0.540728561990495 0.543550430394111 0.543599314090198 0.543500260115379 0.543466495785883 0.543864182624649 0.544210147581969 0.544296281836461
-9999 -9999 -9999 -9999 -9999 -9999 -9999 -9999 -9999 -9999 -9999 -9999 -9999 -9999 -9999 -9999 -9999 -9999 -9999 -9999 -9999 -9999 -9999 0.487570476316968 0.482369863668324 0.450636020742625 0.366611612010038 0.211450023590839 0.0972159940923309 0.0289009500934591 0 0 0 0.0470218784920859 0.0741334074089467 0.0877418750471866 0.0202597124710773 0 0 0.0203578925816176 0.193376980973886 0.332905662632685 0.387559253275436 0.427671076194947 0.410452183609772 0.482685637783389 0.52368537161888 0.536016256810506 0.542778773029036 0.544975826266931 0.544462839071106 0.543817080769415 0.54336681626755 0.543300978378487 0.543311080166038 0.543231537426453
-9999 -9999 -9999 -9999 -9999 -9999 -9999 -9999 -9999 -9999 -9999 -9999 -9999 -9999 -9999 -9999 -9999 -9999 -9999 -9999 -9999 -9999 -9999 0.486077894125718 0.475243343313904 0.451005363335937 0.368109264263227 0.220572898827977 0.126133506700893 0.0562999257103892 0 0 0 0.0444937620797413 0.0771158394530796 0.0970857080828703 0.0429625757469172 0.0272808730542169 0.00319307157091103 0.0170655181038275 0.194269874933201 0.320221989710635 0.370970517585815 0.445860848279395 0.423868790795547 0.47176829780059 0.524915010999011 0.536319018716995 0.542909236317263 0.544806043681046 0.544200819554332 0.543353444301478 0.542643375070208 0.542321917461335 0.542194237830428 0.541865848388176
-9999 -9999 -9999 -9999 -9999 -9999 -9999 -9999 -9999 -9999 -9999 -9999 -9999 -9999 -9999 -9999 -9999 -9999 -9999 -9999 -9999 -9999 -9999 0.490132608983615 0.482153671057188 0.454741765695085 0.361875134740738 0.198356596336353 0.107601046027171 0.0362035986495133 0 0 0 0.0116933301692744 0.108045482855509 0.107695653089952 0.0851871739665091 0.102104625802192 0.0789272555478794 0.110900161150581 0.216045895918801 0.264551272759234 0.326172499585557 0.464609623011937 0.482113428536051 0.513328087017391 0.532331990915408 0.540591827975646 0.544234850569602 0.544818578198532 0.544256567681708 0.543131382550031 0.542101144710004 0.541267324054971 0.54033618324995 0.539470665563921
-9999 -9999 -9999 -9999 -9999 -9999 -9999 -9999 -9999 -9999 -9999 -9999 -9999 -9999 -9999 -9999 -9999 -9999 -9999 -9999 -9999 -9999 -9999 0.510208760930785 0.43119561011232 0.399205887559786 0.32734214195045 0.149412576598666 0.0536165532401969 0.0290021069151254 0 0 0 0 0.0400655279767701 0.0536194499043944 0.0910786801962738 0.0953732262942833 0.118523717487303 0.188091489036544 0.173676852657528 0.216375362592995 0.389007134613204 0.499232692799477 0.520526088523499 0.527830255217398 0.537478031678577 0.542916293220434 0.545475422251171 0.545051774250227 0.543946047453409 0.542695750502546 0.541626443139041 0.540632531149146 0.538370705503445 0.537021318460575
-9999 -9999 -9999 -9999 -9999 -9999 -9999 -9999 -9999 -9999 -9999 -9999 -9999 -9999 -9999 -9999 -9999 -9999 -9999 -9999 -9999 -9999 0.546535598825 0.503263148187958 0.4323886676153 0.370886836782428 0.272638551726186 0.155184195184876 0.0697952144640736 0.0141900615075348 0 0 0 0.0851264382167552 0.0769161299227859 3.10092268406385e-05 0.0985463635822406 0.195396923819087 0.227338720919593 0.2455501452009 0.14703266166651 0.19191276562385 0.454836833135078 0.52692457521505 0.525468670396817 0.528637581914664 0.535846551896651 0.541656646387776 0.546110354321113 0.545287850844355 0.543911050043121 0.54250375458345 0.541301748076789 0.539944340669904 0.537277302655455 0.535386221545742
-9999 -9999 -9999 -9999 -9999 -9999 -9999 -9999 -9999 -9999 -9999 -9999 -9999 -9999 -9999 -9999 -9999 -9999 -9999 -9999 -9999 -9999 0.545795193593875 0.500849618568401 0.42654603708371 0.37842994704978 0.313125239518886 0.177625898468151 0.0539075329136583 0 0 0 0 0.107860961959029 0.209194054288105 0.142639413241654 0.192210824659349 0.279563689803864 0.247652908744576 0.19132967910057 0.150751201615237 0.307975457516537 0.503130467215313 0.529073853475894 0.528391765797219 0.52935484786581 0.533119810935565 0.538797070178833 0.544839532113621 0.544300466756394 0.5429793685639 0.541369975158435 0.539731711428539 0.53817702640543 0.53563590520698 0.533046391665451
-9999 -9999 -9999 -9999 -9999 -9999 -9999 -9999 -9999 -9999 -9999 -9999 -9999 -9999 -9999 -9999 -9999 -9999 -9999 -9999 -9999 -9999 0.557088129552987 0.539256306270279 0.498813607319886 0.443712345335462 0.313547978208602 0.15315806883619 0.0327504931759792 0 0 0 0 0.143916630295314 0.297755400205108 0.253411040385451 0.236454151055385 0.325339560143971 0.320755539773837 0.321393409877124 0.305165785795896 0.390825803095177 0.50837792485763 0.529388322216666 0.530636180574459 0.529327727235778 0.531364113906499 0.538109089379952 0.542796283353682 0.543459154238757 0.5424011253223 0.540476898255549 0.53874273772744 0.536922347001477 0.53343812614513 0.530500630745898
-9999 -9999 -9999 -9999 -9999 -9999 -9999 -9999 -9999 -9999 -9999 -9999 -9999 -9999 -9999 -9999 -9999 -9999 -9999 -9999 -9999 -9999 0.562733577227274 0.528974668773752 0.48051327330335 0.416489712434914 0.286908299356011 0.141213584995809 0.0434205922019133 0 0 0 0 0.115381159090795 0.293576242995635 0.275970674191915 0.268543344040745 0.326350766527264 0.354263250738844 0.387670384389375 0.344248668088404 0.382032914454288 0.498910063482799 0.526457919871088 0.524744923622628 0.520418297921554 0.526192540780078 0.536628833124545 0.540818003120423 0.541752282072476 0.540903598937122 0.539181331935856 0.537480736782265 0.535587642156942 0.532376246084492 0.529714158240872
-9999 -9999 -9999 -9999 -9999 -9999 -9999 -9999 -9999 -9999 -9999 -9999 -9999 -9999 -9999 -9999 -9999 -9999 -9999 -9999 -9999 0.559081351255442 0.556955941538283 0.511112334737956 0.449860357930305 0.389220846765846 0.274365396117446 0.135859913779798 0.026839067335765 0 0 0 0.0101765936860513 0.142034737338454 0.273084344636265 0.331163946459484 0.379183724960639 0.432530999657066 0.447756906320417 0.455648941376096 0.354220234633679 0.321105799749523 0.464339073128057 0.513296771009168 0.507407664302342 0.504399786659805 0.518975020749126 0.532813405807162 0.53886373692153 0.539438869222278 0.539026605956419 0.537896793027309 0.536171994167328 0.534207735349868 0.533058853955407 0.532539944218031
-9999 -9999 -9999 -9999 -9999 -9999 -9999 -9999 -9999 -9999 -9999 -9999 -9999 -9999 -9999 -9999 -9999 -9999 -9999 -9999 -9999 0.529389851081167 0.534836041353214 0.508262617924123 0.429882384895585 0.348626872384185 0.260011867159427 0.141888573353806 0.0323543508449531 0 0 0.0140986827766361 0.0442797269318706 0.121830774880039 0.264128109410307 0.371210230163367 0.391220566186827 0.442208475902446 0.455853038565637 0.453483202426239 0.310674138915837 0.265892557394614 0.443219350894894 0.490911396385558 0.492155986892558 0.501638926286176 0.52253865120234 0.533205391920134 0.537612541393799 0.537910468868232 0.537431971812552 0.536056215700083 0.534590680710184 0.533182753069798 0.532238704127485 0.531310481689941
-9999 -9999 -9999 -9999 -9999 -9999 -9999 -9999 -9999 -9999 -9999 -9999 -9999 -9999 -9999 -9999 -9999 -9999 -9999 -9999 -9999 0.517288339241327 0.514713945843024 0.484093122687085 0.388610770065735 0.284474737011013 0.220158389187444 0.106545842816431 0.00377302707334994 0 0.0116700066699108 0.0783339097050549 0.110094048814056 0.119474545741777 0.211295269845636 0.384545235874192 0.415117745906025 0.438213684792314 0.45616108338037 0.445849340028576 0.277644175539685 0.227728179975235 0.402328583694599 0.452510963730599 0.493439748109026 0.507690521531995 0.526461707042224 0.535107798693564 0.537261251238989 0.536847732797698 0.536206827038254 0.534803981532079 0.533184616768204 0.531228841898015 0.529445596523655 0.528352380456358
-9999 -9999 -9999 -9999 -9999 -9999 -9999 -9999 -9999 -9999 -9999 -9999 -9999 -9999 -9999 -9999 -9999 -9999 -9999 -9999 -9999 0.527524641218326 0.514915326198609 0.460749487561174 0.377527965044931 0.248990619991644 0.103455647476674 0.0161382948078104 0 0.00152564425977729 0.0614182673079521 0.160323395974353 0.210788115574654 0.158580263580073 0.176047814240193 0.347865657402994 0.353345862413468 0.37776253962473 0.446707889790297 0.412587884845619 0.305898203709823 0.323084728780167 0.433516253098293 0.469174242175355 0.503290709322414 0.512650604289123 0.526096017731987 0.534238986253214 0.53515344345681 0.534458970934525 0.533784662379453 0.532389990974111 0.530846238296195 0.529090222883398 0.526830198531086 0.524929254917016
-9999 -9999 -9999 -9999 -9999 -9999 -9999 -9999 -9999 -9999 -9999 -9999 -9999 -9999 -9999 -9999 -9999 -9999 -9999 -9999 -9999 0.488823961093621 0.493669570302601 0.427639959680248 0.332937619603827 0.21467936209368 0.0554574115526861 0 0 0.00573308671303599 0.0995437972024168 0.219367112277248 0.271867422013567 0.188557683450565 0.151732583097297 0.303830399243947 0.265354744869367 0.291871787725841 0.425540114423933 0.392262539746715 0.394789856551527 0.453766118441854 0.448230397108194 0.482822537390474 0.509101632611364 0.515649526955655 0.526178737686725 0.532895632525544 0.532688803326275 0.531547305967426 0.531033954850343 0.529865631129188 0.528298218725122 0.526655186940818 0.524218194963158 0.52201026032469
-9999 -9999 -9999 -9999 -9999 -9999 -9999 -9999 -9999 -9999 -9999 -9999 -9999 -9999 -9999 -9999 -9999 -9999 -9999 -9999 -9999 0.475428151997902 0.440771927254154 0.41302937795901 0.303500390698979 0.169450076614246 0.046898567821498 0 0 0.0368620143163457 0.0967807743823582 0.187708211189059 0.269427564583598 0.190343430595955 0.110196638090736 0.237156880300162 0.263351634414328 0.299807959723458 0.401881479454742 0.461194288104816 0.498389061164508 0.483754408761701 0.466120149671825 0.489431711475783 0.510046043154175 0.517370331935397 0.527603105113289 0.531007054670029 0.527336242688412 0.525020264103135 0.527337599386158 0.528234656670716 0.526853654390122 0.525041176309152 0.522592664426254 0.52026503044064
-9999 -9999 -9999 -9999 -9999 -9999 -9999 -9999 -9999 -9999 -9999 -9999 -9999 -9999 -9999 -9999 -9999 -9999 -9999 -9999 0.513824342402283 0.46731673349965 0.422102971311568 0.370290031391061 0.249370656296632 0.195732324491488 0.088489759410999 0 0.0184431034077605 0.0790958405608151 0.106979463922377 0.163057077002397 0.260712893806718 0.216589385258695 0.117340258925938 0.244499129288056 0.328505070554929 0.349204984755915 0.408988121257048 0.482429467614949 0.499892418362305 0.502753950736863 0.496818135589121 0.498702325739731 0.511459958516938 0.51816853838042 0.52616522543239 0.521827772140626 0.506895544995064 0.498466950237525 0.510494675863341 0.52423858103797 0.524151107869897 0.522312085698853 0.519877609946676 0.517512800331562
-9999 -9999 -9999 -9999 -9999 -9999 -9999 -9999 -9999 -9999 -9999 -9999 -9999 -9999 -9999 -9999 -9999 -9999 -9999 -9999 -9999 0.464735670041167 0.399244300847842 0.309744166429695 0.171226844990004 0.0965335926676761 0.00111848667219171 0 0.0183134493216482 0.0930729458836722 0.200854459956818 0.32398140812951 0.344263130910842 0.319863016273152 0.283179911261631 0.341387870417001 0.359034059900461 0.369855202557319 0.475803015961667 0.49106727259176 0.495995845576829 0.498899824223853 0.501212366388654 0.506412773563584 0.51364645670441 0.516269346976028 0.520392861272141 0.514234915144843 0.486234597479264 0.471741513645601 0.496198623593309 0.519863663201195 0.521631346881432 0.519719972650414 0.516971617455768 0.514389903643359
-9999 -9999 -9999 -9999 -9999 -9999 -9999 -9999 -9999 -9999 -9999 -9999 -9999 -9999 -9999 -9999 -9999 -9999 -9999 -9999 -9999 0.47720511240967 0.461536148075447 0.331344870371695 0.13978933558429 0.0551703957117344 0.00199645429375736 0 0.00707507714209576 0.091450218771137 0.194155169919165 0.32446368749661 0.366953179262815 0.357620159333944 0.30841944561643 0.324750670053618 0.357132983121356 0.381824946371234 0.480790845517388 0.490372944263805 0.49412616666648 0.492588371524985 0.498325218384466 0.509357061728862 0.511834594347807 0.51127780513599 0.513602232511529 0.501451045780293 0.467257264165272 0.46394723682457 0.496608129915797 0.518841169108946 0.519603444449633 0.517749880473581 0.514881222111613 0.511434908873758
-9999 -9999 -9999 -9999 -9999 -9999 -9999 -9999 -9999 -9999 -9999 -9999 -9999 -9999 -9999 -9999 -9999 -9999 -9999 -9999 -9999 0.459349672208608 0.426846478313003 0.320070165602093 0.155112662322431 0.0466882909364245 0 0 0 0.0822788073259298 0.186294785224877 0.270896882982676 0.339118149053254 0.363768562379273 0.319699071733828 0.30887021670904 0.349057308466746 0.411564780271264 0.474598945044977 0.484454755551921 0.489485161006214 0.48937683001431 0.495562812130543 0.506102922883248 0.507630541513148 0.507894222811744 0.50469578330996 0.478872666112154 0.450965272208067 0.46729210628859 0.500282972832602 0.516150928883723 0.51655875708926 0.514745723048861 0.51160212083798 0.507835877312126
