layers/veg_krg_sqold/veg1900.asc
NCOLS 255 
NROWS 330 
XLLCORNER -2985163.8955 
YLLCORNER -3022031.214 
CELLSIZE 25000 
NODATA_value -9999 
[rows 200 to 224 of 330, columns 56 to 111 of 255]
-9999 -9999 -9999 -9999 -9999 -9999 -9999 -9999 -9999 -9999 -9999 -9999 -9999 -9999 -9999 -9999 -9999 -9999 -9999 -9999 -9999 0.496361232139967 0.454456182671223 0.353309898857105 0.276750723466841 0.166166216112841 0.0338085228843895 0 0.0434593130296234 0.179084594192535 0.241480774234819 0.286321168924815 0.342528148296062 0.36565800804331 0.326962896721493 0.326832916360535 0.380827299578854 0.452130698095559 0.467246185574152 0.475001512090734 0.481184096999592 0.484836284485015 0.490768634044305 0.497394537243388 0.497683379430196 0.497211128588727 0.487824642402151 0.453204956086169 0.43778324735651 0.469075361350441 0.495178910349354 0.504673485082279 0.504852322642256 0.50324449025933 0.500544775231843 0.497085942215591
-9999 -9999 -9999 -9999 -9999 -9999 -9999 -9999 -9999 -9999 -9999 -9999 -9999 -9999 -9999 -9999 -9999 -9999 -9999 -9999 -9999 0.510545836416838 0.473197949028975 0.399203249042423 0.289464949294278 0.176726502844092 0.0825941588920598 0.00730279578630448 0.0935482645659671 0.221741731272761 0.284080758794604 0.354034078131206 0.379366851122627 0.376974497527964 0.342597612916308 0.351258823954808 0.396914329055921 0.44025070634349 0.456664650845229 0.462500166448154 0.468911235453669 0.480494163121221 0.490531976843811 0.493603065181564 0.4920477927414 0.487793102109479 0.474664572599306 0.444334501586291 0.442075310145149 0.475396729637257 0.49499759962134 0.503581404922842 0.502965831950393 0.501411591667186 0.498709856417655 0.494818358835126
-9999 -9999 -9999 -9999 -9999 -9999 -9999 -9999 -9999 -9999 -9999 -9999 -9999 -9999 -9999 -9999 -9999 -9999 -9999 -9999 0.512046943832556 0.498923068764858 0.441239277115978 0.326467499817945 0.194817835472797 0.105704025644635 0.0287429193671892 0 0.0940822544372519 0.219517912886916 0.28351786324154 0.353513531914055 0.383432896142706 0.402177831222417 0.355653217893672 0.336752007461725 0.400972152343672 0.42676571527434 0.439158442590095 0.425714312239367 0.432248967494647 0.468671839803873 0.483242152802628 0.484567600033619 0.477392471801601 0.465068260091474 0.43972555503677 0.421610809800951 0.443319735818774 0.476054569203732 0.492809774794562 0.500529026643782 0.500044508495663 0.498471316076573 0.495681402782852 0.491679568629351
-9999 -9999 -9999 -9999 -9999 -9999 -9999 -9999 -9999 -9999 -9999 -9999 -9999 -9999 -9999 -9999 -9999 -9999 -9999 -9999 0.502357786459449 0.476316202055958 0.433082095704518 0.353447823313821 0.192359476448515 0.070593604770937 0.00569328573382465 0 0.0654109798406323 0.191203568678526 0.251781145932739 0.340989011184806 0.387353494478488 0.406699129988235 0.373385925835153 0.352386902573398 0.400077428207561 0.421793522932731 0.41414149212651 0.391308073430042 0.411021855479708 0.459492032256788 0.476100870722816 0.469048283714373 0.45211937113787 0.444587300599231 0.414584150888804 0.395997212642826 0.434909879762311 0.474423732738298 0.489186823157182 0.495032254395092 0.495448749885848 0.495049661430856 0.492483609178096 0.488427006138046
-9999 -9999 -9999 -9999 -9999 -9999 -9999 -9999 -9999 -9999 -9999 -9999 -9999 -9999 -9999 -9999 -9999 -9999 -9999 -9999 0.492927582228573 0.488521180622244 0.455801832080071 0.380525757482544 0.246828693613564 0.0932306538625558 0.013975660762129 0.0651582474051142 0.156033683418506 0.1910445945838 0.234721981884029 0.314164298142686 0.367376140558342 0.395248985992449 0.405773531942934 0.374121352555648 0.376339473351043 0.421488816284724 0.399747646235845 0.383243479766491 0.413783772757994 0.452925545253315 0.471995174738641 0.45169256294061 0.421837193170487 0.40668943664534 0.373078628428484 0.383648530605517 0.437236742493138 0.471172317597074 0.48371296865382 0.488863371972359 0.490330491901525 0.490942919914287 0.487986507787931 0.484270920856211
-9999 -9999 -9999 -9999 -9999 -9999 -9999 -9999 -9999 -9999 -9999 -9999 -9999 -9999 -9999 -9999 -9999 -9999 -9999 -9999 0.456732753646441 0.456996004943849 0.431457591644091 0.366933017422694 0.258289618305433 0.133728048502567 0.0311005322922776 0.0780542395688319 0.194408060709755 0.208066965392514 0.21109345718997 0.297851153906689 0.358905075295174 0.370994172402213 0.34927604798063 0.336133811989184 0.372687234577257 0.423449604120601 0.405872001816185 0.390972753281635 0.414353741929446 0.448216174984509 0.465113048597655 0.429068834297174 0.383869826053551 0.354189163651738 0.343720614695067 0.399399639329133 0.441950254462825 0.466527541947172 0.476571999382914 0.482001696764469 0.484082713306462 0.485270339920717 0.483586103090029 0.48075876911995
-9999 -9999 -9999 -9999 -9999 -9999 -9999 -9999 -9999 -9999 -9999 -9999 -9999 -9999 -9999 -9999 -9999 -9999 -9999 -9999 0.419908753316708 0.40672829841082 0.395816995580942 0.317113600070009 0.199967215836916 0.116853120177846 0.0197166989328063 0.04199718581855 0.194095010141602 0.233603971787692 0.213356334496708 0.296502319057431 0.356910787634768 0.332672758911857 0.249941658660502 0.279168430371167 0.386714898746556 0.426300106915055 0.421534487918538 0.411210973770561 0.418291209651868 0.444621090018148 0.458727127412484 0.414954615412632 0.360244022723047 0.32238800063379 0.3348881641938 0.419910996698717 0.44978580757829 0.461511996095208 0.469457915008388 0.475351036582163 0.478225198353682 0.480151008018075 0.479809880256829 0.477534555408528
-9999 -9999 -9999 -9999 -9999 -9999 -9999 -9999 -9999 -9999 -9999 -9999 -9999 -9999 -9999 -9999 -9999 -9999 -9999 -9999 0.449373750275739 0.420043805011896 0.371515005275863 0.265192533606288 0.118937618890428 0.0433141872444358 0 0.0468983547051018 0.202853039810834 0.22626483614781 0.219874077847689 0.317522881020541 0.371201980243621 0.321774918791652 0.277165691203034 0.361539018438329 0.411950498231485 0.426226133594141 0.427239452827894 0.420567006709218 0.422072158174018 0.441122769025008 0.455720519770441 0.430357635312483 0.374193415178218 0.308402330773234 0.317888922318115 0.405776378193287 0.445085055844622 0.458148344470248 0.464712067464719 0.471014078518365 0.474456277879511 0.476776733781952 0.477175575579398 0.475823961301739
-9999 -9999 -9999 -9999 -9999 -9999 -9999 -9999 -9999 -9999 -9999 -9999 -9999 -9999 -9999 -9999 -9999 -9999 -9999 -9999 -9999 0.449325189704921 0.406329240258174 0.317526303042601 0.162826198974063 0.0575119632267246 0.0330659997466777 0.0724454762700255 0.178625672019142 0.174376585801503 0.16909634161828 0.293828347538386 0.357919901196048 0.370357868012738 0.364779038003514 0.392690147201156 0.404510590666338 0.413393135440225 0.425450266956939 0.426417401705966 0.419736514439467 0.430464808567603 0.445615222283488 0.439326417784502 0.405060276718147 0.321702704564478 0.319927791728206 0.41212321012234 0.443809139145776 0.45399969976368 0.460768401030692 0.466381793320023 0.469859994121065 0.472497428816182 0.473892607330227 0.473091714256612
-9999 -9999 -9999 -9999 -9999 -9999 -9999 -9999 -9999 -9999 -9999 -9999 -9999 -9999 -9999 -9999 -9999 -9999 -9999 -9999 -9999 0.418357791845615 0.420560208275761 0.359182616866569 0.232053460148477 0.0834865216692528 0 0.0745743465082206 0.173751166951492 0.150248633703584 0.161424820852494 0.258125321727458 0.336541212367702 0.386770627905321 0.389145797637619 0.392643541872644 0.395911500641927 0.397620407628533 0.412057903981735 0.420308587635125 0.42005278546283 0.426225597017434 0.431698874323623 0.429225754479121 0.400149147545101 0.35410381012996 0.366479747022995 0.415522726303805 0.435950797489503 0.449462222682319 0.456406201926485 0.462220778448547 0.465827665718029 0.468821661285545 0.470776600164026 0.469966759625296
-9999 -9999 -9999 -9999 -9999 -9999 -9999 -9999 -9999 -9999 -9999 -9999 -9999 -9999 -9999 -9999 -9999 -9999 -9999 -9999 -9999 0.406438505042996 0.39269558339129 0.326346158882559 0.211225941882512 0.112819475301377 0 0.0252672435919896 0.106007378613242 0.0849028485682915 0.191655358087374 0.284654559645505 0.34292148807592 0.383277664504562 0.388128223034459 0.393037891519501 0.394704463543738 0.390495444566304 0.398126180898407 0.411032966620428 0.40957912097554 0.407359901909272 0.410172366256822 0.401841377236853 0.378822563348535 0.350011987309636 0.360784031665263 0.411058392283658 0.433272646882387 0.446852201800963 0.45349623140327 0.459549297149675 0.463440040085761 0.466397136212803 0.468262571642655 0.46856467136189
-9999 -9999 -9999 -9999 -9999 -9999 -9999 -9999 -9999 -9999 -9999 -9999 -9999 -9999 -9999 -9999 -9999 -9999 -9999 -9999 -9999 -9999 0.408637523097176 0.346615690440753 0.225179326003969 0.101958691616904 0.0249806697098523 0.0104213133295368 0.0129249094774098 0.0544743012442002 0.187975685515341 0.294988565474709 0.351235197939853 0.375610536421046 0.380283539495036 0.386732660285666 0.392774417406127 0.385730855887505 0.384159075817154 0.39676651365155 0.394734226550599 0.377856011988699 0.362813299357612 0.370244864389235 0.379172802193095 0.346214926065269 0.344917850583358 0.40016701703911 0.424605256668988 0.444151373443968 0.451775441938783 0.457060920823833 0.460420741724513 0.463243068809957 0.464563394948534 0.464914204347023
-9999 -9999 -9999 -9999 -9999 -9999 -9999 -9999 -9999 -9999 -9999 -9999 -9999 -9999 -9999 -9999 -9999 -9999 -9999 -9999 -9999 -9999 0.437030816713572 0.396509458665139 0.282089953979222 0.17688509958912 0.0544261539462958 0 0 0.0317021448861251 0.189019673063036 0.293004547969887 0.342688172870394 0.368007008839155 0.372548378851662 0.38019560059835 0.389008710515348 0.378330217853609 0.369737960128268 0.383636463474723 0.379448226121721 0.343845629443439 0.325695954117289 0.355478012820127 0.371798862657193 0.353049123455229 0.355044853531956 0.396389890821107 0.423513057698873 0.441070807484549 0.449914073682988 0.455316096730033 0.457886174372216 0.46019775353624 0.461444439872597 0.461416039423807
-9999 -9999 -9999 -9999 -9999 -9999 -9999 -9999 -9999 -9999 -9999 -9999 -9999 -9999 -9999 -9999 -9999 -9999 -9999 -9999 -9999 -9999 0.451800380680333 0.369678441852965 0.29898645882346 0.214042968747472 0.0194564036896478 0 0 0.066208921461715 0.192289078285189 0.304680817816518 0.346412921968297 0.36164264297152 0.366958258556263 0.374989152976723 0.38510503066047 0.386780922061056 0.379065398938399 0.375932553832222 0.356748577036418 0.307014317999695 0.308866205181063 0.35234414057594 0.358335613472443 0.359282481699613 0.377572100682327 0.403047397990908 0.424841748804801 0.440355980433389 0.448559096569894 0.454177813163871 0.456752653858399 0.458678774947555 0.45956278787049 0.459792171366252
-9999 -9999 -9999 -9999 -9999 -9999 -9999 -9999 -9999 -9999 -9999 -9999 -9999 -9999 -9999 -9999 -9999 -9999 -9999 -9999 -9999 0.454353050273555 0.448992362231763 0.394225312836685 0.333882420923728 0.28887935603462 0.136320015269275 0.0167496299121181 0 0 0.190512418727601 0.301631504285274 0.334649858833145 0.352258014369032 0.358939837289099 0.367748808549518 0.379340064238277 0.384264981065263 0.377035854594738 0.373373592367225 0.35176227871682 0.319577574679709 0.333255385713126 0.341789450621892 0.337415386494875 0.359684906936087 0.388087103915642 0.407697708032568 0.425115218099407 0.437550987215874 0.445708954317106 0.451822925315736 0.454543688333682 0.455674605607977 0.455683263772425 0.455168930897544
-9999 -9999 -9999 -9999 -9999 -9999 -9999 -9999 -9999 -9999 -9999 -9999 -9999 -9999 -9999 -9999 -9999 -9999 -9999 -9999 -9999 0.429746805948531 0.429769011698074 0.389448430926995 0.348282111961037 0.260315347510716 0.0507876966987538 0 0 0 0.206118631917706 0.3000943201966 0.321308484702755 0.34479765508017 0.355013114456083 0.363294402341437 0.373675504663263 0.377760732486739 0.373153216456355 0.375746719921575 0.369454109249713 0.350852290713811 0.354553826484048 0.357689092072391 0.360047830731876 0.377795851788018 0.394475131105158 0.411851895043245 0.427032667483425 0.436462063200658 0.443404524840672 0.448866508105136 0.451626165926784 0.452200830902916 0.451513148629946 0.451091375222789
-9999 -9999 -9999 -9999 -9999 -9999 -9999 -9999 -9999 -9999 -9999 -9999 -9999 -9999 -9999 -9999 -9999 -9999 -9999 -9999 -9999 0.421897924540738 0.410954639388233 0.379089891777786 0.357957106851959 0.297517422206413 0.110345985137419 0 0 0.0481432979588442 0.233499317459172 0.300320562806626 0.316200255904858 0.33540306757972 0.351982768437735 0.360672326850342 0.370613262302497 0.375319486131489 0.373208531765402 0.377400469579402 0.372851874526052 0.355610505555114 0.359594504990621 0.367966648128396 0.3706428214277 0.383479901129011 0.399644982016144 0.414451786227621 0.426876265143804 0.435077575007143 0.441793767453583 0.446559202386305 0.448612089638281 0.448889506950803 0.448656024025679 0.448368800656286
-9999 -9999 -9999 -9999 -9999 -9999 -9999 -9999 -9999 -9999 -9999 -9999 -9999 -9999 -9999 -9999 -9999 -9999 -9999 -9999 -9999 0.435894482672963 0.423369200546922 0.400187667035256 0.382354320014667 0.359133386192451 0.250409100182405 0.0502921535687619 0 0.0417181628862197 0.227519514051987 0.295532116003907 0.290104533352438 0.309388466902679 0.342150874027179 0.356033943233999 0.366644587379679 0.373836379352286 0.378647948661668 0.383561665642103 0.376545977123362 0.36334143014454 0.368981982804726 0.382306379928292 0.391435990537353 0.400386257583363 0.409520495825709 0.419603517041643 0.428223999850861 0.434038753220436 0.439925802232039 0.443112674367527 0.443846787155979 0.443951551993274 0.444129622331102 0.444236158796162
-9999 -9999 -9999 -9999 -9999 -9999 -9999 -9999 -9999 -9999 -9999 -9999 -9999 -9999 -9999 -9999 -9999 -9999 -9999 -9999 -9999 0.449859140058388 0.437403881153566 0.411808503572251 0.380090889247338 0.349234416996134 0.238013599367559 0.0141214825000927 0 0.0811267005945606 0.198364981059186 0.276257770975737 0.271901492361247 0.300902002577699 0.335007622886835 0.350209343596266 0.362771606638727 0.370319732476119 0.375547444417719 0.377893157564229 0.369879973394755 0.362391891942375 0.37025691539336 0.382248799631056 0.392403248433128 0.40272650819785 0.411031931330964 0.4190885696353 0.426970762741226 0.431878509836766 0.435594457673779 0.438092321725781 0.438886821777874 0.439629957814877 0.440220660360706 0.440413767469614
-9999 -9999 -9999 -9999 -9999 -9999 -9999 -9999 -9999 -9999 -9999 -9999 -9999 -9999 -9999 -9999 -9999 -9999 -9999 -9999 0.446637595443951 0.444548984593569 0.422437554145685 0.36835440980644 0.316894210543227 0.281074242416481 0.161258561152377 0 0 0.0378698210511571 0.161986845468491 0.25018509856057 0.256214026528253 0.292117988659928 0.33044066168853 0.346704838670726 0.359864055775052 0.367746047632066 0.373211355653292 0.370091738531276 0.360432754364248 0.363231729610709 0.374281020173647 0.383714811515532 0.393170373568828 0.402736304917653 0.41057210165715 0.417429423782849 0.42451591660546 0.429553590626389 0.432377870980194 0.434325959941358 0.435526171360822 0.436581663444755 0.437593273500193 0.438000341162666
-9999 -9999 -9999 -9999 -9999 -9999 -9999 -9999 -9999 -9999 -9999 -9999 -9999 -9999 -9999 -9999 -9999 -9999 -9999 -9999 0.420552607949764 0.421453602818282 0.416307868812053 0.382517853580991 0.352883303780987 0.338139128347127 0.197171957630339 0.032214119493868 0 0.0187721506984517 0.127148378523633 0.203019232356725 0.237001264636768 0.292235238129696 0.326145038218271 0.342317129350241 0.355429129503983 0.363212105712293 0.36928269450527 0.36485813190123 0.35415095266548 0.361550890406011 0.376092119766333 0.384006296079252 0.39225807967624 0.400990758160312 0.407971158443806 0.414110449157923 0.420604652380373 0.424983671826762 0.427401310764605 0.429287265861113 0.430525521368249 0.431919720463842 0.433297118229975 0.433629736089037
-9999 -9999 -9999 -9999 -9999 -9999 -9999 -9999 -9999 -9999 -9999 -9999 -9999 -9999 -9999 -9999 -9999 -9999 -9999 -9999 0.408486570681631 0.416801905164431 0.423259395295756 0.408967296283699 0.379895391775061 0.283339249790003 0.137944117914787 0.0137981535171291 0.00763903770193616 0.0784760278072368 0.126954745961985 0.196908161513283 0.226232759004318 0.289013552055915 0.326306105497538 0.339496048063781 0.350580436689056 0.358822299743906 0.365015869794383 0.364329775116926 0.358255137885207 0.36332806351188 0.374986872903784 0.382824403514946 0.39014516009484 0.398433839590578 0.404905838118783 0.410642443251014 0.417066818503814 0.420785394001801 0.422911257123278 0.424747952582587 0.425788667872012 0.427171250945647 0.428760479557196 0.42957034344179
-9999 -9999 -9999 -9999 -9999 -9999 -9999 -9999 -9999 -9999 -9999 -9999 -9999 -9999 -9999 -9999 -9999 -9999 -9999 -9999 0.419978827755551 0.416860203045539 0.418029015409661 0.397434976183798 0.357020855231464 0.250178814272737 0.099014689312954 0 0 0.082234617541027 0.155483110084998 0.203770028121386 0.225460534793561 0.281075516833496 0.322668746489741 0.336714330068818 0.347914314933324 0.356043047766461 0.362065442249521 0.365757168379671 0.364601159543756 0.365684002473516 0.373084352392091 0.38036419292777 0.387118186329528 0.394895886744774 0.401325463047385 0.407109549719991 0.413306032245593 0.416977642154046 0.419059239577482 0.421062607671233 0.422181984700351 0.423386453330942 0.424903689372691 0.42569150344628
-9999 -9999 -9999 -9999 -9999 -9999 -9999 -9999 -9999 -9999 -9999 -9999 -9999 -9999 -9999 -9999 -9999 -9999 -9999 -9999 0.440326717918323 0.429629131207037 0.40193226572953 0.387671536584479 0.355568356473718 0.262113576769938 0.134935282880759 0.00931395504691664 0 0.10893016756884 0.183526045751571 0.210668820380791 0.220638689971214 0.259788391712464 0.311441546971572 0.334128874071924 0.346402250195822 0.353254311353643 0.358692566587105 0.364564083395679 0.367677186564904 0.368330684038205 0.372201538408895 0.377299394514984 0.382790450875614 0.388923972472877 0.393595189755828 0.400219897413443 0.407110020255937 0.410767528901267 0.413390181141028 0.415693592588837 0.417004409732554 0.418260220875271 0.419642953384036 0.420535339085156
-9999 -9999 -9999 -9999 -9999 -9999 -9999 -9999 -9999 -9999 -9999 -9999 -9999 -9999 -9999 -9999 -9999 -9999 -9999 -9999 0.431513514800685 0.426078308815222 0.409869455583487 0.383913898846071 0.329019045655105 0.24901332374242 0.145159043304099 0 0 0.142959907747964 0.203082108678296 0.214858616833307 0.218006935630519 0.239914294427651 0.290475089006426 0.33041445858176 0.345298698121262 0.351516786678704 0.356196080583347 0.361540726465641 0.365190712767634 0.366355352718847 0.369152290442813 0.373113227416289 0.377450706041575 0.382260080977384 0.386690816540276 0.393829738694605 0.400432962145563 0.403974087995071 0.406890177152794 0.409585328574239 0.411116333212853 0.412683749462627 0.414543603482966 0.41594375394613
