layers/veg_krg_sqold/veg1100.asc
NCOLS 255 
NROWS 330 
XLLCORNER -2985163.8955 
YLLCORNER -3022031.214 
CELLSIZE 25000 
NODATA_value -9999 
[rows 125 to 149 of 330, columns 168 to 223 of 255]
0.496313340139056 0.485495135851555 0.44471953824142 0.448670844280363 0.484670451543212 0.476383680110773 0.475408920487047 0.476520974894798 0.457948808620135 0.438745859219333 0.433022603853701 0.440016916495599 0.447243628677993 0.449834082597663 0.452660406058701 0.460958027083001 0.460727120619208 0.466514633021821 0.487338421356619 0.4985069439391 0.502451423374127 0.503689079577528 0.484816166149 0.467516097382662 0.486810944017856 0.49202889146463 0.450898985859881 0.421605480691113 0.431220601389035 0.471337136202464 0.522420074634406 0.529674344377043 0.53561565346195 0.556264335283137 0.568071369121748 0.570030311771991 0.56255792248228 0.570660633119189 0.589896495958294 0.595841022732261 0.609244634783852 0.612166126010268 0.610833581717007 0.613131992802039 -9999 -9999 -9999 -9999 -9999 -9999 -9999 -9999 -9999 -9999 -9999 -9999
0.478916045870983 0.480508117578235 0.456595982168118 0.421183712079739 0.413855469343022 0.438249645733569 0.470486096469847 0.469622038209796 0.44473390130298 0.426621874571299 0.431980329851826 0.440617581767537 0.448668638723514 0.455072624741295 0.459479298328897 0.469024720146737 0.479422715234045 0.479570808605117 0.487097842409277 0.502224074090943 0.50769212058582 0.506297711219916 0.485170827207792 0.469252950556858 0.486216782931534 0.484484917062094 0.441912790507353 0.436568615849956 0.45988821618744 0.471272522423568 0.514011693748609 0.547606829644398 0.546994345545264 0.524003647908274 0.520942062276472 0.537200257297677 0.559137116777001 0.583182892763128 0.596282795397401 0.607864237357679 0.61808465949185 -9999 0.619748902686327 0.619063144708605 -9999 -9999 -9999 -9999 -9999 -9999 -9999 -9999 -9999 -9999 -9999 -9999
0.470279234796805 0.468978474139218 0.433906599601983 0.389456853223828 0.392512680636615 0.430592383097977 0.472456842533248 0.465742232652776 0.440026826826978 0.422182010952307 0.428131005914673 0.437993304727587 0.447074450911931 0.449657103045631 0.45742191766066 0.47036950213566 0.472861542250539 0.467222361037426 0.483908309412217 0.508700877831065 0.512816705643809 0.510273660766034 0.478329433378231 0.459769305671725 0.488073953688822 0.488382281996082 0.45197823564283 0.455808511701008 0.472676264964855 0.47547993356314 0.51711274263386 0.543518442968311 0.54085696569741 0.521721262481114 0.53256771503788 0.543540999685919 0.566196167460876 0.595444573284498 0.60389663233619 0.615751739987154 0.623636792427583 -9999 -9999 -9999 -9999 -9999 -9999 -9999 -9999 -9999 -9999 -9999 -9999 -9999 -9999 -9999
0.463973149599308 0.443272568543642 0.403864642543202 0.405561766994372 0.451411867770571 0.469145087073346 0.466932183749508 0.449000846554969 0.422342234995466 0.41489431416111 0.424635097426107 0.435711312126842 0.448869924564184 0.458373937064239 0.461719103853107 0.462605346752925 0.464908466284047 0.478711415858021 0.500956951131659 0.512642725600897 0.516040799798716 0.514232795513484 0.49486256806046 0.475840642477684 0.478947918626023 0.494292617504386 0.513009356280442 0.521735477620036 0.498962595902203 0.489891708402388 0.536158256114955 0.562890835765735 0.54095290285748 0.517742750936017 0.531686076055569 0.544083144289766 0.571116533064776 0.602285653302711 0.61622378689507 0.626572294324584 -9999 -9999 -9999 -9999 -9999 -9999 -9999 -9999 -9999 -9999 -9999 -9999 -9999 -9999 -9999 -9999
0.446119963458001 0.424961041503117 0.407435514719166 0.415411029721047 0.452663244851769 0.465932183248261 0.462725046164484 0.450023652346027 0.431308838694763 0.420257469760974 0.421553845242089 0.431797925762989 0.442250697628972 0.45284020968092 0.465967654151793 0.47668591038893 0.484906901345763 0.4981119766847 0.511221114180441 0.517243284359699 0.520171929665369 0.523133309988019 0.521987736856746 0.501257375960115 0.494943102578397 0.523394887096446 0.541133821996677 0.538401579000574 0.518967971370226 0.529673932345826 0.56711308007738 0.580294866713819 0.561098572135044 0.544582001730689 0.549890440528157 0.564039074789083 0.591813477186861 0.611173201395514 0.622327568236958 0.633020278112818 -9999 -9999 -9999 -9999 -9999 -9999 -9999 -9999 -9999 -9999 -9999 -9999 -9999 -9999 -9999 -9999
0.405917119656996 0.388016402307031 0.384655805089813 0.419110848131005 0.46191799541248 0.461525243970384 0.453676725936308 0.433141342137226 0.419302394054671 0.418927600266972 0.418882519833096 0.430804995583231 0.441780524375163 0.449132078511699 0.464040400601297 0.477288961152754 0.487116818334081 0.502039408617954 0.512360260481413 0.51539793561354 0.518586189093581 0.520381296203554 0.525602720120583 0.518233001551544 0.5164444265877 0.532172952686808 0.536744131625614 0.553255921453836 0.567892639720427 0.579243281636221 0.585854896858886 0.584435241875754 0.5741673234569 0.571488851538033 0.584434451876628 0.592286071356456 0.60253437739366 0.614998212574521 0.633419408556378 0.639345093560621 -9999 -9999 -9999 -9999 -9999 -9999 -9999 -9999 -9999 -9999 -9999 -9999 -9999 -9999 -9999 -9999
0.385267457324278 0.3798487422779 0.385879943554679 0.420746515138628 0.455008479068895 0.453032514968812 0.433414937724959 0.411476507289621 0.410868113473073 0.414818323625939 0.420761980945595 0.430966922745911 0.438369816080368 0.444683834913441 0.456213511312402 0.47264023688622 0.485129412976868 0.502405230240981 0.505842298205011 0.507216595133888 0.520934188652648 0.515098082929236 0.516272590941449 0.51432332306786 0.514325535837031 0.534427210572096 0.547496844571786 0.566888176672925 0.572600231082019 0.579587744608726 0.58397043444404 0.570632058232941 0.563809977569504 0.573238232700354 0.595880100287359 0.612974532104186 0.613249838238646 0.623186536757591 0.635650611298293 -9999 -9999 -9999 -9999 -9999 -9999 -9999 -9999 -9999 -9999 -9999 -9999 -9999 -9999 -9999 -9999 -9999
0.416107835799822 0.404009274576332 0.398053930138593 0.413788424881314 0.428813768789956 0.416185328816398 0.398734241773668 0.395230398114971 0.404699820410348 0.41806352937184 0.424377666135434 0.429577573548249 0.438457014874292 0.446173156688544 0.450431251697294 0.46244516779201 0.480790754758186 0.502175710644436 0.52091248998823 0.526526114239866 0.529094534907159 0.526688438966693 0.524335166833361 0.52097004081874 0.523142685628318 0.540344443628633 0.548376101005214 0.553350792784615 0.564122019860012 0.570889917364129 0.562166584250019 0.552954504733189 0.555303476595006 0.566246973405242 0.59718286352561 0.620237173832915 0.622681184560785 0.633882218823133 0.639436066715595 -9999 -9999 -9999 -9999 -9999 -9999 -9999 -9999 -9999 -9999 -9999 -9999 -9999 -9999 -9999 -9999 -9999
0.406739657732724 0.396070249289335 0.387992425216309 0.401262507565266 0.400057055607008 0.384911476642703 0.388459891051172 0.394792660807294 0.405961696850813 0.420517001926211 0.421984513390705 0.424574974438168 0.438060568731211 0.447393940097689 0.450384808755276 0.457562572656509 0.479717148743191 0.506846457828004 0.525078132053935 0.532152398800523 0.526283051339355 0.513776882042413 0.519223769388854 0.525131123698763 0.526687681781601 0.539982226274131 0.548901742445336 0.560045737175236 0.575963117314037 0.576038307839833 0.547503912336685 0.538214539131444 0.552090418084469 0.586795220528461 0.620462184298192 0.622405955919561 0.627222357436632 0.642895349107452 0.644036479736633 -9999 -9999 -9999 -9999 -9999 -9999 -9999 -9999 -9999 -9999 -9999 -9999 -9999 -9999 -9999 -9999 -9999
0.375503153591299 0.385695480555281 0.376941259067057 0.380568871155051 0.390666553817905 0.39300700739782 0.391841141677193 0.401718131456827 0.415087977415852 0.411114830667281 0.417909760318293 0.435274988170446 0.449703872080119 0.458904257171041 0.462318268000739 0.472564996516399 0.49536375554782 0.515289423972621 0.525264883902349 0.53491363740785 0.528958134100887 0.525873697837206 0.522148637622803 0.50877434832607 0.529066640487728 0.54784016103237 0.55580714402975 0.572457999882922 0.585881491209216 0.573695737935992 0.551224143883621 0.548601026240767 0.568483124921533 0.597060705234845 0.613302461636615 0.617911100183913 0.63597184477866 0.655251513151938 -9999 -9999 -9999 -9999 -9999 -9999 -9999 -9999 -9999 -9999 -9999 -9999 -9999 -9999 -9999 -9999 -9999 -9999
0.362709405005848 0.363978175845605 0.366099682805964 0.370798821512301 0.375883296162096 0.390756693943203 0.405257549828619 0.410562742106852 0.42032768556771 0.42033645694533 0.423698507661916 0.437645393310726 0.452944130082508 0.466325492713669 0.474403985785486 0.486211363184827 0.496683555405927 0.50834872541179 0.525250183172563 0.537059488692519 0.544669689216021 0.540087378187264 0.526534163241717 0.519301942221677 0.532480901227843 0.546126624946437 0.545855205951931 0.561318331460038 0.574528601583847 0.570665354126294 0.57858177686118 0.598077746604515 0.606688559436862 0.612579020979305 0.627659281489555 0.633850058875963 0.645476422604542 0.657003082357583 -9999 -9999 -9999 -9999 -9999 -9999 -9999 -9999 -9999 -9999 -9999 -9999 -9999 -9999 -9999 -9999 -9999 -9999
0.368680263103289 0.369953049220589 0.375403104162098 0.376048192087867 0.38052322342243 0.380413829018173 0.38041383959411 0.394530393105577 0.418664249115079 0.431434211692195 0.43187113392412 0.442981493993394 0.460569895113397 0.473064043333904 0.479510630248117 0.476113776563872 0.472663802302902 0.496546848509781 0.526440782442612 0.539529024271366 0.550025391037144 0.539818760988536 0.527982073160671 0.54011690035447 0.550749964689885 0.562908323377435 0.567766575671802 0.574958547400817 0.582288966906867 0.590435049492952 0.6103305388773 0.630729918283081 0.643453734357339 0.648343852953823 0.648285481672924 0.633769665366742 0.638190527265338 0.663985070825431 -9999 -9999 -9999 -9999 -9999 -9999 -9999 -9999 -9999 -9999 -9999 -9999 -9999 -9999 -9999 -9999 -9999 -9999
0.377872445957707 0.373481001346813 0.372971936059724 0.377378299579443 0.383392822584615 0.381479305584615 0.380556359610273 0.404409095721942 0.426084314794395 0.428790035802493 0.432054515854038 0.441055047689204 0.458618160547847 0.467914524477923 0.469951786089174 0.465793650739205 0.46913986908572 0.49668037951937 0.527097391145493 0.534930162543744 0.541711279410587 0.539367320045066 0.532888432935638 0.548283413784945 0.563488245979465 0.57417179186055 0.579482483403833 0.585867463127135 0.592839176763536 0.600062246900353 0.61200419931511 0.637911071459455 0.651463253881881 0.652610135845885 0.644789986805029 0.638127042010458 0.658042071551684 0.673660721554441 -9999 -9999 -9999 -9999 -9999 -9999 -9999 -9999 -9999 -9999 -9999 -9999 -9999 -9999 -9999 -9999 -9999 -9999
0.38199127536769 0.37799319661476 0.374405570362402 0.378668059665505 0.394773310315972 0.40120370690388 0.386073009483165 0.382048450764227 0.400402961370383 0.424358663773413 0.436198936748277 0.443299605568691 0.450559742880659 0.450028879905556 0.448306095405294 0.451739568829191 0.465629191114585 0.496566216316572 0.525649581917315 0.531388642634233 0.533761964332307 0.544355676053214 0.556848661688519 0.572550547981733 0.582206184606899 0.579019588857796 0.587146247677989 0.59730794978655 0.604514285591435 0.612112051219951 0.631456291448677 0.656526073039457 0.658325533298941 0.663522409146492 0.66234679594672 0.662153183759893 0.675218117225336 0.683364509887471 -9999 -9999 -9999 -9999 -9999 -9999 -9999 -9999 -9999 -9999 -9999 -9999 -9999 -9999 -9999 -9999 -9999 -9999
0.38718303255742 0.38156984587383 0.372581813702754 0.372272458697733 0.384396067894247 0.404754604200402 0.398799471084607 0.383693824569424 0.391645959539242 0.414176197270951 0.424202390586525 0.434914253744113 0.441722733090449 0.439513448225571 0.445096363583142 0.451316735982687 0.462293887271365 0.494338889557239 0.516558879958961 0.515711629544288 0.529320727433393 0.551591180570286 0.574435033355116 0.593679613989613 0.601571470845084 0.601724460720965 0.608980377789659 0.616917861847922 0.626603973179942 0.633554423906962 0.653418100950427 0.673995422000422 0.677635955945127 0.679831201219958 0.670541484187805 0.669676445037823 0.684714166749896 0.690466561571892 -9999 -9999 -9999 -9999 -9999 -9999 -9999 -9999 -9999 -9999 -9999 -9999 -9999 -9999 -9999 -9999 -9999 -9999
0.38239925839203 0.366020382767805 0.36020557319791 0.372053332528713 0.387837596515372 0.408711505595312 0.411326777278046 0.406287519526278 0.399029563148 0.402038435703022 0.416813349514437 0.431451978484824 0.435101557120678 0.434064313355221 0.440061824644717 0.446293944917859 0.454542571419412 0.48754237768272 0.510967933238297 0.507721897364772 0.534197565767697 0.561648836819016 0.580425641555739 0.605304109383223 0.627413960026579 0.634416450508593 0.639945477071918 0.638193865649812 0.631511473118076 0.654695108081493 0.6857632207043 0.692811623971269 0.6892011758476 0.681956730455026 0.67684681634785 0.684252414339201 0.691081544457371 0.69281775373932 -9999 -9999 -9999 -9999 -9999 -9999 -9999 -9999 -9999 -9999 -9999 -9999 -9999 -9999 -9999 -9999 -9999 -9999
0.386298047391154 0.37427754227294 0.371210101623539 0.37518228149655 0.387082631750383 0.405534730064011 0.41174344742005 0.410598535211032 0.40525663266134 0.40555547527134 0.416100500660882 0.422613763454906 0.425842379972218 0.428545694010567 0.429737880943342 0.43620530059083 0.449768099143649 0.48121508452905 0.505282389068416 0.5163938742052 0.547211881517088 0.575595955558096 0.611647877868004 0.645741029583584 0.661472245359336 0.67613016995283 0.669444081661201 0.658919385907356 0.666110683723693 0.673358261495861 0.678979411435393 0.677170375580255 0.675017513014228 0.686872805202302 0.690865981528071 0.692826093915083 0.696635352499326 0.696077871069721 -9999 -9999 -9999 -9999 -9999 -9999 -9999 -9999 -9999 -9999 -9999 -9999 -9999 -9999 -9999 -9999 -9999 -9999
0.380174057336456 0.374453268391543 0.375120660495819 0.386941637137358 0.396761762801953 0.401044159791338 0.407543595941925 0.404109655986358 0.403942592225544 0.407422349590423 0.406818823930145 0.404320281764293 0.411581572150882 0.429922355596052 0.4345023535521 0.436557163583035 0.450855311330266 0.472970550099958 0.486893612760079 0.508559134591089 0.551043289533638 0.592112873145786 0.636582835635277 0.679534940027386 0.69861873757314 0.684956355257909 0.657712534617518 0.659854028987378 0.689507804044946 0.697187238692096 0.668755371419215 0.66072666786384 0.679442847964836 0.697137955736515 0.700546231343688 0.705377069144163 0.707785703665252 -9999 -9999 -9999 -9999 -9999 -9999 -9999 -9999 -9999 -9999 -9999 -9999 -9999 -9999 -9999 -9999 -9999 -9999 -9999
0.376115846494392 0.375808267621076 0.375483743382537 0.385224040610459 0.401718178212194 0.403656714093928 0.405333671842254 0.401026434641042 0.39727124096808 0.39603132624937 0.392101751402079 0.39463996882884 0.404549049568898 0.420618248849731 0.434709613581391 0.444724944580595 0.462832983651846 0.48477732671835 0.501186588059381 0.530137469508958 0.576805658811758 0.61853910371391 0.654234417231906 0.684303371489598 0.695785134950358 0.674400860436669 0.66687042262138 0.677754735876135 0.688988061906747 0.692545095750144 0.67410935816307 0.673654636295942 0.687512000627273 0.701650818350211 0.707264932933466 0.709144731278109 0.71205516475848 -9999 -9999 -9999 -9999 -9999 -9999 -9999 -9999 -9999 -9999 -9999 -9999 -9999 -9999 -9999 -9999 -9999 -9999 -9999
0.382020992925404 0.372272242512319 0.37113154087681 0.383650109397235 0.402301911924926 0.404949086920953 0.401842768444125 0.395265204063615 0.387926316250857 0.379485882214705 0.369418364632317 0.378071415990201 0.405586423065661 0.415760265014001 0.408313208366342 0.42662427872424 0.457192920530101 0.475300694492521 0.519326062190823 0.557027408155952 0.586621865840961 0.625663730967493 0.65176120348692 0.669614825766292 0.679873721226728 0.676633283238167 0.683026686151803 0.695952165448424 0.719732178094293 0.7329132346406 0.708367037984412 0.68619408895163 0.700414370578928 0.715901666566521 0.709922196454167 0.711598888435568 0.718687834551627 -9999 -9999 -9999 -9999 -9999 -9999 -9999 -9999 -9999 -9999 -9999 -9999 -9999 -9999 -9999 -9999 -9999 -9999 -9999
0.395298667201768 0.38328745953751 0.378724694368423 0.391658079912382 0.400619481684541 0.39810613277399 0.393363475900533 0.379009861344553 0.368897766126047 0.363494592085622 0.361485013127064 0.375612863659495 0.394402044606526 0.400131622578788 0.387140530501554 0.410834131171547 0.448463850723714 0.476369977110419 0.523198892256434 0.555708685758888 0.602171819886039 0.640111534996177 0.645165269304042 0.662357342798225 0.689798350500559 0.691268382764086 0.725699972661091 0.747636324204959 0.743300603430051 0.741539248974257 0.736954336991454 0.732005783028075 0.727547402545853 0.725929086834244 0.72315785711933 0.722546643554103 0.721498596521663 -9999 -9999 -9999 -9999 -9999 -9999 -9999 -9999 -9999 -9999 -9999 -9999 -9999 -9999 -9999 -9999 -9999 -9999 -9999
0.394077918754405 0.39354561257598 0.384110140246754 0.384302085638171 0.391586947445271 0.384738022742002 0.37795004056813 0.372281064056687 0.362790070571195 0.361380681640486 0.369695507587127 0.379603611870853 0.377298011100711 0.394167625885985 0.395075097751028 0.409292491011381 0.429616462635309 0.445212716610798 0.521647750857967 0.56966920399896 0.597098324523372 0.631980517837373 0.661219240816302 0.682085129704804 0.711948264281716 0.734501027577236 0.749364507606838 0.759552917496264 0.756162244672864 0.750561292555879 0.743436654701242 0.73916228252942 0.736829742848483 0.732015548206298 0.728745676451446 0.727988295639146 -9999 -9999 -9999 -9999 -9999 -9999 -9999 -9999 -9999 -9999 -9999 -9999 -9999 -9999 -9999 -9999 -9999 -9999 -9999 -9999
0.405605740511741 0.398948913178467 0.387442325219842 0.378247204112572 0.376576107518165 0.37327449325906 0.370562940686404 0.366715174441579 0.361760551152702 0.368789951933224 0.378681320140976 0.378286475967369 0.374879001853126 0.397707281943592 0.409525456706772 0.411855180574273 0.41329368928972 0.449564014157263 0.526879457911134 0.566524412211911 0.597577015084196 0.651870258220772 0.698942609382274 0.72303753945047 0.737246553370153 0.751949226163342 0.758846286076272 0.761581514019532 0.761382301017679 0.755389407194706 0.748947112367873 0.743086368312113 0.74131045405875 0.736468242293777 0.731577807969081 0.730643903699022 -9999 -9999 -9999 -9999 -9999 -9999 -9999 -9999 -9999 -9999 -9999 -9999 -9999 -9999 -9999 -9999 -9999 -9999 -9999 -9999
0.391587782908123 0.389470369968661 0.380406799254801 0.361170055496199 0.355534489371637 0.363553784612597 0.3573817058034 0.357290979037131 0.367506999894213 0.38523506926761 0.391282724036566 0.378293492920018 0.383455667808137 0.403140565281257 0.420291156140511 0.418468710378184 0.400635513988128 0.42753386763859 0.503279704618273 0.582871526292432 0.627553571164538 0.685047668832834 0.733466941411552 0.753518182286394 0.759949284307876 0.753154661117586 0.755236461091844 0.759823441247674 0.760048401186913 0.75573904156144 0.752735519408752 0.751104349668501 0.747811083068445 0.740169993461643 0.735178678476635 0.733237491290903 -9999 -9999 -9999 -9999 -9999 -9999 -9999 -9999 -9999 -9999 -9999 -9999 -9999 -9999 -9999 -9999 -9999 -9999 -9999 -9999
0.384971437645554 0.382672450744174 0.378716360387577 0.35769956560746 0.351442606735206 0.367551244784969 0.365047408725088 0.365859954642348 0.372237415354807 0.386107638487865 0.397066714379205 0.387431698473074 0.388620501885866 0.407037578360538 0.424708441439737 0.420090870657308 0.408715999488914 0.452325672313729 0.527453822041818 0.591713971771316 0.628969267151308 0.68415271422291 0.714042580657104 0.728866452116276 0.758155295558142 0.756382918147859 0.758294597555273 0.762690936609146 0.759410881758499 0.754173048603853 0.75156009979319 0.750048156794574 0.745384030183886 0.741504295457363 -9999 -9999 -9999 -9999 -9999 -9999 -9999 -9999 -9999 -9999 -9999 -9999 -9999 -9999 -9999 -9999 -9999 -9999 -9999 -9999 -9999 -9999
