layers/veg_krg_sqold/veg2300.asc
NCOLS 255 
NROWS 330 
XLLCORNER -2985163.8955 
YLLCORNER -3022031.214 
CELLSIZE 25000 
NODATA_value -9999 
[rows 175 to 199 of 330, columns 114 to 170 of 255]
0.510571229248885 0.509888982997649 0.509353230706882 0.509103811220141 0.509016374345638 0.508657086843416 0.508341620069975 0.50801856773444 0.507699354312467 0.507653789456315 0.507647716005288 0.507521706703382 0.507524377921227 0.507615730352271 0.507861379675756 0.50817455786961 0.508343810720402 0.506562636736696 0.498173742179677 0.487798117557596 0.484508668530671 0.485431040191244 0.485854133360881 0.483274677359083 0.481472851271049 0.483395863863245 0.487533940845079 0.489091070680329 0.479661169610001 0.4666474473961 0.461897705762093 0.466351187485418 0.467651642369517 0.455094906204118 0.440685505283581 0.428272609976301 0.41263374497715 0.414847392847067 0.419400332065198 0.403789365282745 0.390853950338089 0.376811592481606 0.355269267992725 0.340297911617544 0.351308716353001 0.377836948791342 0.407636153505958 0.423559528534414 0.436569285761848 0.460323588398511 0.497338681710353 0.541228944671157 0.56370278604528 0.554325735501996 0.544287649601245 0.563493050373984 0.586635442437726
0.510040839094371 0.509342343052447 0.508684619356309 0.508266303080464 0.50807386069804 0.507695630629596 0.507463184234596 0.507181697451986 0.506741168359674 0.506503825098504 0.506451699530741 0.506356478663208 0.506274891693315 0.506509430870934 0.506739464758211 0.505799804704016 0.505638693940749 0.505855080053902 0.50135937666803 0.491839426256969 0.480875604359349 0.479383167385061 0.485111305158063 0.486489953377492 0.483785142349684 0.483899050974023 0.4906111450958 0.487252489910906 0.471832044440933 0.454420440450897 0.444478541643278 0.445115670182174 0.454065814838135 0.459003522108346 0.44558976940558 0.421798506848092 0.39810792351118 0.396384218430621 0.414483680888468 0.403745509502877 0.375699676274759 0.369621141860626 0.34506023845799 0.335267948061992 0.362582006235004 0.40889681501351 0.445408006731605 0.466301304192146 0.496592351318557 0.491896179397516 0.511335644990163 0.5592003150507 0.572675926986656 0.576339716076304 0.577744233610671 -9999 -9999
0.509419416151071 0.508759710084218 0.508034199231769 0.507616710036927 0.507266485121769 0.506838252009272 0.506540080609649 0.50598026083144 0.505597987514557 0.505358858798093 0.505174170658466 0.505078499893591 0.50524171965005 0.505451245396918 0.504604397083926 0.50109341678912 0.500094950512036 0.502843434970776 0.500578366582302 0.493481400845798 0.483748614946858 0.480425283649107 0.486041059443186 0.489172661809019 0.488009450309467 0.487935659983808 0.492246973464159 0.4859364907448 0.469213069489059 0.454939575602493 0.446178693322994 0.442938813581516 0.450072021414127 0.457638059322309 0.448277169000898 0.431820837228166 0.407333036491793 0.391208698571926 0.40296607669731 0.402520311963135 0.384806628812665 0.373804699430225 0.358324729174837 0.349612792436898 0.371923987020816 0.417643926817224 0.442086783760738 0.451347234214959 0.472829115220956 0.480322156312225 0.513545323183092 0.55579242286045 0.572094504694472 0.579315553796232 -9999 -9999 -9999
0.508161593825891 0.507633732831683 0.507095713207611 0.506526874085377 0.506008854218085 0.505504237736198 0.505055887925034 0.504452552058607 0.503895136899278 0.503619159886138 0.503375281592909 0.503322861766802 0.503436071354492 0.503604003400701 0.501384741733326 0.497213402039287 0.490918564443931 0.490484823792296 0.495380394644322 0.491296053604808 0.482352578378764 0.476781913764713 0.482402452832223 0.487863352101302 0.49006433772399 0.492225944151366 0.494126925202023 0.490000932009704 0.481870784615283 0.479397058796869 0.470559943964783 0.462860209663274 0.460566687360348 0.443555303318178 0.434939242516887 0.425134639995346 0.40065075347354 0.381192344918963 0.381634443758539 0.392245385901827 0.394142194902346 0.387810258067241 0.383920786960282 0.379133934722263 0.393049699737216 0.413107368203104 0.407927734633048 0.416331713813854 0.456609494692162 0.48409242789183 0.513690076131963 0.564283665862113 0.57652155942673 -9999 -9999 -9999 -9999
0.506606591869322 0.506266367567047 0.505855564234106 0.505267280775815 0.504837627718158 0.504097451967624 0.503141794662143 0.502646066341211 0.50234653660536 0.501785044209577 0.501450281277499 0.501430912615362 0.501349048402563 0.501616059093878 0.500467582795035 0.496693009056782 0.487753173026603 0.484964232915009 0.491327450756864 0.487673387278847 0.479264807974581 0.477967434304525 0.484375479861487 0.48920369906519 0.491523296980701 0.493159240775034 0.495256550408305 0.496932975194362 0.50010679363821 0.499058695506007 0.492596449266502 0.488254290080041 0.479343490645319 0.459189494342846 0.446688927281569 0.438572546971383 0.420270846241365 0.400309020484366 0.388066434723133 0.394477462169744 0.404124804993506 0.399517387919513 0.393690179885471 0.391026484768974 0.389229081664478 0.390012537294933 0.404595500964521 0.439292307131683 0.509042897034665 0.569900788890075 0.580526016300936 0.575922227361375 -9999 -9999 -9999 -9999 -9999
0.505387065163412 0.505145339533188 0.505116731595061 0.504725679676723 0.503994803137705 0.503244132147483 0.502623084463013 0.501975364655366 0.501243015749343 0.500591395187409 0.500090404748738 0.499750315145454 0.499496747739222 0.499576174767077 0.499022899820312 0.494590912416462 0.489944528739302 0.489403982554341 0.488131609204504 0.477385369612681 0.470672003565868 0.477104510347453 0.479177980596105 0.481382143815994 0.484265487873462 0.491829886094243 0.494591080865256 0.491841625181374 0.494717625935042 0.494472282696097 0.488399007467314 0.490137599190371 0.491907094190757 0.482343794302451 0.473935691603832 0.453910134354162 0.417259142376798 0.39146069062802 0.377976778869239 0.387552160865419 0.406670772034596 0.403074249424836 0.398284327721688 0.40133601100217 0.401295676528075 0.402746554134226 0.410501781315693 0.469935297363862 0.555364233085754 0.579776225546426 0.584344977384102 -9999 -9999 -9999 -9999 -9999 -9999
0.503858917302263 0.503466072403321 0.503458537535217 0.503168378262386 0.502279478000566 0.501138686924523 0.500266407889353 0.49969440912035 0.498836708935524 0.498201455118951 0.497724558371595 0.497183781115694 0.49669627937819 0.496292337134486 0.495486650818026 0.489329199416769 0.484110856550435 0.48360467336675 0.483064399065676 0.479156684543786 0.474268264774682 0.472775694008449 0.468823573140428 0.475145872320643 0.483182984139213 0.490662527072966 0.491242105066348 0.484065668875858 0.481132044586292 0.480581996517074 0.47308265981942 0.477706062067208 0.489558827290447 0.478832502922949 0.462494917006691 0.446341205237373 0.419325813240466 0.401613844003855 0.397586686222655 0.402696164172165 0.415704403533775 0.415758317428697 0.412142898702897 0.409682007604557 0.408096242337599 0.404989275747528 0.402626884175111 0.463869775649922 0.558756006930801 0.586545343229444 -9999 -9999 -9999 -9999 -9999 -9999 -9999
0.502643323505315 0.502029699003136 0.501668585065196 0.501356010323912 0.500645446468745 0.49946528397743 0.498539441900551 0.497690778775177 0.496606401857301 0.4958862873952 0.495234142009294 0.494484316463561 0.493617180804045 0.492740273539066 0.490918073504446 0.485748365052151 0.484388131476705 0.487234266800256 0.486315373408673 0.485085612707552 0.481717531344035 0.478919123163768 0.474915922240086 0.468285715485754 0.474490876796195 0.487370798704763 0.486922898257234 0.474777566127909 0.460634974519087 0.455980805746322 0.455902149890499 0.464151163511264 0.484872263318758 0.480707642168092 0.452862283198312 0.434385084312945 0.414289656948534 0.406921985418946 0.416563976928092 0.419575725788079 0.425142110723106 0.423795926615401 0.420908228552585 0.419856405248235 0.419734216188575 0.41539591608175 0.404037246190247 0.48117406340327 0.598183718792902 -9999 -9999 -9999 -9999 -9999 -9999 -9999 -9999
0.501391813032722 0.500717729145743 0.500317906283524 0.49986837932469 0.499089915514882 0.497920639507382 0.496783105096477 0.495879785856836 0.49473036811093 0.493676746591969 0.492776203532147 0.491888328466117 0.491017024763685 0.489992903911795 0.488094788642959 0.484730333792711 0.483761009318029 0.484743163598529 0.483948860532336 0.480659605338103 0.478289063719803 0.472484563771634 0.461953974135597 0.464373020888447 0.474061188650207 0.483817295653777 0.481130938541007 0.466455915272791 0.457049759353824 0.453175550994907 0.450743721553586 0.454961202058325 0.475221660908671 0.476625049672953 0.453314144063408 0.426046722754257 0.407445696291152 0.405518514110825 0.412096861840403 0.424140647052685 0.425500899546087 0.423640919735365 0.422351840433881 0.421160995981806 0.424899297242691 0.433174458144646 0.449181536297589 0.543632588939461 0.633639887130521 -9999 -9999 -9999 -9999 -9999 -9999 -9999 -9999
0.500066815059795 0.499309319076216 0.498483922701408 0.497691300712669 0.496852818059669 0.495647782575193 0.494285688481023 0.493135231500408 0.491937013770605 0.490509049365989 0.489506932881999 0.488433627655274 0.486705698773977 0.484957401032257 0.483529519518516 0.481321281318368 0.477669273901925 0.477048500422391 0.479210975809609 0.477988868269675 0.473917662901926 0.465975478584228 0.462537999091364 0.4685948515083 0.476904435335464 0.47437786970745 0.462253824050337 0.454803959525856 0.45453093660535 0.463826657879197 0.468567579137614 0.472251754041818 0.47623395637235 0.467100256485926 0.446790234174467 0.418995079864612 0.389645807351911 0.38314721910807 0.390327578044969 0.393756404877932 0.398261175960181 0.40807222387275 0.425874815199179 0.426806757962531 0.429961567269677 0.46639570467867 0.523638224480666 0.577272524383012 0.60071669813154 -9999 -9999 -9999 -9999 -9999 -9999 -9999 -9999
0.49924132444763 0.498013853748474 0.496677818795075 0.495715675599243 0.494701125975227 0.493254450890026 0.491835199724031 0.49071202313884 0.489254910101165 0.487548349719033 0.486137819645278 0.484518621840647 0.482139238526886 0.48003419209519 0.478306721419721 0.475484044832134 0.469975094734517 0.467866862556067 0.471271388550667 0.470951916033342 0.464513492175337 0.461546251007621 0.464962165040871 0.468284913731688 0.467375122233523 0.45630319625466 0.447429191201757 0.451246488250001 0.46325457546845 0.472118259021873 0.470056923159941 0.47492504736145 0.484713474513918 0.469467876150548 0.445514512490271 0.421777526520562 0.393469525184033 0.375175793953731 0.382215623747972 0.379145971317096 0.3750089296306 0.395369805228848 0.427216859566025 0.449310095928694 0.450383519261335 0.4910952506409 0.550798315906971 0.574494472391813 0.589722655914297 -9999 -9999 -9999 -9999 -9999 -9999 -9999 -9999
0.498469536865497 0.497138522288922 0.495563095437375 0.494362743200919 0.49324373599999 0.491388432650207 0.489750944134032 0.488637066865227 0.487117820381282 0.485192668617068 0.483559053306619 0.481454824335698 0.478475027307514 0.476268819304018 0.474454756260994 0.472379031468344 0.470063188106904 0.467397371832322 0.466672069727628 0.466219699281648 0.459878915249556 0.458053925036579 0.462722587900709 0.460580294327621 0.446660025805918 0.432510958193888 0.443172604042702 0.459626781293526 0.467230947207964 0.470813690100864 0.469624980166218 0.480936257274242 0.478576398608165 0.460434006844949 0.452008395775216 0.428273817182296 0.403343494305697 0.397983441465465 0.40448105449625 0.394663103665116 0.383750703394591 0.383223295500899 0.409798310743437 0.452254162522185 0.471134675607168 0.506061526789545 0.546865645655446 0.563661410619758 0.579263293065291 -9999 -9999 -9999 -9999 -9999 -9999 -9999 -9999
0.497013737275602 0.495401725688644 0.493640052665728 0.492149036627355 0.490613462807041 0.488528284184871 0.486619458073735 0.485159128956963 0.483501732330967 0.481394179642319 0.47900804696001 0.476269215826702 0.473152729932535 0.470877270614785 0.468766093324074 0.46625684733427 0.46424849572777 0.462335760004061 0.460518046627064 0.459424723959256 0.456652454766499 0.453703620308791 0.45318350299112 0.445473574059761 0.436848348989086 0.442030073608776 0.452120062357331 0.459561910220334 0.463440804531323 0.466341473424781 0.470556016036803 0.472490119746384 0.467899143663637 0.461915554632546 0.457461692316216 0.44439812592147 0.428496178337356 0.418764762443814 0.406198284631953 0.397353800708519 0.393213247078862 0.395339265806981 0.431281667206682 0.465745205345024 0.479445729833583 0.500578446109229 0.533420489022471 0.560693349833729 0.563521534407161 -9999 -9999 -9999 -9999 -9999 -9999 -9999 -9999
0.495946828892794 0.49407802650946 0.492017606138653 0.490350776768781 0.488436679731011 0.485855576737164 0.483745949429138 0.481965938790134 0.480153527560477 0.477572248175803 0.474036668435354 0.47070159027004 0.467262294511025 0.464441137846658 0.461836667675259 0.458907173109295 0.457032513390526 0.455364741521768 0.452758560739849 0.450091563278664 0.44729974786358 0.439735911972492 0.432135766638189 0.432100501467448 0.441042415952123 0.452328176631844 0.454948018502653 0.453516894536451 0.449757515209232 0.45025166097017 0.458560071440369 0.454139183040042 0.436070384780418 0.435378905650856 0.4430594645476 0.45205755839843 0.442103341319505 0.420429666263812 0.403144690171217 0.398190630856454 0.396246032168454 0.387319542378833 0.409888523001743 0.449929376785339 0.465413327472754 0.481611121622202 0.520424197416804 0.550335963093491 0.555594267614492 -9999 -9999 -9999 -9999 -9999 -9999 -9999 -9999
0.494464801812848 0.492547628571363 0.490367790702541 0.48844497839528 0.486440656267266 0.483809886026205 0.481419761043715 0.479355550145794 0.47737943004131 0.474224729063871 0.47029808240256 0.46703842044585 0.463182676018292 0.459867280836697 0.457005432645553 0.453882120344422 0.451299310075206 0.449106427285479 0.446092852913287 0.442920046563389 0.439599386304262 0.434326524195473 0.427788290541282 0.425547555652274 0.431507219572326 0.441269974292792 0.447167973803847 0.444817867688208 0.439553659150643 0.436019300782973 0.444513994868275 0.447573065768467 0.432529005290674 0.429397179436367 0.431361917378576 0.437007622826015 0.441183879151671 0.425050493976198 0.402951527858761 0.394378491980477 0.391128099295169 0.38852749399255 0.392992834258353 0.416660953648148 0.447501735542877 0.470191663522217 0.499102965236652 0.525311367724812 0.541078505656622 -9999 -9999 -9999 -9999 -9999 -9999 -9999 -9999
0.492787419667341 0.49070907081816 0.488119889422989 0.485805607512827 0.483560165692756 0.48065067273418 0.478033903380289 0.475987283516982 0.473747221703461 0.469923105220338 0.465289605292391 0.461336392670753 0.457068468760225 0.453586470356917 0.450263288541814 0.446433807486967 0.443307275798706 0.440192103698933 0.43661491540603 0.432884847996124 0.42823395498461 0.425867217450481 0.426982780559832 0.428219288606303 0.42623983213088 0.422553166602407 0.424021269259169 0.427444119145564 0.424919064915391 0.419925453527614 0.430912048144422 0.43930854572066 0.428850147805902 0.419827179576821 0.41938888229535 0.4293093060595 0.422228411400748 0.405718009588412 0.394447756921006 0.379563341136797 0.372324320659463 0.366152060805689 0.367281053926886 0.373389500696641 0.393217622690175 0.433447474995032 0.470893980163815 0.508873052034226 0.5338422670726 -9999 -9999 -9999 -9999 -9999 -9999 -9999 -9999
0.490435735963311 0.488362840320731 0.485686080322452 0.483289534438789 0.480740178113277 0.477418472695554 0.474588608820147 0.472270202962605 0.469719806681081 0.465246169037816 0.459969335656144 0.455852259556181 0.451198474280566 0.447170563649169 0.443522435369553 0.439137698590053 0.435032020059039 0.430915251212378 0.426082116533583 0.421334833772225 0.418422596912942 0.419848869119386 0.420054682948317 0.417053772397462 0.414591190395367 0.411296238516689 0.410933162979848 0.414243532028905 0.418861886391189 0.419167619442812 0.420091517932528 0.427878379460041 0.425626611821435 0.417896143048419 0.423015746076345 0.427346587572705 0.412139746787748 0.394903802822107 0.381999921651313 0.368574470210151 0.350129136969537 0.330644691426514 0.305260088346635 0.299854149618497 0.328275940074176 0.37606450472897 0.411269401618065 0.455146485975084 0.514832622628022 -9999 -9999 -9999 -9999 -9999 -9999 -9999 -9999
0.488342273949117 0.486368379519839 0.483744959138392 0.48123188341661 0.47853444323246 0.474938143310317 0.472002995616787 0.469837335540902 0.466698918787351 0.461558997947656 0.456600577641745 0.452725431175766 0.44771009573578 0.443598347592547 0.439496229698518 0.433797603386392 0.428678691699372 0.423932904552016 0.418166102195216 0.413564322828965 0.411818527593204 0.410976766219496 0.407682384880121 0.403606144038116 0.403287894014051 0.406747656232259 0.413257444519981 0.418603178492481 0.419924025356923 0.418595717484421 0.419625410449141 0.425377152608588 0.427547496817426 0.419744755766576 0.411900122476362 0.407704712108093 0.402449032190984 0.393947442147741 0.37842275314963 0.359641662736859 0.341896361994268 0.32608037455762 0.293389494488415 0.255541305262888 0.289746340999988 0.38903251581067 0.435561875403821 0.469677883309739 0.505544579936332 -9999 -9999 -9999 -9999 -9999 -9999 -9999 -9999
0.48540161604972 0.483432253035169 0.480798962203654 0.47821398334555 0.475190119219438 0.471425279081708 0.468676522767358 0.466593142694831 0.463003184270162 0.456954687272152 0.45168899472036 0.447756034137924 0.442357196108501 0.43735130306181 0.431896915811236 0.425102017355345 0.419258614726102 0.413433855407983 0.406787583679859 0.401227479929632 0.396418192895716 0.392040591696384 0.389243472360613 0.387075607796602 0.387684162073755 0.390872981515671 0.394333119562943 0.401422575975302 0.40789547407528 0.411238442072479 0.42027307508662 0.429097317418667 0.431500266371791 0.432076359881351 0.43067510235889 0.422681981346858 0.410042953730987 0.398989763526037 0.376684814769621 0.351093330038182 0.332795173336526 0.31239862534611 0.277526322853831 0.238254662435128 0.283715793674542 0.391885749406424 0.443165373905084 0.474332158029064 0.495355026629064 -9999 -9999 -9999 -9999 -9999 -9999 -9999 -9999
0.48273833828705 0.480620401686752 0.477958016810404 0.475366175645484 0.472106858611277 0.468164461912999 0.465691477974172 0.463930691355915 0.459752037144788 0.452609905266937 0.447251967114613 0.443283126190159 0.436315704682677 0.429924592925536 0.423729087495113 0.416515576972602 0.410523212390751 0.403680471799037 0.395446433458907 0.388119426876156 0.379885263163198 0.37263588596687 0.36675608259278 0.362911827849539 0.367487608333436 0.372909817211352 0.375813487517792 0.3836786596278 0.395441167962974 0.405755699023462 0.421299245986928 0.433597898923726 0.430629083745152 0.428908308770497 0.440002571835085 0.440294629878492 0.426364804464672 0.409086631671496 0.382049682737833 0.350004487514463 0.322067840655489 0.296825634329433 0.270317024967698 0.261238981844213 0.318264777514467 0.408598657797313 0.450173700607993 0.462930226103235 -9999 -9999 -9999 -9999 -9999 -9999 -9999 -9999 -9999
0.480813629730524 0.478600817016225 0.475901521317728 0.473118645931616 0.469724083912574 0.466195022800933 0.464036733396588 0.462005629911614 0.456994070119319 0.450260714328457 0.445591260955853 0.439795982655806 0.431173682244757 0.42515000565282 0.420173524749443 0.412081296498495 0.404608981272177 0.397462140321431 0.387599593500107 0.377812976174996 0.367923142066301 0.354741041854691 0.343504072290325 0.340654027009787 0.342580289132879 0.350323768288365 0.358530363376949 0.370066453007884 0.387670060903652 0.403292682747297 0.421024654718743 0.428082859469385 0.42610225034565 0.424235153330601 0.432918268496991 0.446984088855979 0.447774012839482 0.425735403856496 0.396315493843053 0.370186974367592 0.333539377275499 0.297851516513465 0.309136908765512 0.364517422485918 0.400053296897154 0.430279167938377 0.444509847063975 -9999 -9999 -9999 -9999 -9999 -9999 -9999 -9999 -9999 -9999
0.478041360287891 0.475916467722171 0.473174748704687 0.470144217467932 0.466717450385789 0.463468287255239 0.461207327565682 0.458696943171587 0.453319342846987 0.446925569729216 0.441530369561114 0.433713612240239 0.424666580644083 0.419171490803475 0.414451905452357 0.405658334491379 0.39757818678644 0.388888290599779 0.375938172844571 0.363819200764518 0.349795012403342 0.331388887134037 0.316928067174616 0.309160233413527 0.315605746076983 0.332165982250271 0.344915363317232 0.360948034746443 0.375751017140292 0.396057043685541 0.423457816972008 0.428006768468243 0.43008621385689 0.449334834507839 0.465959651586293 0.478360238027474 0.477524875508787 0.44958945602306 0.40211653740949 0.358105887731248 0.331560332291154 0.310202217157921 0.340186400684768 0.406970045937 0.421514430461612 0.423603513319374 -9999 -9999 -9999 -9999 -9999 -9999 -9999 -9999 -9999 -9999 -9999
0.475665422032169 0.473446314758946 0.47047830145618 0.467208403806815 0.46390454436245 0.461317116477968 0.459055936427429 0.455608052205906 0.45056088065229 0.444179495475105 0.437385709824429 0.429307151502732 0.421897244358631 0.416296882179338 0.40945307292382 0.400161748036319 0.391990309212661 0.382492533252945 0.367971475479355 0.352849470195673 0.336527564661329 0.311683740394187 0.282583081353799 0.273997210709477 0.301680293872662 0.328476574446338 0.340365678912553 0.360602736208087 0.372375142376183 0.39434154333013 0.41916329997403 0.427210967977284 0.437258675420025 0.472086535093907 0.514783005022627 0.521977481227894 0.506325671644623 0.47447328829549 0.431637837544963 0.373979746099508 0.332849071628255 0.335084643412836 0.384746289404786 0.429695741202507 -9999 -9999 -9999 -9999 -9999 -9999 -9999 -9999 -9999 -9999 -9999 -9999 -9999
0.473943407999414 0.471676830161148 0.468586462467841 0.46529718589781 0.462315860525754 0.459853000314537 0.457259236560543 0.453496062766433 0.448423388987931 0.44185076709111 0.434522806150961 0.426380575977562 0.419575804816942 0.414844345332787 0.407896361326872 0.398473026811865 0.389588781735662 0.37791694892869 0.362178859620608 0.347968221017134 0.330756850759963 0.30405336778401 0.269642908816228 0.266572370076228 0.305703967632081 0.336692317298719 0.35729636354674 0.375267008924112 0.384772675607657 0.408996866697966 0.42681663854503 0.424428208521364 0.461310854159919 0.50610690417387 0.536428640044526 0.557450511253282 0.559580469701303 0.530968334749991 0.482906400733237 0.42062244312499 0.366581091111489 0.362800450242845 0.406395286727553 0.436834134608123 -9999 -9999 -9999 -9999 -9999 -9999 -9999 -9999 -9999 -9999 -9999 -9999 -9999
0.471025313786342 0.468959773384624 0.465996811251069 0.462753352688309 0.460117986081113 0.457743726269557 0.454464710550566 0.450460498485918 0.445336396536252 0.438170146946866 0.430851136325311 0.423888914202927 0.416684025018271 0.411794326161853 0.405652341614884 0.395180970046576 0.384496232515111 0.372049859709549 0.356817851102227 0.343794886446068 0.330223704784987 0.310762080131605 0.294452580769211 0.297778614999589 0.319069907977177 0.339964799936331 0.360936432960964 0.386035872905409 0.405128961088666 0.425734459782728 0.444508012528699 0.45777895531857 0.481047067725927 0.508947626234941 0.535430445456686 0.561557131167835 0.565945037228151 0.539408589840712 0.501467218047224 0.45606793367793 0.422274142270533 0.420036819171622 0.438457633335914 -9999 -9999 -9999 -9999 -9999 -9999 -9999 -9999 -9999 -9999 -9999 -9999 -9999 -9999
