layers/veg_krg_sqold/veg2700.asc
NCOLS 255 
NROWS 330 
XLLCORNER -2985163.8955 
YLLCORNER -3022031.214 
CELLSIZE 25000 
NODATA_value -9999 
[rows 175 to 199 of 330, columns 57 to 113 of 255]
-9999 -9999 -9999 -9999 -9999 -9999 -9999 -9999 -9999 -9999 -9999 -9999 -9999 -9999 -9999 -9999 -9999 -9999 -9999 -9999 -9999 0.477593341193565 0.380347188191015 0.290028643657034 0.335301474575241 0.334948147059986 0.229378931677441 0.149518780221042 0.105023929140706 0.0285004868702311 0.016521758719729 0.0244239137475262 0.0603036131301187 0.0813378902257236 0.0523203445729839 0.0253105785214632 0.0178052812990012 0 0.00909798063082932 0.106748546365084 0.208225371093667 0.329305443790382 0.421601404074503 0.423452982814407 0.399126538513396 0.433594342032205 0.477141753869389 0.494431081867663 0.500409200430505 0.502253241064156 0.50290947274166 0.503182222779643 0.503786511920962 0.50423186680974 0.504349584903832 0.50401266575376 0.503345705811084
-9999 -9999 -9999 -9999 -9999 -9999 -9999 -9999 -9999 -9999 -9999 -9999 -9999 -9999 -9999 -9999 -9999 -9999 -9999 -9999 -9999 -9999 0.402165546399584 0.288069666095889 0.291629475963766 0.275574401248926 0.176702797678012 0.109568443877119 0.063675353626256 0.00715635308052455 0.0388831523034602 0.0584141808946168 0.0920030503796204 0.0791892934125613 0.0361285599547525 0.0069371072394262 0 0 0.0753443761856342 0.143027663871695 0.20666925715302 0.372859510285444 0.405455003829586 0.413364337740556 0.42014156772848 0.459064941638496 0.482980285588461 0.493598482174734 0.497536821991029 0.499399858847957 0.500661337497382 0.501210096896578 0.502074330845436 0.50284169442379 0.503133078198227 0.503164689746954 0.502869676665036
-9999 -9999 -9999 -9999 -9999 -9999 -9999 -9999 -9999 -9999 -9999 -9999 -9999 -9999 -9999 -9999 -9999 -9999 -9999 -9999 -9999 -9999 0.309460536503134 0.294600152227205 0.284064910900817 0.256630588381758 0.167273565052523 0.0920070384981432 0.0551218625378953 0.00381406790256747 0 0.0095972359502605 0.0608897676243724 0.0807064567168078 0.0503474717317182 0.0148401814306879 0 0 0.106961898345736 0.113358678216724 0.16605679430291 0.370456402470027 0.403899153483042 0.41227132518903 0.426554307951268 0.469414852298616 0.485039337937268 0.493266402291071 0.496562023849732 0.498473495226564 0.499754815237484 0.500426742272137 0.501306383377564 0.502062976311581 0.502446793309232 0.502524335640725 0.50229080763481
-9999 -9999 -9999 -9999 -9999 -9999 -9999 -9999 -9999 -9999 -9999 -9999 -9999 -9999 -9999 -9999 -9999 -9999 -9999 -9999 -9999 -9999 0.360557193350792 0.3394138561208 0.316779221539519 0.253844355834598 0.116420239929635 0.0309780419222731 0.031111899360901 0 0 0 0 0.0423243235677714 0.0570427284011605 0.0043527284141292 0 0.0348592838833857 0.159524392843693 0.171376646996283 0.243682618253599 0.352380098746387 0.371011156892751 0.408351524326423 0.453978555055016 0.471466463917833 0.481091290645762 0.49362599053121 0.49608039603022 0.497602893333287 0.49873146412338 0.499293414203558 0.500058778989358 0.500625872768414 0.501009495372864 0.501195012503332 0.501118921739916
-9999 -9999 -9999 -9999 -9999 -9999 -9999 -9999 -9999 -9999 -9999 -9999 -9999 -9999 -9999 -9999 -9999 -9999 -9999 -9999 -9999 -9999 0.416978683804075 0.382517624118314 0.33905625565194 0.286059739774487 0.170393650635969 0.0481647401826936 0.00495916128820081 0 0 0 0 0.0139983542646114 0 0 0 0.0862147198276512 0.189281476916225 0.227309363055056 0.264496798956313 0.311373166827158 0.332853746331635 0.400901901441185 0.452744480383257 0.458361083948329 0.47844435477397 0.494435464539781 0.496835022540088 0.497569770769093 0.498156921694314 0.498435128782636 0.498987717120633 0.499422986946804 0.49970228218186 0.499823869331487 0.49966985452057
-9999 -9999 -9999 -9999 -9999 -9999 -9999 -9999 -9999 -9999 -9999 -9999 -9999 -9999 -9999 -9999 -9999 -9999 -9999 -9999 -9999 -9999 0.481256730273787 0.416890728372143 0.360366074311517 0.278936043999104 0.159615398294492 0.0441777048822315 0.00587095186272777 0.00710767864897952 0 0 0.0276616469456568 0.0189894279677543 0 0 0 0.0260204014311141 0.179271724739646 0.253519251547318 0.27402957417772 0.310038200794564 0.373272454428232 0.427120223782096 0.455491299505667 0.470443438593642 0.483685408693703 0.495853981213163 0.497865823791932 0.498026936736889 0.498088485870333 0.498081188526455 0.498419004390549 0.498761593336312 0.498936275575679 0.498906002144761 0.498662771875646
-9999 -9999 -9999 -9999 -9999 -9999 -9999 -9999 -9999 -9999 -9999 -9999 -9999 -9999 -9999 -9999 -9999 -9999 -9999 -9999 -9999 -9999 0.482176371058624 0.418305875397023 0.371342227927263 0.301963635399286 0.170588502003349 0.053887853471596 0.0194369888621033 0 0 0.00805292420355218 0.0392729375035906 0.0276041656252667 0 0 0 0 0.0914969467341939 0.209646223868275 0.29262683524441 0.324050723206646 0.399538045710874 0.404208798519696 0.432054754515984 0.47588898419073 0.487845798317163 0.496069241676225 0.498497682881542 0.498238051567103 0.497805191239382 0.497524325372538 0.49772792462248 0.497883007734757 0.497847618775867 0.497657793855018 0.497328787116323
-9999 -9999 -9999 -9999 -9999 -9999 -9999 -9999 -9999 -9999 -9999 -9999 -9999 -9999 -9999 -9999 -9999 -9999 -9999 -9999 -9999 -9999 0.457204448483696 0.451801474915608 0.419932688160356 0.336302199471193 0.182137546178879 0.0685556828098479 0.000423960221999819 0 0 0 0.0159120986994917 0.0421538928222413 0.0550447701796288 0 0 0 0 0.156418753002886 0.293974179724456 0.34741476730303 0.386578866285966 0.369043782761804 0.439968854599355 0.480092511584836 0.491895605572425 0.498137137899873 0.499964060711906 0.499170701664137 0.498230339874785 0.497571479733923 0.497357278480166 0.497238004864939 0.497095107062382 0.496858167284717 0.496416753665984
-9999 -9999 -9999 -9999 -9999 -9999 -9999 -9999 -9999 -9999 -9999 -9999 -9999 -9999 -9999 -9999 -9999 -9999 -9999 -9999 -9999 -9999 0.455824139117904 0.444825629528161 0.420385859200872 0.33787977021495 0.191270285406875 0.0972863665302172 0.0276545986896219 0 0 0 0.0135178890570115 0.0452100186567387 0.0643923213103786 0.0101024286774347 0 0 0 0.157365922410471 0.281477389039614 0.331046719745961 0.40463090737582 0.3823695292387 0.429208762905748 0.481357835194599 0.49224897691499 0.49833014604761 0.49987179342079 0.499003302500184 0.497887915960958 0.49699710569448 0.496560293087271 0.496347900289854 0.496000899867077 0.49541094256637 0.494964779795128
-9999 -9999 -9999 -9999 -9999 -9999 -9999 -9999 -9999 -9999 -9999 -9999 -9999 -9999 -9999 -9999 -9999 -9999 -9999 -9999 -9999 -9999 0.460035803549435 0.451853708392931 0.424287548992889 0.331924503888212 0.169507696221344 0.0791778339378185 0.0080025079936867 0 0 0 0 0.0760490484871055 0.075109668403632 0.0520995473859301 0.0682217399713732 0.0446826456284258 0.0756049940711897 0.179072622170477 0.226516230478731 0.286836115561414 0.423311520550641 0.440138874442672 0.470461195676264 0.488817012276979 0.496602504739555 0.499779702291488 0.500037785571779 0.499234689420385 0.497879179828112 0.496707647262492 0.495807764447826 0.494863139793696 0.49404625342831 0.49295301864946 0.492874659691895
-9999 -9999 -9999 -9999 -9999 -9999 -9999 -9999 -9999 -9999 -9999 -9999 -9999 -9999 -9999 -9999 -9999 -9999 -9999 -9999 -9999 -9999 0.480456912238717 0.40167742346481 0.369596486787387 0.298035014501733 0.121366726955451 0.0260558651538802 0.00119098020138813 0 0 0 0 0.00905901044902008 0.0218708718885595 0.0582023156704756 0.0618165479918913 0.0841190433774693 0.152235720620612 0.137347276897292 0.179030352728429 0.349215092220774 0.457756330429394 0.478327889733131 0.484978653743451 0.494073043694963 0.499070172931572 0.501185326011857 0.500460491503492 0.49914007655494 0.497693522069905 0.496517832405928 0.495502060672759 0.493301623043219 0.492066187067658 0.492415831824088 0.492551092234354
-9999 -9999 -9999 -9999 -9999 -9999 -9999 -9999 -9999 -9999 -9999 -9999 -9999 -9999 -9999 -9999 -9999 -9999 -9999 -9999 -9999 0.516836201657215 0.473715786357337 0.403115051594086 0.341836137835513 0.244169381285039 0.12736996292192 0.0423664254141121 0 0 0 0 0.054563178909563 0.0458152016964727 0 0.0658524902005242 0.161067202799291 0.19205901779742 0.209327503198702 0.111180627462266 0.155011385074124 0.414554941530497 0.485337353825605 0.483384388968924 0.485935962354921 0.492613804237277 0.497980314520814 0.501976407831829 0.500865378119643 0.499290330234032 0.497710570800513 0.496427377442185 0.495081760046532 0.492523775153204 0.490795359991831 0.491218494727259 0.491969213681915
-9999 -9999 -9999 -9999 -9999 -9999 -9999 -9999 -9999 -9999 -9999 -9999 -9999 -9999 -9999 -9999 -9999 -9999 -9999 -9999 -9999 0.516545665597839 0.471760845433823 0.397794486093204 0.349786208829079 0.284743675836039 0.150099242515561 0.0271669936358933 0 0 0 0 0.0775767448743934 0.177242084474982 0.110736190173507 0.159020969621331 0.244814244706077 0.212583241797277 0.15605055683329 0.115229899738344 0.270239271699305 0.462681382556718 0.487772110410335 0.48657142422553 0.486926853194719 0.490188751336658 0.495422717448598 0.500996070964954 0.500175189686503 0.498672522643798 0.496921900999199 0.495239054955537 0.493739439407646 0.491366745875371 0.489007695610425 0.489341003789347 0.490824378587932
-9999 -9999 -9999 -9999 -9999 -9999 -9999 -9999 -9999 -9999 -9999 -9999 -9999 -9999 -9999 -9999 -9999 -9999 -9999 -9999 -9999 0.528201781885515 0.51029159145514 0.469871989683963 0.414972929896727 0.285749685086111 0.126485652806657 0.00684105463099804 0 0 0 0 0.113860608031707 0.265480947643214 0.22094035686825 0.203349533139149 0.290636261088542 0.285429310783879 0.285246941381842 0.268503333786127 0.352654228898268 0.468257158294251 0.488443946840579 0.489136475269257 0.487226567900558 0.488766951878493 0.495053315036799 0.499285796578468 0.499660696502325 0.498432262380378 0.496394989176364 0.494645761643869 0.492920838937232 0.489670836827596 0.487024124632467 0.488952387050348 0.490885293975996
-9999 -9999 -9999 -9999 -9999 -9999 -9999 -9999 -9999 -9999 -9999 -9999 -9999 -9999 -9999 -9999 -9999 -9999 -9999 -9999 -9999 0.534730348491353 0.500565540065403 0.452234327611599 0.388522838164456 0.259891090036532 0.115186422264674 0.0179343917631665 0 0 0 0 0.086129799564996 0.261844921370781 0.243754696837941 0.235574581485928 0.292080094052061 0.319017756823641 0.351244779497867 0.307562263863827 0.344304809183533 0.459215668586733 0.485854369000859 0.483600530287646 0.478686931886122 0.483916102635892 0.493849852241208 0.497586130700677 0.498231053217761 0.497217039003053 0.495394393289941 0.493696272102268 0.491924074043648 0.488981668469459 0.486646056369214 0.488043393825613 0.48940692838086
-9999 -9999 -9999 -9999 -9999 -9999 -9999 -9999 -9999 -9999 -9999 -9999 -9999 -9999 -9999 -9999 -9999 -9999 -9999 -9999 0.531783070566331 0.529373460710676 0.483641097005031 0.422690421070522 0.362358884205659 0.248326219636627 0.110759820475556 0.00240788552961461 0 0 0 0 0.113365905240494 0.242394054420747 0.299191169803944 0.345856947232341 0.397914564061718 0.412260684602661 0.419189689985163 0.318054723256328 0.28458668759735 0.425544436569997 0.473342406615684 0.466927591622471 0.463290040396522 0.477209864975233 0.490497431731954 0.496065805876364 0.496352739438063 0.495776854355042 0.494556743289887 0.492856149029534 0.491044985704582 0.490193168754452 0.490030092011701 0.488773381154744 0.487563356584839
-9999 -9999 -9999 -9999 -9999 -9999 -9999 -9999 -9999 -9999 -9999 -9999 -9999 -9999 -9999 -9999 -9999 -9999 -9999 -9999 0.502970013103634 0.508160071822288 0.481665471008065 0.403805354214057 0.323100961093043 0.235066449640849 0.11769861688787 0.008853059867056 0 0 0 0.0183534415400666 0.0943172705020519 0.234453840260092 0.33972460887939 0.35862632856266 0.408311634726696 0.421054307634118 0.417778028406111 0.275643382988094 0.230588210157766 0.405246041696635 0.451754376653886 0.452368705758905 0.461059993015306 0.481214615964407 0.491344794239656 0.495271094602887 0.49527634901528 0.4946362813704 0.493182809938564 0.491754987388255 0.49052049915465 0.489913499396164 0.489390186446646 0.487818241619893 0.485858523787031
-9999 -9999 -9999 -9999 -9999 -9999 -9999 -9999 -9999 -9999 -9999 -9999 -9999 -9999 -9999 -9999 -9999 -9999 -9999 -9999 0.491743878697724 0.488911727666946 0.458443468988684 0.363691503075747 0.260366652206411 0.196403583338886 0.0835201049284905 0 0 0 0.0534905039072388 0.0843004102435869 0.0927693135600042 0.182923255927655 0.353662967713512 0.382985838239778 0.405032739062761 0.422002600569917 0.410825391775488 0.243519210691037 0.193349359164196 0.36526994324332 0.414211956567914 0.454078577273318 0.467458782235726 0.485483930861802 0.493596840164751 0.495276096120684 0.494567663856952 0.493763796103482 0.492285838256273 0.4907131846654 0.488951060415559 0.487538599418294 0.486879861782115 0.485537855868265 0.483655198964288
-9999 -9999 -9999 -9999 -9999 -9999 -9999 -9999 -9999 -9999 -9999 -9999 -9999 -9999 -9999 -9999 -9999 -9999 -9999 -9999 0.502962449838506 0.490189803057253 0.436468341564279 0.353909603385594 0.226475038329569 0.0821539487633165 0 0 0 0.0386554045137424 0.135955729771696 0.185260964625972 0.132737963980862 0.149263268254405 0.318545827322494 0.322978078114843 0.346282407951047 0.413678839492492 0.378871196149117 0.27239771775608 0.288593275902505 0.396935907063109 0.431450216776138 0.464528523000926 0.473016815277068 0.48573184000698 0.493316233630494 0.493738681476013 0.492732625698943 0.491885642825727 0.490412129464908 0.488918979009758 0.487369626145053 0.485513905167312 0.484089122839702 0.482709032438723 0.480756708095493
-9999 -9999 -9999 -9999 -9999 -9999 -9999 -9999 -9999 -9999 -9999 -9999 -9999 -9999 -9999 -9999 -9999 -9999 -9999 -9999 0.465732697953524 0.470326866532066 0.40491825119177 0.311057463826447 0.193843370745573 0.0360100631910209 0 0 0 0.0778182130554492 0.195813784775228 0.247113519972335 0.163771435080627 0.126521114846423 0.276241487012399 0.237107036191264 0.26243605782534 0.393839613190115 0.359795179019527 0.361364667136713 0.418865979102002 0.412354285571808 0.445757142259336 0.4710276119535 0.476675652991739 0.486460414827647 0.492597703321425 0.491873544192731 0.490399972999345 0.489696657593173 0.488436354766863 0.486918003566199 0.485488782095991 0.483477716502986 0.481774455271619 0.480201338194301 0.478108062513263
-9999 -9999 -9999 -9999 -9999 -9999 -9999 -9999 -9999 -9999 -9999 -9999 -9999 -9999 -9999 -9999 -9999 -9999 -9999 -9999 0.453850682525017 0.418904602512207 0.391437414574926 0.282950670982807 0.150142587913435 0.0286342644224719 0 0 0.0175554582403865 0.0762279082811667 0.165614215923583 0.245818625385309 0.166631290719483 0.086471354565331 0.211275401111228 0.236104428328071 0.271227469891104 0.371312846006484 0.428857774683781 0.464692120263412 0.449285784903142 0.430742602350805 0.452933782953414 0.472555853875546 0.478925235664702 0.488379908278105 0.491207534905562 0.487022318512502 0.48436318125759 0.486445543168081 0.487215693315398 0.485875283229364 0.484278991705718 0.482263997014588 0.480454475604887 0.478580523110911 0.476228364261624
-9999 -9999 -9999 -9999 -9999 -9999 -9999 -9999 -9999 -9999 -9999 -9999 -9999 -9999 -9999 -9999 -9999 -9999 -9999 0.492865069277882 0.446550220433487 0.401894294669999 0.350672232354361 0.230989164629428 0.177831784994717 0.0715210015102618 0 0.00155820219866006 0.0611563749337738 0.088118921999296 0.142998089806149 0.238950382089849 0.194323378358922 0.0952091493307619 0.220154472928757 0.302129943861912 0.321587702853993 0.379741953157793 0.451180948106038 0.467406760650408 0.469243725771939 0.462190511283523 0.463099504854968 0.474878890418738 0.480563144879998 0.487745169813185 0.482860165562231 0.467474071148783 0.458724915493888 0.470389017531882 0.483847042092668 0.483770453842198 0.482141610538815 0.480141976867326 0.478304894035323 0.476225906604312 0.4735379777395
-9999 -9999 -9999 -9999 -9999 -9999 -9999 -9999 -9999 -9999 -9999 -9999 -9999 -9999 -9999 -9999 -9999 -9999 -9999 -9999 0.445421946514282 0.380814167410799 0.292363144809409 0.155343875126072 0.0814079172183413 0 0 0.00331280008857014 0.0768845415700559 0.182929215481558 0.304161035848216 0.323500347345443 0.298349258019825 0.261113908101581 0.317752584096929 0.333964809751948 0.343570866670037 0.447343085856828 0.461102120304465 0.464838771216419 0.466638640878514 0.467654895766715 0.471768349954094 0.478009485920618 0.479568437134145 0.482852639145257 0.476110821260029 0.447729592813755 0.432932735037061 0.45686433310056 0.480107126032487 0.481843674105825 0.480129879722006 0.477811640441297 0.475760401049327 0.473532577630969 0.47096487018956
-9999 -9999 -9999 -9999 -9999 -9999 -9999 -9999 -9999 -9999 -9999 -9999 -9999 -9999 -9999 -9999 -9999 -9999 -9999 -9999 0.459499935992547 0.443676758326658 0.315007314235277 0.125554884219836 0.0418426628109975 0 0 0 0.0767561566064403 0.177775125706378 0.306105160815418 0.347404506726801 0.337130864301891 0.287467049072785 0.30261010799919 0.333345723112548 0.356623538909986 0.45342531242268 0.461484865737253 0.463993337011927 0.461334546926208 0.465665621853755 0.475489651287317 0.476967290298127 0.475314458580461 0.476766702943351 0.464048411372982 0.429487568437089 0.425722286900789 0.457743682397251 0.479537352408143 0.480256484274733 0.478584517830615 0.476133983645025 0.473220545230337 0.470964240255833 0.469122952476366
-9999 -9999 -9999 -9999 -9999 -9999 -9999 -9999 -9999 -9999 -9999 -9999 -9999 -9999 -9999 -9999 -9999 -9999 -9999 -9999 0.44365931361972 0.411183700268608 0.305779041141842 0.14275173647428 0.0355501521212285 0 0 0 0.0699353283865674 0.17225099941429 0.255325622054411 0.322062615568772 0.34537191876459 0.300729055353669 0.288919520010601 0.327285220067057 0.387905077459604 0.449050050734915 0.45726526265011 0.460938519082227 0.459599194201352 0.46426022534575 0.473503033045758 0.473954308567414 0.473013738800734 0.468919816674123 0.442599475956159 0.414182972067483 0.429794331977746 0.462092500526668 0.477532471552642 0.477861721738176 0.476200389857441 0.473449100963593 0.470201016296489 0.467570148918372 0.465690681068387
