layers/veg_krg_sqold/veg2000.asc
NCOLS 255 
NROWS 330 
XLLCORNER -2985163.8955 
YLLCORNER -3022031.214 
CELLSIZE 25000 
NODATA_value -9999 
[rows 150 to 174 of 330, columns 56 to 111 of 255]
-9999 -9999 -9999 -9999 -9999 -9999 -9999 -9999 -9999 -9999 -9999 -9999 -9999 -9999 -9999 -9999 -9999 -9999 -9999 -9999 -9999 -9999 0.473385685162966 0.429002088959341 0.337117297015792 0.2145911274562 0.108019099444503 0.051133123272081 0.0557572098556284 0.0918466683129501 0.117804478458968 0.122678561204869 0.11980805343867 0.113929535588109 0.110473917574381 0.100654157172898 0.0502514549247957 0.0125675734674985 0.0335113289575007 0.0778581613817883 0.098213354472878 0.126336501389796 0.188633025208794 0.185754854385654 0.196146984050607 0.245884242991936 0.29532476602049 0.356116940726246 0.408318938795624 0.407268959631774 0.430913364771507 0.467103569257172 0.476950524252298 0.481374932238075 0.48131334569889 0.482001495689763
-9999 -9999 -9999 -9999 -9999 -9999 -9999 -9999 -9999 -9999 -9999 -9999 -9999 -9999 -9999 -9999 -9999 -9999 -9999 -9999 -9999 -9999 0.451568921054111 0.428571866923836 0.375353839795106 0.292057650754478 0.174048553916933 0.0839430407817599 0.0758337324859745 0.0969936604786269 0.114337023598288 0.119776789516898 0.115669797519972 0.108861260681037 0.102555654111613 0.0900428472449892 0.051224639690316 0 0 0.0573889223583247 0.0827382895092491 0.100814783956109 0.134652747801772 0.158745268466699 0.20374239114597 0.217155502775983 0.287942289266149 0.357152510231967 0.40966466015092 0.400349869722006 0.42027765097559 0.4654902262933 0.475421862940501 0.480125503481772 0.482574086265153 0.482171565217148
-9999 -9999 -9999 -9999 -9999 -9999 -9999 -9999 -9999 -9999 -9999 -9999 -9999 -9999 -9999 -9999 -9999 -9999 -9999 -9999 -9999 -9999 0.472017574270256 0.449795555898062 0.405160485819955 0.342106456384611 0.219506119274906 0.0722529762097269 0.0297464864995073 0.0828890880318106 0.102033667184194 0.0986130939771594 0.112593701758677 0.114147463240437 0.11279765434654 0.0982167589939105 0.0413419132825551 0.00159533607078235 0.0301103006931177 0.0492620125332317 0.0442986514999546 0.0818569530968136 0.141522417205557 0.130181489047859 0.173179462699481 0.254126785492964 0.33253595710994 0.380595576949788 0.409177841628931 0.418703271658862 0.437300265077778 0.466780734864584 0.475573403583311 0.480328963749401 0.484244477107986 0.4853094796672
-9999 -9999 -9999 -9999 -9999 -9999 -9999 -9999 -9999 -9999 -9999 -9999 -9999 -9999 -9999 -9999 -9999 -9999 -9999 -9999 -9999 -9999 -9999 0.461794092881366 0.427450518025387 0.37720286685738 0.253549781545676 0.0992841906289039 0.02659771425771 0.0623871938556849 0.111946593047546 0.120987544549498 0.116872653547029 0.116443667717742 0.115999968081263 0.0983173546935031 0.0512218637602568 0.0407547607654008 0.0802135670661412 0.0784720203444029 0.0987400512071489 0.135269335527378 0.145820792570801 0.134317692593708 0.166458994488755 0.252545338731274 0.303183184887195 0.377658692818161 0.415516743965955 0.429096358879788 0.450405123761166 0.471647099300701 0.479195001442262 0.483763405233324 0.488176460769355 0.489967842765099
-9999 -9999 -9999 -9999 -9999 -9999 -9999 -9999 -9999 -9999 -9999 -9999 -9999 -9999 -9999 -9999 -9999 -9999 -9999 -9999 -9999 -9999 -9999 0.45653076473553 0.452445273168421 0.421295496323806 0.295818115841034 0.145191111265097 0.0663687677069033 0.0652413518521385 0.113550617886926 0.121881036104731 0.1209759720861 0.120491516897754 0.119582740528677 0.103996724488252 0.0788546332866664 0.0829196212181149 0.0888988412613243 0.10435418922851 0.15250278428735 0.155805878192742 0.147730425599428 0.160959231823965 0.223957758431434 0.290269359004767 0.320474132175181 0.38953840752221 0.407009820442432 0.41671800514564 0.447882058848296 0.471082403301746 0.481161083656502 0.487627762858886 0.492835866712953 0.495756421120057
-9999 -9999 -9999 -9999 -9999 -9999 -9999 -9999 -9999 -9999 -9999 -9999 -9999 -9999 -9999 -9999 -9999 -9999 -9999 -9999 -9999 -9999 -9999 0.462638069968414 0.459682343902737 0.440810026652373 0.323132669802345 0.154692098302561 0.0712417116003912 0.0719082377547958 0.115288926963363 0.120953213184318 0.119914097552159 0.120089681074992 0.119588600471376 0.105565886834286 0.0907002544324505 0.0803499868400287 0.075555725556349 0.0821239290884198 0.13588458094297 0.170783628339969 0.143838101432606 0.166847834590485 0.231252534548101 0.3260183942147 0.376183559976161 0.403521474119673 0.401505478743728 0.415988687172973 0.443995987690885 0.473548162214912 0.4839911089541 0.490180543438658 0.496014037180133 0.499543393550587
-9999 -9999 -9999 -9999 -9999 -9999 -9999 -9999 -9999 -9999 -9999 -9999 -9999 -9999 -9999 -9999 -9999 -9999 -9999 -9999 -9999 -9999 -9999 0.46569731561854 0.462107597111422 0.459015620526218 0.370116192880972 0.182509293335901 0.0839605416696517 0.0884074786728191 0.101239299731556 0.116870781768812 0.115537790473104 0.115237670299904 0.119717043798299 0.116646327854943 0.109130128465468 0.0880606259336644 0.0763528738476954 0.0987649173418 0.149029014352433 0.189896906986052 0.170784606960733 0.155787325920759 0.205299633206649 0.302539359043891 0.391730547055128 0.427511412378645 0.417809638377986 0.425103862234114 0.458938084730028 0.480522053388253 0.49100206637684 0.49666628712945 0.501593516974305 0.504933265979679
-9999 -9999 -9999 -9999 -9999 -9999 -9999 -9999 -9999 -9999 -9999 -9999 -9999 -9999 -9999 -9999 -9999 -9999 -9999 -9999 -9999 -9999 -9999 0.47388634890349 0.464286436917125 0.45472939448244 0.399145920646819 0.216811033479865 0.0772772651300267 0.0643631006250057 0.0738524078312761 0.103138741665414 0.106648709001261 0.106220036721074 0.11638286835225 0.113135085125205 0.104890042501066 0.0908761800865896 0.0801579413878509 0.114688905568254 0.179935301292624 0.187666930431841 0.186068427946388 0.19301714532709 0.237770735530005 0.338681575849515 0.402743406574375 0.450137323940768 0.446350156632988 0.452758858660038 0.477248280796231 0.492001480765111 0.499083922933998 0.503920729681095 0.507206996186034 0.509421250978681
-9999 -9999 -9999 -9999 -9999 -9999 -9999 -9999 -9999 -9999 -9999 -9999 -9999 -9999 -9999 -9999 -9999 -9999 -9999 -9999 -9999 -9999 -9999 0.471262047332644 0.464635991254621 0.46187143067859 0.414525294801429 0.233265832430546 0.0652782163398467 0.0406213518136143 0.0525958061232999 0.0672216134886325 0.0918074084730362 0.101264320577354 0.0970697420463079 0.100679171526224 0.0969733835089177 0.0731272663229148 0.0600233208207979 0.0725604436545667 0.114556286813069 0.154294700619567 0.180857333767604 0.18767111029781 0.221047202998135 0.313595673843554 0.37051725987421 0.432194609376247 0.47383812392427 0.485353099812017 0.496930273081912 0.499689659157082 0.505710273774798 0.510447848394213 0.512684589229438 0.513974182345017
-9999 -9999 -9999 -9999 -9999 -9999 -9999 -9999 -9999 -9999 -9999 -9999 -9999 -9999 -9999 -9999 -9999 -9999 -9999 -9999 -9999 -9999 -9999 0.469236339770864 0.471299680804202 0.474032554227685 0.433789429180298 0.275737709226292 0.104114176313187 0.0559681735051812 0.0739530395094983 0.0809928478747233 0.0704555929497466 0.0794108055215793 0.0946845126298775 0.0998837440349807 0.0880270113805343 0.0628933089690163 0.0531898219556153 0.0721314609467961 0.113303605217711 0.150687780369557 0.168553528200005 0.187273790542653 0.234535364104109 0.288814613584922 0.34042615587855 0.416367772822633 0.461050576828469 0.490870552659424 0.50780782995242 0.508942951479923 0.513683084368507 0.517048416433281 0.518344837034039 0.519343741636554
-9999 -9999 -9999 -9999 -9999 -9999 -9999 -9999 -9999 -9999 -9999 -9999 -9999 -9999 -9999 -9999 -9999 -9999 -9999 -9999 -9999 -9999 -9999 0.467493223977264 0.474531753348266 0.48324651552095 0.44907710166835 0.294213829363882 0.128930928897208 0.0953001538633157 0.0721524333286411 0.026814921438211 0.0146462077343135 0.0482389795718985 0.0813314284960034 0.0932580645017225 0.0702591052947852 0.0476553883022553 0.0439548318107307 0.0803022216784099 0.147680804236206 0.17396519913991 0.137324204031932 0.140974614482184 0.246127794574077 0.320292050526362 0.356528049684179 0.403442246088795 0.425261958857881 0.475362097992394 0.507181708785393 0.514511768696069 0.521070418444898 0.522140546223826 0.523197662185159 0.52399392739847
-9999 -9999 -9999 -9999 -9999 -9999 -9999 -9999 -9999 -9999 -9999 -9999 -9999 -9999 -9999 -9999 -9999 -9999 -9999 -9999 -9999 -9999 -9999 0.463036924882363 0.466236818061692 0.465574595855244 0.44078908233952 0.296990538376692 0.142365222513257 0.0796324143433261 0.0439195260047767 0.0497232469803079 0.0267984222657104 0.0207365810574345 0.0680203121582265 0.0806128027778983 0.0522369512598208 0.0255011726443489 0.02550146230388 0.0875722887195776 0.142163196929984 0.140644790267622 0.128693531023045 0.146717748279333 0.259452727390712 0.343030059685076 0.389242773217346 0.41800754907938 0.440332709154745 0.478214975925154 0.507808299361054 0.518867236493029 0.522804337210862 0.523652620256458 0.524775750392577 0.525754004629504
-9999 -9999 -9999 -9999 -9999 -9999 -9999 -9999 -9999 -9999 -9999 -9999 -9999 -9999 -9999 -9999 -9999 -9999 -9999 -9999 -9999 -9999 -9999 0.419888592160964 0.41755670048529 0.421718352498301 0.417780652902476 0.281176419471286 0.14776436620987 0.11554239858133 0.069609612484107 0.0192008880537929 0 0.015975042612403 0.0539316506520445 0.0212238490529346 0.00219991615963938 0.0275959234143985 0.0642430344770368 0.0853415713317829 0.108455562903302 0.128007643078369 0.124256915444572 0.154538714518334 0.251030079570526 0.351523930121463 0.426276625409297 0.430032321774861 0.463695175883793 0.498709582590001 0.516226852811056 0.524282225860238 0.526378096878484 0.526670582054005 0.527366300474668 0.528038118267514
-9999 -9999 -9999 -9999 -9999 -9999 -9999 -9999 -9999 -9999 -9999 -9999 -9999 -9999 -9999 -9999 -9999 -9999 -9999 -9999 -9999 -9999 -9999 0.388366356309211 0.382248582399458 0.414053382210828 0.41318207698069 0.293599705782817 0.16783502188392 0.127735299405291 0.0933324079332181 0.0522534454562626 0.0244141029664607 0.00411276540299296 0.0228779071281227 0.0148931969886441 0 0.0229809809109271 0.076204760112981 0.100822186409655 0.113052558207836 0.112329148161792 0.0926696804675736 0.136535915367865 0.268288844321965 0.376810132893257 0.448582451323688 0.468865113864153 0.486976496087269 0.511303571317289 0.521377946965555 0.527500510547656 0.529524537714424 0.529724803332243 0.529996021947457 0.530513931279596
-9999 -9999 -9999 -9999 -9999 -9999 -9999 -9999 -9999 -9999 -9999 -9999 -9999 -9999 -9999 -9999 -9999 -9999 -9999 -9999 -9999 -9999 -9999 0.406751734724333 0.40276445171608 0.411477292469857 0.411145467032448 0.30891918878623 0.225534870766221 0.231602203626283 0.197746654130551 0.125337591048505 0.0415329176094799 0 0 0 0.00734659916719311 0.0521237710405557 0.0856590648396064 0.0948754065178205 0.116080400980047 0.107550491527882 0.0904688780270838 0.124559961225226 0.272426792243388 0.424336828114225 0.465077851285131 0.475827822074915 0.496729975192116 0.519557918157777 0.525151429411858 0.529976393038053 0.531621659123992 0.531802531677865 0.532075041978693 0.532548958864871
-9999 -9999 -9999 -9999 -9999 -9999 -9999 -9999 -9999 -9999 -9999 -9999 -9999 -9999 -9999 -9999 -9999 -9999 -9999 -9999 -9999 -9999 -9999 0.399519888834906 0.390820649385232 0.404189857025217 0.407452121786211 0.334986276558197 0.268899024979235 0.244662706880954 0.178485884647698 0.100300855810825 0.0266861276245139 0 0 0 0 0.0270743719472974 0.061377620988026 0.090911913309803 0.120416894432601 0.109711568239157 0.111478985009852 0.190998630649994 0.331274302230201 0.451215788581722 0.491724099797267 0.504158774770914 0.51095831812861 0.527125479671853 0.530827216323038 0.53356665172768 0.534516907444781 0.534358348842346 0.53421182384596 0.534523569016699
-9999 -9999 -9999 -9999 -9999 -9999 -9999 -9999 -9999 -9999 -9999 -9999 -9999 -9999 -9999 -9999 -9999 -9999 -9999 -9999 -9999 -9999 -9999 0.421455766219906 0.402752823185604 0.396801779804081 0.398986213423334 0.335057168749445 0.259321077870478 0.223509682647551 0.192326858059614 0.1592835316266 0.0724310386681159 0 0 0 0 0.0181831365168348 0.0353027748060461 0.0751197602263017 0.130883597616084 0.116402701405968 0.150920727595827 0.248432362140319 0.359160781604335 0.468840547550637 0.496637872843263 0.513133758150072 0.524338365441124 0.534014588225362 0.536040065302334 0.536969779949961 0.536930120057035 0.536589847077216 0.536491794674235 0.536466729905704
-9999 -9999 -9999 -9999 -9999 -9999 -9999 -9999 -9999 -9999 -9999 -9999 -9999 -9999 -9999 -9999 -9999 -9999 -9999 -9999 -9999 -9999 -9999 0.434219660473535 0.419342193669972 0.401072990619028 0.39069974926764 0.323442577917613 0.254137320743985 0.232617062623738 0.234628466019727 0.255818368209246 0.154579374287755 0.0141143548906784 0 0.00498078445739364 0.00361562628361029 0.00908598177330622 0.0124564527107231 0.0674318776860545 0.122714581704984 0.120096194749253 0.0797892536674207 0.111607968657196 0.313836528418105 0.478656287956807 0.514136151931523 0.518014863237978 0.532063495694177 0.53770352799077 0.538442724710583 0.538632749103258 0.538373632634493 0.538078414612199 0.537879824646426 0.537848136232263
-9999 -9999 -9999 -9999 -9999 -9999 -9999 -9999 -9999 -9999 -9999 -9999 -9999 -9999 -9999 -9999 -9999 -9999 -9999 -9999 -9999 -9999 -9999 0.502966268557359 0.423334929242883 0.402479294683249 0.385481085887445 0.330805166950799 0.23606726997997 0.205549883698968 0.254832184658752 0.288316952658117 0.184100627066146 0.0234120355088498 0 0.0122615535069239 0.0375720632724444 0.0483846332284757 0.0507040945902041 0.0985627338038104 0.117032912832956 0.11018662541523 0.120899632636722 0.130121466373683 0.286242281153644 0.474685807633099 0.519949544060932 0.529486668923537 0.536398796017084 0.537995080327116 0.538843239128937 0.539240958320604 0.539346907420997 0.539263790788266 0.53913772454317 0.53929718182441
-9999 -9999 -9999 -9999 -9999 -9999 -9999 -9999 -9999 -9999 -9999 -9999 -9999 -9999 -9999 -9999 -9999 -9999 -9999 -9999 -9999 -9999 0.55993742878489 0.503369459283163 0.430020189163509 0.415843697527354 0.383070626173059 0.305929057559813 0.231547726252045 0.229316727299268 0.268243373040559 0.292413361901103 0.204457599211089 0.0612023705649045 0.0105552087905591 0.0200930420055887 0.057114795279078 0.0698733686937059 0.0756049694961907 0.107680025366812 0.118095139751995 0.119874365435283 0.135307055776434 0.192467765782219 0.323689370275821 0.460677192499139 0.525747494784378 0.531837689278341 0.534008106619761 0.537858622663012 0.539198417574644 0.539679971813772 0.539877115363744 0.540101460988226 0.540189061698383 0.540246293412149
-9999 -9999 -9999 -9999 -9999 -9999 -9999 -9999 -9999 -9999 -9999 -9999 -9999 -9999 -9999 -9999 -9999 -9999 -9999 -9999 -9999 -9999 -9999 0.519788078226295 0.46769067296003 0.441760747527612 0.385045406024077 0.318542158648111 0.279256446467779 0.271473499531381 0.280253946977807 0.292966812950155 0.206421916986753 0.0666784438985636 0.0158147641346908 0.0178115614031741 0.0555358520424787 0.0742836624338622 0.086370719182207 0.12952886582431 0.137990726746642 0.126428064081708 0.175870641555088 0.316019076761359 0.442913319163128 0.501057199719219 0.523722639646079 0.520922452516283 0.527596769281712 0.537943485114135 0.54012022144917 0.54037348541815 0.540663798951933 0.54093303950194 0.540983542079534 0.541111293682843
-9999 -9999 -9999 -9999 -9999 -9999 -9999 -9999 -9999 -9999 -9999 -9999 -9999 -9999 -9999 -9999 -9999 -9999 -9999 -9999 -9999 -9999 -9999 0.501117870334011 0.469972733603021 0.455018797409933 0.404181914220663 0.318346409715366 0.278447202743143 0.273379519564274 0.272086184348612 0.28563130904579 0.208265873794437 0.050542152342348 0 0.021593014530957 0.0573359788342792 0.0751632916748226 0.0886986507984796 0.127987992607005 0.125094585580446 0.120478622426736 0.22493943190828 0.376259084025319 0.470153603199566 0.511443886888818 0.507256868225129 0.514520761581301 0.528401046978354 0.539167976610578 0.540676737505293 0.540762755862772 0.540978008729754 0.541203129284989 0.541299745776956 0.541372600561471
-9999 -9999 -9999 -9999 -9999 -9999 -9999 -9999 -9999 -9999 -9999 -9999 -9999 -9999 -9999 -9999 -9999 -9999 -9999 -9999 -9999 -9999 0.514611958687188 0.499753474871805 0.481521911490806 0.480360779933593 0.424753030466538 0.316804179090001 0.25411219700321 0.237761161327424 0.215206947267322 0.221376195768919 0.16302044686975 0.0645279746701442 0.031047027506704 0.038221354774811 0.068624326078531 0.0558402570870778 0.0578695585227702 0.0840528901547506 0.0705018361802389 0.121342751356821 0.284290200442963 0.417917709968628 0.481807108017872 0.460590246487417 0.427573968170682 0.493095429501553 0.528997137226872 0.539110725422955 0.541083050992792 0.541405720935213 0.541284455826599 0.541440255515912 0.541712702141155 0.541823892638698
-9999 -9999 -9999 -9999 -9999 -9999 -9999 -9999 -9999 -9999 -9999 -9999 -9999 -9999 -9999 -9999 -9999 -9999 -9999 -9999 -9999 -9999 0.494802036061585 0.470215362269077 0.44246391480152 0.450105580829215 0.414136848004776 0.314259832146092 0.210109025432628 0.172618304140812 0.182210229096029 0.163099485823077 0.0857224878784748 0.069664963910016 0.0882813241478189 0.0542330759374002 0.0346773515747569 0 0.0137185021893887 0.0645454227721831 0.117726489281141 0.155844117676813 0.286611436789628 0.43420447962731 0.469248249636677 0.455024494675065 0.412058611731113 0.475783952119381 0.529656719456126 0.537278150175005 0.539637041939438 0.540543065236749 0.540916054035834 0.541524471545063 0.541902070267204 0.542176181240215
-9999 -9999 -9999 -9999 -9999 -9999 -9999 -9999 -9999 -9999 -9999 -9999 -9999 -9999 -9999 -9999 -9999 -9999 -9999 -9999 -9999 -9999 0.487466096476431 0.435756430199103 0.394862791025016 0.423944785954396 0.389043410098336 0.271201892211206 0.182149808404854 0.151897088386535 0.118902485722563 0.0801224846898732 0.0414635242175314 0.0785147993847751 0.118969355563749 0.0985948105213142 0.0392450809341456 0.0170396455737934 0.0179775286247033 0.0227599820533612 0.116931246417682 0.175264349188198 0.277849217568423 0.447884345914569 0.480227444631297 0.4260825044438 0.408484162938353 0.498997999422695 0.528780018758405 0.535216464592773 0.537778521178351 0.53893553618313 0.539651988599479 0.540674866525925 0.541564554749979 0.542120651124026
