layers/veg_krg_sqold/veg2300.asc
NCOLS 255 
NROWS 330 
XLLCORNER -2985163.8955 
YLLCORNER -3022031.214 
CELLSIZE 25000 
NODATA_value -9999 
[rows 200 to 224 of 330, columns 114 to 170 of 255]
0.467682985959331 0.466012068567578 0.463574891676408 0.460306576423753 0.458233562272722 0.456081473460671 0.451850447606119 0.44773595438483 0.442484291194012 0.434628934456827 0.427743221634374 0.421889210683506 0.414368473914368 0.409403058729734 0.403961656934909 0.39339553788961 0.383391923580339 0.371605611418203 0.353036768785823 0.339277273467775 0.33255038183938 0.322761254041874 0.314099663241223 0.317424535961955 0.331524032923891 0.344518027401102 0.36378409518696 0.388339485935434 0.407364037662224 0.426489093034802 0.447337274409854 0.464274431237797 0.480310842884657 0.502609531897574 0.522522321402353 0.534390434477518 0.536894567476478 0.524585725154178 0.500710006932455 0.468506112467847 0.448885818141593 0.451666450299838 0.457684164919932 -9999 -9999 -9999 -9999 -9999 -9999 -9999 -9999 -9999 -9999 -9999 -9999 -9999 -9999
0.465005974349144 0.463533382478356 0.461541358975047 0.458852673899229 0.45701470651397 0.454757423170638 0.450397255357564 0.446231689248049 0.4403870554698 0.432759614810038 0.426392202493319 0.420657163680367 0.414296862055744 0.408807857991415 0.402360368930517 0.39192268235791 0.381499825854309 0.371344723115297 0.356730430824029 0.341297745665311 0.332578672245381 0.326352295317441 0.318185236022622 0.324298314681273 0.341173013863242 0.351807125181554 0.367345012861558 0.383649519403978 0.397005843813363 0.41683887728419 0.439907359447213 0.456849230771238 0.472641626431045 0.489490576129929 0.497904306246813 0.504677620224253 0.513695027463319 0.510389121415301 0.493339631753136 0.476343455445169 0.467575404560406 0.46581758536474 -9999 -9999 -9999 -9999 -9999 -9999 -9999 -9999 -9999 -9999 -9999 -9999 -9999 -9999 -9999
0.462362242993569 0.461161233080144 0.459407489272652 0.457839081023392 0.456226581194154 0.452421540020064 0.447832311194386 0.442876219311346 0.436928273479477 0.430082146529059 0.424235327847441 0.419177804900181 0.414376984302315 0.407555064577559 0.397567857058827 0.388035967532923 0.379079368752098 0.36728414448036 0.356977413501871 0.348727449286337 0.337277569587381 0.331664537753849 0.333878999103792 0.341018706767866 0.350189509734393 0.357776328075728 0.360895430171695 0.361391699439759 0.373900675556452 0.400161460068016 0.419760004869252 0.423422366668162 0.437035492363747 0.451575223926852 0.451824975047921 0.464682703231369 0.486668608718949 0.497187712781844 -9999 0.480764723034655 0.473807544195972 0.47162722161925 -9999 -9999 -9999 -9999 -9999 -9999 -9999 -9999 -9999 -9999 -9999 -9999 -9999 -9999 -9999
0.459937477522383 0.459376487134102 0.457788433217874 0.456232150180945 0.454894649196992 0.450134336807075 0.444021948638025 0.43925990598152 0.434871621852481 0.428362213871597 0.422486542173628 0.417741595224806 0.412336811478552 0.40647245462989 0.397655528212491 0.385484184605499 0.374704628523565 0.363142922957799 0.353716151402471 0.348682730183326 0.337636083143093 0.33540398967263 0.34379426035386 0.350088089147424 0.354911342208594 0.357783075574617 0.355764340694726 0.361277294317985 0.375002160119684 0.390467631262028 0.40733031723639 0.405117945154341 0.415387520369332 0.43846032737756 0.449765382293241 0.464120684838419 0.481414221474481 0.489257873692742 -9999 0.477149617567647 0.476159207472945 -9999 -9999 -9999 -9999 -9999 -9999 -9999 -9999 -9999 -9999 -9999 -9999 -9999 -9999 -9999 -9999
0.458815952124483 0.458469183405387 0.457380549324988 0.455735980744918 0.45360931130415 0.447897462383569 0.441974599495044 0.4378905274696 0.432763798263126 0.427001946353056 0.42260044378004 0.41784035123871 0.412220693446449 0.407801255041371 0.4009993316065 0.390801759731322 0.378852733933329 0.365345223199572 0.350975541748426 0.341591512750945 0.335299476599383 0.335952025700537 0.3454786852924 0.351142848218163 0.355089736168023 0.353421997741014 0.351324541991817 0.361457651841317 0.379348894376766 0.391300147447483 0.406685997754374 0.416623524650047 0.430705151599613 0.450911134647213 0.455236686566456 0.466321932166649 0.475258441720693 -9999 0.476997055987355 0.477114614034439 -9999 -9999 -9999 -9999 -9999 -9999 -9999 -9999 -9999 -9999 -9999 -9999 -9999 -9999 -9999 -9999 -9999
0.457109052815958 0.456690632099506 0.456291431585778 0.454636431026502 0.451159493693898 0.444842303130047 0.438964257707524 0.434918810192412 0.430734456090063 0.425764919800783 0.421197774747298 0.417101379607087 0.412119789948633 0.405636971614769 0.397482230663698 0.389478151495074 0.382545002036743 0.371514918139618 0.354778106531236 0.343480740069324 0.345710989436359 0.350123952890912 0.350143039530136 0.352872618621873 0.357114672982346 0.357112008223503 0.352842096745572 0.355815554857069 0.367763647690035 0.384260972643233 0.399843797481022 0.407030015682326 0.41820958697373 0.44071900032034 0.455036793132985 0.463140020846464 0.469655602370173 -9999 0.471440095533873 0.474878852275125 -9999 -9999 -9999 -9999 -9999 -9999 -9999 -9999 -9999 -9999 -9999 -9999 -9999 -9999 -9999 -9999 -9999
0.455478465869116 0.454894095150129 0.454722121096941 0.453103223219645 0.447672979683435 0.439917600510985 0.435203107077148 0.432506337837338 0.42939349327983 0.424731663180716 0.419920802862644 0.416559918625118 0.412177053174325 0.40584878072999 0.396934951848408 0.387228915832267 0.381238581807351 0.371254587131043 0.353343126385915 0.347828656380622 0.354859240032196 0.356362937918458 0.355415587218412 0.354004152255009 0.355562683291289 0.360984972308041 0.360523890941194 0.356625321263871 0.362368986579628 0.375173501745388 0.382692194408681 0.385282951098235 0.399605920277838 0.425558760903522 0.446325492078423 0.453208331775611 -9999 0.467727177671648 0.467831008239817 -9999 -9999 -9999 -9999 -9999 -9999 -9999 -9999 -9999 -9999 -9999 -9999 -9999 -9999 -9999 -9999 -9999 -9999
0.45456853857002 0.454033239411476 0.453251077279281 0.450699024183044 0.443526107237299 0.436560753018235 0.43458924905595 0.432794436837086 0.429590591986874 0.424378284188618 0.419370072825563 0.416098892223342 0.411281912049462 0.405543808909527 0.397928416232367 0.384978196581845 0.373592272568649 0.366713065127389 0.359195262951232 0.357053991671308 0.359058230657355 0.358126910818164 0.355642048623332 0.353227810401404 0.35659926023058 0.361756730190947 0.36521574164324 0.369852840250203 0.369833611730932 0.367664192052428 0.37824341404207 0.391932224876131 0.406811071447144 0.430904090384275 0.444352707102633 -9999 -9999 -9999 0.465856320674662 -9999 -9999 -9999 -9999 -9999 -9999 -9999 -9999 -9999 -9999 -9999 -9999 -9999 -9999 -9999 -9999 -9999 -9999
0.452853364418303 0.452354648397573 0.449820143343416 0.44378218844877 0.438995093716237 0.434862462344941 0.432292773544883 0.430363993886623 0.428094711635573 0.423688926910227 0.41871165167065 0.416555848290836 0.411581449568974 0.403056228182857 0.395231940908642 0.385591920678287 0.375292958949343 0.36577816148325 0.357042390332543 0.357245336082574 0.361528762990798 0.36047826707191 0.357546884957657 0.353885255991193 0.35532593677039 0.359184205448357 0.36188576145513 0.36937014605821 0.365258532527642 0.365821739909485 0.386550946122606 0.40210065288106 0.416435199296871 0.425380008165623 -9999 -9999 -9999 -9999 -9999 -9999 -9999 -9999 -9999 -9999 -9999 -9999 -9999 -9999 -9999 -9999 -9999 -9999 -9999 -9999 -9999 -9999 -9999
0.451526558099735 0.450924906392506 0.449419585207448 0.442712859669899 0.436100415658683 0.433600557675623 0.431434419856428 0.428486331758834 0.426249677664275 0.4226955979886 0.418699307353022 0.416460696118458 0.411532728800295 0.404071313130691 0.3982900659372 0.391338521854385 0.380800909644772 0.37016019014023 0.362514436722192 0.358308226000825 0.359646850394938 0.360617060275134 0.358592057887124 0.356336033893791 0.355973037648868 0.356400354012365 0.358719211930536 0.366344178656855 0.367427812257366 0.367585063053212 0.383653385318881 0.402878595051583 0.416010383763389 0.425035068644989 0.432229593276414 0.437301928221668 -9999 -9999 -9999 -9999 -9999 -9999 -9999 -9999 -9999 -9999 -9999 -9999 -9999 -9999 -9999 -9999 -9999 -9999 -9999 -9999 -9999
0.449087923658839 0.449476187179574 0.449231828613027 0.443308328638367 0.435745529871264 0.43369313877792 0.431190634733267 0.427508168560475 0.425844514488716 0.423018045137001 0.419318286806756 0.416558404276302 0.409755757631607 0.401414902691478 0.396677637795338 0.38900043950978 0.382005491835298 0.375570011375969 0.364934641112848 0.361881619528135 0.362541971521492 0.359405983248911 0.356861375459704 0.353481129597372 0.351450549446663 0.350867064782051 0.351580530330346 0.358165474633297 0.365308965786546 0.372404643494025 0.389227208949898 0.403794997866753 0.412221520983085 0.422146069006589 0.428021961256133 -9999 -9999 -9999 -9999 -9999 -9999 -9999 -9999 -9999 -9999 -9999 -9999 -9999 -9999 -9999 -9999 -9999 -9999 -9999 -9999 -9999 -9999
0.444992061141312 0.445957922208568 0.446735102598002 0.444455808004106 0.438928391572898 0.43412016513214 0.430700579175687 0.427220224251163 0.425252728197545 0.422569452196093 0.419261926173209 0.41644300508975 0.41025999174149 0.402224156401152 0.395422634914405 0.387618673123686 0.378809893271102 0.373499056667058 0.368108762852733 0.363778971050455 0.362205823483245 0.356585453831772 0.351314220871636 0.347501691088051 0.343627553695158 0.341874532162158 0.345593793889883 0.352051292024642 0.361459101331382 0.372567116975063 0.385116660657847 0.396571324692617 0.404829633116666 0.408163835582422 -9999 -9999 -9999 -9999 -9999 -9999 -9999 -9999 -9999 -9999 -9999 -9999 -9999 -9999 -9999 -9999 -9999 -9999 -9999 -9999 -9999 -9999 -9999
0.440754390325768 0.442411403385392 0.444154133911933 0.443982104039075 0.440584315020646 0.434990965002716 0.430786784943446 0.42752982287553 0.424832239775062 0.421954347687351 0.418975888194515 0.416683192180169 0.41007980339658 0.402350330976171 0.396941874472686 0.390018306491701 0.38226364756293 0.377449946249255 0.37257649458092 0.367351173094221 0.361430809107479 0.352547386278443 0.343902495037382 0.335356092002002 0.327726493957685 0.326769355881161 0.336204890030212 0.346080701689266 0.35458527999429 0.367217447273738 0.379177105546356 0.389407087245775 0.397109540314103 0.401332130013986 -9999 -9999 -9999 -9999 -9999 -9999 -9999 -9999 -9999 -9999 -9999 -9999 -9999 -9999 -9999 -9999 -9999 -9999 -9999 -9999 -9999 -9999 -9999
0.439090920122286 0.440495540069148 0.441580590606414 0.442150220727662 0.44066148071205 0.437134745973354 0.433086937089573 0.429411802426111 0.4255018157982 0.421816061584752 0.4192051794448 0.416887522484311 0.410431010690172 0.403171460889033 0.398556093274212 0.390685016921417 0.384398605051899 0.379522713932896 0.371653198965092 0.363884672041126 0.355993814734634 0.347062566180142 0.336411919978677 0.326131784574429 0.315156937819066 0.315656845227395 0.328889162740704 0.341571558638467 0.350422520690549 0.360520656168154 0.373220942322557 0.383797688280718 0.387415968347941 -9999 -9999 -9999 -9999 -9999 -9999 -9999 -9999 -9999 -9999 -9999 -9999 -9999 -9999 -9999 -9999 -9999 -9999 -9999 -9999 -9999 -9999 -9999 -9999
0.4356470024328 0.435726154630775 0.437257508084212 0.43872110003913 0.438469877005445 0.436431068552367 0.433755849397086 0.430952805963547 0.427260652110229 0.422413113131321 0.41955862205109 0.416939687945545 0.409449203330967 0.402494890071356 0.397728493522005 0.391120635769724 0.384442447958227 0.376911308631728 0.367946365287165 0.359642192209665 0.350363160168873 0.338109945952957 0.32571215267122 0.32092383153903 0.319866299233746 0.315709238955698 0.3178118749578 0.327546721989677 0.336966567771266 0.348892370853082 0.36382747690719 0.377904494701072 0.384829531961491 -9999 -9999 -9999 -9999 -9999 -9999 -9999 -9999 -9999 -9999 -9999 -9999 -9999 -9999 -9999 -9999 -9999 -9999 -9999 -9999 -9999 -9999 -9999 -9999
0.432977550076273 0.432904703984103 0.433650284561274 0.434179826027555 0.434515579724804 0.434583938667668 0.432927846459781 0.430858562411172 0.428032486369407 0.42409074111313 0.421807809077166 0.411229104299796 0.407453486056153 0.399624720703889 0.393391752603559 0.385925610110026 0.380332928570271 0.377392851986208 0.369672270405892 0.359826819050449 0.350027452435366 0.336355660981468 0.318987388287447 0.311898400298471 0.312773201378187 0.308474668245419 0.304845650134161 0.308799735900546 0.321013581076884 0.336636211782387 0.355920768352104 0.366887389068327 -9999 -9999 -9999 -9999 -9999 -9999 -9999 -9999 -9999 -9999 -9999 -9999 -9999 -9999 -9999 -9999 -9999 -9999 -9999 -9999 -9999 -9999 -9999 -9999 -9999
0.431077258735505 0.430906354002067 0.431138727128665 0.431355763827825 0.431848408215551 0.432392981468559 0.431931077062039 0.430151261622792 0.42760912221956 0.424117891883976 0.42088535431349 0.415400822283707 0.406032732780967 0.398060417319502 0.392682554557383 0.385802382754946 0.379540135260406 0.37533712552479 0.368928823746588 0.360983638591153 0.350015176999336 0.334163095270615 0.31653158458505 0.307007528025801 0.304386419910778 0.297618166258246 0.288305795787644 0.291563272751612 0.309779127742015 0.329713065721383 0.339773045186501 -9999 -9999 -9999 -9999 -9999 -9999 -9999 -9999 -9999 -9999 -9999 -9999 -9999 -9999 -9999 -9999 -9999 -9999 -9999 -9999 -9999 -9999 -9999 -9999 -9999 -9999
0.428901497896947 0.428467866883902 0.428490644942811 0.428378507087881 0.42809468400443 0.428480778883548 0.428857245283687 0.428226009767733 0.426600844909574 0.42365889552518 0.420762540470864 0.415084841486459 0.405300450912873 0.396782381963172 0.390045486925598 0.382731979447598 0.377719285641506 0.373228109964242 0.367081832150244 0.361072317346883 0.349485655874213 0.33282503000532 0.323453434733494 0.319024112853486 0.307214710980083 0.291836231360534 0.272630177571394 0.276319408747575 0.302524179065735 0.32204763686125 0.332188330148372 -9999 -9999 -9999 -9999 -9999 -9999 -9999 -9999 -9999 -9999 -9999 -9999 -9999 -9999 -9999 -9999 -9999 -9999 -9999 -9999 -9999 -9999 -9999 -9999 -9999 -9999
0.426030695068808 0.426122914043093 0.426453730154428 0.42611705020553 0.426583660955445 0.427215386110644 0.426696241723081 0.425957935591578 0.424875568204524 0.42268419231347 0.420403162158598 0.415294996863932 0.406054632140328 0.398072019068272 0.391734706131413 0.383890367513338 0.380764967203484 0.379196599193004 0.372784545181101 0.366866697109467 0.355925661333269 0.337748772241204 0.325170698859637 0.319757840758285 0.311193552748288 0.301787387137742 0.291884278367762 0.296620593382101 0.310153581936553 -9999 -9999 -9999 -9999 -9999 -9999 -9999 -9999 -9999 -9999 -9999 -9999 -9999 -9999 -9999 -9999 -9999 -9999 -9999 -9999 -9999 -9999 -9999 -9999 -9999 -9999 -9999 -9999
0.425141638150828 0.424947828161235 0.425406822674022 0.425355924214066 0.424979861003527 0.424512056386019 0.424241571504722 0.423941024157906 0.422806320884217 0.421620097297568 0.420123604986631 0.415708886123778 0.409485187129682 0.402703284470018 0.396951671003728 0.392780634979235 0.388519956400678 0.384657216546235 0.376643386011973 0.369343017558888 0.362343018304978 0.348759243847635 0.326729974217096 0.317161997374072 0.319198956419181 0.310951332583517 0.307386573560949 0.314890912465787 0.322233963852645 -9999 -9999 -9999 -9999 -9999 -9999 -9999 -9999 -9999 -9999 -9999 -9999 -9999 -9999 -9999 -9999 -9999 -9999 -9999 -9999 -9999 -9999 -9999 -9999 -9999 -9999 -9999 -9999
0.42341402090447 0.42330373833852 0.423158781144104 0.422980228967084 0.422695081649083 0.422298232370208 0.421699692811748 0.421329674778784 0.42097067995135 0.420337568814069 0.419513523425481 0.419193976752407 -9999 0.407688094828125 0.405104690575253 0.400370648428551 0.395638239884145 0.391695202732516 0.386000751060695 0.37870999933826 0.370741059939794 0.355724372311097 0.337272644643886 0.326788826748101 0.325203193580206 0.330225419880005 0.33353129380452 0.333652879695285 -9999 -9999 -9999 -9999 -9999 -9999 -9999 -9999 -9999 -9999 -9999 -9999 -9999 -9999 -9999 -9999 -9999 -9999 -9999 -9999 -9999 -9999 -9999 -9999 -9999 -9999 -9999 -9999 -9999
0.420959142664742 0.420855875232448 0.421163326586633 0.421441913609787 0.421344559625064 0.421526909417718 0.421482152783135 0.420898543195241 0.420131140180468 0.419521930232923 0.418983692588732 0.417902626811683 -9999 -9999 -9999 -9999 -9999 0.396755837179385 0.39066020473706 0.384350062738246 0.379101276422464 0.363777060342357 0.352547773975021 0.356284008292881 0.355910236597746 0.355284853540366 0.355378029152424 -9999 -9999 -9999 -9999 -9999 -9999 -9999 -9999 -9999 -9999 -9999 -9999 -9999 -9999 -9999 -9999 -9999 -9999 -9999 -9999 -9999 -9999 -9999 -9999 -9999 -9999 -9999 -9999 -9999 -9999
0.418969522084236 0.419214399423643 0.419969576136337 0.420524930368442 0.420632152005757 0.42070237971784 0.42062091717602 0.420319724062292 0.419630283972431 0.419257605916986 0.418790499589345 0.417523011966482 0.416139536553546 0.414818761277682 0.413889989012034 -9999 -9999 -9999 0.392917836499826 0.389318051837432 0.389370162723975 -9999 0.369457147172026 0.369961592476922 0.367061639508785 -9999 -9999 -9999 -9999 -9999 -9999 -9999 -9999 -9999 -9999 -9999 -9999 -9999 -9999 -9999 -9999 -9999 -9999 -9999 -9999 -9999 -9999 -9999 -9999 -9999 -9999 -9999 -9999 -9999 -9999 -9999 -9999
0.41601651261913 0.41693888919065 0.418002229704698 0.418509645217762 0.419021172067986 0.419723922508028 0.420029067172412 0.419948724448842 0.419514171169074 0.418858653153035 0.41831495908391 0.417546372369821 0.416218013522119 0.41495376468099 0.413991364175223 0.413813300722537 -9999 -9999 -9999 -9999 -9999 -9999 -9999 -9999 -9999 -9999 -9999 -9999 -9999 -9999 -9999 -9999 -9999 -9999 -9999 -9999 -9999 -9999 -9999 -9999 -9999 -9999 -9999 -9999 -9999 -9999 -9999 -9999 -9999 -9999 -9999 -9999 -9999 -9999 -9999 -9999 -9999
0.41260057142059 0.413610902864207 0.415106465828086 0.416142950290928 0.417143509517385 0.418481011145948 0.41925879536403 0.419702328826502 0.419745191707504 0.419292007228398 0.418763419663803 0.418489746548551 0.417813840430771 0.416468124556561 0.415187401108812 0.415025289162206 -9999 -9999 -9999 -9999 -9999 -9999 -9999 -9999 -9999 -9999 -9999 -9999 -9999 -9999 -9999 -9999 -9999 -9999 -9999 -9999 -9999 -9999 -9999 -9999 -9999 -9999 -9999 -9999 -9999 -9999 -9999 -9999 -9999 -9999 -9999 -9999 -9999 -9999 -9999 -9999 -9999
