layers/veg_krg_sqold/veg2000.asc
NCOLS 255 
NROWS 330 
XLLCORNER -2985163.8955 
YLLCORNER -3022031.214 
CELLSIZE 25000 
NODATA_value -9999 
[rows 25 to 49 of 330, columns 112 to 167 of 255]
0.525138684483421 0.527559731152371 0.530271077716123 0.531841448561827 -9999 -9999 -9999 -9999 -9999 -9999 -9999 -9999 -9999 -9999 -9999 -9999 -9999 -9999 -9999 -9999 -9999 -9999 -9999 -9999 -9999 -9999 -9999 -9999 -9999 -9999 -9999 -9999 -9999 -9999 -9999 -9999 -9999 -9999 -9999 -9999 -9999 -9999 -9999 -9999 -9999 -9999 -9999 -9999 -9999 -9999 -9999 -9999 -9999 -9999 -9999 -9999
0.520179432443769 0.523287447890346 0.525551652434477 0.529055183621417 0.532592036283735 0.535448223137293 0.540100324449917 -9999 -9999 -9999 -9999 -9999 -9999 -9999 -9999 -9999 -9999 -9999 -9999 -9999 -9999 -9999 -9999 -9999 -9999 -9999 -9999 -9999 -9999 -9999 -9999 -9999 -9999 -9999 -9999 -9999 -9999 -9999 -9999 -9999 -9999 -9999 -9999 -9999 -9999 -9999 -9999 -9999 -9999 -9999 -9999 -9999 -9999 -9999 -9999 -9999
0.509003169586872 0.512969053501491 0.520059775381252 0.525727124867979 0.530748801712503 0.53527079786818 0.539941756093874 0.545101178989138 0.550159086317923 -9999 -9999 -9999 -9999 -9999 -9999 -9999 -9999 -9999 -9999 -9999 -9999 -9999 -9999 -9999 -9999 -9999 -9999 -9999 -9999 -9999 -9999 -9999 -9999 -9999 -9999 -9999 -9999 -9999 -9999 -9999 -9999 -9999 -9999 -9999 -9999 -9999 -9999 -9999 -9999 -9999 -9999 -9999 -9999 -9999 -9999 -9999
0.49082572011709 0.511936354711634 0.517308173440456 0.521742795176547 0.527683565651046 0.532737163705518 0.537745299253146 0.543929457960624 0.54989288300312 0.553514397096724 0.556656893805658 -9999 -9999 -9999 -9999 -9999 -9999 -9999 -9999 -9999 -9999 -9999 -9999 -9999 -9999 -9999 -9999 -9999 -9999 -9999 -9999 -9999 -9999 -9999 -9999 -9999 -9999 -9999 -9999 -9999 -9999 -9999 -9999 -9999 -9999 -9999 -9999 -9999 -9999 -9999 -9999 -9999 -9999 -9999 -9999 -9999
0.488252924572178 0.499901745945888 0.504220700789482 0.511157877539168 0.518762883029807 0.524290316960268 0.530978464074615 0.540079413035962 0.547022641311254 0.551655363606866 0.556622547590358 0.56266159363725 0.569030710262011 -9999 -9999 -9999 -9999 -9999 -9999 -9999 -9999 -9999 -9999 -9999 -9999 -9999 -9999 -9999 -9999 -9999 -9999 -9999 -9999 -9999 -9999 -9999 -9999 -9999 -9999 -9999 -9999 -9999 -9999 -9999 -9999 -9999 -9999 -9999 -9999 -9999 -9999 -9999 -9999 -9999 -9999 -9999
0.458893224774073 0.481277759019331 0.493156737774639 0.499607836892267 0.508092408962248 0.516877760407093 0.525544140702046 0.536057592691816 0.544424497041043 0.550236346653421 0.55606299277781 0.562623062735015 0.568824115154573 0.574060347450032 -9999 -9999 -9999 -9999 -9999 -9999 -9999 -9999 -9999 -9999 -9999 -9999 -9999 -9999 -9999 -9999 -9999 -9999 -9999 -9999 -9999 -9999 -9999 -9999 -9999 -9999 -9999 -9999 -9999 -9999 -9999 -9999 -9999 -9999 -9999 -9999 -9999 -9999 -9999 -9999 -9999 -9999
0.461741420565345 0.476981823340056 0.483845228829102 0.491691357611297 0.501934485315586 0.513409181793294 0.523186793440369 0.533263449902902 0.541992026610527 0.546982318665829 0.553328565602201 0.560509763677641 0.566725496088973 0.573145266168669 0.576949525390983 -9999 -9999 -9999 -9999 -9999 -9999 -9999 -9999 -9999 -9999 -9999 -9999 -9999 -9999 -9999 -9999 -9999 -9999 -9999 -9999 -9999 -9999 -9999 -9999 -9999 -9999 -9999 -9999 -9999 -9999 -9999 -9999 -9999 -9999 -9999 -9999 -9999 -9999 -9999 -9999 -9999
0.469380122878917 0.476027954127351 0.482095941472761 0.486644177273414 0.495777565013169 0.507159078277412 0.516582672814131 0.527650432966528 0.536681759442388 0.542213443922197 0.547463271907354 0.556972218086671 0.565917273418978 0.573249324387023 0.578132600849588 -9999 -9999 -9999 -9999 -9999 -9999 -9999 -9999 -9999 -9999 -9999 -9999 -9999 -9999 -9999 -9999 -9999 -9999 -9999 -9999 -9999 -9999 -9999 -9999 -9999 -9999 -9999 -9999 -9999 -9999 -9999 -9999 -9999 -9999 -9999 -9999 -9999 -9999 -9999 -9999 -9999
0.465220880846451 0.474179763664773 0.481536943962563 0.487936427473031 0.497036618026046 0.506944995089196 0.514041133915929 0.522743304717424 0.532240986118172 0.538909668158114 0.544119573511672 0.554266586034342 0.56384770438264 0.571299505992054 0.58267234345496 0.591226162656701 -9999 -9999 -9999 -9999 -9999 -9999 -9999 -9999 -9999 -9999 -9999 -9999 -9999 -9999 -9999 -9999 -9999 -9999 -9999 -9999 -9999 -9999 -9999 -9999 -9999 -9999 -9999 -9999 -9999 -9999 -9999 -9999 -9999 -9999 -9999 -9999 -9999 -9999 -9999 -9999
0.463297121840684 0.470117924622944 0.47422670581937 0.481662210037754 0.493171713229405 0.503773809647772 0.515023919457672 0.523161408597751 0.532106084710573 0.541107379720346 0.546820666571797 0.55580583714411 0.56440678090265 0.571216193513915 0.581558595588492 0.591191414992698 0.597296501780848 0.604813191618035 -9999 -9999 -9999 -9999 -9999 -9999 -9999 -9999 -9999 -9999 -9999 -9999 -9999 -9999 -9999 -9999 -9999 -9999 -9999 -9999 -9999 -9999 -9999 -9999 -9999 -9999 -9999 -9999 -9999 -9999 -9999 -9999 -9999 -9999 -9999 -9999 -9999 -9999
0.455904708601095 0.450434111216509 0.430535698998558 0.432453732118705 0.468882742558356 0.498718703556804 0.512170062547294 0.522536050729257 0.533266712327197 0.540056804857506 0.547361979619364 0.557457873637369 0.563741648482664 0.571743612239992 0.583235061265364 0.59085132368605 0.598007793070273 0.604925595781541 0.611446090471964 0.616343817781428 -9999 -9999 -9999 -9999 -9999 -9999 -9999 -9999 -9999 -9999 -9999 -9999 -9999 -9999 -9999 -9999 -9999 -9999 -9999 -9999 -9999 -9999 -9999 -9999 -9999 -9999 -9999 -9999 -9999 -9999 -9999 -9999 -9999 -9999 -9999 -9999
0.449055254649993 0.421404413421222 0.39263646495446 0.405221714660698 0.442009289932836 0.489531873753935 0.517279698570418 0.527222209454443 0.534739448793795 0.541275474498087 0.548628179192674 0.559041235871846 0.567741967667006 0.576200289852312 0.584078327166461 0.590925733598342 0.598450388125956 0.606125726826448 0.61222742642691 0.616526847976472 0.619426001100873 -9999 -9999 -9999 -9999 -9999 -9999 -9999 -9999 -9999 -9999 -9999 -9999 -9999 -9999 -9999 -9999 -9999 -9999 -9999 -9999 -9999 -9999 -9999 -9999 -9999 -9999 -9999 -9999 -9999 -9999 -9999 -9999 -9999 -9999 -9999
0.427613917501723 0.399203344787803 0.378467497480585 0.399076055116624 0.429741890346027 0.463130014166326 0.504553686934063 0.524407424187667 0.529824390910616 0.539626377457352 0.549217910427598 0.560987147838143 0.569856792119228 0.576742001257962 0.584874233082862 0.591716933426424 0.598909635163316 0.607278781044503 0.613899841097293 0.618634459422707 0.626576632096985 0.633401883049111 0.637598842977004 0.643312394873601 0.648560566887033 0.653497476436593 0.659002336955709 0.664081676661134 0.669104683842594 0.67501143652853 0.680652774652508 0.685093770485322 0.69048729409544 0.696231718751332 0.700163972957221 -9999 -9999 -9999 -9999 -9999 -9999 -9999 -9999 -9999 -9999 -9999 -9999 -9999 -9999 -9999 -9999 -9999 -9999 -9999 -9999 -9999
0.320688493243067 0.353154593992408 0.382834389815978 0.409816638583263 0.446660995139157 0.464905825334317 0.471747605584151 0.499518992863911 0.531045863834216 0.545584297774507 0.557003495671182 0.565407199298803 0.571616334360305 0.579866995407607 0.589689269524002 0.595358895898792 0.601223641913349 0.609983574968806 0.616710462347045 0.621761947526427 0.628316014699166 0.633517229274758 0.637789584880873 0.643525983301846 0.648804561347583 0.653735228590436 0.659210523763693 0.664235786594602 0.669253004696004 0.675209010511538 0.680842848653998 0.68537764543913 0.690814014594688 0.696512598020549 0.700556629831584 0.707191064301763 0.715521617244692 -9999 -9999 -9999 -9999 -9999 -9999 -9999 -9999 -9999 -9999 -9999 -9999 -9999 -9999 -9999 -9999 -9999 -9999 -9999
0.325028220764996 0.34962154968365 0.371921842859035 0.424935357785184 0.464216453506143 0.466640188787581 0.457964270899326 0.477450020806512 0.520451000837828 0.54854272067034 0.561972824937087 0.571015633166415 0.577501445742466 0.585026822226345 0.593878421499379 0.599246699038136 0.603892848814213 0.611907568718117 0.617568173052865 0.623363523398773 0.629987431854047 0.634903731654221 0.639832060848358 0.645857131575404 0.651437821249957 0.656320490996644 0.661530704286206 0.666021871235242 0.670960049380858 0.67739950526307 0.682949701743216 0.688408260423051 0.694299496292429 0.699494609564336 0.704629972162857 0.710749387284031 0.715708499653348 0.721800091249691 -9999 -9999 -9999 -9999 -9999 -9999 -9999 -9999 -9999 -9999 -9999 -9999 -9999 -9999 -9999 -9999 -9999 -9999
0.35231849638389 0.363966476119078 0.368650497547859 0.411049630238987 0.458520413584857 0.470488347162099 0.458039025100048 0.468002031586854 0.499679009365334 0.523320325181847 0.549959566774285 0.571597240865534 0.582457964338219 0.589236195928361 0.594490394520102 0.599750922813568 0.606415736520907 0.613329461358562 0.618675836380728 0.624558003379412 0.632174620191973 0.637310920890095 0.641366361479966 0.648035091571016 0.653617031095103 0.658612973690288 0.664214718669428 0.668541338766099 0.673275505537632 0.679869984913157 0.68542408789898 0.691010024625494 0.697059904073926 0.701860179936428 0.70692335507631 0.713518273247395 0.717870829617736 0.722746597669579 0.731709531502265 0.739758415532978 0.74566705621875 -9999 -9999 -9999 -9999 -9999 -9999 -9999 -9999 -9999 -9999 -9999 -9999 -9999 -9999 -9999
0.400520617386343 0.399051395408718 0.405051807016776 0.393568613905978 0.411036693243746 0.43486687927699 0.43001991251204 0.4668243087517 0.495798395110889 0.512868316877381 0.527701798006355 0.554003523707385 0.584963442987977 0.593477092920538 0.597869186658813 0.604773163646366 0.609475025430694 0.61481240131737 0.620493525225247 0.626763152206935 0.633158840036857 0.636993215324931 0.640982808380918 0.64761256174821 0.653184234654147 0.658143218351543 0.664979784113772 0.667919337851618 0.672485033695661 0.680531568654663 0.687534564248572 0.694474090534029 0.699094459699095 0.705178161214402 0.710199520051675 0.715583708686646 0.721911791059415 0.72796197747445 0.734729896192498 0.740321497958597 0.746176172294066 0.755429203172909 -9999 -9999 -9999 -9999 -9999 -9999 -9999 -9999 -9999 -9999 -9999 -9999 -9999 -9999
0.437837148690463 0.431257032227809 0.428681198998862 0.432144959570568 0.451867617190994 0.462812094333571 0.458147489973902 0.472478429938914 0.489126574361883 0.494292602171933 0.520649792908136 0.568792587248666 0.591440295256446 0.59775585461128 0.598496763009161 0.60310251978961 0.612760593808827 0.617565097572878 0.621854224394417 0.625606061182777 0.630746706880881 0.636916564835498 0.639858708948674 0.645241958192327 0.653667463023292 0.660084618725803 0.666334378100318 0.670975785435344 0.673179860878299 0.67862115990156 0.690016156001742 0.696125520209495 0.701876072476698 0.709334045530384 0.709820921940051 0.717924678540971 0.730880544116943 0.73574393948955 0.740555579128014 0.746442288964416 0.752001658450824 0.757921205082042 0.764864837111279 0.765927670383361 -9999 -9999 -9999 -9999 -9999 -9999 -9999 -9999 -9999 -9999 -9999 -9999
0.448151103567845 0.449636493987139 0.446679085289484 0.445975485547373 0.47231153218852 0.488343184815853 0.500112234773104 0.511436234220917 0.515217982097847 0.52170822241821 0.548093032699915 0.583233803895331 0.597337469550838 0.601068331630531 0.596392178557742 0.59927197785371 0.614147293712647 0.61966744964578 0.623398867356284 0.625248789825544 0.62740444414131 0.625674197124631 0.621886556426545 0.637666762987653 0.655932372247066 0.66007859712781 0.663826651167109 0.666947064290394 0.674101464559681 0.685724703895531 0.694226170976341 0.700083533433279 0.704932205647586 0.707019288526077 0.708613997163435 0.719789628251697 0.732250032072818 0.73932207721951 0.745268813419582 0.752566159434498 0.760463862161999 0.76502748406801 0.766644169857155 0.766305328792478 0.767085733113998 0.769299196224128 -9999 -9999 -9999 -9999 -9999 -9999 -9999 -9999 -9999 -9999
0.504883678317947 0.516874905540485 0.520069617932447 0.523220918232481 0.533665736305267 0.537577551158092 0.534240868582959 0.539750607053315 0.543671093997608 0.533721001097679 0.547379871118678 0.583481720887909 0.603127517743372 0.604322856120667 0.606598985463211 0.61258720331429 0.617290988395318 0.622672713538706 0.625970433235828 0.628311512382343 0.625890841125539 0.622734076540881 0.631756208787632 0.647038196856881 0.655855465161899 0.658259115381172 0.66350706647172 0.669872573751689 0.678066997083836 0.688789913938686 0.69451010828369 0.697144909183746 0.706268198602804 0.716897048666453 0.722573056680966 0.730110824793791 0.738557251792621 0.74531781020718 0.751782940415455 0.758246127579102 0.766439964586361 0.774999217023351 0.775569525994792 0.771211924399165 0.770258607910804 0.769611593079081 0.764050780922434 -9999 -9999 -9999 -9999 -9999 -9999 -9999 -9999 -9999
0.563132616777089 0.579914538111915 0.58433301479187 0.585094501088513 0.587173898683836 0.581153498981702 0.56608398588223 0.567287741092654 0.579746357331181 0.57646576905879 0.568765525337488 0.585613925976107 0.608980261558002 0.609923485705819 0.613515832110979 0.616983121930504 0.620564187209908 0.625578756429267 0.629102583121919 0.629127047559794 0.627159070672273 0.62430436132965 0.633044353418082 0.650945609400351 0.65600783638777 0.65488770655982 0.659922730363814 0.671764984125324 0.680768776151516 0.691074310012997 0.692795920128322 0.690179712257123 0.702030220239112 0.719846734102682 0.726811350696589 0.734751639845099 0.741164272857216 0.747645730879877 0.754441265882968 0.760145686649069 0.771909331190755 0.783524594139697 0.787307779617354 0.782996524114066 0.776790314715897 0.772427397177412 0.765866913119512 0.758644681357389 -9999 -9999 -9999 -9999 -9999 -9999 -9999 -9999
0.588146701103121 0.59376336507568 0.595548098779428 0.596091142768017 0.596941677649907 0.59587055135485 0.57818400782358 0.575649973158063 0.599054062674702 0.602764678973329 0.599664974472808 0.603604142990951 0.612360305596357 0.614376886351302 0.617603084745776 0.619763769853132 0.623001207373073 0.627866844496248 0.63046133631816 0.630957345492315 0.623986879560831 0.625231224687599 0.636707583959694 0.645325717405531 0.653390738213519 0.655698570134794 0.665799081123499 0.675912053880343 0.683122742745807 0.687156042736977 0.693297749607945 0.70433052611535 0.714439352391285 0.72353402574274 0.726664436496283 0.730742727526853 0.738453680478132 0.746528974986217 0.753393122623589 0.759288686374013 0.774412947124527 0.783718815499315 0.786621974323122 0.784033334485594 0.776652441572875 0.770206364864505 0.765864197677483 0.76021063557359 0.757588994062272 -9999 -9999 -9999 -9999 -9999 -9999 -9999
0.599136206546894 0.603807743098566 0.604753981213767 0.60539463375192 0.606376740410752 0.606601402564866 0.607127592122063 0.609031705595904 0.610271572606492 0.610540193665152 0.611679112837483 0.612899054478984 0.61527376275197 0.617564821022604 0.620180358759713 0.624031469843241 0.626382778913669 0.631396189731662 0.632918244483135 0.630627734337885 0.630768635936495 0.630260715908154 0.630983502031828 0.635310984692756 0.637916243736455 0.645503373646618 0.662885909080685 0.676449093945712 0.681422879176631 0.686980523242301 0.694023850814784 0.703768063894918 0.714260010544455 0.721419744813822 0.726079090023131 0.733504381759268 0.742562257688373 0.749637121792007 0.756158324697281 0.761577075035817 0.77204794792635 0.784020044752461 0.784832056984727 0.780236356782668 0.775787627889102 0.774025540654286 0.771406165798305 0.764827499395269 0.758331665811114 -9999 -9999 -9999 -9999 -9999 -9999 -9999
0.608248033095076 0.611118907415744 0.612406823860159 0.612930528513454 0.613871121362024 0.614677789316473 0.614675901336394 0.613980866566748 0.607824747275157 0.596399153321549 0.594053774927004 0.601132487381772 0.611333479447653 0.620988238370206 0.62373985624919 0.627041832207367 0.629595628648829 0.630719109375084 0.634302407410181 0.636715501427947 0.637842890733681 0.638205697695795 0.640190976899498 0.644568706597203 0.648458072503944 0.658028894639541 0.668171530648823 0.674913102232885 0.68051713491068 0.688489485858504 0.697061353619314 0.704621309086404 0.712574985001805 0.720864396792244 0.726689021057424 0.733456713014952 0.738861441591597 0.737018881963897 0.743262237815831 0.760666521025592 0.773603530380195 0.779984176108309 0.77904500135084 0.777684387266098 0.774458002484704 0.771277503614779 0.768588219718067 0.764299843592216 0.759595323102611 0.756834302408751 -9999 -9999 -9999 -9999 -9999 -9999
0.610880591421907 0.613151472872048 0.613732735592786 0.615805442521631 0.618577254113586 0.618709843615494 0.617694308903987 0.60475846627559 0.580770127203009 0.566190954441303 0.572094399425223 0.591622202465557 0.609589664384616 0.621239101848755 0.617782517356876 0.618450648190058 0.622366274529574 0.625301029540564 0.63004784993758 0.635194725243454 0.640109641618229 0.640862978615147 0.641714018207573 0.63869297026788 0.638683009417116 0.650660156696919 0.663790621029389 0.676078275354717 0.682062905926396 0.68982076270249 0.696408924156522 0.701470800505378 0.710327373504331 0.719216614812117 0.725403226248449 0.735039996136275 0.744946181643763 0.752312928576701 0.759022357615999 0.761906411976358 0.768852016541254 0.777404710924755 0.777588636209148 0.77681394638479 0.773116933862984 0.768447044760994 0.765955593414997 0.764478878219926 0.760706209323155 0.758162277147147 -9999 -9999 -9999 -9999 -9999 -9999
