layers/veg_krg_sqold/veg2900.asc
NCOLS 255 
NROWS 330 
XLLCORNER -2985163.8955 
YLLCORNER -3022031.214 
CELLSIZE 25000 
NODATA_value -9999 
[rows 125 to 149 of 330, columns 57 to 113 of 255]
0.0751566717752655 0.113340681725508 0.153741323125136 0.14329916639905 0.214037029620317 0.282005334236021 0.318093751192648 0.32511952447722 0.271216778169748 0.267887318587937 0.230136654343886 0.207384078715688 0.211242918423683 0.212134162411502 0.16311306227432 0.115051154496689 0.157634541881989 0.228267072992045 0.338430230556614 0.496893269400806 0.561215083280646 0.620654119922483 0.650631120077346 0.675982632576025 0.713150591465032 0.735016305728114 0.733448467470649 0.726676317747254 0.735277715420681 0.723484046685021 0.708284110019294 0.68738423173225 0.660740351329662 0.637684053587625 0.615445476537679 0.589262948510626 0.568348240317508 0.550056487529728 0.529607433085295 0.513636521540261 0.499019224738362 0.482277281006664 0.469093008042956 0.456489409830719 0.442059653280253 0.43152000628538 0.423956617014365 0.417727202253791 0.415242160296694 0.41513330399977 0.415958399636283 0.416448532977204 0.416087690881261 0.416031298517156 0.419085258336333 0.421539423835119 0.415499228961772
0.115269617592991 0.120327846353977 0.150092977470795 0.180826250989199 0.213621799129857 0.226642235086696 0.196421835111789 0.209800172450912 0.187711894968685 0.151355557919311 0.186057823706884 0.214883177231022 0.225211894422572 0.191550131326972 0.145839633336171 0.0925182742654617 0.0632662667569887 0.083269538442821 0.139408457348848 0.180537124156884 0.238929497194295 0.361479658925215 0.473920460098937 0.547176749708525 0.610222438096556 0.647771247787384 0.655474505383004 0.679017641086409 0.696479751528451 0.715129681665444 0.712848759244038 0.692441872016707 0.665192625858678 0.641711798317527 0.619561322764115 0.593594620316981 0.572684568979215 0.554191092350665 0.533008074542999 0.516161897764269 0.500969718590949 0.483422963229738 0.469304224018638 0.455869122870085 0.440209366244991 0.42957282037394 0.422054698118267 0.412064743114217 0.405092578751116 0.403784421054294 0.40462774758631 0.404945209795679 0.404238902076741 0.401613903675848 0.39787192936183 0.396286765504006 0.392252019530307
0.101262722995854 0.105860516297169 0.122452760143867 0.130258070759454 0.173395724287649 0.172071193256198 0.131569456736766 0.160094611888569 0.154391106872937 0.163382131145603 0.192338054488092 0.154074891158433 0.186201371158779 0.168965237089661 0.140114719449282 0.112989628316065 0.0872356761349213 0.0685169228342552 0.0936763824998828 0.123553465622644 0.152823914876664 0.182436452868869 0.278273583018222 0.434248676585599 0.517277975933082 0.57800875402001 0.63152037022911 0.632610900395697 0.650202603723486 0.706582652089671 0.709021777897055 0.691340693366113 0.666249988351907 0.643410859376633 0.621365665628708 0.595470245722151 0.574748103763622 0.556630488372371 0.535146258592983 0.518031802190577 0.502755348684672 0.484524217800341 0.469663082073014 0.455648184986454 0.439206965983691 0.427820080087425 0.41949598829583 0.408414253935491 0.398834186263356 0.394386748855077 0.393592080383505 0.393545701352858 0.392340420704233 0.390085839013455 0.38611645832555 0.379387234514027 0.372005261018792
0.16495062227746 0.10695355237572 0.10256114574071 0.10008927277894 0.116603080251204 0.160496924115577 0.182396129334257 0.170215881878855 0.161644258465113 0.156624455506249 0.143961205019984 0.132189868046377 0.143391283491494 0.130646191276492 0.147535047198322 0.159615176359544 0.115748853415656 0.0999668087052455 0.113713020356942 0.138415315261924 0.155631339760172 0.153591666799847 0.210428506165229 0.311337764910076 0.375368895250685 0.456375657792861 0.542416155538747 0.544680355097769 0.579024315201038 0.680368549113003 0.689429605287552 0.669723507821402 0.657060301965808 0.640639100967238 0.620025511060267 0.594703884838314 0.573990795453553 0.556438997323903 0.536196689143128 0.519352908101516 0.503599661752827 0.484969937481775 0.469662832313276 0.455072949183326 0.43809505074572 0.425834796989801 0.415779829714136 0.404188381097491 0.388856691017359 0.380335130534503 0.384147380640931 0.383318861515369 0.381796388871875 0.380484846909964 0.376736068245091 0.370091076038029 0.365651055476387
0.241892274691158 0.145683006565519 0.11445877896649 0.112083607362498 0.127850211660356 0.135720412547851 0.129348368789962 0.130896889934923 0.100915446359773 0.0701472209938168 0.0751893450601697 0.111537982614609 0.144101658722026 0.121592933535285 0.128073905725954 0.142914618122857 0.107577096897571 0.106589501653521 0.142581817926678 0.139912745818295 0.134302685799201 0.125145748119615 0.129423649622775 0.137462205514478 0.178419823546886 0.349655868754734 0.506863565203667 0.527793420487956 0.550841361867557 0.631986849810731 0.679805261401938 0.658184317861938 0.637970315054437 0.632655800841647 0.615434566773971 0.592230366555343 0.573475413480946 0.556649973922316 0.536344284410105 0.519698097806835 0.504066835821172 0.485259058216543 0.469521045204432 0.454633661158607 0.43676922162428 0.422375789458695 0.410415943750615 0.39642678331145 0.379945948317771 0.37084642989766 0.372569009430153 0.372581311054717 0.371479476093329 0.370159568459427 0.369077037426024 0.364993006389709 0.364120227192232
0.412449139685363 0.256889016469134 0.143604661404537 0.120726468236555 0.0881703187590575 0.0761037958792328 0.0744839917721994 0.0632449960053587 0.0367703842598219 0.023393608965738 0.0356983924015934 0.0623029633085219 0.086492423683623 0.0996751946753804 0.131944099069074 0.144993568091546 0.120738347873657 0.127523757777282 0.150383564471701 0.150873891128499 0.14505323199785 0.142926151495156 0.139499829394689 0.0979252270113054 0.077321130556954 0.164997023724313 0.405940565313708 0.549514780334261 0.554471254372592 0.573150315079576 0.608859498793914 0.62139464290753 0.625822820927823 0.619469845387067 0.607504332325364 0.587904161183798 0.57135655257676 0.55521956700258 0.536126120026136 0.520031945478936 0.50449892293735 0.485469098068686 0.469676178177001 0.454552465871676 0.435728094951781 0.419741838854775 0.405633869233988 0.38981768746709 0.377408217161768 0.36785912358926 0.362548960201963 0.362652383879285 0.362075503262033 0.362115646997534 0.364232184539519 0.362025037416164 0.360790183189226
0.486416862275706 0.317670358323897 0.165742533533823 0.154017472692851 0.122860874950316 0.0868201474523936 0.0839259860115305 0.0784264749054726 0.0387569101567717 0.0211991844646226 0.0336373016895153 0.0315866469640296 0.0501577819247648 0.0725271186705573 0.110008815605528 0.134633282067148 0.117051865518212 0.118607512992498 0.143850160047397 0.148602734427702 0.137896465503907 0.140601347160482 0.13543962822235 0.0962697761804621 0.085168853138894 0.143752428550821 0.354997381586261 0.531537310025045 0.5484608220703 0.579375747352054 0.604273369496849 0.587292083401024 0.601876134602328 0.60185177428095 0.597398505241595 0.582841094187284 0.568667347433133 0.553471199344543 0.53537529790523 0.520137706930842 0.504558034893182 0.485657191097527 0.46975586527531 0.454395257805213 0.435150624259933 0.418662217761189 0.403075236122169 0.385432193359545 0.371508042178127 0.359603447587997 0.353090480911462 0.355430673655431 0.357586550506198 0.35860458605665 0.360143522661048 0.359462235953166 0.361334555202286
0.536777827340959 0.42385240220207 0.311709025818271 0.259542624493474 0.213273427463972 0.160540651590507 0.117830203969264 0.0952891647956432 0.0760883253400312 0.0641723633689058 0.0411891796766059 0.0341345725757146 0.0306963437492169 0.0412172209199131 0.0599582176875956 0.0635478622195621 0.0471857955543394 0.0432708187631245 0.0543074125595157 0.108306814308774 0.154151619511255 0.154194740061839 0.139062030370037 0.115023533408591 0.0926676940249016 0.149130209683671 0.31071721541631 0.447727063581407 0.51406377703407 0.553455664655214 0.568610453721168 0.567076792954143 0.550832691306999 0.541790587678663 0.566276971248264 0.569683424300044 0.560985529397433 0.549253721142997 0.533009041126956 0.518792416222869 0.503810003779429 0.48542949374597 0.46988941526352 0.454264983552889 0.435139411852772 0.418849565004542 0.401988769447456 0.380516009984473 0.363043353564453 0.353241869807117 0.347270405552645 0.343998099749713 0.346101817481056 0.350632337281994 0.350820483156451 0.352038395995689 0.356724375235103
0.533582297690583 0.473291992345098 0.38830662057707 0.338368858329172 0.302102375133515 0.232005013186968 0.165301569230426 0.178700530650091 0.187679293570887 0.0903258296708633 0.0289354800920753 0.0435304839277716 0.0415934188217993 0.0488301982739767 0.0617074545001523 0.0767058835819574 0.0425500445702979 0.0253192293471125 0.0302281560725057 0.0801828878658033 0.133706081743251 0.139774555863858 0.14418231889408 0.135293452022622 0.115831450440124 0.189118213449693 0.273171989353532 0.275682183784758 0.390106538244045 0.505557401252125 0.525289040708883 0.525502448632368 0.516213865067556 0.490439378651886 0.513453758128134 0.55320635720233 0.553104507854008 0.545404171524793 0.531209343344164 0.518139932146668 0.503774845322318 0.486229138391509 0.470827394550063 0.454622860889786 0.43580596967253 0.420213111872297 0.403875341801226 0.382772157190492 0.365928473910714 0.356598620995547 0.34871024428561 0.338884691162381 0.337053858054023 0.346110446789009 0.351347833803419 0.352232548690236 0.357093303838052
0.575189931052748 0.522239985905774 0.474532899615372 0.416137104659469 0.283377087917801 0.197831410282316 0.159594344952782 0.187058160644735 0.218126555337409 0.105385764433588 0.0368460958051803 0.0986532413506578 0.152572945225433 0.10049461381679 0.0580329807163943 0.0481586157435482 0.0365433382680717 0.0555305522105407 0.0656066974923967 0.0894040319537776 0.122765506930384 0.138193749840571 0.138426900013057 0.137844045601803 0.136397456138656 0.146394880073277 0.136867685166532 0.153760533627661 0.288413475651014 0.429190400891058 0.480847963933753 0.479407838811809 0.48218417648054 0.500558310237937 0.500881042665087 0.51323029875972 0.547490214330201 0.542692936516118 0.529793510809699 0.517110125195168 0.503639316709513 0.486788232784153 0.471713079247379 0.456559971633939 0.438001103283575 0.422143225519498 0.40713190477664 0.389428722247767 0.375533010695577 0.364241891852501 0.352900814808897 0.338450353088314 0.332144999372192 0.341838507817681 0.348549948046501 0.35302461780544 0.357453667840822
-9999 0.566104441944438 0.501091955940859 0.425838133434735 0.359140639100897 0.274787202413565 0.24317452178593 0.296988183662222 0.321564197024457 0.186758983509505 0.138960413731241 0.246617187917435 0.206633772461895 0.0972559174742314 0.0586449426211392 0.0408405038595177 0.0426184555070107 0.0402127966688118 0.0575063770814966 0.0732395555585348 0.0948199904683285 0.12102934915656 0.12662782430977 0.131638824484349 0.133703203424551 0.129307159216197 0.0826196758834225 0.0265378804698048 0.115115603666976 0.316799684452405 0.422221990272808 0.423550367566865 0.42944290137978 0.451900696726216 0.456044918998016 0.471171745292672 0.5169896341488 0.534649093339437 0.526025712185498 0.515645176698011 0.503900618090471 0.488094984398792 0.473977906578781 0.46024889724112 0.442676426968625 0.428208057622705 0.415238945960324 0.400150006013913 0.388729131770547 0.375612579540227 0.354658360390883 0.340662380002933 0.337938793707501 0.340561673055828 0.349148083794309 0.354027940189944 0.358213992390315
-9999 -9999 -9999 -9999 0.541299470149424 0.428417144777289 0.381829689556473 0.427449405588112 0.420480253356924 0.337713621196279 0.347136771392968 0.333525427143637 0.218592137072272 0.17362859913342 0.118364099444685 0.070496395097407 0.0597391861359054 0.0344578262891417 0.0537452498530258 0.0744017025693395 0.0676366728378284 0.103023641743804 0.111953984836403 0.118275946820076 0.1243863101123 0.126220995758125 0.124587069406348 0.110086764563593 0.0756340218982471 0.176129841054332 0.353533104728198 0.367502066999359 0.329762002146524 0.327157462107531 0.362220310457345 0.381018842862302 0.419149899976084 0.488927776713406 0.514810133699769 0.514127137524561 0.50333265036077 0.488243239211589 0.474784500374406 0.46234011535377 0.446365330913556 0.43356571071588 0.422695823190704 0.409993418037472 0.400189800576557 0.392796831457339 0.384959168411091 0.375388287068598 0.360389000100796 0.344067321397668 0.344237038832414 0.356220221961539 0.359649766779467
-9999 -9999 -9999 -9999 -9999 0.454922150255838 0.416253035183335 0.419204507298845 0.389404277637967 0.368276185818451 0.410974434692749 0.412519946751667 0.354581583099423 0.275568412537289 0.149864632118671 0.0639170305155193 0.0615871727532495 0.0295273177418187 0.0296840710390783 0.0427753431424712 0.0423745495199072 0.0615826115318852 0.0864481975403794 0.0973391411598677 0.0957435988652753 0.108145308974102 0.119554413603092 0.112285439629854 0.0822444605847465 0.117088142429414 0.239960612620405 0.305391446881062 0.284306108514136 0.250151163165268 0.314276037862833 0.355988716851517 0.377432745209058 0.435606019435248 0.488771196404106 0.510402292309464 0.503458913067645 0.489282609048284 0.476946569615843 0.465434215763197 0.450286780257435 0.438198754701862 0.42825671932138 0.416712400754959 0.407679309511672 0.40125440970007 0.39478934817812 0.389103293308301 0.376604179241314 0.358990990608641 0.356392363303391 0.362067192268084 0.359711003525687
-9999 -9999 -9999 -9999 -9999 -9999 -9999 0.568520397454245 0.533763126071032 0.491312698739108 0.48612605661836 0.478525782243974 0.450623585408643 0.41291560805828 0.326744450626183 0.211852445929744 0.123801242804233 0.0998529982929015 0.0886012173854712 0.0356530692582729 0.012014081536571 0.0146311876524545 0.0403648187489801 0.067998507289351 0.0877412504227588 0.115081978503308 0.0992414942578352 0.0923404388482422 0.114853543766227 0.139797272286208 0.168528635491562 0.200646849825349 0.256903690339046 0.251246306905474 0.208830143634365 0.210695966608918 0.25104571291663 0.316539709567941 0.384473661227743 0.474268360244196 0.497962689005308 0.489985637317866 0.480134410506428 0.469317074008737 0.455107932408696 0.443162991442799 0.433488625459727 0.423901222378163 0.416914475410361 0.410456554419186 0.403979792802465 0.39993993586398 0.394902534130458 0.387253019955828 0.382717480773371 0.377076732518969 0.37244376493935
-9999 -9999 -9999 -9999 -9999 -9999 -9999 -9999 -9999 -9999 -9999 0.518677027370723 0.482682614243272 0.443808541494145 0.348623974647114 0.242772362509098 0.247703459294537 0.262487112036553 0.1866493321057 0.0639521814905178 0 0.00981809538325647 0.0339384730544976 0.0505661799266326 0.0820403939099087 0.11128877295093 0.105135398408122 0.0852289999026072 0.0833794794482105 0.135114094127345 0.206382190473954 0.16214374077614 0.111772366656454 0.199670706232688 0.195408558597851 0.103779389811129 0.102040015293699 0.170492411775859 0.294798982200028 0.415744613906715 0.47102050952885 0.483274997367484 0.479920424817985 0.471469046044095 0.459760215624663 0.44875612479318 0.438000598717438 0.428894100012056 0.423934891459726 0.418155517708066 0.411708067304622 0.407599321932526 0.405353224193818 0.402380096332504 0.399951915759397 0.392741581929715 0.386040905918915
-9999 -9999 -9999 -9999 -9999 -9999 -9999 -9999 -9999 -9999 -9999 -9999 0.540107165325255 0.470376142039294 0.45179131350445 0.421944519949161 0.375746452415651 0.287782658824973 0.154222536893475 0.0368704054049215 0 0 0.0148790084041252 0.0373368887940633 0.0744183540567683 0.104787876559272 0.102788828470874 0.087907005235052 0.0785766694892742 0.0888363810480324 0.108427791377653 0.106542466470033 0.0743927402417394 0.111154168975576 0.175298450884541 0.0950664278542842 0.0251975775801491 0.09181181203908 0.183654845365525 0.253713532434395 0.341650502157971 0.424215594583199 0.458468555514562 0.46125523115551 0.454209316672158 0.449045650251381 0.440891786253432 0.432660579413669 0.42601987585454 0.421043326468312 0.416463507318745 0.41264611628928 0.409936352413339 0.407310258813445 0.405378306835217 0.402045538488215 0.397982233602064
-9999 -9999 -9999 -9999 -9999 -9999 -9999 -9999 -9999 -9999 -9999 -9999 -9999 -9999 0.514435973970443 0.495793614916003 0.427422148496698 0.353006823677562 0.259831309703005 0.131933977421848 0.0643544732923193 0.0263140008157597 0.0111844629422147 0.0322863147976027 0.0539460918162093 0.084546475057173 0.0950491220250986 0.0957214592470275 0.0855906311501296 0.0849798010280436 0.083620289755696 0.0812851573357692 0.0693376643944274 0.051412293203269 0.0901475281743506 0.107459810533952 0.106056327954648 0.119237755804063 0.0944424726509176 0.0942829426920544 0.179614347752891 0.294752233199538 0.353411656621266 0.3732166067328 0.395680870268263 0.419514602418675 0.429762621796235 0.429240930881145 0.426374260149538 0.423065272621828 0.420981813401484 0.418817361726396 0.416115265481434 0.413070837601601 0.410988111179529 0.408521968848263 0.406088785427683
-9999 -9999 -9999 -9999 -9999 -9999 -9999 -9999 -9999 -9999 -9999 -9999 -9999 -9999 -9999 -9999 0.51683277738775 0.452577098277242 0.433162245818611 0.369292672216287 0.278307213890546 0.14855430398815 0.0304734241884117 0.0329051054769402 0.0681466617680957 0.0744730009695423 0.0721422035729916 0.0820720331480876 0.0974427428430432 0.103618262211814 0.11005754184701 0.106735377418 0.0960846809470966 0.0744357428504106 0.0487864754544826 0.0872714332844325 0.185667801503672 0.205114456098438 0.137391471386871 0.0741122018740813 0.100195065900523 0.135505858799863 0.158973858224286 0.240551225088677 0.251825711392365 0.294061605362018 0.357231604668187 0.394854681561412 0.418663257860846 0.420055232568463 0.422888025231648 0.42329022822589 0.421173352666579 0.418173202115337 0.415943223618704 0.414411719441264 0.411706960248066
-9999 -9999 -9999 -9999 -9999 -9999 -9999 -9999 -9999 -9999 -9999 -9999 -9999 -9999 -9999 -9999 0.484789317998596 0.479014416303664 0.485994071640961 0.429102916189169 0.287269686805288 0.149208426635747 0.0664505811923142 0.0383852261730341 0.0588874885988167 0.0595089830631806 0.0583058969751177 0.0734737665187464 0.0870743707411044 0.0905999588960046 0.100895350386242 0.103780291373927 0.0994996405143205 0.0864018405389795 0.0619956599782143 0.0680062796297196 0.15106630041109 0.193107498053532 0.130078897713644 0.0861073932914673 0.137290173940481 0.181262011008934 0.19438895893477 0.234226689934335 0.250319223097519 0.282193302577608 0.31935149857936 0.371272952110821 0.412465651272632 0.420244875941561 0.426522202122631 0.426868032661368 0.424919090100585 0.42205573534854 0.419940333773066 0.418369845470862 0.416561371283589
-9999 -9999 -9999 -9999 -9999 -9999 -9999 -9999 -9999 -9999 -9999 -9999 -9999 -9999 -9999 -9999 -9999 0.53714610857225 0.53095732220139 0.511065862751905 0.455986282711103 0.326560799940968 0.147301349953838 0.0273453648310291 0.0117548976259322 0.0143545023640463 0.0309514295301322 0.0581199023587098 0.0589557429466318 0.0638407691869781 0.063354262804494 0.0773635536174793 0.0984292836187723 0.0940050477563114 0.0621725889736819 0.0482354155565589 0.064684441114181 0.103926762096345 0.185565050179745 0.207351664601133 0.209978578287488 0.246068051409989 0.264231489333462 0.26731979036599 0.274176798794469 0.275419114175953 0.285731190244371 0.332534577877618 0.386896595635389 0.414038404949964 0.431036044634815 0.430984454897257 0.428947178993694 0.426733210560686 0.424868236413372 0.42339407874554 0.421487693061075
-9999 -9999 -9999 -9999 -9999 -9999 -9999 -9999 -9999 -9999 -9999 -9999 -9999 -9999 -9999 -9999 -9999 -9999 -9999 0.55890823759462 0.534905845293352 0.443073350573336 0.248885281932737 0.0683019683436144 0.00684837147378464 0 0.0140931954866738 0.0590123667386443 0.0430242134776513 0.0603995524473826 0.0779614576925026 0.0760752776083681 0.0875437931909377 0.0943673158304029 0.0600601758846696 0.0620827593905285 0.0830077502309372 0.060824566992969 0.123684425930027 0.209492058154171 0.225691073485996 0.223341337982733 0.246005600234402 0.251802605129179 0.237985551792932 0.245383990938886 0.288553445298799 0.317953872307211 0.37493056146547 0.417340676038732 0.433350037314486 0.434172267221254 0.43319629383115 0.431362069467064 0.429722428629794 0.428110519160053 0.425987466337849
-9999 -9999 -9999 -9999 -9999 -9999 -9999 -9999 -9999 -9999 -9999 -9999 -9999 -9999 -9999 -9999 -9999 -9999 -9999 -9999 0.562192753870033 0.480769692898678 0.327788822830301 0.151465284372257 0.0453665874363386 0.00655333182588366 0.0350866436631891 0.0790262011149381 0.0877452154312294 0.0900920212574735 0.0869707468022418 0.0876615797833245 0.0928866268145914 0.0933347169379919 0.0574620882636927 0.0425698106385358 0.0784518972949534 0.0702846848289253 0.117944143311761 0.196856907242042 0.221507547539289 0.251799663427657 0.264144121014036 0.270594454373448 0.272409064897814 0.255988496905303 0.244893141198232 0.318644874726463 0.400064021052955 0.425606795112956 0.437382300690341 0.437133965400099 0.436054923561004 0.434227701020726 0.432652608101639 0.430925263316703 0.428336660976856
-9999 -9999 -9999 -9999 -9999 -9999 -9999 -9999 -9999 -9999 -9999 -9999 -9999 -9999 -9999 -9999 -9999 -9999 -9999 -9999 0.53500342571708 0.499190711260403 0.352143300484533 0.192393401554711 0.0779258005488348 0.0212259185914688 0.0492444231076199 0.0777138881106052 0.0904670278072414 0.0918775323203403 0.0897458043602537 0.0890669585613213 0.0904614034706802 0.0909841908186791 0.0667805502830767 0.0388549039325049 0.0527267793723797 0.0687848119885097 0.0901524594894503 0.131743636761171 0.186354253124779 0.236078801426714 0.246379975072506 0.262934655811573 0.281364355274639 0.268296849590228 0.285101425591048 0.369195467641937 0.422455235832025 0.436745407155936 0.441753764767649 0.441500205430029 0.440417271393552 0.437939915403645 0.435569229759402 0.433439414209013 0.430292698711479
-9999 -9999 -9999 -9999 -9999 -9999 -9999 -9999 -9999 -9999 -9999 -9999 -9999 -9999 -9999 -9999 -9999 -9999 -9999 -9999 0.498075049414532 0.473682954356499 0.378539276799654 0.243938730671549 0.123371806995587 0.0372112805270803 0.0062607485203373 0.0416920855841639 0.0823377034160747 0.0925923660571673 0.0966439222530924 0.0912456976967314 0.0849243768645667 0.0858523670390059 0.0654688530048404 0.0168926563201739 0 0.00024152784316764 0.0179491655015752 0.056200925149321 0.134779553152464 0.178014995031524 0.185951685092804 0.192922009600775 0.220308013848398 0.277632260784957 0.352691777964263 0.398812438117553 0.424658519385618 0.432064490193282 0.44166525086561 0.444864995310132 0.44387152176911 0.438667489778311 0.434202179652206 0.432218408658611 0.431009653286197
-9999 -9999 -9999 -9999 -9999 -9999 -9999 -9999 -9999 -9999 -9999 -9999 -9999 -9999 -9999 -9999 -9999 -9999 -9999 -9999 0.484044670927428 0.464469620667137 0.399935858010415 0.303548417881361 0.178580824680783 0.0514925585046524 0.000809034896715012 0.0320303484637275 0.0770907340858257 0.0971099479469672 0.0971748046816023 0.0928637053672955 0.0853093504579291 0.0835433847181723 0.0705832698072904 0.0326467196477526 0 0 0.0161993433667987 0.0468003610662832 0.118529473927123 0.149220633492069 0.14609814383339 0.178275367790807 0.223901363076497 0.284755238465284 0.359675638644941 0.383639478727708 0.404623377041858 0.423363331921055 0.438699599744252 0.444746244030579 0.445395795905068 0.442991182472901 0.441200677314862 0.43923047403976 0.437243669211788
