layers/veg_krg_sqold/veg2900.asc
NCOLS 255 
NROWS 330 
XLLCORNER -2985163.8955 
YLLCORNER -3022031.214 
CELLSIZE 25000 
NODATA_value -9999 
[rows 175 to 199 of 330, columns 114 to 170 of 255]
0.505271080486959 0.504250835930886 0.503269550413363 0.502615843931377 0.502108493998841 0.501213871044656 0.50042477280881 0.499715581531806 0.498906772419269 0.49824450344096 0.497704692615905 0.497057491556344 0.496418058015633 0.495963782789149 0.495687963234541 0.495373771003859 0.49502377474218 0.492783917023201 0.483923134498437 0.473205222513974 0.469554137283278 0.470022092777346 0.470098744367556 0.467264837611102 0.465183277723652 0.46687038454417 0.470796752509733 0.47215159249147 0.462661204178527 0.449587601716204 0.444558964588871 0.448570242543043 0.449257370441432 0.435849939565817 0.420534899980731 0.40697339747306 0.389759533036036 0.390398792780011 0.393489749377407 0.37663151895772 0.363177998301731 0.350198230400047 0.331291679352128 0.31652025334136 0.324792854145759 0.350109341225006 0.380116525361158 0.397252898541676 0.412238177809448 0.43775050399946 0.476406382087974 0.522276518547985 0.546479842406042 0.53884582655606 0.530593302259529 0.550695317001171 0.573962631838636
0.505176462137049 0.504150820642058 0.50306404527196 0.502258330971797 0.501665273796145 0.500778344370147 0.500098065841946 0.499455239554677 0.498563744378894 0.497765996879319 0.497235244673648 0.49668430570476 0.496056328034361 0.495838285379024 0.495659227052866 0.494264974813234 0.493745400395552 0.493666095781798 0.488916216309021 0.479295164401849 0.468333913636124 0.466805068675342 0.472505696099826 0.47400160128889 0.471578019060221 0.471980304690678 0.478978113976851 0.47612461299094 0.461259005253171 0.444319840316512 0.43465831143409 0.435210976027861 0.443583178754632 0.447425347850477 0.432866807112063 0.40763362077175 0.381824552761634 0.377966855532787 0.393859181868552 0.381113413481807 0.352187481943018 0.347187907746882 0.326705359435113 0.316720677283639 0.33854686064744 0.38245828445322 0.418692856432446 0.440497323450608 0.472342548548954 0.469527304660311 0.490647204102891 0.540274457914574 0.555404628865115 0.560484773128757 0.562763692097549 -9999 -9999
0.504841823157732 0.503859970737312 0.502713983255251 0.501917122199265 0.501177900939142 0.500256351155744 0.499526357732157 0.498622909129276 0.497811539492787 0.497045255590304 0.496417247821305 0.495907487436756 0.495582526410882 0.495400886322783 0.494229524873941 0.490395952536234 0.489152224896067 0.491701857447841 0.489333104722779 0.482279023301172 0.472729863112018 0.46965708153685 0.475502335080713 0.479017715683032 0.478503422748711 0.479075123832917 0.484072366644288 0.478778477735661 0.463040325645739 0.449592811497563 0.441521669007669 0.438522189209683 0.445226465141677 0.451664580657937 0.440969304139894 0.42269931083365 0.395644085528135 0.377096328612698 0.386260077308558 0.383114406019497 0.363822095639836 0.352467069356302 0.337279346255524 0.327844411316517 0.347974626893294 0.392022879043527 0.416304816850187 0.426449724265441 0.449392871127097 0.458506055825313 0.493168703911447 0.537122157754344 0.554943274293762 0.562756695332211 -9999 -9999 -9999
0.503959911606506 0.503112967968316 0.50215931997996 0.501219931151801 0.500324270871568 0.499342084172786 0.498479486848213 0.497549058486219 0.496589504366304 0.495824919506572 0.495178184175394 0.494761349211844 0.494461209739202 0.494314290983592 0.491877288851129 0.487524529606177 0.4811732806207 0.480732857622697 0.485677402971418 0.48182661314406 0.473314562743417 0.468373539054791 0.474564972443153 0.480768907951596 0.484105490332666 0.487378120228338 0.490518490978823 0.488080803347996 0.481468560284122 0.480306709599956 0.472858903901443 0.465948557101014 0.463587640958506 0.445747209237936 0.435581179044329 0.423441217176011 0.395698894892024 0.373205905640232 0.370521501882474 0.377475158704811 0.376741062828772 0.368653655440507 0.363072950470845 0.357013239632193 0.369742028699997 0.388967756685109 0.383949758412151 0.393002221394818 0.434191731896322 0.46282125515489 0.49373305873761 0.545793032569568 0.558951498211852 -9999 -9999 -9999 -9999
0.502733407458193 0.502072935474625 0.501246937255505 0.500290757969628 0.499486764475306 0.498278957811737 0.496923211470285 0.49610906694442 0.495421156702285 0.494400208574433 0.493692044885283 0.493345417685693 0.492909340583388 0.492920143333547 0.491617572539191 0.487767482735038 0.478909847658829 0.476272565366813 0.482861788254356 0.479626443523488 0.471864613122576 0.471461932249107 0.478731073627263 0.484646933751986 0.488565272592742 0.491758293834524 0.495581643496327 0.499545653079293 0.504731275318204 0.50561509454166 0.501290960890053 0.498297511864176 0.489733982095309 0.468880779132755 0.454655780938944 0.443696635470248 0.42135256084804 0.397720676349182 0.381880687179465 0.383943017874009 0.390213718059731 0.383082945157171 0.374740876039885 0.370400136700985 0.367658692381539 0.367940238170257 0.382442505159539 0.417139326941178 0.486867804837365 0.548052451913893 0.559797669295664 0.556090251609811 -9999 -9999 -9999 -9999 -9999
0.501719543435967 0.501154140405344 0.500703553554716 0.499940410742925 0.498836889378261 0.497618008209454 0.496594055583534 0.495631377535663 0.494519799156546 0.493418814873133 0.492557504114153 0.491910315687852 0.491331711399831 0.491186952569512 0.49051310622496 0.486072571277083 0.481526660707682 0.48119181938964 0.48033640140718 0.470194162028995 0.464242629752462 0.471677274662935 0.474838316068398 0.478365251095602 0.483129864028698 0.492466917558063 0.497261022468176 0.497278839804155 0.502586147507333 0.504728265264319 0.501393010483664 0.504915567950506 0.507235563641326 0.496969788531133 0.486629539664988 0.463492922433965 0.422444464379512 0.392587373050922 0.375139948605242 0.379910876636403 0.395214503634648 0.388771297327927 0.381124258029189 0.38224874552239 0.381240238385035 0.382383052186284 0.390413364453702 0.449099200652229 0.533114725912677 0.557722810734155 0.562873067418208 -9999 -9999 -9999 -9999 -9999 -9999
0.500442938672768 0.499720519401685 0.499281145269743 0.498609391475394 0.497341351669192 0.495726932118772 0.49444714075611 0.49355488566936 0.492315911477471 0.491230462899842 0.490396198507234 0.489559970860306 0.488769306721761 0.488170634145655 0.487283266683082 0.481193605103677 0.4761452531328 0.475926685787842 0.475918621380825 0.472669634235378 0.468674806116871 0.468480511467446 0.465888071846383 0.473732564876546 0.483933870629856 0.493510170652595 0.496514246491671 0.492667182223659 0.492729675453423 0.495159754160193 0.491220069107251 0.498285587065258 0.510930812901462 0.499639945095954 0.481360050954019 0.461571334691818 0.429360293363317 0.406965281997186 0.398463922667949 0.398386401809226 0.407323150724125 0.404221812369114 0.397448247811667 0.392935980417492 0.390467404559401 0.387958335982887 0.388274222147524 0.447545168711453 0.53651823337224 0.562908653494776 -9999 -9999 -9999 -9999 -9999 -9999 -9999
0.49942836173922 0.498476243413498 0.497672020563234 0.496964480749355 0.495858877503905 0.494187733536308 0.492839661859358 0.491661759010229 0.490184782709215 0.489000344210687 0.487982049063798 0.48693289134808 0.485764471397209 0.484701706174394 0.482821679739949 0.477736927067851 0.476541082330617 0.479689858204724 0.479385386359771 0.478869925459247 0.476483517417998 0.475147157551233 0.472652776403305 0.467849587285746 0.476474857042458 0.491621846664844 0.493862347249803 0.485446885500014 0.47475366849081 0.473517136309834 0.477468390657804 0.488548637913107 0.509549601349364 0.504624180895289 0.475676669460299 0.453492045989565 0.427730130754598 0.415266986255838 0.420082972390053 0.417727718241202 0.41916033176159 0.414559344215087 0.408370037945247 0.405132142966382 0.404019159380994 0.400586837743533 0.395164815379347 0.466281561955828 0.565048995409061 -9999 -9999 -9999 -9999 -9999 -9999 -9999 -9999
0.498294265115985 0.497271143600016 0.496413489897196 0.495556333291229 0.494368450063049 0.49268836274414 0.491113070105357 0.489866487237193 0.488306765407591 0.486769628706023 0.485486548169684 0.484283672044561 0.483092217959962 0.48187012197449 0.479906312766806 0.476603175621495 0.47579562964439 0.477109951089405 0.476951101735884 0.474425356440156 0.473065752300859 0.468814452579109 0.459920904509184 0.464144109084727 0.476311177069152 0.488452501395867 0.488563971987816 0.477749884687493 0.471830271049487 0.471440045731648 0.473142378867676 0.480286288081624 0.500600391976024 0.501164620284353 0.477075936252781 0.446257334179494 0.422020264840862 0.41497750773452 0.416796043525096 0.423423447993432 0.420730271207171 0.41564883259996 0.41105033166082 0.407628328068358 0.410021484262013 0.417550558476273 0.432917672544004 0.512456296474735 0.589810824342895 -9999 -9999 -9999 -9999 -9999 -9999 -9999 -9999
0.49709426352976 0.495968713765264 0.49466269525876 0.493440397095612 0.49216519413687 0.490412575807154 0.488581005152665 0.487061059256428 0.485415573785629 0.483460034112529 0.482034371948951 0.480606616429131 0.478517094838091 0.476536762003643 0.475001574138191 0.472802558647929 0.469311190673843 0.469020391570484 0.471775051711844 0.471293715494099 0.468262217904266 0.461920026794764 0.460075605143707 0.467932888728117 0.478775600526586 0.478787535089732 0.469561064710943 0.465862366676407 0.468904216251212 0.481384410476201 0.489895824549006 0.496283400567164 0.501374136440824 0.491873010145847 0.469757651903199 0.438550592247944 0.404151192070698 0.392952377229925 0.395641293424075 0.394027086149331 0.394657069223884 0.401295636788869 0.415748035969792 0.414472648862221 0.416006537874827 0.450272342716719 0.504798098131976 0.554416994798979 0.576120232820076 -9999 -9999 -9999 -9999 -9999 -9999 -9999 -9999
0.496349191794576 0.494735678482789 0.492892841722003 0.491472931474983 0.489990482251877 0.487954314383765 0.486024962218837 0.48449660659516 0.482547864080403 0.48025517430724 0.4783700592549 0.476345459709328 0.473539752823975 0.471144483444609 0.469253118724054 0.466374553364622 0.460987192310595 0.459173338181306 0.463101292979911 0.463471854684511 0.458065464358971 0.456613719279456 0.46152677444268 0.466650933384056 0.468324395600364 0.459822583175997 0.453715612707184 0.460987166126414 0.475958494206741 0.487671965166579 0.488921746639265 0.49599689922397 0.506601069707862 0.491045479390309 0.465528436149478 0.438856955255929 0.406202448413762 0.38387540748247 0.386841652083169 0.379229126688512 0.371627898803237 0.388974556108906 0.417607417334971 0.437454098963018 0.436982688310873 0.475545059119955 0.533087734670576 0.555201555563437 0.569877224841216 -9999 -9999 -9999 -9999 -9999 -9999 -9999 -9999
0.49561059567146 0.493875649701933 0.491769612399861 0.490088834120658 0.488474935367031 0.485996225680925 0.483815137431579 0.482264896789353 0.480212776338232 0.477648224696366 0.475491555700973 0.472933581323761 0.469464744301211 0.466908129704009 0.464869493922477 0.46265359988165 0.460361175338903 0.457933670691052 0.457700965202849 0.457880198177546 0.452516085927307 0.452130256937147 0.458228177947183 0.457885019706908 0.446597815412451 0.434961601817268 0.448066306016194 0.467644292777749 0.478033198032935 0.484224505947085 0.485915916720973 0.49899885127101 0.497348510864063 0.478887642243614 0.468938872552717 0.442660338893849 0.413869974510306 0.404761842553326 0.407532318095419 0.393607608346343 0.379580655689336 0.376496503143314 0.400181933587871 0.440380537517743 0.45769103043303 0.490775945872816 0.530004951531535 0.54583921245396 0.560991099050996 -9999 -9999 -9999 -9999 -9999 -9999 -9999 -9999
0.494175190251694 0.492132204920138 0.48980013574757 0.487791615843422 0.485720301545585 0.48295237886192 0.480444481465018 0.478500262715667 0.476241926603607 0.473403859133644 0.470416511190081 0.467138799906472 0.46341471551379 0.460681434121816 0.458237675853785 0.455452078125271 0.453341721009059 0.451540459194198 0.45008192448648 0.449505958362199 0.447560438848191 0.445925839340724 0.446771876284555 0.440798053533366 0.434586634323412 0.441918268712735 0.454249985058587 0.464592016094492 0.470962081090382 0.476077270300926 0.48258241048799 0.48594783673024 0.481831246478408 0.475359105818604 0.469555637357828 0.454275939686013 0.435035862472053 0.422123135930242 0.406479532334573 0.394027083596879 0.387106861135643 0.387017483759 0.42039269053058 0.452978887015514 0.465332782559346 0.484934964054375 0.516519320077806 0.543038652466709 0.545374852108169 -9999 -9999 -9999 -9999 -9999 -9999 -9999 -9999
0.493097516051089 0.490769182787511 0.488097774544409 0.485873096649231 0.483379351418482 0.480054902474297 0.477285868144474 0.474970170311218 0.472482925571653 0.469074222688247 0.464854474594722 0.46088432053829 0.456705532487321 0.453309056747889 0.450248790927975 0.446882965047302 0.444760451530353 0.443058797772367 0.440644616555815 0.438363474183806 0.436259455771599 0.42989003658939 0.42358776369462 0.425068944461283 0.436059242309189 0.449257341036794 0.453990446679858 0.455254090421967 0.45376954598733 0.456172228856132 0.466313308174517 0.463066864034234 0.445428948074119 0.444157145454139 0.450500703796387 0.457353199606668 0.444437209168134 0.420094390008475 0.400141082292439 0.39196405876041 0.387576117187445 0.376903716009316 0.397455768932176 0.43581520421255 0.449864997954943 0.464284724243989 0.501685002227043 0.531070235909353 0.53583747878377 -9999 -9999 -9999 -9999 -9999 -9999 -9999 -9999
0.49159689000601 0.489197037182981 0.486374187625274 0.483863910564067 0.481244058776494 0.477819599643859 0.474724402481656 0.472084307698261 0.469375545793932 0.465318571412929 0.460636051806993 0.456657941644215 0.451956961156488 0.447970306792806 0.444548827436748 0.440853659901427 0.437908430062354 0.435565605236032 0.432598608754646 0.429690701767497 0.426945127744841 0.422702666840314 0.417335175928339 0.416522686752097 0.424422430060601 0.435988524157175 0.443830592636949 0.444000125305657 0.440852641703466 0.439086766259436 0.449194715838981 0.453189268616235 0.438454026699441 0.434740089178174 0.43547861608349 0.439138762179788 0.440400042642442 0.421718527672408 0.397177540234051 0.385645387387214 0.380180282856254 0.376029970047642 0.37901431078916 0.401381549860866 0.430186855523432 0.449644691779801 0.476725984164104 0.503362950986541 0.518503408856475 -9999 -9999 -9999 -9999 -9999 -9999 -9999 -9999
0.489869409446967 0.487275385558039 0.483998468134084 0.481053099815745 0.478139940160256 0.474363798317962 0.470971598483127 0.468284056262405 0.465224136092614 0.4603819614425 0.454884220219558 0.450092624299629 0.444813414648712 0.440504571717168 0.436459415700729 0.431848437048561 0.428172086049611 0.424723642496628 0.420961722007343 0.417303358870662 0.413057366219522 0.411475707854023 0.413508252165948 0.415975902080665 0.415823565069197 0.413912333470226 0.417202799178673 0.422870874922761 0.422242706436174 0.418843587200961 0.431198418867751 0.440314942475463 0.430023850471279 0.420435891212654 0.418820502040667 0.426795282993544 0.417049599212462 0.398123669887612 0.384441291711918 0.366874195324412 0.357708763452505 0.350449341483295 0.350921568041962 0.356724679931771 0.373961825408853 0.405897336897066 0.439480445319986 0.481520125673191 0.506834621863387 -9999 -9999 -9999 -9999 -9999 -9999 -9999 -9999
0.487462215214168 0.484839981458785 0.481428723833152 0.478355348685781 0.475087691205812 0.470828813255569 0.467153783327199 0.464132821588535 0.4606760309396 0.455068106098815 0.448817271592679 0.443734801758812 0.437900372925061 0.432890334759923 0.428351609457927 0.422967059573755 0.418121930911754 0.413483118324368 0.408235041362629 0.403368326619645 0.400660854080418 0.402623400154424 0.403587629287734 0.401709096408325 0.400898562169553 0.399227193713941 0.400569221771001 0.405964555110002 0.412273079315992 0.413997462478225 0.416257140763545 0.424671109522385 0.422436337909806 0.414077354826874 0.417942878988528 0.420384991668572 0.402604077657161 0.382972060917702 0.36770756399519 0.351682908636634 0.331603767538146 0.311642999457511 0.287124112428199 0.283623670645185 0.311869318386302 0.353597167767535 0.382532924777203 0.425476211233554 0.484836168244037 -9999 -9999 -9999 -9999 -9999 -9999 -9999 -9999
0.485325153405283 0.482777367714006 0.479385355735622 0.47616372058493 0.472711348390034 0.468127404360223 0.464296726773538 0.461380686632938 0.457277267172415 0.450921011931544 0.444900803024096 0.439963798048365 0.433644422152279 0.428432902119561 0.423317607210427 0.416466636307756 0.410470858636654 0.405063739440826 0.398717041253866 0.3938541094136 0.392181498611229 0.391766507840525 0.389160372123159 0.386114798833017 0.387299099997557 0.392207899516522 0.400264271518086 0.407583002417509 0.410563840153047 0.410622301562417 0.412935632415336 0.419297130761137 0.421403746558888 0.412926017844155 0.403913154540871 0.397857981713485 0.389845336658586 0.378790167263145 0.360892191351901 0.339573262105348 0.320266657057459 0.304230596726915 0.27345926127352 0.240236216372598 0.27826208873276 0.37141674546256 0.40802010023832 0.439559926992081 0.474568089502929 -9999 -9999 -9999 -9999 -9999 -9999 -9999 -9999
0.482316151304589 0.479740826728399 0.476293168527725 0.472955150820766 0.469127089392749 0.464302622462324 0.46058508043024 0.457686177451411 0.453045743251472 0.445666050559553 0.439223363080212 0.434097037674209 0.427218915247911 0.420954970654756 0.414321101126235 0.406150195702479 0.399229328119272 0.392554021655712 0.385106945482031 0.379124691319649 0.374298899202001 0.370267040959607 0.368055682650288 0.366763726199841 0.368657279886294 0.3731103541455 0.378000839124036 0.386913666286401 0.394920001449413 0.399563486766633 0.409765802397103 0.419139418779814 0.421427655502802 0.421145929616928 0.418389121996093 0.408414136393624 0.392878553074192 0.379123406093749 0.354413068501653 0.326347627815629 0.30660663761862 0.286232331561683 0.253663542316985 0.220037485719689 0.268280687769367 0.369825580352111 0.413944930085261 0.443323855308323 0.463760013283793 -9999 -9999 -9999 -9999 -9999 -9999 -9999 -9999
0.479583447515777 0.47683244597753 0.473314724070654 0.469929048896441 0.465820181114713 0.460752882975766 0.457243198630088 0.45460479929606 0.449299207372013 0.440723216185835 0.43408049835239 0.428797043145423 0.420201237556798 0.412411665308127 0.404877842617526 0.396076362423618 0.388818446297641 0.380960759523766 0.371758949773685 0.363919546965341 0.35568863243624 0.34886077467682 0.343629968861645 0.340563338492417 0.346091015142106 0.352457025168151 0.356575739936764 0.366082942641256 0.379246741544034 0.390767441618992 0.407399790475037 0.420194833276125 0.417104435638569 0.414400821340547 0.423813929417437 0.421786444376915 0.404664366916811 0.384524748964828 0.355034392295231 0.320664702390309 0.291664362837063 0.266652828571459 0.241384310951108 0.234201401034301 0.291075157040211 0.37787426431821 0.416481719191598 0.428574810431606 -9999 -9999 -9999 -9999 -9999 -9999 -9999 -9999 -9999
0.477611010711673 0.474748005224539 0.471167430958618 0.467566460395454 0.463292902173075 0.458591250795278 0.455350816792383 0.452406715447857 0.44622315329219 0.437977644664383 0.431945589412125 0.424775358730658 0.41443416164948 0.406907587050244 0.400472123472055 0.390661314728952 0.381818051832598 0.3735560172555 0.36265526456446 0.352372139389556 0.342645487146943 0.330282713555434 0.320065031444803 0.317925113337374 0.320362156852305 0.328541364816503 0.337607576005026 0.350541543006965 0.369405788675822 0.386162450445835 0.404953961168443 0.412545642786833 0.410356433577732 0.40731150683402 0.414067054359519 0.425344185952021 0.422470545557596 0.397468608291479 0.365613830869765 0.337311461967366 0.300211856859893 0.26562060984705 0.277210986378463 0.331414024789256 0.365870984932523 0.394760467658472 0.408253447991302 -9999 -9999 -9999 -9999 -9999 -9999 -9999 -9999 -9999 -9999
0.474776909923818 0.471978879299286 0.468323915526952 0.464445301501288 0.460101367179128 0.455622353416609 0.452227386023711 0.448761052958275 0.442147959266592 0.434145737210756 0.42730692844362 0.418037259844082 0.407141724290225 0.400013133826925 0.393697885926189 0.383020566612829 0.373428367018052 0.363520830275702 0.349492438256404 0.336974017957376 0.323652539678744 0.307469654504596 0.295748383225957 0.288815391804611 0.293844280377054 0.309129662645831 0.321976467948101 0.338939209120353 0.354881364964586 0.376238885294484 0.404580637304868 0.409648718999628 0.411303172842124 0.428668635576319 0.442527566259086 0.451184870786844 0.446030867842425 0.415271605115328 0.36581592976104 0.320340546683304 0.294035622422756 0.2757097165014 0.306201715106717 0.36919502071787 0.382966543048286 0.385358305141371 -9999 -9999 -9999 -9999 -9999 -9999 -9999 -9999 -9999 -9999 -9999
0.472346764480917 0.469438457906396 0.465534044543506 0.461392634948438 0.457139414161949 0.453271479474744 0.449833554138591 0.44540069791156 0.4390604074464 0.430995831762352 0.42270193711672 0.413094438046425 0.403712825531088 0.396381067685104 0.387857783868005 0.376551838294788 0.36675257209443 0.355950927287408 0.340313532774319 0.324904329703412 0.309951205774089 0.289872505869235 0.268814907442325 0.261907949713186 0.282376671205335 0.30456874085967 0.315730383402035 0.336433369695428 0.34923423514489 0.372198202039559 0.397961732946685 0.4064450297579 0.415772271573281 0.447859211704805 0.486176057660127 0.487350888788115 0.46639322985561 0.433109764274808 0.389117059903455 0.330531282763078 0.289055350322826 0.291845600141042 0.342634959441309 0.386360268035382 -9999 -9999 -9999 -9999 -9999 -9999 -9999 -9999 -9999 -9999 -9999 -9999 -9999
0.470594706950115 0.467630925418557 0.463592229934766 0.459417923204522 0.455467231612122 0.451698766632165 0.447908394928063 0.443142427180557 0.436747473900506 0.428453370684171 0.419592818238247 0.409880608064 0.401042073403757 0.394518699460069 0.385837366652845 0.374329148091071 0.363760496691562 0.350744484578773 0.333831839959557 0.319282509922561 0.303530930427591 0.282431894751682 0.262324438611981 0.262415694528936 0.286992837306009 0.311645594817327 0.33123174050907 0.349582740084661 0.360092361554835 0.385270404910576 0.404088221425388 0.402222819054978 0.43800804496199 0.479538250161318 0.504460227479363 0.51548890086998 0.510660959678631 0.484245901218936 0.436044637150902 0.366893742672437 0.308510260982876 0.310319918430721 0.35903945426292 0.390773098856915 -9999 -9999 -9999 -9999 -9999 -9999 -9999 -9999 -9999 -9999 -9999 -9999 -9999
0.467651128280557 0.464879278407785 0.460954800826144 0.456812871719475 0.453188231572335 0.449483802035458 0.444991955423935 0.439966354741728 0.433491237508331 0.424569936555138 0.415681253468824 0.407097099753673 0.397810106702971 0.391082301285514 0.383147790068775 0.37053400817628 0.358117369535885 0.344247916219203 0.327676975478646 0.314066608619453 0.301210092891549 0.284545670423224 0.272112455524297 0.276088349588364 0.294091678183491 0.312415817150384 0.332903076880338 0.358494627142173 0.378511411484162 0.400087883229812 0.419837238151784 0.433484973763497 0.455867700483161 0.480862623194345 0.502302794574342 0.518102820167997 0.515807045254094 0.492614219893552 0.455539707955837 0.41054891796118 0.374628596819752 0.369082620686503 0.388957683669217 -9999 -9999 -9999 -9999 -9999 -9999 -9999 -9999 -9999 -9999 -9999 -9999 -9999 -9999
