layers/veg_krg_sqold/veg2600.asc
NCOLS 255 
NROWS 330 
XLLCORNER -2985163.8955 
YLLCORNER -3022031.214 
CELLSIZE 25000 
NODATA_value -9999 
[rows 250 to 274 of 330, columns 57 to 113 of 255]
-9999 -9999 -9999 -9999 -9999 -9999 -9999 -9999 -9999 -9999 -9999 -9999 -9999 -9999 -9999 -9999 0.605515659653594 0.61807754432862 0.636662791799835 0.628505024771198 0.589408525259659 0.528074224256124 0.4899814626961 0.471600099338358 0.461389555354484 0.471618349549685 0.478918690111309 0.479373605206291 0.467199645167498 0.441899693867972 0.435584406430659 0.426487451907793 0.401726082490982 0.391797185694152 0.405484772580441 0.407469291248606 0.403694527198011 0.396988604611891 0.388989890861504 0.380504444373196 0.382011193354116 0.389658449148027 0.392770137369904 0.390057638497456 0.389653522486995 -9999 -9999 -9999 0.332201378678788 0.323593922777047 0.314035832670545 0.304785226999144 0.295742288038434 0.288941835563578 -9999 -9999 -9999
-9999 -9999 -9999 -9999 -9999 -9999 -9999 -9999 -9999 -9999 -9999 -9999 -9999 -9999 -9999 -9999 0.629848806256102 0.633813103035614 0.652247846942582 0.645307026810471 0.620315030414275 0.582690386454147 0.533928501613809 0.517932363686399 0.538205713089291 0.520222248126609 0.498344567234824 0.495400132458438 0.481076547079514 0.464850273052014 0.478383959628217 0.474897957234574 0.449652974697189 0.434726283149866 0.425332260537358 0.41306566611726 0.391427470874 0.367410248048327 0.350478584186921 0.337055202849189 0.348948949930239 0.373804209265889 0.391092115939571 0.3965599505171 0.394764579963363 0.39580214794535 -9999 -9999 -9999 -9999 -9999 -9999 -9999 -9999 -9999 -9999 -9999
-9999 -9999 -9999 -9999 -9999 -9999 -9999 -9999 -9999 -9999 -9999 -9999 -9999 -9999 -9999 -9999 0.641525029384299 0.651581328739274 0.661962202512994 0.657853945391541 0.636013888793619 0.605790026015545 0.543053174173657 0.50099842743097 0.531719590223882 0.539425076770792 0.520282123706871 0.502666055785996 0.493057670170712 0.48372213357061 0.490080180080333 0.48796432214689 0.469755331129246 0.450961750647411 0.431776285181925 0.411014560378434 0.390698220342638 0.372129880362347 0.347337400792395 0.327336049369281 0.345699290112119 0.380195480060136 0.39853676055701 0.402354522233621 0.402725765246845 0.405109338563182 -9999 -9999 -9999 -9999 -9999 -9999 -9999 -9999 -9999 -9999 -9999
-9999 -9999 -9999 -9999 -9999 -9999 -9999 -9999 -9999 -9999 -9999 -9999 -9999 -9999 -9999 -9999 0.663543970218143 0.662376429430396 0.672749359359087 0.673675797371448 0.639229549108282 0.604550672409753 0.59531269053017 0.579169596676894 0.529882041431399 0.499264425044219 0.524284304261335 0.498327227940669 0.482884398777247 0.488925971205494 0.49203309835147 0.483073986106593 0.469217071634104 0.455246196854916 0.434013283730355 0.416593794654072 0.39864783535804 0.378563296553224 0.358717266644115 0.348413746769403 0.367394925825747 0.396905405396557 0.41071885640543 0.408858152703423 0.40863443200122 0.414368962885699 -9999 -9999 -9999 -9999 -9999 -9999 -9999 -9999 -9999 -9999 -9999
-9999 -9999 -9999 -9999 -9999 -9999 -9999 -9999 -9999 -9999 -9999 -9999 -9999 -9999 -9999 -9999 0.695367906331224 0.692494440845353 0.695509566689823 0.687282139370916 0.671116738987425 0.651247319755057 0.625425985720418 0.605855901581618 0.576544916743828 0.542724231921355 0.55039617169197 0.547206975820182 0.52092137846995 0.498429661563195 0.482694372723875 0.466876454779242 0.447986324641137 0.452159380277321 0.434775132899549 0.41941306940119 0.414937275634279 0.407906277587025 0.417298436435859 0.415637683076569 0.410801757629948 0.41522998727191 0.41907843207139 0.420572515338699 0.422026501022858 0.429444363311214 -9999 -9999 -9999 -9999 -9999 -9999 -9999 -9999 -9999 -9999 -9999
-9999 -9999 -9999 -9999 -9999 -9999 -9999 -9999 -9999 -9999 -9999 -9999 -9999 -9999 -9999 -9999 0.715068717489684 0.714093622320773 0.712259198500594 0.671092395960435 0.659575137339401 0.651619151355555 0.652666900337764 0.649638180686366 0.621187132007412 0.5993178276934 0.603461307715131 0.59214599107053 0.576440295798353 0.546019613302006 0.514283598146924 0.484454033314984 0.44705388850649 0.426301406557955 0.413944480291423 0.41010189200342 0.407693671730096 0.408819765828361 0.43518009649892 0.447089911685109 0.4408462291985 0.436476276048788 0.441449628134841 0.442844365538705 0.444494224158492 0.447253783788799 0.446286089594565 -9999 -9999 0.419823393447175 0.413652742296978 -9999 -9999 -9999 -9999 -9999 -9999
-9999 -9999 -9999 -9999 -9999 -9999 -9999 -9999 -9999 -9999 -9999 -9999 -9999 -9999 -9999 0.696671469194269 0.714258850071905 0.729669721698495 -9999 0.698012533675753 0.703105996288537 0.68045992144816 0.625434360284438 0.633412259024859 0.642700675557117 0.633912709212207 0.631766872481432 0.614325007908275 0.591864676022565 0.568927873097909 0.540200014662617 0.495730105199532 0.44785729671983 0.420160577615903 0.406812085490384 0.416297635321436 0.426769190906679 0.434869599826422 0.455039418030738 0.462737877393604 0.456558527429464 0.452919111283744 0.456878511642149 0.457320734074753 0.45655648052516 0.454361734964106 0.447383886294366 0.441428208104131 0.434368074088105 0.426385504109529 0.427224239906101 -9999 -9999 -9999 -9999 -9999 -9999
-9999 -9999 -9999 -9999 -9999 -9999 -9999 -9999 -9999 -9999 -9999 -9999 -9999 -9999 -9999 0.656565852594254 0.684043860004226 0.727534241929036 0.741148754749474 -9999 0.722675402561692 0.667510152689456 0.609362925091153 0.645347857893353 0.683715609070578 0.669376232591853 0.658305606418674 0.648914918360327 0.60961746762889 0.583434715172197 0.579493242595053 0.548181039352144 0.510849084315639 0.481919072693183 0.472888017438505 0.463937229888976 0.447735003669093 0.452155387218216 0.47671800548734 0.493667663868896 0.489169245163333 0.483760391272613 0.484965230859348 0.48034387995546 0.473004983605683 0.467091732141364 0.458216840065768 0.445421723466351 0.441235658209149 0.442196093124352 0.443540614155334 -9999 -9999 -9999 -9999 -9999 -9999
-9999 -9999 -9999 -9999 -9999 -9999 -9999 -9999 -9999 -9999 -9999 -9999 -9999 -9999 -9999 0.663784205547758 0.687745375322441 0.726454214965253 -9999 -9999 0.709044525786042 0.738805186564347 0.710305907346289 0.679853828964728 0.714761993799523 0.680669478670165 0.66312492042837 0.674768023911266 0.64466822816151 0.623040132223985 0.613632291270994 0.574545872856098 0.524738129428333 0.482939146367031 0.481066349244944 0.474021517513618 0.465429022200843 0.476553534523568 0.510040250725511 0.541508093123266 0.530068375721643 0.513546570491161 0.505869567959034 0.497287696400979 0.485995842176397 0.484751151136827 0.484287334010285 0.475907813345174 0.465637567001484 0.454348628138332 0.45450442539087 -9999 -9999 -9999 -9999 -9999 -9999
-9999 -9999 -9999 -9999 -9999 -9999 -9999 -9999 -9999 -9999 -9999 -9999 -9999 -9999 -9999 0.703251721147963 0.70985812348554 0.735400065927397 -9999 0.713596300278339 0.699566126136854 0.673433942940348 0.645997218167888 0.647606698802319 0.662231664537752 0.66173084239689 0.661837517291163 0.663708983838982 0.63177662285555 0.613096842652884 0.617276202519857 0.586417316012021 0.549163304539495 0.536834445708587 0.506536576048189 0.493571601906522 0.511143684879461 0.526340405987889 0.549589996410176 0.558796555956546 0.545788448823015 0.526046549868268 0.512056418188544 0.503155659600522 0.497184922326611 0.494405419878553 0.485755774977632 0.47699101218338 0.475109237611171 -9999 -9999 -9999 -9999 -9999 -9999 -9999 -9999
-9999 -9999 -9999 -9999 -9999 -9999 -9999 -9999 -9999 -9999 -9999 -9999 -9999 -9999 -9999 0.742301571708195 0.742629091417643 0.741403491342406 -9999 0.742104611955902 0.72963664269141 0.695267170344271 0.670419457839394 0.668334355101367 0.689243403460632 0.703728141919382 0.686471145426382 0.690495242889037 0.665274639131107 0.611900346656072 0.579437736077729 0.58316633548972 0.582301075798598 0.567239093403698 0.552203903262251 0.54613220112831 0.560549159833241 0.566195522605406 0.568338691189207 0.559563609291999 0.545856297757862 0.529695059826743 0.520340172072838 0.51445452755609 0.510272159963868 0.505855310595528 0.50024621124711 0.498107615696211 -9999 -9999 -9999 -9999 -9999 -9999 -9999 -9999 -9999
-9999 -9999 -9999 -9999 -9999 -9999 -9999 -9999 -9999 -9999 -9999 -9999 -9999 -9999 -9999 0.740388538501728 0.740072400015584 0.742435153454359 -9999 0.756763151303643 0.736447259961247 0.707672895664505 0.681219073431882 0.654167747643786 0.682947708236052 0.714974740676261 0.668334689820512 0.656189656141273 0.658713974778893 0.62847878498409 0.605495642801494 0.599584629344303 0.589758978941856 0.573955095876333 0.593094634842034 0.594678085928312 0.585176885449574 0.572521440209743 0.561006726159042 0.553572116642483 0.545990572395325 0.539123651814271 0.537377004054957 0.523171374751836 0.505407288711716 0.502570416678259 -9999 -9999 -9999 -9999 -9999 -9999 -9999 -9999 -9999 -9999 -9999
-9999 -9999 -9999 -9999 -9999 -9999 -9999 -9999 -9999 -9999 -9999 -9999 -9999 -9999 -9999 -9999 0.74577190119696 0.748966026504018 -9999 0.771799012842466 0.725991415749376 0.720095795680606 0.735816133161618 0.666992434244808 0.676981962318327 0.692922184308378 0.664458965748179 0.665492459926419 0.657023638534868 0.633951707834165 0.622474685754595 0.60440469021331 0.587812473050455 0.581574795676734 0.597778969101925 0.600450076777821 0.586832321946445 0.570530467789052 0.561176349763793 0.554144587392266 0.548260935667072 0.545291922727256 0.539131898745143 0.520626277565482 0.519420836872147 -9999 -9999 -9999 -9999 -9999 -9999 -9999 -9999 -9999 -9999 -9999 -9999
-9999 -9999 -9999 -9999 -9999 -9999 -9999 -9999 -9999 -9999 -9999 -9999 -9999 -9999 -9999 -9999 -9999 -9999 -9999 0.771275576849433 0.73316084488333 0.715021844584561 0.726189790505849 0.699866540546846 0.690219764453704 0.683700921681804 0.673328518617888 0.662405221618024 0.660396427643286 0.644126375884865 0.63856913428459 0.623720389407891 0.618663903801238 0.63203850621698 0.621683585133038 0.607414415111533 0.594807215505614 0.58472651095505 0.57214276656358 0.558221658119718 0.55109111129153 0.539921374441016 0.52729448769834 0.520152009268073 0.522029410680682 0.531464053980155 -9999 -9999 -9999 -9999 -9999 -9999 -9999 -9999 -9999 -9999 -9999
-9999 -9999 -9999 -9999 -9999 -9999 -9999 -9999 -9999 -9999 -9999 -9999 -9999 -9999 -9999 -9999 -9999 -9999 -9999 0.762987779233196 0.757145613275682 0.734930537301601 0.698555891856981 0.65660373538835 0.671927362890443 0.69393176805067 0.678073251045013 0.671004437330106 0.660857167102007 0.635056311583865 0.632367790121865 0.625827267810983 0.621135736497357 0.629725125882964 0.615704945510454 0.59325501525254 0.584631285818165 0.585883023627217 0.581517787090042 0.571239740895745 0.558866188253594 0.544881261846593 0.530519429347768 0.524289152824369 0.529719009843614 0.541950735225744 -9999 -9999 -9999 -9999 -9999 -9999 -9999 -9999 -9999 -9999 -9999
-9999 -9999 -9999 -9999 -9999 -9999 -9999 -9999 -9999 -9999 -9999 -9999 -9999 -9999 -9999 -9999 -9999 -9999 -9999 0.742533978356601 0.73514063439012 0.763031613780948 0.750967598007914 0.699450208282863 0.711452656655689 0.706850003047511 0.702559520096763 0.69567708045342 0.671577256747947 0.640783620355853 0.615032027132588 0.604524700741745 0.611577605943891 0.620094523864721 0.605981425555924 0.585999359338656 0.582552581065555 0.582828642109026 0.579116119832976 0.566710474405799 0.555030450679536 0.539655630260747 0.531225257095551 0.528034232687014 0.535626823336632 0.546872871578398 -9999 -9999 -9999 -9999 -9999 -9999 -9999 -9999 -9999 -9999 -9999
-9999 -9999 -9999 -9999 -9999 -9999 -9999 -9999 -9999 -9999 -9999 -9999 -9999 -9999 -9999 -9999 -9999 0.777528251241177 0.77276161911005 0.752850981602225 0.735034751736623 0.717761982681957 0.719435768941216 0.702048021835383 0.715269451855063 0.736723465194937 0.711163412754606 0.702227156855439 0.695368928152438 0.669167461441881 0.645479950853914 0.618833581979568 0.615872149132657 0.623517974561813 0.596161270133967 0.58780208947819 0.598106955878724 0.595561375252344 0.583870614274372 0.572975696823513 0.559633881962196 0.541817167444275 0.538637986449891 0.544419069126966 0.554638149361343 -9999 -9999 -9999 -9999 -9999 -9999 -9999 -9999 -9999 -9999 -9999 -9999
-9999 -9999 -9999 -9999 -9999 -9999 -9999 -9999 -9999 -9999 -9999 -9999 -9999 -9999 -9999 -9999 -9999 0.77004114031217 0.771915405771621 0.77219692077353 0.747389205853721 0.731034111390661 0.733779125110831 0.723892502725637 0.73027074121259 0.721238574677704 0.706013796336328 0.709978364238995 0.704171048866108 0.684349465821537 0.654209523271617 0.619363583031304 0.620256699444205 0.636359058013768 0.624585778279068 0.614278253243783 0.603534289532749 0.593330076593577 0.585374553625451 0.569325675531914 0.555292803255314 0.565751328221982 0.573852655930226 0.572170626259537 0.571286951736459 -9999 -9999 -9999 -9999 -9999 -9999 -9999 -9999 -9999 -9999 -9999 -9999
-9999 -9999 -9999 -9999 -9999 -9999 -9999 -9999 -9999 -9999 -9999 -9999 -9999 -9999 -9999 -9999 -9999 0.745366096905639 0.773264847802446 0.766335874952037 0.720479067979477 0.697149830203635 0.704436052415944 0.718073296494215 0.718360966848071 0.694190400302369 0.669205424626336 0.688950442265928 0.69873236901274 0.675164845258078 0.642277956104588 0.620172201069568 0.625216850207264 0.630982836812883 0.621388327050379 0.614652824213985 0.596831166023754 0.58478078558494 0.581394077250028 0.564715765096785 0.561930390804228 0.581597900785836 0.582096170178888 0.573040202449354 0.565711998167211 -9999 -9999 -9999 -9999 -9999 -9999 -9999 -9999 -9999 -9999 -9999 -9999
-9999 -9999 -9999 -9999 -9999 -9999 -9999 -9999 -9999 -9999 -9999 -9999 -9999 -9999 0.747164796447131 -9999 0.740101991656303 0.755683453641607 0.772081242943361 0.722963884333532 0.71190275088476 0.690311638151654 0.682570220976015 0.686807137517581 0.693638897456491 0.690902269026751 0.684911430696711 0.685661584926401 0.679963579228028 0.668661229099332 0.654257801521737 0.629652085905319 0.624024408468159 0.62708812339226 0.609909338441415 0.595977297653036 0.584364312621212 0.584144335433006 0.574594619812961 0.57235131336812 0.588590921040812 0.596942350411111 -9999 -9999 -9999 -9999 -9999 -9999 -9999 -9999 -9999 -9999 -9999 -9999 -9999 -9999 -9999
-9999 -9999 -9999 -9999 -9999 -9999 -9999 -9999 -9999 -9999 -9999 -9999 -9999 -9999 -9999 -9999 0.746702205823989 0.747528563499888 0.743373576115016 0.730938814429546 0.696183543313624 0.65828050597863 0.648823381893048 0.640318917260142 0.665027563987387 0.686821554927299 0.664652520110338 0.661584361028426 0.661067994716116 0.659430884063948 0.651200455089943 0.62680531510258 0.62305453331194 0.637330822777628 0.624417216652661 0.606779325778378 0.591765441606591 0.570632328056908 0.572117795014785 0.590729225040531 -9999 -9999 -9999 -9999 -9999 -9999 -9999 -9999 -9999 -9999 -9999 -9999 -9999 -9999 -9999 -9999 -9999
-9999 -9999 -9999 -9999 -9999 -9999 -9999 -9999 -9999 -9999 -9999 -9999 -9999 -9999 -9999 -9999 0.728835840804356 0.738150447604821 -9999 0.736443512215446 0.718203346815352 0.679541540403494 0.674355931296953 0.646378171284005 0.620321380027385 0.627017910347994 0.638085880760587 0.647082065138332 0.652599159018073 0.649131753825913 0.642017756524895 0.621595583924564 0.618066011793688 0.635938267037747 0.621687892006237 0.59608862219778 0.566918747238345 0.556206374224484 0.568441334397 -9999 -9999 -9999 -9999 -9999 -9999 -9999 -9999 -9999 -9999 -9999 -9999 -9999 -9999 -9999 -9999 -9999 -9999
-9999 -9999 -9999 -9999 -9999 -9999 -9999 -9999 -9999 -9999 -9999 -9999 -9999 -9999 -9999 -9999 0.734657220497789 0.743607335549751 -9999 0.698934625793701 0.686078648202456 0.66822156716812 0.658091858162656 0.646562480072779 0.617600251203861 0.59887214071354 0.610793664550754 0.624699817549858 0.632975106616327 0.634075270417755 0.629086250122536 0.615965195440315 0.609675279663588 0.612627359692682 0.598880779689077 0.571982168928974 0.560469256391285 0.574469501926203 0.590070985037301 -9999 -9999 -9999 -9999 -9999 -9999 -9999 -9999 -9999 -9999 -9999 -9999 -9999 -9999 -9999 -9999 -9999 -9999
-9999 -9999 -9999 -9999 -9999 -9999 -9999 -9999 -9999 -9999 -9999 -9999 -9999 -9999 0.749197356048957 0.720771400665088 0.714858196585735 0.719163158173497 -9999 0.740162339664796 0.662803163319302 0.60350476670213 0.592302947643405 0.554747884511246 0.542018558297761 0.583246982060462 0.58674604665902 0.594047769445551 0.604977737505373 0.608077947136249 0.608001563025051 0.607336375216231 0.606238199057901 0.594925536635821 0.578015032128525 0.589751497851199 0.607382332027305 0.602296237121817 0.599311792315173 -9999 -9999 -9999 -9999 -9999 -9999 -9999 -9999 -9999 -9999 -9999 -9999 -9999 -9999 -9999 -9999 -9999 -9999
-9999 -9999 -9999 -9999 -9999 -9999 -9999 -9999 -9999 -9999 -9999 -9999 -9999 0.760621696516023 0.748867305770923 0.72145506977687 0.705359982894064 0.727186077946443 0.76189994922362 0.720987569067003 0.640954160474519 0.639493840262723 0.629950526441938 0.562638761115439 0.541994499870792 0.547569404957799 0.566889284958951 0.582238475608888 0.594863622828185 0.600394020169436 0.596262410023839 0.592617268494929 0.59431919130104 0.587147722012313 0.580795806966735 0.599534708846313 0.608285553485002 0.599802921901989 0.587389516801552 -9999 -9999 -9999 -9999 -9999 -9999 -9999 -9999 -9999 -9999 -9999 -9999 -9999 -9999 -9999 -9999 -9999 -9999
