layers/veg_krg_sqold/veg2600.asc
NCOLS 255 
NROWS 330 
XLLCORNER -2985163.8955 
YLLCORNER -3022031.214 
CELLSIZE 25000 
NODATA_value -9999 
[rows 175 to 199 of 330, columns 114 to 170 of 255]
0.511185292653371 0.510004674361332 0.508817971614547 0.507980974730826 0.507283530406275 0.506137197477772 0.505121325529354 0.504221546746699 0.503166527882528 0.502193173182154 0.501376133700994 0.500441940591159 0.499437524620921 0.498660496588594 0.498057635645793 0.497326342043151 0.496605750579241 0.493957018987814 0.484474180838083 0.473159287855288 0.469030689720494 0.468986377451089 0.468614274919274 0.465293643212405 0.462644385405223 0.463919298698135 0.467518356370605 0.468462269271716 0.458499263158963 0.445012400631547 0.439802144084246 0.443941578620586 0.44491357524798 0.431830563463963 0.416915576410391 0.403995130272398 0.387747974004669 0.389614782525034 0.394085568900637 0.378678227869921 0.366556021355576 0.354921929077662 0.337395849265096 0.323147626464997 0.331432664948689 0.356918150155179 0.387222232580983 0.404462486362476 0.419482531297014 0.445247427100382 0.484390996085908 0.530839816907897 0.555292094748964 0.547390405336766 0.538835724850322 0.559093840563113 0.582643546937185
0.510812824240514 0.509628661416692 0.508337060779142 0.507347451395128 0.506564605457043 0.505428022329791 0.50452418278461 0.503692646057399 0.502553916293169 0.501442516384717 0.500633740368211 0.499795363525459 0.498798715341595 0.498257347875528 0.497746404035406 0.495906338217447 0.495002324371407 0.49453706409495 0.489214395822507 0.478993394780584 0.467402648197892 0.465287926228758 0.470596156780041 0.471631379213257 0.46856537054694 0.468465679767928 0.475111069219573 0.471669305256614 0.456142971246971 0.438630533580077 0.428603102178831 0.429153640121362 0.437913797166992 0.442388969464527 0.428297830727466 0.403605903102616 0.378769006271517 0.376207790113779 0.393849014421712 0.382813086369399 0.3551230022846 0.351826376171808 0.333042324772929 0.323781183441154 0.345726194657591 0.390121516449163 0.426799634411858 0.448836528232196 0.48106041043587 0.478053085357567 0.499388009672718 0.549680451086586 0.564912287452914 0.569917236296041 0.572120584121023 -9999 -9999
0.51028331510221 0.50914520665659 0.507795252795801 0.506816220312691 0.505886140993063 0.504715957289387 0.50376275611964 0.502666895048729 0.501610280987227 0.50053120256536 0.499623327785251 0.498825934449578 0.498135557687276 0.497628741464344 0.496104803518367 0.491777634818639 0.490130433787431 0.492330284854123 0.489415969017747 0.481791614342054 0.471618956277354 0.46790660562101 0.47333368518191 0.476387652010014 0.47521146657735 0.4752310727351 0.4797777935388 0.473763389958967 0.457262884336133 0.443210596766153 0.434691721135192 0.431549133107868 0.438571811535682 0.445685190138618 0.435564636478149 0.418037849880731 0.392054982541343 0.374659584316036 0.385547568418281 0.384359675729251 0.366501003123783 0.356642578425344 0.342983581851622 0.334338824488008 0.354995918299387 0.399804231723959 0.424462816002776 0.434723797123499 0.45796819098293 0.467138482349345 0.502272039673556 0.546802685357448 0.564753671298655 0.572616251770133 -9999 -9999 -9999
0.509126639682507 0.508128138065869 0.506976778749659 0.50585529392892 0.504768448653224 0.503539325522069 0.502453401316765 0.501331585283213 0.500125732458773 0.499049703339146 0.49812339076556 0.497420260674278 0.496753846615348 0.496280261106621 0.493465405611406 0.488603876826101 0.481754514902647 0.48090306272227 0.485411231699345 0.481027704327647 0.471887103174584 0.466239422950021 0.471981296353296 0.477721507162114 0.480388547987465 0.483078103057687 0.485638431953552 0.48238433685493 0.475020113218938 0.47329759295686 0.465200058317287 0.45791087215993 0.455614536810959 0.438012265585667 0.428502357874401 0.417362012000262 0.39089052541557 0.369652814664279 0.368610567621561 0.37777950435052 0.378797562593214 0.372146640914743 0.368117136344884 0.362995649295475 0.376486328250913 0.396443319181118 0.391550109026147 0.400859147473654 0.442802149975855 0.471886653523209 0.503241416273848 0.555982285448281 0.569172774004069 -9999 -9999 -9999 -9999
0.507638160126767 0.506831892893427 0.505813575125323 0.504677762181227 0.503686786045524 0.502231337957128 0.50064641146534 0.499644780016736 0.498717348353464 0.497382854046279 0.496395660463192 0.495764902178215 0.494960713586259 0.494647247142134 0.49298475217701 0.488631266766528 0.479228414122659 0.476135968472538 0.482305980093883 0.478535970638573 0.470141081423341 0.469081698520631 0.475889294059719 0.48129530174004 0.484489126150318 0.487027072292495 0.490187528018812 0.493297558031408 0.497776374733884 0.497938476117969 0.492745179371463 0.489202795434048 0.480441561432706 0.459730178376469 0.446192977062812 0.436460208734737 0.415743788550557 0.393542737104991 0.379240780484834 0.383512284106114 0.391660927369301 0.38593796445245 0.379079200653185 0.375793507570644 0.373772778872672 0.374762898374339 0.389955886255997 0.425517140918573 0.496638684929507 0.559035538601443 0.570961676010609 0.567022469324808 -9999 -9999 -9999 -9999 -9999
0.506441529241339 0.505734040780093 0.505100172136376 0.504162963808862 0.502869555546534 0.501405574521509 0.500160435044754 0.499009529332259 0.497653338170772 0.496239988242778 0.495099086085594 0.494164409404778 0.49321718369806 0.492746851439605 0.491724650974954 0.486770986613591 0.481753272833307 0.481001112925106 0.479595684079021 0.468796043247617 0.462235095744625 0.469134437504954 0.471748730430591 0.474703141684499 0.478721508899959 0.487467204237882 0.491555459163803 0.490553160401833 0.495043108020585 0.496325509244651 0.491887077167865 0.49472040794523 0.496827886953938 0.486820509966785 0.477368175599462 0.455485211349567 0.416003581625068 0.387637018508429 0.37178971754059 0.378872497923047 0.396221794506815 0.391194202986848 0.385058442162409 0.387385434512296 0.38723678214821 0.389267273363016 0.398024495386365 0.458109909592399 0.543869869142494 0.568997472457863 0.574229349057554 -9999 -9999 -9999 -9999 -9999 -9999
0.504915385756103 0.504051510227178 0.50343322873639 0.502592628097356 0.501135533262357 0.499273813234723 0.497772421305347 0.496696325602017 0.495214534169504 0.49382191677558 0.49271275599396 0.491589910712007 0.49043200036355 0.489504181098786 0.488268678593957 0.481642118941469 0.476116775761095 0.475485391020709 0.474943782803928 0.471155709805645 0.466582751143918 0.465716459634297 0.46246959568154 0.469798906034188 0.479316410779587 0.488267429139946 0.490474726927127 0.485434196859996 0.484457722196989 0.485819635738299 0.480378283300362 0.486342335774975 0.498433836792962 0.487202741033482 0.47006470851492 0.452101289871529 0.422055254478971 0.401516383847423 0.394874501571342 0.397084039163747 0.407967240672997 0.406334101934661 0.401103785521241 0.397750637424888 0.396228450671239 0.394728483707042 0.395826532733292 0.456698517206353 0.54759575835242 0.574505704061418 -9999 -9999 -9999 -9999 -9999 -9999 -9999
0.503671480341069 0.502577524615533 0.501592648191301 0.500719606501157 0.499431732975087 0.49751740721822 0.495951061931286 0.494588123341101 0.492869004164749 0.491381776180896 0.490090838539148 0.488756973584043 0.487221982741617 0.485828502336088 0.483589910438852 0.477993849610544 0.476394364596075 0.479195407147727 0.478361587606822 0.477361647184356 0.474431713415658 0.472411463725406 0.46926938980454 0.463736168461554 0.471647558409731 0.486255664946845 0.487664342898753 0.477929984026337 0.465946988885673 0.463449995867513 0.465753978917227 0.475363294251862 0.495148761325888 0.490092856051429 0.462820293992735 0.443014445713195 0.419893493068844 0.409606288082185 0.416552390039058 0.41644799024645 0.41967679843966 0.416492824375323 0.411844147105964 0.409804385776254 0.409723879613674 0.40740752803758 0.402817113628121 0.475949225395188 0.576947311758303 -9999 -9999 -9999 -9999 -9999 -9999 -9999 -9999
0.502371886433308 0.501208532688205 0.500172897820822 0.499150854890518 0.497782546884426 0.495863309099225 0.494069604267516 0.4926399470343 0.490840786612818 0.489000216208332 0.48744487802082 0.485959908918946 0.484408446925927 0.482859336469405 0.48054249416911 0.476767869468335 0.475572023196794 0.476516716278687 0.475843764141685 0.472811013723523 0.470938335905278 0.465970411834277 0.456335432601374 0.459999764832034 0.471535304810109 0.483105803745726 0.482368876016245 0.470219840178031 0.463113747401632 0.461498512967483 0.461540114992039 0.467162681091115 0.486189610843355 0.486699874814986 0.464446371210147 0.435851607480619 0.414247921933375 0.40943642373589 0.413288209413656 0.42225804685961 0.421235480648477 0.417514997065257 0.414439054255544 0.41218992202066 0.415680182497823 0.424543077947751 0.441143810749328 0.52293850448845 0.602084233731613 -9999 -9999 -9999 -9999 -9999 -9999 -9999 -9999
0.500949387031968 0.499686228828645 0.498200136666309 0.496811664554581 0.495359666407347 0.493373300198512 0.491324942203 0.489622331731434 0.487742714801373 0.485485568783417 0.483793524480112 0.482088889498743 0.479636220824027 0.477327399292359 0.475459303016833 0.472825197767946 0.468916280702361 0.468247212725709 0.470563636640396 0.469635262091299 0.466090553633366 0.459035559031171 0.456608624042769 0.464013429848246 0.474264392887486 0.473559712426915 0.463400128676162 0.458601165652755 0.460731918996759 0.472387149624546 0.479691467262791 0.485028815367677 0.489492218386252 0.480105330405935 0.459031622036085 0.429390377312082 0.397006500807967 0.387725885859488 0.3922980441467 0.392709492017657 0.394931488229516 0.403017055054291 0.419197346226948 0.419050159133694 0.421619578631782 0.457644204007636 0.514052947414333 0.56521476480016 0.587598213722765 -9999 -9999 -9999 -9999 -9999 -9999 -9999 -9999
0.500002601399857 0.498247677621287 0.496221388453568 0.49463710051102 0.492979691105986 0.490711944306898 0.488570528773472 0.486864827662172 0.484684112877139 0.482093892502365 0.479943737144444 0.47764222191757 0.47447500363211 0.471757362332456 0.469541935770929 0.466237366287044 0.460420008191699 0.458224829943966 0.461766907309938 0.461736515309781 0.455813031000775 0.453784270020473 0.45828185004428 0.46296784120427 0.463980902767342 0.454706050526948 0.447830825193442 0.454359862556741 0.46880835752257 0.479943664306783 0.480301645357262 0.48684922734031 0.497455594302507 0.482108736089912 0.457199452444381 0.431635526511542 0.400521237797934 0.379604762008629 0.384235171572566 0.378310292208583 0.371980543361472 0.390802057805156 0.421232615004519 0.442440836640535 0.442878898466464 0.483191763536716 0.542617217241145 0.56576462306791 0.581011659853083 -9999 -9999 -9999 -9999 -9999 -9999 -9999 -9999
0.499120301060645 0.497245353085094 0.494955814254296 0.493110174009439 0.491323220995116 0.488610807323967 0.486218339822633 0.484494671602582 0.482214629083971 0.479355750554897 0.476936796011719 0.474101051174509 0.470270739796574 0.467399913621589 0.465047181172997 0.462434081464482 0.459781619689198 0.45698209175564 0.45632036428631 0.456123007706596 0.450275180901377 0.449377304374258 0.455126522742032 0.454307397893265 0.442218905923534 0.429837872608952 0.442604280275272 0.461801588335856 0.471747266482921 0.477467958349641 0.478573559837858 0.491516044404669 0.489877256160676 0.471662631460882 0.462477322127207 0.437079401388701 0.409607283618459 0.401918104403873 0.406173732181445 0.393633640039048 0.380612822991958 0.378511536596601 0.403743096155438 0.445520327807517 0.463945794492992 0.498606778155592 0.539375257380426 0.556141634175646 0.571905152345407 -9999 -9999 -9999 -9999 -9999 -9999 -9999 -9999
0.497477979715246 0.495294949143589 0.492782187706677 0.490609166256932 0.488363217633471 0.485364854832264 0.482647537337159 0.480529670596929 0.478048766858958 0.474923739442999 0.471671295192499 0.468116321676831 0.464044125495468 0.461010695262553 0.458265557445024 0.455100607122725 0.452660326054321 0.450529393931163 0.448665887118293 0.447744972273942 0.445427173932866 0.443335146582041 0.443818358458024 0.437362932672385 0.430568051858638 0.43761079591538 0.449749762882105 0.459783610367492 0.465872971455192 0.470770826187842 0.477139526030853 0.480514115531818 0.476589979835765 0.47067909932628 0.465644938016157 0.451231847596533 0.433180626637632 0.421368109708295 0.406660276594838 0.395337328824688 0.389307119470099 0.39001759264832 0.424814711112016 0.458607945960094 0.471801222758707 0.492607983902167 0.525588152352436 0.553290993746885 0.556112125378922 -9999 -9999 -9999 -9999 -9999 -9999 -9999 -9999
0.496210042410101 0.493742023511665 0.490890803829408 0.488503901656813 0.485834555142963 0.482278388969029 0.479303064927552 0.476813943730979 0.474109209068452 0.470416018804214 0.465921705211712 0.461675558837875 0.457159067191289 0.45346866808116 0.450116750333083 0.446390194349262 0.443965540750503 0.441968828945962 0.439180273484703 0.436571582837039 0.434148047583139 0.427319876481171 0.42061185440777 0.42183362884233 0.43267039709713 0.445814402036375 0.450383105795915 0.451406713731187 0.449723207497136 0.452099787388834 0.462469313563984 0.459365568950203 0.441862735918846 0.441352460207653 0.448671055808074 0.456666761168773 0.444868453773284 0.421251043508555 0.401967132813471 0.394740566595248 0.391055636979254 0.380755876835682 0.402186962705063 0.441563600508803 0.456227103268243 0.471579204416553 0.510512136602187 0.541300248630272 0.546729361760905 -9999 -9999 -9999 -9999 -9999 -9999 -9999 -9999
0.494563570638715 0.492026668395586 0.48902632845221 0.486353323848386 0.483560304376592 0.479908467475597 0.476606982512693 0.473792757633992 0.470869350476731 0.466525841308686 0.461569442737016 0.457324941899873 0.452290841914161 0.448013241011558 0.444309029276875 0.440268767536493 0.437028182346142 0.434403870740427 0.431088082580028 0.427876699507558 0.424842121116708 0.420236913803106 0.414538976438983 0.413498105599399 0.421291236756103 0.43287298591521 0.440715996497174 0.440780913610085 0.437550521061923 0.435838786197857 0.446361611736695 0.450772787189072 0.436335277904837 0.433434506357334 0.435088835282676 0.43982245006049 0.442388207263748 0.424454856330109 0.400402627355712 0.389610628181256 0.384676230115351 0.380830782443067 0.38414429566075 0.407016924528456 0.436435038095014 0.45669527862736 0.485243564588904 0.513561664990004 0.529986104769408 -9999 -9999 -9999 -9999 -9999 -9999 -9999 -9999
0.492638037518606 0.489909215766566 0.486454109890643 0.483344865226912 0.480260102576223 0.476259237980708 0.472663671727029 0.469808135987442 0.466537087808308 0.461407939746689 0.455634743245846 0.450576845087933 0.444974067615531 0.440387562122083 0.436070677555739 0.431129420458796 0.427175053670082 0.423461247019021 0.419386914557253 0.415461848628849 0.410960372351655 0.409146604633985 0.411060003804055 0.413455413132355 0.413199856027314 0.411210530750306 0.414578290619905 0.420444144588811 0.419967880356539 0.416791853111283 0.429841658174911 0.439658995276865 0.429903112004469 0.421186970078521 0.420545229578391 0.429713158993677 0.421094684183558 0.402881347388435 0.389783546712033 0.372683774116293 0.36379288589382 0.356545894377753 0.356966579364174 0.362667508822116 0.379989926267749 0.412649072064444 0.448272376246234 0.493132451108537 0.520190563162972 -9999 -9999 -9999 -9999 -9999 -9999 -9999 -9999
0.490029621863691 0.487277480813974 0.483692525074577 0.480459108464014 0.477020064610103 0.472536470247019 0.468660858664697 0.46547281678586 0.461807183139219 0.455911567908252 0.449384184012015 0.444043778947018 0.437894787594571 0.432612948624295 0.42781457722503 0.422115290492935 0.417000222429386 0.412108476197986 0.406569200903744 0.40146133155322 0.398579892009066 0.400450517600752 0.401356682035907 0.399425397983353 0.398632485166896 0.397014358826322 0.398541637025128 0.404318377825926 0.411068600561267 0.413277854836908 0.416274826890589 0.42555711637783 0.424156985732598 0.416873191679706 0.421946157385656 0.425598608547444 0.408913583047434 0.390034175585061 0.375304078628517 0.359663430861371 0.339514723960918 0.319148444245182 0.293881465108285 0.289858979070819 0.318364169268928 0.361761505531882 0.393698162815046 0.439074378537141 0.499622550047432 -9999 -9999 -9999 -9999 -9999 -9999 -9999 -9999
0.487743101491326 0.48507046105352 0.481509827109242 0.478129806399993 0.474507239168642 0.469698730256928 0.465670070254227 0.462593310052158 0.458276240719397 0.451628028764027 0.445343343630574 0.440160078646706 0.433530559808534 0.428056033686936 0.422685222077161 0.415513931545222 0.409247431949276 0.403596096975708 0.396970275367469 0.391896696131465 0.390104168565515 0.389609262565879 0.386937019765956 0.383882216257576 0.385207953393877 0.390368745495136 0.398819796240811 0.406677358345241 0.410154941912202 0.410783345420478 0.41397696201039 0.421294125626634 0.424430450529722 0.417178528693234 0.409288676004516 0.404436902459942 0.397852617522527 0.387816558589379 0.370455544118116 0.349395501398067 0.329927373730071 0.313422071018613 0.281690588726318 0.24737225398693 0.28572687456976 0.38147946078115 0.420709235732826 0.453904687007699 0.489853074037523 -9999 -9999 -9999 -9999 -9999 -9999 -9999 -9999
0.48452315816218 0.481827724723497 0.478217003115116 0.474724327100899 0.470725544692162 0.465680124423688 0.461773638957695 0.458720462798716 0.453865621731582 0.446187962933778 0.43948451601138 0.434121053162192 0.426940316003207 0.420411766859527 0.41351504772482 0.405027065329216 0.397844460974251 0.390931502573898 0.383225872305423 0.377052221978889 0.372098147836832 0.367991140830938 0.365788776350226 0.364601839914658 0.366769662842119 0.371583281265263 0.376940717150356 0.386584309092113 0.395320009463641 0.400759929867907 0.412164241599045 0.422709662878855 0.426204021111218 0.427525822188418 0.426233328640684 0.417674810233888 0.403820083397058 0.391358809264298 0.367261639123784 0.339355323214043 0.319247709292978 0.298043634244551 0.264371765534849 0.229989438623792 0.279082564250412 0.382677506231508 0.42807077815346 0.458222577416176 0.47916017628495 -9999 -9999 -9999 -9999 -9999 -9999 -9999 -9999
0.481591207201767 0.478721874447585 0.475045810783588 0.471509824771989 0.467230720684697 0.461945211990926 0.458256465075592 0.455473720163798 0.449949831805628 0.441065626195994 0.434168456007327 0.428656164366052 0.419743533703612 0.41167780441181 0.403882187703725 0.394775465259265 0.387271556764557 0.379179961579045 0.369722246576618 0.36169073233736 0.353309277173955 0.346411454731914 0.341194214953599 0.33827624972445 0.344249947544618 0.351115838607881 0.355802492817759 0.36619683028115 0.380306480081333 0.392869172852928 0.41097469658685 0.425143443927158 0.423324583580374 0.422413430244334 0.43374845166123 0.433623187252039 0.418695554961056 0.400258759165461 0.371691512721685 0.337506321445175 0.30767964891596 0.281155670450452 0.254426800999007 0.246897119596639 0.304862404587066 0.393160768914211 0.432401061530824 0.444682620025998 -9999 -9999 -9999 -9999 -9999 -9999 -9999 -9999 -9999
0.479476740848149 0.476496645496582 0.472760516533755 0.469008884315235 0.464565649239942 0.459656422760525 0.456245532194383 0.453155305342742 0.446743149878133 0.438201536716108 0.431931632760959 0.424507249920933 0.413829005212744 0.406040024922203 0.399372002069268 0.389252961807572 0.380150027025464 0.371661754895483 0.360495188347539 0.349995385129777 0.340110787502654 0.327609248633215 0.31734902851356 0.315420082121025 0.318325202344597 0.327109187180283 0.336904113528947 0.350878241837678 0.370866585144419 0.388833241934142 0.409231907200021 0.41819298255805 0.417382687306621 0.416263386771463 0.425060203160207 0.438755453084348 0.438854974960788 0.416078861220191 0.385704409806667 0.358075771174216 0.319747217619829 0.282533287156348 0.292459260662149 0.347214253271818 0.382331703925859 0.41156938457907 0.42514079936499 -9999 -9999 -9999 -9999 -9999 -9999 -9999 -9999 -9999 -9999
0.476440478120992 0.473530542171392 0.469723662068838 0.465693818970753 0.461183183560766 0.456505782548731 0.452942601136438 0.449325412783227 0.442482139895469 0.43419586669756 0.427112955231168 0.417561816388466 0.406331720795661 0.398959082834973 0.392426447980455 0.381444064411216 0.37159632297705 0.361452569414445 0.347128058773432 0.3343743279111 0.320849848857506 0.304480064764536 0.292709485472544 0.285961706384307 0.291613120719308 0.30773183317823 0.321472671874849 0.339664070644712 0.356779851684638 0.379520085838399 0.409745179938187 0.416232891549184 0.419420939397185 0.439181708565008 0.455347495663759 0.466735063162622 0.465401028236817 0.438000852872002 0.391311034766942 0.347802814733165 0.320586087871305 0.297890457024066 0.325082992247135 0.388331284831967 0.401662933229814 0.403518058409813 -9999 -9999 -9999 -9999 -9999 -9999 -9999 -9999 -9999 -9999 -9999
0.473821258252042 0.470802587613044 0.46674604218065 0.462452294319303 0.458037238694539 0.453985587453459 0.450382512214269 0.445785519221874 0.439224187041796 0.430880639429292 0.422323666273363 0.412435753137946 0.40275510673961 0.395185219272245 0.386417630366651 0.374810991946735 0.364767108030574 0.35372979616941 0.337789237419743 0.322112498153652 0.306940195992325 0.286608342117884 0.26532582983844 0.25864480591844 0.280122767632589 0.303371464963093 0.315481915938791 0.33757357305016 0.35157329939076 0.376021074226828 0.403709729471363 0.413737514228839 0.424775115299141 0.459532346236712 0.500560317060273 0.50444753102878 0.487806902008843 0.459299585722021 0.42057367539342 0.367224158089297 0.326246607936076 0.323711429481259 0.368918734509384 0.411631514644255 -9999 -9999 -9999 -9999 -9999 -9999 -9999 -9999 -9999 -9999 -9999 -9999 -9999
0.471934233032027 0.468861132228942 0.464670285726488 0.460344918987555 0.456239298810785 0.452290967056493 0.448331318886822 0.443397132739654 0.436782429999628 0.428208521364993 0.419078221680837 0.409087399342497 0.399964308539816 0.393221838941159 0.384299764158375 0.372496436167526 0.361679011537407 0.348400064496521 0.331177353665707 0.316389481024043 0.300419971404677 0.279064863079877 0.25873562059841 0.259191029371261 0.284925384445977 0.310725595413491 0.3314438204096 0.351191559088285 0.362902676377003 0.389643072579222 0.410315509929655 0.409855089680933 0.447825544494503 0.492177705614526 0.51949686926465 0.533186462576806 0.533171991978056 0.512550848809674 0.471153377171707 0.411474230149563 0.35558573327371 0.349307992837503 0.390180742724382 0.41879249595287 -9999 -9999 -9999 -9999 -9999 -9999 -9999 -9999 -9999 -9999 -9999 -9999 -9999
0.468791202904613 0.46591549222328 0.461843171245558 0.457552526589256 0.453780088958035 0.449898716609843 0.44522714791163 0.440030179894706 0.433335732601402 0.424126438857692 0.414970104554666 0.406129888563036 0.396555591270804 0.389610389875279 0.381454639839265 0.368537099800616 0.355850925064134 0.34171804000049 0.324864703437254 0.311055637314535 0.29806531028888 0.281286103846117 0.268865725900995 0.27331591143725 0.29232291565378 0.311679365331588 0.333338313079379 0.360491586253162 0.38191366230408 0.40503561375897 0.426713653044496 0.442083740215267 0.466476389822772 0.494082858251975 0.517931575361892 0.536497619272946 0.539019216313828 0.521522663845749 0.490718065410796 0.452794511197083 0.419168328594748 0.40962295579587 0.426178361029859 -9999 -9999 -9999 -9999 -9999 -9999 -9999 -9999 -9999 -9999 -9999 -9999 -9999 -9999
