layers/veg_krg_sqold/veg2700.asc
NCOLS 255 
NROWS 330 
XLLCORNER -2985163.8955 
YLLCORNER -3022031.214 
CELLSIZE 25000 
NODATA_value -9999 
[rows 200 to 224 of 330, columns 57 to 113 of 255]
-9999 -9999 -9999 -9999 -9999 -9999 -9999 -9999 -9999 -9999 -9999 -9999 -9999 -9999 -9999 -9999 -9999 -9999 -9999 -9999 0.480723720663771 0.436103730123997 0.328739526117761 0.247459944367664 0.129974808450733 0 0 0 0.14290620263616 0.208735035940825 0.25591313274672 0.315098456406269 0.338957836153633 0.297192613063636 0.29636210977034 0.352833755081004 0.427801053826654 0.443088913919662 0.450383026950624 0.45615489703792 0.459288982760143 0.464710369679589 0.471035407029605 0.470708864272042 0.46949173600506 0.458968959669866 0.421741001570909 0.404888060861792 0.43780486893218 0.465323368577144 0.475250398176483 0.475394336105135 0.473762620737258 0.471104604535087 0.467711637921526 0.464430035868157 0.462245064149131
-9999 -9999 -9999 -9999 -9999 -9999 -9999 -9999 -9999 -9999 -9999 -9999 -9999 -9999 -9999 -9999 -9999 -9999 -9999 -9999 0.496910216554586 0.456709333444591 0.37822713894647 0.261743640054416 0.142002536281334 0.0419438254609233 0 0.0532170277375229 0.189102183909199 0.254872946578785 0.328725756641828 0.355102866604903 0.351831154600001 0.314632662583043 0.32311575483107 0.370693593295414 0.415918313895246 0.432551825461915 0.437764394557054 0.44374321763267 0.455268742633162 0.465012013469232 0.467528948899739 0.465215406838636 0.45994862977148 0.445426297807951 0.412735054948175 0.409843149213678 0.444899806507879 0.465498264926091 0.474445821559246 0.473738114073826 0.472158882960433 0.469495950952664 0.465643225985651 0.462057049618787 0.459762685112577
-9999 -9999 -9999 -9999 -9999 -9999 -9999 -9999 -9999 -9999 -9999 -9999 -9999 -9999 -9999 -9999 -9999 -9999 -9999 0.49915833418079 0.485054358204129 0.423804040146546 0.302059977914895 0.162361745669133 0.0677633689924978 0 0 0.0550805400415336 0.188046242624595 0.255586007306942 0.329480873302521 0.360718296540271 0.379877293463652 0.329746132285652 0.308913178806696 0.376161591939139 0.40270227020933 0.415013877546939 0.399682467262879 0.405738968638059 0.443602011407643 0.458100863570252 0.458715442761579 0.450389453201174 0.436502333554249 0.408967406959351 0.389221338938382 0.411756957470172 0.446164899332607 0.463720060377423 0.471728212083571 0.471145096178976 0.469535514731237 0.46676980549761 0.462794918276618 0.459053925146876 0.456930012226769
-9999 -9999 -9999 -9999 -9999 -9999 -9999 -9999 -9999 -9999 -9999 -9999 -9999 -9999 -9999 -9999 -9999 -9999 -9999 0.489449990463196 0.461808821555901 0.41618833181041 0.331825878266954 0.16091288969293 0.0316692942485979 0 0 0.0258978815929438 0.159251320465134 0.223161218918598 0.317466201648018 0.366166894167739 0.385947173904569 0.349828195447614 0.326734549446545 0.37637565163041 0.398538650049061 0.389507174014236 0.364139083647141 0.384142606101735 0.434753293493045 0.451358174241324 0.443024451909256 0.424294099803099 0.415449196795861 0.382925447185348 0.362645436076877 0.403421210463501 0.445003530257813 0.46042024335261 0.466414078581442 0.466770761074634 0.466395042602934 0.463853589116524 0.459811300206792 0.456102777223727 0.454117743583817
-9999 -9999 -9999 -9999 -9999 -9999 -9999 -9999 -9999 -9999 -9999 -9999 -9999 -9999 -9999 -9999 -9999 -9999 -9999 0.480271977386387 0.475513321557588 0.441098845791992 0.361403415889979 0.21962646090607 0.0565913915138187 0 0.0266977252225319 0.123068807957661 0.159986626026132 0.205949333644347 0.289886630988094 0.34586523906617 0.374702575655144 0.385144740636835 0.350715963004669 0.352020722988207 0.399046089108064 0.375012746960327 0.356323654550494 0.387789687164157 0.428453862758129 0.447629322487651 0.425184520077643 0.39269066973768 0.375719559453246 0.339335094015451 0.350004605659141 0.406343326372333 0.441978816318988 0.455016978312844 0.460253102232646 0.46171116963612 0.462397846762614 0.459428517568325 0.455738616242862 0.45387004996377 0.452401563865915
-9999 -9999 -9999 -9999 -9999 -9999 -9999 -9999 -9999 -9999 -9999 -9999 -9999 -9999 -9999 -9999 -9999 -9999 -9999 0.442978596297335 0.44317364638972 0.416360054520672 0.348134280416238 0.233015783235311 0.100848047672511 0 0.041619944862673 0.165042307047225 0.179273985236621 0.182066526048854 0.273800503182707 0.338138060541124 0.350232321335332 0.32642888593311 0.311649279773881 0.34939530422012 0.402343859480321 0.382686295266309 0.365639937621899 0.389445977389259 0.424449529259673 0.441254682747086 0.402036731814826 0.35319783055346 0.320736360232585 0.308895426468766 0.367449623750247 0.412022842386297 0.437685598446369 0.448045133812718 0.453547785547147 0.455634499467869 0.456911950898875 0.455271195246757 0.45250692732093 0.450855109298906 0.450143508648911
-9999 -9999 -9999 -9999 -9999 -9999 -9999 -9999 -9999 -9999 -9999 -9999 -9999 -9999 -9999 -9999 -9999 -9999 -9999 0.404804040322683 0.390817875527903 0.379585884375539 0.296337007522314 0.172212638215218 0.0840758130820106 0 0.0043810590084272 0.165722517859822 0.207395033180713 0.185486021440017 0.273438241001699 0.33715728597232 0.310727649127181 0.222143484040913 0.252375832544339 0.365519353817268 0.406562743776169 0.400473524162801 0.38823094168069 0.394669517436432 0.42162182607428 0.43540341473717 0.387927557948835 0.328941215564516 0.287745346592754 0.300265140903979 0.389957282766077 0.421025504937344 0.433005317053174 0.44110835718558 0.447072231885533 0.449976769935391 0.452016326756056 0.451776714216071 0.449578029600788 0.448190149439103 0.448252526797375
-9999 -9999 -9999 -9999 -9999 -9999 -9999 -9999 -9999 -9999 -9999 -9999 -9999 -9999 -9999 -9999 -9999 -9999 -9999 0.436802939850687 0.405690799888536 0.35454221351029 0.241974616413849 0.0869323291818956 0.00673170972534343 0 0.0101955548292468 0.17553336382602 0.200059423915923 0.192903927707072 0.296355778239424 0.353035130821682 0.299952864083015 0.251923833011858 0.340757685343053 0.393203733123146 0.407344038925755 0.407367281768441 0.398965620526214 0.399447464476711 0.418633358165965 0.43289712456956 0.404945236865141 0.344384972379561 0.273478869960739 0.282769886181914 0.375480868798203 0.416542911574445 0.429920800059639 0.436535483399361 0.442910388188348 0.446399372160934 0.448840677347679 0.449366287312756 0.448131492718674 0.446895043952377 0.44715052785221
-9999 -9999 -9999 -9999 -9999 -9999 -9999 -9999 -9999 -9999 -9999 -9999 -9999 -9999 -9999 -9999 -9999 -9999 -9999 -9999 0.437626642812236 0.392612626648899 0.298680232695479 0.134655869632923 0.0228543058084837 0 0.0379116609114873 0.150053167706602 0.145021742191024 0.139146419336997 0.271668026134169 0.339713209886902 0.352617267294768 0.346185305984491 0.37508511667738 0.386546224998841 0.394941132313246 0.406662905701112 0.406327865444488 0.398068388628091 0.408368798153851 0.423166114868599 0.415432975083922 0.378095534188928 0.288481926201307 0.285772425374726 0.383026462723049 0.415951931407791 0.426246644627479 0.43305034532817 0.438659639935517 0.442158614336875 0.444909932152911 0.446461456824215 0.44578406692926 0.444818008659932 0.445926241682652
-9999 -9999 -9999 -9999 -9999 -9999 -9999 -9999 -9999 -9999 -9999 -9999 -9999 -9999 -9999 -9999 -9999 -9999 -9999 -9999 0.406378172496063 0.408758174697898 0.343981792445305 0.209230273508458 0.0514066206841391 0 0.0404156035534232 0.144479986188792 0.118563414129302 0.130389863803737 0.23379238147007 0.317575753151737 0.371008894054117 0.373196380334638 0.376216571846326 0.378608575980139 0.379370565500797 0.393592136968762 0.400951806982988 0.399478376781446 0.404900467608379 0.409370698540101 0.405652428744494 0.373792735224215 0.323775504123295 0.336065437882061 0.387447632888981 0.408378081947755 0.422171339968464 0.429133861609699 0.4349237928247 0.438531499796001 0.441634444383128 0.443746940479285 0.443030904242137 0.441807123711055 0.443813052225195
-9999 -9999 -9999 -9999 -9999 -9999 -9999 -9999 -9999 -9999 -9999 -9999 -9999 -9999 -9999 -9999 -9999 -9999 -9999 -9999 0.39448913214535 0.379873925344969 0.309837407024176 0.187844889143455 0.0832712329050415 0 0 0.0718244243300255 0.0476640158442434 0.161352465897004 0.261884698289935 0.324777422545688 0.368013518313284 0.372938140479319 0.377486596284323 0.378181929266087 0.372646569162226 0.379617954308199 0.391896648715327 0.389125892366308 0.385608933655895 0.387223651112479 0.377258660036453 0.351812437378154 0.320078309622779 0.330643364230819 0.38331418734526 0.406118769119141 0.419964798172749 0.426589784134832 0.432609695305809 0.43649871728306 0.439542230750309 0.441534035493666 0.441976649312004 0.440833238011189 0.440742764453536
-9999 -9999 -9999 -9999 -9999 -9999 -9999 -9999 -9999 -9999 -9999 -9999 -9999 -9999 -9999 -9999 -9999 -9999 -9999 -9999 -9999 0.397757296222973 0.332412935406404 0.203756475755191 0.072842070438084 0 0 0 0.014468439503167 0.156856279400701 0.273623563592263 0.334680929501064 0.361075633642276 0.365848091536247 0.372029145762628 0.377353837278621 0.368784218550401 0.36595272392117 0.377878766866192 0.374463586912245 0.355345624040643 0.3379584674335 0.344710322286925 0.353175848546932 0.317005222104859 0.314723500076605 0.372654895226231 0.397792329833901 0.417951183043743 0.425591793512128 0.430763944269296 0.434060277813034 0.436931087612305 0.438305699303105 0.438765875768841 0.437872665657149 0.436899891485816
-9999 -9999 -9999 -9999 -9999 -9999 -9999 -9999 -9999 -9999 -9999 -9999 -9999 -9999 -9999 -9999 -9999 -9999 -9999 -9999 -9999 0.429325700931578 0.386406039534333 0.265297247763136 0.153625387300897 0.023082163983986 0 0 0 0.162062748981563 0.273723419542408 0.327267931314081 0.354385666800137 0.358905900503172 0.366307083069139 0.374530154113667 0.362068292687445 0.35175373722218 0.365022734532468 0.359294251194423 0.32026410071455 0.299551681028662 0.330026584831199 0.346326792476104 0.325226808575625 0.326423611298172 0.3695651527404 0.39753043521432 0.415555284789668 0.424468394939742 0.429734650171926 0.432164910394224 0.434464283766571 0.43572265028619 0.43574529018916 0.435030347799163 0.433680048981395
-9999 -9999 -9999 -9999 -9999 -9999 -9999 -9999 -9999 -9999 -9999 -9999 -9999 -9999 -9999 -9999 -9999 -9999 -9999 -9999 -9999 0.445604446782747 0.358583320740218 0.28402037274018 0.193989285384636 0 0 0 0.0344027404690672 0.168248092251044 0.288040020894773 0.332635413651708 0.348708170775662 0.353907246819155 0.361653307388274 0.371213868414886 0.371851022891069 0.362452264764804 0.357613453427946 0.335943944550822 0.28189251568227 0.282417849981165 0.327433727015339 0.332752760327609 0.332566599126089 0.351063483126123 0.377336394055161 0.399627340172928 0.41546858175516 0.423687330225633 0.429164127900427 0.431580781593545 0.43344995549247 0.434295068346673 0.434565502315766 0.433867933497606 0.432067878452763
-9999 -9999 -9999 -9999 -9999 -9999 -9999 -9999 -9999 -9999 -9999 -9999 -9999 -9999 -9999 -9999 -9999 -9999 -9999 -9999 0.44860908065003 0.44304353020922 0.385563512328967 0.322132346436324 0.274699492107738 0.112692438251534 0 0 0 0.169164832812451 0.287117914528124 0.322005271459032 0.340233980269977 0.34669482299836 0.355178091655921 0.366241511532978 0.37029835947038 0.361400918015923 0.355988014004017 0.331733636125022 0.296321714775726 0.309406262004076 0.317297645395324 0.311601663414714 0.334061404025598 0.363294911996535 0.383329230405832 0.400957432581514 0.413514442042843 0.421667768200837 0.427645231245239 0.430191586296599 0.43118660504004 0.431061120707254 0.430502858972212 0.43071512680698 0.430118321121502
-9999 -9999 -9999 -9999 -9999 -9999 -9999 -9999 -9999 -9999 -9999 -9999 -9999 -9999 -9999 -9999 -9999 -9999 -9999 -9999 0.423084265564657 0.423328558923879 0.38126730265866 0.338325394239157 0.24538861465617 0.023065175382694 0 0 0 0.18769858010429 0.287244805393466 0.309360915719692 0.333612288455523 0.343696618876467 0.351553492909836 0.361285539734703 0.36443096687149 0.358313872843798 0.359547842153114 0.351571430607555 0.330595430074734 0.333090519968137 0.335253594923933 0.336715328504209 0.354376332646899 0.371158060610345 0.388817472605346 0.404063485486236 0.4134180380728 0.420266598591981 0.425529857568872 0.428094694980051 0.428470797694933 0.427565728625418 0.427067173168915 0.42669457357923 0.426247466983315
-9999 -9999 -9999 -9999 -9999 -9999 -9999 -9999 -9999 -9999 -9999 -9999 -9999 -9999 -9999 -9999 -9999 -9999 -9999 -9999 0.415171459783734 0.403763435811477 0.370724654416995 0.3491274630755 0.285502485987885 0.0870192597660892 0 0 0.0211168235053122 0.21776364512556 0.288417969040865 0.304798511378415 0.324421216670246 0.341219506725635 0.349487468310281 0.358740109220145 0.362545053645845 0.359087697560361 0.362033043006247 0.355922711845715 0.336405865945226 0.339217924465078 0.346957910475119 0.348768394735696 0.361224367686666 0.377467775116611 0.392401276574351 0.404720747724097 0.412768608147277 0.419370111930753 0.423880659442852 0.425679817097842 0.425720528260732 0.425269067053895 0.424884758355541 0.424560150144638 0.424329124036831
-9999 -9999 -9999 -9999 -9999 -9999 -9999 -9999 -9999 -9999 -9999 -9999 -9999 -9999 -9999 -9999 -9999 -9999 -9999 -9999 0.430468006055892 0.417423855800766 0.393645477821428 0.375609254840219 0.351582638109763 0.236511028934923 0.0242640011022097 0 0.0152379355522965 0.212388777058598 0.284304192027329 0.27802603927278 0.29770809204532 0.331684275520781 0.345472207052811 0.355452268848711 0.361919647228832 0.36584447587814 0.369594920397186 0.360898099756609 0.34570314421705 0.350314902102085 0.363347920575101 0.372041570731028 0.380398060344526 0.389193402103841 0.399122661471297 0.40741162927656 0.412927229270617 0.41864266628294 0.421461969350272 0.421841122967568 0.4216710942012 0.421615170160326 0.421606838179403 0.421709562514875 0.421969977906042
-9999 -9999 -9999 -9999 -9999 -9999 -9999 -9999 -9999 -9999 -9999 -9999 -9999 -9999 -9999 -9999 -9999 -9999 -9999 -9999 0.445161030215565 0.432642758914293 0.406310718040519 0.373541704040247 0.341422522717443 0.223725406820017 0 0 0.0576125368014031 0.181979500573365 0.264430972322559 0.259325392616354 0.28937091144126 0.324810424360429 0.340037787752377 0.352141943335508 0.359033841848727 0.363447653367274 0.364528695893377 0.354822281128478 0.345747280050947 0.35277779643633 0.364439932703789 0.374260784455567 0.384117685108741 0.392063000522004 0.399861442729996 0.407385194454656 0.411946530342503 0.415355055180956 0.417432749427381 0.417859992161137 0.41834249033315 0.418684313334516 0.418725706761547 0.419183152761295 0.419384861799255
-9999 -9999 -9999 -9999 -9999 -9999 -9999 -9999 -9999 -9999 -9999 -9999 -9999 -9999 -9999 -9999 -9999 -9999 -9999 0.441428753631438 0.439562785776841 0.416832580586577 0.360221399989264 0.306455561161516 0.269040106202111 0.14219034016032 0 0 0.0116732905637313 0.143408682446029 0.236875576757296 0.242874443236826 0.280338870335823 0.320325682751518 0.336740469857063 0.349546562157614 0.356848329939379 0.361565907090837 0.356902553989544 0.34549880332354 0.347399005392288 0.357867184456547 0.366855718315501 0.375972021206556 0.385065896507587 0.392542934796519 0.399090181421434 0.405789927580563 0.410501343970532 0.412966149692443 0.414456413401605 0.415305116151396 0.41610171273778 0.416861259785135 0.417098509817632 0.417499680221859 0.418158127581574
-9999 -9999 -9999 -9999 -9999 -9999 -9999 -9999 -9999 -9999 -9999 -9999 -9999 -9999 -9999 -9999 -9999 -9999 -9999 0.413666535295232 0.414999839793503 0.410253556976933 0.375138871823662 0.344464676006278 0.329340585706034 0.179913019531594 0.00492112179723619 0 0 0.105973595882992 0.186520454119822 0.222402253515883 0.280615424778375 0.316075281464629 0.33252243930511 0.345421167758819 0.352729087482571 0.358188942107394 0.35225561815805 0.339833215551627 0.346707359931446 0.360985112579668 0.36843891769992 0.376345048805578 0.384629132356637 0.391253476266735 0.397080600227049 0.403192071947781 0.407228482461314 0.409271652601808 0.410695873108172 0.411574032343109 0.412705936985494 0.413811514002433 0.413923075105498 0.41437833422833 0.415505732687871
-9999 -9999 -9999 -9999 -9999 -9999 -9999 -9999 -9999 -9999 -9999 -9999 -9999 -9999 -9999 -9999 -9999 -9999 -9999 0.400654768813756 0.40985198743295 0.41736723537474 0.402862265358401 0.372622159415557 0.270409282150135 0.116059374527288 0 0 0.052915242325691 0.104674411489911 0.17923783256233 0.210478417108977 0.277037416636776 0.316323581322721 0.329779505670592 0.340711528440661 0.348649007505937 0.354362935872461 0.352543605490955 0.345157406279975 0.349662932675829 0.360997891859191 0.368464807655916 0.375463267914215 0.383365210445951 0.38951626303766 0.394967113914655 0.401054757756692 0.404421080715187 0.406169720652736 0.407546457252995 0.408206850284834 0.409303502592438 0.410592362366424 0.411164080120511 0.411667948525529 0.412815779671432
-9999 -9999 -9999 -9999 -9999 -9999 -9999 -9999 -9999 -9999 -9999 -9999 -9999 -9999 -9999 -9999 -9999 -9999 -9999 0.412450877180817 0.409606731533967 0.411447376237221 0.390136309738219 0.347664719765022 0.234313459214069 0.0735360964278653 0 0 0.0550232747236141 0.133443254089351 0.18542267637668 0.20893001829353 0.268240296152657 0.31233221648472 0.326865722963893 0.338094718119829 0.346042033363889 0.351685472227688 0.354644288897252 0.352585282038693 0.352943077168524 0.359858641886047 0.366815614274936 0.373282861558161 0.380719999831995 0.38688435589228 0.392431062078063 0.398321602777845 0.401666904926992 0.403384009469526 0.404945224725732 0.405685627715159 0.406577174536027 0.40775897205581 0.408272087198713 0.408764552298102 0.410269783749662
-9999 -9999 -9999 -9999 -9999 -9999 -9999 -9999 -9999 -9999 -9999 -9999 -9999 -9999 -9999 -9999 -9999 -9999 -9999 0.433309406932224 0.422441363487654 0.393616771850077 0.378832919566183 0.344857163823113 0.245321876576603 0.109346892705456 0 0 0.0787307229707906 0.159691996993235 0.1904230053117 0.202299121043979 0.244813513351277 0.300010684680594 0.324010513439612 0.336674045594185 0.343485054505481 0.348696436925662 0.354186310304397 0.356834313599973 0.356888533961051 0.360229146315835 0.365005650036215 0.3702491741617 0.376069518163079 0.380463248458807 0.386979099726521 0.393682559210805 0.397062420448248 0.39938223235433 0.401277906257606 0.402219284968531 0.403143211568602 0.404137322422139 0.404708906665939 0.405445104060627 0.406850698768588
-9999 -9999 -9999 -9999 -9999 -9999 -9999 -9999 -9999 -9999 -9999 -9999 -9999 -9999 -9999 -9999 -9999 -9999 -9999 0.423315148472428 0.41793050623032 0.401156262782998 0.373731125807295 0.315193470322275 0.229516969423763 0.117478172089911 0 0 0.107314835704754 0.175533235748585 0.19214140465052 0.197777425963553 0.222727197386561 0.277196727154685 0.319823971795684 0.335577369190715 0.341955847225699 0.346570102002418 0.351739910310458 0.355149366855073 0.355915781271941 0.358308725105622 0.362029418452129 0.366177672372024 0.370734773627041 0.374980678491924 0.382127384369071 0.388611092146075 0.3919233096056 0.394587509655025 0.396919488678759 0.398095021219081 0.39932897680863 0.400785392362655 0.401843047623014 0.402591619337722 0.403562133407879
