layers/veg_krg_sqold/veg3100.asc
NCOLS 255 
NROWS 330 
XLLCORNER -2985163.8955 
YLLCORNER -3022031.214 
CELLSIZE 25000 
NODATA_value -9999 
[rows 175 to 199 of 330, columns 114 to 170 of 255]
0.501972520674807 0.501336768701893 0.500876344140243 0.500708157541932 0.500723804358997 0.500515210243867 0.500351293288541 0.500169318148294 0.500053465379109 0.500294854009981 0.500566895307211 0.500757100239223 0.50119573529626 0.501701974566615 0.502409662913357 0.503349034867428 0.504104508627734 0.502957293337174 0.495398234135484 0.485780521246043 0.483319664858662 0.485340534065636 0.486753265556064 0.485183155345837 0.484662179545655 0.48770258708115 0.492910954684987 0.49570612598975 0.487201926109961 0.474853040062649 0.470647543495228 0.475259985004177 0.476180053712053 0.462566855605953 0.446759162909742 0.432389487818039 0.41383803343253 0.413214449358834 0.414559742696145 0.394523613948661 0.377409349606943 0.358674485094301 0.331832939211086 0.315629383263675 0.329808482614794 0.359995388305073 0.392539385905954 0.410765642795392 0.426367550721487 0.452180245916495 0.490959061043034 0.536739961820347 0.560546678469184 0.552053945171778 0.542791004024948 0.562558985467667 0.585976808546019
0.501294276168064 0.500640531091292 0.500055474809648 0.499715790421851 0.499623994169958 0.499393851706663 0.499311218817062 0.499169719637854 0.498931478017834 0.498980841822834 0.499208287580298 0.499433313872353 0.499795291349166 0.50045491839234 0.501161684916081 0.500869029232195 0.501320096387632 0.502211849298792 0.498612068792133 0.489911072776456 0.479829866583639 0.479541092999927 0.486387998823134 0.488927805021461 0.487706635597137 0.48913795996433 0.497166875545874 0.495363540166647 0.481160267106272 0.464712206528178 0.455660708322404 0.456705223064173 0.465430023026789 0.469379975229381 0.454460374261521 0.428435188229318 0.401422231288187 0.396476035313862 0.411015792991686 0.395363515398913 0.362612507882427 0.350987547907187 0.319347908195178 0.308018539993968 0.339932395711056 0.390430935785219 0.429868294268726 0.453218407339715 0.486330196828256 0.483747119872547 0.504940576219239 0.554639594137895 0.569267146071691 0.573598484265235 0.575345009848337 -9999 -9999
0.500547584668534 0.499929745863515 0.49927271168497 0.498930178809563 0.498676348469323 0.498391228772341 0.498238536507838 0.497814749442904 0.497631282410374 0.497674977609408 0.497766933887945 0.497990453580152 0.498598464985955 0.499235519539149 0.498868413247085 0.496008943444434 0.49563450995218 0.499086043696226 0.497756831614075 0.491522753323271 0.482725828011511 0.480678207988745 0.487493963622461 0.491895763166444 0.492376944127533 0.493781684610224 0.499602120435091 0.495125543926523 0.479895590985131 0.466897832186779 0.459404440917285 0.456848179476615 0.463919208639138 0.470559796458284 0.459615094895702 0.440726926561075 0.412593196252096 0.392931769164169 0.40090445328373 0.395431206819828 0.373094488255848 0.357373014174637 0.337023306258972 0.326720451636139 0.350905325267097 0.399614630159651 0.426577592917867 0.438236438016247 0.462620068338837 0.472373492953753 0.507420187725736 0.551409006837846 0.568720680042378 0.576258994656271 -9999 -9999 -9999
0.49908600154072 0.498593778638036 0.498115932228634 0.497613533750458 0.497182910267729 0.496810184064901 0.496497175159346 0.496021911450007 0.495653240641549 0.495648612541833 0.495672173822837 0.495931795569786 0.496482866107528 0.497074847784857 0.495332729027291 0.491817900249188 0.486144322360273 0.486425919182116 0.492313865568448 0.489144172734298 0.481200665150094 0.476998879821214 0.483927931709173 0.490809995643202 0.494888576637996 0.498773691570002 0.502486330179492 0.500666123885689 0.494531312131901 0.493928413729172 0.487100947994923 0.480683541782604 0.478692492701587 0.460835166329625 0.450454796269746 0.437795551520936 0.409065385726713 0.385601150639877 0.381963793412852 0.387509753394559 0.385088709090823 0.374899110255802 0.367263227609881 0.360662574958176 0.374723495512736 0.396060319571261 0.392575118232032 0.403338951367125 0.446884164477416 0.476927803263223 0.50838441656348 0.560516077279417 0.573185450429819 -9999 -9999 -9999 -9999
0.49731040101463 0.496997681565207 0.496635826996885 0.496103252261723 0.49574987214626 0.495126132616637 0.494291150536513 0.493912823890972 0.493788878295071 0.4934808076875 0.493398761521483 0.493678264437188 0.49401882643547 0.494699173268914 0.494023466932007 0.490901955629854 0.482577194105041 0.480506537131443 0.487887713347108 0.485178622273398 0.477817825336143 0.477979550728773 0.485788199582316 0.492162095203995 0.496562320053741 0.500144318868284 0.5043598058977 0.508842476293841 0.514569329017154 0.516079225845519 0.512615445670529 0.510449935457769 0.502446674457515 0.481673261471323 0.467088548667792 0.455447494035961 0.432085398688158 0.407547002793533 0.390909685312795 0.392175566564057 0.397707868971631 0.38963404653842 0.380341202182223 0.375566165103341 0.372858891415328 0.373566630991415 0.389151757211422 0.426449599867973 0.500343355300826 0.565374884902686 0.577850696161919 0.572899950056937 -9999 -9999 -9999 -9999 -9999
0.495914966975896 0.495693029171351 0.495703690300773 0.495358952162073 0.494692881832701 0.494044598981928 0.49353240435233 0.492991011087855 0.492419293324431 0.492003334799292 0.491739327228209 0.491682325306124 0.491832713885812 0.492310233842489 0.49221858615727 0.488424470976525 0.48439593806837 0.484575980434223 0.484302321847264 0.47448956472565 0.468847217852926 0.476796355648532 0.480304663927104 0.484117732133483 0.489202189353375 0.498866329869564 0.503948430121664 0.504330828866977 0.510152191482238 0.513046347892707 0.510921549565641 0.515851143294423 0.519412043180898 0.509574999232596 0.498584171278998 0.474119393366339 0.431450651500321 0.400529398814181 0.382420833695698 0.386787429396754 0.401886447695622 0.394944325992615 0.386712502928301 0.387456665369932 0.385913855678566 0.386264843122905 0.394154064002767 0.45669308037899 0.547813444870888 0.576275892768227 0.581957467118576 -9999 -9999 -9999 -9999 -9999 -9999
0.494114449162477 0.493727317543195 0.493740721510299 0.49348004657239 0.4926370498711 0.491573111573598 0.490786600218167 0.490302151705964 0.489579863441567 0.489148190796729 0.488879765411015 0.488592689910354 0.488472496346675 0.488434536738151 0.48806070669196 0.482502462429305 0.477873748784815 0.478067117119156 0.478507894517109 0.475542395208634 0.471732867051665 0.471754519180787 0.469253816394592 0.477257587927832 0.487623239594574 0.497342228293014 0.500456546201469 0.496790707263737 0.497271796370486 0.500674827808759 0.498676305199122 0.508522350633451 0.524667277378812 0.514600496419599 0.493834121808613 0.471056109031711 0.43633206005162 0.412711185523578 0.403816863272825 0.403661089416885 0.41275182505646 0.409637895848921 0.402678921193012 0.397765434026988 0.394027053556402 0.388070206638301 0.383115285527935 0.448640918971262 0.553201576954945 0.584870705676882 -9999 -9999 -9999 -9999 -9999 -9999 -9999
0.492616396520357 0.491992547259964 0.491630716746747 0.491328244360374 0.490643063496913 0.48951165412993 0.488645636989787 0.487861728672694 0.486882930179351 0.486327982500268 0.485849388149926 0.485317111529812 0.484770830426785 0.484218715795944 0.4827860878932 0.478169681525977 0.477368715026672 0.480886054373925 0.480904642644688 0.480592102712167 0.478283287148428 0.476975907296341 0.474417490944835 0.469445585833569 0.478012039865442 0.493204422817656 0.495397030900606 0.486959398501127 0.476482987173542 0.476310907008871 0.482968378176171 0.498502257061031 0.528046017137134 0.526295612742455 0.489923497536212 0.461939304825424 0.432644135512459 0.418879020022374 0.423627841381371 0.42149930320571 0.423350735856053 0.419103786356367 0.413185465824932 0.40989252883317 0.407673218135839 0.400066983848744 0.383649798804962 0.468177158106342 0.601790988453869 -9999 -9999 -9999 -9999 -9999 -9999 -9999 -9999
0.491146718431581 0.490449653333983 0.490031962810531 0.48957619603901 0.488805460247986 0.487661545876446 0.486561538122874 0.485704105823327 0.484635032655064 0.483712585742283 0.48295471391217 0.482252207580954 0.481660444561735 0.480923703022541 0.479377060634878 0.476522749054133 0.476071818373424 0.477678877309841 0.477771778521772 0.475351528576724 0.47400302101753 0.46963430761879 0.460492682819594 0.464560496173165 0.476580631111841 0.488610367047996 0.488532382238334 0.477529104901258 0.471779339417861 0.472369482057444 0.476645767106691 0.488140431284444 0.517803858460037 0.521848890982685 0.489429194289034 0.452664532586654 0.425040529884111 0.416911087397294 0.418804050033861 0.426037303846456 0.423964001943558 0.419523044548567 0.415644144664874 0.412651436986561 0.415037569429391 0.422086448436757 0.438585193975908 0.545854590732819 0.647716513380657 -9999 -9999 -9999 -9999 -9999 -9999 -9999 -9999
0.489494111816216 0.488693527727252 0.487822121380359 0.486996956499385 0.48613813272607 0.484920774672111 0.483560547638991 0.482424910820772 0.481265901806243 0.4799135203513 0.47900353505642 0.478061449334256 0.476540257494577 0.475013376096899 0.473871356908828 0.472090044693765 0.468872222962972 0.468793645712639 0.471752004686386 0.471317416467879 0.46817616881149 0.461553079358677 0.459425175254321 0.467036589038389 0.477533385941301 0.47710977414232 0.467396033602376 0.463361161309143 0.466443743290019 0.479676332434682 0.489920968423743 0.498815720255579 0.507017360763684 0.498683255570937 0.474315772015199 0.440284432698264 0.403826759753653 0.392086673670937 0.395226087570458 0.394529803397302 0.396200247163969 0.40406946269717 0.420156479509025 0.420109952283686 0.423066524536162 0.460482567596029 0.520482613209281 0.579086151320001 0.605596598563711 -9999 -9999 -9999 -9999 -9999 -9999 -9999 -9999
0.488338438646026 0.487045740641135 0.485633899631798 0.484611954011178 0.483546963087213 0.482047235737344 0.480592141714066 0.479451098889037 0.477988002998016 0.476296636512342 0.474921793969529 0.47337259795315 0.471118935888948 0.469161622148471 0.467642027939053 0.46514367838765 0.45997264824578 0.458307666759999 0.46238894248908 0.46274983190488 0.457121305221282 0.455338392298535 0.459946499014109 0.464666079852054 0.465707253225091 0.456502245919587 0.449771561864693 0.456590115292414 0.471471317281577 0.483449857082807 0.485333134740786 0.493424258095241 0.505109800041964 0.489847118041065 0.463701267559793 0.436134699085536 0.402792406976575 0.380435815226902 0.384247746720225 0.377898386560005 0.37159595804539 0.390731354134669 0.421798654608359 0.443788055783266 0.445451167117795 0.487817499225358 0.549851030711609 0.575989258192775 0.592332249260491 -9999 -9999 -9999 -9999 -9999 -9999 -9999 -9999
0.487319485646398 0.485906887921575 0.484233049133402 0.482951468241727 0.481758645231917 0.479817804800047 0.478114332880106 0.476956685849912 0.475395835339129 0.47343743988283 0.471794181300471 0.469709826950109 0.466788781897322 0.464669502601704 0.462997962158923 0.461162491712704 0.459114515741056 0.456807370424168 0.456639277586278 0.456768905409044 0.451135274441275 0.450362125270288 0.456101001049598 0.455200883113162 0.442999213896433 0.430510475230693 0.443116109374928 0.462212178865986 0.47224329816566 0.478319947263968 0.480117410044724 0.493695554421038 0.492424380456008 0.47400921247801 0.463952068125916 0.437339025006703 0.408485181457092 0.399882221737629 0.403747962286098 0.391286959408863 0.378723697693574 0.377447547495102 0.403916429490836 0.446915759739462 0.466854614239537 0.503486397805623 0.545976819921386 0.564077673584846 0.579932985951106 -9999 -9999 -9999 -9999 -9999 -9999 -9999 -9999
0.48549923879246 0.483780781819391 0.481887179245709 0.480282810763808 0.478637318527071 0.476418271178497 0.474397615443395 0.472852803840666 0.47109873539485 0.468883213173685 0.466415586894597 0.463618031313441 0.460456252648386 0.458170764891107 0.456096089222286 0.453685702157683 0.451816904565792 0.450127290369992 0.448683400002883 0.448006623143091 0.445778975576411 0.443653004651633 0.443981331929834 0.437269590690816 0.430058802568621 0.436638314291921 0.448283968866871 0.457762727689106 0.463450321315831 0.46807944236421 0.474212763277919 0.477422528514015 0.473240039056298 0.466768761792757 0.461048014279347 0.445934169576819 0.427204224588953 0.415085107913233 0.400576221934576 0.389947718130659 0.384899590155664 0.387048156501438 0.423947192997879 0.459885170652514 0.475390473149337 0.498449154618888 0.532238694337371 0.559515534255724 0.561708208396007 -9999 -9999 -9999 -9999 -9999 -9999 -9999 -9999
0.484073537735994 0.482073503663186 0.479847257438587 0.478035101995924 0.475974758937166 0.473210117686391 0.470942244108148 0.469036254795509 0.467070585365442 0.464303416716489 0.460610742680383 0.457134814497599 0.453540022918482 0.450604570716962 0.447922372305572 0.444939012580763 0.443063682894481 0.44146880355057 0.439035789177578 0.436600852283428 0.434165096913397 0.427166595179062 0.420173453374038 0.420917990803047 0.43099635498676 0.443382349566553 0.447166735292624 0.447212666114814 0.444705826606372 0.446303932483858 0.455731159508493 0.451897772289542 0.433749832024701 0.432363590633182 0.438935092364213 0.446362611093319 0.434236738604677 0.410719925282025 0.392029073376461 0.385974444098917 0.383726429563002 0.375475176897979 0.399989462989172 0.442617096439315 0.461147507095182 0.480146598826253 0.519310050447479 0.547580642340036 0.551233613111854 -9999 -9999 -9999 -9999 -9999 -9999 -9999 -9999
0.482328623157 0.480262470191281 0.477892219192724 0.475800222764071 0.473623333187731 0.470773063471917 0.468189794794026 0.465968458784473 0.463796417155523 0.46039634994422 0.456256429993109 0.452794347033976 0.448697461407727 0.445186333418746 0.442157084200483 0.438858877989775 0.436160816560903 0.433917429360362 0.430914885728952 0.427826638942794 0.424709288851066 0.419814392988975 0.413714435361357 0.412070215602727 0.418924886289472 0.429565945780646 0.436391318652126 0.435172901653373 0.4308277286719 0.42802842504525 0.437193000583966 0.440499044409722 0.42512818473434 0.421116214700139 0.421930011281252 0.426104946858839 0.428359363472761 0.410617508914339 0.387338669288564 0.377969349361397 0.374705348201835 0.373156960385119 0.380128892217434 0.407146250875216 0.442597882564311 0.470061903088828 0.498719664802281 0.520518328438879 0.531897208017595 -9999 -9999 -9999 -9999 -9999 -9999 -9999 -9999
0.4802750175462 0.478022049098624 0.475206550683256 0.472688723044387 0.470232441058152 0.467050858251238 0.464190781906881 0.461942826811329 0.459444343810686 0.455287889080258 0.450357752536108 0.44610823330347 0.441471297216829 0.43767208262733 0.434044299442543 0.429852227326285 0.426433715199258 0.423073791517573 0.419251630189903 0.415373395027371 0.410685044289071 0.408406287461511 0.40972415716426 0.411314738740475 0.409891166992116 0.406761221217066 0.40883515885637 0.41298362462203 0.410987703631396 0.406302368396339 0.417437833115038 0.425666210164106 0.414555939879921 0.404332204924107 0.402578863812548 0.411003204778674 0.402004292819571 0.383966018123781 0.37167732380154 0.356180794769394 0.349111516752213 0.344190278947468 0.348155761534174 0.358095043689398 0.384347929469598 0.433710539356179 0.468564371263087 0.494396712014823 0.512761129283875 -9999 -9999 -9999 -9999 -9999 -9999 -9999 -9999
0.477558960479246 0.475287457381086 0.472350929078947 0.46971875428158 0.466921629842805 0.463276839841984 0.460155278142207 0.457591951125269 0.454722227791071 0.44983134873645 0.444176230639872 0.439671435546649 0.434521398210956 0.430053350903145 0.42596163694004 0.421022078078725 0.416439842724793 0.411873596985077 0.406521503040989 0.401376110573314 0.398178992757162 0.399392977884658 0.399540268710866 0.396646055941009 0.394458419616677 0.391483554305392 0.391474354848406 0.39517766601572 0.400032177135927 0.400325640862668 0.400945349381064 0.408201840141345 0.404999737841694 0.395720798584766 0.399280233524875 0.40189358857696 0.384532695722952 0.365622922968492 0.351621306911866 0.337551384621455 0.319225880723278 0.300815464966377 0.277771179876625 0.275547994134481 0.308300082379946 0.357870712686644 0.382762087771943 0.419161442354991 0.481989334713818 -9999 -9999 -9999 -9999 -9999 -9999 -9999 -9999
0.475206470984623 0.473017641189507 0.470111577905675 0.467340428455642 0.464369665813484 0.460414706175163 0.457154100826418 0.454713840757834 0.451212167994873 0.445594359865434 0.440201697884224 0.43587429409809 0.43027061780557 0.425630057434448 0.420981051800884 0.414581149134378 0.408844515035673 0.403490189403205 0.39698728977446 0.391788697446595 0.389556812376184 0.388249184209436 0.384690008313306 0.380557979937 0.380352628215101 0.384022755565276 0.390779480022771 0.396352035106624 0.397733189935112 0.396199118447479 0.396672336729578 0.401660004504525 0.402659440267057 0.393011547693068 0.383305994894246 0.377091303925091 0.369354621423544 0.358911458706199 0.342067784564478 0.322462653139786 0.304753564373376 0.289786952578221 0.258634357961015 0.222649044591356 0.259654010910665 0.359451487732683 0.401540880968296 0.433180379535749 0.469498311166265 -9999 -9999 -9999 -9999 -9999 -9999 -9999 -9999
0.471903116782645 0.469696347387494 0.466749140675947 0.463875802493289 0.460543458099361 0.456371964513817 0.453252495621459 0.450853526087296 0.446840966011893 0.4402311255379 0.4344518980153 0.429975968364674 0.423860441568291 0.418198812527111 0.412048226184005 0.40434234745417 0.397675604285823 0.391001028629632 0.383282509303747 0.376804730247715 0.37116495835967 0.36590540727747 0.362534285471355 0.360103158116282 0.360649909450873 0.363944534903993 0.367548955755098 0.374722755862041 0.381106468148264 0.384046405898591 0.392245046016221 0.400022042488334 0.400923506586686 0.399210187630599 0.395498616229131 0.384908603364995 0.368972165666881 0.355254737766394 0.331054185740666 0.304261935865194 0.286017023208001 0.266491556369408 0.232299767403516 0.192327488475945 0.238518744885975 0.350068069432215 0.403800346460152 0.436522464435454 0.45835336181397 -9999 -9999 -9999 -9999 -9999 -9999 -9999 -9999
0.468899723342937 0.466523830987043 0.463519397891761 0.460612121507828 0.457012819680696 0.45262043533407 0.44973619663761 0.447623470014115 0.442968056602765 0.435188258535251 0.429245324313369 0.424650892719887 0.416845985360528 0.409680694343507 0.402651099715111 0.39432989371041 0.387317564215548 0.379384332791953 0.36972834370846 0.361135210448615 0.351676000349676 0.343058445782781 0.336239280282731 0.331937795632962 0.336383338129262 0.341929534720762 0.344989395813869 0.352905789542807 0.364509495071734 0.374292751550106 0.388783768492105 0.399800837522778 0.395012410060701 0.390532590177448 0.398843984011942 0.395857385382939 0.377530357803422 0.356485104516344 0.326604138022417 0.292796533350325 0.265240981158308 0.241951014201657 0.217220752089754 0.208312302035768 0.266402962320101 0.360391303395149 0.405521400086215 0.419651681535551 -9999 -9999 -9999 -9999 -9999 -9999 -9999 -9999 -9999
0.466741062346743 0.464257136144009 0.461197691300871 0.458081478402728 0.454326712806649 0.450321213996847 0.447725964316918 0.445318257657988 0.439793906152101 0.432376857295279 0.427078525357198 0.420599662927688 0.411060319534799 0.404189309170174 0.398293368018896 0.388961876880742 0.380333626556401 0.371928808655982 0.36038603266478 0.349057231820695 0.337597528457818 0.322565853122394 0.310011216342519 0.306580142747027 0.308448075412204 0.316478386886862 0.324967626046084 0.33662532056674 0.354077047678343 0.369114817938181 0.385674968436182 0.39129842481361 0.38731769308685 0.382395958132173 0.387940031965453 0.398185811705687 0.393566355114475 0.366534365832941 0.332951580777019 0.304076879426097 0.268220894116317 0.236699271838297 0.252274722933193 0.309212395947716 0.346273324425506 0.379828616069228 0.396316990553708 -9999 -9999 -9999 -9999 -9999 -9999 -9999 -9999 -9999 -9999
0.463649696536445 0.461237829147796 0.45811333724417 0.45472703618071 0.450915127003738 0.447155806027767 0.444424445660175 0.441506341823615 0.435572992596169 0.428438072615989 0.422355568719393 0.413784576132543 0.403727403395667 0.397295839783671 0.391549290634279 0.381356457460546 0.371955986972098 0.361792935989168 0.346819613238542 0.332773360109161 0.316605242517229 0.295405483411543 0.278735597673643 0.270173507728565 0.27709164681647 0.294520575246244 0.307853529833224 0.324179524497444 0.33884519290311 0.358512096414022 0.384633699467462 0.387593234992452 0.387497693677429 0.403459828651833 0.416618487402162 0.424466890734502 0.416533163499533 0.381215301238521 0.326068331838565 0.275301182790406 0.249017977476704 0.237342863422178 0.277241798258777 0.347011368065013 0.36419044725834 0.368154462505584 -9999 -9999 -9999 -9999 -9999 -9999 -9999 -9999 -9999 -9999 -9999
0.460983268421171 0.458463921326545 0.455094283648764 0.451450313821606 0.447741498885288 0.444617811797832 0.441859487279303 0.437977410985103 0.432341904495569 0.425173159400258 0.417643903700949 0.408759791503723 0.400273543179213 0.393667657086971 0.385710346674984 0.374901796232045 0.365290968637723 0.354164385922371 0.337368923033304 0.320020087748263 0.301033815598635 0.272241903490889 0.239231673243115 0.229504451336918 0.259132487199039 0.287787017792149 0.300551873127494 0.321222661655634 0.332855871459563 0.35412993717185 0.377566364322039 0.383936845798418 0.391737340155886 0.423225365117809 0.462470761355101 0.464841008327566 0.440699741752636 0.398832494544501 0.343023763730021 0.268751811894038 0.222983359577265 0.240262707018273 0.307965663455597 0.358706569681932 -9999 -9999 -9999 -9999 -9999 -9999 -9999 -9999 -9999 -9999 -9999 -9999 -9999
0.459067858530812 0.456493768912869 0.45299138280031 0.449318222419858 0.44592169756732 0.442907591556322 0.439801184559959 0.435590019676759 0.429911073890931 0.422526261114278 0.414438464067516 0.405465156810635 0.397551315334044 0.391784351709188 0.383686795978392 0.372697124577156 0.362325228496353 0.348965776161353 0.330874141509228 0.31436003833738 0.294355807130526 0.263348894687081 0.223615516197411 0.21902507616889 0.261542733983626 0.294754498742326 0.316256967894611 0.334609503846543 0.343917031824608 0.367400678222794 0.383754006275008 0.379615725850372 0.414306396758361 0.455828548944058 0.482825469015282 0.499516104996833 0.493027289992817 0.453103648851654 0.388929713013168 0.294226141474627 0.227803739150307 0.252598770108027 0.321370985522497 0.361433318422227 -9999 -9999 -9999 -9999 -9999 -9999 -9999 -9999 -9999 -9999 -9999 -9999 -9999
0.45589284266599 0.45351309176608 0.450128163474141 0.446490926934214 0.443429913141639 0.440489062476583 0.436680859035632 0.432215183426341 0.426467389743704 0.418464480352317 0.410364847082283 0.402553170407868 0.394210830541621 0.388261763226207 0.3809510091214 0.368887870405625 0.356697252178993 0.342564727704743 0.32501659535273 0.309774625669693 0.293676027228033 0.270764596801852 0.251524764542203 0.253777360811511 0.275713309874616 0.297587702486126 0.319062846228457 0.344269056249869 0.363022326999002 0.38277403011664 0.39999503901154 0.411512874571376 0.43254848728082 0.457168164813155 0.480393118482821 0.502502101544614 0.498928677173921 0.46214461441993 0.411828423814901 0.351489040296751 0.311313359034785 0.317361679368965 0.345675848639244 -9999 -9999 -9999 -9999 -9999 -9999 -9999 -9999 -9999 -9999 -9999 -9999 -9999 -9999
