layers/veg_krg_sqold/veg3100.asc
NCOLS 255 
NROWS 330 
XLLCORNER -2985163.8955 
YLLCORNER -3022031.214 
CELLSIZE 25000 
NODATA_value -9999 
[rows 175 to 199 of 330, columns 57 to 113 of 255]
-9999 -9999 -9999 -9999 -9999 -9999 -9999 -9999 -9999 -9999 -9999 -9999 -9999 -9999 -9999 -9999 -9999 -9999 -9999 -9999 -9999 0.476088098058567 0.378651180229048 0.287973754712618 0.333141314862146 0.332617197915819 0.22667084515884 0.146509166239086 0.101781010433038 0.0249413166833942 0.0127851707512449 0.0205554449780255 0.0563244601604867 0.0772570359440081 0.0480724749259176 0.0208837729950871 0.0132623985441233 0 0.00436822308448889 0.102117199295858 0.203720999996941 0.32497160139019 0.417413582060016 0.419289642377357 0.394974969815385 0.42956495882437 0.473277839308379 0.490741322173109 0.496880221790018 0.498909592030705 0.499825573744052 0.50035012438334 0.501240398945127 0.502076295574444 0.502561663712351 0.502627201097728 0.502498919994992
-9999 -9999 -9999 -9999 -9999 -9999 -9999 -9999 -9999 -9999 -9999 -9999 -9999 -9999 -9999 -9999 -9999 -9999 -9999 -9999 -9999 -9999 0.400238208674393 0.285736526329745 0.289124319873049 0.272874171166303 0.173638017687552 0.106224406385939 0.0600974114812147 0.0032968408561328 0.0349191858429444 0.0543391323908033 0.0878159195272107 0.0748473875746391 0.0315986204943297 0.00222678729593486 0 0 0.0704730930995295 0.138206986036807 0.201914509459636 0.368348756239642 0.400992881803072 0.40893559803334 0.415773345406461 0.454823976326743 0.478869874175214 0.489646783927886 0.493737819358609 0.4957803770088 0.497294172399787 0.498086850277678 0.49922776960091 0.500372571455601 0.501018705001338 0.501438356603726 0.501661887144357
-9999 -9999 -9999 -9999 -9999 -9999 -9999 -9999 -9999 -9999 -9999 -9999 -9999 -9999 -9999 -9999 -9999 -9999 -9999 -9999 -9999 -9999 0.307004894036776 0.292085406807546 0.281355868165823 0.253708695590996 0.164003568389168 0.0884454596893146 0.051341956295631 0 0 0.00525796111564398 0.0564683818571674 0.0761843177277096 0.0456588024134883 0.00996179798648682 0 0 0.101962621978395 0.108310471707138 0.161056519630979 0.365761662946536 0.399253618478729 0.407658692580696 0.422012413451448 0.465004487947097 0.480743355713562 0.489121292853078 0.49256459472787 0.494650959296071 0.49617797012579 0.497087524916079 0.498236421695137 0.499360088065009 0.500088876143116 0.500543323297073 0.500813039782661
-9999 -9999 -9999 -9999 -9999 -9999 -9999 -9999 -9999 -9999 -9999 -9999 -9999 -9999 -9999 -9999 -9999 -9999 -9999 -9999 -9999 -9999 0.357917997049014 0.336703888282873 0.313856038728061 0.250651445412985 0.112802189020626 0.0270528668806767 0.0270295955328092 0 0 0 0 0.0374816878577855 0.0521075267005546 0 0 0.0295726544779153 0.154353970152673 0.166165650949838 0.238550487498119 0.347396276187511 0.366050624759499 0.403468575796402 0.449213677236657 0.466788156998342 0.47651313655855 0.489199313861377 0.491793738600494 0.49348320020621 0.494847028070512 0.495636607849218 0.496659902883407 0.497578417918719 0.498292383661601 0.498838587073551 0.499243580476614
-9999 -9999 -9999 -9999 -9999 -9999 -9999 -9999 -9999 -9999 -9999 -9999 -9999 -9999 -9999 -9999 -9999 -9999 -9999 -9999 -9999 -9999 0.414199436431655 0.379625582729195 0.335917733318795 0.282668285975459 0.166613250289555 0.0440181201967778 0.000585634091414987 0 0 0 0 0.00886383378884776 0 0 0 0.0807651349748746 0.183912030188102 0.221940786780245 0.25914847437085 0.306070323664881 0.32757642876657 0.39574916142329 0.447715692161793 0.453395385283505 0.473590933570829 0.489732302487724 0.492265177250857 0.49315808158131 0.493969221846142 0.494464681740299 0.495263730292454 0.496034993350063 0.496630048777143 0.497096179154056 0.497401291978869
-9999 -9999 -9999 -9999 -9999 -9999 -9999 -9999 -9999 -9999 -9999 -9999 -9999 -9999 -9999 -9999 -9999 -9999 -9999 -9999 -9999 -9999 0.478437795815668 0.413879565574672 0.357087529759021 0.275358676708911 0.155643548793353 0.0398510056095248 0.00132558650280355 0.00237817086616814 0 0 0.0225083127725601 0.0136901117076298 0 0 0 0.0202978730625508 0.173709706851553 0.248015731400214 0.268517655561222 0.304551886226342 0.367877369306155 0.421824091120389 0.450277409048842 0.465304390416912 0.478643626974009 0.490950889261103 0.493090317254757 0.493402946887105 0.493679843110851 0.493881973036914 0.494457734741281 0.495125082230183 0.495604923132387 0.495907427877814 0.496107584128764
-9999 -9999 -9999 -9999 -9999 -9999 -9999 -9999 -9999 -9999 -9999 -9999 -9999 -9999 -9999 -9999 -9999 -9999 -9999 -9999 -9999 -9999 0.479248988854819 0.41505474705492 0.367839657532618 0.298182187328338 0.166393351025124 0.0493360592072565 0.0146729419031377 0 0 0.0027905497997936 0.0338969569366116 0.0220767169194978 0 0 0 0 0.0855424819839727 0.203819271232707 0.286890311555668 0.31832853286046 0.393923336337061 0.398608944391992 0.426530605965592 0.470481243598569 0.482527235078129 0.490874799392222 0.49342382512223 0.493306553744113 0.493076779885514 0.492994155775796 0.493423685080814 0.493887311948792 0.494141855778537 0.494268231552559 0.494360482914892
-9999 -9999 -9999 -9999 -9999 -9999 -9999 -9999 -9999 -9999 -9999 -9999 -9999 -9999 -9999 -9999 -9999 -9999 -9999 -9999 -9999 -9999 0.453851132767568 0.448378929957269 0.416283562138804 0.332351258989031 0.17773604419715 0.0638026758016379 0 0 0 0 0.0102708051902328 0.0364217564076838 0.0492148519715775 0 0 0 0 0.15026416306898 0.287995594148883 0.341482008531965 0.380690475624637 0.363129667912134 0.434194440604454 0.474422819226695 0.486308656560633 0.492662779568658 0.494601569179498 0.493941270850033 0.49319186893415 0.492720125721537 0.492719742917104 0.492893252377535 0.49302587313509 0.493089563245787 0.493048453960891
-9999 -9999 -9999 -9999 -9999 -9999 -9999 -9999 -9999 -9999 -9999 -9999 -9999 -9999 -9999 -9999 -9999 -9999 -9999 -9999 -9999 -9999 0.452299225653157 0.44123676532168 0.416582694535588 0.333776725179549 0.186728989950133 0.0924253526524862 0.022523826535281 0 0 0 0.0077151391623271 0.0393242465958197 0.0584177594602803 0.00390284238206363 0 0 0 0.151042743980948 0.275305712884907 0.324911031116383 0.398592258000016 0.376293913873063 0.423228952811129 0.475497926439773 0.48646562522228 0.492652877800011 0.494300171390074 0.493558431075142 0.492625502607124 0.49191385653515 0.491682348742557 0.491751749844328 0.491669930213095 0.491369236424173 0.491308991134442
-9999 -9999 -9999 -9999 -9999 -9999 -9999 -9999 -9999 -9999 -9999 -9999 -9999 -9999 -9999 -9999 -9999 -9999 -9999 -9999 -9999 -9999 0.456308154435643 0.448064349666098 0.420279095505553 0.327600246756359 0.164719421004136 0.0740755397823919 0.00262744832790458 0 0 0 0 0.0699941793726026 0.0689311148880363 0.045743807788395 0.0617824927562539 0.0381121462183246 0.0689839649567308 0.172546061004304 0.220012268478575 0.280379984919499 0.417049511026099 0.43389794515525 0.464281968344794 0.482696122179228 0.490546092384877 0.493815405219996 0.494168603809952 0.493483392822471 0.492298135120696 0.491294502471725 0.490587656733447 0.489908434239684 0.48934202422912 0.488522325754533 0.488810738629047
-9999 -9999 -9999 -9999 -9999 -9999 -9999 -9999 -9999 -9999 -9999 -9999 -9999 -9999 -9999 -9999 -9999 -9999 -9999 -9999 -9999 -9999 0.476662653837248 0.397611759918857 0.365304697044586 0.29346131920151 0.116305703900441 0.0206723864393924 0 0 0 0 0 0.00269155638817388 0.0153995892050406 0.0516469002523592 0.0551540654858752 0.0773963266522468 0.145518272704217 0.13052757669101 0.172219323086562 0.342624532346236 0.451309041274451 0.471902055992486 0.47856858759438 0.487699518888894 0.492749528093984 0.494945862971567 0.494306212955675 0.493094089997966 0.491806208896204 0.490788040959861 0.489954181905935 0.488002775581415 0.487004089484097 0.487615793186454 0.488099989802905
-9999 -9999 -9999 -9999 -9999 -9999 -9999 -9999 -9999 -9999 -9999 -9999 -9999 -9999 -9999 -9999 -9999 -9999 -9999 -9999 -9999 0.513086547688434 0.46984209876421 0.398920647587141 0.337368410583868 0.239377370944215 0.122187832402047 0.0368782937041411 0 0 0 0 0.0482713849507153 0.0393687202829728 0 0.0591657707317527 0.154419678276315 0.185362514110231 0.202549809215949 0.104161867086555 0.148001164569671 0.407905767460639 0.47876582755353 0.476793303832425 0.479348307575385 0.486053679827549 0.49146841142347 0.495541956590225 0.494509398292777 0.49303591669057 0.491606446848512 0.490473256858527 0.489301363766645 0.486981889639903 0.485480450530342 0.48615636220267 0.487244752546988
-9999 -9999 -9999 -9999 -9999 -9999 -9999 -9999 -9999 -9999 -9999 -9999 -9999 -9999 -9999 -9999 -9999 -9999 -9999 -9999 -9999 0.51262161678336 0.467707548276779 0.393415858231739 0.345156335368081 0.279842703303688 0.14477895587691 0.0214785593645324 0 0 0 0 0.071137366541946 0.170821268397351 0.104077092500245 0.152289726135416 0.23810261347505 0.205715279937258 0.14897543711236 0.10800150728318 0.263194549747814 0.455881355033 0.48096896517051 0.479743290345859 0.480090058072646 0.483366361331235 0.488640584389129 0.494284036598512 0.493533282369544 0.492123257069554 0.490511044870451 0.488967206921501 0.487630403867792 0.485482788554504 0.483337392632875 0.483910586785603 0.485716331947606
-9999 -9999 -9999 -9999 -9999 -9999 -9999 -9999 -9999 -9999 -9999 -9999 -9999 -9999 -9999 -9999 -9999 -9999 -9999 -9999 -9999 0.524152075545291 0.506142544327418 0.465453202539189 0.410292324588688 0.280693852404848 0.120970343805058 0.000962459852440194 0 0 0 0 0.107312934802182 0.259033042627681 0.214286215661904 0.196511201256656 0.283815398257013 0.278491195200135 0.278186949508396 0.26132351643745 0.345536999351706 0.461252165393402 0.481421186982293 0.482085015583974 0.480154134594688 0.48169851706541 0.488019145598602 0.492309768748425 0.492748121071022 0.49160403408347 0.489693585107281 0.488073428327351 0.486500939138004 0.483461803943518 0.481016932375138 0.483176053437977 0.485417160369993
-9999 -9999 -9999 -9999 -9999 -9999 -9999 -9999 -9999 -9999 -9999 -9999 -9999 -9999 -9999 -9999 -9999 -9999 -9999 -9999 -9999 0.530592001424671 0.496297311087951 0.447684466842852 0.383697434852092 0.254691672805801 0.10955116836425 0.0119719220589012 0 0 0 0 0.0794270381063665 0.255278481477095 0.237022086874565 0.228669131979401 0.285138428283586 0.312007253028554 0.344160101202922 0.3003094976986 0.337032984368872 0.452049142378823 0.478675448067188 0.476382966903366 0.471437014328202 0.476670499826005 0.486638757923815 0.490425216238255 0.491127779511717 0.490192199944703 0.488488837715672 0.486912962896234 0.485286177261658 0.482546361143892 0.480405385711706 0.482024933080949 0.48368586685465
-9999 -9999 -9999 -9999 -9999 -9999 -9999 -9999 -9999 -9999 -9999 -9999 -9999 -9999 -9999 -9999 -9999 -9999 -9999 -9999 0.527600252644461 0.525161372381891 0.479211567762496 0.417960477736281 0.357360001908709 0.242977585582875 0.104987042518843 0 0 0 0 0 0.106564135595626 0.235648588483839 0.292396680843343 0.338972606146836 0.390981089822268 0.405231918321207 0.412037889345758 0.310634542873803 0.277026300426335 0.418122841480923 0.465935068881979 0.459467109868583 0.455789588950946 0.469719444007448 0.483038631818048 0.488649751707192 0.488984719186958 0.488479039558999 0.487368019707243 0.485779971774968 0.484104526486382 0.483446637810193 0.483471238714833 0.482421969544207 0.481492040410378
-9999 -9999 -9999 -9999 -9999 -9999 -9999 -9999 -9999 -9999 -9999 -9999 -9999 -9999 -9999 -9999 -9999 -9999 -9999 -9999 0.498663844938477 0.50381816553993 0.477117900495635 0.398931950086855 0.317926852452684 0.229585568390101 0.111826686327535 0.00263428862608572 0 0 0 0.01146352459589 0.0873607556269324 0.227567349766264 0.33286304314328 0.351623253888536 0.40124958918893 0.413888094146525 0.410464117787715 0.267987275804708 0.222765826311095 0.397608138218693 0.444120711837839 0.444685479658575 0.453347078544544 0.473513448663133 0.483661847365625 0.487617979307063 0.487661999809327 0.487083398929265 0.485727942653903 0.484403907861324 0.483297046393051 0.482873175726487 0.482527311908031 0.481152823768151 0.479460227742236
-9999 -9999 -9999 -9999 -9999 -9999 -9999 -9999 -9999 -9999 -9999 -9999 -9999 -9999 -9999 -9999 -9999 -9999 -9999 -9999 0.487342480345714 0.484466478551185 0.453787881957054 0.358684469726487 0.255023378025629 0.190793376698704 0.0775264954305436 0 0 0 0.0467455355581092 0.0774449342337126 0.0857340277927323 0.1758733227883 0.346740578850678 0.375933765267543 0.397872071345274 0.414739741485999 0.403395709525151 0.235700859977827 0.185350848248571 0.357444491234439 0.406388667919111 0.44626362091177 0.459614438182144 0.477641601203783 0.485763355626313 0.487461296073136 0.486784078252392 0.48603521901043 0.484647635355525 0.483172057024014 0.481530431074268 0.480292095435837 0.479804034564489 0.478653524820444 0.477030355594371
-9999 -9999 -9999 -9999 -9999 -9999 -9999 -9999 -9999 -9999 -9999 -9999 -9999 -9999 -9999 -9999 -9999 -9999 -9999 -9999 0.498494787870203 0.485659509524301 0.431692947698324 0.348805773976479 0.220997944985059 0.0762805795883702 0 0 0 0.0319750548780998 0.129262053318874 0.178483200271222 0.125675871637682 0.14206155374543 0.311463374206649 0.315717557392582 0.338908095741657 0.406276782024778 0.371254254886868 0.264482525792181 0.280597351141479 0.388999115908543 0.423483041055746 0.456549778111178 0.464989834259846 0.477688966645734 0.485272408146809 0.48570058304755 0.484716015073468 0.483915104618492 0.482521174141229 0.481116102266237 0.479678860797127 0.477985928562018 0.476721626265327 0.475524438681713 0.473821158995931
-9999 -9999 -9999 -9999 -9999 -9999 -9999 -9999 -9999 -9999 -9999 -9999 -9999 -9999 -9999 -9999 -9999 -9999 -9999 -9999 0.461143134261162 0.465696249211265 0.400027001299258 0.305823070212185 0.18825487125125 0.0300049122825016 0 0 0 0.0711427181966332 0.189155836368767 0.240370960814985 0.156688882798971 0.119206025128623 0.269007684967769 0.229616079600567 0.254827058683655 0.38629910199791 0.35203103742488 0.35346917320278 0.410948207132178 0.404298115967927 0.437659528034706 0.462896772716878 0.46848100616017 0.478235842049312 0.484360964074163 0.483629916864276 0.482168030442895 0.481502429124462 0.480311670183866 0.478872649463013 0.477547496487558 0.475689043313042 0.474137522881284 0.472739207698417 0.470885428330103
-9999 -9999 -9999 -9999 -9999 -9999 -9999 -9999 -9999 -9999 -9999 -9999 -9999 -9999 -9999 -9999 -9999 -9999 -9999 -9999 0.449259202309605 0.414154842850413 0.386491653124618 0.27764112638598 0.144455789978707 0.0225913084356458 0 0 0.010961161650956 0.0695230160479781 0.158878272480461 0.239042180667863 0.159517318824515 0.0790508316590389 0.203890865932049 0.22856032249952 0.263575393379939 0.363672279847897 0.421134781512929 0.456886746899772 0.441332942737706 0.422623580525352 0.444748077603464 0.46432099812776 0.470619551016904 0.480036868192528 0.482840413068418 0.478634806635924 0.475978848981861 0.478097265421486 0.478932838075302 0.477665875822966 0.476167609386665 0.474298333235339 0.472634686590088 0.47092977483261 0.468810458707599
-9999 -9999 -9999 -9999 -9999 -9999 -9999 -9999 -9999 -9999 -9999 -9999 -9999 -9999 -9999 -9999 -9999 -9999 -9999 0.488367703019868 0.441929733862603 0.397083603975488 0.345631759765513 0.225571901471763 0.172170452748347 0.0655306798535501 0 0 0.0546174891251837 0.081415558612188 0.136204487326495 0.23213753170845 0.187222677849829 0.0877646024448214 0.212738822072826 0.294637831626119 0.313953207727392 0.372041552384798 0.443408982183335 0.459510309541925 0.461217784341098 0.454004696039237 0.454801895178134 0.466509332349236 0.472109491110031 0.47924029382375 0.474309092933982 0.4588729214416 0.450107513500947 0.461814353658012 0.475347828850985 0.475337988263792 0.473799007719105 0.471935514824668 0.470236389653071 0.468318906939728 0.465854844503966
-9999 -9999 -9999 -9999 -9999 -9999 -9999 -9999 -9999 -9999 -9999 -9999 -9999 -9999 -9999 -9999 -9999 -9999 -9999 -9999 0.440780328567486 0.37595449444502 0.287218480178268 0.14979996872283 0.0755902559611837 0 0 0 0.0703767550351577 0.176383292556412 0.297629687829893 0.31682078907834 0.291406875721888 0.253921649727911 0.310470644616826 0.326489408946479 0.335927867833037 0.439698854472044 0.453280521932274 0.45686192452072 0.45852199953912 0.459378938686873 0.463375181405047 0.469525262088235 0.470981245114988 0.474197753183837 0.467397241851966 0.438933507325371 0.424101230021435 0.448086864154959 0.471410771909548 0.473208607237329 0.471576817607167 0.46938512434019 0.467464110022372 0.465390867812723 0.463039473890513
-9999 -9999 -9999 -9999 -9999 -9999 -9999 -9999 -9999 -9999 -9999 -9999 -9999 -9999 -9999 -9999 -9999 -9999 -9999 -9999 0.454825380140412 0.43892260435527 0.309907095089428 0.119974839378318 0.0359763135323616 0 0 0 0.0702683150688909 0.171239409146244 0.29959332745911 0.340776893805444 0.330259637896805 0.280320734857809 0.295300941870832 0.32585904311439 0.348984485392505 0.445766465218203 0.45363024193562 0.455973531533452 0.453159952416804 0.457327635843796 0.46703576143411 0.468407059568851 0.466636997878143 0.468011074492735 0.455217408731047 0.420555751462952 0.416766198339343 0.448848541221985 0.470713618443679 0.471486386021174 0.469891033055577 0.467560455188336 0.464770692497995 0.462664315115513 0.461035227100954
-9999 -9999 -9999 -9999 -9999 -9999 -9999 -9999 -9999 -9999 -9999 -9999 -9999 -9999 -9999 -9999 -9999 -9999 -9999 -9999 0.43898266757433 0.406399104424407 0.300692967397954 0.137236095691849 0.0297152414126691 0 0 0 0.0634853926120197 0.165753135285685 0.248774898117161 0.315432747544607 0.338545787573627 0.293628651871745 0.28160399621879 0.319793185278237 0.380310928647873 0.44136732538526 0.449373337448392 0.452871444438445 0.451367927736826 0.455852027338625 0.464966158095071 0.465298291690265 0.464228352613051 0.460036261937568 0.433608280539028 0.405088957777632 0.420697735898687 0.453048329958428 0.468538857681004 0.468912567514049 0.467320142052851 0.464679349032173 0.461547193151009 0.459059251830598 0.457384627525638
