layers/veg_krg_sqold/veg3500.asc
NCOLS 255 
NROWS 330 
XLLCORNER -2985163.8955 
YLLCORNER -3022031.214 
CELLSIZE 25000 
NODATA_value -9999 
[rows 250 to 274 of 330, columns 57 to 113 of 255]
-9999 -9999 -9999 -9999 -9999 -9999 -9999 -9999 -9999 -9999 -9999 -9999 -9999 -9999 -9999 -9999 0.637760742890396 0.652078028130805 0.673870817877137 0.667385352659981 0.628461850671086 0.565166626960171 0.524813094377801 0.503369460551623 0.489806897365019 0.497914370496297 0.502448688785416 0.500087927677324 0.484387253062077 0.454329860614255 0.445033832471107 0.433290990763882 0.404918353756109 0.392821513161312 0.406006666017495 0.406805721020142 0.401890940780774 0.394077628445546 0.384841957310903 0.375283563410422 0.376347351473884 0.38380912423281 0.386604530110305 0.383301766692906 0.38220900030042 -9999 -9999 -9999 0.320634883013317 0.311484963788525 0.301569075006234 0.292283187545441 0.283654229871428 0.277237948031481 -9999 -9999 -9999
-9999 -9999 -9999 -9999 -9999 -9999 -9999 -9999 -9999 -9999 -9999 -9999 -9999 -9999 -9999 -9999 0.661863457682486 0.669257619256835 0.691492930072033 0.687168659802807 0.664527464159313 0.627683244967789 0.577136980777402 0.557755897682856 0.574883508078549 0.55272213373747 0.526028222687941 0.519333073119065 0.500548765184387 0.479231889774961 0.490346922908642 0.484217860951802 0.455095242397345 0.437605422694671 0.426397481445071 0.412141982081681 0.388388527738337 0.362334932956153 0.343706252787712 0.328967588698532 0.34101317098816 0.366655660986226 0.384428050370498 0.389775404245773 0.387390734380272 0.38819409239643 -9999 -9999 -9999 -9999 -9999 -9999 -9999 -9999 -9999 -9999 -9999
-9999 -9999 -9999 -9999 -9999 -9999 -9999 -9999 -9999 -9999 -9999 -9999 -9999 -9999 -9999 -9999 0.673989330670953 0.687715362808035 0.701766262000665 0.700980160950869 0.682716930500626 0.65504219652897 0.591765616343661 0.545252561660127 0.571660464219863 0.576010903441591 0.551447418105782 0.528230562883529 0.51362271375577 0.498932319599711 0.502165840592262 0.497363102709258 0.475609832000517 0.454047817425988 0.432550371506927 0.409392516840922 0.387085327429096 0.366828530750781 0.339969293872941 0.318341325724043 0.337251836457284 0.373109825704682 0.392031297214184 0.395672063686385 0.395610479858375 0.397862952137641 -9999 -9999 -9999 -9999 -9999 -9999 -9999 -9999 -9999 -9999 -9999
-9999 -9999 -9999 -9999 -9999 -9999 -9999 -9999 -9999 -9999 -9999 -9999 -9999 -9999 -9999 -9999 0.697067771780955 0.6980491041971 0.712284844058651 0.717214208119997 0.68638971281377 0.65515107343926 0.651152611700791 0.635783273093719 0.577789482566287 0.538597964124894 0.557897503034108 0.524019652066451 0.502349139501528 0.503326768825093 0.502962511279628 0.490964177129662 0.47389783921094 0.457531714728438 0.433987554629213 0.414486091526233 0.394782358241181 0.37301469519271 0.351469336196792 0.340143278872591 0.359768693823187 0.390439525888617 0.404641234320085 0.402341728692877 0.401707617870269 0.40752902175041 -9999 -9999 -9999 -9999 -9999 -9999 -9999 -9999 -9999 -9999 -9999
-9999 -9999 -9999 -9999 -9999 -9999 -9999 -9999 -9999 -9999 -9999 -9999 -9999 -9999 -9999 -9999 0.727772141873126 0.726898480264114 0.733894242328766 0.729662357997563 0.717250204811362 0.701376109528876 0.680331865825662 0.663730062043717 0.63320277049676 0.591287846532475 0.585536686126525 0.572719044030182 0.538948633907797 0.509816629865542 0.489868159764788 0.471020802945086 0.44911010966661 0.452241149662536 0.433053041993074 0.416037682590579 0.410771548866069 0.402954584151443 0.41244022393206 0.410374997083452 0.405003259943901 0.409354785887902 0.413149455715937 0.414475864235207 0.415710942416272 0.423373399548088 -9999 -9999 -9999 -9999 -9999 -9999 -9999 -9999 -9999 -9999 -9999
-9999 -9999 -9999 -9999 -9999 -9999 -9999 -9999 -9999 -9999 -9999 -9999 -9999 -9999 -9999 -9999 0.743138011753329 0.745936293617617 0.745151543970822 0.706930182654078 0.697876116096755 0.693101689099028 0.699979280570935 0.706261093722384 0.680054530121841 0.645232337460383 0.633182906648223 0.612071311384572 0.590548935297742 0.554394289922059 0.5185850379178 0.485743148232671 0.445107165343517 0.42250889347224 0.40903900766775 0.404595288905408 0.401808920006111 0.402823804911604 0.430443319862121 0.442864311679943 0.43614886717808 0.431375172309915 0.436473203087547 0.437794801302212 0.439349337316529 0.442141842272326 0.441060297971217 -9999 -9999 0.412931756063908 0.406356040652873 -9999 -9999 -9999 -9999 -9999 -9999
-9999 -9999 -9999 -9999 -9999 -9999 -9999 -9999 -9999 -9999 -9999 -9999 -9999 -9999 -9999 0.719370570856185 0.740206903658081 0.753863205050737 -9999 0.725158780114833 0.735425507836449 0.713513233350132 0.657412932959028 0.667676202321781 0.675731439694533 0.65935548646839 0.648686573217509 0.625448490686556 0.599223774974497 0.573045275847166 0.541687066090623 0.494249125760817 0.443368275127618 0.413977754131502 0.399840440511939 0.409827162857677 0.420883063659162 0.429447562351969 0.450739040482152 0.45886351213653 0.452331146057856 0.448452225094207 0.452575206885117 0.452972070909093 0.452070289854814 0.449671198850688 0.442235240011725 0.435982904345634 0.428533617322946 0.420023706480654 0.421034534885479 -9999 -9999 -9999 -9999 -9999 -9999
-9999 -9999 -9999 -9999 -9999 -9999 -9999 -9999 -9999 -9999 -9999 -9999 -9999 -9999 -9999 0.671721314907801 0.702193360503144 0.748164877601244 0.761553133650653 -9999 0.742709568928821 0.685187823030371 0.617621921458395 0.647811444830654 0.679102346197614 0.660912572493627 0.652514850151913 0.645470352907065 0.605694209074831 0.579627099982449 0.57653311848752 0.544341382546799 0.505857347651599 0.476006046341593 0.46701205009013 0.458136098005543 0.441461034885305 0.446441974729746 0.472671263985958 0.490771653937257 0.486186184412517 0.480628644027462 0.481988255504765 0.477164327165705 0.469462291730087 0.463235957433681 0.453829456692473 0.44028709611103 0.435977340456621 0.437169347909473 0.43874208470393 -9999 -9999 -9999 -9999 -9999 -9999
-9999 -9999 -9999 -9999 -9999 -9999 -9999 -9999 -9999 -9999 -9999 -9999 -9999 -9999 -9999 0.676036898193155 0.701639237924039 0.741362532820312 -9999 -9999 0.711071622628284 0.74211692643754 0.704645782986418 0.659659063979525 0.683434610290743 0.64701518588897 0.638954763759591 0.658591975740949 0.631641015140644 0.61329653568839 0.606314738904898 0.567191220666622 0.516753688366321 0.474128198847153 0.473247896084246 0.466939107491199 0.458673677874485 0.471012420464016 0.506949023667957 0.54057374537421 0.528837750547649 0.511743270225324 0.503874109943031 0.494989363022425 0.483247848924091 0.482128778664143 0.481858532111574 0.473206590777171 0.462384935081623 0.450421844546383 0.45065102147782 -9999 -9999 -9999 -9999 -9999 -9999
-9999 -9999 -9999 -9999 -9999 -9999 -9999 -9999 -9999 -9999 -9999 -9999 -9999 -9999 -9999 0.713518945304803 0.721397888322984 0.746692949831174 -9999 0.712393041667479 0.696867287664417 0.664170252493173 0.627170787453836 0.61733628900146 0.624085791956203 0.623626277731277 0.630746158297847 0.639944446172291 0.612027190231217 0.598041358509058 0.606336101629603 0.576603579177819 0.540115404141254 0.529055593991015 0.498554136359588 0.486359278418982 0.505937259829723 0.522761263195907 0.548100336343379 0.558393082933747 0.545119138506817 0.524754374595405 0.510322626136445 0.501181709850732 0.495141104234146 0.492394507727157 0.483424428177985 0.474357888730358 0.47246632530411 -9999 -9999 -9999 -9999 -9999 -9999 -9999 -9999
-9999 -9999 -9999 -9999 -9999 -9999 -9999 -9999 -9999 -9999 -9999 -9999 -9999 -9999 -9999 0.749735542222003 0.750147107050224 0.747362528888192 -9999 0.735309687896855 0.720751129947746 0.677632337679165 0.643432665526352 0.631507855101805 0.647569948343314 0.663437120009111 0.650957230926385 0.661889031966999 0.641503171837032 0.591798789520349 0.562240477347281 0.569662538502718 0.572269250698752 0.558846291564292 0.544840686896367 0.540330045996306 0.556879682687859 0.563866898570332 0.567196491579819 0.558710566606169 0.544850052213318 0.528426208777118 0.519008557708692 0.513153880483685 0.509118210332467 0.504679611131449 0.498876542127079 0.49671204556689 -9999 -9999 -9999 -9999 -9999 -9999 -9999 -9999 -9999
-9999 -9999 -9999 -9999 -9999 -9999 -9999 -9999 -9999 -9999 -9999 -9999 -9999 -9999 -9999 0.745177660708447 0.743998424044413 0.744374455768472 -9999 0.74380252542625 0.7205327595234 0.684471607194787 0.648623083680839 0.610403022476175 0.635047877018641 0.670612412301904 0.628302558514412 0.622423536351895 0.631391674318701 0.606331303671044 0.587060606864043 0.584636186388053 0.578177117042836 0.564277859084369 0.586573593572979 0.590422970387357 0.581966410119697 0.569833089941548 0.558956609630783 0.552034537503818 0.544760245681164 0.538277890985093 0.536991780818488 0.522455235783785 0.504191250844984 0.501431470455959 -9999 -9999 -9999 -9999 -9999 -9999 -9999 -9999 -9999 -9999 -9999
-9999 -9999 -9999 -9999 -9999 -9999 -9999 -9999 -9999 -9999 -9999 -9999 -9999 -9999 -9999 -9999 0.74780775684817 0.749429481160794 -9999 0.757740916346339 0.707110073714724 0.695363866549955 0.704248899309909 0.62137630146639 0.625310569348684 0.64515527068809 0.623763300006068 0.631935605800457 0.629102308641672 0.611381527678205 0.604141724057028 0.588885307343236 0.575334762681453 0.571592890515253 0.590879547348364 0.595988385277195 0.58328678929383 0.567397062888662 0.55890245398216 0.552487549388014 0.547076054583067 0.544786400343888 0.538910475806896 0.519895246365616 0.519366092425428 -9999 -9999 -9999 -9999 -9999 -9999 -9999 -9999 -9999 -9999 -9999 -9999
-9999 -9999 -9999 -9999 -9999 -9999 -9999 -9999 -9999 -9999 -9999 -9999 -9999 -9999 -9999 -9999 -9999 -9999 -9999 0.756431377922542 0.714007437858717 0.689558758782529 0.695215321645905 0.660047016259456 0.645754533359387 0.641198482251307 0.63656170425439 0.630838013938159 0.63396727765429 0.622629127384132 0.62115370460863 0.609035496205211 0.60747172442652 0.624348958639906 0.615637626518258 0.60293456053379 0.591365268769207 0.582113972536427 0.570312671968235 0.556716930829844 0.550069202119533 0.539223227695494 0.526601475715454 0.519635381762327 0.522282766808493 0.532657590091381 -9999 -9999 -9999 -9999 -9999 -9999 -9999 -9999 -9999 -9999 -9999
-9999 -9999 -9999 -9999 -9999 -9999 -9999 -9999 -9999 -9999 -9999 -9999 -9999 -9999 -9999 -9999 -9999 -9999 -9999 0.746698565605303 0.738899642101207 0.71207884296417 0.669682880233595 0.621586003600109 0.636657608614993 0.661253525256354 0.647484488963662 0.643857341588693 0.637222207550443 0.614734303833013 0.615592775763711 0.611816236793601 0.610294506231566 0.621946662893501 0.609295945524531 0.587933212208937 0.58057182054343 0.583304503472957 0.580223662226382 0.570521516761586 0.55839742188676 0.544647154948146 0.530249333972028 0.524294045777729 0.530693291352519 0.543989968378094 -9999 -9999 -9999 -9999 -9999 -9999 -9999 -9999 -9999 -9999 -9999
-9999 -9999 -9999 -9999 -9999 -9999 -9999 -9999 -9999 -9999 -9999 -9999 -9999 -9999 -9999 -9999 -9999 -9999 -9999 0.726037871144062 0.716661051361142 0.743507226446114 0.728004996073555 0.671201907062921 0.683624401720397 0.680021675241944 0.677523485709258 0.673282957897094 0.651104452102023 0.622498707586838 0.59847344577241 0.590155231200465 0.600710967053968 0.612111638379985 0.599271338874423 0.58044646333402 0.578518612850984 0.580220749850644 0.577839340868971 0.565910186486689 0.554538737053686 0.539350857858647 0.531232955340814 0.528500749061869 0.537187578835079 0.549389075156498 -9999 -9999 -9999 -9999 -9999 -9999 -9999 -9999 -9999 -9999 -9999
-9999 -9999 -9999 -9999 -9999 -9999 -9999 -9999 -9999 -9999 -9999 -9999 -9999 -9999 -9999 -9999 -9999 0.769771504399065 0.764355451643213 0.738261129237086 0.718246320830688 0.69814289381056 0.698614856237467 0.678956231014961 0.69150885020994 0.715088015042713 0.69175287697159 0.684862648541278 0.679854162104841 0.655004823016491 0.632428255073931 0.606616026921509 0.606193436982159 0.616429228555514 0.589482103333271 0.582803674683288 0.595321783238081 0.594025652633872 0.583221448051262 0.572888913069318 0.559776908663007 0.542033012026418 0.5394716253232 0.546161177900694 0.557349110987845 -9999 -9999 -9999 -9999 -9999 -9999 -9999 -9999 -9999 -9999 -9999 -9999
-9999 -9999 -9999 -9999 -9999 -9999 -9999 -9999 -9999 -9999 -9999 -9999 -9999 -9999 -9999 -9999 -9999 0.761183102217678 0.761248268351053 0.759937534741872 0.732803764645412 0.713647399477308 0.716490542901858 0.706434379109414 0.71384175199897 0.705500529550085 0.691189758752394 0.696779354806943 0.692087323611926 0.673186583413709 0.643294276495076 0.608498011155842 0.61183549263243 0.630801769952431 0.620172760214285 0.6113392766258 0.601600946822903 0.592195172370215 0.585304480090588 0.569524074221877 0.555679161694179 0.567753905541321 0.577091660716262 0.575871093623006 0.57529607364631 -9999 -9999 -9999 -9999 -9999 -9999 -9999 -9999 -9999 -9999 -9999 -9999
-9999 -9999 -9999 -9999 -9999 -9999 -9999 -9999 -9999 -9999 -9999 -9999 -9999 -9999 -9999 -9999 -9999 0.734821230065849 0.762641075585844 0.753645361789407 0.703213975603331 0.677733017778006 0.686137047217264 0.701598942829105 0.703127357263993 0.678944408896259 0.654168763127582 0.676071066640306 0.687594228041319 0.664545966729745 0.631627961292025 0.61017227821548 0.61779069560521 0.625787512937003 0.617404390572497 0.612285432664917 0.595046339785979 0.583666372947587 0.581566559664991 0.565092648010061 0.563083059353464 0.584839595108262 0.586130216859571 0.577129133910544 0.569686757278285 -9999 -9999 -9999 -9999 -9999 -9999 -9999 -9999 -9999 -9999 -9999 -9999
-9999 -9999 -9999 -9999 -9999 -9999 -9999 -9999 -9999 -9999 -9999 -9999 -9999 -9999 0.744162035801916 -9999 0.729718905619806 0.745346377958718 0.761145120882713 0.705527544466418 0.693553006767234 0.669846030364176 0.661743585837295 0.667245585043883 0.67555694217926 0.674274228555663 0.670372548682196 0.672694986443827 0.668231516125671 0.658421401149949 0.645160741946977 0.621137201556701 0.617530027806144 0.622670535082275 0.606260299506063 0.593506692855302 0.582772746763592 0.583827587340362 0.575179709112522 0.573749427699808 0.591609173166089 0.60100122261052 -9999 -9999 -9999 -9999 -9999 -9999 -9999 -9999 -9999 -9999 -9999 -9999 -9999 -9999 -9999
-9999 -9999 -9999 -9999 -9999 -9999 -9999 -9999 -9999 -9999 -9999 -9999 -9999 -9999 -9999 -9999 0.735532338376244 0.735618052303136 0.729923169576765 0.712603641330686 0.675302534544126 0.633857719881168 0.623174120269857 0.614343427365443 0.641559867935199 0.666756992272965 0.646455439222368 0.645832317816785 0.647701767107436 0.64884558355308 0.642526856139532 0.618949442918215 0.617479411984629 0.634508446518287 0.622601966259827 0.605917089245593 0.591560664592285 0.57051574965325 0.573419918068764 0.593711459402964 -9999 -9999 -9999 -9999 -9999 -9999 -9999 -9999 -9999 -9999 -9999 -9999 -9999 -9999 -9999 -9999 -9999
-9999 -9999 -9999 -9999 -9999 -9999 -9999 -9999 -9999 -9999 -9999 -9999 -9999 -9999 -9999 -9999 0.717475161145896 0.725598557647631 -9999 0.717301504421375 0.697268596562988 0.654542511631956 0.647645089513072 0.617378086330519 0.590611258039372 0.600273271642996 0.616062604971778 0.629159763308564 0.638138615363856 0.638019741732661 0.633268043091639 0.614091932138895 0.613010534169633 0.633899371293985 0.620594769589683 0.595497840210135 0.566181951472073 0.556074162360013 0.569893375783727 -9999 -9999 -9999 -9999 -9999 -9999 -9999 -9999 -9999 -9999 -9999 -9999 -9999 -9999 -9999 -9999 -9999 -9999
-9999 -9999 -9999 -9999 -9999 -9999 -9999 -9999 -9999 -9999 -9999 -9999 -9999 -9999 -9999 -9999 0.723609259958379 0.731196358550559 -9999 0.676845342503624 0.662097020722392 0.640988971476136 0.628287912704904 0.614787962898022 0.584729305969207 0.567790477233856 0.585321621591448 0.60454181703119 0.61720963714306 0.62265274631726 0.620598971300541 0.609376798735136 0.605566382498392 0.610790557826217 0.598011476650588 0.57149463935421 0.560733437822991 0.576492184040605 0.593728166388906 -9999 -9999 -9999 -9999 -9999 -9999 -9999 -9999 -9999 -9999 -9999 -9999 -9999 -9999 -9999 -9999 -9999 -9999
-9999 -9999 -9999 -9999 -9999 -9999 -9999 -9999 -9999 -9999 -9999 -9999 -9999 -9999 0.742790225938037 0.71119525483124 0.702417238555209 0.70518391346308 -9999 0.722006496958994 0.637416020288685 0.572554870389153 0.558867889178606 0.518022979572905 0.505129497237726 0.551608531154823 0.560428263035278 0.572871023216918 0.588637946475143 0.596540109136863 0.59990366646063 0.601945790469949 0.603683376784204 0.593866036014932 0.577697534961068 0.591828353363996 0.611702443131798 0.60719322983146 0.604673734226743 -9999 -9999 -9999 -9999 -9999 -9999 -9999 -9999 -9999 -9999 -9999 -9999 -9999 -9999 -9999 -9999 -9999 -9999
-9999 -9999 -9999 -9999 -9999 -9999 -9999 -9999 -9999 -9999 -9999 -9999 -9999 0.755666855025027 0.742477205355151 0.711955842627462 0.692879534295169 0.713482464032123 0.747800746160516 0.701689995226877 0.614551139329535 0.611409634972563 0.599975223982973 0.528420976111085 0.507567807230419 0.51635901492222 0.54154900652697 0.562253821805143 0.57972981002623 0.590164265724898 0.589240364100399 0.588112094034064 0.59274163157428 0.587217667480107 0.582092085212372 0.603483962956386 0.613883855391846 0.605717067939024 0.594363440621483 -9999 -9999 -9999 -9999 -9999 -9999 -9999 -9999 -9999 -9999 -9999 -9999 -9999 -9999 -9999 -9999 -9999 -9999
