layers/veg_krg_sqold/veg3600.asc
NCOLS 255 
NROWS 330 
XLLCORNER -2985163.8955 
YLLCORNER -3022031.214 
CELLSIZE 25000 
NODATA_value -9999 
[rows 75 to 99 of 330, columns 0 to 56 of 255]
-9999 -9999 -9999 -9999 -9999 -9999 -9999 -9999 -9999 -9999 -9999 -9999 -9999 -9999 -9999 -9999 -9999 -9999 -9999 -9999 -9999 -9999 -9999 -9999 -9999 0.649063313795267 0.639713017123843 0.661402998153158 0.68753904266995 0.701325241146179 0.70609303992601 0.656296896518107 0.498319330563527 0.317440779855213 0.288673691010419 0.287120538916442 0.272356167037199 0.466931815412142 0.640543496782067 0.685187353725135 0.708223202883592 0.722823291704624 0.733742300726993 0.746171742401749 0.756664380853894 0.763733778822964 0.767100831840946 0.767395793679632 0.768228396215686 0.769525556977573 0.769964419921357 0.772095877118449 0.774194539207733 0.774901148718387 0.775892692104801 0.778155792692924 0.779394386025225
-9999 -9999 -9999 -9999 -9999 -9999 -9999 -9999 -9999 -9999 -9999 -9999 -9999 -9999 -9999 -9999 -9999 -9999 -9999 -9999 -9999 -9999 -9999 -9999 -9999 0.649907725530336 0.647159453953225 0.671463538117005 0.69393139836454 0.707804710803779 0.714478805278842 0.703423872918769 0.570413700351452 0.359994236352466 0.285510909211664 0.286046527353071 0.332960869524337 0.4913513497657 0.612882661645975 0.666981874607337 0.707296200232968 0.724023199477612 0.733806294021753 0.740644371696762 0.75006084664419 0.759212010646884 0.764335826359727 0.766880859071223 0.766013815372792 0.766708623649259 0.765196052083365 0.764924449918458 0.76934246319218 0.771108796772718 0.772570407397637 0.774182144741437 0.776937982055959
-9999 -9999 -9999 -9999 -9999 -9999 -9999 -9999 -9999 -9999 -9999 -9999 -9999 -9999 -9999 -9999 -9999 -9999 -9999 -9999 -9999 -9999 -9999 -9999 -9999 0.66646302152279 0.656214262332294 0.665225249492068 0.696515140718513 0.713430068755761 0.721196485819345 0.725308973671985 0.67015121916974 0.51006388643106 0.330786884466643 0.242794932005454 0.301542646673328 0.476396521707634 0.598311563393848 0.652064879601152 0.713324892517218 0.731808343155375 0.73998638337886 0.744338162038992 0.747898172891878 0.751304015847945 0.755780508893927 0.760041970166875 0.763645569427056 0.764907471534749 0.763225222907334 0.763806856189998 0.764777101624807 0.76615039990832 0.769113100289114 0.77058991430021 0.77189875979089
-9999 -9999 -9999 -9999 -9999 -9999 -9999 -9999 -9999 -9999 -9999 -9999 -9999 -9999 -9999 -9999 -9999 -9999 -9999 -9999 -9999 -9999 -9999 -9999 -9999 0.684116423099274 0.682312504209142 0.689720142258807 0.704318249738266 0.716821405132597 0.73263063439125 0.731073755805905 0.657754509018351 0.461229022287531 0.296152322632273 0.29563009697176 0.354694020678194 0.46624714116775 0.625023951913561 0.69772458508755 0.732015236999135 0.739366138601718 0.741467012282822 0.743442743589649 0.746146335159775 0.748893716542355 0.751350766755714 0.754030395634295 0.755454278689754 0.758747255549899 0.761879308666296 0.761491683372261 0.760660054239815 0.759455879481163 0.759466440778428 0.762325421123734 0.766980622938103
-9999 -9999 -9999 -9999 -9999 -9999 -9999 -9999 -9999 -9999 -9999 -9999 -9999 -9999 -9999 -9999 -9999 -9999 -9999 -9999 -9999 -9999 -9999 -9999 -9999 0.688848353949867 0.690090118246334 0.69637082493527 0.712099751677486 -9999 0.730742779472103 0.721267310181552 0.615327974798066 0.417867440412782 0.306187382700938 0.367519740034568 0.476196713992671 0.548408894740796 0.620414840095192 0.686470943011662 0.734809406705315 0.739677203728844 0.74105614104128 0.742474166306389 0.744910643525626 0.747391523755813 0.748387828055826 0.749355838843154 0.750556860298449 0.754162900975725 0.758768502529225 0.759355427978838 0.758057049646528 0.758177550115919 0.757943514005699 0.759139997032398 0.762495771691114
-9999 -9999 -9999 -9999 -9999 -9999 -9999 -9999 -9999 -9999 -9999 -9999 -9999 -9999 -9999 -9999 -9999 -9999 -9999 -9999 -9999 -9999 -9999 -9999 -9999 -9999 -9999 0.70363566176624 0.714859370569772 0.723629565530089 0.714177968906315 0.587087895648966 0.34379525705601 0.294630833730676 0.369044881757283 0.387472725459495 0.48649495227883 0.62490195375933 0.680560243780487 0.720429482293411 0.736578503864532 0.740549369912519 0.741323253341174 0.742933203904408 0.745236200899648 0.746962272746559 0.748371833271775 0.750056077583187 0.751393719006079 0.752480631817924 0.755613319003446 0.758894969745592 0.758643124966409 0.75807852272114 0.757974460392036 0.757175823548055 0.757138080042025
-9999 -9999 -9999 -9999 -9999 -9999 -9999 -9999 -9999 -9999 -9999 -9999 -9999 -9999 -9999 -9999 -9999 -9999 -9999 -9999 -9999 -9999 -9999 -9999 -9999 -9999 -9999 -9999 -9999 0.725413635102942 0.664498992904349 0.540677544963979 0.325230882739896 0.326703791116394 0.375230190835189 0.378699437161077 0.500565378911853 0.629294579856832 0.65466515040438 0.703401026704642 0.729425065108947 0.739628650793456 0.740079398209053 0.741606361143343 0.744139308261568 0.746084425530377 0.747814646176167 0.749393849952683 0.749877675268763 0.751183795611362 0.75292698586614 0.753782022610468 0.755000458715338 0.755685551027521 0.756145888807819 0.75509311647587 0.753898197556896
-9999 -9999 -9999 -9999 -9999 -9999 -9999 -9999 -9999 -9999 -9999 -9999 -9999 -9999 -9999 -9999 -9999 -9999 -9999 -9999 -9999 -9999 -9999 -9999 -9999 -9999 -9999 -9999 -9999 -9999 0.669580697273957 0.483407859612654 0.408531182925067 0.42562029552154 0.366535030374552 0.453584345611802 0.569902620185798 0.569844709513702 0.601188797269178 0.695128155029635 0.722471016881204 0.738665319447481 0.740193711860173 0.74138440849037 0.743691893570211 0.745608987495529 0.746956467972588 0.748075309415179 0.748787630909464 0.749512052847423 0.75074613476064 0.751917671932319 0.752489217270605 0.75275704810177 0.752924611341531 0.752168960760551 0.751428724285945
-9999 -9999 -9999 -9999 -9999 -9999 -9999 -9999 -9999 -9999 -9999 -9999 -9999 -9999 -9999 -9999 -9999 -9999 -9999 -9999 -9999 -9999 -9999 -9999 -9999 -9999 -9999 -9999 0.716545933137793 0.723727312489641 0.701439721125919 0.576796667742983 0.47520278844508 0.432822810499776 0.363507489158749 0.464509626228872 0.608848103258976 0.614998846605731 0.647248410806099 0.71477499130348 0.727724122696424 0.731397117318749 0.740358108496677 0.741637455772622 0.743475448716944 0.745281566677673 0.746538280422774 0.74701487053523 0.747656733332611 0.748340393624111 0.749053746565082 0.749629240473502 0.749913072756769 0.750449884594847 0.750683858988549 0.749534477696996 0.746902183345902
-9999 -9999 -9999 -9999 -9999 -9999 -9999 -9999 -9999 -9999 -9999 -9999 -9999 -9999 -9999 -9999 -9999 -9999 -9999 -9999 -9999 -9999 -9999 -9999 -9999 -9999 -9999 0.709063051893521 0.71486007085918 0.71534164027202 0.672067445134336 0.536476336672168 0.41040236421652 0.38362430574842 0.43176951505638 0.523950206008834 0.563860966191133 0.585764937676791 0.629760036163304 0.683040482214566 0.709947252210884 0.713029030482583 0.73884804554834 0.741170449968997 0.74302669530179 0.744660619718054 0.74527370350087 0.745406056631836 0.745583731697001 0.745947458758785 0.746665135200797 0.747330220782312 0.747651951306893 0.747666054809884 0.747101209503123 0.746296747623541 0.74371017472366
-9999 -9999 -9999 -9999 -9999 -9999 -9999 -9999 -9999 -9999 -9999 -9999 -9999 -9999 -9999 -9999 -9999 -9999 -9999 -9999 -9999 -9999 -9999 -9999 -9999 -9999 0.697989309909403 0.70042472985915 0.695456720648496 0.682168282633361 0.64762661815097 0.578537486669636 0.46027081250468 0.404279164561794 0.486560786515345 0.570803551098756 0.557390910661288 0.558222985934357 0.62301149418253 0.680691431842953 0.709248605953303 0.70758449963735 0.735964849524556 0.741099309683547 0.742782886919964 0.743850518959103 0.744189717491256 0.744329827961288 0.744196109544517 0.744205467874386 0.744644758147345 0.745320310276998 0.745829278599642 0.745312759810802 0.743978120743407 0.743358849777722 0.742422736360923
-9999 -9999 -9999 -9999 -9999 -9999 -9999 -9999 -9999 -9999 -9999 -9999 -9999 -9999 -9999 -9999 -9999 -9999 -9999 -9999 -9999 -9999 -9999 -9999 -9999 0.685178554474021 0.678260272544852 0.672007058537948 0.665040050733328 0.637513249167892 0.577084712786698 0.5469191550838 0.54896860547958 0.472423642314153 0.459342239017705 0.521446635673053 0.533784373176864 0.600951285551855 0.634683668613716 0.681681199648858 0.720695393406545 0.721569584961448 0.733948847189973 0.741541028193977 0.743409016073453 0.744483895179726 0.744339476629232 0.744126850210475 0.743948823417425 0.744130149365049 0.744328833589717 0.744078846501322 0.743699841419885 0.74280383818206 0.741494679714969 0.740703109797513 0.739526085109377
-9999 -9999 -9999 -9999 -9999 -9999 -9999 -9999 -9999 -9999 -9999 -9999 -9999 -9999 -9999 -9999 -9999 -9999 -9999 -9999 -9999 -9999 -9999 -9999 -9999 0.683017607363924 0.653561278631951 0.623717803084362 0.637987812873554 0.650225386312507 0.606978137825746 0.531126479480727 0.482057048182062 0.450417289637732 0.426906621577639 0.483128157737715 0.571192424967196 0.627907995771337 0.67645545099639 0.702437211684148 0.7126665288896 0.716929714360474 0.740011420002162 0.742179544609538 0.743151752157408 0.743433053760762 0.744283366756519 0.744654915848243 0.744576443131947 0.744076078993613 0.743003936613962 0.741787135600309 0.740941623691994 0.739788881851534 0.738963801820144 0.737698905858658 0.736013547336946
-9999 -9999 -9999 -9999 -9999 -9999 -9999 -9999 -9999 -9999 -9999 -9999 -9999 -9999 -9999 -9999 -9999 -9999 -9999 -9999 -9999 -9999 -9999 -9999 -9999 0.660633192710852 0.634751482172412 0.63498811907037 0.674897560767659 0.681592685464087 0.630281131073597 0.541344507626848 0.447668578321661 0.4273870759368 0.479269551634433 0.477881647029887 0.494529203940387 0.587098909236467 0.664165659340479 0.70233824184726 0.69544225833503 0.696607174354937 0.73671998829319 0.742411669587984 0.743777650993483 0.744187744046374 0.744702996710532 0.744626283265814 0.743971031078661 0.743011036402264 0.741241699421101 0.740056684945459 0.738894098940422 0.737002404547233 0.735736575295069 0.734958714765716 0.73350373026139
-9999 -9999 -9999 -9999 -9999 -9999 -9999 -9999 -9999 -9999 -9999 -9999 -9999 -9999 -9999 -9999 -9999 -9999 -9999 -9999 -9999 -9999 -9999 -9999 -9999 0.652273274225662 0.642760879126552 0.674561595498849 0.687562522888562 0.675826906452426 0.609112567377164 0.519795299460314 0.400874256907231 0.35672461731949 0.461825503382833 0.517020820467082 0.541219361594022 0.594540261709532 0.662256522020663 0.695737770608923 0.674993676578754 0.655687181414367 0.704298531581039 0.736538659742044 0.739775947348278 0.740129624639429 0.740661973611449 0.742810258442866 0.74284222521506 0.741465456590712 0.739335625010803 0.738492088101785 0.737644463955135 0.735556420599366 0.733952265391883 0.733121472269436 0.731630411225844
-9999 -9999 -9999 -9999 -9999 -9999 -9999 -9999 -9999 -9999 -9999 -9999 -9999 -9999 -9999 -9999 -9999 -9999 -9999 -9999 -9999 -9999 -9999 -9999 -9999 0.673034786058081 0.675460992515571 0.691824134858699 0.694179437656004 0.690335594108739 0.609650640383806 0.492229832882996 0.407537005501263 0.365133764510662 0.453832654882963 0.517566182893488 0.528018339965282 0.580867473267421 0.628550206511365 0.63676707666688 0.628378597141727 0.605801936964472 0.634240746730155 0.685894628988416 0.706354084805075 0.727776739145234 0.735793388847179 0.738356132745931 0.741036744887643 0.739132403245117 0.733600835628453 0.733282260979499 0.735202633420963 0.734364345411556 0.733113731121384 0.731516004761936 0.729136093373508
-9999 -9999 -9999 -9999 -9999 -9999 -9999 -9999 -9999 -9999 -9999 -9999 -9999 -9999 -9999 -9999 -9999 -9999 -9999 -9999 -9999 -9999 -9999 -9999 -9999 -9999 0.685711755446542 0.693803413406335 0.692252389019362 0.693157689039511 0.672387207960392 0.595381929799016 0.458532829410402 0.334629563469543 0.38760119099945 0.519015265326061 0.580684302915826 0.590451897464398 0.586691038448707 0.585229074191109 0.555286723386229 0.559770663643973 0.594577355963502 0.628384860113802 0.63795649818183 0.677731463442337 0.735455126177493 0.738058762941338 0.73990462949617 0.737892222103465 0.729588037276368 0.729694097589778 0.733472431250612 0.733407973749501 0.731651406622282 0.72962313435398 0.727380192940685
-9999 -9999 -9999 -9999 -9999 -9999 -9999 -9999 -9999 -9999 -9999 -9999 -9999 -9999 -9999 -9999 -9999 -9999 -9999 -9999 -9999 -9999 -9999 -9999 -9999 -9999 0.68533109337272 0.69546815772785 0.694209004066131 0.686497697194912 0.68571852556608 0.667769913748617 0.53600552463169 0.409973130954994 0.469840031630749 0.543242283495651 0.598213852398068 0.617168943351345 0.536254408969505 0.482379480214855 0.497566797623266 0.549522713732715 0.605767556753385 0.624407046786749 0.62251451189485 0.645408001023967 0.710759140136395 0.74054230444942 0.742124773273727 0.737471389849509 0.731323351440369 0.730608000160821 0.73230766157929 0.73207575923924 0.72930704040631 0.727743479691333 0.726158337317892
-9999 -9999 -9999 -9999 -9999 -9999 -9999 -9999 -9999 -9999 -9999 -9999 -9999 -9999 -9999 -9999 -9999 -9999 -9999 -9999 -9999 -9999 -9999 -9999 -9999 -9999 -9999 0.700990457695804 0.702816199315976 0.697804325110408 0.693230790964291 0.678289387537839 0.577552358006455 0.468824082906719 0.447132077924381 0.434664636513358 0.527167188993902 0.625511567338817 0.599143773079082 0.50594721152685 0.425840514901048 0.425943458426519 0.461988040027476 0.581340272802633 0.63297493774811 0.592414920752724 0.634582694885878 0.720274040757939 0.738334388146207 0.737571430895723 0.73295009809121 0.730400295136191 0.732657777814588 0.73193605127817 0.728975485702441 0.726299516344826 0.723658917776203
-9999 -9999 -9999 -9999 -9999 -9999 -9999 -9999 -9999 -9999 -9999 -9999 -9999 -9999 -9999 -9999 -9999 -9999 -9999 -9999 -9999 -9999 -9999 -9999 -9999 -9999 -9999 0.697573643716114 0.707531312498114 0.710283261983387 0.711113049084448 0.708647985383468 0.674610965307074 0.543349277254027 0.463303952850841 0.513722218771199 0.549353013427485 0.571257220983777 0.501304869097918 0.415202172095761 0.424962046764983 0.408691166604739 0.351853449253801 0.444658700645615 0.558566456760348 0.576264308835865 0.631266860714323 0.679821171722941 0.70659304488657 0.732337779028598 0.731888779317144 0.730068129910501 0.733084635563513 0.731310353559757 0.728219901910493 0.724235205567087 0.718197401035482
-9999 -9999 -9999 -9999 -9999 -9999 -9999 -9999 -9999 -9999 -9999 -9999 -9999 -9999 -9999 -9999 -9999 -9999 -9999 -9999 -9999 -9999 -9999 -9999 -9999 -9999 0.682810159628341 0.695955109554831 0.707559644514272 0.711994163131338 0.713893505777856 0.707382611526245 0.685799890179863 0.554725315010161 0.434690693357026 0.504308549047592 0.539940979381409 0.552194659354809 0.551905748724647 0.46425498384696 0.442977651917681 0.440385579245123 0.422986228597564 0.475164739159539 0.524552521622514 0.570499744741112 0.650947906495039 0.690277825853672 0.686948801457284 0.702555440961749 0.722416675664821 0.72739418153864 0.732269397358394 0.731958978479275 0.728093118797451 0.722481719986152 0.715685926887195
-9999 -9999 -9999 -9999 -9999 -9999 -9999 -9999 -9999 -9999 -9999 -9999 -9999 -9999 -9999 -9999 -9999 -9999 -9999 -9999 -9999 -9999 -9999 -9999 -9999 -9999 -9999 0.68178235662243 0.706600497008578 0.714237914885018 0.718910932689096 0.719292713733913 0.71754281964047 0.641121150459396 0.502679910610317 0.448564667400396 0.447670045442381 0.433695572785692 0.412231801416772 0.465356652019715 0.49047812923012 0.442653874282212 0.483828017188956 0.546300244607296 0.603582887258497 0.656680292344996 0.69863493729746 0.720363409975223 0.708935591646704 0.678186361740312 0.671789703696684 0.697720395014405 0.729208383122055 0.728346554800391 0.723139145974865 0.717007478947047 0.710779645848473
-9999 -9999 -9999 -9999 -9999 -9999 -9999 -9999 -9999 -9999 -9999 -9999 -9999 -9999 -9999 -9999 -9999 -9999 -9999 -9999 -9999 -9999 -9999 -9999 -9999 -9999 -9999 -9999 -9999 -9999 0.720972770678937 0.726570100943744 0.71418474266861 0.702847779928372 0.672794236668818 0.580232231138334 0.486087176713788 0.405609601668098 0.342787569981193 0.409079334197645 0.502809962709458 0.440919818746868 0.437448164763251 0.549356883524103 0.641034125911882 0.682448979485625 0.711740791092911 0.740458233886901 0.720736432013009 0.681142388888681 0.662751366886723 0.687264428531895 0.730441830070418 0.72330570615553 0.713542453601032 0.706277337910007 0.701944023735668
-9999 -9999 -9999 -9999 -9999 -9999 -9999 -9999 -9999 -9999 -9999 -9999 -9999 -9999 -9999 -9999 -9999 -9999 -9999 -9999 -9999 -9999 -9999 -9999 -9999 -9999 -9999 -9999 -9999 -9999 -9999 -9999 0.731912530655294 0.727229521253495 0.702257537768768 0.591138690427361 0.412011241997013 0.321904948531294 0.300174731290304 0.329574044109375 0.444649660291685 0.419900807825767 0.362751448480102 0.498755370353095 0.65365216896073 0.726498097491193 0.739317549433988 0.742015338207481 0.713699607361147 0.695646868924252 0.716370780410302 0.734951214198 0.736797370032188 0.729645320072311 0.709269058401928 0.700518300971662 0.699493649619682
-9999 -9999 -9999 -9999 -9999 -9999 -9999 -9999 -9999 -9999 -9999 -9999 -9999 -9999 -9999 -9999 -9999 -9999 -9999 -9999 -9999 -9999 -9999 -9999 -9999 -9999 -9999 -9999 -9999 -9999 -9999 -9999 -9999 0.732989799557274 0.719602382018845 0.643847809216134 0.525237835547067 0.446340930345104 0.402001071491605 0.376883001428191 0.396581908252205 0.459828161848161 0.427822125831674 0.449713492289493 0.627979076192067 0.713373303199106 0.740073721686353 0.734159767166476 0.697738916840586 0.683401811131482 0.711502332305045 0.72578069475704 0.736445935482947 0.736695191001423 0.730196395190106 0.719613305736015 0.711096137080403
