layers/veg_krg_sqold/veg3600.asc
NCOLS 255 
NROWS 330 
XLLCORNER -2985163.8955 
YLLCORNER -3022031.214 
CELLSIZE 25000 
NODATA_value -9999 
[rows 250 to 274 of 330, columns 57 to 113 of 255]
-9999 -9999 -9999 -9999 -9999 -9999 -9999 -9999 -9999 -9999 -9999 -9999 -9999 -9999 -9999 -9999 0.642003104455705 0.655865340819116 0.677432614601259 0.671507565727588 0.634221564966769 0.573357192399271 0.534962338283557 0.515249832594232 0.502638969598524 0.509745372385274 0.512686614994579 0.509111046714008 0.492690448638485 0.462075218458855 0.451706922792306 0.438971444590316 0.409831176206702 0.396669171067439 0.407999451297574 0.407074220470205 0.400914957684753 0.392056885221995 0.381589010718693 0.371097753616975 0.371000185345866 0.376927307845559 0.378632704002966 0.37462902002531 0.372973026064895 -9999 -9999 -9999 0.312788176984802 0.304760691409928 0.296619318866214 0.289264627611218 0.282970898782685 0.278297371171704 -9999 -9999 -9999
-9999 -9999 -9999 -9999 -9999 -9999 -9999 -9999 -9999 -9999 -9999 -9999 -9999 -9999 -9999 -9999 0.665998958086956 0.673634068302465 0.69562735699779 0.69167289044548 0.669822145141728 0.63415190909073 0.585947546528342 0.569553504527398 0.587689709292975 0.564856784231939 0.537006528157192 0.529205705837562 0.509901717786589 0.487799734169769 0.497157677761186 0.489801681163786 0.459855513817582 0.441400357703926 0.42907614944033 0.413500301537939 0.389052853937629 0.362493757286674 0.342861875982323 0.327295276494095 0.337745500839404 0.36116429134989 0.377277121331625 0.381565632139828 0.378343639734083 0.378746286664824 -9999 -9999 -9999 -9999 -9999 -9999 -9999 -9999 -9999 -9999 -9999
-9999 -9999 -9999 -9999 -9999 -9999 -9999 -9999 -9999 -9999 -9999 -9999 -9999 -9999 -9999 -9999 0.677998830552788 0.692091789438231 0.706148702083474 0.705464085414063 0.687436934015109 0.659958812677682 0.598452098498722 0.55698446937236 0.585531817252667 0.58719791706184 0.561477674922599 0.538199241708567 0.523208471078535 0.507688849179117 0.509496454935621 0.503424281330801 0.480573407048059 0.458148989567866 0.435842136506043 0.411613107178622 0.388519685305982 0.367522338088949 0.339893567962585 0.317635398865875 0.334687185030041 0.367938895756941 0.385129910794636 0.387734920283248 0.386707752392585 0.388481947716689 -9999 -9999 -9999 -9999 -9999 -9999 -9999 -9999 -9999 -9999 -9999
-9999 -9999 -9999 -9999 -9999 -9999 -9999 -9999 -9999 -9999 -9999 -9999 -9999 -9999 -9999 -9999 0.701434379981851 0.702578610331806 0.716779048550238 0.721459123735137 0.690861329452729 0.659121485469801 0.65209783234758 0.635564980077864 0.582067387733965 0.546596305678676 0.566422328708545 0.534078827339692 0.512704164936538 0.512587964421394 0.511021657686532 0.498021748263081 0.479697123542482 0.462275194770395 0.437964293420275 0.417232581381901 0.396624104075144 0.374139164918296 0.351612931163525 0.339283508799014 0.357003992157906 0.385217469182248 0.397824977704528 0.394663914260096 0.393043325073049 0.398278473747805 -9999 -9999 -9999 -9999 -9999 -9999 -9999 -9999 -9999 -9999 -9999
-9999 -9999 -9999 -9999 -9999 -9999 -9999 -9999 -9999 -9999 -9999 -9999 -9999 -9999 -9999 -9999 0.731604249758433 0.73094343822371 0.738061469191409 0.733717901489288 0.720705523377454 0.703399866392665 0.678671085342443 0.655166202437984 0.624429556586533 0.591309356271677 0.591277225580172 0.580855276227556 0.548329862171388 0.519459559003321 0.499116163070678 0.479552784159849 0.456574531532581 0.457993221981432 0.437880179202504 0.419531617785588 0.412854625057568 0.403831681803648 0.411268056830946 0.40787153043194 0.401426959277623 0.404194715938865 0.406731406748954 0.407052460324896 0.407201613671114 0.414189579782004 -9999 -9999 -9999 -9999 -9999 -9999 -9999 -9999 -9999 -9999 -9999
-9999 -9999 -9999 -9999 -9999 -9999 -9999 -9999 -9999 -9999 -9999 -9999 -9999 -9999 -9999 -9999 0.746049023370745 0.749706577897557 0.749186270702304 0.711857780023447 0.702494684652144 0.696390193342357 0.700027051319757 0.701708145576001 0.674782082894533 0.644667810640773 0.637444686489965 0.618960641829006 0.598388110672255 0.562861630905686 0.527277459061091 0.494244618520479 0.453218283843362 0.429802687696015 0.415228665994625 0.409038609263026 0.404764945322296 0.404281099151503 0.42924534225483 0.439851453825626 0.432114345024692 0.426071087307193 0.429869541203607 0.430182319656362 0.430626636759221 0.432690184983275 0.431212123776312 -9999 -9999 0.402644910905756 0.396088340014939 -9999 -9999 -9999 -9999 -9999 -9999
-9999 -9999 -9999 -9999 -9999 -9999 -9999 -9999 -9999 -9999 -9999 -9999 -9999 -9999 -9999 0.722276102814621 0.743146136660036 0.757109637861313 -9999 0.729865863368853 0.739349203670432 0.717206028584117 0.661244805948385 0.669013863391017 0.676102063740326 0.661755251357802 0.65357909070513 0.632223636183574 0.606904058413564 0.580946015659941 0.549667074482529 0.502560987487047 0.451675462892664 0.421729378769498 0.406537999120917 0.414321163441451 0.423445762295969 0.430277613480964 0.449152730763351 0.455627969957566 0.448086153890684 0.442928182216612 0.445800016708039 0.445229865004166 0.443307955153821 0.440201409688873 0.432388793501323 0.425850172755674 0.418267161549928 0.409616580638795 0.410528465088126 -9999 -9999 -9999 -9999 -9999 -9999
-9999 -9999 -9999 -9999 -9999 -9999 -9999 -9999 -9999 -9999 -9999 -9999 -9999 -9999 -9999 0.675683371255755 0.705794510749978 0.751228020847811 0.764580468451911 -9999 0.746859894330471 0.690904154961149 0.625172736380051 0.653951808613329 0.684317484818015 0.666908727082404 0.658804470023665 0.651989634396811 0.613182935947157 0.587142443681256 0.583139096771799 0.550798676137374 0.511954715968841 0.481624281631981 0.471461248586422 0.461089025710219 0.443476731437325 0.446897521826804 0.470603671014095 0.486766445918056 0.481149729000861 0.474420227937637 0.474661135155757 0.469077835507214 0.460615821861832 0.453808794213451 0.444000058808972 0.43018458480438 0.425681850208969 0.426659806264491 0.428123924627381 -9999 -9999 -9999 -9999 -9999 -9999
-9999 -9999 -9999 -9999 -9999 -9999 -9999 -9999 -9999 -9999 -9999 -9999 -9999 -9999 -9999 0.679300654268807 0.70464592326244 0.743399350457147 -9999 -9999 0.716044626400701 0.74635423590981 0.710270499081517 0.667364035315298 0.691329560212841 0.655795952149613 0.64647173429348 0.664694190046721 0.637970495182794 0.619222391204163 0.611427522851836 0.572425068718924 0.522103382364577 0.479503339186808 0.47725424115598 0.469452963456675 0.460040999276969 0.470639767200656 0.503805948506393 0.535033878802646 0.522567479486264 0.504758983317412 0.496136515873006 0.486674492655609 0.474356977570884 0.47265459897606 0.471950101464895 0.462992148929929 0.451962427204895 0.439960280755326 0.440055224375663 -9999 -9999 -9999 -9999 -9999 -9999
-9999 -9999 -9999 -9999 -9999 -9999 -9999 -9999 -9999 -9999 -9999 -9999 -9999 -9999 -9999 0.714532199888275 0.722872574695286 0.747543436807353 -9999 0.716826320989984 0.702078006356936 0.670662128389527 0.635176891852882 0.626142344229581 0.633051082305252 0.632254874385732 0.638174066313704 0.646256262050633 0.61849834007434 0.603896546275753 0.610854142609292 0.580959215498676 0.544178328782603 0.532140825663668 0.501339018930413 0.487933189670839 0.505492314707153 0.520488526317181 0.543490436004845 0.552236008387671 0.538338296288913 0.517432958338793 0.502519516939122 0.492852682351126 0.48609014138511 0.48272883543783 0.473495134138511 0.464128152436697 0.461983847647192 -9999 -9999 -9999 -9999 -9999 -9999 -9999 -9999
-9999 -9999 -9999 -9999 -9999 -9999 -9999 -9999 -9999 -9999 -9999 -9999 -9999 -9999 -9999 0.748026176317871 0.74926471348584 0.747004964382933 -9999 0.737695368376243 0.724072882543566 0.682439885450011 0.649709166137698 0.638513313923048 0.654168049913785 0.669232590935422 0.656504140846836 0.666329446708801 0.645803114047454 0.596661878939006 0.56706596161987 0.573137681150257 0.574242326038326 0.560032062308704 0.545282912330851 0.53944243166058 0.554193481295784 0.559794431240505 0.561658784511289 0.55236401487276 0.537992295311656 0.521001280762877 0.511016901757118 0.504598311477122 0.49985414513418 0.49486526740266 0.488741370105184 0.486415845119421 -9999 -9999 -9999 -9999 -9999 -9999 -9999 -9999 -9999
-9999 -9999 -9999 -9999 -9999 -9999 -9999 -9999 -9999 -9999 -9999 -9999 -9999 -9999 -9999 0.742543243073479 0.742021206583583 0.742580936313978 -9999 0.743812752441805 0.721822889059524 0.687302171698581 0.653031656833319 0.616478701687566 0.640458012893553 0.674607953123029 0.63310367539987 0.626672422318824 0.634478982376051 0.609156698370606 0.589552052310185 0.586204115291229 0.578689014306622 0.56414929019726 0.584605782834715 0.587002929420955 0.57772634475915 0.564975508085838 0.553257020888946 0.545588524743553 0.537683285853632 0.530415782025767 0.528381554140133 0.513655781096886 0.495251505899106 0.492194830219551 -9999 -9999 -9999 -9999 -9999 -9999 -9999 -9999 -9999 -9999 -9999
-9999 -9999 -9999 -9999 -9999 -9999 -9999 -9999 -9999 -9999 -9999 -9999 -9999 -9999 -9999 -9999 0.744600705071807 0.746540420161052 -9999 0.755405078440363 0.707192625463988 0.696147094147606 0.70516807539437 0.625668405253523 0.629844701370586 0.64882038953897 0.627372161655957 0.634388174649227 0.630763628558 0.612575238267372 0.604673700443699 0.589030861721085 0.574800589595835 0.570194159770411 0.587857404744912 0.591607409769293 0.578340640593023 0.562061373748372 0.552761430024285 0.545676929769367 0.539654890021998 0.536533702298855 0.53014015816307 0.511152464799251 0.509974023349206 -9999 -9999 -9999 -9999 -9999 -9999 -9999 -9999 -9999 -9999 -9999 -9999
-9999 -9999 -9999 -9999 -9999 -9999 -9999 -9999 -9999 -9999 -9999 -9999 -9999 -9999 -9999 -9999 -9999 -9999 -9999 0.751191759908019 0.711001091044423 0.687456751516724 0.693397938786771 0.660404834966477 0.647608019451927 0.643045298573211 0.637186290230137 0.630423477065454 0.632608578906714 0.620794877808151 0.618684927132959 0.606294953889865 0.603907977129354 0.619436594301496 0.610241121212793 0.597005435917566 0.585012933923803 0.575308643019446 0.562999122352294 0.549124170714391 0.54203776763388 0.530797717278114 0.518003094965979 0.510758178658596 0.512747116595892 0.52247099972752 -9999 -9999 -9999 -9999 -9999 -9999 -9999 -9999 -9999 -9999 -9999
-9999 -9999 -9999 -9999 -9999 -9999 -9999 -9999 -9999 -9999 -9999 -9999 -9999 -9999 -9999 -9999 -9999 -9999 -9999 0.738400198016562 0.731404148697863 0.705390534252371 0.664578514408434 0.619212333537479 0.635939074189904 0.659695523344901 0.643799375242897 0.638902570814155 0.632058818773805 0.609978854533163 0.610505518363114 0.606479911903359 0.604463328150033 0.615195593703062 0.602410534698868 0.581053783295783 0.5733212596973 0.575366595863627 0.571677650626397 0.561718837402012 0.549476084050217 0.535582922190092 0.521192331092356 0.515027649607913 0.520758786645276 0.533359444924975 -9999 -9999 -9999 -9999 -9999 -9999 -9999 -9999 -9999 -9999 -9999
-9999 -9999 -9999 -9999 -9999 -9999 -9999 -9999 -9999 -9999 -9999 -9999 -9999 -9999 -9999 -9999 -9999 -9999 -9999 0.715818487507644 0.707016342604143 0.73232714991516 0.716650050680675 0.661295810981434 0.67432633289578 0.671011787303252 0.667161297018562 0.663069627445191 0.642022049660478 0.614716745332701 0.591620690669466 0.583496201408022 0.593442436611831 0.604146139395634 0.591354967911268 0.572647212777533 0.570317793664766 0.571500079987028 0.568637012194172 0.556644328263571 0.545231078773169 0.530064436616493 0.521831769189312 0.51886152044533 0.526899051780376 0.538510510200175 -9999 -9999 -9999 -9999 -9999 -9999 -9999 -9999 -9999 -9999 -9999
-9999 -9999 -9999 -9999 -9999 -9999 -9999 -9999 -9999 -9999 -9999 -9999 -9999 -9999 -9999 -9999 -9999 0.755836926809266 0.752448235631995 0.72419276309052 0.704983298902677 0.683377188723679 0.681309113199949 0.658318642646048 0.665785579372743 0.688428558244134 0.670613663493483 0.667250020848041 0.664279659687606 0.641790778108551 0.620791468393996 0.596228213885613 0.596030727450882 0.605943063120232 0.579794170003004 0.573122284414068 0.5849820637623 0.583466092013971 0.572688437090427 0.562412938623211 0.549468658723347 0.532002000243082 0.529270198088624 0.535541770150567 0.546168668652619 -9999 -9999 -9999 -9999 -9999 -9999 -9999 -9999 -9999 -9999 -9999 -9999
-9999 -9999 -9999 -9999 -9999 -9999 -9999 -9999 -9999 -9999 -9999 -9999 -9999 -9999 -9999 -9999 -9999 0.744775011498599 0.742848588320311 0.74106706026203 0.714493331969637 0.691151181335943 0.692426100005539 0.677259260756804 0.679704187496218 0.67161488104872 0.662337184312911 0.672344974616143 0.670841575564627 0.655118764025926 0.627681391208538 0.59487727733896 0.598761960242545 0.617438324246135 0.607325783701911 0.598869449400879 0.589454681542269 0.580299218184417 0.573522491160783 0.558154387010049 0.544649115245921 0.556158199162655 0.565051797309498 0.563780283184231 0.563116553343375 -9999 -9999 -9999 -9999 -9999 -9999 -9999 -9999 -9999 -9999 -9999 -9999
-9999 -9999 -9999 -9999 -9999 -9999 -9999 -9999 -9999 -9999 -9999 -9999 -9999 -9999 -9999 -9999 -9999 0.717201197133194 0.744102333585785 0.733816361192456 0.681161681047097 0.653646333150657 0.65966253988545 0.668282985125981 0.663502188542884 0.639800976952704 0.621929861322959 0.64866545325154 0.663270780666422 0.643968436061996 0.613919876853969 0.594263715004366 0.602570221175483 0.610867820847115 0.603112119495103 0.59845333703671 0.581953140770765 0.571028774970511 0.569036311639752 0.553133249488943 0.551181901679807 0.572176632471019 0.573402854207014 0.564670208618391 0.557461144635675 -9999 -9999 -9999 -9999 -9999 -9999 -9999 -9999 -9999 -9999 -9999 -9999
-9999 -9999 -9999 -9999 -9999 -9999 -9999 -9999 -9999 -9999 -9999 -9999 -9999 -9999 0.729078795551675 -9999 0.711315045405893 0.726396818465768 0.740576237757864 0.682295208448839 0.669997399540455 0.644480399970431 0.63321654256931 0.632845093560408 0.634315333101741 0.632312214802783 0.634774838420529 0.642113026122499 0.641082442318291 0.634624956810011 0.623758137471779 0.601875067701329 0.599659672668503 0.605467947820871 0.590199096362273 0.578440194142263 0.568442348366281 0.569720203838202 0.561612561127492 0.560591838705324 0.578171148454503 0.587278769922244 -9999 -9999 -9999 -9999 -9999 -9999 -9999 -9999 -9999 -9999 -9999 -9999 -9999 -9999 -9999
-9999 -9999 -9999 -9999 -9999 -9999 -9999 -9999 -9999 -9999 -9999 -9999 -9999 -9999 -9999 -9999 0.715126107783144 0.714733203029923 0.708202364655963 0.687041441436042 0.650074708790476 0.607775268294809 0.595283605459862 0.58406714450007 0.608080344046008 0.631571143980092 0.613181008095388 0.614842569179308 0.619007976167517 0.622708024471443 0.618501963271874 0.597179702062707 0.597248264362254 0.614749383090167 0.604031399448489 0.588708143569694 0.57539782663047 0.555488083899103 0.558759184279683 0.578614146732226 -9999 -9999 -9999 -9999 -9999 -9999 -9999 -9999 -9999 -9999 -9999 -9999 -9999 -9999 -9999 -9999 -9999
-9999 -9999 -9999 -9999 -9999 -9999 -9999 -9999 -9999 -9999 -9999 -9999 -9999 -9999 -9999 -9999 0.697577368542205 0.704185298748834 -9999 0.6903032536922 0.670186692605481 0.627045084487488 0.619399524105784 0.590071045067091 0.56395287323937 0.571415705102196 0.585285503408074 0.598484952858828 0.608764475315779 0.61080611305941 0.607981596067145 0.590932229811551 0.591462348519671 0.612792678928794 0.600832174579801 0.577514482450837 0.549860813337545 0.540620161605804 0.554096730833597 -9999 -9999 -9999 -9999 -9999 -9999 -9999 -9999 -9999 -9999 -9999 -9999 -9999 -9999 -9999 -9999 -9999 -9999
-9999 -9999 -9999 -9999 -9999 -9999 -9999 -9999 -9999 -9999 -9999 -9999 -9999 -9999 -9999 -9999 0.703190698568528 0.708845000529419 -9999 0.650090059679561 0.635063853860292 0.613228931981932 0.601025965146887 0.590827741102346 0.563731904851805 0.543736410057697 0.556584742814856 0.574350652683928 0.587486845657602 0.594404334990394 0.593983331314848 0.584588130816179 0.582526282567864 0.588802209888105 0.577453997007876 0.552902184728873 0.543295802437533 0.559164800138165 0.575985573852309 -9999 -9999 -9999 -9999 -9999 -9999 -9999 -9999 -9999 -9999 -9999 -9999 -9999 -9999 -9999 -9999 -9999 -9999
-9999 -9999 -9999 -9999 -9999 -9999 -9999 -9999 -9999 -9999 -9999 -9999 -9999 -9999 0.72433706430639 0.6925735405224 0.682026037172532 0.683220749816608 -9999 0.694639939680121 0.610613312930893 0.546458563754101 0.532919826670588 0.494243314967343 0.482204890184823 0.525441905433799 0.531838648726074 0.543240843184418 0.559128134831443 0.568139720418803 0.572783979090379 0.576133366839363 0.579407695571908 0.571169221253196 0.556595653362244 0.571394842809873 0.591463089323276 0.587704854132369 0.585475602420976 -9999 -9999 -9999 -9999 -9999 -9999 -9999 -9999 -9999 -9999 -9999 -9999 -9999 -9999 -9999 -9999 -9999 -9999
-9999 -9999 -9999 -9999 -9999 -9999 -9999 -9999 -9999 -9999 -9999 -9999 -9999 0.737450349510755 0.72407624637144 0.693349633448355 0.67316751807437 0.690860017550315 0.721887583888717 0.674689367692426 0.58802673703485 0.58371666906981 0.571821614503098 0.502280514269169 0.48181726977457 0.48946837385866 0.512888676611985 0.532727770650363 0.550274620602173 0.561627737741383 0.562021521692741 0.56222738862862 0.568229057478068 0.564106913822645 0.560197465413748 0.582022699067004 0.592957120644537 0.585699390615125 0.575189198029088 -9999 -9999 -9999 -9999 -9999 -9999 -9999 -9999 -9999 -9999 -9999 -9999 -9999 -9999 -9999 -9999 -9999 -9999
