layers/veg_krg_sqold/veg3000.asc
NCOLS 255 
NROWS 330 
XLLCORNER -2985163.8955 
YLLCORNER -3022031.214 
CELLSIZE 25000 
NODATA_value -9999 
[rows 225 to 249 of 330, columns 57 to 113 of 255]
-9999 -9999 -9999 -9999 -9999 -9999 -9999 -9999 -9999 -9999 -9999 -9999 -9999 -9999 -9999 -9999 -9999 -9999 -9999 0.420591428783105 0.408240397837372 0.388804981771961 0.357921203538901 0.27022151889007 0.139019684457772 0.03745174410371 0 0 0.0845798646883874 0.164180227365417 0.172455450492929 0.16788341425696 0.183613831798744 0.237494579622764 0.2876612669195 0.314581452779653 0.324992059965282 0.329648312974067 0.335152483552607 0.339227380664816 0.34097713926327 0.344011767833582 0.347266334217686 0.350982464163267 0.356723369158644 0.362980039716926 0.3702518374715 0.376837946188327 0.381368659813228 0.384681443717892 0.388198935163729 0.390297594145861 0.392333570030282 0.394751161872943 0.396555213681432 0.397939265625489 0.39937480860688
-9999 -9999 -9999 -9999 -9999 -9999 -9999 -9999 -9999 -9999 -9999 -9999 -9999 -9999 -9999 -9999 -9999 -9999 0.43966036558716 0.412982000091099 0.402863892736255 0.400658805035136 0.35324207418084 0.246612544424792 0.126008524173402 0.0537252219354352 0.0098056139410388 0.0195340144564318 0.110697251075855 0.16254080361876 0.174206925397518 0.136252083330971 0.103921548298228 0.171458674984827 0.259962738930071 0.305573404526599 0.324543348390724 0.329014295688 0.333352748072571 0.336191272426911 0.337139578937992 0.339381412951287 0.341687525919277 0.344503145545588 0.349602564957798 0.355629921503068 0.361756900663187 0.36802671500084 0.373947895159937 0.377528289826069 0.380645036255014 0.382897005339504 0.385377892119056 0.388134360886319 0.389967259026797 0.391480576200243 0.393458900268193
-9999 -9999 -9999 -9999 -9999 -9999 -9999 -9999 -9999 -9999 -9999 -9999 -9999 -9999 -9999 -9999 -9999 -9999 0.443587466503568 0.415055474619937 0.400816986384969 0.401565690208508 0.335223773959269 0.247791592272717 0.147582550844316 0.0373210875566961 0.0477733735993269 0.0768046617622177 0.0896996454848088 0.141968177543862 0.174364405754977 0.146298415257845 0.136506315837432 0.193675276459777 0.250234284067549 0.294339378628891 0.320188490130491 0.328533285541006 0.331823338594514 0.333597841346625 0.333549034607815 0.333171859006011 0.335299050061829 0.339762536855731 0.342932474397629 0.347755806289681 0.354103327722372 0.360623835481844 0.365836876740679 0.369349581345012 0.372691204388547 0.375145030325023 0.377864936805677 0.380671146880229 0.382635264983306 0.38417329275748 0.386234863183405
-9999 -9999 -9999 -9999 -9999 -9999 -9999 -9999 -9999 -9999 -9999 -9999 -9999 -9999 -9999 -9999 -9999 -9999 0.417473001054683 0.408334001582327 0.410242554889154 0.403013980100441 0.349147754849249 0.260730957364611 0.177794530827171 0.0924295553926162 0.0664588363336174 0.0900585255284562 0.10078609011826 0.132742930458314 0.169519062816093 0.149773668929484 0.145704085359879 0.201307505343333 0.254211393386704 0.289645158888555 0.315411302725793 0.327212612042198 0.330381117472469 0.331503458660541 0.330999987419938 0.330767880090506 0.332846304328658 0.335776935814218 0.33886171228621 0.343121193810344 0.34829591678268 0.355223898513969 0.359575510412655 0.362662587184072 0.366226318924861 0.368574501995611 0.371275322894572 0.374243374448928 0.376380556915238 0.378198348624535 0.380647779379389
-9999 -9999 -9999 -9999 -9999 -9999 -9999 -9999 -9999 -9999 -9999 -9999 -9999 -9999 -9999 -9999 -9999 0.420044823530157 0.414102740984689 0.406959362681179 0.410170478426216 0.396525916280545 0.318584943821404 0.208818986220075 0.162346996388677 0.0992409076255364 0.0479995965195934 0.0725354301260591 0.108727696749147 0.123408232453229 0.11619091122888 0.138256954197536 0.184970419438632 0.224414206715623 0.25436705335925 0.283742814829286 0.308017155185582 0.324422054502702 0.329705936421707 0.329630992490207 0.328414581834084 0.327075070321641 0.327421951476193 0.329743229788868 0.332654170426746 0.335118421923041 0.339453080257064 0.346055043683795 0.349758216278599 0.352462175241112 0.355552587258859 0.357909388530942 0.360145352605999 0.362794005945064 0.365285084776854 0.368096404506392 0.371736357055888
-9999 -9999 -9999 -9999 -9999 -9999 -9999 -9999 -9999 -9999 -9999 -9999 -9999 -9999 -9999 -9999 -9999 0.412555389311338 0.410520600421011 0.416099426435457 0.412020096538825 0.390366076800387 0.314333295730908 0.217570696387678 0.171835038718217 0.126651399494396 0.0968734304928507 0.0849639168418266 0.0988925169525942 0.0890627161450374 0.0496397000168734 0.127433707272267 0.208256474879314 0.237866817691362 0.259641181254625 0.28313864782013 0.303157906881134 0.319068735893235 0.327868942979463 0.32721973928448 0.325079032497372 0.323405647704321 0.322437718438643 0.322664020573681 0.325687081280721 0.327656813674555 0.330057182840308 0.336088077398163 0.340192389728071 0.342916279683475 0.345086750970155 0.347121786636039 0.349395620832375 0.352478197709021 0.355449116562233 0.358928420178881 0.363445835572742
-9999 -9999 -9999 -9999 -9999 -9999 -9999 -9999 -9999 -9999 -9999 -9999 -9999 -9999 -9999 -9999 -9999 0.445872243762361 0.427100072195209 0.425237112955367 0.413000407365102 0.374721060313357 0.291717121510337 0.190855431857898 0.132883299797914 0.100915981146538 0.104807267355648 0.123037840701296 0.140831514898044 0.1625067196555 0.164431913313663 0.19943207813332 0.23035314726085 0.25028889882717 0.267937640873009 0.289078674277843 0.306534602855738 0.318762551270979 0.32668237054852 0.326471864190166 0.324760219050973 0.322104117751407 0.317305439792608 0.31141523020636 0.311222437451135 0.316330027600405 0.321591481561812 0.329256870279024 0.333591988194531 0.335035281024497 0.336696596238286 0.338470883274971 0.341350241668071 0.345697719922885 0.349337048275255 0.352596484361396 0.356446336237759
-9999 -9999 -9999 -9999 -9999 -9999 -9999 -9999 -9999 -9999 -9999 -9999 -9999 -9999 -9999 -9999 0.460708626795748 0.444304195183152 0.425826848715992 0.426638059259099 0.408869530415471 0.353831012358572 0.258541742540625 0.172938895404468 0.162146438233991 0.151185796029846 0.0964779393282694 0.124806466041616 0.197261566908418 0.201384823605998 0.199842018224649 0.213499189803166 0.232467606940857 0.252503068624221 0.272379089771199 0.293267290681315 0.309126105962942 0.320954952222169 0.326042431739587 0.325052165433959 0.323209856590399 0.318672271803955 0.311719794233755 0.304847744552854 0.301706830354209 0.305058276021035 0.311400305112126 0.317332159150341 0.321091434192611 0.323485050905955 0.325040438856098 0.326918418827996 0.330193924202704 0.3339010559256 0.335113708929068 0.337274153591037 0.342810769603033
-9999 -9999 -9999 -9999 -9999 -9999 -9999 -9999 -9999 -9999 -9999 -9999 -9999 -9999 -9999 -9999 0.460484408792 0.446394466188266 0.425494001870238 0.421873222491104 0.402358623284874 0.332572311641673 0.237509882562711 0.151067023563639 0.13036094842051 0.189197003855126 0.170317373378515 0.117497220537233 0.191424159525976 0.270807252288212 0.276436122834712 0.258751450554395 0.248694057895695 0.264330278353722 0.280616112745971 0.297421733797506 0.311037224696793 0.321490823224207 0.32480802183731 0.323191176810443 0.320802407754933 0.313398149813634 0.303532573837261 0.297388996802933 0.293351014511871 0.294203351652959 0.299280681186505 0.30459089660367 0.308178640407671 0.311288827544604 0.313822747352262 0.313968443871973 0.313200639699734 0.31353136511582 0.315786669682422 0.320954664668437 0.329140372738719
-9999 -9999 -9999 -9999 -9999 -9999 -9999 -9999 -9999 -9999 -9999 -9999 -9999 -9999 -9999 -9999 0.464903680516075 0.44802329389694 0.433504310114853 0.425486363995947 0.403513376961354 0.336154813681705 0.239996133608173 0.162551314136498 0.141618410311332 0.193382850320181 0.206552000212772 0.143187998189733 0.176807907494933 0.249391077101701 0.252502586589837 0.265522978564799 0.264544552675865 0.267728398000049 0.284433510060827 0.301800811870667 0.312112377769771 0.319491199399993 0.323059824673928 0.320929320133195 0.318427794840695 0.314468644194443 0.309005341504879 0.30120122106578 0.29336743093863 0.290742311760671 0.292449060481155 0.294495231549694 0.296722407895705 0.300064145126846 0.302440387964756 0.301483190677733 0.300458456747845 0.300990116656598 0.303063636441544 0.309682409194097 0.320111884845767
-9999 -9999 -9999 -9999 -9999 -9999 -9999 -9999 -9999 -9999 -9999 -9999 -9999 -9999 -9999 0.471692692952824 0.453200240967972 0.431225358997445 0.435421058046847 0.432406786915524 0.406073594812865 0.345683085020643 0.261588484979571 0.194332709783121 0.191535901993458 0.220119160059826 0.228807327668651 0.242510530723479 0.237154339396572 0.247067002093473 0.263601817798808 0.254549227973139 0.268113665362276 0.294643340700477 0.302215233763254 0.311560119864964 0.313118307396183 0.312623099370521 0.313614345703053 0.313502551811361 0.313545756944633 0.310562132363053 0.306287550305206 0.29965708808606 0.287891917411035 0.280354087900553 0.280084368655543 0.280977308898697 0.283753071457431 0.285328732335359 0.284897987916891 0.284240927686845 0.282494567863023 0.280031333155505 0.273860624426439 0.280238100713402 0.302268010489972
-9999 -9999 -9999 -9999 -9999 -9999 -9999 -9999 -9999 -9999 -9999 -9999 -9999 -9999 -9999 0.471382022588206 0.442435671941285 0.406658856656148 0.42372531759996 0.437421877899015 0.409058525264672 0.36369624017684 0.270732952662204 0.181562515955724 0.189126299725278 0.202537762532113 0.217394384769886 0.248983706646913 0.25041969930443 0.269326027267948 0.280806544697628 0.241612757624821 0.24760760659269 0.301684892020872 0.312073452142507 0.316637734247163 0.315467743168729 0.313408840337136 0.311537393535645 0.309826772636852 0.308169269159217 0.306075002381536 0.30069138260884 0.292361163970611 0.283433584359832 0.277922759276079 0.274823374377627 0.271782740133928 0.27226430369344 0.271387487949078 0.269932428655237 0.269759272220431 0.270360427139054 0.272413603530796 0.267277413764438 0.264240106767325 0.283139147259215
-9999 -9999 -9999 -9999 -9999 -9999 -9999 -9999 -9999 -9999 -9999 -9999 -9999 -9999 -9999 0.477289212963239 0.435170954220811 0.372252418556062 0.38620914533365 0.425911086299353 0.400097503164643 0.353518592462701 0.274711662907677 0.166228730138247 0.118667872735564 0.165820032268013 0.226651701165188 0.242868413104355 0.250783459145167 0.276848656773736 0.314089275780056 0.322753334164855 0.31920217280551 0.315178146441692 0.318284944245664 0.32522773464038 0.323177766075314 0.319282391139511 0.315343572686927 0.312224762188182 0.307537442354184 0.303916771317388 0.295055234334248 0.284061702655332 0.275778542438357 0.269555308341215 0.27216351809624 0.277032577846672 0.276607421185263 0.26957577224956 0.26344057387241 0.261103350637748 0.26348275139798 0.269716664043977 0.271146519235306 0.260748851665407 0.262943503766278
-9999 -9999 -9999 -9999 -9999 -9999 -9999 -9999 -9999 -9999 -9999 -9999 -9999 -9999 -9999 -9999 0.465948266183127 0.438139643515479 0.437737971073709 0.421787955890232 0.386794477905643 0.333986464888965 0.284216793627283 0.249327359461963 0.185812136955327 0.171638450773521 0.233705496302552 0.248025717300977 0.257986906210432 0.260669903664501 0.278588506621299 0.318460545215009 0.327341540944732 0.30738691023051 0.300057812505789 0.314761514052693 0.325823398881391 0.323421827442555 0.318657404348971 0.312343436273226 0.30826578356712 0.303540534201631 0.296128111750947 0.283333241590816 0.270972232751278 0.261839726337518 0.256135927659897 0.260010843903073 0.26376100155606 0.262752286466533 0.260910000521094 0.259604905080856 0.261510205946772 0.266654887392436 0.271001373490975 0.278662149795953 0.287458492130386
-9999 -9999 -9999 -9999 -9999 -9999 -9999 -9999 -9999 -9999 -9999 -9999 -9999 -9999 -9999 -9999 0.456329176704792 0.451286279436076 0.444963684199318 0.431078888652583 0.392555781141925 0.326741793544356 0.261907923544301 0.249985600837816 0.21104951155808 0.189452876079334 0.24490683183911 0.263805854214396 0.283083018025231 0.294226315591804 0.305783377409745 0.317085813347404 0.325327665733068 0.328131395725091 0.324066631934802 0.321153277930867 0.317480236096658 0.314545749624388 0.318967026704931 0.319229931017173 0.310665092794002 0.303090008766481 0.295954458383771 0.286765548869936 0.27583320525986 0.262771450594364 0.254924266119813 0.256729923943277 0.256154341581776 0.248060179650965 0.246710784360769 0.253652329905101 0.261949696219339 0.27082217360306 0.278306166294953 0.281698685786862 0.291016794837358
-9999 -9999 -9999 -9999 -9999 -9999 -9999 -9999 -9999 -9999 -9999 -9999 -9999 -9999 -9999 -9999 0.457139646032209 0.454027003948525 0.44916894900368 0.437811279645144 0.404103611699737 0.359699780393696 0.303245953953084 0.26722973691047 0.217703358312362 0.18813422223334 0.253768446711164 0.273236098129479 0.279272325636499 0.296513285393906 0.297593572809148 0.311685211662758 0.329227362163753 0.333425385818307 0.334475964091047 0.329611518790475 0.324861542660959 0.320679575727586 0.31849993707085 0.319021581805172 0.313203032689829 0.3039524466369 0.296194375639038 0.286222484085508 0.273972448088542 0.262814646530947 0.253793987830604 0.248926501256458 0.24420168012403 0.237740640659213 0.238666143302634 0.24556125936423 0.255157323133128 0.267278664657917 0.276036005401317 0.281487120528404 0.291843198523988
-9999 -9999 -9999 -9999 -9999 -9999 -9999 -9999 -9999 -9999 -9999 -9999 -9999 -9999 -9999 -9999 0.471149682193945 0.46221776789336 0.468268755657444 0.460513887498692 0.421629312914013 0.367824567357707 0.308162185225221 0.255822961453035 0.235914610031018 0.211110768750253 0.206925882792626 0.25216905283471 0.277210624237081 0.290490655529487 0.299596133259508 0.315366649815194 0.332356342009062 0.343252331103888 0.343414320560981 0.337916615742089 0.336419639408897 0.335147372536675 0.326854549282103 0.320791605752999 0.315806635473034 0.305547082330869 0.296749528649091 0.28695869587944 0.273639877102508 0.261818664942205 0.251141744848899 0.238927338765636 0.230164276825701 0.226057377445461 0.229164090738461 0.237521847203737 0.246424488375337 0.258762841146234 0.268012536604441 0.275811533513731 0.292270506062403
-9999 -9999 -9999 -9999 -9999 -9999 -9999 -9999 -9999 -9999 -9999 -9999 -9999 -9999 -9999 -9999 0.506908344734116 0.499542679955255 0.48905888366299 0.473369350696742 0.442093180195487 0.381317834572376 0.300020092660838 0.247249409984452 0.244603796129455 0.230343726330898 0.21558088006755 0.250548881286607 0.273320497266198 0.288511517671051 0.304176380515976 0.324940019708328 0.348248612884163 0.352630053628389 0.33973531205145 0.332045738667052 0.333937822355549 0.335510954961456 0.33706342015261 0.331325999414828 0.321979164284632 0.312681431958318 0.30327940432876 0.290814622123013 0.275228518085519 0.263442979060599 0.253218076787073 0.241237122370411 0.232536928817437 0.228824494283897 0.229394047666287 0.233992318938479 0.242091332325931 0.253692325662874 0.264716859033457 0.269207078978576 -9999
-9999 -9999 -9999 -9999 -9999 -9999 -9999 -9999 -9999 -9999 -9999 -9999 -9999 -9999 -9999 -9999 -9999 0.505092632509133 0.491845769887986 0.477561361568835 0.449350159057442 0.381555872649177 0.301535707594789 0.266483889933211 0.248669857288423 0.235244519727886 0.244505436990817 0.27438131590343 0.303259410428852 0.329285000817469 0.332347507159861 0.336274761404032 0.34606930474143 0.330430105389089 0.3176286553804 0.336030439220159 0.353458749112628 0.352998388666339 0.337492077305825 0.327734494382404 0.3207438554629 0.314595263247103 0.310911857844849 0.298498452705705 0.279662610422506 0.267276417046548 0.256326010439751 0.243535030125565 0.234437291536128 0.229114603916097 0.228602715107281 0.233668069966349 0.241038764596909 0.251199789507166 0.261664704928271 0.265955344010084 -9999
-9999 -9999 -9999 -9999 -9999 -9999 -9999 -9999 -9999 -9999 -9999 -9999 -9999 -9999 -9999 -9999 -9999 0.50547573128904 0.495566974143237 0.479325104591826 0.457127551127858 0.40376084061144 0.333468413208958 0.306284116309577 0.286470085908909 0.274164112361302 0.279473023651311 0.301135322961673 0.335574470731568 0.35720101945309 0.366872869197737 0.368651064825697 0.358361270339022 0.333801375474812 0.325084638137742 0.340388152674377 0.357192428043755 0.363225195655349 0.357176428047158 0.345088845201185 0.329569932542059 0.320085582977329 0.314599664031203 0.306779771140768 0.290577681328793 0.276633751015857 0.26562084086645 0.253425345825417 0.245128185862848 0.240119534588331 0.237407948350522 0.238041371574412 0.241546616883945 0.249291827831692 0.258950272658722 0.263848270385931 -9999
-9999 -9999 -9999 -9999 -9999 -9999 -9999 -9999 -9999 -9999 -9999 -9999 -9999 -9999 -9999 -9999 -9999 0.528726718922161 0.522902737043723 0.499591492916087 0.456303015126502 0.417621328408335 0.356760503330828 0.310948080496037 0.317582704057984 0.324947946401644 0.324717543268714 0.32401428866858 0.355590184776635 0.38127238026547 0.382504951329018 0.367138444884399 0.35646184874465 0.345562654657894 0.340721753323514 0.347381844552672 0.354624547542901 0.362834176610373 0.365941741031 0.364835280962197 0.348383922781159 0.329310225243264 0.319936458257096 0.311139963389964 0.299805936731245 0.29045166355298 0.280406629594055 0.265896533989016 0.25576357396736 0.248601443086742 0.242415279093939 0.2395241868135 0.2407126207055 0.247598048801201 0.252998227325594 -9999 -9999
-9999 -9999 -9999 -9999 -9999 -9999 -9999 -9999 -9999 -9999 -9999 -9999 -9999 -9999 -9999 -9999 0.524392581768939 0.533017859139091 0.532624099624731 0.512157115371348 0.46488480435111 0.438975976160853 0.404659621552366 0.34458427128595 0.34870457999176 0.353681753843948 0.340032003212792 0.339388531734545 0.371541115647645 0.392387570628753 0.377743781367309 0.362314249775098 0.353235580389233 0.341698820275644 0.33891144875817 0.346624261889831 0.357255326800825 0.365536243047103 0.366815341139507 0.365624454209343 0.354826050413367 0.339315262201846 0.330425153836691 0.320576141646947 0.306753581860952 0.296297651469358 0.287107371867139 0.274716399127134 0.262711946504323 0.253745606383702 0.246402357362364 0.241736765239705 0.241445353621094 0.247435142919951 0.258989757879039 -9999 -9999
-9999 -9999 -9999 -9999 -9999 -9999 -9999 -9999 -9999 -9999 -9999 -9999 -9999 -9999 -9999 -9999 0.506963243308287 0.521574829855243 0.530634438113997 0.521421698347712 0.496929280761374 0.437734548844577 0.384841661605298 0.353554543620496 0.338071341719031 0.363001080727826 0.377764541474938 0.374802803793383 0.381592863032619 0.363675505093524 0.34088668053348 0.335030080566505 0.330356392973676 0.325270992872554 0.328334562780455 0.340899709863281 0.3557086973377 0.362530422615674 0.363604450912926 0.364424101652817 0.364569951289165 0.357395960806433 0.349740773368643 0.34554434313014 0.333346729000154 0.317624261170683 0.299474489462699 0.283842354090829 0.275909344208148 0.267267971459798 0.2566836992191 0.249843808526508 0.247245658391057 0.251172925874281 0.261273319242222 0.268034867490008 -9999
-9999 -9999 -9999 -9999 -9999 -9999 -9999 -9999 -9999 -9999 -9999 -9999 -9999 -9999 -9999 -9999 0.515388347176455 0.528427082372297 0.55579216972149 0.550672631934511 0.540794057559279 0.510766932018426 0.434084775993172 0.35907223658885 0.33270995292052 0.358296759631753 0.395674511590091 0.383863350076557 0.381573629917384 0.360849825486833 0.334890061358922 0.331074543872725 0.327086682702857 0.324986524102704 0.331967536531213 0.346096405703799 0.363456850444904 0.370973228635107 0.372350653060331 0.375238814102464 0.375433420437933 0.369718678491183 0.358451541423866 0.344616646677018 0.335347885840688 0.325255796091701 0.310078530279005 0.297465961567964 0.288749023913973 0.280998083330191 0.27104746801502 0.262299035613718 0.256484916288723 0.258732702457094 0.26748929246586 0.272447914700352 -9999
-9999 -9999 -9999 -9999 -9999 -9999 -9999 -9999 -9999 -9999 -9999 -9999 -9999 -9999 -9999 -9999 0.556731066431091 0.56784480729775 0.581118821973487 0.561918309628614 0.491056769599407 0.424924657843665 0.402882631510593 0.357438116500505 0.356473964904043 0.396511899748057 0.420315807385071 0.428539333801688 0.401691153958836 0.365902116755671 0.354115230334839 0.350113264912416 0.339442600946114 0.336490383406392 0.347759096894039 0.359554450615468 0.368761372753692 0.371326207282909 0.369594998351056 0.368612039868208 0.369294571974096 0.369645951960445 0.364624456820828 0.352728246556764 0.344608822507973 0.342094559364252 -9999 0.310929459180454 0.29831363104621 0.29003636872969 0.280899986160928 0.274303242975695 0.270077215132997 0.269906430009616 0.272667213481992 -9999 -9999
