layers/veg_krg_sqold/veg3000.asc
NCOLS 255 
NROWS 330 
XLLCORNER -2985163.8955 
YLLCORNER -3022031.214 
CELLSIZE 25000 
NODATA_value -9999 
[rows 200 to 224 of 330, columns 114 to 170 of 255]
0.471023416568088 0.467494513077219 0.46253125109144 0.456887195323151 0.452254054786045 0.446712592788566 0.439351963545284 0.432580488318431 0.42384784023143 0.411483209490198 0.400582559495124 0.390674847465306 0.378068397830022 0.368745900721034 0.359141889235461 0.343622815721411 0.329686371214998 0.314735794979472 0.293184479800626 0.277982484519081 0.271685383144424 0.26387659446492 0.257300749533939 0.261064809662892 0.273864836940133 0.285349615131656 0.30436947579502 0.329859585965915 0.350368963718396 0.371127262356158 0.393438349244271 0.410705348921567 0.425015465795909 0.442477308111869 0.45552797786192 0.45887687341782 0.453939842981977 0.439606738608608 0.41697486614089 0.387948935159164 0.368588601498895 0.366972420909753 0.370676725380558 -9999 -9999 -9999 -9999 -9999 -9999 -9999 -9999 -9999 -9999 -9999 -9999 -9999 -9999
0.468060979015502 0.464733063692598 0.460217719487235 0.455155687609762 0.45075341358592 0.445094861793583 0.437592889161554 0.430760175567992 0.421414838275145 0.409264263747179 0.398873310790361 0.389070768759099 0.377617722847737 0.367744523656266 0.357091512677626 0.341642441135817 0.327197572062342 0.313725669583499 0.295802136435071 0.278361570385118 0.269028961972615 0.26308327862076 0.255498895134254 0.261876566940761 0.278587752866587 0.28899271789679 0.30505675566686 0.322742279781684 0.337729253203029 0.359289964909197 0.383985497489801 0.401496268188031 0.416185609457905 0.429648965766915 0.43334687744703 0.434473192541565 0.437727382236861 0.431056712733463 0.412773892533564 0.395404853457791 0.385486693889838 0.382960748266036 -9999 -9999 -9999 -9999 -9999 -9999 -9999 -9999 -9999 -9999 -9999 -9999 -9999 -9999 -9999
0.46506969954324 0.46202952450099 0.457768526421263 0.453849245476537 0.449682223609679 0.442465419109864 0.434737687487949 0.427109910770964 0.41766654884578 0.40631567652859 0.396460584332768 0.387353627346591 0.37749019820283 0.366275429427202 0.352034521315235 0.337465084248223 0.324429373137361 0.309117968192776 0.295156351252834 0.284429567811417 0.271441798164645 0.264792713640116 0.266680903211178 0.273863119232933 0.28328511766342 0.291354009277309 0.295420285516755 0.297515830543021 0.311798511224328 0.339924449767882 0.361257281538833 0.365628627642008 0.378848418030081 0.391539061398334 0.388954863936423 0.398343692583335 0.416173533426542 0.425246469019424 -9999 0.401920239238316 0.393158687830256 0.390035996970524 -9999 -9999 -9999 -9999 -9999 -9999 -9999 -9999 -9999 -9999 -9999 -9999 -9999 -9999 -9999
0.462352477593171 0.459984107983131 0.45591926724872 0.452035835956304 0.448169639740734 0.440014624724514 0.430770898556584 0.423360436963239 0.415523105011336 0.40455042593106 0.394700898971877 0.385946901286101 0.375518582081282 0.365310264267932 0.352279322919348 0.335048378410231 0.32014205196868 0.304962350357589 0.29164763293633 0.28384127553666 0.270767483142122 0.266855173665566 0.274469207245879 0.280585597291302 0.2856548482212 0.289140357490104 0.288168253341203 0.295429251342526 0.310942384388045 0.328131450140176 0.346761382620043 0.345389207839474 0.355735751492022 0.378066006574356 0.38783154570819 0.399941308738669 0.414040933793906 0.420007689477618 -9999 0.402262971860572 0.399138969308929 -9999 -9999 -9999 -9999 -9999 -9999 -9999 -9999 -9999 -9999 -9999 -9999 -9999 -9999 -9999 -9999
0.461057099474153 0.45893160550198 0.455404068487766 0.45145886786923 0.446821809274561 0.437739261365544 0.428718733800439 0.422020613658711 0.413471170478002 0.403300777350031 0.394984515660925 0.386258638015756 0.375667648864057 0.366967258028123 0.356013647018813 0.340814073014286 0.324735437366385 0.307557591027709 0.289152670694542 0.276815032507506 0.268360858613565 0.267102306617494 0.275649142937136 0.280982009304214 0.285053526409996 0.283889097624753 0.282783088053614 0.294631382692604 0.314274162740461 0.327845708694412 0.344969447488909 0.355967515137961 0.370410678916286 0.390310275658267 0.393549212873223 0.402942725147797 0.410837939574701 -9999 0.405094838116919 0.405065823567102 -9999 -9999 -9999 -9999 -9999 -9999 -9999 -9999 -9999 -9999 -9999 -9999 -9999 -9999 -9999 -9999 -9999
0.459129788404708 0.45697953659942 0.454208932877833 0.450304961970413 0.444354199007645 0.434726277226214 0.425811067216038 0.419202164594737 0.411671828643431 0.402388382903827 0.39398123238318 0.386005258736132 0.376157958289884 0.365452905160673 0.353203408839008 0.340296580894936 0.329333786256517 0.314658507703978 0.293798813940489 0.279420430222259 0.279419775350747 0.281716653709853 0.280418200192325 0.282577462685727 0.286719986801394 0.287058684833586 0.283576863365275 0.287957598711025 0.301403249545426 0.319443382784517 0.336697249025651 0.344964469743509 0.356713407011164 0.379436117277583 0.393359402312712 0.400380836868686 0.406034259742854 -9999 0.404583556002837 0.405617632843923 -9999 -9999 -9999 -9999 -9999 -9999 -9999 -9999 -9999 -9999 -9999 -9999 -9999 -9999 -9999 -9999 -9999
0.457308080977747 0.455045435475086 0.452574390981689 0.448768027421503 0.440903092740401 0.429899474570514 0.422232157792856 0.417046457073267 0.410676369835595 0.401802147029578 0.393235361434304 0.386091013596372 0.376957863930486 0.366500203968021 0.353563547559262 0.339020159410218 0.329066054311011 0.315467746302299 0.293400684052243 0.284816227414297 0.289564210928897 0.288743603910215 0.286292060269908 0.284071941695457 0.285255875309432 0.290867836106095 0.291023936163763 0.288190537917607 0.295151833910856 0.309308247683131 0.31830705310741 0.321939442249526 0.33703951233444 0.363614509875661 0.384500251013564 0.391286114072032 -9999 0.403295923365824 0.403347796280828 -9999 -9999 -9999 -9999 -9999 -9999 -9999 -9999 -9999 -9999 -9999 -9999 -9999 -9999 -9999 -9999 -9999 -9999
0.456274382778837 0.454107909960409 0.451078214708174 0.446379355306216 0.436803701467542 0.426666151713562 0.421833174786838 0.417608789316755 0.411209252197504 0.401857628673057 0.393160872109521 0.386176142565316 0.376687980100561 0.366897275758035 0.355335885854196 0.337576109815402 0.322207446362569 0.311771674880612 0.300221188596207 0.295026371878178 0.294634072873763 0.291253417541125 0.287141781021888 0.283782186465663 0.286629631550929 0.291816481968419 0.295778239008143 0.301386385332606 0.302364234414766 0.301260428685293 0.313275540208271 0.32812963855955 0.343883697279497 0.368786627810588 0.382562905496056 -9999 -9999 -9999 0.402361258288858 -9999 -9999 -9999 -9999 -9999 -9999 -9999 -9999 -9999 -9999 -9999 -9999 -9999 -9999 -9999 -9999 -9999 -9999
0.454380492890314 0.452325352563407 0.447616731063542 0.439473776281575 0.432395583870194 0.425230318127715 0.419886009307252 0.415602838892158 0.410246352748352 0.401833305254265 0.393274064547547 0.387520971832514 0.377998042259953 0.365489566497616 0.353805471379675 0.339488768311106 0.325283404036195 0.312214518417744 0.299441010862076 0.296595825273181 0.298447674303587 0.294834342048223 0.290146318076083 0.285370905656184 0.286049772099833 0.28971941440616 0.292702095908264 0.300928152387288 0.297554158369749 0.299055784301067 0.321216240903579 0.337927800888207 0.353232609909485 0.362761572154733 -9999 -9999 -9999 -9999 -9999 -9999 -9999 -9999 -9999 -9999 -9999 -9999 -9999 -9999 -9999 -9999 -9999 -9999 -9999 -9999 -9999 -9999 -9999
0.45287913688131 0.450798689509336 0.447231062599348 0.438499241930809 0.429662978212492 0.424261876481086 0.41942439237224 0.414189998561277 0.408967316169766 0.40154142563549 0.394082190469187 0.388348124428871 0.378994575855138 0.367661285099929 0.358128680398673 0.346620825658277 0.332233918603566 0.318058645581599 0.306401268454473 0.299082444127478 0.297911488968669 0.296262399143991 0.292402112463349 0.288937624496004 0.287632710160589 0.287675705058189 0.290096039979425 0.29823477192995 0.299920913267634 0.300852165178439 0.318160615868171 0.33854436408577 0.352699642666636 0.362929392788942 0.370935161811495 0.376164202286118 -9999 -9999 -9999 -9999 -9999 -9999 -9999 -9999 -9999 -9999 -9999 -9999 -9999 -9999 -9999 -9999 -9999 -9999 -9999 -9999 -9999
0.450285456398175 0.449268115220918 0.447054229708048 0.439183387420083 0.429454747594658 0.424593549082652 0.4194919226268 0.413575977517223 0.40900972213705 0.402414602241953 0.395335650623665 0.389149791961212 0.377988492064388 0.365836368641931 0.357419598493252 0.345239798318604 0.334479008030441 0.324582618028533 0.309914901368921 0.303762113287502 0.301890707291792 0.296061227758889 0.291648080815848 0.287014382941581 0.283973456369995 0.28293674032444 0.283645161009783 0.290590495269336 0.298265996088426 0.306081477303237 0.324020171544831 0.339625754363603 0.349026776872024 0.360105446215761 0.366597538532702 -9999 -9999 -9999 -9999 -9999 -9999 -9999 -9999 -9999 -9999 -9999 -9999 -9999 -9999 -9999 -9999 -9999 -9999 -9999 -9999 -9999 -9999
0.445933649876471 0.445594770610964 0.444533641475268 0.440454485624173 0.432890462417233 0.425373791948302 0.419459785553433 0.413840974235578 0.409082352745292 0.402773120667964 0.396209780881863 0.390074902977123 0.379669660782497 0.367928389467636 0.357508568849498 0.345289676119608 0.332754842516047 0.324035277933338 0.314705185286198 0.307276246808155 0.303156138433208 0.294834836319564 0.287696287302518 0.282679609843758 0.277845380106974 0.275665032299674 0.279367735201231 0.286014518512989 0.295749289112212 0.307355965051254 0.320680024647938 0.332960286542887 0.342053256116319 0.346040408244468 -9999 -9999 -9999 -9999 -9999 -9999 -9999 -9999 -9999 -9999 -9999 -9999 -9999 -9999 -9999 -9999 -9999 -9999 -9999 -9999 -9999 -9999 -9999
0.441409480357494 0.441866402107783 0.441904599036922 0.440065017316601 0.434763656922934 0.426588435551213 0.419998509052523 0.414699972680608 0.409319253399157 0.402955367230074 0.396844207189817 0.391407139560807 0.380716237485715 0.369319959288948 0.360394184384451 0.34915528222779 0.3377497129609 0.329578014383927 0.320815901552232 0.312517054290813 0.30404831102288 0.292521855715439 0.282098267796522 0.27248991225454 0.264145604156371 0.263006654137208 0.272574291757939 0.282548000031849 0.291065100083757 0.303803971519863 0.316066321462086 0.326807873350319 0.335102379796102 0.339674053760015 -9999 -9999 -9999 -9999 -9999 -9999 -9999 -9999 -9999 -9999 -9999 -9999 -9999 -9999 -9999 -9999 -9999 -9999 -9999 -9999 -9999 -9999 -9999
0.439520042834073 0.439795129080604 0.439261305899035 0.438254161942457 0.43496661176115 0.42898559061753 0.422643476129975 0.416993387977255 0.410474271009224 0.403400477987691 0.397751076687011 0.392859258569688 0.382513708925201 0.37108173402574 0.363022925039683 0.350894852477907 0.341025404947225 0.332831167148025 0.321084914972236 0.310257941756646 0.299865542582861 0.288429204606666 0.276164234512444 0.265112222573256 0.253882414562982 0.254683329212763 0.268356386574288 0.281103926077006 0.289581855259698 0.299205295749473 0.311615598194491 0.322301325833046 0.326292533860896 -9999 -9999 -9999 -9999 -9999 -9999 -9999 -9999 -9999 -9999 -9999 -9999 -9999 -9999 -9999 -9999 -9999 -9999 -9999 -9999 -9999 -9999 -9999 -9999
0.435682060799415 0.434726679483001 0.434784962607879 0.43480597768488 0.432894698019124 0.428574914869502 0.423756547038628 0.419096535435113 0.412930699278685 0.404843402104201 0.399039828122637 0.393417685254232 0.382113544188487 0.371761155041726 0.363649991275403 0.35291011802883 0.342727248505019 0.331917013959352 0.319149149980161 0.307866671074398 0.296208058209585 0.281690686939924 0.268053221730318 0.263284491534036 0.263407577370633 0.260919757096655 0.26434336803157 0.274068460629217 0.28196580098695 0.291941205527627 0.305161791858686 0.318173187699692 0.324569640971925 -9999 -9999 -9999 -9999 -9999 -9999 -9999 -9999 -9999 -9999 -9999 -9999 -9999 -9999 -9999 -9999 -9999 -9999 -9999 -9999 -9999 -9999 -9999 -9999
0.432572729076968 0.431575698559654 0.430981894969349 0.430183855950596 0.428993056273127 0.42696407699036 0.423314601423878 0.419506993923547 0.414353259273075 0.407348187273889 0.403434254972055 0.387008747436296 0.381323796231127 0.370209528342534 0.360722029710237 0.349233886262244 0.340241699916867 0.334156964945372 0.322747896096101 0.310004068814004 0.297971309704246 0.282329614670913 0.264120617971052 0.257982631094021 0.262097448214854 0.26213977599038 0.26222339865809 0.266172653224038 0.274291834197741 0.285293766818467 0.30066437230571 0.310110974791186 -9999 -9999 -9999 -9999 -9999 -9999 -9999 -9999 -9999 -9999 -9999 -9999 -9999 -9999 -9999 -9999 -9999 -9999 -9999 -9999 -9999 -9999 -9999 -9999 -9999
0.430296062629029 0.429284502650653 0.428279642999342 0.427260947923809 0.426325105191373 0.424898882170085 0.422562618789902 0.419131900987697 0.414369460654637 0.407947566057785 0.402635405219066 0.394474018692161 0.380786801781191 0.369624881025384 0.361089524407531 0.350293122157954 0.340700859978628 0.333405778708924 0.32340438330439 0.312655229845219 0.299537499759376 0.28187969536623 0.263686394877918 0.255760609528512 0.25809857378155 0.25874779496186 0.257511266657663 0.261084171803622 0.270526727680277 0.282793371085174 0.28981602055424 -9999 -9999 -9999 -9999 -9999 -9999 -9999 -9999 -9999 -9999 -9999 -9999 -9999 -9999 -9999 -9999 -9999 -9999 -9999 -9999 -9999 -9999 -9999 -9999 -9999 -9999
0.427498472921599 0.426347847221562 0.425293201299411 0.424085037181862 0.422508601563406 0.421104576367818 0.419775289046124 0.417633927367893 0.413957325970272 0.408285496952358 0.403036428378963 0.394745183747826 0.381356340402891 0.369796011717602 0.360024996431185 0.348950319480414 0.340748340707722 0.333269589158011 0.323653297794998 0.314956428963432 0.301303876824395 0.28296086542039 0.273288519858432 0.270896344516051 0.265060708242707 0.259642325857703 0.255181718337268 0.259976541146502 0.269674801998872 0.279284355371425 0.285563067629734 -9999 -9999 -9999 -9999 -9999 -9999 -9999 -9999 -9999 -9999 -9999 -9999 -9999 -9999 -9999 -9999 -9999 -9999 -9999 -9999 -9999 -9999 -9999 -9999 -9999 -9999
0.423920156933587 0.423429745715376 0.422851285400906 0.42156182028083 0.420892256573797 0.419922980616733 0.417849929006608 0.415730742102663 0.41276589870443 0.40805406690337 0.403456284510009 0.395833869254917 0.383355394005282 0.37255076151882 0.363334343230862 0.351897087134434 0.34574258020705 0.341336753526453 0.331572111140714 0.32304674713197 0.310076415015241 0.290161314588446 0.277106449506069 0.273249968092309 0.269243255775317 0.266528807172112 0.263366814040297 0.268253022825319 0.276601878414217 -9999 -9999 -9999 -9999 -9999 -9999 -9999 -9999 -9999 -9999 -9999 -9999 -9999 -9999 -9999 -9999 -9999 -9999 -9999 -9999 -9999 -9999 -9999 -9999 -9999 -9999 -9999 -9999
0.422452226152151 0.42176905952307 0.421444605586131 0.420554727301367 0.419144711358237 0.417204684242085 0.415506929410659 0.41393035330046 0.411037248281317 0.407496800606733 0.40382494889304 0.396568287814878 0.387181061030053 0.3782526390206 0.36974355807844 0.362186233960709 0.355027308768873 0.348393951841317 0.337101863630004 0.327229713125495 0.318234310822792 0.302844557096267 0.279968119718301 0.271202841163159 0.276105501804259 0.271530622864251 0.270985103891523 0.278607771438986 0.284437537039198 -9999 -9999 -9999 -9999 -9999 -9999 -9999 -9999 -9999 -9999 -9999 -9999 -9999 -9999 -9999 -9999 -9999 -9999 -9999 -9999 -9999 -9999 -9999 -9999 -9999 -9999 -9999 -9999
0.41977114416 0.419316909468963 0.418567670217819 0.417714399435334 0.416564901644312 0.414909961390278 0.41306690845362 0.411570753517664 0.409651357397986 0.406905230963956 0.404115350208321 0.40308072224924 -9999 0.384227896877212 0.379035419735065 0.371328272539662 0.364259281680027 0.357802374059895 0.349006209718972 0.339225899211966 0.329226929081781 0.312191254810825 0.292538675616348 0.28191900492641 0.281187092226399 0.287538423292639 0.292081775695306 0.292901842164566 -9999 -9999 -9999 -9999 -9999 -9999 -9999 -9999 -9999 -9999 -9999 -9999 -9999 -9999 -9999 -9999 -9999 -9999 -9999 -9999 -9999 -9999 -9999 -9999 -9999 -9999 -9999 -9999 -9999
0.416259146133326 0.415957922878923 0.415854911566879 0.415632174625388 0.414843805343722 0.413991678646373 0.412898808493155 0.411340179946183 0.409200549118388 0.406718915289728 0.404425228055169 0.401773291064315 -9999 -9999 -9999 -9999 -9999 0.365103614891996 0.356138917685248 0.347495690013278 0.340171464928652 0.322666090633651 0.310115193244528 0.313247078503802 0.312545648217407 0.311927705157161 0.312099338674219 -9999 -9999 -9999 -9999 -9999 -9999 -9999 -9999 -9999 -9999 -9999 -9999 -9999 -9999 -9999 -9999 -9999 -9999 -9999 -9999 -9999 -9999 -9999 -9999 -9999 -9999 -9999 -9999 -9999 -9999
0.413402015390078 0.41356279133306 0.414054831592119 0.414238910888885 0.413786807301885 0.412985181833273 0.411998868592033 0.410842306675112 0.408927883701426 0.406868096684704 0.404803975073362 0.401788870758022 0.398696124459487 0.396081353120385 0.393861541379925 -9999 -9999 -9999 0.35956237404104 0.354195565311737 0.353336276016249 -9999 0.328770773291436 0.328399157983393 0.324993092545169 -9999 -9999 -9999 -9999 -9999 -9999 -9999 -9999 -9999 -9999 -9999 -9999 -9999 -9999 -9999 -9999 -9999 -9999 -9999 -9999 -9999 -9999 -9999 -9999 -9999 -9999 -9999 -9999 -9999 -9999 -9999 -9999
0.409061754760569 0.410071694896157 0.411087677774247 0.411412754028714 0.4115629868062 0.411646407488861 0.411266095257576 0.410506966290328 0.409069342079308 0.406996669248226 0.405091196740155 0.402812583454208 0.399466070358002 0.396355879181953 0.394095072833354 0.393578047024134 -9999 -9999 -9999 -9999 -9999 -9999 -9999 -9999 -9999 -9999 -9999 -9999 -9999 -9999 -9999 -9999 -9999 -9999 -9999 -9999 -9999 -9999 -9999 -9999 -9999 -9999 -9999 -9999 -9999 -9999 -9999 -9999 -9999 -9999 -9999 -9999 -9999 -9999 -9999 -9999 -9999
0.404150474856423 0.40541432255798 0.407081492050713 0.408132948550907 0.408972870444928 0.409945582269765 0.410259965960346 0.410206104244618 0.409471926282312 0.407879070323115 0.406226626732614 0.404682184210114 0.40228421600671 0.399338068857817 0.396671680861712 0.395816827179283 -9999 -9999 -9999 -9999 -9999 -9999 -9999 -9999 -9999 -9999 -9999 -9999 -9999 -9999 -9999 -9999 -9999 -9999 -9999 -9999 -9999 -9999 -9999 -9999 -9999 -9999 -9999 -9999 -9999 -9999 -9999 -9999 -9999 -9999 -9999 -9999 -9999 -9999 -9999 -9999 -9999
