layers/veg_krg_sqold/veg3700.asc
NCOLS 255 
NROWS 330 
XLLCORNER -2985163.8955 
YLLCORNER -3022031.214 
CELLSIZE 25000 
NODATA_value -9999 
[rows 125 to 149 of 330, columns 171 to 227 of 255]
0.416516255281646 0.45403538025636 0.44903562626001 0.452029008125877 0.45661353442491 0.442185586571051 0.427974935328463 0.426122528682958 0.436347017362502 0.4474512046758 0.453324744570736 0.459095056349108 0.470602083379853 0.473129582542973 0.481063496389607 0.503735131640012 0.516414842217424 0.521669417973419 0.524272173766215 0.506927880046115 0.490682151278789 0.509548793687651 0.51451066026599 0.474394886951503 0.445381568061447 0.453880824115601 0.491691581033355 0.539764277362634 0.545615840262348 0.550182404381584 0.56867082105626 0.578835648299348 0.579551189603342 0.570926348700043 0.577593428527336 0.595297929898507 0.600011018742097 0.611857298075769 0.613725037857788 0.611473939989635 0.612968008518816 -9999 -9999 -9999 -9999 -9999 -9999 -9999 -9999 -9999 -9999 -9999 -9999 -9999 -9999 -9999 -9999
0.386964995016677 0.382592618936878 0.409179895897822 0.444298012658182 0.447009396635302 0.426484784371756 0.413288140653889 0.422061608708571 0.433736740528564 0.445416656751 0.45474462641809 0.461776556567553 0.474135689487282 0.486613942996517 0.488790665902666 0.498249840907694 0.514458518164969 0.520941519991557 0.520753712332596 0.501070299838428 0.486073427797757 0.502649810381646 0.500922175088796 0.45950360434415 0.453789521584893 0.475708172053053 0.485982128600805 0.526289333081585 0.557852835008489 0.556361251033775 0.533035174567465 0.529126001270232 0.543926858797172 0.564035234907254 0.58636957067572 0.598347567545532 0.608748462243565 0.617646390269693 -9999 0.6184900718704 0.617909247549597 -9999 -9999 -9999 -9999 -9999 -9999 -9999 -9999 -9999 -9999 -9999 -9999 -9999 -9999 -9999 -9999
0.353076366353607 0.358753442480682 0.398655104437677 0.443214711107067 0.440388633714503 0.419132374194783 0.406218442321741 0.415528156489967 0.428282208110971 0.440768410181128 0.446198339728673 0.456226845531342 0.471538403566382 0.476078557183733 0.472367580831217 0.490318056166602 0.515578293840551 0.520515597939067 0.518969712967766 0.488670291625445 0.471023491810355 0.498496289591154 0.498742119069257 0.463347679141421 0.466629256010454 0.482469483192796 0.484645574873731 0.524147462691384 0.549010150170332 0.545791297172449 0.526505482999512 0.53630250128371 0.546258350868362 0.567372370369316 0.594989441215972 0.602671954236429 0.613733929066706 0.621193472529509 -9999 -9999 -9999 -9999 -9999 -9999 -9999 -9999 -9999 -9999 -9999 -9999 -9999 -9999 -9999 -9999 -9999 -9999 -9999
0.36599815506409 0.41309223489208 0.433494358753761 0.435683711628716 0.422183812018147 0.400122389528496 0.397321890596556 0.410301665681473 0.424171344959358 0.440474275549545 0.452447541818472 0.458030746861689 0.461450824408904 0.465589398144479 0.48044064739643 0.503499556408255 0.515887738604337 0.519951911325914 0.518926386241919 0.500641908417766 0.482466593240106 0.485541821515056 0.500299080265647 0.518181013014668 0.526269782584437 0.503915097986601 0.494745226939107 0.538898437026972 0.564241871628066 0.542576343984582 0.519574761055366 0.532553581069308 0.544068444795209 0.569633147418678 0.599289172220833 0.612369007040114 0.621399000504374 -9999 -9999 -9999 -9999 -9999 -9999 -9999 -9999 -9999 -9999 -9999 -9999 -9999 -9999 -9999 -9999 -9999 -9999 -9999 -9999
0.371274675737045 0.410312675540307 0.426785757932521 0.428492484641142 0.420400560241203 0.406243398231036 0.400127980714002 0.4049948330031 0.417992304254689 0.431511714223267 0.444326871242997 0.459098748591898 0.47165794700104 0.481186157869577 0.49513401402012 0.508974773612565 0.515573374145739 0.518910665176077 0.52220047416281 0.521315172698267 0.501354335701112 0.495224303194767 0.522606077938653 0.539573858743757 0.536687306878434 0.517680519524105 0.527779487191594 0.56364379909998 0.576124629465744 0.557348529904214 0.541120648144435 0.546026794695651 0.559493805784769 0.586089129346498 0.604599559761055 0.614825097269897 0.624229367904052 -9999 -9999 -9999 -9999 -9999 -9999 -9999 -9999 -9999 -9999 -9999 -9999 -9999 -9999 -9999 -9999 -9999 -9999 -9999 -9999
0.370217460859352 0.415066734424059 0.418938579353867 0.416851206256959 0.401674852266393 0.392523303654717 0.396930450041838 0.400562161109351 0.415113860469989 0.428963144182435 0.438436091622884 0.454658166856712 0.469291074640356 0.480033997929161 0.495304532080998 0.506046092925103 0.509431703052473 0.51273490613644 0.514591892635905 0.519638846886425 0.512434989784146 0.510554896292029 0.525595480799591 0.529859507673861 0.545636427264766 0.559646901496556 0.570519903958991 0.576827682753377 0.575417489051529 0.565494678161949 0.562927602173714 0.575467680521945 0.583102223381924 0.593071405489873 0.605173000165149 0.623093746784373 0.628938352857604 -9999 -9999 -9999 -9999 -9999 -9999 -9999 -9999 -9999 -9999 -9999 -9999 -9999 -9999 -9999 -9999 -9999 -9999 -9999 -9999
0.367984246223757 0.40518667712384 0.408212711159586 0.395464823161941 0.379382510844259 0.383257896864473 0.392003262405506 0.401455539419671 0.414282382478014 0.424529115096408 0.432822016927074 0.445562828139529 0.462970595531461 0.476017496035322 0.493296784126749 0.497070567409329 0.498590460342514 0.511840305466142 0.506083742650986 0.507047763503078 0.504958499873231 0.504705257209254 0.523921888626173 0.53639745610683 0.555000861033696 0.560461696219793 0.567224866522768 0.571534923653032 0.558762842787217 0.552331705483233 0.561669141760467 0.583759137857631 0.600500912320316 0.601053842021903 0.610894936180477 0.622493111286733 -9999 -9999 -9999 -9999 -9999 -9999 -9999 -9999 -9999 -9999 -9999 -9999 -9999 -9999 -9999 -9999 -9999 -9999 -9999 -9999 -9999
0.355148014626197 0.375349022689413 0.369491819802827 0.360091585462087 0.362517599558635 0.376457091117168 0.394470992940026 0.404278896543605 0.412125172029252 0.423520488586987 0.432864261338384 0.438225572265664 0.450897307109233 0.46917812890164 0.490011141259657 0.508065057020063 0.513275273749587 0.515405585168075 0.512583430933938 0.50986704338899 0.506217962977661 0.507895304074801 0.52422948899155 0.531834365119723 0.536570090116798 0.547016483757591 0.553716630515539 0.545589697903434 0.537020613228822 0.539683286946724 0.550786813890753 0.58115278054216 0.603908560082072 0.60686724804907 0.618187604353285 0.623241923508381 -9999 -9999 -9999 -9999 -9999 -9999 -9999 -9999 -9999 -9999 -9999 -9999 -9999 -9999 -9999 -9999 -9999 -9999 -9999 -9999 -9999
0.336757900711235 0.344025400603717 0.337415593861414 0.349527863887224 0.362034304001272 0.377818401587612 0.397024291875344 0.402052851753511 0.407160768992538 0.422654143585708 0.43320378392005 0.436943777773478 0.444425822837131 0.465929231111823 0.491867499405576 0.508904107667519 0.515097091621681 0.508707601298503 0.495729904916064 0.500260400235597 0.505364813262257 0.506270442763682 0.518742332885394 0.527196223889163 0.537945358990465 0.553458893550834 0.553841334250765 0.526797945795063 0.518368522844534 0.532396781122785 0.566749016609949 0.600011404421854 0.602625515551778 0.608176976873694 0.62414024177736 0.625647456518445 -9999 -9999 -9999 -9999 -9999 -9999 -9999 -9999 -9999 -9999 -9999 -9999 -9999 -9999 -9999 -9999 -9999 -9999 -9999 -9999 -9999
0.313790482730039 0.334632508196942 0.345723972427578 0.353718851996978 0.369780556190691 0.387655018877242 0.388825329456147 0.398819567669193 0.417962775993872 0.434032834647295 0.44413807963325 0.447952433238724 0.457972709014719 0.479728746692544 0.49835470746533 0.506996593334611 0.515338764958874 0.508576233550981 0.504387003992437 0.499833572886184 0.486155151693699 0.50502186884741 0.522718296316504 0.530245611682037 0.546355569173029 0.559533314278964 0.548183257750152 0.527161029897569 0.525330424816431 0.545331034057699 0.573982178228182 0.590600978735243 0.59596979893714 0.614530807975059 0.633262345025523 -9999 -9999 -9999 -9999 -9999 -9999 -9999 -9999 -9999 -9999 -9999 -9999 -9999 -9999 -9999 -9999 -9999 -9999 -9999 -9999 -9999 -9999
0.310439824070308 0.324989074005657 0.347565330181175 0.370168832667973 0.381438786816784 0.395473741299044 0.400025541007981 0.406276804686207 0.421660856482001 0.437971930447192 0.451576917769744 0.459349159184357 0.470192337235141 0.479456496074035 0.489550412117338 0.50423162795433 0.514140134000842 0.520037170156193 0.513924417720604 0.499537105241319 0.491554502603739 0.503347392166465 0.515992580497373 0.515557303394732 0.530588557332322 0.54367501332265 0.540533504049638 0.549113182946346 0.56888675876507 0.578251701965143 0.585306421757154 0.601076357421532 0.608232724286206 0.620886609086836 0.63233454015172 -9999 -9999 -9999 -9999 -9999 -9999 -9999 -9999 -9999 -9999 -9999 -9999 -9999 -9999 -9999 -9999 -9999 -9999 -9999 -9999 -9999 -9999
0.327712514462469 0.338038370226336 0.34434501650054 0.351539000868422 0.370477196961545 0.397767561353377 0.413945560801619 0.416795181308508 0.428878882001506 0.44670087679467 0.458840151738609 0.464437290618953 0.459859143154601 0.455056348310036 0.476375685758156 0.50293378582269 0.513542643894423 0.521774432708061 0.509745398942898 0.49667335903958 0.507163049923442 0.516299670607025 0.527417294685746 0.531941184135815 0.539063038680704 0.546594010106598 0.555229782202997 0.575635969069671 0.596523637892613 0.610112694378788 0.616515118292186 0.617928765069287 0.605333820773222 0.611322187595744 0.636892271102018 -9999 -9999 -9999 -9999 -9999 -9999 -9999 -9999 -9999 -9999 -9999 -9999 -9999 -9999 -9999 -9999 -9999 -9999 -9999 -9999 -9999 -9999
0.337899458541801 0.348289447257707 0.351594570204974 0.356704664054413 0.384260388077685 0.40858032976419 0.414381888696795 0.419439636593674 0.428996151153666 0.446198030971037 0.454743445135924 0.455599114760732 0.449705453451545 0.450987572085228 0.475401468217326 0.501958375982176 0.507091623796926 0.511399804091328 0.506611017247615 0.4984653343216 0.511937007061385 0.525354230357042 0.53499006534732 0.539964486004462 0.546378594984387 0.553664716481268 0.561547202578114 0.574466098651592 0.600855296749291 0.615429702894344 0.618444729871009 0.612552468469743 0.607719640279159 0.628880179029729 0.64465035360498 -9999 -9999 -9999 -9999 -9999 -9999 -9999 -9999 -9999 -9999 -9999 -9999 -9999 -9999 -9999 -9999 -9999 -9999 -9999 -9999 -9999 -9999
0.351336639306873 0.370286954045263 0.380287168736606 0.370152807884076 0.369651202946312 0.389831137486731 0.415102668733246 0.427589051655954 0.434510659756702 0.440794666145169 0.439039729899033 0.435510887362458 0.436064777423642 0.44681496601709 0.473871593877679 0.498413008317655 0.500956447428537 0.50053541947693 0.507748027172001 0.517583738047343 0.531126336554375 0.539007931482747 0.535180957310937 0.542911744805627 0.553097176093953 0.560771848672913 0.569227526676717 0.589589203098265 0.615437244170737 0.618926629845388 0.626179094642867 0.626974402087398 0.628634784544881 0.643459245691586 0.652223980378871 -9999 -9999 -9999 -9999 -9999 -9999 -9999 -9999 -9999 -9999 -9999 -9999 -9999 -9999 -9999 -9999 -9999 -9999 -9999 -9999 -9999 -9999
0.35640993382442 0.370838197334406 0.393338034938357 0.390849705989774 0.378634998753342 0.387846318249111 0.41064940530761 0.420473562689155 0.430017239751856 0.434818777670897 0.430575749472675 0.433319201070434 0.435670030519385 0.44290750017609 0.470435947270272 0.487679795933565 0.483347217971709 0.49335678804646 0.511407651590207 0.530938874001229 0.54771091595635 0.553746850953741 0.553103506463763 0.560044939703797 0.568218735117074 0.578458009920471 0.586501387722655 0.607654391998104 0.629423459430156 0.634946623454568 0.639605799980804 0.632812982146874 0.634046810102174 0.651028464516891 0.657756040632511 -9999 -9999 -9999 -9999 -9999 -9999 -9999 -9999 -9999 -9999 -9999 -9999 -9999 -9999 -9999 -9999 -9999 -9999 -9999 -9999 -9999 -9999
0.363925097028519 0.381616878250502 0.404132558405653 0.409224042851692 0.406087878666021 0.399952487600172 0.403077908233275 0.416775801305235 0.429410923831005 0.43030683379879 0.426493599885213 0.429029342245011 0.430737339906727 0.434863905874252 0.462942809132198 0.480953652713839 0.474005067986672 0.49620021943772 0.519004082470024 0.534436223047842 0.556545282285301 0.576242567890603 0.58220149903085 0.587519729744858 0.586437524959594 0.58098866325386 0.604863777805513 0.637042739896459 0.645923752329058 0.644615861494596 0.640360664086782 0.637768579898048 0.64713296400302 0.656348986424953 0.659326800237516 -9999 -9999 -9999 -9999 -9999 -9999 -9999 -9999 -9999 -9999 -9999 -9999 -9999 -9999 -9999 -9999 -9999 -9999 -9999 -9999 -9999 -9999
0.377677803395738 0.39139459317447 0.411051070042638 0.418774119246974 0.41855650935107 0.413339277501226 0.41261804476962 0.421118892829411 0.424767819409902 0.423849167138292 0.422494427315992 0.419444981566958 0.420461778755414 0.42914667011541 0.455363088958186 0.473644074263693 0.480311414358986 0.50649662018959 0.529991570266876 0.561970215883868 0.5928937072203 0.606368679766844 0.619712501204855 0.613284728862246 0.603854163014154 0.611961593775711 0.620638736586142 0.628500530458611 0.629058304491281 0.629378359788364 0.643827533102864 0.65022890798261 0.654501978953429 0.661051638575273 0.662087179683417 -9999 -9999 -9999 -9999 -9999 -9999 -9999 -9999 -9999 -9999 -9999 -9999 -9999 -9999 -9999 -9999 -9999 -9999 -9999 -9999 -9999 -9999
0.399186585990382 0.410800642924022 0.416384172153534 0.423683169556398 0.420487112896773 0.419352942312427 0.420443585632664 0.41698962838019 0.410657491956811 0.412006546601643 0.424408101740854 0.423603863896282 0.419521839015878 0.428565892858452 0.445714796395924 0.454215448976004 0.471101493937252 0.50857026325363 0.544338722110136 0.58446651481202 0.623947183251048 0.640636824364384 0.626597012705028 0.600313858090573 0.603174620304136 0.633077204407556 0.642316066087374 0.617487845519723 0.61221998784411 0.632869234905597 0.653153553301482 0.659138447145882 0.666303965601643 0.670309026118876 -9999 -9999 -9999 -9999 -9999 -9999 -9999 -9999 -9999 -9999 -9999 -9999 -9999 -9999 -9999 -9999 -9999 -9999 -9999 -9999 -9999 -9999 -9999
0.404701800935612 0.422779579486142 0.425887226371037 0.428070182210937 0.423490172584334 0.418204744501341 0.413759608015436 0.406139117133082 0.403572480966334 0.405984617210818 0.414886962254192 0.422331700586383 0.425419400786997 0.438231155037951 0.455604961970731 0.466972902786716 0.491223374105894 0.532987426032761 0.569682400368055 0.601542744638448 0.628670839809443 0.637998798007932 0.616403423039452 0.609058739149031 0.620288144754019 0.632385581885576 0.637684774186868 0.622592035669587 0.624718820189115 0.640749069558438 0.657679600913946 0.665853531592954 0.670168724003009 0.674598075544717 -9999 -9999 -9999 -9999 -9999 -9999 -9999 -9999 -9999 -9999 -9999 -9999 -9999 -9999 -9999 -9999 -9999 -9999 -9999 -9999 -9999 -9999 -9999
0.41339044857681 0.433692266443334 0.437243157650314 0.434168562745461 0.426596163032208 0.416812444424685 0.403924077429499 0.388897256014855 0.390412318391964 0.407099190829337 0.407626262131496 0.392256160963008 0.402789190358007 0.42873081655583 0.443920192392369 0.483451218096323 0.517112830230552 0.543158945475587 0.578198309813342 0.601526556480084 0.617169530149272 0.625174739009223 0.620674462565014 0.626335470448939 0.63914854558315 0.663177344668109 0.677718094241755 0.656717012892292 0.637884954402754 0.654288801790011 0.672540347753057 0.669519203271355 0.673224132192044 0.68151499029028 -9999 -9999 -9999 -9999 -9999 -9999 -9999 -9999 -9999 -9999 -9999 -9999 -9999 -9999 -9999 -9999 -9999 -9999 -9999 -9999 -9999 -9999 -9999
0.431003168871423 0.442223691495009 0.44060812818132 0.435312919766096 0.419388779859877 0.405856333144515 0.394409817599882 0.385711460997864 0.390637984850182 0.395726504585131 0.388178355510555 0.363954623597556 0.379372128530582 0.415202735523134 0.442631626456392 0.487095398279875 0.517072297366088 0.56060125714054 0.596247128373928 0.600731422724251 0.616350312676477 0.640452867417828 0.639436688669912 0.671259788892927 0.69201712499101 0.68849983563978 0.688422937872743 0.686559426214598 0.684276014740193 0.682561521307212 0.684193289348614 0.684182590797285 0.685531160579753 0.685507357417766 -9999 -9999 -9999 -9999 -9999 -9999 -9999 -9999 -9999 -9999 -9999 -9999 -9999 -9999 -9999 -9999 -9999 -9999 -9999 -9999 -9999 -9999 -9999
0.431023428888521 0.441002681032721 0.435106118386937 0.427294952158345 0.419039770177248 0.405269505027893 0.396620513758036 0.396961835593408 0.396716411010625 0.379471113810779 0.379696619370733 0.364645810871928 0.370781406446924 0.39434514467893 0.412243801070261 0.486861091092444 0.532782305567241 0.559030148208721 0.593698919970314 0.623853695032975 0.644092863498618 0.669292959989931 0.68669684594298 0.69846043374254 0.707036480028135 0.704018740004384 0.700004974460885 0.695471553574712 0.693679868395758 0.693875056882842 0.692245798576072 0.691606323870437 0.692591763471913 -9999 -9999 -9999 -9999 -9999 -9999 -9999 -9999 -9999 -9999 -9999 -9999 -9999 -9999 -9999 -9999 -9999 -9999 -9999 -9999 -9999 -9999 -9999 -9999
0.435406776152806 0.437700683339429 0.435141290753719 0.430209862627493 0.422372016841926 0.411655017800388 0.409720725386189 0.410563825303388 0.399658651930704 0.380785304017258 0.386592951053592 0.381741946323627 0.376286946872256 0.38199810722711 0.420047463112784 0.49612523731597 0.534780238687273 0.565949732413799 0.622540503939881 0.675269118879918 0.701745347266138 0.708079511601089 0.713086515257146 0.715415984021944 0.715653263167 0.715120217637369 0.710321646033303 0.706002853541248 0.702321361669432 0.702721344046682 0.700666671018607 0.698132568498803 0.698967895331937 -9999 -9999 -9999 -9999 -9999 -9999 -9999 -9999 -9999 -9999 -9999 -9999 -9999 -9999 -9999 -9999 -9999 -9999 -9999 -9999 -9999 -9999 -9999 -9999
0.428692020015013 0.42889918481002 0.437216660848843 0.427276215469385 0.4212347942604 0.423743565936234 0.430881625731272 0.427373817886242 0.404437619709984 0.395286163745379 0.401405519976478 0.40736607623301 0.39813577390359 0.379294935783699 0.405828969996097 0.479611746979915 0.55708236780902 0.602037759661465 0.662530641197957 0.716917834752238 0.739598018110248 0.738703634546705 0.722879685193419 0.720220425612918 0.721798648425535 0.72125932430877 0.717650008328497 0.716099566442118 0.716027242956703 0.714507944824747 0.709052160168024 0.705802030913047 0.704676608759797 -9999 -9999 -9999 -9999 -9999 -9999 -9999 -9999 -9999 -9999 -9999 -9999 -9999 -9999 -9999 -9999 -9999 -9999 -9999 -9999 -9999 -9999 -9999 -9999
0.431484004921266 0.43378561451665 0.450096553312572 0.441179138541483 0.434152196879323 0.431953290910871 0.434675056732709 0.435712778973474 0.416403407645227 0.404666629785542 0.411436618676706 0.419714830836987 0.408075625203599 0.394151988535769 0.435804739130515 0.508649553772246 0.571471704472581 0.609225779202847 0.666200789684137 0.699186884854731 0.714586112628891 0.738854032291862 0.731617922516981 0.729707382369167 0.731313164329076 0.727211260984746 0.722346617086058 0.720668044724823 0.720258672112868 0.7169432612514 0.715187779182116 -9999 -9999 -9999 -9999 -9999 -9999 -9999 -9999 -9999 -9999 -9999 -9999 -9999 -9999 -9999 -9999 -9999 -9999 -9999 -9999 -9999 -9999 -9999 -9999 -9999 -9999
