layers/veg_krg_sqold/veg3500.asc
NCOLS 255 
NROWS 330 
XLLCORNER -2985163.8955 
YLLCORNER -3022031.214 
CELLSIZE 25000 
NODATA_value -9999 
[rows 175 to 199 of 330, columns 114 to 170 of 255]
0.536477640364473 0.535433584736389 0.534431137063877 0.533762633209806 0.533237228216871 0.53228905485764 0.531442680272336 0.530674008416966 0.52978770754389 0.529044949767694 0.52843111704044 0.527695498866429 0.526953338534915 0.526414624578774 0.526066548575513 0.525665091852962 0.525235626813568 0.522783446434826 0.5132215368115 0.501679103294694 0.497720949551109 0.498171300451363 0.498206265264794 0.495108432145743 0.492782597430265 0.494485237600378 0.498538819559975 0.499728526390654 0.489251114352607 0.474825031450292 0.468817347826486 0.472490977079033 0.472486420864592 0.457085329156811 0.439708485155049 0.424169129287904 0.404454534362285 0.404079753671629 0.406452763037837 0.387399011101231 0.372413800684475 0.358635026283434 0.339221254563412 0.323942641700416 0.333078722941955 0.361375078383083 0.394961774841313 0.414868938992206 0.432773561520716 0.4615892794837 0.504250104272182 0.554701496618623 0.581527402534758 0.573876710182514 0.565291152075659 0.586574084348131 0.611209993452934
0.535698776467652 0.534618638901684 0.533463938961633 0.53259741766913 0.531944079678836 0.530957982934994 0.530187274443271 0.529455925530533 0.528437405945393 0.527493796411713 0.52684053204657 0.526158167431605 0.525364634621463 0.525023056441174 0.524721602315492 0.523088863078848 0.5224131819866 0.522213070116994 0.516977313441457 0.506537666106146 0.494663288919828 0.492876186055478 0.498859196735913 0.500320313448824 0.497520036429123 0.497751168348977 0.505008840138237 0.50157670184845 0.485247835482807 0.466608495636628 0.455574524883797 0.455519705957604 0.463791950431823 0.466989239480591 0.450551671623063 0.422665709120955 0.393975084432484 0.389002090103392 0.405337967368221 0.390991125593861 0.359681526086007 0.354876280094845 0.33458801565734 0.324751894084066 0.348155941053044 0.396562884093097 0.437038228452112 0.462115308615659 0.498238333100577 0.496723208467046 0.520553434518346 0.574944107702663 0.591904059540331 0.597676503714677 0.60022989257951 -9999 -9999
0.534861339292766 0.533806028833138 0.532559129150518 0.531676348807571 0.530839568525086 0.529781992123907 0.528927285140051 0.52789096327597 0.526925556674182 0.525973622187409 0.525178641672871 0.524502200349916 0.523984827702713 0.5236389823382 0.522229003764109 0.517923508398106 0.516421355357856 0.518990689261396 0.516244986740099 0.508502442433272 0.498086040115248 0.494571474821708 0.500647423687431 0.504213101911784 0.503384359869111 0.503731739683707 0.508780499751091 0.502654769658219 0.485327724173564 0.470380745634626 0.461001895404009 0.45711376577869 0.463617427718552 0.469676656619231 0.457495423501547 0.437236536311155 0.407433040847464 0.386909802839385 0.396238422355928 0.39244447003359 0.371662977072179 0.359985452079327 0.344836974212232 0.335770484074653 0.358430274480711 0.40746469544745 0.435321315692365 0.44797956693202 0.474586143809419 0.485840259613042 0.524123492672759 0.572291435681864 0.591973366927952 0.600502161614592 -9999 -9999 -9999
0.533240783439912 0.532298000372334 0.531215584311245 0.530142244642257 0.529098476821341 0.527925199836819 0.52688284991654 0.525779808064621 0.524606462425459 0.523593344213562 0.522722079038863 0.522087586344996 0.521522859667133 0.521148508027538 0.518313752176011 0.513365589404249 0.50630904364811 0.505594155441377 0.51059540359767 0.506203221656475 0.496813583194764 0.491187816856052 0.497542292269382 0.503900828664018 0.507090494917343 0.510239146669741 0.513202728362975 0.510024488160791 0.502385195632951 0.500517051191754 0.491692548979789 0.483534393926558 0.480316671967575 0.460448051897526 0.449035032199592 0.435645685385547 0.405513942843367 0.381126456028417 0.378108472657567 0.385581677830163 0.385040703788865 0.377036573444516 0.372311286389343 0.367210048451731 0.382575910704227 0.405572902957404 0.402305494461424 0.4138724325595 0.459983702483008 0.491959494860467 0.526013899322218 0.582535481595567 0.596752926134931 -9999 -9999 -9999 -9999
0.531282946616612 0.530508609296228 0.529521950288935 0.528393397681153 0.52740909265915 0.525943394448642 0.524326733850198 0.523310556909222 0.522379304100636 0.521027606137004 0.52003354188549 0.519415652084517 0.518629656508313 0.518357230649201 0.516670338070202 0.512173146749106 0.502349983516948 0.499199227935968 0.505863894109008 0.502043501838984 0.493370291535293 0.492502259710798 0.499917620933225 0.505874338489246 0.509573822818805 0.512539375448562 0.51613854876541 0.519701759148396 0.52460078581393 0.524792930999242 0.519134899484095 0.515022048594532 0.505086263113259 0.482083964431385 0.46657298680532 0.454839096966244 0.431010646879249 0.40583691441519 0.389115151660485 0.391826142606889 0.399189301326388 0.392540492059846 0.385244761693298 0.382376386402879 0.381609405628725 0.384825747944258 0.402843520233729 0.44194035213325 0.518408319959685 0.585421403093073 0.598644062392521 0.594461640930603 -9999 -9999 -9999 -9999 -9999
0.529742979685383 0.529047663596928 0.5284336544765 0.527484927274711 0.526150758808903 0.524635979309514 0.523341636936722 0.522137991194562 0.520715525691633 0.519230365048738 0.518029277760706 0.517044697183403 0.516048695189359 0.515558328968572 0.514493225033671 0.509295213354436 0.504036978304774 0.503294722202306 0.501896205813304 0.490598826809038 0.48379890426981 0.491251821731637 0.494186759757995 0.497508909978717 0.502027468460333 0.511507434382844 0.516071759428975 0.515301197267835 0.520231516271371 0.521640348933925 0.51682307249192 0.519461019872351 0.521011076982822 0.509389766771048 0.498341589183561 0.473978817461956 0.430585601842668 0.399111810771935 0.380990655193918 0.386985685421351 0.404347211228634 0.398718949037852 0.39251033249515 0.39580792425867 0.397256582137404 0.401929424985002 0.413479268039678 0.478269679181069 0.56948498746643 0.596389036417968 0.602113488338445 -9999 -9999 -9999 -9999 -9999 -9999
0.527737748071245 0.526840888894662 0.526195445469088 0.525305217625216 0.523752937230492 0.521759520925971 0.520141546220259 0.518972057944208 0.517358714355675 0.515819797637165 0.514584310141298 0.513331002605461 0.512022228988031 0.51096847064857 0.509595212061329 0.502526435100873 0.496638408902431 0.495927734827262 0.495319230729197 0.491310828938303 0.486503993624749 0.485641076602492 0.482289661931837 0.490130571795907 0.500342674982173 0.509961655095666 0.512489601753411 0.507420854502772 0.506575036988447 0.508074123457729 0.502184980575299 0.508036540366626 0.519908062952708 0.507035230720423 0.488315448098187 0.468531400014582 0.435516008049081 0.412635050381211 0.404581372376592 0.405918862902581 0.416893758594538 0.415253981419274 0.410459745640075 0.408121496983483 0.408519247250975 0.410297455348009 0.415060752319698 0.480329770250488 0.574791094316476 0.602450097152419 -9999 -9999 -9999 -9999 -9999 -9999 -9999
0.526046380527635 0.524870938547406 0.523791772044311 0.522824512021817 0.521405600573114 0.519297838889911 0.517558067404446 0.516041232821008 0.514118780430505 0.512403609107733 0.510907455626879 0.509359704403409 0.507560065765117 0.505931441524224 0.503413369601713 0.497319068185034 0.495470746394468 0.498276449726119 0.497227378486326 0.496042155810014 0.49284998249925 0.490622368593476 0.487254515736153 0.481409599973967 0.489784723150518 0.505255383089562 0.506846392023368 0.496731202321102 0.484214936200459 0.481599793105934 0.483795085604816 0.493283686416649 0.512534635793441 0.506001223005976 0.477550375930373 0.456481287330275 0.431252065544938 0.419541564219576 0.42619211983127 0.425579901115332 0.428911656618 0.426026612435294 0.422263993963749 0.421599175150175 0.42373400843368 0.425061063348249 0.425135028349652 0.50214598763483 0.603628627660239 -9999 -9999 -9999 -9999 -9999 -9999 -9999 -9999
0.524407193557852 0.523132466993196 0.521965465233966 0.520809799090483 0.51927299288382 0.517116729024375 0.515097822559511 0.513477371501545 0.51142669301742 0.509281679909309 0.507454867781239 0.505693370070287 0.503805462598293 0.501948581812697 0.499280781271919 0.495019837731123 0.49351811316288 0.494283433361841 0.493296640700309 0.489871051089667 0.487693910446044 0.482229561689228 0.471901053759409 0.475642426089001 0.487699135985343 0.499847554697397 0.499065982717576 0.486278872027423 0.478810540806341 0.477055149274085 0.476805677602169 0.482064134517749 0.500401337389763 0.499771585204796 0.476877019982845 0.446717140117473 0.423337488289586 0.417655753990999 0.421331940467983 0.430665833142337 0.429837637083021 0.426669242813843 0.424845391828416 0.424108641710099 0.429923033891793 0.44234518423534 0.462364169495142 0.545944693944452 0.625947450974357 -9999 -9999 -9999 -9999 -9999 -9999 -9999 -9999
0.522529188259376 0.521111663421924 0.519420146989381 0.517832849413723 0.51615982222313 0.513869761500422 0.511524891577973 0.509567931907665 0.507368084510835 0.504699496331029 0.502651926971894 0.500577981042527 0.497633914093153 0.494879736196683 0.492583698389755 0.489392488085989 0.484908402656621 0.48384348370832 0.485840571430773 0.484480408957657 0.480377278763842 0.472499294162825 0.46958024846174 0.477067489046878 0.48751582439909 0.486496795575266 0.47556103687789 0.470264578624369 0.472328279715058 0.484409493969179 0.491729370613987 0.496830131670453 0.500759516712465 0.490108509257378 0.467598381101954 0.436091325743163 0.401552377206093 0.391512524814213 0.396390917060838 0.397279375376099 0.40036945017064 0.410079116916144 0.428974806153556 0.430653069119797 0.435335252296941 0.47563533109852 0.536536644246877 0.590449597703737 0.61354856903796 -9999 -9999 -9999 -9999 -9999 -9999 -9999 -9999
0.521173212546924 0.519200751227157 0.516891588312766 0.515053866950943 0.513117466672904 0.510469106193314 0.507969868936542 0.505961864220527 0.503381130305143 0.500278071749268 0.497671532757116 0.494887787296844 0.491084646449208 0.487803069812679 0.485038471244477 0.481005332140563 0.474384937145846 0.471578014543151 0.474691536621958 0.474115723859785 0.467328479528433 0.464517800488016 0.468686582591248 0.473078254123137 0.473486490150429 0.463162305381283 0.455419807675332 0.461735285320962 0.476511237720435 0.48781475680874 0.487621667330505 0.493990267187968 0.504613674243855 0.487793512262518 0.461084356144078 0.433853717223743 0.400900023477469 0.378955504592358 0.384357391385338 0.379174148745512 0.373771360837815 0.395260816128558 0.429636356636484 0.45407752473211 0.456485484858113 0.501060098834435 0.565007791179574 0.589904788521663 0.605935923328084 -9999 -9999 -9999 -9999 -9999 -9999 -9999 -9999
0.51999387017987 0.517868942093897 0.515247904376605 0.513103128424275 0.510996553839259 0.507834961926674 0.505030421502768 0.502968929438754 0.500237547181358 0.496790746861716 0.493845547279672 0.490439787918466 0.485860177455296 0.482346457346303 0.479361710664244 0.475957968180055 0.472583156693663 0.469039095484168 0.467585299390334 0.466708037043576 0.459862501630536 0.458057590079212 0.463371190151078 0.461766157428113 0.448103531910755 0.434271421527005 0.447001766945634 0.466372602071825 0.476140075646167 0.481500906195473 0.481855727866579 0.494822206199352 0.492470704481911 0.472591875960465 0.462465103090903 0.435502212744897 0.406621581348189 0.398915051911296 0.404282687597633 0.392607279602931 0.380572233977842 0.38037764231982 0.409664676194223 0.456038682070622 0.477489344225254 0.516070451341563 0.560293400377316 0.578503609846044 0.594848546978558 -9999 -9999 -9999 -9999 -9999 -9999 -9999 -9999
0.517917640369243 0.515431275791502 0.512526413268741 0.50999187973622 0.507353636888312 0.503827543793371 0.500622710159303 0.498096264383082 0.495087541514133 0.491273734483109 0.487370620793811 0.483122466286032 0.47817724667458 0.474390896026054 0.470884228945213 0.466755034189688 0.463471213829016 0.460487302649342 0.45756979474401 0.455743786177037 0.452412583713177 0.449061648669161 0.448548453523209 0.440694600118202 0.432202890551734 0.438473428319935 0.450139199883455 0.45933077113919 0.464584298407784 0.468660153445663 0.474099473634698 0.476641389701325 0.471664099148011 0.464607596077801 0.458834664290256 0.443600813302448 0.425001666303514 0.413377437800141 0.399301306965556 0.389672068560171 0.38569226904661 0.389096278871404 0.429149838569804 0.467545005808291 0.48364538957205 0.507557066197963 0.543350341976151 0.572896191308276 0.575297941083669 -9999 -9999 -9999 -9999 -9999 -9999 -9999 -9999
0.516260802516275 0.513439306839137 0.51013161144456 0.50732927167158 0.504199230640268 0.500024943280431 0.496492999208818 0.493528043898093 0.490220707405153 0.485725260326178 0.480437105605779 0.475379988565219 0.469860894784357 0.465285464604375 0.461036258428834 0.456178703273866 0.452785388370088 0.449804921252538 0.445723446450963 0.441937369991929 0.438288238031026 0.429653278236985 0.421275046326616 0.421196018751976 0.43085724206007 0.443147576611614 0.446385414237383 0.445500139763316 0.44205191618542 0.442985293110237 0.452083486657775 0.447366383784624 0.427757854197497 0.426140431489217 0.433303032155992 0.441802553799591 0.430108594931605 0.406455256591126 0.388130663584048 0.383641763451555 0.382888779856697 0.375398834677272 0.402139965684721 0.446940907151545 0.464766209890124 0.482744773485881 0.524379244063973 0.556782837865226 0.561798767787411 -9999 -9999 -9999 -9999 -9999 -9999 -9999 -9999
0.51430696563255 0.511388831976017 0.507891989826418 0.504758539197298 0.501466521221013 0.497149536205923 0.493235223328389 0.489894603635454 0.486312974040701 0.481074174657199 0.475246197736507 0.47013524012567 0.463997456522511 0.458736555883752 0.454045797405217 0.448765160454498 0.444426455961299 0.440691269130795 0.435926496835449 0.431381736550179 0.426943252186975 0.420443851184664 0.412922078845878 0.410209594104669 0.416314095867973 0.426625341573798 0.432954811139984 0.430586096230107 0.425086938088403 0.421297268241268 0.43006668723958 0.43288529203944 0.416199580756494 0.41177297747575 0.412815341674929 0.41788912964478 0.421523763092467 0.40416103302705 0.38126280059788 0.37369123505126 0.372262016020181 0.372203406021517 0.380523926825926 0.408363065487761 0.441800361398704 0.464480302095585 0.494486882605399 0.523894390414363 0.539573837818302 -9999 -9999 -9999 -9999 -9999 -9999 -9999 -9999
0.511982401966794 0.508828924227955 0.504808662261034 0.501174722038242 0.497531577365843 0.492788900917816 0.488511514137209 0.485082098850257 0.481073690121965 0.474927258743514 0.468165879008796 0.46212134059216 0.455285187110911 0.449609597904408 0.444180126849986 0.437829056508161 0.432628555257479 0.427627044504724 0.421902005211491 0.416448358180193 0.410272742066294 0.406432874613231 0.406642066175757 0.407185520452437 0.404271256407112 0.399753369485436 0.400790279456995 0.403783571403097 0.400511312169136 0.394499837648888 0.405107864450105 0.41294969654314 0.400624181110558 0.389480852300163 0.387748917354757 0.39740834692695 0.389418591004113 0.372167018750054 0.361544095546512 0.348455744782242 0.343963694046351 0.341423454138192 0.347928319945425 0.358467816774278 0.379039980798275 0.41303162430492 0.448526542665584 0.494878224706531 0.521727969313381 -9999 -9999 -9999 -9999 -9999 -9999 -9999 -9999
0.508965756311303 0.505757445619762 0.501559983374823 0.49775791808292 0.493701164180433 0.488396374179112 0.483774919511232 0.479953225014985 0.475473406573676 0.468446141133009 0.460823614137047 0.454412479193142 0.446911755387583 0.440424112687922 0.434406960741402 0.42715544969342 0.420642150118285 0.414307061336997 0.406915110769302 0.400095313321593 0.395476412619704 0.395280044635927 0.394157307825686 0.389775195133208 0.385749706922136 0.38107921630015 0.379562706322844 0.381649095877962 0.385263517963245 0.384183891715334 0.383258049479301 0.389746127367698 0.385518400493235 0.375112231141928 0.378884621677132 0.382490184607494 0.366032694373552 0.348437617350794 0.336881714743466 0.326654463301773 0.311629901490142 0.296622735615429 0.277640198026778 0.279166362539989 0.311813663517509 0.355821777801231 0.384452501766407 0.430099301877318 0.494192946563728 -9999 -9999 -9999 -9999 -9999 -9999 -9999 -9999
0.506379437267955 0.503234781837783 0.499036073130393 0.49505454851784 0.490777499653377 0.485094567667453 0.480279096355093 0.476546922932995 0.471343199790487 0.463473979567804 0.456063817193456 0.449773409468068 0.441708711908326 0.434967996027545 0.428298797361477 0.41943702709558 0.411662364638823 0.404484310495667 0.395896701543572 0.389067704546135 0.385532915810247 0.382719399247048 0.377660767540338 0.371835331756692 0.369626910159667 0.371673261584604 0.376966164439855 0.380593961016231 0.380166418027371 0.376809391407454 0.375311267084158 0.37904331165428 0.378939701902942 0.367803506203833 0.357339558629706 0.351635818299679 0.345700618018973 0.337626756249956 0.323939166516057 0.30918719600409 0.296150339708608 0.286513815575269 0.26222439031586 0.233187778369904 0.277188471659388 0.37591059200139 0.411822573583147 0.444628705463519 0.482179870126942 -9999 -9999 -9999 -9999 -9999 -9999 -9999 -9999
0.502755167544554 0.499559846628929 0.495272813531706 0.491139660542351 0.486430502137075 0.480450808877819 0.475721066753967 0.471976980393979 0.466157424685304 0.457139010959698 0.449230084701176 0.442691261730021 0.433972051327655 0.426057392510457 0.417721906014631 0.407408815894749 0.398624423929504 0.390092725552309 0.380359142537401 0.372379366289066 0.365513780229968 0.358836502327835 0.354123605879514 0.34991206260713 0.347945686770823 0.348928921144028 0.350169706513055 0.35465062785236 0.358846071299083 0.359604744837529 0.365514935134956 0.371518301429898 0.370628548511586 0.367105674384163 0.362460179663861 0.352038559900248 0.337920271785504 0.327389718819539 0.307576754588015 0.28769231564723 0.276390296451522 0.264195916497718 0.240095811115773 0.212409341014991 0.26764894444445 0.374285369675665 0.418075757497354 0.448537722205726 0.47029011709541 -9999 -9999 -9999 -9999 -9999 -9999 -9999 -9999
0.499464539513302 0.496062515993685 0.491675477869192 0.487467884792199 0.482432092677223 0.476158036934152 0.471620076203588 0.468128895125806 0.461561044962177 0.451214558895598 0.443051434888675 0.43630511427147 0.425696906476316 0.416109057143409 0.406781165977012 0.395772767229357 0.386629089914497 0.376868827900607 0.365350983799869 0.355511963713124 0.34517248981718 0.335694690662735 0.32780288509622 0.321447083729937 0.322782867251933 0.325130508779397 0.324792578173179 0.328973180335605 0.337884611283895 0.345169168972269 0.356833585661316 0.365426352644822 0.357581025201291 0.349937641160134 0.357099721915753 0.354362042598113 0.338143942863146 0.321099216839727 0.297438519669566 0.273282307333588 0.254869304003283 0.240305146545278 0.225440453308775 0.224962084086502 0.288099138724895 0.379769236897574 0.418991379225508 0.431319203274716 -9999 -9999 -9999 -9999 -9999 -9999 -9999 -9999 -9999
0.497110566068083 0.493577127970919 0.489107250219708 0.484654191658036 0.479425833052303 0.473522721557881 0.469253971179886 0.465418180054123 0.457886628128245 0.44786631539258 0.440333214958014 0.431538613530647 0.419029299173375 0.409701219702252 0.401536688538623 0.389439499085389 0.378606305553762 0.368459864853127 0.355234210742102 0.342939259056731 0.33126747154138 0.31625360404724 0.303287761927588 0.297783736382094 0.295200674602611 0.298799610780222 0.303114097906001 0.310227466081012 0.324643561967297 0.336917155992237 0.35003257288265 0.35218704255487 0.344275032230096 0.334812921939788 0.337807287623614 0.348310811256208 0.346743931294773 0.324610529243712 0.299315692459937 0.283574970386584 0.259009400711691 0.237061846786728 0.262855029031638 0.326400302258664 0.364287882450763 0.39466863781326 0.408421785637816 -9999 -9999 -9999 -9999 -9999 -9999 -9999 -9999 -9999 -9999
0.493755471020148 0.490278087798696 0.485709645218916 0.480941000564634 0.475617585486479 0.469927047290641 0.465468276401566 0.46105156541324 0.453031879359492 0.443237023167066 0.434807048298641 0.423729350536359 0.410588155432381 0.401657755239678 0.393602133468599 0.380566273231718 0.368943798038606 0.357100743197262 0.340698756316173 0.32629048654823 0.311350363684496 0.29336812398574 0.279906201237311 0.269165341568436 0.267866047961107 0.277582936282185 0.284883935035968 0.295256573152045 0.305725519432903 0.322109212877234 0.34429959651674 0.342533658928858 0.337126757321576 0.347024050611407 0.355022628094811 0.360327196216628 0.354815554866824 0.326747035600649 0.283637613510793 0.251291587978769 0.241119915982585 0.241602683918961 0.290330891812676 0.361586498911652 0.377946921955023 0.381782474340568 -9999 -9999 -9999 -9999 -9999 -9999 -9999 -9999 -9999 -9999 -9999
0.490869476983237 0.48726314603112 0.482412332886996 0.477347691186594 0.472105924932687 0.46704975593362 0.462525293959773 0.457054970142175 0.449305425076691 0.439414273699791 0.429397058751091 0.417930105748442 0.406379530799741 0.397203658182044 0.386757107626198 0.37302833809758 0.361181754831788 0.34841611702129 0.330407154276511 0.313117444144343 0.297025695482974 0.276492020162269 0.255603461825565 0.245141586883644 0.257451901755298 0.27245170099324 0.276982190880645 0.290530023155813 0.297020015284114 0.314501538608628 0.33300975556176 0.333909256016671 0.335254048948651 0.358305057952765 0.389279115368323 0.382718501602324 0.358110504234258 0.328539123511943 0.292196936702045 0.245142451309331 0.21786318392663 0.240914193137551 0.314118268146024 0.365456404742388 -9999 -9999 -9999 -9999 -9999 -9999 -9999 -9999 -9999 -9999 -9999 -9999 -9999
0.488809795244711 0.485138363472165 0.480135626967036 0.475028089760674 0.470102279213691 0.465141180684792 0.460227763822962 0.45439063298234 0.446569608872377 0.436415125812921 0.42577428401633 0.414178089805704 0.40318775084154 0.394858710211663 0.384221528588839 0.370248940234566 0.357553985680982 0.342392863174151 0.322998307857691 0.306630755351097 0.289757275623393 0.268558060908884 0.250832477512894 0.248347353878667 0.262515419598467 0.279316660572366 0.292653645225336 0.303452558997403 0.307291046791106 0.326917435031482 0.337616945191426 0.327007858866189 0.356074614591036 0.387920810431532 0.402449249519675 0.402453331967605 0.393273631912985 0.373776131378704 0.333705786859831 0.270656510204139 0.221520416325202 0.245542259982354 0.31950344835097 0.362566137844631 -9999 -9999 -9999 -9999 -9999 -9999 -9999 -9999 -9999 -9999 -9999 -9999 -9999
0.4854198690999 0.481948989499238 0.477061074857256 0.471980703841097 0.467395958295592 0.462491592584072 0.456814369876315 0.45068866424928 0.442767696341759 0.431921322201179 0.421232015356138 0.410824871240955 0.399323867648971 0.390745981816465 0.38087304135524 0.365657726821012 0.350917426894473 0.334745447912214 0.315539487794076 0.299933007034644 0.285598789149793 0.26751015111014 0.253881082052868 0.254679199403683 0.266131603848906 0.278090810277915 0.29288335044966 0.311711387765025 0.325835901124929 0.341607444028294 0.353284628084969 0.359285752347276 0.373963043759025 0.388121849599739 0.399081883698896 0.404138027298265 0.397601630407687 0.38163528914854 0.35401930344577 0.320765782685904 0.295380357909148 0.302539431328991 0.332063049467946 -9999 -9999 -9999 -9999 -9999 -9999 -9999 -9999 -9999 -9999 -9999 -9999 -9999 -9999
