layers/veg_krg_sqold/veg4300.asc
NCOLS 255 
NROWS 330 
XLLCORNER -2985163.8955 
YLLCORNER -3022031.214 
CELLSIZE 25000 
NODATA_value -9999 
[rows 225 to 249 of 330, columns 56 to 111 of 255]
-9999 -9999 -9999 -9999 -9999 -9999 -9999 -9999 -9999 -9999 -9999 -9999 -9999 -9999 -9999 -9999 -9999 -9999 -9999 -9999 0.381430389168253 0.368095546466908 0.349938206030268 0.322608174028183 0.248731965501759 0.140078564694149 0.0559724011145149 0 0 0.0911693366221074 0.153570412658504 0.158638294153704 0.154109093747223 0.166450519407903 0.210234584793385 0.251360195325017 0.273918915207562 0.283116321644418 0.287747347779293 0.293334742807086 0.297635217515076 0.300034404679042 0.303696773289856 0.307348637267216 0.311317673111737 0.317118963784116 0.323145323603325 0.329933815284343 0.336337005969719 0.340891929877124 0.344402876578874 0.348243397525225 0.35076632482424 0.35318624012429 0.356063726410517 0.358282200028994
-9999 -9999 -9999 -9999 -9999 -9999 -9999 -9999 -9999 -9999 -9999 -9999 -9999 -9999 -9999 -9999 -9999 -9999 -9999 0.400201577914799 0.375811703042625 0.364871138487614 0.360747726592566 0.319983567098172 0.230679708372208 0.130550110602097 0.0700768100559315 0.0327016821884921 0.0395312893203985 0.112279052281205 0.152322355267359 0.160231291390749 0.128512465816282 0.101678937804055 0.156434153377558 0.228579418928449 0.266162871018886 0.282176908534661 0.28652497716378 0.29100470071895 0.29416618685886 0.295788314532441 0.29865737512877 0.301417166848574 0.304546210718222 0.309703836803416 0.315449850212971 0.321232565789417 0.327301980819301 0.332935958977658 0.336635544219953 0.340134621414116 0.342785539662931 0.345591931730949 0.348794860969261 0.351095484966531
-9999 -9999 -9999 -9999 -9999 -9999 -9999 -9999 -9999 -9999 -9999 -9999 -9999 -9999 -9999 -9999 -9999 -9999 -9999 0.403878103206983 0.378599473629659 0.364375706961243 0.362692256330897 0.306545693634819 0.232764840711683 0.149067431222837 0.0574728222757681 0.0637741996484483 0.0857038170068363 0.0946656524874415 0.135335642482218 0.160321809736272 0.136664007651664 0.128081412466067 0.174317678213004 0.220391775649956 0.256600359157065 0.278070465149353 0.285435116730778 0.288902336167874 0.291063268928801 0.291746182490748 0.292332950236341 0.294820545188142 0.299174042337913 0.302633494801284 0.307300148481148 0.313179659689033 0.319368019510558 0.324369657951335 0.327980247074907 0.331640779526711 0.334455407564586 0.337478548163963 0.340770022765846 0.343235092210704
-9999 -9999 -9999 -9999 -9999 -9999 -9999 -9999 -9999 -9999 -9999 -9999 -9999 -9999 -9999 -9999 -9999 -9999 -9999 0.383984074353271 0.373943802073924 0.372892136477037 0.364763875834156 0.318752384560626 0.244104738371067 0.17431205965744 0.102729474969964 0.079125254868311 0.0963926520606195 0.103502356065932 0.127704306787864 0.156315710849195 0.139432212428431 0.135465765881351 0.18037221103775 0.223400115652252 0.252459761670942 0.273769080215177 0.283847896155163 0.287098711381897 0.288628632030339 0.288844447451233 0.289430836478634 0.29178055705201 0.294798744234916 0.298085541316347 0.302213121752485 0.307072848221819 0.313522618356339 0.317776697065513 0.321011783813525 0.324832376862129 0.327557779373868 0.33058009766028 0.334037178349283 0.336685119894077
-9999 -9999 -9999 -9999 -9999 -9999 -9999 -9999 -9999 -9999 -9999 -9999 -9999 -9999 -9999 -9999 -9999 -9999 0.387590004086587 0.381790168264147 0.373949360292743 0.374033775903375 0.360758365840317 0.295202681835015 0.203115262073676 0.16273020266729 0.108877261925892 0.0643238462315764 0.0821062060311682 0.109828006808315 0.119988692948436 0.112876476349908 0.129954034143249 0.167193740365132 0.198894040926917 0.223174599045987 0.247174425509783 0.267144545473604 0.280831594500649 0.285632810086002 0.286042619507579 0.285533967659891 0.285042547825138 0.285835752130769 0.288220147083884 0.291204609169935 0.293746440108746 0.29781731239693 0.303890330424392 0.307539963261543 0.310413824496934 0.313813245240029 0.316536101013268 0.319199333908527 0.322444692648945 0.325441323069623
-9999 -9999 -9999 -9999 -9999 -9999 -9999 -9999 -9999 -9999 -9999 -9999 -9999 -9999 -9999 -9999 -9999 -9999 0.382388138242796 0.379856422253181 0.382383413043166 0.376607679091301 0.356897652532199 0.29294533011958 0.211367754560483 0.171336571953031 0.131586096348272 0.104024104496027 0.0920568414606683 0.101693491124652 0.0919418690700316 0.0586553664059198 0.120986006770627 0.185885772671058 0.209531988950529 0.227084155212451 0.246189303815636 0.262589027872296 0.275751999941079 0.283249808360527 0.283049450720402 0.281644852109089 0.280701835167412 0.280273325327838 0.280811412724721 0.283718073751342 0.285723705580998 0.288109324612833 0.293597585797708 0.297488283959239 0.300322070932021 0.302930561270166 0.305377441906572 0.308086455077796 0.311728906913092 0.315174724848347
-9999 -9999 -9999 -9999 -9999 -9999 -9999 -9999 -9999 -9999 -9999 -9999 -9999 -9999 -9999 -9999 -9999 -9999 0.411311369675031 0.39395756935745 0.390425327774925 0.378029726086882 0.344848490312141 0.275306389981619 0.19044723514352 0.14033159195112 0.110873954383266 0.110291370939817 0.122803197257274 0.135617266348658 0.151456271777817 0.151749593900214 0.179293764246493 0.203621948415116 0.219376081500882 0.233531248089939 0.250652575499106 0.264898921061127 0.274987446563956 0.281658286573135 0.281711344211444 0.280548190478338 0.278671150714831 0.275013232198308 0.270470234478327 0.270632287377899 0.275081716339656 0.279701576033623 0.286420847550789 0.290429963153432 0.292175976358017 0.294332271347345 0.296551786543049 0.299760317629519 0.304460104916439 0.308490944007425
-9999 -9999 -9999 -9999 -9999 -9999 -9999 -9999 -9999 -9999 -9999 -9999 -9999 -9999 -9999 -9999 -9999 0.424772797827383 0.410461257412489 0.393721846533618 0.392268571947669 0.375281742630507 0.328438651533381 0.248979100760091 0.176704914698353 0.164911404918098 0.152167725595559 0.103630952385758 0.124132377223102 0.181215085053842 0.182700981650431 0.180147950358168 0.190349246953719 0.204962230757314 0.220782345852002 0.236707982285663 0.253549852839077 0.266413334551299 0.276068797031019 0.28028379060874 0.279556168973942 0.27812948208311 0.274521746798491 0.268937665441614 0.263427132779023 0.260991822182391 0.263851336249972 0.269208575485231 0.274367185143033 0.277798652693645 0.280239382768634 0.282243532668989 0.284516862304434 0.288051997818732 0.292268619525807 0.294385281046977
-9999 -9999 -9999 -9999 -9999 -9999 -9999 -9999 -9999 -9999 -9999 -9999 -9999 -9999 -9999 -9999 -9999 0.42541117844922 0.412984135179677 0.394147403012521 0.388911817900194 0.370264485975387 0.311224892840147 0.23174984403632 0.158573088774156 0.138725138604042 0.183023340745927 0.163706265107864 0.117994986723737 0.17606097105749 0.238607727124405 0.241887692247841 0.226664126296389 0.217739017350454 0.230006757940337 0.243004538647544 0.256483100473985 0.26745677332355 0.275897349767795 0.278528494555035 0.277148914626882 0.275121458092896 0.268980815179638 0.260850498651545 0.255757605925743 0.252385231632665 0.253045588626751 0.257229037279967 0.26172310712367 0.26489865469969 0.267836548165539 0.270559379203923 0.271385600024116 0.271631783018375 0.273132920966824 0.276147637089953
-9999 -9999 -9999 -9999 -9999 -9999 -9999 -9999 -9999 -9999 -9999 -9999 -9999 -9999 -9999 -9999 -9999 0.432610391642628 0.414989981332943 0.401156692278775 0.39215147236665 0.371220420392427 0.313868512737475 0.233169142485688 0.166914997532353 0.146779208331828 0.185570368324835 0.192517293521318 0.138296784128328 0.163626877128632 0.220702689698027 0.222009793915978 0.231809904668082 0.230339511729181 0.232535500124161 0.245885692553574 0.259804238270629 0.26805443104168 0.273930309633159 0.276661823948699 0.274760135803588 0.272523825880281 0.26902863392926 0.264339099865451 0.257764373658742 0.251149361487763 0.24885597173709 0.250189567375561 0.251909613542897 0.253889144562797 0.25694580740116 0.259473814536746 0.259364504285557 0.259389175111491 0.261063177205698 0.263960085603927
-9999 -9999 -9999 -9999 -9999 -9999 -9999 -9999 -9999 -9999 -9999 -9999 -9999 -9999 -9999 -9999 0.440966216228255 0.424111982901056 0.402925696160046 0.403571576382679 0.398297299180696 0.373329239348657 0.321148222308801 0.249728389880062 0.191203440922172 0.185566208191296 0.205631977833704 0.209177670560516 0.217773091336727 0.211619350633807 0.218010473682513 0.230424095025298 0.222457855165345 0.232966310869492 0.254225556767821 0.26018732811392 0.267574798720221 0.268660484084943 0.26804197613536 0.268525359769058 0.26810729067022 0.267762486662726 0.264828796591671 0.260900547586517 0.255080642711326 0.245035096365702 0.238560439996288 0.23812559521845 0.238730704862162 0.241021909999483 0.242534075935762 0.242666569226884 0.24272402126175 0.242123690178366 0.241356520438527 0.237583628637824
-9999 -9999 -9999 -9999 -9999 -9999 -9999 -9999 -9999 -9999 -9999 -9999 -9999 -9999 -9999 -9999 0.441965872191951 0.416700471929517 0.384333572419582 0.395184669452246 0.403151603933897 0.376034391978554 0.335572878445999 0.256444756402163 0.179578415906554 0.18205833828239 0.189760881231348 0.19845197414254 0.221789001553226 0.221412088949759 0.235434292819895 0.243999434510009 0.211742837622672 0.216285256285993 0.260029528600167 0.268311892719442 0.271798270728622 0.270609826354938 0.268618455505532 0.266615118402197 0.264735983548757 0.262828625576194 0.260381462266124 0.255344216365081 0.24794313054758 0.239968019968189 0.234954946800854 0.232067318443033 0.22931116249395 0.229612294992288 0.229017549255111 0.228182296300157 0.228528700690581 0.229768290771812 0.232632050855467 0.229707435673367
-9999 -9999 -9999 -9999 -9999 -9999 -9999 -9999 -9999 -9999 -9999 -9999 -9999 -9999 -9999 -9999 0.448229173997843 0.412202355891815 0.357702778237108 0.365872342494678 0.394752293851907 0.369379578034367 0.327605044451706 0.259640245026334 0.166699610398914 0.124137960919746 0.159160153357085 0.205237567747411 0.216216000754148 0.22130274113163 0.241394906227471 0.271086034567651 0.277854571371511 0.274761760547718 0.27135830923857 0.273731062778829 0.279117909411699 0.277156951469709 0.273585771270168 0.269771416998955 0.266619598638911 0.262110455094043 0.258242286202603 0.250221616232866 0.240507311650221 0.232884053751782 0.227161611416387 0.228812585007316 0.232385628365673 0.231877230877337 0.226197809442552 0.221434526751 0.219908852513792 0.222507430091723 0.228704479269326 0.231098952934798
-9999 -9999 -9999 -9999 -9999 -9999 -9999 -9999 -9999 -9999 -9999 -9999 -9999 -9999 -9999 -9999 -9999 0.439172446974921 0.413721294490176 0.410074881067032 0.393505671882457 0.360306406754199 0.31309226133605 0.268302545335896 0.234653804756626 0.178766414485675 0.163787759609564 0.21084934236142 0.220417557061767 0.227407518745487 0.228808300636023 0.243026804582513 0.275295936155462 0.282407782342958 0.266090186212431 0.259946816571773 0.271543453808313 0.280116973500878 0.277605750746396 0.272903585155818 0.266951024642321 0.262720854525585 0.257679961539248 0.250599398464802 0.239200205417976 0.228014422379012 0.21974719998959 0.214530649631052 0.2172167629197 0.220059504840298 0.219167845888715 0.217651846771874 0.216711041211276 0.218727844706585 0.223888393272643 0.22859826601347
-9999 -9999 -9999 -9999 -9999 -9999 -9999 -9999 -9999 -9999 -9999 -9999 -9999 -9999 -9999 -9999 -9999 0.43388521042558 0.427490731820997 0.418986692263291 0.403979569598255 0.367700512903387 0.309680225795888 0.252360770997298 0.236999316636762 0.20080234661795 0.179664227477706 0.221281391033104 0.234565925067712 0.249239714345003 0.257670995637155 0.266821747102348 0.275912778818656 0.282490585576432 0.284607574877323 0.281014680224637 0.278137242507705 0.274576500106084 0.271448872038242 0.273965774540995 0.273135437799497 0.265033042972167 0.257393092682141 0.250295511776005 0.241602447626287 0.231328112283787 0.219693288135538 0.212652140762352 0.213667761186854 0.213079766909086 0.206379106163143 0.204925082312595 0.210286181575948 0.217217101675016 0.225202212045525 0.232383335840994
-9999 -9999 -9999 -9999 -9999 -9999 -9999 -9999 -9999 -9999 -9999 -9999 -9999 -9999 -9999 -9999 -9999 0.437790714204241 0.432540549477608 0.425288666239146 0.412359603631697 0.379986607196704 0.33932388912081 0.288737330217403 0.25368263017087 0.208790730889025 0.181182724830207 0.230988754565202 0.244555878696687 0.248405244055523 0.261722035839695 0.262287625081705 0.273550979458725 0.287550947167583 0.290672520952919 0.291097548571163 0.286454947540286 0.281858633438111 0.277554519175536 0.274502817984158 0.273703940243367 0.267656597769859 0.258437951837688 0.250650508559537 0.241150100577458 0.229610603152243 0.219381217736054 0.211318075693588 0.206955390876513 0.203184148229978 0.197862398823548 0.197888884624438 0.202766126983639 0.210516218499712 0.220986094331564 0.229219249510962
-9999 -9999 -9999 -9999 -9999 -9999 -9999 -9999 -9999 -9999 -9999 -9999 -9999 -9999 -9999 -9999 -9999 0.453790812104898 0.44401208179884 0.445896883660993 0.43608548371854 0.39970660632919 0.351544655865544 0.298440964206298 0.250184384371116 0.229340725145643 0.205429402974214 0.19830962676952 0.2326965635386 0.251720469593915 0.261445609856567 0.26820589093598 0.280523115457338 0.293702283472316 0.301957121061643 0.301371100014719 0.295867214616709 0.29362443443292 0.291410168239054 0.283059121063578 0.276629952266063 0.270991398300524 0.260625995962578 0.251718016678989 0.242103221357539 0.229384170350194 0.218364983577524 0.208755177890712 0.198272142621641 0.191278518449874 0.187888777172453 0.189255923352739 0.194845807718124 0.20183862880992 0.212355326117001 0.220254705635445
-9999 -9999 -9999 -9999 -9999 -9999 -9999 -9999 -9999 -9999 -9999 -9999 -9999 -9999 -9999 -9999 -9999 0.487261779108049 0.479385168361997 0.46864437702677 0.452721599563266 0.422919387797209 0.369409332250336 0.298991208419504 0.250643392207364 0.243945316642301 0.228499718840688 0.212544050641678 0.238300333282072 0.255028476960666 0.265695600898838 0.27726995237836 0.2931821134854 0.310968805111121 0.313515273747611 0.301956354284053 0.294253662141622 0.294429774229526 0.294225217414154 0.293518245257724 0.28706175522015 0.277606828961444 0.267694868588185 0.258019600637536 0.245965111941848 0.231070637691261 0.21978481736672 0.210211419650098 0.199395945931983 0.191784038665054 0.188214439117604 0.187633702555391 0.190501394511593 0.196901211729308 0.206825579746588 0.216773655876527
-9999 -9999 -9999 -9999 -9999 -9999 -9999 -9999 -9999 -9999 -9999 -9999 -9999 -9999 -9999 -9999 -9999 -9999 0.488146627728235 0.475793646382897 0.461363265277915 0.434475562149048 0.375608612846139 0.306520494680253 0.272856659816664 0.253987282229817 0.239192591854867 0.242537161988543 0.263824284436316 0.285071023177831 0.303961637137 0.304809943598606 0.306611529960593 0.312935018281105 0.298842040916098 0.287042808147696 0.300186314789643 0.312710594038329 0.310614227402049 0.29577224822799 0.285828656960753 0.278087012288571 0.270494341985677 0.265264879857314 0.253055780570662 0.235268770346383 0.223260357912191 0.212812985097688 0.200891110834993 0.192483755105315 0.187320919777836 0.185908034344008 0.189358650867604 0.195274547015688 0.204082111971222 0.213586159655413
-9999 -9999 -9999 -9999 -9999 -9999 -9999 -9999 -9999 -9999 -9999 -9999 -9999 -9999 -9999 -9999 -9999 -9999 0.497110272330149 0.486551551316557 0.471153952672213 0.4499086173708 0.403376187340801 0.342688622750887 0.315877329667301 0.295600851398293 0.281634466222044 0.281377769717573 0.295438505698262 0.320491025162238 0.334878319031939 0.340313819771989 0.339674509400161 0.328903593929432 0.306968090398468 0.297990455057738 0.308068502647469 0.319664752061825 0.322484443750925 0.314920520405948 0.302762491189721 0.287804178410018 0.277162800350732 0.270187497327057 0.261436268046881 0.245436933280465 0.231836835027339 0.220963675422937 0.208999708871121 0.200776552903811 0.195592047132481 0.192334719189803 0.19229298311007 0.195170454547911 0.20206645506958 0.210898665755
-9999 -9999 -9999 -9999 -9999 -9999 -9999 -9999 -9999 -9999 -9999 -9999 -9999 -9999 -9999 -9999 -9999 -9999 0.525011102534734 0.516817291156265 0.496379685621115 0.458852943330194 0.424937261130839 0.372444626434002 0.330953546015719 0.332340587503505 0.334206690687604 0.328979378542028 0.324264211778459 0.346249839164479 0.362979189659026 0.360758521183999 0.34548168767193 0.333608308670465 0.322170450231696 0.315842241083512 0.318350376299629 0.321760950539687 0.325997602075601 0.325480010360826 0.321936603577595 0.30594985202274 0.287201984891513 0.276808700089028 0.267014939759323 0.254655817278421 0.244500218119706 0.234108222193368 0.21987137042909 0.209838842918357 0.202709189371115 0.19654551444551 0.1936801154496 0.194746510218318 0.20095816035807 0.205968737808813
-9999 -9999 -9999 -9999 -9999 -9999 -9999 -9999 -9999 -9999 -9999 -9999 -9999 -9999 -9999 -9999 -9999 0.526657279921314 0.531581614713419 0.530781019343926 0.513223903777822 0.473157803603524 0.450178398055685 0.41967070407312 0.366917255249723 0.366344069591872 0.366086069181828 0.34952317037142 0.344357439969451 0.366246158925055 0.37834331429939 0.362646438021528 0.346816111342251 0.335685013342214 0.323306360603203 0.318296545544639 0.321277379848734 0.327150152563597 0.33120067294322 0.328926305157708 0.325103911000909 0.313527399828032 0.297464354683015 0.287293870547911 0.276485273356478 0.261907095490711 0.250684126549035 0.240813253321959 0.228087568563162 0.216371104739677 0.207673809861287 0.20052912324617 0.196270224219749 0.196237741339429 0.201772382115359 0.212876011334919
-9999 -9999 -9999 -9999 -9999 -9999 -9999 -9999 -9999 -9999 -9999 -9999 -9999 -9999 -9999 -9999 -9999 0.520365315079137 0.530663665935141 0.537929579191859 0.530389507868449 0.509924427094406 0.460790356501708 0.415851471042273 0.386968622148165 0.370523790561682 0.386083370403083 0.391821151182247 0.383949139993199 0.384384548275205 0.363988069769104 0.34088583328786 0.332167715794834 0.323885974879616 0.316196165340499 0.31548136053442 0.32190117030638 0.330784159464588 0.333325437267327 0.330524846028443 0.328057717390767 0.325133702068321 0.315571758466521 0.306186964433847 0.299771938350563 0.286274043581427 0.270568080519424 0.253220147084546 0.237625875463844 0.22903522651142 0.220482888519715 0.210660755536319 0.204740864651944 0.20316353916831 0.207432591505211 0.21631170002199
-9999 -9999 -9999 -9999 -9999 -9999 -9999 -9999 -9999 -9999 -9999 -9999 -9999 -9999 -9999 -9999 -9999 0.533111264503632 0.543305192721767 0.566660490979265 0.563314426905311 0.555852811523858 0.531377032193325 0.467849445927258 0.403953377254025 0.378659665262902 0.394199402119308 0.41733686613961 0.401354323170494 0.393577885999996 0.36998951243716 0.343632354440117 0.33602324462291 0.327703310325563 0.321987710668041 0.324076713946053 0.331345795932054 0.34197623052891 0.344804080182341 0.341939543119825 0.340912379388585 0.337821758393824 0.329213302378431 0.316711177919432 0.30230256134427 0.290993758671841 0.279610530642729 0.264510057953423 0.251306442394551 0.241936889410739 0.233992841041009 0.224584357291261 0.217095012293848 0.213117614446538 0.215699524285439 0.222699535665294
-9999 -9999 -9999 -9999 -9999 -9999 -9999 -9999 -9999 -9999 -9999 -9999 -9999 -9999 -9999 -9999 -9999 0.571836642546251 0.580357706429558 0.592768769222239 0.578568916000156 0.522376642182631 0.46932315032011 0.450849254389444 0.41145024275672 0.406735188829802 0.43341108816531 0.444590788065489 0.444134386874601 0.415848802842003 0.379485684874236 0.364282598690093 0.356245877269568 0.342196717268411 0.335556681593022 0.340925215857064 0.346063176472135 0.349881171182142 0.348520431077685 0.342942321787712 0.338622980133038 0.335803012219607 0.331983066500128 0.32444715990467 0.311520790800152 0.300879466724342 0.296561362636486 -9999 0.264273648416545 0.251777398081399 0.243366520857706 0.234530746236415 0.228579892583416 0.225348053573062 0.225564684162046 0.227898853770115
