layers/veg_krg_sqold/veg4000.asc
NCOLS 255 
NROWS 330 
XLLCORNER -2985163.8955 
YLLCORNER -3022031.214 
CELLSIZE 25000 
NODATA_value -9999 
[rows 125 to 149 of 330, columns 168 to 223 of 255]
0.406462137773334 0.396672924108054 0.359403618025691 0.364750838421296 0.400305782777152 0.394872401288956 0.397242277407803 0.401399639189894 0.387354919297276 0.373701005709372 0.372167040825768 0.382522017481281 0.393994440129853 0.400423006006547 0.406881943366343 0.419227870859458 0.422798766449108 0.431698290687076 0.455263011248791 0.468993757891008 0.475582583022646 0.480023387668954 0.464909564927324 0.450869068230423 0.4712863713167 0.477932026259297 0.440831750126017 0.414874920230782 0.424921653938971 0.463253112571907 0.511833774836991 0.51912104784243 0.524996975316915 0.544581475728709 0.555751442885445 0.557589502535361 0.550514770815962 0.557970192596201 0.575829490894155 0.581165164945705 0.593409349207845 0.595838175231591 0.594240523850448 0.596140173861515 -9999 -9999 -9999 -9999 -9999 -9999 -9999 -9999 -9999 -9999 -9999 -9999
0.387474540153921 0.389063480566153 0.367425499309073 0.335803893010962 0.330756618252955 0.355945245139093 0.389481583592443 0.391875976568131 0.372014183149317 0.359496196530705 0.368425370993166 0.380385889590494 0.392693391961226 0.402729590214884 0.41068548700079 0.424207490097693 0.437727461354471 0.441341331310556 0.452452052600543 0.469888510581443 0.477917117889193 0.479926658237527 0.462746759020096 0.450065245589918 0.4684002923914 0.468640822397015 0.430305216127226 0.426921691239507 0.449934496418792 0.461501879311995 0.502435015350337 0.534518150617437 0.534381857658257 0.513253427351484 0.510615266878948 0.525935796732884 0.546499396919976 0.568960755805664 0.581130728226528 0.591805426214816 0.601172976371746 -9999 0.602260482495413 0.601557982732773 -9999 -9999 -9999 -9999 -9999 -9999 -9999 -9999 -9999 -9999 -9999 -9999
0.376775531445169 0.375410877895642 0.343174907826605 0.302993720287178 0.307652749613444 0.345709439623118 0.38837069508918 0.385404129427854 0.364886414992427 0.352754989944916 0.362339230778267 0.375522276304063 0.38886442917279 0.395364812410995 0.406485342623812 0.423204573902785 0.429325575722207 0.427520025935136 0.447205519151543 0.473696948463741 0.480476573825521 0.481445902803337 0.454182658176857 0.439088702323085 0.468132960168332 0.470375254136908 0.43791701480986 0.443258139616821 0.460351734636893 0.464005677781145 0.504048601841968 0.529521818826555 0.52757713846051 0.510184095046581 0.5206660774413 0.5311240805311 0.552454056123726 0.579857102281418 0.587724370870198 0.598746150160337 0.606080990811482 -9999 -9999 -9999 -9999 -9999 -9999 -9999 -9999 -9999 -9999 -9999 -9999 -9999 -9999 -9999
0.369085442067677 0.349369984004566 0.312966593426142 0.315929776004049 0.360662275695791 0.379737318296371 0.38124587976127 0.367885922920295 0.346586718513036 0.34430001437878 0.35751357323095 0.371888196631971 0.389096053098711 0.402102748181291 0.409096704482953 0.414528548798287 0.420471391547228 0.436864449941921 0.46175358369528 0.475977872591985 0.482097397488289 0.483779410093285 0.46831808357352 0.45283348379063 0.458350260170707 0.474730800159324 0.493944311026407 0.503958400948762 0.484020394699272 0.476635994170764 0.521112295957695 0.546970487446962 0.527051022741602 0.505925733041671 0.519371538356648 0.531217348397066 0.556706303805291 0.585952625452995 0.598984044070267 0.60859097544787 -9999 -9999 -9999 -9999 -9999 -9999 -9999 -9999 -9999 -9999 -9999 -9999 -9999 -9999 -9999 -9999
0.350086619650499 0.329651483200091 0.313578298101171 0.32235608134934 0.359084901911494 0.374112627016867 0.374890995024075 0.366606602815138 0.352900500778119 0.347401512393002 0.352817119049632 0.36647903632494 0.381204397135157 0.395248391180266 0.411400293058272 0.426025079223613 0.437493005508969 0.453312001834285 0.469635975537635 0.478556027833012 0.484248161773152 0.490425244378395 0.492064940272681 0.475036483099571 0.471816089380229 0.500549698526358 0.518939193989625 0.518345740750675 0.501640001272974 0.512874685419399 0.549212915694351 0.562488977414938 0.545229971126912 0.530478110153398 0.535923425474886 0.54947910370494 0.575737729278268 0.593984421071488 0.604426105593625 0.61439933985509 -9999 -9999 -9999 -9999 -9999 -9999 -9999 -9999 -9999 -9999 -9999 -9999 -9999 -9999 -9999 -9999
0.310671837931694 0.292982902287029 0.290017624912041 0.323546606090348 0.365555213231614 0.367957194754719 0.364617361932186 0.349186497009786 0.340192503648134 0.344827824657825 0.349069606551039 0.364340314130216 0.379569789633524 0.390573859064649 0.408367108819692 0.425320972418966 0.438257383303238 0.455654015474528 0.469339648491446 0.475452257397823 0.48139086883446 0.48649689831544 0.494129450737058 0.489657967744108 0.490749184173665 0.507646041380081 0.513791153406139 0.531322534508188 0.546609249507216 0.558541386627784 0.566132161978995 0.56583108221192 0.557013314375347 0.55530982156322 0.567976849652658 0.575696539344211 0.585610413338532 0.597446823502161 0.614741906231872 0.620297953315823 -9999 -9999 -9999 -9999 -9999 -9999 -9999 -9999 -9999 -9999 -9999 -9999 -9999 -9999 -9999 -9999
0.290596297242605 0.284355352565668 0.290069563734394 0.323977074386798 0.358073674118335 0.35913487944936 0.34495066160293 0.328334027464944 0.331809678116515 0.340557327878277 0.350429093069541 0.364082753118025 0.375934977208944 0.385926851014414 0.400508706437661 0.420377007793928 0.435755263448297 0.455314671371491 0.462516843987165 0.467049582895169 0.482838790194858 0.480806416586655 0.484667261306497 0.485300984980804 0.48811768626319 0.509158646207671 0.523316238182027 0.543617141579799 0.550613673305735 0.558524071286356 0.564103251788266 0.552704851735257 0.547166341923833 0.556856223122938 0.578645456623136 0.595053691382468 0.595667453717053 0.605163238434847 0.616929443159856 -9999 -9999 -9999 -9999 -9999 -9999 -9999 -9999 -9999 -9999 -9999 -9999 -9999 -9999 -9999 -9999 -9999
0.319423924837946 0.306572496363367 0.300898176492139 0.316915190172265 0.333165553188423 0.324461667704368 0.312523604696004 0.313297679154099 0.326261674946101 0.343826385827113 0.354004154670486 0.36289067133755 0.37600024423111 0.38718529198996 0.394839512548014 0.410434686747182 0.431184484936938 0.454502184958512 0.475940637701719 0.484388106031735 0.48971432005397 0.4908868148106 0.491459824484215 0.490805663833223 0.495718634059243 0.514112480030846 0.523631113115534 0.530537068387258 0.542359465381591 0.550150189010641 0.543560994378889 0.536106595051088 0.539223156157605 0.55040666522233 0.580015690096685 0.602045021535635 0.604729510411577 0.615434778034567 0.620776737809581 -9999 -9999 -9999 -9999 -9999 -9999 -9999 -9999 -9999 -9999 -9999 -9999 -9999 -9999 -9999 -9999 -9999
0.311962616500656 0.300120650925487 0.292297230293148 0.306050452722526 0.307273710001374 0.29636654158054 0.304201985499351 0.314213920801439 0.328720015213905 0.347283939671786 0.352787718890844 0.359067725091121 0.376274110325453 0.388785422664375 0.395077923326762 0.405945066262967 0.430107135154845 0.458681369002033 0.479526601753736 0.489264364926212 0.486649295291148 0.478343718304827 0.486223251155833 0.494280110620575 0.498673471829806 0.513472211771481 0.523895439778671 0.536673668268551 0.553398599529231 0.555004076180281 0.529961451795272 0.522508017497261 0.536476541272863 0.569968665517689 0.602178972340763 0.604475548013099 0.609407923817516 0.624295886264774 0.62540596918482 -9999 -9999 -9999 -9999 -9999 -9999 -9999 -9999 -9999 -9999 -9999 -9999 -9999 -9999 -9999 -9999 -9999
0.285076861667591 0.292635561080208 0.2840935675005 0.288825872078255 0.300675107731831 0.306127660942624 0.309478035152891 0.322703491923038 0.339125376339094 0.340137139507513 0.350435763249635 0.370350783036079 0.388198433819372 0.400384711860063 0.406894111994436 0.420433768589585 0.445047303168653 0.466758683481363 0.479755827049145 0.491826147459714 0.489084694398437 0.489569074917422 0.488856123803333 0.478878681198896 0.500850156992116 0.52082235096961 0.530406762071352 0.548410412346132 0.562861678848077 0.553045574900277 0.533743843680484 0.532580867559603 0.552211270508637 0.580005747871064 0.595927672515676 0.600733296755473 0.618073895063438 0.63646893079693 -9999 -9999 -9999 -9999 -9999 -9999 -9999 -9999 -9999 -9999 -9999 -9999 -9999 -9999 -9999 -9999 -9999 -9999
0.278628906897513 0.277964042958717 0.279616661472124 0.285217945359059 0.29216187634183 0.309079366541319 0.326724578081058 0.335320513730454 0.347997119693505 0.352263434807352 0.35893711816022 0.375257651794571 0.393451223921739 0.409172882948623 0.419718272040735 0.434352829008002 0.447151652532959 0.460914756338379 0.480180365750808 0.494130569738576 0.50400153524929 0.503019589161007 0.493085513871287 0.488877097018578 0.504241125796899 0.519476795819823 0.521427316014156 0.538423400665259 0.552765682089817 0.550824006030158 0.560063689078714 0.579676753705705 0.588805491723221 0.59540690303094 0.610267818807688 0.616564214574682 0.627879526901708 0.639054895068587 -9999 -9999 -9999 -9999 -9999 -9999 -9999 -9999 -9999 -9999 -9999 -9999 -9999 -9999 -9999 -9999 -9999 -9999
0.29158002588863 0.291283446494581 0.296158674376953 0.297748770008751 0.303727287864028 0.306150059780215 0.30962161544052 0.325944538177747 0.35155923490695 0.367142166459435 0.370547417916637 0.383720344884506 0.403483356960499 0.41791684734672 0.426540239638948 0.426507203461387 0.425948115379118 0.450895739883294 0.482068853081631 0.497045054144794 0.50950975277315 0.50317917743303 0.494820670417353 0.508757217694045 0.521787898092368 0.535696523363711 0.542531619730835 0.551893224560738 0.560824654686323 0.570209964056816 0.590755391438245 0.611279006903114 0.624302267749055 0.630003285388244 0.630707478612498 0.617616469885356 0.622169369223225 0.646649957467302 -9999 -9999 -9999 -9999 -9999 -9999 -9999 -9999 -9999 -9999 -9999 -9999 -9999 -9999 -9999 -9999 -9999 -9999
0.306758567325573 0.301480808954744 0.300872282356052 0.30584335054572 0.312963193103121 0.313287935982017 0.315350362232453 0.340306604034491 0.363148326120516 0.368737312067873 0.374314375214618 0.385077243917932 0.4043141190413 0.415356688486353 0.419512390545183 0.418393907822279 0.42391859109407 0.452070893133128 0.483510616972955 0.493415495750022 0.502303911928367 0.503256113628271 0.499880907474816 0.516876661366261 0.534225513721664 0.546806023176753 0.554131927815973 0.562826770201179 0.571497914089995 0.580084737188464 0.593252882064936 0.618979023891327 0.632805719877784 0.635020943389062 0.628461743151121 0.622711015279839 0.641743981992653 0.656811571239204 -9999 -9999 -9999 -9999 -9999 -9999 -9999 -9999 -9999 -9999 -9999 -9999 -9999 -9999 -9999 -9999 -9999 -9999
0.321258308890646 0.31682589097386 0.313488248729024 0.318174433495804 0.334355493177813 0.34189952095734 0.329824054292852 0.327915146144999 0.346880150161392 0.371425227329789 0.384250197711345 0.392522127459529 0.401293071811436 0.402488862014863 0.402572087579286 0.407953622546746 0.422892830091036 0.453862245097119 0.483680668454602 0.491369259359151 0.495960871060809 0.508885963701623 0.523210826227895 0.540501673744991 0.55271688817293 0.552400190906254 0.562475569004342 0.57485444193333 0.583869637642094 0.592911938810924 0.613115773755242 0.638125864103869 0.640984783414437 0.647007465751902 0.646660940426719 0.64693549112522 0.659499339261273 0.667583824824818 -9999 -9999 -9999 -9999 -9999 -9999 -9999 -9999 -9999 -9999 -9999 -9999 -9999 -9999 -9999 -9999 -9999 -9999
0.337342465045165 0.331873131122279 0.323652345856645 0.32396835634871 0.336102406810444 0.356136983863752 0.351832281306578 0.338769250669367 0.34719044113039 0.369406205407105 0.379700231102023 0.390592400618257 0.398065691876545 0.397001295421176 0.403334335402019 0.410673153882992 0.42239181277475 0.453999436386242 0.476976217917063 0.478207727619528 0.493119458422659 0.516809752636175 0.540749002393095 0.561362623415996 0.571997323710108 0.57491065349358 0.584304220835623 0.59477357852816 0.606252611799248 0.614804304140001 0.635606268805307 0.656477552563785 0.661088120037564 0.664303617727379 0.656338970585809 0.655938031442929 0.67027252197595 0.67598586207065 -9999 -9999 -9999 -9999 -9999 -9999 -9999 -9999 -9999 -9999 -9999 -9999 -9999 -9999 -9999 -9999 -9999 -9999
0.34144891482212 0.32626075704521 0.321162817393526 0.332843156580415 0.348219334769027 0.368371374027012 0.371513921289007 0.367304380256799 0.360877837059875 0.36405683332936 0.378155735538154 0.392138706072575 0.395982921622534 0.395487456817484 0.401753648600592 0.40859450462131 0.417366363972064 0.449542147109652 0.47330039278458 0.472037525721071 0.498818915855213 0.527207730687545 0.547267601401801 0.573159610286435 0.59717022051598 0.60659274310935 0.614493105891398 0.616048600325977 0.612329456231804 0.636175613632815 0.667556212853544 0.675810631980587 0.673646549847375 0.668013995152226 0.663932882958701 0.671225392596716 0.677764466331213 0.679655096773695 -9999 -9999 -9999 -9999 -9999 -9999 -9999 -9999 -9999 -9999 -9999 -9999 -9999 -9999 -9999 -9999 -9999 -9999
0.357828700284356 0.347275734217469 0.345016537314601 0.349367800412473 0.360901333055805 0.378303866677153 0.384010321373137 0.382628809820903 0.37710276651241 0.376617689303038 0.385806120053203 0.391319389241258 0.393786677984456 0.396023639639048 0.397122548957835 0.403420414037585 0.416562750996754 0.446764647483857 0.470555698083451 0.482316914017877 0.512856650228417 0.541845284897031 0.577943617278681 0.612468137027241 0.630629816713168 0.647402334973519 0.644096386478321 0.6377227516093 0.647212388693824 0.65629985708446 0.663995669522949 0.664025396930336 0.663232330456168 0.675442683873185 0.679818290122142 0.681917157459135 0.685027124948004 0.683840115808212 -9999 -9999 -9999 -9999 -9999 -9999 -9999 -9999 -9999 -9999 -9999 -9999 -9999 -9999 -9999 -9999 -9999 -9999
0.364665554244285 0.360600015607328 0.362154706269167 0.373971401562403 0.383416251665893 0.387124707640846 0.392352190796568 0.388036652016495 0.386474269284338 0.387851873864617 0.385666429499734 0.381907155597833 0.387214566262592 0.403368845171288 0.407003725076347 0.408417710205841 0.421624986409604 0.442528956013624 0.456194960451083 0.477363712162851 0.518461430188437 0.558988542931254 0.602794363636845 0.64561830307271 0.667080058188025 0.657580073733161 0.635321052615706 0.641155709624753 0.67193469254295 0.681602620830924 0.657558311531193 0.651822456211346 0.670553640141546 0.688164309434517 0.691900259049451 0.696565034591067 0.699221726555345 -9999 -9999 -9999 -9999 -9999 -9999 -9999 -9999 -9999 -9999 -9999 -9999 -9999 -9999 -9999 -9999 -9999 -9999 -9999
0.369932336579976 0.371411551316305 0.372323298826676 0.382344622384787 0.397985280589804 0.399218979928857 0.399405035879716 0.393699735246035 0.388131891679568 0.384275276199282 0.378299861715071 0.378675640083387 0.385841658139719 0.399411937513307 0.411542063350326 0.419879127559741 0.436173172649123 0.456460241500653 0.47193684086334 0.499529486865424 0.544220410364404 0.585048099582758 0.620461904781865 0.651227917027217 0.665742453019476 0.649264110521116 0.645749366352069 0.660095127486167 0.673855640558275 0.679801492303778 0.66521046503202 0.666590276027828 0.680739233415941 0.694939441282089 0.700644956464816 0.702439332416604 0.705783066990581 -9999 -9999 -9999 -9999 -9999 -9999 -9999 -9999 -9999 -9999 -9999 -9999 -9999 -9999 -9999 -9999 -9999 -9999 -9999
0.38825489344663 0.381661285720073 0.382308280738731 0.395251910131671 0.412906161443465 0.414431045741147 0.409387994416489 0.400720397666922 0.390847579169918 0.37906126672022 0.366372284697953 0.371686871332172 0.394564999807847 0.402118286802645 0.393643388558466 0.409040998953943 0.436250334386242 0.452214441892884 0.492741204433255 0.527909922663867 0.556073025751468 0.593787502187641 0.619851610967467 0.639179340757595 0.652907729191023 0.653934230537504 0.664003326377135 0.680832422765801 0.706703062990411 0.72184794459051 0.701638356500027 0.682679820422219 0.697073433491662 0.712361135440899 0.707027328947891 0.708502854834987 0.715753358531102 -9999 -9999 -9999 -9999 -9999 -9999 -9999 -9999 -9999 -9999 -9999 -9999 -9999 -9999 -9999 -9999 -9999 -9999 -9999
0.412656958779685 0.404775588993434 0.402804329857271 0.416563517639758 0.425212928789221 0.42156827210881 0.414253561402318 0.397464783420309 0.384043869231688 0.373924682523744 0.367839957723992 0.377557537576779 0.391643016574772 0.394761765854146 0.38092187071794 0.400765710598015 0.433750400761556 0.458131722278581 0.500527882117797 0.530268033808454 0.573654738284857 0.609613521896479 0.615456016793501 0.634140940531308 0.66448346973686 0.670651809722216 0.707647385134608 0.733544951792569 0.733448751419121 0.734745563862601 0.733252773068839 0.730348336483011 0.727099985416437 0.72613092873516 0.723563402271361 0.722576105771004 0.721226236391131 -9999 -9999 -9999 -9999 -9999 -9999 -9999 -9999 -9999 -9999 -9999 -9999 -9999 -9999 -9999 -9999 -9999 -9999 -9999
0.419543224920521 0.423073618850074 0.417052250789527 0.41929781801587 0.426491404637625 0.418553619607559 0.408764741548614 0.399464714505588 0.385913657416804 0.378669653256462 0.38156968959551 0.386816199401473 0.380714988081925 0.394135794224629 0.393388843465766 0.404058231856326 0.420219491519732 0.43266802544439 0.502447706963526 0.546459422949702 0.571687540378183 0.604202949894775 0.632126124575859 0.654184978332649 0.687404650115319 0.714068048587556 0.73328954577042 0.74861372295955 0.749589915926625 0.747313085332134 0.743366555966628 0.740964586374327 0.739529004717436 0.735321656801816 0.732062919978716 0.732039298955942 -9999 -9999 -9999 -9999 -9999 -9999 -9999 -9999 -9999 -9999 -9999 -9999 -9999 -9999 -9999 -9999 -9999 -9999 -9999 -9999
0.440693921826596 0.439507128176551 0.432401330202323 0.426614991130871 0.425684332140309 0.420725959978588 0.413888400224969 0.405318707937378 0.394980056320915 0.394410508903987 0.397826114210426 0.392645682299952 0.384705844950793 0.403150442390164 0.412293754123183 0.411632524449165 0.410081877025516 0.441982521414258 0.512721896405759 0.548968093448292 0.577478704204298 0.627675442158594 0.671478021744288 0.696403185827237 0.716056503179829 0.736504809924132 0.748823793355842 0.757483096673067 0.761489473554781 0.758697766530618 0.75509547745995 0.750889859888335 0.749616663715457 0.744921223986457 0.739745464784998 0.739438538304301 -9999 -9999 -9999 -9999 -9999 -9999 -9999 -9999 -9999 -9999 -9999 -9999 -9999 -9999 -9999 -9999 -9999 -9999 -9999 -9999
0.436077081590326 0.440128742909534 0.436234906443869 0.421950219958778 0.417667411043012 0.422948651178332 0.41195434124892 0.405926973954592 0.408833522875831 0.417185556374501 0.416154545195568 0.398452134222649 0.397660196125919 0.412358091801529 0.425813743752302 0.421322527983006 0.40254010586781 0.426418587575059 0.496470983677439 0.570716098081812 0.612515631652925 0.666317669557124 0.71189397454875 0.733346562078478 0.745852353668029 0.746213392046225 0.753945701753148 0.764116718160875 0.768237171864352 0.766656488149731 0.765769725760906 0.765063958340045 0.761909730342571 0.753871113588404 0.747951036382152 0.745571035818327 -9999 -9999 -9999 -9999 -9999 -9999 -9999 -9999 -9999 -9999 -9999 -9999 -9999 -9999 -9999 -9999 -9999 -9999 -9999 -9999
0.434400557137835 0.438893343478052 0.440437747002351 0.425229198547699 0.420699233517391 0.433255344528388 0.425016007341675 0.419203932870476 0.417972208366113 0.422120707688125 0.425238796368914 0.410285456266174 0.405307318447202 0.418437552163693 0.432217617068226 0.425363782014924 0.413220366083293 0.453485929348875 0.523874606857363 0.584556658495133 0.62026079113296 0.67315857154188 0.702675879839488 0.719821548035487 0.753236503162999 0.757515694604222 0.764536673228673 0.773944091470015 0.774313635181854 0.771417491212627 0.770353356631157 0.769304305439009 0.764423250784523 0.761404808942664 -9999 -9999 -9999 -9999 -9999 -9999 -9999 -9999 -9999 -9999 -9999 -9999 -9999 -9999 -9999 -9999 -9999 -9999 -9999 -9999 -9999 -9999
