layers/veg_krg_sqold/veg4200.asc
NCOLS 255 
NROWS 330 
XLLCORNER -2985163.8955 
YLLCORNER -3022031.214 
CELLSIZE 25000 
NODATA_value -9999 
[rows 125 to 149 of 330, columns 168 to 223 of 255]
0.406809506810692 0.398532646501045 0.36603347416506 0.37115016698943 0.402810184726645 0.398324439566518 0.400742957056581 0.404644260139157 0.392433252215514 0.380530917082008 0.37922222712602 0.388301585612833 0.398280265527615 0.403773239042203 0.409227030886718 0.419755469018553 0.422560985997299 0.430025360851707 0.450290636358166 0.461943425638918 0.467300388390289 0.470655861405074 0.456866165251882 0.444045764641026 0.461494769954795 0.466908665789699 0.43382678508552 0.410503445838894 0.418995620152084 0.452459008601601 0.494922694022432 0.501092895770964 0.50607351615324 0.52312811296177 0.532833814691134 0.534364888244116 0.528060167838961 0.534595638507964 0.550326202807625 0.555046944158593 0.565913242112197 0.568118985762315 0.56675824862226 0.568411240157624 -9999 -9999 -9999 -9999 -9999 -9999 -9999 -9999 -9999 -9999 -9999 -9999
0.389625840674745 0.391338934266345 0.372600880623948 0.345160045801363 0.341077013043821 0.363606885448086 0.393531013013742 0.395915758075811 0.378601151623517 0.367708010617227 0.375608369015101 0.386073753147952 0.396736650348225 0.405351558591833 0.412056988122071 0.423530690710183 0.435018634195844 0.437743599705601 0.44693564209602 0.461768445995525 0.468317097266437 0.469443505284748 0.453766581100931 0.442089495406053 0.457649323584487 0.457384169010078 0.423192756225889 0.419742783259375 0.439657418333961 0.449555283831738 0.485308732520953 0.513355162473967 0.513079389436142 0.494323457054889 0.491917729028301 0.505382684257412 0.523498369649205 0.543316297408225 0.5540845950999 0.563567182381618 0.571708350744514 -9999 0.573294971294077 0.572854422530555 -9999 -9999 -9999 -9999 -9999 -9999 -9999 -9999 -9999 -9999 -9999 -9999
0.379565667650264 0.378625593457506 0.350537995763577 0.315577369361204 0.320090757743319 0.354021802400129 0.392067451353264 0.389793248918887 0.371943581469853 0.361420916884934 0.369903731986855 0.381426772324418 0.392957488470449 0.398405440502388 0.407833542743852 0.422033731989412 0.426920314478172 0.42478629844868 0.441428024310706 0.464150471859466 0.469518940207058 0.469637899437397 0.445007597812838 0.431148662016751 0.45608553281192 0.457545725850144 0.428509705164275 0.432731880187306 0.447431173528307 0.450370556749864 0.485367300223409 0.507622991307451 0.505795272155007 0.490388040991582 0.499595343214765 0.508834150998865 0.527698575983451 0.551934202028622 0.558963054593007 0.568811923077109 0.575370761021211 -9999 -9999 -9999 -9999 -9999 -9999 -9999 -9999 -9999 -9999 -9999 -9999 -9999 -9999 -9999
0.372139061384371 0.35497219782295 0.323198586896286 0.326274594284841 0.366148756983808 0.383436584724507 0.385327231373354 0.373973098581996 0.355487932028973 0.353680265923035 0.365376727425728 0.37794262498425 0.392852704641375 0.40399727568046 0.409742902918415 0.413932722799928 0.418600250178224 0.432434672331734 0.453581027443852 0.465429315335561 0.470154650517375 0.470830979731644 0.456543339002209 0.442296194149696 0.446461065815146 0.46034681387325 0.476814606471006 0.48514231951605 0.467216927713983 0.460441651322596 0.499365072661595 0.521984715158468 0.504353240594114 0.485702393679317 0.497562538333265 0.508068103469619 0.530652814991142 0.556561429218966 0.56816446420576 0.576439184869321 -9999 -9999 -9999 -9999 -9999 -9999 -9999 -9999 -9999 -9999 -9999 -9999 -9999 -9999 -9999 -9999
0.354153084686534 0.33621534255961 0.322318294118515 0.330582295434594 0.363538335286552 0.377437601814774 0.378900109462992 0.372177812585424 0.360491306771064 0.355942660913264 0.360808861536892 0.372745292015206 0.385436414982309 0.397446215983648 0.41119165664047 0.423382530201694 0.432825362149277 0.446058186068125 0.459539118276322 0.466613181597075 0.470868581233166 0.475397744578204 0.476092507908468 0.4604178545598 0.456816672952794 0.481539257718717 0.49725388226847 0.496219201707682 0.481139927318796 0.490782464201087 0.522568369282765 0.534141245497523 0.518901638812477 0.505933202210593 0.510808692090229 0.522887647999035 0.546235881478772 0.562528510082419 0.571781735201547 0.580378495429724 -9999 -9999 -9999 -9999 -9999 -9999 -9999 -9999 -9999 -9999 -9999 -9999 -9999 -9999 -9999 -9999
0.317865070406775 0.302135612371757 0.299731305755554 0.32990407208927 0.367718211218179 0.370754303471428 0.368888808774329 0.356083915946926 0.348687663485556 0.353178995548117 0.357062384889461 0.370420180401107 0.383527519215204 0.39281249626377 0.407936447342565 0.422081552646398 0.432725514812522 0.447251436889322 0.458286838057866 0.462784736659074 0.467162083002562 0.470638141591579 0.476527281733061 0.471845744241935 0.471972136267077 0.486219541316075 0.491119082195101 0.506033943872939 0.519137761125711 0.529410176454379 0.535903377328115 0.535554218861536 0.527800785846789 0.526397342791251 0.537700450775486 0.544706947040365 0.55374354138807 0.564465050198519 0.579988204289083 0.585064388267804 -9999 -9999 -9999 -9999 -9999 -9999 -9999 -9999 -9999 -9999 -9999 -9999 -9999 -9999 -9999 -9999
0.298756499324635 0.29285400333209 0.298020928777048 0.328659096183495 0.359757373854324 0.361897588223029 0.350779908017693 0.337128368808779 0.340836897799776 0.349043415935408 0.357927662595163 0.369864019724312 0.379974704328912 0.388332475874038 0.400576443937691 0.417215816190732 0.429941640098929 0.446300478101196 0.451533306052424 0.454562194249085 0.467546034769963 0.464650717174874 0.467152654391992 0.466916114560987 0.468508747682586 0.486370988503745 0.498307961819712 0.515649169692253 0.521448700078217 0.528190210095314 0.532937013395763 0.52284173576442 0.518015649506332 0.526703252444646 0.546093164761406 0.560806867471394 0.561717336766514 0.570434900920526 0.58074436665409 -9999 -9999 -9999 -9999 -9999 -9999 -9999 -9999 -9999 -9999 -9999 -9999 -9999 -9999 -9999 -9999 -9999
0.321805164342876 0.30947088276042 0.304395567696195 0.319606853841447 0.335587721270207 0.329689141187129 0.321077436624879 0.323060154709472 0.335299270492315 0.351398035221517 0.36060185299971 0.368334891221635 0.379513940308122 0.388865732827322 0.394928982552968 0.407693853866595 0.425048882758474 0.444611889053548 0.462252929945339 0.468617109791776 0.472277839916173 0.472083947400828 0.471593999105479 0.470144744593956 0.473503876632144 0.488980347317276 0.496798733493821 0.502319468712801 0.512369718892242 0.519024788213951 0.513091384365716 0.506517301846348 0.509374887640325 0.519460403563027 0.54581600578625 0.565561817143687 0.56839784857454 0.578268459810634 0.582952306066123 -9999 -9999 -9999 -9999 -9999 -9999 -9999 -9999 -9999 -9999 -9999 -9999 -9999 -9999 -9999 -9999 -9999
0.312927287323064 0.300564860887011 0.293189613778875 0.306977248693583 0.310656368796423 0.303462770981323 0.312786241742767 0.323179610090311 0.33690928718392 0.353973773683797 0.359084613040383 0.364501714185898 0.379236724143532 0.389691926881414 0.394474135899384 0.402961821046526 0.423220138229235 0.447308901790911 0.464296550982133 0.471686584949912 0.468248067861776 0.459584540837587 0.465437443901363 0.471584895601406 0.474406327482127 0.486661910617447 0.495245472529055 0.505919936569422 0.520288997254293 0.521515019487459 0.499366091411046 0.492841198041411 0.505319747182108 0.535143020146007 0.563868926724177 0.566312492162147 0.571232016174395 0.584909909560476 0.586165629839882 -9999 -9999 -9999 -9999 -9999 -9999 -9999 -9999 -9999 -9999 -9999 -9999 -9999 -9999 -9999 -9999 -9999
0.288161344825425 0.292205733530505 0.283755299270342 0.290102935266006 0.303905741252989 0.311434594419831 0.317011487229179 0.33032901159628 0.345779962613966 0.347390038646947 0.35671112793782 0.374106525161567 0.389350762948623 0.399462419623554 0.404371349429251 0.415128940485722 0.435709789343127 0.453677737385588 0.463659352055311 0.473026644822369 0.469404358968522 0.468400009777699 0.466616177271814 0.456819928547233 0.475068919739926 0.49184265418158 0.499663668894624 0.514927073885092 0.527293152741854 0.518472475943895 0.501412982936186 0.500466889453649 0.517979807308934 0.54284802459064 0.557284109095193 0.562000025318924 0.57792870757744 0.594271204841185 -9999 -9999 -9999 -9999 -9999 -9999 -9999 -9999 -9999 -9999 -9999 -9999 -9999 -9999 -9999 -9999 -9999 -9999
0.282620513375058 0.279823502465926 0.280609965205932 0.287480268461507 0.296573237868869 0.314030645132406 0.332075879912287 0.34124133993214 0.353332923968688 0.357733661864374 0.363789388006146 0.377937643045707 0.393378491051493 0.406506171328071 0.414870368329796 0.426467737582473 0.436533809771646 0.44739800195381 0.462779256390639 0.473699994387739 0.481092729774077 0.478682953550142 0.468684048543027 0.46389179757455 0.476236562144743 0.488780017123353 0.489840587384694 0.504194076575904 0.516463571477663 0.514602631915093 0.52273470214398 0.540147134045399 0.548477817181813 0.554771877361449 0.568362591118989 0.574484046901189 0.585220113067785 0.595268082283835 -9999 -9999 -9999 -9999 -9999 -9999 -9999 -9999 -9999 -9999 -9999 -9999 -9999 -9999 -9999 -9999 -9999 -9999
0.29542008811078 0.294025968728233 0.298247064993824 0.300925604046023 0.308094105965196 0.312190068934953 0.317298645411916 0.333023698342559 0.356356778327909 0.370568171703629 0.373622756486855 0.384885986760701 0.401573722238828 0.413452864248096 0.420018859412588 0.418572566617972 0.416773389790376 0.437404346918433 0.46317471602912 0.474915978225986 0.484514687913436 0.477297045930162 0.468606303415888 0.479727419368522 0.489937390635609 0.501255016895467 0.50658223930829 0.514185215270299 0.521685124899152 0.529823872800961 0.547961913374524 0.566231187795844 0.578062064276797 0.583659152410229 0.584867382658289 0.574000902890802 0.578894222388115 0.600808653769757 -9999 -9999 -9999 -9999 -9999 -9999 -9999 -9999 -9999 -9999 -9999 -9999 -9999 -9999 -9999 -9999 -9999 -9999
0.310005859615559 0.304757563003152 0.304358591044082 0.309760928294057 0.317450234778088 0.319266727616661 0.322738269074693 0.345824722039207 0.366550391547691 0.371790584644462 0.376633884772817 0.385665332466243 0.401764669900164 0.410558266397672 0.413107040462353 0.410619649197006 0.414120562387628 0.437530420178699 0.463488794572131 0.470725344576047 0.47713647173689 0.476285709750497 0.471939912728811 0.485709983996809 0.499669054882294 0.50977412664348 0.515503501160305 0.522495910932078 0.529760300750531 0.537207753628387 0.548877387370864 0.571768415366403 0.584357053095708 0.586953247004941 0.581827705910938 0.577494824886609 0.595228239451999 0.608827790096806 -9999 -9999 -9999 -9999 -9999 -9999 -9999 -9999 -9999 -9999 -9999 -9999 -9999 -9999 -9999 -9999 -9999 -9999
0.324279050684337 0.320267439585214 0.317642314952035 0.322603868583232 0.337859611023178 0.345570060892934 0.336088326181414 0.335158725196658 0.352205293431473 0.373862071747436 0.384870884392256 0.391513285365276 0.398171545218837 0.398123008949642 0.396959690867526 0.400087176760512 0.411821762534277 0.437690152666515 0.462209969964407 0.467490769732975 0.470105963871679 0.479774612671351 0.490982575833678 0.504957108331549 0.51431662523883 0.512993166783051 0.521091129391501 0.531282171627769 0.538829830985614 0.546687816031015 0.564592406881342 0.586903395465899 0.589898991798486 0.595948032814708 0.59638804358272 0.597458623245582 0.609611718914662 0.617136743776946 -9999 -9999 -9999 -9999 -9999 -9999 -9999 -9999 -9999 -9999 -9999 -9999 -9999 -9999 -9999 -9999 -9999 -9999
0.339560955890059 0.33494573318208 0.328133058053074 0.329156686101055 0.340611915982037 0.359010951954348 0.355990406912588 0.344930167252281 0.352424337803839 0.371722895637786 0.380249697770021 0.388966678361081 0.394214955182849 0.391977755015221 0.396189881129961 0.400950298159127 0.409827881529464 0.436296682490895 0.454863885223532 0.454525956814665 0.466283817327865 0.48546836052818 0.505143016198026 0.522004059105969 0.52989613848665 0.531342877591769 0.538770672606971 0.547211505629292 0.556892868761713 0.564314367281968 0.5827689452134 0.601475099822102 0.606075961217798 0.609742770841405 0.603557680725068 0.604122882097854 0.61794777679899 0.623525820328777 -9999 -9999 -9999 -9999 -9999 -9999 -9999 -9999 -9999 -9999 -9999 -9999 -9999 -9999 -9999 -9999 -9999 -9999
0.343717799848253 0.330689234360286 0.326690460049073 0.337707204890015 0.351928497498884 0.370282563747945 0.373614750226799 0.370166175895768 0.364388875280532 0.366671802814857 0.378332374513141 0.389555474756526 0.391353267502057 0.389431139756283 0.393476377575529 0.397752194104551 0.404068097270791 0.431140559251193 0.45055324625485 0.448155262675496 0.470478151826817 0.493893580326283 0.510187161402354 0.531680615636621 0.551296239669274 0.558405039027184 0.564442584408835 0.564951510145333 0.561194439445442 0.582070322123682 0.609845342567695 0.61745606562727 0.616126463463543 0.612056901322151 0.609350232621187 0.616753486382602 0.623798528674253 0.626074950253722 -9999 -9999 -9999 -9999 -9999 -9999 -9999 -9999 -9999 -9999 -9999 -9999 -9999 -9999 -9999 -9999 -9999 -9999
0.358653242129443 0.349874268652287 0.348461785079584 0.353035458340988 0.363805445778774 0.379591689022223 0.384948165547467 0.383751674673522 0.378487682954778 0.377151150158581 0.384110464322026 0.387470365784754 0.387567600617999 0.387689037728852 0.386989509978467 0.390756302473254 0.401071120702742 0.426705277972413 0.446573752334049 0.456011819326164 0.481933263653564 0.506134190973068 0.536678865428478 0.565765812301825 0.580117098464273 0.59355103103869 0.589553563280264 0.582900740552515 0.590664656770697 0.598479170632219 0.605360959992147 0.605735641071498 0.605655099797216 0.617375288858135 0.622190773889413 0.625096483679697 0.629372316792929 0.629295787967449 -9999 -9999 -9999 -9999 -9999 -9999 -9999 -9999 -9999 -9999 -9999 -9999 -9999 -9999 -9999 -9999 -9999 -9999
0.364976308237008 0.362053606449247 0.364092218079663 0.375293341760603 0.384207360208772 0.387836866347026 0.39258944701042 0.38859578989081 0.386540237730233 0.386416570638313 0.382917386313856 0.377600060857341 0.379548680024643 0.391426322734416 0.392703616352584 0.392180585781959 0.402842406467066 0.420793824741541 0.432428485857043 0.450719153924963 0.486389648052268 0.521166777605077 0.558707591408818 0.595103588664046 0.612202383016651 0.602267515249148 0.581331727876324 0.585174118634348 0.611521706695787 0.619751252506168 0.598609005003271 0.593891340077372 0.611035078955906 0.627564434396728 0.631873419418897 0.63710396552137 0.640132175345812 -9999 -9999 -9999 -9999 -9999 -9999 -9999 -9999 -9999 -9999 -9999 -9999 -9999 -9999 -9999 -9999 -9999 -9999 -9999
0.3697478191449 0.371813514365995 0.373369605390312 0.383060577695147 0.39745699115473 0.398870012480847 0.399075777144199 0.393713711647854 0.387914053735246 0.382832931710214 0.375618203709358 0.37346259396511 0.376378314018211 0.385413751377831 0.393871281371297 0.399497071304898 0.4132773356231 0.431306912266341 0.445316582807144 0.4698806678796 0.509205132000907 0.544713101264392 0.57510595665598 0.600875118637164 0.611653687370824 0.595299830428402 0.590601606996781 0.601657130162897 0.612828810048615 0.617674514479677 0.604784633605154 0.606306277387064 0.619415461862962 0.632961206805294 0.639033675680331 0.641748839151455 0.645277049960417 -9999 -9999 -9999 -9999 -9999 -9999 -9999 -9999 -9999 -9999 -9999 -9999 -9999 -9999 -9999 -9999 -9999 -9999 -9999
0.386054192456819 0.381180904343186 0.382667100651926 0.39509837747996 0.411356513116192 0.413009524326093 0.408480246488217 0.40030606651483 0.390395524944976 0.377805670907193 0.364087935144848 0.365459118231869 0.380937828750844 0.383442689251715 0.372981075172991 0.384960667165603 0.409369835174157 0.424950290549228 0.462564954945082 0.494947923812845 0.520647541561754 0.554373085798828 0.577074802561337 0.59273957209406 0.602319345214084 0.600746517620368 0.607430769898071 0.620110135556589 0.641605913533376 0.654361730708921 0.636375203713898 0.619911517464752 0.633218636267077 0.647728507814953 0.644096869185705 0.646349952656199 0.653220389928378 -9999 -9999 -9999 -9999 -9999 -9999 -9999 -9999 -9999 -9999 -9999 -9999 -9999 -9999 -9999 -9999 -9999 -9999 -9999
0.407746385984816 0.401946890774301 0.401348161420127 0.41474697960696 0.423226070639737 0.420344203018148 0.413701205519172 0.39817115999705 0.384826360493669 0.373215347382623 0.364768537552246 0.369195087450763 0.375472982209021 0.372384365496871 0.355839432578389 0.371929556899238 0.403147174460712 0.427956757647458 0.468984796469286 0.497826542354011 0.538036824094066 0.57150624704151 0.577237414150001 0.59227297582399 0.615611160000128 0.617563312615431 0.647188148258712 0.667169320968319 0.665394102627747 0.665732821025438 0.664065198599673 0.661657646282851 0.659385210115247 0.659554176879137 0.658359075697148 0.658453103416087 0.657813833054023 -9999 -9999 -9999 -9999 -9999 -9999 -9999 -9999 -9999 -9999 -9999 -9999 -9999 -9999 -9999 -9999 -9999 -9999 -9999
0.414014655403739 0.418462357329693 0.414528963197819 0.418072032302078 0.425462736445672 0.418840832226894 0.409923711178508 0.400820028918824 0.387142077431376 0.377771058674749 0.376955393736244 0.377039085684605 0.364739698929497 0.369547226543951 0.363107546697784 0.371257035114172 0.389430003447496 0.404974736491978 0.471158695905066 0.513300203199846 0.538304937791623 0.569940621817181 0.596184462133638 0.614135784624658 0.638812094181119 0.657708381348965 0.671017433669066 0.681165123463596 0.680052032313908 0.677085542281818 0.673126171784192 0.671086988234272 0.670369331927918 0.667651168450496 0.665828723744143 0.666347662345054 -9999 -9999 -9999 -9999 -9999 -9999 -9999 -9999 -9999 -9999 -9999 -9999 -9999 -9999 -9999 -9999 -9999 -9999 -9999 -9999
0.433025305064367 0.433654203929148 0.429229178954538 0.426331870793188 0.42702851176275 0.423121872634567 0.416574769677999 0.407767461166959 0.396596621428396 0.39280360938208 0.392275007644718 0.38312542101099 0.369262387781655 0.378651462688769 0.381052737933316 0.379355146726525 0.382066610209592 0.414875243832357 0.482209762093422 0.517903888639585 0.546474166624605 0.595102768106575 0.6372816064041 0.657743422241813 0.66810127427738 0.679942120866235 0.686478079828523 0.690219198722361 0.691469775922503 0.687858513773161 0.684025824203238 0.680283089947967 0.679629429172725 0.67640509399116 0.672842848831609 0.673144803927089 -9999 -9999 -9999 -9999 -9999 -9999 -9999 -9999 -9999 -9999 -9999 -9999 -9999 -9999 -9999 -9999 -9999 -9999 -9999 -9999
0.429375861826262 0.434978868801957 0.433965250884451 0.424518394453761 0.42302827991311 0.428238267372979 0.417565095729259 0.410464339521392 0.410621824381593 0.414514118737849 0.410141615005188 0.39040448922597 0.383949448673876 0.391772540746961 0.400141751429733 0.395185283905736 0.380574639680261 0.405005746603862 0.470945423314139 0.539794633780274 0.579857681239585 0.631226978846516 0.674131580245789 0.691169095525793 0.695696990539481 0.690049928750661 0.692477081554619 0.69739769313444 0.69860100849482 0.69591883063233 0.694324175784077 0.693547829382923 0.691142330750077 0.684849080635443 0.680531536161968 0.678892728665626 -9999 -9999 -9999 -9999 -9999 -9999 -9999 -9999 -9999 -9999 -9999 -9999 -9999 -9999 -9999 -9999 -9999 -9999 -9999 -9999
0.42818019169747 0.43439953516208 0.438617460755544 0.429315987733371 0.42863219703333 0.44029498029337 0.431273542330479 0.423783128367998 0.42006606697466 0.420233814446551 0.419702356714086 0.402870233416576 0.393683734482475 0.401257146146304 0.410832846977401 0.403876352203128 0.394319777710905 0.43232276773929 0.497802920214568 0.554208128301459 0.588262618286374 0.637497418813284 0.664588982705483 0.677618773115295 0.701945053013636 0.700701365991887 0.702801286993584 0.707161351451123 0.705045181084997 0.701132736432176 0.699278055128464 0.698108083016286 0.694089078773983 0.691915386262739 -9999 -9999 -9999 -9999 -9999 -9999 -9999 -9999 -9999 -9999 -9999 -9999 -9999 -9999 -9999 -9999 -9999 -9999 -9999 -9999 -9999 -9999
