layers/veg_krg_sqold/veg4800.asc
NCOLS 255 
NROWS 330 
XLLCORNER -2985163.8955 
YLLCORNER -3022031.214 
CELLSIZE 25000 
NODATA_value -9999 
[rows 175 to 199 of 330, columns 112 to 167 of 255]
0.51238370940861 0.510914787321636 0.509180768437081 0.507230734783882 0.504959985981583 0.50308413991961 0.501243998493273 0.498620116956436 0.496250570941791 0.49420951312131 0.491634487790402 0.488628295015194 0.485972265679665 0.483142953867055 0.47967132842531 0.476679322607032 0.473785148982674 0.470130096327798 0.466842336320598 0.461871622520148 0.450310698826363 0.437606051548237 0.43112822460283 0.427468681365502 0.424041299541394 0.418170443885863 0.412225082780315 0.410254181877579 0.410492878493359 0.407939111879638 0.396644635089961 0.382696804592835 0.375729514921139 0.37757720678369 0.377365430383616 0.365467183064428 0.352717464788447 0.342595193506487 0.330764138234857 0.335106199067734 0.342930680844562 0.336000038891796 0.332472351139128 0.331430831061135 0.327939766725127 0.322321678244184 0.331569563308721 0.357368664883882 0.388074826263129 0.408444387614016 0.428649314114003 0.45724544989841 0.497136253687075 0.544438184275025 0.571283169681891 0.569181893286321
0.511931971008416 0.51076992017039 0.509175914657613 0.50721434472725 0.504843014859314 0.502827651867399 0.500908056085146 0.498288129576757 0.496014412934205 0.494034890114462 0.491396223871539 0.488288677115542 0.485662043390631 0.482947945668235 0.479534783085937 0.476801266268786 0.474055784064642 0.469545541721859 0.466199895745497 0.463228036011823 0.45541369182304 0.443800741670147 0.43104426287696 0.425800195721787 0.427446025647211 0.425494358420395 0.419372306096857 0.416349120129256 0.419301133399313 0.413019544114818 0.396926355342889 0.379451270847577 0.36823112777127 0.36689737070043 0.373363009955776 0.376634014009475 0.364687915480849 0.344577920407924 0.325580305375788 0.32632625292733 0.345742630531033 0.342914545148942 0.326348872272359 0.333431161922677 0.330750531680186 0.329659457121878 0.348944751503106 0.390196686030981 0.425957719524864 0.450012552780353 0.484433779864782 0.487671351674963 0.511742644558306 0.561891856269579 0.580464770622961 0.589278748910695
0.511549216988433 0.510426540624294 0.5089206594785 0.506990677639818 0.504559011349568 0.502544541453093 0.500491010327264 0.497835182988296 0.495514878244676 0.493306345353703 0.490740692634773 0.487668516178273 0.484967629525046 0.482307214707021 0.479188751777761 0.476518685251667 0.472943035551242 0.466352057569546 0.462429969670763 0.461831878061977 0.45619820531645 0.446921874008065 0.435491454045594 0.429000725017762 0.430861780767961 0.430754036940888 0.426373458137638 0.423528615553202 0.424705198749591 0.416200201673844 0.399217295152638 0.384622023989303 0.374542224085257 0.369886179502208 0.374783870545739 0.380352477800407 0.371949938485635 0.358226168863163 0.338517625342524 0.32668663493321 0.340404984561111 0.34607645073411 0.337759126435324 0.337957056600577 0.336981764883429 0.336414480074018 0.357694807570416 0.400732084384024 0.426433257898584 0.440075977266049 0.46618462245456 0.479373986991802 0.514905213715197 0.559699591841029 0.580415530759689 0.589336378600362
0.510604834159706 0.509594974296677 0.508178682475505 0.506354346538028 0.504075375925152 0.501922234886428 0.499719085999547 0.496996479310011 0.494550302591252 0.492312977619647 0.489615079395432 0.486547354285797 0.483838387193193 0.48127666294697 0.478210866015834 0.475606868967358 0.470968660843649 0.463993813408798 0.455663598301873 0.452526870300296 0.453424070295463 0.447064572998031 0.436653612701415 0.428658018254096 0.430930510548719 0.43326360549807 0.4323253848154 0.431859155929519 0.431328978736315 0.425125709558808 0.41586541886419 0.411626611096055 0.401481615140707 0.392867971400994 0.389506736141908 0.373770923180585 0.366173177195616 0.358446398095047 0.338940350695722 0.324247094744782 0.327887410777889 0.342419999299527 0.349900742521644 0.35156234874629 0.357253197065548 0.359924553248248 0.377209313817089 0.400808656354739 0.40168101483869 0.413981905867861 0.454958904190387 0.484211124227413 0.515655799254149 0.567155921384779 0.582194376583461 -9999
0.509580918738981 0.508476656318107 0.507110726531171 0.505434520429159 0.503247642824188 0.501062396412178 0.498923008099284 0.495982983629279 0.493088996453096 0.490943518057845 0.488474689055082 0.485175531745388 0.482412072348913 0.479919254753781 0.476751836357945 0.474309461926771 0.470700756014463 0.464220687630578 0.453747848024327 0.448751018178794 0.451183842661072 0.445450793925154 0.435786926924075 0.431880385626468 0.435183223908106 0.437323088760651 0.436929741443727 0.436374486867778 0.436326929513776 0.435464858789897 0.436175776656522 0.433136646412317 0.42480308765551 0.418754552063752 0.40937097513427 0.390905648683053 0.380280574218795 0.374549642049877 0.360947255330619 0.346064717183493 0.33858182202508 0.348939347571743 0.362296782689118 0.364191907227812 0.366990091173857 0.371603447488381 0.376799055617376 0.385567053022068 0.404362304175561 0.438341776408662 0.502334979457162 0.5574235644992 0.570424946360389 0.570274579400573 -9999 -9999
0.508875992414301 0.507671956629602 0.506209454810519 0.504602871537953 0.502727294597752 0.500695304538564 0.498277132881437 0.495307826432561 0.492688723388493 0.490401033161258 0.487547638284988 0.484165150801439 0.481259107459911 0.4784994918463 0.475208613762392 0.472636344363588 0.469593122497257 0.462619759491659 0.455956964169647 0.453014999781153 0.448967046419744 0.4372224161527 0.429195869406163 0.43222408367071 0.431969302169986 0.432042897889277 0.432401509571793 0.437209727794281 0.437914594025373 0.433361533858891 0.433854241258005 0.431354942016051 0.422899782129527 0.421495000953549 0.420766714991092 0.411368236480764 0.404887198117478 0.389668492534175 0.360927721344683 0.341371385359931 0.332875356692555 0.345817553306919 0.367085717405483 0.369477558315527 0.372913205254481 0.38266141088869 0.390231681381014 0.401109766576409 0.415141088113648 0.468943474764524 0.542527237696066 0.564848235709711 0.570549679612775 -9999 -9999 -9999
0.507890639777316 0.50657611022078 0.505050853926967 0.503283222460046 0.501386626465776 0.499406883067114 0.496815870233493 0.493463901281469 0.490589927998908 0.488340547006967 0.485348156245393 0.481948747218336 0.479043716165629 0.476102027352128 0.472611838080345 0.46963659389015 0.46641105565814 0.45800683325324 0.450925307630968 0.448117480879986 0.444861323595894 0.439211481224964 0.43295259663146 0.429351042106714 0.424097788711538 0.427989061266036 0.433123570603333 0.438106828322976 0.437117020972326 0.428879829530138 0.424337684552559 0.421249743358509 0.410567642178767 0.410035754529834 0.415763957780743 0.404642257132887 0.393382703127782 0.383853085112943 0.365206600203187 0.35343624619769 0.353360868934822 0.36238153415789 0.378123695866109 0.383389118909621 0.387616569002087 0.392678706213436 0.399839614390676 0.409674111622482 0.419864627036786 0.471226104292906 0.542771206036412 0.564500406647726 -9999 -9999 -9999 -9999
0.507260763648689 0.505809976561902 0.504103349622098 0.50210814137544 0.499856634284472 0.497813605949833 0.495331912425288 0.491887952992999 0.488917295261558 0.486388149561576 0.483151761057453 0.479624049360456 0.476524556603517 0.473368492340854 0.469518410003038 0.466117146899964 0.462010644481951 0.454483791119577 0.450785662893599 0.450944939045683 0.447452888393648 0.444227448632484 0.439410232202108 0.434845928633512 0.429710296450872 0.422528111144606 0.426289305398293 0.436143880982633 0.434415514151124 0.421999377364332 0.407756151572807 0.400877638650213 0.395777844295089 0.396534072860618 0.405219002100138 0.398120680579234 0.381596764835537 0.373292611783838 0.362368265646611 0.360221434074244 0.372198112700266 0.379409063179234 0.388564996019556 0.392375787158773 0.396877805101634 0.402822862869156 0.410948922099932 0.420025797444227 0.426959444267118 0.482924124115689 0.550552840249333 -9999 -9999 -9999 -9999 -9999
0.506029505920479 0.504543937222441 0.503052964465895 0.500974051248266 0.498646794351467 0.496445834378071 0.493863780126206 0.49037561072747 0.487173445600303 0.484557994090769 0.481216754445708 0.47734049673333 0.473976333555346 0.470656329380954 0.466753378289571 0.463187725420844 0.458988905407485 0.453007080549704 0.449639054949068 0.44818492291196 0.44482067879753 0.439835710145139 0.435926933054816 0.428817264813211 0.418079149567429 0.418826191184187 0.425707277152272 0.432935582832099 0.429349520104772 0.414842908709112 0.404802004003351 0.398688880731036 0.391656204563068 0.388988490918482 0.396694708335411 0.394326512988838 0.382575107948965 0.366779876610474 0.357208413481381 0.359820136455157 0.369144879671119 0.384161094646724 0.389577074975468 0.39274058709496 0.398204665289238 0.403406361700959 0.413399558258433 0.428892244905808 0.446885237260975 0.503709382131987 0.557785613830707 -9999 -9999 -9999 -9999 -9999
0.503907531565846 0.502693848292056 0.501905317990084 0.499702682307851 0.496936129517117 0.494372071831306 0.491667748048002 0.488056485560097 0.484576347095193 0.48167751237558 0.478206275064799 0.47389545615799 0.470349262871044 0.466779126111821 0.46202702233872 0.457747909788845 0.453884754875164 0.448828839830162 0.443076287802185 0.44019274028659 0.439364779210008 0.436161574999778 0.430780000883374 0.421832529468902 0.417278653744425 0.421221401638937 0.426963019711886 0.42358859635411 0.411895120388545 0.403817086756042 0.401915569574755 0.40768360006605 0.407998337658435 0.406971768083089 0.406281985588919 0.396903239472827 0.382281057975307 0.362802556364206 0.342345992864331 0.340458399746072 0.350136916628869 0.357540309234954 0.365546974185435 0.37854258224637 0.39990777527018 0.40595476804322 0.413383948083919 0.448929900996578 0.498085365270201 0.537918605919068 0.553863566521835 -9999 -9999 -9999 -9999 -9999
0.503430471408681 0.502353816979752 0.501147580988479 0.498481303558541 0.495195242272607 0.4924123364465 0.489477220063899 0.485552978571282 0.481929205817366 0.478975138826932 0.475177136749235 0.470494898136306 0.466481104757717 0.462326390811799 0.456874059500267 0.452173114314469 0.447947437546187 0.442240356281574 0.434783447631804 0.430531182541734 0.430698136804365 0.428216971204947 0.420731226743043 0.416051116659071 0.417409154462537 0.418948788622735 0.416660185980496 0.405858779446461 0.3970186359349 0.398836140963942 0.407805811474975 0.413708402294971 0.409310607652912 0.411102208706941 0.417807305299593 0.403977256497981 0.384329678575687 0.366190381535129 0.34505000172326 0.332237423595016 0.341554835884996 0.343167695601164 0.343561058195085 0.365476058808987 0.398482427464176 0.422132831031231 0.426653460161986 0.464880521510137 0.517270079426182 0.536673136864896 0.549284268237613 -9999 -9999 -9999 -9999 -9999
0.502371131812408 0.501792031598574 0.500418274739903 0.497618089743469 0.494063519735992 0.491016343054464 0.487927468232946 0.483564296952516 0.479673737935351 0.476662206722483 0.472724617666436 0.467742585994036 0.463437933331601 0.458765155428135 0.45267155965452 0.447780935884469 0.443384048846895 0.438211752015788 0.433434683870177 0.428615396679187 0.425100957938156 0.422427091479276 0.414954801425757 0.411179933883202 0.41355168544858 0.4102745377102 0.396604418382159 0.383065740527151 0.391149777091292 0.403946194384784 0.409173861598645 0.410742608831858 0.407645501343189 0.415697271531362 0.412447744739572 0.396253730166513 0.389602221008545 0.37070812391608 0.351770508801511 0.349807538298419 0.358523454142576 0.354231277878272 0.348733252759084 0.352431290609545 0.380601584224702 0.421552706494039 0.441154562335473 0.474433916580034 0.511517642551943 0.526975687433976 0.540551773645842 -9999 -9999 -9999 -9999 -9999
0.500701332096738 0.50070460534058 0.499038864023292 0.49592754655006 0.492118200928802 0.488730065746191 0.485181582881257 0.480487414462166 0.476239858886085 0.472823939167275 0.468630090028295 0.463313418062435 0.458198631261474 0.452816926895635 0.446407700839357 0.441288449626531 0.436472977265539 0.430732335956082 0.426064564848841 0.421754984782665 0.417122102410979 0.413750757328906 0.409239673107862 0.404314692165418 0.402024260882129 0.393747834823719 0.384463401132273 0.387527726248215 0.394964443725642 0.399805527857237 0.401764249339811 0.402862541228505 0.404777254306075 0.405069668854464 0.400151880471179 0.394467710706938 0.390854265048713 0.380624475381106 0.3689095207941 0.362829146282963 0.354943525193255 0.35160245424534 0.352142123178931 0.358214609324421 0.394337718879299 0.427864333694308 0.442235864570427 0.463148922680888 0.494119166008404 0.520433470831632 0.523304072851791 -9999 -9999 -9999 -9999 -9999
0.50031732536022 0.500658761794335 0.497977932871886 0.494575663691036 0.490412238834774 0.486780880307764 0.482803009117105 0.477542456478547 0.472994493017832 0.469192912842041 0.464721496282262 0.458807781707694 0.452529092612911 0.446461672982792 0.439562001972302 0.433788777549313 0.428373159878097 0.42206259524932 0.417342963603948 0.413093144349782 0.407595071049232 0.402706163926441 0.398025840102212 0.388891754616364 0.380262556604284 0.37843284990185 0.384108254104357 0.392207627808167 0.392903400927952 0.389754366926008 0.384879991582962 0.383775657259748 0.389182990548324 0.383943159470865 0.367253714943475 0.365932641234041 0.372528133645378 0.381091228539057 0.374202645153173 0.357624608326054 0.345756041615779 0.346127515966146 0.348975932419467 0.345815843755319 0.370447319128235 0.408333427345062 0.42275013612673 0.437526379993479 0.473551697456053 0.503795994310308 0.509917242686653 -9999 -9999 -9999 -9999 -9999
0.499494064274419 0.499305031069331 0.49658336529969 0.493088963472639 0.488751656209455 0.484830573554066 0.480698851412956 0.47529292930244 0.470406130188884 0.466275723412098 0.461553185014262 0.45499958286179 0.448254152406823 0.442123192806913 0.434700775090015 0.428360766332401 0.422591862854952 0.415960463631154 0.410503766719555 0.405690880036918 0.399715932623709 0.394286074969808 0.389040478724333 0.381744582233171 0.373882216262099 0.369943631975819 0.372750690221369 0.3792605837359 0.382523008476391 0.37823235428401 0.371769160635679 0.366919203959543 0.372206824685121 0.373232105433971 0.35893807071974 0.355196115267687 0.356567128732147 0.362015624627338 0.367254722921811 0.355497908294573 0.339666855455205 0.337366187503886 0.339648183913108 0.342658201055203 0.352255552368177 0.375931446541903 0.401617340040294 0.41789267453074 0.444205456131509 0.474117059278355 0.490968188600444 -9999 -9999 -9999 -9999 -9999
0.500081544832017 0.497609718527588 0.494968248149245 0.491262049265781 0.486468206808964 0.482109602838492 0.477658693208708 0.47186153232382 0.466638399435944 0.462402698722321 0.457290522594322 0.449946254104074 0.442399406242757 0.435476293634289 0.427459769629366 0.420775097907267 0.414421407676431 0.406967030428019 0.400877945142119 0.395137039288826 0.388539668206906 0.382524297625549 0.376013615737726 0.371060643809665 0.369627297965899 0.368390373666575 0.363811691940976 0.358148597542927 0.357022933160105 0.357057117180568 0.352385537695994 0.345715164956332 0.352501975516182 0.357604224653078 0.346761768273415 0.337280720904377 0.336086213293248 0.344931870179199 0.34023513280532 0.328254790703642 0.322305618341563 0.315522912512014 0.315589428528892 0.317305336851084 0.326693073895811 0.337255307569089 0.35132042293726 0.372518180982458 0.402800341419001 0.451257536508771 0.479324855701544 -9999 -9999 -9999 -9999 -9999
0.499218243951253 0.496049626018835 0.492777103321838 0.489007404954609 0.484040955989891 0.479517262347743 0.474696569817436 0.468397120235832 0.462853553989383 0.458264580519831 0.45272653570774 0.444613988562234 0.43632553345031 0.429075641256954 0.420496469737738 0.413147773502606 0.406343380653271 0.398225277857729 0.391160391110276 0.384474671765448 0.376737452630794 0.369823969099967 0.364803747591934 0.36305973479754 0.360669855570067 0.355418435901282 0.349840064553378 0.343901157977433 0.340494890740639 0.339549831799704 0.340322959059564 0.337526937763279 0.334690741918582 0.338510839898871 0.334079377676035 0.324894564719365 0.327909960851502 0.331521838221167 0.319597496476159 0.307146335960334 0.30039608315466 0.296135549417382 0.2880614670331 0.280807909610033 0.272001518339736 0.278618653252318 0.306341196310914 0.339613060251534 0.364473306616614 0.406669494577107 0.460280037190231 -9999 -9999 -9999 -9999 -9999
0.497226997386209 0.494094592188932 0.490863228307658 0.487132772398225 0.482146056633997 0.477456248932596 0.47243310274272 0.465794142630168 0.460064051451312 0.455525073073044 0.44936613912817 0.440530875133459 0.432389798697955 0.425220676690184 0.416169901808018 0.408619470665018 0.401313514547112 0.391951048750473 0.383951570560038 0.376724280461169 0.368242312120218 0.361557584925783 0.35766828754055 0.354045842894387 0.348585172454231 0.342147109349031 0.337903778874699 0.337233686549201 0.339122872441947 0.339102853635303 0.336302941736584 0.331413883454921 0.327841676027362 0.329181516256646 0.327895360785844 0.317830593609493 0.30897281345599 0.304797026342694 0.301336293213057 0.296618178175972 0.288152875743417 0.280321645989295 0.274144260890602 0.272114145953499 0.2611314292055 0.246183263280331 0.287313238402379 0.366719406995588 0.393258425753662 0.420661863647603 0.451275910746456 -9999 -9999 -9999 -9999 -9999
0.494774707749849 0.491542770522768 0.48819640493095 0.484407636924999 0.47932294518275 0.474482973657785 0.469075982790127 0.462152741743171 0.456454298237771 0.451873381043266 0.445170705498708 0.435348211559552 0.426762979282329 0.419366992059651 0.409770056549978 0.40127273985182 0.392661089388659 0.382240339170851 0.373588927132652 0.36552986362063 0.356562837175284 0.349417361539504 0.343336642125568 0.337153801039775 0.33232687340864 0.327185198242704 0.322758500255524 0.320674125567894 0.318624303233161 0.318568166598165 0.318985799524304 0.31699390309994 0.318946356754659 0.321702152222116 0.319344614611959 0.314994413597958 0.310506102206792 0.302240753850648 0.291995168385583 0.285340711299825 0.272000089207507 0.260040884196719 0.255239990702513 0.251289661903506 0.241553897650006 0.229898929088569 0.281529381338716 0.367030909308036 0.398822538085796 0.423040946475525 0.440713832199134 -9999 -9999 -9999 -9999 -9999
0.492625182093904 0.489238602117094 0.485805591148157 0.481833458587107 0.476644632443579 0.47172071694407 0.466019348172072 0.45881784983271 0.453241295401707 0.448837752895232 0.441486202206497 0.430533784113627 0.421707102556583 0.414119790880706 0.402969360658803 0.393119023184344 0.38375726037035 0.372908180981589 0.364157061521302 0.355416684445957 0.345549875929395 0.337515107653167 0.329363765910031 0.321825021760201 0.314984413306089 0.308060620257779 0.305711706064318 0.303885538703463 0.299642442142714 0.298349783950983 0.301905992792325 0.304681731588096 0.310700317893736 0.315043624824704 0.306471810091019 0.298112262601813 0.302795624046952 0.300578623223504 0.2886662338959 0.277005966699951 0.260896971214626 0.24551040309433 0.23433137357146 0.227121015846948 0.222848858462144 0.230816729835183 0.287574055103111 0.363012076389426 0.393356595711967 0.40294729962429 -9999 -9999 -9999 -9999 -9999 -9999
0.491260232285876 0.487630817826932 0.484109326955853 0.480021493871886 0.474751535791928 0.469612686125714 0.463736662117393 0.456814558666523 0.451435558826673 0.446730880585991 0.438566673553361 0.427851480768758 0.419516959959118 0.410238820320893 0.39752595155099 0.38789671284901 0.379527427757295 0.367886136355975 0.357894996895431 0.349092154879913 0.338298116397733 0.328830148383097 0.320404437837054 0.309470047099512 0.299295326093577 0.293060399954649 0.286676550323842 0.284821749606356 0.283445329444083 0.283625484877958 0.291066693657986 0.297462280601698 0.304152586836862 0.302792432043324 0.293695513856573 0.283226138275557 0.283983952068022 0.292335520275 0.292555593766168 0.277308587013266 0.260648707062508 0.252631851334637 0.235850432713846 0.22057728230071 0.246594638099284 0.304360903847213 0.339734308852547 0.367163470393585 0.379009374735414 -9999 -9999 -9999 -9999 -9999 -9999 -9999
0.489309319397614 0.4853696056077 0.481713802790913 0.477663236463805 0.472297706936282 0.466884238970577 0.460909754684338 0.454131977129431 0.448569225443923 0.443364790758252 0.434769341584531 0.424198880036121 0.415098586966755 0.403928567185147 0.390681064302882 0.381378836425058 0.373138722405789 0.360837814851902 0.350367730727392 0.340500367252905 0.327751773359701 0.317415598853645 0.307781521480711 0.296900153679337 0.288559540837348 0.278128040909017 0.270550141139015 0.271282858652873 0.270683029415155 0.272085003556388 0.275416408213778 0.284544816583225 0.297944180167188 0.292742619322681 0.284928571316742 0.289140105639684 0.292862528970383 0.29619079193555 0.293401419038138 0.274766087053248 0.24593147233215 0.226783156649524 0.221737199099725 0.221005004663632 0.260991114181006 0.322752424671205 0.341122791974957 0.347665856522117 -9999 -9999 -9999 -9999 -9999 -9999 -9999 -9999
0.487096346869533 0.48324988558935 0.479713418888901 0.475552614623877 0.469946326054879 0.464279014276257 0.458355583804713 0.452073446801783 0.446434078414053 0.440347439503719 0.431945292592983 0.421260396444047 0.410831162562643 0.399315165689642 0.387340612996101 0.377822975867056 0.367635683201388 0.354814447493794 0.344248508195672 0.333823036180918 0.320188265059826 0.308125460912612 0.29888003175481 0.288900390399133 0.278428136676981 0.26865529813001 0.26815675982282 0.269973925920527 0.265588758333091 0.268433551449138 0.267851411525748 0.277408129033188 0.287238568549571 0.283684207533223 0.280656622023972 0.294337423039931 0.315289881378167 0.307298229333738 0.288725039259483 0.270997366275049 0.251378664877969 0.225302001878203 0.208094644116353 0.222317528621915 0.277479873556217 0.318099485913952 -9999 -9999 -9999 -9999 -9999 -9999 -9999 -9999 -9999 -9999
0.48498596889147 0.481767817665447 0.478306956223923 0.474092529481185 0.468358996978397 0.462651859063939 0.456979364671027 0.450763140663122 0.444793280601395 0.438394904336332 0.429917482147098 0.418994000464985 0.408032877149476 0.396387700282054 0.384840901078858 0.375989063465689 0.365620263241394 0.352570522000789 0.341290145565305 0.328897736212832 0.314143489044518 0.302883773616464 0.29318293480677 0.283349267552751 0.277780540289704 0.275020469767616 0.273407767697074 0.275644620699799 0.27817496897573 0.278548862456756 0.275649049275135 0.286817378428958 0.290056486171314 0.276864811044815 0.296151670831409 0.316307198881758 0.322716200332498 0.31814961985528 0.311482356658395 0.3037791090816 0.283129776966394 0.247336852609599 0.213659110711793 0.226604133671897 0.280787675617968 0.314099622022323 -9999 -9999 -9999 -9999 -9999 -9999 -9999 -9999 -9999 -9999
0.482247965515388 0.479002525261974 0.475959120476263 0.471912360903292 0.46627406099596 0.460587502116454 0.455188619489796 0.449008608082017 0.442402095192658 0.435755197115857 0.427176438958152 0.415657669697848 0.404626558636114 0.393915970756231 0.381894904386745 0.372780178344045 0.362957962670132 0.348766259643721 0.335669843291504 0.322231048402538 0.307226890600567 0.296050903054279 0.287328090079836 0.27732993770597 0.269997462169095 0.26896154394458 0.270324179698291 0.271543264295107 0.276263817872242 0.283838824775725 0.289623877089235 0.297729144540695 0.301788345543198 0.302145770329295 0.30958832537947 0.31517122615608 0.318583722392501 0.317890928131205 0.312818263885488 0.307198050501978 0.29503500523123 0.279856233096303 0.264384873768757 0.267477156961307 0.288069110280654 -9999 -9999 -9999 -9999 -9999 -9999 -9999 -9999 -9999 -9999 -9999
