layers/veg_krg_sqold/veg4500.asc
NCOLS 255 
NROWS 330 
XLLCORNER -2985163.8955 
YLLCORNER -3022031.214 
CELLSIZE 25000 
NODATA_value -9999 
[rows 25 to 49 of 330, columns 112 to 167 of 255]
0.481285778674697 0.483628835479732 0.486278725931003 0.487304810151542 -9999 -9999 -9999 -9999 -9999 -9999 -9999 -9999 -9999 -9999 -9999 -9999 -9999 -9999 -9999 -9999 -9999 -9999 -9999 -9999 -9999 -9999 -9999 -9999 -9999 -9999 -9999 -9999 -9999 -9999 -9999 -9999 -9999 -9999 -9999 -9999 -9999 -9999 -9999 -9999 -9999 -9999 -9999 -9999 -9999 -9999 -9999 -9999 -9999 -9999 -9999 -9999
0.475214829530599 0.478053197421605 0.480004172283677 0.483606166747512 0.48693773065024 0.489382863898161 0.494250273781372 -9999 -9999 -9999 -9999 -9999 -9999 -9999 -9999 -9999 -9999 -9999 -9999 -9999 -9999 -9999 -9999 -9999 -9999 -9999 -9999 -9999 -9999 -9999 -9999 -9999 -9999 -9999 -9999 -9999 -9999 -9999 -9999 -9999 -9999 -9999 -9999 -9999 -9999 -9999 -9999 -9999 -9999 -9999 -9999 -9999 -9999 -9999 -9999 -9999
0.463142092251431 0.466450494392031 0.473490271405868 0.479428289047248 0.484495100539704 0.489132481565282 0.494018294670932 0.499237963127482 0.5042637997912 -9999 -9999 -9999 -9999 -9999 -9999 -9999 -9999 -9999 -9999 -9999 -9999 -9999 -9999 -9999 -9999 -9999 -9999 -9999 -9999 -9999 -9999 -9999 -9999 -9999 -9999 -9999 -9999 -9999 -9999 -9999 -9999 -9999 -9999 -9999 -9999 -9999 -9999 -9999 -9999 -9999 -9999 -9999 -9999 -9999 -9999 -9999
0.446077670986244 0.465402440321402 0.470482141841175 0.47481590277658 0.480705574878646 0.48582462893475 0.491029387265334 0.49758187350501 0.5039020417833 0.507483675803204 0.510710719592428 -9999 -9999 -9999 -9999 -9999 -9999 -9999 -9999 -9999 -9999 -9999 -9999 -9999 -9999 -9999 -9999 -9999 -9999 -9999 -9999 -9999 -9999 -9999 -9999 -9999 -9999 -9999 -9999 -9999 -9999 -9999 -9999 -9999 -9999 -9999 -9999 -9999 -9999 -9999 -9999 -9999 -9999 -9999 -9999 -9999
0.442628137853401 0.453300121059157 0.457365725478523 0.463919805736212 0.471270017283141 0.476792363359878 0.483521914440022 0.492746307188253 0.499995622918228 0.505047580059294 0.510585627341263 0.517148026171798 0.523981211716388 -9999 -9999 -9999 -9999 -9999 -9999 -9999 -9999 -9999 -9999 -9999 -9999 -9999 -9999 -9999 -9999 -9999 -9999 -9999 -9999 -9999 -9999 -9999 -9999 -9999 -9999 -9999 -9999 -9999 -9999 -9999 -9999 -9999 -9999 -9999 -9999 -9999 -9999 -9999 -9999 -9999 -9999 -9999
0.415181994463032 0.435506194187061 0.446342771043267 0.452366644349324 0.460423259906878 0.468846233670389 0.477348103004812 0.487855541394084 0.496421991316851 0.50258207819672 0.50908295500092 0.516646940957172 0.523736811495051 0.529486863813235 -9999 -9999 -9999 -9999 -9999 -9999 -9999 -9999 -9999 -9999 -9999 -9999 -9999 -9999 -9999 -9999 -9999 -9999 -9999 -9999 -9999 -9999 -9999 -9999 -9999 -9999 -9999 -9999 -9999 -9999 -9999 -9999 -9999 -9999 -9999 -9999 -9999 -9999 -9999 -9999 -9999 -9999
0.417507461525133 0.431232574662964 0.43740475779942 0.444590901587909 0.454133097546695 0.46492452168903 0.474395695918791 0.484486169471589 0.493385968418311 0.498820139582748 0.505832844570869 0.51402364164353 0.521189482042905 0.528319008835154 0.532508895559797 -9999 -9999 -9999 -9999 -9999 -9999 -9999 -9999 -9999 -9999 -9999 -9999 -9999 -9999 -9999 -9999 -9999 -9999 -9999 -9999 -9999 -9999 -9999 -9999 -9999 -9999 -9999 -9999 -9999 -9999 -9999 -9999 -9999 -9999 -9999 -9999 -9999 -9999 -9999 -9999 -9999
0.424566407314751 0.43025515694112 0.435472545112063 0.439442204068223 0.447741116975796 0.458290758759684 0.467350067039594 0.478282731663111 0.48744780613992 0.493394023246931 0.499460972506555 0.509848775645846 0.519578227425878 0.527905850433494 0.533357537655053 -9999 -9999 -9999 -9999 -9999 -9999 -9999 -9999 -9999 -9999 -9999 -9999 -9999 -9999 -9999 -9999 -9999 -9999 -9999 -9999 -9999 -9999 -9999 -9999 -9999 -9999 -9999 -9999 -9999 -9999 -9999 -9999 -9999 -9999 -9999 -9999 -9999 -9999 -9999 -9999 -9999
0.421492243180616 0.428955786785519 0.43501820019888 0.44036362211539 0.448313638055526 0.457315966043695 0.464140513268187 0.472841919652336 0.482406650511402 0.489398210243736 0.495471229671565 0.506512949952224 0.516897704484848 0.525389352048179 0.537816566142348 0.547453843138587 -9999 -9999 -9999 -9999 -9999 -9999 -9999 -9999 -9999 -9999 -9999 -9999 -9999 -9999 -9999 -9999 -9999 -9999 -9999 -9999 -9999 -9999 -9999 -9999 -9999 -9999 -9999 -9999 -9999 -9999 -9999 -9999 -9999 -9999 -9999 -9999 -9999 -9999 -9999 -9999
0.420805183281714 0.425978619294083 0.428741931367353 0.434715611838213 0.444540997343687 0.453976254645889 0.46446370112877 0.472577449786627 0.481616088541938 0.490732439304324 0.497290384721232 0.507327142212306 0.516874208485781 0.524554971013316 0.536204824182341 0.547382847418973 0.554865385503679 0.564156177484423 -9999 -9999 -9999 -9999 -9999 -9999 -9999 -9999 -9999 -9999 -9999 -9999 -9999 -9999 -9999 -9999 -9999 -9999 -9999 -9999 -9999 -9999 -9999 -9999 -9999 -9999 -9999 -9999 -9999 -9999 -9999 -9999 -9999 -9999 -9999 -9999 -9999 -9999
0.416443454338807 0.409715628736719 0.389958476869896 0.390328750106006 0.422229103507886 0.448803201883328 0.46112124627722 0.471150169249577 0.481779599418759 0.488899717940199 0.496944174023016 0.508059907630136 0.515574175733336 0.524735112466311 0.537596032904473 0.546649671791392 0.555291416158077 0.5642426123907 0.572475217725914 0.578834680115652 -9999 -9999 -9999 -9999 -9999 -9999 -9999 -9999 -9999 -9999 -9999 -9999 -9999 -9999 -9999 -9999 -9999 -9999 -9999 -9999 -9999 -9999 -9999 -9999 -9999 -9999 -9999 -9999 -9999 -9999 -9999 -9999 -9999 -9999 -9999 -9999
0.413373945433751 0.38541586134315 0.356620294943953 0.365966531819532 0.397585980445914 0.439895879776428 0.465050656842945 0.474613654012851 0.482312116693586 0.489222077884268 0.497354731983719 0.508827585974661 0.518602960554567 0.528247858178501 0.537916149947212 0.546350086502528 0.555406417495855 0.565167662557821 0.573137601507069 0.57904303430468 0.583003672502584 -9999 -9999 -9999 -9999 -9999 -9999 -9999 -9999 -9999 -9999 -9999 -9999 -9999 -9999 -9999 -9999 -9999 -9999 -9999 -9999 -9999 -9999 -9999 -9999 -9999 -9999 -9999 -9999 -9999 -9999 -9999 -9999 -9999 -9999 -9999
0.396735595962699 0.366821522821402 0.344375286150734 0.360467707414241 0.386132730783409 0.415428574611726 0.452947559097872 0.471500346340444 0.47731059521718 0.487214302970631 0.497420206530337 0.510176613923225 0.520150398597021 0.528410480874414 0.53836383294752 0.546840647386213 0.555643568088764 0.566097218329144 0.574595577922978 0.581371638067822 0.591769375653985 0.600783305784231 0.607367153069823 0.616145183610822 0.624087029779206 0.631688425678812 0.640602473028479 0.648619659501553 0.656548938628293 0.666090371547283 0.67479115370228 0.682271250113117 0.691339603541895 0.700023136312956 0.706218368769781 -9999 -9999 -9999 -9999 -9999 -9999 -9999 -9999 -9999 -9999 -9999 -9999 -9999 -9999 -9999 -9999 -9999 -9999 -9999 -9999 -9999
0.303290485352273 0.326235861565139 0.348281703278102 0.369643784432752 0.400639357919718 0.416119993449641 0.422275141805747 0.448102237469632 0.477704278820571 0.49197121045877 0.503906221132615 0.513683222996862 0.521300432782956 0.530853008674871 0.54240348995506 0.549868097951117 0.557519174893335 0.568398898516852 0.577059466874067 0.584196396243116 0.59337082609411 0.600897367752105 0.607560236283652 0.61636420081818 0.624335453758023 0.631939401697903 0.640837792793989 0.648816363365577 0.656751760081407 0.666352946223733 0.675060556906376 0.682639922276373 0.69176501854945 0.700422347047329 0.706784944228528 0.717228495209535 0.729354129121828 -9999 -9999 -9999 -9999 -9999 -9999 -9999 -9999 -9999 -9999 -9999 -9999 -9999 -9999 -9999 -9999 -9999 -9999 -9999
0.306507247863052 0.321576207476102 0.336707567970431 0.381796783977981 0.415223729226928 0.416552738352793 0.408805808875614 0.427304641993197 0.467461102119532 0.49411703008467 0.507954487809472 0.518385136792754 0.526303212489093 0.535235171774794 0.54594647298201 0.553172356027547 0.559752770571944 0.570004614847238 0.577744050507029 0.585611562336692 0.594910529166804 0.602251267640033 0.609618572712247 0.618742465456032 0.627012262521907 0.6346611972289 0.643439583298029 0.651046400455599 0.659032936243156 0.669235621528381 0.678014837003401 0.686585572096633 0.69631684820959 0.704684011907011 0.712701675584628 0.72213945546427 0.729698785419616 0.73864689950255 -9999 -9999 -9999 -9999 -9999 -9999 -9999 -9999 -9999 -9999 -9999 -9999 -9999 -9999 -9999 -9999 -9999 -9999
0.326009381169662 0.331061527373702 0.331164287789592 0.367236733052832 0.408699666521532 0.419084875175711 0.408161743761323 0.418233456656232 0.448237484859998 0.470919591210765 0.496807988001164 0.518721544108924 0.530637555420228 0.5389051598658 0.546362636628613 0.553500603283089 0.561925399350627 0.571194738648805 0.578667882845729 0.58663986472155 0.596879683022146 0.60446122339545 0.611086300042574 0.620867503412763 0.629210257458385 0.637044966618603 0.646293494000305 0.65385964691333 0.661780452101037 0.672283177116934 0.681211574946867 0.690049526264449 0.700117467036107 0.708292951640141 0.716403938111116 0.726459104933952 0.733612603926456 0.740714152599595 0.752803689384902 0.763465730136549 0.770271375333706 -9999 -9999 -9999 -9999 -9999 -9999 -9999 -9999 -9999 -9999 -9999 -9999 -9999 -9999 -9999
0.361280393676162 0.356428150411564 0.359512894123807 0.348005563328055 0.363476986648804 0.385390287143894 0.381811061004621 0.416619854967431 0.444368085074034 0.461174433981768 0.476406728139772 0.502598153717156 0.532781355717054 0.542623604621846 0.549290386251608 0.557912734187364 0.56454990934815 0.57238741358593 0.580170952617207 0.58851181875059 0.597675467677493 0.604113477166639 0.61073198996805 0.620558819465189 0.628975436874019 0.636876381385242 0.647387254530863 0.653829956623407 0.661750260369563 0.673777100456015 0.684210924780034 0.694477291087894 0.703501264773812 0.713062835622814 0.721344384668625 0.730539618875125 0.739668270527286 0.747967825543081 0.757049735300585 0.764165228713307 0.770912318539633 0.781310997635467 -9999 -9999 -9999 -9999 -9999 -9999 -9999 -9999 -9999 -9999 -9999 -9999 -9999 -9999
0.387096359843933 0.379371760000979 0.376427684604188 0.379964523343848 0.398800699394326 0.409760699907769 0.406756333156988 0.42147609969455 0.438194272644047 0.444255904018964 0.469988103812535 0.516021689553794 0.538643034508498 0.546462998811222 0.549777345864385 0.55628098359561 0.567392299451311 0.57471950932653 0.581223462921458 0.587273852329792 0.595304480211828 0.603879946821445 0.609578427195392 0.618326622059298 0.629393908709162 0.638694582959015 0.648782868143205 0.656880430659066 0.662781720894413 0.672614511514774 0.687197414753114 0.696880528360912 0.707149826802983 0.718149668228269 0.722491343352799 0.734355593572032 0.749645236122583 0.756948874616422 0.764290661606854 0.771653704371077 0.778028304141933 0.78454373105317 0.791761739483114 0.793331396114756 -9999 -9999 -9999 -9999 -9999 -9999 -9999 -9999 -9999 -9999 -9999 -9999
0.391694559137749 0.392820051026562 0.390700900896233 0.39123775284321 0.416729175753143 0.432673823731771 0.444787795787294 0.45691932714664 0.462015399748541 0.46929367616127 0.495042726022976 0.529239293235455 0.544065937682993 0.549497889803888 0.54784154470479 0.552735167302246 0.568547153209868 0.57648391428908 0.582452492945063 0.586755913895255 0.592059926777127 0.593455255382348 0.593047272280245 0.61125401486481 0.631281057190504 0.638554975285166 0.646427145663099 0.653201540350659 0.663668309495578 0.679213219188497 0.691261906050963 0.700817496332928 0.710399043265187 0.716635972289297 0.722089819970283 0.736858294853981 0.751771744890659 0.761099483227906 0.769425308648384 0.77796575105579 0.786327593772231 0.791521374308526 0.793658048470901 0.793691442936619 0.794875180255831 0.797034721900951 -9999 -9999 -9999 -9999 -9999 -9999 -9999 -9999 -9999 -9999
0.440652602121458 0.452711966453074 0.456979073644505 0.46130154194054 0.472621307403872 0.477730673187643 0.47621405698453 0.483108924519896 0.488323845451523 0.480638183897063 0.49476717366183 0.529743043724733 0.549515054263786 0.552556325134272 0.55710712513453 0.564736558433372 0.571234596854708 0.57896001300798 0.584470115936814 0.58916895287756 0.590266855785416 0.590334693654474 0.601543358040541 0.619291868289236 0.630746303754246 0.636462272372031 0.645742953589498 0.655518076099487 0.666999804638008 0.681830288021902 0.691454753551628 0.698197391184151 0.711810564662545 0.725936886774124 0.735220220354241 0.746815340110537 0.758160232855022 0.767192605325856 0.775840231560085 0.783345168135447 0.791550999714895 0.800012047621735 0.801319460960092 0.798248945242373 0.798033524678125 0.797352665584312 0.791072363336905 -9999 -9999 -9999 -9999 -9999 -9999 -9999 -9999 -9999
0.496416430415779 0.511875204570314 0.516853339812449 0.518807079566869 0.522345077668718 0.518321633799884 0.506062074638229 0.508936666201743 0.521804804945542 0.520089946214288 0.514710421470752 0.532061138945596 0.555091639804509 0.557790242890281 0.56340179187065 0.568632808556236 0.574014418944546 0.581296700300632 0.586927043260226 0.589451209304589 0.590884405940825 0.591171860465802 0.602084664610459 0.622175957470933 0.630201053545631 0.632713421139869 0.641810802904546 0.65658070768038 0.668834374669638 0.683346181728355 0.689403329964586 0.691453848419602 0.707648496682281 0.728397929865195 0.738944287895491 0.75100628877664 0.760565891953396 0.76933121409268 0.778127035979788 0.784621891551484 0.795389603098774 0.805887657716189 0.810290939241543 0.808237359856545 0.804031823459839 0.800263580667211 0.792977027857392 0.784424417226856 -9999 -9999 -9999 -9999 -9999 -9999 -9999 -9999
0.522018087516847 0.52688601640565 0.529021957558716 0.530457311168755 0.532571210973311 0.532833904461149 0.518040716583512 0.517351674962651 0.540028054131972 0.544564824938265 0.543248402125248 0.548739956350829 0.558390952753685 0.56196214898357 0.567121629477345 0.571069483358258 0.576052700029025 0.58310066983675 0.587808692312456 0.590693183965699 0.587507625444658 0.591459494070581 0.604809684508651 0.616420426148173 0.627136825422671 0.632737285566653 0.646413275019884 0.659602389210922 0.670228146658673 0.679054321598393 0.689142743998074 0.70361552660731 0.718270841279443 0.731142664575785 0.738255206143951 0.746871472863452 0.757660407108933 0.767905850255959 0.776763981722522 0.783358997485903 0.796799947565418 0.804607093079286 0.808380873789926 0.808680702170267 0.803859019922623 0.798397104645901 0.793275339968588 0.786077278983367 0.782690012770914 -9999 -9999 -9999 -9999 -9999 -9999 -9999
0.536084895211272 0.539742112493057 0.540639554831085 0.541712177882527 0.543460406845509 0.544544967947342 0.54600802327529 0.549041333870017 0.551352366315812 0.552592005761004 0.554927320768132 0.55771993077494 0.561389897767068 0.565041907692056 0.569450177093212 0.574774093390223 0.578809334117839 0.58582548410485 0.589426461588955 0.589662159305985 0.592799286843643 0.59505288611749 0.598544698714015 0.606155378009621 0.611834222934391 0.622163949164444 0.642384428933253 0.658658313812857 0.667219028849921 0.677400988883331 0.688295166492438 0.701600293755817 0.716621372796586 0.727764559858048 0.736312545491861 0.748047442714299 0.760149874753333 0.769619720319531 0.778403190668085 0.784877104533899 0.794749044100328 0.80588938592829 0.807780283478634 0.805553794870479 0.803051626932669 0.80176500364101 0.798601332767124 0.790712423896154 0.782339466770738 -9999 -9999 -9999 -9999 -9999 -9999 -9999
0.548074154325609 0.549902706455441 0.550793623426712 0.551394264798108 0.552669325075173 0.5539388435287 0.554629493344316 0.554975327470423 0.550314329415621 0.540748760699994 0.539706735559234 0.547572937497062 0.558150782956191 0.568309357031035 0.572629898355609 0.577283516648193 0.581346715510304 0.584647879717454 0.589972737260228 0.594345839135091 0.598222494989551 0.601140584542597 0.605665571510776 0.613191027603273 0.619931684379057 0.631971376892655 0.645513935832432 0.655513190223813 0.66458031384092 0.676885384821762 0.689118505090774 0.700407324180999 0.71309921022364 0.725263862688251 0.734893248491394 0.746095307047659 0.754977873312559 0.756536979438954 0.765447606258661 0.783331019799377 0.796339878512948 0.803421059825244 0.803758772828783 0.803679353426368 0.801633552218698 0.798798127153866 0.795449920092997 0.789671207360136 0.783238702932429 0.779559223547016 -9999 -9999 -9999 -9999 -9999 -9999
0.55289712688028 0.55409265389816 0.554186487553512 0.555989302964176 0.558662132511909 0.559095123823125 0.558660659523731 0.547653668837768 0.526609273731438 0.514040056045257 0.520326758948575 0.539309161657511 0.556786397550569 0.568616339243453 0.567134229544886 0.569261226476216 0.574437349172865 0.579237098741525 0.585498503927294 0.592243462991331 0.599428513368298 0.602593442381341 0.605988979960453 0.606677928092474 0.609781396436783 0.623918673101462 0.640072225107847 0.65502566456952 0.66436555328767 0.67639365393612 0.686762292834807 0.695732478031733 0.709195629833051 0.721877055686224 0.731832535702244 0.745669569718522 0.758703710848429 0.768764790135021 0.778374456598587 0.783418478219199 0.791423800985105 0.800898987846607 0.802338901489993 0.802569449172312 0.799819721553263 0.795490592887512 0.792306666274643 0.789133963114962 0.783629824419278 0.780067178709433 -9999 -9999 -9999 -9999 -9999 -9999
