layers/veg_krg_sqold/veg4300.asc
NCOLS 255 
NROWS 330 
XLLCORNER -2985163.8955 
YLLCORNER -3022031.214 
CELLSIZE 25000 
NODATA_value -9999 
[rows 200 to 224 of 330, columns 56 to 111 of 255]
-9999 -9999 -9999 -9999 -9999 -9999 -9999 -9999 -9999 -9999 -9999 -9999 -9999 -9999 -9999 -9999 -9999 -9999 -9999 -9999 -9999 0.444313014714366 0.407683049617418 0.318497573190836 0.250631017734132 0.153334505507044 0.0372093406956672 0 0.0445047514875341 0.162558912216594 0.216845621750093 0.255979665899275 0.305196711078629 0.325742188008988 0.292408230341306 0.29281032552297 0.340617592547607 0.403466420346376 0.417316092742211 0.424904893767914 0.430992924664077 0.434821327944494 0.440739668276174 0.447104267370557 0.447844908348522 0.447949383605916 0.440123302973027 0.41016378057421 0.396894231458545 0.424246197687587 0.446934064909979 0.454982874071671 0.454822604012311 0.452955829207273 0.449879248891077 0.446113362010407
-9999 -9999 -9999 -9999 -9999 -9999 -9999 -9999 -9999 -9999 -9999 -9999 -9999 -9999 -9999 -9999 -9999 -9999 -9999 -9999 -9999 0.454807290634111 0.422629733483845 0.357044894320329 0.26013886389181 0.160887132944059 0.0780441530246358 0.0116284555567873 0.0863770424706482 0.197932021092897 0.252168359964133 0.313224432830166 0.335544847778753 0.333885369198409 0.304378513825146 0.312517750649772 0.353141308226779 0.391674723306861 0.406736145400111 0.412746769387722 0.419114787039514 0.429936139516407 0.439524066384791 0.442859723226111 0.442056744168862 0.438937230646258 0.427907544520781 0.401743873278515 0.400018187774461 0.429189954573741 0.446249505370114 0.453554252373942 0.452741060095369 0.450956289932701 0.447918169139378 0.44380664179437
-9999 -9999 -9999 -9999 -9999 -9999 -9999 -9999 -9999 -9999 -9999 -9999 -9999 -9999 -9999 -9999 -9999 -9999 -9999 -9999 0.455224668129318 0.443716740597767 0.392683988588791 0.291398807279596 0.175226275059683 0.0964610854230731 0.0284974934751491 0 0.0841097863418361 0.193232488207519 0.248917008178631 0.310036355322295 0.336414333427962 0.353286409070336 0.313279472253971 0.297484302739064 0.354442950735969 0.377798047696975 0.389472989330467 0.378812730139721 0.385410442352827 0.418012079708397 0.431685664545406 0.433605577823439 0.427996768257925 0.417949894358183 0.396355433796971 0.380927198079221 0.400201207374136 0.428935191907855 0.443578319537779 0.45020488183293 0.4495668383377 0.447819829043847 0.444767533829905 0.440610104258913
-9999 -9999 -9999 -9999 -9999 -9999 -9999 -9999 -9999 -9999 -9999 -9999 -9999 -9999 -9999 -9999 -9999 -9999 -9999 -9999 0.445877635968146 0.422668732306296 0.383522992993269 0.312751665738106 0.170737929431047 0.0633610712115231 0.00581109496818551 0 0.0563442545170044 0.165749076479586 0.218447731762461 0.296354966763245 0.337139996173779 0.354637417597292 0.326258206928914 0.308747694068144 0.351435412889732 0.371362565082029 0.365676657291887 0.346975255044846 0.365192128228526 0.408415249380912 0.423998678099349 0.418716798457433 0.404695307784757 0.398939222695451 0.373368240456509 0.357607486328865 0.391980106075937 0.42670114927255 0.439672675097506 0.44474146606164 0.444951318618471 0.444284472068019 0.441492913161833 0.437340951734614
-9999 -9999 -9999 -9999 -9999 -9999 -9999 -9999 -9999 -9999 -9999 -9999 -9999 -9999 -9999 -9999 -9999 -9999 -9999 -9999 0.435982157790311 0.431903663035757 0.401855640131212 0.334780700267348 0.216534066928085 0.0812878905361003 0.0111304568503392 0.0547435968047345 0.133346281332298 0.16353831918422 0.201494604019198 0.270907352394765 0.31771578894801 0.342733039195457 0.352675624713686 0.325961798424641 0.329097879926998 0.36956388068674 0.351681227376338 0.338611772113306 0.366363448186921 0.40153196008617 0.419358019394599 0.402595558112327 0.377367714164107 0.365048785908987 0.336395358108677 0.346125919399304 0.393367114035428 0.423276364055202 0.434358174637101 0.438877888286262 0.440050740920663 0.44030886823618 0.437227214011257 0.433414259347529
-9999 -9999 -9999 -9999 -9999 -9999 -9999 -9999 -9999 -9999 -9999 -9999 -9999 -9999 -9999 -9999 -9999 -9999 -9999 -9999 0.402063596059824 0.402107717978962 0.378500961163857 0.320646900196145 0.224063194620321 0.11398873558353 0.023309424554833 0.0630957207422055 0.163835071292861 0.175363207556135 0.177859133694371 0.253691370688666 0.307420120455119 0.318796460939996 0.300740326277957 0.290307909016018 0.323564640682153 0.369071549180251 0.354956543041574 0.343447484003115 0.365084683146843 0.395766015302657 0.411833753950916 0.381450076090478 0.342936711578623 0.318055119868911 0.309680696706729 0.358842720346195 0.396552312138619 0.418376525927297 0.427352103399788 0.432199250499593 0.433976321378395 0.43479985902968 0.432903938017071 0.42992908891414
-9999 -9999 -9999 -9999 -9999 -9999 -9999 -9999 -9999 -9999 -9999 -9999 -9999 -9999 -9999 -9999 -9999 -9999 -9999 -9999 0.368258872957079 0.356368908432127 0.345397380882827 0.275018968116674 0.170826252295735 0.0967470985527214 0.0107189761069083 0.0288383310216921 0.160663914253873 0.194699771299383 0.176892623536122 0.249614520352063 0.3028632488849 0.282682503786716 0.211533340201947 0.238194102857908 0.333545192302287 0.369442933005631 0.366634253214316 0.359269746359088 0.36681186725055 0.391034225784219 0.404797004524902 0.367776074594562 0.321059220803561 0.289154791307661 0.300903543731308 0.375741383157232 0.402486647867151 0.413176461212194 0.420390916552572 0.425724632173679 0.428261600378813 0.429792812393014 0.429145308733598 0.426716547174441
-9999 -9999 -9999 -9999 -9999 -9999 -9999 -9999 -9999 -9999 -9999 -9999 -9999 -9999 -9999 -9999 -9999 -9999 -9999 -9999 0.392759886318629 0.36670948648718 0.32280928933897 0.228227790794963 0.0985057637874573 0.0308446117436748 0 0.0311478361800534 0.16626747713803 0.186230277299255 0.180508458008255 0.265909929150582 0.313349398347767 0.271291842594197 0.233489056067754 0.308349502001577 0.353978673545215 0.367896179092648 0.37021780044115 0.366142547727701 0.368905919597301 0.386854516291333 0.401134395735661 0.380243257849138 0.332322519279575 0.27612515549795 0.285305863762632 0.362697868576018 0.397737534897063 0.409647276322757 0.41570578416134 0.421455665218456 0.424537750269851 0.426460298417176 0.426515557087533 0.424941169769964
-9999 -9999 -9999 -9999 -9999 -9999 -9999 -9999 -9999 -9999 -9999 -9999 -9999 -9999 -9999 -9999 -9999 -9999 -9999 -9999 -9999 0.390846808600243 0.351301803031766 0.271852204240318 0.13457525693967 0.0408552051946269 0.0179894464096473 0.0507669631686651 0.142374223133378 0.138166718228345 0.133405914776758 0.242463433964299 0.299063537356004 0.311097518359971 0.307464590378332 0.333199419425102 0.345319392340861 0.354659862067365 0.366731688860686 0.369456974912865 0.365190289997933 0.375979404085933 0.390858156761707 0.386700015873416 0.357967067498981 0.286547621090826 0.285987602192207 0.367213606799806 0.395694450193951 0.405173232868997 0.411480886143901 0.416714949246553 0.419899841406023 0.422167440761313 0.423175920688571 0.42215391970762
-9999 -9999 -9999 -9999 -9999 -9999 -9999 -9999 -9999 -9999 -9999 -9999 -9999 -9999 -9999 -9999 -9999 -9999 -9999 -9999 -9999 0.360692224411819 0.362043137054296 0.306386073395465 0.192995772990044 0.0614076376490992 0 0.050274618894285 0.135708032573196 0.114683660100292 0.124258477437817 0.208863288608593 0.278008947532826 0.323106590578364 0.326512217541126 0.331054847246308 0.33584086000293 0.339028883906471 0.353274246297286 0.36246756645332 0.363899179048977 0.370800425156858 0.377339050282305 0.376592242972546 0.352462535924782 0.313681156472106 0.325539738640621 0.369193774796839 0.387938218058587 0.400383870193271 0.406911083544348 0.412401843142942 0.415767962873087 0.418413615980502 0.419993332478216 0.419035110179287
-9999 -9999 -9999 -9999 -9999 -9999 -9999 -9999 -9999 -9999 -9999 -9999 -9999 -9999 -9999 -9999 -9999 -9999 -9999 -9999 -9999 0.349191249013003 0.336672982006762 0.276602404059154 0.173592847988359 0.0856802929519303 0 0.00582378720979747 0.0751682415370269 0.0562591422888943 0.149173034054049 0.23049273671014 0.282067828836813 0.318593732156275 0.324206515922952 0.330032971398764 0.333487597431932 0.331569398276588 0.339930812411149 0.353250456019167 0.353691284589547 0.353323362188482 0.357602505650049 0.351797234929346 0.333000135559964 0.30931093873154 0.319819319117457 0.364593980785597 0.384953048833684 0.397506026738524 0.403817915170537 0.409573799738455 0.413236569574911 0.415898361231928 0.417460392523675 0.417524686081918
-9999 -9999 -9999 -9999 -9999 -9999 -9999 -9999 -9999 -9999 -9999 -9999 -9999 -9999 -9999 -9999 -9999 -9999 -9999 -9999 -9999 -9999 0.349310689939256 0.292876910565879 0.184259036357052 0.0746208685074756 0.00567334329778164 0 0 0.0280276970036113 0.144230929544485 0.237681730131501 0.287487986144334 0.310094830469486 0.315583301213076 0.32279173876795 0.330116919449334 0.325776348106848 0.326162918166066 0.339288434957705 0.339283390024924 0.326186594438069 0.314962749895384 0.322968886881374 0.332098892206123 0.304865731393486 0.304909142759405 0.354084487626352 0.376459034799454 0.394281500209773 0.401512088774109 0.406677992951313 0.409946762408873 0.412560009917891 0.41373354607834 0.413916672417174
-9999 -9999 -9999 -9999 -9999 -9999 -9999 -9999 -9999 -9999 -9999 -9999 -9999 -9999 -9999 -9999 -9999 -9999 -9999 -9999 -9999 -9999 0.371753333274667 0.335268619364054 0.232713244996829 0.138746382722187 0.0300875459439152 0 0 0.00661409597048662 0.1435895681322 0.234494643736306 0.27858235806986 0.302000569394896 0.307365539913397 0.315620467802619 0.325374935196123 0.317881756071749 0.312170656423118 0.326461102713945 0.324613011702864 0.295223889754092 0.281343274852787 0.308893476688063 0.32452081103229 0.309742651552897 0.312711922716441 0.349812230949211 0.374596114508588 0.390742897007412 0.399095958127432 0.404438040567149 0.407083419218801 0.409317462565036 0.410511134329077 0.410438108014032
-9999 -9999 -9999 -9999 -9999 -9999 -9999 -9999 -9999 -9999 -9999 -9999 -9999 -9999 -9999 -9999 -9999 -9999 -9999 -9999 -9999 -9999 0.384863667559103 0.311229792243158 0.246801948330405 0.170500965217784 0 0 0 0.0359385535074731 0.145651510810984 0.243902353223566 0.281035952127118 0.295614356443474 0.30162023904924 0.310184683953869 0.321054728665508 0.324328978660186 0.319383268998473 0.318825457476671 0.303908968351529 0.262210374757676 0.265802772540329 0.305324727303122 0.311968977860106 0.314408029557703 0.331622940650068 0.354913852260235 0.375092902501085 0.389495941505067 0.397330523367953 0.402912894209415 0.405608139603832 0.407552989419028 0.408490766501349 0.408696569595239
-9999 -9999 -9999 -9999 -9999 -9999 -9999 -9999 -9999 -9999 -9999 -9999 -9999 -9999 -9999 -9999 -9999 -9999 -9999 -9999 -9999 0.387517308156364 0.382071325604017 0.331942003454163 0.276542362503823 0.235090260244911 0.100181030083892 0 0 0 0.143336398587305 0.240433462352806 0.269900894762134 0.286462045587192 0.29358247501628 0.302764022318163 0.314861605592581 0.320933365039292 0.316392952780112 0.315363091373593 0.298330228871875 0.27195132974151 0.285881018743162 0.294945558970169 0.292577472564965 0.31365739262225 0.339732403661877 0.357949802594975 0.374366836817579 0.386135577485167 0.393984617223344 0.400069248399784 0.402955293263563 0.404272859248955 0.404533196902317 0.40416775755417
-9999 -9999 -9999 -9999 -9999 -9999 -9999 -9999 -9999 -9999 -9999 -9999 -9999 -9999 -9999 -9999 -9999 -9999 -9999 -9999 -9999 0.365614548571661 0.364801089452618 0.327276770794352 0.288618555626348 0.209707933283118 0.0251260291371432 0 0 0 0.15644501026155 0.238522066660608 0.257608899454141 0.279189844011585 0.289300890390694 0.297945743928778 0.308909654020385 0.314196473348474 0.311909107158112 0.316308585100106 0.312625271011243 0.298093590783474 0.303328423911408 0.307696543450653 0.311221294706049 0.328387335066637 0.344266861818967 0.360570687140241 0.375084480195355 0.384275669545399 0.391113187664292 0.396693853035219 0.399673264117998 0.400568751888978 0.400304432009405 0.400094823714575
-9999 -9999 -9999 -9999 -9999 -9999 -9999 -9999 -9999 -9999 -9999 -9999 -9999 -9999 -9999 -9999 -9999 -9999 -9999 -9999 -9999 0.358523998736531 0.348144247885765 0.318001734017199 0.296830873717143 0.241945656300745 0.076878159284519 0 0 0.0187956989951507 0.180072501526557 0.238409091874266 0.252776967609337 0.270533604539923 0.286124624865558 0.295064063959588 0.305578725561937 0.311361083539147 0.311218716309464 0.316982373349621 0.314802482871664 0.30144887495419 0.306926354042349 0.315864654374063 0.319674225305488 0.332571079285659 0.348018455942628 0.362101124873848 0.374240127660582 0.382388766841501 0.389061249622488 0.394078207093381 0.396482113647193 0.397162714214115 0.397353455165123 0.397315126730259
-9999 -9999 -9999 -9999 -9999 -9999 -9999 -9999 -9999 -9999 -9999 -9999 -9999 -9999 -9999 -9999 -9999 -9999 -9999 -9999 -9999 0.370533487798088 0.358748928169017 0.336187520537899 0.317906998247662 0.295499969930279 0.19887093852312 0.0224502231182581 0 0.0129585698840552 0.174552702383355 0.233848091296726 0.229534694645312 0.247239686151825 0.276843824795695 0.290223211890648 0.301224040890114 0.309103190899585 0.314945945247877 0.32128725191581 0.316921761178867 0.30706918083073 0.3139766849607 0.327229797540753 0.336672775097165 0.346191748135777 0.35552301257034 0.365509065297853 0.37436603494175 0.380469490727529 0.38646156068442 0.390160969631493 0.391471020612989 0.392063317137469 0.392696526266768 0.393078783546654
-9999 -9999 -9999 -9999 -9999 -9999 -9999 -9999 -9999 -9999 -9999 -9999 -9999 -9999 -9999 -9999 -9999 -9999 -9999 -9999 -9999 0.383714392192998 0.370883838948764 0.34621897076599 0.315830522096066 0.286765228769179 0.187955718031468 0 0 0.0471484443041046 0.148857660289717 0.216689432733762 0.213217899550684 0.239281119701372 0.269958537395466 0.28440127615933 0.297008861437382 0.305127734331675 0.311278184614426 0.315323429898166 0.310049649814445 0.305157701781441 0.313983189578182 0.326062253563883 0.336396685020335 0.347117893154628 0.355736427290005 0.363972751282775 0.372214917320902 0.377558275738758 0.381694591071751 0.384847142689583 0.386262376948813 0.38747055057523 0.388543667622059 0.389075974627476
-9999 -9999 -9999 -9999 -9999 -9999 -9999 -9999 -9999 -9999 -9999 -9999 -9999 -9999 -9999 -9999 -9999 -9999 -9999 -9999 0.38183099122286 0.379088206275018 0.357830380088608 0.308312882977978 0.260698073391536 0.227297240833768 0.120980474244235 0 0 0.00930668203645598 0.116951118970955 0.193706774879772 0.199224261984223 0.231223331201082 0.265508831858513 0.280816845413521 0.293877193361839 0.302236102495647 0.308552738590991 0.307787607080413 0.301047602980649 0.305106617188792 0.316688404652268 0.326522936828726 0.336241281803677 0.346299562654917 0.354511222709909 0.361710182816484 0.369274727871032 0.374750345905583 0.378133556273294 0.380842780672987 0.382647891261821 0.384169918019838 0.385666985367974 0.386439398136747
-9999 -9999 -9999 -9999 -9999 -9999 -9999 -9999 -9999 -9999 -9999 -9999 -9999 -9999 -9999 -9999 -9999 -9999 -9999 -9999 0.359203729032163 0.359044972032084 0.35258243902176 0.320757904393419 0.292167325156807 0.277136281868035 0.152350289751667 0.00653258291471861 0 0 0.0863456976896896 0.15223712603836 0.182025452822443 0.230753646937638 0.2610855189704 0.276225099704483 0.289147760204386 0.297347441264705 0.304132523308039 0.302165320410638 0.294464166543272 0.302500403442352 0.317091858035081 0.325576638101358 0.334230146575262 0.343551447396403 0.351015248396674 0.357595361075318 0.364661083941817 0.369584887437164 0.37264530034899 0.375348771798989 0.377236332079304 0.379111780997263 0.381008450594346 0.381792444926368
-9999 -9999 -9999 -9999 -9999 -9999 -9999 -9999 -9999 -9999 -9999 -9999 -9999 -9999 -9999 -9999 -9999 -9999 -9999 -9999 0.348875132881107 0.355182223099534 0.358836328591033 0.34400835186582 0.315890894316364 0.229479886715384 0.100817368693127 0 0 0.0446154022164987 0.0860311753050616 0.146623343440428 0.172217246422463 0.227382713442128 0.260556912145368 0.273008217221692 0.284068715545334 0.29259843346943 0.299432647170518 0.300662995132829 0.296954946702176 0.302922673873394 0.31495932763996 0.323348793665325 0.331170597833858 0.340088235308803 0.347101405228538 0.353332496996864 0.360348896777798 0.364714265302599 0.367547626784959 0.370251593210389 0.372012293279063 0.373932454929831 0.376091096309702 0.377365471518765
-9999 -9999 -9999 -9999 -9999 -9999 -9999 -9999 -9999 -9999 -9999 -9999 -9999 -9999 -9999 -9999 -9999 -9999 -9999 -9999 0.359382853762007 0.355483807485516 0.354485562411749 0.334150870862088 0.296125665202867 0.200733461796421 0.0670418504768097 0 0 0.0480197851986158 0.110901286701283 0.152449841877173 0.171259776512607 0.220048635390981 0.256888051684653 0.270021333395783 0.281115147452369 0.289495827248304 0.296138552518566 0.301140701461915 0.301686871417392 0.304143519131243 0.312432384703869 0.320311021645924 0.327620238628072 0.336075191641384 0.343041810280548 0.349311888252508 0.356133222705608 0.360466792069864 0.363278474340795 0.36615625777187 0.36801641581435 0.369819595998973 0.371970312908522 0.373278717238759
-9999 -9999 -9999 -9999 -9999 -9999 -9999 -9999 -9999 -9999 -9999 -9999 -9999 -9999 -9999 -9999 -9999 -9999 -9999 -9999 0.378128543894197 0.367390931120252 0.340843485472185 0.326017312892686 0.29521700416346 0.211489733772746 0.0987510062554383 0 0 0.0717643713286518 0.135506300085034 0.158296767313536 0.166653395482768 0.200872136497553 0.246355690513414 0.266934653221368 0.278869123658053 0.286064774324577 0.292137190815057 0.298971829241437 0.303187495163766 0.305222320092077 0.31037966715393 0.316314967314005 0.322491009704089 0.329480572365943 0.334893835062825 0.341888286944002 0.349313833612521 0.353643482150175 0.356947604544525 0.360124063959901 0.362192954886947 0.364094563026959 0.366205813350931 0.367681832941945
-9999 -9999 -9999 -9999 -9999 -9999 -9999 -9999 -9999 -9999 -9999 -9999 -9999 -9999 -9999 -9999 -9999 -9999 -9999 -9999 0.371080495841205 0.364908548254608 0.348243403619065 0.323194843841172 0.272473926737537 0.200448372322024 0.108088084755181 0 0 0.10224271897331 0.15283930006056 0.161772113742589 0.163926869919189 0.182901388056854 0.227310490763513 0.262854056038051 0.276977853974243 0.283553509375888 0.288905193265611 0.295212133100991 0.29984107795235 0.302272449365699 0.306436689656175 0.311336402519492 0.316470150516884 0.322267469756968 0.327446041392434 0.334874861382389 0.342042949666293 0.346274282096929 0.349850291185281 0.353400339248267 0.355699197592704 0.357923177847514 0.360525261119741 0.362518300404596
