layers/veg_krg_sqold/veg4900.asc
NCOLS 255 
NROWS 330 
XLLCORNER -2985163.8955 
YLLCORNER -3022031.214 
CELLSIZE 25000 
NODATA_value -9999 
[rows 250 to 274 of 330, columns 56 to 111 of 255]
-9999 -9999 -9999 -9999 -9999 -9999 -9999 -9999 -9999 -9999 -9999 -9999 -9999 -9999 -9999 -9999 -9999 0.578019068526593 0.588162938285817 0.604649157774658 0.598689314605008 0.566907663321047 0.51618685802949 0.484670084749212 0.469364173968931 0.460370799354356 0.468010639917265 0.472883686661835 0.472258320069992 0.46125431260413 0.439337413502491 0.433762852638056 0.426294862859173 0.406114276750724 0.398626485445601 0.411330430882907 0.41481108058115 0.413452638849777 0.409903586214627 0.406046489525785 0.401628540179953 0.405897112421309 0.416402370810219 0.422874123458048 0.424897805971074 0.431357355510352 -9999 -9999 -9999 0.41011999350278 0.411646592776589 0.414693505480768 0.41630543627556 0.417384986543771 0.417457170574874 -9999
-9999 -9999 -9999 -9999 -9999 -9999 -9999 -9999 -9999 -9999 -9999 -9999 -9999 -9999 -9999 -9999 -9999 0.601615159585311 0.605274871719632 0.622009879390574 0.617507646558808 0.598167370901947 0.567911991850295 0.52808068574754 0.515590441246353 0.532277866600457 0.51543715317632 0.495055862215758 0.491065715626425 0.477802967997104 0.46301846993467 0.473770761030627 0.470773873373234 0.44995582446895 0.438116550865519 0.431327920849531 0.422729971999519 0.406292655959435 0.388145126506924 0.37671783344955 0.368096854198234 0.381026304276926 0.405889990570253 0.424164560324665 0.432907670449381 0.437020127820096 0.441333237921553 -9999 -9999 -9999 -9999 -9999 -9999 -9999 -9999 -9999
-9999 -9999 -9999 -9999 -9999 -9999 -9999 -9999 -9999 -9999 -9999 -9999 -9999 -9999 -9999 -9999 -9999 0.612393225483149 0.62242437845042 0.632564834889424 0.630654964613019 0.614271312990537 0.590516274923604 0.539355413164114 0.506142473153036 0.531766838993922 0.535253122360889 0.516716376141318 0.500104115381325 0.490505555983096 0.481234669513559 0.485807420991173 0.48388068991394 0.468908145647143 0.453786673329704 0.438751245360849 0.422989890637661 0.407634310836682 0.394028533957045 0.375951393646889 0.361755749478504 0.380050472815415 0.412904470860386 0.431948457165604 0.439146935765177 0.444821681688358 0.4500408323129 -9999 -9999 -9999 -9999 -9999 -9999 -9999 -9999 -9999
-9999 -9999 -9999 -9999 -9999 -9999 -9999 -9999 -9999 -9999 -9999 -9999 -9999 -9999 -9999 -9999 -9999 0.634003952926054 0.633344744643166 0.643521006156024 0.645931226970101 0.619120712551641 0.591704837219684 0.585021524416454 0.571801524856684 0.529829439877741 0.503114761842722 0.52241159190976 0.498570507936917 0.483838337898646 0.487335967102642 0.489148729310335 0.481503885007337 0.470235408288446 0.459204989290875 0.442477273134531 0.429537841952197 0.41616978762282 0.401266872923436 0.387293192757589 0.381179388632964 0.399906119544732 0.428435769856767 0.443527666855221 0.44575743239628 0.450619556134124 0.458420073322184 -9999 -9999 -9999 -9999 -9999 -9999 -9999 -9999 -9999
-9999 -9999 -9999 -9999 -9999 -9999 -9999 -9999 -9999 -9999 -9999 -9999 -9999 -9999 -9999 -9999 -9999 0.662527865935636 0.660429507861929 0.664090108373084 0.658672811049618 0.647194712711145 0.631979714034873 0.610746171325086 0.591334859632215 0.566919354936252 0.541898141037419 0.545698818411955 0.540345730279524 0.516511588289011 0.496302733381729 0.482591259115702 0.469473368407116 0.454284462565743 0.458699530004261 0.445339058770371 0.434233305264866 0.432217864186726 0.428260144641748 0.438769746714014 0.439815770726763 0.438396544458903 0.445629708075733 0.452100617478264 0.456819321617488 0.462595102337166 0.471429475921654 -9999 -9999 -9999 -9999 -9999 -9999 -9999 -9999 -9999
-9999 -9999 -9999 -9999 -9999 -9999 -9999 -9999 -9999 -9999 -9999 -9999 -9999 -9999 -9999 -9999 -9999 0.679822547637042 0.679600746898515 0.678425342766888 0.645654073893136 0.636761709138936 0.630916091242658 0.633087210096451 0.633569124447663 0.611572115421903 0.589591054179807 0.587839507911397 0.575769229863176 0.561579970064508 0.535657625549767 0.509230393010645 0.484897702547284 0.454707875692297 0.43854833746061 0.429632049903481 0.428377613572144 0.428179313473887 0.431071113958984 0.455765770784518 0.468103264354647 0.465340035394707 0.46492815806974 0.472070587520619 0.476363759615373 0.48180225579474 0.487557406195619 0.489985687882444 -9999 -9999 0.478855049020866 0.476017690318656 -9999 -9999 -9999 -9999
-9999 -9999 -9999 -9999 -9999 -9999 -9999 -9999 -9999 -9999 -9999 -9999 -9999 -9999 -9999 -9999 0.664528720349445 0.679291397977068 0.692189102144829 -9999 0.665262367478087 0.67094244170805 0.65203277248455 0.60572491334889 0.612320623217978 0.619113723554163 0.609377778682077 0.605511915202652 0.590291928017227 0.571767497572253 0.553403779959633 0.530350260600549 0.494314742513734 0.455888155492424 0.434250979903901 0.424718147166085 0.434826442509299 0.445521132944318 0.454273567199019 0.473721098803238 0.482438638781893 0.479599143857878 0.479597113688278 0.485676925198978 0.488914578225102 0.491961880323765 0.493389019358811 0.490822539543391 0.489263776212201 0.486561283446435 0.483605042496358 0.485610589660915 -9999 -9999 -9999 -9999
-9999 -9999 -9999 -9999 -9999 -9999 -9999 -9999 -9999 -9999 -9999 -9999 -9999 -9999 -9999 -9999 0.631941433245419 0.654605697278442 0.690423079477301 0.701374475826058 -9999 0.682809598217961 0.635581624923598 0.582955013715064 0.608462581473984 0.635615030203507 0.622469006760609 0.616528564464887 0.611908695688606 0.581619011242808 0.562743666041495 0.561954730688113 0.537959622333987 0.50930522464656 0.487206126127943 0.4816389867743 0.476529140020228 0.464939384498023 0.470597425442179 0.493643444326266 0.509989189788769 0.508354997972518 0.506554110767774 0.510004121896451 0.508618990463923 0.505630764736567 0.503485749139894 0.499080512406861 0.492114357705871 0.491078295134917 0.493769375996432 0.495683530446469 -9999 -9999 -9999 -9999
-9999 -9999 -9999 -9999 -9999 -9999 -9999 -9999 -9999 -9999 -9999 -9999 -9999 -9999 -9999 -9999 0.638773726678983 0.658243709028787 0.690400678116402 -9999 -9999 0.664896773055518 0.68781765229011 0.658864903668841 0.625900695376606 0.64848052835293 0.619896947311849 0.611536548637897 0.626857163499256 0.606277780281961 0.593285536257915 0.58932488154956 0.559785895338565 0.521562414269212 0.489211617201946 0.489969435438785 0.48668688361419 0.481568429728764 0.492822929415796 0.523240595683246 0.551613808646181 0.543929073413761 0.532471756732971 0.528144535011092 0.523072964182759 0.516277391253931 0.517289440310907 0.518677684951995 0.514017946590593 0.508083305642033 0.501026258181478 0.502019808563271 -9999 -9999 -9999 -9999
-9999 -9999 -9999 -9999 -9999 -9999 -9999 -9999 -9999 -9999 -9999 -9999 -9999 -9999 -9999 -9999 0.673435248934953 0.67787103360549 0.698904383190342 -9999 0.668520931328057 0.655271649322742 0.628982867994806 0.599912865188284 0.59376746404569 0.601084747607145 0.601196243505465 0.606499619678279 0.61403065496156 0.592924892962025 0.583624776663275 0.59196077619361 0.569953419795568 0.542834666214885 0.535560224278564 0.512619678004375 0.504465993100853 0.5213272671442 0.535937788224229 0.557630116338266 0.567163900463723 0.557980476222295 0.543565660249259 0.533697548867659 0.528098234235112 0.525428802102682 0.525128759794601 0.519806837574708 0.51484239332723 0.514620982396496 -9999 -9999 -9999 -9999 -9999 -9999
-9999 -9999 -9999 -9999 -9999 -9999 -9999 -9999 -9999 -9999 -9999 -9999 -9999 -9999 -9999 -9999 0.708849705857099 0.707377326621964 0.705310203103109 -9999 0.691292313260299 0.678272316235486 0.643673148009016 0.615365233707512 0.605186534379845 0.618069518125413 0.631519249913439 0.623086604790508 0.633486757101353 0.619270734682048 0.582254124892244 0.560823289686237 0.568526882319448 0.572533668869531 0.563267444694513 0.553251322194681 0.550890754716061 0.565019470493708 0.571446323938456 0.575156440192618 0.569329836817385 0.559264463379817 0.54746286503694 0.541127830046413 0.537686202287535 0.536039016106757 0.534116597941825 0.530949208621124 0.52991027930836 -9999 -9999 -9999 -9999 -9999 -9999 -9999
-9999 -9999 -9999 -9999 -9999 -9999 -9999 -9999 -9999 -9999 -9999 -9999 -9999 -9999 -9999 -9999 0.70954389880843 0.70764080872462 0.708878723619442 -9999 0.704428248923451 0.684037314947543 0.65332512556746 0.622090951835415 0.588607898241985 0.606725674399482 0.636240150121597 0.605733495681979 0.604240542543975 0.614395372809891 0.597804542603931 0.58495012731749 0.584903767136014 0.581618535833953 0.571792438022407 0.590403180085321 0.594300011391036 0.588143478842478 0.578955353333778 0.570859429995073 0.56584749153266 0.560602387482986 0.556191788873591 0.555881213244801 0.54508891844589 0.531599244308347 0.530013842682396 -9999 -9999 -9999 -9999 -9999 -9999 -9999 -9999 -9999
-9999 -9999 -9999 -9999 -9999 -9999 -9999 -9999 -9999 -9999 -9999 -9999 -9999 -9999 -9999 -9999 -9999 0.714886783763301 0.716349801599979 -9999 0.721238692481538 0.678057650004251 0.66623609229873 0.669703277442486 0.599209320097403 0.599752972980506 0.61699088724504 0.60412571394394 0.614584949563498 0.615869645902531 0.605521987488536 0.602391220235903 0.592075136862394 0.582956305793022 0.580983704633219 0.596915338659934 0.601439309931242 0.591569794073718 0.57906313763917 0.57246288075604 0.56751664270616 0.563433247650691 0.5619721703271 0.557680999329489 0.543013547853264 0.542747725535101 -9999 -9999 -9999 -9999 -9999 -9999 -9999 -9999 -9999 -9999
-9999 -9999 -9999 -9999 -9999 -9999 -9999 -9999 -9999 -9999 -9999 -9999 -9999 -9999 -9999 -9999 -9999 -9999 -9999 -9999 0.729506547516405 0.692223543165603 0.670211575600665 0.670550602113236 0.637421392741118 0.623082543552043 0.620416539397943 0.620599629771293 0.620237985526166 0.626531058845511 0.621354885942805 0.622680158163467 0.614524843086419 0.61441172074602 0.628330699822679 0.621423471509381 0.611087784610587 0.601548309813111 0.5937926028596 0.583925320874396 0.572740691825299 0.567192554363844 0.558349706177755 0.548218788807472 0.54271058706392 0.544835933256052 0.55294167580984 -9999 -9999 -9999 -9999 -9999 -9999 -9999 -9999 -9999
-9999 -9999 -9999 -9999 -9999 -9999 -9999 -9999 -9999 -9999 -9999 -9999 -9999 -9999 -9999 -9999 -9999 -9999 -9999 -9999 0.732452140898982 0.723228879208283 0.699263081683532 0.661355461503067 0.617884202734927 0.626932535777679 0.646824444897735 0.638735702097216 0.639755115289745 0.638040268582967 0.623514041061585 0.626150697276281 0.623990959662348 0.623071002597995 0.632103366164096 0.621375921627532 0.603341625839094 0.596503074622161 0.597708173963917 0.594113803148812 0.585492108852906 0.575102493176146 0.56338800098643 0.551390741352668 0.546277491602886 0.551033562878795 0.561355971702464 -9999 -9999 -9999 -9999 -9999 -9999 -9999 -9999 -9999
-9999 -9999 -9999 -9999 -9999 -9999 -9999 -9999 -9999 -9999 -9999 -9999 -9999 -9999 -9999 -9999 -9999 -9999 -9999 -9999 0.725302157361213 0.714996434003764 0.734469470525664 0.718218763637926 0.667493329732795 0.673754114233491 0.670802136030353 0.67158491332033 0.672006217890758 0.657401391619903 0.637199191073034 0.619269100344812 0.612753278152757 0.620574385265808 0.628704324586807 0.617212373636664 0.600508042439789 0.597458205501053 0.597381579292932 0.593825681938045 0.583025335135455 0.572881844980364 0.559620121896759 0.552303168818325 0.5494809568135 0.555774554110017 0.565206857832683 -9999 -9999 -9999 -9999 -9999 -9999 -9999 -9999 -9999
-9999 -9999 -9999 -9999 -9999 -9999 -9999 -9999 -9999 -9999 -9999 -9999 -9999 -9999 -9999 -9999 -9999 -9999 0.772943370908875 0.761302138221599 0.74875865612014 0.729182371139289 0.714584440179318 0.712789640256838 0.69143026678998 0.695570818005599 0.713366781537705 0.698751684537924 0.69664196327711 0.694448112443244 0.675462512765653 0.657137271592789 0.635286042152569 0.632781513378236 0.638765326845424 0.615025728661984 0.606882080770645 0.614492725722279 0.611328436208149 0.600294435806475 0.59017252081872 0.578138188232441 0.562274087735656 0.558937001522942 0.56332336156201 0.571638705338795 -9999 -9999 -9999 -9999 -9999 -9999 -9999 -9999 -9999 -9999
-9999 -9999 -9999 -9999 -9999 -9999 -9999 -9999 -9999 -9999 -9999 -9999 -9999 -9999 -9999 -9999 -9999 -9999 0.7775203354836 0.785830526492846 0.784641422917597 0.762320975766706 0.749850407699565 0.747222349971129 0.734459741656096 0.735210429896551 0.72686571371165 0.717161741192811 0.723468304462615 0.719749318839957 0.703165916158565 0.677077308822715 0.646408183193641 0.645088220191125 0.656676297237722 0.64484646765931 0.633830852547002 0.622863415760076 0.61254575384744 0.603872667190641 0.588842323379309 0.575747160292105 0.583095254062487 0.588822831500403 0.586681749514206 0.585539765957928 -9999 -9999 -9999 -9999 -9999 -9999 -9999 -9999 -9999 -9999
-9999 -9999 -9999 -9999 -9999 -9999 -9999 -9999 -9999 -9999 -9999 -9999 -9999 -9999 -9999 -9999 -9999 -9999 0.76535775101746 0.78735266197715 0.785084268837739 0.759021981623411 0.743226721446436 0.739458354852885 0.747811613185442 0.742828065007577 0.720899477934892 0.702728113330362 0.720993812852018 0.728390720357692 0.706305159681742 0.67609787694041 0.654674742601012 0.655320825270235 0.657133025416408 0.646280112983123 0.637372665610737 0.619814449588804 0.607432949917688 0.602048499204316 0.586068404119531 0.582073798595121 0.596797882609821 0.595874613989868 0.587370500175062 0.580754380558839 -9999 -9999 -9999 -9999 -9999 -9999 -9999 -9999 -9999 -9999
-9999 -9999 -9999 -9999 -9999 -9999 -9999 -9999 -9999 -9999 -9999 -9999 -9999 -9999 -9999 0.752360549850295 -9999 0.76536744915633 0.778159477055244 0.796163086356311 0.771380960891144 0.761798831335114 0.74865234698192 0.745724843130737 0.750000900704364 0.751394541720728 0.74600298568133 0.741301003984227 0.739978523736198 0.730973269904974 0.715564851655823 0.698263569617384 0.672730461605056 0.662338488934775 0.660394169793217 0.642021738600404 0.625869619383931 0.612651258551282 0.609511617296517 0.598215887547614 0.59363792219947 0.605051979563105 0.610856696294316 -9999 -9999 -9999 -9999 -9999 -9999 -9999 -9999 -9999 -9999 -9999 -9999 -9999
-9999 -9999 -9999 -9999 -9999 -9999 -9999 -9999 -9999 -9999 -9999 -9999 -9999 -9999 -9999 -9999 -9999 0.778536996431129 0.781092575238959 0.781811666213771 0.789522924463223 0.763392213707322 0.740491661388972 0.740623474326737 0.740757654597776 0.763298408960339 0.777093920245198 0.750141545795823 0.739573850642979 0.731198299860414 0.720405463909025 0.705930983963095 0.678834593027844 0.668240463594517 0.674441554809571 0.658665868652929 0.638370468689901 0.621543979860732 0.600245573295118 0.59755545768 0.611153752109501 -9999 -9999 -9999 -9999 -9999 -9999 -9999 -9999 -9999 -9999 -9999 -9999 -9999 -9999 -9999
-9999 -9999 -9999 -9999 -9999 -9999 -9999 -9999 -9999 -9999 -9999 -9999 -9999 -9999 -9999 -9999 -9999 0.764004929843415 0.777209796211795 -9999 0.801901408475718 0.790411920521631 0.768894286344689 0.775967120825011 0.765384390390369 0.748920684355871 0.747469206209712 0.742898955088388 0.738661780312297 0.733087101903289 0.718734034229674 0.703880249669369 0.679160477702723 0.667767339511101 0.676277555064102 0.658818951997384 0.631243728605986 0.602091546210778 0.589208855071859 0.597246785779774 -9999 -9999 -9999 -9999 -9999 -9999 -9999 -9999 -9999 -9999 -9999 -9999 -9999 -9999 -9999 -9999
-9999 -9999 -9999 -9999 -9999 -9999 -9999 -9999 -9999 -9999 -9999 -9999 -9999 -9999 -9999 -9999 -9999 0.770334841563558 0.785194886809412 -9999 0.77654292169476 0.771340364862723 0.768348197219337 0.773832789033538 0.782860417379193 0.767958213484197 0.741624849002013 0.732477862165996 0.729671056843262 0.724746007478246 0.712630669091147 0.698452910695305 0.678997439735915 0.664357257902071 0.659641949359965 0.642030949717719 0.612737054319989 0.59793590745011 0.605661231183727 0.616587708822336 -9999 -9999 -9999 -9999 -9999 -9999 -9999 -9999 -9999 -9999 -9999 -9999 -9999 -9999 -9999 -9999
-9999 -9999 -9999 -9999 -9999 -9999 -9999 -9999 -9999 -9999 -9999 -9999 -9999 -9999 -9999 0.77255026107892 0.754054532648662 0.75744953558602 0.766936156747876 -9999 0.805435368422096 0.75372542805058 0.715780914128422 0.718841182985535 0.701130236922256 0.696512076201233 0.72467509195715 0.713414241115852 0.706540550771259 0.704070015766697 0.693538129207415 0.683249832186542 0.673943502217492 0.663257297880624 0.64621512360472 0.625622005023391 0.628390068555869 0.637758547303025 0.629677279758935 0.625119924269501 -9999 -9999 -9999 -9999 -9999 -9999 -9999 -9999 -9999 -9999 -9999 -9999 -9999 -9999 -9999 -9999
-9999 -9999 -9999 -9999 -9999 -9999 -9999 -9999 -9999 -9999 -9999 -9999 -9999 -9999 0.779718411866441 0.772245821352916 0.754572922653679 0.748145320420692 0.774785041957043 0.81229022816906 0.790019300874366 0.735187459167404 0.742704549362511 0.744892954545578 0.698495040109808 0.685247474985215 0.685819373208724 0.691816671119968 0.694061311320905 0.694144526479992 0.686459751754884 0.673145749277967 0.661481444267903 0.653206001513982 0.639625971107635 0.627835771815571 0.636383419987584 0.638199645921507 0.627115194472803 0.610920276611308 -9999 -9999 -9999 -9999 -9999 -9999 -9999 -9999 -9999 -9999 -9999 -9999 -9999 -9999 -9999 -9999
