layers/veg_krg_sqold/veg4600.asc
NCOLS 255 
NROWS 330 
XLLCORNER -2985163.8955 
YLLCORNER -3022031.214 
CELLSIZE 25000 
NODATA_value -9999 
[rows 150 to 174 of 330, columns 56 to 111 of 255]
-9999 -9999 -9999 -9999 -9999 -9999 -9999 -9999 -9999 -9999 -9999 -9999 -9999 -9999 -9999 -9999 -9999 -9999 -9999 -9999 -9999 -9999 0.478236879117925 0.436130584183791 0.347229616980893 0.227158720666697 0.122868542637683 0.0687126192798643 0.0755529890510287 0.11355751461365 0.141568875901035 0.147928667328162 0.146167453130436 0.141347604867434 0.138537673597528 0.129002762365723 0.0785982787877434 0.0406688502318976 0.061143127549142 0.10467245532874 0.124093922729381 0.151072518529967 0.211791228020777 0.207329731184551 0.21601688426467 0.263555460005084 0.311011580268154 0.369764055688458 0.419325314415936 0.415884310891475 0.437161578556908 0.470396160416478 0.4776585579113 0.479546288727112 0.476359253700637 0.474395004557954
-9999 -9999 -9999 -9999 -9999 -9999 -9999 -9999 -9999 -9999 -9999 -9999 -9999 -9999 -9999 -9999 -9999 -9999 -9999 -9999 -9999 -9999 0.456240874744662 0.434639558278213 0.384179703426213 0.303154545292463 0.187198090925503 0.0995428166247381 0.0934609833199989 0.116389211502487 0.135651686884074 0.142497883949446 0.13944910809575 0.13366140348475 0.127986695965283 0.115770018043572 0.0770063879919969 0.0255237967302691 0.0236754118404953 0.0818469953747922 0.10637607194165 0.123412937666454 0.155791574844693 0.17847727109512 0.221959509309897 0.233308884507095 0.302299272953791 0.369639232590757 0.419707209886243 0.408158041622122 0.425874149581378 0.468335395806684 0.475840490716452 0.478148665338876 0.477632448743002 0.474693657636099
-9999 -9999 -9999 -9999 -9999 -9999 -9999 -9999 -9999 -9999 -9999 -9999 -9999 -9999 -9999 -9999 -9999 -9999 -9999 -9999 -9999 -9999 0.476080066777806 0.455155901238596 0.413088404379587 0.352174275289875 0.23147667010764 0.0864367735982341 0.0457908424909429 0.100649537224502 0.121620902967505 0.119531652820826 0.134553728262399 0.137107622391974 0.136383283479745 0.122102918671716 0.0652840568883419 0.0253779070008051 0.053557226714104 0.0720411843433107 0.0662902314498303 0.102915669321254 0.161263340292133 0.148566015870286 0.190146275129566 0.269245449177105 0.345978496045002 0.392248558000368 0.418488938106855 0.42591853468234 0.442409844690459 0.469246458778468 0.475715505459309 0.478167784840852 0.479222437715286 0.477828571985344
-9999 -9999 -9999 -9999 -9999 -9999 -9999 -9999 -9999 -9999 -9999 -9999 -9999 -9999 -9999 -9999 -9999 -9999 -9999 -9999 -9999 -9999 -9999 0.46631916886946 0.434106993047705 0.385804760644888 0.263859475358329 0.111578094081848 0.0405441238957132 0.0778922365557545 0.129180737223087 0.139475172373213 0.136315473134088 0.136833223076349 0.136994413446015 0.11961373976 0.0726171979670032 0.0620736894900717 0.101276545674227 0.0989378724454337 0.11854921654373 0.15425379940895 0.163568358156139 0.150840972379175 0.181686356027911 0.266103783304683 0.315179086357437 0.388047667416962 0.423757608892374 0.435400244839242 0.454751545207583 0.473510084145458 0.478871455797967 0.481257823017815 0.482944429068795 0.482376222648413
-9999 -9999 -9999 -9999 -9999 -9999 -9999 -9999 -9999 -9999 -9999 -9999 -9999 -9999 -9999 -9999 -9999 -9999 -9999 -9999 -9999 -9999 -9999 0.460870273580582 0.457922456494077 0.428552772883239 0.304605573668419 0.15576694535093 0.0784335502459182 0.0786890810319544 0.128593569402546 0.138084472027087 0.138076222850474 0.13848564128288 0.138156339944694 0.122876024066874 0.0978849709767166 0.101930153393108 0.107666228205833 0.122634241754566 0.170250288298062 0.172783617962917 0.163578778293666 0.175736298867075 0.237603809032348 0.302377772631607 0.331130168973394 0.398715029066003 0.41417651709766 0.42208185590221 0.451432092462982 0.472305723589994 0.480325557397365 0.484721007402305 0.487322455434092 0.487971824717955
-9999 -9999 -9999 -9999 -9999 -9999 -9999 -9999 -9999 -9999 -9999 -9999 -9999 -9999 -9999 -9999 -9999 -9999 -9999 -9999 -9999 -9999 -9999 0.466153391458749 0.464339146463594 0.44713710493799 0.330883900514296 0.164074068955705 0.0820016150726448 0.0839664135693143 0.128843879733222 0.135600116955763 0.135412257141339 0.136443090989698 0.136502061828137 0.122784831416701 0.108095958453297 0.0977293284931093 0.0927137369079782 0.0988388774414351 0.152131188427938 0.186367131349577 0.158354555787356 0.180385726422762 0.2437439004392 0.337114639172224 0.385945296808764 0.41183849087715 0.407896823887149 0.420676096802894 0.446952024529349 0.474287811417324 0.482754401139919 0.486943420906424 0.490248952418561 0.491564817672793
-9999 -9999 -9999 -9999 -9999 -9999 -9999 -9999 -9999 -9999 -9999 -9999 -9999 -9999 -9999 -9999 -9999 -9999 -9999 -9999 -9999 -9999 -9999 0.468185882985588 0.465634931859483 0.464067068185404 0.376475258138169 0.190294865544556 0.0929633055115073 0.0985954568790835 0.112757848591813 0.129404453794453 0.128858280376559 0.129355717641228 0.134371418578419 0.131614250257934 0.124296855669273 0.103223777813787 0.0913310592423714 0.113392873795186 0.163257713735534 0.203555440268831 0.18350132743952 0.167580764311863 0.216136502151594 0.312123846761602 0.400153846724693 0.434620739148921 0.423129600233453 0.428833636074713 0.461059325746502 0.480551762435661 0.489164279023425 0.492921761308781 0.495423081787803 0.496624617757787
-9999 -9999 -9999 -9999 -9999 -9999 -9999 -9999 -9999 -9999 -9999 -9999 -9999 -9999 -9999 -9999 -9999 -9999 -9999 -9999 -9999 -9999 -9999 0.475507703089797 0.466776474499191 0.458586098345765 0.404216171750636 0.223154375248255 0.0846568575674193 0.0727977664793591 0.0834980424278184 0.113734390265761 0.117977388158734 0.11829138849346 0.1289678138571 0.126024694102487 0.117985123402872 0.103998401603816 0.0931348883230975 0.127393442017232 0.19232445773364 0.199516859718886 0.19710112831989 0.203249083352267 0.247137430943324 0.346925205464294 0.409901512188537 0.456103853138871 0.450666309208361 0.455594065684526 0.47856577533518 0.491339720540629 0.496647696002517 0.499661341075699 0.500612353907988 0.500755066774663
-9999 -9999 -9999 -9999 -9999 -9999 -9999 -9999 -9999 -9999 -9999 -9999 -9999 -9999 -9999 -9999 -9999 -9999 -9999 -9999 -9999 -9999 -9999 0.472172638525313 0.466424354740852 0.464938090460271 0.418725977042353 0.2386357288559 0.0715631955826249 0.0478747164721397 0.0609864185959925 0.0764868119052913 0.101792248577479 0.111966703495519 0.108244893613097 0.112160405647286 0.108668741583781 0.084848902192869 0.0716200260283704 0.0838943615295655 0.125584745308576 0.164874110766852 0.190722160807661 0.196795628702778 0.229355038065575 0.320850708427705 0.37674861520914 0.437323515643838 0.477462864388722 0.487576281844386 0.497686658764768 0.498530969794772 0.502840155715827 0.50581058891638 0.505772525766131 0.505035087663721
-9999 -9999 -9999 -9999 -9999 -9999 -9999 -9999 -9999 -9999 -9999 -9999 -9999 -9999 -9999 -9999 -9999 -9999 -9999 -9999 -9999 -9999 -9999 0.469408788410075 0.472170165504167 0.476039916105709 0.436821467372393 0.279831081901508 0.109007567917001 0.0617045612991805 0.0807320196086904 0.0885612233711387 0.0786412880423874 0.0882608476118229 0.104002194627148 0.109497473430916 0.0978450442331429 0.0727497523577882 0.062954827699705 0.0816908593625686 0.122608259986213 0.159601983176866 0.176826431842683 0.194900986489419 0.241447317312087 0.29472978131553 0.345404266970549 0.420354830893012 0.463651248350938 0.492189878931062 0.507757523221063 0.507081716002005 0.510194565567921 0.511866142240423 0.51096983786285 0.510003517259721
-9999 -9999 -9999 -9999 -9999 -9999 -9999 -9999 -9999 -9999 -9999 -9999 -9999 -9999 -9999 -9999 -9999 -9999 -9999 -9999 -9999 -9999 -9999 0.467209040559286 0.474750668158378 0.484291957730183 0.451050316189287 0.297129989092119 0.132557690377435 0.0997050395829148 0.0774538201068134 0.0327689165846434 0.021164541475476 0.0554058809894219 0.0889605233145558 0.101179631514428 0.0783689674397484 0.0558174606475871 0.0520574360714914 0.0882634783980127 0.155466359199893 0.181399119385234 0.144118713509643 0.14717256659202 0.251760078007408 0.325047852143225 0.360409346499084 0.40637632415223 0.426880695251713 0.475811946089347 0.506362226454937 0.511985000289174 0.516996164189369 0.516437805688609 0.515378166271755 0.514266537852651
-9999 -9999 -9999 -9999 -9999 -9999 -9999 -9999 -9999 -9999 -9999 -9999 -9999 -9999 -9999 -9999 -9999 -9999 -9999 -9999 -9999 -9999 -9999 0.462022975652671 0.465835886568478 0.465948275183474 0.442034975801399 0.299114503458627 0.145150346247811 0.0831024317845663 0.0482093925445968 0.0546887988087545 0.0322803498507048 0.0267822467463999 0.0745270737487753 0.0874037463405145 0.0592068892408933 0.0325234932320192 0.0324837352700143 0.0944727471874532 0.148898949363031 0.147026133969978 0.134515262590885 0.152006232782661 0.264232744220929 0.347006941178637 0.39241217812222 0.420259392799225 0.441336162532185 0.478089679518281 0.50646397540906 0.515883865745204 0.518321640691866 0.517587165214934 0.516645583983352 0.515756007703745
-9999 -9999 -9999 -9999 -9999 -9999 -9999 -9999 -9999 -9999 -9999 -9999 -9999 -9999 -9999 -9999 -9999 -9999 -9999 -9999 -9999 -9999 -9999 0.417843521007367 0.416128360127616 0.42116885394187 0.418042444282755 0.282222240266493 0.149416522660701 0.11784810696321 0.0726429333243997 0.0227771293787172 0 0.0205773402076717 0.0589558572929323 0.0264593857773444 0.0076225852364338 0.0331460199019099 0.0698193671599717 0.0908140758235791 0.113757212289199 0.133026252971721 0.128787578519836 0.158609709649205 0.254632546250846 0.354425122441886 0.428478558220754 0.431354187657826 0.463871081843475 0.497827467112773 0.514180649141448 0.520677731019576 0.521341346639968 0.520112973329811 0.518814922943733 0.517674146724715
-9999 -9999 -9999 -9999 -9999 -9999 -9999 -9999 -9999 -9999 -9999 -9999 -9999 -9999 -9999 -9999 -9999 -9999 -9999 -9999 -9999 -9999 -9999 0.385686982146152 0.380078890905491 0.412715705040716 0.412582206954103 0.293715557794247 0.168494609480699 0.128975035808547 0.095245590715132 0.0546701396613484 0.0272561771230986 0.00741760648954569 0.0265549879575278 0.0188020386141809 0.00257414526748828 0.0272064959880568 0.0804932984853412 0.105038817310459 0.11711437575302 0.116118865412339 0.0960034041191184 0.139478090298347 0.27086300814752 0.378763734256635 0.449895244618224 0.469382351042017 0.48640525070347 0.509726936133409 0.518691298744909 0.523329841837168 0.523984987528198 0.522722176208539 0.521065994415721 0.519824039429044
-9999 -9999 -9999 -9999 -9999 -9999 -9999 -9999 -9999 -9999 -9999 -9999 -9999 -9999 -9999 -9999 -9999 -9999 -9999 -9999 -9999 -9999 -9999 0.403628262170478 0.400161071552983 0.409621871826649 0.409978770491253 0.308432821515326 0.225601491891125 0.232269401436894 0.199043272165027 0.127062896048407 0.0435838437070924 0 0 0.00231244681572663 0.0105860066101686 0.055523235897689 0.0891047070442523 0.0982458824640245 0.119327157538826 0.110538899145343 0.0930386505109669 0.126757576081098 0.274312586929579 0.425704909254785 0.46580481763022 0.475787733511312 0.495656464925543 0.517521209883133 0.522041412809993 0.525432248267873 0.525751134745729 0.524508715018295 0.522900509804709 0.521652109769385
-9999 -9999 -9999 -9999 -9999 -9999 -9999 -9999 -9999 -9999 -9999 -9999 -9999 -9999 -9999 -9999 -9999 -9999 -9999 -9999 -9999 -9999 -9999 0.395819997421271 0.387587846961544 0.401641855887943 0.405533200828177 0.333711598960854 0.268139770168856 0.244411537561936 0.178763490957099 0.100956147454637 0.0276468957647557 0 0 0 0 0.0293029587868938 0.0636649964340357 0.0931728257786913 0.122589827457442 0.111654440666751 0.113072243507757 0.192321847882047 0.332321373325477 0.451762734839437 0.491683232710519 0.50340749717229 0.509223314078112 0.52447750067353 0.527160809697572 0.528533311704029 0.528215033226999 0.526687885319814 0.524725619135371 0.523368485334018
-9999 -9999 -9999 -9999 -9999 -9999 -9999 -9999 -9999 -9999 -9999 -9999 -9999 -9999 -9999 -9999 -9999 -9999 -9999 -9999 -9999 -9999 -9999 0.417311838486982 0.398984371477027 0.393632176282772 0.396388184138189 0.333049027324871 0.257763040263877 0.22239877936643 0.191740492659887 0.159096688296574 0.0725028717362983 0 0 0 0 0.0193915670201196 0.0365573773734603 0.0763805785404394 0.132112827108619 0.117424283665882 0.151674854238473 0.248977436663057 0.359431229706621 0.468650545955649 0.49589113376624 0.511730803755396 0.522019075547262 0.530827202722679 0.531884414537864 0.53150911493889 0.530254097244668 0.528596849969584 0.526745545546612 0.525103084812214
-9999 -9999 -9999 -9999 -9999 -9999 -9999 -9999 -9999 -9999 -9999 -9999 -9999 -9999 -9999 -9999 -9999 -9999 -9999 -9999 -9999 -9999 -9999 0.429766160107324 0.415245129868848 0.397521325656355 0.387668625679397 0.320956672276911 0.252077774767996 0.23099554678218 0.233544423925962 0.25518234112034 0.154165077995617 0.0138991052040584 0 0.00524161263146581 0.00406647672278339 0.00965188745016684 0.0130567062702138 0.0680703317338117 0.123334401734511 0.120541207114705 0.079892395411912 0.111438696581753 0.313539058166444 0.478004864240161 0.512968507193419 0.51620547525859 0.529380964935842 0.534181980978139 0.533985208116525 0.532911292682722 0.531472466523521 0.529895026283654 0.527985363259067 0.526372010546048
-9999 -9999 -9999 -9999 -9999 -9999 -9999 -9999 -9999 -9999 -9999 -9999 -9999 -9999 -9999 -9999 -9999 -9999 -9999 -9999 -9999 -9999 -9999 0.497742468172339 0.418898605140242 0.398549404820584 0.382030106905481 0.327877623608635 0.233501789046551 0.203383934973496 0.253236777539754 0.287163839934646 0.183148321212006 0.0226153697179253 0 0.0119222803740548 0.0374557520433971 0.0483921890357625 0.0507509226991206 0.0986501553045935 0.117066417055165 0.110056558471263 0.120518996335687 0.129461507906934 0.285418325894427 0.473572203149476 0.518362564208121 0.527296208689076 0.533364891681172 0.534151088943997 0.534097490754493 0.533273928447123 0.532237113455476 0.530907633263257 0.52911440334905 0.527729872790854
-9999 -9999 -9999 -9999 -9999 -9999 -9999 -9999 -9999 -9999 -9999 -9999 -9999 -9999 -9999 -9999 -9999 -9999 -9999 -9999 -9999 -9999 0.554212337140179 0.497937043654156 0.425132775533947 0.411425722806303 0.37906845459931 0.302371369010504 0.228339653550025 0.226511541281845 0.265957607109728 0.290529663773731 0.202774687303727 0.0596771288811515 0.00922010522533912 0.0189659312924025 0.0562237971371441 0.0691116543805723 0.0748957983778557 0.107006641876265 0.117375180333753 0.119024778976803 0.134245142350986 0.191220536967359 0.322278865837105 0.458953458145482 0.523616745671567 0.529140420452912 0.530514068073613 0.533604036913783 0.534089331053633 0.533408061608078 0.532513124521696 0.531541425634011 0.530024250713236 0.528591035397526
-9999 -9999 -9999 -9999 -9999 -9999 -9999 -9999 -9999 -9999 -9999 -9999 -9999 -9999 -9999 -9999 -9999 -9999 -9999 -9999 -9999 -9999 -9999 0.514081879003244 0.462437170264324 0.436921326721986 0.380553533125655 0.314466220189546 0.275542564748845 0.268125963355737 0.277353964293112 0.29042996874128 0.204069554072083 0.0644708239099278 0.0137861870217664 0.0159759898002541 0.0539361632114654 0.0728244196105662 0.084980852882801 0.128204448921054 0.136633771237883 0.124944519088356 0.174248917035972 0.31434962038741 0.441105488823038 0.498872459251157 0.521111568049852 0.517771118208762 0.523703214707527 0.53334086770763 0.53470741832849 0.53385195887375 0.533097770058409 0.532218363332854 0.530723488646219 0.529412797349393
-9999 -9999 -9999 -9999 -9999 -9999 -9999 -9999 -9999 -9999 -9999 -9999 -9999 -9999 -9999 -9999 -9999 -9999 -9999 -9999 -9999 -9999 -9999 0.494911066305964 0.464443534665846 0.449892746350939 0.399387894954737 0.313915815825144 0.274356466141975 0.269640406939899 0.268761345799512 0.282655986739187 0.205476078862542 0.0478628316903168 0 0.0193032467308033 0.0552796111167943 0.0732490172655798 0.0868618732681427 0.126222207965241 0.123292829119585 0.118573638919229 0.222988894033764 0.374294600841269 0.468027941053207 0.508946502160103 0.504322588172322 0.51108534882277 0.524266053748128 0.534353804722644 0.5350811958356 0.534095852690692 0.533299485184751 0.532409116523826 0.531002482414062 0.529673899130974
-9999 -9999 -9999 -9999 -9999 -9999 -9999 -9999 -9999 -9999 -9999 -9999 -9999 -9999 -9999 -9999 -9999 -9999 -9999 -9999 -9999 -9999 0.507950836194012 0.493371286403737 0.47562994626932 0.474857352986929 0.419545440681763 0.311896319949194 0.249486877441093 0.233449450890992 0.21125640195669 0.217747158705503 0.159588569154262 0.0612723294971254 0.0279800490549681 0.0353494781539531 0.0659803637004886 0.0533029029902196 0.0554038067097504 0.0816562270737358 0.0680715238687353 0.118902278108283 0.281909107549343 0.415525580027529 0.479242747844941 0.457609289704854 0.424152202134033 0.489284929721309 0.52456163416685 0.534035526854639 0.535268081555423 0.534571741929652 0.533484261297059 0.532570957610022 0.531399586607972 0.530161906157961
-9999 -9999 -9999 -9999 -9999 -9999 -9999 -9999 -9999 -9999 -9999 -9999 -9999 -9999 -9999 -9999 -9999 -9999 -9999 -9999 -9999 -9999 0.487912329746305 0.463531712656114 0.436171095481392 0.444184278842731 0.408511408836523 0.308915056874909 0.204968724671129 0.167744107080394 0.177718669538222 0.158880941772403 0.0816651606450161 0.0658831293665806 0.0847519630034572 0.0508436781390141 0.031452847853121 0 0.0106740619833342 0.0616179322125482 0.114869447244975 0.152979065450049 0.283789520812668 0.431414745121759 0.466274980621386 0.451679100947471 0.408291148719102 0.471658423839842 0.524972316801721 0.531988376936497 0.533646287634961 0.533582774411027 0.533033225097715 0.532616953999828 0.531606924663854 0.530582342282949
-9999 -9999 -9999 -9999 -9999 -9999 -9999 -9999 -9999 -9999 -9999 -9999 -9999 -9999 -9999 -9999 -9999 -9999 -9999 -9999 -9999 -9999 0.480336830196676 0.428808383085157 0.388265641086571 0.417729041208636 0.383108419282532 0.265505038858576 0.176662773491518 0.146673644248258 0.113992699987943 0.0754507783590236 0.0369980706320351 0.0743899499456613 0.115123668909275 0.0949078268867112 0.0356737941995712 0.0135732660669378 0.0145983801591149 0.019448490192279 0.113756072737259 0.172121519644815 0.274731017089524 0.444845484021442 0.477020277438634 0.422475091671774 0.404510374843742 0.494724447885007 0.523945131982449 0.529800667088889 0.5316884864527 0.531909999088403 0.531734173861859 0.531763343016204 0.531305111951137 0.53059779139588
