layers/veg_krg_sqold/veg4400.asc
NCOLS 255 
NROWS 330 
XLLCORNER -2985163.8955 
YLLCORNER -3022031.214 
CELLSIZE 25000 
NODATA_value -9999 
[rows 125 to 149 of 330, columns 56 to 111 of 255]
0.0490101439341784 0.0524437004801776 0.0820361350463844 0.112869480175669 0.101207962788508 0.158900697847454 0.21452345995185 0.244515120005469 0.251948461283219 0.209872523773124 0.211269214824999 0.184228983326364 0.171549991913863 0.180770001348379 0.187532823457085 0.153454400577369 0.119112200459907 0.161344714461529 0.228539000385402 0.327870855408102 0.467303687977273 0.527084248365238 0.580776512227045 0.607135655723476 0.627307680241068 0.657226697143072 0.681337852731847 0.692692573373025 0.696797434384821 0.709900212208482 0.704276899310852 0.693323088289217 0.675526665849495 0.651131445995648 0.628739136638168 0.605895801622654 0.578087257062566 0.555194400390606 0.53450570963147 0.510908857672022 0.492307270374353 0.475635459519265 0.456913826145519 0.442528029096281 0.429499875033867 0.414886306809819 0.404092933656056 0.395612214451145 0.387395331863551 0.382665571087043 0.380329868132081 0.378709610343845 0.377494867792922 0.375965500309489 0.374723604829467 0.376737016496852
0.0919208559085483 0.0841777371053787 0.0855620340051245 0.107232554279424 0.130361671368609 0.155753362054024 0.164611632695263 0.138238087402353 0.150957543632075 0.135744522662876 0.109032472981176 0.143294585802397 0.174158975199008 0.188680082236754 0.16594092175723 0.134403711197506 0.0953642876880867 0.0764492316150041 0.100431315570031 0.153728796663735 0.193483940517585 0.248041971043001 0.355079715922855 0.450928943286889 0.509940546756936 0.558031098237354 0.595897557930239 0.620009141471714 0.651472553601639 0.672214943369813 0.692797347300411 0.694060152796818 0.678433341276693 0.655190831601008 0.633380911913433 0.61107901808312 0.583764682356727 0.561000206337268 0.540188379908214 0.515998331099806 0.496633155191927 0.479336822854811 0.45962667389877 0.444067529585273 0.429836202396151 0.413525127092813 0.402171383049326 0.393630671493509 0.382504939209109 0.374389662880211 0.371390876441513 0.370133995453769 0.369078488618879 0.367785991210747 0.36548930989334 0.363237211973533
0.131523567677563 0.0708789958692963 0.0718554815409817 0.0823735812767413 0.0861132767814449 0.120382976173065 0.117254668408363 0.0822580446873367 0.107629092571911 0.105860986441103 0.117173461466042 0.146187553727693 0.119731190495735 0.152381990794083 0.143239158671554 0.125598508627734 0.10843975771589 0.0921904020032427 0.083008875536383 0.109813522258365 0.139951349107271 0.169957835042158 0.19864084948145 0.281773238573718 0.414768268010777 0.485970916320673 0.543379852666663 0.59981458725431 0.609141395745253 0.62772143803946 0.678887468312624 0.685785017987794 0.675183360065615 0.655818508007034 0.635594035903697 0.613938331620608 0.587138085016338 0.564784067984274 0.544420546059357 0.520053491902922 0.500457350629223 0.482984704993592 0.462470722758662 0.446020983607593 0.430997993235343 0.413684138419769 0.401496604876637 0.392295836823202 0.380459763064234 0.370390612551184 0.364927001080189 0.36244416025025 0.361203827071881 0.359730932772286 0.358273588335535 0.356486786456309
0.182564541824548 0.124475041475797 0.0724283778360597 0.0652618037962635 0.0604185512347058 0.0722829269235149 0.107705186944064 0.125717454229768 0.11641294105078 0.111811097997541 0.110828764860081 0.104159450652866 0.0997150121303519 0.114261102702295 0.108601643227908 0.129367320861344 0.145148527641707 0.113279143997018 0.106316576952397 0.123279205939094 0.149032792449606 0.169099773823052 0.171571525931128 0.223175220157731 0.312588489050543 0.37054998874981 0.444794416126131 0.525898679325833 0.533918349378731 0.564245250174146 0.651864225646735 0.665985335801047 0.655564684440558 0.647766739209844 0.633545107661327 0.613485390876208 0.587541817906592 0.56543714341481 0.545704005280474 0.522505046837854 0.503179770320867 0.485276734667086 0.464343912604602 0.447419632782702 0.431817737572857 0.413983435701264 0.401070163132236 0.390527629324466 0.378477809779598 0.363707329166946 0.354840312198358 0.356197502671136 0.354170499664326 0.352310727387647 0.351530803652809 0.349791920571092
0.277232176501068 0.189851154774002 0.105537115616741 0.0758414873710418 0.0713143077987171 0.0827941268405046 0.0879187319354239 0.0820327201980857 0.0841412657210097 0.0608486313140489 0.0374453549153042 0.0451796817711136 0.0808092405592669 0.112876036006163 0.0984033838688441 0.109726447471113 0.127358043178144 0.102306006356767 0.10746442998778 0.143038726011683 0.145591375687108 0.146722728617886 0.144055841071482 0.15308917376577 0.167369967270313 0.208416757179268 0.358537983139673 0.497674717709961 0.520019563933997 0.542348985496016 0.614553424991551 0.659757109479324 0.645932686179268 0.631455331174394 0.62695062566788 0.61021312518038 0.586590483234804 0.566535190172621 0.547693942179493 0.524682877379599 0.505651682362296 0.48788791605913 0.466792582674419 0.449470212560915 0.433613121692865 0.415116042326483 0.40059293332114 0.388814041206503 0.375285445563391 0.359934232675747 0.350568705184863 0.349745282120406 0.347886902691263 0.345824137113578 0.344334945107219 0.344123670639705
0.425968173405016 0.335219926071444 0.200740208230709 0.101700911237523 0.0800157659586269 0.0507268482351676 0.0391178754747292 0.037278961550944 0.02832715496464 0.00753655678904377 0 0.0116636412194206 0.0383093446047854 0.0626748409838034 0.0779202814411251 0.110478600445218 0.126090630072854 0.110012501009283 0.121324076996719 0.145489931530495 0.150675461921267 0.151899762610937 0.155827948005982 0.159724894903601 0.134627640736294 0.125557220362346 0.204475610600527 0.413188817199084 0.53879549010897 0.546803187154676 0.567310679206234 0.601564225329435 0.615207465401219 0.62095996359007 0.615640178766764 0.603725281266198 0.583659327427605 0.56587974112609 0.547935747908847 0.526251443151449 0.507870980763978 0.490290031768362 0.469082322200801 0.451763354884901 0.43579478311162 0.416703585649115 0.401171793187731 0.388185163175673 0.374067489103273 0.362904643342438 0.35309957826053 0.345454453460219 0.342660361068375 0.340151075989611 0.338806191083589 0.340388748447162
0.45722969468415 0.398878276294528 0.253339857691608 0.121699869699486 0.109617283084924 0.0816281693737386 0.0497648440724876 0.046826982936545 0.0425912800499056 0.0103087147355776 0 0.0102772778052732 0.0121313930257207 0.0313140882861116 0.0539635939743792 0.0904956238167718 0.115568205319351 0.1048444718807 0.111393951049834 0.137355893499802 0.146048754965397 0.143147646264844 0.151346273903108 0.154150757716736 0.131533392604624 0.13169024796751 0.187020906868853 0.369914136432667 0.522879198635874 0.541233344262796 0.572448491556641 0.597524603330892 0.585901964619466 0.600157038701492 0.600317847263668 0.595038141695503 0.579613998503429 0.564151808950534 0.547255217948883 0.526668608918663 0.509181971640899 0.491671640788912 0.470675973480296 0.453340302313381 0.437267414687103 0.418015983645932 0.402350620380936 0.388711746378258 0.374223050917628 0.363011058790623 0.351194928735349 0.341141218974278 0.338986078603041 0.337986714051787 0.336689284375266 0.337165463801964
0.473130842956562 0.443331123061561 0.345296480426705 0.247609179107161 0.201410572408378 0.160727336532868 0.114769801856674 0.0780186951510682 0.0591270761027511 0.0438091294276174 0.0350911622504056 0.0175914259849782 0.0145565110707906 0.0145236534264838 0.0266172820049482 0.0466722293101698 0.0534438817029145 0.0433429797614376 0.0447836099437988 0.0583398289094718 0.108530288271733 0.153361410249629 0.159186245884275 0.153427236957744 0.143677074744268 0.135366034982875 0.189640846245564 0.329828756492522 0.449211023217537 0.509836016310144 0.548684056789515 0.565734621360199 0.567323951586776 0.555658895121553 0.548483123453068 0.568154647968038 0.568498094444208 0.558121439102404 0.544533716062332 0.525903383071027 0.509550540572936 0.492734369311124 0.472358510662321 0.455451847356428 0.439273962205149 0.420325205200695 0.405115093984718 0.391086095576798 0.375186124273722 0.364107082293471 0.354321354478528 0.341198177395145 0.332172358178239 0.330197488095512 0.331037598960998 0.3297263735826
0.43917931258048 0.442632161275377 0.389382884649978 0.314909370629404 0.270741342296403 0.238623976773396 0.177966857684013 0.12080733429173 0.13220526343749 0.140443022560283 0.0589075400351656 0.00841156123484408 0.0231797816397825 0.0239460807962903 0.0328270807026214 0.0474302745755759 0.0635036636139203 0.0379684359813065 0.0276759622197782 0.035647560595596 0.0820511886736048 0.132975432437555 0.143517722838546 0.153638818024654 0.155028125577528 0.146505888962099 0.214971988840068 0.292425650879003 0.299489996471874 0.401542659571167 0.505434103840345 0.52673661644073 0.530125388914949 0.524770536396335 0.50379642111863 0.522635622436672 0.554313361597056 0.551646343729181 0.541835940184213 0.525326345067455 0.510219344556887 0.494123541458262 0.474639482996214 0.457961865088194 0.441350331789172 0.422694291989389 0.408067139982875 0.394410234211242 0.378577550154471 0.367110275955977 0.357484284211688 0.343596692261723 0.329129587747982 0.323674307421689 0.328074010847177 0.330737998406557
-9999 0.479387888868789 0.43255536655012 0.389845318503181 0.338613927002716 0.22471618381162 0.150960843372819 0.117889497226173 0.141092867696195 0.167848650783713 0.0730359658846721 0.0162133119439661 0.0706744320496629 0.118517410090276 0.0768577021099831 0.0442891616734649 0.0391055941428029 0.03251667391832 0.0526397109113921 0.0646596721625597 0.0885391936507009 0.121955641649142 0.140050853062845 0.146060720206396 0.153467827578818 0.159258892261828 0.174031654501801 0.173004954307412 0.19306004058808 0.312684519997206 0.438434524021563 0.48712340631787 0.489417882946703 0.494658941433188 0.511425525635253 0.511315130534073 0.520106363870295 0.54686136058273 0.539760234050735 0.524619412159271 0.510037815062759 0.494846133394567 0.476083499704559 0.459751439184703 0.44402525529336 0.425481386550457 0.410406996795317 0.397282722683946 0.382770327559181 0.37148865466128 0.359970998052431 0.345465777765857 0.32857675660111 0.319790471610627 0.324933917170199 0.328854201109001
-9999 -9999 0.471481928048921 0.414618537822316 0.349577058966948 0.291889024354144 0.219135631091896 0.191611464102671 0.237003652517376 0.257987370763251 0.144179853212645 0.1046168610812 0.197535024590757 0.165402001592708 0.0748807889135685 0.0453646641812582 0.0334157609092278 0.0381667375036126 0.0397702081388776 0.0572570800673726 0.0736626386568045 0.0964230420316691 0.123116503289186 0.133037579071399 0.144277156923076 0.152333452030302 0.154769531687182 0.122583091864508 0.0811621158925968 0.161944699151025 0.339677784388174 0.434441748310529 0.439614394852423 0.448054927414862 0.468709240248958 0.472226648575433 0.483834178778785 0.520766678957244 0.533042634650246 0.521901639452089 0.509553437372326 0.496037162527437 0.478352480076269 0.462925184776678 0.448369375847671 0.430441271161793 0.416139086846243 0.403883377210153 0.38995222977191 0.379210509689585 0.366092021239956 0.344915721433934 0.329849940084777 0.324873459541428 0.324516909846782 0.330197258090173
-9999 -9999 -9999 -9999 -9999 0.449143273394708 0.352284835764699 0.312021575000908 0.350335309847934 0.344347603242794 0.274428892654575 0.283112797732188 0.272845679533123 0.176859794347117 0.140729598525399 0.0969607137426338 0.0596595852748135 0.0541635818262339 0.0360716018871488 0.0542415662837509 0.0740875473302403 0.0721818084979417 0.106204604476681 0.118502240920572 0.130290036963357 0.141357899611161 0.148890355191195 0.154859849209677 0.148684409844255 0.124922871408992 0.216848318822418 0.373212101849972 0.389715775181151 0.361667683466269 0.361437006056896 0.391510030319476 0.406637195861287 0.437387389162318 0.494163144508815 0.512631452314102 0.508776148465249 0.49627608416897 0.479394429524224 0.46462432249048 0.451132124071524 0.434369923332329 0.421147618220629 0.410072207663087 0.397246267719965 0.387176897255956 0.378912641170745 0.369531607709002 0.359011189578692 0.344214604082554 0.328258751788711 0.327015247132824
-9999 -9999 -9999 -9999 -9999 -9999 0.376396906396661 0.343102804699247 0.345287992057164 0.319854922560529 0.302077987988187 0.338808311742838 0.341166637179124 0.293307596896149 0.22811530266211 0.124421329595935 0.0547626011782124 0.0566869346901308 0.032682018924896 0.0339192473175813 0.0470341400476939 0.0502424929049227 0.0703218871972673 0.0959053881952477 0.111289295587611 0.115607709942865 0.131957119401991 0.14887598878116 0.148776698304321 0.128603358158288 0.164813564162308 0.27516100585081 0.33547116848398 0.321729253948626 0.29494591632398 0.349888733353882 0.384720887800719 0.40154845643514 0.448695234995442 0.490545949380098 0.505808605441458 0.496734796207653 0.480785179298983 0.467058271024043 0.454370251513624 0.43823929436181 0.42547609597745 0.414949524928147 0.402786636864808 0.393162435313178 0.385739224802349 0.37776060868665 0.370838997445282 0.358439053237896 0.341641253623063 0.338186940953981
-9999 -9999 -9999 -9999 -9999 -9999 -9999 -9999 0.473921346207435 0.44460844338755 0.408773276555897 0.404804848498561 0.399244289723953 0.376569330935514 0.346067619202331 0.275372143220322 0.180496730539569 0.108604901976741 0.0910880987500189 0.0833718160747301 0.0406482777652249 0.0240572044714466 0.029875760059717 0.0559427621759891 0.085194025075378 0.107336050465676 0.136153203629996 0.12982112120401 0.130037670725354 0.15484512154403 0.182874029552455 0.212856634298772 0.244463132335006 0.296226300511354 0.293861044043277 0.258833002443859 0.260286675952102 0.293469278874975 0.34712605802123 0.401861474258587 0.475216772185731 0.492371417292085 0.481936215927047 0.470483552206905 0.4584606855371 0.443125296873873 0.430401535838752 0.419942785293301 0.409234037439192 0.40122708324746 0.393825505128492 0.38605504783406 0.380799120916663 0.374988691365572 0.366897186078455 0.361950167312921
-9999 -9999 -9999 -9999 -9999 -9999 -9999 -9999 -9999 -9999 -9999 -9999 0.435420223223848 0.405706947813372 0.373876543899413 0.294977733109701 0.207098317890255 0.213322257057332 0.228349523855159 0.166167799204031 0.0645032032882023 0.0114461418941204 0.0255259309937666 0.0500070475907548 0.0696231756637946 0.101451870506862 0.131675767392454 0.133382765458436 0.122523084274233 0.1267333751173 0.177400884975302 0.243095541328185 0.209384873715005 0.170456706291492 0.247795601479779 0.245588812552773 0.168176572417575 0.165983235646944 0.222447801929251 0.325348706129319 0.425419077986692 0.469616973954603 0.476621584863767 0.470878059409963 0.46098924574527 0.447864056897684 0.435959846773141 0.424556093467928 0.414213280995457 0.40791647996794 0.401156572221973 0.393564875452841 0.388422276970533 0.385146429470187 0.381190175493834 0.378131984796182
-9999 -9999 -9999 -9999 -9999 -9999 -9999 -9999 -9999 -9999 -9999 -9999 -9999 0.455736999171809 0.397628464942254 0.383470521007963 0.359715057477109 0.322296672016988 0.250010719764823 0.138865571978028 0.0417453776336095 0.0073293760043538 0.013409130168486 0.0337182922928716 0.0580422123291479 0.094415134877042 0.125401628756657 0.130437021735867 0.123709730289736 0.121474789496805 0.136822052671768 0.158538712215517 0.160523585779534 0.13696118764566 0.1711152686643 0.227088582996347 0.159560121658296 0.0998063763939346 0.154933828477533 0.230583227843076 0.287735060640469 0.35983558291215 0.426691432979421 0.453009389182289 0.452778963079687 0.443729809138316 0.436853061987809 0.427701244494801 0.418147484456996 0.41046822870274 0.404449057573892 0.398532790883919 0.393724655577124 0.390135541342596 0.386553398592711 0.383962810740535
-9999 -9999 -9999 -9999 -9999 -9999 -9999 -9999 -9999 -9999 -9999 -9999 -9999 -9999 -9999 0.438165144559922 0.423732843198538 0.367321996292251 0.306269427247676 0.22923640604877 0.123070267797559 0.0689905272123251 0.0398781552018882 0.0306330610195745 0.0534235234956453 0.0763734601567817 0.107228497163512 0.122494866903234 0.128675749806298 0.125528035245638 0.131411673015542 0.135243311223659 0.137157326488424 0.130946918094682 0.118409337060529 0.152724875910599 0.168099413819292 0.166679673866301 0.176823570430066 0.153981163225867 0.15193948296762 0.222147740165169 0.316983417812031 0.364272524760533 0.378694198516301 0.39489672529123 0.412768224358565 0.419339879931383 0.416450637756371 0.412072479675829 0.407566048749868 0.403890511098222 0.400587761093283 0.397091289159931 0.393236193152887 0.390562179876687
-9999 -9999 -9999 -9999 -9999 -9999 -9999 -9999 -9999 -9999 -9999 -9999 -9999 -9999 -9999 -9999 -9999 0.444700378868902 0.392099249365616 0.377437767474293 0.325394425042319 0.251222786655811 0.144089792685097 0.0472432634824008 0.0537874809179044 0.0878787294541477 0.0977863865382729 0.101743709673619 0.115436437290867 0.133631295279115 0.144991219342498 0.15529513316059 0.156412885600096 0.151363652520836 0.135623839052311 0.115363595376837 0.148890261020029 0.232365527964569 0.248141291341089 0.189306486960183 0.134089729451902 0.154378099495238 0.181891974930471 0.199627764460531 0.266669565668008 0.273641944421845 0.307307722889724 0.358905724753325 0.388523438735594 0.406887599923396 0.406472879109201 0.407084566580667 0.406048087298515 0.403115240980663 0.39935720086924 0.396586826993575
-9999 -9999 -9999 -9999 -9999 -9999 -9999 -9999 -9999 -9999 -9999 -9999 -9999 -9999 -9999 -9999 -9999 0.420107902141596 0.415759704387635 0.42338061016882 0.3771075521181 0.259613261428754 0.145231651531229 0.0781022172480675 0.0584687319065556 0.0797758555059256 0.0845695992949171 0.0891498127591755 0.107005494358154 0.123460344665752 0.132333049701589 0.145758301954459 0.152074758797377 0.152402831383944 0.143929549948052 0.124802967379796 0.130962741020458 0.201628955966114 0.23679014265551 0.182226933195497 0.143631829683538 0.185436529911685 0.220565263741371 0.229747057014207 0.261579847938309 0.272840721519466 0.297873646696741 0.327540218491155 0.369417241990014 0.402622998564764 0.407705736249504 0.41132411881961 0.410300791773214 0.40755226014387 0.403944524427787 0.40128527703374
-9999 -9999 -9999 -9999 -9999 -9999 -9999 -9999 -9999 -9999 -9999 -9999 -9999 -9999 -9999 -9999 -9999 -9999 0.466556713251176 0.463295994267163 0.44828920020808 0.404054885783841 0.296700788126778 0.147406877323884 0.0494046899224914 0.03970825245484 0.0458248363489632 0.0650436988548304 0.0926223488107732 0.0978461961168053 0.107475213112895 0.111499887331714 0.127103792616142 0.14884298357931 0.147737114760554 0.122431910126917 0.111913039839046 0.126360623748382 0.159455005176136 0.227960300233954 0.245469873606683 0.246427737760595 0.275255966143829 0.289016017742608 0.28995533794235 0.293684620519953 0.292972888677337 0.300065323211188 0.337807857062079 0.382333085932266 0.403955087841056 0.416788118534987 0.415513451417094 0.412746394495862 0.40973352770335 0.407302843842037
-9999 -9999 -9999 -9999 -9999 -9999 -9999 -9999 -9999 -9999 -9999 -9999 -9999 -9999 -9999 -9999 -9999 -9999 -9999 -9999 0.490624691148528 0.472534974937679 0.39678649252288 0.234528375466623 0.0847086267256702 0.0357607048747966 0.0184105438020235 0.0503311108172229 0.0924321570790171 0.0829371218297133 0.102739760567695 0.121786370945288 0.123734157166363 0.137215136964944 0.145630493887762 0.118317186734916 0.121526939476447 0.139995361736024 0.121272406919583 0.174209191555713 0.246317721659663 0.259084504364827 0.255675324895026 0.273541691862082 0.277034426406389 0.263522767625036 0.268255345899932 0.303396842560757 0.326585977197661 0.373479406223687 0.40816683646094 0.420282717503739 0.419831113819114 0.418016917330041 0.415366800473521 0.413141499621619
-9999 -9999 -9999 -9999 -9999 -9999 -9999 -9999 -9999 -9999 -9999 -9999 -9999 -9999 -9999 -9999 -9999 -9999 -9999 -9999 -9999 0.496851255985428 0.429863277139193 0.302354032822536 0.155884992574753 0.0688322317404318 0.0392304364748474 0.0678004303405896 0.108889130082015 0.120136129247163 0.126908347348507 0.12819722804948 0.132178220531053 0.140246465139186 0.143215523494196 0.114610420289104 0.103580408950336 0.134861807478429 0.128187912652053 0.168458585404207 0.234921407992054 0.255052588826852 0.279560796227767 0.288872665618342 0.293095789964193 0.293040295474261 0.277732784478376 0.266993274999215 0.327935184404073 0.395662623944187 0.416132125480842 0.424744035376179 0.423442946510394 0.421578806230622 0.41896353157752 0.416803350923928
-9999 -9999 -9999 -9999 -9999 -9999 -9999 -9999 -9999 -9999 -9999 -9999 -9999 -9999 -9999 -9999 -9999 -9999 -9999 -9999 -9999 0.477444974616245 0.447294671801792 0.324580707271521 0.191842268129458 0.0973759719531812 0.0521944424292149 0.0798238502664104 0.107470293917799 0.121838128291532 0.127403409392217 0.129200857394392 0.131777671611042 0.136391264956077 0.139330143557729 0.12063113822925 0.0986458390192418 0.111405496912486 0.125467700749738 0.143717408813386 0.17878554793002 0.224576128547314 0.265874037379083 0.273713027913425 0.286741025398249 0.301047084272246 0.288797752611644 0.301899427408533 0.371812190333239 0.415812240937832 0.4268586714076 0.429853181814026 0.42862968892768 0.426815349652853 0.423690396188436 0.420871403653498
-9999 -9999 -9999 -9999 -9999 -9999 -9999 -9999 -9999 -9999 -9999 -9999 -9999 -9999 -9999 -9999 -9999 -9999 -9999 -9999 -9999 0.448000954143354 0.427600870880106 0.348707119532463 0.237031179513375 0.137136805001572 0.0666713915873889 0.043896274466969 0.0771017086959841 0.114781618309284 0.127429533240163 0.134140375937408 0.132464341036651 0.130308117104384 0.133470459458921 0.117986413217635 0.0785364560148436 0.0542037717918091 0.0661035130490554 0.0814680532772923 0.113912532885178 0.180243234412854 0.216308116821761 0.222369668740452 0.227481314426858 0.249626898585198 0.29726116675195 0.359928034893806 0.397826305915434 0.418720119868981 0.424039595794243 0.431041377661582 0.432823382644547 0.431135547564823 0.425738986633667 0.421160265345253
-9999 -9999 -9999 -9999 -9999 -9999 -9999 -9999 -9999 -9999 -9999 -9999 -9999 -9999 -9999 -9999 -9999 -9999 -9999 -9999 -9999 0.437581458978563 0.421248316073914 0.36823429543021 0.28880264823008 0.185022237445837 0.0796709266779404 0.0399111351944084 0.069310685965721 0.110490957666152 0.131124167340724 0.134220804033583 0.133282586509465 0.129905481851163 0.130680652068574 0.12145122604435 0.0910242796380653 0.051663127258835 0.0524259110350058 0.0793517380416683 0.105430069630059 0.166083819334699 0.191678427128694 0.188505509115656 0.215126447045033 0.252897471061121 0.303652200726001 0.366312211599104 0.385546057549992 0.402410529348204 0.417415585045105 0.429358007048704 0.43360721119251 0.433348008718807 0.430354221155668 0.428056191906923
