layers/veg_krg_sqold/veg4000.asc
NCOLS 255 
NROWS 330 
XLLCORNER -2985163.8955 
YLLCORNER -3022031.214 
CELLSIZE 25000 
NODATA_value -9999 
[rows 225 to 249 of 330, columns 56 to 111 of 255]
-9999 -9999 -9999 -9999 -9999 -9999 -9999 -9999 -9999 -9999 -9999 -9999 -9999 -9999 -9999 -9999 -9999 -9999 -9999 -9999 0.420585742692722 0.407836206813882 0.389191303436173 0.360013326330338 0.277912863959347 0.15548299077639 0.0612992434202342 0 0 0.107828141819695 0.178254566529947 0.182234800625026 0.175169097829833 0.18717861011307 0.23578063215691 0.2815329324787 0.305719134154844 0.314911651700346 0.319031221103988 0.324090994205685 0.32796470287901 0.32979369749448 0.332953607690417 0.336327398447277 0.340171871344725 0.346023385206971 0.352303105430787 0.35953155222646 0.366224246125489 0.370918774054736 0.374458702278055 0.378285456583403 0.380699419383547 0.38302682078894 0.385790412405081 0.387888127275549
-9999 -9999 -9999 -9999 -9999 -9999 -9999 -9999 -9999 -9999 -9999 -9999 -9999 -9999 -9999 -9999 -9999 -9999 -9999 0.440042069915996 0.414068224992875 0.403993844331492 0.401426630775659 0.356711530625625 0.256734635958969 0.143969714717099 0.0767925293144109 0.0366400683852794 0.0465546076864246 0.1307324037275 0.175814928454017 0.1833702827263 0.1452152162769 0.112337974288694 0.173668759159234 0.255180951164602 0.296740769148994 0.313846868057938 0.317708094414387 0.321573714960696 0.324203887215226 0.325201830427889 0.327524583192115 0.329934746827472 0.332870283165045 0.33804753978354 0.344056741949899 0.35017174634012 0.356525909143525 0.362492650067235 0.366269483357957 0.369718133163855 0.372283163187789 0.375048184300091 0.378168588125912 0.380338778972576
-9999 -9999 -9999 -9999 -9999 -9999 -9999 -9999 -9999 -9999 -9999 -9999 -9999 -9999 -9999 -9999 -9999 -9999 -9999 0.444198249573912 0.417086758998858 0.40315522498922 0.403291612564814 0.340732153196072 0.258355279823568 0.164211736344855 0.0608761623188186 0.070380378988351 0.0971225156090936 0.107921627891965 0.154293281208424 0.18205876870145 0.153552032174887 0.142001209013057 0.193747842941354 0.245424793888868 0.285551095634294 0.30903830843776 0.316456715682352 0.319257667932788 0.320817280743347 0.320808535606469 0.320593792796705 0.322762734499414 0.327172130950781 0.330472552286947 0.335300498375909 0.341577052867699 0.348120854156945 0.353396992032527 0.357094960701289 0.360746561885496 0.363504695697288 0.366511500646363 0.369714284092538 0.372049062743649
-9999 -9999 -9999 -9999 -9999 -9999 -9999 -9999 -9999 -9999 -9999 -9999 -9999 -9999 -9999 -9999 -9999 -9999 -9999 0.421008488286276 0.411529963233199 0.412672231270621 0.405301550125191 0.35424955175605 0.270631435268157 0.192214315919999 0.11158185397594 0.0863126219865181 0.107446981987828 0.116149164981356 0.143880294905022 0.176166241398316 0.155751134637841 0.149803189706889 0.200214533799809 0.248524181314454 0.28056419020415 0.303962455841542 0.314579659440456 0.317218172652693 0.318120760011327 0.317637330840569 0.31749631602941 0.319567929640923 0.322498080293814 0.325665619258799 0.329925736600914 0.33507342687482 0.341964209357362 0.346412795647093 0.349699518461493 0.353550230260071 0.356209829608769 0.359209004989489 0.362585224622913 0.36510911971006
-9999 -9999 -9999 -9999 -9999 -9999 -9999 -9999 -9999 -9999 -9999 -9999 -9999 -9999 -9999 -9999 -9999 -9999 0.42422350226441 0.418327573107447 0.411188421084121 0.413531295855531 0.400101193327031 0.326347468817472 0.222293903432041 0.17728626522062 0.116603496735986 0.0667978156801569 0.0883235269152824 0.120833470578137 0.13276705746329 0.124367443219651 0.143382489563336 0.185215311287083 0.220713399671225 0.247664659604295 0.274090638206828 0.296096729151432 0.310984731088153 0.315542798555787 0.315266674064777 0.314050907193353 0.312791171746281 0.3131734528519 0.315468649237093 0.318398874988185 0.320923658830998 0.325239167318061 0.331776140083377 0.335584745477627 0.338491082210654 0.341882509525509 0.344545281127846 0.347119066236226 0.350221652321307 0.353109799494549
-9999 -9999 -9999 -9999 -9999 -9999 -9999 -9999 -9999 -9999 -9999 -9999 -9999 -9999 -9999 -9999 -9999 -9999 0.417937627736187 0.415773576789109 0.420521555432052 0.416043515121044 0.395098928464942 0.32299190372241 0.230676104086131 0.185679885959765 0.140788195996555 0.11016450009428 0.0974114071712358 0.109282445206419 0.0986101951928433 0.0604023534689539 0.131740325084576 0.2056934379712 0.232158033708844 0.251550580069464 0.272536900280866 0.290578482160686 0.304984307339294 0.312782527186399 0.311918510977109 0.309779833508903 0.308131586216276 0.307219600077825 0.307496660981405 0.31046246958151 0.31247171424557 0.314935904656727 0.320892645345124 0.32504247861486 0.327942887752253 0.330452575907681 0.332803497857271 0.335413733883884 0.338936052632487 0.342296980692474
-9999 -9999 -9999 -9999 -9999 -9999 -9999 -9999 -9999 -9999 -9999 -9999 -9999 -9999 -9999 -9999 -9999 -9999 0.449939832379236 0.431730332404827 0.429504062245565 0.41738768054558 0.380906437944574 0.302280005985089 0.206011644743813 0.149192431817889 0.115846416627809 0.116032533814381 0.131461421974811 0.147108019010725 0.166008949332377 0.166544113689701 0.198001879146165 0.225445403868149 0.242952393464145 0.2585406799997 0.277361220795431 0.293018262484776 0.30397219514019 0.310920164494552 0.310433113316277 0.30865606522967 0.306038441083935 0.301503189855835 0.296025155540927 0.295941298744592 0.300848453416934 0.305958203596488 0.31341201717884 0.317754456543134 0.319438648862512 0.321451196445584 0.323543470471279 0.326711568949199 0.331414724236359 0.335408256261869
-9999 -9999 -9999 -9999 -9999 -9999 -9999 -9999 -9999 -9999 -9999 -9999 -9999 -9999 -9999 -9999 -9999 0.464396028528158 0.448755205263787 0.431066038603638 0.431256452623141 0.413883005506963 0.361696626042969 0.271639392782936 0.189766371328022 0.176911592229652 0.162621754302648 0.107478728322745 0.13202985357849 0.198572870123909 0.200973292800063 0.198269525554609 0.20985059607718 0.226225745201202 0.243908290106355 0.261635467015764 0.280263447394612 0.294441784987956 0.305008996562478 0.309273663231092 0.308013580618547 0.306061382035639 0.301617308992384 0.295012008806444 0.288566439855024 0.285674199377458 0.288901774321362 0.294991154024552 0.300791774683647 0.304568033912792 0.30711026323124 0.308984321900909 0.311139320014016 0.314649688849488 0.318731350270947 0.320450909651362
-9999 -9999 -9999 -9999 -9999 -9999 -9999 -9999 -9999 -9999 -9999 -9999 -9999 -9999 -9999 -9999 -9999 0.464691449299813 0.451210243669031 0.431152267563827 0.427054824892042 0.407857420581339 0.341725772451936 0.251740845379869 0.168960339354176 0.146978727560615 0.198445024457449 0.176899369272006 0.125046830918733 0.192454870895987 0.264856415696791 0.268746353574796 0.251047468059438 0.240350117217174 0.253975413460392 0.268390528479372 0.283236574304987 0.295327616405402 0.304594826048923 0.30716907093999 0.30528087986356 0.302768564119425 0.295583946216053 0.286206817009614 0.280402682308126 0.276635145636703 0.277505393970891 0.282399748742009 0.287604125084117 0.291202545675338 0.294384878664066 0.297124158571618 0.297610392732717 0.29729302192085 0.29816788364195 0.300831132686164
-9999 -9999 -9999 -9999 -9999 -9999 -9999 -9999 -9999 -9999 -9999 -9999 -9999 -9999 -9999 -9999 -9999 0.470348285659361 0.453110472007748 0.43889562500973 0.430535772590326 0.408821924722402 0.344744899525798 0.253493413604139 0.178880718429587 0.156766041632128 0.202063897150267 0.210759110473262 0.148954989717365 0.1784632948974 0.24431125120026 0.245763427539813 0.256742798485344 0.254545379284785 0.256560399609569 0.271388274795237 0.286773378547001 0.295777342810757 0.30215627640845 0.304935187260115 0.302534050026915 0.299880596127175 0.295872923040085 0.290578341815115 0.283204022114666 0.275879887853653 0.273503279117422 0.275259304920933 0.277426416233187 0.27975576777886 0.283135070013893 0.285680262229443 0.285079989389094 0.284460219422138 0.285451891100539 0.287896633766354
-9999 -9999 -9999 -9999 -9999 -9999 -9999 -9999 -9999 -9999 -9999 -9999 -9999 -9999 -9999 -9999 0.477913769349266 0.459908501406423 0.438215235126329 0.441156524581665 0.437222271007433 0.411076287441379 0.353169059314777 0.272864959734087 0.207522216083321 0.202413204861431 0.226397681219231 0.231225947864402 0.24147228842283 0.234429066782928 0.241567289224154 0.255485025045878 0.245826731540463 0.257233225179194 0.281085329037301 0.287394936886471 0.295287120878474 0.296098431418873 0.295086787991977 0.295402373389931 0.294832536221326 0.294502011466574 0.291346008618373 0.287123702594698 0.280834342541916 0.26985171924832 0.262922646535913 0.262890433366571 0.264050489498547 0.266931201677327 0.268640120027242 0.268474369086629 0.26803438960607 0.266599233446722 0.264628443318134 0.259253256956846
-9999 -9999 -9999 -9999 -9999 -9999 -9999 -9999 -9999 -9999 -9999 -9999 -9999 -9999 -9999 -9999 0.478454373590839 0.450720797738605 0.416134169324086 0.430919565299377 0.442365179706179 0.413991057961324 0.369824928219384 0.280985235199061 0.194997906148706 0.199598624532907 0.209590348936702 0.220373463917803 0.247387722889364 0.246638929752876 0.262102112556751 0.27125023359349 0.233415974242519 0.237751171763656 0.28734808623124 0.296284568407757 0.299688051037131 0.297916956678087 0.295395129355913 0.29296464465925 0.29083530341762 0.288855241170527 0.286468993606235 0.281176709096649 0.273302927175112 0.26501952250028 0.260064466897029 0.257504901215546 0.255137385993505 0.255970124950681 0.255383437054918 0.254145222780057 0.253981822538308 0.254531002156362 0.256539666432431 0.251960942585056
-9999 -9999 -9999 -9999 -9999 -9999 -9999 -9999 -9999 -9999 -9999 -9999 -9999 -9999 -9999 -9999 0.484972472733669 0.444889206842885 0.38489554976842 0.396675863543907 0.432286814346514 0.406108023013235 0.36064291652906 0.284918027298199 0.180837840043816 0.133981374740297 0.175599460428872 0.229402597366241 0.242024556113635 0.247252804313849 0.269321351578263 0.302489357557093 0.309346215059498 0.304737118454189 0.300023785407802 0.302128115607541 0.307709318234405 0.305069084958665 0.300776748833642 0.29634286546043 0.292835960464336 0.287971359948879 0.284107104612151 0.275539454644372 0.265188811494822 0.257567794011064 0.252043986160395 0.254967142314022 0.260196318032403 0.260332611742951 0.2540182062559 0.248284229905652 0.245894055943992 0.247870294849995 0.253528574356313 0.254910778707613
-9999 -9999 -9999 -9999 -9999 -9999 -9999 -9999 -9999 -9999 -9999 -9999 -9999 -9999 -9999 -9999 -9999 0.475034984623104 0.448255965290798 0.446548010978608 0.4300423319499 0.395117370056925 0.343690087270836 0.295030992424194 0.259778055292923 0.198218705090385 0.182766358619854 0.237737521181824 0.248340692981617 0.255200051332092 0.255173566219089 0.270148066419816 0.306077249690074 0.312990117910433 0.293311398207698 0.285578605603097 0.298295546471996 0.307799693226867 0.304792173031129 0.299449091737056 0.292842488062282 0.288451040130415 0.2834610207237 0.276199093362545 0.264181851599499 0.252855634074176 0.244795307883548 0.2402679266554 0.245055434433656 0.249499757623939 0.248919355738828 0.246924304533454 0.245026459539935 0.246073129683053 0.250224401418031 0.254021280070085
-9999 -9999 -9999 -9999 -9999 -9999 -9999 -9999 -9999 -9999 -9999 -9999 -9999 -9999 -9999 -9999 -9999 0.468634120708558 0.462845901696034 0.45562440068507 0.44102745538329 0.402754013177732 0.339128542072612 0.276408532431223 0.262788455135296 0.224567107335343 0.202649421354298 0.251402068414999 0.265679551770159 0.280754434690886 0.288261672249977 0.297084591408557 0.306171702511438 0.312320590108822 0.313766967375451 0.308945562440411 0.30502730725234 0.300612841157714 0.296962053569565 0.300028079644827 0.299426065782005 0.290723219562721 0.282951245018613 0.275878745629681 0.267228848627279 0.257327031889537 0.245780751297672 0.239635824881657 0.243185542234938 0.244281777821685 0.237328154684902 0.235355884154611 0.240421428073728 0.246811552670064 0.253886462057659 0.2602882061902
-9999 -9999 -9999 -9999 -9999 -9999 -9999 -9999 -9999 -9999 -9999 -9999 -9999 -9999 -9999 -9999 -9999 0.471842574293594 0.467558236309161 0.461801324268717 0.449633376501378 0.415919070679977 0.372333696483699 0.317477027908087 0.281432421652505 0.23352276684256 0.204591958240556 0.262807246680066 0.27698602820614 0.279352240191901 0.292296186646442 0.291152255865222 0.302689106582691 0.317339680069157 0.319930267339617 0.319738103564561 0.313816193610059 0.308246000220968 0.303292161277894 0.300030139526984 0.299542038112324 0.293296215587517 0.283843195597078 0.276111217110286 0.266694065865695 0.255573973381897 0.245889137972266 0.238891322558906 0.236767957717375 0.234738330515161 0.229684525497811 0.229335314350045 0.233572508207819 0.240712839943723 0.250471600759782 0.25788683015941
-9999 -9999 -9999 -9999 -9999 -9999 -9999 -9999 -9999 -9999 -9999 -9999 -9999 -9999 -9999 -9999 -9999 0.488619379545529 0.478940788011795 0.483638156185703 0.475049445857733 0.436713820766413 0.384478402710151 0.326660817787245 0.27527153391514 0.254752907778623 0.229704532646289 0.222472437144308 0.261057672243525 0.281181488630801 0.290216252966403 0.296311037609957 0.309125417629569 0.322894714716009 0.331436032781355 0.330128857007622 0.323282152227339 0.320482942040502 0.318008200823828 0.308758906800336 0.301900222622993 0.296244332922621 0.285638989473005 0.276778620193284 0.267412893504174 0.255191888404502 0.244848531319516 0.236372173221923 0.22766760356193 0.222447382433917 0.220017968773161 0.221298944260779 0.226273205343479 0.23253962038384 0.242331474995675 0.250020026272172
-9999 -9999 -9999 -9999 -9999 -9999 -9999 -9999 -9999 -9999 -9999 -9999 -9999 -9999 -9999 -9999 -9999 0.52578538494842 0.517988430632899 0.507656573755235 0.491978466164504 0.461097410889159 0.402573019173882 0.324602136588389 0.272643915748062 0.267803306189929 0.251922858315911 0.234555420865677 0.263883926547621 0.281990276602883 0.292633260540065 0.304561506233508 0.32168410251496 0.340907143685696 0.342984701292395 0.329136443382647 0.319850175143883 0.31990792510974 0.319821461887933 0.319464475351143 0.312667864240089 0.302723638272119 0.292772603441911 0.283150592741814 0.27110324395504 0.256533887222616 0.246008025055637 0.237656364435071 0.22857805616408 0.222506749780778 0.219909054215551 0.219558780821916 0.222084471649653 0.228047038380125 0.237416104108043 0.246890896952989
-9999 -9999 -9999 -9999 -9999 -9999 -9999 -9999 -9999 -9999 -9999 -9999 -9999 -9999 -9999 -9999 -9999 -9999 0.526440506196928 0.514068750945814 0.500032452535055 0.472378838647929 0.407547419570841 0.330886349706044 0.295457613565676 0.276261017512024 0.260892138070743 0.265750367427155 0.290239293051579 0.313933269609346 0.334440629125954 0.33429855171638 0.335364695233305 0.341561369849247 0.324604868624878 0.310554516237988 0.325321102217601 0.33964147502964 0.337437009396803 0.320895479948479 0.310150087357591 0.302236891019726 0.295027582412018 0.290580114113552 0.278407378073355 0.260560676922411 0.249223233264972 0.239830431495211 0.229358332337302 0.222224037468072 0.217880600654266 0.217086680037581 0.220883679749888 0.22672775854848 0.235145259452498 0.244232456898198
-9999 -9999 -9999 -9999 -9999 -9999 -9999 -9999 -9999 -9999 -9999 -9999 -9999 -9999 -9999 -9999 -9999 -9999 0.534042659790998 0.523498596147119 0.508224990749217 0.486864941496865 0.436004788750357 0.368722453863851 0.340768781440459 0.319601371864015 0.304995088196299 0.305762063403802 0.322223495576915 0.350707966431288 0.366522347639576 0.372006414160546 0.370514868176669 0.357291579789171 0.331475881507712 0.320788652505834 0.332154819255163 0.345503261061682 0.349036877475619 0.340965017781038 0.327755274151473 0.311618112599509 0.300988672556323 0.294598168270667 0.286446197900766 0.270682725311773 0.257507144475061 0.247568646149666 0.236955649932401 0.230004258088605 0.225906581832856 0.223703800694072 0.224280833230913 0.227299096404279 0.234050455845389 0.242489501952513
-9999 -9999 -9999 -9999 -9999 -9999 -9999 -9999 -9999 -9999 -9999 -9999 -9999 -9999 -9999 -9999 -9999 -9999 0.561558278420026 0.55510708203731 0.53391180018244 0.493646519987111 0.457113835855323 0.39904518576917 0.353938641940227 0.357476359645902 0.360989287888342 0.356097657618825 0.351155203591529 0.3763973072916 0.395265278797647 0.392225504620982 0.374118271194693 0.359846581394053 0.346256568179683 0.338733912536819 0.341520514679936 0.345551496387509 0.35079837054383 0.350926094607175 0.347699770740938 0.330445330099336 0.31056299496895 0.300289540123679 0.290964972755059 0.279397824429621 0.270172861688613 0.260768025122213 0.247553698437166 0.238625909793679 0.232643555736699 0.227807237691836 0.225902756534261 0.227518384923617 0.234006275804056 0.239179655724582
-9999 -9999 -9999 -9999 -9999 -9999 -9999 -9999 -9999 -9999 -9999 -9999 -9999 -9999 -9999 -9999 -9999 0.560137494730252 0.567708255521604 0.568575880499192 0.550604803405648 0.507304446451343 0.48324698645233 0.450364475100635 0.392199855443096 0.393416001579628 0.394475240826702 0.376599295740286 0.371236639151158 0.396506808089419 0.410230956875195 0.391844527122204 0.373228066905912 0.359946282410321 0.345375182250357 0.339451392132711 0.342873264086213 0.34980739853834 0.354902849803799 0.353081321007834 0.349589326520597 0.337451679388783 0.320702357963118 0.310714158910249 0.300236756890909 0.286123390686647 0.275669793869984 0.266874038501357 0.255453411391298 0.244708695638288 0.237195636836655 0.231743713742998 0.228810129282971 0.229722962371316 0.235831505729899 0.24721225305897
-9999 -9999 -9999 -9999 -9999 -9999 -9999 -9999 -9999 -9999 -9999 -9999 -9999 -9999 -9999 -9999 -9999 0.548245812954486 0.562166295659414 0.572672616107767 0.566094924664803 0.545188465520053 0.490940797717422 0.441386587947922 0.410620847720501 0.393575813110384 0.412865264078756 0.420728917171935 0.412369214843864 0.413111131557283 0.389654773292729 0.362911704313371 0.352618530688056 0.342777874954672 0.333728907522016 0.332859556083488 0.340369681241414 0.350873137552704 0.354328925333163 0.352011295335609 0.350161915983058 0.348041795482481 0.338835070608121 0.329791646484754 0.324386827871049 0.311525254228066 0.295918210653744 0.278542562943462 0.263899751048497 0.256896522555274 0.249866078684528 0.241946552316221 0.237852347668721 0.237895612575929 0.243210746064946 0.251628575329099
-9999 -9999 -9999 -9999 -9999 -9999 -9999 -9999 -9999 -9999 -9999 -9999 -9999 -9999 -9999 -9999 -9999 0.559062246893358 0.572499598690394 0.601269920208526 0.599384202809487 0.59329054638647 0.567310766674004 0.496357298972388 0.425364851587349 0.398219090558686 0.417578527034466 0.445566866373912 0.427978045460498 0.419374886091794 0.392372892103681 0.361995884298762 0.3530862174167 0.343335822260669 0.336672453394678 0.339139230230854 0.347761763282458 0.36038790615169 0.364276535584417 0.362003328067329 0.36190073733797 0.359660816832443 0.35162095210004 0.339035859113051 0.324458565566427 0.314122419869168 0.303573553028232 0.288802275799155 0.276827951133475 0.268992290970908 0.262806293027342 0.255646925966027 0.250109056120051 0.247942149796649 0.251665437242818 0.257923748403306
-9999 -9999 -9999 -9999 -9999 -9999 -9999 -9999 -9999 -9999 -9999 -9999 -9999 -9999 -9999 -9999 -9999 0.599716867025212 0.61164083040546 0.627701839220914 0.613220774781744 0.550962858220812 0.49204365964262 0.472910495275513 0.430189057301026 0.426841467094098 0.459124163204237 0.473466842817325 0.473799225746963 0.441658564047089 0.400022646260234 0.382525796935466 0.373185895685585 0.356933145115487 0.349288600423542 0.355613810389352 0.361895543091164 0.366781335993482 0.365940369230077 0.360646707243404 0.356835243108975 0.354967544466292 0.352494228954996 0.345657070517587 0.332800840822045 0.32338073806911 0.320120267537285 -9999 0.289652330194847 0.278071571128582 0.271242714335506 0.264565794951956 0.260622174431735 0.25901877098817 0.260173692010794 0.262581384947363
