layers/veg_krg_sqold/veg4500.asc
NCOLS 255 
NROWS 330 
XLLCORNER -2985163.8955 
YLLCORNER -3022031.214 
CELLSIZE 25000 
NODATA_value -9999 
[rows 250 to 274 of 330, columns 56 to 111 of 255]
-9999 -9999 -9999 -9999 -9999 -9999 -9999 -9999 -9999 -9999 -9999 -9999 -9999 -9999 -9999 -9999 -9999 0.630854904788416 0.640763042500342 0.657979833638867 0.651596377217634 0.618188213590571 0.565156869397296 0.53170617667995 0.514364214455269 0.50304269012518 0.507683883233117 0.508248281591661 0.503693304927285 0.488405139099215 0.460672029289348 0.450153213641247 0.437364388208287 0.409929867619028 0.396191234623923 0.403009594137002 0.398636079152722 0.390240121521013 0.379566864613744 0.366783733830581 0.354582002126205 0.351387875778519 0.352756577652144 0.351290006195949 0.345433852782174 0.343391762134129 -9999 -9999 -9999 0.2855699062508 0.28031183702876 0.275950844452236 0.271883849686047 0.268710779176268 0.266132693996725 -9999
-9999 -9999 -9999 -9999 -9999 -9999 -9999 -9999 -9999 -9999 -9999 -9999 -9999 -9999 -9999 -9999 -9999 0.658103743143344 0.661538524499997 0.678849146535231 0.673609697651049 0.652355516141149 0.61971428771158 0.577435964758763 0.563392175176373 0.578816943568799 0.558053461639187 0.532851098030682 0.525441946545677 0.508475281017721 0.488699271830109 0.49533236516793 0.487326179172694 0.459341265883231 0.441134717841607 0.427851737958994 0.410926353620616 0.386887902682372 0.361048354455958 0.340271403654778 0.323565286982643 0.329093906584367 0.345012003838747 0.35551603652825 0.356446407499873 0.350797255383642 0.350288523202152 -9999 -9999 -9999 -9999 -9999 -9999 -9999 -9999 -9999
-9999 -9999 -9999 -9999 -9999 -9999 -9999 -9999 -9999 -9999 -9999 -9999 -9999 -9999 -9999 -9999 -9999 0.670149416060913 0.681250020501219 0.691636515629142 0.68870866465095 0.669774810014949 0.642890890466833 0.587910474236488 0.552369745613728 0.577262082599105 0.577406216351069 0.555165077845264 0.53588773478903 0.523428660865092 0.509937896457016 0.510559059546515 0.503808078437672 0.481915386815529 0.460347072818468 0.438549007484068 0.414182619774292 0.391170260029991 0.369906696423907 0.342190336356952 0.319671481849316 0.330642939081204 0.354703839990598 0.365962607655267 0.365305041278032 0.361298034038358 0.361835453316484 -9999 -9999 -9999 -9999 -9999 -9999 -9999 -9999 -9999
-9999 -9999 -9999 -9999 -9999 -9999 -9999 -9999 -9999 -9999 -9999 -9999 -9999 -9999 -9999 -9999 -9999 0.695948819329574 0.694641146025126 0.704883587971127 0.705990896090906 0.675581443224833 0.643776006173959 0.63206717833867 0.613373874724929 0.568030608424786 0.540430984622151 0.560406692045471 0.535491911114717 0.518663001533914 0.518975273691036 0.517106723167758 0.504628681915941 0.486615484686477 0.469250921663984 0.445668060560364 0.424120944019971 0.403072987350021 0.380402263161349 0.35681858765805 0.342543740034919 0.353924772408507 0.373527433678751 0.380738762837862 0.375029147149815 0.370294875143335 0.373954582318656 -9999 -9999 -9999 -9999 -9999 -9999 -9999 -9999 -9999
-9999 -9999 -9999 -9999 -9999 -9999 -9999 -9999 -9999 -9999 -9999 -9999 -9999 -9999 -9999 -9999 -9999 0.728581334638033 0.725690930833001 0.728568809706152 0.720898606936889 0.706185231779217 0.686217352991728 0.657266787018606 0.627431985063608 0.598424776160569 0.576943062067524 0.585095730267333 0.581199364970053 0.555992443484943 0.532660296294952 0.515177030506617 0.49719007845228 0.475174630671014 0.473634733874822 0.453427698212572 0.433648180880451 0.42416376055995 0.412656356744637 0.414149549202647 0.407192944857059 0.397884621844753 0.395662644335178 0.394105677991014 0.391099935397983 0.387547493066137 0.392515435827129 -9999 -9999 -9999 -9999 -9999 -9999 -9999 -9999 -9999
-9999 -9999 -9999 -9999 -9999 -9999 -9999 -9999 -9999 -9999 -9999 -9999 -9999 -9999 -9999 -9999 -9999 0.749118899526281 0.748735026142124 0.747437873874122 0.710457077824677 0.698993175827724 0.689077593251804 0.685120259572918 0.678176476207411 0.652124824557899 0.63145642406477 0.633051997240288 0.62231617949311 0.607201907070881 0.57814157438299 0.547632565618138 0.518079242272204 0.480552245865688 0.457768319168748 0.442016362743271 0.432231548276966 0.424523193423119 0.419994849249715 0.43602463331744 0.440670899093615 0.430033651234967 0.420070560331337 0.419343728911922 0.416097391037611 0.412497643013646 0.412509987161445 0.410243272374972 -9999 -9999 0.378629289781903 0.37150453394183 -9999 -9999 -9999 -9999
-9999 -9999 -9999 -9999 -9999 -9999 -9999 -9999 -9999 -9999 -9999 -9999 -9999 -9999 -9999 -9999 0.734711819794801 0.749876553361662 0.766679566860405 -9999 0.735698791708221 0.738165357159888 0.715445740329492 0.663266908200739 0.664629916903309 0.668898150218417 0.659454949088517 0.657115734449708 0.642237698223171 0.62224818317685 0.600602802848667 0.573331274630991 0.53157794060422 0.48539779545798 0.456844897453461 0.440350825506272 0.44213344914114 0.44555089509982 0.447015221664845 0.457653863942903 0.458610112034233 0.447961600370907 0.438539204916313 0.436855176838565 0.432696509517472 0.426888912908611 0.421005720401214 0.411607598024999 0.404222720862575 0.395955514661265 0.385663701800419 0.386110077997071 -9999 -9999 -9999 -9999
-9999 -9999 -9999 -9999 -9999 -9999 -9999 -9999 -9999 -9999 -9999 -9999 -9999 -9999 -9999 -9999 0.704497942090685 0.727967729320823 0.76656628086684 0.779128405462746 -9999 0.75702822317007 0.705530954209281 0.649860484957856 0.672575552734766 0.698383809718786 0.684471280969145 0.67827884652528 0.672928569924319 0.639906156309859 0.616837723108326 0.611840782605679 0.582029163438835 0.545468091001 0.51615858463525 0.503547387491192 0.489528936217884 0.469964131984007 0.468226561811121 0.482589904799448 0.491453539774252 0.48217152240004 0.471112484267771 0.466952062489879 0.458317904537112 0.446692625736572 0.437239820913177 0.425070634212453 0.409390502390733 0.404036916377191 0.403955189132153 0.404873950522337 -9999 -9999 -9999 -9999
-9999 -9999 -9999 -9999 -9999 -9999 -9999 -9999 -9999 -9999 -9999 -9999 -9999 -9999 -9999 -9999 0.713289648346281 0.73413905046123 0.768849443205682 -9999 -9999 0.748206407506 0.768877452462242 0.737769138547497 0.70178182799472 0.723124719905514 0.692805171545609 0.683195263119606 0.697190393279931 0.673070284755347 0.65492674938245 0.645898497545547 0.609846031783262 0.562937303784554 0.522765143098543 0.516444498708509 0.50413549039323 0.491140592302032 0.495149687575745 0.517143268542971 0.538460059325241 0.523115309050457 0.502374586051377 0.490468678204226 0.478331616851474 0.463182085087385 0.45927253866061 0.456937277180846 0.445713821797848 0.432437141186783 0.419013878286869 0.418181236931233 -9999 -9999 -9999 -9999
-9999 -9999 -9999 -9999 -9999 -9999 -9999 -9999 -9999 -9999 -9999 -9999 -9999 -9999 -9999 -9999 0.750862889550519 0.755869447075694 0.779393184901832 -9999 0.755325195754518 0.741044463929591 0.714411231485973 0.684331401091718 0.677137913671492 0.683513457627944 0.682306989063856 0.685587344900797 0.690590958617508 0.665035712081341 0.649740353502401 0.652690190369815 0.623922668891271 0.588005662313748 0.573338943691708 0.542526811379782 0.525106891546956 0.534653342009878 0.542130129280191 0.555230092583158 0.557287926664516 0.540535372579215 0.516951687097257 0.499546294719895 0.487082648642483 0.476458026190693 0.469698015490357 0.458559150317473 0.44687758912852 0.442999131075699 -9999 -9999 -9999 -9999 -9999 -9999
-9999 -9999 -9999 -9999 -9999 -9999 -9999 -9999 -9999 -9999 -9999 -9999 -9999 -9999 -9999 -9999 0.789302945357743 0.789093748367434 0.78911933596134 -9999 0.783758832561665 0.770410551111311 0.737392825255956 0.709873469247942 0.700594310167837 0.713824537153549 0.725827351886767 0.713323600128874 0.719613255389356 0.699707269965257 0.654484888442332 0.62588134031072 0.626990620623731 0.622477656374395 0.605432630466457 0.587726945479921 0.57615586610292 0.582884201907528 0.582022995342401 0.576796190956495 0.563245742493664 0.545805323659892 0.525216098087702 0.511736399207769 0.501810112088548 0.49265280824437 0.483583556601318 0.474563640689283 0.471105043028934 -9999 -9999 -9999 -9999 -9999 -9999 -9999
-9999 -9999 -9999 -9999 -9999 -9999 -9999 -9999 -9999 -9999 -9999 -9999 -9999 -9999 -9999 -9999 0.790730831376548 0.790614605583481 0.794342675104981 -9999 0.802511861572902 0.78237963169806 0.753614325174508 0.724860340352128 0.693934199372228 0.713933364602247 0.741890146615367 0.704841919874054 0.697151288431348 0.700863655055895 0.675257533842249 0.65459850030056 0.647215121544364 0.634770874477446 0.616918019431332 0.628530136337188 0.623370277253147 0.609311361722251 0.592526784270653 0.575367871749068 0.562860217429262 0.550613760474834 0.537948021005096 0.530963902674604 0.51380827201567 0.492762038375007 0.487244140809712 -9999 -9999 -9999 -9999 -9999 -9999 -9999 -9999 -9999
-9999 -9999 -9999 -9999 -9999 -9999 -9999 -9999 -9999 -9999 -9999 -9999 -9999 -9999 -9999 -9999 -9999 0.798546005111965 0.802483201092744 -9999 0.820930983966686 0.778270668723935 0.769583791129369 0.7775334989729 0.710276911096715 0.713498850982215 0.728412431168249 0.707974067579878 0.711355847765186 0.705104405832527 0.685174298384468 0.674090110344636 0.655946745981786 0.637370070409025 0.627541535085985 0.636428775594356 0.631994233017155 0.61422368926565 0.594164509460619 0.578734155568071 0.566478125801405 0.555625763702543 0.546253533952002 0.535417042954368 0.514520985538975 0.509901721701116 -9999 -9999 -9999 -9999 -9999 -9999 -9999 -9999 -9999 -9999
-9999 -9999 -9999 -9999 -9999 -9999 -9999 -9999 -9999 -9999 -9999 -9999 -9999 -9999 -9999 -9999 -9999 -9999 -9999 -9999 0.828428463071479 0.792527915163784 0.774097837265858 0.779436928585237 0.751576978111576 0.740503607974727 0.735182811001302 0.72717978379697 0.718318626236377 0.716633194047537 0.701683817322491 0.695096211864803 0.679230747074261 0.670045968407904 0.676703479697829 0.662322823166134 0.64288989105775 0.625707612441069 0.610795990280632 0.592358871237945 0.574009129051945 0.561976236985999 0.545433357020295 0.528959163546225 0.517829348210675 0.514260047513116 0.520401515406832 -9999 -9999 -9999 -9999 -9999 -9999 -9999 -9999 -9999
-9999 -9999 -9999 -9999 -9999 -9999 -9999 -9999 -9999 -9999 -9999 -9999 -9999 -9999 -9999 -9999 -9999 -9999 -9999 -9999 0.829090227049626 0.821838494016858 0.800354615004027 0.765708987642339 0.726881424008439 0.740775603735274 0.759112572964228 0.741792686949503 0.734282017544697 0.724955083937647 0.701171063704682 0.69653218113217 0.687312964411787 0.677825866175856 0.679866663574034 0.661916045271287 0.634991946959654 0.620932165158345 0.615560686110308 0.60398131890895 0.588620749132259 0.571964790501514 0.552906193435832 0.534886741629578 0.524521494547434 0.523526471731063 0.53145403139717 -9999 -9999 -9999 -9999 -9999 -9999 -9999 -9999 -9999
-9999 -9999 -9999 -9999 -9999 -9999 -9999 -9999 -9999 -9999 -9999 -9999 -9999 -9999 -9999 -9999 -9999 -9999 -9999 -9999 0.817337745979692 0.808877957141448 0.830827937292323 0.816603433375485 0.767565126938317 0.77671389474157 0.77188361426069 0.765707501271741 0.759906745882926 0.739007941922389 0.71093514634145 0.686158716887849 0.673148182318414 0.673316223844117 0.67490658362655 0.656550975952279 0.631413441993839 0.621576421369122 0.615186844629477 0.60400159546951 0.586698118633757 0.570574771613278 0.550265489885353 0.537338438475387 0.529608361532416 0.530398752851062 0.5370158540825 -9999 -9999 -9999 -9999 -9999 -9999 -9999 -9999 -9999
-9999 -9999 -9999 -9999 -9999 -9999 -9999 -9999 -9999 -9999 -9999 -9999 -9999 -9999 -9999 -9999 -9999 -9999 0.853738111780695 0.84624943165197 0.833976891446189 0.81601734171449 0.799998361436004 0.796519352840539 0.771592140169629 0.771833555707703 0.788317831919144 0.773532093041039 0.770490897409039 0.765640982987952 0.741783254649908 0.718471375561211 0.690975710465288 0.681774459066147 0.682020666364831 0.651754140643389 0.636137514338217 0.637811462636905 0.62874129921401 0.61044583243323 0.594306445962642 0.576673571027291 0.554207292719691 0.545796344517763 0.546051480972229 0.552513903806708 -9999 -9999 -9999 -9999 -9999 -9999 -9999 -9999 -9999 -9999
-9999 -9999 -9999 -9999 -9999 -9999 -9999 -9999 -9999 -9999 -9999 -9999 -9999 -9999 -9999 -9999 -9999 -9999 0.853307861382322 0.860057116068646 0.860498040695672 0.838578098179799 0.82066112280283 0.8171758748569 0.797364015548084 0.792223944367983 0.782017654397688 0.774098453272806 0.782864495180677 0.779332670323584 0.760765251669159 0.731348979288022 0.69611500388824 0.689443185487257 0.696370661578998 0.679064521379635 0.661283146452683 0.644474531158506 0.628579213805051 0.613312414101733 0.592618379817519 0.57434129250217 0.576246472235887 0.577578825564172 0.572025204728531 0.569212924238705 -9999 -9999 -9999 -9999 -9999 -9999 -9999 -9999 -9999 -9999
-9999 -9999 -9999 -9999 -9999 -9999 -9999 -9999 -9999 -9999 -9999 -9999 -9999 -9999 -9999 -9999 -9999 -9999 0.835422115318121 0.861412965724489 0.858134291641094 0.824474902169578 0.803996650799383 0.799652613449346 0.79980260347444 0.787330920583007 0.763069830082979 0.747887692776938 0.770468606443182 0.779727061579018 0.757009093557191 0.724463212337599 0.699584779704269 0.695829970635974 0.693372521451178 0.677605090141931 0.662578080142504 0.639454826511904 0.621837504381377 0.610407680301846 0.589127384998021 0.580550167927366 0.590405872591731 0.585199311340714 0.573317196495311 0.564851149154812 -9999 -9999 -9999 -9999 -9999 -9999 -9999 -9999 -9999 -9999
-9999 -9999 -9999 -9999 -9999 -9999 -9999 -9999 -9999 -9999 -9999 -9999 -9999 -9999 -9999 0.815014599757518 -9999 0.831315599939385 0.846317404464433 0.864395002338067 0.832355366382998 0.822150000475441 0.804266362458973 0.794924422393128 0.790236363181644 0.783913837693593 0.776609307576794 0.775705318110924 0.778597606509168 0.771806008424047 0.75713368990955 0.738901151165769 0.71076292586257 0.696757377764466 0.691287337488423 0.668522398264656 0.64687517039114 0.628859824097863 0.621313210390296 0.604479655531252 0.595718395419488 0.60367495879947 0.606881963218838 -9999 -9999 -9999 -9999 -9999 -9999 -9999 -9999 -9999 -9999 -9999 -9999 -9999
-9999 -9999 -9999 -9999 -9999 -9999 -9999 -9999 -9999 -9999 -9999 -9999 -9999 -9999 -9999 -9999 -9999 0.840695045852505 0.843675591180468 0.843868965970787 0.84471104648667 0.816327368429777 0.787589797035536 0.781415613440929 0.773553939316466 0.791034032456891 0.803730552428014 0.777864726327135 0.769920784849456 0.763570843770511 0.75393276110727 0.739115842018353 0.710005143536613 0.696599526213714 0.700179967667078 0.680714192535447 0.655551860479252 0.634432361983431 0.60877980198549 0.601498803555394 0.613065574871903 -9999 -9999 -9999 -9999 -9999 -9999 -9999 -9999 -9999 -9999 -9999 -9999 -9999 -9999 -9999
-9999 -9999 -9999 -9999 -9999 -9999 -9999 -9999 -9999 -9999 -9999 -9999 -9999 -9999 -9999 -9999 -9999 0.822344372749471 0.835552187024576 -9999 0.852573716884665 0.839416529391858 0.812002296199746 0.813215476463032 0.795034185522006 0.773217352308274 0.77039813741927 0.766810605135956 0.76452380513804 0.760587611890065 0.747090926398512 0.73194735716854 0.705519166311006 0.691676603873127 0.697998913400975 0.677184388759608 0.64501344743996 0.611628941018424 0.595028083112791 0.600557063246191 -9999 -9999 -9999 -9999 -9999 -9999 -9999 -9999 -9999 -9999 -9999 -9999 -9999 -9999 -9999 -9999
-9999 -9999 -9999 -9999 -9999 -9999 -9999 -9999 -9999 -9999 -9999 -9999 -9999 -9999 -9999 -9999 -9999 0.826740223668759 0.839193300374602 -9999 0.821047646993316 0.814161061483647 0.805879547307089 0.80591078137835 0.808565169999333 0.788908987136657 0.760641176172124 0.751733579846799 0.75000246428384 0.746019007238176 0.734307620356633 0.71971228737384 0.698826897492191 0.681981593041941 0.675099457620048 0.654571682859887 0.621214857678179 0.603083214708659 0.608479797985904 0.617561459110395 -9999 -9999 -9999 -9999 -9999 -9999 -9999 -9999 -9999 -9999 -9999 -9999 -9999 -9999 -9999 -9999
-9999 -9999 -9999 -9999 -9999 -9999 -9999 -9999 -9999 -9999 -9999 -9999 -9999 -9999 -9999 0.82484764042837 0.805179601751843 0.80785942198146 0.816907608736963 -9999 0.848249222745084 0.791321982716762 0.747476127134909 0.745608926291076 0.721752206985374 0.713272959353065 0.740665304140122 0.728676646517908 0.721905502631602 0.719747182761856 0.709063142302776 0.698182520992836 0.687703116426612 0.675070414753192 0.655768050146811 0.632511238553891 0.632559819768308 0.63969024685161 0.629383300774206 0.623107851886046 -9999 -9999 -9999 -9999 -9999 -9999 -9999 -9999 -9999 -9999 -9999 -9999 -9999 -9999 -9999 -9999
-9999 -9999 -9999 -9999 -9999 -9999 -9999 -9999 -9999 -9999 -9999 -9999 -9999 -9999 0.831642943703197 0.824293960923247 0.805445309030043 0.797304153793406 0.820383101640441 0.855593342128733 0.8302012826653 0.768576654038866 0.772437561242419 0.770109130445206 0.717390097209533 0.700383463659083 0.699213362979028 0.704365024349965 0.70639586004508 0.706386236404569 0.698175677906914 0.68392911384195 0.67093364367837 0.660784129644421 0.645130666178209 0.631089928601304 0.637343234369774 0.636978410815822 0.623784375983212 0.602654210526407 -9999 -9999 -9999 -9999 -9999 -9999 -9999 -9999 -9999 -9999 -9999 -9999 -9999 -9999 -9999 -9999
