layers/veg_krg_sqold/veg4800.asc
NCOLS 255 
NROWS 330 
XLLCORNER -2985163.8955 
YLLCORNER -3022031.214 
CELLSIZE 25000 
NODATA_value -9999 
[rows 200 to 224 of 330, columns 112 to 167 of 255]
0.479760565183309 0.476263950500959 0.473295071485133 0.469595201880207 0.464413291642203 0.458700393546544 0.453778873213415 0.447772287569742 0.440317093056533 0.433551802547328 0.424827150334633 0.412657348026286 0.40194772750077 0.392129668572897 0.379727548332122 0.370431385034418 0.361055551087846 0.346508745560009 0.333675666844542 0.320268893126747 0.30132194448505 0.288063980358773 0.282394073304357 0.274686860895955 0.266859860579881 0.264981772932305 0.266772023630828 0.266998113156737 0.273010116730656 0.282035114887046 0.288714328480505 0.296098265329994 0.302605953077019 0.306823041630243 0.309224386849955 0.312846574620814 0.315645963105953 0.314386052682673 0.311648349220494 0.306819686140256 0.299677330211348 0.290831353536753 0.286407644089442 0.292250960868547 0.298992380950513 -9999 -9999 -9999 -9999 -9999 -9999 -9999 -9999 -9999 -9999 -9999
0.477900083459833 0.474324873338455 0.471186588239942 0.467670670435787 0.462886951205574 0.457684892859551 0.452971606993958 0.446875622311475 0.439306971272258 0.432493371759944 0.423244577311855 0.411254868580985 0.400973155506882 0.391224049778021 0.379769473990898 0.369946320873631 0.359582791368774 0.344941949114231 0.331487486765035 0.319068221558618 0.302753951073052 0.287017867319194 0.27798634919238 0.27084410341325 0.261420897089844 0.261825472021141 0.267786697379071 0.268110747239512 0.272523334329467 0.275816026421931 0.2784423424898 0.287084227447661 0.296330241985107 0.301398244254445 0.304926393396705 0.306374630672561 0.302461945534243 0.300261539804358 0.304194465970257 0.303725809679345 0.297319717551126 0.295430568852576 0.29728420805388 0.298586594287481 -9999 -9999 -9999 -9999 -9999 -9999 -9999 -9999 -9999 -9999 -9999 -9999
0.475611798988813 0.472215716861593 0.469254766439365 0.466002521442287 0.461457409233573 0.457252872474958 0.452756521493859 0.445339752032636 0.437588851726121 0.430098929371626 0.420767585251572 0.409457021002495 0.399618756184002 0.390431387802356 0.380272436180458 0.369211154604257 0.35563225708121 0.341511392354207 0.328991686003035 0.314598073055181 0.301045608629661 0.290383549868183 0.27740533575781 0.268696218271388 0.266827482562144 0.268057978976654 0.268614911193898 0.268042366859136 0.263340596104959 0.254619639453281 0.257711883343755 0.272955690518506 0.280518900124386 0.275406887224983 0.278907634375542 0.28136986349647 0.273501376223535 0.27908969969143 0.294881303854806 0.305703588694294 -9999 0.300678057135215 0.302031325431928 0.302685728471297 -9999 -9999 -9999 -9999 -9999 -9999 -9999 -9999 -9999 -9999 -9999 -9999
0.473387768064124 0.47014997961951 0.467550653896373 0.464891600590924 0.460535343244429 0.456378791141786 0.452156203649772 0.443951575590829 0.434912014363008 0.427615253483454 0.4196646425193 0.408672764632474 0.398824119072965 0.389906225525138 0.379197328728888 0.368917566835915 0.356250275629755 0.339631803703117 0.325263939175331 0.310651673131063 0.297148994564269 0.288485661873053 0.274907239240384 0.267996609250246 0.270780237722499 0.271286961767076 0.268774210782214 0.265116068774601 0.257072900752061 0.254010033837574 0.259185620751641 0.266023910225882 0.272491363769086 0.263536103852831 0.265685085209969 0.277771007189044 0.281493903011985 0.289744114205231 0.301524764023312 0.307188004055864 -9999 0.307194760977212 0.305564102991468 -9999 -9999 -9999 -9999 -9999 -9999 -9999 -9999 -9999 -9999 -9999 -9999 -9999
0.471711596911296 0.468954649407734 0.466899008757672 0.464460877845922 0.460581366509284 0.456385180514268 0.451513528750143 0.442527111801821 0.433689650725484 0.427010550249097 0.418452899297367 0.408148581084561 0.399608244399829 0.390695120610526 0.379807592577165 0.370772196489942 0.359811736368165 0.344811233024997 0.329298983230963 0.312793779686436 0.294667463984506 0.281878030447802 0.272051442147475 0.267236171741156 0.270782321788679 0.27079210862713 0.267842251876543 0.260696678244788 0.253139996568655 0.254798919755836 0.264204974978189 0.2686137284139 0.274627010604645 0.277009434296154 0.283356984525454 0.294114269893426 0.292731880963801 0.2987641121781 0.306381648584523 -9999 0.309732920684509 0.309589856378569 -9999 -9999 -9999 -9999 -9999 -9999 -9999 -9999 -9999 -9999 -9999 -9999 -9999 -9999
0.46948774131958 0.467441107309992 0.465913684978577 0.463473080427599 0.460267078364111 0.456127104321075 0.450148063398974 0.440717081331336 0.431988315817746 0.425397937540681 0.417725306724854 0.408187872178665 0.399566436576552 0.391279555906127 0.380991442518416 0.370184306008411 0.35803237138606 0.344869737165079 0.333607702463182 0.319079099380137 0.298615374582318 0.283877190312331 0.281162030879729 0.279327756670106 0.274498572120482 0.272077017752072 0.269756370083121 0.264541480756154 0.255705293083086 0.251959886968047 0.256938106193713 0.266062421636053 0.273270608351579 0.274220734464592 0.279073837794535 0.293114505203585 0.301430613064871 0.305165946623532 0.308716449032574 -9999 0.314326441564638 0.312310705459333 -9999 -9999 -9999 -9999 -9999 -9999 -9999 -9999 -9999 -9999 -9999 -9999 -9999 -9999
0.467566402283551 0.46624950277833 0.465005326061491 0.462487477146832 0.459563484161877 0.455529369857937 0.447929479996251 0.43734431406492 0.429707944002063 0.424354327129199 0.41769315672212 0.408521125786195 0.399769024673893 0.39219175443074 0.382499376376617 0.371877689167821 0.359091595249821 0.344451739771497 0.333978551272593 0.320287492655482 0.298683111739604 0.288844279337636 0.290190357062321 0.285754773122563 0.280101630272848 0.274240086383452 0.269917787188273 0.269797326683045 0.264738500710849 0.255665318975152 0.255843527642741 0.262386420902778 0.263421923301631 0.261144573405452 0.269518801625453 0.287519617120766 0.301960548532479 0.306389975163665 -9999 0.317243239245867 0.317093029998705 -9999 -9999 -9999 -9999 -9999 -9999 -9999 -9999 -9999 -9999 -9999 -9999 -9999 -9999 -9999
0.466725895005122 0.465623173836362 0.464592792053036 0.462172249276281 0.458788382212231 0.454005991390686 0.444955928269719 0.435136237644332 0.429951023593428 0.425436753336129 0.418766751330671 0.409203053870656 0.400352304748308 0.392920254778626 0.382928548416455 0.372879245772067 0.361267602030702 0.343856389033918 0.328725533777844 0.317741899615364 0.305167557629102 0.298261904936596 0.295263921279939 0.288771027971469 0.281870747694091 0.275286302296552 0.272778108692182 0.272676882669166 0.27130555361937 0.270019866480617 0.265536478053174 0.259438284330526 0.263602578991392 0.27138923171159 0.280684474991232 0.297264425521523 0.306510429662908 -9999 -9999 -9999 0.319949764174126 -9999 -9999 -9999 -9999 -9999 -9999 -9999 -9999 -9999 -9999 -9999 -9999 -9999 -9999 -9999
0.465322915256002 0.465032335358796 0.463649141038364 0.461346781196097 0.456552480196779 0.448842265285378 0.441964163589707 0.434731634483889 0.429139322677981 0.424599753269229 0.418855354222157 0.410133442372279 0.401430307228173 0.395081604276774 0.385090326668219 0.372733079695957 0.361039708503403 0.34661557811581 0.332517374349374 0.319325848919624 0.30579479889225 0.301019903995632 0.300122708607399 0.293719756467825 0.286642728300301 0.27924401637227 0.275442330486904 0.274574082565298 0.27291857871109 0.274571523250243 0.266937464609717 0.263615272805189 0.277111609022598 0.286982784462425 0.296286829654887 0.303479249426574 -9999 -9999 -9999 -9999 -9999 -9999 -9999 -9999 -9999 -9999 -9999 -9999 -9999 -9999 -9999 -9999 -9999 -9999 -9999 -9999
0.463081982621543 0.463645588747943 0.463019500333802 0.460718989514119 0.456935759049149 0.448749692209649 0.440393928076794 0.434715295392339 0.429593309194374 0.424266265458266 0.418672995388888 0.410843539481145 0.403123633588992 0.396830445663985 0.387034593641062 0.37573130547745 0.365935090794419 0.353994639772845 0.339816676508344 0.325776685321202 0.31336383791044 0.304926137613438 0.301670353173121 0.297311316677038 0.291311555688353 0.285465925915249 0.280537837777566 0.277074639476297 0.275440018863554 0.277613220140456 0.274798061544969 0.271399545030416 0.281191525173826 0.294561868891429 0.303148620814424 0.310223104500718 0.314609687910861 0.315306042914353 -9999 -9999 -9999 -9999 -9999 -9999 -9999 -9999 -9999 -9999 -9999 -9999 -9999 -9999 -9999 -9999 -9999 -9999
0.462482767320579 0.461286744372425 0.461263199275772 0.459893416950797 0.457297038050977 0.449873209514468 0.440776541210442 0.435593634836946 0.430274052677286 0.424386254457127 0.419387448313543 0.412310929787841 0.404953211809107 0.398310062117356 0.387013212557055 0.375054785937598 0.366271242334653 0.353834122446625 0.342850104272215 0.332587100003212 0.3177512785477 0.310483419359606 0.306840784255945 0.299208609023987 0.293045784493747 0.286544525344638 0.280577392712583 0.276574386285723 0.273816794595102 0.275341992209515 0.277938911936623 0.280653392402953 0.291194785369325 0.300611735070656 0.305207729230766 0.31067059837166 0.314032043563278 -9999 -9999 -9999 -9999 -9999 -9999 -9999 -9999 -9999 -9999 -9999 -9999 -9999 -9999 -9999 -9999 -9999 -9999 -9999
0.460227798361643 0.458355842679414 0.45819204086488 0.45743305635947 0.455865008237205 0.451731509803669 0.444531438181155 0.437120777852596 0.431150165011645 0.42555596253711 0.420442535355588 0.413677031781105 0.406821519993563 0.400286372819994 0.389725323588193 0.378202658480909 0.367797441947333 0.355467803810622 0.34310545962481 0.334033879444145 0.324052128229111 0.31597425084936 0.310758145545408 0.30150661182554 0.293516550102033 0.287253013955294 0.280470462876852 0.276089161932366 0.276397876521231 0.278148741543625 0.282806115703557 0.288934183261358 0.295639942097338 0.302272052335343 0.306544286476189 0.309308560794649 -9999 -9999 -9999 -9999 -9999 -9999 -9999 -9999 -9999 -9999 -9999 -9999 -9999 -9999 -9999 -9999 -9999 -9999 -9999 -9999
0.458016765461439 0.45590933963307 0.454939405928969 0.454893410177717 0.454309854986614 0.452136601301978 0.446919299635715 0.438997310736011 0.432495393437412 0.427217012015278 0.421623590959638 0.414881735931976 0.408478862256013 0.402633200147316 0.391926656013155 0.380766849766092 0.37175084934947 0.360417010638218 0.349181137054418 0.340776441189145 0.331577131382305 0.323059466468404 0.314495888497117 0.303057833531026 0.292810581792145 0.283238629825252 0.274255249204897 0.271436111907082 0.277285473276639 0.282309356073617 0.286095682829775 0.293193234373636 0.298911805391817 0.304139448485969 0.30814371412326 0.310303053164202 -9999 -9999 -9999 -9999 -9999 -9999 -9999 -9999 -9999 -9999 -9999 -9999 -9999 -9999 -9999 -9999 -9999 -9999 -9999 -9999
0.457143071946322 0.454716314414129 0.453757541497979 0.453579260932437 0.452537147595041 0.451108297887847 0.447651212132712 0.441654131669971 0.435402829602573 0.429854660314546 0.423326268185813 0.416030189553016 0.410073955580894 0.404933094753997 0.394634661102114 0.383295635659265 0.375106216545754 0.363127961280656 0.353330135776076 0.345054831030447 0.33351729862468 0.323062114949526 0.313142371614823 0.302222465724377 0.290846031139933 0.280566777817971 0.269814438108643 0.269255056667799 0.279051491943771 0.28672404535898 0.290484368247554 0.294742843029132 0.300347577807736 0.305246605039365 0.307704476651216 -9999 -9999 -9999 -9999 -9999 -9999 -9999 -9999 -9999 -9999 -9999 -9999 -9999 -9999 -9999 -9999 -9999 -9999 -9999 -9999 -9999
0.454526251741912 0.453250937315981 0.451072988501782 0.449875964698983 0.449392196490842 0.448892058551353 0.446665179997646 0.442157731206494 0.43727174868026 0.432621523514036 0.426459577276617 0.418376368805845 0.412312167514842 0.406412502308965 0.395420879695384 0.385356790565566 0.377241829723195 0.36662466542358 0.356727789417562 0.346416444077637 0.334313851192352 0.323792978720096 0.31320529291674 0.300281680919716 0.288404346687651 0.284371047790433 0.284575373334811 0.282284350596763 0.284063420549822 0.289495690864432 0.29253119738302 0.296561382581493 0.302240945573794 0.307526040670859 0.309606605388277 -9999 -9999 -9999 -9999 -9999 -9999 -9999 -9999 -9999 -9999 -9999 -9999 -9999 -9999 -9999 -9999 -9999 -9999 -9999 -9999 -9999
0.451068849558632 0.450034901549009 0.448971332093393 0.447778017525241 0.446787429179705 0.445632757216964 0.44407489079122 0.441598955814041 0.437774856890254 0.433905008111735 0.428675183707259 0.421603121527587 0.417783951953775 0.401730412172579 0.396080385025469 0.385461851844642 0.376277674319425 0.365175111718133 0.356454547001004 0.350385011490097 0.339724096274785 0.3282352813656 0.317696856747484 0.304384778650524 0.289213246887424 0.28486502413999 0.289841826575045 0.291084349622252 0.291066846241778 0.29186894767759 0.294494976865311 0.298533619431367 0.305049874631228 0.309537264022249 -9999 -9999 -9999 -9999 -9999 -9999 -9999 -9999 -9999 -9999 -9999 -9999 -9999 -9999 -9999 -9999 -9999 -9999 -9999 -9999 -9999 -9999
0.449163184018811 0.448403003751628 0.447404528352498 0.446230140434596 0.444928273185777 0.443621815094396 0.442321645341772 0.440412841778881 0.437759936231836 0.434249937544597 0.429402764416741 0.422891243856652 0.418110898953215 0.410318432521235 0.396576690209851 0.38598491082232 0.377691705340409 0.367283612445078 0.358144845789366 0.351149145623052 0.341857868632467 0.332244515428767 0.320981931070823 0.306259967755329 0.291455057676749 0.286088834532611 0.290448366855269 0.293316979894373 0.293288044640987 0.294010597880162 0.296870573654326 0.301229942612622 0.304421698153044 -9999 -9999 -9999 -9999 -9999 -9999 -9999 -9999 -9999 -9999 -9999 -9999 -9999 -9999 -9999 -9999 -9999 -9999 -9999 -9999 -9999 -9999 -9999
0.446503819547088 0.44630255955009 0.445530350377662 0.444285979026866 0.443005757152408 0.441594355643687 0.439803317737579 0.437988254033563 0.436265094257484 0.433914946495285 0.430067440314748 0.424285506825692 0.41911824779166 0.411185453555177 0.398422186986375 0.387577781981889 0.37831799255122 0.367794700691404 0.35996294710973 0.352933911621083 0.344141929286196 0.336450539477188 0.324913930480849 0.309868776864399 0.302646554526402 0.302391173989479 0.300363801209004 0.298865180822903 0.297250777453902 0.299344667119337 0.30095445325179 0.302788266412129 0.305182383261523 -9999 -9999 -9999 -9999 -9999 -9999 -9999 -9999 -9999 -9999 -9999 -9999 -9999 -9999 -9999 -9999 -9999 -9999 -9999 -9999 -9999 -9999 -9999
0.444016328167061 0.443902324690909 0.44294212732806 0.442316786448364 0.441512711614241 0.44009125807309 0.439138493654063 0.437771836172197 0.435475816662207 0.433197237233517 0.430026376466536 0.425150453344725 0.420447405801699 0.413112258805898 0.401416516611389 0.391313837525422 0.382607269005081 0.371869583625128 0.3658785275399 0.361567574708017 0.352745206350077 0.345278446342937 0.33438685503054 0.318037222265674 0.307908983601447 0.306282584859879 0.305464274750558 0.305610021988009 0.304048631900731 0.306310617288444 0.310786311400533 -9999 -9999 -9999 -9999 -9999 -9999 -9999 -9999 -9999 -9999 -9999 -9999 -9999 -9999 -9999 -9999 -9999 -9999 -9999 -9999 -9999 -9999 -9999 -9999 -9999
0.442246150869263 0.442635977201103 0.442008550240581 0.441259497726398 0.440726247520905 0.439693790525165 0.438151106026127 0.436007718640585 0.434082004153237 0.432307220737564 0.429244934169179 0.425431895388354 0.421572459932068 0.414417013085637 0.405375793867354 0.397127171826654 0.389070656080899 0.381732430839986 0.374942233558093 0.368748152715624 0.358635353122666 0.350011879345587 0.342491062818962 0.32991548373531 0.311188817673135 0.305012692542367 0.311158466197607 0.308823290855546 0.3087005060718 0.313466216541552 0.316653863068414 -9999 -9999 -9999 -9999 -9999 -9999 -9999 -9999 -9999 -9999 -9999 -9999 -9999 -9999 -9999 -9999 -9999 -9999 -9999 -9999 -9999 -9999 -9999 -9999 -9999
0.438963938843819 0.439926658742722 0.440151983450669 0.4396646432057 0.438848410085629 0.437917550250401 0.436666544320619 0.434851040333253 0.432870989889718 0.431220025855378 0.429059779349759 0.426008520444687 0.42297278018261 0.42201174709871 -9999 0.403075989112956 0.397898699070164 0.390664967198571 0.384274194631935 0.378311016973683 0.370319049042325 0.361718546942239 0.35320724937132 0.338955872171401 0.322648809575454 0.314317972061469 0.314679920905017 0.320743390065953 0.324606795574688 0.325118755317996 -9999 -9999 -9999 -9999 -9999 -9999 -9999 -9999 -9999 -9999 -9999 -9999 -9999 -9999 -9999 -9999 -9999 -9999 -9999 -9999 -9999 -9999 -9999 -9999 -9999 -9999
0.435925987296099 0.437079770527226 0.4375508107454 0.437263576435382 0.437086702837515 0.436768937522801 0.435896485781363 0.434852689684319 0.433585405893946 0.431933727996231 0.429647537178549 0.426897958233286 0.424349081156461 0.421793977602741 -9999 -9999 -9999 -9999 -9999 0.385866943426515 0.377718561185201 0.370014807413081 0.363614710096531 0.348660350214642 0.338120493624651 0.341093325564553 0.340778963885738 0.340262504802146 0.340290253118252 -9999 -9999 -9999 -9999 -9999 -9999 -9999 -9999 -9999 -9999 -9999 -9999 -9999 -9999 -9999 -9999 -9999 -9999 -9999 -9999 -9999 -9999 -9999 -9999 -9999 -9999 -9999
0.432811941145303 0.434410638082653 0.435388287992594 0.435551471878712 0.435950741437858 0.436036870201616 0.435504184963921 0.43456451302954 0.433438537568595 0.432169434866994 0.430120394982684 0.427783798056662 0.425472640755744 0.422304017425348 0.419419303158383 0.417150172707219 0.414927449667477 -9999 -9999 -9999 0.381311463519361 0.376444475613282 0.375586725971189 -9999 0.354321808364285 0.354036299508372 0.351126582304095 -9999 -9999 -9999 -9999 -9999 -9999 -9999 -9999 -9999 -9999 -9999 -9999 -9999 -9999 -9999 -9999 -9999 -9999 -9999 -9999 -9999 -9999 -9999 -9999 -9999 -9999 -9999 -9999 -9999
0.428953969279915 0.430673468984788 0.432081390081384 0.43305628192036 0.434004555609906 0.434293658169072 0.434353056292891 0.434260866230628 0.433726014172557 0.43285055557742 0.431271057713937 0.428992240492813 0.426871080990704 0.424379599739566 0.420802582607191 0.417502776759964 0.41522802968757 0.414875097196575 -9999 -9999 -9999 -9999 -9999 -9999 -9999 -9999 -9999 -9999 -9999 -9999 -9999 -9999 -9999 -9999 -9999 -9999 -9999 -9999 -9999 -9999 -9999 -9999 -9999 -9999 -9999 -9999 -9999 -9999 -9999 -9999 -9999 -9999 -9999 -9999 -9999 -9999
0.425418396923011 0.426974950737106 0.428288093051541 0.429566513001318 0.43117472462412 0.432169386569722 0.432894556366559 0.433650657301151 0.433779627250058 0.433558512003119 0.432637975655956 0.430832719124249 0.428975974296791 0.427152723422341 0.424428595201234 0.421294840933461 0.418495517738081 0.417581890396636 -9999 -9999 -9999 -9999 -9999 -9999 -9999 -9999 -9999 -9999 -9999 -9999 -9999 -9999 -9999 -9999 -9999 -9999 -9999 -9999 -9999 -9999 -9999 -9999 -9999 -9999 -9999 -9999 -9999 -9999 -9999 -9999 -9999 -9999 -9999 -9999 -9999 -9999
