layers/veg_krg_sqold/veg5800.asc
NCOLS 255 
NROWS 330 
XLLCORNER -2985163.8955 
YLLCORNER -3022031.214 
CELLSIZE 25000 
NODATA_value -9999 
[rows 250 to 274 of 330, columns 56 to 111 of 255]
-9999 -9999 -9999 -9999 -9999 -9999 -9999 -9999 -9999 -9999 -9999 -9999 -9999 -9999 -9999 -9999 -9999 0.615045122618034 0.62374400303963 0.638824467853647 0.631745066316422 0.599231714385856 0.548811512821249 0.517561902657312 0.502371848926103 0.49342067745059 0.500145722723017 0.50407054429403 0.502970748471106 0.49181742355153 0.469640717934342 0.462918972501565 0.453750753640196 0.431299650560952 0.421100878911703 0.430058080414635 0.429140514990228 0.424085690424902 0.417054454323894 0.409043194557587 0.401312651479743 0.402399386927653 0.40917387280855 0.412886079183919 0.41281642634234 0.417528115653086 -9999 -9999 -9999 0.391590566489102 0.392062902202251 0.393723521012872 0.394316965961752 0.394604094520013 0.394255315996071 -9999
-9999 -9999 -9999 -9999 -9999 -9999 -9999 -9999 -9999 -9999 -9999 -9999 -9999 -9999 -9999 -9999 -9999 0.642131949111684 0.643170330291894 0.657675998787532 0.6508864542134 0.628722842430862 0.596514614686124 0.556248852653688 0.54364738590374 0.559740241366644 0.542912197389664 0.523264506651525 0.520158852012342 0.508137840155853 0.494269729409191 0.504310464855295 0.500182229619612 0.477796456968328 0.463816583628252 0.454197521588585 0.441758435152119 0.422160674222196 0.400927532929408 0.385364861075025 0.373291443279598 0.382364452902005 0.402470736245111 0.417079696743476 0.422979613511671 0.424188564412965 0.427203775254477 -9999 -9999 -9999 -9999 -9999 -9999 -9999 -9999 -9999
-9999 -9999 -9999 -9999 -9999 -9999 -9999 -9999 -9999 -9999 -9999 -9999 -9999 -9999 -9999 -9999 -9999 0.653741961608215 0.662160785732694 0.669795478797392 0.664705807425671 0.644040005791393 0.616579678535599 0.56376253161396 0.53048523332794 0.555401174429464 0.558494548147361 0.54217478415865 0.528447914952422 0.521123661394552 0.513665093244348 0.51844155370426 0.515788049502835 0.499422284343738 0.482491808016648 0.465013278050978 0.445694428168443 0.427099582534045 0.410138030446822 0.387976841374545 0.370328300942741 0.384337008634295 0.411822899552883 0.426874052653961 0.430976526415763 0.43330997090926 0.437035171145364 -9999 -9999 -9999 -9999 -9999 -9999 -9999 -9999 -9999
-9999 -9999 -9999 -9999 -9999 -9999 -9999 -9999 -9999 -9999 -9999 -9999 -9999 -9999 -9999 -9999 -9999 0.67877243286279 0.675792815894051 0.68297883617957 0.681272032821298 0.649320579325028 0.616702652437902 0.603825696325933 0.585628036969684 0.544425040052548 0.521917859558987 0.545868262796051 0.52734915926394 0.516314237637818 0.522215739365082 0.524942320464493 0.51712750284807 0.504613091895422 0.491763467541594 0.472685022520295 0.456054014984744 0.439294652885966 0.420947569334192 0.402534003655372 0.392467331551362 0.406653136281864 0.429649785924713 0.44060108913135 0.439620940203259 0.440812944708182 0.447048834540007 -9999 -9999 -9999 -9999 -9999 -9999 -9999 -9999 -9999
-9999 -9999 -9999 -9999 -9999 -9999 -9999 -9999 -9999 -9999 -9999 -9999 -9999 -9999 -9999 -9999 -9999 0.711941006357005 0.70741968076738 0.707038425534125 0.696428678941606 0.679441910994898 0.65794474749951 0.628403222095171 0.599089317408319 0.572844304773896 0.556258172028635 0.569508901105809 0.571038319665654 0.552382529993737 0.536332622583004 0.524567860211558 0.511696411183643 0.495525007669653 0.497578041540771 0.481664733371123 0.466636772860622 0.46063638555059 0.452610558508593 0.457479625200598 0.454009478406373 0.448440061980552 0.450474810811048 0.452735959639441 0.453783462927717 0.455404521404714 0.462436974868442 -9999 -9999 -9999 -9999 -9999 -9999 -9999 -9999 -9999
-9999 -9999 -9999 -9999 -9999 -9999 -9999 -9999 -9999 -9999 -9999 -9999 -9999 -9999 -9999 -9999 -9999 0.736027367402772 0.731928975489669 0.729536122718672 0.688893190023702 0.676194545060333 0.664522150092654 0.658600278752672 0.650870185565846 0.627183110979496 0.610863953161203 0.617491738377751 0.612335721570175 0.602985438122953 0.581395723446319 0.557290849316658 0.533472012623689 0.502635277488265 0.484654472653648 0.472814785577775 0.467007903888237 0.462507912853884 0.460824526739483 0.479033481658824 0.486150114461924 0.478979185498118 0.473257811572273 0.475834260264998 0.476150736405377 0.477061477809057 0.480038986425794 0.48042012562613 -9999 -9999 0.461722715164646 0.457564078068283 -9999 -9999 -9999 -9999
-9999 -9999 -9999 -9999 -9999 -9999 -9999 -9999 -9999 -9999 -9999 -9999 -9999 -9999 -9999 -9999 0.726539070574057 0.738403404878453 0.754933599653282 -9999 0.717886903899319 0.717051709762952 0.693541810348796 0.642851546568446 0.643189600076047 0.647874197246851 0.641608398791651 0.643862877381485 0.634292094563376 0.619962480835502 0.60492745951629 0.583581294349095 0.548102884734539 0.508927764451546 0.485369488587241 0.472686294050979 0.477552946822288 0.483328758731286 0.487085717653117 0.499980792389078 0.50339210106265 0.495940831386316 0.490362073013976 0.49170064935206 0.490798065339428 0.489164060194945 0.486974408147405 0.481447839648396 0.477273969937153 0.472375714301696 0.466800576909437 0.467917227438 -9999 -9999 -9999 -9999
-9999 -9999 -9999 -9999 -9999 -9999 -9999 -9999 -9999 -9999 -9999 -9999 -9999 -9999 -9999 -9999 0.702855610865544 0.723101692882164 0.757691103464316 0.76918385728487 -9999 0.741469073067037 0.69053686901317 0.638281080284443 0.65908134333542 0.683896604173534 0.672774160944605 0.670345054013556 0.6687760934461 0.641417917393336 0.624224355376966 0.623211877070913 0.59851934625525 0.567941844040155 0.543358909881681 0.534051470803094 0.523765036403548 0.507689578642289 0.508148674136262 0.524150490026056 0.53462167735381 0.528058652061426 0.520418082229181 0.518949537476854 0.513337743554839 0.505587594671933 0.499596642964703 0.491589224201155 0.48090517664653 0.477771897985163 0.478849785534039 0.479964786838377 -9999 -9999 -9999 -9999
-9999 -9999 -9999 -9999 -9999 -9999 -9999 -9999 -9999 -9999 -9999 -9999 -9999 -9999 -9999 -9999 0.713894767577397 0.732516015272274 0.765292630438151 -9999 -9999 0.742347816001785 0.75867191566081 0.728792535971797 0.694878457442625 0.715460806297897 0.688362717930568 0.681695722258977 0.697319804863772 0.677466096272625 0.664000818124636 0.658576525377221 0.6275644330929 0.586806373983466 0.551689021930608 0.548001360691327 0.53898376867921 0.528788177234924 0.534346863893563 0.557124283845179 0.578929769440736 0.566295946900445 0.549066760502599 0.539872528899113 0.530499131866768 0.518835799783256 0.516523909152048 0.515274749560682 0.506950328694562 0.497689652018687 0.488171225754699 0.488166762471913 -9999 -9999 -9999 -9999
-9999 -9999 -9999 -9999 -9999 -9999 -9999 -9999 -9999 -9999 -9999 -9999 -9999 -9999 -9999 -9999 0.7525493472881 0.7560193016668 0.778621681556657 -9999 0.752481105472276 0.737971030026417 0.712437890786384 0.683840184648214 0.677160451490926 0.683646038546851 0.683512875211943 0.68829072069774 0.694838872841897 0.673070207310352 0.661683903739451 0.667087907812844 0.642610034403446 0.611860520381672 0.600458384874795 0.573588364741071 0.559542001768445 0.570304720592182 0.578911621249771 0.593069839356746 0.596549770317068 0.582330709884519 0.562087752813229 0.547420022753999 0.537419740076982 0.529597851807873 0.525168496281051 0.516559470894733 0.507885557974909 0.50558235965615 -9999 -9999 -9999 -9999 -9999 -9999
-9999 -9999 -9999 -9999 -9999 -9999 -9999 -9999 -9999 -9999 -9999 -9999 -9999 -9999 -9999 -9999 0.792561434926451 0.791410753562951 0.791430943681066 -9999 0.783471239263847 0.770200808925192 0.739652447517957 0.713739128867927 0.705270973560146 0.718088343912837 0.729875240265233 0.719023748055165 0.726035175835781 0.708945356820078 0.66883868065363 0.644197195893004 0.647451826080908 0.645856703599855 0.631976897528605 0.617183297589248 0.608342790956036 0.616204454923554 0.616711196253557 0.613302873535995 0.601796550692347 0.586574582542053 0.568675990464428 0.55727412015813 0.549227659737733 0.542244332758284 0.535764290938554 0.529236979237986 0.526680362186773 -9999 -9999 -9999 -9999 -9999 -9999 -9999
-9999 -9999 -9999 -9999 -9999 -9999 -9999 -9999 -9999 -9999 -9999 -9999 -9999 -9999 -9999 -9999 0.79576856889829 0.795339242395759 0.799195174861087 -9999 0.805158829588005 0.785800552281431 0.758511164086353 0.731465882206316 0.702661658140427 0.721685162610168 0.748018418403031 0.713496567821955 0.706911158352613 0.711676794455007 0.689706068293344 0.672350098994542 0.66750771970811 0.658322610761671 0.643554774770317 0.656132505191003 0.653100484289203 0.641245271811012 0.626571457834831 0.611643352005721 0.600816849823206 0.590149507102055 0.579269550534585 0.573589424558521 0.558376052969786 0.539840277441213 0.535397858139143 -9999 -9999 -9999 -9999 -9999 -9999 -9999 -9999 -9999
-9999 -9999 -9999 -9999 -9999 -9999 -9999 -9999 -9999 -9999 -9999 -9999 -9999 -9999 -9999 -9999 -9999 0.804270550566058 0.808026332276141 -9999 0.823535077317101 0.783092353499535 0.774418180527779 0.78154449249709 0.718332612124989 0.721378298197475 0.735237213495338 0.716118516160783 0.719908344723214 0.715407553007925 0.698896244760666 0.690633660525391 0.675760865070361 0.660864112090772 0.653629729871263 0.66360556247466 0.661161286232713 0.645712346625984 0.627823968839634 0.614317863197925 0.603535770989763 0.59396872156836 0.585907703888011 0.576367619365741 0.55739684705777 0.552119696323215 -9999 -9999 -9999 -9999 -9999 -9999 -9999 -9999 -9999 -9999
-9999 -9999 -9999 -9999 -9999 -9999 -9999 -9999 -9999 -9999 -9999 -9999 -9999 -9999 -9999 -9999 -9999 -9999 -9999 -9999 0.830486716980029 0.796465227175524 0.777871169660138 0.78168068812535 0.7543835368895 0.743301143032261 0.738075281351075 0.73099966067475 0.72381862464508 0.724153054841736 0.712922904254653 0.709307437990278 0.696855225139887 0.691005493430837 0.699352796122566 0.687493189299645 0.670900895915377 0.655888912618885 0.642662355111023 0.626081964861984 0.609333991798215 0.598388834572277 0.583243380744712 0.568095319153058 0.557973696906305 0.55462068260383 0.55970825367058 -9999 -9999 -9999 -9999 -9999 -9999 -9999 -9999 -9999
-9999 -9999 -9999 -9999 -9999 -9999 -9999 -9999 -9999 -9999 -9999 -9999 -9999 -9999 -9999 -9999 -9999 -9999 -9999 -9999 0.829643972693773 0.822279773014939 0.800193228208303 0.765342958325213 0.726364042178546 0.737828760448447 0.754846291376502 0.739777152998852 0.734747661370458 0.728736005598324 0.710081486335926 0.708888557410759 0.703065128212093 0.697260707411801 0.701443228933909 0.68627951707455 0.662627954199757 0.650462900149287 0.646049458351393 0.635689317877269 0.621532709240006 0.606011886199421 0.588196151054404 0.571322581194322 0.561643946840794 0.56080485009302 0.567900541328471 -9999 -9999 -9999 -9999 -9999 -9999 -9999 -9999 -9999
-9999 -9999 -9999 -9999 -9999 -9999 -9999 -9999 -9999 -9999 -9999 -9999 -9999 -9999 -9999 -9999 -9999 -9999 -9999 -9999 0.817634848286568 0.808551494997554 0.826557223478156 0.810081960585852 0.760578490006815 0.766999799186735 0.762308309466724 0.758259667022784 0.755506494984188 0.739264083882087 0.717245091735195 0.697599447819115 0.688510299518974 0.692014471020547 0.695900157754082 0.68039306955939 0.658402826386034 0.650146003800717 0.644682461548891 0.634548504871406 0.618427077722701 0.603252568469711 0.584063906202793 0.571794801251781 0.56443356170538 0.565205131933843 0.571517671106165 -9999 -9999 -9999 -9999 -9999 -9999 -9999 -9999 -9999
-9999 -9999 -9999 -9999 -9999 -9999 -9999 -9999 -9999 -9999 -9999 -9999 -9999 -9999 -9999 -9999 -9999 -9999 0.856999402916977 0.84976875692326 0.832438994384731 0.813914391729077 0.794719419489621 0.787392700061542 0.759594280829983 0.757111910093496 0.772464918957625 0.760868056458855 0.761389682425206 0.760902726934853 0.743579113842204 0.725811518173344 0.703446723374075 0.698413776032362 0.701156421147731 0.674481505407945 0.661370637177752 0.663819986150713 0.655697973415763 0.638684456576424 0.62346063491782 0.606663449615375 0.585188430137874 0.576931099133274 0.577004088109857 0.582413507096013 -9999 -9999 -9999 -9999 -9999 -9999 -9999 -9999 -9999 -9999
-9999 -9999 -9999 -9999 -9999 -9999 -9999 -9999 -9999 -9999 -9999 -9999 -9999 -9999 -9999 -9999 -9999 -9999 0.855789244505113 0.859995640496837 0.857679519135141 0.835073277120358 0.80975189080662 0.804255100166338 0.780868036132636 0.773159033309594 0.763482543167616 0.758521237563199 0.770431554027356 0.771526351314149 0.759539470108767 0.736287732321619 0.7067972157696 0.704222182920962 0.713243165621277 0.698674001290076 0.68341157758885 0.668378982426068 0.653692949665926 0.639311396243912 0.6196224334528 0.602029680010214 0.603194657310226 0.60388243464261 0.598229500297408 0.594941309712072 -9999 -9999 -9999 -9999 -9999 -9999 -9999 -9999 -9999 -9999
-9999 -9999 -9999 -9999 -9999 -9999 -9999 -9999 -9999 -9999 -9999 -9999 -9999 -9999 -9999 -9999 -9999 -9999 0.838503878568165 0.861239753916333 0.855175708531269 0.819096705479498 0.795573765384798 0.787210564446057 0.782626157214856 0.768061542280452 0.74520844873311 0.733459107300011 0.758332332329625 0.771396808265046 0.755457639713522 0.729209940486034 0.709366206639569 0.709421831006134 0.709527969243017 0.696285465464301 0.683453645919727 0.662355689460923 0.645915505993209 0.634965801576336 0.614622405105689 0.606049840287502 0.614611625488997 0.60914503001484 0.597464754766559 0.589235370800621 -9999 -9999 -9999 -9999 -9999 -9999 -9999 -9999 -9999 -9999
-9999 -9999 -9999 -9999 -9999 -9999 -9999 -9999 -9999 -9999 -9999 -9999 -9999 -9999 -9999 0.81979475633012 -9999 0.834884400995353 0.848390560642008 0.864139897129167 0.828598346985066 0.816932233128512 0.796059560758315 0.783495493413392 0.774985336989349 0.766588210974271 0.759706085773297 0.761126663823609 0.767149934003168 0.764736943217513 0.75586838745053 0.742678259245852 0.719447368988417 0.709506101062262 0.706482951261491 0.686398656921544 0.667031879095914 0.650467452744846 0.643243693868801 0.626947071464071 0.618642042061005 0.62604677730944 0.628570288005225 -9999 -9999 -9999 -9999 -9999 -9999 -9999 -9999 -9999 -9999 -9999 -9999 -9999
-9999 -9999 -9999 -9999 -9999 -9999 -9999 -9999 -9999 -9999 -9999 -9999 -9999 -9999 -9999 -9999 -9999 0.842469065332547 0.844794047369065 0.844050604652531 0.839889642854022 0.811577846678837 0.781462549854422 0.772711691279865 0.762274159863896 0.776964203210554 0.78895690174791 0.766465275896307 0.761665920393176 0.759003189891592 0.754096950713349 0.743521912815647 0.718881129021904 0.70895303981961 0.714001365953196 0.696652260013592 0.673581136362477 0.653788405486494 0.629300471535299 0.621748122866994 0.632181038443497 -9999 -9999 -9999 -9999 -9999 -9999 -9999 -9999 -9999 -9999 -9999 -9999 -9999 -9999 -9999
-9999 -9999 -9999 -9999 -9999 -9999 -9999 -9999 -9999 -9999 -9999 -9999 -9999 -9999 -9999 -9999 -9999 0.824290776609103 0.836269060198302 -9999 0.847226283027379 0.833619658597891 0.805399500824072 0.804317787403236 0.785084951734237 0.763487573817001 0.761029219362823 0.759158732764764 0.759201893733517 0.758269593670196 0.749096515721843 0.737697825379524 0.715128288907166 0.704292240944923 0.711531057371273 0.69259328153978 0.662588096205585 0.631012335446706 0.614815642084533 0.619138471812863 -9999 -9999 -9999 -9999 -9999 -9999 -9999 -9999 -9999 -9999 -9999 -9999 -9999 -9999 -9999 -9999
-9999 -9999 -9999 -9999 -9999 -9999 -9999 -9999 -9999 -9999 -9999 -9999 -9999 -9999 -9999 -9999 -9999 0.82763161414675 0.837868198174174 -9999 0.817229623038489 0.810103587812728 0.800849673580403 0.799692277883705 0.801239322934792 0.782499015909962 0.756422455655966 0.749385564733888 0.749486730502013 0.747853969947983 0.739490501254943 0.727865470540316 0.709820669615903 0.695389084703101 0.689623957541981 0.670435419287759 0.638743379253016 0.621049425056024 0.625336877429085 0.632946445513314 -9999 -9999 -9999 -9999 -9999 -9999 -9999 -9999 -9999 -9999 -9999 -9999 -9999 -9999 -9999 -9999
-9999 -9999 -9999 -9999 -9999 -9999 -9999 -9999 -9999 -9999 -9999 -9999 -9999 -9999 -9999 0.821531809668908 0.803152657200391 0.806144906831347 0.814929395619973 -9999 0.842090107974885 0.788378630561489 0.746536293139182 0.74450154235127 0.72220956737939 0.714709269660512 0.741298523559271 0.731513590385083 0.726699774723275 0.726330268315218 0.718241575731629 0.709454547306811 0.700533368650796 0.68928768060359 0.671243649250484 0.648951285465903 0.648011132664207 0.65356921548101 0.642807998807859 0.635996105256469 -9999 -9999 -9999 -9999 -9999 -9999 -9999 -9999 -9999 -9999 -9999 -9999 -9999 -9999 -9999 -9999
-9999 -9999 -9999 -9999 -9999 -9999 -9999 -9999 -9999 -9999 -9999 -9999 -9999 -9999 0.82679602131915 0.820705748854533 0.803086924138173 0.795234468699779 0.815038098891481 0.84723948638131 0.824402482711614 0.76606213838295 0.769632985696538 0.767757314725204 0.719084483425627 0.70413367951189 0.704317245815086 0.710917306984869 0.714420461661279 0.715899745427238 0.709780765831442 0.697448799591693 0.685736804250902 0.676281594697133 0.661208751722489 0.647157329328491 0.651578175440818 0.649744982890094 0.635992675861066 0.612454047100994 -9999 -9999 -9999 -9999 -9999 -9999 -9999 -9999 -9999 -9999 -9999 -9999 -9999 -9999 -9999 -9999
