layers/veg_krg_sqold/veg5700.asc
NCOLS 255 
NROWS 330 
XLLCORNER -2985163.8955 
YLLCORNER -3022031.214 
CELLSIZE 25000 
NODATA_value -9999 
[rows 125 to 149 of 330, columns 56 to 111 of 255]
0.090983020476302 0.0966336758952562 0.127838079448083 0.160575384275534 0.150934716687115 0.208849316440235 0.264088900493253 0.292819382599495 0.297025707678807 0.249821216447586 0.245076050969276 0.211746380065986 0.190572653042829 0.191984906263592 0.191079095660357 0.148263773543948 0.106575230602876 0.140479089789528 0.197271001609982 0.287108873966513 0.416744473960798 0.46653894966367 0.511888354831909 0.531202484340199 0.544204003967613 0.569918546548664 0.594833911506261 0.611811888485923 0.623197501288617 0.645016762361341 0.651833209310989 0.652627767221124 0.647027911746126 0.637432653042342 0.626947708855634 0.61398929194558 0.59627627997667 0.57999329152107 0.562938161046677 0.541316048421194 0.522482481280329 0.503643871113913 0.480949139551079 0.462330300753162 0.44447198857826 0.423428506200483 0.406757904267133 0.392052686952779 0.375696040633401 0.36368024277781 0.354153745753607 0.343935948646806 0.335824511244197 0.328516309077078 0.3213001430527 0.319366895891031
0.133854793387235 0.128681184606459 0.132267097083726 0.156099959360057 0.180731319507358 0.2069536432767 0.216324524572696 0.189766526195595 0.199218615047511 0.17842974288928 0.146115066510822 0.173179671105352 0.19501895622376 0.201858030053872 0.172209453956979 0.132263736200967 0.0863167621973475 0.0605070503966108 0.0753554948207189 0.120426321890822 0.15254926984603 0.197755223997469 0.295908143703621 0.38356033295486 0.434217857661222 0.476788596269076 0.514123518341247 0.542183169016756 0.578675947669459 0.605920508203383 0.636315789869191 0.647931427726881 0.64394238607451 0.634931243535468 0.624493710911201 0.611499533147247 0.593626415540468 0.577053762457145 0.559768927966502 0.537730730930109 0.518504172413376 0.499555163779478 0.47655033244592 0.457334224282604 0.43878755885898 0.416646044337279 0.399907437416268 0.385683016994042 0.367251444516136 0.352675662768288 0.343300731836746 0.334426830944846 0.327309156014827 0.321078300255425 0.313934692035864 0.308811785035003
0.172666652796505 0.115523642014734 0.118698046948874 0.131499313867411 0.136959691439532 0.171726010827184 0.169002920225488 0.133712544580983 0.155786889737033 0.148791829009669 0.154347529306903 0.176674312049588 0.142663101073179 0.167760461102941 0.151927235902587 0.126234994284513 0.102347902644897 0.0797627242947554 0.0628302488514343 0.0826369079842656 0.106177272718242 0.128422976840136 0.150621068173522 0.226836434193315 0.351418498913143 0.41731777051621 0.472647148614587 0.529377053787528 0.541009295707977 0.563019860727794 0.620333777342271 0.635909908249204 0.636173976198134 0.630129382955913 0.620476730586055 0.607395742934659 0.58926962753705 0.572624203405547 0.555603232429776 0.533444603209225 0.514239101040287 0.495535951985852 0.47234513253877 0.452807789220917 0.434038118603723 0.411607755741547 0.394670320588822 0.380463547163813 0.362222472508696 0.34652752461254 0.335511894236128 0.326364950720746 0.319834707491415 0.314160573479295 0.30874362096524 0.304825813314726
0.222208638541502 0.167524414267857 0.118480190776914 0.113740563892901 0.110588555404069 0.123106354607033 0.158005478928762 0.174682664035727 0.16283369654628 0.153511808012497 0.147454350134031 0.135153636691379 0.123323189169913 0.131074988794001 0.119115055907979 0.131756347518749 0.140774885509246 0.103398141484049 0.0894185314917387 0.100290854874828 0.120383283690742 0.134082306616064 0.131713536976892 0.178260798561332 0.261545056169945 0.315216593313483 0.386289554995328 0.465006540039905 0.472964528257947 0.504128401136741 0.594723771540477 0.615879460561554 0.615299890850263 0.619423413356384 0.61474755270374 0.602515999792472 0.584535210290878 0.567711716001209 0.551125997793238 0.530084540444393 0.511265592521568 0.492399244709485 0.469206604732597 0.449608377332865 0.430714579712673 0.408362057341179 0.391252510141924 0.376299373472887 0.358577065808468 0.338877125563569 0.325060842678264 0.320289861212223 0.313444768893832 0.307782892278802 0.303463220034754 0.29989297605722
0.313777894377963 0.23014217799959 0.149176775909653 0.121993328669133 0.118858946214168 0.13069330433275 0.135494936783052 0.128569483644966 0.128189168224803 0.101098947643308 0.0736728179859631 0.0762500844291247 0.104706280671747 0.130442851876122 0.11056805238084 0.114876188931694 0.12656308283048 0.0967907802664586 0.0959428739095566 0.126270069467283 0.124890167025522 0.121873253623478 0.116321367632876 0.123084582348277 0.13490273528347 0.173162332457977 0.317930223058016 0.451100853850166 0.470429309893056 0.491375880344184 0.56392143186428 0.61271839644004 0.606039257258358 0.60087756616669 0.60391737508859 0.593670864035057 0.57679194271472 0.561285600636817 0.54525701288912 0.524295032151738 0.50588895336833 0.487495415545801 0.464705042376939 0.445297355510054 0.426824649752783 0.404738325949699 0.386907158316879 0.371657329423079 0.353634552070719 0.334302904225741 0.320738951809478 0.31454902681432 0.30835878328323 0.30286233750001 0.298195267581756 0.296305466037411
0.458084277592836 0.370938271949041 0.240424522754074 0.144756060508924 0.124472749625093 0.0959788633320179 0.0841227285692271 0.0811491446855234 0.0701396488183042 0.046050327812525 0.033218004039393 0.0419760407138244 0.0624981227292729 0.081448817283379 0.0915725210832534 0.117741658499061 0.12830954733041 0.108253456268579 0.114626787855591 0.134823038701115 0.137239272121416 0.135980764962717 0.138504106397695 0.141918402768451 0.117017700407812 0.107145075401224 0.181463356511478 0.381260908364567 0.500150333512718 0.50519762724447 0.524447305166826 0.559784900337475 0.577269800557346 0.589031392956321 0.589261188025413 0.5823923189876 0.56778109956501 0.55379658404467 0.538317639162675 0.518530269436196 0.500857681134877 0.482944462710545 0.460564503468657 0.441713748427786 0.423790178552867 0.402037722424445 0.384092594692111 0.368615956327887 0.351233843752291 0.33699713772933 0.323677002566259 0.311322352569494 0.304508329469291 0.298763094952208 0.294396327235497 0.294310932322551
0.487163374742415 0.431703794781831 0.290145597290833 0.162209507196099 0.151188182988475 0.123838619759969 0.0919830948846908 0.0879510659798267 0.0817542408729068 0.0467235462906324 0.0304768292153319 0.0394431761391129 0.0362250975751685 0.0506462134517741 0.0686176947233303 0.0994040591586267 0.119886675895561 0.10569818590636 0.108142167808349 0.130761008533523 0.137292961596561 0.13283051578707 0.140295686113732 0.143320894128145 0.121582613409897 0.121352798107138 0.172600478569831 0.346323844757518 0.491133966658536 0.505301584248909 0.533570464524682 0.558324741580641 0.549301588874007 0.567544859924538 0.571823145231076 0.570545504082723 0.559658079870752 0.547466351105968 0.532794390558603 0.514000790853467 0.497271220001827 0.479630970443692 0.457813297207526 0.439323893129402 0.421750223719198 0.400474470134484 0.383010676946289 0.367586944420252 0.350762986922392 0.337243090468741 0.322401060707075 0.307929703758242 0.301841205746881 0.297657501088275 0.293412891208399 0.292265060612508
0.500222921707859 0.472560260595065 0.37746672422535 0.282627691585689 0.237847913395061 0.197876601423782 0.152098440905408 0.114887946936808 0.0945295449916235 0.0766502045504538 0.0652110206669111 0.0447923389551495 0.0376253920873468 0.0339319003900053 0.042311853643119 0.0578747083200057 0.0611902938826331 0.0483783101675769 0.04668518161722 0.0578100652161249 0.105744410814714 0.148860476525528 0.15443723437408 0.149267474790706 0.14030084133593 0.131896689638029 0.182172209190698 0.313542406057823 0.42471281644888 0.479489650755083 0.513704622981519 0.528912938053079 0.531078905039491 0.521739243647213 0.517247894724617 0.539382572712898 0.542982363317684 0.535207346154923 0.52353323086807 0.506586315384753 0.491078703599373 0.474402329071688 0.453669009759688 0.436099492592894 0.419005980190083 0.398830170977444 0.382574635428451 0.367623053236099 0.350594626153733 0.33827809340433 0.326059086938115 0.308855599923546 0.296179881523425 0.291234623949465 0.289309772968812 0.286541074870698
0.464586804036105 0.468977300674041 0.417700454623678 0.345442242950815 0.302484526342686 0.270837148401359 0.210584661114848 0.153392466055775 0.163042319541562 0.168741109006951 0.0861776945263711 0.033881003168093 0.0449822013167397 0.0427747994845938 0.0487103646985392 0.0597948091005679 0.0729852241562023 0.0456249469857116 0.0330433204442563 0.0391061397042885 0.0835574712480111 0.132771083944186 0.14288223175118 0.152906363573959 0.154071061407288 0.144621121553811 0.208641139450447 0.278730095662311 0.27970503065731 0.374849163163168 0.472104202674429 0.490425132344157 0.493157314509857 0.48858094477088 0.469424770437449 0.489930859092768 0.523599615297288 0.522988514416856 0.514866683850089 0.499994219999379 0.485839680655943 0.470135954979135 0.450703566739755 0.43378877172427 0.416748203336547 0.397488311639807 0.382364559817642 0.368332151687399 0.352040598398183 0.33988477493569 0.328372444301048 0.311117623960777 0.29362687149113 0.285678192784704 0.287670963713683 0.289087297076392
-9999 0.503182508515595 0.457955651089486 0.416730059645686 0.366707020326489 0.254612245725057 0.181487930215033 0.148044509972157 0.169453845027151 0.193627846052718 0.098305742194043 0.0401447304367876 0.0907569506733394 0.135282079333747 0.0919924186098108 0.0572737467062516 0.0500347036374593 0.0416678256629295 0.0592974958775935 0.069463998457943 0.091716423998091 0.123488182759719 0.140675668917149 0.14610328706057 0.152354124919148 0.156293920546984 0.167323260997272 0.160461924787629 0.174455245469723 0.286823208381867 0.405220652560792 0.450013726794265 0.451156663069144 0.456370753318063 0.473828625197757 0.475338591580519 0.486180196927104 0.514322560379675 0.508822075280493 0.495342359242768 0.481817288066841 0.4671853681387 0.448736274184003 0.432424867759529 0.416527505828589 0.397707315359614 0.382402845171478 0.369079385576767 0.354215887972441 0.342305031478609 0.32929455370307 0.312202894292217 0.292985340289443 0.282238570578345 0.285424823477979 0.288385110100563
-9999 -9999 0.494004164411606 0.438225126301971 0.374164932263846 0.317120066543704 0.245005135026245 0.217112206941308 0.2605357274337 0.279376727954095 0.165748755391223 0.124998332717617 0.214024381831272 0.180481488134164 0.0897346600319896 0.0587441787236513 0.0454581397587478 0.0486895104192952 0.0483961947518431 0.0639220674805125 0.0785570645538374 0.0993243525948699 0.124339603425846 0.132800670644037 0.141751352084251 0.147126317420732 0.145737633922401 0.108321862860556 0.0620623344688689 0.136160788024319 0.305274496093913 0.394939581226784 0.398499146686484 0.406343012885677 0.427212182928438 0.431992540157012 0.445359866875727 0.483404776248755 0.496977117729208 0.487556009312283 0.476407562383688 0.463671442554904 0.446633631508016 0.431534946244801 0.417101431446753 0.399240080268992 0.384946903632885 0.372628002795991 0.358452686883571 0.347218062558275 0.333134260654663 0.310447208468309 0.293930668667483 0.287683482183714 0.286227174678981 0.291445318749777
-9999 -9999 -9999 -9999 -9999 0.468553064014493 0.372663309759714 0.332345261635802 0.36898086282837 0.36159101532793 0.29141507539615 0.29845624497515 0.286523033199698 0.190648599115115 0.153832452189024 0.109405791218528 0.0716901569851941 0.0652285922933326 0.0457385809217253 0.0617890637708937 0.0794727560948168 0.0754533114170817 0.107101614762052 0.117233387356284 0.125911599409572 0.133677235593624 0.137064366161619 0.137149935318744 0.125632695936816 0.0968340301603304 0.18120424176657 0.331115963010722 0.345595993167238 0.317264831722142 0.317373314095513 0.348133752869797 0.364892045403088 0.396865491043061 0.454266543725393 0.474112734100516 0.47149400802747 0.459977960716512 0.44402848412226 0.429841429209864 0.416700043531117 0.400254191005961 0.387210750766925 0.376181168015339 0.363249726120235 0.352889320158474 0.34403117178625 0.333724806725487 0.322439822019562 0.307234800862211 0.291188693334038 0.290136136890634
-9999 -9999 -9999 -9999 -9999 -9999 0.394364322648524 0.360960464584339 0.362048974377334 0.33566670623794 0.316921161794438 0.351737811419488 0.352483571199235 0.3041594461205 0.238996152498381 0.135917816604717 0.0665994079932553 0.0675971079065665 0.0423617749658463 0.0416889983225103 0.0526001373382535 0.0533410556189398 0.0709888860195751 0.0938542167944091 0.105686361985744 0.106560844839353 0.118516194355887 0.129371371449901 0.12389627881228 0.0986432146048249 0.128105043559622 0.232558181686013 0.289864644452356 0.275342078740049 0.249217162558959 0.304409647618861 0.340569225343233 0.358904273057898 0.406911214308742 0.44985797714314 0.466150991072594 0.458138365927137 0.443284320955175 0.430280291247064 0.418075450089639 0.402413182896734 0.389943308253983 0.379561258115319 0.367436993521663 0.357700710716804 0.349966534515283 0.341507631853512 0.334213966358375 0.321802453647296 0.30541955558221 0.302560643489427
-9999 -9999 -9999 -9999 -9999 -9999 -9999 -9999 0.486532427871642 0.456080461969849 0.419687694306038 0.414617360646418 0.407750086024142 0.384418886186822 0.353550891870078 0.28308310101538 0.189036862949215 0.117438458312031 0.0986396958709889 0.0892964788455413 0.0453125226796581 0.0264467518407303 0.0298613257084877 0.0529439620308948 0.0781200049545846 0.0963432186760722 0.120528070630963 0.108608070796869 0.103573336135154 0.12271920487603 0.144244020658612 0.169431610170646 0.197952355951149 0.247312408850949 0.245005492329971 0.21176501447844 0.215172324384204 0.249647263091939 0.304127781058427 0.359856862695984 0.433385828590729 0.451309027279443 0.442080891732565 0.431497370919475 0.420125534200377 0.405456900449684 0.393198678720955 0.383057803726889 0.372617117349106 0.364750503573528 0.357423669052939 0.349743311308979 0.344632182865983 0.339234112239514 0.332026441723456 0.328172015049504
-9999 -9999 -9999 -9999 -9999 -9999 -9999 -9999 -9999 -9999 -9999 -9999 0.441551901274105 0.411380863826099 0.379296350941981 0.300802256484557 0.213598017251912 0.218745631702618 0.232002237854163 0.169272397663308 0.0674652078184761 0.0128023874427269 0.0243158607765853 0.0457815542288519 0.0614359437034648 0.0891906078580333 0.114855902535127 0.111032362551456 0.0953137778074493 0.0944274273146368 0.138360617929943 0.198508384898174 0.162309274983209 0.121984409669933 0.197873276738187 0.196903376895154 0.122755860890042 0.122428412778396 0.179666738117448 0.282778748735101 0.382628919774403 0.427231930230236 0.435290913449126 0.430458209890465 0.421330504661532 0.409019981258745 0.397731004527504 0.386838625628891 0.377013404860541 0.37109368479904 0.364731139680502 0.357699617104536 0.353139792686194 0.350666748738268 0.348029947404971 0.346425923381426
-9999 -9999 -9999 -9999 -9999 -9999 -9999 -9999 -9999 -9999 -9999 -9999 -9999 0.459480775453729 0.401518904622723 0.386586643135097 0.362397411291072 0.324633459650772 0.252108213231727 0.14134772179429 0.0441315923078587 0.00792624714876348 0.011666341246522 0.0291136771307892 0.0495169534364888 0.0818694661083892 0.108451655256905 0.108135051309268 0.0966934247529598 0.0896653362484119 0.0990403530107638 0.115978896273039 0.114730246856922 0.0892734455469414 0.122511662026742 0.178563356595566 0.113936025702175 0.0568818487509926 0.112719341939262 0.188976666742867 0.246613417871858 0.318669157398165 0.385624207880287 0.412378326574034 0.412828767379002 0.40464034165316 0.398403080258372 0.38984891531669 0.380976205177071 0.373873561364493 0.368445991550516 0.363343845868511 0.359369362600428 0.356838999750086 0.354863559038855 0.353949163357162
-9999 -9999 -9999 -9999 -9999 -9999 -9999 -9999 -9999 -9999 -9999 -9999 -9999 -9999 -9999 0.438841750460237 0.423708063251005 0.367225042237703 0.305853227352527 0.228785640307395 0.122874089504744 0.0675921396297179 0.0369571747565508 0.0255864386256298 0.0448115124531102 0.0642864162866485 0.0910880385090299 0.101271069996254 0.102889984655177 0.095289293675439 0.0956993264267821 0.0952781374742276 0.0940886187063311 0.0855722461247671 0.0724703505989177 0.106704527450896 0.123055466648945 0.12300067611808 0.134382852298892 0.113613426442063 0.112953638985697 0.183121332182186 0.27760273296462 0.325027155213021 0.339970922885383 0.356744402727138 0.374975788708309 0.382042572224234 0.379952193370291 0.376319590470297 0.372632744929868 0.370070876948876 0.367877393575473 0.365728236499982 0.363822376499517 0.363089267103209
-9999 -9999 -9999 -9999 -9999 -9999 -9999 -9999 -9999 -9999 -9999 -9999 -9999 -9999 -9999 -9999 -9999 0.441905992227188 0.388927058905822 0.373337974635426 0.320842533657635 0.246096212794884 0.139031183468619 0.0418479469806515 0.0455343915757837 0.0763748108300769 0.0830086017023189 0.0825790148225587 0.0919765254746498 0.105686768715205 0.111843999375638 0.118058740451403 0.116236530888521 0.108781197150006 0.0921775111458079 0.0722429582243473 0.10585391217252 0.188843639124845 0.205468634704826 0.149046315751733 0.0959516393725545 0.116966733999845 0.14522827407693 0.163611339831782 0.230344159106239 0.238144609090368 0.27201487758655 0.323485097128957 0.3535467787871 0.372459134813135 0.37299923089786 0.374918259573064 0.375185770737946 0.373810891655495 0.372253461347058 0.37161961705481
-9999 -9999 -9999 -9999 -9999 -9999 -9999 -9999 -9999 -9999 -9999 -9999 -9999 -9999 -9999 -9999 -9999 0.416115680461408 0.411442078894407 0.417863236081588 0.371192739231702 0.254074435315953 0.140100607212539 0.0723894382780696 0.0507023179758019 0.0693232750335877 0.0712888255628806 0.0718757771454543 0.0856493787666551 0.0978616943077275 0.101809170203687 0.111267553027544 0.114637690054496 0.112419213892792 0.102773137486877 0.0836556059032746 0.089979560122758 0.160076871813054 0.19553061635501 0.143085998275211 0.106192568032177 0.148280953750639 0.183973866917005 0.193932299307666 0.226069079953967 0.238134509736224 0.263577730386062 0.29356493204288 0.335791530411194 0.369402730959376 0.375462947206344 0.380485091156902 0.380891605679265 0.379813463154094 0.378532903832343 0.378103602545768
-9999 -9999 -9999 -9999 -9999 -9999 -9999 -9999 -9999 -9999 -9999 -9999 -9999 -9999 -9999 -9999 -9999 -9999 0.460714842936916 0.456426988864278 0.440674677164366 0.395885161077363 0.289123265854839 0.140993560563526 0.0427759464456823 0.0314254634876142 0.0352414909089144 0.0508231651916202 0.0745303816559507 0.07595647891254 0.0809462443229667 0.0813885669122995 0.0939970109197406 0.112792757161391 0.110203965099753 0.0846877676932092 0.0741671287743862 0.0886180520425027 0.121728553902385 0.189961085989297 0.208015778865322 0.209813832921686 0.239208470806616 0.253623568705077 0.25539233403196 0.26009449252504 0.260288529590056 0.26816874337325 0.306456349910713 0.351316645124022 0.373764620231377 0.388005512490205 0.388298432194426 0.387319348911798 0.386748661539397 0.386629843392036
-9999 -9999 -9999 -9999 -9999 -9999 -9999 -9999 -9999 -9999 -9999 -9999 -9999 -9999 -9999 -9999 -9999 -9999 -9999 -9999 0.481975183873014 0.463141755139327 0.387711839512728 0.22713933789645 0.0784065432690504 0.0288885072554669 0.0101210999301943 0.0387413295538222 0.0770638529675685 0.0642768780972769 0.0795891984147492 0.0950403577069412 0.094351462035204 0.105050297933037 0.11171999123539 0.0840090554759057 0.0866561429714329 0.104764320347641 0.0866676777286571 0.139313571324673 0.21085029981862 0.224125297589539 0.221712651395627 0.24010671725908 0.2443720554217 0.232139528169667 0.237722748782285 0.2732380940771 0.297306267399392 0.344580219459539 0.37996226869813 0.393606827921782 0.394796756730127 0.394825888712497 0.394680516264323 0.394802094440472
-9999 -9999 -9999 -9999 -9999 -9999 -9999 -9999 -9999 -9999 -9999 -9999 -9999 -9999 -9999 -9999 -9999 -9999 -9999 -9999 -9999 0.487043904863463 0.420367634484296 0.294116977638039 0.148887595457118 0.0620934585651303 0.0314571092717592 0.057048802938454 0.09468203949511 0.102596360867643 0.105422540684541 0.103638368363364 0.105078631009756 0.11052672320544 0.11182721586912 0.0827537267322344 0.071241855590576 0.101790767546329 0.0953884592599981 0.135411852577687 0.201273152675173 0.221697608193134 0.246648480738423 0.256584527057453 0.261547773539122 0.262539979833974 0.248431868772979 0.238864716979782 0.300088493093439 0.367883850541435 0.389327227538268 0.399572944397828 0.399962039835629 0.399964362506088 0.399866542904442 0.400049069720561
-9999 -9999 -9999 -9999 -9999 -9999 -9999 -9999 -9999 -9999 -9999 -9999 -9999 -9999 -9999 -9999 -9999 -9999 -9999 -9999 -9999 0.467549679559156 0.437646884091469 0.316263386563713 0.18471593315125 0.0907774880203878 0.0449621931675877 0.0699200052417112 0.0947655923177947 0.106250889683453 0.108431866389814 0.10752063629947 0.107814442972584 0.110032962547124 0.11134792589511 0.0919523579462567 0.0695283817889777 0.0817114147357277 0.0955290462944638 0.113706419296319 0.148551395472674 0.194086089008824 0.235431228960185 0.243849498917522 0.257432090604621 0.272522251723826 0.26141991432054 0.275307737238383 0.345380486783589 0.389878530478896 0.402086858835721 0.406840149142356 0.407322929928857 0.407374350047806 0.40675514312297 0.406252106246356
-9999 -9999 -9999 -9999 -9999 -9999 -9999 -9999 -9999 -9999 -9999 -9999 -9999 -9999 -9999 -9999 -9999 -9999 -9999 -9999 -9999 0.438630353064432 0.418359221502875 0.340151182809432 0.229418964714883 0.1302325592825 0.0596820119322318 0.0353499935578202 0.0660182444913463 0.100860352684746 0.110516281119047 0.114809036659239 0.111176359299628 0.106947830988516 0.108575455519609 0.0923385858481051 0.0526788895499501 0.0283012409746551 0.0398780001334235 0.0550743082823806 0.0872226376146389 0.152854789766819 0.188957410590797 0.195563260320722 0.201322597360795 0.22408861866057 0.271846314297265 0.334462427641851 0.373065974733511 0.394854557597925 0.401437220817076 0.410129060687524 0.413556560002676 0.413705700136922 0.41080054395707 0.408502880567841
-9999 -9999 -9999 -9999 -9999 -9999 -9999 -9999 -9999 -9999 -9999 -9999 -9999 -9999 -9999 -9999 -9999 -9999 -9999 -9999 -9999 0.428379601040487 0.412126433656951 0.359405047798806 0.280428106436223 0.177476079230802 0.0727192972236099 0.0318676284845089 0.0590113335799879 0.0975585239954788 0.11539030092336 0.116381809962175 0.113661773838531 0.108402173270903 0.107775828645074 0.0977200341547943 0.066928024778988 0.0277450181209025 0.0283217783542512 0.054813342017676 0.0806407710666235 0.14063642467888 0.166385771542157 0.163870384647756 0.190745980158547 0.228845754473732 0.279653778644612 0.34225192924736 0.362494567327399 0.380312380314817 0.396405068802142 0.40993324304021 0.415761305180195 0.417278307303769 0.416676142858447 0.416556341786499
