layers/veg_krg_sqold/veg5300.asc
NCOLS 255 
NROWS 330 
XLLCORNER -2985163.8955 
YLLCORNER -3022031.214 
CELLSIZE 25000 
NODATA_value -9999 
[rows 250 to 274 of 330, columns 56 to 111 of 255]
-9999 -9999 -9999 -9999 -9999 -9999 -9999 -9999 -9999 -9999 -9999 -9999 -9999 -9999 -9999 -9999 -9999 0.618499502594629 0.628207976016068 0.644319736011921 0.63724453553618 0.603551270583174 0.550941196098626 0.518443837186973 0.502867267690623 0.49374811963104 0.501120556715874 0.505674464868445 0.504966991239044 0.493829966133961 0.471413958421633 0.465300103175302 0.456797389157895 0.43475329082286 0.425502163859136 0.436486467722373 0.437486978461632 0.433854347770701 0.428045505387535 0.421479812989 0.4148315220724 0.417252313556014 0.425779879349605 0.430727759482735 0.43147831494304 0.437047320322303 -9999 -9999 -9999 0.412059425852454 0.413067349609049 0.415494225307771 0.416640717088243 0.417359756819682 0.417219606213846 -9999
-9999 -9999 -9999 -9999 -9999 -9999 -9999 -9999 -9999 -9999 -9999 -9999 -9999 -9999 -9999 -9999 -9999 0.644508037060058 0.646803358934032 0.662585608451348 0.656120672084677 0.633706982848275 0.600581147314566 0.558828073616389 0.546157702369076 0.563450869060346 0.545954815661917 0.525507843200155 0.522464359366145 0.510145580126316 0.496128236734096 0.507365327120679 0.503910030016452 0.481659751513876 0.468237717670038 0.459547466495667 0.448334943913379 0.429375404969069 0.408666412631135 0.394270189005397 0.383196982853738 0.39421718603991 0.417053019092193 0.433731133035744 0.441037179000443 0.443511605358287 0.447186996444735 -9999 -9999 -9999 -9999 -9999 -9999 -9999 -9999 -9999
-9999 -9999 -9999 -9999 -9999 -9999 -9999 -9999 -9999 -9999 -9999 -9999 -9999 -9999 -9999 -9999 -9999 0.656021382037014 0.665314876999288 0.674030224584744 0.669545530006263 0.648957287480845 0.621040207922292 0.566244842553403 0.531948067083734 0.558567628600135 0.561983599362948 0.544902084483107 0.530520164407986 0.522964349252244 0.515465429653664 0.520971968389882 0.518907665333328 0.502826157910449 0.486184908495694 0.469154438190258 0.450658388754399 0.432753522726413 0.416582061002057 0.395326040874514 0.378485350466857 0.39482925374198 0.425612636515238 0.442923748912204 0.4485105539058 0.452382428341834 0.456897658060872 -9999 -9999 -9999 -9999 -9999 -9999 -9999 -9999 -9999
-9999 -9999 -9999 -9999 -9999 -9999 -9999 -9999 -9999 -9999 -9999 -9999 -9999 -9999 -9999 -9999 -9999 0.679983512256332 0.677898101446493 0.686323032332161 0.685596922381237 0.653308142807125 0.62013341161606 0.607550448286228 0.589279214044738 0.546352526519938 0.522766347818331 0.547941487739661 0.528363082963503 0.516729076740406 0.523078490163394 0.526251801475159 0.518608609142877 0.50643314096212 0.493991608510208 0.475226028133155 0.459535938343565 0.443576047793187 0.42599810308306 0.408783771845758 0.40003195745803 0.416694014306776 0.442933008700887 0.456095318902442 0.456501950510969 0.459381278002129 0.466544996711415 -9999 -9999 -9999 -9999 -9999 -9999 -9999 -9999 -9999
-9999 -9999 -9999 -9999 -9999 -9999 -9999 -9999 -9999 -9999 -9999 -9999 -9999 -9999 -9999 -9999 -9999 0.711876364038645 0.708250211763971 0.709372645896736 0.699765428185029 0.682843906939806 0.661329919936368 0.631393271210845 0.601606485856884 0.574518125465466 0.557141760316893 0.570933340824958 0.572297919472334 0.552448211606099 0.535448098845726 0.523171961913287 0.5100500221508 0.493874919544418 0.497031810741476 0.481565225997551 0.467571055591416 0.46298389062885 0.456364037193321 0.463811817166235 0.462164595595776 0.458218348575068 0.462642788731994 0.466884349786241 0.469652651791223 0.473260753709563 0.481382213888545 -9999 -9999 -9999 -9999 -9999 -9999 -9999 -9999 -9999
-9999 -9999 -9999 -9999 -9999 -9999 -9999 -9999 -9999 -9999 -9999 -9999 -9999 -9999 -9999 -9999 -9999 0.733179436850602 0.730994986400384 0.729019453410161 0.688660000738781 0.676414800688812 0.665312475351435 0.66035222133858 0.653415243206503 0.62911431638172 0.61205665007409 0.618846502207454 0.613091273488415 0.602919387312489 0.579938560771929 0.554555435508342 0.529824413488862 0.49814122515959 0.480181186397141 0.469017195142228 0.464785297851269 0.461855987691183 0.462024501699972 0.483680993780264 0.493341503706259 0.487889919821936 0.484385883978962 0.489168521062571 0.491372989781997 0.494481846153074 0.498916715633069 0.500355080764157 -9999 -9999 0.484895464712934 0.481256505603436 -9999 -9999 -9999 -9999
-9999 -9999 -9999 -9999 -9999 -9999 -9999 -9999 -9999 -9999 -9999 -9999 -9999 -9999 -9999 -9999 0.720130526031584 0.734184757362303 0.749955520511133 -9999 0.715503677699953 0.716667513886901 0.693214463522762 0.641085032622285 0.642706320812913 0.6483367972151 0.641909643426828 0.644120457351618 0.63371276790509 0.618277790015108 0.602169570619701 0.579673680690568 0.54266857526071 0.502224879674725 0.478424281426676 0.466422976289336 0.473507235912476 0.48147851309078 0.487472203648866 0.503669500118196 0.509553997072913 0.503937102555194 0.500747896434745 0.50437018985006 0.505428634880922 0.506022665381649 0.5055477537191 0.501325773306972 0.498391628725872 0.494486403860202 0.49006454780789 0.491747899969343 -9999 -9999 -9999 -9999
-9999 -9999 -9999 -9999 -9999 -9999 -9999 -9999 -9999 -9999 -9999 -9999 -9999 -9999 -9999 -9999 0.690703493674792 0.713328737435257 0.750469322596798 0.762432932867618 -9999 0.73787317692079 0.686180237991738 0.631681105640171 0.654888599978772 0.681782704283785 0.670320932033989 0.667682510089825 0.665757266235199 0.636663409043499 0.618356535850615 0.6173353103138 0.591766056769219 0.560487968479568 0.535720024608096 0.527396494736844 0.518697282820474 0.503821340710901 0.506506210769566 0.526183436128783 0.539684934637881 0.535188185944626 0.530057683953135 0.530919455017634 0.527203879243013 0.521576080995455 0.517335904498289 0.510904475305684 0.501783407734486 0.499687820460679 0.501726372608674 0.503359295482143 -9999 -9999 -9999 -9999
-9999 -9999 -9999 -9999 -9999 -9999 -9999 -9999 -9999 -9999 -9999 -9999 -9999 -9999 -9999 -9999 0.699560204965522 0.71981315644701 0.753795704967765 -9999 -9999 0.732117448869948 0.752124512853733 0.721918036050516 0.687513377513937 0.709984742162221 0.681785707030833 0.67481396460711 0.691114870688198 0.670060615794265 0.655859297885117 0.650353355433213 0.618290008756056 0.576491950457804 0.540804361444035 0.538562900340358 0.531406136234461 0.522897868536392 0.531125563877352 0.558150707348846 0.583766986994337 0.57305622522218 0.558045344634884 0.550951835745056 0.54343995052897 0.533883603051846 0.533224657056004 0.533350508234369 0.52673901938989 0.518946957098557 0.510415521253639 0.510964406084958 -9999 -9999 -9999 -9999
-9999 -9999 -9999 -9999 -9999 -9999 -9999 -9999 -9999 -9999 -9999 -9999 -9999 -9999 -9999 -9999 0.736654518265873 0.741482096012689 0.764446197685315 -9999 0.739729207111879 0.725614471106462 0.699629085084034 0.670683792529343 0.664885576999055 0.672511471436492 0.672756174741727 0.67795901065198 0.684848404863015 0.661939516881898 0.650132506111562 0.656201091472489 0.631181485819272 0.600114831104322 0.589551322201666 0.563054762725272 0.550779245448043 0.564476479962674 0.576046549764786 0.594157924295728 0.600615336666652 0.588357235339083 0.570317008572861 0.557578324953449 0.549511453035528 0.544119505115772 0.541725822322401 0.534596332286371 0.527647196385967 0.526401696788429 -9999 -9999 -9999 -9999 -9999 -9999
-9999 -9999 -9999 -9999 -9999 -9999 -9999 -9999 -9999 -9999 -9999 -9999 -9999 -9999 -9999 -9999 0.774300352181118 0.77399280985432 0.77367048132401 -9999 0.767784991652326 0.754968999501095 0.722760115198131 0.696480512452745 0.688676000519165 0.702938217588667 0.71581785669629 0.704776913410877 0.7123988880569 0.694699581920067 0.653022575312894 0.627770132189323 0.632223064608469 0.632169809152761 0.619257419595402 0.60570339746325 0.599173723766448 0.610030749713334 0.613266127758662 0.613109239177624 0.603971337538398 0.590819005116798 0.575433234719361 0.566281511335769 0.560402848077373 0.556042933516551 0.551808791077917 0.546890005937506 0.545076221626117 -9999 -9999 -9999 -9999 -9999 -9999 -9999
-9999 -9999 -9999 -9999 -9999 -9999 -9999 -9999 -9999 -9999 -9999 -9999 -9999 -9999 -9999 -9999 0.775243558793851 0.774975170998918 0.778182111529614 -9999 0.785030096957168 0.765599326198727 0.737514396543106 0.709878123321555 0.680536995144416 0.701300222839472 0.729580233065254 0.693839557198164 0.687408818138503 0.693018517187377 0.6708147886919 0.653550680847426 0.649767380348847 0.642052095106341 0.628462826664071 0.643945547244022 0.643785150116208 0.634088655923654 0.621520791001187 0.609438848548058 0.601175556915072 0.592956664833726 0.585116649542444 0.582111428075875 0.568794905731498 0.552416315625499 0.549400619416009 -9999 -9999 -9999 -9999 -9999 -9999 -9999 -9999 -9999
-9999 -9999 -9999 -9999 -9999 -9999 -9999 -9999 -9999 -9999 -9999 -9999 -9999 -9999 -9999 -9999 -9999 0.782222104093911 0.785693895398474 -9999 0.801247332811817 0.75965161785888 0.751043489545146 0.759271838531579 0.693627664504749 0.697554652656149 0.712774304621276 0.693413150637026 0.698096152348859 0.694166902204782 0.677975182584637 0.670500447145339 0.656351035739105 0.642841153380952 0.6373521471231 0.65024281616478 0.650866249252048 0.637515659355906 0.62167475518126 0.611213727277027 0.603093322388337 0.596114261973108 0.59133189145162 0.584332495155873 0.567118023243687 0.56447452684655 -9999 -9999 -9999 -9999 -9999 -9999 -9999 -9999 -9999 -9999
-9999 -9999 -9999 -9999 -9999 -9999 -9999 -9999 -9999 -9999 -9999 -9999 -9999 -9999 -9999 -9999 -9999 -9999 -9999 -9999 0.80533935441507 0.770240200954605 0.750982671585187 0.755622781155388 0.727708434123531 0.716761371973434 0.712007394508001 0.705563872880566 0.69895361218915 0.70037676776838 0.690057324707726 0.687726841964172 0.676348148219002 0.672614648822656 0.683726504729116 0.673804636501764 0.659729010620142 0.64698876009206 0.636182644964208 0.622626213683786 0.608332724074149 0.599990623554159 0.587844818334436 0.575011339260724 0.56716594425739 0.566818113997231 0.573802632383123 -9999 -9999 -9999 -9999 -9999 -9999 -9999 -9999 -9999
-9999 -9999 -9999 -9999 -9999 -9999 -9999 -9999 -9999 -9999 -9999 -9999 -9999 -9999 -9999 -9999 -9999 -9999 -9999 -9999 0.802210452355069 0.794843308519114 0.772023361870532 0.735972686058501 0.695788714808435 0.708629995612308 0.727410500507524 0.712749853856114 0.70858518413609 0.703495101223164 0.685554271111934 0.68593048497895 0.681671628381054 0.678151703079193 0.685013175001552 0.671731631938434 0.650359153344861 0.64071962139986 0.639277254280521 0.632361835360731 0.620864499091617 0.607758243430737 0.592853886320271 0.578239041248979 0.570882810704352 0.57324645378 0.582444514411696 -9999 -9999 -9999 -9999 -9999 -9999 -9999 -9999 -9999
-9999 -9999 -9999 -9999 -9999 -9999 -9999 -9999 -9999 -9999 -9999 -9999 -9999 -9999 -9999 -9999 -9999 -9999 -9999 -9999 0.788761321881156 0.779536915543938 0.799009557120873 0.782407743886939 0.731285657977519 0.738934461665582 0.734948885541459 0.731960719930318 0.730231607553738 0.714399031319164 0.692949656651899 0.673933567755249 0.666273904250194 0.672602148486833 0.679195537892489 0.665595196483428 0.646020948837594 0.640533616204337 0.638016117839381 0.631368649340136 0.617821983428396 0.605090177415111 0.588745411214815 0.578975626509369 0.574031541395943 0.578044309473676 0.586368393407402 -9999 -9999 -9999 -9999 -9999 -9999 -9999 -9999 -9999
-9999 -9999 -9999 -9999 -9999 -9999 -9999 -9999 -9999 -9999 -9999 -9999 -9999 -9999 -9999 -9999 -9999 -9999 0.829678428809118 0.821877309371512 0.804259200592672 0.784953819439843 0.7656120402578 0.758962970063939 0.731018622707132 0.72954283058148 0.74677526353812 0.735863799411836 0.737537816788407 0.738226480399457 0.721650788034211 0.704568233415637 0.682913703612156 0.680246904584681 0.685640219439257 0.660294043758738 0.650079538018395 0.655870780761272 0.650556946499665 0.636662189736733 0.624047896083701 0.609585680331205 0.590797815135413 0.585212911849332 0.587839094139153 0.595166364387395 -9999 -9999 -9999 -9999 -9999 -9999 -9999 -9999 -9999 -9999
-9999 -9999 -9999 -9999 -9999 -9999 -9999 -9999 -9999 -9999 -9999 -9999 -9999 -9999 -9999 -9999 -9999 -9999 0.82886626783494 0.8338093696124 0.8315410683326 0.80794421429214 0.783664328446932 0.778289862674587 0.755352356209585 0.748628799748273 0.739624175629833 0.735700361312284 0.749286150586267 0.751530985375694 0.740444810097979 0.717495478363427 0.688272784238876 0.688129547526451 0.700089840574638 0.687455314033446 0.674940250363436 0.662298053456107 0.650039510215933 0.638865307869909 0.621501676914301 0.6061456683328 0.611112829471423 0.614872752977155 0.611163036971051 0.609097264389568 -9999 -9999 -9999 -9999 -9999 -9999 -9999 -9999 -9999 -9999
-9999 -9999 -9999 -9999 -9999 -9999 -9999 -9999 -9999 -9999 -9999 -9999 -9999 -9999 -9999 -9999 -9999 -9999 0.812119626440482 0.835176390591002 0.829482177515237 0.793999652980521 0.770817320490658 0.762160864396481 0.759253919359079 0.745475848015915 0.722675253555246 0.711618467808519 0.738809959846741 0.75358607442916 0.738250424733637 0.712075291845516 0.692947360627094 0.695508900666631 0.698036260088887 0.686754917234507 0.676745505896645 0.657671937061218 0.643517215094833 0.635889157451337 0.617734177885359 0.611760356797142 0.624371065594562 0.621508574347267 0.611401550894897 0.603898614726645 -9999 -9999 -9999 -9999 -9999 -9999 -9999 -9999 -9999 -9999
-9999 -9999 -9999 -9999 -9999 -9999 -9999 -9999 -9999 -9999 -9999 -9999 -9999 -9999 -9999 0.796748904207006 -9999 0.809735529199961 0.823230887163912 0.840066908946164 0.805452049686574 0.793289661901341 0.772879198429965 0.761430927050294 0.754651623111308 0.747539031128986 0.741646462588565 0.744507127184323 0.751855381476929 0.750296814847349 0.742332080404271 0.729832915472136 0.707071102110968 0.699026207506981 0.698188429593831 0.679633284586335 0.662651048822853 0.648263155655136 0.643715991860981 0.630333944957884 0.624196812928408 0.634300590676028 0.638952808130968 -9999 -9999 -9999 -9999 -9999 -9999 -9999 -9999 -9999 -9999 -9999 -9999 -9999
-9999 -9999 -9999 -9999 -9999 -9999 -9999 -9999 -9999 -9999 -9999 -9999 -9999 -9999 -9999 -9999 -9999 0.819681253943858 0.821855057154345 0.821274554196618 0.82006379950768 0.79068179935513 0.760829236208457 0.753562298611202 0.744915863370112 0.762210493225759 0.776266778624793 0.754043760341694 0.750055508317204 0.748256535672013 0.744464536665515 0.734702055264651 0.710423759725617 0.702340409432362 0.709944156169076 0.694201465647565 0.67322460292639 0.655345346954405 0.632519552382351 0.628091889244236 0.640925168833824 -9999 -9999 -9999 -9999 -9999 -9999 -9999 -9999 -9999 -9999 -9999 -9999 -9999 -9999 -9999
-9999 -9999 -9999 -9999 -9999 -9999 -9999 -9999 -9999 -9999 -9999 -9999 -9999 -9999 -9999 -9999 -9999 0.802879015953762 0.81547900584263 -9999 0.830568690623831 0.81643373217093 0.788695164902794 0.789569838810652 0.771723623227438 0.750859568144822 0.749749840168817 0.749304873416541 0.750480838572474 0.75055971142781 0.742329463655818 0.731729990302263 0.709641330549274 0.700596249227098 0.710486161659019 0.693033928809295 0.664695883689192 0.634346786213395 0.620130778157136 0.627225632053315 -9999 -9999 -9999 -9999 -9999 -9999 -9999 -9999 -9999 -9999 -9999 -9999 -9999 -9999 -9999 -9999
-9999 -9999 -9999 -9999 -9999 -9999 -9999 -9999 -9999 -9999 -9999 -9999 -9999 -9999 -9999 -9999 -9999 0.807982688525833 0.820666685483402 -9999 0.802946192441724 0.795608206548555 0.788028764634776 0.788869275272362 0.792923576512803 0.775086385663432 0.749162582392805 0.743375627760899 0.744719470725913 0.744171549456547 0.736916833568631 0.726165895049603 0.708893919815742 0.69609929815588 0.692303777228063 0.674555640225034 0.644371317815325 0.628548684270924 0.635408335353517 0.645629004337483 -9999 -9999 -9999 -9999 -9999 -9999 -9999 -9999 -9999 -9999 -9999 -9999 -9999 -9999 -9999 -9999
-9999 -9999 -9999 -9999 -9999 -9999 -9999 -9999 -9999 -9999 -9999 -9999 -9999 -9999 -9999 0.806757559699597 0.787602607447873 0.790529165044649 0.799685061168906 -9999 0.832713720544543 0.777072605508176 0.735109437419797 0.735027924441709 0.713965473144238 0.707944416101707 0.737483741604905 0.72888249551173 0.7251535967734 0.726055552851935 0.71923786935005 0.711589854911456 0.704007875238768 0.694641665066107 0.67795545776528 0.656933869387361 0.659075743203813 0.667660639503268 0.658502327520813 0.653154362860448 -9999 -9999 -9999 -9999 -9999 -9999 -9999 -9999 -9999 -9999 -9999 -9999 -9999 -9999 -9999 -9999
-9999 -9999 -9999 -9999 -9999 -9999 -9999 -9999 -9999 -9999 -9999 -9999 -9999 -9999 0.813296839274558 0.806198558427687 0.787869597285683 0.780329614811916 0.804390925862017 0.840189985700986 0.816079783928254 0.757162198575905 0.762659500400623 0.762720383465401 0.713839391444582 0.699937926803017 0.701677194608564 0.710357487731654 0.715443433115426 0.718376979592169 0.713748550970184 0.702468003424394 0.692031965372662 0.684633287272258 0.671124247926754 0.65879441462723 0.666570286311639 0.667341416451039 0.655028453040206 0.636177387845745 -9999 -9999 -9999 -9999 -9999 -9999 -9999 -9999 -9999 -9999 -9999 -9999 -9999 -9999 -9999 -9999
