layers/veg_krg_sqold/veg5800.asc
NCOLS 255 
NROWS 330 
XLLCORNER -2985163.8955 
YLLCORNER -3022031.214 
CELLSIZE 25000 
NODATA_value -9999 
[rows 75 to 99 of 330, columns 168 to 223 of 255]
0.677229481889541 0.671966603139851 0.666318383918888 0.658969564908733 0.654331346887529 0.649195200307609 0.64282813913601 0.637510311896358 0.631923702747098 0.626513329319774 0.623261998339043 0.621529872866303 0.620890039563342 0.619684085759575 0.617919914850525 0.616995636174161 0.616247822959179 0.616478658872256 0.615465321466373 0.613450617888411 0.613658087603564 0.614184808745822 -9999 -9999 -9999 -9999 -9999 -9999 -9999 -9999 -9999 -9999 -9999 -9999 -9999 -9999 -9999 -9999 -9999 -9999 -9999 -9999 -9999 -9999 -9999 -9999 -9999 -9999 -9999 -9999 -9999 -9999 -9999 -9999 -9999 -9999
0.670963718831303 0.665759044373367 0.660682747527692 0.65454104026166 0.649895206745892 0.645316870004335 0.641274460651424 0.636902829534009 0.62903164828024 0.623281975270905 0.622238212356042 0.621242193560827 0.619078018299906 0.616653925980356 0.617007225621669 0.618510054784457 0.618794068308584 0.617117072353218 0.615942066402942 0.616050282984076 0.61521357567886 0.614513352541308 -9999 -9999 -9999 -9999 0.612099678680379 -9999 -9999 -9999 -9999 -9999 -9999 -9999 -9999 -9999 -9999 -9999 -9999 -9999 -9999 -9999 -9999 -9999 -9999 -9999 -9999 -9999 -9999 -9999 -9999 -9999 -9999 -9999 -9999 -9999
0.662182597940468 0.657058216153823 0.651895928724645 0.647117256561456 0.642700522122405 0.638431571399638 0.633098062149837 0.628126379245912 0.623435497786876 0.61781012570758 0.618071044439731 0.619628274190492 0.615660521518099 0.612687233558986 0.613382836855694 0.616374814776179 0.617416972408949 0.61665451609894 0.615900381982174 0.616754717476789 0.61681704566066 0.615441256593872 0.614269680544407 0.613222557073596 0.612438816293418 0.611349257511259 0.611886985710846 0.609403299408382 0.607782111094105 -9999 -9999 -9999 -9999 -9999 -9999 -9999 -9999 -9999 -9999 -9999 -9999 -9999 -9999 -9999 -9999 -9999 -9999 -9999 -9999 -9999 -9999 -9999 -9999 -9999 -9999 -9999
0.652394368508242 0.647907005948063 0.643580641754254 0.638716017868246 0.635640252021279 0.631665182493682 0.625785719301304 0.621769900172854 0.616734430896467 0.612678486777085 0.614628182283884 0.616156537061072 0.613009649506437 0.611602106076707 0.613258705422792 0.615756846966038 0.615875255042486 0.615119236214396 0.616053605316865 0.61707805855919 0.616867501850327 0.615812368597879 0.614073253407365 0.612175097836318 0.610444045435998 0.610335927921281 0.609598029557616 0.608056145023239 0.607815946509757 0.608123236828392 0.60624206647999 -9999 -9999 -9999 -9999 -9999 -9999 -9999 -9999 -9999 -9999 -9999 -9999 -9999 -9999 -9999 -9999 -9999 -9999 -9999 -9999 -9999 -9999 -9999 -9999 -9999
0.644072811613851 0.640123456675371 0.636519489255071 0.633147895581476 0.631287091493029 0.62728153226591 0.621982873338792 0.617926323801194 0.614943288890705 0.61209570783519 0.611539898694395 0.613431278326801 0.611657988420664 0.61170922697112 0.613020459574983 0.614191549107171 0.613828585052301 0.614350633640154 0.615474328491435 0.616599798805536 0.616895066404656 0.615555695277476 0.61392737958247 0.611405180252706 0.608906263734643 0.608511207275437 0.607476462597175 0.607113236231701 0.60762609538698 0.60740012981569 0.605739052392665 0.602052084659162 0.59886740592175 0.596416161868475 0.593982621813365 0.591975419616386 0.588390908410453 0.585625277904719 0.583305515287574 0.581018431541871 -9999 -9999 -9999 -9999 -9999 -9999 -9999 -9999 -9999 -9999 -9999 -9999 -9999 -9999 -9999 -9999
0.631746208365305 0.62847951973337 0.623671764604532 0.619254467765925 0.617284348732427 0.615625946291497 0.612300148683779 0.610542260163824 0.611630805759803 0.611108095478333 0.607617893665198 0.606747360842686 0.6085972218477 0.609482805207169 0.611163614521963 0.612979709158504 0.61456473437489 0.615380853792071 0.615736004221007 0.615633708644987 0.614943094574383 0.613336626811998 0.612207654814198 0.610017215272847 0.60659642405451 0.605372928323128 0.604878373386011 0.604065757339102 0.60214341791768 0.600768061726374 0.600427617437391 0.60023975276596 0.598687524541669 0.596109450848915 0.593793329030991 0.591740450282325 0.588156802506012 0.585370526454396 0.583053917008461 0.580804059314125 0.577590188936441 -9999 -9999 -9999 -9999 -9999 -9999 -9999 -9999 -9999 -9999 -9999 -9999 -9999 -9999 -9999
0.619146492522595 0.617255077060374 0.614425001642144 0.611776727765565 0.610272502603281 0.607927310718346 0.605512137287294 0.606221208218052 0.606633954808372 0.60288474170557 0.598333849421651 0.600673918065936 0.605994386525746 0.608101867498089 0.609831264513291 0.611953614566372 0.612637896622529 0.612930733422713 0.613781362462924 0.613980504067608 0.612506638696794 0.61000854684075 0.609273584030199 0.609320466833831 0.607297791757698 0.605094135243075 0.603050296781978 0.600754785940491 0.599130564736954 0.598331967746565 0.59729844161386 0.598154003968348 0.596623103257583 0.592188017911403 0.590968703190478 0.588892992251048 0.585427779721401 0.58263638618669 0.580362358375783 0.578484519343252 0.576221093277625 0.573299688933705 0.571155601066508 -9999 -9999 -9999 -9999 -9999 -9999 -9999 -9999 -9999 -9999 -9999 -9999 -9999
0.611840894831913 0.609076643266178 0.604440662473826 0.599988316737001 0.600047594374927 0.602064298361365 0.599188006832348 0.596783331107629 0.597164274200789 0.595023050857978 0.587471401864619 0.590228790425258 0.599539276128987 0.604023367946507 0.606106889427458 0.609524896805635 0.610516870625837 0.610748388003903 0.612261407440591 0.612072828816833 0.610539884815808 0.608859784906654 0.607553414625867 0.607829168620487 0.605823995276558 0.602870124692167 0.601971586058677 0.600205997565159 0.600169739291314 0.600770483258925 0.599964406341946 0.598733821569206 0.593558882293452 0.583182191688345 0.579597450567949 0.580761533342816 0.580367234562566 0.579763852300411 0.577496069602668 0.57571680038441 0.572508153396531 0.571117904095352 0.570910899242197 0.569807300065732 -9999 -9999 -9999 -9999 -9999 -9999 -9999 -9999 -9999 -9999 -9999 -9999
0.601353841291633 0.598588042364122 0.596458315464932 0.590075401692059 0.588741554559963 0.5915723883449 0.590115382117318 0.593204740316435 0.591931197501954 0.586754583866063 0.585264535641362 0.588408587938156 0.595550255785867 0.597408198500228 0.60105405986911 0.605322589317848 0.606975113049596 0.608850080645961 0.610274526404998 0.610307018343135 0.609122032300177 0.608430868404295 0.606605707094206 0.604869127080345 0.605464560529407 0.603290163300725 0.600154632260853 0.599211189556056 0.601228366407706 0.600180822446413 0.596524433181281 0.596573033610507 0.591309512548285 0.581360867252288 0.561110510864087 0.551041765710247 0.569066571488635 0.5720586158388 0.568412952568112 0.56795288801388 0.568173567465165 0.568798409201707 0.567221770858459 0.564759314316704 0.563467349066897 -9999 -9999 -9999 -9999 -9999 -9999 -9999 -9999 -9999 -9999 -9999
0.585014213359089 0.582331577978114 0.582699371109335 0.57984411127613 0.574621596218155 0.575639756007816 0.579925478792467 0.581044286794202 0.579735871281936 0.581820270561801 0.583959920307989 0.584196055760637 0.584227085208953 0.58787881423293 0.593729207829406 0.5984345627748 0.602493355643543 0.604665243536815 0.606660442015134 0.607128843178117 0.605916392625691 0.604319493851498 0.602633090620223 0.601499925828828 0.600647483824775 0.599442931283769 0.598511468890369 0.597858620620262 0.597278379445169 0.594998897334957 0.592996553971769 0.593530425282522 0.589225284410833 0.580536371814002 0.567149903180265 0.541477033891576 0.546654174355359 0.564169738680144 0.558321396106308 0.564917620042228 0.566423579166641 0.560113969663922 0.553923183114017 0.556383888256953 0.563425482744376 0.562460648449113 -9999 -9999 -9999 -9999 -9999 -9999 -9999 -9999 -9999 -9999
0.569440552909604 0.566322256410839 0.568806612766416 0.569322670044622 0.566422524096219 0.56383702309229 0.566841372991063 0.570904604866341 0.57292419954132 0.575118467127377 0.57405248853872 0.572032471559774 0.570317785863984 0.573899583916837 0.581561166966363 0.589379281230546 0.596178929954758 0.599868546669145 0.60201516903302 0.602473466547598 0.601559436964143 0.600405295202896 0.600467059877716 0.600113481344267 0.596533069198992 0.595610700338827 0.596690078741693 0.596167746717303 0.594236182502425 0.59229368270577 0.588413720923086 0.586502766320591 0.58652953710202 0.580743760258846 0.571943441058014 0.541405410267867 0.534427445190009 0.564678801161917 0.568683453163854 0.566645382714576 0.561353131203931 0.554035765115465 0.5471964253821 0.553568920028076 0.562581529502352 0.560933784454935 0.560313121947182 -9999 -9999 -9999 -9999 -9999 -9999 -9999 -9999 -9999
0.563734843069168 0.561982354980021 0.557891122327995 0.557082811591717 0.55928936155768 0.557569134517743 0.560949927003459 0.563973986638698 0.564199572153339 0.566335547637374 0.568084455639739 0.570127037063759 0.568213807937024 0.573940142460402 0.576918193039004 0.580585022340435 0.58873004307885 0.594183622086563 0.596921589715458 0.597741695349405 0.597508576214754 0.594858194620576 0.596179813256476 0.597539581814451 0.594643211418192 0.592844770819652 0.593808832331181 0.594874423661921 0.591944661222238 0.589463685012537 0.586421613557881 0.582637177632185 0.57909855888723 0.575356957111773 0.570115742979546 0.537066988546335 0.527359343740495 0.560011792692494 0.565473375331068 0.561461372293355 0.553294069583666 0.549017562779818 0.550661092832476 0.5557392048238 0.556886637805092 0.555862662891361 0.558120712110263 0.557806101808798 -9999 -9999 -9999 -9999 -9999 -9999 -9999 -9999
0.555011281824817 0.556875266404503 0.558516400556944 0.558042160134206 0.555495746278147 0.552427426096751 0.550119881781039 0.549864893861679 0.553956363059659 0.560455934016217 0.562832903478612 0.562606328774661 0.563643006388452 0.569430346923467 0.570857865927856 0.574411542444957 0.576414648123104 0.579362841491417 0.587637268859825 0.591970995751731 0.589614244696305 0.588974042660107 0.591312024708595 0.593219031064635 0.592302973860371 0.589888816496336 0.589205399648949 0.590564533967624 0.588655477813622 0.586214716358309 0.583007985322076 0.577487167755409 0.560992208080225 0.544970163588022 0.541313740884897 0.525732660954637 0.528619311319166 0.554376195105061 0.559381352163863 0.554201551733404 0.547846379392419 0.539335992095009 0.542437280724767 0.551629673977801 0.541413489223975 0.535452645606245 0.549153178521087 0.55586118168782 0.555050043114123 -9999 -9999 -9999 -9999 -9999 -9999 -9999
0.543755433541997 0.546860394536675 0.549445593059752 0.551801757930855 0.555132928177388 0.557035910031954 0.555475400655956 0.548147482972804 0.546482792165181 0.552588855182129 0.55134874925366 0.554198038678884 0.560872169289798 0.563636989383579 0.567905765113417 0.570087212899109 0.569677945926641 0.575305088616544 0.584304597924099 0.586310551159138 0.58272988552333 0.583782729693297 0.585027376741318 0.586666535378071 0.588151600651398 0.588111157424619 0.587170368070999 0.585986215682726 0.581884646679281 0.579856088454418 0.57799032286671 0.56980512931251 0.558591469978057 0.553156013776885 0.552812757665808 0.534227910904266 0.532893060818674 0.552635073519004 0.546828920578445 0.539659183311147 0.536352293821798 0.514094808452162 0.513581027345204 0.536625652613925 0.530830717599254 0.537021346115084 0.551865297643472 0.554454594443226 0.554203863942374 0.554113677118458 -9999 -9999 -9999 -9999 -9999 -9999
0.533596900156271 0.535589272518063 0.539676629580679 0.543983151966014 0.54550169302452 0.548148185357307 0.552751686249553 0.553645829401882 0.550274978336735 0.54838242787555 0.548660536896749 0.554563928319228 0.564143606700783 0.567561379671503 0.564908091889969 0.563607652979843 0.568503380949783 0.574810283258474 0.579197640846014 0.58221662822798 0.580415152397793 0.579706612882908 0.581977914686463 0.584317524635876 0.583871249844813 0.580501496277924 0.582569020651712 0.583814786035205 0.577961397135057 0.575923918776923 0.575800290602839 0.570367646129895 0.562246127001411 0.554395278925467 0.5499946585393 0.541455615425046 0.535984114331223 0.545150218092687 0.541247400161749 0.520300580845648 0.50774802632521 0.520785510314021 0.530786561578537 0.538381787469343 0.54574500933094 0.548435887403606 0.551284934184293 0.552738920846306 0.55261978899161 0.553326819698463 0.551732481027798 -9999 -9999 -9999 -9999 -9999
0.521409919942684 0.522831438280671 0.527713427014076 0.53344282430152 0.53273863021465 0.534999863330052 0.543297267747638 0.546163835724697 0.54292636395635 0.544059973485022 0.549355296656887 0.553692483322611 0.558715664803673 0.559891727980649 0.560502648662168 0.564404399584209 0.56864098733588 0.571736634860165 0.572469422185507 0.572288129362079 0.572565034640784 0.574903908024383 0.576719136351578 0.57681773349005 0.574884482875951 0.574162878780662 0.578187339309295 0.580531799074214 0.578072866471387 0.5741537096605 0.571225206544181 0.568718654978278 0.562354084747703 0.554564924173423 0.546438564251193 0.536190840164122 0.537141550978923 0.542052405972953 0.533160998515801 0.520280324028749 0.519927116058596 0.529665251417722 0.532565903235618 0.536766507939053 0.543399439422643 0.546027205511494 0.548376980479562 0.550054367034934 0.550745491271861 0.552621933496702 0.551580527732287 0.54966997163478 -9999 -9999 -9999 -9999
0.510965112100602 0.511388451688307 0.516079910713339 0.522967773975747 0.521648132602277 0.527051347687215 0.53666761590931 0.540104214573538 0.537611395620782 0.537106199079858 0.539862317303599 0.543413014170329 0.549333439457181 0.552428013028848 0.554298413062204 0.557981245977384 0.560731559688946 0.562275174996105 0.564173357457223 0.56189569367013 0.562747649135297 0.568922577513745 0.571945145620219 0.572096174688024 0.570713201593701 0.572725306314104 0.575352080475182 0.572642243490979 0.573536002244312 0.573115398320872 0.57060583747693 0.566448716973805 0.554896488496224 0.544494315286742 0.530005761233858 0.523699300113896 0.536242732421637 0.539437158740033 0.52902986337022 0.522524244716398 0.528510606149169 0.534641619915285 0.533803098244567 0.534382824850504 0.541968119977394 0.544029292384011 0.54601065354292 0.549083328180541 0.549875543771551 0.551210701798161 0.549528883066997 0.548642906723559 0.550077733219736 -9999 -9999 -9999
0.503807577395671 0.496254526707637 0.498031598722595 0.515113064644952 0.5134962884795 0.519473095445107 0.530802438786083 0.534780878376721 0.534227633153711 0.533710909616003 0.53294920076063 0.536607663277134 0.540514195464285 0.538601000914747 0.543365212299253 0.550258344800557 0.552177551652877 0.554146386515275 0.555395156768025 0.551551505587371 0.551840992306714 0.560584471220851 0.565176257203391 0.567433324338843 0.568512180764234 0.571099716712958 0.570016634275817 0.562968784804606 0.565318365544551 0.572144505148246 0.569337903430003 0.562948715811696 0.551224080647267 0.540905921484715 0.529892846996112 0.523653719040132 0.533768738426442 0.537470077107908 0.533003033569068 0.518464351135193 0.506541797770097 0.520437746325978 0.536778816144625 0.541519312687185 0.544636883583972 0.54850498399713 0.550532540776727 0.549819322742985 0.548523237476451 0.545646603172611 0.544138763912255 0.546823131591466 0.543436917887852 0.542255832283456 0.548693640470923 0.547616309137234
0.49603746241272 0.498343117962883 0.500975955522619 0.505143024644957 0.501870096836215 0.509234716141613 0.521088214663154 0.524792828024032 0.523351841553507 0.523732630072425 0.527942782357505 0.531284405095678 0.529199752835349 0.528167141426737 0.533891080274212 0.538881413120874 0.539089706295065 0.542208636299181 0.546224174162324 0.551324240230715 0.557059362180993 0.554628181271183 0.55732885023985 0.558846584215261 0.562962446691179 0.568222390103356 0.564114498437329 0.558658737690501 0.560931381957913 0.563492484595197 0.562858411954004 0.556676955935793 0.546348458766441 0.533363900638437 0.516602043116501 0.510595448112201 0.523172579517003 0.529581891519969 0.521675237832368 0.51791285557997 0.522816562825609 0.530795340054745 0.539601413190737 0.541855067180513 0.542963065735885 0.54438777803061 0.546903998033481 0.547784779077981 0.544340100642419 0.542759592241347 0.544791383420483 0.544058008121214 0.539149434418978 0.542567015269933 0.548248347785493 0.547041602786071
0.48975202773003 0.49288951984094 0.494284067699572 0.495770186143439 0.493209893002221 0.500636306571549 0.513268279518065 0.518290317159414 0.516696814109589 0.512996983127914 0.517571071987325 0.519234949031106 0.512918763049497 0.513344492634979 0.521229549485908 0.523618545530467 0.524732451968628 0.528434151071326 0.536553316342889 0.545231311934959 0.545251641321094 0.542471320741724 0.544791412489787 0.545634740703752 0.556537126165855 0.561821707145094 0.561515089535251 0.556370798492426 0.551750979832428 0.558096054523466 0.556928718868492 0.544720901243824 0.534238624236174 0.526482671515481 0.509418726275631 0.504296475969315 0.514577351611836 0.522301401969461 0.520894686130848 0.518159954515745 0.52563343491766 0.533981544636649 0.535974723325944 0.537783061567498 0.541613580110145 0.541133520756859 0.5405400939841 0.542705798833266 0.540282650929353 0.544262468600494 0.545386395109692 0.54254189338588 0.543626553670128 0.545409186974384 0.543480480451003 0.540819559248565
0.483385851602965 0.488032073746907 0.488953044932241 0.491286832840453 0.490090039485399 0.49626991334655 0.507994017379612 0.510398874441753 0.50897964507658 0.506786997542726 0.509853894235821 0.515475091522996 0.513280023639167 0.509841793733625 0.513709801504584 0.515144006430925 0.519270367588145 0.524147127671112 0.530831491185913 0.540243933182424 0.544137715880351 0.543691349956675 0.544176408525302 0.544906253961172 0.551664685448156 0.555439674961461 0.560275858458846 0.55436300603708 0.546867906023815 0.553210177549964 0.552955905020262 0.54265364355249 0.532485160206515 0.522172911147804 0.507418289108321 0.504518072364156 0.5128444609226 0.52186988647327 0.520872362595391 0.517646812586437 0.517013484947098 0.522567775826839 0.532879033092898 0.537895302975996 0.542173871701837 0.538251815081936 0.536676554302231 0.539964538539002 0.539220165612216 0.543040680215526 0.543396821938595 0.542781471975713 0.544022490150826 0.542670825325856 0.538893897808985 0.533998536934797
0.474679723162422 0.474744586430174 0.477730983653899 0.486097786272904 0.49124612979599 0.498479222795026 0.501123598281986 0.501499273439351 0.503166830275463 0.501800115314188 0.499236435217762 0.501216682226033 0.509595178573852 0.516064036228417 0.520082901146429 0.525046558491336 0.530869838464211 0.536905615389798 0.53788918956307 0.539202041080925 0.543616290665871 0.54795981656732 0.550920856778579 0.552173125939589 0.553976593725735 0.556887915919018 0.558292432426113 0.55726901157516 0.551143225634942 0.543504143716024 0.537788147758091 0.528881518412994 0.52577895536911 0.519910830072309 0.505893041555204 0.502553407725527 0.513700428089322 0.5214899893327 0.522428346887222 0.521199476768727 0.521428609586372 0.527702097314365 0.532026426806548 0.53505340665851 0.537811653611721 0.528896512340712 0.524529406813832 0.531095088664328 0.528221788212696 0.530844743242923 0.53542930645425 0.535698328253136 0.535388204246765 0.534482761268043 0.526975846961748 0.518901935294499
0.466927729802542 0.467138496781081 0.471964412532918 0.483298007906621 0.490743107921327 0.496899953202055 0.500981178307024 0.500967631576161 0.496293479451183 0.490969786590487 0.493501813029205 0.501072008672756 0.509318206422635 0.515071334703483 0.525885353783401 0.532568088396975 0.537489131855487 0.539692752268928 0.540350962012113 0.542402492601761 0.542816812364828 0.544276565490908 0.549950033638262 0.553806492843344 0.555080973828987 0.55224603304658 0.550758158512686 0.55445081481539 0.556157168987727 0.549941237863152 0.534811100936695 0.52165659213077 0.519849122523914 0.517278052014816 0.504339910505179 0.494094015285132 0.501254105172153 0.511470820955293 0.514602819368935 0.523475096962154 0.526451753837562 0.528688199569956 0.533631875301461 0.534712244440058 0.528299845422752 0.512528155731105 0.516897694492325 0.528068788134496 0.52118629294065 0.522958719801333 0.534038134859429 0.533521286569481 0.517815480820605 0.501996111695242 0.497804270544371 0.50484827977548
0.463501395825712 0.46639891854583 0.473775388849246 0.482030567560379 0.490052988484664 0.496480064087168 0.501202203168398 0.502980644893734 0.502771203271416 0.502750770835877 0.503127074676173 0.510229435658426 0.519023630900905 0.52337913230741 0.526276671995678 0.528432382290693 0.52982051305683 0.531249176628704 0.534278023157603 0.53184450696095 0.528607575480246 0.534758844476161 0.545120067650969 0.548697064262727 0.548896220566901 0.549944255236205 0.549325380569475 0.550824295330557 0.549613577332827 0.546335720661486 0.534498447614223 0.522829106188333 0.526351077094973 0.522775887127952 0.511874309939982 0.509087074470695 0.502401616265809 0.500124808662177 0.511346930643675 0.521872226360314 0.523110647846402 0.523794476903696 0.52695068173144 0.528013862581099 0.515326439290485 0.50961303919838 0.51661469356373 0.514678269238137 0.519408661732582 0.527990221098071 0.533775522193123 0.532552422792464 0.523798189304508 0.514357021634057 0.506281869856864 0.504522871215624
0.457990353171586 0.462496486065016 0.472658828363148 0.482351755005988 0.488634288803874 0.490708820725022 0.495205484410351 0.499533980188249 0.501232157385292 0.500007435936205 0.497394794745516 0.503695150721091 0.51047500738409 0.511066774355551 0.514168780588781 0.517427524004427 0.520604605620006 0.522511104681546 0.522921383458243 0.521270196028263 0.522420779508492 0.533352027411543 0.541472940578947 0.539300432014165 0.540356169999489 0.542709363216479 0.544852067127842 0.546100935166605 0.544592288671839 0.544781940797141 0.542719699874163 0.54142851538871 0.537326280221207 0.527359037483751 0.52290623541316 0.517023260620551 0.504493194638966 0.500705845298317 0.505943262476606 0.50677968239941 0.509976582277414 0.512703133141348 0.516353762914927 0.5245447731356 0.522590485601942 0.524324341047067 0.524924198564557 0.522013916623886 0.523938241542006 0.528548789399575 0.528627549235186 0.527737693857094 0.523573159393489 0.51107053353066 0.496392351907049 0.494231755260675
