layers/veg_krg_sqold/veg5300.asc
NCOLS 255 
NROWS 330 
XLLCORNER -2985163.8955 
YLLCORNER -3022031.214 
CELLSIZE 25000 
NODATA_value -9999 
[rows 150 to 174 of 330, columns 56 to 111 of 255]
-9999 -9999 -9999 -9999 -9999 -9999 -9999 -9999 -9999 -9999 -9999 -9999 -9999 -9999 -9999 -9999 -9999 -9999 -9999 -9999 -9999 -9999 0.439340190235102 0.400416061079928 0.318724148067118 0.209414310882875 0.114344653932298 0.0639022705554204 0.0684811216101322 0.101172862938904 0.124757920373463 0.129320311609766 0.126868834075986 0.121706486891024 0.118673521134718 0.109897926174227 0.0646909517485661 0.0308732460095521 0.0496370156365519 0.0893738461314359 0.107577804959906 0.13274417615622 0.188559105680034 0.185914249837777 0.195204099487039 0.239828000101634 0.284229160179203 0.338887336183645 0.385945427218849 0.385269965152454 0.40686434906843 0.43992643949919 0.44937827824401 0.454102878487962 0.455126502669875 0.45679645094764
-9999 -9999 -9999 -9999 -9999 -9999 -9999 -9999 -9999 -9999 -9999 -9999 -9999 -9999 -9999 -9999 -9999 -9999 -9999 -9999 -9999 -9999 0.421707577669865 0.401193033784557 0.35412140906454 0.279952958147493 0.174580429616294 0.0943052835817642 0.0874608550752386 0.106786225237673 0.122695587428727 0.127820539045056 0.124316851234111 0.118389960602359 0.112857950614357 0.101720489500034 0.0669744416298185 0.0210203989330251 0.0197711566188617 0.0726034090330181 0.0953524171901533 0.111568107905418 0.141926993929363 0.163549823054574 0.203952414354137 0.216054208627174 0.279663407289207 0.341916389387724 0.389290241722968 0.381217262126136 0.399473447772014 0.440604117062576 0.450086770739448 0.454985583177624 0.45813395250511 0.458684991104849
-9999 -9999 -9999 -9999 -9999 -9999 -9999 -9999 -9999 -9999 -9999 -9999 -9999 -9999 -9999 -9999 -9999 -9999 -9999 -9999 -9999 -9999 0.440897365121822 0.42107310040714 0.38167756691763 0.325635877862432 0.216118133846513 0.0845465686585352 0.0468343272740851 0.0948684926765261 0.112418313823523 0.10962010074854 0.122376863097049 0.123992660497357 0.122941420861182 0.109981327824126 0.0590740607975934 0.0234975569131222 0.0491468243827863 0.0663928819045775 0.0619811968551821 0.0957155750283439 0.149295423375523 0.139162753436591 0.177805947238425 0.25054328047845 0.321019488581254 0.364312636261641 0.390227246201409 0.399060411279978 0.41610846371582 0.44308947065277 0.45150616735611 0.456386381897956 0.460747708193464 0.462505982433568
-9999 -9999 -9999 -9999 -9999 -9999 -9999 -9999 -9999 -9999 -9999 -9999 -9999 -9999 -9999 -9999 -9999 -9999 -9999 -9999 -9999 -9999 -9999 0.432805900344904 0.402859357022877 0.358263022719364 0.24776728333197 0.10987648316227 0.0450743072196377 0.0775447029989962 0.122406511949188 0.130816330496408 0.127368836987177 0.127249177260446 0.127050055110123 0.111346059697025 0.0692627951384388 0.0600010798987821 0.0955126577131697 0.0940647234929657 0.112338836253469 0.145194401990706 0.154758326854382 0.144523593957178 0.173462563311703 0.250850322500843 0.296433931404784 0.363442978618306 0.397682981489942 0.410142085310965 0.429590821584843 0.449117050885857 0.456342240997421 0.460951336939903 0.46560077321755 0.467846780103672
-9999 -9999 -9999 -9999 -9999 -9999 -9999 -9999 -9999 -9999 -9999 -9999 -9999 -9999 -9999 -9999 -9999 -9999 -9999 -9999 -9999 -9999 -9999 0.430038432535603 0.426435771523136 0.398936651717083 0.286774266810237 0.152122051241183 0.0818015942215698 0.0811471758033407 0.124897635245242 0.132685934788701 0.132140763082414 0.132002652003573 0.131415393690485 0.117622992818054 0.0952768418297613 0.0990884611202024 0.104593044704017 0.118617701674392 0.161944630244185 0.165020850851967 0.157911098527017 0.169899554080723 0.226551764396327 0.28622049569419 0.313483599172495 0.375638860337504 0.391574933311935 0.400537585742824 0.428787652885232 0.449999022882417 0.459413930483377 0.465619418708993 0.470822197888345 0.47391865339058
-9999 -9999 -9999 -9999 -9999 -9999 -9999 -9999 -9999 -9999 -9999 -9999 -9999 -9999 -9999 -9999 -9999 -9999 -9999 -9999 -9999 -9999 -9999 0.436434790767186 0.433748525992069 0.417241135872451 0.312058009881757 0.161403283309881 0.0869194742748773 0.0878712675330902 0.127200952999855 0.132602678037669 0.131947160797907 0.132416490107708 0.132209975029963 0.119836544550635 0.106732412976341 0.0976281297195321 0.0934845139109773 0.0995579607260875 0.147940009653479 0.179384787663922 0.155363493933097 0.176143479704281 0.234068242998749 0.319276953390838 0.364452224432805 0.389160595838719 0.387593796522967 0.400817446849864 0.426198696176788 0.453050749845683 0.462729196975492 0.468605648961392 0.474251918534975 0.477776968090377
-9999 -9999 -9999 -9999 -9999 -9999 -9999 -9999 -9999 -9999 -9999 -9999 -9999 -9999 -9999 -9999 -9999 -9999 -9999 -9999 -9999 -9999 -9999 0.440342692459662 0.437077375740504 0.434697817584633 0.355310711210657 0.187432265502908 0.0993844785699867 0.103720264397429 0.115635718960418 0.129983495820697 0.129072447034375 0.129129001589153 0.133406150650682 0.130876713705641 0.124389570008128 0.105687208131497 0.0953603770737404 0.115674997419989 0.160940138643294 0.197758797726122 0.180785656483227 0.167475856820027 0.212045035132472 0.299475238771506 0.379662243287652 0.411929213147742 0.403432299069711 0.410164288876092 0.440715915003692 0.460327904946101 0.469944908436114 0.475233170364476 0.479897441820861 0.483085591635554
-9999 -9999 -9999 -9999 -9999 -9999 -9999 -9999 -9999 -9999 -9999 -9999 -9999 -9999 -9999 -9999 -9999 -9999 -9999 -9999 -9999 -9999 -9999 0.448703029877821 0.440120428241652 0.431912380242611 0.382395903987889 0.219223642981894 0.0943840906798957 0.083131961820006 0.092041255550644 0.118639672376446 0.122077234257808 0.122025774962668 0.131411367873694 0.12873392771117 0.121607690162529 0.109249842892819 0.0998244943283404 0.131029691837248 0.189751508337505 0.196848321705128 0.195600574539922 0.201988323921949 0.242287400573248 0.333004690811826 0.390630678956596 0.433294782972556 0.43006490525315 0.435956943745315 0.458063095893181 0.471454493815223 0.477929074002779 0.48236158921609 0.485391950928017 0.487412406324169
-9999 -9999 -9999 -9999 -9999 -9999 -9999 -9999 -9999 -9999 -9999 -9999 -9999 -9999 -9999 -9999 -9999 -9999 -9999 -9999 -9999 -9999 -9999 0.447183634251834 0.441188148798455 0.439057374037667 0.396916781364069 0.234692851271589 0.0843101300228733 0.0625131219369698 0.07364510792252 0.087085153873362 0.109433027773416 0.118253040154571 0.114758577555805 0.118238127782622 0.115190906241341 0.09401635405011 0.0824559812969415 0.0939329749383897 0.131797321681526 0.167616629839562 0.191639313453946 0.197905159654284 0.22799052261368 0.311193731256087 0.362399092484151 0.417858900108856 0.45536018120417 0.465798227270425 0.476272779213094 0.478835026637891 0.484289128520935 0.488552455782214 0.490528271602145 0.491609955137688
-9999 -9999 -9999 -9999 -9999 -9999 -9999 -9999 -9999 -9999 -9999 -9999 -9999 -9999 -9999 -9999 -9999 -9999 -9999 -9999 -9999 -9999 -9999 0.446443572586166 0.448212357878635 0.450985818896777 0.415198332111573 0.273775789817913 0.120113788982378 0.0772275846423313 0.0937404595486098 0.10036616731329 0.0911946502330935 0.0995622980073786 0.113536527133643 0.118444518547849 0.108087087351648 0.0857607919077873 0.0772551268644837 0.0944824715468318 0.131609772439476 0.165316301419244 0.18153183359111 0.198474808432836 0.241007592249496 0.289851346739074 0.336267769534781 0.404493360633811 0.444670309978595 0.471479385643023 0.486696937288783 0.487705295493774 0.491914685041228 0.494835107746504 0.495811591660139 0.496483262642094
-9999 -9999 -9999 -9999 -9999 -9999 -9999 -9999 -9999 -9999 -9999 -9999 -9999 -9999 -9999 -9999 -9999 -9999 -9999 -9999 -9999 -9999 -9999 0.445849599913399 0.452133373451353 0.460196382601489 0.429840635637733 0.291258406308958 0.14326992560844 0.113395335353613 0.0929874755353092 0.0526068133631947 0.0419654080220767 0.0724347465324216 0.102394552851809 0.113337592984868 0.0929815917750485 0.0729251288789648 0.069805388684927 0.102649383706984 0.163289134264146 0.18703148885405 0.154330328780822 0.157740869046204 0.252203644633255 0.318865137763577 0.351458298711222 0.393602980186301 0.413212834300219 0.458165562433841 0.48667230102102 0.49314713002939 0.49889788366373 0.499654971671993 0.500273207496797 0.500626536956582
-9999 -9999 -9999 -9999 -9999 -9999 -9999 -9999 -9999 -9999 -9999 -9999 -9999 -9999 -9999 -9999 -9999 -9999 -9999 -9999 -9999 -9999 -9999 0.442534275620909 0.445338143774848 0.444982767204186 0.42303521140293 0.294367402160563 0.155930920723858 0.0999342665386349 0.0682419409071633 0.0737423748680417 0.0534440806723515 0.0483261984594854 0.0910156882024111 0.102553163604899 0.0773692701913714 0.0536025142956048 0.053800689129985 0.109721890672039 0.158883082137779 0.157672461764269 0.147115728400604 0.163413520353564 0.264665923997654 0.339753190160994 0.381277006589958 0.407109986997777 0.427134757228544 0.46108590628826 0.487549407430981 0.497305851399129 0.500642068680183 0.501129515591812 0.501710352835634 0.502135822065394
-9999 -9999 -9999 -9999 -9999 -9999 -9999 -9999 -9999 -9999 -9999 -9999 -9999 -9999 -9999 -9999 -9999 -9999 -9999 -9999 -9999 -9999 -9999 0.404629576389542 0.402493989900325 0.406506872942006 0.403250191560844 0.281019264098644 0.161602261954357 0.132969574346986 0.0920925922057293 0.0471433113346236 0.0203501404391022 0.0448230381930129 0.0791359779873086 0.0500197512548805 0.0332198105707843 0.0562239528430536 0.0892982771009044 0.108446527924588 0.129354906512989 0.147039462762142 0.143824418457938 0.171103660805871 0.257759504620689 0.347994182095443 0.41509451146514 0.418448519648028 0.448591027940114 0.479914231021452 0.495478601573771 0.502451576556849 0.504050839935694 0.503944469676473 0.504012589128089 0.504042076954678
-9999 -9999 -9999 -9999 -9999 -9999 -9999 -9999 -9999 -9999 -9999 -9999 -9999 -9999 -9999 -9999 -9999 -9999 -9999 -9999 -9999 -9999 -9999 0.377098794911338 0.371629701448202 0.400432263863342 0.399913204705183 0.292939142254013 0.180370371718206 0.144656811271642 0.114111425651183 0.077522589415749 0.0527959474411316 0.0348805413130779 0.0519647281976581 0.0450245254927462 0.030557422026034 0.0527510068626762 0.100691036430944 0.122985484520529 0.134117296501612 0.133596176869746 0.116088074802699 0.155538044834216 0.273811457747774 0.371217103589706 0.435611401506418 0.453757354118304 0.469892782283406 0.491574836822582 0.500401844285404 0.505559205721886 0.507016660078578 0.506741791297366 0.506313408325172 0.506097298374437
-9999 -9999 -9999 -9999 -9999 -9999 -9999 -9999 -9999 -9999 -9999 -9999 -9999 -9999 -9999 -9999 -9999 -9999 -9999 -9999 -9999 -9999 -9999 0.394200278213582 0.390589293842365 0.398662707639133 0.398618736576926 0.307207093314719 0.232656496475565 0.238359562727881 0.208295406776936 0.143586505785059 0.0686357495377567 0.0146637190654591 0.019081554178126 0.0314796688079649 0.0389637748449186 0.0793435831916002 0.109610273156118 0.118076007512613 0.137251618603695 0.129715548935621 0.11450606773005 0.14517076308594 0.277886394847751 0.414200759203043 0.450728183984795 0.460294111030018 0.478896776178877 0.499198210267435 0.503964629262694 0.507903089165804 0.508969264414634 0.5086206520504 0.5081181106219 0.507793060344263
-9999 -9999 -9999 -9999 -9999 -9999 -9999 -9999 -9999 -9999 -9999 -9999 -9999 -9999 -9999 -9999 -9999 -9999 -9999 -9999 -9999 -9999 -9999 0.388450741320136 0.380616209724072 0.392856060017657 0.396025278789891 0.331302765458835 0.272260319587787 0.250760771844088 0.191681431976083 0.121778549210748 0.055960700214157 0.0149647762250406 0.0239183121454391 0.0199863338029207 0.023971493041141 0.0574585393844334 0.0884031246185988 0.115085027161838 0.141694188913814 0.132190539437633 0.133872420985802 0.205278682670235 0.331158896290426 0.43875486825464 0.475041190579571 0.486082025513418 0.491979920960126 0.506256452717355 0.509271661012874 0.51126602662545 0.511640565888955 0.510913638373795 0.509937273858609 0.50937716605858
-9999 -9999 -9999 -9999 -9999 -9999 -9999 -9999 -9999 -9999 -9999 -9999 -9999 -9999 -9999 -9999 -9999 -9999 -9999 -9999 -9999 -9999 -9999 0.40875685692898 0.392000136848681 0.3868940441457 0.389085801569683 0.332010333828374 0.264299063725264 0.232402779795322 0.204710338485322 0.175301873529033 0.0975959589887225 0.0197044678320713 0.0115856405804943 0.019787667747843 0.0294238293167841 0.0500140839832887 0.0655286246858162 0.101421938265907 0.151578764637721 0.138671780434579 0.169719020438566 0.257248892645365 0.356593725406442 0.45495023076056 0.479800804047519 0.494451624215129 0.504255566134661 0.512663920671387 0.514126674280411 0.514432250370793 0.513858344666689 0.5129037847183 0.511885945991379 0.510946497862302
-9999 -9999 -9999 -9999 -9999 -9999 -9999 -9999 -9999 -9999 -9999 -9999 -9999 -9999 -9999 -9999 -9999 -9999 -9999 -9999 -9999 -9999 -9999 0.420644117559523 0.407321522965083 0.39115628533071 0.382073787818426 0.322003940949336 0.260055973760393 0.240976139669346 0.243060142444285 0.262307427685675 0.171685999175301 0.0459083948619896 0.0277519300159247 0.0381166627470401 0.0371113940435255 0.0421923726711354 0.0453619369569005 0.0948461186102057 0.144561422921793 0.142287755518954 0.106180942072805 0.134751615009716 0.316182878337578 0.463994689728392 0.49571875091285 0.499026214398064 0.511352096091287 0.516110790977044 0.516388868630305 0.515990104255517 0.515181943559893 0.514228222252028 0.513068563302159 0.512076772170677
-9999 -9999 -9999 -9999 -9999 -9999 -9999 -9999 -9999 -9999 -9999 -9999 -9999 -9999 -9999 -9999 -9999 -9999 -9999 -9999 -9999 -9999 -9999 0.482935185107829 0.411336180136161 0.392844228291903 0.37781105728102 0.329022361575491 0.244247203290381 0.21708767631664 0.261578999611309 0.29185130283055 0.198551586138063 0.0546193116042695 0.0255172168751232 0.0450035728030366 0.0679250257520041 0.077791498618084 0.0800096418461266 0.123097007150611 0.13977075523595 0.133692363197888 0.143350093146787 0.151630799617197 0.291674600106511 0.460662529154488 0.501145611017688 0.509508383936704 0.515401302109229 0.516504192936028 0.516850475953282 0.516598971546286 0.516082684852552 0.515281797976259 0.514138732489787 0.513275230801344
-9999 -9999 -9999 -9999 -9999 -9999 -9999 -9999 -9999 -9999 -9999 -9999 -9999 -9999 -9999 -9999 -9999 -9999 -9999 -9999 -9999 -9999 0.534388561515742 0.483580439390987 0.41791558352739 0.405409086979704 0.376213329328872 0.307256277616758 0.240737836133471 0.238950442002547 0.274138791172644 0.296043648613142 0.217325121026796 0.0890241705175936 0.0437744029497347 0.0525070341626687 0.0859242837775526 0.0975256930121012 0.102793802668093 0.131703372208362 0.14113524609312 0.142781039963427 0.156653013406813 0.207929304342512 0.325610140511618 0.448398908220027 0.506627387728022 0.511868090690077 0.513467347587616 0.516556933988477 0.517305898297489 0.517079150884049 0.516598998166147 0.516026582540509 0.515014524956138 0.514005764395668
-9999 -9999 -9999 -9999 -9999 -9999 -9999 -9999 -9999 -9999 -9999 -9999 -9999 -9999 -9999 -9999 -9999 -9999 -9999 -9999 -9999 -9999 -9999 0.498734041924029 0.452243747992786 0.429184408267416 0.378498573504141 0.31907817295149 0.284042664879453 0.277265709218712 0.285394467882237 0.297010540155949 0.219549636005294 0.0943893543410705 0.0489362795530765 0.0508933548834214 0.0849293867317646 0.1018944959376 0.112854420487881 0.151694429743766 0.159360561488736 0.149020684785384 0.193390295869894 0.319112687339557 0.432891343299276 0.484908602910773 0.505063702807149 0.502301160844132 0.507907162950967 0.516794021718541 0.518260439656995 0.517785205719298 0.517349472744464 0.516777210021013 0.515681048298878 0.514691325716744
-9999 -9999 -9999 -9999 -9999 -9999 -9999 -9999 -9999 -9999 -9999 -9999 -9999 -9999 -9999 -9999 -9999 -9999 -9999 -9999 -9999 -9999 -9999 0.482680907577977 0.454643600034941 0.441428632143104 0.396012983193341 0.319240248869287 0.283649176339733 0.279303498693298 0.278386816607413 0.290744144960331 0.221514384601469 0.0802138238080252 0.027187290247858 0.054577735112167 0.0868282148865002 0.102960445946963 0.11521264650501 0.150571671416024 0.148040095486039 0.143923935825551 0.237648030707549 0.373382466938216 0.457538163866715 0.494415889054134 0.490460888108203 0.496711803431803 0.508761318351014 0.518004905664453 0.518850665902992 0.518197878773049 0.517670353859434 0.51703384165983 0.515948250991121 0.514882878561658
-9999 -9999 -9999 -9999 -9999 -9999 -9999 -9999 -9999 -9999 -9999 -9999 -9999 -9999 -9999 -9999 -9999 -9999 -9999 -9999 -9999 -9999 0.495046880834689 0.481687017483986 0.465479028008939 0.464634692842343 0.414932438093528 0.318310271157941 0.26226099003483 0.247784338383761 0.227782322217086 0.23351423396473 0.181334524645131 0.093172482312545 0.0633029449453681 0.0698918140302568 0.0973406628403194 0.0859966205360884 0.0879150370146152 0.111501637415175 0.099395540869186 0.14502764023564 0.291214385212166 0.411058472187059 0.468274265416073 0.449042899288847 0.419199257861647 0.477701975816506 0.509482203256861 0.518113430689084 0.519347985839283 0.518872736637914 0.518012562367714 0.517283296499256 0.51631780113168 0.515255062132366
-9999 -9999 -9999 -9999 -9999 -9999 -9999 -9999 -9999 -9999 -9999 -9999 -9999 -9999 -9999 -9999 -9999 -9999 -9999 -9999 -9999 -9999 0.477561927335534 0.455538428633185 0.430860485848061 0.437910009800037 0.405824568470938 0.316438722685053 0.22318332540394 0.189732650346919 0.198567851837059 0.181610222903493 0.112356908804792 0.0981550027484084 0.11502499006755 0.0846185885222534 0.0672314220497373 0.0238116130659887 0.0486336586922324 0.0943216880482837 0.142083367396584 0.176288156199836 0.293585568518844 0.425947260848143 0.45726565847545 0.444289682096834 0.40550050126659 0.462372525445063 0.510252991143585 0.516625504730963 0.51818365792201 0.518202222715297 0.517759619919242 0.517411042418555 0.516508960049945 0.515566781823583
-9999 -9999 -9999 -9999 -9999 -9999 -9999 -9999 -9999 -9999 -9999 -9999 -9999 -9999 -9999 -9999 -9999 -9999 -9999 -9999 -9999 -9999 0.471293736288431 0.424907134002438 0.38843352298517 0.414718087899877 0.383587173051317 0.278077949308805 0.19836687472573 0.171407232064131 0.142025720654803 0.107415343954228 0.072899474923564 0.106346713170252 0.142807735945374 0.124666413504227 0.0715672707414249 0.0517568793136226 0.0526825878605153 0.0570487665532952 0.141584151024608 0.193921223166845 0.285921788364306 0.438411986919713 0.467297900048857 0.418488901657423 0.402450369381194 0.483347315494236 0.509595735585583 0.514890801855328 0.516616695291087 0.516842042189723 0.51669162069695 0.516699441709625 0.516238288588066 0.515534064524335
