layers/veg_krg_sqold/veg5900.asc
NCOLS 255 
NROWS 330 
XLLCORNER -2985163.8955 
YLLCORNER -3022031.214 
CELLSIZE 25000 
NODATA_value -9999 
[rows 75 to 99 of 330, columns 168 to 223 of 255]
0.644741458220528 0.638326714603047 0.632023109350359 0.62425821134096 0.619468009313562 0.6145455678909 0.608703400384125 0.604021890959916 0.599282710993722 0.594992242595057 0.592736330603594 0.592008904588239 0.592607637960313 0.592551885993071 0.591993089467772 0.592524954472594 0.593044716143393 0.594477016089385 0.595017392738931 0.594386238021026 0.595598153160333 0.5967139667642 -9999 -9999 -9999 -9999 -9999 -9999 -9999 -9999 -9999 -9999 -9999 -9999 -9999 -9999 -9999 -9999 -9999 -9999 -9999 -9999 -9999 -9999 -9999 -9999 -9999 -9999 -9999 -9999 -9999 -9999 -9999 -9999 -9999 -9999
0.637078669920114 0.630834637832185 0.625167489919155 0.618648657877256 0.613929190257225 0.609600552881581 0.606033472007335 0.602306546542172 0.595457361903433 0.590909442971814 0.590797836096971 0.590820237151243 0.590041797616072 0.588890784455067 0.590396444864429 0.593302826888177 0.594867795887445 0.594563985511876 0.595041969770583 0.596501774435129 0.596985702806357 0.597753632753528 -9999 -9999 -9999 -9999 0.600829053939474 -9999 -9999 -9999 -9999 -9999 -9999 -9999 -9999 -9999 -9999 -9999 -9999 -9999 -9999 -9999 -9999 -9999 -9999 -9999 -9999 -9999 -9999 -9999 -9999 -9999 -9999 -9999 -9999 -9999
0.626268567487681 0.620286685363056 0.614690501955212 0.609626763544794 0.605247390641873 0.601313480578601 0.596636427981619 0.592429022450702 0.588669061275567 0.584330202170874 0.585529814063623 0.588042609148427 0.585646294759309 0.584053339795639 0.585961713712592 0.590378224662828 0.592749856532043 0.59340314108113 0.594396535733893 0.596666743827246 0.597948561129189 0.598263142703017 0.598239683068047 0.600012175338132 0.599754265650177 0.599462835217734 0.600631170376204 0.598846025598263 0.597592081052257 -9999 -9999 -9999 -9999 -9999 -9999 -9999 -9999 -9999 -9999 -9999 -9999 -9999 -9999 -9999 -9999 -9999 -9999 -9999 -9999 -9999 -9999 -9999 -9999 -9999 -9999 -9999
0.614608068410913 0.609424729142434 0.60477990757976 0.599806416527429 0.596824428706782 0.593272668375935 0.588191925418768 0.584976441862079 0.580965249627511 0.578199097000128 0.581068342385964 0.583619811386287 0.582081178111162 0.58203955536742 0.584925701561993 0.588959708729072 0.59053120209383 0.59126596994629 0.593954030789193 0.596469804815366 0.597755137702467 0.598442374875942 0.598154343320895 0.597740147081715 0.597600957466251 0.598506993262444 0.598493356959016 0.597592527523325 0.597621039630008 0.597944929928496 0.596050978568289 -9999 -9999 -9999 -9999 -9999 -9999 -9999 -9999 -9999 -9999 -9999 -9999 -9999 -9999 -9999 -9999 -9999 -9999 -9999 -9999 -9999 -9999 -9999 -9999 -9999
0.605062051442472 0.600536992335562 0.596697860379306 0.593268201814993 0.591532645466259 0.588028993773383 0.583580988073591 0.580389263852529 0.57837407040622 0.576811414442087 0.577355324287804 0.580293392494678 0.58010642163678 0.581488703096901 0.584088503863868 0.586915780651047 0.588074104508428 0.590060826280643 0.592979910224126 0.595627998726963 0.597434421285649 0.598011881260173 0.59797511481619 0.596914479821933 0.596001454551217 0.596674395092984 0.596405601545154 0.596639379641551 0.597387893178437 0.59722129376918 0.595554507804292 0.591818321793755 0.588541672594484 0.585990363492806 0.583503582122044 0.581507695253812 0.578049149338007 0.575422354291339 0.573258781359507 0.571153919651455 -9999 -9999 -9999 -9999 -9999 -9999 -9999 -9999 -9999 -9999 -9999 -9999 -9999 -9999 -9999 -9999
0.591110082760777 0.587452240449943 0.582653203991887 0.578424870789395 0.576726130075375 0.575556169150916 0.573094265970163 0.572166656635063 0.574078806283475 0.57479704287067 0.572624050738706 0.573000978418455 0.576307532055148 0.578530669652575 0.581526949411203 0.585020016411192 0.588068163584751 0.590375084432694 0.592615718448755 0.594071231551531 0.594966397249766 0.595418583388788 0.595889351459056 0.595174152019782 0.593424727187617 0.593343130030806 0.593614211960034 0.593457110689969 0.591928722351804 0.590684190895424 0.590295257865588 0.589984845283652 0.588348539015539 0.585683420164349 0.583313520112541 0.581276321436584 0.577820649511391 0.575175801147156 0.573016196039066 0.570949648059365 0.568039468852003 -9999 -9999 -9999 -9999 -9999 -9999 -9999 -9999 -9999 -9999 -9999 -9999 -9999 -9999 -9999
0.577103557110499 0.574967593187113 0.572219431353861 0.569854700138393 0.56873415264337 0.567020897370913 0.565533417304287 0.567023601134504 0.568361201889583 0.566094652317541 0.562970459461397 0.566432195148104 0.573074813116494 0.57649349200394 0.579568638332147 0.583388128249376 0.585611007950129 0.58744467438375 0.590177382783211 0.592012130915012 0.592191658514258 0.591712981576738 0.59256000982301 0.59396374614393 0.59353919648519 0.592534339040393 0.591357300027975 0.589836526947089 0.588635919404536 0.587986337858142 0.587000145203042 0.587725516818674 0.586148958523703 0.581791553449052 0.580519544556423 0.578482363071056 0.575161751527146 0.572528708961381 0.570420334522486 0.568737514397067 0.566750969825617 0.56414325727286 0.562257645651328 -9999 -9999 -9999 -9999 -9999 -9999 -9999 -9999 -9999 -9999 -9999 -9999 -9999
0.568869367258662 0.56606124657846 0.561727327585519 0.557784822968466 0.558238870489935 0.560728404258743 0.558879059796738 0.557474298131363 0.558823200449544 0.558122545986072 0.552188295467675 0.556069925484493 0.566516679902703 0.572204420691136 0.575628681058031 0.580688091769898 0.583210016882769 0.584988398956569 0.588347212796804 0.589809876892192 0.589923639017019 0.590203346204422 0.590492747117555 0.592096209962718 0.591670567318149 0.589947168058323 0.589863414924313 0.58887354074008 0.589214259724231 0.589934448666865 0.589219910971536 0.588016460219892 0.58303024071967 0.57309197575992 0.569614326371683 0.570672493826072 0.570288722603536 0.569748367117248 0.567659348039873 0.566083352609515 0.563215245036205 0.562069901630488 0.562029595153056 0.561091734278907 -9999 -9999 -9999 -9999 -9999 -9999 -9999 -9999 -9999 -9999 -9999 -9999
0.557666740108771 0.55502103825199 0.553191283466937 0.547557348880579 0.546790016167345 0.550124846556961 0.549695310932684 0.55354636353969 0.553368673548395 0.549834320735954 0.549668225175466 0.553936690114649 0.562349807103411 0.565563645242657 0.570474529191337 0.576343317830342 0.579489863967477 0.582817834099117 0.586079083261436 0.587734628955845 0.58815615493357 0.589341280048469 0.589110539489417 0.588781129005737 0.590790385790048 0.589791266417517 0.587595869232223 0.587413551403704 0.589738873292578 0.588948865087241 0.585601059543191 0.585664587207465 0.580644370339836 0.571167135060462 0.551950699248094 0.542406265681538 0.55949957348735 0.562389333668439 0.559011926151202 0.558701338353223 0.559096527792577 0.559870038289482 0.55857416456644 0.556509155636549 0.555530383448173 -9999 -9999 -9999 -9999 -9999 -9999 -9999 -9999 -9999 -9999 -9999
0.540558642350978 0.538230185948247 0.538954112221904 0.536856230346095 0.532545570993819 0.534268140165392 0.53938114877903 0.541438311614633 0.541279427983804 0.544670800877025 0.547974516808599 0.549510387902749 0.551207375961249 0.556127426731607 0.563124684792208 0.569397825875267 0.574808107531894 0.57839371711764 0.582157961060498 0.584187168754931 0.584536675572346 0.584802330821292 0.584648245800716 0.584841100670281 0.58543082009619 0.585325138491217 0.585222594086614 0.585352776467451 0.585273391655659 0.583389675829608 0.581705826307798 0.582313756522304 0.578278935853387 0.570082607058247 0.557433042956918 0.533167272739455 0.538152117810943 0.554835441152385 0.549398373955615 0.55579520672646 0.557432471959604 0.551656094371446 0.546001872382939 0.548594844153355 0.555494692238293 0.554780029226037 -9999 -9999 -9999 -9999 -9999 -9999 -9999 -9999 -9999 -9999
0.52442006645863 0.521912542379683 0.524823955647157 0.526107468679905 0.524129275159425 0.522538095508671 0.526535123916296 0.531445814443806 0.534482937023179 0.538018977809566 0.538311353401084 0.537722794335217 0.537772248552584 0.542623493913188 0.551324383816598 0.560522925638534 0.568502718134419 0.573491358755586 0.577348846786181 0.579319118274566 0.57989647960692 0.580510542988094 0.581951134446583 0.58282968113009 0.580785132968746 0.580919851003569 0.582723713259031 0.583008216615478 0.581697139425266 0.580199015158822 0.576828854825521 0.575203203626231 0.575346908362993 0.569987294911468 0.561748175569841 0.532930820815748 0.526464036403919 0.555248858011193 0.559168326150745 0.557415106855762 0.552640033254756 0.545925629529374 0.539667645685787 0.54597354747636 0.554738529279961 0.553359867911295 0.55303754899984 -9999 -9999 -9999 -9999 -9999 -9999 -9999 -9999 -9999
0.518177291949444 0.517131181832036 0.513947557996636 0.514112274022287 0.517064581513673 0.516361750248323 0.520781925818643 0.524751941813134 0.526117822014383 0.529621490344013 0.532590666308455 0.535851247792844 0.535708388320087 0.542581178703752 0.546831687930816 0.552074485960673 0.561302165877409 0.567929694095691 0.572303169394869 0.574574457507822 0.575752514501302 0.574894363014218 0.57748172445892 0.579943778426357 0.57850938627435 0.577794285909156 0.579488125844946 0.581293476101861 0.579066240126788 0.577100454266284 0.574583444851205 0.571238059276828 0.568057896263733 0.564694684851978 0.559873211853189 0.528717586730622 0.519707471125871 0.550795661628585 0.556113603287537 0.552509560838677 0.54502953899614 0.541205735116484 0.542987168560675 0.548072820902622 0.549392657627811 0.548640139152902 0.551032614547768 0.550968435078092 -9999 -9999 -9999 -9999 -9999 -9999 -9999 -9999
0.508934010277285 0.511550473471823 0.513981877993465 0.514654859782314 0.51324019003589 0.51135630572659 0.510480254630573 0.511401810807485 0.516461387716639 0.524121053982371 0.527693274539666 0.528800205609187 0.531434433092378 0.538343287269443 0.541095355267952 0.54618597926773 0.549552839328937 0.553756548557242 0.563302946250722 0.568837243697285 0.567938564540965 0.568902848436884 0.572386218997114 0.575311438314969 0.575699030579337 0.574371338474902 0.574500829681972 0.576602154309121 0.575375354226203 0.573499284680091 0.570901022131144 0.565980539425023 0.550599613313337 0.535687586528267 0.5324297484591 0.517867084675589 0.520838480696686 0.545437118142411 0.550348206646969 0.545662791704027 0.539921746034691 0.532103158105181 0.535273284780785 0.544260899018864 0.534822542481429 0.529394544568202 0.542619445078902 0.549171910631122 0.548580637212888 -9999 -9999 -9999 -9999 -9999 -9999 -9999
0.497562321848434 0.501577659250582 0.505079611668627 0.508613318931599 0.512888820096874 0.515799289974804 0.515710411280794 0.509982232766974 0.50961583635604 0.51691682544289 0.517063914151182 0.52107079908921 0.529018046548247 0.533035999455397 0.538442273534269 0.542182058527107 0.543215175260177 0.549901320251248 0.560062611596703 0.563328218630065 0.561206146229501 0.563695611969164 0.566080664759197 0.568700534257346 0.571311458990516 0.572202511624293 0.572081051425552 0.571784969225757 0.568507137184705 0.567062149408611 0.565794104444755 0.558407671125446 0.548084780194407 0.543265274563255 0.543198795467253 0.525837214530847 0.52485955108719 0.543797305695226 0.538492850597496 0.531944019235042 0.529108794642554 0.508284480962912 0.508037608706872 0.530145977933302 0.524894749401335 0.530971184633747 0.545274603457531 0.547922325231951 0.54782803974598 0.547841091526417 -9999 -9999 -9999 -9999 -9999 -9999
0.487657809470739 0.490766166459236 0.49580693154508 0.501305813013893 0.50394551367961 0.507614533223101 0.51341045554985 0.515494545532886 0.513523136986152 0.513251643042337 0.514829400647681 0.52171290793 0.532386126626847 0.536995960652867 0.53581674492217 0.5362173757018 0.542234783545915 0.549523178437433 0.555263753776037 0.559441665645682 0.558958564348366 0.559725559708936 0.56303917320845 0.566286676742669 0.567033653468661 0.564750999535808 0.567470564178809 0.569478155928338 0.564553527219676 0.563122048269576 0.56353741591896 0.55879002912726 0.551428520512993 0.544362002836548 0.540485816618916 0.532664135719919 0.527798523854611 0.536742583642712 0.533253461537667 0.513671008267311 0.50209177908759 0.51469518918551 0.524407700671417 0.531887534589491 0.539094996987975 0.541854786863734 0.544795651834357 0.546363978085019 0.546415197538734 0.547298466890536 0.545973795279994 -9999 -9999 -9999 -9999 -9999
0.476079617496375 0.478818316812313 0.484749170737675 0.491735186210473 0.492364255789604 0.495729626345771 0.505073926375049 0.509050200495123 0.507208807339056 0.509792400062496 0.516101309158777 0.521471464522657 0.527784653853973 0.530227121371184 0.53208931278162 0.537350365935466 0.542684117950968 0.546870476547504 0.549073051388155 0.550153590149082 0.55157447565597 0.55515153146608 0.557973296561217 0.559049637316432 0.558339435240423 0.5585335974504 0.563092270368216 0.566137893439211 0.564437454742984 0.561246580081575 0.559042155373847 0.557101533527114 0.551441414360942 0.544479192044809 0.537112183095183 0.527704066186409 0.528953329750361 0.533891832956747 0.525693537826383 0.51376231056318 0.513746085582693 0.523230931894264 0.52622122567259 0.530485116347108 0.536997601215663 0.539692244220463 0.542152445506531 0.543924831590092 0.544735557447814 0.546683671006545 0.545836344800998 0.544145057246494 -9999 -9999 -9999 -9999
0.466578071508066 0.468482715348268 0.474324742059933 0.48250079668981 0.482608543370623 0.488985886685257 0.499604824180387 0.504127864209907 0.502982064330813 0.503989795958715 0.507864881408894 0.512452756012185 0.519562940594194 0.523772606056659 0.52677482536142 0.531760638341488 0.535626766068207 0.538283053286728 0.541514060755056 0.540545508353976 0.542450661614454 0.549589647431875 0.553498961617336 0.554579118353188 0.554343307247777 0.557095614246142 0.560314350700411 0.558565868056551 0.560043016866502 0.560178361995433 0.558394434058108 0.554915651198526 0.544370079808445 0.534966660209837 0.521602178685443 0.515949070085813 0.528199925492653 0.531530004510832 0.521906292692067 0.516020196517361 0.522013317819053 0.528084683375081 0.527532961124754 0.528364026763283 0.53577304280618 0.537924434096248 0.540026538681779 0.543111742451548 0.54400977446209 0.545435049922067 0.543962327353236 0.543204553622132 0.544619896103165 -9999 -9999 -9999
0.460451459032552 0.454831190049234 0.457938559728305 0.475792212858416 0.475633411185701 0.482558453697884 0.494795963433342 0.499821610252247 0.500493891593732 0.501461460619467 0.501975815771981 0.506632304891768 0.511791129984452 0.511218765308959 0.51692026312127 0.524894371682316 0.527928722089559 0.530943838177057 0.533506305528411 0.531009857909675 0.532340601366613 0.541863210662055 0.547220137461714 0.550262735298924 0.552324996290389 0.555599657077882 0.555291416601099 0.549425095010214 0.55227796091987 0.55927898972293 0.557222713556168 0.551640808605123 0.540944110779876 0.531635553360459 0.521574682111467 0.515995956817732 0.525958243885285 0.529775624065967 0.525780768683306 0.512290633951323 0.501326336968505 0.514749435229446 0.530462462261093 0.535228393934468 0.538401554648931 0.542257992322079 0.544396035283469 0.543889424365178 0.542803311423041 0.540232300743652 0.538917691585663 0.541547961061184 0.538457177458955 0.537428920816573 0.543567759735083 0.542584508422063
0.45451207844098 0.458198014150193 0.462095574970059 0.467697853875029 0.465950579137071 0.474165299231616 0.486862887124573 0.491592669967974 0.49138191189131 0.493141615751258 0.498310566879285 0.5026112226325 0.502025595087667 0.502224576871118 0.508772955985855 0.514868681145044 0.516217568702657 0.520258990489139 0.525365553328644 0.531275060448144 0.537704450303893 0.536578427875525 0.54009166857237 0.542389744595933 0.547280694698469 0.553052680010583 0.549857370590759 0.545479163478909 0.548249478863317 0.551210101457571 0.551214426039493 0.545835725760903 0.536470071203876 0.52464857230052 0.50915402594907 0.503803653340661 0.516105223326124 0.522491373623185 0.5152410562969 0.511954756335207 0.516920437980895 0.524735758858186 0.533307066324895 0.535708425836003 0.536969370748939 0.538502253011423 0.541090522512218 0.542082536595073 0.538951616359499 0.537595717783796 0.539622886747949 0.539007875723677 0.534439518950617 0.537729153580261 0.543150342725524 0.54204310947725
0.45037900356507 0.454761781234376 0.457415534545729 0.460402557907033 0.459270976849338 0.467490602133214 0.480860100127911 0.48678113244847 0.486369729347018 0.484194586834127 0.489646405305426 0.492297259519855 0.487629015978886 0.489144204317905 0.497676561015319 0.501233067861912 0.503375618710237 0.507908575964282 0.516828842331066 0.526066929457688 0.527030641451674 0.525511301601277 0.528614582353801 0.530231923309249 0.541503631235662 0.547265781379291 0.547645390780661 0.543538764506436 0.539768073034042 0.546304039478579 0.545798422416844 0.534712046376226 0.525202097405972 0.518334323402563 0.502556134691533 0.498044717627879 0.508172454829782 0.515802580888666 0.514705049695786 0.512387548391189 0.519779516114307 0.527937137187153 0.53004852085695 0.532016567583509 0.535844972829514 0.535563522297241 0.535194002449889 0.537391571078905 0.535217500622533 0.539114456474205 0.540271963299724 0.537648989571357 0.538745605580524 0.54047911229643 0.538680667698831 0.536181780187103
0.445956269008001 0.451662841905685 0.45378288763227 0.457480506790362 0.457570318388261 0.464550008441308 0.476991577548005 0.48037911984952 0.480081636862534 0.479272378635649 0.483245739710914 0.489595309735162 0.488770859667887 0.486578202209933 0.491260633560903 0.49385780195836 0.498807098338286 0.504410161347099 0.511921331892178 0.521813593833797 0.526407684017807 0.527055062527795 0.528386283472476 0.529866468058981 0.537181412493028 0.541489482986249 0.546719432347825 0.541865049763413 0.535357841113911 0.541881337546153 0.542231002684459 0.532942990571431 0.523725984930449 0.514433307470353 0.500838536295153 0.498427864439837 0.506700269918574 0.515558209929871 0.514844032517267 0.512055959843628 0.511763508918582 0.517268257050549 0.527248478327097 0.532244326577415 0.536488404510782 0.532939281205075 0.531629883105058 0.534881704912668 0.534289507090216 0.538026509645073 0.538449667031767 0.53793105564279 0.539168388335741 0.537928222434929 0.534374751837288 0.52975458288773
0.440297990827862 0.441482566669239 0.44540521923548 0.454648652707006 0.460620277056197 0.468490788113052 0.47221502615304 0.473586785884728 0.476128113255405 0.476002672769831 0.474564140158628 0.477392207418977 0.486492624497689 0.493609221890756 0.498367984509942 0.504228486408369 0.510719948082069 0.517361037938936 0.519403988355524 0.521569525581741 0.526604762395393 0.531727850469311 0.535355753419105 0.537288721343073 0.539864640417389 0.543318651400147 0.545269054566903 0.545012272965082 0.539777886157606 0.533043374157726 0.528201507532533 0.520220638627368 0.517682799681381 0.512585347067219 0.499677934455241 0.496841446352532 0.507772691394907 0.515449764316082 0.516559970818261 0.515651311489558 0.516161135883683 0.522334223254081 0.526632667490199 0.529729174261633 0.532520315965828 0.52423048636393 0.520262304523493 0.526605401911553 0.523985950842304 0.526575819234173 0.530992458450712 0.531302059663764 0.531060159391226 0.530234403241752 0.523142008271141 0.515504337920602
0.435649126581918 0.436775770190617 0.442273185898475 0.454141801954378 0.462147960348711 0.468881555449747 0.473835279881591 0.474736390587434 0.471183484364849 0.467208754723276 0.470513370693462 0.47856070683124 0.487449452663645 0.493818144174696 0.504947500986382 0.512360919247559 0.517937051239508 0.52089382270905 0.522563541697206 0.525375615533426 0.526575250176562 0.528911771154226 0.535063176252954 0.539422116094693 0.541451428343232 0.539428209769264 0.538608771091403 0.542783218168877 0.54493871800934 0.53952954089988 0.525748650976329 0.51372649236941 0.512398817470431 0.510404980394749 0.498505118111798 0.489115361468444 0.496254971572742 0.506216597042635 0.509393175558245 0.518036126700019 0.521131192067481 0.523467515830433 0.528338982444812 0.529575919580192 0.523669592181236 0.508874494156771 0.513164262055611 0.523856143017594 0.517429341188243 0.519201194911725 0.529757908235262 0.529314595279646 0.514484339593081 0.499528611295583 0.495568812604635 0.502239410400595
0.434406602852727 0.437933785037859 0.445721075027181 0.454534827378718 0.462980137462756 0.469878959428058 0.475338905700662 0.477858956798684 0.47846658074873 0.479437354658031 0.480640271975666 0.488191072614293 0.497536940219819 0.502532572894414 0.506121088415272 0.509195963316084 0.511384848505436 0.513569932679377 0.517440208451264 0.515969369443637 0.513678866769722 0.520419564646003 0.530978756321074 0.535044820361931 0.536022990659822 0.537650156070462 0.537629975839206 0.539700024873343 0.539071797543663 0.536425909034605 0.525741674927171 0.51510892912309 0.518812909549312 0.51585110440841 0.505865924861453 0.503526419963216 0.497540645052154 0.495659746969967 0.506487744535846 0.516684841018039 0.518120603187932 0.518975646205511 0.522144189565221 0.523352576058443 0.51149422049106 0.506214308059862 0.51298572046254 0.511257154242558 0.51581911114492 0.524029832855846 0.529566461538538 0.52844833085724 0.520193863966656 0.511272519502057 0.503631078115895 0.501961011686198
0.432042505908988 0.436896307095614 0.447146496044862 0.457123873984745 0.46376810672458 0.466414973918082 0.47151628404592 0.476338771431773 0.478656423104885 0.478378120004428 0.476665235236914 0.483381577663773 0.490734106115822 0.492097317179462 0.495818534972459 0.499867517232037 0.503693835309303 0.506280457366752 0.507611694098935 0.506833306479215 0.508653155930089 0.51986778727523 0.528262569068916 0.52684453761855 0.528586706843678 0.531411095818368 0.533970509595788 0.535762324174209 0.534818427815935 0.535425848879434 0.533962945476988 0.533129589722696 0.529589199464746 0.520545932396406 0.516644189888867 0.511352541889871 0.499808214016247 0.496477321417688 0.501623542689169 0.502628697349549 0.505898557882043 0.50867120892568 0.512292684784565 0.520232687393848 0.518523265475195 0.520282252473624 0.520976563305944 0.518313755039084 0.520207931767965 0.52464629214969 0.524769749762396 0.523958953522381 0.520041367322107 0.50821395982831 0.494313978705147 0.492257027987255
