layers/veg_krg_sqold/veg500.asc
NCOLS 255 
NROWS 330 
XLLCORNER -2985163.8955 
YLLCORNER -3022031.214 
CELLSIZE 25000 
NODATA_value -9999 
[rows 200 to 224 of 330, columns 114 to 170 of 255]
0.544660756423959 0.541174788153401 0.536157788645767 0.530329288883775 0.525542661932232 0.519822655263977 0.512155514825216 0.50512282517939 0.496145948481217 0.483539956996226 0.47260083572134 0.463036765541355 0.451225781828104 0.443089378823338 0.435243527279658 0.42233305183442 0.411230788191239 0.399824809735818 0.383191157952045 0.372920647691857 0.372020263381571 0.369700658976244 0.365558061634265 0.367380231878685 0.373546656430923 0.376515805452135 0.386455365737212 0.401123066576401 0.412983493439638 0.426709146534787 0.44159641448905 0.453784672376459 0.46516948295743 0.481731233890369 0.497158812090855 0.509661048669726 0.525931343991158 0.538284300612475 0.547216209534949 0.555607285185703 0.562809898769865 0.576181904412979 0.587143063962108 -9999 -9999 -9999 -9999 -9999 -9999 -9999 -9999 -9999 -9999 -9999 -9999 -9999 -9999
0.541517168009336 0.538210914355583 0.533621333097923 0.528363587911101 0.523764000527486 0.517835164384246 0.509935233401047 0.502762295730962 0.493024058929058 0.480494262419736 0.469948568006207 0.46031643640544 0.44947396655343 0.440481995008758 0.431180549406525 0.417836537701389 0.405653465564785 0.395117689779645 0.381254766758845 0.367415213879265 0.361808904867054 0.359568398136944 0.353023650084288 0.357607153757923 0.369187696607045 0.37264561153551 0.38099511829231 0.388978240712493 0.396123414301336 0.41166269620192 0.430210953559851 0.443638904556119 0.456560154832652 0.470534288476753 0.477634596999682 0.488713379655353 0.512485342169925 0.529554820086548 0.538080944103772 0.553037669717525 0.567215744103502 0.569872229833515 -9999 -9999 -9999 -9999 -9999 -9999 -9999 -9999 -9999 -9999 -9999 -9999 -9999 -9999 -9999
0.538376390601603 0.535329998842731 0.530942203016457 0.526833966379701 0.522401542429428 0.514689468968059 0.506429961282972 0.49829853711143 0.488296047416706 0.476390743650238 0.466187912697742 0.457020513564883 0.447467518282944 0.436626756328325 0.422973722013292 0.409785605389536 0.398290107441996 0.384755906917231 0.373583695119654 0.36536223333145 0.354151510724191 0.349186919883861 0.351546774419955 0.357046748840474 0.362120948411591 0.364866799770382 0.362375663098422 0.35600652827719 0.364181271577607 0.388277042918984 0.405067952586956 0.406043712746163 0.41901883582656 0.434206172097943 0.436139234434038 0.456195234127023 0.493227814389341 0.514702576873275 -9999 0.546430879942641 0.558788059850053 0.563993599192966 -9999 -9999 -9999 -9999 -9999 -9999 -9999 -9999 -9999 -9999 -9999 -9999 -9999 -9999 -9999
0.53555144763569 0.533179353941335 0.528937035627104 0.52480191481092 0.520611669197565 0.511784239228959 0.501792863584861 0.493787122756027 0.485343100811798 0.473616288772458 0.463193003286699 0.454126878320416 0.443567104678124 0.433388880371832 0.420517991580601 0.40373656403399 0.389476613530115 0.375151941337363 0.36334989120105 0.356992809831617 0.344446513594399 0.341088739757703 0.34884389483053 0.353334926702079 0.354712749433405 0.353896381891626 0.347623888193817 0.348760395821943 0.35989147433107 0.373803737616412 0.389468863819964 0.385771016280424 0.39700840376272 0.423888206211124 0.439758875324872 0.462216593206116 0.492974399488354 0.50924082401963 -9999 0.537460786651688 0.545233592790989 -9999 -9999 -9999 -9999 -9999 -9999 -9999 -9999 -9999 -9999 -9999 -9999 -9999 -9999 -9999 -9999
0.53424247308827 0.532101644578907 0.528390469912215 0.52414569785979 0.51907894330919 0.509183292969672 0.49935155117148 0.49203217268383 0.482719000864615 0.471690533214924 0.46274488527829 0.453515971231282 0.442501727771396 0.433649482064989 0.422652280838922 0.407542678050672 0.391538696774271 0.374513133574109 0.356511079026168 0.344631391667832 0.336398253021401 0.335277776523176 0.343752134066646 0.347545372211737 0.348413148643209 0.343379758147544 0.33789439739992 0.345137613743976 0.361711409969319 0.3727199465057 0.387889498204834 0.398272942729484 0.414576394798507 0.439445350784062 0.448484971005455 0.467445628162755 0.48294784702978 -9999 0.526651149936903 0.527177542367803 -9999 -9999 -9999 -9999 -9999 -9999 -9999 -9999 -9999 -9999 -9999 -9999 -9999 -9999 -9999 -9999 -9999
0.532315418705496 0.530112204206296 0.52715378859771 0.52289547632552 0.516355002945806 0.505772492724302 0.495947328150595 0.488623192766284 0.480250298117207 0.469954943860434 0.460697979859238 0.452011715501806 0.441419377672714 0.43005643706142 0.417236791186082 0.403954246817688 0.392811790808255 0.37779740699532 0.356321017759772 0.34153574149447 0.34172353355482 0.343871876858444 0.341652175150221 0.342306091914401 0.343952496523755 0.341413384910178 0.334494229296518 0.335215429041738 0.346424048678838 0.363352605861389 0.379962158208327 0.388404128085643 0.402494473290786 0.430783037042249 0.451093768955062 0.466552492925179 0.47858038805295 -9999 0.505769923077926 0.51716641938136 -9999 -9999 -9999 -9999 -9999 -9999 -9999 -9999 -9999 -9999 -9999 -9999 -9999 -9999 -9999 -9999 -9999
0.530520305692188 0.528166794961833 0.525480831405844 0.521276798512913 0.512630425641441 0.500487039966761 0.49190006930913 0.486006237453202 0.478740822333815 0.468693168052639 0.459077077464845 0.451054060727865 0.440904250464983 0.429491374388407 0.415576414150419 0.400049123525515 0.389516801484718 0.375163418470093 0.351795535713186 0.342710788456525 0.347610523020731 0.34617338579608 0.342704227851325 0.338969493883767 0.338083908229238 0.341908078175291 0.33975185199836 0.333917817865203 0.339182991926014 0.352841910240849 0.361590022043406 0.365744944999808 0.383766931295134 0.41623169311925 0.443597359393045 0.453506054946451 -9999 0.495108295143347 0.495254069277234 -9999 -9999 -9999 -9999 -9999 -9999 -9999 -9999 -9999 -9999 -9999 -9999 -9999 -9999 -9999 -9999 -9999 -9999
0.529541831453103 0.52727310296227 0.52396229658972 0.518774996173816 0.508263545460858 0.496986615297336 0.491365928293951 0.486442141239972 0.479062803133095 0.468387064931934 0.458514896061931 0.450524952205563 0.439803845094842 0.428917838962428 0.416265119678488 0.397031077929512 0.380473121168897 0.369255384250462 0.356837541836629 0.351171388689765 0.350473585283994 0.346278022316619 0.341127027258287 0.336419337858765 0.337740766281079 0.341571143104221 0.343991000862371 0.347811353044909 0.347218566884374 0.345030455301644 0.357438967765804 0.373835514140022 0.392617243015038 0.423082154707932 0.440405967129052 -9999 -9999 -9999 0.492481683701524 -9999 -9999 -9999 -9999 -9999 -9999 -9999 -9999 -9999 -9999 -9999 -9999 -9999 -9999 -9999 -9999 -9999 -9999
0.527720182614152 0.525550169305553 0.52041409177384 0.511514175416969 0.503621269273501 0.495446156978218 0.489207111874799 0.484151612054389 0.477784424407269 0.467965922612682 0.458098555184272 0.451260020895651 0.440277253003127 0.426279099773057 0.413269917417913 0.397423064953699 0.381860708322184 0.367615219886041 0.353672017665445 0.350388218458787 0.352082285986612 0.347773761410545 0.34225488804104 0.336442896876851 0.336076393865092 0.338897886850498 0.340894184123858 0.348236699308901 0.343552565848398 0.344548509201144 0.36812234202815 0.386629490294093 0.40480845934324 0.416916665683801 -9999 -9999 -9999 -9999 -9999 -9999 -9999 -9999 -9999 -9999 -9999 -9999 -9999 -9999 -9999 -9999 -9999 -9999 -9999 -9999 -9999 -9999 -9999
0.52633009203806 0.524119259588074 0.520176969040808 0.510621076909423 0.500814862765914 0.494467025913279 0.488711309062873 0.482585437710175 0.476280466657026 0.467401173262405 0.458596653334866 0.451653167531812 0.440682883520908 0.427785555490981 0.416918135975615 0.403884070090125 0.387983464568739 0.372456042280663 0.359640208492002 0.351595623380565 0.350193626192348 0.348267338323404 0.343985469657634 0.34003869410923 0.338201402679157 0.337728641592497 0.339644479282991 0.347436727063885 0.34850662336141 0.349067378515336 0.367509162625761 0.389828819677234 0.406474130530347 0.420681246908673 0.432733730493067 0.439657766391604 -9999 -9999 -9999 -9999 -9999 -9999 -9999 -9999 -9999 -9999 -9999 -9999 -9999 -9999 -9999 -9999 -9999 -9999 -9999 -9999 -9999
0.523727511567699 0.522646237571923 0.520138242103162 0.51148811111176 0.500710412514367 0.494909224161053 0.488840366692298 0.481956916649091 0.476308507113491 0.46825368393908 0.459795236397933 0.452304101436968 0.439319336142026 0.425474233688067 0.415731118266473 0.401910650642049 0.389840047977666 0.378880041246534 0.362903895442637 0.356205680204562 0.354243767915878 0.348176114887219 0.343652417774456 0.338868015420595 0.335708005285829 0.3345197809407 0.334945384300808 0.341749418382818 0.349330014854136 0.357193024233779 0.376121546342822 0.393085172185507 0.404280359689517 0.418453969153759 0.426990065007506 -9999 -9999 -9999 -9999 -9999 -9999 -9999 -9999 -9999 -9999 -9999 -9999 -9999 -9999 -9999 -9999 -9999 -9999 -9999 -9999 -9999 -9999
0.519334613306219 0.518976377053727 0.517692343934318 0.513079028399548 0.504594439231434 0.495929859585237 0.488962300082684 0.482364857424079 0.4764650413688 0.468650417485386 0.460680594439843 0.45317859994635 0.440919898234085 0.427447917886132 0.415518398975085 0.401623792793319 0.387666206823044 0.378036052085651 0.367934029491465 0.36011477684233 0.356126908777975 0.348000735550602 0.341197129386491 0.336721518948695 0.3325503366221 0.33085461518686 0.334957300921173 0.34174591304014 0.351518551324488 0.36312654878764 0.376562601241153 0.389374396094707 0.399399669678109 0.404475687020455 -9999 -9999 -9999 -9999 -9999 -9999 -9999 -9999 -9999 -9999 -9999 -9999 -9999 -9999 -9999 -9999 -9999 -9999 -9999 -9999 -9999 -9999 -9999
0.514761836044156 0.515258251488214 0.515150151644826 0.512925678540338 0.506848913986705 0.497466473864239 0.489759386586139 0.48348485481259 0.476892165442211 0.468978240656477 0.461452497547693 0.454673373237132 0.442068711333895 0.428913884656712 0.418569296430392 0.405740134267997 0.393042561089438 0.384122396282639 0.374871847989941 0.366429321232787 0.358247859603314 0.347409366328594 0.337839229212676 0.329313042013341 0.322470191683945 0.322726287818778 0.333601417458959 0.344151980283984 0.352431801250722 0.364691278873736 0.376119161538533 0.386463031757931 0.394828638612659 0.399524947528851 -9999 -9999 -9999 -9999 -9999 -9999 -9999 -9999 -9999 -9999 -9999 -9999 -9999 -9999 -9999 -9999 -9999 -9999 -9999 -9999 -9999 -9999 -9999
0.512936986848558 0.513248155443397 0.512538295774525 0.511207807308632 0.507282687302567 0.500241635686873 0.492795507525313 0.486140368824542 0.478323148750009 0.469637373619356 0.462591190421047 0.456531805509886 0.444315652340044 0.430939307037933 0.42153353308637 0.407795688690147 0.396800673597932 0.387970901099813 0.375743910206515 0.364854102531164 0.35498404771961 0.344824720565033 0.333911321000573 0.324594139285145 0.315659158234843 0.318784229064966 0.334509612038323 0.348123779091379 0.356035397086734 0.364306234103099 0.374968344557642 0.384417869093881 0.388398920986357 -9999 -9999 -9999 -9999 -9999 -9999 -9999 -9999 -9999 -9999 -9999 -9999 -9999 -9999 -9999 -9999 -9999 -9999 -9999 -9999 -9999 -9999 -9999 -9999
0.509123080027838 0.508140170177255 0.508083999460484 0.507867209018552 0.505423298894035 0.500166662181794 0.49435316645108 0.488756814844882 0.481316044793206 0.471545029305055 0.464310723651969 0.457298875345941 0.444052319863095 0.432041711119433 0.422613555134553 0.410430508139597 0.399200929733256 0.387747242118648 0.374729518135866 0.36371103795046 0.353013716347634 0.340423144895307 0.328992465860672 0.327610889070107 0.332535664326619 0.333673713301499 0.339399892543641 0.349895749686079 0.356361991853169 0.363614249118422 0.373407873018923 0.383407116979978 0.388279680572721 -9999 -9999 -9999 -9999 -9999 -9999 -9999 -9999 -9999 -9999 -9999 -9999 -9999 -9999 -9999 -9999 -9999 -9999 -9999 -9999 -9999 -9999 -9999 -9999
0.506084358669836 0.505082276162795 0.504359842802448 0.503292623317943 0.501638190241096 0.498848949633301 0.494299371825926 0.489623365132386 0.483273339224723 0.474668130199309 0.469917481238018 0.450371799581528 0.443692090840392 0.430889061097227 0.420028855955317 0.407117658115716 0.397248993577503 0.390983810411123 0.379669827936717 0.367392886851164 0.356744902461539 0.343707802273906 0.328264395410518 0.326652869025019 0.337775907224862 0.34354424141225 0.347085105577785 0.351506957138639 0.356866064743169 0.363354135178876 0.373356167594823 0.380104700715815 -9999 -9999 -9999 -9999 -9999 -9999 -9999 -9999 -9999 -9999 -9999 -9999 -9999 -9999 -9999 -9999 -9999 -9999 -9999 -9999 -9999 -9999 -9999 -9999 -9999
0.503860195426074 0.502865962218169 0.501733009666984 0.500453607142882 0.499092478498679 0.496970888951907 0.493842083138916 0.489581895847611 0.483664459173173 0.47569833122177 0.469410848254313 0.45979262555097 0.44355138466048 0.430714283119289 0.420893600183508 0.408760033946598 0.398297434800467 0.390811265286325 0.381121921487235 0.37111835043191 0.359528956808539 0.344711913563707 0.329729454092722 0.326906669414074 0.337388958803704 0.345335113990731 0.348937001584022 0.353043523160846 0.358286184966194 0.364700701500908 0.368732560145798 -9999 -9999 -9999 -9999 -9999 -9999 -9999 -9999 -9999 -9999 -9999 -9999 -9999 -9999 -9999 -9999 -9999 -9999 -9999 -9999 -9999 -9999 -9999 -9999 -9999 -9999
0.501175786753671 0.500073187270806 0.498936125527893 0.497495578766614 0.495488767912487 0.493435422085873 0.491417206501234 0.488559322922258 0.483830198241358 0.476697458410192 0.470218513606502 0.460425100595564 0.444870054001189 0.431628606898434 0.420510582636321 0.408110217275586 0.399162661353355 0.391521903672641 0.38231054560434 0.37457324577904 0.362522135470636 0.347157729281773 0.341488916561242 0.344925222247492 0.347370690744977 0.349841187593924 0.351413500450154 0.356921561032444 0.360855034352816 0.364473631820048 0.367665178805375 -9999 -9999 -9999 -9999 -9999 -9999 -9999 -9999 -9999 -9999 -9999 -9999 -9999 -9999 -9999 -9999 -9999 -9999 -9999 -9999 -9999 -9999 -9999 -9999 -9999 -9999
0.49765716041892 0.497304429436353 0.496731229536596 0.495250813624948 0.494255970026728 0.492718575109865 0.489948484637242 0.487145169984513 0.48321063948468 0.477141352324989 0.471289491833651 0.462197375106605 0.44775099001199 0.435349258513978 0.424829362603931 0.412040943239048 0.405269128967645 0.400883548480131 0.391463249758174 0.383842788918377 0.372409780374715 0.355165391694234 0.345629685261738 0.347059191091677 0.350566498839034 0.354629042381751 0.355809935440128 0.361218890140296 0.367045956363681 -9999 -9999 -9999 -9999 -9999 -9999 -9999 -9999 -9999 -9999 -9999 -9999 -9999 -9999 -9999 -9999 -9999 -9999 -9999 -9999 -9999 -9999 -9999 -9999 -9999 -9999 -9999 -9999
0.496316931992147 0.495795704830421 0.495539588704392 0.494524597220173 0.492776021775885 0.490245843201075 0.487911610864911 0.485713461200561 0.481884702604432 0.477097821370518 0.472257850472674 0.463380446508769 0.45219436638424 0.442015780760212 0.432243866391433 0.423585334928427 0.415718667429593 0.408888895661166 0.397717412535937 0.388511870523299 0.38109331722274 0.368280607442015 0.347779943797353 0.343212627183813 0.354884638504241 0.355374978480125 0.357954779667493 0.366506259806656 0.37168813199991 -9999 -9999 -9999 -9999 -9999 -9999 -9999 -9999 -9999 -9999 -9999 -9999 -9999 -9999 -9999 -9999 -9999 -9999 -9999 -9999 -9999 -9999 -9999 -9999 -9999 -9999 -9999 -9999
0.4938009555025 0.49358317934147 0.492946474526071 0.492032190190151 0.4906197348646 0.488462635723745 0.486029167944199 0.48395793594132 0.481214422843746 0.477325231555116 0.473462426796819 0.472141295853865 -9999 0.448945668481213 0.442701044107519 0.433959553492316 0.426289633115797 0.419544352560045 0.410781777564117 0.401370278520457 0.392427857943926 0.377097666028053 0.359163058518856 0.351378714640806 0.355109944052672 0.365380312184192 0.37280083395683 0.37524879198396 -9999 -9999 -9999 -9999 -9999 -9999 -9999 -9999 -9999 -9999 -9999 -9999 -9999 -9999 -9999 -9999 -9999 -9999 -9999 -9999 -9999 -9999 -9999 -9999 -9999 -9999 -9999 -9999 -9999
0.49041714163229 0.490424921404238 0.490554509826084 0.490377868260533 0.489411591805034 0.488183243324404 0.48660874426144 0.484513505011238 0.481582316262207 0.478026371106971 0.47472902010875 0.471312945684898 -9999 -9999 -9999 -9999 -9999 0.427881455873155 0.418665273842479 0.41011799048321 0.403561798961682 0.386933319908909 0.375666396997764 0.381436363597816 0.38377362010166 0.385448375884083 0.386384543499505 -9999 -9999 -9999 -9999 -9999 -9999 -9999 -9999 -9999 -9999 -9999 -9999 -9999 -9999 -9999 -9999 -9999 -9999 -9999 -9999 -9999 -9999 -9999 -9999 -9999 -9999 -9999 -9999 -9999 -9999
0.487664679847727 0.488213522762565 0.489036915357329 0.48934383613814 0.488782629391538 0.487662598405393 0.486245799090263 0.484611815627469 0.481956433107893 0.478888461149373 0.475862214082453 0.471780648109507 0.467870200574922 0.464734200052778 0.461844125991411 -9999 -9999 -9999 0.422502872149983 0.417202976260471 0.416593480926304 -9999 0.394204263866776 0.395636433016971 0.393246446141397 -9999 -9999 -9999 -9999 -9999 -9999 -9999 -9999 -9999 -9999 -9999 -9999 -9999 -9999 -9999 -9999 -9999 -9999 -9999 -9999 -9999 -9999 -9999 -9999 -9999 -9999 -9999 -9999 -9999 -9999 -9999 -9999
0.483523032029683 0.485049593072903 0.486519013317535 0.487049047563579 0.487198307289939 0.487102308463227 0.486396200977222 0.48523283176878 0.48313732452597 0.480109433374388 0.477289348690765 0.47401429900448 0.469371454881285 0.465138090094246 0.462185883762928 0.46159500564989 -9999 -9999 -9999 -9999 -9999 -9999 -9999 -9999 -9999 -9999 -9999 -9999 -9999 -9999 -9999 -9999 -9999 -9999 -9999 -9999 -9999 -9999 -9999 -9999 -9999 -9999 -9999 -9999 -9999 -9999 -9999 -9999 -9999 -9999 -9999 -9999 -9999 -9999 -9999 -9999 -9999
0.478841819569722 0.480709405827616 0.482958468796606 0.484334162777659 0.485284516633556 0.486213637616039 0.486309836967448 0.485943216629459 0.484646556342315 0.482181214207967 0.479665352643485 0.477192312865626 0.473566870836979 0.469494283759637 0.46591116985558 0.464678810151064 -9999 -9999 -9999 -9999 -9999 -9999 -9999 -9999 -9999 -9999 -9999 -9999 -9999 -9999 -9999 -9999 -9999 -9999 -9999 -9999 -9999 -9999 -9999 -9999 -9999 -9999 -9999 -9999 -9999 -9999 -9999 -9999 -9999 -9999 -9999 -9999 -9999 -9999 -9999 -9999 -9999
