layers/veg_krg_sqold/veg5700.asc
NCOLS 255 
NROWS 330 
XLLCORNER -2985163.8955 
YLLCORNER -3022031.214 
CELLSIZE 25000 
NODATA_value -9999 
[rows 200 to 224 of 330, columns 56 to 111 of 255]
-9999 -9999 -9999 -9999 -9999 -9999 -9999 -9999 -9999 -9999 -9999 -9999 -9999 -9999 -9999 -9999 -9999 -9999 -9999 -9999 -9999 0.456878438989567 0.420147549016204 0.331529236740996 0.264469822441589 0.167665116847648 0.0518509156613042 0.01161403396985 0.0605944045935768 0.179542391988006 0.234463986156046 0.274006868392713 0.323535439249317 0.344212141483685 0.31072405385157 0.311019409201896 0.358815779775703 0.421699528707873 0.43537218975778 0.442684316373856 0.448518107301353 0.452074099692961 0.457646419720948 0.463706673494515 0.464111454983101 0.463778090361976 0.455527472839327 0.425040200397687 0.411174514548307 0.438128192037724 0.460366199129658 0.467737394486337 0.466925642246859 0.464354031745216 0.460342069297279 0.455714400000105
-9999 -9999 -9999 -9999 -9999 -9999 -9999 -9999 -9999 -9999 -9999 -9999 -9999 -9999 -9999 -9999 -9999 -9999 -9999 -9999 -9999 0.469517101401989 0.436620224572471 0.371783157530385 0.275688207816623 0.17701204261012 0.094680787976122 0.0289133860040786 0.104594363846165 0.217041693897353 0.27191518616051 0.333442588754244 0.355932237481001 0.354252535318949 0.32453629617747 0.332522319581085 0.37301318898569 0.411410146018232 0.426223653987131 0.431863427863532 0.437907183338082 0.448419017963634 0.457602247894483 0.460564866952819 0.459369654659436 0.455742289038691 0.444229941246642 0.417511580337195 0.415185285929522 0.443927416161813 0.460481811287431 0.467066032980005 0.465566240779066 0.463046893260232 0.459037816274297 0.454033567982754
-9999 -9999 -9999 -9999 -9999 -9999 -9999 -9999 -9999 -9999 -9999 -9999 -9999 -9999 -9999 -9999 -9999 -9999 -9999 -9999 0.471049051558598 0.4594406522174 0.408840680428374 0.30832877166066 0.193089338595193 0.115135502640839 0.0478758645189028 0.013895642259012 0.105475575704539 0.215520973287565 0.271848919046295 0.333401182075623 0.359882896581004 0.376675167916473 0.336292428295496 0.320120340227766 0.376839920158026 0.399862108712759 0.411148575934129 0.399907527605353 0.406064204651021 0.438334303880703 0.451501370136622 0.452950863729363 0.446851566371537 0.436179660499566 0.413990987907337 0.397984472975799 0.416663229656565 0.444907954787378 0.458985310641373 0.464829083711653 0.463456943313456 0.460931857893632 0.456857226729161 0.451764737655601
-9999 -9999 -9999 -9999 -9999 -9999 -9999 -9999 -9999 -9999 -9999 -9999 -9999 -9999 -9999 -9999 -9999 -9999 -9999 -9999 0.462816375993177 0.439921772170271 0.402021354894632 0.332318279435102 0.191366882707688 0.0848835155412277 0.0282411518527409 0 0.0810243732126623 0.191399831427692 0.244728076899152 0.323078566533454 0.363917406946161 0.381175889371234 0.352307432142625 0.33425224588415 0.376451143036868 0.395870802112507 0.389586824981865 0.370109260618261 0.38779825093937 0.430616822063418 0.445574098384804 0.439695983369515 0.425067086585085 0.418605206142661 0.392349277060603 0.375942832356463 0.40970114012685 0.443895734495475 0.456242950139334 0.46046318979274 0.459894266827139 0.458410635535303 0.454548020055314 0.449420660810211
-9999 -9999 -9999 -9999 -9999 -9999 -9999 -9999 -9999 -9999 -9999 -9999 -9999 -9999 -9999 -9999 -9999 -9999 -9999 -9999 0.454907002545311 0.450915001418232 0.422260694115474 0.356422560817491 0.239522843832446 0.105234092304887 0.0360880880668274 0.081231030147635 0.161083744181716 0.191994828410376 0.230519784634708 0.300290557345436 0.34707386307377 0.371726467665226 0.381177189859898 0.353739916928373 0.356067910137057 0.395964143840512 0.377316574795979 0.363355211246794 0.390508253480012 0.425151464771744 0.442258234932478 0.424778059691593 0.398833551769806 0.385708518011786 0.356299456385862 0.365428026934686 0.412045049584651 0.441364675814292 0.451775798156501 0.455400278419318 0.455762730501864 0.455176575559033 0.450987273724682 0.446171733824746
-9999 -9999 -9999 -9999 -9999 -9999 -9999 -9999 -9999 -9999 -9999 -9999 -9999 -9999 -9999 -9999 -9999 -9999 -9999 -9999 0.423802207429032 0.423897146687425 0.401607051492043 0.345278379918789 0.250451063454128 0.141715453205273 0.0522388214385243 0.0938308017359797 0.196094039899088 0.208350942906663 0.211267067288653 0.287374672643127 0.340911859509996 0.351590446012226 0.33267953470634 0.321336202499063 0.353608550229724 0.398336731633949 0.38327551777691 0.37066303662631 0.391511494029357 0.421509048312614 0.436693217629404 0.405419228791807 0.366035706890331 0.340184814758892 0.331039731496361 0.379668826031591 0.416631604793076 0.437768219360013 0.446006868103824 0.449894330872406 0.450811975484994 0.450748955880308 0.447699498585643 0.443685428303375
-9999 -9999 -9999 -9999 -9999 -9999 -9999 -9999 -9999 -9999 -9999 -9999 -9999 -9999 -9999 -9999 -9999 -9999 -9999 -9999 0.392223950081862 0.380611905287844 0.37120809993175 0.302584471402762 0.200484741463171 0.128206339620637 0.0437162575229758 0.063916714598399 0.197623456948292 0.232572003682095 0.215082579364552 0.287924982178182 0.340734973639373 0.319392330408291 0.246884804029337 0.27249169951463 0.366771119800227 0.401608161157264 0.397688187672141 0.389007336757732 0.395533596156921 0.418900975957119 0.43160830763765 0.393546429709901 0.345821695200823 0.312802164395525 0.32376243224066 0.398083733181416 0.423952991946109 0.433845351515212 0.440258042505208 0.444568928639146 0.446199099970051 0.446803623214579 0.444959409173168 0.441456228516693
-9999 -9999 -9999 -9999 -9999 -9999 -9999 -9999 -9999 -9999 -9999 -9999 -9999 -9999 -9999 -9999 -9999 -9999 -9999 -9999 0.418614996402563 0.392891293808666 0.350638950282757 0.257938167827265 0.130506559857651 0.0649414463461556 0.0270351855287933 0.0697251550905812 0.206972656878589 0.227895671281315 0.222503959625839 0.307923643391424 0.354665769996701 0.311049401870096 0.271748390545683 0.345504976835139 0.389624988296172 0.402208741477677 0.403279771992679 0.397726825166833 0.399324128916852 0.416282894883245 0.429385458176333 0.407417872764253 0.358403477165646 0.300909957073281 0.309222535367813 0.386047932427278 0.420176248704808 0.43124214265184 0.436451652888564 0.441132868819767 0.443273987972953 0.444241028032044 0.443068882077749 0.440397799243419
-9999 -9999 -9999 -9999 -9999 -9999 -9999 -9999 -9999 -9999 -9999 -9999 -9999 -9999 -9999 -9999 -9999 -9999 -9999 -9999 -9999 0.419351869936188 0.38228724454943 0.305091741706708 0.170513405501083 0.0792086322009952 0.0588502463344558 0.0946654411855585 0.188679808506883 0.185542859212609 0.181041772330132 0.28990112234255 0.345404370414942 0.355546866916752 0.350123318203469 0.37422598602602 0.384340023720715 0.392051200219325 0.402679030981862 0.403699679585836 0.398047559479319 0.407656488763662 0.421177626333922 0.415863971071414 0.38598814934719 0.31308133064664 0.311512971973468 0.392098544250286 0.419546113941032 0.428097382698299 0.433494657432741 0.437589982738543 0.439782795888225 0.441053864917811 0.440792695062431 0.438641727967264
-9999 -9999 -9999 -9999 -9999 -9999 -9999 -9999 -9999 -9999 -9999 -9999 -9999 -9999 -9999 -9999 -9999 -9999 -9999 -9999 -9999 0.394052710203934 0.396006201555011 0.342987996970296 0.232794168357824 0.103877055995893 0.0274067487478253 0.0993041733344193 0.187666481525807 0.167929121039374 0.177705750777106 0.261604462224369 0.329195554615459 0.371964711065572 0.373195737986603 0.37570435373426 0.378112539134164 0.379390041776486 0.39198390743973 0.399257140411006 0.399138903702601 0.404686090615674 0.409656944211803 0.407627775546734 0.382252652246082 0.34197163286419 0.35276479359063 0.39555130081114 0.413129983689467 0.424585904306268 0.430142986630133 0.434430346929001 0.436756071939035 0.438367153169203 0.438637444737913 0.436519802330298
-9999 -9999 -9999 -9999 -9999 -9999 -9999 -9999 -9999 -9999 -9999 -9999 -9999 -9999 -9999 -9999 -9999 -9999 -9999 -9999 -9999 0.384685466643328 0.372595744774157 0.315334244185695 0.215809606293365 0.13096772908035 0.0311379869984141 0.0581140815333765 0.130751516535225 0.113408383044755 0.206727092682935 0.286949354386285 0.336554251829639 0.370374821906039 0.373580765454886 0.377187608951995 0.378050514754088 0.374040627479745 0.380587152413547 0.391840337884935 0.390599251260348 0.388737318394269 0.391311823947645 0.384104372118503 0.36399446211813 0.338764092245408 0.348126549986563 0.391974261362682 0.41110376793127 0.422614624741648 0.427912449135611 0.432419740965018 0.435009250092384 0.436609869839451 0.436834794054274 0.435723882866369
-9999 -9999 -9999 -9999 -9999 -9999 -9999 -9999 -9999 -9999 -9999 -9999 -9999 -9999 -9999 -9999 -9999 -9999 -9999 -9999 -9999 -9999 0.387969806355302 0.334705791964788 0.229815237960416 0.123389534284087 0.0577382959307818 0.0474234736293638 0.0518435126387953 0.0896228883637844 0.206251640926177 0.298365906834501 0.34597778859397 0.365594454684794 0.368487305864627 0.373301030455786 0.377827561725266 0.371198497827527 0.369562443635567 0.380408412488048 0.37854575693385 0.36375016441645 0.350582450993545 0.357093727087237 0.364889553220749 0.335961477534402 0.334711461056508 0.382885079075765 0.403937978571583 0.420663128776785 0.426822702132347 0.430673974070069 0.432821793161638 0.434338424984259 0.434137922781709 0.433122081992212
-9999 -9999 -9999 -9999 -9999 -9999 -9999 -9999 -9999 -9999 -9999 -9999 -9999 -9999 -9999 -9999 -9999 -9999 -9999 -9999 -9999 -9999 0.415086775122098 0.380001085347369 0.281351275561084 0.190744074793659 0.0852307960421182 0 0 0.0704573730617464 0.208062083210917 0.29800204080832 0.340069050352018 0.360592529085239 0.363354374475599 0.369142258696592 0.375973848316178 0.366044135002424 0.358140262349685 0.369969503711472 0.366098677876831 0.334802585561158 0.318795775570916 0.34478580444795 0.358982436233211 0.342420191486625 0.344002383198589 0.379968686879228 0.40334502922929 0.418317585747595 0.425547606869918 0.429517158750122 0.430997700784406 0.432103147215399 0.43189328906877 0.430601311566364
-9999 -9999 -9999 -9999 -9999 -9999 -9999 -9999 -9999 -9999 -9999 -9999 -9999 -9999 -9999 -9999 -9999 -9999 -9999 -9999 -9999 -9999 0.429279565621967 0.357699932595424 0.297373993568882 0.224491437902132 0.0557137725406505 0 0.039428924752379 0.100899499671453 0.211250465224408 0.308883888194508 0.344244753474705 0.356106994179762 0.35960058896952 0.36570181758509 0.373606127446923 0.374413818712329 0.367187709846476 0.363992149144165 0.346897206377168 0.303143283697772 0.304553373813594 0.342462153944181 0.347556776542435 0.348179949065528 0.363987098828646 0.386031536807143 0.404720143143719 0.417894020383239 0.424565891020222 0.428738125375015 0.430242162833247 0.431038886074952 0.430555497630771 0.429533792559117
-9999 -9999 -9999 -9999 -9999 -9999 -9999 -9999 -9999 -9999 -9999 -9999 -9999 -9999 -9999 -9999 -9999 -9999 -9999 -9999 -9999 0.432325897633977 0.427686242731775 0.380957253646198 0.32974873675548 0.291812080555001 0.159679655875213 0.0566427311588523 0.0117887527191686 0.028473708265979 0.210541118448351 0.307324623532985 0.335322685540923 0.349476252245653 0.354238293111342 0.360987437031843 0.370080869251221 0.373611281163363 0.366671459140674 0.362836015833816 0.343467958729807 0.31494685131404 0.326562362956488 0.333763229388107 0.329692136912396 0.348891747900891 0.373489713498968 0.390357890214159 0.405181122441723 0.415645959148458 0.422282981243636 0.426910286832894 0.428573227927921 0.428719430822514 0.427539178582526 0.42593647145129
-9999 -9999 -9999 -9999 -9999 -9999 -9999 -9999 -9999 -9999 -9999 -9999 -9999 -9999 -9999 -9999 -9999 -9999 -9999 -9999 -9999 0.412277268159206 0.412520965060592 0.378554809800971 0.34422539147133 0.268688115325985 0.0865963804083073 0.0297907422179904 0.024019667844693 0.0433233300486915 0.22553842757925 0.307423021685693 0.325214435904183 0.344614052720796 0.35248412674603 0.358706809654299 0.366610865787818 0.36926663168158 0.364470023069033 0.365922894975663 0.359810542253039 0.343043066066522 0.345769284337921 0.348126497034679 0.349857776378798 0.365004405444285 0.379274609401878 0.394145837557369 0.406978637605064 0.414799167916353 0.420378910008759 0.424460190034876 0.42619164924183 0.425900273197426 0.424184873467222 0.42273790680663
-9999 -9999 -9999 -9999 -9999 -9999 -9999 -9999 -9999 -9999 -9999 -9999 -9999 -9999 -9999 -9999 -9999 -9999 -9999 -9999 -9999 0.406698718731547 0.397266963034191 0.370816734789696 0.354139658385509 0.302767547689333 0.140260960220858 0.0102999832901651 0 0.0885903923244526 0.250887107579458 0.308997773987895 0.322117567817481 0.337735791718221 0.351123243578509 0.357614071026297 0.364999620069703 0.368073228592195 0.365335780255463 0.368036017891275 0.363327513402046 0.347644330622019 0.350500283634209 0.357354789421204 0.359295361728087 0.370073124021756 0.383846985331861 0.396439333245446 0.406837665122207 0.413576521275742 0.418966161197524 0.422459816047186 0.423601541144223 0.423090267912408 0.421832554867675 0.420562986525512
-9999 -9999 -9999 -9999 -9999 -9999 -9999 -9999 -9999 -9999 -9999 -9999 -9999 -9999 -9999 -9999 -9999 -9999 -9999 -9999 -9999 0.420588383616449 0.40986945304575 0.391231404201495 0.377681189340556 0.359069155033418 0.265357477119671 0.0916626730266473 0 0.0854885382688382 0.248109582585256 0.307187213828288 0.301545636252526 0.31706931757463 0.344454641560737 0.355298444821745 0.363017901137902 0.368048839964479 0.371167018301138 0.374260887240428 0.367204388126586 0.354896517481491 0.359030253317474 0.370093402561333 0.377586425540493 0.384864007185025 0.392418500499005 0.400837201758175 0.40787960218662 0.412524622710587 0.417205298608993 0.419356132784807 0.419391724872373 0.41879436171582 0.41799237234871 0.417161331468716
-9999 -9999 -9999 -9999 -9999 -9999 -9999 -9999 -9999 -9999 -9999 -9999 -9999 -9999 -9999 -9999 -9999 -9999 -9999 -9999 -9999 0.43359327294727 0.423768297757198 0.403269155231054 0.377873876233796 0.352829504266754 0.257133649064645 0.0628052866805165 0.00569040126100414 0.122880458636535 0.22537440649248 0.292958137933328 0.288055709874452 0.311807650901271 0.340113246966635 0.351857810867351 0.360981057762326 0.366075592778581 0.369338788164528 0.369937990519092 0.361819045879326 0.354360384686641 0.360275443182917 0.370051147877225 0.378350552795278 0.386741741188489 0.393514269740819 0.400127822323399 0.406506572867664 0.410359896126704 0.413162958927543 0.414757370543693 0.41490064653837 0.414933207906511 0.414594991365966 0.413939411723154
-9999 -9999 -9999 -9999 -9999 -9999 -9999 -9999 -9999 -9999 -9999 -9999 -9999 -9999 -9999 -9999 -9999 -9999 -9999 -9999 0.430740185022078 0.429426887988789 0.411702426697158 0.366477536319907 0.324082811340455 0.294943347670494 0.191945554536128 0.0375125794651148 0 0.0873677333699158 0.195781829043408 0.272224167939892 0.276193769094742 0.305696257869478 0.337441434565012 0.34988644806457 0.359272262071453 0.364458282790628 0.367762112387235 0.363394547449071 0.353699170435323 0.355139076871273 0.363728864744406 0.371184208585212 0.378812766491176 0.386485217564013 0.392812875503389 0.398360637230277 0.404038301513111 0.408013937769989 0.410059701423345 0.411214693259841 0.411759723937336 0.412123830949191 0.412236524802017 0.41184739256051
-9999 -9999 -9999 -9999 -9999 -9999 -9999 -9999 -9999 -9999 -9999 -9999 -9999 -9999 -9999 -9999 -9999 -9999 -9999 -9999 0.40870492646428 0.410191124347308 0.40755237384153 0.380436411218555 0.357629680355915 0.347388931122276 0.226302915302821 0.0842498259244936 0.0455382363517495 0.0742936166365143 0.168719926848549 0.234036613232544 0.262053266930305 0.307938254997125 0.33537744722205 0.347366102551882 0.356304843755233 0.36110422022148 0.36469983569754 0.35893888773594 0.348143514019159 0.353470362291291 0.364972439884664 0.370996202131316 0.377499582818251 0.384378130741403 0.389920994552756 0.394828785426591 0.399994785056539 0.403416899665062 0.405150370048414 0.406323378441808 0.406978775803245 0.407732547919534 0.408295599784898 0.407964784701019
-9999 -9999 -9999 -9999 -9999 -9999 -9999 -9999 -9999 -9999 -9999 -9999 -9999 -9999 -9999 -9999 -9999 -9999 -9999 -9999 0.398527327582616 0.406703813968123 0.41443740944061 0.404731265253931 0.382925123483347 0.301560989039151 0.17713453072718 0.0714160174770431 0.0678125496602394 0.130255229509888 0.171955198746198 0.231643897725203 0.25504693941849 0.306900070682513 0.336809822335991 0.345799961720815 0.352564904687922 0.357484339769397 0.360974868049466 0.358269869486527 0.351377008810985 0.354551221996356 0.363414281345205 0.369292920789577 0.374929376836414 0.381376223874962 0.386454401619541 0.391011961975387 0.396138807105435 0.399017424127479 0.400549034086089 0.401762363411655 0.402330434215295 0.403174484303944 0.404061274450258 0.404278089977645
-9999 -9999 -9999 -9999 -9999 -9999 -9999 -9999 -9999 -9999 -9999 -9999 -9999 -9999 -9999 -9999 -9999 -9999 -9999 -9999 0.408227687587553 0.406759116568129 0.410020594001258 0.395013483911331 0.363635879280786 0.27366089949002 0.144663061794146 0.0508262584402351 0.0547182254997025 0.136193198775921 0.199267167815577 0.239523837582407 0.255756280007594 0.30080789049837 0.334112036517792 0.343586092771958 0.350195811769319 0.354844883005092 0.35806407745227 0.359072866625722 0.356405364502081 0.356028048655277 0.361106971079641 0.366461897938818 0.371582045663453 0.377569443270727 0.382610839738468 0.387223960039829 0.392180983809353 0.395054462468025 0.396595641153715 0.398026271500089 0.398733994140268 0.399502700234749 0.400435696588959 0.40073449510194
-9999 -9999 -9999 -9999 -9999 -9999 -9999 -9999 -9999 -9999 -9999 -9999 -9999 -9999 -9999 -9999 -9999 -9999 -9999 -9999 0.424765335373883 0.417026870793491 0.395483008945337 0.386232113503005 0.362540980123942 0.284803106282161 0.177562573631032 0.0722493951676093 0.0638825202841081 0.163065253458175 0.226620443460504 0.247451557711182 0.252636922486075 0.282523510621335 0.324163881459559 0.34090497788523 0.348186342400548 0.351551049630518 0.354150494268644 0.356967576573822 0.357973715428624 0.357178799318538 0.359131717298349 0.362557873454 0.366569637159017 0.371128450455967 0.374652182570944 0.380039241639607 0.38566610136451 0.388594349233675 0.390692040791429 0.392503104157193 0.393492142653027 0.394432152400454 0.395416344143693 0.395961685961024
-9999 -9999 -9999 -9999 -9999 -9999 -9999 -9999 -9999 -9999 -9999 -9999 -9999 -9999 -9999 -9999 -9999 -9999 -9999 -9999 0.415768806984831 0.412654624726828 0.401244442600909 0.381795194827274 0.338326247190447 0.272677796466288 0.186500267641906 0.0597905766552948 0.0668693182419214 0.195448872787697 0.245270304741408 0.251531221296292 0.250055487327365 0.264300438971224 0.304695762561611 0.336396368817879 0.345856146814002 0.348613593394783 0.350526843331881 0.352870924890801 0.354345724417263 0.354004653465895 0.355031283323823 0.357479562460619 0.360506873668139 0.36394710775928 0.367304088428414 0.373196932714372 0.378653986165904 0.381561423259436 0.384009987580935 0.386293511038346 0.387597481685729 0.388942992280871 0.390520055612738 0.391668914110004
