layers/veg_krg_sqold/veg5600.asc
NCOLS 255 
NROWS 330 
XLLCORNER -2985163.8955 
YLLCORNER -3022031.214 
CELLSIZE 25000 
NODATA_value -9999 
[rows 125 to 149 of 330, columns 56 to 111 of 255]
0.088930255682173 0.094397501206468 0.125229077428293 0.157445811198985 0.147441360362951 0.204740122651218 0.259294364154852 0.28754784319825 0.291469308289116 0.244182703456788 0.239291287817107 0.205949682744866 0.184699440996211 0.185978216456411 0.184951096395662 0.142143420498943 0.100502397947424 0.134258404907694 0.190925761008032 0.280648781664501 0.410289149963508 0.460815421878687 0.507142330003097 0.528073318018445 0.543712408250483 0.572160121319276 0.600309038227572 0.621602026351594 0.636661441744039 0.661385565976835 0.670732987950656 0.672560493533155 0.66665311825272 0.655883176276654 0.644022583274761 0.629639327583073 0.610309638404217 0.592834170806724 0.574899737521934 0.552434186565028 0.533052944529559 0.513841377576392 0.49077509517336 0.471884598535325 0.453806878426301 0.432551851540187 0.415784960779439 0.401165672605522 0.385099290369609 0.373444220245496 0.364260572141534 0.354299695650026 0.346179102712027 0.33846479688179 0.330328328802784 0.327234692997483
0.131427389707941 0.126050120157696 0.129344230751211 0.152697331112785 0.176870039061053 0.202622071800492 0.211510125948292 0.184699906702112 0.193870728917507 0.172924009647792 0.14056251452157 0.16739005523308 0.188971495273912 0.195620317434841 0.165900088403335 0.125875985824088 0.0799158288395782 0.0540810949769564 0.068834345331192 0.113839053042501 0.146201031664577 0.192033370685202 0.290901188938127 0.379936322092992 0.433240652391013 0.478764045087954 0.519811917989968 0.553022051912112 0.593997779763764 0.624974327924071 0.658494397158828 0.671206907132585 0.666554753260233 0.655838903223229 0.643613609502394 0.62890967230905 0.609178432161199 0.591290419818134 0.573093781731324 0.550236797068295 0.530529779652154 0.51131891212035 0.488112486476131 0.468791463186204 0.450196199272852 0.428036138732677 0.411321647042382 0.397194061628054 0.37895052846483 0.364550461839205 0.355241608312211 0.346233589230172 0.338742850946143 0.331709368415696 0.323114796069834 0.31635220087302
0.170062381486682 0.112857968549197 0.115732088631554 0.128102709665857 0.133195432865352 0.167495382903457 0.164376157851976 0.128896930784799 0.150654570466426 0.143442321622709 0.148798004765875 0.17087331089809 0.136751258032848 0.161542798464945 0.145526599321022 0.119616317944386 0.0955509612659953 0.07282847769374 0.0557717322092167 0.0754657320054877 0.0991250736273079 0.12188188998559 0.14489626103812 0.222419468573293 0.349354629093136 0.418242326745821 0.477592291421475 0.540076388124489 0.55706868778371 0.583684452777368 0.644750582617129 0.661488854665334 0.660728375119988 0.652560124860102 0.640856229723854 0.625927311904158 0.605858726068835 0.587884797441328 0.569996854345716 0.547118034630032 0.527545255546029 0.508717637001451 0.485512741084572 0.466037925043781 0.447372517172179 0.425079947620102 0.408253801453855 0.394139222570035 0.375987205625673 0.360316718672886 0.349160720913632 0.339588398313708 0.332415348313447 0.325656141684274 0.318419934369109 0.312541080459751
0.219517031344036 0.16474629654109 0.115583778001912 0.110485653248317 0.107013671997849 0.119166333619185 0.153565493940482 0.169889290946929 0.157842244457312 0.148293900562995 0.14205208909563 0.129588300926713 0.117521316961345 0.124981213690674 0.112770876001364 0.124985212094206 0.133638826969232 0.0960955658198189 0.0818672294030351 0.092545654831206 0.112634857767756 0.126683298742886 0.125031837909131 0.172801830935675 0.258387675330106 0.315003885171972 0.390121775203516 0.474755024106699 0.488384325178919 0.5244966909377 0.619108224425905 0.641532099159864 0.639928632476328 0.64193102810188 0.635245664550137 0.621241333148912 0.601426044010565 0.583375633779442 0.566028070921574 0.544400271989384 0.525334933484407 0.506466447878973 0.483407896083271 0.463992923245789 0.445301801969978 0.423176652785976 0.406220486072654 0.391347761117659 0.373647148419197 0.353898855668788 0.33985059478925 0.334514063065209 0.32692491566433 0.320086924073996 0.313846661965971 0.308253106777269
0.311006025941638 0.227375484558212 0.146409126218958 0.118964998852297 0.115535294919384 0.127035633529385 0.131474449108631 0.12429512629206 0.123670000239551 0.096385493060518 0.0688085023207032 0.0711153197024908 0.0991146541110889 0.124420006580966 0.104237751639475 0.108033839296579 0.119239707190559 0.0891558748275063 0.0878484952040977 0.1177505289973 0.116241862415982 0.113332089979934 0.108196947606966 0.115947765535317 0.129828631568953 0.170723293978438 0.319099526200483 0.457884523869402 0.4827635889864 0.508575274964003 0.585255835674716 0.635644318804488 0.628586199710441 0.622000494706068 0.623477729907827 0.611818965230014 0.593492032048509 0.577047081222344 0.560502628693791 0.539235312311358 0.520805402185574 0.502607203348907 0.480175389289357 0.46112239906832 0.442978751521279 0.421225576805918 0.40358933548409 0.388387443360387 0.370294753242767 0.350813430646318 0.336936711815594 0.330125740858117 0.323168808431403 0.31651120556654 0.309984945824524 0.306167507318105
0.455129503056377 0.368002337714442 0.237672439260612 0.142004899124801 0.121509369970827 0.0928461056035697 0.080708145428208 0.0774760185796991 0.0662486690343926 0.0419224335274979 0.0288455236250819 0.0372542921222071 0.0572651057352894 0.0757291378684847 0.0853533089129969 0.110819417309028 0.120806895189997 0.100296377039883 0.106038638350425 0.125703492027948 0.127801876528176 0.126373926070549 0.128994182817152 0.133025632508897 0.109752300062491 0.102161050669419 0.179878256537693 0.384547065301394 0.508195123034882 0.517757964368138 0.541180021681291 0.578545797848085 0.596361773446159 0.607598792237321 0.606989024055986 0.599242802331166 0.583737378927724 0.569211700705886 0.553532349708563 0.533775678449489 0.516332410627327 0.498824523749438 0.477030459882417 0.458698893682321 0.441218697179203 0.419888977100934 0.402165466842952 0.386695999710035 0.369148448272801 0.354661090551135 0.341006824226465 0.328104652326179 0.320620602050314 0.313847120571974 0.307821287237104 0.306016583876292
0.484390618439211 0.428846162399184 0.287521768622461 0.159716490955014 0.148465911888129 0.120956458586432 0.0889008427880755 0.0846169499486527 0.0781761566546671 0.0429232246733371 0.0264133221837959 0.0349880583716845 0.0312813563102314 0.0451728284859168 0.062553248695602 0.0925381557353669 0.112334397698254 0.0976028021920437 0.0993456320851646 0.121349031767245 0.127458410954226 0.122696690037125 0.13008452019356 0.133510054951596 0.11303565192306 0.114642269062304 0.168871646729616 0.346979258145949 0.495998247902849 0.514300991358534 0.546548680274941 0.573543795522406 0.565423257913099 0.583793626974797 0.587774991288991 0.586057522639959 0.5747408700639 0.562344771376546 0.547734772127556 0.529245650161209 0.512944313494677 0.495868919453945 0.474803790318965 0.456952267419506 0.439903821431162 0.41911582190173 0.401894745254529 0.38645322520943 0.369398453798228 0.355570546760544 0.340419535118038 0.325517285542343 0.318889152608785 0.313818304912799 0.308110490909842 0.305431780494278
0.497849149083596 0.470025654883029 0.375021758744345 0.280222214635649 0.235352772170712 0.195282581270539 0.14936622681182 0.112022287516951 0.091456150210593 0.0732618476627593 0.0615009794741095 0.0407363012680035 0.0330093455472549 0.0287659368647073 0.0364968185879343 0.0511955299253726 0.0537886238276238 0.0403480488217354 0.0378844894001524 0.0483720149050918 0.0956726919085865 0.138215189982964 0.143591364393793 0.138642578582316 0.130509899209473 0.123470895765806 0.176030528104905 0.311003180898505 0.425724718842359 0.483930314880837 0.521775490099669 0.539358132170683 0.542885365572877 0.53456091987591 0.530516792425931 0.552761391608219 0.556564165381485 0.54906937470275 0.537836519143057 0.521593711338172 0.506803706578476 0.490918705960073 0.471174388804164 0.45441143900497 0.437967018957193 0.418389767799826 0.402434128766146 0.387471233051669 0.370176898886996 0.357501956197719 0.345020812875075 0.327586989829375 0.314593844703854 0.308966690165377 0.305835952526616 0.301783419673313
0.462733844183789 0.466936526570518 0.415615777036533 0.343342489354822 0.300308460030933 0.268547709361928 0.208218904360051 0.1509648741803 0.160290106296971 0.165563321000752 0.0828918423622402 0.0303100177014962 0.0407097769520445 0.0378695094036713 0.0430776275811053 0.0532033744363541 0.0655478986067525 0.0375479580937548 0.0241902196330967 0.0296214528352012 0.0734524750767586 0.122059717120574 0.131917305233775 0.142006796296383 0.143743310700465 0.135348549368689 0.201037147013768 0.274004489582576 0.278069969961109 0.375891629531982 0.476140978041121 0.496791275748517 0.501195945718772 0.498191759276188 0.480096433114886 0.5012540615381 0.535620982750049 0.535716290889237 0.528381753243502 0.514581631864032 0.501411832683778 0.486709067022785 0.468485340995178 0.452538852136815 0.436277495364355 0.417751197895728 0.403025491289158 0.389062954298738 0.372600055957535 0.360168076323214 0.348466552564875 0.331076321259401 0.313385981940155 0.304898674568529 0.305865051139864 0.306165548371302
-9999 0.50134529765933 0.456088964489251 0.414765369313684 0.364709039740643 0.25279354637607 0.179646249232275 0.146059767780771 0.16709760514661 0.190766187970566 0.0953605342460727 0.0369049451600183 0.0866299963402904 0.130309232427058 0.0864072098477141 0.0508149465613934 0.0427403555891482 0.0336318709134605 0.0503745442595531 0.0599230057974297 0.0816793252873963 0.11295667901062 0.129890941157096 0.135379931406982 0.142092307520889 0.1468731442606 0.159406640530776 0.155090399197477 0.171558144077606 0.286100592794509 0.407079076828518 0.454014680697474 0.45695736835211 0.463984841669502 0.482670220089572 0.485201302134229 0.497174351370591 0.526195805194427 0.521696759412568 0.509521400438556 0.497151950196344 0.483654522934888 0.466557763608434 0.45132394593375 0.436299084389768 0.41832789796503 0.403525139759537 0.390383666805036 0.375505008477805 0.363458993289315 0.350325553993894 0.333095053518493 0.313679428331329 0.30244091063892 0.304675801927596 0.306601175519933
-9999 -9999 0.492374093982736 0.436650101325009 0.372690066297106 0.315674767298207 0.243546794983195 0.215497336943458 0.258469455738647 0.276811641802079 0.163145815606317 0.12200998617007 0.209965413020165 0.175797798878684 0.0845383660840065 0.0525673578323413 0.038385180104679 0.0407902666254914 0.0396928539732659 0.0546619523744224 0.0689343068986171 0.0893608043668722 0.114162480678293 0.122671147460669 0.131968617056581 0.137963985963691 0.137688525225983 0.102198072508607 0.0579243462725925 0.133748786569247 0.304786268871605 0.396264243429062 0.401698133247412 0.411596382111713 0.433972469854529 0.440081723388174 0.454957728197692 0.494155220519919 0.508921175171091 0.501069333090657 0.491274775515019 0.479833315471453 0.464325331177203 0.450442671833148 0.437009973244747 0.420165302047841 0.406530058452496 0.394571372951103 0.380618856168605 0.369435469943566 0.355315383808832 0.332516021151128 0.315772550316329 0.30903356654057 0.306704438335957 0.310960005961202
-9999 -9999 -9999 -9999 -9999 0.467119113214506 0.371333434028269 0.330916110355737 0.367128073040082 0.359330907780965 0.288959268428242 0.295435392770181 0.282764312343736 0.186458616475985 0.14890488140286 0.103488798806507 0.0649061053285487 0.057619037507229 0.0374308369872567 0.0530248802321941 0.0704490770384536 0.0662898443586965 0.0977659018109895 0.10793764409062 0.116870429703728 0.125063709532732 0.129201267413541 0.130516473415287 0.120312488326976 0.0931108654193084 0.17927598711854 0.330611522458101 0.346934200753586 0.32089872019275 0.322748078830339 0.354944551898345 0.373453300160405 0.406812064770417 0.465437904818577 0.486954152969035 0.485812596739022 0.475713417820655 0.461431478295453 0.44857155894299 0.436539399723074 0.421255548090551 0.409008849079516 0.398493797320035 0.385979270921183 0.37581488339621 0.3669755732881 0.356539143250946 0.345004180780441 0.329346353278424 0.312515954156605 0.310575604828069
-9999 -9999 -9999 -9999 -9999 -9999 0.39327299963603 0.35981009147668 0.360630810357767 0.333925963968485 0.314817113073419 0.348978164739448 0.348950519952295 0.300036578324755 0.234244349694767 0.130394216415837 0.0603290667223269 0.0604870164840978 0.0346120541992785 0.0335954779705267 0.0443197126933068 0.0449515469275436 0.0625009683511768 0.0853507590444247 0.097363409761583 0.0985814565555182 0.111072527969806 0.122830229331147 0.118368229228141 0.094437982323489 0.12562768854891 0.231514090912321 0.290447708303143 0.278153929650386 0.253888351035907 0.310492083839728 0.348426335208221 0.368279767636082 0.417625116332107 0.462252727495258 0.480027493835987 0.473479809897566 0.460358995505863 0.448736312400869 0.437698479539756 0.423279336250886 0.411685018949045 0.401902852765798 0.390298870180037 0.380834819830115 0.373160859855951 0.364593031435614 0.357044837376744 0.344181082121664 0.327039061528928 0.323329140622021
-9999 -9999 -9999 -9999 -9999 -9999 -9999 -9999 0.48508012738245 0.454428516239186 0.417810715110718 0.41228078193342 0.404745025743642 0.380783201374074 0.349226989589351 0.277966424456708 0.183357597786693 0.11127138572009 0.0918760697749327 0.0822240952938965 0.0382444345267062 0.0193414742877604 0.0227048370764113 0.0457404458390971 0.0709661882871175 0.0893498776706317 0.113839517686488 0.102622595773332 0.098342499040103 0.118411934254194 0.141384701442681 0.168022858196894 0.198093341180873 0.24932199381219 0.248732872730961 0.217212830124 0.222542776341679 0.258526077327662 0.314376296210009 0.371807043628687 0.446669595026966 0.466013348992311 0.458554638255773 0.449393589320304 0.439242217232321 0.425894468422665 0.414591612982041 0.405138082421993 0.395319327754402 0.387799753302491 0.380585377886989 0.372836230925351 0.367487314433328 0.361636470314839 0.353677204520718 0.349018946612324
-9999 -9999 -9999 -9999 -9999 -9999 -9999 -9999 -9999 -9999 -9999 -9999 0.439148638197024 0.408468397461277 0.375792864903575 0.296671339160894 0.209013149973732 0.213514739320124 0.226128085347881 0.163268971402439 0.061635111016747 0.00702342135839131 0.0184274902072712 0.0398118468289777 0.0554759494480286 0.0832674659976101 0.109108032840361 0.105781816212287 0.0906925831544267 0.0906247691776731 0.135673921974897 0.196908843343313 0.162283224593286 0.12394781914097 0.201159044510302 0.201730088820243 0.129733644689544 0.131021697614612 0.189620575155991 0.294274180313875 0.395372750039599 0.441310849785775 0.45109114912471 0.4476755972136 0.439784028499161 0.428826107042802 0.418533009327526 0.408382574283871 0.399243186729594 0.393716565899804 0.387503678824827 0.380441035692686 0.375670786598441 0.372765305317592 0.369405928182002 0.367035728540534
-9999 -9999 -9999 -9999 -9999 -9999 -9999 -9999 -9999 -9999 -9999 -9999 -9999 0.456931892313283 0.39857359700148 0.382942285967901 0.35818181724162 0.31999394782432 0.247172791174119 0.136454121199644 0.0393718405534336 0.00311910023303412 0.00674816277714905 0.0240976445085361 0.0444487417988883 0.0767739369211139 0.103467733625999 0.103549853676848 0.0926382099752696 0.0863464404835309 0.0968027934937599 0.114827567050272 0.114883391020381 0.0912067028667289 0.125807516089462 0.183124958811498 0.120545820373243 0.0652614893011153 0.122432711017622 0.200293094154346 0.259302011245188 0.332576450946703 0.401025326873696 0.429072222855588 0.430719310376827 0.423869699365839 0.418618075065045 0.410812453820171 0.402644853322366 0.395960544762759 0.390699794890037 0.385584695426885 0.38141997932629 0.378482854006839 0.375819100465011 0.374171875432053
-9999 -9999 -9999 -9999 -9999 -9999 -9999 -9999 -9999 -9999 -9999 -9999 -9999 -9999 -9999 0.43593977064236 0.420454008867511 0.36375690506982 0.302113126208983 0.224982742612532 0.119214335018877 0.063912839823766 0.0332500857319824 0.0218432970848348 0.0409662174844324 0.0604051773336514 0.0872518466810072 0.0977000200412792 0.0997031059778757 0.0927109809169196 0.0940377307896844 0.0945695844172963 0.0944855968647417 0.0874662880693616 0.0757296854623022 0.111185644239797 0.129174585205745 0.130597393981256 0.143394042887419 0.124484733888978 0.125336600807029 0.196673427993202 0.292490004263237 0.341088752040237 0.357144825962034 0.375140008865958 0.394256285346654 0.402014785954396 0.400612816335169 0.397399074853188 0.393891950028735 0.391337365555503 0.388977826419368 0.386458682648365 0.383919685986315 0.382507241213949
-9999 -9999 -9999 -9999 -9999 -9999 -9999 -9999 -9999 -9999 -9999 -9999 -9999 -9999 -9999 -9999 -9999 0.439316278051816 0.386128318132794 0.370280507059352 0.317732001083542 0.243009604225672 0.136157581190651 0.0392087922203867 0.0428057687179716 0.0735293890756286 0.0802284938221747 0.0800244540407686 0.0896963997322018 0.10383109975747 0.110720131829732 0.117701316278562 0.116815743898012 0.110652770657162 0.0952731741136292 0.0766248149316629 0.111674145695507 0.19574196155275 0.213668876792253 0.159123915152037 0.107638810120635 0.129919480060284 0.159662715986901 0.179256135997607 0.246866789779556 0.255867362281871 0.290532861726639 0.342518754740048 0.37314295339267 0.392393293353916 0.393107672131859 0.395039607184886 0.395159039385372 0.3934481270301 0.391310956931437 0.390051336536254
-9999 -9999 -9999 -9999 -9999 -9999 -9999 -9999 -9999 -9999 -9999 -9999 -9999 -9999 -9999 -9999 -9999 0.414291114623892 0.40932995194322 0.415447246257001 0.368704301883044 0.251750533565354 0.138001928581622 0.0704062497628943 0.0486965142826872 0.0672211149780351 0.0692394317664268 0.0700028566468177 0.0839855949765591 0.0965610865563506 0.101148473831616 0.111263398381225 0.115446803019511 0.114373446069429 0.105822091891773 0.0878947843733354 0.095645412191356 0.166779354734879 0.203390246506268 0.152716849313524 0.117301314759326 0.160514071374668 0.19758560538146 0.208723774186928 0.24180974591512 0.255007460987673 0.281238307234856 0.311791157907564 0.354516173651951 0.388403797463614 0.394619586910798 0.399653771179869 0.399927927736851 0.398537743591102 0.396715015500612 0.395697955094753
-9999 -9999 -9999 -9999 -9999 -9999 -9999 -9999 -9999 -9999 -9999 -9999 -9999 -9999 -9999 -9999 -9999 -9999 0.459177955242148 0.454831425213754 0.438949063598618 0.394068389600965 0.28749780673664 0.139751388290212 0.0417569297835691 0.0303905715475379 0.034218977841863 0.049869696158209 0.0736902556042225 0.0754361511587775 0.0809408890917803 0.0819513750978061 0.0952101566262928 0.114912243217599 0.11325326883184 0.0888184657934934 0.0796272228018475 0.0951807097437718 0.12933618637358 0.198773346265567 0.217995685089309 0.220952764175099 0.251624824872184 0.267106641380945 0.26984866880112 0.275620107564087 0.27662619305377 0.285103305441038 0.323861342655624 0.368935921953394 0.391476514071402 0.4057052122976 0.405885320503816 0.404627032971033 0.403564502387483 0.402910941625581
-9999 -9999 -9999 -9999 -9999 -9999 -9999 -9999 -9999 -9999 -9999 -9999 -9999 -9999 -9999 -9999 -9999 -9999 -9999 -9999 0.48091853785111 0.461932509205615 0.386582356778901 0.226429250555972 0.0780823687436919 0.0286648005213119 0.00996272432436497 0.0385623172969788 0.0768973504810625 0.0644137268195427 0.0801056412204033 0.0959736707821766 0.0958723611367729 0.107363831104704 0.11480612684573 0.0880623061827333 0.0918433997473617 0.110915281973993 0.093923626957637 0.147684992385927 0.220082475008236 0.234366753570406 0.233215886996209 0.252561442375045 0.257704416277409 0.24650594501919 0.252812802022383 0.288776328640757 0.313316429374333 0.360768063170434 0.396186960076926 0.409823870701952 0.410912453684903 0.410687918657669 0.410097180422468 0.409733334565829
-9999 -9999 -9999 -9999 -9999 -9999 -9999 -9999 -9999 -9999 -9999 -9999 -9999 -9999 -9999 -9999 -9999 -9999 -9999 -9999 -9999 0.486226187455758 0.419632400353926 0.293679202992336 0.148817840495914 0.0622465239834708 0.0317027153108018 0.0572592072143175 0.0948783500305663 0.102984033905846 0.106174466611772 0.104808262311658 0.106761250355529 0.112930741553654 0.114941808692552 0.086758231403859 0.0763274934731582 0.107708151139102 0.102284315544631 0.143363688042431 0.210018933608202 0.231347180103947 0.257369729455599 0.268211652049489 0.2739848759398 0.2758930235163 0.262524428827223 0.253523225217341 0.31504967589325 0.38292709192317 0.404445692097385 0.41469385700477 0.414992032760167 0.41475910072184 0.414247266749775 0.413977892462191
-9999 -9999 -9999 -9999 -9999 -9999 -9999 -9999 -9999 -9999 -9999 -9999 -9999 -9999 -9999 -9999 -9999 -9999 -9999 -9999 -9999 0.467432109203637 0.437463051275486 0.316361483151436 0.185130758854321 0.0914323505951095 0.0457469684381138 0.0706426432919075 0.0954845782681992 0.10710122247998 0.109576598920638 0.109007125956593 0.10973316617997 0.112570032094184 0.114490443440453 0.0958417427592094 0.0743985978823306 0.0873569384376629 0.10196341866171 0.12112819870197 0.156753814304274 0.202990106753784 0.245215318742177 0.254436974851482 0.2687053102302 0.284557995843356 0.27410689257231 0.288418449373309 0.358704435191073 0.403329889380859 0.41562791561794 0.420396621814208 0.420795777122281 0.420634706234479 0.419644375887878 0.418736733896487
-9999 -9999 -9999 -9999 -9999 -9999 -9999 -9999 -9999 -9999 -9999 -9999 -9999 -9999 -9999 -9999 -9999 -9999 -9999 -9999 -9999 0.439045788662858 0.41872986625159 0.340656272124194 0.230168082767261 0.131235871732393 0.0608905632965975 0.0366469069378858 0.0672636285035834 0.102116411431469 0.11198102976868 0.116536268726383 0.113277899479239 0.10959187842945 0.111732047080403 0.0961338257769921 0.0573904595968167 0.0338062101893836 0.0460702261020825 0.0621294777803258 0.094953756640167 0.161109710993407 0.197984209913188 0.205297583144186 0.211680517355721 0.235082545344907 0.283209966029038 0.346020435169976 0.384890092878787 0.406849132378596 0.413521924927572 0.422206375585213 0.425544479291945 0.425499889090864 0.422267342228643 0.419611273743195
-9999 -9999 -9999 -9999 -9999 -9999 -9999 -9999 -9999 -9999 -9999 -9999 -9999 -9999 -9999 -9999 -9999 -9999 -9999 -9999 -9999 0.429085419399386 0.412789368488473 0.360121747577644 0.281279558259181 0.178593836285313 0.0741565219993005 0.0334386698086141 0.0605272936181788 0.0990490488237646 0.11702479043208 0.118252952726804 0.115859310059191 0.111083643990701 0.110919028145517 0.101417047236346 0.0714281078186554 0.0330173398547353 0.0342465911259133 0.0614704225902226 0.0879185448489132 0.148384574238476 0.174855378153606 0.173009197110147 0.200372293465243 0.238985066066051 0.29009977157773 0.352851178866745 0.373383303345694 0.391358894656443 0.407493539618483 0.420989216830528 0.426720872839276 0.428050794812777 0.427135689751028 0.426675640398914
