layers/veg_krg_sqold/veg600.asc
NCOLS 255 
NROWS 330 
XLLCORNER -2985163.8955 
YLLCORNER -3022031.214 
CELLSIZE 25000 
NODATA_value -9999 
[rows 125 to 149 of 330, columns 168 to 223 of 255]
0.477496447709323 0.466250624031259 0.423702924809502 0.428524390626458 0.467150950114429 0.459347456179618 0.459633074027351 0.462070948483556 0.443924720837302 0.425574381280133 0.421240256726765 0.430337078515005 0.440128313468727 0.44473872043028 0.449523300369235 0.46042590394022 0.46196029807419 0.469642243306283 0.493358447448148 0.506494228851644 0.51176130486805 0.514213084711232 0.495133870501791 0.477439839860538 0.498168698845282 0.503849274533499 0.460551833058031 0.429572433260812 0.43947214503931 0.481395383770404 0.53474051379904 0.541986742621336 0.547849681401108 0.56910730548021 0.581138272396426 0.582835581140372 0.57454469712546 0.582730906203244 0.602725552391926 0.60869167657761 0.622349563904199 0.625133986798788 0.623608009736968 0.626154077356561 -9999 -9999 -9999 -9999 -9999 -9999 -9999 -9999 -9999 -9999 -9999 -9999
0.459937733538436 0.462034510225067 0.437519614034713 0.401259675058049 0.394583448815216 0.421478690820925 0.45709514212416 0.457776155808854 0.433299399538867 0.416486793802646 0.424143984040035 0.435270571946015 0.446274247789176 0.455166162003126 0.461831257182178 0.474270125735179 0.487143536488441 0.488986875491818 0.498785196936309 0.516122041521207 0.522994906440468 0.522657310221073 0.501175998622595 0.484897036126476 0.503116402055206 0.501428560459758 0.456553046201107 0.450698031690371 0.474939381534871 0.486519757093222 0.530940258288036 0.56577368858885 0.564580541421215 0.539690278377954 0.535873209049293 0.552414134757784 0.574812967792824 0.599546934774723 0.612895132558338 0.624575191744484 0.635634983350871 -9999 0.634974080784591 0.63361622429931 -9999 -9999 -9999 -9999 -9999 -9999 -9999 -9999 -9999 -9999 -9999 -9999
0.451698870418855 0.451051520536144 0.415086398761565 0.369676048285194 0.374236975495571 0.415836038901489 0.461959060225487 0.456805905053183 0.431780462740179 0.415647723158056 0.424263930125582 0.436993287925749 0.449443124009603 0.454595269546464 0.465026450877852 0.481285679617908 0.486001081142125 0.481859728523034 0.501385261847103 0.528935880399565 0.534385980773214 0.532813014161268 0.499904539684714 0.480787302962112 0.51086180937598 0.511242575672704 0.472771984470014 0.476455101529344 0.493793111651646 0.496216664148636 0.539302636462429 0.56640886387096 0.562885358432808 0.541823310253371 0.552437409846749 0.563200451248602 0.586082421797594 0.616054734248476 0.624320721090155 0.636088691730583 0.643943953071804 -9999 -9999 -9999 -9999 -9999 -9999 -9999 -9999 -9999 -9999 -9999 -9999 -9999 -9999 -9999
0.44578298154844 0.424959293054996 0.384662456892599 0.388101727777393 0.437935258306238 0.458335709512178 0.458335611325517 0.441615224001081 0.415838922490485 0.410952596625015 0.423818446306162 0.438067082433969 0.455088268731003 0.467743795355698 0.473700530720974 0.477446421453141 0.482086082804841 0.498486938714201 0.52392347685975 0.537699918268697 0.542384835611033 0.541550865176551 0.521832236358461 0.502169823195061 0.505639040581934 0.52176922347403 0.541234973281987 0.549961893323278 0.525474554616849 0.51529260488239 0.563115553817174 0.590437412423592 0.566487982627428 0.540960712274722 0.554676417023109 0.566776861950938 0.594063934690311 0.625881565611184 0.63982986306808 0.651214952660749 -9999 -9999 -9999 -9999 -9999 -9999 -9999 -9999 -9999 -9999 -9999 -9999 -9999 -9999 -9999 -9999
0.428167491129152 0.407252791617845 0.390349313978906 0.400809469173605 0.441922503533018 0.457934304441815 0.457279131174538 0.446413636909716 0.429360106670867 0.421137605205853 0.425507228462675 0.439246869751169 0.453842709787949 0.467968109750777 0.484483456892598 0.498841372522297 0.509881636069268 0.525751942016311 0.54163476468898 0.549458458045602 0.553609338409991 0.557711664284282 0.557081006951115 0.535506931738016 0.528906828145833 0.558695322621403 0.576990013811884 0.573474930123137 0.552341766635381 0.562811221481163 0.601128638718735 0.613994748384107 0.592731269892944 0.573991878430713 0.578389082296921 0.592100321930844 0.619874255773248 0.639007443549424 0.65024966261334 0.661969116623065 -9999 -9999 -9999 -9999 -9999 -9999 -9999 -9999 -9999 -9999 -9999 -9999 -9999 -9999 -9999 -9999
0.387109967929052 0.370052937303064 0.368437583913642 0.407181999882373 0.454457218537691 0.456382340925948 0.45122021724011 0.432456515740274 0.42090387725438 0.424390103321796 0.427753186232054 0.443636927710258 0.459213867345832 0.470259682078303 0.488904417214512 0.506171978283983 0.519054311791206 0.536803796157704 0.54977614980202 0.554431130238689 0.558779097194921 0.561526241617496 0.567467100138601 0.559813192315611 0.557793186593037 0.574029438019036 0.578307559711283 0.594855691300431 0.609418610229843 0.620401358455249 0.626060466200377 0.62337150383116 0.611315136663265 0.606896626874782 0.619114907271447 0.625976979592985 0.635024565718803 0.646657379836059 0.66478797725235 0.670277124390306 -9999 -9999 -9999 -9999 -9999 -9999 -9999 -9999 -9999 -9999 -9999 -9999 -9999 -9999 -9999 -9999
0.36632839046631 0.362765081316759 0.371334587937059 0.410812797374331 0.449307608129928 0.449768684761685 0.43249432936189 0.412518588988564 0.415180974292882 0.423590046819817 0.433574910935312 0.447942766073061 0.460086602290393 0.470283757785509 0.485550884769509 0.506324536496488 0.522093916965777 0.542340376606076 0.548039727510022 0.550882518840478 0.566217112552683 0.560790558837137 0.562339022326268 0.560256275540312 0.559957658992192 0.580661603533067 0.593760984003087 0.613193817154553 0.618242003046157 0.624517204535196 0.627687719680725 0.612328783054142 0.603772543166611 0.611934332261738 0.634213221382896 0.650655182829758 0.649016154853611 0.657823595576651 0.670869513106371 -9999 -9999 -9999 -9999 -9999 -9999 -9999 -9999 -9999 -9999 -9999 -9999 -9999 -9999 -9999 -9999 -9999
0.400094816598435 0.390083313789359 0.386509148482413 0.406272733032361 0.424795119951138 0.414330037793248 0.399759692844222 0.39961055391905 0.413345470251531 0.432255427998541 0.443133154192641 0.452684337677786 0.466877133715893 0.478906078782608 0.486761745026103 0.503085558814975 0.525097236027993 0.549638426273061 0.57132070498675 0.578462807366271 0.581850989150107 0.579748722786643 0.577329978594933 0.573516083660168 0.575222688066507 0.592654396992159 0.600263350835133 0.604312222212113 0.614521929036295 0.620418600482988 0.609616061979158 0.598447220939705 0.599387950216629 0.608941691648461 0.639767203115073 0.662290869901091 0.66268795208479 0.672607822837944 0.678253628521193 -9999 -9999 -9999 -9999 -9999 -9999 -9999 -9999 -9999 -9999 -9999 -9999 -9999 -9999 -9999 -9999 -9999
0.391247351310614 0.383372960012896 0.378079022762874 0.395640447686419 0.397312732184983 0.384507730186446 0.392527334901331 0.403218222199797 0.419265766193852 0.440085325153959 0.446407613652664 0.453688691483248 0.473237323767545 0.487318638956087 0.494054972911967 0.505429019372912 0.531466082370021 0.561947895199717 0.58287596882851 0.591303257989838 0.585515937352668 0.57240369902078 0.577873915425028 0.583532530245023 0.584272703910115 0.597355087047244 0.605713689452262 0.616064995415396 0.631553233634708 0.630291748852075 0.598505199160693 0.587144001554103 0.600102800672378 0.634513928404291 0.668070771194311 0.668217770923227 0.670905830705827 0.685260551629723 0.685468162790751 -9999 -9999 -9999 -9999 -9999 -9999 -9999 -9999 -9999 -9999 -9999 -9999 -9999 -9999 -9999 -9999 -9999
0.358646589820925 0.373151696826932 0.367537416960962 0.375256159571384 0.389045852877352 0.394974127747119 0.398507440241616 0.41337578423502 0.432195369830346 0.434065915855364 0.446445939122593 0.469658246686932 0.490589776058205 0.504785507919942 0.512098389158687 0.526752206169113 0.553416305481245 0.576160201107391 0.588129627953769 0.59898895585204 0.592809452138691 0.589241871602406 0.584754071212247 0.569860812040218 0.590053830679491 0.608717179840955 0.615945083036325 0.631976559537553 0.644768759916153 0.630556015887981 0.605105170736167 0.600723448738556 0.619961650765937 0.64785936697477 0.663008096492717 0.665879020050148 0.682393620767822 0.701841682446643 -9999 -9999 -9999 -9999 -9999 -9999 -9999 -9999 -9999 -9999 -9999 -9999 -9999 -9999 -9999 -9999 -9999 -9999
0.344698046943885 0.350068960289542 0.356290695977095 0.365822010608955 0.375034082735412 0.394874045335967 0.415812572283947 0.42666702147409 0.442464828791301 0.449443990558391 0.458941276103712 0.479153822673801 0.501596187218302 0.520558895061158 0.532929553496145 0.549209346505195 0.562720309141852 0.576413796169678 0.595108836582881 0.607684636356534 0.61520528549867 0.609366461506046 0.593984986504618 0.58511719422704 0.597386230128087 0.610371251903672 0.608764151689248 0.623427861050285 0.635951354035999 0.630501002708467 0.637057452253774 0.655978830585436 0.663359842526842 0.667363183202805 0.681254148714702 0.685724365240011 0.695356694532244 0.706513555733131 -9999 -9999 -9999 -9999 -9999 -9999 -9999 -9999 -9999 -9999 -9999 -9999 -9999 -9999 -9999 -9999 -9999 -9999
0.349764771659289 0.355185370121427 0.365207958444705 0.371269507890049 0.380743201175942 0.385704965438064 0.392466762979944 0.413514555620832 0.44530220498174 0.466726659701846 0.473941663634218 0.491806637191679 0.517274942467492 0.535659051912509 0.546407546151661 0.546562452846736 0.545119939109954 0.571169626520008 0.602776739194702 0.615967429697725 0.625791196106687 0.61317186222666 0.598936358819828 0.609950576018254 0.619067494982179 0.630210064410538 0.633879859098155 0.639795039150576 0.646164415562035 0.65344371275414 0.672738412706732 0.692721551606304 0.704519534709116 0.707547136924598 0.70553878834256 0.6882066413452 0.690209890543508 0.716143716741807 -9999 -9999 -9999 -9999 -9999 -9999 -9999 -9999 -9999 -9999 -9999 -9999 -9999 -9999 -9999 -9999 -9999 -9999
0.358235056773654 0.357746124819744 0.361744652141124 0.372316421593775 0.384041558104104 0.387798522322742 0.394459601753838 0.426499233973478 0.456401301116516 0.468054012173948 0.478889843788355 0.495043885535677 0.520964627150679 0.536239995004896 0.542371601589812 0.541537835346342 0.546910981256769 0.576291115061352 0.607686959558811 0.61463307451297 0.619849700697097 0.614709657479285 0.605519122559482 0.619536941864623 0.633092626232251 0.642492403250436 0.646597548189805 0.65171580437393 0.657817506997516 0.664278400980763 0.675402904991166 0.701351230055463 0.714160763935496 0.713388129118117 0.70329878417786 0.694278903060585 0.712613661802915 0.727899597163105 -9999 -9999 -9999 -9999 -9999 -9999 -9999 -9999 -9999 -9999 -9999 -9999 -9999 -9999 -9999 -9999 -9999 -9999
0.360683881665195 0.360735954950017 0.361873897964694 0.373044137854924 0.39623911366981 0.409764274183753 0.402754491575113 0.406576787642306 0.434070923752916 0.469377792992432 0.490257724242613 0.505218000869035 0.521040432140589 0.526350297411197 0.528496611582894 0.535233303787864 0.551028014815288 0.582989664593669 0.611550822517691 0.614974711949396 0.61428964731453 0.621350960334373 0.631099821920976 0.64473958503712 0.651890121261816 0.646453840239056 0.653559789168818 0.662880891603647 0.669533982300484 0.676755422674818 0.696133048712119 0.721577216797873 0.722330076832228 0.726143768611816 0.723266687250015 0.721194817372806 0.732427240859751 0.739809170856508 -9999 -9999 -9999 -9999 -9999 -9999 -9999 -9999 -9999 -9999 -9999 -9999 -9999 -9999 -9999 -9999 -9999 -9999
0.364284904568907 0.362791588683063 0.358616645151974 0.365661925381387 0.385435136977251 0.414544137623811 0.418434472828096 0.41171314434566 0.429372578041116 0.464522497672113 0.484572262369016 0.504200788074302 0.520349136533131 0.524283272977794 0.534033419342796 0.543131850860064 0.554988439808293 0.586865639426755 0.606423400839448 0.601294252081441 0.610911598527201 0.628582461196079 0.648034660565357 0.664640728310216 0.669381179252137 0.667297261897161 0.673653398759829 0.681049504279102 0.690788047066423 0.697854200641622 0.718421076808347 0.73965137555133 0.74276776714939 0.743863310726771 0.732749812460307 0.730177712688626 0.743666882422614 0.7484659083306 -9999 -9999 -9999 -9999 -9999 -9999 -9999 -9999 -9999 -9999 -9999 -9999 -9999 -9999 -9999 -9999 -9999 -9999
0.357936560882931 0.34522908487872 0.34464885832618 0.364946755866247 0.389082021139702 0.419360665384264 0.433140954315577 0.437822770564002 0.440306654645637 0.455941906748472 0.481842619943289 0.506311735289413 0.519800144581132 0.525291957975782 0.53538002067115 0.543941701122724 0.552101646269997 0.583815253975118 0.602995325790857 0.593857033194734 0.615644622959497 0.637281223505396 0.651427460150605 0.673357637208018 0.692690174444582 0.697789334630218 0.702593988634104 0.700294459145608 0.693323017689492 0.718012878588218 0.751008861227169 0.758496851652068 0.754386281030344 0.745965174304812 0.739542664557177 0.745879955427844 0.750911081681002 0.751520534857487 -9999 -9999 -9999 -9999 -9999 -9999 -9999 -9999 -9999 -9999 -9999 -9999 -9999 -9999 -9999 -9999 -9999 -9999
0.360227435632026 0.352261308730447 0.354901520411917 0.367496797656497 0.388203641865563 0.416766186048007 0.43551187454834 0.445421878098834 0.451134610765082 0.465464459231223 0.488231304565207 0.505294147036498 0.519459234844346 0.529460435942747 0.534334857214209 0.542181082772248 0.554465826556604 0.582465701451496 0.599413687272861 0.602790811689787 0.62677827348952 0.646864860076813 0.677494717986292 0.708203851395272 0.720379046692245 0.733685836702139 0.726275311773738 0.715799957304816 0.724452235017085 0.733365404577891 0.740723597250903 0.73976838896653 0.737895038381208 0.750300726755567 0.753961472433083 0.754921537835752 0.7570550300961 0.755260060424329 -9999 -9999 -9999 -9999 -9999 -9999 -9999 -9999 -9999 -9999 -9999 -9999 -9999 -9999 -9999 -9999 -9999 -9999
0.352101174427285 0.350883215032253 0.357720426170411 0.379060910548292 0.398131446160298 0.412499623462489 0.432602769475873 0.441136290757348 0.453452580645255 0.472660115752393 0.485048177825206 0.493880835161957 0.513590564616077 0.540775881455894 0.549101359913946 0.551213574844547 0.562542767569837 0.578266596367487 0.581139712762575 0.592622248586737 0.626176665675981 0.656749775366859 0.694361672047213 0.733483484616022 0.748920955986154 0.73282682776724 0.704726756121834 0.709004247118078 0.742590572851438 0.753153595477117 0.726003670037447 0.71950303684749 0.740379772403506 0.759730670822931 0.763327443514989 0.767701048325014 0.769521371296115 -9999 -9999 -9999 -9999 -9999 -9999 -9999 -9999 -9999 -9999 -9999 -9999 -9999 -9999 -9999 -9999 -9999 -9999 -9999
0.346682515832648 0.351208346972829 0.357136220435173 0.376546818473797 0.402952332620611 0.415277660903866 0.430947487663348 0.439216905764963 0.448528739472398 0.463835314653712 0.473717340880632 0.488857420111004 0.512493370237814 0.538015226247016 0.556371505499437 0.565986688999138 0.579816400984801 0.593228650571571 0.595828514361098 0.612463148429559 0.648160865377588 0.677047810252836 0.703888807896632 0.728813439565316 0.736274097092307 0.712646786431347 0.706305213241745 0.72116218070366 0.736531713884227 0.743777179248729 0.728253599277024 0.730531852902926 0.746910540337292 0.763139274642356 0.769484569498275 0.771066972359934 0.77356623422473 -9999 -9999 -9999 -9999 -9999 -9999 -9999 -9999 -9999 -9999 -9999 -9999 -9999 -9999 -9999 -9999 -9999 -9999 -9999
0.351331799822421 0.345922176422923 0.351093329398776 0.37366037454221 0.402637803302646 0.416156505483773 0.427505626171013 0.434146002659905 0.440631318176805 0.449720146312523 0.454473819240687 0.477528936658818 0.521559731625908 0.542273587619451 0.538272078077848 0.555309822532822 0.57970597601584 0.585594248687191 0.612717095414033 0.634681939739142 0.648889872344493 0.671161637807772 0.685458822671618 0.696692199447124 0.703341514153371 0.700209858586935 0.710462745307832 0.729900931001824 0.760421460204374 0.779394628389608 0.759114426207679 0.73972713277422 0.757381977365437 0.77592301512531 0.770675161004605 0.772587779847106 0.779754744561897 -9999 -9999 -9999 -9999 -9999 -9999 -9999 -9999 -9999 -9999 -9999 -9999 -9999 -9999 -9999 -9999 -9999 -9999 -9999
0.363867653971555 0.35600914067336 0.357577003625676 0.380646359217832 0.399549534874858 0.407878831948374 0.417942791690182 0.416903592199663 0.421144927527829 0.434444916022667 0.448718849014468 0.478804259445616 0.515459012698757 0.53314439248218 0.524053196150435 0.545514087837022 0.5744630559578 0.587084044374534 0.612780154880586 0.625618375002407 0.654144093145289 0.671360362502994 0.660886055604696 0.670726351225919 0.696529957208574 0.700389477076998 0.742506407853383 0.774124509876858 0.777064634462193 0.781869375387653 0.784189585175094 0.784042164183376 0.782851579534358 0.784195848313332 0.782875478258045 0.782755135378617 0.781802083380932 -9999 -9999 -9999 -9999 -9999 -9999 -9999 -9999 -9999 -9999 -9999 -9999 -9999 -9999 -9999 -9999 -9999 -9999 -9999
0.361612130556711 0.365731267234972 0.362085345092843 0.371651189271452 0.388729730101925 0.392493458316233 0.400481953127319 0.408725722877236 0.413852073771854 0.431722112337819 0.457249106397032 0.483391695600265 0.498642337481276 0.528979249824739 0.535232553693866 0.545957756349073 0.55463121376755 0.552201805209628 0.606659259634895 0.633794026113933 0.640196081500312 0.651529348793102 0.664454897244282 0.677746506210117 0.707498734415572 0.735570327006865 0.758951379204987 0.780124042807556 0.785396683941921 0.787141562189298 0.787765454825191 0.788998573279153 0.790532635799867 0.788994073260236 0.787476772774492 0.786894457352499 -9999 -9999 -9999 -9999 -9999 -9999 -9999 -9999 -9999 -9999 -9999 -9999 -9999 -9999 -9999 -9999 -9999 -9999 -9999 -9999
0.372442043449565 0.369897301304473 0.363847905622657 0.363215971289933 0.37056680935612 0.377811059486437 0.389877217598857 0.399938720405432 0.409804474669058 0.436521562942549 0.463653552529454 0.478810571459534 0.492587816375436 0.528773836054987 0.545964015593422 0.543418223889912 0.531464888952141 0.549881325023994 0.603885528584936 0.62081703496305 0.629369603920255 0.658654068561273 0.687900357665467 0.704175602709712 0.719932860755988 0.742629084909128 0.759741766375182 0.7751183027722 0.785136852910479 0.787472038337603 0.789807956794526 0.790052359446638 0.792667471987918 0.791591203226593 0.788706708120514 0.788084990397408 -9999 -9999 -9999 -9999 -9999 -9999 -9999 -9999 -9999 -9999 -9999 -9999 -9999 -9999 -9999 -9999 -9999 -9999 -9999 -9999
0.356501359067897 0.358466940279779 0.354692928239527 0.343015155503289 0.345675999728995 0.364337883515492 0.372262053483268 0.385916653574284 0.411382242905944 0.448810144749405 0.471286336272287 0.472279811904184 0.493490096844206 0.524464480651779 0.545373061554147 0.538078971976472 0.507186034701999 0.516806599084048 0.56990427737005 0.629244303475557 0.652442809147473 0.685625026265875 0.716995305664976 0.729679783876083 0.737866460266484 0.738552019078523 0.751249824428961 0.769321465359037 0.780349427482064 0.784897245783114 0.791303268814757 0.796315520042473 0.797569554912894 0.79382572681182 0.791052256677499 0.789716531090865 -9999 -9999 -9999 -9999 -9999 -9999 -9999 -9999 -9999 -9999 -9999 -9999 -9999 -9999 -9999 -9999 -9999 -9999 -9999 -9999
0.348721234743184 0.350254321250041 0.35160513919884 0.337617664819245 0.339067076752331 0.365693761546293 0.376965117826339 0.3911588086833 0.412113019678399 0.444783625126172 0.471699818144765 0.475270883459832 0.490855471231402 0.519095236160346 0.539602366444215 0.529362639544245 0.506232318480269 0.534742223261002 0.588699427224115 0.633179343233743 0.650096047900267 0.683325494686589 0.697815410331836 0.706284339511647 0.737889600521743 0.742709615666247 0.754612880977564 0.77203824374024 0.779148895422088 0.782594231578716 0.789302701553147 0.794373832295903 0.79412959485841 0.792523034668084 -9999 -9999 -9999 -9999 -9999 -9999 -9999 -9999 -9999 -9999 -9999 -9999 -9999 -9999 -9999 -9999 -9999 -9999 -9999 -9999 -9999 -9999
