layers/veg100/veg1400.asc
NCOLS 255 
NROWS 330 
XLLCORNER -2985163.8955 
YLLCORNER -3022031.214 
CELLSIZE 25000 
NODATA_value -9999 
[rows 75 to 99 of 330, columns 171 to 227 of 255]
0.840227701006629 0.845788170938957 0.848957312388606 0.849274923716615 0.836839410164294 0.822474954294856 0.825760508935295 0.828894287911332 0.831809832498232 0.821838449702105 0.808306087710284 0.820522176004387 0.828224845391576 0.828050796398567 0.823433590120813 0.816754492788815 0.831174486768157 0.840960966089527 0.840826494726116 -9999 -9999 -9999 -9999 -9999 -9999 -9999 -9999 -9999 -9999 -9999 -9999 -9999 -9999 -9999 -9999 -9999 -9999 -9999 -9999 -9999 -9999 -9999 -9999 -9999 -9999 -9999 -9999 -9999 -9999 -9999 -9999 -9999 -9999 -9999 -9999 -9999 -9999
0.837934592978087 0.839776757698713 0.839941130758236 0.838104827836133 0.822826260715028 0.806056779375986 0.813232330267127 0.819568362805465 0.824697273137405 0.801540762495635 0.770495785216903 0.794470751954388 0.809953321906858 0.81061514970619 0.802674539227407 0.790740711405206 0.816106486318994 0.832261384979418 0.828694613197723 -9999 -9999 -9999 0.805756508210222 0.804072360702253 -9999 -9999 -9999 -9999 -9999 -9999 -9999 -9999 -9999 -9999 -9999 -9999 -9999 -9999 -9999 -9999 -9999 -9999 -9999 -9999 -9999 -9999 -9999 -9999 -9999 -9999 -9999 -9999 -9999 -9999 -9999 -9999 -9999
0.830096419893511 0.831026349660019 0.830096506110877 0.826948983281197 0.816091495027848 0.804376722743373 0.806374692300672 0.807016601026102 0.805708664178877 0.77716828480852 0.74171203662593 0.773228920155853 0.793344572062876 0.793563047897142 0.792227085371127 0.790174354964843 0.809405921318033 0.823439161702627 0.826342117759937 0.827397678527075 -9999 0.806215335156533 0.805756508210222 0.804072360702253 0.803382644958086 -9999 -9999 -9999 -9999 -9999 -9999 -9999 -9999 -9999 -9999 -9999 -9999 -9999 -9999 -9999 -9999 -9999 -9999 -9999 -9999 -9999 -9999 -9999 -9999 -9999 -9999 -9999 -9999 -9999 -9999 -9999 -9999
0.824414919252039 0.823373705369587 0.82023221329043 0.814586252843541 0.806371923405455 0.798459160699939 0.800897825989844 0.796707842014572 0.782986690912691 0.755909024890527 0.726877622638178 0.760354439357851 0.78078199233705 0.778436260214088 0.780984838006734 0.785816670338332 0.803801942709345 0.817433544220444 0.821743376602214 0.810887568122522 0.791366448224629 0.794007765221159 0.79682197463581 0.797270818574306 0.799786790049064 0.803736475187096 0.816085349504733 0.825336591472926 0.821121868295692 -9999 -9999 -9999 -9999 -9999 -9999 -9999 -9999 -9999 -9999 -9999 -9999 -9999 -9999 -9999 -9999 -9999 -9999 -9999 -9999 -9999 -9999 -9999 -9999 -9999 -9999 -9999 -9999
0.821419767719594 0.817088434542148 0.81034342181261 0.800720226517761 0.792934480397297 0.787263366015633 0.797140847517678 0.789192965081048 0.755614442676087 0.738527586014404 0.729418486339312 0.75790232287256 0.773259318196627 0.765707641944054 0.768752596617422 0.776736510990426 0.799563871050169 0.814936288191585 0.81434671394848 0.805182015600842 0.791117681194677 0.781882617674412 0.776758594683287 0.78199728215077 0.791148086082765 0.803012246945621 0.816085349504733 0.825336591472926 0.821121868295692 0.819202263071875 -9999 -9999 -9999 -9999 -9999 -9999 -9999 -9999 -9999 -9999 -9999 -9999 -9999 -9999 -9999 -9999 -9999 -9999 -9999 -9999 -9999 -9999 -9999 -9999 -9999 -9999 -9999
0.81391271051169 0.796336551457457 0.77055691365735 0.734995070311028 0.753265852617161 0.781448034633567 0.752552579738694 0.722779275637458 0.691743734364954 0.704916132195899 0.73439639894346 0.759938024480165 0.775447760356986 0.773450065325705 0.780128353846179 0.790843801289064 0.793665730460082 0.79668195506333 0.800114191170526 0.794134312184025 0.782776559018919 0.770390993030742 0.76170084847446 0.76301062351528 0.772734754590863 0.788294895783419 0.802543933400016 0.812044314652107 0.805780807787358 0.791712352771716 0.771115946014083 0.767754012028183 0.766437170523684 0.761941255614557 0.750078552654487 0.73080856631721 0.764744843340781 -9999 -9999 -9999 -9999 -9999 -9999 -9999 -9999 -9999 -9999 -9999 -9999 -9999 -9999 -9999 -9999 -9999 -9999 -9999 -9999
0.804736416317668 0.772422215393479 0.725994248995565 0.662736379190571 0.710311318441586 0.775969862868656 0.701239153124786 0.648890969054606 0.628726052551806 0.673614915420433 0.740615142070722 0.762918475409089 0.77935832459093 0.785565351519788 0.796538556545004 0.809719439253109 0.787790509152901 0.775741208528319 0.784845464986578 0.781255863839841 0.770413273501919 0.758227669932185 0.748006717039853 0.743203780500013 0.751745156279764 0.769541850158654 0.783605014784001 0.792439746782358 0.784705491345952 0.776120312148302 0.766823431970436 0.761512355091462 0.757844899644324 0.758753516120403 0.749516043185198 0.73007670765803 0.763444632171263 0.800163453695225 0.782242193950994 -9999 -9999 -9999 -9999 -9999 -9999 -9999 -9999 -9999 -9999 -9999 -9999 -9999 -9999 -9999 -9999 -9999 -9999
0.792507181496265 0.763439373014977 0.732155033283668 0.698227599694375 0.722071360429815 0.755466076298164 0.71691408931347 0.696767561107093 0.703085776567211 0.725201389003796 0.75231245470451 0.760857041004572 0.768721282177629 0.775398200153508 0.787155721406873 0.80126986734997 0.787984391791147 0.779622940518095 0.781804458398222 0.766407039648322 0.74096540570887 0.736263804846492 0.732187109049173 0.727133614995169 0.735882555019003 0.754204556199781 0.75112665321538 0.748096187366089 0.752587819451298 0.747265807826872 0.733735799004891 0.684805247945519 0.652249822944019 0.719577656663449 0.742603059250192 0.721082499684965 0.74746563196287 0.779027574174614 0.774766260008957 0.772434090892654 -9999 -9999 -9999 -9999 -9999 -9999 -9999 -9999 -9999 -9999 -9999 -9999 -9999 -9999 -9999 -9999 -9999
0.775683143460158 0.750219659822683 0.731882473951314 0.722043013458542 0.727547697363364 0.735755313005577 0.726490600386617 0.727943711494639 0.744807710264502 0.750477889409775 0.751853545041243 0.750818923281756 0.752704509711556 0.75968637858111 0.771085532747621 0.784534637731778 0.777207395870703 0.771494116546662 0.769236538546335 0.748855894128173 0.718120130806837 0.718488494702802 0.718510668953152 0.713640623472879 0.722076099215041 0.739739988414499 0.729738640967997 0.72238978613312 0.733613133208757 0.729828482898452 0.713491349114168 0.62913557905248 0.571074801976168 0.681481584350729 0.718223748222338 0.68089635825967 0.715660177396633 0.758199813543362 0.746713476124182 0.744227860885151 0.752623338439003 0.772226448173278 -9999 -9999 -9999 -9999 -9999 -9999 -9999 -9999 -9999 -9999 -9999 -9999 -9999 -9999 -9999
0.75194956514429 0.730628655373702 0.721935627211647 0.728300666161681 0.723574769300644 0.717237076579849 0.726896465403787 0.734006191289192 0.737449821321353 0.736190166728503 0.733114438449754 0.728785685831002 0.728597845305187 0.735636632545578 0.744959083491329 0.755339661079531 0.749932690741942 0.745304144726565 0.742342305279002 0.727241071188875 0.705203655768385 0.707011819720056 0.70805706652884 0.704023116189703 0.711361619104255 0.726587802545886 0.725027994816838 0.724709437192376 0.734402511827359 0.729560002251505 0.712560129111469 0.605101438428911 0.526621997571896 0.645009266618569 0.667579048896391 0.593804634479486 0.660055330612386 0.737835393729443 0.687717784161219 0.68565929021621 0.741700100546291 0.772226448173278 0.793127332351002 -9999 -9999 -9999 -9999 -9999 -9999 -9999 -9999 -9999 -9999 -9999 -9999 -9999 -9999
0.732566938602427 0.700227031383728 0.688431802473447 0.70113499335793 0.7014449594258 0.699497627410079 0.71093172497264 0.717083123886288 0.715638664022672 0.714062470231658 0.712409505618599 0.710187225397354 0.711944829318889 0.720648038606338 0.725990254828113 0.729764500840642 0.724425871270294 0.719890842098239 0.717076424710158 0.709538554042702 0.699301806749525 0.698458869592071 0.697758613446526 0.696241101523501 0.700325173279653 0.708294378834241 0.71269961526067 0.715778325822166 0.715553229391668 0.708287561611223 0.695133256376698 0.584202374036982 0.501651567577838 0.618538550101493 0.659171989823805 0.623132720064126 0.659523310951972 0.701278718634375 0.673029525664446 0.6818590170916 0.735513423396412 0.741716680844663 0.736695075831205 0.761339056261851 -9999 -9999 -9999 -9999 -9999 -9999 -9999 -9999 -9999 -9999 -9999 -9999 -9999
0.716229457047616 0.66879451336842 0.649489331049839 0.663727370591126 0.673496383383631 0.681808868137344 0.688617715398466 0.691233006382571 0.687818488859371 0.688767455414615 0.691325756328737 0.693488874988952 0.698724174668887 0.709320976395143 0.710077731912696 0.706251867529008 0.699877567351747 0.694730954020291 0.692212976088235 0.693029852912151 0.69575219190934 0.690958039206506 0.687654875095503 0.689292289669044 0.689393915792491 0.688430353219946 0.697451599651472 0.70227974008226 0.689355952000551 0.678733232238841 0.670035094506065 0.564389879379433 0.485283414878236 0.596660999159724 0.666358384238281 0.694146453536411 0.678855028424225 0.659299181359993 0.674482943543334 0.697372873480964 0.72957889214277 0.700198870433078 0.663027672602444 0.733932818073222 0.776193204843656 0.776682307046308 -9999 -9999 -9999 -9999 -9999 -9999 -9999 -9999 -9999 -9999 -9999
0.736116210333383 0.725163791489737 0.715019066110516 0.705837471584937 0.681809010976326 0.657153540099042 0.66898909350639 0.668821330252556 0.651394301559479 0.661313547363583 0.681001774672349 0.691679402100637 0.699013499373566 0.700512542118513 0.700616037418657 0.700064107555044 0.68246274912846 0.668142791921852 0.660848736667311 0.667076319510583 0.681029866991427 0.680751113357175 0.681186180647669 0.685343042739048 0.684774828451927 0.680929406326862 0.684401873086866 0.685078730889762 0.673692810357339 0.648935212049127 0.612993725578914 0.540543680192508 0.49418161467521 0.592571227517551 0.645170485920228 0.651727679730887 0.648449967161906 0.643298842590872 0.640297258413064 0.651460019678142 0.679746246597388 0.686132916150788 0.690819174546059 0.744921577017523 0.776967464804103 0.77684938985272 -9999 -9999 -9999 -9999 -9999 -9999 -9999 -9999 -9999 -9999 -9999
0.752190708954379 0.75374320097378 0.747233325957049 0.731109513490167 0.687404473704256 0.641219876503349 0.649874881649438 0.646152254218294 0.62463214195942 0.641049665008196 0.670834182127209 0.684291366160191 0.692276272037862 0.690711079682581 0.690728017962147 0.691472800013156 0.665419162286848 0.645191491226706 0.637437963932737 0.647984376462688 0.668986969444042 0.667803783069689 0.667054857601717 0.670295708874572 0.66874017067702 0.663857963467771 0.666382695751677 0.667236961062319 0.659839743974721 0.631262283667972 0.584969958003353 0.528750388183117 0.497239835247159 0.585010601510857 0.621859448018947 0.607506456340208 0.603970900947325 0.603179579232025 0.604416363975521 0.616186337058276 0.640690021662218 0.674615751190435 0.711475731953519 0.749686661654986 0.771721979132721 0.7701691732709 -9999 -9999 -9999 -9999 -9999 -9999 -9999 -9999 -9999 -9999 -9999
0.761292509574979 0.731494326799598 0.718512845647173 0.725584373343938 0.688030181868208 0.641238329848077 0.631701537110829 0.623012388072808 0.615542044471304 0.633936498488796 0.660952628721415 0.666700015158415 0.672687325793028 0.679093346805775 0.680060240731107 0.6784853508715 0.64905456584339 0.628892090382004 0.628574257471723 0.641442433754672 0.661844803749999 0.649844192525098 0.638908417570637 0.63494972883324 0.631826182390308 0.629281872059976 0.639274283174332 0.648223225878179 0.649297345231055 0.635766416066474 0.610020024342993 0.539002129668563 0.489616604802474 0.571101706194977 0.594665140916545 0.559988512839416 0.533750168758789 0.518946269974684 0.565434894265214 0.600371933567578 0.621344108090721 0.667760378206554 0.719082318182525 0.743068508494765 0.760307065742339 0.767705871716329 0.76974187267258 -9999 -9999 -9999 -9999 -9999 -9999 -9999 -9999 -9999 -9999
0.751204791201953 0.706656093791672 0.692895328243987 0.715847509380575 0.680863815642808 0.63309287063838 0.625864445986557 0.618609806364929 0.611317472901248 0.62560176754418 0.646955813400811 0.648040564917307 0.649651505756544 0.652180740508971 0.648996749893345 0.643148404382787 0.624776825608188 0.613834647688805 0.618799772312482 0.633049562203287 0.652604404263556 0.626751872570397 0.609087593392442 0.619082709249534 0.62163649939418 0.619029151602414 0.625326077569596 0.63206144919577 0.637231475166279 0.621371046368771 0.587921033222518 0.523636464291215 0.480658280877974 0.556636160747382 0.575474617798725 0.536859555908509 0.512815190653185 0.502370999198876 0.558288315823734 0.592195102439777 0.599493066491046 0.649821627232128 0.70929069589491 0.731195508434753 0.749358881702242 0.762066292635626 0.760907345814529 -9999 -9999 -9999 -9999 -9999 -9999 -9999 -9999 -9999 -9999
0.731729765181009 0.680551174110083 0.668795747138988 0.704050315128963 0.669885649885975 0.620953712640061 0.626062118217298 0.623373303992378 0.609473064621211 0.616669460335402 0.630945855923859 0.628858611941166 0.624929511891704 0.617786045563817 0.607955893891363 0.596878322600643 0.596628059983554 0.599384757652755 0.608579743945917 0.623751236039263 0.64233757122591 0.601148676232488 0.5784476783806 0.612744588985196 0.624520060991778 0.62067516431373 0.617815704596475 0.617294820138674 0.624420339209804 0.597730242190481 0.542757226989454 0.49573903720359 0.471046843488883 0.541898308003265 0.560199460284165 0.525661430606498 0.515990276817031 0.518893317908862 0.566715026028923 0.587754490102951 0.576416543027769 0.626461006172788 0.690988055904225 0.71675189342043 0.738639016673211 0.754872912528286 0.757366073103443 0.754759229856386 -9999 -9999 -9999 -9999 -9999 -9999 -9999 -9999 -9999
0.719332365863317 0.672590366520414 0.664523652047052 0.702575126926302 0.666796497954208 0.614077087374006 0.60666500044855 0.598122265035247 0.587953798757631 0.582030553855309 0.577644839470117 0.57229337711091 0.564186263543381 0.551270048722527 0.554029816316558 0.564088494739639 0.573445935211386 0.573020673459839 0.551649388336115 0.560402044437505 0.586366853605404 0.589583026024947 0.591328955946893 0.592050389144515 0.594472065717265 0.598072993262706 0.601732061389796 0.602508719713284 0.593423070510611 0.568479025974199 0.530271236766761 0.480367645371374 0.446956858966155 0.496828575847068 0.510681773295575 0.488318457058849 0.487222633913134 0.500418020151756 0.574755250621273 0.617764816413778 0.622901951582144 0.659084995285587 0.702017611204069 0.719437697409891 0.732561894999094 0.739421603236039 0.742757949228498 0.744168209595071 0.732433734349043 0.7341217919273 0.759581742030705 0.76775687818051 -9999 -9999 -9999 -9999 -9999
0.704443968687197 0.663751025995011 0.658406191933413 0.695212069174425 0.658290352754893 0.603815630408376 0.588323241426606 0.573788693129774 0.560631399728107 0.544852874183824 0.528487759656227 0.520200146150415 0.510432890168672 0.498083395018207 0.510229115065533 0.533776055101508 0.544026957523009 0.540361543650968 0.506899507160175 0.511643853759061 0.53821848175914 0.571301416745313 0.591373855695636 0.575870894821229 0.571141187456641 0.573883569009642 0.583919023437491 0.587724041990472 0.567746216027973 0.545916153474534 0.522536905603444 0.467701722856478 0.425565815052239 0.46378441215355 0.476235716778642 0.462778085797771 0.470065307159105 0.491767112938582 0.576157274893983 0.631611746284574 0.652085476379069 0.680271563943576 0.708819301837679 0.717529355533564 0.72349444413236 0.725456681131018 0.731050778128165 0.737466861082777 0.731443556688571 0.736483481434974 0.761116868723394 0.769979128250406 0.771382174329616 0.754693382313236 0.749179965979735 0.768094644634951 -9999
0.683778823608578 0.652501694776797 0.647661938879922 0.674347323007493 0.637400582580612 0.585808280781127 0.5728241222724 0.552235441559059 0.520712410701273 0.502571585793243 0.489548317753827 0.479065356340888 0.473274232114889 0.47567119788662 0.489531418978614 0.508720172137388 0.500448122767967 0.493813530452184 0.490684944241214 0.497022817632446 0.508769616451243 0.537565287801708 0.561482686977541 0.570197626394534 0.563717364271026 0.546698048469089 0.562416602063159 0.572943031002492 0.554480757672338 0.53854494998534 0.524722243561472 0.460828579471633 0.410595919377269 0.458536788422718 0.476537197603454 0.464432563836287 0.479807985298814 0.506068143398409 0.562623328296146 0.608248185491704 0.640659224106537 0.674374867127611 0.705403926560972 0.704869894278174 0.707584038617893 0.715034843909966 0.726138319648444 0.73804621468025 0.7369458180602 0.744162253853907 0.766108163501595 0.772441134865189 0.771389711087846 0.754693382313236 0.749179965979735 0.768094644634951 0.775036636333423
0.672577930545177 0.664699290472296 0.659003108329467 0.655909389449979 0.620354007667888 0.577240932625695 0.552973378793366 0.529024520599542 0.505533906803874 0.492994453393503 0.48438240916623 0.472477428591871 0.464492978586401 0.463350551408636 0.472664440534526 0.48684277421785 0.488023141606821 0.492825571459129 0.505383302789582 0.51378068325946 0.519800931358527 0.535503570839295 0.551315902780172 0.566186069364577 0.557985930543522 0.533784741233087 0.538023273042634 0.540178676864337 0.525439667815663 0.516311486614119 0.51187612498172 0.450071170708549 0.401068759844273 0.451620742101736 0.476065066119544 0.474258217773082 0.487172882518641 0.507626721587409 0.555283913170954 0.593884067967997 0.621535050495305 0.638696653213715 0.652729620663474 0.666675355020504 0.677238849322682 0.682870184367186 0.702708928843677 0.727153682307922 0.733998667685679 0.743843357471239 0.759000654923551 0.752765638087842 0.736412775475287 0.738318081393222 0.745135968096206 0.76251659882567 0.768099830067618
0.667041353903306 0.690929776769001 0.683562313515937 0.638923893390262 0.605607569522042 0.574323387039986 0.530518205816488 0.504821491238286 0.505162482850033 0.50299062562823 0.499429823201548 0.486565657581607 0.472695486499873 0.457069657041437 0.458090131053144 0.466867686697978 0.494243615387293 0.51910512000797 0.538582919379614 0.549318694238362 0.555059469840448 0.552398860900673 0.552954082669314 0.563169039861704 0.553267385038331 0.529413295737723 0.511899747528279 0.49665136483413 0.486956926529199 0.485183021020275 0.490033740667543 0.436989044880434 0.394799055803531 0.443706151631652 0.475129930808479 0.488974287323219 0.493114687507869 0.501558993806095 0.551651899992348 0.584906080717678 0.597803702203988 0.585194322181565 0.570574044701131 0.613198175209643 0.638254500516605 0.637692533905593 0.668197229191206 0.709395272739997 0.725994578672051 0.738737888768429 0.744652061638395 0.719840935372813 0.680497775129263 0.712142229329853 0.738671653891484 0.753600115237392 0.761977634091037
0.669518658020931 0.682281400994581 0.677445650046719 0.651624645138067 0.611658129651779 0.56839672510147 0.533332237706528 0.51377090219774 0.516501156680352 0.519113424906519 0.520929991003381 0.507245187207076 0.495000892543412 0.485270542407375 0.489298282806642 0.499723841564225 0.484968355365113 0.481799228409977 0.503437986432152 0.520070053320443 0.533841407743883 0.534373698151019 0.535679634373623 0.540740431542828 0.538301178076172 0.530660056372914 0.51103469143236 0.491621106782593 0.47705243814336 0.47485880734771 0.483015488724083 0.437061249477436 0.396494089434274 0.419481653503137 0.441991890502392 0.464022176559151 0.47830701852095 0.495541684941431 0.54290032141281 0.579779706264695 0.603990584413513 0.593128002414319 0.574456180163561 0.582717181335637 0.596954006043589 0.61990508902319 0.656503279046343 0.696572344636182 0.698436280578009 0.692225558622849 0.671714264471865 0.64491407073706 0.615139438835423 0.685692549158037 0.74074951206428 0.761429603971263 0.785839831113204
0.671845501538347 0.671785399430976 0.667543245840545 0.658314221621267 0.614662440815533 0.563406525720214 0.536174497927301 0.521382333251948 0.52447713312433 0.526531439726563 0.527634788530121 0.517135130504068 0.507410813463624 0.499039604281818 0.503330856096271 0.513500452790119 0.470225921170411 0.448480535682503 0.472831820395387 0.492262037500668 0.508880465528293 0.512733554872698 0.516107693399867 0.519831140903847 0.523401236615825 0.526864970937117 0.511430342209928 0.494142099266934 0.477024240684136 0.472782503651628 0.479310178340924 0.437847091593251 0.397880546612103 0.399393363943033 0.412014438017296 0.435804831061458 0.457872753448142 0.482746826364767 0.528134294561894 0.56872218207362 0.603507792639177 0.597856297491556 0.58035728126383 0.564713999338502 0.571007461772226 0.609290231593681 0.645538234354479 0.679229123572593 0.673054450495566 0.655116569634394 0.616345533447296 0.586261335477379 0.560285720065968 0.658139076590139 0.734632074702128 0.763835864777524 0.788946186992252
0.672396396506045 0.661956862109266 0.652130197279191 0.643034346322134 0.605563302269393 0.561566445682758 0.534835377149086 0.519627615818165 0.520988926466605 0.508351378502554 0.49149883690089 0.495465314963066 0.489517486342666 0.466267430013257 0.461173708537823 0.464525732063804 0.442668061226537 0.437135898567495 0.466558748139072 0.479444182022506 0.482880502723116 0.486780400532409 0.493241368848084 0.506482670662082 0.510416317699686 0.507894382490011 0.511124486127298 0.51148117937828 0.500047979024676 0.490473729922841 0.482454282189016 0.43842866387487 0.397053137891581 0.393727758875836 0.396386431267219 0.405062049471329 0.425059089257177 0.450817168782982 0.497258739886665 0.540277426459275 0.579158142382812 0.583179270541055 0.577447735187794 0.578045546017944 0.588780444352692 0.614297773612162 0.63278250364014 0.648297351400896 0.657111975219326 0.651526149124069 0.620436496579413 0.580616968605311 0.536668502917552 0.627516867948923 0.703947019505485 0.74811393084392 0.781245892157727
