layers/veg100/veg1900.asc
NCOLS 255 
NROWS 330 
XLLCORNER -2985163.8955 
YLLCORNER -3022031.214 
CELLSIZE 25000 
NODATA_value -9999 
[rows 200 to 224 of 330, columns 114 to 170 of 255]
0.0850555378304882 0.0981088010086206 0.105993541511418 0.111010975432956 0.110233069964395 0.110724295989357 0.115094982921505 0.125241947171948 0.139283823119975 0.145482133712861 0.149977199556478 0.151260722614978 0.155355610264694 0.161738205248336 0.168587963333383 0.17479678457841 0.177922082017624 0.180799040366004 0.183432995669015 0.193616216210581 0.205832948896857 0.220567924038121 0.239556023236898 0.263546742372026 0.287776057421206 0.312678817283456 0.343308963127671 0.372779494795071 0.400605888142512 0.431677117144618 0.463563971796215 0.488278967442814 0.51267234300294 0.536512599473873 0.558944783147492 0.580692600504169 0.592032854196324 0.598068184552763 0.59292108855703 0.583435479200481 0.571507172207435 0.573798682241785 -9999 -9999 -9999 -9999 -9999 -9999 -9999 -9999 -9999 -9999 -9999 -9999 -9999 -9999 -9999
0.0781858216666212 0.0872404016138284 0.0953772372375002 0.103004942011975 0.104562401947726 0.105954568003733 0.107552349429415 0.115434369764225 0.127553817474629 0.134153891352266 0.139670921720549 0.143307570001353 0.147806289802139 0.153006507852135 0.159405995699955 0.165585158350279 0.17002764148632 0.173515587770428 0.176069507272214 0.185041713299695 0.196237340023458 0.212574859205618 0.232999542155645 0.258231638825976 0.281374749142662 0.304022174242468 0.327634848925112 0.353526912311732 0.38265076640013 0.416045674556436 0.450501981484661 0.475285128167366 0.499514511799249 0.522791539135051 0.541188104132879 0.557368752380139 0.579180531729327 0.593508103685398 0.592059463115556 0.587235307507532 0.580510647759034 0.580663181670878 -9999 -9999 -9999 -9999 -9999 -9999 -9999 -9999 -9999 -9999 -9999 -9999 -9999 -9999 -9999
0.071980398015842 0.0748200790088391 0.083248865288004 0.0947782819362407 0.100012951029691 0.103256189160444 0.102014877285019 0.106898240317745 0.115911437606888 0.121649146383439 0.127524934881309 0.134850516761141 0.140502399303038 0.144792333180524 0.149361970175262 0.15434489628795 0.160937657681825 0.165947936242193 0.169409734672047 0.175541784677549 0.184001663995697 0.203112836944859 0.225737122680795 0.2524936104941 0.273963241617971 0.29326817007269 0.306401803682486 0.32752411276156 0.359973023159714 0.396350053244691 0.433511062848873 0.458096617538022 0.481537732917697 0.503010652730253 0.514422952467121 0.521338508003134 0.558869718648487 0.5857047539145 0.589992961288742 0.588857016393295 0.584667130475369 0.58249876609385 -9999 -9999 -9999 -9999 -9999 -9999 -9999 -9999 -9999 -9999 -9999 -9999 -9999 -9999 -9999
0.067424652179261 0.0698586035080111 0.0746280821218785 0.0806932255080579 0.0908883113634555 0.0980710396342692 0.0970482288062093 0.098636035923114 0.101984168213389 0.111631819305317 0.120990829867138 0.127485709665943 0.133598951456261 0.139401640828851 0.143772512775186 0.148397577005384 0.155057677220829 0.158219468003307 0.157958117294045 0.165042994908148 0.17577009056402 0.199041040141423 0.222569930702882 0.246402217236759 0.265316911797246 0.28267900235999 0.298662794414908 0.320651022967013 0.351152534930231 0.381959303901351 0.412872733029603 0.443684391401073 0.471089711542817 0.492636844406 0.508934985987279 0.522911442945914 0.559386573916548 -9999 -9999 -9999 -9999 -9999 -9999 -9999 -9999 -9999 -9999 -9999 -9999 -9999 -9999 -9999 -9999 -9999 -9999 -9999 -9999
0.0620608365967141 0.064379235316495 0.0670412696399524 0.0698939403773078 0.0828130596705277 0.0922859126532694 0.0918149042753084 0.0913748763075935 0.0909557382583527 0.102449579754152 0.113584924583306 0.119919549669782 0.126651043374276 0.133705483185042 0.138143770528645 0.142692356329383 0.149423637755343 0.151730839649787 0.149709021914245 0.156681431395742 0.168083081940446 0.194660269633737 0.218614893029633 0.239484797461045 0.257210470575193 0.274038626884903 0.290886429140244 0.312314167415695 0.340235486456341 0.367041570552558 0.393826158324091 0.428030144553186 0.457770565955342 0.479834592084119 0.500623924812381 0.520738675328624 0.516729826745449 -9999 -9999 -9999 -9999 -9999 -9999 -9999 -9999 -9999 -9999 -9999 -9999 -9999 -9999 -9999 -9999 -9999 -9999 -9999 -9999
0.054705348304783 0.057304182403429 0.0617227457596108 0.0671508280835903 0.0774455812805584 0.0852070875441205 0.0859229789929706 0.0864654532417107 0.0868909932360773 0.0951165540713075 0.103839177227429 0.111823141593149 0.119578110564721 0.127146737841493 0.132200070111178 0.137295259847243 0.144210669365466 0.148179882105526 0.1492662028009 0.153419787289396 0.161483172305628 0.189280628413036 0.212594021135989 0.230633157905062 0.250441322368526 0.269994886124215 0.282348902435161 0.299564620060363 0.323673414357761 0.350614080219314 0.378722666618391 0.409302651176298 0.437291734438504 0.460825010911462 0.484581090602252 0.508362857265714 0.511728280154106 -9999 0.537225924308223 0.537225924308223 -9999 -9999 -9999 -9999 -9999 -9999 -9999 -9999 -9999 -9999 -9999 -9999 -9999 -9999 -9999 -9999 -9999
0.0488280197195612 0.051564177217351 0.0553296385134819 0.0596661197587333 0.0677187504068124 0.0746411512821637 0.078259183041865 0.0816097954589738 0.0847800884993928 0.0899893574362389 0.0963358104947529 0.105798932806043 0.113728231282598 0.120409402765366 0.125256359732378 0.130185148033111 0.136663760948617 0.140712197884997 0.142382675871269 0.149878652675687 0.160695172862914 0.184081988423449 0.204526522814055 0.221510280081777 0.241908940418415 0.262621877019697 0.277062516843778 0.294001847096276 0.314483901097073 0.338036065187456 0.362853681077004 0.390336766949526 0.417231021341937 0.443112609095465 0.472581996462299 0.503552827403023 0.496313944680751 0.50016980146267 0.527412632862469 0.537225924308223 -9999 -9999 -9999 -9999 -9999 -9999 -9999 -9999 -9999 -9999 -9999 -9999 -9999 -9999 -9999 -9999 -9999
0.0438745307086189 0.0466585676098737 0.0482649241097022 0.0492179467697193 0.055267354437382 0.0618957947124733 0.0694879802003652 0.0767877406056546 0.0838903204027195 0.0862407886714752 0.0902339161137511 0.10106983421628 0.10864275198038 0.113560450343857 0.117687650056978 0.12200441350625 0.127658156187168 0.130796586631449 0.131473751185192 0.146162838431514 0.163539577018574 0.178996472949121 0.195179897155854 0.212217880220883 0.23227454959639 0.253168098269338 0.273808071920762 0.292930758328364 0.309902186024385 0.32786394554531 0.346506267192545 0.371221890093424 0.397431629360829 0.42621093538901 0.463110211846461 0.503552827403023 0.496313944680751 0.50016980146267 0.527412632862469 -9999 -9999 -9999 -9999 -9999 -9999 -9999 -9999 -9999 -9999 -9999 -9999 -9999 -9999 -9999 -9999 -9999 -9999
0.0418845270673539 0.0437290010886379 0.0453235333112967 0.0467794070024665 0.051416990529165 0.056212198783237 0.0610828606374698 0.0684185930150632 0.0774165087484302 0.0801853462532581 0.0839252229617756 0.0927501308252531 0.100881348350988 0.108448085382771 0.114448789899085 0.120074817772814 0.12509648505137 0.128148410170751 0.129272916849224 0.142900043011121 0.15896239302089 0.17353666263021 0.189083484644258 0.205774244616206 0.225537699440958 0.246026889706068 0.265064407290965 0.283132495134483 0.299826094274625 0.319957242241808 0.341543570697726 0.3668470512255 0.394070825705362 0.424597103002779 -9999 -9999 -9999 -9999 -9999 -9999 -9999 -9999 -9999 -9999 -9999 -9999 -9999 -9999 -9999 -9999 -9999 -9999 -9999 -9999 -9999 -9999 -9999
0.0406158488348322 0.0413805648737412 0.0430602377346292 0.0452474950412134 0.0485678898700312 0.0516290254241047 0.0539029462809081 0.0611146375001635 0.0716558398361684 0.0749843898121598 0.0785224136690154 0.0849421140999678 0.0931922085555169 0.102931759713738 0.110431756908764 0.117174800001438 0.122094690577086 0.12573855394692 0.128133808022321 0.13992689125786 0.153839220245373 0.168385198413898 0.18346348086098 0.19916787154288 0.218141290909212 0.237879487100124 0.256003879454402 0.273344347600955 0.289573342763102 0.31138988999408 0.335343622571504 0.360972528629474 0.375347242929259 0.370367107962193 -9999 -9999 -9999 -9999 -9999 -9999 -9999 -9999 -9999 -9999 -9999 -9999 -9999 -9999 -9999 -9999 -9999 -9999 -9999 -9999 -9999 -9999 -9999
0.0408652469938509 0.0403425384300521 0.0419400045814662 0.0447136658076082 0.0468730123064994 0.0488221739994631 0.0502928012502383 0.0577351234330211 0.0692041263243985 0.0728172038371821 0.0758603965792709 0.0794199583870125 0.0862864890687338 0.0958440179118825 0.103178523047582 0.110058218806013 0.116414122056827 0.122494806699957 0.128306186339252 0.137719819633131 0.148666727079408 0.164231189338876 0.178571528409238 0.191472026321064 0.208165983881471 0.226245459616291 0.247165775517906 0.265439705696795 0.279961504983263 0.300374636848698 0.323042523757348 0.347503008490187 0.364244812398176 0.367712104274214 -9999 -9999 -9999 -9999 -9999 -9999 -9999 -9999 -9999 -9999 -9999 -9999 -9999 -9999 -9999 -9999 -9999 -9999 -9999 -9999 -9999 -9999 -9999
0.0358211102415874 0.0377999229733616 0.0401078991748781 0.042598483181833 0.0450617259088922 0.0470994840147402 0.0480418467138111 0.0541155555529738 0.0636493025800689 0.0691389445709381 0.0737580318610604 0.0767463353313264 0.0820662529096848 0.0892834877949594 0.0971467815697977 0.104930862527225 0.111950559692942 0.119174113230232 0.126597142890849 0.135778204941447 0.145765906082959 0.15836117517648 0.17063477812608 0.182530030140538 0.197119985076711 0.213226861266555 0.236393288022895 0.256507553845355 0.272294367614883 0.291827270037025 0.312770270541886 0.334400985111012 0.347164121600313 0.344676883759334 -9999 -9999 -9999 -9999 -9999 -9999 -9999 -9999 -9999 -9999 -9999 -9999 -9999 -9999 -9999 -9999 -9999 -9999 -9999 -9999 -9999 -9999 -9999
0.0267749458172498 0.0341198054568855 0.0377376028420118 0.0392877629538962 0.0431624318976484 0.0461964436887554 0.0468184697905938 0.0503145017626352 0.055748459922417 0.0643182809893299 0.0720787765234732 0.076226264998019 0.0798763006291043 0.0831215411931171 0.0920385149347253 0.101307403605454 0.108407080486441 0.115795246740415 0.123465703615479 0.134037281472093 0.144582518717658 0.151193823797992 0.160396094374752 0.172645916697365 0.185264519971698 0.199161497189916 0.224158364431906 0.246798582097329 0.266097466107981 0.285145679037654 0.30403186878191 0.321576797285585 0.335124485660911 0.34179775943322 -9999 -9999 -9999 -9999 -9999 -9999 -9999 -9999 -9999 -9999 -9999 -9999 -9999 -9999 -9999 -9999 -9999 -9999 -9999 -9999 -9999 -9999 -9999
0.0259610138687013 0.0308334032301386 0.0347761031613341 0.0382030455367815 0.0411720699898029 0.0438129969371813 0.0456547480907557 0.0485190643932261 0.052072890693314 0.0595112578462248 0.0655289866154664 0.0656972988562576 0.0817398220525323 0.0817057827089621 0.0884056823570857 0.0961784903046936 0.104216355251699 0.111720864390858 0.118703477902806 0.126869780482962 0.13488973320711 0.140481774588901 0.148723572212217 0.160082072574757 0.176607289641317 0.194956711211835 0.216580281086882 0.236789414466067 0.254993114235962 0.273056217347328 0.291376769190843 0.315612568266668 -9999 -9999 -9999 -9999 -9999 -9999 -9999 -9999 -9999 -9999 -9999 -9999 -9999 -9999 -9999 -9999 -9999 -9999 -9999 -9999 -9999 -9999 -9999 -9999 -9999
0.0253384679982172 0.0278107831523253 0.0319065257491046 0.0369028862754098 0.0392153839311186 0.0416260613652811 0.0445697023737961 0.0470636271747512 0.0492543108359726 0.0553104751854944 0.0604149110732512 0.0612165365943737 0.0676584176978702 0.07868997532405 0.0849754592442614 0.091179242217036 0.100120841917909 0.10769789587105 0.113939723979838 0.119599278940795 0.125075810691808 0.130199259997062 0.137678434020222 0.147928464307857 0.168316134242987 0.191116263619765 0.209297900904426 0.226784523371511 0.243285731450467 0.260316581608599 0.276438227800486 0.27143712885076 -9999 -9999 -9999 -9999 -9999 -9999 -9999 -9999 -9999 -9999 -9999 -9999 -9999 -9999 -9999 -9999 -9999 -9999 -9999 -9999 -9999 -9999 -9999 -9999 -9999
0.0214217342096288 0.025614914305271 0.0296819906108726 0.0336791091645559 0.037433501706503 0.0409242026481823 0.0437595556656536 0.045939696521559 0.0476780314578629 0.0534465053139285 0.0586296013317854 0.0606636208992328 0.0667136093135616 0.0760315343777756 0.0816054456927603 0.0874189438662136 0.0967105497498344 0.104214495208369 0.10996919158202 0.114589784374145 0.118963451104532 0.123314160997943 0.12976114474975 0.138673812844231 0.159872865756609 0.183852263531788 0.200876621197457 0.216943267773185 0.231652040726891 0.247713619714998 0.263591816655224 0.266460727896311 -9999 -9999 -9999 -9999 -9999 -9999 -9999 -9999 -9999 -9999 -9999 -9999 -9999 -9999 -9999 -9999 -9999 -9999 -9999 -9999 -9999 -9999 -9999 -9999 -9999
0.0212222270791184 0.0258675363579045 0.0285304289745411 0.0300935496255239 0.0348440679176577 0.0393238451132948 0.0427728034155337 0.0450807692894799 0.0466193703093988 0.0518743216704308 0.0569690998040885 0.0604074211235726 0.0662945399023722 0.0741743322477651 0.0791026797492389 0.0843522832129401 0.092917758892863 0.100121633202777 0.105993162780414 0.110497780997246 0.114827728928196 0.119876023551719 0.126790088402603 0.135898714053931 0.154799511063917 0.175950125041246 0.191878439466191 0.206944622769034 0.220788448805971 0.238700959377314 0.257142554508595 -9999 -9999 -9999 -9999 -9999 -9999 -9999 -9999 -9999 -9999 -9999 -9999 -9999 -9999 -9999 -9999 -9999 -9999 -9999 -9999 -9999 -9999 -9999 -9999 -9999 -9999
0.0244055238118166 0.0283483691806548 0.0283553100578003 0.0261787556576408 0.0315197344838634 0.036905822810697 0.0416253340597278 0.0444630042676085 0.0460317595186273 0.0505676735108655 0.0554221780353175 0.060421243020256 0.0663539110042039 0.0730462849453517 0.0773891388997152 0.0819168566755192 0.0887768810986424 0.0954741404536455 0.102012132062681 0.107240726098509 0.112490814649507 0.119574739445369 0.128320273809167 0.139020230625398 0.152792893605337 0.167467258698458 0.182355257089016 0.196802748002744 0.210625673231295 0.23295559670281 -9999 -9999 -9999 -9999 -9999 -9999 -9999 -9999 -9999 -9999 -9999 -9999 -9999 -9999 -9999 -9999 -9999 -9999 -9999 -9999 -9999 -9999 -9999 -9999 -9999 -9999 -9999
0.0257702897216751 0.0268585049184916 0.0273288594199891 0.0274564474968671 0.0311632393943794 0.0354925469374804 0.0410558629876932 0.0444267052129697 0.0463191745214299 0.0502723012422339 0.054743245295028 0.0602890630099234 0.0650803289431213 0.0692575892613204 0.0743120653441762 0.0796686720074266 0.0857638383579307 0.0920574914896641 0.09854536653041 0.104905221145939 0.110782698477902 0.113899698245312 0.120580574303273 0.131453361610637 0.144473879969259 0.158138486453402 0.172083254444858 0.188243387667419 0.207544537050339 -9999 -9999 -9999 -9999 -9999 -9999 -9999 -9999 -9999 -9999 -9999 -9999 -9999 -9999 -9999 -9999 -9999 -9999 -9999 -9999 -9999 -9999 -9999 -9999 -9999 -9999 -9999 -9999
0.0263579875466537 0.0253190606292348 0.0264684582649316 0.0288318580028196 0.0309364559929467 0.0341420998430944 0.0402166738038807 0.0442571828382776 0.0469261331958874 0.0501898231524339 0.0526086579740193 0.0520704897777452 -9999 0.0658947937679518 0.0715103993472191 0.0777730583059404 0.0831828223744905 0.0890280774389184 0.0952994661332705 0.102563458780882 0.108934950563011 0.108599540414167 0.11331666222008 0.123976685465997 0.136824886972931 0.150263857904418 0.163368866253069 0.171053726608674 -9999 -9999 -9999 -9999 -9999 -9999 -9999 -9999 -9999 -9999 -9999 -9999 -9999 -9999 -9999 -9999 -9999 -9999 -9999 -9999 -9999 -9999 -9999 -9999 -9999 -9999 -9999 -9999 -9999
0.0246565774216275 0.0274542696451117 0.0273262146182126 0.0255750624563898 0.0284509723898983 0.0321265803946986 0.0373843899118803 0.0428098358492215 0.048348318093139 0.0502259634304987 0.0514644842737822 0.0517161358064791 -9999 -9999 0.0715103993472191 0.0775482990305651 0.081758725297672 0.0868176316303624 0.0927067867941144 0.0992753173198334 0.105728719630095 0.110599727798538 0.117746203559887 0.127569135354697 0.138960640853702 0.150884411368724 0.163598250420146 -9999 -9999 -9999 -9999 -9999 -9999 -9999 -9999 -9999 -9999 -9999 -9999 -9999 -9999 -9999 -9999 -9999 -9999 -9999 -9999 -9999 -9999 -9999 -9999 -9999 -9999 -9999 -9999 -9999 -9999
0.0255414986546074 0.0277054127717066 0.026749390297772 0.0240625415737612 0.0278767572176881 0.0318920414891895 0.0357491773473226 0.0408753038231054 0.0468571036207268 0.0492800496522319 0.0516650256626625 0.055007477112317 -9999 -9999 -9999 -9999 0.0827873280171939 0.0856629667562578 0.0913524555767859 0.0975576993481717 0.104053889049686 0.111644560522064 0.119756274474773 0.128480850282565 0.139478380068505 0.150013080284466 -9999 -9999 -9999 -9999 -9999 -9999 -9999 -9999 -9999 -9999 -9999 -9999 -9999 -9999 -9999 -9999 -9999 -9999 -9999 -9999 -9999 -9999 -9999 -9999 -9999 -9999 -9999 -9999 -9999 -9999 -9999
0.0292549858092071 0.0258960292948511 0.0246036231607262 0.0244576632894797 0.0293928189675757 0.0336052889162721 0.0354231532407991 0.0384079572413118 0.0421796221807852 0.0472601031022828 0.0519775876237974 0.0551042784740088 0.0565070736677139 -9999 -9999 -9999 -9999 0.0856629667562578 0.0913524555767859 0.0975576993481717 0.104053889049686 0.111644560522064 0.119120268516673 0.126460753889494 0.138226562134077 -9999 -9999 -9999 -9999 -9999 -9999 -9999 -9999 -9999 -9999 -9999 -9999 -9999 -9999 -9999 -9999 -9999 -9999 -9999 -9999 -9999 -9999 -9999 -9999 -9999 -9999 -9999 -9999 -9999 -9999 -9999 -9999
0.033037978240943 0.0288351887779068 0.0280431450598088 0.0291432578312496 0.0314653227736033 0.0339149699436496 0.0365666508627277 0.0394632842807767 0.0425250878077076 0.0469078191166904 0.051356433563218 0.0556198436959203 0.0605430453754371 0.0660031428973591 -9999 -9999 -9999 -9999 -9999 -9999 -9999 -9999 -9999 0.127618020409837 0.127618020409837 -9999 -9999 -9999 -9999 -9999 -9999 -9999 -9999 -9999 -9999 -9999 -9999 -9999 -9999 -9999 -9999 -9999 -9999 -9999 -9999 -9999 -9999 -9999 -9999 -9999 -9999 -9999 -9999 -9999 -9999 -9999 -9999
0.0372779046339469 0.0328981722428338 0.0324623471698446 0.0342144570483838 0.0336662679221301 0.0342257058815661 0.0378836995775955 0.041058827074001 0.043908360575235 0.0470136379001048 0.0506276377123498 0.0558354978737311 0.0608924764411091 0.0658266772904229 0.0656605402445063 -9999 -9999 -9999 -9999 -9999 -9999 -9999 -9999 -9999 -9999 -9999 -9999 -9999 -9999 -9999 -9999 -9999 -9999 -9999 -9999 -9999 -9999 -9999 -9999 -9999 -9999 -9999 -9999 -9999 -9999 -9999 -9999 -9999 -9999 -9999 -9999 -9999 -9999 -9999 -9999 -9999 -9999
