layers/veg100/veg1900.asc
NCOLS 255 
NROWS 330 
XLLCORNER -2985163.8955 
YLLCORNER -3022031.214 
CELLSIZE 25000 
NODATA_value -9999 
[rows 125 to 149 of 330, columns 171 to 227 of 255]
0.254352150913201 0.404291862102087 0.490214676198869 0.499800796414295 0.434399354903159 0.351935070710186 0.316902124534301 0.300978276488042 0.312530917335079 0.32288745723626 0.333070771821041 0.34888760358027 0.367253201271014 0.390066848627352 0.418230514987999 0.448881155040431 0.466997710205931 0.478022017550635 0.473860910351907 0.393836763483997 0.270466155370573 0.307479602802571 0.30919549695987 0.196188589105951 0.167741162531151 0.197942310629436 0.376280516914158 0.527499498652488 0.535167729882758 0.565340155654365 0.614334781537757 0.606585023059217 0.599980455409636 0.639588604908686 0.674634630058856 0.705093452805412 0.726829990878584 0.747808054667107 0.776494055166455 0.796990317948701 0.807585897845111 0.810015055814545 -9999 -9999 -9999 -9999 -9999 -9999 -9999 -9999 -9999 -9999 -9999 -9999 -9999 -9999 -9999
0.238888770917993 0.386203258108768 0.474939829077747 0.49382539723418 0.431043571036469 0.35010292428537 0.324994823357822 0.316638136224022 0.332367883307512 0.346892704165235 0.360744018449757 0.36997966600392 0.386328080052549 0.415089536129074 0.419346336922503 0.412211420089834 0.460517850546072 0.491374651456437 0.484869551742514 0.413281276488708 0.304505915684723 0.330468048344682 0.335443405354225 0.267185140838112 0.243072283599421 0.249577698564145 0.359823427662354 0.46760306828708 0.531282327495013 0.570791641109668 0.59008554324572 0.554730883679679 0.534524153064926 0.62254603647088 0.685606216424432 0.723567478128799 0.737041886269444 0.749714171020771 0.792552675720283 0.814387445727883 0.810830521424131 -9999 -9999 -9999 -9999 -9999 -9999 -9999 -9999 -9999 -9999 -9999 -9999 -9999 -9999 -9999 -9999
0.258330552300853 0.399726411484285 0.483008489152456 0.49699301958968 0.433116301598965 0.352611423595785 0.332077925401918 0.326505929360268 0.342446698856992 0.358284417069027 0.373781892139589 0.383055805096301 0.395495471219112 0.413459939418765 0.426525041824867 0.437318965916988 0.478719447639063 0.504173114165768 0.495482598832511 0.430525028622373 0.333417709018382 0.347410136490378 0.353167421767342 0.322760244235021 0.317498521295713 0.329677126147903 0.409837474352036 0.490362745767175 0.548752970168226 0.549950560939859 0.503313016216398 0.49191534384058 0.507748152356261 0.621653763986728 0.69995234887412 0.742448174746082 0.751888385870675 -9999 0.823898151816506 0.823898151816506 -9999 -9999 -9999 -9999 -9999 -9999 -9999 -9999 -9999 -9999 -9999 -9999 -9999 -9999 -9999 -9999 -9999
0.295112116228172 0.428953288234312 0.502673466866739 0.504702606484743 0.437885746802658 0.357276218714036 0.338659491629485 0.333496406610917 0.347677973249524 0.36341012435993 0.379549374454672 0.392149886465135 0.399741135224905 0.398590329074253 0.436715595637382 0.493115515105894 0.509182013485051 0.516696282114673 0.505899127159162 0.446675512212655 0.359782090197897 0.361348585108258 0.366657037663408 0.370674458809287 0.391475241491477 0.42391659028687 0.492872283507884 0.554183368947773 0.576832622017922 0.516048163976892 0.385480892615491 0.42365452620165 0.500187304726489 0.628784448819168 0.715974849315664 0.761530892827379 0.761994425767688 -9999 -9999 -9999 -9999 -9999 -9999 -9999 -9999 -9999 -9999 -9999 -9999 -9999 -9999 -9999 -9999 -9999 -9999 -9999 -9999
0.320037010382454 0.428390041604555 0.479484245950891 0.462300390319839 0.425098711090832 0.383787751222807 0.35952787758686 0.34907866786635 0.358487462490547 0.376209358133382 0.397201885457109 0.421661018507551 0.441193485256779 0.452128043456368 0.47832943697614 0.511628451826708 0.511535808591467 0.506252900167202 0.489856966581218 0.438258987650428 0.366547339389285 0.407609501999763 0.44481827067292 0.457350710007571 0.479872485747936 0.509322642945506 0.562767071893941 0.608546208723313 0.619898941740341 0.593502277221183 0.535532533593584 0.565258201954431 0.615667413566995 0.696528963253824 0.757255558275427 0.797736516533609 0.802656958285546 -9999 -9999 -9999 -9999 -9999 -9999 -9999 -9999 -9999 -9999 -9999 -9999 -9999 -9999 -9999 -9999 -9999 -9999 -9999 -9999
0.356156349069358 0.428294929001142 0.454107541526661 0.424678938790499 0.410993866613647 0.400448183415629 0.375581506167702 0.362867598240565 0.367627849951963 0.386619614954274 0.41121533467684 0.441845402571376 0.467304791421955 0.483740426106653 0.502935257096532 0.523405297132212 0.514933289606572 0.503095124027473 0.484049581217336 0.433484976408754 0.364911077412007 0.440029922213741 0.504689195986233 0.523085931407726 0.542581809931962 0.562840029655108 0.60427283243751 0.638832821482078 0.642642194955645 0.640925609827036 0.634587188603446 0.665055625511846 0.703579563125843 0.752046178083703 0.794950969307426 0.832263363382225 0.847028586115473 -9999 -9999 -9999 -9999 -9999 -9999 -9999 -9999 -9999 -9999 -9999 -9999 -9999 -9999 -9999 -9999 -9999 -9999 -9999 -9999
0.418267061431037 0.430229117779661 0.425105047567005 0.399606693810898 0.394439004976504 0.393869085297845 0.380160633827222 0.372277464859237 0.372770322268757 0.391317666064266 0.416521230298994 0.440035829143442 0.457122895602437 0.462992775373473 0.487620317735241 0.520971129048134 0.521622695334781 0.517343724048744 0.502507837824732 0.437834388020049 0.344684857798065 0.439747121386673 0.520636244556873 0.539666618199592 0.546060015154378 0.543688686265143 0.581254657682873 0.614343599313999 0.61840949327194 0.616064115535073 0.608356437957212 0.662460081049831 0.724465291646059 0.777640624113599 0.823631615709694 0.862398774022514 0.862669416336498 -9999 -9999 -9999 -9999 -9999 -9999 -9999 -9999 -9999 -9999 -9999 -9999 -9999 -9999 -9999 -9999 -9999 -9999 -9999 -9999
0.424008026040774 0.405001282612981 0.394922519784961 0.395489891852278 0.397728183566146 0.399324093784571 0.389790656608393 0.383511988377228 0.381913270092484 0.397401349887853 0.418871826339503 0.432205210378272 0.443150301351194 0.449927396337694 0.484890438251863 0.532961591357551 0.532533219345723 0.530036199489016 0.523109938598635 0.469378263381028 0.388903010697205 0.463766973998541 0.524750164429022 0.5288486774166 0.529631671346414 0.528115095031734 0.544438940103553 0.556475981398875 0.547739353700641 0.548824103534285 0.558123319028489 0.648621352181093 0.743010911207754 0.796362910789725 0.840271072621325 0.87468348380806 0.880992766299295 -9999 -9999 -9999 -9999 -9999 -9999 -9999 -9999 -9999 -9999 -9999 -9999 -9999 -9999 -9999 -9999 -9999 -9999 -9999 -9999
0.395519488412504 0.363279803310934 0.364023437965063 0.404097900849731 0.41306729401539 0.41208659423958 0.402487743422408 0.395854501551189 0.393485433777177 0.404326433929865 0.419427870556062 0.420718421538455 0.426875874545665 0.441526936815417 0.489802607073403 0.553711147649602 0.546006940523016 0.541783746630828 0.545013849680761 0.517435481357581 0.472253834596945 0.502544170104977 0.521678632504401 0.501393419255165 0.501115438346806 0.514714028607001 0.49924491604192 0.478339940837045 0.44887092608492 0.455850508812122 0.493315199295107 0.627955404437689 0.760135542242316 0.810912203912376 0.849598736611126 0.876128680748059 -9999 -9999 -9999 -9999 -9999 -9999 -9999 -9999 -9999 -9999 -9999 -9999 -9999 -9999 -9999 -9999 -9999 -9999 -9999 -9999 -9999
0.351090271542133 0.357109059252199 0.38043394888645 0.424395430809227 0.441357114549114 0.44813246246639 0.432164905038705 0.427749701237874 0.439945334534981 0.45294729615023 0.465952665182636 0.472822340570022 0.482116077032903 0.495640231017816 0.523802430313416 0.558769992158678 0.561929096057043 0.563300867678146 0.560845731068901 0.50665197691263 0.422895922192362 0.463632939021176 0.494430964587592 0.482805833813297 0.485729507448337 0.498743908094679 0.515695803365047 0.527168614157382 0.518578245716449 0.541321837854829 0.59027272549251 0.683905854421544 0.774824184290766 0.821127404089002 0.844117837543203 0.8436673339746 -9999 -9999 -9999 -9999 -9999 -9999 -9999 -9999 -9999 -9999 -9999 -9999 -9999 -9999 -9999 -9999 -9999 -9999 -9999 -9999 -9999
0.326040649718961 0.357698276231369 0.395241803254019 0.4398039488895 0.464844140981975 0.480667368346516 0.461806074395711 0.459501958954355 0.481004991727589 0.496933480360782 0.510377633216256 0.515493160252779 0.522254300086127 0.53188732680407 0.54553277901608 0.561045331499369 0.572953417510076 0.578871819988962 0.571965539840718 0.499645358601694 0.38994912255503 0.440718969241907 0.482672296992901 0.480611300455861 0.485105345965902 0.494145822782852 0.545805563725914 0.591369765774919 0.601461925513933 0.633054096710657 0.682628583040648 0.734609173028319 0.785770838818035 0.831477800129609 0.857328849220908 0.863214837893554 -9999 -9999 -9999 -9999 -9999 -9999 -9999 -9999 -9999 -9999 -9999 -9999 -9999 -9999 -9999 -9999 -9999 -9999 -9999 -9999 -9999
0.359567088005283 0.371211309367653 0.396805604910643 0.439034610830428 0.47217061199817 0.498865117342274 0.488242597154941 0.487272509549591 0.500181410624558 0.519991954497748 0.540375404442678 0.519454689549582 0.505953090599847 0.505399167928589 0.526708512464907 0.558191293535177 0.569462347658802 0.575579072486773 0.570659715521553 0.514233964135914 0.428378599339359 0.477943569989706 0.519818745066836 0.523883451656584 0.524483750896729 0.522681214286091 0.603889229031301 0.676536764524715 0.691403573969729 0.710178391647589 0.732221813889899 0.756247660782516 0.786414175143568 0.843008108448588 0.86928117166923 0.865066690602559 -9999 -9999 -9999 -9999 -9999 -9999 -9999 -9999 -9999 -9999 -9999 -9999 -9999 -9999 -9999 -9999 -9999 -9999 -9999 -9999 -9999
0.382620599874576 0.410060968500601 0.429058159839946 0.437987318063095 0.472774225376738 0.511322846427516 0.512614023292987 0.516852729995591 0.525329615302087 0.534862697443007 0.542735556059075 0.508241167892545 0.48929890989896 0.497497883887364 0.528700841761381 0.570596315645543 0.55568498625967 0.544924958321889 0.543053400580985 0.513463967657292 0.468037154532937 0.500627118024335 0.528445197487349 0.533567748059044 0.537252367287877 0.539939669332865 0.611429525407095 0.67859988808685 0.707357435288791 0.730135207892986 0.74791157891867 0.777768917438813 0.812385617348192 0.859863107258237 0.88435948537926 0.885748424251677 -9999 -9999 -9999 -9999 -9999 -9999 -9999 -9999 -9999 -9999 -9999 -9999 -9999 -9999 -9999 -9999 -9999 -9999 -9999 -9999 -9999
0.397973379800837 0.467540622476624 0.483876123252827 0.436735645486778 0.468434528500177 0.519559944820015 0.535466986025204 0.547763598807788 0.55486886787646 0.543713010126633 0.524773794612645 0.485869446992616 0.472385189829699 0.503263509653175 0.545999592415737 0.594221308818218 0.534344125343429 0.494152059600114 0.496108362137471 0.501400807032279 0.508599449807339 0.512618645065527 0.51610092665459 0.518554929630039 0.530454833737245 0.548906204687675 0.58180533497893 0.619556818330692 0.668908153387868 0.70805683628997 0.738672160658356 0.799203974190291 0.856980789562267 0.880633345468557 0.890568352555422 0.886710405285049 -9999 -9999 -9999 -9999 -9999 -9999 -9999 -9999 -9999 -9999 -9999 -9999 -9999 -9999 -9999 -9999 -9999 -9999 -9999 -9999 -9999
0.421588283072681 0.493229702069725 0.520655445755268 0.495356383579704 0.50229527951505 0.518424814357241 0.532436190206961 0.545387032514573 0.556812960465003 0.548794931907367 0.5325627505342 0.496585049293555 0.476036608919181 0.482414971743162 0.527586534027352 0.590781161342387 0.532524333148738 0.495747502258045 0.504962107605768 0.537963745165976 0.584556766283193 0.589220987329382 0.58806502798939 0.576714501652175 0.58710803738775 0.612582770747548 0.669723472775293 0.720366485426255 0.737931460138359 0.758278361888181 0.780952029312913 0.827936247542574 0.872897831830703 0.891110095548904 0.900120728180672 0.899879148244579 -9999 -9999 -9999 -9999 -9999 -9999 -9999 -9999 -9999 -9999 -9999 -9999 -9999 -9999 -9999 -9999 -9999 -9999 -9999 -9999 -9999
0.443317766127869 0.513257350129356 0.551093875100295 0.550649235235263 0.53702590944239 0.522090470168782 0.532103772628074 0.543884817966293 0.558207656080372 0.553927067514462 0.541602760739778 0.50657854369792 0.478915081387687 0.464097444666099 0.50695660331553 0.576633569828642 0.531085145023277 0.507021715943676 0.528960425368444 0.584916384617092 0.660309047267025 0.664646388871268 0.660403068136416 0.64230860924906 0.655383616755258 0.690077072596877 0.75881540095626 0.810378116789147 0.791583648269616 0.794701526872439 0.816146592511359 0.851870324154822 0.885877016517847 0.901772299937668 0.912811170465862 0.918966932339889 -9999 -9999 -9999 -9999 -9999 -9999 -9999 -9999 -9999 -9999 -9999 -9999 -9999 -9999 -9999 -9999 -9999 -9999 -9999 -9999 -9999
0.454429937424168 0.526222011242858 0.565918649626971 0.567343213901756 0.5582332831959 0.547675571776983 0.553131382544517 0.560222291837024 0.569664267943679 0.560897867619957 0.543992609747291 0.4993848870522 0.469908589862439 0.46683932021755 0.493761647854097 0.534631359074255 0.522498222379324 0.531239327908534 0.584674870161194 0.649090734607143 0.719780512048012 0.707374736525255 0.697160398161945 0.70339823339906 0.738953479846414 0.79484263036432 0.800721308013816 0.790238402069334 0.741087254037606 0.74823338847654 0.802465798963525 0.854804422946213 0.900532317541741 0.917636037466307 0.924398280797823 0.920762200309822 -9999 -9999 -9999 -9999 -9999 -9999 -9999 -9999 -9999 -9999 -9999 -9999 -9999 -9999 -9999 -9999 -9999 -9999 -9999 -9999 -9999
0.466459148800971 0.540286972952471 0.581393616132978 0.583482017432356 0.575901633552232 0.566444812549976 0.566291373061269 0.566993701546891 0.568926517158717 0.562378421780832 0.551409239167677 0.514539609017315 0.487452399962987 0.477437254822761 0.485019704070916 0.500802003244518 0.534644966810212 0.571332764871059 0.614111719390046 0.677168000084235 0.751810296011255 0.716628529438087 0.693553028804877 0.716817293895263 0.757146359868799 0.809311192024169 0.794168419208488 0.767727722166615 0.725858257714898 0.743902905991001 0.812058897608522 0.865281648019048 0.909842281531009 0.925896937872969 0.933946268731216 -9999 -9999 -9999 -9999 -9999 -9999 -9999 -9999 -9999 -9999 -9999 -9999 -9999 -9999 -9999 -9999 -9999 -9999 -9999 -9999 -9999 -9999
0.479300438101724 0.555326297552872 0.597444355240389 0.599129189810327 0.590436028442179 0.579178319188051 0.572484252582156 0.565293955317908 0.557390140540678 0.558997130070988 0.563277296054127 0.549484769036084 0.528507629338325 0.494992063246723 0.48022109118011 0.47421005742668 0.565152253677534 0.625484918872442 0.620278642139572 0.673279764734128 0.759539306582 0.696239182975372 0.654201004473229 0.688022046436444 0.717445145823441 0.743817930098664 0.744703209362828 0.743117451935813 0.741860039507755 0.77688710675572 0.842262015876435 0.882438631655282 0.914418722641424 0.927425203231934 -9999 -9999 -9999 -9999 -9999 -9999 -9999 -9999 -9999 -9999 -9999 -9999 -9999 -9999 -9999 -9999 -9999 -9999 -9999 -9999 -9999 -9999 -9999
0.509967320189707 0.568921850223858 0.60142437179389 0.602384301260978 0.586315380624055 0.565462912408469 0.546430276792545 0.540078536378308 0.551960334449386 0.55372520565229 0.55054477913045 0.523245026468318 0.508659798762554 0.516263677471416 0.518295297049907 0.517756842953428 0.5915569675374 0.644105776068805 0.65115278432393 0.681811909969294 0.725962476714879 0.685189221079422 0.663986782616945 0.705882248497259 0.738453673205841 0.764558150427951 0.788928334532003 0.806015196641606 0.798828819518642 0.821344303173099 0.868702016404716 0.897116176074343 0.917920917232481 0.917894607826343 -9999 -9999 -9999 -9999 -9999 -9999 -9999 -9999 -9999 -9999 -9999 -9999 -9999 -9999 -9999 -9999 -9999 -9999 -9999 -9999 -9999 -9999 -9999
0.542803424577506 0.577605724966459 0.597528215177733 0.599707335026773 0.57711186840017 0.547907451123186 0.524802456734698 0.522414015328592 0.549813381492817 0.548947375036726 0.536174172205796 0.495389889204839 0.483210123616015 0.520950326171892 0.54383453051633 0.559811351307415 0.605969676853405 0.645836570686796 0.672232700237617 0.686250384932123 0.693195300296745 0.682683617267471 0.687643135718748 0.73614607759534 0.773275389644601 0.802516205121485 0.842549237792969 0.870784236398916 0.855021734104649 0.864014306638131 0.893711684728382 0.912775738754054 0.928790197912668 0.938654717622201 -9999 -9999 -9999 -9999 -9999 -9999 -9999 -9999 -9999 -9999 -9999 -9999 -9999 -9999 -9999 -9999 -9999 -9999 -9999 -9999 -9999 -9999 -9999
0.570547220646467 0.562977598630075 0.564983754756754 0.578408509378325 0.559147642844608 0.53479467415288 0.554216856001212 0.563627992486621 0.558644500044035 0.548337296692636 0.535622004225425 0.514219935694304 0.484223570928562 0.439228631354617 0.46819804784032 0.531596950809634 0.563982534377075 0.594768534091216 0.622129619092403 0.659062352231722 0.701464113199144 0.714618824964923 0.736790917526735 0.786775191790765 0.822940991724227 0.849522605338366 0.859358715499282 0.866583561696835 0.870651274356734 0.887460047703689 0.914925269716143 0.9355744080766 0.950745026011268 0.945986354244545 -9999 -9999 -9999 -9999 -9999 -9999 -9999 -9999 -9999 -9999 -9999 -9999 -9999 -9999 -9999 -9999 -9999 -9999 -9999 -9999 -9999 -9999 -9999
0.585090183736041 0.560597923958357 0.551063228282421 0.559364620325687 0.549657816068588 0.539615672655731 0.578022567352936 0.59124353251793 0.568250286611064 0.555616605890237 0.546990740831531 0.541283386086669 0.501497052958541 0.402236844051098 0.428475390404068 0.513131073893069 0.542222623587003 0.576125756609201 0.620331108236298 0.677434760877824 0.741908217148272 0.748336113534866 0.763871573388986 0.811133646190406 0.844886018449718 0.869268363018822 0.874280494060066 0.879045385616099 0.889628092588789 0.90827265944468 0.933660055496972 0.951065380632868 0.964285237158919 -9999 -9999 -9999 -9999 -9999 -9999 -9999 -9999 -9999 -9999 -9999 -9999 -9999 -9999 -9999 -9999 -9999 -9999 -9999 -9999 -9999 -9999 -9999 -9999
0.58558391790869 0.571253888899948 0.556963565518631 0.54272058895454 0.5491870238166 0.563523021039724 0.595859129594032 0.604386686116958 0.578680527839835 0.571292340658906 0.571046519057944 0.577109387779996 0.536075575533996 0.412849682234081 0.426974680996672 0.505040242218605 0.541989915569635 0.591992156592605 0.669941623370069 0.744295705893759 0.816595465457302 0.783950014399291 0.767466885225271 0.807533068470947 0.837328913797046 0.86000148126852 0.887193254139726 0.909240579681378 0.912167312880063 0.926282914947512 0.949756733701434 0.958779002707905 -9999 -9999 -9999 -9999 -9999 -9999 -9999 -9999 -9999 -9999 -9999 -9999 -9999 -9999 -9999 -9999 -9999 -9999 -9999 -9999 -9999 -9999 -9999 -9999 -9999
0.559137505355659 0.562739544069372 0.556690556367588 0.539133240668265 0.538835019059178 0.54747435491276 0.594549083332171 0.613747334408407 0.592862703764729 0.585174436230509 0.581025206340461 0.548293439797623 0.501061517580972 0.428524245901478 0.456885155250965 0.532213254852782 0.566276985257193 0.602944159322264 0.645185641029503 0.72751782547232 0.832756949842817 0.795400298283291 0.766308702470876 0.777479149630075 0.796212828642927 0.82019219697919 0.870216483459057 0.913248213419681 0.923445387063596 0.937161563589253 0.953820985931259 -9999 -9999 -9999 -9999 -9999 -9999 -9999 -9999 -9999 -9999 -9999 -9999 -9999 -9999 -9999 -9999 -9999 -9999 -9999 -9999 -9999 -9999 -9999 -9999 -9999 -9999
