layers/veg100/veg1500.asc
NCOLS 255 
NROWS 330 
XLLCORNER -2985163.8955 
YLLCORNER -3022031.214 
CELLSIZE 25000 
NODATA_value -9999 
[rows 182 to 207 of 330, columns 114 to 170 of 255]
0.237089198576871 0.233517637638463 0.231847023267013 0.231230984244158 0.242855970431621 0.252951623067656 0.257824821782518 0.263969521863942 0.270971588251244 0.275207447420786 0.280382882048711 0.289486905411171 0.298160358030346 0.306483439925545 0.318491809204706 0.330369155606604 0.339277398885531 0.34880846375006 0.358948967674363 0.36687137484518 0.373860034489584 0.378068346680085 0.382190172351515 0.386210270638866 0.406991153764451 0.429212895844943 0.419687392188927 0.414570855351712 0.415705493640794 0.407387262955321 0.396555854412702 0.403993323237107 0.408999329040662 0.409823728445668 0.390809354664603 0.362832849814501 0.369881354438042 0.374626420934605 0.374515992717736 0.376711666879165 0.38020573760193 0.381098415909617 0.380090879540583 0.374395516246864 0.374366950298678 0.378213798769023 0.426610890124245 0.470353161233746 0.484088050926949 -9999 -9999 -9999 -9999 -9999 -9999 -9999 -9999
0.220775972220306 0.219914669170484 0.221128370766284 0.223493208740944 0.230712548996049 0.238978602899419 0.24944075492346 0.256701413632012 0.261803323188279 0.265026838099772 0.269950524594532 0.28103209063974 0.290326808659447 0.298167504904347 0.31095653163923 0.32307690904743 0.329074105610256 0.339832245967825 0.355249032038675 0.362254698086932 0.367169221139799 0.37033699931136 0.376025498870841 0.384678927479807 0.40207733731256 0.418929602367475 0.406934269330119 0.403459220097829 0.412064503601113 0.410745222974491 0.406285775029126 0.411405651879092 0.413830150891025 0.411619165374771 0.382240478796217 0.340562238247275 0.339745191770962 0.340570048467037 0.344855928092329 0.354272904801567 0.366578824721814 0.374715995914069 0.378224687957501 0.370064272787758 0.374505808317241 0.387565577120916 0.449737790850047 0.499769591204425 0.493245956948158 -9999 -9999 -9999 -9999 -9999 -9999 -9999 -9999
0.209520292900361 0.209991662057259 0.21295761536876 0.217307472362859 0.221718655059487 0.227965250166039 0.238942947941798 0.24699261715664 0.253067932983591 0.256434225297926 0.261230221092697 0.271547947534791 0.280429907541144 0.288143533345981 0.30171017522801 0.314450569287373 0.319795014618574 0.330836660866077 0.347453092654155 0.353966785611804 0.358214886884793 0.361858350039083 0.369375184762172 0.381447966024545 0.395368140458745 0.407448430223569 0.397113961707082 0.39737398277006 0.41265521230586 0.41730092935981 0.418236083992332 0.422824295826829 0.423429515099746 0.417184822596072 0.384098822490664 0.338827585804067 0.324992154880126 0.317998406547417 0.325426471096774 0.336734100896274 0.350226028421523 0.366926106059009 0.378301623843606 0.375327579699301 0.381808290890079 0.394754928584852 0.456488436467688 0.50650274898079 0.501477781783533 -9999 -9999 -9999 -9999 -9999 -9999 -9999 -9999
0.203720999106041 0.204038818291118 0.207535684406093 0.21279616901649 0.216122660565822 0.220144964434365 0.226164711153671 0.234650659603843 0.244799554176723 0.249554838524272 0.254356984229494 0.260953303196842 0.26830693862213 0.276276829377783 0.290617804181727 0.304384929649643 0.311513008562818 0.321820181136736 0.335238138398156 0.34171812353184 0.346818530318421 0.352573466586421 0.362200932373927 0.376383354263445 0.386721979387473 0.394674914623501 0.390457751320497 0.396711525436525 0.41781133179388 0.427306556598171 0.43258188127209 0.438565193366499 0.43817346922806 0.426818019927593 0.397206676962408 0.359248359560117 0.326835358067063 0.307817181775434 0.317034408115686 0.324481666184176 0.330932385356843 0.357617753179563 0.380474922357789 0.390942063849183 0.396839321916534 0.399611324035481 0.445571394431787 0.486232037961242 0.495167115714089 -9999 -9999 -9999 -9999 -9999 -9999 -9999 -9999
0.198372901621107 0.198091144459745 0.201213222159358 0.206223622443869 0.209094912236239 0.212226332532855 0.216251996523738 0.22489043183725 0.236639233220942 0.241182528872024 0.24600512438504 0.253936667194822 0.261253461297565 0.268070012518255 0.280362506036862 0.29251744285088 0.300508328589435 0.310362299553304 0.322039323754635 0.329072301984932 0.33546688229678 0.344029212918072 0.351947517988008 0.359108305755563 0.370858751833646 0.383321315799456 0.390095826042367 0.400466592163767 0.415936245670653 0.42790786564321 0.438273407412498 0.442458059887794 0.441472958159822 0.431596963553815 0.410234532298931 0.383623212948466 0.361288834136258 0.346037758509135 0.345717815941758 0.340442816181249 0.332377988318863 0.354889766516151 0.375682921481963 0.388428426856146 0.40094448257334 0.413303622054641 0.448672426196827 0.477608046208928 0.477550700245019 -9999 -9999 -9999 -9999 -9999 -9999 -9999 -9999
0.192807196147197 0.191996674026847 0.194446667185031 0.198705474486773 0.201535389459058 0.204335528484412 0.207207641758131 0.215643586053159 0.227831190688253 0.232282275076225 0.2374109596124 0.247118863194224 0.25448130504348 0.259935161281393 0.269866664446959 0.280073024256126 0.288553990395485 0.297980367525886 0.308331841664482 0.315803486163766 0.32332316181161 0.334880687661199 0.341092210034674 0.34101564318062 0.355022609559287 0.373000700344551 0.390427040903518 0.403826836544342 0.411517667143767 0.425022951087371 0.439987852058852 0.442064853274519 0.44065710963486 0.433256335766334 0.42146286991727 0.407680897990343 0.400554981611427 0.391675631169233 0.379100158081124 0.360426483454656 0.338319360260488 0.352391862124334 0.366897115238617 0.378354821739179 0.397048991901536 0.42069204128157 0.449795528344143 0.470098481964148 0.459158542862774 -9999 -9999 -9999 -9999 -9999 -9999 -9999 -9999
0.184745010800324 0.184785461251507 0.18603900065771 0.187965517268983 0.192680907531529 0.196841052364971 0.199277537039685 0.205372373106841 0.21393401518886 0.222231936495177 0.229793493638228 0.235015599264604 0.240217491543367 0.245402935502434 0.255969678838757 0.266694919068175 0.274601486130464 0.283260007605255 0.29265432629829 0.298590012365303 0.305121937480894 0.319771158701164 0.331537089195816 0.339911628451647 0.35307602976148 0.367776921114326 0.384049465886406 0.39583316605846 0.401252437813895 0.413682600029544 0.428123209787326 0.431818717563195 0.43051052715763 0.42059702540147 0.419273407857122 0.421849032196699 0.414274654695586 0.401462940865488 0.377611269608268 0.357242611899384 0.338834982832074 0.339150940009018 0.341203410194355 0.345649642360219 0.353541669705121 0.363790210527724 0.40942209982981 0.448154315011721 0.452326897456979 -9999 -9999 -9999 -9999 -9999 -9999 -9999 -9999
0.179029784058358 0.17836422558839 0.179218907506682 0.180916962965958 0.185440992123382 0.18934178249379 0.191339546805939 0.195894693080792 0.202174267802003 0.210506039019584 0.218094019521333 0.222613877960009 0.227251647913154 0.231985366658302 0.241547931438595 0.251520998289817 0.260128036317529 0.268787661507557 0.277498743923053 0.283383581837684 0.290089919175413 0.305457731152311 0.320548420766787 0.335313152841275 0.34759165049499 0.359481002403008 0.374419520936161 0.385707075932711 0.391818177264491 0.403011890259225 0.415760036550691 0.422574023721696 0.423915810850238 0.415846561695084 0.420537820714131 0.430995320518722 0.419379385058503 0.40304352534965 0.37675837854312 0.357052969636071 0.341052126989207 0.330629230953059 0.322008731024625 0.317475059173643 0.319931133204547 0.327167360877945 0.376166833994245 0.414989389138164 0.40621116326087 -9999 -9999 -9999 -9999 -9999 -9999 -9999 -9999
0.176361484357267 0.172968573682852 0.174459873395845 0.178660753673299 0.180297179465793 0.181836289158855 0.183391319242166 0.187447213121988 0.193189425562769 0.196604855753397 0.201095099148705 0.209824685890287 0.215970887047745 0.22001489549579 0.226444914717963 0.234015669078692 0.244978271603495 0.254637298090772 0.263020758391809 0.270782785001839 0.279172306431327 0.29217783820093 0.30769865648897 0.326178011211078 0.337514341108732 0.347196694276254 0.360567203305174 0.372812582883443 0.383462717696935 0.393210538875685 0.402749648030782 0.414629446681 0.421932286685653 0.421363717833148 0.426286209069848 0.433622023029523 0.413299809964113 0.393969770676117 0.37673116786936 0.360750570282442 0.345478262868136 0.328234216186523 0.311251379055745 0.295182299390766 0.299169048266497 0.316871595037047 0.352152686558437 0.383584293986291 0.396434147141828 -9999 -9999 -9999 -9999 -9999 -9999 -9999 -9999
0.171282092231338 0.169549219595808 0.170717101674821 0.173494215947653 0.173949580287024 0.17453879820166 0.175715342423267 0.178462111975302 0.182267675742072 0.185337144310649 0.189150429781581 0.195631698722187 0.201056557024851 0.205621776427742 0.212512383320578 0.220449946194903 0.231412217737694 0.240661560803961 0.24823478097352 0.257654587923133 0.267644871118792 0.278694506607246 0.292573557393595 0.309780629931967 0.323203613064068 0.335837757248638 0.351252620872213 0.36680218344634 0.382542726529924 0.39345511567614 0.402737371119035 0.414718015715099 0.424283691416403 0.42969612715641 0.433963960649967 0.437607170421625 0.414543954297351 0.393963861261826 0.378618026915091 0.362618971294374 0.346252134839679 0.31436629850324 0.282573600581403 0.252819966994482 0.271589010641906 0.323541786036482 0.352758204911741 0.373596020575819 0.373728872349041 -9999 -9999 -9999 -9999 -9999 -9999 -9999 -9999
0.16514250555741 0.166227525676208 0.166851514239267 0.16721973942525 0.166946307424493 0.16701893604727 0.1680516357522 0.169390551601157 0.170935947294424 0.175053652190841 0.178955535952637 0.181366008578029 0.185402402795963 0.190761867228008 0.198971974236403 0.207909138640842 0.218141694554914 0.226656076067288 0.233489201476622 0.244282269820896 0.255614693229997 0.265068340522815 0.276849158370876 0.291367246436665 0.307662589147303 0.324615946809754 0.342984413219131 0.3624252668571 0.383386585639089 0.396705005181559 0.407215926096046 0.417652800094035 0.428212404377657 0.438983079009993 0.442658218977 0.442992336630414 0.419627347529797 0.398581764358687 0.382425334969101 0.3648616855038 0.346505733960092 0.299157898771965 0.252671725825618 0.211800169544596 0.248220084004444 0.337498158351491 0.36193464794032 0.375928174773504 -9999 -9999 -9999 -9999 -9999 -9999 -9999 -9999 -9999
0.155480337725131 0.15572629016934 0.157035739086219 0.158935176792311 0.156535314952024 0.155707118583223 0.159383446611378 0.161490418110551 0.162539181222974 0.166349902871929 0.169976194790916 0.172156553745821 0.175636279870052 0.180173347262654 0.185542122063532 0.191891882231914 0.201953432642892 0.211515349591827 0.220588368669561 0.229980007101033 0.239631875114645 0.250448296779577 0.263036590725613 0.277709000601082 0.294174442039007 0.311225273685482 0.328961179051819 0.349918554883656 0.375443435274195 0.396203355295488 0.414701795638396 0.423369838676901 0.434182873903938 0.448684845784952 0.456365604589876 0.460838103481967 0.44348785546089 0.424755211787849 0.403108569817494 0.379814430713419 0.355592707199666 0.315533034279353 0.28345323248624 0.274154444189431 0.308975988883729 0.373970586221044 0.37765371979171 -9999 -9999 -9999 -9999 -9999 -9999 -9999 -9999 -9999 -9999
0.14631035007221 0.14688868121909 0.148091337791633 0.149640347183791 0.146172428473764 0.144962026921942 0.150101188452683 0.153019064020883 0.154439138807985 0.157579721474963 0.160636188310183 0.162893051407003 0.166114598777116 0.170121144042496 0.173620565627126 0.178008494883438 0.186579474071766 0.196257396236118 0.207018476566671 0.215344166171336 0.223641098076204 0.234931757149241 0.247686051968036 0.262161907988025 0.279399987311635 0.297475737830307 0.315999836648897 0.338957375476248 0.368200788306669 0.395664508035276 0.42151585834613 0.42900017698772 0.439915386589087 0.456731009014786 0.469435768215547 0.480169531631913 0.467732620789046 0.452028835499949 0.429438695670941 0.401187986834358 0.369750228106235 0.336836577377317 0.317428930465041 0.333649308656853 0.361573667540004 0.397502155168144 -9999 -9999 -9999 -9999 -9999 -9999 -9999 -9999 -9999 -9999 -9999
0.1379127883752 0.14066196231922 0.14051446776671 0.138760007904081 0.135885039384711 0.135106352872953 0.139855212395501 0.143651238200387 0.146804773524247 0.148705281793032 0.150730154863134 0.153544727088944 0.156976543893485 0.160910634559623 0.164066123562451 0.167473994625387 0.1724834804876 0.180815467399818 0.192398565003798 0.200184808695441 0.207637830330022 0.218008259820066 0.2299218264014 0.243650465450177 0.262606805634389 0.283163003984668 0.304705023691056 0.330421749798518 0.362057509068739 0.395067283338338 0.42727558961554 0.434494448176536 0.445274450589818 0.462178873482111 0.481505877748757 0.501832551740866 0.492580438413276 0.481029072254716 0.464631033708971 0.432638342497254 0.391865449856814 0.365874747150511 0.356417581800747 0.38865662418942 0.401367852774245 0.400724382653027 -9999 -9999 -9999 -9999 -9999 -9999 -9999 -9999 -9999 -9999 -9999
0.120946857575714 0.128440048779445 0.130134011775853 0.128610775922687 0.128423037025348 0.128849023513981 0.130720029661673 0.134160613991568 0.138659556167745 0.141235734698401 0.143544447859088 0.145558995639517 0.147636505965624 0.14976525115396 0.153266720548987 0.157010718381279 0.160912009972153 0.168940798848681 0.18100839775225 0.188707256303974 0.195910994512978 0.20579373003609 0.216658253705014 0.228677578617705 0.251024985685471 0.27627630797579 0.301044578077641 0.329237228471077 0.362285075508419 0.398391837238483 0.434350804100041 0.446001856259274 0.459877374874056 0.47757850921242 0.501586043529728 0.528363131898045 0.522811588165867 0.513891651399637 0.497871365647238 0.462842985169092 0.417112545206642 0.411678296360799 0.410788232486585 0.417168362193692 0.419759548311792 -9999 -9999 -9999 -9999 -9999 -9999 -9999 -9999 -9999 -9999 -9999 -9999
0.100819208290225 0.113711176524455 0.118537312208939 0.118888820189148 0.122102340658177 0.123957444565922 0.122008158365509 0.124580874576443 0.130202751885075 0.134249044582694 0.137401813017141 0.138097647269127 0.138252257668597 0.137966454974522 0.142100351547767 0.146711353757895 0.150511687067886 0.15861446560854 0.17092724302643 0.178746337400877 0.185997726594472 0.195650214323894 0.205533385009004 0.215687890162024 0.242011624617166 0.272688732776461 0.300784200467258 0.331348249097652 0.365412331273559 0.403519070828005 0.442038286995832 0.460066584999818 0.478411538073502 0.497301071448934 0.525032988366588 0.556693553149489 0.555145486698404 0.548368092432858 0.530567622157356 0.493090369296311 0.444534568020576 0.46436269022143 0.486494330153808 0.506765792316191 -9999 -9999 -9999 -9999 -9999 -9999 -9999 -9999 -9999 -9999 -9999 -9999 -9999
0.0955694705054904 0.098014570552344 0.104793711986071 0.113977220426126 0.114687377430762 0.114283340810885 0.111885961948872 0.113523464623676 0.11788166549736 0.123450737888311 0.128051772819939 0.129103670084068 0.130389199531328 0.131864843793459 0.136663468078079 0.141601179353451 0.144977054950793 0.151050587865567 0.159763813715098 0.168493604416416 0.177752527808788 0.190200630017603 0.205044451287827 0.222706171066637 0.248866216207658 0.277782513919078 0.309772750972155 0.343199959176906 0.37866455135158 0.415561652438598 0.452338576401795 0.476756414825874 0.500978404154237 0.524863574117149 0.550440072204646 0.57671554304486 0.582621570791635 0.583420873934519 0.573455540499269 0.544894983487208 0.505864824354877 0.514743138526578 0.52143750706674 0.516858433875493 -9999 -9999 -9999 -9999 -9999 -9999 -9999 -9999 -9999 -9999 -9999 -9999 -9999
0.0886504010002952 0.0853627788154265 0.093664937338857 0.108396680598143 0.107549861815768 0.105703042332971 0.102897695750728 0.103572934226157 0.106595111864741 0.11261775162927 0.118071309041961 0.120742459331866 0.123664335317294 0.126790235716434 0.131807596769726 0.136739143587105 0.14006629951301 0.144821078142632 0.150972804242246 0.16071580673086 0.171757623386432 0.186008593800636 0.204188671698328 0.226990253968611 0.253064067057075 0.280777316153171 0.315145805870094 0.349960036826726 0.385406254066074 0.421394263199205 0.457221914042274 0.486175713877731 0.514720720958502 0.542562690245149 0.56710074778867 0.590080467737735 0.601317580063432 0.607274385010463 0.602100652409242 0.581686115816717 0.552690603947242 0.550717282607606 0.550150201194365 -9999 -9999 -9999 -9999 -9999 -9999 -9999 -9999 -9999 -9999 -9999 -9999 -9999 -9999
0.0785377510812477 0.0785359881769425 0.0875385571478761 0.101536398785199 0.100943128219732 0.0992152908705904 0.0960787391583815 0.0957399631038873 0.0972877116284557 0.101718420271113 0.10688478874728 0.113591787181277 0.119116937556365 0.123680376141955 0.12806325352731 0.132351819158738 0.136349075785722 0.141144333410278 0.146720445438249 0.157672780929918 0.170067732710621 0.184222359197761 0.202631083255853 0.226043572318642 0.252179336001778 0.279756584596588 0.313602095325173 0.346979367684357 0.379692756605931 0.415346646061406 0.451742139996203 0.481685839339819 0.511580888226527 0.541392268531747 0.567028764579192 0.590709833174264 0.603216523396683 0.609702693268638 0.603498005768998 0.589755118788365 0.571768026356626 0.559130882285001 -9999 -9999 -9999 -9999 -9999 -9999 -9999 -9999 -9999 -9999 -9999 -9999 -9999 -9999 -9999
0.0689525163061267 0.0724471109063047 0.0784895136368129 0.0859453467571586 0.0912067393907247 0.0940909437538264 0.0910678172572285 0.0904442187973184 0.0914386087586312 0.0952148527336468 0.099951386227444 0.106997415636625 0.113432801203806 0.119371284163574 0.123967486076564 0.128440168684242 0.133251759138631 0.138570653627198 0.144385951742027 0.154948682445189 0.167042283658005 0.182249078897224 0.201394951859289 0.225174056413161 0.250136911887242 0.275713699815665 0.303895441966531 0.334170400601893 0.367413188971432 0.403970042328754 0.441341615071785 0.471037871861716 0.500341669592252 0.528970520058582 0.551250016034535 0.570621851310516 0.59069267491624 0.60379000277973 0.602187664386082 0.593517211211768 0.580867222691277 0.580752172319434 -9999 -9999 -9999 -9999 -9999 -9999 -9999 -9999 -9999 -9999 -9999 -9999 -9999 -9999 -9999
0.0596374027396407 0.0667361637218352 0.0679435973917273 0.0658827390106762 0.0798674647442037 0.0896648785008605 0.0869828993240379 0.0864479418684514 0.0873607092287287 0.0909626218325913 0.0951962626725522 0.100687959293539 0.107166472235412 0.114447992706648 0.119691733024359 0.12477213962414 0.130471934417347 0.136561920150137 0.143033712815843 0.152387925937105 0.163332814347155 0.180180001176941 0.200323458067022 0.224344061754665 0.247501563106073 0.270122987500701 0.290008051660433 0.316327767442571 0.351770739493466 0.389864142108546 0.428420875872221 0.45723597236811 0.484954265350632 0.510786286343774 0.527426882559063 0.539923262305682 0.570782042037452 0.593605382125882 0.599490548685197 0.595073474136015 0.584855965679301 0.582513679583082 -9999 -9999 -9999 -9999 -9999 -9999 -9999 -9999 -9999 -9999 -9999 -9999 -9999 -9999 -9999
0.0544472121609372 0.061570634126975 0.06378155451524 0.0632671994255402 0.0680473034033508 0.0729197831153995 0.077479238529287 0.0801342170485668 0.081505017380783 0.0848537241336923 0.0888858821444065 0.0945623414683491 0.101447545989084 0.109316349456818 0.116495514117573 0.123195914587869 0.128269647599561 0.134014557674412 0.140416223275677 0.150188675468585 0.161854538291247 0.180624348765089 0.200808842078976 0.222657317088087 0.24489432808631 0.267017806380909 0.287014773986388 0.312489406453255 0.345730448543728 0.379201235945229 0.412703725311168 0.445199836456114 0.474882609123429 0.499727029704592 0.51894417327729 0.535643984687503 0.568897530199783 -9999 -9999 -9999 -9999 -9999 -9999 -9999 -9999 -9999 -9999 -9999 -9999 -9999 -9999 -9999 -9999 -9999 -9999 -9999 -9999
0.0494597912202948 0.0548244059774316 0.0579637814448261 0.0598686758697356 0.0576841623373253 0.0587453043298315 0.0686099423724132 0.0739824871574564 0.0763260384210141 0.0789059876938799 0.0822730545100318 0.0881546542343061 0.0953641861360946 0.103654303669127 0.112073391085257 0.120004796874307 0.125737542488938 0.13193059381321 0.138574060289069 0.148655760111582 0.160768796703401 0.180734961784082 0.200698552312255 0.220659114594008 0.242280939606996 0.264220319176088 0.284666786601272 0.309295751401873 0.33985479565953 0.368979702590632 0.397861838011059 0.432167026027403 0.462736813863237 0.486882496885632 0.508349895993669 0.52849641205613 0.52373035269975 -9999 -9999 -9999 -9999 -9999 -9999 -9999 -9999 -9999 -9999 -9999 -9999 -9999 -9999 -9999 -9999 -9999 -9999 -9999 -9999
0.0447458073072081 0.0443159042959861 0.0479153008304619 0.0537500047885421 0.0507878341267511 0.0512593049564879 0.0615098141021245 0.0683291010750352 0.0728347340038045 0.0734316479098407 0.0750231205926649 0.081071290218211 0.0883923994406013 0.0967493448759264 0.104700713783352 0.112893495490775 0.122397301289536 0.130968466406389 0.1386270304294 0.148679319382298 0.160499325133838 0.179931650120149 0.199103093624542 0.217967682476963 0.239651609032679 0.262025947144671 0.283300328822079 0.306927154353188 0.333889350529763 0.359629413197594 0.38522757968374 0.416691094804659 0.445424904384927 0.469464192988711 0.492001173317315 0.513782989424222 0.517784089718384 -9999 0.543813722093295 0.543813722093295 -9999 -9999 -9999 -9999 -9999 -9999 -9999 -9999 -9999 -9999 -9999 -9999 -9999 -9999 -9999 -9999 -9999
0.041970600436181 0.0407258428162379 0.0427436207492355 0.0465713335998415 0.046337664160235 0.0480754578740739 0.0553249361416337 0.0616516465579271 0.0673561397398318 0.0684862292370469 0.0703950750397802 0.0762539375698475 0.0835540808316074 0.0920270454735754 0.0996019625686567 0.107653803467129 0.118358713773691 0.128375411782071 0.137718685063974 0.148807668726854 0.161179037999173 0.179060790915289 0.196961380809372 0.214884127179552 0.235892006917019 0.257795108307316 0.279816863028096 0.302788098302968 0.327105537681105 0.350116959658526 0.37293738986919 0.401272403747075 0.428309533215738 0.453114573730696 0.480147321669624 0.508081344492304 0.504013221956163 0.509395606822469 0.534699034148906 0.543813722093295 -9999 -9999 -9999 -9999 -9999 -9999 -9999 -9999 -9999 -9999 -9999 -9999 -9999 -9999 -9999 -9999 -9999
0.0404071157823337 0.0414597585235312 0.0406199072090607 0.0387301696888654 0.0434163261464191 0.0475804261631642 0.0497120832828455 0.0543341563650797 0.0606355030918932 0.0638713825937994 0.0674056915471976 0.0728528263247477 0.0800491649935216 0.0886688930664964 0.0959243994020557 0.103583854324719 0.113883664649027 0.124763038947784 0.136209524168565 0.149001511141453 0.162451984559264 0.178147714965398 0.194478262949626 0.211555497611498 0.23142599291986 0.252291491827266 0.275010281893969 0.297542517644592 0.319810250678746 0.340503154651851 0.360862240491013 0.385889487396091 0.411316997127902 0.437432874966902 0.471102733269139 0.508081344492304 0.504013221956163 0.509395606822469 0.534699034148906 -9999 -9999 -9999 -9999 -9999 -9999 -9999 -9999 -9999 -9999 -9999 -9999 -9999 -9999 -9999 -9999 -9999 -9999
