layers/veg100/veg1400.asc
NCOLS 255 
NROWS 330 
XLLCORNER -2985163.8955 
YLLCORNER -3022031.214 
CELLSIZE 25000 
NODATA_value -9999 
[rows 175 to 199 of 330, columns 114 to 170 of 255]
0.315697740501353 0.318522831991495 0.319386788693734 0.319162779832637 0.320153975943204 0.321147482510724 0.322020379313996 0.325679010305078 0.331216046378979 0.33495204569782 0.338598719996283 0.34249957047715 0.352667537768352 0.36793528085326 0.376331486319611 0.384094483943648 0.393588655278132 0.400074486866846 0.403616618705063 0.402585241607604 0.402647776676832 0.415297796977238 0.425385659812625 0.432459855555011 0.432762182050698 0.432877031343552 0.449553904415758 0.455507853474449 0.446258495584079 0.444268557834184 0.445395029350493 0.455201319493192 0.454631154189916 0.436215661972336 0.42742256186874 0.422998229500344 0.407426955105691 0.402099707033165 0.41836618664483 0.40259191322373 0.368777849396173 0.373381092001075 0.369772955250436 0.340165049790155 0.343658989394307 0.36979064829925 0.401047213481355 0.427042535888058 0.433757780242683 0.494440332780801 0.599645410078904 0.658431198723207 0.699685074894051 0.695049833725261 0.642202847750044 0.541533973640482 0.549187012447115
0.305377948310498 0.30678642137558 0.308128096017367 0.309432713346889 0.311211041930932 0.313423663191264 0.316707921803445 0.31927564442934 0.321360210821395 0.3250147222358 0.329129537826337 0.334279467264664 0.342168955141796 0.352287719133364 0.360846362109703 0.369719377425841 0.380971965565876 0.390025165973329 0.396926236745571 0.397620910772605 0.398157773646541 0.405811021936681 0.414941990080411 0.425811085468949 0.432615742706102 0.438438575485557 0.445974830622151 0.44765976991846 0.441048525201562 0.436111299635095 0.432138141438143 0.43486440140364 0.434423781457794 0.428536792314827 0.416355016672384 0.401277435297423 0.383384666428813 0.375001903697572 0.386665602811293 0.38355783574539 0.372133342989425 0.372874096574391 0.368458852940874 0.349100816917816 0.36660719173552 0.409324432690073 0.420871777464536 0.433865325066933 0.461789546709499 0.506478628975924 0.564998564537563 0.63358093736826 0.692476959549319 0.701510511839702 -9999 -9999 -9999
0.293533889725527 0.294982568016476 0.297464865731692 0.300520577546812 0.302728195543227 0.305464477414989 0.309653660337645 0.311390032523816 0.311472488060377 0.315417682574568 0.320210556478192 0.326614200470556 0.332351347613369 0.337546142570513 0.34586634130186 0.355140525120172 0.366515073758921 0.377451572305066 0.387959433111704 0.391495710259311 0.39379454201006 0.397654078439508 0.40586003125418 0.419178336534093 0.431584994403205 0.442565048136682 0.442512299329705 0.441213730140746 0.438148796698268 0.431428807339255 0.423531242217953 0.418757637052667 0.417531955096139 0.422407956884778 0.407621768252544 0.383843252783116 0.365405724887649 0.35432605933759 0.358756279337249 0.366113621061074 0.375119009643976 0.373652906078629 0.370655981257684 0.364851062494275 0.395020668908405 0.449792565659016 0.440468062731061 0.440090291709425 0.490420227684173 0.519487028827209 0.531011942503836 0.603047542506829 0.66947029178215 -9999 -9999 -9999 -9999
0.28117881161297 0.286215376590481 0.290741374098228 0.294984127522862 0.295745588514745 0.295973520350637 0.295186933645869 0.298063734434874 0.303410737053884 0.308960599393035 0.314646166637017 0.320715962722449 0.326190492010527 0.331180631539196 0.337733820965499 0.34414331910167 0.348911426210923 0.358676272124004 0.373330492247835 0.380033010982654 0.385623895057074 0.394813937511962 0.404182589749614 0.413761326820908 0.426197636149926 0.43853713143004 0.44222289248047 0.444447207735408 0.444599438082325 0.438785345474861 0.430887884826043 0.425005033181106 0.422336093416204 0.425194407969657 0.409875268638162 0.38625440472553 0.370661925753864 0.358253561230839 0.352557098664834 0.360799363090036 0.37688949904301 0.37632211381493 0.375940779737137 0.377974087637792 0.405819060537115 0.451316137897338 0.438409701606256 0.43749836958083 0.495662461905798 0.529204315583074 0.542433052546973 0.608699199815119 -9999 -9999 -9999 -9999 -9999
0.270402292560482 0.274783357267063 0.279910814706811 0.285452343425809 0.284462821308827 0.283448228105337 0.283049184187162 0.288036365653993 0.296655448967266 0.302563258091119 0.308242588870156 0.313995648304088 0.318356776990056 0.321585242132353 0.327021257509861 0.332328650680302 0.335640100111287 0.34514711897009 0.360716583470052 0.370154424429978 0.379061928343219 0.392728091743685 0.403824755099502 0.411899114855426 0.422858364915771 0.434094043121082 0.440134356295179 0.444403301874314 0.446160745438524 0.440111924988012 0.431542664472762 0.429541259368231 0.428570484289673 0.429372176682011 0.415620189708518 0.39519275165082 0.373521896008554 0.355481612692076 0.345094334910296 0.355829271719195 0.378456573346937 0.378517308880123 0.380072442987041 0.388160323708506 0.409129771933208 0.438908678021208 0.451658391390961 0.472227672448609 0.524498031234111 0.548644886133562 0.549590113228142 -9999 -9999 -9999 -9999 -9999 -9999
0.26104286076955 0.260959096966919 0.265393302100037 0.272333910489394 0.269319760013034 0.268198984732083 0.273002179416394 0.280970476628596 0.291072984887226 0.296219547634399 0.301085664238029 0.306537347954819 0.309021320393317 0.309090360639266 0.313992565167389 0.319780138599102 0.326257939575832 0.336327481166272 0.349911587879652 0.361697910714997 0.373944088955644 0.391319383808698 0.404651543889219 0.413228078141546 0.421357680592159 0.429278251373979 0.436430724844523 0.441417258171265 0.443332851817931 0.436025354136533 0.426181118933112 0.432541352262953 0.436088826283825 0.434798944267165 0.424499391847121 0.409990622681301 0.374230747587203 0.346695504717157 0.336497240781374 0.35116814193068 0.379841040013697 0.38028697832829 0.383168925934868 0.395710176706692 0.405718722614315 0.413995200062435 0.478648364225878 0.540460588748359 0.574513558590659 0.576814139667423 0.552919296836891 -9999 -9999 -9999 -9999 -9999 -9999
0.250714789907021 0.252239432792426 0.253815112732473 0.255419106156246 0.25401461290836 0.254293328225104 0.25923002974143 0.266487003021962 0.2753085226596 0.281704956042709 0.28770795672827 0.293155626552385 0.297216158962778 0.300147928336016 0.306621563947278 0.313648471513758 0.320766885542473 0.331185967830328 0.344834797138801 0.356470980708875 0.368411026143214 0.384813149942397 0.396285145566022 0.401958213820894 0.414255444671416 0.427260737817141 0.429030736621288 0.431111307547658 0.433632217629469 0.428583376841731 0.421452478879078 0.427620115445689 0.431364446716679 0.430941201165442 0.417088418138655 0.397100859477634 0.382658528548222 0.371703918864276 0.368101194117433 0.377308228372836 0.393727495353275 0.394046229578825 0.395122507558722 0.400049361420331 0.405880319656358 0.412329577597638 0.476054607182312 0.538547474585451 0.578378453016587 -9999 -9999 -9999 -9999 -9999 -9999 -9999 -9999
0.238702674864532 0.242139261037445 0.241351027516313 0.238219019173184 0.239118677246199 0.241169602390743 0.245772199612929 0.251982470031841 0.259276785553642 0.267150563336475 0.2745495465522 0.280212169487094 0.286200119158502 0.292452798763328 0.300227682352317 0.308217552160529 0.316147903447807 0.326839210921517 0.340232150100414 0.351269865671279 0.362324195956884 0.376543278750257 0.386049833968348 0.390013408525655 0.406649895978147 0.424604449630186 0.420718449455249 0.42001383868983 0.423819904271314 0.421880687915097 0.418265664427156 0.422914583894119 0.42593643521698 0.426160070608156 0.407825169314373 0.381106472099686 0.387150024720942 0.392362949555203 0.395824966135688 0.400155813180783 0.404975834730119 0.40646248805907 0.406406877148494 0.402687810268941 0.406809048416448 0.41629212135261 0.473536843474907 0.524650667965553 0.539774007384399 -9999 -9999 -9999 -9999 -9999 -9999 -9999 -9999
0.218955890963999 0.220141810048521 0.221569136841368 0.223130387765795 0.226476633998646 0.230795196527295 0.237437539782702 0.244357423336867 0.251464450772222 0.260089054060033 0.268377367809214 0.275099161441275 0.281562575766104 0.287815737661229 0.293521333509501 0.30033991340439 0.312341243386334 0.323108415997425 0.332667949494694 0.34315892474583 0.353785058801639 0.364019601291053 0.374878403964369 0.386471475471423 0.401736812975578 0.416032133101979 0.411203823321369 0.411747720174883 0.41990850458159 0.422134975189389 0.422399533412289 0.426778813289614 0.428428510607253 0.425383898449872 0.404396843785228 0.375253297783372 0.364158150311934 0.358853337771872 0.365754167015283 0.377081386197382 0.390900779850834 0.400688202237445 0.405911311287604 0.399617951524829 0.408311256972127 0.427253656378393 0.499278183637032 0.557040782839022 0.549857679275348 -9999 -9999 -9999 -9999 -9999 -9999 -9999 -9999
0.20201752184713 0.204642070157248 0.20885123403768 0.213939484446109 0.218425617630298 0.223439870206572 0.229879997985742 0.23648808703379 0.2432094314321 0.252167842141863 0.260837122042714 0.267876046510884 0.275252427521626 0.282903408920285 0.288197330939326 0.294370493092275 0.30589175843764 0.31582216370237 0.324195891590809 0.333695041487651 0.343323133864779 0.352269563575633 0.364505794140473 0.380611562277276 0.394780777743621 0.406769991417647 0.403371450298902 0.406749670165963 0.419736199973276 0.425944425480968 0.429736460946554 0.434873825712409 0.435922147448045 0.429938172845031 0.406896503072301 0.376064184660917 0.352679449701608 0.3402030306839 0.350720617785367 0.362220907211452 0.374274484007217 0.393090478392585 0.406898533894719 0.406777254026703 0.417671016295544 0.436097755396798 0.510079764955718 0.57047155941784 0.567367103722671 -9999 -9999 -9999 -9999 -9999 -9999 -9999 -9999
0.188109039286844 0.196152451284367 0.203754385649273 0.211111404435589 0.215327676820135 0.219341708238124 0.223160857800811 0.228355196428192 0.234476817400119 0.243319131375593 0.251820923398042 0.258376421529447 0.267137772697397 0.277694104916555 0.284364686558967 0.290459773455073 0.296591035258833 0.304700070436302 0.31474438270304 0.322771522776187 0.330786789976503 0.341354174884626 0.354994999508136 0.372250872878273 0.38562068293629 0.396763624920408 0.397353992977878 0.405277408758497 0.423597855728242 0.433589399177136 0.440529040435941 0.447533260987839 0.448811769201393 0.440243253156326 0.415791628444639 0.384064661032492 0.353621852526261 0.337583834028226 0.351910156952566 0.356222128697531 0.354895756170505 0.383525520083112 0.409485477765087 0.424972390097251 0.435507973352467 0.442657437266249 0.504763437074661 0.557948189254528 0.563468335342594 -9999 -9999 -9999 -9999 -9999 -9999 -9999 -9999
0.175737710529624 0.183865103289583 0.190826168735784 0.197140198618303 0.206907070423975 0.214999013028337 0.218408056590696 0.224289257067335 0.231837419213766 0.239556180625017 0.246910381352918 0.253014778445927 0.260179800379868 0.268207890460403 0.273838709417231 0.279298366329412 0.285577676394673 0.293705958747477 0.303643484643724 0.312009356340408 0.320490447072826 0.331715258260989 0.343799720615318 0.35689532395778 0.37166216248388 0.386320524517483 0.395427043021589 0.406953617342776 0.421911424728244 0.434114681146278 0.445029425148099 0.450621508861989 0.451787765122048 0.44534252647509 0.427358582574443 0.404098351768223 0.384195945459823 0.371225167286285 0.372865801231921 0.368219772562658 0.360034186760861 0.382046869529873 0.403493115846747 0.419960301850867 0.436460879147103 0.452984292109946 0.500785264798046 0.539823719391045 0.539391943773721 -9999 -9999 -9999 -9999 -9999 -9999 -9999 -9999
0.165091871837861 0.172049391879122 0.177552059933731 0.182247629531369 0.19783670536365 0.210441159541765 0.214207185619162 0.220814590597093 0.229337921578421 0.235824899591305 0.242020690441302 0.247878909877475 0.253015113574509 0.257563787391285 0.261460486899136 0.265977605823971 0.273609687984735 0.28214838753277 0.291574224040805 0.300644547054281 0.310068371826283 0.322099703925603 0.332434004036044 0.340772217047829 0.357168128705662 0.375801477839927 0.393791827394062 0.408407041644299 0.41823688037988 0.431894610964726 0.446392467881093 0.450093389908798 0.45106717920908 0.447350872231986 0.437903861161256 0.425849853474145 0.419062456505603 0.409893448436669 0.395704162213975 0.382416957717063 0.369637649062859 0.380815646800297 0.393314210928471 0.406509346925649 0.428346419949519 0.456093548568312 0.492088607412427 0.516864926751469 0.501396937367251 -9999 -9999 -9999 -9999 -9999 -9999 -9999 -9999
0.164542496193458 0.170991540368175 0.176519897572985 0.181537491456451 0.193959825696045 0.204724571868478 0.210439557050629 0.21408656052004 0.2163391354121 0.222688583878853 0.229502901596951 0.236598898141452 0.242098316459865 0.246298542304836 0.2478073622438 0.250123036124003 0.257690767167282 0.266099292059932 0.275330544720646 0.284429467549073 0.294450606003909 0.310239812868054 0.322977273858587 0.332125202885893 0.347734975076837 0.36553790264577 0.386599870481058 0.402210263253857 0.410091237360032 0.422473531589342 0.436029514579272 0.440444897326461 0.441270694952158 0.435923159081337 0.435678621821337 0.43773681622316 0.430107576587622 0.41770925522672 0.395258026069329 0.379074453875556 0.366419738130559 0.366116569423987 0.367834594710197 0.373430590081426 0.383874603557208 0.397634083974558 0.445274128695986 0.485838050064103 0.491737668002554 -9999 -9999 -9999 -9999 -9999 -9999 -9999 -9999
0.161812634894925 0.170308846487664 0.175942820187111 0.179988929410749 0.190370638583397 0.199585017858502 0.205126429771443 0.20694510903502 0.20625357035995 0.211228795013906 0.21693441212351 0.223316800076758 0.229185464676495 0.234636094316589 0.235706763450039 0.237234220585116 0.243595912216203 0.251196736629118 0.260010068660505 0.268761877902727 0.278660030959258 0.29559412788112 0.310167039927319 0.321962673348992 0.337240299553337 0.354064686834507 0.376099269784106 0.392811111282735 0.401976198557649 0.413562993387927 0.425758319208443 0.432597415461591 0.435213940330679 0.430568528099966 0.436011544602555 0.445998237302078 0.434500317127271 0.41910266895669 0.395484652960497 0.378400318343669 0.364994618949483 0.355894960431666 0.348507750081007 0.345118304651109 0.349171432828729 0.358314394877378 0.407652404807936 0.446655450773435 0.43803585183812 -9999 -9999 -9999 -9999 -9999 -9999 -9999 -9999
0.156251969214959 0.170113199087811 0.175956554549231 0.17735188772039 0.187154946863177 0.195194594859426 0.197806866672178 0.199266935315282 0.199950079763759 0.201945548579548 0.204300100816896 0.207435503645192 0.213681245098021 0.222457979686556 0.225621723439209 0.228195680262456 0.231869141474608 0.23778267096126 0.245888136524952 0.253805064173812 0.262645107223001 0.277331800131079 0.293003136848333 0.309832633704672 0.325367508643141 0.341021061260461 0.361303239166552 0.379254494140495 0.393900891524532 0.405315262662193 0.415606248103616 0.4270880865767 0.43401227063825 0.433098245076129 0.439665588312593 0.449552817395673 0.430256639848801 0.412158243646393 0.396584691032263 0.381190378362818 0.365896982517373 0.351486201936711 0.337168709792253 0.322994066428021 0.327150356519646 0.343842821718351 0.381965127998836 0.415817861433801 0.428435511301403 -9999 -9999 -9999 -9999 -9999 -9999 -9999 -9999
0.14621514414447 0.160407889668467 0.167534332564848 0.170740650252911 0.179848527315898 0.187433660465766 0.190473655200619 0.191023867978381 0.189895234617922 0.190770313973758 0.192263718026155 0.195179573742199 0.200578516360861 0.207998035085389 0.210508369599615 0.212763602201788 0.217111034683586 0.223568361760263 0.232090248267524 0.24116346870537 0.250770808724579 0.262901900650074 0.277642696017168 0.295453083121621 0.313081409312678 0.330983019374674 0.351963938529837 0.371671551977545 0.389573831592242 0.402619100277506 0.413961410751321 0.426810748736721 0.436653984293663 0.441327354201102 0.446390725374593 0.451537311422904 0.431163601719692 0.412803541020025 0.398688118792264 0.383041344677158 0.366532378994395 0.340206943694104 0.314036349071195 0.289407390860879 0.304927061571547 0.347903612406441 0.381225795418933 0.406201180976012 0.406344676004616 -9999 -9999 -9999 -9999 -9999 -9999 -9999 -9999
0.134614191479363 0.147382601812289 0.156182022638855 0.16277959383693 0.170882766179307 0.178000529041079 0.182417973374738 0.182009911212817 0.17834803683574 0.178818772168302 0.180304732868604 0.183869942405512 0.188057526460745 0.192751558791833 0.193969228078657 0.195650681422896 0.201608008609679 0.209189434340585 0.218360061718627 0.229079776360775 0.239954524189815 0.249754774616525 0.263061420497438 0.280492367378445 0.300630809769025 0.321693012744448 0.344166495435738 0.365833094228401 0.386355667047586 0.401861761957784 0.415504552929272 0.428704809322437 0.44088322823679 0.451304301017138 0.45440683406422 0.454085234562759 0.435167749232893 0.417480432408233 0.402386229157452 0.385586014303933 0.367825269848851 0.328676991586431 0.290701086045746 0.258276173492616 0.287687484018393 0.359387405887634 0.389025815269002 0.408720172820754 -9999 -9999 -9999 -9999 -9999 -9999 -9999 -9999 -9999
0.121747651832714 0.131708128969795 0.142675956232847 0.154202624353772 0.157759997593231 0.161161707789134 0.164991693479903 0.165351526753309 0.163371455534947 0.164829073493088 0.166798078033789 0.169402071664341 0.172855850972487 0.177001131103034 0.180331956433917 0.183950985693225 0.189350315345749 0.196085311107925 0.20412727361123 0.214373370321904 0.22523385348819 0.236954994707047 0.250934294892607 0.267569692317165 0.2878013429468 0.309308502112605 0.333149356664787 0.35720806890457 0.381575666788945 0.402659855253903 0.422262295588988 0.436556708201234 0.449390345934972 0.459711757273972 0.466134083779509 0.470702923230994 0.457560214977718 0.442306845051314 0.422604340383376 0.401201434592372 0.378841158048076 0.343265504442897 0.315166611738061 0.308224652938162 0.336355593252544 0.388472219067797 0.401552120620947 -9999 -9999 -9999 -9999 -9999 -9999 -9999 -9999 -9999 -9999
0.107793930538773 0.118840125350483 0.130815922762457 0.143307429560096 0.145851475343459 0.148505680579617 0.152480333282521 0.153091541849038 0.151434798724682 0.153069373896594 0.154953978963251 0.156659281845189 0.159657641398598 0.163708207143886 0.168133647887712 0.172661819128106 0.177391207899622 0.183388937379027 0.190627754814209 0.200045117221928 0.210325779052745 0.223010769105821 0.23744802479695 0.253946334644075 0.275000356636958 0.297659620815833 0.323175215345079 0.349593490262841 0.377291614502131 0.402974182310685 0.427451898400547 0.443019347278167 0.457261184030795 0.469223245974458 0.478996165769453 0.487700771290517 0.479069590941023 0.466666027758472 0.446310531902576 0.421471012680592 0.394106869845076 0.362968830760704 0.343816074138339 0.356564718404625 0.378701687422918 0.407259152338854 -9999 -9999 -9999 -9999 -9999 -9999 -9999 -9999 -9999 -9999 -9999
0.0921339899406393 0.110376585306451 0.121539167971471 0.128774019583039 0.13584858730321 0.142414116593356 0.147682431905229 0.147734390751227 0.144268989419011 0.144809427525258 0.145719089445111 0.1466238283555 0.149603664646244 0.154272081461363 0.158193643299137 0.162016935684614 0.165900700054642 0.171332484381248 0.178279026462975 0.186310336101438 0.195123593813356 0.207270454197235 0.221828717804276 0.239223327982832 0.262244067549648 0.287165233779846 0.3148379507975 0.343564703323127 0.373785901332348 0.402529288221371 0.430180467688168 0.447301686587916 0.464133447009835 0.480467399563561 0.493639249801565 0.505295240249314 0.499193048703522 0.490291941339764 0.475490905170321 0.449044810723704 0.416042240829198 0.390699328514689 0.37903179305741 0.402380544258435 0.411126031929771 0.409884626724982 -9999 -9999 -9999 -9999 -9999 -9999 -9999 -9999 -9999 -9999 -9999
0.0832477758921549 0.101047124936204 0.111972469178697 0.119084367985193 0.127828354241751 0.134994810991131 0.13791941903594 0.13851815071257 0.137548556878778 0.13775497697609 0.138081481365756 0.138444951306235 0.141030640654123 0.14542462895114 0.148881623004908 0.152336522175618 0.156392792066316 0.161483272222283 0.167585740636598 0.175222137262274 0.183695723438992 0.195253794491599 0.209424712794281 0.226668920652386 0.251826956794 0.279395631856386 0.308350034018197 0.338564156108172 0.370564349675814 0.401900740480434 0.432510298215259 0.45386805050917 0.474570869026296 0.494147338819156 0.50968903281292 0.523326329462733 0.522266252321823 0.517220523640737 0.503773306004403 0.476362626429933 0.441090148899124 0.428533699682729 0.421210382721679 0.424998846466779 0.426537469522404 -9999 -9999 -9999 -9999 -9999 -9999 -9999 -9999 -9999 -9999 -9999 -9999
0.0772789587116406 0.0913169334630301 0.102196240322428 0.111323234228274 0.12054480917116 0.126972246630831 0.126177721157574 0.127786653894242 0.131016225146106 0.131213054003288 0.131136673056839 0.131084793914155 0.133135329553195 0.136896674857453 0.139914519198921 0.143140820704056 0.147755406094357 0.152594166777229 0.157652285913127 0.165306276341947 0.173910971550843 0.18490745826108 0.198545212582139 0.215289685124546 0.242585509094749 0.27286006654325 0.302755097010676 0.334114418594271 0.367549859273167 0.401242089061124 0.434669542578944 0.461225615380919 0.486229417020649 0.508563637848885 0.526087132296237 0.541367213865959 0.546396532426223 0.545408181892354 0.531734984246022 0.503844009616618 0.467948050942112 0.470459824428577 0.477736189918078 0.493079757293529 -9999 -9999 -9999 -9999 -9999 -9999 -9999 -9999 -9999 -9999 -9999 -9999 -9999
0.0756803627383524 0.0799554944843216 0.0889651235048854 0.100601277752703 0.110015137277477 0.116880568001483 0.117399570169188 0.120233226834688 0.124627642165768 0.125191363271911 0.125410063191812 0.125659953084183 0.127734833751582 0.131294774305351 0.134226452436385 0.137243352885245 0.141039100468714 0.145494424877242 0.150595153827623 0.158351469463687 0.167238674671123 0.179533331619496 0.195132773304252 0.214619376939616 0.241345989010741 0.270417546141445 0.30207762058368 0.334495366247511 0.367987362566653 0.402356265543242 0.436615841377628 0.462625306582046 0.488052905662022 0.512479817053888 0.533451149659556 0.552808741396843 0.5641937375288 0.569420510086749 0.561666156015982 0.541730268590671 0.514935856076375 0.508871348280135 0.504184848874252 0.500718926314537 -9999 -9999 -9999 -9999 -9999 -9999 -9999 -9999 -9999 -9999 -9999 -9999 -9999
0.0722849301473912 0.0707279145612306 0.077160046955474 0.088024265270939 0.0986050495505463 0.106606620702823 0.107980356062958 0.111735606271197 0.117096698707694 0.118227643477534 0.119068830619377 0.12024427374094 0.122369853222974 0.125268592446322 0.128625357627191 0.132013411182144 0.135238729054541 0.139498467412943 0.144770399733429 0.152877070563864 0.162270153897595 0.175781327180848 0.19286543262355 0.214152101031823 0.240306666698012 0.268317241389365 0.300712078250272 0.333509962355769 0.366879299822941 0.401065207516108 0.435152382617275 0.461615911136276 0.487947664591638 0.514052792577249 0.536950749581381 0.558354372864732 0.573267128225688 0.582424113367305 0.579448316844677 0.566052302685373 0.546789430716485 0.534553940034613 0.525917625392733 -9999 -9999 -9999 -9999 -9999 -9999 -9999 -9999 -9999 -9999 -9999 -9999 -9999 -9999
