layers/veg100/veg1600.asc
NCOLS 255 
NROWS 330 
XLLCORNER -2985163.8955 
YLLCORNER -3022031.214 
CELLSIZE 25000 
NODATA_value -9999 
[rows 175 to 199 of 330, columns 114 to 170 of 255]
0.283232337657465 0.287635436710865 0.293636237647265 0.300523384917382 0.307671088772921 0.313957924935773 0.317995586111704 0.322066770530287 0.326160559485106 0.33080012892639 0.335911131309091 0.342405263060115 0.349861974881719 0.358101972334022 0.36659585633756 0.375422465442226 0.385526395819078 0.391366402613181 0.393034104465886 0.390858588643561 0.389925666466928 0.401532371151728 0.412487336187335 0.42267571042562 0.427894135084559 0.432303259578356 0.442510431901174 0.444735422383128 0.435643018421466 0.429366299019771 0.4248181510572 0.433586893959305 0.434466961133658 0.421780160699354 0.414492975402888 0.409632084166657 0.391773258553959 0.38442050081161 0.399213836947784 0.383001752156145 0.349332796284424 0.351765798779084 0.346523987413476 0.316958791122603 0.317931266317084 0.339787871500078 0.366411606043641 0.388867251937705 0.395819927835646 0.443742239283776 0.525464117072862 0.574493658111136 0.610611202282777 0.611906137206291 0.564998641064614 0.470278495215728 0.479838255520038
0.280638611326488 0.284968517593457 0.291673611962895 0.299696373469682 0.305093479119366 0.309933906520167 0.313610942438708 0.317491466173295 0.321509200611483 0.327675813406167 0.333673549422181 0.338462895403979 0.345044378728554 0.35308418793348 0.359581576407697 0.36643572735173 0.375841727146444 0.383445478839322 0.389285707215005 0.387525684459147 0.386172294148854 0.397173561087472 0.409054189465362 0.421969142496817 0.430843984205513 0.438322144887026 0.443521683482372 0.441059541528723 0.427734422183348 0.419014198955328 0.41254706518802 0.416873652884251 0.417828494286665 0.412984639284653 0.401449954064235 0.386834614716148 0.368517691810917 0.358164205374567 0.364597114553769 0.360285187889036 0.349923634788302 0.346345704624595 0.338706943405891 0.319622840254428 0.333329804826361 0.36946195401415 0.378054064408035 0.387885406619083 0.410779553806846 0.44635159798033 0.492382788652877 0.550427048471823 0.602049946409888 0.616950833121441 -9999 -9999 -9999
0.278319730144461 0.282470943967149 0.289257995055086 0.297507311864298 0.300997699554815 0.304459502993863 0.308343206882758 0.31251706051585 0.316886560509125 0.324039721807496 0.330563478862663 0.334172543502598 0.340069524183066 0.347828263499067 0.35273121232793 0.357798300414039 0.365437668011275 0.37451300888103 0.384993468361467 0.384628687392899 0.383750260683705 0.393863770162429 0.406103462834384 0.420844019879671 0.43193602755902 0.441188627003217 0.442912425848847 0.438141542516947 0.424162289662224 0.414355617611342 0.406399703980145 0.404571797087858 0.403967377253183 0.405467098532224 0.390455117143337 0.367893549991852 0.350322988177965 0.337219292530302 0.333531454335756 0.338985386211253 0.349586376142438 0.342054434885945 0.334341160697263 0.328248643570116 0.353354737786817 0.399796966131441 0.389261994942691 0.386185419558052 0.42652779029402 0.450214458020624 0.460160326463557 0.521902766999898 0.57882582052764 -9999 -9999 -9999 -9999
0.275679071199989 0.279480602371737 0.283517560770355 0.287685125549058 0.290227997360143 0.293714374712541 0.299805314262347 0.305562557959632 0.311094792397874 0.315596628950005 0.320516020277321 0.327120814267816 0.334379677680669 0.34217078063979 0.347463680067375 0.351993673717996 0.35484321870885 0.364903577780257 0.382019812651485 0.382878611543877 0.382046634283287 0.392104658691371 0.403452510822107 0.416317487257835 0.425253590141935 0.432805920449485 0.43790059313234 0.439535426599249 0.436264788617498 0.427738751162202 0.417517042944378 0.411739232308701 0.407663854714373 0.406516304867272 0.390350197098709 0.367323269554788 0.350454873612786 0.335425720573063 0.324273569517519 0.330198941463014 0.345739410010177 0.340605302756701 0.336012334672543 0.335230736625114 0.357361871327044 0.395162586119886 0.380414255143067 0.376725067522395 0.427081906479588 0.456134437777286 0.467611114410543 0.52561700029764 -9999 -9999 -9999 -9999 -9999
0.269209401439272 0.274261675503198 0.276996878530212 0.278446655633666 0.283835381651318 0.289214253947157 0.294157418859711 0.299268002273662 0.304491475052776 0.307601380092412 0.311645706959007 0.319403221244566 0.327361499979587 0.335483147885885 0.341148292404228 0.345816735802723 0.347763802970939 0.357879522711243 0.375988375731186 0.37821136016113 0.378492338079963 0.387655499049902 0.398141296796919 0.41018280959482 0.419119015273693 0.427171975442253 0.435274248457338 0.440724586393993 0.442414925383016 0.433393053357779 0.420940555807787 0.418038150013312 0.414910341231058 0.41139488658791 0.395494270405487 0.373903588246619 0.348779772426104 0.327596609562777 0.314720081627906 0.322809835817677 0.342704160728503 0.336974750444251 0.333350045399151 0.338213844573667 0.353362474473202 0.375544703574109 0.38425953752666 0.400721202875577 0.447487697341882 0.469978059776999 0.472440840221919 -9999 -9999 -9999 -9999 -9999 -9999
0.259302392785558 0.267042126749973 0.269775760388468 0.269732193400668 0.281372117500336 0.290320334953394 0.291103901042839 0.29356588707775 0.297159622355091 0.30000816499046 0.303832127978422 0.311087876058322 0.319150866913101 0.32787073991761 0.333892235126285 0.339305570616863 0.343839865804733 0.353176383934575 0.367211939962647 0.370925332963692 0.373276678251174 0.380791457956296 0.390441940632317 0.40260448505774 0.413476261749794 0.424005619435104 0.434789378752596 0.441729963277241 0.443221570828728 0.432109111215625 0.41745724887844 0.423557391404361 0.425343704145471 0.419711134478862 0.405350414234324 0.386903066787697 0.345482522415275 0.314349338583025 0.304901228090902 0.316675134580059 0.340397597270536 0.331385916790341 0.32679756555674 0.337607026116013 0.342175540252076 0.342475990386724 0.399499464875718 0.454751540492384 0.485714522599776 0.490934809674047 0.474917613991094 -9999 -9999 -9999 -9999 -9999 -9999
0.247666585631019 0.256657269952386 0.262677693158644 0.267050324572469 0.276190105389923 0.283232911374001 0.284366555922873 0.286492023557115 0.289286271986371 0.291908541341349 0.29577509093455 0.303782569664905 0.312092899854906 0.320649671046365 0.326588123759598 0.332437581447776 0.339606989604113 0.349262771683755 0.361351503136212 0.36722453953558 0.371670176774567 0.375540553138348 0.381354661314044 0.389455030455025 0.407000926493874 0.42543948099648 0.426750294897533 0.428178236714977 0.429772246263848 0.421139054024245 0.409745679170273 0.417330235352777 0.420815445215162 0.417250639241373 0.398160766143795 0.371983588862746 0.353481586170925 0.338784763924843 0.33210900954316 0.337530462453755 0.349762962652565 0.343191986721325 0.338164297428611 0.339362553869505 0.336860153509938 0.331826944679897 0.389299921785611 0.447275229367908 0.486705415830399 -9999 -9999 -9999 -9999 -9999 -9999 -9999 -9999
0.237080355141076 0.247077597926518 0.256175233440419 0.264773799875541 0.27018749338367 0.27464189004991 0.276951919831271 0.279213364383593 0.281442048185956 0.284064589448648 0.288060340946277 0.296448607716402 0.304812811827413 0.313157435297085 0.319088779281953 0.325293587229769 0.334256420321606 0.344392920050651 0.355677867920226 0.363599546774747 0.369887975994372 0.370641310711548 0.373229435809444 0.377975682517124 0.400945544149818 0.425598906715508 0.416840443010759 0.412828994506717 0.41554801701014 0.410514112274142 0.403395131356876 0.410803110426645 0.414925075643053 0.413395786270313 0.388604153053614 0.35329695249899 0.357230916282127 0.358671842248418 0.354857609937046 0.354822690655683 0.356915624451683 0.354535708818876 0.350012379631457 0.340379159563229 0.333638500255221 0.328876007977569 0.381738435846918 0.430551306808988 0.447152931396366 -9999 -9999 -9999 -9999 -9999 -9999 -9999 -9999
0.233512035430764 0.244614184962496 0.252615156307803 0.258895707877061 0.262532453576873 0.266048821876234 0.269529850782081 0.272175363319254 0.274257491811903 0.278010504669877 0.282332498277752 0.288016014943723 0.29530633500565 0.303904168125324 0.310632228519684 0.317068514239754 0.323457798114197 0.333869248728721 0.348216442055115 0.35698635796927 0.363803649744077 0.366028139628576 0.371351596008871 0.380320126307611 0.397830839415276 0.41488084801164 0.40444097978712 0.401963238127852 0.410774455896648 0.410785910291474 0.408016272172057 0.413801230273028 0.416134961813795 0.412533307562871 0.382951471411587 0.341567489217351 0.328517371816793 0.319705853700688 0.319829021598922 0.328393721504658 0.341711226938062 0.347118785774243 0.34745156258208 0.335376167035996 0.335636462315395 0.344332900829258 0.411687597332556 0.46610750987888 0.458222268039516 -9999 -9999 -9999 -9999 -9999 -9999 -9999 -9999
0.228532362520571 0.24103418756158 0.248612686125635 0.253459903955173 0.25595401376845 0.258693179714587 0.2623099695858 0.265130294545507 0.267413567641253 0.271119132356854 0.274974009743655 0.278887002673043 0.285140350430866 0.293298128130547 0.300522176868168 0.307552659546109 0.314352147578379 0.325053534273224 0.339572979794584 0.348077461178633 0.354889673858776 0.359258288753217 0.367186966489016 0.379303070009724 0.392581301144682 0.404071129000935 0.395488919115186 0.396406037972299 0.410791611003452 0.415356967814985 0.416526966475942 0.421658791651746 0.422550699067829 0.416150837256364 0.38493376919642 0.342406968982632 0.317357604416899 0.300889390222089 0.30250967155628 0.311036221823932 0.323451183950158 0.339142147561995 0.348880412929994 0.342612216401954 0.346233818915396 0.356618866010445 0.423956334317353 0.479103294938648 0.474989948859606 -9999 -9999 -9999 -9999 -9999 -9999 -9999 -9999
0.222030037005149 0.236249551802288 0.244132935749191 0.248501266976427 0.250537074704455 0.252672547060947 0.255308220789689 0.258077600702326 0.260937137951773 0.263324443960046 0.265856282504725 0.269006651217351 0.274262849278663 0.281232635559746 0.288628229139489 0.296644232019541 0.307072976570539 0.318080466273987 0.329654265671433 0.336691816721471 0.342922901983789 0.350161682176452 0.360555210863545 0.37465942550736 0.385028576226215 0.393162521345619 0.390256123384917 0.396576027129888 0.415977278523989 0.424566324729597 0.429233944710204 0.434759010438823 0.43458282116095 0.424601669105339 0.395153141383434 0.356806579462873 0.325135906086139 0.303811444673103 0.30429611149555 0.303465568287292 0.301894527086675 0.330561655007527 0.354613556106233 0.363052479302654 0.366108718869221 0.365483843958322 0.4171503673726 0.462510062302791 0.469824153240671 -9999 -9999 -9999 -9999 -9999 -9999 -9999 -9999
0.215894230976212 0.223140668624129 0.23180045929594 0.241244326324112 0.243082164654756 0.24474737690039 0.24675924323407 0.249296082983993 0.252186909391269 0.254399870275405 0.256896029590822 0.260528900030549 0.265192431775548 0.270694649272738 0.279816901189057 0.289500252481053 0.299258123921112 0.30900429848838 0.318739027512783 0.325580370116531 0.33231702939522 0.342182517743454 0.350919303862199 0.358328485095901 0.370218613876195 0.382883667516002 0.390749426154762 0.401282352210864 0.415596874115194 0.426817533318889 0.436524689723282 0.438985033546958 0.43715762042186 0.427956164698271 0.406640575081482 0.379793497597104 0.358588329761448 0.342722647701991 0.338112247325653 0.326940357339538 0.312074175362424 0.334471786195834 0.354661071025467 0.364743811482177 0.375428275529542 0.386524246842297 0.424553310785891 0.455834588796331 0.455799539100312 -9999 -9999 -9999 -9999 -9999 -9999 -9999 -9999
0.209531620554509 0.20987989388685 0.219085212542422 0.233204094694002 0.234909126978068 0.236193821243744 0.237686559283547 0.239979667804156 0.242812461692401 0.245041495089056 0.247793163209455 0.252445780566836 0.256791457429524 0.26088736589754 0.271509217375531 0.282477530087562 0.290696463178478 0.298988647614781 0.307352509449704 0.314148503546473 0.321442496257818 0.333797954644352 0.340659417854267 0.341058720678286 0.35523658270142 0.373385229174112 0.391804691005075 0.405652557793141 0.413018669922088 0.426073676319156 0.440426309734486 0.439671914838794 0.436285648566608 0.428373115559653 0.416758976765304 0.403467622169499 0.395370041072753 0.38617232001096 0.374655576909131 0.354032857659579 0.328283233278206 0.33925524977035 0.350546403556494 0.358429063323199 0.376064112600023 0.400368634705696 0.42911873550763 0.449043963348918 0.437973195422395 -9999 -9999 -9999 -9999 -9999 -9999 -9999 -9999
0.200763751537081 0.211258569204254 0.218374324905656 0.223615501114707 0.225185445661731 0.22651331167103 0.227598723069405 0.229908061399936 0.233042686859591 0.234554521939193 0.237316291594898 0.244678759977754 0.250011833975712 0.253693517601798 0.261153927030419 0.269230849303096 0.277519182147518 0.285876693562167 0.294301897111722 0.299780522359811 0.30596149553561 0.320237486648256 0.331390942355178 0.338871601863024 0.352718540496387 0.368577448194777 0.386239421462778 0.398886208638039 0.404422303479897 0.415939487656779 0.429042293797844 0.430499081051049 0.427356246559208 0.416303027432667 0.414149459712863 0.41604008169836 0.408572267320476 0.39560068675613 0.371027532305625 0.349535431908354 0.329778046337994 0.326938913695764 0.325827599136277 0.32729598040724 0.33123474308866 0.336862952410499 0.385343913498375 0.42683736992824 0.431059851559782 -9999 -9999 -9999 -9999 -9999 -9999 -9999 -9999
0.191781027966386 0.203619284014399 0.21015598226701 0.213751570939078 0.217572544499423 0.220388446112687 0.220586622126935 0.222387620006571 0.22526939176333 0.22667480268085 0.229213003278272 0.235922442444907 0.24051760042111 0.243392292613387 0.248919832712462 0.255218901467644 0.26313505730423 0.27157991147305 0.280542103868338 0.286575029546387 0.293291922633633 0.307969781544191 0.32204535458613 0.335412505476966 0.348028300616732 0.360816233417632 0.377267722922753 0.38961680524227 0.396149362554785 0.406256799804438 0.417365812794324 0.422544893582364 0.422354310769368 0.412929032844997 0.416516519078776 0.425989454627291 0.414346506132077 0.397565274467617 0.369952882863509 0.349513640753049 0.333113071306972 0.320065505733631 0.308469326979238 0.300295752801381 0.297864225863192 0.299359575308193 0.351530365067415 0.393454231827341 0.384658778016869 -9999 -9999 -9999 -9999 -9999 -9999 -9999 -9999
0.182519370567527 0.184272477581666 0.192191124455259 0.203530186431294 0.212699952908493 0.218879677264553 0.217567578816684 0.218179215579281 0.220088016304308 0.222179937491892 0.22419120737447 0.225881775199582 0.227499138145886 0.229056931679295 0.234246590717425 0.240213449585611 0.247184153635695 0.255744932427387 0.265861620130871 0.274878731335593 0.284272271562837 0.297380399272463 0.312599656205829 0.33030207069587 0.34051801618278 0.349220738273048 0.363873645306978 0.377097824442484 0.388296307157962 0.39716027057637 0.405309640509109 0.416172807483102 0.422451187968976 0.420844697350383 0.425344393402548 0.432533418753882 0.410477398132586 0.389840049108993 0.372193165669028 0.355302319389103 0.338837142003184 0.320258351438133 0.300666828298991 0.278660983527013 0.279370105185274 0.29561355832789 0.330648989263527 0.361987501797501 0.374862573763148 -9999 -9999 -9999 -9999 -9999 -9999 -9999 -9999
0.175874532100281 0.176116160815194 0.181575471175954 0.18992935970959 0.202085565969008 0.210677582589041 0.209673818908338 0.21043137415137 0.212376576957219 0.214456756066392 0.216022323907371 0.215855863750324 0.216496280805596 0.217793282539344 0.222394338136509 0.227725059438046 0.234067083425514 0.241792244708674 0.250870823908798 0.262079747805072 0.273702686723952 0.285066441955132 0.299003315330865 0.31596674799677 0.327900554051996 0.338906447969734 0.354749442512464 0.371138569921553 0.388302022094274 0.397868375723972 0.404921310183248 0.417207789300504 0.426590917880978 0.430980892513515 0.43517208338055 0.43916978061768 0.41582176949115 0.3944802651045 0.377368343771915 0.359808586717656 0.341996686321221 0.310503863599715 0.278028510451704 0.24455571736176 0.258854359069232 0.305822972176633 0.334369165020081 0.35506023618015 0.355403622746783 -9999 -9999 -9999 -9999 -9999 -9999 -9999 -9999
0.169635352632987 0.171296667948435 0.173251385556875 0.175368871983119 0.189223551148458 0.199658466088491 0.200043904238198 0.201505821670431 0.203693603100992 0.205485787122877 0.206645970227189 0.205849736712979 0.206198974259214 0.207480322337809 0.21142581485229 0.216050373980792 0.221883735879133 0.228542082920699 0.236007688704795 0.248836228574542 0.262222490385881 0.272016258173334 0.284100939421535 0.298880244479485 0.313729068918755 0.328879564138424 0.346696812367617 0.366760465487077 0.390009143795148 0.401463110768098 0.408832820877021 0.420842005551328 0.432019787976215 0.44176773291802 0.445596522443482 0.446628830753306 0.4253878780457 0.404624559612554 0.384868062533727 0.36501243058288 0.345100983080152 0.299656205992941 0.254525244344256 0.21317070349152 0.243121894911596 0.321837714061249 0.346292976230394 0.361088235682003 -9999 -9999 -9999 -9999 -9999 -9999 -9999 -9999 -9999
0.157496344640451 0.162156050768667 0.163396561197783 0.162740227413091 0.171589640314555 0.1805066852447 0.188608198808899 0.192350752237182 0.193154083068081 0.194039834416628 0.194973339215472 0.19603869503032 0.196487579024848 0.196434817978776 0.199923382689684 0.204228012931926 0.209764000790395 0.216408637109368 0.224138100433392 0.234508072296406 0.245488104595827 0.256734860959011 0.269908870520399 0.285349758531921 0.301123210504752 0.317122957232071 0.334363853510709 0.354957131479753 0.380303524157564 0.400789568021009 0.418949579118214 0.426713326326782 0.436978953559091 0.45154728966501 0.459532190712085 0.464429555951307 0.450639047643829 0.433706485922543 0.410150684114458 0.38480620144428 0.358454644195575 0.317093759732428 0.283197433230444 0.270633448584997 0.29846419548172 0.353920127382554 0.360043401689435 -9999 -9999 -9999 -9999 -9999 -9999 -9999 -9999 -9999 -9999
0.146278220674399 0.152695301006074 0.154204682312829 0.152991452421581 0.157217973563493 0.163547301452633 0.174737712692699 0.180843562970112 0.183520922044758 0.184024561347315 0.184517802549733 0.185637901485425 0.186348514550983 0.186725914403581 0.189569330475793 0.193136603218554 0.19823597394266 0.204697057845141 0.212490595885846 0.220975558175269 0.230043435808496 0.241748908504292 0.255113655215729 0.27043007725059 0.287366958347148 0.304824487407973 0.322821651232608 0.344791684557458 0.372394580187796 0.399850000157919 0.426175189443992 0.431901334325717 0.442181821329798 0.460294821514915 0.473102834323017 0.483408124303774 0.474712021049197 0.461351433760282 0.438158423666362 0.409115759151992 0.376779584663396 0.340342021760778 0.316709507756446 0.327168400092315 0.347563866086379 0.374754764928613 -9999 -9999 -9999 -9999 -9999 -9999 -9999 -9999 -9999 -9999 -9999
0.136505329072984 0.142732136220124 0.146053227876188 0.147762335281784 0.147966061954536 0.150028658388136 0.157046089768488 0.165644964566186 0.175310197872292 0.17625459219822 0.175972369750539 0.174311553306181 0.175538267378201 0.179114667705744 0.181017541979214 0.183192346128806 0.187636572063682 0.193647554553455 0.201191628804633 0.208691722240415 0.21662284464653 0.227226626084303 0.239371863927619 0.253330197378093 0.271805282029157 0.291675619701621 0.31252045973043 0.337196732243424 0.367305333106249 0.398492933352081 0.428863441733197 0.43601695349892 0.447767154513152 0.467422696883129 0.486100609435869 0.50423519583183 0.496935937221838 0.48674119230636 0.470442954406008 0.44051237789498 0.402906434608553 0.372709590280531 0.357817282899083 0.382247275394747 0.386866373739907 0.377937180139292 -9999 -9999 -9999 -9999 -9999 -9999 -9999 -9999 -9999 -9999 -9999
0.117550432625314 0.130812104937354 0.137531313889993 0.140621004423842 0.140555295132078 0.141818990879579 0.146842752062694 0.156018355008334 0.167993521783114 0.168695209315368 0.167825006257894 0.165217914552536 0.166078122651038 0.169759795889632 0.170957024338455 0.17245962447362 0.176904969201381 0.183084838244171 0.190961961993836 0.198443228979094 0.206150413870991 0.215743422079142 0.226704987616054 0.239276280986979 0.261422929593386 0.286233606708214 0.310329130453598 0.337490329834854 0.368998142848704 0.402552462358653 0.435737036246932 0.447474026622631 0.461913280388113 0.480999860386553 0.503584607423574 0.527668055877457 0.523782900862338 0.516364610521212 0.501498705374922 0.468838008908705 0.426158374828574 0.411256693307457 0.402762644537191 0.407878458498692 0.409956163299122 -9999 -9999 -9999 -9999 -9999 -9999 -9999 -9999 -9999 -9999 -9999 -9999
0.0950563536311188 0.117901752822854 0.128651413117628 0.132690801653325 0.133883057672434 0.135749230801058 0.139651442629846 0.148528815883384 0.1607609128392 0.161110641994948 0.159888557930505 0.157115001644084 0.157264202197245 0.159791753917695 0.16039229375833 0.161525300583064 0.166222590668894 0.172781111133278 0.181160869843332 0.189007636628857 0.196880854178709 0.205607947499056 0.215555379330272 0.226938200696572 0.253511107029166 0.284102085966975 0.311589401962499 0.341139485288775 0.373614226558572 0.408896421494398 0.444282264418543 0.461938936327898 0.479644553457387 0.497434346099287 0.522978310258304 0.551969539599932 0.552401850330162 0.547700064223854 0.532175942689439 0.49628799573054 0.448934677088407 0.452422208762925 0.461660094864717 0.480115398261859 -9999 -9999 -9999 -9999 -9999 -9999 -9999 -9999 -9999 -9999 -9999 -9999 -9999
0.0826754326780002 0.0980345522802829 0.111872516424074 0.124866599379521 0.126297199811094 0.127444338979429 0.129064249882041 0.134491506479167 0.142486035121099 0.149188587281131 0.15373255326344 0.151576422333231 0.151820631177856 0.154018081848161 0.154474162257581 0.155408805366353 0.159553051379246 0.164695838795525 0.170815712022724 0.178425942127136 0.186931590414604 0.198931731951006 0.213836950215124 0.232159184902506 0.25819891939838 0.286603251266907 0.316489177812863 0.348257364121796 0.382694278932238 0.416864342884047 0.450472219694453 0.475192612136388 0.498964392371468 0.521104758581364 0.544398611847082 0.568159863036821 0.575544555869616 0.57746771198512 0.567878311133094 0.539012319374226 0.499293097687996 0.495911977560446 0.493472646244698 0.489303820910579 -9999 -9999 -9999 -9999 -9999 -9999 -9999 -9999 -9999 -9999 -9999 -9999 -9999
0.072724232897017 0.081685998372017 0.0958823996063342 0.112982784533093 0.116908427346418 0.119606041873912 0.12050617670038 0.123596741801705 0.128164301865383 0.13685708955555 0.144106532426343 0.145358754252141 0.146694426284681 0.148098004717756 0.148842466174024 0.150036468538147 0.153609141430282 0.157662115398173 0.162185070244672 0.16999170454767 0.17932275901218 0.193632079724575 0.211818446806429 0.234565082810546 0.260275987706215 0.287305066663362 0.318782858347107 0.351611427488401 0.386355172404613 0.419844782376964 0.452689650790725 0.481999239341953 0.510000568200505 0.535751964794022 0.557857785004099 0.578260190432748 0.589999012095143 0.596358789794437 0.591379899777737 0.569851378504236 0.539004977626858 0.527401736051881 0.51961291561599 -9999 -9999 -9999 -9999 -9999 -9999 -9999 -9999 -9999 -9999 -9999 -9999 -9999 -9999
