layers/veg100/veg1800.asc
NCOLS 255 
NROWS 330 
XLLCORNER -2985163.8955 
YLLCORNER -3022031.214 
CELLSIZE 25000 
NODATA_value -9999 
[rows 75 to 99 of 330, columns 171 to 227 of 255]
0.853309482583497 0.861297480477977 0.866992815929757 0.869954275186167 0.858339364431635 0.844474344023357 0.850335501920314 0.855370212617238 0.859216595787734 0.848261054134337 0.833118187155653 0.845545789287506 0.853717962488242 0.854463655681547 0.851004146283344 0.845592796522892 0.859014793872703 0.868118529786489 0.867976312700625 -9999 -9999 -9999 -9999 -9999 -9999 -9999 -9999 -9999 -9999 -9999 -9999 -9999 -9999 -9999 -9999 -9999 -9999 -9999 -9999 -9999 -9999 -9999 -9999 -9999 -9999 -9999 -9999 -9999 -9999 -9999 -9999 -9999 -9999 -9999 -9999 -9999 -9999
0.851353425195031 0.85480958888722 0.857434951108355 0.859069627425412 0.843682166808107 0.826246387650972 0.837553092273371 0.8466177423988 0.852458599069076 0.829319031786247 0.79802131255323 0.82153106073212 0.837298743826629 0.839555146978254 0.833211617601849 0.822874489872428 0.845143419778961 0.859378932980819 0.856413868038338 -9999 -9999 -9999 0.84264603606542 0.843387026968259 -9999 -9999 -9999 -9999 -9999 -9999 -9999 -9999 -9999 -9999 -9999 -9999 -9999 -9999 -9999 -9999 -9999 -9999 -9999 -9999 -9999 -9999 -9999 -9999 -9999 -9999 -9999 -9999 -9999 -9999 -9999 -9999 -9999
0.843196930733307 0.846119241227949 0.847268357471482 0.846303035295039 0.836468791008461 0.825595663130769 0.829977146025266 0.83223862374506 0.831451799643318 0.803904737604042 0.769570847478365 0.801236890090379 0.822090195137642 0.824073350865052 0.823740218041296 0.82233453200925 0.839034445052623 0.851348664958656 0.854272551921796 0.855335723497563 -9999 0.84244416147214 0.84264603606542 0.843387026968259 0.843690487971262 -9999 -9999 -9999 -9999 -9999 -9999 -9999 -9999 -9999 -9999 -9999 -9999 -9999 -9999 -9999 -9999 -9999 -9999 -9999 -9999 -9999 -9999 -9999 -9999 -9999 -9999 -9999 -9999 -9999 -9999 -9999 -9999
0.837251698493166 0.838328894733457 0.83687404262625 0.832399859555257 0.825827447046564 0.81971443008177 0.824156359900127 0.82121182940407 0.807646494440263 0.781971181562143 0.754767489585025 0.78924993228936 0.810976149273649 0.810440484597203 0.81353215814946 0.818316598251509 0.834576702510112 0.847005107209582 0.851229350452553 0.842360124832649 0.826009580996272 0.830817144430767 0.835481870558917 0.837066173250283 0.836991085229281 0.835765080733461 0.84699455464118 0.856260859728212 0.854539863515179 -9999 -9999 -9999 -9999 -9999 -9999 -9999 -9999 -9999 -9999 -9999 -9999 -9999 -9999 -9999 -9999 -9999 -9999 -9999 -9999 -9999 -9999 -9999 -9999 -9999 -9999 -9999 -9999
0.834060812337322 0.831659588819262 0.826196078464159 0.817080956370987 0.810916229257565 0.807318080668658 0.820521799526426 0.814360686984409 0.780355373147938 0.764373229580967 0.756962955196447 0.787610430767362 0.804962212167944 0.799110643556296 0.802406514861535 0.809966501083671 0.832175733178575 0.847253712210594 0.847062761460362 0.838771980067758 0.82585313477782 0.821395571351739 0.819394027427254 0.82287207025522 0.828283191127044 0.835035051916961 0.84699455464118 0.856260859728211 0.854539863515179 0.853756031889284 -9999 -9999 -9999 -9999 -9999 -9999 -9999 -9999 -9999 -9999 -9999 -9999 -9999 -9999 -9999 -9999 -9999 -9999 -9999 -9999 -9999 -9999 -9999 -9999 -9999 -9999 -9999
0.826442458962649 0.806934182581895 0.781095937039716 0.747709544990858 0.76933734422621 0.800867777372678 0.771838636442431 0.743369388256086 0.715705195685391 0.731003358727808 0.762166077082722 0.789834590268339 0.807189012724452 0.806543513236766 0.811774669248471 0.819740899517188 0.823921842509771 0.827572426488282 0.830087443621269 0.825920323216287 0.817935177365845 0.808597819754422 0.802178913118935 0.803726368146284 0.811658841147844 0.824019820542596 0.83630459686313 0.845017145198886 0.841558129694112 0.827806753231752 0.805446987021849 0.80177427531946 0.799701362557122 0.791379086338857 0.775494944554446 0.75200736953408 0.785802942916393 -9999 -9999 -9999 -9999 -9999 -9999 -9999 -9999 -9999 -9999 -9999 -9999 -9999 -9999 -9999 -9999 -9999 -9999 -9999 -9999
0.817095035589888 0.778539127449316 0.730627346436205 0.671559192091902 0.724481204182452 0.794893504085504 0.715746362997568 0.664029647998836 0.651754448903464 0.700001847692648 0.768672382444196 0.79270491167402 0.810568279605211 0.817665364327702 0.825281950500185 0.833131740078916 0.814629534856932 0.804118265954212 0.810716619228308 0.810314800722976 0.80591323904795 0.793785092606177 0.784378587804724 0.783225982763279 0.792760697317894 0.809707898939638 0.82082013899838 0.827900692203258 0.823221430923519 0.814046034010761 0.801110130830653 0.794790607363971 0.790065286636156 0.787790345242821 0.774843978060303 0.751167524127271 0.784426347756138 0.821483368488593 0.800819887255609 -9999 -9999 -9999 -9999 -9999 -9999 -9999 -9999 -9999 -9999 -9999 -9999 -9999 -9999 -9999 -9999 -9999 -9999
0.803723643847473 0.771913011988199 0.740031415621406 0.708065197910357 0.735965029202181 0.773481820305209 0.73368184037367 0.714934793659138 0.726459227146576 0.750940838709553 0.779364028455737 0.789347025251006 0.798115213769189 0.80476334587739 0.813788374665676 0.823913572730823 0.81409960298229 0.807826067347661 0.809133056398827 0.796042326572315 0.774725058947204 0.768041071301366 0.763917024917365 0.764762781554953 0.775900603016489 0.794176771630074 0.78862355880975 0.783837485867802 0.78986659221809 0.782685492577904 0.764455557565544 0.708964524392038 0.671642323690634 0.743686359624324 0.766843897773795 0.740846208447916 0.767508623260087 0.799905397621255 0.79318758197822 0.789510997346662 -9999 -9999 -9999 -9999 -9999 -9999 -9999 -9999 -9999 -9999 -9999 -9999 -9999 -9999 -9999 -9999 -9999
0.785306011277049 0.759357645147966 0.74136717097078 0.732866053345799 0.741243135607225 0.752596376715898 0.744759987497567 0.748765408541569 0.769797869058726 0.777558747864787 0.780196439227465 0.779326279426391 0.781318395122124 0.78830569041006 0.798420626132518 0.809986359376168 0.804835168550303 0.800839504089158 0.799317970158633 0.780399852909037 0.751541713114434 0.749880901707513 0.749691677240243 0.749963056166625 0.760681856371312 0.778646755507935 0.766792300485259 0.757888110803989 0.769313771986782 0.762702842710389 0.741006356191166 0.651249630515156 0.589444712080836 0.70365444030917 0.740632531973561 0.699954443799688 0.735065836670148 0.778386649436188 0.765132928763342 0.762364610507134 0.772272234734491 0.793877384862982 -9999 -9999 -9999 -9999 -9999 -9999 -9999 -9999 -9999 -9999 -9999 -9999 -9999 -9999 -9999
0.75929997880499 0.737886031121841 0.730570015108635 0.740065021546273 0.737189250906358 0.732502278833144 0.745526267632773 0.756919807783212 0.765968967058287 0.7676032746752 0.766202799821654 0.75928610659641 0.757989558973811 0.766501164567375 0.777227001917369 0.788977810534184 0.782436026401014 0.777771045725192 0.777124542580968 0.762697211187771 0.740395819643147 0.743125122339752 0.744844180621137 0.740672366216682 0.74793132375269 0.763118410359268 0.760548131658697 0.759177823236173 0.768012279434994 0.759829957156153 0.737415034409159 0.635807579301624 0.561721799931872 0.669745983703966 0.687035529634935 0.613091668283172 0.679276883362944 0.756956958712235 0.706367703389507 0.704482748486659 0.761477070343395 0.793877384862982 0.816735383769819 -9999 -9999 -9999 -9999 -9999 -9999 -9999 -9999 -9999 -9999 -9999 -9999 -9999 -9999
0.744268442764945 0.715530412365295 0.70288087857048 0.709416008452312 0.710339479855473 0.71113701007573 0.726820858574569 0.737333896549817 0.740411956853329 0.741587470187718 0.741873121798915 0.73845058536583 0.740371885296191 0.751619129698547 0.758332089417085 0.762929991748827 0.756072985261395 0.751280557037762 0.750908656351428 0.74425433758548 0.734010384222716 0.734214421975092 0.733938251945299 0.731046896746068 0.733023984739279 0.738377716602516 0.741488671297018 0.743646455694387 0.743320896895799 0.734205072183903 0.717737189447794 0.614410961822466 0.537411196087117 0.64263980760573 0.677009767044705 0.640131563505321 0.676647534184423 0.718787621556839 0.691198134294157 0.700268297119212 0.753656798670352 0.762289809693615 0.760359882569954 0.786659202367903 -9999 -9999 -9999 -9999 -9999 -9999 -9999 -9999 -9999 -9999 -9999 -9999 -9999
0.734409167686382 0.695321823683914 0.671906429911054 0.667178990749306 0.676183057738764 0.689060460514403 0.700628402884801 0.707056466008392 0.706094026760819 0.709318306240279 0.714062701891979 0.717932490031831 0.725485524111282 0.739466477156284 0.74054510828521 0.735615341247456 0.728429328686648 0.723367084633725 0.722852102041682 0.725074923366987 0.72886206523519 0.724152368520115 0.72059299950101 0.721189511967067 0.71744049983328 0.710677528529778 0.717744473236204 0.721654221838647 0.710026815748174 0.699843923065983 0.690869201615376 0.590994700133747 0.515918768619739 0.619060423397435 0.683193513318088 0.70810360781169 0.693303119507925 0.675051538458792 0.691905734134037 0.714965243042472 0.745526437676544 0.719338643545666 0.686532394529334 0.759070887064462 0.801227903441906 0.799081063066781 -9999 -9999 -9999 -9999 -9999 -9999 -9999 -9999 -9999 -9999 -9999
0.747667490674449 0.743001441268538 0.732566670302115 0.715253010294598 0.687519352107434 0.66125408636955 0.679397539884131 0.683164372114208 0.666259424212788 0.679018990572806 0.702314509750321 0.71457388604327 0.723708448365966 0.727389654786668 0.728268335618016 0.727835828815123 0.708421811118985 0.693409471446707 0.687821690414785 0.693788739272625 0.706357962103447 0.705857815181961 0.705804135411311 0.708609922889554 0.70657383954588 0.701179542337114 0.703873368035832 0.704138527452388 0.693328967026062 0.671609227764856 0.640764364344762 0.576440132586902 0.534534135913885 0.618540465703961 0.663472958773302 0.66911682575165 0.664976892214046 0.659245959712569 0.657405295878635 0.669075626316888 0.697079577486594 0.705715919075857 0.713047875374591 0.766129932569162 0.797829406083037 0.798347678279617 -9999 -9999 -9999 -9999 -9999 -9999 -9999 -9999 -9999 -9999 -9999
0.759076502802296 0.764933792469361 0.760403707237469 0.743487238192696 0.696022641415194 0.6462236758478 0.661220723125664 0.661164856887344 0.639464787022377 0.658025839515133 0.690716851780429 0.70493199567726 0.71368410436073 0.712902245388145 0.713877295758365 0.715660886597676 0.688569465849234 0.667986485676746 0.661338913667426 0.670487980651049 0.688662897414786 0.687413297319831 0.686435228041077 0.688660124570556 0.687147076852468 0.683041474177667 0.684935852379739 0.685181352915638 0.677732988690628 0.65318618946106 0.614338493362558 0.567837519244708 0.541520803445631 0.612312736559885 0.640739987471821 0.626569676992314 0.621095590968219 0.618376195821053 0.620811715577004 0.633636816871671 0.659022021515748 0.693583370342152 0.730742025753648 0.766543567385851 0.78527223823531 0.779104356409444 -9999 -9999 -9999 -9999 -9999 -9999 -9999 -9999 -9999 -9999 -9999
0.767103084512698 0.739773824657766 0.728206379937634 0.73543404887677 0.69934430188114 0.654560785033259 0.648629824412735 0.642626909852962 0.636520534543804 0.654053869116176 0.679394524136227 0.6837978357195 0.688575324513345 0.694005819060203 0.695619214496318 0.695446606201497 0.669000934140359 0.650857433629429 0.650489949945057 0.661792741629444 0.679763670277526 0.668694491030404 0.658689320330593 0.6552300507297 0.65206369775272 0.649100505228365 0.656731760075386 0.663587679339141 0.664152355634427 0.652708888559874 0.63122197482639 0.570121161630583 0.527238322216202 0.595645367339271 0.612497239373456 0.577510538886025 0.548763715828934 0.53166348359266 0.580389732232113 0.617312764816546 0.63996673247724 0.684176385950041 0.732301767833358 0.754802599246898 0.770389057060208 0.775892613834466 0.777407080749067 -9999 -9999 -9999 -9999 -9999 -9999 -9999 -9999 -9999 -9999
0.756144912381648 0.714124837763965 0.701732286065336 0.724668956029555 0.693039153471353 0.649369291328345 0.643918750883789 0.638477708991053 0.63305032482574 0.645760051181796 0.664338592112513 0.664353876231403 0.665039212042134 0.666893907175738 0.664709771089024 0.660641327128181 0.645280487079007 0.635677144955028 0.638401346218726 0.650055864555696 0.666812968349495 0.644957004974368 0.629840578811313 0.637647985287462 0.639138509110338 0.636247783682539 0.641110942718764 0.646522027949287 0.651137257123973 0.636727174977709 0.606404583000705 0.548193321900409 0.509068283430008 0.576696967294194 0.591413517860734 0.552927076469618 0.528764887620218 0.51824368202569 0.574701645957012 0.609536591469673 0.618231182334507 0.665860993219929 0.721536139529475 0.740909957605983 0.757039897570251 0.768439444894559 0.766595569309738 -9999 -9999 -9999 -9999 -9999 -9999 -9999 -9999 -9999 -9999
0.735899601527167 0.688236627960414 0.678057936831921 0.712577228952054 0.682024673023892 0.637559749645227 0.643062403637375 0.64136732901015 0.629322822446074 0.635352031612875 0.647456220720635 0.645736744752941 0.64227243164709 0.635763067541091 0.627611416502554 0.618698287409683 0.619528967391251 0.621450170499739 0.625706323848252 0.636831050647338 0.651880328244618 0.618764434402083 0.600452342776764 0.627818596214759 0.637052870475102 0.633711207434445 0.631645729011819 0.631671436630336 0.638398812070451 0.613160868379691 0.561187569543774 0.514421483823485 0.488996493026355 0.556632711343051 0.57383191565811 0.54031685307332 0.534366826781096 0.540677989205203 0.586005010989971 0.605941949051121 0.595184477098702 0.643187702318953 0.70474107173293 0.725964740278961 0.744441165097345 0.7589114154974 0.761654355328307 0.760018237352593 -9999 -9999 -9999 -9999 -9999 -9999 -9999 -9999 -9999
0.72320962755565 0.679896997297792 0.673024026803922 0.709603383412727 0.677464508492519 0.629524517205451 0.62342698019166 0.616236557522007 0.607474702209051 0.602776848311744 0.599535250080275 0.59504657618274 0.588956831105771 0.580072932185088 0.58177845413736 0.588414929804538 0.595797405608352 0.594792311980136 0.575828353679462 0.58201206042564 0.602564586205725 0.606035944033451 0.607832850976803 0.607336959064341 0.609057423519538 0.612315103434959 0.616121282936732 0.617039270534419 0.607906556669882 0.58300762865095 0.544922055036941 0.494640504384036 0.461013966214603 0.511767416503189 0.525556455969176 0.502177890782911 0.500189417616175 0.512793839333895 0.588301533815395 0.632081593160558 0.637505692271934 0.673133879580976 0.715186619869824 0.730960872817451 0.741438159699742 0.744191133761816 0.747188213232319 0.749817120862073 0.742151382310528 0.74712588207898 0.774486796600062 0.783272328405291 -9999 -9999 -9999 -9999 -9999
0.708337108550177 0.67079586338416 0.666349766090494 0.701367846019524 0.668004668944099 0.618361699784135 0.604877839506924 0.592464885750297 0.58159176139425 0.569079837780432 0.556246924538028 0.549407500968244 0.542238783419722 0.534495389336999 0.543373810255725 0.559988611327628 0.567002585475802 0.562921928271006 0.535086238732542 0.538241294129716 0.559103775042402 0.587447762260825 0.604667782327671 0.591226330159323 0.586943202161834 0.589012084026395 0.598605637796829 0.602092970305113 0.582141948614676 0.5594089528272 0.534349152005041 0.477888993925787 0.43514134262634 0.477305085363258 0.490626594508669 0.474947323942973 0.478828135055223 0.497793099823734 0.585457165277439 0.642797544917546 0.66347921733884 0.692217513807127 0.721388435154467 0.730399025629821 0.734674594687933 0.73204530798785 0.737108523786333 0.744634979602062 0.741947457980324 0.749676161881735 0.775852456628746 0.782905135881868 0.780912987648924 0.76546861924476 0.761283863251484 0.781679338304706 -9999
0.688370913238212 0.659562399773644 0.655538547039116 0.681069064245078 0.647360054155363 0.600067591743562 0.589221535866173 0.572420334306657 0.547056379388349 0.533385030178309 0.524127618393019 0.515904168517376 0.511101864534838 0.512270068341037 0.521901204148583 0.535465555891963 0.526760296933083 0.519612140354508 0.51579794019271 0.520334876856578 0.529643468206948 0.555346508950416 0.576884928377685 0.585210208235225 0.578686907850653 0.561864962607509 0.576751318248742 0.58643423037102 0.56744389257317 0.55072400972703 0.535903104307849 0.467624829777804 0.414207313566346 0.466854471420856 0.486473794024466 0.472883726952786 0.487268221994145 0.51299618253974 0.571253130495441 0.618080686985349 0.651091100070946 0.685592290612754 0.717387266433799 0.716849132343437 0.719216039555295 0.725819229857738 0.737131267501499 0.749675900639872 0.749819766989206 0.75796811480202 0.780292749278489 0.784815612463136 0.780918836049173 0.76546861924476 0.761283863251484 0.781679338304706 0.789164806130342
0.677388056273033 0.671387506859186 0.666593552611309 0.663238397961779 0.630752113389944 0.591652779228864 0.571132368364393 0.551323472864499 0.532537647311681 0.523221185075124 0.517232990532276 0.507000751710477 0.499343590418142 0.496180397207452 0.502046514834041 0.512113527093049 0.511913807859924 0.515125612619171 0.525641928918068 0.532633760162508 0.537611778679571 0.553168071587375 0.568848484646993 0.583510981656727 0.574571322734559 0.549261733632133 0.552052657153978 0.552879646820402 0.537335890093533 0.527389493444527 0.522124652106897 0.458022967895059 0.407407976621366 0.460511968112179 0.485253973264029 0.481478085882484 0.494687240095211 0.515868547996382 0.563770107865878 0.602743337665194 0.630922990456504 0.648773799482834 0.663467990231 0.67729747713433 0.687832693611823 0.693564032743363 0.713765677289674 0.73862032531545 0.74469540549596 0.754002755199022 0.769034595555847 0.76196635928023 0.744445529422968 0.74732053006253 0.755452445374788 0.774881723937472 0.781085819242465
0.671781690850561 0.697013074925765 0.690735404879157 0.646884888783369 0.616560105645104 0.589150684992419 0.551587141715286 0.529596808158905 0.529998798982391 0.528337517413082 0.525435230253216 0.512820284580568 0.499183356549207 0.483762887615671 0.483160142153739 0.489462352983754 0.512266601703369 0.533874648542529 0.552921473341609 0.563010393280277 0.567980964711345 0.568898318130529 0.572630187294015 0.584395399422949 0.572933935267133 0.545362965259484 0.52565166918696 0.508614473493514 0.498005097210168 0.495287267066003 0.499169818035244 0.448817491230182 0.409068195543202 0.456628152345492 0.485789528965105 0.496451188176146 0.50149515264071 0.511361029216091 0.560309583733094 0.593019586183692 0.606098586996857 0.593884760029391 0.579672929287035 0.622183872939628 0.646918424996996 0.645730513553086 0.676402264141403 0.717931062244009 0.73179258945268 0.742701443795732 0.748380985389669 0.724298508317978 0.68613959655988 0.718310883156664 0.746130947565026 0.764015764958783 0.773955572393333
0.66839735135508 0.681006247496834 0.677261901896524 0.654017198335477 0.618567979956725 0.580400838022925 0.550535658755349 0.533773794532913 0.535852855604854 0.537442466015471 0.538182370731954 0.52516621309754 0.513498776816198 0.504185099069266 0.50751693024615 0.516728776533204 0.501497899529318 0.497824166672676 0.518895765514611 0.535880907935722 0.550531139632859 0.551666052207199 0.553329532738589 0.558128621039824 0.554551035445453 0.545163575227361 0.524489477658712 0.504201119964376 0.489111753556086 0.486330814997068 0.493844476923082 0.449497835354032 0.410306576795014 0.431992000079932 0.452654600249141 0.472288754831152 0.487085522167504 0.505187273898213 0.551500258214673 0.587792131183762 0.61196934932004 0.601290633968489 0.58287234425207 0.591437806578728 0.605686337666363 0.628222216708866 0.663490993275295 0.701935426184233 0.703333260976744 0.69721056479721 0.677768679434837 0.652319258276518 0.624028474567896 0.693413395578482 0.747020653472992 0.765656499192237 0.787870557150416
0.666512865543824 0.664969342937356 0.661240442095109 0.65490559568259 0.61693136450863 0.571954987574913 0.548933191509035 0.536404127500017 0.538962297533391 0.539448068675899 0.538737066585681 0.529295835661931 0.520374241700729 0.512359506619316 0.516630134743192 0.526604371708377 0.485713396260234 0.465351324834737 0.488944276637856 0.509181601992991 0.527501596689925 0.529692503661758 0.531257451033275 0.533208199342407 0.535810135237286 0.538863720351995 0.523155175982194 0.505789147142447 0.489216354521786 0.485061244403045 0.49129211386453 0.450375700815535 0.410797936699912 0.411373472503762 0.422662006196714 0.444722427262454 0.466864491783892 0.492055049443542 0.53671375820342 0.576790153004196 0.611326927494828 0.605716805050944 0.588379586630479 0.573248164756844 0.579686194710126 0.617577926880228 0.651662102508122 0.682683155019805 0.677569938242628 0.661202517230681 0.62490340843467 0.59739519355794 0.574044776090053 0.66814669756615 0.740552830819537 0.764982901701285 0.789461972622876
0.668486287242086 0.655867859246534 0.644371550552412 0.634213308548531 0.602278251965231 0.565420550350914 0.542657318844107 0.530301767129221 0.532911154956112 0.520746678971706 0.504118202722379 0.509138460930418 0.503813125930018 0.480432891559624 0.475433914413101 0.4789855181815 0.457649635879027 0.452215226668421 0.480827916043851 0.493393284658212 0.49678956948029 0.499897351554088 0.505256663217575 0.516665600473557 0.518882681732225 0.514724496200131 0.517079264235783 0.517593068889111 0.509580682706569 0.50158113581687 0.493592327535865 0.450143967905466 0.409252329398733 0.40559209322001 0.407214819181057 0.41414954779098 0.433821473025166 0.459566942497943 0.505961572372234 0.548734234401224 0.587128251313882 0.591229698161999 0.585730016730112 0.586383851742993 0.596724307615516 0.62119030040253 0.638764432972405 0.653449167786078 0.662037994698118 0.657720337877182 0.63054473403579 0.59638678152914 0.558926412743257 0.64114466845825 0.711600133276109 0.755669290422509 0.790767695122275
