layers/veg100/veg1500.asc
NCOLS 255 
NROWS 330 
XLLCORNER -2985163.8955 
YLLCORNER -3022031.214 
CELLSIZE 25000 
NODATA_value -9999 
[rows 234 to 259 of 330, columns 57 to 113 of 255]
-9999 -9999 -9999 -9999 -9999 -9999 -9999 -9999 -9999 -9999 -9999 -9999 -9999 -9999 -9999 -9999 -9999 0.433785512439471 0.39578178940643 0.384147068911005 0.364208620185992 0.327300631143661 0.25749681178802 0.169712557690828 0.174545068308374 0.175490933328174 0.157948489605204 0.156194613842269 0.164937239040822 0.176007618036065 0.183403811436095 0.178288792056169 0.172662577345961 0.166626067838333 0.168869032712996 0.171203814008387 0.168809538864162 0.167372910886094 0.166860691650094 0.160332628727161 0.152855822828859 0.147214331078754 0.139567348909821 0.129593522168049 0.121230630883318 0.114048868990438 0.113506476638349 0.108646079874414 0.0977486096504971 0.093777673963235 0.0920448292125234 0.0856893743434317 0.0805605034419377 0.0775105304449465 0.0725868198715761 0.0668645196021466 0.0676547869351956
-9999 -9999 -9999 -9999 -9999 -9999 -9999 -9999 -9999 -9999 -9999 -9999 -9999 -9999 -9999 -9999 0.460297553106019 0.447158204883694 0.428139682672848 0.404909520030277 0.376041257885124 0.335650947549476 0.266661933364117 0.182041238100482 0.190957943102147 0.194767104343423 0.176903503119081 0.175741340442197 0.185682570182877 0.192268629966217 0.18971079993501 0.158627064412979 0.158114636665308 0.182139304206066 0.183253142529196 0.18096937479541 0.178440035913563 0.175289365750035 0.171538929734528 0.165944800254365 0.160077610299068 0.154877381726682 0.148594715929074 0.141056166204372 0.131693297074334 0.122325183469219 0.117568398444739 0.112376342276464 0.106575726315409 0.0999718304201884 0.093166499731234 0.0879347378739123 0.0831543426849417 0.0791389544141971 0.0735195496487045 0.067234932183939 0.0690905698391321
-9999 -9999 -9999 -9999 -9999 -9999 -9999 -9999 -9999 -9999 -9999 -9999 -9999 -9999 -9999 0.465991387314178 0.463665758247931 0.456919647187464 0.448021983151523 0.421393883509393 0.390206819622508 0.349703033726235 0.281067814301618 0.19705631770372 0.208748775247299 0.214572659682781 0.196590500080408 0.197259270384204 0.210327487185511 0.21192940486527 0.203500677624477 0.166001426078679 0.167497061623542 0.200290712528661 0.198494224701843 0.19223215569203 0.188415488397076 0.18343789766674 0.177339677324095 0.172178904995814 0.167259967984339 0.162609783001967 0.157037731810818 0.15039609715787 0.140384438942163 0.129951150245484 0.124285768615007 0.119319194147328 0.115329633543875 0.106737980498212 0.0967473557354034 0.0913998006703897 0.0864948132604077 0.0823399196026275 0.0762812500575878 0.0694276248060045 0.0714797072472834
-9999 -9999 -9999 -9999 -9999 -9999 -9999 -9999 -9999 -9999 -9999 -9999 -9999 -9999 -9999 0.46772931889204 0.470044659397807 0.459667200655081 0.443673776859664 0.429569204420885 0.408903463182274 0.374829284745452 0.305652470496518 0.217289010205676 0.229215921496331 0.235406402673643 0.217699179376285 0.222605736311552 0.242546308146429 0.238193311257768 0.231824068893593 0.225886169911668 0.223357830056092 0.223566065220211 0.21539974678034 0.206402886745393 0.199060924674064 0.192037177270864 0.1853205998061 0.179620948888131 0.17436574384403 0.170476879347403 0.164345801687616 0.155613224922742 0.145634867984761 0.1363139903169 0.13616063796423 0.132501642981591 0.123941350996222 0.114615075406179 0.105104522698837 0.0972338035104849 0.0912854157746215 0.0885951260849643 0.0825952374022382 0.0751596096769347 0.0757204811397383
-9999 -9999 -9999 -9999 -9999 -9999 -9999 -9999 -9999 -9999 -9999 -9999 -9999 -9999 -9999 0.52193527774669 0.515337032440926 0.490974548322845 0.458936673872388 0.446873471245866 0.426159464370442 0.38776663089808 0.325948151341142 0.251325517072474 0.253083437456506 0.252435892830137 0.238571169522108 0.24430049897456 0.263056278587689 0.258146941969797 0.253401249046832 0.255936346595446 0.251755378722271 0.242183972911862 0.231112131488779 0.219995406963638 0.209615916632884 0.201595285413467 0.195851641022692 0.189489605853317 0.183311124395476 0.178980235962134 0.172497243122652 0.163517298709335 0.15295693319103 0.142996301144285 0.142532082535335 0.138668544529638 0.130052361793937 0.122698412975785 0.115642226031436 0.105778484625925 0.098617497784514 0.0960373231403281 0.0910778472346409 0.0850765736065714 0.0834828627079929
-9999 -9999 -9999 -9999 -9999 -9999 -9999 -9999 -9999 -9999 -9999 -9999 -9999 -9999 -9999 0.535431390116175 0.564873140656708 0.537132299861359 0.484396871411267 0.468924569675428 0.442666366286337 0.39436604062363 0.344013668491416 0.292539674339626 0.278719063619663 0.267487263304784 0.259320087020928 0.264096464051299 0.277477929279143 0.274819381587311 0.271470562197738 0.270473268233692 0.265872715764248 0.258380121582087 0.24620411355375 0.23328727149915 0.220123879728568 0.211651961260704 0.207708682449984 0.200620043065154 0.193213054999197 0.187814432564708 0.181087217418436 0.172818519594461 0.161356199216329 0.14984472905633 0.146041879012809 0.141187530765532 0.134863065470274 0.130888991753057 0.127313755662292 0.115732653039153 0.10727108780933 0.104096726653018 0.100688088434434 0.0971696256682471 0.093076395295525
-9999 -9999 -9999 -9999 -9999 -9999 -9999 -9999 -9999 -9999 -9999 -9999 -9999 -9999 -9999 0.578097894631355 0.578347750595652 0.572028637943644 0.562386224575421 0.514553912743901 0.465047340574624 0.41211924165041 0.360277617626855 0.309029846710626 0.277083684220845 0.254955394855969 0.255948402461946 0.267546704944661 0.286195582764692 0.287386869222693 0.285924497799357 0.280887479026932 0.276946354763507 0.273884815638926 0.264701166610025 0.254042167630755 0.240910948709501 0.22967096513438 0.220256575106712 0.212332845637669 0.204864326538157 0.198240204780751 0.190628354323349 0.181870504292255 0.170623434209506 0.159321798989929 0.15388052711902 0.148621590763762 0.143617580711806 0.138481530481414 0.133231651596252 0.12679956542296 0.120215635428281 0.113374350201158 0.105611131435693 0.0975081420910383 0.100011805326675
-9999 -9999 -9999 -9999 -9999 -9999 -9999 -9999 -9999 -9999 -9999 -9999 -9999 -9999 -9999 -9999 0.58062334096952 0.597956362250083 0.621995683644444 0.552993907719499 0.490073717344996 0.439581885454541 0.382968942601018 0.323010279783323 0.283818734405113 0.257307141310715 0.261044562133433 0.275491122665445 0.29705729629599 0.300676064375599 0.300402156431911 0.292698314531835 0.288757956549089 0.287838240148888 0.280339438883244 0.271368876039688 0.260223817858573 0.247376770695801 0.232886807906954 0.224176981313173 0.216643037784714 0.208905672961862 0.200319273408436 0.190747792182994 0.180118423490348 0.16956574818685 0.162413029385819 0.156442402215193 0.15212447692454 0.145837736319593 0.139075809878641 0.136501335968017 0.131624955104973 0.122847145830862 0.12243281647292 0.125700138373979 0.116207736677919
-9999 -9999 -9999 -9999 -9999 -9999 -9999 -9999 -9999 -9999 -9999 -9999 -9999 -9999 -9999 -9999 -9999 0.603010061608423 0.634348430026714 0.572769754624686 0.521105961675116 0.489704271827488 0.421204421268548 0.332427196606316 0.31227341428799 0.297040554892406 0.287907720951634 0.295197959491085 0.313406528085273 0.315941819184531 0.315150938533696 0.308107795812359 0.302522300486474 0.298106739836043 0.288909726690919 0.280019623320846 0.275387065655034 0.263858706143044 0.245673887200642 0.236302061886607 0.228624220753302 0.220052577661061 0.210313604402607 0.199220251269556 0.190109027879373 0.181495909720612 0.172355644080024 0.164900995651352 0.159803036554868 0.152661734390648 0.145083660433626 0.142858362516973 0.13909276251028 0.132716553795275 0.12869948388731 0.125700138373979 0.116207736677919
-9999 -9999 -9999 -9999 -9999 -9999 -9999 -9999 -9999 -9999 -9999 -9999 -9999 -9999 -9999 -9999 -9999 0.626527158955714 0.628495656634846 0.588723898614569 0.547758831779506 0.504355113114369 0.437592256796506 0.358061598414262 0.344384882909059 0.333344925566879 0.322865483950773 0.325153103742439 0.335928476994793 0.338348823922612 0.337924961784759 0.330714510919536 0.319204655000935 0.304244017314771 0.295884991660781 0.28947961265646 0.287278479610954 0.279827558119442 0.267309060066335 0.254296882579358 0.241879999827854 0.233586691252637 0.224243092753334 0.213680908821351 0.204260274460034 0.194997098994533 0.184252124135223 0.175428572035751 0.169291392909174 0.162571068685791 0.155816098298746 0.152195363979438 0.148209581968776 0.143605092310982 0.135452147247429 0.125767821195813 -9999
-9999 -9999 -9999 -9999 -9999 -9999 -9999 -9999 -9999 -9999 -9999 -9999 -9999 -9999 -9999 -9999 -9999 0.619230996034144 0.611100187871859 0.602254999862604 0.571635083406046 0.496516223575053 0.440128211550632 0.393978238312048 0.378814835098032 0.36747520848206 0.362955401997916 0.361605897725971 0.362364062769117 0.365283536384716 0.365787162413622 0.357884428758985 0.337737091666233 0.307762010090074 0.301848977471615 0.299452679049581 0.29709547977398 0.295471104019582 0.294554116636742 0.276013246130838 0.25594390054655 0.248634347185975 0.240667556428448 0.231938214398772 0.221049458653139 0.209494354013854 0.197387397311294 0.187267928594288 0.179927199736068 0.174436573230065 0.169544027243039 0.163421734329304 0.15837191092271 0.155139781754698 0.142512942603927 -9999 -9999
-9999 -9999 -9999 -9999 -9999 -9999 -9999 -9999 -9999 -9999 -9999 -9999 -9999 -9999 -9999 -9999 -9999 0.631826099131951 0.632789630178277 0.600337196157162 0.562033570576089 0.51177242081603 0.457502810611954 0.401042227851744 0.401705515735409 0.400305365443798 0.388349149883308 0.387504075928207 0.394045872577168 0.380274071740057 0.366207137913265 0.356985327226312 0.338802863174658 0.313428413517449 0.310639654799446 0.31000097944766 0.304518128529335 0.301673447701255 0.301375370236782 0.28501160566958 0.266714564913518 0.256862433169954 0.247943114575419 0.240106080489908 0.229714663101918 0.218600595947926 0.207430791662117 0.197491809558662 0.189273660326672 0.183007850299534 0.177357330570247 0.170126349070511 0.164310183037648 0.160891942452239 0.159638725839758 -9999 -9999
-9999 -9999 -9999 -9999 -9999 -9999 -9999 -9999 -9999 -9999 -9999 -9999 -9999 -9999 -9999 -9999 -9999 0.651923290845099 0.64895763571679 0.59872106369727 0.554979108927818 0.524509586278417 0.471650729463005 0.406554152606951 0.423761513368591 0.432767448457908 0.413294082462758 0.411024682400502 0.420192763268319 0.39311290359438 0.367583075636329 0.357394944233689 0.341583120067841 0.321257616401523 0.320692781018485 0.321090685310976 0.313355339245018 0.309208775154275 0.308526432071545 0.295474113549025 0.280238384513917 0.26740382934263 0.25710541686607 0.249749531469054 0.239665653471138 0.228794205264948 0.217719333101922 0.207611860941179 0.198856926740554 0.191843762175331 0.185393171673271 0.17777616912529 0.171488754960093 0.16745481758559 0.170364469781993 -9999 -9999
-9999 -9999 -9999 -9999 -9999 -9999 -9999 -9999 -9999 -9999 -9999 -9999 -9999 -9999 -9999 -9999 0.653628629583808 0.647963806042794 0.639470351052789 0.601543891463193 0.563283658418719 0.524341324281483 0.472631499611223 0.413943129996027 0.445919598339955 0.464410287253341 0.440231088138156 0.429745346505464 0.428363241757065 0.402153537543256 0.378117594103362 0.368175545297993 0.353545721011158 0.335153401690468 0.333928262668108 0.333690476813337 0.327027145662624 0.322939012595258 0.32133669654373 0.313276717289467 0.302859923519105 0.286513993991879 0.274074717305702 0.266168084543332 0.255367966521101 0.243514132571616 0.229456420773528 0.217785688962742 0.209452233392644 0.202233461511834 0.195452981151775 0.189323023874006 0.183391050070251 0.177794632119276 0.176181319421097 0.176363722452245 -9999
-9999 -9999 -9999 -9999 -9999 -9999 -9999 -9999 -9999 -9999 -9999 -9999 -9999 -9999 -9999 0.666478335200216 0.66378490587706 0.659675020286947 0.654521308483952 0.610385642705801 0.567800168365503 0.528382672959108 0.483674266338044 0.436073916181502 0.463560567555518 0.481072596535422 0.466276798760841 0.457253526250196 0.452067923953626 0.425614252590594 0.401862449711803 0.39289160248068 0.376991924159702 0.355531038253362 0.35212576085657 0.350059341545323 0.342508876319956 0.337224283186842 0.334126917296191 0.327689343116114 0.319490912473455 0.30502792770916 0.291783122343256 0.279951694022328 0.269071824473425 0.258094957289007 0.243804825111009 0.231435227133683 0.221750759819969 0.213951587998648 0.206903309621788 0.201126624629866 0.195276555223168 0.189302108920855 0.182904814933935 0.176363722452245 -9999
-9999 -9999 -9999 -9999 -9999 -9999 -9999 -9999 -9999 -9999 -9999 -9999 -9999 -9999 -9999 0.67014715978357 0.677250953477305 0.68339892075899 0.68838254374633 0.623841319526377 0.569412881211249 0.535650982477801 0.502430256793209 0.469505329287174 0.477738851790108 0.486251282780776 0.491639269422567 0.491497950995247 0.48768065915975 0.460128967788341 0.435733952164388 0.428290160890425 0.40924111112207 0.380877466910274 0.374126991575529 0.369317464372507 0.359378040423851 0.351935025486133 0.346901773136391 0.33950331390656 0.331529726064099 0.323084808739519 0.310058102719797 0.291715435048459 0.281243726897965 0.272569150148209 0.260154986208404 0.247749140092232 0.235354923262998 0.226688046755515 0.219419568098458 0.213127039147188 0.207149189700212 0.201704680472371 0.190323317885094 -9999 -9999
-9999 -9999 -9999 -9999 -9999 -9999 -9999 -9999 -9999 -9999 -9999 -9999 -9999 -9999 -9999 0.695188564069334 0.695605699222192 0.705204206063407 0.718261529433255 0.673245570127848 0.626523024140777 0.576312889121554 0.535933199396177 0.500926703732264 0.506606852131222 0.512057846511904 0.513138826210094 0.509325639895959 0.50225873111731 0.482788003511791 0.464849597697925 0.455391561938542 0.438406700315484 0.415380669475866 0.401708875755264 0.38913733424486 0.375449089179976 0.363077234081275 0.351976079127382 0.342610245447883 0.334427533907719 0.331083008379457 0.32275908664433 0.308657884234525 0.291586467907462 0.274246766983306 0.262050035264359 0.249639987843938 0.236931700209488 0.228164253258902 0.220870252508784 0.214517935179751 0.20852527551511 0.203142188113434 -9999 -9999 -9999
-9999 -9999 -9999 -9999 -9999 -9999 -9999 -9999 -9999 -9999 -9999 -9999 -9999 -9999 -9999 0.728217087889905 0.717618450019895 0.72722882559825 0.745350994842301 0.720086264267024 0.68251081878871 0.619777135094255 0.572460129450926 0.533569680334356 0.538279275765177 0.541051553039932 0.534847094243177 0.526657324025224 0.517147685957684 0.505249002265505 0.493253570796085 0.481627932559652 0.467053195843686 0.450111458313057 0.428795953557215 0.407738410125183 0.390478786819054 0.373314215507935 0.35624139708686 0.345407731536618 0.337493830757076 0.339101667381124 0.335548503368395 0.326007354467107 0.323984876085719 -9999 -9999 -9999 -9999 -9999 -9999 -9999 -9999 -9999 -9999 -9999 -9999
-9999 -9999 -9999 -9999 -9999 -9999 -9999 -9999 -9999 -9999 -9999 -9999 -9999 -9999 -9999 0.734429584951553 0.740420788820202 0.75111216373931 0.763489748487193 0.738203644622995 0.705347711541662 0.657022037815683 0.613292486735183 0.572075116758007 0.573420022569354 0.571951302659782 0.559378340361681 0.55052686137179 0.544149486000522 0.53306368405265 0.521309436106248 0.508743475750151 0.495246373327226 0.481001919113222 0.451041752667807 0.421237616320519 0.401810808269757 0.381824585175195 0.361298363451484 0.351489666450337 0.345955793151529 0.352406554503625 0.351571603735756 0.342283498793509 0.332733706875022 0.324062884996563 -9999 -9999 -9999 -9999 -9999 -9999 -9999 -9999 -9999 -9999 -9999
-9999 -9999 -9999 -9999 -9999 -9999 -9999 -9999 -9999 -9999 -9999 -9999 -9999 -9999 -9999 0.797693559016333 0.787272867104889 0.793357264181274 0.8062841007821 0.773505407350925 0.735349245188228 0.686203661175292 0.647212376241274 0.613771299652683 0.596215686381759 0.582133989341485 0.575390230815144 0.568918601008608 0.562627886873228 0.549398143607594 0.535625548263562 0.522082733402647 0.509769961800105 0.498444445596066 0.465654590546146 0.43332094035263 0.41619151722271 0.398464396661955 0.380160323806345 0.371552118326689 0.366515126243879 0.370572678184199 0.367936860540386 0.357535146562884 0.347149661353955 0.338294515024545 0.343330761157397 -9999 -9999 -9999 -9999 -9999 -9999 -9999 -9999 -9999 -9999
-9999 -9999 -9999 -9999 -9999 -9999 -9999 -9999 -9999 -9999 -9999 -9999 -9999 -9999 -9999 0.809856472591611 0.831915604701418 0.852541465354282 0.871823746381242 0.82466011377942 0.771960306385028 0.707946744644553 0.674755373046348 0.658411011332571 0.607622759006464 0.573204762351189 0.583542841673934 0.582256960383274 0.573243277935235 0.555141863688888 0.537266457525763 0.522713086288614 0.511683075232025 0.503480978019487 0.473225865797194 0.444098084172127 0.433384702660859 0.422603784257532 0.411757673061245 0.404511882629879 0.398234530873716 0.393223391872268 0.384617763646376 0.371841675334762 0.366793653178148 0.363143385018192 0.352482363684276 -9999 -9999 -9999 -9999 -9999 -9999 -9999 -9999 -9999 -9999
-9999 -9999 -9999 -9999 -9999 -9999 -9999 -9999 -9999 -9999 -9999 -9999 -9999 -9999 -9999 0.853468198709503 0.853456417429998 0.865597691409873 0.882519250480834 0.841549093109524 0.795266760464838 0.738128440005787 0.706852014140521 0.689711364864797 0.66393821200105 0.646471767213445 0.650892162329732 0.636519084402846 0.609651794944761 0.597419845972604 0.580150870137824 0.542464241596052 0.516926683669303 0.501140193820731 0.475593335038283 0.452188072228606 0.443899282797517 0.439404697416207 0.438572625240967 0.430182791800016 0.420874966264653 0.415489563582115 0.406265018636325 0.392586158049966 0.385410381820626 0.379331490844726 0.366631058620437 -9999 -9999 -9999 -9999 -9999 -9999 -9999 -9999 -9999 -9999
-9999 -9999 -9999 -9999 -9999 -9999 -9999 -9999 -9999 -9999 -9999 -9999 -9999 -9999 -9999 0.876141642789074 0.866245825158018 0.870055778855517 -9999 0.828468607587119 0.8131435017411 0.766499933352617 0.733873540582911 0.708908754438539 0.716035539001362 0.72178870677631 0.721067429219082 0.694835420624168 0.651643456348463 0.644564774743108 0.62728308183389 0.566797652371564 0.526293192629029 0.501825827589419 0.481644137135716 0.464221556103442 0.455850927605639 0.456076887364937 0.464601061349323 0.455963736789159 0.444675332806746 0.438949625222074 0.429189515844499 0.414748543457892 0.403393234919117 0.391899001713424 0.371259553366957 0.354839447167975 0.344318473083651 0.327466220877022 0.309560631284497 0.313595697145685 -9999 -9999 -9999 -9999 -9999
-9999 -9999 -9999 -9999 -9999 -9999 -9999 -9999 -9999 -9999 -9999 -9999 -9999 -9999 -9999 0.881553218340804 0.886108462991006 0.884354664381826 -9999 -9999 0.815565205884037 0.776292348271889 0.728731090351011 0.676639500183049 0.698512134123282 0.722456378620528 0.744771589091688 0.732372456643644 0.696894655202234 0.679898490507597 0.654348262654761 0.595942542482576 0.554457575962309 0.526553518305134 0.513018786055824 0.500359624106578 0.482530505821769 0.479707051370342 0.491368437806369 0.489940646278095 0.484209947842817 0.469259931636837 0.453834050825987 0.437856054202043 0.419023328238278 0.398855370253796 0.373821517751183 0.354839447167975 0.344318473083651 0.331797324408367 0.319159048467104 0.317301626184007 -9999 -9999 -9999 -9999 -9999
-9999 -9999 -9999 -9999 -9999 -9999 -9999 -9999 -9999 -9999 -9999 -9999 -9999 -9999 -9999 0.909027782956164 0.906518251152321 0.907484437103953 -9999 -9999 0.861973218739162 0.808837087299342 0.750944354054834 0.690451723877306 0.692054111545761 0.707996199573428 0.754551754501473 0.755903405929669 0.727202755100289 0.69620804031132 0.662439284285027 0.62038061444109 0.585767606747258 0.557130624776989 0.54163561094532 0.526702678787208 0.506029047394265 0.499737677389596 0.507329383143795 0.50480836841556 0.498008038095293 0.47844909994269 0.460314463409875 0.443832354589469 0.423586568506482 0.402943401588379 0.388294261324721 0.370277473476889 0.347552321784589 0.334074478745038 0.324468467794475 -9999 -9999 -9999 -9999 -9999 -9999
-9999 -9999 -9999 -9999 -9999 -9999 -9999 -9999 -9999 -9999 -9999 -9999 -9999 -9999 -9999 0.911590152222961 0.915923167013562 0.914254928335541 -9999 0.879431506488095 0.870675681612988 0.844026409466804 0.80348611019801 0.755353155437857 0.697863959740306 0.676764207790639 0.748894788137489 0.763906210105007 0.740943871414447 0.691426045041067 0.649494201907643 0.639600372628416 0.62056512629521 0.594192810086542 0.567194915732872 0.542186284206418 0.526000865225519 0.515777599278275 0.511309549427972 0.498490284711035 0.483272784303138 0.464221870528063 0.446656836456667 0.430815775280842 0.415880307423997 0.401304523094492 0.387690677959774 0.370277473476888 0.347552321784589 0.334074478745038 -9999 -9999 -9999 -9999 -9999 -9999 -9999
