layers/veg100/veg2600.asc
NCOLS 255 
NROWS 330 
XLLCORNER -2985163.8955 
YLLCORNER -3022031.214 
CELLSIZE 25000 
NODATA_value -9999 
[rows 75 to 99 of 330, columns 0 to 56 of 255]
-9999 -9999 -9999 -9999 -9999 -9999 -9999 -9999 -9999 -9999 -9999 -9999 -9999 -9999 -9999 -9999 -9999 -9999 -9999 -9999 -9999 -9999 -9999 -9999 0.696007073380185 0.677667843255259 0.659328613130333 0.673510135812085 0.695112052471102 0.705363766769745 0.705904469365576 0.693241746489844 0.493709138359508 0.244695897845531 0.240050838702772 0.251484107959824 0.289388239178285 0.412877138473781 0.572593985103847 0.649426433942284 0.705492640874568 0.71976825976056 0.732501367141296 0.744403837690392 0.751827116729904 0.7596121073203 0.768669377662031 0.775431139115879 0.780688320015938 0.788779209770587 0.7978137758226 0.809077020964393 0.819573164387444 0.829462041883414 0.843176093485578 0.856429964875353 0.86553141860647
-9999 -9999 -9999 -9999 -9999 -9999 -9999 -9999 -9999 -9999 -9999 -9999 -9999 -9999 -9999 -9999 -9999 -9999 -9999 -9999 -9999 -9999 -9999 -9999 0.670817966388848 0.654737731068344 0.638657495747839 0.660695339279794 0.690687361857968 0.70109056303705 0.706774008958123 0.706040313318646 0.540707226804869 0.32821116794953 0.274734641841938 0.250705692414707 0.275158321297136 0.41138919162125 0.594765455400528 0.657841164195586 0.704084145662126 0.716452458006509 0.728134659443511 0.739447392653977 0.747739930679476 0.755688916998423 0.763029496735843 0.769428238108983 0.775209655935614 0.784450927239735 0.794059412202718 0.803904917521779 0.814050247645181 0.824432930108334 0.841054457104463 0.856739863719114 0.864882725602538
-9999 -9999 -9999 -9999 -9999 -9999 -9999 -9999 -9999 -9999 -9999 -9999 -9999 -9999 -9999 -9999 -9999 -9999 -9999 -9999 -9999 -9999 -9999 -9999 0.658870135623231 0.665320763256535 0.67177139088984 0.680575427322845 0.689703277813146 0.696207436744173 0.698859634339417 0.696274572834083 0.591077247630123 0.450459375844503 0.314426628383718 0.247143996361885 0.293049425335045 0.432469032142084 0.611009670294968 0.666183661806478 0.706267909478366 0.71598511859915 0.727032639261711 0.738796527847874 0.747093722281269 0.754829885164862 0.761451635130389 0.767507825608109 0.773193322767299 0.784936934037447 0.796575031367608 0.806259488437142 0.815956447735679 0.825663304258407 0.836531192522358 0.84759893559934 0.858815114674371
-9999 -9999 -9999 -9999 -9999 -9999 -9999 -9999 -9999 -9999 -9999 -9999 -9999 -9999 -9999 -9999 -9999 -9999 -9999 -9999 -9999 -9999 -9999 -9999 0.692092524437962 0.692596405363908 0.693100286289853 0.692888449933274 0.692745007470172 0.694810337878584 0.695264589366449 0.693528362549146 0.600538233729635 0.475221815169367 0.340999474962277 0.278478131197156 0.334003087527079 0.46568069229715 0.629026757937421 0.678497192430518 0.71386889104205 0.720867884285771 0.730547703479594 0.741671137690732 0.749641523439527 0.756987923925447 0.763036908613066 0.768279653000109 0.772993950956674 0.784703991907078 0.79630072083937 0.80566844170822 0.815061571960546 0.824474817215139 0.832745739012249 0.84150897080997 0.852984755192313
-9999 -9999 -9999 -9999 -9999 -9999 -9999 -9999 -9999 -9999 -9999 -9999 -9999 -9999 -9999 -9999 -9999 -9999 -9999 -9999 -9999 -9999 -9999 -9999 0.69276783734446 0.691998233330275 0.69122862931609 0.695775943160282 0.700801286780139 0.697755431404466 0.697049697222222 0.699525672291024 0.559042965745178 0.378556075459148 0.351231133492504 0.353278479232666 0.403683449847984 0.514003735253773 0.649252134159941 0.695757037934644 0.728217553791995 0.732414735702413 0.739813803559719 0.748937075346222 0.756167779811824 0.762904022899753 0.768562180101888 0.772404931798526 0.775057784455683 0.783575527687312 0.792551276584009 0.801408336490809 0.810677678796599 0.820273399009158 0.82987930225975 0.839219282993823 0.847449915882039
-9999 -9999 -9999 -9999 -9999 -9999 -9999 -9999 -9999 -9999 -9999 -9999 -9999 -9999 -9999 -9999 -9999 -9999 -9999 -9999 -9999 -9999 -9999 -9999 -9999 -9999 0.690558361086772 0.696459289409816 0.703157951359344 -9999 0.672062370745493 0.673735899855318 0.529292008666277 0.346492749510782 0.360025521203239 0.389647619560145 0.445758687080763 0.547481082887189 0.66797538132189 0.706405109429843 0.733589879790964 0.738144970746464 0.744116397547938 0.750850516047744 0.757488777534132 0.763899091771456 0.769748352066873 0.774068982699303 0.77738768017564 0.785293902866712 0.79335611856886 0.800685433492578 0.808429356023593 0.816501497181769 0.826544634602139 0.836220739170321 0.843218176220011
-9999 -9999 -9999 -9999 -9999 -9999 -9999 -9999 -9999 -9999 -9999 -9999 -9999 -9999 -9999 -9999 -9999 -9999 -9999 -9999 -9999 -9999 -9999 -9999 -9999 -9999 -9999 -9999 -9999 -9999 0.677721823747361 0.643009230454569 0.502966944576511 0.338849711379666 0.372399038671915 0.417575992805836 0.481896311685824 0.577010989794175 0.684482468541343 0.714110160597779 0.735943943353623 0.742093036779389 0.747087218262165 0.75145948386692 0.757552163148607 0.763740275045066 0.770024689447815 0.775362145752058 0.780078922803962 0.788052859636796 0.795671093130723 0.801292828518285 0.80730200249158 0.813617887095557 0.823631920147854 0.83336302390865 0.839751652595265
-9999 -9999 -9999 -9999 -9999 -9999 -9999 -9999 -9999 -9999 -9999 -9999 -9999 -9999 -9999 -9999 -9999 -9999 -9999 -9999 -9999 -9999 -9999 -9999 -9999 -9999 -9999 -9999 -9999 0.692432828741115 0.65661139805851 0.572085918325536 0.474212746395884 0.38078764339531 0.430209840032222 0.484723845828792 0.547620848541927 0.613937054856211 0.681227679569057 0.711731524153469 0.735641002978081 0.746279788716301 0.75239554181095 0.756075658288526 0.761636447846112 0.76777856270909 0.775216558319856 0.781082622103675 0.785918370530758 0.792595372119531 0.799094457459118 0.804538227719033 0.811355235028809 0.819259347281527 0.827121704700137 0.83457624356334 0.840363129190442
-9999 -9999 -9999 -9999 -9999 -9999 -9999 -9999 -9999 -9999 -9999 -9999 -9999 -9999 -9999 -9999 -9999 -9999 -9999 -9999 -9999 -9999 -9999 -9999 -9999 -9999 -9999 -9999 0.707133219413869 0.688659424064432 0.636078808219881 0.537125386301094 0.457415704922453 0.393560754871982 0.473554939327024 0.541442189408341 0.589396957666084 0.636348256457126 0.6826063190054 0.710833027486976 0.733074023232919 0.743269196907214 0.75292793353788 0.762297800772905 0.767230335579012 0.772623261178697 0.779531319068713 0.785032659100369 0.789611972497526 0.795212627729761 0.800808189635358 0.806114561057744 0.813243750806992 0.821815950569269 0.828247455032565 0.834198516252763 0.839411370913304
-9999 -9999 -9999 -9999 -9999 -9999 -9999 -9999 -9999 -9999 -9999 -9999 -9999 -9999 -9999 -9999 -9999 -9999 -9999 -9999 -9999 -9999 -9999 -9999 -9999 -9999 -9999 -9999 0.704863170178856 0.664926680600882 0.61641515223884 0.556244706251524 0.458599510949824 0.362476601336489 0.495146908743104 0.58247691995159 0.595160071604443 0.63693240060781 0.690952582239068 0.712160324817882 0.727102442574863 0.729435435052211 0.746278408705056 0.77093495441211 0.775094323355836 0.778680618315681 0.782527108444117 0.78632035748013 0.790078709891372 0.794934734344949 0.799951023414669 0.805180998484827 0.811877024316463 0.81973362983794 0.825818234912165 0.831428366105817 0.836108862492522
-9999 -9999 -9999 -9999 -9999 -9999 -9999 -9999 -9999 -9999 -9999 -9999 -9999 -9999 -9999 -9999 -9999 -9999 -9999 -9999 -9999 -9999 -9999 -9999 -9999 -9999 -9999 0.682781385391431 0.669224050403473 0.626249421995922 0.586425431028894 0.550885155076008 0.470557018067801 0.386545814969319 0.489540288565916 0.55741688077406 0.567476480599974 0.619989049871201 0.690433168921928 0.717020929877102 0.733405724566827 0.729257773756599 0.745167528150088 0.77187828379615 0.776228087693721 0.779565298097486 0.78221937883551 0.785209466400527 0.78841978806723 0.792532495754189 0.796871112042845 0.801683361350826 0.80779354729148 0.814931227596016 0.820344455374233 0.825544854102687 0.830873364238952
-9999 -9999 -9999 -9999 -9999 -9999 -9999 -9999 -9999 -9999 -9999 -9999 -9999 -9999 -9999 -9999 -9999 -9999 -9999 -9999 -9999 -9999 -9999 -9999 0.708902193953943 0.700598182056667 0.692294170159391 0.661050525570238 0.623489503497648 0.584777025123361 0.554737087525137 0.536488634613584 0.48638960939643 0.431405093430866 0.473807609778334 0.507745772505851 0.527748485558827 0.597133332368362 0.687326667763307 0.722977228341251 0.743718613043652 0.734456339407667 0.746456615908817 0.769906698274175 0.774774966803693 0.778448589857561 0.780672976904665 0.78321264711882 0.785958968208774 0.789344727333239 0.792984827054742 0.797258837883931 0.802730004926185 0.809148884846434 0.813796212396516 0.818575134391709 0.824938882545115
-9999 -9999 -9999 -9999 -9999 -9999 -9999 -9999 -9999 -9999 -9999 -9999 -9999 -9999 -9999 -9999 -9999 -9999 -9999 -9999 -9999 -9999 -9999 -9999 0.710579657370934 0.699112334986618 0.687645012602302 0.675369136664743 0.660677764073799 0.627406045828716 0.587490813651981 0.538542831464201 0.492198860107963 0.450867408399362 0.474039709655528 0.496763476010658 0.518748788395018 0.601247506713597 0.70883951879302 0.720880491083247 0.731581279071814 0.73958504126679 0.753688751989124 0.771077262792795 0.77506258806459 0.778311334085341 0.780827054302188 0.78281605154725 0.784459810686389 0.787549875087114 0.790978836216947 0.795093562054849 0.800114970416691 0.80585414200343 0.810641050013584 0.81541627156588 0.820701394821104
-9999 -9999 -9999 -9999 -9999 -9999 -9999 -9999 -9999 -9999 -9999 -9999 -9999 -9999 -9999 -9999 -9999 -9999 -9999 -9999 -9999 -9999 -9999 -9999 0.716467214783228 0.699184399001588 0.681901583219949 0.684222451071989 0.686427774114177 0.64299579455235 0.592196206079031 0.531379363158543 0.477856918461134 0.431997478036337 0.466634463318868 0.496822180223043 0.51968475945469 0.60666598649598 0.719999865347011 0.715410604666677 0.719792349951801 0.742227608065942 0.757717390617853 0.769467059857427 0.77359795107398 0.777103969888338 0.779678689866024 0.781446161122101 0.78268452498286 0.784714594281548 0.787199690453876 0.790913069692283 0.795475301426345 0.800709516008487 0.805890019678478 0.810953450017935 0.815562610054502
-9999 -9999 -9999 -9999 -9999 -9999 -9999 -9999 -9999 -9999 -9999 -9999 -9999 -9999 -9999 -9999 -9999 -9999 -9999 -9999 -9999 -9999 -9999 -9999 0.730055127120338 0.702105916807693 0.674156706495047 0.683079617101488 0.691256971236199 0.609130117482596 0.545600576538618 0.507356581649754 0.426658000820238 0.343017024144106 0.445260342036427 0.517075118642158 0.538793287189196 0.614470069737005 0.71222525251227 0.703771153921072 0.708640661002572 0.740322978917887 0.755886761637495 0.762770771817312 0.768928395031302 0.773939353742076 0.776148130543115 0.77829609290819 0.780404194735924 0.779976346656111 0.780177405160776 0.783046701770765 0.787132531243249 0.792181412861903 0.798220111603688 0.804105659160798 0.808775333085973
-9999 -9999 -9999 -9999 -9999 -9999 -9999 -9999 -9999 -9999 -9999 -9999 -9999 -9999 -9999 -9999 -9999 -9999 -9999 -9999 -9999 -9999 -9999 -9999 0.727631710063723 0.709165881437711 0.6907000528117 0.697422664050815 0.703537287164051 0.647128144603695 0.604699069637244 0.581277775344157 0.474746629732937 0.353804290017829 0.460854513739228 0.538446424176178 0.567539079890995 0.596471642858466 0.625252389393603 0.648238867223374 0.671580455769164 0.695636679428569 0.714549306377177 0.730692125217041 0.746810996786815 0.760127511179029 0.766451269888088 0.771063403942509 0.774553661630279 0.773865088068723 0.773651571243284 0.776058676999218 0.780445215110802 0.786398744659345 0.791478627255962 0.796395981872165 0.801151260830002
-9999 -9999 -9999 -9999 -9999 -9999 -9999 -9999 -9999 -9999 -9999 -9999 -9999 -9999 -9999 -9999 -9999 -9999 -9999 -9999 -9999 -9999 -9999 -9999 0.717375721751883 0.718250330033875 0.719124938315868 0.719341238476456 0.719462610795054 0.720281127937227 0.715501998168518 0.703112115157433 0.571405665512804 0.413396858363462 0.494533179356971 0.560364822952838 0.600999319638732 0.565850903734303 0.499536588484832 0.571234674181448 0.621846081207098 0.630022043938818 0.653885533838866 0.686196700024607 0.716158300570808 0.741107159220589 0.753737920509524 0.761833540528663 0.766956623434468 0.76708216718964 0.767368596034058 0.769500328311369 0.774567729411083 0.781959113895895 0.785191317875128 0.788264678950669 0.793117837260736
-9999 -9999 -9999 -9999 -9999 -9999 -9999 -9999 -9999 -9999 -9999 -9999 -9999 -9999 -9999 -9999 -9999 -9999 -9999 -9999 -9999 -9999 -9999 -9999 -9999 -9999 -9999 0.722827138515528 0.725617164607913 0.717907564528173 0.712558162394521 0.710417766555268 0.603306908715843 0.46877993239776 0.477470025813765 0.492792681268268 0.519034981464797 0.533963780840517 0.544328994027845 0.581605886118539 0.603976672241971 0.596349977999557 0.628360633606884 0.681715857848929 0.69768376298338 0.713601325932314 0.732476922452959 0.748521077492617 0.762709377469385 0.764356996947506 0.765057135996561 0.766111874411802 0.770460318121892 0.777416180053756 0.780047603911384 0.782763172709601 0.788363658243563
-9999 -9999 -9999 -9999 -9999 -9999 -9999 -9999 -9999 -9999 -9999 -9999 -9999 -9999 -9999 -9999 -9999 -9999 -9999 -9999 -9999 -9999 -9999 -9999 -9999 -9999 -9999 0.732561850321509 0.729649531097198 0.717650005456318 0.712255984041395 0.715843033334504 0.63022276935659 0.518261908566067 0.480233695978979 0.465503622117298 0.489130882352935 0.527994592271006 0.573011862751372 0.582320540044207 0.58312408665906 0.566811661397552 0.606122587475808 0.675386485810418 0.683443139369355 0.693879798004522 0.715305334301078 0.735009131197847 0.753584422065609 0.758885419404231 0.762179112962339 0.762669678046893 0.766584514438431 0.773210129907895 0.775766372996625 0.778363857930642 0.783518677996039
-9999 -9999 -9999 -9999 -9999 -9999 -9999 -9999 -9999 -9999 -9999 -9999 -9999 -9999 -9999 -9999 -9999 -9999 -9999 -9999 -9999 -9999 -9999 -9999 -9999 -9999 0.734009331415607 0.731983950539279 0.729136701483891 0.723954931352305 0.720609889352381 0.719762126085104 0.647456687815075 0.554558456962956 0.528843597773679 0.531038534786502 0.579183295951784 0.580406925123397 0.561365529512346 0.55921382557121 0.554796399166102 0.545819367101623 0.590447758162033 0.663942474479297 0.678444703188695 0.691885840442011 0.707544148166378 0.721145290495028 0.733398073395987 0.7471339809909 0.757930961141393 0.759031000857851 0.763187998398224 0.769764996157116 0.773399694582735 0.776383381320057 0.7783911792338
-9999 -9999 -9999 -9999 -9999 -9999 -9999 -9999 -9999 -9999 -9999 -9999 -9999 -9999 -9999 -9999 -9999 -9999 -9999 -9999 -9999 -9999 -9999 -9999 -9999 -9999 0.734009331415607 0.729992198472133 0.725291227230959 0.72396027728776 0.722399772046326 0.720527155527037 0.675072325904005 0.614138112152956 0.548313056112071 0.526308112943896 0.576447246581644 0.558065514292204 0.510407878586399 0.509920502350044 0.511404422599972 0.516855437124715 0.574871673645635 0.661194090901391 0.679215817601501 0.694178483201522 0.707139089504994 0.716988478705356 0.724798635221122 0.729241181990751 0.734515405122544 0.743321900636884 0.754025385124547 0.766230595836255 0.769267405800011 0.770965817496321 0.772487090660853
-9999 -9999 -9999 -9999 -9999 -9999 -9999 -9999 -9999 -9999 -9999 -9999 -9999 -9999 -9999 -9999 -9999 -9999 -9999 -9999 -9999 -9999 -9999 -9999 -9999 -9999 -9999 0.727154261550422 0.719451178686365 0.720195350182955 0.720261113843302 0.719404490879135 0.708901381058742 0.687652612266826 0.550342077304997 0.47952417355974 0.518177678695854 0.490984291245845 0.435922563565285 0.444954600068435 0.458996530160233 0.483120515544707 0.559354687489723 0.663650005243579 0.683439984629442 0.699036638857089 0.711136643282393 0.718641284325345 0.723133915953227 0.707672803603397 0.699628235479951 0.720388701217731 0.741411786057681 0.762642769835479 0.764078406377066 0.763491170924536 0.766118216237895
-9999 -9999 -9999 -9999 -9999 -9999 -9999 -9999 -9999 -9999 -9999 -9999 -9999 -9999 -9999 -9999 -9999 -9999 -9999 -9999 -9999 -9999 -9999 -9999 -9999 -9999 -9999 -9999 0.719121889509549 0.719983066031951 0.720140526318423 0.719341189809816 0.71921662939291 0.711829683059823 0.586670845415476 0.497260013501365 0.466703591172009 0.427977710481477 0.386897984908516 0.431894725670487 0.459375578975757 0.451606951885093 0.519778214582836 0.628842831549879 0.687389298810665 0.729432926629937 0.73445190175172 0.725618334014846 0.707705181914054 0.71178020053203 0.71874591487097 0.728980504797735 0.741694799878057 0.756372120737319 0.755262090093026 0.75288414759917 0.754502775149262
-9999 -9999 -9999 -9999 -9999 -9999 -9999 -9999 -9999 -9999 -9999 -9999 -9999 -9999 -9999 -9999 -9999 -9999 -9999 -9999 -9999 -9999 -9999 -9999 -9999 -9999 -9999 -9999 -9999 -9999 -9999 -9999 -9999 0.72806403463016 0.624920837976625 0.533580537900442 0.461672161235375 0.408688459398775 0.365358261293746 0.419977183231143 0.451398578680597 0.436136598412306 0.495609409366718 0.595326633398731 0.686791528369185 0.751604946049807 0.750576474536433 0.728437333090046 0.692461301868882 0.709902306343817 0.727215111497718 0.729840308776364 0.73762571957254 0.749496145131542 0.747038554798988 0.743569018725698 0.744302387534898
-9999 -9999 -9999 -9999 -9999 -9999 -9999 -9999 -9999 -9999 -9999 -9999 -9999 -9999 -9999 -9999 -9999 -9999 -9999 -9999 -9999 -9999 -9999 -9999 -9999 -9999 -9999 -9999 -9999 -9999 -9999 -9999 -9999 0.730203538632561 0.662808716075438 0.611467480147128 0.586556372094663 0.512082756618059 0.417087669878815 0.402530611383627 0.410939500246157 0.46556572826213 0.518978211895943 0.571737098597361 0.673408197679517 0.746261627684862 0.743151412687616 0.71862447629264 0.680060050123165 0.686804275034591 0.696527593944934 0.703564419858924 0.719100293869485 0.741364326865428 0.741099511436341 0.738427825610256 0.73897999848638
