layers/veg100/veg2500.asc
NCOLS 255 
NROWS 330 
XLLCORNER -2985163.8955 
YLLCORNER -3022031.214 
CELLSIZE 25000 
NODATA_value -9999 
[rows 200 to 224 of 330, columns 114 to 170 of 255]
0.0873259590453612 0.0947899464595434 0.102313036557126 0.109868914653085 0.118864996484376 0.125079692483187 0.123965182099975 0.126210743008339 0.130721981317063 0.137350802308367 0.143701293586535 0.148493255998888 0.15293250764669 0.157084746003743 0.160427083650813 0.163473088817439 0.16576181948939 0.167980972557679 0.170132043031633 0.177417774420968 0.185955629666154 0.195411520499403 0.21118517089993 0.234389911844005 0.258906192706637 0.28434008021865 0.314906857597707 0.344868373144547 0.37397172897598 0.406688375516879 0.440376390379651 0.467286540628288 0.494770549740192 0.523241475730503 0.547579473878379 0.569996091184471 0.585195584727973 0.595358686413643 0.594905408282528 0.588379996024621 0.578435811840374 0.576346075644053 -9999 -9999 -9999 -9999 -9999 -9999 -9999 -9999 -9999 -9999 -9999 -9999 -9999 -9999 -9999
0.0812609502834423 0.0884482525546537 0.0957937673590574 0.103227052666979 0.112567867062281 0.11899672205184 0.117710663865838 0.118979599510837 0.121971353298258 0.126969684211656 0.132578181409811 0.139581451154654 0.144913749436906 0.148886318823912 0.152134405448784 0.155147708021895 0.157614966166708 0.159739338076295 0.161528191324298 0.167734704422392 0.175508675266424 0.187046853036051 0.204853848348735 0.230034367498056 0.253083491520687 0.275542691940141 0.298190107165923 0.324203988071808 0.354990952420565 0.390255833164958 0.426655730346137 0.453339106429278 0.48037028111569 0.507999596449266 0.528562681482999 0.545913770349431 0.570441142253095 0.588454886888757 0.592738337493674 0.589203028885721 0.581265552285821 0.580619998806882 -9999 -9999 -9999 -9999 -9999 -9999 -9999 -9999 -9999 -9999 -9999 -9999 -9999 -9999 -9999
0.0775658749235296 0.0846444524395743 0.0917897655743476 0.0989721011797192 0.106404481923597 0.111857494945679 0.112175402040267 0.112129553933152 0.111838427714876 0.116134234293763 0.121713786161752 0.130116768244962 0.135897557671157 0.13954457569283 0.142863321134461 0.146104319581525 0.149222069837291 0.151902201077241 0.154154116391951 0.156383548055525 0.160482296481852 0.175953135294044 0.197041722535533 0.224738031515154 0.245889316823922 0.264374214926831 0.275346668129927 0.296295232153327 0.331388247332749 0.370159945866771 0.409582223819091 0.435627011096254 0.461104639809176 0.485606874752635 0.499620456628205 0.508937667480016 0.547953183699969 0.578215517362971 0.590026723065037 0.588048056008724 0.578305326290135 0.579312704852597 -9999 -9999 -9999 -9999 -9999 -9999 -9999 -9999 -9999 -9999 -9999 -9999 -9999 -9999 -9999
0.0699814170170782 0.0748847925068094 0.0817018716708982 0.0895806033582992 0.0980109611959262 0.104597886621298 0.10636916459108 0.106423564602705 0.105320283347649 0.108773769830941 0.113551474390835 0.121294773481836 0.127858336158357 0.133461905365537 0.137598701282125 0.141333897441248 0.144283324047362 0.145773008817285 0.145834317126396 0.147628200735843 0.152185818972695 0.171259597203268 0.193261103693028 0.21870626984556 0.236936110759934 0.252937302424543 0.26738375732287 0.289414778563651 0.322199442191015 0.355017466693083 0.387842576577195 0.420569062020924 0.450091614367106 0.474104073807772 0.493304348806369 0.510377275878936 0.548379061113196 -9999 -9999 -9999 -9999 -9999 -9999 -9999 -9999 -9999 -9999 -9999 -9999 -9999 -9999 -9999 -9999 -9999 -9999 -9999 -9999
0.061789335198425 0.0661095794275951 0.0730669613152264 0.0814873303345339 0.0908521478158747 0.0983274097808777 0.10082705763204 0.101036105118007 0.0997006135063395 0.102545924210308 0.10662528294561 0.113488273411024 0.120230515479586 0.126874500284079 0.132092111733876 0.136733898917788 0.139808141117905 0.140807279736325 0.139775902385166 0.140933961444183 0.145377928532785 0.16691221992936 0.18887051895266 0.21132754525923 0.228454075649732 0.244048028256048 0.259571235476879 0.280927122146841 0.310552769554533 0.339109553518269 0.367684760041538 0.404117873774185 0.43599031495991 0.460019355962151 0.48374295174713 0.507220004468162 0.502240126586015 -9999 -9999 -9999 -9999 -9999 -9999 -9999 -9999 -9999 -9999 -9999 -9999 -9999 -9999 -9999 -9999 -9999 -9999 -9999 -9999
0.0523554296953096 0.0599575368748459 0.0681687240860555 0.0767178065321384 0.0867220658262827 0.094400181666323 0.0959225842618197 0.0963442591446493 0.0960237194474515 0.0988210914127768 0.10248521223981 0.108049265290503 0.113526087597209 0.118931927145795 0.125813979526508 0.132323523815249 0.136256079301872 0.138505561434783 0.139108134298768 0.138980528343686 0.141751868743551 0.163063644954956 0.18283759450561 0.200802717836362 0.221173098897735 0.241192024090272 0.251372041267466 0.267593167574646 0.292379572932595 0.32114596940048 0.351497375690653 0.384242211296047 0.414180124709729 0.439290720703228 0.465384900966397 0.49184649724626 0.496027097899603 -9999 0.527412259669873 0.527412259669873 -9999 -9999 -9999 -9999 -9999 -9999 -9999 -9999 -9999 -9999 -9999 -9999 -9999 -9999 -9999 -9999 -9999
0.0464362003540347 0.053188603697478 0.0607640485071381 0.0687960864984426 0.0784260887929092 0.0863437279633242 0.0896750457022346 0.0913649092224913 0.091947949284492 0.0944738726672961 0.0975961844525511 0.102087364687092 0.106753966052402 0.111563313829414 0.117782624054254 0.123912001356117 0.128732826143658 0.132152176578283 0.134200166045848 0.138271066321151 0.144352098490965 0.159998798384533 0.175403326569649 0.1905230069581 0.211530904775483 0.233337991585995 0.246764931044066 0.263065227009151 0.28343946035318 0.308134792665279 0.334567778656995 0.363920896205067 0.392718082438684 0.420559183417561 0.452382224931705 0.485895423660358 0.483350673131491 0.490383757645559 0.517606282836334 0.527412259669873 -9999 -9999 -9999 -9999 -9999 -9999 -9999 -9999 -9999 -9999 -9999 -9999 -9999 -9999 -9999 -9999 -9999
0.0427136192601363 0.046034118154261 0.0517928663271561 0.0589042656622744 0.0675264562233498 0.0757065368796367 0.082588100705618 0.0862058713244956 0.0876228843203664 0.0897376670169628 0.0922390636790272 0.0957986599050823 0.0999395364376363 0.10455342142466 0.108655516189821 0.112999789523726 0.118727605913624 0.123266528199604 0.126642102069902 0.138339077602662 0.150843716055792 0.157423776636014 0.167093228663259 0.180396492221765 0.200412966158088 0.222360226002321 0.244402848421777 0.264040984179513 0.280269961322771 0.298218836228142 0.317174303839519 0.343321051319062 0.371473630242224 0.403075818526957 0.44272662100501 0.485895423660358 0.483350673131491 0.490383757645559 0.517606282836334 -9999 -9999 -9999 -9999 -9999 -9999 -9999 -9999 -9999 -9999 -9999 -9999 -9999 -9999 -9999 -9999 -9999 -9999
0.0401044510064083 0.0426889622127393 0.0491320804521152 0.0577158121772634 0.0637221750781322 0.0700007392606588 0.077250351873993 0.0822247667268901 0.0856650283729506 0.0866882154280437 0.0882031230373103 0.0920688241562772 0.0966111988582207 0.101704206915683 0.106080819988744 0.11051026105435 0.115635502852578 0.119855485428786 0.123189660027439 0.134916809007912 0.147376573226323 0.153363267451029 0.162818051610542 0.17635208095884 0.19504288554289 0.215160069005405 0.234813324821179 0.253137775466079 0.269578203351624 0.291115870630965 0.314756234964852 0.342854448777956 0.371835973153662 0.402336606423398 -9999 -9999 -9999 -9999 -9999 -9999 -9999 -9999 -9999 -9999 -9999 -9999 -9999 -9999 -9999 -9999 -9999 -9999 -9999 -9999 -9999 -9999 -9999
0.0372268294215754 0.0393397462669085 0.0457606538707598 0.0545714765489613 0.0591412918371377 0.0643967024680569 0.0718634785035202 0.0778840709811998 0.0829295099221505 0.0834021686181437 0.0844025318517861 0.0885274770151921 0.0932116962722032 0.0983510167457596 0.102994118249487 0.107595427206878 0.112338807566509 0.116506283298886 0.120110228828285 0.131136728843597 0.142970910514924 0.150049948047824 0.159614576562568 0.172102812955012 0.189049875629727 0.207263744271234 0.225393345292982 0.242665405667303 0.258721617298529 0.283135531842569 0.310714643763613 0.3401956215657 0.356987870771225 0.351958168240776 -9999 -9999 -9999 -9999 -9999 -9999 -9999 -9999 -9999 -9999 -9999 -9999 -9999 -9999 -9999 -9999 -9999 -9999 -9999 -9999 -9999 -9999 -9999
0.0333135494922437 0.0351694558267142 0.0389334650245205 0.0437560196213576 0.0507415740703509 0.0580483337959491 0.0659588813158468 0.0722226915514319 0.0773761159869447 0.0790535465839415 0.0810220119681786 0.0850038453445364 0.0888599892824867 0.0926138552551599 0.0969916070580994 0.101625706107734 0.106964888918433 0.112178542335861 0.117269363601709 0.127032651682295 0.137886156598623 0.149276533607578 0.15874473066747 0.165952016546685 0.179981692238067 0.196492632538749 0.218013001499158 0.235998407780626 0.248971830148594 0.271945801740912 0.298659394461637 0.32673470282103 0.345774937124727 0.349276739151788 -9999 -9999 -9999 -9999 -9999 -9999 -9999 -9999 -9999 -9999 -9999 -9999 -9999 -9999 -9999 -9999 -9999 -9999 -9999 -9999 -9999 -9999 -9999
0.029497938301748 0.031639545172736 0.0345314833716467 0.0378396778375455 0.045932938267298 0.053907767604982 0.0610785042340356 0.0674228146122133 0.073209870361786 0.0758509024833813 0.0787058149681075 0.08322022711768 0.0863717495687593 0.088414240210761 0.0926892977411043 0.0974810395533919 0.103058652192498 0.10867771940098 0.114337350447272 0.124006075073678 0.134409096216456 0.144052287326405 0.151746672529233 0.15714882850216 0.168459846140374 0.182614496701795 0.207681579274254 0.228360418164557 0.242817463858994 0.264486731940828 0.288818452722639 0.313471884776455 0.328096924362367 0.325475232350343 -9999 -9999 -9999 -9999 -9999 -9999 -9999 -9999 -9999 -9999 -9999 -9999 -9999 -9999 -9999 -9999 -9999 -9999 -9999 -9999 -9999 -9999 -9999
0.0257561668047783 0.0285937755829097 0.0319630111715351 0.0356271737921686 0.0438392386330647 0.0514363481698371 0.0569724598570526 0.0632742523170885 0.0700923390674326 0.0735146426570133 0.0771942692461184 0.0827520969472118 0.0852923316970526 0.0853770437633718 0.0896723780670356 0.0947161539797661 0.100262014961921 0.105802064503457 0.111336427474412 0.121794112347993 0.132147487157394 0.135463115246182 0.140115552478983 0.146340374618618 0.155082977602658 0.16638738297912 0.195119077488794 0.219988337655445 0.239381314038533 0.259848122572617 0.280651575722995 0.300358835175261 0.315406454295543 0.32244046940044 -9999 -9999 -9999 -9999 -9999 -9999 -9999 -9999 -9999 -9999 -9999 -9999 -9999 -9999 -9999 -9999 -9999 -9999 -9999 -9999 -9999 -9999 -9999
0.0256323209809978 0.0273000424099434 0.0298953891087939 0.0330053482430378 0.0394351618823641 0.0463045822390144 0.053962907505843 0.0602803474475675 0.065693635865728 0.0690058461233075 0.0714274589326596 0.0715615567826971 0.0827533269362733 0.0826802009257917 0.0867315713796093 0.0914510084583567 0.0963801278771802 0.101452728571281 0.106665727568075 0.114198179102633 0.121444119514078 0.123934135957174 0.127043501022622 0.130881357832922 0.145305872114648 0.163414047806055 0.187718487716459 0.209735357690731 0.228508837348832 0.246818670427087 0.265443245953103 0.293348138325607 -9999 -9999 -9999 -9999 -9999 -9999 -9999 -9999 -9999 -9999 -9999 -9999 -9999 -9999 -9999 -9999 -9999 -9999 -9999 -9999 -9999 -9999 -9999 -9999 -9999
0.0245380711067838 0.0256054499211268 0.0277718903121974 0.0305480497061851 0.0352102826412034 0.041251907248054 0.0506575105102296 0.0571805029271023 0.0617597668693417 0.0649485985667293 0.0675864474254861 0.0688366281734786 0.0728279808784978 0.0790499226751036 0.0836359506650691 0.0880101409581517 0.0925315843413502 0.0972042547864099 0.102024902887549 0.106740894428705 0.111069627727604 0.113184662697951 0.114738585511229 0.11563251561667 0.135707678565093 0.160692063057954 0.180199664533599 0.198914224180839 0.216504383587481 0.23306353584913 0.248218824015268 0.243741166024272 -9999 -9999 -9999 -9999 -9999 -9999 -9999 -9999 -9999 -9999 -9999 -9999 -9999 -9999 -9999 -9999 -9999 -9999 -9999 -9999 -9999 -9999 -9999 -9999 -9999
0.0179197248790937 0.0215027418168785 0.0251869631701139 0.0289273290166022 0.0328102599949857 0.0378086089883665 0.0456711792969651 0.0531053226392138 0.0602505800587748 0.0637014701296769 0.0665445691804178 0.0685139554065384 0.0717003761080569 0.0758771410373239 0.0799045799323737 0.0841351393542616 0.089343735865119 0.0940678191641735 0.0983177999544594 0.102457862500202 0.106103133605817 0.106889049870139 0.106105223083188 0.103475029301752 0.125037110807714 0.152446997931936 0.169694320527299 0.186818514514607 0.203768132796622 0.220614924367996 0.236716984899815 0.239285621008248 -9999 -9999 -9999 -9999 -9999 -9999 -9999 -9999 -9999 -9999 -9999 -9999 -9999 -9999 -9999 -9999 -9999 -9999 -9999 -9999 -9999 -9999 -9999 -9999 -9999
0.0165009434335071 0.0210056903612208 0.0240234191781007 0.0262162049535206 0.0305735134990718 0.0355037373782148 0.0416872939660192 0.0492531197267721 0.057751001909725 0.0607243794668697 0.0632000844470867 0.0657204615217942 0.0690767977064907 0.0731133835438856 0.0765288207015316 0.0802312439144238 0.0855827472298158 0.0902445314863141 0.0942314166312892 0.0977670523053099 0.101047424665476 0.103365918189869 0.104221581830392 0.103356632142552 0.121425882182189 0.144166119791673 0.159843839670858 0.175963720685615 0.192710511996164 0.211880168487971 0.23094273598429 -9999 -9999 -9999 -9999 -9999 -9999 -9999 -9999 -9999 -9999 -9999 -9999 -9999 -9999 -9999 -9999 -9999 -9999 -9999 -9999 -9999 -9999 -9999 -9999 -9999 -9999
0.0198139444294564 0.0237899102301806 0.0241533826456631 0.0225127763893639 0.0284853539048516 0.0342348730988673 0.0386156687997838 0.0456038338803183 0.0543501336446618 0.0561729637927612 0.0577601487659321 0.0606784356018993 0.0650918319470588 0.0707218520627129 0.0734766801447501 0.0763010540920107 0.0813001813750941 0.0857961848596911 0.0897998751332697 0.0927051498898561 0.095910527177698 0.10236583952715 0.10848041855041 0.114194219390966 0.124238894498508 0.135852650579061 0.150589306760826 0.166238202866473 0.18318050211071 0.20652514869359 -9999 -9999 -9999 -9999 -9999 -9999 -9999 -9999 -9999 -9999 -9999 -9999 -9999 -9999 -9999 -9999 -9999 -9999 -9999 -9999 -9999 -9999 -9999 -9999 -9999 -9999 -9999
0.0167022387756126 0.0214147630010203 0.0237884829144127 0.0248647200813094 0.0278437708364792 0.031254620503152 0.0355818181608385 0.0421756773380537 0.050297933782296 0.0546629198761084 0.0582248347197372 0.0602904862871958 0.0638808412306616 0.0687119015263431 0.0720902502939996 0.0754257089943689 0.0795216376841609 0.0836579584713144 0.08783380345353 0.0917094281536291 0.0953406195459136 0.0978791720659677 0.101907396498933 0.107687806457026 0.116671823887008 0.127023393431466 0.141642925451028 0.159070721268616 0.18048016392633 -9999 -9999 -9999 -9999 -9999 -9999 -9999 -9999 -9999 -9999 -9999 -9999 -9999 -9999 -9999 -9999 -9999 -9999 -9999 -9999 -9999 -9999 -9999 -9999 -9999 -9999 -9999 -9999
0.013139378359217 0.0182875499697304 0.0229949631983579 0.0274578598622891 0.0274698714028223 0.0286243018049857 0.0331910919563356 0.0391392165901591 0.0460187673895893 0.0532582861773808 0.0585697123678647 0.0574360756824647 -9999 0.0675770254230279 0.0711886160844483 0.0751763066902526 0.0784418426797818 0.0822229164046291 0.0865084505398945 0.091442032130595 0.0955618167146852 0.0939005043893937 0.095378188783759 0.100548031543962 0.109733734226961 0.120426447961386 0.134507605506811 0.142764885968062 -9999 -9999 -9999 -9999 -9999 -9999 -9999 -9999 -9999 -9999 -9999 -9999 -9999 -9999 -9999 -9999 -9999 -9999 -9999 -9999 -9999 -9999 -9999 -9999 -9999 -9999 -9999 -9999 -9999
0.0135690868412571 0.0163142804601237 0.0204350674943162 0.02531898324065 0.0270716161895402 0.0295328551681458 0.0341492669945479 0.037946031418556 0.041190112153821 0.049394108397881 0.0561595415513079 0.0566896386684871 -9999 -9999 0.0711886160844483 0.0751948470534194 0.078559316260994 0.0822006921862658 0.086113024953079 0.0909792455114359 0.0954217867843791 0.0960525583720554 0.0998161121722079 0.107264514695428 0.116396148695184 0.126094883653695 0.136602911511374 -9999 -9999 -9999 -9999 -9999 -9999 -9999 -9999 -9999 -9999 -9999 -9999 -9999 -9999 -9999 -9999 -9999 -9999 -9999 -9999 -9999 -9999 -9999 -9999 -9999 -9999 -9999 -9999 -9999 -9999
0.0169261085702362 0.0166760426917111 0.0193037762691419 0.0235280073058922 0.0266895783659355 0.030094173642948 0.0342367375547921 0.0369393772999837 0.0386710841811031 0.0457474304813306 0.0527588089529311 0.0579314093370445 -9999 -9999 -9999 -9999 0.0803102050509473 0.0821890829786575 0.0859064675094851 0.090737500859167 0.0953486397109598 0.0971767212587176 0.102197015683867 0.110972062513498 0.119999740723683 0.12823004903455 -9999 -9999 -9999 -9999 -9999 -9999 -9999 -9999 -9999 -9999 -9999 -9999 -9999 -9999 -9999 -9999 -9999 -9999 -9999 -9999 -9999 -9999 -9999 -9999 -9999 -9999 -9999 -9999 -9999 -9999 -9999
0.023484614311141 0.0195915346256421 0.0197348919381536 0.0221175162707103 0.0263252768450039 0.0302757353750706 0.0333719538702122 0.0361367246440599 0.0386780020612578 0.0423386233613396 0.0473091655787064 0.0562436387028824 0.0602521053397532 -9999 -9999 -9999 -9999 0.0821890829786575 0.0859064675094851 0.0907375008591669 0.0953486397109598 0.0971767212587176 0.102328239816442 0.111388859547429 0.12025802245909 -9999 -9999 -9999 -9999 -9999 -9999 -9999 -9999 -9999 -9999 -9999 -9999 -9999 -9999 -9999 -9999 -9999 -9999 -9999 -9999 -9999 -9999 -9999 -9999 -9999 -9999 -9999 -9999 -9999 -9999 -9999 -9999
0.0236516153445537 0.0235166072950271 0.0238139981891878 0.024351268138708 0.0282746870770611 0.0321007394630235 0.0353227785644966 0.0372017884128471 0.0381752010988845 0.0412916439867214 0.0455951435738058 0.0531475479494777 0.0586606920741856 0.0625144176209945 -9999 -9999 -9999 -9999 -9999 -9999 -9999 -9999 -9999 0.113502642922717 0.113502642922717 -9999 -9999 -9999 -9999 -9999 -9999 -9999 -9999 -9999 -9999 -9999 -9999 -9999 -9999 -9999 -9999 -9999 -9999 -9999 -9999 -9999 -9999 -9999 -9999 -9999 -9999 -9999 -9999 -9999 -9999 -9999 -9999
0.0228559463554039 0.0271999459185035 0.028186117656295 0.0273094898231013 0.0304458521391036 0.0338762625201936 0.0376476721877911 0.0388017272074152 0.0381909145322656 0.0412891696009698 0.0450791475270065 0.050014162910159 0.0556716451071398 0.0619170242398921 0.0617904731831453 -9999 -9999 -9999 -9999 -9999 -9999 -9999 -9999 -9999 -9999 -9999 -9999 -9999 -9999 -9999 -9999 -9999 -9999 -9999 -9999 -9999 -9999 -9999 -9999 -9999 -9999 -9999 -9999 -9999 -9999 -9999 -9999 -9999 -9999 -9999 -9999 -9999 -9999 -9999 -9999 -9999 -9999
