layers/veg100/veg2300.asc
NCOLS 255 
NROWS 330 
XLLCORNER -2985163.8955 
YLLCORNER -3022031.214 
CELLSIZE 25000 
NODATA_value -9999 
[rows 200 to 224 of 330, columns 57 to 113 of 255]
-9999 -9999 -9999 -9999 -9999 -9999 -9999 -9999 -9999 -9999 -9999 -9999 -9999 -9999 -9999 -9999 -9999 -9999 -9999 -9999 0.16488874090911 0.167938855535144 0.12413802758133 0.0547290812850444 0.0238937635729521 0.00232022695171597 0.000662132271869342 0.0131294633570097 0.0349876109809868 0.0484514632063465 0.0606821355218311 0.0713319900168581 0.0712816360507897 0.0626430974851687 0.0663244037242993 0.0727685764000311 0.0833138341504739 0.0895608277825255 0.0916587432705863 0.0827314282064022 0.0712661886473988 0.0584478347079287 0.0483304058924088 0.041346690859463 0.0496800328359967 0.0612582527100267 0.0632613962397549 0.0649564584182361 0.0662207869587375 0.0679701888599851 0.0699405232926898 0.0727330813585422 0.0743331252481687 0.0739120150321359 0.0787470651605963 0.0859653134774367 0.0948292672829082
-9999 -9999 -9999 -9999 -9999 -9999 -9999 -9999 -9999 -9999 -9999 -9999 -9999 -9999 -9999 -9999 -9999 -9999 -9999 -9999 0.164965311063632 0.165960932869251 0.122321823474555 0.0542859481703138 0.0233413637636208 0.00176298531062405 0.00050311003763337 0.0147564784493567 0.0393233076932853 0.0566802501743239 0.0708567755252068 0.0768358705562987 0.0755304030572089 0.0683782113598335 0.0683204364887884 0.0712628714695548 0.0825433758266731 0.088465713321283 0.0892158574818527 0.0837538510425528 0.0758497387639542 0.0612096759439138 0.0484425532496747 0.0378484853484449 0.0433896417785003 0.0526922317181457 0.0550331876253691 0.0579006925138502 0.0615043742509258 0.0641445539690436 0.0664844722609345 0.0696649067705929 0.0715245429627369 0.0711456003644461 0.0723743712943378 0.0743995194736723 0.0863165943457069
-9999 -9999 -9999 -9999 -9999 -9999 -9999 -9999 -9999 -9999 -9999 -9999 -9999 -9999 -9999 -9999 -9999 -9999 -9999 -9999 0.163144754509831 0.15859932133185 0.112026666448799 0.042482476570598 0.0170937417333211 3.569832491027e-05 1.01873710919899e-05 0.0142007526062979 0.0378424002806726 0.0643156553292422 0.0846780258167997 0.0845285669766623 0.0825310856876033 0.0790503475075067 0.0746960373075539 0.0727133088620573 0.0813285217381832 0.0854420762337552 0.0852102178175076 0.0843561961536998 0.0811302374851532 0.0646739463063096 0.0510651801924179 0.0407602185650474 0.0398954907244287 0.0417859051014357 0.0446511352711586 0.0490296146540879 0.0555237928163704 0.0597300086111634 0.063095646881729 0.0661800370345451 0.0684428009509086 0.069313016858846 0.0678093630059277 0.0653620719819506 0.080649808903729
-9999 -9999 -9999 -9999 -9999 -9999 -9999 -9999 -9999 -9999 -9999 -9999 -9999 -9999 -9999 -9999 -9999 -9999 -9999 0.221782692902955 0.21242375891236 0.183938860862078 0.135998586434393 0.0774242552890496 0.0332936580340349 0.00167742057857767 0.0004786920942163 0.0135555388255406 0.0361230239324644 0.0614159360242008 0.0818886301516666 0.0860413902603601 0.0865957578057179 0.0842619891331742 0.0766151855361652 0.0710414169447305 0.0775439698269365 0.0767324995496563 0.0688608643314129 0.0750312499896798 0.0811023648729767 0.0692334103486312 0.0573254138711045 0.0453721194674346 0.0412160577002931 0.0391326878989985 0.0360068373138211 0.0374677519090117 0.0453414988444362 0.0510015432230365 0.0558642863055698 0.0607404105017805 0.0642367830678085 0.065394658760819 0.0654748243758668 0.0651094114898048 0.0704035108188234
-9999 -9999 -9999 -9999 -9999 -9999 -9999 -9999 -9999 -9999 -9999 -9999 -9999 -9999 -9999 -9999 -9999 -9999 0.211958064157784 0.215749205341066 0.211660596915399 0.191468892990658 0.151336712440327 0.1003053256603 0.0455368796364063 0.00577078678200428 0.00442976336216665 0.0156305903907318 0.0351694469115065 0.0585736598597492 0.0785855607378511 0.0865563408374511 0.0872840038788711 0.082198207621999 0.0759546060101555 0.0715236658732503 0.0754959989741369 0.0710016557285685 0.0583345011308521 0.0685353688947188 0.0801366928960235 0.0717415574452168 0.0612772859455778 0.0484123258460405 0.0419430304238212 0.0369908969240806 0.0295179309511763 0.0283944286673189 0.0361482166930983 0.042358847752161 0.0480196506167605 0.0537962626714857 0.0584446885784975 0.0611809878962763 0.0628533288149128 0.0640237579528934 0.062145455854944
-9999 -9999 -9999 -9999 -9999 -9999 -9999 -9999 -9999 -9999 -9999 -9999 -9999 -9999 -9999 -9999 -9999 -9999 0.211884626642808 0.208701968818092 0.201048012102141 0.184256486729353 0.144565052983997 0.0923568259502869 0.0473113530977747 0.0154892108738225 0.0165619438617211 0.0241378936665634 0.0360372895080959 0.0563924608529347 0.0748970219691344 0.0850215555059959 0.0801404073214205 0.063215422314937 0.0694205421867354 0.0772516907482991 0.0776795831843013 0.0725928755311882 0.0621829708682181 0.0692193960127976 0.077219775752123 0.0693479788888075 0.0595932748702263 0.0476539519403538 0.0410272929450714 0.0356460204408364 0.0280354036409109 0.0253355217574047 0.0295014196659661 0.0341339377559827 0.0389175017834907 0.0433945160131917 0.0489608733364673 0.0563735233998574 0.0594425505615222 0.0605317413057215 0.0588138362912997
-9999 -9999 -9999 -9999 -9999 -9999 -9999 -9999 -9999 -9999 -9999 -9999 -9999 -9999 -9999 -9999 -9999 -9999 -9999 0.202053590270215 0.196267447599359 0.178656714982874 0.128050622895002 0.0594096947170009 0.0310888742361168 0.0129028662599171 0.0166855021647488 0.0245452236043217 0.0351154589007442 0.0548264862112497 0.0734884060705388 0.086159167119747 0.077135213239126 0.050698681152251 0.0651288623626392 0.0813459721672774 0.0798772619834705 0.0752819320935715 0.0676685025406921 0.071609900387553 0.0760723634219674 0.0693298577503362 0.0596448923032598 0.0465459755877025 0.0397588207222733 0.0346776359045329 0.029008882941288 0.0254033221486489 0.0246823444893274 0.0276482393528017 0.031920088458429 0.0357781253148221 0.041120028449384 0.0489768890411911 0.052913836860375 0.0550579077958655 0.0538097106122674
-9999 -9999 -9999 -9999 -9999 -9999 -9999 -9999 -9999 -9999 -9999 -9999 -9999 -9999 -9999 -9999 -9999 -9999 -9999 -9999 0.195131855379589 0.174064828633947 0.105447028669865 0.0108385920013322 0.00361842487643419 0.00262612646671709 0.00930375480468152 0.0198901263318424 0.0330750949418717 0.053645022534779 0.0735047261678051 0.0889670083067705 0.0767164920281272 0.042223172775508 0.0622386570002701 0.084419175246691 0.0820837498031042 0.0786571290237141 0.0741771865791349 0.0750669412232673 0.07603087933921 0.0707963810381376 0.0607812655275762 0.0452195001281518 0.0382698917286024 0.033944556226292 0.0315173493552396 0.0274252929376437 0.0210055828046594 0.0222495361439586 0.026238120241936 0.0299025627912119 0.0343060286497285 0.0399620414594073 0.0444364351090716 0.0483454524791694 0.04776028020019
-9999 -9999 -9999 -9999 -9999 -9999 -9999 -9999 -9999 -9999 -9999 -9999 -9999 -9999 -9999 -9999 -9999 -9999 -9999 -9999 0.180498021952471 0.181410586819618 0.126834483221723 0.041928992199075 0.0166012269818119 0.000864213637723469 0.00392186675343696 0.0156005673602978 0.0330106828433484 0.0537969391745232 0.07323479811051 0.0873614911359255 0.0850407896997739 0.0695191062144244 0.0772059398066439 0.0856313590031663 0.082841396094374 0.0792107429380642 0.0747685785679796 0.073817252615999 0.0731658313713339 0.0699702204479635 0.0631163424524442 0.0520180069402492 0.0428142052297306 0.0346658473553911 0.0312882921029207 0.0263291469290816 0.019158754700313 0.0170321938793997 0.0170164715039284 0.0222222901138645 0.0280004163604123 0.0347485285010472 0.0394292916254896 0.0431486458360577 0.0428716229662091
-9999 -9999 -9999 -9999 -9999 -9999 -9999 -9999 -9999 -9999 -9999 -9999 -9999 -9999 -9999 -9999 -9999 -9999 -9999 -9999 0.191927852738599 0.193007732601631 0.147330557466039 0.0760965817237234 0.0313800276743765 0 0 0.0131889059907587 0.035146014693975 0.0578119931235843 0.0776970212283009 0.0884129327391937 0.0928976041201686 0.0923809672822945 0.0898448821748425 0.086833757699821 0.083056431023502 0.0792055049985306 0.0752835341423215 0.072799021845163 0.0706842117646328 0.0689748781507243 0.0648474087858538 0.0579143283865532 0.046709974961339 0.0352574491445416 0.0324537395247043 0.0272451870065033 0.0186743838159075 0.0135875195561788 0.0102273623213372 0.015270055998871 0.0212798016185434 0.0289285726202243 0.0346004460212169 0.0393433296540548 0.0389216690412747
-9999 -9999 -9999 -9999 -9999 -9999 -9999 -9999 -9999 -9999 -9999 -9999 -9999 -9999 -9999 -9999 -9999 -9999 -9999 -9999 0.191326027378846 0.190574188583121 0.155830553190954 0.102507442083194 0.0429145713982651 0 0 0.016290236795896 0.0434104922878413 0.0730446844690614 0.096307952355829 0.0983115762058462 0.0975059353787794 0.0944455269251267 0.0917598097224983 0.0884022504533088 0.0819637677153651 0.0781357490448098 0.0768275893473992 0.0734694243641928 0.0699437234393119 0.0679627685037012 0.0645257280689807 0.0593992830829436 0.0473937081650621 0.0351540926202752 0.0383520848731014 0.0348138287694025 0.0218575123085991 0.0153816757190812 0.0114318015736747 0.0108685057900586 0.0132157316738235 0.0204959075676711 0.0295654256382595 0.0393586913779106 0.0375197815727668
-9999 -9999 -9999 -9999 -9999 -9999 -9999 -9999 -9999 -9999 -9999 -9999 -9999 -9999 -9999 -9999 -9999 -9999 -9999 -9999 0.195013677345255 0.193777970972573 0.169719552988441 0.133186536465634 0.0562525990293384 0 0 0.0152159834984388 0.0405478043435995 0.076982255454688 0.106380075378856 0.109920868612177 0.10658030346558 0.0977166332059106 0.0929664720298466 0.0884417578321507 0.0823301547441966 0.0785307807771102 0.0769633821016866 0.0710730877819894 0.0649661320634996 0.0629229886774518 0.0606693488257428 0.0581714831457142 0.0471473116775822 0.0355288553699605 0.040274869102328 0.0387262846073709 0.0283771181132002 0.0205487796767151 0.0137647017995775 0.00939920376607953 0.00898818014702737 0.0152794686327893 0.0235522083476125 0.0326650579956269 0.034280009583245
-9999 -9999 -9999 -9999 -9999 -9999 -9999 -9999 -9999 -9999 -9999 -9999 -9999 -9999 -9999 -9999 -9999 -9999 -9999 -9999 0.196508981067167 0.199824388540965 0.187682757223001 0.16709250872025 0.0709540997693376 0 0 0.0109848976862776 0.029272736932407 0.0723804694705164 0.109996673522298 0.122823448870299 0.119031092652923 0.10189991502037 0.0936376703913848 0.0873253189705157 0.0837996156020213 0.0800332238992318 0.076034497774957 0.0663582296538132 0.056785198508654 0.0548382024837376 0.054140660520218 0.0548927816288702 0.0461977168877962 0.0362650867029225 0.0391920425482893 0.0398745842640633 0.0374191734252276 0.0282659056210192 0.0169507430963816 0.0101467452264196 0.00766112009337295 0.0124945666837381 0.0167994528922189 0.0208992782089898 0.0296507568715885
-9999 -9999 -9999 -9999 -9999 -9999 -9999 -9999 -9999 -9999 -9999 -9999 -9999 -9999 -9999 -9999 -9999 -9999 -9999 -9999 0.203942374293422 0.204010199647627 0.186702967082466 0.159898752921937 0.0748806529854817 0.0102830282124649 0.00293450812084585 0.00496385071650563 0.0132277514407371 0.0685130524576932 0.115695266998976 0.123331923877811 0.120543452584325 0.109387581202942 0.098199354724178 0.0883203257030419 0.0840136122374254 0.0795545994090368 0.0749485732887668 0.0632222603431875 0.0519162569868293 0.0518907124295098 0.0515616896960248 0.0508805602954848 0.0482373284700933 0.0454659656068691 0.0465390012479685 0.0455770839662063 0.0417700653109453 0.0352370664550158 0.0276026634275494 0.0178498359121527 0.0105519388228473 0.00741482473195041 0.0101240441568319 0.0154854469033389 0.0228715108483503
-9999 -9999 -9999 -9999 -9999 -9999 -9999 -9999 -9999 -9999 -9999 -9999 -9999 -9999 -9999 -9999 -9999 -9999 -9999 -9999 0.203564480788134 0.204839062286409 0.184315661421743 0.151877765752068 0.0760786713893296 0.0171069661104728 0.00488188206207244 0 0 0.0650689393003615 0.119654668559648 0.121870330513354 0.120252722665373 0.115558461797361 0.103769353869178 0.0921008653713799 0.0853300269215242 0.0793966544444219 0.0742716808158267 0.0615588006764609 0.0495366907387728 0.0509692258384444 0.0506929259501341 0.0484339721531691 0.0507797848130427 0.0540525330428549 0.0540045068187535 0.0516825473213853 0.0461813640658981 0.0416638973216962 0.0371145672503538 0.0256659762538784 0.0146980429866429 0.00454476111914552 0.00549109366740144 0.0114392019309657 0.0165590235183254
-9999 -9999 -9999 -9999 -9999 -9999 -9999 -9999 -9999 -9999 -9999 -9999 -9999 -9999 -9999 -9999 -9999 -9999 -9999 -9999 0.202905475086504 0.202174303553038 0.185770006155812 0.16079898117927 0.0720092164164328 0.00552040687887604 0.00157538017806837 0 0 0.06290129868039 0.115870776926259 0.118866639489724 0.118352050845446 0.115019909336714 0.111330675366947 0.105614559519311 0.0915231849145469 0.0814491116948562 0.0752529056595742 0.0648138099257656 0.0551571452966719 0.0553620915900182 0.0544997102069251 0.0523989755571965 0.0538012581346261 0.0561165002207393 0.0577974494301354 0.057114036184496 0.0531249686445007 0.0463520967845957 0.0385611167978087 0.0305107185950681 0.0216297335038731 0.0113410132819987 0.00871561417014023 0.00956690493620272 0.0131044034641639
-9999 -9999 -9999 -9999 -9999 -9999 -9999 -9999 -9999 -9999 -9999 -9999 -9999 -9999 -9999 -9999 -9999 -9999 -9999 -9999 0.209180877545407 0.207031317970356 0.192409260221056 0.17096989652902 0.0898002648746145 0.024959163450285 0.00712269443602193 0.000919126765317644 0.00244930419718773 0.0641138876735552 0.114978942637653 0.113862132117194 0.114483078053442 0.116498779362308 0.116553456589225 0.113613067192982 0.0991829083178009 0.0881880922821642 0.0805093837494803 0.070145817022119 0.0606893063950615 0.0599044165891174 0.058676634324037 0.0569349917556528 0.0578019618451005 0.059414410898709 0.0611519487755027 0.0610487971111563 0.0583721469236512 0.0523632732091257 0.045029358491172 0.0354862830619457 0.0262347268381525 0.0174772571843021 0.0131140637438089 0.010765358073973 0.0128666700948968
-9999 -9999 -9999 -9999 -9999 -9999 -9999 -9999 -9999 -9999 -9999 -9999 -9999 -9999 -9999 -9999 -9999 -9999 -9999 -9999 0.211405752519129 0.216027833481858 0.203766959764403 0.182278081707786 0.127485121878916 0.0726320224344692 0.0207272853155304 0.0026746904387098 0.00712755929313598 0.0684026016506521 0.116718979810876 0.107036813183466 0.10882288380933 0.119813573104136 0.11964808588377 0.116592565850646 0.108177256588387 0.0991919699842449 0.0896564890535949 0.0773679634581341 0.066141117414374 0.0645827546340777 0.0631903984201425 0.0619906491986746 0.0626937988243286 0.0638352525203698 0.0641074496979869 0.0636214842362113 0.0620755190356515 0.0595784040836794 0.0560675124211503 0.0405809001540399 0.0287223458654606 0.0230128709128478 0.0185808290704716 0.0147582992445641 0.0155564140376513
-9999 -9999 -9999 -9999 -9999 -9999 -9999 -9999 -9999 -9999 -9999 -9999 -9999 -9999 -9999 -9999 -9999 -9999 -9999 -9999 0.221697545201967 0.221698478639789 0.205196521312445 0.179674297658825 0.116496587072595 0.0600678738434155 0.0242747937357536 0.00789222283273732 0.00441407930054393 0.0639838526757171 0.111357758809938 0.101416069970494 0.10511517573911 0.119762634766874 0.120126123099255 0.117913148283695 0.11360386716207 0.106821251825117 0.0976511478060031 0.0842924619095835 0.0718456257844182 0.0699571160548419 0.0680882096958473 0.0662420478964973 0.0657912855738437 0.0657161474443044 0.065497177179891 0.0648408407891808 0.0635730155759682 0.0611004374693222 0.0577253007668109 0.0459917684596444 0.0360927102312894 0.0293028433987547 0.0237516031858115 0.0187606168147531 0.0139691185775034
-9999 -9999 -9999 -9999 -9999 -9999 -9999 -9999 -9999 -9999 -9999 -9999 -9999 -9999 -9999 -9999 -9999 -9999 -9999 -9999 0.229676575141949 0.225918724161535 0.206569362972826 0.178697884264894 0.103410424298628 0.0432111580820659 0.0257218518790953 0.0132514382046396 0.00411766724436315 0.0587929377991474 0.103194899880958 0.0962631242343446 0.102731560184529 0.119955253033193 0.120866423254744 0.119379539629674 0.117807054720379 0.113062282399107 0.105255327763079 0.0912004084450351 0.0777298467768614 0.0754298804446844 0.0729438114365302 0.0702418191821105 0.0687868292566885 0.0677247961540356 0.067055721526062 0.0661553202797292 0.0649314974582698 0.0618844732128487 0.0580193375185844 0.0512831281648515 0.0442409971458075 0.0366803692885874 0.0295437291286087 0.0225795100078901 0.0129882198532352
-9999 -9999 -9999 -9999 -9999 -9999 -9999 -9999 -9999 -9999 -9999 -9999 -9999 -9999 -9999 -9999 -9999 -9999 -9999 0.230911246202036 0.230486665182762 0.229194408280401 0.217484218395423 0.20007972128817 0.127523868032514 0.0634584333297543 0.0260775611908827 0.0159252106437155 0.0238748313323643 0.0581669669321221 0.0873188367907773 0.0923793819582997 0.105384610089434 0.124766387249916 0.125581196760902 0.123257982246084 0.11910466851945 0.11533840319015 0.111945752418217 0.0983162272731703 0.084309865498168 0.080730889952574 0.0771964970831661 0.0737138306928041 0.0730241380459385 0.0729236961480499 0.0710551422984356 0.0693120728995935 0.0677444453889806 0.064425555901949 0.0604303245241823 0.0556317556761224 0.0516456727678222 0.0490366462716585 0.0389009388435909 0.0254232965477146 0.0194396341690815
-9999 -9999 -9999 -9999 -9999 -9999 -9999 -9999 -9999 -9999 -9999 -9999 -9999 -9999 -9999 -9999 -9999 -9999 0.243302777553099 0.240111069707707 0.237445873625355 0.235856659601112 0.226492818489855 0.212879466919476 0.133835733203927 0.0640190700994199 0.0237137461748339 0.0167805733816181 0.0320337582950731 0.0596206998217117 0.0835149958268025 0.0919832172804553 0.107445249491347 0.128520643166728 0.128869259805057 0.125631173313314 0.119995352011708 0.116787427478622 0.115923131243069 0.103971792087098 0.0911127902164668 0.0865989233693396 0.0819960091202386 0.0772897787634852 0.0761946225638982 0.0759046583388867 0.0737232775346003 0.0715265739826465 0.0693084474434851 0.0661714556063213 0.0626840328540736 0.0588543166563427 0.0560444088631661 0.0549629416914452 0.0445950210827592 0.0301070615040388 0.0253185440776363
-9999 -9999 -9999 -9999 -9999 -9999 -9999 -9999 -9999 -9999 -9999 -9999 -9999 -9999 -9999 -9999 -9999 -9999 0.243395277606348 0.248987592202252 0.251130123971587 0.246222662395416 0.233416624289673 0.216293326565053 0.120678732440206 0.0430492272042062 0.018375697477195 0.0156472150314973 0.0275081627653651 0.0633489205315942 0.0929140555656752 0.09540127505819 0.108857993504611 0.131119034065249 0.130596987364607 0.126358131687934 0.120440992298359 0.117331889799881 0.116933361656878 0.108030336191089 0.0981594982013084 0.093087087884321 0.0873935630471268 0.0809793980428769 0.0781983645572436 0.0764599517278815 0.0749354396650723 0.0727105726985653 0.0695065279456529 0.0670476958662101 0.0647657318623736 0.0608453442503452 0.0571556705669276 0.0538570265361051 0.0462828890707788 0.036803136379321 0.0305713290886872
-9999 -9999 -9999 -9999 -9999 -9999 -9999 -9999 -9999 -9999 -9999 -9999 -9999 -9999 -9999 -9999 -9999 -9999 0.258073457034277 0.257999348986791 0.255869874145799 0.249540041501067 0.233976855179691 0.213366837340541 0.118319159752388 0.041857173850654 0.0194980975283746 0.0267493609711522 0.0536860677423365 0.0808373363795486 0.101248103351029 0.0998637254126045 0.109641837827083 0.128379170810955 0.131007282702111 0.130383871519813 0.125929608604057 0.122453978698937 0.119923014994769 0.113986990377836 0.107116695220431 0.0989405321338807 0.0923832607432714 0.0877042877086878 0.0832742029457909 0.0791753423459334 0.0774564550936378 0.0749302533413468 0.0712753318201718 0.06846803350399 0.0659409414753025 0.0629610460712987 0.0595601770342738 0.0554458132617417 0.0500814942824266 0.0441354515780707 0.0357119777007181
-9999 -9999 -9999 -9999 -9999 -9999 -9999 -9999 -9999 -9999 -9999 -9999 -9999 -9999 -9999 -9999 -9999 -9999 0.266472848519531 0.26332663550303 0.258956851491048 0.252086571705985 0.233112920600414 0.207523723508971 0.1181721778196 0.0462466759871776 0.0244868131031568 0.0419538040356954 0.0854994557970043 0.100318688932336 0.108504152809723 0.103497293705144 0.108565661311541 0.121720591641534 0.129929803452294 0.13542835990107 0.132488503218617 0.128456011859038 0.123368809450216 0.120008717613383 0.115861062289775 0.104930690862317 0.0976083436819961 0.094472160424124 0.088741174679709 0.0826864393033091 0.0803109441228142 0.0773051254111858 0.0734180409346202 0.0700831065333827 0.0670087545788372 0.0650327484079136 0.0621792508155968 0.0578385211011074 0.0542929098677018 0.0510566208992288 0.0409407743589586
