layers/veg100/veg2700.asc
NCOLS 255 
NROWS 330 
XLLCORNER -2985163.8955 
YLLCORNER -3022031.214 
CELLSIZE 25000 
NODATA_value -9999 
[rows 75 to 99 of 330, columns 171 to 227 of 255]
0.833878795217269 0.841299962287886 0.845629873251741 0.846273628187271 0.832802654502294 0.817183959961607 0.820973301749074 0.823831069258303 0.82534934967423 0.813987649971888 0.798999232036381 0.808350083334595 0.813817536837882 0.81250777080543 0.808565658037255 0.803402629387394 0.812712807421641 0.8190094429411 0.818853696439007 -9999 -9999 -9999 -9999 -9999 -9999 -9999 -9999 -9999 -9999 -9999 -9999 -9999 -9999 -9999 -9999 -9999 -9999 -9999 -9999 -9999 -9999 -9999 -9999 -9999 -9999 -9999 -9999 -9999 -9999 -9999 -9999 -9999 -9999 -9999 -9999 -9999 -9999
0.830698601104351 0.83381351412303 0.834629903208166 0.832705426586527 0.816139869035663 0.797979179436637 0.806182149431212 0.812321981363948 0.815495279258452 0.792067618868908 0.761242793934747 0.78260526003611 0.79599973358209 0.7954886435833 0.788343879500399 0.778119991423845 0.797268526420388 0.807370438732146 0.798102368612714 -9999 -9999 -9999 0.786298613477407 0.783238323982502 -9999 -9999 -9999 -9999 -9999 -9999 -9999 -9999 -9999 -9999 -9999 -9999 -9999 -9999 -9999 -9999 -9999 -9999 -9999 -9999 -9999 -9999 -9999 -9999 -9999 -9999 -9999 -9999 -9999 -9999 -9999 -9999 -9999
0.820715281779891 0.822888349216974 0.822651533442717 0.819541062034555 0.807932991929598 0.795339510602372 0.797460228998324 0.797571057746318 0.794791917003639 0.766956407049254 0.732805071699408 0.761253029400695 0.779271809642827 0.779089821138008 0.777324616731161 0.774827649581273 0.788777254368584 0.797613303810197 0.79550057372841 0.794732351632773 -9999 0.787132354748364 0.786298613477407 0.783238323982502 0.781985031241602 -9999 -9999 -9999 -9999 -9999 -9999 -9999 -9999 -9999 -9999 -9999 -9999 -9999 -9999 -9999 -9999 -9999 -9999 -9999 -9999 -9999 -9999 -9999 -9999 -9999 -9999 -9999 -9999 -9999 -9999 -9999 -9999
0.813295001357852 0.813325254710595 0.810737090648974 0.805026605173894 0.79646189032821 0.788113075084781 0.790093376763171 0.785412195347993 0.771152635874795 0.745038963366149 0.717334082409315 0.748050348267636 0.766793672914339 0.76464208661845 0.765955413284985 0.768885690039408 0.782724357428248 0.79246243906837 0.793420639345268 0.784876901876999 0.770903967555766 0.774485882471839 0.777343226079144 0.776026234760796 0.774579334219294 0.773042331531237 0.784688699365487 0.794959276053644 0.795997872677806 -9999 -9999 -9999 -9999 -9999 -9999 -9999 -9999 -9999 -9999 -9999 -9999 -9999 -9999 -9999 -9999 -9999 -9999 -9999 -9999 -9999 -9999 -9999 -9999 -9999 -9999 -9999 -9999
0.809067239713499 0.805458753776555 0.798902275229355 0.788830474639444 0.780924873852861 0.77517336742312 0.78441439616439 0.776482001897189 0.743856377036307 0.727099674184669 0.718014443133383 0.744998738111832 0.759609067024865 0.752624625331942 0.754150324070103 0.75964336925422 0.779708698168168 0.793049140007358 0.791990733897589 0.783532176447697 0.770845336362752 0.762469444469935 0.757233016799955 0.759830774180628 0.765109783311892 0.772248448996544 0.784688699365487 0.794959276053644 0.795997872677806 0.796470903864279 -9999 -9999 -9999 -9999 -9999 -9999 -9999 -9999 -9999 -9999 -9999 -9999 -9999 -9999 -9999 -9999 -9999 -9999 -9999 -9999 -9999 -9999 -9999 -9999 -9999 -9999 -9999
0.800134360994595 0.781030225887407 0.756088340165447 0.724185251981668 0.741519619561067 0.767576325148691 0.738048804963568 0.708612458089121 0.679307207012139 0.692598978803886 0.721559655921504 0.745803122870073 0.761139503962989 0.760931436751817 0.766061504895063 0.773674893955005 0.774456979650503 0.775660690328256 0.77776715430781 0.771795978523472 0.761209418218456 0.749655183301127 0.741398037147072 0.742069371709278 0.749397068118231 0.761341468992666 0.774783183077143 0.78631202548011 0.790794178892154 0.789167633478934 0.782431856028968 0.78447859791164 0.786765227286589 0.783791901490436 0.773530443588952 0.755940790628595 0.794817148470546 -9999 -9999 -9999 -9999 -9999 -9999 -9999 -9999 -9999 -9999 -9999 -9999 -9999 -9999 -9999 -9999 -9999 -9999 -9999 -9999
0.789377540790039 0.753186346192783 0.70844045586932 0.65349355271076 0.699319370703434 0.760659704999015 0.685216092104743 0.63333045624149 0.615318239722806 0.660230703972278 0.726438547716515 0.747508526947883 0.764162490823767 0.773109722832931 0.782292802624726 0.791574899093125 0.768105653092012 0.754045087892967 0.760129718109581 0.756451611864544 0.747195294154076 0.735827423533683 0.726814249458594 0.724358765361182 0.732460598133011 0.747884750973353 0.761185660562551 0.773329429414673 0.782252263582482 0.783834581862892 0.779277393185942 0.778145246615423 0.778065838246326 0.780286986229627 0.772642713458276 0.755078789590716 0.793290345559327 0.83414084873665 0.811495803822467 -9999 -9999 -9999 -9999 -9999 -9999 -9999 -9999 -9999 -9999 -9999 -9999 -9999 -9999 -9999 -9999 -9999 -9999
0.774497490181668 0.744752944114733 0.714648552053683 0.684115063070649 0.70910539060611 0.742725041963274 0.701778478237331 0.680656986077091 0.688041462905484 0.709902544915499 0.736346885342649 0.745889778680643 0.753532432363056 0.757858830025235 0.764287662497524 0.771688213803949 0.757166616600476 0.747621132140584 0.748730144919855 0.736743541826469 0.717274393762756 0.713350164532784 0.711392247920567 0.71270252859799 0.723560002133495 0.741039196199751 0.74057706752611 0.741668740186389 0.754236642142242 0.754652069876897 0.744903334605205 0.700311257756846 0.671154328373072 0.737213181761681 0.761732916437892 0.744485191345432 0.774526636549212 0.80885942504115 0.802553556904192 0.799102426490245 -9999 -9999 -9999 -9999 -9999 -9999 -9999 -9999 -9999 -9999 -9999 -9999 -9999 -9999 -9999 -9999 -9999
0.757960042985873 0.73404663762371 0.716688082225011 0.707145831549412 0.715152814015988 0.725833489782677 0.712416834914012 0.711827558046786 0.729682443577795 0.735381476612373 0.736527251109004 0.737331309860965 0.738873322357101 0.741703195328936 0.746861593793725 0.753099387864843 0.744702458888189 0.738379904234342 0.736498851739755 0.720491829083188 0.696413539827607 0.697697050803755 0.700120162756383 0.702351436330964 0.713817360746472 0.731688233504038 0.726238700675464 0.723248185151647 0.736674900640799 0.735762044393056 0.722855766729882 0.646322925515567 0.594263662565145 0.699233393196245 0.73718409243669 0.707747355830816 0.743021849739447 0.78489340397523 0.775810563061551 0.774407453567168 0.782288473559869 0.802092838372782 -9999 -9999 -9999 -9999 -9999 -9999 -9999 -9999 -9999 -9999 -9999 -9999 -9999 -9999 -9999
0.738930247816677 0.719922399208372 0.712459036043878 0.718761848551318 0.715578237559996 0.710510539375231 0.714146796991097 0.718703239372335 0.724582792154392 0.72447976846219 0.722078957003611 0.718337077756819 0.718155434066145 0.724187034353278 0.730306316968904 0.736462247566608 0.729944865306314 0.724902138980026 0.723016840627582 0.709437692565415 0.689176937683064 0.692305901391293 0.695088609123763 0.693962984909647 0.702808474375607 0.718569706421744 0.721329329664142 0.7247377843161 0.734833419864722 0.732349580567994 0.719344440790798 0.628193044049136 0.562517526698784 0.668913847391914 0.692125270096684 0.631694526386099 0.692357376181284 0.762905449657437 0.722299289460998 0.722690204912231 0.772643030555845 0.802092838372782 0.823371108995706 -9999 -9999 -9999 -9999 -9999 -9999 -9999 -9999 -9999 -9999 -9999 -9999 -9999 -9999
0.723812785070703 0.697655707823905 0.685064929683318 0.688651230861085 0.688296677121345 0.687686919065577 0.695888669648206 0.700881142933691 0.701259077562652 0.701027532550595 0.700503569607276 0.698640087521705 0.700487438340875 0.708810852284133 0.712803187764599 0.714776090314592 0.708345967259385 0.703415332237587 0.7016952939075 0.694845369655492 0.685064342164303 0.685706596749569 0.686533393157193 0.686523403761601 0.692023739935711 0.701345915314119 0.708795811182276 0.714692602728566 0.715930083043019 0.711604662939137 0.702626509111171 0.609782350704406 0.541526651490478 0.645450985151089 0.683511004900463 0.655344653779397 0.689722126686775 0.728883538293648 0.708567892109395 0.719368774274727 0.767786841548931 0.776149867757287 0.775291851806473 0.80208528559706 -9999 -9999 -9999 -9999 -9999 -9999 -9999 -9999 -9999 -9999 -9999 -9999 -9999
0.711056723614605 0.67454823649201 0.651731401334382 0.645241122012098 0.651672537315936 0.661683415563664 0.669817436475719 0.673370364427061 0.670336254675195 0.672509675592625 0.676560980965111 0.679259044740002 0.684564170368094 0.694419082408865 0.695135297203991 0.691595041299566 0.684241860648771 0.678705488756428 0.677059138030904 0.6785295242946 0.681780745068813 0.678530696831974 0.676711688128501 0.67954365734285 0.681493103755829 0.682830451990886 0.69330455393567 0.700002090960723 0.690661699264958 0.684108065165683 0.679885236954521 0.591323157808494 0.525729450776875 0.625307473882483 0.688370236391225 0.714717013457867 0.704453236805904 0.690926703609068 0.709244503443061 0.732994526119632 0.763311635263117 0.74078062680964 0.711831343912272 0.778370182387198 0.817083917425882 0.815221632051125 -9999 -9999 -9999 -9999 -9999 -9999 -9999 -9999 -9999 -9999 -9999
0.720622424816327 0.715822226661225 0.705045416733757 0.687141819910349 0.657777654948279 0.629543084988164 0.645370486739044 0.646924802934963 0.627956210406267 0.640664807911872 0.664589119685986 0.676005045158596 0.683426774015172 0.683877919695555 0.683142145259615 0.681848676652053 0.665291076170907 0.652132579766268 0.646252002264389 0.653237442450669 0.667574240287999 0.668614112650419 0.670192761868602 0.674906423519711 0.675473727506586 0.673165210078599 0.679043647552179 0.682534527930222 0.675057068871041 0.658655765727363 0.634790681606489 0.574553681434021 0.535981846117475 0.621996476570819 0.669257131921363 0.67755078108217 0.676981841410494 0.674870408082588 0.675632129405792 0.689084556010736 0.717878945073124 0.726959966695925 0.734327868260424 0.784305760419768 0.814135877133318 0.814585454448435 -9999 -9999 -9999 -9999 -9999 -9999 -9999 -9999 -9999 -9999 -9999
0.730318842907974 0.733329408302146 0.727671502343079 0.711676912255767 0.662193710150509 0.609622022403129 0.622868704676819 0.621157517890557 0.597938789497398 0.617945629595594 0.653062990568514 0.667110146914074 0.675015139599011 0.672200964753166 0.671128345280121 0.670858933721104 0.64722348747063 0.629192794168289 0.623162597616969 0.634323920368245 0.655308096625671 0.65594478226781 0.656761985937706 0.660656837484013 0.660115080660936 0.656496190992306 0.661406183138187 0.665060619039175 0.661494459476619 0.642621392360914 0.610945837401055 0.562319942538803 0.534450292217787 0.613004671451357 0.647426848022914 0.637474226661213 0.635044041097986 0.635087097500369 0.640169885748067 0.654964686185284 0.681500467371006 0.714702351312446 0.749853735087586 0.78466247420831 0.8040010982888 0.800780391903214 -9999 -9999 -9999 -9999 -9999 -9999 -9999 -9999 -9999 -9999 -9999
0.740254345079028 0.70736657209971 0.694168686423146 0.704449928412303 0.66352043285409 0.61205027091495 0.603924677262888 0.596630815453146 0.590532879823315 0.61191753872736 0.642352115421608 0.647897920398643 0.653298763066154 0.658446620732403 0.65907677958825 0.657595024441627 0.630771283358707 0.612898071515855 0.614189093682842 0.627076925001745 0.646590916314594 0.638240618271106 0.630689284265239 0.6288260469 0.627674701575704 0.627017108730621 0.637592919493087 0.647575103429 0.651666751601636 0.64381261383629 0.625967184314012 0.558382167694511 0.511365634832174 0.593622543353707 0.620626782922935 0.592074628926015 0.566646866607123 0.551906552215199 0.601324189688082 0.638751126056523 0.661682344330597 0.705303579270613 0.752630115316381 0.774815322048893 0.790858256668572 0.797944209000429 0.79989411899595 -9999 -9999 -9999 -9999 -9999 -9999 -9999 -9999 -9999 -9999
0.726833021324707 0.677692038588381 0.664020061908825 0.692642960186051 0.655499359199653 0.603816067575936 0.597917529352747 0.592128538525003 0.586497063126498 0.603037014620653 0.626747388527087 0.627686660227729 0.629001550879733 0.630971963378737 0.627626390639679 0.621802379927005 0.606341045414434 0.597761702659376 0.603917589180413 0.618482872464154 0.637853098872534 0.61609684485498 0.602246229790009 0.614754196897003 0.619536179992094 0.618959592488229 0.626390007074111 0.634288975062153 0.64103400437562 0.628755744520192 0.600566666134307 0.540483159402908 0.501089540888899 0.578621034565111 0.600744055926277 0.567154023905516 0.544834585308299 0.535545908462187 0.593720438695289 0.629370979720358 0.637791970523442 0.686669030364131 0.744097868301509 0.765780292586741 0.783938441927489 0.796957309309499 0.799792094874753 -9999 -9999 -9999 -9999 -9999 -9999 -9999 -9999 -9999 -9999
0.701985787899945 0.646201782413752 0.635512271989937 0.678595512537767 0.642905443449905 0.590365906721877 0.598238964662772 0.597421996591092 0.584109859904058 0.592761110652492 0.608748641649396 0.606986683467423 0.603441821468323 0.596785475346845 0.58668630463415 0.574988918859294 0.578008038566226 0.583191988102641 0.593011116669361 0.609229853952035 0.629105185966508 0.591781261948966 0.572643624051349 0.609369830868487 0.623285867428177 0.621381277448854 0.621355943730885 0.623057142063469 0.630007440501083 0.605750482802932 0.555392203466804 0.515754464887391 0.49707925931961 0.56576247793473 0.584245216816653 0.552251523299005 0.545811135990326 0.55187284655499 0.601399913403073 0.623333666395168 0.611909495153992 0.663516438101543 0.730033561673929 0.7571425448704 0.780062865441425 0.796875059205856 0.800339305943186 0.798804673534688 -9999 -9999 -9999 -9999 -9999 -9999 -9999 -9999 -9999
0.686219465112325 0.635982775722825 0.629451789716564 0.675037495577383 0.638109849137268 0.582157400188697 0.57593871636276 0.568540200235299 0.559445233081794 0.554209256342243 0.550377623272024 0.545806235180345 0.539802408364364 0.531298721318055 0.535386540542276 0.545337597948297 0.556222136825659 0.55715995970991 0.536800584651036 0.546814679264094 0.574183501973567 0.580412572648786 0.584943143874022 0.587634414187671 0.591891844156815 0.597235527614222 0.603212858732268 0.606239074214463 0.598970442930847 0.5766401982473 0.541712626389964 0.495928398810141 0.466172954702147 0.516988168286319 0.53246268883817 0.512402248125091 0.512573564397434 0.527207936656062 0.605582170153467 0.651294720301309 0.657522126903435 0.69549311333069 0.740346436914831 0.758919752612568 0.77307798057143 0.780797896786715 0.785243917717643 0.787774974207175 0.775294028111909 0.774961101705973 0.796142849335753 0.802944263716415 -9999 -9999 -9999 -9999 -9999
0.6678963872666 0.624867095726001 0.621492671679112 0.665404536382177 0.627091775208487 0.569142766943552 0.554075063959627 0.5407135949973 0.529805476780559 0.515014936652059 0.49920271980112 0.492202193709065 0.485393836546966 0.478920848331094 0.493091995770731 0.516871143949658 0.527180786464981 0.523971791752525 0.491817656436812 0.498202768952869 0.526608354414065 0.562122989889841 0.5844306698661 0.570561663140015 0.567499674239676 0.571933192435156 0.583834966401065 0.589785607589155 0.572846864909953 0.553800982290984 0.532992716684391 0.480009007954279 0.439794916617122 0.480774563291021 0.495879547577968 0.484967636134474 0.492985382699234 0.515595267978339 0.604652483010515 0.663416589605952 0.685558954380277 0.715388506858841 0.745528728076027 0.755384766262678 0.762452069248006 0.765452692779084 0.771896082244221 0.779040140412648 0.772638444700708 0.776040141942881 0.796804076755097 0.803271092099118 0.802976144977761 0.786412706167674 0.779966818135635 0.795635998162021 -9999
0.643600811682707 0.611226116588767 0.608724440957768 0.641844728365272 0.601878772497227 0.545182849582255 0.533733055529134 0.51607646096079 0.489495264914 0.475047520384555 0.465190470067652 0.456619567776916 0.452674285989408 0.45680153431467 0.471318404987534 0.490663599944083 0.481648687342808 0.474945321794165 0.473191275716273 0.481933348334351 0.496672670789336 0.527943472362501 0.554075580544816 0.564375760648644 0.559708290444876 0.544659591034555 0.561989210680423 0.574286026916911 0.558261822099784 0.545225764843201 0.534688953282563 0.472768316910819 0.424252252783475 0.473695268612468 0.494356366152862 0.486077330839035 0.504942044401897 0.534344428363886 0.592297099409107 0.639068672580723 0.672323267775027 0.706771420994844 0.738579575475596 0.73964194773491 0.743702832114846 0.752136303619035 0.76285517030236 0.773909582027333 0.77307742866524 0.779548522017045 0.798953984629865 0.804293086945093 0.802979273534777 0.786412706167673 0.779966818135635 0.795635998162021 0.801386839593051
0.62948560138399 0.621665780867598 0.617901414946012 0.618972959698258 0.581593196265147 0.535445244175741 0.513432559324032 0.492579301092812 0.473393153074979 0.464783921458309 0.459881119065974 0.450008591028889 0.443931202399134 0.444477006728343 0.454247323243495 0.468308237333076 0.468500289209073 0.473292267508795 0.487933279764822 0.49881738156517 0.507554867909824 0.525846113367339 0.543824315655324 0.559747824293002 0.553220603002173 0.531122054986538 0.537122262274837 0.541138681832996 0.528717166118275 0.521946202733597 0.519901283931533 0.460203836023354 0.41347383962967 0.467250946298094 0.494604584403735 0.495389503808675 0.512485448716572 0.536860092350844 0.584471885638777 0.623486953477284 0.652109325545618 0.670984860901942 0.686811112967063 0.701097318424044 0.712194461515668 0.718641147154979 0.737257418128409 0.759748077592772 0.765578170122258 0.774283316047514 0.788080307246908 0.782851042534739 0.768622998147209 0.769054126865709 0.774529466797985 0.79087796301144 0.796293899197619
0.621463298392611 0.646517612502427 0.640212504890857 0.596512979789827 0.564256664783464 0.53421963475455 0.493156908017353 0.469764411138247 0.471779490856653 0.472297936661284 0.471750336467862 0.460737028739458 0.44953793698305 0.438014619069417 0.4399906740748 0.448258389653081 0.474733404691395 0.499992010244157 0.522646126675922 0.535543622375344 0.542866401001656 0.54294979605194 0.545605108099205 0.556052324346768 0.547513172535299 0.525805498305803 0.510447142308472 0.497429221370117 0.490219242365588 0.489866150019783 0.495248063767941 0.444453088520242 0.40554681117259 0.461186652366721 0.495912978171659 0.509610826731152 0.517387536395233 0.529660074625022 0.579357960127175 0.613151768253431 0.627718925645595 0.618937480747223 0.608218475372538 0.648905897898017 0.673049801318553 0.673069080352678 0.701750464269581 0.740181588598792 0.753327905654971 0.763767154437419 0.769412066941924 0.747964361797189 0.713702758942493 0.741306508299314 0.765837882751616 0.783272263133175 0.79179903830586
0.622003032014779 0.635802175564312 0.631364732026428 0.605181142874366 0.568337832065127 0.529133273132206 0.497304480839929 0.480022262810404 0.483656196001349 0.487328212875311 0.49029454540158 0.478414706749291 0.468511858053644 0.462059208298117 0.468073057134001 0.479882878436195 0.465155093713988 0.462720375888639 0.486606694997668 0.505500400000019 0.521541435839194 0.522831182740894 0.524833850686703 0.53062211334955 0.530773374712278 0.527014937402765 0.509436162156651 0.49176300181497 0.478520813777528 0.478028599041345 0.488200287359117 0.443536495834129 0.40461879202131 0.431408382869977 0.456712451592494 0.480522832255112 0.499752205453422 0.521893545990048 0.569351268353001 0.606634302550972 0.631617020858073 0.624142183967024 0.609414626990635 0.619345050978514 0.633964165519111 0.655420573729267 0.688841642868598 0.725246169226593 0.726825968914439 0.721549629323298 0.704130767287908 0.680870981598481 0.654848635302933 0.717702516285136 0.766154086842978 0.782684643115827 0.797254869565326
0.623183968536558 0.623199236610017 0.618535148123588 0.608291179550815 0.569288601053378 0.524096562631222 0.500585244609134 0.488136939556756 0.491595861047813 0.494033704565305 0.495578502217316 0.486565157388641 0.478659613483753 0.472687379133766 0.479473728771923 0.492182676225102 0.449917873612502 0.429170734574547 0.454495680106028 0.476112570288223 0.495610759740854 0.499290754765666 0.502904903520257 0.508361006031973 0.515284827318699 0.523226625689404 0.509715326403591 0.493889229983066 0.477537412975284 0.475214264747646 0.484624502960335 0.443037269989271 0.402811555139495 0.405625958036498 0.420351949033645 0.447055006280038 0.475635323935271 0.506947909139805 0.553106976915934 0.594313288764933 0.629532148080131 0.626594491020691 0.612540052668956 0.600878885271934 0.608432244346303 0.64400523037819 0.676634486535074 0.706608120492286 0.702224452583415 0.687537230687351 0.654601964162373 0.629106002939158 0.607128583128371 0.693620197101124 0.759160286192407 0.778403297563896 0.795548863364041
0.624730603698059 0.61126731402317 0.599723053284385 0.590467130954664 0.557793784129256 0.519850990658962 0.497301479277654 0.484626640576273 0.486150343971147 0.475979154697264 0.462316350009906 0.466657877928717 0.461645808636776 0.440310049346101 0.436659027329084 0.441234418619772 0.421377384211404 0.416911814948463 0.445401351678682 0.459833322259405 0.466233110779369 0.472370581575271 0.481511805968965 0.498708167994094 0.505187660701179 0.50423417131148 0.509307650189561 0.511590730706066 0.502272814362251 0.494450107487522 0.487877973335336 0.44121443435098 0.397342945096228 0.395118627048865 0.398836867750119 0.408530333519922 0.4370278489093 0.471838302446461 0.520085178521488 0.564970851682625 0.605793121922338 0.611625332901235 0.607655450775764 0.609905894636339 0.621139056367794 0.645471286878354 0.662596804718252 0.676740305280557 0.685389137753089 0.6820254315517 0.657386994116725 0.626028773142352 0.591492320369866 0.667489312371729 0.730018650228385 0.762514800534163 0.789985253447537
