layers/veg100/veg2000.asc
NCOLS 255 
NROWS 330 
XLLCORNER -2985163.8955 
YLLCORNER -3022031.214 
CELLSIZE 25000 
NODATA_value -9999 
[rows 125 to 149 of 330, columns 57 to 113 of 255]
0.0410050285288736 0.0495685526784489 0.0804499327314749 0.112174099115922 0.122531529375695 0.16080382377379 0.231024263502789 0.245526676314526 0.241997898883379 0.214696234603469 0.196058018041322 0.189364268777357 0.184290874202893 0.177331062696813 0.129244985318056 0.100119574420347 0.102666029026506 0.194941703906743 0.326697598041761 0.424360424265118 0.504517779263456 0.548900866184462 0.577831544748008 0.598316137062177 0.65725900893369 0.701193267352887 0.703453613811071 0.712929475089711 0.727202329891912 0.743326985236956 0.752624288658775 0.739379202363466 0.723697422549129 0.706059907589066 0.68626797244806 0.665986397458467 0.644960140478933 0.624703770232136 0.605190565162758 0.586034882868627 0.566987707817009 0.548139092833055 0.528811589958911 0.508928463543601 0.489480029255546 0.470740176224946 0.457341392655333 0.445874087830402 0.437107215417268 0.430779208536385 0.424825915197045 0.409866770038259 0.401920461166746 0.405859984042068 0.415445924859766 0.427484100514506 0.426263852881513
0.0426008515188542 0.0657409097647727 0.0897569464696806 0.114728077822062 0.144156399612915 0.165349154644125 0.177116426448346 0.181033216546521 0.178083869576656 0.133854739817797 0.1232219908387 0.158909238774725 0.147970859446814 0.120593886217771 0.0945219845916102 0.0673120562144967 0.0382011698604049 0.137036604324631 0.291534016095175 0.33789293964362 0.37338002999027 0.386649387923229 0.444836113063922 0.527574089294764 0.59817683702496 0.648079716404909 0.646574698974088 0.66055342001764 0.684825986341848 0.722673822367143 0.749486205339268 0.736842254233687 0.721589714248805 0.704243472732667 0.685005118073038 0.66510543739657 0.643570792061941 0.622523087796676 0.601945423643575 0.58181908983818 0.562039121623954 0.543745626697932 0.524462163023952 0.504030100789319 0.483988444524814 0.464626130197571 0.450451779589741 0.438249133213241 0.42880315916742 0.421837122701888 0.415704744016723 0.408494679459806 0.404194277447567 0.40482536934584 0.409615076314558 0.416225851961599 0.415158431073636
0.0761316192850915 0.0625506248461067 0.0742806119808674 0.0923988310916778 0.117487263711691 0.128681298415972 0.12397340210251 0.113898746601277 0.101571590786268 0.0824322516043811 0.0905148751917487 0.136128959080193 0.123480620921067 0.0923297942234653 0.0968893587727545 0.0860111372339371 0.049345663693787 0.112338923745838 0.218571150813835 0.229604766046731 0.240971249461769 0.253017983949704 0.301122182502643 0.368934923852398 0.496632291894199 0.594595823900526 0.611516672382596 0.628450070548339 0.645391811951232 0.691775072715813 0.727927426663538 0.7226899708284 0.714230895177228 0.703186088062012 0.683529038003435 0.662446979220739 0.640645621997501 0.619016398535952 0.597553334344471 0.576711403601003 0.556432057858021 0.538705464006918 0.51959808646297 0.498888672323989 0.478064964204588 0.457810829054298 0.443034214073754 0.430082422365214 0.419681946286258 0.411943176331483 0.405299019964578 0.401065692253412 0.398437482598088 0.398529736156792 0.400766107213693 0.403948217896967 0.4041219156012
0.125526659729852 0.049741590476145 0.0464926922704464 0.057708383294189 0.0668271897491577 0.0715400315505937 0.071210312572354 0.0454523061518713 0.0188008992608279 0.0456241973742832 0.0777425363127483 0.117161253118929 0.104867041871602 0.0782102319732755 0.117682060613151 0.130297071168837 0.0980504978200486 0.104137640881511 0.126830794540209 0.110476762841111 0.107931060720149 0.133604129615324 0.152083639981532 0.166631244435722 0.373993779885112 0.540927957399126 0.58729857439093 0.606417561403549 0.607419214342379 0.655786638908389 0.697217827903209 0.702767555445304 0.704263490002749 0.70250577556755 0.681947034138297 0.658905516080827 0.636957504210077 0.614850990934021 0.592591477586672 0.571160652967416 0.550497883215836 0.533344042877073 0.514478348210438 0.49362649648471 0.47192693178639 0.450647166501485 0.435354378442913 0.421646584119849 0.410154795780621 0.401576375688138 0.394255170586983 0.390627829961607 0.388691333590058 0.389620595021463 0.390417831074502 0.391164185282538 0.393119630621486
0.253625333266262 0.105295014655913 0.0660042762306877 0.0507810028881342 0.0457521243548583 0.042003811595489 0.0397210872497989 0.0237988940761744 0.00730318147167406 0.0186637719268245 0.0404684203079512 0.0766724986182691 0.076310362651658 0.0660206550534203 0.106305298233081 0.123284054391054 0.101332695938499 0.11206469673987 0.137053550151085 0.1380110899326 0.141174500626247 0.148845840089145 0.13602420126923 0.11200136597047 0.308227208909346 0.466772467146341 0.509173816727327 0.560009728072243 0.616453075499326 0.653155885389128 0.679549602760631 0.678336134905539 0.681332253013979 0.687707062432401 0.666219720060594 0.641603663229526 0.620943360972946 0.600787719009566 0.581119221375847 0.561956372311356 0.543356908937007 0.527457647922827 0.509088958573266 0.487855146625142 0.465462258912533 0.443509450296157 0.428523433942862 0.414641487441536 0.402303159279972 0.392718742446806 0.384368238180518 0.380321781642694 0.377795277346556 0.377844891452141 0.378072635006201 0.378398463209412 0.381191690085583
0.358482416105517 0.158294519239129 0.0928509407168539 0.0569973865252477 0.0328738390090804 0.0195552624939208 0.0186028140073945 0.00981830563428366 0 0 0.0117073969756429 0.0395560144997377 0.0505125676313819 0.0574922722226581 0.0980193685477555 0.118373969174371 0.105032466803853 0.118355913179227 0.143388480448969 0.156103339081631 0.16365320685707 0.160647873623167 0.127614954947518 0.0781693470240403 0.245427811286647 0.386124327319812 0.439226918203165 0.521466817541851 0.623077681175132 0.65111344507886 0.664713835593188 0.65276473291751 0.654702629279023 0.667786487113979 0.643100868851628 0.615802814966462 0.600774859704187 0.58519678235979 0.569087676803867 0.55246810155976 0.536050174503406 0.521453257766044 0.503700681347473 0.482286791200347 0.459346136123487 0.436805318719903 0.421803949708742 0.407618770308274 0.3945747191159 0.384186643474558 0.375017368959621 0.370512635257293 0.367432763228492 0.366767843641228 0.366533736716812 0.366513242934194 0.369172840440885
0.407636983402805 0.203252139541031 0.134956742142618 0.0923901277006641 0.0377958995021128 0.0124334029379742 0.0205261868975941 0.0118858147631727 0 0 0.00321030502850174 0.0108467213096293 0.0313462400685449 0.0572776536893021 0.0978393285382443 0.119925101346765 0.111148758360369 0.120385917726456 0.137548983855478 0.1478765374941 0.156155765725873 0.160249025966707 0.132429468189411 0.0871667774579093 0.187586985008053 0.291281786433952 0.389722965353935 0.50170092795256 0.622678368100891 0.649343810781967 0.655938454148762 0.624730405110725 0.620029107626021 0.636602617665133 0.603527168710925 0.571001161241337 0.57149879999614 0.566429359273345 0.555986063629088 0.542447668283924 0.528403046500209 0.515195813710529 0.498323623579334 0.477199213632116 0.454037912293493 0.431092280273501 0.415312148893433 0.400509715947006 0.387074219368082 0.376350732280856 0.366855654135413 0.361836029663438 0.358327845383657 0.35738135270538 0.356903676016586 0.356641790591097 0.356975792503839
0.464687645966195 0.323841956442201 0.254122598326525 0.194358579643324 0.108253163342437 0.0653318642026907 0.0718341425596679 0.0546707396331623 0.0313891595380791 0.011517645191126 0.00639559179884669 0.0216089129339267 0.0296544247444092 0.0366897177683457 0.0692809978017629 0.0889583423208613 0.0870642706060437 0.0902923376506059 0.0960610196655586 0.126842286990484 0.151155826736196 0.162251886226982 0.146715602208099 0.116622424202065 0.187774778284067 0.266932576587971 0.356981648604217 0.464453659676775 0.583508728631434 0.624868105646363 0.643818807495334 0.612686950497931 0.581808921996944 0.551134620927228 0.522418750954327 0.503683530527002 0.526065576613006 0.540119970477206 0.546135751805614 0.537289212575335 0.524968479558043 0.510510901108411 0.49301574531285 0.471996279305884 0.449517159930348 0.427220526269304 0.41031308452406 0.395040582715794 0.382053917502581 0.370537025302869 0.359807213730587 0.353668960095015 0.349591155521055 0.349005540107948 0.348399736516473 0.347770906785023 0.345204018800079
0.526533068509209 0.490358046672684 0.420081768690446 0.336753918907398 0.218505485331963 0.154676571686169 0.153129986298723 0.122180573320716 0.0818388142798257 0.0300291705674376 0.0166747901867341 0.0563394445220235 0.0385736885830697 0.00373045607557097 0.0234904670876584 0.0382456863566655 0.0446409098881728 0.0406922961198062 0.0329261730602149 0.098030946490555 0.147672450416248 0.165713139859401 0.166753205365937 0.15850095004194 0.2231993934748 0.285389157593005 0.334419137202505 0.416591142712883 0.52079651487278 0.586604552709661 0.629668416727886 0.610353662270663 0.541435089290347 0.432703576976378 0.416089132708333 0.422693483038076 0.470821209979596 0.509230860422158 0.538259733487421 0.535083104156851 0.524091913565265 0.506780879579078 0.487749875038262 0.466723296690211 0.44547458526733 0.424466858693535 0.406220457163094 0.390567261710646 0.378539670610698 0.365951264989326 0.353434788932527 0.34581129699404 0.34107806539137 0.341243443516467 0.34057961359665 0.339507599992209 0.333690485125777
0.552857449568141 0.567113533328429 0.477589806350912 0.369793131529608 0.278907936333715 0.223846011721303 0.209783285570263 0.227684914632399 0.238752623566094 0.1128277022837 0.0501097853131697 0.0745366195565395 0.0536294343625459 0.0194068969273629 0.0310471695610484 0.0418954582352712 0.0514208182313068 0.0600605990107834 0.0686144452361705 0.106042453663128 0.135988000897555 0.15064235321703 0.157835060327125 0.160949328818281 0.187717434232339 0.210954091882805 0.223025218352429 0.247933100980737 0.281375071292179 0.414084149730768 0.521975136543016 0.52151611502873 0.506853687243949 0.480791343706407 0.467693657074626 0.464538264589196 0.495533318953437 0.51899888706354 0.535196305522519 0.531096304371496 0.521461619093936 0.504246106816483 0.484928349687184 0.463171489893335 0.443077887451663 0.423157601977374 0.400567521175426 0.382986079662317 0.372407299665327 0.358127538190632 0.342732855812782 0.331252859237433 0.325178515556235 0.328266039933796 0.327884196402971 0.325901146606838 0.318910813734318
-9999 0.628149150129707 0.515131656971018 0.390527443517567 0.332086483541453 0.292780895070261 0.275375453659461 0.329463684502551 0.378137823809159 0.206962547866401 0.109538235196779 0.113795839210187 0.0844584114056977 0.0456302154627789 0.0470846775474724 0.0505409061174564 0.0573408820686647 0.0735529914283839 0.0938264350184014 0.103012568219725 0.115134307869509 0.133255267460694 0.14688742499035 0.158066061457721 0.15541601885112 0.149190574394124 0.135178102483458 0.113246366172102 0.086049771983416 0.267318295160561 0.423825491698568 0.441004672493809 0.469393290026523 0.506778808162476 0.50258760725293 0.496592972023771 0.508653088268744 0.519649888833271 0.529620279729064 0.526443691440463 0.518873338602063 0.501618858314843 0.482144294583782 0.460093907471044 0.440960395007978 0.422013940515636 0.397321217597283 0.378603450005231 0.368239366380249 0.353250414918219 0.336511322876622 0.318293256559902 0.308887874607699 0.314418829296454 0.31532994436252 0.314105763412581 0.305779913198074
-9999 -9999 0.515131656971018 0.395890952721765 0.373620231322492 0.364726893114793 0.371143770290333 0.413602005518073 0.447730274797187 0.32191758129596 0.239399310717457 0.216571920218236 0.15947257034706 0.0932647752602182 0.0777384608690085 0.0636067635700385 0.0518046323239789 0.0575713419176828 0.0708978689639387 0.0615427599449149 0.0694413584736475 0.112599719576446 0.135398938436971 0.147070113864798 0.145200658571146 0.140789812682956 0.131189517311931 0.0981987704023144 0.04965766467067 0.219048916314156 0.370173142112109 0.400207827548675 0.422605524988558 0.438873635052777 0.4606379244879 0.478092608923842 0.473872445093368 0.486688090942884 0.515948260363205 0.520203870063766 0.516726039659533 0.498507686859119 0.479021427859547 0.458064096931293 0.43934426782658 0.421082114367633 0.40127253838815 0.383975749021242 0.370192128220757 0.357428302161878 0.343949734493341 0.311149878077911 0.292822963568739 0.299025775026749 0.304071596157214 0.308488255017988 0.297981362039162
-9999 -9999 -9999 -9999 0.387513261946644 0.395212601294075 0.411723719599295 0.463101559453769 0.509028117818353 0.423088365003579 0.364560330329257 0.343825375452056 0.288430281821177 0.221356027828034 0.164291730055051 0.106318679493754 0.0468276497983076 0.0532624389653628 0.0881734136193141 0.0481691304587868 0.0342474225088984 0.0736281950086064 0.101250910374342 0.122446824015626 0.130541559629873 0.133724749723243 0.125661939928749 0.0960907587453621 0.0522204567338493 0.180864033837143 0.296025878675418 0.318488512327858 0.344125117535007 0.372309210833129 0.35505244033739 0.337597923344255 0.347396739644406 0.388214612688915 0.458974919897612 0.492703500115298 0.512419609911646 0.495200224533937 0.476905375259121 0.457362732771846 0.43893113149474 0.420926269311239 0.403969160540946 0.388164598047581 0.373971429586315 0.361803381760876 0.349465994397039 0.321073586176026 0.304091690662939 0.306449107895207 0.307598907611261 0.3081281240765 0.298108982086827
-9999 -9999 -9999 -9999 -9999 0.395212601294075 0.411723719599295 0.487131263846256 0.564226944195855 0.514123604173059 0.486265403701173 0.489077018592116 0.457052631579594 0.408607003225565 0.291947833277611 0.170829311493847 0.0422618958792989 0.0575364944628287 0.135010999222574 0.0554545921244212 0.00677340024160548 0.0211889517632255 0.0504413449184028 0.0878033635252584 0.11261498425528 0.127641824671503 0.119002743166948 0.103497209879366 0.0834267459454435 0.1500942710916 0.206808726320239 0.206678947114711 0.24234114295127 0.306730637883135 0.202675617363693 0.107400938848491 0.153497749914536 0.241570463742833 0.370162162893587 0.449570270830897 0.50652557351974 0.491748429735828 0.475529632040734 0.457638173859383 0.439402553088115 0.42134100234748 0.405743204085212 0.391483257522731 0.379093783572094 0.366323456694436 0.35356889813777 0.343546705352614 0.335458813554996 0.330649306585401 0.321998099292828 0.311633737328905 0.30406470761007
-9999 -9999 -9999 -9999 -9999 -9999 -9999 -9999 0.570061634730579 0.523746316885753 0.499130014893713 0.504430576683849 0.494481507524985 0.474904788714638 0.384696040050362 0.306742555882975 0.249260244986203 0.195039041667514 0.141927439450334 0.0570142817355561 0.0018120160559584 0.00732707713784204 0.0241077716897776 0.0470461155699488 0.0859328476066875 0.113579870574448 0.11121468083049 0.0895918717723154 0.0551662790697117 0.102931433885973 0.144332244988291 0.141757840188285 0.141881371035973 0.144170314778591 0.122824178942612 0.0994741936840643 0.0822373050264806 0.116569615342632 0.200681238998213 0.313577802618859 0.419527417836015 0.448901359482091 0.459651369490969 0.448793201346486 0.433704754253306 0.417421815498239 0.401067316988174 0.386866974002431 0.375678391520887 0.365796429342939 0.356390963740091 0.347082844818953 0.339252173681768 0.333925581501433 0.327660366026444 0.320979461903787 0.315382256927117
-9999 -9999 -9999 -9999 -9999 -9999 -9999 -9999 -9999 -9999 -9999 -9999 -9999 0.516349974718888 0.463576010788366 0.432027146206109 0.435932651992975 0.318916640852473 0.149077399227701 0.0610180335084954 0.0021194830627502 0.00281411977184971 0.00682502904796976 0.0126485699527368 0.0601380201547175 0.0970375060189545 0.103179277065067 0.0753544583951578 0.024948089421558 0.0574900095023325 0.0870934510399334 0.0835517826315288 0.0549378891535426 0.00620056555716261 0.0636303738851169 0.110258395643476 0.0454424457467327 0.0293558025616621 0.06030714863931 0.17667716522514 0.303260054904269 0.384552923970813 0.428315519843401 0.428534096917103 0.421341303036713 0.411404637963442 0.395414319189197 0.38182098434675 0.371578912425426 0.364427324582852 0.358180303140689 0.348192334626801 0.340016265414634 0.334911126331198 0.33184940022257 0.329696972593734 0.325788378893867
-9999 -9999 -9999 -9999 -9999 -9999 -9999 -9999 -9999 -9999 -9999 -9999 -9999 0.518633596673266 0.506314445522892 0.48657279606194 0.454432617866238 0.333829995733532 0.174598481558334 0.0765993847832142 0.0121017841336242 0.0160680076211125 0.0123865348063114 0.00452493025515222 0.0414740961981492 0.0747920449569932 0.0947212811805744 0.0692300145147575 0.0135424467368494 0.0256227639795104 0.0375599519947044 0.0296972105814178 0.0175562405367225 0.00198148531118517 0.0492705846581108 0.0929939884054405 0.0827322212947566 0.0728333580827366 0.0632848029469172 0.0771247855305351 0.113973267856902 0.257713362217762 0.34599454173555 0.36993022560474 0.386954850720035 0.399504732505346 0.388964651330945 0.378660231067067 0.368685292223953 0.362147374773843 0.356700082572018 0.348603063725468 0.341633111145838 0.336573387105332 0.334404073279662 0.333523147195585 0.330462226658111
-9999 -9999 -9999 -9999 -9999 -9999 -9999 -9999 -9999 -9999 -9999 -9999 -9999 -9999 0.53056524210178 0.521376988232233 0.496840690502383 0.415122370237653 0.308095357305358 0.208793693977261 0.124435456670532 0.0706156791179243 0.036001727692126 0.0118854320494974 0.0273663430341215 0.046548344615046 0.0714370285795845 0.0577708784074324 0.0184728371980284 0.0220445269869177 0.0265537697922224 0.0218526144280405 0.0132423631756174 0.00149459948802705 0.0291172734988115 0.0606160608885289 0.0842142838896799 0.0846716457275617 0.0627913292280831 0.0398735874314575 0.0393781615321847 0.172502087313917 0.256825970404081 0.284530228974957 0.30733808647401 0.327819921925595 0.339629466577276 0.348198960718716 0.352238486597338 0.355034254138694 0.356828855566215 0.348755858690985 0.34236756305949 0.338834613639776 0.336980328778557 0.335873053999832 0.333326015870948
-9999 -9999 -9999 -9999 -9999 -9999 -9999 -9999 -9999 -9999 -9999 -9999 -9999 -9999 -9999 0.538699281504274 0.560420406688613 0.555196184719507 0.537209382202749 0.444253728177275 0.327405613937609 0.161730749149928 0.0756042269932288 0.0329577985095624 0.0172932725377626 0.0129929487372086 0.0350234962118226 0.0415876458503956 0.0378694785513132 0.043517408049276 0.0496651623197563 0.054751805271046 0.038211401143829 0.00431273027547823 0.00383355270621831 0.0148544695246698 0.0539870964588427 0.0684920184322721 0.0592240242761283 0.0577927306133312 0.0663474076885258 0.124154427731568 0.161593564560565 0.175401125755077 0.187667960775124 0.203193039710275 0.252317335920869 0.293561923470739 0.323789759880308 0.343641155546168 0.358382460669674 0.348680242031081 0.34232061778593 0.341626249783888 0.339575696445945 0.336915662994791 0.334586921391018
-9999 -9999 -9999 -9999 -9999 -9999 -9999 -9999 -9999 -9999 -9999 -9999 -9999 -9999 -9999 -9999 -9999 0.591402225654209 0.608674616355342 0.552032766578621 0.476173220662335 0.3610402953158 0.213642434162218 0.0486089770320764 0.0187527791030483 0.00391787321612177 0.0146215502809988 0.022896983396037 0.0295580797948681 0.0374565895500523 0.0446687593632464 0.0493147989939714 0.0397224714694804 0.0187021679415497 0.0077110100854744 0.00392322602306891 0.0244848743067993 0.0396380545371832 0.0495704861177587 0.0773475686616955 0.10956214760371 0.145913229807705 0.165886706897467 0.166858277411987 0.166160782436838 0.169257672335078 0.211162790786165 0.256824506704462 0.307738383738414 0.338320260565444 0.359957136614329 0.352761341808762 0.347531554713165 0.345633891154528 0.342334574938502 0.338415993608466 0.33632257757181
-9999 -9999 -9999 -9999 -9999 -9999 -9999 -9999 -9999 -9999 -9999 -9999 -9999 -9999 -9999 -9999 -9999 -9999 0.64476123858415 0.622854938094714 0.593177369563643 0.547618399004108 0.352617601040674 0.0759338359746661 0.0282097942325967 0.000188003369017877 0.000853173486624936 0.00925391253320316 0.0227973856710649 0.0313316805536963 0.0378260127207293 0.0391721691547323 0.0369618116998088 0.0318969306232169 0.0150356011189128 0 0 0.0123422020161544 0.0365982276651638 0.087994079038528 0.140701318712936 0.167607005929503 0.178452043662955 0.170662918532716 0.160519170992688 0.153765845367941 0.18389372625262 0.229574976571144 0.297001650207145 0.335164811676607 0.361093939951676 0.356955532056825 0.35291157590928 0.349027703004906 0.344595936823193 0.339937200532295 0.33809385700464
-9999 -9999 -9999 -9999 -9999 -9999 -9999 -9999 -9999 -9999 -9999 -9999 -9999 -9999 -9999 -9999 -9999 -9999 0.64476123858415 0.622854938094713 0.599591771443763 0.57355570635534 0.408159294832222 0.166590323116418 0.067404719571025 0.00131779140292402 0.00598023690612768 0.0231411034466183 0.0486111268889295 0.0495359642951413 0.0468984081559827 0.0397786336838357 0.0338036785878679 0.0287475766312124 0.0135209845892206 0 0 0.00419858109060563 0.0124500171382314 0.0525507872970263 0.0968049043945853 0.126210440178753 0.143353347710746 0.146268697868537 0.146471693805351 0.149471252062944 0.18485887415703 0.233829002939887 0.301789059205409 0.337420659818097 0.360018398671348 0.357994831487862 0.3544313550192 0.348257935594618 0.344218650212983 0.341153198337966 0.339618555011258
-9999 -9999 -9999 -9999 -9999 -9999 -9999 -9999 -9999 -9999 -9999 -9999 -9999 -9999 -9999 -9999 -9999 -9999 -9999 -9999 0.567309994878892 0.571150400439021 0.44045513262805 0.236224408425786 0.097667160070162 0.00135296591305505 0.00613986148948272 0.0272897191855539 0.0593179445750359 0.0585306654475717 0.0518733062935815 0.0356529185754001 0.0273655033188057 0.0254452380267181 0.0121241666627891 0 0 0 0 0.0280356176677721 0.0617199320711914 0.0940945408590909 0.117588320457967 0.130778231732782 0.144915840294412 0.162981058148323 0.21438456020318 0.266614793137263 0.320000892201505 0.345248330622501 0.359536075196042 0.359265412182909 0.356176955362579 0.34831271001423 0.344313256955023 0.342063228580876 0.340617687069604
-9999 -9999 -9999 -9999 -9999 -9999 -9999 -9999 -9999 -9999 -9999 -9999 -9999 -9999 -9999 -9999 -9999 -9999 -9999 -9999 0.56377112636838 0.556840614125631 0.448011141296149 0.283485016532019 0.118423039543937 0.000223177879148914 0.00101279806997997 0.0210738774569517 0.0539469414706254 0.0577238992059057 0.0524873676861722 0.0264908943864994 0.0174364829497022 0.0219800827389893 0.0108527180631179 0 0 0 0 0.0151509026792818 0.0360126987032596 0.0718557612178266 0.101756821520997 0.124763749861447 0.156654426675849 0.195439523242897 0.274306323449186 0.329766036943362 0.352499914961905 0.359005916016234 0.359685094663516 0.360782138210402 0.358162890100622 0.349245018218107 0.344910084862991 0.342647627226363 0.341057475916066
-9999 -9999 -9999 -9999 -9999 -9999 -9999 -9999 -9999 -9999 -9999 -9999 -9999 -9999 -9999 -9999 -9999 -9999 -9999 -9999 0.537543395767363 0.537908060026087 0.455842522822034 0.328721705236908 0.146385439880282 0.0117568378434711 0.00335509495980113 0.0215397332713589 0.0573994372687112 0.0597122169207418 0.0543530253992313 0.0338295493054887 0.0227693247239407 0.0193044802879494 0.0090753088712154 0 0 0 0 0.0220814286084847 0.048168840944148 0.0706098311528958 0.0836748264347925 0.0858614436872219 0.124081959310863 0.176067493206947 0.26134952286057 0.315464610823017 0.326004681586236 0.339316243386332 0.353014539984494 0.355781038712376 0.355000375504051 0.348207741072461 0.347336531128142 0.349127939644389 0.349679603845143
