layers/veg100/veg2500.asc
NCOLS 255 
NROWS 330 
XLLCORNER -2985163.8955 
YLLCORNER -3022031.214 
CELLSIZE 25000 
NODATA_value -9999 
[rows 75 to 99 of 330, columns 171 to 227 of 255]
0.852909097148396 0.860720324367772 0.865247518040732 0.865858678995515 0.852839246332493 0.837802990529806 0.842072798918249 0.845645546058991 0.848216006461734 0.837691106776425 0.823459416623219 0.83357338406965 0.840621005354796 0.842317307458902 0.839431983109952 0.834419192588107 0.84716884336892 0.855816233535753 0.855680156237473 -9999 -9999 -9999 -9999 -9999 -9999 -9999 -9999 -9999 -9999 -9999 -9999 -9999 -9999 -9999 -9999 -9999 -9999 -9999 -9999 -9999 -9999 -9999 -9999 -9999 -9999 -9999 -9999 -9999 -9999 -9999 -9999 -9999 -9999 -9999 -9999 -9999 -9999
0.851492687436045 0.85425207544228 0.855152018724269 0.853834674553233 0.83778278667073 0.820123208655898 0.828972187600772 0.836000440533407 0.840410717582847 0.816345628132006 0.784367566566205 0.808366011265542 0.824074476430175 0.825315453528846 0.818184584196778 0.807167204259113 0.831439555254492 0.84577977895043 0.838854040972286 -9999 -9999 -9999 0.82010650758755 0.818545027623911 -9999 -9999 -9999 -9999 -9999 -9999 -9999 -9999 -9999 -9999 -9999 -9999 -9999 -9999 -9999 -9999 -9999 -9999 -9999 -9999 -9999 -9999 -9999 -9999 -9999 -9999 -9999 -9999 -9999 -9999 -9999 -9999 -9999
0.842913116985079 0.84484984280266 0.844610511417832 0.841776349291838 0.830456803623632 0.818184726565494 0.820915610803683 0.821774443108287 0.819941499285527 0.790761628002601 0.75467499406985 0.78663042623726 0.807372646672361 0.808545819169628 0.80775547487241 0.806057215905205 0.823613573482908 0.835723644630197 0.836172516217371 0.836335733030699 -9999 0.820531915148379 0.82010650758755 0.818545027623912 0.817905548415573 -9999 -9999 -9999 -9999 -9999 -9999 -9999 -9999 -9999 -9999 -9999 -9999 -9999 -9999 -9999 -9999 -9999 -9999 -9999 -9999 -9999 -9999 -9999 -9999 -9999 -9999 -9999 -9999 -9999 -9999 -9999 -9999
0.836690878474514 0.836554142269383 0.833811548741154 0.827961611030254 0.819492076820501 0.811395557533732 0.814501447371231 0.810290320487577 0.795558240322555 0.768151081187394 0.739100629411278 0.773715835100293 0.795203311093848 0.793780564944255 0.796666707320464 0.801562752597925 0.817294423120679 0.829036301535043 0.832235522016567 0.822381629579842 0.805069477419917 0.808616284243786 0.811918642974961 0.811907381461775 0.811402823470373 0.810556126018075 0.820977701521568 0.830847710749244 0.834958811979307 -9999 -9999 -9999 -9999 -9999 -9999 -9999 -9999 -9999 -9999 -9999 -9999 -9999 -9999 -9999 -9999 -9999 -9999 -9999 -9999 -9999 -9999 -9999 -9999 -9999 -9999 -9999 -9999
0.833404930348717 0.82963673705744 0.822691899904335 0.811959086434576 0.803994934314533 0.798564377539776 0.810133072437101 0.802221474471083 0.766299656092412 0.749244264944195 0.741111890779216 0.771788665421992 0.78867964588089 0.781511964674805 0.78475627011832 0.792852590562453 0.812852180504416 0.826545121531289 0.826734716288352 0.818281790922239 0.804890720904705 0.797644876910346 0.793531982120874 0.79700188966053 0.802655160356332 0.809822763154987 0.820977701521568 0.830847710749245 0.834958811979307 0.836831222352425 -9999 -9999 -9999 -9999 -9999 -9999 -9999 -9999 -9999 -9999 -9999 -9999 -9999 -9999 -9999 -9999 -9999 -9999 -9999 -9999 -9999 -9999 -9999 -9999 -9999 -9999 -9999
0.825103072243392 0.80204846659244 0.772870146955937 0.736389628975466 0.759008632368882 0.79221424678018 0.759856986583811 0.727420156426231 0.694868914633907 0.711607435054276 0.74639947080939 0.774140046702339 0.791247260556892 0.78979736727414 0.796383260298111 0.806707489481484 0.806923268565228 0.80811809329956 0.811409180662722 0.805937308850952 0.795458476180132 0.784676419531866 0.777099443052572 0.778120475074546 0.786259215760381 0.799334640798567 0.811879675518282 0.82326656189341 0.830881239403152 0.824750367010468 0.807122904929373 0.805254354405232 0.803617867657808 0.791643133403124 0.777744137206919 0.761910301377179 0.794176830847869 -9999 -9999 -9999 -9999 -9999 -9999 -9999 -9999 -9999 -9999 -9999 -9999 -9999 -9999 -9999 -9999 -9999 -9999 -9999 -9999
0.814823003662626 0.770303206474804 0.717051322976877 0.653386897948842 0.710436808156564 0.786433756876551 0.702148628707075 0.644190815371222 0.624088382164216 0.676398610542441 0.753183550471402 0.777371848202544 0.795320141851717 0.80237851904096 0.81288337681107 0.824981031777291 0.800770259882067 0.786623761796175 0.794026168054143 0.790866771413503 0.781672594436828 0.77040832162163 0.761430409475832 0.758822404551156 0.768181433523681 0.785840530927546 0.79860685208985 0.8108029149223 0.822734550665698 0.819486022877648 0.803541014209393 0.798630778682018 0.794876798812348 0.788392440276443 0.777167691906122 0.76117649571904 0.792929201245878 0.827348216933553 0.81003218559345 -9999 -9999 -9999 -9999 -9999 -9999 -9999 -9999 -9999 -9999 -9999 -9999 -9999 -9999 -9999 -9999 -9999 -9999
0.799765874985913 0.763976889477376 0.728988344883445 0.694954282869021 0.724600170042156 0.764400132299291 0.721213475053344 0.699381205508721 0.708253869944681 0.734157194849804 0.765395084835449 0.775567967655399 0.784566687845997 0.791516285507822 0.80201624045491 0.814159766175639 0.797290746667199 0.786277547841418 0.787802414069908 0.773877136990413 0.751123990093709 0.748457689779041 0.747541442467064 0.748736483097075 0.757885986632 0.772552528642164 0.7700461947826 0.769752642558025 0.782921187963191 0.779611713136333 0.762520247859498 0.717230064442067 0.687453063208733 0.748442909487609 0.770083442979861 0.752158360019842 0.777596404437496 0.807433666944374 0.802988245923975 0.800555317205344 -9999 -9999 -9999 -9999 -9999 -9999 -9999 -9999 -9999 -9999 -9999 -9999 -9999 -9999 -9999 -9999 -9999
0.784791871309419 0.756614221336052 0.736606064133952 0.726339586038056 0.734569448005656 0.745896988585888 0.734581639540763 0.736312427258513 0.756801925064725 0.763906243958901 0.76592204282344 0.766019232261045 0.768764689244818 0.776131843900975 0.785853651721175 0.796664568284972 0.785403328427059 0.777104715152409 0.775149466342882 0.756672935451141 0.728756509761805 0.731433960269658 0.734969775414602 0.736895282561143 0.745676379105847 0.759212359912661 0.750823862955068 0.74559459940346 0.758693428482364 0.754906611102012 0.736996870277803 0.659573897504481 0.607127378969383 0.711018147980706 0.746665685319988 0.713694857087275 0.747363303262799 0.788114057226866 0.778247027759214 0.77684726183009 0.785683683444643 0.805432095556644 -9999 -9999 -9999 -9999 -9999 -9999 -9999 -9999 -9999 -9999 -9999 -9999 -9999 -9999 -9999
0.769942868750585 0.747693116491756 0.737728533362208 0.7424133512143 0.738231776478118 0.73270288610796 0.739383288570296 0.745786007504516 0.751789452316829 0.751535314773723 0.748878052209336 0.744823994497136 0.745370826399078 0.753947028615717 0.761727905526131 0.769133292281585 0.760872330967982 0.754658652941138 0.752828471681865 0.73914607371018 0.718691581519251 0.721819172674653 0.724379028258669 0.722414541015171 0.730588308806034 0.745793744701328 0.745644251355717 0.746838631742777 0.757902875822488 0.753012551622925 0.734778045017809 0.637624135900069 0.567551008390572 0.677390065947426 0.698686040843383 0.630952210643135 0.694723529073189 0.769689102531365 0.72689312285 0.726144486583455 0.77622744318619 0.805432095556644 0.82638524971304 -9999 -9999 -9999 -9999 -9999 -9999 -9999 -9999 -9999 -9999 -9999 -9999 -9999 -9999
0.754032181124882 0.724323278733112 0.709449965360417 0.712267291005564 0.711468266539794 0.710760443597072 0.721343653978993 0.727710011038776 0.728013061359307 0.727445593984906 0.72651134577925 0.724713118921842 0.72723170208286 0.737283886160886 0.74148788992541 0.74296607359408 0.736085562496176 0.730765250866746 0.728785526918099 0.722131774633725 0.712807386042151 0.713032161643728 0.713179940347274 0.711903985041592 0.716746783958351 0.725833414654737 0.731643198306461 0.736164075742517 0.737410852130258 0.730748391515927 0.717470753392753 0.616685701416039 0.542335423175931 0.651174107430409 0.689348949093405 0.656471508136397 0.692698892083553 0.734553795735345 0.712887920021226 0.722389887866522 0.76957107646057 0.778484573340172 0.778039502098796 0.798376293840024 -9999 -9999 -9999 -9999 -9999 -9999 -9999 -9999 -9999 -9999 -9999 -9999 -9999
0.738705783570823 0.697977524746037 0.673155694837849 0.667301422716865 0.674440089452987 0.685213254196195 0.694446913388847 0.698898385893829 0.696473673111669 0.6986414894893 0.702487277942845 0.705590511600515 0.71166340831394 0.722918895001107 0.723020646151892 0.717928453251474 0.711390173359693 0.706171208290687 0.703777065901789 0.704937922938262 0.708130027938062 0.704428266222464 0.701831915496042 0.703067015718476 0.703672948953628 0.703842505966061 0.714260440872401 0.720605302753443 0.709517452302461 0.700521424595686 0.693274968783941 0.596356786567039 0.524120094082847 0.628682108554941 0.694340177481144 0.720880445385113 0.709004056307133 0.693773800470966 0.712407626613851 0.735083266370563 0.762645108378977 0.741846576716943 0.715128001628655 0.775308536808074 0.814128497260766 0.821799351003377 -9999 -9999 -9999 -9999 -9999 -9999 -9999 -9999 -9999 -9999 -9999
0.750653679026832 0.74550175903549 0.733845416932705 0.714432902598048 0.684189638272948 0.655340217810946 0.671345637084506 0.673228041856948 0.654803321277502 0.667153484100594 0.69041056374759 0.701735713387717 0.709729283106231 0.711908653579145 0.71114520052586 0.709006564240833 0.691921887028678 0.678024712329446 0.670952390376479 0.677366156285337 0.69148557421401 0.691935769024327 0.692950866335828 0.697218236946696 0.698127571019203 0.696707845668736 0.699403603528818 0.699882996987044 0.691378918307424 0.67193951743651 0.64335396284775 0.58177360592461 0.542468799593363 0.628078693637072 0.675062189903399 0.683206958599564 0.681608010278353 0.678489774999238 0.67966472641401 0.692172217307128 0.718379765948371 0.730333933458673 0.742095424074452 0.79540270100476 0.826271633977679 0.824419800806994 -9999 -9999 -9999 -9999 -9999 -9999 -9999 -9999 -9999 -9999 -9999
0.762476919446655 0.766596053407058 0.760532534505019 0.742326751766886 0.690935080226457 0.63668136058114 0.64960644674808 0.647861602308431 0.62502323568144 0.644546939320823 0.67887556447309 0.692477702450637 0.700782406506548 0.699842146600767 0.69904244736027 0.698300129471902 0.673093716838476 0.653522876531093 0.646018521225757 0.65627332665086 0.676675323326296 0.677092736693217 0.677743341239654 0.681565966818101 0.681845195227458 0.679666802204846 0.680790545405271 0.68088460963344 0.676327008340901 0.654145442001735 0.617223432663761 0.570566534355271 0.544675567081132 0.620036980828378 0.652218344351293 0.640982296372515 0.636971016202039 0.635748877841679 0.642025414442633 0.656801935696086 0.681854201483227 0.719966304484531 0.762060951459839 0.805159637705589 0.828774313465072 0.823976386589026 -9999 -9999 -9999 -9999 -9999 -9999 -9999 -9999 -9999 -9999 -9999
0.774072163051472 0.739349403791067 0.725028137236127 0.735034549374194 0.692185944355916 0.638533484764987 0.630358541737528 0.623051010782843 0.616990709709015 0.638184782199826 0.66833137375596 0.673337096075624 0.679009052688553 0.685843706585185 0.686523943683259 0.684329721087715 0.655436333210965 0.635687204686774 0.635517111254123 0.647030615952741 0.665219869946584 0.657950523676986 0.650964551895094 0.647982894423795 0.645924613157989 0.644506765082169 0.655307276494512 0.665039307140828 0.666920601910769 0.656082549110571 0.634606208198496 0.565534440864022 0.517358373325227 0.598390456854002 0.622852465788832 0.590433433720547 0.560799947267903 0.542788755806499 0.595430457171903 0.635223884342546 0.659484861900432 0.711692931931175 0.769219858097179 0.796009556951348 0.814502467674117 0.820896568221497 0.822656094674088 -9999 -9999 -9999 -9999 -9999 -9999 -9999 -9999 -9999 -9999
0.760366255158337 0.709566535031438 0.694750808321777 0.722844051195074 0.684106171906319 0.630686752825585 0.624714399347417 0.618887006242876 0.613268047993236 0.62926437174333 0.652233614821342 0.65263913430261 0.653925870175536 0.656750485312998 0.653827166373738 0.648223348224784 0.630147715642537 0.619459695505684 0.624589503553086 0.637742393413544 0.655479494589496 0.634301273904374 0.620471255521606 0.631229096874636 0.634491522339229 0.632555294124907 0.640675047448932 0.648927358928113 0.654173728090956 0.639360677536264 0.607770203050394 0.542870509249483 0.499701045228224 0.57919941728159 0.599899192763686 0.561477155052097 0.535363450413149 0.523578463450365 0.586098941957094 0.624174252139739 0.632697473106853 0.689858549040436 0.757328553225717 0.782106666411236 0.801751508775092 0.813910747280376 0.810877413371829 -9999 -9999 -9999 -9999 -9999 -9999 -9999 -9999 -9999 -9999
0.734283294300154 0.67854297496674 0.667030505394221 0.708257359056481 0.671461951741924 0.618095444104864 0.625725072272361 0.624823091443455 0.611653725820066 0.619092491090546 0.63341910965569 0.63117933090954 0.62722355483108 0.620273058340769 0.611259393211992 0.601288298065959 0.60112597997144 0.604018882315913 0.613453404476832 0.628431906967995 0.646578117075131 0.608447229909108 0.588160861999801 0.622708000755631 0.635037450586684 0.631957205747699 0.631351031159914 0.632684970478287 0.639792733317658 0.613511032964998 0.559302842878567 0.511581270824669 0.486769220194001 0.561209574441288 0.58008289784745 0.5430837377474 0.534745764110803 0.540445799741867 0.594996304428876 0.618275010087254 0.603748821847077 0.661390264794698 0.736118088439385 0.765878752108578 0.789744551492625 0.805014151616655 0.806301736786878 0.802453296712174 -9999 -9999 -9999 -9999 -9999 -9999 -9999 -9999 -9999
0.718010641793374 0.667995261427828 0.660524782421115 0.703786801532345 0.665965620505122 0.609595423660237 0.603535495457598 0.596220106389389 0.587099521895691 0.582028810481689 0.578313745079956 0.571385509497434 0.563276495525968 0.553106813349097 0.557433518158083 0.568509449652237 0.577567852831306 0.577490989164773 0.557854344520399 0.566505831115022 0.591320529595253 0.594581122395515 0.596926337375539 0.599576473110829 0.603304304218974 0.607779600857814 0.613597068049433 0.61622089128239 0.607478043711709 0.582264521145984 0.543275151585895 0.489697733568752 0.453929959454556 0.509509848807983 0.526005931393046 0.503203363034009 0.502369459816751 0.517253335552162 0.601433092000454 0.650073044043301 0.655748453704273 0.697580335555311 0.747270156292352 0.767220018643682 0.781300368448489 0.786821488223826 0.788109297508139 0.787157353570432 0.772074781807461 0.771422960206139 0.79632862811822 0.804325785428275 -9999 -9999 -9999 -9999 -9999
0.699065859994355 0.656325160172377 0.652009611856339 0.693513982360072 0.654582664088158 0.596550811592235 0.581535959889933 0.567740796043224 0.55569939051573 0.541756185140514 0.527307693316028 0.517076211410498 0.507501384836188 0.49907253855388 0.513038206503221 0.537426627076745 0.547528090407557 0.544512879200404 0.513413181195396 0.518097005214467 0.543226741464431 0.574725992319178 0.594435925256739 0.581849380912141 0.578741793741855 0.582208600350377 0.594247429103342 0.599828180180626 0.580408906338212 0.557938380665806 0.532915829750726 0.472209182313205 0.426005343023549 0.471394964514295 0.487865334570377 0.475257483704146 0.48236161396787 0.505239058089868 0.601024210201821 0.664241453924289 0.688086919897897 0.720217338488073 0.75262167397399 0.762539228392038 0.768758979970972 0.769586402143889 0.772886838055269 0.776613031658959 0.768876709060626 0.772283217091112 0.795424165379768 0.797434879264985 0.78945170235166 0.775931232574953 0.771982246145371 0.7888887175364 -9999
0.673871458765729 0.641640529883125 0.638465203318747 0.669937113975407 0.629776406966212 0.573177126747717 0.560516755309515 0.540362414302942 0.509432683991482 0.494899357443423 0.486394995810819 0.476027570273927 0.471011432929913 0.475334244825022 0.490142858441407 0.509825113585732 0.50276553603823 0.497276838740301 0.495151598048884 0.501373723591416 0.512365349387825 0.541101767723735 0.565625975142582 0.576637700166163 0.571091848222556 0.554062029318933 0.5715060470814 0.58360142563973 0.565576610232792 0.549321208541083 0.534545720248068 0.464391475673277 0.409619566492668 0.464667592085957 0.486419571759022 0.47469247673006 0.490956262311048 0.519345188008094 0.585261654770954 0.637821017717952 0.674232800153565 0.710801379364827 0.744143235862493 0.74388206296312 0.746908344932911 0.754728565447625 0.764675219766013 0.77481125771136 0.771143830386025 0.775080247276521 0.792483404747427 0.794582371437787 0.789442970181033 0.775931232574953 0.771982246145371 0.7888887175364 0.795093664825559
0.658286554040204 0.65199092197115 0.647771416966818 0.646027581409108 0.607833087799825 0.561358485298325 0.538077237697179 0.51522083107975 0.492975292567733 0.483839662603365 0.4792889635137 0.468390186059116 0.461718739459131 0.462424736727824 0.472332280800135 0.486520146110397 0.488103511714144 0.493548528944692 0.507261838860015 0.516253978105919 0.522548544958892 0.539789408249103 0.557371415243074 0.574468132951061 0.566627930432322 0.541492034918417 0.5460265739779 0.548613104561218 0.534343320856168 0.525217253935636 0.520393321288725 0.454756207193516 0.403214490962678 0.459582040749081 0.486801612515757 0.484712979462151 0.499407580550515 0.522748730240619 0.577434060109067 0.621489423003985 0.652694077399161 0.671681432734268 0.686994078128503 0.701890033594765 0.713049925916887 0.718761695656108 0.737378398432053 0.760121779369492 0.765603983160357 0.773203816475346 0.784554064269816 0.776441662672141 0.759124081947643 0.762335872002104 0.769212870484656 0.783924312397199 0.788575987827715
0.648452893972749 0.67732467335022 0.67075363525639 0.621918950680179 0.587603225380937 0.556455490426104 0.514787668499417 0.491417962691247 0.494358655253961 0.494204406499699 0.492416083143164 0.48074930351624 0.468703494785051 0.455996212883797 0.457564917619602 0.465786643988408 0.491456532462599 0.515859419380666 0.537549493049245 0.550048820739437 0.55729675966236 0.557815568915293 0.561419172965349 0.574119258338121 0.564070837307805 0.53824455841577 0.518908364474314 0.502396062051601 0.49329410356827 0.491844522866799 0.49679528614016 0.444033135328982 0.402782824476197 0.455479112672304 0.488277586290065 0.501068866793317 0.507773116304601 0.519746817178471 0.57435550726429 0.611195958978801 0.626556150930305 0.614783770130794 0.600715692224962 0.645932182860515 0.672004896922261 0.670161155225661 0.698659160530936 0.737719062250917 0.755391696940559 0.768530338240403 0.773639079000387 0.749151027690237 0.710664688320966 0.740603743301608 0.764786034730195 0.775988730929651 0.782823701492498
0.649053979215918 0.665354071302436 0.661358360447087 0.633161000236248 0.593424361963358 0.551296337761903 0.518774900845149 0.501368800382814 0.505696659911212 0.509172926795832 0.511590854954779 0.498737413484882 0.487651307609633 0.47964951654084 0.485906255427787 0.498791884102581 0.48059498571093 0.476106835531561 0.500970878018762 0.520454265242568 0.536863265177553 0.539294408892377 0.542067290683733 0.547535843730531 0.545060974051125 0.537076723118778 0.516986010111747 0.497197389618647 0.482604101344238 0.481070330714252 0.49045936178753 0.443464484664291 0.402314142766447 0.428437016433408 0.453109453795448 0.476323481786018 0.493540495253566 0.514159912358091 0.565289099151991 0.605439192109671 0.632316512458379 0.62216950431363 0.603750701184552 0.613473437969268 0.628640392330255 0.65174638936241 0.687309572692076 0.725998506790477 0.728864297697583 0.723075443228311 0.701958833377562 0.6754353046364 0.646354484957728 0.714858774853107 0.765346717308812 0.775994625939552 0.790218150873113
0.649183670310911 0.650726050713012 0.64724965555185 0.637788641466081 0.595683858054814 0.546551748827169 0.522012607137276 0.50909488796559 0.512887318303827 0.514985802752337 0.515941998934263 0.506378798264486 0.49732947128615 0.489176945254934 0.496527927047244 0.511077336138519 0.463745246884544 0.440460407775934 0.46866382335242 0.491306013201347 0.510770641796095 0.515751043068255 0.519698828453183 0.522736597015896 0.526566861536952 0.530946783620802 0.516045097228325 0.499172383389395 0.482200943770636 0.478983984326334 0.48727108372767 0.443522976942383 0.401607348883942 0.405618714194249 0.420808044674173 0.447236785738373 0.472413046623393 0.500549079865369 0.549507584165742 0.593416289659245 0.631220226190529 0.626271406918041 0.608836980663225 0.5937789601676 0.600869267443926 0.64025742410139 0.676392259666256 0.709561607759836 0.704077322504463 0.686637292008382 0.648023113932198 0.61915569037394 0.594898154166316 0.689232367082191 0.759069179934223 0.774828678558881 0.792006346231756
0.646223515549326 0.63488925361209 0.62529929776656 0.617789332770422 0.583499505190535 0.543020256734105 0.518535570886341 0.504850965810928 0.506695523722445 0.494185064643908 0.477440961321557 0.483872451766492 0.478831333305864 0.453768472724904 0.449875323239998 0.455829645937655 0.432393728030352 0.426867091012789 0.459686527251157 0.474106325102482 0.478012976950779 0.484197797716513 0.492763339127521 0.507396107763529 0.512302564177032 0.510463066854224 0.513625146794903 0.514474759805283 0.505707991454465 0.497604106862111 0.490054649166917 0.443638973324089 0.400234842354702 0.398588128000451 0.402775694984037 0.412829614423111 0.435638975654845 0.464730558648777 0.51578569355633 0.562945300232989 0.605395551003615 0.61026646823936 0.604651412629442 0.60614278453655 0.617493902811562 0.643223018667503 0.662079598510761 0.678013862373864 0.686952987346873 0.682521262400205 0.654409177612259 0.619909379041561 0.582388406508552 0.66461720702854 0.732653109003659 0.769016644646944 0.798239638686644
