layers/veg100/veg2000.asc
NCOLS 255 
NROWS 330 
XLLCORNER -2985163.8955 
YLLCORNER -3022031.214 
CELLSIZE 25000 
NODATA_value -9999 
[rows 75 to 99 of 330, columns 171 to 227 of 255]
0.859389404402265 0.870009877854044 0.876831587929669 0.87912347775243 0.86669775077087 0.852057634033985 0.857901452127393 0.862521554973481 0.865382108615651 0.855554266415742 0.842096472608427 0.851436725331598 0.857428238978821 0.857575607605599 0.856448325592867 0.854732922159427 0.869359077974581 0.879313472943637 0.879265027221233 -9999 -9999 -9999 -9999 -9999 -9999 -9999 -9999 -9999 -9999 -9999 -9999 -9999 -9999 -9999 -9999 -9999 -9999 -9999 -9999 -9999 -9999 -9999 -9999 -9999 -9999 -9999 -9999 -9999 -9999 -9999 -9999 -9999 -9999 -9999 -9999 -9999 -9999
0.858747749298599 0.864487042943115 0.867607064727721 0.867603746218679 0.851995557908934 0.834602677135829 0.844476035572423 0.852141086707615 0.856630868626629 0.835621970851615 0.807455271957827 0.827928398229804 0.841428885165966 0.842760876877638 0.838070861977004 0.830588161389235 0.857421277879927 0.875004055469624 0.872780668014303 -9999 -9999 -9999 0.863913245597597 0.859145730087922 -9999 -9999 -9999 -9999 -9999 -9999 -9999 -9999 -9999 -9999 -9999 -9999 -9999 -9999 -9999 -9999 -9999 -9999 -9999 -9999 -9999 -9999 -9999 -9999 -9999 -9999 -9999 -9999 -9999 -9999 -9999 -9999 -9999
0.85052219571038 0.854979426161333 0.856745517164588 0.855302569655474 0.844750144980187 0.833089562413807 0.836692549692919 0.838392576272824 0.837356383793019 0.812624788588123 0.781895966104973 0.80986198754957 0.828055630089158 0.829194734123263 0.830534366893773 0.831973354342874 0.85155672322531 0.866243131743972 0.870444518446472 0.871972209146291 -9999 0.865212101293098 0.863913245597597 0.859145730087922 0.857193270168576 -9999 -9999 -9999 -9999 -9999 -9999 -9999 -9999 -9999 -9999 -9999 -9999 -9999 -9999 -9999 -9999 -9999 -9999 -9999 -9999 -9999 -9999 -9999 -9999 -9999 -9999 -9999 -9999 -9999 -9999 -9999 -9999
0.844934385428441 0.846775849306916 0.845802250771166 0.841471842275346 0.834203333865771 0.827118295163063 0.830283967596268 0.827253373085068 0.815313323050488 0.792173740005791 0.767549416789232 0.798503872852405 0.817795356374055 0.816732879388111 0.821530931158793 0.82906135733093 0.847390275439287 0.861954762360329 0.868459118058661 0.861697683693378 0.847356470592743 0.851959712468019 0.855216550339083 0.8524611568247 0.851311888355828 0.851276592480462 0.861559733358013 0.870137182765548 0.869341513800602 -9999 -9999 -9999 -9999 -9999 -9999 -9999 -9999 -9999 -9999 -9999 -9999 -9999 -9999 -9999 -9999 -9999 -9999 -9999 -9999 -9999 -9999 -9999 -9999 -9999 -9999 -9999 -9999
0.842632145657372 0.840196583324657 0.834757195481782 0.825735907877158 0.819544304364658 0.815593957434814 0.825587964321623 0.819364320480295 0.789821726833785 0.774894153073894 0.767169466170266 0.795501605142965 0.811412609231974 0.805646524741549 0.810700275566934 0.820796784654432 0.845338987926242 0.863237402338889 0.866910610510209 0.860095111353397 0.847286597051174 0.84017958626272 0.835687259878688 0.837450285570648 0.842771504442052 0.850560606928981 0.861559733358013 0.870137182765548 0.869341513800602 0.86897912456712 -9999 -9999 -9999 -9999 -9999 -9999 -9999 -9999 -9999 -9999 -9999 -9999 -9999 -9999 -9999 -9999 -9999 -9999 -9999 -9999 -9999 -9999 -9999 -9999 -9999 -9999 -9999
0.835019498603883 0.815481109819431 0.790920755981743 0.760371979924838 0.78028952568204 0.809120529760734 0.780718312160181 0.753041949722339 0.726409276064631 0.741045683877443 0.770894789299271 0.796839083777914 0.813194376505344 0.812815156461129 0.821533477994019 0.834485662660098 0.840805579506154 0.846822902582761 0.852192333489853 0.848055998818991 0.83848828015626 0.826715364363085 0.817907905598829 0.817301149006456 0.824844820242679 0.838041446864771 0.850468793011754 0.860500291800948 0.862615481867071 0.849346655428517 0.823210848274785 0.815403977199418 0.810728610081221 0.807012131631722 0.793531689111041 0.770233609886283 0.810545121154873 -9999 -9999 -9999 -9999 -9999 -9999 -9999 -9999 -9999 -9999 -9999 -9999 -9999 -9999 -9999 -9999 -9999 -9999 -9999 -9999
0.825385210979796 0.786996056914127 0.741879676696949 0.68874144245802 0.737953891304622 0.802957739777273 0.729370173862321 0.67937435669008 0.663300518352494 0.709309785126173 0.776342651893132 0.799110096985256 0.816328605290409 0.823863232422126 0.83701648150825 0.852775112717647 0.835803149586377 0.826716630255301 0.834513860052923 0.832619997308555 0.825188858848239 0.811642311828255 0.800340707980985 0.795814431769813 0.804330452893643 0.82189232124347 0.834477935564627 0.845157082167422 0.851037875778309 0.841621086208996 0.819409607573362 0.80858409477623 0.801546866388929 0.803466996191513 0.792783395135333 0.769426780353866 0.809071432327541 0.852598780195469 0.83019896633588 -9999 -9999 -9999 -9999 -9999 -9999 -9999 -9999 -9999 -9999 -9999 -9999 -9999 -9999 -9999 -9999 -9999 -9999
0.811514318229644 0.779432154738538 0.748852702157527 0.720065151214157 0.746923624315394 0.78262337366898 0.745493433420314 0.727303208750669 0.736345922088829 0.759416070304313 0.786868455490654 0.796730876806698 0.806155142113294 0.814814747288802 0.82916861429993 0.846164324484495 0.834193275924389 0.826873144608824 0.829511225153605 0.815363284254392 0.791624182347638 0.78430074879192 0.779043764678512 0.777211323811599 0.787455025331154 0.806074470502419 0.801988312588751 0.799121929263866 0.808229793458405 0.800687655417469 0.77921968353422 0.724770861036879 0.688707438600511 0.759898904126221 0.783587204644051 0.759511214660482 0.790960471099785 0.8280782584167 0.821525856666439 0.817939801190238 -9999 -9999 -9999 -9999 -9999 -9999 -9999 -9999 -9999 -9999 -9999 -9999 -9999 -9999 -9999 -9999 -9999
0.794382519452125 0.768598978736535 0.750912863973919 0.74288249252716 0.751295134188001 0.762585744493876 0.754970197015153 0.758371082381052 0.777612217906625 0.784603066555402 0.786970398519028 0.788273928894559 0.792946533694002 0.803498772311265 0.817011261847497 0.83189431407962 0.823104068220674 0.816956808730058 0.816468522903342 0.796748682308746 0.766040357109893 0.763562517912952 0.762484098828065 0.761541766385986 0.7718923158511 0.790075356927912 0.779424375344495 0.771364231842112 0.782067747226842 0.775542789673952 0.75460817330583 0.664241082335107 0.602178914921575 0.718725396143868 0.756827883038378 0.716055167984961 0.755095429236874 0.802609211353273 0.789441786621277 0.783825188595049 0.787336885432723 0.806857646372371 -9999 -9999 -9999 -9999 -9999 -9999 -9999 -9999 -9999 -9999 -9999 -9999 -9999 -9999 -9999
0.772347058756613 0.752849557547603 0.745585194875193 0.752908189511481 0.748751960992831 0.742994340259549 0.754452140498933 0.764083874591002 0.77108995435471 0.772317112924014 0.77139722313479 0.770677459087291 0.775173756293842 0.788773007690854 0.798373422530264 0.806106573396807 0.797760095443012 0.791893194249833 0.791335385738354 0.77609212392825 0.752457919241909 0.752754198586227 0.753048222145876 0.750283602576286 0.758303636170087 0.773803665227538 0.771786414722566 0.77109167555957 0.780937557959831 0.774140339233389 0.753423058657498 0.638724330941954 0.555216014240295 0.681152798668713 0.703657601876209 0.622161856965452 0.692532283114316 0.775713797728653 0.722152950203035 0.718490783652759 0.775151796406095 0.806857646372372 0.828984933229985 -9999 -9999 -9999 -9999 -9999 -9999 -9999 -9999 -9999 -9999 -9999 -9999 -9999 -9999
0.757172935511275 0.730993205448662 0.718142079087972 0.721184593107819 0.721225859121698 0.721757359681502 0.73574267360584 0.744688957476492 0.746389747480094 0.747339208797461 0.748030581561997 0.749182148086195 0.755036830440463 0.769099286029819 0.774602394696007 0.776117055940178 0.768550782919048 0.763089272633572 0.76213433000677 0.754913059458175 0.744111347872705 0.742528553518621 0.741198268907005 0.73936634137456 0.743361940730497 0.751399383067288 0.75632185453411 0.75982370330594 0.759546015911608 0.751016211702653 0.735584450005492 0.616030171844099 0.526991502434761 0.651666678690548 0.693816822539079 0.652988292842729 0.690874623479281 0.734986065271851 0.705554667016044 0.713981440695004 0.768175462106553 0.776173215576796 0.772965028403638 0.795784800847828 -9999 -9999 -9999 -9999 -9999 -9999 -9999 -9999 -9999 -9999 -9999 -9999 -9999
0.745550073979071 0.709165312293206 0.685313449446351 0.676406391886497 0.685606772668885 0.699708833068344 0.710055001890081 0.71560274782992 0.714250962869585 0.717346263649618 0.722098715901083 0.726798653690802 0.734596020141254 0.747798950260077 0.749231000582211 0.7451812418171 0.738148718173699 0.73283847427554 0.731215852771874 0.733252703573566 0.737380495829158 0.732368936630395 0.728468804660176 0.728702628697389 0.728194689121553 0.727172278808769 0.737902867815127 0.744062031238756 0.730569313782004 0.719332697449526 0.709983053199318 0.594569047783514 0.507589169829136 0.626283033199934 0.70002260046048 0.72856075728154 0.711302489429495 0.689849859513007 0.707505842432566 0.731031325777241 0.761652526276078 0.734406488825629 0.699990838428867 0.768676617089918 0.809970207681604 0.811319077678876 -9999 -9999 -9999 -9999 -9999 -9999 -9999 -9999 -9999 -9999 -9999
0.757019526575503 0.753555318770363 0.742954769551293 0.723844518445794 0.697523332894897 0.673214767871207 0.689453319186536 0.691903674569736 0.674528331753168 0.686917981537183 0.709890945777782 0.722031149319741 0.731222211709536 0.735266498495706 0.735326617037235 0.733526654417279 0.716717127193216 0.703304214467179 0.697163890136249 0.704097016133399 0.718500022199455 0.71776166734308 0.717680122993205 0.721284085671056 0.721389957410564 0.719069631111633 0.722973883229011 0.72386877933028 0.712347058621455 0.687546772843717 0.651640477096801 0.576407816024113 0.527408894376938 0.625859781822136 0.678481131436833 0.685021017677085 0.679938077070845 0.673001917447247 0.670923919531042 0.682831632293599 0.711646856767342 0.719943139004578 0.72670666931332 0.780391657869634 0.81210549970252 0.811779866821526 -9999 -9999 -9999 -9999 -9999 -9999 -9999 -9999 -9999 -9999 -9999
0.768171401329744 0.773327128998988 0.76864095652603 0.752218849440602 0.705900857402252 0.657109977895013 0.66987628407427 0.668377774963809 0.646368248733956 0.665056074379912 0.698009707260582 0.711931530185522 0.720934325124128 0.721352541730485 0.721195725690356 0.720763308822121 0.696523447024817 0.677925388437985 0.671407155977962 0.682235602283851 0.702975556777969 0.70151358104979 0.700653937349835 0.704234973056315 0.70395445888331 0.700995659637655 0.702954849171287 0.703268133420027 0.696269834480715 0.667861034799871 0.621544785522894 0.565718078120997 0.534042305205702 0.618814546754118 0.653725610668277 0.638501409429694 0.633445106910647 0.631307936912017 0.633259449921391 0.646140668987884 0.672234955120118 0.707557397621799 0.745676312916159 0.784323851732965 0.805574907206192 0.801457501250742 -9999 -9999 -9999 -9999 -9999 -9999 -9999 -9999 -9999 -9999 -9999
0.778742419194837 0.748071714435487 0.735880499067917 0.745725077199594 0.707805407397479 0.66000740181288 0.652173352042485 0.645168613797189 0.639356321618885 0.658862256259945 0.686725702264521 0.692079355354925 0.698000436853074 0.704911781799156 0.706650546569891 0.705972019993525 0.67859393307906 0.660146942590768 0.660822577958996 0.673715575973189 0.693589304508661 0.682264404204415 0.672219219137639 0.669571335910381 0.667075052999231 0.664683916694058 0.673626002183027 0.681922354880567 0.684115919462216 0.670306805289461 0.643113269768644 0.568693867537739 0.516557656936534 0.599657557226955 0.623091518254972 0.586531555604523 0.559281670318465 0.544170003129182 0.593614978467466 0.630499427423026 0.652199288924118 0.698971647970167 0.750478008855817 0.774021046651252 0.790970831038526 0.798305988637673 0.800324474855397 -9999 -9999 -9999 -9999 -9999 -9999 -9999 -9999 -9999 -9999
0.767161133358044 0.720410765859735 0.707464842292816 0.734828893208217 0.700359492347801 0.652128221084367 0.646040386503094 0.640271995782493 0.634962925309781 0.649842257940379 0.671257727791471 0.672083959680166 0.673733351021299 0.676819301946769 0.674737692099503 0.670246025755945 0.653907000024638 0.64402609811493 0.647972869727318 0.662155184834645 0.682185862878191 0.657939903651572 0.641812184562579 0.653012649975778 0.655801649950781 0.652756644662272 0.658057731793847 0.664074364643021 0.669663817620172 0.652953941257364 0.617593211231506 0.549260139181652 0.503194623819152 0.581991305103006 0.601931858661358 0.562692751622319 0.538225221866541 0.527769712066033 0.586031984319122 0.620901004215348 0.627489610103939 0.678373607848927 0.738663406450357 0.760250196125338 0.778334948291856 0.791312846291325 0.78939948986759 -9999 -9999 -9999 -9999 -9999 -9999 -9999 -9999 -9999 -9999
0.744743177251985 0.691573055748792 0.6811746155868 0.721779096429189 0.688339429709705 0.638977240512973 0.645567324944426 0.644333678204615 0.631850486291442 0.639439722465457 0.65374300015681 0.652018501898784 0.648814079188295 0.643026925209906 0.63432875642494 0.624278997323711 0.625914409746604 0.628716134518175 0.63401508399894 0.649107479709195 0.669795633766305 0.631132608971861 0.610440313897392 0.645310712718815 0.657054429884373 0.652757995247703 0.649220988442484 0.647937455068219 0.654087467340624 0.625915796769539 0.569037940715269 0.518863914181177 0.491847840793759 0.565054305787888 0.585406990366971 0.552615356637524 0.543148144554276 0.545973519975808 0.594133122285513 0.614258663179306 0.60049345425075 0.651899283583626 0.718720288442862 0.744782814824864 0.766661884736206 0.782440419728021 0.784789065686415 0.782156856807622 -9999 -9999 -9999 -9999 -9999 -9999 -9999 -9999 -9999
0.729501068126348 0.683437386145542 0.676449832119025 0.716058451184489 0.682790352201549 0.632811654017105 0.627667721993275 0.620873770589488 0.611707298051548 0.607414705477896 0.604838570499108 0.600148116242036 0.593368381694593 0.582942481611898 0.584725116529765 0.592192851320912 0.601149016032481 0.601087346664016 0.581717334968926 0.589847186525813 0.61368985109292 0.616822841278889 0.618652075818943 0.619641331197897 0.622600097679568 0.626924873238278 0.630833813687531 0.631421944044071 0.620813815542325 0.594361396248995 0.554657029130532 0.505541840673837 0.472909200486027 0.52186085934984 0.535454130022218 0.513494647000043 0.505077439928945 0.511795392801106 0.596220197575149 0.644803540508712 0.650057663373811 0.685238592724307 0.726950719541705 0.744325828238017 0.756988431134062 0.76277901172161 0.766588858436008 0.768922446877631 0.755076945737658 0.7548179733394 0.778621337406694 0.78626454728272 -9999 -9999 -9999 -9999 -9999
0.712349067340365 0.674305985023793 0.669820091820913 0.705349335078101 0.672374252617634 0.623108421836386 0.610247457267785 0.598175291176512 0.587237318465499 0.57443565562941 0.561197545971192 0.553302785232309 0.544537947177306 0.534254669524865 0.543866940843511 0.562739718370474 0.571377911551351 0.568088470098083 0.539260429174138 0.542920513300285 0.565143592787077 0.596232169287246 0.614994000151999 0.599705733481357 0.595735431973898 0.59961501926636 0.610313711193618 0.614241554822571 0.592704268183344 0.569777843358116 0.545689562378838 0.491858942795929 0.450431555839337 0.486776869922603 0.497843230957582 0.483491680222489 0.480773824013155 0.494047450092568 0.593282541443227 0.657922325578723 0.680739382551652 0.707469150664895 0.733615764513255 0.741828204563885 0.746503608321781 0.746021120855807 0.751968917619527 0.759709923703802 0.752974163786596 0.757571738130064 0.78224114299339 0.794090065785234 0.799875331385172 0.780218549190952 0.773388740338442 0.794628559207511 -9999
0.690726276085373 0.662439820878611 0.658388007743921 0.683234696992414 0.650846495333176 0.605274226209797 0.59432135275015 0.577846462631407 0.553431604421389 0.539823608515691 0.530153988249751 0.51852818915066 0.511327980555383 0.511851214162912 0.52291716736769 0.538883973917668 0.530260152365824 0.523292783956512 0.51987209472095 0.524862095748976 0.534657778979408 0.561203128283863 0.583669680753491 0.593106980142231 0.586808365158856 0.569595670108505 0.585218984757785 0.59557328156607 0.576642562086872 0.560995930368365 0.548096064676203 0.476957097117244 0.420167021105536 0.470575678910802 0.488814923923988 0.474707920479718 0.48848910621363 0.514537637703434 0.579175472430977 0.630922640097147 0.667086108850102 0.703265224018253 0.736085610916262 0.734378865236277 0.734144460127274 0.736057099006824 0.745733168342028 0.75778495241795 0.757066041670855 0.766525299999255 0.794010540795561 0.801648138644671 0.799898468352996 0.780218549190952 0.773388740338441 0.794628559207511 0.802423914812216
0.677795563831691 0.670934394383507 0.666049458885896 0.663521075688933 0.632254719479467 0.594385155904451 0.574061603339878 0.554413532074967 0.535736718286569 0.526468671315145 0.520405945175507 0.508030074108002 0.499193693142722 0.496534351650118 0.503571340304211 0.515119270866433 0.514780715177787 0.51806190577241 0.529093438605821 0.536620053456286 0.542144035770814 0.556507438131645 0.57141467960518 0.586646697369528 0.578588358442011 0.554376346349249 0.558411401743639 0.560272019597578 0.544992697696608 0.535856772819563 0.53185910107742 0.463604308033997 0.408979319586396 0.462640594659981 0.487183769781369 0.482448782390115 0.49658294773398 0.519530141792792 0.571882398538763 0.614403804975178 0.645040565678706 0.664166641595384 0.679723850186914 0.693793208846508 0.702451235501827 0.703218174946187 0.722646405077663 0.748293299240245 0.754591966711276 0.765799721988052 0.78570168641614 0.778829123307825 0.759293108423612 0.759593105705977 0.766397405241155 0.78721593665029 0.793876133414706
0.670067025584491 0.691614786740267 0.685138313367507 0.645244453185351 0.615420116596717 0.587652714917878 0.551208185048961 0.529122809062384 0.52768409727152 0.5258360281281 0.523403181192217 0.512061334443877 0.49967311420359 0.485458786197423 0.485185468659086 0.491409055724558 0.514645709655071 0.536510404581637 0.555437558866935 0.566222990749554 0.572356422710492 0.569966135359437 0.570572588038981 0.580269288668862 0.570791524324414 0.548014777726855 0.530578681018805 0.515015981388029 0.504013383830255 0.500927870786163 0.504464098802152 0.451178623036453 0.409209025325101 0.459652741758564 0.489979781623506 0.500079563296659 0.504903355470936 0.515247345190093 0.568667473072076 0.604157716258109 0.617972283288667 0.604183749306387 0.588151611350152 0.633375601174961 0.659186644597586 0.656688714747031 0.689474378330059 0.734273017658772 0.748188195621824 0.759281218040108 0.76537607959131 0.737829543967417 0.694371757987323 0.726623418001232 0.755221784461672 0.775366889575847 0.78633214402315
0.665566027096344 0.677240349932178 0.673271360234087 0.650648564831002 0.615753361605572 0.578146532859142 0.549098813815298 0.532555984083971 0.533993618421462 0.536025701620576 0.537597818686637 0.525109012642648 0.514089883116118 0.505635600389048 0.509160186681397 0.518254503174812 0.503269507121905 0.49983900945779 0.521148178583197 0.537480511966482 0.550969191594763 0.551996907364574 0.553740063413911 0.558983383618029 0.556668425824221 0.549111214591108 0.529260400378396 0.509374592767844 0.493597463581116 0.490698831794482 0.498571598857888 0.451738340121964 0.410314266582799 0.432975376865271 0.454339111202341 0.474398337902173 0.489723930956556 0.508853069523962 0.559246935128331 0.598579645864152 0.624540379317243 0.612218930718903 0.591412797208808 0.600403707933443 0.61493850485527 0.637557686441564 0.67513207247392 0.716543206929754 0.716828465118745 0.70909850344472 0.687173236931934 0.657934648209352 0.625237103843221 0.698853431102855 0.755623991474741 0.775042101226231 0.795992804561484
0.661809733517201 0.661505861698037 0.657990114635108 0.650644379734502 0.613375654643217 0.5695421519259 0.547038705605392 0.534760751899477 0.537185775400935 0.538670770856686 0.539294931752648 0.529401424999748 0.520448063337739 0.513135421996665 0.51759427260813 0.527517522698522 0.486764660291884 0.466597499891392 0.490506974505583 0.509362514869336 0.52533034909741 0.529763917958797 0.533858284230599 0.538518126088603 0.542033903721933 0.544756183865725 0.529094847045214 0.511465720793972 0.493440077033031 0.489031704397864 0.496012630839138 0.453129491358805 0.411497328364082 0.411584484957511 0.423110101263437 0.446137054638285 0.469196773383134 0.495626286558045 0.543658744025413 0.58674678497487 0.623857455013276 0.61686860416153 0.597086813289892 0.580638915251307 0.586742364385848 0.62573136686053 0.661786433162695 0.69494262640092 0.688224591094675 0.669324095516598 0.628847930125301 0.597676668156105 0.570906312817474 0.67168137320377 0.74831559548433 0.771588056808907 0.794923189962684
0.659610756193017 0.647844448887541 0.638293659490466 0.631384755596194 0.600452677279888 0.563950385150547 0.541619635117188 0.528655353001206 0.529158878206922 0.51819998670967 0.503835763867813 0.507466008982432 0.501714647344541 0.479590714078058 0.475029484887811 0.478637803867544 0.457682296655655 0.452329793444913 0.480385328118226 0.492845356197791 0.49639445709703 0.500798122393766 0.508067886014587 0.52288270024862 0.527022912119579 0.523759457313235 0.527711278549094 0.528698015267584 0.517078572241467 0.507361321134972 0.499235037298883 0.45467728144648 0.412752362322059 0.409106724690899 0.410812249761393 0.417898352941989 0.437540951831063 0.463474165774334 0.511711815363419 0.556475708883482 0.597040132475428 0.60049474163693 0.593578486290838 0.593516603882736 0.604010940285958 0.62989890679584 0.648078216456872 0.663044226488564 0.671605985388733 0.666284923880144 0.636376780408468 0.599392970689078 0.559062608609858 0.645319871455698 0.717295497662092 0.757359939747082 0.790666442930897
