layers/veg100/veg2700.asc
NCOLS 255 
NROWS 330 
XLLCORNER -2985163.8955 
YLLCORNER -3022031.214 
CELLSIZE 25000 
NODATA_value -9999 
[rows 175 to 199 of 330, columns 114 to 170 of 255]
0.303212523360499 0.305638548507752 0.305955277964424 0.305101847629733 0.309617642872882 0.313364780746719 0.3145686439218 0.317029729439637 0.320338552996945 0.326500567248585 0.332598422380265 0.337617803010637 0.343393387596881 0.349784322230998 0.353995385753709 0.357979188421003 0.362397757520643 0.363365635688739 0.360956967690957 0.357042474268466 0.355022853077877 0.366460085909334 0.37559493684982 0.382021674555632 0.386571968520125 0.391067119405013 0.400121275725479 0.403330312272181 0.398251949788305 0.395989648137988 0.395370118022973 0.406422477508074 0.409666870613371 0.399483199259762 0.39618285869694 0.395999835570797 0.385743742033704 0.383724353426573 0.399067392216608 0.38485539497079 0.354003131655168 0.358675886514959 0.355571294747761 0.327940853203324 0.328542168982834 0.348450644119278 0.375939445738728 0.39790428720569 0.398914527781741 0.445156221397318 0.52871344094269 0.574254515914266 0.607326260236903 0.611192476180111 0.552946348804098 0.433090139778895 0.435541147644495
0.295994652584994 0.298485933399316 0.299741336744549 0.300311120653949 0.304196663308046 0.308043023827861 0.311442885978048 0.315398185786688 0.319728014121916 0.325898375889369 0.332450706351673 0.339698459377165 0.343550066125833 0.344638107889424 0.34665309343219 0.349186338823537 0.353362903921492 0.357066020070619 0.360305860236873 0.357538770842489 0.355379940395051 0.36472644882569 0.374396403244691 0.384446802091794 0.390976034391333 0.396541647380549 0.402521950064555 0.40302498969152 0.395762189386018 0.39183010431911 0.389559596723893 0.395707194223454 0.399394888846323 0.398852066483832 0.393462412357864 0.385839158862358 0.375006657067649 0.369956407948958 0.377094763755787 0.372420286179197 0.361094871337638 0.360852431135334 0.355830946645878 0.336981434688103 0.34937870876075 0.383145062708905 0.393415711207513 0.403678019708478 0.421515825861778 0.454676679517718 0.500478904122069 0.554008135652302 0.601890317819481 0.619426069315344 -9999 -9999 -9999
0.288894161632573 0.291252997254648 0.29362454379688 0.296003141890843 0.299233731487358 0.303033121846394 0.308211935294315 0.313597029154191 0.319121216749572 0.325125182532328 0.331641894058742 0.339697557564364 0.341859699609629 0.339226073681708 0.339499126058047 0.340761547217675 0.344420260665521 0.350624777758401 0.35932039698336 0.358263465710106 0.356588831338978 0.363853230522413 0.373723015199716 0.386657312747382 0.394531783159776 0.40071135971934 0.40455114862671 0.403710264103264 0.39623297006994 0.391581439722226 0.38817294673067 0.388716606123771 0.391735455575665 0.399011112759655 0.391855007065964 0.378097621547374 0.367982065382546 0.360347001425352 0.357940650434143 0.361714501234044 0.368967968910217 0.364662416373471 0.359083623046438 0.351498819563519 0.374481774356449 0.418369434918986 0.409988236827495 0.407986185355354 0.444264660740891 0.464787018907934 0.472310727659363 0.527675903514747 0.578895635819098 -9999 -9999 -9999 -9999
0.280601972992374 0.283729333803339 0.287611271856189 0.291911821653174 0.295628330978373 0.299549429933268 0.304059439673695 0.31001478383404 0.31694470896217 0.322630323514606 0.327515503613963 0.330148897095643 0.332875828718969 0.335678875654169 0.336249455292142 0.336768455914145 0.338518263421816 0.345533778409607 0.357701856972449 0.357672727026474 0.356542012060838 0.36459446205999 0.374095830999035 0.385301450902041 0.39356718185417 0.400880058349291 0.407135568025116 0.410033684202837 0.408171579769454 0.404712941724371 0.400874710126462 0.400980822007352 0.402184389515854 0.405275350513458 0.396748643120191 0.382915473943136 0.37404768186071 0.365063376390334 0.355833468430093 0.362923469854483 0.379202011399952 0.372322756905476 0.3658588107202 0.363163038850239 0.383472935497416 0.419515969231191 0.406380426795572 0.403145849724935 0.448987469485025 0.474944615316791 0.484497256039594 0.533720037194807 -9999 -9999 -9999 -9999 -9999
0.274352058703188 0.277968256166538 0.282828727454767 0.28837947616869 0.292741770567465 0.296939668345816 0.300837019522115 0.306304974396146 0.312831978615885 0.318026528936706 0.322174485065175 0.323288592644423 0.326486556872224 0.331380229352394 0.332775736893581 0.333641130783806 0.334486963400391 0.341594184575937 0.354828256272507 0.355967331590118 0.355862000349946 0.363940237326459 0.373118518449273 0.383590696176733 0.392766466897057 0.401455077222058 0.409043536086786 0.414323114315795 0.416329087232549 0.412768647184524 0.407625929566914 0.411281504046308 0.41382038995633 0.414438805751517 0.406314622134155 0.394177003429498 0.380384848803315 0.367682493039163 0.357277360956133 0.365922033109696 0.385292248304046 0.379623836625699 0.374797053097846 0.375075153735498 0.387266274459985 0.407604481977533 0.416166604562333 0.431449935320397 0.473055626155451 0.491800830962903 0.491686348499525 -9999 -9999 -9999 -9999 -9999 -9999
0.269935513237909 0.273789468333345 0.279151018699007 0.285348927558524 0.290500519649151 0.295114442201686 0.298449536835216 0.302480649454299 0.306981083133344 0.311529523142719 0.315743083484633 0.318841650583818 0.322426480902268 0.326407000892702 0.329100888835543 0.331291012060597 0.332135005806489 0.338688218263492 0.350827975830326 0.353261298340929 0.354613565858263 0.362033298420953 0.370929183027928 0.381561350787229 0.392112874250833 0.402394853584597 0.41034424744416 0.416786612556402 0.421092263783727 0.416267762521529 0.409035289933633 0.419819503351852 0.426522031118607 0.426204915694966 0.420075007209543 0.41122308222647 0.38696578914266 0.368418881243301 0.361909086366434 0.370527132239583 0.387662552100586 0.386602404548403 0.385677089954054 0.387209806822699 0.386393479742049 0.383970686392048 0.437976690696605 0.489508078460495 0.514490282952615 0.514670459873848 0.494389195900752 -9999 -9999 -9999 -9999 -9999 -9999
0.265577947135892 0.269312556427123 0.275254921336207 0.282422067988649 0.288006181264423 0.29253100533984 0.294486521874104 0.298238429593464 0.303201633906586 0.308175536217196 0.312315441446669 0.313711628842688 0.316876042447544 0.321479324592836 0.324548911575361 0.327463725237397 0.330706633060227 0.337309022793749 0.347198709474437 0.351185511220526 0.354225671328914 0.359200824649718 0.365477024558704 0.373283544654016 0.389077853613472 0.405619875702834 0.40760954427935 0.410417724407099 0.414386416568607 0.410318506791662 0.404279825566643 0.416947981768636 0.425593688815108 0.4273216270194 0.418500728054885 0.404871800857898 0.398485603941235 0.39310674709058 0.389851296251072 0.39491185128173 0.4046545373086 0.40166283388571 0.398331921743253 0.39558303158222 0.391297506569896 0.385961106346126 0.436962272307972 0.487347614860708 0.517438999198525 -9999 -9999 -9999 -9999 -9999 -9999 -9999 -9999
0.261645710992381 0.265666014348652 0.271796390146495 0.279097356648627 0.28494051249861 0.289330547115848 0.290121688357852 0.293649256615776 0.299021982404507 0.304470557079983 0.308590243803691 0.308320218559067 0.311296462044942 0.316914309827127 0.320228549024835 0.323627115418147 0.328892140265006 0.33568276353331 0.34396620479163 0.349250350960407 0.353622013317253 0.35635862386702 0.360429707825321 0.366070429345983 0.386005224287409 0.407353904489856 0.403379214468832 0.402827071798661 0.407127526970005 0.404889894705918 0.401112523117506 0.413770532494865 0.423112109092373 0.426750116927513 0.413752954538083 0.393251850249697 0.405049188336406 0.413087885895156 0.413203618647756 0.415961525215868 0.420207045442764 0.416160149338404 0.410742711584404 0.402686083924043 0.397826614026486 0.395153619228845 0.438179895786373 0.47874517186176 0.496279044774392 -9999 -9999 -9999 -9999 -9999 -9999 -9999 -9999
0.259841880916563 0.266564064078657 0.270790385250966 0.273632093844641 0.279179617282636 0.28367609385109 0.285177819433248 0.287672234596363 0.29083601482765 0.296002485214159 0.300507524608407 0.302230125883166 0.306971217765921 0.314168562787406 0.31792375813529 0.321134177689388 0.324224965362993 0.331349620422574 0.342421467428921 0.347443562037435 0.351099803508206 0.354338363073256 0.360534847807765 0.370210510488383 0.38498287093104 0.399279261913278 0.395270702868073 0.397283366980283 0.407833115171014 0.411035354287109 0.411907526806544 0.419770381550217 0.425494945850484 0.42754209909271 0.407155837432694 0.37661967715515 0.381511135480209 0.386337997399499 0.3910286943821 0.401253461704734 0.414594056827255 0.420152618031933 0.420228486739087 0.406810503045814 0.407258152600397 0.417188243776637 0.472359987903086 0.51629799945414 0.507969969412918 -9999 -9999 -9999 -9999 -9999 -9999 -9999 -9999
0.258480207815677 0.265291384639233 0.267706351467092 0.26768246242741 0.273233723107566 0.277786438584965 0.279181053777779 0.281853411271173 0.285387343297572 0.289320066445074 0.29305356519342 0.296011152622119 0.301460382970339 0.308937151759613 0.313162642316064 0.316473286115007 0.31793528033255 0.32506952709957 0.337754147104233 0.343130268970045 0.347054425231137 0.351675893101635 0.360033245829287 0.372784830141436 0.384178847790293 0.393811091747862 0.390445933790054 0.395328822542334 0.411906057510778 0.419716541495998 0.424412273813154 0.431043982657429 0.434900023397605 0.433982497192776 0.409874710551796 0.375255426448236 0.37213934278951 0.372258262498097 0.379196354627228 0.390998770618737 0.405539929449925 0.421469282357022 0.430673402239724 0.422061219540768 0.425198627559918 0.436371356149807 0.490777063174081 0.535389601951876 0.533211042730103 -9999 -9999 -9999 -9999 -9999 -9999 -9999 -9999
0.25759556021759 0.261676792186572 0.262380415301273 0.261210265056516 0.267088240943426 0.271643033272314 0.272048359886614 0.276205262199544 0.282891831158964 0.284564117492344 0.286277949595993 0.289653135244578 0.294670461912773 0.301024057119609 0.305751495623077 0.309473475713413 0.309895133919179 0.316688946943638 0.329717996721627 0.336112808678012 0.341365761321364 0.348320569294527 0.358877054179297 0.373669912252021 0.383610372400202 0.391154940577867 0.389163863384183 0.397246479906389 0.419611903756195 0.431133423978607 0.438761594606817 0.448007224247102 0.451881116100131 0.446516745676551 0.422644233491792 0.390363127483746 0.378050962464445 0.37184785032935 0.378522216271884 0.385548645197633 0.392773294883692 0.419899128206745 0.442153095956523 0.449315653945065 0.452319054183107 0.452478085912376 0.492188049063329 0.526601296936147 0.530475072678673 -9999 -9999 -9999 -9999 -9999 -9999 -9999 -9999
0.245916135622807 0.248999471946593 0.250887871132008 0.252113363073657 0.258833941372931 0.264042906668541 0.264777801640127 0.26819255222865 0.273414314568008 0.276414872290299 0.279493163284813 0.283502346515052 0.288220789774556 0.293516383139629 0.298303407014764 0.302581045406887 0.304981272215812 0.311585830645602 0.322304382503415 0.329192804050518 0.335677201490341 0.344692676123606 0.353048478451368 0.360628359413483 0.372507155203727 0.385041763763425 0.392142701427433 0.4030873114018 0.419481603745669 0.433751608822577 0.446926627600487 0.454057872371055 0.456922447685327 0.452449246465086 0.437613971746753 0.418070701371799 0.409623886419302 0.404611256549751 0.406837660939421 0.404770211961244 0.400285210102434 0.423888590396139 0.445077070986826 0.45667769198641 0.467677135846117 0.478265446147676 0.508506803471279 0.533326120095127 0.533625351382956 -9999 -9999 -9999 -9999 -9999 -9999 -9999 -9999
0.232289660737967 0.234482263338271 0.23824721073688 0.242884437289783 0.250086615368935 0.255808054410756 0.257440310952951 0.259903341260545 0.262926557701628 0.267644474931581 0.272411242175269 0.27682317140744 0.281303125378845 0.28583843349938 0.290599717000415 0.295415132204657 0.30031804426138 0.306834021325204 0.314928403576017 0.321896207279108 0.329242957246965 0.34035469634882 0.346297976025715 0.346161997771288 0.360440462647079 0.378687485473761 0.395462459456915 0.408667183428337 0.416809891969561 0.43296898296224 0.451335614265797 0.455669551110027 0.457397268217167 0.454642834028903 0.450756848495082 0.446361089188347 0.444337691828537 0.441654302574581 0.437579694205424 0.426596133120535 0.411722649136752 0.427751563326433 0.443822367333978 0.456429729737962 0.47513932002077 0.49802210734324 0.52266231444986 0.540003207671171 0.532327611252604 -9999 -9999 -9999 -9999 -9999 -9999 -9999 -9999
0.224450735870204 0.223276284433343 0.228642426810956 0.237637050452485 0.241620392709409 0.245549270428396 0.249859532005467 0.254012924058192 0.258060539862357 0.260624718125403 0.263106127356008 0.265766673858463 0.270211309315752 0.276107721393941 0.281038682214978 0.285983366716892 0.291616552625305 0.298516415285738 0.306655737699388 0.311575068660827 0.317185585268165 0.331179074254604 0.341455547794727 0.347359984374721 0.3610850046063 0.377070515884143 0.393273244939731 0.40483995936279 0.409833582958214 0.423226583037454 0.439148566206026 0.44450154838684 0.446078423712708 0.441161187283295 0.445951892129158 0.455153822088619 0.454075616379277 0.448062859981974 0.4316483981957 0.421276967757932 0.414307923613495 0.420118335798737 0.427281527373416 0.436518416296232 0.44536574295486 0.453946655425104 0.492236833160102 0.524606909053079 0.5275344444421 -9999 -9999 -9999 -9999 -9999 -9999 -9999 -9999
0.216904764529666 0.213992670993305 0.218691142549619 0.227611676143402 0.231965634502688 0.236408531747833 0.241556640069154 0.246687898776047 0.251807795881562 0.252880587319248 0.254081840546397 0.256935930948674 0.261054399675201 0.266201738002733 0.271307392005972 0.276601407354424 0.282739333643711 0.289915396790849 0.298107290418484 0.302576796790896 0.307808918692323 0.322511015047935 0.335891356932201 0.347717021553376 0.359855381368931 0.372325242461083 0.387085719430847 0.397726365337882 0.402525782103874 0.413102252909228 0.425568056677795 0.433634077724317 0.437361009972509 0.433625619607788 0.443744326520274 0.460134105720747 0.455405644796785 0.446150760206235 0.427354474904089 0.419156559769931 0.416925807026902 0.413689644347704 0.412099144427611 0.414945269872954 0.419707445341949 0.425779970808571 0.466119366320861 0.497932296608876 0.490098245488275 -9999 -9999 -9999 -9999 -9999 -9999 -9999 -9999
0.209739118611979 0.207204758715258 0.208290015994756 0.211383303963669 0.220767866082569 0.228719289679029 0.232316268627395 0.23750040086987 0.243754741758925 0.244196041661453 0.245422137268277 0.250994762649326 0.254409472430963 0.256068209558542 0.261355068561508 0.267284108540145 0.273633977531891 0.280946439520927 0.289200811335786 0.295295929931257 0.301912464236034 0.314501896771788 0.329390141413795 0.3469823004296 0.356192632722101 0.363518664538551 0.375707407065747 0.386346258271561 0.394787623654759 0.402482083841978 0.410178492903876 0.423156771277038 0.432020890456426 0.433809518763944 0.44490881021673 0.460164896531494 0.44582016493407 0.433436409672377 0.425186262394242 0.421188922231946 0.419586024826047 0.408824735715856 0.398680371373974 0.391214657255638 0.399391788293671 0.418266762217088 0.445594757273959 0.469905093355486 0.481372832727865 -9999 -9999 -9999 -9999 -9999 -9999 -9999 -9999
0.204649462845086 0.203299269977261 0.202647115917553 0.202382208155137 0.209146091677869 0.216232151630661 0.223417694573099 0.229549939444845 0.234971951280585 0.234443146684574 0.235161728487941 0.241788782783258 0.245811892253133 0.247716079227891 0.252446797909923 0.257831902297497 0.26421299482969 0.271288525683316 0.279043573508526 0.287056736142269 0.295383119517161 0.305274313012893 0.318250164783055 0.334854260820682 0.345076551043957 0.35390053840219 0.366771197158988 0.38021888442955 0.39448470130749 0.402356392644451 0.408195796111503 0.420031484799661 0.430204344026303 0.437517485356211 0.447199106995746 0.457866023822536 0.441738183346939 0.428872012053468 0.422881222948602 0.418144204147857 0.414113091150294 0.392924454260001 0.37186190848734 0.353114409484419 0.375286898740269 0.425443786031655 0.448903326307645 0.465073962992476 0.46547120734509 -9999 -9999 -9999 -9999 -9999 -9999 -9999 -9999
0.199736737159841 0.200087442020845 0.198442970196573 0.195691647614391 0.197674797566022 0.202547705613816 0.214386403586576 0.221630679810236 0.225776962979179 0.224438099235567 0.224611323151431 0.231421202610396 0.236261338702233 0.23949862457642 0.24368524947146 0.24837756725088 0.25464412257093 0.261366814143515 0.268535840999432 0.278293101943066 0.288190468586032 0.295570921831268 0.305820110445528 0.319443569961632 0.331747195424884 0.343897168497015 0.358166720915875 0.375006927144028 0.395491889119141 0.405087328323959 0.410836998801396 0.419435233891577 0.429509546169645 0.442122401604937 0.450017524838866 0.455673095864989 0.440723995216804 0.428382956006263 0.421539537232958 0.414273019781681 0.406768286597333 0.375524743749147 0.344536304329624 0.316962638602765 0.355206256985633 0.438461058277373 0.46002854929896 0.472047412138004 -9999 -9999 -9999 -9999 -9999 -9999 -9999 -9999 -9999
0.188252565085431 0.193598315448321 0.192661549146362 0.188239473305964 0.189981217764551 0.193761355215935 0.202160896245859 0.208826903260907 0.214323997922783 0.215712333233667 0.217123581476382 0.219859588455804 0.222626461390404 0.225418451050258 0.232372380552505 0.239472549329206 0.244495310796983 0.250949454577646 0.258804224655001 0.266784462853291 0.275048334392577 0.284870043961799 0.296396671944817 0.309928663216415 0.321415827891962 0.332337570662685 0.343445007692474 0.359272221035427 0.38179128521398 0.400207438107528 0.416473632062373 0.420395401351753 0.428381759112324 0.443358356499339 0.454912520057668 0.464828573451417 0.456205084003556 0.446217847205175 0.433355921491403 0.421334078763595 0.409785224950102 0.385762502075299 0.367912503161819 0.367710200700189 0.40385558282463 0.464858451874393 0.471216788773393 -9999 -9999 -9999 -9999 -9999 -9999 -9999 -9999 -9999 -9999
0.175528856870645 0.184668612156523 0.185721453987834 0.18228797320301 0.183489701966072 0.185882615432161 0.190867370812103 0.196570022884317 0.202756748706856 0.206171384465287 0.208783847715239 0.209603408895981 0.211210268908259 0.213457781974405 0.221226797451342 0.229026579261493 0.233362492855129 0.23991142877296 0.248625835952054 0.25569659535071 0.262938920773389 0.273360532194112 0.284692790432077 0.297096171887072 0.308432161917486 0.319365579822379 0.329379274849716 0.345343550132823 0.369744749713769 0.395277881125022 0.419953448209284 0.420265628258434 0.42644531104038 0.442715867818985 0.458991138520558 0.475190726074628 0.470598120812241 0.462977661586394 0.448974687136707 0.4325659842014 0.414802792574424 0.396824219920616 0.389914718842087 0.412089796190913 0.443715196670269 0.48180349255362 -9999 -9999 -9999 -9999 -9999 -9999 -9999 -9999 -9999 -9999 -9999
0.16085982471094 0.171908675782558 0.176962939491743 0.178691626266099 0.178884701463254 0.179428276763267 0.181036494720133 0.185171439563826 0.19101014230656 0.195351090542327 0.199107000374289 0.201395974098821 0.203276073106021 0.204823456217025 0.210343752162828 0.216162243960191 0.220685378867337 0.227899331412919 0.237746284177988 0.245269085394188 0.252450255429378 0.260581953044171 0.26940998915103 0.279057074214786 0.291285987485724 0.304176984040383 0.316343035460429 0.334249264946902 0.360294103732123 0.39027037728307 0.420048362665853 0.418425306042596 0.423239753029786 0.439125355965992 0.461788537985778 0.48744663053478 0.483283572422475 0.478050253943214 0.470560897633858 0.450343602359415 0.422960141202369 0.409179057127333 0.409760609879373 0.446475525817678 0.469780265401294 0.483914041629222 -9999 -9999 -9999 -9999 -9999 -9999 -9999 -9999 -9999 -9999 -9999
0.14667782207351 0.157553462292881 0.164562966342931 0.169427680018888 0.167960028775963 0.167866712510754 0.171980339563442 0.176491621395932 0.181271039636718 0.185678915062598 0.189454291586374 0.191264300174484 0.193640962263936 0.196478730456405 0.201193860397116 0.206094933700632 0.210579169509673 0.217229114880352 0.225998235355906 0.234384043980575 0.242518866404275 0.249629382330084 0.256616290746438 0.263457809237008 0.279008283915263 0.296786534330895 0.31206692699269 0.332047125332218 0.35869085949737 0.390865513353453 0.423504645725357 0.426198094832008 0.433306144644459 0.448006381712112 0.474357400349457 0.505919243588797 0.50291689956499 0.498036024022285 0.489195328698791 0.463693476507121 0.428810952846098 0.435701396562706 0.44713364965583 0.465659091871202 0.473182899521487 -9999 -9999 -9999 -9999 -9999 -9999 -9999 -9999 -9999 -9999 -9999 -9999
0.132867994679138 0.142634907215855 0.150693942957239 0.157805511369399 0.154559950729922 0.15437553471009 0.163171196670462 0.168793027117782 0.172274760612486 0.176436979674238 0.179811747446681 0.180392062574879 0.183336319109529 0.188204198823259 0.192729963465948 0.197182237012326 0.201538734785828 0.207124535329169 0.213913224695804 0.223261009131434 0.232710385851708 0.239447060603056 0.24506400209326 0.249363888200212 0.269122813912182 0.292792405875056 0.311613595833814 0.333759649898327 0.360619803354013 0.393956463458199 0.428374187514553 0.43800909084857 0.449006838799102 0.46234839363453 0.49109609257183 0.526766737185391 0.525421333842278 0.520261657673376 0.507061747506309 0.475980105198028 0.434830575296654 0.46833340963768 0.4998326435317 0.517439352628823 -9999 -9999 -9999 -9999 -9999 -9999 -9999 -9999 -9999 -9999 -9999 -9999 -9999
0.125642008975129 0.13146353118941 0.138308803306305 0.145722014274923 0.146595539152372 0.148013259839042 0.151516797296419 0.155524480766516 0.159872107091506 0.165455702747896 0.170175834239168 0.171682817448983 0.174367791598351 0.178011338862046 0.183050253278697 0.188142217331083 0.192555124310156 0.197410822093411 0.2026997964644 0.210262485863673 0.21874084013811 0.229817463594371 0.241655735312586 0.254389874804283 0.273782180141792 0.295285281123529 0.318736389494272 0.344485681159689 0.373493411102773 0.403858214667259 0.434082175729005 0.452081166035719 0.470111241153641 0.488194775626828 0.512646258724007 0.539943481490498 0.547726076508924 0.550435822025715 0.54245233743194 0.517981042794246 0.484226675528713 0.510408124893377 0.53018242027237 0.526205281920589 -9999 -9999 -9999 -9999 -9999 -9999 -9999 -9999 -9999 -9999 -9999 -9999 -9999
0.118649264598965 0.121622119377647 0.12698623764349 0.133676941079787 0.138052661583779 0.141286077300845 0.141812147556864 0.144579601277129 0.148858407412213 0.154514285892369 0.15949061470052 0.161815218027455 0.164639177410044 0.167869480571139 0.173302433990347 0.178874035012245 0.183611793065756 0.187949671410504 0.191896262235096 0.198829334073225 0.207185837632997 0.220294447611708 0.236199759662881 0.255394615436393 0.274615365898781 0.294538038916517 0.321033543731318 0.348604024268233 0.377698639998634 0.406028554873436 0.43385834145738 0.457484324676113 0.480529471401589 0.502575701188625 0.524642674607016 0.546687106921163 0.56017117524758 0.568157442577098 0.564554710244204 0.547083847314321 0.521804860491618 0.540317664213897 0.555120732509061 -9999 -9999 -9999 -9999 -9999 -9999 -9999 -9999 -9999 -9999 -9999 -9999 -9999 -9999
