layers/veg100/veg2900.asc
NCOLS 255 
NROWS 330 
XLLCORNER -2985163.8955 
YLLCORNER -3022031.214 
CELLSIZE 25000 
NODATA_value -9999 
[rows 250 to 274 of 330, columns 57 to 113 of 255]
-9999 -9999 -9999 -9999 -9999 -9999 -9999 -9999 -9999 -9999 -9999 -9999 -9999 -9999 -9999 0.634180687783881 0.634339072687172 0.638613884170269 0.644260723566517 0.607078011069157 0.566165256040661 0.517629767540244 0.478709602938551 0.445045049830269 0.444729222595952 0.446137012304098 0.448814313877974 0.448523342149998 0.446259013266025 0.437229860331007 0.427449338019878 0.417176546229662 0.40307518054974 0.385900930875327 0.376979467006791 0.368391490504914 0.356115884453602 0.344848929579979 0.334555617191087 0.324820736413376 0.315652707062351 0.309140101764002 0.30135873852332 0.292105315129847 0.278491200797524 0.264106389781746 0.253841479326573 0.243936951191994 0.234536279546569 0.226687282566826 0.21943062974285 0.212762293697516 0.206530281471056 0.201037780518757 -9999 -9999 -9999
-9999 -9999 -9999 -9999 -9999 -9999 -9999 -9999 -9999 -9999 -9999 -9999 -9999 -9999 -9999 0.65687416081268 0.647331064870901 0.650909241390483 0.660025010875053 0.642010835006539 0.611957321454651 0.557300157522707 0.511711198315464 0.471078802348077 0.469964871887792 0.469586419270796 0.467395031630282 0.465208216135481 0.463024440278726 0.459086139111936 0.453057357970598 0.440788757857183 0.426677999197544 0.411088690123293 0.398758053755418 0.386466967551774 0.372329071124494 0.358542337783342 0.345094579210959 0.335384039477676 0.327092097705934 0.322554034388992 0.315686125278024 0.306115042424373 0.306574064068656 -9999 -9999 -9999 -9999 -9999 -9999 -9999 -9999 -9999 -9999 -9999 -9999
-9999 -9999 -9999 -9999 -9999 -9999 -9999 -9999 -9999 -9999 -9999 -9999 -9999 -9999 -9999 0.662467941468691 0.667862468013189 0.672776250922888 0.677191824023606 0.654852365328288 0.626071601380187 0.584127353974887 0.542645898883088 0.501417400075187 0.498275991749893 0.496059471467611 0.492644031381064 0.488669736146431 0.484323904771594 0.481951268412972 0.476999706576802 0.463169641087872 0.448290128961244 0.432568311613677 0.41758549108995 0.402812059787433 0.388469794362053 0.374183154307964 0.359950208956182 0.349782454748278 0.341384802114211 0.338410281000085 0.331705091460847 0.320671441662448 0.314200298466593 0.309522747324225 -9999 -9999 -9999 -9999 -9999 -9999 -9999 -9999 -9999 -9999 -9999
-9999 -9999 -9999 -9999 -9999 -9999 -9999 -9999 -9999 -9999 -9999 -9999 -9999 -9999 -9999 0.724278977091464 0.713694514654574 0.7143627148924 0.719648478024914 0.689319593615559 0.654619967000756 0.610988269872416 0.573860606077177 0.540287962653483 0.526646402238377 0.516966631208009 0.515486362886702 0.510952498831995 0.504388553858439 0.499908526425321 0.493305906266588 0.47926457509872 0.464948512166158 0.450411944453795 0.434371419287475 0.418659088141907 0.405268390472723 0.392087453457279 0.37910899663382 0.369109309118553 0.360463216431292 0.356124699771226 0.347920313153681 0.33523060043066 0.32527214361369 0.317260555187109 0.319998787199154 -9999 -9999 -9999 -9999 -9999 -9999 -9999 -9999 -9999 -9999
-9999 -9999 -9999 -9999 -9999 -9999 -9999 -9999 -9999 -9999 -9999 -9999 -9999 -9999 -9999 0.736633041769195 0.759038852937094 0.774140778317206 0.785435526715829 0.743736969944939 0.69648407146719 0.637880292646943 0.605333625102849 0.587029437058189 0.555071509540611 0.532739141483265 0.536108493783997 0.532147833810732 0.523314060514176 0.513338172938745 0.502567602625334 0.489560592574205 0.477036962998557 0.464901303505019 0.449274013611683 0.434046642393862 0.422673887744798 0.412079861555742 0.402237535388956 0.392982749213449 0.383956545879411 0.375553320310087 0.364316584562692 0.34979230492178 0.339522635047756 0.330771009101564 0.324974558902834 -9999 -9999 -9999 -9999 -9999 -9999 -9999 -9999 -9999 -9999
-9999 -9999 -9999 -9999 -9999 -9999 -9999 -9999 -9999 -9999 -9999 -9999 -9999 -9999 -9999 0.777388124153389 0.777383195844132 0.785269483173531 0.796193446999169 0.763301642303214 0.723984709296698 0.671537352112584 0.641253057012615 0.623082804564298 0.601286748489986 0.583582847084422 0.576602748175053 0.565304765402184 0.551136182063161 0.541394717566962 0.529107682230679 0.507349432822585 0.489794798913641 0.475614064309883 0.461117321529159 0.447416601600263 0.437287178067094 0.427850362413828 0.419082115312358 0.408170011304912 0.396905038236984 0.386206957959487 0.373696078288564 0.359081921339107 0.34764552017356 0.337276218548536 0.328506654475481 -9999 -9999 -9999 -9999 -9999 -9999 -9999 -9999 -9999 -9999
-9999 -9999 -9999 -9999 -9999 -9999 -9999 -9999 -9999 -9999 -9999 -9999 -9999 -9999 -9999 0.77370794060469 0.777352824427206 0.775949520616011 -9999 0.759244024314893 0.744887236851715 0.701190847110193 0.671458722350855 0.649359283948252 0.642698177964277 0.633562880005821 0.61671040587413 0.598443125463517 0.57923525845223 0.570370418279973 0.557210983166281 0.527252641808024 0.50441668899975 0.487297296563117 0.4737375975839 0.461328619442073 0.451599217851925 0.442681481418609 0.434547238523541 0.421651146408893 0.407949288068957 0.395376817920476 0.381973678938338 0.367606767080861 0.354850836283007 0.342565894312661 0.330454791759057 0.321417570168862 0.316677992446846 0.301652950452588 0.284121013294946 0.288028952060652 -9999 -9999 -9999 -9999 -9999
-9999 -9999 -9999 -9999 -9999 -9999 -9999 -9999 -9999 -9999 -9999 -9999 -9999 -9999 -9999 0.77171471832451 0.770036904711512 0.770682873788235 -9999 -9999 0.745127516390246 0.702162442647483 0.66616234617096 0.633969216049116 0.639606807003802 0.642301637113567 0.634005033459587 0.619006380878224 0.599552095386498 0.589056820050618 0.575738882263307 0.550763049894179 0.528409801610926 0.508161487669767 0.49374547155035 0.480272908197895 0.467195950631873 0.456841247472495 0.449114313558998 0.434974893526852 0.419704362082729 0.405683000563223 0.391616845259889 0.377498718542573 0.363490088085975 0.34927733740973 0.332926552431548 0.321417570168862 0.316677992446846 0.30584760004957 0.293417026764794 0.291618123650419 -9999 -9999 -9999 -9999 -9999
-9999 -9999 -9999 -9999 -9999 -9999 -9999 -9999 -9999 -9999 -9999 -9999 -9999 -9999 -9999 0.774164334473917 0.771479283585657 0.772513045518334 -9999 -9999 0.748365415923497 0.713592753610109 0.678847924933831 0.64411830976306 0.642624399581751 0.643635420207129 0.647909509862417 0.638185162185635 0.619154421979312 0.60395278065758 0.588621713929518 0.571780648919195 0.552285210957818 0.530659324325035 0.512799970810406 0.496150457232744 0.482303374360557 0.472097494528443 0.465406437316639 0.450741203669875 0.434403336320878 0.418048609680349 0.402756014286378 0.388695743067826 0.374517021087242 0.361001513377531 0.35382669089577 0.34115951711282 0.320813396040623 0.308053011315188 0.298559169749967 -9999 -9999 -9999 -9999 -9999 -9999
-9999 -9999 -9999 -9999 -9999 -9999 -9999 -9999 -9999 -9999 -9999 -9999 -9999 -9999 -9999 0.776905918328454 0.7815419883693 0.779757071462732 -9999 0.759790243588099 0.753999886400422 0.736376326459574 0.711469579421424 0.682581936656785 0.65241482415095 0.636759521808537 0.65805542325526 0.655829016910824 0.637964591528097 0.61464638827735 0.595246021862906 0.590034542308848 0.576030126084406 0.554968336765596 0.530797490982193 0.508628000233769 0.496868315231852 0.488569378502479 0.483611072926511 0.469215513114699 0.452366127979659 0.43269744563646 0.415553758440263 0.401339664524135 0.38819110748909 0.375026261676232 0.358991872330663 0.34115951711282 0.320813396040623 0.308053011315188 -9999 -9999 -9999 -9999 -9999 -9999 -9999
-9999 -9999 -9999 -9999 -9999 -9999 -9999 -9999 -9999 -9999 -9999 -9999 -9999 -9999 -9999 0.792650771606989 0.7924021206237 0.792497852858113 0.750419873981635 0.750742778668914 0.749275041404909 0.74414793934162 0.715222622540964 0.673289509828937 0.662093297795132 0.659202665983704 0.674530257517476 0.670160266927212 0.65269499814406 0.630549289579664 0.611048863327943 0.601413446851277 0.587898780010176 0.571270555301601 0.54773518877847 0.52525050895162 0.511491858173212 0.49962670592659 0.489589331861464 0.474551975940843 0.458075458717433 0.439284313667654 0.423186868994799 0.410214755684312 0.395437642456015 0.379782536950952 0.360743563286178 0.349643725695426 -9999 -9999 -9999 -9999 -9999 -9999 -9999 -9999 -9999
-9999 -9999 -9999 -9999 -9999 -9999 -9999 -9999 -9999 -9999 -9999 -9999 -9999 -9999 -9999 -9999 0.79996210555989 0.79996210555989 0.740064891421208 0.74057276464326 0.742128931722243 0.745827397342042 0.711768658484301 0.657072320737403 0.672995829323105 0.687389748285461 0.691325916056063 0.682551985726672 0.665328172085199 0.646604824105673 0.628155296718409 0.611016581259169 0.596020652867301 0.58274456488406 0.561097645023442 0.539508773475972 0.523341013573576 0.506858719462446 0.490072808129326 0.474429038352148 0.458797819585151 0.441829134096532 0.427290283526301 0.415570617799666 0.399474666412724 0.383865579707557 -9999 -9999 -9999 -9999 -9999 -9999 -9999 -9999 -9999 -9999 -9999
-9999 -9999 -9999 -9999 -9999 -9999 -9999 -9999 -9999 -9999 -9999 -9999 -9999 -9999 -9999 -9999 -9999 -9999 0.740057572197488 0.739870394734166 0.737363297701215 0.730115201495208 0.711240743945501 0.686011467884418 0.694009976149478 0.699894998492338 0.697321936930966 0.686304270976558 0.66967249243415 0.652872269881897 0.636362444415733 0.620837036204609 0.599038561826562 0.572205208881183 0.547859558413323 0.525926042761264 0.512684482089209 0.494684528617786 0.472091338662846 0.458054660928048 0.445209188239992 0.428819473818494 0.413843650032996 0.400508274749307 0.391216159412509 -9999 -9999 -9999 -9999 -9999 -9999 -9999 -9999 -9999 -9999 -9999 -9999
-9999 -9999 -9999 -9999 -9999 -9999 -9999 -9999 -9999 -9999 -9999 -9999 -9999 -9999 -9999 -9999 -9999 -9999 0.745094200822455 0.743333146608636 0.738224127031152 0.726273188781854 0.716558711914928 0.708066655870178 0.710597150148882 0.710760041055498 0.703887446893337 0.691225577936341 0.674714903400261 0.659012838396745 0.643457617723288 0.628145131493547 0.604127511689547 0.573122991175031 0.547786854906452 0.52490258662066 0.508912453951727 0.488856795456439 0.464876719129824 0.45127758448819 0.439203782857488 0.423303008260104 0.408279703568424 0.394274472096514 0.39229474364842 -9999 -9999 -9999 -9999 -9999 -9999 -9999 -9999 -9999 -9999 -9999 -9999
-9999 -9999 -9999 -9999 -9999 -9999 -9999 -9999 -9999 -9999 -9999 -9999 -9999 -9999 -9999 -9999 -9999 -9999 0.745139139052751 0.747645524797339 0.746594795538622 0.738274728364097 0.729679385553805 0.720933580646715 0.721275487299976 0.719435840598003 0.711213074036513 0.697707219424007 0.680689080546867 0.664984059353672 0.649068599574187 0.632099891694429 0.611980752928284 0.589333020245602 0.565286452799006 0.540642437437667 0.514329415367234 0.491499903314703 0.472032994136622 0.457310364335347 0.443319976759313 0.427787974109038 0.413237057640264 0.399824433848173 0.395337402993334 -9999 -9999 -9999 -9999 -9999 -9999 -9999 -9999 -9999 -9999 -9999 -9999
-9999 -9999 -9999 -9999 -9999 -9999 -9999 -9999 -9999 -9999 -9999 -9999 -9999 -9999 -9999 -9999 -9999 -9999 0.755404087445604 0.755119186796443 0.752177615611332 0.743806859303209 0.736738979439928 0.730383234964921 0.72806194083815 0.723789498805635 0.714189241320431 0.70354815632401 0.692215111993476 0.672447762697498 0.653192345357699 0.637994425588911 0.617942798855464 0.593995497420335 0.576938815874594 0.557015079666024 0.520672302293087 0.491129316626663 0.468150112611642 0.454270647752113 0.44209745531504 0.42874860513964 0.413835585508202 0.397107758298722 0.393155808105333 -9999 -9999 -9999 -9999 -9999 -9999 -9999 -9999 -9999 -9999 -9999 -9999
-9999 -9999 -9999 -9999 -9999 -9999 -9999 -9999 -9999 -9999 -9999 -9999 -9999 -9999 -9999 -9999 0.804137554604927 0.804137554604927 0.758943232155187 0.759341848747825 0.756525603832939 0.74713945194878 0.74141470922738 0.73769124532722 0.732737272270261 0.726106302236395 0.715333562084648 0.708406598147113 0.704036369806646 0.679740688675481 0.656859299941802 0.644224103828345 0.622922580595757 0.594665303429043 0.585465449873918 0.571761865080094 0.527176450534175 0.490635772098611 0.461860609659801 0.448751319326578 0.438756353201944 0.42778118220647 0.412286503858507 0.391548124989065 0.38523525690099 -9999 -9999 -9999 -9999 -9999 -9999 -9999 -9999 -9999 -9999 -9999 -9999
-9999 -9999 -9999 -9999 -9999 -9999 -9999 -9999 -9999 -9999 -9999 -9999 -9999 -9999 -9999 -9999 -9999 -9999 0.758937827144016 0.758823171173434 0.756697140472083 0.750460654365244 0.741382557654441 0.730751273395586 0.725952947643859 0.720168515451731 0.711338153690576 0.702149155462245 0.692721729782351 0.67717814213387 0.661233770887117 0.645742446832057 0.622967485093726 0.594346541456293 0.577444373000503 0.559749864161605 0.531450376517757 0.503243168936585 0.475125038522529 0.45200931085027 0.430994792289815 0.416199336960073 0.4010541836341 0.385503297686807 0.38260579758336 -9999 -9999 -9999 -9999 -9999 -9999 -9999 -9999 -9999 -9999 -9999 -9999
-9999 -9999 -9999 -9999 -9999 -9999 -9999 -9999 -9999 -9999 -9999 -9999 -9999 -9999 -9999 -9999 -9999 -9999 0.748908779001973 0.751935570443294 0.752365816564586 0.747489749753213 0.737061608293899 0.723598774749396 0.718805214221888 0.713313165605727 0.705241090321252 0.695212485112053 0.683883146467876 0.673162424841951 0.660909822282228 0.643544181835077 0.620492960967648 0.592878388425112 0.573137153477393 0.554481267370416 0.535560978710453 0.512899412655768 0.486626423049273 0.45583056700075 0.426201220150126 0.409046341405718 0.394117056179796 0.381769987329086 0.37906523089555 -9999 -9999 -9999 -9999 -9999 -9999 -9999 -9999 -9999 -9999 -9999 -9999
-9999 -9999 -9999 -9999 -9999 -9999 -9999 -9999 -9999 -9999 -9999 -9999 -9999 -9999 -9999 -9999 0.758307647528582 0.758307647528582 0.74883927561293 0.745265861890507 0.740761962832948 0.734356519315759 0.725813859958134 0.716103026106003 0.711070542502193 0.704975867860159 0.695749662785136 0.687178800230257 0.679043620215441 0.666799704459059 0.652997498254369 0.635343256473713 0.613949330188502 0.589553864168249 0.574828151767811 0.560103882315419 0.539407798108213 0.517789275348998 0.495280330426345 0.460561546815723 0.426201220150126 0.409046341405718 0.394117056179796 0.381769987329086 -9999 -9999 -9999 -9999 -9999 -9999 -9999 -9999 -9999 -9999 -9999 -9999 -9999
-9999 -9999 -9999 -9999 -9999 -9999 -9999 -9999 -9999 -9999 -9999 -9999 -9999 -9999 -9999 -9999 0.758307647528582 0.758307647528582 0.730652249717508 0.731536448532367 0.72942514986189 0.721192237629123 0.712440007516979 0.703403924978817 0.695555365763963 0.688034633576546 0.681235378771911 0.674184383113487 0.666966025974242 0.655040081858398 0.642828598355979 0.631039798036104 0.607250030799576 0.573828066243896 0.562287622333285 0.55225993889954 0.535120514983756 0.51377298818173 0.48836341511357 0.482956971272683 -9999 -9999 -9999 -9999 -9999 -9999 -9999 -9999 -9999 -9999 -9999 -9999 -9999 -9999 -9999 -9999 -9999
-9999 -9999 -9999 -9999 -9999 -9999 -9999 -9999 -9999 -9999 -9999 -9999 -9999 -9999 -9999 -9999 -9999 -9999 0.724054180076787 0.722703167390621 0.718467822110977 0.70833804039504 0.698469672391809 0.688744189737788 0.67692541284961 0.667569689775619 0.664660293573545 0.65911962260326 0.651829636672658 0.640994125373287 0.631653710220009 0.62814580904591 0.600571389817084 0.553680739463047 0.544355193306126 0.539041785072405 0.527520767721988 0.506069953868179 0.475033991100366 0.46966035032692 -9999 -9999 -9999 -9999 -9999 -9999 -9999 -9999 -9999 -9999 -9999 -9999 -9999 -9999 -9999 -9999 -9999
-9999 -9999 -9999 -9999 -9999 -9999 -9999 -9999 -9999 -9999 -9999 -9999 -9999 -9999 0.75868797894186 0.75868797894186 -9999 -9999 0.72407147637102 0.724362960433295 0.72162268519545 0.712686691570231 0.701143838879423 0.688176110790644 0.669627546266287 0.655418045368687 0.652741057068189 0.646789505702719 0.638660970683826 0.628116785964208 0.618306599305159 0.611552435267262 0.598533822887433 0.580487248765502 0.563398749264194 0.546334679132073 0.528781923176606 0.504883225441736 0.474858843566773 -9999 -9999 -9999 -9999 -9999 -9999 -9999 -9999 -9999 -9999 -9999 -9999 -9999 -9999 -9999 -9999 -9999 -9999
-9999 -9999 -9999 -9999 -9999 -9999 -9999 -9999 -9999 -9999 -9999 -9999 -9999 -9999 0.75868797894186 0.759140783659682 0.760349952619062 0.754535925984736 0.745575287195748 0.733978408017409 0.723126026217512 0.713795102963743 0.7007851313231 0.685764239489802 0.664705353353688 0.64829784691069 0.644258101594672 0.637520851024813 0.628990254373014 0.618980722538164 0.609238702569608 0.600781274589089 0.596816570389555 0.596457809132739 0.577356298285055 0.554709581773098 0.528614576652308 0.514330541384305 0.511447535817071 -9999 -9999 -9999 -9999 -9999 -9999 -9999 -9999 -9999 -9999 -9999 -9999 -9999 -9999 -9999 -9999 -9999 -9999
-9999 -9999 -9999 -9999 -9999 -9999 -9999 -9999 -9999 -9999 -9999 -9999 -9999 -9999 -9999 0.759140783659682 0.760349952619062 0.754535925984736 0.745571566347517 0.733621346676697 0.72137262242979 0.708513872746265 0.694445700271682 0.679716472965454 0.664467907362109 0.651099487132822 0.642551374347298 0.634289294748952 0.626217374741508 0.617222326911446 0.608609269288822 0.601491318266586 0.595730966954638 0.591060250201369 0.581284416230015 0.565218168190851 0.525630273266524 0.507626641425917 0.510458116909593 -9999 -9999 -9999 -9999 -9999 -9999 -9999 -9999 -9999 -9999 -9999 -9999 -9999 -9999 -9999 -9999 -9999 -9999
