layers/veg100/veg3700.asc
NCOLS 255 
NROWS 330 
XLLCORNER -2985163.8955 
YLLCORNER -3022031.214 
CELLSIZE 25000 
NODATA_value -9999 
[rows 175 to 199 of 330, columns 114 to 170 of 255]
0.374654972003889 0.369433922234607 0.358171443666614 0.34355740225506 0.348069096659862 0.353820597370826 0.360780134626247 0.367152723463995 0.373129536245314 0.378533947655268 0.384252964501377 0.391179822506407 0.399239760430778 0.408221725775391 0.420165801930771 0.432331908258689 0.443530936066627 0.452127936137218 0.458178818066732 0.45545571497359 0.453393357448271 0.46675451524522 0.478563942339305 0.488548188967215 0.494968906209479 0.501042501945023 0.513479987104287 0.519073420667252 0.514963137495624 0.51319588060871 0.512958137324364 0.525545849621152 0.527793485281004 0.512258357947675 0.505482572614946 0.502662664867504 0.484073839501112 0.477600520986186 0.496665886918154 0.475929384722277 0.432783379289147 0.433445160762916 0.42102444810115 0.369192480832389 0.364786017842059 0.392812950980066 0.426032541123517 0.451026572921186 0.446790146617918 0.507531678698003 0.621879419024375 0.684054967852605 0.725343430657982 0.709812055869613 0.627814681881344 0.479888775514978 0.480815623897632
0.356350812632 0.348487103265667 0.342425237456146 0.337362968284462 0.343936345636483 0.350639498353735 0.356465675219774 0.362366695856524 0.368318183231964 0.37381419495204 0.379522041768744 0.386064475594528 0.394086840283997 0.403313477340391 0.414134743326873 0.425043701253914 0.435293994980833 0.443625438380162 0.45007926166078 0.447732497078447 0.445771494991708 0.457600044311127 0.470340768442045 0.484154413051119 0.494150858552046 0.502959041307503 0.510857475540575 0.5118579820204 0.503078384415473 0.498289290326644 0.49546187406637 0.502164151700494 0.504959234959162 0.501034763422767 0.492322366060824 0.481376917047612 0.460156775047542 0.449006394833544 0.459082404226083 0.453294743613964 0.438575417704574 0.435091835024813 0.422562694578758 0.384986968271701 0.396238069204577 0.440880904261463 0.448178253220811 0.45634428765547 0.47950518192584 0.523103915118766 0.583563674367988 0.661156816698149 0.72590710769111 0.721943640109523 -9999 -9999 -9999
0.336868829443772 0.328984354266259 0.328669941889131 0.33255512236504 0.340358476300511 0.347460826748726 0.352345666693279 0.357843173427889 0.363753797974511 0.369068474279036 0.374659933534527 0.381342112093898 0.389741997105282 0.399539640934602 0.408904486811441 0.417965746237679 0.425992593745223 0.43370248181762 0.441102220941093 0.440273537510853 0.439525656252693 0.449972519312449 0.463190726587817 0.479668651105389 0.492056988863242 0.502640191064515 0.507213150745289 0.505329208446689 0.494290462606749 0.487839202923506 0.483284046779012 0.482811529541164 0.484637154558928 0.490415102222945 0.480263065948544 0.462793654400589 0.441120291375988 0.426141409566458 0.425274049906462 0.43202300005312 0.443060133827741 0.436818724870299 0.426658316006299 0.40820735622658 0.433817489153339 0.489560161424472 0.469163719691626 0.459893426068156 0.512527547391562 0.539697039426011 0.545858450342783 0.630238331846525 0.708970295987127 -9999 -9999 -9999 -9999
0.319640529078592 0.320758883225804 0.323080371637776 0.326069314758218 0.334356508949299 0.341944936552322 0.347177881205239 0.352827390248628 0.358757786345711 0.363343047459827 0.368676018935705 0.376874975738509 0.387146413555476 0.399104302866616 0.407590618623387 0.414140813016758 0.414557532784214 0.421355535000503 0.43439770547568 0.435198028217227 0.435296885456022 0.447064867519729 0.459486184502546 0.472675968674951 0.483616083429596 0.493591401769113 0.50052741728985 0.502511240827555 0.497473687109034 0.492273341439129 0.487134522712236 0.484316517191628 0.483611668562328 0.486541006553202 0.475496348613738 0.458041680602726 0.439273735424887 0.423806647061261 0.415297545814154 0.424194592365872 0.442891759961984 0.435620003646221 0.427770303023245 0.421406253363409 0.444777349546909 0.488483743767702 0.462504434140862 0.452383320404226 0.517927401845152 0.553034980834311 0.563032729824009 0.638819758215927 -9999 -9999 -9999 -9999 -9999
0.308622883175545 0.313168192784095 0.316708446093703 0.319691131076439 0.328059028668826 0.335739643364534 0.341085358589924 0.346534326470159 0.352052917041794 0.357547678003116 0.364039295267834 0.373813769347215 0.3844430355235 0.395767876423596 0.402706828440317 0.407459043506157 0.405586768849896 0.412455970661766 0.427878821420504 0.430126551323103 0.431159979946227 0.441964798485717 0.45309319721818 0.464602198233219 0.474922532507989 0.484712356575278 0.492700039523623 0.497269965665578 0.496994086154215 0.490710938149007 0.4826963196172 0.48371974809211 0.484553971639647 0.485062802397673 0.474682968555732 0.459289334033944 0.437780737335628 0.418648095928183 0.404523810603351 0.415160180880496 0.439737454385769 0.433636543583311 0.428487543714473 0.429385086986065 0.444764383641478 0.470047474706178 0.474911879627924 0.491200271822065 0.55235898510276 0.5776388958986 0.573319130042805 -9999 -9999 -9999 -9999 -9999 -9999
0.303180599985781 0.306147350834671 0.30963419287158 0.313409562400759 0.321496263662381 0.328915466650696 0.334162690789358 0.339094635927854 0.343813990188509 0.351689520385259 0.360611957523762 0.372014679460244 0.381642889374694 0.389827115759002 0.394618285827098 0.398212665285709 0.398828227450393 0.406651153880728 0.421526580421925 0.425058694351802 0.427105542765367 0.434896575948143 0.444286767484048 0.455557924952423 0.466002179364192 0.475985692252164 0.483847796960778 0.489853264612567 0.493226332460691 0.48376538308378 0.470817291681834 0.481236212261697 0.487262777409593 0.48573541250735 0.477418536419479 0.465922909053708 0.436605131452282 0.410954603280957 0.393034393546292 0.405043128483578 0.433902649930667 0.430948616110669 0.428850416929769 0.432677820672661 0.434901008736514 0.436027104352216 0.504435708249913 0.571605456532334 0.612852623376146 0.612356381091996 0.577422216498536 -9999 -9999 -9999 -9999 -9999 -9999
0.29857747854504 0.301414472755908 0.304687725469911 0.308202998381125 0.315639134330996 0.322637304777447 0.328096627291432 0.333917432234477 0.339981982770717 0.348868186999434 0.358875104788569 0.371706559281422 0.380943775591717 0.387256232489518 0.389397233165518 0.391812204073698 0.398132852366132 0.407074473524045 0.418580750878461 0.423522295385088 0.426889023434566 0.429240043147345 0.433675988509939 0.440564270197674 0.457399915951692 0.474940045626893 0.472212731374111 0.471611673684792 0.474025291017515 0.465485256694432 0.45409602197721 0.465081696117425 0.47221368715279 0.472718151554591 0.460413520109297 0.442273387029523 0.433655513637247 0.425366468942439 0.417770573320523 0.424558688229836 0.439445381063402 0.437830293995488 0.435871234739975 0.43491733609576 0.432636194930953 0.429447377968416 0.496831635449726 0.565662385551289 0.616499799190567 -9999 -9999 -9999 -9999 -9999 -9999 -9999 -9999
0.293991194272458 0.296796822901129 0.29998007149075 0.303372809767707 0.310334567840058 0.316942635399364 0.322266029446642 0.328961625688368 0.336582490244632 0.34614976058589 0.3568231334244 0.370539193601445 0.379412873263389 0.384346135715603 0.384734583050641 0.386453346226312 0.396901450542899 0.406439557295243 0.415087219540252 0.421075899181281 0.425396438030681 0.423053952230125 0.423386659894566 0.426865990131171 0.449216641881647 0.472995927421171 0.45919753623845 0.451911682668769 0.453859514633329 0.447507357766582 0.439057501512566 0.448734292371114 0.455683998939125 0.457943692531041 0.440091456552802 0.413162734161777 0.424156558660631 0.432972476556271 0.437197511860188 0.440287449876243 0.442738298132359 0.443179611298149 0.441666976414689 0.435257008460226 0.431747529530054 0.430221639618535 0.489125747219168 0.542468029449346 0.557626237842334 -9999 -9999 -9999 -9999 -9999 -9999 -9999 -9999
0.288700845411636 0.290615501086957 0.294494218976174 0.299462526457166 0.307202544948532 0.313729694276724 0.31683754002097 0.323011299211344 0.331252386801494 0.341098943206673 0.351560608637909 0.363555264668212 0.371631692405009 0.376519718455646 0.380237920540371 0.38376191800283 0.387205968496822 0.39450373545339 0.405572414324188 0.410630131283923 0.413736110054664 0.412818847671719 0.416447660648093 0.425423669454433 0.442885125420743 0.459202590280411 0.441717224523447 0.434920579783952 0.443278747884374 0.441758881990623 0.437221051370801 0.444274993492509 0.448280349670358 0.4470427774631 0.421333468925718 0.384538217150126 0.382699518872035 0.384808034110053 0.395237013499367 0.408656972153794 0.423760931149834 0.431645727780396 0.434900233839559 0.426833613339211 0.430766946717241 0.442906819247163 0.515872828204352 0.574932824262656 0.567733159049104 -9999 -9999 -9999 -9999 -9999 -9999 -9999 -9999
0.282522903766692 0.284165136233014 0.288328642809624 0.293890859676137 0.301703637667363 0.308335219830941 0.311683534280755 0.317714612292106 0.325554662865178 0.336434085304634 0.347232465804399 0.356840278420899 0.363439107227682 0.367589418915533 0.373194895934127 0.378059976479036 0.378766580190041 0.38504806729917 0.396784650659044 0.401151612926293 0.403563483615281 0.403699259571366 0.409357465594143 0.421511277758466 0.434493726601803 0.444773981409346 0.427237143570428 0.423187291464227 0.438259722016532 0.441448126212157 0.440610553556946 0.44615518184718 0.447439593795769 0.441397327213513 0.410775361227753 0.369000147514078 0.357422074468165 0.353171389693598 0.364366353142913 0.380424771526878 0.399221443521258 0.417725194080703 0.430577082360468 0.428624988745991 0.436205879565575 0.450306196275076 0.52225718217713 0.580523672133757 0.574235322166074 -9999 -9999 -9999 -9999 -9999 -9999 -9999 -9999
0.275387373712808 0.277424511587644 0.281429739939595 0.286526792615832 0.293651193339289 0.300587176201941 0.306825658027324 0.313123110988792 0.319460327859625 0.332185623669305 0.343912390345594 0.350415443697251 0.354802674359996 0.357468184866689 0.363404702951027 0.369110112379815 0.371682341256721 0.378268137914069 0.388781263088919 0.392716621470147 0.394995878952693 0.395783157629665 0.402104151421484 0.41493402508167 0.423880002967791 0.429660003237911 0.415993891772865 0.417126449308949 0.439241036278252 0.447003909384667 0.449638127012258 0.454874789811608 0.453679281516251 0.441421788080454 0.40906377652466 0.367580523346767 0.349600149395793 0.339365926536965 0.345460076138785 0.35585883634878 0.368681206049896 0.401229798810139 0.428890223730547 0.44143667215028 0.448570571498577 0.452002931964603 0.506673003157875 0.555156476691315 0.566338021503991 -9999 -9999 -9999 -9999 -9999 -9999 -9999 -9999
0.268265803739343 0.271638453660655 0.275585396116597 0.279850934981523 0.28838905005881 0.296281455882488 0.302062160469316 0.30807928190308 0.31425581790299 0.323955922780741 0.333085441956102 0.339268538026462 0.344149405742817 0.347970603943091 0.353581075785353 0.35928933816177 0.364255913274093 0.370646362291199 0.378430090529559 0.382647881872109 0.386152227516978 0.389966416692544 0.392720383136589 0.394227291817457 0.403286089862992 0.413390811894201 0.412945719463567 0.418000079052159 0.430851738798299 0.44050517451037 0.448633841755392 0.450032848777638 0.446638172173393 0.434999365202676 0.411193310611298 0.381877551704256 0.37052473192201 0.362735939703365 0.362459881076697 0.361274189451507 0.359576350417567 0.389498593538738 0.416795523285344 0.433543803695147 0.448272481667137 0.461619992124221 0.504527928092649 0.539720297209645 0.539504696510672 -9999 -9999 -9999 -9999 -9999 -9999 -9999 -9999
0.261170390792976 0.265791412726189 0.269415441457109 0.272486374971084 0.28289438990234 0.291915467195111 0.296592422361797 0.302361738056243 0.308867626384428 0.314720071579494 0.320630784071988 0.326931670603969 0.332731550117719 0.338123742406005 0.343433474309192 0.349067901988476 0.35616396594891 0.362289746893501 0.367466093228632 0.371590759283712 0.37599416493727 0.383457078975912 0.382860924760105 0.372785513656202 0.382683239216824 0.398058774766877 0.411194359365394 0.419017040695848 0.419306916695104 0.429436641210502 0.442357950831577 0.439622316613304 0.434223317002295 0.424243887554423 0.411662815723943 0.397930654812523 0.39525505201137 0.390953202986994 0.383223334843238 0.370266221849025 0.35436603191124 0.376903006469316 0.399290248038294 0.416839693298736 0.438956595040808 0.464197092991746 0.500038262055591 0.525295704057995 0.51167433112801 -9999 -9999 -9999 -9999 -9999 -9999 -9999 -9999
0.254245746589007 0.257674429625556 0.258790474140174 0.258623551727771 0.270355313047097 0.280567530497543 0.285618220380551 0.29242168441168 0.300407034310912 0.305446615889736 0.310137037141071 0.314575942612551 0.319372640268703 0.324460486147839 0.330906301757035 0.337476680683639 0.343702457483057 0.349988322792259 0.356332985493449 0.356178591977307 0.356448066196885 0.367744223394762 0.373454325154801 0.372593983184304 0.380937872961631 0.391984037585672 0.403681906396666 0.407965361208534 0.401736421105166 0.406767261209043 0.41535368777241 0.412937110451378 0.406470669893122 0.39303931402224 0.392330956012758 0.397423052742571 0.3941726255451 0.385227995377817 0.364280363222634 0.349376817962715 0.337876253296837 0.348755366999924 0.36072164168443 0.372954158039325 0.385652567725913 0.398669592959352 0.452385076058139 0.497972911954032 0.503168215240577 -9999 -9999 -9999 -9999 -9999 -9999 -9999 -9999
0.244998760645384 0.247863046547815 0.248926586626511 0.248991139049369 0.259944266684832 0.269710885949082 0.275280805998731 0.282677471573858 0.291305901505789 0.295546691137001 0.299416822652326 0.303403269275972 0.307579509256076 0.311910190838972 0.31836919770769 0.324973546363762 0.330821501625574 0.336955410067981 0.343369127434084 0.342790405593244 0.342655508498557 0.354310238961495 0.363879424700889 0.370995545946733 0.376053331197223 0.380907835694153 0.389411893245618 0.39122888567028 0.383564741831829 0.383967430137143 0.387149274070168 0.386885889501425 0.38179674005748 0.368408287228299 0.374807972790795 0.390189157652375 0.381917735588862 0.368834742645039 0.345609277585721 0.332397703694766 0.324824215077451 0.325776344426936 0.327689745060064 0.331140910267225 0.340196902436727 0.353085928663876 0.409849635127779 0.454012055512612 0.441770418826458 -9999 -9999 -9999 -9999 -9999 -9999 -9999 -9999
0.232736806380674 0.235851917340121 0.240050767086439 0.244850835314548 0.252295925058519 0.259492058927929 0.265770097870668 0.273187508064729 0.281373189962194 0.284833456117839 0.288402597811466 0.293766490612237 0.297819142633349 0.300804791407162 0.305819200142763 0.311286525622266 0.317396000330814 0.322972845968958 0.328028507101974 0.33202984212064 0.336332456118805 0.343834787375223 0.354086028528495 0.367570599174929 0.367093370835707 0.363338507746653 0.366368912046988 0.367112152647617 0.364612578907162 0.360998241628259 0.35738677091553 0.361657736620008 0.361119739222765 0.352311333966513 0.359633354246883 0.374222886948322 0.355158251878995 0.338591754730565 0.327291166540692 0.320495102983947 0.316235205795679 0.309507452383154 0.301845853608438 0.292017999158222 0.304930333125927 0.333394247413399 0.373958280633635 0.410216216772833 0.428135923556341 -9999 -9999 -9999 -9999 -9999 -9999 -9999 -9999
0.224998093008891 0.228323709963778 0.23274237959518 0.237767434712321 0.242744364120755 0.24839759980385 0.255801501818837 0.263075578116319 0.270262113653915 0.273573132503457 0.27739303444463 0.284063635255238 0.288401819463456 0.290842033346612 0.294843449845962 0.299328219527801 0.304891728761044 0.310394067220909 0.315836549279721 0.321483506702546 0.326990763705463 0.331384327265511 0.33862929099647 0.34922813558033 0.349459885293744 0.347236499322102 0.349849019843617 0.352944732407731 0.356725530208831 0.35207052315877 0.344775526764343 0.346180468898378 0.345998398554755 0.34308699962409 0.34667710308739 0.353132810371259 0.32902890100139 0.310133420438631 0.30221696216521 0.298278996685924 0.296581027753111 0.278492392611025 0.257843668944337 0.232369279146496 0.263530477696638 0.333423672876007 0.366981881764458 0.390065836662154 0.389826457153651 -9999 -9999 -9999 -9999 -9999 -9999 -9999 -9999
0.218743921166064 0.222187588833543 0.225871687058266 0.229689167327033 0.232637015382841 0.237135215198809 0.245725697772693 0.252840049620476 0.258959054722348 0.262287344906725 0.266446222638565 0.27418301409909 0.278894960065555 0.281145481696532 0.28432704298507 0.287903069828034 0.292582963555093 0.298103781886728 0.304447455932101 0.31072716626341 0.316380405519735 0.318315487346463 0.32168036696367 0.326727006819909 0.329381119280266 0.331479674155259 0.334798753378327 0.3409407695381 0.351085236586499 0.347101495213921 0.338186558269121 0.334084397830123 0.332644591854637 0.335783477129791 0.334718660524781 0.331639326292534 0.305130630241133 0.284571893709394 0.276555277000402 0.273634547874271 0.273582938079875 0.244351195473427 0.211930953912963 0.174514194807351 0.227162770632281 0.341405307969649 0.370117129042098 0.385863635125383 -9999 -9999 -9999 -9999 -9999 -9999 -9999 -9999 -9999
0.21251525327867 0.215042809826279 0.218008282615038 0.221216695253183 0.223417559116452 0.227426965031969 0.236209448882152 0.24365204949574 0.250191174288478 0.253009534176312 0.256298442726092 0.26226502568957 0.266752106631122 0.270035264169538 0.273071305401545 0.276041151775436 0.278884967631552 0.283573590451241 0.290067380990442 0.296313629965743 0.302125638531625 0.305624745978103 0.309483228634673 0.313764416476028 0.314492093709883 0.313951020464852 0.311024474833674 0.314611484409639 0.32743362229753 0.333731562633127 0.336825698165504 0.324404580325615 0.318593200740133 0.324149184565211 0.326293027672238 0.326799317720444 0.307654702870886 0.289182388390928 0.272127238475626 0.261416322980304 0.254277379064703 0.232491099687937 0.218760482567901 0.227872176393673 0.282706446472253 0.368809512743472 0.381528832786988 -9999 -9999 -9999 -9999 -9999 -9999 -9999 -9999 -9999 -9999
0.206022080551508 0.207727234786525 0.210270822587788 0.213279542542561 0.214856849290138 0.217922275318994 0.224977866248676 0.232077910010224 0.23920792806928 0.243324535740407 0.247114823064331 0.250749215281254 0.254512793797777 0.258381495799869 0.26147539533012 0.264255843145152 0.266181919165168 0.2703934294732 0.276841267095285 0.282312975221158 0.287410585937585 0.291508065643232 0.294819850362512 0.297207483011565 0.296874050378898 0.295327427702197 0.289667127706682 0.292206497350965 0.306371622643391 0.320435635773247 0.332840276337937 0.314191626066266 0.304423009113713 0.309926186890549 0.316484422026379 0.323443337242396 0.308255822208505 0.29167097135827 0.272140629335649 0.254518911076842 0.237971798418871 0.226250401647351 0.231065231728459 0.27873465241261 0.331116422359807 0.386720877920345 -9999 -9999 -9999 -9999 -9999 -9999 -9999 -9999 -9999 -9999 -9999
0.199113794798119 0.200143613014712 0.202731019313052 0.206182518281237 0.207329973961878 0.208737052713306 0.211054244476555 0.216758971254048 0.224747894067482 0.233000498257741 0.239444353331283 0.239864581706255 0.242122097900797 0.245874680524109 0.249345619674179 0.252590765090469 0.25504033796811 0.259332001858142 0.265426175873966 0.268960295429029 0.271973162626348 0.275153521380729 0.276285963228952 0.275009599266621 0.274973095543457 0.27498544115812 0.272102904803219 0.27596029078564 0.289373755686276 0.307255853248546 0.324735875966539 0.303141968736045 0.290066372354333 0.291640483924013 0.304505383423889 0.322416385577817 0.305839064969316 0.290829433055108 0.27912438487523 0.255971965593601 0.226374373966322 0.228828767959227 0.251962773955992 0.325680690195678 0.368330792987248 0.389734211832386 -9999 -9999 -9999 -9999 -9999 -9999 -9999 -9999 -9999 -9999 -9999
0.193680916632906 0.194102232721955 0.195671796771685 0.197878366623923 0.199080344267275 0.200540936987559 0.202773692595139 0.206335546486241 0.210793603964268 0.221245250551415 0.229682312688671 0.229676928257513 0.231892796029997 0.235916175703515 0.238813096568964 0.241378910360335 0.243242902043933 0.246772399843333 0.251931617139818 0.255726411514955 0.259080301912009 0.261533820352408 0.260449723438785 0.255204603978473 0.259331368673762 0.265501229718093 0.265630419530692 0.271035260915388 0.283920090977217 0.303390620424806 0.323303469699387 0.30544010473889 0.293437423789338 0.291513890065086 0.307967936179643 0.33269024659621 0.315945847213477 0.299536746096887 0.28383443147463 0.252665772770264 0.212789153759534 0.247186496328358 0.29053609257037 0.348799363350613 0.372462045046992 -9999 -9999 -9999 -9999 -9999 -9999 -9999 -9999 -9999 -9999 -9999 -9999
0.188819744666051 0.188723257276081 0.188880217113123 0.189177780164597 0.190619417656035 0.192802308932219 0.196779329072785 0.197949590388568 0.197227269825652 0.208860871827736 0.218855558877963 0.219707449812094 0.22254223052801 0.226990559166643 0.228962865576767 0.230422293317367 0.231270963571745 0.233680414939834 0.237617111022046 0.242504379759314 0.247146715696399 0.249066211779334 0.245985847989012 0.237024536842657 0.246743823452541 0.260686502183092 0.264017332329345 0.271139460531665 0.28363701319928 0.303647018854899 0.324723588857044 0.313465658003013 0.304524545861142 0.299567875953414 0.318234984672682 0.347559999360209 0.33141293282235 0.312667771403135 0.288445998385949 0.248689310949076 0.200186056294298 0.272397349360964 0.331552805194275 0.342473835083101 -9999 -9999 -9999 -9999 -9999 -9999 -9999 -9999 -9999 -9999 -9999 -9999 -9999
0.182449881429921 0.184268734964746 0.184740325866044 0.184464504932577 0.185551989200343 0.186917271837372 0.188857596824803 0.189981496296587 0.190554884579958 0.195062140899672 0.200352891514477 0.207021873580933 0.212572592726329 0.217213341569843 0.219925672965329 0.222075682458609 0.223043777672417 0.223978927323429 0.224881839310755 0.227841435426693 0.231579746425926 0.237367664580551 0.241388491102427 0.243330824800721 0.2520287541058 0.262611162225724 0.272735918605614 0.28446466326697 0.298467594162892 0.314156075163599 0.329635480780163 0.329277347557429 0.330171203344747 0.333218217625719 0.34440582389587 0.359248270717431 0.353666757614125 0.343968240376204 0.325591351630634 0.294894665591163 0.257261608212205 0.309991395242071 0.350378061923155 0.347911136015979 -9999 -9999 -9999 -9999 -9999 -9999 -9999 -9999 -9999 -9999 -9999 -9999 -9999
0.176030012047111 0.178773454879821 0.179590173042228 0.179338015110931 0.180173542742998 0.181014237829669 0.181754979692753 0.182754906679965 0.183929600756113 0.184426941680279 0.186849209423184 0.195802653885571 0.202533593183378 0.207456001001283 0.210598441331075 0.213177377097694 0.21447255489007 0.214227141367271 0.212474239112031 0.214570467681187 0.218180390412522 0.225967893198128 0.234513751620863 0.243951604957887 0.252171389197584 0.260671262933885 0.27512006914844 0.28931781268145 0.303159591460242 0.316350491494071 0.329018267859882 0.336242841603661 0.344045072099254 0.352840751044951 0.359606184000602 0.365423166275254 0.366466746733025 0.362513374619197 0.348026758086733 0.326442749868119 0.300862722632106 0.337403700981893 0.365846713776911 -9999 -9999 -9999 -9999 -9999 -9999 -9999 -9999 -9999 -9999 -9999 -9999 -9999 -9999
