layers/veg100/veg3500.asc
NCOLS 255 
NROWS 330 
XLLCORNER -2985163.8955 
YLLCORNER -3022031.214 
CELLSIZE 25000 
NODATA_value -9999 
[rows 75 to 99 of 330, columns 0 to 56 of 255]
-9999 -9999 -9999 -9999 -9999 -9999 -9999 -9999 -9999 -9999 -9999 -9999 -9999 -9999 -9999 -9999 -9999 -9999 -9999 -9999 -9999 -9999 -9999 -9999 0.667613347047455 0.649073635353742 0.630533923660029 0.641485911574363 0.659362055382362 0.668593119064624 0.671375085313234 0.665388636907435 0.49557392391952 0.281595916388549 0.269542678608217 0.276203351863806 0.313674028713785 0.440356144862801 0.604692356371595 0.674915224984736 0.725954074479685 0.738386446998031 0.750712823950126 0.762982122675563 0.771662909101741 0.780000105787658 0.787775675487883 0.794698012438209 0.801061101977153 0.80728954802602 0.813304602949076 0.818680368656375 0.8247067201753 0.831248099344911 0.836344334595957 0.841253016686789 0.846230903994273
-9999 -9999 -9999 -9999 -9999 -9999 -9999 -9999 -9999 -9999 -9999 -9999 -9999 -9999 -9999 -9999 -9999 -9999 -9999 -9999 -9999 -9999 -9999 -9999 0.629795937415514 0.619248316388616 0.608700695361717 0.62804900513961 0.653509855270963 0.662542733126032 0.670001807124417 0.675321083276347 0.54249222310591 0.368672990924369 0.306223981016858 0.27487283978805 0.294720266508483 0.435564426301858 0.627403196320138 0.686264972573487 0.728969308337569 0.739157941818067 0.750935344401479 0.763568293364515 0.774096546347942 0.783296205134281 0.789353264702452 0.795267007305128 0.801086813473732 0.806853600478896 0.812619345346025 0.818395967844331 0.824470787709144 0.830781671574076 0.835152458426924 0.839467217673018 0.844687145711088
-9999 -9999 -9999 -9999 -9999 -9999 -9999 -9999 -9999 -9999 -9999 -9999 -9999 -9999 -9999 -9999 -9999 -9999 -9999 -9999 -9999 -9999 -9999 -9999 0.621958913360987 0.62619011858315 0.630421323805313 0.638951330882424 0.648595016302536 0.657861172440715 0.664000847305192 0.665889650710662 0.582352184469576 0.468456581127993 0.344711678305661 0.282066205771592 0.320012943127966 0.456973255303088 0.635398719612433 0.68628058089711 0.723769554429819 0.734306291861166 0.748755600476452 0.765311814434562 0.774520452774687 0.782456664469548 0.787822902353857 0.793581986242375 0.799598559205185 0.806341271789578 0.812586159071451 0.817061504647818 0.822412040329357 0.828455408679111 0.832913698317749 0.837253660442853 0.842032117146405
-9999 -9999 -9999 -9999 -9999 -9999 -9999 -9999 -9999 -9999 -9999 -9999 -9999 -9999 -9999 -9999 -9999 -9999 -9999 -9999 -9999 -9999 -9999 -9999 0.644315511403461 0.644508445124066 0.644701378844671 0.645839666485255 0.647940102384067 0.656021567375546 0.66082096817369 0.661157961624821 0.586209238977504 0.484172217933818 0.368210957032624 0.313696671155848 0.360346782060302 0.486304744854051 0.645297501135552 0.689534729870893 0.722311079747252 0.732023224303808 0.746244253075656 0.762893299587443 0.771089132759617 0.778262168899304 0.783579503437695 0.789471060463649 0.795738988930765 0.803470377487902 0.810408145367562 0.814443175641466 0.819894776536662 0.826467786823329 0.831157435280004 0.835548898204217 0.839807489686999
-9999 -9999 -9999 -9999 -9999 -9999 -9999 -9999 -9999 -9999 -9999 -9999 -9999 -9999 -9999 -9999 -9999 -9999 -9999 -9999 -9999 -9999 -9999 -9999 0.64457408565169 0.644279407766095 0.643984729880501 0.64772817985237 0.652591346987295 0.657721899481871 0.661155024418049 0.662280268471518 0.545221107530745 0.39517289330443 0.373040676096929 0.375765963916163 0.419415878220541 0.525504692722347 0.657566979270005 0.696822801945948 0.725512738848714 0.732939580498785 0.743319860706194 0.755290556827748 0.762855746417696 0.769888744743931 0.775956748797233 0.782338430117229 0.788925709733152 0.797661656140862 0.805558536692362 0.810225664624234 0.81680638514356 0.824901975918395 0.830002170127724 0.834477890514882 0.838118969428011
-9999 -9999 -9999 -9999 -9999 -9999 -9999 -9999 -9999 -9999 -9999 -9999 -9999 -9999 -9999 -9999 -9999 -9999 -9999 -9999 -9999 -9999 -9999 -9999 -9999 -9999 0.643728087216279 0.648175110260567 0.653223316648553 -9999 0.631982110726176 0.633718762392798 0.514391069932277 0.363364549738799 0.376266876756641 0.403371035408242 0.45385664985725 0.549676857027746 0.664182032433373 0.699028835406549 0.724747105501412 0.73209485103489 0.740825760466938 0.750301498624367 0.758341469378372 0.765743497289136 0.771671630510251 0.778021440331532 0.784647636106249 0.792808631859346 0.80026216802642 0.805066554377778 0.811046649813693 0.817957479792062 0.823573752818512 0.82879281004586 0.833122829905002
-9999 -9999 -9999 -9999 -9999 -9999 -9999 -9999 -9999 -9999 -9999 -9999 -9999 -9999 -9999 -9999 -9999 -9999 -9999 -9999 -9999 -9999 -9999 -9999 -9999 -9999 -9999 -9999 -9999 -9999 0.626787063622544 0.600335047170522 0.486515588015081 0.352692371232616 0.382286589973048 0.423192469950572 0.482721518687653 0.569743104707434 0.667831450630943 0.698891181494294 0.72239379128929 0.730688231266616 0.7386115910996 0.746335125625397 0.754986015210872 0.762789032043209 0.768399256354743 0.774669094159593 0.781371272540555 0.788515380688341 0.795122636060324 0.799912833199859 0.804840421369648 0.809876773330889 0.815991443252122 0.822071329725053 0.827374583433703
-9999 -9999 -9999 -9999 -9999 -9999 -9999 -9999 -9999 -9999 -9999 -9999 -9999 -9999 -9999 -9999 -9999 -9999 -9999 -9999 -9999 -9999 -9999 -9999 -9999 -9999 -9999 -9999 -9999 0.637997281851943 0.607892187031917 0.536855169984327 0.456441658597762 0.380465445485611 0.425456206442548 0.475767356624471 0.534837830863816 0.596053711563739 0.657791084649246 0.690081855363595 0.716002083885525 0.729102048365555 0.738051661033659 0.744766324356166 0.751696001894085 0.758479042940002 0.764878342553933 0.772352196781079 0.780530362798766 0.787196706113878 0.793317409430989 0.798115614371047 0.802943377997496 0.807794541366973 0.813838614369411 0.819798942304085 0.824712289237575
-9999 -9999 -9999 -9999 -9999 -9999 -9999 -9999 -9999 -9999 -9999 -9999 -9999 -9999 -9999 -9999 -9999 -9999 -9999 -9999 -9999 -9999 -9999 -9999 -9999 -9999 -9999 -9999 0.648887539023324 0.633820439323904 0.589186452015307 0.504352307511893 0.437700006002577 0.385263131615222 0.456729572998154 0.518799459157155 0.565399147789384 0.609086205816557 0.651331515050592 0.681615461871778 0.706277521070078 0.719625930415296 0.731331342592211 0.74215200677365 0.74850942406084 0.754852713213234 0.761528864809765 0.769271400477224 0.777712892591533 0.783824040484514 0.789478093276745 0.794308698100265 0.799199257059713 0.804137277917691 0.809843299642492 0.815453210203503 0.820213989331097
-9999 -9999 -9999 -9999 -9999 -9999 -9999 -9999 -9999 -9999 -9999 -9999 -9999 -9999 -9999 -9999 -9999 -9999 -9999 -9999 -9999 -9999 -9999 -9999 -9999 -9999 -9999 -9999 0.646863027208215 0.612654722384435 0.570765142960633 0.518431838432617 0.435999523508727 0.355511053094707 0.4701136820345 0.54748138207958 0.563546648289164 0.602151434968794 0.650256649798597 0.673664761168289 0.691541100806645 0.698285142428096 0.71534719942736 0.737965470155359 0.745478389698444 0.752254451888618 0.758437187951385 0.765041873716877 0.771923124439598 0.777362638893035 0.782579968540659 0.787479653399479 0.792677551045223 0.798111524898454 0.803077304744832 0.807989638685602 0.812954753903173
-9999 -9999 -9999 -9999 -9999 -9999 -9999 -9999 -9999 -9999 -9999 -9999 -9999 -9999 -9999 -9999 -9999 -9999 -9999 -9999 -9999 -9999 -9999 -9999 -9999 -9999 -9999 0.623268388782542 0.612429333185067 0.575441924016515 0.541152789057891 0.51053232050838 0.44301485462423 0.37282386950354 0.462356718685597 0.523115066243036 0.536499965418708 0.584132777005007 0.64621425494752 0.671699587540394 0.689283768552728 0.690967442757623 0.708252040432722 0.733937678617266 0.742076885781171 0.749249437040336 0.755456420223911 0.761625493314721 0.767769718412711 0.773502753797746 0.778946478820505 0.783584603022801 0.788664907229721 0.794095257387372 0.798842330882558 0.803555996007251 0.808531703893925
-9999 -9999 -9999 -9999 -9999 -9999 -9999 -9999 -9999 -9999 -9999 -9999 -9999 -9999 -9999 -9999 -9999 -9999 -9999 -9999 -9999 -9999 -9999 -9999 0.641551353905734 0.635906879363799 0.630262404821865 0.602041262462792 0.567841868470989 0.534531340983263 0.509148824381187 0.494545504022494 0.453224419655525 0.407956477073064 0.446758452493349 0.478993699049513 0.500417686563213 0.56244102522633 0.64151625657627 0.671804246243768 0.691339169243003 0.689234308722497 0.704842626710328 0.72998942685813 0.738556650583178 0.746118193794662 0.752537017134822 0.758550504058813 0.764298315126468 0.770655076089673 0.776551115777441 0.780826364142419 0.785625041845621 0.79083808545959 0.795555583853769 0.800262617601848 0.805216810542173
-9999 -9999 -9999 -9999 -9999 -9999 -9999 -9999 -9999 -9999 -9999 -9999 -9999 -9999 -9999 -9999 -9999 -9999 -9999 -9999 -9999 -9999 -9999 -9999 0.644274027084319 0.633495216656807 0.622716406229295 0.609645588359422 0.594303402367409 0.564978988990372 0.532001929113252 0.494058605440584 0.456939431255296 0.423557266952707 0.444372997445008 0.465870096116936 0.488488978259089 0.559592275469879 0.650781926300971 0.664080910858584 0.677003072720674 0.689166905651304 0.70645562730038 0.726504082872406 0.735776111067614 0.743911499012721 0.750098648365166 0.756049949557663 0.76184666517788 0.767468270582784 0.772857119513121 0.777556215918653 0.78216405849937 0.786699661196937 0.790944418251645 0.79552320915436 0.801658534167359
-9999 -9999 -9999 -9999 -9999 -9999 -9999 -9999 -9999 -9999 -9999 -9999 -9999 -9999 -9999 -9999 -9999 -9999 -9999 -9999 -9999 -9999 -9999 -9999 0.650218794594445 0.633010116575293 0.615801438556142 0.614270845280535 0.61270439349796 0.575117522369743 0.533426165789324 0.486154209635375 0.444154077953414 0.408088746290352 0.436429676042871 0.4626780977184 0.485481478897071 0.559674807075235 0.654986674302556 0.655598457511568 0.663915509695993 0.687738868846917 0.706372598343384 0.722211731158481 0.732048189699491 0.740688092512198 0.746836469773369 0.752781451756902 0.758593119257932 0.763485115819685 0.768266820627154 0.772945389903556 0.777366457033576 0.781583675996101 0.786197692798363 0.791138386190086 0.797201863868439
-9999 -9999 -9999 -9999 -9999 -9999 -9999 -9999 -9999 -9999 -9999 -9999 -9999 -9999 -9999 -9999 -9999 -9999 -9999 -9999 -9999 -9999 -9999 -9999 0.662056843817944 0.636048742096491 0.610040640375037 0.613447319233242 0.616362473840034 0.548110236435615 0.495656529394556 0.464683047544905 0.401189192728142 0.335793770278151 0.418320894297883 0.477651223416944 0.498791067773299 0.565118717047814 0.649934884669071 0.645727560642286 0.653111542020526 0.683822202886043 0.703187493876954 0.716443344481644 0.726587485993924 0.735605097817672 0.742067524817658 0.74810836869611 0.753872887891259 0.758045420674406 0.762037164445502 0.765882434590497 0.770124151499205 0.774679710243515 0.781203025382592 0.787402107907947 0.791102011235434
-9999 -9999 -9999 -9999 -9999 -9999 -9999 -9999 -9999 -9999 -9999 -9999 -9999 -9999 -9999 -9999 -9999 -9999 -9999 -9999 -9999 -9999 -9999 -9999 0.660672586058181 0.64171756201506 0.62276253797194 0.624424606606255 0.625783008567118 0.577604877232396 0.541641357613515 0.522285244142385 0.43752011860663 0.341708685916856 0.429974750416734 0.495121066878761 0.522203746147029 0.54888923282621 0.575356367536196 0.598653360213316 0.622226771314 0.646356454874563 0.66854737991652 0.689694290552281 0.709132808948866 0.725907455105886 0.736173938553548 0.744135014496004 0.750585021882289 0.753832364151004 0.756942385821609 0.760474133297447 0.764954993643258 0.770187206636057 0.775885500751932 0.781282133314554 0.785153797036473
-9999 -9999 -9999 -9999 -9999 -9999 -9999 -9999 -9999 -9999 -9999 -9999 -9999 -9999 -9999 -9999 -9999 -9999 -9999 -9999 -9999 -9999 -9999 -9999 0.652820117005141 0.648673044928683 0.644525972852224 0.641174725810484 0.638022474406397 0.634739656851799 0.628597974988675 0.618569282895708 0.51264170798583 0.385883044863198 0.456188170958969 0.513812277992453 0.550558747949451 0.522057355749265 0.466766118217299 0.53337970120752 0.581518686331989 0.59247885440243 0.618519811414546 0.652681718385514 0.68581080830408 0.713952375892472 0.72973018977838 0.740503960177804 0.747997853701204 0.75021936613455 0.752402777172582 0.755875271070683 0.760799997479607 0.766874364543051 0.770410037821541 0.773996079955958 0.77927976273916
-9999 -9999 -9999 -9999 -9999 -9999 -9999 -9999 -9999 -9999 -9999 -9999 -9999 -9999 -9999 -9999 -9999 -9999 -9999 -9999 -9999 -9999 -9999 -9999 -9999 -9999 -9999 0.649606411961106 0.655138041947684 0.646260469824007 0.640196708154778 0.637958699945986 0.547727852799514 0.434485879022419 0.440838556762548 0.453482455026481 0.476484023933364 0.492607060866047 0.506043706718871 0.542088302531568 0.564610509583224 0.559919868943499 0.59342749430027 0.647504746874307 0.667268921022035 0.686866520971078 0.708878475496743 0.727108141499006 0.742858724195964 0.746601475121349 0.749330525928855 0.752062154355073 0.757133997969604 0.764058441977503 0.768188155440801 0.771826964264832 0.775067675140142
-9999 -9999 -9999 -9999 -9999 -9999 -9999 -9999 -9999 -9999 -9999 -9999 -9999 -9999 -9999 -9999 -9999 -9999 -9999 -9999 -9999 -9999 -9999 -9999 -9999 -9999 -9999 0.671832452980752 0.66830312758588 0.656622908716719 0.650794281234525 0.652921678637508 0.577349033015682 0.478778558682396 0.443739375172812 0.429730687320369 0.450345956242358 0.48705779763832 0.530342932508454 0.541025154972645 0.543750381508673 0.53046271845097 0.570607089263243 0.639524415849646 0.651737965668311 0.666212345172111 0.691006694622683 0.71317472311856 0.733621341840205 0.740869886155729 0.745955100286572 0.747723053098305 0.752467994887506 0.759569630615903 0.763998122670967 0.767556763802959 0.769073670892347
-9999 -9999 -9999 -9999 -9999 -9999 -9999 -9999 -9999 -9999 -9999 -9999 -9999 -9999 -9999 -9999 -9999 -9999 -9999 -9999 -9999 -9999 -9999 -9999 -9999 -9999 0.673853212210514 0.673546255957669 0.672458023836871 0.665463614710088 0.660932371684547 0.659750133998212 0.595619824820524 0.513261945312616 0.488718777875589 0.490212118686413 0.534571160374079 0.535381418752688 0.517398811335854 0.516200234248378 0.51342611783548 0.507481340346928 0.552307852966244 0.62447452052752 0.642871960586922 0.660398697535014 0.680187005438208 0.698263489527101 0.715217966711073 0.73037965637566 0.74186216839515 0.742181044598665 0.745538949667886 0.751302661733057 0.755299538385375 0.758434352105823 0.759028301840487
-9999 -9999 -9999 -9999 -9999 -9999 -9999 -9999 -9999 -9999 -9999 -9999 -9999 -9999 -9999 -9999 -9999 -9999 -9999 -9999 -9999 -9999 -9999 -9999 -9999 -9999 0.673853212210514 0.674495200598813 0.674753895081766 0.670309389777225 0.667261760356087 0.666113371424401 0.624890462008943 0.569280408679594 0.506760129216486 0.485259151825302 0.531291083073551 0.513621423917604 0.468729235468744 0.467287142959475 0.468668374441569 0.475731345083666 0.53283663680067 0.616889536288456 0.638912244034473 0.658252933674619 0.676015481902923 0.690563127593436 0.703003580466609 0.710375888353341 0.717471731111951 0.725047735306372 0.734927694988354 0.746631550551313 0.750210356560433 0.752425390671752 0.753746201026087
-9999 -9999 -9999 -9999 -9999 -9999 -9999 -9999 -9999 -9999 -9999 -9999 -9999 -9999 -9999 -9999 -9999 -9999 -9999 -9999 -9999 -9999 -9999 -9999 -9999 -9999 -9999 0.674986380630087 0.675937147405151 0.672764214897979 0.671311656470383 0.672198177804818 0.660744462017829 0.638187528075894 0.508679166142276 0.441143963183208 0.47563944996593 0.449916669363057 0.398678119954615 0.403957379346705 0.415272252011425 0.438733368037033 0.5126639954401 0.613772271037121 0.637888921254988 0.658302383368894 0.675822858527864 0.68717844308247 0.694493278952321 0.684678306302633 0.68093331922686 0.700977079531635 0.722112652890888 0.744112545610304 0.747281387459845 0.748279816584546 0.751314896920632
-9999 -9999 -9999 -9999 -9999 -9999 -9999 -9999 -9999 -9999 -9999 -9999 -9999 -9999 -9999 -9999 -9999 -9999 -9999 -9999 -9999 -9999 -9999 -9999 -9999 -9999 -9999 -9999 0.676003864690214 0.672902629388383 0.671540008503329 0.672541267570046 0.671513671539597 0.66274722192278 0.543505339492161 0.457735178139118 0.427071821811009 0.389504227996717 0.3500345121217 0.38948119161665 0.413686603329143 0.407220045309302 0.471608235101916 0.574151448717057 0.632178919377515 0.675792756350806 0.687101557783789 0.684340355723615 0.672357035744714 0.682521766102151 0.694965036930303 0.708697236851874 0.724122421174806 0.740887834201317 0.741168015940401 0.739714175629933 0.740732126865521
-9999 -9999 -9999 -9999 -9999 -9999 -9999 -9999 -9999 -9999 -9999 -9999 -9999 -9999 -9999 -9999 -9999 -9999 -9999 -9999 -9999 -9999 -9999 -9999 -9999 -9999 -9999 -9999 -9999 -9999 -9999 -9999 -9999 0.679395389989791 0.579010955234998 0.490334920032651 0.420935231266007 0.369539300573955 0.327305486459232 0.37672359123014 0.40494304452399 0.390501716198413 0.444971941116349 0.536550786653654 0.623169889047242 0.686648550370829 0.692777357261406 0.679068035637583 0.652355905554216 0.676909586491052 0.70101282842212 0.709983881611113 0.722171892551214 0.736906565535439 0.735338177346732 0.732118233413502 0.731605432075754
-9999 -9999 -9999 -9999 -9999 -9999 -9999 -9999 -9999 -9999 -9999 -9999 -9999 -9999 -9999 -9999 -9999 -9999 -9999 -9999 -9999 -9999 -9999 -9999 -9999 -9999 -9999 -9999 -9999 -9999 -9999 -9999 -9999 0.681195294913431 0.610884968211718 0.557874177355531 0.533344806580843 0.463162397378283 0.374097750153724 0.360577880897992 0.367263222637079 0.414610117530021 0.462548925381635 0.510806476207237 0.605641270540157 0.675840521068175 0.680707369037834 0.666834121778179 0.640677766835079 0.65757593748211 0.676002487226983 0.6877543513657 0.706545529300877 0.730909286874672 0.730845443452813 0.728004126050354 0.727962340818248
