layers/veg100/veg3000.asc
NCOLS 255 
NROWS 330 
XLLCORNER -2985163.8955 
YLLCORNER -3022031.214 
CELLSIZE 25000 
NODATA_value -9999 
[rows 125 to 149 of 330, columns 171 to 227 of 255]
0.251459450636629 0.36188151322954 0.425486455005937 0.433264507593453 0.392435222135321 0.339926845375246 0.312067903862608 0.29882208186453 0.306588094821434 0.313617074606118 0.320649939428975 0.333435552362894 0.348638894156584 0.368061602630138 0.390558537571425 0.414484499942759 0.431096784259616 0.441827489500999 0.439964977656939 0.378624983195174 0.283300872007903 0.314367225893404 0.318462825783341 0.234409050510395 0.21573602662821 0.242409637116527 0.383254941317341 0.503507053729244 0.514174071736347 0.540376963822596 0.57957384821957 0.580626040250649 0.583123488140194 0.619750507545163 0.651966248828531 0.679746463139167 0.704738190808174 0.729580955001044 0.757488757240613 0.777784037338493 0.788876438139172 0.791419497987576 -9999 -9999 -9999 -9999 -9999 -9999 -9999 -9999 -9999 -9999 -9999 -9999 -9999 -9999 -9999
0.24746317609246 0.348705526647897 0.411453740450538 0.428299774250647 0.391940273670193 0.343024172623833 0.323328400773919 0.316314616144025 0.327535940184988 0.33839157767412 0.348889920782682 0.354834451714437 0.367311364639637 0.391188445458718 0.395763455223834 0.391366185326952 0.433253493708209 0.460092811283427 0.454712445591882 0.397474953124598 0.310607446543848 0.334607832117502 0.342136905919845 0.291535985443761 0.276763254979175 0.286840159889654 0.375165818425009 0.461574839529893 0.51452701269365 0.548767879042193 0.567358864628194 0.544609977136344 0.533677320565175 0.606237250488342 0.65934803904472 0.692902774060413 0.71205132513012 0.731141098946908 0.770632634626593 0.792023474258454 0.791532141619015 -9999 -9999 -9999 -9999 -9999 -9999 -9999 -9999 -9999 -9999 -9999 -9999 -9999 -9999 -9999 -9999
0.265443236676856 0.360786282655621 0.419008799736093 0.432967090027406 0.395181068383083 0.345836782311719 0.331347138032677 0.327553815284676 0.339140462734806 0.351442948539528 0.363719377392998 0.369948942711703 0.379448179720747 0.394653575105885 0.404881211494114 0.412800354173626 0.448859135013866 0.472799742566346 0.470793782890285 0.419123492781356 0.339076103840368 0.3518791535842 0.358453271414789 0.336548529604103 0.336517573028412 0.351657787175767 0.418331422439264 0.484741018839898 0.532525016283037 0.536058694248313 0.502582011025464 0.497622281692326 0.513965518843184 0.606347827212666 0.671538845655973 0.709389103311527 0.717906202040916 -9999 0.79871237043982 0.79871237043982 -9999 -9999 -9999 -9999 -9999 -9999 -9999 -9999 -9999 -9999 -9999 -9999 -9999 -9999 -9999 -9999 -9999
0.294340446966593 0.385413791263552 0.437287983742533 0.442419303813426 0.40027766240448 0.348507953301308 0.337755471407955 0.335686554887417 0.346103517391723 0.358670637315884 0.371886908555132 0.38194153797832 0.388338287467439 0.388351386180179 0.41594274249818 0.45636679070093 0.471145781209626 0.482745440875301 0.487537744390726 0.442162273554088 0.368122047176302 0.367675428095859 0.371114556489766 0.375543026765962 0.395639549413577 0.426603084554488 0.486958757150292 0.540246025500373 0.559288530099112 0.512867645699755 0.411694079285746 0.44518422557831 0.509024811642267 0.613226294582964 0.686118619836804 0.727529680571511 0.727574760588032 -9999 -9999 -9999 -9999 -9999 -9999 -9999 -9999 -9999 -9999 -9999 -9999 -9999 -9999 -9999 -9999 -9999 -9999 -9999 -9999
0.312180881786861 0.387421481386482 0.424274535026484 0.415352512430601 0.394577822630375 0.371246073049777 0.356789647714729 0.351389048911278 0.359009594037655 0.373341219635536 0.390307943059367 0.409964967081585 0.425162249043557 0.432576488265341 0.451916895934665 0.476802863082042 0.478725546724184 0.477973050676363 0.471492650923437 0.434616018930278 0.380371652813145 0.413796457858409 0.444239900755608 0.455538215820763 0.475681236690873 0.501958748702798 0.548579352787465 0.587813513522036 0.594829189466217 0.5748309811557 0.532238730018878 0.558722948288785 0.601327676127798 0.66714058831748 0.718736154264002 0.756036221036844 0.760910207288173 -9999 -9999 -9999 -9999 -9999 -9999 -9999 -9999 -9999 -9999 -9999 -9999 -9999 -9999 -9999 -9999 -9999 -9999 -9999 -9999
0.339751663360568 0.390693478754974 0.410296545911758 0.39252984759243 0.388161268540241 0.386367043281646 0.371426504976595 0.364678724018649 0.369711101638895 0.385075213793967 0.404580365381551 0.429965650550596 0.450044227971989 0.460861656956608 0.475490355230848 0.491886492530849 0.486490109147756 0.478563185080827 0.465218048019367 0.431457591390149 0.386032273158792 0.447178817433749 0.499844923689597 0.516269077968972 0.533597518044628 0.551553150627224 0.587886802034914 0.617254516679136 0.616515465555348 0.615446389602394 0.614101285402128 0.639722098835635 0.671395119859675 0.711035216330514 0.747769255942325 0.781581264064125 0.792499095353559 -9999 -9999 -9999 -9999 -9999 -9999 -9999 -9999 -9999 -9999 -9999 -9999 -9999 -9999 -9999 -9999 -9999 -9999 -9999 -9999
0.389938615023955 0.397585547645301 0.395118610172324 0.380591428601052 0.380452376205501 0.383416431122806 0.375597283445026 0.372204987556586 0.375177949892108 0.389851630897651 0.409032001922484 0.431096694016915 0.446707467149556 0.451055004327571 0.469892854825656 0.495469230059382 0.495150551507359 0.49189484173191 0.482350570447944 0.439321265917835 0.377159354755588 0.450442911183138 0.513422951622797 0.531609245134609 0.540223701970126 0.542199345870933 0.576373033113408 0.605482226917905 0.606224193160248 0.60448397043508 0.600667678851909 0.640939858876306 0.687465480043474 0.730494360029938 0.768021850563251 0.800017710436629 0.801812694462561 -9999 -9999 -9999 -9999 -9999 -9999 -9999 -9999 -9999 -9999 -9999 -9999 -9999 -9999 -9999 -9999 -9999 -9999 -9999 -9999
0.395711487383762 0.382535782328975 0.377617228223874 0.382544880870585 0.386584853930718 0.38962516609064 0.385369863028158 0.383427740779637 0.384811682718547 0.398075080497284 0.415563447107037 0.428750643477221 0.439116667939923 0.444559245881115 0.472020257080559 0.50972061947032 0.507999438192553 0.505771500594239 0.502458532552197 0.467245739158479 0.41380609182673 0.470741389058725 0.517997000597188 0.525322880081073 0.530416112468087 0.533960830507583 0.553540737749061 0.567623804485695 0.557422273976467 0.558432931195363 0.568821308675342 0.636455127672223 0.706904943671148 0.748751885678295 0.782477593260734 0.808037423891031 0.812723645702098 -9999 -9999 -9999 -9999 -9999 -9999 -9999 -9999 -9999 -9999 -9999 -9999 -9999 -9999 -9999 -9999 -9999 -9999 -9999 -9999
0.374514719332705 0.354162237981605 0.358704975899326 0.392933918846621 0.401122251428316 0.401395747713365 0.398544034270637 0.396895120012126 0.396975680279404 0.408391677773465 0.423357818195299 0.424293190956726 0.428942681430319 0.440073967600921 0.478838465724302 0.530450353348795 0.52339168137896 0.519979102119141 0.524373276185541 0.507351766900008 0.478093810294294 0.50138368632014 0.517103547405742 0.505904197383432 0.510629413483559 0.526399554306977 0.523835473431383 0.513925053291121 0.48523546621307 0.49107496674849 0.52579412327623 0.628507662561943 0.728390233978402 0.76627975065921 0.793413303249183 0.809731766078882 -9999 -9999 -9999 -9999 -9999 -9999 -9999 -9999 -9999 -9999 -9999 -9999 -9999 -9999 -9999 -9999 -9999 -9999 -9999 -9999 -9999
0.34839041085592 0.357479879913767 0.379191277018453 0.415953641934307 0.430273799613688 0.436531577230759 0.42786971819506 0.426392695395962 0.4352465669026 0.447594533765522 0.460987177862172 0.469031244988881 0.478356658708729 0.489918250029136 0.513375112107595 0.542361008500429 0.541898933475258 0.541662703029215 0.541910034867388 0.50522519010298 0.447438117312944 0.478136243654574 0.501977394954412 0.49621930410112 0.501447068761011 0.514294378357391 0.530682660845333 0.541650346125389 0.532890940142961 0.554148604640197 0.600512135792646 0.673363116122201 0.744375089379127 0.787897319430238 0.808982441022025 0.807507117088031 -9999 -9999 -9999 -9999 -9999 -9999 -9999 -9999 -9999 -9999 -9999 -9999 -9999 -9999 -9999 -9999 -9999 -9999 -9999 -9999 -9999
0.335017463401332 0.363923752204146 0.396844164610239 0.43455120271399 0.455197167870673 0.468328282044741 0.45646855498793 0.455584939579788 0.470483597503462 0.484533177799441 0.498035686530101 0.506791135004558 0.515715404669299 0.524934297323821 0.537245985042774 0.550995007273237 0.556402529043937 0.559078313816151 0.555905098413274 0.505465105933379 0.428017923526691 0.466420144130246 0.498516884751541 0.498996547759964 0.50383571619858 0.511698540599755 0.549859081724881 0.583715436132856 0.592454299158416 0.622035289759169 0.669048350423794 0.710940961752932 0.753652026549911 0.803777690171904 0.829338487752742 0.830199385915866 -9999 -9999 -9999 -9999 -9999 -9999 -9999 -9999 -9999 -9999 -9999 -9999 -9999 -9999 -9999 -9999 -9999 -9999 -9999 -9999 -9999
0.359170631802935 0.373559073052754 0.399162740200744 0.438139958787306 0.465306650268589 0.486266450042508 0.480029710351328 0.480972393475256 0.492238187083076 0.509692426117709 0.527966693747699 0.515522283990973 0.507564293399265 0.507435901838177 0.525418680426921 0.551828089935127 0.558837364031163 0.562869412695742 0.560526838884024 0.520215797001312 0.458210413091602 0.497668389372595 0.53116345294772 0.535791393659628 0.537523300969233 0.537246583950951 0.597773163516348 0.652097782539408 0.664332894284193 0.679924432341849 0.69832323940019 0.717971101155325 0.744666202432969 0.802431973870827 0.831086661766166 0.830470242127834 -9999 -9999 -9999 -9999 -9999 -9999 -9999 -9999 -9999 -9999 -9999 -9999 -9999 -9999 -9999 -9999 -9999 -9999 -9999 -9999 -9999
0.37513779122636 0.401861521402634 0.423498561509838 0.439069998310568 0.46847280842802 0.499160847312929 0.502759631596685 0.508711590797444 0.518047120694865 0.52821656186375 0.537116861638373 0.513425887988286 0.50063850769925 0.506879836246796 0.531748256972963 0.565275175682021 0.554051681687496 0.546226497368004 0.545677531035571 0.524706371578435 0.492066423120904 0.518999660279828 0.542077916402417 0.547261979667554 0.551497740246782 0.555075779183848 0.608365463459863 0.658363918542956 0.680026661799871 0.696394555118755 0.708333908464237 0.731521949664183 0.760193160161249 0.805610701160495 0.827828114951947 0.826717870145523 -9999 -9999 -9999 -9999 -9999 -9999 -9999 -9999 -9999 -9999 -9999 -9999 -9999 -9999 -9999 -9999 -9999 -9999 -9999 -9999 -9999
0.385085786729977 0.443889889262456 0.464023640782875 0.438045086309377 0.466533547469146 0.50834656519358 0.52487834725632 0.538180022624564 0.546837209272646 0.541861906210334 0.530986899903805 0.503368009373957 0.494613702621263 0.518781448272052 0.551428569424287 0.587997324827454 0.543956760431884 0.514558472566102 0.516511181532726 0.521652693130776 0.528616215951755 0.533038990233817 0.537012785758192 0.540111663616547 0.550977124068817 0.567229313393162 0.591515095881144 0.618956069398223 0.654407783789152 0.68240931554835 0.704179616587149 0.74986746882266 0.793744340981665 0.812116247134484 0.822865072536614 0.825948913017611 -9999 -9999 -9999 -9999 -9999 -9999 -9999 -9999 -9999 -9999 -9999 -9999 -9999 -9999 -9999 -9999 -9999 -9999 -9999 -9999 -9999
0.409716506897629 0.473830265818112 0.503725312568158 0.492816392324758 0.499504841039188 0.511752905941183 0.528191581570845 0.542809439145906 0.554809188492386 0.552565821604326 0.54419878500348 0.519168820341716 0.505679788960751 0.512331737881492 0.546501822077951 0.593455106614183 0.549573728915221 0.521909136580906 0.528966766953182 0.554661282681342 0.591004502077832 0.595463734179115 0.595593487548152 0.588228332273468 0.59776971893811 0.619037106902586 0.658749633124562 0.693848641665568 0.706850398322791 0.720851553138085 0.735688590885692 0.771448263602427 0.806361924230546 0.822313543945693 0.830139273883867 0.829794445927103 -9999 -9999 -9999 -9999 -9999 -9999 -9999 -9999 -9999 -9999 -9999 -9999 -9999 -9999 -9999 -9999 -9999 -9999 -9999 -9999 -9999
0.432402888591731 0.498875081020655 0.537815334904343 0.543925238362515 0.533060763088978 0.519981649940598 0.533869530956643 0.548160080604179 0.563029617292642 0.563678163156444 0.558131145068886 0.534268261840608 0.515806579108211 0.506770951456998 0.539061299244565 0.590565431676906 0.555169533736331 0.536230595379657 0.552528123615883 0.595223482596038 0.653001977610514 0.656824677565834 0.65434171777021 0.641901880584541 0.653314379026687 0.6812703267194 0.728097966225375 0.762862093163261 0.7499434207324 0.751309545284013 0.764623278396619 0.792228635945298 0.819544065802582 0.835213567212475 0.846746791376732 0.854121001127485 -9999 -9999 -9999 -9999 -9999 -9999 -9999 -9999 -9999 -9999 -9999 -9999 -9999 -9999 -9999 -9999 -9999 -9999 -9999 -9999 -9999
0.441438048496164 0.511058836369899 0.551448418385933 0.556981365439922 0.553477780620021 0.548634623055724 0.556565973462483 0.56707783973957 0.581300164520194 0.57759544825111 0.566255203288676 0.535427133411216 0.514954689671378 0.512554654546593 0.533085041993183 0.564278683317773 0.553797400892937 0.559303073598879 0.599038872927901 0.647995165744873 0.702219844397463 0.693022884399426 0.685803710537259 0.691956501757466 0.720581159692255 0.764791804356355 0.768418064861798 0.759946294621074 0.724122724519263 0.729159082557638 0.768370124901865 0.808620997093292 0.843999659839377 0.856521337053883 0.860627409851191 0.856271617548329 -9999 -9999 -9999 -9999 -9999 -9999 -9999 -9999 -9999 -9999 -9999 -9999 -9999 -9999 -9999 -9999 -9999 -9999 -9999 -9999 -9999
0.450316597523742 0.522132636307898 0.564016612348732 0.570208219426614 0.569616663819684 0.567610086625273 0.571159094798106 0.576963640598097 0.586011366905124 0.584647513819727 0.578490053981612 0.553609346886946 0.534533475651745 0.525588074964767 0.531011400593091 0.543129140461678 0.567268758031564 0.593452128605236 0.62401143715669 0.671868346454325 0.729608721846309 0.702278270768064 0.684841824785973 0.704679619294041 0.737354886062865 0.778933937943775 0.768849249037381 0.750207599253859 0.720116078018157 0.733748249167328 0.783950317816384 0.825878755075453 0.860541006766949 0.868216849075339 0.872065289866593 -9999 -9999 -9999 -9999 -9999 -9999 -9999 -9999 -9999 -9999 -9999 -9999 -9999 -9999 -9999 -9999 -9999 -9999 -9999 -9999 -9999 -9999
0.459056460970996 0.532223523606413 0.575641801433074 0.58358625933964 0.581967077441992 0.578015704636429 0.578576381213413 0.578851258953362 0.578715193773963 0.585620136037177 0.594365185931989 0.586866452340572 0.572204492092284 0.545041427861987 0.532393691213711 0.526528811177056 0.593884655725218 0.637409962609369 0.629911024097048 0.670150676376387 0.737667102493023 0.687674645765565 0.655167218060594 0.684344105462758 0.709414869187707 0.731637716895939 0.733957105985904 0.734426939084029 0.735426698646039 0.762016492777105 0.810009441357511 0.843902858694433 0.8700739518823 0.871400298711684 -9999 -9999 -9999 -9999 -9999 -9999 -9999 -9999 -9999 -9999 -9999 -9999 -9999 -9999 -9999 -9999 -9999 -9999 -9999 -9999 -9999 -9999 -9999
0.485906524542656 0.543526471394372 0.578955080522589 0.587921717397148 0.579583455276456 0.566583951797869 0.557402306257097 0.560135424230516 0.580000479312803 0.589659079226622 0.594300160270051 0.574021587170769 0.562740528690413 0.567161732782319 0.566419004246882 0.563290565150779 0.61702067114639 0.654207395909437 0.655972614217241 0.677827704628579 0.711161703166465 0.679229953614909 0.663421997255201 0.698998871318694 0.726620711958397 0.748725118423663 0.769109796143378 0.78413815397251 0.781468227916757 0.799848929644108 0.835836088153748 0.861712900415846 0.881586946925959 0.881534402833251 -9999 -9999 -9999 -9999 -9999 -9999 -9999 -9999 -9999 -9999 -9999 -9999 -9999 -9999 -9999 -9999 -9999 -9999 -9999 -9999 -9999 -9999 -9999
0.513880672916323 0.549861060678107 0.574420838671871 0.585362156049754 0.57159123011152 0.551467753302368 0.539790069003593 0.547798593368833 0.584113419268488 0.593532347387786 0.591433663600653 0.558817889640078 0.547630711824835 0.573840243821129 0.588408980265474 0.597565182101948 0.630133122796145 0.657587547195151 0.674093275682917 0.682077408421514 0.685192490018711 0.677557245040446 0.682699341964494 0.723335309053495 0.754671260662093 0.779556928469129 0.811616032115758 0.835015012030337 0.826375853160607 0.835591371867065 0.859740298372372 0.878875571287154 0.894918152538965 0.900553155968558 -9999 -9999 -9999 -9999 -9999 -9999 -9999 -9999 -9999 -9999 -9999 -9999 -9999 -9999 -9999 -9999 -9999 -9999 -9999 -9999 -9999 -9999 -9999
0.531272195931293 0.530222011213306 0.538016650622514 0.556358265322646 0.5486942734527 0.537445145290849 0.565617659308834 0.585862532083391 0.594708450019917 0.593830480365342 0.588804302592804 0.573071816766657 0.546437333712579 0.500776927357969 0.520884601719683 0.571606958912454 0.596148956229937 0.618071166521541 0.634384075924529 0.660747418681075 0.692853356537426 0.704294190213163 0.723235909202449 0.764845202476656 0.796629329103326 0.821598938764105 0.828249717287673 0.83309777250608 0.838090665048471 0.852301600053334 0.874222379529585 0.892986944978745 0.907459617838303 0.904741276498291 -9999 -9999 -9999 -9999 -9999 -9999 -9999 -9999 -9999 -9999 -9999 -9999 -9999 -9999 -9999 -9999 -9999 -9999 -9999 -9999 -9999 -9999 -9999
0.539474974324239 0.523348886047634 0.520397674085967 0.533156790894705 0.53497977338547 0.537958676536549 0.583751735766312 0.607864174241101 0.60080259647855 0.597429371390987 0.59546120330625 0.594081316550396 0.55873916480127 0.464126822887467 0.482123258460614 0.552537692203547 0.575780189834554 0.601528175999685 0.632640735285473 0.676286953736705 0.727094627537584 0.733094398430279 0.746594878287438 0.785842163696981 0.815945725352481 0.839707403670158 0.842162004523546 0.844470018174674 0.853605685827932 0.868371667893032 0.887846767823127 0.903175389586192 0.915194321452986 -9999 -9999 -9999 -9999 -9999 -9999 -9999 -9999 -9999 -9999 -9999 -9999 -9999 -9999 -9999 -9999 -9999 -9999 -9999 -9999 -9999 -9999 -9999 -9999
0.537898462512124 0.530062130249305 0.522771203871438 0.516130644568073 0.531037871371439 0.55394256092677 0.593697848828485 0.612771222321977 0.602106594174843 0.604541154784059 0.61200117858845 0.622280558593093 0.585403520106572 0.466230147968276 0.473973503706578 0.540800123937127 0.569901863102649 0.609435037827584 0.671303257414928 0.731065557624354 0.789624582126674 0.764090472231925 0.751672273090654 0.785007860123259 0.811165306182096 0.832344153383114 0.853177994030538 0.869985842506369 0.873165148706882 0.883760433328058 0.900558340735933 0.909188784875613 -9999 -9999 -9999 -9999 -9999 -9999 -9999 -9999 -9999 -9999 -9999 -9999 -9999 -9999 -9999 -9999 -9999 -9999 -9999 -9999 -9999 -9999 -9999 -9999 -9999
0.510815124772139 0.517907802290777 0.518027304656473 0.509831672093568 0.5189146189563 0.536340032354009 0.586283209136925 0.613194390803858 0.606988449218714 0.608729384230828 0.612186924944516 0.589881662621367 0.549431927519273 0.477316861725632 0.500189915940437 0.567278182145549 0.592794920442027 0.620229944029538 0.651772263088523 0.720172587028813 0.809632758915368 0.778032635282154 0.753776000234536 0.764573208816071 0.781466651219764 0.802588305754551 0.841660667089185 0.875102182469439 0.883142715591118 0.892794385906351 0.903793589305201 -9999 -9999 -9999 -9999 -9999 -9999 -9999 -9999 -9999 -9999 -9999 -9999 -9999 -9999 -9999 -9999 -9999 -9999 -9999 -9999 -9999 -9999 -9999 -9999 -9999 -9999
