layers/veg100/veg3900.asc
NCOLS 255 
NROWS 330 
XLLCORNER -2985163.8955 
YLLCORNER -3022031.214 
CELLSIZE 25000 
NODATA_value -9999 
[rows 150 to 174 of 330, columns 57 to 113 of 255]
-9999 -9999 -9999 -9999 -9999 -9999 -9999 -9999 -9999 -9999 -9999 -9999 -9999 -9999 -9999 -9999 -9999 -9999 -9999 -9999 0.500358234994539 0.511685032231141 0.460764356044276 0.375820017190833 0.204520730672844 0.0733869908558242 0.0522371018452505 0.0680622676746421 0.108469061151408 0.109432361010893 0.1054227665327 0.096634389067132 0.0866643627270218 0.075745923213157 0.0366584192085064 0.00151266025719761 0.000498248344366684 0 0 0.0634625723882486 0.130414736196489 0.139530829542065 0.136078255977482 0.118043047605409 0.164768263131111 0.23113028065447 0.31088410267419 0.357123814249247 0.356506893129525 0.381223826156352 0.413477570378013 0.417238551983342 0.419317413690947 0.418545304227493 0.422043921448579 0.427336927615802 0.414193380474005
-9999 -9999 -9999 -9999 -9999 -9999 -9999 -9999 -9999 -9999 -9999 -9999 -9999 -9999 -9999 -9999 -9999 -9999 -9999 -9999 0.495193052958975 0.490799076457665 0.461579322511688 0.4187901201888 0.255969027713133 0.117477675987634 0.0519134225687259 0.0508698914806886 0.0927208031119844 0.0938663829292778 0.0873380748613831 0.0676820445280434 0.0645262256683857 0.0746137807656808 0.0447475611405743 0.0140671433312005 0.00463351293946495 0 0 0.0463505152172124 0.096488663170724 0.111698138541445 0.136611417940107 0.172783411679312 0.209407708123543 0.247807255032358 0.301214294268159 0.334617578065388 0.340053280188353 0.375728346931874 0.420049207629033 0.424105154355128 0.427334548700404 0.429163045872851 0.425095376694047 0.418368836718716 0.411817091316159
-9999 -9999 -9999 -9999 -9999 -9999 -9999 -9999 -9999 -9999 -9999 -9999 -9999 -9999 -9999 -9999 -9999 -9999 -9999 -9999 -9999 0.474399439662115 0.465057662325967 0.450609790504197 0.290767789828873 0.146001690435828 0.0530372682641891 0.0383249022145935 0.0756357965647192 0.0813302332212361 0.0784622925172824 0.0570081790379518 0.0570330631374791 0.07429738672001 0.0482621002983872 0.0195814186015934 0.00644983521724161 0.000166501222489708 0.000493724672406966 0.0329952134874521 0.0685356498722038 0.0822487101468099 0.114519111064119 0.168320428786299 0.215113990987925 0.259557911458606 0.300506624684139 0.327762826226908 0.335875300483597 0.375623548416 0.424360231434112 0.42996211934211 0.43299194200279 0.431662453605976 0.4234828643529 0.41227943736936 0.410359321772738
-9999 -9999 -9999 -9999 -9999 -9999 -9999 -9999 -9999 -9999 -9999 -9999 -9999 -9999 -9999 -9999 -9999 -9999 -9999 -9999 -9999 -9999 0.471946249644093 0.468152177738988 0.30424808565318 0.154593764097546 0.0560145598643678 0.0317305393181696 0.0568391849706056 0.072673548876255 0.0813778198982136 0.0697385192046864 0.0682916793933733 0.0750254966130368 0.0459192076731749 0.0160812419112513 0.00529692779295012 0.000546194628137345 0.00161962632955578 0.0244501520798947 0.0482306863858262 0.0507291721789867 0.0634566079063968 0.0880520517862636 0.170969313557802 0.265000791501381 0.311274293915405 0.340948612634086 0.347415337801087 0.38242110756327 0.425776711231585 0.434526320257781 0.435627865079933 0.423766950692359 0.415898495366497 0.409875984144135 0.410077646908651
-9999 -9999 -9999 -9999 -9999 -9999 -9999 -9999 -9999 -9999 -9999 -9999 -9999 -9999 -9999 -9999 -9999 -9999 -9999 -9999 -9999 -9999 0.484016803026718 0.483294246919737 0.329511523537365 0.185678841693457 0.0813518161604156 0.0428575980847907 0.0481301186091135 0.0706124614370441 0.0867115385052053 0.0773175203548674 0.0731184706329883 0.0730889983557606 0.0428149121674332 0.013907879483096 0.0094960379250924 0.00546326347694184 0.00179639931659037 0.0308287060090446 0.060474825177887 0.0533316263503491 0.0800473770788817 0.14604754037645 0.229205149606136 0.31070198713675 0.333260567771833 0.346584521296779 0.346997389764361 0.37739026021849 0.416718707920034 0.422624143810089 0.423474101904993 0.415755692507549 0.413196241206454 0.412972075389043 0.41382844148752
-9999 -9999 -9999 -9999 -9999 -9999 -9999 -9999 -9999 -9999 -9999 -9999 -9999 -9999 -9999 -9999 -9999 -9999 -9999 -9999 -9999 -9999 0.492976142739197 0.495987991382335 0.360941459408578 0.22954321324385 0.120259448886968 0.063700834605642 0.0421947716300248 0.069089364972556 0.0903771737782189 0.0797748546633741 0.0731910288010896 0.0698325197156254 0.0403627982522448 0.0137916965373516 0.0156558580537093 0.0115582746342086 0.0017058690511333 0.0416474733223615 0.0826084407132401 0.0680465939364875 0.117666872039509 0.241753638512439 0.314766193688571 0.366886909437996 0.359236618736949 0.351424070480936 0.343384667250879 0.368865584079778 0.404558458544026 0.406829711969749 0.408391612270903 0.408751252667169 0.412515963345815 0.417786765512888 0.418859683172713
-9999 -9999 -9999 -9999 -9999 -9999 -9999 -9999 -9999 -9999 -9999 -9999 -9999 -9999 -9999 -9999 -9999 -9999 -9999 -9999 -9999 -9999 0.490435206988759 0.489517277313631 0.421841476113415 0.342172787596681 0.238281187361977 0.134351208177866 0.0303957140337927 0.0479021872147254 0.0636838731053817 0.0392434795767106 0.0399487029227804 0.0608362620032509 0.0490452678970226 0.0339068934890784 0.0247744561392084 0.0141510886030865 0.00208853871808897 0.0479705238354353 0.0974828375374882 0.0968093155888827 0.146073873424267 0.253278448739842 0.330566519539443 0.392399292674436 0.389923531914778 0.376532360105054 0.347880171383365 0.364220278040871 0.395730105733783 0.408492632812624 0.416028005138394 0.414704040191108 0.4174314402545 0.421966381537014 0.423677279342737
-9999 -9999 -9999 -9999 -9999 -9999 -9999 -9999 -9999 -9999 -9999 -9999 -9999 -9999 -9999 -9999 -9999 -9999 -9999 -9999 -9999 -9999 0.490355782797094 0.488407757044341 0.461242314761325 0.413409254267141 0.315468255623118 0.180594994910756 0.0211685558929543 0.0318136993201221 0.0458522448944603 0.0223003109689296 0.0241720006082647 0.0464491592773361 0.046701857702253 0.0412427747956884 0.0251757294042081 0.0120553035920271 0.00177922483679271 0.0502645441850302 0.104497799786766 0.120033867874722 0.168415424802439 0.254905539483139 0.329756752265128 0.39538903891266 0.406812660065281 0.398628702365883 0.363031064037248 0.370720924625081 0.393762126246066 0.412268891361936 0.422563203574858 0.418938492238008 0.420481566873937 0.424339826719494 0.425925090701758
-9999 -9999 -9999 -9999 -9999 -9999 -9999 -9999 -9999 -9999 -9999 -9999 -9999 -9999 -9999 -9999 -9999 -9999 -9999 -9999 -9999 -9999 0.493164866787074 0.495561333946474 0.467380846769624 0.420604656816373 0.329478242482146 0.189078297343897 0.015920494446186 0.0236136146585109 0.0417308927688633 0.0418514750701234 0.0354171186206747 0.0237216474710283 0.0272998327444724 0.0288072250965787 0.0120900530524016 0.00270558465996477 0.000399313330295419 0.0463250780076979 0.0993530914591334 0.134690079212608 0.181372856588129 0.241219441059787 0.303248792744604 0.363533040993427 0.402354639254505 0.416065130814436 0.394667368339166 0.394465955760136 0.40240812653524 0.419314785924233 0.427394696560923 0.420514433275993 0.420645729520844 0.423918867008016 0.424197077024351
-9999 -9999 -9999 -9999 -9999 -9999 -9999 -9999 -9999 -9999 -9999 -9999 -9999 -9999 -9999 -9999 -9999 -9999 -9999 -9999 -9999 -9999 0.500567340080164 0.500292288985041 0.475237429063664 0.433005333359343 0.349483407284329 0.203233736850324 0.0152816250902344 0.0131941857828698 0.0248702766934593 0.0278863292465909 0.0261957393668399 0.0207275114901609 0.0181581372514302 0.0145581525327483 0.00479524424732203 0 0 0.0433996478805771 0.0927222981573948 0.123366196347567 0.165697777216046 0.221589842220343 0.272680054205399 0.322102343161606 0.368602483672869 0.395155483201665 0.393820054664629 0.402954132715054 0.415458783501684 0.42075644547524 0.422381758297477 0.417782924092724 0.417459749932124 0.419059311261405 0.419784428055501
-9999 -9999 -9999 -9999 -9999 -9999 -9999 -9999 -9999 -9999 -9999 -9999 -9999 -9999 -9999 -9999 -9999 -9999 -9999 -9999 -9999 -9999 0.470471663231905 0.500852279857457 0.482527748896093 0.446528867213349 0.370206169976022 0.219045367393892 0.0181309553206279 0.00297279415062027 0.00339492971204541 0.00104590611605737 0.00898735904646607 0.0251881381710685 0.0131096204111288 0 0 8.080950784015e-05 0.00023962375284189 0.0408978290012317 0.0851645302142033 0.100676540855235 0.137471070367307 0.198958369820566 0.241111062533601 0.278756314504603 0.324742051856047 0.360095577166731 0.380584030789194 0.405353669037532 0.429751920654476 0.419970095727365 0.413747009243183 0.413555514632953 0.413148552695443 0.412660876714242 0.414470327503834
-9999 -9999 -9999 -9999 -9999 -9999 -9999 -9999 -9999 -9999 -9999 -9999 -9999 -9999 -9999 -9999 -9999 -9999 -9999 -9999 -9999 -9999 0.446289955432114 0.439271456006061 0.44690164781827 0.426258248240151 0.332490373268948 0.212698889601655 0.0756064807085039 0.0301047131629468 0.00134153013624612 0.000413297091069885 0.00355141756346829 0.00995326834382709 0.0051803578712917 0 0 0.00290126580245084 0.00860309904312635 0.038758141565922 0.0666962500574765 0.0513288547068289 0.0790010228110294 0.156609293178282 0.231692391966898 0.302660065853916 0.342608170358279 0.374696150241716 0.395794759755142 0.411962691605355 0.42535941420163 0.421018340635784 0.418231850599794 0.418080174427317 0.416940306204383 0.415367975496118 0.41565770026834
-9999 -9999 -9999 -9999 -9999 -9999 -9999 -9999 -9999 -9999 -9999 -9999 -9999 -9999 -9999 -9999 -9999 -9999 -9999 -9999 -9999 -9999 0.383849635596861 0.390204744959336 0.417624601482739 0.408056909292854 0.302650649774715 0.20563730408457 0.114203706240349 0.0484520151054263 0 0 0 0 0 0 0 0.00410960365294394 0.0121861730918981 0.0329504318102945 0.0484145878753597 0.0169169820325063 0.0398377434915308 0.125896718641447 0.226674520890532 0.324740138108891 0.360522914182922 0.388028362773068 0.403961142763009 0.414355546634604 0.422292601561277 0.422005188004534 0.421727960537928 0.421467997149445 0.419552420996252 0.416906569288918 0.416582540398415
-9999 -9999 -9999 -9999 -9999 -9999 -9999 -9999 -9999 -9999 -9999 -9999 -9999 -9999 -9999 -9999 -9999 -9999 -9999 -9999 -9999 -9999 0.375536763169588 0.369035291714705 0.4003124574175 0.393755163951962 0.287653520980067 0.197228085827207 0.117224452756811 0.0502445559080274 0 0 0 0 0 0 0 0.00227987671821542 0.00676049922635708 0.0202302712459648 0.0304846104587268 0.0106519053456758 0.0370583991804184 0.117113331379108 0.229950031734828 0.343383455914295 0.378529293259446 0.398970328163067 0.398852335310611 0.408802961814645 0.421724081588203 0.422876330659494 0.423360789204467 0.422713430961935 0.419941486446625 0.416243095441078 0.417012633287959
-9999 -9999 -9999 -9999 -9999 -9999 -9999 -9999 -9999 -9999 -9999 -9999 -9999 -9999 -9999 -9999 -9999 -9999 -9999 -9999 -9999 -9999 0.365938486233774 0.365344284302976 0.387914447619479 0.379726939475922 0.291317263846871 0.218293568759151 0.155498727862284 0.0716947533049911 0.00542172973616322 0.00167032038116828 0 0 0 0 0 0.0010078362856589 0.00298852844763679 0.00965589181997715 0.014801288431976 0.00517185297758398 0.0414904666722271 0.131119715905751 0.251785163158055 0.370527654120706 0.392500308455366 0.404731566041017 0.40334321554678 0.412174673850642 0.424090574593837 0.425298732582028 0.425462522163913 0.423856245163519 0.421325594142332 0.418404385665435 0.419171162563692
-9999 -9999 -9999 -9999 -9999 -9999 -9999 -9999 -9999 -9999 -9999 -9999 -9999 -9999 -9999 -9999 -9999 -9999 -9999 -9999 -9999 -9999 0.368117977291074 0.37089454799802 0.377995250517466 0.365836685790983 0.304394018869566 0.254226830947052 0.211555767844271 0.103060766202754 0.0135783160662915 0.00418319229676715 0 0 0 0 0 1.71069257767136e-05 5.07270228933021e-05 0.000163898271001755 0.000251235787209232 8.77865842642901e-05 0.0495601513232735 0.156621833470566 0.282982233149192 0.401959909819937 0.404435784800223 0.407879514897317 0.412676419257682 0.420048025269403 0.427937561830796 0.428503628624211 0.42780078222076 0.42494729545705 0.423211626127584 0.421990557804824 0.422201558545818
-9999 -9999 -9999 -9999 -9999 -9999 -9999 -9999 -9999 -9999 -9999 -9999 -9999 -9999 -9999 -9999 -9999 -9999 -9999 -9999 -9999 -9999 0.369391337292454 0.369231408838738 0.370384074019931 0.355962856516577 0.30189173073413 0.241820600587863 0.177760568361736 0.131057641212574 0.0829897009011887 0.0255673734376165 0 0 0 0 0 0 0 0 0 0 0.0495343038902919 0.156540149451531 0.286894738636144 0.41054828122832 0.413563042147306 0.416769054098625 0.42024245728473 0.425761072789579 0.431478596741421 0.427585288497342 0.424103390039633 0.421318776859879 0.421002949273325 0.421794066031799 0.421627454534704
-9999 -9999 -9999 -9999 -9999 -9999 -9999 -9999 -9999 -9999 -9999 -9999 -9999 -9999 -9999 -9999 -9999 -9999 -9999 -9999 -9999 -9999 0.371377430593555 0.369613228151683 0.364897137065681 0.348598482845121 0.30317726417987 0.231297208765431 0.141826881321207 0.150983276258885 0.142162823971491 0.0472338550565314 0.00332851227010853 0.000375672579646196 0 0 0 0 0 0 0 0 0.0468321918444426 0.148000834466327 0.284468612721491 0.416770038949265 0.420989832282064 0.424288191000826 0.426298276729811 0.42860698060609 0.430598223690654 0.425000882223106 0.420676343207121 0.418509036324688 0.41930929155525 0.421425826655505 0.420399343388927
-9999 -9999 -9999 -9999 -9999 -9999 -9999 -9999 -9999 -9999 -9999 -9999 -9999 -9999 -9999 -9999 -9999 -9999 -9999 -9999 -9999 -9999 0.373488966536099 0.374990438231727 0.364254578734859 0.346904291963885 0.313905528526384 0.227125887644897 0.104591830452223 0.152281653693495 0.175030707099868 0.0687857750445879 0.014395507261096 0.0016247491098824 0 0 0 0 0 0 0 0 0.0382387111384921 0.120843397127594 0.26842031753053 0.41842280097154 0.424577908079282 0.428386728231171 0.428915165743381 0.42487530158037 0.419450984675877 0.418711458733031 0.418124377820389 0.417795671109773 0.418980272552185 0.420812810049212 0.417797968360292
-9999 -9999 -9999 -9999 -9999 -9999 -9999 -9999 -9999 -9999 -9999 -9999 -9999 -9999 -9999 -9999 -9999 -9999 -9999 -9999 -9999 -9999 0.475645294145065 0.389012308748141 0.359151238317637 0.332519141087569 0.308796289551029 0.230426229276726 0.115725801326861 0.159701061552716 0.181240573681041 0.0851586575958007 0.0284009114802697 0.00320546923498296 0 0 0 0.000273750091191783 0.000811748839281914 0.000460050869448814 0.004315882439626 0.0341042408901185 0.0786541438483197 0.140330939760973 0.275063498973785 0.415535791075121 0.421689990937062 0.425785725036017 0.4270034840704 0.423096117511547 0.417656634280494 0.417849348110288 0.418185203182302 0.418763663763895 0.417458262827505 0.415303544969272 0.413233735914484
-9999 -9999 -9999 -9999 -9999 -9999 -9999 -9999 -9999 -9999 -9999 -9999 -9999 -9999 -9999 -9999 -9999 -9999 -9999 -9999 -9999 0.531660883813049 0.481117917718096 0.402948821050996 0.351299772316004 0.310315551386473 0.293930140861413 0.23832959055178 0.15665816709547 0.170891413606701 0.17102740594132 0.0983409235674239 0.0442165627415625 0.00499050291548693 0 0 0 0.000716147656025496 0.002123586611432 0.00120352234541337 0.011290623061946 0.0892188640656071 0.149262185435551 0.18855475786417 0.295686073778719 0.409851992831836 0.4148124501063 0.419057378677601 0.422301914722237 0.422519794564507 0.421624258356236 0.420330807528947 0.41985567388532 0.420767479842464 0.415201294913762 0.406777879303643 0.407460258412046
-9999 -9999 -9999 -9999 -9999 -9999 -9999 -9999 -9999 -9999 -9999 -9999 -9999 -9999 -9999 -9999 -9999 -9999 -9999 -9999 0.489153125854524 0.486336080847979 0.452477812261328 0.401652812950322 0.366896584241813 0.325539971462553 0.26593489415932 0.201485352600064 0.133815131125442 0.118836596832393 0.0995529652683283 0.0513518357915796 0.0200318178865829 0.00226089138022316 0 0 0 0.0003296560676747 0.000977526360382856 0.000554003689615485 0.019036234472057 0.150424932828353 0.241014444950919 0.284267223787281 0.322780286528499 0.359445970604626 0.391396978148224 0.410906274917638 0.413020609860357 0.416145303531678 0.419499739489953 0.420453307860082 0.417908224777216 0.409433389336294 0.404050073230866 0.400074162395669 0.397856859501182
-9999 -9999 -9999 -9999 -9999 -9999 -9999 -9999 -9999 -9999 -9999 -9999 -9999 -9999 -9999 -9999 -9999 -9999 -9999 -9999 -9999 0.44849649182969 0.428452321612204 0.39745226759086 0.375928282348668 0.334302663280213 0.240775246172769 0.166074854200021 0.103890979743526 0.070455344781121 0.040279193127744 0.0124091683820993 0 0 0 0 0 0 0 0 0.0244581509583994 0.193269090083098 0.306611573756537 0.355597492412921 0.33630775123856 0.307579401058997 0.367285276097738 0.403065734285977 0.405395671050276 0.410620512247455 0.416566941245617 0.416764734453798 0.412016691199378 0.398886108037599 0.39407280810472 0.392985544246977 0.38822130729731
-9999 -9999 -9999 -9999 -9999 -9999 -9999 -9999 -9999 -9999 -9999 -9999 -9999 -9999 -9999 -9999 -9999 -9999 -9999 -9999 -9999 -9999 0.424647489911655 0.387762932467154 0.361139249038354 0.316789915809005 0.226496136846282 0.143681489118347 0.0658390914637412 0.045288464197424 0.0287617854676326 0.00886089842231305 0 0 0 0 0 0 0 0 0.0229335579588251 0.181221707503933 0.291561168187518 0.34626877672929 0.308889751635248 0.260262067452787 0.344399319116168 0.39641386857653 0.403517136241843 0.408723725884313 0.412472194118573 0.402397804972567 0.395306163679976 0.393269886248263 0.389282267896405 0.384412160219006 0.379247055292738
-9999 -9999 -9999 -9999 -9999 -9999 -9999 -9999 -9999 -9999 -9999 -9999 -9999 -9999 -9999 -9999 -9999 -9999 -9999 -9999 -9999 -9999 0.456405100695825 0.315706678527603 0.306246715942868 0.280493813509176 0.201168357146348 0.120952432088251 0.0401445087222809 0.0252298021863694 0.0157217941430618 0.0048435526047213 0 0 0 0 0 0 0 0.0131452651305286 0.0483148843837947 0.197227052233076 0.294285794033677 0.331182262381554 0.305755675036705 0.274071589050057 0.344581690676799 0.388269817450606 0.394457697099914 0.398293286130706 0.400488245008618 0.388534426446593 0.381689978642736 0.383505239789164 0.380920423549606 0.376367406120487 0.374174149640722
