layers/veg100/veg3300.asc
NCOLS 255 
NROWS 330 
XLLCORNER -2985163.8955 
YLLCORNER -3022031.214 
CELLSIZE 25000 
NODATA_value -9999 
[rows 182 to 207 of 330, columns 57 to 113 of 255]
-9999 -9999 -9999 -9999 -9999 -9999 -9999 -9999 -9999 -9999 -9999 -9999 -9999 -9999 -9999 -9999 -9999 -9999 -9999 -9999 -9999 -9999 0.317295419500403 0.311469118036832 0.244051344277402 0.169411034369253 0.0821742718099789 0.0304324640289304 0.00228828890847321 0 0 0 0 0 0 0 0 0 0 0.0267930506207381 0.0726238483048353 0.19770319951239 0.249321664184099 0.215708076113526 0.244022558684121 0.285359161207394 0.287098229625812 0.286165350171598 0.281496776158093 0.276035276494721 0.270284871175643 0.26447998606364 0.262529973616854 0.267113461458305 0.270129939877294 0.272450100762899 0.276254305569082
-9999 -9999 -9999 -9999 -9999 -9999 -9999 -9999 -9999 -9999 -9999 -9999 -9999 -9999 -9999 -9999 -9999 -9999 -9999 -9999 -9999 -9999 0.322851918069818 0.325619225319027 0.233572731170443 0.144741775537512 0.0729003781131291 0.0284228139929512 0.00213717857173306 0 0 0 0 0 0 0 0 0 0 0.00915405772070193 0.0390636126261525 0.1801595118767 0.245108809795736 0.221709988778497 0.244677472561077 0.276097646260432 0.266061046024943 0.256805051026011 0.248640433132534 0.245862924035603 0.245244796476876 0.248505656447636 0.25249417557319 0.257715980908295 0.260203187563777 0.261500790774292 0.268945302270897
-9999 -9999 -9999 -9999 -9999 -9999 -9999 -9999 -9999 -9999 -9999 -9999 -9999 -9999 -9999 -9999 -9999 -9999 -9999 -9999 -9999 -9999 0.308148041734739 0.315784152656998 0.203631000287287 0.104965291078802 0.0516855186747311 0.019549413041839 0.00146996657872577 0 0 0 0 0 0 0 0 0 0 0.00260239587973343 0.0261965726856947 0.170468677305244 0.242578544953732 0.230963101384838 0.243516943326739 0.259392125619997 0.243780927606646 0.232700551190371 0.227954791464289 0.227873083606554 0.229768934318883 0.236951169739764 0.243441537696319 0.248759281633828 0.250892944901669 0.251645923476399 0.260176120583144
-9999 -9999 -9999 -9999 -9999 -9999 -9999 -9999 -9999 -9999 -9999 -9999 -9999 -9999 -9999 -9999 -9999 -9999 -9999 -9999 -9999 -9999 0.294431284717331 0.280853236912963 0.152691288891318 0.0488902241953535 0.0175880281579855 0.00327098533098478 0.000245953119193882 0 0 0 0 0 0 0 0 0 0 0.00801241274792393 0.0356545952483492 0.169249972302585 0.2418635587794 0.243723803771869 0.240397805019003 0.234655564511833 0.220159856450191 0.214266323340878 0.220399633455794 0.223026468900433 0.224611519126112 0.230165075039885 0.235449592061085 0.240278123675027 0.242247829882269 0.242971806691158 0.249831610742836
-9999 -9999 -9999 -9999 -9999 -9999 -9999 -9999 -9999 -9999 -9999 -9999 -9999 -9999 -9999 -9999 -9999 -9999 -9999 -9999 -9999 -9999 0.354487336092628 0.263751461519743 0.165088104946805 0.0782892906023067 0.0223417221367965 0 0 0 0 0 0.000538452309055219 0.00150907636925296 0.0007854259905178 0.00621985631099585 0.038818156049535 0.0438757329178656 0.0223484820084999 0.0637265403458771 0.121363391587646 0.197217114476393 0.231391988054319 0.217209510527258 0.212748882860158 0.210627817283556 0.2049787428657 0.205170631208531 0.213528866293973 0.218604903227153 0.222408002909463 0.224610103656372 0.227832462762866 0.232784025105191 0.234560753994262 0.234941741089113 0.240422327845611
-9999 -9999 -9999 -9999 -9999 -9999 -9999 -9999 -9999 -9999 -9999 -9999 -9999 -9999 -9999 -9999 -9999 -9999 -9999 -9999 0.39489065654672 0.406127514626431 0.348318754206126 0.25277055307843 0.189858224150659 0.121121895038553 0.0345650305784461 0 0 0 0 0 0.00357986087377856 0.0100329840897357 0.00856589799080693 0.0188230342644273 0.0836990087292801 0.0955797518704947 0.0563046446581183 0.127697223742052 0.210515835109374 0.223999925112393 0.216173063622128 0.183620443604875 0.181769554917796 0.18827425585973 0.192443441809873 0.19845483219823 0.207041839112425 0.213844975965661 0.21964724007009 0.219062905715213 0.220555845556063 0.225569490939016 0.227316537459421 0.22761684097558 0.231679939928502
-9999 -9999 -9999 -9999 -9999 -9999 -9999 -9999 -9999 -9999 -9999 -9999 -9999 -9999 -9999 -9999 -9999 -9999 -9999 -9999 0.389790557162317 0.385504727384949 0.341570761948185 0.275965639131955 0.187829306495679 0.103171989113411 0.0294425954730073 0 0 0 0 0 0.0244740996798496 0.0685915630121568 0.0676040652785963 0.0677661118474431 0.10068770081538 0.123114864796425 0.135411848744894 0.158538649139097 0.181045440425344 0.18650862833789 0.183656970093254 0.171158118088344 0.172191335604904 0.177201026022805 0.183855011664673 0.191976780360478 0.202150680845596 0.205727592226282 0.20708317193968 0.211239813648476 0.215136160692846 0.218591342642348 0.221595083119746 0.224388054525191 0.226192941500088
-9999 -9999 -9999 -9999 -9999 -9999 -9999 -9999 -9999 -9999 -9999 -9999 -9999 -9999 -9999 -9999 -9999 -9999 -9999 -9999 0.360268825506947 0.363111395883288 0.332801286563802 0.284370351957315 0.179362683453577 0.0853136200793871 0.0243462826094599 0 0 0 0 0 0.0324745729484718 0.0910138369062031 0.105074392634102 0.113351659931834 0.124599133934402 0.143243008818106 0.169026567163514 0.161905448990583 0.151052320431553 0.158838785340952 0.162529237853211 0.16146734444196 0.163676641245078 0.167172159552353 0.174023772990362 0.182988054834753 0.194906093356861 0.197393436336115 0.196981280172853 0.205500079542126 0.211400650313326 0.212863669241497 0.215806985188152 0.219397212034169 0.220071185048971
-9999 -9999 -9999 -9999 -9999 -9999 -9999 -9999 -9999 -9999 -9999 -9999 -9999 -9999 -9999 -9999 -9999 -9999 -9999 -9999 0.357967732690318 0.353806685523061 0.321407431018753 0.273573538160393 0.16253834222071 0.0675740883474786 0.0192838828132417 0 0 0 0 0 0.0237357808578316 0.0665223370685684 0.11454438177933 0.154578312465829 0.157497980297987 0.153755093230521 0.143580898045229 0.129603456330082 0.120380574969918 0.143919594627778 0.156186387583234 0.155374723877901 0.156542662732291 0.158499132496856 0.16257906448064 0.1707398599964 0.184606178381729 0.188777857106583 0.190075896314568 0.202465054284092 0.209851610869082 0.208759418497541 0.209932367553185 0.212118789273722 0.213125357231731
-9999 -9999 -9999 -9999 -9999 -9999 -9999 -9999 -9999 -9999 -9999 -9999 -9999 -9999 -9999 -9999 -9999 -9999 -9999 -9999 0.313750560810968 0.316012365198265 0.278576484814782 0.219442364149374 0.127675617070254 0.0507387022788117 0.0144795026136238 0 0 0 0 0 0.017817968571391 0.049936967242944 0.102621922543483 0.148080456386822 0.150177627337801 0.146028762595516 0.135850652216457 0.115809999692428 0.10076913504554 0.127426038690806 0.143019140277581 0.145775607227237 0.14753633039379 0.149470998916321 0.155532339151222 0.163681916272784 0.174751091959838 0.179293310760136 0.18211093735483 0.196146096625748 0.204456934923348 0.203065804835173 0.204445132679934 0.207056300232322 0.207149082479493
-9999 -9999 -9999 -9999 -9999 -9999 -9999 -9999 -9999 -9999 -9999 -9999 -9999 -9999 -9999 -9999 -9999 -9999 -9999 -9999 0.207913228964501 0.253425134673952 0.22363494287277 0.152685599978691 0.0875750194179469 0.0341277458252882 0.00973916877414318 9.66400648113047e-05 0.000257528042148811 0.00135822905314891 0.00239241146814996 0.00294392527979325 0.0153681048945201 0.0373215049890542 0.0839901859636275 0.125456411530344 0.129579772902908 0.132131519075167 0.133166198334193 0.109187941997635 0.0877516670945617 0.112231087446241 0.128533286889357 0.135347970504252 0.138315984237833 0.140909694341661 0.149919487973879 0.158147165040443 0.165281351987321 0.16973563186518 0.173818979261663 0.188526839656972 0.197533361616227 0.19687686755646 0.199087572726397 0.202559123442404 0.201473671763902
-9999 -9999 -9999 -9999 -9999 -9999 -9999 -9999 -9999 -9999 -9999 -9999 -9999 -9999 -9999 -9999 -9999 -9999 -9999 -9999 0.188488761584367 0.174880261747614 0.145117655402881 0.106525423688963 0.0562784809274561 0.016578118219569 0.00473096266377027 0.00145453253085224 0.00387606233132736 0.0204427464531524 0.0360082571799043 0.0443091081966727 0.0461110976595226 0.042696981014261 0.0693070077782811 0.0965224923387092 0.107744513579599 0.115716879627739 0.120552380894105 0.116985144029949 0.113479107717272 0.120719005564503 0.126031328036673 0.129107205867629 0.134311998289968 0.139960046032769 0.144206700429034 0.150289049869751 0.158937914945115 0.162940721687682 0.165791942674286 0.177985177965757 0.187106773071686 0.191022343548406 0.193765277573483 0.195960644122714 0.195577341344423
-9999 -9999 -9999 -9999 -9999 -9999 -9999 -9999 -9999 -9999 -9999 -9999 -9999 -9999 -9999 -9999 -9999 -9999 -9999 -9999 0.113306331855125 0.10937992945659 0.096489267774799 0.0786988580850149 0.0369492570371561 0.00529892322920503 0.00151217451966064 0.00213574383592509 0.00569136547736297 0.0298419197753383 0.0530533553209069 0.0673596925224219 0.0610181497746102 0.0381042378772666 0.0557272510805213 0.07769975038536 0.0930581278309337 0.104486674828932 0.112121789601613 0.119270350501166 0.125021331961658 0.123125074270514 0.123103942037471 0.125258400101251 0.130880346936554 0.136920301811377 0.137910455841816 0.142481757903395 0.152059922319199 0.156417407867077 0.159252206312927 0.168502437061296 0.177109415212982 0.184626165128659 0.187860423649884 0.189156850796244 0.189654815577902
-9999 -9999 -9999 -9999 -9999 -9999 -9999 -9999 -9999 -9999 -9999 -9999 -9999 -9999 -9999 -9999 -9999 -9999 -9999 0.114596381789779 0.112633328084811 0.106658568063058 0.0947684213273109 0.0796450008371398 0.0364014973493075 0.0038605245773363 0.00110169305080637 0.00175497395091602 0.00467668359374588 0.0240409459330922 0.0440923766848378 0.061667406010958 0.0510723286792134 0.0178674043480898 0.0438792004389382 0.0747454567589616 0.0895911607752366 0.101392904728804 0.110256339676808 0.112905049254206 0.11430132424222 0.115986308497193 0.119508892072708 0.12516352672456 0.128346915614667 0.130600367934098 0.130698535689855 0.134754227706892 0.14434299991705 0.150320336476368 0.155046634038204 0.160681562959379 0.167785690581945 0.177379916055372 0.181041303906177 0.182030838342306 0.183691178919823
-9999 -9999 -9999 -9999 -9999 -9999 -9999 -9999 -9999 -9999 -9999 -9999 -9999 -9999 -9999 -9999 -9999 -9999 0.127110236672541 0.125925693509145 0.121399296942131 0.110043472135258 0.0882207025587351 0.0606768365520063 0.0268369256760487 0.00199322347241811 0.000568814005526242 0.00206819958817105 0.00551137244945602 0.0288887940640165 0.0515734211089139 0.0663357263259934 0.0551764739851716 0.0232121016109786 0.0501384362847192 0.0798945787012815 0.0852451515288965 0.0959382164570036 0.111788344003424 0.113770915257249 0.112649791824378 0.110349117076281 0.112359222817835 0.119370856411561 0.122043753144431 0.1233182274195 0.122941459074569 0.125845205579448 0.13333549421025 0.141262189959363 0.149228215050648 0.155087900134012 0.160327892220607 0.164517586482959 0.169332688386357 0.174402151285498 0.175600629097662
-9999 -9999 -9999 -9999 -9999 -9999 -9999 -9999 -9999 -9999 -9999 -9999 -9999 -9999 -9999 -9999 -9999 -9999 -9999 0.139649039193226 0.13380479270881 0.116017215036333 0.0799519873308881 0.0338964328722777 0.0137617009334974 0 0 0.00262973288061048 0.00700775564917408 0.037701426743132 0.0652066919387026 0.0749218306901572 0.0649259515318858 0.0391096459707734 0.0636124782551803 0.0879801058194457 0.0806665564773263 0.0896707107136423 0.114426206750411 0.117334245267374 0.114595343826923 0.105528729617142 0.103994641987735 0.111200071849283 0.114177371170913 0.115716896961896 0.114964437399084 0.116412353001639 0.120936649553781 0.130942529634403 0.142689628799036 0.150243253213717 0.153530035009199 0.149585081828337 0.155834896310753 0.166607568209228 0.166709068039185
-9999 -9999 -9999 -9999 -9999 -9999 -9999 -9999 -9999 -9999 -9999 -9999 -9999 -9999 -9999 -9999 -9999 -9999 -9999 -9999 0.135864160206297 0.1243444836936 0.0823850861521409 0.0237877313894816 0.00926105369092979 0 0 0.00168605961329749 0.00449303952772071 0.029389505857888 0.0535769857647855 0.069174910761485 0.0680716972084547 0.0535638419225753 0.0662297710886541 0.079920327009034 0.0811572365798895 0.0897554362473603 0.105459427232018 0.109467641171539 0.110477170085656 0.10824287230424 0.105536579896101 0.102282661767444 0.106209582897308 0.111170728454059 0.107208944060269 0.105639351342043 0.107414321412152 0.119245204280976 0.134125133976264 0.138720198971994 0.142388832684384 0.144487287669123 0.151407760497985 0.160442053130983 0.160885936131488
-9999 -9999 -9999 -9999 -9999 -9999 -9999 -9999 -9999 -9999 -9999 -9999 -9999 -9999 -9999 -9999 -9999 -9999 -9999 -9999 0.131384484429797 0.129718371430431 0.0879378668259341 0.0242313553815595 0.00937314735955001 0 0 0.00308301236392852 0.00821566230893312 0.0269495666924635 0.046690282883084 0.0657960489350818 0.0700755033650658 0.0624550867221349 0.0664813021146342 0.0726238208959743 0.0805415340376113 0.0890051420307759 0.0979956977253855 0.10214062600492 0.105371379531115 0.109195229956773 0.106798532532583 0.0971845241361729 0.0996238096702776 0.104346046338516 0.0990706571480877 0.0961482487680552 0.0965155818165661 0.108281974124876 0.123537948664718 0.127729417588589 0.13268670448787 0.138941951760323 0.145527993355725 0.152230386065323 0.154352803312579
-9999 -9999 -9999 -9999 -9999 -9999 -9999 -9999 -9999 -9999 -9999 -9999 -9999 -9999 -9999 -9999 -9999 -9999 -9999 -9999 0.132484354532841 0.134165811650461 0.0994588770251173 0.0448625188207714 0.0183098256494217 0 0 0.00895779137008432 0.0238708705133803 0.035743252085338 0.0488773681713434 0.0669474933872795 0.0698946774080938 0.0607039099914096 0.0622069198786493 0.0667875235040541 0.0778092228539922 0.0866573805840055 0.093407436898683 0.0958458925680229 0.0983761899598261 0.106777135762709 0.107524848381303 0.0993929952177195 0.0956819544436624 0.0931623645459921 0.0902000520013292 0.0891095334351157 0.0906360010208494 0.0987231335309902 0.109081176111129 0.117756921638999 0.125737653402327 0.132540428583084 0.136869212967893 0.14010424781896 0.146461375448968
-9999 -9999 -9999 -9999 -9999 -9999 -9999 -9999 -9999 -9999 -9999 -9999 -9999 -9999 -9999 -9999 -9999 -9999 -9999 -9999 0.132756288290125 0.133274699658182 0.0984490403760997 0.0443047698970084 0.0180787693242491 0 0 0.0105249323070034 0.0280470135865874 0.0433569317021253 0.0572877913946395 0.0674033160111588 0.0686287370107311 0.0627187969330788 0.0635015831577241 0.0666704267421529 0.0758210446736707 0.0819986687662873 0.0853064869513457 0.0877967740466254 0.0902948148702182 0.0938489839580057 0.0928274351003337 0.0864969681006121 0.0848246831697086 0.0843511748665268 0.0828954290450568 0.0838794910876982 0.0882746889002494 0.0928618345813282 0.0977996685832208 0.107762298541895 0.115992034044488 0.121284742202325 0.126425559480865 0.131500433952625 0.136935207201788
-9999 -9999 -9999 -9999 -9999 -9999 -9999 -9999 -9999 -9999 -9999 -9999 -9999 -9999 -9999 -9999 -9999 -9999 -9999 -9999 0.131808340777973 0.129441574382431 0.0910213988255051 0.0328948968295598 0.0131523613710869 0 0 0.0098858711372439 0.0263440328178676 0.0503662589598581 0.0688855625432181 0.0675028686052861 0.0668070438491162 0.0666625129626092 0.0676484916231479 0.0694824786867261 0.074213982031177 0.0761563794300153 0.0754064763555764 0.0788491287671439 0.0816571384525406 0.0755379956964754 0.0702305968556526 0.0658650134959622 0.0704256088921192 0.0767550819555875 0.0763928403247489 0.0795757796173912 0.0877152950555457 0.0888942704426932 0.0881444064074816 0.0977563427936551 0.104814122856499 0.107542945123862 0.115067764478625 0.124700615534078 0.126571789487468
-9999 -9999 -9999 -9999 -9999 -9999 -9999 -9999 -9999 -9999 -9999 -9999 -9999 -9999 -9999 -9999 -9999 -9999 -9999 0.177857272749921 0.168586312185325 0.140369170492042 0.103384782855168 0.0616083321497983 0.0256453949608184 0 0 0.00995540959446197 0.0265293400481182 0.0468457509985092 0.0631557892570149 0.0654798081437106 0.0662761942758265 0.0658464741928761 0.0625768014133633 0.0605240037283862 0.0653876656971177 0.0654742621910326 0.0609495976251242 0.0669190013781594 0.0739526768154267 0.0742983703305914 0.0714893165565444 0.0650200076450722 0.0637740156740231 0.0645335748548879 0.0702128241820006 0.0747912386794805 0.0778305577754912 0.0829046386426827 0.088489581804148 0.0900995391106834 0.0940190110446652 0.1018528053946 0.107105838188296 0.111211701852661 0.117708787300103
-9999 -9999 -9999 -9999 -9999 -9999 -9999 -9999 -9999 -9999 -9999 -9999 -9999 -9999 -9999 -9999 -9999 -9999 0.165212199183744 0.170091697473786 0.164839581053722 0.138882446411835 0.109802270481212 0.079015080635681 0.0345332774572745 0.00233239007736075 0.0025765238111215 0.0117038446405998 0.0267368550884979 0.0438553102677613 0.0582962705497639 0.063508870350168 0.0638440131765039 0.0602644191057061 0.0567054694944845 0.0545303496663527 0.0582112966460019 0.0568546916391013 0.0506353801369951 0.0579306668949339 0.067079823815392 0.0704682394852406 0.069240591756057 0.0626572155890461 0.0579532164849067 0.0550483779122953 0.0637241549739565 0.06863759587496 0.0682908522979864 0.0760038072579419 0.0858819475365508 0.0825438487144239 0.0844113815853638 0.0951017729838976 0.0993171630718744 0.100660723005148 0.108889309888878
-9999 -9999 -9999 -9999 -9999 -9999 -9999 -9999 -9999 -9999 -9999 -9999 -9999 -9999 -9999 -9999 -9999 -9999 0.16511767929872 0.161021347175302 0.151347874739994 0.130276930619531 0.101183140233173 0.0677041659997594 0.0340338142449245 0.010176048400393 0.0112411861383006 0.0173840553721886 0.0269026844384224 0.0426424593186322 0.0563571533177451 0.0617669405887918 0.0568547548169893 0.0436579631661607 0.0494043358131527 0.0561292995270048 0.0552936275105621 0.0533501112618885 0.0503372023085581 0.0560422993300655 0.0621254660165143 0.059665654022886 0.0575144522516142 0.0557213115382615 0.0537091882921031 0.0522595333333283 0.0564900756404943 0.0592728418412683 0.0600314482973432 0.0670507096478284 0.0757983580665636 0.0751099391448377 0.0775905979989285 0.0854424253350713 0.0917685299262881 0.097385428237839 0.100097858828566
-9999 -9999 -9999 -9999 -9999 -9999 -9999 -9999 -9999 -9999 -9999 -9999 -9999 -9999 -9999 -9999 -9999 -9999 -9999 0.152464358609702 0.146708182743779 0.129188657243855 0.091730389587935 0.0433738637409325 0.022425017587855 0.00867470626000778 0.0106428430348379 0.0163554259608909 0.0245573785831726 0.0406135411646101 0.0551031299097711 0.0623001957895055 0.0540098336005899 0.0332889760891333 0.0440439447163515 0.0561904633080542 0.0547798954444381 0.0522149901478018 0.0485358126514556 0.0527807702916574 0.0574429292686232 0.0547741903621655 0.0522127418335833 0.0497757755917943 0.0485805374508073 0.0481268694885752 0.0512535500011664 0.053172323594684 0.0534023025257275 0.0577425724388022 0.0634347645786054 0.0668088943568526 0.0709435382636426 0.0763671532233224 0.0826392295955973 0.0892730597418068 0.0929771395244898
-9999 -9999 -9999 -9999 -9999 -9999 -9999 -9999 -9999 -9999 -9999 -9999 -9999 -9999 -9999 -9999 -9999 -9999 -9999 -9999 0.147600938358933 0.132798608290352 0.081756631970742 0.0109065344312854 0.00387296450624933 0.00133280358304429 0.00425518572212447 0.0111338179469547 0.0206426306247611 0.0380745866621951 0.0542772853946965 0.0642554258263915 0.0537550943818383 0.0268183638307238 0.0398965042871548 0.0552905214449268 0.0557686073893578 0.0525607646547928 0.0457949260174413 0.0486610248471504 0.0529302787941057 0.053577136868323 0.0509262550786254 0.0444492128481008 0.0428990035839009 0.0431543279142521 0.0472654815792916 0.0491119300966108 0.0477920568509244 0.0482125379405836 0.0496461843779415 0.0579658960658919 0.0644050547315637 0.0676569242750907 0.0725220232269213 0.0781375536822083 0.0869006159912837
