layers/veg100/veg3300.asc
NCOLS 255 
NROWS 330 
XLLCORNER -2985163.8955 
YLLCORNER -3022031.214 
CELLSIZE 25000 
NODATA_value -9999 
[rows 78 to 103 of 330, columns 171 to 227 of 255]
0.796650358328044 0.793463106883812 0.787915459320002 0.779553166807691 0.769122645789313 0.758827010898634 0.755803695499741 0.748138814099459 0.733799942340262 0.711159714092067 0.687408138955888 0.704629666820763 0.71352341504987 0.707883707316622 0.704994712012665 0.703388909145216 0.709029923197375 0.711874355277877 0.708730945757614 0.697321971113644 0.681190235559097 0.685221600870353 0.689176573610613 0.690355491886025 0.692989200538808 0.696631919426638 0.709443290841521 0.721597489370306 0.728354301611959 -9999 -9999 -9999 -9999 -9999 -9999 -9999 -9999 -9999 -9999 -9999 -9999 -9999 -9999 -9999 -9999 -9999 -9999 -9999 -9999 -9999 -9999 -9999 -9999 -9999 -9999 -9999 -9999
0.792798717129627 0.786096869606103 0.777117366929332 0.765421883439705 0.755753878267001 0.747799408057091 0.750896632141993 0.741266190448962 0.713334960041954 0.697139238462819 0.68653111675305 0.700830740056793 0.706673025644999 0.697755753389045 0.69489574288495 0.694859217638444 0.704125847381016 0.708303139127238 0.701583503809012 0.692070436541337 0.680961264104838 0.6771249715435 0.675589469032134 0.679270600035052 0.686460722201528 0.696084602560108 0.709443290841521 0.721597489370306 0.728354301611959 0.731431707061858 -9999 -9999 -9999 -9999 -9999 -9999 -9999 -9999 -9999 -9999 -9999 -9999 -9999 -9999 -9999 -9999 -9999 -9999 -9999 -9999 -9999 -9999 -9999 -9999 -9999 -9999 -9999
0.785003191846194 0.76505685624236 0.740568140862707 0.710662882817126 0.722195367079294 0.741240217777824 0.715197539049884 0.690225648007728 0.6667934154966 0.671823979993489 0.687329978057066 0.699800870645953 0.705816828997583 0.700567779558408 0.699294872176498 0.699872366645235 0.697440018415992 0.694391515567492 0.690023746450709 0.683471813441843 0.675671897542826 0.668509787836279 0.663930319289562 0.66616656476222 0.67471602999781 0.687644203984838 0.701802686815116 0.715071028861962 0.724876742543515 0.728460370789328 0.72683993199026 0.734221519138516 0.741937102366326 0.744661036307155 0.741952365185385 0.733781225902888 0.773844642932553 -9999 -9999 -9999 -9999 -9999 -9999 -9999 -9999 -9999 -9999 -9999 -9999 -9999 -9999 -9999 -9999 -9999 -9999 -9999 -9999
0.775635744169264 0.741231861085637 0.700096422465146 0.650933967264585 0.686229170272532 0.735056233075601 0.674456606205229 0.63346000461059 0.620650097260232 0.648051220881191 0.688978329697313 0.699359566234119 0.705982530214551 0.70604664044506 0.706834091355608 0.707952285573016 0.690685125846517 0.678680880308191 0.677945210780359 0.673846794858517 0.667826980098952 0.659328970323487 0.6530596085331 0.653058087244327 0.662145113503371 0.677535754111333 0.691588758410336 0.705446002109352 0.719094855663555 0.725079885674836 0.724654998633486 0.729243997212085 0.73499741619937 0.742409621788088 0.741878919002787 0.733361645576569 0.772915578361821 0.814431798955738 0.799217678202304 -9999 -9999 -9999 -9999 -9999 -9999 -9999 -9999 -9999 -9999 -9999 -9999 -9999 -9999 -9999 -9999 -9999 -9999
0.762325878342506 0.733824855280797 0.705472304425868 0.677296798662368 0.693746799791369 0.717468395524287 0.684569837425567 0.666651353051949 0.670272337811646 0.681225092346938 0.69435133061194 0.695870999613117 0.69670490264048 0.696342022129275 0.69907914404034 0.703253757681262 0.689386795674876 0.678852365281731 0.675453313587249 0.664349281659911 0.648842794617178 0.645577382107272 0.644342038215762 0.646966600022461 0.658503611127781 0.676222098754756 0.679065816464012 0.683682642394923 0.699469858948634 0.704427484742708 0.700327389140348 0.66807253078852 0.649711849279435 0.71474076774903 0.740976299032627 0.728205195394575 0.761497799990614 0.798585358225623 0.793612662144221 0.790891161739659 -9999 -9999 -9999 -9999 -9999 -9999 -9999 -9999 -9999 -9999 -9999 -9999 -9999 -9999 -9999 -9999 -9999
0.745433994839322 0.722177075867647 0.704789127519352 0.694399609807752 0.69636001260103 0.700447400894385 0.689994231970401 0.6880447030204 0.698322342914937 0.697964262346416 0.693616841053847 0.688857359819673 0.686080204748319 0.686762561245527 0.690920820457004 0.696691857651621 0.685201803591369 0.675919703909135 0.671365118460809 0.656748577622238 0.636382858247199 0.637104482819869 0.639221371452925 0.642374440833062 0.654629423522265 0.673197290754982 0.671633073761522 0.672530941785048 0.688759949130661 0.692573743714349 0.68600362437452 0.621355315429971 0.579753447560183 0.68469503863436 0.726065688272302 0.703515946212048 0.738938639683283 0.779967540707535 0.7733960278489 0.774834384001993 0.785955977369946 0.804146914133009 -9999 -9999 -9999 -9999 -9999 -9999 -9999 -9999 -9999 -9999 -9999 -9999 -9999 -9999 -9999
0.723155570441661 0.704152136281413 0.694994502451869 0.697577453999036 0.691598096767024 0.684278809254292 0.688367681271064 0.691696543318047 0.693932606251641 0.689989374646177 0.683698073201862 0.676542810730234 0.673429819098144 0.677371308708811 0.682155910597418 0.687327869210074 0.676675927726317 0.668319111569602 0.664876453857559 0.652000243683584 0.633733910493423 0.636569532574818 0.63950963056372 0.640036930417251 0.650405330187699 0.667599297885148 0.671854834432478 0.677336765924738 0.691456304855227 0.693951188478333 0.686723369605948 0.596374010246618 0.532843620585059 0.651075029336735 0.690090241417709 0.649453804401877 0.699625371819506 0.757182202046079 0.731206838898878 0.736239409312511 0.778757883150106 0.804146914133009 0.822639283130661 -9999 -9999 -9999 -9999 -9999 -9999 -9999 -9999 -9999 -9999 -9999 -9999 -9999 -9999
0.707309580445186 0.677702562979245 0.661812694570932 0.66227978590452 0.661684203325444 0.661575820358203 0.669320264559677 0.673269992425975 0.671763393649886 0.668845435890617 0.665391272675285 0.661741775422746 0.661962917266 0.668939012446785 0.671318944077031 0.671555231414635 0.661020412251646 0.652822836525421 0.649629599532552 0.642599127585967 0.633376144543908 0.634282503738303 0.6356896764168 0.637142178293616 0.644310427671364 0.655442992334047 0.663845163073839 0.671738223965032 0.678831942953926 0.680038457312785 0.676320994346349 0.587942804947196 0.52433279610646 0.634292675801301 0.682213662007091 0.66775472614864 0.697534335240904 0.730548498943749 0.720534569574938 0.73374775456564 0.775040507128612 0.784618006572544 0.786510295102687 0.806354114424437 -9999 -9999 -9999 -9999 -9999 -9999 -9999 -9999 -9999 -9999 -9999 -9999 -9999
0.694822209639233 0.650612166461084 0.623052340100025 0.615346998444713 0.623782842847088 0.636380986475883 0.64359099257591 0.646164573156629 0.642071554747606 0.642317012496368 0.644199693679943 0.646454813563848 0.651344946764766 0.66083364665188 0.659694296559543 0.653604655941135 0.64267484076417 0.634149112981298 0.630770845439575 0.631091607671135 0.633525913617958 0.631189924605117 0.630354106044568 0.634133076610369 0.637720296695553 0.641174522914042 0.652821342192507 0.662096129748356 0.660453651846784 0.660052106037776 0.660688458835999 0.5857532336522 0.531320472710666 0.624533944950701 0.684747600847302 0.711780039996365 0.70885486228509 0.702981770051361 0.721379647055534 0.743913495240615 0.77144737401295 0.757914098143536 0.738875752073338 0.788726093037649 0.819243175285618 0.821567489009649 -9999 -9999 -9999 -9999 -9999 -9999 -9999 -9999 -9999 -9999 -9999
0.704782110875048 0.696367449741484 0.683138315477536 0.664168181911088 0.63809955634174 0.613414157116369 0.622753217771542 0.619528616168314 0.598239042363865 0.610414422181532 0.634409531553387 0.64459297981687 0.651141583874441 0.651346738596518 0.648843698790009 0.645075115104104 0.627543266851437 0.613637873330916 0.607497185700839 0.612134995883016 0.622931401077219 0.624956243298066 0.627807442853443 0.633984389037383 0.637704443584778 0.639720452761626 0.648000919922245 0.653935911305264 0.649707463434656 0.638672627375324 0.621945021450743 0.576026296315601 0.548486388434412 0.625432143242356 0.66940851554876 0.680234272244728 0.686184242747611 0.691270065995828 0.697836733563804 0.711559756666643 0.733934193186666 0.745274883394027 0.756340530355523 0.798275036036428 0.822922617010224 0.822361500686322 -9999 -9999 -9999 -9999 -9999 -9999 -9999 -9999 -9999 -9999 -9999
0.714701646770115 0.717133962055785 0.710632957253789 0.693479450505388 0.647586508564464 0.598785331010106 0.603929753843067 0.596354605047805 0.570490305911713 0.590050335128038 0.625443926883243 0.63775541233682 0.644462656090905 0.641389501767196 0.638662535699275 0.636090152928468 0.613470291097068 0.596216595713348 0.590452552704458 0.598811715598685 0.615240565655615 0.617233071907549 0.61974862258234 0.625502517843858 0.62862274369193 0.629916315036898 0.637122847801868 0.642543478739138 0.639832289372414 0.625915221249445 0.602625709603072 0.568600109894058 0.551693326668287 0.620215562236432 0.651736594874214 0.646053028505301 0.650150719351924 0.657152621716802 0.668705032238051 0.68391229906779 0.703537970314572 0.734904433069634 0.769530025471832 0.801761177722222 0.820500124515103 0.819564031992475 -9999 -9999 -9999 -9999 -9999 -9999 -9999 -9999 -9999 -9999 -9999
0.724547353565221 0.69219546023297 0.678517329880993 0.687106653794839 0.648239720724026 0.59940689705327 0.588790509005804 0.579512569399184 0.572159150953617 0.590790425442702 0.617986456016609 0.621817117937422 0.625939777062568 0.630572023220019 0.629705783424902 0.626272215063573 0.601333514760399 0.584446926915779 0.584800947228557 0.595791923083679 0.612860619831572 0.60678559024926 0.601607945239987 0.601779069715612 0.602959409756266 0.604839719256661 0.615165200282889 0.625239255137434 0.631550219798152 0.628927776267712 0.618833552472249 0.565382047723253 0.529368986698051 0.603814914810417 0.62979786676106 0.607051440962517 0.589676149592613 0.582054583591979 0.629351314499009 0.664872733341368 0.686158820765164 0.72868360299925 0.774899933230217 0.794158321870021 0.80890172330019 0.817061134356187 0.819306438364813 -9999 -9999 -9999 -9999 -9999 -9999 -9999 -9999 -9999 -9999
0.711194591126106 0.663423274748516 0.649518392952457 0.675997406142498 0.640578111877478 0.591382152979764 0.584370290790912 0.577810700189912 0.571901419466232 0.585580321497909 0.605587145053823 0.605330417062021 0.60578191007708 0.607469374655388 0.603818324079159 0.597678738916665 0.583096322883496 0.574564423711775 0.578987459148192 0.590633777348561 0.606407319395462 0.591251533050339 0.581538059085377 0.590303960632611 0.595038785586013 0.596977745509854 0.605175520338184 0.614232769786485 0.62407218290228 0.6189508481297 0.601316548715808 0.552863794341855 0.521649699748419 0.590924638626818 0.611203244809437 0.582216184841259 0.566093241331378 0.562124268423221 0.617686819887388 0.65257861191982 0.662481247862969 0.710747165216025 0.766730956722987 0.78479829005119 0.80072960481545 0.813546065647447 0.811616078830047 -9999 -9999 -9999 -9999 -9999 -9999 -9999 -9999 -9999 -9999
0.68649338541779 0.632775692180448 0.622044107686806 0.662571137299336 0.628848981440229 0.579127726384698 0.585193705864787 0.58351523862713 0.570701227326565 0.577459446100378 0.590770338720528 0.58857544159839 0.584824224453119 0.578356952187662 0.569648543742019 0.559900470062496 0.561874872908443 0.565605101751407 0.573094779827469 0.584429572066886 0.597961377407719 0.573229177447994 0.560524424593785 0.584820608134646 0.595797705448676 0.597536980920198 0.601040442250739 0.606307070695241 0.616987470201429 0.602619603626802 0.567301710346696 0.535795986794596 0.521075048678619 0.579751598546005 0.594244523859606 0.56431094668139 0.560557339680384 0.569181413846662 0.619567597364937 0.643584289775827 0.635722553556474 0.687079577323237 0.751938902698645 0.774578666525252 0.79423358723181 0.809535853665311 0.809723271402409 0.804410148566703 -9999 -9999 -9999 -9999 -9999 -9999 -9999 -9999 -9999
0.670832829557561 0.622873660521377 0.615995682541355 0.658104807160572 0.62385874379513 0.571982707009109 0.565882080412447 0.558525841624698 0.549364189824328 0.544676804513373 0.541605170841574 0.537418051283601 0.531790061799979 0.523647498140789 0.527508295227064 0.536958058181378 0.546078042089082 0.548229714570682 0.535461336266291 0.542535988011003 0.560948507797489 0.564401782187889 0.567279325778924 0.570527581504716 0.57630628032032 0.583840038157857 0.59213014739833 0.597851837918873 0.594543241372867 0.579439511098858 0.55447049251311 0.516077108614402 0.490970259303074 0.535848439731674 0.549820159760813 0.532715526190251 0.537899375488007 0.556523056459753 0.629345993365674 0.672678096052171 0.680358336892653 0.717263882310429 0.760164506733007 0.775366623077938 0.78745193853188 0.794992171992965 0.797312470767513 0.797253407864687 0.788312504762213 0.788886620855314 0.806312251983093 0.811907585296288 -9999 -9999 -9999 -9999 -9999
0.652642160209666 0.611896521684921 0.608053589025726 0.648215140948147 0.613499767595681 0.560878957355884 0.547072003398883 0.534326923167374 0.523108684308837 0.510595419251974 0.497959207861684 0.492754783082106 0.487446495066186 0.481956947238226 0.494656091067498 0.515820504091445 0.525294167161938 0.525208885521169 0.50465667411342 0.50907988150479 0.527773490237676 0.551127955630942 0.566611510499496 0.560480852890235 0.56164118780729 0.567858392907937 0.580708753016894 0.588291244700804 0.575604653311063 0.561653380229225 0.546644344700361 0.501188630982521 0.466819862536718 0.504760883479684 0.519984801492291 0.512366740374963 0.525977493923111 0.552691604644773 0.632971654003781 0.686730037725518 0.708426027003241 0.736559577279502 0.764581351292459 0.771798117097358 0.777485200138897 0.780941619809341 0.785958733965999 0.791136482337354 0.786666509753553 0.78982448967203 0.806491907000335 0.810310860374894 0.808052922067557 0.796881705050239 0.79326790123526 0.806151488313664 -9999
0.628539932416581 0.598004878176173 0.595337890384011 0.62590206739611 0.590893194733039 0.540740892241366 0.529870588690884 0.51263860317466 0.486259316059549 0.474177333773906 0.46755707199547 0.463531547540403 0.463432690794371 0.470186567276647 0.48290469527199 0.498393097377316 0.493153335603579 0.48967838218805 0.489982110395926 0.495469704479298 0.503919244752198 0.527624518234448 0.548571009452226 0.560203982221363 0.558324276973619 0.547072478925417 0.563747609164301 0.576254664549044 0.564924388501215 0.556174251448809 0.549582107316295 0.497238397022947 0.456778332200516 0.503305651603464 0.5236490246105 0.517664517740059 0.538634448364364 0.569202446026899 0.622557042748365 0.666009880282974 0.697492349399524 0.730058379819357 0.759875068824994 0.758159390577473 0.760354386134665 0.768252130667935 0.777235327511486 0.786266790016689 0.787170852047148 0.792873866475787 0.807076035433326 0.810187139801749 0.808052543330943 0.796881705050239 0.79326790123526 0.806151488313664 0.810879972269174
0.613625804281765 0.6071428767724 0.604140732358807 0.605289233879634 0.57308708448617 0.533268630818111 0.514273163178695 0.495123220048658 0.475751160517652 0.468509767682921 0.465651774975843 0.459826417536292 0.457081238212798 0.459711517290441 0.468120040005117 0.479216353815656 0.482099766300479 0.487928179546643 0.500062218106768 0.507813764704559 0.513061252424238 0.529045278872795 0.54511185501255 0.560029310579415 0.555568343716364 0.537666934247285 0.544496900148271 0.550145977480639 0.543256859418297 0.54069031069782 0.541739099775822 0.495789801354443 0.460369424904295 0.506691044251239 0.530840444213721 0.532695743823848 0.551207287028218 0.576155870201376 0.618436185929381 0.653686210931384 0.680437223940851 0.699269058780359 0.71521529125914 0.725720872294888 0.734560784836508 0.740971732505648 0.75638877075582 0.77464369848768 0.779913392938718 0.786968771935574 0.79718667634121 0.793213317319984 0.782527967590395 0.783676920892971 0.788550961514696 0.801447935482725 0.805572497598138
0.604210716503581 0.630064022705303 0.625822333562066 0.585693987124213 0.558154031632717 0.533376801501372 0.499635718690591 0.480105322701998 0.481008113878351 0.481246262647665 0.480801720354759 0.471393770134137 0.461300631437214 0.450011717037547 0.451519991254765 0.458992639250233 0.483666837876924 0.506395349775766 0.524957896203487 0.535691330592113 0.54195138369956 0.545383070883007 0.550379577340802 0.559915804640319 0.553148153261933 0.53507249441191 0.52387589567386 0.515615191532647 0.515013497258494 0.51921853058582 0.527443845049255 0.495838426050533 0.472119587171071 0.512973531031507 0.540142876598502 0.553552399463694 0.563729782740671 0.577389218964753 0.618082115598123 0.64638780562605 0.65971843678418 0.65394339434997 0.646643509023558 0.682030754939115 0.703582540499862 0.704958734509889 0.728286557745321 0.758978724940371 0.768010527191554 0.775704462636686 0.781028977470762 0.766154777230109 0.741727263530007 0.762569127007674 0.781010952514532 0.793929325371297 0.800888295844229
0.604803009446969 0.617813796637175 0.614833543707232 0.592784838697518 0.561357918273944 0.52791790733305 0.501600203004052 0.487476687890641 0.490886889034903 0.494597563344651 0.497773564828843 0.487610600708829 0.478931949862056 0.472843689555676 0.478586951878785 0.489831239882806 0.476704376078362 0.474654846455133 0.496323313696685 0.513039988998312 0.526927320019037 0.53154645112929 0.53611826919889 0.541746004951808 0.542507255483105 0.539893220149372 0.526118155858341 0.512890484786194 0.505370587665003 0.50897575026283 0.521885760448173 0.492416214925654 0.466758338006053 0.489027633767853 0.51184147040223 0.535202841257185 0.551542088578597 0.569584158375927 0.608695165304541 0.640184196281526 0.662458919124689 0.65775287491902 0.6470431565749 0.657089854479303 0.670653532550961 0.689345854955863 0.716453725181146 0.745513232239979 0.746798240671759 0.742947837801065 0.730002396970476 0.714087640386224 0.696768497233326 0.742884989505964 0.778624633081664 0.791369238068967 0.804749559376295
0.605425162340956 0.60459491541082 0.601390647581523 0.595355487989593 0.56238712883186 0.523508584446641 0.503815728672119 0.49380531336608 0.497717034321396 0.500728907469747 0.502933282902672 0.495410685874358 0.488710648274746 0.483446123111379 0.490438458245101 0.503121064989874 0.464739708451208 0.446506505116996 0.471413088550678 0.491139319603873 0.507905612000799 0.514150802640397 0.519915715296047 0.525740113449033 0.532615677813369 0.540220307672283 0.52970705775506 0.51747790638913 0.505620941633731 0.506760416362427 0.518769935084966 0.489456343240099 0.461266792066944 0.468046928594288 0.484988929433129 0.512148654478971 0.533795584948552 0.556619563844576 0.594957447610594 0.629851310630138 0.660581651148604 0.659688162479879 0.649595606195096 0.641634766372216 0.649017004000771 0.678773319242404 0.705296356351712 0.729406318813658 0.72703275833447 0.716418189325086 0.691208433874871 0.673558584040621 0.659484315514685 0.722906669721528 0.771481789626293 0.787244403340213 0.802700399303745
0.604444076999079 0.59457328500313 0.586531317806529 0.580670125455507 0.55422102973071 0.522999910871037 0.503940180332861 0.493415910610584 0.495164564116619 0.486381806835106 0.474451870710158 0.478674628934311 0.474067595507578 0.4540510059053 0.451988449152421 0.458277684340475 0.44009707771143 0.43696158479204 0.466039614906104 0.479877533694043 0.485007590289062 0.491799734194717 0.501528050706672 0.518885545557428 0.526224911111743 0.526615925100519 0.533240855040918 0.53733688240064 0.530653643535751 0.525305097782582 0.521072871068979 0.488386469682307 0.458292974213875 0.460531305604088 0.468566077066077 0.482429151703576 0.504528855703988 0.530618834713552 0.570465008280223 0.607680964773321 0.641717216852688 0.648049006655347 0.64659291259736 0.649787110258097 0.659576887799013 0.678984684711173 0.693301712969043 0.705474406553348 0.712919977598121 0.711085276042067 0.692814805934804 0.669807175313876 0.64455902696064 0.701858099996374 0.750046953668397 0.777867704213766 0.798972529360296
0.602082094942784 0.575429879762595 0.559578618428393 0.556606911474676 0.532565335960663 0.503353873303826 0.483769923591034 0.472920450540666 0.47463006057082 0.471889763846275 0.467375451345267 0.46052531774559 0.450482954300211 0.434869582265107 0.428768169639077 0.427093714004231 0.419181874744867 0.423320175803633 0.453259376754923 0.458591574706448 0.449863875947416 0.45917599225845 0.473833293348876 0.500463986894977 0.512886975861486 0.515455817068751 0.525987833928505 0.533713720362233 0.529118966756573 0.526135141885219 0.524498675745024 0.480324458660269 0.43899916984122 0.441347421828381 0.442184635691128 0.441502505233951 0.454767199613619 0.47785255265548 0.54391671035769 0.590891689968483 0.614789508214309 0.61667595502373 0.614625871793914 0.639378266873319 0.658825346812312 0.670535938873358 0.681818617871096 0.692251563230708 0.687331782348819 0.681714705223055 0.674862685960468 0.660339635557347 0.642188445207124 0.694046809358147 0.738815183278554 0.767693527470784 0.788849968836555
0.598718797207737 0.549672094125035 0.523856776169313 0.525743630849774 0.501128068738429 0.469830952393581 0.448883570049937 0.437845688328457 0.441056426920509 0.457292620272984 0.475820218103904 0.441351227786317 0.420414589433699 0.423094311017555 0.416591270019176 0.405814453822084 0.400969503808943 0.406708321391097 0.435108346312149 0.430036888402408 0.405840566267851 0.419103330412812 0.439389777872312 0.473654973114499 0.494511510491823 0.506068101131568 0.510913076205921 0.513063192877535 0.508319755172553 0.514119950059483 0.528738694847659 0.467192309663515 0.407871418578518 0.413702650032381 0.408582023313507 0.392449335920235 0.390144264347705 0.405678035704483 0.515877668471373 0.578004336832778 0.582014958941956 0.570993462962458 0.561656206623963 0.615510337348144 0.649871666688109 0.655807574045599 0.670706456610981 0.686794078837634 0.653422535747874 0.634913950727069 0.642728314321573 0.6467272154762 0.648921531114073 0.695834133124132 0.734981858708694 0.756941083843284 0.774090490959073
0.568871793222991 0.534390719601313 0.514444369846241 0.511829893656655 0.468148317912414 0.417897274636736 0.420956136888533 0.420095386870672 0.413598725505101 0.432003034206871 0.457037123797486 0.427142544565799 0.409480315105937 0.41316571064342 0.402358861511598 0.384816759563143 0.405818860076727 0.42602872361535 0.444542305920523 0.433666847855811 0.405999142802429 0.426990521422957 0.45027427971385 0.473472906773951 0.485585683738107 0.490009561748158 0.481685863912125 0.476326674700808 0.485474435448335 0.490216476205717 0.491273633101175 0.450740490943486 0.415056180381803 0.431434177483182 0.435318138254968 0.42663938282284 0.424908388031605 0.4356800775814 0.516757418368873 0.556933931649554 0.547664890395889 0.543110089244773 0.543085996461606 0.575177062632271 0.597891219153078 0.606931475835939 0.609615423133126 0.610214973023545 0.618159202819437 0.626211955051886 0.634456905264566 0.639698053284322 0.643518503808568 0.701577342852976 0.747770152796803 0.76779051196074 0.786561279652508
0.541487121874298 0.522378074734278 0.50852862443637 0.500950959437553 0.441784898958633 0.376365979219647 0.397611746818612 0.404830696795928 0.391880840481332 0.408861007808247 0.434659916423386 0.411965776109248 0.399979650439781 0.406680913977173 0.394151416578475 0.372688237675958 0.413867892491836 0.444142519719926 0.451068080655865 0.434347551016349 0.404116168750752 0.432813617396591 0.458834435935617 0.470190102495766 0.474030067283129 0.472657308553577 0.45383365283303 0.442303144532502 0.461677832277808 0.465501913782782 0.456319681199177 0.435012861855765 0.421333272666566 0.451022753934559 0.465989512002731 0.466152615877095 0.466956187648291 0.474169183898325 0.521637547656305 0.540785236812309 0.525695685652113 0.526655643394505 0.532653754950882 0.541363193648096 0.551771329886199 0.564656595679395 0.558114653315764 0.546707820068477 0.591386169733591 0.621974422891314 0.62760849905223 0.636324412365245 0.646497931087123 0.709827317094302 0.758893975361899 0.776582518915399 0.797057615044624
