layers/veg100/veg3700.asc
NCOLS 255 
NROWS 330 
XLLCORNER -2985163.8955 
YLLCORNER -3022031.214 
CELLSIZE 25000 
NODATA_value -9999 
[rows 225 to 249 of 330, columns 57 to 113 of 255]
-9999 -9999 -9999 -9999 -9999 -9999 -9999 -9999 -9999 -9999 -9999 -9999 -9999 -9999 -9999 -9999 -9999 -9999 0.180793562985618 0.1813829308029 0.179563939859851 0.172823214973683 0.150924000162358 0.120739351109556 0.069608328551206 0.0300580296034385 0.0218508351710648 0.0294759940661311 0.0476267631587012 0.052178581219371 0.0532495706528827 0.046977690567704 0.0445905987772399 0.0453215096991989 0.0599365393223695 0.0730050018347115 0.070931169907391 0.0696815239965693 0.0692274579043554 0.0674851077985904 0.0656669779250746 0.0649937503069003 0.062773558089062 0.0587585200074366 0.0549738849976097 0.0515144086915693 0.050426892097465 0.0492772141003377 0.0480406272164581 0.0475643259314689 0.0474560158541825 0.0490239654043443 0.0495112349745651 0.0481668946386683 0.0484098468813064 0.0493730536897545 0.050911148233677
-9999 -9999 -9999 -9999 -9999 -9999 -9999 -9999 -9999 -9999 -9999 -9999 -9999 -9999 -9999 -9999 -9999 -9999 0.23364407972389 0.206680063359567 0.186456210219971 0.180006588175721 0.154454659899365 0.118461658473366 0.0708746362941442 0.0351035364002089 0.0304016791238172 0.0375131574932991 0.0524783366720746 0.0558973337225981 0.0555033979050458 0.046109979687017 0.0418606141821646 0.0417399602301026 0.0603439861373626 0.0773009044936953 0.0756966546024594 0.0744161506865594 0.0734481560333459 0.0714152944330844 0.0692252577409916 0.067423610132364 0.0655096565852882 0.0634654015115025 0.0598648622127226 0.0560198319457061 0.0539234038710833 0.0522903201874159 0.0513050459681839 0.0502102101484026 0.0491991943502317 0.0503894826775772 0.0511071538967069 0.0510238015072971 0.0506469403532373 0.0501554879565297 0.0521466592205045
-9999 -9999 -9999 -9999 -9999 -9999 -9999 -9999 -9999 -9999 -9999 -9999 -9999 -9999 -9999 -9999 -9999 -9999 0.233712687161437 0.213263794301165 0.196736250095372 0.188222393506825 0.161664093952583 0.125242935607356 0.077334503603891 0.0404725496743121 0.0327169914368638 0.0378919781324315 0.0516634048386164 0.0585676566044214 0.0602514943574417 0.0470623860693901 0.0450328489782311 0.05196018948803 0.0665965626730513 0.0796141965850841 0.0810009508635029 0.0805035031620441 0.0781872511623283 0.0766159573183234 0.0748805475923092 0.0712558461873332 0.0688931064067899 0.0679945414382387 0.0658544349851276 0.0630898599291693 0.057810601025913 0.0547909535046035 0.0549305060680357 0.0534666364826039 0.051532461332077 0.0515214524337868 0.0518920977008667 0.0529095963963232 0.0529894126045213 0.0526590836321072 0.0541252673949829
-9999 -9999 -9999 -9999 -9999 -9999 -9999 -9999 -9999 -9999 -9999 -9999 -9999 -9999 -9999 -9999 -9999 0.235119217193983 0.234892570906212 0.220927289373972 0.207638655668665 0.195732822828497 0.165122865433371 0.124289475835588 0.0841667023142967 0.0527133523335997 0.043197487310331 0.0481506461178149 0.0627230511378592 0.0649727304837995 0.0635443334521998 0.0537728787203741 0.0546524128880275 0.064080627127578 0.0755720073161943 0.0853106276560902 0.0863403152801402 0.0864550225774258 0.085686507073275 0.0829682703409511 0.0795860808190021 0.0746948307228722 0.0714329738640505 0.0700615996401259 0.0688066339139369 0.0673001558816438 0.0632065134125427 0.0601472804712989 0.0585342726173308 0.0569493147468685 0.0553798837850325 0.0539071098688273 0.0533444490318729 0.0543243097207956 0.0545945680230868 0.054548826903295 0.0550804362687343
-9999 -9999 -9999 -9999 -9999 -9999 -9999 -9999 -9999 -9999 -9999 -9999 -9999 -9999 -9999 -9999 -9999 0.247335962690138 0.237748135532572 0.229307638077832 0.218583829367791 0.203193834417966 0.16805423795519 0.122119765126835 0.0910359014796752 0.0660924351345562 0.0553509947110936 0.0608546452261502 0.0771583007250205 0.07258774943946 0.0667584898168481 0.062827400357567 0.0666854475775148 0.0767951995110282 0.085375359864131 0.0920690751410764 0.0917079750636746 0.092332308114015 0.0939078714610661 0.0895989614482495 0.084009602470646 0.0781354611100946 0.0738717987784265 0.0714766741135768 0.0708215360722397 0.0705100214786367 0.0688832955908503 0.0662514509775043 0.0622143332325334 0.0605517467215884 0.0596347388319435 0.0567460884662961 0.0551148802195557 0.0556148703702219 0.0559335656980762 0.0561658345397065 0.0557529442852882
-9999 -9999 -9999 -9999 -9999 -9999 -9999 -9999 -9999 -9999 -9999 -9999 -9999 -9999 -9999 -9999 -9999 0.255933876193116 0.258551816082059 0.24259113444088 0.227259627475475 0.213213905007344 0.180952481703858 0.138734592276179 0.0967044587631201 0.0635767778872166 0.0530267118369032 0.0618317463039973 0.0835043715307447 0.0796980863953284 0.0755723395619223 0.0776872585927771 0.0823142896649022 0.0889575881792582 0.0940649418511556 0.0979024136690569 0.0973038456579029 0.0978121298327956 0.0993888490985207 0.0947710385187494 0.0889147281480221 0.0834044115429445 0.0787941273941386 0.0752280943754261 0.0738895569880983 0.07308886611962 0.0714962160700606 0.069530592143099 0.0670435072629357 0.0647626416767152 0.0625417548129159 0.0600644538920338 0.058196316709323 0.0573606316474919 0.0569968006861139 0.0568496863604608 0.0572364510217726
-9999 -9999 -9999 -9999 -9999 -9999 -9999 -9999 -9999 -9999 -9999 -9999 -9999 -9999 -9999 -9999 -9999 0.268286319422721 0.269460550382886 0.254133577337453 0.238770169999521 0.223332305360193 0.19253260415768 0.153336322075342 0.109034018038312 0.0728822521628146 0.0578925982909196 0.068195151146701 0.095312381109821 0.0916193372066582 0.0875371908821406 0.0909925347938979 0.0950624763470824 0.0996257052991261 0.102549170967789 0.104622794886137 0.104105952825605 0.104293605645212 0.1051613014378 0.100861206519604 0.0954815458572042 0.0901169924614403 0.0853261672850835 0.0812010029271865 0.0786931796617074 0.0766923058282713 0.075176428937768 0.0735101964075368 0.0716337491680129 0.0690018350554633 0.0661507179879721 0.064248305844323 0.0622373896470525 0.060042573402445 0.0589661374432171 0.0584027887811744 0.0590253673796291
-9999 -9999 -9999 -9999 -9999 -9999 -9999 -9999 -9999 -9999 -9999 -9999 -9999 -9999 -9999 -9999 -9999 0.266232732441315 0.264616109517353 0.262904189084856 0.254793746169287 0.233607250877524 0.202014221462874 0.164733115295025 0.131968175713791 0.101007470463867 0.0742055400453491 0.0831337806116201 0.115816029460679 0.111199767438554 0.104518570692288 0.101822850295076 0.103224537137139 0.107914878576763 0.110706469583043 0.1127553857818 0.112828439908113 0.112369757365571 0.111397793896048 0.108413014319309 0.10469384793707 0.0991278944970376 0.0944209359719974 0.0907106152953751 0.0862599541323856 0.0819269444509893 0.0805558166698154 0.0786049677094042 0.0758436009700487 0.0732860807278809 0.0708772109431857 0.0698100491478399 0.0678062446142011 0.0642149542847726 0.0623780267446125 0.0613397751180311 0.0613005088408931
-9999 -9999 -9999 -9999 -9999 -9999 -9999 -9999 -9999 -9999 -9999 -9999 -9999 -9999 -9999 -9999 -9999 0.272380217094568 0.271397462487532 0.268159385360491 0.259157520079985 0.238376748656793 0.204984586958853 0.164699202695146 0.146757201457341 0.127839222802326 0.104363708345557 0.107183186225995 0.127484009662818 0.126978665090752 0.124163111701453 0.119835879029828 0.119243716317308 0.121649389620567 0.123929025645983 0.125264163993239 0.122671600157109 0.120793636070925 0.119605469103424 0.116139488463793 0.11203414260748 0.106970333776636 0.102195326606393 0.0977553978639925 0.0926591875493871 0.0877402133396877 0.086110928481454 0.0840264292939629 0.0813054874159033 0.0786213284708571 0.0759924004149956 0.0741126743565466 0.0718215577487401 0.0688331884671793 0.066451260645375 0.0643578801389701 0.0643454246865788
-9999 -9999 -9999 -9999 -9999 -9999 -9999 -9999 -9999 -9999 -9999 -9999 -9999 -9999 -9999 -9999 -9999 0.297261328940795 0.282935210983069 0.271993452921227 0.258752251574346 0.24081189649146 0.205335981893753 0.160275357607619 0.158153796129822 0.153818876453298 0.139868155394413 0.13476905907387 0.135554669194844 0.141067259893162 0.144588005410167 0.140337387648509 0.138090664170531 0.137452303192108 0.139067391468185 0.139399388379412 0.132896684130637 0.129299171722722 0.128506016524832 0.123844062819749 0.11855314817669 0.114331433919289 0.109466004355949 0.103853712353372 0.0986515550662801 0.0938617915445803 0.0917792004112732 0.0895992089444188 0.0872830404586066 0.0843991771338304 0.0812956950039434 0.0779251314348444 0.075215439333229 0.0736258371277732 0.0708014513298225 0.0674461088132929 0.0677294206230649
-9999 -9999 -9999 -9999 -9999 -9999 -9999 -9999 -9999 -9999 -9999 -9999 -9999 -9999 -9999 -9999 0.307207154645223 0.299503282716939 0.288390893437977 0.278432705063811 0.26450354854172 0.242459301758744 0.211105558406413 0.174663364817449 0.171122979227052 0.166020066338549 0.153887796367285 0.14903964601614 0.149034098793394 0.151101188684564 0.14977774504871 0.136930490557204 0.13551330415355 0.143270101142913 0.144549629887076 0.143905553899768 0.139107769367128 0.134909724451675 0.131290603136358 0.127277978205817 0.123571271737137 0.122156426733798 0.119060742534505 0.114014886185696 0.108424262380884 0.102884842736576 0.0992028727816715 0.0957916829791551 0.0927590753909105 0.0901916967644522 0.0876974097505048 0.0835139866053661 0.0800559478580984 0.0778273399076854 0.0750914654464302 0.0721453487533 0.0717916360549483
-9999 -9999 -9999 -9999 -9999 -9999 -9999 -9999 -9999 -9999 -9999 -9999 -9999 -9999 -9999 0.326679546009072 0.31872610765988 0.3073820952731 0.294577591953937 0.286005904005903 0.272575674411897 0.249216504941114 0.220707447360985 0.189383527648043 0.184695147777702 0.178947761422493 0.168032455005007 0.16366277939506 0.163644747343844 0.162747474074508 0.158459645029262 0.143490289370502 0.142195217448627 0.151875377778161 0.152185510058415 0.150596998493919 0.146748969454216 0.142011894915583 0.13641663224634 0.132666583068409 0.129755026795295 0.129511830837964 0.127193338462269 0.122467009996825 0.116927428411099 0.111366472371606 0.107687858029376 0.103855999522653 0.0998098878123419 0.0967481192084586 0.0939293427436828 0.0891136352864518 0.0851727592678757 0.0827146070518734 0.0798957982711789 0.0769303094513249 0.076197596293632
-9999 -9999 -9999 -9999 -9999 -9999 -9999 -9999 -9999 -9999 -9999 -9999 -9999 -9999 -9999 0.332623112788592 0.340541365203506 0.326209000409512 0.302184093914756 0.295781491729866 0.285155390534447 0.265898125751093 0.237752579626753 0.204748814053503 0.199438454514745 0.193286498806013 0.182419927064597 0.178970640062332 0.180452486560789 0.177525331498118 0.17392413372127 0.169407732882945 0.166860796008773 0.16589458722488 0.164004264098101 0.161532764002832 0.157167785656196 0.152011134419881 0.146090288012378 0.141851650143339 0.138202709698631 0.135955184299011 0.132486113604755 0.127599760627515 0.122964849589727 0.118796535245443 0.118234160065528 0.115555870171965 0.109919284884747 0.104788218829708 0.0998315200294678 0.0947342474788709 0.0908262152313334 0.0889337883066197 0.0856990578124255 0.0818817598258617 0.0812711890055954
-9999 -9999 -9999 -9999 -9999 -9999 -9999 -9999 -9999 -9999 -9999 -9999 -9999 -9999 -9999 0.367435575938158 0.36535076416345 0.346665336153547 0.320765480108441 0.309603896132633 0.296413507866054 0.279077045058462 0.253879196381118 0.224384416017813 0.215514830684959 0.206821880491635 0.196656795695581 0.193039202325237 0.19377448948334 0.190848614261928 0.187963959278962 0.186256973069293 0.182729209959314 0.177740057737963 0.175350483003146 0.172844422211259 0.168237259735776 0.162636218657559 0.156075794936769 0.151769900241498 0.148009711016626 0.144683978844187 0.140376231289256 0.134929112964094 0.130214276741176 0.125901159769899 0.123375307121261 0.119741059900259 0.114557147876311 0.109558160360436 0.104664059409883 0.1004522184253 0.0968809134159386 0.0943952323278288 0.0918099532633406 0.089191939817245 0.0882728168487419
-9999 -9999 -9999 -9999 -9999 -9999 -9999 -9999 -9999 -9999 -9999 -9999 -9999 -9999 -9999 0.37169986934903 0.38100241954996 0.367968936497354 0.345053541292519 0.32553054756358 0.306984425714952 0.29043464410043 0.269528207232223 0.24624047903517 0.232284370795067 0.219939536598354 0.21081535417757 0.206463359320644 0.205283993639413 0.20341555329977 0.20126299438221 0.19839096633086 0.194023310577814 0.188455236455249 0.186450995039879 0.184351535553596 0.179645060212119 0.173586727055719 0.166223456938911 0.162069387820915 0.158523525111533 0.154601147608178 0.149616904424869 0.14340064518639 0.138093917754252 0.132836564205111 0.125705904007036 0.120018796869796 0.116349945167343 0.112627698589057 0.108940412888577 0.106220813574665 0.103144247874051 0.0994626712708826 0.0980808119644003 0.0977286022960928 0.0962769764389455
-9999 -9999 -9999 -9999 -9999 -9999 -9999 -9999 -9999 -9999 -9999 -9999 -9999 -9999 -9999 0.400143875123124 0.40160105666333 0.395555282693731 0.385959128619015 0.35580463791314 0.329970261173329 0.312964490825199 0.291808700356421 0.268384562645918 0.250356283376375 0.235549227354593 0.228415461400497 0.225446873953823 0.225247366028394 0.223349903107453 0.220803590415012 0.216649674623109 0.21210725146631 0.20725300513521 0.203317773680767 0.199166913279292 0.193533425576798 0.187022178756673 0.179663638454729 0.174263647504933 0.169249687427053 0.16409357343812 0.158289119219731 0.151732436553826 0.146477483412947 0.141381857258176 0.134412360634185 0.128582611133272 0.124346360955554 0.120240269554411 0.116243130863082 0.113353267756421 0.110435398868043 0.107470063876682 0.103023241423993 0.0979522709019945 0.0990420277733146
-9999 -9999 -9999 -9999 -9999 -9999 -9999 -9999 -9999 -9999 -9999 -9999 -9999 -9999 -9999 -9999 0.414872496051192 0.415894114536215 0.417002269730148 0.383616914117854 0.355479147695497 0.338065380646104 0.315948149606176 0.291260066074137 0.271716375999645 0.256020693861315 0.249612543008366 0.246951147139554 0.246780655917256 0.244389850505635 0.241153849757337 0.235826215662989 0.230883900346945 0.226250848986811 0.220631637973012 0.214754099765249 0.208390647908465 0.201373458840502 0.193725222749811 0.187195281885204 0.180907923367999 0.174670221490611 0.1681595950829 0.161332311484404 0.155758598167627 0.150396932704646 0.143764381871341 0.137806061763905 0.132790394797322 0.128285456920219 0.124015256141619 0.120648598708778 0.117563230532768 0.11495461051427 0.114714660682927 0.115483821659687 0.107961703958551
-9999 -9999 -9999 -9999 -9999 -9999 -9999 -9999 -9999 -9999 -9999 -9999 -9999 -9999 -9999 -9999 -9999 0.418453534330716 0.423373238945309 0.404666516236896 0.386312609657893 0.368679719876055 0.344159695792692 0.315875253310844 0.300896966007441 0.288021696482646 0.279245085555197 0.274180555829391 0.271583879046348 0.267648867814783 0.263079082079696 0.25684445492069 0.2509221402851 0.24525049343917 0.238677778971431 0.231999083217361 0.225427968903125 0.217777212769844 0.209084287483771 0.201785732083329 0.194792261020322 0.187876141813135 0.180941757280599 0.173986180638264 0.167165622133054 0.160444987718712 0.154289284684273 0.148123046515012 0.141942078999329 0.1371006225441 0.132735559853571 0.128254347809849 0.12423791815695 0.121009233300863 0.118174913112056 0.115483821659687 0.107961703958551
-9999 -9999 -9999 -9999 -9999 -9999 -9999 -9999 -9999 -9999 -9999 -9999 -9999 -9999 -9999 -9999 -9999 0.449123863809937 0.44475989980414 0.426821764085242 0.409293213090908 0.392601691477194 0.370368077349159 0.345105227240871 0.332345225523805 0.320702820814349 0.310732799664174 0.303856985042228 0.299038250066821 0.293553209600021 0.287474344973482 0.279670906260072 0.272072334196866 0.264638191884412 0.257174798528348 0.249763857854848 0.242593452560139 0.234640532374301 0.225932257156129 0.217362668847862 0.209022848661671 0.201867727708879 0.194608798226343 0.187229426226717 0.179539176532445 0.171903274566814 0.165556118353793 0.159158153164154 0.152689151103079 0.147144042249017 0.141941340320462 0.136905342077243 0.132179270288318 0.127978482926226 0.122110463534423 0.115537455941978 -9999
-9999 -9999 -9999 -9999 -9999 -9999 -9999 -9999 -9999 -9999 -9999 -9999 -9999 -9999 -9999 -9999 -9999 0.461883798115611 0.475666835644394 0.449678015365517 0.427294933475173 0.412280556492569 0.39530640897628 0.377261076271665 0.365231236813506 0.353815157098004 0.343396732879702 0.335084878471097 0.32817350649313 0.321134744619183 0.3134356609543 0.30364380337437 0.29392753110461 0.284271924998422 0.275957684894598 0.267858191405443 0.259840194131667 0.251795226608909 0.243724224932012 0.233565059544227 0.223472966324418 0.216357442660412 0.208836871537864 0.200846349289246 0.1925255322418 0.184255679059722 0.177293352317853 0.170648564710447 0.164447733824325 0.157966201746677 0.151454923605484 0.146219044506375 0.140923715257752 0.135527625853683 0.126347363218689 -9999 -9999
-9999 -9999 -9999 -9999 -9999 -9999 -9999 -9999 -9999 -9999 -9999 -9999 -9999 -9999 -9999 -9999 -9999 0.497058601459039 0.497964428154407 0.476601545205859 0.457511516259576 0.443066303058753 0.425713572271366 0.406771630032945 0.398157737350872 0.388718736801169 0.376223887441535 0.366552273229797 0.358757592411855 0.348780626600077 0.338444721135696 0.327574201740829 0.317035896636015 0.306764232845711 0.297667790509833 0.288671557451461 0.279373779308197 0.270317028067877 0.261492938066509 0.250716962392965 0.239920418109569 0.23141476221145 0.222843979999481 0.214197635815983 0.205655965109277 0.197205443489813 0.189317458333327 0.181981335588286 0.175416780817692 0.168424265972461 0.161369595262172 0.155959436186767 0.150525330296094 0.145050637714748 0.142995744019084 -9999 -9999
-9999 -9999 -9999 -9999 -9999 -9999 -9999 -9999 -9999 -9999 -9999 -9999 -9999 -9999 -9999 -9999 -9999 0.544441419830304 0.520281060824465 0.5039794644213 0.488317677709443 0.473963409265508 0.456226860656477 0.436641601520704 0.430889679353015 0.423159867673817 0.409121976882337 0.398190318411088 0.389323734531685 0.376478751260668 0.363614759947343 0.351824766349635 0.340487082083985 0.329512429627849 0.319580592392629 0.309670366978775 0.299207119055643 0.289154892526974 0.279499421487848 0.268120170754424 0.256658514329309 0.246840871583806 0.237263320479209 0.227964332625965 0.219121928418272 0.210405230000367 0.201666953390069 0.19364640113824 0.186629311195115 0.179171975209581 0.171663634451415 0.166077923605464 0.160546995896954 0.155108918374518 0.155781501565372 -9999 -9999
-9999 -9999 -9999 -9999 -9999 -9999 -9999 -9999 -9999 -9999 -9999 -9999 -9999 -9999 -9999 -9999 0.561230465598187 0.554446934217655 0.544619498207409 0.531807019048755 0.518124572334658 0.502664255596558 0.485814250366749 0.468204659408344 0.463022563895074 0.455790402887104 0.442197875029955 0.430291066271051 0.419504951433237 0.404320574257478 0.389490060763792 0.377055637135587 0.364691664598495 0.352384237406097 0.341440087107013 0.330611060522689 0.319427483387021 0.308639044965199 0.298232030615118 0.286068616932257 0.273822063912581 0.263255508342415 0.252982786408302 0.243050981187104 0.233572211475927 0.22422670134512 0.214937447338778 0.206354808988535 0.198760101686288 0.190880830018217 0.183016256236921 0.177245297641742 0.171646530420158 0.166339604845941 0.162435053712043 0.159186529604673 -9999
-9999 -9999 -9999 -9999 -9999 -9999 -9999 -9999 -9999 -9999 -9999 -9999 -9999 -9999 -9999 0.601851063377839 0.593336571882864 0.584895755034007 0.576413763546756 0.560988999542966 0.545785229965177 0.531033085695711 0.515398376251042 0.499281268113688 0.494203585717401 0.487300587311313 0.474736898815889 0.461888905557778 0.448851901793934 0.432695718908267 0.416987689766568 0.403614774530679 0.389847891715789 0.375764803258084 0.363659375160581 0.351790493749376 0.339702199505857 0.328045613151636 0.316805750786154 0.303966039580309 0.291071923471291 0.279833919655675 0.268882321051085 0.258263020424411 0.248190939687542 0.238303698195184 0.228701780683396 0.219588428991253 0.211158149260579 0.203064135483604 0.195165733756779 0.18859518274286 0.182402679984503 0.176850919113412 0.168594957679881 0.159186529604673 -9999
-9999 -9999 -9999 -9999 -9999 -9999 -9999 -9999 -9999 -9999 -9999 -9999 -9999 -9999 -9999 0.613448982596643 0.635905555140559 0.631015799250422 0.613923442189868 0.591209242140741 0.57180064691361 0.559147402144611 0.544980000184576 0.529984979517167 0.524654938228214 0.517951944541246 0.506864370875152 0.493101230268946 0.477559328534402 0.461479691886931 0.445728946727691 0.431192121129794 0.415733620942709 0.399535367736657 0.386154469958807 0.373152937631222 0.360018580069064 0.347392707585806 0.335257671465625 0.321824349126151 0.308387945659389 0.2965378756132 0.284919890950025 0.273571180380024 0.262938792884274 0.252576573206741 0.242844676445202 0.233224660822036 0.223761068070808 0.215611140542308 0.207926056898601 0.200084975333014 0.192895600974685 0.186810784301202 0.174376445811789 -9999 -9999
