layers/veg100/veg3500.asc
NCOLS 255 
NROWS 330 
XLLCORNER -2985163.8955 
YLLCORNER -3022031.214 
CELLSIZE 25000 
NODATA_value -9999 
[rows 200 to 224 of 330, columns 57 to 113 of 255]
-9999 -9999 -9999 -9999 -9999 -9999 -9999 -9999 -9999 -9999 -9999 -9999 -9999 -9999 -9999 -9999 -9999 -9999 -9999 -9999 0.109956437571078 0.109961002829197 0.083492557705817 0.0425543080192627 0.0214510531273487 0.00568595321730385 0.0016226227864183 0.00972407761455037 0.0259128827641815 0.0371962128106605 0.0489609989701011 0.0636780206704536 0.0676382936572361 0.0629650017953501 0.0646049302894363 0.0689828258255741 0.0810695607387296 0.0946519592176167 0.109678109136716 0.120523177596771 0.128286520289877 0.123028709421828 0.117989274689982 0.113203208073281 0.106345990960762 0.0987250230826873 0.0894400033003002 0.0883479615752997 0.0987106581207723 0.108528875165705 0.118532945551308 0.135358498890724 0.146019885255429 0.14623382232579 0.146614393421731 0.147092143735065 0.150633396092566
-9999 -9999 -9999 -9999 -9999 -9999 -9999 -9999 -9999 -9999 -9999 -9999 -9999 -9999 -9999 -9999 -9999 -9999 -9999 -9999 0.107009049745714 0.107401257392506 0.081772971712993 0.0419222214311113 0.0202565387397582 0.00432037563893852 0.0012329225531251 0.010706406222692 0.0285306082768396 0.0413400751080178 0.0527141828471863 0.0608911704806269 0.06471927701272 0.0650568913889196 0.0649692447020202 0.0668377292679438 0.077265077258961 0.086818539484904 0.0955284471436205 0.109063249866659 0.120505316929295 0.113633028363464 0.11130676836006 0.114254979772294 0.103665544165294 0.0901242847994564 0.0842818043670791 0.0833176049473029 0.0891738109793377 0.0964659398461023 0.104933205959822 0.125136946914684 0.139054934568238 0.142319400154401 0.142910487818682 0.142326100515407 0.146009883139449
-9999 -9999 -9999 -9999 -9999 -9999 -9999 -9999 -9999 -9999 -9999 -9999 -9999 -9999 -9999 -9999 -9999 -9999 -9999 -9999 0.106291873607358 0.104501280391818 0.076286244813715 0.0336279513224742 0.0137587728976084 8.74823927141228e-05 2.49651937684496e-05 0.00969475384943749 0.0258347403101931 0.0456855191456498 0.0606974847866147 0.0590483718490477 0.0624788805902002 0.0699863873479191 0.068529614578683 0.067380137211995 0.0730757047324625 0.0786588720185214 0.0841335403051891 0.0937699942884293 0.102224280829553 0.0985579341536822 0.102494353015577 0.115251783219144 0.100432861786239 0.0802241781657062 0.081371313656749 0.0810090827940848 0.0785365818422208 0.0837250094425693 0.0923942491802194 0.113898299624389 0.130370081554389 0.138312832659462 0.140170385621377 0.139309968153661 0.142270468231649
-9999 -9999 -9999 -9999 -9999 -9999 -9999 -9999 -9999 -9999 -9999 -9999 -9999 -9999 -9999 -9999 -9999 -9999 -9999 0.14917521320797 0.141102986408025 0.116534316764 0.0870737853480854 0.0549394256531343 0.0262920745736083 0.00485312358055615 0.00138495492420678 0.008857981960959 0.0236048967501149 0.0421377314747789 0.0570496125484699 0.0592058144549945 0.0617902880991316 0.06471850053628 0.0644374240045503 0.0646058771200826 0.0686648010203988 0.0697198674350661 0.0678753355239718 0.0785531328410099 0.0898632518872645 0.0894293314240931 0.0905326130899175 0.0934194138379707 0.0891243884102531 0.0832780315510562 0.081649168875155 0.0800421290732636 0.0784656001928395 0.0810967724329283 0.0857109397766344 0.0986452765948654 0.111690212577647 0.124922599544215 0.131430744228859 0.134891164081322 0.136401774857249
-9999 -9999 -9999 -9999 -9999 -9999 -9999 -9999 -9999 -9999 -9999 -9999 -9999 -9999 -9999 -9999 -9999 -9999 0.143311230379464 0.145574032097049 0.140038686130265 0.118567006763412 0.0942949278382252 0.0684921867887114 0.0363052888663421 0.0116116430096437 0.00653087678117368 0.0116850289166807 0.023643523961576 0.0392450160253501 0.0525865057966859 0.0576013212095446 0.0585859750379027 0.0563359468710866 0.0588068379663324 0.0620575285868165 0.065696835602661 0.063380675455555 0.0553157530261767 0.0658403746942623 0.0784131047652365 0.0800994996890751 0.0790791262495744 0.0749182594838365 0.0773268894504355 0.0809166560038348 0.07848233168323 0.0777002787714329 0.0792282938724038 0.0801144891280766 0.0809857792651878 0.0857212845912517 0.0943293081932463 0.10950073906425 0.120167421821405 0.128751598015104 0.130354490662613
-9999 -9999 -9999 -9999 -9999 -9999 -9999 -9999 -9999 -9999 -9999 -9999 -9999 -9999 -9999 -9999 -9999 -9999 0.14326739805379 0.141367779114772 0.134546540899009 0.117667457046439 0.0922774003661446 0.0622353561829215 0.0394147190015414 0.0226304691036102 0.0204946281828408 0.0231606929638843 0.0290191440299695 0.0382937915271196 0.0467770578050466 0.0517337578185056 0.0493598150404684 0.0411021631967945 0.0499227368666548 0.0602083811995249 0.0661494753546859 0.06322351404367 0.0517382587891175 0.0590408212004442 0.0688200988536384 0.0699976514424567 0.0689836483358068 0.0654269208021566 0.0647765649541107 0.0651135275014463 0.0670169470126986 0.072042749286993 0.0814340065985603 0.0825171965107579 0.0805955853013423 0.0785008039945011 0.080583431493158 0.0897462154600346 0.103239996851751 0.118615941865314 0.123991387671074
-9999 -9999 -9999 -9999 -9999 -9999 -9999 -9999 -9999 -9999 -9999 -9999 -9999 -9999 -9999 -9999 -9999 -9999 -9999 0.137399590732965 0.132362015840066 0.117029627836359 0.0858438329341946 0.0459927711743754 0.0298965816533576 0.0196208007177435 0.0219057986928973 0.0253947510495991 0.029684112180263 0.0366508056704147 0.0433867781629461 0.048614808431543 0.0441701797763142 0.031962096725934 0.0425275965170274 0.0550326368597892 0.0616844318751777 0.0609341524141835 0.0530387128177891 0.0557350551119843 0.0604020752742416 0.0636099900887091 0.0632225414820166 0.0586636185140604 0.0571103212361406 0.0570991347004958 0.0634519823864345 0.0695548894416622 0.0753083503629081 0.0749266279774772 0.0726112863125412 0.0752610303780539 0.0780571050887895 0.0811011909261619 0.0903292584422627 0.102338689984791 0.113148723607902
-9999 -9999 -9999 -9999 -9999 -9999 -9999 -9999 -9999 -9999 -9999 -9999 -9999 -9999 -9999 -9999 -9999 -9999 -9999 -9999 0.132244730469769 0.116555372129583 0.0766502711267996 0.0235091588570547 0.0124863021265685 0.00784342048774546 0.0154716931246116 0.0218528694460034 0.0274049555226321 0.0345754737579923 0.0415084619764888 0.0472137237515261 0.0415033445007109 0.0266305612828415 0.0360630463189254 0.0477777924753178 0.0541458704514039 0.057312180423065 0.0573878507124303 0.0546128819428409 0.0527184075108232 0.059543669806789 0.0601703865071365 0.0536053200689376 0.0524965941620367 0.0539526477435028 0.0648247255445169 0.0690480511576081 0.0639756462555626 0.061090331241786 0.0598807243039556 0.0745091710413176 0.0825429198771215 0.0793995263316919 0.0799289213005912 0.0822229833286939 0.0995063649145805
-9999 -9999 -9999 -9999 -9999 -9999 -9999 -9999 -9999 -9999 -9999 -9999 -9999 -9999 -9999 -9999 -9999 -9999 -9999 -9999 0.12385726774477 0.124681621912269 0.0921660763510986 0.0414273734580803 0.0198543234507438 0.00564491770708763 0.00740933233619341 0.0144596757964946 0.0250241921190499 0.0329221824468109 0.0401621511290739 0.0460413371732484 0.0442166432136332 0.0362086731201086 0.0397671320696894 0.0445479061656873 0.0473620480277057 0.0503664198659335 0.0535544190976582 0.0532834813059688 0.0526294642699026 0.0539893120302271 0.0539031427772361 0.0521392508046179 0.0494940262069429 0.0479555202176269 0.0587438484120466 0.0650516197717761 0.0650950504378207 0.0623449241424355 0.05916335193963 0.0662574531579231 0.0726616981401567 0.0778967278697557 0.0785704132509646 0.077268122895639 0.0873743631927434
-9999 -9999 -9999 -9999 -9999 -9999 -9999 -9999 -9999 -9999 -9999 -9999 -9999 -9999 -9999 -9999 -9999 -9999 -9999 -9999 0.133623255107321 0.134868702093941 0.10580825521754 0.0601829993152386 0.0276239705773828 0.00383639414468863 0.00109480685453217 0.00887692943190218 0.0236553882838819 0.0324997729242391 0.040097381073576 0.0453682755332488 0.04650928357571 0.0443355686335532 0.0429548309040487 0.0418986627342081 0.0417287696711241 0.0440240531830546 0.0486989508756741 0.0507387742198438 0.0516082055315064 0.0488265658624435 0.0482517199070099 0.0502372780939851 0.0461188276845968 0.0419510983755997 0.052923564199421 0.0610372644299133 0.0651540771527311 0.0634944537172691 0.0599312017791956 0.0595597582745509 0.0632985124610913 0.0740035091495874 0.0751840177622733 0.0721199067697112 0.076361774272771
-9999 -9999 -9999 -9999 -9999 -9999 -9999 -9999 -9999 -9999 -9999 -9999 -9999 -9999 -9999 -9999 -9999 -9999 -9999 -9999 0.132929157915184 0.132062047234991 0.108624998229882 0.0728515132902827 0.0313271139377265 0.00115459682792955 0.000329491828463044 0.00950190413431172 0.0253208312015613 0.0356521486163422 0.043734858114531 0.0461331676183735 0.0464070176134615 0.0449757372363895 0.0424456988310315 0.040123249745625 0.0393604507983011 0.0401839019693588 0.0425385470167812 0.0446200308223844 0.0461984915855532 0.0451456871933529 0.045116423851701 0.0462747109047977 0.0412921220930109 0.0365303516291186 0.0494620076947527 0.0577106334594332 0.0594118370249591 0.0611263497182552 0.0625694114026702 0.0590812350029171 0.0585286819214446 0.0629516228346763 0.063840257447631 0.0631763483466531 0.0683609944209209
-9999 -9999 -9999 -9999 -9999 -9999 -9999 -9999 -9999 -9999 -9999 -9999 -9999 -9999 -9999 -9999 -9999 -9999 -9999 -9999 0.128769596499352 0.129067932196159 0.112395928230187 0.0864481564254832 0.0364784665253636 0 0 0.00872999170757209 0.0232638262072379 0.0357549427771759 0.0457403199254262 0.0482291646138224 0.0480895524579004 0.0458402923756753 0.0424821240193591 0.0394551056914483 0.0385180340971895 0.0381442526386835 0.0383142104029435 0.0381744867783289 0.0380698369812981 0.0385549212473431 0.0393914839326213 0.0406358449522042 0.0368449857837534 0.0333334956765193 0.0452248000435421 0.0531231211992779 0.0554387864168046 0.0587357389596784 0.0621084539558748 0.0605187359152624 0.0590727909634744 0.0578705224178488 0.0581368691214554 0.0590844565770071 0.0626300544731617
-9999 -9999 -9999 -9999 -9999 -9999 -9999 -9999 -9999 -9999 -9999 -9999 -9999 -9999 -9999 -9999 -9999 -9999 -9999 -9999 0.128408586402069 0.127608149970921 0.116888244373052 0.100746485417952 0.0427246968269889 0 0 0.00690200219070046 0.0183925695264018 0.0335521868885759 0.0465119426814347 0.0513315059094093 0.0511214355804208 0.0468744886230604 0.042931002378053 0.0396240810650624 0.0388292326679921 0.0374658219417253 0.0355535827887751 0.0314818743285958 0.0278856040280536 0.0297642171503583 0.0317087168569587 0.0337296606291363 0.032684812117948 0.0318179495945353 0.0404011832339215 0.0475823552254791 0.0528032816137342 0.0563281126007347 0.0593044587123197 0.0634047928366188 0.0636343540527558 0.0573034661678465 0.0566977248508966 0.0586605304537671 0.0586151629239856
-9999 -9999 -9999 -9999 -9999 -9999 -9999 -9999 -9999 -9999 -9999 -9999 -9999 -9999 -9999 -9999 -9999 -9999 -9999 -9999 0.130167700490271 0.130266925569921 0.117393275404966 0.0974288196721233 0.0468529975995329 0.00812516688287855 0.00231871076383243 0.00316300591127632 0.00842883043618181 0.0333136990090644 0.0534432986804398 0.0526415763466132 0.0504224867052769 0.0470657919297489 0.0437312418645668 0.0406838960180306 0.0388408947058672 0.03652732406404 0.0337595168124645 0.0285229098560235 0.0238659958263132 0.025681573616212 0.0275963427095319 0.0296261972422391 0.0307200376412156 0.0321497873566644 0.0390282539055911 0.0448186997249473 0.0490879657482897 0.0538448241025341 0.0586187499260906 0.0605595552446853 0.0605009937773543 0.0570537695430271 0.0553482341829727 0.054454070288346 0.0571229462110521
-9999 -9999 -9999 -9999 -9999 -9999 -9999 -9999 -9999 -9999 -9999 -9999 -9999 -9999 -9999 -9999 -9999 -9999 -9999 -9999 0.131953310453015 0.132585512619636 0.11750324170467 0.0938316433567074 0.0489797275993841 0.0135171227420002 0.00385743437023612 0 0 0.0331240827120058 0.0594008197874919 0.0541467569000372 0.0503438580507095 0.0477056902147057 0.0450082884277148 0.0422318239136583 0.0391566729528704 0.0359146196483977 0.032511456917587 0.0267628986554174 0.0216604136362566 0.0232696871598962 0.0249122308662846 0.0265933758760946 0.0294240626803379 0.0327588828432895 0.03774776032011 0.0419931685404533 0.0451991200839399 0.0510281535776519 0.0574233914616159 0.0570455412492912 0.0569241029743233 0.057237249084397 0.0548560901703371 0.0513166027291686 0.0557476129000973
-9999 -9999 -9999 -9999 -9999 -9999 -9999 -9999 -9999 -9999 -9999 -9999 -9999 -9999 -9999 -9999 -9999 -9999 -9999 -9999 0.131626438587269 0.131263771917265 0.118039913250165 0.0977862936316054 0.0444069823535325 0.00436196675001699 0.00124479157173451 0 0 0.0321608416065179 0.0585754284501892 0.0572844202460856 0.0544913608721178 0.0504927275346454 0.0479563148905373 0.0452300770384903 0.0407948306403073 0.0366887497149379 0.0329004094475155 0.0278080009803344 0.0234463404199931 0.0250092414786233 0.0259996540925891 0.0263258443208616 0.0296376099361295 0.0335344845458644 0.0351336592014233 0.0375675908339196 0.0411686100166688 0.0469598303969589 0.053219902563354 0.0537547777439064 0.0554034089340387 0.0589397095341809 0.0576341921832588 0.0541650001898647 0.0535879285204551
-9999 -9999 -9999 -9999 -9999 -9999 -9999 -9999 -9999 -9999 -9999 -9999 -9999 -9999 -9999 -9999 -9999 -9999 -9999 -9999 0.1313201830684 0.131082304961216 0.119246475212017 0.101071355326386 0.0522464060123247 0.0136563690305976 0.00389717163014089 0 0 0.0315697610079443 0.057360821833377 0.0555103437112699 0.0540190475651828 0.0528160374955874 0.050280217026727 0.0472547636904772 0.0429767309351316 0.0388005189503469 0.0347225936976246 0.0300715068081523 0.0261187972883441 0.0269962889414841 0.0274569230659123 0.0274339035816156 0.0306055950349926 0.0343159963249152 0.03477215529875 0.0363559765194024 0.0395164009976631 0.0438124111028603 0.04835345707946 0.0499607681349124 0.0527761218990892 0.0576389485815982 0.0582867294969882 0.0570178951956671 0.0536677393943712
-9999 -9999 -9999 -9999 -9999 -9999 -9999 -9999 -9999 -9999 -9999 -9999 -9999 -9999 -9999 -9999 -9999 -9999 -9999 -9999 0.131566395852457 0.132077892199627 0.121062660448646 0.103747068427732 0.0713813294572763 0.039740502672674 0.0113409032251896 0 0 0.0313173592461285 0.0557920159512918 0.0492664152754528 0.0493425429931521 0.0547173396410835 0.0520361446008415 0.0483934714317422 0.0456534556681872 0.0421295857476882 0.0378490680128457 0.0334438016487691 0.0295980269663563 0.0292085636614115 0.0292507643650278 0.0297937977059776 0.0322601444692717 0.0351028864764392 0.0364605921894433 0.0380691792200375 0.040028527574514 0.0415030459582026 0.0428836983447741 0.0457087872962829 0.0491417972520486 0.0536051530587616 0.0570049299684101 0.0598748831219073 0.0557855678260574
-9999 -9999 -9999 -9999 -9999 -9999 -9999 -9999 -9999 -9999 -9999 -9999 -9999 -9999 -9999 -9999 -9999 -9999 -9999 -9999 0.137583368318276 0.137585511814172 0.124233839654059 0.103583144831598 0.0659028978365083 0.0324038705191699 0.0111027458507536 0.00166923644466466 0.000125513834118533 0.0297949232314797 0.052701296912652 0.0448940316380431 0.0461178481726728 0.0545901774809932 0.0537964743331652 0.0515998590330589 0.0491818359089862 0.0460233744383752 0.0421501740694612 0.0384646168245842 0.0351134839719379 0.0335042312841311 0.0327017481631175 0.0328353090991578 0.0345388407391278 0.0365539250952485 0.0373960116703803 0.0382981445365219 0.0392842291162911 0.0398742944192774 0.0404997447020716 0.0443053313392718 0.0478662613476321 0.051012530667076 0.0540222111462763 0.05694776838654 0.056740301527085
-9999 -9999 -9999 -9999 -9999 -9999 -9999 -9999 -9999 -9999 -9999 -9999 -9999 -9999 -9999 -9999 -9999 -9999 -9999 -9999 0.159933214575738 0.1477032226257 0.128568825891254 0.105660570936087 0.0598170135316955 0.022692327396174 0.00983234105272256 0.00332597530392277 0.0010436015504398 0.0276352734591115 0.048210051146084 0.0411445191786531 0.0438841900357844 0.0544936974666206 0.055761282591886 0.0552440541675876 0.0529326879105175 0.0500038484070058 0.0464789671804301 0.0433799437866662 0.0404556854613025 0.0380365894795265 0.0364409267980901 0.0358006420571318 0.0367829688592979 0.0380903836347133 0.038213593299232 0.038340529417014 0.0384726755508011 0.0386769419113835 0.0391219632797491 0.0434005169576227 0.0468411759621385 0.0488617141052598 0.0512166936696948 0.0537293292102451 0.0571844980511623
-9999 -9999 -9999 -9999 -9999 -9999 -9999 -9999 -9999 -9999 -9999 -9999 -9999 -9999 -9999 -9999 -9999 -9999 -9999 0.163951473204007 0.160758090401745 0.15103869461913 0.137688729755404 0.122354342859588 0.0749291224393888 0.0336021211478139 0.0107408940910098 0.00326237843323618 0.00601054358647442 0.0233792482037781 0.0378528993781636 0.0388196508310211 0.0454297721547056 0.056569366188238 0.0587984000195853 0.0591440419757284 0.0570108027160955 0.05388101321378 0.0497892621573544 0.0461058306184705 0.0428673298744824 0.0417501933709964 0.0400550396126451 0.037689248737376 0.0382264319119629 0.039418319717293 0.0391570882110447 0.0388716444070983 0.0385523489888653 0.0390764844137525 0.0399835179789007 0.0422978485057361 0.0447968190884902 0.0476087301918093 0.0510301559311309 0.0547100781659123 0.0560933315968112
-9999 -9999 -9999 -9999 -9999 -9999 -9999 -9999 -9999 -9999 -9999 -9999 -9999 -9999 -9999 -9999 -9999 -9999 0.163966538751474 0.163962658292741 0.160817890267272 0.151254388785912 0.140360557366771 0.128739584835728 0.0785300860244088 0.0345231911505652 0.00985201855870071 0.00271442350802086 0.00723344063301526 0.021975426741015 0.0348253441124099 0.0386572649458732 0.0467610666679033 0.0582935587553319 0.0608189192634828 0.0615227248686104 0.0600696015334827 0.0575672811187017 0.0540521796015913 0.0497561264870946 0.0458331160301151 0.0450769731172818 0.0435860844192232 0.0412427163342198 0.0405491170630094 0.0403062194779673 0.0399533998558972 0.0397172739492569 0.0396442994582183 0.0401728969988906 0.0408989928598352 0.0412792952643627 0.0424563087177459 0.0449836422256166 0.0489029216388095 0.0534281235748545 0.0548800394602125
-9999 -9999 -9999 -9999 -9999 -9999 -9999 -9999 -9999 -9999 -9999 -9999 -9999 -9999 -9999 -9999 -9999 -9999 0.163966651212469 0.163973450314098 0.160040957522121 0.148058108220157 0.135980384973511 0.123850804857626 0.0695417758963991 0.0245199982938327 0.00699736815164595 0.0016367457834971 0.00436162721892156 0.0236909451200732 0.0398138718675258 0.0408598986010674 0.0478580035002499 0.0596333560786107 0.0617276262216959 0.0622376181521782 0.0620136157125311 0.0610447728088315 0.0593569416798767 0.0544174111028071 0.0494049445799667 0.0479806989531154 0.0470262811077468 0.0466169749284561 0.0438333718355661 0.0407128693243319 0.0405887431190814 0.0409068753266936 0.0418433363436559 0.0420314481869634 0.0418734380611064 0.0403527354240713 0.0397919072543692 0.0408579395943737 0.0446532260774899 0.0496715417001797 0.0535331834081123
-9999 -9999 -9999 -9999 -9999 -9999 -9999 -9999 -9999 -9999 -9999 -9999 -9999 -9999 -9999 -9999 -9999 -9999 0.171497743762738 0.171256819110073 0.166353165941616 0.151920737583298 0.136342644034792 0.120138344733409 0.0677535178333157 0.0249604852390083 0.00988098307099581 0.00958783160800324 0.0191248905089294 0.0328351945460442 0.0433552370346507 0.042397785797808 0.0475378286942136 0.0575718328065546 0.0616280801537247 0.0641729165959835 0.0640033579045683 0.0629426985775715 0.0610218673138694 0.0579662760209588 0.0547907033941313 0.0523094176490313 0.0503966267197097 0.0491434246193156 0.0476293001878364 0.0460957191999398 0.0450513596470747 0.0443404136229482 0.0440956185735689 0.044015514611925 0.0439298973516256 0.0426860327577092 0.0413601263744307 0.0398951699884682 0.0431872372311582 0.0486152406296939 0.0526156661174696
-9999 -9999 -9999 -9999 -9999 -9999 -9999 -9999 -9999 -9999 -9999 -9999 -9999 -9999 -9999 -9999 -9999 -9999 0.183199405975053 0.181038208379589 0.17428422688997 0.158144409387211 0.138383669302669 0.116643779837617 0.0678676403452376 0.0284131862326493 0.0151352660405337 0.0201745753378579 0.0373914815796557 0.0434144393634242 0.0465714309203814 0.0436818029598706 0.0464357724494838 0.0537193973082849 0.0608598118073073 0.0665643729562437 0.0662680064887671 0.0648789306891788 0.0624350717765193 0.0614260712418762 0.0603409410325245 0.0570331867233855 0.0541172809616548 0.0516560124583976 0.0517287953763219 0.0522311369810093 0.0501727182092205 0.0482438521428949 0.0464961158590391 0.0461284065085748 0.0462274931585734 0.0457783731992513 0.0441294620263326 0.0404470631300488 0.0428686906459019 0.0480329893320488 0.0516330483785496
