layers/veg100/veg3400.asc
NCOLS 255 
NROWS 330 
XLLCORNER -2985163.8955 
YLLCORNER -3022031.214 
CELLSIZE 25000 
NODATA_value -9999 
[rows 175 to 199 of 330, columns 114 to 170 of 255]
0.359500575122225 0.360847385629473 0.355318393974835 0.34597495977469 0.349892494199487 0.354480697411249 0.359418765960089 0.364452717038553 0.369551321173933 0.375603099315429 0.382195256408084 0.390273207515055 0.397880123717353 0.405103742068735 0.417145639378782 0.428962670259597 0.436665535917508 0.442814970927648 0.447444353750632 0.44304875355288 0.439874120671984 0.455848902872744 0.470120650415023 0.482389250383988 0.490112727168182 0.497319476995398 0.511942858553766 0.519537680732849 0.517167185101389 0.516957317740792 0.518224327262847 0.532589983208033 0.536963029196258 0.524150882000018 0.520406172370224 0.520760372865161 0.505830301034695 0.501863911956895 0.521008238561804 0.502205450997977 0.462037435674556 0.46536084639688 0.455329266831208 0.405207630101201 0.400220909596715 0.426101095821721 0.455246903029374 0.477250622490922 0.474276385623251 0.526283220370955 0.62364892523319 0.664305315540643 0.688519140228558 0.678737322597925 0.60851311621838 0.478335278935651 0.478140561605547
0.350996837302676 0.345628736609244 0.341996241127021 0.339326595680904 0.343273088153551 0.34808075847707 0.354422141041306 0.360215814865235 0.365640171729133 0.37235760607325 0.379392634726067 0.38707803617605 0.394807443417161 0.402572659735264 0.410671368450988 0.418771476805301 0.426660382912102 0.433828278905391 0.440290657081342 0.437639017694701 0.435468932695994 0.448077399541452 0.461813247026078 0.476875144911561 0.487602327784203 0.497295865256483 0.508944228059065 0.512393935133398 0.504219324116028 0.50074576117507 0.499510326097462 0.508107068707146 0.513192186391643 0.512238045765186 0.505937279400272 0.497163404635449 0.482395897034624 0.475684057059993 0.485953029859982 0.48067991597654 0.46665619670123 0.465809930697259 0.455850320228407 0.42044163257571 0.43223443626892 0.476307437926547 0.478887058858498 0.482665099191733 0.503884683003037 0.540815636746882 0.590708323813731 0.648732834194585 0.696235613001321 0.691496324879232 -9999 -9999 -9999
0.340525014960147 0.330814062099358 0.329617622331444 0.33314472175664 0.33693845898348 0.34177431693924 0.349272281130094 0.355945108100686 0.362061549628854 0.368900129524241 0.375890089513795 0.383157874139978 0.390996920648031 0.3993008232622 0.403962663769567 0.408614561785216 0.415596161705075 0.423618034249148 0.432657827149012 0.432572549104351 0.43215445662107 0.441587780755472 0.454414710822729 0.47123327632461 0.48414356982689 0.495684203285061 0.504844956022644 0.50569767817511 0.494771007041893 0.489490960635978 0.486524171083526 0.488188077364435 0.492573523146464 0.501639446029807 0.49324123029423 0.476850676874135 0.463796368134889 0.455057320101819 0.455414555272762 0.461087121825041 0.469752360364839 0.466207345155772 0.458906964186078 0.443159547336063 0.470055094914919 0.526113351007917 0.502008401642121 0.488136047353266 0.534477542592459 0.556631500985913 0.55883096758897 0.626441323712965 0.68987193083945 -9999 -9999 -9999 -9999
0.322626241333078 0.321972000137211 0.323797928229234 0.326999763165149 0.331949122719876 0.337675146642784 0.345223845542928 0.352298436819655 0.359053339960477 0.36380841834854 0.369084661494976 0.376681564930617 0.384385988088263 0.392177903866875 0.398077142684045 0.402615860756702 0.40248831012013 0.410820336634707 0.427430169930976 0.42798677143167 0.427052699720222 0.437957184369691 0.450249831994081 0.464175268053357 0.476206301167889 0.487454189774846 0.496419956309515 0.50075885809824 0.498537642063158 0.494976329938881 0.491120263894845 0.491031884949152 0.493244256446685 0.499413436126106 0.49011158795182 0.47373830803936 0.462663831210334 0.454129412892385 0.450949269355204 0.457215587593027 0.468800513365743 0.464523512697214 0.46022498250603 0.457704133002144 0.481491373343688 0.523270213612714 0.499005461744218 0.488097675588184 0.54329903109906 0.571011414134491 0.576045651847141 0.634977229123508 -9999 -9999 -9999 -9999 -9999
0.311518634735318 0.315193647810637 0.317855831135372 0.31995613370772 0.326686542468176 0.333528025415339 0.340173945454822 0.346999011798001 0.353944875498267 0.35796190105403 0.36295908371707 0.372067659835462 0.379920342611 0.386751060316603 0.391193359145713 0.394296301453151 0.393147722450901 0.401425624921939 0.418927462688191 0.421097175562911 0.421603925992245 0.431965701857454 0.44326191531507 0.455657235233215 0.467324381037854 0.478576765737561 0.487875567921223 0.494574293982307 0.497586548393246 0.493492488709949 0.487365226170325 0.492217528096343 0.496696198215314 0.500532299995119 0.491843354314875 0.477402513681801 0.460039896934898 0.446704590926125 0.441858588697345 0.451862097318828 0.470226272841715 0.462007083835491 0.457148314456567 0.464185647962155 0.481069053242576 0.504685998862524 0.51054088610584 0.524845331641675 0.573198060192733 0.591794155377538 0.585841306202953 -9999 -9999 -9999 -9999 -9999 -9999
0.306507522422619 0.3102679069638 0.311803851728816 0.312105758992119 0.321178668527679 0.329337858187777 0.334225021299082 0.340215894254748 0.346950992625273 0.351437787233063 0.357443813871589 0.369125652366994 0.377380541452078 0.382846799947067 0.383413426048359 0.383893285926369 0.387189042903407 0.395085805543899 0.407484712346332 0.412139420509493 0.415843632006516 0.42385482974465 0.433739731101923 0.445828524693037 0.457594438429552 0.469118155202972 0.479224003200396 0.487271413768123 0.492400305465468 0.485752321875217 0.476113300301862 0.491914621488619 0.502644856889893 0.504653888396101 0.497939252831111 0.487150113738539 0.456077121281072 0.433447427697373 0.42861564783462 0.44517824121753 0.473786431931896 0.458743225380039 0.450126495268845 0.463428868786936 0.47000115810933 0.471970871454577 0.535127536308301 0.59461614960507 0.622018594997821 0.618324775404558 0.588976827888599 -9999 -9999 -9999 -9999 -9999 -9999
0.300262262277032 0.303782069277637 0.305517143816204 0.306262114323961 0.315194494865456 0.322900258711816 0.326587145590278 0.33334518663585 0.342174089870235 0.346944466416579 0.352411805513325 0.361403514441106 0.366981170993383 0.369780691731382 0.372008698972767 0.375149761269486 0.382622263533255 0.392364914285251 0.40432893499647 0.411888805887211 0.417684447485635 0.418504315276909 0.422070171067066 0.428865919548437 0.446057846357874 0.464409808332797 0.465590370993847 0.468033348038017 0.472266216844852 0.467758255347346 0.461230446906109 0.477414985082312 0.489150054299914 0.493232970181083 0.48258216005436 0.465212504494252 0.457051504115452 0.451504383599309 0.451467148374214 0.463260657783302 0.481715188964717 0.472547400846382 0.465077241728391 0.465257995467199 0.464310781718001 0.462592172557936 0.52574915019988 0.587590768239411 0.624032470551249 -9999 -9999 -9999 -9999 -9999 -9999 -9999 -9999
0.293783693350804 0.296654987327349 0.298759668781363 0.300439061759501 0.308834273368549 0.315836814994884 0.318545147947007 0.326019746654563 0.336708211875386 0.341754445522124 0.34658833738472 0.352440281888797 0.355698748068946 0.356846808718429 0.361382892630103 0.367383012079875 0.377524028407526 0.389098474373407 0.402075549970581 0.411616920573137 0.418382301914781 0.412772783186004 0.410921568764898 0.413490956188973 0.435426848065472 0.459438977268143 0.450661490994575 0.447254873254751 0.451463245866314 0.450269447337368 0.447965309071961 0.462339911407625 0.473622429889948 0.479587212706502 0.463526283857651 0.437521076751178 0.451950653202938 0.463616590868193 0.469456961369064 0.476989192322726 0.485473985406687 0.48517417816553 0.480858467367594 0.467015602654154 0.461146044893659 0.460729279397415 0.517995062810471 0.570732810787015 0.589638083236814 -9999 -9999 -9999 -9999 -9999 -9999 -9999 -9999
0.287269750084519 0.28770493603433 0.289806040580332 0.292831335587468 0.300991827820569 0.307676971057377 0.310019132480804 0.316441878639353 0.325616140409431 0.331073960675793 0.336245665354525 0.341607376184443 0.34728604992444 0.353222647654885 0.358171337486838 0.363068471354325 0.368385678170847 0.379621618400097 0.39664911661239 0.403033388047082 0.406050819318238 0.402484465229692 0.404470860938566 0.412988525536497 0.431147781490886 0.448645440608579 0.433775106069089 0.429810127247426 0.441307112919578 0.445034547902832 0.446427209422301 0.457683916600018 0.465973168922346 0.469159021314558 0.445687507199741 0.410133742631645 0.411003969488842 0.415704965962728 0.428480970575258 0.44503090846327 0.463705670484725 0.47567662211075 0.480205086563259 0.465969961780835 0.465884048997463 0.475474511924823 0.550577595835685 0.611222806376229 0.602243405322968 -9999 -9999 -9999 -9999 -9999 -9999 -9999 -9999
0.279306051306453 0.278810911321464 0.280508106026179 0.283421527509604 0.291331624014124 0.297834987767286 0.300186907314201 0.306252215616243 0.314821441320972 0.320917748340093 0.326687324482605 0.332135293740778 0.338766419780996 0.346360322565263 0.352603181856383 0.357824875552407 0.359498902446557 0.368807146538747 0.385585571913727 0.391227134364232 0.393805186622309 0.392282208341663 0.397130889311426 0.409474058841291 0.423382988479716 0.434872018440442 0.419219649800974 0.417847486558262 0.436722258355741 0.444955782994389 0.449538775756204 0.458964181939799 0.464499764132396 0.463345664947776 0.437262139764875 0.399845458161635 0.387388406094668 0.383797434993194 0.398895574205822 0.418212347067962 0.439904322122168 0.464377697259497 0.480804945190941 0.475787038267015 0.479797045138778 0.489981069742203 0.566387325981314 0.629388905736766 0.626063735542381 -9999 -9999 -9999 -9999 -9999 -9999 -9999 -9999
0.269778269202438 0.269977331448514 0.270838713097453 0.27206752522934 0.279710313414452 0.28617821150561 0.288945464665075 0.295402511391028 0.304347565415082 0.311327152679389 0.31797516717523 0.324131349168849 0.330131424974205 0.336004471623373 0.344492584070696 0.351578959330234 0.350883540417102 0.356549574313226 0.368440372906806 0.375944015524075 0.381652173955751 0.382172799303373 0.388831526482179 0.402710026744675 0.41185758441794 0.417883716798269 0.407178939376102 0.411799270370024 0.438148033551266 0.450439765716893 0.457666681036242 0.466648841289172 0.469689243940866 0.462511069797076 0.438992523618035 0.408004655511179 0.382470696298647 0.369156081850672 0.381599035279605 0.396938826985377 0.413909615169359 0.451135347551052 0.482756873793949 0.497323466711797 0.503608573787793 0.504230130946361 0.564101548918869 0.615975173575892 0.621887780178477 -9999 -9999 -9999 -9999 -9999 -9999 -9999 -9999
0.259306370787966 0.25826811821827 0.258385600511577 0.259144242065864 0.268908718350922 0.276996053930367 0.279816393141733 0.287056876153975 0.297277837568891 0.304235544696072 0.310263477752674 0.314228580011827 0.319109337155516 0.324735195237463 0.334205544720346 0.342816858392108 0.345198610744844 0.350738066136026 0.359367375211284 0.366054157730425 0.372001650444387 0.375990254904055 0.379036736606796 0.380975072386079 0.390649269284209 0.401659611265553 0.404368628313137 0.412912967535406 0.429730814436792 0.443374000113452 0.455514008666236 0.461172201186579 0.462475726992434 0.456290139437039 0.439325252130037 0.41744895665628 0.40341755613082 0.396505662396261 0.404601216520008 0.408822963408982 0.410863654486977 0.44537695758389 0.47678447134905 0.496283357808951 0.512554643992854 0.526618636023787 0.571691731134737 0.608688829860593 0.608601957569997 -9999 -9999 -9999 -9999 -9999 -9999 -9999 -9999
0.248862922206256 0.246277883613615 0.245734879035338 0.246324719940448 0.258445899727779 0.268447951865896 0.271779117635308 0.279667796706269 0.290629581670859 0.297043423668771 0.302064682564767 0.303893019939274 0.307761632547767 0.313290489661935 0.323214059789065 0.332994427973283 0.339290690637776 0.345478651122748 0.3515606365099 0.35639679193719 0.361441273576586 0.369370573113292 0.368840729584996 0.358361052200652 0.369474694436611 0.386652297897504 0.402750251283682 0.41385588611681 0.417883250950651 0.431601149114303 0.448123180486753 0.450276910998991 0.45005597383092 0.445751106337259 0.436990358330681 0.426233352276346 0.427797890434565 0.429545898472195 0.431680648840398 0.424258506926918 0.411455582185945 0.439191536369483 0.466144721768273 0.486355166891796 0.51193316605126 0.541181932848023 0.575097835211202 0.598124373910765 0.583168569310506 -9999 -9999 -9999 -9999 -9999 -9999 -9999 -9999
0.24042427862372 0.237621474603897 0.236872675002223 0.237263361624379 0.248983287900039 0.259988545917639 0.267969100048875 0.274743423733294 0.280704392930315 0.284354679387857 0.288295671253802 0.293894579249384 0.298485084077916 0.302255015392782 0.311037676536913 0.319947746433739 0.326144465980909 0.332159053178255 0.337995421491419 0.338265620906317 0.339274697819812 0.352008304567638 0.358454987709673 0.357506850257874 0.366915709174041 0.379371261590388 0.392616714249223 0.399930287970228 0.398833452724159 0.408131298822441 0.420727845086656 0.423478625795459 0.42189703281295 0.412864665793109 0.417190207460057 0.427604773420743 0.42902323882021 0.425872187563563 0.413088898433091 0.403598875164442 0.395963047577127 0.415594613182043 0.435336702484729 0.452215870667069 0.467354889263123 0.481303852809402 0.528226120279284 0.568124876654448 0.573829143118044 -9999 -9999 -9999 -9999 -9999 -9999 -9999 -9999
0.233192755637888 0.229685936832143 0.229233853978317 0.230476426454291 0.240847211645788 0.250974246101138 0.259521344152823 0.266081493446166 0.271301854233017 0.273086422730246 0.275755876814572 0.282377831906361 0.287139625738968 0.290387740211661 0.298844510543279 0.307444500904132 0.313272053829533 0.318945707689651 0.324468769303427 0.323635250304775 0.323603979921987 0.336710024628078 0.347387638504643 0.355208877557065 0.361301984846797 0.367323018647978 0.377341243005927 0.382350295040874 0.380257181258796 0.385686949864937 0.393710791956759 0.398566078649265 0.398167189132012 0.388732218592999 0.400372484234361 0.421577285114716 0.41728229331528 0.409267340845818 0.393410958143895 0.38617540059464 0.383793595350326 0.394770443731342 0.406627563104357 0.419250926075315 0.431783358313828 0.444253604762005 0.491582119656135 0.528510704483225 0.519326083802732 -9999 -9999 -9999 -9999 -9999 -9999 -9999 -9999
0.227528370811206 0.222686266469109 0.223183283707669 0.226642249535411 0.234433303435358 0.241239558149783 0.245052668145726 0.252567298435026 0.262577843289192 0.263662306886038 0.264811906910873 0.268889950693276 0.273108215712544 0.277440583738213 0.286629556441097 0.295646768403256 0.300755117367148 0.305870303910088 0.31099218111347 0.31354977600883 0.316366476364934 0.324091307371395 0.335435396059569 0.351036536831924 0.351722461106003 0.349085774000917 0.355390281896494 0.360026002719801 0.362295663496392 0.364573952785379 0.36718484185516 0.376101681319985 0.380187398483389 0.375964598612176 0.387426682490272 0.405944200344251 0.38870792288649 0.375874713004184 0.372322877379391 0.372953250597951 0.375938317880442 0.377545987680141 0.380643283855371 0.387810577502647 0.407904789221327 0.436839473190274 0.468216196979726 0.495651685993985 0.509096433108423 -9999 -9999 -9999 -9999 -9999 -9999 -9999 -9999
0.220962108658158 0.215881453794281 0.216369665990228 0.219947281130463 0.227111508814558 0.232807894975581 0.234341974912215 0.239925504894317 0.248239556539727 0.252365005727972 0.255884922842378 0.258688846128887 0.261685576732344 0.264839201505414 0.271245505330008 0.278426993661948 0.286850629559425 0.292732928153322 0.296128494988613 0.301613425950298 0.30714137319314 0.310212262779397 0.317660723823918 0.33025818262956 0.332176701285459 0.331792604307793 0.338532241493834 0.345719820028207 0.353542504230147 0.354536048294608 0.353437177528745 0.360238211321402 0.365388308208342 0.36769913990007 0.375804128157349 0.386449246050154 0.366199123146599 0.352107618749702 0.350998073473343 0.353436993336588 0.357873792816384 0.343558602467199 0.330858631209465 0.324567496562694 0.364527248298668 0.436117097429736 0.462205866495571 0.478842978603938 0.478547999835219 -9999 -9999 -9999 -9999 -9999 -9999 -9999 -9999
0.213658522191219 0.209009536492367 0.209239238085906 0.212175456233611 0.219217243006301 0.224517760139394 0.224896156286468 0.227845313441142 0.232527920457801 0.240660645003772 0.247603579609445 0.249587759431411 0.251211664680859 0.252542401700063 0.255226672160059 0.259913218915137 0.272400003637668 0.279435087917299 0.281135612077474 0.288968981959563 0.296709727004599 0.295910147541043 0.298463668278992 0.304961180701593 0.309908130414408 0.314737821569258 0.322656268386952 0.332918206092301 0.346502820639569 0.347581259563218 0.344366634552312 0.346790262210781 0.351619462860826 0.360585744489478 0.364843835164953 0.366863431623712 0.347392830613635 0.333388261550143 0.330905725099224 0.332650470259537 0.336775286642822 0.306365479538375 0.27816046516407 0.259737130314706 0.321925752425823 0.439243351498998 0.462637628573723 0.47366475661252 -9999 -9999 -9999 -9999 -9999 -9999 -9999 -9999 -9999
0.20059009931306 0.200428282262839 0.201238236853583 0.202587294665236 0.207735349270344 0.212500702076738 0.215882544683042 0.219362692655469 0.222909127390002 0.231656755496139 0.23912035386915 0.240783031312382 0.241959946864563 0.242741580693352 0.244479882934981 0.247705550568538 0.256757310050288 0.264308121527895 0.270390235770917 0.275000765916384 0.279033905140408 0.281477889401055 0.285609942481917 0.291727539981363 0.294737133675357 0.296755717825838 0.297811045213361 0.305453298400638 0.322434707088608 0.33348783373795 0.341675035408229 0.336630234241828 0.337690135107944 0.349248843013888 0.356866213704652 0.362611910023324 0.350961078204216 0.339371449620975 0.327910833397439 0.322210285096328 0.319752807204369 0.299041791981875 0.2892499877494 0.310235184125811 0.37286416459467 0.463972533238796 0.47290245591801 -9999 -9999 -9999 -9999 -9999 -9999 -9999 -9999 -9999 -9999
0.190269063229884 0.192465152089193 0.193471597814214 0.19381807321453 0.197783908263727 0.201950635324485 0.206258910935879 0.20998693815531 0.21332370710842 0.220740729107238 0.227423315890633 0.230451792948054 0.232163810583461 0.232804578376722 0.233752024926927 0.235824982661462 0.242578466543352 0.24993513514557 0.257882027878299 0.260856241199907 0.262957596035189 0.266231538956517 0.269827471472226 0.273802135372766 0.275718942784434 0.276705304861424 0.274458085566221 0.280971859678549 0.299907252351779 0.318983000862804 0.336624735060157 0.325831404345728 0.323454237258939 0.33555110632847 0.347507252837968 0.359327483745162 0.352072857256974 0.342699354436552 0.328859400918329 0.317006468876014 0.306272282417545 0.296454219363429 0.3041439416646 0.357690978325718 0.416954717022915 0.480127999002884 -9999 -9999 -9999 -9999 -9999 -9999 -9999 -9999 -9999 -9999 -9999
0.184259766953351 0.185472103777357 0.186072766030228 0.186334093693012 0.190234354740642 0.193702859913447 0.195677910441199 0.19920950253896 0.203790661967846 0.206823801381195 0.210682531547785 0.217724854421694 0.221513265752946 0.22265385355987 0.223053877508652 0.224457765109144 0.230696984541659 0.236745442508364 0.242607237888139 0.246435018231002 0.249391556997034 0.249707554724765 0.249448637351302 0.248513491937449 0.25066297803553 0.25340889420317 0.253447079393105 0.261172667352016 0.279797702494408 0.303832507115686 0.327872696794518 0.314030040804614 0.308737209308635 0.318148282623733 0.335980422446739 0.357560813687302 0.349329462659759 0.341860066438029 0.335996820382942 0.320020592865131 0.298350489620201 0.301299489963322 0.325008557605473 0.400372260290326 0.450298260880042 0.482827903092575 -9999 -9999 -9999 -9999 -9999 -9999 -9999 -9999 -9999 -9999 -9999
0.177750109264539 0.178345363790482 0.178697099517495 0.178913739957383 0.182231205025854 0.185003517177633 0.186045727328666 0.188472581991165 0.191833094753429 0.195598585370263 0.199683519836284 0.204694974484819 0.208821167352486 0.212226991231064 0.213128924663804 0.214639928856191 0.220423215864796 0.225289794682616 0.229259362557344 0.232432746848172 0.235095800710269 0.235697980614852 0.233090213624854 0.226706835081485 0.232738486345039 0.241773049024951 0.245610592266992 0.255388098174513 0.273587474418468 0.299393604094045 0.32600300269909 0.314575816899626 0.309441646779879 0.315130143674519 0.3368499263972 0.365778252678679 0.357439228662956 0.348733999819209 0.339256835499672 0.316442778384601 0.28611969829311 0.316341022123238 0.357526729929939 0.420496189703715 0.446070213668828 -9999 -9999 -9999 -9999 -9999 -9999 -9999 -9999 -9999 -9999 -9999 -9999
0.170979061853062 0.171187958191949 0.171390190660642 0.171588726258864 0.174084403710559 0.176153596057538 0.176882696885279 0.177869523135644 0.179030132206333 0.185505566493199 0.190994666482454 0.191626499667482 0.195375631727545 0.201661420726637 0.203490708432937 0.205426856821935 0.210729786654577 0.214469874085362 0.21668069980464 0.218575801275145 0.220463589799317 0.222717733143954 0.218631496224198 0.207087561789447 0.218365743830614 0.235265598391809 0.243572780424768 0.255798455801137 0.273579897216938 0.299702651979136 0.32710899909121 0.32051510700841 0.317006544102417 0.318804100235343 0.343291993294946 0.378020737685324 0.370160991705652 0.359190145023091 0.341661304514302 0.311245729429464 0.273574582338006 0.335821133999038 0.386137110358295 0.39357766948429 -9999 -9999 -9999 -9999 -9999 -9999 -9999 -9999 -9999 -9999 -9999 -9999 -9999
0.162113821676156 0.164983263600684 0.166367302251079 0.166927293712115 0.167641055373894 0.168707314220117 0.170667407740565 0.171786401429455 0.172338246175826 0.176102869817031 0.179726411999171 0.181909367179136 0.185470898629398 0.190154226609996 0.192565086706227 0.194799067328466 0.197746600107089 0.200479442231112 0.203002206744296 0.203633674690975 0.204504749602207 0.209290145637068 0.213257396099737 0.216262325385091 0.227133777678049 0.240383515342468 0.254840877547975 0.271385606912907 0.290889872650581 0.312116230305853 0.333099715204441 0.337342134217163 0.342957211715012 0.35093297389332 0.366747368109221 0.386087456377583 0.387476749092846 0.384666284089125 0.373003008513508 0.348885664969655 0.317756352149517 0.363698573958341 0.398962863714816 0.397282133210583 -9999 -9999 -9999 -9999 -9999 -9999 -9999 -9999 -9999 -9999 -9999 -9999 -9999
0.154915117986051 0.160045109094557 0.162205262914476 0.162717860065355 0.162180414984521 0.162490414602482 0.165097173644455 0.166063071486232 0.165922545738802 0.167326012681673 0.169298051222308 0.172668855959859 0.176153521153951 0.179730838650163 0.181982756896026 0.1839801070235 0.185737125800127 0.187699988273365 0.189864271493448 0.19044199480216 0.191509804962871 0.197615389806504 0.206589852445275 0.218938753510677 0.229941849416956 0.24129907090973 0.259651770305128 0.278300576071884 0.297369210986702 0.315620216280759 0.333247535089164 0.344677583436915 0.356667993179624 0.369622106986333 0.380659557556349 0.390803577541068 0.396964422797936 0.398619221334862 0.390775572411489 0.373479976027651 0.350862683523085 0.383844308854568 0.409501743279195 -9999 -9999 -9999 -9999 -9999 -9999 -9999 -9999 -9999 -9999 -9999 -9999 -9999 -9999
