layers/veg100/veg4900.asc
NCOLS 255 
NROWS 330 
XLLCORNER -2985163.8955 
YLLCORNER -3022031.214 
CELLSIZE 25000 
NODATA_value -9999 
[rows 125 to 149 of 330, columns 57 to 113 of 255]
0.0909632297199217 0.09775390636703 0.126721438333062 0.156152059832019 0.162200631258941 0.195175196105952 0.258966158507377 0.269010839230552 0.261763230714665 0.232468029777881 0.210745348674026 0.199463050943618 0.191485767583146 0.182410249494457 0.135407888722902 0.107350565838392 0.110939002480526 0.193757976719954 0.31144475125114 0.399678343986355 0.471798382662179 0.510988682104513 0.536266455255766 0.553939821748657 0.604465253873178 0.641335520549058 0.640489032878266 0.642752940450819 0.647084690195317 0.652876935514838 0.652810636266183 0.633437411069299 0.610850236818919 0.585683487799939 0.562768286940579 0.540437192884036 0.51919137022197 0.498765102344045 0.479129943795147 0.459945123452841 0.440913145616841 0.42222668780245 0.403931346086326 0.386089791813939 0.369337145540534 0.353110304004934 0.338889675882164 0.325903345262752 0.314642706418645 0.304412505283902 0.294068601264919 0.275063879630518 0.262413390244579 0.260532485701597 0.264869452491482 0.271937284068706 0.268644715578896
0.0921353838450929 0.113482916886274 0.134741971674309 0.15653433568125 0.181493800409946 0.197910997667112 0.204551697310548 0.204626157223122 0.198544986003795 0.154317937409399 0.141263431992595 0.171187130486743 0.158277939284077 0.13033204008483 0.104666474784705 0.0789560459599912 0.0531706771790135 0.141833516062597 0.280292808259254 0.322653206690662 0.354612713994008 0.36531690844827 0.41854879850929 0.495025776117363 0.556943827254969 0.599724954074912 0.59529072882277 0.601810716972041 0.61561324726138 0.640197658171029 0.655498004591615 0.637786282586914 0.615856056374395 0.590539980904598 0.568962178161584 0.548024396692018 0.52748991281451 0.507284282903744 0.487396092956736 0.467579438603255 0.448019721953937 0.429888050853018 0.411604852406667 0.393145846298487 0.375548888451765 0.358379981412121 0.342906666042956 0.328811148429439 0.316641952669836 0.305850144990684 0.295474374104989 0.283661290999112 0.274201647606983 0.268730773853564 0.268361522732106 0.270254281188069 0.266626042230676
0.125520069995073 0.108687691946026 0.117111810346777 0.13177108745542 0.152585342405633 0.159875537480259 0.151687647896185 0.13880002363722 0.12412838810917 0.105144420645311 0.110765071516556 0.150308597975232 0.135858621069407 0.104393895459707 0.108230327749572 0.0981743894649896 0.0649126586623222 0.120495135281961 0.214608396329529 0.222342606442323 0.231670136115926 0.244253781570053 0.291653081169765 0.358082166349804 0.471086607718469 0.556873706173516 0.569244420111331 0.578819157441353 0.586535083305618 0.618251887856164 0.641115721860701 0.628585287709165 0.612995266926313 0.594949565501014 0.576362277667262 0.557182369785031 0.535823971055894 0.514915249175939 0.494440596570324 0.474330451659211 0.454640077249517 0.436976716122618 0.418834564222408 0.400136901459644 0.381954534112507 0.364085976957671 0.347758479668979 0.332558302348722 0.318934249741 0.307289635207588 0.296452153870513 0.287284352172901 0.279375784323045 0.273601451614468 0.270560181949343 0.268742219700239 0.265567044440822
0.174906925407834 0.0936966745868818 0.0867391934593522 0.0945163364771663 0.0997318373032883 0.101586201222864 0.0995937941234113 0.0722578224002233 0.0441488017797088 0.0703655521230991 0.0996325114185622 0.133104854328906 0.118798694172714 0.0914413100231493 0.128835954616749 0.141045300807873 0.111185166768682 0.114350953668757 0.131769343697252 0.110464523102512 0.105867707433925 0.135415453747267 0.160197992992798 0.18237593177995 0.366185376161152 0.513406126895725 0.552712218238173 0.564744921226181 0.558645824812869 0.591702816289445 0.618253775213584 0.612653146848242 0.606226594400239 0.599137140055239 0.584361583380097 0.567120651484412 0.544175672350729 0.522104978622687 0.500878225231543 0.480642668112192 0.461018893277104 0.443780883209324 0.425843812934687 0.407095667008357 0.388456504539517 0.370008721583893 0.35302500724499 0.336722419231473 0.321372125210665 0.308730044699516 0.297217320184325 0.288436313163435 0.281264234647684 0.276819077554505 0.272116315391001 0.267315076501341 0.264984783180418
0.297957488381903 0.146659561516499 0.10463042692516 0.0865181116938669 0.0774657577472119 0.0707945891571571 0.066848651664611 0.0439874464849327 0.0201318011071803 0.0331616839773041 0.0568615312950268 0.0952722703465099 0.0949552471981202 0.0838375606703877 0.121499270001782 0.136989809717463 0.115445664875287 0.12297358029902 0.143160843729443 0.139884727994323 0.141879681494678 0.154646618305862 0.150028542078915 0.135908042917637 0.310481846819142 0.451024033246784 0.487621748388125 0.528064976975763 0.571064766468015 0.596002795916459 0.610996066653575 0.599077841142082 0.593925524623697 0.594203651411894 0.579392945885092 0.561761247769769 0.541493765863117 0.521597037914334 0.502058195637771 0.483605187109877 0.465744579253793 0.450038385261288 0.433820083208696 0.417007614338285 0.396641771888691 0.375752819690929 0.35917611759607 0.342849920303361 0.326873957922064 0.312993187369213 0.300074804636412 0.290852598826531 0.283008163167428 0.277498866035322 0.272413475096931 0.267545091776306 0.266263363677155
0.399039142122896 0.197107921340985 0.129391172452829 0.0910068138692158 0.0634948632206926 0.0480386959485062 0.0463801927980784 0.025948399547883 0.00324995375432787 0.00593897182001764 0.0226109996384792 0.0585616805016968 0.0716442104681298 0.0784668594019648 0.116061132663318 0.134149319419936 0.119654571979475 0.129693129524209 0.150505798558206 0.160083056462147 0.167574820627653 0.170804659414898 0.146918685098179 0.108211558576568 0.257198380065612 0.382377904625633 0.429656200389036 0.498208351389535 0.580903713003943 0.600214070886609 0.605727336929261 0.584841296637488 0.578998997177154 0.585231081482142 0.568285247686191 0.549079712568085 0.534619583190862 0.519047460198137 0.502401939136039 0.486327869148607 0.470596616831946 0.45618244376686 0.441367969011901 0.42608904934819 0.404473190041917 0.381762691139099 0.365269866703991 0.348822460858754 0.332438555495998 0.317576829043742 0.303505511219106 0.293747912529503 0.285264038517645 0.278938959690977 0.273494000153171 0.268473043078052 0.267201500626271
0.447491973346195 0.239617659553274 0.168314933932072 0.1231211589244 0.0675171920360865 0.0427818297646835 0.0533751247124774 0.0300847616886338 0.000891175288719032 0.00162853545818931 0.0088708097864919 0.0250815383582874 0.0497694111198881 0.0780327165269683 0.115865263525543 0.135598031276477 0.125096958115019 0.131583896263702 0.145561969679326 0.154638656058014 0.164462259954617 0.17581226820641 0.156057626516683 0.119301586075028 0.207868715337637 0.300009778984714 0.389552698824531 0.484688902229558 0.583543613004521 0.603230014081221 0.604506887988837 0.569016193115842 0.558244086289026 0.567311573985319 0.543550162516434 0.520139181672518 0.518509518858313 0.512074783221244 0.50100175126722 0.488609625304688 0.475790894086499 0.462084559163673 0.447904714992952 0.433175487781899 0.4114409432895 0.388386329194337 0.371203931752585 0.354377331327225 0.338048176601295 0.322802882368973 0.308180290714598 0.297698443935169 0.288695763020303 0.282200072982121 0.276407160055774 0.270944378820826 0.267300929743975
0.50039723355127 0.356301704481742 0.284210406026536 0.222586471826992 0.13653118658058 0.0939246982623365 0.101044709483398 0.0742038890792648 0.0392027799380094 0.0145269770504469 0.0107266616070222 0.0357077949855093 0.0483323032149277 0.0578957566397424 0.089459056667909 0.107721413386547 0.103765896698939 0.105061395677781 0.10896223390862 0.138580207779662 0.164140978264133 0.181410427725036 0.171807057943608 0.147515353254496 0.211224080576951 0.282300970344481 0.3638849389448 0.455239006034964 0.553088396098819 0.58252922959918 0.592943076160506 0.561527998763203 0.533077046095627 0.507005154588171 0.485434410816393 0.471694807839781 0.488384461645958 0.498594607415815 0.502550138662968 0.494670579744216 0.483618339405405 0.468467513572078 0.453885313262036 0.43996285343263 0.41880788814764 0.396112847484764 0.377867209120352 0.360609171553452 0.344731915012935 0.328944675115453 0.313411089124719 0.301826121594153 0.292244959555204 0.286059983303446 0.279955735562964 0.273884980331554 0.26740634928407
0.556006150130096 0.518026745671481 0.446845546929897 0.362949432787365 0.245010185959149 0.179315278014579 0.173413236089382 0.142601822162358 0.102210733699561 0.0378751962261545 0.0220529255656858 0.0731168586260506 0.0593056110541709 0.0257946201167976 0.047137099795057 0.0620375233299145 0.0661771470824366 0.0612854562121226 0.0531400254639509 0.116076572322831 0.165514649877336 0.187367188412578 0.191570588981788 0.186127199352347 0.246571470316901 0.30385535382855 0.346983020176879 0.416115636139131 0.502536772460986 0.547426894365864 0.575098445679622 0.559102240600883 0.505230820772754 0.420960055249807 0.4070488575779 0.411407080753001 0.44974905536736 0.481162871516567 0.505888994663643 0.503026383482526 0.49304472805378 0.475142448709152 0.459528200966311 0.446568612585149 0.426417234837824 0.404509069702994 0.384973287382332 0.367252089330357 0.35206789158791 0.335642533940266 0.318979519889813 0.306061368087775 0.295865488841286 0.290283502210973 0.283890155618456 0.277110534929621 0.267515406399012
0.578895089757413 0.585454275101276 0.498364965118077 0.394202433563075 0.301945283989256 0.24409838899233 0.22563351672883 0.239216716543864 0.246708829670077 0.123520210435393 0.0641712066739091 0.0928391476888885 0.0739279155289937 0.0409174108155732 0.0539603256488258 0.0652630535764365 0.0736589762141504 0.0812365985331833 0.0887630612047217 0.125624159319292 0.156559886546978 0.175386496354156 0.184996068623721 0.18956772756576 0.217227288448044 0.241301804834125 0.254127452678879 0.276888039571497 0.306253538165558 0.409562924446588 0.493386971393931 0.493282115244499 0.483258746827757 0.465274597589379 0.454269833163793 0.451089261159613 0.476776407950711 0.496745549454189 0.511195148623222 0.508089357267713 0.499781563658088 0.4824676393165 0.466914902167011 0.453405559900496 0.434236493974596 0.413163505038246 0.389210617095177 0.369463049726524 0.355595010679072 0.337903867221374 0.318991526645991 0.302882660799809 0.291714658540368 0.288920767820171 0.28284467143253 0.275261492348651 0.264019383092037
-9999 0.637249673609492 0.531339033869034 0.413533142121213 0.351772906172479 0.308359687115847 0.285944355032727 0.331397052138581 0.372963805608028 0.216822723884792 0.127705370174981 0.13099496039087 0.102879124778227 0.0660109575164129 0.0688034767615703 0.0732704525384722 0.0805344376989048 0.0959531014551476 0.114897824386295 0.124923971494057 0.139002418540391 0.16136216589957 0.176909567427535 0.188733428966133 0.190820963532466 0.18972283637986 0.181445825609894 0.166288216769399 0.146556272596799 0.293099615586831 0.419564240216487 0.433838746439945 0.458305084953616 0.490951575978734 0.487656203044487 0.482927247648271 0.494338066020459 0.504659458595528 0.513929237626193 0.511847637144938 0.505637032221529 0.489085787305197 0.473801509372702 0.459987213656342 0.441664456099023 0.421423158044717 0.395228703145774 0.374255551313291 0.360582389745418 0.342535267938306 0.322783570647792 0.300751610558401 0.286746118582475 0.286344430489878 0.281588738070864 0.274824553701655 0.261915236835613
-9999 -9999 0.531339033869034 0.418547066122258 0.390599548753738 0.374885942699301 0.373173865532521 0.405686276696151 0.431935008413898 0.32074214304391 0.247129161418543 0.225328311300217 0.172321248498983 0.111118781352251 0.0977065705254156 0.0860800805551772 0.0774364557101774 0.0839947775268547 0.0970774294925972 0.0889348910396551 0.0986215261700386 0.144743949127463 0.16929057417472 0.182044147560846 0.184668499428911 0.18502809905807 0.180582735974564 0.156200043524265 0.118562684951123 0.256874641611478 0.380065329361093 0.40428997672078 0.423714449204582 0.439286212828168 0.458364037525751 0.473975459266661 0.472718367244292 0.484516318126599 0.508916191946326 0.512459810019073 0.509452145760548 0.493554310543144 0.478933188006767 0.465793355006868 0.447930144568964 0.428501704707846 0.406885664985199 0.38727255535621 0.37045977545302 0.354784582604257 0.338447969907852 0.302983874230546 0.280848217078472 0.28130250374791 0.280637861551592 0.279370478043656 0.26446746062377
-9999 -9999 -9999 -9999 0.399782732188468 0.403075141113398 0.410135662908274 0.449220170613265 0.484636862426576 0.4106800230421 0.36048356485767 0.34304601576833 0.292407981317075 0.230602015061703 0.178708399473137 0.126693109584994 0.0744745751508156 0.0821178943682721 0.115592626214871 0.0786481576253075 0.0678991173441069 0.110683184664405 0.140281633036003 0.162672992886777 0.174019638185066 0.180982810547495 0.177848790217652 0.156444842520389 0.122894745111264 0.228447505124866 0.322824387160142 0.341471260468525 0.363275607261371 0.387614200489823 0.373722090902605 0.359882567213973 0.369900647254643 0.405218385631893 0.464957671071733 0.493930869375267 0.511547941749734 0.50016380687887 0.487250000617747 0.472561412717565 0.454688069512828 0.435882446759376 0.41672241934112 0.398624133006147 0.382010284458609 0.366800847100311 0.351243234121385 0.320432682110188 0.299959581329385 0.297007095743687 0.292834241664534 0.288039990418101 0.273385105813141
-9999 -9999 -9999 -9999 -9999 0.403075141113398 0.410135662908274 0.47013970177726 0.532728870767539 0.490337291782084 0.469375153732925 0.477958211178754 0.449733642729568 0.404773410587936 0.298018374420015 0.187749950571556 0.0716127698314461 0.0876538841618802 0.160825345803632 0.0872603333582993 0.0442785814608533 0.0637969329570989 0.0955446853797486 0.133976869938361 0.160064580782858 0.177415061074887 0.173739205893009 0.164287465299111 0.150995820609147 0.20575411046408 0.252537747694018 0.254189187002788 0.283830606085924 0.335937299010592 0.248381507583471 0.168479530572774 0.207378106399181 0.282423995853239 0.392362582639396 0.46132748779458 0.512379525325981 0.508347558515045 0.497908838941711 0.480036766531215 0.461807935425941 0.443485392766882 0.425220777020411 0.408751124354937 0.39479103929162 0.378645750047913 0.361928826308029 0.349070199179144 0.337460232776804 0.327966581471044 0.314697785956754 0.299741572800191 0.286983238763362
-9999 -9999 -9999 -9999 -9999 -9999 -9999 -9999 0.537812348157871 0.498757317033356 0.480885339086803 0.492218856943153 0.485126377538498 0.467700591230271 0.386655457774483 0.317291360633953 0.267439246972084 0.218377229715902 0.16935818204979 0.0914116858994774 0.041410259836925 0.0485175180199322 0.0702129941592283 0.0998822012686909 0.138514463306869 0.166884606496862 0.168374151358254 0.154241151301505 0.129722025145841 0.169054312288833 0.203276838652672 0.202802759170554 0.199463377140761 0.193824250456228 0.179926324056505 0.1598802821008 0.118865718725104 0.147908708952713 0.244577665493836 0.347533549692376 0.441658281183908 0.475891416171287 0.488759737842044 0.476839808495127 0.461719085659554 0.445409303672811 0.426448248679939 0.410137185867087 0.397531120996172 0.384190125156223 0.370681440595459 0.358908872031967 0.347857984229065 0.338030250046739 0.327212850056929 0.315950688401106 0.304930528684449
-9999 -9999 -9999 -9999 -9999 -9999 -9999 -9999 -9999 -9999 -9999 -9999 -9999 0.507378605998925 0.462389391426095 0.436794010015843 0.443594055008118 0.336043784969473 0.178537920226656 0.0980933030698189 0.0440228993245189 0.0438509693069403 0.0547056321113205 0.0715872877220404 0.11783044339956 0.154210791216001 0.16282468729719 0.143833060622127 0.106488826105309 0.133364796599168 0.157811132344881 0.156097358946491 0.12391660635484 0.0672824945175456 0.126098639988527 0.168584318954142 0.0704399484641806 0.0563034012735047 0.123258898213832 0.23090396060653 0.341824179773761 0.421787298143478 0.463998782349668 0.462409416527142 0.454842110133135 0.444681793230914 0.42618052444262 0.410589631238389 0.399067782324365 0.388480099967704 0.378134559386314 0.366099807706489 0.355020450261108 0.345560359922122 0.337685032776389 0.330511159341577 0.321453091234149
-9999 -9999 -9999 -9999 -9999 -9999 -9999 -9999 -9999 -9999 -9999 -9999 -9999 0.509586206125799 0.503705062683092 0.489025611898371 0.459649483279226 0.350379752666373 0.206209864566129 0.116117651146181 0.0578691733444378 0.0646967120603856 0.0671354694857063 0.0671753759065233 0.103689774335661 0.136638617592188 0.157141608904715 0.139926884866693 0.09763680019784 0.107564802980562 0.117205333472587 0.111017850388437 0.0832501258574567 0.0381617016483204 0.101592391400799 0.161323069261693 0.138274421519227 0.129024154906225 0.133093349356994 0.139355553761064 0.165362582086727 0.30519390762548 0.390006746680045 0.410985091448554 0.425943586980366 0.43660826090754 0.423554124000313 0.411411330212168 0.400542700327619 0.390879210187257 0.381614415929273 0.371711226073239 0.362064926064372 0.352854020434584 0.344677739588177 0.336979034752553 0.330783187940401
-9999 -9999 -9999 -9999 -9999 -9999 -9999 -9999 -9999 -9999 -9999 -9999 -9999 -9999 0.530919147793622 0.522275822751001 0.499194702047044 0.427184526984678 0.333488016350265 0.243545749645035 0.167747997559064 0.120856045911637 0.0930682421081871 0.0757225180555748 0.0933414859681882 0.113956158727467 0.138918533096809 0.131126130321466 0.10155781027086 0.10475182917624 0.108463893884772 0.104497183830096 0.0815935433859979 0.0434907734553536 0.084319113744786 0.131143549958611 0.154601492276288 0.156231909376738 0.13679240026472 0.108873022105865 0.102001642470406 0.22983627306052 0.309900409081915 0.334539440607476 0.35482815072956 0.372851746823217 0.381362966897973 0.387109162481647 0.388989531544738 0.388358657463219 0.386396415739711 0.376828850541102 0.367491542356354 0.358544489414016 0.35067331777958 0.343308378506948 0.338844764718862
-9999 -9999 -9999 -9999 -9999 -9999 -9999 -9999 -9999 -9999 -9999 -9999 -9999 -9999 -9999 0.538717205997353 0.559541127551759 0.559308081660822 0.548971693578523 0.467855513846649 0.362667722004423 0.208287063907988 0.130958437155951 0.0957454526630285 0.0863515117117943 0.0867483253262855 0.109590757195682 0.117991018459992 0.116789885980041 0.122294837324547 0.127939697235247 0.132122008866654 0.114481881770099 0.0793266629919595 0.0734509389224335 0.0806689299270035 0.125316571567057 0.143135970848289 0.135058293787379 0.132466915465194 0.138796137230459 0.190994651043713 0.224379597545226 0.235936343530778 0.246327845623968 0.259785588385166 0.304135538063213 0.34055874415819 0.365899438809192 0.381481534339805 0.392331518695605 0.381509199547628 0.371485475365354 0.362815264227929 0.355785896244832 0.349515046598122 0.345783013246631
-9999 -9999 -9999 -9999 -9999 -9999 -9999 -9999 -9999 -9999 -9999 -9999 -9999 -9999 -9999 -9999 -9999 0.59127271411291 0.611019837170287 0.568819340461063 0.503511514933896 0.390981437285762 0.25650532615626 0.110033797398162 0.0768845022385917 0.0618406647582053 0.082198215131383 0.097426440007821 0.109244604507371 0.116920163667595 0.123376457307502 0.127083524592012 0.11823559973849 0.0993108067081086 0.0768170545465199 0.0640622945254587 0.0948170162686075 0.115918854123815 0.127702844479941 0.15241107027518 0.180512769182682 0.212670126753752 0.229770794585425 0.229402130987696 0.227903561189007 0.230034073088032 0.268090881720941 0.308945945821957 0.353713297222727 0.379690928533472 0.397329063984048 0.387018230594104 0.377254442740793 0.368417824856939 0.36369007046045 0.360783981816254 0.353408408998796
-9999 -9999 -9999 -9999 -9999 -9999 -9999 -9999 -9999 -9999 -9999 -9999 -9999 -9999 -9999 -9999 -9999 -9999 0.639884115360034 0.634606224612081 0.61377849208204 0.561173025532623 0.382083053192282 0.133858288371239 0.0750961661905238 0.0431829878297672 0.0617732590090186 0.0818691443556603 0.102965986888264 0.111314100241517 0.117054690282266 0.118025654563362 0.116514123629313 0.113010096263751 0.0814419672169843 0.0548223537235565 0.0665389172560501 0.086558729038974 0.114593596409706 0.161969175629944 0.209433498225317 0.233518901915582 0.242568773668597 0.23417386206117 0.224022201170294 0.217143367189335 0.244548215262005 0.285734556803167 0.346189032538278 0.379639360441241 0.401600583337162 0.392252146618273 0.383159892507955 0.374501834100662 0.37153190602789 0.371055727538727 0.36048146391221
-9999 -9999 -9999 -9999 -9999 -9999 -9999 -9999 -9999 -9999 -9999 -9999 -9999 -9999 -9999 -9999 -9999 -9999 0.639884115360034 0.634606224612081 0.619286731648903 0.583446170446218 0.429338365949451 0.210587218212553 0.113991029872638 0.0537747100113203 0.0745191821733217 0.098046766575494 0.123424609999183 0.125066552245274 0.123445319680412 0.118075723002446 0.113448706344393 0.109417698101891 0.0796290896155618 0.052163977504237 0.0504764209549741 0.0591057566720423 0.0776939015821019 0.122766894021127 0.169847722147119 0.196046923129523 0.211079011883298 0.213154601698211 0.212349353739957 0.214125690111154 0.24676312695607 0.291235928029586 0.352255947785337 0.383745498752207 0.403074518550102 0.395366001824293 0.388159892735767 0.381805298269919 0.37656221476994 0.371800025122264 0.364172434794432
-9999 -9999 -9999 -9999 -9999 -9999 -9999 -9999 -9999 -9999 -9999 -9999 -9999 -9999 -9999 -9999 -9999 -9999 -9999 -9999 0.574852909574697 0.577728899133869 0.456715983812811 0.267986997847386 0.143545937741825 0.0597591572533627 0.0731700476052849 0.0978804136795147 0.130102857991857 0.130412331302757 0.125588658528827 0.113320560465795 0.107000934607006 0.105455662216292 0.0782376604119598 0.0502183064007054 0.0346715406704102 0.0320050948238158 0.0417719132543995 0.0878918536224253 0.137992109802395 0.166656434637993 0.187621321771057 0.199653034921417 0.212146926447311 0.22821661428245 0.275661487962851 0.323264540332859 0.37108874494772 0.392367696315726 0.403149386440535 0.397373412475677 0.391791811535559 0.386539647213315 0.380128184513663 0.373179719139992 0.364285770181366
-9999 -9999 -9999 -9999 -9999 -9999 -9999 -9999 -9999 -9999 -9999 -9999 -9999 -9999 -9999 -9999 -9999 -9999 -9999 -9999 0.572202734032515 0.567012636128066 0.462938399853685 0.304815374416632 0.163160626119207 0.0608402275335525 0.0568199890055519 0.0803196851276125 0.12211508870368 0.126811154297973 0.123211740412925 0.103451342620499 0.0969534300304049 0.101100232595216 0.0772947654051693 0.0490311448046875 0.019140832962251 0.00527938591491214 0.0068904670237098 0.0576221591465576 0.114363466166878 0.145866820599993 0.172711911436927 0.194152311597778 0.224152104427707 0.260515681513929 0.332958199912549 0.383525256095444 0.403507866369704 0.405796192871177 0.401735271240678 0.398203269191165 0.393967724552287 0.388539768098645 0.382135704587462 0.375235645481156 0.360591541293145
-9999 -9999 -9999 -9999 -9999 -9999 -9999 -9999 -9999 -9999 -9999 -9999 -9999 -9999 -9999 -9999 -9999 -9999 -9999 -9999 0.547321502009457 0.547738593852693 0.466565576524767 0.340796462380445 0.186743106920393 0.0724722220752107 0.0618058471250134 0.0820945442817023 0.122962685055785 0.126139228886767 0.122503939543569 0.107660509585215 0.0994882400729852 0.0966703669365691 0.0612700531974292 0.025516014798936 0.00840460511070651 0 0 0.0600636256589302 0.125052004313017 0.144875352241982 0.15625458073372 0.157836627797697 0.193852247995785 0.242753026151252 0.321026711775893 0.369199817856547 0.375288805311363 0.386797902838969 0.399553352614388 0.399677206715905 0.39720574345043 0.39033555985411 0.382864283807021 0.375076643419056 0.360998560352954
