layers/veg100/veg4900.asc
NCOLS 255 
NROWS 330 
XLLCORNER -2985163.8955 
YLLCORNER -3022031.214 
CELLSIZE 25000 
NODATA_value -9999 
[rows 200 to 224 of 330, columns 114 to 170 of 255]
0.171469536379924 0.170782178355644 0.169683394392248 0.168356366426255 0.168438401454802 0.168232036492201 0.16713450015806 0.166802646497221 0.166987088408175 0.164887832745015 0.162962462190008 0.162302937084079 0.162559416344959 0.16356128093025 0.166004752001141 0.1683056302778 0.169049001433609 0.169240461788775 0.168891870213827 0.170028852113312 0.171471212716354 0.172833984380033 0.177234892841916 0.185209325967207 0.186717857307702 0.187253689106802 0.196091781128198 0.202839214848336 0.206622445908866 0.214618351424285 0.22360186835013 0.221909732491219 0.222156335169549 0.225737161483164 0.228300676661318 0.230382940640526 0.228469776771505 0.222495991706915 0.207962686628564 0.19886418439608 0.192825619741831 0.236128979083348 -9999 -9999 -9999 -9999 -9999 -9999 -9999 -9999 -9999 -9999 -9999 -9999 -9999 -9999 -9999
0.169033357356063 0.167399588314842 0.166072253790761 0.16491491788387 0.163959351770414 0.163015751453799 0.162082020799922 0.161627712456063 0.161496675911751 0.159832256405186 0.158215829098383 0.157223400996578 0.156975095503717 0.157332309037147 0.158243100153828 0.159303134984547 0.160649648045762 0.160878851871023 0.160014754009288 0.159280549391266 0.15902524632701 0.161506894050562 0.166762914468327 0.17528221429277 0.176871328654939 0.176586380771542 0.177330405986327 0.178636805659122 0.180740557947177 0.191928732270224 0.205652903612245 0.204132129841417 0.204033555337037 0.206380865265851 0.202851681666681 0.19670591136057 0.211113945818246 0.217050947858822 0.205131575709532 0.202169737013577 0.204251226290962 0.205046774937421 -9999 -9999 -9999 -9999 -9999 -9999 -9999 -9999 -9999 -9999 -9999 -9999 -9999 -9999 -9999
0.167559119186245 0.164273898078321 0.162855537150104 0.162472841694559 0.159845673861947 0.157856188086508 0.157746440675437 0.156866164259039 0.155466324416094 0.154466441310492 0.153388629632838 0.151933123015021 0.151261889054046 0.151228845640987 0.149698302746621 0.148688756440678 0.150913928106214 0.151935257886449 0.151778612651601 0.147315949631579 0.143370388878883 0.148164302115577 0.154947843597818 0.164071630460278 0.166226780061489 0.165207564688711 0.153015462503633 0.146778544038838 0.1489850768121 0.164489209907811 0.183791044482566 0.182415360392293 0.180973114376675 0.179416395810773 0.165366978700827 0.145814135422435 0.185745465740824 0.210534837048496 0.203405963595683 0.204800742579949 0.210994563063181 0.208024764931049 -9999 -9999 -9999 -9999 -9999 -9999 -9999 -9999 -9999 -9999 -9999 -9999 -9999 -9999 -9999
0.162590407410025 0.161877148333065 0.160360573089542 0.158398347536268 0.157550288231784 0.156287142115755 0.153836541751784 0.151593843145975 0.149491331540407 0.149299946925279 0.149066103845089 0.148111573628886 0.147265714371983 0.146508284538765 0.145098104978835 0.14403898538437 0.144927364896132 0.143644646593835 0.14023748071126 0.135607516698703 0.132705921355602 0.141882658543397 0.149680330733867 0.155855915734814 0.155226811500806 0.152130119421176 0.144105506514485 0.140888001746034 0.144486169686903 0.151192809395835 0.159185796173043 0.169974859436493 0.176625193526754 0.176157781534083 0.171937156473749 0.166121812121102 0.193853356467539 -9999 -9999 -9999 -9999 -9999 -9999 -9999 -9999 -9999 -9999 -9999 -9999 -9999 -9999 -9999 -9999 -9999 -9999 -9999 -9999
0.154465699836039 0.157286113402799 0.156723326935094 0.154283665326484 0.154719302534283 0.154008538395406 0.150039245131024 0.147069690557935 0.144774254228947 0.144928378110051 0.145081230423532 0.144484996465127 0.143491467623958 0.142174645809736 0.140829551175729 0.139660619399045 0.139273967076701 0.136564718149119 0.13158277809449 0.126531764126558 0.12386785932986 0.135778571123322 0.143886614144223 0.147521872841011 0.14570526352912 0.142099421314297 0.13632250824933 0.134219969224579 0.137327076030446 0.137904972893102 0.138475708947999 0.156668796737467 0.168717153472432 0.170197861645805 0.174869357059274 0.180978887771609 0.180547727932781 -9999 -9999 -9999 -9999 -9999 -9999 -9999 -9999 -9999 -9999 -9999 -9999 -9999 -9999 -9999 -9999 -9999 -9999 -9999 -9999
0.139057858536142 0.147473792795829 0.15035096038511 0.150155423620803 0.150532062068529 0.149874256991228 0.146486792603377 0.14433887595914 0.14302677947039 0.14242522134382 0.141869039010169 0.141245885057786 0.14015599916525 0.138686316897033 0.137147947049403 0.135626133505318 0.134220859884615 0.132312983734474 0.129913304441888 0.123664069933241 0.119096610603991 0.129741935623854 0.136523016688829 0.138758887318783 0.139694839291961 0.139352668954059 0.130434246015413 0.124419880771613 0.122522982039453 0.123932113386672 0.127106405783361 0.140854905306315 0.151463694296814 0.156672839723125 0.167008446800729 0.179647843305682 0.180009801399145 -9999 0.191245984705454 0.191245984705454 -9999 -9999 -9999 -9999 -9999 -9999 -9999 -9999 -9999 -9999 -9999 -9999 -9999 -9999 -9999 -9999 -9999
0.12723638774234 0.133685767612303 0.140091136346095 0.146472089317721 0.145197831728383 0.143656982471167 0.142225369933093 0.141133846813919 0.140271644100069 0.139083425977228 0.138005604780872 0.137389682138886 0.136329400157691 0.134907527181723 0.132597917834733 0.130293812732468 0.128591937282499 0.126827914707235 0.125003080357807 0.121862927469812 0.119806071308166 0.126033671614936 0.129672538960545 0.130266480518366 0.132575882216519 0.134539729230185 0.128588292255374 0.123476367024453 0.119554728576653 0.117215098972928 0.116053566075842 0.12633441583678 0.136902483499261 0.147964505708684 0.162730739601477 0.179137605448338 0.180260065315283 0.182977309782139 0.189056254354254 0.191245984705454 -9999 -9999 -9999 -9999 -9999 -9999 -9999 -9999 -9999 -9999 -9999 -9999 -9999 -9999 -9999 -9999 -9999
0.117656373664292 0.117412954616745 0.127401678313274 0.143066819058427 0.139146740664427 0.136137851687086 0.137520845836233 0.137632436863093 0.136886727829643 0.135217487296477 0.133735148304188 0.133147801301193 0.132195847960225 0.130947201477435 0.127505128957309 0.124150354153079 0.122603134039034 0.120572020093104 0.118067409709748 0.12072837244725 0.123940937429376 0.123780623653939 0.123142757506214 0.121943183544197 0.124764099798358 0.128435436720993 0.129268753281683 0.128068151099748 0.123983793431472 0.115032937465158 0.105198513836195 0.112622293631059 0.124023909282964 0.142266568261265 0.160692509485676 0.179137605448338 0.180260065315283 0.182977309782139 0.189056254354254 -9999 -9999 -9999 -9999 -9999 -9999 -9999 -9999 -9999 -9999 -9999 -9999 -9999 -9999 -9999 -9999 -9999 -9999
0.105771217280427 0.112025715908386 0.12293441923792 0.136425104423709 0.135033276277275 0.134053873937994 0.135689142004366 0.135447558178051 0.133940423549958 0.131730713243333 0.130045523611637 0.130297529905745 0.129478299600377 0.127787365983154 0.125375256283754 0.1228932812773 0.120578211577151 0.118017521441534 0.115216488500347 0.117736808221554 0.120887949502754 0.120944252205928 0.12068967704689 0.120069440371696 0.12202397864036 0.124539517917158 0.125392574519491 0.124400815392726 0.120793417121398 0.118954697630801 0.118392237690186 0.129840422360398 0.139416565744389 0.145773190775158 -9999 -9999 -9999 -9999 -9999 -9999 -9999 -9999 -9999 -9999 -9999 -9999 -9999 -9999 -9999 -9999 -9999 -9999 -9999 -9999 -9999 -9999 -9999
0.0944793110235591 0.105354102830994 0.116346353521157 0.127403766086121 0.129465385649222 0.131207412364303 0.133061503851458 0.132867076200116 0.131291343477083 0.128533544882717 0.126543776723972 0.127437175342674 0.126680482157961 0.12458105059911 0.122996081719904 0.121246730599205 0.118449427905357 0.115664480689452 0.11289162347016 0.114777117967456 0.117410922143732 0.118525299904338 0.118880497713419 0.118342731031124 0.11931944370836 0.120693894654219 0.121731734258396 0.121008320047864 0.11778774346572 0.121832770794006 0.128930688339513 0.143449138850573 0.152051616656226 0.150479862278862 -9999 -9999 -9999 -9999 -9999 -9999 -9999 -9999 -9999 -9999 -9999 -9999 -9999 -9999 -9999 -9999 -9999 -9999 -9999 -9999 -9999 -9999 -9999
0.0854430916704182 0.0925470547108141 0.101698361465759 0.111985459330771 0.119156080929219 0.124936723714599 0.127454217144288 0.128829266014084 0.129433970865583 0.126118028018746 0.123478002820246 0.124251266345828 0.123342981673242 0.121066361439584 0.119245484716584 0.117402957447768 0.115169633105802 0.11312512729489 0.111265382883861 0.112306691748429 0.11419798728609 0.117472911616952 0.11812248403463 0.115684058631593 0.115643782186685 0.116529011958944 0.119679664441614 0.120188031945203 0.116950082722752 0.12030743054654 0.126456980098437 0.13974374405978 0.148547636562913 0.149641930436433 -9999 -9999 -9999 -9999 -9999 -9999 -9999 -9999 -9999 -9999 -9999 -9999 -9999 -9999 -9999 -9999 -9999 -9999 -9999 -9999 -9999 -9999 -9999
0.0742830709276924 0.0817533941097979 0.0899675878931402 0.0985944537695565 0.107636506216787 0.115526183800514 0.120398154239629 0.123146387673399 0.124462597045841 0.123096882025616 0.122045941430511 0.12284490040527 0.121367203242082 0.118036910026472 0.115736621186228 0.113718452988689 0.112252537200104 0.111030101509643 0.110045914276692 0.111124953040176 0.112697780040778 0.114582795283413 0.11443731178996 0.111903510128371 0.110734086182087 0.110604503933401 0.116621566000417 0.11988903590263 0.119258045495551 0.122642314233538 0.127808256166964 0.138884463418764 0.145854194745289 0.145761648810199 -9999 -9999 -9999 -9999 -9999 -9999 -9999 -9999 -9999 -9999 -9999 -9999 -9999 -9999 -9999 -9999 -9999 -9999 -9999 -9999 -9999 -9999 -9999
0.0615174100836815 0.0724818983195075 0.080442295022781 0.0867361320603498 0.0952019410336087 0.103741847952928 0.112246784979165 0.116219801982578 0.117136970497986 0.119617867221845 0.121849002279276 0.122783907768992 0.120420916338107 0.115374308916839 0.112410513425745 0.110154359129482 0.109609649556781 0.109270997073314 0.109133974144161 0.110917490154264 0.112492432169051 0.110303316526142 0.108539143923736 0.107274798859272 0.104891433234404 0.103349680838203 0.112802888010527 0.119984148009842 0.123944168149603 0.127895611280424 0.132051303671559 0.140176907055795 0.145406220149619 0.145654521438378 -9999 -9999 -9999 -9999 -9999 -9999 -9999 -9999 -9999 -9999 -9999 -9999 -9999 -9999 -9999 -9999 -9999 -9999 -9999 -9999 -9999 -9999 -9999
0.0630611725507384 0.0647390931743973 0.0704326683327581 0.0783539811636963 0.0859700759335693 0.0937639914503609 0.10204868141725 0.10797622662183 0.112314362211581 0.113882243605778 0.114936581683015 0.115145877686886 0.111232604857644 0.111130626408833 0.110138520295516 0.109051987246052 0.108135930264468 0.107215842441918 0.106291810388811 0.106508019168667 0.10644115451512 0.103173274782607 0.101010818883544 0.100148587297844 0.10254194015742 0.106208191002606 0.113105865239368 0.118199183339962 0.120734227209665 0.124078772209071 0.128062260235721 0.138592131472259 -9999 -9999 -9999 -9999 -9999 -9999 -9999 -9999 -9999 -9999 -9999 -9999 -9999 -9999 -9999 -9999 -9999 -9999 -9999 -9999 -9999 -9999 -9999 -9999 -9999
0.0654189490667737 0.0592125547204146 0.0621567096513804 0.0701772532940027 0.0773478861618575 0.0845092572580435 0.0917352473307086 0.0991435359710867 0.106674747522661 0.107830012384352 0.107698643579888 0.105278390252647 0.105427086285185 0.107666227758066 0.107985042364924 0.107786687881968 0.106596935159074 0.105163153437846 0.10349058615308 0.102170717550653 0.100559202594377 0.0967191750030308 0.094256521177827 0.0934139652780848 0.100553259583909 0.109462027377202 0.113504392274794 0.116151683888266 0.116820995677562 0.119491493689987 0.122663845738565 0.121390772084995 -9999 -9999 -9999 -9999 -9999 -9999 -9999 -9999 -9999 -9999 -9999 -9999 -9999 -9999 -9999 -9999 -9999 -9999 -9999 -9999 -9999 -9999 -9999 -9999 -9999
0.0639113962891286 0.0615041677543453 0.0608197939121925 0.0610911965866655 0.0695130624025079 0.0771646178441947 0.0819789435480748 0.0886789080769071 0.0966503483871151 0.101659694343485 0.105137835973173 0.104485300580249 0.105062445262173 0.106640224345768 0.105773155093209 0.104685262683414 0.104232684598992 0.103265068139416 0.101793479899867 0.100171491932421 0.0981964621568977 0.0942748639932432 0.0912931417588869 0.0894169226789231 0.0982476021669279 0.109288241697387 0.112252557419685 0.114010611974359 0.114058390603455 0.116370596454838 0.119393678973947 0.120123985523002 -9999 -9999 -9999 -9999 -9999 -9999 -9999 -9999 -9999 -9999 -9999 -9999 -9999 -9999 -9999 -9999 -9999 -9999 -9999 -9999 -9999 -9999 -9999 -9999 -9999
0.0632828931377065 0.063307024364464 0.0612230821303827 0.0579696581531167 0.0640013546325155 0.0701068472192506 0.0754356989087196 0.0812011230413172 0.0872609255463308 0.0942331306543266 0.100019215894431 0.101630321697206 0.102469349544794 0.102680110106822 0.101671653667019 0.100775548419566 0.101160932341914 0.100739308085567 0.0995280157813819 0.0977136576711423 0.0957260982809739 0.0934721044023926 0.0917005000099992 0.0904962929537887 0.0981221519713016 0.1075480693162 0.110100309361784 0.111635239318606 0.111727794273764 0.114362209152717 0.117751962661916 -9999 -9999 -9999 -9999 -9999 -9999 -9999 -9999 -9999 -9999 -9999 -9999 -9999 -9999 -9999 -9999 -9999 -9999 -9999 -9999 -9999 -9999 -9999 -9999 -9999 -9999
0.0634543553220211 0.064665095850962 0.063210015687228 0.0602760360977372 0.0606037621603892 0.0633101370397953 0.0718164483871243 0.0764414675389043 0.0784493529311432 0.0856633403010255 0.0925728986619703 0.0968989528522772 0.0978482835575098 0.0960498542939442 0.0958505384938883 0.0961302633594821 0.0974453292535647 0.0976423424575687 0.0967453264950012 0.0948384738016471 0.0931577933815853 0.0941632129536874 0.0951753452509984 0.096195373206302 0.0999807651889103 0.104382431266094 0.107128654380104 0.109046644944734 0.109790340731417 0.113366244079712 -9999 -9999 -9999 -9999 -9999 -9999 -9999 -9999 -9999 -9999 -9999 -9999 -9999 -9999 -9999 -9999 -9999 -9999 -9999 -9999 -9999 -9999 -9999 -9999 -9999 -9999 -9999
0.0597032505870987 0.0620467603542439 0.0621307786455812 0.0609613140394166 0.061057212008605 0.0623892338731352 0.0667800896261904 0.0709308361661407 0.0749196783979551 0.0804183599877379 0.0866197457635234 0.0946710353908562 0.0974565739883457 0.095957183734119 0.09628349295456 0.0967006805019991 0.0963224772383238 0.0961730137278647 0.0962473750548159 0.0951777937494505 0.0937070470420508 0.0912902331795349 0.0907539533243009 0.0924295997586829 0.0955256443303193 0.0989655572798894 0.101813783094904 0.105015129074956 0.108717140195617 -9999 -9999 -9999 -9999 -9999 -9999 -9999 -9999 -9999 -9999 -9999 -9999 -9999 -9999 -9999 -9999 -9999 -9999 -9999 -9999 -9999 -9999 -9999 -9999 -9999 -9999 -9999 -9999
0.0557848201023665 0.0590189171031592 0.0606253085580479 0.0613287087488382 0.0620425105978362 0.0625260442666466 0.0624141358614222 0.0659477938651534 0.0719396370404282 0.0758322007238973 0.0783483420534627 0.076980029833421 -9999 0.0967982136080943 0.0976367342433744 0.0980137814507589 0.095843535559239 0.0952605115625208 0.0962306049297185 0.0960600872519364 0.094844972420172 0.0887751719971038 0.0864403102138611 0.0884985670530644 0.0914336997343202 0.0945637159068731 0.0971637658648156 0.0986884517187121 -9999 -9999 -9999 -9999 -9999 -9999 -9999 -9999 -9999 -9999 -9999 -9999 -9999 -9999 -9999 -9999 -9999 -9999 -9999 -9999 -9999 -9999 -9999 -9999 -9999 -9999 -9999 -9999 -9999
0.054873351948691 0.0577762033860157 0.0599146846466551 0.0616291214025491 0.0620111208352382 0.0624081577655671 0.0629827929765392 0.0644871079205616 0.0666183007424506 0.0714195162293528 0.075439238790349 0.0760790719684622 -9999 -9999 0.0976367342433744 0.0980676996129153 0.0961851663862034 0.0956666575864128 0.0964828645117488 0.0966152001271077 0.095992429963085 0.0916774034051354 0.0905206839622546 0.0930788362055283 0.0955121527705163 0.0977378856536929 0.0983370802130828 -9999 -9999 -9999 -9999 -9999 -9999 -9999 -9999 -9999 -9999 -9999 -9999 -9999 -9999 -9999 -9999 -9999 -9999 -9999 -9999 -9999 -9999 -9999 -9999 -9999 -9999 -9999 -9999 -9999 -9999
0.0544245492959075 0.0564603422308759 0.0588326555650996 0.0613916580590936 0.0624227370094002 0.0631848552959347 0.0634118890811001 0.0638915149931162 0.0645414623726408 0.0690069873461361 0.0730687881713237 0.0746436635309579 -9999 -9999 -9999 -9999 0.0955069086422635 0.0958788150370637 0.0966146366987888 0.0969051730075296 0.0965918243993565 0.0931934345380437 0.0927646717361122 0.0958288509057514 0.0978640976153062 0.0994385898851111 -9999 -9999 -9999 -9999 -9999 -9999 -9999 -9999 -9999 -9999 -9999 -9999 -9999 -9999 -9999 -9999 -9999 -9999 -9999 -9999 -9999 -9999 -9999 -9999 -9999 -9999 -9999 -9999 -9999 -9999 -9999
0.05448174517455 0.0550644826835233 0.0573444356819735 0.0605659415086651 0.0633188508454396 0.0649399231722148 0.0636883529573025 0.0642420392829244 0.0660130000622146 0.068781947696511 0.0715824877025542 0.0741833518899072 0.0753502340526422 -9999 -9999 -9999 -9999 0.0958788150370637 0.0966146366987888 0.0969051730075296 0.0965918243993565 0.0931934345380437 0.0930002784993796 0.0965771903931382 0.0983278303334898 -9999 -9999 -9999 -9999 -9999 -9999 -9999 -9999 -9999 -9999 -9999 -9999 -9999 -9999 -9999 -9999 -9999 -9999 -9999 -9999 -9999 -9999 -9999 -9999 -9999 -9999 -9999 -9999 -9999 -9999 -9999 -9999
0.0542175986515691 0.0554297983220584 0.0575195805845477 0.0600962134424013 0.0625665629071118 0.0641872054343677 0.063625690001052 0.0643654493396891 0.0659826510260119 0.0681973710255205 0.0705726192984825 0.0732936493701083 0.0751213014318954 0.0762219800404845 -9999 -9999 -9999 -9999 -9999 -9999 -9999 -9999 -9999 0.0975491368493359 0.0975491368493359 -9999 -9999 -9999 -9999 -9999 -9999 -9999 -9999 -9999 -9999 -9999 -9999 -9999 -9999 -9999 -9999 -9999 -9999 -9999 -9999 -9999 -9999 -9999 -9999 -9999 -9999 -9999 -9999 -9999 -9999 -9999 -9999
0.0540838506936152 0.056076443960896 0.0579785821774624 0.059830539253592 0.0615754443489971 0.0630200760510711 0.0637008048780229 0.0645725651869616 0.0655731369626631 0.0675365018128313 0.0697134539576962 0.0722994571100435 0.0744280223392717 0.0761843540649532 0.0765725546172023 -9999 -9999 -9999 -9999 -9999 -9999 -9999 -9999 -9999 -9999 -9999 -9999 -9999 -9999 -9999 -9999 -9999 -9999 -9999 -9999 -9999 -9999 -9999 -9999 -9999 -9999 -9999 -9999 -9999 -9999 -9999 -9999 -9999 -9999 -9999 -9999 -9999 -9999 -9999 -9999 -9999 -9999
